iteration,job object,job ID,job Length,job ressource requirement,job enter time,job start time,job finish time,job waiting time,current time
1,<environment.Job instance at 0x7f050dadeb90>,11,1,[8 5],12,14,15,2,14
1,<environment.Job instance at 0x7f050dadec80>,10,18,[ 3 11],11,15,33,4,15
1,<environment.Job instance at 0x7f050dadef00>,14,13,[7 3],15,27,40,12,16
1,<environment.Job instance at 0x7f050dae21e0>,16,16,[3 5],17,33,49,16,20
1,<environment.Job instance at 0x7f050dae2320>,18,3,[ 4 13],19,49,52,30,23
1,<environment.Job instance at 0x7f050dae24b0>,20,1,[13  5],21,52,53,31,24
1,<environment.Job instance at 0x7f050dae2410>,21,1,[6 5],22,40,41,18,24
1,<environment.Job instance at 0x7f050dae2690>,22,1,[2 7],23,33,34,10,24
1,<environment.Job instance at 0x7f050dae4cd0>,2,22,[4 8],3,3,25,0,3
1,<environment.Job instance at 0x7f050dae4f00>,4,14,[1 6],5,5,19,0,5
1,<environment.Job instance at 0x7f050dae4e60>,6,20,[6 1],7,7,27,0,7
1,<environment.Job instance at 0x7f050dae84b0>,11,1,[8 5],12,25,26,13,25
1,<environment.Job instance at 0x7f050dae86e0>,21,1,[6 5],22,26,27,4,26
1,<environment.Job instance at 0x7f050dae8a00>,22,1,[2 7],23,26,27,3,26
1,<environment.Job instance at 0x7f050dae8460>,12,13,[10  2],13,27,40,14,27
1,<environment.Job instance at 0x7f050dae8500>,16,16,[3 5],17,27,43,10,27
1,<environment.Job instance at 0x7f050dae85a0>,15,18,[2 8],16,27,45,11,27
1,<environment.Job instance at 0x7f050dae85f0>,14,13,[7 3],15,43,56,28,43
1,<environment.Job instance at 0x7f050daeb460>,35,2,[1 8],36,45,47,9,45
1,<environment.Job instance at 0x7f050daeb3c0>,34,16,[2 8],35,47,63,12,47
1,<environment.Job instance at 0x7f050d5d23c0>,2,20,[5 3],3,3,23,0,3
1,<environment.Job instance at 0x7f050daee550>,5,13,[13  1],6,23,36,17,9
1,<environment.Job instance at 0x7f050d5d2c30>,11,23,[1 5],12,12,35,0,12
1,<environment.Job instance at 0x7f050d5d2d20>,12,3,[5 5],13,13,16,0,13
1,<environment.Job instance at 0x7f050d5d8190>,15,2,[10  4],16,36,38,20,17
1,<environment.Job instance at 0x7f050d6acc30>,19,2,[ 3 10],20,36,38,16,20
1,<environment.Job instance at 0x7f050d6caaf0>,23,2,[5 9],24,38,40,14,24
1,<environment.Job instance at 0x7f050d704690>,24,13,[6 3],25,38,51,13,25
1,<environment.Job instance at 0x7f050d616140>,30,13,[9 4],31,40,53,9,34
1,<environment.Job instance at 0x7f050d616050>,29,12,[10  2],30,53,65,23,37
1,<environment.Job instance at 0x7f050d5a18c0>,33,16,[ 4 10],34,51,67,17,38
1,<environment.Job instance at 0x7f050d5a1410>,37,3,[5 5],38,65,68,27,40
1,<environment.Job instance at 0x7f050d5a1500>,36,3,[5 7],37,67,70,30,41
1,<environment.Job instance at 0x7f050d602640>,42,3,[4 7],43,68,71,25,43
1,<environment.Job instance at 0x7f050d602960>,45,1,[7 4],46,70,71,24,46
1,<environment.Job instance at 0x7f050daebe60>,2,20,[5 3],3,3,23,0,3
1,<environment.Job instance at 0x7f050daeb9b0>,4,17,[5 7],5,5,22,0,5
1,<environment.Job instance at 0x7f050daeb690>,12,3,[5 5],13,22,25,9,22
1,<environment.Job instance at 0x7f050daeb870>,9,14,[2 7],10,22,36,12,22
1,<environment.Job instance at 0x7f050daeb5a0>,13,14,[8 1],14,23,37,9,23
1,<environment.Job instance at 0x7f050daeb4b0>,10,17,[1 6],11,25,42,14,25
1,<environment.Job instance at 0x7f050daeb460>,8,18,[2 8],9,36,54,27,36
1,<environment.Job instance at 0x7f050daeb370>,15,2,[10  4],16,42,44,26,42
1,<environment.Job instance at 0x7f050daeb8c0>,7,17,[8 5],8,44,61,36,44
1,<environment.Job instance at 0x7f0517161cd0>,1,12,[8 1],2,12,24,10,12
1,<environment.Job instance at 0x7f050d239e60>,8,12,[ 3 10],9,13,25,4,13
1,<environment.Job instance at 0x7f050d23f4b0>,13,2,[6 2],14,24,26,10,14
1,<environment.Job instance at 0x7f050d2393c0>,9,21,[ 1 10],10,32,53,22,32
1,<environment.Job instance at 0x7f050d244410>,0,19,[8 2],1,1,20,0,1
1,<environment.Job instance at 0x7f050d244cd0>,8,12,[ 3 10],9,9,21,0,9
1,<environment.Job instance at 0x7f050d244730>,13,2,[6 2],14,20,22,6,20
1,<environment.Job instance at 0x7f050d244d20>,1,12,[8 1],2,21,33,19,21
1,<environment.Job instance at 0x7f050d244780>,16,16,[7 5],17,22,38,5,22
1,<environment.Job instance at 0x7f050d446f00>,29,2,[1 8],30,33,35,3,33
1,<environment.Job instance at 0x7f050d4462d0>,30,15,[8 3],31,35,50,4,35
1,<environment.Job instance at 0x7f050d446910>,32,13,[ 5 10],33,38,51,5,38
1,<environment.Job instance at 0x7f050d444f50>,0,3,[1 7],1,1,4,0,1
1,<environment.Job instance at 0x7f050d39ed20>,1,3,[4 7],2,2,5,0,2
1,<environment.Job instance at 0x7f050e6709b0>,3,3,[5 2],4,4,7,0,4
1,<environment.Job instance at 0x7f050e670b40>,5,23,[1 7],6,6,29,0,6
1,<environment.Job instance at 0x7f050e670a50>,6,17,[7 1],7,7,24,0,7
1,<environment.Job instance at 0x7f050e670cd0>,7,1,[ 2 14],8,29,30,21,8
1,<environment.Job instance at 0x7f050e670dc0>,8,17,[5 5],9,9,26,0,9
1,<environment.Job instance at 0x7f050e670f00>,13,13,[7 5],14,30,43,16,14
1,<environment.Job instance at 0x7f050e65a2d0>,15,3,[10  1],16,26,29,10,16
1,<environment.Job instance at 0x7f050e65a370>,16,3,[ 2 12],17,43,46,26,17
1,<environment.Job instance at 0x7f050e65a230>,18,1,[13  2],19,43,44,24,19
1,<environment.Job instance at 0x7f050e65a5f0>,20,2,[9 5],21,46,48,25,21
1,<environment.Job instance at 0x7f050e65aa50>,24,19,[6 1],25,44,63,19,34
1,<environment.Job instance at 0x7f050e65ae60>,29,14,[2 6],30,48,62,18,34
1,<environment.Job instance at 0x7f050e65af50>,33,2,[13  3],34,63,65,29,36
1,<environment.Job instance at 0x7f050e6770f0>,36,1,[5 9],37,37,38,0,37
1,<environment.Job instance at 0x7f050e677280>,35,2,[5 2],36,40,42,4,40
1,<environment.Job instance at 0x7f050e677460>,39,12,[9 3],40,65,77,25,48
1,<environment.Job instance at 0x7f050e677aa0>,45,3,[5 5],46,48,51,2,48
1,<environment.Job instance at 0x7f050e677b40>,46,3,[ 5 10],47,65,68,18,48
1,<environment.Job instance at 0x7f050d444230>,0,3,[1 7],1,1,4,0,1
1,<environment.Job instance at 0x7f050d444fa0>,1,3,[4 7],2,2,5,0,2
1,<environment.Job instance at 0x7f050d4447d0>,3,3,[5 2],4,4,7,0,4
1,<environment.Job instance at 0x7f050d4443c0>,6,17,[7 1],7,7,24,0,7
1,<environment.Job instance at 0x7f050d446d70>,8,17,[5 5],9,9,26,0,9
1,<environment.Job instance at 0x7f050d4461e0>,9,17,[3 7],10,10,27,0,10
1,<environment.Job instance at 0x7f050d446050>,20,2,[9 5],21,26,28,5,26
1,<environment.Job instance at 0x7f050d446eb0>,22,16,[6 4],23,27,43,4,27
1,<environment.Job instance at 0x7f050d446e10>,13,13,[7 5],14,28,41,14,28
1,<environment.Job instance at 0x7f050d244c80>,29,14,[2 6],30,41,55,11,41
1,<environment.Job instance at 0x7f050d541dc0>,23,18,[6 5],24,41,59,17,41
1,<environment.Job instance at 0x7f050e66e690>,0,2,[7 5],1,1,3,0,1
1,<environment.Job instance at 0x7f050e66e050>,1,14,[2 7],2,2,16,0,2
1,<environment.Job instance at 0x7f050dbcd9b0>,3,3,[7 5],4,4,7,0,4
1,<environment.Job instance at 0x7f050dbd2af0>,6,22,[6 1],7,7,29,0,7
1,<environment.Job instance at 0x7f050dbd2f00>,8,2,[5 2],9,10,12,1,10
1,<environment.Job instance at 0x7f050dbd2960>,11,1,[ 2 14],12,16,17,4,12
1,<environment.Job instance at 0x7f050dbd2190>,12,2,[12  2],13,29,31,16,13
1,<environment.Job instance at 0x7f050dbd29b0>,13,2,[5 9],14,17,19,3,14
1,<environment.Job instance at 0x7f050dbd22d0>,14,13,[9 4],15,31,44,16,15
1,<environment.Job instance at 0x7f050dbda320>,22,14,[6 1],23,31,45,8,23
1,<environment.Job instance at 0x7f050dbdacd0>,28,13,[6 3],29,44,57,15,29
1,<environment.Job instance at 0x7f050dbecb40>,29,13,[7 4],30,45,58,15,30
1,<environment.Job instance at 0x7f050dbda960>,24,16,[3 8],25,57,73,32,44
1,<environment.Job instance at 0x7f050dbec500>,34,1,[12  1],35,58,59,23,44
1,<environment.Job instance at 0x7f050e65a280>,0,2,[7 5],1,1,3,0,1
1,<environment.Job instance at 0x7f050e65a1e0>,1,14,[2 7],2,2,16,0,2
1,<environment.Job instance at 0x7f050d244190>,3,3,[7 5],4,4,7,0,4
1,<environment.Job instance at 0x7f050d244500>,6,22,[6 1],7,7,29,0,7
1,<environment.Job instance at 0x7f050d244f00>,7,15,[3 7],8,8,23,0,8
1,<environment.Job instance at 0x7f050d244c30>,8,2,[5 2],9,16,18,7,16
1,<environment.Job instance at 0x7f050d244c80>,9,22,[2 7],10,18,40,8,18
1,<environment.Job instance at 0x7f050d244cd0>,14,13,[9 4],15,29,42,14,29
1,<environment.Job instance at 0x7f0517161dc0>,13,2,[5 9],14,40,42,26,40
1,<environment.Job instance at 0x7f050d444aa0>,19,14,[ 1 10],20,42,56,22,42
1,<environment.Job instance at 0x7f050d4442d0>,25,14,[10  1],26,42,56,16,42
1,<environment.Job instance at 0x7f050d60b5a0>,0,3,[11  3],1,1,4,0,1
1,<environment.Job instance at 0x7f050cdd9190>,4,14,[5 5],5,5,19,0,5
1,<environment.Job instance at 0x7f050cdb3280>,6,3,[9 1],7,7,10,0,7
1,<environment.Job instance at 0x7f050cdb3dc0>,7,17,[5 2],8,10,27,2,8
1,<environment.Job instance at 0x7f050cdb3fa0>,9,1,[5 4],10,10,11,0,10
1,<environment.Job instance at 0x7f050d466460>,11,1,[ 2 10],12,19,20,7,12
1,<environment.Job instance at 0x7f050cd8c140>,13,2,[4 7],14,14,16,0,14
1,<environment.Job instance at 0x7f050d9a2c80>,17,13,[5 4],18,20,33,2,18
1,<environment.Job instance at 0x7f050d4baf00>,20,13,[4 5],21,21,34,0,21
1,<environment.Job instance at 0x7f050cdd96e0>,3,12,[9 1],4,33,45,29,25
1,<environment.Job instance at 0x7f050df56960>,25,2,[7 2],26,45,47,19,26
1,<environment.Job instance at 0x7f050d4baeb0>,24,25,[1 5],25,27,52,2,27
1,<environment.Job instance at 0x7f050df56d20>,23,17,[ 2 10],24,47,64,23,35
1,<environment.Job instance at 0x7f050e4b6b90>,32,15,[6 1],33,52,67,19,38
1,<environment.Job instance at 0x7f050cd97410>,33,1,[6 4],34,45,46,11,38
1,<environment.Job instance at 0x7f050e4b6f00>,31,13,[ 5 13],32,64,77,32,48
1,<environment.Job instance at 0x7f050dc86f50>,3,12,[9 1],4,4,16,0,4
1,<environment.Job instance at 0x7f050dc86be0>,4,14,[5 5],5,5,19,0,5
1,<environment.Job instance at 0x7f050dc8ac80>,9,1,[5 4],10,16,17,6,16
1,<environment.Job instance at 0x7f050dc86f00>,7,17,[5 2],8,16,33,8,16
1,<environment.Job instance at 0x7f0517161dc0>,13,2,[4 7],14,17,19,3,17
1,<environment.Job instance at 0x7f050dc8ac30>,11,1,[ 2 10],12,19,20,7,19
1,<environment.Job instance at 0x7f050d244c80>,18,21,[8 3],19,19,40,0,19
1,<environment.Job instance at 0x7f050d244a50>,17,13,[5 4],18,33,46,15,33
1,<environment.Job instance at 0x7f050cf466e0>,25,2,[7 2],26,40,42,14,40
1,<environment.Job instance at 0x7f050dc8a8c0>,6,3,[9 1],7,42,45,35,42
1,<environment.Job instance at 0x7f050e67b370>,26,13,[4 9],27,45,58,18,45
1,<environment.Job instance at 0x7f050d244b90>,20,13,[4 5],21,46,59,25,46
1,<environment.Job instance at 0x7f050cd8c500>,32,15,[6 1],33,46,61,13,46
1,<environment.Job instance at 0x7f050dc2a460>,2,2,[11  1],3,3,5,0,3
1,<environment.Job instance at 0x7f050d72be10>,5,2,[5 5],6,6,8,0,6
1,<environment.Job instance at 0x7f050e5d48c0>,11,1,[5 9],12,12,13,0,12
1,<environment.Job instance at 0x7f050e5d4780>,13,15,[5 1],14,14,29,0,14
1,<environment.Job instance at 0x7f050d94e640>,16,2,[ 5 13],17,17,19,0,17
1,<environment.Job instance at 0x7f050e5d41e0>,20,2,[ 3 10],21,22,24,1,22
1,<environment.Job instance at 0x7f050cf42be0>,3,17,[9 4],4,4,21,0,4
1,<environment.Job instance at 0x7f050cf11960>,5,2,[5 5],6,6,8,0,6
1,<environment.Job instance at 0x7f050cefd370>,8,22,[3 9],9,9,31,0,9
1,<environment.Job instance at 0x7f050cf466e0>,13,15,[5 1],14,21,36,7,21
1,<environment.Job instance at 0x7f050db801e0>,11,1,[5 9],12,31,32,19,31
1,<environment.Job instance at 0x7f050d244eb0>,22,15,[5 5],23,31,46,8,31
1,<environment.Job instance at 0x7f050d244550>,24,13,[4 8],25,32,45,7,32
1,<environment.Job instance at 0x7f0517161dc0>,25,2,[6 1],26,36,38,10,36
1,<environment.Job instance at 0x7f050d244230>,20,2,[ 3 10],21,45,47,24,45
1,<environment.Job instance at 0x7f050d2441e0>,21,17,[5 5],22,46,63,24,46
1,<environment.Job instance at 0x7f050dbda4b0>,28,3,[5 9],29,47,50,18,47
1,<environment.Job instance at 0x7f050ddd9cd0>,0,14,[ 3 10],1,1,15,0,1
1,<environment.Job instance at 0x7f050e679370>,1,2,[13  1],2,15,17,13,2
1,<environment.Job instance at 0x7f050db36d20>,3,1,[10  2],4,4,5,0,4
1,<environment.Job instance at 0x7f0516cd6640>,5,2,[9 5],6,6,8,0,6
1,<environment.Job instance at 0x7f050d2a4f00>,19,13,[1 7],20,20,33,0,20
1,<environment.Job instance at 0x7f050e3c90f0>,22,2,[5 7],23,23,25,0,23
1,<environment.Job instance at 0x7f050e1c8730>,27,2,[6 3],28,28,30,0,28
1,<environment.Job instance at 0x7f050e1c8af0>,26,13,[5 5],27,28,41,1,28
1,<environment.Job instance at 0x7f050e1c8eb0>,28,3,[13  2],29,41,44,12,29
1,<environment.Job instance at 0x7f050df8b2d0>,30,3,[1 6],31,33,36,2,32
1,<environment.Job instance at 0x7f050df8bf00>,29,14,[7 5],30,44,58,14,32
1,<environment.Job instance at 0x7f050e342f50>,32,2,[5 5],33,36,38,3,33
1,<environment.Job instance at 0x7f050e342f00>,33,1,[7 4],34,34,35,0,34
1,<environment.Job instance at 0x7f050e4cdaf0>,9,12,[ 5 10],10,44,56,34,36
1,<environment.Job instance at 0x7f050de2db90>,35,3,[12  3],36,58,61,22,36
1,<environment.Job instance at 0x7f050d34c230>,36,12,[ 5 14],37,61,73,24,46
1,<environment.Job instance at 0x7f050d687b40>,0,14,[ 3 10],1,1,15,0,1
1,<environment.Job instance at 0x7f050dbd2a50>,3,1,[10  2],4,4,5,0,4
1,<environment.Job instance at 0x7f050cd8b320>,4,22,[7 5],5,5,27,0,5
1,<environment.Job instance at 0x7f050d2446e0>,9,12,[ 5 10],10,15,27,5,15
1,<environment.Job instance at 0x7f050d244960>,5,2,[9 5],6,27,29,21,27
1,<environment.Job instance at 0x7f050d244820>,11,12,[3 8],12,27,39,15,27
1,<environment.Job instance at 0x7f050d244190>,16,15,[5 3],17,29,44,12,29
1,<environment.Job instance at 0x7f050cdb35a0>,19,13,[1 7],20,39,52,19,39
1,<environment.Job instance at 0x7f050d244910>,10,17,[7 5],11,39,56,28,39
1,<environment.Job instance at 0x7f050ce6aeb0>,1,2,[ 2 14],2,2,4,0,2
1,<environment.Job instance at 0x7f050ce6a460>,3,3,[ 2 11],4,4,7,0,4
1,<environment.Job instance at 0x7f050ce6acd0>,5,2,[12  2],6,7,9,1,7
1,<environment.Job instance at 0x7f050ce6a550>,8,2,[13  3],9,9,11,0,9
1,<environment.Job instance at 0x7f050ce6a910>,10,14,[ 5 10],11,11,25,0,11
1,<environment.Job instance at 0x7f050ce6a6e0>,12,3,[7 4],13,13,16,0,13
1,<environment.Job instance at 0x7f050ce6a1e0>,13,17,[5 1],14,16,33,2,14
1,<environment.Job instance at 0x7f050cf25820>,16,3,[3 5],17,25,28,8,17
1,<environment.Job instance at 0x7f050cf256e0>,17,13,[9 4],18,28,41,10,18
1,<environment.Job instance at 0x7f050cf25f00>,18,2,[7 2],19,25,27,6,19
1,<environment.Job instance at 0x7f050cf25a00>,21,2,[4 8],22,33,35,11,22
1,<environment.Job instance at 0x7f050cf251e0>,23,3,[7 4],24,41,44,17,24
1,<environment.Job instance at 0x7f050cf25410>,24,1,[3 8],25,27,28,2,26
1,<environment.Job instance at 0x7f050cf25550>,19,20,[5 1],20,35,55,15,26
1,<environment.Job instance at 0x7f050ce6a230>,6,14,[ 2 10],7,41,55,34,30
1,<environment.Job instance at 0x7f050cf25e10>,25,3,[10  2],26,55,58,29,31
1,<environment.Job instance at 0x7f050cec77d0>,27,3,[ 5 11],28,55,58,27,36
1,<environment.Job instance at 0x7f050cec7be0>,28,2,[ 2 12],29,58,60,29,36
1,<environment.Job instance at 0x7f050cec72d0>,30,16,[3 8],31,60,76,29,47
1,<environment.Job instance at 0x7f050cec7d20>,32,3,[8 4],33,47,50,14,47
1,<environment.Job instance at 0x7f050d244820>,0,21,[7 4],1,1,22,0,1
1,<environment.Job instance at 0x7f050d244a50>,4,22,[1 7],5,5,27,0,5
1,<environment.Job instance at 0x7f050ce6a9b0>,12,3,[7 4],13,13,16,0,13
1,<environment.Job instance at 0x7f050cec7d70>,13,17,[5 1],14,16,33,2,16
1,<environment.Job instance at 0x7f050cf25910>,14,17,[8 4],15,22,39,7,22
1,<environment.Job instance at 0x7f050ce6ab40>,6,14,[ 2 10],7,27,41,20,27
1,<environment.Job instance at 0x7f050ddd8640>,18,2,[7 2],19,39,41,20,39
1,<environment.Job instance at 0x7f050ce7a050>,21,2,[4 8],22,41,43,19,41
1,<environment.Job instance at 0x7f050cf2c6e0>,16,3,[3 5],17,41,44,24,41
1,<environment.Job instance at 0x7f050ce7a410>,23,3,[7 4],24,43,46,19,43
1,<environment.Job instance at 0x7f050ce7a500>,22,16,[5 5],23,43,59,20,43
1,<environment.Job instance at 0x7f050d516820>,24,1,[3 8],25,46,47,21,46
1,<environment.Job instance at 0x7f050d516f50>,25,3,[10  2],26,47,50,21,47
1,<environment.Job instance at 0x7f050d50c190>,3,1,[11  5],4,4,5,0,4
1,<environment.Job instance at 0x7f050d50c640>,7,14,[ 5 11],8,8,22,0,8
1,<environment.Job instance at 0x7f050d50c370>,8,12,[8 5],9,22,34,13,9
1,<environment.Job instance at 0x7f050d50cc80>,12,2,[1 8],13,22,24,9,13
1,<environment.Job instance at 0x7f050d50c500>,16,3,[ 5 14],17,34,37,17,17
1,<environment.Job instance at 0x7f050e5b4af0>,20,12,[ 3 12],21,37,49,16,21
1,<environment.Job instance at 0x7f050e5b45f0>,21,1,[ 3 11],22,49,50,27,22
1,<environment.Job instance at 0x7f050e5b4e60>,23,2,[6 3],24,24,26,0,24
1,<environment.Job instance at 0x7f050e5b4eb0>,24,2,[3 8],25,26,28,1,25
1,<environment.Job instance at 0x7f050e5b4460>,30,2,[13  5],31,50,52,19,31
1,<environment.Job instance at 0x7f050e5b4140>,31,2,[1 8],32,32,34,0,32
1,<environment.Job instance at 0x7f050e5b4870>,27,13,[1 9],28,50,63,22,35
1,<environment.Job instance at 0x7f050cd7fa50>,0,16,[10  4],1,1,17,0,1
1,<environment.Job instance at 0x7f050e621be0>,12,2,[1 8],13,13,15,0,13
1,<environment.Job instance at 0x7f050e6215f0>,8,12,[8 5],9,17,29,8,17
1,<environment.Job instance at 0x7f050e6215a0>,13,16,[6 3],14,17,33,3,17
1,<environment.Job instance at 0x7f050e6214b0>,23,2,[6 3],24,29,31,5,29
1,<environment.Job instance at 0x7f050e621370>,24,2,[3 8],25,29,31,4,29
1,<environment.Job instance at 0x7f050e621c30>,27,13,[1 9],28,31,44,3,31
1,<environment.Job instance at 0x7f050e621910>,4,19,[8 2],5,31,50,26,31
1,<environment.Job instance at 0x7f050cdd4410>,31,2,[1 8],32,44,46,12,44
1,<environment.Job instance at 0x7f050cdd46e0>,29,13,[5 5],30,44,57,14,44
1,<environment.Job instance at 0x7f050e16c9b0>,0,1,[1 9],1,1,2,0,1
1,<environment.Job instance at 0x7f050e16c960>,1,3,[ 5 12],2,2,5,0,2
1,<environment.Job instance at 0x7f050e6bceb0>,2,3,[8 5],3,5,8,2,3
1,<environment.Job instance at 0x7f050e6bc780>,5,3,[9 2],6,8,11,2,6
1,<environment.Job instance at 0x7f050e6bcb90>,6,14,[5 9],7,7,21,0,7
1,<environment.Job instance at 0x7f050d3bfc80>,8,12,[2 5],9,11,23,2,9
1,<environment.Job instance at 0x7f050e6bcfa0>,10,1,[2 9],11,21,22,10,11
1,<environment.Job instance at 0x7f050d3bf4b0>,14,3,[13  1],15,22,25,7,17
1,<environment.Job instance at 0x7f050d3bfa50>,15,3,[2 6],16,23,26,7,18
1,<environment.Job instance at 0x7f050d4fc230>,18,3,[ 1 13],19,26,29,7,19
1,<environment.Job instance at 0x7f050d4fc3c0>,20,20,[ 1 10],21,29,49,8,21
1,<environment.Job instance at 0x7f050d4fc280>,21,22,[5 3],22,29,51,7,22
1,<environment.Job instance at 0x7f050d4fc5a0>,23,13,[10  4],24,49,62,25,35
1,<environment.Job instance at 0x7f050d4fc5f0>,24,16,[5 5],25,51,67,26,46
1,<environment.Job instance at 0x7f050e16caf0>,0,1,[1 9],1,1,2,0,1
1,<environment.Job instance at 0x7f050d84a550>,2,3,[8 5],3,3,6,0,3
1,<environment.Job instance at 0x7f050cdd4dc0>,5,3,[9 2],6,6,9,0,6
1,<environment.Job instance at 0x7f050cdd4f00>,6,14,[5 9],7,7,21,0,7
1,<environment.Job instance at 0x7f050cdd4b40>,8,12,[2 5],9,9,21,0,9
1,<environment.Job instance at 0x7f050e16cf50>,10,1,[2 9],11,21,22,10,21
1,<environment.Job instance at 0x7f050cdd4b90>,15,3,[2 6],16,21,24,5,21
1,<environment.Job instance at 0x7f050cdd47d0>,9,16,[6 5],10,22,38,12,22
1,<environment.Job instance at 0x7f050e621b90>,22,18,[3 9],23,24,42,1,24
1,<environment.Job instance at 0x7f050e621640>,23,13,[10  4],24,38,51,14,38
1,<environment.Job instance at 0x7f050e621f00>,24,16,[5 5],25,42,58,17,42
1,<environment.Job instance at 0x7f050d506050>,0,1,[ 5 14],1,1,2,0,1
1,<environment.Job instance at 0x7f050ddc56e0>,1,1,[10  5],2,2,3,0,2
1,<environment.Job instance at 0x7f050ddc5be0>,3,2,[ 4 11],4,4,6,0,4
1,<environment.Job instance at 0x7f050d069f50>,8,12,[3 8],9,9,21,0,9
1,<environment.Job instance at 0x7f050ded25f0>,10,17,[1 9],11,21,38,10,12
1,<environment.Job instance at 0x7f050d9fa8c0>,14,14,[1 5],15,15,29,0,15
1,<environment.Job instance at 0x7f050ded20a0>,13,27,[12  4],14,29,56,15,27
1,<environment.Job instance at 0x7f050d516370>,1,1,[10  5],2,2,3,0,2
1,<environment.Job instance at 0x7f050e621be0>,8,12,[3 8],9,9,21,0,9
1,<environment.Job instance at 0x7f050e621050>,14,14,[1 5],15,15,29,0,15
1,<environment.Job instance at 0x7f050e621690>,15,12,[1 6],16,21,33,5,21
1,<environment.Job instance at 0x7f050cdd4e60>,24,15,[7 4],25,25,40,0,25
1,<environment.Job instance at 0x7f050cdd47d0>,26,14,[6 2],27,33,47,6,33
1,<environment.Job instance at 0x7f050e621410>,19,15,[1 6],20,33,48,13,33
1,<environment.Job instance at 0x7f050cdd4960>,29,12,[8 1],30,40,52,10,40
1,<environment.Job instance at 0x7f050e621b90>,16,18,[1 7],17,47,65,30,47
1,<environment.Job instance at 0x7f050cdd4780>,31,18,[5 1],32,47,65,15,47
1,<environment.Job instance at 0x7f050d17d4b0>,9,1,[3 7],10,10,11,0,10
1,<environment.Job instance at 0x7f050d17db40>,12,2,[ 1 14],13,13,15,0,13
1,<environment.Job instance at 0x7f050e3e9910>,13,12,[13  2],14,15,27,1,14
1,<environment.Job instance at 0x7f050e3e90a0>,14,15,[9 1],15,27,42,12,16
1,<environment.Job instance at 0x7f050d17d2d0>,19,14,[3 7],20,27,41,7,21
1,<environment.Job instance at 0x7f050e3e98c0>,21,3,[5 5],22,41,44,19,22
1,<environment.Job instance at 0x7f050cf67190>,22,13,[1 5],23,25,38,2,25
1,<environment.Job instance at 0x7f050db0b730>,26,20,[7 1],27,42,62,15,33
1,<environment.Job instance at 0x7f050db56d70>,27,20,[6 2],28,44,64,16,35
1,<environment.Job instance at 0x7f050db56370>,20,15,[9 4],21,62,77,41,48
1,<environment.Job instance at 0x7f050e3e9fa0>,0,18,[7 1],1,1,19,0,1
1,<environment.Job instance at 0x7f050e3e91e0>,1,16,[1 8],2,2,18,0,2
1,<environment.Job instance at 0x7f050d4ae320>,2,13,[3 6],3,3,16,0,3
1,<environment.Job instance at 0x7f050e60af50>,9,1,[3 7],10,18,19,8,18
1,<environment.Job instance at 0x7f050e60a640>,14,15,[9 1],15,19,34,4,19
1,<environment.Job instance at 0x7f050da7c500>,18,17,[5 5],19,19,36,0,19
1,<environment.Job instance at 0x7f050da7cd20>,21,3,[5 5],22,34,37,12,34
1,<environment.Job instance at 0x7f050d2e1be0>,22,13,[1 5],23,34,47,11,34
1,<environment.Job instance at 0x7f050da7c410>,20,15,[9 4],21,36,51,15,36
1,<environment.Job instance at 0x7f050da7caf0>,19,14,[3 7],20,47,61,27,47
1,<environment.Job instance at 0x7f050db728c0>,2,2,[5 8],3,3,5,0,3
1,<environment.Job instance at 0x7f050ce29640>,3,12,[4 6],4,4,16,0,4
1,<environment.Job instance at 0x7f050d24d500>,10,2,[1 6],11,11,13,0,11
1,<environment.Job instance at 0x7f050d565230>,12,15,[4 9],13,13,28,0,13
1,<environment.Job instance at 0x7f050d565460>,15,2,[ 4 12],16,28,30,12,16
1,<environment.Job instance at 0x7f050d565550>,16,1,[10  1],17,17,18,0,17
1,<environment.Job instance at 0x7f050ce29b40>,14,17,[12  3],15,30,47,15,18
1,<environment.Job instance at 0x7f050d24a730>,8,26,[ 1 12],9,30,56,21,30
1,<environment.Job instance at 0x7f050d565730>,18,12,[6 2],19,47,59,28,33
1,<environment.Job instance at 0x7f050d57ee60>,21,16,[1 9],22,56,72,34,44
1,<environment.Job instance at 0x7f050d57ea50>,23,2,[5 5],24,59,61,35,44
1,<environment.Job instance at 0x7f050cea29b0>,30,3,[3 5],31,61,64,30,45
1,<environment.Job instance at 0x7f050d10acd0>,31,14,[3 6],32,64,78,32,49
1,<environment.Job instance at 0x7f050d366cd0>,33,1,[6 1],34,49,50,15,49
1,<environment.Job instance at 0x7f050e60ad20>,0,16,[9 2],1,1,17,0,1
1,<environment.Job instance at 0x7f050e60a1e0>,2,2,[5 8],3,3,5,0,3
1,<environment.Job instance at 0x7f050e60adc0>,3,12,[4 6],4,5,17,1,5
1,<environment.Job instance at 0x7f050df22050>,10,2,[1 6],11,11,13,0,11
1,<environment.Job instance at 0x7f050d493690>,16,1,[10  1],17,17,18,0,17
1,<environment.Job instance at 0x7f050d848fa0>,12,15,[4 9],13,17,32,4,17
1,<environment.Job instance at 0x7f050e60a870>,4,21,[6 4],5,18,39,13,18
1,<environment.Job instance at 0x7f05172b0960>,23,2,[5 5],24,32,34,8,32
1,<environment.Job instance at 0x7f05172b0d20>,22,16,[3 5],23,32,48,9,32
1,<environment.Job instance at 0x7f050ce80b90>,18,12,[6 2],19,34,46,15,34
1,<environment.Job instance at 0x7f050dbc0780>,20,16,[3 7],21,39,55,18,39
1,<environment.Job instance at 0x7f050dd8f3c0>,28,13,[3 8],29,48,61,19,48
1,<environment.Job instance at 0x7f050ce4b960>,1,1,[ 5 13],2,2,3,0,2
1,<environment.Job instance at 0x7f050ce4b190>,4,1,[10  5],5,5,6,0,5
1,<environment.Job instance at 0x7f050ce4b2d0>,6,12,[6 5],7,7,19,0,7
1,<environment.Job instance at 0x7f050ce4b910>,9,16,[ 1 11],10,19,35,9,13
1,<environment.Job instance at 0x7f050ce4bdc0>,14,13,[7 5],15,35,48,20,19
1,<environment.Job instance at 0x7f050ce4b320>,13,15,[ 1 10],14,35,50,21,21
1,<environment.Job instance at 0x7f050ce4b780>,16,1,[ 2 10],17,50,51,33,22
1,<environment.Job instance at 0x7f050d372b90>,10,15,[5 5],11,48,63,37,35
1,<environment.Job instance at 0x7f050cec1640>,19,14,[3 6],20,51,65,31,36
1,<environment.Job instance at 0x7f050d2f2730>,0,20,[5 6],1,1,21,0,1
1,<environment.Job instance at 0x7f050d52a730>,4,1,[10  5],5,5,6,0,5
1,<environment.Job instance at 0x7f050d83b690>,6,12,[6 5],7,7,19,0,7
1,<environment.Job instance at 0x7f050d556780>,14,13,[7 5],15,19,32,4,19
1,<environment.Job instance at 0x7f050d5d0cd0>,16,1,[ 2 10],17,21,22,4,21
1,<environment.Job instance at 0x7f050dbc0780>,19,14,[3 6],20,22,36,2,22
1,<environment.Job instance at 0x7f050df22050>,23,3,[9 1],24,32,35,8,32
1,<environment.Job instance at 0x7f050e20bf00>,10,15,[5 5],11,35,50,24,35
1,<environment.Job instance at 0x7f050d848e60>,29,1,[6 1],30,35,36,5,35
1,<environment.Job instance at 0x7f050e214140>,30,15,[5 2],31,36,51,5,36
1,<environment.Job instance at 0x7f050cef2af0>,2,3,[ 4 11],3,3,6,0,3
1,<environment.Job instance at 0x7f050cd9a500>,6,2,[10  5],7,9,11,2,9
1,<environment.Job instance at 0x7f050cef23c0>,5,2,[ 4 13],6,11,13,5,10
1,<environment.Job instance at 0x7f050cd9a5f0>,9,14,[1 7],10,13,27,3,10
1,<environment.Job instance at 0x7f050cdc3f50>,15,2,[ 1 12],16,27,29,11,16
1,<environment.Job instance at 0x7f050cdc35f0>,16,13,[1 5],17,29,42,12,17
1,<environment.Job instance at 0x7f050cdc3be0>,17,15,[ 5 10],18,29,44,11,20
1,<environment.Job instance at 0x7f050cdc3c30>,22,13,[5 8],23,44,57,21,28
1,<environment.Job instance at 0x7f050d5ba730>,25,3,[ 3 14],26,57,60,31,31
1,<environment.Job instance at 0x7f050cd70820>,33,3,[5 2],34,42,45,8,36
1,<environment.Job instance at 0x7f050e103cd0>,34,2,[ 2 14],35,60,62,25,45
1,<environment.Job instance at 0x7f050cd70af0>,36,1,[4 6],37,46,47,9,46
1,<environment.Job instance at 0x7f050e4e6230>,38,3,[14  5],39,62,65,23,47
1,<environment.Job instance at 0x7f050e4e64b0>,39,1,[ 3 12],40,65,66,25,47
1,<environment.Job instance at 0x7f050d863be0>,41,2,[5 6],42,48,50,6,48
1,<environment.Job instance at 0x7f050d4b4500>,1,15,[10  4],2,2,17,0,2
1,<environment.Job instance at 0x7f050d8701e0>,9,14,[1 7],10,10,24,0,10
1,<environment.Job instance at 0x7f050d5ba230>,6,2,[10  5],7,17,19,10,17
1,<environment.Job instance at 0x7f050e524b90>,16,13,[1 5],17,19,32,2,19
1,<environment.Job instance at 0x7f050e2eaeb0>,22,13,[5 8],23,24,37,1,24
1,<environment.Job instance at 0x7f050e2ea910>,20,14,[9 5],21,32,46,11,32
1,<environment.Job instance at 0x7f050e10dbe0>,17,15,[ 5 10],18,37,52,19,37
1,<environment.Job instance at 0x7f050e2ea280>,27,12,[6 3],28,46,58,18,46
1,<environment.Job instance at 0x7f050e3dd6e0>,1,3,[2 7],2,2,5,0,2
1,<environment.Job instance at 0x7f050d78bc30>,2,1,[10  4],3,3,4,0,3
1,<environment.Job instance at 0x7f050d78be10>,3,3,[3 8],4,4,7,0,4
1,<environment.Job instance at 0x7f050d793140>,8,16,[1 5],9,9,25,0,9
1,<environment.Job instance at 0x7f050d793370>,10,1,[ 5 12],11,25,26,14,11
1,<environment.Job instance at 0x7f050d793280>,11,13,[9 3],12,12,25,0,12
1,<environment.Job instance at 0x7f050d793410>,14,13,[6 5],15,26,39,11,15
1,<environment.Job instance at 0x7f050d793870>,16,3,[ 5 13],17,39,42,22,17
1,<environment.Job instance at 0x7f050d793a00>,19,3,[ 2 13],20,42,45,22,20
1,<environment.Job instance at 0x7f050d793a50>,20,2,[ 4 12],21,45,47,24,21
1,<environment.Job instance at 0x7f050e5a4c30>,5,17,[3 6],6,47,64,41,35
1,<environment.Job instance at 0x7f050d793d20>,23,17,[8 1],24,35,52,11,35
1,<environment.Job instance at 0x7f050d793b90>,21,16,[2 8],22,47,63,25,35
1,<environment.Job instance at 0x7f050d793fa0>,28,14,[5 4],29,63,77,34,48
1,<environment.Job instance at 0x7f050cdd9870>,1,3,[2 7],2,2,5,0,2
1,<environment.Job instance at 0x7f050cdd9280>,2,1,[10  4],3,3,4,0,3
1,<environment.Job instance at 0x7f050e1075f0>,3,3,[3 8],4,4,7,0,4
1,<environment.Job instance at 0x7f050e107d20>,4,17,[10  5],5,5,22,0,5
1,<environment.Job instance at 0x7f050e107410>,5,17,[3 6],6,7,24,1,7
1,<environment.Job instance at 0x7f050cd5c230>,11,13,[9 3],12,22,35,10,22
1,<environment.Job instance at 0x7f050e107f00>,8,16,[1 5],9,22,38,13,22
1,<environment.Job instance at 0x7f050cd5c8c0>,14,13,[6 5],15,35,48,20,35
1,<environment.Job instance at 0x7f050d550a50>,30,1,[8 5],31,35,36,4,35
1,<environment.Job instance at 0x7f0516c9c690>,28,14,[5 4],29,36,50,7,36
1,<environment.Job instance at 0x7f050dbfc550>,39,13,[8 3],40,48,61,8,48
1,<environment.Job instance at 0x7f050e10dbe0>,21,16,[2 8],22,48,64,26,48
1,<environment.Job instance at 0x7f050da7b5a0>,1,1,[9 1],2,2,3,0,2
1,<environment.Job instance at 0x7f050da7bb40>,3,3,[8 2],4,4,7,0,4
1,<environment.Job instance at 0x7f050da7bcd0>,4,3,[11  2],5,7,10,2,5
1,<environment.Job instance at 0x7f050d685550>,5,3,[14  5],6,10,13,4,6
1,<environment.Job instance at 0x7f050d685a50>,6,12,[5 4],7,13,25,6,7
1,<environment.Job instance at 0x7f050d685370>,7,14,[8 1],8,13,27,5,8
1,<environment.Job instance at 0x7f050d685050>,13,2,[11  1],14,27,29,13,15
1,<environment.Job instance at 0x7f050d2da1e0>,17,1,[13  4],18,29,30,11,18
1,<environment.Job instance at 0x7f050d2da500>,15,12,[9 4],16,30,42,14,19
1,<environment.Job instance at 0x7f050d956c30>,14,21,[6 5],15,30,51,15,23
1,<environment.Job instance at 0x7f050d2da820>,19,15,[4 9],20,42,57,22,32
1,<environment.Job instance at 0x7f050d2dafa0>,20,15,[7 5],21,51,66,30,41
1,<environment.Job instance at 0x7f050d793b40>,1,1,[9 1],2,2,3,0,2
1,<environment.Job instance at 0x7f050d4b4460>,3,3,[8 2],4,4,7,0,4
1,<environment.Job instance at 0x7f050d7932d0>,6,12,[5 4],7,7,19,0,7
1,<environment.Job instance at 0x7f050d1ca280>,7,14,[8 1],8,8,22,0,8
1,<environment.Job instance at 0x7f050e4e6aa0>,8,16,[ 4 10],9,19,35,10,19
1,<environment.Job instance at 0x7f050e10dbe0>,15,12,[9 4],16,22,34,6,22
1,<environment.Job instance at 0x7f050e1075f0>,23,2,[5 2],24,34,36,10,34
1,<environment.Job instance at 0x7f050e107eb0>,24,3,[5 1],25,34,37,9,34
1,<environment.Job instance at 0x7f050e2ea0f0>,19,15,[4 9],20,35,50,15,35
1,<environment.Job instance at 0x7f050e2eaeb0>,14,21,[6 5],15,36,57,21,36
1,<environment.Job instance at 0x7f050e111eb0>,2,14,[7 2],3,3,17,0,3
1,<environment.Job instance at 0x7f050e111550>,4,14,[7 2],5,5,19,0,5
1,<environment.Job instance at 0x7f050e111370>,5,12,[6 1],6,17,29,11,6
1,<environment.Job instance at 0x7f050d783550>,6,2,[9 2],7,19,21,12,7
1,<environment.Job instance at 0x7f050e11f910>,7,2,[6 3],8,21,23,13,8
1,<environment.Job instance at 0x7f050e111410>,10,14,[3 8],11,21,35,10,11
1,<environment.Job instance at 0x7f050e11f7d0>,12,14,[5 4],13,23,37,10,13
1,<environment.Job instance at 0x7f050e11fb40>,19,2,[5 5],20,35,37,15,20
1,<environment.Job instance at 0x7f050e29f8c0>,21,2,[8 4],22,37,39,15,22
1,<environment.Job instance at 0x7f050e11ff50>,22,1,[13  4],23,39,40,16,23
1,<environment.Job instance at 0x7f050e670730>,23,12,[5 9],24,40,52,16,24
1,<environment.Job instance at 0x7f050e670140>,24,12,[6 4],25,40,52,15,25
1,<environment.Job instance at 0x7f050e6703c0>,28,2,[8 1],29,52,54,23,32
1,<environment.Job instance at 0x7f050e670370>,31,3,[2 5],32,35,38,3,33
1,<environment.Job instance at 0x7f050cf455a0>,32,2,[1 6],33,37,39,4,36
1,<environment.Job instance at 0x7f050e670410>,30,15,[ 2 13],31,52,67,21,38
1,<environment.Job instance at 0x7f050e11f280>,2,14,[7 2],3,3,17,0,3
1,<environment.Job instance at 0x7f050e670a50>,4,14,[7 2],5,5,19,0,5
1,<environment.Job instance at 0x7f050cf45cd0>,7,2,[6 3],8,17,19,9,17
1,<environment.Job instance at 0x7f050e11feb0>,6,2,[9 2],7,19,21,12,19
1,<environment.Job instance at 0x7f050cf45d20>,5,12,[6 1],6,19,31,13,19
1,<environment.Job instance at 0x7f050e2ae320>,13,12,[ 3 10],14,21,33,7,21
1,<environment.Job instance at 0x7f050e111910>,12,14,[5 4],13,21,35,8,21
1,<environment.Job instance at 0x7f050e2aebe0>,16,12,[10  1],17,33,45,16,33
1,<environment.Job instance at 0x7f050e2ae730>,19,2,[5 5],20,35,37,15,35
1,<environment.Job instance at 0x7f050e111870>,10,14,[3 8],11,37,51,26,37
1,<environment.Job instance at 0x7f050e2ae8c0>,21,2,[8 4],22,45,47,23,45
1,<environment.Job instance at 0x7f050d201aa0>,24,12,[6 4],25,47,59,22,47
1,<environment.Job instance at 0x7f050ce8ac80>,1,3,[ 2 11],2,2,5,0,2
1,<environment.Job instance at 0x7f050ce8a6e0>,2,16,[5 4],3,3,19,0,3
1,<environment.Job instance at 0x7f050d842a00>,4,3,[6 2],5,5,8,0,5
1,<environment.Job instance at 0x7f050ce8aeb0>,5,1,[6 3],6,8,9,2,6
1,<environment.Job instance at 0x7f050d806550>,7,2,[5 4],8,9,11,1,8
1,<environment.Job instance at 0x7f050d806960>,14,16,[6 1],15,15,31,0,15
1,<environment.Job instance at 0x7f050d806690>,17,18,[1 5],18,18,36,0,18
1,<environment.Job instance at 0x7f050d806e60>,19,12,[6 3],20,20,32,0,20
1,<environment.Job instance at 0x7f050d806410>,21,15,[4 8],22,32,47,10,22
1,<environment.Job instance at 0x7f050d8067d0>,23,2,[ 1 12],24,47,49,23,26
1,<environment.Job instance at 0x7f050e1fa640>,22,12,[1 8],23,49,61,26,32
1,<environment.Job instance at 0x7f050e1fa5f0>,27,13,[7 5],28,49,62,21,34
1,<environment.Job instance at 0x7f050e1facd0>,33,3,[ 4 11],34,62,65,28,36
1,<environment.Job instance at 0x7f050e1fa690>,34,2,[8 3],35,36,38,1,36
1,<environment.Job instance at 0x7f050e1faaf0>,25,18,[6 2],26,38,56,12,37
1,<environment.Job instance at 0x7f050e1fa9b0>,41,2,[7 5],42,65,67,23,42
1,<environment.Job instance at 0x7f050cf77f00>,42,1,[14  3],43,67,68,24,43
1,<environment.Job instance at 0x7f050cf77e60>,43,3,[2 8],44,68,71,24,44
1,<environment.Job instance at 0x7f050d43af00>,44,3,[ 3 10],45,71,74,26,45
1,<environment.Job instance at 0x7f050d43ad20>,46,3,[5 3],47,61,64,14,47
1,<environment.Job instance at 0x7f050e1faf50>,35,3,[2 8],36,74,77,38,49
1,<environment.Job instance at 0x7f050d17dd70>,2,16,[5 4],3,3,19,0,3
1,<environment.Job instance at 0x7f050d17d730>,3,17,[ 2 10],4,4,21,0,4
1,<environment.Job instance at 0x7f050d17da50>,6,19,[7 1],7,7,26,0,7
1,<environment.Job instance at 0x7f050d17d2d0>,5,1,[6 3],6,19,20,13,19
1,<environment.Job instance at 0x7f050e1faa50>,7,2,[5 4],8,20,22,12,20
1,<environment.Job instance at 0x7f050d806f50>,4,3,[6 2],5,22,25,17,22
1,<environment.Job instance at 0x7f050ce8a960>,17,18,[1 5],18,22,40,4,22
1,<environment.Job instance at 0x7f050e5d3140>,19,12,[6 3],20,25,37,5,25
1,<environment.Job instance at 0x7f050d43aeb0>,11,14,[5 5],12,26,40,14,26
1,<environment.Job instance at 0x7f050d8421e0>,14,16,[6 1],15,37,53,22,37
1,<environment.Job instance at 0x7f050e5d3280>,22,12,[1 8],23,40,52,17,40
1,<environment.Job instance at 0x7f050e5d3500>,25,18,[6 2],26,40,58,14,40
1,<environment.Job instance at 0x7fd42dbe1820>,4,14,[1 6],5,6,20,1,6
1,<environment.Job instance at 0x7fd42dbe1960>,6,20,[6 1],7,7,27,0,7
1,<environment.Job instance at 0x7fd42dbe1a50>,11,1,[8 5],12,13,14,1,13
1,<environment.Job instance at 0x7fd437237aa0>,5,24,[1 5],6,16,40,10,16
1,<environment.Job instance at 0x7fd42dbe1d20>,12,13,[10  2],13,27,40,14,19
1,<environment.Job instance at 0x7fd42dbe40a0>,16,16,[3 5],17,20,36,3,19
1,<environment.Job instance at 0x7fd42dbe4230>,18,3,[ 4 13],19,40,43,21,19
1,<environment.Job instance at 0x7fd42dbe4410>,20,1,[13  5],21,43,44,22,21
1,<environment.Job instance at 0x7fd42dbe4500>,21,1,[6 5],22,44,45,22,22
1,<environment.Job instance at 0x7fd42dbe4690>,22,1,[2 7],23,36,37,13,23
1,<environment.Job instance at 0x7fd42dbea370>,2,22,[4 8],3,3,25,0,3
1,<environment.Job instance at 0x7fd42dbea5f0>,4,14,[1 6],5,5,19,0,5
1,<environment.Job instance at 0x7fd42dbe15f0>,6,20,[6 1],7,7,27,0,7
1,<environment.Job instance at 0x7fd42dbeab40>,11,1,[8 5],12,25,26,13,25
1,<environment.Job instance at 0x7fd42dbee050>,21,1,[6 5],22,26,27,4,26
1,<environment.Job instance at 0x7fd42dbee0f0>,22,1,[2 7],23,26,27,3,26
1,<environment.Job instance at 0x7fd42dbeaaf0>,12,13,[10  2],13,27,40,14,27
1,<environment.Job instance at 0x7fd42dbeab90>,16,16,[3 5],17,27,43,10,27
1,<environment.Job instance at 0x7fd42dbeac30>,15,18,[2 8],16,27,45,11,27
1,<environment.Job instance at 0x7fd42dbeac80>,14,13,[7 3],15,43,56,28,43
1,<environment.Job instance at 0x7fd42dbeeaf0>,35,2,[1 8],36,45,47,9,45
1,<environment.Job instance at 0x7fd42dbeea50>,34,16,[2 8],35,47,63,12,47
1,<environment.Job instance at 0x7fd42dbeeb90>,36,15,[9 5],37,56,71,19,56
1,<environment.Job instance at 0x7fd42d6da500>,1,23,[1 5],2,2,25,0,2
1,<environment.Job instance at 0x7fd42d6da2d0>,2,3,[5 5],3,3,6,0,3
1,<environment.Job instance at 0x7fd42d6da370>,5,2,[10  4],6,6,8,0,6
1,<environment.Job instance at 0x7fd42d6da7d0>,9,2,[ 3 10],10,10,12,0,10
1,<environment.Job instance at 0x7fd42d7bfe60>,13,2,[5 9],14,14,16,0,14
1,<environment.Job instance at 0x7fd42d84cb40>,14,13,[6 3],15,16,29,1,15
1,<environment.Job instance at 0x7fd42d6a40a0>,26,3,[5 7],27,27,30,0,27
1,<environment.Job instance at 0x7fd42d6a4640>,27,3,[5 5],28,29,32,1,28
1,<environment.Job instance at 0x7fd42d6a46e0>,28,2,[ 3 10],29,30,32,1,30
1,<environment.Job instance at 0x7fd42d6a44b0>,32,3,[4 7],33,33,36,0,33
1,<environment.Job instance at 0x7fd42d6a4500>,30,16,[7 1],31,34,50,3,34
1,<environment.Job instance at 0x7fd42d6a0230>,34,12,[5 6],35,36,48,1,35
1,<environment.Job instance at 0x7fd42d6a05a0>,35,1,[7 4],36,48,49,12,36
1,<environment.Job instance at 0x7fd42d6a4190>,31,14,[ 2 13],32,49,63,17,37
1,<environment.Job instance at 0x7fd42d6a0eb0>,41,12,[8 1],42,50,62,8,44
1,<environment.Job instance at 0x7fd42d780140>,10,13,[ 3 12],11,63,76,52,48
1,<environment.Job instance at 0x7fd42d77c6e0>,53,2,[6 2],54,62,64,8,56
1,<environment.Job instance at 0x7fd42dbea230>,57,3,[ 1 12],58,76,79,18,59
1,<environment.Job instance at 0x7fd42dbf05f0>,0,17,[1 6],1,1,18,0,1
1,<environment.Job instance at 0x7fd42dbf0140>,2,3,[5 5],3,3,6,0,3
1,<environment.Job instance at 0x7fd42dbf0460>,3,14,[8 1],4,4,18,0,4
1,<environment.Job instance at 0x7fd42dbeac30>,7,18,[3 8],8,8,26,0,8
1,<environment.Job instance at 0x7fd42dbf0190>,5,2,[10  4],6,18,20,12,18
1,<environment.Job instance at 0x7fd42dbeabe0>,14,13,[6 3],15,20,33,5,20
1,<environment.Job instance at 0x7fd42dbeaa00>,15,14,[5 1],16,20,34,4,20
1,<environment.Job instance at 0x7fd42dbeadc0>,9,2,[ 3 10],10,26,28,16,26
1,<environment.Job instance at 0x7fd4373a8c80>,21,14,[2 6],22,28,42,6,28
1,<environment.Job instance at 0x7fd42dbea5a0>,18,13,[8 5],19,33,46,14,33
1,<environment.Job instance at 0x7fd42dbeae10>,13,2,[5 9],14,42,44,28,42
1,<environment.Job instance at 0x7fd42dbea460>,26,3,[5 7],27,44,47,17,44
1,<environment.Job instance at 0x7fd42d44f140>,27,3,[5 5],28,46,49,18,46
1,<environment.Job instance at 0x7fd42d3a80f0>,28,2,[ 3 10],29,47,49,18,47
1,<environment.Job instance at 0x7fd42dbea730>,19,12,[10  2],20,49,61,29,49
1,<environment.Job instance at 0x7fd42d89d3c0>,32,3,[4 7],33,49,52,16,49
1,<environment.Job instance at 0x7fd42d3275a0>,22,15,[5 9],23,52,67,29,52
1,<environment.Job instance at 0x7fd42d38d1e0>,1,3,[10  2],2,2,5,0,2
1,<environment.Job instance at 0x7fd42d38d370>,5,1,[ 3 12],6,7,8,1,7
1,<environment.Job instance at 0x7fd42d38ddc0>,7,1,[ 4 11],8,8,9,0,8
1,<environment.Job instance at 0x7fd42d38d4b0>,4,22,[8 1],5,9,31,4,9
1,<environment.Job instance at 0x7fd42d389eb0>,9,2,[1 8],10,10,12,0,10
1,<environment.Job instance at 0x7fd42d389640>,12,13,[ 5 10],13,16,29,3,16
1,<environment.Job instance at 0x7fd42d3895f0>,10,15,[8 3],11,31,46,20,17
1,<environment.Job instance at 0x7fd42d389280>,15,14,[ 2 10],16,29,43,13,17
1,<environment.Job instance at 0x7fd42d3897d0>,18,12,[7 5],19,43,55,24,26
1,<environment.Job instance at 0x7fd42d389550>,19,3,[ 1 12],20,55,58,35,29
1,<environment.Job instance at 0x7fd42d389780>,21,13,[5 6],22,58,71,36,45
1,<environment.Job instance at 0x7fd42d389820>,13,16,[ 3 10],14,71,87,57,58
1,<environment.Job instance at 0x7fd42d327500>,0,17,[ 3 10],1,1,18,0,1
1,<environment.Job instance at 0x7fd42d5480f0>,1,3,[10  2],2,2,5,0,2
1,<environment.Job instance at 0x7fd42d37fa50>,4,22,[8 1],5,5,27,0,5
1,<environment.Job instance at 0x7fd42d38c500>,9,2,[1 8],10,18,20,8,18
1,<environment.Job instance at 0x7fd42d37a0f0>,18,12,[7 5],19,20,32,1,20
1,<environment.Job instance at 0x7fd42d37aa00>,21,13,[5 6],22,27,40,5,27
1,<environment.Job instance at 0x7fd42d38df50>,10,15,[8 3],11,32,47,21,32
1,<environment.Job instance at 0x7fd42d374eb0>,27,1,[4 8],28,40,41,12,40
1,<environment.Job instance at 0x7fd42d374460>,30,3,[1 7],31,41,44,10,41
1,<environment.Job instance at 0x7fd42d374370>,31,3,[4 7],32,44,47,12,44
1,<environment.Job instance at 0x7fd42d3744b0>,33,3,[5 2],34,47,50,13,47
1,<environment.Job instance at 0x7fd42d37ab40>,25,13,[ 4 10],26,47,60,21,47
1,<environment.Job instance at 0x7fd42d374f00>,38,17,[5 5],39,50,67,11,50
1,<environment.Job instance at 0x7fd42d371af0>,1,13,[4 9],2,2,15,0,2
1,<environment.Job instance at 0x7fd42d1d1fa0>,2,14,[2 9],3,15,29,12,3
1,<environment.Job instance at 0x7fd42d1d61e0>,3,2,[13  3],4,15,17,11,4
1,<environment.Job instance at 0x7fd42d1d6370>,5,2,[5 2],6,6,8,0,6
1,<environment.Job instance at 0x7fd42d1d6230>,6,1,[5 9],7,29,30,22,7
1,<environment.Job instance at 0x7fd42d1d6870>,13,12,[1 7],14,30,42,16,14
1,<environment.Job instance at 0x7fd42d1d6910>,14,3,[10  2],15,17,20,2,15
1,<environment.Job instance at 0x7fd42d1d6a50>,15,3,[5 5],16,20,23,4,16
1,<environment.Job instance at 0x7fd42d1d6b40>,16,3,[ 5 10],17,42,45,25,17
1,<environment.Job instance at 0x7fd42d1d6d20>,18,3,[10  1],19,23,26,4,19
1,<environment.Job instance at 0x7fd42d1d6f00>,20,2,[7 5],21,26,28,5,21
1,<environment.Job instance at 0x7fd42d1d70a0>,23,3,[7 5],24,28,31,4,24
1,<environment.Job instance at 0x7fd42d1d72d0>,26,22,[6 1],27,30,52,3,27
1,<environment.Job instance at 0x7fd42d523140>,9,12,[9 3],10,45,57,35,31
1,<environment.Job instance at 0x7fd42d1d76e0>,28,2,[5 2],29,31,33,2,31
1,<environment.Job instance at 0x7fd42d1d79b0>,31,1,[ 2 14],32,57,58,25,32
1,<environment.Job instance at 0x7fd42d1d7a50>,32,2,[12  2],33,58,60,25,33
1,<environment.Job instance at 0x7fd42d1d7aa0>,33,2,[5 9],34,52,54,18,34
1,<environment.Job instance at 0x7fd42d1d7cd0>,34,13,[9 4],35,60,73,25,44
1,<environment.Job instance at 0x7fd42d1d9690>,48,13,[6 3],49,60,73,11,49
1,<environment.Job instance at 0x7fd42d1d9780>,54,1,[12  1],55,57,58,2,55
1,<environment.Job instance at 0x7fd42d1d9af0>,58,2,[2 8],59,73,75,14,59
1,<environment.Job instance at 0x7fd42d378190>,1,13,[4 9],2,2,15,0,2
1,<environment.Job instance at 0x7fd42d3789b0>,5,2,[5 2],6,6,8,0,6
1,<environment.Job instance at 0x7fd42d378fa0>,8,21,[9 4],9,9,30,0,9
1,<environment.Job instance at 0x7fd42d3781e0>,6,1,[5 9],7,15,16,8,15
1,<environment.Job instance at 0x7fd42d374640>,13,12,[1 7],14,16,28,2,16
1,<environment.Job instance at 0x7fd42d374b40>,15,3,[5 5],16,28,31,12,28
1,<environment.Job instance at 0x7fd42d3748c0>,14,3,[10  2],15,30,33,15,30
1,<environment.Job instance at 0x7fd42d374690>,16,3,[ 5 10],17,31,34,14,31
1,<environment.Job instance at 0x7fd42d3744b0>,20,2,[7 5],21,33,35,12,33
1,<environment.Job instance at 0x7fd42d378280>,2,14,[2 9],3,34,48,31,34
1,<environment.Job instance at 0x7fd42d374460>,23,3,[7 5],24,35,38,11,35
1,<environment.Job instance at 0x7fd42d374a50>,18,3,[10  1],19,38,41,19,38
1,<environment.Job instance at 0x7fd42d378cd0>,9,12,[9 3],10,41,53,31,41
1,<environment.Job instance at 0x7fd42d37a230>,33,2,[5 9],34,48,50,14,48
1,<environment.Job instance at 0x7fd42d37a870>,28,2,[5 2],29,50,52,21,50
1,<environment.Job instance at 0x7fd42d3741e0>,21,14,[2 7],22,52,66,30,52
1,<environment.Job instance at 0x7fd42d37aaa0>,34,13,[9 4],35,53,66,18,53
1,<environment.Job instance at 0x7fd42d1dc910>,1,3,[10  5],2,2,5,0,2
1,<environment.Job instance at 0x7fd42dcb26e0>,4,3,[7 5],5,5,8,0,5
1,<environment.Job instance at 0x7fd42dcb2640>,6,16,[7 4],7,7,23,0,7
1,<environment.Job instance at 0x7fd42dc75500>,10,3,[11  3],11,23,26,12,11
1,<environment.Job instance at 0x7fd42dc754b0>,13,12,[9 1],14,26,38,12,16
1,<environment.Job instance at 0x7fd42dc75d70>,16,3,[9 1],17,38,41,21,17
1,<environment.Job instance at 0x7fd42dc75eb0>,14,14,[5 5],15,26,40,11,18
1,<environment.Job instance at 0x7fd42dc75370>,17,17,[5 2],18,40,57,22,28
1,<environment.Job instance at 0x7fd42dc75460>,19,1,[5 4],20,41,42,21,28
1,<environment.Job instance at 0x7fd42dc75870>,18,18,[4 5],19,41,59,22,30
1,<environment.Job instance at 0x7fd42dc75c80>,21,1,[ 2 10],22,57,58,35,30
1,<environment.Job instance at 0x7fd42dd4d140>,23,2,[4 7],24,42,44,18,34
1,<environment.Job instance at 0x7fd42dd4d780>,24,12,[13  2],25,59,71,34,42
1,<environment.Job instance at 0x7fd42dd4d280>,25,24,[1 5],26,58,82,32,53
1,<environment.Job instance at 0x7fd42dd4daf0>,35,2,[7 2],36,71,73,35,54
1,<environment.Job instance at 0x7fd42dd4d4b0>,27,13,[5 4],28,71,84,43,55
1,<environment.Job instance at 0x7fd42dd4ddc0>,30,13,[4 5],31,73,86,42,58
1,<environment.Job instance at 0x7fd42d1d69b0>,1,3,[10  5],2,2,5,0,2
1,<environment.Job instance at 0x7fd42d1d6140>,4,3,[7 5],5,5,8,0,5
1,<environment.Job instance at 0x7fd4373a8c80>,6,16,[7 4],7,7,23,0,7
1,<environment.Job instance at 0x7fd42d38d690>,8,18,[4 6],9,9,27,0,9
1,<environment.Job instance at 0x7fd42d37abe0>,16,3,[9 1],17,23,26,6,23
1,<environment.Job instance at 0x7fd42d38c500>,13,12,[9 1],14,26,38,12,26
1,<environment.Job instance at 0x7fd42d37a820>,19,1,[5 4],20,27,28,7,27
1,<environment.Job instance at 0x7fd42d37ab40>,21,1,[ 2 10],22,28,29,6,28
1,<environment.Job instance at 0x7fd42d37aaf0>,23,2,[4 7],24,29,31,5,29
1,<environment.Job instance at 0x7fd42d3740a0>,27,13,[5 4],28,31,44,3,31
1,<environment.Job instance at 0x7fd42d374410>,30,13,[4 5],31,38,51,7,38
1,<environment.Job instance at 0x7fd42d37a190>,14,14,[5 5],15,38,52,23,38
1,<environment.Job instance at 0x7fd42d37a230>,17,17,[5 2],18,44,61,26,44
1,<environment.Job instance at 0x7fd42d37aaa0>,18,18,[4 5],19,51,69,32,51
1,<environment.Job instance at 0x7fd42e6195a0>,2,2,[11  1],3,3,5,0,3
1,<environment.Job instance at 0x7fd42de85a00>,5,2,[5 5],6,6,8,0,6
1,<environment.Job instance at 0x7fd42de85f50>,11,1,[5 9],12,12,13,0,12
1,<environment.Job instance at 0x7fd42de85870>,13,15,[5 1],14,14,29,0,14
1,<environment.Job instance at 0x7fd42e33c5f0>,16,2,[ 5 13],17,17,19,0,17
1,<environment.Job instance at 0x7fd42ced4500>,20,2,[ 3 10],21,22,24,1,22
1,<environment.Job instance at 0x7fd42de850a0>,8,22,[3 9],9,24,46,15,23
1,<environment.Job instance at 0x7fd42e2270a0>,22,15,[5 5],23,28,43,5,28
1,<environment.Job instance at 0x7fd42e227d70>,25,2,[6 1],26,29,31,3,28
1,<environment.Job instance at 0x7fd42e2275f0>,21,17,[5 5],22,43,60,21,37
1,<environment.Job instance at 0x7fd42e227c30>,24,13,[4 8],25,53,66,28,53
1,<environment.Job instance at 0x7fd42df29cd0>,28,3,[5 9],29,66,69,37,53
1,<environment.Job instance at 0x7fd42d3745f0>,3,17,[9 4],4,4,21,0,4
1,<environment.Job instance at 0x7fd42d374a50>,5,2,[5 5],6,6,8,0,6
1,<environment.Job instance at 0x7fd42d374690>,8,22,[3 9],9,9,31,0,9
1,<environment.Job instance at 0x7fd42d3749b0>,13,15,[5 1],14,21,36,7,21
1,<environment.Job instance at 0x7fd42d3744b0>,11,1,[5 9],12,31,32,19,31
1,<environment.Job instance at 0x7fd42e2272d0>,22,15,[5 5],23,31,46,8,31
1,<environment.Job instance at 0x7fd42e72f230>,24,13,[4 8],25,32,45,7,32
1,<environment.Job instance at 0x7fd42e7c3190>,25,2,[6 1],26,36,38,10,36
1,<environment.Job instance at 0x7fd42e33cd70>,20,2,[ 3 10],21,45,47,24,45
1,<environment.Job instance at 0x7fd42df29730>,21,17,[5 5],22,46,63,24,46
1,<environment.Job instance at 0x7fd42e6df370>,28,3,[5 9],29,47,50,18,47
1,<environment.Job instance at 0x7fd42dc55320>,41,13,[1 6],42,50,63,8,50
1,<environment.Job instance at 0x7fd42df607d0>,1,12,[3 8],2,2,14,0,2
1,<environment.Job instance at 0x7fd42df651e0>,6,15,[5 3],7,7,22,0,7
1,<environment.Job instance at 0x7fd42df5cfa0>,9,13,[1 7],10,14,27,4,10
1,<environment.Job instance at 0x7fd42e2790f0>,12,2,[5 7],13,22,24,9,13
1,<environment.Job instance at 0x7fd42e24a6e0>,17,2,[6 3],18,20,22,2,20
1,<environment.Job instance at 0x7fd42e2599b0>,20,3,[1 6],21,24,27,3,21
1,<environment.Job instance at 0x7fd42df5c0f0>,16,13,[5 5],17,27,40,10,22
1,<environment.Job instance at 0x7fd42e2eda50>,22,2,[5 5],23,27,29,4,23
1,<environment.Job instance at 0x7fd42db90460>,18,3,[13  2],19,24,27,5,23
1,<environment.Job instance at 0x7fd42e259d20>,23,1,[7 4],24,29,30,5,24
1,<environment.Job instance at 0x7fd42e2c95f0>,25,3,[12  3],26,40,43,14,26
1,<environment.Job instance at 0x7fd42e24ae60>,19,14,[7 5],20,43,57,23,34
1,<environment.Job instance at 0x7fd42db909b0>,15,24,[8 4],16,43,67,27,38
1,<environment.Job instance at 0x7fd42e0affa0>,28,3,[5 5],29,57,60,28,38
1,<environment.Job instance at 0x7fd42e2e7320>,32,2,[9 2],33,67,69,34,40
1,<environment.Job instance at 0x7fd42db3be10>,31,1,[7 4],32,60,61,28,40
1,<environment.Job instance at 0x7fd42dfad870>,0,17,[7 5],1,1,18,0,1
1,<environment.Job instance at 0x7fd42e674eb0>,1,12,[3 8],2,2,14,0,2
1,<environment.Job instance at 0x7fd42e213870>,12,2,[5 7],13,14,16,1,14
1,<environment.Job instance at 0x7fd42e6e62d0>,9,13,[1 7],10,16,29,6,16
1,<environment.Job instance at 0x7fd42e742190>,6,15,[5 3],7,16,31,9,16
1,<environment.Job instance at 0x7fd42e271320>,16,13,[5 5],17,18,31,1,18
1,<environment.Job instance at 0x7fd42ddd6be0>,3,15,[4 6],4,29,44,25,29
1,<environment.Job instance at 0x7fd42e025230>,17,2,[6 3],18,31,33,13,31
1,<environment.Job instance at 0x7fd42e22f730>,20,3,[1 6],21,31,34,10,31
1,<environment.Job instance at 0x7fd42d326050>,22,2,[5 5],23,34,36,11,34
1,<environment.Job instance at 0x7fd42e023230>,23,1,[7 4],24,36,37,12,36
1,<environment.Job instance at 0x7fd42e7421e0>,7,18,[1 5],8,36,54,28,36
1,<environment.Job instance at 0x7fd42e023b40>,24,16,[10  4],25,37,53,12,37
1,<environment.Job instance at 0x7fd42df29730>,28,3,[5 5],29,53,56,24,53
1,<environment.Job instance at 0x7fd42e25bcd0>,27,14,[7 5],28,53,67,25,53
1,<environment.Job instance at 0x7fd42e22fa50>,19,14,[7 5],20,56,70,36,56
1,<environment.Job instance at 0x7fd42dacb230>,1,2,[4 8],2,2,4,0,2
1,<environment.Job instance at 0x7fd42d38d730>,2,16,[5 5],3,4,20,1,4
1,<environment.Job instance at 0x7fd42dfad140>,4,1,[3 8],5,5,6,0,5
1,<environment.Job instance at 0x7fd42e2993c0>,5,3,[10  2],6,6,9,0,6
1,<environment.Job instance at 0x7fd42e299f50>,7,3,[ 5 11],8,20,23,12,8
1,<environment.Job instance at 0x7fd42d7a2e10>,8,2,[ 2 12],9,23,25,14,9
1,<environment.Job instance at 0x7fd42d0d9b40>,3,3,[7 4],4,10,13,6,10
1,<environment.Job instance at 0x7fd42d08c280>,12,3,[8 4],13,13,16,0,13
1,<environment.Job instance at 0x7fd42d43b370>,15,2,[10  4],16,16,18,0,16
1,<environment.Job instance at 0x7fd42d43bbe0>,16,16,[6 3],17,18,34,1,17
1,<environment.Job instance at 0x7fd42d9c7960>,22,3,[2 7],23,25,28,2,23
1,<environment.Job instance at 0x7fd42d9c7eb0>,24,12,[10  3],25,34,46,9,25
1,<environment.Job instance at 0x7fd42d9c7190>,25,1,[ 1 10],26,28,29,2,26
1,<environment.Job instance at 0x7fd42dded0f0>,29,3,[9 2],30,30,33,0,30
1,<environment.Job instance at 0x7fd42ddedb90>,28,13,[5 1],29,33,46,4,30
1,<environment.Job instance at 0x7fd42d9c77d0>,26,16,[12  4],27,46,62,19,35
1,<environment.Job instance at 0x7fd42d9f76e0>,33,1,[11  5],34,62,63,28,35
1,<environment.Job instance at 0x7fd42d374050>,1,2,[4 8],2,2,4,0,2
1,<environment.Job instance at 0x7fd42d374b40>,2,16,[5 5],3,3,19,0,3
1,<environment.Job instance at 0x7fd42d374d70>,3,3,[7 4],4,4,7,0,4
1,<environment.Job instance at 0x7fd42d374a50>,4,1,[3 8],5,7,8,2,7
1,<environment.Job instance at 0x7fd42d67a500>,5,3,[10  2],6,8,11,2,8
1,<environment.Job instance at 0x7fd42d374960>,10,16,[3 8],11,11,27,0,11
1,<environment.Job instance at 0x7fd42ced4aa0>,15,2,[10  4],16,19,21,3,19
1,<environment.Job instance at 0x7fd42df29b90>,12,3,[8 4],13,21,24,8,21
1,<environment.Job instance at 0x7fd42e023780>,17,14,[5 7],18,24,38,6,24
1,<environment.Job instance at 0x7fd42e22f0f0>,22,3,[2 7],23,27,30,4,27
1,<environment.Job instance at 0x7fd42ddd6be0>,24,12,[10  3],25,30,42,5,30
1,<environment.Job instance at 0x7fd42ddd6870>,25,1,[ 1 10],26,38,39,12,38
1,<environment.Job instance at 0x7fd42e674550>,28,13,[5 1],29,39,52,10,39
1,<environment.Job instance at 0x7fd42dfad820>,29,3,[9 2],30,42,45,12,42
1,<environment.Job instance at 0x7fd42e674eb0>,27,13,[10  3],28,45,58,17,45
1,<environment.Job instance at 0x7fd42e2272d0>,13,15,[5 8],14,52,67,38,52
1,<environment.Job instance at 0x7fd42d43bb40>,38,12,[8 5],39,58,70,19,58
1,<environment.Job instance at 0x7fd42d3400f0>,0,2,[13  5],1,1,3,0,1
1,<environment.Job instance at 0x7fd42d340050>,1,2,[1 8],2,2,4,0,2
1,<environment.Job instance at 0x7fd42e7c5370>,5,13,[6 4],6,6,19,0,6
1,<environment.Job instance at 0x7fd42e7c5690>,8,19,[1 5],9,9,28,0,9
1,<environment.Job instance at 0x7fd42e7c5aa0>,14,3,[2 7],15,19,22,4,15
1,<environment.Job instance at 0x7fd42e7c5e10>,18,1,[6 3],19,19,20,0,19
1,<environment.Job instance at 0x7fd42e7c5820>,20,1,[1 9],21,22,23,1,21
1,<environment.Job instance at 0x7fd42e7c5d20>,21,3,[ 5 12],22,28,31,6,22
1,<environment.Job instance at 0x7fd42cf086e0>,22,3,[8 5],23,23,26,0,23
1,<environment.Job instance at 0x7fd42cf081e0>,24,1,[14  3],25,26,27,1,26
1,<environment.Job instance at 0x7fd42e7c5a00>,25,3,[9 2],26,27,30,1,26
1,<environment.Job instance at 0x7fd42e7c59b0>,11,13,[6 5],12,31,44,19,27
1,<environment.Job instance at 0x7fd42cf08a00>,26,14,[5 9],27,31,45,4,27
1,<environment.Job instance at 0x7fd42cf087d0>,28,12,[2 5],29,44,56,15,30
1,<environment.Job instance at 0x7fd42cf08a50>,30,1,[2 9],31,45,46,14,31
1,<environment.Job instance at 0x7fd42cf08410>,29,16,[6 5],30,46,62,16,33
1,<environment.Job instance at 0x7fd42e628460>,34,3,[13  1],35,62,65,27,36
1,<environment.Job instance at 0x7fd42e628320>,35,3,[2 6],36,56,59,20,39
1,<environment.Job instance at 0x7fd42e628a00>,38,3,[ 1 13],39,62,65,23,40
1,<environment.Job instance at 0x7fd42e6287d0>,42,18,[3 9],43,65,83,22,58
1,<environment.Job instance at 0x7fd42e628730>,41,22,[5 3],42,65,87,23,58
1,<environment.Job instance at 0x7fd42e213a00>,1,2,[1 8],2,2,4,0,2
1,<environment.Job instance at 0x7fd42e213b90>,2,16,[10  3],3,3,19,0,3
1,<environment.Job instance at 0x7fd42ce20a00>,8,19,[1 5],9,9,28,0,9
1,<environment.Job instance at 0x7fd42e674550>,5,13,[6 4],6,19,32,13,19
1,<environment.Job instance at 0x7fd42e7c5910>,11,13,[6 5],12,19,32,7,19
1,<environment.Job instance at 0x7fd42cf08aa0>,14,3,[2 7],15,32,35,17,32
1,<environment.Job instance at 0x7fd42cedf410>,18,1,[6 3],19,32,33,13,32
1,<environment.Job instance at 0x7fd42e023230>,6,14,[10  3],7,33,47,26,33
1,<environment.Job instance at 0x7fd42cedf820>,20,1,[1 9],21,35,36,14,35
1,<environment.Job instance at 0x7fd42e619f50>,9,18,[2 9],10,36,54,26,36
1,<environment.Job instance at 0x7fd42d340960>,25,3,[9 2],26,47,50,21,47
1,<environment.Job instance at 0x7fd42d340e60>,22,3,[8 5],23,50,53,27,50
1,<environment.Job instance at 0x7fd42cf7aa50>,28,12,[2 5],29,53,65,24,53
1,<environment.Job instance at 0x7fd42cf7aa00>,30,1,[2 9],31,54,55,23,54
1,<environment.Job instance at 0x7fd42cf7acd0>,35,3,[2 6],36,55,58,19,55
1,<environment.Job instance at 0x7fd42e7c58c0>,10,18,[10  4],11,55,73,44,55
1,<environment.Job instance at 0x7fd42d48a460>,1,13,[ 4 10],2,2,15,0,2
1,<environment.Job instance at 0x7fd42d48a0a0>,2,1,[ 4 14],3,15,16,12,3
1,<environment.Job instance at 0x7fd4373a5fa0>,8,2,[ 5 14],9,16,18,7,10
1,<environment.Job instance at 0x7fd4373a5c80>,10,1,[ 5 14],11,18,19,7,11
1,<environment.Job instance at 0x7fd4373a5be0>,11,1,[10  5],12,12,13,0,12
1,<environment.Job instance at 0x7fd42d141a00>,13,2,[ 4 11],14,19,21,5,14
1,<environment.Job instance at 0x7fd4373a5f00>,17,18,[11  5],18,21,39,3,20
1,<environment.Job instance at 0x7fd42d1412d0>,24,14,[1 5],25,25,39,0,25
1,<environment.Job instance at 0x7fd42d141910>,25,12,[1 6],26,39,51,13,26
1,<environment.Job instance at 0x7fd42d141d70>,27,12,[ 5 12],28,51,63,23,34
1,<environment.Job instance at 0x7fd42d1415a0>,29,15,[1 6],30,63,78,33,49
1,<environment.Job instance at 0x7fd42d141730>,33,12,[14  4],34,63,75,29,49
1,<environment.Job instance at 0x7fd42dc9b690>,36,14,[6 2],37,49,63,12,49
1,<environment.Job instance at 0x7fd42d0d97d0>,39,12,[8 1],40,75,87,35,58
1,<environment.Job instance at 0x7fd42d141e60>,18,12,[3 8],19,75,87,56,58
1,<environment.Job instance at 0x7fd42e63fb40>,0,22,[5 9],1,1,23,0,1
1,<environment.Job instance at 0x7fd42e63f820>,4,19,[6 3],5,5,24,0,5
1,<environment.Job instance at 0x7fd42e63f230>,1,13,[ 4 10],2,23,36,21,23
1,<environment.Job instance at 0x7fd42cedf820>,11,1,[10  5],12,24,25,12,24
1,<environment.Job instance at 0x7fd42e63f2d0>,6,14,[8 5],7,25,39,18,25
1,<environment.Job instance at 0x7fd42e7c5910>,18,12,[3 8],19,36,48,17,36
1,<environment.Job instance at 0x7fd42dc9b550>,25,12,[1 6],26,39,51,13,39
1,<environment.Job instance at 0x7fd42e63fa50>,9,13,[3 9],10,48,61,38,48
1,<environment.Job instance at 0x7fd42d0d96e0>,24,14,[1 5],25,51,65,26,51
1,<environment.Job instance at 0x7fd42db0d460>,0,18,[7 1],1,1,19,0,1
1,<environment.Job instance at 0x7fd42d8c51e0>,2,13,[3 6],3,3,16,0,3
1,<environment.Job instance at 0x7fd42d8c55f0>,9,1,[3 7],10,11,12,1,11
1,<environment.Job instance at 0x7fd42d8c5870>,12,2,[ 1 14],13,16,18,3,13
1,<environment.Job instance at 0x7fd42d8c5730>,14,15,[9 1],15,19,34,4,17
1,<environment.Job instance at 0x7fd42d8c5910>,13,12,[13  2],14,34,46,20,17
1,<environment.Job instance at 0x7fd42d8c5be0>,19,14,[3 7],20,20,34,0,20
1,<environment.Job instance at 0x7fd42d8c5fa0>,21,3,[5 5],22,46,49,24,22
1,<environment.Job instance at 0x7fd42d8c5eb0>,22,13,[1 5],23,23,36,0,23
1,<environment.Job instance at 0x7fd42d8db1e0>,23,20,[5 4],24,46,66,22,37
1,<environment.Job instance at 0x7fd42d8db0a0>,26,20,[7 1],27,49,69,22,40
1,<environment.Job instance at 0x7fd42d8db0f0>,27,20,[6 2],28,66,86,38,57
1,<environment.Job instance at 0x7fd42d8db410>,28,16,[4 9],29,69,85,40,57
1,<environment.Job instance at 0x7fd42de4c690>,0,18,[7 1],1,1,19,0,1
1,<environment.Job instance at 0x7fd42de4c050>,1,16,[1 8],2,2,18,0,2
1,<environment.Job instance at 0x7fd42de4cd20>,2,13,[3 6],3,3,16,0,3
1,<environment.Job instance at 0x7fd42d48a7d0>,9,1,[3 7],10,18,19,8,18
1,<environment.Job instance at 0x7fd42ced4aa0>,14,15,[9 1],15,19,34,4,19
1,<environment.Job instance at 0x7fd42e628dc0>,18,17,[5 5],19,19,36,0,19
1,<environment.Job instance at 0x7fd42cedfe60>,21,3,[5 5],22,34,37,12,34
1,<environment.Job instance at 0x7fd42cedf460>,22,13,[1 5],23,34,47,11,34
1,<environment.Job instance at 0x7fd42cedf410>,20,15,[9 4],21,36,51,15,36
1,<environment.Job instance at 0x7fd42e7c58c0>,19,14,[3 7],20,47,61,27,47
1,<environment.Job instance at 0x7fd436dccd20>,32,14,[6 5],33,51,65,18,51
1,<environment.Job instance at 0x7fd42e3671e0>,0,2,[1 6],1,1,3,0,1
1,<environment.Job instance at 0x7fd42e367e60>,2,15,[4 9],3,3,18,0,3
1,<environment.Job instance at 0x7fd42e367e10>,5,2,[ 4 12],6,18,20,12,6
1,<environment.Job instance at 0x7fd42e367870>,6,1,[10  1],7,7,8,0,7
1,<environment.Job instance at 0x7fd42e367230>,8,12,[6 2],9,9,21,0,9
1,<environment.Job instance at 0x7fd42d196780>,10,16,[3 7],11,20,36,9,11
1,<environment.Job instance at 0x7fd42e367690>,12,16,[3 5],13,20,36,7,16
1,<environment.Job instance at 0x7fd42d1969b0>,13,2,[5 5],14,36,38,22,17
1,<environment.Job instance at 0x7fd42d196320>,16,21,[7 3],17,21,42,4,17
1,<environment.Job instance at 0x7fd42d196a50>,18,13,[3 8],19,38,51,19,22
1,<environment.Job instance at 0x7fd42d1960f0>,20,3,[3 5],21,42,45,21,22
1,<environment.Job instance at 0x7fd42d196410>,21,14,[3 6],22,45,59,23,30
1,<environment.Job instance at 0x7fd42d196370>,9,19,[13  1],10,59,78,49,57
1,<environment.Job instance at 0x7fd42d1414b0>,0,2,[1 6],1,1,3,0,1
1,<environment.Job instance at 0x7fd42d1965a0>,2,15,[4 9],3,3,18,0,3
1,<environment.Job instance at 0x7fd42d0e99b0>,6,1,[10  1],7,7,8,0,7
1,<environment.Job instance at 0x7fd42e3675a0>,8,12,[6 2],9,9,21,0,9
1,<environment.Job instance at 0x7fd42d496fa0>,13,2,[5 5],14,18,20,4,18
1,<environment.Job instance at 0x7fd42e367fa0>,10,16,[3 7],11,18,34,7,18
1,<environment.Job instance at 0x7fd42d496d70>,12,16,[3 5],13,20,36,7,20
1,<environment.Job instance at 0x7fd42d496a00>,18,13,[3 8],19,34,47,15,34
1,<environment.Job instance at 0x7fd42d496be0>,20,3,[3 5],21,36,39,15,36
1,<environment.Job instance at 0x7fd42d496870>,19,13,[10  5],20,39,52,19,39
1,<environment.Job instance at 0x7fd42d496370>,21,14,[3 6],22,47,61,25,47
1,<environment.Job instance at 0x7fd42d4962d0>,23,1,[6 1],24,52,53,28,52
1,<environment.Job instance at 0x7fd42d496690>,25,16,[5 8],26,52,68,26,52
1,<environment.Job instance at 0x7fd42d141140>,3,3,[9 1],4,6,9,2,6
1,<environment.Job instance at 0x7fd42db72460>,9,1,[6 1],10,11,12,1,11
1,<environment.Job instance at 0x7fd42d86a320>,10,15,[5 2],11,13,28,2,13
1,<environment.Job instance at 0x7fd42d86a550>,14,3,[ 5 14],15,28,31,13,15
1,<environment.Job instance at 0x7fd42e3039b0>,15,27,[6 1],16,16,43,0,16
1,<environment.Job instance at 0x7fd42e303820>,16,22,[5 5],17,31,53,14,24
1,<environment.Job instance at 0x7fd42e303f00>,17,14,[2 6],18,31,45,13,24
1,<environment.Job instance at 0x7fd42e303dc0>,18,3,[13  4],19,53,56,34,27
1,<environment.Job instance at 0x7fd42d3d2b40>,25,1,[1 6],26,45,46,19,30
1,<environment.Job instance at 0x7fd42d469550>,0,18,[9 5],1,1,19,0,1
1,<environment.Job instance at 0x7fd42d469780>,5,17,[6 5],6,6,23,0,6
1,<environment.Job instance at 0x7fd42d469aa0>,9,1,[6 1],10,19,20,9,19
1,<environment.Job instance at 0x7fd42d4698c0>,3,3,[9 1],4,20,23,16,20
1,<environment.Job instance at 0x7fd42d3d2a00>,17,14,[2 6],18,23,37,5,23
1,<environment.Job instance at 0x7fd42d672b40>,12,14,[7 1],13,23,37,10,23
1,<environment.Job instance at 0x7fd42d469320>,10,15,[5 2],11,23,38,12,23
1,<environment.Job instance at 0x7fd42db72410>,19,16,[2 9],20,37,53,17,37
1,<environment.Job instance at 0x7fd42dc52aa0>,23,17,[4 5],24,38,55,14,38
1,<environment.Job instance at 0x7fd42d5fea50>,25,1,[1 6],26,53,54,27,53
1,<environment.Job instance at 0x7fd42d469190>,8,16,[ 5 10],9,54,70,45,54
1,<environment.Job instance at 0x7fd42d5fe640>,29,3,[7 1],30,55,58,25,55
1,<environment.Job instance at 0x7fd42d5fe960>,31,15,[10  4],32,58,73,26,58
1,<environment.Job instance at 0x7fd42dba3460>,3,3,[5 2],4,4,7,0,4
1,<environment.Job instance at 0x7fd42dba3e10>,8,3,[14  5],9,12,15,3,12
1,<environment.Job instance at 0x7fd42dba3910>,11,2,[5 6],12,15,17,3,12
1,<environment.Job instance at 0x7fd42dba3500>,9,1,[ 3 12],10,17,18,7,12
1,<environment.Job instance at 0x7fd42dba39b0>,4,2,[ 2 14],5,18,20,13,13
1,<environment.Job instance at 0x7fd42d5587d0>,13,23,[5 1],14,15,38,1,15
1,<environment.Job instance at 0x7fd42d558500>,15,13,[5 1],16,20,33,4,16
1,<environment.Job instance at 0x7fd42d558a50>,17,13,[6 3],18,33,46,15,18
1,<environment.Job instance at 0x7fd42d558af0>,18,3,[1 5],19,20,23,1,19
1,<environment.Job instance at 0x7fd42d558be0>,19,20,[3 8],20,21,41,1,21
1,<environment.Job instance at 0x7fd42d558cd0>,21,3,[2 7],22,41,44,19,22
1,<environment.Job instance at 0x7fd42d558f00>,22,1,[10  4],23,46,47,23,23
1,<environment.Job instance at 0x7fd42d558f50>,23,3,[3 8],24,44,47,20,24
1,<environment.Job instance at 0x7fd42df7d320>,28,16,[1 5],29,47,63,18,34
1,<environment.Job instance at 0x7fd42df7d5a0>,31,13,[9 3],32,47,60,15,34
1,<environment.Job instance at 0x7fd42df7d9b0>,34,13,[6 5],35,60,73,25,44
1,<environment.Job instance at 0x7fd42df7d500>,30,1,[ 5 12],31,73,74,42,45
1,<environment.Job instance at 0x7fd42df7daf0>,36,3,[ 5 13],37,74,77,37,48
1,<environment.Job instance at 0x7fd42df7dcd0>,39,3,[ 2 13],40,77,80,37,51
1,<environment.Job instance at 0x7fd42df7dd70>,40,2,[ 4 12],41,80,82,39,53
1,<environment.Job instance at 0x7fd42def15f0>,1,19,[4 8],2,2,21,0,2
1,<environment.Job instance at 0x7fd42def17d0>,3,3,[5 2],4,4,7,0,4
1,<environment.Job instance at 0x7fd42def1aa0>,6,1,[4 6],7,7,8,0,7
1,<environment.Job instance at 0x7fd42def1dc0>,7,18,[9 4],8,8,26,0,8
1,<environment.Job instance at 0x7fd42def1190>,11,2,[5 6],12,21,23,9,21
1,<environment.Job instance at 0x7fd42d5fe460>,18,3,[1 5],19,21,24,2,21
1,<environment.Job instance at 0x7fd42d5fe820>,15,13,[5 1],16,23,36,7,23
1,<environment.Job instance at 0x7fd42d5fea50>,22,1,[10  4],23,26,27,3,26
1,<environment.Job instance at 0x7fd42d5fec80>,23,3,[3 8],24,27,30,3,27
1,<environment.Job instance at 0x7fd42d5fe690>,17,13,[6 3],18,27,40,9,27
1,<environment.Job instance at 0x7fd42d5fed70>,21,3,[2 7],22,30,33,8,30
1,<environment.Job instance at 0x7fd42def1230>,2,16,[ 4 10],3,33,49,30,33
1,<environment.Job instance at 0x7fd42db72dc0>,28,16,[1 5],29,40,56,11,40
1,<environment.Job instance at 0x7fd42d3d2a00>,31,13,[9 3],32,49,62,17,49
1,<environment.Job instance at 0x7fd42dc52320>,25,17,[3 6],26,49,66,23,49
1,<environment.Job instance at 0x7fd42d6a46e0>,1,13,[1 9],2,2,15,0,2
1,<environment.Job instance at 0x7fd42d6c2410>,3,13,[1 7],4,15,28,11,4
1,<environment.Job instance at 0x7fd42e679be0>,4,23,[1 5],5,6,29,1,6
1,<environment.Job instance at 0x7fd42d6c2e60>,6,2,[ 5 13],7,29,31,22,7
1,<environment.Job instance at 0x7fd42e4bb910>,8,2,[ 1 10],9,31,33,22,9
1,<environment.Job instance at 0x7fd42def1e60>,5,2,[5 5],6,31,33,25,9
1,<environment.Job instance at 0x7fd42d0e55f0>,11,1,[9 1],12,12,13,0,12
1,<environment.Job instance at 0x7fd42d0e5e10>,13,3,[8 2],14,15,18,1,14
1,<environment.Job instance at 0x7fd42d0e51e0>,14,3,[11  2],15,18,21,3,15
1,<environment.Job instance at 0x7fd42e5fb280>,15,3,[14  5],16,33,36,17,16
1,<environment.Job instance at 0x7fd42e5fbeb0>,16,12,[5 4],17,36,48,19,19
1,<environment.Job instance at 0x7fd42d0e5a00>,23,2,[11  1],24,24,26,0,24
1,<environment.Job instance at 0x7fd42d828780>,18,16,[ 4 10],19,36,52,17,26
1,<environment.Job instance at 0x7fd42dc221e0>,25,12,[9 4],26,48,60,22,33
1,<environment.Job instance at 0x7fd42e090690>,27,1,[13  4],28,60,61,32,35
1,<environment.Job instance at 0x7fd42e38c410>,28,13,[ 2 12],29,61,74,32,46
1,<environment.Job instance at 0x7fd42d4ca5a0>,17,14,[8 1],18,61,75,43,46
1,<environment.Job instance at 0x7fd42d5582d0>,1,13,[1 9],2,2,15,0,2
1,<environment.Job instance at 0x7fd42d558870>,5,2,[5 5],6,6,8,0,6
1,<environment.Job instance at 0x7fd42dc52780>,9,13,[7 5],10,10,23,0,10
1,<environment.Job instance at 0x7fd42d6c2460>,8,2,[ 1 10],9,15,17,6,15
1,<environment.Job instance at 0x7fd42e26ef50>,13,3,[8 2],14,17,20,3,17
1,<environment.Job instance at 0x7fd42ce205f0>,16,12,[5 4],17,20,32,3,20
1,<environment.Job instance at 0x7fd42dafb230>,11,1,[9 1],12,23,24,11,23
1,<environment.Job instance at 0x7fd42e449dc0>,3,13,[1 7],4,23,36,19,23
1,<environment.Job instance at 0x7fd42e7007d0>,17,14,[8 1],18,24,38,6,24
1,<environment.Job instance at 0x7fd42def1280>,33,2,[5 2],34,36,38,2,36
1,<environment.Job instance at 0x7fd42ce62640>,34,3,[5 1],35,38,41,3,38
1,<environment.Job instance at 0x7fd42def15f0>,25,12,[9 4],26,38,50,12,38
1,<environment.Job instance at 0x7fd42e1805a0>,29,15,[4 9],30,41,56,11,41
1,<environment.Job instance at 0x7fd42e180730>,30,15,[7 5],31,50,65,19,50
1,<environment.Job instance at 0x7fd42ce62550>,41,2,[5 9],42,56,58,14,56
1,<environment.Job instance at 0x7fd42dd133c0>,43,15,[4 7],44,58,73,14,58
1,<environment.Job instance at 0x7fd436db1730>,2,14,[7 2],3,3,17,0,3
1,<environment.Job instance at 0x7fd42dc2c870>,4,14,[7 2],5,5,19,0,5
1,<environment.Job instance at 0x7fd42dc2c140>,5,12,[6 1],6,17,29,11,6
1,<environment.Job instance at 0x7fd42dc2ccd0>,6,2,[9 2],7,19,21,12,7
1,<environment.Job instance at 0x7fd42dc2cb90>,7,2,[6 3],8,21,23,13,8
1,<environment.Job instance at 0x7fd42dc2ceb0>,14,12,[11  4],15,29,41,14,17
1,<environment.Job instance at 0x7fd42dc2c640>,17,21,[1 7],18,21,42,3,18
1,<environment.Job instance at 0x7fd42dc2cd20>,21,2,[8 4],22,23,25,1,22
1,<environment.Job instance at 0x7fd42e6984b0>,22,1,[13  4],23,41,42,18,23
1,<environment.Job instance at 0x7fd42dc2c0f0>,19,2,[5 5],20,25,27,5,24
1,<environment.Job instance at 0x7fd42e698870>,23,12,[5 9],24,42,54,18,25
1,<environment.Job instance at 0x7fd42e698280>,24,12,[6 4],25,42,54,17,27
1,<environment.Job instance at 0x7fd42dc2c3c0>,16,12,[10  1],17,54,66,37,37
1,<environment.Job instance at 0x7fd42e698960>,28,2,[8 1],29,66,68,37,40
1,<environment.Job instance at 0x7fd42e698e60>,26,17,[ 1 12],27,54,71,27,42
1,<environment.Job instance at 0x7fd42dbe7280>,31,3,[2 5],32,71,74,39,49
1,<environment.Job instance at 0x7fd42dd130a0>,2,14,[7 2],3,3,17,0,3
1,<environment.Job instance at 0x7fd42dd13870>,4,14,[7 2],5,5,19,0,5
1,<environment.Job instance at 0x7fd42dd133c0>,7,2,[6 3],8,17,19,9,17
1,<environment.Job instance at 0x7fd42dd13370>,6,2,[9 2],7,19,21,12,19
1,<environment.Job instance at 0x7fd42dd13a00>,5,12,[6 1],6,19,31,13,19
1,<environment.Job instance at 0x7fd42e275cd0>,13,12,[ 3 10],14,21,33,7,21
1,<environment.Job instance at 0x7fd42e7007d0>,12,14,[5 4],13,21,35,8,21
1,<environment.Job instance at 0x7fd42dc10960>,16,12,[10  1],17,33,45,16,33
1,<environment.Job instance at 0x7fd42d584a50>,19,2,[5 5],20,35,37,15,35
1,<environment.Job instance at 0x7fd42dd4a500>,10,14,[3 8],11,37,51,26,37
1,<environment.Job instance at 0x7fd42de7c640>,21,2,[8 4],22,45,47,23,45
1,<environment.Job instance at 0x7fd42e08ff00>,24,12,[6 4],25,47,59,22,47
1,<environment.Job instance at 0x7fd42e08f820>,23,12,[5 9],24,51,63,27,51
1,<environment.Job instance at 0x7fd42e08fc80>,28,2,[8 1],29,59,61,30,59
1,<environment.Job instance at 0x7fd42cf24050>,31,3,[2 5],32,59,62,27,59
1,<environment.Job instance at 0x7fd42d9a5280>,1,14,[5 5],2,2,16,0,2
1,<environment.Job instance at 0x7fd42d9a50f0>,4,16,[6 1],5,5,21,0,5
1,<environment.Job instance at 0x7fd42d9a57d0>,5,14,[11  2],6,21,35,15,7
1,<environment.Job instance at 0x7fd42deb0cd0>,9,12,[6 3],10,35,47,25,18
1,<environment.Job instance at 0x7fd42deb0960>,13,2,[ 1 12],14,19,21,5,19
1,<environment.Job instance at 0x7fd436d769b0>,23,3,[ 4 11],24,24,27,0,24
1,<environment.Job instance at 0x7fd42e214dc0>,24,2,[8 3],25,35,37,10,25
1,<environment.Job instance at 0x7fd42d043c80>,25,3,[2 8],26,27,30,1,26
1,<environment.Job instance at 0x7fd42cece0a0>,19,14,[11  5],20,47,61,27,32
1,<environment.Job instance at 0x7fd42deb00a0>,12,12,[1 8],13,46,58,33,46
1,<environment.Job instance at 0x7fd42d8cbf00>,27,15,[8 5],28,61,76,33,47
1,<environment.Job instance at 0x7fd42e7073c0>,30,13,[3 6],31,58,71,27,48
1,<environment.Job instance at 0x7fd42e707820>,32,1,[14  3],33,76,77,43,48
1,<environment.Job instance at 0x7fd42e4c0410>,33,3,[2 8],34,71,74,37,48
1,<environment.Job instance at 0x7fd436dd2eb0>,34,3,[ 3 10],35,77,80,42,51
1,<environment.Job instance at 0x7fd42d058d70>,42,1,[11  2],43,77,78,34,51
1,<environment.Job instance at 0x7fd42e55de10>,43,3,[9 1],44,78,81,34,52
1,<environment.Job instance at 0x7fd42d8d9f50>,41,2,[2 7],42,74,76,32,53
1,<environment.Job instance at 0x7fd42e2ca910>,1,14,[5 5],2,2,16,0,2
1,<environment.Job instance at 0x7fd42ceeae10>,4,16,[6 1],5,5,21,0,5
1,<environment.Job instance at 0x7fd42e324910>,7,18,[1 5],8,8,26,0,8
1,<environment.Job instance at 0x7fd42d1be500>,9,12,[6 3],10,16,28,6,16
1,<environment.Job instance at 0x7fd42d681280>,15,18,[6 2],16,21,39,5,21
1,<environment.Job instance at 0x7fd42e264410>,12,12,[1 8],13,26,38,13,26
1,<environment.Job instance at 0x7fd42ddfbcd0>,17,13,[7 5],18,28,41,10,28
1,<environment.Job instance at 0x7fd42d667780>,24,2,[8 3],25,39,41,14,39
1,<environment.Job instance at 0x7fd42d667f50>,25,3,[2 8],26,41,44,15,41
1,<environment.Job instance at 0x7fd42e264d20>,14,13,[9 5],15,41,54,26,41
1,<environment.Job instance at 0x7fd42e25f4b0>,30,13,[3 6],31,44,57,13,44
1,<environment.Job instance at 0x7fd42e25faa0>,31,2,[7 5],32,54,56,22,54
1,<environment.Job instance at 0x7fd42e25fe10>,33,3,[2 8],34,56,59,22,56
1,<environment.Job instance at 0x7fd42d667a50>,27,15,[8 5],28,57,72,29,57
1,<environment.Job instance at 0x7fd42d046230>,34,3,[ 3 10],35,59,62,24,59
1,<environment.Job instance at 0x7fd42d68d910>,0,1,[8 3],1,1,2,0,1
1,<environment.Job instance at 0x7fd42d67b3c0>,1,13,[8 3],2,2,15,0,2
1,<environment.Job instance at 0x7fd42cfd3320>,3,1,[7 1],4,4,5,0,4
1,<environment.Job instance at 0x7fd42cfd3af0>,11,17,[6 4],12,12,29,0,12
1,<environment.Job instance at 0x7fd42cfd30a0>,12,17,[4 7],13,15,32,2,13
1,<environment.Job instance at 0x7fd42d447b90>,13,3,[ 3 10],14,32,35,18,14
1,<environment.Job instance at 0x7fd42d447f50>,14,13,[10  5],15,29,42,14,15
1,<environment.Job instance at 0x7fd42d4474b0>,18,2,[8 5],19,42,44,23,19
1,<environment.Job instance at 0x7fd42d447730>,19,3,[ 3 11],20,44,47,24,21
1,<environment.Job instance at 0x7fd42cfd3140>,16,12,[5 1],17,35,47,18,21
1,<environment.Job instance at 0x7fd42d447460>,21,3,[1 6],22,47,50,25,22
1,<environment.Job instance at 0x7fd42d447a50>,25,2,[3 9],26,47,49,21,27
1,<environment.Job instance at 0x7fd42e5412d0>,31,1,[10  1],32,49,50,17,32
1,<environment.Job instance at 0x7fd42e541730>,32,1,[10  1],33,50,51,17,33
1,<environment.Job instance at 0x7fd42e5415a0>,33,20,[1 8],34,49,69,15,41
1,<environment.Job instance at 0x7fd42d7f6b90>,37,13,[7 2],38,51,64,13,41
1,<environment.Job instance at 0x7fd42db3b690>,0,1,[8 3],1,1,2,0,1
1,<environment.Job instance at 0x7fd42d6741e0>,1,13,[8 3],2,2,15,0,2
1,<environment.Job instance at 0x7fd42d84c960>,3,1,[7 1],4,4,5,0,4
1,<environment.Job instance at 0x7fd42db3bfa0>,11,17,[6 4],12,12,29,0,12
1,<environment.Job instance at 0x7fd42d312c30>,13,3,[ 3 10],14,15,18,1,15
1,<environment.Job instance at 0x7fd42d692eb0>,6,14,[9 5],7,18,32,11,18
1,<environment.Job instance at 0x7fd42d57d960>,16,12,[5 1],17,29,41,12,29
1,<environment.Job instance at 0x7fd42e60b1e0>,18,2,[8 5],19,32,34,13,32
1,<environment.Job instance at 0x7fd42e25fe10>,21,3,[1 6],22,32,35,10,32
1,<environment.Job instance at 0x7fd42d100190>,15,14,[2 6],16,34,48,18,34
1,<environment.Job instance at 0x7fd42e25f4b0>,23,14,[5 7],24,35,49,11,35
1,<environment.Job instance at 0x7fd42e25f690>,22,15,[8 1],23,41,56,18,41
1,<environment.Job instance at 0x7fd42d667960>,25,2,[3 9],26,49,51,23,49
1,<environment.Job instance at 0x7fd42d667d70>,26,15,[ 4 10],27,51,66,24,51
1,<environment.Job instance at 0x7fd42d7c8050>,32,1,[10  1],33,56,57,23,56
1,<environment.Job instance at 0x7fd42d7c8a50>,31,1,[10  1],32,57,58,25,57
1,<environment.Job instance at 0x7fd4373af5f0>,14,13,[10  5],15,58,71,43,58
1,<environment.Job instance at 0x7fd42e33e460>,2,1,[ 5 14],3,3,4,0,3
1,<environment.Job instance at 0x7fd42e33e6e0>,6,15,[1 8],7,7,22,0,7
1,<environment.Job instance at 0x7fd42e4244b0>,7,3,[ 4 11],8,22,25,14,8
1,<environment.Job instance at 0x7fd42e33e370>,8,15,[5 1],9,9,24,0,9
1,<environment.Job instance at 0x7fd42e424370>,9,13,[5 2],10,10,23,0,10
1,<environment.Job instance at 0x7fd42d16af50>,10,1,[10  2],11,24,25,13,11
1,<environment.Job instance at 0x7fd42df29c30>,14,3,[13  3],15,25,28,10,15
1,<environment.Job instance at 0x7fd42d8dd140>,15,13,[8 1],16,28,41,12,16
1,<environment.Job instance at 0x7fd42d6725a0>,18,2,[ 4 14],19,28,30,9,19
1,<environment.Job instance at 0x7fd42d672050>,19,14,[6 1],20,30,44,10,20
1,<environment.Job instance at 0x7fd42d672500>,20,2,[1 5],21,25,27,4,21
1,<environment.Job instance at 0x7fd42def13c0>,23,3,[10  2],24,44,47,20,24
1,<environment.Job instance at 0x7fd42def1410>,29,14,[ 1 10],30,30,44,0,30
1,<environment.Job instance at 0x7fd42def1280>,33,1,[5 6],34,44,45,10,34
1,<environment.Job instance at 0x7fd42def1e60>,34,12,[8 3],35,47,59,12,35
1,<environment.Job instance at 0x7fd42de52f50>,36,3,[6 3],37,41,44,4,37
1,<environment.Job instance at 0x7fd42de52910>,37,2,[12  3],38,59,61,21,38
1,<environment.Job instance at 0x7fd42def1dc0>,31,18,[5 2],32,61,79,29,50
1,<environment.Job instance at 0x7fd42d235780>,44,12,[3 5],45,50,62,5,50
1,<environment.Job instance at 0x7fd42d2355a0>,39,13,[9 1],40,62,75,22,54
1,<environment.Job instance at 0x7fd42d5ae500>,1,22,[10  5],2,2,24,0,2
1,<environment.Job instance at 0x7fd42e1a9140>,4,12,[ 1 10],5,5,17,0,5
1,<environment.Job instance at 0x7fd42d1b6140>,9,13,[5 2],10,17,30,7,17
1,<environment.Job instance at 0x7fd42e2995a0>,10,1,[10  2],11,24,25,13,24
1,<environment.Job instance at 0x7fd42d4aea00>,15,13,[8 1],16,25,38,9,25
1,<environment.Job instance at 0x7fd42e44cf50>,20,2,[1 5],21,25,27,4,25
1,<environment.Job instance at 0x7fd42d2d2460>,6,15,[1 8],7,27,42,20,27
1,<environment.Job instance at 0x7fd42e44c910>,19,14,[6 1],20,30,44,10,30
1,<environment.Job instance at 0x7fd42e5a20a0>,24,14,[7 5],25,38,52,13,38
1,<environment.Job instance at 0x7fd4371283c0>,17,18,[1 9],18,42,60,24,42
1,<environment.Job instance at 0x7fd42e299eb0>,8,15,[5 1],9,44,59,35,44
1,<environment.Job instance at 0x7fd42d265e10>,28,18,[5 5],29,52,70,23,52
1,<environment.Job instance at 0x7fd42e6d99b0>,0,17,[5 1],1,1,18,0,1
1,<environment.Job instance at 0x7fd42def52d0>,1,21,[2 6],2,2,23,0,2
1,<environment.Job instance at 0x7fd436db9d70>,11,3,[3 9],12,18,21,6,12
1,<environment.Job instance at 0x7fd42e6d9b40>,5,17,[5 5],6,21,38,15,13
1,<environment.Job instance at 0x7fd42d45fdc0>,15,16,[2 9],16,23,39,7,17
1,<environment.Job instance at 0x7fd42d45f140>,14,3,[ 5 14],15,39,42,24,20
1,<environment.Job instance at 0x7fd42dbf6af0>,20,2,[ 2 10],21,42,44,21,21
1,<environment.Job instance at 0x7fd42dc18f50>,21,3,[1 6],22,44,47,22,22
1,<environment.Job instance at 0x7fd42deda410>,19,14,[8 4],20,42,56,22,29
1,<environment.Job instance at 0x7fd42dedad20>,18,18,[5 4],19,44,62,25,33
1,<environment.Job instance at 0x7fd42dc18b40>,24,16,[ 5 12],25,62,78,37,49
1,<environment.Job instance at 0x7fd42d9c1140>,0,17,[5 1],1,1,18,0,1
1,<environment.Job instance at 0x7fd42d9c1500>,1,21,[2 6],2,2,23,0,2
1,<environment.Job instance at 0x7fd42d9c11e0>,5,17,[5 5],6,6,23,0,6
1,<environment.Job instance at 0x7fd42d265c80>,9,15,[7 3],10,18,33,8,18
1,<environment.Job instance at 0x7fd42d265190>,7,14,[8 5],8,23,37,15,23
1,<environment.Job instance at 0x7fd42e5a25a0>,11,3,[3 9],12,33,36,21,33
1,<environment.Job instance at 0x7fd42e44c320>,15,16,[2 9],16,36,52,20,36
1,<environment.Job instance at 0x7fd42e545eb0>,6,14,[9 5],7,37,51,30,37
1,<environment.Job instance at 0x7fd42d1b6140>,19,14,[8 4],20,51,65,31,51
1,<environment.Job instance at 0x7fd42d4ae690>,20,2,[ 2 10],21,52,54,31,52
1,<environment.Job instance at 0x7fd42d4ae8c0>,21,3,[1 6],22,54,57,32,54
1,<environment.Job instance at 0x7fd42e5a2280>,10,17,[1 5],11,54,71,43,54
1,<environment.Job instance at 0x7fd42e227aa0>,27,3,[6 1],28,57,60,29,57
1,<environment.Job instance at 0x7f0270f838c0>,3,3,[ 4 14],4,6,9,2,6
1,<environment.Job instance at 0x7f0267939af0>,4,14,[1 6],5,9,23,4,7
1,<environment.Job instance at 0x7f0267939c30>,7,25,[6 2],8,9,34,1,8
1,<environment.Job instance at 0x7f0267939cd0>,6,20,[6 1],7,11,31,4,11
1,<environment.Job instance at 0x7f0267939dc0>,11,1,[8 5],12,31,32,19,12
1,<environment.Job instance at 0x7f0267939b90>,5,24,[1 5],6,15,39,9,15
1,<environment.Job instance at 0x7f026793e370>,14,13,[7 3],15,32,45,17,17
1,<environment.Job instance at 0x7f026793e730>,18,3,[ 4 13],19,45,48,26,19
1,<environment.Job instance at 0x7f026793e6e0>,20,1,[13  5],21,48,49,27,21
1,<environment.Job instance at 0x7f026793e820>,21,1,[6 5],22,34,35,12,22
1,<environment.Job instance at 0x7f026793ea50>,22,1,[2 7],23,23,24,0,23
1,<environment.Job instance at 0x7f026793e280>,12,13,[10  2],13,49,62,36,33
1,<environment.Job instance at 0x7f026793e410>,16,16,[3 5],17,49,65,32,38
1,<environment.Job instance at 0x7f026793eeb0>,27,18,[1 8],28,48,66,20,39
1,<environment.Job instance at 0x7f026793e5f0>,23,27,[ 1 14],24,69,96,45,69
1,<environment.Job instance at 0x7f0267939d70>,2,22,[4 8],3,3,25,0,3
1,<environment.Job instance at 0x7f0267946280>,4,14,[1 6],5,5,19,0,5
1,<environment.Job instance at 0x7f0270f837d0>,6,20,[6 1],7,7,27,0,7
1,<environment.Job instance at 0x7f0267946780>,11,1,[8 5],12,25,26,13,25
1,<environment.Job instance at 0x7f02679469b0>,21,1,[6 5],22,26,27,4,26
1,<environment.Job instance at 0x7f0267946cd0>,22,1,[2 7],23,26,27,3,26
1,<environment.Job instance at 0x7f0267946730>,12,13,[10  2],13,27,40,14,27
1,<environment.Job instance at 0x7f02679467d0>,16,16,[3 5],17,27,43,10,27
1,<environment.Job instance at 0x7f0267946870>,15,18,[2 8],16,27,45,11,27
1,<environment.Job instance at 0x7f02679468c0>,14,13,[7 3],15,43,56,28,43
1,<environment.Job instance at 0x7f0267947730>,35,2,[1 8],36,45,47,9,45
1,<environment.Job instance at 0x7f0267947690>,34,16,[2 8],35,47,63,12,47
1,<environment.Job instance at 0x7f02679477d0>,36,15,[9 5],37,56,71,19,56
1,<environment.Job instance at 0x7f0267934460>,46,13,[6 5],47,63,76,16,63
1,<environment.Job instance at 0x7f02670ddaa0>,3,2,[5 9],4,4,6,0,4
1,<environment.Job instance at 0x7f02670ddc80>,4,13,[6 3],5,5,18,0,5
1,<environment.Job instance at 0x7f02670dd4b0>,5,14,[5 1],6,6,20,0,6
1,<environment.Job instance at 0x7f02670814b0>,11,14,[2 6],12,12,26,0,12
1,<environment.Job instance at 0x7f0267080af0>,16,3,[5 7],17,18,21,1,17
1,<environment.Job instance at 0x7f0267081910>,17,3,[5 5],18,21,24,3,18
1,<environment.Job instance at 0x7f02670804b0>,18,2,[ 3 10],19,26,28,7,19
1,<environment.Job instance at 0x7f02670802d0>,20,16,[7 1],21,21,37,0,21
1,<environment.Job instance at 0x7f0267080d70>,24,12,[5 6],25,28,40,3,26
1,<environment.Job instance at 0x7f0267080190>,25,1,[7 4],26,37,38,11,26
1,<environment.Job instance at 0x7f02670807d0>,22,3,[4 7],23,38,41,15,26
1,<environment.Job instance at 0x7f0267076b40>,27,17,[3 5],28,40,57,12,28
1,<environment.Job instance at 0x7f02679476e0>,1,21,[10  2],2,2,23,0,2
1,<environment.Job instance at 0x7f0267947500>,3,2,[5 9],4,4,6,0,4
1,<environment.Job instance at 0x7f0267947370>,5,14,[5 1],6,6,20,0,6
1,<environment.Job instance at 0x7f02671eafa0>,11,14,[2 6],12,20,34,8,20
1,<environment.Job instance at 0x7f02670d94b0>,9,12,[10  2],10,23,35,13,23
1,<environment.Job instance at 0x7f0267156f50>,12,15,[5 9],13,34,49,21,34
1,<environment.Job instance at 0x7f0267947230>,4,13,[6 3],5,35,48,30,35
1,<environment.Job instance at 0x7f0267157f50>,17,3,[5 5],18,48,51,30,48
1,<environment.Job instance at 0x7f0267157fa0>,18,2,[ 3 10],19,49,51,30,49
1,<environment.Job instance at 0x7f02671577d0>,16,3,[5 7],17,51,54,34,51
1,<environment.Job instance at 0x7f026715aa00>,22,3,[4 7],23,51,54,28,51
1,<environment.Job instance at 0x7f026715afa0>,24,12,[5 6],25,54,66,29,54
1,<environment.Job instance at 0x7f026715a8c0>,25,1,[7 4],26,54,55,28,54
1,<environment.Job instance at 0x7f026724f7d0>,8,13,[8 5],9,55,68,46,55
1,<environment.Job instance at 0x7f0267157f00>,20,16,[7 1],21,66,82,45,66
1,<environment.Job instance at 0x7f026715eaa0>,31,12,[8 1],32,68,80,36,68
1,<environment.Job instance at 0x7f0266fa00a0>,1,13,[5 6],2,2,15,0,2
1,<environment.Job instance at 0x7f0266fa0be0>,5,13,[ 4 10],6,15,28,9,6
1,<environment.Job instance at 0x7f0266fa00f0>,7,1,[4 8],8,8,9,0,8
1,<environment.Job instance at 0x7f0266fa5780>,1,13,[5 6],2,2,15,0,2
1,<environment.Job instance at 0x7f0266fa50a0>,2,22,[4 8],3,3,25,0,3
1,<environment.Job instance at 0x7f0266f6ba00>,10,3,[1 7],11,15,18,4,15
1,<environment.Job instance at 0x7f0266f6b870>,11,3,[4 7],12,18,21,6,18
1,<environment.Job instance at 0x7f0266f6b140>,13,3,[5 2],14,21,24,7,21
1,<environment.Job instance at 0x7f0266f6f690>,18,17,[5 5],19,21,38,2,21
1,<environment.Job instance at 0x7f0266f6b9b0>,7,1,[4 8],8,25,26,17,25
1,<environment.Job instance at 0x7f0266f6bc30>,5,13,[ 4 10],6,26,39,20,26
1,<environment.Job instance at 0x7f0267027410>,25,3,[10  1],26,38,41,12,38
1,<environment.Job instance at 0x7f0266f6f730>,19,17,[3 7],20,39,56,19,39
1,<environment.Job instance at 0x7f0267027af0>,30,2,[9 5],31,41,43,10,41
1,<environment.Job instance at 0x7f0267027640>,23,13,[7 5],24,43,56,19,43
1,<environment.Job instance at 0x7f0267027820>,32,16,[6 4],33,56,72,23,56
1,<environment.Job instance at 0x7f0267027c80>,39,14,[2 6],40,56,70,16,56
1,<environment.Job instance at 0x7f0266f6b1e0>,16,17,[7 1],17,56,73,39,56
1,<environment.Job instance at 0x7f0267de1910>,2,2,[12  2],3,3,5,0,3
1,<environment.Job instance at 0x7f0267de1e60>,3,2,[5 9],4,5,7,1,4
1,<environment.Job instance at 0x7f0267de12d0>,9,14,[ 1 10],10,10,24,0,10
1,<environment.Job instance at 0x7f0267de1140>,12,14,[6 1],13,13,27,0,13
1,<environment.Job instance at 0x7f0267de1af0>,18,13,[6 3],19,19,32,0,19
1,<environment.Job instance at 0x7f0267de1d20>,15,14,[10  1],16,32,46,16,19
1,<environment.Job instance at 0x7f0267de19b0>,19,13,[7 4],20,46,59,26,30
1,<environment.Job instance at 0x7f0267e4d550>,28,2,[2 8],29,40,42,11,40
1,<environment.Job instance at 0x7f0267e4d320>,24,1,[12  1],25,59,60,34,40
1,<environment.Job instance at 0x7f0267e4daa0>,29,16,[2 8],30,42,58,12,40
1,<environment.Job instance at 0x7f0267e4dfa0>,31,3,[10  5],32,60,63,28,42
1,<environment.Job instance at 0x7f0267de2be0>,34,3,[7 5],35,63,66,28,43
1,<environment.Job instance at 0x7f0267de2d70>,38,18,[4 6],39,60,78,21,50
1,<environment.Job instance at 0x7f0267de26e0>,40,3,[11  3],41,66,69,25,55
1,<environment.Job instance at 0x7f0267de2d20>,36,16,[7 4],37,69,85,32,60
1,<environment.Job instance at 0x7f0267de2460>,43,12,[9 1],44,85,97,41,68
1,<environment.Job instance at 0x7f02670a5c80>,3,2,[5 9],4,4,6,0,4
1,<environment.Job instance at 0x7f02670a5320>,4,13,[9 4],5,5,18,0,5
1,<environment.Job instance at 0x7f0267043870>,6,17,[3 8],7,7,24,0,7
1,<environment.Job instance at 0x7f02670432d0>,15,14,[10  1],16,18,32,2,18
1,<environment.Job instance at 0x7f02670435a0>,9,14,[ 1 10],10,24,38,14,24
1,<environment.Job instance at 0x7f0267043690>,18,13,[6 3],19,32,45,13,32
1,<environment.Job instance at 0x7f0267043eb0>,12,14,[6 1],13,32,46,19,32
1,<environment.Job instance at 0x7f02670430a0>,14,16,[3 8],15,38,54,23,38
1,<environment.Job instance at 0x7f0267043050>,19,13,[7 4],20,46,59,26,46
1,<environment.Job instance at 0x7f0267027500>,28,2,[2 8],29,54,56,25,54
1,<environment.Job instance at 0x7f0267027910>,34,3,[7 5],35,56,59,21,56
1,<environment.Job instance at 0x7f02670279b0>,31,3,[10  5],32,59,62,27,59
1,<environment.Job instance at 0x7f0267027780>,29,16,[2 8],30,59,75,29,59
1,<environment.Job instance at 0x7f0267a830a0>,43,12,[9 1],44,62,74,18,62
1,<environment.Job instance at 0x7f0267e4d190>,38,18,[4 6],39,62,80,23,62
1,<environment.Job instance at 0x7f0267753410>,2,15,[6 1],3,3,18,0,3
1,<environment.Job instance at 0x7f02677534b0>,3,1,[6 4],4,4,5,0,4
1,<environment.Job instance at 0x7f02677535f0>,7,2,[8 5],8,8,10,0,8
1,<environment.Job instance at 0x7f026775d320>,9,18,[6 1],10,10,28,0,10
1,<environment.Job instance at 0x7f026775d640>,10,2,[ 1 11],11,11,13,0,11
1,<environment.Job instance at 0x7f0267756190>,15,1,[7 3],16,18,19,2,16
1,<environment.Job instance at 0x7f02677565a0>,17,1,[2 7],18,18,19,0,18
1,<environment.Job instance at 0x7f0267756d70>,19,15,[8 2],20,20,35,0,20
1,<environment.Job instance at 0x7f02677560a0>,22,2,[11  1],23,35,37,12,23
1,<environment.Job instance at 0x7f0267672820>,25,2,[5 5],26,28,30,2,26
1,<environment.Job instance at 0x7f0267672e10>,26,13,[ 1 13],27,30,43,3,29
1,<environment.Job instance at 0x7f026738fbe0>,29,16,[11  1],30,37,53,7,31
1,<environment.Job instance at 0x7f0267671dc0>,31,1,[5 9],32,53,54,21,32
1,<environment.Job instance at 0x7f026772dcd0>,32,20,[2 6],33,43,63,10,37
1,<environment.Job instance at 0x7f0267751050>,36,2,[ 5 13],37,63,65,26,37
1,<environment.Job instance at 0x7f026738b140>,40,2,[ 3 10],41,65,67,24,41
1,<environment.Job instance at 0x7f026773a820>,41,17,[5 5],42,65,82,23,53
1,<environment.Job instance at 0x7f026773a7d0>,44,13,[4 8],45,67,80,22,53
1,<environment.Job instance at 0x7f026739d1e0>,45,2,[6 1],46,54,56,8,53
1,<environment.Job instance at 0x7f026772a320>,48,3,[5 9],49,80,83,31,61
1,<environment.Job instance at 0x7f026772a6e0>,58,13,[4 6],59,82,95,23,66
1,<environment.Job instance at 0x7f02677380f0>,61,13,[1 6],62,83,96,21,67
1,<environment.Job instance at 0x7f0267738190>,62,3,[3 5],63,95,98,32,69
1,<environment.Job instance at 0x7f02670277d0>,2,15,[6 1],3,3,18,0,3
1,<environment.Job instance at 0x7f02670276e0>,3,1,[6 4],4,4,5,0,4
1,<environment.Job instance at 0x7f0267027370>,7,2,[8 5],8,8,10,0,8
1,<environment.Job instance at 0x7f0267027eb0>,9,18,[6 1],10,10,28,0,10
1,<environment.Job instance at 0x7f02670273c0>,15,1,[7 3],16,18,19,2,18
1,<environment.Job instance at 0x7f0267027500>,17,1,[2 7],18,18,19,0,18
1,<environment.Job instance at 0x7f0267027f00>,16,14,[ 1 10],17,19,33,2,19
1,<environment.Job instance at 0x7f02670274b0>,11,18,[8 2],12,19,37,7,19
1,<environment.Job instance at 0x7f02670432d0>,25,2,[5 5],26,33,35,7,33
1,<environment.Job instance at 0x7f0267043b40>,31,1,[5 9],32,35,36,3,35
1,<environment.Job instance at 0x7f026734e960>,33,15,[5 1],34,36,51,2,36
1,<environment.Job instance at 0x7f0267043280>,19,15,[8 2],20,37,52,17,37
1,<environment.Job instance at 0x7f0267ddf6e0>,40,2,[ 3 10],41,51,53,10,51
1,<environment.Job instance at 0x7f0267ddfb90>,42,15,[5 5],43,52,67,9,52
1,<environment.Job instance at 0x7f0267ddff00>,44,13,[4 8],45,53,66,8,53
1,<environment.Job instance at 0x7f0267ddfe60>,45,2,[6 1],46,53,55,7,53
1,<environment.Job instance at 0x7f0267753550>,47,17,[ 1 10],48,66,83,18,66
1,<environment.Job instance at 0x7f0267ddf4b0>,41,17,[5 5],42,67,84,25,67
1,<environment.Job instance at 0x7f026775ea50>,0,14,[ 3 10],1,1,15,0,1
1,<environment.Job instance at 0x7f026775e730>,1,2,[13  1],2,15,17,13,2
1,<environment.Job instance at 0x7f02677314b0>,3,1,[10  2],4,4,5,0,4
1,<environment.Job instance at 0x7f02677310f0>,5,2,[9 5],6,6,8,0,6
1,<environment.Job instance at 0x7f0267731320>,9,12,[ 5 10],10,17,29,7,10
1,<environment.Job instance at 0x7f02678bf0a0>,11,12,[3 8],12,29,41,17,12
1,<environment.Job instance at 0x7f02678bfeb0>,19,13,[1 7],20,29,42,9,20
1,<environment.Job instance at 0x7f02684762d0>,22,2,[5 7],23,41,43,18,23
1,<environment.Job instance at 0x7f026772d320>,27,2,[6 3],28,42,44,14,28
1,<environment.Job instance at 0x7f0268476910>,28,3,[13  2],29,44,47,15,30
1,<environment.Job instance at 0x7f026772d6e0>,30,3,[1 6],31,43,46,12,31
1,<environment.Job instance at 0x7f026772db40>,32,2,[5 5],33,47,49,14,33
1,<environment.Job instance at 0x7f026772ddc0>,33,1,[7 4],34,43,44,9,34
1,<environment.Job instance at 0x7f026772d5f0>,29,14,[7 5],30,47,61,17,35
1,<environment.Job instance at 0x7f026772d2d0>,35,3,[12  3],36,61,64,25,36
1,<environment.Job instance at 0x7f026772d460>,38,3,[5 5],39,49,52,10,39
1,<environment.Job instance at 0x7f026772d640>,36,12,[ 5 14],37,64,76,27,47
1,<environment.Job instance at 0x7f02677529b0>,42,2,[9 2],43,76,78,33,49
1,<environment.Job instance at 0x7f0267752c30>,41,1,[7 4],42,52,53,10,49
1,<environment.Job instance at 0x7f02684821e0>,47,1,[ 2 14],48,78,79,30,50
1,<environment.Job instance at 0x7f02684829b0>,48,2,[7 5],49,53,55,4,50
1,<environment.Job instance at 0x7f0267750320>,51,2,[ 2 14],52,79,81,27,61
1,<environment.Job instance at 0x7f0267750c80>,53,3,[ 2 11],54,81,84,27,62
1,<environment.Job instance at 0x7f02677cbc30>,55,2,[12  2],56,81,83,25,62
1,<environment.Job instance at 0x7f02677cb5f0>,62,3,[7 4],63,83,86,20,64
1,<environment.Job instance at 0x7f02677cbb40>,58,2,[13  3],59,86,88,27,64
1,<environment.Job instance at 0x7f0267ddff00>,0,14,[ 3 10],1,1,15,0,1
1,<environment.Job instance at 0x7f0267ddf280>,3,1,[10  2],4,4,5,0,4
1,<environment.Job instance at 0x7f0267ddf050>,4,22,[7 5],5,5,27,0,5
1,<environment.Job instance at 0x7f0267ddfeb0>,9,12,[ 5 10],10,15,27,5,15
1,<environment.Job instance at 0x7f0267ddfaf0>,5,2,[9 5],6,27,29,21,27
1,<environment.Job instance at 0x7f0267e4d870>,11,12,[3 8],12,27,39,15,27
1,<environment.Job instance at 0x7f0267753e10>,16,15,[5 3],17,29,44,12,29
1,<environment.Job instance at 0x7f026772d0a0>,19,13,[1 7],20,39,52,19,39
1,<environment.Job instance at 0x7f0267ddf230>,10,17,[7 5],11,39,56,28,39
1,<environment.Job instance at 0x7f026772daf0>,22,2,[5 7],23,52,54,29,52
1,<environment.Job instance at 0x7f02677cb780>,27,2,[6 3],28,54,56,26,54
1,<environment.Job instance at 0x7f0268476c80>,17,18,[1 5],18,54,72,36,54
1,<environment.Job instance at 0x7f02677cb1e0>,30,3,[1 6],31,56,59,25,56
1,<environment.Job instance at 0x7f0267677fa0>,32,2,[5 5],33,59,61,26,59
1,<environment.Job instance at 0x7f0267677e10>,33,1,[7 4],34,59,60,25,59
1,<environment.Job instance at 0x7f02677cb910>,26,13,[5 5],27,60,73,33,60
1,<environment.Job instance at 0x7f02676775a0>,37,14,[7 5],38,61,75,23,61
1,<environment.Job instance at 0x7f0268487230>,1,2,[4 8],2,2,4,0,2
1,<environment.Job instance at 0x7f02675fd050>,2,16,[5 5],3,5,21,2,5
1,<environment.Job instance at 0x7f02675fd280>,5,3,[10  2],6,6,9,0,6
1,<environment.Job instance at 0x7f02675fd4b0>,7,3,[ 5 11],8,21,24,13,8
1,<environment.Job instance at 0x7f02672f7500>,3,3,[7 4],4,11,14,7,11
1,<environment.Job instance at 0x7f02675fd1e0>,4,1,[3 8],5,14,15,9,11
1,<environment.Job instance at 0x7f02675fd910>,12,3,[8 4],13,15,18,2,13
1,<environment.Job instance at 0x7f02675fd320>,8,2,[ 2 12],9,24,26,15,14
1,<environment.Job instance at 0x7f02675fd960>,13,15,[5 8],14,26,41,12,15
1,<environment.Job instance at 0x7f02675fdbe0>,15,2,[10  4],16,18,20,2,17
1,<environment.Job instance at 0x7f02675fdb40>,16,16,[6 3],17,20,36,3,18
1,<environment.Job instance at 0x7f02675fd9b0>,17,14,[5 7],18,36,50,18,21
1,<environment.Job instance at 0x7f02675ea1e0>,22,3,[2 7],23,41,44,18,23
1,<environment.Job instance at 0x7f02675fd8c0>,19,14,[ 1 14],20,50,64,30,36
1,<environment.Job instance at 0x7f02675ea2d0>,24,12,[10  3],25,64,76,39,47
1,<environment.Job instance at 0x7f02675ea4b0>,25,1,[ 1 10],26,64,65,38,47
1,<environment.Job instance at 0x7f02675fd640>,10,16,[3 8],11,65,81,54,61
1,<environment.Job instance at 0x7f02675ea690>,28,13,[5 1],29,76,89,47,61
1,<environment.Job instance at 0x7f02675ea730>,29,3,[9 2],30,81,84,51,61
1,<environment.Job instance at 0x7f02684690f0>,1,2,[4 8],2,2,4,0,2
1,<environment.Job instance at 0x7f0268469460>,2,16,[5 5],3,3,19,0,3
1,<environment.Job instance at 0x7f0268469aa0>,3,3,[7 4],4,4,7,0,4
1,<environment.Job instance at 0x7f0267688780>,4,1,[3 8],5,7,8,2,7
1,<environment.Job instance at 0x7f0268469410>,5,3,[10  2],6,8,11,2,8
1,<environment.Job instance at 0x7f02676889b0>,10,16,[3 8],11,11,27,0,11
1,<environment.Job instance at 0x7f0267688730>,15,2,[10  4],16,19,21,3,19
1,<environment.Job instance at 0x7f0267688c80>,12,3,[8 4],13,21,24,8,21
1,<environment.Job instance at 0x7f0267688190>,17,14,[5 7],18,24,38,6,24
1,<environment.Job instance at 0x7f0267688910>,22,3,[2 7],23,27,30,4,27
1,<environment.Job instance at 0x7f02677cb1e0>,24,12,[10  3],25,30,42,5,30
1,<environment.Job instance at 0x7f02677cbdc0>,25,1,[ 1 10],26,38,39,12,38
1,<environment.Job instance at 0x7f0267750be0>,28,13,[5 1],29,39,52,10,39
1,<environment.Job instance at 0x7f02684823c0>,29,3,[9 2],30,42,45,12,42
1,<environment.Job instance at 0x7f0267750410>,27,13,[10  3],28,45,58,17,45
1,<environment.Job instance at 0x7f0267688230>,13,15,[5 8],14,52,67,38,52
1,<environment.Job instance at 0x7f0267e4d870>,38,12,[8 5],39,58,70,19,58
1,<environment.Job instance at 0x7f0267688460>,16,16,[6 3],17,67,83,50,67
1,<environment.Job instance at 0x7f0267fe7410>,4,3,[2 7],5,5,8,0,5
1,<environment.Job instance at 0x7f0267fe78c0>,8,1,[6 3],9,9,10,0,9
1,<environment.Job instance at 0x7f026707faa0>,10,1,[1 9],11,11,12,0,11
1,<environment.Job instance at 0x7f026707f8c0>,11,3,[ 5 12],12,13,16,1,13
1,<environment.Job instance at 0x7f026707ffa0>,12,3,[8 5],13,16,19,3,14
1,<environment.Job instance at 0x7f026707f550>,9,13,[14  1],10,19,32,9,14
1,<environment.Job instance at 0x7f026707fd20>,14,1,[14  3],15,32,33,17,15
1,<environment.Job instance at 0x7f026707ff00>,15,3,[9 2],16,33,36,17,16
1,<environment.Job instance at 0x7f026707f410>,16,14,[5 9],17,33,47,16,19
1,<environment.Job instance at 0x7f026707f4b0>,18,12,[2 5],19,36,48,17,21
1,<environment.Job instance at 0x7f026707ff50>,20,1,[2 9],21,47,48,26,28
1,<environment.Job instance at 0x7f026707fc30>,19,16,[6 5],20,48,64,28,35
1,<environment.Job instance at 0x7f0267455280>,24,3,[13  1],25,64,67,39,38
1,<environment.Job instance at 0x7f0267455320>,25,3,[2 6],26,48,51,22,38
1,<environment.Job instance at 0x7f0267455a00>,26,18,[7 5],27,67,85,40,56
1,<environment.Job instance at 0x7f0267455500>,28,3,[ 1 13],29,64,67,35,56
1,<environment.Job instance at 0x7f026709f410>,33,13,[10  4],34,85,98,51,69
1,<environment.Job instance at 0x7f026709f050>,34,16,[5 5],35,69,85,34,69
1,<environment.Job instance at 0x7f02675fd0f0>,0,18,[10  4],1,1,19,0,1
1,<environment.Job instance at 0x7f02675fdc30>,4,3,[2 7],5,5,8,0,5
1,<environment.Job instance at 0x7f0267ddfe10>,10,1,[1 9],11,11,12,0,11
1,<environment.Job instance at 0x7f0267ddfa50>,8,1,[6 3],9,19,20,10,19
1,<environment.Job instance at 0x7f0267de2960>,15,3,[9 2],16,19,22,3,19
1,<environment.Job instance at 0x7f02684823c0>,18,12,[2 5],19,20,32,1,20
1,<environment.Job instance at 0x7f0267ddf690>,12,3,[8 5],13,22,25,9,22
1,<environment.Job instance at 0x7f026772df50>,20,1,[2 9],21,25,26,4,25
1,<environment.Job instance at 0x7f0267688910>,25,3,[2 6],26,26,29,0,26
1,<environment.Job instance at 0x7f026772d870>,23,22,[10  2],24,26,48,2,26
1,<environment.Job instance at 0x7f0267e4d870>,16,14,[5 9],17,32,46,15,32
1,<environment.Job instance at 0x7f02676883c0>,27,18,[5 9],28,46,64,18,46
1,<environment.Job instance at 0x7f02675fdeb0>,1,13,[6 5],2,48,61,46,48
1,<environment.Job instance at 0x7f02675fd820>,7,15,[9 5],8,61,76,53,61
1,<environment.Job instance at 0x7f0268476820>,19,16,[6 5],20,64,80,44,64
1,<environment.Job instance at 0x7f02680d83c0>,4,14,[1 5],5,5,19,0,5
1,<environment.Job instance at 0x7f026769e730>,5,12,[1 6],6,6,18,0,6
1,<environment.Job instance at 0x7f026769eaa0>,9,15,[1 6],10,18,33,8,10
1,<environment.Job instance at 0x7f026769e640>,12,2,[10  5],13,19,21,6,13
1,<environment.Job instance at 0x7f026769ee10>,14,15,[7 4],15,21,36,6,17
1,<environment.Job instance at 0x7f026769ec80>,16,14,[6 2],17,21,35,4,18
1,<environment.Job instance at 0x7f026769ea50>,15,25,[8 1],16,36,61,20,36
1,<environment.Job instance at 0x7f026769e190>,17,21,[ 5 14],18,37,58,19,37
1,<environment.Job instance at 0x7f026769e9b0>,13,12,[14  4],14,61,73,47,45
1,<environment.Job instance at 0x7f026769e1e0>,19,12,[8 1],20,73,85,53,58
1,<environment.Job instance at 0x7f0267469b90>,23,12,[6 5],24,73,85,49,59
1,<environment.Job instance at 0x7f0267469460>,24,2,[4 7],25,59,61,34,59
1,<environment.Job instance at 0x7f0267d741e0>,0,17,[1 9],1,1,18,0,1
1,<environment.Job instance at 0x7f02680d8190>,4,14,[1 5],5,5,19,0,5
1,<environment.Job instance at 0x7f02672f9500>,12,2,[10  5],13,18,20,5,18
1,<environment.Job instance at 0x7f02672f9b40>,5,12,[1 6],6,19,31,13,19
1,<environment.Job instance at 0x7f02672f9eb0>,16,14,[6 2],17,20,34,3,20
1,<environment.Job instance at 0x7f0268486280>,19,12,[8 1],20,20,32,0,20
1,<environment.Job instance at 0x7f02672f93c0>,9,15,[1 6],10,31,46,21,31
1,<environment.Job instance at 0x7f02672f95f0>,14,15,[7 4],15,32,47,17,32
1,<environment.Job instance at 0x7f0268486190>,18,17,[7 2],19,34,51,15,34
1,<environment.Job instance at 0x7f02680d8fa0>,6,18,[1 7],7,46,64,39,46
1,<environment.Job instance at 0x7f0268486550>,23,12,[6 5],24,47,59,23,47
1,<environment.Job instance at 0x7f02684862d0>,21,18,[5 1],22,51,69,29,51
1,<environment.Job instance at 0x7f0268486f50>,24,2,[4 7],25,59,61,34,59
1,<environment.Job instance at 0x7f0267a64d70>,31,3,[5 5],32,61,64,29,61
1,<environment.Job instance at 0x7f0267a64780>,38,3,[ 1 10],39,64,67,25,64
1,<environment.Job instance at 0x7f0267a64be0>,37,13,[6 2],38,64,77,26,64
1,<environment.Job instance at 0x7f02684866e0>,26,12,[ 4 10],27,67,79,40,67
1,<environment.Job instance at 0x7f0267bf6e10>,1,20,[5 1],2,2,22,0,2
1,<environment.Job instance at 0x7f0267bf6a50>,2,14,[6 5],3,3,17,0,3
1,<environment.Job instance at 0x7f0267bf6960>,3,1,[7 2],4,17,18,13,4
1,<environment.Job instance at 0x7f026785fdc0>,10,15,[4 5],11,18,33,7,11
1,<environment.Job instance at 0x7f0268432960>,14,3,[6 1],15,18,21,3,15
1,<environment.Job instance at 0x7f0268432f00>,15,16,[4 5],16,21,37,5,16
1,<environment.Job instance at 0x7f026785fd20>,18,16,[ 5 10],19,33,49,14,20
1,<environment.Job instance at 0x7f0268432e60>,20,16,[9 2],21,56,72,35,56
1,<environment.Job instance at 0x7f0267cd4050>,1,20,[5 1],2,2,22,0,2
1,<environment.Job instance at 0x7f0267cd4a50>,2,14,[6 5],3,3,17,0,3
1,<environment.Job instance at 0x7f0267b2be60>,5,20,[4 7],6,6,26,0,6
1,<environment.Job instance at 0x7f0267bf65a0>,14,3,[6 1],15,17,20,2,17
1,<environment.Job instance at 0x7f0267b2b5a0>,10,15,[4 5],11,20,35,9,20
1,<environment.Job instance at 0x7f0267b2bb90>,3,1,[7 2],4,22,23,18,22
1,<environment.Job instance at 0x7f0267b2b3c0>,7,13,[9 4],8,26,39,18,26
1,<environment.Job instance at 0x7f0267d41e60>,18,16,[ 5 10],19,35,51,16,35
1,<environment.Job instance at 0x7f0267cd4230>,4,15,[10  3],5,39,54,34,39
1,<environment.Job instance at 0x7f02675bdfa0>,22,2,[5 8],23,51,53,28,51
1,<environment.Job instance at 0x7f02675bdeb0>,23,12,[4 6],24,53,65,29,53
1,<environment.Job instance at 0x7f026857d500>,30,2,[1 6],31,54,56,23,54
1,<environment.Job instance at 0x7f02675bdcd0>,20,16,[9 2],21,54,70,33,54
1,<environment.Job instance at 0x7f026857d410>,38,12,[6 2],39,65,77,26,65
1,<environment.Job instance at 0x7f02682f51e0>,1,1,[ 5 13],2,2,3,0,2
1,<environment.Job instance at 0x7f02682f5f50>,4,1,[10  5],5,7,8,2,7
1,<environment.Job instance at 0x7f02682f50a0>,10,15,[5 5],11,11,26,0,11
1,<environment.Job instance at 0x7f0267311fa0>,12,18,[13  3],13,26,44,13,15
1,<environment.Job instance at 0x7f0267e80d70>,15,16,[ 1 12],16,29,45,13,29
1,<environment.Job instance at 0x7f026837e460>,0,20,[5 6],1,1,21,0,1
1,<environment.Job instance at 0x7f0267c94a00>,4,1,[10  5],5,5,6,0,5
1,<environment.Job instance at 0x7f0267c94640>,6,12,[6 5],7,7,19,0,7
1,<environment.Job instance at 0x7f0267c94d70>,14,13,[7 5],15,19,32,4,19
1,<environment.Job instance at 0x7f02675bdf50>,16,1,[ 2 10],17,21,22,4,21
1,<environment.Job instance at 0x7f02675bdb40>,19,14,[3 6],20,22,36,2,22
1,<environment.Job instance at 0x7f02675bdfa0>,23,3,[9 1],24,32,35,8,32
1,<environment.Job instance at 0x7f0267c945a0>,10,15,[5 5],11,35,50,24,35
1,<environment.Job instance at 0x7f0268432460>,29,1,[6 1],30,35,36,5,35
1,<environment.Job instance at 0x7f0267bf65a0>,30,15,[5 2],31,36,51,5,36
1,<environment.Job instance at 0x7f0267b2bbe0>,32,14,[7 1],33,50,64,17,50
1,<environment.Job instance at 0x7f0267c948c0>,13,15,[ 1 10],14,50,65,36,50
1,<environment.Job instance at 0x7f0267d418c0>,25,17,[6 5],26,64,81,38,64
1,<environment.Job instance at 0x7f02682f5050>,37,14,[2 6],38,65,79,27,65
1,<environment.Job instance at 0x7f0267311e60>,5,3,[ 3 14],6,6,9,0,6
1,<environment.Job instance at 0x7f0266e18870>,13,3,[5 2],14,14,17,0,14
1,<environment.Job instance at 0x7f0266e185a0>,14,2,[ 2 14],15,17,19,2,15
1,<environment.Job instance at 0x7f0266e18500>,16,1,[4 6],17,19,20,2,17
1,<environment.Job instance at 0x7f0266e18820>,18,3,[14  5],19,20,23,1,19
1,<environment.Job instance at 0x7f0268198b40>,19,1,[ 3 12],20,23,24,3,20
1,<environment.Job instance at 0x7f027161b500>,20,16,[2 8],21,24,40,3,21
1,<environment.Job instance at 0x7f026828f5a0>,21,2,[5 6],22,24,26,2,22
1,<environment.Job instance at 0x7f0267170820>,23,23,[5 1],24,24,47,0,24
1,<environment.Job instance at 0x7f026781c0a0>,25,13,[5 1],26,26,39,0,26
1,<environment.Job instance at 0x7f026828da00>,27,13,[6 3],28,39,52,11,28
1,<environment.Job instance at 0x7f02675ce7d0>,28,3,[1 5],29,29,32,0,29
1,<environment.Job instance at 0x7f0266c46730>,31,3,[2 7],32,40,43,8,32
1,<environment.Job instance at 0x7f0266f257d0>,32,1,[10  4],33,52,53,19,33
1,<environment.Job instance at 0x7f0266f255a0>,33,3,[3 8],34,43,46,9,34
1,<environment.Job instance at 0x7f0267713820>,35,17,[3 6],36,46,63,10,36
1,<environment.Job instance at 0x7f0267713f00>,34,17,[10  5],35,53,70,18,43
1,<environment.Job instance at 0x7f0266c400a0>,22,13,[ 2 13],23,70,83,47,54
1,<environment.Job instance at 0x7f0267ba8050>,40,1,[ 5 12],41,83,84,42,55
1,<environment.Job instance at 0x7f0267ba83c0>,41,13,[9 3],42,83,96,41,68
1,<environment.Job instance at 0x7f026721aa00>,0,14,[9 5],1,1,15,0,1
1,<environment.Job instance at 0x7f0268180730>,2,13,[5 8],3,3,16,0,3
1,<environment.Job instance at 0x7f0268180c80>,7,12,[6 3],8,15,27,7,15
1,<environment.Job instance at 0x7f0268180dc0>,8,15,[ 5 10],9,16,31,7,16
1,<environment.Job instance at 0x7f0268191730>,13,3,[5 2],14,27,30,13,27
1,<environment.Job instance at 0x7f02681806e0>,3,18,[9 4],4,30,48,26,30
1,<environment.Job instance at 0x7f0268179e60>,16,1,[4 6],17,31,32,14,31
1,<environment.Job instance at 0x7f02681919b0>,12,16,[ 4 10],13,32,48,19,32
1,<environment.Job instance at 0x7f0267c70190>,21,2,[5 6],22,48,50,26,48
1,<environment.Job instance at 0x7f026819e0a0>,25,13,[5 1],26,48,61,22,48
1,<environment.Job instance at 0x7f0267c455f0>,20,16,[2 8],21,48,64,27,48
1,<environment.Job instance at 0x7f026819ee60>,28,3,[1 5],29,50,53,21,50
1,<environment.Job instance at 0x7f026819e640>,27,13,[6 3],28,53,66,25,53
1,<environment.Job instance at 0x7f0267c56c80>,31,3,[2 7],32,64,67,32,64
1,<environment.Job instance at 0x7f0267c66460>,32,1,[10  4],33,66,67,33,66
1,<environment.Job instance at 0x7f0267c56c30>,33,3,[3 8],34,67,70,33,67
1,<environment.Job instance at 0x7f0268191640>,9,17,[5 7],10,67,84,57,67
1,<environment.Job instance at 0x7f026762e640>,1,13,[1 9],2,2,15,0,2
1,<environment.Job instance at 0x7f026762e730>,3,13,[1 7],4,15,28,11,4
1,<environment.Job instance at 0x7f0267627a50>,5,2,[5 5],6,6,8,0,6
1,<environment.Job instance at 0x7f02676279b0>,6,2,[ 5 13],7,28,30,21,7
1,<environment.Job instance at 0x7f0267627dc0>,8,2,[ 1 10],9,30,32,21,9
1,<environment.Job instance at 0x7f0267627b90>,9,13,[7 5],10,10,23,0,10
1,<environment.Job instance at 0x7f0267627410>,11,1,[9 1],12,23,24,11,12
1,<environment.Job instance at 0x7f02676273c0>,13,3,[8 2],14,24,27,10,14
1,<environment.Job instance at 0x7f02676274b0>,14,3,[11  2],15,30,33,15,15
1,<environment.Job instance at 0x7f026762efa0>,15,3,[14  5],16,33,36,17,16
1,<environment.Job instance at 0x7f0267632460>,16,12,[5 4],17,36,48,19,19
1,<environment.Job instance at 0x7f0267632500>,17,14,[8 1],18,36,50,18,31
1,<environment.Job instance at 0x7f0267632050>,23,2,[11  1],24,50,52,26,35
1,<environment.Job instance at 0x7f026713e190>,1,13,[1 9],2,2,15,0,2
1,<environment.Job instance at 0x7f02673dba00>,5,2,[5 5],6,6,8,0,6
1,<environment.Job instance at 0x7f0267deb460>,9,13,[7 5],10,10,23,0,10
1,<environment.Job instance at 0x7f0267deb320>,8,2,[ 1 10],9,15,17,6,15
1,<environment.Job instance at 0x7f0266f16cd0>,13,3,[8 2],14,17,20,3,17
1,<environment.Job instance at 0x7f0266cc5370>,16,12,[5 4],17,20,32,3,20
1,<environment.Job instance at 0x7f0266f16500>,11,1,[9 1],12,23,24,11,23
1,<environment.Job instance at 0x7f0266dd1e10>,3,13,[1 7],4,23,36,19,23
1,<environment.Job instance at 0x7f0266cc5910>,17,14,[8 1],18,24,38,6,24
1,<environment.Job instance at 0x7f02671e9aa0>,33,2,[5 2],34,36,38,2,36
1,<environment.Job instance at 0x7f02671e93c0>,34,3,[5 1],35,38,41,3,38
1,<environment.Job instance at 0x7f0266dc0be0>,25,12,[9 4],26,38,50,12,38
1,<environment.Job instance at 0x7f02671e9190>,29,15,[4 9],30,41,56,11,41
1,<environment.Job instance at 0x7f02679da910>,30,15,[7 5],31,50,65,19,50
1,<environment.Job instance at 0x7f0267ba8b90>,41,2,[5 9],42,56,58,14,56
1,<environment.Job instance at 0x7f02678bc410>,43,15,[4 7],44,58,73,14,58
1,<environment.Job instance at 0x7f02672257d0>,47,12,[9 4],48,65,77,17,65
1,<environment.Job instance at 0x7f0266c46af0>,0,14,[3 8],1,1,15,0,1
1,<environment.Job instance at 0x7f0267d69f50>,2,14,[5 4],3,3,17,0,3
1,<environment.Job instance at 0x7f0267a2ba00>,9,2,[5 5],10,15,17,5,10
1,<environment.Job instance at 0x7f0266c27c80>,11,2,[8 4],12,17,19,5,12
1,<environment.Job instance at 0x7f0266d42a50>,12,1,[13  4],13,19,20,6,13
1,<environment.Job instance at 0x7f0266c27460>,13,12,[5 9],14,20,32,6,14
1,<environment.Job instance at 0x7f0266c27500>,14,12,[6 4],15,20,32,5,15
1,<environment.Job instance at 0x7f0267fa1730>,18,2,[8 1],19,32,34,13,19
1,<environment.Job instance at 0x7f0266c38e10>,21,3,[2 5],22,32,35,10,22
1,<environment.Job instance at 0x7f0266c38050>,22,2,[1 6],23,32,34,9,23
1,<environment.Job instance at 0x7f0266c38be0>,24,25,[6 2],25,34,59,9,30
1,<environment.Job instance at 0x7f0266c38370>,28,1,[6 4],29,34,35,5,30
1,<environment.Job instance at 0x7f0266c38280>,29,1,[11  4],30,59,60,29,31
1,<environment.Job instance at 0x7f0266c38820>,27,26,[ 2 11],28,35,61,7,32
1,<environment.Job instance at 0x7f0267660cd0>,32,17,[8 3],33,60,77,27,53
1,<environment.Job instance at 0x7f0267e50960>,0,14,[3 8],1,1,15,0,1
1,<environment.Job instance at 0x7f0267e50550>,1,16,[6 5],2,2,18,0,2
1,<environment.Job instance at 0x7f0266dc03c0>,9,2,[5 5],10,15,17,5,15
1,<environment.Job instance at 0x7f0266cc5fa0>,11,2,[8 4],12,17,19,5,17
1,<environment.Job instance at 0x7f026818b0f0>,3,12,[ 3 10],4,18,30,14,18
1,<environment.Job instance at 0x7f0266c4a2d0>,14,12,[6 4],15,19,31,4,19
1,<environment.Job instance at 0x7f0266f16410>,13,12,[5 9],14,30,42,16,30
1,<environment.Job instance at 0x7f0270abbaa0>,18,2,[8 1],19,31,33,12,31
1,<environment.Job instance at 0x7f0266c38fa0>,21,3,[2 5],22,31,34,9,31
1,<environment.Job instance at 0x7f0267f955f0>,22,2,[1 6],23,34,36,11,34
1,<environment.Job instance at 0x7f0266b6bd20>,28,1,[6 4],29,36,37,7,36
1,<environment.Job instance at 0x7f026818bcd0>,6,12,[10  1],7,37,49,30,37
1,<environment.Job instance at 0x7f0266b7a140>,2,14,[5 4],3,42,56,39,42
1,<environment.Job instance at 0x7f0266f1fa00>,34,12,[4 8],35,49,61,14,49
1,<environment.Job instance at 0x7f0266dbd050>,8,16,[9 2],9,56,72,47,56
1,<environment.Job instance at 0x7f0266f1f730>,37,18,[5 9],38,61,79,23,61
1,<environment.Job instance at 0x7f026720ae60>,0,15,[7 3],1,1,16,0,1
1,<environment.Job instance at 0x7f0267bda2d0>,3,3,[ 4 11],4,4,7,0,4
1,<environment.Job instance at 0x7f0267bda410>,4,2,[8 3],5,7,9,2,5
1,<environment.Job instance at 0x7f0267bda5f0>,5,3,[2 8],6,9,12,3,6
1,<environment.Job instance at 0x7f0267bda7d0>,7,15,[8 5],8,12,27,4,8
1,<environment.Job instance at 0x7f0267bda870>,10,13,[3 6],11,16,29,5,11
1,<environment.Job instance at 0x7f0267bda9b0>,11,2,[7 5],12,27,29,15,12
1,<environment.Job instance at 0x7f0267bdab90>,12,1,[14  3],13,29,30,16,13
1,<environment.Job instance at 0x7f0267bdac30>,13,3,[2 8],14,30,33,16,14
1,<environment.Job instance at 0x7f0267bdad70>,14,3,[ 3 10],15,33,36,18,15
1,<environment.Job instance at 0x7f0267bdaeb0>,16,3,[5 3],17,30,33,13,17
1,<environment.Job instance at 0x7f0267bdaaf0>,17,17,[7 4],18,30,47,12,18
1,<environment.Job instance at 0x7f0267bd5230>,19,2,[6 2],20,36,38,16,20
1,<environment.Job instance at 0x7f0267bd54b0>,21,2,[2 7],22,36,38,14,22
1,<environment.Job instance at 0x7f0267bd5370>,22,1,[11  2],23,47,48,24,23
1,<environment.Job instance at 0x7f0267bd5690>,23,3,[9 1],24,48,51,24,24
1,<environment.Job instance at 0x7f0267bd5280>,26,15,[7 1],27,51,66,24,37
1,<environment.Job instance at 0x7f0267bd5c80>,30,2,[14  2],31,66,68,35,39
1,<environment.Job instance at 0x7f0267bd5d20>,31,2,[8 1],32,39,41,7,39
1,<environment.Job instance at 0x7f0267bd5aa0>,27,14,[3 8],28,43,57,15,43
1,<environment.Job instance at 0x7f0267bd5b40>,28,12,[5 9],29,68,80,39,57
1,<environment.Job instance at 0x7f0267bd5f00>,34,12,[7 5],35,68,80,33,59
1,<environment.Job instance at 0x7f02674ced70>,0,15,[7 3],1,1,16,0,1
1,<environment.Job instance at 0x7f0266ee9b40>,4,2,[8 3],5,5,7,0,5
1,<environment.Job instance at 0x7f0266ee9730>,5,3,[2 8],6,7,10,1,7
1,<environment.Job instance at 0x7f0266ee9d20>,8,22,[6 4],9,9,31,0,9
1,<environment.Job instance at 0x7f0266ee9870>,13,3,[2 8],14,14,17,0,14
1,<environment.Job instance at 0x7f0266ee9af0>,11,2,[7 5],12,17,19,5,17
1,<environment.Job instance at 0x7f0266ee9640>,14,3,[ 3 10],15,19,22,4,19
1,<environment.Job instance at 0x7f0266ee9a50>,19,2,[6 2],20,22,24,2,22
1,<environment.Job instance at 0x7f0266ee9050>,21,2,[2 7],22,22,24,0,22
1,<environment.Job instance at 0x7f0266f1ff50>,23,3,[9 1],24,24,27,0,24
1,<environment.Job instance at 0x7f0266ee94b0>,16,3,[5 3],17,27,30,10,27
1,<environment.Job instance at 0x7f0266ee9460>,10,13,[3 6],11,27,40,16,27
1,<environment.Job instance at 0x7f0266f1f9b0>,27,14,[3 8],28,31,45,3,31
1,<environment.Job instance at 0x7f0266f1faf0>,26,15,[7 1],27,31,46,4,31
1,<environment.Job instance at 0x7f0266f1feb0>,28,12,[5 9],29,45,57,16,45
1,<environment.Job instance at 0x7f0267f15d20>,31,2,[8 1],32,46,48,14,46
1,<environment.Job instance at 0x7f0266ee97d0>,7,15,[8 5],8,48,63,40,48
1,<environment.Job instance at 0x7f0266b6b320>,34,12,[7 5],35,57,69,22,57
1,<environment.Job instance at 0x7f0266f1fa00>,24,16,[4 9],25,63,79,38,63
1,<environment.Job instance at 0x7f0267b990f0>,35,16,[8 4],36,69,85,33,69
1,<environment.Job instance at 0x7f02683be5f0>,1,1,[10  1],2,2,3,0,2
1,<environment.Job instance at 0x7f02683beb90>,2,1,[10  1],3,3,4,0,3
1,<environment.Job instance at 0x7f02683be9b0>,14,16,[4 7],15,15,31,0,15
1,<environment.Job instance at 0x7f02683a1b90>,15,12,[9 1],16,16,28,0,16
1,<environment.Job instance at 0x7f02683a1780>,17,3,[ 2 11],18,31,34,13,18
1,<environment.Job instance at 0x7f02683a19b0>,18,19,[6 2],19,28,47,9,20
1,<environment.Job instance at 0x7f02683a1a00>,21,2,[12  1],22,47,49,25,22
1,<environment.Job instance at 0x7f02683a17d0>,26,3,[7 5],27,34,37,7,27
1,<environment.Job instance at 0x7f02683a1280>,28,1,[4 7],29,37,38,8,29
1,<environment.Job instance at 0x7f02683a18c0>,24,14,[ 3 10],25,38,52,13,34
1,<environment.Job instance at 0x7f02683a1870>,19,15,[ 5 14],20,52,67,32,38
1,<environment.Job instance at 0x7f0268393d20>,32,1,[ 5 14],33,67,68,34,39
1,<environment.Job instance at 0x7f0268393f00>,37,3,[ 4 11],38,68,71,30,42
1,<environment.Job instance at 0x7f02683938c0>,38,15,[5 1],39,49,64,10,42
1,<environment.Job instance at 0x7f0268393d70>,40,1,[10  2],41,68,69,27,42
1,<environment.Job instance at 0x7f0268393960>,44,3,[13  3],45,71,74,26,48
1,<environment.Job instance at 0x7f0266ee9050>,0,20,[4 9],1,1,21,0,1
1,<environment.Job instance at 0x7f0266ee95f0>,1,1,[10  1],2,2,3,0,2
1,<environment.Job instance at 0x7f0266ee9aa0>,2,1,[10  1],3,3,4,0,3
1,<environment.Job instance at 0x7f0266ee99b0>,4,18,[5 4],5,5,23,0,5
1,<environment.Job instance at 0x7f0266ee9dc0>,7,13,[7 2],8,21,34,13,21
1,<environment.Job instance at 0x7f0266ee95a0>,14,16,[4 7],15,23,39,8,23
1,<environment.Job instance at 0x7f0266ee9730>,15,12,[9 1],16,34,46,18,34
1,<environment.Job instance at 0x7f0268393140>,22,13,[5 5],23,39,52,16,39
1,<environment.Job instance at 0x7f02683bec30>,26,3,[7 5],27,46,49,19,46
1,<environment.Job instance at 0x7f0268393be0>,24,14,[ 3 10],25,49,63,24,49
1,<environment.Job instance at 0x7f0267beb6e0>,27,15,[7 2],28,52,67,24,52
1,<environment.Job instance at 0x7f0267beb050>,28,1,[4 7],29,63,64,34,63
1,<environment.Job instance at 0x7f0267beb3c0>,34,12,[ 1 10],35,64,76,29,64
1,<environment.Job instance at 0x7f0266ee9af0>,5,17,[7 2],6,64,81,58,64
1,<environment.Job instance at 0x7f0267bebbe0>,38,15,[5 1],39,67,82,28,67
1,<environment.Job instance at 0x7f0267864050>,4,12,[3 5],5,5,17,0,5
1,<environment.Job instance at 0x7f02711cf780>,8,2,[9 4],9,9,11,0,9
1,<environment.Job instance at 0x7f02711cfb90>,9,19,[3 8],10,11,30,1,10
1,<environment.Job instance at 0x7f02710f6eb0>,12,14,[5 9],13,30,44,17,15
1,<environment.Job instance at 0x7f02711cfc30>,13,14,[6 3],14,17,31,3,16
1,<environment.Job instance at 0x7f02710f6fa0>,16,3,[9 2],17,31,34,14,17
1,<environment.Job instance at 0x7f0266ef2a00>,17,2,[ 4 14],18,44,46,26,18
1,<environment.Job instance at 0x7f02710f6be0>,14,2,[ 5 12],15,46,48,31,20
1,<environment.Job instance at 0x7f0266ef22d0>,20,17,[5 1],21,34,51,13,22
1,<environment.Job instance at 0x7f02710f6320>,19,14,[ 1 11],20,48,62,28,35
1,<environment.Job instance at 0x7f02683a4d20>,29,15,[7 3],30,48,63,18,44
1,<environment.Job instance at 0x7f02683a4d70>,31,3,[3 9],32,62,65,30,44
1,<environment.Job instance at 0x7f02683a4550>,34,3,[ 5 14],35,65,68,30,45
1,<environment.Job instance at 0x7f02683a4c30>,30,17,[1 5],31,68,85,37,56
1,<environment.Job instance at 0x7f02683a4e60>,35,16,[2 9],36,68,84,32,60
1,<environment.Job instance at 0x7f0266bb8be0>,3,20,[10  3],4,4,24,0,4
1,<environment.Job instance at 0x7f0266bb8410>,4,12,[3 5],5,5,17,0,5
1,<environment.Job instance at 0x7f0266bb8fa0>,12,14,[5 9],13,17,31,4,17
1,<environment.Job instance at 0x7f0266bb8690>,8,2,[9 4],9,24,26,15,24
1,<environment.Job instance at 0x7f0266bb8a00>,16,3,[9 2],17,26,29,9,26
1,<environment.Job instance at 0x7f0266bb8190>,13,14,[6 3],14,29,43,15,29
1,<environment.Job instance at 0x7f0267beb8c0>,26,14,[9 5],27,31,45,4,31
1,<environment.Job instance at 0x7f0267beb190>,25,17,[5 5],26,43,60,17,43
1,<environment.Job instance at 0x7f0267beb6e0>,27,14,[8 5],28,45,59,17,45
1,<environment.Job instance at 0x7f0268393870>,30,17,[1 5],31,45,62,14,45
1,<environment.Job instance at 0x7f02683c3780>,29,15,[7 3],30,59,74,29,59
1,<environment.Job instance at 0x7f0267bebb40>,20,17,[5 1],21,60,77,39,60
1,<environment.Job instance at 0x7f0268393780>,31,3,[3 9],32,62,65,30,62
1,<environment.Job instance at 0x7f0266ef28c0>,35,16,[2 9],36,65,81,29,65
1,<environment.Job instance at 0x7f0266ba2eb0>,4,14,[5 4],5,5,19,0,5
1,<environment.Job instance at 0x7f0266b9af50>,6,12,[1 9],7,7,19,0,7
1,<environment.Job instance at 0x7f0266b9ac80>,7,3,[6 1],8,8,11,0,8
1,<environment.Job instance at 0x7f0266b90730>,16,14,[3 9],17,25,39,8,25
1,<environment.Job instance at 0x7f0267b2bcd0>,1,13,[9 3],2,2,15,0,2
1,<environment.Job instance at 0x7f0267b2b910>,2,19,[2 5],3,3,22,0,3
1,<environment.Job instance at 0x7f02684afeb0>,7,3,[6 1],8,15,18,7,15
1,<environment.Job instance at 0x7f02684aff50>,6,12,[1 9],7,15,27,8,15
1,<environment.Job instance at 0x7f0267170dc0>,17,12,[10  1],18,18,30,0,18
1,<environment.Job instance at 0x7f0267b2bb40>,3,14,[ 3 10],4,27,41,23,27
1,<environment.Job instance at 0x7f0266bb8640>,23,1,[9 3],24,30,31,6,30
1,<environment.Job instance at 0x7f0266bb8a00>,24,12,[9 2],25,31,43,6,31
1,<environment.Job instance at 0x7f0266bb8cd0>,27,2,[1 8],28,41,43,13,41
1,<environment.Job instance at 0x7f0267b2b370>,4,14,[5 4],5,41,55,36,41
1,<environment.Job instance at 0x7f0266ef2320>,16,14,[3 9],17,43,57,26,43
1,<environment.Job instance at 0x7f0266bb80a0>,32,15,[3 6],33,55,70,22,55
1,<environment.Job instance at 0x7f0266bb8910>,33,15,[1 7],34,57,72,23,57
1,<environment.Job instance at 0x7f02673580f0>,0,1,[8 2],1,1,2,0,1
1,<environment.Job instance at 0x7f02673581e0>,4,1,[10  4],5,5,6,0,5
1,<environment.Job instance at 0x7f0267358fa0>,5,12,[5 1],6,6,18,0,6
1,<environment.Job instance at 0x7f02673583c0>,7,12,[4 8],8,8,20,0,8
1,<environment.Job instance at 0x7f0267358230>,8,14,[1 9],9,20,34,11,9
1,<environment.Job instance at 0x7f0267358410>,9,2,[5 4],10,10,12,0,10
1,<environment.Job instance at 0x7f0267358d20>,10,12,[1 7],11,34,46,23,17
1,<environment.Job instance at 0x7f0267686eb0>,17,19,[6 2],18,18,37,0,18
1,<environment.Job instance at 0x7f02676860a0>,21,1,[2 7],22,37,38,15,22
1,<environment.Job instance at 0x7f0267686280>,22,3,[ 5 10],23,46,49,23,23
1,<environment.Job instance at 0x7f0267686f00>,23,12,[5 6],24,49,61,25,32
1,<environment.Job instance at 0x7f02676a00a0>,25,12,[6 1],26,32,44,6,32
1,<environment.Job instance at 0x7f02676a02d0>,26,2,[1 9],27,49,51,22,32
1,<environment.Job instance at 0x7f0267358b90>,13,12,[1 6],14,51,63,37,34
1,<environment.Job instance at 0x7f02676a0e10>,32,1,[ 3 12],33,63,64,30,35
1,<environment.Job instance at 0x7f02676a05f0>,27,15,[6 2],28,51,66,23,37
1,<environment.Job instance at 0x7f0267358d70>,14,17,[5 5],15,64,81,49,52
1,<environment.Job instance at 0x7f0267678050>,46,15,[3 6],47,64,79,17,54
1,<environment.Job instance at 0x7f02676782d0>,44,20,[6 2],45,66,86,21,57
1,<environment.Job instance at 0x7f026768a780>,50,2,[14  5],51,86,88,35,59
1,<environment.Job instance at 0x7f0266f42d70>,0,1,[8 2],1,1,2,0,1
1,<environment.Job instance at 0x7f0266f427d0>,1,18,[3 9],2,2,20,0,2
1,<environment.Job instance at 0x7f0266f42f50>,4,1,[10  4],5,5,6,0,5
1,<environment.Job instance at 0x7f0267170a50>,5,12,[5 1],6,6,18,0,6
1,<environment.Job instance at 0x7f02684afeb0>,9,2,[5 4],10,10,12,0,10
1,<environment.Job instance at 0x7f02684afd70>,12,18,[10  5],13,18,36,5,18
1,<environment.Job instance at 0x7f02684afa50>,7,12,[4 8],8,20,32,12,20
1,<environment.Job instance at 0x7f02684affa0>,10,12,[1 7],11,32,44,21,32
1,<environment.Job instance at 0x7f0267678e60>,21,1,[2 7],22,36,37,14,36
1,<environment.Job instance at 0x7f02684af5f0>,13,12,[1 6],14,37,49,23,37
1,<environment.Job instance at 0x7f026768a9b0>,23,12,[5 6],24,44,56,20,44
1,<environment.Job instance at 0x7f0266f42050>,8,14,[1 9],9,49,63,40,49
1,<environment.Job instance at 0x7f026794e140>,25,12,[6 1],26,56,68,30,56
1,<environment.Job instance at 0x7f02684afaf0>,14,17,[5 5],15,56,73,41,56
1,<environment.Job instance at 0x7f026794e690>,26,2,[1 9],27,63,65,36,63
1,<environment.Job instance at 0x7f026766c6e0>,15,16,[3 6],16,65,81,49,65
1,<environment.Job instance at 0x7f026794eb40>,27,15,[6 2],28,68,83,40,68
1,<environment.Job instance at 0x7f0266c33a50>,5,2,[7 1],6,6,8,0,6
1,<environment.Job instance at 0x7f0266c33be0>,8,28,[ 1 10],9,11,39,2,11
1,<environment.Job instance at 0x7f0266c33e60>,11,2,[10  3],12,12,14,0,12
1,<environment.Job instance at 0x7f0266c33dc0>,12,1,[5 2],13,14,15,1,13
1,<environment.Job instance at 0x7f0266c33c80>,9,3,[2 6],10,39,42,29,14
1,<environment.Job instance at 0x7f0266c630a0>,13,15,[4 7],14,39,54,25,25
1,<environment.Job instance at 0x7f0266c63550>,18,1,[12  3],19,26,27,7,26
1,<environment.Job instance at 0x7f0266c63730>,21,1,[2 5],22,27,28,5,26
1,<environment.Job instance at 0x7f0266c637d0>,22,13,[3 7],23,42,55,19,26
1,<environment.Job instance at 0x7f0266c33fa0>,15,3,[9 1],16,54,57,38,40
1,<environment.Job instance at 0x7f0266c63c30>,29,2,[3 7],30,54,56,24,41
1,<environment.Job instance at 0x7f0266c63dc0>,32,14,[6 1],33,56,70,23,41
1,<environment.Job instance at 0x7f0266c63fa0>,35,15,[1 8],36,57,72,21,43
1,<environment.Job instance at 0x7f0266c63280>,14,22,[3 5],15,57,79,42,50
1,<environment.Job instance at 0x7f0266c32320>,41,12,[9 1],42,70,82,28,53
1,<environment.Job instance at 0x7f0266c328c0>,43,1,[5 6],44,79,80,35,53
1,<environment.Job instance at 0x7f0268142cd0>,1,17,[10  3],2,2,19,0,2
1,<environment.Job instance at 0x7f0268142b40>,9,3,[2 6],10,10,13,0,10
1,<environment.Job instance at 0x7f0268142a00>,12,1,[5 2],13,13,14,0,13
1,<environment.Job instance at 0x7f0268146690>,13,15,[4 7],14,14,29,0,14
1,<environment.Job instance at 0x7f0268142780>,5,2,[7 1],6,19,21,13,19
1,<environment.Job instance at 0x7f02681465a0>,14,22,[3 5],15,19,41,4,19
1,<environment.Job instance at 0x7f0268146a00>,21,1,[2 5],22,29,30,7,29
1,<environment.Job instance at 0x7f02681420a0>,11,2,[10  3],12,29,31,17,29
1,<environment.Job instance at 0x7f0267358b40>,25,1,[1 5],26,30,31,4,30
1,<environment.Job instance at 0x7f02681422d0>,15,3,[9 1],16,31,34,15,31
1,<environment.Job instance at 0x7f0268146f50>,20,13,[3 9],21,31,44,10,31
1,<environment.Job instance at 0x7f0267358370>,28,17,[9 4],29,41,58,12,41
1,<environment.Job instance at 0x7f026794eb40>,29,2,[3 7],30,44,46,14,44
1,<environment.Job instance at 0x7f0268146c30>,22,13,[3 7],23,46,59,23,46
1,<environment.Job instance at 0x7f026768a0f0>,32,14,[6 1],33,58,72,25,58
1,<environment.Job instance at 0x7f0267678280>,31,14,[9 5],32,59,73,27,59
1,<environment.Job instance at 0x7f2bb177b8c0>,3,3,[ 4 14],4,4,7,0,4
1,<environment.Job instance at 0x7f2ba8131af0>,6,20,[6 1],7,7,27,0,7
1,<environment.Job instance at 0x7f2ba81362d0>,14,13,[7 3],15,15,28,0,15
1,<environment.Job instance at 0x7f2ba8136550>,18,3,[ 4 13],19,28,31,9,19
1,<environment.Job instance at 0x7f2ba81366e0>,20,1,[13  5],21,31,32,10,21
1,<environment.Job instance at 0x7f2ba8136730>,21,1,[6 5],22,27,28,5,22
1,<environment.Job instance at 0x7f2ba8136910>,22,1,[2 7],23,23,24,0,23
1,<environment.Job instance at 0x7f2ba8136190>,15,18,[2 8],16,31,49,15,24
1,<environment.Job instance at 0x7f2ba8136370>,16,16,[3 5],17,32,48,15,26
1,<environment.Job instance at 0x7f2ba813d370>,2,22,[4 8],3,3,25,0,3
1,<environment.Job instance at 0x7f2ba813d5a0>,4,14,[1 6],5,5,19,0,5
1,<environment.Job instance at 0x7f2ba8131960>,6,20,[6 1],7,7,27,0,7
1,<environment.Job instance at 0x7f2ba813daf0>,11,1,[8 5],12,25,26,13,25
1,<environment.Job instance at 0x7f2ba813df00>,21,1,[6 5],22,26,27,4,26
1,<environment.Job instance at 0x7f2ba81420a0>,22,1,[2 7],23,26,27,3,26
1,<environment.Job instance at 0x7f2ba813daa0>,12,13,[10  2],13,27,40,14,27
1,<environment.Job instance at 0x7f2ba813db40>,16,16,[3 5],17,27,43,10,27
1,<environment.Job instance at 0x7f2ba813dbe0>,15,18,[2 8],16,27,45,11,27
1,<environment.Job instance at 0x7f2ba813dc30>,14,13,[7 3],15,43,56,28,43
1,<environment.Job instance at 0x7f2ba8142aa0>,35,2,[1 8],36,45,47,9,45
1,<environment.Job instance at 0x7f2ba8142a00>,34,16,[2 8],35,47,63,12,47
1,<environment.Job instance at 0x7f2ba8142b40>,36,15,[9 5],37,56,71,19,56
1,<environment.Job instance at 0x7f2ba817d820>,46,13,[6 5],47,63,76,16,63
1,<environment.Job instance at 0x7f2ba8142690>,27,18,[1 8],28,71,89,43,71
1,<environment.Job instance at 0x7f2ba8129d20>,49,15,[10  1],50,76,91,26,76
1,<environment.Job instance at 0x7f2ba78d95f0>,6,3,[5 7],7,7,10,0,7
1,<environment.Job instance at 0x7f2ba78d9be0>,7,3,[5 5],8,8,11,0,8
1,<environment.Job instance at 0x7f2ba787ba00>,8,2,[ 3 10],9,10,12,1,9
1,<environment.Job instance at 0x7f2ba787b910>,12,3,[4 7],13,13,16,0,13
1,<environment.Job instance at 0x7f2ba81f3870>,1,14,[2 6],2,14,28,12,14
1,<environment.Job instance at 0x7f2ba787b7d0>,14,12,[5 6],15,16,28,1,15
1,<environment.Job instance at 0x7f2ba787bd70>,15,1,[7 4],16,28,29,12,16
1,<environment.Job instance at 0x7f2ba8142910>,0,13,[9 4],1,1,14,0,1
1,<environment.Job instance at 0x7f2ba8142870>,1,14,[2 6],2,2,16,0,2
1,<environment.Job instance at 0x7f2ba81420f0>,6,3,[5 7],7,14,17,7,14
1,<environment.Job instance at 0x7f2ba813d1e0>,10,16,[7 1],11,14,30,3,14
1,<environment.Job instance at 0x7f2ba8142050>,8,2,[ 3 10],9,17,19,8,17
1,<environment.Job instance at 0x7f2ba813de60>,12,3,[4 7],13,19,22,6,19
1,<environment.Job instance at 0x7f2ba8142410>,7,3,[5 5],8,22,25,14,22
1,<environment.Job instance at 0x7f2ba813db40>,15,1,[7 4],16,25,26,9,25
1,<environment.Job instance at 0x7f2ba813daa0>,14,12,[5 6],15,26,38,11,26
1,<environment.Job instance at 0x7f2ba813daf0>,17,17,[3 5],18,26,43,8,26
1,<environment.Job instance at 0x7f2ba813d320>,28,12,[ 3 10],29,38,50,9,38
1,<environment.Job instance at 0x7f2ba7951f00>,33,2,[6 2],34,43,45,9,43
1,<environment.Job instance at 0x7f2ba813d4b0>,21,12,[8 1],22,45,57,23,45
1,<environment.Job instance at 0x7f2ba81427d0>,2,15,[5 9],3,50,65,47,50
1,<environment.Job instance at 0x7f2ba78e0050>,41,3,[10  2],42,57,60,15,57
1,<environment.Job instance at 0x7f2ba79516e0>,30,14,[10  4],31,61,75,30,61
1,<environment.Job instance at 0x7f2ba78eb9b0>,49,2,[1 8],50,65,67,15,65
1,<environment.Job instance at 0x7f2ba8142190>,3,16,[ 4 10],4,67,83,63,67
1,<environment.Job instance at 0x7f2ba78eb730>,50,15,[8 3],51,76,91,25,76
1,<environment.Job instance at 0x7f2ba7f9d140>,5,3,[10  1],6,6,9,0,6
1,<environment.Job instance at 0x7f2ba7f9d0f0>,6,3,[ 2 12],7,8,11,1,8
1,<environment.Job instance at 0x7f2ba7f9d4b0>,8,1,[13  2],9,9,10,0,9
1,<environment.Job instance at 0x7f2ba7f9d9b0>,10,2,[9 5],11,11,13,0,11
1,<environment.Job instance at 0x7f2ba7f9da00>,11,22,[2 9],12,12,34,0,12
1,<environment.Job instance at 0x7f2ba7f9d5a0>,17,21,[ 3 10],18,34,55,16,26
1,<environment.Job instance at 0x7f2ba7f9d550>,21,13,[4 9],22,55,68,33,39
1,<environment.Job instance at 0x7f2ba7f9d780>,23,2,[13  3],24,68,70,44,45
1,<environment.Job instance at 0x7f2ba7743910>,25,2,[5 2],26,45,47,19,45
1,<environment.Job instance at 0x7f2ba7f9db90>,22,14,[2 9],23,68,82,45,53
1,<environment.Job instance at 0x7f2ba7743280>,26,1,[5 9],27,82,83,55,57
1,<environment.Job instance at 0x7f2ba7743820>,35,3,[5 5],36,57,60,21,57
1,<environment.Job instance at 0x7f2ba7743780>,36,3,[ 5 10],37,83,86,46,57
1,<environment.Job instance at 0x7f2ba7743e10>,40,2,[7 5],41,60,62,19,57
1,<environment.Job instance at 0x7f2ba77c4050>,43,3,[7 5],44,62,65,18,57
1,<environment.Job instance at 0x7f2ba77c4320>,48,2,[5 2],49,65,67,16,57
1,<environment.Job instance at 0x7f2ba7743aa0>,34,3,[10  2],35,70,73,35,58
1,<environment.Job instance at 0x7f2ba77c42d0>,52,2,[12  2],53,73,75,20,58
1,<environment.Job instance at 0x7f2ba77c4140>,53,2,[5 9],54,86,88,32,66
1,<environment.Job instance at 0x7f2ba7743140>,41,14,[2 7],42,88,102,46,74
1,<environment.Job instance at 0x7f2ba77437d0>,1,18,[1 9],2,2,20,0,2
1,<environment.Job instance at 0x7f2ba77c4690>,2,22,[5 3],3,3,25,0,3
1,<environment.Job instance at 0x7f2bb18e33c0>,10,2,[9 5],11,20,22,9,20
1,<environment.Job instance at 0x7f2ba7743410>,5,3,[10  1],6,22,25,16,22
1,<environment.Job instance at 0x7f2ba77c46e0>,3,13,[7 5],4,25,38,21,25
1,<environment.Job instance at 0x7f2bb17a4500>,19,14,[2 6],20,25,39,5,25
1,<environment.Job instance at 0x7f2bb17a41e0>,12,16,[6 4],13,25,41,12,25
1,<environment.Job instance at 0x7f2bb17a4e60>,13,18,[6 5],14,38,56,24,38
1,<environment.Job instance at 0x7f2bb1822230>,25,2,[5 2],26,41,43,15,41
1,<environment.Job instance at 0x7f2bb1822e60>,26,1,[5 9],27,43,44,16,43
1,<environment.Job instance at 0x7f2bc180c7d0>,29,12,[9 3],30,44,56,14,44
1,<environment.Job instance at 0x7f2ba7ee0fa0>,33,12,[1 7],34,56,68,22,56
1,<environment.Job instance at 0x7f2ba7ee06e0>,34,3,[10  2],35,56,59,21,56
1,<environment.Job instance at 0x7f2ba7ee0d20>,35,3,[5 5],36,59,62,23,59
1,<environment.Job instance at 0x7f2bc180ca50>,30,18,[10  3],31,62,80,31,62
1,<environment.Job instance at 0x7f2ba7ee0b90>,36,3,[ 5 10],37,69,72,32,69
1,<environment.Job instance at 0x7f2bb1822eb0>,21,13,[4 9],22,72,85,50,72
1,<environment.Job instance at 0x7f2ba7cbd550>,1,3,[10  5],2,2,5,0,2
1,<environment.Job instance at 0x7f2ba7bedeb0>,10,3,[11  3],11,11,14,0,11
1,<environment.Job instance at 0x7f2ba7b46fa0>,13,12,[9 1],14,14,26,0,14
1,<environment.Job instance at 0x7f2ba7b466e0>,14,14,[5 5],15,15,29,0,15
1,<environment.Job instance at 0x7f2ba7b46f50>,16,3,[9 1],17,26,29,9,17
1,<environment.Job instance at 0x7f2ba7b46190>,17,17,[5 2],18,29,46,11,18
1,<environment.Job instance at 0x7f2ba7cbd190>,4,3,[7 5],5,29,32,24,21
1,<environment.Job instance at 0x7f2ba7bed6e0>,19,1,[5 4],20,32,33,12,21
1,<environment.Job instance at 0x7f2ba7b469b0>,21,1,[ 2 10],22,33,34,11,23
1,<environment.Job instance at 0x7f2ba7b46410>,23,2,[4 7],24,34,36,10,24
1,<environment.Job instance at 0x7f2ba7b46870>,18,18,[4 5],19,34,52,15,32
1,<environment.Job instance at 0x7f2bb18eb5a0>,25,24,[1 5],26,36,60,10,33
1,<environment.Job instance at 0x7f2bb18ebd20>,26,23,[3 6],27,52,75,25,47
1,<environment.Job instance at 0x7f2bb18ebf00>,27,13,[5 4],28,48,61,20,48
1,<environment.Job instance at 0x7f2bb18eb910>,28,21,[8 3],29,61,82,32,53
1,<environment.Job instance at 0x7f2ba7c86dc0>,30,13,[4 5],31,60,73,29,53
1,<environment.Job instance at 0x7f2ba7b46d20>,24,12,[13  2],25,82,94,57,70
1,<environment.Job instance at 0x7f2ba7c86aa0>,33,17,[ 2 10],34,75,92,41,73
1,<environment.Job instance at 0x7f2ba7c86280>,32,12,[13  5],33,94,106,61,78
1,<environment.Job instance at 0x7f2ba7c864b0>,35,2,[7 2],36,106,108,70,79
1,<environment.Job instance at 0x7f2bb18f0af0>,1,3,[10  5],2,2,5,0,2
1,<environment.Job instance at 0x7f2bb17a4730>,4,3,[7 5],5,5,8,0,5
1,<environment.Job instance at 0x7f2bb17a41e0>,6,16,[7 4],7,7,23,0,7
1,<environment.Job instance at 0x7f2ba7bedcd0>,8,18,[4 6],9,9,27,0,9
1,<environment.Job instance at 0x7f2ba7cda5f0>,16,3,[9 1],17,23,26,6,23
1,<environment.Job instance at 0x7f2ba7b46730>,13,12,[9 1],14,26,38,12,26
1,<environment.Job instance at 0x7f2ba78a5af0>,19,1,[5 4],20,27,28,7,27
1,<environment.Job instance at 0x7f2ba7cb9320>,21,1,[ 2 10],22,28,29,6,28
1,<environment.Job instance at 0x7f2ba7cb9d70>,23,2,[4 7],24,29,31,5,29
1,<environment.Job instance at 0x7f2ba7c455a0>,27,13,[5 4],28,31,44,3,31
1,<environment.Job instance at 0x7f2ba7c45e10>,30,13,[4 5],31,38,51,7,38
1,<environment.Job instance at 0x7f2ba7c48640>,14,14,[5 5],15,38,52,23,38
1,<environment.Job instance at 0x7f2ba7721500>,17,17,[5 2],18,44,61,26,44
1,<environment.Job instance at 0x7f2ba78a5820>,18,18,[4 5],19,51,69,32,51
1,<environment.Job instance at 0x7f2ba7c45a50>,35,2,[7 2],36,61,63,25,61
1,<environment.Job instance at 0x7f2ba7c45d20>,36,13,[4 9],37,63,76,26,63
1,<environment.Job instance at 0x7f2ba7c290a0>,42,15,[6 1],43,63,78,20,63
1,<environment.Job instance at 0x7f2ba7c296e0>,43,1,[6 4],44,76,77,32,76
1,<environment.Job instance at 0x7f2ba7c45af0>,33,17,[ 2 10],34,76,93,42,76
1,<environment.Job instance at 0x7f2ba7c295a0>,47,2,[8 5],48,78,80,30,78
1,<environment.Job instance at 0x7f2ba77463c0>,0,2,[ 3 10],1,1,3,0,1
1,<environment.Job instance at 0x7f2ba7fb1fa0>,2,15,[5 5],3,3,18,0,3
1,<environment.Job instance at 0x7f2ba8c90d70>,4,13,[4 8],5,5,18,0,5
1,<environment.Job instance at 0x7f2ba7fc5960>,5,2,[6 1],6,6,8,0,6
1,<environment.Job instance at 0x7f2ba7fc5f00>,8,3,[5 9],9,18,21,9,9
1,<environment.Job instance at 0x7f2ba7fb91e0>,11,25,[7 1],12,18,43,6,16
1,<environment.Job instance at 0x7f2ba7fb9690>,14,15,[ 1 11],15,21,36,6,18
1,<environment.Job instance at 0x7f2ba7fbecd0>,18,13,[4 6],19,36,49,17,20
1,<environment.Job instance at 0x7f2ba7fb9b90>,19,15,[13  1],20,49,64,29,35
1,<environment.Job instance at 0x7f2ba7fccdc0>,17,23,[2 9],18,43,66,25,39
1,<environment.Job instance at 0x7f2ba7af1b40>,35,2,[9 5],36,64,66,28,45
1,<environment.Job instance at 0x7f2ba7fbe230>,22,3,[3 5],23,66,69,43,66
1,<environment.Job instance at 0x7f2ba7fbe640>,24,12,[ 4 12],25,69,81,44,66
1,<environment.Job instance at 0x7f2ba858f910>,46,15,[5 3],47,66,81,19,66
1,<environment.Job instance at 0x7f2ba7af6e10>,31,2,[13  1],32,81,83,49,66
1,<environment.Job instance at 0x7f2ba858f8c0>,47,18,[1 5],48,81,99,33,70
1,<environment.Job instance at 0x7f2ba7f51690>,52,2,[5 7],53,83,85,30,70
1,<environment.Job instance at 0x7f2ba7fd3d20>,56,13,[5 5],57,85,98,28,74
1,<environment.Job instance at 0x7f2ba7fd3e60>,57,2,[6 3],58,83,85,25,74
1,<environment.Job instance at 0x7f2ba7fd3c30>,58,3,[13  2],59,98,101,39,74
1,<environment.Job instance at 0x7f2ba7fab2d0>,62,2,[5 5],63,85,87,22,76
1,<environment.Job instance at 0x7f2ba7fab0f0>,63,1,[7 4],64,87,88,23,76
1,<environment.Job instance at 0x7f2ba7fbab90>,33,1,[10  2],34,101,102,67,76
1,<environment.Job instance at 0x7f2ba7fab9b0>,68,3,[5 5],69,88,91,19,76
1,<environment.Job instance at 0x7f2ba7f44690>,71,1,[7 4],72,91,92,19,76
1,<environment.Job instance at 0x7f2ba7c8ce60>,0,2,[ 3 10],1,1,3,0,1
1,<environment.Job instance at 0x7f2ba7c8ce10>,1,17,[5 5],2,2,19,0,2
1,<environment.Job instance at 0x7f2ba7c8c640>,2,15,[5 5],3,3,18,0,3
1,<environment.Job instance at 0x7f2ba7c8cf00>,5,2,[6 1],6,18,20,12,18
1,<environment.Job instance at 0x7f2ba7c8c500>,4,13,[4 8],5,18,31,13,18
1,<environment.Job instance at 0x7f2ba7c41a00>,18,13,[4 6],19,19,32,0,19
1,<environment.Job instance at 0x7f2ba7c295a0>,22,3,[3 5],23,31,34,8,31
1,<environment.Job instance at 0x7f2ba7c41410>,8,3,[5 9],9,32,35,23,32
1,<environment.Job instance at 0x7f2ba7c410f0>,21,13,[1 6],22,34,47,12,34
1,<environment.Job instance at 0x7f2ba794e5f0>,33,1,[10  2],34,35,36,1,35
1,<environment.Job instance at 0x7f2ba7c29500>,23,14,[1 5],24,35,49,11,35
1,<environment.Job instance at 0x7f2ba7c293c0>,20,17,[10  3],21,36,53,15,36
1,<environment.Job instance at 0x7f2ba7c29730>,30,14,[ 3 10],31,49,63,18,49
1,<environment.Job instance at 0x7f2ba7721500>,35,2,[9 5],36,53,55,17,53
1,<environment.Job instance at 0x7f2ba7b460f0>,40,17,[7 5],41,55,72,14,55
1,<environment.Job instance at 0x7f2ba7cb9a00>,39,12,[ 5 10],40,63,75,23,63
1,<environment.Job instance at 0x7f2ba7b46690>,41,12,[3 8],42,76,88,34,76
1,<environment.Job instance at 0x7f2ba7bedcd0>,43,15,[4 6],44,76,91,32,76
1,<environment.Job instance at 0x7f2ba85a0cd0>,1,2,[ 2 14],2,2,4,0,2
1,<environment.Job instance at 0x7f2ba85a07d0>,3,3,[ 2 11],4,4,7,0,4
1,<environment.Job instance at 0x7f2ba85a0780>,4,22,[1 7],5,7,29,2,6
1,<environment.Job instance at 0x7f2ba85a0690>,5,2,[12  2],6,8,10,2,8
1,<environment.Job instance at 0x7f2ba85a0960>,8,2,[13  3],9,10,12,1,9
1,<environment.Job instance at 0x7f2ba85a0870>,6,14,[ 2 10],7,29,43,22,14
1,<environment.Job instance at 0x7f2ba7b13d20>,18,2,[7 2],19,19,21,0,19
1,<environment.Job instance at 0x7f2ba7b13f50>,16,3,[3 5],17,21,24,4,21
1,<environment.Job instance at 0x7f2ba7b13280>,21,2,[4 8],22,24,26,2,22
1,<environment.Job instance at 0x7f2ba7b13500>,22,16,[5 5],23,26,42,3,24
1,<environment.Job instance at 0x7f2ba7b13190>,24,1,[3 8],25,43,44,18,25
1,<environment.Job instance at 0x7f2ba7b13320>,25,3,[10  2],26,42,45,16,26
1,<environment.Job instance at 0x7f2ba7b13b90>,27,3,[ 5 11],28,44,47,16,28
1,<environment.Job instance at 0x7f2ba7b13550>,28,2,[ 2 12],29,47,49,18,29
1,<environment.Job instance at 0x7f2ba7b13820>,23,3,[7 4],24,49,52,25,30
1,<environment.Job instance at 0x7f2ba7b0e5a0>,32,3,[8 4],33,49,52,16,35
1,<environment.Job instance at 0x7f2ba7b0ea00>,35,2,[10  4],36,45,47,9,36
1,<environment.Job instance at 0x7f2ba7b0ed20>,36,16,[6 3],37,52,68,15,40
1,<environment.Job instance at 0x7f2ba7b0e230>,33,15,[5 8],34,53,68,19,53
1,<environment.Job instance at 0x7f2ba85a02d0>,10,14,[ 5 10],11,68,82,57,53
1,<environment.Job instance at 0x7f2ba7b139b0>,19,20,[5 1],20,68,88,48,68
1,<environment.Job instance at 0x7f2ba7b0eb40>,42,3,[2 7],43,82,85,39,69
1,<environment.Job instance at 0x7f2ba8c90f00>,0,21,[7 4],1,1,22,0,1
1,<environment.Job instance at 0x7f2ba7c456e0>,4,22,[1 7],5,5,27,0,5
1,<environment.Job instance at 0x7f2ba7c458c0>,12,3,[7 4],13,13,16,0,13
1,<environment.Job instance at 0x7f2ba7c454b0>,13,17,[5 1],14,16,33,2,16
1,<environment.Job instance at 0x7f2ba7c450a0>,14,17,[8 4],15,22,39,7,22
1,<environment.Job instance at 0x7f2ba7c45b90>,6,14,[ 2 10],7,27,41,20,27
1,<environment.Job instance at 0x7f2ba7b46b90>,18,2,[7 2],19,39,41,20,39
1,<environment.Job instance at 0x7f2ba7cb9d70>,21,2,[4 8],22,41,43,19,41
1,<environment.Job instance at 0x7f2ba7b46b40>,16,3,[3 5],17,41,44,24,41
1,<environment.Job instance at 0x7f2ba85a0460>,23,3,[7 4],24,43,46,19,43
1,<environment.Job instance at 0x7f2ba7cb9550>,22,16,[5 5],23,43,59,20,43
1,<environment.Job instance at 0x7f2ba85a04b0>,24,1,[3 8],25,46,47,21,46
1,<environment.Job instance at 0x7f2ba7b137d0>,25,3,[10  2],26,47,50,21,47
1,<environment.Job instance at 0x7f2ba7bcac80>,32,3,[8 4],33,50,53,17,50
1,<environment.Job instance at 0x7f2ba7b46910>,17,13,[9 4],18,53,66,35,53
1,<environment.Job instance at 0x7f2ba7c45640>,10,14,[ 5 10],11,59,73,48,59
1,<environment.Job instance at 0x7f2ba7bca4b0>,35,2,[10  4],36,66,68,30,66
1,<environment.Job instance at 0x7f2ba7bca9b0>,36,16,[6 3],37,68,84,31,68
1,<environment.Job instance at 0x7f2ba8c7e780>,37,14,[5 7],38,73,87,35,73
1,<environment.Job instance at 0x7f2ba7bccaa0>,0,2,[13  5],1,1,3,0,1
1,<environment.Job instance at 0x7f2ba7bcc640>,1,2,[1 8],2,2,4,0,2
1,<environment.Job instance at 0x7f2ba7c03910>,5,13,[6 4],6,6,19,0,6
1,<environment.Job instance at 0x7f2ba7c03d20>,11,13,[6 5],12,12,25,0,12
1,<environment.Job instance at 0x7f2ba7c03fa0>,14,3,[2 7],15,19,22,4,15
1,<environment.Job instance at 0x7f2ba7e0e280>,18,1,[6 3],19,19,20,0,19
1,<environment.Job instance at 0x7f2ba7e0e500>,20,1,[1 9],21,22,23,1,21
1,<environment.Job instance at 0x7f2ba7e0e410>,21,3,[ 5 12],22,25,28,3,22
1,<environment.Job instance at 0x7f2ba7e0e690>,22,3,[8 5],23,28,31,5,23
1,<environment.Job instance at 0x7f2ba7e0e870>,24,1,[14  3],25,31,32,6,25
1,<environment.Job instance at 0x7f2ba7e0e5f0>,25,3,[9 2],26,32,35,6,26
1,<environment.Job instance at 0x7f2ba7e0e960>,26,14,[5 9],27,32,46,5,27
1,<environment.Job instance at 0x7f2ba7e0eb90>,28,12,[2 5],29,35,47,6,30
1,<environment.Job instance at 0x7f2ba7e0ed20>,30,1,[2 9],31,46,47,15,31
1,<environment.Job instance at 0x7f2ba7e0eaf0>,27,19,[11  1],28,46,65,18,41
1,<environment.Job instance at 0x7f2ba7c03b90>,9,18,[2 9],10,47,65,37,41
1,<environment.Job instance at 0x7f2ba7e09230>,34,3,[13  1],35,65,68,30,41
1,<environment.Job instance at 0x7f2ba7e092d0>,35,3,[2 6],36,65,68,29,41
1,<environment.Job instance at 0x7f2ba7e09320>,38,3,[ 1 13],39,68,71,29,46
1,<environment.Job instance at 0x7f2ba7e091e0>,36,18,[7 5],37,71,89,34,60
1,<environment.Job instance at 0x7f2ba7e098c0>,41,22,[5 3],42,71,93,29,66
1,<environment.Job instance at 0x7f2ba7e09960>,42,18,[3 9],43,89,107,46,78
1,<environment.Job instance at 0x7f2ba7b14aa0>,1,2,[1 8],2,2,4,0,2
1,<environment.Job instance at 0x7f2ba7b14280>,2,16,[10  3],3,3,19,0,3
1,<environment.Job instance at 0x7f2ba7b142d0>,8,19,[1 5],9,9,28,0,9
1,<environment.Job instance at 0x7f2ba7b14dc0>,5,13,[6 4],6,19,32,13,19
1,<environment.Job instance at 0x7f2ba8c6b640>,11,13,[6 5],12,19,32,7,19
1,<environment.Job instance at 0x7f2ba8c6bc30>,14,3,[2 7],15,32,35,17,32
1,<environment.Job instance at 0x7f2ba8c6baf0>,18,1,[6 3],19,32,33,13,32
1,<environment.Job instance at 0x7f2ba7f69f50>,6,14,[10  3],7,33,47,26,33
1,<environment.Job instance at 0x7f2ba8c6b5a0>,20,1,[1 9],21,35,36,14,35
1,<environment.Job instance at 0x7f2ba7b14d70>,9,18,[2 9],10,36,54,26,36
1,<environment.Job instance at 0x7f2ba8c6b910>,25,3,[9 2],26,47,50,21,47
1,<environment.Job instance at 0x7f2ba8c6ba50>,22,3,[8 5],23,50,53,27,50
1,<environment.Job instance at 0x7f2ba85a5870>,28,12,[2 5],29,53,65,24,53
1,<environment.Job instance at 0x7f2ba85a55f0>,30,1,[2 9],31,54,55,23,54
1,<environment.Job instance at 0x7f2ba85a5410>,35,3,[2 6],36,55,58,19,55
1,<environment.Job instance at 0x7f2ba7b144b0>,10,18,[10  4],11,55,73,44,55
1,<environment.Job instance at 0x7f2ba8c6b320>,26,14,[5 9],27,65,79,38,65
1,<environment.Job instance at 0x7f2ba8c6bf00>,17,15,[9 5],18,73,88,55,73
1,<environment.Job instance at 0x7f2ba85a55a0>,29,16,[6 5],30,79,95,49,79
1,<environment.Job instance at 0x7f2ba88cceb0>,4,14,[1 5],5,5,19,0,5
1,<environment.Job instance at 0x7f2ba88cc820>,5,12,[1 6],6,6,18,0,6
1,<environment.Job instance at 0x7f2ba88ccdc0>,9,15,[1 6],10,18,33,8,10
1,<environment.Job instance at 0x7f2ba88cca00>,12,2,[10  5],13,19,21,6,13
1,<environment.Job instance at 0x7f2ba88cc410>,13,12,[14  4],14,21,33,7,14
1,<environment.Job instance at 0x7f2ba88ccd20>,14,15,[7 4],15,33,48,18,19
1,<environment.Job instance at 0x7f2ba78d7140>,16,14,[6 2],17,33,47,16,22
1,<environment.Job instance at 0x7f2ba78d7050>,21,18,[5 1],22,47,65,25,36
1,<environment.Job instance at 0x7f2ba78d7500>,23,12,[6 5],24,48,60,24,36
1,<environment.Job instance at 0x7f2ba78d7820>,24,2,[4 7],25,48,50,23,36
1,<environment.Job instance at 0x7f2ba78d75f0>,26,12,[ 4 10],27,60,72,33,43
1,<environment.Job instance at 0x7f2ba8afb960>,28,2,[ 4 11],29,72,74,43,46
1,<environment.Job instance at 0x7f2ba8afbeb0>,31,3,[5 5],32,65,68,33,46
1,<environment.Job instance at 0x7f2ba78d7230>,19,12,[8 1],20,68,80,48,51
1,<environment.Job instance at 0x7f2ba78d7aa0>,17,21,[ 5 14],18,74,95,56,67
1,<environment.Job instance at 0x7f2ba7c1c0a0>,0,17,[1 9],1,1,18,0,1
1,<environment.Job instance at 0x7f2ba7c453c0>,4,14,[1 5],5,5,19,0,5
1,<environment.Job instance at 0x7f2ba7c454b0>,12,2,[10  5],13,18,20,5,18
1,<environment.Job instance at 0x7f2ba7c456e0>,5,12,[1 6],6,19,31,13,19
1,<environment.Job instance at 0x7f2ba7c45a50>,16,14,[6 2],17,20,34,3,20
1,<environment.Job instance at 0x7f2ba7b460f0>,19,12,[8 1],20,20,32,0,20
1,<environment.Job instance at 0x7f2ba7c45640>,9,15,[1 6],10,31,46,21,31
1,<environment.Job instance at 0x7f2ba7c45fa0>,14,15,[7 4],15,32,47,17,32
1,<environment.Job instance at 0x7f2ba7cb9c80>,18,17,[7 2],19,34,51,15,34
1,<environment.Job instance at 0x7f2ba7868af0>,6,18,[1 7],7,46,64,39,46
1,<environment.Job instance at 0x7f2ba7b13910>,23,12,[6 5],24,47,59,23,47
1,<environment.Job instance at 0x7f2ba85a04b0>,21,18,[5 1],22,51,69,29,51
1,<environment.Job instance at 0x7f2ba7b13780>,24,2,[4 7],25,59,61,34,59
1,<environment.Job instance at 0x7f2ba85a5460>,31,3,[5 5],32,61,64,29,61
1,<environment.Job instance at 0x7f2ba8c6b460>,38,3,[ 1 10],39,64,67,25,64
1,<environment.Job instance at 0x7f2ba85a58c0>,37,13,[6 2],38,64,77,26,64
1,<environment.Job instance at 0x7f2ba7b0e780>,26,12,[ 4 10],27,67,79,40,67
1,<environment.Job instance at 0x7f2ba8c6b320>,40,18,[7 1],41,77,95,36,77
1,<environment.Job instance at 0x7f2ba8c6b7d0>,42,13,[3 6],43,79,92,36,79
1,<environment.Job instance at 0x7f2ba8c6b190>,41,16,[1 8],42,79,95,37,79
1,<environment.Job instance at 0x7f2ba85b0690>,0,15,[4 5],1,1,16,0,1
1,<environment.Job instance at 0x7f2ba81c5b40>,2,21,[1 6],3,3,24,0,3
1,<environment.Job instance at 0x7f2ba81c5be0>,4,3,[6 1],5,5,8,0,5
1,<environment.Job instance at 0x7f2ba81c5550>,5,16,[4 5],6,16,32,10,6
1,<environment.Job instance at 0x7f2ba81c5c30>,9,18,[7 3],10,10,28,0,10
1,<environment.Job instance at 0x7f2ba81c5f50>,12,2,[5 8],13,28,30,15,13
1,<environment.Job instance at 0x7f2ba81c5e60>,13,12,[4 6],14,30,42,16,14
1,<environment.Job instance at 0x7f2ba808af00>,20,2,[1 6],21,24,26,3,22
1,<environment.Job instance at 0x7f2ba81c55f0>,15,13,[ 2 12],16,42,55,26,26
1,<environment.Job instance at 0x7f2ba7f1a0a0>,23,15,[13  2],24,42,57,18,30
1,<environment.Job instance at 0x7f2ba7f1ad20>,25,2,[ 4 12],26,57,59,31,30
1,<environment.Job instance at 0x7f2ba7f1ad70>,26,1,[10  1],27,32,33,5,30
1,<environment.Job instance at 0x7f2ba7f1a690>,28,12,[6 2],29,57,69,28,41
1,<environment.Job instance at 0x7f2ba7f1a320>,33,2,[5 5],34,59,61,25,41
1,<environment.Job instance at 0x7f2ba84613c0>,43,1,[6 1],44,61,62,17,44
1,<environment.Job instance at 0x7f2ba84610a0>,40,3,[3 5],41,59,62,18,45
1,<environment.Job instance at 0x7f2ba8461dc0>,41,14,[3 6],42,62,76,20,48
1,<environment.Job instance at 0x7f2ba7706b90>,50,14,[6 1],51,62,76,11,51
1,<environment.Job instance at 0x7f2ba84616e0>,39,13,[10  5],40,76,89,36,60
1,<environment.Job instance at 0x7f2ba79184b0>,0,15,[4 5],1,1,16,0,1
1,<environment.Job instance at 0x7f2ba7e30d70>,2,21,[1 6],3,3,24,0,3
1,<environment.Job instance at 0x7f2ba7e30370>,4,3,[6 1],5,5,8,0,5
1,<environment.Job instance at 0x7f2ba8240b90>,9,18,[7 3],10,10,28,0,10
1,<environment.Job instance at 0x7f2ba85170a0>,13,12,[4 6],14,16,28,2,16
1,<environment.Job instance at 0x7f2ba8526cd0>,5,16,[4 5],6,24,40,18,24
1,<environment.Job instance at 0x7f2ba812e050>,20,2,[1 6],21,28,30,7,28
1,<environment.Job instance at 0x7f2ba7fe11e0>,26,1,[10  1],27,28,29,1,28
1,<environment.Job instance at 0x7f2ba82405f0>,10,16,[9 2],11,29,45,18,29
1,<environment.Job instance at 0x7f2ba7c65910>,12,2,[5 8],13,40,42,27,40
1,<environment.Job instance at 0x7f2ba7905690>,28,12,[6 2],29,42,54,13,42
1,<environment.Job instance at 0x7f2ba869c730>,22,15,[4 9],23,45,60,22,45
1,<environment.Job instance at 0x7f2ba8c6beb0>,33,2,[5 5],34,54,56,20,54
1,<environment.Job instance at 0x7f2ba8c6b910>,32,16,[3 5],33,56,72,23,56
1,<environment.Job instance at 0x7f2bb181daa0>,30,16,[3 7],31,60,76,29,60
1,<environment.Job instance at 0x7f2ba8c6b0f0>,38,13,[3 8],39,72,85,33,72
1,<environment.Job instance at 0x7f2ba8c6b820>,39,13,[10  5],40,76,89,36,76
1,<environment.Job instance at 0x7f2ba8180320>,3,3,[9 1],4,5,8,1,5
1,<environment.Job instance at 0x7f2ba78ad140>,9,1,[6 1],10,10,11,0,10
1,<environment.Job instance at 0x7f2ba78ad960>,10,15,[5 2],11,11,26,0,11
1,<environment.Job instance at 0x7f2ba78ad730>,12,14,[7 1],13,13,27,0,13
1,<environment.Job instance at 0x7f2ba8350be0>,14,3,[ 5 14],15,26,29,11,15
1,<environment.Job instance at 0x7f2ba8350730>,18,3,[13  4],19,29,32,10,19
1,<environment.Job instance at 0x7f2ba8350fa0>,17,14,[2 6],18,29,43,11,19
1,<environment.Job instance at 0x7f2ba8180140>,16,22,[5 5],17,32,54,15,26
1,<environment.Job instance at 0x7f2ba81508c0>,21,27,[5 1],22,32,59,10,30
1,<environment.Job instance at 0x7f2ba8350550>,19,16,[2 9],20,43,59,23,42
1,<environment.Job instance at 0x7f2ba8150960>,22,16,[ 2 10],23,59,75,36,49
1,<environment.Job instance at 0x7f2ba81505a0>,23,17,[4 5],24,56,73,32,56
1,<environment.Job instance at 0x7f2ba8a8ff00>,24,18,[ 1 10],25,75,93,50,74
1,<environment.Job instance at 0x7f2ba8a8faa0>,25,1,[1 6],26,93,94,67,75
1,<environment.Job instance at 0x7f2ba83500f0>,15,27,[6 1],16,77,104,61,77
1,<environment.Job instance at 0x7f2ba771c8c0>,0,18,[9 5],1,1,19,0,1
1,<environment.Job instance at 0x7f2ba891dc30>,5,17,[6 5],6,6,23,0,6
1,<environment.Job instance at 0x7f2ba891d870>,9,1,[6 1],10,19,20,9,19
1,<environment.Job instance at 0x7f2ba891d230>,3,3,[9 1],4,20,23,16,20
1,<environment.Job instance at 0x7f2ba8c6b0a0>,17,14,[2 6],18,23,37,5,23
1,<environment.Job instance at 0x7f2ba7a59c30>,12,14,[7 1],13,23,37,10,23
1,<environment.Job instance at 0x7f2ba81b75f0>,10,15,[5 2],11,23,38,12,23
1,<environment.Job instance at 0x7f2ba8c6b280>,19,16,[2 9],20,37,53,17,37
1,<environment.Job instance at 0x7f2ba8c6b500>,23,17,[4 5],24,38,55,14,38
1,<environment.Job instance at 0x7f2ba8c6bf00>,25,1,[1 6],26,53,54,27,53
1,<environment.Job instance at 0x7f2bb12a6f00>,8,16,[ 5 10],9,54,70,45,54
1,<environment.Job instance at 0x7f2ba8c6b640>,29,3,[7 1],30,55,58,25,55
1,<environment.Job instance at 0x7f2ba865b050>,31,15,[10  4],32,58,73,26,58
1,<environment.Job instance at 0x7f2ba8c6b9b0>,22,16,[ 2 10],23,70,86,47,70
1,<environment.Job instance at 0x7f2ba869ccd0>,36,2,[10  5],37,73,75,36,73
1,<environment.Job instance at 0x7f2ba8c6b870>,20,18,[7 5],21,75,93,54,75
1,<environment.Job instance at 0x7f2ba7b1bf50>,1,3,[2 7],2,2,5,0,2
1,<environment.Job instance at 0x7f2ba7b1b3c0>,2,1,[10  4],3,4,5,1,4
1,<environment.Job instance at 0x7f2ba7606190>,3,3,[3 8],4,5,8,1,5
1,<environment.Job instance at 0x7f2ba7ac6320>,8,16,[1 5],9,9,25,0,9
1,<environment.Job instance at 0x7f2ba7ac6b40>,10,1,[ 5 12],11,25,26,14,11
1,<environment.Job instance at 0x7f2ba7b0ca00>,11,13,[9 3],12,12,25,0,12
1,<environment.Job instance at 0x7f2ba80512d0>,14,13,[6 5],15,26,39,11,15
1,<environment.Job instance at 0x7f2ba8051320>,16,3,[ 5 13],17,39,42,22,18
1,<environment.Job instance at 0x7f2ba7743f00>,19,3,[ 2 13],20,72,75,52,72
1,<environment.Job instance at 0x7f2ba80518c0>,20,2,[ 4 12],21,75,77,54,72
1,<environment.Job instance at 0x7f2ba8661af0>,22,25,[2 7],23,77,102,54,75
1,<environment.Job instance at 0x7f2ba8526cd0>,1,3,[2 7],2,2,5,0,2
1,<environment.Job instance at 0x7f2ba83321e0>,2,1,[10  4],3,3,4,0,3
1,<environment.Job instance at 0x7f2ba78adeb0>,3,3,[3 8],4,4,7,0,4
1,<environment.Job instance at 0x7f2ba8526370>,4,17,[10  5],5,5,22,0,5
1,<environment.Job instance at 0x7f2ba869cf50>,5,17,[3 6],6,7,24,1,7
1,<environment.Job instance at 0x7f2bb12a6730>,11,13,[9 3],12,22,35,10,22
1,<environment.Job instance at 0x7f2ba7f17fa0>,8,16,[1 5],9,22,38,13,22
1,<environment.Job instance at 0x7f2ba7ef4e60>,14,13,[6 5],15,35,48,20,35
1,<environment.Job instance at 0x7f2ba8a875f0>,30,1,[8 5],31,35,36,4,35
1,<environment.Job instance at 0x7f2ba80d3e10>,28,14,[5 4],29,36,50,7,36
1,<environment.Job instance at 0x7f2ba8a87f50>,39,13,[8 3],40,48,61,8,48
1,<environment.Job instance at 0x7f2ba80d3960>,21,16,[2 8],22,48,64,26,48
1,<environment.Job instance at 0x7f2ba80d35f0>,23,17,[8 1],24,61,78,37,61
1,<environment.Job instance at 0x7f2ba8a874b0>,45,2,[5 5],46,64,66,18,64
1,<environment.Job instance at 0x7f2ba8a87f00>,41,13,[1 9],42,64,77,22,64
1,<environment.Job instance at 0x7f2ba8a877d0>,48,2,[ 1 10],49,77,79,28,77
1,<environment.Job instance at 0x7f2ba8316870>,51,1,[9 1],52,78,79,26,78
1,<environment.Job instance at 0x7f2ba83167d0>,53,3,[8 2],54,79,82,25,79
1,<environment.Job instance at 0x7f2ba8316eb0>,56,12,[5 4],57,79,91,22,79
1,<environment.Job instance at 0x7f2ba8a87910>,43,13,[1 7],44,79,92,35,79
1,<environment.Job instance at 0x7f2bb1669870>,1,2,[5 9],2,2,4,0,2
1,<environment.Job instance at 0x7f2ba8c2a460>,3,15,[4 7],4,4,19,0,4
1,<environment.Job instance at 0x7f2ba8c2a5a0>,5,3,[ 1 12],6,19,22,13,6
1,<environment.Job instance at 0x7f2ba8c2ae60>,7,12,[9 4],8,22,34,14,8
1,<environment.Job instance at 0x7f2ba8c2adc0>,10,2,[ 5 12],11,34,36,23,11
1,<environment.Job instance at 0x7f2ba869ce10>,11,3,[10  1],12,12,15,0,12
1,<environment.Job instance at 0x7f2ba869ca50>,13,2,[14  5],14,36,38,22,14
1,<environment.Job instance at 0x7f2ba869c280>,14,2,[13  2],15,19,21,4,15
1,<environment.Job instance at 0x7f2ba869c7d0>,16,3,[2 7],17,22,25,5,17
1,<environment.Job instance at 0x7f2ba869ca00>,18,1,[8 1],19,21,22,2,19
1,<environment.Job instance at 0x7f2ba885a1e0>,22,14,[7 2],23,38,52,15,23
1,<environment.Job instance at 0x7f2ba7c2f500>,25,12,[6 1],26,38,50,12,26
1,<environment.Job instance at 0x7f2ba8578c30>,26,2,[9 2],27,34,36,7,27
1,<environment.Job instance at 0x7f2ba8cd4870>,27,2,[6 3],28,28,30,0,28
1,<environment.Job instance at 0x7f2ba7c423c0>,39,2,[5 5],40,50,52,10,40
1,<environment.Job instance at 0x7f2ba7c42190>,41,2,[8 4],42,52,54,10,42
1,<environment.Job instance at 0x7f2ba79a0370>,42,1,[13  4],43,54,55,11,43
1,<environment.Job instance at 0x7f2ba79a0780>,43,12,[5 9],44,55,67,11,44
1,<environment.Job instance at 0x7f2ba79ab3c0>,48,2,[8 1],49,55,57,6,49
1,<environment.Job instance at 0x7f2ba8cc9dc0>,47,17,[9 2],48,57,74,9,51
1,<environment.Job instance at 0x7f2ba79ab640>,52,2,[1 6],53,53,55,0,53
1,<environment.Job instance at 0x7f2ba796fc80>,51,3,[2 5],52,67,70,15,54
1,<environment.Job instance at 0x7f2ba86d04b0>,33,12,[ 3 10],34,70,82,36,57
1,<environment.Job instance at 0x7f2ba85a0a50>,23,14,[13  3],24,82,96,58,68
1,<environment.Job instance at 0x7f2ba79cfe10>,58,1,[6 4],59,74,75,15,69
1,<environment.Job instance at 0x7f2ba79cfe60>,59,1,[11  4],60,75,76,15,69
1,<environment.Job instance at 0x7f2ba7879dc0>,1,2,[5 9],2,2,4,0,2
1,<environment.Job instance at 0x7f2ba789d370>,3,15,[4 7],4,4,19,0,4
1,<environment.Job instance at 0x7f2ba7861050>,7,12,[9 4],8,8,20,0,8
1,<environment.Job instance at 0x7f2ba7861460>,6,17,[ 4 10],7,19,36,12,19
1,<environment.Job instance at 0x7f2ba786b410>,18,1,[8 1],19,20,21,1,20
1,<environment.Job instance at 0x7f2ba7885500>,11,3,[10  1],12,21,24,9,21
1,<environment.Job instance at 0x7f2ba7885d70>,12,15,[7 5],13,24,39,11,24
1,<environment.Job instance at 0x7f2ba7876140>,16,3,[2 7],17,36,39,19,36
1,<environment.Job instance at 0x7f2ba7bd5b90>,25,12,[6 1],26,36,48,10,36
1,<environment.Job instance at 0x7f2ba7869d20>,26,2,[9 2],27,39,41,12,39
1,<environment.Job instance at 0x7f2ba78695f0>,27,2,[6 3],28,41,43,13,41
1,<environment.Job instance at 0x7f2ba78761e0>,15,14,[ 1 10],16,41,55,25,41
1,<environment.Job instance at 0x7f2ba80715a0>,24,14,[7 2],25,43,57,18,43
1,<environment.Job instance at 0x7f2ba7bd5af0>,22,14,[7 2],23,48,62,25,48
1,<environment.Job instance at 0x7f2ba7bb5550>,32,14,[5 4],33,57,71,24,57
1,<environment.Job instance at 0x7f2ba7bd3a00>,30,14,[3 8],31,57,71,26,57
1,<environment.Job instance at 0x7f2ba7bb5460>,33,12,[ 3 10],34,71,83,37,71
1,<environment.Job instance at 0x7f2ba7bb5f50>,36,12,[10  1],37,71,83,34,71
1,<environment.Job instance at 0x7f2ba77fbc80>,1,14,[5 5],2,2,16,0,2
1,<environment.Job instance at 0x7f2ba7716730>,4,16,[6 1],5,5,21,0,5
1,<environment.Job instance at 0x7f2ba77162d0>,5,14,[11  2],6,21,35,15,7
1,<environment.Job instance at 0x7f2ba7716190>,9,12,[6 3],10,35,47,25,18
1,<environment.Job instance at 0x7f2ba7716230>,13,2,[ 1 12],14,18,20,4,18
1,<environment.Job instance at 0x7f2ba7716280>,14,13,[9 5],15,35,48,20,19
1,<environment.Job instance at 0x7f2ba7716780>,15,18,[6 2],16,47,65,31,36
1,<environment.Job instance at 0x7f2ba7716eb0>,17,13,[7 5],18,48,61,30,36
1,<environment.Job instance at 0x7f2ba78fcfa0>,24,2,[8 3],25,61,63,36,38
1,<environment.Job instance at 0x7f2ba78fcd70>,25,3,[2 8],26,48,51,22,38
1,<environment.Job instance at 0x7f2ba78fc550>,31,2,[7 5],32,63,65,31,44
1,<environment.Job instance at 0x7f2ba78fce10>,23,3,[ 4 11],24,65,68,41,45
1,<environment.Job instance at 0x7f2ba7716c30>,12,12,[1 8],13,51,63,38,50
1,<environment.Job instance at 0x7f2ba78fc320>,34,3,[ 3 10],35,68,71,33,50
1,<environment.Job instance at 0x7f2ba78fc230>,33,3,[2 8],34,71,74,37,50
1,<environment.Job instance at 0x7f2ba78feb90>,36,3,[5 3],37,65,68,28,50
1,<environment.Job instance at 0x7f2ba78fc500>,30,13,[3 6],31,71,84,40,55
1,<environment.Job instance at 0x7f2ba78fc5a0>,32,1,[14  3],33,84,85,51,60
1,<environment.Job instance at 0x7f2ba78feaa0>,37,17,[7 4],38,85,102,47,74
1,<environment.Job instance at 0x7f2ba78fecd0>,39,2,[6 2],40,74,76,34,74
1,<environment.Job instance at 0x7f2ba8274aa0>,1,14,[5 5],2,2,16,0,2
1,<environment.Job instance at 0x7f2ba8573780>,4,16,[6 1],5,5,21,0,5
1,<environment.Job instance at 0x7f2ba7a61c30>,7,18,[1 5],8,8,26,0,8
1,<environment.Job instance at 0x7f2ba8573c30>,9,12,[6 3],10,16,28,6,16
1,<environment.Job instance at 0x7f2ba8acdcd0>,15,18,[6 2],16,21,39,5,21
1,<environment.Job instance at 0x7f2ba8092500>,12,12,[1 8],13,26,38,13,26
1,<environment.Job instance at 0x7f2ba8acd3c0>,17,13,[7 5],18,28,41,10,28
1,<environment.Job instance at 0x7f2ba8ad2500>,24,2,[8 3],25,39,41,14,39
1,<environment.Job instance at 0x7f2ba8ad23c0>,25,3,[2 8],26,41,44,15,41
1,<environment.Job instance at 0x7f2ba8acd0f0>,14,13,[9 5],15,41,54,26,41
1,<environment.Job instance at 0x7f2ba77fc4b0>,30,13,[3 6],31,44,57,13,44
1,<environment.Job instance at 0x7f2ba8677410>,31,2,[7 5],32,54,56,22,54
1,<environment.Job instance at 0x7f2ba8ac18c0>,33,3,[2 8],34,56,59,22,56
1,<environment.Job instance at 0x7f2ba8ad2b90>,27,15,[8 5],28,57,72,29,57
1,<environment.Job instance at 0x7f2ba8ac1a50>,34,3,[ 3 10],35,59,62,24,59
1,<environment.Job instance at 0x7f2ba8ac1280>,36,3,[5 3],37,62,65,25,62
1,<environment.Job instance at 0x7f2ba780e5a0>,39,2,[6 2],40,65,67,25,65
1,<environment.Job instance at 0x7f2ba780e5f0>,41,2,[2 7],42,67,69,25,67
1,<environment.Job instance at 0x7f2ba8092910>,11,15,[4 8],12,69,84,57,69
1,<environment.Job instance at 0x7f2ba7c47140>,43,3,[9 1],44,72,75,28,72
1,<environment.Job instance at 0x7f2ba79c8190>,46,15,[7 1],47,75,90,28,75
1,<environment.Job instance at 0x7f2ba8598d20>,1,3,[1 6],2,2,5,0,2
1,<environment.Job instance at 0x7f2ba8598050>,2,15,[8 1],3,3,18,0,3
1,<environment.Job instance at 0x7f2bb181d640>,3,14,[5 7],4,4,18,0,4
1,<environment.Job instance at 0x7f2ba7b1eb40>,5,2,[3 9],6,18,20,12,6
1,<environment.Job instance at 0x7f2ba8c89fa0>,6,15,[ 4 10],7,20,35,13,7
1,<environment.Job instance at 0x7f2ba753d140>,11,1,[10  1],12,18,19,6,12
1,<environment.Job instance at 0x7f2ba753d9b0>,12,1,[10  1],13,19,20,6,13
1,<environment.Job instance at 0x7f2ba86df690>,17,13,[7 2],18,20,33,2,18
1,<environment.Job instance at 0x7f2ba8968500>,21,15,[10  5],22,33,48,11,24
1,<environment.Job instance at 0x7f2ba7c5c730>,24,16,[4 7],25,35,51,10,26
1,<environment.Job instance at 0x7f2ba85a6870>,25,12,[9 1],26,48,60,22,33
1,<environment.Job instance at 0x7f2ba8aea8c0>,27,3,[ 2 11],28,51,54,23,33
1,<environment.Job instance at 0x7f2ba753d640>,14,18,[5 4],15,54,72,39,43
1,<environment.Job instance at 0x7f2ba89680f0>,23,22,[3 8],24,60,82,36,56
1,<environment.Job instance at 0x7f2ba8aea730>,28,19,[6 2],29,60,79,31,57
1,<environment.Job instance at 0x7f2ba7871eb0>,31,2,[12  1],32,79,81,47,57
1,<environment.Job instance at 0x7f2ba8aea640>,32,13,[5 5],33,81,94,48,68
1,<environment.Job instance at 0x7f2ba8ace2d0>,1,3,[1 6],2,2,5,0,2
1,<environment.Job instance at 0x7f2ba7573e10>,2,15,[8 1],3,3,18,0,3
1,<environment.Job instance at 0x7f2ba79c8190>,3,14,[5 7],4,4,18,0,4
1,<environment.Job instance at 0x7f2ba8ad2b90>,11,1,[10  1],12,18,19,6,18
1,<environment.Job instance at 0x7f2ba7c47140>,5,2,[3 9],6,18,20,12,18
1,<environment.Job instance at 0x7f2ba8af4aa0>,12,1,[10  1],13,19,20,6,19
1,<environment.Job instance at 0x7f2ba8c89320>,17,13,[7 2],18,20,33,2,20
1,<environment.Job instance at 0x7f2ba79c8b90>,6,15,[ 4 10],7,20,35,13,20
1,<environment.Job instance at 0x7f2ba8582af0>,21,15,[10  5],22,33,48,11,33
1,<environment.Job instance at 0x7f2ba7c64230>,24,16,[4 7],25,35,51,10,35
1,<environment.Job instance at 0x7f2ba7c64b90>,25,12,[9 1],26,48,60,22,48
1,<environment.Job instance at 0x7f2ba8578aa0>,32,13,[5 5],33,51,64,18,51
1,<environment.Job instance at 0x7f2ba8578e10>,36,3,[7 5],37,60,63,23,60
1,<environment.Job instance at 0x7f2ba8578b40>,34,14,[ 3 10],35,63,77,28,63
1,<environment.Job instance at 0x7f2ba8578f00>,37,15,[7 2],38,64,79,26,64
1,<environment.Job instance at 0x7f2ba8578690>,38,1,[4 7],39,77,78,38,77
1,<environment.Job instance at 0x7f2ba7f449b0>,44,12,[ 1 10],45,78,90,33,78
1,<environment.Job instance at 0x7f2ba8ad2190>,15,17,[7 2],16,78,95,62,78
1,<environment.Job instance at 0x7f2ba7f44b90>,48,15,[5 1],49,79,94,30,79
1,<environment.Job instance at 0x7f2ba858d730>,4,12,[3 5],5,5,17,0,5
1,<environment.Job instance at 0x7f2ba83d3050>,8,2,[9 4],9,9,11,0,9
1,<environment.Job instance at 0x7f2ba83d3b90>,9,19,[3 8],10,11,30,1,10
1,<environment.Job instance at 0x7f2ba83debe0>,13,14,[6 3],14,30,44,16,30
1,<environment.Job instance at 0x7f2ba83e90f0>,3,20,[10  3],4,4,24,0,4
1,<environment.Job instance at 0x7f2ba7797a00>,4,12,[3 5],5,5,17,0,5
1,<environment.Job instance at 0x7f2ba784fc80>,12,14,[5 9],13,17,31,4,17
1,<environment.Job instance at 0x7f2ba7797aa0>,8,2,[9 4],9,24,26,15,24
1,<environment.Job instance at 0x7f2ba784f140>,16,3,[9 2],17,26,29,9,26
1,<environment.Job instance at 0x7f2ba784fe10>,13,14,[6 3],14,29,43,15,29
1,<environment.Job instance at 0x7f2ba7f44a00>,26,14,[9 5],27,31,45,4,31
1,<environment.Job instance at 0x7f2ba7f44550>,25,17,[5 5],26,43,60,17,43
1,<environment.Job instance at 0x7f2ba7f449b0>,27,14,[8 5],28,45,59,17,45
1,<environment.Job instance at 0x7f2ba7f44cd0>,30,17,[1 5],31,45,62,14,45
1,<environment.Job instance at 0x7f2ba7f44c80>,29,15,[7 3],30,59,74,29,59
1,<environment.Job instance at 0x7f2ba784f910>,20,17,[5 1],21,60,77,39,60
1,<environment.Job instance at 0x7f2ba7f445f0>,31,3,[3 9],32,62,65,30,62
1,<environment.Job instance at 0x7f2ba8578870>,35,16,[2 9],36,65,81,29,65
1,<environment.Job instance at 0x7f2ba8578460>,38,18,[5 4],39,74,92,35,74
1,<environment.Job instance at 0x7f2ba8b16280>,6,14,[3 9],7,11,25,4,11
1,<environment.Job instance at 0x7f2ba764cf00>,11,16,[ 1 10],12,25,41,13,13
1,<environment.Job instance at 0x7f2ba8b16550>,7,12,[10  1],8,16,28,8,16
1,<environment.Job instance at 0x7f2ba764c500>,13,1,[9 3],14,28,29,14,16
1,<environment.Job instance at 0x7f2ba764ce10>,14,12,[9 2],15,29,41,14,18
1,<environment.Job instance at 0x7f2ba7f44f00>,6,14,[3 9],7,7,21,0,7
1,<environment.Job instance at 0x7f2ba7f44410>,7,12,[10  1],8,8,20,0,8
1,<environment.Job instance at 0x7f2ba7f44fa0>,13,1,[9 3],14,20,21,6,20
1,<environment.Job instance at 0x7f2ba764c730>,17,2,[1 8],18,21,23,3,21
1,<environment.Job instance at 0x7f2ba7f44a50>,14,12,[9 2],15,21,33,6,21
1,<environment.Job instance at 0x7f2ba8898460>,22,15,[3 6],23,23,38,0,23
1,<environment.Job instance at 0x7f2ba8898a00>,23,15,[1 7],24,24,39,0,24
1,<environment.Job instance at 0x7f2ba8896550>,29,1,[1 6],30,38,39,8,38
1,<environment.Job instance at 0x7f2ba8896280>,31,13,[1 9],32,39,52,7,39
1,<environment.Job instance at 0x7f2ba8896f50>,32,12,[5 2],33,39,51,6,39
1,<environment.Job instance at 0x7f2ba8b165a0>,19,16,[7 4],20,39,55,19,39
1,<environment.Job instance at 0x7f2ba8896320>,33,18,[7 1],34,51,69,17,51
1,<environment.Job instance at 0x7f2ba7f44140>,11,16,[ 1 10],12,52,68,40,52
1,<environment.Job instance at 0x7f2ba8896fa0>,34,3,[7 5],35,68,71,33,68
1,<environment.Job instance at 0x7f2ba8896190>,39,13,[1 9],40,68,81,28,68
1,<environment.Job instance at 0x7f2ba8896dc0>,43,16,[9 3],44,72,88,28,72
1,<environment.Job instance at 0x7f2bb166d960>,1,1,[2 7],2,2,3,0,2
1,<environment.Job instance at 0x7f2bb166d730>,2,3,[ 5 10],3,3,6,0,3
1,<environment.Job instance at 0x7f2bb166d7d0>,3,12,[5 6],4,6,18,2,4
1,<environment.Job instance at 0x7f2ba7f8ea50>,5,12,[6 1],6,6,18,0,6
1,<environment.Job instance at 0x7f2ba7f8eaa0>,6,2,[1 9],7,18,20,11,7
1,<environment.Job instance at 0x7f2ba7f8edc0>,7,15,[6 2],8,18,33,10,8
1,<environment.Job instance at 0x7f2bb166d320>,12,1,[ 3 12],13,20,21,7,13
1,<environment.Job instance at 0x7f2ba7f8ed20>,17,22,[4 5],18,77,99,59,77
1,<environment.Job instance at 0x7f2ba88ac6e0>,0,20,[5 5],1,1,21,0,1
1,<environment.Job instance at 0x7f2ba88acd70>,1,1,[2 7],2,2,3,0,2
1,<environment.Job instance at 0x7f2ba88ace10>,2,3,[ 5 10],3,3,6,0,3
1,<environment.Job instance at 0x7f2ba77425f0>,3,12,[5 6],4,6,18,2,6
1,<environment.Job instance at 0x7f2ba7742b40>,6,2,[1 9],7,18,20,11,18
1,<environment.Job instance at 0x7f2ba7742780>,5,12,[6 1],6,18,30,12,18
1,<environment.Job instance at 0x7f2ba7742690>,7,15,[6 2],8,21,36,13,21
1,<environment.Job instance at 0x7f2ba75b6410>,29,14,[6 1],30,30,44,0,30
1,<environment.Job instance at 0x7f2ba7f36e10>,26,15,[3 6],27,30,45,3,30
1,<environment.Job instance at 0x7f2bb37288c0>,18,18,[5 2],19,36,54,17,36
1,<environment.Job instance at 0x7f2ba75b67d0>,35,1,[5 1],36,44,45,8,44
1,<environment.Job instance at 0x7f2ba75b6f50>,33,3,[10  1],34,46,49,12,46
1,<environment.Job instance at 0x7f2ba75b66e0>,40,3,[6 1],41,49,52,8,49
1,<environment.Job instance at 0x7f2ba75b60f0>,41,3,[1 6],42,49,52,7,49
1,<environment.Job instance at 0x7f2ba75b62d0>,37,22,[1 5],38,49,71,11,49
1,<environment.Job instance at 0x7f2ba7896050>,46,15,[6 5],47,52,67,5,52
1,<environment.Job instance at 0x7f2ba75b6c30>,34,15,[7 2],35,54,69,19,54
1,<environment.Job instance at 0x7f2ba7c1c780>,55,2,[7 1],56,67,69,11,67
1,<environment.Job instance at 0x7f2ba7c1cc80>,59,3,[2 6],60,69,72,9,69
1,<environment.Job instance at 0x7f2ba7c1c5a0>,61,2,[10  3],62,69,71,7,69
1,<environment.Job instance at 0x7f2ba7c1c320>,62,1,[5 2],63,71,72,8,71
1,<environment.Job instance at 0x7f2ba7c1cd20>,63,15,[4 7],64,71,86,7,71
1,<environment.Job instance at 0x7f2ba7742730>,11,16,[8 5],12,73,89,61,73
1,<environment.Job instance at 0x7f2ba88ac230>,2,14,[6 1],3,12,26,9,12
1,<environment.Job instance at 0x7f2ba84ee460>,13,1,[5 6],14,14,15,0,14
1,<environment.Job instance at 0x7f2ba84d34b0>,12,20,[ 1 13],13,17,37,4,17
1,<environment.Job instance at 0x7f2ba84d3190>,11,12,[9 1],12,26,38,14,21
1,<environment.Job instance at 0x7f2ba7e0f820>,21,3,[ 2 10],22,37,40,15,22
1,<environment.Job instance at 0x7f2ba84d1050>,23,13,[2 7],24,40,53,16,25
1,<environment.Job instance at 0x7f2ba7a610a0>,1,14,[9 5],2,2,16,0,2
1,<environment.Job instance at 0x7f2ba7a61e60>,2,14,[6 1],3,3,17,0,3
1,<environment.Job instance at 0x7f2ba7c1ccd0>,13,1,[5 6],14,16,17,2,16
1,<environment.Job instance at 0x7f2ba7c1cd20>,5,15,[1 8],6,16,31,10,16
1,<environment.Job instance at 0x7f2ba7c1cf00>,11,12,[9 1],12,17,29,5,17
1,<environment.Job instance at 0x7f2ba7c1cb40>,19,13,[5 8],20,31,44,11,31
1,<environment.Job instance at 0x7f2ba7c1c4b0>,20,18,[6 2],21,31,49,10,31
1,<environment.Job instance at 0x7f2ba7896500>,21,3,[ 2 10],22,44,47,22,44
1,<environment.Job instance at 0x7f2ba78967d0>,22,15,[2 5],23,47,62,24,47
1,<environment.Job instance at 0x7f2ba7896aa0>,23,13,[2 7],24,47,60,23,47
1,<environment.Job instance at 0x7f2ba75b6be0>,30,13,[3 7],31,60,73,29,60
1,<environment.Job instance at 0x7f2ba75b67d0>,31,12,[1 8],32,62,74,30,62
1,<environment.Job instance at 0x7f2ba75b62d0>,32,14,[7 4],33,73,87,40,73
1,<environment.Job instance at 0x7f2ba75b6c30>,34,15,[2 7],35,74,89,39,74
1,<environment.Job instance at 0x7f2ba85550a0>,1,12,[5 8],2,6,18,4,6
1,<environment.Job instance at 0x7f2ba7e0bdc0>,6,12,[ 2 14],7,18,30,11,7
1,<environment.Job instance at 0x7f2ba7e0b5f0>,12,3,[4 8],13,30,33,17,13
1,<environment.Job instance at 0x7f2ba7e0b190>,17,1,[4 7],18,30,31,12,18
1,<environment.Job instance at 0x7f2ba7e0bf50>,14,12,[13  2],15,33,45,18,19
1,<environment.Job instance at 0x7f2ba7e0b320>,19,14,[ 2 13],20,33,47,13,20
1,<environment.Job instance at 0x7f2ba7dfdd20>,21,15,[1 6],22,47,62,25,33
1,<environment.Job instance at 0x7f2ba7e0be10>,22,1,[8 4],23,47,48,24,33
1,<environment.Job instance at 0x7f2ba7e0b5a0>,15,22,[6 2],16,49,71,33,49
1,<environment.Job instance at 0x7f2ba7dfd3c0>,24,18,[11  3],25,71,89,46,60
1,<environment.Job instance at 0x7f2ba7dfd690>,25,13,[7 5],26,89,102,63,74
1,<environment.Job instance at 0x7f2ba84d3aa0>,0,19,[ 3 10],1,1,20,0,1
1,<environment.Job instance at 0x7f2ba7657b90>,2,20,[10  3],3,3,23,0,3
1,<environment.Job instance at 0x7f2ba7c1c8c0>,12,3,[4 8],13,20,23,7,20
1,<environment.Job instance at 0x7f2ba7c1ca50>,17,1,[4 7],18,23,24,5,23
1,<environment.Job instance at 0x7f2ba84d38c0>,1,12,[5 8],2,23,35,21,23
1,<environment.Job instance at 0x7f2ba7c1ce10>,22,1,[8 4],23,24,25,1,24
1,<environment.Job instance at 0x7f2ba7c1cc80>,18,12,[10  2],19,25,37,6,25
1,<environment.Job instance at 0x7f2ba7c1c320>,21,15,[1 6],22,35,50,13,35
1,<environment.Job instance at 0x7f2ba7c1cc30>,20,16,[3 6],21,35,51,14,35
1,<environment.Job instance at 0x7f2ba8690e10>,29,3,[10  3],30,37,40,7,37
1,<environment.Job instance at 0x7f2ba8683b40>,32,13,[5 1],33,40,53,7,40
1,<environment.Job instance at 0x7f2ba7dfd0f0>,26,13,[6 1],27,40,53,13,40
1,<environment.Job instance at 0x7f2ba86831e0>,35,12,[1 6],36,51,63,15,51
1,<environment.Job instance at 0x7f2ba8683f00>,36,1,[6 3],37,53,54,16,53
1,<environment.Job instance at 0x7f2ba7e0b730>,25,13,[7 5],26,53,66,27,53
1,<environment.Job instance at 0x7f2ba8683190>,34,2,[5 7],35,63,65,28,63
1,<environment.Job instance at 0x7f2ba8683e60>,43,2,[8 3],44,65,67,21,65
1,<environment.Job instance at 0x7f2ba8683c30>,44,13,[7 4],45,66,79,21,66
1,<environment.Job instance at 0x7f2ba8683c80>,30,15,[8 4],31,67,82,36,67
1,<environment.Job instance at 0x7f2ba8683460>,48,16,[5 7],49,79,95,30,79
1,<environment.Job instance at 0x7f2ba8428460>,1,1,[ 5 13],2,2,3,0,2
1,<environment.Job instance at 0x7f2ba804f140>,5,15,[2 5],6,6,21,0,6
1,<environment.Job instance at 0x7f2ba804f1e0>,6,15,[7 2],7,7,22,0,7
1,<environment.Job instance at 0x7f2ba804f410>,8,2,[7 4],9,21,23,12,9
1,<environment.Job instance at 0x7f2ba804f7d0>,14,2,[ 2 10],15,22,24,7,16
1,<environment.Job instance at 0x7f2ba804fa50>,19,13,[ 2 12],20,24,37,4,20
1,<environment.Job instance at 0x7f2ba804faa0>,18,14,[4 5],19,37,51,18,23
1,<environment.Job instance at 0x7f2ba7f8f050>,3,18,[2 5],4,4,22,0,4
1,<environment.Job instance at 0x7f2ba7f8f780>,4,18,[ 2 10],5,5,23,0,5
1,<environment.Job instance at 0x7f2ba75291e0>,8,2,[7 4],9,22,24,13,22
1,<environment.Job instance at 0x7f2ba7529af0>,14,2,[ 2 10],15,23,25,8,23
1,<environment.Job instance at 0x7f2ba7529640>,18,14,[4 5],19,24,38,5,24
1,<environment.Job instance at 0x7f2ba7f8f2d0>,5,15,[2 5],6,25,40,19,25
1,<environment.Job instance at 0x7f2ba7f8ff50>,6,15,[7 2],7,25,40,18,25
1,<environment.Job instance at 0x7f2ba86830a0>,25,1,[6 4],26,38,39,12,38
1,<environment.Job instance at 0x7f2ba8683c30>,26,13,[5 2],27,39,52,12,39
1,<environment.Job instance at 0x7f2ba8683af0>,29,14,[1 7],30,40,54,10,40
1,<environment.Job instance at 0x7f2ba86837d0>,28,15,[9 5],29,40,55,11,40
1,<environment.Job instance at 0x7f2ba8683f00>,33,3,[6 4],34,54,57,20,54
1,<environment.Job instance at 0x7f2ba86831e0>,34,13,[9 1],35,55,68,20,55
1,<environment.Job instance at 0x7f2ba8683280>,36,12,[1 7],37,57,69,20,57
1,<environment.Job instance at 0x7f2ba86835f0>,38,2,[5 3],39,57,59,18,57
1,<environment.Job instance at 0x7f2ba8555a50>,39,13,[5 6],40,59,72,19,59
1,<environment.Job instance at 0x7f2ba8683e10>,24,17,[2 8],25,69,86,44,69
1,<environment.Job instance at 0x7f2ba7dfd140>,42,15,[8 4],43,72,87,29,72
1,<environment.Job instance at 0x7faef28de8c0>,3,3,[ 4 14],4,5,8,1,5
1,<environment.Job instance at 0x7faee9294a50>,2,22,[4 8],3,8,30,5,5
1,<environment.Job instance at 0x7faee9294b90>,6,20,[6 1],7,7,27,0,7
1,<environment.Job instance at 0x7faee9294af0>,4,14,[1 6],5,11,25,6,11
1,<environment.Job instance at 0x7faee9294f00>,11,1,[8 5],12,27,28,15,13
1,<environment.Job instance at 0x7faee9298410>,14,13,[7 3],15,28,41,13,15
1,<environment.Job instance at 0x7faee9298500>,16,16,[3 5],17,30,46,13,18
1,<environment.Job instance at 0x7faee9298690>,18,3,[ 4 13],19,46,49,27,20
1,<environment.Job instance at 0x7faee9298780>,21,1,[6 5],22,41,42,19,22
1,<environment.Job instance at 0x7faee92988c0>,22,1,[2 7],23,30,31,7,23
1,<environment.Job instance at 0x7faee92a1a00>,2,22,[4 8],3,3,25,0,3
1,<environment.Job instance at 0x7faee92a1c80>,4,14,[1 6],5,5,19,0,5
1,<environment.Job instance at 0x7faee9294960>,6,20,[6 1],7,7,27,0,7
1,<environment.Job instance at 0x7faee92a5140>,11,1,[8 5],12,25,26,13,25
1,<environment.Job instance at 0x7faee92a5460>,21,1,[6 5],22,26,27,4,26
1,<environment.Job instance at 0x7faee92a5780>,22,1,[2 7],23,26,27,3,26
1,<environment.Job instance at 0x7faee92a1d20>,12,13,[10  2],13,27,40,14,27
1,<environment.Job instance at 0x7faee92a5230>,16,16,[3 5],17,27,43,10,27
1,<environment.Job instance at 0x7faee92a52d0>,15,18,[2 8],16,27,45,11,27
1,<environment.Job instance at 0x7faee92a5370>,14,13,[7 3],15,43,56,28,43
1,<environment.Job instance at 0x7faee92a7190>,35,2,[1 8],36,45,47,9,45
1,<environment.Job instance at 0x7faee92a7140>,34,16,[2 8],35,47,63,12,47
1,<environment.Job instance at 0x7faee92a7280>,36,15,[9 5],37,56,71,19,56
1,<environment.Job instance at 0x7faee92dd550>,46,13,[6 5],47,63,76,16,63
1,<environment.Job instance at 0x7faee92a5d70>,27,18,[1 8],28,71,89,43,71
1,<environment.Job instance at 0x7faee94350a0>,49,15,[10  1],50,76,91,26,76
1,<environment.Job instance at 0x7faee89dfd70>,0,16,[7 1],1,1,17,0,1
1,<environment.Job instance at 0x7faee89df410>,2,3,[4 7],3,3,6,0,3
1,<environment.Job instance at 0x7faee89d53c0>,4,12,[5 6],5,6,18,1,5
1,<environment.Job instance at 0x7faee89d5f00>,5,1,[7 4],6,17,18,11,6
1,<environment.Job instance at 0x7faee89d5dc0>,11,12,[8 1],12,18,30,6,12
1,<environment.Job instance at 0x7faee89df2d0>,8,22,[ 3 11],9,18,40,9,18
1,<environment.Job instance at 0x7faee8ac4320>,18,12,[ 3 10],19,40,52,21,26
1,<environment.Job instance at 0x7faee89d59b0>,15,18,[12  4],16,30,48,14,30
1,<environment.Job instance at 0x7faee8b141e0>,20,14,[10  4],21,48,62,27,37
1,<environment.Job instance at 0x7faee8b64d20>,19,21,[ 1 10],20,52,73,32,45
1,<environment.Job instance at 0x7faee8b14aa0>,21,21,[6 5],22,62,83,40,57
1,<environment.Job instance at 0x7faee92a15a0>,0,16,[7 1],1,1,17,0,1
1,<environment.Job instance at 0x7faee8a39190>,2,3,[4 7],3,3,6,0,3
1,<environment.Job instance at 0x7faee8a8ec80>,5,1,[7 4],6,6,7,0,6
1,<environment.Job instance at 0x7faee8a8ecd0>,4,12,[5 6],5,7,19,2,7
1,<environment.Job instance at 0x7faee8be63c0>,7,17,[3 5],8,8,25,0,8
1,<environment.Job instance at 0x7faee8ab5320>,11,12,[8 1],12,19,31,7,19
1,<environment.Job instance at 0x7faee8a46280>,23,2,[6 2],24,25,27,1,25
1,<environment.Job instance at 0x7faee8ab7be0>,18,12,[ 3 10],19,27,39,8,27
1,<environment.Job instance at 0x7faee8ab7280>,20,14,[10  4],21,31,45,10,31
1,<environment.Job instance at 0x7faee8abae10>,19,21,[ 1 10],20,39,60,19,39
1,<environment.Job instance at 0x7faee8a43410>,31,3,[10  2],32,45,48,13,45
1,<environment.Job instance at 0x7faee8a46640>,26,16,[7 5],27,48,64,21,48
1,<environment.Job instance at 0x7faee8a58820>,39,2,[1 8],40,60,62,20,60
1,<environment.Job instance at 0x7faee8a55d70>,42,13,[ 5 10],43,62,75,19,62
1,<environment.Job instance at 0x7faee8a55280>,40,15,[8 3],41,64,79,23,64
1,<environment.Job instance at 0x7faee8ad8f00>,45,14,[ 2 10],46,75,89,29,75
1,<environment.Job instance at 0x7faee8a52640>,48,12,[7 5],49,79,91,30,79
1,<environment.Job instance at 0x7faee8a60c30>,51,13,[5 6],52,89,102,37,89
1,<environment.Job instance at 0x7faee8914be0>,1,13,[4 9],2,2,15,0,2
1,<environment.Job instance at 0x7faee8914cd0>,2,14,[2 9],3,15,29,12,3
1,<environment.Job instance at 0x7faee8914280>,3,2,[13  3],4,15,17,11,4
1,<environment.Job instance at 0x7faee8914e60>,5,2,[5 2],6,6,8,0,6
1,<environment.Job instance at 0x7faee8889690>,6,1,[5 9],7,29,30,22,7
1,<environment.Job instance at 0x7faee8889550>,13,12,[1 7],14,30,42,16,14
1,<environment.Job instance at 0x7faee8889460>,14,3,[10  2],15,17,20,2,15
1,<environment.Job instance at 0x7faee88895a0>,15,3,[5 5],16,20,23,4,16
1,<environment.Job instance at 0x7faee8889280>,16,3,[ 5 10],17,42,45,25,17
1,<environment.Job instance at 0x7faee8889050>,18,3,[10  1],19,23,26,4,19
1,<environment.Job instance at 0x7faee8887460>,20,2,[7 5],21,26,28,5,21
1,<environment.Job instance at 0x7faee8887190>,23,3,[7 5],24,28,31,4,24
1,<environment.Job instance at 0x7faee88873c0>,21,14,[2 7],22,45,59,23,30
1,<environment.Job instance at 0x7faee8887550>,26,22,[6 1],27,30,52,3,30
1,<environment.Job instance at 0x7faee8884280>,28,2,[5 2],29,31,33,2,30
1,<environment.Job instance at 0x7faee8884f00>,29,22,[2 7],30,45,67,15,38
1,<environment.Job instance at 0x7faee8884f50>,32,2,[12  2],33,59,61,26,38
1,<environment.Job instance at 0x7faee8884910>,33,2,[5 9],34,67,69,33,40
1,<environment.Job instance at 0x7faee8884af0>,31,1,[ 2 14],32,69,70,37,46
1,<environment.Job instance at 0x7faee8889b40>,1,13,[4 9],2,2,15,0,2
1,<environment.Job instance at 0x7faee8884820>,5,2,[5 2],6,6,8,0,6
1,<environment.Job instance at 0x7faee8914550>,8,21,[9 4],9,9,30,0,9
1,<environment.Job instance at 0x7faee88ffb90>,6,1,[5 9],7,15,16,8,15
1,<environment.Job instance at 0x7faee88cc2d0>,13,12,[1 7],14,16,28,2,16
1,<environment.Job instance at 0x7faee88dae60>,15,3,[5 5],16,28,31,12,28
1,<environment.Job instance at 0x7faee88ccaa0>,14,3,[10  2],15,30,33,15,30
1,<environment.Job instance at 0x7faee88cce10>,16,3,[ 5 10],17,31,34,14,31
1,<environment.Job instance at 0x7faee88cd960>,20,2,[7 5],21,33,35,12,33
1,<environment.Job instance at 0x7faee8889140>,2,14,[2 9],3,34,48,31,34
1,<environment.Job instance at 0x7faee891c6e0>,23,3,[7 5],24,35,38,11,35
1,<environment.Job instance at 0x7faee88cdcd0>,18,3,[10  1],19,38,41,19,38
1,<environment.Job instance at 0x7faee89145a0>,9,12,[9 3],10,41,53,31,41
1,<environment.Job instance at 0x7faee891cc80>,33,2,[5 9],34,48,50,14,48
1,<environment.Job instance at 0x7faee891c460>,28,2,[5 2],29,50,52,21,50
1,<environment.Job instance at 0x7faee891c780>,21,14,[2 7],22,52,66,30,52
1,<environment.Job instance at 0x7faee891ca50>,34,13,[9 4],35,53,66,18,53
1,<environment.Job instance at 0x7faee8992cd0>,42,14,[6 1],43,66,80,23,66
1,<environment.Job instance at 0x7faee891c730>,39,14,[ 1 10],40,66,80,26,66
1,<environment.Job instance at 0x7faee8992320>,45,14,[10  1],46,80,94,34,80
1,<environment.Job instance at 0x7faee891c280>,27,15,[3 7],28,80,95,52,80
1,<environment.Job instance at 0x7faee8a0db40>,0,13,[4 5],1,1,14,0,1
1,<environment.Job instance at 0x7faee8da33c0>,5,2,[7 2],6,6,8,0,6
1,<environment.Job instance at 0x7faee8da3be0>,3,17,[ 2 10],4,8,25,4,7
1,<environment.Job instance at 0x7faee8a0daf0>,4,25,[1 5],5,14,39,9,10
1,<environment.Job instance at 0x7faee8da3a00>,6,13,[4 9],7,25,38,18,11
1,<environment.Job instance at 0x7faee8e24c30>,11,13,[ 5 13],12,39,52,27,23
1,<environment.Job instance at 0x7faee8e24b40>,13,1,[6 4],14,38,39,24,23
1,<environment.Job instance at 0x7faee8da3910>,10,14,[14  5],11,52,66,41,37
1,<environment.Job instance at 0x7faee8e24320>,17,2,[8 5],18,66,68,48,39
1,<environment.Job instance at 0x7faee8caba00>,19,18,[6 1],20,66,84,46,55
1,<environment.Job instance at 0x7faee8cab140>,20,2,[ 1 11],21,68,70,47,55
1,<environment.Job instance at 0x7faee8cab0a0>,21,18,[8 2],22,68,86,46,57
1,<environment.Job instance at 0x7faee8da3f50>,12,15,[6 1],13,84,99,71,70
1,<environment.Job instance at 0x7faee8cab910>,24,17,[4 6],25,86,103,61,74
1,<environment.Job instance at 0x7faee8cab050>,25,1,[7 3],26,99,100,73,76
1,<environment.Job instance at 0x7faee8cab690>,26,14,[ 1 10],27,103,117,76,89
1,<environment.Job instance at 0x7faee899a320>,0,13,[4 5],1,1,14,0,1
1,<environment.Job instance at 0x7faee8992aa0>,3,17,[ 2 10],4,4,21,0,4
1,<environment.Job instance at 0x7faee899ae60>,5,2,[7 2],6,14,16,8,14
1,<environment.Job instance at 0x7faee89928c0>,12,15,[6 1],13,14,29,1,14
1,<environment.Job instance at 0x7faee8992f00>,13,1,[6 4],14,16,17,2,16
1,<environment.Job instance at 0x7faee8992cd0>,17,2,[8 5],18,21,23,3,21
1,<environment.Job instance at 0x7faee89926e0>,6,13,[4 9],7,23,36,16,23
1,<environment.Job instance at 0x7faee8992e60>,8,16,[10  3],9,29,45,20,29
1,<environment.Job instance at 0x7faee891cf50>,24,17,[4 6],25,36,53,11,36
1,<environment.Job instance at 0x7faee891ce60>,25,1,[7 3],26,45,46,19,45
1,<environment.Job instance at 0x7faee891ccd0>,27,1,[2 7],28,46,47,18,46
1,<environment.Job instance at 0x7faee891c460>,29,15,[8 2],30,46,61,16,46
1,<environment.Job instance at 0x7faee891c910>,26,14,[ 1 10],27,53,67,26,53
1,<environment.Job instance at 0x7faee8992320>,19,18,[6 1],20,53,71,33,53
1,<environment.Job instance at 0x7faee8992c30>,21,18,[8 2],22,61,79,39,61
1,<environment.Job instance at 0x7faee8de3dc0>,41,1,[5 9],42,71,72,29,71
1,<environment.Job instance at 0x7faee891cb40>,35,2,[5 5],36,72,74,36,72
1,<environment.Job instance at 0x7faee8890910>,50,2,[ 3 10],51,74,76,23,74
1,<environment.Job instance at 0x7faee8b31c30>,43,15,[5 1],44,76,91,32,76
1,<environment.Job instance at 0x7faee8890460>,52,15,[5 5],53,79,94,26,79
1,<environment.Job instance at 0x7faee88905f0>,54,13,[4 8],55,79,92,24,79
1,<environment.Job instance at 0x7faee8caad70>,1,12,[3 8],2,2,14,0,2
1,<environment.Job instance at 0x7faee91390f0>,6,15,[5 3],7,7,22,0,7
1,<environment.Job instance at 0x7faee910a3c0>,9,13,[1 7],10,14,27,4,10
1,<environment.Job instance at 0x7faee910ab90>,12,2,[5 7],13,22,24,9,13
1,<environment.Job instance at 0x7faee910a870>,16,13,[5 5],17,24,37,7,17
1,<environment.Job instance at 0x7faee8c60140>,17,2,[6 3],18,24,26,6,21
1,<environment.Job instance at 0x7faee8c60690>,18,3,[13  2],19,37,40,18,25
1,<environment.Job instance at 0x7faee8d373c0>,19,14,[7 5],20,40,54,20,25
1,<environment.Job instance at 0x7faee910e190>,20,3,[1 6],21,27,30,6,25
1,<environment.Job instance at 0x7faee910e500>,23,1,[7 4],24,27,28,3,27
1,<environment.Job instance at 0x7faee90af460>,25,3,[12  3],26,54,57,28,29
1,<environment.Job instance at 0x7faee90abb90>,27,14,[7 5],28,40,54,12,33
1,<environment.Job instance at 0x7faee90ab690>,28,3,[5 5],29,33,36,4,33
1,<environment.Job instance at 0x7faee910ee60>,22,2,[5 5],23,33,35,10,33
1,<environment.Job instance at 0x7faee910e8c0>,24,16,[10  4],25,57,73,32,49
1,<environment.Job instance at 0x7faee8d94820>,0,17,[7 5],1,1,18,0,1
1,<environment.Job instance at 0x7faee8d94d70>,1,12,[3 8],2,2,14,0,2
1,<environment.Job instance at 0x7faee8d8eeb0>,12,2,[5 7],13,14,16,1,14
1,<environment.Job instance at 0x7faee8d8e690>,9,13,[1 7],10,16,29,6,16
1,<environment.Job instance at 0x7faee8d94870>,6,15,[5 3],7,16,31,9,16
1,<environment.Job instance at 0x7faee8d8e370>,16,13,[5 5],17,18,31,1,18
1,<environment.Job instance at 0x7faee8d94730>,3,15,[4 6],4,29,44,25,29
1,<environment.Job instance at 0x7faee8d8eaf0>,17,2,[6 3],18,31,33,13,31
1,<environment.Job instance at 0x7faee924f370>,20,3,[1 6],21,31,34,10,31
1,<environment.Job instance at 0x7faee924f910>,22,2,[5 5],23,34,36,11,34
1,<environment.Job instance at 0x7faee924fdc0>,23,1,[7 4],24,36,37,12,36
1,<environment.Job instance at 0x7faee8d94cd0>,7,18,[1 5],8,36,54,28,36
1,<environment.Job instance at 0x7faee8890cd0>,24,16,[10  4],25,37,53,12,37
1,<environment.Job instance at 0x7faee8890aa0>,28,3,[5 5],29,53,56,24,53
1,<environment.Job instance at 0x7faee88907d0>,27,14,[7 5],28,53,67,25,53
1,<environment.Job instance at 0x7faee924f7d0>,19,14,[7 5],20,56,70,36,56
1,<environment.Job instance at 0x7faee8a0d0a0>,31,1,[7 4],32,67,68,35,67
1,<environment.Job instance at 0x7faee8d94500>,2,21,[4 8],3,68,89,65,68
1,<environment.Job instance at 0x7faee8b314b0>,32,2,[9 2],33,70,72,37,70
1,<environment.Job instance at 0x7faee8884820>,38,2,[7 5],39,72,74,33,72
1,<environment.Job instance at 0x7faee8e3d280>,33,17,[7 2],34,74,91,40,74
1,<environment.Job instance at 0x7faee891c7d0>,46,14,[ 2 10],47,89,103,42,89
1,<environment.Job instance at 0x7faee8d131e0>,3,1,[11  5],4,4,5,0,4
1,<environment.Job instance at 0x7faee8d135f0>,7,14,[ 5 11],8,8,22,0,8
1,<environment.Job instance at 0x7faee8d13870>,8,12,[8 5],9,22,34,13,9
1,<environment.Job instance at 0x7faee8d13b90>,12,2,[1 8],13,22,24,9,13
1,<environment.Job instance at 0x7faee8ffe230>,16,3,[ 5 14],17,34,37,17,17
1,<environment.Job instance at 0x7faee8ffefa0>,21,1,[ 3 11],22,37,38,15,22
1,<environment.Job instance at 0x7faee8ffeb90>,23,2,[6 3],24,24,26,0,24
1,<environment.Job instance at 0x7faee8ffe1e0>,24,2,[3 8],25,26,28,1,25
1,<environment.Job instance at 0x7faee8ffe460>,28,19,[6 3],29,59,78,30,59
1,<environment.Job instance at 0x7faee910a910>,0,16,[10  4],1,1,17,0,1
1,<environment.Job instance at 0x7faee9a856e0>,12,2,[1 8],13,13,15,0,13
1,<environment.Job instance at 0x7faee8fdc3c0>,8,12,[8 5],9,17,29,8,17
1,<environment.Job instance at 0x7faee9a85280>,13,16,[6 3],14,17,33,3,17
1,<environment.Job instance at 0x7faee9a85d70>,23,2,[6 3],24,29,31,5,29
1,<environment.Job instance at 0x7faee9a85dc0>,24,2,[3 8],25,29,31,4,29
1,<environment.Job instance at 0x7faee9a85460>,27,13,[1 9],28,31,44,3,31
1,<environment.Job instance at 0x7faee8cab550>,4,19,[8 2],5,31,50,26,31
1,<environment.Job instance at 0x7faee9121050>,31,2,[1 8],32,44,46,12,44
1,<environment.Job instance at 0x7faee9121640>,29,13,[5 5],30,44,57,14,44
1,<environment.Job instance at 0x7faee8c4f500>,35,13,[6 4],36,50,63,14,50
1,<environment.Job instance at 0x7faee8ffedc0>,6,17,[7 4],7,57,74,50,57
1,<environment.Job instance at 0x7faee9a85d20>,22,17,[8 5],23,63,80,40,63
1,<environment.Job instance at 0x7faee8c4f5f0>,39,18,[2 9],40,74,92,34,74
1,<environment.Job instance at 0x7faee8c4f8c0>,41,13,[6 5],42,80,93,38,80
1,<environment.Job instance at 0x7faee8d37dc0>,1,13,[ 4 10],2,2,15,0,2
1,<environment.Job instance at 0x7faee8c8ccd0>,2,1,[ 4 14],3,15,16,12,3
1,<environment.Job instance at 0x7faee8c8cfa0>,5,21,[7 1],6,6,27,0,6
1,<environment.Job instance at 0x7faee8cc1140>,8,2,[ 5 14],9,16,18,7,10
1,<environment.Job instance at 0x7faee8cc13c0>,10,1,[ 5 14],11,18,19,7,14
1,<environment.Job instance at 0x7faee8cc18c0>,18,12,[3 8],19,19,31,0,19
1,<environment.Job instance at 0x7faee8cc1960>,19,27,[1 5],20,24,51,4,24
1,<environment.Job instance at 0x7faee8cc1cd0>,24,14,[1 5],25,31,45,6,25
1,<environment.Job instance at 0x7faee8cc1e10>,25,12,[1 6],26,45,57,19,28
1,<environment.Job instance at 0x7faee8cc1dc0>,26,18,[1 7],27,51,69,24,40
1,<environment.Job instance at 0x7faee8cc1f50>,27,12,[ 5 12],28,69,81,41,52
1,<environment.Job instance at 0x7faee8c8d1e0>,28,14,[14  1],29,81,95,52,66
1,<environment.Job instance at 0x7faee8cc1c30>,29,15,[1 6],30,81,96,51,67
1,<environment.Job instance at 0x7faee8c8d280>,30,14,[12  4],31,95,109,64,80
1,<environment.Job instance at 0x7faee8c80140>,0,22,[5 9],1,1,23,0,1
1,<environment.Job instance at 0x7faee913ee60>,4,19,[6 3],5,5,24,0,5
1,<environment.Job instance at 0x7faee8c800a0>,1,13,[ 4 10],2,23,36,21,23
1,<environment.Job instance at 0x7faee91049b0>,11,1,[10  5],12,24,25,12,24
1,<environment.Job instance at 0x7faee8c800f0>,6,14,[8 5],7,25,39,18,25
1,<environment.Job instance at 0x7faee91041e0>,18,12,[3 8],19,36,48,17,36
1,<environment.Job instance at 0x7faee9104370>,25,12,[1 6],26,39,51,13,39
1,<environment.Job instance at 0x7faee91045a0>,9,13,[3 9],10,48,61,38,48
1,<environment.Job instance at 0x7faee9104c30>,24,14,[1 5],25,51,65,26,51
1,<environment.Job instance at 0x7faee90ad2d0>,32,2,[10  5],33,61,63,28,61
1,<environment.Job instance at 0x7faee913e500>,7,17,[2 5],8,61,78,53,61
1,<environment.Job instance at 0x7faee90ad910>,36,14,[6 2],37,63,77,26,63
1,<environment.Job instance at 0x7faee90ad370>,34,15,[7 4],35,65,80,30,65
1,<environment.Job instance at 0x7faee90ad190>,29,15,[1 6],30,77,92,47,77
1,<environment.Job instance at 0x7faee9126b90>,38,17,[7 2],39,78,95,39,78
1,<environment.Job instance at 0x7faee9104be0>,26,18,[1 7],27,80,98,53,80
1,<environment.Job instance at 0x7faee8bd3410>,1,20,[5 1],2,2,22,0,2
1,<environment.Job instance at 0x7faee8bd39b0>,2,14,[6 5],3,3,17,0,3
1,<environment.Job instance at 0x7faee8bd3c30>,3,1,[7 2],4,17,18,13,4
1,<environment.Job instance at 0x7faee8b3a690>,10,15,[4 5],11,18,33,7,11
1,<environment.Job instance at 0x7faee8b3afa0>,14,3,[6 1],15,18,21,3,15
1,<environment.Job instance at 0x7faee8b3a2d0>,15,16,[4 5],16,21,37,5,16
1,<environment.Job instance at 0x7faee8bd3b90>,18,16,[ 5 10],19,33,49,14,20
1,<environment.Job instance at 0x7faee8b3a820>,20,16,[9 2],21,50,66,29,50
1,<environment.Job instance at 0x7faee8c9aaa0>,1,20,[5 1],2,2,22,0,2
1,<environment.Job instance at 0x7faee8e106e0>,2,14,[6 5],3,3,17,0,3
1,<environment.Job instance at 0x7faee8da3cd0>,5,20,[4 7],6,6,26,0,6
1,<environment.Job instance at 0x7faee9a85280>,14,3,[6 1],15,17,20,2,17
1,<environment.Job instance at 0x7faee9a85e10>,10,15,[4 5],11,20,35,9,20
1,<environment.Job instance at 0x7faee8c9ac30>,3,1,[7 2],4,22,23,18,22
1,<environment.Job instance at 0x7faee8cc1d20>,7,13,[9 4],8,26,39,18,26
1,<environment.Job instance at 0x7faee9a85f00>,18,16,[ 5 10],19,35,51,16,35
1,<environment.Job instance at 0x7faee8c8d8c0>,4,15,[10  3],5,39,54,34,39
1,<environment.Job instance at 0x7faee9a85460>,22,2,[5 8],23,51,53,28,51
1,<environment.Job instance at 0x7faee9a85a50>,23,12,[4 6],24,53,65,29,53
1,<environment.Job instance at 0x7faee8c4ff50>,30,2,[1 6],31,54,56,23,54
1,<environment.Job instance at 0x7faee9a853c0>,20,16,[9 2],21,54,70,33,54
1,<environment.Job instance at 0x7faee90ad4b0>,38,12,[6 2],39,65,77,26,65
1,<environment.Job instance at 0x7faee90ad370>,32,15,[4 9],33,70,85,37,70
1,<environment.Job instance at 0x7faee90ad5a0>,36,1,[10  1],37,77,78,40,77
1,<environment.Job instance at 0x7faee9104d70>,42,16,[3 5],43,78,94,35,78
1,<environment.Job instance at 0x7faee9104370>,43,2,[5 5],44,85,87,41,85
1,<environment.Job instance at 0x7faee9104960>,45,16,[7 5],46,85,101,39,85
1,<environment.Job instance at 0x7faee9a85410>,15,16,[4 5],16,87,103,71,87
1,<environment.Job instance at 0x7faee8c64d20>,3,3,[9 1],4,5,8,1,5
1,<environment.Job instance at 0x7faee8d268c0>,9,1,[6 1],10,10,11,0,10
1,<environment.Job instance at 0x7faee8d26d70>,10,15,[5 2],11,11,26,0,11
1,<environment.Job instance at 0x7faee8d26d20>,12,14,[7 1],13,13,27,0,13
1,<environment.Job instance at 0x7faee8d26690>,14,3,[ 5 14],15,26,29,11,15
1,<environment.Job instance at 0x7faee8d267d0>,18,3,[13  4],19,29,32,10,21
1,<environment.Job instance at 0x7faee8d26910>,19,16,[2 9],20,29,45,9,21
1,<environment.Job instance at 0x7faee8d26190>,20,18,[7 5],21,32,50,11,21
1,<environment.Job instance at 0x7faee8d26640>,17,14,[2 6],18,45,59,27,30
1,<environment.Job instance at 0x7faee8d26f50>,21,27,[5 1],22,32,59,10,30
1,<environment.Job instance at 0x7faee8d26dc0>,23,17,[4 5],24,50,67,26,43
1,<environment.Job instance at 0x7faee8d26f00>,22,16,[ 2 10],23,59,75,36,50
1,<environment.Job instance at 0x7faee88384b0>,25,1,[1 6],26,75,76,49,51
1,<environment.Job instance at 0x7faee8d262d0>,15,27,[6 1],16,67,94,51,66
1,<environment.Job instance at 0x7faee8c64280>,16,22,[5 5],17,75,97,58,72
1,<environment.Job instance at 0x7faee8838f50>,28,18,[10  5],29,94,112,65,86
1,<environment.Job instance at 0x7faee9727af0>,0,18,[9 5],1,1,19,0,1
1,<environment.Job instance at 0x7faee9727b90>,5,17,[6 5],6,6,23,0,6
1,<environment.Job instance at 0x7faee8ac4d20>,9,1,[6 1],10,19,20,9,19
1,<environment.Job instance at 0x7faee950d870>,3,3,[9 1],4,20,23,16,20
1,<environment.Job instance at 0x7faee8e227d0>,17,14,[2 6],18,23,37,5,23
1,<environment.Job instance at 0x7faee8da8b90>,12,14,[7 1],13,23,37,10,23
1,<environment.Job instance at 0x7faee9a98230>,10,15,[5 2],11,23,38,12,23
1,<environment.Job instance at 0x7faee9482460>,19,16,[2 9],20,37,53,17,37
1,<environment.Job instance at 0x7faee8a881e0>,23,17,[4 5],24,38,55,14,38
1,<environment.Job instance at 0x7faef2451e60>,25,1,[1 6],26,53,54,27,53
1,<environment.Job instance at 0x7faee8ac4460>,8,16,[ 5 10],9,54,70,45,54
1,<environment.Job instance at 0x7faee8b3a8c0>,29,3,[7 1],30,55,58,25,55
1,<environment.Job instance at 0x7faee8b3a0a0>,31,15,[10  4],32,58,73,26,58
1,<environment.Job instance at 0x7faee922b6e0>,22,16,[ 2 10],23,70,86,47,70
1,<environment.Job instance at 0x7faee9104550>,36,2,[10  5],37,73,75,36,73
1,<environment.Job instance at 0x7faefb4433c0>,20,18,[7 5],21,75,93,54,75
1,<environment.Job instance at 0x7faee91040f0>,39,14,[1 7],40,86,100,46,86
1,<environment.Job instance at 0x7faee8dba730>,0,1,[ 5 12],1,1,2,0,1
1,<environment.Job instance at 0x7faee8dba460>,4,13,[6 5],5,5,18,0,5
1,<environment.Job instance at 0x7faee8dbadc0>,6,3,[ 5 13],7,18,21,11,7
1,<environment.Job instance at 0x7faee9280460>,9,3,[ 2 13],10,21,24,11,10
1,<environment.Job instance at 0x7faee92800f0>,10,2,[ 4 12],11,24,26,13,11
1,<environment.Job instance at 0x7faee9280190>,20,1,[8 5],21,26,27,5,21
1,<environment.Job instance at 0x7faee8bd2be0>,21,18,[9 3],22,27,45,5,25
1,<environment.Job instance at 0x7faee8bd2e60>,25,21,[ 1 12],26,48,69,22,48
1,<environment.Job instance at 0x7faee8bd2280>,27,22,[13  5],28,69,91,41,62
1,<environment.Job instance at 0x7faee8bd2370>,23,12,[ 4 11],24,91,103,67,88
1,<environment.Job instance at 0x7faee9113370>,1,13,[9 3],2,2,15,0,2
1,<environment.Job instance at 0x7faee97cd460>,3,15,[3 8],4,4,19,0,4
1,<environment.Job instance at 0x7faee9764050>,4,13,[6 5],5,15,28,10,15
1,<environment.Job instance at 0x7faee8b3ad20>,18,14,[5 4],19,19,33,0,19
1,<environment.Job instance at 0x7faee8b3aa00>,20,1,[8 5],21,28,29,7,28
1,<environment.Job instance at 0x7faee9503230>,11,16,[2 8],12,29,45,17,29
1,<environment.Job instance at 0x7faee9503690>,13,17,[8 1],14,29,46,15,29
1,<environment.Job instance at 0x7faee9999370>,16,20,[5 9],17,45,65,28,45
1,<environment.Job instance at 0x7faee90e9140>,29,13,[8 3],30,46,59,16,46
1,<environment.Job instance at 0x7faee8b3a280>,21,18,[9 3],22,59,77,37,59
1,<environment.Job instance at 0x7faee963bd20>,35,2,[5 5],36,65,67,29,65
1,<environment.Job instance at 0x7faee9041e60>,33,13,[1 7],34,65,78,31,65
1,<environment.Job instance at 0x7faee8720aa0>,39,13,[7 5],40,77,90,37,77
1,<environment.Job instance at 0x7faee8720500>,38,2,[ 1 10],39,78,80,39,78
1,<environment.Job instance at 0x7faee9386500>,43,3,[8 2],44,80,83,36,80
1,<environment.Job instance at 0x7faee98435a0>,46,12,[5 4],47,83,95,36,83
1,<environment.Job instance at 0x7faee9c65460>,2,14,[7 2],3,5,19,2,5
1,<environment.Job instance at 0x7faee9beaa50>,5,12,[6 1],6,6,18,0,6
1,<environment.Job instance at 0x7faee9beac80>,6,2,[9 2],7,19,21,12,7
1,<environment.Job instance at 0x7faee9bea9b0>,7,2,[6 3],8,18,20,10,8
1,<environment.Job instance at 0x7faee9beafa0>,4,14,[7 2],5,21,35,16,10
1,<environment.Job instance at 0x7faee8d34230>,12,14,[5 4],13,20,34,7,13
1,<environment.Job instance at 0x7faee9ed8190>,13,12,[ 3 10],14,34,46,20,17
1,<environment.Job instance at 0x7faef2822050>,19,2,[5 5],20,35,37,15,30
1,<environment.Job instance at 0x7faee872a3c0>,21,2,[8 4],22,37,39,15,30
1,<environment.Job instance at 0x7faee98a5500>,22,1,[13  4],23,46,47,23,30
1,<environment.Job instance at 0x7faef2664280>,24,12,[6 4],25,47,59,22,30
1,<environment.Job instance at 0x7faee8ceea00>,28,2,[8 1],29,39,41,10,31
1,<environment.Job instance at 0x7faee8ff5e10>,31,3,[2 5],32,41,44,9,32
1,<environment.Job instance at 0x7faee985e870>,32,2,[1 6],33,46,48,13,33
1,<environment.Job instance at 0x7faee92442d0>,38,1,[6 4],39,44,45,5,39
1,<environment.Job instance at 0x7faee9244230>,39,1,[11  4],40,45,46,5,40
1,<environment.Job instance at 0x7faee985ee60>,41,18,[ 2 10],42,48,66,6,42
1,<environment.Job instance at 0x7faee8deee60>,51,3,[ 2 11],52,66,69,14,52
1,<environment.Job instance at 0x7faee92f9780>,55,1,[6 3],56,59,60,3,57
1,<environment.Job instance at 0x7faee8986eb0>,57,2,[5 4],58,60,62,2,58
1,<environment.Job instance at 0x7faef2664190>,23,12,[5 9],24,69,81,45,59
1,<environment.Job instance at 0x7faee8e37690>,54,3,[6 2],55,62,65,7,59
1,<environment.Job instance at 0x7faee9daec80>,61,14,[5 5],62,69,83,7,62
1,<environment.Job instance at 0x7faee9235b90>,67,18,[1 5],68,81,99,13,70
1,<environment.Job instance at 0x7faee97564b0>,2,14,[7 2],3,3,17,0,3
1,<environment.Job instance at 0x7faee99bd730>,4,14,[7 2],5,5,19,0,5
1,<environment.Job instance at 0x7faee8a9a870>,7,2,[6 3],8,17,19,9,17
1,<environment.Job instance at 0x7faee8a9a960>,6,2,[9 2],7,19,21,12,19
1,<environment.Job instance at 0x7faee99bd9b0>,5,12,[6 1],6,19,31,13,19
1,<environment.Job instance at 0x7faee9a98780>,13,12,[ 3 10],14,21,33,7,21
1,<environment.Job instance at 0x7faee9a98230>,12,14,[5 4],13,21,35,8,21
1,<environment.Job instance at 0x7faee9873780>,16,12,[10  1],17,33,45,16,33
1,<environment.Job instance at 0x7faee9843eb0>,19,2,[5 5],20,35,37,15,35
1,<environment.Job instance at 0x7faee9a98410>,10,14,[3 8],11,37,51,26,37
1,<environment.Job instance at 0x7faee9843730>,21,2,[8 4],22,45,47,23,45
1,<environment.Job instance at 0x7faee8cc8aa0>,24,12,[6 4],25,47,59,22,47
1,<environment.Job instance at 0x7faee9386500>,23,12,[5 9],24,51,63,27,51
1,<environment.Job instance at 0x7faee963baf0>,28,2,[8 1],29,59,61,30,59
1,<environment.Job instance at 0x7faee9041190>,31,3,[2 5],32,59,62,27,59
1,<environment.Job instance at 0x7faee90e9730>,32,2,[1 6],33,62,64,29,62
1,<environment.Job instance at 0x7faee8b3ad70>,38,1,[6 4],39,63,64,24,63
1,<environment.Job instance at 0x7faee9a980a0>,11,16,[6 5],12,63,79,51,63
1,<environment.Job instance at 0x7faee9418460>,18,16,[9 2],19,64,80,45,64
1,<environment.Job instance at 0x7faee9999050>,44,12,[4 8],45,79,91,34,79
1,<environment.Job instance at 0x7faee99bdb90>,9,15,[10  1],10,80,95,70,80
1,<environment.Job instance at 0x7faee90e87d0>,0,13,[3 6],1,1,14,0,1
1,<environment.Job instance at 0x7faee90e8640>,1,2,[7 5],2,2,4,0,2
1,<environment.Job instance at 0x7faee90e8d70>,2,1,[14  3],3,14,15,11,3
1,<environment.Job instance at 0x7faee90e80f0>,3,3,[2 8],4,4,7,0,4
1,<environment.Job instance at 0x7faee8a02aa0>,4,3,[ 3 10],5,15,18,10,5
1,<environment.Job instance at 0x7faee8a02b40>,6,3,[5 3],7,7,10,0,7
1,<environment.Job instance at 0x7faee8a02c30>,9,2,[6 2],10,10,12,0,10
1,<environment.Job instance at 0x7faee8a02be0>,11,2,[2 7],12,12,14,0,12
1,<environment.Job instance at 0x7faee8a02500>,12,1,[11  2],13,15,16,2,13
1,<environment.Job instance at 0x7faee8a021e0>,13,3,[9 1],14,16,19,2,14
1,<environment.Job instance at 0x7faee8a02c80>,15,22,[6 1],16,18,40,2,16
1,<environment.Job instance at 0x7faee8a020f0>,16,15,[7 1],17,19,34,2,17
1,<environment.Job instance at 0x7faee95240a0>,20,2,[14  2],21,40,42,19,21
1,<environment.Job instance at 0x7faee8b3f8c0>,21,2,[8 1],22,34,36,12,22
1,<environment.Job instance at 0x7faee94432d0>,29,2,[7 5],30,36,38,6,30
1,<environment.Job instance at 0x7faee92416e0>,30,1,[8 3],31,38,39,7,31
1,<environment.Job instance at 0x7faee86bbe10>,31,13,[8 3],32,42,55,10,32
1,<environment.Job instance at 0x7faee9a8ecd0>,33,1,[7 1],34,39,40,5,34
1,<environment.Job instance at 0x7faee97ff1e0>,18,12,[5 9],19,42,54,23,37
1,<environment.Job instance at 0x7faee94e1f50>,38,1,[12  5],39,55,56,16,39
1,<environment.Job instance at 0x7faee94e1050>,37,25,[7 3],38,56,81,18,52
1,<environment.Job instance at 0x7faee8cb15f0>,43,3,[ 3 10],44,54,57,10,52
1,<environment.Job instance at 0x7faef2932b90>,45,14,[2 6],46,57,71,11,52
1,<environment.Job instance at 0x7faef2abc3c0>,46,12,[5 1],47,56,68,9,52
1,<environment.Job instance at 0x7faef9d789b0>,48,2,[8 5],49,71,73,22,52
1,<environment.Job instance at 0x7faef2a4a780>,49,3,[ 3 11],50,73,76,23,53
1,<environment.Job instance at 0x7faee875ba00>,51,3,[1 6],52,68,71,16,53
1,<environment.Job instance at 0x7faef2a58780>,55,2,[3 9],56,76,78,20,56
1,<environment.Job instance at 0x7faee9ad0230>,44,13,[10  5],45,81,94,36,65
1,<environment.Job instance at 0x7faef24ae190>,61,1,[10  1],62,94,95,32,66
1,<environment.Job instance at 0x7faee9425730>,62,1,[10  1],63,95,96,32,67
1,<environment.Job instance at 0x7faee9635be0>,65,17,[7 2],66,96,113,30,84
1,<environment.Job instance at 0x7faef2a58e10>,54,20,[ 2 11],55,94,114,39,85
1,<environment.Job instance at 0x7faee855ce10>,0,13,[3 6],1,1,14,0,1
1,<environment.Job instance at 0x7faee9d233c0>,1,2,[7 5],2,2,4,0,2
1,<environment.Job instance at 0x7faee9d23230>,3,3,[2 8],4,4,7,0,4
1,<environment.Job instance at 0x7faee9d23c30>,6,3,[5 3],7,7,10,0,7
1,<environment.Job instance at 0x7faee855c500>,5,22,[2 6],6,7,29,1,7
1,<environment.Job instance at 0x7faee9d09a00>,9,2,[6 2],10,10,12,0,10
1,<environment.Job instance at 0x7faee9d1ad20>,11,2,[2 7],12,14,16,2,14
1,<environment.Job instance at 0x7faee9d1a2d0>,13,3,[9 1],14,14,17,0,14
1,<environment.Job instance at 0x7faee9d1a320>,16,15,[7 1],17,17,32,0,17
1,<environment.Job instance at 0x7faee9d1a690>,15,22,[6 1],16,17,39,1,17
1,<environment.Job instance at 0x7faee9d23b40>,4,3,[ 3 10],5,32,35,27,32
1,<environment.Job instance at 0x7faee857ea50>,18,12,[5 9],19,35,47,16,35
1,<environment.Job instance at 0x7faee9d1c870>,21,2,[8 1],22,39,41,17,39
1,<environment.Job instance at 0x7faee9d09b40>,7,17,[7 4],8,41,58,33,41
1,<environment.Job instance at 0x7faee9d125f0>,24,12,[7 5],25,47,59,22,47
1,<environment.Job instance at 0x7faee8df3a00>,17,14,[3 8],18,58,72,40,58
1,<environment.Job instance at 0x7faee9cf14b0>,29,2,[7 5],30,59,61,29,59
1,<environment.Job instance at 0x7faee9cf1cd0>,30,1,[8 3],31,61,62,30,61
1,<environment.Job instance at 0x7faee8ddbe60>,31,13,[8 3],32,62,75,30,62
1,<environment.Job instance at 0x7faee9d1adc0>,14,16,[4 9],15,72,88,57,72
1,<environment.Job instance at 0x7faee9d11140>,33,1,[7 1],34,75,76,41,75
1,<environment.Job instance at 0x7faee9d08b40>,36,14,[9 5],37,76,90,39,76
1,<environment.Job instance at 0x7faee9d1c1e0>,19,18,[5 9],20,88,106,68,88
1,<environment.Job instance at 0x7faee90f9140>,2,1,[ 5 14],3,3,4,0,3
1,<environment.Job instance at 0x7faee97c8190>,7,3,[ 4 11],8,9,12,1,9
1,<environment.Job instance at 0x7faee97c8d70>,9,13,[5 2],10,10,23,0,10
1,<environment.Job instance at 0x7faee97c8730>,10,1,[10  2],11,12,13,1,11
1,<environment.Job instance at 0x7faee97c8410>,6,15,[1 8],7,13,28,6,11
1,<environment.Job instance at 0x7faee8d96e60>,14,3,[13  3],15,23,26,8,15
1,<environment.Job instance at 0x7faee8d969b0>,18,2,[ 4 14],19,28,30,9,19
1,<environment.Job instance at 0x7faee8d96820>,19,14,[6 1],20,26,40,6,20
1,<environment.Job instance at 0x7faee8d96190>,20,2,[1 5],21,21,23,0,21
1,<environment.Job instance at 0x7faee8d96be0>,23,3,[10  2],24,40,43,16,24
1,<environment.Job instance at 0x7faee90f5e60>,33,1,[5 6],34,40,41,6,40
1,<environment.Job instance at 0x7faee90f55f0>,34,12,[8 3],35,43,55,8,40
1,<environment.Job instance at 0x7faee90f5910>,36,3,[6 3],37,43,46,6,40
1,<environment.Job instance at 0x7faee90f5aa0>,37,2,[12  3],38,55,57,17,40
1,<environment.Job instance at 0x7faee86e55f0>,48,2,[9 4],49,57,59,8,49
1,<environment.Job instance at 0x7faee97c8140>,8,15,[5 1],9,57,72,48,50
1,<environment.Job instance at 0x7faee9406e10>,44,12,[3 5],45,59,71,14,52
1,<environment.Job instance at 0x7faef24aed20>,50,18,[11  2],51,72,90,21,61
1,<environment.Job instance at 0x7faee8bde730>,56,3,[9 2],57,90,93,33,66
1,<environment.Job instance at 0x7faee8bde690>,57,2,[ 4 14],58,93,95,35,66
1,<environment.Job instance at 0x7faee8bdee10>,54,2,[ 5 12],55,90,92,35,75
1,<environment.Job instance at 0x7faee84eff50>,67,14,[8 5],68,95,109,27,80
1,<environment.Job instance at 0x7faee94e1910>,71,3,[3 9],72,80,83,8,80
1,<environment.Job instance at 0x7faee86ac050>,74,3,[ 5 14],75,109,112,34,85
1,<environment.Job instance at 0x7faee97a2780>,1,22,[10  5],2,2,24,0,2
1,<environment.Job instance at 0x7faee8b54e60>,4,12,[ 1 10],5,5,17,0,5
1,<environment.Job instance at 0x7faee93770f0>,9,13,[5 2],10,17,30,7,17
1,<environment.Job instance at 0x7faee9377e10>,10,1,[10  2],11,24,25,13,24
1,<environment.Job instance at 0x7faee937e690>,15,13,[8 1],16,25,38,9,25
1,<environment.Job instance at 0x7faee8b50fa0>,20,2,[1 5],21,25,27,4,25
1,<environment.Job instance at 0x7faee93778c0>,6,15,[1 8],7,27,42,20,27
1,<environment.Job instance at 0x7faee8decc30>,19,14,[6 1],20,30,44,10,30
1,<environment.Job instance at 0x7faee858b0a0>,24,14,[7 5],25,38,52,13,38
1,<environment.Job instance at 0x7faee937ec80>,17,18,[1 9],18,42,60,24,42
1,<environment.Job instance at 0x7faee93776e0>,8,15,[5 1],9,44,59,35,44
1,<environment.Job instance at 0x7faee93605f0>,28,18,[5 5],29,52,70,23,52
1,<environment.Job instance at 0x7faee9503eb0>,23,3,[10  2],24,60,63,36,60
1,<environment.Job instance at 0x7faee8ba9870>,29,14,[ 1 10],30,63,77,33,63
1,<environment.Job instance at 0x7faee877c370>,32,16,[7 5],33,70,86,37,70
1,<environment.Job instance at 0x7faee9e8f2d0>,33,1,[5 6],34,77,78,43,77
1,<environment.Job instance at 0x7faee8d8de10>,34,12,[8 3],35,78,90,43,78
1,<environment.Job instance at 0x7faee8b4adc0>,36,3,[6 3],37,86,89,49,86
1,<environment.Job instance at 0x7faee8dec5a0>,22,17,[3 7],23,89,106,66,89
1,<environment.Job instance at 0x7faee91012d0>,1,3,[7 2],2,2,5,0,2
1,<environment.Job instance at 0x7faee9101a00>,2,13,[5 8],3,3,16,0,3
1,<environment.Job instance at 0x7faee91010a0>,3,13,[5 5],4,5,18,1,4
1,<environment.Job instance at 0x7faee8f4a5a0>,5,3,[3 7],6,16,19,10,6
1,<environment.Job instance at 0x7faef2444f50>,16,2,[7 5],17,18,20,1,18
1,<environment.Job instance at 0x7faef2444b40>,18,18,[4 5],19,19,37,0,19
1,<environment.Job instance at 0x7faee98bbc80>,20,25,[1 7],21,23,48,2,23
1,<environment.Job instance at 0x7faef2b2a6e0>,21,13,[9 3],22,32,45,10,32
1,<environment.Job instance at 0x7faee9e9ec30>,23,14,[ 3 10],24,48,62,24,33
1,<environment.Job instance at 0x7faee9e951e0>,26,12,[1 9],27,62,74,35,45
1,<environment.Job instance at 0x7faee9a9a140>,27,3,[6 1],28,45,48,17,45
1,<environment.Job instance at 0x7faee9974190>,0,22,[5 4],1,1,23,0,1
1,<environment.Job instance at 0x7faee8e6f910>,1,3,[7 2],2,2,5,0,2
1,<environment.Job instance at 0x7faee8f66320>,2,13,[5 8],3,5,18,2,5
1,<environment.Job instance at 0x7faee8d030a0>,5,3,[3 7],6,18,21,12,18
1,<environment.Job instance at 0x7faee9e8f2d0>,16,2,[7 5],17,21,23,4,21
1,<environment.Job instance at 0x7faee9974a50>,3,13,[5 5],4,23,36,19,23
1,<environment.Job instance at 0x7faee8acf370>,7,13,[4 8],8,23,36,15,23
1,<environment.Job instance at 0x7faee8b4a190>,17,16,[5 6],18,36,52,18,36
1,<environment.Job instance at 0x7faee8dec730>,21,13,[9 3],22,36,49,14,36
1,<environment.Job instance at 0x7faee8f665f0>,6,17,[7 5],7,49,66,42,49
1,<environment.Job instance at 0x7faef2444be0>,23,14,[ 3 10],24,52,66,28,52
1,<environment.Job instance at 0x7faee98bb320>,26,12,[1 9],27,66,78,39,66
1,<environment.Job instance at 0x7faee937ebe0>,27,3,[6 1],28,66,69,38,66
1,<environment.Job instance at 0x7faee8f4a5f0>,24,14,[5 4],25,66,80,41,66
1,<environment.Job instance at 0x7faee91017d0>,37,12,[10  1],38,78,90,40,78
1,<environment.Job instance at 0x7faee8a5cb90>,36,14,[3 9],37,80,94,43,80
1,<environment.Job instance at 0x7faee84f70a0>,0,1,[8 2],1,1,2,0,1
1,<environment.Job instance at 0x7faee9a180f0>,4,1,[10  4],5,5,6,0,5
1,<environment.Job instance at 0x7faee9a18190>,5,12,[5 1],6,6,18,0,6
1,<environment.Job instance at 0x7faee9a18410>,7,12,[4 8],8,8,20,0,8
1,<environment.Job instance at 0x7faee9a18280>,8,14,[1 9],9,20,34,11,9
1,<environment.Job instance at 0x7faee9a185a0>,9,2,[5 4],10,10,12,0,10
1,<environment.Job instance at 0x7faee9a18aa0>,17,19,[6 2],18,18,37,0,18
1,<environment.Job instance at 0x7faee9a18d70>,21,1,[2 7],22,34,35,12,22
1,<environment.Job instance at 0x7faee9a18e10>,22,3,[ 5 10],23,35,38,12,23
1,<environment.Job instance at 0x7faee9a18f00>,23,12,[5 6],24,38,50,14,24
1,<environment.Job instance at 0x7faee9a1a190>,25,12,[6 1],26,37,49,11,26
1,<environment.Job instance at 0x7faee9a1a910>,37,22,[4 5],38,38,60,0,38
1,<environment.Job instance at 0x7faee9a1aa50>,38,18,[5 2],39,49,67,10,39
1,<environment.Job instance at 0x7faee9a1ad70>,40,28,[6 1],41,52,80,11,52
1,<environment.Job instance at 0x7faee9a1afa0>,44,20,[6 2],45,67,87,22,58
1,<environment.Job instance at 0x7faee99ff460>,50,2,[14  5],51,87,89,36,60
1,<environment.Job instance at 0x7faee9182dc0>,0,1,[8 2],1,1,2,0,1
1,<environment.Job instance at 0x7faee9182e60>,1,18,[3 9],2,2,20,0,2
1,<environment.Job instance at 0x7faee91828c0>,4,1,[10  4],5,5,6,0,5
1,<environment.Job instance at 0x7faee9182fa0>,5,12,[5 1],6,6,18,0,6
1,<environment.Job instance at 0x7faee90d7eb0>,9,2,[5 4],10,10,12,0,10
1,<environment.Job instance at 0x7faee90d71e0>,12,18,[10  5],13,18,36,5,18
1,<environment.Job instance at 0x7faee90d7730>,7,12,[4 8],8,20,32,12,20
1,<environment.Job instance at 0x7faee90d76e0>,10,12,[1 7],11,32,44,21,32
1,<environment.Job instance at 0x7faee90d7fa0>,21,1,[2 7],22,36,37,14,36
1,<environment.Job instance at 0x7faee90d7640>,13,12,[1 6],14,37,49,23,37
1,<environment.Job instance at 0x7faee878ae10>,23,12,[5 6],24,44,56,20,44
1,<environment.Job instance at 0x7faee9182eb0>,8,14,[1 9],9,49,63,40,49
1,<environment.Job instance at 0x7faee878ab40>,25,12,[6 1],26,56,68,30,56
1,<environment.Job instance at 0x7faee90d7dc0>,14,17,[5 5],15,56,73,41,56
1,<environment.Job instance at 0x7faee878abe0>,26,2,[1 9],27,63,65,36,63
1,<environment.Job instance at 0x7faee90d7aa0>,15,16,[3 6],16,65,81,49,65
1,<environment.Job instance at 0x7faee878a050>,27,15,[6 2],28,68,83,40,68
1,<environment.Job instance at 0x7faee878ad20>,22,3,[ 5 10],23,81,84,58,81
1,<environment.Job instance at 0x7faee9101230>,46,15,[3 6],47,85,100,38,85
1,<environment.Job instance at 0x7faee9e953c0>,49,14,[6 1],50,85,99,35,85
1,<environment.Job instance at 0x7faee9e9f870>,38,18,[5 2],39,85,103,46,85
1,<environment.Job instance at 0x7faee93ea910>,0,13,[3 9],1,1,14,0,1
1,<environment.Job instance at 0x7faee93ea550>,1,1,[2 5],2,2,3,0,2
1,<environment.Job instance at 0x7faee93ea7d0>,2,13,[3 7],3,14,27,11,3
1,<environment.Job instance at 0x7faee93eab90>,3,1,[14  4],4,27,28,23,4
1,<environment.Job instance at 0x7faee93eaaf0>,5,1,[1 5],6,6,7,0,6
1,<environment.Job instance at 0x7faee93ea320>,9,2,[3 7],10,14,16,4,10
1,<environment.Job instance at 0x7faee9a09410>,12,14,[6 1],13,13,27,0,13
1,<environment.Job instance at 0x7faee9a09640>,21,12,[9 1],22,28,40,6,22
1,<environment.Job instance at 0x7faee9a09b90>,23,1,[5 6],24,24,25,0,24
1,<environment.Job instance at 0x7faee93ea6e0>,25,15,[ 2 11],26,28,43,2,26
1,<environment.Job instance at 0x7faee93e1dc0>,29,13,[5 8],30,43,56,13,30
1,<environment.Job instance at 0x7faee93e10f0>,30,18,[6 2],31,40,58,9,32
1,<environment.Job instance at 0x7faee93e1f50>,31,3,[ 2 10],32,56,59,24,32
1,<environment.Job instance at 0x7faee93e1230>,35,1,[14  3],36,59,60,23,36
1,<environment.Job instance at 0x7faee93e1b40>,37,20,[5 1],38,60,80,22,51
1,<environment.Job instance at 0x7faee93e1a50>,40,13,[3 7],41,60,73,19,51
1,<environment.Job instance at 0x7faee93e1910>,41,12,[1 8],42,73,85,31,56
1,<environment.Job instance at 0x7faee93d7f00>,50,15,[7 2],51,61,76,10,61
1,<environment.Job instance at 0x7faee99fa870>,58,3,[14  3],59,80,83,21,66
1,<environment.Job instance at 0x7faee99fa460>,59,3,[1 5],60,76,79,16,67
1,<environment.Job instance at 0x7faee99faaa0>,61,3,[ 4 10],62,85,88,23,67
1,<environment.Job instance at 0x7faee99fa820>,63,2,[9 2],64,83,85,19,68
1,<environment.Job instance at 0x7faee99fa910>,64,3,[6 2],65,85,88,20,68
1,<environment.Job instance at 0x7faee99fafa0>,66,3,[13  3],67,88,91,21,69
1,<environment.Job instance at 0x7faee99faf00>,67,1,[ 4 14],68,91,92,23,69
1,<environment.Job instance at 0x7faee9a1c960>,73,1,[ 5 13],74,92,93,18,75
1,<environment.Job instance at 0x7faee9a1caa0>,69,15,[1 9],70,93,108,23,79
1,<environment.Job instance at 0x7faee9a21910>,84,13,[5 2],85,92,105,7,85
1,<environment.Job instance at 0x7faee9a214b0>,85,3,[2 7],86,88,91,2,86
1,<environment.Job instance at 0x7faee9a21640>,87,1,[9 1],88,91,92,3,88
1,<environment.Job instance at 0x7faee8a27b40>,0,13,[3 9],1,1,14,0,1
1,<environment.Job instance at 0x7faee955b500>,1,1,[2 5],2,2,3,0,2
1,<environment.Job instance at 0x7faee937eeb0>,5,1,[1 5],6,6,7,0,6
1,<environment.Job instance at 0x7faee937ec30>,8,17,[9 4],9,9,26,0,9
1,<environment.Job instance at 0x7faee90d7b40>,9,2,[3 7],10,14,16,4,14
1,<environment.Job instance at 0x7faee955b2d0>,2,13,[3 7],3,16,29,13,16
1,<environment.Job instance at 0x7faee90d7640>,12,14,[6 1],13,26,40,13,26
1,<environment.Job instance at 0x7faee90d71e0>,11,14,[9 5],12,29,43,17,29
1,<environment.Job instance at 0x7faee90d73c0>,15,15,[1 8],16,40,55,24,40
1,<environment.Job instance at 0x7faee93e1500>,23,1,[5 6],24,43,44,19,43
1,<environment.Job instance at 0x7faee93d75f0>,21,12,[9 1],22,43,55,21,43
1,<environment.Job instance at 0x7faee9a21b90>,29,13,[5 8],30,55,68,25,55
1,<environment.Job instance at 0x7faee9a1c6e0>,30,18,[6 2],31,55,73,24,55
1,<environment.Job instance at 0x7faee9a21b40>,32,15,[2 5],33,55,70,22,55
1,<environment.Job instance at 0x7faee9a21d20>,33,13,[2 7],34,68,81,34,68
1,<environment.Job instance at 0x7faee90d70a0>,13,16,[3 8],14,74,90,60,74
1,<environment.Job instance at 0x7faee9a21be0>,37,20,[5 1],38,82,102,44,82
1,<environment.Job instance at 0x7faee9921910>,1,12,[5 8],2,6,18,4,6
1,<environment.Job instance at 0x7faee9a35230>,6,12,[ 2 14],7,18,30,11,8
1,<environment.Job instance at 0x7faee9a35c30>,12,3,[4 8],13,30,33,17,13
1,<environment.Job instance at 0x7faee9a35a00>,15,22,[6 2],16,30,52,14,23
1,<environment.Job instance at 0x7faee9a35d70>,17,1,[4 7],18,33,34,15,23
1,<environment.Job instance at 0x7faee8c58410>,19,14,[ 2 13],20,35,49,15,35
1,<environment.Job instance at 0x7faee9a35b90>,18,12,[10  2],19,52,64,33,35
1,<environment.Job instance at 0x7faee8c58aa0>,21,15,[1 6],22,49,64,27,35
1,<environment.Job instance at 0x7faee8c58f50>,26,13,[6 1],27,64,77,37,48
1,<environment.Job instance at 0x7faee8e91870>,29,3,[10  3],30,77,80,47,54
1,<environment.Job instance at 0x7faee8e917d0>,34,2,[5 7],35,64,66,29,54
1,<environment.Job instance at 0x7faee88a1140>,35,12,[1 6],36,54,66,18,54
1,<environment.Job instance at 0x7faee8e913c0>,36,1,[6 3],37,66,67,29,54
1,<environment.Job instance at 0x7faee88a1a00>,38,2,[ 2 13],39,67,69,28,54
1,<environment.Job instance at 0x7faee8e91640>,32,13,[5 1],33,67,80,34,57
1,<environment.Job instance at 0x7faee88a1be0>,43,2,[8 3],44,80,82,36,58
1,<environment.Job instance at 0x7faee92b5460>,45,2,[12  1],46,82,84,36,60
1,<environment.Job instance at 0x7faee92b5230>,44,13,[7 4],45,84,97,39,68
1,<environment.Job instance at 0x7faee92b5870>,47,13,[10  1],48,97,110,49,81
1,<environment.Job instance at 0x7faee92b5e10>,51,1,[6 5],52,81,82,29,81
1,<environment.Job instance at 0x7faee92b5f50>,52,13,[6 4],53,84,97,31,81
1,<environment.Job instance at 0x7faee8e37c80>,58,14,[2 7],59,87,101,28,87
1,<environment.Job instance at 0x7faee8e37410>,61,1,[13  2],62,110,111,48,87
1,<environment.Job instance at 0x7faee8a3abe0>,0,19,[ 3 10],1,1,20,0,1
1,<environment.Job instance at 0x7faee8a3a8c0>,2,20,[10  3],3,3,23,0,3
1,<environment.Job instance at 0x7faee8a3a3c0>,12,3,[4 8],13,20,23,7,20
1,<environment.Job instance at 0x7faee9c567d0>,17,1,[4 7],18,23,24,5,23
1,<environment.Job instance at 0x7faee8a3a550>,1,12,[5 8],2,23,35,21,23
1,<environment.Job instance at 0x7faee9c56be0>,22,1,[8 4],23,24,25,1,24
1,<environment.Job instance at 0x7faee9c56820>,18,12,[10  2],19,25,37,6,25
1,<environment.Job instance at 0x7faee9eaf1e0>,21,15,[1 6],22,35,50,13,35
1,<environment.Job instance at 0x7faee9eaf5f0>,20,16,[3 6],21,35,51,14,35
1,<environment.Job instance at 0x7faee990dd70>,29,3,[10  3],30,37,40,7,37
1,<environment.Job instance at 0x7faee990daf0>,32,13,[5 1],33,40,53,7,40
1,<environment.Job instance at 0x7faee990dbe0>,26,13,[6 1],27,40,53,13,40
1,<environment.Job instance at 0x7faee92a50f0>,35,12,[1 6],36,51,63,15,51
1,<environment.Job instance at 0x7faee92a5e60>,36,1,[6 3],37,53,54,16,53
1,<environment.Job instance at 0x7faee990d550>,25,13,[7 5],26,53,66,27,53
1,<environment.Job instance at 0x7faee92a5a00>,34,2,[5 7],35,63,65,28,63
1,<environment.Job instance at 0x7faee92a52d0>,43,2,[8 3],44,65,67,21,65
1,<environment.Job instance at 0x7faee92a5af0>,44,13,[7 4],45,66,79,21,66
1,<environment.Job instance at 0x7faee990d0f0>,30,15,[8 4],31,67,82,36,67
1,<environment.Job instance at 0x7faee92a57d0>,48,16,[5 7],49,79,95,30,79
1,<environment.Job instance at 0x7faee92a55f0>,51,1,[6 5],52,82,83,30,82
1,<environment.Job instance at 0x7faee92a5410>,47,13,[10  1],48,83,96,35,83
1,<environment.Job instance at 0x7faee9cdd960>,4,2,[ 2 10],5,5,7,0,5
1,<environment.Job instance at 0x7faee97e9910>,5,23,[7 1],6,6,29,0,6
1,<environment.Job instance at 0x7faee97e9640>,8,14,[4 5],9,9,23,0,9
1,<environment.Job instance at 0x7faee9cb5190>,9,13,[ 2 12],10,23,36,13,15
1,<environment.Job instance at 0x7faee980eb40>,15,1,[6 4],16,36,37,20,16
1,<environment.Job instance at 0x7faee9816a00>,16,13,[5 2],17,23,36,6,17
1,<environment.Job instance at 0x7faee980e730>,11,18,[1 7],12,82,100,70,82
1,<environment.Job instance at 0x7faee9de9500>,4,2,[ 2 10],5,5,7,0,5
1,<environment.Job instance at 0x7faee9de9370>,8,14,[4 5],9,9,23,0,9
1,<environment.Job instance at 0x7faee9de9c30>,11,18,[1 7],12,12,30,0,12
1,<environment.Job instance at 0x7faee9de99b0>,16,13,[5 2],17,17,30,0,17
1,<environment.Job instance at 0x7faee9de95f0>,15,1,[6 4],16,23,24,7,23
1,<environment.Job instance at 0x7faee9de9b40>,18,15,[9 5],19,24,39,5,24
1,<environment.Job instance at 0x7faee8fee280>,23,3,[6 4],24,30,33,6,30
1,<environment.Job instance at 0x7faee8feed70>,19,14,[1 7],20,33,47,13,33
1,<environment.Job instance at 0x7faee8feea00>,26,12,[1 7],27,39,51,12,39
1,<environment.Job instance at 0x7faee8fee7d0>,24,13,[9 1],25,39,52,14,39
1,<environment.Job instance at 0x7faee8fee780>,28,2,[5 3],29,47,49,18,47
1,<environment.Job instance at 0x7faee92a5230>,29,13,[5 6],30,49,62,19,49
1,<environment.Job instance at 0x7faee92a5410>,32,15,[8 4],33,52,67,19,52
1,<environment.Job instance at 0x7faee9de9af0>,14,17,[2 8],15,62,79,47,62
1,<environment.Job instance at 0x7faee92a5c30>,39,17,[6 1],40,68,85,28,68
1,<environment.Job instance at 0x7faee92a5f00>,41,15,[8 2],42,79,94,37,79
1,<environment.Job instance at 0x7faee8fee550>,17,17,[2 8],18,85,102,67,85
1,<environment.Job instance at 0x7faee927df00>,0,15,[7 1],1,1,16,0,1
1,<environment.Job instance at 0x7faee927ddc0>,1,12,[8 4],2,2,14,0,2
1,<environment.Job instance at 0x7faee9281370>,5,2,[ 5 11],6,14,16,8,6
1,<environment.Job instance at 0x7faee927d460>,8,15,[6 1],9,16,31,7,9
1,<environment.Job instance at 0x7faee927d9b0>,9,14,[5 7],10,16,30,6,10
1,<environment.Job instance at 0x7faee895a690>,11,1,[9 4],12,30,31,18,13
1,<environment.Job instance at 0x7faee895a820>,10,15,[6 2],11,31,46,20,17
1,<environment.Job instance at 0x7faee895a280>,17,1,[5 1],18,31,32,13,18
1,<environment.Job instance at 0x7faee895a8c0>,21,16,[8 1],22,32,48,10,23
1,<environment.Job instance at 0x7faee895af00>,23,1,[7 3],24,46,47,22,24
1,<environment.Job instance at 0x7faee895a230>,12,16,[3 5],13,47,63,34,35
1,<environment.Job instance at 0x7faee897e5f0>,25,16,[2 6],26,47,63,21,39
1,<environment.Job instance at 0x7faee895a140>,22,14,[ 2 12],23,63,77,40,60
1,<environment.Job instance at 0x7faee9dc2aa0>,0,15,[7 1],1,1,16,0,1
1,<environment.Job instance at 0x7faee92a50f0>,1,12,[8 4],2,2,14,0,2
1,<environment.Job instance at 0x7faee92a5870>,9,14,[5 7],10,14,28,4,14
1,<environment.Job instance at 0x7faee92a5dc0>,12,16,[3 5],13,14,30,1,14
1,<environment.Job instance at 0x7faee92a5c80>,10,15,[6 2],11,16,31,5,16
1,<environment.Job instance at 0x7faee92a5640>,8,15,[6 1],9,28,43,19,28
1,<environment.Job instance at 0x7faee92a53c0>,11,1,[9 4],12,31,32,19,31
1,<environment.Job instance at 0x7faee92a5280>,17,1,[5 1],18,32,33,14,32
1,<environment.Job instance at 0x7faee86bdfa0>,23,1,[7 3],24,33,34,9,33
1,<environment.Job instance at 0x7faee895a960>,25,16,[2 6],26,33,49,7,33
1,<environment.Job instance at 0x7faee92a5b90>,13,12,[10  5],14,43,55,29,43
1,<environment.Job instance at 0x7faee9281190>,29,14,[1 9],30,49,63,19,49
1,<environment.Job instance at 0x7faee9cdb1e0>,32,12,[10  3],33,55,67,22,55
1,<environment.Job instance at 0x7faee9cdbe60>,33,13,[5 1],34,63,76,29,63
1,<environment.Job instance at 0x7faee9cdb050>,36,12,[3 5],37,67,79,30,67
1,<environment.Job instance at 0x7faee9cdb140>,30,17,[2 8],31,67,84,36,67
1,<environment.Job instance at 0x7faee927da50>,21,16,[8 1],22,76,92,54,76
1,<environment.Job instance at 0x7faee9cdb370>,38,18,[5 3],39,79,97,40,79
1,<environment.Job instance at 0x7faee8bda8c0>,1,14,[7 5],2,2,16,0,2
1,<environment.Job instance at 0x7faee8d38550>,2,1,[2 6],3,3,4,0,3
1,<environment.Job instance at 0x7faee8d389b0>,8,3,[ 4 13],9,16,19,7,10
1,<environment.Job instance at 0x7faee8d38e60>,15,15,[5 1],16,16,31,0,16
1,<environment.Job instance at 0x7faee8d38f00>,16,12,[2 7],17,19,31,2,17
1,<environment.Job instance at 0x7faee8d271e0>,18,25,[5 1],19,19,44,0,19
1,<environment.Job instance at 0x7faee8d27690>,26,16,[7 1],27,31,47,4,31
1,<environment.Job instance at 0x7faee8d27910>,30,13,[8 4],31,44,57,13,34
1,<environment.Job instance at 0x7faee9ddcf50>,0,18,[1 9],1,1,19,0,1
1,<environment.Job instance at 0x7faee9ddc050>,1,14,[7 5],2,2,16,0,2
1,<environment.Job instance at 0x7faee9ddc320>,2,1,[2 6],3,16,17,13,16
1,<environment.Job instance at 0x7faee9ddc550>,4,14,[8 5],5,17,31,12,17
1,<environment.Job instance at 0x7faee9ddc4b0>,12,13,[5 9],13,19,32,6,19
1,<environment.Job instance at 0x7faee9ddceb0>,10,14,[4 6],11,31,45,20,31
1,<environment.Job instance at 0x7faee9e29a00>,16,12,[2 7],17,32,44,15,32
1,<environment.Job instance at 0x7faee9e295f0>,15,15,[5 1],16,32,47,16,32
1,<environment.Job instance at 0x7faee9e292d0>,19,17,[1 8],20,44,61,24,44
1,<environment.Job instance at 0x7faee9e29c80>,22,15,[2 6],23,45,60,22,45
1,<environment.Job instance at 0x7faee9ddc640>,3,15,[10  2],4,60,75,56,60
1,<environment.Job instance at 0x7faee9ddc0f0>,7,13,[5 9],8,61,74,53,61
1,<environment.Job instance at 0x7faee9e29190>,27,17,[3 8],28,74,91,46,74
1,<environment.Job instance at 0x7faee9cdbbe0>,30,13,[8 4],31,75,88,44,75
1,<environment.Job instance at 0x7faee9e29dc0>,26,16,[7 1],27,88,104,61,88
1,<environment.Job instance at 0x7faee9cdbeb0>,33,17,[5 1],34,88,105,54,88
1,<environment.Job instance at 0x7f64769008c0>,3,3,[ 4 14],4,5,8,1,5
1,<environment.Job instance at 0x7f646d2b6a50>,2,22,[4 8],3,8,30,5,5
1,<environment.Job instance at 0x7f646d2b6d20>,5,24,[1 5],6,8,32,2,6
1,<environment.Job instance at 0x7f646d2b6b90>,6,20,[6 1],7,7,27,0,7
1,<environment.Job instance at 0x7f646d2b6fa0>,11,1,[8 5],12,30,31,18,14
1,<environment.Job instance at 0x7f646d2bb370>,14,13,[7 3],15,31,44,16,28
1,<environment.Job instance at 0x7f646d2b6af0>,4,14,[1 6],5,31,45,26,28
1,<environment.Job instance at 0x7f646d2bb4b0>,16,16,[3 5],17,32,48,15,31
1,<environment.Job instance at 0x7f646d2bb190>,12,13,[10  2],13,44,57,31,36
1,<environment.Job instance at 0x7f646d2bb5a0>,18,3,[ 4 13],19,48,51,29,36
1,<environment.Job instance at 0x7f646d2bb0f0>,10,18,[ 3 11],11,51,69,40,40
1,<environment.Job instance at 0x7f646d2bb6e0>,20,1,[13  5],21,69,70,48,41
1,<environment.Job instance at 0x7f646d2bb780>,21,1,[6 5],22,70,71,48,42
1,<environment.Job instance at 0x7f646d2bb820>,22,1,[2 7],23,45,46,22,42
1,<environment.Job instance at 0x7f646d2bb460>,15,18,[2 8],16,83,101,67,83
1,<environment.Job instance at 0x7f646d2b6dc0>,2,22,[4 8],3,3,25,0,3
1,<environment.Job instance at 0x7f646d2c45a0>,4,14,[1 6],5,5,19,0,5
1,<environment.Job instance at 0x7f6476900780>,6,20,[6 1],7,7,27,0,7
1,<environment.Job instance at 0x7f646d2c4aa0>,11,1,[8 5],12,25,26,13,25
1,<environment.Job instance at 0x7f646d3011e0>,21,1,[6 5],22,26,27,4,26
1,<environment.Job instance at 0x7f646d458e60>,22,1,[2 7],23,26,27,3,26
1,<environment.Job instance at 0x7f646d2c4a50>,12,13,[10  2],13,27,40,14,27
1,<environment.Job instance at 0x7f646d2f5460>,16,16,[3 5],17,27,43,10,27
1,<environment.Job instance at 0x7f646d2b1460>,15,18,[2 8],16,27,45,11,27
1,<environment.Job instance at 0x7f646d302f50>,14,13,[7 3],15,43,56,28,43
1,<environment.Job instance at 0x7f646d3bf190>,35,2,[1 8],36,45,47,9,45
1,<environment.Job instance at 0x7f646d4d05a0>,34,16,[2 8],35,47,63,12,47
1,<environment.Job instance at 0x7f646d3a8230>,36,15,[9 5],37,56,71,19,56
1,<environment.Job instance at 0x7f646d3b13c0>,46,13,[6 5],47,63,76,16,63
1,<environment.Job instance at 0x7f646d2aed20>,27,18,[1 8],28,71,89,43,71
1,<environment.Job instance at 0x7f646d3d6460>,49,15,[10  1],50,76,91,26,76
1,<environment.Job instance at 0x7f646d3db690>,54,17,[5 7],55,90,107,35,90
1,<environment.Job instance at 0x7f646d33cb40>,41,15,[10  3],42,91,106,49,91
1,<environment.Job instance at 0x7f646ca01730>,8,12,[ 3 10],9,12,24,3,12
1,<environment.Job instance at 0x7f646d378550>,0,19,[8 2],1,1,20,0,1
1,<environment.Job instance at 0x7f646cad83c0>,8,12,[ 3 10],9,9,21,0,9
1,<environment.Job instance at 0x7f646cbd89b0>,13,2,[6 2],14,20,22,6,20
1,<environment.Job instance at 0x7f6476900780>,1,12,[8 1],2,21,33,19,21
1,<environment.Job instance at 0x7f646cadb370>,16,16,[7 5],17,22,38,5,22
1,<environment.Job instance at 0x7f646ca6b320>,29,2,[1 8],30,33,35,3,33
1,<environment.Job instance at 0x7f646ca6baf0>,30,15,[8 3],31,35,50,4,35
1,<environment.Job instance at 0x7f646ca76500>,32,13,[ 5 10],33,38,51,5,38
1,<environment.Job instance at 0x7f646ca6f190>,21,3,[10  2],22,50,53,28,50
1,<environment.Job instance at 0x7f646ca76eb0>,35,14,[ 2 10],36,51,65,15,51
1,<environment.Job instance at 0x7f646ca7a910>,38,12,[7 5],39,53,65,14,53
1,<environment.Job instance at 0x7f646ca7d5a0>,41,13,[5 6],42,65,78,23,65
1,<environment.Job instance at 0x7f646caaf0a0>,10,14,[10  4],11,65,79,54,65
1,<environment.Job instance at 0x7f646cabcc30>,47,1,[4 8],48,78,79,30,78
1,<environment.Job instance at 0x7f646cabc5f0>,50,3,[1 7],51,79,82,28,79
1,<environment.Job instance at 0x7f646cabca50>,51,3,[4 7],52,79,82,27,79
1,<environment.Job instance at 0x7f646cadfcd0>,53,3,[5 2],54,82,85,28,82
1,<environment.Job instance at 0x7f646ca7de10>,45,13,[ 4 10],46,82,95,36,82
1,<environment.Job instance at 0x7f646ca81af0>,58,17,[5 5],59,85,102,26,85
1,<environment.Job instance at 0x7f646ca76d70>,33,16,[ 3 10],34,95,111,61,95
1,<environment.Job instance at 0x7f646c86acd0>,0,2,[7 5],1,1,3,0,1
1,<environment.Job instance at 0x7f646c86ae60>,1,14,[2 7],2,2,16,0,2
1,<environment.Job instance at 0x7f6476a68320>,3,3,[7 5],4,4,7,0,4
1,<environment.Job instance at 0x7f6476a689b0>,6,22,[6 1],7,7,29,0,7
1,<environment.Job instance at 0x7f6476928cd0>,13,2,[5 9],14,16,18,2,15
1,<environment.Job instance at 0x7f6476928410>,11,1,[ 2 14],12,18,19,6,16
1,<environment.Job instance at 0x7f646c86a280>,12,2,[12  2],13,29,31,16,17
1,<environment.Job instance at 0x7f64769285a0>,16,17,[3 8],17,19,36,2,17
1,<environment.Job instance at 0x7f64769288c0>,14,13,[9 4],15,31,44,16,20
1,<environment.Job instance at 0x7f6476928d20>,8,2,[5 2],9,24,26,15,24
1,<environment.Job instance at 0x7f6476928820>,22,14,[6 1],23,36,50,13,28
1,<environment.Job instance at 0x7f646c8c22d0>,29,13,[7 4],30,44,57,14,30
1,<environment.Job instance at 0x7f646c8c2730>,28,13,[6 3],29,50,63,21,34
1,<environment.Job instance at 0x7f646c8c2780>,34,1,[12  1],35,63,64,28,36
1,<environment.Job instance at 0x7f6476928be0>,21,18,[12  4],22,64,82,42,53
1,<environment.Job instance at 0x7f646c8c2be0>,27,15,[13  5],28,82,97,54,69
1,<environment.Job instance at 0x7f646c8c2d20>,25,14,[10  1],26,97,111,71,82
1,<environment.Job instance at 0x7f646c8c2410>,38,2,[2 8],39,82,84,43,82
1,<environment.Job instance at 0x7f646c8c26e0>,39,16,[2 8],40,84,100,44,83
1,<environment.Job instance at 0x7f646c8c2f00>,35,19,[ 2 13],36,100,119,64,90
1,<environment.Job instance at 0x7f646c8b4a50>,41,3,[10  5],42,119,122,77,93
1,<environment.Job instance at 0x7f646c8b4c30>,44,3,[7 5],45,122,125,77,96
1,<environment.Job instance at 0x7f6476a68640>,0,2,[7 5],1,1,3,0,1
1,<environment.Job instance at 0x7f6476a68eb0>,1,14,[2 7],2,2,16,0,2
1,<environment.Job instance at 0x7f646c9006e0>,3,3,[7 5],4,4,7,0,4
1,<environment.Job instance at 0x7f6476928b90>,6,22,[6 1],7,7,29,0,7
1,<environment.Job instance at 0x7f646c8c2690>,7,15,[3 7],8,8,23,0,8
1,<environment.Job instance at 0x7f646c8b4460>,8,2,[5 2],9,16,18,7,16
1,<environment.Job instance at 0x7f646c8c2230>,9,22,[2 7],10,18,40,8,18
1,<environment.Job instance at 0x7f646c93a460>,14,13,[9 4],15,29,42,14,29
1,<environment.Job instance at 0x7f646c93af00>,13,2,[5 9],14,40,42,26,40
1,<environment.Job instance at 0x7f646c8edd70>,19,14,[ 1 10],20,42,56,22,42
1,<environment.Job instance at 0x7f646c8ab550>,25,14,[10  1],26,42,56,16,42
1,<environment.Job instance at 0x7f646c8abdc0>,28,13,[6 3],29,56,69,27,56
1,<environment.Job instance at 0x7f646c8ab910>,29,13,[7 4],30,56,69,26,56
1,<environment.Job instance at 0x7f646c8a85a0>,38,2,[2 8],39,69,71,30,69
1,<environment.Job instance at 0x7f646c8edbe0>,22,14,[6 1],23,69,83,46,69
1,<environment.Job instance at 0x7f646c8abb90>,26,16,[9 2],27,71,87,44,71
1,<environment.Job instance at 0x7f646c8a8a00>,39,16,[2 8],40,83,99,43,83
1,<environment.Job instance at 0x7f646c8a8960>,44,3,[7 5],45,87,90,42,87
1,<environment.Job instance at 0x7f646c8a8aa0>,41,3,[10  5],42,90,93,48,90
1,<environment.Job instance at 0x7f646c8a6910>,53,12,[9 1],54,93,105,39,93
1,<environment.Job instance at 0x7f646c8a8690>,48,18,[4 6],49,93,111,44,93
1,<environment.Job instance at 0x7f646d77a140>,2,2,[11  1],3,3,5,0,3
1,<environment.Job instance at 0x7f646d77a320>,5,2,[5 5],6,6,8,0,6
1,<environment.Job instance at 0x7f646d77a960>,11,1,[5 9],12,12,13,0,12
1,<environment.Job instance at 0x7f646d77a5a0>,12,20,[2 6],13,13,33,0,13
1,<environment.Job instance at 0x7f646d77acd0>,13,15,[5 1],14,14,29,0,14
1,<environment.Job instance at 0x7f646d625b40>,16,2,[ 5 13],17,33,35,16,17
1,<environment.Job instance at 0x7f646d625be0>,20,2,[ 3 10],21,35,37,14,21
1,<environment.Job instance at 0x7f646c8abfa0>,3,17,[9 4],4,4,21,0,4
1,<environment.Job instance at 0x7f646c8ab9b0>,5,2,[5 5],6,6,8,0,6
1,<environment.Job instance at 0x7f646c8abf50>,8,22,[3 9],9,9,31,0,9
1,<environment.Job instance at 0x7f646c8c2230>,13,15,[5 1],14,21,36,7,21
1,<environment.Job instance at 0x7f646c8abc80>,11,1,[5 9],12,31,32,19,31
1,<environment.Job instance at 0x7f646d77a370>,22,15,[5 5],23,31,46,8,31
1,<environment.Job instance at 0x7f646d77ac80>,24,13,[4 8],25,32,45,7,32
1,<environment.Job instance at 0x7f646d77aeb0>,25,2,[6 1],26,36,38,10,36
1,<environment.Job instance at 0x7f646d77a550>,20,2,[ 3 10],21,45,47,24,45
1,<environment.Job instance at 0x7f646d77a460>,21,17,[5 5],22,46,63,24,46
1,<environment.Job instance at 0x7f646d6fec80>,28,3,[5 9],29,47,50,18,47
1,<environment.Job instance at 0x7f646d7ca910>,41,13,[1 6],42,50,63,8,50
1,<environment.Job instance at 0x7f646d7cad20>,42,3,[3 5],43,63,66,20,63
1,<environment.Job instance at 0x7f646d7ca550>,38,13,[4 6],39,63,76,24,63
1,<environment.Job instance at 0x7f646d7ca3c0>,43,14,[1 5],44,66,80,22,66
1,<environment.Job instance at 0x7f646d7cabe0>,40,17,[10  3],41,66,83,25,66
1,<environment.Job instance at 0x7f646d69dc80>,50,14,[ 3 10],51,80,94,29,80
1,<environment.Job instance at 0x7f646d69dd70>,53,1,[10  2],54,83,84,29,83
1,<environment.Job instance at 0x7f646d69dbe0>,55,2,[9 5],56,84,86,28,84
1,<environment.Job instance at 0x7f646d69ddc0>,60,17,[7 5],61,86,103,25,86
1,<environment.Job instance at 0x7f646d69d9b0>,61,12,[3 8],62,94,106,32,94
1,<environment.Job instance at 0x7f646d754b90>,1,2,[ 2 14],2,2,4,0,2
1,<environment.Job instance at 0x7f646de17190>,3,3,[ 2 11],4,4,7,0,4
1,<environment.Job instance at 0x7f646de17e10>,6,14,[ 2 10],7,7,21,0,7
1,<environment.Job instance at 0x7f646de17c30>,8,2,[13  3],9,9,11,0,9
1,<environment.Job instance at 0x7f646de175f0>,10,14,[ 5 10],11,21,35,10,11
1,<environment.Job instance at 0x7f646ddf9730>,12,3,[7 4],13,13,16,0,13
1,<environment.Job instance at 0x7f646ddf94b0>,13,17,[5 1],14,14,31,0,14
1,<environment.Job instance at 0x7f646ddf97d0>,16,3,[3 5],17,81,84,64,81
1,<environment.Job instance at 0x7f646d6fd280>,0,21,[7 4],1,1,22,0,1
1,<environment.Job instance at 0x7f646d6fd4b0>,4,22,[1 7],5,5,27,0,5
1,<environment.Job instance at 0x7f646d405b40>,12,3,[7 4],13,13,16,0,13
1,<environment.Job instance at 0x7f646d405910>,13,17,[5 1],14,16,33,2,16
1,<environment.Job instance at 0x7f646d405a00>,14,17,[8 4],15,22,39,7,22
1,<environment.Job instance at 0x7f646d6fd320>,6,14,[ 2 10],7,27,41,20,27
1,<environment.Job instance at 0x7f646d405aa0>,18,2,[7 2],19,39,41,20,39
1,<environment.Job instance at 0x7f646d405c80>,21,2,[4 8],22,41,43,19,41
1,<environment.Job instance at 0x7f646d405e10>,16,3,[3 5],17,41,44,24,41
1,<environment.Job instance at 0x7f646d405550>,23,3,[7 4],24,43,46,19,43
1,<environment.Job instance at 0x7f646d405820>,22,16,[5 5],23,43,59,20,43
1,<environment.Job instance at 0x7f646d69d8c0>,24,1,[3 8],25,46,47,21,46
1,<environment.Job instance at 0x7f646d69d780>,25,3,[10  2],26,47,50,21,47
1,<environment.Job instance at 0x7f646d69db40>,32,3,[8 4],33,50,53,17,50
1,<environment.Job instance at 0x7f646d405780>,17,13,[9 4],18,53,66,35,53
1,<environment.Job instance at 0x7f646d405a50>,10,14,[ 5 10],11,59,73,48,59
1,<environment.Job instance at 0x7f646d69dd70>,35,2,[10  4],36,66,68,30,66
1,<environment.Job instance at 0x7f646d69dc80>,36,16,[6 3],37,68,84,31,68
1,<environment.Job instance at 0x7f646d69da00>,37,14,[5 7],38,73,87,35,73
1,<environment.Job instance at 0x7f646d7ca320>,42,3,[2 7],43,84,87,41,84
1,<environment.Job instance at 0x7f646d7cad20>,44,12,[10  3],45,87,99,42,87
1,<environment.Job instance at 0x7f646d7cae10>,45,1,[ 1 10],46,87,88,41,87
1,<environment.Job instance at 0x7f646d69dbe0>,33,15,[5 8],34,88,103,54,88
1,<environment.Job instance at 0x7f646d7cac80>,47,13,[10  3],48,99,112,51,99
1,<environment.Job instance at 0x7f646d0d40f0>,0,1,[1 9],1,1,2,0,1
1,<environment.Job instance at 0x7f646d0d4d20>,1,3,[ 5 12],2,2,5,0,2
1,<environment.Job instance at 0x7f646d0d4c30>,2,3,[8 5],3,5,8,2,3
1,<environment.Job instance at 0x7f646d0d3e60>,5,3,[9 2],6,8,11,2,6
1,<environment.Job instance at 0x7f646d0d3be0>,6,14,[5 9],7,7,21,0,7
1,<environment.Job instance at 0x7f646d0d3e10>,8,12,[2 5],9,11,23,2,9
1,<environment.Job instance at 0x7f646d0d4190>,10,1,[2 9],11,21,22,10,11
1,<environment.Job instance at 0x7f646d0d30a0>,9,16,[6 5],10,22,38,12,11
1,<environment.Job instance at 0x7f646d703f50>,15,3,[2 6],16,23,26,7,17
1,<environment.Job instance at 0x7f646d703b90>,18,3,[ 1 13],19,38,41,19,20
1,<environment.Job instance at 0x7f646d703c30>,19,18,[8 4],20,41,59,21,30
1,<environment.Job instance at 0x7f646d7031e0>,23,13,[10  4],24,59,72,35,43
1,<environment.Job instance at 0x7f646d703960>,24,16,[5 5],25,43,59,18,43
1,<environment.Job instance at 0x7f646d703780>,25,22,[1 7],26,59,81,33,52
1,<environment.Job instance at 0x7f646d703460>,26,20,[5 7],27,72,92,45,64
1,<environment.Job instance at 0x7f646d0d5d20>,30,1,[9 3],31,81,82,50,73
1,<environment.Job instance at 0x7f646d0d5be0>,33,15,[4 6],34,82,97,48,73
1,<environment.Job instance at 0x7f646d0d3140>,7,19,[11  1],8,92,111,84,83
1,<environment.Job instance at 0x7f646d0d5190>,35,18,[1 8],36,97,115,61,86
1,<environment.Job instance at 0x7f646d0d52d0>,36,3,[5 5],37,111,114,74,86
1,<environment.Job instance at 0x7f646d131690>,0,1,[1 9],1,1,2,0,1
1,<environment.Job instance at 0x7f646d131550>,2,3,[8 5],3,3,6,0,3
1,<environment.Job instance at 0x7f646d0d32d0>,5,3,[9 2],6,6,9,0,6
1,<environment.Job instance at 0x7f646de17910>,6,14,[5 9],7,7,21,0,7
1,<environment.Job instance at 0x7f646cfebfa0>,8,12,[2 5],9,9,21,0,9
1,<environment.Job instance at 0x7f646c9aeaf0>,10,1,[2 9],11,21,22,10,21
1,<environment.Job instance at 0x7f646cd03d20>,15,3,[2 6],16,21,24,5,21
1,<environment.Job instance at 0x7f646d0d5500>,9,16,[6 5],10,22,38,12,22
1,<environment.Job instance at 0x7f646cd03870>,22,18,[3 9],23,24,42,1,24
1,<environment.Job instance at 0x7f646cd03e60>,23,13,[10  4],24,38,51,14,38
1,<environment.Job instance at 0x7f646cd03c80>,24,16,[5 5],25,42,58,17,42
1,<environment.Job instance at 0x7f646d73a460>,30,1,[9 3],31,51,52,20,51
1,<environment.Job instance at 0x7f646d73a8c0>,33,15,[4 6],34,52,67,18,52
1,<environment.Job instance at 0x7f646d73a140>,35,18,[1 8],36,58,76,22,58
1,<environment.Job instance at 0x7f646d73a190>,36,3,[5 5],37,67,70,30,67
1,<environment.Job instance at 0x7f646d73a1e0>,37,15,[10  1],38,70,85,32,70
1,<environment.Job instance at 0x7f646d73af00>,29,18,[3 6],30,70,88,40,70
1,<environment.Job instance at 0x7f646d73a280>,38,14,[6 4],39,86,100,47,86
1,<environment.Job instance at 0x7f646d73ac80>,41,13,[ 4 10],42,88,101,46,88
1,<environment.Job instance at 0x7f646cd22a50>,0,18,[7 1],1,1,19,0,1
1,<environment.Job instance at 0x7f646d10c8c0>,2,13,[3 6],3,3,16,0,3
1,<environment.Job instance at 0x7f646d10c550>,9,1,[3 7],10,10,11,0,10
1,<environment.Job instance at 0x7f646d10c5f0>,12,2,[ 1 14],13,16,18,3,13
1,<environment.Job instance at 0x7f646d10ca50>,18,17,[5 5],19,19,36,0,19
1,<environment.Job instance at 0x7f646d10cf00>,14,15,[9 1],15,20,35,5,20
1,<environment.Job instance at 0x7f646d111f50>,20,15,[9 4],21,35,50,14,21
1,<environment.Job instance at 0x7f646d1118c0>,21,3,[5 5],22,36,39,14,22
1,<environment.Job instance at 0x7f646d1110a0>,22,13,[1 5],23,23,36,0,23
1,<environment.Job instance at 0x7f646d111190>,23,20,[5 4],24,39,59,15,30
1,<environment.Job instance at 0x7f646d131370>,15,15,[ 2 11],16,50,65,34,39
1,<environment.Job instance at 0x7f646d10c820>,17,22,[9 4],18,59,81,41,54
1,<environment.Job instance at 0x7f646d10c500>,19,14,[3 7],20,66,80,46,66
1,<environment.Job instance at 0x7f646d10c2d0>,16,23,[7 4],17,81,104,64,76
1,<environment.Job instance at 0x7f646d1112d0>,28,16,[4 9],29,95,111,66,95
1,<environment.Job instance at 0x7f646cd17960>,0,18,[7 1],1,1,19,0,1
1,<environment.Job instance at 0x7f646cd17230>,1,16,[1 8],2,2,18,0,2
1,<environment.Job instance at 0x7f646cd174b0>,2,13,[3 6],3,3,16,0,3
1,<environment.Job instance at 0x7f646d0ceaa0>,9,1,[3 7],10,18,19,8,18
1,<environment.Job instance at 0x7f646d0ce410>,14,15,[9 1],15,19,34,4,19
1,<environment.Job instance at 0x7f646d0ce2d0>,18,17,[5 5],19,19,36,0,19
1,<environment.Job instance at 0x7f646d0ce460>,21,3,[5 5],22,34,37,12,34
1,<environment.Job instance at 0x7f646d0ce500>,22,13,[1 5],23,34,47,11,34
1,<environment.Job instance at 0x7f646d0ce280>,20,15,[9 4],21,36,51,15,36
1,<environment.Job instance at 0x7f646d0ce550>,19,14,[3 7],20,47,61,27,47
1,<environment.Job instance at 0x7f646cff6be0>,32,14,[6 5],33,51,65,18,51
1,<environment.Job instance at 0x7f646cff6370>,33,1,[7 2],34,61,62,27,61
1,<environment.Job instance at 0x7f646cff65f0>,28,16,[4 9],29,62,78,33,62
1,<environment.Job instance at 0x7f646cff6640>,34,15,[10  3],35,65,80,30,65
1,<environment.Job instance at 0x7f646cd170f0>,3,18,[ 3 10],4,78,96,74,78
1,<environment.Job instance at 0x7f646cff63c0>,37,13,[9 4],38,80,93,42,80
1,<environment.Job instance at 0x7f646d73aaf0>,44,3,[6 1],45,93,96,48,93
1,<environment.Job instance at 0x7f646cff6230>,40,15,[4 5],41,97,112,56,97
1,<environment.Job instance at 0x7f646d73a280>,48,16,[ 5 10],49,97,113,48,97
1,<environment.Job instance at 0x7f646d95ac80>,1,1,[ 5 13],2,2,3,0,2
1,<environment.Job instance at 0x7f646d95a4b0>,4,1,[10  5],5,7,8,2,7
1,<environment.Job instance at 0x7f646d95a2d0>,10,15,[5 5],11,11,26,0,11
1,<environment.Job instance at 0x7f646d95a910>,12,18,[13  3],13,26,44,13,15
1,<environment.Job instance at 0x7f646cac9140>,15,16,[ 1 12],16,54,70,38,54
1,<environment.Job instance at 0x7f646d1119b0>,0,20,[5 6],1,1,21,0,1
1,<environment.Job instance at 0x7f646ca5db90>,4,1,[10  5],5,5,6,0,5
1,<environment.Job instance at 0x7f646ccffaa0>,6,12,[6 5],7,7,19,0,7
1,<environment.Job instance at 0x7f646cd037d0>,14,13,[7 5],15,19,32,4,19
1,<environment.Job instance at 0x7f646cd03fa0>,16,1,[ 2 10],17,21,22,4,21
1,<environment.Job instance at 0x7f646cd03af0>,19,14,[3 6],20,22,36,2,22
1,<environment.Job instance at 0x7f646d73adc0>,23,3,[9 1],24,32,35,8,32
1,<environment.Job instance at 0x7f646cd03280>,10,15,[5 5],11,35,50,24,35
1,<environment.Job instance at 0x7f646d73a190>,29,1,[6 1],30,35,36,5,35
1,<environment.Job instance at 0x7f646d73acd0>,30,15,[5 2],31,36,51,5,36
1,<environment.Job instance at 0x7f646d73ab40>,32,14,[7 1],33,50,64,17,50
1,<environment.Job instance at 0x7f646cd03870>,13,15,[ 1 10],14,50,65,36,50
1,<environment.Job instance at 0x7f646d73a690>,25,17,[6 5],26,64,81,38,64
1,<environment.Job instance at 0x7f646cff6a50>,37,14,[2 6],38,65,79,27,65
1,<environment.Job instance at 0x7f646cff6370>,42,16,[ 2 10],43,79,95,36,79
1,<environment.Job instance at 0x7f646cff6be0>,43,17,[4 5],44,81,98,37,81
1,<environment.Job instance at 0x7f646cff6aa0>,39,16,[2 9],40,95,111,55,95
1,<environment.Job instance at 0x7f646cff6c80>,45,1,[1 6],46,98,99,52,98
1,<environment.Job instance at 0x7f646cff6c30>,48,18,[10  5],49,99,117,50,99
1,<environment.Job instance at 0x7f646d6dca50>,1,3,[2 7],2,2,5,0,2
1,<environment.Job instance at 0x7f646d6dc3c0>,3,3,[3 8],4,6,9,2,6
1,<environment.Job instance at 0x7f646db94eb0>,2,1,[10  4],3,6,7,3,6
1,<environment.Job instance at 0x7f646db942d0>,8,16,[1 5],9,9,25,0,9
1,<environment.Job instance at 0x7f646db943c0>,11,13,[9 3],12,12,25,0,12
1,<environment.Job instance at 0x7f646da56960>,13,15,[3 8],14,25,40,11,14
1,<environment.Job instance at 0x7f646db94690>,10,1,[ 5 12],11,40,41,29,16
1,<environment.Job instance at 0x7f646da56780>,14,13,[6 5],15,25,38,10,16
1,<environment.Job instance at 0x7f646da56f00>,16,3,[ 5 13],17,41,44,24,17
1,<environment.Job instance at 0x7f646da0fb90>,19,3,[ 2 13],20,44,47,24,20
1,<environment.Job instance at 0x7f646da0f820>,20,2,[ 4 12],21,47,49,26,21
1,<environment.Job instance at 0x7f646da56690>,15,13,[14  1],16,49,62,33,33
1,<environment.Job instance at 0x7f646d2272d0>,30,1,[8 5],31,62,63,31,40
1,<environment.Job instance at 0x7f646d227af0>,28,14,[5 4],29,62,76,33,47
1,<environment.Job instance at 0x7f646cdf1be0>,41,13,[1 9],42,49,62,7,49
1,<environment.Job instance at 0x7f646cdf1280>,43,13,[1 7],44,63,76,19,49
1,<environment.Job instance at 0x7f646cdf14b0>,46,2,[ 5 13],47,76,78,29,49
1,<environment.Job instance at 0x7f646da0fe60>,17,20,[ 2 13],18,78,98,60,70
1,<environment.Job instance at 0x7f646c8f07d0>,1,3,[2 7],2,2,5,0,2
1,<environment.Job instance at 0x7f646c8f0640>,2,1,[10  4],3,3,4,0,3
1,<environment.Job instance at 0x7f646c8f0e60>,3,3,[3 8],4,4,7,0,4
1,<environment.Job instance at 0x7f646c8f06e0>,4,17,[10  5],5,5,22,0,5
1,<environment.Job instance at 0x7f646cf26910>,5,17,[3 6],6,7,24,1,7
1,<environment.Job instance at 0x7f646d7560a0>,11,13,[9 3],12,22,35,10,22
1,<environment.Job instance at 0x7f646d8faa00>,8,16,[1 5],9,22,38,13,22
1,<environment.Job instance at 0x7f646c8a8f50>,14,13,[6 5],15,35,48,20,35
1,<environment.Job instance at 0x7f646d0ce960>,30,1,[8 5],31,35,36,4,35
1,<environment.Job instance at 0x7f646caa0b90>,28,14,[5 4],29,36,50,7,36
1,<environment.Job instance at 0x7f646d0ce280>,39,13,[8 3],40,48,61,8,48
1,<environment.Job instance at 0x7f646d3501e0>,21,16,[2 8],22,48,64,26,48
1,<environment.Job instance at 0x7f646d0c5050>,23,17,[8 1],24,61,78,37,61
1,<environment.Job instance at 0x7f646dc925f0>,45,2,[5 5],46,64,66,18,64
1,<environment.Job instance at 0x7f646d0ce050>,41,13,[1 9],42,64,77,22,64
1,<environment.Job instance at 0x7f646ce003c0>,48,2,[ 1 10],49,77,79,28,77
1,<environment.Job instance at 0x7f646d91eb40>,51,1,[9 1],52,78,79,26,78
1,<environment.Job instance at 0x7f646d3f8af0>,53,3,[8 2],54,79,82,25,79
1,<environment.Job instance at 0x7f646da7bbe0>,56,12,[5 4],57,79,91,22,79
1,<environment.Job instance at 0x7f646d0ce460>,43,13,[1 7],44,79,92,35,79
1,<environment.Job instance at 0x7f646da7b370>,57,14,[8 1],58,82,96,24,82
1,<environment.Job instance at 0x7f646d34bb90>,49,13,[7 5],50,92,105,42,92
1,<environment.Job instance at 0x7f646d337820>,69,15,[4 9],70,96,111,26,96
1,<environment.Job instance at 0x7f646cc530a0>,2,14,[7 2],3,3,17,0,3
1,<environment.Job instance at 0x7f646cc530f0>,4,14,[7 2],5,5,19,0,5
1,<environment.Job instance at 0x7f646cc532d0>,5,12,[6 1],6,17,29,11,6
1,<environment.Job instance at 0x7f646cc53870>,6,2,[9 2],7,19,21,12,7
1,<environment.Job instance at 0x7f646cc53c30>,7,2,[6 3],8,21,23,13,8
1,<environment.Job instance at 0x7f64764f90a0>,13,12,[ 3 10],14,21,33,7,14
1,<environment.Job instance at 0x7f64764f96e0>,19,2,[5 5],20,29,31,9,20
1,<environment.Job instance at 0x7f646cabcc30>,21,2,[8 4],22,31,33,9,22
1,<environment.Job instance at 0x7f646cabc730>,22,1,[13  4],23,33,34,10,23
1,<environment.Job instance at 0x7f646cabcb40>,23,12,[5 9],24,34,46,10,24
1,<environment.Job instance at 0x7f646cabcaa0>,24,12,[6 4],25,34,46,9,25
1,<environment.Job instance at 0x7f646cabc4b0>,28,2,[8 1],29,46,48,17,29
1,<environment.Job instance at 0x7f646dbb1550>,10,14,[3 8],11,46,60,35,33
1,<environment.Job instance at 0x7f646cabcd20>,31,3,[2 5],32,46,49,14,43
1,<environment.Job instance at 0x7f646cabc6e0>,30,15,[ 2 13],31,60,75,29,47
1,<environment.Job instance at 0x7f646cabc190>,32,2,[1 6],33,49,51,16,47
1,<environment.Job instance at 0x7f646d3a8cd0>,34,25,[6 2],35,51,76,16,49
1,<environment.Job instance at 0x7f646cabc7d0>,26,17,[ 1 12],27,75,92,48,64
1,<environment.Job instance at 0x7f646d3a85f0>,33,16,[11  3],34,76,92,42,64
1,<environment.Job instance at 0x7f646d3a8e10>,38,1,[6 4],39,92,93,53,64
1,<environment.Job instance at 0x7f646d3a8730>,39,1,[11  4],40,93,94,53,65
1,<environment.Job instance at 0x7f646d3a8500>,45,12,[14  3],46,94,106,48,77
1,<environment.Job instance at 0x7f646d3a81e0>,35,17,[13  1],36,106,123,70,96
1,<environment.Job instance at 0x7f646de36af0>,2,14,[7 2],3,3,17,0,3
1,<environment.Job instance at 0x7f646ce003c0>,4,14,[7 2],5,5,19,0,5
1,<environment.Job instance at 0x7f646cf59730>,7,2,[6 3],8,17,19,9,17
1,<environment.Job instance at 0x7f646d8adc80>,6,2,[9 2],7,19,21,12,19
1,<environment.Job instance at 0x7f646d02ac80>,5,12,[6 1],6,19,31,13,19
1,<environment.Job instance at 0x7f646d1debe0>,13,12,[ 3 10],14,21,33,7,21
1,<environment.Job instance at 0x7f646ddccfa0>,12,14,[5 4],13,21,35,8,21
1,<environment.Job instance at 0x7f646cd16320>,16,12,[10  1],17,33,45,16,33
1,<environment.Job instance at 0x7f646cf794b0>,19,2,[5 5],20,35,37,15,35
1,<environment.Job instance at 0x7f646c514870>,10,14,[3 8],11,37,51,26,37
1,<environment.Job instance at 0x7f646dea6aa0>,21,2,[8 4],22,45,47,23,45
1,<environment.Job instance at 0x7f646cb6c690>,24,12,[6 4],25,47,59,22,47
1,<environment.Job instance at 0x7f646dea6d70>,23,12,[5 9],24,51,63,27,51
1,<environment.Job instance at 0x7f646cf9f550>,28,2,[8 1],29,59,61,30,59
1,<environment.Job instance at 0x7f646cd047d0>,31,3,[2 5],32,59,62,27,59
1,<environment.Job instance at 0x7f646cd04aa0>,32,2,[1 6],33,62,64,29,62
1,<environment.Job instance at 0x7f646dec1870>,38,1,[6 4],39,63,64,24,63
1,<environment.Job instance at 0x7f646ddcc7d0>,11,16,[6 5],12,63,79,51,63
1,<environment.Job instance at 0x7f646cf658c0>,18,16,[9 2],19,64,80,45,64
1,<environment.Job instance at 0x7f646dac4910>,44,12,[4 8],45,79,91,34,79
1,<environment.Job instance at 0x7f646c791a50>,9,15,[10  1],10,80,95,70,80
1,<environment.Job instance at 0x7f646c631e10>,47,18,[5 9],48,91,109,43,91
1,<environment.Job instance at 0x7f646d70faa0>,49,14,[7 4],50,95,109,45,95
1,<environment.Job instance at 0x7f646d6c7b90>,1,2,[2 7],2,2,4,0,2
1,<environment.Job instance at 0x7f646d6c7280>,2,1,[11  2],3,3,4,0,3
1,<environment.Job instance at 0x7f646d6c7c80>,3,3,[9 1],4,4,7,0,4
1,<environment.Job instance at 0x7f646cfe0b90>,6,15,[7 1],7,7,22,0,7
1,<environment.Job instance at 0x7f646d3f8aa0>,7,14,[3 8],8,8,22,0,8
1,<environment.Job instance at 0x7f646cfe05f0>,8,12,[5 9],9,22,34,13,9
1,<environment.Job instance at 0x7f646cfe0690>,10,2,[14  2],11,34,36,23,11
1,<environment.Job instance at 0x7f646cfe0730>,11,2,[8 1],12,22,24,10,12
1,<environment.Job instance at 0x7f646d389870>,19,2,[7 5],20,24,26,4,20
1,<environment.Job instance at 0x7f646d389820>,20,1,[8 3],21,26,27,5,21
1,<environment.Job instance at 0x7f646d389460>,21,13,[8 3],22,36,49,14,22
1,<environment.Job instance at 0x7f646d389c80>,23,1,[7 1],24,27,28,3,24
1,<environment.Job instance at 0x7f646d389370>,28,1,[12  5],29,49,50,20,31
1,<environment.Job instance at 0x7f646cc2c0f0>,14,12,[7 5],15,36,48,21,34
1,<environment.Job instance at 0x7f646cd63d20>,29,13,[11  2],30,50,63,20,35
1,<environment.Job instance at 0x7f646cd63a00>,33,3,[ 3 10],34,48,51,14,35
1,<environment.Job instance at 0x7f646cfebe10>,35,14,[2 6],36,51,65,15,36
1,<environment.Job instance at 0x7f646d06ea00>,38,2,[8 5],39,63,65,24,39
1,<environment.Job instance at 0x7f646de0e870>,39,3,[ 3 11],40,65,68,25,40
1,<environment.Job instance at 0x7f646ddaf5f0>,41,3,[1 6],42,51,54,9,42
1,<environment.Job instance at 0x7f646d68dc80>,36,12,[5 1],37,63,75,26,46
1,<environment.Job instance at 0x7f646ddaf8c0>,42,15,[8 1],43,68,83,25,54
1,<environment.Job instance at 0x7f646ddafc80>,45,2,[3 9],46,75,77,29,54
1,<environment.Job instance at 0x7f646d3898c0>,16,14,[13  2],17,83,97,66,68
1,<environment.Job instance at 0x7f646d3acaa0>,25,23,[ 2 12],26,77,100,51,76
1,<environment.Job instance at 0x7f646d4c9640>,51,1,[10  1],52,97,98,45,82
1,<environment.Job instance at 0x7f646d4c9910>,52,1,[10  1],53,98,99,45,82
1,<environment.Job instance at 0x7f646d4c9a00>,57,13,[7 2],58,99,112,41,83
1,<environment.Job instance at 0x7f646d0a37d0>,65,12,[9 1],66,112,124,46,95
1,<environment.Job instance at 0x7f646d0a3eb0>,67,3,[ 2 11],68,100,103,32,95
1,<environment.Job instance at 0x7f646c6b7be0>,64,16,[4 7],65,103,119,38,95
1,<environment.Job instance at 0x7f646c74f960>,71,2,[12  1],72,124,126,52,97
1,<environment.Job instance at 0x7f646d417960>,1,2,[2 7],2,2,4,0,2
1,<environment.Job instance at 0x7f646d41c5a0>,3,3,[9 1],4,4,7,0,4
1,<environment.Job instance at 0x7f646d23f410>,4,16,[4 9],5,5,21,0,5
1,<environment.Job instance at 0x7f646dd4ef00>,6,15,[7 1],7,7,22,0,7
1,<environment.Job instance at 0x7f646c74fe10>,11,2,[8 1],12,21,23,9,21
1,<environment.Job instance at 0x7f646dd4eb40>,8,12,[5 9],9,22,34,13,22
1,<environment.Job instance at 0x7f646d6d4b90>,14,12,[7 5],15,23,35,8,23
1,<environment.Job instance at 0x7f646c936050>,7,14,[3 8],8,34,48,26,34
1,<environment.Job instance at 0x7f646cf09190>,19,2,[7 5],20,35,37,15,35
1,<environment.Job instance at 0x7f646cf09550>,20,1,[8 3],21,37,38,16,37
1,<environment.Job instance at 0x7f646cd223c0>,21,13,[8 3],22,38,51,16,38
1,<environment.Job instance at 0x7f646d753190>,9,18,[5 9],10,48,66,38,48
1,<environment.Job instance at 0x7f646d70fa00>,23,1,[7 1],24,51,52,27,51
1,<environment.Job instance at 0x7f646dac4a50>,26,14,[9 5],27,52,66,25,52
1,<environment.Job instance at 0x7f646cf09aa0>,15,16,[8 4],16,66,82,50,66
1,<environment.Job instance at 0x7f646c791a50>,32,17,[4 7],33,66,83,33,66
1,<environment.Job instance at 0x7f646d70f460>,22,17,[8 5],23,82,99,59,82
1,<environment.Job instance at 0x7f646d91eb40>,33,3,[ 3 10],34,83,86,49,83
1,<environment.Job instance at 0x7f646d8ad780>,35,14,[2 6],36,86,100,50,86
1,<environment.Job instance at 0x7f646de36140>,36,12,[5 1],37,86,98,49,86
1,<environment.Job instance at 0x7f646d3f8d20>,38,2,[8 5],39,99,101,60,99
1,<environment.Job instance at 0x7f646d41caa0>,0,2,[1 5],1,1,3,0,1
1,<environment.Job instance at 0x7f646d41cc80>,2,17,[3 7],3,3,20,0,3
1,<environment.Job instance at 0x7f646d41c320>,3,3,[10  2],4,4,7,0,4
1,<environment.Job instance at 0x7f646d41c370>,4,14,[7 5],5,7,21,2,5
1,<environment.Job instance at 0x7f646d7935f0>,13,1,[5 6],14,20,21,6,14
1,<environment.Job instance at 0x7f646d793910>,14,12,[8 3],15,21,33,6,15
1,<environment.Job instance at 0x7f6476600d20>,19,13,[9 1],20,33,46,13,20
1,<environment.Job instance at 0x7f646ccadeb0>,24,12,[3 5],25,25,37,0,25
1,<environment.Job instance at 0x7f646d468050>,23,20,[10  3],24,46,66,22,39
1,<environment.Job instance at 0x7f646ccd9640>,28,2,[9 4],29,66,68,37,39
1,<environment.Job instance at 0x7f646de37500>,34,2,[ 5 12],35,68,70,33,67
1,<environment.Job instance at 0x7f646de37b90>,36,3,[9 2],37,68,71,31,68
1,<environment.Job instance at 0x7f646de37fa0>,37,2,[ 4 14],38,71,73,33,68
1,<environment.Job instance at 0x7f646cd06050>,0,2,[1 5],1,1,3,0,1
1,<environment.Job instance at 0x7f646cd06370>,2,17,[3 7],3,3,20,0,3
1,<environment.Job instance at 0x7f646cab6eb0>,3,3,[10  2],4,4,7,0,4
1,<environment.Job instance at 0x7f646cd06c30>,4,14,[7 5],5,7,21,2,7
1,<environment.Job instance at 0x7f646d9fc230>,9,14,[ 1 10],10,20,34,10,20
1,<environment.Job instance at 0x7f646d9fcb90>,12,16,[7 5],13,21,37,8,21
1,<environment.Job instance at 0x7f646dc67820>,13,1,[5 6],14,34,35,20,34
1,<environment.Job instance at 0x7f646cb647d0>,14,12,[8 3],15,35,47,20,35
1,<environment.Job instance at 0x7f646dc67c30>,16,3,[6 3],17,37,40,20,37
1,<environment.Job instance at 0x7f646d9fc0f0>,7,18,[2 9],8,40,58,32,40
1,<environment.Job instance at 0x7f646d9fcfa0>,11,18,[5 2],12,40,58,28,40
1,<environment.Job instance at 0x7f646dc6a910>,28,2,[9 4],29,58,60,29,58
1,<environment.Job instance at 0x7f646d9d8be0>,24,12,[3 5],25,58,70,33,58
1,<environment.Job instance at 0x7f646dc4e2d0>,36,3,[9 2],37,60,63,23,60
1,<environment.Job instance at 0x7f646dc70dc0>,19,13,[9 1],20,63,76,43,63
1,<environment.Job instance at 0x7f646dc4ed20>,33,14,[6 3],34,70,84,36,70
1,<environment.Job instance at 0x7f646dc4ec30>,32,14,[5 9],33,76,90,43,76
1,<environment.Job instance at 0x7f646dc47320>,46,14,[9 5],47,84,98,37,84
1,<environment.Job instance at 0x7f646d9dcdc0>,40,17,[5 1],41,90,107,49,90
1,<environment.Job instance at 0x7f646dc47d20>,47,14,[8 5],48,98,112,50,98
1,<environment.Job instance at 0x7f646dc474b0>,50,17,[1 5],51,98,115,47,98
1,<environment.Job instance at 0x7f646d651370>,6,14,[3 9],7,10,24,3,10
1,<environment.Job instance at 0x7f646d651b90>,9,12,[ 1 12],10,24,36,14,10
1,<environment.Job instance at 0x7f646d651910>,14,12,[9 2],15,15,27,0,15
1,<environment.Job instance at 0x7f646d6512d0>,13,1,[9 3],14,27,28,13,16
1,<environment.Job instance at 0x7f646d64e1e0>,17,2,[1 8],18,36,38,18,18
1,<environment.Job instance at 0x7f646d64e6e0>,20,12,[11  2],21,28,40,7,22
1,<environment.Job instance at 0x7f646d64efa0>,22,15,[3 6],23,38,53,15,24
1,<environment.Job instance at 0x7f646d64edc0>,23,15,[1 7],24,38,53,14,26
1,<environment.Job instance at 0x7f646d64ecd0>,26,13,[14  2],27,53,66,26,37
1,<environment.Job instance at 0x7f646d64eb90>,29,1,[1 6],30,53,54,23,42
1,<environment.Job instance at 0x7f646cd06410>,6,14,[3 9],7,7,21,0,7
1,<environment.Job instance at 0x7f646cb72960>,7,12,[10  1],8,8,20,0,8
1,<environment.Job instance at 0x7f646cce7e60>,13,1,[9 3],14,20,21,6,20
1,<environment.Job instance at 0x7f646d0e5f00>,17,2,[1 8],18,21,23,3,21
1,<environment.Job instance at 0x7f646cce74b0>,14,12,[9 2],15,21,33,6,21
1,<environment.Job instance at 0x7f646d03b4b0>,22,15,[3 6],23,23,38,0,23
1,<environment.Job instance at 0x7f646caa5b90>,23,15,[1 7],24,24,39,0,24
1,<environment.Job instance at 0x7f646cd03730>,29,1,[1 6],30,38,39,8,38
1,<environment.Job instance at 0x7f646d38ab90>,31,13,[1 9],32,39,52,7,39
1,<environment.Job instance at 0x7f646d38a6e0>,32,12,[5 2],33,39,51,6,39
1,<environment.Job instance at 0x7f646d0e5d20>,19,16,[7 4],20,39,55,19,39
1,<environment.Job instance at 0x7f646d8e7500>,33,18,[7 1],34,51,69,17,51
1,<environment.Job instance at 0x7f646cce71e0>,11,16,[ 1 10],12,52,68,40,52
1,<environment.Job instance at 0x7f646cea4d70>,34,3,[7 5],35,68,71,33,68
1,<environment.Job instance at 0x7f646d3c20a0>,39,13,[1 9],40,68,81,28,68
1,<environment.Job instance at 0x7f646cec0d70>,43,16,[9 3],44,72,88,28,72
1,<environment.Job instance at 0x7f646cec0640>,41,3,[2 7],42,81,84,39,81
1,<environment.Job instance at 0x7f646ca87910>,48,14,[3 5],49,81,95,32,81
1,<environment.Job instance at 0x7f646ccf3c80>,52,16,[2 7],53,84,100,31,84
1,<environment.Job instance at 0x7f646ce0f0a0>,45,22,[6 3],46,88,110,42,88
1,<environment.Job instance at 0x7f646d601780>,4,20,[6 2],5,5,25,0,5
1,<environment.Job instance at 0x7f646d60c690>,6,15,[3 6],7,7,22,0,7
1,<environment.Job instance at 0x7f646d2aaaa0>,9,14,[6 1],10,10,24,0,10
1,<environment.Job instance at 0x7f646d2aa6e0>,10,2,[14  5],11,25,27,14,11
1,<environment.Job instance at 0x7f646d39cc80>,13,3,[10  1],14,27,30,13,14
1,<environment.Job instance at 0x7f64764e4c80>,14,15,[7 2],15,30,45,15,16
1,<environment.Job instance at 0x7f64764e41e0>,17,22,[1 5],18,22,44,4,18
1,<environment.Job instance at 0x7f646d2978c0>,1,20,[8 3],2,2,22,0,2
1,<environment.Job instance at 0x7f646d297aa0>,2,22,[5 2],3,3,25,0,3
1,<environment.Job instance at 0x7f646d383690>,13,3,[10  1],14,22,25,8,22
1,<environment.Job instance at 0x7f646d3838c0>,15,1,[5 1],16,25,26,9,25
1,<environment.Job instance at 0x7f646c5d00a0>,20,3,[6 1],21,25,28,4,25
1,<environment.Job instance at 0x7f646ce0fa00>,21,3,[1 6],22,25,28,3,25
1,<environment.Job instance at 0x7f646d297b90>,6,15,[3 6],7,25,40,18,25
1,<environment.Job instance at 0x7f646d383b90>,9,14,[6 1],10,28,42,18,28
1,<environment.Job instance at 0x7f646d3c23c0>,26,15,[6 5],27,28,43,1,28
1,<environment.Job instance at 0x7f646d38aa50>,35,2,[7 1],36,42,44,6,42
1,<environment.Job instance at 0x7f646d2aa500>,39,3,[2 6],40,43,46,3,43
1,<environment.Job instance at 0x7f6476828870>,41,2,[10  3],42,44,46,2,44
1,<environment.Job instance at 0x7f646d60c370>,42,1,[5 2],43,46,47,3,46
1,<environment.Job instance at 0x7f646d8e7c80>,29,15,[ 2 10],30,46,61,16,46
1,<environment.Job instance at 0x7f646d383780>,14,15,[7 2],15,46,61,31,46
1,<environment.Job instance at 0x7f646dba6fa0>,45,3,[9 1],46,61,64,15,61
1,<environment.Job instance at 0x7f646d7ae690>,51,1,[2 5],52,61,62,9,61
1,<environment.Job instance at 0x7f646d7aeaa0>,50,13,[3 9],51,61,74,10,61
1,<environment.Job instance at 0x7f646d7b83c0>,55,1,[1 5],56,62,63,6,62
1,<environment.Job instance at 0x7f646d8e7500>,31,17,[10  3],32,64,81,32,64
1,<environment.Job instance at 0x7f646d7ae730>,52,13,[3 7],53,74,87,21,74
1,<environment.Job instance at 0x7f646d7b8780>,59,2,[3 7],60,81,83,21,81
1,<environment.Job instance at 0x7f646d601eb0>,43,15,[4 7],44,83,98,39,83
1,<environment.Job instance at 0x7f646d7b8820>,61,14,[9 5],62,87,101,25,87
1,<environment.Job instance at 0x7f646d70d730>,62,14,[6 1],63,98,112,35,98
1,<environment.Job instance at 0x7f646cf50280>,0,15,[7 2],1,1,16,0,1
1,<environment.Job instance at 0x7f646c935230>,8,3,[14  3],9,16,19,7,9
1,<environment.Job instance at 0x7f646c935b90>,9,3,[1 5],10,10,13,0,10
1,<environment.Job instance at 0x7f646c95f690>,11,3,[ 4 10],12,13,16,1,12
1,<environment.Job instance at 0x7f646c95faf0>,13,2,[9 2],14,19,21,5,14
1,<environment.Job instance at 0x7f646c95feb0>,14,3,[6 2],15,19,22,4,15
1,<environment.Job instance at 0x7f646c95f190>,16,3,[13  3],17,22,25,5,17
1,<environment.Job instance at 0x7f646cf552d0>,17,1,[ 4 14],18,25,26,7,18
1,<environment.Job instance at 0x7f646c9407d0>,21,14,[9 2],22,26,40,4,22
1,<environment.Job instance at 0x7f646c940500>,23,1,[ 5 13],24,26,27,2,24
1,<environment.Job instance at 0x7f646c940410>,32,16,[5 1],33,38,54,5,38
1,<environment.Job instance at 0x7f646c935410>,3,17,[3 9],4,40,57,36,38
1,<environment.Job instance at 0x7f646c937b40>,35,3,[2 7],36,57,60,21,38
1,<environment.Job instance at 0x7f646c937780>,37,1,[9 1],38,54,55,16,38
1,<environment.Job instance at 0x7f646c937fa0>,34,13,[5 2],35,55,68,20,47
1,<environment.Job instance at 0x7f646d590b40>,39,3,[ 3 11],40,60,63,20,47
1,<environment.Job instance at 0x7f646d590c80>,38,24,[7 1],39,87,111,48,87
1,<environment.Job instance at 0x7f646daec690>,0,15,[7 2],1,1,16,0,1
1,<environment.Job instance at 0x7f646c4b6fa0>,3,17,[3 9],4,4,21,0,4
1,<environment.Job instance at 0x7f646c4d4370>,9,3,[1 5],10,16,19,6,16
1,<environment.Job instance at 0x7f646c4b60a0>,6,12,[10  5],7,19,31,12,19
1,<environment.Job instance at 0x7f646c4d4550>,11,3,[ 4 10],12,21,24,9,21
1,<environment.Job instance at 0x7f646c4d4c80>,12,17,[4 9],13,24,41,11,24
1,<environment.Job instance at 0x7f646c4d4af0>,13,2,[9 2],14,31,33,17,31
1,<environment.Job instance at 0x7f646c4d4d20>,14,3,[6 2],15,33,36,18,33
1,<environment.Job instance at 0x7f646d954820>,21,14,[9 2],22,36,50,14,36
1,<environment.Job instance at 0x7f646d954a00>,19,15,[1 9],20,41,56,21,41
1,<environment.Job instance at 0x7f646c4b65f0>,1,16,[10  4],2,50,66,48,50
1,<environment.Job instance at 0x7f646c4a5730>,27,15,[4 9],28,56,71,28,56
1,<environment.Job instance at 0x7f646c4a5af0>,28,15,[1 6],29,66,81,37,66
1,<environment.Job instance at 0x7f646d971140>,33,15,[9 3],34,71,86,37,71
1,<environment.Job instance at 0x7f646d9718c0>,34,13,[5 2],35,71,84,36,71
1,<environment.Job instance at 0x7f646d971a50>,35,3,[2 7],36,84,87,48,84
1,<environment.Job instance at 0x7f646d971fa0>,37,1,[9 1],38,86,87,48,86
1,<environment.Job instance at 0x7f646d954d20>,22,15,[3 7],23,86,101,63,86
1,<environment.Job instance at 0x7f646d986a50>,41,12,[5 8],42,87,99,45,87
1,<environment.Job instance at 0x7f646db15b90>,52,3,[4 8],53,99,102,46,99
1,<environment.Job instance at 0x7f646de02190>,1,1,[13  2],2,2,3,0,2
1,<environment.Job instance at 0x7f646de02730>,3,16,[5 2],4,4,20,0,4
1,<environment.Job instance at 0x7f646de024b0>,5,2,[8 3],6,6,8,0,6
1,<environment.Job instance at 0x7f646de025a0>,6,14,[3 5],7,8,22,1,7
1,<environment.Job instance at 0x7f646de02320>,7,3,[ 4 10],8,20,23,12,8
1,<environment.Job instance at 0x7f646c8fcd20>,10,3,[5 1],11,11,14,0,11
1,<environment.Job instance at 0x7f646c935960>,14,1,[ 3 14],15,23,24,8,15
1,<environment.Job instance at 0x7f646c935d20>,16,15,[7 1],17,22,37,5,17
1,<environment.Job instance at 0x7f646c9351e0>,19,1,[5 1],20,24,25,4,20
1,<environment.Job instance at 0x7f646c935280>,21,1,[ 5 13],22,25,26,3,22
1,<environment.Job instance at 0x7f646c6d84b0>,24,18,[ 2 10],25,26,44,1,26
1,<environment.Job instance at 0x7f646c6d8730>,25,15,[2 5],26,37,52,11,28
1,<environment.Job instance at 0x7f646c6d8280>,28,2,[7 4],29,44,46,15,29
1,<environment.Job instance at 0x7f646de02780>,0,18,[10  5],1,1,19,0,1
1,<environment.Job instance at 0x7f646c57dbe0>,3,16,[5 2],4,4,20,0,4
1,<environment.Job instance at 0x7f646c57d690>,5,2,[8 3],6,19,21,13,19
1,<environment.Job instance at 0x7f646c929870>,7,3,[ 4 10],8,20,23,12,20
1,<environment.Job instance at 0x7f646c929690>,10,3,[5 1],11,21,24,10,21
1,<environment.Job instance at 0x7f646c9298c0>,6,14,[3 5],7,23,37,16,23
1,<environment.Job instance at 0x7f646c929a00>,12,14,[2 9],13,23,37,10,23
1,<environment.Job instance at 0x7f646c9293c0>,9,15,[10  1],10,24,39,14,24
1,<environment.Job instance at 0x7f646c9292d0>,15,15,[ 1 10],16,37,52,21,37
1,<environment.Job instance at 0x7f646c95f960>,19,1,[5 1],20,39,40,19,39
1,<environment.Job instance at 0x7f646c9294b0>,16,15,[7 1],17,39,54,22,39
1,<environment.Job instance at 0x7f646c95f5f0>,17,16,[8 4],18,52,68,34,52
1,<environment.Job instance at 0x7f646c95fbe0>,25,15,[2 5],26,54,69,28,54
1,<environment.Job instance at 0x7f646c95fe10>,18,17,[5 5],19,54,71,35,54
1,<environment.Job instance at 0x7f646c937730>,26,15,[7 2],27,68,83,41,68
1,<environment.Job instance at 0x7f646c95ff00>,23,18,[2 5],24,69,87,45,69
1,<environment.Job instance at 0x7f646d8b9cd0>,34,2,[ 2 10],35,83,85,48,83
1,<environment.Job instance at 0x7f646c937cd0>,28,2,[7 4],29,85,87,56,85
1,<environment.Job instance at 0x7f646d8b9a50>,38,14,[4 5],39,85,99,46,85
1,<environment.Job instance at 0x7f646ce60460>,45,1,[6 4],46,87,88,41,87
1,<environment.Job instance at 0x7f646ce600a0>,46,13,[5 2],47,87,100,40,87
1,<environment.Job instance at 0x7f646ce60190>,44,17,[2 8],45,88,105,43,88
1,<environment.Job instance at 0x7f646ca60e10>,5,3,[1 8],6,7,10,1,7
1,<environment.Job instance at 0x7f646ca60230>,7,2,[5 7],8,8,10,0,8
1,<environment.Job instance at 0x7f646ca60870>,4,17,[ 4 10],5,10,27,5,9
1,<environment.Job instance at 0x7f646ca60d20>,9,15,[4 5],10,10,25,0,10
1,<environment.Job instance at 0x7f646ca60aa0>,10,3,[1 6],11,27,30,16,11
1,<environment.Job instance at 0x7f646ca602d0>,11,15,[6 2],12,25,40,13,12
1,<environment.Job instance at 0x7f646ca60140>,12,3,[10  5],13,40,43,27,14
1,<environment.Job instance at 0x7f646de4ac80>,15,12,[ 1 14],16,43,55,27,28
1,<environment.Job instance at 0x7f646de4a820>,17,15,[5 4],18,28,43,10,28
1,<environment.Job instance at 0x7f646ca60910>,6,22,[13  1],7,43,65,36,36
1,<environment.Job instance at 0x7f646de4a2d0>,31,1,[9 4],32,65,66,33,39
1,<environment.Job instance at 0x7f64764a0a50>,37,1,[5 1],38,65,66,27,39
1,<environment.Job instance at 0x7f646d2a6c80>,43,1,[7 3],44,66,67,22,49
1,<environment.Job instance at 0x7f646d2a61e0>,42,14,[ 2 12],43,66,80,23,52
1,<environment.Job instance at 0x7f646d53cfa0>,45,16,[2 6],46,80,96,34,67
1,<environment.Job instance at 0x7f646d53c460>,47,19,[4 7],48,80,99,32,72
1,<environment.Job instance at 0x7f646ca85460>,49,14,[1 9],50,99,113,49,84
1,<environment.Job instance at 0x7f646c929280>,2,22,[5 4],3,3,25,0,3
1,<environment.Job instance at 0x7f646c929d20>,3,19,[7 5],4,4,23,0,4
1,<environment.Job instance at 0x7f646c929190>,10,3,[1 6],11,11,14,0,11
1,<environment.Job instance at 0x7f646c9298c0>,7,2,[5 7],8,23,25,15,23
1,<environment.Job instance at 0x7f646c929e10>,5,3,[1 8],6,25,28,19,25
1,<environment.Job instance at 0x7f646de02230>,12,3,[10  5],13,25,28,12,25
1,<environment.Job instance at 0x7f646de4a910>,19,12,[6 2],20,28,40,8,28
1,<environment.Job instance at 0x7f646ca850f0>,17,15,[5 4],18,28,43,10,28
1,<environment.Job instance at 0x7f646c929a00>,9,15,[4 5],10,28,43,18,28
1,<environment.Job instance at 0x7f646de02460>,11,15,[6 2],12,40,55,28,40
1,<environment.Job instance at 0x7f646c6a4af0>,21,12,[8 4],22,43,55,21,43
1,<environment.Job instance at 0x7f646c8cf140>,29,14,[5 7],30,55,69,25,55
1,<environment.Job instance at 0x7f646c8cf460>,31,1,[9 4],32,55,56,23,55
1,<environment.Job instance at 0x7f646c6a49b0>,20,15,[7 1],21,56,71,35,56
1,<environment.Job instance at 0x7f646c8cf320>,32,16,[3 5],33,56,72,23,56
1,<environment.Job instance at 0x7f646c8cfa50>,33,12,[10  5],34,71,83,37,71
1,<environment.Job instance at 0x7f646c8cfe60>,37,1,[5 1],38,72,73,34,72
1,<environment.Job instance at 0x7f646c929aa0>,4,17,[ 4 10],5,73,90,68,73
1,<environment.Job instance at 0x7f646cf0d690>,43,1,[7 3],44,83,84,39,83
1,<environment.Job instance at 0x7f646c8cfb40>,28,15,[6 1],29,84,99,55,84
1,<environment.Job instance at 0x7f646cf0d050>,49,14,[1 9],50,90,104,40,90
1,<environment.Job instance at 0x7f646c8cfc30>,30,15,[6 2],31,90,105,59,90
1,<environment.Job instance at 0x7f646c8cf230>,41,16,[8 1],42,99,115,57,99
1,<environment.Job instance at 0x7f646c937dc0>,3,2,[ 4 10],4,4,6,0,4
1,<environment.Job instance at 0x7f646cd45820>,4,1,[14  4],5,6,7,1,6
1,<environment.Job instance at 0x7f646cd55410>,7,3,[7 3],8,8,11,0,8
1,<environment.Job instance at 0x7f646cd55460>,11,14,[7 5],12,12,26,0,12
1,<environment.Job instance at 0x7f646cd627d0>,12,1,[2 6],13,13,14,0,13
1,<environment.Job instance at 0x7f646cd62870>,14,14,[8 5],15,15,29,0,15
1,<environment.Job instance at 0x7f646d190550>,18,3,[ 4 13],19,29,32,10,25
1,<environment.Job instance at 0x7f646cd31b40>,21,12,[13  1],22,41,53,19,41
1,<environment.Job instance at 0x7f646cd31690>,22,13,[5 9],23,70,83,47,70
1,<environment.Job instance at 0x7f646cd3ee60>,23,13,[ 4 13],24,83,96,59,80
1,<environment.Job instance at 0x7f646cd620f0>,17,13,[5 9],18,96,109,78,80
1,<environment.Job instance at 0x7f646ca1aaf0>,25,15,[5 1],26,80,95,54,80
1,<environment.Job instance at 0x7f646d190aa0>,20,14,[4 6],21,96,110,75,91
1,<environment.Job instance at 0x7f646ca1ae60>,26,12,[2 7],27,109,121,82,93
1,<environment.Job instance at 0x7f646dc92640>,2,19,[8 4],3,3,22,0,3
1,<environment.Job instance at 0x7f646dc92370>,3,2,[ 4 10],4,4,6,0,4
1,<environment.Job instance at 0x7f646dc92410>,5,12,[3 8],6,6,18,0,6
1,<environment.Job instance at 0x7f646dc852d0>,12,1,[2 6],13,18,19,5,18
1,<environment.Job instance at 0x7f646dc92550>,7,3,[7 3],8,19,22,11,19
1,<environment.Job instance at 0x7f646dc85410>,14,14,[8 5],15,22,36,7,22
1,<environment.Job instance at 0x7f646dc85dc0>,17,13,[5 9],18,22,35,4,22
1,<environment.Job instance at 0x7f646dc92910>,11,14,[7 5],12,35,49,23,35
1,<environment.Job instance at 0x7f646dc851e0>,20,14,[4 6],21,36,50,15,36
1,<environment.Job instance at 0x7f646c4bf1e0>,22,13,[5 9],23,49,62,26,49
1,<environment.Job instance at 0x7f646c4bfeb0>,25,15,[5 1],26,50,65,24,50
1,<environment.Job instance at 0x7f646c4bfcd0>,26,12,[2 7],27,62,74,35,62
1,<environment.Job instance at 0x7f646c4bfbe0>,19,17,[7 5],20,62,79,42,62
1,<environment.Job instance at 0x7f646dc92f00>,6,17,[3 9],7,74,91,67,74
1,<environment.Job instance at 0x7f646cf0dc30>,32,15,[2 6],33,79,94,46,79
1,<environment.Job instance at 0x7f646dc85370>,13,15,[10  2],14,91,106,77,91
1,<environment.Job instance at 0x7f646c4bf320>,29,17,[1 8],30,94,111,64,94
1,<environment.Job instance at 0x7f646de7b550>,2,1,[9 3],3,8,9,5,8
1,<environment.Job instance at 0x7f646de7b140>,6,19,[8 2],7,9,28,2,9
1,<environment.Job instance at 0x7f646de7bb40>,9,14,[7 1],10,10,24,0,10
1,<environment.Job instance at 0x7f646de7bf50>,8,20,[9 1],9,28,48,19,19
1,<environment.Job instance at 0x7f646de7bc30>,7,13,[11  3],8,48,61,40,45
1,<environment.Job instance at 0x7f646cc915a0>,16,14,[11  2],17,61,75,44,49
1,<environment.Job instance at 0x7f646cc91320>,17,17,[2 5],18,52,69,34,52
1,<environment.Job instance at 0x7f646cc91960>,18,18,[1 7],19,52,70,33,52
1,<environment.Job instance at 0x7f646cc91050>,19,13,[ 1 13],20,70,83,50,65
1,<environment.Job instance at 0x7f646cc91d20>,20,14,[7 4],21,83,97,62,68
1,<environment.Job instance at 0x7f646cc91c80>,21,17,[ 4 10],22,83,100,61,78
1,<environment.Job instance at 0x7f646cc91c30>,22,1,[6 3],23,97,98,74,81
1,<environment.Job instance at 0x7f646cc91aa0>,23,2,[ 4 11],24,100,102,76,82
1,<environment.Job instance at 0x7f646de7b730>,11,16,[5 5],12,102,118,90,89
1,<environment.Job instance at 0x7f646cd3e410>,0,17,[3 6],1,1,18,0,1
1,<environment.Job instance at 0x7f646cd62f50>,2,1,[9 3],3,3,4,0,3
1,<environment.Job instance at 0x7f646ca85820>,6,19,[8 2],7,7,26,0,7
1,<environment.Job instance at 0x7f646c6a4af0>,9,14,[7 1],10,18,32,8,18
1,<environment.Job instance at 0x7f646c4bf820>,11,16,[5 5],12,26,42,14,26
1,<environment.Job instance at 0x7f646c4bf7d0>,17,17,[2 5],18,26,43,8,26
1,<environment.Job instance at 0x7f646c4bfcd0>,20,14,[7 4],21,32,46,11,32
1,<environment.Job instance at 0x7f646de777d0>,22,1,[6 3],23,42,43,19,42
1,<environment.Job instance at 0x7f646cd62b90>,1,17,[ 4 10],2,43,60,41,43
1,<environment.Job instance at 0x7f646de7beb0>,28,2,[10  1],29,46,48,17,46
1,<environment.Job instance at 0x7f646da88910>,29,13,[6 1],30,48,61,18,48
1,<environment.Job instance at 0x7f646de7be10>,27,15,[5 1],28,48,63,20,48
1,<environment.Job instance at 0x7f646c56bcd0>,30,12,[ 4 10],31,60,72,29,60
1,<environment.Job instance at 0x7f646c56bbe0>,31,17,[6 1],32,61,78,29,61
1,<environment.Job instance at 0x7f646d1a0b90>,25,18,[5 3],26,63,81,37,63
1,<environment.Job instance at 0x7f646c56b460>,35,14,[4 7],36,72,86,36,72
1,<environment.Job instance at 0x7f646c61c820>,41,1,[9 5],42,81,82,39,81
1,<environment.Job instance at 0x7f646c56b550>,36,1,[10  5],37,83,84,46,83
1,<environment.Job instance at 0x7f646c56bf50>,33,15,[5 8],34,84,99,50,84
1,<environment.Job instance at 0x7f646c61c1e0>,48,18,[5 5],49,86,104,37,86
1,<environment.Job instance at 0x7f646d2434b0>,1,14,[1 9],2,2,16,0,2
1,<environment.Job instance at 0x7f646cbcdf50>,4,3,[5 7],5,16,19,11,5
1,<environment.Job instance at 0x7f646cc87230>,11,3,[5 6],12,12,15,0,12
1,<environment.Job instance at 0x7f646cc872d0>,12,17,[5 2],13,15,32,2,13
1,<environment.Job instance at 0x7f646cc92f00>,8,17,[1 6],9,16,33,7,14
1,<environment.Job instance at 0x7f646cc87500>,14,1,[ 4 12],15,33,34,18,15
1,<environment.Job instance at 0x7f646cc87780>,16,2,[6 5],17,19,21,2,17
1,<environment.Job instance at 0x7f646cc875f0>,15,18,[1 5],16,34,52,18,23
1,<environment.Job instance at 0x7f646cc87960>,19,16,[4 7],20,34,50,14,23
1,<environment.Job instance at 0x7f646cc87f00>,29,2,[8 1],30,32,34,2,32
1,<environment.Job instance at 0x7f646cc87fa0>,30,3,[ 5 14],31,52,55,21,32
1,<environment.Job instance at 0x7f646cc7e780>,39,1,[ 2 14],40,55,56,15,40
1,<environment.Job instance at 0x7f646cc87dc0>,27,18,[3 8],28,56,74,28,49
1,<environment.Job instance at 0x7f646cc87e60>,28,22,[3 6],29,56,78,27,49
1,<environment.Job instance at 0x7f646cc7eaa0>,42,18,[1 6],43,74,92,31,63
1,<environment.Job instance at 0x7f646cc7ec80>,45,16,[4 6],46,78,94,32,65
1,<environment.Job instance at 0x7f646cc7ee60>,48,3,[11  3],49,74,77,25,66
1,<environment.Job instance at 0x7f646cc90320>,53,12,[5 6],54,92,104,38,75
1,<environment.Job instance at 0x7f646cc7ed20>,46,20,[8 2],47,94,114,47,90
1,<environment.Job instance at 0x7f646cc878c0>,18,17,[ 3 12],19,104,121,85,94
1,<environment.Job instance at 0x7f646d9e14b0>,0,17,[5 7],1,1,18,0,1
1,<environment.Job instance at 0x7f646cc93730>,3,15,[9 4],4,4,19,0,4
1,<environment.Job instance at 0x7f646cc93b40>,4,3,[5 7],5,18,21,13,18
1,<environment.Job instance at 0x7f646cc938c0>,11,3,[5 6],12,19,22,7,19
1,<environment.Job instance at 0x7f646de86320>,12,17,[5 2],13,19,36,6,19
1,<environment.Job instance at 0x7f646cc93a00>,8,17,[1 6],9,21,38,12,21
1,<environment.Job instance at 0x7f646cc930f0>,7,17,[9 3],8,22,39,14,22
1,<environment.Job instance at 0x7f646de866e0>,15,18,[1 5],16,36,54,20,36
1,<environment.Job instance at 0x7f646de86a00>,16,2,[6 5],17,39,41,22,39
1,<environment.Job instance at 0x7f646de86e60>,17,17,[8 2],18,39,56,21,39
1,<environment.Job instance at 0x7f646de86c30>,24,13,[5 8],25,41,54,16,41
1,<environment.Job instance at 0x7f646de86960>,22,13,[7 3],23,54,67,31,54
1,<environment.Job instance at 0x7f646d148dc0>,29,2,[8 1],30,56,58,26,56
1,<environment.Job instance at 0x7f646cc93500>,1,14,[1 9],2,59,73,57,59
1,<environment.Job instance at 0x7f646d148a00>,33,17,[7 2],34,59,76,25,59
1,<environment.Job instance at 0x7f646de86690>,19,16,[4 7],20,73,89,53,73
1,<environment.Job instance at 0x7f646cc930a0>,9,12,[10  1],10,76,88,66,76
1,<environment.Job instance at 0x7f646d1488c0>,34,18,[1 8],35,88,106,53,88
1,<environment.Job instance at 0x7f646d148910>,41,20,[10  5],42,90,110,48,90
1,<environment.Job instance at 0x7f5c84f51b90>,4,14,[1 6],5,6,20,1,6
1,<environment.Job instance at 0x7f5c84f51cd0>,6,20,[6 1],7,7,27,0,7
1,<environment.Job instance at 0x7f5c84f51dc0>,11,1,[8 5],12,13,14,1,13
1,<environment.Job instance at 0x7f5c8e59b8c0>,5,24,[1 5],6,14,38,8,14
1,<environment.Job instance at 0x7f5c84f55460>,14,13,[7 3],15,17,30,2,17
1,<environment.Job instance at 0x7f5c84f55500>,16,16,[3 5],17,27,43,10,22
1,<environment.Job instance at 0x7f5c84f615a0>,2,22,[4 8],3,3,25,0,3
1,<environment.Job instance at 0x7f5c84f617d0>,4,14,[1 6],5,5,19,0,5
1,<environment.Job instance at 0x7f5c84f51960>,6,20,[6 1],7,7,27,0,7
1,<environment.Job instance at 0x7f5c84f61d20>,11,1,[8 5],12,25,26,13,25
1,<environment.Job instance at 0x7f5c850f2460>,21,1,[6 5],22,26,27,4,26
1,<environment.Job instance at 0x7f5c850f2910>,22,1,[2 7],23,26,27,3,26
1,<environment.Job instance at 0x7f5c84f61cd0>,12,13,[10  2],13,27,40,14,27
1,<environment.Job instance at 0x7f5c84f4c550>,16,16,[3 5],17,27,43,10,27
1,<environment.Job instance at 0x7f5c84f895f0>,15,18,[2 8],16,27,45,11,27
1,<environment.Job instance at 0x7f5c84f82b40>,14,13,[7 3],15,43,56,28,43
1,<environment.Job instance at 0x7f5c85015e60>,35,2,[1 8],36,45,47,9,45
1,<environment.Job instance at 0x7f5c85075f50>,34,16,[2 8],35,47,63,12,47
1,<environment.Job instance at 0x7f5c850156e0>,36,15,[9 5],37,56,71,19,56
1,<environment.Job instance at 0x7f5c850f9d70>,46,13,[6 5],47,63,76,16,63
1,<environment.Job instance at 0x7f5c84fdcdc0>,27,18,[1 8],28,71,89,43,71
1,<environment.Job instance at 0x7f5c850611e0>,49,15,[10  1],50,76,91,26,76
1,<environment.Job instance at 0x7f5c850544b0>,54,17,[5 7],55,90,107,35,90
1,<environment.Job instance at 0x7f5c850713c0>,41,15,[10  3],42,91,106,49,91
1,<environment.Job instance at 0x7f5c8505deb0>,57,17,[8 5],58,106,123,48,106
1,<environment.Job instance at 0x7f5c85013e10>,59,14,[2 7],60,107,121,47,107
1,<environment.Job instance at 0x7f5c8469e8c0>,3,2,[6 2],4,6,8,2,6
1,<environment.Job instance at 0x7f5c8469ef50>,6,16,[7 5],7,7,23,0,7
1,<environment.Job instance at 0x7f5c8469e050>,7,3,[ 1 12],8,23,26,15,10
1,<environment.Job instance at 0x7f5c8469e9b0>,11,3,[10  2],12,23,26,11,12
1,<environment.Job instance at 0x7f5c8469f2d0>,15,1,[ 3 12],16,26,27,10,16
1,<environment.Job instance at 0x7f5c8469df50>,17,1,[ 4 11],18,27,28,9,19
1,<environment.Job instance at 0x7f5c8499ecd0>,19,2,[1 8],20,20,22,0,20
1,<environment.Job instance at 0x7f5c8469eaf0>,18,23,[ 2 14],19,28,51,9,22
1,<environment.Job instance at 0x7f5c85013910>,0,14,[10  4],1,1,15,0,1
1,<environment.Job instance at 0x7f5c847758c0>,10,17,[ 3 10],11,11,28,0,11
1,<environment.Job instance at 0x7f5c84796f00>,3,2,[6 2],4,15,17,11,15
1,<environment.Job instance at 0x7f5c847486e0>,11,3,[10  2],12,17,20,5,17
1,<environment.Job instance at 0x7f5c84775230>,6,16,[7 5],7,20,36,13,20
1,<environment.Job instance at 0x7f5c8477a1e0>,19,2,[1 8],20,28,30,8,28
1,<environment.Job instance at 0x7f5c84706190>,22,13,[ 5 10],23,30,43,7,30
1,<environment.Job instance at 0x7f5c84706fa0>,20,15,[8 3],21,36,51,15,36
1,<environment.Job instance at 0x7f5c84709230>,25,14,[ 2 10],26,43,57,17,43
1,<environment.Job instance at 0x7f5c84711b40>,28,12,[7 5],29,51,63,22,51
1,<environment.Job instance at 0x7f5c847190a0>,31,13,[5 6],32,57,70,25,57
1,<environment.Job instance at 0x7f5c84775460>,8,19,[9 2],9,63,82,54,63
1,<environment.Job instance at 0x7f5c8477e7d0>,37,1,[4 8],38,70,71,32,70
1,<environment.Job instance at 0x7f5c84873a50>,40,3,[1 7],41,71,74,30,71
1,<environment.Job instance at 0x7f5c84996690>,41,3,[4 7],42,74,77,32,74
1,<environment.Job instance at 0x7f5c8471cf50>,43,3,[5 2],44,77,80,33,77
1,<environment.Job instance at 0x7f5c8477ec30>,35,13,[ 4 10],36,80,93,44,80
1,<environment.Job instance at 0x7f5c847610a0>,48,17,[5 5],49,82,99,33,82
1,<environment.Job instance at 0x7f5c847555a0>,23,16,[ 3 10],24,93,109,69,93
1,<environment.Job instance at 0x7f5c84714f00>,46,17,[7 1],47,99,116,52,99
1,<environment.Job instance at 0x7f5c847205f0>,53,13,[7 5],54,109,122,55,109
1,<environment.Job instance at 0x7f5c84720640>,51,18,[1 9],52,109,127,57,109
1,<environment.Job instance at 0x7f5c8e6425f0>,2,14,[6 1],3,3,17,0,3
1,<environment.Job instance at 0x7f5c8e642f00>,8,13,[6 3],9,9,22,0,9
1,<environment.Job instance at 0x7f5c8e642780>,9,13,[7 4],10,17,30,7,10
1,<environment.Job instance at 0x7f5c8457a730>,11,20,[1 7],12,12,32,0,12
1,<environment.Job instance at 0x7f5c8457ac30>,18,2,[2 8],19,30,32,11,19
1,<environment.Job instance at 0x7f5c8457a320>,19,16,[2 8],20,32,48,12,20
1,<environment.Job instance at 0x7f5c8457a870>,21,3,[10  5],22,32,35,10,22
1,<environment.Job instance at 0x7f5c8457aa00>,24,3,[7 5],25,35,38,10,25
1,<environment.Job instance at 0x7f5c8e6421e0>,2,14,[6 1],3,3,17,0,3
1,<environment.Job instance at 0x7f5c8e704870>,4,16,[3 8],5,5,21,0,5
1,<environment.Job instance at 0x7f5c845886e0>,8,13,[6 3],9,9,22,0,9
1,<environment.Job instance at 0x7f5c84553f50>,18,2,[2 8],19,21,23,2,21
1,<environment.Job instance at 0x7f5c84588d20>,9,13,[7 4],10,21,34,11,21
1,<environment.Job instance at 0x7f5c84553e10>,19,16,[2 8],20,23,39,3,23
1,<environment.Job instance at 0x7f5c84553d20>,21,3,[10  5],22,34,37,12,34
1,<environment.Job instance at 0x7f5c84553500>,24,3,[7 5],25,37,40,12,37
1,<environment.Job instance at 0x7f5c845536e0>,26,16,[7 4],27,39,55,12,39
1,<environment.Job instance at 0x7f5c845845a0>,28,18,[4 6],29,40,58,11,40
1,<environment.Job instance at 0x7f5c84584230>,33,12,[9 1],34,55,67,21,55
1,<environment.Job instance at 0x7f5c845532d0>,11,20,[1 7],12,55,75,43,55
1,<environment.Job instance at 0x7f5c84584730>,34,14,[5 5],35,58,72,23,58
1,<environment.Job instance at 0x7f5c84584460>,36,3,[9 1],37,67,70,30,67
1,<environment.Job instance at 0x7f5c8457a820>,6,16,[9 2],7,70,86,63,70
1,<environment.Job instance at 0x7f5c84584640>,39,1,[5 4],40,72,73,32,72
1,<environment.Job instance at 0x7f5c84584be0>,37,17,[5 2],38,73,90,35,73
1,<environment.Job instance at 0x7f5c84584eb0>,41,1,[ 2 10],42,86,87,44,86
1,<environment.Job instance at 0x7f5c84584e10>,43,2,[4 7],44,87,89,43,87
1,<environment.Job instance at 0x7f5c845cd5a0>,50,13,[4 5],51,87,100,36,87
1,<environment.Job instance at 0x7f5c845cd3c0>,47,13,[5 4],48,89,102,41,89
1,<environment.Job instance at 0x7f5c84584500>,38,18,[4 5],39,90,108,51,90
1,<environment.Job instance at 0x7f5c845cd870>,55,2,[7 2],56,102,104,46,102
1,<environment.Job instance at 0x7f5c845cd8c0>,56,13,[4 9],57,104,117,47,104
1,<environment.Job instance at 0x7f5c845cd0f0>,62,15,[6 1],63,104,119,41,104
1,<environment.Job instance at 0x7f5c8451e780>,8,13,[4 6],9,11,24,2,11
1,<environment.Job instance at 0x7f5c8451eaf0>,11,13,[1 6],12,12,25,0,12
1,<environment.Job instance at 0x7f5c8451eb40>,12,3,[3 5],13,24,27,11,13
1,<environment.Job instance at 0x7f5c853daa50>,13,14,[1 5],14,25,39,11,14
1,<environment.Job instance at 0x7f5c8451e0f0>,10,17,[10  3],11,15,32,4,15
1,<environment.Job instance at 0x7f5c850b8be0>,8,13,[4 6],9,9,22,0,9
1,<environment.Job instance at 0x7f5c853de730>,10,17,[10  3],11,11,28,0,11
1,<environment.Job instance at 0x7f5c853de5f0>,11,13,[1 6],12,12,25,0,12
1,<environment.Job instance at 0x7f5c853de140>,12,3,[3 5],13,22,25,9,22
1,<environment.Job instance at 0x7f5c853de1e0>,20,14,[ 3 10],21,25,39,4,25
1,<environment.Job instance at 0x7f5c853de410>,23,1,[10  2],24,28,29,4,28
1,<environment.Job instance at 0x7f5c853dec80>,25,2,[9 5],26,29,31,3,29
1,<environment.Job instance at 0x7f5c850b87d0>,13,14,[1 5],14,31,45,17,31
1,<environment.Job instance at 0x7f5c853dfcd0>,29,12,[ 5 10],30,39,51,9,39
1,<environment.Job instance at 0x7f5c853de820>,30,17,[7 5],31,45,62,14,45
1,<environment.Job instance at 0x7f5c853df050>,31,12,[3 8],32,51,63,19,51
1,<environment.Job instance at 0x7f5c853dfa00>,33,15,[4 6],34,62,77,28,62
1,<environment.Job instance at 0x7f5c853dfaa0>,36,15,[5 3],37,63,78,26,63
1,<environment.Job instance at 0x7f5c853dfc30>,37,18,[1 5],38,63,81,25,63
1,<environment.Job instance at 0x7f5c853df1e0>,39,13,[1 7],40,77,90,37,77
1,<environment.Job instance at 0x7f5c853debe0>,19,19,[5 4],20,81,100,61,81
1,<environment.Job instance at 0x7f5c853df910>,47,2,[6 3],48,90,92,42,90
1,<environment.Job instance at 0x7f5c853df370>,42,2,[5 7],43,92,94,49,92
1,<environment.Job instance at 0x7f5c853df550>,50,3,[1 6],51,94,97,43,94
1,<environment.Job instance at 0x7f5c852ce690>,52,2,[5 5],53,94,96,41,94
1,<environment.Job instance at 0x7f5c852ce280>,53,1,[7 4],54,96,97,42,96
1,<environment.Job instance at 0x7f5c853df4b0>,46,13,[5 5],47,97,110,50,97
1,<environment.Job instance at 0x7f5c852cebe0>,57,14,[7 5],58,100,114,42,100
1,<environment.Job instance at 0x7f5c84d74870>,2,3,[2 7],3,3,6,0,3
1,<environment.Job instance at 0x7f5c84d74b90>,3,21,[6 4],4,4,25,0,4
1,<environment.Job instance at 0x7f5c850b83c0>,5,1,[ 1 10],6,6,7,0,6
1,<environment.Job instance at 0x7f5c84993370>,8,13,[5 1],9,9,22,0,9
1,<environment.Job instance at 0x7f5c84d7ed70>,9,3,[9 2],10,22,25,12,10
1,<environment.Job instance at 0x7f5c84d7e460>,13,1,[11  5],14,25,26,11,14
1,<environment.Job instance at 0x7f5c84d7d6e0>,22,2,[1 8],23,25,27,2,23
1,<environment.Job instance at 0x7f5c84d7d9b0>,26,3,[ 5 14],27,27,30,0,27
1,<environment.Job instance at 0x7f5c84d7ee10>,11,18,[ 4 13],12,30,48,18,27
1,<environment.Job instance at 0x7f5c84d7d7d0>,23,16,[6 3],24,48,64,24,35
1,<environment.Job instance at 0x7f5c84dcb640>,31,1,[ 3 11],32,48,49,16,35
1,<environment.Job instance at 0x7f5c849e5f00>,33,2,[6 3],34,49,51,15,35
1,<environment.Job instance at 0x7f5c849ea730>,34,2,[3 8],35,49,51,14,35
1,<environment.Job instance at 0x7f5c849c1eb0>,35,12,[ 2 12],36,51,63,15,36
1,<environment.Job instance at 0x7f5c84d5b370>,37,13,[1 9],38,63,76,25,47
1,<environment.Job instance at 0x7f5c84dcd280>,39,13,[5 5],40,64,77,24,48
1,<environment.Job instance at 0x7f5c849f9e60>,40,2,[13  5],41,77,79,36,50
1,<environment.Job instance at 0x7f5c849f6550>,41,2,[1 8],42,76,78,34,50
1,<environment.Job instance at 0x7f5c853d05a0>,2,3,[2 7],3,3,6,0,3
1,<environment.Job instance at 0x7f5c853d0d20>,3,21,[6 4],4,4,25,0,4
1,<environment.Job instance at 0x7f5c853d05f0>,5,1,[ 1 10],6,6,7,0,6
1,<environment.Job instance at 0x7f5c853d0dc0>,8,13,[5 1],9,9,22,0,9
1,<environment.Job instance at 0x7f5c853d0820>,9,3,[9 2],10,22,25,12,22
1,<environment.Job instance at 0x7f5c853d0b40>,4,12,[10  3],5,25,37,20,25
1,<environment.Job instance at 0x7f5c84be2640>,22,2,[1 8],23,37,39,14,37
1,<environment.Job instance at 0x7f5c84be28c0>,18,12,[8 5],19,37,49,18,37
1,<environment.Job instance at 0x7f5c84be25f0>,23,16,[6 3],24,39,55,15,39
1,<environment.Job instance at 0x7f5c85562320>,33,2,[6 3],34,49,51,15,49
1,<environment.Job instance at 0x7f5c855620a0>,34,2,[3 8],35,49,51,14,49
1,<environment.Job instance at 0x7f5c855625a0>,37,13,[1 9],38,51,64,13,51
1,<environment.Job instance at 0x7f5c853d0550>,7,13,[10  3],8,55,68,47,55
1,<environment.Job instance at 0x7f5c852ce6e0>,41,2,[1 8],42,64,66,22,64
1,<environment.Job instance at 0x7f5c852ce370>,39,13,[5 5],40,66,79,26,66
1,<environment.Job instance at 0x7f5c852ce0f0>,45,13,[6 4],46,68,81,22,68
1,<environment.Job instance at 0x7f5c85562500>,32,17,[8 5],33,79,96,46,79
1,<environment.Job instance at 0x7f5c84be2eb0>,16,17,[7 4],17,81,98,64,81
1,<environment.Job instance at 0x7f5c852ce050>,49,18,[2 9],50,96,114,46,96
1,<environment.Job instance at 0x7f5c853dfaf0>,51,13,[6 5],52,98,111,46,98
1,<environment.Job instance at 0x7f5c850c03c0>,0,1,[ 5 14],1,1,2,0,1
1,<environment.Job instance at 0x7f5c850c0eb0>,1,1,[10  5],2,2,3,0,2
1,<environment.Job instance at 0x7f5c850c0280>,3,2,[ 4 11],4,5,7,1,5
1,<environment.Job instance at 0x7f5c84999b90>,14,14,[1 5],15,15,29,0,15
1,<environment.Job instance at 0x7f5c84999190>,15,12,[1 6],16,16,28,0,16
1,<environment.Job instance at 0x7f5c849997d0>,19,15,[1 6],20,28,43,8,20
1,<environment.Job instance at 0x7f5c850c0460>,10,17,[1 9],11,29,46,18,22
1,<environment.Job instance at 0x7f5c849990f0>,22,2,[10  5],23,43,45,20,23
1,<environment.Job instance at 0x7f5c84999d20>,23,12,[14  4],24,45,57,21,28
1,<environment.Job instance at 0x7f5c850c0a00>,4,14,[ 5 12],5,57,71,52,53
1,<environment.Job instance at 0x7f5c849994b0>,26,14,[6 2],27,77,91,50,77
1,<environment.Job instance at 0x7f5c84999a00>,28,17,[7 2],29,78,95,49,78
1,<environment.Job instance at 0x7f5c84999e10>,30,28,[2 8],31,79,107,48,79
1,<environment.Job instance at 0x7f5c84999a50>,31,18,[5 1],32,91,109,59,88
1,<environment.Job instance at 0x7f5c84999140>,29,12,[8 1],30,95,107,65,91
1,<environment.Job instance at 0x7f5c84999820>,33,12,[6 5],34,107,119,73,93
1,<environment.Job instance at 0x7f5c84668e10>,34,2,[4 7],35,107,109,72,93
1,<environment.Job instance at 0x7f5c855620f0>,1,1,[10  5],2,2,3,0,2
1,<environment.Job instance at 0x7f5c84be29b0>,8,12,[3 8],9,9,21,0,9
1,<environment.Job instance at 0x7f5c84be2460>,14,14,[1 5],15,15,29,0,15
1,<environment.Job instance at 0x7f5c84be2280>,15,12,[1 6],16,21,33,5,21
1,<environment.Job instance at 0x7f5c84be2690>,24,15,[7 4],25,25,40,0,25
1,<environment.Job instance at 0x7f5c84be20f0>,26,14,[6 2],27,33,47,6,33
1,<environment.Job instance at 0x7f5c84be2e10>,19,15,[1 6],20,33,48,13,33
1,<environment.Job instance at 0x7f5c849fbfa0>,29,12,[8 1],30,40,52,10,40
1,<environment.Job instance at 0x7f5c84be2f00>,16,18,[1 7],17,47,65,30,47
1,<environment.Job instance at 0x7f5c85a8b2d0>,31,18,[5 1],32,47,65,15,47
1,<environment.Job instance at 0x7f5c850c00a0>,34,2,[4 7],35,52,54,17,52
1,<environment.Job instance at 0x7f5c850c0d70>,33,12,[6 5],34,54,66,20,54
1,<environment.Job instance at 0x7f5c850a8730>,41,3,[5 5],42,65,68,23,65
1,<environment.Job instance at 0x7f5c84be25a0>,22,2,[10  5],23,66,68,43,66
1,<environment.Job instance at 0x7f5c850c0b40>,36,12,[ 4 10],37,68,80,31,68
1,<environment.Job instance at 0x7f5c850a8d20>,47,13,[6 2],48,68,81,20,68
1,<environment.Job instance at 0x7f5c850a8460>,48,3,[ 1 10],49,80,83,31,80
1,<environment.Job instance at 0x7f5c84999e60>,28,17,[7 2],29,80,97,51,80
1,<environment.Job instance at 0x7f5c850a82d0>,50,18,[7 1],51,81,99,30,81
1,<environment.Job instance at 0x7f5c850a8e60>,51,16,[1 8],52,83,99,31,83
1,<environment.Job instance at 0x7f5c849b8190>,52,13,[3 6],53,97,110,44,97
1,<environment.Job instance at 0x7f5c84be2af0>,10,17,[1 9],11,99,116,88,99
1,<environment.Job instance at 0x7f5c84903500>,0,2,[1 6],1,1,3,0,1
1,<environment.Job instance at 0x7f5c84c034b0>,2,15,[4 9],3,3,18,0,3
1,<environment.Job instance at 0x7f5c84c3c410>,5,2,[ 4 12],6,18,20,12,6
1,<environment.Job instance at 0x7f5c84c3cd70>,6,1,[10  1],7,7,8,0,7
1,<environment.Job instance at 0x7f5c84c3cbe0>,8,12,[6 2],9,9,21,0,9
1,<environment.Job instance at 0x7f5c84c3ac80>,10,16,[3 7],11,20,36,9,11
1,<environment.Job instance at 0x7f5c84c3ce10>,12,16,[3 5],13,20,36,7,16
1,<environment.Job instance at 0x7f5c84c3aa00>,13,2,[5 5],14,36,38,22,18
1,<environment.Job instance at 0x7f5c84c3a1e0>,11,16,[1 9],12,36,52,24,23
1,<environment.Job instance at 0x7f5c84c3a2d0>,20,3,[3 5],21,38,41,17,23
1,<environment.Job instance at 0x7f5c84c3a280>,21,14,[3 6],22,41,55,19,26
1,<environment.Job instance at 0x7f5c84bffb40>,23,1,[6 1],24,27,28,3,27
1,<environment.Job instance at 0x7f5c85a7d0a0>,0,2,[1 6],1,1,3,0,1
1,<environment.Job instance at 0x7f5c84993690>,2,15,[4 9],3,3,18,0,3
1,<environment.Job instance at 0x7f5c849b2550>,6,1,[10  1],7,7,8,0,7
1,<environment.Job instance at 0x7f5c849b2320>,8,12,[6 2],9,9,21,0,9
1,<environment.Job instance at 0x7f5c849b2050>,13,2,[5 5],14,18,20,4,18
1,<environment.Job instance at 0x7f5c849b2c30>,10,16,[3 7],11,18,34,7,18
1,<environment.Job instance at 0x7f5c849b2280>,12,16,[3 5],13,20,36,7,20
1,<environment.Job instance at 0x7f5c849b2e10>,18,13,[3 8],19,34,47,15,34
1,<environment.Job instance at 0x7f5c849b23c0>,20,3,[3 5],21,36,39,15,36
1,<environment.Job instance at 0x7f5c849b20f0>,19,13,[10  5],20,39,52,19,39
1,<environment.Job instance at 0x7f5c849b2370>,21,14,[3 6],22,47,61,25,47
1,<environment.Job instance at 0x7f5c849b2730>,23,1,[6 1],24,52,53,28,52
1,<environment.Job instance at 0x7f5c84be2690>,25,16,[5 8],26,52,68,26,52
1,<environment.Job instance at 0x7f5c849b22d0>,15,16,[7 5],16,61,77,45,61
1,<environment.Job instance at 0x7f5c84be2370>,30,14,[6 1],31,68,82,37,68
1,<environment.Job instance at 0x7f5c85a7d5a0>,11,16,[1 9],12,68,84,56,68
1,<environment.Job instance at 0x7f5c84be2f50>,32,17,[10  4],33,82,99,49,82
1,<environment.Job instance at 0x7f5c84be2c80>,33,14,[3 9],34,84,98,50,84
1,<environment.Job instance at 0x7f5c84be2c30>,27,17,[1 7],28,98,115,70,98
1,<environment.Job instance at 0x7f5c855622d0>,44,1,[10  5],45,99,100,54,99
1,<environment.Job instance at 0x7f5c851d0550>,46,12,[6 5],47,100,112,53,100
1,<environment.Job instance at 0x7f5c84d79870>,5,3,[ 3 14],6,6,9,0,6
1,<environment.Job instance at 0x7f5c84d79820>,7,12,[6 3],8,9,21,1,8
1,<environment.Job instance at 0x7f5c84d79cd0>,13,3,[5 2],14,14,17,0,14
1,<environment.Job instance at 0x7f5c84d794b0>,17,18,[9 4],18,18,36,0,18
1,<environment.Job instance at 0x7f5c84d8caf0>,19,1,[ 3 12],20,36,37,16,21
1,<environment.Job instance at 0x7f5c84d8cb90>,21,2,[5 6],22,22,24,0,22
1,<environment.Job instance at 0x7f5c84d79230>,16,1,[4 6],17,24,25,7,24
1,<environment.Job instance at 0x7f5c84d8ceb0>,24,14,[ 3 13],25,37,51,12,25
1,<environment.Job instance at 0x7f5c84d8c9b0>,25,13,[5 1],26,26,39,0,26
1,<environment.Job instance at 0x7f5c84d79af0>,20,16,[2 8],21,51,67,30,38
1,<environment.Job instance at 0x7f5c84d8c140>,28,3,[1 5],29,51,54,22,38
1,<environment.Job instance at 0x7f5c84d8c4b0>,31,3,[2 7],32,54,57,22,38
1,<environment.Job instance at 0x7f5c84d8ca50>,32,1,[10  4],33,57,58,24,38
1,<environment.Job instance at 0x7f5c84d8c910>,33,3,[3 8],34,67,70,33,41
1,<environment.Job instance at 0x7f5c852b5d70>,38,16,[1 5],39,58,74,19,50
1,<environment.Job instance at 0x7f5c852b5640>,40,1,[ 5 12],41,74,75,33,50
1,<environment.Job instance at 0x7f5c84d8ca00>,29,20,[3 8],30,81,101,51,81
1,<environment.Job instance at 0x7f5c851ceeb0>,0,14,[9 5],1,1,15,0,1
1,<environment.Job instance at 0x7f5c858bfc80>,2,13,[5 8],3,3,16,0,3
1,<environment.Job instance at 0x7f5c84cc7a00>,7,12,[6 3],8,15,27,7,15
1,<environment.Job instance at 0x7f5c856eedc0>,8,15,[ 5 10],9,16,31,7,16
1,<environment.Job instance at 0x7f5c855625f0>,13,3,[5 2],14,27,30,13,27
1,<environment.Job instance at 0x7f5c84ae31e0>,3,18,[9 4],4,30,48,26,30
1,<environment.Job instance at 0x7f5c84d8cb40>,16,1,[4 6],17,31,32,14,31
1,<environment.Job instance at 0x7f5c855620a0>,12,16,[ 4 10],13,32,48,19,32
1,<environment.Job instance at 0x7f5c852b5aa0>,21,2,[5 6],22,48,50,26,48
1,<environment.Job instance at 0x7f5c84d790f0>,25,13,[5 1],26,48,61,22,48
1,<environment.Job instance at 0x7f5c852b5a00>,20,16,[2 8],21,48,64,27,48
1,<environment.Job instance at 0x7f5c84ec5230>,28,3,[1 5],29,50,53,21,50
1,<environment.Job instance at 0x7f5c84ec55f0>,27,13,[6 3],28,53,66,25,53
1,<environment.Job instance at 0x7f5c84ec5e60>,31,3,[2 7],32,64,67,32,64
1,<environment.Job instance at 0x7f5c84ec5a00>,32,1,[10  4],33,66,67,33,66
1,<environment.Job instance at 0x7f5c84ec5c80>,33,3,[3 8],34,67,70,33,67
1,<environment.Job instance at 0x7f5c85562140>,9,17,[5 7],10,67,84,57,67
1,<environment.Job instance at 0x7f5c851ab960>,38,16,[1 5],39,70,86,31,70
1,<environment.Job instance at 0x7f5c851ab230>,41,13,[9 3],42,70,83,28,70
1,<environment.Job instance at 0x7f5c851ab550>,43,15,[3 8],44,84,99,40,84
1,<environment.Job instance at 0x7f5c851ab5a0>,44,13,[6 5],45,86,99,41,86
1,<environment.Job instance at 0x7f5c851ab730>,51,16,[2 8],52,99,115,47,99
1,<environment.Job instance at 0x7f5c851ab7d0>,53,17,[8 1],54,99,116,45,99
1,<environment.Job instance at 0x7f5c851abc30>,35,17,[3 6],36,99,116,63,99
1,<environment.Job instance at 0x7f5c843d2820>,1,2,[5 9],2,2,4,0,2
1,<environment.Job instance at 0x7f5c843d25f0>,3,15,[4 7],4,4,19,0,4
1,<environment.Job instance at 0x7f5c843a10f0>,5,3,[ 1 12],6,19,22,13,6
1,<environment.Job instance at 0x7f5c843a1d20>,7,12,[9 4],8,22,34,14,8
1,<environment.Job instance at 0x7f5c843a1b90>,10,2,[ 5 12],11,34,36,23,11
1,<environment.Job instance at 0x7f5c843a1e60>,11,3,[10  1],12,12,15,0,12
1,<environment.Job instance at 0x7f5c843d2dc0>,13,2,[14  5],14,36,38,22,16
1,<environment.Job instance at 0x7f5c843a1aa0>,16,3,[2 7],17,22,25,5,17
1,<environment.Job instance at 0x7f5c843a1410>,18,1,[8 1],19,19,20,0,19
1,<environment.Job instance at 0x7f5c843d08c0>,26,2,[9 2],27,34,36,7,27
1,<environment.Job instance at 0x7f5c843d0780>,27,2,[6 3],28,28,30,0,28
1,<environment.Job instance at 0x7f5c843a1640>,14,2,[13  2],15,38,40,23,34
1,<environment.Job instance at 0x7f5c843d0f50>,33,12,[ 3 10],34,40,52,6,34
1,<environment.Job instance at 0x7f5c843d0a50>,34,12,[11  4],35,40,52,5,36
1,<environment.Job instance at 0x7f5c843d0050>,39,2,[5 5],40,52,54,12,40
1,<environment.Job instance at 0x7f5c843d01e0>,41,2,[8 4],42,52,54,10,42
1,<environment.Job instance at 0x7f5c843d0140>,42,1,[13  4],43,54,55,11,43
1,<environment.Job instance at 0x7f5c843a1e10>,15,14,[ 1 10],16,54,68,38,43
1,<environment.Job instance at 0x7f5c8442e2d0>,44,12,[6 4],45,55,67,10,46
1,<environment.Job instance at 0x7f5c8442ee60>,48,2,[8 1],49,55,57,6,49
1,<environment.Job instance at 0x7f5c8442e460>,51,3,[2 5],52,67,70,15,52
1,<environment.Job instance at 0x7f5c84e2c820>,1,2,[5 9],2,2,4,0,2
1,<environment.Job instance at 0x7f5c84e2c190>,3,15,[4 7],4,4,19,0,4
1,<environment.Job instance at 0x7f5c84e2c140>,7,12,[9 4],8,8,20,0,8
1,<environment.Job instance at 0x7f5c84e2c3c0>,6,17,[ 4 10],7,19,36,12,19
1,<environment.Job instance at 0x7f5c852e76e0>,18,1,[8 1],19,20,21,1,20
1,<environment.Job instance at 0x7f5c84e2c550>,11,3,[10  1],12,21,24,9,21
1,<environment.Job instance at 0x7f5c84e2c1e0>,12,15,[7 5],13,24,39,11,24
1,<environment.Job instance at 0x7f5c846d8190>,16,3,[2 7],17,36,39,19,36
1,<environment.Job instance at 0x7f5c84f87af0>,25,12,[6 1],26,36,48,10,36
1,<environment.Job instance at 0x7f5c84d15780>,26,2,[9 2],27,39,41,12,39
1,<environment.Job instance at 0x7f5c84d155f0>,27,2,[6 3],28,41,43,13,41
1,<environment.Job instance at 0x7f5c84c4adc0>,15,14,[ 1 10],16,41,55,25,41
1,<environment.Job instance at 0x7f5c84d0b730>,24,14,[7 2],25,43,57,18,43
1,<environment.Job instance at 0x7f5c84d0b0f0>,22,14,[7 2],23,48,62,25,48
1,<environment.Job instance at 0x7f5c84d34dc0>,32,14,[5 4],33,57,71,24,57
1,<environment.Job instance at 0x7f5c84d155a0>,30,14,[3 8],31,57,71,26,57
1,<environment.Job instance at 0x7f5c84d344b0>,33,12,[ 3 10],34,71,83,37,71
1,<environment.Job instance at 0x7f5c84d343c0>,36,12,[10  1],37,71,83,34,71
1,<environment.Job instance at 0x7f5c85282dc0>,39,2,[5 5],40,83,85,43,83
1,<environment.Job instance at 0x7f5c85280820>,41,2,[8 4],42,83,85,41,83
1,<environment.Job instance at 0x7f5c85280960>,43,12,[5 9],44,85,97,41,85
1,<environment.Job instance at 0x7f5c85280d20>,44,12,[6 4],45,85,97,40,85
1,<environment.Job instance at 0x7f5c84d0e780>,29,15,[10  1],30,97,112,67,97
1,<environment.Job instance at 0x7f5c84d0b640>,19,18,[3 7],20,97,115,77,97
1,<environment.Job instance at 0x7f5c85264be0>,51,3,[2 5],52,97,100,45,97
1,<environment.Job instance at 0x7f5c852644b0>,52,2,[1 6],53,100,102,47,100
1,<environment.Job instance at 0x7f5c84d1d280>,0,13,[3 6],1,1,14,0,1
1,<environment.Job instance at 0x7f5c8568e640>,1,2,[7 5],2,2,4,0,2
1,<environment.Job instance at 0x7f5c85a4bc80>,2,1,[14  3],3,14,15,11,3
1,<environment.Job instance at 0x7f5c85a4b8c0>,3,3,[2 8],4,4,7,0,4
1,<environment.Job instance at 0x7f5c85a4b370>,4,3,[ 3 10],5,15,18,10,5
1,<environment.Job instance at 0x7f5c84e2c960>,6,3,[5 3],7,9,12,2,9
1,<environment.Job instance at 0x7f5c85a4b2d0>,9,2,[6 2],10,10,12,0,10
1,<environment.Job instance at 0x7f5c85a4b960>,11,2,[2 7],12,12,14,0,12
1,<environment.Job instance at 0x7f5c85a4bb90>,12,1,[11  2],13,15,16,2,13
1,<environment.Job instance at 0x7f5c85a4be60>,13,3,[9 1],14,16,19,2,14
1,<environment.Job instance at 0x7f5c85a4b190>,16,15,[7 1],17,19,34,2,17
1,<environment.Job instance at 0x7f5c84af6be0>,17,14,[3 8],18,18,32,0,18
1,<environment.Job instance at 0x7f5c84af6cd0>,18,12,[5 9],19,32,44,13,19
1,<environment.Job instance at 0x7f5c84af6f50>,20,2,[14  2],21,44,46,23,21
1,<environment.Job instance at 0x7f5c84af60a0>,21,2,[8 1],22,34,36,12,22
1,<environment.Job instance at 0x7f5c84af6e60>,29,2,[7 5],30,36,38,6,30
1,<environment.Job instance at 0x7f5c84af6140>,30,1,[8 3],31,38,39,7,31
1,<environment.Job instance at 0x7f5c84af6550>,31,13,[8 3],32,46,59,14,33
1,<environment.Job instance at 0x7f5c8e1709b0>,33,1,[7 1],34,39,40,5,34
1,<environment.Job instance at 0x7f5c85595a00>,0,13,[3 6],1,1,14,0,1
1,<environment.Job instance at 0x7f5c85678fa0>,1,2,[7 5],2,2,4,0,2
1,<environment.Job instance at 0x7f5c858a2190>,3,3,[2 8],4,4,7,0,4
1,<environment.Job instance at 0x7f5c850d3e60>,6,3,[5 3],7,7,10,0,7
1,<environment.Job instance at 0x7f5c84a7b9b0>,5,22,[2 6],6,7,29,1,7
1,<environment.Job instance at 0x7f5c853bb3c0>,9,2,[6 2],10,10,12,0,10
1,<environment.Job instance at 0x7f5c84d06eb0>,11,2,[2 7],12,14,16,2,14
1,<environment.Job instance at 0x7f5c84d067d0>,13,3,[9 1],14,14,17,0,14
1,<environment.Job instance at 0x7f5c84d06af0>,16,15,[7 1],17,17,32,0,17
1,<environment.Job instance at 0x7f5c84d06e10>,15,22,[6 1],16,17,39,1,17
1,<environment.Job instance at 0x7f5c85595af0>,4,3,[ 3 10],5,32,35,27,32
1,<environment.Job instance at 0x7f5c84d06f00>,18,12,[5 9],19,35,47,16,35
1,<environment.Job instance at 0x7f5c85327eb0>,21,2,[8 1],22,39,41,17,39
1,<environment.Job instance at 0x7f5c856a6eb0>,7,17,[7 4],8,41,58,33,41
1,<environment.Job instance at 0x7f5c84fad6e0>,24,12,[7 5],25,47,59,22,47
1,<environment.Job instance at 0x7f5c84d06cd0>,17,14,[3 8],18,58,72,40,58
1,<environment.Job instance at 0x7f5c84d10a50>,29,2,[7 5],30,59,61,29,59
1,<environment.Job instance at 0x7f5c84d101e0>,30,1,[8 3],31,61,62,30,61
1,<environment.Job instance at 0x7f5c84d10fa0>,31,13,[8 3],32,62,75,30,62
1,<environment.Job instance at 0x7f5c84d06870>,14,16,[4 9],15,72,88,57,72
1,<environment.Job instance at 0x7f5c84d10140>,33,1,[7 1],34,75,76,41,75
1,<environment.Job instance at 0x7f5c84d10370>,36,14,[9 5],37,76,90,39,76
1,<environment.Job instance at 0x7f5c84d064b0>,19,18,[5 9],20,88,106,68,88
1,<environment.Job instance at 0x7f5c84c6bd70>,25,16,[8 4],26,90,106,64,90
1,<environment.Job instance at 0x7f5c85264be0>,43,3,[ 3 10],44,106,109,62,106
1,<environment.Job instance at 0x7f5c852645a0>,44,13,[10  5],45,106,119,61,106
1,<environment.Job instance at 0x7f5c85264910>,45,14,[2 6],46,109,123,63,109
1,<environment.Job instance at 0x7f5c84b10f50>,0,2,[1 5],1,1,3,0,1
1,<environment.Job instance at 0x7f5c84d2a640>,3,3,[10  2],4,4,7,0,4
1,<environment.Job instance at 0x7f5c84873230>,2,17,[3 7],3,4,21,1,4
1,<environment.Job instance at 0x7f5c84873280>,4,14,[7 5],5,7,21,2,5
1,<environment.Job instance at 0x7f5c85655aa0>,11,18,[5 2],12,12,30,0,12
1,<environment.Job instance at 0x7f5c85a4bfa0>,0,2,[1 5],1,1,3,0,1
1,<environment.Job instance at 0x7f5c85a4b0a0>,2,17,[3 7],3,3,20,0,3
1,<environment.Job instance at 0x7f5c85a4b5a0>,3,3,[10  2],4,4,7,0,4
1,<environment.Job instance at 0x7f5c85a4bb40>,4,14,[7 5],5,7,21,2,7
1,<environment.Job instance at 0x7f5c84e2cdc0>,9,14,[ 1 10],10,20,34,10,20
1,<environment.Job instance at 0x7f5c84e2cbe0>,12,16,[7 5],13,21,37,8,21
1,<environment.Job instance at 0x7f5c84e2c820>,13,1,[5 6],14,34,35,20,34
1,<environment.Job instance at 0x7f5c84e2c0f0>,14,12,[8 3],15,35,47,20,35
1,<environment.Job instance at 0x7f5c84e2cd70>,16,3,[6 3],17,37,40,20,37
1,<environment.Job instance at 0x7f5c84e2cb40>,7,18,[2 9],8,40,58,32,40
1,<environment.Job instance at 0x7f5c84e2cc30>,11,18,[5 2],12,40,58,28,40
1,<environment.Job instance at 0x7f5c84d0b0f0>,28,2,[9 4],29,58,60,29,58
1,<environment.Job instance at 0x7f5c857a5cd0>,24,12,[3 5],25,58,70,33,58
1,<environment.Job instance at 0x7f5c84d152d0>,36,3,[9 2],37,60,63,23,60
1,<environment.Job instance at 0x7f5c84af6dc0>,19,13,[9 1],20,63,76,43,63
1,<environment.Job instance at 0x7f5c84d15640>,33,14,[6 3],34,70,84,36,70
1,<environment.Job instance at 0x7f5c84d15780>,32,14,[5 9],33,76,90,43,76
1,<environment.Job instance at 0x7f5c85272be0>,46,14,[9 5],47,84,98,37,84
1,<environment.Job instance at 0x7f5c85282320>,40,17,[5 1],41,90,107,49,90
1,<environment.Job instance at 0x7f5c85272960>,47,14,[8 5],48,98,112,50,98
1,<environment.Job instance at 0x7f5c85264910>,50,17,[1 5],51,98,115,47,98
1,<environment.Job instance at 0x7f5c85272d20>,45,17,[5 5],46,107,124,61,107
1,<environment.Job instance at 0x7f5c84e66500>,3,1,[9 3],4,4,5,0,4
1,<environment.Job instance at 0x7f5c84b09640>,19,1,[1 6],20,20,21,0,20
1,<environment.Job instance at 0x7f5c84b093c0>,22,12,[5 2],23,23,35,0,23
1,<environment.Job instance at 0x7f5c84a84a50>,23,18,[7 1],24,24,42,0,24
1,<environment.Job instance at 0x7f5c84a84780>,24,3,[7 5],25,35,38,10,25
1,<environment.Job instance at 0x7f5c84a84cd0>,29,13,[1 9],30,30,43,0,30
1,<environment.Job instance at 0x7f5c84a840f0>,27,1,[ 3 13],28,43,44,15,31
1,<environment.Job instance at 0x7f5c84a841e0>,31,3,[2 7],32,44,47,12,32
1,<environment.Job instance at 0x7f5c84b09a00>,26,15,[ 1 14],27,47,62,20,34
1,<environment.Job instance at 0x7f5c84b09b40>,21,13,[1 9],22,62,75,40,47
1,<environment.Job instance at 0x7f5c84a848c0>,36,2,[14  4],37,62,64,25,47
1,<environment.Job instance at 0x7f5c84d922d0>,38,14,[3 5],39,64,78,25,50
1,<environment.Job instance at 0x7f5c84d927d0>,49,1,[5 5],50,75,76,25,55
1,<environment.Job instance at 0x7f5c84c02aa0>,50,1,[8 2],51,76,77,25,55
1,<environment.Job instance at 0x7f5c84cb1dc0>,0,19,[5 8],1,1,20,0,1
1,<environment.Job instance at 0x7f5c84936cd0>,2,22,[8 3],3,3,25,0,3
1,<environment.Job instance at 0x7f5c8492dcd0>,7,2,[1 8],8,20,22,12,20
1,<environment.Job instance at 0x7f5c8578aaa0>,1,16,[ 1 10],2,22,38,20,22
1,<environment.Job instance at 0x7f5c84936b90>,3,1,[9 3],4,25,26,21,25
1,<environment.Job instance at 0x7f5c84936f50>,4,12,[9 2],5,26,38,21,26
1,<environment.Job instance at 0x7f5c843b8280>,19,1,[1 6],20,38,39,18,38
1,<environment.Job instance at 0x7f5c843b7f00>,21,13,[1 9],22,38,51,16,38
1,<environment.Job instance at 0x7f5c84390500>,22,12,[5 2],23,39,51,16,39
1,<environment.Job instance at 0x7f5c848f5b90>,9,16,[7 4],10,39,55,29,39
1,<environment.Job instance at 0x7f5c84390aa0>,24,3,[7 5],25,51,54,26,51
1,<environment.Job instance at 0x7f5c843be6e0>,29,13,[1 9],30,54,67,24,54
1,<environment.Job instance at 0x7f5c84390280>,23,18,[7 1],24,54,72,30,54
1,<environment.Job instance at 0x7f5c843be820>,31,3,[2 7],32,67,70,35,67
1,<environment.Job instance at 0x7f5c8492daa0>,12,15,[3 6],13,67,82,54,67
1,<environment.Job instance at 0x7f5c8437f960>,13,15,[1 7],14,70,85,56,70
1,<environment.Job instance at 0x7f5c84912190>,38,14,[3 5],39,82,96,43,82
1,<environment.Job instance at 0x7f5c843a7780>,33,16,[9 3],34,82,98,48,82
1,<environment.Job instance at 0x7f5c8491eaf0>,44,14,[2 6],45,85,99,40,85
1,<environment.Job instance at 0x7f5c8491ef50>,47,15,[6 5],48,98,113,50,98
1,<environment.Job instance at 0x7f5c843bd460>,49,1,[5 5],50,99,100,49,99
1,<environment.Job instance at 0x7f5c843bdf00>,50,1,[8 2],51,100,101,49,100
1,<environment.Job instance at 0x7f5c8491eb90>,42,16,[2 7],43,101,117,58,101
1,<environment.Job instance at 0x7f5c85246be0>,0,3,[6 1],1,1,4,0,1
1,<environment.Job instance at 0x7f5c85246cd0>,1,3,[1 6],2,2,5,0,2
1,<environment.Job instance at 0x7f5c85246410>,6,15,[6 5],7,7,22,0,7
1,<environment.Job instance at 0x7f5c852469b0>,9,15,[ 2 10],10,12,27,2,12
1,<environment.Job instance at 0x7f5c85246320>,5,18,[14  3],6,27,45,21,17
1,<environment.Job instance at 0x7f5c85220d20>,13,13,[11  3],14,45,58,31,31
1,<environment.Job instance at 0x7f5c85220730>,15,2,[7 1],16,58,60,42,31
1,<environment.Job instance at 0x7f5c852200f0>,12,18,[ 2 11],13,45,63,32,34
1,<environment.Job instance at 0x7f5c852206e0>,14,18,[13  2],15,60,78,45,52
1,<environment.Job instance at 0x7f5c852204b0>,17,23,[2 7],18,63,86,45,61
1,<environment.Job instance at 0x7f5c857a8690>,0,3,[6 1],1,1,4,0,1
1,<environment.Job instance at 0x7f5c85ae3be0>,1,3,[1 6],2,2,5,0,2
1,<environment.Job instance at 0x7f5c85231a00>,6,15,[6 5],7,7,22,0,7
1,<environment.Job instance at 0x7f5c85246a00>,9,15,[ 2 10],10,10,25,0,10
1,<environment.Job instance at 0x7f5c84ca4190>,15,2,[7 1],16,22,24,6,22
1,<environment.Job instance at 0x7f5c84ca4a50>,21,2,[10  3],22,24,26,2,24
1,<environment.Job instance at 0x7f5c84ca41e0>,22,1,[5 2],23,25,26,2,25
1,<environment.Job instance at 0x7f5c84ca45a0>,25,3,[9 1],26,26,29,0,26
1,<environment.Job instance at 0x7f5c84ca4aa0>,19,3,[2 6],20,26,29,6,26
1,<environment.Job instance at 0x7f5c84ca47d0>,23,15,[4 7],24,26,41,2,26
1,<environment.Job instance at 0x7f5c84ca4280>,11,17,[10  3],12,29,46,17,29
1,<environment.Job instance at 0x7f5c84e5a960>,31,1,[2 5],32,41,42,9,41
1,<environment.Job instance at 0x7f5c84e5a550>,35,1,[1 5],36,41,42,5,41
1,<environment.Job instance at 0x7f5c84e5a500>,30,13,[3 9],31,42,55,11,42
1,<environment.Job instance at 0x7f5c84e5a320>,38,17,[9 4],39,46,63,7,46
1,<environment.Job instance at 0x7f5c84e5a050>,39,2,[3 7],40,55,57,15,55
1,<environment.Job instance at 0x7f5c84e5a0a0>,32,13,[3 7],33,57,70,24,57
1,<environment.Job instance at 0x7f5c84e5aa00>,41,14,[9 5],42,63,77,21,63
1,<environment.Job instance at 0x7f5c84e5a1e0>,42,14,[6 1],43,70,84,27,70
1,<environment.Job instance at 0x7f5c84e5aaf0>,43,16,[3 8],44,77,93,33,77
1,<environment.Job instance at 0x7f5c84ca4e10>,24,22,[3 5],25,77,99,52,77
1,<environment.Job instance at 0x7f5c84ae9d70>,51,12,[9 1],52,93,105,41,93
1,<environment.Job instance at 0x7f5c84ae9f50>,45,15,[1 8],46,93,108,47,93
1,<environment.Job instance at 0x7f5c857abd70>,53,1,[5 6],54,99,100,45,99
1,<environment.Job instance at 0x7f5c857abaf0>,60,18,[6 2],61,105,123,44,105
1,<environment.Job instance at 0x7f5c857ab4b0>,61,3,[ 2 10],62,108,111,46,108
1,<environment.Job instance at 0x7f5c8434faf0>,2,16,[5 1],3,3,19,0,3
1,<environment.Job instance at 0x7f5c85ae9320>,4,13,[5 2],5,5,18,0,5
1,<environment.Job instance at 0x7f5c8434fdc0>,5,3,[2 7],6,6,9,0,6
1,<environment.Job instance at 0x7f5c8434f0f0>,7,1,[9 1],8,18,19,10,8
1,<environment.Job instance at 0x7f5c8434f1e0>,9,3,[ 3 11],10,10,13,0,10
1,<environment.Job instance at 0x7f5c8434feb0>,11,12,[5 8],12,19,31,7,13
1,<environment.Job instance at 0x7f5c8434f730>,14,12,[13  2],15,31,43,16,15
1,<environment.Job instance at 0x7f5c8526a410>,22,3,[4 8],23,43,46,20,23
1,<environment.Job instance at 0x7f5c8526a0f0>,24,12,[13  2],25,80,92,55,80
1,<environment.Job instance at 0x7f5c857ab320>,2,16,[5 1],3,3,19,0,3
1,<environment.Job instance at 0x7f5c857ab280>,3,15,[9 3],4,4,19,0,4
1,<environment.Job instance at 0x7f5c857abcd0>,7,1,[9 1],8,19,20,11,19
1,<environment.Job instance at 0x7f5c857abaf0>,5,3,[2 7],6,19,22,13,19
1,<environment.Job instance at 0x7f5c857abaa0>,11,12,[5 8],12,20,32,8,20
1,<environment.Job instance at 0x7f5c857abd20>,4,13,[5 2],5,22,35,17,22
1,<environment.Job instance at 0x7f5c84ca46e0>,27,1,[4 7],28,32,33,4,32
1,<environment.Job instance at 0x7f5c84ca4230>,30,16,[3 6],31,32,48,1,32
1,<environment.Job instance at 0x7f5c84ca4500>,31,15,[1 6],32,33,48,1,33
1,<environment.Job instance at 0x7f5c84ca48c0>,28,12,[10  2],29,35,47,6,35
1,<environment.Job instance at 0x7f5c85231a00>,32,1,[8 4],33,48,49,15,48
1,<environment.Job instance at 0x7f5c84ca4550>,22,3,[4 8],23,48,51,25,48
1,<environment.Job instance at 0x7f5c8434f500>,39,3,[10  3],40,49,52,9,49
1,<environment.Job instance at 0x7f5c84ca4780>,23,16,[ 5 10],24,51,67,27,51
1,<environment.Job instance at 0x7f5c8434fe10>,42,13,[5 1],43,52,65,9,52
1,<environment.Job instance at 0x7f5c84ec50f0>,36,13,[6 1],37,65,78,28,65
1,<environment.Job instance at 0x7f5c859686e0>,44,2,[5 7],45,67,69,22,67
1,<environment.Job instance at 0x7f5c859687d0>,45,12,[1 6],46,67,79,21,67
1,<environment.Job instance at 0x7f5c85968c30>,46,1,[6 3],47,69,70,22,69
1,<environment.Job instance at 0x7f5c855d1f50>,35,13,[7 5],36,70,83,34,70
1,<environment.Job instance at 0x7f5c845379b0>,53,2,[8 3],54,79,81,25,79
1,<environment.Job instance at 0x7f5c845377d0>,54,13,[7 4],55,81,94,26,81
1,<environment.Job instance at 0x7f5c8434f870>,40,15,[8 4],41,83,98,42,83
1,<environment.Job instance at 0x7f5c845376e0>,58,16,[5 7],59,94,110,35,94
1,<environment.Job instance at 0x7f5c84e2ccd0>,61,1,[6 5],62,98,99,36,98
1,<environment.Job instance at 0x7f5c84e2ceb0>,62,13,[6 4],63,99,112,36,99
1,<environment.Job instance at 0x7f5c84284960>,6,13,[5 2],7,7,20,0,7
1,<environment.Job instance at 0x7f5c84284190>,11,1,[ 2 13],12,12,13,0,12
1,<environment.Job instance at 0x7f5c84284230>,13,3,[6 4],14,14,17,0,14
1,<environment.Job instance at 0x7f5c85215410>,17,2,[11  1],18,20,22,2,18
1,<environment.Job instance at 0x7f5c85a6f960>,18,2,[5 3],19,22,24,3,19
1,<environment.Job instance at 0x7f5c853beb90>,24,2,[12  3],25,25,27,0,25
1,<environment.Job instance at 0x7f5c853b01e0>,5,1,[6 4],6,31,32,25,31
1,<environment.Job instance at 0x7f5c8597a9b0>,29,17,[6 1],30,40,57,10,40
1,<environment.Job instance at 0x7f5c8597a780>,33,3,[8 3],34,40,43,6,40
1,<environment.Job instance at 0x7f5c853af230>,34,18,[6 1],35,43,61,8,41
1,<environment.Job instance at 0x7f5c853af5f0>,37,12,[3 5],38,43,55,5,41
1,<environment.Job instance at 0x7f5c8597aa00>,31,15,[8 2],32,92,107,60,92
1,<environment.Job instance at 0x7f5c84fd3d70>,1,18,[1 7],2,2,20,0,2
1,<environment.Job instance at 0x7f5c84fd3fa0>,2,19,[4 6],3,3,22,0,3
1,<environment.Job instance at 0x7f5c846fdbe0>,6,13,[5 2],7,7,20,0,7
1,<environment.Job instance at 0x7f5c846fda00>,5,1,[6 4],6,20,21,14,20
1,<environment.Job instance at 0x7f5c85542c30>,13,3,[6 4],14,21,24,7,21
1,<environment.Job instance at 0x7f5c855422d0>,14,13,[9 1],15,22,35,7,22
1,<environment.Job instance at 0x7f5c84dc9af0>,9,14,[1 7],10,24,38,14,24
1,<environment.Job instance at 0x7f5c855666e0>,16,12,[1 7],17,24,36,7,24
1,<environment.Job instance at 0x7f5c846db230>,18,2,[5 3],19,36,38,17,36
1,<environment.Job instance at 0x7f5c8553b690>,8,15,[9 5],9,36,51,27,36
1,<environment.Job instance at 0x7f5c846dbc30>,19,13,[5 6],20,38,51,18,38
1,<environment.Job instance at 0x7f5c8552a820>,22,15,[8 4],23,51,66,28,51
1,<environment.Job instance at 0x7f5c846fddc0>,4,17,[2 8],5,51,68,46,51
1,<environment.Job instance at 0x7f5c859b3500>,31,15,[8 2],32,66,81,34,66
1,<environment.Job instance at 0x7f5c8553b9b0>,7,17,[2 8],8,68,85,60,68
1,<environment.Job instance at 0x7f5c84ffd0a0>,33,3,[8 3],34,81,84,47,81
1,<environment.Job instance at 0x7f5c84fe2c80>,29,17,[6 1],30,84,101,54,84
1,<environment.Job instance at 0x7f5c84ffddc0>,34,18,[6 1],35,84,102,49,84
1,<environment.Job instance at 0x7f5c846ee3c0>,37,12,[3 5],38,85,97,47,85
1,<environment.Job instance at 0x7f5c855664b0>,15,18,[3 9],16,97,115,81,97
1,<environment.Job instance at 0x7f5c8537c320>,39,14,[6 1],40,101,115,61,101
1,<environment.Job instance at 0x7f5c855862d0>,6,12,[3 5],7,7,19,0,7
1,<environment.Job instance at 0x7f5c85586c30>,10,2,[3 9],11,11,13,0,11
1,<environment.Job instance at 0x7f5c85586a50>,11,3,[ 1 13],12,19,22,7,12
1,<environment.Job instance at 0x7f5c8546cdc0>,26,13,[1 6],27,27,40,0,27
1,<environment.Job instance at 0x7f5c8546ce60>,27,2,[11  4],28,28,30,0,28
1,<environment.Job instance at 0x7f5c8546ceb0>,29,12,[9 1],30,30,42,0,30
1,<environment.Job instance at 0x7f5c85586690>,1,25,[2 8],2,31,56,29,31
1,<environment.Job instance at 0x7f5c8546c320>,32,2,[7 5],33,42,44,9,33
1,<environment.Job instance at 0x7f5c85551f50>,35,25,[1 6],36,44,69,8,40
1,<environment.Job instance at 0x7f5c85551280>,41,12,[8 3],42,56,68,14,51
1,<environment.Job instance at 0x7f5c85551320>,40,1,[8 1],41,51,52,10,51
1,<environment.Job instance at 0x7f5c855515f0>,45,16,[9 5],46,68,84,22,55
1,<environment.Job instance at 0x7f5c846db280>,53,2,[ 4 10],54,77,79,23,77
1,<environment.Job instance at 0x7f5c846dbcd0>,54,1,[14  4],55,84,85,29,77
1,<environment.Job instance at 0x7f5c8507c050>,0,17,[2 8],1,1,18,0,1
1,<environment.Job instance at 0x7f5c850595f0>,2,12,[10  3],3,3,15,0,3
1,<environment.Job instance at 0x7f5c85384dc0>,6,12,[3 5],7,15,27,8,15
1,<environment.Job instance at 0x7f5c8507c910>,3,13,[5 1],4,15,28,11,15
1,<environment.Job instance at 0x7f5c8536fa50>,10,2,[3 9],11,18,20,7,18
1,<environment.Job instance at 0x7f5c853845f0>,8,18,[5 3],9,20,38,11,20
1,<environment.Job instance at 0x7f5c85392410>,15,15,[ 1 10],16,27,42,11,27
1,<environment.Job instance at 0x7f5c85384140>,5,13,[9 5],6,38,51,32,38
1,<environment.Job instance at 0x7f5c85008140>,21,13,[4 8],22,42,55,20,42
1,<environment.Job instance at 0x7f5c85384d20>,7,13,[9 3],8,51,64,43,51
1,<environment.Job instance at 0x7f5c85387cd0>,26,13,[1 6],27,55,68,28,55
1,<environment.Job instance at 0x7f5c85008c80>,22,14,[1 6],23,55,69,32,55
1,<environment.Job instance at 0x7f5c8535d1e0>,29,12,[9 1],30,64,76,34,64
1,<environment.Job instance at 0x7f5c85387280>,25,15,[5 9],26,69,84,43,69
1,<environment.Job instance at 0x7f5c8536afa0>,32,2,[7 5],33,76,78,43,76
1,<environment.Job instance at 0x7f5c846d0cd0>,33,15,[10  1],34,78,93,44,78
1,<environment.Job instance at 0x7f5c84ff8f50>,37,15,[1 7],38,84,99,46,84
1,<environment.Job instance at 0x7f5c846d0960>,36,12,[10  3],37,93,105,56,93
1,<environment.Job instance at 0x7f5c8536ab90>,31,16,[ 2 10],32,99,115,67,99
1,<environment.Job instance at 0x7f5c85363fa0>,40,1,[8 1],41,105,106,64,105
1,<environment.Job instance at 0x7f5c8537c410>,41,12,[8 3],42,106,118,64,106
1,<environment.Job instance at 0x7f5c85560b90>,0,12,[6 1],1,1,13,0,1
1,<environment.Job instance at 0x7f5c8537d410>,2,1,[7 2],3,4,5,1,4
1,<environment.Job instance at 0x7f5c8471d5f0>,3,20,[5 2],4,5,25,1,4
1,<environment.Job instance at 0x7f5c8471d6e0>,4,12,[ 4 10],5,5,17,0,5
1,<environment.Job instance at 0x7f5c8471da00>,6,1,[6 2],7,13,14,6,7
1,<environment.Job instance at 0x7f5c8471d910>,7,2,[ 5 11],8,17,19,9,8
1,<environment.Job instance at 0x7f5c8471dc30>,10,2,[ 4 14],11,25,27,14,11
1,<environment.Job instance at 0x7f5c8471de10>,14,12,[9 4],15,27,39,12,15
1,<environment.Job instance at 0x7f5c8471dfa0>,16,12,[3 5],17,27,39,10,20
1,<environment.Job instance at 0x7f5c8471b370>,18,12,[3 5],19,27,39,8,23
1,<environment.Job instance at 0x7f5c8471b640>,22,1,[7 5],23,39,40,16,25
1,<environment.Job instance at 0x7f5c855604b0>,0,12,[6 1],1,1,13,0,1
1,<environment.Job instance at 0x7f5c84b32820>,2,1,[7 2],3,3,4,0,3
1,<environment.Job instance at 0x7f5c84b32d70>,3,20,[5 2],4,4,24,0,4
1,<environment.Job instance at 0x7f5c84b32fa0>,4,12,[ 4 10],5,5,17,0,5
1,<environment.Job instance at 0x7f5c84b32870>,6,1,[6 2],7,13,14,6,13
1,<environment.Job instance at 0x7f5c84b32190>,11,18,[6 1],12,14,32,2,14
1,<environment.Job instance at 0x7f5c84b324b0>,16,12,[3 5],17,17,29,0,17
1,<environment.Job instance at 0x7f5c84fe0e10>,18,12,[3 5],19,24,36,5,24
1,<environment.Job instance at 0x7f5c84fe03c0>,22,1,[7 5],23,32,33,9,32
1,<environment.Job instance at 0x7f5c84fe05f0>,24,2,[1 8],25,33,35,8,33
1,<environment.Job instance at 0x7f5c84fe0690>,28,18,[5 2],29,33,51,4,33
1,<environment.Job instance at 0x7f5c85586b90>,32,1,[ 3 10],33,36,37,3,36
1,<environment.Job instance at 0x7f5c852905f0>,33,2,[10  3],34,37,39,3,37
1,<environment.Job instance at 0x7f5c84b32a50>,14,12,[9 4],15,39,51,24,39
1,<environment.Job instance at 0x7f5c84fe0c30>,31,13,[9 4],32,51,64,19,51
1,<environment.Job instance at 0x7f5c855510f0>,37,14,[3 7],38,51,65,13,51
1,<environment.Job instance at 0x7f5c85715be0>,35,14,[10  1],36,64,78,28,64
1,<environment.Job instance at 0x7f5c846dbc30>,40,17,[3 6],41,65,82,24,65
1,<environment.Job instance at 0x7f5c84b320f0>,9,14,[8 5],10,78,92,68,78
1,<environment.Job instance at 0x7f5c8546c6e0>,41,17,[ 4 10],42,82,99,40,82
1,<environment.Job instance at 0x7f5c8546c410>,42,1,[9 3],43,92,93,49,92
1,<environment.Job instance at 0x7f5c85016280>,49,14,[7 1],50,93,107,43,93
1,<environment.Job instance at 0x7f5c8571d050>,51,16,[5 5],52,99,115,47,99
1,<environment.Job instance at 0x7f5c85363690>,57,17,[2 5],58,99,116,41,99
1,<environment.Job instance at 0x7f5c84ff8230>,60,14,[7 4],61,107,121,46,107
1,<environment.Job instance at 0x7f5c859c04b0>,2,2,[5 2],3,3,5,0,3
1,<environment.Job instance at 0x7f5c84afff00>,5,13,[6 5],6,6,19,0,6
1,<environment.Job instance at 0x7f5c859c0870>,11,2,[ 1 10],12,12,14,0,12
1,<environment.Job instance at 0x7f5c859c01e0>,12,1,[ 1 10],13,14,15,1,13
1,<environment.Job instance at 0x7f5c859c3460>,17,1,[ 4 11],18,19,20,1,18
1,<environment.Job instance at 0x7f5c859c33c0>,18,3,[12  1],19,20,23,1,19
1,<environment.Job instance at 0x7f5c859c3320>,19,3,[9 1],20,23,26,3,20
1,<environment.Job instance at 0x7f5c859c0e60>,20,13,[2 6],21,21,34,0,21
1,<environment.Job instance at 0x7f5c859c3fa0>,21,16,[7 5],22,26,42,4,22
1,<environment.Job instance at 0x7f5c859c3410>,24,12,[4 7],25,34,46,9,27
1,<environment.Job instance at 0x7f5c859c32d0>,26,13,[4 6],27,42,55,15,28
1,<environment.Job instance at 0x7f5c84fa0c80>,29,3,[ 5 12],30,55,58,25,31
1,<environment.Job instance at 0x7f5c859c3e60>,23,12,[12  2],24,58,70,34,42
1,<environment.Job instance at 0x7f5c84fa01e0>,31,14,[1 9],32,58,72,26,43
1,<environment.Job instance at 0x7f5c8471db40>,0,16,[ 3 10],1,1,17,0,1
1,<environment.Job instance at 0x7f5c85068cd0>,1,13,[8 2],2,2,15,0,2
1,<environment.Job instance at 0x7f5c8471b0f0>,2,2,[5 2],3,15,17,12,15
1,<environment.Job instance at 0x7f5c85384d20>,12,1,[ 1 10],13,17,18,4,17
1,<environment.Job instance at 0x7f5c84d41b40>,5,13,[6 5],6,17,30,11,17
1,<environment.Job instance at 0x7f5c85384dc0>,11,2,[ 1 10],12,18,20,6,18
1,<environment.Job instance at 0x7f5c85396410>,19,3,[9 1],20,20,23,0,20
1,<environment.Job instance at 0x7f5c8536fa00>,20,13,[2 6],21,23,36,2,23
1,<environment.Job instance at 0x7f5c85008b40>,24,12,[4 7],25,30,42,5,30
1,<environment.Job instance at 0x7f5c84440730>,4,15,[3 5],5,36,51,31,36
1,<environment.Job instance at 0x7f5c85008f50>,26,13,[4 6],27,42,55,15,42
1,<environment.Job instance at 0x7f5c85384d70>,14,15,[4 7],15,51,66,36,51
1,<environment.Job instance at 0x7f5c8537e460>,21,16,[7 5],22,55,71,33,55
1,<environment.Job instance at 0x7f5c8536a4b0>,31,14,[1 9],32,66,80,34,66
1,<environment.Job instance at 0x7f5c8535d1e0>,33,15,[9 4],34,71,86,37,71
1,<environment.Job instance at 0x7f5c846d0960>,34,3,[5 7],35,80,83,45,80
1,<environment.Job instance at 0x7f5c85380870>,16,15,[ 5 10],17,83,98,66,83
1,<environment.Job instance at 0x7f5c84ff8eb0>,37,17,[9 3],38,86,103,48,86
1,<environment.Job instance at 0x7f5c853878c0>,28,17,[5 8],29,98,115,69,98
1,<environment.Job instance at 0x7f5c85363910>,39,12,[10  1],40,103,115,63,103
1,<environment.Job instance at 0x7f5c84f11dc0>,2,1,[5 5],3,3,4,0,3
1,<environment.Job instance at 0x7f5c8449f460>,3,12,[9 4],4,4,16,0,4
1,<environment.Job instance at 0x7f5c84f2a870>,6,15,[5 2],7,7,22,0,7
1,<environment.Job instance at 0x7f5c84f2a690>,7,3,[6 3],8,16,19,8,8
1,<environment.Job instance at 0x7f5c84f2a050>,9,15,[5 7],10,19,34,9,10
1,<environment.Job instance at 0x7f5c850de4b0>,17,3,[7 3],18,22,25,4,18
1,<environment.Job instance at 0x7f5c844aa320>,22,2,[ 3 12],23,34,36,11,23
1,<environment.Job instance at 0x7f5c84b38550>,27,12,[3 7],28,36,48,8,28
1,<environment.Job instance at 0x7f5c84206780>,0,16,[10  3],1,1,17,0,1
1,<environment.Job instance at 0x7f5c845ee5f0>,2,1,[5 5],3,3,4,0,3
1,<environment.Job instance at 0x7f5c845ee5a0>,6,15,[5 2],7,7,22,0,7
1,<environment.Job instance at 0x7f5c85359f00>,7,3,[6 3],8,17,20,9,17
1,<environment.Job instance at 0x7f5c8553b690>,15,13,[ 3 10],16,17,30,1,17
1,<environment.Job instance at 0x7f5c85392050>,17,3,[7 3],18,20,23,2,20
1,<environment.Job instance at 0x7f5c845ee460>,3,12,[9 4],4,23,35,19,23
1,<environment.Job instance at 0x7f5c858e17d0>,13,14,[4 9],14,30,44,16,30
1,<environment.Job instance at 0x7f5c85392fa0>,18,14,[10  3],19,35,49,16,35
1,<environment.Job instance at 0x7f5c84d41c80>,24,14,[3 7],25,44,58,19,44
1,<environment.Job instance at 0x7f5c8508c140>,27,12,[3 7],28,49,61,21,49
1,<environment.Job instance at 0x7f5c84f2a910>,28,16,[7 1],29,49,65,20,49
1,<environment.Job instance at 0x7f5c845ee6e0>,9,15,[5 7],10,58,73,48,58
1,<environment.Job instance at 0x7f5c8e5c4960>,32,1,[7 3],33,65,66,32,65
1,<environment.Job instance at 0x7f5c8e5c4820>,34,13,[7 1],35,66,79,31,66
1,<environment.Job instance at 0x7f5c8e5c4140>,35,12,[5 5],36,73,85,37,73
1,<environment.Job instance at 0x7f5c8e5c4230>,36,12,[4 6],37,79,91,42,79
1,<environment.Job instance at 0x7f5c8507ceb0>,21,17,[5 4],22,79,96,57,79
1,<environment.Job instance at 0x7f5c8e5c4e10>,41,17,[5 2],42,85,102,43,85
1,<environment.Job instance at 0x7f5c8e5c4e60>,42,15,[5 6],43,91,106,48,91
1,<environment.Job instance at 0x7f5c8e0ce870>,46,14,[5 2],47,102,116,55,102
1,<environment.Job instance at 0x7f5c848f5cd0>,47,3,[5 1],48,102,105,54,102
1,<environment.Job instance at 0x7f5c846b19b0>,29,15,[ 4 10],30,106,121,76,106
1,<environment.Job instance at 0x7f5c855b1aa0>,50,14,[6 2],51,106,120,55,106
1,<environment.Job instance at 0x7f5c85a644b0>,6,15,[3 8],7,7,22,0,7
1,<environment.Job instance at 0x7f5c85a64910>,8,17,[3 5],9,9,26,0,9
1,<environment.Job instance at 0x7f5c85695cd0>,12,3,[5 5],13,22,25,9,14
1,<environment.Job instance at 0x7f5c85695410>,13,15,[5 1],14,15,30,1,15
1,<environment.Job instance at 0x7f5c85a6d5a0>,15,12,[ 4 13],16,26,38,10,17
1,<environment.Job instance at 0x7f5c85a6d640>,14,23,[7 1],15,30,53,15,28
1,<environment.Job instance at 0x7f5c85a6dcd0>,16,17,[4 6],17,38,55,21,35
1,<environment.Job instance at 0x7f5c8513bf00>,9,26,[1 5],10,38,64,28,35
1,<environment.Job instance at 0x7f5c85a640f0>,10,13,[2 8],11,55,68,44,46
1,<environment.Job instance at 0x7f5c85b42dc0>,20,2,[5 1],21,53,55,32,47
1,<environment.Job instance at 0x7f5c85b42780>,21,2,[ 2 12],22,68,70,46,47
1,<environment.Job instance at 0x7f5c8e5c3d70>,22,13,[ 3 11],23,70,83,47,54
1,<environment.Job instance at 0x7f5c856954b0>,11,18,[11  2],12,59,77,47,59
1,<environment.Job instance at 0x7f5c84431550>,24,14,[5 4],25,77,91,52,62
1,<environment.Job instance at 0x7f5c855cfd20>,23,17,[ 1 10],24,83,100,59,77
1,<environment.Job instance at 0x7f5c85636280>,27,15,[5 5],28,91,106,63,81
1,<environment.Job instance at 0x7f5c85636f50>,25,15,[7 5],26,100,115,74,88
1,<environment.Job instance at 0x7f5c8e120460>,29,12,[3 7],30,106,118,76,106
1,<environment.Job instance at 0x7f5c846554b0>,1,15,[10  2],2,2,17,0,2
1,<environment.Job instance at 0x7f5c846556e0>,6,15,[3 8],7,7,22,0,7
1,<environment.Job instance at 0x7f5c85496960>,12,3,[5 5],13,17,20,4,17
1,<environment.Job instance at 0x7f5c85496460>,13,15,[5 1],14,17,32,3,17
1,<environment.Job instance at 0x7f5c854969b0>,8,17,[3 5],9,20,37,11,20
1,<environment.Job instance at 0x7f5c8e5250a0>,20,2,[5 1],21,22,24,1,22
1,<environment.Job instance at 0x7f5c85496eb0>,10,13,[2 8],11,22,35,11,22
1,<environment.Job instance at 0x7f5c8e5252d0>,24,14,[5 4],25,35,49,10,35
1,<environment.Job instance at 0x7f5c85308e60>,27,15,[5 5],28,35,50,7,35
1,<environment.Job instance at 0x7f5c85496280>,16,17,[4 6],17,37,54,20,37
1,<environment.Job instance at 0x7f5c85308960>,29,12,[3 7],30,50,62,20,50
1,<environment.Job instance at 0x7f5c85496f50>,17,15,[10  5],18,54,69,36,54
1,<environment.Job instance at 0x7f5c84dba910>,33,16,[2 8],34,62,78,28,62
1,<environment.Job instance at 0x7f5c84dba320>,34,12,[3 6],35,69,81,34,69
1,<environment.Job instance at 0x7f5c84dbab90>,35,14,[7 2],36,78,92,42,78
1,<environment.Job instance at 0x7f5c85308460>,25,15,[7 5],26,81,96,55,81
1,<environment.Job instance at 0x7f5c853080f0>,23,17,[ 1 10],24,92,109,68,92
1,<environment.Job instance at 0x7f5c84fe9e60>,42,12,[6 3],43,96,108,53,96
1,<environment.Job instance at 0x7f5c84dbac80>,37,13,[10  2],38,108,121,70,108
1,<environment.Job instance at 0x7f5c84fe9780>,41,16,[1 9],42,109,125,67,109
1,<environment.Job instance at 0x7f7f1907b8c0>,3,3,[ 4 14],4,5,8,1,5
1,<environment.Job instance at 0x7f7f0fa31d70>,6,20,[6 1],7,7,27,0,7
1,<environment.Job instance at 0x7f7f0fa360f0>,11,1,[8 5],12,12,13,0,12
1,<environment.Job instance at 0x7f7f0fa31af0>,4,14,[1 6],5,13,27,8,13
1,<environment.Job instance at 0x7f7f0fa36190>,12,13,[10  2],13,27,40,14,15
1,<environment.Job instance at 0x7f7f0fa31c30>,5,24,[1 5],6,16,40,10,16
1,<environment.Job instance at 0x7f7f0fa36280>,15,18,[2 8],16,27,45,11,16
1,<environment.Job instance at 0x7f7f0fa2c550>,2,22,[4 8],3,3,25,0,3
1,<environment.Job instance at 0x7f7f0fa70910>,4,14,[1 6],5,5,19,0,5
1,<environment.Job instance at 0x7f7f0fb00550>,6,20,[6 1],7,7,27,0,7
1,<environment.Job instance at 0x7f7f0fa297d0>,11,1,[8 5],12,25,26,13,25
1,<environment.Job instance at 0x7f7f0fb7b1e0>,21,1,[6 5],22,26,27,4,26
1,<environment.Job instance at 0x7f7f0faf5eb0>,22,1,[2 7],23,26,27,3,26
1,<environment.Job instance at 0x7f7f0fa29a50>,12,13,[10  2],13,27,40,14,27
1,<environment.Job instance at 0x7f7f0fa296e0>,16,16,[3 5],17,27,43,10,27
1,<environment.Job instance at 0x7f7f0fbb63c0>,15,18,[2 8],16,27,45,11,27
1,<environment.Job instance at 0x7f7f0fa29af0>,14,13,[7 3],15,43,56,28,43
1,<environment.Job instance at 0x7f7f0fad6410>,35,2,[1 8],36,45,47,9,45
1,<environment.Job instance at 0x7f7f0fb3db90>,34,16,[2 8],35,47,63,12,47
1,<environment.Job instance at 0x7f7f0fac5780>,36,15,[9 5],37,56,71,19,56
1,<environment.Job instance at 0x7f7f0faf30f0>,46,13,[6 5],47,63,76,16,63
1,<environment.Job instance at 0x7f7f0fb55c80>,27,18,[1 8],28,71,89,43,71
1,<environment.Job instance at 0x7f7f0faf3410>,49,15,[10  1],50,76,91,26,76
1,<environment.Job instance at 0x7f7f0fb2c4b0>,54,17,[5 7],55,90,107,35,90
1,<environment.Job instance at 0x7f7f0faf3050>,41,15,[10  3],42,91,106,49,91
1,<environment.Job instance at 0x7f7f0fbd23c0>,57,17,[8 5],58,106,123,48,106
1,<environment.Job instance at 0x7f7f0fbdb8c0>,59,14,[2 7],60,107,121,47,107
1,<environment.Job instance at 0x7f7f0f1745f0>,1,3,[10  2],2,6,9,4,6
1,<environment.Job instance at 0x7f7f0f17e140>,7,1,[ 4 11],8,8,9,0,8
1,<environment.Job instance at 0x7f7f0f17eaf0>,9,2,[1 8],10,10,12,0,10
1,<environment.Job instance at 0x7f7f0f174280>,5,1,[ 3 12],6,12,13,6,12
1,<environment.Job instance at 0x7f7f0f304870>,10,15,[8 3],11,13,28,2,13
1,<environment.Job instance at 0x7f7f0f174dc0>,6,18,[13  4],7,28,46,21,18
1,<environment.Job instance at 0x7f7f0f3a9320>,19,3,[ 1 12],20,46,49,26,26
1,<environment.Job instance at 0x7f7f0f262050>,18,12,[7 5],19,49,61,30,32
1,<environment.Job instance at 0x7f7f0f2b3870>,21,13,[5 6],22,49,62,27,33
1,<environment.Job instance at 0x7f7f0f17eeb0>,12,13,[ 5 10],13,62,75,49,50
1,<environment.Job instance at 0x7f7f0f174c80>,11,22,[7 5],12,61,83,49,54
1,<environment.Job instance at 0x7f7f0f2dee60>,25,13,[ 4 10],26,75,88,49,60
1,<environment.Job instance at 0x7f7f0f2de5f0>,27,1,[4 8],28,88,89,60,60
1,<environment.Job instance at 0x7f7f0f2deaf0>,28,1,[11  2],29,83,84,54,60
1,<environment.Job instance at 0x7f7f0f2de320>,24,20,[ 1 14],25,89,109,64,80
1,<environment.Job instance at 0x7f7f0faf3eb0>,0,17,[ 3 10],1,1,18,0,1
1,<environment.Job instance at 0x7f7f0fa40b90>,1,3,[10  2],2,2,5,0,2
1,<environment.Job instance at 0x7f7f0f228d20>,4,22,[8 1],5,5,27,0,5
1,<environment.Job instance at 0x7f7f0f2567d0>,9,2,[1 8],10,18,20,8,18
1,<environment.Job instance at 0x7f7f0f3726e0>,18,12,[7 5],19,20,32,1,20
1,<environment.Job instance at 0x7f7f0f1ed690>,21,13,[5 6],22,27,40,5,27
1,<environment.Job instance at 0x7f7f0faf3870>,10,15,[8 3],11,32,47,21,32
1,<environment.Job instance at 0x7f7f0f1e9820>,27,1,[4 8],28,40,41,12,40
1,<environment.Job instance at 0x7f7f0f258050>,30,3,[1 7],31,41,44,10,41
1,<environment.Job instance at 0x7f7f0f2587d0>,31,3,[4 7],32,44,47,12,44
1,<environment.Job instance at 0x7f7f0f2586e0>,33,3,[5 2],34,47,50,13,47
1,<environment.Job instance at 0x7f7f0f1e62d0>,25,13,[ 4 10],26,47,60,21,47
1,<environment.Job instance at 0x7f7f0f1f4c30>,38,17,[5 5],39,50,67,11,50
1,<environment.Job instance at 0x7f7f0f256fa0>,12,13,[ 5 10],13,60,73,47,60
1,<environment.Job instance at 0x7f7f0f1f4280>,36,17,[7 1],37,67,84,30,67
1,<environment.Job instance at 0x7f7f0f1fc050>,43,13,[7 5],44,73,86,29,73
1,<environment.Job instance at 0x7f7f0f1fcaf0>,41,18,[1 9],42,73,91,31,73
1,<environment.Job instance at 0x7f7f0f1fc9b0>,45,3,[10  1],46,86,89,40,86
1,<environment.Job instance at 0x7f7f0f1f1370>,50,2,[9 5],51,89,91,38,89
1,<environment.Job instance at 0x7f7f0f256870>,15,14,[ 2 10],16,91,105,75,91
1,<environment.Job instance at 0x7f7f0f1f1230>,52,16,[6 4],53,92,108,39,92
1,<environment.Job instance at 0x7f7f0f204fa0>,54,19,[6 1],55,92,111,37,92
1,<environment.Job instance at 0x7f7f0f2354b0>,13,16,[ 3 10],14,106,122,92,106
1,<environment.Job instance at 0x7f7f0f204780>,53,18,[6 5],54,111,129,57,111
1,<environment.Job instance at 0x7f7f0f057aa0>,1,3,[10  5],2,2,5,0,2
1,<environment.Job instance at 0x7f7f0f0572d0>,4,3,[7 5],5,7,10,2,7
1,<environment.Job instance at 0x7f7f0f057690>,6,16,[7 4],7,7,23,0,7
1,<environment.Job instance at 0x7f7f0f057460>,10,3,[11  3],11,23,26,12,11
1,<environment.Job instance at 0x7f7f0f0574b0>,13,12,[9 1],14,26,38,12,14
1,<environment.Job instance at 0x7f7f0f057f00>,14,14,[5 5],15,26,40,11,15
1,<environment.Job instance at 0x7f7f0efe8cd0>,16,3,[9 1],17,38,41,21,17
1,<environment.Job instance at 0x7f7f0efe8c80>,21,1,[ 2 10],22,22,23,0,22
1,<environment.Job instance at 0x7f7f0efe8460>,19,1,[5 4],20,40,41,20,24
1,<environment.Job instance at 0x7f7f0efe8730>,23,2,[4 7],24,41,43,17,25
1,<environment.Job instance at 0x7f7f0efe80f0>,17,17,[5 2],18,41,58,23,29
1,<environment.Job instance at 0x7f7f0efe8550>,25,24,[1 5],26,29,53,3,29
1,<environment.Job instance at 0x7f7f0efe8960>,26,23,[3 6],27,43,66,16,38
1,<environment.Job instance at 0x7f7f0efe8e10>,27,13,[5 4],28,53,66,25,43
1,<environment.Job instance at 0x7f7f0efe8f50>,30,13,[4 5],31,58,71,27,43
1,<environment.Job instance at 0x7f7f0f0bce60>,35,2,[7 2],36,66,68,30,44
1,<environment.Job instance at 0x7f7f0efe84b0>,32,12,[13  5],33,71,83,38,60
1,<environment.Job instance at 0x7f7f0f0bcfa0>,34,25,[1 5],35,66,91,31,62
1,<environment.Job instance at 0x7f7f0efe8f00>,1,3,[10  5],2,2,5,0,2
1,<environment.Job instance at 0x7f7f0f0bcd70>,4,3,[7 5],5,5,8,0,5
1,<environment.Job instance at 0x7f7f1907b780>,6,16,[7 4],7,7,23,0,7
1,<environment.Job instance at 0x7f7f0f057280>,8,18,[4 6],9,9,27,0,9
1,<environment.Job instance at 0x7f7f0f142be0>,16,3,[9 1],17,23,26,6,23
1,<environment.Job instance at 0x7f7f0f057d20>,13,12,[9 1],14,26,38,12,26
1,<environment.Job instance at 0x7f7f34702910>,19,1,[5 4],20,27,28,7,27
1,<environment.Job instance at 0x7f7f0f142b90>,21,1,[ 2 10],22,28,29,6,28
1,<environment.Job instance at 0x7f7f0f0d4960>,23,2,[4 7],24,29,31,5,29
1,<environment.Job instance at 0x7f7f0f0d47d0>,27,13,[5 4],28,31,44,3,31
1,<environment.Job instance at 0x7f7f0f0d44b0>,30,13,[4 5],31,38,51,7,38
1,<environment.Job instance at 0x7f7f0f142230>,14,14,[5 5],15,38,52,23,38
1,<environment.Job instance at 0x7f7f0f142a50>,17,17,[5 2],18,44,61,26,44
1,<environment.Job instance at 0x7f7f348610f0>,18,18,[4 5],19,51,69,32,51
1,<environment.Job instance at 0x7f7f0f0d42d0>,35,2,[7 2],36,61,63,25,61
1,<environment.Job instance at 0x7f7f0f0d4f00>,36,13,[4 9],37,63,76,26,63
1,<environment.Job instance at 0x7f7f190a3370>,42,15,[6 1],43,63,78,20,63
1,<environment.Job instance at 0x7f7f190a33c0>,43,1,[6 4],44,76,77,32,76
1,<environment.Job instance at 0x7f7f0f0d4460>,33,17,[ 2 10],34,76,93,42,76
1,<environment.Job instance at 0x7f7f190a3640>,47,2,[8 5],48,78,80,30,78
1,<environment.Job instance at 0x7f7f0f0d40a0>,39,16,[6 5],40,80,96,40,80
1,<environment.Job instance at 0x7f7f190a3a50>,54,17,[4 6],55,93,110,38,93
1,<environment.Job instance at 0x7f7f190a3e10>,55,1,[7 3],56,96,97,40,96
1,<environment.Job instance at 0x7f7f0f0d4d20>,38,16,[10  3],39,97,113,58,97
1,<environment.Job instance at 0x7f7f190a32d0>,57,1,[2 7],58,110,111,52,110
1,<environment.Job instance at 0x7f7f190a3d20>,56,14,[ 1 10],57,111,125,54,111
1,<environment.Job instance at 0x7f7f0effaaf0>,59,15,[8 2],60,113,128,53,113
1,<environment.Job instance at 0x7f7f190a3c30>,49,18,[6 1],50,113,131,63,113
1,<environment.Job instance at 0x7f7f0f6ad7d0>,1,12,[3 8],2,2,14,0,2
1,<environment.Job instance at 0x7f7f0f6ad640>,6,15,[5 3],7,7,22,0,7
1,<environment.Job instance at 0x7f7f0f6ad3c0>,9,13,[1 7],10,14,27,4,10
1,<environment.Job instance at 0x7f7f0f6ad9b0>,12,2,[5 7],13,22,24,9,13
1,<environment.Job instance at 0x7f7f0f6add70>,14,13,[11  5],15,24,37,9,15
1,<environment.Job instance at 0x7f7f0f55a280>,20,3,[1 6],21,27,30,6,21
1,<environment.Job instance at 0x7f7f0f6ad2d0>,17,2,[6 3],18,37,39,19,22
1,<environment.Job instance at 0x7f7f0f55a190>,16,13,[5 5],17,37,50,20,22
1,<environment.Job instance at 0x7f7f0f55ae10>,22,2,[5 5],23,39,41,16,23
1,<environment.Job instance at 0x7f7f0f55adc0>,23,1,[7 4],24,41,42,17,24
1,<environment.Job instance at 0x7f7f0f55ac80>,25,3,[12  3],26,50,53,24,26
1,<environment.Job instance at 0x7f7f0f55a8c0>,26,12,[ 5 14],27,53,65,26,36
1,<environment.Job instance at 0x7f7f0f55a140>,18,3,[13  2],19,65,68,46,43
1,<environment.Job instance at 0x7f7f0f55a2d0>,28,3,[5 5],29,44,47,15,44
1,<environment.Job instance at 0x7f7f0f55aaa0>,27,14,[7 5],28,68,82,40,53
1,<environment.Job instance at 0x7f7f0f6ab5a0>,31,1,[7 4],32,68,69,36,53
1,<environment.Job instance at 0x7f7f0f6abfa0>,32,2,[9 2],33,82,84,49,55
1,<environment.Job instance at 0x7f7f0f6abb90>,37,1,[ 2 14],38,84,85,46,56
1,<environment.Job instance at 0x7f7f0f6ab690>,38,2,[7 5],39,69,71,30,56
1,<environment.Job instance at 0x7f7f0f6ab9b0>,41,2,[ 2 14],42,85,87,43,58
1,<environment.Job instance at 0x7f7f0f6ab370>,43,3,[ 2 11],44,65,68,21,58
1,<environment.Job instance at 0x7f7f0f6ab050>,44,22,[1 7],45,87,109,42,81
1,<environment.Job instance at 0x7f7f0f6abd70>,45,2,[12  2],46,87,89,41,81
1,<environment.Job instance at 0x7f7f0f6abc80>,46,14,[ 2 10],47,109,123,62,95
1,<environment.Job instance at 0x7f7f0f6ad5f0>,11,25,[12  4],12,97,122,85,97
1,<environment.Job instance at 0x7f7f0f6ab0f0>,48,2,[13  3],49,122,124,73,101
1,<environment.Job instance at 0x7f7f0f6ab230>,50,14,[ 5 10],51,124,138,73,110
1,<environment.Job instance at 0x7f7f0effaa50>,0,17,[7 5],1,1,18,0,1
1,<environment.Job instance at 0x7f7f0effa640>,1,12,[3 8],2,2,14,0,2
1,<environment.Job instance at 0x7f7f0effa2d0>,12,2,[5 7],13,14,16,1,14
1,<environment.Job instance at 0x7f7f0effa460>,9,13,[1 7],10,16,29,6,16
1,<environment.Job instance at 0x7f7f0effa0a0>,6,15,[5 3],7,16,31,9,16
1,<environment.Job instance at 0x7f7f190a36e0>,16,13,[5 5],17,18,31,1,18
1,<environment.Job instance at 0x7f7f0effac80>,3,15,[4 6],4,29,44,25,29
1,<environment.Job instance at 0x7f7f190a3730>,17,2,[6 3],18,31,33,13,31
1,<environment.Job instance at 0x7f7f190a3aa0>,20,3,[1 6],21,31,34,10,31
1,<environment.Job instance at 0x7f7f190a39b0>,22,2,[5 5],23,34,36,11,34
1,<environment.Job instance at 0x7f7f190a3cd0>,23,1,[7 4],24,36,37,12,36
1,<environment.Job instance at 0x7f7f0effa1e0>,7,18,[1 5],8,36,54,28,36
1,<environment.Job instance at 0x7f7f190a3c80>,24,16,[10  4],25,37,53,12,37
1,<environment.Job instance at 0x7f7f34702910>,28,3,[5 5],29,53,56,24,53
1,<environment.Job instance at 0x7f7f348610f0>,27,14,[7 5],28,53,67,25,53
1,<environment.Job instance at 0x7f7f190a3640>,19,14,[7 5],20,56,70,36,56
1,<environment.Job instance at 0x7f7f0f142820>,31,1,[7 4],32,67,68,35,67
1,<environment.Job instance at 0x7f7f0effa190>,2,21,[4 8],3,68,89,65,68
1,<environment.Job instance at 0x7f7f0f142d20>,32,2,[9 2],33,70,72,37,70
1,<environment.Job instance at 0x7f7f191e4140>,38,2,[7 5],39,72,74,33,72
1,<environment.Job instance at 0x7f7f0f142960>,33,17,[7 2],34,74,91,40,74
1,<environment.Job instance at 0x7f7f0f536e60>,46,14,[ 2 10],47,89,103,42,89
1,<environment.Job instance at 0x7f7f190a35f0>,29,18,[9 5],30,91,109,61,91
1,<environment.Job instance at 0x7f7f0f590960>,50,14,[ 5 10],51,103,117,52,103
1,<environment.Job instance at 0x7f7f0efdf820>,52,3,[7 4],53,109,112,56,109
1,<environment.Job instance at 0x7f7f0efdfe10>,53,17,[5 1],54,112,129,58,112
1,<environment.Job instance at 0x7f7f0efdfe60>,56,3,[3 5],57,117,120,60,117
1,<environment.Job instance at 0x7f7f0efdffa0>,51,16,[5 9],52,117,133,65,117
1,<environment.Job instance at 0x7f7f0f7a5320>,0,2,[13  5],1,1,3,0,1
1,<environment.Job instance at 0x7f7f0f7a5be0>,1,2,[1 8],2,2,4,0,2
1,<environment.Job instance at 0x7f7f0f8a7b90>,5,13,[6 4],6,6,19,0,6
1,<environment.Job instance at 0x7f7f0f8a7aa0>,11,13,[6 5],12,12,25,0,12
1,<environment.Job instance at 0x7f7f0f8aa190>,14,3,[2 7],15,19,22,4,15
1,<environment.Job instance at 0x7f7f0f8a0a00>,18,1,[6 3],19,19,20,0,19
1,<environment.Job instance at 0x7f7f0f8a0550>,20,1,[1 9],21,22,23,1,21
1,<environment.Job instance at 0x7f7f0f8a0910>,21,3,[ 5 12],22,25,28,3,22
1,<environment.Job instance at 0x7f7f0f8a01e0>,22,3,[8 5],23,28,31,5,23
1,<environment.Job instance at 0x7f7f0f8a0e10>,24,1,[14  3],25,31,32,6,25
1,<environment.Job instance at 0x7f7f0f407fa0>,25,3,[9 2],26,32,35,6,26
1,<environment.Job instance at 0x7f7f0f3ea640>,26,14,[5 9],27,32,46,5,27
1,<environment.Job instance at 0x7f7f1057bd70>,28,12,[2 5],29,35,47,6,30
1,<environment.Job instance at 0x7f7f0f4717d0>,30,1,[2 9],31,46,47,15,31
1,<environment.Job instance at 0x7f7f0f8a7370>,9,18,[2 9],10,47,65,37,36
1,<environment.Job instance at 0x7f7f1057c4b0>,33,22,[10  2],34,47,69,13,43
1,<environment.Job instance at 0x7f7f0f469820>,34,3,[13  1],35,69,72,34,43
1,<environment.Job instance at 0x7f7f0f47a230>,35,3,[2 6],36,65,68,29,43
1,<environment.Job instance at 0x7f7f1058f050>,36,18,[7 5],37,72,90,35,62
1,<environment.Job instance at 0x7f7f10567d70>,31,27,[1 8],32,68,95,36,66
1,<environment.Job instance at 0x7f7f10582190>,38,3,[ 1 13],39,95,98,56,70
1,<environment.Job instance at 0x7f7f0f4892d0>,39,18,[8 4],40,98,116,58,91
1,<environment.Job instance at 0x7f7f0f8de780>,40,20,[ 1 10],41,98,118,57,94
1,<environment.Job instance at 0x7f7f0f8def50>,41,22,[5 3],42,116,138,74,109
1,<environment.Job instance at 0x7f7f0f8dee10>,42,18,[3 9],43,118,136,75,115
1,<environment.Job instance at 0x7f7f0fc91820>,1,2,[1 8],2,2,4,0,2
1,<environment.Job instance at 0x7f7f0fab7690>,2,16,[10  3],3,3,19,0,3
1,<environment.Job instance at 0x7f7f0fb755a0>,8,19,[1 5],9,9,28,0,9
1,<environment.Job instance at 0x7f7f0fb75d70>,5,13,[6 4],6,19,32,13,19
1,<environment.Job instance at 0x7f7f0fbb8f50>,11,13,[6 5],12,19,32,7,19
1,<environment.Job instance at 0x7f7f0fac4dc0>,14,3,[2 7],15,32,35,17,32
1,<environment.Job instance at 0x7f7f100939b0>,18,1,[6 3],19,32,33,13,32
1,<environment.Job instance at 0x7f7f0fc919b0>,6,14,[10  3],7,33,47,26,33
1,<environment.Job instance at 0x7f7f0fbdf550>,20,1,[1 9],21,35,36,14,35
1,<environment.Job instance at 0x7f7f0fb87910>,9,18,[2 9],10,36,54,26,36
1,<environment.Job instance at 0x7f7f0fef6230>,25,3,[9 2],26,47,50,21,47
1,<environment.Job instance at 0x7f7f0ff56870>,22,3,[8 5],23,50,53,27,50
1,<environment.Job instance at 0x7f7f0ff8acd0>,28,12,[2 5],29,53,65,24,53
1,<environment.Job instance at 0x7f7f0f5c3410>,30,1,[2 9],31,54,55,23,54
1,<environment.Job instance at 0x7f7f191f0460>,35,3,[2 6],36,55,58,19,55
1,<environment.Job instance at 0x7f7f0fb75870>,10,18,[10  4],11,55,73,44,55
1,<environment.Job instance at 0x7f7f0fef63c0>,26,14,[5 9],27,65,79,38,65
1,<environment.Job instance at 0x7f7f0ff7e460>,17,15,[9 5],18,73,88,55,73
1,<environment.Job instance at 0x7f7f0fef6960>,29,16,[6 5],30,79,95,49,79
1,<environment.Job instance at 0x7f7f191f0730>,36,18,[7 5],37,88,106,51,88
1,<environment.Job instance at 0x7f7f0efdf6e0>,44,16,[5 5],45,95,111,50,95
1,<environment.Job instance at 0x7f7f0efdf140>,43,13,[10  4],44,106,119,62,106
1,<environment.Job instance at 0x7f7f0efdf0f0>,49,18,[3 6],50,111,129,61,111
1,<environment.Job instance at 0x7f7f0efdf050>,50,1,[9 3],51,119,120,68,119
1,<environment.Job instance at 0x7f7f0f4a2e10>,9,1,[3 7],10,11,12,1,11
1,<environment.Job instance at 0x7f7f0f4a21e0>,11,17,[11  1],12,12,29,0,12
1,<environment.Job instance at 0x7f7f0f4a2b90>,12,2,[ 1 14],13,13,15,0,13
1,<environment.Job instance at 0x7f7f0fe92640>,13,12,[13  2],14,29,41,15,15
1,<environment.Job instance at 0x7f7f0fe92be0>,15,15,[ 2 11],16,17,32,1,17
1,<environment.Job instance at 0x7f7f0fe92a00>,18,17,[5 5],19,41,58,22,29
1,<environment.Job instance at 0x7f7f0f4a2e60>,14,15,[9 1],15,41,56,26,29
1,<environment.Job instance at 0x7f7f0fe92eb0>,21,3,[5 5],22,56,59,34,30
1,<environment.Job instance at 0x7f7f0fe92fa0>,22,13,[1 5],23,32,45,9,30
1,<environment.Job instance at 0x7f7f0f4a2640>,10,15,[11  4],11,59,74,48,45
1,<environment.Job instance at 0x7f7f0fe92aa0>,19,14,[3 7],20,58,72,38,47
1,<environment.Job instance at 0x7f7f0fe928c0>,28,16,[4 9],29,72,88,43,59
1,<environment.Job instance at 0x7f7f0fe92910>,23,20,[5 4],24,74,94,50,65
1,<environment.Job instance at 0x7f7f0fe92410>,27,20,[6 2],28,74,94,46,65
1,<environment.Job instance at 0x7f7f10583f50>,29,18,[ 2 10],30,94,112,64,83
1,<environment.Job instance at 0x7f7f0fe924b0>,26,20,[7 1],27,94,114,67,85
1,<environment.Job instance at 0x7f7f10583410>,32,14,[6 5],33,112,126,79,97
1,<environment.Job instance at 0x7f7f10583910>,33,1,[7 2],34,114,115,80,97
1,<environment.Job instance at 0x7f7f10583780>,31,20,[5 1],32,115,135,83,106
1,<environment.Job instance at 0x7f7f10583aa0>,35,20,[4 7],36,115,135,79,109
1,<environment.Job instance at 0x7f7f0f8a0370>,0,18,[7 1],1,1,19,0,1
1,<environment.Job instance at 0x7f7f0f8a0190>,1,16,[1 8],2,2,18,0,2
1,<environment.Job instance at 0x7f7f0f8a7230>,2,13,[3 6],3,3,16,0,3
1,<environment.Job instance at 0x7f7f0f536af0>,9,1,[3 7],10,18,19,8,18
1,<environment.Job instance at 0x7f7f0f6c2820>,14,15,[9 1],15,19,34,4,19
1,<environment.Job instance at 0x7f7f0fc99b90>,18,17,[5 5],19,19,36,0,19
1,<environment.Job instance at 0x7f7f0fe926e0>,21,3,[5 5],22,34,37,12,34
1,<environment.Job instance at 0x7f7f191f02d0>,22,13,[1 5],23,34,47,11,34
1,<environment.Job instance at 0x7f7f0fe92870>,20,15,[9 4],21,36,51,15,36
1,<environment.Job instance at 0x7f7f0fc99870>,19,14,[3 7],20,47,61,27,47
1,<environment.Job instance at 0x7f7f0f785050>,32,14,[6 5],33,51,65,18,51
1,<environment.Job instance at 0x7f7f191e7140>,33,1,[7 2],34,61,62,27,61
1,<environment.Job instance at 0x7f7f0f4cd320>,28,16,[4 9],29,62,78,33,62
1,<environment.Job instance at 0x7f7f191e7e60>,34,15,[10  3],35,65,80,30,65
1,<environment.Job instance at 0x7f7f191e4af0>,3,18,[ 3 10],4,78,96,74,78
1,<environment.Job instance at 0x7f7f0f4a2960>,37,13,[9 4],38,80,93,42,80
1,<environment.Job instance at 0x7f7f0fe853c0>,44,3,[6 1],45,93,96,48,93
1,<environment.Job instance at 0x7f7f0fe85050>,40,15,[4 5],41,97,112,56,97
1,<environment.Job instance at 0x7f7f0fe85460>,48,16,[ 5 10],49,97,113,48,97
1,<environment.Job instance at 0x7f7f0fe85a50>,45,16,[4 5],46,112,128,66,112
1,<environment.Job instance at 0x7f7f0f419280>,50,16,[9 2],51,113,129,62,113
1,<environment.Job instance at 0x7f7f0fe855f0>,42,21,[1 6],43,113,134,70,113
1,<environment.Job instance at 0x7f7f0f481e10>,3,3,[9 1],4,6,9,2,6
1,<environment.Job instance at 0x7f7f0fb749b0>,9,1,[6 1],10,10,11,0,10
1,<environment.Job instance at 0x7f7f0f9e3f50>,4,28,[ 1 11],5,11,39,6,11
1,<environment.Job instance at 0x7f7f0fb8e1e0>,14,3,[ 5 14],15,39,42,24,24
1,<environment.Job instance at 0x7f7f0fb8edc0>,18,3,[13  4],19,26,29,7,26
1,<environment.Job instance at 0x7f7f0fb74b90>,7,14,[13  5],8,42,56,34,27
1,<environment.Job instance at 0x7f7f0fb8e960>,19,16,[2 9],20,42,58,22,30
1,<environment.Job instance at 0x7f7f0f4e9f00>,29,3,[7 1],30,36,39,6,36
1,<environment.Job instance at 0x7f7f0f6b1b90>,32,3,[ 4 11],33,58,61,25,36
1,<environment.Job instance at 0x7f7f0fb84e60>,25,1,[1 6],26,56,57,30,37
1,<environment.Job instance at 0x7f7f0f4f0f50>,35,2,[ 4 13],36,61,63,25,37
1,<environment.Job instance at 0x7f7f0f6526e0>,36,2,[10  5],37,63,65,26,38
1,<environment.Job instance at 0x7f7f0fb8e910>,20,18,[7 5],21,65,83,44,63
1,<environment.Job instance at 0x7f7f10581d70>,0,18,[9 5],1,1,19,0,1
1,<environment.Job instance at 0x7f7f105812d0>,5,17,[6 5],6,6,23,0,6
1,<environment.Job instance at 0x7f7f10581460>,9,1,[6 1],10,19,20,9,19
1,<environment.Job instance at 0x7f7f105815a0>,3,3,[9 1],4,20,23,16,20
1,<environment.Job instance at 0x7f7f105782d0>,17,14,[2 6],18,23,37,5,23
1,<environment.Job instance at 0x7f7f10578780>,12,14,[7 1],13,23,37,10,23
1,<environment.Job instance at 0x7f7f10581640>,10,15,[5 2],11,23,38,12,23
1,<environment.Job instance at 0x7f7f10578f00>,19,16,[2 9],20,37,53,17,37
1,<environment.Job instance at 0x7f7f0f8c7820>,23,17,[4 5],24,38,55,14,38
1,<environment.Job instance at 0x7f7f191f0320>,25,1,[1 6],26,53,54,27,53
1,<environment.Job instance at 0x7f7f10581aa0>,8,16,[ 5 10],9,54,70,45,54
1,<environment.Job instance at 0x7f7f191f0730>,29,3,[7 1],30,55,58,25,55
1,<environment.Job instance at 0x7f7f0f5366e0>,31,15,[10  4],32,58,73,26,58
1,<environment.Job instance at 0x7f7f105786e0>,22,16,[ 2 10],23,70,86,47,70
1,<environment.Job instance at 0x7f7f0f9b7820>,36,2,[10  5],37,73,75,36,73
1,<environment.Job instance at 0x7f7f10578910>,20,18,[7 5],21,75,93,54,75
1,<environment.Job instance at 0x7f7f1018a780>,39,14,[1 7],40,86,100,46,86
1,<environment.Job instance at 0x7f7f0fda8a00>,46,13,[1 5],47,93,106,46,93
1,<environment.Job instance at 0x7f7f0f47cc80>,47,15,[ 5 10],48,100,115,52,100
1,<environment.Job instance at 0x7f7f0f4a2820>,50,14,[9 5],51,106,120,55,106
1,<environment.Job instance at 0x7f7f0f21a5a0>,52,13,[5 8],53,115,128,62,115
1,<environment.Job instance at 0x7f7f0fc85960>,1,13,[1 9],2,2,15,0,2
1,<environment.Job instance at 0x7f7f0fc85eb0>,3,13,[1 7],4,15,28,11,4
1,<environment.Job instance at 0x7f7f0fc85f50>,5,2,[5 5],6,6,8,0,6
1,<environment.Job instance at 0x7f7f10262e60>,6,2,[ 5 13],7,28,30,21,7
1,<environment.Job instance at 0x7f7f10262320>,8,2,[ 1 10],9,30,32,21,9
1,<environment.Job instance at 0x7f7f10262dc0>,9,13,[7 5],10,10,23,0,10
1,<environment.Job instance at 0x7f7f102627d0>,11,1,[9 1],12,23,24,11,12
1,<environment.Job instance at 0x7f7f10262d20>,14,3,[11  2],15,24,27,9,15
1,<environment.Job instance at 0x7f7f10262b40>,15,3,[14  5],16,30,33,14,16
1,<environment.Job instance at 0x7f7f10262460>,16,12,[5 4],17,33,45,16,17
1,<environment.Job instance at 0x7f7f0fc85640>,13,3,[8 2],14,27,30,13,23
1,<environment.Job instance at 0x7f7f10262050>,23,2,[11  1],24,45,47,21,26
1,<environment.Job instance at 0x7f7f1058f640>,1,13,[1 9],2,2,15,0,2
1,<environment.Job instance at 0x7f7f0fcb7b90>,5,2,[5 5],6,6,8,0,6
1,<environment.Job instance at 0x7f7f0f56ceb0>,9,13,[7 5],10,10,23,0,10
1,<environment.Job instance at 0x7f7f0fd86320>,8,2,[ 1 10],9,15,17,6,15
1,<environment.Job instance at 0x7f7f0ff619b0>,13,3,[8 2],14,17,20,3,17
1,<environment.Job instance at 0x7f7f0f7760f0>,16,12,[5 4],17,20,32,3,20
1,<environment.Job instance at 0x7f7f18c41230>,11,1,[9 1],12,23,24,11,23
1,<environment.Job instance at 0x7f7f0f6bcd70>,3,13,[1 7],4,23,36,19,23
1,<environment.Job instance at 0x7f7f0f47cc80>,17,14,[8 1],18,24,38,6,24
1,<environment.Job instance at 0x7f7f10581fa0>,33,2,[5 2],34,36,38,2,36
1,<environment.Job instance at 0x7f7f105812d0>,34,3,[5 1],35,38,41,3,38
1,<environment.Job instance at 0x7f7f10581640>,25,12,[9 4],26,38,50,12,38
1,<environment.Job instance at 0x7f7f105815a0>,29,15,[4 9],30,41,56,11,41
1,<environment.Job instance at 0x7f7f105818c0>,30,15,[7 5],31,50,65,19,50
1,<environment.Job instance at 0x7f7f0fc85550>,41,2,[5 9],42,56,58,14,56
1,<environment.Job instance at 0x7f7f0fc855a0>,43,15,[4 7],44,58,73,14,58
1,<environment.Job instance at 0x7f7f10292c80>,47,12,[9 4],48,65,77,17,65
1,<environment.Job instance at 0x7f7f34702910>,18,16,[ 4 10],19,73,89,54,73
1,<environment.Job instance at 0x7f7f10292820>,51,3,[10  1],52,77,80,25,77
1,<environment.Job instance at 0x7f7f10292a00>,52,15,[7 5],53,80,95,27,80
1,<environment.Job instance at 0x7f7f10292550>,56,3,[2 7],57,89,92,32,89
1,<environment.Job instance at 0x7f7f10292280>,55,14,[ 1 10],56,92,106,36,92
1,<environment.Job instance at 0x7f7f10292190>,58,1,[8 1],59,95,96,36,95
1,<environment.Job instance at 0x7f7f105810a0>,35,17,[9 3],36,96,113,60,96
1,<environment.Job instance at 0x7f7f102628c0>,38,17,[2 7],39,106,123,67,106
1,<environment.Job instance at 0x7f7f10292730>,65,12,[6 1],66,113,125,47,113
1,<environment.Job instance at 0x7f7f10292870>,64,14,[7 2],65,113,127,48,113
1,<environment.Job instance at 0x7f7f0f7170a0>,1,14,[5 5],2,2,16,0,2
1,<environment.Job instance at 0x7f7f0f717e10>,4,16,[6 1],5,5,21,0,5
1,<environment.Job instance at 0x7f7f0f717190>,7,18,[1 5],8,8,26,0,8
1,<environment.Job instance at 0x7f7f0f717690>,9,12,[6 3],10,16,28,6,10
1,<environment.Job instance at 0x7f7f0f49f410>,12,12,[1 8],13,26,38,13,13
1,<environment.Job instance at 0x7f7f0f49f550>,13,2,[ 1 12],14,38,40,24,14
1,<environment.Job instance at 0x7f7f0f49f2d0>,10,16,[10  2],11,28,44,17,20
1,<environment.Job instance at 0x7f7f0f49fc30>,17,13,[7 5],18,44,57,26,28
1,<environment.Job instance at 0x7f7f102928c0>,1,14,[5 5],2,2,16,0,2
1,<environment.Job instance at 0x7f7f10292a50>,4,16,[6 1],5,5,21,0,5
1,<environment.Job instance at 0x7f7f10292b40>,7,18,[1 5],8,8,26,0,8
1,<environment.Job instance at 0x7f7f102921e0>,9,12,[6 3],10,16,28,6,16
1,<environment.Job instance at 0x7f7f0fd86320>,15,18,[6 2],16,21,39,5,21
1,<environment.Job instance at 0x7f7f10262730>,12,12,[1 8],13,26,38,13,26
1,<environment.Job instance at 0x7f7f0f3797d0>,17,13,[7 5],18,28,41,10,28
1,<environment.Job instance at 0x7f7f10291c80>,24,2,[8 3],25,39,41,14,39
1,<environment.Job instance at 0x7f7f10291aa0>,25,3,[2 8],26,41,44,15,41
1,<environment.Job instance at 0x7f7f18dfcf00>,14,13,[9 5],15,41,54,26,41
1,<environment.Job instance at 0x7f7f1026fa00>,30,13,[3 6],31,44,57,13,44
1,<environment.Job instance at 0x7f7f100e3fa0>,31,2,[7 5],32,54,56,22,54
1,<environment.Job instance at 0x7f7f100c7500>,33,3,[2 8],34,56,59,22,56
1,<environment.Job instance at 0x7f7f1026f280>,27,15,[8 5],28,57,72,29,57
1,<environment.Job instance at 0x7f7f100c7050>,34,3,[ 3 10],35,59,62,24,59
1,<environment.Job instance at 0x7f7f0f151370>,36,3,[5 3],37,62,65,25,62
1,<environment.Job instance at 0x7f7f0f151910>,39,2,[6 2],40,65,67,25,65
1,<environment.Job instance at 0x7f7f0f14e0f0>,41,2,[2 7],42,67,69,25,67
1,<environment.Job instance at 0x7f7f102628c0>,11,15,[4 8],12,69,84,57,69
1,<environment.Job instance at 0x7f7f0f159910>,43,3,[9 1],44,72,75,28,72
1,<environment.Job instance at 0x7f7f0f159f00>,46,15,[7 1],47,75,90,28,75
1,<environment.Job instance at 0x7f7f10286460>,47,14,[3 8],48,84,98,36,84
1,<environment.Job instance at 0x7f7f191f6320>,20,15,[7 3],21,90,105,69,90
1,<environment.Job instance at 0x7f7f10286eb0>,48,12,[5 9],49,98,110,49,98
1,<environment.Job instance at 0x7f7f0f11f050>,51,2,[8 1],52,105,107,53,105
1,<environment.Job instance at 0x7f7f10292960>,10,16,[10  2],11,107,123,96,107
1,<environment.Job instance at 0x7f7f0f159dc0>,44,16,[4 9],45,110,126,65,110
1,<environment.Job instance at 0x7f7f0f7799b0>,2,1,[ 5 14],3,3,4,0,3
1,<environment.Job instance at 0x7f7f0f779be0>,4,12,[ 1 10],5,7,19,2,7
1,<environment.Job instance at 0x7f7f18c4a5f0>,7,3,[ 4 11],8,19,22,11,8
1,<environment.Job instance at 0x7f7f18c4a280>,8,15,[5 1],9,9,24,0,9
1,<environment.Job instance at 0x7f7f18c4a140>,9,13,[5 2],10,10,23,0,10
1,<environment.Job instance at 0x7f7f18c4afa0>,10,1,[10  2],11,23,24,12,11
1,<environment.Job instance at 0x7f7f18c4a190>,14,3,[13  3],15,24,27,9,15
1,<environment.Job instance at 0x7f7f18c4aa00>,15,13,[8 1],16,27,40,11,16
1,<environment.Job instance at 0x7f7f18c4ac80>,18,2,[ 4 14],19,27,29,8,19
1,<environment.Job instance at 0x7f7f18c4a910>,19,14,[6 1],20,29,43,9,20
1,<environment.Job instance at 0x7f7f18c4a8c0>,20,2,[1 5],21,24,26,3,21
1,<environment.Job instance at 0x7f7f18c4a370>,23,3,[10  2],24,43,46,19,24
1,<environment.Job instance at 0x7f7f0fe38640>,24,14,[7 5],25,46,60,21,31
1,<environment.Job instance at 0x7f7f0fe38690>,33,1,[5 6],34,40,41,6,34
1,<environment.Job instance at 0x7f7f0fe386e0>,34,12,[8 3],35,46,58,11,35
1,<environment.Job instance at 0x7f7f0fe38960>,36,3,[6 3],37,58,61,21,37
1,<environment.Job instance at 0x7f7f0fe38320>,37,2,[12  3],38,61,63,23,38
1,<environment.Job instance at 0x7f7f10406460>,44,12,[3 5],45,60,72,15,49
1,<environment.Job instance at 0x7f7f10406be0>,48,2,[9 4],49,63,65,14,49
1,<environment.Job instance at 0x7f7f10406d70>,49,19,[3 8],50,65,84,15,55
1,<environment.Job instance at 0x7f7f0fe38af0>,29,14,[ 1 10],30,85,99,55,85
1,<environment.Job instance at 0x7f7f10406500>,50,18,[11  2],51,93,111,42,93
1,<environment.Job instance at 0x7f7f10406e10>,53,14,[6 3],54,111,125,57,96
1,<environment.Job instance at 0x7f7f10406a50>,54,2,[ 5 12],55,111,113,56,96
1,<environment.Job instance at 0x7f7f10406820>,52,14,[5 9],53,113,127,60,111
1,<environment.Job instance at 0x7f7f10289730>,1,22,[10  5],2,2,24,0,2
1,<environment.Job instance at 0x7f7f100829b0>,4,12,[ 1 10],5,5,17,0,5
1,<environment.Job instance at 0x7f7f10082870>,9,13,[5 2],10,17,30,7,17
1,<environment.Job instance at 0x7f7f102810a0>,10,1,[10  2],11,24,25,13,24
1,<environment.Job instance at 0x7f7f10281e10>,15,13,[8 1],16,25,38,9,25
1,<environment.Job instance at 0x7f7f0f49daa0>,20,2,[1 5],21,25,27,4,25
1,<environment.Job instance at 0x7f7f0f4782d0>,6,15,[1 8],7,27,42,20,27
1,<environment.Job instance at 0x7f7f1011fd20>,19,14,[6 1],20,30,44,10,30
1,<environment.Job instance at 0x7f7f1026c3c0>,24,14,[7 5],25,38,52,13,38
1,<environment.Job instance at 0x7f7f102812d0>,17,18,[1 9],18,42,60,24,42
1,<environment.Job instance at 0x7f7f1058e140>,8,15,[5 1],9,44,59,35,44
1,<environment.Job instance at 0x7f7f1026cd70>,28,18,[5 5],29,52,70,23,52
1,<environment.Job instance at 0x7f7f1026c140>,23,3,[10  2],24,60,63,36,60
1,<environment.Job instance at 0x7f7f0f15e5f0>,29,14,[ 1 10],30,63,77,33,63
1,<environment.Job instance at 0x7f7f0f15eeb0>,32,16,[7 5],33,70,86,37,70
1,<environment.Job instance at 0x7f7f0f1a3cd0>,33,1,[5 6],34,77,78,43,77
1,<environment.Job instance at 0x7f7f0fdb03c0>,34,12,[8 3],35,78,90,43,78
1,<environment.Job instance at 0x7f7f0fd95dc0>,36,3,[6 3],37,86,89,49,86
1,<environment.Job instance at 0x7f7f18b668c0>,22,17,[3 7],23,89,106,66,89
1,<environment.Job instance at 0x7f7f10265c30>,48,2,[9 4],49,90,92,41,90
1,<environment.Job instance at 0x7f7f10299550>,44,12,[3 5],45,92,104,47,92
1,<environment.Job instance at 0x7f7f0f13b820>,39,13,[9 1],40,92,105,52,92
1,<environment.Job instance at 0x7f7f10286cd0>,56,3,[9 2],57,105,108,48,105
1,<environment.Job instance at 0x7f7f0f11f050>,53,14,[6 3],54,106,120,52,106
1,<environment.Job instance at 0x7f7f0f11fb40>,52,14,[5 9],53,108,122,55,108
1,<environment.Job instance at 0x7f7f0f1fcb90>,6,14,[3 9],7,11,25,4,11
1,<environment.Job instance at 0x7f7f0fe6b500>,11,16,[ 1 10],12,25,41,13,12
1,<environment.Job instance at 0x7f7f10289c80>,7,12,[10  1],8,13,25,5,13
1,<environment.Job instance at 0x7f7f0fe6be60>,13,1,[9 3],14,25,26,11,14
1,<environment.Job instance at 0x7f7f0fe6bcd0>,14,12,[9 2],15,29,41,14,29
1,<environment.Job instance at 0x7f7f0f1c1140>,17,2,[1 8],18,41,43,23,29
1,<environment.Job instance at 0x7f7f0f1c1f50>,8,17,[4 7],9,63,80,54,63
1,<environment.Job instance at 0x7f7f0fe6ba50>,19,16,[7 4],20,65,81,45,65
1,<environment.Job instance at 0x7f7f0fe6bbe0>,20,12,[11  2],21,81,93,60,80
1,<environment.Job instance at 0x7f7f0fe6b050>,18,17,[ 1 10],19,92,109,73,92
1,<environment.Job instance at 0x7f7f0f1c1820>,9,12,[ 1 12],10,109,121,99,93
1,<environment.Job instance at 0x7f7f0f680960>,6,14,[3 9],7,7,21,0,7
1,<environment.Job instance at 0x7f7f0f779500>,7,12,[10  1],8,8,20,0,8
1,<environment.Job instance at 0x7f7f1023c8c0>,13,1,[9 3],14,20,21,6,20
1,<environment.Job instance at 0x7f7f0fede9b0>,17,2,[1 8],18,21,23,3,21
1,<environment.Job instance at 0x7f7f1023c500>,14,12,[9 2],15,21,33,6,21
1,<environment.Job instance at 0x7f7f18dfcf00>,22,15,[3 6],23,23,38,0,23
1,<environment.Job instance at 0x7f7f34702910>,23,15,[1 7],24,24,39,0,24
1,<environment.Job instance at 0x7f7f10291730>,29,1,[1 6],30,38,39,8,38
1,<environment.Job instance at 0x7f7f10291460>,31,13,[1 9],32,39,52,7,39
1,<environment.Job instance at 0x7f7f10291be0>,32,12,[5 2],33,39,51,6,39
1,<environment.Job instance at 0x7f7f0fedec80>,19,16,[7 4],20,39,55,19,39
1,<environment.Job instance at 0x7f7f1026f460>,33,18,[7 1],34,51,69,17,51
1,<environment.Job instance at 0x7f7f1023cfa0>,11,16,[ 1 10],12,52,68,40,52
1,<environment.Job instance at 0x7f7f1026f550>,34,3,[7 5],35,68,71,33,68
1,<environment.Job instance at 0x7f7f100c72d0>,39,13,[1 9],40,68,81,28,68
1,<environment.Job instance at 0x7f7f0f13e320>,43,16,[9 3],44,72,88,28,72
1,<environment.Job instance at 0x7f7f0f151b40>,41,3,[2 7],42,81,84,39,81
1,<environment.Job instance at 0x7f7f0f159910>,48,14,[3 5],49,81,95,32,81
1,<environment.Job instance at 0x7f7f0f11f050>,52,16,[2 7],53,84,100,31,84
1,<environment.Job instance at 0x7f7f0f14ea00>,45,22,[6 3],46,88,110,42,88
1,<environment.Job instance at 0x7f7f0f11fc30>,54,14,[2 6],55,100,114,45,100
1,<environment.Job instance at 0x7f7f10265d70>,57,15,[6 5],58,100,115,42,100
1,<environment.Job instance at 0x7f7f10265c30>,59,1,[5 5],60,114,115,54,114
1,<environment.Job instance at 0x7f7f0f12aa50>,60,1,[8 2],61,115,116,54,115
1,<environment.Job instance at 0x7f7f0f779730>,8,17,[4 7],9,115,132,106,115
1,<environment.Job instance at 0x7f7f10299050>,64,1,[10  4],65,116,117,51,116
1,<environment.Job instance at 0x7f7f0f1cde10>,65,12,[5 1],66,117,129,51,117
1,<environment.Job instance at 0x7f7f0f159640>,47,17,[4 7],48,117,134,69,117
1,<environment.Job instance at 0x7f7f0f068370>,0,3,[6 1],1,1,4,0,1
1,<environment.Job instance at 0x7f7f0f0685f0>,1,3,[1 6],2,2,5,0,2
1,<environment.Job instance at 0x7f7f0f0685a0>,6,15,[6 5],7,7,22,0,7
1,<environment.Job instance at 0x7f7f18b86140>,9,15,[ 2 10],10,13,28,3,13
1,<environment.Job instance at 0x7f7f18b86690>,13,13,[11  3],14,22,35,8,15
1,<environment.Job instance at 0x7f7f18b86370>,12,18,[ 2 11],13,28,46,15,19
1,<environment.Job instance at 0x7f7f18b86910>,15,2,[7 1],16,35,37,19,19
1,<environment.Job instance at 0x7f7f18b86230>,14,18,[13  2],15,37,55,22,26
1,<environment.Job instance at 0x7f7f18b86730>,17,23,[2 7],18,46,69,28,46
1,<environment.Job instance at 0x7f7f0f0684b0>,11,17,[10  3],12,55,72,43,46
1,<environment.Job instance at 0x7f7f0fd9d460>,19,3,[2 6],20,69,72,49,46
1,<environment.Job instance at 0x7f7f0f068b90>,5,18,[14  3],6,72,90,66,64
1,<environment.Job instance at 0x7f7f0fd9d320>,21,2,[10  3],22,90,92,68,64
1,<environment.Job instance at 0x7f7f0fd9ddc0>,22,1,[5 2],23,90,91,67,64
1,<environment.Job instance at 0x7f7f0fd9db40>,20,12,[ 4 14],21,92,104,71,77
1,<environment.Job instance at 0x7f7f0fd9d640>,23,15,[4 7],24,104,119,80,92
1,<environment.Job instance at 0x7f7f0fd9d9b0>,25,3,[9 1],26,93,96,67,93
1,<environment.Job instance at 0x7f7f0fd9dc80>,26,18,[ 5 11],27,119,137,92,111
1,<environment.Job instance at 0x7f7f0f867370>,0,3,[6 1],1,1,4,0,1
1,<environment.Job instance at 0x7f7f0f867a00>,1,3,[1 6],2,2,5,0,2
1,<environment.Job instance at 0x7f7f0f867280>,6,15,[6 5],7,7,22,0,7
1,<environment.Job instance at 0x7f7f0f87d8c0>,9,15,[ 2 10],10,10,25,0,10
1,<environment.Job instance at 0x7f7f0f8e39b0>,15,2,[7 1],16,22,24,6,22
1,<environment.Job instance at 0x7f7f0f901c80>,21,2,[10  3],22,24,26,2,24
1,<environment.Job instance at 0x7f7f0f901eb0>,22,1,[5 2],23,25,26,2,25
1,<environment.Job instance at 0x7f7f0ee929b0>,25,3,[9 1],26,26,29,0,26
1,<environment.Job instance at 0x7f7f0f901f50>,19,3,[2 6],20,26,29,6,26
1,<environment.Job instance at 0x7f7f0ee92e10>,23,15,[4 7],24,26,41,2,26
1,<environment.Job instance at 0x7f7f0f891a00>,11,17,[10  3],12,29,46,17,29
1,<environment.Job instance at 0x7f7f0eef1f50>,31,1,[2 5],32,41,42,9,41
1,<environment.Job instance at 0x7f7f0f8ef780>,35,1,[1 5],36,41,42,5,41
1,<environment.Job instance at 0x7f7f0f8ef9b0>,30,13,[3 9],31,42,55,11,42
1,<environment.Job instance at 0x7f7f0f90f870>,38,17,[9 4],39,46,63,7,46
1,<environment.Job instance at 0x7f7f0f90fa00>,39,2,[3 7],40,55,57,15,55
1,<environment.Job instance at 0x7f7f0f8eff00>,32,13,[3 7],33,57,70,24,57
1,<environment.Job instance at 0x7f7f105c3870>,41,14,[9 5],42,63,77,21,63
1,<environment.Job instance at 0x7f7f105c3140>,42,14,[6 1],43,70,84,27,70
1,<environment.Job instance at 0x7f7f0f89aa00>,43,16,[3 8],44,77,93,33,77
1,<environment.Job instance at 0x7f7f0ee92690>,24,22,[3 5],25,77,99,52,77
1,<environment.Job instance at 0x7f7f0f863b90>,51,12,[9 1],52,93,105,41,93
1,<environment.Job instance at 0x7f7f0f863aa0>,45,15,[1 8],46,93,108,47,93
1,<environment.Job instance at 0x7f7f1001e960>,53,1,[5 6],54,99,100,45,99
1,<environment.Job instance at 0x7f7f0f8f2eb0>,60,18,[6 2],61,105,123,44,105
1,<environment.Job instance at 0x7f7f0f621d20>,61,3,[ 2 10],62,108,111,46,108
1,<environment.Job instance at 0x7f7f0ee71fa0>,59,13,[5 8],60,111,124,51,111
1,<environment.Job instance at 0x7f7f0f8f2f00>,62,15,[2 5],63,111,126,48,111
1,<environment.Job instance at 0x7f7f0f67daf0>,1,12,[5 8],2,6,18,4,6
1,<environment.Job instance at 0x7f7f0f864e60>,6,12,[ 2 14],7,18,30,11,7
1,<environment.Job instance at 0x7f7f0f864230>,12,3,[4 8],13,30,33,17,13
1,<environment.Job instance at 0x7f7f0f864d70>,17,1,[4 7],18,30,31,12,18
1,<environment.Job instance at 0x7f7f0f8644b0>,14,12,[13  2],15,33,45,18,19
1,<environment.Job instance at 0x7f7f0ee4ce60>,19,14,[ 2 13],20,33,47,13,20
1,<environment.Job instance at 0x7f7f0ee4c500>,22,1,[8 4],23,31,32,8,23
1,<environment.Job instance at 0x7f7f0f864320>,15,22,[6 2],16,56,78,40,56
1,<environment.Job instance at 0x7f7f0ee4ccd0>,21,15,[1 6],22,60,75,38,60
1,<environment.Job instance at 0x7f7f0ee4cf50>,25,13,[7 5],26,67,80,41,67
1,<environment.Job instance at 0x7f7f0ee4c4b0>,24,18,[11  3],25,80,98,55,72
1,<environment.Job instance at 0x7f7f0ee4c780>,27,12,[12  5],28,98,110,70,84
1,<environment.Job instance at 0x7f7f0ee4cb90>,28,12,[ 3 12],29,116,128,87,116
1,<environment.Job instance at 0x7f7f0fe170f0>,0,19,[ 3 10],1,1,20,0,1
1,<environment.Job instance at 0x7f7f0ee4ca00>,2,20,[10  3],3,3,23,0,3
1,<environment.Job instance at 0x7f7f0fdfb6e0>,12,3,[4 8],13,20,23,7,20
1,<environment.Job instance at 0x7f7f0fe0a1e0>,17,1,[4 7],18,23,24,5,23
1,<environment.Job instance at 0x7f7f0f864f50>,1,12,[5 8],2,23,35,21,23
1,<environment.Job instance at 0x7f7f0fe1e500>,22,1,[8 4],23,24,25,1,24
1,<environment.Job instance at 0x7f7f0fe1e9b0>,18,12,[10  2],19,25,37,6,25
1,<environment.Job instance at 0x7f7f0fe1e550>,21,15,[1 6],22,35,50,13,35
1,<environment.Job instance at 0x7f7f0fe1e2d0>,20,16,[3 6],21,35,51,14,35
1,<environment.Job instance at 0x7f7f0fe1ec80>,29,3,[10  3],30,37,40,7,37
1,<environment.Job instance at 0x7f7f0fe1e3c0>,32,13,[5 1],33,40,53,7,40
1,<environment.Job instance at 0x7f7f0fe1e5f0>,26,13,[6 1],27,40,53,13,40
1,<environment.Job instance at 0x7f7f0fe1d550>,35,12,[1 6],36,51,63,15,51
1,<environment.Job instance at 0x7f7f0fe1daa0>,36,1,[6 3],37,53,54,16,53
1,<environment.Job instance at 0x7f7f0fe1ee10>,25,13,[7 5],26,53,66,27,53
1,<environment.Job instance at 0x7f7f0fe1ea00>,34,2,[5 7],35,63,65,28,63
1,<environment.Job instance at 0x7f7f0fe1d2d0>,43,2,[8 3],44,65,67,21,65
1,<environment.Job instance at 0x7f7f0fe1d230>,44,13,[7 4],45,66,79,21,66
1,<environment.Job instance at 0x7f7f0fe1e640>,30,15,[8 4],31,67,82,36,67
1,<environment.Job instance at 0x7f7f0fe1d960>,48,16,[5 7],49,79,95,30,79
1,<environment.Job instance at 0x7f7f0fe065a0>,51,1,[6 5],52,82,83,30,82
1,<environment.Job instance at 0x7f7f0fe1d5f0>,47,13,[10  1],48,83,96,35,83
1,<environment.Job instance at 0x7f7f0f67d870>,13,16,[ 5 10],14,95,111,81,95
1,<environment.Job instance at 0x7f7f0fe06be0>,52,13,[6 4],53,96,109,43,96
1,<environment.Job instance at 0x7f7f0fe1df00>,41,14,[10  4],42,109,123,67,109
1,<environment.Job instance at 0x7f7f0fe06230>,58,14,[2 7],59,111,125,52,111
1,<environment.Job instance at 0x7f7f0ef060f0>,4,2,[12  3],5,5,7,0,5
1,<environment.Job instance at 0x7f7f0ef06140>,6,19,[2 7],7,7,26,0,7
1,<environment.Job instance at 0x7f7f0ef06a50>,9,17,[6 1],10,10,27,0,10
1,<environment.Job instance at 0x7f7f0ef06460>,11,15,[8 2],12,26,41,14,12
1,<environment.Job instance at 0x7f7f0ee5f190>,17,12,[3 5],18,27,39,9,18
1,<environment.Job instance at 0x7f7f0ee5faf0>,22,3,[5 6],23,39,42,16,24
1,<environment.Job instance at 0x7f7f0ee5f0a0>,23,3,[9 3],24,41,44,17,24
1,<environment.Job instance at 0x7f7f0ee5f3c0>,24,2,[13  1],25,44,46,19,25
1,<environment.Job instance at 0x7f7f0ee5f820>,19,14,[6 1],20,46,60,26,31
1,<environment.Job instance at 0x7f7f0ee5f5f0>,25,13,[ 1 10],26,42,55,16,31
1,<environment.Job instance at 0x7f7f0ee5fd70>,27,3,[12  1],28,60,63,32,34
1,<environment.Job instance at 0x7f7f0ee5f320>,28,15,[8 4],29,63,78,34,49
1,<environment.Job instance at 0x7f7f0ee5f780>,21,17,[3 8],22,55,72,33,52
1,<environment.Job instance at 0x7f7f0ef062d0>,15,18,[8 3],16,78,96,62,72
1,<environment.Job instance at 0x7f7f0ee5fdc0>,30,15,[3 9],31,72,87,41,72
1,<environment.Job instance at 0x7f7f0ee5ff00>,32,1,[ 2 13],33,96,97,63,72
1,<environment.Job instance at 0x7f7f0ee5fa00>,34,19,[8 1],35,96,115,61,88
1,<environment.Job instance at 0x7f7f1020eaa0>,35,1,[ 4 11],36,88,89,52,88
1,<environment.Job instance at 0x7f7f1020e910>,36,15,[6 1],37,97,112,60,88
1,<environment.Job instance at 0x7f7f1020e230>,37,21,[2 6],38,112,133,74,105
1,<environment.Job instance at 0x7f7f0fe03230>,0,19,[3 5],1,1,20,0,1
1,<environment.Job instance at 0x7f7f0fe03f00>,1,18,[8 2],2,2,20,0,2
1,<environment.Job instance at 0x7f7f0fe03870>,6,19,[2 7],7,7,26,0,7
1,<environment.Job instance at 0x7f7f0fe15a00>,13,3,[8 3],14,20,23,6,20
1,<environment.Job instance at 0x7f7f0fe03b40>,2,15,[8 4],3,23,38,20,23
1,<environment.Job instance at 0x7f7f0fe032d0>,9,17,[6 1],10,26,43,16,26
1,<environment.Job instance at 0x7f7f0fe150a0>,17,12,[3 5],18,38,50,20,38
1,<environment.Job instance at 0x7f7f0fe15cd0>,19,14,[6 1],20,38,52,18,38
1,<environment.Job instance at 0x7f7f0fe15280>,14,18,[6 1],15,43,61,28,43
1,<environment.Job instance at 0x7f7f0fe15c80>,21,17,[3 8],22,50,67,28,50
1,<environment.Job instance at 0x7f7f0fe15780>,22,3,[5 6],23,52,55,29,52
1,<environment.Job instance at 0x7f7f0fe15370>,23,3,[9 3],24,61,64,37,61
1,<environment.Job instance at 0x7f7f0fe15690>,16,13,[9 5],17,64,77,47,64
1,<environment.Job instance at 0x7f7f0fe153c0>,25,13,[ 1 10],26,67,80,41,67
1,<environment.Job instance at 0x7f7f0fe15b90>,26,14,[9 3],27,77,91,50,77
1,<environment.Job instance at 0x7f7f0fdfc190>,30,15,[3 9],31,80,95,49,80
1,<environment.Job instance at 0x7f7f0fdfcb90>,28,15,[8 4],29,91,106,62,91
1,<environment.Job instance at 0x7f7f0fdfcc30>,36,15,[6 1],37,95,110,58,95
1,<environment.Job instance at 0x7f7f0fe03aa0>,11,15,[8 2],12,106,121,94,106
1,<environment.Job instance at 0x7f7f0fe06230>,45,3,[1 8],46,106,109,60,106
1,<environment.Job instance at 0x7f7f0fe068c0>,47,2,[5 7],48,110,112,62,110
1,<environment.Job instance at 0x7f7f0fe06b90>,49,15,[4 5],50,112,127,62,112
1,<environment.Job instance at 0x7f7f0fe06370>,50,3,[1 6],51,112,115,61,112
1,<environment.Job instance at 0x7f7f10654e60>,2,2,[7 5],3,3,5,0,3
1,<environment.Job instance at 0x7f7f10654a00>,4,20,[5 9],5,26,46,21,26
1,<environment.Job instance at 0x7f7f1008e0a0>,24,1,[14  4],25,46,47,21,26
1,<environment.Job instance at 0x7f7f0f50d730>,27,3,[7 3],28,28,31,0,28
1,<environment.Job instance at 0x7f7f0f50d410>,23,2,[ 4 10],24,47,49,23,29
1,<environment.Job instance at 0x7f7f0f50daa0>,26,17,[3 9],27,104,121,77,104
1,<environment.Job instance at 0x7f7f0f12d7d0>,1,16,[ 2 10],2,2,18,0,2
1,<environment.Job instance at 0x7f7f0f137e10>,2,2,[7 5],3,3,5,0,3
1,<environment.Job instance at 0x7f7f0f258b90>,3,15,[10  1],4,5,20,1,5
1,<environment.Job instance at 0x7f7f102424b0>,7,15,[1 7],8,18,33,10,18
1,<environment.Job instance at 0x7f7f0f5625f0>,14,16,[4 7],15,18,34,3,18
1,<environment.Job instance at 0x7f7f0f562e60>,10,1,[8 1],11,20,21,9,20
1,<environment.Job instance at 0x7f7f0f562460>,11,12,[8 3],12,33,45,21,33
1,<environment.Job instance at 0x7f7f0f4dff00>,16,13,[1 6],17,34,47,17,34
1,<environment.Job instance at 0x7f7f0f562550>,8,18,[5 6],9,34,52,25,34
1,<environment.Job instance at 0x7f7f0f65daa0>,25,12,[3 8],26,47,59,21,47
1,<environment.Job instance at 0x7f7f0f457550>,27,3,[7 3],28,52,55,24,52
1,<environment.Job instance at 0x7f7f0f1447d0>,6,12,[10  3],7,55,67,48,55
1,<environment.Job instance at 0x7f7f0f24f0a0>,23,2,[ 4 10],24,59,61,35,59
1,<environment.Job instance at 0x7f7f0fbab050>,32,1,[2 6],33,61,62,28,61
1,<environment.Job instance at 0x7f7f0f4571e0>,26,17,[3 9],27,62,79,35,62
1,<environment.Job instance at 0x7f7f0fbab3c0>,31,14,[7 5],32,67,81,35,67
1,<environment.Job instance at 0x7f7f0f25c370>,37,13,[5 9],38,79,92,41,79
1,<environment.Job instance at 0x7f7f0fbac4b0>,34,14,[8 5],35,81,95,46,81
1,<environment.Job instance at 0x7f7f0f25caf0>,40,14,[4 6],41,92,106,51,92
1,<environment.Job instance at 0x7f7f0f25cf00>,42,13,[5 9],43,95,108,52,95
1,<environment.Job instance at 0x7f7f0f6860a0>,33,15,[10  2],34,106,121,72,106
1,<environment.Job instance at 0x7f7f0f25cc80>,46,12,[2 7],47,108,120,61,108
1,<environment.Job instance at 0x7f7f0f24cbe0>,2,1,[9 3],3,3,4,0,3
1,<environment.Job instance at 0x7f7f0f148280>,9,14,[7 1],10,10,24,0,10
1,<environment.Job instance at 0x7f7f0f148cd0>,10,14,[ 2 11],11,12,26,1,12
1,<environment.Job instance at 0x7f7f0f1485f0>,11,16,[5 5],12,26,42,14,13
1,<environment.Job instance at 0x7f7f0f1482d0>,17,17,[2 5],18,26,43,8,18
1,<environment.Job instance at 0x7f7f0f1488c0>,20,14,[7 4],21,28,42,7,28
1,<environment.Job instance at 0x7f7f0f148370>,19,13,[ 1 13],20,43,56,23,29
1,<environment.Job instance at 0x7f7f0f148c80>,22,1,[6 3],23,42,43,19,29
1,<environment.Job instance at 0x7f7f0f1484b0>,23,2,[ 4 11],24,56,58,32,29
1,<environment.Job instance at 0x7f7f0f148e60>,16,14,[11  2],17,43,57,26,31
1,<environment.Job instance at 0x7f7f0f1486e0>,25,18,[5 3],26,57,75,31,46
1,<environment.Job instance at 0x7f7f0f148be0>,18,18,[1 7],19,58,76,39,47
1,<environment.Job instance at 0x7f7f0ffea500>,27,15,[5 1],28,57,72,29,47
1,<environment.Job instance at 0x7f7f0ffea460>,28,2,[10  1],29,75,77,46,48
1,<environment.Job instance at 0x7f7f0ffeaf50>,29,13,[6 1],30,77,90,47,61
1,<environment.Job instance at 0x7f7f0f148730>,21,17,[ 4 10],22,76,93,54,64
1,<environment.Job instance at 0x7f7f0ffeaa00>,31,17,[6 1],32,90,107,58,78
1,<environment.Job instance at 0x7f7f0f148fa0>,13,20,[ 1 13],14,93,113,79,84
1,<environment.Job instance at 0x7f7f0ffea960>,34,2,[13  2],35,107,109,72,84
1,<environment.Job instance at 0x7f7f0ffeac30>,35,14,[4 7],36,113,127,77,98
1,<environment.Job instance at 0x7f7f0f6e0140>,41,1,[9 5],42,113,114,71,98
1,<environment.Job instance at 0x7f7f0f6e0d20>,42,3,[ 5 11],43,127,130,84,101
1,<environment.Job instance at 0x7f7f0f6e0c80>,44,20,[8 1],45,114,134,69,108
1,<environment.Job instance at 0x7f7f0f28e9b0>,0,17,[3 6],1,1,18,0,1
1,<environment.Job instance at 0x7f7f0f28e870>,2,1,[9 3],3,3,4,0,3
1,<environment.Job instance at 0x7f7f104450a0>,6,19,[8 2],7,7,26,0,7
1,<environment.Job instance at 0x7f7f104450f0>,9,14,[7 1],10,18,32,8,18
1,<environment.Job instance at 0x7f7f104562d0>,11,16,[5 5],12,26,42,14,26
1,<environment.Job instance at 0x7f7f0f332280>,17,17,[2 5],18,26,43,8,26
1,<environment.Job instance at 0x7f7f1046cfa0>,20,14,[7 4],21,32,46,11,32
1,<environment.Job instance at 0x7f7f0f589460>,22,1,[6 3],23,42,43,19,42
1,<environment.Job instance at 0x7f7f0f276960>,1,17,[ 4 10],2,43,60,41,43
1,<environment.Job instance at 0x7f7f1044d460>,28,2,[10  1],29,46,48,17,46
1,<environment.Job instance at 0x7f7f1047e500>,29,13,[6 1],30,48,61,18,48
1,<environment.Job instance at 0x7f7f10448a50>,27,15,[5 1],28,48,63,20,48
1,<environment.Job instance at 0x7f7f1047e5f0>,30,12,[ 4 10],31,60,72,29,60
1,<environment.Job instance at 0x7f7f1046a730>,31,17,[6 1],32,61,78,29,61
1,<environment.Job instance at 0x7f7f0f5891e0>,25,18,[5 3],26,63,81,37,63
1,<environment.Job instance at 0x7f7f10447d20>,35,14,[4 7],36,72,86,36,72
1,<environment.Job instance at 0x7f7f0f6860a0>,41,1,[9 5],42,81,82,39,81
1,<environment.Job instance at 0x7f7f10475960>,36,1,[10  5],37,83,84,46,83
1,<environment.Job instance at 0x7f7f1046a640>,33,15,[5 8],34,84,99,50,84
1,<environment.Job instance at 0x7f7f0f148780>,48,18,[5 5],49,86,104,37,86
1,<environment.Job instance at 0x7f7f0f5893c0>,21,17,[ 4 10],22,101,118,79,101
1,<environment.Job instance at 0x7f7f0f359e60>,58,21,[9 4],59,105,126,46,105
1,<environment.Job instance at 0x7f7f0f3320a0>,18,18,[1 7],19,118,136,99,118
1,<environment.Job instance at 0x7f7f0f98be60>,2,13,[7 3],3,3,16,0,3
1,<environment.Job instance at 0x7f7f0f970050>,4,13,[5 8],5,5,18,0,5
1,<environment.Job instance at 0x7f7f0f970460>,10,3,[ 5 14],11,18,21,7,16
1,<environment.Job instance at 0x7f7f0f9706e0>,14,18,[1 8],15,21,39,6,19
1,<environment.Job instance at 0x7f7f0f970a50>,19,1,[ 2 14],20,39,40,19,20
1,<environment.Job instance at 0x7f7f0f970500>,15,23,[5 9],16,40,63,24,39
1,<environment.Job instance at 0x7f7f0f970870>,17,18,[1 8],18,63,81,45,54
1,<environment.Job instance at 0x7f7f0f970c80>,22,18,[1 6],23,59,77,36,59
1,<environment.Job instance at 0x7f7f0f970af0>,21,20,[10  5],22,77,97,55,74
1,<environment.Job instance at 0x7f7f0f970d70>,24,20,[ 4 11],25,100,120,75,100
1,<environment.Job instance at 0x7f7f0f56ec30>,2,13,[7 3],3,3,16,0,3
1,<environment.Job instance at 0x7f7f0f56eeb0>,4,13,[5 8],5,5,18,0,5
1,<environment.Job instance at 0x7f7f0f56e050>,9,2,[8 1],10,16,18,6,16
1,<environment.Job instance at 0x7f7f0f56e640>,13,17,[7 2],14,18,35,4,18
1,<environment.Job instance at 0x7f7f0f56ec80>,7,18,[3 8],8,18,36,10,18
1,<environment.Job instance at 0x7f7f1023f050>,22,18,[1 6],23,35,53,12,35
1,<environment.Job instance at 0x7f7f1023fe10>,25,16,[4 6],26,36,52,10,36
1,<environment.Job instance at 0x7f7f1023f5a0>,32,18,[3 6],33,52,70,19,52
1,<environment.Job instance at 0x7f7f1023feb0>,33,12,[5 6],34,53,65,19,53
1,<environment.Job instance at 0x7f7f0f56ee60>,14,18,[1 8],15,66,84,51,66
1,<environment.Job instance at 0x7f7f0f457aa0>,42,16,[7 1],43,66,82,23,66
1,<environment.Job instance at 0x7f7f0f257fa0>,43,13,[6 5],44,70,83,26,70
1,<environment.Job instance at 0x7f7f0f24c190>,40,21,[7 1],41,82,103,41,82
1,<environment.Job instance at 0x7f7f0f359640>,48,15,[5 4],49,83,98,34,83
1,<environment.Job instance at 0x7f7f0f56e1e0>,17,18,[1 8],18,84,102,66,84
1,<environment.Job instance at 0x7f7f0f359c30>,49,17,[7 5],50,98,115,48,98
1,<environment.Job instance at 0x7f7f0f75b910>,52,13,[1 8],53,102,115,49,102
1,<environment.Job instance at 0x7f7f0f75b230>,51,15,[4 9],52,115,130,63,115
1,<environment.Job instance at 0x7f7f10211b90>,56,15,[8 5],57,115,130,58,115
1,<environment.Job instance at 0x7f7f18be7cd0>,1,2,[2 7],2,2,4,0,2
1,<environment.Job instance at 0x7f7f18be7640>,2,13,[2 6],3,3,16,0,3
1,<environment.Job instance at 0x7f7f18be7370>,3,17,[6 4],4,4,21,0,4
1,<environment.Job instance at 0x7f7f18be7550>,4,2,[2 5],5,5,7,0,5
1,<environment.Job instance at 0x7f7f104c0730>,7,15,[5 1],8,8,23,0,8
1,<environment.Job instance at 0x7f7f104c0910>,8,12,[1 5],9,16,28,7,9
1,<environment.Job instance at 0x7f7f104c0dc0>,9,2,[ 2 11],10,28,30,18,10
1,<environment.Job instance at 0x7f7f104c0370>,10,13,[1 5],11,30,43,19,14
1,<environment.Job instance at 0x7f7f0f901e10>,15,12,[6 4],16,21,33,5,16
1,<environment.Job instance at 0x7f7f18be7c80>,11,3,[7 5],12,23,26,11,18
1,<environment.Job instance at 0x7f7f104c0820>,16,14,[ 2 10],17,33,47,16,18
1,<environment.Job instance at 0x7f7f0f901dc0>,19,3,[1 6],20,30,33,10,20
1,<environment.Job instance at 0x7f7f0f901be0>,22,14,[7 5],23,43,57,20,28
1,<environment.Job instance at 0x7f7f104c0640>,12,15,[3 8],13,49,64,36,49
1,<environment.Job instance at 0x7f7f0f970b40>,1,2,[2 7],2,2,4,0,2
1,<environment.Job instance at 0x7f7f0fd51c80>,2,13,[2 6],3,3,16,0,3
1,<environment.Job instance at 0x7f7f0f7fdfa0>,3,17,[6 4],4,4,21,0,4
1,<environment.Job instance at 0x7f7f0f7fd370>,4,2,[2 5],5,5,7,0,5
1,<environment.Job instance at 0x7f7f0f7fd5f0>,7,15,[5 1],8,8,23,0,8
1,<environment.Job instance at 0x7f7f0f67bfa0>,8,12,[1 5],9,16,28,7,16
1,<environment.Job instance at 0x7f7f0f2769b0>,10,13,[1 5],11,16,29,5,16
1,<environment.Job instance at 0x7f7f0f278c30>,15,12,[6 4],16,21,33,5,21
1,<environment.Job instance at 0x7f7f0f276910>,11,3,[7 5],12,28,31,16,28
1,<environment.Job instance at 0x7f7f10456eb0>,19,3,[1 6],20,29,32,9,29
1,<environment.Job instance at 0x7f7f104450f0>,17,14,[7 4],18,31,45,13,31
1,<environment.Job instance at 0x7f7f10445050>,16,14,[ 2 10],17,33,47,16,33
1,<environment.Job instance at 0x7f7f10462c30>,23,1,[6 5],24,45,46,21,45
1,<environment.Job instance at 0x7f7f0f589460>,28,13,[5 2],29,46,59,17,46
1,<environment.Job instance at 0x7f7f0f589320>,32,1,[3 7],33,47,48,14,47
1,<environment.Job instance at 0x7f7f10462780>,22,14,[7 5],23,47,61,24,47
1,<environment.Job instance at 0x7f7f0f7fd320>,12,15,[3 8],13,48,63,35,48
1,<environment.Job instance at 0x7f7f10447e10>,39,3,[5 4],40,61,64,21,61
1,<environment.Job instance at 0x7f7f0f565730>,44,2,[6 5],45,63,65,18,63
1,<environment.Job instance at 0x7f7f0f589af0>,29,17,[1 5],30,63,80,33,63
1,<environment.Job instance at 0x7f7f10445370>,14,16,[8 4],15,64,80,49,64
1,<environment.Job instance at 0x7f7f0f65daa0>,45,1,[ 4 10],46,80,81,34,80
1,<environment.Job instance at 0x7f7f0f359a00>,51,15,[10  2],52,80,95,28,80
1,<environment.Job instance at 0x7f7f0f759500>,60,13,[2 8],61,81,94,20,81
1,<environment.Job instance at 0x7f7f0f457f50>,58,17,[3 5],59,81,98,22,81
1,<environment.Job instance at 0x7f7f1047e5f0>,34,16,[2 8],35,94,110,59,94
1,<environment.Job instance at 0x7f7f1023fc30>,63,15,[5 1],64,95,110,31,95
1,<environment.Job instance at 0x7f7f1023ff50>,62,3,[5 5],63,98,101,35,98
1,<environment.Job instance at 0x7f7f1023f640>,70,2,[5 1],71,101,103,30,101
1,<environment.Job instance at 0x7f7f1023f550>,66,17,[4 6],67,103,120,36,103
1,<environment.Job instance at 0x7f7f1023f3c0>,74,14,[5 4],75,110,124,35,110
1,<environment.Job instance at 0x7f7f0fb438c0>,1,18,[4 7],2,2,20,0,2
1,<environment.Job instance at 0x7f7f0eea8dc0>,7,2,[2 7],8,8,10,0,8
1,<environment.Job instance at 0x7f7f0fd195a0>,3,16,[10  1],4,10,26,6,9
1,<environment.Job instance at 0x7f7f0eea8be0>,8,17,[9 1],9,26,43,17,15
1,<environment.Job instance at 0x7f7f10133820>,15,17,[2 9],16,20,37,4,16
1,<environment.Job instance at 0x7f7f0eea8280>,14,14,[6 5],15,37,51,22,22
1,<environment.Job instance at 0x7f7f0fbd2820>,17,2,[8 4],18,43,45,25,22
1,<environment.Job instance at 0x7f7f0fd191e0>,6,12,[3 9],7,45,57,38,28
1,<environment.Job instance at 0x7f7f0fa2e140>,18,15,[ 3 10],19,57,72,38,43
1,<environment.Job instance at 0x7f7f0edde320>,20,3,[ 3 10],21,72,75,51,46
1,<environment.Job instance at 0x7f7f10133140>,16,21,[8 4],17,55,76,38,55
1,<environment.Job instance at 0x7f7f0eea8a50>,11,17,[ 1 10],12,75,92,63,63
1,<environment.Job instance at 0x7f7f0fd190a0>,5,19,[6 4],6,76,95,70,69
1,<environment.Job instance at 0x7f7f0edde9b0>,21,18,[1 8],22,92,110,70,81
1,<environment.Job instance at 0x7f7f100e5410>,25,3,[10  1],26,95,98,69,81
1,<environment.Job instance at 0x7f7f0fa37a50>,26,1,[ 1 11],27,110,111,83,82
1,<environment.Job instance at 0x7f7f0fa37d70>,27,17,[6 1],28,98,115,70,86
1,<environment.Job instance at 0x7f7f0fa37b90>,28,12,[4 5],29,95,107,66,86
1,<environment.Job instance at 0x7f7f0eea8eb0>,19,15,[ 2 12],20,111,126,91,97
1,<environment.Job instance at 0x7f7f0fa37c30>,30,2,[10  3],31,115,117,84,97
1,<environment.Job instance at 0x7f7f100e5780>,24,18,[8 3],25,117,135,92,115
1,<environment.Job instance at 0x7f7f0fa589b0>,1,18,[4 7],2,2,20,0,2
1,<environment.Job instance at 0x7f7f0fa581e0>,3,16,[10  1],4,4,20,0,4
1,<environment.Job instance at 0x7f7f10648690>,7,2,[2 7],8,20,22,12,20
1,<environment.Job instance at 0x7f7f10648f50>,14,14,[6 5],15,20,34,5,20
1,<environment.Job instance at 0x7f7f0fa588c0>,6,12,[3 9],7,22,34,15,22
1,<environment.Job instance at 0x7f7f10648050>,17,2,[8 4],18,34,36,16,34
1,<environment.Job instance at 0x7f7f106485f0>,18,15,[ 3 10],19,34,49,15,34
1,<environment.Job instance at 0x7f7f106484b0>,8,17,[9 1],9,36,53,27,36
1,<environment.Job instance at 0x7f7f0f148780>,20,3,[ 3 10],21,49,52,28,49
1,<environment.Job instance at 0x7f7f106483c0>,11,17,[ 1 10],12,52,69,40,52
1,<environment.Job instance at 0x7f7f10447d20>,25,3,[10  1],26,53,56,27,53
1,<environment.Job instance at 0x7f7f0f589230>,27,17,[6 1],28,56,73,28,56
1,<environment.Job instance at 0x7f7f10475a50>,24,18,[8 3],25,56,74,31,56
1,<environment.Job instance at 0x7f7f34702910>,21,18,[1 8],22,69,87,47,69
1,<environment.Job instance at 0x7f7f0f589460>,30,2,[10  3],31,74,76,43,74
1,<environment.Job instance at 0x7f7f0f5892d0>,28,12,[4 5],29,76,88,47,76
1,<environment.Job instance at 0x7f7f0f87dbe0>,37,13,[3 7],38,87,100,49,87
1,<environment.Job instance at 0x7f7f10445370>,34,13,[4 7],35,88,101,53,88
1,<environment.Job instance at 0x7f7f100e5730>,38,15,[7 4],39,100,115,61,100
1,<environment.Job instance at 0x7f7f0ec6e320>,42,1,[ 2 10],43,101,102,58,101
1,<environment.Job instance at 0x7f7f0fa99cd0>,41,17,[4 9],42,102,119,60,102
1,<environment.Job instance at 0x7f7f10561820>,49,1,[7 2],50,115,116,65,115
1,<environment.Job instance at 0x7f7f0f0e1a00>,43,13,[10  2],44,116,129,72,116
1,<environment.Job instance at 0x7f7f0fec4140>,50,13,[5 4],51,119,132,68,119
1,<environment.Job instance at 0x7f7f105dde60>,0,12,[5 9],1,1,13,0,1
1,<environment.Job instance at 0x7f7f105dd820>,1,12,[ 4 10],2,13,25,11,2
1,<environment.Job instance at 0x7f7f10564e10>,2,2,[4 9],3,25,27,22,3
1,<environment.Job instance at 0x7f7f1018eaf0>,5,1,[1 8],6,27,28,21,6
1,<environment.Job instance at 0x7f7f10049050>,7,13,[8 4],8,8,21,0,8
1,<environment.Job instance at 0x7f7f100494b0>,8,3,[13  5],9,27,30,18,9
1,<environment.Job instance at 0x7f7f100495a0>,10,3,[2 9],11,28,31,17,11
1,<environment.Job instance at 0x7f7f103860f0>,13,2,[1 6],14,25,27,11,15
1,<environment.Job instance at 0x7f7f10049190>,11,15,[6 4],12,30,45,18,18
1,<environment.Job instance at 0x7f7f10386730>,14,12,[ 2 12],15,45,57,30,30
1,<environment.Job instance at 0x7f7f1047bd20>,19,3,[13  1],20,45,48,25,30
1,<environment.Job instance at 0x7f7f10386be0>,16,18,[ 1 13],17,57,75,40,46
1,<environment.Job instance at 0x7f7f0f56ef50>,21,16,[5 1],22,57,73,35,57
1,<environment.Job instance at 0x7f7f0f56e5a0>,23,2,[9 5],24,75,77,51,58
1,<environment.Job instance at 0x7f7f18bd3230>,25,3,[13  4],26,77,80,51,59
1,<environment.Job instance at 0x7f7f18bd3c80>,29,3,[10  3],30,80,83,50,64
1,<environment.Job instance at 0x7f7f1002b280>,30,2,[ 1 14],31,83,85,52,64
1,<environment.Job instance at 0x7f7f0f6b8550>,31,2,[6 2],32,73,75,41,64
1,<environment.Job instance at 0x7f7f0f6b80f0>,32,1,[3 9],33,75,76,42,64
1,<environment.Job instance at 0x7f7f10041fa0>,34,14,[3 9],35,85,99,50,70
1,<environment.Job instance at 0x7f7f1054fcd0>,37,3,[8 5],38,85,88,47,71
1,<environment.Job instance at 0x7f7f0f368e10>,55,2,[ 1 10],56,76,78,20,71
1,<environment.Job instance at 0x7f7f0f3689b0>,54,2,[4 5],55,80,82,25,71
1,<environment.Job instance at 0x7f7f10079230>,45,12,[6 4],46,88,100,42,73
1,<environment.Job instance at 0x7f7f0f391640>,61,1,[2 5],62,78,79,16,73
1,<environment.Job instance at 0x7f7f10079050>,47,2,[2 7],48,99,101,51,74
1,<environment.Job instance at 0x7f7f0f391230>,62,15,[ 3 10],63,101,116,38,88
1,<environment.Job instance at 0x7f7f0f391370>,64,1,[13  5],65,100,101,35,88
1,<environment.Job instance at 0x7f7f0f391a00>,65,1,[12  1],66,101,102,35,88
1,<environment.Job instance at 0x7f7f0f3914b0>,66,2,[7 5],67,102,104,35,88
1,<environment.Job instance at 0x7f7f0f38f500>,67,3,[ 3 12],68,116,119,48,90
1,<environment.Job instance at 0x7f7f0f38f640>,68,1,[3 8],69,119,120,50,91
1,<environment.Job instance at 0x7f7f0f38f6e0>,69,2,[4 7],70,119,121,49,92
1,<environment.Job instance at 0x7f7f0f38f460>,70,14,[4 9],71,121,135,50,108
1,<environment.Job instance at 0x7f7f0f38f8c0>,71,17,[10  4],72,120,137,48,111
1,<environment.Job instance at 0x7f7f18c41500>,0,12,[5 9],1,1,13,0,1
1,<environment.Job instance at 0x7f7f18c41050>,7,13,[8 4],8,8,21,0,8
1,<environment.Job instance at 0x7f7f18c41e60>,5,1,[1 8],6,13,14,7,13
1,<environment.Job instance at 0x7f7f18c41410>,2,2,[4 9],3,14,16,11,14
1,<environment.Job instance at 0x7f7f10055be0>,13,2,[1 6],14,16,18,2,16
1,<environment.Job instance at 0x7f7f10055870>,11,15,[6 4],12,16,31,4,16
1,<environment.Job instance at 0x7f7f18c41cd0>,10,3,[2 9],11,21,24,10,21
1,<environment.Job instance at 0x7f7f18c414b0>,1,12,[ 4 10],2,24,36,22,24
1,<environment.Job instance at 0x7f7f1058e960>,21,16,[5 1],22,24,40,2,24
1,<environment.Job instance at 0x7f7f1058e410>,23,2,[9 5],24,36,38,12,36
1,<environment.Job instance at 0x7f7f102f8dc0>,31,2,[6 2],32,38,40,6,38
1,<environment.Job instance at 0x7f7f102f8be0>,32,1,[3 9],33,38,39,5,38
1,<environment.Job instance at 0x7f7f18c41870>,4,18,[3 7],5,39,57,34,39
1,<environment.Job instance at 0x7f7f102f8d70>,29,3,[10  3],30,40,43,10,40
1,<environment.Job instance at 0x7f7f1055e820>,37,3,[8 5],38,43,46,5,43
1,<environment.Job instance at 0x7f7f102f8280>,33,17,[9 4],34,46,63,12,46
1,<environment.Job instance at 0x7f7f102f8aa0>,34,14,[3 9],35,57,71,22,57
1,<environment.Job instance at 0x7f7f1055e140>,40,3,[8 3],41,63,66,22,63
1,<environment.Job instance at 0x7f7f1055e870>,39,13,[8 3],40,66,79,26,66
1,<environment.Job instance at 0x7f7f1055e3c0>,45,12,[6 4],46,71,83,25,71
1,<environment.Job instance at 0x7f7f0f9ac550>,47,2,[2 7],48,79,81,31,79
1,<environment.Job instance at 0x7f7f0f540f50>,48,16,[9 1],49,81,97,32,81
1,<environment.Job instance at 0x7f7f10055370>,20,17,[5 8],21,83,100,62,83
1,<environment.Job instance at 0x7f7f103fa820>,52,14,[7 1],53,97,111,44,97
1,<environment.Job instance at 0x7f7f105614b0>,54,2,[4 5],55,100,102,45,100
1,<environment.Job instance at 0x7f7f10055f00>,17,18,[3 8],18,100,118,82,100
1,<environment.Job instance at 0x7f7f1055e0a0>,44,14,[10  2],45,111,125,66,111
1,<environment.Job instance at 0x7f7f10133a00>,61,1,[2 5],62,111,112,49,111
1,<environment.Job instance at 0x7f7f0ec6e320>,55,2,[ 1 10],56,118,120,62,118
1,<environment.Job instance at 0x7fe9ed5d28c0>,3,3,[ 4 14],4,5,8,1,5
1,<environment.Job instance at 0x7fe9e3f88a50>,2,22,[4 8],3,8,30,5,5
1,<environment.Job instance at 0x7fe9e3f8c0f0>,11,1,[8 5],12,12,13,0,12
1,<environment.Job instance at 0x7fe9e3f88af0>,4,14,[1 6],5,15,29,10,15
1,<environment.Job instance at 0x7fe9e3f8c190>,12,13,[10  2],13,29,42,16,17
1,<environment.Job instance at 0x7fe9e3fb9500>,2,22,[4 8],3,3,25,0,3
1,<environment.Job instance at 0x7fe9e3fdcfa0>,4,14,[1 6],5,5,19,0,5
1,<environment.Job instance at 0x7fe9e3fe0320>,6,20,[6 1],7,7,27,0,7
1,<environment.Job instance at 0x7fe9e3f80a50>,11,1,[8 5],12,25,26,13,25
1,<environment.Job instance at 0x7fe9e4132500>,21,1,[6 5],22,26,27,4,26
1,<environment.Job instance at 0x7fe9e4458b40>,22,1,[2 7],23,26,27,3,26
1,<environment.Job instance at 0x7fe9e3f80c30>,12,13,[10  2],13,27,40,14,27
1,<environment.Job instance at 0x7fe9e3f807d0>,16,16,[3 5],17,27,43,10,27
1,<environment.Job instance at 0x7fe9e3f80d70>,15,18,[2 8],16,27,45,11,27
1,<environment.Job instance at 0x7fe9e3f80960>,14,13,[7 3],15,43,56,28,43
1,<environment.Job instance at 0x7fe9e402df00>,35,2,[1 8],36,45,47,9,45
1,<environment.Job instance at 0x7fe9e41293c0>,34,16,[2 8],35,47,63,12,47
1,<environment.Job instance at 0x7fe9e402de10>,36,15,[9 5],37,56,71,19,56
1,<environment.Job instance at 0x7fe9e4097e60>,46,13,[6 5],47,63,76,16,63
1,<environment.Job instance at 0x7fe9e40b3fa0>,27,18,[1 8],28,71,89,43,71
1,<environment.Job instance at 0x7fe9e404a370>,49,15,[10  1],50,76,91,26,76
1,<environment.Job instance at 0x7fe9e404a910>,54,17,[5 7],55,90,107,35,90
1,<environment.Job instance at 0x7fe9e4130730>,41,15,[10  3],42,91,106,49,91
1,<environment.Job instance at 0x7fe9e404ab90>,57,17,[8 5],58,106,123,48,106
1,<environment.Job instance at 0x7fe9e404a2d0>,59,14,[2 7],60,107,121,47,107
1,<environment.Job instance at 0x7fe9e404acd0>,60,17,[1 6],61,121,138,60,121
1,<environment.Job instance at 0x7fe9e4135690>,62,3,[5 5],63,123,126,60,123
1,<environment.Job instance at 0x7fe9e401c460>,63,14,[8 1],64,123,137,59,123
1,<environment.Job instance at 0x7fe9e4130f00>,44,18,[5 5],45,126,144,81,126
1,<environment.Job instance at 0x7fe9e36d56e0>,0,15,[8 3],1,1,16,0,1
1,<environment.Job instance at 0x7fe9e36d5370>,2,13,[ 5 10],3,3,16,0,3
1,<environment.Job instance at 0x7fe9e36d6d70>,9,3,[ 1 12],10,16,19,6,10
1,<environment.Job instance at 0x7fe9e36d5be0>,11,13,[5 6],12,19,32,7,12
1,<environment.Job instance at 0x7fe9e36d6c30>,13,25,[6 1],14,16,41,2,14
1,<environment.Job instance at 0x7fe9e36d6320>,17,1,[4 8],18,19,20,1,18
1,<environment.Job instance at 0x7fe9e36cdf00>,20,3,[1 7],21,21,24,0,21
1,<environment.Job instance at 0x7fe9e36d60a0>,15,13,[ 4 10],16,32,45,16,21
1,<environment.Job instance at 0x7fe9e36cd280>,21,3,[4 7],22,24,27,2,22
1,<environment.Job instance at 0x7fe9e37b8550>,23,3,[5 2],24,32,35,8,24
1,<environment.Job instance at 0x7fe9e3964780>,18,1,[11  2],19,41,42,22,26
1,<environment.Job instance at 0x7fe9e37b8690>,22,14,[13  4],23,45,59,22,33
1,<environment.Job instance at 0x7fe9e3835140>,33,13,[7 5],34,59,72,25,44
1,<environment.Job instance at 0x7fe9e3835aa0>,35,3,[10  1],36,72,75,36,46
1,<environment.Job instance at 0x7fe9e3835230>,36,3,[ 2 12],37,72,75,35,47
1,<environment.Job instance at 0x7fe9e3835a50>,37,21,[1 9],38,47,68,9,47
1,<environment.Job instance at 0x7fe9e3835f00>,38,1,[13  2],39,75,76,36,47
1,<environment.Job instance at 0x7fe9e37b82d0>,27,1,[ 2 14],28,76,77,48,49
1,<environment.Job instance at 0x7fe9e38350a0>,40,2,[9 5],41,77,79,36,50
1,<environment.Job instance at 0x7fe9e38559b0>,29,17,[3 7],30,77,94,47,66
1,<environment.Job instance at 0x7fe9e3835780>,39,14,[11  3],40,79,93,39,73
1,<environment.Job instance at 0x7fe9e3804230>,28,17,[5 5],29,93,110,64,83
1,<environment.Job instance at 0x7fe9ed608910>,45,16,[ 2 10],46,94,110,48,83
1,<environment.Job instance at 0x7fe9e3545a00>,53,2,[13  3],54,110,112,56,87
1,<environment.Job instance at 0x7fe9e3545d20>,55,2,[5 2],56,112,114,56,87
1,<environment.Job instance at 0x7fe9e3ed3780>,59,12,[9 3],60,112,124,52,95
1,<environment.Job instance at 0x7fe9e362c820>,56,1,[5 9],57,114,115,57,95
1,<environment.Job instance at 0x7fe9e35c2780>,64,3,[10  2],65,124,127,59,98
1,<environment.Job instance at 0x7fe9e358baf0>,65,3,[5 5],66,115,118,49,98
1,<environment.Job instance at 0x7fe9e3583dc0>,66,3,[ 5 10],67,118,121,51,98
1,<environment.Job instance at 0x7fe9e358bd70>,67,20,[5 3],68,121,141,53,112
1,<environment.Job instance at 0x7fe9e358d5f0>,68,3,[10  1],69,127,130,58,112
1,<environment.Job instance at 0x7fe9e358da50>,70,2,[7 5],71,130,132,59,114
1,<environment.Job instance at 0x7fe9e36cba50>,73,3,[7 5],74,132,135,58,114
1,<environment.Job instance at 0x7fe9e358d6e0>,69,21,[6 1],70,135,156,65,127
1,<environment.Job instance at 0x7fe9e37ae690>,0,15,[8 3],1,1,16,0,1
1,<environment.Job instance at 0x7fe9e37ae6e0>,1,22,[7 5],2,2,24,0,2
1,<environment.Job instance at 0x7fe9e37b0d70>,8,12,[7 5],9,16,28,7,16
1,<environment.Job instance at 0x7fe9e38de820>,2,13,[ 5 10],3,24,37,21,24
1,<environment.Job instance at 0x7fe9e37da320>,17,1,[4 8],18,37,38,19,37
1,<environment.Job instance at 0x7fe9e373c050>,20,3,[1 7],21,37,40,16,37
1,<environment.Job instance at 0x7fe9e373c140>,21,3,[4 7],22,38,41,16,38
1,<environment.Job instance at 0x7fe9e3747730>,23,3,[5 2],24,40,43,16,40
1,<environment.Job instance at 0x7fe9e37b05a0>,11,13,[5 6],12,40,53,28,40
1,<environment.Job instance at 0x7fe9e3753690>,28,17,[5 5],29,41,58,12,41
1,<environment.Job instance at 0x7fe9e37da190>,15,13,[ 4 10],16,53,66,37,53
1,<environment.Job instance at 0x7fe9e3743c30>,26,17,[7 1],27,58,75,31,58
1,<environment.Job instance at 0x7fe9e3740640>,33,13,[7 5],34,66,79,32,66
1,<environment.Job instance at 0x7fe9e3740c30>,31,18,[1 9],32,66,84,34,66
1,<environment.Job instance at 0x7fe9e374b730>,35,3,[10  1],36,79,82,43,79
1,<environment.Job instance at 0x7fe9e3791f50>,40,2,[9 5],41,82,84,41,82
1,<environment.Job instance at 0x7fe9e37aee10>,5,14,[ 2 10],6,84,98,78,84
1,<environment.Job instance at 0x7fe9e37919b0>,42,16,[6 4],43,84,100,41,84
1,<environment.Job instance at 0x7fe9e37aef00>,3,16,[ 3 10],4,99,115,95,99
1,<environment.Job instance at 0x7fe9e389f230>,43,18,[6 5],44,100,118,56,100
1,<environment.Job instance at 0x7fe9e375f780>,49,14,[2 6],50,115,129,65,115
1,<environment.Job instance at 0x7fe9e374faf0>,51,13,[4 9],52,118,131,66,118
1,<environment.Job instance at 0x7fe9e37560a0>,55,2,[5 2],56,129,131,73,129
1,<environment.Job instance at 0x7fe9e35385a0>,1,1,[ 2 10],2,2,3,0,2
1,<environment.Job instance at 0x7fe9e3538140>,3,2,[4 7],4,4,6,0,4
1,<environment.Job instance at 0x7fe9ed745f00>,7,13,[5 4],8,8,21,0,8
1,<environment.Job instance at 0x7fe9ed745500>,15,2,[7 2],16,17,19,1,17
1,<environment.Job instance at 0x7fe9ed745280>,14,25,[1 5],15,17,42,2,17
1,<environment.Job instance at 0x7fe9ed745690>,16,13,[4 9],17,21,34,4,19
1,<environment.Job instance at 0x7fe9e35ac730>,19,16,[6 5],20,34,50,14,22
1,<environment.Job instance at 0x7fe9e3538280>,6,23,[3 6],7,42,65,35,37
1,<environment.Job instance at 0x7fe9e35ac050>,22,15,[6 1],23,37,52,14,37
1,<environment.Job instance at 0x7fe9e35ac780>,23,1,[6 4],24,50,51,26,38
1,<environment.Job instance at 0x7fe9e35ac0a0>,24,18,[11  3],25,52,70,27,46
1,<environment.Job instance at 0x7fe9e35acb40>,25,20,[10  2],26,70,90,44,61
1,<environment.Job instance at 0x7fe9e35acd20>,17,15,[ 2 14],18,90,105,72,83
1,<environment.Job instance at 0x7fe9e35accd0>,27,2,[8 5],28,105,107,77,91
1,<environment.Job instance at 0x7fe9e3538cd0>,4,12,[13  2],5,107,119,102,101
1,<environment.Job instance at 0x7fe9e35ac550>,29,18,[6 1],30,119,137,89,108
1,<environment.Job instance at 0x7fe9e35ac4b0>,30,2,[ 1 11],31,108,110,77,108
1,<environment.Job instance at 0x7fe9e35ace10>,31,18,[8 2],32,119,137,87,109
1,<environment.Job instance at 0x7fe9e362ccd0>,1,1,[ 2 10],2,2,3,0,2
1,<environment.Job instance at 0x7fe9ed5fa320>,3,2,[4 7],4,4,6,0,4
1,<environment.Job instance at 0x7fe9e3538a50>,7,13,[5 4],8,8,21,0,8
1,<environment.Job instance at 0x7fe9e3538820>,8,21,[8 3],9,9,30,0,9
1,<environment.Job instance at 0x7fe9e36b1460>,15,2,[7 2],16,21,23,5,21
1,<environment.Job instance at 0x7fe9e362c3c0>,10,13,[4 5],11,23,36,12,23
1,<environment.Job instance at 0x7fe9e36b1960>,16,13,[4 9],17,30,43,13,30
1,<environment.Job instance at 0x7fe9e3589f50>,22,15,[6 1],23,30,45,7,30
1,<environment.Job instance at 0x7fe9e3589730>,23,1,[6 4],24,43,44,19,43
1,<environment.Job instance at 0x7fe9e36b1c30>,13,17,[ 2 10],14,43,60,29,43
1,<environment.Job instance at 0x7fe9e3589c30>,29,18,[6 1],30,44,62,14,44
1,<environment.Job instance at 0x7fe9e3589280>,27,2,[8 5],28,60,62,32,60
1,<environment.Job instance at 0x7fe9e358daa0>,35,1,[7 3],36,62,63,26,62
1,<environment.Job instance at 0x7fe9e358d5a0>,36,14,[ 1 10],37,62,76,25,62
1,<environment.Job instance at 0x7fe9e36b1280>,19,16,[6 5],20,63,79,43,63
1,<environment.Job instance at 0x7fe9e358d550>,37,1,[2 7],38,76,77,38,76
1,<environment.Job instance at 0x7fe9e358de10>,39,15,[8 2],40,77,92,37,77
1,<environment.Job instance at 0x7fe9e358d410>,45,2,[5 5],46,79,81,33,79
1,<environment.Job instance at 0x7fe9e360d0f0>,51,1,[5 9],52,81,82,29,81
1,<environment.Job instance at 0x7fe9e360d320>,53,15,[5 1],54,82,97,28,82
1,<environment.Job instance at 0x7fe9e36b1f00>,18,16,[10  3],19,92,108,73,92
1,<environment.Job instance at 0x7fe9e360d190>,60,2,[ 3 10],61,97,99,36,97
1,<environment.Job instance at 0x7fe9e358d050>,34,17,[4 6],35,99,116,64,99
1,<environment.Job instance at 0x7fe9e360d870>,62,15,[5 5],63,108,123,45,108
1,<environment.Job instance at 0x7fe9e360d6e0>,64,13,[4 8],65,116,129,51,116
1,<environment.Job instance at 0x7fe9e360d960>,65,2,[6 1],66,116,118,50,116
1,<environment.Job instance at 0x7fe9e358d4b0>,43,17,[9 4],44,123,140,79,123
1,<environment.Job instance at 0x7fe9e360df00>,68,3,[5 9],69,129,132,60,129
1,<environment.Job instance at 0x7fe9e4769a50>,1,1,[7 4],2,2,3,0,2
1,<environment.Job instance at 0x7fe9e35a2780>,2,2,[9 2],3,3,5,0,3
1,<environment.Job instance at 0x7fe9e35a2c80>,8,2,[7 5],9,9,11,0,9
1,<environment.Job instance at 0x7fe9e35a29b0>,11,2,[ 2 14],12,12,14,0,12
1,<environment.Job instance at 0x7fe9e35a2af0>,13,3,[ 2 11],14,14,17,0,14
1,<environment.Job instance at 0x7fe9e35a25a0>,7,1,[ 2 14],8,17,18,9,17
1,<environment.Job instance at 0x7fe9e35569b0>,15,2,[12  2],16,18,20,2,18
1,<environment.Job instance at 0x7fe9e35564b0>,18,2,[13  3],19,20,22,1,19
1,<environment.Job instance at 0x7fe9e3556a00>,20,14,[ 5 10],21,22,36,1,22
1,<environment.Job instance at 0x7fe9e35566e0>,22,3,[7 4],23,23,26,0,23
1,<environment.Job instance at 0x7fe9e3556f50>,23,17,[5 1],24,26,43,2,24
1,<environment.Job instance at 0x7fe9e3620be0>,26,3,[3 5],27,36,39,9,27
1,<environment.Job instance at 0x7fe9e3620280>,27,13,[9 4],28,39,52,11,28
1,<environment.Job instance at 0x7fe9e36203c0>,28,2,[7 2],29,36,38,7,29
1,<environment.Job instance at 0x7fe9e3620a00>,29,20,[5 1],30,43,63,13,34
1,<environment.Job instance at 0x7fe9e36209b0>,31,2,[4 8],32,52,54,20,34
1,<environment.Job instance at 0x7fe9e35a2dc0>,16,14,[ 2 10],17,54,68,37,39
1,<environment.Job instance at 0x7fe9e3620140>,33,3,[7 4],34,54,57,20,39
1,<environment.Job instance at 0x7fe9e3620aa0>,34,1,[3 8],35,68,69,33,40
1,<environment.Job instance at 0x7fe9e3620050>,35,3,[10  2],36,63,66,27,40
1,<environment.Job instance at 0x7fe9e3a8e870>,38,2,[ 2 12],39,69,71,30,44
1,<environment.Job instance at 0x7fe9e36b1140>,1,1,[7 4],2,2,3,0,2
1,<environment.Job instance at 0x7fe9e36b1c30>,2,2,[9 2],3,3,5,0,3
1,<environment.Job instance at 0x7fe9e36b17d0>,3,17,[7 2],4,5,22,1,5
1,<environment.Job instance at 0x7fe9f540c500>,5,20,[3 8],6,6,26,0,6
1,<environment.Job instance at 0x7fe9e35e10a0>,8,2,[7 5],9,22,24,13,22
1,<environment.Job instance at 0x7fe9e3580cd0>,22,3,[7 4],23,24,27,1,24
1,<environment.Job instance at 0x7fe9e3580b40>,23,17,[5 1],24,24,41,0,24
1,<environment.Job instance at 0x7fe9e3a8e0f0>,16,14,[ 2 10],17,26,40,9,26
1,<environment.Job instance at 0x7fe9e3580c30>,24,17,[8 4],25,27,44,2,27
1,<environment.Job instance at 0x7fe9e3580320>,26,3,[3 5],27,41,44,14,41
1,<environment.Job instance at 0x7fe9e3600690>,28,2,[7 2],29,44,46,15,44
1,<environment.Job instance at 0x7fe9e35ac8c0>,31,2,[4 8],32,44,46,12,44
1,<environment.Job instance at 0x7fe9e3600a50>,27,13,[9 4],28,46,59,18,46
1,<environment.Job instance at 0x7fe9e3580730>,20,14,[ 5 10],21,46,60,25,46
1,<environment.Job instance at 0x7fe9e35a2550>,33,3,[7 4],34,59,62,25,59
1,<environment.Job instance at 0x7fe9e35a22d0>,34,1,[3 8],35,60,61,25,60
1,<environment.Job instance at 0x7fe9e3b0f3c0>,40,16,[3 8],41,61,77,20,61
1,<environment.Job instance at 0x7fe9e35a2280>,35,3,[10  2],36,62,65,26,62
1,<environment.Job instance at 0x7fe9e423b280>,42,3,[8 4],43,65,68,22,65
1,<environment.Job instance at 0x7fe9e4065cd0>,32,16,[5 5],33,68,84,35,68
1,<environment.Job instance at 0x7fe9e40d1690>,45,2,[10  4],46,77,79,31,77
1,<environment.Job instance at 0x7fe9e45bc500>,47,14,[5 7],48,79,93,31,79
1,<environment.Job instance at 0x7fe9e4a48870>,43,15,[5 8],44,84,99,40,84
1,<environment.Job instance at 0x7fe9e4bcc460>,46,16,[6 3],47,93,109,46,93
1,<environment.Job instance at 0x7fe9e36cc0f0>,52,3,[2 7],53,99,102,46,99
1,<environment.Job instance at 0x7fe9e36cc640>,55,1,[ 1 10],56,102,103,46,102
1,<environment.Job instance at 0x7fe9e3580960>,21,16,[5 9],22,103,119,81,103
1,<environment.Job instance at 0x7fe9e36ccaf0>,54,12,[10  3],55,109,121,54,109
1,<environment.Job instance at 0x7fe9e36cc3c0>,58,13,[5 1],59,119,132,60,119
1,<environment.Job instance at 0x7fe9e36ccaa0>,59,3,[9 2],60,121,124,61,121
1,<environment.Job instance at 0x7fe9e36cce60>,57,13,[10  3],58,124,137,66,124
1,<environment.Job instance at 0x7fe9e3966050>,9,18,[3 6],10,10,28,0,10
1,<environment.Job instance at 0x7fe9e3940780>,10,1,[9 3],11,11,12,0,11
1,<environment.Job instance at 0x7fe9e39401e0>,13,15,[4 6],14,14,29,0,14
1,<environment.Job instance at 0x7fe9e39667d0>,16,3,[5 5],17,28,31,11,17
1,<environment.Job instance at 0x7fe9e3940d70>,17,15,[10  1],18,29,44,11,20
1,<environment.Job instance at 0x7fe9e3956dc0>,18,14,[6 4],19,44,58,25,29
1,<environment.Job instance at 0x7fe9e3941b40>,22,1,[ 4 14],23,31,32,8,29
1,<environment.Job instance at 0x7fe9e3940f50>,15,18,[1 8],16,32,50,16,29
1,<environment.Job instance at 0x7fe9e3941c30>,24,19,[6 3],25,44,63,19,34
1,<environment.Job instance at 0x7fe9e39ee0a0>,28,2,[ 5 14],29,63,65,34,36
1,<environment.Job instance at 0x7fe9e3941870>,30,1,[ 5 14],31,65,66,34,37
1,<environment.Job instance at 0x7fe9e39f3550>,33,2,[ 4 11],34,58,60,24,37
1,<environment.Job instance at 0x7fe9e4ab8140>,31,1,[10  5],32,66,67,34,39
1,<environment.Job instance at 0x7fe9e39522d0>,38,12,[3 8],39,66,78,27,49
1,<environment.Job instance at 0x7fe9e39bc140>,40,17,[1 9],41,78,95,37,68
1,<environment.Job instance at 0x7fe9e3df9640>,35,24,[ 5 11],36,95,119,59,90
1,<environment.Job instance at 0x7fe9e3e330f0>,45,12,[1 6],46,119,131,73,102
1,<environment.Job instance at 0x7fe9e3df7550>,46,18,[1 7],47,119,137,72,108
1,<environment.Job instance at 0x7fe9e3e2c870>,49,15,[1 6],50,131,146,81,117
1,<environment.Job instance at 0x7fe9e39f0a00>,52,2,[10  5],53,137,139,84,118
1,<environment.Job instance at 0x7fe9e39f07d0>,56,14,[6 2],57,118,132,61,118
1,<environment.Job instance at 0x7fe9e3fd31e0>,0,20,[ 1 10],1,1,21,0,1
1,<environment.Job instance at 0x7fe9e3fd3230>,1,22,[5 3],2,2,24,0,2
1,<environment.Job instance at 0x7fe9e40bc5f0>,10,1,[9 3],11,21,22,10,21
1,<environment.Job instance at 0x7fe9e4046370>,3,13,[10  4],4,22,35,18,22
1,<environment.Job instance at 0x7fe9e45acf50>,13,15,[4 6],14,24,39,10,24
1,<environment.Job instance at 0x7fe9e42a5be0>,16,3,[5 5],17,35,38,18,35
1,<environment.Job instance at 0x7fe9e42a5cd0>,17,15,[10  1],18,38,53,20,38
1,<environment.Job instance at 0x7fe9e45ac0f0>,15,18,[1 8],16,38,56,22,38
1,<environment.Job instance at 0x7fe9e40bc730>,9,18,[3 6],10,39,57,29,39
1,<environment.Job instance at 0x7fe9e3ddfd70>,26,14,[8 5],27,56,70,29,56
1,<environment.Job instance at 0x7fe9e43bfc80>,21,13,[ 4 10],22,57,70,35,57
1,<environment.Job instance at 0x7fe9e3ddf050>,29,13,[3 9],30,70,83,40,70
1,<environment.Job instance at 0x7fe9e401d0f0>,31,1,[10  5],32,70,71,38,70
1,<environment.Job instance at 0x7fe9e39a4a00>,18,14,[6 4],19,71,85,52,71
1,<environment.Job instance at 0x7fe9e499ff00>,38,12,[3 8],39,83,95,44,83
1,<environment.Job instance at 0x7fe9e40ace60>,4,16,[5 5],5,85,101,80,85
1,<environment.Job instance at 0x7fe9e405e230>,44,14,[1 5],45,96,110,51,96
1,<environment.Job instance at 0x7fe9e3ddf730>,27,17,[2 5],28,96,113,68,96
1,<environment.Job instance at 0x7fe9e405e280>,45,12,[1 6],46,110,122,64,110
1,<environment.Job instance at 0x7fe9e4369cd0>,49,15,[1 6],50,113,128,63,113
1,<environment.Job instance at 0x7fe9e42f7dc0>,52,2,[10  5],53,122,124,69,122
1,<environment.Job instance at 0x7fe9e3fc7f50>,54,15,[7 4],55,124,139,69,124
1,<environment.Job instance at 0x7fe9e36cccd0>,56,14,[6 2],57,128,142,71,128
1,<environment.Job instance at 0x7fe9e41d1b40>,40,17,[1 9],41,128,145,87,128
1,<environment.Job instance at 0x7fe9e4acce10>,2,2,[5 8],3,3,5,0,3
1,<environment.Job instance at 0x7fe9e4acc050>,3,12,[4 6],4,4,16,0,4
1,<environment.Job instance at 0x7fe9e3e15910>,10,2,[1 6],11,13,15,2,13
1,<environment.Job instance at 0x7fe9e3e157d0>,15,2,[ 4 12],16,16,18,0,16
1,<environment.Job instance at 0x7fe9e3e15dc0>,16,1,[10  1],17,17,18,0,17
1,<environment.Job instance at 0x7fe9e3e151e0>,14,17,[12  3],15,18,35,3,18
1,<environment.Job instance at 0x7fe9e35805f0>,0,16,[9 2],1,1,17,0,1
1,<environment.Job instance at 0x7fe9e3580cd0>,2,2,[5 8],3,3,5,0,3
1,<environment.Job instance at 0x7fe9e35804b0>,3,12,[4 6],4,5,17,1,5
1,<environment.Job instance at 0x7fe9e3600a50>,10,2,[1 6],11,11,13,0,11
1,<environment.Job instance at 0x7fe9e4acc1e0>,16,1,[10  1],17,17,18,0,17
1,<environment.Job instance at 0x7fe9e4acc870>,12,15,[4 9],13,17,32,4,17
1,<environment.Job instance at 0x7fe9e3580320>,4,21,[6 4],5,18,39,13,18
1,<environment.Job instance at 0x7fe9e3a34820>,23,2,[5 5],24,32,34,8,32
1,<environment.Job instance at 0x7fe9e3a348c0>,22,16,[3 5],23,32,48,9,32
1,<environment.Job instance at 0x7fe9e3a34cd0>,18,12,[6 2],19,34,46,15,34
1,<environment.Job instance at 0x7fe9e3a341e0>,20,16,[3 7],21,39,55,18,39
1,<environment.Job instance at 0x7fe9e40f7050>,28,13,[3 8],29,48,61,19,48
1,<environment.Job instance at 0x7fe9e40f7be0>,30,3,[3 5],31,55,58,24,55
1,<environment.Job instance at 0x7fe9e40f7f50>,29,13,[10  5],30,58,71,28,58
1,<environment.Job instance at 0x7fe9e40f7c80>,31,14,[3 6],32,61,75,29,61
1,<environment.Job instance at 0x7fe9e40f7c30>,33,1,[6 1],34,71,72,37,71
1,<environment.Job instance at 0x7fe9e40f7500>,35,16,[5 8],36,71,87,35,71
1,<environment.Job instance at 0x7fe9e3a34be0>,25,16,[7 5],26,75,91,49,75
1,<environment.Job instance at 0x7fe9e40f71e0>,40,14,[6 1],41,87,101,46,87
1,<environment.Job instance at 0x7fe9e3a340f0>,21,16,[1 9],22,87,103,65,87
1,<environment.Job instance at 0x7fe9e40f7370>,42,17,[10  4],43,101,118,58,101
1,<environment.Job instance at 0x7fe9e40f75a0>,43,14,[3 9],44,103,117,59,103
1,<environment.Job instance at 0x7fe9e40f7fa0>,37,17,[1 7],38,117,134,79,117
1,<environment.Job instance at 0x7fe9e4792690>,54,1,[10  5],55,118,119,63,118
1,<environment.Job instance at 0x7fe9e47926e0>,56,12,[6 5],57,119,131,62,119
1,<environment.Job instance at 0x7fe9e3b9b050>,3,3,[5 2],4,4,7,0,4
1,<environment.Job instance at 0x7fe9e35759b0>,6,1,[4 6],7,8,9,1,8
1,<environment.Job instance at 0x7fe9e3575b90>,8,3,[14  5],9,11,14,2,11
1,<environment.Job instance at 0x7fe9e3575690>,4,2,[ 2 14],5,14,16,9,11
1,<environment.Job instance at 0x7fe9e35719b0>,11,2,[5 6],12,16,18,4,12
1,<environment.Job instance at 0x7fe9e3b594b0>,9,1,[ 3 12],10,18,19,8,16
1,<environment.Job instance at 0x7fe9e3b943c0>,15,13,[5 1],16,16,29,0,16
1,<environment.Job instance at 0x7fe9e356b3c0>,18,3,[1 5],19,19,22,0,19
1,<environment.Job instance at 0x7fe9e356b1e0>,17,13,[6 3],18,20,33,2,20
1,<environment.Job instance at 0x7fe9e356bc80>,21,3,[2 7],22,22,25,0,22
1,<environment.Job instance at 0x7fe9e356b960>,22,1,[10  4],23,33,34,10,23
1,<environment.Job instance at 0x7fe9e3566d20>,23,3,[3 8],24,25,28,1,24
1,<environment.Job instance at 0x7fe9e3571500>,13,23,[5 1],14,29,52,15,25
1,<environment.Job instance at 0x7fe9e38e75f0>,25,17,[3 6],26,34,51,8,26
1,<environment.Job instance at 0x7fe9e356bd20>,19,20,[3 8],20,34,54,14,27
1,<environment.Job instance at 0x7fe9e356b870>,28,16,[1 5],29,51,67,22,38
1,<environment.Job instance at 0x7fe9e356baf0>,26,18,[14  2],27,54,72,27,47
1,<environment.Job instance at 0x7fe9e38c2dc0>,30,1,[ 5 12],31,72,73,41,47
1,<environment.Job instance at 0x7fe9e38c2190>,31,13,[9 3],32,72,85,40,58
1,<environment.Job instance at 0x7fe9e38c2280>,32,16,[ 2 13],33,85,101,52,73
1,<environment.Job instance at 0x7fe9e4a30fa0>,33,15,[3 8],34,101,116,67,87
1,<environment.Job instance at 0x7fe9e4a38e60>,34,13,[6 5],35,101,114,66,87
1,<environment.Job instance at 0x7fe9e4b91320>,35,13,[14  1],36,116,129,80,101
1,<environment.Job instance at 0x7fe9e4a38a50>,36,3,[ 5 13],37,129,132,92,103
1,<environment.Job instance at 0x7fe9e3e0db40>,7,18,[9 4],8,132,150,124,122
1,<environment.Job instance at 0x7fe9e3e4e0f0>,1,19,[4 8],2,2,21,0,2
1,<environment.Job instance at 0x7fe9e3e4e780>,3,3,[5 2],4,4,7,0,4
1,<environment.Job instance at 0x7fe9e3e4e050>,6,1,[4 6],7,7,8,0,7
1,<environment.Job instance at 0x7fe9e3e4e960>,7,18,[9 4],8,8,26,0,8
1,<environment.Job instance at 0x7fe9e3e4e5a0>,11,2,[5 6],12,21,23,9,21
1,<environment.Job instance at 0x7fe9e40dbc30>,18,3,[1 5],19,21,24,2,21
1,<environment.Job instance at 0x7fe9e40dbfa0>,15,13,[5 1],16,23,36,7,23
1,<environment.Job instance at 0x7fe9e40dbe10>,22,1,[10  4],23,26,27,3,26
1,<environment.Job instance at 0x7fe9e477c370>,23,3,[3 8],24,27,30,3,27
1,<environment.Job instance at 0x7fe9e40db410>,17,13,[6 3],18,27,40,9,27
1,<environment.Job instance at 0x7fe9e40dbb90>,21,3,[2 7],22,30,33,8,30
1,<environment.Job instance at 0x7fe9e3e4e140>,2,16,[ 4 10],3,33,49,30,33
1,<environment.Job instance at 0x7fe9e477ccd0>,28,16,[1 5],29,40,56,11,40
1,<environment.Job instance at 0x7fe9e4782c80>,31,13,[9 3],32,49,62,17,49
1,<environment.Job instance at 0x7fe9e477ca50>,25,17,[3 6],26,49,66,23,49
1,<environment.Job instance at 0x7fe9e47997d0>,34,13,[6 5],35,62,75,27,62
1,<environment.Job instance at 0x7fe9e4799b90>,33,15,[3 8],34,66,81,32,66
1,<environment.Job instance at 0x7fe9e4792820>,43,17,[8 1],44,75,92,31,75
1,<environment.Job instance at 0x7fe9e4792eb0>,48,14,[5 4],49,81,95,32,81
1,<environment.Job instance at 0x7fe9e3bf7320>,10,16,[2 8],11,81,97,70,81
1,<environment.Job instance at 0x7fe9e4792640>,50,1,[8 5],51,95,96,44,95
1,<environment.Job instance at 0x7fe9e4792b40>,59,13,[8 3],60,96,109,36,96
1,<environment.Job instance at 0x7fe9e40f75a0>,61,13,[1 9],62,97,110,35,97
1,<environment.Job instance at 0x7fe9e40f78c0>,65,2,[5 5],66,109,111,43,109
1,<environment.Job instance at 0x7fe9e40f7780>,68,2,[ 1 10],69,110,112,41,110
1,<environment.Job instance at 0x7fe9e40f7af0>,69,13,[7 5],70,111,124,41,111
1,<environment.Job instance at 0x7fe9e40f7410>,63,13,[1 7],64,112,125,48,112
1,<environment.Job instance at 0x7fe9e40f7820>,71,1,[9 1],72,124,125,52,124
1,<environment.Job instance at 0x7fe9e40460f0>,76,12,[5 4],77,124,136,47,124
1,<environment.Job instance at 0x7fe9f540c500>,73,3,[8 2],74,125,128,51,125
1,<environment.Job instance at 0x7fe9e4799d70>,41,16,[2 8],42,125,141,83,125
1,<environment.Job instance at 0x7fe9e40f79b0>,77,14,[8 1],78,128,142,50,128
1,<environment.Job instance at 0x7fe9e368d960>,0,14,[3 8],1,1,15,0,1
1,<environment.Job instance at 0x7fe9e368da00>,2,14,[5 4],3,3,17,0,3
1,<environment.Job instance at 0x7fe9e368d2d0>,9,2,[5 5],10,15,17,5,10
1,<environment.Job instance at 0x7fe9e368d780>,11,2,[8 4],12,17,19,5,12
1,<environment.Job instance at 0x7fe9e368d730>,12,1,[13  4],13,19,20,6,13
1,<environment.Job instance at 0x7fe9e368d690>,18,2,[8 1],19,20,22,1,20
1,<environment.Job instance at 0x7fe9e368de10>,21,3,[2 5],22,22,25,0,22
1,<environment.Job instance at 0x7fe9e4648a50>,20,15,[ 2 13],21,25,40,4,22
1,<environment.Job instance at 0x7fe9e46484b0>,22,2,[1 6],23,23,25,0,23
1,<environment.Job instance at 0x7fe9e4648aa0>,25,17,[13  1],26,27,44,1,27
1,<environment.Job instance at 0x7fe9e4648140>,28,1,[6 4],29,44,45,15,29
1,<environment.Job instance at 0x7fe9e4648730>,29,1,[11  4],30,45,46,15,30
1,<environment.Job instance at 0x7fe9e4648550>,30,26,[2 7],31,40,66,9,37
1,<environment.Job instance at 0x7fe9e43f5c80>,44,3,[6 2],45,55,58,10,55
1,<environment.Job instance at 0x7fe9e43f58c0>,41,3,[ 2 11],42,66,69,24,55
1,<environment.Job instance at 0x7fe9e43f5fa0>,45,1,[6 3],46,55,56,9,55
1,<environment.Job instance at 0x7fe9e3a4aaa0>,0,14,[3 8],1,1,15,0,1
1,<environment.Job instance at 0x7fe9e372edc0>,1,16,[6 5],2,2,18,0,2
1,<environment.Job instance at 0x7fe9ed187c80>,9,2,[5 5],10,15,17,5,15
1,<environment.Job instance at 0x7fe9e3e15c30>,11,2,[8 4],12,17,19,5,17
1,<environment.Job instance at 0x7fe9ed1cb280>,3,12,[ 3 10],4,18,30,14,18
1,<environment.Job instance at 0x7fe9e3b59dc0>,14,12,[6 4],15,19,31,4,19
1,<environment.Job instance at 0x7fe9e475f550>,13,12,[5 9],14,30,42,16,30
1,<environment.Job instance at 0x7fe9e4792730>,18,2,[8 1],19,31,33,12,31
1,<environment.Job instance at 0x7fe9e4792f00>,21,3,[2 5],22,31,34,9,31
1,<environment.Job instance at 0x7fe9e4792370>,22,2,[1 6],23,34,36,11,34
1,<environment.Job instance at 0x7fe9e4792690>,28,1,[6 4],29,36,37,7,36
1,<environment.Job instance at 0x7fe9e4565b90>,6,12,[10  1],7,37,49,30,37
1,<environment.Job instance at 0x7fe9e39dbf00>,2,14,[5 4],3,42,56,39,42
1,<environment.Job instance at 0x7fe9e3c2c3c0>,34,12,[4 8],35,49,61,14,49
1,<environment.Job instance at 0x7fe9e3b1a4b0>,8,16,[9 2],9,56,72,47,56
1,<environment.Job instance at 0x7fe9e43f55f0>,37,18,[5 9],38,61,79,23,61
1,<environment.Job instance at 0x7fe9e368a320>,39,14,[7 4],40,72,86,32,72
1,<environment.Job instance at 0x7fe9e368db90>,42,16,[5 4],43,79,95,36,79
1,<environment.Job instance at 0x7fe9e368d4b0>,44,3,[6 2],45,86,89,41,86
1,<environment.Job instance at 0x7fe9e368da50>,45,1,[6 3],46,89,90,43,89
1,<environment.Job instance at 0x7fe9e398f550>,47,2,[5 4],48,90,92,42,90
1,<environment.Job instance at 0x7fe9e3e15910>,17,17,[9 2],18,92,109,74,92
1,<environment.Job instance at 0x7fe9e398fd70>,51,14,[5 5],52,95,109,43,95
1,<environment.Job instance at 0x7fe9e398f2d0>,54,16,[6 1],55,109,125,54,109
1,<environment.Job instance at 0x7fe9e368dc30>,43,17,[ 2 10],44,109,126,65,109
1,<environment.Job instance at 0x7fe9e398f500>,59,12,[6 3],60,109,121,49,109
1,<environment.Job instance at 0x7fe9e398fe60>,60,16,[10  2],61,125,141,64,125
1,<environment.Job instance at 0x7fe9e398f5f0>,61,15,[4 8],62,126,141,64,126
1,<environment.Job instance at 0x7fe9e398ff50>,57,18,[1 5],58,126,144,68,126
1,<environment.Job instance at 0x7fe9e33dc5f0>,1,3,[1 6],2,2,5,0,2
1,<environment.Job instance at 0x7fe9e33195f0>,2,15,[8 1],3,3,18,0,3
1,<environment.Job instance at 0x7fe9e3319c80>,3,14,[5 7],4,4,18,0,4
1,<environment.Job instance at 0x7fe9e3319410>,5,2,[3 9],6,18,20,12,6
1,<environment.Job instance at 0x7fe9e3319cd0>,6,15,[ 4 10],7,20,35,13,7
1,<environment.Job instance at 0x7fe9e3319e10>,11,1,[10  1],12,18,19,6,12
1,<environment.Job instance at 0x7fe9e3319af0>,12,1,[10  1],13,19,20,6,13
1,<environment.Job instance at 0x7fe9e3319870>,17,13,[7 2],18,20,33,2,18
1,<environment.Job instance at 0x7fe9e34294b0>,21,15,[10  5],22,33,48,11,25
1,<environment.Job instance at 0x7fe9e3429aa0>,25,12,[9 1],26,48,60,22,31
1,<environment.Job instance at 0x7fe9e34295a0>,24,16,[4 7],25,35,51,10,33
1,<environment.Job instance at 0x7fe9e3429550>,27,3,[ 2 11],28,51,54,23,33
1,<environment.Job instance at 0x7fe9e33dcd20>,14,18,[5 4],15,54,72,39,47
1,<environment.Job instance at 0x7fe9e3319be0>,22,25,[9 5],23,60,85,37,56
1,<environment.Job instance at 0x7fe9e3429f00>,30,27,[3 6],31,72,99,41,70
1,<environment.Job instance at 0x7fe9e3429280>,31,2,[12  1],32,85,87,53,79
1,<environment.Job instance at 0x7fe9e34293c0>,32,13,[5 5],33,87,100,54,86
1,<environment.Job instance at 0x7fe9e3429870>,29,15,[ 5 14],30,100,115,70,86
1,<environment.Job instance at 0x7fe9e34296e0>,34,14,[ 3 10],35,115,129,80,100
1,<environment.Job instance at 0x7fe9e3429370>,33,18,[11  2],34,115,133,81,106
1,<environment.Job instance at 0x7fe9e3fd1960>,1,3,[1 6],2,2,5,0,2
1,<environment.Job instance at 0x7fe9e3fd19b0>,2,15,[8 1],3,3,18,0,3
1,<environment.Job instance at 0x7fe9e3fd1050>,3,14,[5 7],4,4,18,0,4
1,<environment.Job instance at 0x7fe9e3702af0>,11,1,[10  1],12,18,19,6,18
1,<environment.Job instance at 0x7fe9e3fd1b40>,5,2,[3 9],6,18,20,12,18
1,<environment.Job instance at 0x7fe9ed187c80>,12,1,[10  1],13,19,20,6,19
1,<environment.Job instance at 0x7fe9e3ac9e60>,17,13,[7 2],18,20,33,2,20
1,<environment.Job instance at 0x7fe9e3fd1410>,6,15,[ 4 10],7,20,35,13,20
1,<environment.Job instance at 0x7fe9e35a6d70>,21,15,[10  5],22,33,48,11,33
1,<environment.Job instance at 0x7fe9e35a6500>,24,16,[4 7],25,35,51,10,35
1,<environment.Job instance at 0x7fe9e47bc320>,25,12,[9 1],26,48,60,22,48
1,<environment.Job instance at 0x7fe9e47f71e0>,32,13,[5 5],33,51,64,18,51
1,<environment.Job instance at 0x7fe9e3ae8af0>,36,3,[7 5],37,60,63,23,60
1,<environment.Job instance at 0x7fe9e47f70a0>,34,14,[ 3 10],35,63,77,28,63
1,<environment.Job instance at 0x7fe9e3ae8190>,37,15,[7 2],38,64,79,26,64
1,<environment.Job instance at 0x7fe9e47f7b90>,38,1,[4 7],39,77,78,38,77
1,<environment.Job instance at 0x7fe9e47ea320>,44,12,[ 1 10],45,78,90,33,78
1,<environment.Job instance at 0x7fe9e43747d0>,15,17,[7 2],16,78,95,62,78
1,<environment.Job instance at 0x7fe9e47f6280>,48,15,[5 1],49,79,94,30,79
1,<environment.Job instance at 0x7fe9e47f6320>,46,15,[1 8],47,90,105,43,90
1,<environment.Job instance at 0x7fe9e375a870>,49,13,[5 2],50,94,107,44,94
1,<environment.Job instance at 0x7fe9e368d4b0>,14,18,[5 4],15,95,113,80,95
1,<environment.Job instance at 0x7fe9e375aeb0>,50,1,[10  2],51,108,109,57,108
1,<environment.Job instance at 0x7fe9e37725a0>,55,13,[8 1],56,109,122,53,109
1,<environment.Job instance at 0x7fe9e373eaa0>,60,2,[1 5],61,109,111,48,109
1,<environment.Job instance at 0x7fe9e3772b40>,57,18,[1 9],58,111,129,53,111
1,<environment.Job instance at 0x7fe9e373e140>,59,14,[6 1],60,113,127,53,113
1,<environment.Job instance at 0x7fe9e493d410>,64,14,[7 5],65,122,136,57,122
1,<environment.Job instance at 0x7fe9e373e190>,62,17,[3 7],63,129,146,66,129
1,<environment.Job instance at 0x7fe9e43da910>,1,3,[7 2],2,2,5,0,2
1,<environment.Job instance at 0x7fe9e43da0f0>,2,13,[5 8],3,3,16,0,3
1,<environment.Job instance at 0x7fe9e43dad70>,3,13,[5 5],4,5,18,1,4
1,<environment.Job instance at 0x7fe9e43dacd0>,5,3,[3 7],6,16,19,10,6
1,<environment.Job instance at 0x7fe9e43dafa0>,7,13,[4 8],8,18,31,10,8
1,<environment.Job instance at 0x7fe9e43da3c0>,16,2,[7 5],17,19,21,2,17
1,<environment.Job instance at 0x7fe9e43dab90>,17,16,[5 6],18,21,37,3,19
1,<environment.Job instance at 0x7fe9e3cec2d0>,22,19,[2 5],23,31,50,8,23
1,<environment.Job instance at 0x7fe9e3ceceb0>,23,14,[ 3 10],24,37,51,13,24
1,<environment.Job instance at 0x7fe9e3cecaa0>,26,12,[1 9],27,51,63,24,34
1,<environment.Job instance at 0x7fe9e3cec780>,21,13,[9 3],22,50,63,28,43
1,<environment.Job instance at 0x7fe9e43da5f0>,11,12,[11  1],12,63,75,51,59
1,<environment.Job instance at 0x7fe9e3ceca00>,35,15,[ 1 12],36,63,78,27,60
1,<environment.Job instance at 0x7fe9e3ceccd0>,36,14,[3 9],37,78,92,41,67
1,<environment.Job instance at 0x7fe9e3cec4b0>,37,12,[10  1],38,77,89,39,77
1,<environment.Job instance at 0x7fe9e3cecfa0>,27,3,[6 1],28,89,92,61,77
1,<environment.Job instance at 0x7fe9e3cec280>,38,17,[4 7],39,92,109,53,81
1,<environment.Job instance at 0x7fe9e3cc8eb0>,40,19,[5 8],41,92,111,51,90
1,<environment.Job instance at 0x7fe9e43da370>,18,18,[4 5],19,109,127,90,101
1,<environment.Job instance at 0x7fe9e3cc85f0>,42,22,[8 3],43,112,134,69,112
1,<environment.Job instance at 0x7fe9e3cc80a0>,41,16,[ 1 10],42,127,143,85,114
1,<environment.Job instance at 0x7fe9e3cc8e10>,43,1,[9 3],44,134,135,90,114
1,<environment.Job instance at 0x7fe9e47eef50>,0,22,[5 4],1,1,23,0,1
1,<environment.Job instance at 0x7fe9e47eea50>,1,3,[7 2],2,2,5,0,2
1,<environment.Job instance at 0x7fe9e47ee870>,2,13,[5 8],3,5,18,2,5
1,<environment.Job instance at 0x7fe9e47df730>,5,3,[3 7],6,18,21,12,18
1,<environment.Job instance at 0x7fe9e34e03c0>,16,2,[7 5],17,21,23,4,21
1,<environment.Job instance at 0x7fe9e47ee8c0>,3,13,[5 5],4,23,36,19,23
1,<environment.Job instance at 0x7fe9e47df410>,7,13,[4 8],8,23,36,15,23
1,<environment.Job instance at 0x7fe9e34e0870>,17,16,[5 6],18,36,52,18,36
1,<environment.Job instance at 0x7fe9e3fa3230>,21,13,[9 3],22,36,49,14,36
1,<environment.Job instance at 0x7fe9e47df820>,6,17,[7 5],7,49,66,42,49
1,<environment.Job instance at 0x7fe9e3fa3870>,23,14,[ 3 10],24,52,66,28,52
1,<environment.Job instance at 0x7fe9e3fa3730>,26,12,[1 9],27,66,78,39,66
1,<environment.Job instance at 0x7fe9e3234e60>,27,3,[6 1],28,66,69,38,66
1,<environment.Job instance at 0x7fe9e3fa3140>,24,14,[5 4],25,66,80,41,66
1,<environment.Job instance at 0x7fe9e3da6910>,37,12,[10  1],38,78,90,40,78
1,<environment.Job instance at 0x7fe9e447c140>,36,14,[3 9],37,80,94,43,80
1,<environment.Job instance at 0x7fe9e47dfc80>,8,17,[10  1],9,90,107,81,90
1,<environment.Job instance at 0x7fe9e3775230>,41,16,[ 1 10],42,94,110,52,94
1,<environment.Job instance at 0x7fe9e3744050>,43,1,[9 3],44,107,108,63,107
1,<environment.Job instance at 0x7fe9e3744b40>,44,12,[9 2],45,108,120,63,108
1,<environment.Job instance at 0x7fe9e37440a0>,47,2,[1 8],48,110,112,62,110
1,<environment.Job instance at 0x7fe9e3f7d8c0>,18,18,[4 5],19,110,128,91,110
1,<environment.Job instance at 0x7fe9e373e140>,52,15,[3 6],53,120,135,67,120
1,<environment.Job instance at 0x7fe9e37491e0>,49,16,[7 4],50,120,136,70,120
1,<environment.Job instance at 0x7fe9e362c640>,4,20,[6 2],5,5,25,0,5
1,<environment.Job instance at 0x7fe9e362cf50>,6,15,[3 6],7,7,22,0,7
1,<environment.Job instance at 0x7fe9e362cd70>,9,14,[6 1],10,10,24,0,10
1,<environment.Job instance at 0x7fe9e362cf00>,10,2,[14  5],11,25,27,14,11
1,<environment.Job instance at 0x7fe9e362c4b0>,13,3,[10  1],14,27,30,13,14
1,<environment.Job instance at 0x7fe9e362cfa0>,15,1,[5 1],16,24,25,8,16
1,<environment.Job instance at 0x7fe9e362c910>,14,15,[7 2],15,30,45,15,16
1,<environment.Job instance at 0x7fe9e440b0a0>,1,20,[8 3],2,2,22,0,2
1,<environment.Job instance at 0x7fe9e440baf0>,2,22,[5 2],3,3,25,0,3
1,<environment.Job instance at 0x7fe9e440b190>,13,3,[10  1],14,22,25,8,22
1,<environment.Job instance at 0x7fe9e43da5a0>,15,1,[5 1],16,25,26,9,25
1,<environment.Job instance at 0x7fe9e3804870>,20,3,[6 1],21,25,28,4,25
1,<environment.Job instance at 0x7fe9e3804a00>,21,3,[1 6],22,25,28,3,25
1,<environment.Job instance at 0x7fe9e440b820>,6,15,[3 6],7,25,40,18,25
1,<environment.Job instance at 0x7fe9e440b500>,9,14,[6 1],10,28,42,18,28
1,<environment.Job instance at 0x7fe9e35784b0>,26,15,[6 5],27,28,43,1,28
1,<environment.Job instance at 0x7fe9e47bc9b0>,35,2,[7 1],36,42,44,6,42
1,<environment.Job instance at 0x7fe9e47f70a0>,39,3,[2 6],40,43,46,3,43
1,<environment.Job instance at 0x7fe9e47f7370>,41,2,[10  3],42,44,46,2,44
1,<environment.Job instance at 0x7fe9e3ae8190>,42,1,[5 2],43,46,47,3,46
1,<environment.Job instance at 0x7fe9e3f89eb0>,29,15,[ 2 10],30,46,61,16,46
1,<environment.Job instance at 0x7fe9e43daaa0>,14,15,[7 2],15,46,61,31,46
1,<environment.Job instance at 0x7fe9e47ea780>,45,3,[9 1],46,61,64,15,61
1,<environment.Job instance at 0x7fe9e3772a00>,51,1,[2 5],52,61,62,9,61
1,<environment.Job instance at 0x7fe9e3772b40>,50,13,[3 9],51,61,74,10,61
1,<environment.Job instance at 0x7fe9e373e0a0>,55,1,[1 5],56,62,63,6,62
1,<environment.Job instance at 0x7fe9e47bc370>,31,17,[10  3],32,64,81,32,64
1,<environment.Job instance at 0x7fe9e37725f0>,52,13,[3 7],53,74,87,21,74
1,<environment.Job instance at 0x7fe9e37491e0>,59,2,[3 7],60,81,83,21,81
1,<environment.Job instance at 0x7fe9e3597dc0>,43,15,[4 7],44,83,98,39,83
1,<environment.Job instance at 0x7fe9e3744c80>,61,14,[9 5],62,87,101,25,87
1,<environment.Job instance at 0x7fe9e3775c80>,62,14,[6 1],63,98,112,35,98
1,<environment.Job instance at 0x7fe9e447d1e0>,63,16,[3 8],64,101,117,37,101
1,<environment.Job instance at 0x7fe9e3749c30>,58,17,[9 4],59,112,129,53,112
1,<environment.Job instance at 0x7fe9e3587a50>,65,15,[1 8],66,118,133,52,118
1,<environment.Job instance at 0x7fe9e43da780>,12,18,[10  4],13,129,147,116,129
1,<environment.Job instance at 0x7fe9e3fd4410>,2,16,[5 1],3,3,19,0,3
1,<environment.Job instance at 0x7fe9e3fd43c0>,3,15,[9 3],4,5,20,1,5
1,<environment.Job instance at 0x7fe9e3fd4f00>,5,3,[2 7],6,19,22,13,6
1,<environment.Job instance at 0x7fe9e338c1e0>,7,1,[9 1],8,20,21,12,8
1,<environment.Job instance at 0x7fe9e338cc30>,9,3,[ 3 11],10,22,25,12,10
1,<environment.Job instance at 0x7fe9e3bd50f0>,4,13,[5 2],5,21,34,16,12
1,<environment.Job instance at 0x7fe9e338c960>,11,12,[5 8],12,25,37,13,22
1,<environment.Job instance at 0x7fe9e4564730>,17,17,[ 1 12],18,37,54,19,26
1,<environment.Job instance at 0x7fe9e45644b0>,14,12,[13  2],15,37,49,22,26
1,<environment.Job instance at 0x7fe9e45648c0>,16,12,[ 2 14],17,54,66,37,41
1,<environment.Job instance at 0x7fe9e3fd4fa0>,15,21,[10  1],16,49,70,33,42
1,<environment.Job instance at 0x7fe9e4564320>,22,3,[4 8],23,66,69,43,42
1,<environment.Job instance at 0x7fe9e45641e0>,23,16,[ 5 10],24,69,85,45,57
1,<environment.Job instance at 0x7fe9ed1a47d0>,32,1,[8 4],33,70,71,37,61
1,<environment.Job instance at 0x7fe9e4564280>,24,12,[13  2],25,85,97,60,69
1,<environment.Job instance at 0x7fe9ed1a4fa0>,36,13,[6 1],37,71,84,34,69
1,<environment.Job instance at 0x7fe9ed1a4280>,31,15,[1 6],32,85,100,53,73
1,<environment.Job instance at 0x7fe9ed1a4690>,37,12,[12  5],38,97,109,59,85
1,<environment.Job instance at 0x7fe9ed1a4230>,39,3,[10  3],40,109,112,69,85
1,<environment.Job instance at 0x7fe9ed1a4a50>,38,12,[ 3 12],39,109,121,70,93
1,<environment.Job instance at 0x7fe9e4564a50>,20,25,[12  1],21,112,137,91,108
1,<environment.Job instance at 0x7fe9ed1a4c30>,42,13,[5 1],43,137,150,94,121
1,<environment.Job instance at 0x7fe9ed1a4c80>,35,13,[7 5],36,137,150,101,126
1,<environment.Job instance at 0x7fe9e49a75a0>,44,2,[5 7],45,150,152,105,126
1,<environment.Job instance at 0x7fe9e33d0500>,2,16,[5 1],3,3,19,0,3
1,<environment.Job instance at 0x7fe9e33d0230>,3,15,[9 3],4,4,19,0,4
1,<environment.Job instance at 0x7fe9e3f2ca00>,7,1,[9 1],8,19,20,11,19
1,<environment.Job instance at 0x7fe9e3f22500>,5,3,[2 7],6,19,22,13,19
1,<environment.Job instance at 0x7fe9e3b58cd0>,11,12,[5 8],12,20,32,8,20
1,<environment.Job instance at 0x7fe9e3f2cfa0>,4,13,[5 2],5,22,35,17,22
1,<environment.Job instance at 0x7fe9e3f18e10>,27,1,[4 7],28,32,33,4,32
1,<environment.Job instance at 0x7fe9e3f34460>,30,16,[3 6],31,32,48,1,32
1,<environment.Job instance at 0x7fe9e3f34e60>,31,15,[1 6],32,33,48,1,33
1,<environment.Job instance at 0x7fe9e3f345a0>,28,12,[10  2],29,35,47,6,35
1,<environment.Job instance at 0x7fe9e3f26370>,32,1,[8 4],33,48,49,15,48
1,<environment.Job instance at 0x7fe9e3f0e050>,22,3,[4 8],23,48,51,25,48
1,<environment.Job instance at 0x7fe9e447ebe0>,39,3,[10  3],40,49,52,9,49
1,<environment.Job instance at 0x7fe9e3f0e780>,23,16,[ 5 10],24,51,67,27,51
1,<environment.Job instance at 0x7fe9e3f14af0>,42,13,[5 1],43,52,65,9,52
1,<environment.Job instance at 0x7fe9e3bc94b0>,36,13,[6 1],37,65,78,28,65
1,<environment.Job instance at 0x7fe9e3f08a00>,44,2,[5 7],45,67,69,22,67
1,<environment.Job instance at 0x7fe9e3f08780>,45,12,[1 6],46,67,79,21,67
1,<environment.Job instance at 0x7fe9e3f0daf0>,46,1,[6 3],47,69,70,22,69
1,<environment.Job instance at 0x7fe9e3f26320>,35,13,[7 5],36,70,83,34,70
1,<environment.Job instance at 0x7fe9e44eff50>,53,2,[8 3],54,79,81,25,79
1,<environment.Job instance at 0x7fe9e44679b0>,54,13,[7 4],55,81,94,26,81
1,<environment.Job instance at 0x7fe9e3f14190>,40,15,[8 4],41,83,98,42,83
1,<environment.Job instance at 0x7fe9e3b243c0>,58,16,[5 7],59,94,110,35,94
1,<environment.Job instance at 0x7fe9e499e820>,61,1,[6 5],62,98,99,36,98
1,<environment.Job instance at 0x7fe9e3b2a140>,62,13,[6 4],63,99,112,36,99
1,<environment.Job instance at 0x7fe9e4458910>,52,17,[4 9],53,111,128,58,111
1,<environment.Job instance at 0x7fe9e3b26960>,57,13,[10  1],58,112,125,54,112
1,<environment.Job instance at 0x7fe9e3b32d70>,51,14,[10  4],52,125,139,73,125
1,<environment.Job instance at 0x7fe9e3f44c80>,68,14,[2 7],69,128,142,59,128
1,<environment.Job instance at 0x7fe9e49a9960>,4,2,[12  3],5,5,7,0,5
1,<environment.Job instance at 0x7fe9e49a9460>,6,19,[2 7],7,7,26,0,7
1,<environment.Job instance at 0x7fe9e49a9af0>,9,17,[6 1],10,10,27,0,10
1,<environment.Job instance at 0x7fe9e49a92d0>,11,15,[8 2],12,26,41,14,12
1,<environment.Job instance at 0x7fe9e49a9140>,13,3,[8 3],14,41,44,27,15
1,<environment.Job instance at 0x7fe9e46363c0>,17,12,[3 5],18,27,39,9,18
1,<environment.Job instance at 0x7fe9e4636870>,19,14,[6 1],20,39,53,19,25
1,<environment.Job instance at 0x7fe9e46367d0>,23,3,[9 3],24,44,47,20,25
1,<environment.Job instance at 0x7fe9e4636280>,24,2,[13  1],25,53,55,28,26
1,<environment.Job instance at 0x7fe9e4636050>,22,3,[5 6],23,47,50,24,28
1,<environment.Job instance at 0x7fe9e4636b90>,25,13,[ 1 10],26,50,63,24,34
1,<environment.Job instance at 0x7fe9e4636730>,27,3,[12  1],28,55,58,27,34
1,<environment.Job instance at 0x7fe9e4636a00>,28,15,[8 4],29,58,73,29,44
1,<environment.Job instance at 0x7fe9e49a9dc0>,14,18,[6 1],15,58,76,43,47
1,<environment.Job instance at 0x7fe9e4636f50>,31,16,[6 3],32,73,89,41,60
1,<environment.Job instance at 0x7fe9e4636f00>,32,1,[ 2 13],33,89,90,56,61
1,<environment.Job instance at 0x7fe9e4636a50>,30,15,[3 9],31,73,88,42,65
1,<environment.Job instance at 0x7fe9e4636820>,21,17,[3 8],22,90,107,68,81
1,<environment.Job instance at 0x7fe9e3b19230>,35,1,[ 4 11],36,88,89,52,81
1,<environment.Job instance at 0x7fe9e3b19be0>,34,19,[8 1],35,89,108,54,82
1,<environment.Job instance at 0x7fe9e3b19f50>,36,15,[6 1],37,107,122,70,96
1,<environment.Job instance at 0x7fe9e46368c0>,26,14,[9 3],27,108,122,81,98
1,<environment.Job instance at 0x7fe9e3b19870>,37,21,[2 6],38,122,143,84,114
1,<environment.Job instance at 0x7fe9e3b19280>,40,23,[13  5],41,122,145,81,117
1,<environment.Job instance at 0x7fe9e40e2b40>,0,19,[3 5],1,1,20,0,1
1,<environment.Job instance at 0x7fe9e40e25a0>,1,18,[8 2],2,2,20,0,2
1,<environment.Job instance at 0x7fe9e40ebfa0>,6,19,[2 7],7,7,26,0,7
1,<environment.Job instance at 0x7fe9e3f6be10>,13,3,[8 3],14,20,23,6,20
1,<environment.Job instance at 0x7fe9e40ee8c0>,2,15,[8 4],3,23,38,20,23
1,<environment.Job instance at 0x7fe9e3f6bbe0>,9,17,[6 1],10,26,43,16,26
1,<environment.Job instance at 0x7fe9e3f49690>,17,12,[3 5],18,38,50,20,38
1,<environment.Job instance at 0x7fe9e3f49820>,19,14,[6 1],20,38,52,18,38
1,<environment.Job instance at 0x7fe9e3f582d0>,14,18,[6 1],15,43,61,28,43
1,<environment.Job instance at 0x7fe9e463da50>,21,17,[3 8],22,50,67,28,50
1,<environment.Job instance at 0x7fe9e40f2730>,22,3,[5 6],23,52,55,29,52
1,<environment.Job instance at 0x7fe9e3448690>,23,3,[9 3],24,61,64,37,61
1,<environment.Job instance at 0x7fe9e3f589b0>,16,13,[9 5],17,64,77,47,64
1,<environment.Job instance at 0x7fe9e44722d0>,25,13,[ 1 10],26,67,80,41,67
1,<environment.Job instance at 0x7fe9e44729b0>,26,14,[9 3],27,77,91,50,77
1,<environment.Job instance at 0x7fe9e49a9b40>,30,15,[3 9],31,80,95,49,80
1,<environment.Job instance at 0x7fe9e33d02d0>,28,15,[8 4],29,91,106,62,91
1,<environment.Job instance at 0x7fe9e3f44be0>,36,15,[6 1],37,95,110,58,95
1,<environment.Job instance at 0x7fe9e3f6b690>,11,15,[8 2],12,106,121,94,106
1,<environment.Job instance at 0x7fe9e3b243c0>,45,3,[1 8],46,106,109,60,106
1,<environment.Job instance at 0x7fea09996c80>,47,2,[5 7],48,110,112,62,110
1,<environment.Job instance at 0x7fe9e428d780>,49,15,[4 5],50,112,127,62,112
1,<environment.Job instance at 0x7fe9e3f62190>,50,3,[1 6],51,112,115,61,112
1,<environment.Job instance at 0x7fe9e428dd20>,51,15,[6 2],52,122,137,70,122
1,<environment.Job instance at 0x7fe9e49a94b0>,31,16,[6 3],32,127,143,95,127
1,<environment.Job instance at 0x7fe9e393ceb0>,0,1,[8 1],1,1,2,0,1
1,<environment.Job instance at 0x7fe9e393cfa0>,1,12,[8 3],2,2,14,0,2
1,<environment.Job instance at 0x7fe9e393c500>,13,2,[ 4 10],14,14,16,0,14
1,<environment.Job instance at 0x7fe9e32cbf50>,14,1,[14  4],15,119,120,104,119
1,<environment.Job instance at 0x7fe9e3f51f50>,0,1,[8 1],1,1,2,0,1
1,<environment.Job instance at 0x7fe9e3f51910>,1,12,[8 3],2,2,14,0,2
1,<environment.Job instance at 0x7fe9e3f51f00>,4,16,[4 7],5,5,21,0,5
1,<environment.Job instance at 0x7fe9e3f51eb0>,6,13,[1 6],7,14,27,7,14
1,<environment.Job instance at 0x7fe9e3f54d70>,15,12,[3 8],16,21,33,5,21
1,<environment.Job instance at 0x7fe9e3f54190>,17,3,[7 3],18,27,30,9,27
1,<environment.Job instance at 0x7fe9e3f51e60>,5,16,[9 5],6,30,46,24,30
1,<environment.Job instance at 0x7fe9e3f54b90>,13,2,[ 4 10],14,33,35,19,33
1,<environment.Job instance at 0x7fe9e3f622d0>,22,1,[2 6],23,35,36,12,35
1,<environment.Job instance at 0x7fe9e3f54aa0>,16,17,[3 9],17,36,53,19,36
1,<environment.Job instance at 0x7fe9e3f62a50>,21,14,[7 5],22,46,60,24,46
1,<environment.Job instance at 0x7fe9e44729b0>,27,13,[5 9],28,53,66,25,53
1,<environment.Job instance at 0x7fe9e3f44af0>,24,14,[8 5],25,60,74,35,60
1,<environment.Job instance at 0x7fe9e40f2b90>,30,14,[4 6],31,66,80,35,66
1,<environment.Job instance at 0x7fe9e3f499b0>,32,13,[5 9],33,74,87,41,74
1,<environment.Job instance at 0x7fe9e3f62870>,23,15,[10  2],24,80,95,56,80
1,<environment.Job instance at 0x7fe9e3f58a50>,36,12,[2 7],37,87,99,50,87
1,<environment.Job instance at 0x7fe9e3f589b0>,35,15,[5 1],36,95,110,59,95
1,<environment.Job instance at 0x7fe9e40ebf50>,42,15,[2 6],43,95,110,52,95
1,<environment.Job instance at 0x7fe9e3f449b0>,29,17,[7 5],30,99,116,69,99
1,<environment.Job instance at 0x7fe9e470b410>,46,16,[7 1],47,110,126,63,110
1,<environment.Job instance at 0x7fe9e3f6beb0>,39,17,[1 8],40,110,127,70,110
1,<environment.Job instance at 0x7fe9e40e25a0>,49,17,[9 2],50,126,143,76,126
1,<environment.Job instance at 0x7fe9e427d320>,47,17,[3 8],48,127,144,79,127
1,<environment.Job instance at 0x7fe9e36a6910>,0,14,[7 4],1,1,15,0,1
1,<environment.Job instance at 0x7fe9e36a6af0>,2,1,[6 3],3,3,4,0,3
1,<environment.Job instance at 0x7fe9e3683140>,3,2,[ 4 11],4,4,6,0,4
1,<environment.Job instance at 0x7fe9e36836e0>,7,15,[5 1],8,8,23,0,8
1,<environment.Job instance at 0x7fe9e3683a00>,8,2,[10  1],9,15,17,6,9
1,<environment.Job instance at 0x7fe9e3683730>,9,13,[6 1],10,17,30,7,10
1,<environment.Job instance at 0x7fe9e423c960>,10,12,[ 4 10],11,17,29,6,11
1,<environment.Job instance at 0x7fe9e423c0a0>,14,2,[13  2],15,30,32,15,15
1,<environment.Job instance at 0x7fe9e4400780>,15,14,[4 7],16,32,46,16,17
1,<environment.Job instance at 0x7fe9e3fd1fa0>,16,1,[10  5],17,32,33,15,23
1,<environment.Job instance at 0x7fe9e44ba500>,21,1,[9 5],22,29,30,7,23
1,<environment.Job instance at 0x7fe9e494af50>,22,3,[ 5 11],23,46,49,23,28
1,<environment.Job instance at 0x7fe9e43e0b40>,31,26,[9 3],32,36,62,4,36
1,<environment.Job instance at 0x7fe9e44a6140>,37,2,[14  1],38,62,64,24,38
1,<environment.Job instance at 0x7fe9e44a6fa0>,36,28,[1 5],37,50,78,13,50
1,<environment.Job instance at 0x7fe9e44a6dc0>,34,15,[14  1],35,64,79,29,60
1,<environment.Job instance at 0x7fe9e44a65f0>,42,17,[ 1 11],43,78,95,35,66
1,<environment.Job instance at 0x7fe9e44a6af0>,43,21,[7 3],44,110,131,66,110
1,<environment.Job instance at 0x7fe9e44a6190>,33,26,[4 7],34,119,145,85,119
1,<environment.Job instance at 0x7fe9e44a6c30>,32,24,[1 7],33,131,155,98,128
1,<environment.Job instance at 0x7fe9e3be7dc0>,0,14,[7 4],1,1,15,0,1
1,<environment.Job instance at 0x7fe9e32147d0>,1,17,[ 4 10],2,2,19,0,2
1,<environment.Job instance at 0x7fe9e31f7c30>,2,1,[6 3],3,15,16,12,15
1,<environment.Job instance at 0x7fe9e31f74b0>,7,15,[5 1],8,15,30,7,15
1,<environment.Job instance at 0x7fe9e4713be0>,9,13,[6 1],10,16,29,6,16
1,<environment.Job instance at 0x7fe9e37da1e0>,10,12,[ 4 10],11,19,31,8,19
1,<environment.Job instance at 0x7fe9e37da2d0>,11,17,[6 1],12,29,46,17,29
1,<environment.Job instance at 0x7fe9e31f7aa0>,5,18,[5 3],6,30,48,24,30
1,<environment.Job instance at 0x7fe9e3dfb960>,15,14,[4 7],16,31,45,15,31
1,<environment.Job instance at 0x7fe9e322fdc0>,21,1,[9 5],22,46,47,24,46
1,<environment.Job instance at 0x7fe9e3e205f0>,16,1,[10  5],17,48,49,31,48
1,<environment.Job instance at 0x7fe9e38053c0>,13,15,[5 8],14,48,63,34,48
1,<environment.Job instance at 0x7fe9e37ca0a0>,8,2,[10  1],9,51,53,42,51
1,<environment.Job instance at 0x7fe9e3212cd0>,46,16,[2 7],47,53,69,6,53
1,<environment.Job instance at 0x7fe9e442e9b0>,28,18,[5 5],29,64,82,35,64
1,<environment.Job instance at 0x7fe9e35e1a50>,47,19,[5 1],48,64,83,16,64
1,<environment.Job instance at 0x7fe9e32288c0>,49,12,[3 8],50,69,81,19,69
1,<environment.Job instance at 0x7fe9e32287d0>,51,13,[8 2],52,82,95,30,82
1,<environment.Job instance at 0x7fe9e3a06eb0>,52,2,[5 2],53,83,85,30,83
1,<environment.Job instance at 0x7fe9e3a06e60>,54,15,[3 5],55,85,100,30,85
1,<environment.Job instance at 0x7fe9e3a2bd70>,55,13,[6 5],56,95,108,39,95
1,<environment.Job instance at 0x7fe9e3228960>,50,16,[ 3 10],51,100,116,49,100
1,<environment.Job instance at 0x7fe9e3a18dc0>,57,20,[10  4],58,109,129,51,109
1,<environment.Job instance at 0x7fe9e3a18eb0>,61,2,[ 1 10],62,117,119,55,117
1,<environment.Job instance at 0x7fe9e31fdf50>,62,1,[ 1 10],63,119,120,56,119
1,<environment.Job instance at 0x7fe9e31fd0f0>,64,15,[4 7],65,120,135,55,120
1,<environment.Job instance at 0x7fe9e3a18cd0>,60,20,[2 6],61,129,149,68,129
1,<environment.Job instance at 0x7fe9e31fda00>,69,3,[9 1],70,129,132,59,129
1,<environment.Job instance at 0x7fe9e37f9960>,3,12,[5 6],4,4,16,0,4
1,<environment.Job instance at 0x7fe9e37f9820>,10,21,[7 1],11,11,32,0,11
1,<environment.Job instance at 0x7fe9e44318c0>,12,16,[7 1],13,16,32,3,13
1,<environment.Job instance at 0x7fe9e4431fa0>,15,2,[ 3 13],16,32,34,16,17
1,<environment.Job instance at 0x7fe9e4431aa0>,13,13,[6 5],14,34,47,20,18
1,<environment.Job instance at 0x7fe9e4431780>,18,15,[5 4],19,34,49,15,29
1,<environment.Job instance at 0x7fe9e4431410>,22,13,[1 8],23,47,60,24,31
1,<environment.Job instance at 0x7fe9e44319b0>,27,1,[1 7],28,31,32,3,31
1,<environment.Job instance at 0x7fe9e4431eb0>,25,15,[8 2],26,47,62,21,35
1,<environment.Job instance at 0x7fe9e4431230>,32,1,[5 5],33,49,50,16,38
1,<environment.Job instance at 0x7fe9e3e08960>,37,3,[6 3],38,50,53,12,41
1,<environment.Job instance at 0x7fe9e3e08b90>,43,14,[4 9],44,60,74,16,46
1,<environment.Job instance at 0x7fe9e3e08f50>,47,3,[7 3],48,62,65,14,48
1,<environment.Job instance at 0x7fe9e3be36e0>,52,2,[ 3 12],53,74,76,21,60
1,<environment.Job instance at 0x7fe9e3be3640>,62,1,[7 3],63,65,66,2,63
1,<environment.Job instance at 0x7fe9e3be3dc0>,57,12,[3 7],58,76,88,18,67
1,<environment.Job instance at 0x7fe9e3be3410>,64,13,[7 1],65,67,80,2,67
1,<environment.Job instance at 0x7fe9e3be3c80>,65,12,[5 5],66,76,88,10,76
1,<environment.Job instance at 0x7fe9e3be3a50>,56,18,[10  1],57,88,106,31,80
1,<environment.Job instance at 0x7fe9e3be3050>,66,12,[4 6],67,90,102,23,90
1,<environment.Job instance at 0x7fe9e3be39b0>,67,18,[3 9],68,102,120,34,95
1,<environment.Job instance at 0x7fe9e4431d70>,26,15,[8 5],27,106,121,79,103
1,<environment.Job instance at 0x7fe9e3be30f0>,70,15,[ 3 14],71,121,136,50,108
1,<environment.Job instance at 0x7fe9e3be3eb0>,68,12,[ 3 11],69,136,148,67,124
1,<environment.Job instance at 0x7fe9e3bd2af0>,71,17,[5 2],72,136,153,64,124
1,<environment.Job instance at 0x7fe9e4073730>,0,22,[10  4],1,1,23,0,1
1,<environment.Job instance at 0x7fe9e370eeb0>,2,18,[3 6],3,3,21,0,3
1,<environment.Job instance at 0x7fe9e370e280>,3,12,[5 6],4,21,33,17,21
1,<environment.Job instance at 0x7fe9e36f6d20>,13,13,[6 5],14,23,36,9,23
1,<environment.Job instance at 0x7fe9e3701cd0>,22,13,[1 8],23,33,46,10,33
1,<environment.Job instance at 0x7fe9e36f6c80>,12,16,[7 1],13,33,49,20,33
1,<environment.Job instance at 0x7fe9e372d2d0>,18,15,[5 4],19,36,51,17,36
1,<environment.Job instance at 0x7fe9e3a14910>,23,18,[1 8],24,46,64,22,46
1,<environment.Job instance at 0x7fe9e3a14a00>,25,15,[8 2],26,49,64,23,49
1,<environment.Job instance at 0x7fe9e3729be0>,27,1,[1 7],28,64,65,36,64
1,<environment.Job instance at 0x7fe9e3bcb4b0>,28,12,[4 8],29,64,76,35,64
1,<environment.Job instance at 0x7fe9e3729c80>,26,15,[8 5],27,65,80,38,65
1,<environment.Job instance at 0x7fe9e35f20a0>,32,1,[5 5],33,76,77,43,76
1,<environment.Job instance at 0x7fe9e3701140>,21,15,[4 9],22,77,92,55,77
1,<environment.Job instance at 0x7fe9e3bb95a0>,33,12,[9 4],34,80,92,46,80
1,<environment.Job instance at 0x7fe9e35c7fa0>,37,3,[6 3],38,92,95,54,92
1,<environment.Job instance at 0x7fe9e44317d0>,39,15,[5 7],40,92,107,52,92
1,<environment.Job instance at 0x7fe9e4431f00>,36,15,[5 2],37,95,110,58,95
1,<environment.Job instance at 0x7fe9e39b9280>,45,13,[ 3 10],46,107,120,61,107
1,<environment.Job instance at 0x7fe9e39b9820>,47,3,[7 3],48,107,110,59,107
1,<environment.Job instance at 0x7fe9e39b9050>,48,14,[10  3],49,110,124,61,110
1,<environment.Job instance at 0x7fe9e3be3460>,43,14,[4 9],44,120,134,76,120
1,<environment.Job instance at 0x7fe9e32288c0>,30,16,[10  3],31,124,140,93,124
1,<environment.Job instance at 0x7fe9e39060f0>,1,2,[14  3],2,2,4,0,2
1,<environment.Job instance at 0x7fe9e46b7460>,3,1,[ 3 11],4,4,5,0,4
1,<environment.Job instance at 0x7fe9e46b7370>,4,2,[6 5],5,5,7,0,5
1,<environment.Job instance at 0x7fe9e46b7640>,5,1,[ 4 10],6,6,7,0,6
1,<environment.Job instance at 0x7fe9e46b79b0>,11,15,[10  2],12,16,31,4,16
1,<environment.Job instance at 0x7fe9e46b7b90>,15,17,[ 2 13],16,17,34,1,17
1,<environment.Job instance at 0x7fe9e46b7cd0>,16,15,[3 8],17,34,49,17,20
1,<environment.Job instance at 0x7fe9e46b7f50>,20,13,[2 8],21,49,62,28,33
1,<environment.Job instance at 0x7fe9e46c1050>,22,3,[5 5],23,34,37,11,33
1,<environment.Job instance at 0x7fe9e46c12d0>,23,15,[5 1],24,33,48,9,33
1,<environment.Job instance at 0x7fe9e46c1370>,24,23,[7 1],25,37,60,12,33
1,<environment.Job instance at 0x7fe9e46c1410>,25,12,[ 4 13],26,62,74,36,45
1,<environment.Job instance at 0x7fe9e46c1730>,30,2,[5 1],31,57,59,26,57
1,<environment.Job instance at 0x7fe9e46c17d0>,31,2,[ 2 12],32,74,76,42,57
1,<environment.Job instance at 0x7fe9e46c19b0>,34,14,[5 4],35,76,90,41,63
1,<environment.Job instance at 0x7fe9e46c14b0>,26,17,[4 6],27,76,93,49,64
1,<environment.Job instance at 0x7fe9e46c1cd0>,37,15,[5 5],38,76,91,38,64
1,<environment.Job instance at 0x7fe9e46c1e10>,39,12,[3 7],40,91,103,51,74
1,<environment.Job instance at 0x7fe9e46c1fa0>,40,2,[12  4],41,93,95,52,74
1,<environment.Job instance at 0x7fe9e46c1f00>,42,2,[12  3],43,95,97,52,76
1,<environment.Job instance at 0x7fe9e46c1b90>,35,15,[7 5],36,115,130,79,115
1,<environment.Job instance at 0x7fe9e46ab1e0>,44,12,[3 6],45,115,127,70,115
1,<environment.Job instance at 0x7fe9e46b7910>,10,22,[ 2 12],11,130,152,119,125
1,<environment.Job instance at 0x7fe9e3a07dc0>,4,2,[6 5],5,5,7,0,5
1,<environment.Job instance at 0x7fe9e3a07d20>,5,1,[ 4 10],6,6,7,0,6
1,<environment.Job instance at 0x7fe9e3a07d70>,11,15,[10  2],12,12,27,0,12
1,<environment.Job instance at 0x7fe9e35e1af0>,16,15,[3 8],17,17,32,0,17
1,<environment.Job instance at 0x7fe9e391e8c0>,22,3,[5 5],23,27,30,4,27
1,<environment.Job instance at 0x7fe9e35e11e0>,23,15,[5 1],24,27,42,3,27
1,<environment.Job instance at 0x7fe9e35e1410>,18,17,[3 5],19,30,47,11,30
1,<environment.Job instance at 0x7fe9e34b0af0>,30,2,[5 1],31,32,34,1,32
1,<environment.Job instance at 0x7fe9e35e1a50>,20,13,[2 8],21,32,45,11,32
1,<environment.Job instance at 0x7fe9e404b7d0>,34,14,[5 4],35,45,59,10,45
1,<environment.Job instance at 0x7fe9e362b1e0>,37,15,[5 5],38,45,60,7,45
1,<environment.Job instance at 0x7fe9e4990550>,26,17,[4 6],27,47,64,20,47
1,<environment.Job instance at 0x7fe9e45ba410>,39,12,[3 7],40,60,72,20,60
1,<environment.Job instance at 0x7fe9e36fd9b0>,27,15,[10  5],28,64,79,36,64
1,<environment.Job instance at 0x7fe9e4062410>,43,16,[2 8],44,72,88,28,72
1,<environment.Job instance at 0x7fe9e45a5d70>,44,12,[3 6],45,79,91,34,79
1,<environment.Job instance at 0x7fe9e3b87190>,45,14,[7 2],46,88,102,42,88
1,<environment.Job instance at 0x7fe9e362bb40>,35,15,[7 5],36,91,106,55,91
1,<environment.Job instance at 0x7fe9e362b280>,33,17,[ 1 10],34,102,119,68,102
1,<environment.Job instance at 0x7fe9e3ce5780>,52,12,[6 3],53,106,118,53,106
1,<environment.Job instance at 0x7fe9e45c91e0>,47,13,[10  2],48,118,131,70,118
1,<environment.Job instance at 0x7fe9e37f9be0>,51,16,[1 9],52,119,135,67,119
1,<environment.Job instance at 0x7fe9e3600460>,0,13,[5 4],1,1,14,0,1
1,<environment.Job instance at 0x7fe9e35bf500>,2,15,[8 2],3,3,18,0,3
1,<environment.Job instance at 0x7fe9e324b140>,5,3,[9 3],6,18,21,12,6
1,<environment.Job instance at 0x7fe9e3a86eb0>,7,1,[13  2],8,21,22,13,8
1,<environment.Job instance at 0x7fe9e3a86230>,8,12,[7 2],9,22,34,13,9
1,<environment.Job instance at 0x7fe9e3a864b0>,9,13,[1 5],10,10,23,0,10
1,<environment.Job instance at 0x7fe9e3a86410>,12,1,[7 4],13,22,23,9,13
1,<environment.Job instance at 0x7fe9e38c1870>,15,3,[7 4],16,23,26,7,17
1,<environment.Job instance at 0x7fe9e38c1f50>,11,2,[ 1 10],12,26,28,14,17
1,<environment.Job instance at 0x7fe9e38c1050>,16,16,[1 7],17,28,44,11,20
1,<environment.Job instance at 0x7fe9e4a31280>,20,3,[9 5],21,34,37,13,21
1,<environment.Job instance at 0x7fe9e4a31820>,23,15,[2 5],24,37,52,13,34
1,<environment.Job instance at 0x7fe9e4a31370>,24,1,[11  1],25,37,38,12,34
1,<environment.Job instance at 0x7fe9e4a31460>,25,1,[12  5],26,44,45,18,34
1,<environment.Job instance at 0x7fe9e4b81230>,26,2,[1 8],27,45,47,18,34
1,<environment.Job instance at 0x7fe9e4b81dc0>,27,3,[9 3],28,38,41,10,34
1,<environment.Job instance at 0x7fe9e4b81370>,31,1,[1 6],32,47,48,15,36
1,<environment.Job instance at 0x7fe9e36d2fa0>,37,2,[14  1],38,52,54,14,38
1,<environment.Job instance at 0x7fe9e38c19b0>,14,18,[6 1],15,54,72,39,47
1,<environment.Job instance at 0x7fe9e36d2dc0>,40,1,[7 5],41,54,55,13,54
1,<environment.Job instance at 0x7fe9e36d2a00>,41,2,[3 9],42,61,63,19,61
1,<environment.Job instance at 0x7fe9e36d2460>,42,3,[7 4],43,99,102,56,99
1,<environment.Job instance at 0x7fe9e4b81320>,32,14,[5 6],33,99,113,66,99
1,<environment.Job instance at 0x7fe9e47e45a0>,44,20,[5 5],45,102,122,57,99
1,<environment.Job instance at 0x7fe9e36d2690>,43,24,[5 8],44,118,142,74,118
1,<environment.Job instance at 0x7fe9e46a2690>,0,13,[5 4],1,1,14,0,1
1,<environment.Job instance at 0x7fe9e46abaf0>,2,15,[8 2],3,3,18,0,3
1,<environment.Job instance at 0x7fe9e3725140>,9,13,[1 5],10,10,23,0,10
1,<environment.Job instance at 0x7fe9e3725dc0>,12,1,[7 4],13,18,19,5,18
1,<environment.Job instance at 0x7fe9e4073730>,8,12,[7 2],9,18,30,9,18
1,<environment.Job instance at 0x7fe9e3703550>,15,3,[7 4],16,19,22,3,19
1,<environment.Job instance at 0x7fe9e3703690>,16,16,[1 7],17,22,38,5,22
1,<environment.Job instance at 0x7fe9e37036e0>,14,18,[6 1],15,22,40,7,22
1,<environment.Job instance at 0x7fe9e36f6190>,18,18,[2 5],19,30,48,11,30
1,<environment.Job instance at 0x7fe9e372d7d0>,19,18,[2 9],20,38,56,18,38
1,<environment.Job instance at 0x7fe9e3a09d70>,21,15,[10  1],22,40,55,18,40
1,<environment.Job instance at 0x7fe9e46c1910>,5,3,[9 3],6,55,58,49,55
1,<environment.Job instance at 0x7fe9e3729c30>,26,2,[1 8],27,56,58,29,56
1,<environment.Job instance at 0x7fe9e370e870>,11,2,[ 1 10],12,58,60,46,58
1,<environment.Job instance at 0x7fe9e3bb95a0>,27,3,[9 3],28,58,61,30,58
1,<environment.Job instance at 0x7fe9e4435320>,31,1,[1 6],32,60,61,28,60
1,<environment.Job instance at 0x7fe9e44313c0>,32,14,[5 6],33,60,74,27,60
1,<environment.Job instance at 0x7fe9e36f6e10>,20,3,[9 5],21,61,64,40,61
1,<environment.Job instance at 0x7fe9e3fe60f0>,3,13,[10  2],4,64,77,60,64
1,<environment.Job instance at 0x7fe9e39b9b90>,41,2,[3 9],42,74,76,32,74
1,<environment.Job instance at 0x7fe9e3a09cd0>,23,15,[2 5],24,76,91,52,76
1,<environment.Job instance at 0x7fe9e39b9780>,40,1,[7 5],41,77,78,36,77
1,<environment.Job instance at 0x7fe9e39b9820>,42,3,[7 4],43,78,81,35,78
1,<environment.Job instance at 0x7fe9e3e08c30>,36,18,[5 6],37,78,96,41,78
1,<environment.Job instance at 0x7fe9e35c7fa0>,29,17,[8 3],30,81,98,51,81
1,<environment.Job instance at 0x7fe9e39c7280>,49,16,[ 5 10],50,96,112,46,96
1,<environment.Job instance at 0x7fe9e3b87190>,58,12,[6 1],59,98,110,39,98
1,<environment.Job instance at 0x7fe9e44db7d0>,50,13,[10  3],51,110,123,59,110
1,<environment.Job instance at 0x7fe9e3b87960>,59,12,[1 8],60,112,124,52,112
1,<environment.Job instance at 0x7fe9e45baaa0>,61,14,[3 7],62,123,137,61,123
1,<environment.Job instance at 0x7fe9e45a5870>,60,14,[6 4],61,124,138,63,124
1,<environment.Job instance at 0x7fe9e33fbe10>,1,1,[2 5],2,2,3,0,2
1,<environment.Job instance at 0x7fe9e3eb1e10>,4,1,[13  5],5,5,6,0,5
1,<environment.Job instance at 0x7fe9e45ccd70>,5,1,[12  1],6,6,7,0,6
1,<environment.Job instance at 0x7fe9e3581b40>,6,2,[7 5],7,7,9,0,7
1,<environment.Job instance at 0x7fe9e37d25f0>,7,3,[ 3 12],8,9,12,1,8
1,<environment.Job instance at 0x7fe9e4623e10>,8,1,[3 8],9,12,13,3,9
1,<environment.Job instance at 0x7fe9e46231e0>,9,2,[4 7],10,12,14,2,10
1,<environment.Job instance at 0x7fe9e46233c0>,13,17,[7 2],14,14,31,0,14
1,<environment.Job instance at 0x7fe9e3b2f2d0>,15,2,[4 5],16,16,18,0,16
1,<environment.Job instance at 0x7fe9e40f9870>,22,13,[5 5],23,23,36,0,23
1,<environment.Job instance at 0x7fe9e4205cd0>,28,3,[5 1],29,31,34,2,30
1,<environment.Job instance at 0x7fe9e3899190>,32,17,[ 2 11],33,46,63,13,46
1,<environment.Job instance at 0x7fe9e34d5690>,35,16,[4 8],36,106,122,70,106
1,<environment.Job instance at 0x7fe9e4466b90>,36,17,[9 4],37,108,125,71,108
1,<environment.Job instance at 0x7fe9e4466aa0>,37,1,[2 5],38,122,123,84,109
1,<environment.Job instance at 0x7fe9ed136cd0>,0,18,[6 4],1,1,19,0,1
1,<environment.Job instance at 0x7fe9ed136960>,1,1,[2 5],2,2,3,0,2
1,<environment.Job instance at 0x7fe9ed136eb0>,2,15,[ 3 10],3,3,18,0,3
1,<environment.Job instance at 0x7fe9e3df9460>,8,1,[3 8],9,18,19,9,18
1,<environment.Job instance at 0x7fe9ed1361e0>,6,2,[7 5],7,19,21,12,19
1,<environment.Job instance at 0x7fe9e36f6190>,15,2,[4 5],16,19,21,3,19
1,<environment.Job instance at 0x7fe9e3e08fa0>,9,2,[4 7],10,21,23,11,21
1,<environment.Job instance at 0x7fe9e46c1910>,18,12,[9 2],19,21,33,2,21
1,<environment.Job instance at 0x7fe9e40eb780>,22,13,[5 5],23,23,36,0,23
1,<environment.Job instance at 0x7fe9e4252cd0>,31,18,[1 7],32,32,50,0,32
1,<environment.Job instance at 0x7fe9e3f343c0>,28,3,[5 1],29,33,36,4,33
1,<environment.Job instance at 0x7fe9e365b870>,33,12,[5 4],34,36,48,2,36
1,<environment.Job instance at 0x7fe9e36f60a0>,13,17,[7 2],14,36,53,22,36
1,<environment.Job instance at 0x7fe9e3d025f0>,34,17,[1 6],35,48,65,13,48
1,<environment.Job instance at 0x7fe9e3fbe4b0>,37,1,[2 5],38,50,51,12,50
1,<environment.Job instance at 0x7fe9e3fbe730>,39,3,[6 1],40,51,54,11,51
1,<environment.Job instance at 0x7fe9e3fbebe0>,35,16,[4 8],36,53,69,17,53
1,<environment.Job instance at 0x7fe9e3fbe690>,41,13,[9 1],42,54,67,12,54
1,<environment.Job instance at 0x7fe9e3fbe640>,40,16,[3 7],41,67,83,26,67
1,<environment.Job instance at 0x7fe9e3fbeaa0>,44,13,[2 8],45,69,82,24,69
1,<environment.Job instance at 0x7fe9e3fbea00>,46,16,[1 7],47,82,98,35,82
1,<environment.Job instance at 0x7fe9e3fbe2d0>,36,17,[9 4],37,83,100,46,83
1,<environment.Job instance at 0x7fe9e44313c0>,10,14,[4 9],11,98,112,87,98
1,<environment.Job instance at 0x7fe9e377eeb0>,64,17,[7 3],65,100,117,35,100
1,<environment.Job instance at 0x7fe9e377e460>,68,2,[1 6],69,112,114,43,112
1,<environment.Job instance at 0x7fe9e4217460>,52,18,[3 6],53,112,130,59,112
1,<environment.Job instance at 0x7fe9e377e690>,63,3,[2 7],64,117,120,53,117
1,<environment.Job instance at 0x7fe9e3906d20>,78,15,[3 5],79,120,135,41,120
1,<environment.Job instance at 0x7fe9e385c500>,5,2,[2 5],6,6,8,0,6
1,<environment.Job instance at 0x7fe9e385c3c0>,6,2,[3 9],7,7,9,0,7
1,<environment.Job instance at 0x7fe9e423a280>,8,2,[7 3],9,9,11,0,9
1,<environment.Job instance at 0x7fe9e495c230>,10,1,[6 2],11,11,12,0,11
1,<environment.Job instance at 0x7fe9e3ef4c80>,18,2,[1 7],19,19,21,0,19
1,<environment.Job instance at 0x7fe9e3ef49b0>,19,14,[5 5],20,20,34,0,20
1,<environment.Job instance at 0x7fe9e3ef44b0>,20,2,[10  3],21,21,23,0,21
1,<environment.Job instance at 0x7fe9e49ee4b0>,21,17,[2 5],22,23,40,1,22
1,<environment.Job instance at 0x7fe9ed15c4b0>,23,3,[4 6],24,34,37,10,24
1,<environment.Job instance at 0x7fe9e3fd1f00>,26,3,[1 8],27,37,40,10,27
1,<environment.Job instance at 0x7fe9e3fd1aa0>,28,1,[3 6],29,40,41,11,29
1,<environment.Job instance at 0x7fe9e33decd0>,29,1,[5 2],30,30,31,0,30
1,<environment.Job instance at 0x7fe9e33e5e60>,31,14,[6 2],32,32,46,0,32
1,<environment.Job instance at 0x7fe9e4b66190>,32,1,[9 2],33,41,42,8,33
1,<environment.Job instance at 0x7fe9e33e5190>,33,13,[5 3],34,42,55,8,34
1,<environment.Job instance at 0x7fe9e37f3c80>,34,1,[8 5],35,46,47,11,35
1,<environment.Job instance at 0x7fe9e4b30b90>,38,2,[5 7],39,47,49,8,39
1,<environment.Job instance at 0x7fe9e33e9550>,45,1,[10  1],46,49,50,3,46
1,<environment.Job instance at 0x7fe9e4b330f0>,49,13,[ 4 10],50,50,63,0,50
1,<environment.Job instance at 0x7fe9e4b33910>,51,19,[1 5],52,55,74,3,52
1,<environment.Job instance at 0x7fe9e4b335a0>,52,12,[1 5],53,63,75,10,53
1,<environment.Job instance at 0x7fe9e4b5f9b0>,61,13,[ 1 10],62,74,87,12,62
1,<environment.Job instance at 0x7fe9e4b55b40>,64,2,[10  5],65,71,73,6,71
1,<environment.Job instance at 0x7fe9e4b5f050>,63,17,[5 6],64,99,116,35,99
1,<environment.Job instance at 0x7fe9e37f5fa0>,0,17,[8 5],1,1,18,0,1
1,<environment.Job instance at 0x7fe9e37f5050>,5,2,[2 5],6,6,8,0,6
1,<environment.Job instance at 0x7fe9e37f5b40>,6,2,[3 9],7,8,10,1,8
1,<environment.Job instance at 0x7fe9e37f55f0>,8,2,[7 3],9,10,12,1,10
1,<environment.Job instance at 0x7fe9e39f0320>,10,1,[6 2],11,12,13,1,12
1,<environment.Job instance at 0x7fe9e39f0e10>,11,17,[2 8],12,13,30,1,13
1,<environment.Job instance at 0x7fe9e39f0dc0>,14,1,[6 3],15,18,19,3,18
1,<environment.Job instance at 0x7fe9e37f52d0>,3,15,[10  5],4,19,34,15,19
1,<environment.Job instance at 0x7fe9e39f01e0>,18,2,[1 7],19,30,32,11,30
1,<environment.Job instance at 0x7fe9e4ac0aa0>,19,14,[5 5],20,32,46,12,32
1,<environment.Job instance at 0x7fe9e39f0960>,20,2,[10  3],21,34,36,13,34
1,<environment.Job instance at 0x7fe9e39f0410>,17,15,[4 8],18,36,51,18,36
1,<environment.Job instance at 0x7fe9e4ac0550>,23,3,[4 6],24,46,49,22,46
1,<environment.Job instance at 0x7fe9e4ac0910>,21,17,[2 5],22,49,66,27,49
1,<environment.Job instance at 0x7fe9e39f0fa0>,15,18,[8 2],16,49,67,33,49
1,<environment.Job instance at 0x7fe9e4ac0d70>,26,3,[1 8],27,51,54,24,51
1,<environment.Job instance at 0x7fe9e4ac0cd0>,28,1,[3 6],29,54,55,25,54
1,<environment.Job instance at 0x7fe9e4ac0c30>,29,1,[5 2],30,55,56,25,55
1,<environment.Job instance at 0x7fe9e39f0820>,12,18,[5 5],13,56,74,43,56
1,<environment.Job instance at 0x7fe9e3c0beb0>,32,1,[9 2],33,67,68,34,67
1,<environment.Job instance at 0x7fe9e3c0b370>,33,13,[5 3],34,68,81,34,68
1,<environment.Job instance at 0x7fe9e3c0bc80>,34,1,[8 5],35,74,75,39,74
1,<environment.Job instance at 0x7fe9e3c0ba00>,38,2,[5 7],39,75,77,36,75
1,<environment.Job instance at 0x7fe9e4ac0f00>,31,14,[6 2],32,77,91,45,77
1,<environment.Job instance at 0x7fe9e39f0cd0>,16,16,[ 1 10],17,77,93,60,77
1,<environment.Job instance at 0x7fe9e39060f0>,45,1,[10  1],46,91,92,45,91
1,<environment.Job instance at 0x7fe9e4ac05f0>,27,17,[7 4],28,92,109,64,92
1,<environment.Job instance at 0x7fe9e377e460>,52,12,[1 5],53,93,105,40,93
1,<environment.Job instance at 0x7fe9e377ecd0>,54,14,[5 6],55,93,107,38,93
1,<environment.Job instance at 0x7fe9e3906eb0>,49,13,[ 4 10],50,107,120,57,107
1,<environment.Job instance at 0x7fe9e3906af0>,42,17,[7 4],43,109,126,66,109
1,<environment.Job instance at 0x7fe9e4217be0>,61,13,[ 1 10],62,120,133,58,120
1,<environment.Job instance at 0x7fe9e4217640>,64,2,[10  5],65,126,128,61,126
1,<environment.Job instance at 0x7fe9e4217f00>,65,15,[5 5],66,128,143,62,128
1,<environment.Job instance at 0x7f787684e8c0>,3,3,[ 4 14],4,4,7,0,4
1,<environment.Job instance at 0x7f786d204cd0>,6,20,[6 1],7,7,27,0,7
1,<environment.Job instance at 0x7f786d204eb0>,11,1,[8 5],12,14,15,2,14
1,<environment.Job instance at 0x7f786d2092d0>,14,13,[7 3],15,16,29,1,16
1,<environment.Job instance at 0x7f786d209230>,15,18,[2 8],16,16,34,0,16
1,<environment.Job instance at 0x7f786d209410>,16,16,[3 5],17,29,45,12,17
1,<environment.Job instance at 0x7f786d2090f0>,12,13,[10  2],13,29,42,16,18
1,<environment.Job instance at 0x7f786d209550>,18,3,[ 4 13],19,45,48,26,20
1,<environment.Job instance at 0x7f786d209960>,22,1,[2 7],23,34,35,11,23
1,<environment.Job instance at 0x7f786d209870>,21,1,[6 5],22,42,43,20,24
1,<environment.Job instance at 0x7f786d209910>,20,1,[13  5],21,48,49,27,25
1,<environment.Job instance at 0x7f786d2096e0>,19,14,[ 3 11],20,49,63,29,34
1,<environment.Job instance at 0x7f786d209b90>,24,18,[ 4 10],25,63,81,38,57
1,<environment.Job instance at 0x7f786d209e10>,29,25,[ 4 11],30,81,106,51,77
1,<environment.Job instance at 0x7f786d29ecd0>,2,22,[4 8],3,3,25,0,3
1,<environment.Job instance at 0x7f786d209b40>,4,14,[1 6],5,5,19,0,5
1,<environment.Job instance at 0x7f787684e7d0>,6,20,[6 1],7,7,27,0,7
1,<environment.Job instance at 0x7f786d1fc9b0>,11,1,[8 5],12,25,26,13,25
1,<environment.Job instance at 0x7f786d32ff50>,21,1,[6 5],22,26,27,4,26
1,<environment.Job instance at 0x7f786d3a6d20>,22,1,[2 7],23,26,27,3,26
1,<environment.Job instance at 0x7f786d1fc6e0>,12,13,[10  2],13,27,40,14,27
1,<environment.Job instance at 0x7f786d388a00>,16,16,[3 5],17,27,43,10,27
1,<environment.Job instance at 0x7f786d297dc0>,15,18,[2 8],16,27,45,11,27
1,<environment.Job instance at 0x7f786d2ffcd0>,14,13,[7 3],15,43,56,28,43
1,<environment.Job instance at 0x7f786d2fae60>,35,2,[1 8],36,45,47,9,45
1,<environment.Job instance at 0x7f786d31ea00>,34,16,[2 8],35,47,63,12,47
1,<environment.Job instance at 0x7f786d2a9410>,36,15,[9 5],37,56,71,19,56
1,<environment.Job instance at 0x7f786d2c6d70>,46,13,[6 5],47,63,76,16,63
1,<environment.Job instance at 0x7f786d328cd0>,27,18,[1 8],28,71,89,43,71
1,<environment.Job instance at 0x7f786d2c6e10>,49,15,[10  1],50,76,91,26,76
1,<environment.Job instance at 0x7f786d3aebe0>,54,17,[5 7],55,90,107,35,90
1,<environment.Job instance at 0x7f786d2c60f0>,41,15,[10  3],42,91,106,49,91
1,<environment.Job instance at 0x7f786d3ae320>,57,17,[8 5],58,106,123,48,106
1,<environment.Job instance at 0x7f786d3acaa0>,59,14,[2 7],60,107,121,47,107
1,<environment.Job instance at 0x7f786d3ac2d0>,60,17,[1 6],61,121,138,60,121
1,<environment.Job instance at 0x7f786d3ac0f0>,62,3,[5 5],63,123,126,60,123
1,<environment.Job instance at 0x7f786d3203c0>,63,14,[8 1],64,123,137,59,123
1,<environment.Job instance at 0x7f786d2c64b0>,44,18,[5 5],45,126,144,81,126
1,<environment.Job instance at 0x7f786d320460>,65,2,[10  4],66,139,141,73,139
1,<environment.Job instance at 0x7f786c951500>,1,13,[5 6],2,2,15,0,2
1,<environment.Job instance at 0x7f786c951780>,5,13,[ 4 10],6,15,28,9,6
1,<environment.Job instance at 0x7f786c954550>,7,1,[4 8],8,8,9,0,8
1,<environment.Job instance at 0x7f786c9544b0>,8,1,[11  2],9,15,16,6,9
1,<environment.Job instance at 0x7f786c954cd0>,10,3,[1 7],11,12,15,1,12
1,<environment.Job instance at 0x7f786c954230>,13,3,[5 2],14,33,36,19,33
1,<environment.Job instance at 0x7f786d2095f0>,11,3,[4 7],12,35,38,23,35
1,<environment.Job instance at 0x7f786c954870>,17,1,[ 2 14],18,38,39,20,35
1,<environment.Job instance at 0x7f786c954730>,16,17,[7 1],17,60,77,43,60
1,<environment.Job instance at 0x7f786c954910>,18,17,[5 5],19,108,125,89,108
1,<environment.Job instance at 0x7f786c955050>,19,17,[3 7],20,110,127,90,110
1,<environment.Job instance at 0x7f786c9550a0>,21,18,[1 9],22,127,145,105,122
1,<environment.Job instance at 0x7f786c9552d0>,22,22,[5 3],23,127,149,104,127
1,<environment.Job instance at 0x7f786ca0ce60>,1,13,[5 6],2,2,15,0,2
1,<environment.Job instance at 0x7f786ca0c550>,2,22,[4 8],3,3,25,0,3
1,<environment.Job instance at 0x7f786c9b3690>,10,3,[1 7],11,15,18,4,15
1,<environment.Job instance at 0x7f786c9b3af0>,11,3,[4 7],12,18,21,6,18
1,<environment.Job instance at 0x7f786c9bb5f0>,13,3,[5 2],14,21,24,7,21
1,<environment.Job instance at 0x7f786c9c3d70>,18,17,[5 5],19,21,38,2,21
1,<environment.Job instance at 0x7f786ca49140>,7,1,[4 8],8,25,26,17,25
1,<environment.Job instance at 0x7f786ca2f410>,5,13,[ 4 10],6,26,39,20,26
1,<environment.Job instance at 0x7f786cacb4b0>,25,3,[10  1],26,38,41,12,38
1,<environment.Job instance at 0x7f786c9c3370>,19,17,[3 7],20,39,56,19,39
1,<environment.Job instance at 0x7f786c9d1870>,30,2,[9 5],31,41,43,10,41
1,<environment.Job instance at 0x7f786c9c7f50>,23,13,[7 5],24,43,56,19,43
1,<environment.Job instance at 0x7f786c9d1b40>,32,16,[6 4],33,56,72,23,56
1,<environment.Job instance at 0x7f786c9cd460>,39,14,[2 6],40,56,70,16,56
1,<environment.Job instance at 0x7f786c9bf820>,16,17,[7 1],17,56,73,39,56
1,<environment.Job instance at 0x7f786c9de910>,35,16,[ 2 10],36,70,86,34,70
1,<environment.Job instance at 0x7f786cba9e10>,45,2,[5 2],46,73,75,27,73
1,<environment.Job instance at 0x7f786cb215a0>,33,18,[6 5],34,75,93,41,75
1,<environment.Job instance at 0x7f786cba6fa0>,46,1,[5 9],47,87,88,40,87
1,<environment.Job instance at 0x7f786c9db460>,49,12,[9 3],50,88,100,38,88
1,<environment.Job instance at 0x7f786cb0fd70>,41,13,[4 9],42,93,106,51,93
1,<environment.Job instance at 0x7f786cabfb90>,50,18,[10  3],51,100,118,49,100
1,<environment.Job instance at 0x7f786cabf410>,53,12,[1 7],54,106,118,52,106
1,<environment.Job instance at 0x7f786cb09dc0>,55,3,[5 5],56,118,121,62,118
1,<environment.Job instance at 0x7f786cb09fa0>,56,3,[ 5 10],57,118,121,61,118
1,<environment.Job instance at 0x7f786ca06460>,54,3,[10  2],55,122,125,67,122
1,<environment.Job instance at 0x7f786cb9b640>,42,14,[2 9],43,122,136,79,122
1,<environment.Job instance at 0x7f786ca196e0>,58,3,[10  1],59,126,129,67,126
1,<environment.Job instance at 0x7f786ca19140>,60,2,[7 5],61,129,131,68,129
1,<environment.Job instance at 0x7f786ca19b40>,59,21,[6 1],60,129,150,69,129
1,<environment.Job instance at 0x7f786ca190a0>,63,3,[7 5],64,131,134,67,131
1,<environment.Job instance at 0x7f786ca19370>,57,20,[5 3],58,134,154,76,134
1,<environment.Job instance at 0x7f786ca19730>,61,14,[2 7],62,136,150,74,136
1,<environment.Job instance at 0x7f786c830be0>,2,15,[6 1],3,3,18,0,3
1,<environment.Job instance at 0x7f786c806f50>,3,1,[6 4],4,4,5,0,4
1,<environment.Job instance at 0x7f786c806500>,7,2,[8 5],8,8,10,0,8
1,<environment.Job instance at 0x7f786c806af0>,9,18,[6 1],10,10,28,0,10
1,<environment.Job instance at 0x7f786c806910>,10,2,[ 1 11],11,11,13,0,11
1,<environment.Job instance at 0x7f786c809c80>,15,1,[7 3],16,18,19,2,16
1,<environment.Job instance at 0x7f786c8095a0>,16,14,[ 1 10],17,17,31,0,17
1,<environment.Job instance at 0x7f786c809500>,17,1,[2 7],18,31,32,13,18
1,<environment.Job instance at 0x7f786c8090a0>,22,2,[11  1],23,28,30,5,23
1,<environment.Job instance at 0x7f786c809910>,25,2,[5 5],26,30,32,4,26
1,<environment.Job instance at 0x7f786c809d20>,2,15,[6 1],3,3,18,0,3
1,<environment.Job instance at 0x7f786c8069b0>,3,1,[6 4],4,4,5,0,4
1,<environment.Job instance at 0x7f786c7f5370>,7,2,[8 5],8,8,10,0,8
1,<environment.Job instance at 0x7f786c7f5d70>,9,18,[6 1],10,10,28,0,10
1,<environment.Job instance at 0x7f786c7f5be0>,15,1,[7 3],16,18,19,2,18
1,<environment.Job instance at 0x7f786c7f55a0>,17,1,[2 7],18,18,19,0,18
1,<environment.Job instance at 0x7f786c7f5460>,16,14,[ 1 10],17,19,33,2,19
1,<environment.Job instance at 0x7f786c7f5230>,11,18,[8 2],12,19,37,7,19
1,<environment.Job instance at 0x7f786c8713c0>,25,2,[5 5],26,33,35,7,33
1,<environment.Job instance at 0x7f786c871fa0>,31,1,[5 9],32,35,36,3,35
1,<environment.Job instance at 0x7f786c86e140>,33,15,[5 1],34,36,51,2,36
1,<environment.Job instance at 0x7f786c871050>,19,15,[8 2],20,37,52,17,37
1,<environment.Job instance at 0x7f786c86e8c0>,40,2,[ 3 10],41,51,53,10,51
1,<environment.Job instance at 0x7f786c86e820>,42,15,[5 5],43,52,67,9,52
1,<environment.Job instance at 0x7f786c86e230>,44,13,[4 8],45,53,66,8,53
1,<environment.Job instance at 0x7f786c85fb90>,45,2,[6 1],46,53,55,7,53
1,<environment.Job instance at 0x7f786c85f550>,47,17,[ 1 10],48,66,83,18,66
1,<environment.Job instance at 0x7f786c86ebe0>,41,17,[5 5],42,67,84,25,67
1,<environment.Job instance at 0x7f786c85f280>,48,3,[5 9],49,83,86,34,83
1,<environment.Job instance at 0x7f786c83f870>,58,13,[4 6],59,84,97,25,84
1,<environment.Job instance at 0x7f786c83f9b0>,61,13,[1 6],62,86,99,24,86
1,<environment.Job instance at 0x7f786c83f1e0>,60,17,[10  3],61,86,103,25,86
1,<environment.Job instance at 0x7f786c83f280>,62,3,[3 5],63,97,100,34,97
1,<environment.Job instance at 0x7f786c83fe60>,63,14,[1 5],64,99,113,35,99
1,<environment.Job instance at 0x7f786c7f50a0>,14,17,[4 6],15,100,117,85,100
1,<environment.Job instance at 0x7f786c917d20>,73,1,[10  2],74,103,104,29,103
1,<environment.Job instance at 0x7f786c871dc0>,23,17,[9 4],24,104,121,80,104
1,<environment.Job instance at 0x7f786c917910>,70,14,[ 3 10],71,117,131,46,117
1,<environment.Job instance at 0x7f786c9177d0>,75,2,[9 5],76,123,125,47,123
1,<environment.Job instance at 0x7f786c86ee10>,35,18,[10  5],36,125,143,89,125
1,<environment.Job instance at 0x7f786c9170a0>,79,12,[ 5 10],80,131,143,51,131
1,<environment.Job instance at 0x7f786d751e10>,1,2,[4 8],2,2,4,0,2
1,<environment.Job instance at 0x7f786d751eb0>,2,16,[5 5],3,3,19,0,3
1,<environment.Job instance at 0x7f786d751c30>,3,3,[7 4],4,4,7,0,4
1,<environment.Job instance at 0x7f786d7510f0>,4,1,[3 8],5,7,8,2,5
1,<environment.Job instance at 0x7f786d751690>,5,3,[10  2],6,8,11,2,6
1,<environment.Job instance at 0x7f786d7514b0>,7,3,[ 5 11],8,19,22,11,9
1,<environment.Job instance at 0x7f786d751e60>,8,2,[ 2 12],9,22,24,13,11
1,<environment.Job instance at 0x7f786d7517d0>,12,3,[8 4],13,13,16,0,13
1,<environment.Job instance at 0x7f786d751fa0>,15,2,[10  4],16,16,18,0,16
1,<environment.Job instance at 0x7f786d69c280>,16,16,[6 3],17,18,34,1,17
1,<environment.Job instance at 0x7f786d69c6e0>,17,14,[5 7],18,24,38,6,18
1,<environment.Job instance at 0x7f786d69cd20>,24,12,[10  3],25,34,46,9,25
1,<environment.Job instance at 0x7f786d69c7d0>,25,1,[ 1 10],26,38,39,12,26
1,<environment.Job instance at 0x7f786d69c960>,22,3,[2 7],23,39,42,16,28
1,<environment.Job instance at 0x7f786d69cfa0>,28,13,[5 1],29,42,55,13,29
1,<environment.Job instance at 0x7f786d69c8c0>,29,3,[9 2],30,46,49,16,30
1,<environment.Job instance at 0x7f786d69c140>,23,21,[6 4],24,49,70,25,49
1,<environment.Job instance at 0x7f786d69cbe0>,27,13,[10  3],28,70,83,42,67
1,<environment.Job instance at 0x7f786d3634b0>,33,1,[11  5],34,83,84,49,67
1,<environment.Job instance at 0x7f786d69ceb0>,30,16,[10  4],31,98,114,67,98
1,<environment.Job instance at 0x7f786d3630f0>,32,23,[11  2],33,138,161,105,138
1,<environment.Job instance at 0x7f786c9590a0>,1,2,[4 8],2,2,4,0,2
1,<environment.Job instance at 0x7f786c959640>,2,16,[5 5],3,3,19,0,3
1,<environment.Job instance at 0x7f786c959550>,3,3,[7 4],4,4,7,0,4
1,<environment.Job instance at 0x7f786c9590f0>,4,1,[3 8],5,7,8,2,7
1,<environment.Job instance at 0x7f786c9599b0>,5,3,[10  2],6,8,11,2,8
1,<environment.Job instance at 0x7f786c9595f0>,10,16,[3 8],11,11,27,0,11
1,<environment.Job instance at 0x7f786c959b90>,15,2,[10  4],16,19,21,3,19
1,<environment.Job instance at 0x7f786c959320>,12,3,[8 4],13,21,24,8,21
1,<environment.Job instance at 0x7f786c917af0>,17,14,[5 7],18,24,38,6,24
1,<environment.Job instance at 0x7f786c9178c0>,22,3,[2 7],23,27,30,4,27
1,<environment.Job instance at 0x7f786c917f50>,24,12,[10  3],25,30,42,5,30
1,<environment.Job instance at 0x7f786c917cd0>,25,1,[ 1 10],26,38,39,12,38
1,<environment.Job instance at 0x7f786c917d20>,28,13,[5 1],29,39,52,10,39
1,<environment.Job instance at 0x7f786c917c80>,29,3,[9 2],30,42,45,12,42
1,<environment.Job instance at 0x7f786c9171e0>,27,13,[10  3],28,45,58,17,45
1,<environment.Job instance at 0x7f786c959af0>,13,15,[5 8],14,52,67,38,52
1,<environment.Job instance at 0x7f786c85f5a0>,38,12,[8 5],39,58,70,19,58
1,<environment.Job instance at 0x7f786c917a00>,16,16,[6 3],17,67,83,50,67
1,<environment.Job instance at 0x7f786c871550>,42,2,[1 8],43,70,72,27,70
1,<environment.Job instance at 0x7f786c8711e0>,43,16,[6 3],44,70,86,26,70
1,<environment.Job instance at 0x7f786c871410>,53,2,[6 3],54,83,85,29,83
1,<environment.Job instance at 0x7f786c8715f0>,54,2,[3 8],55,83,85,28,83
1,<environment.Job instance at 0x7f786c7f50f0>,57,13,[1 9],58,85,98,27,85
1,<environment.Job instance at 0x7f786c7f50a0>,59,13,[5 5],60,86,99,26,86
1,<environment.Job instance at 0x7f786c7f5be0>,61,2,[1 8],62,98,100,36,98
1,<environment.Job instance at 0x7f786c917aa0>,30,16,[10  4],31,99,115,68,99
1,<environment.Job instance at 0x7f786c917a50>,18,18,[4 7],19,100,118,81,100
1,<environment.Job instance at 0x7f786d299550>,65,13,[6 4],66,115,128,49,115
1,<environment.Job instance at 0x7f786c85fe60>,36,17,[7 4],37,118,135,81,118
1,<environment.Job instance at 0x7f786d2cbfa0>,68,19,[1 5],69,119,138,50,119
1,<environment.Job instance at 0x7f786d320550>,66,14,[10  3],67,135,149,68,135
1,<environment.Job instance at 0x7f786d2cb870>,69,18,[2 9],70,138,156,68,138
1,<environment.Job instance at 0x7f786cbe9cd0>,4,14,[1 5],5,5,19,0,5
1,<environment.Job instance at 0x7f786cbe90f0>,5,12,[1 6],6,6,18,0,6
1,<environment.Job instance at 0x7f786cbd4140>,9,15,[1 6],10,18,33,8,10
1,<environment.Job instance at 0x7f786d078e10>,12,2,[10  5],13,19,21,6,13
1,<environment.Job instance at 0x7f786cbbe9b0>,14,15,[7 4],15,21,36,6,15
1,<environment.Job instance at 0x7f786cbbee10>,16,14,[6 2],17,21,35,4,17
1,<environment.Job instance at 0x7f786cbbef50>,13,12,[14  4],14,39,51,25,39
1,<environment.Job instance at 0x7f786ce384b0>,2,17,[ 2 13],3,51,68,48,48
1,<environment.Job instance at 0x7f786cbd1e60>,21,18,[5 1],22,56,74,34,56
1,<environment.Job instance at 0x7f786cbd1190>,20,28,[2 8],21,97,125,76,97
1,<environment.Job instance at 0x7f786d285780>,0,17,[1 9],1,1,18,0,1
1,<environment.Job instance at 0x7f786d285550>,4,14,[1 5],5,5,19,0,5
1,<environment.Job instance at 0x7f786d28a780>,12,2,[10  5],13,18,20,5,18
1,<environment.Job instance at 0x7f786d2857d0>,5,12,[1 6],6,19,31,13,19
1,<environment.Job instance at 0x7f786d28a320>,16,14,[6 2],17,20,34,3,20
1,<environment.Job instance at 0x7f786dca2460>,19,12,[8 1],20,20,32,0,20
1,<environment.Job instance at 0x7f786d2c2fa0>,9,15,[1 6],10,31,46,21,31
1,<environment.Job instance at 0x7f786d28a410>,14,15,[7 4],15,32,47,17,32
1,<environment.Job instance at 0x7f786d775500>,18,17,[7 2],19,34,51,15,34
1,<environment.Job instance at 0x7f786d2850a0>,6,18,[1 7],7,46,64,39,46
1,<environment.Job instance at 0x7f786d28a6e0>,23,12,[6 5],24,47,59,23,47
1,<environment.Job instance at 0x7f786d921730>,21,18,[5 1],22,51,69,29,51
1,<environment.Job instance at 0x7f786d411140>,24,2,[4 7],25,59,61,34,59
1,<environment.Job instance at 0x7f786cd26870>,31,3,[5 5],32,61,64,29,61
1,<environment.Job instance at 0x7f786d751a50>,38,3,[ 1 10],39,64,67,25,64
1,<environment.Job instance at 0x7f786d751550>,37,13,[6 2],38,64,77,26,64
1,<environment.Job instance at 0x7f786c9afe10>,26,12,[ 4 10],27,67,79,40,67
1,<environment.Job instance at 0x7f786d751820>,40,18,[7 1],41,77,95,36,77
1,<environment.Job instance at 0x7f786cc1b230>,42,13,[3 6],43,79,92,36,79
1,<environment.Job instance at 0x7f786d751af0>,41,16,[1 8],42,79,95,37,79
1,<environment.Job instance at 0x7f786d6aca50>,49,1,[3 7],50,95,96,45,95
1,<environment.Job instance at 0x7f786d299550>,54,15,[9 1],55,95,110,40,95
1,<environment.Job instance at 0x7f786c7f5d70>,59,14,[3 7],60,95,109,35,95
1,<environment.Job instance at 0x7f786d7515a0>,36,14,[ 4 10],37,109,123,72,109
1,<environment.Job instance at 0x7f786c7f5230>,61,3,[5 5],62,110,113,48,110
1,<environment.Job instance at 0x7f786c7f5460>,62,13,[1 5],63,113,126,50,113
1,<environment.Job instance at 0x7f786c7f50a0>,60,15,[9 4],61,124,139,63,124
1,<environment.Job instance at 0x7f786c7f59b0>,58,17,[5 5],59,124,141,65,124
1,<environment.Job instance at 0x7f786cca8af0>,1,1,[ 5 13],2,2,3,0,2
1,<environment.Job instance at 0x7f786cca8b90>,4,1,[10  5],5,5,6,0,5
1,<environment.Job instance at 0x7f786cca8fa0>,6,12,[6 5],7,7,19,0,7
1,<environment.Job instance at 0x7f786cca8aa0>,9,16,[ 1 11],10,19,35,9,13
1,<environment.Job instance at 0x7f786cca8e10>,14,13,[7 5],15,35,48,20,20
1,<environment.Job instance at 0x7f786cca8e60>,16,1,[ 2 10],17,35,36,18,20
1,<environment.Job instance at 0x7f786cca86e0>,10,15,[5 5],11,36,51,25,25
1,<environment.Job instance at 0x7f786d08bf50>,19,14,[3 6],20,48,62,28,34
1,<environment.Job instance at 0x7f786d08b690>,20,18,[9 5],21,51,69,30,41
1,<environment.Job instance at 0x7f786cca83c0>,15,16,[ 1 12],16,69,85,53,58
1,<environment.Job instance at 0x7f786d08b780>,23,3,[9 1],24,69,72,45,59
1,<environment.Job instance at 0x7f786d08bdc0>,29,1,[6 1],30,75,76,45,75
1,<environment.Job instance at 0x7f786d08b500>,30,15,[5 2],31,75,90,44,75
1,<environment.Job instance at 0x7f786d08b190>,25,17,[6 5],26,85,102,59,75
1,<environment.Job instance at 0x7f786dd56e60>,34,3,[ 5 14],35,102,105,67,76
1,<environment.Job instance at 0x7f786d08baf0>,32,14,[7 1],33,90,104,57,76
1,<environment.Job instance at 0x7f786dd56dc0>,38,3,[13  4],39,105,108,66,79
1,<environment.Job instance at 0x7f786dd56e10>,37,14,[2 6],38,85,99,47,79
1,<environment.Job instance at 0x7f786d08b3c0>,31,13,[12  5],32,108,121,76,93
1,<environment.Job instance at 0x7f786dd56a50>,45,1,[1 6],46,108,109,62,108
1,<environment.Job instance at 0x7f786dd56d20>,46,12,[14  1],47,121,133,74,115
1,<environment.Job instance at 0x7f786dd56410>,49,3,[7 1],50,133,136,83,115
1,<environment.Job instance at 0x7f786dd56910>,43,17,[4 5],44,133,150,89,121
1,<environment.Job instance at 0x7f786cc455f0>,52,3,[ 4 11],53,150,153,97,124
1,<environment.Job instance at 0x7f786cc45820>,55,2,[ 4 13],56,153,155,97,126
1,<environment.Job instance at 0x7f786cc457d0>,56,2,[10  5],57,136,138,79,126
1,<environment.Job instance at 0x7f786d002d20>,0,20,[5 6],1,1,21,0,1
1,<environment.Job instance at 0x7f786d002780>,4,1,[10  5],5,5,6,0,5
1,<environment.Job instance at 0x7f786d0026e0>,6,12,[6 5],7,7,19,0,7
1,<environment.Job instance at 0x7f786d4bc730>,14,13,[7 5],15,19,32,4,19
1,<environment.Job instance at 0x7f786cc1bc30>,16,1,[ 2 10],17,21,22,4,21
1,<environment.Job instance at 0x7f786caa6af0>,19,14,[3 6],20,22,36,2,22
1,<environment.Job instance at 0x7f786d08bcd0>,23,3,[9 1],24,32,35,8,32
1,<environment.Job instance at 0x7f786d614320>,10,15,[5 5],11,35,50,24,35
1,<environment.Job instance at 0x7f786cc9ba50>,29,1,[6 1],30,35,36,5,35
1,<environment.Job instance at 0x7f786cc7eaf0>,30,15,[5 2],31,36,51,5,36
1,<environment.Job instance at 0x7f786d3544b0>,32,14,[7 1],33,50,64,17,50
1,<environment.Job instance at 0x7f786cc1ba50>,13,15,[ 1 10],14,50,65,36,50
1,<environment.Job instance at 0x7f786dd175f0>,25,17,[6 5],26,64,81,38,64
1,<environment.Job instance at 0x7f786cca8230>,37,14,[2 6],38,65,79,27,65
1,<environment.Job instance at 0x7f786cc81230>,42,16,[ 2 10],43,79,95,36,79
1,<environment.Job instance at 0x7f786d1bb500>,43,17,[4 5],44,81,98,37,81
1,<environment.Job instance at 0x7f786cca8a50>,39,16,[2 9],40,95,111,55,95
1,<environment.Job instance at 0x7f786d0b0e10>,45,1,[1 6],46,98,99,52,98
1,<environment.Job instance at 0x7f786dbe0a50>,48,18,[10  5],49,99,117,50,99
1,<environment.Job instance at 0x7f786d7ce5a0>,28,16,[ 5 10],29,111,127,82,111
1,<environment.Job instance at 0x7f787674e500>,49,3,[7 1],50,117,120,67,117
1,<environment.Job instance at 0x7f787674e5a0>,51,15,[10  4],52,120,135,68,120
1,<environment.Job instance at 0x7f786d10c050>,59,14,[1 7],60,127,141,67,127
1,<environment.Job instance at 0x7f786d162500>,56,2,[10  5],57,135,137,78,135
1,<environment.Job instance at 0x7f7876421410>,60,17,[9 4],61,137,154,76,137
1,<environment.Job instance at 0x7f786cc88e10>,1,13,[1 9],2,2,15,0,2
1,<environment.Job instance at 0x7f786d363370>,3,13,[1 7],4,15,28,11,4
1,<environment.Job instance at 0x7f786d363a00>,5,2,[5 5],6,6,8,0,6
1,<environment.Job instance at 0x7f786d375780>,6,2,[ 5 13],7,28,30,21,7
1,<environment.Job instance at 0x7f786d375410>,8,2,[ 1 10],9,30,32,21,9
1,<environment.Job instance at 0x7f786d3621e0>,9,13,[7 5],10,10,23,0,10
1,<environment.Job instance at 0x7f786d36e280>,11,1,[9 1],12,23,24,11,12
1,<environment.Job instance at 0x7f786d36ef00>,13,3,[8 2],14,24,27,10,14
1,<environment.Job instance at 0x7f786d37c410>,14,3,[11  2],15,30,33,15,15
1,<environment.Job instance at 0x7f786d37ca00>,15,3,[14  5],16,33,36,17,16
1,<environment.Job instance at 0x7f786d36eb90>,17,14,[8 1],18,36,50,18,23
1,<environment.Job instance at 0x7f786d37cdc0>,22,18,[ 2 12],23,36,54,13,25
1,<environment.Job instance at 0x7f786d03ab90>,28,13,[ 2 12],29,54,67,25,38
1,<environment.Job instance at 0x7f786d6c5e10>,34,3,[5 1],35,43,46,8,43
1,<environment.Job instance at 0x7f786d6c1410>,27,1,[13  4],28,67,68,39,43
1,<environment.Job instance at 0x7f786d393cd0>,41,2,[5 9],42,68,70,26,44
1,<environment.Job instance at 0x7f786d6c5050>,33,2,[5 2],34,46,48,12,46
1,<environment.Job instance at 0x7f786d393870>,47,12,[9 4],48,68,80,20,51
1,<environment.Job instance at 0x7f786dde6e60>,50,2,[ 5 12],51,80,82,29,53
1,<environment.Job instance at 0x7f786dde6410>,53,2,[14  5],54,82,84,28,55
1,<environment.Job instance at 0x7f786ddd69b0>,54,2,[13  2],55,55,57,0,55
1,<environment.Job instance at 0x7f786ddc8af0>,56,3,[2 7],57,70,73,13,57
1,<environment.Job instance at 0x7f786dde6f50>,51,3,[10  1],52,84,87,32,82
1,<environment.Job instance at 0x7f786d078780>,1,13,[1 9],2,2,15,0,2
1,<environment.Job instance at 0x7f786c7a58c0>,5,2,[5 5],6,6,8,0,6
1,<environment.Job instance at 0x7f786c7a5aa0>,9,13,[7 5],10,10,23,0,10
1,<environment.Job instance at 0x7f786d7513c0>,8,2,[ 1 10],9,15,17,6,15
1,<environment.Job instance at 0x7f786c7986e0>,13,3,[8 2],14,17,20,3,17
1,<environment.Job instance at 0x7f786dbd53c0>,16,12,[5 4],17,20,32,3,20
1,<environment.Job instance at 0x7f786d751c80>,11,1,[9 1],12,23,24,11,23
1,<environment.Job instance at 0x7f786cbca5f0>,3,13,[1 7],4,23,36,19,23
1,<environment.Job instance at 0x7f786dbd54b0>,17,14,[8 1],18,24,38,6,24
1,<environment.Job instance at 0x7f786d268140>,33,2,[5 2],34,36,38,2,36
1,<environment.Job instance at 0x7f786d268a50>,34,3,[5 1],35,38,41,3,38
1,<environment.Job instance at 0x7f78767d2aa0>,25,12,[9 4],26,38,50,12,38
1,<environment.Job instance at 0x7f786d268370>,29,15,[4 9],30,41,56,11,41
1,<environment.Job instance at 0x7f786d2687d0>,30,15,[7 5],31,50,65,19,50
1,<environment.Job instance at 0x7f7876386500>,41,2,[5 9],42,56,58,14,56
1,<environment.Job instance at 0x7f787674e500>,43,15,[4 7],44,58,73,14,58
1,<environment.Job instance at 0x7f786d7ce5a0>,47,12,[9 4],48,65,77,17,65
1,<environment.Job instance at 0x7f786d751af0>,18,16,[ 4 10],19,73,89,54,73
1,<environment.Job instance at 0x7f786caa6370>,51,3,[10  1],52,77,80,25,77
1,<environment.Job instance at 0x7f786d616190>,52,15,[7 5],53,80,95,27,80
1,<environment.Job instance at 0x7f786d614050>,56,3,[2 7],57,89,92,32,89
1,<environment.Job instance at 0x7f786cc1bc30>,55,14,[ 1 10],56,92,106,36,92
1,<environment.Job instance at 0x7f786cbee690>,58,1,[8 1],59,95,96,36,95
1,<environment.Job instance at 0x7f786d268dc0>,35,17,[9 3],36,96,113,60,96
1,<environment.Job instance at 0x7f786d928500>,38,17,[2 7],39,106,123,67,106
1,<environment.Job instance at 0x7f786d75d230>,65,12,[6 1],66,113,125,47,113
1,<environment.Job instance at 0x7f786dd9fa00>,64,14,[7 2],65,113,127,48,113
1,<environment.Job instance at 0x7f786daffd70>,67,2,[6 3],68,125,127,57,125
1,<environment.Job instance at 0x7f786d9e57d0>,66,2,[9 2],67,127,129,60,127
1,<environment.Job instance at 0x7f786d73d500>,70,14,[3 8],71,127,141,56,127
1,<environment.Job instance at 0x7f786d72e730>,62,14,[7 2],63,129,143,66,129
1,<environment.Job instance at 0x7f786d5c8b90>,72,14,[5 4],73,129,143,56,129
1,<environment.Job instance at 0x7f786cb48e60>,0,15,[7 3],1,1,16,0,1
1,<environment.Job instance at 0x7f786cb48be0>,3,3,[ 4 11],4,4,7,0,4
1,<environment.Job instance at 0x7f786cb48780>,4,2,[8 3],5,7,9,2,5
1,<environment.Job instance at 0x7f786cb48c30>,5,3,[2 8],6,9,12,3,6
1,<environment.Job instance at 0x7f786cb48b40>,7,15,[8 5],8,12,27,4,8
1,<environment.Job instance at 0x7f786cb48230>,8,22,[6 4],9,16,38,7,9
1,<environment.Job instance at 0x7f786cb48870>,10,13,[3 6],11,27,40,16,11
1,<environment.Job instance at 0x7f786cb48550>,11,2,[7 5],12,38,40,26,12
1,<environment.Job instance at 0x7f786d73d7d0>,12,1,[14  3],13,40,41,27,13
1,<environment.Job instance at 0x7f786d73df00>,13,3,[2 8],14,41,44,27,15
1,<environment.Job instance at 0x7f786d73db90>,16,3,[5 3],17,27,30,10,17
1,<environment.Job instance at 0x7f786d73dbe0>,19,2,[6 2],20,30,32,10,20
1,<environment.Job instance at 0x7f786d73d0f0>,21,2,[2 7],22,41,43,19,22
1,<environment.Job instance at 0x7f786d73d4b0>,22,1,[11  2],23,43,44,20,23
1,<environment.Job instance at 0x7f786d73da50>,23,3,[9 1],24,44,47,20,24
1,<environment.Job instance at 0x7f786cb489b0>,14,3,[ 3 10],15,44,47,29,26
1,<environment.Job instance at 0x7f786ce3e870>,26,15,[7 1],27,47,62,20,34
1,<environment.Job instance at 0x7f786ce3e320>,28,12,[5 9],29,47,59,18,34
1,<environment.Job instance at 0x7f786ce3ef00>,30,2,[14  2],31,62,64,31,35
1,<environment.Job instance at 0x7f786ce3ed20>,31,2,[8 1],32,59,61,27,35
1,<environment.Job instance at 0x7f786ce3ed70>,34,12,[7 5],35,64,76,29,47
1,<environment.Job instance at 0x7f786ce3ea50>,29,18,[5 9],30,81,99,51,81
1,<environment.Job instance at 0x7f786d73d820>,25,22,[6 1],26,138,160,112,138
1,<environment.Job instance at 0x7f786ce3e500>,37,22,[5 7],38,138,160,100,138
1,<environment.Job instance at 0x7f786ce3e0f0>,39,2,[7 5],40,160,162,120,139
1,<environment.Job instance at 0x7f786d6f95f0>,0,15,[7 3],1,1,16,0,1
1,<environment.Job instance at 0x7f786c9d1f50>,4,2,[8 3],5,5,7,0,5
1,<environment.Job instance at 0x7f78769bea00>,5,3,[2 8],6,7,10,1,7
1,<environment.Job instance at 0x7f786d4bc730>,8,22,[6 4],9,9,31,0,9
1,<environment.Job instance at 0x7f786cab9460>,13,3,[2 8],14,14,17,0,14
1,<environment.Job instance at 0x7f786d67f4b0>,11,2,[7 5],12,17,19,5,17
1,<environment.Job instance at 0x7f787674e500>,14,3,[ 3 10],15,19,22,4,19
1,<environment.Job instance at 0x7f786d751c80>,19,2,[6 2],20,22,24,2,22
1,<environment.Job instance at 0x7f786d7ed640>,21,2,[2 7],22,22,24,0,22
1,<environment.Job instance at 0x7f786d616f00>,23,3,[9 1],24,24,27,0,24
1,<environment.Job instance at 0x7f786cf4e320>,16,3,[5 3],17,27,30,10,27
1,<environment.Job instance at 0x7f786d1bb500>,10,13,[3 6],11,27,40,16,27
1,<environment.Job instance at 0x7f786d9e1190>,27,14,[3 8],28,31,45,3,31
1,<environment.Job instance at 0x7f786d9e1e60>,26,15,[7 1],27,31,46,4,31
1,<environment.Job instance at 0x7f786d73d500>,28,12,[5 9],29,45,57,16,45
1,<environment.Job instance at 0x7f786d975140>,31,2,[8 1],32,46,48,14,46
1,<environment.Job instance at 0x7f786d72e730>,7,15,[8 5],8,48,63,40,48
1,<environment.Job instance at 0x7f786ce3e780>,34,12,[7 5],35,57,69,22,57
1,<environment.Job instance at 0x7f786d6a25a0>,24,16,[4 9],25,63,79,38,63
1,<environment.Job instance at 0x7f786ce3ea00>,35,16,[8 4],36,69,85,33,69
1,<environment.Job instance at 0x7f786d5376e0>,39,2,[7 5],40,79,81,39,79
1,<environment.Job instance at 0x7f786db55460>,17,17,[7 4],18,81,98,63,81
1,<environment.Job instance at 0x7f786cb1e1e0>,40,1,[8 3],41,85,86,44,85
1,<environment.Job instance at 0x7f786cb1ea00>,43,1,[7 1],44,86,87,42,86
1,<environment.Job instance at 0x7f786cb1e280>,41,13,[8 3],42,87,100,45,87
1,<environment.Job instance at 0x7f786cba48c0>,51,17,[6 4],52,98,115,46,98
1,<environment.Job instance at 0x7f786cb48410>,46,14,[9 5],47,100,114,53,100
1,<environment.Job instance at 0x7f786cc546e0>,53,3,[ 3 10],54,114,117,60,114
1,<environment.Job instance at 0x7f786cc54230>,54,13,[10  5],55,115,128,60,115
1,<environment.Job instance at 0x7f786cb59e10>,55,14,[2 6],56,117,131,61,117
1,<environment.Job instance at 0x7f786d8155a0>,56,12,[5 1],57,128,140,71,128
1,<environment.Job instance at 0x7f786dd83b40>,58,2,[8 5],59,128,130,69,128
1,<environment.Job instance at 0x7f786cd03b40>,61,3,[1 6],62,130,133,68,130
1,<environment.Job instance at 0x7f786c924eb0>,62,15,[8 1],63,131,146,68,131
1,<environment.Job instance at 0x7f786c684e60>,4,12,[3 5],5,5,17,0,5
1,<environment.Job instance at 0x7f786c684cd0>,8,2,[9 4],9,9,11,0,9
1,<environment.Job instance at 0x7f786c684320>,9,19,[3 8],10,11,30,1,11
1,<environment.Job instance at 0x7f786c684f50>,12,14,[5 9],13,30,44,17,16
1,<environment.Job instance at 0x7f786c6847d0>,13,14,[6 3],14,28,42,14,28
1,<environment.Job instance at 0x7f786c684870>,16,3,[9 2],17,42,45,25,29
1,<environment.Job instance at 0x7f786c684500>,17,2,[ 4 14],18,45,47,27,30
1,<environment.Job instance at 0x7f786c684640>,15,23,[6 1],16,44,67,28,44
1,<environment.Job instance at 0x7f786c578050>,19,14,[ 1 11],20,50,64,30,50
1,<environment.Job instance at 0x7f786c578320>,20,17,[5 1],21,52,69,31,52
1,<environment.Job instance at 0x7f786c5783c0>,21,21,[2 6],22,64,85,42,56
1,<environment.Job instance at 0x7f786c684d70>,14,2,[ 5 12],15,85,87,70,63
1,<environment.Job instance at 0x7f786c684550>,10,18,[11  2],11,87,105,76,82
1,<environment.Job instance at 0x7f786c578be0>,25,17,[5 5],26,105,122,79,93
1,<environment.Job instance at 0x7f786c578640>,29,15,[7 3],30,105,120,75,93
1,<environment.Job instance at 0x7f786c578730>,31,3,[3 9],32,93,96,61,93
1,<environment.Job instance at 0x7f786c5786e0>,30,17,[1 5],31,96,113,65,93
1,<environment.Job instance at 0x7f786c5781e0>,34,3,[ 5 14],35,122,125,87,96
1,<environment.Job instance at 0x7f786c5785f0>,41,3,[1 6],42,100,103,58,100
1,<environment.Job instance at 0x7f786c578280>,40,2,[ 2 10],41,120,122,79,100
1,<environment.Job instance at 0x7f786c686c80>,49,2,[6 2],50,125,127,75,100
1,<environment.Job instance at 0x7f786c686e60>,51,3,[7 2],52,125,128,73,100
1,<environment.Job instance at 0x7f786c686230>,52,13,[5 8],53,127,140,74,111
1,<environment.Job instance at 0x7f786c686cd0>,53,13,[5 5],54,128,141,74,112
1,<environment.Job instance at 0x7f786c686b40>,47,3,[6 1],48,140,143,92,125
1,<environment.Job instance at 0x7f786c686550>,48,12,[ 2 12],49,141,153,92,126
1,<environment.Job instance at 0x7f786c686be0>,55,3,[3 7],56,153,156,97,127
1,<environment.Job instance at 0x7f786c578f00>,26,14,[9 5],27,153,167,126,138
1,<environment.Job instance at 0x7f786c7b8780>,3,20,[10  3],4,4,24,0,4
1,<environment.Job instance at 0x7f786c82da00>,4,12,[3 5],5,5,17,0,5
1,<environment.Job instance at 0x7f786c7c4820>,12,14,[5 9],13,17,31,4,17
1,<environment.Job instance at 0x7f786c7c47d0>,8,2,[9 4],9,24,26,15,24
1,<environment.Job instance at 0x7f786c828730>,16,3,[9 2],17,26,29,9,26
1,<environment.Job instance at 0x7f786c7c4910>,13,14,[6 3],14,29,43,15,29
1,<environment.Job instance at 0x7f786c8052d0>,26,14,[9 5],27,31,45,4,31
1,<environment.Job instance at 0x7f786c7b37d0>,25,17,[5 5],26,43,60,17,43
1,<environment.Job instance at 0x7f786c8053c0>,27,14,[8 5],28,45,59,17,45
1,<environment.Job instance at 0x7f786c8051e0>,30,17,[1 5],31,45,62,14,45
1,<environment.Job instance at 0x7f786c7fb320>,29,15,[7 3],30,59,74,29,59
1,<environment.Job instance at 0x7f786c7b3960>,20,17,[5 1],21,60,77,39,60
1,<environment.Job instance at 0x7f786c7fbbe0>,31,3,[3 9],32,62,65,30,62
1,<environment.Job instance at 0x7f786c7fbd70>,35,16,[2 9],36,65,81,29,65
1,<environment.Job instance at 0x7f786c7fa8c0>,38,18,[5 4],39,74,92,35,74
1,<environment.Job instance at 0x7f786c7fa9b0>,40,2,[ 2 10],41,81,83,40,81
1,<environment.Job instance at 0x7f786c7fa910>,41,3,[1 6],42,83,86,41,83
1,<environment.Job instance at 0x7f786c7fa960>,39,14,[8 4],40,83,97,43,83
1,<environment.Job instance at 0x7f786c7e3c30>,49,2,[6 2],50,92,94,42,92
1,<environment.Job instance at 0x7f786c7e3690>,47,3,[6 1],48,94,97,46,94
1,<environment.Job instance at 0x7f786c7e3cd0>,51,3,[7 2],52,97,100,45,97
1,<environment.Job instance at 0x7f786c7e3a00>,52,13,[5 8],53,97,110,44,97
1,<environment.Job instance at 0x7f786c7e3a50>,55,3,[3 7],56,100,103,44,100
1,<environment.Job instance at 0x7f786c7e3870>,53,13,[5 5],54,103,116,49,103
1,<environment.Job instance at 0x7f786c7e3d70>,57,13,[4 8],58,110,123,52,110
1,<environment.Job instance at 0x7f786c7e3190>,56,17,[7 5],57,116,133,59,116
1,<environment.Job instance at 0x7f786c805c80>,24,18,[ 2 10],25,123,141,98,123
1,<environment.Job instance at 0x7f786d525410>,66,2,[7 5],67,133,135,66,133
1,<environment.Job instance at 0x7f786c7e3be0>,58,17,[10  1],59,135,152,76,135
1,<environment.Job instance at 0x7f786d9fe960>,0,1,[8 2],1,1,2,0,1
1,<environment.Job instance at 0x7f786d057230>,4,1,[10  4],5,5,6,0,5
1,<environment.Job instance at 0x7f786d057b40>,5,12,[5 1],6,6,18,0,6
1,<environment.Job instance at 0x7f786d0575f0>,7,12,[4 8],8,8,20,0,8
1,<environment.Job instance at 0x7f786d057140>,8,14,[1 9],9,20,34,11,9
1,<environment.Job instance at 0x7f786d057870>,9,2,[5 4],10,10,12,0,10
1,<environment.Job instance at 0x7f786d057e60>,10,12,[1 7],11,34,46,23,17
1,<environment.Job instance at 0x7f786d24ddc0>,17,19,[6 2],18,53,72,35,53
1,<environment.Job instance at 0x7f786d24d500>,19,19,[8 1],20,53,72,33,53
1,<environment.Job instance at 0x7f786c7def00>,0,1,[8 2],1,1,2,0,1
1,<environment.Job instance at 0x7f786c7de320>,1,18,[3 9],2,2,20,0,2
1,<environment.Job instance at 0x7f786d170410>,4,1,[10  4],5,5,6,0,5
1,<environment.Job instance at 0x7f786d170550>,5,12,[5 1],6,6,18,0,6
1,<environment.Job instance at 0x7f786d170190>,9,2,[5 4],10,10,12,0,10
1,<environment.Job instance at 0x7f786d170b40>,12,18,[10  5],13,18,36,5,18
1,<environment.Job instance at 0x7f786d170640>,7,12,[4 8],8,20,32,12,20
1,<environment.Job instance at 0x7f7891d17d70>,10,12,[1 7],11,32,44,21,32
1,<environment.Job instance at 0x7f786c7d32d0>,21,1,[2 7],22,36,37,14,36
1,<environment.Job instance at 0x7f786cfdc7d0>,13,12,[1 6],14,37,49,23,37
1,<environment.Job instance at 0x7f786c7d30f0>,23,12,[5 6],24,44,56,20,44
1,<environment.Job instance at 0x7f786c7ded20>,8,14,[1 9],9,49,63,40,49
1,<environment.Job instance at 0x7f786ce2ff00>,25,12,[6 1],26,56,68,30,56
1,<environment.Job instance at 0x7f78768907d0>,14,17,[5 5],15,56,73,41,56
1,<environment.Job instance at 0x7f786c4a0500>,26,2,[1 9],27,63,65,36,63
1,<environment.Job instance at 0x7f78765cb640>,15,16,[3 6],16,65,81,49,65
1,<environment.Job instance at 0x7f786dd810a0>,27,15,[6 2],28,68,83,40,68
1,<environment.Job instance at 0x7f786c7d3230>,22,3,[ 5 10],23,81,84,58,81
1,<environment.Job instance at 0x7f786c7e33c0>,46,15,[3 6],47,85,100,38,85
1,<environment.Job instance at 0x7f786c7e3a50>,49,14,[6 1],50,85,99,35,85
1,<environment.Job instance at 0x7f786d57afa0>,38,18,[5 2],39,85,103,46,85
1,<environment.Job instance at 0x7f786c7eab90>,44,20,[6 2],45,99,119,54,99
1,<environment.Job instance at 0x7f786c7e3370>,54,15,[7 2],55,103,118,48,103
1,<environment.Job instance at 0x7f786c7e3c30>,55,1,[5 1],56,118,119,62,118
1,<environment.Job instance at 0x7f786c7e3cd0>,53,3,[10  1],54,120,123,66,120
1,<environment.Job instance at 0x7f786c7eaa50>,42,22,[5 2],43,121,143,78,121
1,<environment.Job instance at 0x7f786c830460>,60,3,[6 1],61,123,126,62,123
1,<environment.Job instance at 0x7f786c830f50>,61,3,[1 6],62,123,126,61,123
1,<environment.Job instance at 0x7f786c4a1eb0>,57,22,[1 5],58,123,145,65,123
1,<environment.Job instance at 0x7f786c8075f0>,66,15,[6 5],67,126,141,59,126
1,<environment.Job instance at 0x7f786c9c4c80>,0,15,[7 2],1,1,16,0,1
1,<environment.Job instance at 0x7f786c7d4e10>,6,12,[10  5],7,16,28,9,7
1,<environment.Job instance at 0x7f786c7d4730>,8,3,[14  3],9,28,31,19,9
1,<environment.Job instance at 0x7f786c7d4820>,9,3,[1 5],10,10,13,0,10
1,<environment.Job instance at 0x7f786d470190>,13,2,[9 2],14,31,33,17,14
1,<environment.Job instance at 0x7f786d470370>,14,3,[6 2],15,31,34,16,15
1,<environment.Job instance at 0x7f786c7d4410>,11,3,[ 4 10],12,19,22,7,19
1,<environment.Job instance at 0x7f786d4700f0>,19,15,[1 9],20,33,48,13,22
1,<environment.Job instance at 0x7f786d470fa0>,23,1,[ 5 13],24,48,49,24,24
1,<environment.Job instance at 0x7f786d470550>,16,3,[13  3],17,34,37,17,28
1,<environment.Job instance at 0x7f786d470910>,28,15,[1 6],29,49,64,20,35
1,<environment.Job instance at 0x7f786d5042d0>,32,16,[5 1],33,37,53,4,35
1,<environment.Job instance at 0x7f786d4703c0>,17,1,[ 4 14],18,64,65,46,36
1,<environment.Job instance at 0x7f786d470410>,22,15,[3 7],23,49,64,26,36
1,<environment.Job instance at 0x7f786d504e10>,35,3,[2 7],36,65,68,29,39
1,<environment.Job instance at 0x7f786d504140>,33,15,[9 3],34,65,80,31,51
1,<environment.Job instance at 0x7f786d504780>,37,1,[9 1],38,53,54,15,51
1,<environment.Job instance at 0x7f786d504550>,38,24,[7 1],39,80,104,41,75
1,<environment.Job instance at 0x7f786d504e60>,39,3,[ 3 11],40,75,78,35,75
1,<environment.Job instance at 0x7f786d504d70>,40,19,[ 3 10],41,78,97,37,75
1,<environment.Job instance at 0x7f786d5045f0>,41,12,[5 8],42,97,109,55,80
1,<environment.Job instance at 0x7f786d504730>,34,13,[5 2],35,81,94,46,81
1,<environment.Job instance at 0x7f786d504cd0>,42,20,[10  3],43,104,124,61,95
1,<environment.Job instance at 0x7f786d9437d0>,44,12,[13  2],45,124,136,79,107
1,<environment.Job instance at 0x7f786d9435a0>,45,21,[10  1],46,136,157,90,128
1,<environment.Job instance at 0x7f786d943910>,46,12,[ 2 14],47,136,148,89,128
1,<environment.Job instance at 0x7f786d4efcd0>,0,15,[7 2],1,1,16,0,1
1,<environment.Job instance at 0x7f786d4ef8c0>,3,17,[3 9],4,4,21,0,4
1,<environment.Job instance at 0x7f7876746a00>,9,3,[1 5],10,16,19,6,16
1,<environment.Job instance at 0x7f786d4efc30>,6,12,[10  5],7,19,31,12,19
1,<environment.Job instance at 0x7f7876746e10>,11,3,[ 4 10],12,21,24,9,21
1,<environment.Job instance at 0x7f78767465a0>,12,17,[4 9],13,24,41,11,24
1,<environment.Job instance at 0x7f78767463c0>,13,2,[9 2],14,31,33,17,31
1,<environment.Job instance at 0x7f7876746280>,14,3,[6 2],15,33,36,18,33
1,<environment.Job instance at 0x7f786c7b8780>,21,14,[9 2],22,36,50,14,36
1,<environment.Job instance at 0x7f786c7b8f00>,19,15,[1 9],20,41,56,21,41
1,<environment.Job instance at 0x7f786d4efd70>,1,16,[10  4],2,50,66,48,50
1,<environment.Job instance at 0x7f786c82d3c0>,27,15,[4 9],28,56,71,28,56
1,<environment.Job instance at 0x7f786c7c49b0>,28,15,[1 6],29,66,81,37,66
1,<environment.Job instance at 0x7f786c828550>,33,15,[9 3],34,71,86,37,71
1,<environment.Job instance at 0x7f786c828870>,34,13,[5 2],35,71,84,36,71
1,<environment.Job instance at 0x7f786c8286e0>,35,3,[2 7],36,84,87,48,84
1,<environment.Job instance at 0x7f786c825280>,37,1,[9 1],38,86,87,48,86
1,<environment.Job instance at 0x7f786d24d8c0>,22,15,[3 7],23,86,101,63,86
1,<environment.Job instance at 0x7f786c7b3c80>,41,12,[5 8],42,87,99,45,87
1,<environment.Job instance at 0x7f786c7fbaf0>,52,3,[4 8],53,99,102,46,99
1,<environment.Job instance at 0x7f786c7c48c0>,32,16,[5 1],33,101,117,68,101
1,<environment.Job instance at 0x7f786d4ef5a0>,2,16,[9 2],3,103,119,100,103
1,<environment.Job instance at 0x7f786d15f640>,57,1,[4 7],58,117,118,59,117
1,<environment.Job instance at 0x7f786c7fb140>,53,16,[ 5 10],54,118,134,64,118
1,<environment.Job instance at 0x7f786ce5a550>,58,12,[10  2],59,119,131,60,119
1,<environment.Job instance at 0x7f786c807c80>,55,22,[6 2],56,131,153,75,131
1,<environment.Job instance at 0x7f786c7e3c30>,62,1,[8 4],63,134,135,71,134
1,<environment.Job instance at 0x7f786c7e3a00>,61,15,[1 6],62,134,149,72,134
1,<environment.Job instance at 0x7f786c7e37d0>,65,13,[7 5],66,135,148,69,135
1,<environment.Job instance at 0x7f786db66e10>,5,1,[6 4],6,9,10,3,9
1,<environment.Job instance at 0x7f786db66aa0>,11,1,[ 2 13],12,12,13,0,12
1,<environment.Job instance at 0x7f786db66cd0>,13,3,[6 4],14,14,17,0,14
1,<environment.Job instance at 0x7f786c64a050>,17,2,[11  1],18,18,20,0,18
1,<environment.Job instance at 0x7f786c64a1e0>,18,2,[5 3],19,20,22,1,19
1,<environment.Job instance at 0x7f786c64a230>,24,2,[12  3],25,25,27,0,25
1,<environment.Job instance at 0x7f786db66b90>,26,19,[2 7],27,27,46,0,27
1,<environment.Job instance at 0x7f786db66230>,4,17,[2 8],5,32,49,27,32
1,<environment.Job instance at 0x7f786c64a140>,31,15,[8 2],32,46,61,14,33
1,<environment.Job instance at 0x7f786c64a730>,33,3,[8 3],34,61,64,27,35
1,<environment.Job instance at 0x7f786d8e16e0>,37,12,[3 5],38,46,58,8,38
1,<environment.Job instance at 0x7f786d8e1550>,39,14,[6 1],40,58,72,18,43
1,<environment.Job instance at 0x7f786d8e1910>,42,3,[5 6],43,64,67,21,43
1,<environment.Job instance at 0x7f786d8e1a50>,43,3,[9 3],44,67,70,23,44
1,<environment.Job instance at 0x7f786d8e1460>,44,2,[13  1],45,72,74,27,45
1,<environment.Job instance at 0x7f786d573f50>,45,13,[ 1 10],46,70,83,24,58
1,<environment.Job instance at 0x7f786d573690>,47,3,[12  1],48,74,77,26,58
1,<environment.Job instance at 0x7f786d573aa0>,48,15,[8 4],49,77,92,28,63
1,<environment.Job instance at 0x7f786d573190>,50,15,[3 9],51,83,98,32,69
1,<environment.Job instance at 0x7f786d573820>,51,16,[6 3],52,92,108,40,79
1,<environment.Job instance at 0x7f786d573fa0>,52,1,[ 2 13],53,108,109,55,80
1,<environment.Job instance at 0x7f786d573be0>,46,14,[9 3],47,109,123,62,94
1,<environment.Job instance at 0x7f786d573370>,55,1,[ 4 11],56,98,99,42,94
1,<environment.Job instance at 0x7f786d573500>,56,15,[6 1],57,99,114,42,94
1,<environment.Job instance at 0x7f786d573b40>,57,21,[2 6],58,114,135,56,106
1,<environment.Job instance at 0x7f786d464780>,58,20,[10  5],59,123,143,64,117
1,<environment.Job instance at 0x7f786d8e8460>,1,18,[1 7],2,2,20,0,2
1,<environment.Job instance at 0x7f786d8e8230>,2,19,[4 6],3,3,22,0,3
1,<environment.Job instance at 0x7f786d90b7d0>,6,13,[5 2],7,7,20,0,7
1,<environment.Job instance at 0x7f786d8e8cd0>,5,1,[6 4],6,20,21,14,20
1,<environment.Job instance at 0x7f786da692d0>,13,3,[6 4],14,21,24,7,21
1,<environment.Job instance at 0x7f786da69050>,14,13,[9 1],15,22,35,7,22
1,<environment.Job instance at 0x7f786cbb8820>,9,14,[1 7],10,24,38,14,24
1,<environment.Job instance at 0x7f786da69a00>,16,12,[1 7],17,24,36,7,24
1,<environment.Job instance at 0x7f786da55280>,18,2,[5 3],19,36,38,17,36
1,<environment.Job instance at 0x7f786cbb8230>,8,15,[9 5],9,36,51,27,36
1,<environment.Job instance at 0x7f786da550f0>,19,13,[5 6],20,38,51,18,38
1,<environment.Job instance at 0x7f786d914c80>,22,15,[8 4],23,51,66,28,51
1,<environment.Job instance at 0x7f786d90b640>,4,17,[2 8],5,51,68,46,51
1,<environment.Job instance at 0x7f786d8d8910>,31,15,[8 2],32,66,81,34,66
1,<environment.Job instance at 0x7f786d90bdc0>,7,17,[2 8],8,68,85,60,68
1,<environment.Job instance at 0x7f786d8d8f50>,33,3,[8 3],34,81,84,47,81
1,<environment.Job instance at 0x7f786d8d8550>,29,17,[6 1],30,84,101,54,84
1,<environment.Job instance at 0x7f786d8d8730>,34,18,[6 1],35,84,102,49,84
1,<environment.Job instance at 0x7f786d8e4fa0>,37,12,[3 5],38,85,97,47,85
1,<environment.Job instance at 0x7f786da69f00>,15,18,[3 9],16,97,115,81,97
1,<environment.Job instance at 0x7f786d8f2a50>,39,14,[6 1],40,101,115,61,101
1,<environment.Job instance at 0x7f786d8f2b40>,42,3,[5 6],43,115,118,72,115
1,<environment.Job instance at 0x7f786d8f71e0>,43,3,[9 3],44,115,118,71,115
1,<environment.Job instance at 0x7f786d8f7b40>,45,13,[ 1 10],46,118,131,72,118
1,<environment.Job instance at 0x7f786d8e4500>,36,13,[9 5],37,118,131,81,118
1,<environment.Job instance at 0x7f786d8f7b90>,46,14,[9 3],47,131,145,84,131
1,<environment.Job instance at 0x7f786d8f3410>,50,15,[3 9],51,131,146,80,131
1,<environment.Job instance at 0x7f786cdb60a0>,2,2,[7 5],3,3,5,0,3
1,<environment.Job instance at 0x7f786cccf550>,5,25,[1 6],6,8,33,2,8
1,<environment.Job instance at 0x7f786cccf410>,10,1,[8 1],11,33,34,22,33
1,<environment.Job instance at 0x7f786cccfc80>,11,12,[8 3],12,34,46,22,33
1,<environment.Job instance at 0x7f786cccf4b0>,7,15,[1 7],8,33,48,25,33
1,<environment.Job instance at 0x7f786c9fcfa0>,16,13,[1 6],17,46,59,29,34
1,<environment.Job instance at 0x7f786c9fc6e0>,23,2,[ 4 10],24,59,61,35,43
1,<environment.Job instance at 0x7f786cccff00>,6,12,[10  3],7,48,60,41,43
1,<environment.Job instance at 0x7f786c9fceb0>,24,1,[14  4],25,61,62,36,43
1,<environment.Job instance at 0x7f786c9fcd20>,27,3,[7 3],28,62,65,34,44
1,<environment.Job instance at 0x7f786c9fc0a0>,31,14,[7 5],32,62,76,30,47
1,<environment.Job instance at 0x7f786c9fce10>,32,1,[2 6],33,48,49,15,47
1,<environment.Job instance at 0x7f786d4ad0f0>,37,13,[5 9],38,65,78,27,49
1,<environment.Job instance at 0x7f786d4adb40>,38,3,[ 4 13],39,78,81,39,52
1,<environment.Job instance at 0x7f786d4ad050>,45,15,[5 1],46,76,91,30,62
1,<environment.Job instance at 0x7f786d2c9050>,46,12,[2 7],47,81,93,34,66
1,<environment.Job instance at 0x7f786d2c97d0>,48,25,[5 1],49,76,101,27,73
1,<environment.Job instance at 0x7f786d4adc30>,42,13,[5 9],43,94,107,51,94
1,<environment.Job instance at 0x7f786d2c9d20>,49,17,[1 8],50,107,124,57,100
1,<environment.Job instance at 0x7f786c9fcc80>,29,27,[14  3],30,107,134,77,106
1,<environment.Job instance at 0x7f786d2c95a0>,50,13,[ 5 13],51,134,147,83,118
1,<environment.Job instance at 0x7f786cbb5370>,52,15,[2 6],53,147,162,94,135
1,<environment.Job instance at 0x7f786c9fc8c0>,26,17,[3 9],27,147,164,120,135
1,<environment.Job instance at 0x7f786ca08cd0>,1,16,[ 2 10],2,2,18,0,2
1,<environment.Job instance at 0x7f786c714910>,2,2,[7 5],3,3,5,0,3
1,<environment.Job instance at 0x7f786dc9c730>,3,15,[10  1],4,5,20,1,5
1,<environment.Job instance at 0x7f786d66ec80>,7,15,[1 7],8,18,33,10,18
1,<environment.Job instance at 0x7f786d523af0>,14,16,[4 7],15,18,34,3,18
1,<environment.Job instance at 0x7f786c8ad7d0>,10,1,[8 1],11,20,21,9,20
1,<environment.Job instance at 0x7f786dcbfcd0>,11,12,[8 3],12,33,45,21,33
1,<environment.Job instance at 0x7f786da561e0>,16,13,[1 6],17,34,47,17,34
1,<environment.Job instance at 0x7f786dbe0780>,8,18,[5 6],9,34,52,25,34
1,<environment.Job instance at 0x7f786d2e4140>,25,12,[3 8],26,47,59,21,47
1,<environment.Job instance at 0x7f786d2e4410>,27,3,[7 3],28,52,55,24,52
1,<environment.Job instance at 0x7f786dc9c870>,6,12,[10  3],7,55,67,48,55
1,<environment.Job instance at 0x7f786da53dc0>,23,2,[ 4 10],24,59,61,35,59
1,<environment.Job instance at 0x7f786d006280>,32,1,[2 6],33,61,62,28,61
1,<environment.Job instance at 0x7f786db82e60>,26,17,[3 9],27,62,79,35,62
1,<environment.Job instance at 0x7f786d006820>,31,14,[7 5],32,67,81,35,67
1,<environment.Job instance at 0x7f786ccb6370>,37,13,[5 9],38,79,92,41,79
1,<environment.Job instance at 0x7f786d006dc0>,34,14,[8 5],35,81,95,46,81
1,<environment.Job instance at 0x7f786c91ad20>,40,14,[4 6],41,92,106,51,92
1,<environment.Job instance at 0x7f786ddd1b40>,42,13,[5 9],43,95,108,52,95
1,<environment.Job instance at 0x7f786d0061e0>,33,15,[10  2],34,106,121,72,106
1,<environment.Job instance at 0x7f786ca25500>,46,12,[2 7],47,108,120,61,108
1,<environment.Job instance at 0x7f786ca251e0>,45,15,[5 1],46,120,135,74,120
1,<environment.Job instance at 0x7f786d94abe0>,52,15,[2 6],53,121,136,68,121
1,<environment.Job instance at 0x7f786d8b1870>,49,17,[1 8],50,121,138,71,121
1,<environment.Job instance at 0x7f786d251c80>,56,16,[7 1],57,135,151,78,135
1,<environment.Job instance at 0x7f786c91aaa0>,39,17,[7 5],40,136,153,96,136
1,<environment.Job instance at 0x7f786d0060f0>,30,18,[1 9],31,138,156,107,138
1,<environment.Job instance at 0x7f786cc1d3c0>,0,14,[7 4],1,1,15,0,1
1,<environment.Job instance at 0x7f786cc1df00>,2,1,[6 3],3,3,4,0,3
1,<environment.Job instance at 0x7f786cc1deb0>,3,2,[ 4 11],4,4,6,0,4
1,<environment.Job instance at 0x7f786cc1d5a0>,5,18,[5 3],6,6,24,0,6
1,<environment.Job instance at 0x7f786cc1daa0>,8,2,[10  1],9,15,17,6,9
1,<environment.Job instance at 0x7f786cc1d280>,9,13,[6 1],10,17,30,7,10
1,<environment.Job instance at 0x7f786cc1d7d0>,11,17,[6 1],12,24,41,12,12
1,<environment.Job instance at 0x7f786d2d7fa0>,15,14,[4 7],16,30,44,14,16
1,<environment.Job instance at 0x7f786d2d72d0>,16,1,[10  5],17,41,42,24,17
1,<environment.Job instance at 0x7f786da3a690>,21,1,[9 5],22,42,43,20,22
1,<environment.Job instance at 0x7f786da3aa50>,22,3,[ 5 11],23,44,47,21,23
1,<environment.Job instance at 0x7f786c716a00>,29,15,[ 3 12],30,47,62,17,41
1,<environment.Job instance at 0x7f786cedb690>,31,26,[9 3],32,47,73,15,47
1,<environment.Job instance at 0x7f786cedbe60>,33,26,[4 7],34,62,88,28,59
1,<environment.Job instance at 0x7f786cedbc80>,36,28,[1 5],37,62,90,25,61
1,<environment.Job instance at 0x7f786cedb460>,37,2,[14  1],38,88,90,50,62
1,<environment.Job instance at 0x7f786d86f910>,46,16,[2 7],47,90,106,43,77
1,<environment.Job instance at 0x7f786d86f0a0>,49,12,[3 8],50,90,102,40,78
1,<environment.Job instance at 0x7f786d86f640>,51,13,[8 2],52,102,115,50,88
1,<environment.Job instance at 0x7f786d86fcd0>,52,2,[5 2],53,102,104,49,88
1,<environment.Job instance at 0x7f786d86f3c0>,54,15,[3 5],55,104,119,49,90
1,<environment.Job instance at 0x7f786daf4a50>,0,14,[7 4],1,1,15,0,1
1,<environment.Job instance at 0x7f786daf4690>,1,17,[ 4 10],2,2,19,0,2
1,<environment.Job instance at 0x7f786daf4050>,2,1,[6 3],3,15,16,12,15
1,<environment.Job instance at 0x7f786d15fb40>,7,15,[5 1],8,15,30,7,15
1,<environment.Job instance at 0x7f786d86c5f0>,9,13,[6 1],10,16,29,6,16
1,<environment.Job instance at 0x7f786dda1be0>,10,12,[ 4 10],11,19,31,8,19
1,<environment.Job instance at 0x7f786dda1690>,11,17,[6 1],12,29,46,17,29
1,<environment.Job instance at 0x7f786d86cfa0>,5,18,[5 3],6,30,48,24,30
1,<environment.Job instance at 0x7f786d514820>,15,14,[4 7],16,31,45,15,31
1,<environment.Job instance at 0x7f786c71c3c0>,21,1,[9 5],22,46,47,24,46
1,<environment.Job instance at 0x7f786d5142d0>,16,1,[10  5],17,48,49,31,48
1,<environment.Job instance at 0x7f786d63ebe0>,13,15,[5 8],14,48,63,34,48
1,<environment.Job instance at 0x7f786d15f730>,8,2,[10  1],9,51,53,42,51
1,<environment.Job instance at 0x7f786db82e60>,46,16,[2 7],47,53,69,6,53
1,<environment.Job instance at 0x7f786d1c90f0>,28,18,[5 5],29,64,82,35,64
1,<environment.Job instance at 0x7f786d006cd0>,47,19,[5 1],48,64,83,16,64
1,<environment.Job instance at 0x7f786d0062d0>,49,12,[3 8],50,69,81,19,69
1,<environment.Job instance at 0x7f786cab80f0>,51,13,[8 2],52,82,95,30,82
1,<environment.Job instance at 0x7f786c4b70f0>,52,2,[5 2],53,83,85,30,83
1,<environment.Job instance at 0x7f787654e960>,54,15,[3 5],55,85,100,30,85
1,<environment.Job instance at 0x7f78763bb4b0>,55,13,[6 5],56,95,108,39,95
1,<environment.Job instance at 0x7f786d83e3c0>,50,16,[ 3 10],51,100,116,49,100
1,<environment.Job instance at 0x7f786d544a00>,57,20,[10  4],58,109,129,51,109
1,<environment.Job instance at 0x7f786cedb140>,61,2,[ 1 10],62,117,119,55,117
1,<environment.Job instance at 0x7f786d66ec80>,62,1,[ 1 10],63,119,120,56,119
1,<environment.Job instance at 0x7f786d86f050>,64,15,[4 7],65,120,135,55,120
1,<environment.Job instance at 0x7f786c716960>,60,20,[2 6],61,129,149,68,129
1,<environment.Job instance at 0x7f786d89bc30>,69,3,[9 1],70,129,132,59,129
1,<environment.Job instance at 0x7f7876420140>,70,13,[2 6],71,135,148,64,135
1,<environment.Job instance at 0x7f786d0063c0>,43,21,[7 3],44,135,156,91,135
1,<environment.Job instance at 0x7f786dd84d20>,2,16,[7 1],3,3,19,0,3
1,<environment.Job instance at 0x7f786dc496e0>,3,13,[6 5],4,4,17,0,4
1,<environment.Job instance at 0x7f786d4c85f0>,18,12,[4 8],19,19,31,0,19
1,<environment.Job instance at 0x7f786d2120a0>,15,15,[8 2],16,19,34,3,19
1,<environment.Job instance at 0x7f786d468e60>,19,17,[7 1],20,31,48,11,20
1,<environment.Job instance at 0x7f786c8773c0>,22,1,[5 5],23,34,35,11,25
1,<environment.Job instance at 0x7f786d4c80a0>,17,1,[1 7],18,34,35,16,27
1,<environment.Job instance at 0x7f786c877d70>,27,3,[6 3],28,35,38,7,28
1,<environment.Job instance at 0x7f786c877d20>,26,15,[5 2],27,38,53,11,30
1,<environment.Job instance at 0x7f786c875c30>,31,23,[ 1 10],32,35,58,3,32
1,<environment.Job instance at 0x7f786c875f50>,35,13,[ 3 10],36,58,71,22,51
1,<environment.Job instance at 0x7f786c5b1190>,23,12,[9 4],24,53,65,29,53
1,<environment.Job instance at 0x7f786c875410>,42,2,[ 3 12],43,71,73,28,53
1,<environment.Job instance at 0x7f786c7d11e0>,0,21,[7 1],1,1,22,0,1
1,<environment.Job instance at 0x7f786c722b40>,2,16,[7 1],3,3,19,0,3
1,<environment.Job instance at 0x7f786d619780>,12,13,[1 8],13,13,26,0,13
1,<environment.Job instance at 0x7f786d63a640>,3,13,[6 5],4,19,32,15,19
1,<environment.Job instance at 0x7f786d623b40>,15,15,[8 2],16,22,37,6,22
1,<environment.Job instance at 0x7f786d3b15f0>,13,18,[1 8],14,26,44,12,26
1,<environment.Job instance at 0x7f786c722c30>,8,15,[5 4],9,32,47,23,32
1,<environment.Job instance at 0x7f786ca4ef50>,17,1,[1 7],18,44,45,26,44
1,<environment.Job instance at 0x7f786ca4e320>,19,17,[7 1],20,44,61,24,44
1,<environment.Job instance at 0x7f786ca4ef00>,18,12,[4 8],19,47,59,28,47
1,<environment.Job instance at 0x7f786d3c40f0>,22,1,[5 5],23,59,60,36,59
1,<environment.Job instance at 0x7f786ca4e2d0>,16,15,[8 5],17,60,75,43,60
1,<environment.Job instance at 0x7f786ca514b0>,26,15,[5 2],27,61,76,34,61
1,<environment.Job instance at 0x7f786ca51cd0>,27,3,[6 3],28,75,78,47,75
1,<environment.Job instance at 0x7f786ccce730>,11,15,[4 9],12,75,90,63,75
1,<environment.Job instance at 0x7f786d39b0f0>,23,12,[9 4],24,78,90,54,78
1,<environment.Job instance at 0x7f786ccbd0f0>,35,13,[ 3 10],36,90,103,54,90
1,<environment.Job instance at 0x7f786ccbdd20>,37,3,[7 3],38,90,93,52,90
1,<environment.Job instance at 0x7f786ca41410>,38,14,[10  3],39,93,107,54,93
1,<environment.Job instance at 0x7f786d3ad190>,33,14,[4 9],34,103,117,69,103
1,<environment.Job instance at 0x7f786d063d20>,20,16,[10  3],21,107,123,86,107
1,<environment.Job instance at 0x7f786ca3a910>,44,14,[3 7],45,117,131,72,117
1,<environment.Job instance at 0x7f786d066e10>,29,15,[5 7],30,123,138,93,123
1,<environment.Job instance at 0x7f786ca3f0a0>,47,12,[3 7],48,131,143,83,131
1,<environment.Job instance at 0x7f786ca3fa00>,48,16,[7 1],49,131,147,82,131
1,<environment.Job instance at 0x7f786ca412d0>,41,17,[5 4],42,138,155,96,138
1,<environment.Job instance at 0x7f786ce8a820>,0,13,[2 8],1,1,14,0,1
1,<environment.Job instance at 0x7f786ce8a280>,2,3,[5 5],3,3,6,0,3
1,<environment.Job instance at 0x7f786ce8a320>,3,15,[5 1],4,4,19,0,4
1,<environment.Job instance at 0x7f786ce8a0f0>,4,23,[7 1],5,6,29,1,5
1,<environment.Job instance at 0x7f786ce8ab40>,10,2,[5 1],11,19,21,8,11
1,<environment.Job instance at 0x7f786ce8acd0>,11,2,[ 2 12],12,14,16,2,12
1,<environment.Job instance at 0x7f786ce8ad70>,12,13,[ 3 11],13,16,29,3,14
1,<environment.Job instance at 0x7f786ccf0690>,14,14,[5 4],15,29,43,14,15
1,<environment.Job instance at 0x7f786ccf0280>,17,15,[5 5],18,29,44,11,18
1,<environment.Job instance at 0x7f786ccf02d0>,20,2,[12  4],21,44,46,23,21
1,<environment.Job instance at 0x7f786ccf0320>,22,2,[12  3],23,46,48,23,23
1,<environment.Job instance at 0x7f786d6490a0>,24,12,[3 6],25,29,41,4,25
1,<environment.Job instance at 0x7f786d649fa0>,30,20,[7 2],31,48,68,17,39
1,<environment.Job instance at 0x7f786d649370>,33,16,[5 3],34,48,64,14,39
1,<environment.Job instance at 0x7f786d6494b0>,35,18,[2 8],36,43,61,7,39
1,<environment.Job instance at 0x7f786cd7ea50>,0,13,[2 8],1,1,14,0,1
1,<environment.Job instance at 0x7f786cd7ed70>,2,3,[5 5],3,3,6,0,3
1,<environment.Job instance at 0x7f786cd8e2d0>,3,15,[5 1],4,4,19,0,4
1,<environment.Job instance at 0x7f786c965820>,6,17,[4 6],7,7,24,0,7
1,<environment.Job instance at 0x7f786ddd8050>,10,2,[5 1],11,14,16,3,14
1,<environment.Job instance at 0x7f786d63a1e0>,14,14,[5 4],15,16,30,1,16
1,<environment.Job instance at 0x7f786ccf0e60>,17,15,[5 5],18,19,34,1,19
1,<environment.Job instance at 0x7f786d61f500>,19,12,[3 7],20,30,42,10,30
1,<environment.Job instance at 0x7f786ccd2820>,7,15,[10  5],8,34,49,26,34
1,<environment.Job instance at 0x7f786d61f280>,23,16,[2 8],24,42,58,18,42
1,<environment.Job instance at 0x7f786d61f320>,24,12,[3 6],25,49,61,24,49
1,<environment.Job instance at 0x7f786d649190>,25,14,[7 2],26,58,72,32,58
1,<environment.Job instance at 0x7f786c6fd640>,15,15,[7 5],16,61,76,45,61
1,<environment.Job instance at 0x7f786d63a640>,13,17,[ 1 10],14,72,89,58,72
1,<environment.Job instance at 0x7f786ce8adc0>,32,12,[6 3],33,76,88,43,76
1,<environment.Job instance at 0x7f786d61fcd0>,27,13,[10  2],28,88,101,60,88
1,<environment.Job instance at 0x7f786ce8af00>,31,16,[1 9],32,89,105,57,89
1,<environment.Job instance at 0x7f786d3b1a50>,36,13,[10  2],37,101,114,64,101
1,<environment.Job instance at 0x7f786ce8a960>,33,16,[5 3],34,105,121,71,105
1,<environment.Job instance at 0x7f786d3b1c80>,38,1,[1 8],39,114,115,75,114
1,<environment.Job instance at 0x7f786ccf0370>,18,17,[9 4],19,114,131,95,114
1,<environment.Job instance at 0x7f786ca51f00>,43,2,[6 2],44,121,123,77,121
1,<environment.Job instance at 0x7f786ce8a0a0>,35,18,[2 8],36,123,141,87,123
1,<environment.Job instance at 0x7f786ca51f50>,48,1,[5 7],49,131,132,82,131
1,<environment.Job instance at 0x7f786d3b15f0>,37,13,[10  1],38,132,145,94,132
1,<environment.Job instance at 0x7f786c940370>,1,1,[1 6],2,2,3,0,2
1,<environment.Job instance at 0x7f786dc6c910>,2,14,[5 6],3,3,17,0,3
1,<environment.Job instance at 0x7f786dc6ccd0>,7,2,[14  1],8,17,19,9,8
1,<environment.Job instance at 0x7f786dc6cdc0>,10,1,[7 5],11,11,12,0,11
1,<environment.Job instance at 0x7f786dc6cfa0>,11,2,[3 9],12,12,14,0,12
1,<environment.Job instance at 0x7f786dc641e0>,12,3,[7 4],13,14,17,1,13
1,<environment.Job instance at 0x7f786dc64910>,24,2,[13  5],25,25,27,0,25
1,<environment.Job instance at 0x7f786dc64b40>,28,12,[6 1],29,30,42,1,30
1,<environment.Job instance at 0x7f786dc64d20>,30,14,[6 4],31,46,60,15,46
1,<environment.Job instance at 0x7f786dc64be0>,29,12,[1 8],30,46,58,16,46
1,<environment.Job instance at 0x7f786dc64c80>,33,15,[2 8],34,58,73,24,46
1,<environment.Job instance at 0x7f786dc64e10>,31,14,[3 7],32,60,74,28,50
1,<environment.Job instance at 0x7f786dc66050>,35,12,[7 5],36,73,85,37,56
1,<environment.Job instance at 0x7f786dc660f0>,36,3,[10  5],37,85,88,48,60
1,<environment.Job instance at 0x7f786dc66230>,38,14,[5 5],39,74,88,35,62
1,<environment.Job instance at 0x7f786dc66690>,45,1,[1 8],46,88,89,42,62
1,<environment.Job instance at 0x7f786dc66a50>,48,3,[13  5],49,88,91,39,63
1,<environment.Job instance at 0x7f786d621a00>,0,22,[4 9],1,1,23,0,1
1,<environment.Job instance at 0x7f786cda20a0>,1,1,[1 6],2,2,3,0,2
1,<environment.Job instance at 0x7f786d621c80>,2,14,[5 6],3,3,17,0,3
1,<environment.Job instance at 0x7f786d780050>,10,1,[7 5],11,17,18,6,17
1,<environment.Job instance at 0x7f786d780550>,6,18,[5 6],7,18,36,11,18
1,<environment.Job instance at 0x7f786d175af0>,11,2,[3 9],12,23,25,11,23
1,<environment.Job instance at 0x7f786c65cb40>,12,3,[7 4],13,25,28,12,25
1,<environment.Job instance at 0x7f786cd645a0>,20,13,[10  3],21,28,41,7,28
1,<environment.Job instance at 0x7f786cd64cd0>,16,16,[ 2 10],17,36,52,19,36
1,<environment.Job instance at 0x7f786d75b050>,28,12,[6 1],29,41,53,12,41
1,<environment.Job instance at 0x7f786cd5ab90>,30,14,[6 4],31,41,55,10,41
1,<environment.Job instance at 0x7f786d75b500>,29,12,[1 8],30,52,64,22,52
1,<environment.Job instance at 0x7f786cd5acd0>,31,14,[3 7],32,55,69,23,55
1,<environment.Job instance at 0x7f786d14f230>,35,12,[7 5],36,64,76,28,64
1,<environment.Job instance at 0x7f786d14fa00>,33,15,[2 8],34,69,84,35,69
1,<environment.Job instance at 0x7f786d14fe60>,36,3,[10  5],37,76,79,39,76
1,<environment.Job instance at 0x7f786d14f140>,38,14,[5 5],39,79,93,40,79
1,<environment.Job instance at 0x7f786c7ba140>,41,12,[ 4 10],42,84,96,42,84
1,<environment.Job instance at 0x7f786cd64af0>,18,17,[10  4],19,93,110,74,93
1,<environment.Job instance at 0x7f786da3b7d0>,42,2,[4 9],43,96,98,53,96
1,<environment.Job instance at 0x7f786dc0cf00>,45,1,[1 8],46,98,99,52,98
1,<environment.Job instance at 0x7f786c7baa50>,40,12,[5 9],41,99,111,58,99
1,<environment.Job instance at 0x7f786dc0c690>,47,13,[8 4],48,110,123,62,110
1,<environment.Job instance at 0x7f786d6407d0>,50,3,[2 9],51,111,114,60,111
1,<environment.Job instance at 0x7f786d18f960>,53,2,[1 6],54,114,116,60,114
1,<environment.Job instance at 0x7f786cd4c140>,51,15,[6 4],52,114,129,62,114
1,<environment.Job instance at 0x7f786cd648c0>,19,16,[ 5 10],20,123,139,103,123
1,<environment.Job instance at 0x7f786c63dd70>,61,16,[5 1],62,129,145,67,129
1,<environment.Job instance at 0x7f786d8e7e10>,63,2,[9 5],64,139,141,75,139
1,<environment.Job instance at 0x7f786c6fb230>,4,13,[2 8],5,5,18,0,5
1,<environment.Job instance at 0x7f786c6fbf00>,3,2,[ 4 11],4,18,20,14,12
1,<environment.Job instance at 0x7f786d03ab90>,17,18,[ 4 12],18,20,38,2,20
1,<environment.Job instance at 0x7f786d03a2d0>,18,25,[11  1],19,20,45,1,20
1,<environment.Job instance at 0x7f786c954a00>,23,3,[2 7],24,38,41,14,24
1,<environment.Job instance at 0x7f786c954eb0>,24,17,[7 3],25,45,62,20,34
1,<environment.Job instance at 0x7f786d03a0f0>,16,24,[5 2],17,45,69,28,42
1,<environment.Job instance at 0x7f786c954230>,28,2,[1 6],29,42,44,13,42
1,<environment.Job instance at 0x7f786c9542d0>,27,28,[1 6],28,42,70,14,42
1,<environment.Job instance at 0x7f786d03ac30>,25,23,[2 8],26,69,92,43,63
1,<environment.Job instance at 0x7f786da0c3c0>,0,16,[3 7],1,1,17,0,1
1,<environment.Job instance at 0x7f786da0ca00>,1,13,[9 1],2,2,15,0,2
1,<environment.Job instance at 0x7f786dc64d70>,6,16,[1 7],7,7,23,0,7
1,<environment.Job instance at 0x7f786dc66820>,4,13,[2 8],5,17,30,12,17
1,<environment.Job instance at 0x7f786dc66960>,2,18,[10  3],3,23,41,20,23
1,<environment.Job instance at 0x7f786d649190>,28,2,[1 6],29,30,32,1,30
1,<environment.Job instance at 0x7f786cd8efa0>,12,18,[3 6],13,30,48,17,30
1,<environment.Job instance at 0x7f786d61f960>,23,3,[2 7],24,41,44,17,41
1,<environment.Job instance at 0x7f786c94d960>,43,15,[6 5],44,44,59,0,44
1,<environment.Job instance at 0x7f786ca51460>,38,15,[3 5],39,48,63,9,48
1,<environment.Job instance at 0x7f786c94ddc0>,44,1,[10  1],45,59,60,14,59
1,<environment.Job instance at 0x7f786d3b8410>,47,2,[8 5],48,60,62,12,60
1,<environment.Job instance at 0x7f786cb430f0>,48,17,[3 5],49,60,77,11,60
1,<environment.Job instance at 0x7f786ccc24b0>,46,12,[8 3],47,62,74,15,62
1,<environment.Job instance at 0x7f786c63dd70>,50,3,[9 1],51,74,77,23,74
1,<environment.Job instance at 0x7f786d75e230>,53,2,[7 2],54,77,79,23,77
1,<environment.Job instance at 0x7f786d75eb40>,57,2,[3 5],58,77,79,19,77
1,<environment.Job instance at 0x7f786cd648c0>,64,16,[1 8],65,77,93,12,77
1,<environment.Job instance at 0x7f786d61f280>,24,17,[7 3],25,79,96,54,79
1,<environment.Job instance at 0x7f786d0baa00>,72,2,[5 4],73,93,95,20,93
1,<environment.Job instance at 0x7f786cce7af0>,49,18,[ 3 10],50,95,113,45,95
1,<environment.Job instance at 0x7f786d0ba320>,73,1,[9 5],74,97,98,23,97
1,<environment.Job instance at 0x7f786cd64050>,68,18,[10  3],69,98,116,29,98
1,<environment.Job instance at 0x7f786ca514b0>,37,18,[ 4 10],38,115,133,77,115
1,<environment.Job instance at 0x7f786d251690>,82,17,[4 5],83,116,133,33,116
1,<environment.Job instance at 0x7f786c9540a0>,80,19,[1 9],81,134,153,53,134
1,<environment.Job instance at 0x7f786d15fd70>,90,17,[8 5],91,134,151,43,134
1,<environment.Job instance at 0x7f786cb14c30>,4,14,[5 6],5,5,19,0,5
1,<environment.Job instance at 0x7f786c6757d0>,2,12,[1 5],3,7,19,4,7
1,<environment.Job instance at 0x7f786cb14500>,8,16,[3 6],9,19,35,10,9
1,<environment.Job instance at 0x7f786dde8460>,1,19,[1 5],2,2,21,0,2
1,<environment.Job instance at 0x7f786cf42eb0>,2,12,[1 5],3,3,15,0,3
1,<environment.Job instance at 0x7f786c94d0a0>,14,2,[10  5],15,15,17,0,15
1,<environment.Job instance at 0x7f786ccd2730>,11,13,[ 1 10],12,17,30,5,17
1,<environment.Job instance at 0x7f786cb14050>,15,15,[5 5],16,21,36,5,21
1,<environment.Job instance at 0x7f786cda2b90>,4,14,[5 6],5,30,44,25,30
1,<environment.Job instance at 0x7f786ce4ca00>,22,2,[5 9],23,36,38,13,36
1,<environment.Job instance at 0x7f786d75e0f0>,8,16,[3 6],9,38,54,29,38
1,<environment.Job instance at 0x7f786ce4c050>,23,17,[4 8],24,44,61,20,44
1,<environment.Job instance at 0x7f786ccd2820>,13,17,[5 6],14,54,71,40,54
1,<environment.Job instance at 0x7f786ce4c730>,26,15,[2 6],27,61,76,34,61
1,<environment.Job instance at 0x7f786ce4c0a0>,25,18,[5 2],26,61,79,35,61
1,<environment.Job instance at 0x7f786ce4c9b0>,27,1,[10  2],28,76,77,48,76
1,<environment.Job instance at 0x7f786ce4c190>,32,12,[2 5],33,77,89,44,77
1,<environment.Job instance at 0x7f786ce4c8c0>,31,13,[1 7],32,77,90,45,77
1,<environment.Job instance at 0x7f78763d3e60>,33,17,[5 2],34,79,96,45,79
1,<environment.Job instance at 0x7f78763d3a50>,35,12,[3 5],36,89,101,53,89
1,<environment.Job instance at 0x7f78763d3230>,37,18,[5 5],38,90,108,52,90
1,<environment.Job instance at 0x7f786c9b0a00>,46,1,[2 9],47,101,102,54,101
1,<environment.Job instance at 0x7f786c9b0e10>,44,3,[10  5],45,102,105,57,102
1,<environment.Job instance at 0x7f786c675d20>,17,16,[ 1 10],18,105,121,87,105
1,<environment.Job instance at 0x7f786c9b0230>,53,15,[10  3],54,108,123,54,108
1,<environment.Job instance at 0x7f786c9b0500>,47,18,[2 6],48,121,139,73,121
1,<environment.Job instance at 0x7f786cc0b9b0>,58,13,[2 5],59,121,134,62,121
1,<environment.Job instance at 0x7f786ce4c1e0>,24,18,[9 1],25,123,141,98,123
1,<environment.Job instance at 0x7f786cc0b2d0>,61,12,[1 7],62,134,146,72,134
1,<environment.Job instance at 0x7f787678bd20>,0,21,[1 7],1,1,22,0,1
1,<environment.Job instance at 0x7f786cd9ed70>,2,12,[3 5],3,3,15,0,3
1,<environment.Job instance at 0x7f786ce170f0>,9,2,[2 7],10,15,17,5,11
1,<environment.Job instance at 0x7f786d181780>,12,2,[14  4],13,17,19,4,13
1,<environment.Job instance at 0x7f786d181640>,11,13,[3 5],12,19,32,7,14
1,<environment.Job instance at 0x7f786d181a50>,14,12,[7 5],15,22,34,7,15
1,<environment.Job instance at 0x7f786d181cd0>,10,15,[ 5 13],11,34,49,23,30
1,<environment.Job instance at 0x7f786d7f5f00>,17,15,[12  1],18,49,64,31,46
1,<environment.Job instance at 0x7f786dd47e10>,21,3,[4 9],22,64,67,42,46
1,<environment.Job instance at 0x7f786dd47f00>,22,16,[ 2 12],23,67,83,44,57
1,<environment.Job instance at 0x7f786d7f5a00>,20,12,[14  1],21,83,95,62,67
1,<environment.Job instance at 0x7f786d7f5cd0>,15,26,[5 5],16,95,121,79,95
1,<environment.Job instance at 0x7f786db72d70>,24,27,[1 6],25,99,126,74,99
1,<environment.Job instance at 0x7f786d181b90>,18,13,[12  3],19,121,134,102,105
1,<environment.Job instance at 0x7f787641dfa0>,34,1,[ 1 13],35,134,135,99,110
1,<environment.Job instance at 0x7f786d2f9370>,28,2,[1 6],29,121,123,92,110
1,<environment.Job instance at 0x7f786d7f56e0>,19,13,[2 9],20,135,148,115,121
1,<environment.Job instance at 0x7f787641d0f0>,35,22,[7 1],36,134,156,98,128
1,<environment.Job instance at 0x7f7876359320>,39,2,[ 2 13],40,148,150,108,128
1,<environment.Job instance at 0x7f786cde3690>,40,1,[3 8],41,128,129,87,128
1,<environment.Job instance at 0x7f786cde3b90>,41,2,[ 3 11],42,129,131,87,128
1,<environment.Job instance at 0x7f786cdde460>,42,3,[ 4 14],43,150,153,107,128
1,<environment.Job instance at 0x7f786cd24e60>,48,3,[10  1],49,156,159,107,130
1,<environment.Job instance at 0x7f786cd24c30>,49,2,[1 8],50,131,133,81,130
1,<environment.Job instance at 0x7f786cde8a50>,52,3,[14  4],53,159,162,106,133
1,<environment.Job instance at 0x7f786ccf3140>,56,1,[ 3 10],57,153,154,96,134
1,<environment.Job instance at 0x7f786d002780>,0,21,[1 7],1,1,22,0,1
1,<environment.Job instance at 0x7f786d4887d0>,2,12,[3 5],3,3,15,0,3
1,<environment.Job instance at 0x7f786d488aa0>,9,2,[2 7],10,15,17,5,15
1,<environment.Job instance at 0x7f78763e9280>,14,12,[7 5],15,17,29,2,17
1,<environment.Job instance at 0x7f78763e9e10>,21,3,[4 9],22,22,25,0,22
1,<environment.Job instance at 0x7f78763e9be0>,19,13,[2 9],20,25,38,5,25
1,<environment.Job instance at 0x7f786d901050>,28,2,[1 6],29,29,31,0,29
1,<environment.Job instance at 0x7f78763e9640>,11,13,[3 5],12,31,44,19,31
1,<environment.Job instance at 0x7f786cbfa780>,31,15,[1 9],32,38,53,6,38
1,<environment.Job instance at 0x7f786d901460>,26,17,[9 5],27,44,61,17,44
1,<environment.Job instance at 0x7f786cbfabe0>,40,1,[3 8],41,54,55,13,54
1,<environment.Job instance at 0x7f786d488fa0>,4,18,[5 4],5,55,73,50,55
1,<environment.Job instance at 0x7f786d0c8460>,48,3,[10  1],49,61,64,12,61
1,<environment.Job instance at 0x7f786d0c8960>,49,2,[1 8],50,64,66,14,64
1,<environment.Job instance at 0x7f786d0c8910>,50,19,[7 3],51,65,84,14,65
1,<environment.Job instance at 0x7f78763e9230>,16,18,[3 6],17,66,84,49,66
1,<environment.Job instance at 0x7f786d0c8230>,47,14,[5 6],48,73,87,25,73
1,<environment.Job instance at 0x7f786d0c8780>,45,18,[10  2],46,84,102,38,84
1,<environment.Job instance at 0x7f786d0c86e0>,56,1,[ 3 10],57,87,88,30,87
1,<environment.Job instance at 0x7f786cc0bd20>,62,16,[ 2 10],63,88,104,25,88
1,<environment.Job instance at 0x7f786cc0ba00>,66,13,[5 1],67,102,115,35,102
1,<environment.Job instance at 0x7f786cc0baa0>,64,3,[4 6],65,104,107,39,104
1,<environment.Job instance at 0x7f786cc0bc80>,67,15,[3 5],68,105,120,37,105
1,<environment.Job instance at 0x7f786cc0b820>,60,18,[3 9],61,107,125,46,107
1,<environment.Job instance at 0x7f786cc0be60>,69,21,[4 6],70,120,141,50,120
1,<environment.Job instance at 0x7f786c9b0dc0>,73,15,[7 2],74,125,140,51,125
1,<environment.Job instance at 0x7f90a0ded8c0>,3,3,[ 4 14],4,5,8,1,5
1,<environment.Job instance at 0x7f90977a3c30>,5,24,[1 5],6,10,34,4,10
1,<environment.Job instance at 0x7f90977a3fa0>,11,1,[8 5],12,13,14,1,13
1,<environment.Job instance at 0x7f90977a3d20>,6,20,[6 1],7,14,34,7,14
1,<environment.Job instance at 0x7f90977a7370>,14,13,[7 3],15,15,28,0,15
1,<environment.Job instance at 0x7f90977a7460>,15,18,[2 8],16,28,46,12,17
1,<environment.Job instance at 0x7f90977a3af0>,4,14,[1 6],5,34,48,29,33
1,<environment.Job instance at 0x7f90977a77d0>,20,1,[13  5],21,53,54,32,53
1,<environment.Job instance at 0x7f90977a3c80>,2,22,[4 8],3,3,25,0,3
1,<environment.Job instance at 0x7f909779baa0>,4,14,[1 6],5,5,19,0,5
1,<environment.Job instance at 0x7f90977a3910>,6,20,[6 1],7,7,27,0,7
1,<environment.Job instance at 0x7f90978d7370>,11,1,[8 5],12,25,26,13,25
1,<environment.Job instance at 0x7f9097914a50>,21,1,[6 5],22,26,27,4,26
1,<environment.Job instance at 0x7f90978ce5a0>,22,1,[2 7],23,26,27,3,26
1,<environment.Job instance at 0x7f90978d7d70>,12,13,[10  2],13,27,40,14,27
1,<environment.Job instance at 0x7f909788a460>,16,16,[3 5],17,27,43,10,27
1,<environment.Job instance at 0x7f909779b960>,15,18,[2 8],16,27,45,11,27
1,<environment.Job instance at 0x7f9097927870>,14,13,[7 3],15,43,56,28,43
1,<environment.Job instance at 0x7f9097944fa0>,35,2,[1 8],36,45,47,9,45
1,<environment.Job instance at 0x7f9097a551e0>,34,16,[2 8],35,47,63,12,47
1,<environment.Job instance at 0x7f9097848f00>,36,15,[9 5],37,56,71,19,56
1,<environment.Job instance at 0x7f9097865b90>,46,13,[6 5],47,63,76,16,63
1,<environment.Job instance at 0x7f90978c8960>,27,18,[1 8],28,71,89,43,71
1,<environment.Job instance at 0x7f9097865230>,49,15,[10  1],50,76,91,26,76
1,<environment.Job instance at 0x7f9097837460>,54,17,[5 7],55,90,107,35,90
1,<environment.Job instance at 0x7f9097865e10>,41,15,[10  3],42,91,106,49,91
1,<environment.Job instance at 0x7f90978b1370>,57,17,[8 5],58,106,123,48,106
1,<environment.Job instance at 0x7f90978b1690>,59,14,[2 7],60,107,121,47,107
1,<environment.Job instance at 0x7f90978b15f0>,60,17,[1 6],61,121,138,60,121
1,<environment.Job instance at 0x7f90978b1c30>,62,3,[5 5],63,123,126,60,123
1,<environment.Job instance at 0x7f9097860500>,63,14,[8 1],64,123,137,59,123
1,<environment.Job instance at 0x7f9097865910>,44,18,[5 5],45,126,144,81,126
1,<environment.Job instance at 0x7f9097860640>,65,2,[10  4],66,139,141,73,139
1,<environment.Job instance at 0x7f90978ce2d0>,24,18,[ 4 10],25,141,159,116,141
1,<environment.Job instance at 0x7f90978602d0>,64,20,[10  2],65,144,164,79,144
1,<environment.Job instance at 0x7f9096ef67d0>,0,3,[1 7],1,1,4,0,1
1,<environment.Job instance at 0x7f9096ef60f0>,1,3,[4 7],2,2,5,0,2
1,<environment.Job instance at 0x7f9096ef4140>,3,3,[5 2],4,4,7,0,4
1,<environment.Job instance at 0x7f9096ef4500>,5,23,[1 7],6,6,29,0,6
1,<environment.Job instance at 0x7f9096ef40a0>,6,17,[7 1],7,7,24,0,7
1,<environment.Job instance at 0x7f9096ef4730>,7,1,[ 2 14],8,29,30,21,8
1,<environment.Job instance at 0x7f9096ef4960>,8,17,[5 5],9,9,26,0,9
1,<environment.Job instance at 0x7f9096ef5af0>,13,13,[7 5],14,30,43,16,14
1,<environment.Job instance at 0x7f9096ef5690>,15,3,[10  1],16,26,29,10,16
1,<environment.Job instance at 0x7f9096ef5730>,16,3,[ 2 12],17,43,46,26,17
1,<environment.Job instance at 0x7f9096ef5410>,18,1,[13  2],19,43,44,24,19
1,<environment.Job instance at 0x7f9096eebeb0>,20,2,[9 5],21,46,48,25,21
1,<environment.Job instance at 0x7f909705f0f0>,21,22,[2 9],22,46,68,24,39
1,<environment.Job instance at 0x7f9097023fa0>,24,19,[6 1],25,48,67,23,41
1,<environment.Job instance at 0x7f909702d1e0>,25,16,[ 2 10],26,68,84,42,55
1,<environment.Job instance at 0x7f9097182550>,22,16,[6 4],23,56,72,33,56
1,<environment.Job instance at 0x7f9096fd8280>,27,21,[ 3 10],28,84,105,56,76
1,<environment.Job instance at 0x7f9096fd8230>,29,14,[2 6],30,105,119,75,90
1,<environment.Job instance at 0x7f9096ef65f0>,12,22,[5 3],13,90,112,77,90
1,<environment.Job instance at 0x7f9096fd8910>,31,13,[4 9],32,112,125,80,96
1,<environment.Job instance at 0x7f90970585a0>,32,14,[2 9],33,125,139,92,110
1,<environment.Job instance at 0x7f90970448c0>,33,2,[13  3],34,125,127,91,110
1,<environment.Job instance at 0x7f9097023f50>,26,24,[11  5],27,127,151,100,125
1,<environment.Job instance at 0x7f90971200f0>,35,2,[5 2],36,151,153,115,125
1,<environment.Job instance at 0x7f909711fc30>,36,1,[5 9],37,151,152,114,127
1,<environment.Job instance at 0x7f9097044370>,34,21,[ 4 12],35,152,173,117,146
1,<environment.Job instance at 0x7f9096fcc9b0>,0,3,[1 7],1,1,4,0,1
1,<environment.Job instance at 0x7f9096fcc640>,1,3,[4 7],2,2,5,0,2
1,<environment.Job instance at 0x7f9096faa870>,3,3,[5 2],4,4,7,0,4
1,<environment.Job instance at 0x7f9096fce280>,6,17,[7 1],7,7,24,0,7
1,<environment.Job instance at 0x7f9096fcebe0>,8,17,[5 5],9,9,26,0,9
1,<environment.Job instance at 0x7f9096f523c0>,9,17,[3 7],10,10,27,0,10
1,<environment.Job instance at 0x7f9096fb05f0>,20,2,[9 5],21,26,28,5,26
1,<environment.Job instance at 0x7f9096fb0640>,22,16,[6 4],23,27,43,4,27
1,<environment.Job instance at 0x7f9096f52280>,13,13,[7 5],14,28,41,14,28
1,<environment.Job instance at 0x7f9096f665f0>,29,14,[2 6],30,41,55,11,41
1,<environment.Job instance at 0x7f9096fb0dc0>,23,18,[6 5],24,41,59,17,41
1,<environment.Job instance at 0x7f9096fb0fa0>,31,13,[4 9],32,55,68,23,55
1,<environment.Job instance at 0x7f9096f5fe60>,35,2,[5 2],36,59,61,23,59
1,<environment.Job instance at 0x7f9096f5b5f0>,15,3,[10  1],16,61,64,45,61
1,<environment.Job instance at 0x7f9096f6a5a0>,36,1,[5 9],37,69,70,32,69
1,<environment.Job instance at 0x7f9096f6a410>,39,12,[9 3],40,69,81,29,69
1,<environment.Job instance at 0x7f9096f5fa00>,32,14,[2 9],33,70,84,37,70
1,<environment.Job instance at 0x7f9096f6a4b0>,40,18,[10  3],41,81,99,40,81
1,<environment.Job instance at 0x7f9096f71e10>,43,12,[1 7],44,84,96,40,84
1,<environment.Job instance at 0x7f9096f715a0>,45,3,[5 5],46,96,99,50,96
1,<environment.Job instance at 0x7f9096f71d20>,44,3,[10  2],45,99,102,54,99
1,<environment.Job instance at 0x7f9096f714b0>,46,3,[ 5 10],47,100,103,53,100
1,<environment.Job instance at 0x7f9096f75b40>,48,3,[10  1],49,102,105,53,102
1,<environment.Job instance at 0x7f9096fb0d70>,25,16,[ 2 10],26,103,119,77,103
1,<environment.Job instance at 0x7f9096f75410>,50,2,[7 5],51,106,108,55,106
1,<environment.Job instance at 0x7f9096f75af0>,47,20,[5 3],48,108,128,60,108
1,<environment.Job instance at 0x7f90970bd7d0>,49,21,[6 1],50,108,129,58,108
1,<environment.Job instance at 0x7f9096f75be0>,51,14,[2 7],52,119,133,67,119
1,<environment.Job instance at 0x7f9096f7aaa0>,53,3,[7 5],54,129,132,75,129
1,<environment.Job instance at 0x7f909714c0a0>,58,2,[5 2],59,129,131,70,129
1,<environment.Job instance at 0x7f909700ec30>,56,22,[6 1],57,131,153,74,131
1,<environment.Job instance at 0x7f9096f9f140>,63,2,[5 9],64,133,135,69,133
1,<environment.Job instance at 0x7f9096f7e460>,64,13,[9 4],65,135,148,70,135
1,<environment.Job instance at 0x7f90971480f0>,57,15,[3 7],58,148,163,90,148
1,<environment.Job instance at 0x7f9096f6d820>,59,22,[2 7],60,148,170,88,148
1,<environment.Job instance at 0x7f90a0e156e0>,2,2,[11  1],3,3,5,0,3
1,<environment.Job instance at 0x7f90a0e15780>,5,2,[5 5],6,6,8,0,6
1,<environment.Job instance at 0x7f90a0e15960>,11,1,[5 9],12,12,13,0,12
1,<environment.Job instance at 0x7f90a0e15e10>,12,20,[2 6],13,13,33,0,13
1,<environment.Job instance at 0x7f90a0e15b90>,13,15,[5 1],14,14,29,0,14
1,<environment.Job instance at 0x7f9096d56690>,16,2,[ 5 13],17,33,35,16,17
1,<environment.Job instance at 0x7f9096d56a00>,20,2,[ 3 10],21,35,37,14,21
1,<environment.Job instance at 0x7f9096d546e0>,3,17,[9 4],4,4,21,0,4
1,<environment.Job instance at 0x7f9096db6550>,5,2,[5 5],6,6,8,0,6
1,<environment.Job instance at 0x7f9096db6fa0>,8,22,[3 9],9,9,31,0,9
1,<environment.Job instance at 0x7f9096da8aa0>,13,15,[5 1],14,21,36,7,21
1,<environment.Job instance at 0x7f9096da8c80>,11,1,[5 9],12,31,32,19,31
1,<environment.Job instance at 0x7f9096da84b0>,22,15,[5 5],23,31,46,8,31
1,<environment.Job instance at 0x7f9096da85a0>,24,13,[4 8],25,32,45,7,32
1,<environment.Job instance at 0x7f9096da8550>,25,2,[6 1],26,36,38,10,36
1,<environment.Job instance at 0x7f9096da8af0>,20,2,[ 3 10],21,45,47,24,45
1,<environment.Job instance at 0x7f9096da8f00>,21,17,[5 5],22,46,63,24,46
1,<environment.Job instance at 0x7f9096daa280>,28,3,[5 9],29,47,50,18,47
1,<environment.Job instance at 0x7f9096de1d70>,41,13,[1 6],42,50,63,8,50
1,<environment.Job instance at 0x7f9096de1910>,42,3,[3 5],43,63,66,20,63
1,<environment.Job instance at 0x7f9096daae60>,38,13,[4 6],39,63,76,24,63
1,<environment.Job instance at 0x7f9096de1e60>,43,14,[1 5],44,66,80,22,66
1,<environment.Job instance at 0x7f9096de1500>,40,17,[10  3],41,66,83,25,66
1,<environment.Job instance at 0x7f9096e2db90>,50,14,[ 3 10],51,80,94,29,80
1,<environment.Job instance at 0x7f9096e2d0a0>,53,1,[10  2],54,83,84,29,83
1,<environment.Job instance at 0x7f9096e2d820>,55,2,[9 5],56,84,86,28,84
1,<environment.Job instance at 0x7f9096e2d370>,60,17,[7 5],61,86,103,25,86
1,<environment.Job instance at 0x7f9096e2da50>,61,12,[3 8],62,94,106,32,94
1,<environment.Job instance at 0x7f9096da8dc0>,15,18,[10  5],16,103,121,87,103
1,<environment.Job instance at 0x7f9096e2d320>,59,12,[ 5 10],60,107,119,47,107
1,<environment.Job instance at 0x7f9096e2d4b0>,63,15,[4 6],64,120,135,56,120
1,<environment.Job instance at 0x7f9096e2df00>,57,16,[3 9],58,121,137,63,121
1,<environment.Job instance at 0x7f9096e3f460>,66,15,[5 3],67,135,150,68,135
1,<environment.Job instance at 0x7f9096e3f690>,69,13,[1 7],70,137,150,67,137
1,<environment.Job instance at 0x7f9096e3f820>,67,18,[1 5],68,137,155,69,137
1,<environment.Job instance at 0x7f9097d5f230>,3,1,[11  5],4,4,5,0,4
1,<environment.Job instance at 0x7f9097d5f190>,6,17,[7 4],7,7,24,0,7
1,<environment.Job instance at 0x7f9097d5f050>,7,14,[ 5 11],8,8,22,0,8
1,<environment.Job instance at 0x7f9097d5f500>,13,16,[6 3],14,22,38,8,14
1,<environment.Job instance at 0x7f9097d5ff50>,16,3,[ 5 14],17,38,41,21,18
1,<environment.Job instance at 0x7f90973382d0>,21,1,[ 3 11],22,24,25,2,22
1,<environment.Job instance at 0x7f90973383c0>,19,19,[7 4],20,41,60,21,31
1,<environment.Job instance at 0x7f9097338c30>,23,2,[6 3],24,31,33,7,31
1,<environment.Job instance at 0x7f9097338230>,24,2,[3 8],25,31,33,6,31
1,<environment.Job instance at 0x7f90973381e0>,25,12,[ 2 12],26,60,72,34,43
1,<environment.Job instance at 0x7f90972bd910>,31,2,[1 8],32,43,45,11,43
1,<environment.Job instance at 0x7f90a0e7e780>,0,16,[10  4],1,1,17,0,1
1,<environment.Job instance at 0x7f9096d994b0>,12,2,[1 8],13,13,15,0,13
1,<environment.Job instance at 0x7f9096d99fa0>,8,12,[8 5],9,17,29,8,17
1,<environment.Job instance at 0x7f9096d99780>,13,16,[6 3],14,17,33,3,17
1,<environment.Job instance at 0x7f9097aa3410>,23,2,[6 3],24,29,31,5,29
1,<environment.Job instance at 0x7f90972bd550>,24,2,[3 8],25,29,31,4,29
1,<environment.Job instance at 0x7f90971ec410>,27,13,[1 9],28,31,44,3,31
1,<environment.Job instance at 0x7f9096d99dc0>,4,19,[8 2],5,31,50,26,31
1,<environment.Job instance at 0x7f9097d5fb40>,31,2,[1 8],32,44,46,12,44
1,<environment.Job instance at 0x7f9097ac0690>,29,13,[5 5],30,44,57,14,44
1,<environment.Job instance at 0x7f90a0e16cd0>,35,13,[6 4],36,50,63,14,50
1,<environment.Job instance at 0x7f9096d99b90>,6,17,[7 4],7,57,74,50,57
1,<environment.Job instance at 0x7f9097aa3a00>,22,17,[8 5],23,63,80,40,63
1,<environment.Job instance at 0x7f9097b0d910>,39,18,[2 9],40,74,92,34,74
1,<environment.Job instance at 0x7f90a0e16820>,41,13,[6 5],42,80,93,38,80
1,<environment.Job instance at 0x7f909788a5f0>,44,3,[2 7],45,92,95,47,92
1,<environment.Job instance at 0x7f90a0e16c80>,36,14,[10  3],37,93,107,56,93
1,<environment.Job instance at 0x7f9097b762d0>,48,1,[6 3],49,107,108,58,107
1,<environment.Job instance at 0x7f9097b76f50>,50,1,[1 9],51,107,108,56,107
1,<environment.Job instance at 0x7f90978ecf00>,52,3,[8 5],53,108,111,55,108
1,<environment.Job instance at 0x7f9097e52f50>,55,3,[9 2],56,111,114,55,111
1,<environment.Job instance at 0x7f9097555cd0>,56,14,[5 9],57,111,125,54,111
1,<environment.Job instance at 0x7f9097555be0>,58,12,[2 5],59,114,126,55,114
1,<environment.Job instance at 0x7f9097824f50>,47,15,[9 5],48,125,140,77,125
1,<environment.Job instance at 0x7f9097555c80>,60,1,[2 9],61,126,127,65,126
1,<environment.Job instance at 0x7f9097555280>,59,16,[6 5],60,127,143,67,127
1,<environment.Job instance at 0x7f9097555230>,65,3,[2 6],66,140,143,74,140
1,<environment.Job instance at 0x7f90982e1f00>,32,16,[10  3],33,143,159,110,143
1,<environment.Job instance at 0x7f909821ee10>,67,18,[5 9],68,143,161,75,143
1,<environment.Job instance at 0x7f9097c31f00>,2,13,[3 6],3,3,16,0,3
1,<environment.Job instance at 0x7f90982f8960>,9,1,[3 7],10,10,11,0,10
1,<environment.Job instance at 0x7f90982cacd0>,12,2,[ 1 14],13,16,18,3,13
1,<environment.Job instance at 0x7f90982f2730>,14,15,[9 1],15,15,30,0,15
1,<environment.Job instance at 0x7f9098301910>,19,14,[3 7],20,20,34,0,20
1,<environment.Job instance at 0x7f9098301a50>,21,3,[5 5],22,30,33,8,22
1,<environment.Job instance at 0x7f90983017d0>,22,13,[1 5],23,33,46,10,23
1,<environment.Job instance at 0x7f90982f8410>,26,20,[7 1],27,70,90,43,70
1,<environment.Job instance at 0x7f909761c190>,29,18,[ 2 10],30,71,89,41,71
1,<environment.Job instance at 0x7f9097201a50>,30,16,[14  3],31,90,106,59,77
1,<environment.Job instance at 0x7f9097c4c820>,0,18,[7 1],1,1,19,0,1
1,<environment.Job instance at 0x7f90a0e17820>,1,16,[1 8],2,2,18,0,2
1,<environment.Job instance at 0x7f90978ebdc0>,2,13,[3 6],3,3,16,0,3
1,<environment.Job instance at 0x7f9097c68190>,9,1,[3 7],10,18,19,8,18
1,<environment.Job instance at 0x7f9097c68c30>,14,15,[9 1],15,19,34,4,19
1,<environment.Job instance at 0x7f9097afa2d0>,18,17,[5 5],19,19,36,0,19
1,<environment.Job instance at 0x7f9097914a50>,21,3,[5 5],22,34,37,12,34
1,<environment.Job instance at 0x7f909792a5a0>,22,13,[1 5],23,34,47,11,34
1,<environment.Job instance at 0x7f9097914780>,20,15,[9 4],21,36,51,15,36
1,<environment.Job instance at 0x7f9097914140>,19,14,[3 7],20,47,61,27,47
1,<environment.Job instance at 0x7f90978670a0>,32,14,[6 5],33,51,65,18,51
1,<environment.Job instance at 0x7f909779b640>,33,1,[7 2],34,61,62,27,61
1,<environment.Job instance at 0x7f9097e17410>,28,16,[4 9],29,62,78,33,62
1,<environment.Job instance at 0x7f909779beb0>,34,15,[10  3],35,65,80,30,65
1,<environment.Job instance at 0x7f90978eb870>,3,18,[ 3 10],4,78,96,74,78
1,<environment.Job instance at 0x7f9097852960>,37,13,[9 4],38,80,93,42,80
1,<environment.Job instance at 0x7f90979f70a0>,44,3,[6 1],45,93,96,48,93
1,<environment.Job instance at 0x7f90978525f0>,40,15,[4 5],41,97,112,56,97
1,<environment.Job instance at 0x7f90979f7cd0>,48,16,[ 5 10],49,97,113,48,97
1,<environment.Job instance at 0x7f90979f7820>,45,16,[4 5],46,112,128,66,112
1,<environment.Job instance at 0x7f9097ea50f0>,50,16,[9 2],51,113,129,62,113
1,<environment.Job instance at 0x7f9097852910>,42,21,[1 6],43,113,134,70,113
1,<environment.Job instance at 0x7f9097ea5640>,53,12,[4 6],54,128,140,74,128
1,<environment.Job instance at 0x7f9097ea5780>,49,18,[7 3],50,129,147,79,129
1,<environment.Job instance at 0x7f9097ea5cd0>,52,2,[5 8],53,141,143,88,141
1,<environment.Job instance at 0x7f90978022d0>,60,2,[1 6],61,143,145,82,143
1,<environment.Job instance at 0x7f9097802230>,54,21,[6 4],55,143,164,88,143
1,<environment.Job instance at 0x7f90978d7be0>,68,12,[6 2],69,147,159,78,147
1,<environment.Job instance at 0x7f90978d7550>,70,16,[3 7],71,147,163,76,147
1,<environment.Job instance at 0x7f90975c7a00>,2,3,[ 4 11],3,3,6,0,3
1,<environment.Job instance at 0x7f90975c74b0>,6,2,[10  5],7,7,9,0,7
1,<environment.Job instance at 0x7f90975c7fa0>,5,2,[ 4 13],6,9,11,3,8
1,<environment.Job instance at 0x7f90975c70f0>,9,14,[1 7],10,11,25,1,10
1,<environment.Job instance at 0x7f90975baeb0>,15,2,[ 1 12],16,25,27,9,16
1,<environment.Job instance at 0x7f90975ba640>,16,13,[1 5],17,27,40,10,17
1,<environment.Job instance at 0x7f90975ba280>,17,15,[ 5 10],18,27,42,9,21
1,<environment.Job instance at 0x7f90975ba2d0>,18,28,[6 4],19,66,94,47,66
1,<environment.Job instance at 0x7f9098303af0>,1,15,[10  4],2,2,17,0,2
1,<environment.Job instance at 0x7f9097aa3cd0>,9,14,[1 7],10,10,24,0,10
1,<environment.Job instance at 0x7f90a0e7e780>,6,2,[10  5],7,17,19,10,17
1,<environment.Job instance at 0x7f90979f71e0>,16,13,[1 5],17,19,32,2,19
1,<environment.Job instance at 0x7f9097914780>,22,13,[5 8],23,24,37,1,24
1,<environment.Job instance at 0x7f9097e58d20>,20,14,[9 5],21,32,46,11,32
1,<environment.Job instance at 0x7f90977fb8c0>,17,15,[ 5 10],18,37,52,19,37
1,<environment.Job instance at 0x7f90975c7780>,27,12,[6 3],28,46,58,18,46
1,<environment.Job instance at 0x7f90975c7d70>,28,15,[ 5 10],29,52,67,23,52
1,<environment.Job instance at 0x7f90975f6820>,10,17,[9 4],11,58,75,47,58
1,<environment.Job instance at 0x7f90971da640>,32,16,[ 4 10],33,67,83,34,67
1,<environment.Job instance at 0x7f90971da9b0>,33,3,[5 2],34,75,78,41,75
1,<environment.Job instance at 0x7f90975bae10>,23,18,[9 4],24,78,96,54,78
1,<environment.Job instance at 0x7f90978f9e60>,36,1,[4 6],37,83,84,46,83
1,<environment.Job instance at 0x7f90978f9d70>,40,16,[2 8],41,84,100,43,84
1,<environment.Job instance at 0x7f90978f91e0>,41,2,[5 6],42,96,98,54,96
1,<environment.Job instance at 0x7f90978f9640>,45,13,[5 1],46,96,109,50,96
1,<environment.Job instance at 0x7f90978f9910>,47,13,[6 3],48,98,111,50,98
1,<environment.Job instance at 0x7f90978f9190>,48,3,[1 5],49,100,103,51,100
1,<environment.Job instance at 0x7f90978f9c30>,51,3,[2 7],52,103,106,51,103
1,<environment.Job instance at 0x7f90971ec3c0>,12,18,[4 8],13,106,124,93,106
1,<environment.Job instance at 0x7f90978f9cd0>,52,1,[10  4],53,111,112,58,111
1,<environment.Job instance at 0x7f90971da230>,29,17,[5 7],30,112,129,82,112
1,<environment.Job instance at 0x7f90978f95a0>,53,3,[3 8],54,124,127,70,124
1,<environment.Job instance at 0x7f909724cfa0>,58,16,[1 5],59,127,143,68,127
1,<environment.Job instance at 0x7f909724c550>,61,13,[9 3],62,127,140,65,127
1,<environment.Job instance at 0x7f909724ccd0>,55,17,[3 6],56,129,146,73,129
1,<environment.Job instance at 0x7f90978f9aa0>,37,18,[9 4],38,140,158,102,140
1,<environment.Job instance at 0x7f909724c3c0>,64,13,[6 5],65,146,159,81,146
1,<environment.Job instance at 0x7f90971f1870>,2,14,[7 2],3,3,17,0,3
1,<environment.Job instance at 0x7f909720ee10>,4,14,[7 2],5,5,19,0,5
1,<environment.Job instance at 0x7f9096d76f00>,5,12,[6 1],6,17,29,11,6
1,<environment.Job instance at 0x7f9096d76af0>,6,2,[9 2],7,19,21,12,7
1,<environment.Job instance at 0x7f9096d76b90>,7,2,[6 3],8,21,23,13,8
1,<environment.Job instance at 0x7f90971e2500>,12,14,[5 4],13,23,37,10,13
1,<environment.Job instance at 0x7f90971e25a0>,16,12,[10  1],17,29,41,12,17
1,<environment.Job instance at 0x7f90971e2730>,19,2,[5 5],20,37,39,17,20
1,<environment.Job instance at 0x7f9097bb95f0>,21,2,[8 4],22,41,43,19,22
1,<environment.Job instance at 0x7f9098186f00>,22,1,[13  4],23,43,44,20,23
1,<environment.Job instance at 0x7f9097bc7c30>,23,12,[5 9],24,44,56,20,27
1,<environment.Job instance at 0x7f90971e8cd0>,28,2,[8 1],29,44,46,15,30
1,<environment.Job instance at 0x7f9097759d20>,24,12,[6 4],25,46,58,21,32
1,<environment.Job instance at 0x7f90971e8e10>,31,3,[2 5],32,39,42,7,32
1,<environment.Job instance at 0x7f9096d76d70>,10,14,[3 8],11,58,72,47,58
1,<environment.Job instance at 0x7f90971e8410>,32,2,[1 6],33,59,61,26,59
1,<environment.Job instance at 0x7f90971e8280>,33,16,[11  3],34,88,104,54,88
1,<environment.Job instance at 0x7f90971e88c0>,30,15,[ 2 13],31,121,136,90,121
1,<environment.Job instance at 0x7f90971e8e60>,34,25,[6 2],35,121,146,86,121
1,<environment.Job instance at 0x7f90971e85f0>,36,23,[8 2],37,136,159,99,134
1,<environment.Job instance at 0x7f90971e8af0>,35,17,[13  1],36,159,176,123,148
1,<environment.Job instance at 0x7f9097180b40>,2,14,[7 2],3,3,17,0,3
1,<environment.Job instance at 0x7f90971802d0>,4,14,[7 2],5,5,19,0,5
1,<environment.Job instance at 0x7f9097180320>,7,2,[6 3],8,17,19,9,17
1,<environment.Job instance at 0x7f90971804b0>,6,2,[9 2],7,19,21,12,19
1,<environment.Job instance at 0x7f9097180050>,5,12,[6 1],6,19,31,13,19
1,<environment.Job instance at 0x7f90978ee370>,13,12,[ 3 10],14,21,33,7,21
1,<environment.Job instance at 0x7f90978ee460>,12,14,[5 4],13,21,35,8,21
1,<environment.Job instance at 0x7f90978eeb90>,16,12,[10  1],17,33,45,16,33
1,<environment.Job instance at 0x7f90978eed20>,19,2,[5 5],20,35,37,15,35
1,<environment.Job instance at 0x7f9097180dc0>,10,14,[3 8],11,37,51,26,37
1,<environment.Job instance at 0x7f90978eecd0>,21,2,[8 4],22,45,47,23,45
1,<environment.Job instance at 0x7f90978ee230>,24,12,[6 4],25,47,59,22,47
1,<environment.Job instance at 0x7f90978ee0a0>,23,12,[5 9],24,51,63,27,51
1,<environment.Job instance at 0x7f90978fce10>,28,2,[8 1],29,59,61,30,59
1,<environment.Job instance at 0x7f90978fcb40>,31,3,[2 5],32,59,62,27,59
1,<environment.Job instance at 0x7f90978fc7d0>,32,2,[1 6],33,62,64,29,62
1,<environment.Job instance at 0x7f90978fc140>,38,1,[6 4],39,63,64,24,63
1,<environment.Job instance at 0x7f90978ee780>,11,16,[6 5],12,63,79,51,63
1,<environment.Job instance at 0x7f90978ee6e0>,18,16,[9 2],19,64,80,45,64
1,<environment.Job instance at 0x7f909724ce60>,44,12,[4 8],45,79,91,34,79
1,<environment.Job instance at 0x7f90973743c0>,9,15,[10  1],10,80,95,70,80
1,<environment.Job instance at 0x7f909724c320>,47,18,[5 9],48,91,109,43,91
1,<environment.Job instance at 0x7f909724c4b0>,49,14,[7 4],50,95,109,45,95
1,<environment.Job instance at 0x7f909724c910>,52,16,[5 4],53,109,125,56,109
1,<environment.Job instance at 0x7f909724cb90>,54,3,[6 2],55,109,112,54,109
1,<environment.Job instance at 0x7f909724c0f0>,55,1,[6 3],56,112,113,56,112
1,<environment.Job instance at 0x7f909724c780>,57,2,[5 4],58,113,115,55,113
1,<environment.Job instance at 0x7f909724c500>,53,17,[ 2 10],54,115,132,61,115
1,<environment.Job instance at 0x7f90978fccd0>,27,17,[9 2],28,125,142,97,125
1,<environment.Job instance at 0x7f909724ccd0>,61,14,[5 5],62,133,147,71,133
1,<environment.Job instance at 0x7f90978f9280>,64,16,[6 1],65,142,158,77,142
1,<environment.Job instance at 0x7f90978f9500>,67,18,[1 5],68,142,160,74,142
1,<environment.Job instance at 0x7f90978f9640>,69,12,[6 3],70,147,159,77,147
1,<environment.Job instance at 0x7f9097ae95f0>,1,1,[10  1],2,2,3,0,2
1,<environment.Job instance at 0x7f9097ae92d0>,2,1,[10  1],3,3,4,0,3
1,<environment.Job instance at 0x7f90977511e0>,0,20,[4 9],1,1,21,0,1
1,<environment.Job instance at 0x7f90971da1e0>,1,1,[10  1],2,2,3,0,2
1,<environment.Job instance at 0x7f90971da230>,2,1,[10  1],3,3,4,0,3
1,<environment.Job instance at 0x7f9096f66f50>,4,18,[5 4],5,5,23,0,5
1,<environment.Job instance at 0x7f90971daa00>,7,13,[7 2],8,21,34,13,21
1,<environment.Job instance at 0x7f90978f94b0>,14,16,[4 7],15,23,39,8,23
1,<environment.Job instance at 0x7f90978f9dc0>,15,12,[9 1],16,34,46,18,34
1,<environment.Job instance at 0x7f90978f9690>,22,13,[5 5],23,39,52,16,39
1,<environment.Job instance at 0x7f90978f9f50>,26,3,[7 5],27,46,49,19,46
1,<environment.Job instance at 0x7f90978f9a00>,24,14,[ 3 10],25,49,63,24,49
1,<environment.Job instance at 0x7f90978f95f0>,27,15,[7 2],28,52,67,24,52
1,<environment.Job instance at 0x7f909724ccd0>,28,1,[4 7],29,63,64,34,63
1,<environment.Job instance at 0x7f909724c820>,34,12,[ 1 10],35,64,76,29,64
1,<environment.Job instance at 0x7f90978f0320>,5,17,[7 2],6,64,81,58,64
1,<environment.Job instance at 0x7f909724c050>,38,15,[5 1],39,67,82,28,67
1,<environment.Job instance at 0x7f909724cc30>,36,15,[1 8],37,76,91,39,76
1,<environment.Job instance at 0x7f909724c410>,39,13,[5 2],40,81,94,41,81
1,<environment.Job instance at 0x7f909724c4b0>,40,1,[10  2],41,91,92,50,91
1,<environment.Job instance at 0x7f90975cc5f0>,45,13,[8 1],46,92,105,46,92
1,<environment.Job instance at 0x7f9097ae9b90>,50,2,[1 5],51,92,94,41,92
1,<environment.Job instance at 0x7f9097ae93c0>,49,14,[6 1],50,94,108,44,94
1,<environment.Job instance at 0x7f9097669d20>,47,18,[1 9],48,94,112,46,94
1,<environment.Job instance at 0x7f90981dcc80>,54,14,[7 5],55,105,119,50,105
1,<environment.Job instance at 0x7f90981dcb90>,52,17,[3 7],53,112,129,59,112
1,<environment.Job instance at 0x7f90981dcc30>,53,3,[10  2],54,119,122,65,119
1,<environment.Job instance at 0x7f90978f9be0>,11,15,[10  5],12,122,137,110,122
1,<environment.Job instance at 0x7f90981dcdc0>,59,14,[ 1 10],60,130,144,70,130
1,<environment.Job instance at 0x7f90981dc780>,58,18,[5 5],59,137,155,78,137
1,<environment.Job instance at 0x7f90981dca50>,57,18,[2 9],58,145,163,87,145
1,<environment.Job instance at 0x7f9096be40a0>,6,14,[3 9],7,11,25,4,11
1,<environment.Job instance at 0x7f9096be4f00>,11,16,[ 1 10],12,25,41,13,12
1,<environment.Job instance at 0x7f9096be41e0>,13,1,[9 3],14,14,15,0,14
1,<environment.Job instance at 0x7f9096be4730>,14,12,[9 2],15,15,27,0,15
1,<environment.Job instance at 0x7f90983684b0>,7,12,[10  1],8,29,41,21,29
1,<environment.Job instance at 0x7f9096be4a00>,17,2,[1 8],18,41,43,23,29
1,<environment.Job instance at 0x7f9096be4280>,8,17,[4 7],9,45,62,36,45
1,<environment.Job instance at 0x7f9096be4820>,19,16,[7 4],20,50,66,30,50
1,<environment.Job instance at 0x7f9097f64960>,6,14,[3 9],7,7,21,0,7
1,<environment.Job instance at 0x7f9097f64550>,7,12,[10  1],8,8,20,0,8
1,<environment.Job instance at 0x7f9097752dc0>,13,1,[9 3],14,20,21,6,20
1,<environment.Job instance at 0x7f9097752460>,17,2,[1 8],18,21,23,3,21
1,<environment.Job instance at 0x7f9097752fa0>,14,12,[9 2],15,21,33,6,21
1,<environment.Job instance at 0x7f9097752410>,22,15,[3 6],23,23,38,0,23
1,<environment.Job instance at 0x7f90977523c0>,23,15,[1 7],24,24,39,0,24
1,<environment.Job instance at 0x7f9097fb8780>,29,1,[1 6],30,38,39,8,38
1,<environment.Job instance at 0x7f9097fb8f00>,31,13,[1 9],32,39,52,7,39
1,<environment.Job instance at 0x7f9097fb87d0>,32,12,[5 2],33,39,51,6,39
1,<environment.Job instance at 0x7f9097752190>,19,16,[7 4],20,39,55,19,39
1,<environment.Job instance at 0x7f90977fa320>,33,18,[7 1],34,51,69,17,51
1,<environment.Job instance at 0x7f9097752be0>,11,16,[ 1 10],12,52,68,40,52
1,<environment.Job instance at 0x7f9097abe7d0>,34,3,[7 5],35,68,71,33,68
1,<environment.Job instance at 0x7f9097f87730>,39,13,[1 9],40,68,81,28,68
1,<environment.Job instance at 0x7f9097882fa0>,43,16,[9 3],44,72,88,28,72
1,<environment.Job instance at 0x7f9097f87d20>,41,3,[2 7],42,81,84,39,81
1,<environment.Job instance at 0x7f909786f780>,48,14,[3 5],49,81,95,32,81
1,<environment.Job instance at 0x7f909788dcd0>,52,16,[2 7],53,84,100,31,84
1,<environment.Job instance at 0x7f90977dd960>,45,22,[6 3],46,88,110,42,88
1,<environment.Job instance at 0x7f9097f96910>,54,14,[2 6],55,100,114,45,100
1,<environment.Job instance at 0x7f909787b320>,57,15,[6 5],58,100,115,42,100
1,<environment.Job instance at 0x7f909787bdc0>,59,1,[5 5],60,114,115,54,114
1,<environment.Job instance at 0x7f909787beb0>,60,1,[8 2],61,115,116,54,115
1,<environment.Job instance at 0x7f9097752640>,8,17,[4 7],9,115,132,106,115
1,<environment.Job instance at 0x7f9097898f00>,64,1,[10  4],65,116,117,51,116
1,<environment.Job instance at 0x7f9097898140>,65,12,[5 1],66,117,129,51,117
1,<environment.Job instance at 0x7f909786f050>,47,17,[4 7],48,117,134,69,117
1,<environment.Job instance at 0x7f90978985f0>,67,12,[4 8],68,132,144,64,132
1,<environment.Job instance at 0x7f9097898e60>,69,2,[5 4],70,134,136,64,134
1,<environment.Job instance at 0x7f9097fb4c80>,70,12,[1 7],71,136,148,65,136
1,<environment.Job instance at 0x7f90978688c0>,56,18,[9 1],57,144,162,87,144
1,<environment.Job instance at 0x7f9097fb4a00>,73,12,[1 6],74,148,160,74,148
1,<environment.Job instance at 0x7f9097870e10>,74,17,[5 5],75,148,165,73,148
1,<environment.Job instance at 0x7f90977d4e60>,0,13,[3 9],1,1,14,0,1
1,<environment.Job instance at 0x7f90977d4230>,1,1,[2 5],2,2,3,0,2
1,<environment.Job instance at 0x7f90977d4eb0>,2,13,[3 7],3,14,27,11,3
1,<environment.Job instance at 0x7f90977d4320>,3,1,[14  4],4,27,28,23,4
1,<environment.Job instance at 0x7f90977d49b0>,5,1,[1 5],6,6,7,0,6
1,<environment.Job instance at 0x7f90977d4460>,9,2,[3 7],10,14,16,4,10
1,<environment.Job instance at 0x7f90979500a0>,12,14,[6 1],13,13,27,0,13
1,<environment.Job instance at 0x7f9097950690>,21,12,[9 1],22,28,40,6,22
1,<environment.Job instance at 0x7f9097950a50>,23,1,[5 6],24,24,25,0,24
1,<environment.Job instance at 0x7f9097950910>,29,13,[5 8],30,30,43,0,30
1,<environment.Job instance at 0x7f90979501e0>,27,20,[5 3],28,40,60,12,31
1,<environment.Job instance at 0x7f90a0969aa0>,31,3,[ 2 10],32,43,46,11,32
1,<environment.Job instance at 0x7f90a09692d0>,32,15,[2 5],33,46,61,13,33
1,<environment.Job instance at 0x7f9097950a00>,30,18,[6 2],31,43,61,12,35
1,<environment.Job instance at 0x7f90a0969140>,33,13,[2 7],34,60,73,26,44
1,<environment.Job instance at 0x7f90a0969af0>,35,1,[14  3],36,73,74,37,45
1,<environment.Job instance at 0x7f9097950e60>,25,15,[ 2 11],26,74,89,48,60
1,<environment.Job instance at 0x7f90a0969460>,37,20,[5 1],38,74,94,36,65
1,<environment.Job instance at 0x7f90979505a0>,26,22,[2 5],27,89,111,62,85
1,<environment.Job instance at 0x7f90a0969d70>,36,14,[11  1],37,94,108,57,86
1,<environment.Job instance at 0x7f9097845780>,0,13,[3 9],1,1,14,0,1
1,<environment.Job instance at 0x7f90bc710a00>,1,1,[2 5],2,2,3,0,2
1,<environment.Job instance at 0x7f909780bd20>,5,1,[1 5],6,6,7,0,6
1,<environment.Job instance at 0x7f90a0e7e780>,8,17,[9 4],9,9,26,0,9
1,<environment.Job instance at 0x7f90970aeeb0>,9,2,[3 7],10,14,16,4,14
1,<environment.Job instance at 0x7f909780ba00>,2,13,[3 7],3,16,29,13,16
1,<environment.Job instance at 0x7f90975ebaa0>,12,14,[6 1],13,26,40,13,26
1,<environment.Job instance at 0x7f9098319370>,11,14,[9 5],12,29,43,17,29
1,<environment.Job instance at 0x7f9097870eb0>,15,15,[1 8],16,40,55,24,40
1,<environment.Job instance at 0x7f90a0e4b2d0>,23,1,[5 6],24,43,44,19,43
1,<environment.Job instance at 0x7f90977e4b90>,21,12,[9 1],22,43,55,21,43
1,<environment.Job instance at 0x7f90975e7be0>,29,13,[5 8],30,55,68,25,55
1,<environment.Job instance at 0x7f9096cd0dc0>,30,18,[6 2],31,55,73,24,55
1,<environment.Job instance at 0x7f90970f8a50>,32,15,[2 5],33,55,70,22,55
1,<environment.Job instance at 0x7f9097398be0>,33,13,[2 7],34,68,81,34,68
1,<environment.Job instance at 0x7f90a7f571e0>,13,16,[3 8],14,74,90,60,74
1,<environment.Job instance at 0x7f9097e2d0a0>,37,20,[5 1],38,82,102,44,82
1,<environment.Job instance at 0x7f9097f83b40>,31,3,[ 2 10],32,90,93,58,90
1,<environment.Job instance at 0x7f90a0f58870>,34,22,[8 1],35,90,112,55,90
1,<environment.Job instance at 0x7f9096eeacd0>,41,12,[1 8],42,93,105,51,93
1,<environment.Job instance at 0x7f9098001910>,40,13,[3 7],41,105,118,64,105
1,<environment.Job instance at 0x7f9097129e60>,44,15,[2 7],45,105,120,60,105
1,<environment.Job instance at 0x7f9096d80eb0>,42,14,[7 4],43,118,132,75,118
1,<environment.Job instance at 0x7f9097129af0>,45,16,[3 5],46,120,136,74,120
1,<environment.Job instance at 0x7f9097e16eb0>,50,15,[7 2],51,132,147,81,132
1,<environment.Job instance at 0x7f9097a12460>,46,17,[2 7],47,132,149,85,132
1,<environment.Job instance at 0x7f9097464c80>,51,16,[10  4],52,147,163,95,147
1,<environment.Job instance at 0x7f9097b0c8c0>,7,17,[5 9],8,149,166,141,149
1,<environment.Job instance at 0x7f90a092b2d0>,1,1,[13  2],2,2,3,0,2
1,<environment.Job instance at 0x7f9096afe460>,3,16,[5 2],4,4,20,0,4
1,<environment.Job instance at 0x7f9097e0baa0>,5,2,[8 3],6,6,8,0,6
1,<environment.Job instance at 0x7f9096fe7a00>,6,14,[3 5],7,8,22,1,7
1,<environment.Job instance at 0x7f909765e190>,7,3,[ 4 10],8,20,23,12,8
1,<environment.Job instance at 0x7f909765e690>,10,3,[5 1],11,11,14,0,11
1,<environment.Job instance at 0x7f909765ea00>,12,14,[2 9],13,23,37,10,13
1,<environment.Job instance at 0x7f90970ae6e0>,14,1,[ 3 14],15,37,38,22,15
1,<environment.Job instance at 0x7f90970ae690>,19,1,[5 1],20,22,23,2,20
1,<environment.Job instance at 0x7f90970ae780>,21,1,[ 5 13],22,38,39,16,22
1,<environment.Job instance at 0x7f90970ae820>,23,18,[2 5],24,39,57,15,28
1,<environment.Job instance at 0x7f9097a822d0>,28,2,[7 4],29,29,31,0,29
1,<environment.Job instance at 0x7f9097b035a0>,26,15,[7 2],27,38,53,11,30
1,<environment.Job instance at 0x7f9097763dc0>,33,25,[ 2 10],34,54,79,20,54
1,<environment.Job instance at 0x7f9097763140>,34,2,[ 2 10],35,79,81,44,55
1,<environment.Job instance at 0x7f9097a82910>,31,15,[11  2],32,57,72,25,55
1,<environment.Job instance at 0x7f9097b034b0>,25,15,[2 5],26,72,87,46,59
1,<environment.Job instance at 0x7f9097763e60>,38,14,[4 5],39,81,95,42,66
1,<environment.Job instance at 0x7f90a09b3960>,0,18,[10  5],1,1,19,0,1
1,<environment.Job instance at 0x7f90978687d0>,3,16,[5 2],4,4,20,0,4
1,<environment.Job instance at 0x7f90971e2d20>,5,2,[8 3],6,19,21,13,19
1,<environment.Job instance at 0x7f9096ffdbe0>,7,3,[ 4 10],8,20,23,12,20
1,<environment.Job instance at 0x7f90a0b735a0>,10,3,[5 1],11,21,24,10,21
1,<environment.Job instance at 0x7f9096ffddc0>,6,14,[3 5],7,23,37,16,23
1,<environment.Job instance at 0x7f9096eec640>,12,14,[2 9],13,23,37,10,23
1,<environment.Job instance at 0x7f9096ffdd20>,9,15,[10  1],10,24,39,14,24
1,<environment.Job instance at 0x7f9096ee9460>,15,15,[ 1 10],16,37,52,21,37
1,<environment.Job instance at 0x7f9097829dc0>,19,1,[5 1],20,39,40,19,39
1,<environment.Job instance at 0x7f9097a73c80>,16,15,[7 1],17,39,54,22,39
1,<environment.Job instance at 0x7f9097a735a0>,17,16,[8 4],18,52,68,34,52
1,<environment.Job instance at 0x7f90978296e0>,25,15,[2 5],26,54,69,28,54
1,<environment.Job instance at 0x7f9097a73410>,18,17,[5 5],19,54,71,35,54
1,<environment.Job instance at 0x7f9097883910>,26,15,[7 2],27,68,83,41,68
1,<environment.Job instance at 0x7f9097829960>,23,18,[2 5],24,69,87,45,69
1,<environment.Job instance at 0x7f909786f190>,34,2,[ 2 10],35,83,85,48,83
1,<environment.Job instance at 0x7f9097883aa0>,28,2,[7 4],29,85,87,56,85
1,<environment.Job instance at 0x7f909786f7d0>,38,14,[4 5],39,85,99,46,85
1,<environment.Job instance at 0x7f909788da00>,45,1,[6 4],46,87,88,41,87
1,<environment.Job instance at 0x7f909788d780>,46,13,[5 2],47,87,100,40,87
1,<environment.Job instance at 0x7f909788d190>,44,17,[2 8],45,88,105,43,88
1,<environment.Job instance at 0x7f909788d960>,48,15,[9 5],49,100,115,51,100
1,<environment.Job instance at 0x7f909788d2d0>,49,14,[1 7],50,105,119,55,105
1,<environment.Job instance at 0x7f90a0b73500>,11,17,[9 5],12,115,132,103,115
1,<environment.Job instance at 0x7f909788d370>,53,3,[6 4],54,119,122,65,119
1,<environment.Job instance at 0x7f909788dfa0>,47,17,[2 8],48,122,139,74,122
1,<environment.Job instance at 0x7f9097882a00>,56,12,[1 7],57,132,144,75,132
1,<environment.Job instance at 0x7f9097d85d20>,58,2,[5 3],59,139,141,80,139
1,<environment.Job instance at 0x7f9097882230>,54,13,[9 1],55,139,152,84,139
1,<environment.Job instance at 0x7f9097335a00>,59,13,[5 6],60,142,155,82,142
1,<environment.Job instance at 0x7f909788d730>,41,18,[1 7],42,144,162,102,144
1,<environment.Job instance at 0x7f9097bd3e60>,3,13,[5 1],4,4,17,0,4
1,<environment.Job instance at 0x7f9097bd30a0>,6,12,[3 5],7,7,19,0,7
1,<environment.Job instance at 0x7f9097bd3370>,10,2,[3 9],11,11,13,0,11
1,<environment.Job instance at 0x7f9097bd3140>,12,22,[6 2],13,13,35,0,13
1,<environment.Job instance at 0x7f9096e3f690>,19,18,[7 3],20,23,41,3,23
1,<environment.Job instance at 0x7f9096e3f230>,22,14,[1 6],23,24,38,1,24
1,<environment.Job instance at 0x7f9096e3faa0>,21,13,[4 8],22,38,51,16,25
1,<environment.Job instance at 0x7f9096e3ffa0>,26,13,[1 6],27,41,54,14,27
1,<environment.Job instance at 0x7f9096e3f730>,27,2,[11  4],28,51,53,23,28
1,<environment.Job instance at 0x7f9096e3f320>,32,2,[7 5],33,53,55,20,37
1,<environment.Job instance at 0x7f9096e3f5a0>,31,16,[ 2 10],32,54,70,22,43
1,<environment.Job instance at 0x7f9096c56fa0>,40,1,[8 1],41,55,56,14,54
1,<environment.Job instance at 0x7f9096c56460>,41,12,[8 3],42,56,68,14,56
1,<environment.Job instance at 0x7f9096e3f370>,13,16,[ 4 14],14,70,86,56,57
1,<environment.Job instance at 0x7f9096c562d0>,54,1,[14  4],55,86,87,31,69
1,<environment.Job instance at 0x7f9096c56cd0>,53,2,[ 4 10],54,87,89,33,69
1,<environment.Job instance at 0x7f90a09bbc80>,57,3,[7 3],58,87,90,29,73
1,<environment.Job instance at 0x7f9096c56e60>,46,13,[1 6],47,89,102,42,73
1,<environment.Job instance at 0x7f90a09bbaf0>,62,1,[2 6],63,89,90,26,73
1,<environment.Job instance at 0x7f90a09bb9b0>,68,3,[ 4 13],69,102,105,33,76
1,<environment.Job instance at 0x7f909829be60>,75,15,[5 1],76,90,105,14,76
1,<environment.Job instance at 0x7f909829b780>,76,12,[2 7],77,90,102,13,77
1,<environment.Job instance at 0x7f9097883050>,0,17,[2 8],1,1,18,0,1
1,<environment.Job instance at 0x7f9097883a50>,2,12,[10  3],3,3,15,0,3
1,<environment.Job instance at 0x7f9097883910>,6,12,[3 5],7,15,27,8,15
1,<environment.Job instance at 0x7f9097883190>,3,13,[5 1],4,15,28,11,15
1,<environment.Job instance at 0x7f9096ea6460>,10,2,[3 9],11,18,20,7,18
1,<environment.Job instance at 0x7f909778b6e0>,8,18,[5 3],9,20,38,11,20
1,<environment.Job instance at 0x7f909778a230>,15,15,[ 1 10],16,27,42,11,27
1,<environment.Job instance at 0x7f9097a60820>,5,13,[9 5],6,38,51,32,38
1,<environment.Job instance at 0x7f9098161050>,21,13,[4 8],22,42,55,20,42
1,<environment.Job instance at 0x7f909777ec30>,7,13,[9 3],8,51,64,43,51
1,<environment.Job instance at 0x7f9097ce9d70>,26,13,[1 6],27,55,68,28,55
1,<environment.Job instance at 0x7f9097ce96e0>,22,14,[1 6],23,55,69,32,55
1,<environment.Job instance at 0x7f9097ce92d0>,29,12,[9 1],30,64,76,34,64
1,<environment.Job instance at 0x7f9097ce99b0>,25,15,[5 9],26,69,84,43,69
1,<environment.Job instance at 0x7f9097a3f410>,32,2,[7 5],33,76,78,43,76
1,<environment.Job instance at 0x7f9097cbf3c0>,33,15,[10  1],34,78,93,44,78
1,<environment.Job instance at 0x7f909738dc80>,37,15,[1 7],38,84,99,46,84
1,<environment.Job instance at 0x7f9097cbf1e0>,36,12,[10  3],37,93,105,56,93
1,<environment.Job instance at 0x7f9097a3ffa0>,31,16,[ 2 10],32,99,115,67,99
1,<environment.Job instance at 0x7f9097d0f5a0>,40,1,[8 1],41,105,106,64,105
1,<environment.Job instance at 0x7f9096ea8a00>,41,12,[8 3],42,106,118,64,106
1,<environment.Job instance at 0x7f9097cc9fa0>,44,16,[4 7],45,115,131,70,115
1,<environment.Job instance at 0x7f9097d16690>,46,13,[1 6],47,118,131,71,118
1,<environment.Job instance at 0x7f909778b370>,9,15,[9 3],10,132,147,122,132
1,<environment.Job instance at 0x7f909814e8c0>,53,2,[ 4 10],54,132,134,78,132
1,<environment.Job instance at 0x7f9097cbda00>,55,12,[3 8],56,134,146,78,134
1,<environment.Job instance at 0x7f909777a7d0>,56,17,[3 9],57,146,163,89,146
1,<environment.Job instance at 0x7f909777adc0>,57,3,[7 3],58,147,150,89,147
1,<environment.Job instance at 0x7f909777ee60>,2,1,[9 3],3,3,4,0,3
1,<environment.Job instance at 0x7f909777e6e0>,9,14,[7 1],10,10,24,0,10
1,<environment.Job instance at 0x7f9097cc72d0>,10,14,[ 2 11],11,11,25,0,11
1,<environment.Job instance at 0x7f9097cc7370>,11,16,[5 5],12,25,41,13,16
1,<environment.Job instance at 0x7f9097be8730>,18,18,[1 7],19,25,43,6,20
1,<environment.Job instance at 0x7f9097be8cd0>,16,14,[11  2],17,41,55,24,27
1,<environment.Job instance at 0x7f9097be8640>,20,14,[7 4],21,55,69,34,41
1,<environment.Job instance at 0x7f9097be8e60>,21,17,[ 4 10],22,45,62,23,45
1,<environment.Job instance at 0x7f9097be8d70>,22,1,[6 3],23,62,63,39,45
1,<environment.Job instance at 0x7f9097be8140>,23,2,[ 4 11],24,63,65,39,45
1,<environment.Job instance at 0x7f9097be8370>,19,13,[ 1 13],20,69,82,49,57
1,<environment.Job instance at 0x7f9097cc74b0>,14,18,[11  2],15,69,87,54,58
1,<environment.Job instance at 0x7f9097be8280>,24,23,[ 2 11],25,82,105,57,76
1,<environment.Job instance at 0x7f9097be87d0>,27,15,[5 1],28,87,102,59,76
1,<environment.Job instance at 0x7f9097be8b90>,28,2,[10  1],29,102,104,73,76
1,<environment.Job instance at 0x7f9097be83c0>,29,13,[6 1],30,87,100,57,76
1,<environment.Job instance at 0x7f9097bb6640>,30,12,[ 4 10],31,105,117,74,88
1,<environment.Job instance at 0x7f9097bb6910>,34,2,[13  2],35,117,119,82,90
1,<environment.Job instance at 0x7f9097bb6cd0>,35,14,[4 7],36,119,133,83,104
1,<environment.Job instance at 0x7f9097bb6d70>,36,1,[10  5],37,105,106,68,104
1,<environment.Job instance at 0x7f9097be8460>,25,18,[5 3],26,119,137,93,108
1,<environment.Job instance at 0x7f9097bb6b90>,40,28,[1 5],41,109,137,68,109
1,<environment.Job instance at 0x7f9097bb66e0>,41,1,[9 5],42,133,134,91,109
1,<environment.Job instance at 0x7f9097bb6aa0>,42,3,[ 5 11],43,137,140,94,111
1,<environment.Job instance at 0x7f9097bb6370>,43,13,[12  1],44,140,153,96,124
1,<environment.Job instance at 0x7f9097bb61e0>,38,26,[2 5],39,140,166,101,137
1,<environment.Job instance at 0x7f9097bb69b0>,44,20,[8 1],45,153,173,108,145
1,<environment.Job instance at 0x7f9097cae7d0>,48,18,[5 5],49,153,171,104,145
1,<environment.Job instance at 0x7f9098225e10>,0,17,[3 6],1,1,18,0,1
1,<environment.Job instance at 0x7f9098225140>,2,1,[9 3],3,3,4,0,3
1,<environment.Job instance at 0x7f909821acd0>,6,19,[8 2],7,7,26,0,7
1,<environment.Job instance at 0x7f90982115a0>,9,14,[7 1],10,18,32,8,18
1,<environment.Job instance at 0x7f9098228410>,11,16,[5 5],12,26,42,14,26
1,<environment.Job instance at 0x7f90981556e0>,17,17,[2 5],18,26,43,8,26
1,<environment.Job instance at 0x7f9098137b90>,20,14,[7 4],21,32,46,11,32
1,<environment.Job instance at 0x7f90981f5aa0>,22,1,[6 3],23,42,43,19,42
1,<environment.Job instance at 0x7f9098225fa0>,1,17,[ 4 10],2,43,60,41,43
1,<environment.Job instance at 0x7f909776aaf0>,28,2,[10  1],29,46,48,17,46
1,<environment.Job instance at 0x7f909778a230>,29,13,[6 1],30,48,61,18,48
1,<environment.Job instance at 0x7f9097d0f5a0>,27,15,[5 1],28,48,63,20,48
1,<environment.Job instance at 0x7f90981619b0>,30,12,[ 4 10],31,60,72,29,60
1,<environment.Job instance at 0x7f9098161050>,31,17,[6 1],32,61,78,29,61
1,<environment.Job instance at 0x7f9096ea8a00>,25,18,[5 3],26,63,81,37,63
1,<environment.Job instance at 0x7f909778b0a0>,35,14,[4 7],36,72,86,36,72
1,<environment.Job instance at 0x7f9097cc7320>,41,1,[9 5],42,81,82,39,81
1,<environment.Job instance at 0x7f909778b370>,36,1,[10  5],37,83,84,46,83
1,<environment.Job instance at 0x7f9097bbc690>,33,15,[5 8],34,84,99,50,84
1,<environment.Job instance at 0x7f9097044af0>,48,18,[5 5],49,86,104,37,86
1,<environment.Job instance at 0x7f9097cfb140>,21,17,[ 4 10],22,101,118,79,101
1,<environment.Job instance at 0x7f9097ce4f00>,58,21,[9 4],59,105,126,46,105
1,<environment.Job instance at 0x7f9098155820>,18,18,[1 7],19,118,136,99,118
1,<environment.Job instance at 0x7f9097cd7cd0>,66,16,[2 7],67,127,143,60,127
1,<environment.Job instance at 0x7f9097cd7140>,67,19,[5 1],68,127,146,59,127
1,<environment.Job instance at 0x7f9097a60fa0>,63,21,[7 3],64,136,157,72,136
1,<environment.Job instance at 0x7f9097cd75a0>,69,12,[3 8],70,143,155,73,143
1,<environment.Job instance at 0x7f9097cc9fa0>,72,2,[5 2],73,146,148,73,146
1,<environment.Job instance at 0x7f9097eb4aa0>,2,18,[3 6],3,3,21,0,3
1,<environment.Job instance at 0x7f9097eb49b0>,3,12,[5 6],4,4,16,0,4
1,<environment.Job instance at 0x7f9097e96230>,13,13,[6 5],14,16,29,2,14
1,<environment.Job instance at 0x7f9097050aa0>,0,22,[10  4],1,1,23,0,1
1,<environment.Job instance at 0x7f9097050d20>,2,18,[3 6],3,3,21,0,3
1,<environment.Job instance at 0x7f9097c35320>,3,12,[5 6],4,21,33,17,21
1,<environment.Job instance at 0x7f9096bec2d0>,13,13,[6 5],14,23,36,9,23
1,<environment.Job instance at 0x7f9097be0b90>,22,13,[1 8],23,33,46,10,33
1,<environment.Job instance at 0x7f9096bec5f0>,12,16,[7 1],13,33,49,20,33
1,<environment.Job instance at 0x7f9097245c80>,18,15,[5 4],19,36,51,17,36
1,<environment.Job instance at 0x7f9097be0cd0>,23,18,[1 8],24,46,64,22,46
1,<environment.Job instance at 0x7f9096f921e0>,25,15,[8 2],26,49,64,23,49
1,<environment.Job instance at 0x7f9097357be0>,27,1,[1 7],28,64,65,36,64
1,<environment.Job instance at 0x7f909777e7d0>,28,12,[4 8],29,64,76,35,64
1,<environment.Job instance at 0x7f9097357640>,26,15,[8 5],27,65,80,38,65
1,<environment.Job instance at 0x7f9097a40190>,32,1,[5 5],33,76,77,43,76
1,<environment.Job instance at 0x7f9097be0d20>,21,15,[4 9],22,77,92,55,77
1,<environment.Job instance at 0x7f9097cc0690>,33,12,[9 4],34,80,92,46,80
1,<environment.Job instance at 0x7f9097cc9f00>,37,3,[6 3],38,92,95,54,92
1,<environment.Job instance at 0x7f9097cd7690>,39,15,[5 7],40,92,107,52,92
1,<environment.Job instance at 0x7f9097cc9050>,36,15,[5 2],37,95,110,58,95
1,<environment.Job instance at 0x7f9097a60370>,45,13,[ 3 10],46,107,120,61,107
1,<environment.Job instance at 0x7f9097a60eb0>,47,3,[7 3],48,107,110,59,107
1,<environment.Job instance at 0x7f9097ce4e10>,48,14,[10  3],49,110,124,61,110
1,<environment.Job instance at 0x7f9097cd76e0>,43,14,[4 9],44,120,134,76,120
1,<environment.Job instance at 0x7f909777ea00>,30,16,[10  3],31,124,140,93,124
1,<environment.Job instance at 0x7f9097cdf1e0>,54,14,[3 7],55,134,148,79,134
1,<environment.Job instance at 0x7f90981430f0>,19,17,[7 5],20,140,157,120,140
1,<environment.Job instance at 0x7f9097caea50>,57,12,[3 7],58,148,160,90,148
1,<environment.Job instance at 0x7f90970c6d70>,0,13,[2 8],1,1,14,0,1
1,<environment.Job instance at 0x7f90974d8e10>,2,3,[5 5],3,3,6,0,3
1,<environment.Job instance at 0x7f90974d80f0>,3,15,[5 1],4,4,19,0,4
1,<environment.Job instance at 0x7f90974d8140>,4,23,[7 1],5,6,29,1,5
1,<environment.Job instance at 0x7f9097ef9410>,10,2,[5 1],11,19,21,8,11
1,<environment.Job instance at 0x7f9097e968c0>,11,2,[ 2 12],12,14,16,2,12
1,<environment.Job instance at 0x7f9097ea9960>,12,13,[ 3 11],13,16,29,3,13
1,<environment.Job instance at 0x7f9097ede050>,14,14,[5 4],15,29,43,14,15
1,<environment.Job instance at 0x7f9097ea9a00>,17,15,[5 5],18,29,44,11,18
1,<environment.Job instance at 0x7f90973d4820>,22,2,[12  3],23,44,46,21,23
1,<environment.Job instance at 0x7f90973d4b90>,19,12,[3 7],20,43,55,23,26
1,<environment.Job instance at 0x7f9097ef8230>,20,2,[12  4],21,46,48,25,30
1,<environment.Job instance at 0x7f9097601be0>,32,12,[6 3],33,48,60,15,35
1,<environment.Job instance at 0x7f90973da5a0>,40,2,[14  1],41,60,62,19,42
1,<environment.Job instance at 0x7f90973da280>,43,2,[6 2],44,48,50,4,44
1,<environment.Job instance at 0x7f90973da190>,44,14,[7 4],45,62,76,17,47
1,<environment.Job instance at 0x7f90973da230>,45,2,[ 1 12],46,55,57,9,47
1,<environment.Job instance at 0x7f90976010f0>,37,13,[10  1],38,136,149,98,136
1,<environment.Job instance at 0x7f90973dad70>,48,1,[5 7],49,136,137,87,136
1,<environment.Job instance at 0x7f90973da960>,49,23,[ 3 11],50,137,160,87,136
1,<environment.Job instance at 0x7f90973dadc0>,52,21,[6 2],53,149,170,96,141
1,<environment.Job instance at 0x7f9097600190>,56,3,[10  5],57,170,173,113,144
1,<environment.Job instance at 0x7f90973dac80>,54,13,[2 6],55,160,173,105,144
1,<environment.Job instance at 0x7f9098217d70>,0,13,[2 8],1,1,14,0,1
1,<environment.Job instance at 0x7f9098217d20>,2,3,[5 5],3,3,6,0,3
1,<environment.Job instance at 0x7f90982170a0>,3,15,[5 1],4,4,19,0,4
1,<environment.Job instance at 0x7f9097cdf500>,6,17,[4 6],7,7,24,0,7
1,<environment.Job instance at 0x7f9097ce4cd0>,10,2,[5 1],11,14,16,3,14
1,<environment.Job instance at 0x7f9097ce4e60>,14,14,[5 4],15,16,30,1,16
1,<environment.Job instance at 0x7f9097be0cd0>,17,15,[5 5],18,19,34,1,19
1,<environment.Job instance at 0x7f909745a230>,19,12,[3 7],20,30,42,10,30
1,<environment.Job instance at 0x7f9097cdfc80>,7,15,[10  5],8,34,49,26,34
1,<environment.Job instance at 0x7f909806a370>,23,16,[2 8],24,42,58,18,42
1,<environment.Job instance at 0x7f90a0e8faf0>,24,12,[3 6],25,49,61,24,49
1,<environment.Job instance at 0x7f90a0e8f910>,25,14,[7 2],26,58,72,32,58
1,<environment.Job instance at 0x7f9097be0230>,15,15,[7 5],16,61,76,45,61
1,<environment.Job instance at 0x7f9097be0b90>,13,17,[ 1 10],14,72,89,58,72
1,<environment.Job instance at 0x7f90982dcf00>,32,12,[6 3],33,76,88,43,76
1,<environment.Job instance at 0x7f90982dc0f0>,27,13,[10  2],28,88,101,60,88
1,<environment.Job instance at 0x7f90974e9320>,31,16,[1 9],32,89,105,57,89
1,<environment.Job instance at 0x7f9097901500>,36,13,[10  2],37,101,114,64,101
1,<environment.Job instance at 0x7f90982dc0a0>,33,16,[5 3],34,105,121,71,105
1,<environment.Job instance at 0x7f9097901960>,38,1,[1 8],39,114,115,75,114
1,<environment.Job instance at 0x7f90975c3a50>,18,17,[9 4],19,114,131,95,114
1,<environment.Job instance at 0x7f9097cc7f00>,43,2,[6 2],44,121,123,77,121
1,<environment.Job instance at 0x7f9097901780>,35,18,[2 8],36,123,141,87,123
1,<environment.Job instance at 0x7f9098228190>,48,1,[5 7],49,131,132,82,131
1,<environment.Job instance at 0x7f9097901320>,37,13,[10  1],38,132,145,94,132
1,<environment.Job instance at 0x7f90982286e0>,50,16,[1 9],51,141,157,90,141
1,<environment.Job instance at 0x7f90a0d71af0>,56,3,[10  5],57,145,148,88,145
1,<environment.Job instance at 0x7f9098228410>,54,13,[2 6],55,148,161,93,148
1,<environment.Job instance at 0x7f909725d960>,0,1,[7 5],1,1,2,0,1
1,<environment.Job instance at 0x7f909725d190>,1,2,[3 9],2,2,4,0,2
1,<environment.Job instance at 0x7f909725d910>,2,3,[7 4],3,3,6,0,3
1,<environment.Job instance at 0x7f90a0ce5f00>,14,2,[13  5],15,15,17,0,15
1,<environment.Job instance at 0x7f90a0ce5870>,19,12,[1 8],20,22,34,2,22
1,<environment.Job instance at 0x7f90a0ce51e0>,21,14,[3 7],22,23,37,1,23
1,<environment.Job instance at 0x7f90a0ce5500>,18,12,[6 1],19,34,46,15,23
1,<environment.Job instance at 0x7f90a0ce5640>,20,14,[6 4],21,34,48,13,24
1,<environment.Job instance at 0x7f90a0ce55a0>,23,15,[2 8],24,37,52,13,26
1,<environment.Job instance at 0x7f9097e58320>,26,3,[10  5],27,48,51,21,27
1,<environment.Job instance at 0x7f90a0ce5050>,25,12,[7 5],26,51,63,25,35
1,<environment.Job instance at 0x7f9097e588c0>,32,2,[4 9],33,52,54,19,38
1,<environment.Job instance at 0x7f9097e584b0>,30,12,[5 9],31,59,71,28,59
1,<environment.Job instance at 0x7f9097e58820>,35,1,[1 8],36,71,72,35,60
1,<environment.Job instance at 0x7f9098228aa0>,0,1,[7 5],1,1,2,0,1
1,<environment.Job instance at 0x7f9098228050>,1,2,[3 9],2,2,4,0,2
1,<environment.Job instance at 0x7f9098228550>,2,3,[7 4],3,3,6,0,3
1,<environment.Job instance at 0x7f9098228a50>,4,20,[5 5],5,5,25,0,5
1,<environment.Job instance at 0x7f9097c424b0>,6,16,[ 2 10],7,7,23,0,7
1,<environment.Job instance at 0x7f9097cda050>,18,12,[6 1],19,23,35,4,23
1,<environment.Job instance at 0x7f909829ba50>,19,12,[1 8],20,23,35,3,23
1,<environment.Job instance at 0x7f909829b640>,20,14,[6 4],21,25,39,4,25
1,<environment.Job instance at 0x7f90970dd730>,21,14,[3 7],22,35,49,13,35
1,<environment.Job instance at 0x7f9098228280>,10,13,[10  3],11,39,52,28,39
1,<environment.Job instance at 0x7f909765c050>,23,15,[2 8],24,49,64,25,49
1,<environment.Job instance at 0x7f909826f2d0>,26,3,[10  5],27,52,55,25,52
1,<environment.Job instance at 0x7f909826ff00>,25,12,[7 5],26,55,67,29,55
1,<environment.Job instance at 0x7f9096e94550>,30,12,[5 9],31,64,76,33,64
1,<environment.Job instance at 0x7f9097db79b0>,28,14,[5 5],29,67,81,38,67
1,<environment.Job instance at 0x7f9097db7550>,32,2,[4 9],33,76,78,43,76
1,<environment.Job instance at 0x7f9096e94280>,31,12,[ 4 10],32,78,90,46,78
1,<environment.Job instance at 0x7f9097c42780>,8,17,[10  4],9,81,98,72,81
1,<environment.Job instance at 0x7f9097b79280>,35,1,[1 8],36,90,91,54,90
1,<environment.Job instance at 0x7f90974e9dc0>,40,3,[2 9],41,91,94,50,91
1,<environment.Job instance at 0x7f9097c42f50>,9,16,[ 5 10],10,94,110,84,94
1,<environment.Job instance at 0x7f9097b79190>,37,13,[8 4],38,98,111,60,98
1,<environment.Job instance at 0x7f9097136820>,43,2,[1 6],44,110,112,66,110
1,<environment.Job instance at 0x7f90974e90a0>,41,15,[6 4],42,110,125,68,110
1,<environment.Job instance at 0x7f9096ba4d20>,50,17,[5 8],51,112,129,61,112
1,<environment.Job instance at 0x7f9097d260f0>,53,2,[9 5],54,125,127,71,125
1,<environment.Job instance at 0x7f90971f63c0>,51,16,[5 1],52,127,143,75,127
1,<environment.Job instance at 0x7f9098303e10>,61,2,[6 2],62,129,131,67,129
1,<environment.Job instance at 0x7f9098303fa0>,62,1,[3 9],63,129,130,66,129
1,<environment.Job instance at 0x7f90980f4690>,34,18,[3 7],35,130,148,95,130
1,<environment.Job instance at 0x7f9097695e10>,59,3,[10  3],60,143,146,83,143
1,<environment.Job instance at 0x7f9097f38e60>,67,3,[8 5],68,146,149,78,146
1,<environment.Job instance at 0x7f90977a74b0>,64,14,[3 9],65,148,162,83,148
1,<environment.Job instance at 0x7f90978fd5f0>,69,13,[8 3],70,149,162,79,149
1,<environment.Job instance at 0x7f909829eaa0>,3,3,[2 7],4,4,7,0,4
1,<environment.Job instance at 0x7f9097deb960>,8,2,[1 6],9,9,11,0,9
1,<environment.Job instance at 0x7f9097deb870>,11,1,[ 1 13],12,12,13,0,12
1,<environment.Job instance at 0x7f90979c2730>,13,21,[5 4],14,14,35,0,14
1,<environment.Job instance at 0x7f909829e730>,7,28,[1 6],8,15,43,7,15
1,<environment.Job instance at 0x7f90983f2fa0>,17,18,[ 4 10],18,43,61,25,33
1,<environment.Job instance at 0x7f90983f2960>,18,15,[3 5],19,35,50,16,35
1,<environment.Job instance at 0x7f9097d4ca00>,24,1,[10  1],25,35,36,10,35
1,<environment.Job instance at 0x7f90983f2e10>,23,15,[6 5],24,50,65,26,36
1,<environment.Job instance at 0x7f9097d4c690>,27,2,[8 5],28,61,63,33,36
1,<environment.Job instance at 0x7f9097afa050>,30,3,[9 1],31,37,40,6,37
1,<environment.Job instance at 0x7f9097d4c960>,26,12,[8 3],27,63,75,36,46
1,<environment.Job instance at 0x7f90a0f551e0>,32,1,[12  1],33,75,76,42,47
1,<environment.Job instance at 0x7f9097fdfc80>,33,2,[7 2],34,65,67,31,47
1,<environment.Job instance at 0x7f9097d4cfa0>,28,17,[3 5],29,67,84,38,55
1,<environment.Job instance at 0x7f9097afaeb0>,29,18,[ 3 10],30,117,135,87,117
1,<environment.Job instance at 0x7f90973760f0>,35,23,[5 5],36,121,144,85,121
1,<environment.Job instance at 0x7f9097dd7690>,37,2,[3 5],38,135,137,97,121
1,<environment.Job instance at 0x7f9098194730>,38,24,[ 2 11],39,144,168,105,141
1,<environment.Job instance at 0x7f9097f68e10>,2,20,[8 4],3,3,23,0,3
1,<environment.Job instance at 0x7f90972e4410>,3,3,[2 7],4,4,7,0,4
1,<environment.Job instance at 0x7f909750e050>,4,17,[7 3],5,7,24,2,7
1,<environment.Job instance at 0x7f9097790be0>,8,2,[1 6],9,23,25,14,23
1,<environment.Job instance at 0x7f9096ec06e0>,18,15,[3 5],19,23,38,4,23
1,<environment.Job instance at 0x7f90983f6e60>,24,1,[10  1],25,25,26,0,25
1,<environment.Job instance at 0x7f90978fdaa0>,23,15,[6 5],24,26,41,2,26
1,<environment.Job instance at 0x7f90979a4a00>,28,17,[3 5],29,29,46,0,29
1,<environment.Job instance at 0x7f9096d80500>,27,2,[8 5],28,41,43,13,41
1,<environment.Job instance at 0x7f9098217e10>,33,2,[7 2],34,43,45,9,43
1,<environment.Job instance at 0x7f9098217f00>,37,2,[3 5],38,43,45,5,43
1,<environment.Job instance at 0x7f909829f6e0>,30,3,[9 1],31,45,48,14,45
1,<environment.Job instance at 0x7f909834b140>,44,16,[1 8],45,45,61,0,45
1,<environment.Job instance at 0x7f9096fb0780>,26,12,[8 3],27,48,60,21,48
1,<environment.Job instance at 0x7f9096a5eeb0>,52,2,[5 4],53,53,55,0,53
1,<environment.Job instance at 0x7f9096a5ebe0>,53,1,[9 5],54,61,62,7,61
1,<environment.Job instance at 0x7f909829b0a0>,29,18,[ 3 10],30,61,79,31,61
1,<environment.Job instance at 0x7f909834bcd0>,48,18,[10  3],49,62,80,13,62
1,<environment.Job instance at 0x7f9096b16a50>,62,17,[4 5],63,81,98,18,81
1,<environment.Job instance at 0x7f90983f6640>,17,18,[ 4 10],18,82,100,64,82
1,<environment.Job instance at 0x7f9097a50910>,70,17,[8 5],71,98,115,27,98
1,<environment.Job instance at 0x7f909806e140>,60,19,[1 9],61,100,119,39,100
1,<environment.Job instance at 0x7f9097edfbe0>,75,2,[2 5],76,115,117,39,115
1,<environment.Job instance at 0x7f90977915a0>,73,15,[10  5],74,117,132,43,117
1,<environment.Job instance at 0x7f9097edf050>,76,2,[3 9],77,119,121,42,119
1,<environment.Job instance at 0x7f9096eeac80>,68,21,[5 7],69,121,142,52,121
1,<environment.Job instance at 0x7f9097b576e0>,80,1,[6 2],81,133,134,52,133
1,<environment.Job instance at 0x7f90982c1140>,57,21,[1 5],58,133,154,75,133
1,<environment.Job instance at 0x7f9097b57550>,78,2,[7 3],79,134,136,55,134
1,<environment.Job instance at 0x7f9097e755a0>,84,1,[6 3],85,136,137,51,136
1,<environment.Job instance at 0x7f9097f58af0>,85,18,[8 2],86,137,155,51,137
1,<environment.Job instance at 0x7f9097e753c0>,81,17,[2 8],82,142,159,60,142
1,<environment.Job instance at 0x7f90970dd230>,1,13,[1 7],2,2,15,0,2
1,<environment.Job instance at 0x7f9097f3ff00>,2,12,[2 5],3,3,15,0,3
1,<environment.Job instance at 0x7f9097f3f7d0>,3,17,[5 2],4,4,21,0,4
1,<environment.Job instance at 0x7f9097f3f960>,5,12,[3 5],6,15,27,9,6
1,<environment.Job instance at 0x7f90974556e0>,14,3,[10  5],15,21,24,6,17
1,<environment.Job instance at 0x7f90974aec80>,16,1,[2 9],17,24,25,7,17
1,<environment.Job instance at 0x7f90974ae230>,15,14,[ 1 13],16,27,41,11,21
1,<environment.Job instance at 0x7f90974ae640>,18,13,[ 1 12],19,41,54,22,25
1,<environment.Job instance at 0x7f9097d8cbe0>,24,20,[5 6],25,130,150,105,130
1,<environment.Job instance at 0x7f9097ea72d0>,1,13,[1 7],2,2,15,0,2
1,<environment.Job instance at 0x7f909816c730>,2,12,[2 5],3,3,15,0,3
1,<environment.Job instance at 0x7f90971d5190>,3,17,[5 2],4,4,21,0,4
1,<environment.Job instance at 0x7f909776ceb0>,14,3,[10  5],15,15,18,0,15
1,<environment.Job instance at 0x7f9097abd690>,16,1,[2 9],17,18,19,1,18
1,<environment.Job instance at 0x7f90971f22d0>,5,12,[3 5],6,19,31,13,19
1,<environment.Job instance at 0x7f909776c640>,17,18,[2 6],18,19,37,1,19
1,<environment.Job instance at 0x7f9096c55fa0>,23,15,[10  3],24,24,39,0,24
1,<environment.Job instance at 0x7f9096c553c0>,28,13,[2 5],29,37,50,8,37
1,<environment.Job instance at 0x7f9096c55aa0>,31,12,[1 7],32,37,49,5,37
1,<environment.Job instance at 0x7f9096c55960>,32,16,[8 1],33,39,55,6,39
1,<environment.Job instance at 0x7f9096a740f0>,21,18,[3 8],22,49,67,27,49
1,<environment.Job instance at 0x7f9096c55e60>,35,12,[8 3],36,55,67,19,55
1,<environment.Job instance at 0x7f9096c550a0>,33,14,[9 3],34,67,81,33,67
1,<environment.Job instance at 0x7f9096a6ea50>,39,14,[1 5],40,67,81,27,67
1,<environment.Job instance at 0x7f9096a6e230>,38,15,[5 2],39,67,82,28,67
1,<environment.Job instance at 0x7f909787b460>,41,12,[6 5],42,81,93,39,81
1,<environment.Job instance at 0x7f9096a55c80>,44,13,[2 9],45,82,95,37,82
1,<environment.Job instance at 0x7f90981ff640>,46,2,[10  2],47,93,95,46,93
1,<environment.Job instance at 0x7f9097f58e60>,54,15,[7 4],55,95,110,40,95
1,<environment.Job instance at 0x7f9096a55410>,43,16,[ 5 10],44,95,111,51,95
1,<environment.Job instance at 0x7f90979bd1e0>,62,1,[9 3],63,110,111,47,110
1,<environment.Job instance at 0x7f9097f701e0>,67,1,[1 9],68,111,112,43,111
1,<environment.Job instance at 0x7f9096eeaa50>,69,13,[8 2],70,111,124,41,111
1,<environment.Job instance at 0x7f9097edf9b0>,66,16,[5 8],67,112,128,45,112
1,<environment.Job instance at 0x7f90a0cea550>,70,12,[9 1],71,124,136,53,124
1,<environment.Job instance at 0x7f90980f85f0>,73,1,[1 7],74,128,129,54,128
1,<environment.Job instance at 0x7f9097ea7d70>,7,18,[5 5],8,128,146,120,128
1,<environment.Job instance at 0x7f9097c73820>,74,1,[10  4],75,136,137,61,136
1,<environment.Job instance at 0x7f9096a5ee10>,79,1,[6 1],80,137,138,57,137
1,<environment.Job instance at 0x7f9097514f50>,77,16,[1 9],78,137,153,59,137
1,<environment.Job instance at 0x7f909765bcd0>,85,3,[5 6],86,146,149,60,146
1,<environment.Job instance at 0x7f9096c55500>,25,18,[9 5],26,149,167,123,149
1,<environment.Job instance at 0x7f9097885190>,0,1,[3 8],1,1,2,0,1
1,<environment.Job instance at 0x7f9097d90910>,1,2,[ 3 11],2,2,4,0,2
1,<environment.Job instance at 0x7f9097cd7fa0>,6,27,[6 1],7,7,34,0,7
1,<environment.Job instance at 0x7f9097ce3460>,7,14,[5 6],8,8,22,0,8
1,<environment.Job instance at 0x7f9097ce3b90>,8,3,[10  1],9,34,37,25,9
1,<environment.Job instance at 0x7f9097745f50>,9,2,[1 8],10,10,12,0,10
1,<environment.Job instance at 0x7f90a0cea910>,12,3,[14  4],13,37,40,24,13
1,<environment.Job instance at 0x7f90981860f0>,16,1,[ 3 10],17,22,23,5,17
1,<environment.Job instance at 0x7f90973dd1e0>,19,2,[ 1 13],20,23,25,3,21
1,<environment.Job instance at 0x7f9098161c30>,21,14,[12  2],22,40,54,18,29
1,<environment.Job instance at 0x7f9096ec05f0>,20,18,[3 9],21,40,58,19,29
1,<environment.Job instance at 0x7f90972e4190>,0,1,[3 8],1,1,2,0,1
1,<environment.Job instance at 0x7f90972f2550>,4,20,[3 9],5,5,25,0,5
1,<environment.Job instance at 0x7f9096ec02d0>,5,18,[10  2],6,6,24,0,6
1,<environment.Job instance at 0x7f9098147280>,8,3,[10  1],9,24,27,15,24
1,<environment.Job instance at 0x7f9096eeaa50>,16,1,[ 3 10],17,25,26,8,25
1,<environment.Job instance at 0x7f9097514410>,9,2,[1 8],10,26,28,16,26
1,<environment.Job instance at 0x7f9097f58d70>,24,3,[4 6],25,27,30,2,27
1,<environment.Job instance at 0x7f90983a8550>,26,13,[5 1],27,27,40,0,27
1,<environment.Job instance at 0x7f9096a43050>,7,14,[5 6],8,28,42,20,28
1,<environment.Job instance at 0x7f909787b0a0>,27,15,[3 5],28,30,45,2,30
1,<environment.Job instance at 0x7f90971d5af0>,30,3,[ 5 10],31,42,45,11,42
1,<environment.Job instance at 0x7f90a0b730f0>,33,15,[7 2],34,45,60,11,45
1,<environment.Job instance at 0x7f9096a740f0>,31,15,[ 2 10],32,45,60,13,45
1,<environment.Job instance at 0x7f9097cd7500>,35,12,[9 3],36,60,72,24,60
1,<environment.Job instance at 0x7f9097ce35a0>,36,1,[5 3],37,60,61,23,60
1,<environment.Job instance at 0x7f909773b820>,38,2,[4 8],39,61,63,22,61
1,<environment.Job instance at 0x7f909773bc80>,39,1,[ 5 10],40,63,64,23,63
1,<environment.Job instance at 0x7f9097e755a0>,22,16,[ 2 10],23,64,80,41,64
1,<environment.Job instance at 0x7f909760c500>,40,1,[9 2],41,72,73,31,72
1,<environment.Job instance at 0x7f9096fe7d70>,42,12,[9 5],43,73,85,30,73
1,<environment.Job instance at 0x7f9096eeac80>,15,18,[3 8],16,80,98,64,80
1,<environment.Job instance at 0x7f909760c0f0>,43,1,[8 5],44,85,86,41,85
1,<environment.Job instance at 0x7f909760cf50>,44,1,[7 5],45,86,87,41,86
1,<environment.Job instance at 0x7f909769cb40>,45,3,[5 5],46,87,90,41,87
1,<environment.Job instance at 0x7f90978852d0>,47,14,[3 5],48,90,104,42,90
1,<environment.Job instance at 0x7f90976b8320>,51,14,[5 1],52,98,112,46,98
1,<environment.Job instance at 0x7f90976b8aa0>,52,12,[6 2],53,98,110,45,98
1,<environment.Job instance at 0x7f9097edf050>,20,18,[3 9],21,104,122,83,104
1,<environment.Job instance at 0x7f90a0b738c0>,34,17,[7 4],35,110,127,75,110
1,<environment.Job instance at 0x7f9096be0f50>,58,13,[6 4],59,122,135,63,122
1,<environment.Job instance at 0x7f9096be05a0>,56,13,[8 5],57,127,140,70,127
1,<environment.Job instance at 0x7f90976b8d20>,49,16,[ 5 10],50,135,151,85,135
1,<environment.Job instance at 0x7f9096be01e0>,62,15,[8 3],63,140,155,77,140
1,<environment.Job instance at 0x7f9097dbdf00>,1,22,[5 1],2,2,24,0,2
1,<environment.Job instance at 0x7f9096af1500>,3,13,[5 8],4,4,17,0,4
1,<environment.Job instance at 0x7f9096af1410>,4,1,[ 1 13],5,17,18,12,5
1,<environment.Job instance at 0x7f9096af18c0>,9,2,[9 3],10,18,20,8,10
1,<environment.Job instance at 0x7f9096af1af0>,12,2,[14  2],13,24,26,11,13
1,<environment.Job instance at 0x7f9096af1cd0>,14,3,[14  1],15,26,29,11,15
1,<environment.Job instance at 0x7f9096af1f50>,18,2,[ 3 10],19,20,22,1,19
1,<environment.Job instance at 0x7f9096ae9460>,21,2,[2 5],22,22,24,0,22
1,<environment.Job instance at 0x7f9096ae9960>,22,14,[7 5],23,29,43,6,23
1,<environment.Job instance at 0x7f9096ae9910>,26,2,[2 7],27,29,31,2,27
1,<environment.Job instance at 0x7f9096f40b40>,8,20,[2 7],9,31,51,22,29
1,<environment.Job instance at 0x7f9096ae9aa0>,28,13,[4 5],29,43,56,14,30
1,<environment.Job instance at 0x7f9096ae9d70>,24,14,[6 3],25,31,45,6,31
1,<environment.Job instance at 0x7f9096ae9690>,31,15,[3 5],32,51,66,19,37
1,<environment.Job instance at 0x7f9096ae9f00>,32,3,[4 8],33,56,59,23,37
1,<environment.Job instance at 0x7f9096ae90f0>,27,20,[8 2],28,45,65,17,38
1,<environment.Job instance at 0x7f9096ae9e60>,29,17,[13  3],30,66,83,36,57
1,<environment.Job instance at 0x7f9096af1c80>,25,16,[8 2],26,97,113,71,97
1,<environment.Job instance at 0x7f90a0e178c0>,1,22,[5 1],2,2,24,0,2
1,<environment.Job instance at 0x7f90a0e17960>,3,13,[5 8],4,4,17,0,4
1,<environment.Job instance at 0x7f9097ea70a0>,10,21,[5 6],11,11,32,0,11
1,<environment.Job instance at 0x7f9097ea7f00>,17,15,[3 5],18,18,33,0,18
1,<environment.Job instance at 0x7f9097ea7c80>,18,2,[ 3 10],19,32,34,13,32
1,<environment.Job instance at 0x7f9097769140>,21,2,[2 5],22,33,35,11,33
1,<environment.Job instance at 0x7f90a0e177d0>,9,2,[9 3],10,34,36,24,34
1,<environment.Job instance at 0x7f90977695a0>,24,14,[6 3],25,35,49,10,35
1,<environment.Job instance at 0x7f9097769730>,26,2,[2 7],27,36,38,9,36
1,<environment.Job instance at 0x7f9097ea7d70>,22,14,[7 5],23,36,50,13,36
1,<environment.Job instance at 0x7f9097769cd0>,28,13,[4 5],29,49,62,20,49
1,<environment.Job instance at 0x7f9097d6fa00>,31,15,[3 5],32,49,64,17,49
1,<environment.Job instance at 0x7f9097769190>,25,16,[8 2],26,50,66,24,50
1,<environment.Job instance at 0x7f9097d6fa50>,32,3,[4 8],33,62,65,29,62
1,<environment.Job instance at 0x7f9097d6ff50>,38,2,[7 4],39,65,67,26,65
1,<environment.Job instance at 0x7f9097d6f5f0>,40,3,[4 8],41,66,69,25,66
1,<environment.Job instance at 0x7f9097d6f050>,41,14,[6 2],42,67,81,25,67
1,<environment.Job instance at 0x7f9097d6f190>,35,17,[5 5],36,67,84,31,67
1,<environment.Job instance at 0x7f9097d6f5a0>,46,13,[3 8],47,69,82,22,69
1,<environment.Job instance at 0x7f9098105460>,47,14,[ 2 10],48,82,96,34,82
1,<environment.Job instance at 0x7f90981053c0>,48,16,[5 5],49,84,100,35,84
1,<environment.Job instance at 0x7f9097d6f910>,45,15,[ 3 10],46,96,111,50,96
1,<environment.Job instance at 0x7f9098105730>,55,1,[6 4],56,100,101,44,100
1,<environment.Job instance at 0x7f9098105fa0>,52,16,[5 1],53,100,116,47,100
1,<environment.Job instance at 0x7f90981059b0>,57,2,[8 3],58,111,113,53,111
1,<environment.Job instance at 0x7f909837d730>,61,3,[7 4],62,113,116,51,113
1,<environment.Job instance at 0x7f90981050f0>,56,3,[9 2],57,116,119,59,116
1,<environment.Job instance at 0x7f909837d140>,63,14,[5 3],64,116,130,52,116
1,<environment.Job instance at 0x7f909837df00>,64,2,[10  4],65,119,121,54,119
1,<environment.Job instance at 0x7f909837db40>,65,16,[1 7],66,121,137,55,121
1,<environment.Job instance at 0x7f909837de10>,66,15,[7 1],67,121,136,54,121
1,<environment.Job instance at 0x7f909837d460>,62,18,[7 3],63,130,148,67,130
1,<environment.Job instance at 0x7f909808a460>,70,2,[2 8],71,137,139,66,137
1,<environment.Job instance at 0x7f909837d410>,68,3,[2 8],69,139,142,70,139
1,<environment.Job instance at 0x7f9096be01e0>,73,13,[5 2],74,139,152,65,139
1,<environment.Job instance at 0x7f9096be0050>,74,2,[2 9],75,142,144,67,142
1,<environment.Job instance at 0x7f9096be0460>,76,13,[9 5],77,148,161,71,148
1,<environment.Job instance at 0x7fe0860cc8c0>,3,3,[ 4 14],4,5,8,1,5
1,<environment.Job instance at 0x7fe07ca82d70>,6,20,[6 1],7,7,27,0,7
1,<environment.Job instance at 0x7fe07ca870f0>,11,1,[8 5],12,12,13,0,12
1,<environment.Job instance at 0x7fe07ca87190>,12,13,[10  2],13,27,40,14,14
1,<environment.Job instance at 0x7fe07ca82af0>,4,14,[1 6],5,17,31,12,17
1,<environment.Job instance at 0x7fe07ca873c0>,15,18,[2 8],16,31,49,15,23
1,<environment.Job instance at 0x7fe07ca87460>,18,3,[ 4 13],19,49,52,30,24
1,<environment.Job instance at 0x7fe07ca87230>,16,16,[3 5],17,32,48,15,32
1,<environment.Job instance at 0x7fe07ca87500>,20,1,[13  5],21,48,49,27,32
1,<environment.Job instance at 0x7fe07ca87870>,21,1,[6 5],22,52,53,30,32
1,<environment.Job instance at 0x7fe07ca87910>,22,1,[2 7],23,52,53,29,32
1,<environment.Job instance at 0x7fe07ca87280>,14,13,[7 3],15,52,65,37,36
1,<environment.Job instance at 0x7fe07ca87780>,19,14,[ 3 11],20,53,67,33,39
1,<environment.Job instance at 0x7fe07ca87c30>,24,18,[ 4 10],25,67,85,42,60
1,<environment.Job instance at 0x7fe07ca8a0a0>,33,1,[11  3],34,80,81,46,80
1,<environment.Job instance at 0x7fe07ca87be0>,25,27,[8 1],26,81,108,55,80
1,<environment.Job instance at 0x7fe07ca8a410>,35,2,[1 8],36,85,87,49,80
1,<environment.Job instance at 0x7fe07ca8a370>,34,16,[2 8],35,87,103,52,80
1,<environment.Job instance at 0x7fe07ca8a320>,32,20,[5 5],33,89,109,56,89
1,<environment.Job instance at 0x7fe07ca8a2d0>,37,13,[ 3 14],38,109,122,71,94
1,<environment.Job instance at 0x7fe07ca8ab40>,46,13,[6 5],47,122,135,75,106
1,<environment.Job instance at 0x7fe07ca8a780>,40,24,[5 6],41,122,146,81,117
1,<environment.Job instance at 0x7fe07ca88550>,59,14,[2 7],60,135,149,75,126
1,<environment.Job instance at 0x7fe07ca885f0>,62,3,[5 5],63,146,149,83,127
1,<environment.Job instance at 0x7fe07ca88820>,65,2,[10  4],66,149,151,83,129
1,<environment.Job instance at 0x7fe07ca888c0>,66,13,[ 2 14],67,151,164,84,136
1,<environment.Job instance at 0x7fe07ca88b40>,69,2,[ 3 10],70,149,151,79,139
1,<environment.Job instance at 0x7fe07ca87050>,10,18,[ 3 11],11,164,182,153,154
1,<environment.Job instance at 0x7fe07ca88d20>,73,2,[5 9],74,182,184,108,156
1,<environment.Job instance at 0x7fe07ca8f910>,86,3,[5 7],87,184,187,97,158
1,<environment.Job instance at 0x7fe07ca8fa50>,87,3,[5 5],88,182,185,94,158
1,<environment.Job instance at 0x7fe07ca7ab90>,2,22,[4 8],3,3,25,0,3
1,<environment.Job instance at 0x7fe07cc2a0f0>,4,14,[1 6],5,5,19,0,5
1,<environment.Job instance at 0x7fe07cbad460>,6,20,[6 1],7,7,27,0,7
1,<environment.Job instance at 0x7fe07cb44f50>,11,1,[8 5],12,25,26,13,25
1,<environment.Job instance at 0x7fe07cb8edc0>,21,1,[6 5],22,26,27,4,26
1,<environment.Job instance at 0x7fe07cb8e140>,22,1,[2 7],23,26,27,3,26
1,<environment.Job instance at 0x7fe07cb44870>,12,13,[10  2],13,27,40,14,27
1,<environment.Job instance at 0x7fe0860cc870>,16,16,[3 5],17,27,43,10,27
1,<environment.Job instance at 0x7fe07cb445f0>,15,18,[2 8],16,27,45,11,27
1,<environment.Job instance at 0x7fe07cb444b0>,14,13,[7 3],15,43,56,28,43
1,<environment.Job instance at 0x7fe07cb43910>,35,2,[1 8],36,45,47,9,45
1,<environment.Job instance at 0x7fe07cb439b0>,34,16,[2 8],35,47,63,12,47
1,<environment.Job instance at 0x7fe07cb437d0>,36,15,[9 5],37,56,71,19,56
1,<environment.Job instance at 0x7fe07cb3f910>,46,13,[6 5],47,63,76,16,63
1,<environment.Job instance at 0x7fe07cc2f7d0>,27,18,[1 8],28,71,89,43,71
1,<environment.Job instance at 0x7fe07cb3fe10>,49,15,[10  1],50,76,91,26,76
1,<environment.Job instance at 0x7fe07cb31460>,54,17,[5 7],55,90,107,35,90
1,<environment.Job instance at 0x7fe07cb3f2d0>,41,15,[10  3],42,91,106,49,91
1,<environment.Job instance at 0x7fe07cba2870>,57,17,[8 5],58,106,123,48,106
1,<environment.Job instance at 0x7fe07cb3e410>,59,14,[2 7],60,107,121,47,107
1,<environment.Job instance at 0x7fe07cba2c80>,60,17,[1 6],61,121,138,60,121
1,<environment.Job instance at 0x7fe07cba2780>,62,3,[5 5],63,123,126,60,123
1,<environment.Job instance at 0x7fe07cb385f0>,63,14,[8 1],64,123,137,59,123
1,<environment.Job instance at 0x7fe07cb3f780>,44,18,[5 5],45,126,144,81,126
1,<environment.Job instance at 0x7fe07cb3de60>,65,2,[10  4],66,139,141,73,139
1,<environment.Job instance at 0x7fe07cb8e960>,24,18,[ 4 10],25,141,159,116,141
1,<environment.Job instance at 0x7fe07cb3d5a0>,64,20,[10  2],65,144,164,79,144
1,<environment.Job instance at 0x7fe07cab1730>,69,2,[ 3 10],70,159,161,89,159
1,<environment.Job instance at 0x7fe07c1d5410>,3,13,[7 5],4,4,17,0,4
1,<environment.Job instance at 0x7fe07c1d5190>,5,3,[10  1],6,17,20,11,6
1,<environment.Job instance at 0x7fe07c1d5c30>,6,3,[ 2 12],7,17,20,10,7
1,<environment.Job instance at 0x7fe07c1d5910>,8,1,[13  2],9,20,21,11,10
1,<environment.Job instance at 0x7fe07c1d5af0>,10,2,[9 5],11,21,23,10,11
1,<environment.Job instance at 0x7fe07c1cab40>,14,19,[6 1],15,21,40,6,15
1,<environment.Job instance at 0x7fe07c1ca280>,23,2,[13  3],24,40,42,16,25
1,<environment.Job instance at 0x7fe07c1d4230>,25,2,[5 2],26,26,28,0,26
1,<environment.Job instance at 0x7fe07c30a230>,31,17,[12  2],32,57,74,25,57
1,<environment.Job instance at 0x7fe07c2b5f50>,34,3,[10  2],35,74,77,39,57
1,<environment.Job instance at 0x7fe07c2b5a00>,35,3,[5 5],36,74,77,38,57
1,<environment.Job instance at 0x7fe07c2b5960>,36,3,[ 5 10],37,77,80,40,57
1,<environment.Job instance at 0x7fe07c2b5870>,38,3,[10  1],39,77,80,38,57
1,<environment.Job instance at 0x7fe07c2b55a0>,40,2,[7 5],41,80,82,39,57
1,<environment.Job instance at 0x7fe07c3d4af0>,43,3,[7 5],44,80,83,36,57
1,<environment.Job instance at 0x7fe07c31c230>,51,1,[ 2 14],52,83,84,31,58
1,<environment.Job instance at 0x7fe07c31c960>,48,2,[5 2],49,84,86,35,58
1,<environment.Job instance at 0x7fe07c31c730>,52,2,[12  2],53,86,88,33,59
1,<environment.Job instance at 0x7fe07c31ca50>,53,2,[5 9],54,84,86,30,62
1,<environment.Job instance at 0x7fe07c2aa410>,74,1,[12  1],75,83,84,8,75
1,<environment.Job instance at 0x7fe07c127a50>,69,13,[7 4],70,88,101,18,79
1,<environment.Job instance at 0x7fe07c31c050>,49,22,[2 7],50,86,108,36,79
1,<environment.Job instance at 0x7fe07c1d4c80>,78,2,[2 8],79,101,103,22,80
1,<environment.Job instance at 0x7fe07c3ff1e0>,33,12,[1 7],34,103,115,69,91
1,<environment.Job instance at 0x7fe07c08a910>,80,23,[7 3],81,108,131,27,106
1,<environment.Job instance at 0x7fe07c1b1fa0>,81,3,[10  5],82,131,134,49,110
1,<environment.Job instance at 0x7fe07c0be9b0>,79,16,[2 8],80,115,131,35,114
1,<environment.Job instance at 0x7fe07c1d5640>,84,3,[7 5],85,134,137,49,115
1,<environment.Job instance at 0x7fe07c1c9d20>,77,22,[ 1 13],78,137,159,59,136
1,<environment.Job instance at 0x7fe07c1d51e0>,86,16,[7 4],87,159,175,72,159
1,<environment.Job instance at 0x7fe07ca9e910>,1,18,[1 9],2,2,20,0,2
1,<environment.Job instance at 0x7fe07ca9ea00>,2,22,[5 3],3,3,25,0,3
1,<environment.Job instance at 0x7fe07ca9e140>,10,2,[9 5],11,20,22,9,20
1,<environment.Job instance at 0x7fe07ca9e4b0>,5,3,[10  1],6,22,25,16,22
1,<environment.Job instance at 0x7fe07ca9e730>,3,13,[7 5],4,25,38,21,25
1,<environment.Job instance at 0x7fe07cb442d0>,19,14,[2 6],20,25,39,5,25
1,<environment.Job instance at 0x7fe07ca9eb90>,12,16,[6 4],13,25,41,12,25
1,<environment.Job instance at 0x7fe07ca9e2d0>,13,18,[6 5],14,38,56,24,38
1,<environment.Job instance at 0x7fe07c2cd410>,25,2,[5 2],26,41,43,15,41
1,<environment.Job instance at 0x7fe07c2cd910>,26,1,[5 9],27,43,44,16,43
1,<environment.Job instance at 0x7fe07c3853c0>,29,12,[9 3],30,44,56,14,44
1,<environment.Job instance at 0x7fe07c28c0a0>,33,12,[1 7],34,56,68,22,56
1,<environment.Job instance at 0x7fe07c28c780>,34,3,[10  2],35,56,59,21,56
1,<environment.Job instance at 0x7fe07c28cc30>,35,3,[5 5],36,59,62,23,59
1,<environment.Job instance at 0x7fe07c272e60>,30,18,[10  3],31,62,80,31,62
1,<environment.Job instance at 0x7fe07c28c8c0>,36,3,[ 5 10],37,69,72,32,69
1,<environment.Job instance at 0x7fe07cb44690>,21,13,[4 9],22,72,85,50,72
1,<environment.Job instance at 0x7fe07c2abc80>,38,3,[10  1],39,81,84,42,81
1,<environment.Job instance at 0x7fe07c2ac9b0>,40,2,[7 5],41,84,86,43,84
1,<environment.Job instance at 0x7fe07c2ac190>,41,14,[2 7],42,85,99,43,85
1,<environment.Job instance at 0x7fe07c28c820>,37,20,[5 3],38,85,105,47,85
1,<environment.Job instance at 0x7fe07c339870>,43,3,[7 5],44,86,89,42,86
1,<environment.Job instance at 0x7fe07c2ab780>,39,21,[6 1],40,89,110,49,89
1,<environment.Job instance at 0x7fe07cb44b90>,22,14,[2 9],23,99,113,76,99
1,<environment.Job instance at 0x7fe07c230190>,48,2,[5 2],49,106,108,57,106
1,<environment.Job instance at 0x7fe07c2309b0>,46,22,[6 1],47,108,130,61,108
1,<environment.Job instance at 0x7fe07c2303c0>,53,2,[5 9],54,114,116,60,114
1,<environment.Job instance at 0x7fe07c2347d0>,54,13,[9 4],55,116,129,61,116
1,<environment.Job instance at 0x7fe07c2300f0>,47,15,[3 7],48,129,144,81,129
1,<environment.Job instance at 0x7fe07c286c30>,49,22,[2 7],50,129,151,79,129
1,<environment.Job instance at 0x7fe07c247780>,62,14,[6 1],63,145,159,82,145
1,<environment.Job instance at 0x7fe07c240f00>,59,14,[ 1 10],60,151,165,91,151
1,<environment.Job instance at 0x7fe07c240190>,65,14,[10  1],66,159,173,93,159
1,<environment.Job instance at 0x7fe07c09f640>,0,2,[ 3 10],1,1,3,0,1
1,<environment.Job instance at 0x7fe07c09f3c0>,2,15,[5 5],3,3,18,0,3
1,<environment.Job instance at 0x7fe07c09f780>,4,13,[4 8],5,5,18,0,5
1,<environment.Job instance at 0x7fe07c09f320>,5,2,[6 1],6,6,8,0,6
1,<environment.Job instance at 0x7fe086237fa0>,8,3,[5 9],9,18,21,9,9
1,<environment.Job instance at 0x7fe07c09f8c0>,14,15,[ 1 11],15,21,36,6,16
1,<environment.Job instance at 0x7fe07c080910>,13,23,[10  2],14,19,42,5,19
1,<environment.Job instance at 0x7fe07c080500>,15,16,[ 5 12],16,36,52,20,30
1,<environment.Job instance at 0x7fe07c080780>,19,15,[13  1],20,52,67,32,41
1,<environment.Job instance at 0x7fe07c080410>,21,13,[1 6],22,52,65,30,41
1,<environment.Job instance at 0x7fe07c080460>,22,3,[3 5],23,67,70,44,41
1,<environment.Job instance at 0x7fe07c080af0>,23,14,[1 5],24,52,66,28,41
1,<environment.Job instance at 0x7fe07c0a39b0>,24,12,[ 4 12],25,70,82,45,57
1,<environment.Job instance at 0x7fe07c080a00>,20,17,[10  3],21,67,84,46,63
1,<environment.Job instance at 0x7fe07c0a3690>,27,16,[14  5],28,90,106,62,90
1,<environment.Job instance at 0x7fe07c0a3f00>,29,19,[5 4],30,141,160,111,141
1,<environment.Job instance at 0x7fe07c7bd050>,0,2,[ 3 10],1,1,3,0,1
1,<environment.Job instance at 0x7fe07d2bed20>,1,17,[5 5],2,2,19,0,2
1,<environment.Job instance at 0x7fe07d2d66e0>,2,15,[5 5],3,3,18,0,3
1,<environment.Job instance at 0x7fe07d56bbe0>,5,2,[6 1],6,18,20,12,18
1,<environment.Job instance at 0x7fe07c1780f0>,4,13,[4 8],5,18,31,13,18
1,<environment.Job instance at 0x7fe07c3970f0>,18,13,[4 6],19,19,32,0,19
1,<environment.Job instance at 0x7fe085ca1e10>,22,3,[3 5],23,31,34,8,31
1,<environment.Job instance at 0x7fe07c5a36e0>,8,3,[5 9],9,32,35,23,32
1,<environment.Job instance at 0x7fe07c4a39b0>,21,13,[1 6],22,34,47,12,34
1,<environment.Job instance at 0x7fe07c2fbf00>,33,1,[10  2],34,35,36,1,35
1,<environment.Job instance at 0x7fe07d093230>,23,14,[1 5],24,35,49,11,35
1,<environment.Job instance at 0x7fe07c397af0>,20,17,[10  3],21,36,53,15,36
1,<environment.Job instance at 0x7fe07c305eb0>,30,14,[ 3 10],31,49,63,18,49
1,<environment.Job instance at 0x7fe07c2f7140>,35,2,[9 5],36,53,55,17,53
1,<environment.Job instance at 0x7fe07c2da690>,40,17,[7 5],41,55,72,14,55
1,<environment.Job instance at 0x7fe07c2da730>,39,12,[ 5 10],40,63,75,23,63
1,<environment.Job instance at 0x7fe07c2f7730>,41,12,[3 8],42,76,88,34,76
1,<environment.Job instance at 0x7fe07c2f3be0>,43,15,[4 6],44,76,91,32,76
1,<environment.Job instance at 0x7fe07c4a2500>,46,15,[5 3],47,88,103,41,88
1,<environment.Job instance at 0x7fe07c4a2eb0>,47,18,[1 5],48,88,106,40,88
1,<environment.Job instance at 0x7fe07c2ea500>,49,13,[1 7],50,91,104,41,91
1,<environment.Job instance at 0x7fe07c2c9d20>,52,2,[5 7],53,104,106,51,104
1,<environment.Job instance at 0x7fe07c1b1e60>,57,2,[6 3],58,104,106,46,104
1,<environment.Job instance at 0x7fe07c1b1730>,56,13,[5 5],57,106,119,49,106
1,<environment.Job instance at 0x7fe07c1b1230>,60,3,[1 6],61,106,109,45,106
1,<environment.Job instance at 0x7fe07c1b1c80>,62,2,[5 5],63,109,111,46,109
1,<environment.Job instance at 0x7fe07c1b1be0>,63,1,[7 4],64,111,112,47,111
1,<environment.Job instance at 0x7fe07c1b12d0>,59,14,[7 5],60,112,126,52,112
1,<environment.Job instance at 0x7fe07c1b15f0>,67,14,[7 5],68,119,133,51,119
1,<environment.Job instance at 0x7fe07c1b1550>,68,3,[5 5],69,126,129,57,126
1,<environment.Job instance at 0x7fe07c4d0cd0>,37,16,[3 9],38,129,145,91,129
1,<environment.Job instance at 0x7fe07c4c9320>,71,1,[7 4],72,133,134,61,133
1,<environment.Job instance at 0x7fe07c4c9e60>,72,2,[9 2],73,134,136,61,134
1,<environment.Job instance at 0x7fe07c1b1820>,64,16,[10  4],65,136,152,71,136
1,<environment.Job instance at 0x7fe07c5abe60>,7,17,[ 1 10],8,146,163,138,146
1,<environment.Job instance at 0x7fe07c42c2d0>,78,2,[7 5],79,152,154,73,152
1,<environment.Job instance at 0x7fe07c4c9fa0>,73,17,[7 2],74,154,171,80,154
1,<environment.Job instance at 0x7fe07c58aa50>,0,2,[13  5],1,1,3,0,1
1,<environment.Job instance at 0x7fe07c58a550>,1,2,[1 8],2,2,4,0,2
1,<environment.Job instance at 0x7fe07c889140>,1,2,[1 8],2,2,4,0,2
1,<environment.Job instance at 0x7fe07c889f50>,2,16,[10  3],3,3,19,0,3
1,<environment.Job instance at 0x7fe07c71a640>,8,19,[1 5],9,9,28,0,9
1,<environment.Job instance at 0x7fe07c71a140>,5,13,[6 4],6,19,32,13,19
1,<environment.Job instance at 0x7fe07c5a83c0>,11,13,[6 5],12,19,32,7,19
1,<environment.Job instance at 0x7fe07c7a99b0>,14,3,[2 7],15,32,35,17,32
1,<environment.Job instance at 0x7fe07c6c2eb0>,18,1,[6 3],19,32,33,13,32
1,<environment.Job instance at 0x7fe07c889500>,6,14,[10  3],7,33,47,26,33
1,<environment.Job instance at 0x7fe07c6de690>,20,1,[1 9],21,35,36,14,35
1,<environment.Job instance at 0x7fe07c71a1e0>,9,18,[2 9],10,36,54,26,36
1,<environment.Job instance at 0x7fe07c4ceaf0>,25,3,[9 2],26,47,50,21,47
1,<environment.Job instance at 0x7fe07c6de870>,22,3,[8 5],23,50,53,27,50
1,<environment.Job instance at 0x7fe07c487730>,28,12,[2 5],29,53,65,24,53
1,<environment.Job instance at 0x7fe07d345c30>,30,1,[2 9],31,54,55,23,54
1,<environment.Job instance at 0x7fe07c42ca50>,35,3,[2 6],36,55,58,19,55
1,<environment.Job instance at 0x7fe07c7a15f0>,10,18,[10  4],11,55,73,44,55
1,<environment.Job instance at 0x7fe07c717c80>,26,14,[5 9],27,65,79,38,65
1,<environment.Job instance at 0x7fe07c6c2f00>,17,15,[9 5],18,73,88,55,73
1,<environment.Job instance at 0x7fe07c4233c0>,29,16,[6 5],30,79,95,49,79
1,<environment.Job instance at 0x7fe07c4c9f00>,36,18,[7 5],37,88,106,51,88
1,<environment.Job instance at 0x7fe07c4a21e0>,44,16,[5 5],45,95,111,50,95
1,<environment.Job instance at 0x7fe07c4a2eb0>,43,13,[10  4],44,106,119,62,106
1,<environment.Job instance at 0x7fe07c3fb870>,49,18,[3 6],50,111,129,61,111
1,<environment.Job instance at 0x7fe085c94280>,50,1,[9 3],51,119,120,68,119
1,<environment.Job instance at 0x7fe07ce89320>,53,15,[4 6],54,120,135,66,120
1,<environment.Job instance at 0x7fe07d2ccf00>,56,3,[5 5],57,129,132,72,129
1,<environment.Job instance at 0x7fe07c4a3cd0>,57,15,[10  1],58,132,147,74,132
1,<environment.Job instance at 0x7fe07c4059b0>,55,18,[1 8],56,132,150,76,132
1,<environment.Job instance at 0x7fe07cf91e60>,58,14,[6 4],59,147,161,88,147
1,<environment.Job instance at 0x7fe07c4283c0>,61,13,[ 4 10],62,151,164,89,151
1,<environment.Job instance at 0x7fe07c5a3410>,0,15,[4 5],1,1,16,0,1
1,<environment.Job instance at 0x7fe07c8a6410>,4,3,[6 1],5,5,8,0,5
1,<environment.Job instance at 0x7fe07c8a6b90>,5,16,[4 5],6,6,22,0,6
1,<environment.Job instance at 0x7fe07c8a6f50>,8,16,[ 5 10],9,16,32,7,9
1,<environment.Job instance at 0x7fe07c8a6550>,12,2,[5 8],13,32,34,19,13
1,<environment.Job instance at 0x7fe07c89e190>,13,12,[4 6],14,32,44,18,15
1,<environment.Job instance at 0x7fe07c464e60>,14,21,[6 4],15,34,55,19,31
1,<environment.Job instance at 0x7fe07c8abd70>,20,2,[1 6],21,44,46,23,31
1,<environment.Job instance at 0x7fe07c880af0>,16,25,[ 5 10],17,46,71,29,43
1,<environment.Job instance at 0x7fe07c4bcc80>,25,2,[ 4 12],26,71,73,45,57
1,<environment.Job instance at 0x7fe07c8ab7d0>,22,15,[4 9],23,73,88,50,59
1,<environment.Job instance at 0x7fe07c890e60>,26,1,[10  1],27,63,64,36,63
1,<environment.Job instance at 0x7fe07c1977d0>,33,2,[5 5],34,64,66,30,63
1,<environment.Job instance at 0x7fe07c8abcd0>,21,12,[11  1],22,71,83,49,63
1,<environment.Job instance at 0x7fe07c173870>,28,12,[6 2],29,83,95,54,71
1,<environment.Job instance at 0x7fe07c91d050>,39,13,[10  5],40,95,108,55,79
1,<environment.Job instance at 0x7fe07c907e60>,40,3,[3 5],41,88,91,47,79
1,<environment.Job instance at 0x7fe07c719a50>,0,15,[4 5],1,1,16,0,1
1,<environment.Job instance at 0x7fe07c719e10>,2,21,[1 6],3,3,24,0,3
1,<environment.Job instance at 0x7fe07c719780>,4,3,[6 1],5,5,8,0,5
1,<environment.Job instance at 0x7fe07c5ec910>,9,18,[7 3],10,10,28,0,10
1,<environment.Job instance at 0x7fe07c5ec9b0>,13,12,[4 6],14,16,28,2,16
1,<environment.Job instance at 0x7fe07c7198c0>,5,16,[4 5],6,24,40,18,24
1,<environment.Job instance at 0x7fe07c5ec820>,20,2,[1 6],21,28,30,7,28
1,<environment.Job instance at 0x7fe07c4c1c80>,26,1,[10  1],27,28,29,1,28
1,<environment.Job instance at 0x7fe07c5ecdc0>,10,16,[9 2],11,29,45,18,29
1,<environment.Job instance at 0x7fe07c5ecf00>,12,2,[5 8],13,40,42,27,40
1,<environment.Job instance at 0x7fe07c4c13c0>,28,12,[6 2],29,42,54,13,42
1,<environment.Job instance at 0x7fe07c4c1e60>,22,15,[4 9],23,45,60,22,45
1,<environment.Job instance at 0x7fe0860f4af0>,33,2,[5 5],34,54,56,20,54
1,<environment.Job instance at 0x7fe07c4c10a0>,32,16,[3 5],33,56,72,23,56
1,<environment.Job instance at 0x7fe086245af0>,30,16,[3 7],31,60,76,29,60
1,<environment.Job instance at 0x7fe07c22f9b0>,38,13,[3 8],39,72,85,33,72
1,<environment.Job instance at 0x7fe07c22f910>,39,13,[10  5],40,76,89,36,76
1,<environment.Job instance at 0x7fe07c22fd20>,40,3,[3 5],41,85,88,44,85
1,<environment.Job instance at 0x7fe07c22fbe0>,41,14,[3 6],42,88,102,46,88
1,<environment.Job instance at 0x7fe07c22f4b0>,43,1,[6 1],44,89,90,45,89
1,<environment.Job instance at 0x7fe07c22fc80>,37,18,[1 7],38,89,107,51,89
1,<environment.Job instance at 0x7fe07c22f410>,45,16,[5 8],46,102,118,56,102
1,<environment.Job instance at 0x7fe07c22f8c0>,35,16,[7 5],36,107,123,71,107
1,<environment.Job instance at 0x7fe07c22f1e0>,50,14,[6 1],51,118,132,67,118
1,<environment.Job instance at 0x7fe07c4c18c0>,31,16,[1 9],32,118,134,86,118
1,<environment.Job instance at 0x7fe07c0a3910>,52,17,[10  4],53,132,149,79,132
1,<environment.Job instance at 0x7fe07c0a3a50>,53,14,[3 9],54,134,148,80,134
1,<environment.Job instance at 0x7fe07c5ece10>,8,16,[ 5 10],9,148,164,139,148
1,<environment.Job instance at 0x7fe07c097e60>,64,1,[10  5],65,149,150,84,149
1,<environment.Job instance at 0x7fe07c0973c0>,66,12,[6 5],67,150,162,83,150
1,<environment.Job instance at 0x7fe07d264c80>,1,3,[2 7],2,2,5,0,2
1,<environment.Job instance at 0x7fe07d264410>,2,1,[10  4],3,4,5,1,4
1,<environment.Job instance at 0x7fe07d2643c0>,3,3,[3 8],4,5,8,1,5
1,<environment.Job instance at 0x7fe07d3e0f00>,8,16,[1 5],9,9,25,0,9
1,<environment.Job instance at 0x7fe07d3e0d20>,10,1,[ 5 12],11,25,26,14,11
1,<environment.Job instance at 0x7fe07d3e0190>,11,13,[9 3],12,12,25,0,12
1,<environment.Job instance at 0x7fe07d3e0b40>,14,13,[6 5],15,26,39,11,15
1,<environment.Job instance at 0x7fe07d3e0550>,16,3,[ 5 13],17,39,42,22,17
1,<environment.Job instance at 0x7fe07d3e09b0>,19,3,[ 2 13],20,42,45,22,20
1,<environment.Job instance at 0x7fe07d3e04b0>,20,2,[ 4 12],21,45,47,24,21
1,<environment.Job instance at 0x7fe07c4b49b0>,5,17,[3 6],6,47,64,41,36
1,<environment.Job instance at 0x7fe07d3e0fa0>,23,17,[8 1],24,36,53,12,36
1,<environment.Job instance at 0x7fe07d3e0a50>,21,16,[2 8],22,47,63,25,36
1,<environment.Job instance at 0x7fe07d3e0690>,24,12,[11  5],25,63,75,38,49
1,<environment.Job instance at 0x7fe07c6be640>,26,20,[5 9],27,89,109,62,89
1,<environment.Job instance at 0x7fe07c6bea50>,27,21,[12  5],28,109,130,81,105
1,<environment.Job instance at 0x7fe07c6beaa0>,28,14,[5 4],29,130,144,101,115
1,<environment.Job instance at 0x7fe07c4b4460>,18,27,[4 9],19,130,157,111,128
1,<environment.Job instance at 0x7fe07c6be3c0>,30,1,[8 5],31,144,145,113,138
1,<environment.Job instance at 0x7fe07c6becd0>,31,18,[9 3],32,145,163,113,144
1,<environment.Job instance at 0x7fe07cee02d0>,1,3,[2 7],2,2,5,0,2
1,<environment.Job instance at 0x7fe07c197e10>,2,1,[10  4],3,3,4,0,3
1,<environment.Job instance at 0x7fe07c89e140>,3,3,[3 8],4,4,7,0,4
1,<environment.Job instance at 0x7fe07c8a6690>,4,17,[10  5],5,5,22,0,5
1,<environment.Job instance at 0x7fe07c4a2500>,5,17,[3 6],6,7,24,1,7
1,<environment.Job instance at 0x7fe07c4b4280>,11,13,[9 3],12,22,35,10,22
1,<environment.Job instance at 0x7fe07c4a27d0>,8,16,[1 5],9,22,38,13,22
1,<environment.Job instance at 0x7fe07cebaf50>,14,13,[6 5],15,35,48,20,35
1,<environment.Job instance at 0x7fe07d264af0>,30,1,[8 5],31,35,36,4,35
1,<environment.Job instance at 0x7fe07d264140>,28,14,[5 4],29,36,50,7,36
1,<environment.Job instance at 0x7fe07c581aa0>,39,13,[8 3],40,48,61,8,48
1,<environment.Job instance at 0x7fe07d27aa50>,21,16,[2 8],22,48,64,26,48
1,<environment.Job instance at 0x7fe07c41eeb0>,23,17,[8 1],24,61,78,37,61
1,<environment.Job instance at 0x7fe07d28e870>,45,2,[5 5],46,64,66,18,64
1,<environment.Job instance at 0x7fe07cb3d460>,41,13,[1 9],42,64,77,22,64
1,<environment.Job instance at 0x7fe085bff5a0>,48,2,[ 1 10],49,77,79,28,77
1,<environment.Job instance at 0x7fe07c1fcbe0>,51,1,[9 1],52,78,79,26,78
1,<environment.Job instance at 0x7fe07ca662d0>,53,3,[8 2],54,79,82,25,79
1,<environment.Job instance at 0x7fe07d5d2e60>,56,12,[5 4],57,79,91,22,79
1,<environment.Job instance at 0x7fe07d28e460>,43,13,[1 7],44,79,92,35,79
1,<environment.Job instance at 0x7fe07d5d20f0>,57,14,[8 1],58,82,96,24,82
1,<environment.Job instance at 0x7fe07c727c80>,49,13,[7 5],50,92,105,42,92
1,<environment.Job instance at 0x7fe07c8a05f0>,69,15,[4 9],70,96,111,26,96
1,<environment.Job instance at 0x7fe07c8a0500>,65,12,[9 4],66,105,117,39,105
1,<environment.Job instance at 0x7fe07c8a0230>,73,2,[5 2],74,111,113,37,111
1,<environment.Job instance at 0x7fe07cf29a00>,74,3,[5 1],75,113,116,38,113
1,<environment.Job instance at 0x7fe07c8943c0>,13,15,[3 8],14,116,131,102,116
1,<environment.Job instance at 0x7fe07c8a0910>,70,15,[7 5],71,117,132,46,117
1,<environment.Job instance at 0x7fe07c88fc30>,81,2,[5 9],82,131,133,49,131
1,<environment.Job instance at 0x7fe07c355aa0>,75,17,[9 3],76,132,149,56,132
1,<environment.Job instance at 0x7fe07c88faf0>,83,15,[4 7],84,133,148,49,133
1,<environment.Job instance at 0x7fe07d5d2050>,58,16,[ 4 10],59,148,164,89,148
1,<environment.Job instance at 0x7fe07c19beb0>,91,3,[10  1],92,149,152,57,149
1,<environment.Job instance at 0x7fe07c339a00>,87,12,[9 4],88,152,164,64,152
1,<environment.Job instance at 0x7fe07d289b90>,1,14,[5 5],2,2,16,0,2
1,<environment.Job instance at 0x7fe07c487eb0>,4,16,[6 1],5,5,21,0,5
1,<environment.Job instance at 0x7fe07c6aaf50>,5,14,[11  2],6,21,35,15,7
1,<environment.Job instance at 0x7fe07c48b960>,9,12,[6 3],10,35,47,25,18
1,<environment.Job instance at 0x7fe07c48b500>,13,2,[ 1 12],14,18,20,4,18
1,<environment.Job instance at 0x7fe07c48be10>,14,13,[9 5],15,35,48,20,19
1,<environment.Job instance at 0x7fe07c681230>,23,3,[ 4 11],24,24,27,0,24
1,<environment.Job instance at 0x7fe07c6a0b40>,24,2,[8 3],25,48,50,23,25
1,<environment.Job instance at 0x7fe07c684b90>,25,3,[2 8],26,27,30,1,26
1,<environment.Job instance at 0x7fe07c681b90>,20,15,[7 3],21,48,63,27,34
1,<environment.Job instance at 0x7fe07ce13c30>,31,2,[7 5],32,50,52,18,39
1,<environment.Job instance at 0x7fe07c4dfe10>,32,1,[14  3],33,63,64,30,39
1,<environment.Job instance at 0x7fe07c47fd70>,33,3,[2 8],34,52,55,18,39
1,<environment.Job instance at 0x7fe07c47fcd0>,34,3,[ 3 10],35,55,58,20,39
1,<environment.Job instance at 0x7fe07ce11230>,36,3,[5 3],37,52,55,15,42
1,<environment.Job instance at 0x7fe07c4789b0>,41,2,[2 7],42,58,60,16,48
1,<environment.Job instance at 0x7fe07d66de60>,42,1,[11  2],43,64,65,21,48
1,<environment.Job instance at 0x7fe07d66dc80>,43,3,[9 1],44,65,68,21,48
1,<environment.Job instance at 0x7fe07c4c0a50>,48,12,[5 9],49,65,77,16,49
1,<environment.Job instance at 0x7fe07c491e10>,50,2,[14  2],51,77,79,26,51
1,<environment.Job instance at 0x7fe07c491b40>,51,2,[8 1],52,60,62,8,52
1,<environment.Job instance at 0x7fe07c471870>,59,2,[7 5],60,68,70,8,60
1,<environment.Job instance at 0x7fe07c471460>,60,1,[8 3],61,62,63,1,61
1,<environment.Job instance at 0x7fe07c491c30>,54,12,[7 5],55,79,91,24,63
1,<environment.Job instance at 0x7fe07d692820>,68,1,[12  5],69,91,92,22,69
1,<environment.Job instance at 0x7fe07d692be0>,73,3,[ 3 10],74,79,82,5,74
1,<environment.Job instance at 0x7fe07d692e10>,75,14,[2 6],76,82,96,6,76
1,<environment.Job instance at 0x7fe07d692cd0>,76,12,[5 1],77,92,104,15,77
1,<environment.Job instance at 0x7fe07d692e60>,78,2,[8 5],79,92,94,13,79
1,<environment.Job instance at 0x7fe07d6930f0>,79,3,[ 3 11],80,96,99,16,80
1,<environment.Job instance at 0x7fe07d6934b0>,81,3,[1 6],82,99,102,17,82
1,<environment.Job instance at 0x7fe07d693230>,82,15,[8 1],83,99,114,16,85
1,<environment.Job instance at 0x7fe07d693780>,85,2,[3 9],86,104,106,18,86
1,<environment.Job instance at 0x7fe07d693be0>,91,1,[10  1],92,114,115,22,92
1,<environment.Job instance at 0x7fe07d693d20>,92,1,[10  1],93,115,116,22,93
1,<environment.Job instance at 0x7fe07d6800a0>,95,17,[7 2],96,116,133,20,104
1,<environment.Job instance at 0x7fe07d693730>,83,14,[5 7],84,106,120,22,104
1,<environment.Job instance at 0x7fe07d6805a0>,104,16,[4 7],105,120,136,15,108
1,<environment.Job instance at 0x7fe07c529730>,1,14,[5 5],2,2,16,0,2
1,<environment.Job instance at 0x7fe07c4e7820>,4,16,[6 1],5,5,21,0,5
1,<environment.Job instance at 0x7fe07c4610a0>,7,18,[1 5],8,8,26,0,8
1,<environment.Job instance at 0x7fe07c43cdc0>,9,12,[6 3],10,16,28,6,16
1,<environment.Job instance at 0x7fe07d26dcd0>,15,18,[6 2],16,21,39,5,21
1,<environment.Job instance at 0x7fe07d26d910>,12,12,[1 8],13,26,38,13,26
1,<environment.Job instance at 0x7fe07c7f63c0>,17,13,[7 5],18,28,41,10,28
1,<environment.Job instance at 0x7fe07d5e1190>,24,2,[8 3],25,39,41,14,39
1,<environment.Job instance at 0x7fe07ca660a0>,25,3,[2 8],26,41,44,15,41
1,<environment.Job instance at 0x7fe07d26d780>,14,13,[9 5],15,41,54,26,41
1,<environment.Job instance at 0x7fe07d28e870>,30,13,[3 6],31,44,57,13,44
1,<environment.Job instance at 0x7fe07d28ef00>,31,2,[7 5],32,54,56,22,54
1,<environment.Job instance at 0x7fe07d28ea00>,33,3,[2 8],34,56,59,22,56
1,<environment.Job instance at 0x7fe07c727280>,27,15,[8 5],28,57,72,29,57
1,<environment.Job instance at 0x7fe07d28e7d0>,34,3,[ 3 10],35,59,62,24,59
1,<environment.Job instance at 0x7fe07c5815a0>,36,3,[5 3],37,62,65,25,62
1,<environment.Job instance at 0x7fe07c0253c0>,39,2,[6 2],40,65,67,25,65
1,<environment.Job instance at 0x7fe085ff4730>,41,2,[2 7],42,67,69,25,67
1,<environment.Job instance at 0x7fe07d26d820>,11,15,[4 8],12,69,84,57,69
1,<environment.Job instance at 0x7fe07c362550>,43,3,[9 1],44,72,75,28,72
1,<environment.Job instance at 0x7fe07d03ef50>,46,15,[7 1],47,75,90,28,75
1,<environment.Job instance at 0x7fe07cfdb500>,47,14,[3 8],48,84,98,36,84
1,<environment.Job instance at 0x7fe07ca420f0>,20,15,[7 3],21,90,105,69,90
1,<environment.Job instance at 0x7fe07cfdba00>,48,12,[5 9],49,98,110,49,98
1,<environment.Job instance at 0x7fe07ca2d5f0>,51,2,[8 1],52,105,107,53,105
1,<environment.Job instance at 0x7fe07c0c23c0>,10,16,[10  2],11,107,123,96,107
1,<environment.Job instance at 0x7fe07c68bcd0>,44,16,[4 9],45,110,126,65,110
1,<environment.Job instance at 0x7fe07c44d320>,54,12,[7 5],55,123,135,68,123
1,<environment.Job instance at 0x7fe07c894f00>,59,2,[7 5],60,126,128,66,126
1,<environment.Job instance at 0x7fe07c894320>,60,1,[8 3],61,128,129,67,128
1,<environment.Job instance at 0x7fe07cedb050>,61,13,[8 3],62,129,142,67,129
1,<environment.Job instance at 0x7fe07c581af0>,37,17,[7 4],38,135,152,97,135
1,<environment.Job instance at 0x7fe07d25deb0>,63,1,[7 1],64,142,143,78,142
1,<environment.Job instance at 0x7fe07c89e1e0>,55,16,[8 4],56,143,159,87,143
1,<environment.Job instance at 0x7fe085fba5a0>,71,17,[6 4],72,152,169,80,152
1,<environment.Job instance at 0x7fe07d25dd20>,66,14,[9 5],67,159,173,92,159
1,<environment.Job instance at 0x7fe07ca11140>,4,12,[3 5],5,5,17,0,5
1,<environment.Job instance at 0x7fe07ca11c80>,8,2,[9 4],9,9,11,0,9
1,<environment.Job instance at 0x7fe07ca113c0>,9,19,[3 8],10,11,30,1,11
1,<environment.Job instance at 0x7fe07ca11cd0>,12,14,[5 9],13,30,44,17,17
1,<environment.Job instance at 0x7fe07ca11dc0>,13,14,[6 3],14,21,35,7,21
1,<environment.Job instance at 0x7fe07ca11fa0>,16,3,[9 2],17,35,38,18,21
1,<environment.Job instance at 0x7fe07ca11960>,17,2,[ 4 14],18,44,46,26,21
1,<environment.Job instance at 0x7fe07ca117d0>,15,23,[6 1],16,38,61,22,36
1,<environment.Job instance at 0x7fe07d25f050>,19,14,[ 1 11],20,46,60,26,42
1,<environment.Job instance at 0x7fe07d25fdc0>,20,17,[5 1],21,46,63,25,45
1,<environment.Job instance at 0x7fe07d25f7d0>,21,21,[2 6],22,60,81,38,52
1,<environment.Job instance at 0x7fe07ca11230>,18,23,[10  3],19,63,86,44,57
1,<environment.Job instance at 0x7fe07ca11c30>,14,2,[ 5 12],15,81,83,66,66
1,<environment.Job instance at 0x7fe07d25fe10>,31,3,[3 9],32,83,86,51,66
1,<environment.Job instance at 0x7fe07d25f550>,34,3,[ 5 14],35,86,89,51,66
1,<environment.Job instance at 0x7fe07d25fcd0>,30,17,[1 5],31,89,106,58,77
1,<environment.Job instance at 0x7fe07d25f6e0>,29,15,[7 3],30,89,104,59,77
1,<environment.Job instance at 0x7fe07ca116e0>,10,18,[11  2],11,104,122,93,97
1,<environment.Job instance at 0x7fe07cbef5a0>,35,16,[2 9],36,106,122,70,98
1,<environment.Job instance at 0x7fe07cbef7d0>,39,14,[8 4],40,122,136,82,107
1,<environment.Job instance at 0x7fe07cbef730>,40,2,[ 2 10],41,122,124,81,107
1,<environment.Job instance at 0x7fe07cbef140>,41,3,[1 6],42,124,127,82,107
1,<environment.Job instance at 0x7fe07cbefdc0>,38,18,[5 4],39,124,142,85,119
1,<environment.Job instance at 0x7fe07cbef230>,43,18,[9 3],44,136,154,92,126
1,<environment.Job instance at 0x7fe07cbef370>,44,16,[ 5 12],45,142,158,97,133
1,<environment.Job instance at 0x7fe07cbefaf0>,45,21,[5 6],46,158,179,112,151
1,<environment.Job instance at 0x7fe07c5c26e0>,46,19,[2 7],47,158,177,111,152
1,<environment.Job instance at 0x7fe07c5c2e10>,47,3,[6 1],48,154,157,106,152
1,<environment.Job instance at 0x7fe0860cb6e0>,3,20,[10  3],4,4,24,0,4
1,<environment.Job instance at 0x7fe07c630b40>,4,12,[3 5],5,5,17,0,5
1,<environment.Job instance at 0x7fe07ca6c5a0>,12,14,[5 9],13,17,31,4,17
1,<environment.Job instance at 0x7fe07c6d8b40>,8,2,[9 4],9,24,26,15,24
1,<environment.Job instance at 0x7fe07d571640>,16,3,[9 2],17,26,29,9,26
1,<environment.Job instance at 0x7fe07d3e0c30>,13,14,[6 3],14,29,43,15,29
1,<environment.Job instance at 0x7fe07c2a6af0>,26,14,[9 5],27,31,45,4,31
1,<environment.Job instance at 0x7fe07d282dc0>,25,17,[5 5],26,43,60,17,43
1,<environment.Job instance at 0x7fe07c4a2460>,27,14,[8 5],28,45,59,17,45
1,<environment.Job instance at 0x7fe07d4d05a0>,30,17,[1 5],31,45,62,14,45
1,<environment.Job instance at 0x7fe07cd2f500>,29,15,[7 3],30,59,74,29,59
1,<environment.Job instance at 0x7fe07c4a2500>,20,17,[5 1],21,60,77,39,60
1,<environment.Job instance at 0x7fe07c1d4b40>,31,3,[3 9],32,62,65,30,62
1,<environment.Job instance at 0x7fe07c256960>,35,16,[2 9],36,65,81,29,65
1,<environment.Job instance at 0x7fe07c96d4b0>,38,18,[5 4],39,74,92,35,74
1,<environment.Job instance at 0x7fe07c96d410>,40,2,[ 2 10],41,81,83,40,81
1,<environment.Job instance at 0x7fe07d5fce10>,41,3,[1 6],42,83,86,41,83
1,<environment.Job instance at 0x7fe07c96d230>,39,14,[8 4],40,83,97,43,83
1,<environment.Job instance at 0x7fe085ff4730>,49,2,[6 2],50,92,94,42,92
1,<environment.Job instance at 0x7fe07c340280>,47,3,[6 1],48,94,97,46,94
1,<environment.Job instance at 0x7fe07c581af0>,51,3,[7 2],52,97,100,45,97
1,<environment.Job instance at 0x7fe07c727c80>,52,13,[5 8],53,97,110,44,97
1,<environment.Job instance at 0x7fe07ca424b0>,55,3,[3 7],56,100,103,44,100
1,<environment.Job instance at 0x7fe07c727280>,53,13,[5 5],54,103,116,49,103
1,<environment.Job instance at 0x7fe07c339780>,57,13,[4 8],58,110,123,52,110
1,<environment.Job instance at 0x7fe07ca42eb0>,56,17,[7 5],57,116,133,59,116
1,<environment.Job instance at 0x7fe07d282500>,24,18,[ 2 10],25,123,141,98,123
1,<environment.Job instance at 0x7fe07c2dab40>,66,2,[7 5],67,133,135,66,133
1,<environment.Job instance at 0x7fe07c3390f0>,58,17,[10  1],59,135,152,76,135
1,<environment.Job instance at 0x7fe07c2da140>,67,16,[5 6],68,141,157,73,141
1,<environment.Job instance at 0x7fe07c6e9af0>,71,13,[9 3],72,152,165,80,152
1,<environment.Job instance at 0x7fe07c2da820>,68,18,[4 5],69,158,176,89,158
1,<environment.Job instance at 0x7fe07c6e9280>,72,19,[2 5],73,158,177,85,158
1,<environment.Job instance at 0x7fe07bf65780>,1,1,[2 7],2,2,3,0,2
1,<environment.Job instance at 0x7fe07bf6b820>,2,3,[ 5 10],3,3,6,0,3
1,<environment.Job instance at 0x7fe07bf6b500>,3,12,[5 6],4,6,18,2,4
1,<environment.Job instance at 0x7fe07bf6beb0>,5,12,[6 1],6,6,18,0,6
1,<environment.Job instance at 0x7fe07bf6baa0>,6,2,[1 9],7,18,20,11,7
1,<environment.Job instance at 0x7fe07bf6bd70>,7,15,[6 2],8,18,33,10,8
1,<environment.Job instance at 0x7fe07bf6bd20>,12,1,[ 3 12],13,20,21,7,13
1,<environment.Job instance at 0x7fe07c4a20f0>,0,20,[5 5],1,1,21,0,1
1,<environment.Job instance at 0x7fe07c4a2230>,1,1,[2 7],2,2,3,0,2
1,<environment.Job instance at 0x7fe07c4a21e0>,2,3,[ 5 10],3,3,6,0,3
1,<environment.Job instance at 0x7fe07c4a2500>,3,12,[5 6],4,6,18,2,6
1,<environment.Job instance at 0x7fe07c963cd0>,6,2,[1 9],7,18,20,11,18
1,<environment.Job instance at 0x7fe07c4a24b0>,5,12,[6 1],6,18,30,12,18
1,<environment.Job instance at 0x7fe07cb2d190>,7,15,[6 2],8,21,36,13,21
1,<environment.Job instance at 0x7fe07c98df00>,29,14,[6 1],30,30,44,0,30
1,<environment.Job instance at 0x7fe07c98d460>,26,15,[3 6],27,30,45,3,30
1,<environment.Job instance at 0x7fe07c99a960>,18,18,[5 2],19,36,54,17,36
1,<environment.Job instance at 0x7fe07c976780>,35,1,[5 1],36,44,45,8,44
1,<environment.Job instance at 0x7fe07c98de10>,33,3,[10  1],34,46,49,12,46
1,<environment.Job instance at 0x7fe07c9842d0>,40,3,[6 1],41,49,52,8,49
1,<environment.Job instance at 0x7fe07c984f00>,41,3,[1 6],42,49,52,7,49
1,<environment.Job instance at 0x7fe07c976500>,37,22,[1 5],38,49,71,11,49
1,<environment.Job instance at 0x7fe07c10fbe0>,46,15,[6 5],47,52,67,5,52
1,<environment.Job instance at 0x7fe07c976410>,34,15,[7 2],35,54,69,19,54
1,<environment.Job instance at 0x7fe07c980af0>,55,2,[7 1],56,67,69,11,67
1,<environment.Job instance at 0x7fe07c115dc0>,59,3,[2 6],60,69,72,9,69
1,<environment.Job instance at 0x7fe07c115e60>,61,2,[10  3],62,69,71,7,69
1,<environment.Job instance at 0x7fe07c115d20>,62,1,[5 2],63,71,72,8,71
1,<environment.Job instance at 0x7fe07c0f2280>,63,15,[4 7],64,71,86,7,71
1,<environment.Job instance at 0x7fe07d11fd70>,11,16,[8 5],12,73,89,61,73
1,<environment.Job instance at 0x7fe07c1251e0>,49,15,[ 2 10],50,86,101,36,86
1,<environment.Job instance at 0x7fe07c0f2370>,65,3,[9 1],66,90,93,24,90
1,<environment.Job instance at 0x7fe07c117e10>,51,17,[10  3],52,93,110,41,93
1,<environment.Job instance at 0x7fe07c0f6820>,71,1,[2 5],72,101,102,29,101
1,<environment.Job instance at 0x7fe07c0f66e0>,72,13,[3 7],73,101,114,28,101
1,<environment.Job instance at 0x7fe07ceb5d70>,75,1,[1 5],76,102,103,26,102
1,<environment.Job instance at 0x7fe07d121550>,32,18,[10  4],33,110,128,77,110
1,<environment.Job instance at 0x7fe07c386140>,70,13,[3 9],71,114,127,43,114
1,<environment.Job instance at 0x7fe07d0b2910>,79,2,[3 7],80,127,129,47,127
1,<environment.Job instance at 0x7fe07d57fdc0>,78,17,[9 4],79,128,145,49,128
1,<environment.Job instance at 0x7fe07c975640>,82,14,[6 1],83,129,143,46,129
1,<environment.Job instance at 0x7fe07c975cd0>,83,16,[3 8],84,143,159,59,143
1,<environment.Job instance at 0x7fe07d0a9690>,81,14,[9 5],82,145,159,63,145
1,<environment.Job instance at 0x7fe07c954cd0>,85,15,[1 8],86,159,174,73,159
1,<environment.Job instance at 0x7fe07d4a8f50>,67,20,[9 5],68,159,179,91,159
1,<environment.Job instance at 0x7fe07cebdaa0>,1,12,[5 8],2,2,14,0,2
1,<environment.Job instance at 0x7fe07cebdbe0>,6,12,[ 2 14],7,14,26,7,7
1,<environment.Job instance at 0x7fe07d4cccd0>,12,3,[4 8],13,26,29,13,13
1,<environment.Job instance at 0x7fe07cebda50>,14,12,[13  2],15,29,41,14,16
1,<environment.Job instance at 0x7fe07d4cc050>,17,1,[4 7],18,26,27,8,18
1,<environment.Job instance at 0x7fe07d4cc820>,20,16,[3 6],21,41,57,20,28
1,<environment.Job instance at 0x7fe07d4cc1e0>,16,26,[2 8],17,60,86,43,60
1,<environment.Job instance at 0x7fe07d1333c0>,0,19,[ 3 10],1,1,20,0,1
1,<environment.Job instance at 0x7fe07c953dc0>,2,20,[10  3],3,3,23,0,3
1,<environment.Job instance at 0x7fe07c998280>,12,3,[4 8],13,20,23,7,20
1,<environment.Job instance at 0x7fe07c973dc0>,17,1,[4 7],18,23,24,5,23
1,<environment.Job instance at 0x7fe07cf360a0>,1,12,[5 8],2,23,35,21,23
1,<environment.Job instance at 0x7fe07d0b5050>,22,1,[8 4],23,24,25,1,24
1,<environment.Job instance at 0x7fe07c973eb0>,18,12,[10  2],19,25,37,6,25
1,<environment.Job instance at 0x7fe07c973f00>,21,15,[1 6],22,35,50,13,35
1,<environment.Job instance at 0x7fe07c973a00>,20,16,[3 6],21,35,51,14,35
1,<environment.Job instance at 0x7fe07d3f50a0>,29,3,[10  3],30,37,40,7,37
1,<environment.Job instance at 0x7fe07d0d10f0>,32,13,[5 1],33,40,53,7,40
1,<environment.Job instance at 0x7fe07c973690>,26,13,[6 1],27,40,53,13,40
1,<environment.Job instance at 0x7fe07ce76f50>,35,12,[1 6],36,51,63,15,51
1,<environment.Job instance at 0x7fe07ce76140>,36,1,[6 3],37,53,54,16,53
1,<environment.Job instance at 0x7fe07ce69780>,25,13,[7 5],26,53,66,27,53
1,<environment.Job instance at 0x7fe07d0d1320>,34,2,[5 7],35,63,65,28,63
1,<environment.Job instance at 0x7fe07ce89c80>,43,2,[8 3],44,65,67,21,65
1,<environment.Job instance at 0x7fe07ca8ef50>,44,13,[7 4],45,66,79,21,66
1,<environment.Job instance at 0x7fe07d3f5460>,30,15,[8 4],31,67,82,36,67
1,<environment.Job instance at 0x7fe07c954cd0>,48,16,[5 7],49,79,95,30,79
1,<environment.Job instance at 0x7fe07c975640>,51,1,[6 5],52,82,83,30,82
1,<environment.Job instance at 0x7fe07cf163c0>,47,13,[10  1],48,83,96,35,83
1,<environment.Job instance at 0x7fe07bf70d70>,13,16,[ 5 10],14,95,111,81,95
1,<environment.Job instance at 0x7fe07c9754b0>,52,13,[6 4],53,96,109,43,96
1,<environment.Job instance at 0x7fe07ce6a5f0>,41,14,[10  4],42,109,123,67,109
1,<environment.Job instance at 0x7fe07d4b3550>,58,14,[2 7],59,111,125,52,111
1,<environment.Job instance at 0x7fe07c0f29b0>,65,2,[8 3],66,123,125,57,123
1,<environment.Job instance at 0x7fe07c0f2280>,66,14,[3 5],67,123,137,56,123
1,<environment.Job instance at 0x7fe07c115c30>,67,3,[ 4 10],68,125,128,57,125
1,<environment.Job instance at 0x7fe07d4a8e60>,63,16,[5 2],64,129,145,65,129
1,<environment.Job instance at 0x7fe07d0b2910>,54,18,[4 7],55,129,147,74,129
1,<environment.Job instance at 0x7fe07c115730>,70,3,[5 1],71,137,140,66,137
1,<environment.Job instance at 0x7fe07c1158c0>,69,15,[10  1],70,145,160,75,145
1,<environment.Job instance at 0x7fe07c980050>,72,14,[2 9],73,147,161,74,147
1,<environment.Job instance at 0x7fe07c56cb90>,5,3,[1 8],6,7,10,1,7
1,<environment.Job instance at 0x7fe07c56cd20>,7,2,[5 7],8,8,10,0,8
1,<environment.Job instance at 0x7fe07c56cc30>,9,15,[4 5],10,10,25,0,10
1,<environment.Job instance at 0x7fe07c56c730>,10,3,[1 6],11,11,14,0,11
1,<environment.Job instance at 0x7fe07c56c8c0>,11,15,[6 2],12,12,27,0,12
1,<environment.Job instance at 0x7fe07c56c410>,12,3,[10  5],13,27,30,14,13
1,<environment.Job instance at 0x7fe07c56c9b0>,8,22,[ 2 12],9,30,52,21,23
1,<environment.Job instance at 0x7fe07ceb85a0>,17,15,[5 4],18,52,67,34,38
1,<environment.Job instance at 0x7fe07ceb83c0>,18,12,[ 3 13],19,67,79,48,50
1,<environment.Job instance at 0x7fe07ceb8d70>,19,12,[6 2],20,50,62,30,50
1,<environment.Job instance at 0x7fe07ceb80f0>,20,15,[7 1],21,62,77,41,50
1,<environment.Job instance at 0x7fe07ceb89b0>,21,12,[8 4],22,79,91,57,62
1,<environment.Job instance at 0x7fe07ceb8820>,22,15,[ 4 11],23,79,94,56,65
1,<environment.Job instance at 0x7fe07ceb86e0>,23,26,[7 4],24,91,117,67,88
1,<environment.Job instance at 0x7fe07ceb8690>,24,22,[10  3],25,117,139,92,110
1,<environment.Job instance at 0x7fe07ceb8f00>,25,2,[ 5 11],26,110,112,84,110
1,<environment.Job instance at 0x7fe07ceb87d0>,26,22,[4 9],27,112,134,85,110
1,<environment.Job instance at 0x7fe07ceb8a00>,27,25,[5 8],28,134,159,106,130
1,<environment.Job instance at 0x7fe07c340d20>,28,15,[6 1],29,139,154,110,130
1,<environment.Job instance at 0x7fe07c340500>,29,14,[5 7],30,154,168,124,139
1,<environment.Job instance at 0x7fe07c340410>,30,15,[6 2],31,159,174,128,145
1,<environment.Job instance at 0x7fe07c340690>,31,1,[9 4],32,168,169,136,145
1,<environment.Job instance at 0x7fe07c340dc0>,32,16,[3 5],33,169,185,136,156
1,<environment.Job instance at 0x7fe07c340d70>,33,12,[10  5],34,174,186,140,157
1,<environment.Job instance at 0x7fe07c340280>,37,1,[5 1],38,169,170,131,157
1,<environment.Job instance at 0x7fe07c59af00>,2,22,[5 4],3,3,25,0,3
1,<environment.Job instance at 0x7fe07c59a460>,3,19,[7 5],4,4,23,0,4
1,<environment.Job instance at 0x7fe07c59ac30>,10,3,[1 6],11,11,14,0,11
1,<environment.Job instance at 0x7fe07c59a500>,7,2,[5 7],8,23,25,15,23
1,<environment.Job instance at 0x7fe085ff9af0>,5,3,[1 8],6,25,28,19,25
1,<environment.Job instance at 0x7fe07cd35eb0>,12,3,[10  5],13,25,28,12,25
1,<environment.Job instance at 0x7fe07c4a24b0>,19,12,[6 2],20,28,40,8,28
1,<environment.Job instance at 0x7fe07c4a2230>,17,15,[5 4],18,28,43,10,28
1,<environment.Job instance at 0x7fe07c59ab40>,9,15,[4 5],10,28,43,18,28
1,<environment.Job instance at 0x7fe07c59adc0>,11,15,[6 2],12,40,55,28,40
1,<environment.Job instance at 0x7fe07c963f50>,21,12,[8 4],22,43,55,21,43
1,<environment.Job instance at 0x7fe07c99a0a0>,29,14,[5 7],30,55,69,25,55
1,<environment.Job instance at 0x7fe07c986370>,31,1,[9 4],32,55,56,23,55
1,<environment.Job instance at 0x7fe07c4a27d0>,20,15,[7 1],21,56,71,35,56
1,<environment.Job instance at 0x7fe07c9860a0>,32,16,[3 5],33,56,72,23,56
1,<environment.Job instance at 0x7fe07ceb12d0>,33,12,[10  5],34,71,83,37,71
1,<environment.Job instance at 0x7fe07c98dc30>,37,1,[5 1],38,72,73,34,72
1,<environment.Job instance at 0x7fe07c59a280>,4,17,[ 4 10],5,73,90,68,73
1,<environment.Job instance at 0x7fe07c9702d0>,43,1,[7 3],44,83,84,39,83
1,<environment.Job instance at 0x7fe07c99a910>,28,15,[6 1],29,84,99,55,84
1,<environment.Job instance at 0x7fe07c10f870>,49,14,[1 9],50,90,104,40,90
1,<environment.Job instance at 0x7fe07c9863c0>,30,15,[6 2],31,90,105,59,90
1,<environment.Job instance at 0x7fe07c98d410>,41,16,[8 1],42,99,115,57,99
1,<environment.Job instance at 0x7fe07c125e60>,53,13,[5 1],54,105,118,51,105
1,<environment.Job instance at 0x7fe07c976780>,45,16,[2 6],46,105,121,59,105
1,<environment.Job instance at 0x7fe07d5dafa0>,56,12,[3 5],57,115,127,58,115
1,<environment.Job instance at 0x7fe07c125c80>,52,12,[10  3],53,118,130,65,118
1,<environment.Job instance at 0x7fe07c993320>,50,17,[2 8],51,127,144,76,127
1,<environment.Job instance at 0x7fe07d5da8c0>,57,13,[9 3],58,130,143,72,130
1,<environment.Job instance at 0x7fe07c117320>,55,13,[9 5],56,143,156,87,143
1,<environment.Job instance at 0x7fe07d4a8e60>,60,2,[3 9],61,145,147,84,145
1,<environment.Job instance at 0x7fe07ceb4eb0>,65,15,[ 1 10],66,147,162,81,147
1,<environment.Job instance at 0x7fe07c115c30>,59,15,[9 3],60,156,171,96,156
1,<environment.Job instance at 0x7fe07cdc2140>,0,12,[6 1],1,1,13,0,1
1,<environment.Job instance at 0x7fe07cdc2d20>,2,1,[7 2],3,3,4,0,3
1,<environment.Job instance at 0x7fe07c3515a0>,6,1,[6 2],7,7,8,0,7
1,<environment.Job instance at 0x7fe07c351550>,7,2,[ 5 11],8,8,10,0,8
1,<environment.Job instance at 0x7fe07c3510f0>,10,2,[ 4 14],11,11,13,0,11
1,<environment.Job instance at 0x7fe07c351a00>,11,18,[6 1],12,13,31,1,12
1,<environment.Job instance at 0x7fe07c351280>,14,12,[9 4],15,15,27,0,15
1,<environment.Job instance at 0x7fe07c351230>,16,12,[3 5],17,27,39,10,18
1,<environment.Job instance at 0x7fe085ff9730>,4,12,[ 4 10],5,31,43,26,19
1,<environment.Job instance at 0x7fe07c351820>,18,12,[3 5],19,39,51,20,22
1,<environment.Job instance at 0x7fe085fc2870>,22,1,[7 5],23,43,44,20,23
1,<environment.Job instance at 0x7fe085fc2d20>,24,2,[1 8],25,44,46,19,37
1,<environment.Job instance at 0x7fe085fc22d0>,26,23,[1 6],27,46,69,19,41
1,<environment.Job instance at 0x7fe085fc2c30>,27,23,[10  4],28,46,69,18,46
1,<environment.Job instance at 0x7fe085fc2e10>,23,20,[ 3 12],24,76,96,52,76
1,<environment.Job instance at 0x7fe085fc29b0>,29,21,[ 2 10],30,96,117,66,96
1,<environment.Job instance at 0x7fe07cecff50>,0,12,[6 1],1,1,13,0,1
1,<environment.Job instance at 0x7fe07cf08690>,2,1,[7 2],3,3,4,0,3
1,<environment.Job instance at 0x7fe07cecfa50>,3,20,[5 2],4,4,24,0,4
1,<environment.Job instance at 0x7fe07cee6280>,4,12,[ 4 10],5,5,17,0,5
1,<environment.Job instance at 0x7fe07cee6190>,6,1,[6 2],7,13,14,6,13
1,<environment.Job instance at 0x7fe07cef8500>,11,18,[6 1],12,14,32,2,14
1,<environment.Job instance at 0x7fe07cf03370>,16,12,[3 5],17,17,29,0,17
1,<environment.Job instance at 0x7fe07cf03af0>,18,12,[3 5],19,24,36,5,24
1,<environment.Job instance at 0x7fe07d5271e0>,22,1,[7 5],23,32,33,9,32
1,<environment.Job instance at 0x7fe07d54a8c0>,24,2,[1 8],25,33,35,8,33
1,<environment.Job instance at 0x7fe07c792960>,28,18,[5 2],29,33,51,4,33
1,<environment.Job instance at 0x7fe07c663820>,32,1,[ 3 10],33,36,37,3,36
1,<environment.Job instance at 0x7fe07d52a910>,33,2,[10  3],34,37,39,3,37
1,<environment.Job instance at 0x7fe07cef8aa0>,14,12,[9 4],15,39,51,24,39
1,<environment.Job instance at 0x7fe07d52a780>,31,13,[9 4],32,51,64,19,51
1,<environment.Job instance at 0x7fe07d53e4b0>,37,14,[3 7],38,51,65,13,51
1,<environment.Job instance at 0x7fe07c1e1aa0>,35,14,[10  1],36,64,78,28,64
1,<environment.Job instance at 0x7fe07cee4320>,40,17,[3 6],41,65,82,24,65
1,<environment.Job instance at 0x7fe07cedf730>,9,14,[8 5],10,78,92,68,78
1,<environment.Job instance at 0x7fe07cee4aa0>,41,17,[ 4 10],42,82,99,40,82
1,<environment.Job instance at 0x7fe07c2972d0>,42,1,[9 3],43,92,93,49,92
1,<environment.Job instance at 0x7fe07c303870>,49,14,[7 1],50,93,107,43,93
1,<environment.Job instance at 0x7fe07cabc730>,51,16,[5 5],52,99,115,47,99
1,<environment.Job instance at 0x7fe07d529320>,57,17,[2 5],58,99,116,41,99
1,<environment.Job instance at 0x7fe07d529550>,60,14,[7 4],61,107,121,46,107
1,<environment.Job instance at 0x7fe07c1e1e60>,34,18,[5 5],35,115,133,80,115
1,<environment.Job instance at 0x7fe07c7a4910>,62,1,[6 3],63,121,122,58,121
1,<environment.Job instance at 0x7fe07d529b90>,58,18,[1 7],59,121,139,62,121
1,<environment.Job instance at 0x7fe07c79ccd0>,65,18,[5 3],66,122,140,56,122
1,<environment.Job instance at 0x7fe07c315280>,67,15,[5 1],68,133,148,65,133
1,<environment.Job instance at 0x7fe07cab5460>,61,17,[ 4 10],62,139,156,77,139
1,<environment.Job instance at 0x7fe07d436500>,69,13,[6 1],70,140,153,70,140
1,<environment.Job instance at 0x7fe07d436730>,68,2,[10  1],69,153,155,84,153
1,<environment.Job instance at 0x7fe07d52e050>,71,17,[6 1],72,155,172,83,155
1,<environment.Job instance at 0x7fe07d52e190>,70,12,[ 4 10],71,156,168,85,156
1,<environment.Job instance at 0x7fe07d2c37d0>,2,13,[7 3],3,3,16,0,3
1,<environment.Job instance at 0x7fe07d2c39b0>,4,13,[5 8],5,5,18,0,5
1,<environment.Job instance at 0x7fe07d2c3b40>,10,3,[ 5 14],11,18,21,7,16
1,<environment.Job instance at 0x7fe07d2c3af0>,15,23,[5 9],16,21,44,5,19
1,<environment.Job instance at 0x7fe07d2bde60>,19,1,[ 2 14],20,44,45,24,21
1,<environment.Job instance at 0x7fe07d2bdf50>,22,18,[1 6],23,23,41,0,23
1,<environment.Job instance at 0x7fe07d2e0be0>,2,13,[7 3],3,3,16,0,3
1,<environment.Job instance at 0x7fe07d2e0c80>,4,13,[5 8],5,5,18,0,5
1,<environment.Job instance at 0x7fe07d2ee5a0>,9,2,[8 1],10,16,18,6,16
1,<environment.Job instance at 0x7fe07d2ee3c0>,13,17,[7 2],14,18,35,4,18
1,<environment.Job instance at 0x7fe07d2e1370>,7,18,[3 8],8,18,36,10,18
1,<environment.Job instance at 0x7fe07d2ef5f0>,22,18,[1 6],23,35,53,12,35
1,<environment.Job instance at 0x7fe07c7a0eb0>,25,16,[4 6],26,36,52,10,36
1,<environment.Job instance at 0x7fe07d2df9b0>,32,18,[3 6],33,52,70,19,52
1,<environment.Job instance at 0x7fe07d2dffa0>,33,12,[5 6],34,53,65,19,53
1,<environment.Job instance at 0x7fe07d2b5d20>,14,18,[1 8],15,66,84,51,66
1,<environment.Job instance at 0x7fe07d439af0>,42,16,[7 1],43,66,82,23,66
1,<environment.Job instance at 0x7fe07d439500>,43,13,[6 5],44,70,83,26,70
1,<environment.Job instance at 0x7fe07d439370>,40,21,[7 1],41,82,103,41,82
1,<environment.Job instance at 0x7fe07d436730>,48,15,[5 4],49,83,98,34,83
1,<environment.Job instance at 0x7fe07d2c7a50>,17,18,[1 8],18,84,102,66,84
1,<environment.Job instance at 0x7fe07d436910>,49,17,[7 5],50,98,115,48,98
1,<environment.Job instance at 0x7fe07d4369b0>,52,13,[1 8],53,102,115,49,102
1,<environment.Job instance at 0x7fe07d436cd0>,51,15,[4 9],52,115,130,63,115
1,<environment.Job instance at 0x7fe07d436280>,56,15,[8 5],57,115,130,58,115
1,<environment.Job instance at 0x7fe07d436b90>,57,1,[1 7],58,130,131,72,130
1,<environment.Job instance at 0x7fe07d436410>,58,12,[4 8],59,130,142,71,130
1,<environment.Job instance at 0x7fe07d436dc0>,55,15,[8 2],56,131,146,75,131
1,<environment.Job instance at 0x7fe07d436d70>,59,17,[7 1],60,142,159,82,142
1,<environment.Job instance at 0x7fe07d4366e0>,62,1,[5 5],63,146,147,83,146
1,<environment.Job instance at 0x7fe07d436aa0>,53,18,[1 8],54,146,164,92,146
1,<environment.Job instance at 0x7fe07d436640>,66,15,[5 2],67,147,162,80,147
1,<environment.Job instance at 0x7fe07c650f50>,67,3,[6 3],68,159,162,91,159
1,<environment.Job instance at 0x7fe07bf84960>,1,2,[14  3],2,2,4,0,2
1,<environment.Job instance at 0x7fe07c8b39b0>,7,3,[ 1 13],8,8,11,0,8
1,<environment.Job instance at 0x7fe07c8b3410>,5,1,[ 4 10],6,11,12,5,8
1,<environment.Job instance at 0x7fe07bf84b90>,4,2,[6 5],5,11,13,6,10
1,<environment.Job instance at 0x7fe07c8b3730>,3,1,[ 3 11],4,13,14,9,10
1,<environment.Job instance at 0x7fe07bfa3820>,8,26,[ 1 12],9,14,40,5,11
1,<environment.Job instance at 0x7fe07bfa3190>,15,17,[ 2 13],16,40,57,24,28
1,<environment.Job instance at 0x7fe07bfa3b40>,19,26,[1 5],20,57,83,37,54
1,<environment.Job instance at 0x7fe07bfa3e10>,20,13,[2 8],21,57,70,36,54
1,<environment.Job instance at 0x7fe07bfa3d20>,21,18,[11  2],22,54,72,32,54
1,<environment.Job instance at 0x7fe07bfa3dc0>,22,3,[5 5],23,72,75,49,54
1,<environment.Job instance at 0x7fe07bfa3cd0>,23,15,[5 1],24,72,87,48,58
1,<environment.Job instance at 0x7fe07bfa3410>,24,23,[7 1],25,75,98,50,69
1,<environment.Job instance at 0x7fe07bfa38c0>,25,12,[ 4 13],26,87,99,61,70
1,<environment.Job instance at 0x7fe07bd6d0f0>,26,17,[4 6],27,99,116,72,87
1,<environment.Job instance at 0x7fe07bd6d6e0>,29,24,[7 1],30,98,122,68,93
1,<environment.Job instance at 0x7fe07bd6dcd0>,30,2,[5 1],31,116,118,85,93
1,<environment.Job instance at 0x7fe07bd6d1e0>,31,2,[ 2 12],32,116,118,84,93
1,<environment.Job instance at 0x7fe07bd6d2d0>,32,13,[ 3 11],33,118,131,85,102
1,<environment.Job instance at 0x7fe07c699c30>,40,2,[12  4],41,122,124,81,109
1,<environment.Job instance at 0x7fe07c6996e0>,42,2,[12  3],43,124,126,81,109
1,<environment.Job instance at 0x7fe07c699280>,44,12,[3 6],45,131,143,86,114
1,<environment.Job instance at 0x7fe07bd6d640>,34,14,[5 4],35,126,140,91,116
1,<environment.Job instance at 0x7fe07c699eb0>,51,16,[1 9],52,140,156,88,127
1,<environment.Job instance at 0x7fe07bcf8190>,60,2,[14  1],61,143,145,82,127
1,<environment.Job instance at 0x7fe07bcf87d0>,63,2,[6 2],64,131,133,67,127
1,<environment.Job instance at 0x7fe07bcf85f0>,64,14,[7 4],65,145,159,80,130
1,<environment.Job instance at 0x7fe07bcf84b0>,65,2,[ 1 12],66,159,161,93,132
1,<environment.Job instance at 0x7fe07bcf8e10>,68,1,[5 7],69,156,157,87,134
1,<environment.Job instance at 0x7fe07ccee3c0>,58,1,[1 8],59,157,158,98,134
1,<environment.Job instance at 0x7fe07bcf8690>,70,16,[1 9],71,161,177,90,155
1,<environment.Job instance at 0x7fe07bd6d8c0>,27,15,[10  5],28,161,176,133,155
1,<environment.Job instance at 0x7fe07d2dffa0>,4,2,[6 5],5,5,7,0,5
1,<environment.Job instance at 0x7fe07d2df9b0>,5,1,[ 4 10],6,6,7,0,6
1,<environment.Job instance at 0x7fe07c312640>,11,15,[10  2],12,12,27,0,12
1,<environment.Job instance at 0x7fe07d2c7a50>,16,15,[3 8],17,17,32,0,17
1,<environment.Job instance at 0x7fe07d2b8f00>,22,3,[5 5],23,27,30,4,27
1,<environment.Job instance at 0x7fe07d2b8410>,23,15,[5 1],24,27,42,3,27
1,<environment.Job instance at 0x7fe07d2b5d70>,18,17,[3 5],19,30,47,11,30
1,<environment.Job instance at 0x7fe07d2e1fa0>,30,2,[5 1],31,32,34,1,32
1,<environment.Job instance at 0x7fe07d2b53c0>,20,13,[2 8],21,32,45,11,32
1,<environment.Job instance at 0x7fe085c4dbe0>,34,14,[5 4],35,45,59,10,45
1,<environment.Job instance at 0x7fe07d1abf50>,37,15,[5 5],38,45,60,7,45
1,<environment.Job instance at 0x7fe07d2ee3c0>,26,17,[4 6],27,47,64,20,47
1,<environment.Job instance at 0x7fe07c3a52d0>,39,12,[3 7],40,60,72,20,60
1,<environment.Job instance at 0x7fe07d2e89b0>,27,15,[10  5],28,64,79,36,64
1,<environment.Job instance at 0x7fe07c699730>,43,16,[2 8],44,72,88,28,72
1,<environment.Job instance at 0x7fe07c699960>,44,12,[3 6],45,79,91,34,79
1,<environment.Job instance at 0x7fe07cb2d410>,45,14,[7 2],46,88,102,42,88
1,<environment.Job instance at 0x7fe07bfa35f0>,35,15,[7 5],36,91,106,55,91
1,<environment.Job instance at 0x7fe07d2e0c80>,33,17,[ 1 10],34,102,119,68,102
1,<environment.Job instance at 0x7fe07d4b5b90>,52,12,[6 3],53,106,118,53,106
1,<environment.Job instance at 0x7fe07cb2dd20>,47,13,[10  2],48,118,131,70,118
1,<environment.Job instance at 0x7fe085cc5910>,51,16,[1 9],52,119,135,67,119
1,<environment.Job instance at 0x7fe07c6140f0>,56,13,[10  2],57,131,144,74,131
1,<environment.Job instance at 0x7fe07c614d70>,53,16,[5 3],54,135,151,81,135
1,<environment.Job instance at 0x7fe07c3820a0>,58,1,[1 8],59,144,145,85,144
1,<environment.Job instance at 0x7fe07bd6daa0>,38,17,[9 4],39,144,161,105,144
1,<environment.Job instance at 0x7fe07c339690>,63,2,[6 2],64,151,153,87,151
1,<environment.Job instance at 0x7fe07be84910>,66,18,[6 5],67,153,171,86,153
1,<environment.Job instance at 0x7fe07d0d2050>,1,1,[1 6],2,2,3,0,2
1,<environment.Job instance at 0x7fe07d0d2460>,2,14,[5 6],3,3,17,0,3
1,<environment.Job instance at 0x7fe07d0d2190>,7,2,[14  1],8,17,19,9,8
1,<environment.Job instance at 0x7fe07d09c5a0>,10,1,[7 5],11,11,12,0,11
1,<environment.Job instance at 0x7fe07d09c550>,11,2,[3 9],12,12,14,0,12
1,<environment.Job instance at 0x7fe07d09c2d0>,12,3,[7 4],13,14,17,1,13
1,<environment.Job instance at 0x7fe07d0cb780>,24,2,[13  5],25,25,27,0,25
1,<environment.Job instance at 0x7fe07d0cbf50>,28,12,[6 1],29,30,42,1,30
1,<environment.Job instance at 0x7fe07d0cb4b0>,30,14,[6 4],31,35,49,4,35
1,<environment.Job instance at 0x7fe07d0cb3c0>,29,12,[1 8],30,35,47,5,35
1,<environment.Job instance at 0x7fe07d0cbb40>,33,15,[2 8],34,47,62,13,36
1,<environment.Job instance at 0x7fe07d0cbb90>,31,14,[3 7],32,49,63,17,44
1,<environment.Job instance at 0x7fe07d0cbaa0>,35,12,[7 5],36,62,74,26,53
1,<environment.Job instance at 0x7fe07d0cbc80>,36,3,[10  5],37,74,77,37,54
1,<environment.Job instance at 0x7fe07d0cb140>,26,13,[14  4],27,77,90,50,61
1,<environment.Job instance at 0x7fe07d0cb2d0>,38,14,[5 5],39,63,77,24,62
1,<environment.Job instance at 0x7fe07d0cb1e0>,42,2,[4 9],43,90,92,47,63
1,<environment.Job instance at 0x7fe07d0b2cd0>,45,1,[1 8],46,77,78,31,75
1,<environment.Job instance at 0x7fe07d0b2dc0>,47,13,[8 4],48,92,105,44,92
1,<environment.Job instance at 0x7fe07d0cb6e0>,40,12,[5 9],41,92,104,51,92
1,<environment.Job instance at 0x7fe07d0b27d0>,48,3,[13  5],49,105,108,56,92
1,<environment.Job instance at 0x7fe07d0b2c80>,50,3,[2 9],51,104,107,53,96
1,<environment.Job instance at 0x7fe07d0b2aa0>,51,15,[6 4],52,108,123,56,103
1,<environment.Job instance at 0x7fe07d0b2780>,49,23,[4 6],50,108,131,58,103
1,<environment.Job instance at 0x7fe07d0b2b40>,53,2,[1 6],54,123,125,69,103
1,<environment.Job instance at 0x7fe07c1625f0>,0,22,[4 9],1,1,23,0,1
1,<environment.Job instance at 0x7fe07d209b40>,1,1,[1 6],2,2,3,0,2
1,<environment.Job instance at 0x7fe07d1f0190>,2,14,[5 6],3,3,17,0,3
1,<environment.Job instance at 0x7fe07d1cd7d0>,10,1,[7 5],11,17,18,6,17
1,<environment.Job instance at 0x7fe07c261730>,6,18,[5 6],7,18,36,11,18
1,<environment.Job instance at 0x7fe07d1cdbe0>,11,2,[3 9],12,23,25,11,23
1,<environment.Job instance at 0x7fe07c1537d0>,12,3,[7 4],13,25,28,12,25
1,<environment.Job instance at 0x7fe07c133f00>,20,13,[10  3],21,28,41,7,28
1,<environment.Job instance at 0x7fe07d1d36e0>,16,16,[ 2 10],17,36,52,19,36
1,<environment.Job instance at 0x7fe07c16ca50>,28,12,[6 1],29,41,53,12,41
1,<environment.Job instance at 0x7fe07c16c320>,30,14,[6 4],31,41,55,10,41
1,<environment.Job instance at 0x7fe07c16c6e0>,29,12,[1 8],30,52,64,22,52
1,<environment.Job instance at 0x7fe07c16cf00>,31,14,[3 7],32,55,69,23,55
1,<environment.Job instance at 0x7fe07c16c410>,35,12,[7 5],36,64,76,28,64
1,<environment.Job instance at 0x7fe07bcfc730>,33,15,[2 8],34,69,84,35,69
1,<environment.Job instance at 0x7fe07c53b3c0>,36,3,[10  5],37,76,79,39,76
1,<environment.Job instance at 0x7fe07c2a1aa0>,38,14,[5 5],39,79,93,40,79
1,<environment.Job instance at 0x7fe07d28c870>,41,12,[ 4 10],42,84,96,42,84
1,<environment.Job instance at 0x7fe07c153690>,18,17,[10  4],19,93,110,74,93
1,<environment.Job instance at 0x7fe07c132190>,42,2,[4 9],43,96,98,53,96
1,<environment.Job instance at 0x7fe07c291190>,45,1,[1 8],46,98,99,52,98
1,<environment.Job instance at 0x7fe07c2a1690>,40,12,[5 9],41,99,111,58,99
1,<environment.Job instance at 0x7fe07c2990f0>,47,13,[8 4],48,110,123,62,110
1,<environment.Job instance at 0x7fe07c29d410>,50,3,[2 9],51,111,114,60,111
1,<environment.Job instance at 0x7fe07c2882d0>,53,2,[1 6],54,114,116,60,114
1,<environment.Job instance at 0x7fe07c2884b0>,51,15,[6 4],52,114,129,62,114
1,<environment.Job instance at 0x7fe07ce79280>,19,16,[ 5 10],20,123,139,103,123
1,<environment.Job instance at 0x7fe07c13f140>,61,16,[5 1],62,129,145,67,129
1,<environment.Job instance at 0x7fe07c13f190>,63,2,[9 5],64,139,141,75,139
1,<environment.Job instance at 0x7fe07c13f050>,60,17,[5 8],61,142,159,81,142
1,<environment.Job instance at 0x7fe07c133640>,21,18,[10  5],22,146,164,124,146
1,<environment.Job instance at 0x7fe07c166be0>,57,18,[3 8],58,159,177,101,159
1,<environment.Job instance at 0x7fe07c27aa50>,3,3,[2 7],4,4,7,0,4
1,<environment.Job instance at 0x7fe07c2a6690>,8,2,[1 6],9,9,11,0,9
1,<environment.Job instance at 0x7fe07c2a62d0>,11,1,[ 1 13],12,13,14,1,13
1,<environment.Job instance at 0x7fe07c2a6870>,12,13,[12  5],13,15,28,2,15
1,<environment.Job instance at 0x7fe07c2a69b0>,13,21,[5 4],14,28,49,14,20
1,<environment.Job instance at 0x7fe07c2a6a50>,14,21,[9 2],15,28,49,13,25
1,<environment.Job instance at 0x7fe07c2a6b40>,18,15,[3 5],19,49,64,30,39
1,<environment.Job instance at 0x7fe07c2a6e60>,17,18,[ 4 10],18,49,67,31,48
1,<environment.Job instance at 0x7fe07c2a6f00>,16,19,[ 5 12],17,67,86,50,57
1,<environment.Job instance at 0x7fe07c299d20>,27,2,[8 5],28,64,66,36,62
1,<environment.Job instance at 0x7fe07c2999b0>,26,12,[8 3],27,66,78,39,62
1,<environment.Job instance at 0x7fe07c291870>,30,3,[9 1],31,78,81,47,64
1,<environment.Job instance at 0x7fe07c299e60>,24,1,[10  1],25,81,82,56,64
1,<environment.Job instance at 0x7fe07c291910>,33,2,[7 2],34,82,84,48,64
1,<environment.Job instance at 0x7fe07c291a50>,37,2,[3 5],38,86,88,48,64
1,<environment.Job instance at 0x7fe07d1b0fa0>,52,2,[5 4],53,86,88,33,64
1,<environment.Job instance at 0x7fe07d1b0500>,56,3,[ 4 11],57,88,91,31,64
1,<environment.Job instance at 0x7fe07d1b08c0>,53,1,[9 5],54,91,92,37,65
1,<environment.Job instance at 0x7fe07d1b09b0>,57,21,[1 5],58,91,112,33,83
1,<environment.Job instance at 0x7fe07d1b05a0>,61,13,[11  4],62,92,105,30,85
1,<environment.Job instance at 0x7fe07d1b02d0>,62,17,[4 5],63,105,122,42,93
1,<environment.Job instance at 0x7fe07bcfccd0>,75,2,[2 5],76,101,103,25,101
1,<environment.Job instance at 0x7fe07bcfc140>,76,2,[3 9],77,112,114,35,101
1,<environment.Job instance at 0x7fe07bcfcd20>,78,2,[7 3],79,105,107,26,101
1,<environment.Job instance at 0x7fe07bcfcf00>,80,1,[6 2],81,107,108,26,101
1,<environment.Job instance at 0x7fe07d28e140>,84,1,[6 3],85,108,109,23,102
1,<environment.Job instance at 0x7fe07d28e230>,88,2,[1 7],89,114,116,25,102
1,<environment.Job instance at 0x7fe07d28eeb0>,90,2,[10  3],91,109,111,18,102
1,<environment.Job instance at 0x7fe07d28e550>,89,14,[5 5],90,116,130,26,102
1,<environment.Job instance at 0x7fe07d28e460>,93,3,[4 6],94,122,125,28,105
1,<environment.Job instance at 0x7fe07d28e820>,96,3,[1 8],97,125,128,28,107
1,<environment.Job instance at 0x7fe07d28e690>,98,1,[3 6],99,128,129,29,108
1,<environment.Job instance at 0x7fe07d1a5780>,99,1,[5 2],100,111,112,11,108
1,<environment.Job instance at 0x7fe07d1a59b0>,102,1,[9 2],103,114,115,11,108
1,<environment.Job instance at 0x7fe07d1a50a0>,103,13,[5 3],104,128,141,24,112
1,<environment.Job instance at 0x7fe07d1a5320>,104,1,[8 5],105,130,131,25,112
1,<environment.Job instance at 0x7fe07d1a50f0>,108,2,[5 7],109,131,133,22,112
1,<environment.Job instance at 0x7fe07d1a5fa0>,101,14,[6 2],102,133,147,31,118
1,<environment.Job instance at 0x7fe07d28eaf0>,91,17,[2 5],92,129,146,37,118
1,<environment.Job instance at 0x7fe07d1c64b0>,111,19,[ 1 12],112,146,165,34,136
1,<environment.Job instance at 0x7fe07cc6ea00>,113,13,[ 2 11],114,165,178,51,151
1,<environment.Job instance at 0x7fe07c53daf0>,115,1,[10  1],116,151,152,35,151
1,<environment.Job instance at 0x7fe07cf3a1e0>,112,17,[7 4],113,165,182,52,154
1,<environment.Job instance at 0x7fe07c679cd0>,2,20,[8 4],3,3,23,0,3
1,<environment.Job instance at 0x7fe07c679b40>,3,3,[2 7],4,4,7,0,4
1,<environment.Job instance at 0x7fe07c69c4b0>,4,17,[7 3],5,7,24,2,7
1,<environment.Job instance at 0x7fe07d1cd6e0>,8,2,[1 6],9,23,25,14,23
1,<environment.Job instance at 0x7fe07c2a6370>,18,15,[3 5],19,23,38,4,23
1,<environment.Job instance at 0x7fe07cd515f0>,24,1,[10  1],25,25,26,0,25
1,<environment.Job instance at 0x7fe07c291190>,23,15,[6 5],24,26,41,2,26
1,<environment.Job instance at 0x7fe07bd17e10>,28,17,[3 5],29,29,46,0,29
1,<environment.Job instance at 0x7fe07bd17230>,27,2,[8 5],28,41,43,13,41
1,<environment.Job instance at 0x7fe07bcfce60>,33,2,[7 2],34,43,45,9,43
1,<environment.Job instance at 0x7fe07cd21320>,37,2,[3 5],38,43,45,5,43
1,<environment.Job instance at 0x7fe07c80e320>,30,3,[9 1],31,45,48,14,45
1,<environment.Job instance at 0x7fe07cd4e870>,44,16,[1 8],45,45,61,0,45
1,<environment.Job instance at 0x7fe07c291d70>,26,12,[8 3],27,48,60,21,48
1,<environment.Job instance at 0x7fe07c1cdb40>,52,2,[5 4],53,53,55,0,53
1,<environment.Job instance at 0x7fe07c8114b0>,53,1,[9 5],54,61,62,7,61
1,<environment.Job instance at 0x7fe07d1b0dc0>,29,18,[ 3 10],30,61,79,31,61
1,<environment.Job instance at 0x7fe07c53db90>,48,18,[10  3],49,62,80,13,62
1,<environment.Job instance at 0x7fe07cb6baa0>,62,17,[4 5],63,81,98,18,81
1,<environment.Job instance at 0x7fe07c299cd0>,17,18,[ 4 10],18,82,100,64,82
1,<environment.Job instance at 0x7fe07cb6b6e0>,70,17,[8 5],71,98,115,27,98
1,<environment.Job instance at 0x7fe07c27a6e0>,60,19,[1 9],61,100,119,39,100
1,<environment.Job instance at 0x7fe07cdfd8c0>,75,2,[2 5],76,115,117,39,115
1,<environment.Job instance at 0x7fe07cc7a460>,73,15,[10  5],74,117,132,43,117
1,<environment.Job instance at 0x7fe07d432b40>,76,2,[3 9],77,119,121,42,119
1,<environment.Job instance at 0x7fe07cb6b7d0>,68,21,[5 7],69,121,142,52,121
1,<environment.Job instance at 0x7fe07cb7cbe0>,80,1,[6 2],81,133,134,52,133
1,<environment.Job instance at 0x7fe07cf41c30>,57,21,[1 5],58,133,154,75,133
1,<environment.Job instance at 0x7fe07cb7c960>,78,2,[7 3],79,134,136,55,134
1,<environment.Job instance at 0x7fe07c81fd70>,84,1,[6 3],85,136,137,51,136
1,<environment.Job instance at 0x7fe07bee6640>,85,18,[8 2],86,137,155,51,137
1,<environment.Job instance at 0x7fe07cb7c640>,81,17,[2 8],82,142,159,60,142
1,<environment.Job instance at 0x7fe07cb7cf50>,82,18,[5 5],83,154,172,71,154
1,<environment.Job instance at 0x7fe07bee6820>,88,2,[1 7],89,159,161,70,159
1,<environment.Job instance at 0x7fe07d176960>,4,3,[10  5],5,5,8,0,5
1,<environment.Job instance at 0x7fe07d176be0>,6,1,[2 9],7,7,8,0,7
1,<environment.Job instance at 0x7fe07c1c69b0>,8,13,[ 1 12],9,12,25,3,12
1,<environment.Job instance at 0x7fe07d176f00>,12,13,[11  2],13,13,26,0,13
1,<environment.Job instance at 0x7fe07d176af0>,7,18,[2 6],8,25,43,17,14
1,<environment.Job instance at 0x7fe07d179d70>,4,3,[10  5],5,5,8,0,5
1,<environment.Job instance at 0x7fe07c69b5f0>,6,1,[2 9],7,7,8,0,7
1,<environment.Job instance at 0x7fe07c7368c0>,7,18,[2 6],8,8,26,0,8
1,<environment.Job instance at 0x7fe07c690230>,11,18,[3 8],12,12,30,0,12
1,<environment.Job instance at 0x7fe07c1b9a50>,21,12,[1 7],22,26,38,4,26
1,<environment.Job instance at 0x7fe07c690dc0>,18,13,[2 5],19,30,43,11,30
1,<environment.Job instance at 0x7fe07c1b9aa0>,23,14,[9 3],24,30,44,6,30
1,<environment.Job instance at 0x7fe07c44f410>,19,16,[ 4 10],20,43,59,23,43
1,<environment.Job instance at 0x7fe07c1edd20>,25,12,[8 3],26,44,56,18,44
1,<environment.Job instance at 0x7fe07c690be0>,13,15,[10  3],14,56,71,42,56
1,<environment.Job instance at 0x7fe07c67ff00>,29,14,[1 5],30,59,73,29,59
1,<environment.Job instance at 0x7fe07c67f320>,31,12,[6 5],32,71,83,39,71
1,<environment.Job instance at 0x7fe07c1ed4b0>,28,15,[5 2],29,71,86,42,71
1,<environment.Job instance at 0x7fe07cf26f00>,36,2,[10  2],37,83,85,46,83
1,<environment.Job instance at 0x7fe07cf26050>,34,13,[2 9],35,85,98,50,85
1,<environment.Job instance at 0x7fe07d281b40>,44,15,[7 4],45,85,100,40,85
1,<environment.Job instance at 0x7fe07c1b9be0>,22,16,[8 1],23,98,114,75,98
1,<environment.Job instance at 0x7fe07c1e3140>,56,16,[5 8],57,100,116,43,100
1,<environment.Job instance at 0x7fe07c1e30f0>,52,1,[9 3],53,114,115,61,114
1,<environment.Job instance at 0x7fe07bee6550>,60,12,[9 1],61,115,127,54,115
1,<environment.Job instance at 0x7fe07ce06eb0>,57,1,[1 9],58,116,117,58,116
1,<environment.Job instance at 0x7fe07c67f230>,33,16,[ 5 10],34,117,133,83,117
1,<environment.Job instance at 0x7fe07bee6640>,64,1,[10  4],65,127,128,62,127
1,<environment.Job instance at 0x7fe07bee6500>,59,13,[8 2],60,128,141,68,128
1,<environment.Job instance at 0x7fe07cb7cf50>,69,1,[6 1],70,133,134,63,133
1,<environment.Job instance at 0x7fe07bee6280>,63,1,[1 7],64,133,134,69,133
1,<environment.Job instance at 0x7fe07cdfd8c0>,72,15,[5 8],73,134,149,61,134
1,<environment.Job instance at 0x7fe07cb7c730>,75,3,[5 6],76,141,144,65,141
1,<environment.Job instance at 0x7fe07c44f370>,15,18,[9 5],16,144,162,128,144
1,<environment.Job instance at 0x7fe07cb6b6e0>,79,3,[3 5],80,149,152,69,149
1,<environment.Job instance at 0x7fe07cb6b7d0>,80,13,[3 8],81,152,165,71,152
1,<environment.Job instance at 0x7fe07d62a500>,4,3,[4 6],5,5,8,0,5
1,<environment.Job instance at 0x7fe07d62adc0>,5,1,[ 1 11],6,8,9,2,6
1,<environment.Job instance at 0x7fe07d62aa50>,6,13,[5 1],7,7,20,0,7
1,<environment.Job instance at 0x7fe07d62ac80>,7,15,[3 5],8,9,24,1,8
1,<environment.Job instance at 0x7fe07d62a9b0>,9,21,[4 6],10,10,31,0,10
1,<environment.Job instance at 0x7fe07d62aaf0>,10,3,[ 5 10],11,31,34,20,11
1,<environment.Job instance at 0x7fe07cd08230>,13,15,[7 2],14,20,35,6,14
1,<environment.Job instance at 0x7fe07cd08cd0>,15,12,[9 3],16,35,47,19,18
1,<environment.Job instance at 0x7fe07cd08820>,18,2,[4 8],19,34,36,15,19
1,<environment.Job instance at 0x7fe07cd08050>,19,1,[ 5 10],20,36,37,16,20
1,<environment.Job instance at 0x7fe07cd082d0>,20,1,[9 2],21,47,48,26,21
1,<environment.Job instance at 0x7fe07cd08910>,23,1,[8 5],24,48,49,24,24
1,<environment.Job instance at 0x7fe07cd08e10>,24,1,[7 5],25,48,49,23,25
1,<environment.Job instance at 0x7fe07c8cb2d0>,25,3,[5 5],26,37,40,11,26
1,<environment.Job instance at 0x7fe07c8cb320>,31,14,[5 1],32,49,63,17,34
1,<environment.Job instance at 0x7fe07c8cb140>,34,1,[13  3],35,63,64,28,35
1,<environment.Job instance at 0x7fe07cd08f50>,16,1,[5 3],17,40,41,23,37
1,<environment.Job instance at 0x7fe07c8cb780>,36,13,[8 5],37,49,62,12,37
1,<environment.Job instance at 0x7fe07c8cbaa0>,33,3,[ 1 14],34,64,67,30,43
1,<environment.Job instance at 0x7fe085bb7f00>,46,2,[ 3 13],47,67,69,20,47
1,<environment.Job instance at 0x7fe085bb7dc0>,48,14,[5 2],49,67,81,18,52
1,<environment.Job instance at 0x7fe07cdd0190>,62,12,[5 7],63,69,81,6,63
1,<environment.Job instance at 0x7fe07cdd0050>,63,23,[1 5],64,69,92,5,64
1,<environment.Job instance at 0x7fe07cdd0410>,66,3,[10  4],67,81,84,14,67
1,<environment.Job instance at 0x7fe07cdd0b90>,67,2,[6 4],68,84,86,16,68
1,<environment.Job instance at 0x7fe07c792870>,72,12,[1 6],73,81,93,8,73
1,<environment.Job instance at 0x7fe07c777190>,74,1,[ 5 11],75,93,94,18,75
1,<environment.Job instance at 0x7fe07c777460>,76,2,[5 3],77,86,88,9,77
1,<environment.Job instance at 0x7fe07c777b40>,77,2,[8 1],78,86,88,8,78
1,<environment.Job instance at 0x7fe07c792960>,73,15,[2 8],74,94,109,20,80
1,<environment.Job instance at 0x7fe07c3c2f00>,80,3,[14  3],81,109,112,28,83
1,<environment.Job instance at 0x7fe07c3c25a0>,83,3,[10  3],84,88,91,4,84
1,<environment.Job instance at 0x7fe07c3c2a50>,85,2,[3 7],86,94,96,8,86
1,<environment.Job instance at 0x7fe07c3c2190>,87,1,[ 3 11],88,112,113,24,88
1,<environment.Job instance at 0x7fe07c3c2870>,89,26,[4 9],90,113,139,23,110
1,<environment.Job instance at 0x7fe07c3c2af0>,90,12,[13  3],91,139,151,48,122
1,<environment.Job instance at 0x7fe07c3c25f0>,91,1,[1 7],92,139,140,47,122
1,<environment.Job instance at 0x7fe07c3c2960>,92,3,[3 7],93,151,154,58,125
1,<environment.Job instance at 0x7fe07c3c26e0>,93,17,[10  4],94,151,168,57,139
1,<environment.Job instance at 0x7fe07c3c20a0>,94,12,[6 3],95,168,180,73,151
1,<environment.Job instance at 0x7fe07cd6d9b0>,0,18,[3 9],1,1,19,0,1
1,<environment.Job instance at 0x7fe07d188460>,4,3,[4 6],5,5,8,0,5
1,<environment.Job instance at 0x7fe07d188190>,6,13,[5 1],7,8,21,1,8
1,<environment.Job instance at 0x7fe07d189050>,7,15,[3 5],8,8,23,0,8
1,<environment.Job instance at 0x7fe07c29d320>,13,15,[7 2],14,19,34,5,19
1,<environment.Job instance at 0x7fe07d188b40>,10,3,[ 5 10],11,23,26,12,23
1,<environment.Job instance at 0x7fe07d1f0190>,16,1,[5 3],17,26,27,9,26
1,<environment.Job instance at 0x7fe07d17e0a0>,11,15,[ 2 10],12,26,41,14,26
1,<environment.Job instance at 0x7fe07c679cd0>,15,12,[9 3],16,34,46,18,34
1,<environment.Job instance at 0x7fe07d1cdbe0>,19,1,[ 5 10],20,41,42,21,41
1,<environment.Job instance at 0x7fe07d1cd7d0>,18,2,[4 8],19,42,44,23,42
1,<environment.Job instance at 0x7fe07cd6da50>,2,16,[ 2 10],3,44,60,41,44
1,<environment.Job instance at 0x7fe07cd51aa0>,24,1,[7 5],25,46,47,21,46
1,<environment.Job instance at 0x7fe07cd515f0>,23,1,[8 5],24,47,48,23,47
1,<environment.Job instance at 0x7fe07c299cd0>,20,1,[9 2],21,48,49,27,48
1,<environment.Job instance at 0x7fe07c291230>,25,3,[5 5],26,49,52,23,49
1,<environment.Job instance at 0x7fe07c299370>,22,12,[9 5],23,52,64,29,52
1,<environment.Job instance at 0x7fe07cd214b0>,31,14,[5 1],32,60,74,28,60
1,<environment.Job instance at 0x7fe07cd21140>,32,12,[6 2],33,64,76,31,64
1,<environment.Job instance at 0x7fe07d1b0320>,27,14,[3 5],28,64,78,36,64
1,<environment.Job instance at 0x7fe07cd4e870>,38,13,[6 4],39,76,89,37,76
1,<environment.Job instance at 0x7fe07ced41e0>,36,13,[8 5],37,78,91,41,78
1,<environment.Job instance at 0x7fe07d1a5870>,39,16,[4 8],40,89,105,49,89
1,<environment.Job instance at 0x7fe07cf41e60>,42,15,[8 3],43,91,106,48,91
1,<environment.Job instance at 0x7fe07cc7a140>,48,14,[5 2],49,105,119,56,105
1,<environment.Job instance at 0x7fe07c80e320>,29,16,[ 5 10],30,106,122,76,106
1,<environment.Job instance at 0x7fe07bcfc1e0>,28,17,[10  2],29,119,136,90,119
1,<environment.Job instance at 0x7fe07bee67d0>,52,17,[2 5],53,122,139,69,122
1,<environment.Job instance at 0x7fe07c1d1870>,62,12,[5 7],63,136,148,73,136
1,<environment.Job instance at 0x7fe07c1e3190>,60,14,[7 2],61,136,150,75,136
1,<environment.Job instance at 0x7fe07d2810a0>,65,12,[1 8],66,148,160,82,148
1,<environment.Job instance at 0x7fe07c679d70>,14,17,[7 4],15,148,165,133,148
1,<environment.Job instance at 0x7fe07c692140>,1,15,[3 5],2,2,17,0,2
1,<environment.Job instance at 0x7fe07d05fdc0>,2,3,[4 8],3,3,6,0,3
1,<environment.Job instance at 0x7fe07c2dec30>,7,2,[ 2 13],8,17,19,9,9
1,<environment.Job instance at 0x7fe07c0f29b0>,9,20,[6 2],10,10,30,0,10
1,<environment.Job instance at 0x7fe07c0f2fa0>,10,3,[4 8],11,11,14,0,11
1,<environment.Job instance at 0x7fe07c0f2190>,11,14,[6 2],12,19,33,7,12
1,<environment.Job instance at 0x7fe07cd6d2d0>,8,2,[7 4],9,30,32,21,13
1,<environment.Job instance at 0x7fe07c0f28c0>,14,3,[14  1],15,33,36,18,15
1,<environment.Job instance at 0x7fe07c8845a0>,16,13,[3 8],17,36,49,19,20
1,<environment.Job instance at 0x7fe07c884230>,18,16,[5 5],19,36,52,17,31
1,<environment.Job instance at 0x7fe07cf055a0>,22,16,[5 1],23,36,52,13,31
1,<environment.Job instance at 0x7fe07cf05190>,25,1,[6 4],26,32,33,6,31
1,<environment.Job instance at 0x7fe07cf05460>,26,3,[9 2],27,52,55,25,31
1,<environment.Job instance at 0x7fe07cf05730>,27,2,[8 3],28,55,57,27,31
1,<environment.Job instance at 0x7fe07c00d0f0>,17,14,[ 2 10],18,52,66,34,42
1,<environment.Job instance at 0x7fe07c9759b0>,29,2,[ 3 13],30,66,68,36,47
1,<environment.Job instance at 0x7fe07c99d960>,19,16,[4 8],20,68,84,48,55
1,<environment.Job instance at 0x7fe07cd34410>,31,3,[7 4],32,57,60,25,55
1,<environment.Job instance at 0x7fe07cf05a50>,24,23,[6 5],25,68,91,43,63
1,<environment.Job instance at 0x7fe07cd34500>,33,14,[5 3],34,84,98,50,73
1,<environment.Job instance at 0x7fe07cd344b0>,34,2,[10  4],35,91,93,56,73
1,<environment.Job instance at 0x7fe07cd34d20>,35,16,[1 7],36,93,109,57,80
1,<environment.Job instance at 0x7fe07cd34140>,36,15,[7 1],37,93,108,56,84
1,<environment.Job instance at 0x7fe07d095870>,37,13,[ 5 11],38,109,122,71,95
1,<environment.Job instance at 0x7fe07d095820>,38,3,[2 8],39,122,125,83,101
1,<environment.Job instance at 0x7fe07cf05370>,30,16,[13  3],31,122,138,91,111
1,<environment.Job instance at 0x7fe07d095730>,40,2,[2 8],41,125,127,84,115
1,<environment.Job instance at 0x7fe07d095500>,39,24,[ 1 10],40,127,151,87,123
1,<environment.Job instance at 0x7fe07d095d20>,44,2,[2 9],45,151,153,106,124
1,<environment.Job instance at 0x7fe07d0956e0>,43,13,[5 2],44,138,151,94,131
1,<environment.Job instance at 0x7fe07cb3d730>,46,13,[9 5],47,151,164,104,141
1,<environment.Job instance at 0x7fe07cb3d230>,47,16,[14  4],48,164,180,116,155
1,<environment.Job instance at 0x7fe07d179e10>,1,15,[3 5],2,2,17,0,2
1,<environment.Job instance at 0x7fe07cf263c0>,2,3,[4 8],3,3,6,0,3
1,<environment.Job instance at 0x7fe07c0632d0>,5,17,[5 5],6,6,23,0,6
1,<environment.Job instance at 0x7fe07ce06eb0>,8,2,[7 4],9,9,11,0,9
1,<environment.Job instance at 0x7fe07cc7a140>,9,20,[6 2],10,11,31,1,11
1,<environment.Job instance at 0x7fe07c1e3be0>,10,3,[4 8],11,17,20,6,17
1,<environment.Job instance at 0x7fe07d28ea50>,16,13,[3 8],17,20,33,3,20
1,<environment.Job instance at 0x7fe07d1a5870>,11,14,[6 2],12,23,37,11,23
1,<environment.Job instance at 0x7fe07c291190>,18,16,[5 5],19,31,47,12,31
1,<environment.Job instance at 0x7fe07bed7f00>,19,16,[4 8],20,33,49,13,33
1,<environment.Job instance at 0x7fe07cd6d7d0>,22,16,[5 1],23,37,53,14,37
1,<environment.Job instance at 0x7fe07cd6d870>,25,1,[6 4],26,47,48,21,47
1,<environment.Job instance at 0x7fe07c884410>,27,2,[8 3],28,49,51,21,49
1,<environment.Job instance at 0x7fe07c291d70>,17,14,[ 2 10],18,49,63,31,49
1,<environment.Job instance at 0x7fe07bdeef50>,31,3,[7 4],32,51,54,19,51
1,<environment.Job instance at 0x7fe07ce76d20>,34,2,[10  4],35,54,56,19,54
1,<environment.Job instance at 0x7fe07cd6d6e0>,26,3,[9 2],27,56,59,29,56
1,<environment.Job instance at 0x7fe07c22f460>,33,14,[5 3],34,59,73,25,59
1,<environment.Job instance at 0x7fe07cdff1e0>,36,15,[7 1],37,59,74,22,59
1,<environment.Job instance at 0x7fe07d252910>,40,2,[2 8],41,63,65,22,63
1,<environment.Job instance at 0x7fe07bd8a5a0>,38,3,[2 8],39,65,68,26,65
1,<environment.Job instance at 0x7fe07d28ef00>,15,15,[ 3 10],16,68,83,52,68
1,<environment.Job instance at 0x7fe07caea500>,43,13,[5 2],44,73,86,29,73
1,<environment.Job instance at 0x7fe07cb3d050>,32,18,[7 3],33,74,92,41,74
1,<environment.Job instance at 0x7fe07cb9e4b0>,44,2,[2 9],45,83,85,38,83
1,<environment.Job instance at 0x7fe07d6a4140>,51,1,[ 1 10],52,85,86,33,85
1,<environment.Job instance at 0x7fe07c7cda00>,52,2,[1 5],53,86,88,33,86
1,<environment.Job instance at 0x7fe07cd34230>,35,16,[1 7],36,86,102,50,86
1,<environment.Job instance at 0x7fe07d673eb0>,56,1,[7 2],57,88,89,31,88
1,<environment.Job instance at 0x7fe07d673960>,59,1,[8 2],60,92,93,32,92
1,<environment.Job instance at 0x7fe07d2c82d0>,46,13,[9 5],47,93,106,46,93
1,<environment.Job instance at 0x7fe07d2c8640>,55,14,[5 8],56,102,116,46,102
1,<environment.Job instance at 0x7fe07d6736e0>,61,14,[9 1],62,106,120,44,106
1,<environment.Job instance at 0x7fe07d673dc0>,65,13,[5 1],66,116,129,50,116
1,<environment.Job instance at 0x7fe07d6733c0>,64,17,[1 7],65,116,133,51,116
1,<environment.Job instance at 0x7fe07d673820>,66,14,[7 3],67,120,134,53,120
1,<environment.Job instance at 0x7fe07cf10460>,68,14,[5 2],69,129,143,60,129
1,<environment.Job instance at 0x7fe07d673d70>,62,17,[2 7],63,133,150,70,133
1,<environment.Job instance at 0x7fe07cf101e0>,73,1,[10  1],74,143,144,69,143
1,<environment.Job instance at 0x7fe07cf10cd0>,75,3,[5 1],76,144,147,68,144
1,<environment.Job instance at 0x7fe07d2c8e60>,53,18,[5 7],54,144,162,90,144
1,<environment.Job instance at 0x7fe07d2c8af0>,49,17,[9 2],50,150,167,100,150
1,<environment.Job instance at 0x7fe07be1e690>,1,15,[4 7],2,2,17,0,2
1,<environment.Job instance at 0x7fe07cc77640>,2,21,[2 7],3,3,24,0,3
1,<environment.Job instance at 0x7fe07d34de60>,6,12,[6 3],7,17,29,10,7
1,<environment.Job instance at 0x7fe07d220eb0>,7,3,[9 1],8,8,11,0,8
1,<environment.Job instance at 0x7fe07d220050>,8,2,[10  1],9,29,31,20,9
1,<environment.Job instance at 0x7fe07d24ab40>,10,3,[14  1],11,31,34,20,11
1,<environment.Job instance at 0x7fe07d51b2d0>,17,1,[ 2 14],18,29,30,11,19
1,<environment.Job instance at 0x7fe07d220410>,13,13,[5 6],14,34,47,20,24
1,<environment.Job instance at 0x7fe07d0de3c0>,22,1,[ 3 14],23,30,31,7,24
1,<environment.Job instance at 0x7fe07d5208c0>,25,1,[11  3],26,47,48,21,28
1,<environment.Job instance at 0x7fe07ca87c80>,20,28,[1 8],21,33,61,12,33
1,<environment.Job instance at 0x7fe07d241050>,38,3,[ 3 12],39,61,64,22,39
1,<environment.Job instance at 0x7fe07d696460>,39,15,[5 2],40,48,63,8,40
1,<environment.Job instance at 0x7fe07d57f140>,41,1,[3 5],42,48,49,6,42
1,<environment.Job instance at 0x7fe07c642a50>,43,1,[3 8],44,64,65,20,44
1,<environment.Job instance at 0x7fe07d682b40>,47,2,[12  5],48,64,66,16,50
1,<environment.Job instance at 0x7fe07d678aa0>,48,1,[7 5],49,51,52,2,51
1,<environment.Job instance at 0x7fe07d691640>,51,1,[3 8],52,65,66,13,52
1,<environment.Job instance at 0x7fe07d57f320>,40,16,[ 1 10],41,66,82,25,53
1,<environment.Job instance at 0x7fe07d691320>,50,15,[6 2],51,66,81,15,55
1,<environment.Job instance at 0x7fe07d691500>,54,19,[8 2],55,66,85,11,56
1,<environment.Job instance at 0x7fe07d6919b0>,52,13,[12  1],53,85,98,32,85
1,<environment.Job instance at 0x7fe07d691eb0>,57,18,[9 1],58,98,116,40,93
1,<environment.Job instance at 0x7fe07d691690>,58,16,[ 1 10],59,105,121,46,105
1,<environment.Job instance at 0x7fe07d6915f0>,55,17,[8 2],56,116,133,60,109
1,<environment.Job instance at 0x7fe07d69a230>,60,16,[6 4],61,122,138,61,122
1,<environment.Job instance at 0x7fe07d69a2d0>,61,13,[13  1],62,138,151,76,124
1,<environment.Job instance at 0x7fe07d69a500>,62,17,[ 2 12],63,150,167,87,150
1,<environment.Job instance at 0x7fe07d69a460>,63,14,[11  1],64,151,165,87,151
1,<environment.Job instance at 0x7fe07ce79eb0>,0,17,[2 7],1,1,18,0,1
1,<environment.Job instance at 0x7fe07ce79f00>,1,15,[4 7],2,2,17,0,2
1,<environment.Job instance at 0x7fe07ce79230>,7,3,[9 1],8,8,11,0,8
1,<environment.Job instance at 0x7fe07ce79780>,8,2,[10  1],9,17,19,8,17
1,<environment.Job instance at 0x7fe07c887960>,13,13,[5 6],14,18,31,4,18
1,<environment.Job instance at 0x7fe07ce79280>,6,12,[6 3],7,19,31,12,19
1,<environment.Job instance at 0x7fe07c887e60>,23,17,[ 5 10],24,31,48,7,31
1,<environment.Job instance at 0x7fe07c049320>,24,15,[5 6],25,48,63,23,48
1,<environment.Job instance at 0x7fe07c049730>,30,17,[10  3],31,48,65,17,48
1,<environment.Job instance at 0x7fe07c049370>,32,17,[ 2 10],33,63,80,30,63
1,<environment.Job instance at 0x7fe07c049820>,33,12,[2 8],34,80,92,46,80
1,<environment.Job instance at 0x7fe07ce79140>,2,21,[2 7],3,80,101,77,80
1,<environment.Job instance at 0x7fe07c09f050>,36,14,[5 8],37,92,106,55,92
1,<environment.Job instance at 0x7fe07c09f9b0>,39,15,[5 2],40,101,116,61,101
1,<environment.Job instance at 0x7fe07c09fb40>,41,1,[3 5],42,101,102,59,101
1,<environment.Job instance at 0x7fe07c09faa0>,43,1,[3 8],44,106,107,62,106
1,<environment.Job instance at 0x7fe07c09f960>,44,16,[6 1],45,106,122,61,106
1,<environment.Job instance at 0x7fe07c09fa50>,40,16,[ 1 10],41,107,123,66,107
1,<environment.Job instance at 0x7fe07d10fe60>,48,1,[7 5],49,122,123,73,122
1,<environment.Job instance at 0x7fe07d10fe10>,50,15,[6 2],51,123,138,72,123
1,<environment.Job instance at 0x7fe07d10fc80>,51,1,[3 8],52,123,124,71,123
1,<environment.Job instance at 0x7fe07d10f2d0>,46,17,[5 8],47,124,141,77,124
1,<environment.Job instance at 0x7fe07d10f460>,55,17,[8 2],56,138,155,82,138
1,<environment.Job instance at 0x7fe07cc90140>,58,16,[ 1 10],59,141,157,82,141
1,<environment.Job instance at 0x7fe07cc908c0>,60,16,[6 4],61,155,171,94,155
1,<environment.Job instance at 0x7fe07cf10230>,65,15,[7 5],66,157,172,91,157
1,<environment.Job instance at 0x7f63dced78c0>,3,3,[ 4 14],4,5,8,1,5
1,<environment.Job instance at 0x7f63d388dd70>,6,20,[6 1],7,7,27,0,7
1,<environment.Job instance at 0x7f63d38920f0>,11,1,[8 5],12,12,13,0,12
1,<environment.Job instance at 0x7f63d388daf0>,4,14,[1 6],5,13,27,8,13
1,<environment.Job instance at 0x7f63d3892190>,12,13,[10  2],13,27,40,14,16
1,<environment.Job instance at 0x7f63d38924b0>,16,16,[3 5],17,17,33,0,17
1,<environment.Job instance at 0x7f63d388dc30>,5,24,[1 5],6,57,81,51,57
1,<environment.Job instance at 0x7f63d3892280>,18,3,[ 4 13],19,81,84,62,58
1,<environment.Job instance at 0x7f63d3892370>,13,28,[ 4 14],14,138,166,124,138
1,<environment.Job instance at 0x7f63d3892870>,22,1,[2 7],23,166,167,143,138
1,<environment.Job instance at 0x7f63d38927d0>,21,1,[6 5],22,166,167,144,138
1,<environment.Job instance at 0x7f63d3892f50>,33,1,[11  3],34,167,168,133,139
1,<environment.Job instance at 0x7f63d38c5c30>,2,22,[4 8],3,3,25,0,3
1,<environment.Job instance at 0x7f63d388d910>,4,14,[1 6],5,5,19,0,5
1,<environment.Job instance at 0x7f63d388d960>,6,20,[6 1],7,7,27,0,7
1,<environment.Job instance at 0x7f63d394fd70>,11,1,[8 5],12,25,26,13,25
1,<environment.Job instance at 0x7f63d39e3e10>,21,1,[6 5],22,26,27,4,26
1,<environment.Job instance at 0x7f63d39e3550>,22,1,[2 7],23,26,27,3,26
1,<environment.Job instance at 0x7f63d394f190>,12,13,[10  2],13,27,40,14,27
1,<environment.Job instance at 0x7f63d394ff50>,16,16,[3 5],17,27,43,10,27
1,<environment.Job instance at 0x7f63d394f050>,15,18,[2 8],16,27,45,11,27
1,<environment.Job instance at 0x7f63d394f870>,14,13,[7 3],15,43,56,28,43
1,<environment.Job instance at 0x7f63d394a370>,35,2,[1 8],36,45,47,9,45
1,<environment.Job instance at 0x7f63d394a6e0>,34,16,[2 8],35,47,63,12,47
1,<environment.Job instance at 0x7f63d394a820>,36,15,[9 5],37,56,71,19,56
1,<environment.Job instance at 0x7f63d394ee10>,46,13,[6 5],47,63,76,16,63
1,<environment.Job instance at 0x7f63d399c780>,27,18,[1 8],28,71,89,43,71
1,<environment.Job instance at 0x7f63d394e910>,49,15,[10  1],50,76,91,26,76
1,<environment.Job instance at 0x7f63d39ad5a0>,54,17,[5 7],55,90,107,35,90
1,<environment.Job instance at 0x7f63d394aeb0>,41,15,[10  3],42,91,106,49,91
1,<environment.Job instance at 0x7f63d393c4b0>,57,17,[8 5],58,106,123,48,106
1,<environment.Job instance at 0x7f63d39ad820>,59,14,[2 7],60,107,121,47,107
1,<environment.Job instance at 0x7f63d39ad550>,60,17,[1 6],61,121,138,60,121
1,<environment.Job instance at 0x7f63d39b8d70>,62,3,[5 5],63,123,126,60,123
1,<environment.Job instance at 0x7f63d39b8aa0>,63,14,[8 1],64,123,137,59,123
1,<environment.Job instance at 0x7f63d3921dc0>,44,18,[5 5],45,126,144,81,126
1,<environment.Job instance at 0x7f63d3943f00>,65,2,[10  4],66,139,141,73,139
1,<environment.Job instance at 0x7f63d399c190>,24,18,[ 4 10],25,141,159,116,141
1,<environment.Job instance at 0x7f63d3949730>,64,20,[10  2],65,144,164,79,144
1,<environment.Job instance at 0x7f63d38bc640>,69,2,[ 3 10],70,159,161,89,159
1,<environment.Job instance at 0x7f63d38bc8c0>,73,2,[5 9],74,161,163,87,161
1,<environment.Job instance at 0x7f63d3949410>,67,18,[3 8],68,163,181,95,163
1,<environment.Job instance at 0x7f63d38d67d0>,74,13,[6 3],75,165,178,90,165
1,<environment.Job instance at 0x7f63d38f92d0>,75,14,[5 1],76,165,179,89,165
1,<environment.Job instance at 0x7f63d38b1370>,0,2,[9 5],1,1,3,0,1
1,<environment.Job instance at 0x7f63d2fd6320>,4,19,[6 1],5,5,24,0,5
1,<environment.Job instance at 0x7f63d2fdf910>,9,14,[2 6],10,10,24,0,10
1,<environment.Job instance at 0x7f63d2fdf7d0>,11,13,[4 9],12,24,37,12,12
1,<environment.Job instance at 0x7f63d30c3050>,13,2,[13  3],14,37,39,23,15
1,<environment.Job instance at 0x7f63d3114d70>,15,2,[5 2],16,16,18,0,16
1,<environment.Job instance at 0x7f63d320ae10>,16,1,[5 9],17,39,40,22,17
1,<environment.Job instance at 0x7f63d2fdfeb0>,12,14,[2 9],13,40,54,27,25
1,<environment.Job instance at 0x7f63d3114820>,19,12,[9 3],20,25,37,5,25
1,<environment.Job instance at 0x7f63d30c0cd0>,23,12,[1 7],24,54,66,30,37
1,<environment.Job instance at 0x7f63d30c0c80>,24,3,[10  2],25,39,42,14,37
1,<environment.Job instance at 0x7f63d30c0fa0>,25,3,[5 5],26,42,45,16,37
1,<environment.Job instance at 0x7f63d30c0f50>,26,3,[ 5 10],27,66,69,39,40
1,<environment.Job instance at 0x7f63d313fe10>,28,3,[10  1],29,45,48,16,40
1,<environment.Job instance at 0x7f63d30c0460>,30,2,[7 5],31,48,50,17,40
1,<environment.Job instance at 0x7f63d31750a0>,33,3,[7 5],34,50,53,16,40
1,<environment.Job instance at 0x7f63d315ae60>,36,22,[6 1],37,49,71,12,49
1,<environment.Job instance at 0x7f63d312c910>,38,2,[5 2],39,53,55,14,49
1,<environment.Job instance at 0x7f63d312cbe0>,37,15,[3 7],38,69,84,31,55
1,<environment.Job instance at 0x7f63d312c780>,39,22,[2 7],40,70,92,30,70
1,<environment.Job instance at 0x7f63d2e60f00>,41,1,[ 2 14],42,92,93,50,70
1,<environment.Job instance at 0x7f63d2e62640>,42,2,[12  2],43,84,86,41,70
1,<environment.Job instance at 0x7f63d2e62d20>,43,2,[5 9],44,93,95,49,70
1,<environment.Job instance at 0x7f63d2e62fa0>,44,13,[9 4],45,93,106,48,77
1,<environment.Job instance at 0x7f63d2fdfbe0>,7,21,[ 3 10],8,95,116,87,88
1,<environment.Job instance at 0x7f63d2e62140>,46,17,[3 8],47,116,133,69,104
1,<environment.Job instance at 0x7f63d2e5b320>,49,14,[ 1 10],50,133,147,83,118
1,<environment.Job instance at 0x7f63d2e5baf0>,50,25,[6 2],51,121,146,70,121
1,<environment.Job instance at 0x7f63d2e62dc0>,47,19,[10  5],48,146,165,98,137
1,<environment.Job instance at 0x7f63f855e500>,52,14,[6 1],53,165,179,112,150
1,<environment.Job instance at 0x7f63d3114190>,17,27,[2 9],18,151,178,133,151
1,<environment.Job instance at 0x7f63d2e61d70>,54,16,[3 8],55,178,194,123,168
1,<environment.Job instance at 0x7f63d2e61230>,55,14,[10  1],56,179,193,123,168
1,<environment.Job instance at 0x7f63d38ac820>,0,2,[9 5],1,1,3,0,1
1,<environment.Job instance at 0x7f63d38ac780>,1,22,[2 9],2,2,24,0,2
1,<environment.Job instance at 0x7f63d38ac640>,2,16,[6 4],3,3,19,0,3
1,<environment.Job instance at 0x7f63d38ac460>,4,19,[6 1],5,5,24,0,5
1,<environment.Job instance at 0x7f63d38ac730>,3,18,[6 5],4,19,37,15,19
1,<environment.Job instance at 0x7f63d394f0f0>,11,13,[4 9],12,24,37,12,24
1,<environment.Job instance at 0x7f63d394fcd0>,16,1,[5 9],17,37,38,20,37
1,<environment.Job instance at 0x7f63d394f2d0>,15,2,[5 2],16,37,39,21,37
1,<environment.Job instance at 0x7f63d394faf0>,19,12,[9 3],20,38,50,18,38
1,<environment.Job instance at 0x7f63dced77d0>,23,12,[1 7],24,39,51,15,39
1,<environment.Job instance at 0x7f63d307cc80>,24,3,[10  2],25,50,53,25,50
1,<environment.Job instance at 0x7f63d38ac050>,9,14,[2 6],10,50,64,40,50
1,<environment.Job instance at 0x7f63dcf1d280>,25,3,[5 5],26,53,56,27,53
1,<environment.Job instance at 0x7f63d30b6f00>,28,3,[10  1],29,56,59,27,56
1,<environment.Job instance at 0x7f63dcf1d140>,30,2,[7 5],31,59,61,28,59
1,<environment.Job instance at 0x7f63d30b70a0>,31,14,[2 7],32,61,75,29,61
1,<environment.Job instance at 0x7f63d30b78c0>,33,3,[7 5],34,64,67,30,64
1,<environment.Job instance at 0x7f63d30ba820>,37,15,[3 7],38,67,82,29,67
1,<environment.Job instance at 0x7f63d31b70a0>,38,2,[5 2],39,75,77,36,75
1,<environment.Job instance at 0x7f63d394f7d0>,20,18,[10  3],21,78,96,57,78
1,<environment.Job instance at 0x7f63d303eaa0>,43,2,[5 9],44,82,84,38,82
1,<environment.Job instance at 0x7f63d308a820>,26,3,[ 5 10],27,84,87,57,84
1,<environment.Job instance at 0x7f63d394f4b0>,12,14,[2 9],13,87,101,74,87
1,<environment.Job instance at 0x7f63d303e0a0>,44,13,[9 4],45,97,110,52,97
1,<environment.Job instance at 0x7f63d3047910>,49,14,[ 1 10],50,101,115,51,101
1,<environment.Job instance at 0x7f63d304a640>,52,14,[6 1],53,110,124,57,110
1,<environment.Job instance at 0x7f63d38ac320>,5,16,[ 2 10],6,115,131,109,115
1,<environment.Job instance at 0x7f63d3052370>,55,14,[10  1],56,124,138,68,124
1,<environment.Job instance at 0x7f63d3052dc0>,54,16,[3 8],55,131,147,76,131
1,<environment.Job instance at 0x7f63d30550f0>,58,13,[6 3],59,138,151,79,138
1,<environment.Job instance at 0x7f63d30e8820>,59,13,[7 4],60,147,160,87,147
1,<environment.Job instance at 0x7f63d3055280>,61,20,[1 7],62,148,168,86,148
1,<environment.Job instance at 0x7f63d30552d0>,56,16,[9 2],57,160,176,103,160
1,<environment.Job instance at 0x7f63d305d050>,68,2,[2 8],69,168,170,99,168
1,<environment.Job instance at 0x7f63d2e40fa0>,2,3,[3 5],3,3,6,0,3
1,<environment.Job instance at 0x7f63d2e400f0>,1,13,[1 6],2,7,20,5,7
1,<environment.Job instance at 0x7f63d2e91140>,8,19,[7 1],9,10,29,1,10
1,<environment.Job instance at 0x7f63d2e91b90>,13,1,[10  2],14,29,30,15,16
1,<environment.Job instance at 0x7f63d2e917d0>,9,19,[5 4],10,17,36,7,17
1,<environment.Job instance at 0x7f63d2ebd550>,15,2,[9 5],16,30,32,14,17
1,<environment.Job instance at 0x7f63d2ebd9b0>,17,16,[3 9],18,32,48,14,25
1,<environment.Job instance at 0x7f63d2ebd2d0>,21,12,[3 8],22,48,60,26,31
1,<environment.Job instance at 0x7f63d2e91780>,11,2,[13  1],12,60,62,48,39
1,<environment.Job instance at 0x7f63d2ebd500>,32,2,[5 7],33,48,50,15,39
1,<environment.Job instance at 0x7f63d2e94820>,37,2,[6 3],38,39,41,1,39
1,<environment.Job instance at 0x7f63d4088a00>,0,17,[10  3],1,1,18,0,1
1,<environment.Job instance at 0x7f63d4388aa0>,1,13,[1 6],2,2,15,0,2
1,<environment.Job instance at 0x7f63d36950f0>,2,3,[3 5],3,3,6,0,3
1,<environment.Job instance at 0x7f63d417d140>,3,14,[1 5],4,6,20,2,6
1,<environment.Job instance at 0x7f63d4427960>,13,1,[10  2],14,18,19,4,18
1,<environment.Job instance at 0x7f63d32b0140>,15,2,[9 5],16,19,21,3,19
1,<environment.Job instance at 0x7f63d3d32230>,19,12,[ 5 10],20,20,32,0,20
1,<environment.Job instance at 0x7f63d3697cd0>,20,17,[7 5],21,21,38,0,21
1,<environment.Job instance at 0x7f63d3d21690>,21,12,[3 8],22,32,44,10,32
1,<environment.Job instance at 0x7f63dcaac780>,23,15,[4 6],24,38,53,14,38
1,<environment.Job instance at 0x7f63d32b0e60>,8,19,[7 1],9,38,57,29,38
1,<environment.Job instance at 0x7f63d319a5f0>,27,18,[1 5],28,44,62,16,44
1,<environment.Job instance at 0x7f63dca27370>,29,13,[1 7],30,53,66,23,53
1,<environment.Job instance at 0x7f63d320bcd0>,26,15,[5 3],27,57,72,30,57
1,<environment.Job instance at 0x7f63d32927d0>,37,2,[6 3],38,66,68,28,66
1,<environment.Job instance at 0x7f63dd0a3140>,17,16,[3 9],18,66,82,48,66
1,<environment.Job instance at 0x7f63d2fe3e10>,40,3,[1 6],41,72,75,31,72
1,<environment.Job instance at 0x7f63dca7dc80>,42,2,[5 5],43,75,77,32,75
1,<environment.Job instance at 0x7f63d32d9690>,43,1,[7 4],44,77,78,33,77
1,<environment.Job instance at 0x7f63d32925f0>,36,13,[5 5],37,78,91,41,78
1,<environment.Job instance at 0x7f63d3195780>,32,2,[5 7],33,82,84,49,82
1,<environment.Job instance at 0x7f63d31d4370>,48,3,[5 5],49,84,87,35,84
1,<environment.Job instance at 0x7f63d310a0a0>,47,14,[7 5],48,87,101,39,87
1,<environment.Job instance at 0x7f63d40c75f0>,39,14,[7 5],40,91,105,51,91
1,<environment.Job instance at 0x7f63d31d4af0>,51,1,[7 4],52,101,102,49,101
1,<environment.Job instance at 0x7f63d32b08c0>,10,14,[ 3 10],11,102,116,91,102
1,<environment.Job instance at 0x7f63d31d4a50>,52,2,[9 2],53,105,107,52,105
1,<environment.Job instance at 0x7f63d3271370>,58,2,[7 5],59,107,109,48,107
1,<environment.Job instance at 0x7f63d32d9550>,44,16,[10  4],45,109,125,64,109
1,<environment.Job instance at 0x7f63d3232b40>,59,17,[4 8],60,117,134,57,117
1,<environment.Job instance at 0x7f63d31d4320>,53,17,[7 2],54,127,144,73,127
1,<environment.Job instance at 0x7f63d3151e10>,66,14,[ 2 10],67,134,148,67,134
1,<environment.Job instance at 0x7f63d31d4aa0>,49,18,[9 5],50,144,162,94,144
1,<environment.Job instance at 0x7f63d30e8dc0>,70,14,[ 5 10],71,148,162,77,148
1,<environment.Job instance at 0x7f63d3236320>,72,3,[7 4],73,162,165,89,162
1,<environment.Job instance at 0x7f63d30e8640>,71,16,[5 9],72,162,178,90,162
1,<environment.Job instance at 0x7f63d32369b0>,73,17,[5 1],74,165,182,91,165
1,<environment.Job instance at 0x7f63d2ea3780>,0,1,[2 9],1,1,2,0,1
1,<environment.Job instance at 0x7f63d3293a50>,4,3,[13  1],5,5,8,0,5
1,<environment.Job instance at 0x7f63d2ea3aa0>,5,3,[2 6],6,6,9,0,6
1,<environment.Job instance at 0x7f63d2ea3a50>,8,3,[ 1 13],9,9,12,0,9
1,<environment.Job instance at 0x7f63d3524a00>,20,1,[9 3],21,21,22,0,21
1,<environment.Job instance at 0x7f63d2ea3d70>,23,15,[4 6],24,47,62,23,47
1,<environment.Job instance at 0x7f63d350d9b0>,0,1,[2 9],1,1,2,0,1
1,<environment.Job instance at 0x7f63d350d280>,3,22,[10  2],4,4,26,0,4
1,<environment.Job instance at 0x7f63d32dab90>,5,3,[2 6],6,6,9,0,6
1,<environment.Job instance at 0x7f63d320cf00>,7,18,[5 9],8,9,27,1,9
1,<environment.Job instance at 0x7f63d3232870>,13,13,[10  4],14,26,39,12,26
1,<environment.Job instance at 0x7f63d3232b40>,14,16,[5 5],15,27,43,12,27
1,<environment.Job instance at 0x7f63d31d4320>,20,1,[9 3],21,39,40,18,39
1,<environment.Job instance at 0x7f63d3294550>,23,15,[4 6],24,40,55,16,40
1,<environment.Job instance at 0x7f63d320c1e0>,6,18,[7 5],7,43,61,36,43
1,<environment.Job instance at 0x7f63d31d4960>,26,3,[5 5],27,55,58,28,55
1,<environment.Job instance at 0x7f63d32369b0>,9,18,[8 4],10,58,76,48,58
1,<environment.Job instance at 0x7f63d32d9550>,28,14,[6 4],29,61,75,32,61
1,<environment.Job instance at 0x7f63d32924b0>,31,13,[ 4 10],32,75,88,43,75
1,<environment.Job instance at 0x7f63d32d9690>,27,15,[10  1],28,77,92,49,77
1,<environment.Job instance at 0x7f63d32b7410>,19,18,[3 6],20,88,106,68,88
1,<environment.Job instance at 0x7f63d31d4370>,25,18,[1 8],26,88,106,62,88
1,<environment.Job instance at 0x7f63d320bd70>,35,21,[7 1],36,93,114,57,93
1,<environment.Job instance at 0x7f63d440b1e0>,39,13,[3 9],40,106,119,66,106
1,<environment.Job instance at 0x7f63d320b7d0>,37,17,[2 5],38,106,123,68,106
1,<environment.Job instance at 0x7f63d3697e60>,41,1,[10  5],42,119,120,77,119
1,<environment.Job instance at 0x7f63d32b0e60>,48,12,[3 8],49,120,132,71,120
1,<environment.Job instance at 0x7f63d320b5f0>,36,14,[8 5],37,123,137,86,123
1,<environment.Job instance at 0x7f63d3293640>,54,14,[1 5],55,133,147,78,133
1,<environment.Job instance at 0x7f63d32927d0>,34,19,[6 3],35,133,152,98,133
1,<environment.Job instance at 0x7f63d2ea32d0>,55,12,[1 6],56,137,149,81,137
1,<environment.Job instance at 0x7f63d2ea3230>,59,15,[1 6],60,147,162,87,147
1,<environment.Job instance at 0x7f63d33a9aa0>,62,2,[10  5],63,152,154,89,152
1,<environment.Job instance at 0x7f63d33a95f0>,64,15,[7 4],65,154,169,89,154
1,<environment.Job instance at 0x7f63d3927c80>,66,14,[6 2],67,162,176,95,162
1,<environment.Job instance at 0x7f63d417d140>,50,17,[1 9],51,162,179,111,162
1,<environment.Job instance at 0x7f63d33a9820>,69,12,[8 1],70,169,181,99,169
1,<environment.Job instance at 0x7f63dd049780>,0,3,[3 5],1,1,4,0,1
1,<environment.Job instance at 0x7f63d3cb6730>,1,14,[3 6],2,2,16,0,2
1,<environment.Job instance at 0x7f63d36baa00>,3,1,[6 1],4,4,5,0,4
1,<environment.Job instance at 0x7f63d36a5640>,10,14,[6 1],11,11,25,0,11
1,<environment.Job instance at 0x7f63d350d2d0>,12,17,[10  4],13,25,42,12,20
1,<environment.Job instance at 0x7f63d36a05a0>,20,20,[5 6],21,21,41,0,21
1,<environment.Job instance at 0x7f63d32bc870>,21,1,[ 5 13],22,42,43,20,22
1,<environment.Job instance at 0x7f63d36a0190>,18,18,[3 6],19,43,61,24,33
1,<environment.Job instance at 0x7f63d3586d20>,23,3,[14  1],24,61,64,37,35
1,<environment.Job instance at 0x7f63d36a0d70>,24,1,[10  5],25,43,44,18,35
1,<environment.Job instance at 0x7f63d43b7410>,26,12,[6 5],27,44,56,17,36
1,<environment.Job instance at 0x7f63d369f190>,27,21,[ 2 13],28,64,85,36,56
1,<environment.Job instance at 0x7f63d369f4b0>,28,16,[ 3 14],29,85,101,56,75
1,<environment.Job instance at 0x7f63d32d8140>,29,16,[ 1 11],30,101,117,71,89
1,<environment.Job instance at 0x7f63d32f62d0>,30,15,[5 5],31,117,132,86,104
1,<environment.Job instance at 0x7f63d36a5c80>,17,13,[13  3],18,104,117,86,104
1,<environment.Job instance at 0x7f63d369f050>,31,24,[ 2 13],32,132,156,100,128
1,<environment.Job instance at 0x7f63d3240d20>,33,15,[ 1 10],34,156,171,122,142
1,<environment.Job instance at 0x7f63d3240550>,34,13,[7 5],35,156,169,121,143
1,<environment.Job instance at 0x7f63d32e8500>,36,1,[ 2 10],37,171,172,134,143
1,<environment.Job instance at 0x7f63d36b0820>,43,3,[9 1],44,153,156,109,153
1,<environment.Job instance at 0x7f63d32c8a50>,45,17,[6 5],46,169,186,123,157
1,<environment.Job instance at 0x7f63d39d5640>,0,3,[3 5],1,1,4,0,1
1,<environment.Job instance at 0x7f63d39701e0>,1,14,[3 6],2,2,16,0,2
1,<environment.Job instance at 0x7f63d39d2a50>,3,1,[6 1],4,4,5,0,4
1,<environment.Job instance at 0x7f63d3a3d780>,5,16,[5 8],6,6,22,0,6
1,<environment.Job instance at 0x7f63d3a3dd20>,10,14,[6 1],11,11,25,0,11
1,<environment.Job instance at 0x7f63d3a2e500>,13,14,[3 9],14,22,36,8,22
1,<environment.Job instance at 0x7f63d3a3e1e0>,24,1,[10  5],25,25,26,0,25
1,<environment.Job instance at 0x7f63d3918230>,12,17,[10  4],13,26,43,13,26
1,<environment.Job instance at 0x7f63d3a3d910>,7,17,[1 7],8,36,53,28,36
1,<environment.Job instance at 0x7f63d3960af0>,26,12,[6 5],27,43,55,16,43
1,<environment.Job instance at 0x7f63d3913820>,11,20,[6 3],12,43,63,31,43
1,<environment.Job instance at 0x7f63d38ecd20>,18,18,[3 6],19,53,71,34,53
1,<environment.Job instance at 0x7f63d3fadeb0>,30,15,[5 5],31,55,70,24,55
1,<environment.Job instance at 0x7f63d3c045f0>,34,13,[7 5],35,70,83,35,70
1,<environment.Job instance at 0x7f63d3c04dc0>,36,1,[ 2 10],37,71,72,34,71
1,<environment.Job instance at 0x7f63d3a14230>,39,14,[3 6],40,72,86,32,72
1,<environment.Job instance at 0x7f63d3a14500>,43,3,[9 1],44,83,86,39,83
1,<environment.Job instance at 0x7f63d3d32230>,33,15,[ 1 10],34,86,101,52,86
1,<environment.Job instance at 0x7f63d399d910>,49,1,[6 1],50,86,87,36,86
1,<environment.Job instance at 0x7f63d39f9960>,50,15,[5 2],51,86,101,35,86
1,<environment.Job instance at 0x7f63d39f9c80>,52,14,[7 1],53,87,101,34,87
1,<environment.Job instance at 0x7f63d38f1e10>,57,14,[2 6],58,101,115,43,101
1,<environment.Job instance at 0x7f63d38cc3c0>,59,16,[2 9],60,101,117,41,101
1,<environment.Job instance at 0x7f63d399d320>,45,17,[6 5],46,115,132,69,115
1,<environment.Job instance at 0x7f63d417a1e0>,62,16,[ 2 10],63,117,133,54,117
1,<environment.Job instance at 0x7f63d3bcd230>,63,17,[4 5],64,132,149,68,132
1,<environment.Job instance at 0x7f63d3f5f1e0>,48,16,[ 5 10],49,133,149,84,133
1,<environment.Job instance at 0x7f63d32df9b0>,65,1,[1 6],66,149,150,83,149
1,<environment.Job instance at 0x7f63d3913b90>,16,18,[10  3],17,149,167,132,149
1,<environment.Job instance at 0x7f63d3bcd2d0>,64,18,[ 1 10],65,150,168,85,150
1,<environment.Job instance at 0x7f63d3b51320>,69,3,[7 1],70,167,170,97,167
1,<environment.Job instance at 0x7f63d3bae9b0>,60,18,[7 5],61,168,186,107,168
1,<environment.Job instance at 0x7f63d39f1320>,1,1,[9 1],2,3,4,1,3
1,<environment.Job instance at 0x7f63d39f1e10>,3,3,[8 2],4,4,7,0,4
1,<environment.Job instance at 0x7f63d39cd4b0>,4,3,[11  2],5,7,10,2,5
1,<environment.Job instance at 0x7f63d39cd190>,5,3,[14  5],6,10,13,4,6
1,<environment.Job instance at 0x7f63d39cd3c0>,6,12,[5 4],7,13,25,6,7
1,<environment.Job instance at 0x7f63d39cdb40>,7,14,[8 1],8,13,27,5,8
1,<environment.Job instance at 0x7f63d39cda00>,13,2,[11  1],14,27,29,13,14
1,<environment.Job instance at 0x7f63d39cd500>,15,12,[9 4],16,29,41,13,16
1,<environment.Job instance at 0x7f63d39cd730>,17,1,[13  4],18,41,42,23,18
1,<environment.Job instance at 0x7f63d39cd910>,19,15,[4 9],20,25,40,5,20
1,<environment.Job instance at 0x7f63d39f1190>,10,17,[ 3 13],11,42,59,31,35
1,<environment.Job instance at 0x7f63d32c68c0>,1,1,[9 1],2,2,3,0,2
1,<environment.Job instance at 0x7f63dd0a3140>,3,3,[8 2],4,4,7,0,4
1,<environment.Job instance at 0x7f63d39515f0>,6,12,[5 4],7,7,19,0,7
1,<environment.Job instance at 0x7f63d3d52910>,7,14,[8 1],8,8,22,0,8
1,<environment.Job instance at 0x7f63d3918230>,8,16,[ 4 10],9,19,35,10,19
1,<environment.Job instance at 0x7f63d3692320>,15,12,[9 4],16,22,34,6,22
1,<environment.Job instance at 0x7f63d3278820>,23,2,[5 2],24,34,36,10,34
1,<environment.Job instance at 0x7f63d32e8b90>,24,3,[5 1],25,34,37,9,34
1,<environment.Job instance at 0x7f63d39cd050>,19,15,[4 9],20,35,50,15,35
1,<environment.Job instance at 0x7f63d3cf2870>,14,21,[6 5],15,36,57,21,36
1,<environment.Job instance at 0x7f63d3718280>,31,2,[5 9],32,50,52,18,50
1,<environment.Job instance at 0x7f63d3718aa0>,33,15,[4 7],34,52,67,18,52
1,<environment.Job instance at 0x7f63d39fcd20>,37,12,[9 4],38,57,69,19,57
1,<environment.Job instance at 0x7f63d4339730>,36,17,[ 4 10],37,67,84,30,67
1,<environment.Job instance at 0x7f63d39fc870>,41,3,[10  1],42,69,72,27,69
1,<environment.Job instance at 0x7f63d39fc0a0>,42,15,[7 5],43,72,87,29,72
1,<environment.Job instance at 0x7f63d314baf0>,46,3,[2 7],47,84,87,37,84
1,<environment.Job instance at 0x7f63d357cbe0>,48,1,[8 1],49,87,88,38,87
1,<environment.Job instance at 0x7f63d41ebaa0>,45,14,[ 1 10],46,87,101,41,87
1,<environment.Job instance at 0x7f63d36b30f0>,20,15,[7 5],21,88,103,67,88
1,<environment.Job instance at 0x7f63d345f820>,54,14,[7 2],55,101,115,46,101
1,<environment.Job instance at 0x7f63d303eb90>,55,12,[6 1],56,103,115,47,103
1,<environment.Job instance at 0x7f63d357d5f0>,28,17,[2 7],29,103,120,74,103
1,<environment.Job instance at 0x7f63d303e460>,56,2,[9 2],57,115,117,58,115
1,<environment.Job instance at 0x7f63d3725730>,57,2,[6 3],58,117,119,59,117
1,<environment.Job instance at 0x7f63d4030870>,52,14,[7 2],53,117,131,64,117
1,<environment.Job instance at 0x7f63d3e36af0>,61,16,[6 5],62,119,135,57,119
1,<environment.Job instance at 0x7f63d359e140>,62,14,[5 4],63,131,145,68,131
1,<environment.Job instance at 0x7f63d3725d70>,63,12,[ 3 10],64,135,147,71,135
1,<environment.Job instance at 0x7f63d3eefdc0>,59,15,[10  1],60,145,160,85,145
1,<environment.Job instance at 0x7f63d37255a0>,60,14,[3 8],61,147,161,86,147
1,<environment.Job instance at 0x7f63dd049230>,69,2,[5 5],70,160,162,90,160
1,<environment.Job instance at 0x7f63d30e8c30>,71,2,[8 4],72,161,163,89,161
1,<environment.Job instance at 0x7f63d30e8410>,73,12,[5 9],74,162,174,88,162
1,<environment.Job instance at 0x7f63d447e870>,66,12,[10  1],67,163,175,96,163
1,<environment.Job instance at 0x7f63d39e6d70>,0,1,[8 3],1,1,2,0,1
1,<environment.Job instance at 0x7f63d39e6b90>,1,13,[8 3],2,2,15,0,2
1,<environment.Job instance at 0x7f63d32bbc30>,3,1,[7 1],4,4,5,0,4
1,<environment.Job instance at 0x7f63d32c1190>,11,17,[6 4],12,12,29,0,12
1,<environment.Job instance at 0x7f63d32c1410>,12,17,[4 7],13,15,32,2,13
1,<environment.Job instance at 0x7f63d32c1aa0>,13,3,[ 3 10],14,32,35,18,14
1,<environment.Job instance at 0x7f63d32c1b40>,16,12,[5 1],17,19,31,2,19
1,<environment.Job instance at 0x7f63d32c1050>,19,3,[ 3 11],20,35,38,15,20
1,<environment.Job instance at 0x7f63d32c14b0>,18,2,[8 5],19,31,33,12,21
1,<environment.Job instance at 0x7f63d32f3dc0>,21,3,[1 6],22,38,41,16,23
1,<environment.Job instance at 0x7f63d32f3f00>,23,14,[5 7],24,38,52,14,24
1,<environment.Job instance at 0x7f63d32c15f0>,25,2,[3 9],26,52,54,26,26
1,<environment.Job instance at 0x7f63d32bbaf0>,15,14,[2 6],16,41,55,25,27
1,<environment.Job instance at 0x7f63d32f3e60>,20,14,[14  1],21,113,127,92,113
1,<environment.Job instance at 0x7f63d437b870>,31,1,[10  1],32,127,128,95,113
1,<environment.Job instance at 0x7f63d31ba780>,29,14,[ 3 14],30,127,141,97,127
1,<environment.Job instance at 0x7f63d2e67230>,32,1,[10  1],33,128,129,95,127
1,<environment.Job instance at 0x7f63d2e68280>,33,20,[1 8],34,141,161,107,132
1,<environment.Job instance at 0x7f63d2e67690>,34,18,[5 4],35,141,159,106,133
1,<environment.Job instance at 0x7f63d4397370>,35,17,[7 2],36,141,158,105,140
1,<environment.Job instance at 0x7f63d2fd9d70>,37,13,[7 2],38,158,171,120,142
1,<environment.Job instance at 0x7f63d438d870>,41,15,[10  5],42,171,186,129,160
1,<environment.Job instance at 0x7f63d37330a0>,0,1,[8 3],1,1,2,0,1
1,<environment.Job instance at 0x7f63d3700cd0>,1,13,[8 3],2,2,15,0,2
1,<environment.Job instance at 0x7f63d3733050>,3,1,[7 1],4,4,5,0,4
1,<environment.Job instance at 0x7f63d3e5cd70>,11,17,[6 4],12,12,29,0,12
1,<environment.Job instance at 0x7f63d3086dc0>,13,3,[ 3 10],14,15,18,1,15
1,<environment.Job instance at 0x7f63d373a910>,6,14,[9 5],7,18,32,11,18
1,<environment.Job instance at 0x7f63d2e2b320>,16,12,[5 1],17,29,41,12,29
1,<environment.Job instance at 0x7f63d39b28c0>,18,2,[8 5],19,32,34,13,32
1,<environment.Job instance at 0x7f63d3101a50>,21,3,[1 6],22,32,35,10,32
1,<environment.Job instance at 0x7f63d2e2ba00>,15,14,[2 6],16,34,48,18,34
1,<environment.Job instance at 0x7f63d42d8370>,23,14,[5 7],24,35,49,11,35
1,<environment.Job instance at 0x7f63d42d8050>,22,15,[8 1],23,41,56,18,41
1,<environment.Job instance at 0x7f63d2e03280>,25,2,[3 9],26,49,51,23,49
1,<environment.Job instance at 0x7f63d3cde690>,26,15,[ 4 10],27,51,66,24,51
1,<environment.Job instance at 0x7f63d30e8640>,32,1,[10  1],33,56,57,23,56
1,<environment.Job instance at 0x7f63d440d320>,31,1,[10  1],32,57,58,25,57
1,<environment.Job instance at 0x7f63d43c6af0>,14,13,[10  5],15,58,71,43,58
1,<environment.Job instance at 0x7f63d3e5c460>,12,17,[4 7],13,66,83,53,66
1,<environment.Job instance at 0x7f63d30e8050>,37,13,[7 2],38,71,84,33,71
1,<environment.Job instance at 0x7f63d3700e10>,2,17,[8 5],3,83,100,80,83
1,<environment.Job instance at 0x7f63d3f3c9b0>,35,17,[7 2],36,84,101,48,84
1,<environment.Job instance at 0x7f63d3725fa0>,44,16,[4 7],45,100,116,55,100
1,<environment.Job instance at 0x7f63d4030870>,45,12,[9 1],46,101,113,55,101
1,<environment.Job instance at 0x7f63d2ecfb90>,52,13,[5 5],53,113,126,60,113
1,<environment.Job instance at 0x7f63d36bab90>,56,3,[7 5],57,116,119,59,116
1,<environment.Job instance at 0x7f63d3918230>,54,14,[ 3 10],55,119,133,64,119
1,<environment.Job instance at 0x7f63d42ac8c0>,57,15,[7 2],58,126,141,68,126
1,<environment.Job instance at 0x7f63d36a0780>,58,1,[4 7],59,134,135,75,134
1,<environment.Job instance at 0x7f63d3f1e730>,36,18,[ 4 10],37,135,153,98,135
1,<environment.Job instance at 0x7f63d309bd70>,41,15,[10  5],42,142,157,100,142
1,<environment.Job instance at 0x7f63d3718640>,64,12,[ 1 10],65,153,165,88,153
1,<environment.Job instance at 0x7f63d4044370>,68,15,[5 1],69,157,172,88,157
1,<environment.Job instance at 0x7f63d3718e10>,69,13,[5 2],70,157,170,87,157
1,<environment.Job instance at 0x7f63d3c63a50>,66,15,[1 8],67,165,180,98,165
1,<environment.Job instance at 0x7f63d38456e0>,4,14,[5 4],5,5,19,0,5
1,<environment.Job instance at 0x7f63d3845be0>,6,12,[1 9],7,7,19,0,7
1,<environment.Job instance at 0x7f63d38459b0>,7,3,[6 1],8,8,11,0,8
1,<environment.Job instance at 0x7f63d43b95a0>,16,14,[3 9],17,21,35,4,21
1,<environment.Job instance at 0x7f63d43b9140>,19,12,[ 1 12],20,35,47,15,22
1,<environment.Job instance at 0x7f63d43b9a50>,23,1,[9 3],24,24,25,0,24
1,<environment.Job instance at 0x7f63d43b9b40>,18,17,[4 7],19,59,76,40,59
1,<environment.Job instance at 0x7f63d37170a0>,1,13,[9 3],2,2,15,0,2
1,<environment.Job instance at 0x7f63d36d7af0>,2,19,[2 5],3,3,22,0,3
1,<environment.Job instance at 0x7f63d3232410>,7,3,[6 1],8,15,18,7,15
1,<environment.Job instance at 0x7f63d396acd0>,6,12,[1 9],7,15,27,8,15
1,<environment.Job instance at 0x7f63d3e36f50>,17,12,[10  1],18,18,30,0,18
1,<environment.Job instance at 0x7f63d396a1e0>,3,14,[ 3 10],4,27,41,23,27
1,<environment.Job instance at 0x7f63d447e2d0>,23,1,[9 3],24,30,31,6,30
1,<environment.Job instance at 0x7f63d43cd910>,24,12,[9 2],25,31,43,6,31
1,<environment.Job instance at 0x7f63d43b9640>,27,2,[1 8],28,41,43,13,41
1,<environment.Job instance at 0x7f63d44865f0>,4,14,[5 4],5,41,55,36,41
1,<environment.Job instance at 0x7f63d314baf0>,16,14,[3 9],17,43,57,26,43
1,<environment.Job instance at 0x7f63d3845b40>,32,15,[3 6],33,55,70,22,55
1,<environment.Job instance at 0x7f63d3096140>,33,15,[1 7],34,57,72,23,57
1,<environment.Job instance at 0x7f63d3ee9d70>,39,1,[1 6],40,70,71,30,70
1,<environment.Job instance at 0x7f63d3845960>,29,16,[7 4],30,71,87,41,71
1,<environment.Job instance at 0x7f63d3cbd460>,42,12,[5 2],43,71,83,28,71
1,<environment.Job instance at 0x7f63dccb9c80>,41,13,[1 9],42,72,85,30,72
1,<environment.Job instance at 0x7f63d31f7500>,43,18,[7 1],44,83,101,39,83
1,<environment.Job instance at 0x7f63d440d820>,21,16,[ 1 10],22,85,101,63,85
1,<environment.Job instance at 0x7f63d3733050>,51,3,[2 7],52,101,104,49,101
1,<environment.Job instance at 0x7f63d31f7b40>,44,3,[7 5],45,101,104,56,101
1,<environment.Job instance at 0x7f63d40c76e0>,49,13,[1 9],50,105,118,55,105
1,<environment.Job instance at 0x7f63d387b320>,53,16,[9 3],54,105,121,51,105
1,<environment.Job instance at 0x7f63d3c645f0>,58,14,[3 5],59,118,132,59,118
1,<environment.Job instance at 0x7f63d3219730>,62,16,[2 7],63,118,134,55,118
1,<environment.Job instance at 0x7f63d3444be0>,55,22,[6 3],56,121,143,65,121
1,<environment.Job instance at 0x7f63d31d20a0>,64,14,[2 6],65,134,148,69,134
1,<environment.Job instance at 0x7f63d3261c80>,67,15,[6 5],68,134,149,66,134
1,<environment.Job instance at 0x7f63d357d5a0>,69,1,[5 5],70,148,149,78,148
1,<environment.Job instance at 0x7f63d357d7d0>,70,1,[8 2],71,149,150,78,149
1,<environment.Job instance at 0x7f63d43b9460>,28,17,[ 1 10],29,149,166,120,149
1,<environment.Job instance at 0x7f63d3b64280>,74,1,[10  4],75,150,151,75,150
1,<environment.Job instance at 0x7f63d3b64c80>,75,12,[5 1],76,151,163,75,151
1,<environment.Job instance at 0x7f63d32611e0>,66,18,[9 1],67,151,169,84,151
1,<environment.Job instance at 0x7f63d3b640a0>,77,12,[4 8],78,166,178,88,166
1,<environment.Job instance at 0x7f63d43c6410>,79,2,[5 4],80,169,171,89,169
1,<environment.Job instance at 0x7f63d2d75a50>,13,1,[5 6],14,15,16,1,15
1,<environment.Job instance at 0x7f63d2cf0e60>,2,14,[6 1],3,15,29,12,15
1,<environment.Job instance at 0x7f63d2d75c80>,12,20,[ 1 13],13,17,37,4,17
1,<environment.Job instance at 0x7f63d2d75c30>,15,15,[ 2 11],16,37,52,21,23
1,<environment.Job instance at 0x7f63d2d75960>,21,3,[ 2 10],22,52,55,30,26
1,<environment.Job instance at 0x7f63d2ccfe60>,25,1,[14  3],26,55,56,29,29
1,<environment.Job instance at 0x7f63d2d75a00>,23,13,[2 7],24,56,69,32,41
1,<environment.Job instance at 0x7f63d2ccf870>,30,13,[3 7],31,56,69,25,41
1,<environment.Job instance at 0x7f63d2ccf050>,31,12,[1 8],32,69,81,37,55
1,<environment.Job instance at 0x7f63d2d75aa0>,17,20,[5 3],18,69,89,51,60
1,<environment.Job instance at 0x7f63d2ccfa00>,32,14,[7 4],33,69,83,36,61
1,<environment.Job instance at 0x7f63d2ccf640>,33,14,[ 5 11],34,83,97,49,77
1,<environment.Job instance at 0x7f63d2ccf1e0>,35,16,[3 5],36,97,113,61,84
1,<environment.Job instance at 0x7f63d2ccf280>,36,17,[2 7],37,97,114,60,87
1,<environment.Job instance at 0x7f63d2d75eb0>,14,23,[10  3],15,89,112,74,88
1,<environment.Job instance at 0x7f63d2ccf2d0>,34,15,[2 7],35,113,128,78,101
1,<environment.Job instance at 0x7f63d2ccf0f0>,38,18,[1 8],39,114,132,75,105
1,<environment.Job instance at 0x7f63d2ccf820>,40,15,[7 2],41,128,143,87,114
1,<environment.Job instance at 0x7f63d2ccf370>,29,15,[ 1 12],30,132,147,102,119
1,<environment.Job instance at 0x7f63d2ccff00>,46,12,[10  5],47,147,159,100,139
1,<environment.Job instance at 0x7f63d2d33640>,48,3,[14  3],49,143,146,94,139
1,<environment.Job instance at 0x7f63d2d33d70>,49,3,[1 5],50,147,150,97,139
1,<environment.Job instance at 0x7f63d2d33fa0>,51,3,[ 4 10],52,150,153,98,140
1,<environment.Job instance at 0x7f63d2d33870>,53,2,[9 2],54,159,161,105,146
1,<environment.Job instance at 0x7f63d2d33c30>,54,3,[6 2],55,159,162,104,146
1,<environment.Job instance at 0x7f63d2d33a00>,56,3,[13  3],57,162,165,105,146
1,<environment.Job instance at 0x7f63d2d33910>,57,1,[ 4 14],58,165,166,107,146
1,<environment.Job instance at 0x7f63d2d334b0>,58,14,[ 3 14],59,166,180,107,157
1,<environment.Job instance at 0x7f63d2d33af0>,63,1,[ 5 13],64,161,162,97,157
1,<environment.Job instance at 0x7f63d3584050>,68,15,[1 6],69,180,195,111,166
1,<environment.Job instance at 0x7f63d3584550>,75,3,[2 7],76,180,183,104,166
1,<environment.Job instance at 0x7f63d39e62d0>,77,1,[9 1],78,166,167,88,166
1,<environment.Job instance at 0x7f63d35843c0>,74,13,[5 2],75,180,193,105,166
1,<environment.Job instance at 0x7f63d3e8ac30>,79,3,[ 3 11],80,195,198,115,169
1,<environment.Job instance at 0x7f63d357c3c0>,1,14,[9 5],2,2,16,0,2
1,<environment.Job instance at 0x7f63d357c230>,2,14,[6 1],3,3,17,0,3
1,<environment.Job instance at 0x7f63d4021320>,13,1,[5 6],14,16,17,2,16
1,<environment.Job instance at 0x7f63d2ecfb90>,5,15,[1 8],6,16,31,10,16
1,<environment.Job instance at 0x7f63d40213c0>,11,12,[9 1],12,17,29,5,17
1,<environment.Job instance at 0x7f63d3340140>,19,13,[5 8],20,31,44,11,31
1,<environment.Job instance at 0x7f63d3dca140>,20,18,[6 2],21,31,49,10,31
1,<environment.Job instance at 0x7f63d4001d70>,21,3,[ 2 10],22,44,47,22,44
1,<environment.Job instance at 0x7f63d4001b40>,22,15,[2 5],23,47,62,24,47
1,<environment.Job instance at 0x7f63d4001c30>,23,13,[2 7],24,47,60,23,47
1,<environment.Job instance at 0x7f63d4003690>,30,13,[3 7],31,60,73,29,60
1,<environment.Job instance at 0x7f63d4003a00>,31,12,[1 8],32,62,74,30,62
1,<environment.Job instance at 0x7f63d3ff8a50>,32,14,[7 4],33,73,87,40,73
1,<environment.Job instance at 0x7f63d30fe370>,34,15,[2 7],35,74,89,39,74
1,<environment.Job instance at 0x7f63dd0a3140>,3,16,[3 8],4,87,103,83,87
1,<environment.Job instance at 0x7f63d346d0f0>,35,16,[3 5],36,89,105,53,89
1,<environment.Job instance at 0x7f63d346d3c0>,36,17,[2 7],37,103,120,66,103
1,<environment.Job instance at 0x7f63d34482d0>,40,15,[7 2],41,103,118,62,103
1,<environment.Job instance at 0x7f63d3448eb0>,41,16,[10  4],42,118,134,76,118
1,<environment.Job instance at 0x7f63d357c500>,4,18,[ 5 10],5,120,138,115,120
1,<environment.Job instance at 0x7f63d3448fa0>,42,16,[9 2],43,134,150,91,134
1,<environment.Job instance at 0x7f63d3ff3280>,43,17,[3 9],44,138,155,94,138
1,<environment.Job instance at 0x7f63d3fef320>,49,3,[1 5],50,150,153,100,150
1,<environment.Job instance at 0x7f63d3ff38c0>,46,12,[10  5],47,153,165,106,153
1,<environment.Job instance at 0x7f63d3166a50>,51,3,[ 4 10],52,155,158,103,155
1,<environment.Job instance at 0x7f63d3fef7d0>,52,17,[4 9],53,158,175,105,158
1,<environment.Job instance at 0x7f63d3fef2d0>,53,2,[9 2],54,165,167,111,165
1,<environment.Job instance at 0x7f63d3fef960>,54,3,[6 2],55,168,171,113,168
1,<environment.Job instance at 0x7f63d3bc8eb0>,4,2,[ 2 10],5,5,7,0,5
1,<environment.Job instance at 0x7f63d3bc8d20>,8,14,[4 5],9,9,23,0,9
1,<environment.Job instance at 0x7f63d3bc8e10>,11,18,[1 7],12,12,30,0,12
1,<environment.Job instance at 0x7f63d3bc8aa0>,15,1,[6 4],16,23,24,7,16
1,<environment.Job instance at 0x7f63d3bc8960>,9,13,[ 2 12],10,30,43,20,17
1,<environment.Job instance at 0x7f63d3bc8dc0>,16,13,[5 2],17,20,33,3,20
1,<environment.Job instance at 0x7f63d3bc8a00>,18,15,[9 5],19,43,58,24,29
1,<environment.Job instance at 0x7f63d39e6140>,21,1,[ 2 13],22,58,59,36,30
1,<environment.Job instance at 0x7f63d39e6be0>,23,3,[6 4],24,43,46,19,32
1,<environment.Job instance at 0x7f63d39e6b90>,27,2,[11  1],28,33,35,5,32
1,<environment.Job instance at 0x7f63d39e6960>,28,2,[5 3],29,35,37,6,32
1,<environment.Job instance at 0x7f63d39e64b0>,29,13,[5 6],30,59,72,29,43
1,<environment.Job instance at 0x7f63d335b3c0>,4,2,[ 2 10],5,5,7,0,5
1,<environment.Job instance at 0x7f63d3ff3a50>,8,14,[4 5],9,9,23,0,9
1,<environment.Job instance at 0x7f63d4003a00>,11,18,[1 7],12,12,30,0,12
1,<environment.Job instance at 0x7f63f87faa00>,16,13,[5 2],17,17,30,0,17
1,<environment.Job instance at 0x7f63d34b2370>,15,1,[6 4],16,23,24,7,23
1,<environment.Job instance at 0x7f63d4003be0>,18,15,[9 5],19,24,39,5,24
1,<environment.Job instance at 0x7f63d3121190>,23,3,[6 4],24,30,33,6,30
1,<environment.Job instance at 0x7f63d42d18c0>,19,14,[1 7],20,33,47,13,33
1,<environment.Job instance at 0x7f63d3db6730>,26,12,[1 7],27,39,51,12,39
1,<environment.Job instance at 0x7f63dcc58280>,24,13,[9 1],25,39,52,14,39
1,<environment.Job instance at 0x7f63d3f0b4b0>,28,2,[5 3],29,47,49,18,47
1,<environment.Job instance at 0x7f63d3f0b960>,29,13,[5 6],30,49,62,19,49
1,<environment.Job instance at 0x7f63dced66e0>,32,15,[8 4],33,52,67,19,52
1,<environment.Job instance at 0x7f63d4003460>,14,17,[2 8],15,62,79,47,62
1,<environment.Job instance at 0x7f63d2eadb40>,39,17,[6 1],40,68,85,28,68
1,<environment.Job instance at 0x7f63d3feb870>,41,15,[8 2],42,79,94,37,79
1,<environment.Job instance at 0x7f63d4003550>,17,17,[2 8],18,85,102,67,85
1,<environment.Job instance at 0x7f63d3febc30>,43,3,[8 3],44,94,97,50,94
1,<environment.Job instance at 0x7f63dced6f50>,31,18,[8 2],32,97,115,65,97
1,<environment.Job instance at 0x7f63d3feb190>,44,18,[6 1],45,102,120,57,102
1,<environment.Job instance at 0x7f63d3feb500>,47,12,[3 5],48,115,127,67,115
1,<environment.Job instance at 0x7f63d3c60500>,49,14,[6 1],50,115,129,65,115
1,<environment.Job instance at 0x7f63d3db6690>,25,18,[3 9],26,120,138,94,120
1,<environment.Job instance at 0x7f63d37b1af0>,52,3,[5 6],53,129,132,76,129
1,<environment.Job instance at 0x7f63d341e640>,53,3,[9 3],54,132,135,78,132
1,<environment.Job instance at 0x7f63d3afc410>,46,13,[9 5],47,135,148,88,135
1,<environment.Job instance at 0x7f63d33e06e0>,55,13,[ 1 10],56,138,151,82,138
1,<environment.Job instance at 0x7f63d2e52690>,56,14,[9 3],57,148,162,91,148
1,<environment.Job instance at 0x7f63d3b41e10>,60,15,[3 9],61,151,166,90,151
1,<environment.Job instance at 0x7f63d3b41910>,58,15,[8 4],59,162,177,103,162
1,<environment.Job instance at 0x7f63d4400f00>,61,16,[6 3],62,166,182,104,166
1,<environment.Job instance at 0x7f63d33c4140>,3,2,[ 4 10],4,4,6,0,4
1,<environment.Job instance at 0x7f63d3c10230>,4,1,[14  4],5,6,7,1,5
1,<environment.Job instance at 0x7f63d3c10aa0>,7,3,[7 3],8,8,11,0,8
1,<environment.Job instance at 0x7f63d3c10af0>,12,1,[2 6],13,17,18,4,17
1,<environment.Job instance at 0x7f63d3c10820>,17,13,[5 9],18,18,31,0,18
1,<environment.Job instance at 0x7f63d3e44230>,19,17,[7 5],20,20,37,0,20
1,<environment.Job instance at 0x7f63d3e44e10>,20,14,[4 6],21,31,45,10,21
1,<environment.Job instance at 0x7f63d3e449b0>,22,13,[5 9],23,37,50,14,23
1,<environment.Job instance at 0x7f63d3e44050>,26,12,[2 7],27,50,62,23,35
1,<environment.Job instance at 0x7f63d3e444b0>,29,17,[1 8],30,50,67,20,38
1,<environment.Job instance at 0x7f63d3e44410>,25,15,[5 1],26,62,77,36,52
1,<environment.Job instance at 0x7f63d3e44c30>,30,13,[ 5 13],31,163,176,132,163
1,<environment.Job instance at 0x7f63d43891e0>,32,15,[2 6],33,176,191,143,163
1,<environment.Job instance at 0x7f63d4001d70>,2,19,[8 4],3,3,22,0,3
1,<environment.Job instance at 0x7f63d4001cd0>,3,2,[ 4 10],4,4,6,0,4
1,<environment.Job instance at 0x7f63d346a910>,5,12,[3 8],6,6,18,0,6
1,<environment.Job instance at 0x7f63d3467280>,12,1,[2 6],13,18,19,5,18
1,<environment.Job instance at 0x7f63d34838c0>,7,3,[7 3],8,19,22,11,19
1,<environment.Job instance at 0x7f63d3467b90>,14,14,[8 5],15,22,36,7,22
1,<environment.Job instance at 0x7f63d3467be0>,17,13,[5 9],18,22,35,4,22
1,<environment.Job instance at 0x7f63d346a280>,11,14,[7 5],12,35,49,23,35
1,<environment.Job instance at 0x7f63d3448e60>,20,14,[4 6],21,36,50,15,36
1,<environment.Job instance at 0x7f63d3fef6e0>,22,13,[5 9],23,49,62,26,49
1,<environment.Job instance at 0x7f63d3134320>,25,15,[5 1],26,50,65,24,50
1,<environment.Job instance at 0x7f63d3fef190>,26,12,[2 7],27,62,74,35,62
1,<environment.Job instance at 0x7f63d3448690>,19,17,[7 5],20,62,79,42,62
1,<environment.Job instance at 0x7f63d4001b40>,6,17,[3 9],7,74,91,67,74
1,<environment.Job instance at 0x7f63d4021140>,32,15,[2 6],33,79,94,46,79
1,<environment.Job instance at 0x7f63d34673c0>,13,15,[10  2],14,91,106,77,91
1,<environment.Job instance at 0x7f63d3118b90>,29,17,[1 8],30,94,111,64,94
1,<environment.Job instance at 0x7f63d4021cd0>,36,16,[7 1],37,106,122,69,106
1,<environment.Job instance at 0x7f63d3fe9910>,40,13,[8 4],41,111,124,70,111
1,<environment.Job instance at 0x7f63d4021280>,35,17,[ 2 10],36,122,139,86,122
1,<environment.Job instance at 0x7f63d3fe9e60>,43,17,[5 1],44,122,139,78,122
1,<environment.Job instance at 0x7f63d3dcaaf0>,45,15,[9 5],46,139,154,93,139
1,<environment.Job instance at 0x7f63d3dcab40>,46,2,[4 6],47,139,141,92,139
1,<environment.Job instance at 0x7f63d40043c0>,48,14,[3 8],49,141,155,92,141
1,<environment.Job instance at 0x7f63dca4a460>,50,13,[6 5],51,154,167,103,154
1,<environment.Job instance at 0x7f63d3fe9be0>,39,17,[9 2],40,155,172,115,155
1,<environment.Job instance at 0x7f63d3ff8410>,55,12,[5 1],56,167,179,111,167
1,<environment.Job instance at 0x7f63d34676e0>,10,18,[1 9],11,167,185,156,167
1,<environment.Job instance at 0x7f63d3e90690>,2,2,[5 2],3,3,5,0,3
1,<environment.Job instance at 0x7f63d3e90be0>,4,15,[3 5],5,5,20,0,5
1,<environment.Job instance at 0x7f63d3f3a2d0>,5,13,[6 5],6,6,19,0,6
1,<environment.Job instance at 0x7f63d3f3a0a0>,17,1,[ 4 11],18,20,21,2,18
1,<environment.Job instance at 0x7f63d3f3a190>,18,3,[12  1],19,21,24,2,19
1,<environment.Job instance at 0x7f63d3f3a6e0>,19,3,[9 1],20,24,27,4,20
1,<environment.Job instance at 0x7f63d3f3ae10>,20,13,[2 6],21,21,34,0,21
1,<environment.Job instance at 0x7f63d3f3a730>,24,12,[4 7],25,51,63,26,51
1,<environment.Job instance at 0x7f63d3573c30>,27,19,[5 4],28,51,70,23,51
1,<environment.Job instance at 0x7f63d35732d0>,28,17,[5 8],29,63,80,34,56
1,<environment.Job instance at 0x7f63d3a960f0>,29,3,[ 5 12],30,80,83,50,58
1,<environment.Job instance at 0x7f63d3a969b0>,30,17,[5 7],31,83,100,52,71
1,<environment.Job instance at 0x7f63d3a96b90>,31,14,[1 9],32,100,114,68,94
1,<environment.Job instance at 0x7f63d35730a0>,23,12,[12  2],24,100,112,76,95
1,<environment.Job instance at 0x7f63d3a967d0>,34,3,[5 7],35,95,98,60,95
1,<environment.Job instance at 0x7f63d3a965a0>,33,15,[9 4],34,112,127,78,98
1,<environment.Job instance at 0x7f63d35739b0>,26,13,[4 6],27,114,127,87,105
1,<environment.Job instance at 0x7f63d3a960a0>,36,22,[3 5],37,127,149,90,120
1,<environment.Job instance at 0x7f63d3a964b0>,41,3,[5 6],42,127,130,85,122
1,<environment.Job instance at 0x7f63d3a96730>,44,1,[ 4 12],45,149,150,104,122
1,<environment.Job instance at 0x7f63d3a96550>,45,18,[1 5],46,130,148,84,122
1,<environment.Job instance at 0x7f63d3a96c30>,46,2,[6 5],47,130,132,83,125
1,<environment.Job instance at 0x7f63d43bdf50>,52,13,[7 3],53,132,145,79,125
1,<environment.Job instance at 0x7f63d43bda50>,59,2,[8 1],60,145,147,85,125
1,<environment.Job instance at 0x7f63d43bdb90>,60,3,[ 5 14],61,150,153,89,125
1,<environment.Job instance at 0x7f63d2cd1d70>,69,1,[ 2 14],70,153,154,83,130
1,<environment.Job instance at 0x7f63d43bd9b0>,54,13,[5 8],55,154,167,99,138
1,<environment.Job instance at 0x7f63dd047d20>,78,3,[11  3],79,147,150,68,142
1,<environment.Job instance at 0x7f63d2cd1550>,64,18,[1 8],65,167,185,102,156
1,<environment.Job instance at 0x7f63dd047eb0>,82,18,[3 6],83,156,174,73,156
1,<environment.Job instance at 0x7f63dd047af0>,83,12,[5 6],84,174,186,90,157
1,<environment.Job instance at 0x7f63d429ae10>,0,16,[ 3 10],1,1,17,0,1
1,<environment.Job instance at 0x7f63d3642280>,1,13,[8 2],2,2,15,0,2
1,<environment.Job instance at 0x7f63d33d81e0>,2,2,[5 2],3,15,17,12,15
1,<environment.Job instance at 0x7f63d3b52af0>,12,1,[ 1 10],13,17,18,4,17
1,<environment.Job instance at 0x7f63d33c7eb0>,5,13,[6 5],6,17,30,11,17
1,<environment.Job instance at 0x7f63d3b52960>,11,2,[ 1 10],12,18,20,6,18
1,<environment.Job instance at 0x7f63d3fcd4b0>,19,3,[9 1],20,20,23,0,20
1,<environment.Job instance at 0x7f63d40f39b0>,20,13,[2 6],21,23,36,2,23
1,<environment.Job instance at 0x7f63d40d75a0>,24,12,[4 7],25,30,42,5,30
1,<environment.Job instance at 0x7f63d33d8370>,4,15,[3 5],5,36,51,31,36
1,<environment.Job instance at 0x7f63d40d7fa0>,26,13,[4 6],27,42,55,15,42
1,<environment.Job instance at 0x7f63d3679fa0>,14,15,[4 7],15,51,66,36,51
1,<environment.Job instance at 0x7f63d3b189b0>,21,16,[7 5],22,55,71,33,55
1,<environment.Job instance at 0x7f63d40c0910>,31,14,[1 9],32,66,80,34,66
1,<environment.Job instance at 0x7f63d40e48c0>,33,15,[9 4],34,71,86,37,71
1,<environment.Job instance at 0x7f63d40cd550>,34,3,[5 7],35,80,83,45,80
1,<environment.Job instance at 0x7f63d3b18280>,16,15,[ 5 10],17,83,98,66,83
1,<environment.Job instance at 0x7f63d40cdf00>,37,17,[9 3],38,86,103,48,86
1,<environment.Job instance at 0x7f63d40c0820>,28,17,[5 8],29,98,115,69,98
1,<environment.Job instance at 0x7f63d40cd140>,39,12,[10  1],40,103,115,63,103
1,<environment.Job instance at 0x7f63d40d5550>,41,3,[5 6],42,116,119,74,116
1,<environment.Job instance at 0x7f63d40d5e60>,42,17,[5 2],43,116,133,73,116
1,<environment.Job instance at 0x7f63d40cd410>,38,17,[1 6],39,116,133,77,116
1,<environment.Job instance at 0x7f63d40c0320>,30,17,[5 7],31,119,136,88,119
1,<environment.Job instance at 0x7f63d33e30a0>,46,2,[6 5],47,134,136,87,134
1,<environment.Job instance at 0x7f63d33e35a0>,47,17,[8 2],48,136,153,88,136
1,<environment.Job instance at 0x7f63d38919b0>,49,16,[4 7],50,136,152,86,136
1,<environment.Job instance at 0x7f63d33e3140>,45,18,[1 5],46,136,154,90,136
1,<environment.Job instance at 0x7f63d3891a50>,54,13,[5 8],55,152,165,97,152
1,<environment.Job instance at 0x7f63d3891820>,52,13,[7 3],53,154,167,101,154
1,<environment.Job instance at 0x7f63d3891c30>,57,18,[3 8],58,166,184,108,166
1,<environment.Job instance at 0x7f63d40e53c0>,59,2,[8 1],60,167,169,107,167
1,<environment.Job instance at 0x7f63d40e5a00>,58,22,[3 6],59,167,189,108,167
1,<environment.Job instance at 0x7f63d3080e10>,1,2,[2 7],2,2,4,0,2
1,<environment.Job instance at 0x7f63d30a55f0>,2,13,[2 6],3,3,16,0,3
1,<environment.Job instance at 0x7f63d30a57d0>,3,17,[6 4],4,4,21,0,4
1,<environment.Job instance at 0x7f63d30a5050>,4,2,[2 5],5,5,7,0,5
1,<environment.Job instance at 0x7f63d30a5730>,7,15,[5 1],8,8,23,0,8
1,<environment.Job instance at 0x7f63d30a5f50>,8,12,[1 5],9,16,28,7,9
1,<environment.Job instance at 0x7f63d30a50a0>,9,2,[ 2 11],10,28,30,18,10
1,<environment.Job instance at 0x7f63d30a5410>,10,13,[1 5],11,30,43,19,14
1,<environment.Job instance at 0x7f63d3080d70>,11,3,[7 5],12,21,24,9,15
1,<environment.Job instance at 0x7f63d388eeb0>,16,14,[ 2 10],17,30,44,13,17
1,<environment.Job instance at 0x7f63d388e640>,19,3,[1 6],20,24,27,4,20
1,<environment.Job instance at 0x7f63d388e0f0>,23,1,[6 5],24,27,28,3,24
1,<environment.Job instance at 0x7f63d3401b40>,28,13,[5 2],29,43,56,14,31
1,<environment.Job instance at 0x7f63d34010a0>,32,1,[3 7],33,44,45,11,33
1,<environment.Job instance at 0x7f63d3401410>,29,17,[1 5],30,44,61,14,34
1,<environment.Job instance at 0x7f63d3401820>,34,16,[2 8],35,45,61,10,36
1,<environment.Job instance at 0x7f63d3401370>,30,17,[ 5 14],31,61,78,30,50
1,<environment.Job instance at 0x7f63d3401d20>,37,2,[ 4 11],38,78,80,40,62
1,<environment.Job instance at 0x7f63d3401f00>,39,3,[5 4],40,78,81,38,62
1,<environment.Job instance at 0x7f63d3401320>,41,2,[14  3],42,81,83,39,62
1,<environment.Job instance at 0x7f63d3401910>,43,1,[ 3 11],44,80,81,36,66
1,<environment.Job instance at 0x7f63d38932d0>,44,2,[6 5],45,83,85,38,66
1,<environment.Job instance at 0x7f63d3893c30>,45,1,[ 4 10],46,83,84,37,66
1,<environment.Job instance at 0x7f63d3893140>,47,3,[ 1 13],48,85,88,37,66
1,<environment.Job instance at 0x7f63d3401550>,36,12,[12  1],37,85,97,48,72
1,<environment.Job instance at 0x7f63d34013c0>,27,19,[ 2 12],28,88,107,60,85
1,<environment.Job instance at 0x7f63d3893cd0>,51,15,[10  2],52,97,112,45,91
1,<environment.Job instance at 0x7f63d3fdcc80>,58,17,[3 5],59,107,124,48,98
1,<environment.Job instance at 0x7f63d3401e10>,38,21,[7 4],39,112,133,73,104
1,<environment.Job instance at 0x7f63d3fdca00>,60,13,[2 8],61,124,137,63,108
1,<environment.Job instance at 0x7f63d3fdcdc0>,62,3,[5 5],63,112,115,49,108
1,<environment.Job instance at 0x7f63d3fdcbe0>,63,15,[5 1],64,115,130,51,108
1,<environment.Job instance at 0x7f63d3fdca50>,70,2,[5 1],71,130,132,59,116
1,<environment.Job instance at 0x7f63d3fdc5f0>,71,2,[ 2 12],72,137,139,65,116
1,<environment.Job instance at 0x7f63d2cc44b0>,79,12,[3 7],80,139,151,59,122
1,<environment.Job instance at 0x7f63d2cc4c80>,80,2,[12  4],81,133,135,52,122
1,<environment.Job instance at 0x7f63d2cc4730>,82,2,[12  3],83,135,137,52,122
1,<environment.Job instance at 0x7f63d2cc4960>,84,12,[3 6],85,139,151,54,122
1,<environment.Job instance at 0x7f63d3820820>,100,2,[14  1],101,151,153,50,124
1,<environment.Job instance at 0x7f63d3820be0>,98,1,[1 8],99,151,152,52,126
1,<environment.Job instance at 0x7f63d3820dc0>,103,2,[6 2],104,137,139,33,128
1,<environment.Job instance at 0x7f63d3820f00>,92,12,[6 3],93,153,165,60,136
1,<environment.Job instance at 0x7f63d3820c80>,105,2,[ 1 12],106,152,154,46,136
1,<environment.Job instance at 0x7f63d38204b0>,102,21,[3 6],103,154,175,51,146
1,<environment.Job instance at 0x7f63d3059af0>,1,2,[2 7],2,2,4,0,2
1,<environment.Job instance at 0x7f63d425b460>,2,13,[2 6],3,3,16,0,3
1,<environment.Job instance at 0x7f63d36a3870>,3,17,[6 4],4,4,21,0,4
1,<environment.Job instance at 0x7f63d36255a0>,4,2,[2 5],5,5,7,0,5
1,<environment.Job instance at 0x7f63d357d0a0>,7,15,[5 1],8,8,23,0,8
1,<environment.Job instance at 0x7f63d3fe68c0>,8,12,[1 5],9,16,28,7,16
1,<environment.Job instance at 0x7f63d2e5af00>,10,13,[1 5],11,16,29,5,16
1,<environment.Job instance at 0x7f63d4244cd0>,15,12,[6 4],16,21,33,5,21
1,<environment.Job instance at 0x7f63d421e640>,11,3,[7 5],12,28,31,16,28
1,<environment.Job instance at 0x7f63d2cc7c80>,19,3,[1 6],20,29,32,9,29
1,<environment.Job instance at 0x7f63d3832e10>,17,14,[7 4],18,31,45,13,31
1,<environment.Job instance at 0x7f63d3fabaf0>,16,14,[ 2 10],17,33,47,16,33
1,<environment.Job instance at 0x7f63d3676b40>,23,1,[6 5],24,45,46,21,45
1,<environment.Job instance at 0x7f63d3dcb230>,28,13,[5 2],29,46,59,17,46
1,<environment.Job instance at 0x7f63d32c2cd0>,32,1,[3 7],33,47,48,14,47
1,<environment.Job instance at 0x7f63d2fd9c80>,22,14,[7 5],23,47,61,24,47
1,<environment.Job instance at 0x7f63d3604cd0>,12,15,[3 8],13,48,63,35,48
1,<environment.Job instance at 0x7f63d3a7fc30>,39,3,[5 4],40,61,64,21,61
1,<environment.Job instance at 0x7f63d40ebf00>,44,2,[6 5],45,63,65,18,63
1,<environment.Job instance at 0x7f63d3dcb5a0>,29,17,[1 5],30,63,80,33,63
1,<environment.Job instance at 0x7f63d2cc7780>,14,16,[8 4],15,64,80,49,64
1,<environment.Job instance at 0x7f63d40ebb40>,45,1,[ 4 10],46,80,81,34,80
1,<environment.Job instance at 0x7f63d42497d0>,51,15,[10  2],52,80,95,28,80
1,<environment.Job instance at 0x7f63d2ce2370>,60,13,[2 8],61,81,94,20,81
1,<environment.Job instance at 0x7f63d2cc0a50>,58,17,[3 5],59,81,98,22,81
1,<environment.Job instance at 0x7f63d40d3d70>,34,16,[2 8],35,94,110,59,94
1,<environment.Job instance at 0x7f63d2ce2410>,63,15,[5 1],64,95,110,31,95
1,<environment.Job instance at 0x7f63d2ce28c0>,62,3,[5 5],63,98,101,35,98
1,<environment.Job instance at 0x7f63d3990370>,70,2,[5 1],71,101,103,30,101
1,<environment.Job instance at 0x7f63d386b780>,66,17,[4 6],67,103,120,36,103
1,<environment.Job instance at 0x7f63d4259690>,74,14,[5 4],75,110,124,35,110
1,<environment.Job instance at 0x7f63d32c21e0>,33,15,[5 7],34,120,135,86,120
1,<environment.Job instance at 0x7f63d42597d0>,77,15,[5 5],78,124,139,46,124
1,<environment.Job instance at 0x7f63d4259050>,75,15,[7 5],76,135,150,59,135
1,<environment.Job instance at 0x7f63d4259aa0>,79,12,[3 7],80,139,151,59,139
1,<environment.Job instance at 0x7f63d386b7d0>,67,15,[10  5],68,150,165,82,150
1,<environment.Job instance at 0x7f63d2cc0690>,56,15,[3 8],57,151,166,94,151
1,<environment.Job instance at 0x7f63d39f61e0>,84,12,[3 6],85,165,177,80,165
1,<environment.Job instance at 0x7f63d39f65f0>,85,14,[7 2],86,166,180,80,166
1,<environment.Job instance at 0x7f63d40e65f0>,0,13,[5 4],1,1,14,0,1
1,<environment.Job instance at 0x7f63d388ad20>,5,3,[9 3],6,6,9,0,6
1,<environment.Job instance at 0x7f63d388a820>,7,1,[13  2],8,14,15,6,8
1,<environment.Job instance at 0x7f63d388ac80>,8,12,[7 2],9,15,27,6,9
1,<environment.Job instance at 0x7f63d388a2d0>,9,13,[1 5],10,10,23,0,10
1,<environment.Job instance at 0x7f63d388ae10>,11,2,[ 1 10],12,23,25,11,12
1,<environment.Job instance at 0x7f63d388abe0>,12,1,[7 4],13,13,14,0,13
1,<environment.Job instance at 0x7f63d388a6e0>,13,19,[2 5],14,25,44,11,15
1,<environment.Job instance at 0x7f63d388a640>,15,3,[7 4],16,16,19,0,16
1,<environment.Job instance at 0x7f63d388aeb0>,18,18,[2 5],19,25,43,6,19
1,<environment.Job instance at 0x7f63d40e68c0>,14,18,[6 1],15,27,45,12,23
1,<environment.Job instance at 0x7f63d442a7d0>,23,15,[2 5],24,43,58,19,29
1,<environment.Job instance at 0x7f63d442abe0>,24,1,[11  1],25,45,46,20,29
1,<environment.Job instance at 0x7f63d442aaa0>,25,1,[12  5],26,46,47,20,29
1,<environment.Job instance at 0x7f63d442afa0>,26,2,[1 8],27,44,46,17,29
1,<environment.Job instance at 0x7f63d442a0f0>,27,3,[9 3],28,47,50,19,29
1,<environment.Job instance at 0x7f63d442a370>,31,1,[1 6],32,47,48,15,32
1,<environment.Job instance at 0x7f63d388a320>,20,3,[9 5],21,50,53,29,33
1,<environment.Job instance at 0x7f63d442a050>,32,14,[5 6],33,53,67,20,38
1,<environment.Job instance at 0x7f63d3b7a0f0>,37,2,[14  1],38,67,69,29,40
1,<environment.Job instance at 0x7f63d32f2960>,40,1,[7 5],41,58,59,17,41
1,<environment.Job instance at 0x7f63d32f22d0>,41,2,[3 9],42,59,61,17,42
1,<environment.Job instance at 0x7f63d32f2c80>,42,3,[7 4],43,53,56,10,43
1,<environment.Job instance at 0x7f63d3b7a5a0>,38,20,[3 9],39,69,89,30,60
1,<environment.Job instance at 0x7f63d32f2370>,50,13,[10  3],51,69,82,18,61
1,<environment.Job instance at 0x7f63d32f2f50>,54,2,[13  5],55,89,91,34,67
1,<environment.Job instance at 0x7f63d32f2230>,53,16,[ 5 12],54,91,107,37,79
1,<environment.Job instance at 0x7f63d3e6bc80>,0,13,[5 4],1,1,14,0,1
1,<environment.Job instance at 0x7f63d357c280>,2,15,[8 2],3,3,18,0,3
1,<environment.Job instance at 0x7f63d300aaf0>,9,13,[1 5],10,10,23,0,10
1,<environment.Job instance at 0x7f63d3983af0>,12,1,[7 4],13,18,19,5,18
1,<environment.Job instance at 0x7f63d3000fa0>,8,12,[7 2],9,18,30,9,18
1,<environment.Job instance at 0x7f63d2f861e0>,15,3,[7 4],16,19,22,3,19
1,<environment.Job instance at 0x7f63d2f869b0>,16,16,[1 7],17,22,38,5,22
1,<environment.Job instance at 0x7f63d332fa00>,14,18,[6 1],15,22,40,7,22
1,<environment.Job instance at 0x7f63d2ea3f00>,18,18,[2 5],19,30,48,11,30
1,<environment.Job instance at 0x7f63d2ea3190>,19,18,[2 9],20,38,56,18,38
1,<environment.Job instance at 0x7f63d34d0a50>,21,15,[10  1],22,40,55,18,40
1,<environment.Job instance at 0x7f63d39835a0>,5,3,[9 3],6,55,58,49,55
1,<environment.Job instance at 0x7f63d3f310a0>,26,2,[1 8],27,56,58,29,56
1,<environment.Job instance at 0x7f63d332f500>,11,2,[ 1 10],12,58,60,46,58
1,<environment.Job instance at 0x7f63d2db9eb0>,27,3,[9 3],28,58,61,30,58
1,<environment.Job instance at 0x7f63d34b86e0>,31,1,[1 6],32,60,61,28,60
1,<environment.Job instance at 0x7f63d39f6280>,32,14,[5 6],33,60,74,27,60
1,<environment.Job instance at 0x7f63d2ea3820>,20,3,[9 5],21,61,64,40,61
1,<environment.Job instance at 0x7f63dccb9730>,3,13,[10  2],4,64,77,60,64
1,<environment.Job instance at 0x7f63d3806e10>,41,2,[3 9],42,74,76,32,74
1,<environment.Job instance at 0x7f63dd050d20>,23,15,[2 5],24,76,91,52,76
1,<environment.Job instance at 0x7f63d3806640>,40,1,[7 5],41,77,78,36,77
1,<environment.Job instance at 0x7f63d2eabcd0>,42,3,[7 4],43,78,81,35,78
1,<environment.Job instance at 0x7f63d4259dc0>,36,18,[5 6],37,78,96,41,78
1,<environment.Job instance at 0x7f63d2b0fd70>,29,17,[8 3],30,81,98,51,81
1,<environment.Job instance at 0x7f63d2d46aa0>,49,16,[ 5 10],50,96,112,46,96
1,<environment.Job instance at 0x7f63d3059af0>,58,12,[6 1],59,98,110,39,98
1,<environment.Job instance at 0x7f63d3832e10>,50,13,[10  3],51,110,123,59,110
1,<environment.Job instance at 0x7f63d3531960>,59,12,[1 8],60,112,124,52,112
1,<environment.Job instance at 0x7f63d3f1fc80>,61,14,[3 7],62,123,137,61,123
1,<environment.Job instance at 0x7f63d3f1f190>,60,14,[6 4],61,124,138,63,124
1,<environment.Job instance at 0x7f63d388ad70>,65,12,[7 5],66,137,149,71,137
1,<environment.Job instance at 0x7f63d388afa0>,63,15,[2 8],64,138,153,74,138
1,<environment.Job instance at 0x7f63d388a550>,66,3,[10  5],67,149,152,82,149
1,<environment.Job instance at 0x7f63d442a190>,68,14,[5 5],69,152,166,83,152
1,<environment.Job instance at 0x7f63d442a5f0>,71,12,[ 4 10],72,153,165,81,153
1,<environment.Job instance at 0x7f63dce13410>,72,2,[4 9],73,165,167,92,165
1,<environment.Job instance at 0x7f63d3dcb230>,48,17,[10  4],49,166,183,117,166
1,<environment.Job instance at 0x7f63dce13370>,75,1,[1 8],76,167,168,91,167
1,<environment.Job instance at 0x7f63d442aa50>,70,12,[5 9],71,168,180,97,168
1,<environment.Job instance at 0x7f63d3fccc80>,3,2,[ 4 11],4,4,6,0,4
1,<environment.Job instance at 0x7f63d37aed70>,12,18,[3 6],13,15,33,2,15
1,<environment.Job instance at 0x7f63d428e2d0>,0,16,[3 7],1,1,17,0,1
1,<environment.Job instance at 0x7f63d428e230>,1,13,[9 1],2,2,15,0,2
1,<environment.Job instance at 0x7f63d442aa50>,6,16,[1 7],7,7,23,0,7
1,<environment.Job instance at 0x7f63dce13050>,4,13,[2 8],5,17,30,12,17
1,<environment.Job instance at 0x7f63d428e410>,2,18,[10  3],3,23,41,20,23
1,<environment.Job instance at 0x7f63d32d3c30>,28,2,[1 6],29,30,32,1,30
1,<environment.Job instance at 0x7f63d442ae10>,12,18,[3 6],13,30,48,17,30
1,<environment.Job instance at 0x7f63d4331d20>,23,3,[2 7],24,41,44,17,41
1,<environment.Job instance at 0x7f63d2ff6f50>,43,15,[6 5],44,44,59,0,44
1,<environment.Job instance at 0x7f63d2fe8c80>,38,15,[3 5],39,48,63,9,48
1,<environment.Job instance at 0x7f63d2ff6e60>,44,1,[10  1],45,59,60,14,59
1,<environment.Job instance at 0x7f63d3b96910>,47,2,[8 5],48,60,62,12,60
1,<environment.Job instance at 0x7f63d4291230>,48,17,[3 5],49,60,77,11,60
1,<environment.Job instance at 0x7f63d3bbb410>,46,12,[8 3],47,62,74,15,62
1,<environment.Job instance at 0x7f63d4282d20>,50,3,[9 1],51,74,77,23,74
1,<environment.Job instance at 0x7f63d4294230>,53,2,[7 2],54,77,79,23,77
1,<environment.Job instance at 0x7f63d35421e0>,57,2,[3 5],58,77,79,19,77
1,<environment.Job instance at 0x7f63d2eda7d0>,64,16,[1 8],65,77,93,12,77
1,<environment.Job instance at 0x7f63d4331c80>,24,17,[7 3],25,79,96,54,79
1,<environment.Job instance at 0x7f63d2ef6af0>,72,2,[5 4],73,93,95,20,93
1,<environment.Job instance at 0x7f63d42916e0>,49,18,[ 3 10],50,95,113,45,95
1,<environment.Job instance at 0x7f63d3bb6640>,73,1,[9 5],74,97,98,23,97
1,<environment.Job instance at 0x7f63d2ebd640>,68,18,[10  3],69,98,116,29,98
1,<environment.Job instance at 0x7f63d2eb46e0>,37,18,[ 4 10],38,115,133,77,115
1,<environment.Job instance at 0x7f63d3b70d20>,82,17,[4 5],83,116,133,33,116
1,<environment.Job instance at 0x7f63d356cd20>,80,19,[1 9],81,134,153,53,134
1,<environment.Job instance at 0x7f63d3b61230>,90,17,[8 5],91,134,151,43,134
1,<environment.Job instance at 0x7f63d3b61af0>,93,15,[10  5],94,151,166,57,151
1,<environment.Job instance at 0x7f63d356c780>,77,21,[1 5],78,153,174,75,153
1,<environment.Job instance at 0x7f63d3b7c690>,95,2,[2 5],96,153,155,57,153
1,<environment.Job instance at 0x7f63d3b68fa0>,96,2,[3 9],97,167,169,70,167
1,<environment.Job instance at 0x7f63d3b7ca50>,98,2,[7 3],99,169,171,70,169
1,<environment.Job instance at 0x7f63d3b82aa0>,100,1,[6 2],101,169,170,68,169
1,<environment.Job instance at 0x7f63d3b78c80>,1,13,[1 7],2,2,15,0,2
1,<environment.Job instance at 0x7f63d3b615f0>,2,12,[2 5],3,3,15,0,3
1,<environment.Job instance at 0x7f63d3b61960>,3,17,[5 2],4,4,21,0,4
1,<environment.Job instance at 0x7f63d3b61910>,5,12,[3 5],6,15,27,9,6
1,<environment.Job instance at 0x7f63d3b78aa0>,14,3,[10  5],15,21,24,6,18
1,<environment.Job instance at 0x7f63d2eedbe0>,16,1,[2 9],17,24,25,7,18
1,<environment.Job instance at 0x7f63d2eeddc0>,18,13,[ 1 12],19,27,40,8,20
1,<environment.Job instance at 0x7f63d39da690>,1,13,[1 7],2,2,15,0,2
1,<environment.Job instance at 0x7f63d39da5a0>,2,12,[2 5],3,3,15,0,3
1,<environment.Job instance at 0x7f63d39da4b0>,3,17,[5 2],4,4,21,0,4
1,<environment.Job instance at 0x7f63d323efa0>,14,3,[10  5],15,15,18,0,15
1,<environment.Job instance at 0x7f63d3244280>,16,1,[2 9],17,18,19,1,18
1,<environment.Job instance at 0x7f63d39da190>,5,12,[3 5],6,19,31,13,19
1,<environment.Job instance at 0x7f63d3244f50>,17,18,[2 6],18,19,37,1,19
1,<environment.Job instance at 0x7f63d32459b0>,23,15,[10  3],24,24,39,0,24
1,<environment.Job instance at 0x7f63d3b8b5f0>,28,13,[2 5],29,37,50,8,37
1,<environment.Job instance at 0x7f63d3267c30>,31,12,[1 7],32,37,49,5,37
1,<environment.Job instance at 0x7f63d3267370>,32,16,[8 1],33,39,55,6,39
1,<environment.Job instance at 0x7f63d32450a0>,21,18,[3 8],22,49,67,27,49
1,<environment.Job instance at 0x7f63d3267af0>,35,12,[8 3],36,55,67,19,55
1,<environment.Job instance at 0x7f63d32670f0>,33,14,[9 3],34,67,81,33,67
1,<environment.Job instance at 0x7f63d323bc30>,39,14,[1 5],40,67,81,27,67
1,<environment.Job instance at 0x7f63d323bc80>,38,15,[5 2],39,67,82,28,67
1,<environment.Job instance at 0x7f63d3b6c780>,41,12,[6 5],42,81,93,39,81
1,<environment.Job instance at 0x7f63d3b82af0>,44,13,[2 9],45,82,95,37,82
1,<environment.Job instance at 0x7f63d3b7c690>,46,2,[10  2],47,93,95,46,93
1,<environment.Job instance at 0x7f63d3b70f00>,54,15,[7 4],55,95,110,40,95
1,<environment.Job instance at 0x7f63d3b82a00>,43,16,[ 5 10],44,95,111,51,95
1,<environment.Job instance at 0x7f63d4298320>,62,1,[9 3],63,110,111,47,110
1,<environment.Job instance at 0x7f63d3b61640>,67,1,[1 9],68,111,112,43,111
1,<environment.Job instance at 0x7f63d3b61230>,69,13,[8 2],70,111,124,41,111
1,<environment.Job instance at 0x7f63d3b61c30>,66,16,[5 8],67,112,128,45,112
1,<environment.Job instance at 0x7f63d2eed730>,70,12,[9 1],71,124,136,53,124
1,<environment.Job instance at 0x7f63d2eed550>,73,1,[1 7],74,128,129,54,128
1,<environment.Job instance at 0x7f63d39da320>,7,18,[5 5],8,128,146,120,128
1,<environment.Job instance at 0x7f63d3b785f0>,74,1,[10  4],75,136,137,61,136
1,<environment.Job instance at 0x7f63d3867eb0>,79,1,[6 1],80,137,138,57,137
1,<environment.Job instance at 0x7f63d3b78960>,77,16,[1 9],78,137,153,59,137
1,<environment.Job instance at 0x7f63d355bbe0>,85,3,[5 6],86,146,149,60,146
1,<environment.Job instance at 0x7f63d3241870>,25,18,[9 5],26,149,167,123,149
1,<environment.Job instance at 0x7f63d355bfa0>,89,3,[3 5],90,153,156,63,153
1,<environment.Job instance at 0x7f63d355b9b0>,90,13,[3 8],91,156,169,65,156
1,<environment.Job instance at 0x7f63d355ba50>,92,14,[5 9],93,169,183,76,169
1,<environment.Job instance at 0x7f63d3c38f00>,4,3,[4 6],5,5,8,0,5
1,<environment.Job instance at 0x7f63d3c440a0>,5,1,[ 1 11],6,8,9,2,6
1,<environment.Job instance at 0x7f63d3c44280>,6,13,[5 1],7,7,20,0,7
1,<environment.Job instance at 0x7f63d3c44370>,7,15,[3 5],8,9,24,1,8
1,<environment.Job instance at 0x7f63d3c44550>,9,21,[4 6],10,10,31,0,10
1,<environment.Job instance at 0x7f63d3c44140>,10,3,[ 5 10],11,31,34,20,11
1,<environment.Job instance at 0x7f63d3c445a0>,13,15,[7 2],14,20,35,6,14
1,<environment.Job instance at 0x7f63d3c44a00>,15,12,[9 3],16,35,47,19,18
1,<environment.Job instance at 0x7f63d3c44b40>,18,2,[4 8],19,34,36,15,19
1,<environment.Job instance at 0x7f63d3c44c30>,19,1,[ 5 10],20,36,37,16,20
1,<environment.Job instance at 0x7f63d3c44d20>,20,1,[9 2],21,47,48,26,21
1,<environment.Job instance at 0x7f63d3c44f50>,23,1,[8 5],24,48,49,24,24
1,<environment.Job instance at 0x7f63d3c38fa0>,16,1,[5 3],17,37,38,20,24
1,<environment.Job instance at 0x7f63d3c19280>,24,1,[7 5],25,48,49,23,25
1,<environment.Job instance at 0x7f63d3c19370>,25,3,[5 5],26,38,41,12,26
1,<environment.Job instance at 0x7f63d3c196e0>,31,14,[5 1],32,49,63,17,34
1,<environment.Job instance at 0x7f63d3c197d0>,34,1,[13  3],35,63,64,28,35
1,<environment.Job instance at 0x7f63d3c199b0>,33,3,[ 1 14],34,49,52,15,38
1,<environment.Job instance at 0x7f63d3c19c80>,38,13,[6 4],39,64,77,25,48
1,<environment.Job instance at 0x7f63d3c1c140>,42,15,[8 3],43,64,79,21,50
1,<environment.Job instance at 0x7f63d3c19dc0>,39,16,[4 8],40,114,130,74,114
1,<environment.Job instance at 0x7f63d3c1c280>,44,15,[13  2],45,130,145,85,125
1,<environment.Job instance at 0x7f63d3c19910>,32,12,[6 2],33,145,157,112,143
1,<environment.Job instance at 0x7f63d3c1c320>,45,18,[ 5 10],46,145,163,99,144
1,<environment.Job instance at 0x7f63d3c1c3c0>,46,2,[ 3 13],47,163,165,116,156
1,<environment.Job instance at 0x7f63d44e09b0>,0,18,[3 9],1,1,19,0,1
1,<environment.Job instance at 0x7f63d396e820>,4,3,[4 6],5,5,8,0,5
1,<environment.Job instance at 0x7f63d313b780>,6,13,[5 1],7,8,21,1,8
1,<environment.Job instance at 0x7f63d2f22a00>,7,15,[3 5],8,8,23,0,8
1,<environment.Job instance at 0x7f63d313b9b0>,13,15,[7 2],14,19,34,5,19
1,<environment.Job instance at 0x7f63d313b320>,10,3,[ 5 10],11,23,26,12,23
1,<environment.Job instance at 0x7f63dca0d190>,16,1,[5 3],17,26,27,9,26
1,<environment.Job instance at 0x7f63d313beb0>,11,15,[ 2 10],12,26,41,14,26
1,<environment.Job instance at 0x7f63d313bcd0>,15,12,[9 3],16,34,46,18,34
1,<environment.Job instance at 0x7f63dca0d870>,19,1,[ 5 10],20,41,42,21,41
1,<environment.Job instance at 0x7f63dca0d320>,18,2,[4 8],19,42,44,23,42
1,<environment.Job instance at 0x7f63d3e90730>,2,16,[ 2 10],3,44,60,41,44
1,<environment.Job instance at 0x7f63d3572d20>,24,1,[7 5],25,46,47,21,46
1,<environment.Job instance at 0x7f63d3572280>,23,1,[8 5],24,47,48,23,47
1,<environment.Job instance at 0x7f63dca0d370>,20,1,[9 2],21,48,49,27,48
1,<environment.Job instance at 0x7f63d3572870>,25,3,[5 5],26,49,52,23,49
1,<environment.Job instance at 0x7f63dca0deb0>,22,12,[9 5],23,52,64,29,52
1,<environment.Job instance at 0x7f63d3572c30>,31,14,[5 1],32,60,74,28,60
1,<environment.Job instance at 0x7f63d3572e10>,32,12,[6 2],33,64,76,31,64
1,<environment.Job instance at 0x7f63d3572be0>,27,14,[3 5],28,64,78,36,64
1,<environment.Job instance at 0x7f63d3849280>,38,13,[6 4],39,76,89,37,76
1,<environment.Job instance at 0x7f63d35727d0>,36,13,[8 5],37,78,91,41,78
1,<environment.Job instance at 0x7f63d3849af0>,39,16,[4 8],40,89,105,49,89
1,<environment.Job instance at 0x7f63d3849b90>,42,15,[8 3],43,91,106,48,91
1,<environment.Job instance at 0x7f63d355b370>,48,14,[5 2],49,105,119,56,105
1,<environment.Job instance at 0x7f63d3572af0>,29,16,[ 5 10],30,106,122,76,106
1,<environment.Job instance at 0x7f63d3572fa0>,28,17,[10  2],29,119,136,90,119
1,<environment.Job instance at 0x7f63d355ba00>,52,17,[2 5],53,122,139,69,122
1,<environment.Job instance at 0x7f63d3867a50>,62,12,[5 7],63,136,148,73,136
1,<environment.Job instance at 0x7f63d355b460>,60,14,[7 2],61,136,150,75,136
1,<environment.Job instance at 0x7f63d3867910>,65,12,[1 8],66,148,160,82,148
1,<environment.Job instance at 0x7f63d313baa0>,14,17,[7 4],15,148,165,133,148
1,<environment.Job instance at 0x7f63d3b78780>,67,2,[6 4],68,160,162,92,160
1,<environment.Job instance at 0x7f63d3b78050>,68,16,[7 5],69,162,178,93,162
1,<environment.Job instance at 0x7f63d2eed1e0>,72,12,[1 6],73,162,174,89,162
1,<environment.Job instance at 0x7f63d3867d70>,64,18,[5 4],65,165,183,100,165
1,<environment.Job instance at 0x7f63d36b40f0>,0,3,[4 8],1,1,4,0,1
1,<environment.Job instance at 0x7f63d4266fa0>,1,14,[6 2],2,2,16,0,2
1,<environment.Job instance at 0x7f63d427a690>,12,16,[5 1],13,13,29,0,13
1,<environment.Job instance at 0x7f63d427aa50>,15,1,[6 4],16,16,17,0,16
1,<environment.Job instance at 0x7f63d427ac80>,16,3,[9 2],17,17,20,0,17
1,<environment.Job instance at 0x7f63d427a320>,17,2,[8 3],18,20,22,2,18
1,<environment.Job instance at 0x7f63d3ec5050>,19,2,[ 3 13],20,22,24,2,20
1,<environment.Job instance at 0x7f63d427a7d0>,6,13,[3 8],7,24,37,17,21
1,<environment.Job instance at 0x7f63d427a870>,21,3,[7 4],22,24,27,2,22
1,<environment.Job instance at 0x7f63d4266eb0>,4,3,[14  1],5,37,40,32,22
1,<environment.Job instance at 0x7f63d3ec5190>,24,2,[10  4],25,29,31,4,25
1,<environment.Job instance at 0x7f63d3ec5960>,25,16,[1 7],26,31,47,5,28
1,<environment.Job instance at 0x7f63d3ec5aa0>,28,3,[2 8],29,40,43,11,29
1,<environment.Job instance at 0x7f63d3ec5d70>,27,13,[ 5 11],28,47,60,19,32
1,<environment.Job instance at 0x7f63d2d7e690>,30,2,[2 8],31,43,45,12,32
1,<environment.Job instance at 0x7f63d3c38d70>,0,3,[4 8],1,1,4,0,1
1,<environment.Job instance at 0x7f63d3e06f50>,1,14,[6 2],2,2,16,0,2
1,<environment.Job instance at 0x7f63d3c19e10>,5,15,[ 3 10],6,6,21,0,6
1,<environment.Job instance at 0x7f63d3c448c0>,12,16,[5 1],13,16,32,3,16
1,<environment.Job instance at 0x7f63d39da690>,15,1,[6 4],16,21,22,5,21
1,<environment.Job instance at 0x7f63d3c190a0>,6,13,[3 8],7,21,34,14,21
1,<environment.Job instance at 0x7f63d3c19a50>,8,16,[5 5],9,22,38,13,22
1,<environment.Job instance at 0x7f63d39da1e0>,17,2,[8 3],18,34,36,16,34
1,<environment.Job instance at 0x7f63d39da460>,16,3,[9 2],17,36,39,19,36
1,<environment.Job instance at 0x7f63d39da910>,23,14,[5 3],24,38,52,14,38
1,<environment.Job instance at 0x7f63d323e320>,24,2,[10  4],25,39,41,14,39
1,<environment.Job instance at 0x7f63d3272870>,21,3,[7 4],22,41,44,19,41
1,<environment.Job instance at 0x7f63d323e280>,25,16,[1 7],26,41,57,15,41
1,<environment.Job instance at 0x7f63d39da500>,26,15,[7 1],27,44,59,17,44
1,<environment.Job instance at 0x7f63d326e7d0>,22,18,[7 3],23,52,70,29,52
1,<environment.Job instance at 0x7f63d326ca50>,30,2,[2 8],31,59,61,28,59
1,<environment.Job instance at 0x7f63d326caf0>,33,13,[5 2],34,59,72,25,59
1,<environment.Job instance at 0x7f63d3241870>,34,2,[2 9],35,61,63,26,61
1,<environment.Job instance at 0x7f63d3244f50>,28,3,[2 8],29,63,66,34,63
1,<environment.Job instance at 0x7f63d3b8b410>,41,1,[ 1 10],42,66,67,24,66
1,<environment.Job instance at 0x7f63d3b8b460>,42,2,[1 5],43,67,69,24,67
1,<environment.Job instance at 0x7f63d3c1c780>,7,14,[ 2 10],8,69,83,61,69
1,<environment.Job instance at 0x7f63d32450a0>,36,13,[9 5],37,72,85,35,72
1,<environment.Job instance at 0x7f63d3b8b820>,45,14,[5 8],46,83,97,37,83
1,<environment.Job instance at 0x7f63d3267c30>,49,1,[8 2],50,85,86,35,85
1,<environment.Job instance at 0x7f63d3267b90>,46,1,[7 2],47,86,87,39,86
1,<environment.Job instance at 0x7f63d3b8c3c0>,51,14,[9 1],52,87,101,35,87
1,<environment.Job instance at 0x7f63d3c44b90>,9,16,[4 8],10,97,113,87,97
1,<environment.Job instance at 0x7f63d3b82c80>,55,13,[5 1],56,101,114,45,101
1,<environment.Job instance at 0x7f63d3b82a00>,56,14,[7 3],57,113,127,56,113
1,<environment.Job instance at 0x7f63d323bc80>,52,17,[2 7],53,113,130,60,113
1,<environment.Job instance at 0x7f63d3b7c690>,58,14,[5 2],59,114,128,55,114
1,<environment.Job instance at 0x7f63d3b8b730>,39,17,[9 2],40,128,145,88,128
1,<environment.Job instance at 0x7f63d3b68410>,62,13,[1 9],63,130,143,67,130
1,<environment.Job instance at 0x7f63d3b70e60>,65,3,[5 1],66,130,133,64,130
1,<environment.Job instance at 0x7f63d3b68960>,61,15,[ 5 10],62,143,158,81,143
1,<environment.Job instance at 0x7f63d3b72aa0>,63,1,[10  1],64,145,146,81,145
1,<environment.Job instance at 0x7f63d385d780>,69,12,[5 5],70,146,158,76,146
1,<environment.Job instance at 0x7f63d2ebd820>,68,14,[ 2 10],69,158,172,89,158
1,<environment.Job instance at 0x7f63d3b61230>,75,18,[10  5],76,158,176,82,158
1,<environment.Job instance at 0x7f63d2acbf00>,2,1,[ 3 14],3,3,4,0,3
1,<environment.Job instance at 0x7f63d2acbe10>,5,1,[11  3],6,6,7,0,6
1,<environment.Job instance at 0x7f63d2acbbe0>,10,17,[10  3],11,11,28,0,11
1,<environment.Job instance at 0x7f63d322feb0>,4,15,[5 6],5,13,28,8,13
1,<environment.Job instance at 0x7f63d3c6b5a0>,13,12,[2 8],14,28,40,14,18
1,<environment.Job instance at 0x7f63dca2fc80>,9,14,[14  1],10,40,54,30,27
1,<environment.Job instance at 0x7f63d3c6b640>,18,3,[ 3 12],19,54,57,35,28
1,<environment.Job instance at 0x7f63d2f4dd70>,23,1,[3 8],24,57,58,33,40
1,<environment.Job instance at 0x7f63d2ccba50>,3,17,[ 5 10],4,4,21,0,4
1,<environment.Job instance at 0x7f63d2d7e870>,10,17,[10  3],11,11,28,0,11
1,<environment.Job instance at 0x7f63d3b40be0>,13,12,[2 8],14,21,33,7,21
1,<environment.Job instance at 0x7f63d2ccbfa0>,4,15,[5 6],5,28,43,23,28
1,<environment.Job instance at 0x7f63dca0d320>,21,1,[3 5],22,33,34,11,33
1,<environment.Job instance at 0x7f63dca0d140>,19,15,[5 2],20,33,48,13,33
1,<environment.Job instance at 0x7f63d2eed550>,23,1,[3 8],24,43,44,19,43
1,<environment.Job instance at 0x7f63d35a25a0>,24,16,[6 1],25,43,59,18,43
1,<environment.Job instance at 0x7f63dca0d0a0>,20,16,[ 1 10],21,44,60,23,44
1,<environment.Job instance at 0x7f63d3b8b5a0>,30,15,[6 2],31,48,63,17,48
1,<environment.Job instance at 0x7f63d2ebd460>,28,1,[7 5],29,60,61,31,60
1,<environment.Job instance at 0x7f63d3b8b500>,31,1,[3 8],32,61,62,29,61
1,<environment.Job instance at 0x7f63d427a640>,16,14,[5 8],17,62,76,45,62
1,<environment.Job instance at 0x7f63d3b8be10>,35,17,[8 2],36,63,80,27,63
1,<environment.Job instance at 0x7f63d39da500>,38,16,[ 1 10],39,76,92,37,76
1,<environment.Job instance at 0x7f63d2acbeb0>,45,15,[7 5],46,80,95,34,80
1,<environment.Job instance at 0x7f63d3c6b460>,46,1,[8 3],47,92,93,45,92
1,<environment.Job instance at 0x7f63d39da370>,40,16,[6 4],41,93,109,52,93
1,<environment.Job instance at 0x7f63d2eedeb0>,26,17,[5 8],27,95,112,68,95
1,<environment.Job instance at 0x7f63d33fc9b0>,52,13,[1 5],53,109,122,56,109
1,<environment.Job instance at 0x7f63d323ef00>,37,18,[9 1],38,109,127,71,109
1,<environment.Job instance at 0x7f63dcf79f00>,57,18,[5 4],58,112,130,54,112
1,<environment.Job instance at 0x7f63dcf795a0>,56,2,[ 5 10],57,127,129,70,127
1,<environment.Job instance at 0x7f63dca03320>,61,16,[7 4],62,129,145,67,129
1,<environment.Job instance at 0x7f63dca03960>,60,18,[3 7],61,129,147,68,129
1,<environment.Job instance at 0x7f63dca03f50>,63,2,[5 2],64,130,132,66,130
1,<environment.Job instance at 0x7f63dca03b40>,62,2,[8 4],63,145,147,82,145
1,<environment.Job instance at 0x7f63dca03a50>,68,16,[10  1],69,147,163,78,147
1,<environment.Job instance at 0x7f63dca03af0>,67,17,[ 1 10],68,147,164,79,147
1,<environment.Job instance at 0x7f63dca03dc0>,69,15,[10  1],70,163,178,93,163
1,<environment.Job instance at 0x7f63dca03780>,72,3,[5 5],73,164,167,91,164
1,<environment.Job instance at 0x7f63dca03c80>,75,16,[4 5],76,167,183,91,167
1,<environment.Job instance at 0x7f63dca73910>,1,12,[4 8],2,2,14,0,2
1,<environment.Job instance at 0x7f63d3ea8460>,3,13,[2 9],4,14,27,10,4
1,<environment.Job instance at 0x7f63d3a827d0>,12,17,[5 1],13,13,30,0,13
1,<environment.Job instance at 0x7f63d3a823c0>,11,16,[ 2 10],12,27,43,15,16
1,<environment.Job instance at 0x7f63d3a82870>,15,3,[7 5],16,17,20,1,17
1,<environment.Job instance at 0x7f63d3a11910>,17,3,[6 4],18,20,23,2,18
1,<environment.Job instance at 0x7f63d3ea8640>,7,16,[7 5],8,30,46,22,18
1,<environment.Job instance at 0x7f63d406cb40>,19,14,[1 8],20,43,57,23,29
1,<environment.Job instance at 0x7f63d3ec1410>,18,24,[7 5],19,46,70,27,41
1,<environment.Job instance at 0x7f63dcabb280>,21,14,[5 1],22,43,57,21,41
1,<environment.Job instance at 0x7f63d3e79370>,22,3,[2 7],23,57,60,34,41
1,<environment.Job instance at 0x7f63d317dc80>,25,2,[3 5],26,60,62,34,49
1,<environment.Job instance at 0x7f63d317df00>,26,3,[2 8],27,62,65,35,49
1,<environment.Job instance at 0x7f63d2e539b0>,34,1,[11  2],35,70,71,35,53
1,<environment.Job instance at 0x7f63d31ecc30>,35,2,[ 5 11],36,71,73,35,53
1,<environment.Job instance at 0x7f63d31bde60>,37,12,[9 2],38,71,83,33,60
1,<environment.Job instance at 0x7f63d3749910>,0,18,[4 9],1,1,19,0,1
1,<environment.Job instance at 0x7f63d2b92730>,7,16,[7 5],8,8,24,0,8
1,<environment.Job instance at 0x7f63d37494b0>,1,12,[4 8],2,19,31,17,19
1,<environment.Job instance at 0x7f63d2b925a0>,8,15,[5 6],9,24,39,15,24
1,<environment.Job instance at 0x7f63d2b92280>,12,17,[5 1],13,24,41,11,24
1,<environment.Job instance at 0x7f63d2b926e0>,6,17,[2 8],7,31,48,24,31
1,<environment.Job instance at 0x7f63d2b92eb0>,17,3,[6 4],18,39,42,21,39
1,<environment.Job instance at 0x7f63d2b92640>,15,3,[7 5],16,42,45,26,42
1,<environment.Job instance at 0x7f63d2b920a0>,21,14,[5 1],22,42,56,20,42
1,<environment.Job instance at 0x7f63d2b92be0>,22,3,[2 7],23,48,51,25,48
1,<environment.Job instance at 0x7f63d3749b40>,3,13,[2 9],4,51,64,47,51
1,<environment.Job instance at 0x7f63d3dd2a00>,25,2,[3 5],26,51,53,25,51
1,<environment.Job instance at 0x7f63d2b92a00>,14,16,[9 1],15,56,72,41,56
1,<environment.Job instance at 0x7f63d3dd2d20>,26,3,[2 8],27,64,67,37,64
1,<environment.Job instance at 0x7f63d2b920f0>,19,14,[1 8],20,67,81,47,67
1,<environment.Job instance at 0x7f63d3dd2550>,27,12,[10  4],28,72,84,44,72
1,<environment.Job instance at 0x7f63d2b92b40>,11,16,[ 2 10],12,81,97,69,81
1,<environment.Job instance at 0x7f63d3dd2820>,37,12,[9 2],38,84,96,46,84
1,<environment.Job instance at 0x7f63d3dd25a0>,33,16,[7 4],34,96,112,62,96
1,<environment.Job instance at 0x7f63d3cafc30>,42,13,[8 1],43,97,110,54,97
1,<environment.Job instance at 0x7f63d3caf5a0>,44,1,[ 4 10],45,110,111,65,110
1,<environment.Job instance at 0x7f63d3dd2050>,28,17,[4 7],29,111,128,82,111
1,<environment.Job instance at 0x7f63d3cafdc0>,45,17,[9 3],46,112,129,66,112
1,<environment.Job instance at 0x7f63d3cafb90>,49,3,[5 6],50,128,131,78,128
1,<environment.Job instance at 0x7f63d3caf640>,52,15,[1 9],53,129,144,76,129
1,<environment.Job instance at 0x7f63d3dd27d0>,30,18,[7 1],31,131,149,100,131
1,<environment.Job instance at 0x7f63d2c0e5a0>,59,2,[2 8],60,144,146,84,144
1,<environment.Job instance at 0x7f63d39ab370>,57,3,[ 2 10],58,146,149,88,146
1,<environment.Job instance at 0x7f63d2c0e730>,61,1,[9 2],62,149,150,87,149
1,<environment.Job instance at 0x7f63d3cafcd0>,53,17,[4 9],54,149,166,95,149
1,<environment.Job instance at 0x7f63d2c0e910>,66,18,[5 6],67,151,169,84,151
1,<environment.Job instance at 0x7f63d2c0eb90>,75,12,[5 9],76,166,178,90,166
1,<environment.Job instance at 0x7f63d2c0e460>,77,12,[6 3],78,169,181,91,169
1,<environment.Job instance at 0x7f443ea1eaf0>,4,14,[1 6],5,5,19,0,5
1,<environment.Job instance at 0x7f443ea1ea50>,2,22,[4 8],3,5,27,2,5
1,<environment.Job instance at 0x7f443ea220f0>,11,1,[8 5],12,19,20,7,12
1,<environment.Job instance at 0x7f44480688c0>,3,3,[ 4 14],4,27,30,23,14
1,<environment.Job instance at 0x7f443ea22190>,12,13,[10  2],13,30,43,17,16
1,<environment.Job instance at 0x7f443ea16e60>,2,22,[4 8],3,3,25,0,3
1,<environment.Job instance at 0x7f443ea16910>,4,14,[1 6],5,5,19,0,5
1,<environment.Job instance at 0x7f443ea67730>,6,20,[6 1],7,7,27,0,7
1,<environment.Job instance at 0x7f443eaf11e0>,11,1,[8 5],12,25,26,13,25
1,<environment.Job instance at 0x7f443eb43c80>,21,1,[6 5],22,26,27,4,26
1,<environment.Job instance at 0x7f443eb43190>,22,1,[2 7],23,26,27,3,26
1,<environment.Job instance at 0x7f443eab8640>,12,13,[10  2],13,27,40,14,27
1,<environment.Job instance at 0x7f443eb2e230>,16,16,[3 5],17,27,43,10,27
1,<environment.Job instance at 0x7f443eab2690>,15,18,[2 8],16,27,45,11,27
1,<environment.Job instance at 0x7f443ebc8820>,14,13,[7 3],15,43,56,28,43
1,<environment.Job instance at 0x7f443eae0550>,35,2,[1 8],36,45,47,9,45
1,<environment.Job instance at 0x7f443ebc6690>,34,16,[2 8],35,47,63,12,47
1,<environment.Job instance at 0x7f443eae0690>,36,15,[9 5],37,56,71,19,56
1,<environment.Job instance at 0x7f443eae0370>,46,13,[6 5],47,63,76,16,63
1,<environment.Job instance at 0x7f443eccbaf0>,27,18,[1 8],28,71,89,43,71
1,<environment.Job instance at 0x7f443eb2c460>,49,15,[10  1],50,76,91,26,76
1,<environment.Job instance at 0x7f443ebcb230>,54,17,[5 7],55,90,107,35,90
1,<environment.Job instance at 0x7f443eae05f0>,41,15,[10  3],42,91,106,49,91
1,<environment.Job instance at 0x7f443ebcbaf0>,57,17,[8 5],58,106,123,48,106
1,<environment.Job instance at 0x7f443eadb370>,59,14,[2 7],60,107,121,47,107
1,<environment.Job instance at 0x7f443eadb5a0>,60,17,[1 6],61,121,138,60,121
1,<environment.Job instance at 0x7f443eadb910>,62,3,[5 5],63,123,126,60,123
1,<environment.Job instance at 0x7f443eadb780>,63,14,[8 1],64,123,137,59,123
1,<environment.Job instance at 0x7f443eae0190>,44,18,[5 5],45,126,144,81,126
1,<environment.Job instance at 0x7f443eb10910>,65,2,[10  4],66,139,141,73,139
1,<environment.Job instance at 0x7f443eaa9cd0>,24,18,[ 4 10],25,141,159,116,141
1,<environment.Job instance at 0x7f443eadbeb0>,64,20,[10  2],65,144,164,79,144
1,<environment.Job instance at 0x7f443eb2ae10>,69,2,[ 3 10],70,159,161,89,159
1,<environment.Job instance at 0x7f443eb2a500>,73,2,[5 9],74,161,163,87,161
1,<environment.Job instance at 0x7f443eadbb90>,67,18,[3 8],68,163,181,95,163
1,<environment.Job instance at 0x7f443eb2adc0>,74,13,[6 3],75,165,178,90,165
1,<environment.Job instance at 0x7f443eba5a00>,75,14,[5 1],76,165,179,89,165
1,<environment.Job instance at 0x7f443eb3e050>,78,13,[8 5],79,179,192,100,179
1,<environment.Job instance at 0x7f443e1739b0>,1,13,[4 9],2,2,15,0,2
1,<environment.Job instance at 0x7f443e173eb0>,2,14,[2 9],3,15,29,12,3
1,<environment.Job instance at 0x7f443e173cd0>,3,2,[13  3],4,15,17,11,4
1,<environment.Job instance at 0x7f443e1731e0>,5,2,[5 2],6,6,8,0,6
1,<environment.Job instance at 0x7f443e1730a0>,6,1,[5 9],7,29,30,22,7
1,<environment.Job instance at 0x7f443e255c30>,13,12,[1 7],14,30,42,16,14
1,<environment.Job instance at 0x7f443e2556e0>,14,3,[10  2],15,17,20,2,15
1,<environment.Job instance at 0x7f443e255550>,15,3,[5 5],16,20,23,4,16
1,<environment.Job instance at 0x7f443e255280>,16,3,[ 5 10],17,42,45,25,17
1,<environment.Job instance at 0x7f443e39e460>,18,3,[10  1],19,23,26,4,19
1,<environment.Job instance at 0x7f443e255190>,19,21,[6 1],20,26,47,6,20
1,<environment.Job instance at 0x7f443e2c7a50>,20,2,[7 5],21,26,28,5,21
1,<environment.Job instance at 0x7f443e2c78c0>,23,3,[7 5],24,30,33,6,24
1,<environment.Job instance at 0x7f443e296320>,28,2,[5 2],29,33,35,4,29
1,<environment.Job instance at 0x7f443e252050>,31,1,[ 2 14],32,45,46,13,32
1,<environment.Job instance at 0x7f443e2c77d0>,27,15,[3 7],28,46,61,18,32
1,<environment.Job instance at 0x7f443e2521e0>,33,2,[5 9],34,61,63,27,35
1,<environment.Job instance at 0x7f443e252230>,32,2,[12  2],33,47,49,14,35
1,<environment.Job instance at 0x7f443e2c7f00>,26,22,[6 1],27,49,71,22,42
1,<environment.Job instance at 0x7f443dfe1820>,49,13,[7 4],50,63,76,13,57
1,<environment.Job instance at 0x7f443e1d06e0>,1,13,[4 9],2,2,15,0,2
1,<environment.Job instance at 0x7f443e1ccf50>,5,2,[5 2],6,6,8,0,6
1,<environment.Job instance at 0x7f443e31ec30>,8,21,[9 4],9,9,30,0,9
1,<environment.Job instance at 0x7f443e1ccc30>,6,1,[5 9],7,15,16,8,15
1,<environment.Job instance at 0x7f443e27e0f0>,13,12,[1 7],14,16,28,2,16
1,<environment.Job instance at 0x7f443e23a410>,15,3,[5 5],16,28,31,12,28
1,<environment.Job instance at 0x7f443e23a500>,14,3,[10  2],15,30,33,15,30
1,<environment.Job instance at 0x7f443e23a1e0>,16,3,[ 5 10],17,31,34,14,31
1,<environment.Job instance at 0x7f443e23a0a0>,20,2,[7 5],21,33,35,12,33
1,<environment.Job instance at 0x7f443e349dc0>,2,14,[2 9],3,34,48,31,34
1,<environment.Job instance at 0x7f443e1d9fa0>,23,3,[7 5],24,35,38,11,35
1,<environment.Job instance at 0x7f443e23a5f0>,18,3,[10  1],19,38,41,19,38
1,<environment.Job instance at 0x7f443e27ecd0>,9,12,[9 3],10,41,53,31,41
1,<environment.Job instance at 0x7f443e248460>,33,2,[5 9],34,48,50,14,48
1,<environment.Job instance at 0x7f443e1dce10>,28,2,[5 2],29,50,52,21,50
1,<environment.Job instance at 0x7f443e1d9050>,21,14,[2 7],22,52,66,30,52
1,<environment.Job instance at 0x7f443e1e8730>,34,13,[9 4],35,53,66,18,53
1,<environment.Job instance at 0x7f443e1f3d70>,42,14,[6 1],43,66,80,23,66
1,<environment.Job instance at 0x7f443e1ef870>,39,14,[ 1 10],40,66,80,26,66
1,<environment.Job instance at 0x7f443e1f3730>,45,14,[10  1],46,80,94,34,80
1,<environment.Job instance at 0x7f443e1dc0a0>,27,15,[3 7],28,80,95,52,80
1,<environment.Job instance at 0x7f443e237960>,48,13,[6 3],49,94,107,45,94
1,<environment.Job instance at 0x7f443e237f00>,49,13,[7 4],50,95,108,45,95
1,<environment.Job instance at 0x7f443e1ebbe0>,51,20,[1 7],52,96,116,44,96
1,<environment.Job instance at 0x7f443e1f3280>,44,16,[3 8],45,108,124,63,108
1,<environment.Job instance at 0x7f443e1f3eb0>,46,16,[9 2],47,116,132,69,116
1,<environment.Job instance at 0x7f443e1f72d0>,58,2,[2 8],59,124,126,65,124
1,<environment.Job instance at 0x7f443e212140>,59,16,[2 8],60,126,142,66,126
1,<environment.Job instance at 0x7f443e1f7c80>,61,3,[10  5],62,133,136,71,133
1,<environment.Job instance at 0x7f443e1fb780>,64,3,[7 5],65,136,139,71,136
1,<environment.Job instance at 0x7f443e277a50>,66,16,[7 4],67,139,155,72,139
1,<environment.Job instance at 0x7f443e1e8910>,36,17,[3 8],37,142,159,105,142
1,<environment.Job instance at 0x7f443e1fe2d0>,73,12,[9 1],74,155,167,81,155
1,<environment.Job instance at 0x7f443e1feb40>,74,14,[5 5],75,159,173,84,159
1,<environment.Job instance at 0x7f443e240cd0>,76,3,[9 1],77,167,170,90,167
1,<environment.Job instance at 0x7f443e240be0>,77,17,[5 2],78,170,187,92,170
1,<environment.Job instance at 0x7f443e240c80>,79,1,[5 4],80,170,171,90,170
1,<environment.Job instance at 0x7f443e240e60>,78,18,[4 5],79,171,189,92,171
1,<environment.Job instance at 0x7f443e36c910>,68,18,[4 6],69,173,191,104,173
1,<environment.Job instance at 0x7f44480678c0>,1,12,[3 8],2,2,14,0,2
1,<environment.Job instance at 0x7f443dfece60>,3,15,[4 6],4,4,19,0,4
1,<environment.Job instance at 0x7f443dfec820>,6,15,[5 3],7,14,29,7,7
1,<environment.Job instance at 0x7f443dfecb90>,9,13,[1 7],10,19,32,9,10
1,<environment.Job instance at 0x7f443dfecb40>,12,2,[5 7],13,29,31,16,13
1,<environment.Job instance at 0x7f443dfecd20>,14,13,[11  5],15,31,44,16,15
1,<environment.Job instance at 0x7f443dfec230>,18,3,[13  2],19,44,47,25,21
1,<environment.Job instance at 0x7f443dfec550>,20,3,[1 6],21,32,35,11,21
1,<environment.Job instance at 0x7f4448067640>,17,2,[6 3],18,22,24,4,22
1,<environment.Job instance at 0x7f44481d3be0>,23,1,[7 4],24,24,25,0,24
1,<environment.Job instance at 0x7f443dfec370>,16,13,[5 5],17,47,60,30,31
1,<environment.Job instance at 0x7f44481d3eb0>,25,3,[12  3],26,60,63,34,34
1,<environment.Job instance at 0x7f443e026be0>,26,12,[ 5 14],27,63,75,36,46
1,<environment.Job instance at 0x7f44481d3500>,22,2,[5 5],23,47,49,24,46
1,<environment.Job instance at 0x7f443e0269b0>,28,3,[5 5],29,47,50,18,46
1,<environment.Job instance at 0x7f443e026050>,27,14,[7 5],28,75,89,47,60
1,<environment.Job instance at 0x7f443e026370>,31,1,[7 4],32,75,76,43,60
1,<environment.Job instance at 0x7f443dfec050>,19,14,[7 5],20,76,90,56,62
1,<environment.Job instance at 0x7f443e026e60>,32,2,[9 2],33,90,92,57,65
1,<environment.Job instance at 0x7f443e029fa0>,38,2,[7 5],39,92,94,53,66
1,<environment.Job instance at 0x7f443e0295a0>,41,2,[ 2 14],42,94,96,52,67
1,<environment.Job instance at 0x7f443e0297d0>,43,3,[ 2 11],44,96,99,52,70
1,<environment.Job instance at 0x7f443e029500>,45,2,[12  2],46,96,98,50,70
1,<environment.Job instance at 0x7f443eb67a00>,0,17,[7 5],1,1,18,0,1
1,<environment.Job instance at 0x7f443f312d70>,1,12,[3 8],2,2,14,0,2
1,<environment.Job instance at 0x7f443e842460>,12,2,[5 7],13,14,16,1,14
1,<environment.Job instance at 0x7f443e0a6320>,9,13,[1 7],10,16,29,6,16
1,<environment.Job instance at 0x7f4447bff960>,6,15,[5 3],7,16,31,9,16
1,<environment.Job instance at 0x7f443e697eb0>,16,13,[5 5],17,18,31,1,18
1,<environment.Job instance at 0x7f443f22d370>,3,15,[4 6],4,29,44,25,29
1,<environment.Job instance at 0x7f443e697c30>,17,2,[6 3],18,31,33,13,31
1,<environment.Job instance at 0x7f443e2b6050>,20,3,[1 6],21,31,34,10,31
1,<environment.Job instance at 0x7f443e870550>,22,2,[5 5],23,34,36,11,34
1,<environment.Job instance at 0x7f443e879f00>,23,1,[7 4],24,36,37,12,36
1,<environment.Job instance at 0x7f4447f95a00>,7,18,[1 5],8,36,54,28,36
1,<environment.Job instance at 0x7f444f44f9b0>,24,16,[10  4],25,37,53,12,37
1,<environment.Job instance at 0x7f4447b93d70>,28,3,[5 5],29,53,56,24,53
1,<environment.Job instance at 0x7f443e825dc0>,27,14,[7 5],28,53,67,25,53
1,<environment.Job instance at 0x7f443e39c5f0>,19,14,[7 5],20,56,70,36,56
1,<environment.Job instance at 0x7f443e2aa550>,31,1,[7 4],32,67,68,35,67
1,<environment.Job instance at 0x7f443edf0820>,2,21,[4 8],3,68,89,65,68
1,<environment.Job instance at 0x7f443e3c7320>,32,2,[9 2],33,70,72,37,70
1,<environment.Job instance at 0x7f443e261050>,38,2,[7 5],39,72,74,33,72
1,<environment.Job instance at 0x7f443e2aad70>,33,17,[7 2],34,74,91,40,74
1,<environment.Job instance at 0x7f443e426b90>,46,14,[ 2 10],47,89,103,42,89
1,<environment.Job instance at 0x7f443e3c71e0>,29,18,[9 5],30,91,109,61,91
1,<environment.Job instance at 0x7f443e4695a0>,50,14,[ 5 10],51,103,117,52,103
1,<environment.Job instance at 0x7f443e469e10>,52,3,[7 4],53,109,112,56,109
1,<environment.Job instance at 0x7f443e469550>,53,17,[5 1],54,112,129,58,112
1,<environment.Job instance at 0x7f443e44ba00>,56,3,[3 5],57,117,120,60,117
1,<environment.Job instance at 0x7f443e469460>,51,16,[5 9],52,117,133,65,117
1,<environment.Job instance at 0x7f443e378af0>,58,2,[7 2],59,129,131,70,129
1,<environment.Job instance at 0x7f443e378b40>,57,13,[9 4],58,131,144,73,131
1,<environment.Job instance at 0x7f443e269e60>,61,2,[4 8],62,133,135,71,133
1,<environment.Job instance at 0x7f443e269be0>,62,16,[5 5],63,135,151,72,135
1,<environment.Job instance at 0x7f443e16dd20>,64,1,[3 8],65,144,145,79,144
1,<environment.Job instance at 0x7f443e269fa0>,63,3,[7 4],64,145,148,81,145
1,<environment.Job instance at 0x7f443e16d3c0>,65,3,[10  2],66,148,151,82,148
1,<environment.Job instance at 0x7f443e3690f0>,72,3,[8 4],73,151,154,78,151
1,<environment.Job instance at 0x7f443e369a00>,73,15,[5 8],74,151,166,77,151
1,<environment.Job instance at 0x7f443e44bc80>,54,17,[8 4],55,154,171,99,154
1,<environment.Job instance at 0x7f443e16de60>,70,16,[3 8],71,166,182,95,166
1,<environment.Job instance at 0x7f443e369910>,75,2,[10  4],76,171,173,95,171
1,<environment.Job instance at 0x7f443e3a0e10>,77,14,[5 7],78,173,187,95,173
1,<environment.Job instance at 0x7f443ef36dc0>,1,13,[ 4 10],2,2,15,0,2
1,<environment.Job instance at 0x7f443ef36730>,2,1,[ 4 14],3,15,16,12,3
1,<environment.Job instance at 0x7f443ef360f0>,6,14,[8 5],7,16,30,9,7
1,<environment.Job instance at 0x7f443ed75960>,8,2,[ 5 14],9,30,32,21,9
1,<environment.Job instance at 0x7f443ed75a00>,10,1,[ 5 14],11,32,33,21,11
1,<environment.Job instance at 0x7f443ed75370>,11,1,[10  5],12,12,13,0,12
1,<environment.Job instance at 0x7f443ed750a0>,13,2,[ 4 11],14,33,35,19,14
1,<environment.Job instance at 0x7f443ed75690>,18,12,[3 8],19,35,47,16,20
1,<environment.Job instance at 0x7f443ed75d70>,20,17,[1 9],21,47,64,26,35
1,<environment.Job instance at 0x7f443ed756e0>,24,14,[1 5],25,35,49,10,35
1,<environment.Job instance at 0x7f443e6a1cd0>,25,12,[1 6],26,49,61,23,35
1,<environment.Job instance at 0x7f443e6a1320>,26,18,[1 7],27,64,82,37,53
1,<environment.Job instance at 0x7f443e6a1a00>,27,12,[ 5 12],28,82,94,54,65
1,<environment.Job instance at 0x7f443e6a11e0>,28,14,[14  1],29,66,80,37,66
1,<environment.Job instance at 0x7f443e6a1910>,29,15,[1 6],30,94,109,64,80
1,<environment.Job instance at 0x7f443e6a1280>,30,14,[12  4],31,94,108,63,81
1,<environment.Job instance at 0x7f443e6a16e0>,31,18,[11  5],32,108,126,76,97
1,<environment.Job instance at 0x7f443e6a10f0>,32,2,[10  5],33,126,128,93,99
1,<environment.Job instance at 0x7f443e6a1640>,33,12,[14  4],34,128,140,94,111
1,<environment.Job instance at 0x7f443e6a1870>,34,15,[7 4],35,140,155,105,126
1,<environment.Job instance at 0x7f443ef36aa0>,19,27,[1 5],20,131,158,111,131
1,<environment.Job instance at 0x7f443e6a15f0>,36,14,[6 2],37,140,154,103,133
1,<environment.Job instance at 0x7f443ed75460>,22,17,[ 2 13],23,158,175,135,149
1,<environment.Job instance at 0x7f443e6a1500>,38,17,[7 2],39,154,171,115,149
1,<environment.Job instance at 0x7f443e6a18c0>,39,12,[8 1],40,171,183,131,154
1,<environment.Job instance at 0x7f443ee66a50>,43,12,[6 5],44,175,187,131,159
1,<environment.Job instance at 0x7f443e6a1c30>,41,18,[5 1],42,183,201,141,172
1,<environment.Job instance at 0x7f443ee660a0>,44,2,[4 7],45,183,185,138,173
1,<environment.Job instance at 0x7f443ee66460>,46,12,[ 4 10],47,187,199,140,173
1,<environment.Job instance at 0x7f443ee66be0>,48,2,[ 4 11],49,199,201,150,173
1,<environment.Job instance at 0x7f443f1b3320>,0,22,[5 9],1,1,23,0,1
1,<environment.Job instance at 0x7f4447db82d0>,4,19,[6 3],5,5,24,0,5
1,<environment.Job instance at 0x7f443f1b3410>,1,13,[ 4 10],2,23,36,21,23
1,<environment.Job instance at 0x7f443e676aa0>,11,1,[10  5],12,24,25,12,24
1,<environment.Job instance at 0x7f443e743640>,6,14,[8 5],7,25,39,18,25
1,<environment.Job instance at 0x7f443e6574b0>,18,12,[3 8],19,36,48,17,36
1,<environment.Job instance at 0x7f443e367c80>,25,12,[1 6],26,39,51,13,39
1,<environment.Job instance at 0x7f443e676910>,9,13,[3 9],10,48,61,38,48
1,<environment.Job instance at 0x7f443e4cc780>,24,14,[1 5],25,51,65,26,51
1,<environment.Job instance at 0x7f443e3a0a00>,32,2,[10  5],33,61,63,28,61
1,<environment.Job instance at 0x7f443e4d1e60>,7,17,[2 5],8,61,78,53,61
1,<environment.Job instance at 0x7f443e16d460>,36,14,[6 2],37,63,77,26,63
1,<environment.Job instance at 0x7f443e3a0be0>,34,15,[7 4],35,65,80,30,65
1,<environment.Job instance at 0x7f443e3af140>,29,15,[1 6],30,77,92,47,77
1,<environment.Job instance at 0x7f443e16d910>,38,17,[7 2],39,78,95,39,78
1,<environment.Job instance at 0x7f443e3676e0>,26,18,[1 7],27,80,98,53,80
1,<environment.Job instance at 0x7f443e44b9b0>,41,18,[5 1],42,92,110,50,92
1,<environment.Job instance at 0x7f443e469550>,44,2,[4 7],45,95,97,50,95
1,<environment.Job instance at 0x7f443e16d410>,39,12,[8 1],40,97,109,57,97
1,<environment.Job instance at 0x7f443e6b9b90>,20,17,[1 9],21,98,115,77,98
1,<environment.Job instance at 0x7f443e24c5f0>,51,3,[5 5],52,109,112,57,109
1,<environment.Job instance at 0x7f443e44bc80>,43,12,[6 5],44,112,124,68,112
1,<environment.Job instance at 0x7f443e4660a0>,58,3,[ 1 10],59,115,118,56,115
1,<environment.Job instance at 0x7f443e4693c0>,46,12,[ 4 10],47,118,130,71,118
1,<environment.Job instance at 0x7f443e697c30>,57,13,[6 2],58,124,137,66,124
1,<environment.Job instance at 0x7f443f319c30>,62,13,[3 6],63,130,143,67,130
1,<environment.Job instance at 0x7f4447bd4be0>,61,16,[1 8],62,137,153,75,137
1,<environment.Job instance at 0x7f443e4667d0>,60,18,[7 1],61,137,155,76,137
1,<environment.Job instance at 0x7f443f312d70>,69,1,[3 7],70,153,154,83,153
1,<environment.Job instance at 0x7f443e466870>,56,14,[ 4 10],57,154,168,97,154
1,<environment.Job instance at 0x7f443ed75320>,74,15,[9 1],75,156,171,81,156
1,<environment.Job instance at 0x7f443ed75140>,79,14,[3 7],80,168,182,88,168
1,<environment.Job instance at 0x7f443ed991e0>,80,15,[9 4],81,171,186,90,171
1,<environment.Job instance at 0x7f443e3aa500>,3,3,[9 1],4,7,10,3,7
1,<environment.Job instance at 0x7f443ee6c7d0>,7,14,[13  5],8,10,24,2,9
1,<environment.Job instance at 0x7f443ee6c0a0>,9,1,[6 1],10,24,25,14,10
1,<environment.Job instance at 0x7f443ee6c3c0>,12,14,[7 1],13,24,38,11,13
1,<environment.Job instance at 0x7f443ee6cd70>,14,3,[ 5 14],15,25,28,10,15
1,<environment.Job instance at 0x7f443ee6c5a0>,10,15,[5 2],11,28,43,17,16
1,<environment.Job instance at 0x7f443ee7b910>,18,3,[13  4],19,43,46,24,19
1,<environment.Job instance at 0x7f443ee727d0>,19,16,[2 9],20,28,44,8,21
1,<environment.Job instance at 0x7f443ee7beb0>,17,14,[2 6],18,45,59,27,45
1,<environment.Job instance at 0x7f443ee72a50>,24,18,[ 1 10],25,59,77,34,51
1,<environment.Job instance at 0x7f443ee73190>,25,1,[1 6],26,51,52,25,51
1,<environment.Job instance at 0x7f443ee730a0>,26,12,[14  1],27,69,81,42,69
1,<environment.Job instance at 0x7f443ee6b730>,4,28,[ 1 11],5,79,107,74,79
1,<environment.Job instance at 0x7f443e3edf00>,27,18,[ 3 13],28,131,149,103,131
1,<environment.Job instance at 0x7f443e3edaf0>,29,3,[7 1],30,134,137,104,134
1,<environment.Job instance at 0x7f443e3ed4b0>,28,18,[10  5],29,153,171,124,153
1,<environment.Job instance at 0x7f443f54c0a0>,31,15,[10  4],32,171,186,139,163
1,<environment.Job instance at 0x7f443e3f7190>,32,3,[ 4 11],33,171,174,138,164
1,<environment.Job instance at 0x7f443e4542d0>,33,25,[5 6],34,174,199,140,172
1,<environment.Job instance at 0x7f443ee77500>,35,2,[ 4 13],36,199,201,163,172
1,<environment.Job instance at 0x7f443f55f2d0>,36,2,[10  5],37,186,188,149,172
1,<environment.Job instance at 0x7f4448091730>,0,18,[9 5],1,1,19,0,1
1,<environment.Job instance at 0x7f443eb8f140>,5,17,[6 5],6,6,23,0,6
1,<environment.Job instance at 0x7f443eb8ff50>,9,1,[6 1],10,19,20,9,19
1,<environment.Job instance at 0x7f4448091f50>,3,3,[9 1],4,20,23,16,20
1,<environment.Job instance at 0x7f443e73b3c0>,17,14,[2 6],18,23,37,5,23
1,<environment.Job instance at 0x7f443f120cd0>,12,14,[7 1],13,23,37,10,23
1,<environment.Job instance at 0x7f443f120640>,10,15,[5 2],11,23,38,12,23
1,<environment.Job instance at 0x7f443eb2e320>,19,16,[2 9],20,37,53,17,37
1,<environment.Job instance at 0x7f443f15d0a0>,23,17,[4 5],24,38,55,14,38
1,<environment.Job instance at 0x7f443eaa4af0>,25,1,[1 6],26,53,54,27,53
1,<environment.Job instance at 0x7f443f120370>,8,16,[ 5 10],9,54,70,45,54
1,<environment.Job instance at 0x7f443eaa4d20>,29,3,[7 1],30,55,58,25,55
1,<environment.Job instance at 0x7f443e87bd70>,31,15,[10  4],32,58,73,26,58
1,<environment.Job instance at 0x7f443ea0cbe0>,22,16,[ 2 10],23,70,86,47,70
1,<environment.Job instance at 0x7f443eb21230>,36,2,[10  5],37,73,75,36,73
1,<environment.Job instance at 0x7f443f121eb0>,20,18,[7 5],21,75,93,54,75
1,<environment.Job instance at 0x7f443eb216e0>,39,14,[1 7],40,86,100,46,86
1,<environment.Job instance at 0x7f443eb2dbe0>,46,13,[1 5],47,93,106,46,93
1,<environment.Job instance at 0x7f443eb2d3c0>,47,15,[ 5 10],48,100,115,52,100
1,<environment.Job instance at 0x7f443ea9fdc0>,50,14,[9 5],51,106,120,55,106
1,<environment.Job instance at 0x7f443ea9fcd0>,52,13,[5 8],53,115,128,62,115
1,<environment.Job instance at 0x7f443eb21550>,40,17,[9 4],41,120,137,79,120
1,<environment.Job instance at 0x7f443ece5eb0>,24,18,[ 1 10],25,128,146,103,128
1,<environment.Job instance at 0x7f443ec72780>,57,12,[6 3],58,137,149,79,137
1,<environment.Job instance at 0x7f443eb66190>,58,15,[ 5 10],59,146,161,87,146
1,<environment.Job instance at 0x7f443ea9fbe0>,53,18,[9 4],54,149,167,95,149
1,<environment.Job instance at 0x7f443eda1b40>,62,16,[ 4 10],63,161,177,98,161
1,<environment.Job instance at 0x7f443ea86730>,63,3,[5 2],64,167,170,103,167
1,<environment.Job instance at 0x7f443e8ab9b0>,28,18,[10  5],29,170,188,141,170
1,<environment.Job instance at 0x7f443eab8a00>,66,1,[4 6],67,177,178,110,177
1,<environment.Job instance at 0x7f443ee2e460>,70,16,[2 8],71,178,194,107,178
1,<environment.Job instance at 0x7f443e4ca6e0>,4,14,[7 2],5,5,19,0,5
1,<environment.Job instance at 0x7f443e4ca870>,5,12,[6 1],6,6,18,0,6
1,<environment.Job instance at 0x7f443e4ca780>,6,2,[9 2],7,19,21,12,7
1,<environment.Job instance at 0x7f443e4cab40>,7,2,[6 3],8,18,20,10,8
1,<environment.Job instance at 0x7f443e4cac30>,2,14,[7 2],3,21,35,18,10
1,<environment.Job instance at 0x7f443e4cab90>,10,14,[3 8],11,20,34,9,11
1,<environment.Job instance at 0x7f443e4ca370>,12,14,[5 4],13,21,35,8,13
1,<environment.Job instance at 0x7f443f21a280>,19,2,[5 5],20,35,37,15,20
1,<environment.Job instance at 0x7f443f21a910>,21,2,[8 4],22,35,37,13,22
1,<environment.Job instance at 0x7f443f21a460>,22,1,[13  4],23,37,38,14,23
1,<environment.Job instance at 0x7f443f21a820>,24,12,[6 4],25,38,50,13,25
1,<environment.Job instance at 0x7f443f21ad70>,28,2,[8 1],29,38,40,9,29
1,<environment.Job instance at 0x7f443f21ac30>,27,17,[9 2],28,40,57,12,32
1,<environment.Job instance at 0x7f443f21a500>,32,2,[1 6],33,34,36,1,33
1,<environment.Job instance at 0x7f443f21a730>,31,3,[2 5],32,50,53,18,34
1,<environment.Job instance at 0x7f443f21a960>,33,16,[11  3],34,57,73,23,44
1,<environment.Job instance at 0x7f443e4ca7d0>,14,12,[11  4],15,73,85,58,60
1,<environment.Job instance at 0x7f443f21abe0>,30,15,[ 2 13],31,85,100,54,74
1,<environment.Job instance at 0x7f443e4c8b90>,35,17,[13  1],36,85,102,49,77
1,<environment.Job instance at 0x7f443e4c8eb0>,38,1,[6 4],39,102,103,63,85
1,<environment.Job instance at 0x7f443e4c87d0>,51,3,[ 2 11],52,100,103,48,87
1,<environment.Job instance at 0x7f443e4c8cd0>,54,3,[6 2],55,103,106,48,88
1,<environment.Job instance at 0x7f443e4c8410>,55,1,[6 3],56,103,104,47,88
1,<environment.Job instance at 0x7f443f2212d0>,57,2,[5 4],58,104,106,46,88
1,<environment.Job instance at 0x7f443e4c88c0>,39,1,[11  4],40,106,107,66,90
1,<environment.Job instance at 0x7f443f221dc0>,61,14,[5 5],62,107,121,45,92
1,<environment.Job instance at 0x7f443f221a00>,73,2,[ 1 12],74,121,123,47,94
1,<environment.Job instance at 0x7f443f221aa0>,74,13,[9 5],75,107,120,32,95
1,<environment.Job instance at 0x7f443f221c80>,67,18,[1 5],68,103,121,35,95
1,<environment.Job instance at 0x7f443f22bdc0>,77,13,[7 5],78,123,136,45,107
1,<environment.Job instance at 0x7f443f2214b0>,64,16,[6 1],65,120,136,55,107
1,<environment.Job instance at 0x7f443f22ba50>,78,25,[ 1 14],79,136,161,57,132
1,<environment.Job instance at 0x7f443f22b0f0>,83,3,[ 4 11],84,161,164,77,135
1,<environment.Job instance at 0x7f443f22b550>,91,2,[7 5],92,164,166,72,137
1,<environment.Job instance at 0x7f443f22beb0>,84,2,[8 3],85,161,163,76,138
1,<environment.Job instance at 0x7f443e4082d0>,92,1,[14  3],93,166,167,73,138
1,<environment.Job instance at 0x7f443e4080a0>,93,3,[2 8],94,167,170,73,141
1,<environment.Job instance at 0x7f443f22b190>,85,3,[2 8],86,170,173,84,144
1,<environment.Job instance at 0x7f443e408640>,96,3,[5 3],97,163,166,66,144
1,<environment.Job instance at 0x7f443e408690>,94,3,[ 3 10],95,173,176,78,147
1,<environment.Job instance at 0x7f443e408410>,99,2,[6 2],100,167,169,67,150
1,<environment.Job instance at 0x7f443e4085a0>,101,2,[2 7],102,164,166,62,150
1,<environment.Job instance at 0x7f443e408af0>,102,1,[11  2],103,169,170,66,150
1,<environment.Job instance at 0x7f443e408a50>,103,3,[9 1],104,150,153,46,150
1,<environment.Job instance at 0x7f443e408460>,98,23,[5 5],99,170,193,71,166
1,<environment.Job instance at 0x7f443e408c80>,106,15,[7 1],107,176,191,69,166
1,<environment.Job instance at 0x7f443e81be60>,110,2,[14  2],111,193,195,82,166
1,<environment.Job instance at 0x7f443e81b320>,111,2,[8 1],112,170,172,58,166
1,<environment.Job instance at 0x7f443e81b050>,114,12,[7 5],115,195,207,80,178
1,<environment.Job instance at 0x7f443f221af0>,2,14,[7 2],3,3,17,0,3
1,<environment.Job instance at 0x7f443f22b140>,4,14,[7 2],5,5,19,0,5
1,<environment.Job instance at 0x7f443e81bbe0>,7,2,[6 3],8,17,19,9,17
1,<environment.Job instance at 0x7f443f21ab90>,6,2,[9 2],7,19,21,12,19
1,<environment.Job instance at 0x7f443f22b730>,5,12,[6 1],6,19,31,13,19
1,<environment.Job instance at 0x7f443e3fbbe0>,13,12,[ 3 10],14,21,33,7,21
1,<environment.Job instance at 0x7f443e3fb230>,12,14,[5 4],13,21,35,8,21
1,<environment.Job instance at 0x7f443e3de190>,16,12,[10  1],17,33,45,16,33
1,<environment.Job instance at 0x7f443e4ca5f0>,19,2,[5 5],20,35,37,15,35
1,<environment.Job instance at 0x7f443eea2a50>,10,14,[3 8],11,37,51,26,37
1,<environment.Job instance at 0x7f443e4ca1e0>,21,2,[8 4],22,45,47,23,45
1,<environment.Job instance at 0x7f443ee6caa0>,24,12,[6 4],25,47,59,22,47
1,<environment.Job instance at 0x7f4447db82d0>,23,12,[5 9],24,51,63,27,51
1,<environment.Job instance at 0x7f443e469410>,28,2,[8 1],29,59,61,30,59
1,<environment.Job instance at 0x7f443e8235a0>,31,3,[2 5],32,59,62,27,59
1,<environment.Job instance at 0x7f443e4695a0>,32,2,[1 6],33,62,64,29,62
1,<environment.Job instance at 0x7f443ec72d20>,38,1,[6 4],39,63,64,24,63
1,<environment.Job instance at 0x7f443f1ef730>,11,16,[6 5],12,63,79,51,63
1,<environment.Job instance at 0x7f443e5d5320>,18,16,[9 2],19,64,80,45,64
1,<environment.Job instance at 0x7f443e7fcfa0>,44,12,[4 8],45,79,91,34,79
1,<environment.Job instance at 0x7f443e3ed8c0>,9,15,[10  1],10,80,95,70,80
1,<environment.Job instance at 0x7f443ea1e6e0>,47,18,[5 9],48,91,109,43,91
1,<environment.Job instance at 0x7f443f449be0>,49,14,[7 4],50,95,109,45,95
1,<environment.Job instance at 0x7f443f449d70>,52,16,[5 4],53,109,125,56,109
1,<environment.Job instance at 0x7f443f3b19b0>,54,3,[6 2],55,109,112,54,109
1,<environment.Job instance at 0x7f443f3b1460>,55,1,[6 3],56,112,113,56,112
1,<environment.Job instance at 0x7f443e649910>,57,2,[5 4],58,113,115,55,113
1,<environment.Job instance at 0x7f443ecd5140>,53,17,[ 2 10],54,115,132,61,115
1,<environment.Job instance at 0x7f443e4693c0>,27,17,[9 2],28,125,142,97,125
1,<environment.Job instance at 0x7f443e649cd0>,61,14,[5 5],62,133,147,71,133
1,<environment.Job instance at 0x7f443e8675a0>,64,16,[6 1],65,142,158,77,142
1,<environment.Job instance at 0x7f443f0f8a00>,67,18,[1 5],68,142,160,74,142
1,<environment.Job instance at 0x7f443f0f8410>,69,12,[6 3],70,147,159,77,147
1,<environment.Job instance at 0x7f443f213f50>,42,17,[8 3],43,158,175,115,158
1,<environment.Job instance at 0x7f443e6497d0>,59,19,[2 7],60,159,178,99,159
1,<environment.Job instance at 0x7f443e255d20>,72,12,[1 8],73,175,187,102,175
1,<environment.Job instance at 0x7f443e255a50>,74,13,[9 5],75,178,191,103,178
1,<environment.Job instance at 0x7f443e892be0>,2,1,[ 5 14],3,3,4,0,3
1,<environment.Job instance at 0x7f443e6dce60>,6,15,[1 8],7,7,22,0,7
1,<environment.Job instance at 0x7f443e45a690>,7,3,[ 4 11],8,22,25,14,8
1,<environment.Job instance at 0x7f443e45a050>,8,15,[5 1],9,9,24,0,9
1,<environment.Job instance at 0x7f443e45ae10>,9,13,[5 2],10,10,23,0,10
1,<environment.Job instance at 0x7f443e45afa0>,10,1,[10  2],11,24,25,13,11
1,<environment.Job instance at 0x7f443e45a500>,14,3,[13  3],15,25,28,10,15
1,<environment.Job instance at 0x7f443e47e140>,15,13,[8 1],16,28,41,12,16
1,<environment.Job instance at 0x7f443e47e640>,18,2,[ 4 14],19,28,30,9,19
1,<environment.Job instance at 0x7f443f215410>,19,14,[6 1],20,30,44,10,20
1,<environment.Job instance at 0x7f443e47c780>,20,2,[1 5],21,25,27,4,21
1,<environment.Job instance at 0x7f443e46f4b0>,23,3,[10  2],24,44,47,20,24
1,<environment.Job instance at 0x7f443e33e9b0>,33,1,[5 6],34,41,42,7,34
1,<environment.Job instance at 0x7f443e33ea50>,34,12,[8 3],35,47,59,12,35
1,<environment.Job instance at 0x7f443e6fe280>,36,3,[6 3],37,47,50,10,37
1,<environment.Job instance at 0x7f443f20d0f0>,37,2,[12  3],38,59,61,21,38
1,<environment.Job instance at 0x7f443e45cdc0>,1,22,[10  5],2,2,24,0,2
1,<environment.Job instance at 0x7f443e45c0f0>,4,12,[ 1 10],5,5,17,0,5
1,<environment.Job instance at 0x7f443e45c9b0>,9,13,[5 2],10,17,30,7,17
1,<environment.Job instance at 0x7f443e45c870>,10,1,[10  2],11,24,25,13,24
1,<environment.Job instance at 0x7f443e3eb5a0>,15,13,[8 1],16,25,38,9,25
1,<environment.Job instance at 0x7f443ee87280>,20,2,[1 5],21,25,27,4,25
1,<environment.Job instance at 0x7f443e45c640>,6,15,[1 8],7,27,42,20,27
1,<environment.Job instance at 0x7f443ee87780>,19,14,[6 1],20,30,44,10,30
1,<environment.Job instance at 0x7f443e8410a0>,24,14,[7 5],25,38,52,13,38
1,<environment.Job instance at 0x7f443f578dc0>,17,18,[1 9],18,42,60,24,42
1,<environment.Job instance at 0x7f443e45c230>,8,15,[5 1],9,44,59,35,44
1,<environment.Job instance at 0x7f443dfc0370>,28,18,[5 5],29,52,70,23,52
1,<environment.Job instance at 0x7f443e3eeaa0>,23,3,[10  2],24,60,63,36,60
1,<environment.Job instance at 0x7f443dfc0c30>,29,14,[ 1 10],30,63,77,33,63
1,<environment.Job instance at 0x7f443dfc2410>,32,16,[7 5],33,70,86,37,70
1,<environment.Job instance at 0x7f443e795eb0>,33,1,[5 6],34,77,78,43,77
1,<environment.Job instance at 0x7f443e795690>,34,12,[8 3],35,78,90,43,78
1,<environment.Job instance at 0x7f443f1b60a0>,36,3,[6 3],37,86,89,49,86
1,<environment.Job instance at 0x7f443e3ee730>,22,17,[3 7],23,89,106,66,89
1,<environment.Job instance at 0x7f443f213f50>,48,2,[9 4],49,90,92,41,90
1,<environment.Job instance at 0x7f443f0f8be0>,44,12,[3 5],45,92,104,47,92
1,<environment.Job instance at 0x7f443f1b61e0>,39,13,[9 1],40,92,105,52,92
1,<environment.Job instance at 0x7f443ec72be0>,56,3,[9 2],57,105,108,48,105
1,<environment.Job instance at 0x7f443eb74dc0>,53,14,[6 3],54,106,120,52,106
1,<environment.Job instance at 0x7f443e87bf00>,52,14,[5 9],53,108,122,55,108
1,<environment.Job instance at 0x7f443e116fa0>,60,17,[5 1],61,120,137,59,120
1,<environment.Job instance at 0x7f443e845460>,65,17,[5 5],66,120,137,54,120
1,<environment.Job instance at 0x7f443f1cf960>,27,18,[2 9],28,122,140,94,122
1,<environment.Job instance at 0x7f443e845230>,66,14,[9 5],67,137,151,70,137
1,<environment.Job instance at 0x7f443eccb7d0>,70,17,[1 5],71,140,157,69,140
1,<environment.Job instance at 0x7f443dfc24b0>,31,18,[5 2],32,140,158,108,140
1,<environment.Job instance at 0x7f443e845e60>,67,14,[8 5],68,151,165,83,151
1,<environment.Job instance at 0x7f443dfb0410>,71,3,[3 9],72,158,161,86,158
1,<environment.Job instance at 0x7f443e9a2d70>,69,15,[7 3],70,161,176,91,161
1,<environment.Job instance at 0x7f443ead9eb0>,79,14,[8 4],80,165,179,85,165
1,<environment.Job instance at 0x7f443e723c80>,80,2,[ 2 10],81,176,178,95,176
1,<environment.Job instance at 0x7f443f211870>,81,3,[1 6],82,178,181,96,178
1,<environment.Job instance at 0x7f443ead9f50>,78,18,[5 4],79,178,196,99,178
1,<environment.Job instance at 0x7f443e7f7f50>,83,18,[9 3],84,179,197,95,179
1,<environment.Job instance at 0x7f443e72d460>,0,1,[8 2],1,1,2,0,1
1,<environment.Job instance at 0x7f443e72d050>,3,23,[6 1],4,4,27,0,4
1,<environment.Job instance at 0x7f443e72dfa0>,4,1,[10  4],5,27,28,22,5
1,<environment.Job instance at 0x7f443e72d2d0>,5,12,[5 1],6,6,18,0,6
1,<environment.Job instance at 0x7f443e72d820>,7,12,[4 8],8,8,20,0,8
1,<environment.Job instance at 0x7f443e72d140>,8,14,[1 9],9,20,34,11,9
1,<environment.Job instance at 0x7f443e72d410>,9,2,[5 4],10,18,20,8,10
1,<environment.Job instance at 0x7f443e72d6e0>,13,12,[1 6],14,28,40,14,14
1,<environment.Job instance at 0x7f443f4e9d20>,21,1,[2 7],22,34,35,12,22
1,<environment.Job instance at 0x7f443f4e9e60>,22,3,[ 5 10],23,40,43,17,23
1,<environment.Job instance at 0x7f443e72ddc0>,20,20,[5 5],21,35,55,14,26
1,<environment.Job instance at 0x7f443f4e9820>,26,2,[1 9],27,43,45,16,27
1,<environment.Job instance at 0x7f443f4e9dc0>,25,12,[6 1],26,43,55,17,28
1,<environment.Job instance at 0x7f443f4e9af0>,23,12,[5 6],24,55,67,31,38
1,<environment.Job instance at 0x7f443f4e95a0>,31,16,[8 5],32,55,71,23,42
1,<environment.Job instance at 0x7f443f4e9e10>,32,1,[ 3 12],33,71,72,38,43
1,<environment.Job instance at 0x7f443f4e99b0>,30,16,[11  5],31,72,88,41,59
1,<environment.Job instance at 0x7f443e477a00>,0,1,[8 2],1,1,2,0,1
1,<environment.Job instance at 0x7f443e408780>,1,18,[3 9],2,2,20,0,2
1,<environment.Job instance at 0x7f443e477d20>,4,1,[10  4],5,5,6,0,5
1,<environment.Job instance at 0x7f443e36d230>,5,12,[5 1],6,6,18,0,6
1,<environment.Job instance at 0x7f443e96d5a0>,9,2,[5 4],10,10,12,0,10
1,<environment.Job instance at 0x7f443f21ab90>,12,18,[10  5],13,18,36,5,18
1,<environment.Job instance at 0x7f443e063050>,7,12,[4 8],8,20,32,12,20
1,<environment.Job instance at 0x7f443f21a820>,10,12,[1 7],11,32,44,21,32
1,<environment.Job instance at 0x7f443e45d910>,21,1,[2 7],22,36,37,14,36
1,<environment.Job instance at 0x7f443f21a0a0>,13,12,[1 6],14,37,49,23,37
1,<environment.Job instance at 0x7f443e7a30a0>,23,12,[5 6],24,44,56,20,44
1,<environment.Job instance at 0x7f443e4089b0>,8,14,[1 9],9,49,63,40,49
1,<environment.Job instance at 0x7f443e7f7870>,25,12,[6 1],26,56,68,30,56
1,<environment.Job instance at 0x7f4447f68500>,14,17,[5 5],15,56,73,41,56
1,<environment.Job instance at 0x7f443e3ac7d0>,26,2,[1 9],27,63,65,36,63
1,<environment.Job instance at 0x7f443ef865a0>,15,16,[3 6],16,65,81,49,65
1,<environment.Job instance at 0x7f443e788280>,27,15,[6 2],28,68,83,40,68
1,<environment.Job instance at 0x7f443e45df50>,22,3,[ 5 10],23,81,84,58,81
1,<environment.Job instance at 0x7f443e3eb910>,46,15,[3 6],47,85,100,38,85
1,<environment.Job instance at 0x7f443e45c870>,49,14,[6 1],50,85,99,35,85
1,<environment.Job instance at 0x7f443e7f85f0>,38,18,[5 2],39,85,103,46,85
1,<environment.Job instance at 0x7f443e3eb5a0>,44,20,[6 2],45,99,119,54,99
1,<environment.Job instance at 0x7f443e45c550>,54,15,[7 2],55,103,118,48,103
1,<environment.Job instance at 0x7f443e45c2d0>,55,1,[5 1],56,118,119,62,118
1,<environment.Job instance at 0x7f443e45c190>,53,3,[10  1],54,120,123,66,120
1,<environment.Job instance at 0x7f443e3ee1e0>,42,22,[5 2],43,121,143,78,121
1,<environment.Job instance at 0x7f443e45c370>,60,3,[6 1],61,123,126,62,123
1,<environment.Job instance at 0x7f443e45c410>,61,3,[1 6],62,123,126,61,123
1,<environment.Job instance at 0x7f443e2fc460>,57,22,[1 5],58,123,145,65,123
1,<environment.Job instance at 0x7f443f4e9c30>,66,15,[6 5],67,126,141,59,126
1,<environment.Job instance at 0x7f443ecd5140>,31,16,[8 5],32,141,157,109,141
1,<environment.Job instance at 0x7f443e72d4b0>,75,2,[7 1],76,145,147,69,145
1,<environment.Job instance at 0x7f443e72d870>,79,3,[2 6],80,147,150,67,147
1,<environment.Job instance at 0x7f443e7fc1e0>,69,15,[ 2 10],70,150,165,80,150
1,<environment.Job instance at 0x7f443e961aa0>,82,1,[5 2],83,157,158,74,157
1,<environment.Job instance at 0x7f443e72d230>,81,2,[10  3],82,158,160,76,158
1,<environment.Job instance at 0x7f443ec27f00>,71,17,[10  3],72,161,178,89,161
1,<environment.Job instance at 0x7f443f4de460>,83,15,[4 7],84,165,180,81,165
1,<environment.Job instance at 0x7f443e774500>,85,3,[9 1],86,179,182,93,179
1,<environment.Job instance at 0x7f443dea7050>,1,12,[5 8],2,6,18,4,6
1,<environment.Job instance at 0x7f443de65730>,6,12,[ 2 14],7,18,30,11,7
1,<environment.Job instance at 0x7f443de65870>,12,3,[4 8],13,30,33,17,13
1,<environment.Job instance at 0x7f443dea7320>,14,12,[13  2],15,33,45,18,17
1,<environment.Job instance at 0x7f443de65690>,17,1,[4 7],18,30,31,12,18
1,<environment.Job instance at 0x7f443de65280>,18,12,[10  2],19,45,57,26,28
1,<environment.Job instance at 0x7f443de65910>,22,1,[8 4],23,31,32,8,28
1,<environment.Job instance at 0x7f443decb500>,28,12,[ 3 12],29,45,57,16,31
1,<environment.Job instance at 0x7f443decb370>,29,3,[10  3],30,57,60,27,31
1,<environment.Job instance at 0x7f443e2bcc80>,0,19,[ 3 10],1,1,20,0,1
1,<environment.Job instance at 0x7f443e2bcd70>,2,20,[10  3],3,3,23,0,3
1,<environment.Job instance at 0x7f443e0e7fa0>,12,3,[4 8],13,20,23,7,20
1,<environment.Job instance at 0x7f443efbda50>,17,1,[4 7],18,23,24,5,23
1,<environment.Job instance at 0x7f443e2bc5a0>,1,12,[5 8],2,23,35,21,23
1,<environment.Job instance at 0x7f443e2a0910>,22,1,[8 4],23,24,25,1,24
1,<environment.Job instance at 0x7f443efbd3c0>,18,12,[10  2],19,25,37,6,25
1,<environment.Job instance at 0x7f443e2a0a50>,21,15,[1 6],22,35,50,13,35
1,<environment.Job instance at 0x7f443e2a0aa0>,20,16,[3 6],21,35,51,14,35
1,<environment.Job instance at 0x7f443efd3a00>,29,3,[10  3],30,37,40,7,37
1,<environment.Job instance at 0x7f443efb90a0>,32,13,[5 1],33,40,53,7,40
1,<environment.Job instance at 0x7f443efb10f0>,26,13,[6 1],27,40,53,13,40
1,<environment.Job instance at 0x7f443efb9c80>,35,12,[1 6],36,51,63,15,51
1,<environment.Job instance at 0x7f443efebb40>,36,1,[6 3],37,53,54,16,53
1,<environment.Job instance at 0x7f443efb10a0>,25,13,[7 5],26,53,66,27,53
1,<environment.Job instance at 0x7f443efb9cd0>,34,2,[5 7],35,63,65,28,63
1,<environment.Job instance at 0x7f443f3db6e0>,43,2,[8 3],44,65,67,21,65
1,<environment.Job instance at 0x7f443f3db2d0>,44,13,[7 4],45,66,79,21,66
1,<environment.Job instance at 0x7f443efd3550>,30,15,[8 4],31,67,82,36,67
1,<environment.Job instance at 0x7f443efd6d20>,48,16,[5 7],49,79,95,30,79
1,<environment.Job instance at 0x7f443f5a59b0>,51,1,[6 5],52,82,83,30,82
1,<environment.Job instance at 0x7f443e93bb40>,47,13,[10  1],48,83,96,35,83
1,<environment.Job instance at 0x7f443e29da50>,13,16,[ 5 10],14,95,111,81,95
1,<environment.Job instance at 0x7f443f5a50a0>,52,13,[6 4],53,96,109,43,96
1,<environment.Job instance at 0x7f443efdf640>,41,14,[10  4],42,109,123,67,109
1,<environment.Job instance at 0x7f443f5a51e0>,58,14,[2 7],59,111,125,52,111
1,<environment.Job instance at 0x7f443e4e8190>,65,2,[8 3],66,123,125,57,123
1,<environment.Job instance at 0x7f443e91cdc0>,66,14,[3 5],67,123,137,56,123
1,<environment.Job instance at 0x7f443e28dcd0>,67,3,[ 4 10],68,125,128,57,125
1,<environment.Job instance at 0x7f443f3cc230>,63,16,[5 2],64,129,145,65,129
1,<environment.Job instance at 0x7f443f5a5280>,54,18,[4 7],55,129,147,74,129
1,<environment.Job instance at 0x7f443e28d140>,70,3,[5 1],71,137,140,66,137
1,<environment.Job instance at 0x7f443e28d190>,69,15,[10  1],70,145,160,75,145
1,<environment.Job instance at 0x7f443e28d910>,72,14,[2 9],73,147,161,74,147
1,<environment.Job instance at 0x7f443e582640>,71,17,[9 5],72,160,177,88,160
1,<environment.Job instance at 0x7f443ef98780>,75,15,[ 1 10],76,161,176,85,161
1,<environment.Job instance at 0x7f443f3dbaa0>,42,17,[4 9],43,176,193,133,176
1,<environment.Job instance at 0x7f443ef986e0>,76,15,[7 1],77,177,192,100,177
1,<environment.Job instance at 0x7f443f13e5a0>,0,15,[7 1],1,1,16,0,1
1,<environment.Job instance at 0x7f443f13e370>,1,12,[8 4],2,2,14,0,2
1,<environment.Job instance at 0x7f443f4e9be0>,5,2,[ 5 11],6,14,16,8,6
1,<environment.Job instance at 0x7f443f13e820>,8,15,[6 1],9,16,31,7,9
1,<environment.Job instance at 0x7f443f13eeb0>,10,15,[6 2],11,16,31,5,11
1,<environment.Job instance at 0x7f443f13e780>,11,1,[9 4],12,31,32,19,12
1,<environment.Job instance at 0x7f443e3aa640>,12,16,[3 5],13,16,32,3,13
1,<environment.Job instance at 0x7f443e3aabe0>,17,1,[5 1],18,32,33,14,18
1,<environment.Job instance at 0x7f443e3aa280>,21,16,[8 1],22,32,48,10,23
1,<environment.Job instance at 0x7f443e3aa820>,23,1,[7 3],24,33,34,9,24
1,<environment.Job instance at 0x7f443e3aad20>,25,16,[2 6],26,34,50,8,26
1,<environment.Job instance at 0x7f443e3aa5a0>,22,14,[ 2 12],23,50,64,27,36
1,<environment.Job instance at 0x7f443e3aa8c0>,29,14,[1 9],30,64,78,34,50
1,<environment.Job instance at 0x7f443e3aa4b0>,30,17,[2 8],31,78,95,47,67
1,<environment.Job instance at 0x7f443e3aa9b0>,26,23,[3 9],27,95,118,68,90
1,<environment.Job instance at 0x7f443e9cd370>,32,12,[10  3],33,106,118,73,106
1,<environment.Job instance at 0x7f443e23deb0>,0,15,[7 1],1,1,16,0,1
1,<environment.Job instance at 0x7f443f515050>,1,12,[8 4],2,2,14,0,2
1,<environment.Job instance at 0x7f443e2ab460>,9,14,[5 7],10,14,28,4,14
1,<environment.Job instance at 0x7f443e582320>,12,16,[3 5],13,14,30,1,14
1,<environment.Job instance at 0x7f443e2aba50>,10,15,[6 2],11,16,31,5,16
1,<environment.Job instance at 0x7f4447b9b230>,8,15,[6 1],9,28,43,19,28
1,<environment.Job instance at 0x7f443e582640>,11,1,[9 4],12,31,32,19,31
1,<environment.Job instance at 0x7f443f3cc190>,17,1,[5 1],18,32,33,14,32
1,<environment.Job instance at 0x7f443f22e230>,23,1,[7 3],24,33,34,9,33
1,<environment.Job instance at 0x7f443e2c56e0>,25,16,[2 6],26,33,49,7,33
1,<environment.Job instance at 0x7f443e91c730>,13,12,[10  5],14,43,55,29,43
1,<environment.Job instance at 0x7f443e2c5b40>,29,14,[1 9],30,49,63,19,49
1,<environment.Job instance at 0x7f443ef7bbe0>,32,12,[10  3],33,55,67,22,55
1,<environment.Job instance at 0x7f443e2c5be0>,33,13,[5 1],34,63,76,29,63
1,<environment.Job instance at 0x7f443f5a5050>,36,12,[3 5],37,67,79,30,67
1,<environment.Job instance at 0x7f443e2c5d70>,30,17,[2 8],31,67,84,36,67
1,<environment.Job instance at 0x7f443df23500>,21,16,[8 1],22,76,92,54,76
1,<environment.Job instance at 0x7f443f5a55a0>,38,18,[5 3],39,79,97,40,79
1,<environment.Job instance at 0x7f443f5a5320>,40,2,[3 9],41,92,94,51,92
1,<environment.Job instance at 0x7f443f5a56e0>,35,13,[9 5],36,94,107,58,94
1,<environment.Job instance at 0x7f443e0ff780>,45,15,[ 1 10],46,98,113,52,98
1,<environment.Job instance at 0x7f443f5a5af0>,37,13,[9 3],38,107,120,69,107
1,<environment.Job instance at 0x7f443e29a910>,51,13,[4 8],52,113,126,61,113
1,<environment.Job instance at 0x7f443e29aeb0>,52,14,[1 6],53,120,134,67,120
1,<environment.Job instance at 0x7f443f5a5230>,39,15,[9 3],40,127,142,87,127
1,<environment.Job instance at 0x7f443e303730>,46,22,[1 8],47,134,156,87,134
1,<environment.Job instance at 0x7f443e866e60>,14,17,[10  4],15,143,160,128,143
1,<environment.Job instance at 0x7f443e29a1e0>,56,13,[1 6],57,156,169,99,156
1,<environment.Job instance at 0x7f443f00aa00>,59,12,[9 1],60,160,172,100,160
1,<environment.Job instance at 0x7f443e29aaf0>,55,15,[5 9],56,169,184,113,169
1,<environment.Job instance at 0x7f443eca4500>,62,2,[7 5],63,172,174,109,172
1,<environment.Job instance at 0x7f443e4a0460>,63,15,[10  1],64,174,189,110,174
1,<environment.Job instance at 0x7f443e23dfa0>,2,1,[9 3],3,3,4,0,3
1,<environment.Job instance at 0x7f443ec10280>,9,14,[7 1],10,17,31,7,17
1,<environment.Job instance at 0x7f443ec10460>,16,14,[11  2],17,31,45,14,18
1,<environment.Job instance at 0x7f443e867870>,17,17,[2 5],18,20,37,2,20
1,<environment.Job instance at 0x7f443e867190>,18,18,[1 7],19,21,39,2,21
1,<environment.Job instance at 0x7f443ec10b40>,19,13,[ 1 13],20,39,52,19,23
1,<environment.Job instance at 0x7f443e867b40>,23,2,[ 4 11],24,52,54,28,25
1,<environment.Job instance at 0x7f443e867140>,20,14,[7 4],21,52,66,31,38
1,<environment.Job instance at 0x7f443e867730>,22,1,[6 3],23,54,55,31,39
1,<environment.Job instance at 0x7f443e867c80>,25,18,[5 3],26,67,85,41,67
1,<environment.Job instance at 0x7f443e867d70>,21,17,[ 4 10],22,80,97,58,80
1,<environment.Job instance at 0x7f443efbdd70>,0,17,[3 6],1,1,18,0,1
1,<environment.Job instance at 0x7f443efbde10>,2,1,[9 3],3,3,4,0,3
1,<environment.Job instance at 0x7f443e4fec30>,6,19,[8 2],7,7,26,0,7
1,<environment.Job instance at 0x7f443e4febe0>,9,14,[7 1],10,18,32,8,18
1,<environment.Job instance at 0x7f443e7e5d70>,11,16,[5 5],12,26,42,14,26
1,<environment.Job instance at 0x7f443efcd7d0>,17,17,[2 5],18,26,43,8,26
1,<environment.Job instance at 0x7f443e4ddc80>,20,14,[7 4],21,32,46,11,32
1,<environment.Job instance at 0x7f443efd6820>,22,1,[6 3],23,42,43,19,42
1,<environment.Job instance at 0x7f443efbd0f0>,1,17,[ 4 10],2,43,60,41,43
1,<environment.Job instance at 0x7f443e299410>,28,2,[10  1],29,46,48,17,46
1,<environment.Job instance at 0x7f443e299320>,29,13,[6 1],30,48,61,18,48
1,<environment.Job instance at 0x7f443efd6a50>,27,15,[5 1],28,48,63,20,48
1,<environment.Job instance at 0x7f443e299050>,30,12,[ 4 10],31,60,72,29,60
1,<environment.Job instance at 0x7f443e299d70>,31,17,[6 1],32,61,78,29,61
1,<environment.Job instance at 0x7f443efd6d20>,25,18,[5 3],26,63,81,37,63
1,<environment.Job instance at 0x7f443efb9230>,35,14,[4 7],36,72,86,36,72
1,<environment.Job instance at 0x7f443efb9be0>,41,1,[9 5],42,81,82,39,81
1,<environment.Job instance at 0x7f443efb98c0>,36,1,[10  5],37,83,84,46,83
1,<environment.Job instance at 0x7f443e299500>,33,15,[5 8],34,84,99,50,84
1,<environment.Job instance at 0x7f443f5935f0>,48,18,[5 5],49,86,104,37,86
1,<environment.Job instance at 0x7f443efd6cd0>,21,17,[ 4 10],22,101,118,79,101
1,<environment.Job instance at 0x7f443e246140>,58,21,[9 4],59,105,126,46,105
1,<environment.Job instance at 0x7f443efcde60>,18,18,[1 7],19,118,136,99,118
1,<environment.Job instance at 0x7f443ec10370>,66,16,[2 7],67,127,143,60,127
1,<environment.Job instance at 0x7f443ec10d20>,67,19,[5 1],68,127,146,59,127
1,<environment.Job instance at 0x7f443ec105a0>,63,21,[7 3],64,136,157,72,136
1,<environment.Job instance at 0x7f443f38cf50>,69,12,[3 8],70,143,155,73,143
1,<environment.Job instance at 0x7f443e818e60>,72,2,[5 2],73,146,148,73,146
1,<environment.Job instance at 0x7f443e947820>,71,13,[8 2],72,155,168,83,155
1,<environment.Job instance at 0x7f443ecb23c0>,75,13,[6 5],76,157,170,81,157
1,<environment.Job instance at 0x7f443ecb24b0>,74,15,[3 5],75,168,183,93,168
1,<environment.Job instance at 0x7f443e9476e0>,70,16,[ 3 10],71,172,188,101,172
1,<environment.Job instance at 0x7f443dd02410>,2,1,[5 5],3,3,4,0,3
1,<environment.Job instance at 0x7f443e44deb0>,6,15,[5 2],7,7,22,0,7
1,<environment.Job instance at 0x7f443e44de60>,7,3,[6 3],8,8,11,0,8
1,<environment.Job instance at 0x7f443e44d640>,13,14,[4 9],14,14,28,0,14
1,<environment.Job instance at 0x7f443e44d410>,15,13,[ 3 10],16,28,41,12,16
1,<environment.Job instance at 0x7f443e04c7d0>,17,3,[7 3],18,22,25,4,18
1,<environment.Job instance at 0x7f443e04c140>,21,17,[5 4],22,25,42,3,22
1,<environment.Job instance at 0x7f443e04c780>,22,2,[ 3 12],23,42,44,19,23
1,<environment.Job instance at 0x7f443e04c460>,27,12,[3 7],28,44,56,16,28
1,<environment.Job instance at 0x7f443e04c050>,28,16,[7 1],29,29,45,0,29
1,<environment.Job instance at 0x7f443ebcc500>,32,1,[7 3],33,45,46,12,37
1,<environment.Job instance at 0x7f443ebcc1e0>,35,12,[5 5],36,57,69,21,57
1,<environment.Job instance at 0x7f443e04c0a0>,30,17,[ 3 14],31,160,177,129,160
1,<environment.Job instance at 0x7f443de6f410>,0,16,[10  3],1,1,17,0,1
1,<environment.Job instance at 0x7f443de6f190>,2,1,[5 5],3,3,4,0,3
1,<environment.Job instance at 0x7f443de760f0>,6,15,[5 2],7,7,22,0,7
1,<environment.Job instance at 0x7f443de760a0>,7,3,[6 3],8,17,20,9,17
1,<environment.Job instance at 0x7f443e9e6960>,15,13,[ 3 10],16,17,30,1,17
1,<environment.Job instance at 0x7f443de4e1e0>,17,3,[7 3],18,20,23,2,20
1,<environment.Job instance at 0x7f443de6ff00>,3,12,[9 4],4,23,35,19,23
1,<environment.Job instance at 0x7f443de6bbe0>,13,14,[4 9],14,30,44,16,30
1,<environment.Job instance at 0x7f443e9e6cd0>,18,14,[10  3],19,35,49,16,35
1,<environment.Job instance at 0x7f443f1a2aa0>,24,14,[3 7],25,44,58,19,44
1,<environment.Job instance at 0x7f443f180fa0>,27,12,[3 7],28,49,61,21,49
1,<environment.Job instance at 0x7f443e7ac2d0>,28,16,[7 1],29,49,65,20,49
1,<environment.Job instance at 0x7f443de76140>,9,15,[5 7],10,58,73,48,58
1,<environment.Job instance at 0x7f443f1a18c0>,32,1,[7 3],33,65,66,32,65
1,<environment.Job instance at 0x7f443f1a14b0>,34,13,[7 1],35,66,79,31,66
1,<environment.Job instance at 0x7f443e6c7d20>,35,12,[5 5],36,73,85,37,73
1,<environment.Job instance at 0x7f443e9d7780>,36,12,[4 6],37,79,91,42,79
1,<environment.Job instance at 0x7f443de4ef00>,21,17,[5 4],22,79,96,57,79
1,<environment.Job instance at 0x7f443f19ef50>,41,17,[5 2],42,85,102,43,85
1,<environment.Job instance at 0x7f443e6acfa0>,42,15,[5 6],43,91,106,48,91
1,<environment.Job instance at 0x7f443de59910>,46,14,[5 2],47,102,116,55,102
1,<environment.Job instance at 0x7f443de59f00>,47,3,[5 1],48,102,105,54,102
1,<environment.Job instance at 0x7f443e7acc80>,29,15,[ 4 10],30,106,121,76,106
1,<environment.Job instance at 0x7f443eefa410>,50,14,[6 2],51,106,120,55,106
1,<environment.Job instance at 0x7f443e6c28c0>,51,3,[7 3],52,120,123,68,120
1,<environment.Job instance at 0x7f443f01b5a0>,53,16,[8 4],54,121,137,67,121
1,<environment.Job instance at 0x7f443e9f3460>,55,1,[6 2],56,123,124,67,123
1,<environment.Job instance at 0x7f443ea0ae60>,56,3,[5 6],57,124,127,67,124
1,<environment.Job instance at 0x7f443ea0aa00>,59,13,[3 8],60,127,140,67,127
1,<environment.Job instance at 0x7f443f1e6500>,61,2,[2 7],62,137,139,75,137
1,<environment.Job instance at 0x7f443ed1fa00>,62,13,[2 6],63,139,152,76,139
1,<environment.Job instance at 0x7f443f180460>,26,18,[10  1],27,139,157,112,139
1,<environment.Job instance at 0x7f443f194a00>,64,2,[2 5],65,140,142,75,140
1,<environment.Job instance at 0x7f443edc1730>,67,15,[5 1],68,152,167,84,152
1,<environment.Job instance at 0x7f443de778c0>,68,12,[1 5],69,157,169,88,157
1,<environment.Job instance at 0x7f443de77370>,70,13,[1 5],71,157,170,86,157
1,<environment.Job instance at 0x7f443ecec280>,63,17,[6 4],64,157,174,93,157
1,<environment.Job instance at 0x7f443de77500>,71,3,[7 5],72,169,172,97,169
1,<environment.Job instance at 0x7f443de77910>,72,15,[3 8],73,172,187,99,172
1,<environment.Job instance at 0x7f443de777d0>,75,12,[6 4],76,174,186,98,174
1,<environment.Job instance at 0x7f443e770cd0>,6,12,[3 9],7,7,19,0,7
1,<environment.Job instance at 0x7f443e781140>,7,2,[2 7],8,19,21,11,8
1,<environment.Job instance at 0x7f443e781410>,14,14,[6 5],15,15,29,0,15
1,<environment.Job instance at 0x7f443e781370>,18,15,[ 3 10],19,21,36,2,19
1,<environment.Job instance at 0x7f443e781aa0>,17,2,[8 4],18,29,31,11,20
1,<environment.Job instance at 0x7f443e781c80>,20,3,[ 3 10],21,36,39,15,21
1,<environment.Job instance at 0x7f443e7812d0>,19,15,[ 2 12],20,39,54,19,25
1,<environment.Job instance at 0x7f443e781e10>,22,21,[13  1],23,39,60,16,31
1,<environment.Job instance at 0x7f443e770fa0>,2,20,[ 2 11],3,54,74,51,45
1,<environment.Job instance at 0x7f443e7627d0>,25,3,[10  1],26,60,63,34,45
1,<environment.Job instance at 0x7f443e762910>,26,1,[ 1 11],27,74,75,47,46
1,<environment.Job instance at 0x7f443e7628c0>,28,12,[4 5],29,75,87,46,58
1,<environment.Job instance at 0x7f443e770780>,16,21,[8 4],17,63,84,46,59
1,<environment.Job instance at 0x7f443edf1c80>,1,18,[4 7],2,2,20,0,2
1,<environment.Job instance at 0x7f443f1e8500>,3,16,[10  1],4,4,20,0,4
1,<environment.Job instance at 0x7f443edd1f50>,7,2,[2 7],8,20,22,12,20
1,<environment.Job instance at 0x7f443e9e6e60>,14,14,[6 5],15,20,34,5,20
1,<environment.Job instance at 0x7f443edc1730>,6,12,[3 9],7,22,34,15,22
1,<environment.Job instance at 0x7f443ee407d0>,17,2,[8 4],18,34,36,16,34
1,<environment.Job instance at 0x7f443e0aff00>,18,15,[ 3 10],19,34,49,15,34
1,<environment.Job instance at 0x7f443ef0fb90>,8,17,[9 1],9,36,53,27,36
1,<environment.Job instance at 0x7f443e9e6140>,20,3,[ 3 10],21,49,52,28,49
1,<environment.Job instance at 0x7f443ea3e410>,11,17,[ 1 10],12,52,69,40,52
1,<environment.Job instance at 0x7f443df12aa0>,25,3,[10  1],26,53,56,27,53
1,<environment.Job instance at 0x7f443e01caa0>,27,17,[6 1],28,56,73,28,56
1,<environment.Job instance at 0x7f4447c36870>,24,18,[8 3],25,56,74,31,56
1,<environment.Job instance at 0x7f443dcf0870>,21,18,[1 8],22,69,87,47,69
1,<environment.Job instance at 0x7f443f316a50>,30,2,[10  3],31,74,76,43,74
1,<environment.Job instance at 0x7f443f316190>,28,12,[4 5],29,76,88,47,76
1,<environment.Job instance at 0x7f443e594460>,37,13,[3 7],38,87,100,49,87
1,<environment.Job instance at 0x7f4447b53dc0>,34,13,[4 7],35,88,101,53,88
1,<environment.Job instance at 0x7f443f2540f0>,38,15,[7 4],39,100,115,61,100
1,<environment.Job instance at 0x7f443ef12af0>,42,1,[ 2 10],43,101,102,58,101
1,<environment.Job instance at 0x7f443ef12be0>,41,17,[4 9],42,102,119,60,102
1,<environment.Job instance at 0x7f443e0410f0>,49,1,[7 2],50,115,116,65,115
1,<environment.Job instance at 0x7f443edec640>,43,13,[10  2],44,116,129,72,116
1,<environment.Job instance at 0x7f443e041be0>,50,13,[5 4],51,119,132,68,119
1,<environment.Job instance at 0x7f443f02f0f0>,53,13,[10  2],54,129,142,75,129
1,<environment.Job instance at 0x7f443e9e6960>,15,17,[2 9],16,132,149,116,132
1,<environment.Job instance at 0x7f443dcf8190>,55,3,[9 3],56,142,145,86,142
1,<environment.Job instance at 0x7f443e550e60>,58,12,[7 2],59,145,157,86,145
1,<environment.Job instance at 0x7f443ec2c820>,61,2,[ 1 10],62,149,151,87,149
1,<environment.Job instance at 0x7f443ec07050>,62,1,[7 4],63,151,152,88,151
1,<environment.Job instance at 0x7f443dcf8af0>,59,13,[1 5],60,151,164,91,151
1,<environment.Job instance at 0x7f443ececd20>,65,3,[7 4],66,152,155,86,152
1,<environment.Job instance at 0x7f443ecec3c0>,66,16,[1 7],67,155,171,88,155
1,<environment.Job instance at 0x7f443ecec280>,64,18,[6 1],65,155,173,90,155
1,<environment.Job instance at 0x7f443edbab90>,52,15,[8 2],53,164,179,111,164
1,<environment.Job instance at 0x7f4448090870>,48,18,[3 5],49,173,191,124,173
1,<environment.Job instance at 0x7f443ecec9b0>,68,18,[2 5],69,173,191,104,173
1,<environment.Job instance at 0x7f443e49e3c0>,70,3,[9 5],71,179,182,108,179
1,<environment.Job instance at 0x7f443e07e3c0>,1,1,[2 5],2,2,3,0,2
1,<environment.Job instance at 0x7f443e07e460>,6,2,[7 5],7,7,9,0,7
1,<environment.Job instance at 0x7f443e2453c0>,8,1,[3 8],9,9,10,0,9
1,<environment.Job instance at 0x7f443e245780>,9,2,[4 7],10,10,12,0,10
1,<environment.Job instance at 0x7f443e245a00>,10,14,[4 9],11,12,26,1,11
1,<environment.Job instance at 0x7f443e2450a0>,13,17,[7 2],14,14,31,0,14
1,<environment.Job instance at 0x7f443e245b40>,15,2,[4 5],16,26,28,10,16
1,<environment.Job instance at 0x7f443e245460>,18,12,[9 2],19,31,43,12,20
1,<environment.Job instance at 0x7f443e245eb0>,21,24,[2 5],22,26,50,4,22
1,<environment.Job instance at 0x7f443e2457d0>,20,22,[9 5],21,43,65,22,42
1,<environment.Job instance at 0x7f443e245820>,24,12,[ 1 12],25,65,77,40,48
1,<environment.Job instance at 0x7f443e245cd0>,19,25,[6 2],20,63,88,43,63
1,<environment.Job instance at 0x7f443e2450f0>,26,27,[ 1 13],27,77,104,50,76
1,<environment.Job instance at 0x7f443e245f50>,27,18,[ 2 12],28,104,122,76,95
1,<environment.Job instance at 0x7f443e9c96e0>,0,18,[6 4],1,1,19,0,1
1,<environment.Job instance at 0x7f443e59f050>,1,1,[2 5],2,2,3,0,2
1,<environment.Job instance at 0x7f443e59f0f0>,2,15,[ 3 10],3,3,18,0,3
1,<environment.Job instance at 0x7f443edff7d0>,8,1,[3 8],9,18,19,9,18
1,<environment.Job instance at 0x7f443dea7eb0>,6,2,[7 5],7,19,21,12,19
1,<environment.Job instance at 0x7f443e3a6280>,15,2,[4 5],16,19,21,3,19
1,<environment.Job instance at 0x7f443f01a410>,9,2,[4 7],10,21,23,11,21
1,<environment.Job instance at 0x7f443f2f5a00>,18,12,[9 2],19,21,33,2,21
1,<environment.Job instance at 0x7f443f00e690>,22,13,[5 5],23,23,36,0,23
1,<environment.Job instance at 0x7f443e5c8d20>,31,18,[1 7],32,32,50,0,32
1,<environment.Job instance at 0x7f443e34e960>,28,3,[5 1],29,33,36,4,33
1,<environment.Job instance at 0x7f443f39cbe0>,33,12,[5 4],34,36,48,2,36
1,<environment.Job instance at 0x7f443de740f0>,13,17,[7 2],14,36,53,22,36
1,<environment.Job instance at 0x7f443f39c960>,34,17,[1 6],35,48,65,13,48
1,<environment.Job instance at 0x7f443f45d730>,37,1,[2 5],38,50,51,12,50
1,<environment.Job instance at 0x7f443f01ea50>,39,3,[6 1],40,51,54,11,51
1,<environment.Job instance at 0x7f443e5c8eb0>,35,16,[4 8],36,53,69,17,53
1,<environment.Job instance at 0x7f443f01ef50>,41,13,[9 1],42,54,67,12,54
1,<environment.Job instance at 0x7f443f01e320>,40,16,[3 7],41,67,83,26,67
1,<environment.Job instance at 0x7f443f01eeb0>,44,13,[2 8],45,69,82,24,69
1,<environment.Job instance at 0x7f443f288e10>,46,16,[1 7],47,82,98,35,82
1,<environment.Job instance at 0x7f443f45d870>,36,17,[9 4],37,83,100,46,83
1,<environment.Job instance at 0x7f443e9c5230>,10,14,[4 9],11,98,112,87,98
1,<environment.Job instance at 0x7f4447b53dc0>,64,17,[7 3],65,100,117,35,100
1,<environment.Job instance at 0x7f443dfd15a0>,68,2,[1 6],69,112,114,43,112
1,<environment.Job instance at 0x7f443dcf8910>,52,18,[3 6],53,112,130,59,112
1,<environment.Job instance at 0x7f443de23050>,63,3,[2 7],64,117,120,53,117
1,<environment.Job instance at 0x7f443effb190>,78,15,[3 5],79,120,135,41,120
1,<environment.Job instance at 0x7f443e2455a0>,84,1,[10  1],85,130,131,45,130
1,<environment.Job instance at 0x7f443eb42cd0>,83,15,[6 5],84,132,147,48,132
1,<environment.Job instance at 0x7f443e426dc0>,86,12,[8 3],87,135,147,48,135
1,<environment.Job instance at 0x7f443e4269b0>,87,2,[8 5],88,147,149,59,147
1,<environment.Job instance at 0x7f443ddeb690>,88,17,[3 5],89,147,164,58,147
1,<environment.Job instance at 0x7f443dd743c0>,11,17,[10  4],12,149,166,137,149
1,<environment.Job instance at 0x7f443edf1c80>,77,18,[ 4 10],78,164,182,86,164
1,<environment.Job instance at 0x7f443e07e910>,93,2,[7 2],94,166,168,72,166
1,<environment.Job instance at 0x7f443dcf09b0>,97,2,[3 5],98,168,170,70,168
1,<environment.Job instance at 0x7f443e159870>,90,3,[9 1],91,171,174,80,171
1,<environment.Job instance at 0x7f443f01e8c0>,42,18,[10  3],43,174,192,131,174
1,<environment.Job instance at 0x7f443eb784b0>,4,14,[5 6],5,5,19,0,5
1,<environment.Job instance at 0x7f443f54ed70>,2,12,[1 5],3,7,19,4,7
1,<environment.Job instance at 0x7f443eb78640>,8,16,[3 6],9,19,35,10,9
1,<environment.Job instance at 0x7f443e5ba640>,1,19,[1 5],2,2,21,0,2
1,<environment.Job instance at 0x7f443e5ba410>,2,12,[1 5],3,3,15,0,3
1,<environment.Job instance at 0x7f443dd33a00>,14,2,[10  5],15,15,17,0,15
1,<environment.Job instance at 0x7f443dc9ba00>,11,13,[ 1 10],12,17,30,5,17
1,<environment.Job instance at 0x7f443e26aaa0>,15,15,[5 5],16,21,36,5,21
1,<environment.Job instance at 0x7f443e5a8b90>,4,14,[5 6],5,30,44,25,30
1,<environment.Job instance at 0x7f443e86af50>,22,2,[5 9],23,36,38,13,36
1,<environment.Job instance at 0x7f443eb8a500>,8,16,[3 6],9,38,54,29,38
1,<environment.Job instance at 0x7f443f12b780>,23,17,[4 8],24,44,61,20,44
1,<environment.Job instance at 0x7f443dd33640>,13,17,[5 6],14,54,71,40,54
1,<environment.Job instance at 0x7f443de19af0>,26,15,[2 6],27,61,76,34,61
1,<environment.Job instance at 0x7f443f5e8280>,25,18,[5 2],26,61,79,35,61
1,<environment.Job instance at 0x7f443de30640>,27,1,[10  2],28,76,77,48,76
1,<environment.Job instance at 0x7f443e887f50>,32,12,[2 5],33,77,89,44,77
1,<environment.Job instance at 0x7f443f5db9b0>,31,13,[1 7],32,77,90,45,77
1,<environment.Job instance at 0x7f443e1ae910>,33,17,[5 2],34,79,96,45,79
1,<environment.Job instance at 0x7f443edfe0a0>,35,12,[3 5],36,89,101,53,89
1,<environment.Job instance at 0x7f443de30190>,37,18,[5 5],38,90,108,52,90
1,<environment.Job instance at 0x7f443f60d0a0>,46,1,[2 9],47,101,102,54,101
1,<environment.Job instance at 0x7f443e5bde60>,44,3,[10  5],45,102,105,57,102
1,<environment.Job instance at 0x7f443f11c0f0>,17,16,[ 1 10],18,105,121,87,105
1,<environment.Job instance at 0x7f443e58ceb0>,53,15,[10  3],54,108,123,54,108
1,<environment.Job instance at 0x7f443e5bdc30>,47,18,[2 6],48,121,139,73,121
1,<environment.Job instance at 0x7f443f612370>,58,13,[2 5],59,121,134,62,121
1,<environment.Job instance at 0x7f443f5e8b40>,24,18,[9 1],25,123,141,98,123
1,<environment.Job instance at 0x7f443f5d2e60>,61,12,[1 7],62,134,146,72,134
1,<environment.Job instance at 0x7f443f5d26e0>,62,16,[8 1],63,141,157,78,141
1,<environment.Job instance at 0x7f443f612190>,59,16,[ 4 10],60,146,162,86,146
1,<environment.Job instance at 0x7f443f111370>,65,12,[8 3],66,157,169,91,157
1,<environment.Job instance at 0x7f443f615d70>,68,15,[5 2],69,162,177,93,162
1,<environment.Job instance at 0x7f443f636410>,69,14,[1 5],70,162,176,92,162
1,<environment.Job instance at 0x7f443f111230>,63,14,[9 3],64,169,183,105,169
1,<environment.Job instance at 0x7f443f6363c0>,71,12,[6 5],72,177,189,105,177
1,<environment.Job instance at 0x7f443eee90a0>,0,1,[3 8],1,1,2,0,1
1,<environment.Job instance at 0x7f443eee9640>,1,2,[ 3 11],2,2,4,0,2
1,<environment.Job instance at 0x7f443eee97d0>,2,3,[ 4 14],3,4,7,1,3
1,<environment.Job instance at 0x7f443eee9e60>,7,14,[5 6],8,8,22,0,8
1,<environment.Job instance at 0x7f443eee9cd0>,8,3,[10  1],9,9,12,0,9
1,<environment.Job instance at 0x7f443eee9b90>,9,2,[1 8],10,12,14,2,10
1,<environment.Job instance at 0x7f443eee9500>,12,3,[14  4],13,22,25,9,13
1,<environment.Job instance at 0x7f443e7d9190>,16,1,[ 3 10],17,25,26,8,17
1,<environment.Job instance at 0x7f443e7d9410>,19,2,[ 1 13],20,26,28,6,20
1,<environment.Job instance at 0x7f443e7d9320>,20,18,[3 9],21,28,46,7,21
1,<environment.Job instance at 0x7f443e7d90a0>,24,3,[4 6],25,28,31,3,25
1,<environment.Job instance at 0x7f443e7d9b90>,25,1,[ 1 11],26,46,47,20,26
1,<environment.Job instance at 0x7f443e7d9a00>,26,13,[5 1],27,31,44,4,27
1,<environment.Job instance at 0x7f443e7d9f00>,27,15,[3 5],28,31,46,3,28
1,<environment.Job instance at 0x7f443de4b190>,30,3,[ 5 10],31,47,50,16,32
1,<environment.Job instance at 0x7f443e7d9be0>,28,21,[ 4 12],29,50,71,21,42
1,<environment.Job instance at 0x7f443de4b1e0>,34,17,[7 4],35,71,88,36,59
1,<environment.Job instance at 0x7f443de4be60>,35,12,[9 3],36,59,71,23,59
1,<environment.Job instance at 0x7f443de4b550>,36,1,[5 3],37,71,72,34,59
1,<environment.Job instance at 0x7f443de4bf00>,37,12,[11  3],38,88,100,50,71
1,<environment.Job instance at 0x7f443de4b410>,38,2,[4 8],39,72,74,33,71
1,<environment.Job instance at 0x7f443de4baa0>,39,1,[ 5 10],40,74,75,34,71
1,<environment.Job instance at 0x7f443de4b910>,40,1,[9 2],41,100,101,59,72
1,<environment.Job instance at 0x7f443de4b0a0>,41,21,[3 9],42,75,96,33,72
1,<environment.Job instance at 0x7f443de4b820>,42,12,[9 5],43,101,113,58,84
1,<environment.Job instance at 0x7f443de4b280>,43,1,[8 5],44,113,114,69,85
1,<environment.Job instance at 0x7f443de4bd70>,44,1,[7 5],45,113,114,68,85
1,<environment.Job instance at 0x7f443de4bdc0>,45,3,[5 5],46,100,103,54,85
1,<environment.Job instance at 0x7f443ef17320>,51,14,[5 1],52,114,128,62,99
1,<environment.Job instance at 0x7f443ef17af0>,52,12,[6 2],53,114,126,61,99
1,<environment.Job instance at 0x7f443ef17b40>,53,3,[ 1 14],54,126,129,72,100
1,<environment.Job instance at 0x7f443ef17280>,54,1,[13  3],55,129,130,74,101
1,<environment.Job instance at 0x7f443ef175f0>,47,14,[3 5],48,130,144,82,116
1,<environment.Job instance at 0x7f443ef17eb0>,56,13,[8 5],57,130,143,73,118
1,<environment.Job instance at 0x7f443de4bb90>,33,15,[7 2],34,143,158,109,129
1,<environment.Job instance at 0x7f443ef17d20>,58,13,[6 4],59,144,157,85,134
1,<environment.Job instance at 0x7f443ef17230>,57,19,[ 2 11],58,157,176,99,147
1,<environment.Job instance at 0x7f443de4b870>,32,17,[13  2],33,158,175,125,156
1,<environment.Job instance at 0x7f443ef17cd0>,59,16,[4 8],60,176,192,116,163
1,<environment.Job instance at 0x7f443ef17190>,62,15,[8 3],63,175,190,112,173
1,<environment.Job instance at 0x7f443dcb7730>,0,1,[3 8],1,1,2,0,1
1,<environment.Job instance at 0x7f443e2e7eb0>,4,20,[3 9],5,5,25,0,5
1,<environment.Job instance at 0x7f443e2e7140>,5,18,[10  2],6,6,24,0,6
1,<environment.Job instance at 0x7f443e2d21e0>,8,3,[10  1],9,24,27,15,24
1,<environment.Job instance at 0x7f443e7ff640>,16,1,[ 3 10],17,25,26,8,25
1,<environment.Job instance at 0x7f443e2e7b40>,9,2,[1 8],10,26,28,16,26
1,<environment.Job instance at 0x7f443f5e7d70>,24,3,[4 6],25,27,30,2,27
1,<environment.Job instance at 0x7f443e7d96e0>,26,13,[5 1],27,27,40,0,27
1,<environment.Job instance at 0x7f443e2d2370>,7,14,[5 6],8,28,42,20,28
1,<environment.Job instance at 0x7f443de4baf0>,27,15,[3 5],28,30,45,2,30
1,<environment.Job instance at 0x7f443ef17640>,30,3,[ 5 10],31,42,45,11,42
1,<environment.Job instance at 0x7f443e05ff50>,33,15,[7 2],34,45,60,11,45
1,<environment.Job instance at 0x7f443ef170a0>,31,15,[ 2 10],32,45,60,13,45
1,<environment.Job instance at 0x7f443e05f6e0>,35,12,[9 3],36,60,72,24,60
1,<environment.Job instance at 0x7f443ef20be0>,36,1,[5 3],37,60,61,23,60
1,<environment.Job instance at 0x7f443e61a0a0>,38,2,[4 8],39,61,63,22,61
1,<environment.Job instance at 0x7f443e61abe0>,39,1,[ 5 10],40,63,64,23,63
1,<environment.Job instance at 0x7f443f5e7c30>,22,16,[ 2 10],23,64,80,41,64
1,<environment.Job instance at 0x7f443f11ec80>,40,1,[9 2],41,72,73,31,72
1,<environment.Job instance at 0x7f443e86bf50>,42,12,[9 5],43,73,85,30,73
1,<environment.Job instance at 0x7f443de19fa0>,15,18,[3 8],16,80,98,64,80
1,<environment.Job instance at 0x7f443e86b2d0>,43,1,[8 5],44,85,86,41,85
1,<environment.Job instance at 0x7f443e86ba50>,44,1,[7 5],45,86,87,41,86
1,<environment.Job instance at 0x7f443f636500>,45,3,[5 5],46,87,90,41,87
1,<environment.Job instance at 0x7f443f636410>,47,14,[3 5],48,90,104,42,90
1,<environment.Job instance at 0x7f443ef3d640>,51,14,[5 1],52,98,112,46,98
1,<environment.Job instance at 0x7f443ef3dd70>,52,12,[6 2],53,98,110,45,98
1,<environment.Job instance at 0x7f443f5e7190>,20,18,[3 9],21,104,122,83,104
1,<environment.Job instance at 0x7f443e05faa0>,34,17,[7 4],35,110,127,75,110
1,<environment.Job instance at 0x7f443ef3df50>,58,13,[6 4],59,122,135,63,122
1,<environment.Job instance at 0x7f443e08bb90>,56,13,[8 5],57,127,140,70,127
1,<environment.Job instance at 0x7f443f60d0f0>,49,16,[ 5 10],50,135,151,85,135
1,<environment.Job instance at 0x7f443eee9aa0>,62,15,[8 3],63,140,155,77,140
1,<environment.Job instance at 0x7f443e06fd70>,68,14,[5 2],69,152,166,83,152
1,<environment.Job instance at 0x7f443e308b90>,72,17,[2 5],73,152,169,79,152
1,<environment.Job instance at 0x7f443eee9230>,59,16,[4 8],60,155,171,95,155
1,<environment.Job instance at 0x7f443e306d20>,80,14,[7 2],81,166,180,85,166
1,<environment.Job instance at 0x7f443ed5bbe0>,82,12,[5 7],83,171,183,88,171
1,<environment.Job instance at 0x7f443e58cd20>,1,15,[3 5],2,2,17,0,2
1,<environment.Job instance at 0x7f443ebdd500>,2,3,[4 8],3,3,6,0,3
1,<environment.Job instance at 0x7f443ebdd5a0>,5,17,[5 5],6,6,23,0,6
1,<environment.Job instance at 0x7f443ebdda00>,7,2,[ 2 13],8,23,25,15,8
1,<environment.Job instance at 0x7f443ebdd910>,8,2,[7 4],9,9,11,0,9
1,<environment.Job instance at 0x7f443ebddb40>,9,20,[6 2],10,11,31,1,10
1,<environment.Job instance at 0x7f443ebddc30>,10,3,[4 8],11,17,20,6,11
1,<environment.Job instance at 0x7f443ebddd20>,11,14,[6 2],12,25,39,13,12
1,<environment.Job instance at 0x7f443e7cfe60>,1,15,[3 5],2,2,17,0,2
1,<environment.Job instance at 0x7f443e7cfc80>,2,3,[4 8],3,3,6,0,3
1,<environment.Job instance at 0x7f443e7cf500>,5,17,[5 5],6,6,23,0,6
1,<environment.Job instance at 0x7f443f63f820>,8,2,[7 4],9,9,11,0,9
1,<environment.Job instance at 0x7f443f63f870>,9,20,[6 2],10,11,31,1,11
1,<environment.Job instance at 0x7f443e1a2af0>,10,3,[4 8],11,17,20,6,17
1,<environment.Job instance at 0x7f443f5f4230>,16,13,[3 8],17,20,33,3,20
1,<environment.Job instance at 0x7f443f5f4af0>,11,14,[6 2],12,23,37,11,23
1,<environment.Job instance at 0x7f443f1119b0>,18,16,[5 5],19,31,47,12,31
1,<environment.Job instance at 0x7f443f111820>,19,16,[4 8],20,33,49,13,33
1,<environment.Job instance at 0x7f443f61de10>,22,16,[5 1],23,37,53,14,37
1,<environment.Job instance at 0x7f443f61dc30>,25,1,[6 4],26,47,48,21,47
1,<environment.Job instance at 0x7f443f637c30>,27,2,[8 3],28,49,51,21,49
1,<environment.Job instance at 0x7f443f111eb0>,17,14,[ 2 10],18,49,63,31,49
1,<environment.Job instance at 0x7f443f615780>,31,3,[7 4],32,51,54,19,51
1,<environment.Job instance at 0x7f443f615e10>,34,2,[10  4],35,54,56,19,54
1,<environment.Job instance at 0x7f443f637be0>,26,3,[9 2],27,56,59,29,56
1,<environment.Job instance at 0x7f443f615cd0>,33,14,[5 3],34,59,73,25,59
1,<environment.Job instance at 0x7f443e5bd820>,36,15,[7 1],37,59,74,22,59
1,<environment.Job instance at 0x7f443e5bd730>,40,2,[2 8],41,63,65,22,63
1,<environment.Job instance at 0x7f443e5bd4b0>,38,3,[2 8],39,65,68,26,65
1,<environment.Job instance at 0x7f443f111c30>,15,15,[ 3 10],16,68,83,52,68
1,<environment.Job instance at 0x7f443e5bdc80>,43,13,[5 2],44,73,86,29,73
1,<environment.Job instance at 0x7f443f615c30>,32,18,[7 3],33,74,92,41,74
1,<environment.Job instance at 0x7f443f613050>,44,2,[2 9],45,83,85,38,83
1,<environment.Job instance at 0x7f443f622fa0>,51,1,[ 1 10],52,85,86,33,85
1,<environment.Job instance at 0x7f443f622cd0>,52,2,[1 5],53,86,88,33,86
1,<environment.Job instance at 0x7f443e5bde60>,35,16,[1 7],36,86,102,50,86
1,<environment.Job instance at 0x7f443e3021e0>,56,1,[7 2],57,88,89,31,88
1,<environment.Job instance at 0x7f443f634960>,59,1,[8 2],60,92,93,32,92
1,<environment.Job instance at 0x7f443f613230>,46,13,[9 5],47,93,106,46,93
1,<environment.Job instance at 0x7f443e8845f0>,55,14,[5 8],56,102,116,46,102
1,<environment.Job instance at 0x7f443e2e9eb0>,61,14,[9 1],62,106,120,44,106
1,<environment.Job instance at 0x7f443e2da960>,65,13,[5 1],66,116,129,50,116
1,<environment.Job instance at 0x7f443e2da910>,64,17,[1 7],65,116,133,51,116
1,<environment.Job instance at 0x7f443e2dadc0>,66,14,[7 3],67,120,134,53,120
1,<environment.Job instance at 0x7f443e2d37d0>,68,14,[5 2],69,129,143,60,129
1,<environment.Job instance at 0x7f443e2e9fa0>,62,17,[2 7],63,133,150,70,133
1,<environment.Job instance at 0x7f443ed5bbe0>,73,1,[10  1],74,143,144,69,143
1,<environment.Job instance at 0x7f443ed5b190>,75,3,[5 1],76,144,147,68,144
1,<environment.Job instance at 0x7f443f6220a0>,53,18,[5 7],54,144,162,90,144
1,<environment.Job instance at 0x7f443f612640>,49,17,[9 2],50,150,167,100,150
1,<environment.Job instance at 0x7f443e6201e0>,79,12,[5 5],80,162,174,82,162
1,<environment.Job instance at 0x7f443e2f2fa0>,72,13,[1 9],73,167,180,94,167
1,<environment.Job instance at 0x7f443ed57e60>,85,18,[10  5],86,174,192,88,174
1,<environment.Job instance at 0x7f443e6946e0>,2,1,[ 3 14],3,4,5,1,4
1,<environment.Job instance at 0x7f443e6940f0>,4,15,[5 6],5,5,20,0,5
1,<environment.Job instance at 0x7f443e694140>,5,1,[11  3],6,20,21,14,6
1,<environment.Job instance at 0x7f443e694370>,10,17,[10  3],11,21,38,10,13
1,<environment.Job instance at 0x7f443e395460>,13,12,[2 8],14,14,26,0,14
1,<environment.Job instance at 0x7f443e395690>,12,17,[ 2 10],13,26,43,13,15
1,<environment.Job instance at 0x7f443e395fa0>,11,25,[4 6],12,46,71,34,46
1,<environment.Job instance at 0x7f443e3951e0>,14,27,[10  1],15,56,83,41,56
1,<environment.Job instance at 0x7f443e395050>,18,3,[ 3 12],19,71,74,52,58
1,<environment.Job instance at 0x7f443e395b90>,19,15,[5 2],20,74,89,54,71
1,<environment.Job instance at 0x7f443e395cd0>,20,16,[ 1 10],21,83,99,62,79
1,<environment.Job instance at 0x7f443e395500>,15,23,[10  1],16,89,112,73,86
1,<environment.Job instance at 0x7f443e395a50>,21,1,[3 5],22,99,100,77,87
1,<environment.Job instance at 0x7f443e395be0>,23,1,[3 8],24,100,101,76,87
1,<environment.Job instance at 0x7f443e395d20>,9,14,[14  1],10,112,126,102,99
1,<environment.Job instance at 0x7f443e3950a0>,27,2,[12  5],28,126,128,98,99
1,<environment.Job instance at 0x7f443e395410>,28,1,[7 5],29,128,129,99,100
1,<environment.Job instance at 0x7f443e395d70>,29,14,[ 2 11],30,129,143,99,114
1,<environment.Job instance at 0x7f443dcf0dc0>,31,1,[3 8],32,126,127,94,115
1,<environment.Job instance at 0x7f443dcf0d70>,30,15,[6 2],31,128,143,97,115
1,<environment.Job instance at 0x7f443dcf0910>,40,16,[6 4],41,143,159,102,135
1,<environment.Job instance at 0x7f443dcf0640>,32,13,[12  1],33,159,172,126,144
1,<environment.Job instance at 0x7f443dcf0410>,43,14,[11  1],44,175,189,131,175
1,<environment.Job instance at 0x7f443f4d2780>,3,17,[ 5 10],4,4,21,0,4
1,<environment.Job instance at 0x7f443f434aa0>,10,17,[10  3],11,11,28,0,11
1,<environment.Job instance at 0x7f443f4345f0>,13,12,[2 8],14,21,33,7,21
1,<environment.Job instance at 0x7f443f4d2e60>,4,15,[5 6],5,28,43,23,28
1,<environment.Job instance at 0x7f443f4dc6e0>,21,1,[3 5],22,33,34,11,33
1,<environment.Job instance at 0x7f443f4dc4b0>,19,15,[5 2],20,33,48,13,33
1,<environment.Job instance at 0x7f443ebdd550>,23,1,[3 8],24,43,44,19,43
1,<environment.Job instance at 0x7f443ebddcd0>,24,16,[6 1],25,43,59,18,43
1,<environment.Job instance at 0x7f443f4dc0a0>,20,16,[ 1 10],21,44,60,23,44
1,<environment.Job instance at 0x7f443e2e7c80>,30,15,[6 2],31,48,63,17,48
1,<environment.Job instance at 0x7f443e2e7550>,28,1,[7 5],29,60,61,31,60
1,<environment.Job instance at 0x7f443dcb7be0>,31,1,[3 8],32,61,62,29,61
1,<environment.Job instance at 0x7f443f4dc690>,16,14,[5 8],17,62,76,45,62
1,<environment.Job instance at 0x7f443dc9ba00>,35,17,[8 2],36,63,80,27,63
1,<environment.Job instance at 0x7f443e86af50>,38,16,[ 1 10],39,76,92,37,76
1,<environment.Job instance at 0x7f443e7d9050>,45,15,[7 5],46,80,95,34,80
1,<environment.Job instance at 0x7f443de4ba50>,46,1,[8 3],47,92,93,45,92
1,<environment.Job instance at 0x7f443e2ff640>,40,16,[6 4],41,93,109,52,93
1,<environment.Job instance at 0x7f443dcb78c0>,26,17,[5 8],27,95,112,68,95
1,<environment.Job instance at 0x7f443e272d70>,52,13,[1 5],53,109,122,56,109
1,<environment.Job instance at 0x7f443e2ff6e0>,37,18,[9 1],38,109,127,71,109
1,<environment.Job instance at 0x7f443e86b7d0>,57,18,[5 4],58,112,130,54,112
1,<environment.Job instance at 0x7f443e61a0a0>,56,2,[ 5 10],57,127,129,70,127
1,<environment.Job instance at 0x7f443e67c280>,61,16,[7 4],62,129,145,67,129
1,<environment.Job instance at 0x7f443e08bb90>,60,18,[3 7],61,129,147,68,129
1,<environment.Job instance at 0x7f443e63c730>,63,2,[5 2],64,130,132,66,130
1,<environment.Job instance at 0x7f443f636370>,62,2,[8 4],63,145,147,82,145
1,<environment.Job instance at 0x7f443e308640>,68,16,[10  1],69,147,163,78,147
1,<environment.Job instance at 0x7f443e308e10>,67,17,[ 1 10],68,147,164,79,147
1,<environment.Job instance at 0x7f443e6201e0>,69,15,[10  1],70,163,178,93,163
1,<environment.Job instance at 0x7f443e306b90>,72,3,[5 5],73,164,167,91,164
1,<environment.Job instance at 0x7f443ed5b140>,75,16,[4 5],76,167,183,91,167
1,<environment.Job instance at 0x7f443e86ba50>,58,16,[10  1],59,178,194,119,178
1,<environment.Job instance at 0x7f443e0a7f00>,5,3,[7 5],6,6,9,0,6
1,<environment.Job instance at 0x7f443e0a7cd0>,7,3,[6 4],8,8,11,0,8
1,<environment.Job instance at 0x7f443e0a70f0>,9,14,[1 8],10,10,24,0,10
1,<environment.Job instance at 0x7f443e0c10f0>,11,14,[5 1],12,12,26,0,12
1,<environment.Job instance at 0x7f443e0c1c80>,12,3,[2 7],13,24,27,11,13
1,<environment.Job instance at 0x7f4447f5eaf0>,15,2,[3 5],16,16,18,0,16
1,<environment.Job instance at 0x7f443f1f5fa0>,16,3,[2 8],17,26,29,9,17
1,<environment.Job instance at 0x7f443e468eb0>,24,1,[11  2],25,27,28,2,25
1,<environment.Job instance at 0x7f443e468230>,25,2,[ 5 11],26,29,31,3,26
1,<environment.Job instance at 0x7f4447c2edc0>,27,12,[9 2],28,28,40,0,28
1,<environment.Job instance at 0x7f4447c2ef00>,29,25,[ 3 11],30,33,58,3,33
1,<environment.Job instance at 0x7f443f399690>,33,14,[12  3],34,40,54,6,34
1,<environment.Job instance at 0x7f443e7c72d0>,34,1,[ 4 10],35,58,59,23,35
1,<environment.Job instance at 0x7f443f009aa0>,37,3,[12  5],38,59,62,21,38
1,<environment.Job instance at 0x7f443eff7dc0>,39,3,[5 6],40,62,65,22,40
1,<environment.Job instance at 0x7f443eff7c80>,40,19,[ 4 14],41,65,84,24,55
1,<environment.Job instance at 0x7f443ee415f0>,42,15,[1 9],43,84,99,41,70
1,<environment.Job instance at 0x7f443df70fa0>,47,3,[ 2 10],48,99,102,51,73
1,<environment.Job instance at 0x7f443df70140>,49,2,[2 8],50,102,104,52,75
1,<environment.Job instance at 0x7f443df70d20>,50,27,[1 5],51,84,111,33,82
1,<environment.Job instance at 0x7f443df70f00>,51,1,[9 2],52,102,103,50,82
1,<environment.Job instance at 0x7f443ee41b90>,45,2,[11  2],46,103,105,57,83
1,<environment.Job instance at 0x7f443ee411e0>,43,17,[4 9],44,109,126,65,109
1,<environment.Job instance at 0x7f443e1e67d0>,54,13,[ 1 13],55,145,158,90,145
1,<environment.Job instance at 0x7f443ed52280>,13,15,[12  2],14,154,169,140,154
1,<environment.Job instance at 0x7f443e794460>,55,28,[ 1 11],56,158,186,102,157
1,<environment.Job instance at 0x7f443e7c7190>,31,17,[ 3 10],32,186,203,154,174
1,<environment.Job instance at 0x7f443eabeeb0>,1,16,[ 2 10],2,2,18,0,2
1,<environment.Job instance at 0x7f443e395370>,2,17,[5 1],3,3,20,0,3
1,<environment.Job instance at 0x7f443e5bd370>,7,3,[6 4],8,8,11,0,8
1,<environment.Job instance at 0x7f443e5bddc0>,5,3,[7 5],6,18,21,12,18
1,<environment.Job instance at 0x7f443e302410>,12,3,[2 7],13,18,21,5,18
1,<environment.Job instance at 0x7f443f612190>,11,14,[5 1],12,20,34,8,20
1,<environment.Job instance at 0x7f443ef20be0>,15,2,[3 5],16,21,23,5,21
1,<environment.Job instance at 0x7f443e7ff640>,16,3,[2 8],17,21,24,4,21
1,<environment.Job instance at 0x7f443ef17640>,17,12,[10  4],18,24,36,6,24
1,<environment.Job instance at 0x7f443e5bd730>,9,14,[1 8],10,34,48,24,34
1,<environment.Job instance at 0x7f443e3952d0>,4,16,[9 1],5,36,52,31,36
1,<environment.Job instance at 0x7f443e795f00>,18,17,[4 7],19,48,65,29,48
1,<environment.Job instance at 0x7f443eedc820>,27,12,[9 2],28,52,64,24,52
1,<environment.Job instance at 0x7f443f63ff50>,32,13,[8 1],33,64,77,31,64
1,<environment.Job instance at 0x7f443f63f7d0>,34,1,[ 4 10],35,65,66,30,65
1,<environment.Job instance at 0x7f443eff7640>,23,16,[7 4],24,66,82,42,66
1,<environment.Job instance at 0x7f443dc91870>,39,3,[5 6],40,77,80,37,77
1,<environment.Job instance at 0x7f443dc91140>,42,15,[1 9],43,80,95,37,80
1,<environment.Job instance at 0x7f443e0c13c0>,20,18,[7 1],21,80,98,59,80
1,<environment.Job instance at 0x7f443dc5e140>,47,3,[ 2 10],48,95,98,47,95
1,<environment.Job instance at 0x7f443dc91b40>,49,2,[2 8],50,98,100,48,98
1,<environment.Job instance at 0x7f443dccbbe0>,51,1,[9 2],52,98,99,46,98
1,<environment.Job instance at 0x7f443f63fe10>,35,17,[9 3],36,99,116,63,99
1,<environment.Job instance at 0x7f443dc91320>,43,17,[4 9],44,100,117,56,100
1,<environment.Job instance at 0x7f443ea25f50>,65,12,[5 9],66,117,129,51,117
1,<environment.Job instance at 0x7f443ea25e10>,66,16,[7 4],67,117,133,50,117
1,<environment.Job instance at 0x7f443ea25d20>,67,12,[6 3],68,129,141,61,129
1,<environment.Job instance at 0x7f443ea25050>,68,3,[3 9],69,133,136,64,133
1,<environment.Job instance at 0x7f443ea25af0>,69,14,[4 7],70,136,150,66,136
1,<environment.Job instance at 0x7f443ea25460>,70,2,[10  5],71,141,143,70,141
1,<environment.Job instance at 0x7f443ea25550>,71,2,[7 5],72,143,145,71,143
1,<environment.Job instance at 0x7f443ea25cd0>,72,13,[2 5],73,145,158,72,145
1,<environment.Job instance at 0x7f443f63faf0>,31,17,[ 3 10],32,150,167,118,150
1,<environment.Job instance at 0x7f443eb8a550>,62,20,[7 5],63,158,178,95,158
1,<environment.Job instance at 0x7f443e2ffa00>,77,1,[2 7],78,167,168,89,167
1,<environment.Job instance at 0x7f443e2fff50>,80,17,[8 4],81,168,185,87,168
1,<environment.Job instance at 0x7f443e2ff320>,83,1,[5 6],84,178,179,94,178
1,<environment.Job instance at 0x7f443dca30f0>,84,16,[1 8],85,179,195,94,179
1,<environment.Job instance at 0x7f443f2e9190>,4,1,[2 7],5,5,6,0,5
1,<environment.Job instance at 0x7f4447bd97d0>,7,14,[7 3],8,8,22,0,8
1,<environment.Job instance at 0x7f4447bd92d0>,8,3,[3 6],9,9,12,0,9
1,<environment.Job instance at 0x7f4447bd9be0>,12,14,[7 4],13,14,28,1,14
1,<environment.Job instance at 0x7f443f617cd0>,14,14,[ 2 10],15,22,36,7,15
1,<environment.Job instance at 0x7f443f13bbe0>,15,18,[7 1],16,28,46,12,17
1,<environment.Job instance at 0x7f4447b9b3c0>,17,13,[ 2 10],18,36,49,18,24
1,<environment.Job instance at 0x7f4447b9b0a0>,18,12,[4 5],19,46,58,27,36
1,<environment.Job instance at 0x7f4447c28fa0>,19,15,[4 6],20,49,64,29,41
1,<environment.Job instance at 0x7f443f617910>,13,13,[14  3],14,64,77,50,49
1,<environment.Job instance at 0x7f443f617d70>,16,2,[ 2 12],17,77,79,60,57
1,<environment.Job instance at 0x7f4447c01870>,21,19,[5 3],22,77,96,55,67
1,<environment.Job instance at 0x7f4447c28690>,20,18,[ 1 10],21,79,97,58,72
1,<environment.Job instance at 0x7f4447c016e0>,23,25,[7 3],24,96,121,72,92
1,<environment.Job instance at 0x7f4447c01320>,22,27,[12  2],23,121,148,98,119
1,<environment.Job instance at 0x7f443f507d20>,26,15,[3 9],27,120,135,93,120
1,<environment.Job instance at 0x7f443f052910>,10,19,[12  3],11,148,167,137,144
1,<environment.Job instance at 0x7f4447c01550>,24,23,[11  3],25,167,190,142,163
1,<environment.Job instance at 0x7f443e5b7690>,1,22,[9 3],2,2,24,0,2
1,<environment.Job instance at 0x7f443e0af2d0>,4,1,[2 7],5,5,6,0,5
1,<environment.Job instance at 0x7f443e0af3c0>,8,3,[3 6],9,9,12,0,9
1,<environment.Job instance at 0x7f443e3c37d0>,14,14,[ 2 10],15,15,29,0,15
1,<environment.Job instance at 0x7f443ea121e0>,18,12,[4 5],19,24,36,5,24
1,<environment.Job instance at 0x7f443ea127d0>,17,13,[ 2 10],18,29,42,11,29
1,<environment.Job instance at 0x7f443e5b7a50>,7,14,[7 3],8,36,50,28,36
1,<environment.Job instance at 0x7f443e3c30a0>,12,14,[7 4],13,42,56,29,42
1,<environment.Job instance at 0x7f443ea12aa0>,19,15,[4 6],20,50,65,30,50
1,<environment.Job instance at 0x7f443dd33820>,30,3,[5 7],31,56,59,25,56
1,<environment.Job instance at 0x7f443e72da50>,38,14,[9 2],39,59,73,20,59
1,<environment.Job instance at 0x7f443ea12fa0>,26,15,[3 9],27,65,80,38,65
1,<environment.Job instance at 0x7f443e72d320>,39,3,[7 2],40,73,76,33,73
1,<environment.Job instance at 0x7f443dd33500>,31,18,[8 1],32,76,94,44,76
1,<environment.Job instance at 0x7f443effb190>,44,13,[7 1],45,80,93,35,80
1,<environment.Job instance at 0x7f443e72d640>,40,14,[4 7],41,93,107,52,93
1,<environment.Job instance at 0x7f443effb230>,45,13,[8 3],46,94,107,48,94
1,<environment.Job instance at 0x7f443e5af050>,46,13,[6 4],47,107,120,60,107
1,<environment.Job instance at 0x7f443e72d8c0>,42,16,[8 4],43,107,123,64,107
1,<environment.Job instance at 0x7f443e5af140>,55,12,[1 6],56,107,119,51,107
1,<environment.Job instance at 0x7f443e5afa50>,56,2,[5 8],57,120,122,63,120
1,<environment.Job instance at 0x7f443e5afd70>,53,17,[4 8],54,122,139,68,122
1,<environment.Job instance at 0x7f443e1d00f0>,62,2,[6 3],63,123,125,60,123
1,<environment.Job instance at 0x7f443e550230>,60,13,[6 2],61,125,138,64,125
1,<environment.Job instance at 0x7f4447f686e0>,67,15,[1 7],68,138,153,70,138
1,<environment.Job instance at 0x7f443e1d0eb0>,66,2,[1 8],67,139,141,72,139
1,<environment.Job instance at 0x7f4447f68550>,71,2,[10  5],72,141,143,69,141
1,<environment.Job instance at 0x7f443e5afaa0>,49,17,[10  3],50,143,160,93,143
1,<environment.Job instance at 0x7f443dca3c80>,74,13,[4 9],75,153,166,78,153
1,<environment.Job instance at 0x7f443dca3be0>,78,1,[3 5],79,160,161,81,160
1,<environment.Job instance at 0x7f443ea12af0>,15,18,[7 1],16,160,178,144,160
1,<environment.Job instance at 0x7f443e2ff320>,84,14,[3 6],85,166,180,81,166
1,<environment.Job instance at 0x7f443dca33c0>,77,12,[9 2],78,178,190,100,178
1,<environment.Job instance at 0x7f443e2ffd20>,88,19,[2 6],89,179,198,90,179
1,<environment.Job instance at 0x7fa9b4180af0>,3,3,[ 4 14],4,5,8,1,5
1,<environment.Job instance at 0x7fa9b4180d70>,6,20,[6 1],7,7,27,0,7
1,<environment.Job instance at 0x7fa9b41850f0>,11,1,[8 5],12,13,14,1,13
1,<environment.Job instance at 0x7fa9b41d8280>,2,22,[4 8],3,3,25,0,3
1,<environment.Job instance at 0x7fa9b41d8460>,4,14,[1 6],5,5,19,0,5
1,<environment.Job instance at 0x7fa9b41d8a50>,6,20,[6 1],7,7,27,0,7
1,<environment.Job instance at 0x7fa9b4178af0>,11,1,[8 5],12,25,26,13,25
1,<environment.Job instance at 0x7fa9b42b7500>,21,1,[6 5],22,26,27,4,26
1,<environment.Job instance at 0x7fa9b42ab730>,22,1,[2 7],23,26,27,3,26
1,<environment.Job instance at 0x7fa9b4178960>,12,13,[10  2],13,27,40,14,27
1,<environment.Job instance at 0x7fa9b4307190>,16,16,[3 5],17,27,43,10,27
1,<environment.Job instance at 0x7fa9b4178190>,15,18,[2 8],16,27,45,11,27
1,<environment.Job instance at 0x7fa9b41785f0>,14,13,[7 3],15,43,56,28,43
1,<environment.Job instance at 0x7fa9b42b4730>,35,2,[1 8],36,45,47,9,45
1,<environment.Job instance at 0x7fa9b42b4eb0>,34,16,[2 8],35,47,63,12,47
1,<environment.Job instance at 0x7fa9b43287d0>,36,15,[9 5],37,56,71,19,56
1,<environment.Job instance at 0x7fa9b42422d0>,46,13,[6 5],47,63,76,16,63
1,<environment.Job instance at 0x7fa9b4289aa0>,27,18,[1 8],28,71,89,43,71
1,<environment.Job instance at 0x7fa9b4242d70>,49,15,[10  1],50,76,91,26,76
1,<environment.Job instance at 0x7fa9b432dc30>,54,17,[5 7],55,90,107,35,90
1,<environment.Job instance at 0x7fa9b4328fa0>,41,15,[10  3],42,91,106,49,91
1,<environment.Job instance at 0x7fa9b432d9b0>,57,17,[8 5],58,106,123,48,106
1,<environment.Job instance at 0x7fa9b42a0d70>,59,14,[2 7],60,107,121,47,107
1,<environment.Job instance at 0x7fa9b42a0140>,60,17,[1 6],61,121,138,60,121
1,<environment.Job instance at 0x7fa9b42a0370>,62,3,[5 5],63,123,126,60,123
1,<environment.Job instance at 0x7fa9b4214320>,63,14,[8 1],64,123,137,59,123
1,<environment.Job instance at 0x7fa9b42425f0>,44,18,[5 5],45,126,144,81,126
1,<environment.Job instance at 0x7fa9b42a0410>,65,2,[10  4],66,139,141,73,139
1,<environment.Job instance at 0x7fa9b420beb0>,24,18,[ 4 10],25,141,159,116,141
1,<environment.Job instance at 0x7fa9b4214550>,64,20,[10  2],65,144,164,79,144
1,<environment.Job instance at 0x7fa9b423d140>,69,2,[ 3 10],70,159,161,89,159
1,<environment.Job instance at 0x7fa9b423d910>,73,2,[5 9],74,161,163,87,161
1,<environment.Job instance at 0x7fa9b423df00>,67,18,[3 8],68,163,181,95,163
1,<environment.Job instance at 0x7fa9b423d370>,74,13,[6 3],75,165,178,90,165
1,<environment.Job instance at 0x7fa9b423daf0>,75,14,[5 1],76,165,179,89,165
1,<environment.Job instance at 0x7fa9b423dd70>,78,13,[8 5],79,179,192,100,179
1,<environment.Job instance at 0x7fa9b42a0e10>,58,18,[2 8],59,182,200,123,182
1,<environment.Job instance at 0x7fa9b38d1eb0>,3,12,[1 7],4,4,16,0,4
1,<environment.Job instance at 0x7fa9b38d1d70>,4,3,[10  2],5,5,8,0,5
1,<environment.Job instance at 0x7fa9b39bc2d0>,5,3,[5 5],6,8,11,2,6
1,<environment.Job instance at 0x7fa9b3b469b0>,6,3,[ 5 10],7,16,19,9,7
1,<environment.Job instance at 0x7fa9b3a48820>,9,21,[6 1],10,10,31,0,10
1,<environment.Job instance at 0x7fa9b3a0c1e0>,10,2,[7 5],11,11,13,0,11
1,<environment.Job instance at 0x7fa9b3a0ca00>,13,3,[7 5],14,19,22,5,14
1,<environment.Job instance at 0x7fa9b39b79b0>,18,2,[5 2],19,22,24,3,19
1,<environment.Job instance at 0x7fa9b39b73c0>,21,1,[ 2 14],22,24,25,2,22
1,<environment.Job instance at 0x7fa9b39b75a0>,22,2,[12  2],23,31,33,8,23
1,<environment.Job instance at 0x7fa9b3a6d6e0>,23,2,[5 9],24,25,27,1,24
1,<environment.Job instance at 0x7fa9b3b01140>,17,15,[3 7],18,27,42,9,25
1,<environment.Job instance at 0x7fa9b39b7960>,19,22,[2 7],20,33,55,13,27
1,<environment.Job instance at 0x7fa9b3a1a2d0>,29,14,[ 1 10],30,55,69,25,40
1,<environment.Job instance at 0x7fa9b3a1aaa0>,30,25,[6 2],31,42,67,11,40
1,<environment.Job instance at 0x7fa9b39f95f0>,25,16,[11  1],26,67,83,41,55
1,<environment.Job instance at 0x7fa9b39b78c0>,20,20,[ 3 13],21,69,89,48,61
1,<environment.Job instance at 0x7fa9b3a1af00>,32,14,[6 1],33,83,97,50,68
1,<environment.Job instance at 0x7fa9b39f9730>,24,13,[9 4],25,89,102,64,74
1,<environment.Job instance at 0x7fa9b3a1afa0>,34,16,[3 8],35,97,113,62,92
1,<environment.Job instance at 0x7fa9b3a1a870>,31,18,[12  4],32,102,120,70,93
1,<environment.Job instance at 0x7fa9b3a1ae60>,35,14,[10  1],36,120,134,84,105
1,<environment.Job instance at 0x7fa9b3a6da00>,26,17,[3 8],27,120,137,93,120
1,<environment.Job instance at 0x7fa9b3a1a550>,39,13,[7 4],40,134,147,94,121
1,<environment.Job instance at 0x7fa9b3b269b0>,38,13,[6 3],39,137,150,98,122
1,<environment.Job instance at 0x7fa9bd810550>,41,20,[1 7],42,137,157,95,128
1,<environment.Job instance at 0x7fa9b3a1a640>,37,15,[13  5],38,150,165,112,136
1,<environment.Job instance at 0x7fa9b37530a0>,44,1,[12  1],45,165,166,120,137
1,<environment.Job instance at 0x7fa9b3753550>,45,19,[ 2 13],46,165,184,119,155
1,<environment.Job instance at 0x7fa9b3a1a690>,36,16,[9 2],37,170,186,133,170
1,<environment.Job instance at 0x7fa9b37735f0>,48,2,[2 8],49,184,186,135,172
1,<environment.Job instance at 0x7fa9b37574b0>,49,16,[2 8],50,186,202,136,174
1,<environment.Job instance at 0x7fa9b37a2d70>,50,23,[7 3],51,186,209,135,180
1,<environment.Job instance at 0x7fa9b37a2b40>,51,3,[10  5],52,209,212,157,183
1,<environment.Job instance at 0x7fa9b419db40>,0,18,[10  3],1,1,19,0,1
1,<environment.Job instance at 0x7fa9b419d730>,3,12,[1 7],4,4,16,0,4
1,<environment.Job instance at 0x7fa9b419d640>,5,3,[5 5],6,16,19,10,16
1,<environment.Job instance at 0x7fa9b419d5a0>,10,2,[7 5],11,19,21,8,19
1,<environment.Job instance at 0x7fa9b419d320>,13,3,[7 5],14,19,22,5,19
1,<environment.Job instance at 0x7fa9b419d370>,6,3,[ 5 10],7,21,24,14,21
1,<environment.Job instance at 0x7fa9b392e780>,18,2,[5 2],19,22,24,3,22
1,<environment.Job instance at 0x7fa9b392ebe0>,23,2,[5 9],24,24,26,0,24
1,<environment.Job instance at 0x7fa9b419d780>,4,3,[10  2],5,24,27,19,24
1,<environment.Job instance at 0x7fa9b419d690>,11,14,[2 7],12,26,40,14,26
1,<environment.Job instance at 0x7fa9b419d3c0>,8,3,[10  1],9,27,30,18,27
1,<environment.Job instance at 0x7fa9b3975280>,17,15,[3 7],18,27,42,9,27
1,<environment.Job instance at 0x7fa9b419d460>,9,21,[6 1],10,30,51,20,30
1,<environment.Job instance at 0x7fa9b419d4b0>,7,20,[5 3],8,40,60,32,40
1,<environment.Job instance at 0x7fa9b39322d0>,29,14,[ 1 10],30,42,56,12,42
1,<environment.Job instance at 0x7fa9b3932500>,32,14,[6 1],33,51,65,18,51
1,<environment.Job instance at 0x7fa9b3949dc0>,34,16,[3 8],35,56,72,21,56
1,<environment.Job instance at 0x7fa9b3935730>,24,13,[9 4],25,65,78,40,65
1,<environment.Job instance at 0x7fa9b3941500>,38,13,[6 3],39,72,85,33,72
1,<environment.Job instance at 0x7fa9b3960960>,48,2,[2 8],49,78,80,29,78
1,<environment.Job instance at 0x7fa9b3941550>,39,13,[7 4],40,78,91,38,78
1,<environment.Job instance at 0x7fa9b3960910>,49,16,[2 8],50,80,96,30,80
1,<environment.Job instance at 0x7fa9b39502d0>,54,3,[7 5],55,91,94,36,91
1,<environment.Job instance at 0x7fa9b3957500>,51,3,[10  5],52,94,97,42,94
1,<environment.Job instance at 0x7fa9b393e6e0>,26,17,[3 8],27,96,113,69,96
1,<environment.Job instance at 0x7fa9b399bbe0>,63,12,[9 1],64,97,109,33,97
1,<environment.Job instance at 0x7fa9b399bfa0>,64,14,[5 5],65,109,123,44,109
1,<environment.Job instance at 0x7fa9b399bd70>,66,3,[9 1],67,113,116,46,113
1,<environment.Job instance at 0x7fa9b3949050>,35,14,[10  1],36,116,130,80,116
1,<environment.Job instance at 0x7fa9b3954960>,67,17,[5 2],68,123,140,55,123
1,<environment.Job instance at 0x7fa9b3d78410>,69,1,[5 4],70,130,131,60,130
1,<environment.Job instance at 0x7fa9b399b870>,58,18,[4 6],59,130,148,71,130
1,<environment.Job instance at 0x7fa9b39541e0>,68,18,[4 5],69,131,149,62,131
1,<environment.Job instance at 0x7fa9b3950370>,56,16,[7 4],57,140,156,83,140
1,<environment.Job instance at 0x7fa9b3954730>,71,1,[ 2 10],72,150,151,78,150
1,<environment.Job instance at 0x7fa9b3b25dc0>,73,2,[4 7],74,151,153,77,151
1,<environment.Job instance at 0x7fa9b39a8aa0>,80,13,[4 5],81,153,166,72,153
1,<environment.Job instance at 0x7fa9b39a8280>,85,2,[7 2],86,156,158,70,156
1,<environment.Job instance at 0x7fa9b39a80f0>,86,13,[4 9],87,158,171,71,158
1,<environment.Job instance at 0x7fa9b39c5b40>,77,13,[5 4],78,166,179,88,166
1,<environment.Job instance at 0x7fa9b39a8640>,88,16,[10  3],89,171,187,82,171
1,<environment.Job instance at 0x7fa9b39a8f00>,83,17,[ 2 10],84,179,196,95,179
1,<environment.Job instance at 0x7fa9b39a8730>,93,1,[6 4],94,187,188,93,187
1,<environment.Job instance at 0x7fa9b3ba8550>,92,15,[6 1],93,187,202,94,187
1,<environment.Job instance at 0x7fa9b38129b0>,0,3,[1 6],1,1,4,0,1
1,<environment.Job instance at 0x7fa9b3812550>,2,2,[5 5],3,3,5,0,3
1,<environment.Job instance at 0x7fa9b3812b40>,3,1,[7 4],4,4,5,0,4
1,<environment.Job instance at 0x7fa9b3812730>,5,3,[12  3],6,6,9,0,6
1,<environment.Job instance at 0x7fa9b3812820>,6,12,[ 5 14],7,9,21,2,7
1,<environment.Job instance at 0x7fa9b38125a0>,8,3,[5 5],9,21,24,12,9
1,<environment.Job instance at 0x7fa9b3812690>,11,1,[7 4],12,21,22,9,12
1,<environment.Job instance at 0x7fa9b3812dc0>,12,2,[9 2],13,22,24,9,13
1,<environment.Job instance at 0x7fa9b37b0c30>,17,1,[ 2 14],18,24,25,6,18
1,<environment.Job instance at 0x7fa9b37b0b90>,18,2,[7 5],19,25,27,6,19
1,<environment.Job instance at 0x7fa9b37b0b40>,21,2,[ 2 14],22,27,29,5,22
1,<environment.Job instance at 0x7fa9b37b0c80>,23,3,[ 2 11],24,29,32,5,24
1,<environment.Job instance at 0x7fa9b3812f50>,7,14,[7 5],8,32,46,24,24
1,<environment.Job instance at 0x7fa9b37b0a50>,25,2,[12  2],26,29,31,3,27
1,<environment.Job instance at 0x7fa9b37b00a0>,26,14,[ 2 10],27,32,46,5,28
1,<environment.Job instance at 0x7fa9b37b0410>,28,2,[13  3],29,46,48,17,29
1,<environment.Job instance at 0x7fa9b380cb90>,36,3,[3 5],37,48,51,11,37
1,<environment.Job instance at 0x7fa9b380c690>,38,2,[7 2],39,48,50,9,39
1,<environment.Job instance at 0x7fa9b380c780>,32,3,[7 4],33,50,53,17,39
1,<environment.Job instance at 0x7fa9b380c460>,41,2,[4 8],42,48,50,6,42
1,<environment.Job instance at 0x7fa9b380c5f0>,43,3,[7 4],44,51,54,7,44
1,<environment.Job instance at 0x7fa9b380c5a0>,44,1,[3 8],45,53,54,8,45
1,<environment.Job instance at 0x7fa9b380c280>,45,3,[10  2],46,54,57,8,46
1,<environment.Job instance at 0x7fa9b37db690>,47,3,[ 5 11],48,54,57,6,48
1,<environment.Job instance at 0x7fa9b380ca50>,39,20,[5 1],40,57,77,17,50
1,<environment.Job instance at 0x7fa9b37db500>,48,2,[ 2 12],49,57,59,8,50
1,<environment.Job instance at 0x7fa9b37db370>,52,3,[8 4],53,59,62,6,53
1,<environment.Job instance at 0x7fa9b37db960>,50,16,[3 8],51,62,78,11,54
1,<environment.Job instance at 0x7fa9b37dbdc0>,53,15,[5 8],54,78,93,24,64
1,<environment.Job instance at 0x7fa9b37db8c0>,56,16,[6 3],57,72,88,15,72
1,<environment.Job instance at 0x7fa9b37dbfa0>,62,3,[2 7],63,88,91,25,74
1,<environment.Job instance at 0x7fa9b37db0a0>,61,27,[7 4],62,107,134,45,107
1,<environment.Job instance at 0x7fa9b37c26e0>,64,12,[10  3],65,134,146,69,117
1,<environment.Job instance at 0x7fa9b37c21e0>,65,1,[ 1 10],66,120,121,54,120
1,<environment.Job instance at 0x7fa9b37c2e10>,69,3,[9 2],70,146,149,76,120
1,<environment.Job instance at 0x7fa9b37db2d0>,55,2,[10  4],56,149,151,93,134
1,<environment.Job instance at 0x7fa9b37c22d0>,70,16,[10  4],71,151,167,80,138
1,<environment.Job instance at 0x7fa9b3781960>,78,12,[8 5],79,167,179,88,150
1,<environment.Job instance at 0x7fa9b3781af0>,82,2,[1 8],83,153,155,70,153
1,<environment.Job instance at 0x7fa9b3781140>,86,3,[ 5 14],87,179,182,92,153
1,<environment.Job instance at 0x7fa9b377fbe0>,90,12,[ 3 12],91,182,194,91,172
1,<environment.Job instance at 0x7fa9b377feb0>,91,1,[ 3 11],92,194,195,102,183
1,<environment.Job instance at 0x7fa9b377f3c0>,93,2,[6 3],94,183,185,89,183
1,<environment.Job instance at 0x7fa9b377f460>,94,2,[3 8],95,195,197,100,183
1,<environment.Job instance at 0x7fa9b377ff00>,95,12,[ 2 12],96,197,209,101,183
1,<environment.Job instance at 0x7fa9b4cbe460>,0,3,[1 6],1,1,4,0,1
1,<environment.Job instance at 0x7fa9b3b67460>,2,2,[5 5],3,3,5,0,3
1,<environment.Job instance at 0x7fa9b3c35c30>,3,1,[7 4],4,4,5,0,4
1,<environment.Job instance at 0x7fa9b3c35230>,4,16,[10  4],5,5,21,0,5
1,<environment.Job instance at 0x7fa9b3b67cd0>,8,3,[5 5],9,9,12,0,9
1,<environment.Job instance at 0x7fa9b3efe820>,11,1,[7 4],12,21,22,9,21
1,<environment.Job instance at 0x7fa9b462b2d0>,18,2,[7 5],19,21,23,2,21
1,<environment.Job instance at 0x7fa9b3892910>,7,14,[7 5],8,22,36,14,22
1,<environment.Job instance at 0x7fa9b4ce5550>,13,17,[7 2],14,23,40,9,23
1,<environment.Job instance at 0x7fa9b3bab230>,26,14,[ 2 10],27,36,50,9,36
1,<environment.Job instance at 0x7fa9b46c7050>,12,2,[9 2],13,40,42,27,40
1,<environment.Job instance at 0x7fa9b39bc910>,32,3,[7 4],33,42,45,9,42
1,<environment.Job instance at 0x7fa9b39ae640>,33,17,[5 1],34,42,59,8,42
1,<environment.Job instance at 0x7fa9b4936d20>,34,17,[8 4],35,45,62,10,45
1,<environment.Job instance at 0x7fa9b3bab870>,30,14,[ 5 10],31,59,73,28,59
1,<environment.Job instance at 0x7fa9bd366e10>,36,3,[3 5],37,62,65,25,62
1,<environment.Job instance at 0x7fa9b3c95d70>,38,2,[7 2],39,65,67,26,65
1,<environment.Job instance at 0x7fa9b3c95aa0>,37,13,[9 4],38,67,80,29,67
1,<environment.Job instance at 0x7fa9b3ba7f50>,41,2,[4 8],42,73,75,31,73
1,<environment.Job instance at 0x7fa9b39bc8c0>,31,16,[5 9],32,75,91,43,75
1,<environment.Job instance at 0x7fa9b3a91a00>,43,3,[7 4],44,80,83,36,80
1,<environment.Job instance at 0x7fa9b3ba8910>,45,3,[10  2],46,83,86,37,83
1,<environment.Job instance at 0x7fa9b3f88f50>,42,16,[5 5],43,86,102,43,86
1,<environment.Job instance at 0x7fa9b3ba8550>,44,1,[3 8],45,91,92,46,91
1,<environment.Job instance at 0x7fa9b3b61d20>,52,3,[8 4],53,92,95,39,92
1,<environment.Job instance at 0x7fa9b3b61550>,55,2,[10  4],56,95,97,39,95
1,<environment.Job instance at 0x7fa9b3b61460>,53,15,[5 8],54,97,112,43,97
1,<environment.Job instance at 0x7fa9b3b618c0>,57,14,[5 7],58,102,116,44,102
1,<environment.Job instance at 0x7fa9b3b61c80>,50,16,[3 8],51,112,128,61,112
1,<environment.Job instance at 0x7fa9b3b61820>,56,16,[6 3],57,116,132,59,116
1,<environment.Job instance at 0x7fa9b3b22320>,62,3,[2 7],63,128,131,65,128
1,<environment.Job instance at 0x7fa9b38989b0>,65,1,[ 1 10],66,131,132,65,131
1,<environment.Job instance at 0x7fa9b3acc320>,64,12,[10  3],65,132,144,67,132
1,<environment.Job instance at 0x7fa9b3aaef00>,68,13,[5 1],69,132,145,63,132
1,<environment.Job instance at 0x7fa9b3f3c6e0>,69,3,[9 2],70,144,147,74,144
1,<environment.Job instance at 0x7fa9bd39d1e0>,19,17,[4 8],20,145,162,125,145
1,<environment.Job instance at 0x7fa9b39fda50>,67,13,[10  3],68,148,161,80,148
1,<environment.Job instance at 0x7fa9b3f3cfa0>,70,16,[10  4],71,161,177,90,161
1,<environment.Job instance at 0x7fa9b3b619b0>,58,18,[4 7],59,162,180,103,162
1,<environment.Job instance at 0x7fa9b3b25dc0>,78,12,[8 5],79,178,190,99,178
1,<environment.Job instance at 0x7fa9b3b25e10>,82,2,[1 8],83,180,182,97,180
1,<environment.Job instance at 0x7fa9b3bd0410>,83,16,[6 3],84,182,198,98,182
1,<environment.Job instance at 0x7fa9b4247b40>,2,2,[10  5],3,3,5,0,3
1,<environment.Job instance at 0x7fa9b42477d0>,4,15,[7 4],5,5,20,0,5
1,<environment.Job instance at 0x7fa9b4247780>,6,14,[6 2],7,7,21,0,7
1,<environment.Job instance at 0x7fa9b47fe9b0>,8,17,[7 2],9,20,37,11,13
1,<environment.Job instance at 0x7fa9b47fe5f0>,13,12,[6 5],14,21,33,7,14
1,<environment.Job instance at 0x7fa9b47fe280>,14,2,[4 7],15,33,35,18,15
1,<environment.Job instance at 0x7fa9b47fe0a0>,10,28,[2 8],11,80,108,69,80
1,<environment.Job instance at 0x7fa9b3b66f00>,2,2,[10  5],3,3,5,0,3
1,<environment.Job instance at 0x7fa9b3b66780>,4,15,[7 4],5,5,20,0,5
1,<environment.Job instance at 0x7fa9b3b668c0>,6,14,[6 2],7,7,21,0,7
1,<environment.Job instance at 0x7fa9b3e1ea50>,14,2,[4 7],15,20,22,5,20
1,<environment.Job instance at 0x7fa9b3b66a00>,11,18,[5 1],12,20,38,8,20
1,<environment.Job instance at 0x7fa9b3b66af0>,13,12,[6 5],14,21,33,7,21
1,<environment.Job instance at 0x7fa9b49dcc80>,21,3,[5 5],22,33,36,11,33
1,<environment.Job instance at 0x7fa9b3f4ac80>,25,17,[2 9],26,33,50,7,33
1,<environment.Job instance at 0x7fa9b3e1c690>,9,12,[8 1],10,36,48,26,36
1,<environment.Job instance at 0x7fa9b3dba820>,27,13,[6 2],28,48,61,20,48
1,<environment.Job instance at 0x7fa9b3b66320>,8,17,[7 2],9,48,65,39,48
1,<environment.Job instance at 0x7fa9b3dba320>,28,3,[ 1 10],29,50,53,21,50
1,<environment.Job instance at 0x7fa9b3dba960>,31,16,[1 8],32,53,69,21,53
1,<environment.Job instance at 0x7fa9b3dba500>,30,18,[7 1],31,61,79,30,61
1,<environment.Job instance at 0x7fa9b3e6a5f0>,32,13,[3 6],33,65,78,32,65
1,<environment.Job instance at 0x7fa9b3ca9dc0>,39,1,[3 7],40,78,79,38,78
1,<environment.Job instance at 0x7fa9b49dc910>,16,12,[ 4 10],17,79,91,62,79
1,<environment.Job instance at 0x7fa9b3bcf730>,44,15,[9 1],45,79,94,34,79
1,<environment.Job instance at 0x7fa9b3b255f0>,49,14,[3 7],50,91,105,41,91
1,<environment.Job instance at 0x7fa9b3b2c910>,51,3,[5 5],52,94,97,42,94
1,<environment.Job instance at 0x7fa9b3b2cc80>,52,13,[1 5],53,97,110,44,97
1,<environment.Job instance at 0x7fa9b3f4abe0>,26,14,[ 4 10],27,106,120,79,106
1,<environment.Job instance at 0x7fa9b3b25be0>,50,15,[9 4],51,111,126,60,111
1,<environment.Job instance at 0x7fa9b3acc820>,58,16,[4 9],59,120,136,61,120
1,<environment.Job instance at 0x7fa9b3b25960>,48,17,[5 5],49,126,143,77,126
1,<environment.Job instance at 0x7fa9b3b22d20>,61,20,[5 1],62,127,147,65,127
1,<environment.Job instance at 0x7fa9b3b61820>,62,14,[6 5],63,143,157,80,143
1,<environment.Job instance at 0x7fa9b3b618c0>,63,1,[7 2],64,147,148,83,147
1,<environment.Job instance at 0x7fa9b3db9410>,33,18,[ 3 10],34,148,166,114,148
1,<environment.Job instance at 0x7fa9b3b619b0>,64,15,[10  3],65,157,172,92,157
1,<environment.Job instance at 0x7fa9b3aae370>,59,18,[ 2 10],60,167,185,107,167
1,<environment.Job instance at 0x7fa9b3b61d70>,67,13,[9 4],68,172,185,104,172
1,<environment.Job instance at 0x7fa9b3b61c80>,70,15,[4 5],71,186,201,115,186
1,<environment.Job instance at 0x7fa9b3f88f50>,74,3,[6 1],75,186,189,111,186
1,<environment.Job instance at 0x7fa9b3ba8500>,75,16,[4 5],76,186,202,110,186
1,<environment.Job instance at 0x7fa9b3898410>,56,20,[7 1],57,189,209,132,189
1,<environment.Job instance at 0x7fa9b45f4dc0>,3,23,[2 7],4,4,27,0,4
1,<environment.Job instance at 0x7fa9b45f4190>,5,2,[ 1 12],6,27,29,21,6
1,<environment.Job instance at 0x7fa9b45f4be0>,6,13,[1 5],7,7,20,0,7
1,<environment.Job instance at 0x7fa9b45d51e0>,10,14,[9 5],11,29,43,18,14
1,<environment.Job instance at 0x7fa9b45e4550>,23,3,[5 2],24,29,32,5,29
1,<environment.Job instance at 0x7fa9b45e4be0>,24,2,[ 2 14],25,43,45,18,29
1,<environment.Job instance at 0x7fa9b45d5cd0>,17,12,[6 3],18,45,57,27,29
1,<environment.Job instance at 0x7fa9b45f60f0>,28,3,[14  5],29,57,60,28,35
1,<environment.Job instance at 0x7fa9b4cc1aa0>,29,1,[ 3 12],30,45,46,15,35
1,<environment.Job instance at 0x7fa9b3b5d690>,31,2,[5 6],32,36,38,4,36
1,<environment.Job instance at 0x7fa9b45e48c0>,26,1,[4 6],27,38,39,11,36
1,<environment.Job instance at 0x7fa9b45d5050>,15,3,[ 3 14],16,60,63,44,42
1,<environment.Job instance at 0x7fa9b3b5e820>,33,23,[5 1],34,60,83,26,54
1,<environment.Job instance at 0x7fa9b4cb3460>,37,13,[6 3],38,63,76,25,54
1,<environment.Job instance at 0x7fa9b497f640>,38,3,[1 5],39,54,57,15,54
1,<environment.Job instance at 0x7fa9b49854b0>,39,20,[3 8],40,63,83,23,54
1,<environment.Job instance at 0x7fa9b497f280>,41,3,[2 7],42,54,57,12,54
1,<environment.Job instance at 0x7fa9b49827d0>,42,1,[10  4],43,83,84,40,55
1,<environment.Job instance at 0x7fa9b4cca550>,43,3,[3 8],44,83,86,39,57
1,<environment.Job instance at 0x7fa9b4cbad20>,56,3,[ 5 13],57,86,89,29,64
1,<environment.Job instance at 0x7fa9b4cbadc0>,59,3,[ 2 13],60,89,92,29,64
1,<environment.Job instance at 0x7fa9b4cbac80>,60,2,[ 4 12],61,92,94,31,65
1,<environment.Job instance at 0x7fa9b4cd3dc0>,68,14,[5 4],69,94,108,25,79
1,<environment.Job instance at 0x7fa9b4cd3d20>,70,1,[8 5],71,84,85,13,79
1,<environment.Job instance at 0x7fa9b4caa500>,63,17,[8 1],64,85,102,21,80
1,<environment.Job instance at 0x7fa9b45d5c30>,13,18,[9 4],14,102,120,88,92
1,<environment.Job instance at 0x7fa9b4cba3c0>,53,15,[3 8],54,108,123,54,97
1,<environment.Job instance at 0x7fa9b3f741e0>,73,12,[ 4 11],74,123,135,49,113
1,<environment.Job instance at 0x7fa9b4cbacd0>,57,20,[ 2 13],58,135,155,77,127
1,<environment.Job instance at 0x7fa9b3f74730>,79,13,[8 3],80,155,168,75,140
1,<environment.Job instance at 0x7fa9b3f74320>,75,21,[ 1 12],76,155,176,79,147
1,<environment.Job instance at 0x7fa9b3f74640>,81,13,[1 9],82,176,189,94,160
1,<environment.Job instance at 0x7fa9b3f74be0>,86,2,[ 5 13],87,189,191,102,162
1,<environment.Job instance at 0x7fa9b3f74b90>,88,2,[ 1 10],89,191,193,102,164
1,<environment.Job instance at 0x7fa9b3f74f00>,91,1,[9 1],92,168,169,76,164
1,<environment.Job instance at 0x7fa9b3f74fa0>,93,3,[8 2],94,169,172,75,164
1,<environment.Job instance at 0x7fa9b3f9e1e0>,94,3,[11  2],95,172,175,77,164
1,<environment.Job instance at 0x7fa9b3f9e280>,95,3,[14  5],96,176,179,80,164
1,<environment.Job instance at 0x7fa9b3f9e7d0>,103,2,[11  1],104,179,181,75,164
1,<environment.Job instance at 0x7fa9b45f4c30>,0,17,[9 4],1,1,18,0,1
1,<environment.Job instance at 0x7fa9b4cb3f50>,2,18,[4 8],3,3,21,0,3
1,<environment.Job instance at 0x7fa9b4cba7d0>,6,13,[1 5],7,18,31,11,18
1,<environment.Job instance at 0x7fa9b3f7b7d0>,12,13,[5 8],13,21,34,8,21
1,<environment.Job instance at 0x7fa9b4174d70>,17,12,[6 3],18,31,43,13,31
1,<environment.Job instance at 0x7fa9b3f9e3c0>,10,14,[9 5],11,34,48,23,34
1,<environment.Job instance at 0x7fa9b3f7c3c0>,18,15,[ 5 10],19,43,58,24,43
1,<environment.Job instance at 0x7fa9b3f7d0a0>,13,18,[9 4],14,48,66,34,48
1,<environment.Job instance at 0x7fa9b46f1050>,23,3,[5 2],24,58,61,34,58
1,<environment.Job instance at 0x7fa9b42ec690>,26,1,[4 6],27,61,62,34,61
1,<environment.Job instance at 0x7fa9b4cd3af0>,7,15,[ 5 10],8,62,77,54,62
1,<environment.Job instance at 0x7fa9b42ec3c0>,27,18,[9 4],28,66,84,38,66
1,<environment.Job instance at 0x7fa9b42ecfa0>,31,2,[5 6],32,77,79,45,77
1,<environment.Job instance at 0x7fa9b42ec820>,35,13,[5 1],36,79,92,43,79
1,<environment.Job instance at 0x7fa9b427d230>,37,13,[6 3],38,84,97,46,84
1,<environment.Job instance at 0x7fa9b427df00>,38,3,[1 5],39,84,87,45,84
1,<environment.Job instance at 0x7fa9b42f2c80>,41,3,[2 7],42,87,90,45,87
1,<environment.Job instance at 0x7fa9b42ec1e0>,30,16,[2 8],31,90,106,59,90
1,<environment.Job instance at 0x7fa9b42f29b0>,42,1,[10  4],43,97,98,54,97
1,<environment.Job instance at 0x7fa9b42f2820>,44,17,[10  5],45,98,115,53,98
1,<environment.Job instance at 0x7fa9b42f2d70>,43,3,[3 8],44,106,109,62,106
1,<environment.Job instance at 0x7fa9b42f2190>,48,16,[1 5],49,109,125,60,109
1,<environment.Job instance at 0x7fa9b42f2870>,51,13,[9 3],52,115,128,63,115
1,<environment.Job instance at 0x7fa9b42f23c0>,45,17,[3 6],46,115,132,69,115
1,<environment.Job instance at 0x7fa9b42f27d0>,54,13,[6 5],55,128,141,73,128
1,<environment.Job instance at 0x7fa9b42f2eb0>,53,15,[3 8],54,132,147,78,132
1,<environment.Job instance at 0x7fa9b4289cd0>,63,17,[8 1],64,141,158,77,141
1,<environment.Job instance at 0x7fa9b42893c0>,61,16,[2 8],62,147,163,85,147
1,<environment.Job instance at 0x7fa9b4289fa0>,68,14,[5 4],69,158,172,89,158
1,<environment.Job instance at 0x7fa9b42896e0>,70,1,[8 5],71,163,164,92,163
1,<environment.Job instance at 0x7fa9b42b4d70>,79,13,[8 3],80,164,177,84,164
1,<environment.Job instance at 0x7fa9b42b4a50>,81,13,[1 9],82,172,185,90,172
1,<environment.Job instance at 0x7fa9b4289e60>,71,18,[9 3],72,177,195,105,177
1,<environment.Job instance at 0x7fa9b41df6e0>,85,2,[5 5],86,185,187,99,185
1,<environment.Job instance at 0x7fa9b41dfaa0>,83,13,[1 7],84,185,198,101,185
1,<environment.Job instance at 0x7fa9b3bce3c0>,1,3,[ 2 11],2,2,5,0,2
1,<environment.Job instance at 0x7fa9b3bce6e0>,2,16,[5 4],3,3,19,0,3
1,<environment.Job instance at 0x7fa9b3bcee60>,4,3,[6 2],5,5,8,0,5
1,<environment.Job instance at 0x7fa9b3bc16e0>,5,1,[6 3],6,8,9,2,6
1,<environment.Job instance at 0x7fa9b3bc1690>,7,2,[5 4],8,9,11,1,8
1,<environment.Job instance at 0x7fa9b3bc0eb0>,14,16,[6 1],15,15,31,0,15
1,<environment.Job instance at 0x7fa9b3bc0550>,17,18,[1 5],18,18,36,0,18
1,<environment.Job instance at 0x7fa9b3dd0f50>,19,12,[6 3],20,20,32,0,20
1,<environment.Job instance at 0x7fa9b3dd0be0>,20,16,[10  2],21,32,48,11,21
1,<environment.Job instance at 0x7fa9b3dd0fa0>,21,15,[4 8],22,32,47,10,22
1,<environment.Job instance at 0x7fa9b3dd0500>,23,2,[ 1 12],24,47,49,23,26
1,<environment.Job instance at 0x7fa9b3dd03c0>,22,12,[1 8],23,49,61,26,32
1,<environment.Job instance at 0x7fa9b3dd0960>,27,13,[7 5],28,49,62,21,33
1,<environment.Job instance at 0x7fa9b3dd0af0>,25,18,[6 2],26,48,66,22,41
1,<environment.Job instance at 0x7fa9b3dd0410>,24,13,[9 5],25,62,75,37,46
1,<environment.Job instance at 0x7fa9b3dd09b0>,26,14,[ 4 12],27,75,89,48,61
1,<environment.Job instance at 0x7fa9b3dd0280>,33,3,[ 4 11],34,89,92,55,63
1,<environment.Job instance at 0x7fa9b3dd05f0>,34,2,[8 3],35,75,77,40,63
1,<environment.Job instance at 0x7fa9b3bbfa50>,35,3,[2 8],36,66,69,30,63
1,<environment.Job instance at 0x7fa9b3dd0370>,30,15,[7 3],31,77,92,46,67
1,<environment.Job instance at 0x7fa9b3bbfcd0>,36,13,[ 3 13],37,92,105,55,77
1,<environment.Job instance at 0x7fa9b3dd0eb0>,32,19,[11  1],33,92,111,59,86
1,<environment.Job instance at 0x7fa9b3dd05a0>,29,14,[11  5],30,111,125,81,96
1,<environment.Job instance at 0x7fa9b4ade960>,40,13,[3 6],41,105,118,64,96
1,<environment.Job instance at 0x7fa9b4ade1e0>,41,2,[7 5],42,125,127,83,98
1,<environment.Job instance at 0x7fa9b4ade730>,42,1,[14  3],43,127,128,84,99
1,<environment.Job instance at 0x7fa9b4ade5f0>,43,3,[2 8],44,118,121,74,99
1,<environment.Job instance at 0x7fa9b4ade500>,44,3,[ 3 10],45,121,124,76,99
1,<environment.Job instance at 0x7fa9b4ade780>,46,3,[5 3],47,128,131,81,106
1,<environment.Job instance at 0x7fa9b4ade0f0>,52,1,[11  2],53,131,132,78,106
1,<environment.Job instance at 0x7fa9b49333c0>,57,14,[3 8],58,128,142,70,113
1,<environment.Job instance at 0x7fa9b4933050>,61,2,[8 1],62,125,127,63,113
1,<environment.Job instance at 0x7fa9b4933500>,69,2,[7 5],70,132,134,62,116
1,<environment.Job instance at 0x7fa9b4bb1f50>,70,1,[8 3],71,134,135,63,116
1,<environment.Job instance at 0x7fa9b4adee60>,51,2,[2 7],52,135,137,83,119
1,<environment.Job instance at 0x7fa9b4bb15f0>,71,13,[8 3],72,137,150,65,121
1,<environment.Job instance at 0x7fa9b4bb1730>,73,1,[7 1],74,128,129,54,121
1,<environment.Job instance at 0x7fa9b49335f0>,64,12,[7 5],65,142,154,77,127
1,<environment.Job instance at 0x7fa9b4933190>,56,15,[7 1],57,150,165,93,143
1,<environment.Job instance at 0x7fa9b4bb1cd0>,75,23,[ 2 12],76,154,177,78,148
1,<environment.Job instance at 0x7fa9b4bb10a0>,83,3,[ 3 10],84,177,180,93,156
1,<environment.Job instance at 0x7fa9b4bb1b40>,78,1,[12  5],79,177,178,98,157
1,<environment.Job instance at 0x7fa9b4bcc460>,88,2,[8 5],89,178,180,89,157
1,<environment.Job instance at 0x7fa9b4bcc0f0>,89,3,[ 3 11],90,180,183,90,157
1,<environment.Job instance at 0x7fa9b4bcc640>,91,3,[1 6],92,183,186,91,157
1,<environment.Job instance at 0x7fa9b4bcc140>,95,2,[3 9],96,183,185,87,159
1,<environment.Job instance at 0x7fa9b4bccdc0>,93,14,[5 7],94,185,199,91,170
1,<environment.Job instance at 0x7fa9b4bb1230>,85,14,[2 6],86,186,200,100,174
1,<environment.Job instance at 0x7fa9b4bcc370>,102,1,[10  1],103,175,176,72,175
1,<environment.Job instance at 0x7fa9b4bcc500>,101,1,[10  1],102,176,177,74,175
1,<environment.Job instance at 0x7fa9b3de4fa0>,107,13,[7 2],108,185,198,77,176
1,<environment.Job instance at 0x7fa9b3dd0050>,2,16,[5 4],3,3,19,0,3
1,<environment.Job instance at 0x7fa9b4adedc0>,3,17,[ 2 10],4,4,21,0,4
1,<environment.Job instance at 0x7fa9b4933f00>,6,19,[7 1],7,7,26,0,7
1,<environment.Job instance at 0x7fa9b49339b0>,5,1,[6 3],6,19,20,13,19
1,<environment.Job instance at 0x7fa9b4bccd70>,7,2,[5 4],8,20,22,12,20
1,<environment.Job instance at 0x7fa9b4bb12d0>,4,3,[6 2],5,22,25,17,22
1,<environment.Job instance at 0x7fa9b381ea50>,17,18,[1 5],18,22,40,4,22
1,<environment.Job instance at 0x7fa9b381e820>,19,12,[6 3],20,25,37,5,25
1,<environment.Job instance at 0x7fa9b3dec730>,11,14,[5 5],12,26,40,14,26
1,<environment.Job instance at 0x7fa9b4973190>,14,16,[6 1],15,37,53,22,37
1,<environment.Job instance at 0x7fa9b429c050>,22,12,[1 8],23,40,52,17,40
1,<environment.Job instance at 0x7fa9b41df2d0>,25,18,[6 2],26,40,58,14,40
1,<environment.Job instance at 0x7fa9b41dfcd0>,24,13,[9 5],25,53,66,28,53
1,<environment.Job instance at 0x7fa9b3bce2d0>,21,15,[4 8],22,58,73,36,58
1,<environment.Job instance at 0x7fa9b388adc0>,34,2,[8 3],35,66,68,31,66
1,<environment.Job instance at 0x7fa9b41df1e0>,27,13,[7 5],28,68,81,40,68
1,<environment.Job instance at 0x7fa9b453ffa0>,35,3,[2 8],36,73,76,37,73
1,<environment.Job instance at 0x7fa9b3f9e3c0>,40,13,[3 6],41,76,89,35,76
1,<environment.Job instance at 0x7fa9b3f7d140>,41,2,[7 5],42,81,83,39,81
1,<environment.Job instance at 0x7fa9b4caa050>,43,3,[2 8],44,83,86,39,83
1,<environment.Job instance at 0x7fa9b41df910>,30,15,[7 3],31,86,101,55,86
1,<environment.Job instance at 0x7fa9b4cba0f0>,46,3,[5 3],47,86,89,39,86
1,<environment.Job instance at 0x7fa9b3f740f0>,44,3,[ 3 10],45,89,92,44,89
1,<environment.Job instance at 0x7fa9b3b5da00>,49,2,[6 2],50,92,94,42,92
1,<environment.Job instance at 0x7fa9b45d5910>,51,2,[2 7],52,92,94,40,92
1,<environment.Job instance at 0x7fa9b3f7b7d0>,37,15,[8 5],38,94,109,56,94
1,<environment.Job instance at 0x7fa9b3bcb500>,54,16,[4 9],55,101,117,46,101
1,<environment.Job instance at 0x7fa9b4780be0>,53,3,[9 1],54,109,112,55,109
1,<environment.Job instance at 0x7fa9b39d7640>,56,15,[7 1],57,112,127,55,112
1,<environment.Job instance at 0x7fa9b3bb0820>,58,12,[5 9],59,117,129,58,117
1,<environment.Job instance at 0x7fa9b3bce410>,20,16,[10  2],21,127,143,106,127
1,<environment.Job instance at 0x7fa9b3bb0910>,57,14,[3 8],58,129,143,71,129
1,<environment.Job instance at 0x7fa9b3bb0d70>,61,2,[8 1],62,143,145,81,143
1,<environment.Job instance at 0x7fa9b3bb0730>,64,12,[7 5],65,143,155,78,143
1,<environment.Job instance at 0x7fa9b3ad0190>,65,16,[8 4],66,145,161,79,145
1,<environment.Job instance at 0x7fa9b3b01fa0>,69,2,[7 5],70,155,157,85,155
1,<environment.Job instance at 0x7fa9b497fa50>,47,17,[7 4],48,157,174,109,157
1,<environment.Job instance at 0x7fa9b3b01500>,70,1,[8 3],71,161,162,90,161
1,<environment.Job instance at 0x7fa9b3bff640>,71,13,[8 3],72,162,175,90,162
1,<environment.Job instance at 0x7fa9b45d36e0>,73,1,[7 1],74,174,175,100,174
1,<environment.Job instance at 0x7fa9b402a050>,76,14,[9 5],77,175,189,98,175
1,<environment.Job instance at 0x7fa9b3bb0b90>,59,18,[5 9],60,175,193,115,175
1,<environment.Job instance at 0x7fa9b3bff050>,72,17,[8 5],73,189,206,116,189
1,<environment.Job instance at 0x7fa9b42d7410>,0,17,[5 1],1,1,18,0,1
1,<environment.Job instance at 0x7fa9b495be60>,9,15,[7 3],10,10,25,0,10
1,<environment.Job instance at 0x7fa9b495b280>,11,3,[3 9],12,12,15,0,12
1,<environment.Job instance at 0x7fa9b4987960>,18,18,[5 4],19,19,37,0,19
1,<environment.Job instance at 0x7fa9b4987780>,19,14,[8 4],20,25,39,5,20
1,<environment.Job instance at 0x7fa9b4987640>,20,2,[ 2 10],21,37,39,16,21
1,<environment.Job instance at 0x7fa9b49875a0>,21,3,[1 6],22,23,26,1,23
1,<environment.Job instance at 0x7fa9b4991af0>,27,3,[6 1],28,39,42,11,28
1,<environment.Job instance at 0x7fa9b4991a50>,26,19,[2 7],27,39,58,12,29
1,<environment.Job instance at 0x7fa9b3be7870>,29,2,[6 2],30,39,41,9,30
1,<environment.Job instance at 0x7fa9b3be7aa0>,30,22,[5 4],31,41,63,10,35
1,<environment.Job instance at 0x7fa9b4049550>,31,3,[7 2],32,42,45,10,36
1,<environment.Job instance at 0x7fa9b3be7640>,32,13,[5 8],33,58,71,25,44
1,<environment.Job instance at 0x7fa9b4787780>,35,3,[3 7],36,63,66,27,46
1,<environment.Job instance at 0x7fa9b4629140>,46,2,[7 5],47,66,68,19,50
1,<environment.Job instance at 0x7fa9b4770f50>,47,16,[5 6],48,68,84,20,62
1,<environment.Job instance at 0x7fa9b47671e0>,54,14,[5 4],55,71,85,16,63
1,<environment.Job instance at 0x7fa9b477a230>,57,3,[6 1],58,84,87,26,63
1,<environment.Job instance at 0x7fa9b477ad70>,67,12,[10  1],68,131,143,63,131
1,<environment.Job instance at 0x7fa9b477ad20>,66,14,[3 9],67,141,155,74,141
1,<environment.Job instance at 0x7fa9b46163c0>,69,12,[ 1 12],70,155,167,85,142
1,<environment.Job instance at 0x7fa9b4616a00>,73,1,[9 3],74,143,144,69,142
1,<environment.Job instance at 0x7fa9b4616c80>,77,2,[1 8],78,167,169,89,142
1,<environment.Job instance at 0x7fa9b462e460>,89,1,[1 6],90,144,145,54,144
1,<environment.Job instance at 0x7fa9b462e320>,87,12,[ 5 14],88,169,181,81,152
1,<environment.Job instance at 0x7fa9b462e780>,94,3,[7 5],95,181,184,86,158
1,<environment.Job instance at 0x7fa9b462e5a0>,91,13,[1 9],92,181,194,89,165
1,<environment.Job instance at 0x7fa9b462eaa0>,99,13,[1 9],100,194,207,94,178
1,<environment.Job instance at 0x7fa9b462ebe0>,101,3,[2 7],102,207,210,105,181
1,<environment.Job instance at 0x7fa9b3dc85a0>,0,17,[5 1],1,1,18,0,1
1,<environment.Job instance at 0x7fa9b3dc8460>,1,21,[2 6],2,2,23,0,2
1,<environment.Job instance at 0x7fa9b3dc89b0>,5,17,[5 5],6,6,23,0,6
1,<environment.Job instance at 0x7fa9b3de6640>,9,15,[7 3],10,18,33,8,18
1,<environment.Job instance at 0x7fa9b3de6aa0>,7,14,[8 5],8,23,37,15,23
1,<environment.Job instance at 0x7fa9b3de6960>,11,3,[3 9],12,33,36,21,33
1,<environment.Job instance at 0x7fa9b3dcd5a0>,15,16,[2 9],16,36,52,20,36
1,<environment.Job instance at 0x7fa9b3de6460>,6,14,[9 5],7,37,51,30,37
1,<environment.Job instance at 0x7fa9b3dcd870>,19,14,[8 4],20,51,65,31,51
1,<environment.Job instance at 0x7fa9b3dcdf00>,20,2,[ 2 10],21,52,54,31,52
1,<environment.Job instance at 0x7fa9b3dcd230>,21,3,[1 6],22,54,57,32,54
1,<environment.Job instance at 0x7fa9b3de6230>,10,17,[1 5],11,54,71,43,54
1,<environment.Job instance at 0x7fa9b3b4c5f0>,27,3,[6 1],28,57,60,29,57
1,<environment.Job instance at 0x7fa9b4bcac30>,29,2,[6 2],30,60,62,30,60
1,<environment.Job instance at 0x7fa9b3dcd8c0>,18,18,[5 4],19,62,80,43,62
1,<environment.Job instance at 0x7fa9b4996b90>,31,3,[7 2],32,65,68,33,65
1,<environment.Job instance at 0x7fa9b4996e60>,33,13,[5 5],34,68,81,34,68
1,<environment.Job instance at 0x7fa9b401e3c0>,35,3,[3 7],36,80,83,44,80
1,<environment.Job instance at 0x7fa9b45ed7d0>,37,13,[4 8],38,81,94,43,81
1,<environment.Job instance at 0x7fa9b3bffe60>,38,17,[10  1],39,83,100,44,83
1,<environment.Job instance at 0x7fa9b4996140>,32,13,[5 8],33,94,107,61,94
1,<environment.Job instance at 0x7fa9b3bb0a00>,46,2,[7 5],47,100,102,53,100
1,<environment.Job instance at 0x7fa9b3bb0960>,47,16,[5 6],48,102,118,54,102
1,<environment.Job instance at 0x7fa9b45ecd70>,36,17,[7 5],37,107,124,70,107
1,<environment.Job instance at 0x7fa9b3de6b90>,4,18,[ 2 10],5,118,136,113,118
1,<environment.Job instance at 0x7fa9b4cb3f50>,51,13,[9 3],52,124,137,72,124
1,<environment.Job instance at 0x7fa9b3bb0460>,53,14,[ 3 10],54,136,150,82,136
1,<environment.Job instance at 0x7fa9b3f9e3c0>,54,14,[5 4],55,137,151,82,137
1,<environment.Job instance at 0x7fa9b3f7c320>,57,3,[6 1],58,150,153,92,150
1,<environment.Job instance at 0x7fa9b3f745a0>,56,12,[1 9],57,150,162,93,150
1,<environment.Job instance at 0x7fa9b3bb0550>,48,18,[4 5],49,151,169,102,151
1,<environment.Job instance at 0x7fa9b41dfcd0>,67,12,[10  1],68,153,165,85,153
1,<environment.Job instance at 0x7fa9b41df780>,66,14,[3 9],67,166,180,99,166
1,<environment.Job instance at 0x7fa9b3dcdf50>,23,18,[9 3],24,169,187,145,169
1,<environment.Job instance at 0x7fa9b41df190>,71,16,[ 1 10],72,180,196,108,180
1,<environment.Job instance at 0x7fa9b3d7f820>,73,1,[9 3],74,188,189,114,188
1,<environment.Job instance at 0x7fa9b3bcf9b0>,74,12,[9 2],75,189,201,114,189
1,<environment.Job instance at 0x7fa9b4854be0>,5,2,[7 1],6,6,8,0,6
1,<environment.Job instance at 0x7fa9b4854050>,7,23,[2 7],8,8,31,0,8
1,<environment.Job instance at 0x7fa9b48540a0>,9,3,[2 6],10,10,13,0,10
1,<environment.Job instance at 0x7fa9b475da50>,11,2,[10  3],12,13,15,1,12
1,<environment.Job instance at 0x7fa9b48542d0>,12,1,[5 2],13,15,16,2,13
1,<environment.Job instance at 0x7fa9b48548c0>,13,15,[4 7],14,16,31,2,14
1,<environment.Job instance at 0x7fa9b4854280>,15,3,[9 1],16,16,19,0,16
1,<environment.Job instance at 0x7fa9b4854af0>,18,1,[12  3],19,31,32,12,19
1,<environment.Job instance at 0x7fa9b4854dc0>,20,13,[3 9],21,31,44,10,21
1,<environment.Job instance at 0x7fa9b4854eb0>,21,1,[2 5],22,32,33,10,22
1,<environment.Job instance at 0x7fa9b3e1cfa0>,22,13,[3 7],23,44,57,21,29
1,<environment.Job instance at 0x7fa9b3e1c3c0>,23,1,[14  4],24,57,58,33,29
1,<environment.Job instance at 0x7fa9b3e1cd20>,25,1,[1 5],26,33,34,7,29
1,<environment.Job instance at 0x7fa9b3e1c230>,29,2,[3 7],30,67,69,37,67
1,<environment.Job instance at 0x7fa9b3e1c640>,32,14,[6 1],33,67,81,34,67
1,<environment.Job instance at 0x7fa9b4854500>,10,12,[ 4 14],11,69,81,58,67
1,<environment.Job instance at 0x7fa9b3e1cc30>,34,18,[ 5 10],35,81,99,46,70
1,<environment.Job instance at 0x7fa9b3e1c0f0>,41,12,[9 1],42,81,93,39,70
1,<environment.Job instance at 0x7fa9b42e6aa0>,43,1,[5 6],44,99,100,55,71
1,<environment.Job instance at 0x7fa9b42e67d0>,44,23,[10  3],45,93,116,48,90
1,<environment.Job instance at 0x7fa9b3e1c730>,33,16,[3 8],34,100,116,66,90
1,<environment.Job instance at 0x7fa9b42e68c0>,45,15,[ 2 11],46,116,131,70,102
1,<environment.Job instance at 0x7fa9b42e6fa0>,49,13,[5 8],50,131,144,81,116
1,<environment.Job instance at 0x7fa9b42e6f00>,50,18,[6 2],51,130,148,79,130
1,<environment.Job instance at 0x7fa9b42e6050>,51,3,[ 2 10],52,144,147,92,130
1,<environment.Job instance at 0x7fa9b42e60a0>,52,15,[2 5],53,147,162,94,133
1,<environment.Job instance at 0x7fa9b42e6320>,53,13,[2 7],54,147,160,93,133
1,<environment.Job instance at 0x7fa9b42e61e0>,54,22,[8 1],55,148,170,93,148
1,<environment.Job instance at 0x7fa9b42e6eb0>,55,1,[14  3],56,170,171,114,148
1,<environment.Job instance at 0x7fa9b42e6640>,56,14,[11  1],57,171,185,114,156
1,<environment.Job instance at 0x7fa9b3e1c960>,37,21,[1 8],38,160,181,122,159
1,<environment.Job instance at 0x7fa9b42e6d20>,58,18,[14  5],59,185,203,126,175
1,<environment.Job instance at 0x7fa9b4baa230>,1,17,[10  3],2,2,19,0,2
1,<environment.Job instance at 0x7fa9b3dd0d20>,9,3,[2 6],10,10,13,0,10
1,<environment.Job instance at 0x7fa9b4929780>,12,1,[5 2],13,13,14,0,13
1,<environment.Job instance at 0x7fa9b4933f00>,13,15,[4 7],14,14,29,0,14
1,<environment.Job instance at 0x7fa9b4baaf00>,5,2,[7 1],6,19,21,13,19
1,<environment.Job instance at 0x7fa9b3e201e0>,14,22,[3 5],15,19,41,4,19
1,<environment.Job instance at 0x7fa9b4bcc960>,21,1,[2 5],22,29,30,7,29
1,<environment.Job instance at 0x7fa9b3dd0a00>,11,2,[10  3],12,29,31,17,29
1,<environment.Job instance at 0x7fa9bd37ff00>,25,1,[1 5],26,30,31,4,30
1,<environment.Job instance at 0x7fa9b4933b40>,15,3,[9 1],16,31,34,15,31
1,<environment.Job instance at 0x7fa9b3c43c30>,20,13,[3 9],21,31,44,10,31
1,<environment.Job instance at 0x7fa9b43691e0>,28,17,[9 4],29,41,58,12,41
1,<environment.Job instance at 0x7fa9bd33d7d0>,29,2,[3 7],30,44,46,14,44
1,<environment.Job instance at 0x7fa9b4bccaa0>,22,13,[3 7],23,46,59,23,46
1,<environment.Job instance at 0x7fa9b3fe88c0>,32,14,[6 1],33,58,72,25,58
1,<environment.Job instance at 0x7fa9b475fb40>,31,14,[9 5],32,59,73,27,59
1,<environment.Job instance at 0x7fa9b493b7d0>,35,15,[1 8],36,72,87,36,72
1,<environment.Job instance at 0x7fa9b4bcc370>,17,20,[9 5],18,73,93,55,73
1,<environment.Job instance at 0x7fa9b3bb0910>,43,1,[5 6],44,87,88,43,87
1,<environment.Job instance at 0x7fa9bd938be0>,33,16,[3 8],34,88,104,54,88
1,<environment.Job instance at 0x7fa9b3bb0af0>,41,12,[9 1],42,93,105,51,93
1,<environment.Job instance at 0x7fa9b4bcac30>,51,3,[ 2 10],52,104,107,52,104
1,<environment.Job instance at 0x7fa9b4bcae60>,52,15,[2 5],53,105,120,52,105
1,<environment.Job instance at 0x7fa9b3bd8dc0>,49,13,[5 8],50,107,120,57,107
1,<environment.Job instance at 0x7fa9b3bd8eb0>,50,18,[6 2],51,108,126,57,108
1,<environment.Job instance at 0x7fa9b4bca190>,53,13,[2 7],54,121,134,67,121
1,<environment.Job instance at 0x7fa9b3dcdaa0>,57,20,[5 1],58,121,141,63,121
1,<environment.Job instance at 0x7fa9b3dcd8c0>,60,13,[3 7],61,126,139,65,126
1,<environment.Job instance at 0x7fa9b3dcd690>,62,14,[7 4],63,134,148,71,134
1,<environment.Job instance at 0x7fa9b3dcd460>,61,12,[1 8],62,139,151,77,139
1,<environment.Job instance at 0x7fa9b3dcd410>,64,15,[2 7],65,148,163,83,148
1,<environment.Job instance at 0x7fa9b3dcd550>,65,16,[3 5],66,151,167,85,151
1,<environment.Job instance at 0x7fa9b4bca550>,54,22,[8 1],55,151,173,96,151
1,<environment.Job instance at 0x7fa9b3dcd140>,66,17,[2 7],67,163,180,96,163
1,<environment.Job instance at 0x7fa9b3dc8460>,70,15,[7 2],71,173,188,102,173
1,<environment.Job instance at 0x7fa9b4378690>,27,17,[5 9],28,180,197,152,180
1,<environment.Job instance at 0x7fa9b4854b90>,72,16,[9 2],73,188,204,115,188
1,<environment.Job instance at 0x7fa9b35d2b90>,1,1,[ 5 13],2,2,3,0,2
1,<environment.Job instance at 0x7fa9b35d28c0>,5,15,[2 5],6,6,21,0,6
1,<environment.Job instance at 0x7fa9b35d29b0>,6,15,[7 2],7,7,22,0,7
1,<environment.Job instance at 0x7fa9b35d2af0>,8,2,[7 4],9,21,23,12,9
1,<environment.Job instance at 0x7fa9b35c9280>,14,2,[ 2 10],15,22,24,7,15
1,<environment.Job instance at 0x7fa9b35c9f00>,18,14,[4 5],19,23,37,4,19
1,<environment.Job instance at 0x7fa9b35c9690>,19,13,[ 2 12],20,37,50,17,21
1,<environment.Job instance at 0x7fa9b39b7690>,3,18,[2 5],4,4,22,0,4
1,<environment.Job instance at 0x7fa9b368c230>,4,18,[ 2 10],5,5,23,0,5
1,<environment.Job instance at 0x7fa9b39bab40>,8,2,[7 4],9,22,24,13,22
1,<environment.Job instance at 0x7fa9b39ed3c0>,14,2,[ 2 10],15,23,25,8,23
1,<environment.Job instance at 0x7fa9b39e88c0>,18,14,[4 5],19,24,38,5,24
1,<environment.Job instance at 0x7fa9b4793280>,5,15,[2 5],6,25,40,19,25
1,<environment.Job instance at 0x7fa9b39b75f0>,6,15,[7 2],7,25,40,18,25
1,<environment.Job instance at 0x7fa9b39d0d70>,25,1,[6 4],26,38,39,12,38
1,<environment.Job instance at 0x7fa9b39e96e0>,26,13,[5 2],27,39,52,12,39
1,<environment.Job instance at 0x7fa9b39d0be0>,29,14,[1 7],30,40,54,10,40
1,<environment.Job instance at 0x7fa9b39d0c80>,28,15,[9 5],29,40,55,11,40
1,<environment.Job instance at 0x7fa9b3dbc140>,33,3,[6 4],34,54,57,20,54
1,<environment.Job instance at 0x7fa9b3dbcf00>,34,13,[9 1],35,55,68,20,55
1,<environment.Job instance at 0x7fa9b4106230>,36,12,[1 7],37,57,69,20,57
1,<environment.Job instance at 0x7fa9b410e280>,38,2,[5 3],39,57,59,18,57
1,<environment.Job instance at 0x7fa9b410ecd0>,39,13,[5 6],40,59,72,19,59
1,<environment.Job instance at 0x7fa9b39cc5f0>,24,17,[2 8],25,69,86,44,69
1,<environment.Job instance at 0x7fa9b410ed70>,42,15,[8 4],43,72,87,29,72
1,<environment.Job instance at 0x7fa9b39d01e0>,27,17,[2 8],28,87,104,59,87
1,<environment.Job instance at 0x7fa9b41246e0>,49,17,[6 1],50,87,104,37,87
1,<environment.Job instance at 0x7fa9b3dbceb0>,35,18,[3 9],36,105,123,69,105
1,<environment.Job instance at 0x7fa9b41241e0>,51,15,[8 2],52,105,120,53,105
1,<environment.Job instance at 0x7fa9b39a4460>,53,3,[8 3],54,120,123,66,120
1,<environment.Job instance at 0x7fa9b4af3280>,54,18,[6 1],55,123,141,68,123
1,<environment.Job instance at 0x7fa9b39c9460>,55,18,[8 3],56,123,141,67,123
1,<environment.Job instance at 0x7fa9b39e8820>,21,18,[1 7],22,123,141,101,123
1,<environment.Job instance at 0x7fa9b371bcd0>,57,12,[3 5],58,141,153,83,141
1,<environment.Job instance at 0x7fa9b392e2d0>,56,13,[9 5],57,141,154,84,141
1,<environment.Job instance at 0x7fa9b4036960>,59,14,[6 1],60,153,167,93,153
1,<environment.Job instance at 0x7fa9b406aa50>,62,3,[5 6],63,154,157,91,154
1,<environment.Job instance at 0x7fa9b47b5af0>,61,17,[3 8],62,154,171,92,154
1,<environment.Job instance at 0x7fa9b42d46e0>,63,3,[9 3],64,167,170,103,167
1,<environment.Job instance at 0x7fa9b3c7ef50>,66,14,[9 3],67,170,184,103,170
1,<environment.Job instance at 0x7fa9b3c77500>,65,13,[ 1 10],66,171,184,105,171
1,<environment.Job instance at 0x7fa9b42f5d20>,68,15,[8 4],69,184,199,115,184
1,<environment.Job instance at 0x7fa9b45ad870>,70,15,[3 9],71,184,199,113,184
1,<environment.Job instance at 0x7fa9b475ccd0>,1,14,[7 5],2,2,16,0,2
1,<environment.Job instance at 0x7fa9b475c820>,2,1,[2 6],3,3,4,0,3
1,<environment.Job instance at 0x7fa9b475c870>,10,14,[4 6],11,11,25,0,11
1,<environment.Job instance at 0x7fa9b47dc500>,12,13,[5 9],13,16,29,3,13
1,<environment.Job instance at 0x7fa9b47dc410>,15,15,[5 1],16,25,40,9,16
1,<environment.Job instance at 0x7fa9b47dcfa0>,16,12,[2 7],17,29,41,12,17
1,<environment.Job instance at 0x7fa9b47dc2d0>,22,15,[2 6],23,29,44,6,23
1,<environment.Job instance at 0x7fa9b47dc280>,26,16,[7 1],27,40,56,13,27
1,<environment.Job instance at 0x7fa9b47dcdc0>,13,13,[ 4 13],14,44,57,30,31
1,<environment.Job instance at 0x7fa9b45d33c0>,36,2,[4 6],37,57,59,20,45
1,<environment.Job instance at 0x7fa9b45d3640>,39,3,[ 2 11],40,59,62,19,45
1,<environment.Job instance at 0x7fa9b45d3cd0>,45,12,[5 1],46,56,68,10,46
1,<environment.Job instance at 0x7fa9b45d3e10>,46,1,[5 8],47,57,58,10,47
1,<environment.Job instance at 0x7fa9b45d3690>,40,13,[6 5],41,62,75,21,49
1,<environment.Job instance at 0x7fa9b42cc140>,49,1,[8 4],50,68,69,18,50
1,<environment.Job instance at 0x7fa9b45d3af0>,48,15,[6 1],49,69,84,20,55
1,<environment.Job instance at 0x7fa9b45d35a0>,38,14,[3 8],39,69,83,30,56
1,<environment.Job instance at 0x7fa9b42cc780>,52,1,[7 2],53,83,84,30,67
1,<environment.Job instance at 0x7fa9b42cc820>,50,12,[6 1],51,84,96,33,73
1,<environment.Job instance at 0x7fa9b42cc5f0>,56,1,[6 2],57,75,76,18,73
1,<environment.Job instance at 0x7fa9b42cc370>,54,12,[ 4 10],55,84,96,29,82
1,<environment.Job instance at 0x7fa9b45d3be0>,41,16,[14  5],42,96,112,54,83
1,<environment.Job instance at 0x7fa9b42cc500>,57,2,[ 5 11],58,112,114,54,90
1,<environment.Job instance at 0x7fa9b3fe2550>,72,1,[7 5],73,114,115,41,98
1,<environment.Job instance at 0x7fa9b3fe25a0>,74,2,[1 8],75,98,100,23,98
1,<environment.Job instance at 0x7fa9b4590be0>,82,1,[ 3 10],83,114,115,31,98
1,<environment.Job instance at 0x7fa9b4590640>,83,2,[10  3],84,112,114,28,98
1,<environment.Job instance at 0x7fa9b42cc410>,60,2,[ 4 14],61,115,117,54,106
1,<environment.Job instance at 0x7fa9b4590c80>,88,1,[12  4],89,117,118,28,106
1,<environment.Job instance at 0x7fa9b4590690>,92,1,[9 3],93,118,119,25,106
1,<environment.Job instance at 0x7fa9b3db7370>,0,18,[1 9],1,1,19,0,1
1,<environment.Job instance at 0x7fa9b3db7910>,1,14,[7 5],2,2,16,0,2
1,<environment.Job instance at 0x7fa9b3db7550>,2,1,[2 6],3,16,17,13,16
1,<environment.Job instance at 0x7fa9b3db7eb0>,4,14,[8 5],5,17,31,12,17
1,<environment.Job instance at 0x7fa9b3db7d20>,12,13,[5 9],13,19,32,6,19
1,<environment.Job instance at 0x7fa9b3db71e0>,10,14,[4 6],11,31,45,20,31
1,<environment.Job instance at 0x7fa9b3db7280>,16,12,[2 7],17,32,44,15,32
1,<environment.Job instance at 0x7fa9cbb8b1e0>,15,15,[5 1],16,32,47,16,32
1,<environment.Job instance at 0x7fa9b3dc03c0>,19,17,[1 8],20,44,61,24,44
1,<environment.Job instance at 0x7fa9b3dc0550>,22,15,[2 6],23,45,60,22,45
1,<environment.Job instance at 0x7fa9b3db7a00>,3,15,[10  2],4,60,75,56,60
1,<environment.Job instance at 0x7fa9b3db7dc0>,7,13,[5 9],8,61,74,53,61
1,<environment.Job instance at 0x7fa9b3dc0410>,27,17,[3 8],28,74,91,46,74
1,<environment.Job instance at 0x7fa9b4af3280>,30,13,[8 4],31,75,88,44,75
1,<environment.Job instance at 0x7fa9b3dc00f0>,26,16,[7 1],27,88,104,61,88
1,<environment.Job instance at 0x7fa9b39d0230>,33,17,[5 1],34,88,105,54,88
1,<environment.Job instance at 0x7fa9b45ad870>,25,17,[ 2 10],26,91,108,65,91
1,<environment.Job instance at 0x7fa9b45a3190>,35,15,[9 5],36,105,120,69,105
1,<environment.Job instance at 0x7fa9b39d0280>,36,2,[4 6],37,108,110,71,108
1,<environment.Job instance at 0x7fa9bd6c78c0>,40,13,[6 5],41,110,123,69,110
1,<environment.Job instance at 0x7fa9b4793280>,38,14,[3 8],39,120,134,81,120
1,<environment.Job instance at 0x7fa9b3d8c460>,45,12,[5 1],46,120,132,74,120
1,<environment.Job instance at 0x7fa9b3db7690>,9,17,[7 5],10,123,140,113,123
1,<environment.Job instance at 0x7fa9b39c6730>,46,1,[5 8],47,134,135,87,134
1,<environment.Job instance at 0x7fa9b39c6960>,48,15,[6 1],49,135,150,86,135
1,<environment.Job instance at 0x7fa9b4d42230>,49,1,[8 4],50,140,141,90,140
1,<environment.Job instance at 0x7fa9b39c6870>,50,12,[6 1],51,141,153,90,141
1,<environment.Job instance at 0x7fa9b39c6550>,52,1,[7 2],53,150,151,97,150
1,<environment.Job instance at 0x7fa9b39ba140>,54,12,[ 4 10],55,151,163,96,151
1,<environment.Job instance at 0x7fa9b39ba050>,56,1,[6 2],57,153,154,96,153
1,<environment.Job instance at 0x7fa9b39ba1e0>,59,14,[8 5],60,154,168,94,154
1,<environment.Job instance at 0x7fa9b38b3870>,44,17,[5 7],45,163,180,118,163
1,<environment.Job instance at 0x7fa9b3dea410>,64,12,[9 4],65,168,180,103,168
1,<environment.Job instance at 0x7fa9b3deaa50>,68,12,[3 5],69,180,192,111,180
1,<environment.Job instance at 0x7fa9b3dead70>,72,1,[7 5],73,180,181,107,180
1,<environment.Job instance at 0x7fa9b3deaeb0>,66,12,[3 5],67,180,192,113,180
1,<environment.Job instance at 0x7fa9b3c75be0>,29,17,[9 2],30,181,198,151,181
1,<environment.Job instance at 0x7fa9b496d230>,1,14,[1 9],2,2,16,0,2
1,<environment.Job instance at 0x7fa9b3db7fa0>,4,3,[5 7],5,16,19,11,5
1,<environment.Job instance at 0x7fa9b496d410>,11,3,[5 6],12,12,15,0,12
1,<environment.Job instance at 0x7fa9b496d500>,12,17,[5 2],13,15,32,2,13
1,<environment.Job instance at 0x7fa9b496dbe0>,16,2,[6 5],17,19,21,2,17
1,<environment.Job instance at 0x7fa9b34547d0>,22,13,[7 3],23,23,36,0,23
1,<environment.Job instance at 0x7fa9b3454cd0>,24,13,[5 8],25,32,45,7,25
1,<environment.Job instance at 0x7fa9b3454b40>,29,2,[8 1],30,36,38,6,33
1,<environment.Job instance at 0x7fa9b34540a0>,30,3,[ 5 14],31,45,48,14,33
1,<environment.Job instance at 0x7fa9b4991a50>,33,17,[7 2],34,48,65,14,39
1,<environment.Job instance at 0x7fa9b4991320>,34,18,[1 8],35,48,66,13,39
1,<environment.Job instance at 0x7fa9b4991460>,36,23,[9 5],37,65,88,28,60
1,<environment.Job instance at 0x7fa9b423c140>,0,17,[5 7],1,1,18,0,1
1,<environment.Job instance at 0x7fa9b423c280>,3,15,[9 4],4,4,19,0,4
1,<environment.Job instance at 0x7fa9b3eed9b0>,4,3,[5 7],5,18,21,13,18
1,<environment.Job instance at 0x7fa9b39e97d0>,11,3,[5 6],12,19,22,7,19
1,<environment.Job instance at 0x7fa9b39e9690>,12,17,[5 2],13,19,36,6,19
1,<environment.Job instance at 0x7fa9b39c9320>,8,17,[1 6],9,21,38,12,21
1,<environment.Job instance at 0x7fa9b39c9410>,7,17,[9 3],8,22,39,14,22
1,<environment.Job instance at 0x7fa9b3eb4eb0>,15,18,[1 5],16,36,54,20,36
1,<environment.Job instance at 0x7fa9b3eb4910>,16,2,[6 5],17,39,41,22,39
1,<environment.Job instance at 0x7fa9b3eb42d0>,17,17,[8 2],18,39,56,21,39
1,<environment.Job instance at 0x7fa9b4124be0>,24,13,[5 8],25,41,54,16,41
1,<environment.Job instance at 0x7fa9b39eda00>,22,13,[7 3],23,54,67,31,54
1,<environment.Job instance at 0x7fa9b45b2730>,29,2,[8 1],30,56,58,26,56
1,<environment.Job instance at 0x7fa9b4180370>,1,14,[1 9],2,59,73,57,59
1,<environment.Job instance at 0x7fa9b4038d20>,33,17,[7 2],34,59,76,25,59
1,<environment.Job instance at 0x7fa9b4588d20>,19,16,[4 7],20,73,89,53,73
1,<environment.Job instance at 0x7fa9b39c9460>,9,12,[10  1],10,76,88,66,76
1,<environment.Job instance at 0x7fa9b4038320>,34,18,[1 8],35,88,106,53,88
1,<environment.Job instance at 0x7fa9b39b0820>,41,20,[10  5],42,90,110,48,90
1,<environment.Job instance at 0x7fa9b39b0d70>,45,16,[4 6],46,106,122,60,106
1,<environment.Job instance at 0x7fa9b399c5a0>,42,18,[1 6],43,111,129,68,111
1,<environment.Job instance at 0x7fa9b39b0190>,46,20,[8 2],47,111,131,64,111
1,<environment.Job instance at 0x7fa9b40386e0>,32,20,[2 7],33,122,142,89,122
1,<environment.Job instance at 0x7fa9b39b73c0>,52,18,[3 6],53,129,147,76,129
1,<environment.Job instance at 0x7fa9b39b7910>,53,12,[5 6],54,144,156,90,144
1,<environment.Job instance at 0x7fa9b39a5050>,37,18,[1 8],38,148,166,110,148
1,<environment.Job instance at 0x7fa9b39b4e10>,60,21,[7 1],61,149,170,88,149
1,<environment.Job instance at 0x7fa9b39e89b0>,62,16,[7 1],63,156,172,93,156
1,<environment.Job instance at 0x7fa9b39b4eb0>,59,20,[1 6],60,166,186,106,166
1,<environment.Job instance at 0x7fa9b39e8910>,63,13,[6 5],64,170,183,106,170
1,<environment.Job instance at 0x7fa9b39e8140>,68,15,[5 4],69,172,187,103,172
1,<environment.Job instance at 0x7fa9b4c222d0>,69,17,[7 5],70,183,200,113,183
1,<environment.Job instance at 0x7fa9b35b9500>,72,13,[1 8],73,187,200,114,187
1,<environment.Job instance at 0x7fa9bd54b190>,6,15,[3 8],7,7,22,0,7
1,<environment.Job instance at 0x7fa9bd54b0a0>,8,17,[3 5],9,11,28,2,11
1,<environment.Job instance at 0x7fa9b43e8140>,12,3,[5 5],13,22,25,9,13
1,<environment.Job instance at 0x7fa9b43e8af0>,13,15,[5 1],14,14,29,0,14
1,<environment.Job instance at 0x7fa9bd54bd20>,10,13,[2 8],11,25,38,14,15
1,<environment.Job instance at 0x7fa9b43e8870>,16,17,[4 6],17,28,45,11,24
1,<environment.Job instance at 0x7fa9b43e8b90>,19,24,[7 1],20,31,55,11,31
1,<environment.Job instance at 0x7fa9b4180690>,20,2,[5 1],21,45,47,24,37
1,<environment.Job instance at 0x7fa9b4180820>,21,2,[ 2 12],22,45,47,23,37
1,<environment.Job instance at 0x7fa9bd54bfa0>,9,26,[1 5],10,47,73,37,47
1,<environment.Job instance at 0x7fa9b41807d0>,23,17,[ 1 10],24,55,72,31,49
1,<environment.Job instance at 0x7fa9b41809b0>,22,13,[ 3 11],23,73,86,50,70
1,<environment.Job instance at 0x7fa9b41800a0>,24,14,[5 4],25,72,86,47,70
1,<environment.Job instance at 0x7fa9b4180320>,25,15,[7 5],26,86,101,60,72
1,<environment.Job instance at 0x7fa9b4180870>,27,15,[5 5],28,86,101,58,82
1,<environment.Job instance at 0x7fa9bd54b910>,15,12,[ 4 13],16,101,113,85,84
1,<environment.Job instance at 0x7fa9b4180780>,29,12,[3 7],30,113,125,83,96
1,<environment.Job instance at 0x7fa9b41804b0>,30,2,[12  4],31,113,115,82,96
1,<environment.Job instance at 0x7fa9b4180f50>,35,14,[7 2],36,115,129,79,101
1,<environment.Job instance at 0x7fa9b4180f00>,32,2,[12  3],33,129,131,96,104
1,<environment.Job instance at 0x7fa9b347e690>,55,2,[ 1 12],56,125,127,69,104
1,<environment.Job instance at 0x7fa9b347e280>,58,1,[5 7],59,127,128,68,104
1,<environment.Job instance at 0x7fa9b347e910>,53,2,[6 2],54,107,109,53,107
1,<environment.Job instance at 0x7fa9b347ee60>,66,3,[10  5],67,131,134,64,107
1,<environment.Job instance at 0x7fa9b347efa0>,64,13,[2 6],65,127,140,62,111
1,<environment.Job instance at 0x7fa9b3f837d0>,76,12,[3 9],77,134,146,57,120
1,<environment.Job instance at 0x7fa9b3f834b0>,77,2,[2 7],78,146,148,68,120
1,<environment.Job instance at 0x7fa9b38f3140>,84,14,[6 5],85,140,154,55,126
1,<environment.Job instance at 0x7fa9b3a89410>,87,2,[8 4],88,148,150,60,129
1,<environment.Job instance at 0x7fa9b3e24eb0>,90,3,[ 3 10],91,150,153,59,130
1,<environment.Job instance at 0x7fa9b48d0460>,1,15,[10  2],2,2,17,0,2
1,<environment.Job instance at 0x7fa9b493ca50>,6,15,[3 8],7,7,22,0,7
1,<environment.Job instance at 0x7fa9b494bf00>,12,3,[5 5],13,17,20,4,17
1,<environment.Job instance at 0x7fa9b494b690>,13,15,[5 1],14,17,32,3,17
1,<environment.Job instance at 0x7fa9b4943e60>,8,17,[3 5],9,20,37,11,20
1,<environment.Job instance at 0x7fa9b491e8c0>,20,2,[5 1],21,22,24,1,22
1,<environment.Job instance at 0x7fa9b469cd70>,10,13,[2 8],11,22,35,11,22
1,<environment.Job instance at 0x7fa9b4925af0>,24,14,[5 4],25,35,49,10,35
1,<environment.Job instance at 0x7fa9b35be640>,27,15,[5 5],28,35,50,7,35
1,<environment.Job instance at 0x7fa9b494b5a0>,16,17,[4 6],17,37,54,20,37
1,<environment.Job instance at 0x7fa9b35e2280>,29,12,[3 7],30,50,62,20,50
1,<environment.Job instance at 0x7fa9b35e15a0>,17,15,[10  5],18,54,69,36,54
1,<environment.Job instance at 0x7fa9b35e20a0>,33,16,[2 8],34,62,78,28,62
1,<environment.Job instance at 0x7fa9b35e2a50>,34,12,[3 6],35,69,81,34,69
1,<environment.Job instance at 0x7fa9b35d3af0>,35,14,[7 2],36,78,92,42,78
1,<environment.Job instance at 0x7fa9b4925820>,25,15,[7 5],26,81,96,55,81
1,<environment.Job instance at 0x7fa9b4925a50>,23,17,[ 1 10],24,92,109,68,92
1,<environment.Job instance at 0x7fa9b493f280>,42,12,[6 3],43,96,108,53,96
1,<environment.Job instance at 0x7fa9b35d3aa0>,37,13,[10  2],38,108,121,70,108
1,<environment.Job instance at 0x7fa9b493f6e0>,41,16,[1 9],42,109,125,67,109
1,<environment.Job instance at 0x7fa9b49d3550>,46,13,[10  2],47,121,134,74,121
1,<environment.Job instance at 0x7fa9b493fc80>,43,16,[5 3],44,125,141,81,125
1,<environment.Job instance at 0x7fa9b35afb40>,48,1,[1 8],49,134,135,85,134
1,<environment.Job instance at 0x7fa9b35e2230>,28,17,[9 4],29,134,151,105,134
1,<environment.Job instance at 0x7fa9b35c2690>,53,2,[6 2],54,141,143,87,141
1,<environment.Job instance at 0x7fa9b382ee60>,56,18,[6 5],57,143,161,86,143
1,<environment.Job instance at 0x7fa9b468ab40>,58,1,[5 7],59,151,152,92,151
1,<environment.Job instance at 0x7fa9b3d5eaa0>,54,14,[7 4],55,152,166,97,152
1,<environment.Job instance at 0x7fa9b41d9c80>,64,13,[2 6],65,161,174,96,161
1,<environment.Job instance at 0x7fa9b46b81e0>,66,3,[10  5],67,166,169,99,166
1,<environment.Job instance at 0x7fa9b35af780>,47,13,[10  1],48,169,182,121,169
1,<environment.Job instance at 0x7fa9b49d3780>,45,18,[2 8],46,169,187,123,169
1,<environment.Job instance at 0x7fa9b49e20a0>,68,14,[5 6],69,182,196,113,182
1,<environment.Job instance at 0x7fa9b4d0c460>,76,12,[3 9],77,187,199,110,187
1,<environment.Job instance at 0x7fa9b38fdaf0>,0,12,[5 9],1,1,13,0,1
1,<environment.Job instance at 0x7fa9b38fd410>,1,12,[ 4 10],2,13,25,11,2
1,<environment.Job instance at 0x7fa9b4492e60>,2,2,[4 9],3,25,27,22,3
1,<environment.Job instance at 0x7fa9b4492730>,5,1,[1 8],6,27,28,21,6
1,<environment.Job instance at 0x7fa9b4492b40>,10,3,[2 9],11,28,31,17,11
1,<environment.Job instance at 0x7fa9b4492230>,13,2,[1 6],14,25,27,11,14
1,<environment.Job instance at 0x7fa9b4492cd0>,19,3,[13  1],20,27,30,7,20
1,<environment.Job instance at 0x7fa9b3bc1640>,23,2,[9 5],24,30,32,6,24
1,<environment.Job instance at 0x7fa9b3bc1d20>,25,3,[13  4],26,32,35,6,26
1,<environment.Job instance at 0x7fa9b38fdd20>,7,13,[8 4],8,35,48,27,28
1,<environment.Job instance at 0x7fa9b3bc10a0>,29,3,[10  3],30,48,51,18,30
1,<environment.Job instance at 0x7fa9b3bc1410>,30,2,[ 1 14],31,51,53,20,31
1,<environment.Job instance at 0x7fa9b3bc1550>,31,2,[6 2],32,35,37,3,32
1,<environment.Job instance at 0x7fa9b3bc1500>,32,1,[3 9],33,37,38,4,33
1,<environment.Job instance at 0x7fa9b47d0410>,37,3,[8 5],38,53,56,15,38
1,<environment.Job instance at 0x7fa9b44928c0>,8,3,[13  5],9,56,59,47,40
1,<environment.Job instance at 0x7fa9b47d04b0>,40,3,[8 3],41,59,62,18,41
1,<environment.Job instance at 0x7fa9b47d0af0>,45,12,[6 4],46,59,71,13,46
1,<environment.Job instance at 0x7fa9b47d0870>,46,14,[ 2 11],47,62,76,15,48
1,<environment.Job instance at 0x7fa9b47d0280>,47,2,[2 7],48,57,59,9,57
1,<environment.Job instance at 0x7fa9b3909d20>,54,2,[4 5],55,76,78,21,58
1,<environment.Job instance at 0x7fa9b3909280>,55,2,[ 1 10],56,76,78,20,58
1,<environment.Job instance at 0x7fa9b443c320>,0,12,[5 9],1,1,13,0,1
1,<environment.Job instance at 0x7fa9b443c410>,7,13,[8 4],8,8,21,0,8
1,<environment.Job instance at 0x7fa9b4437550>,5,1,[1 8],6,13,14,7,13
1,<environment.Job instance at 0x7fa9b4437640>,2,2,[4 9],3,14,16,11,14
1,<environment.Job instance at 0x7fa9b4773f00>,13,2,[1 6],14,16,18,2,16
1,<environment.Job instance at 0x7fa9b3bc7320>,11,15,[6 4],12,16,31,4,16
1,<environment.Job instance at 0x7fa9b48d0460>,10,3,[2 9],11,21,24,10,21
1,<environment.Job instance at 0x7fa9b3b8a730>,1,12,[ 4 10],2,24,36,22,24
1,<environment.Job instance at 0x7fa9b4cc4140>,21,16,[5 1],22,24,40,2,24
1,<environment.Job instance at 0x7fa9b4d56870>,23,2,[9 5],24,36,38,12,36
1,<environment.Job instance at 0x7fa9b35eb960>,31,2,[6 2],32,38,40,6,38
1,<environment.Job instance at 0x7fa9b4b436e0>,32,1,[3 9],33,38,39,5,38
1,<environment.Job instance at 0x7fa9b410e3c0>,4,18,[3 7],5,39,57,34,39
1,<environment.Job instance at 0x7fa9b4863f00>,29,3,[10  3],30,40,43,10,40
1,<environment.Job instance at 0x7fa9b3e2c780>,37,3,[8 5],38,43,46,5,43
1,<environment.Job instance at 0x7fa9b3e4f960>,33,17,[9 4],34,46,63,12,46
1,<environment.Job instance at 0x7fa9b3aa8550>,34,14,[3 9],35,57,71,22,57
1,<environment.Job instance at 0x7fa9b3a709b0>,40,3,[8 3],41,63,66,22,63
1,<environment.Job instance at 0x7fa9b3aac870>,39,13,[8 3],40,66,79,26,66
1,<environment.Job instance at 0x7fa9b4d06050>,45,12,[6 4],46,71,83,25,71
1,<environment.Job instance at 0x7fa9b39b7fa0>,47,2,[2 7],48,79,81,31,79
1,<environment.Job instance at 0x7fa9b39b7370>,48,16,[9 1],49,81,97,32,81
1,<environment.Job instance at 0x7fa9b34c97d0>,20,17,[5 8],21,83,100,62,83
1,<environment.Job instance at 0x7fa9b49e2780>,52,14,[7 1],53,97,111,44,97
1,<environment.Job instance at 0x7fa9b49e24b0>,54,2,[4 5],55,100,102,45,100
1,<environment.Job instance at 0x7fa9b4cc4280>,17,18,[3 8],18,100,118,82,100
1,<environment.Job instance at 0x7fa9b4d06e60>,44,14,[10  2],45,111,125,66,111
1,<environment.Job instance at 0x7fa9b4d1c550>,61,1,[2 5],62,111,112,49,111
1,<environment.Job instance at 0x7fa9b3df7c30>,55,2,[ 1 10],56,118,120,62,118
1,<environment.Job instance at 0x7fa9b4d1cb40>,62,15,[ 3 10],63,120,135,57,120
1,<environment.Job instance at 0x7fa9b4d1c7d0>,66,2,[7 5],67,125,127,58,125
1,<environment.Job instance at 0x7fa9b4cd14b0>,38,17,[10  5],39,127,144,88,127
1,<environment.Job instance at 0x7fa9b4873910>,68,1,[3 8],69,135,136,66,135
1,<environment.Job instance at 0x7fa9b4873780>,69,2,[4 7],70,136,138,66,136
1,<environment.Job instance at 0x7fa9b41d2a50>,70,14,[4 9],71,138,152,67,138
1,<environment.Job instance at 0x7fa9b48985a0>,75,2,[4 5],76,144,146,68,144
1,<environment.Job instance at 0x7fa9b48a4820>,78,12,[9 2],79,146,158,67,146
1,<environment.Job instance at 0x7fa9b3e2a140>,60,18,[6 4],61,152,170,91,152
1,<environment.Job instance at 0x7fa9b44c2f50>,82,13,[5 5],83,159,172,76,159
1,<environment.Job instance at 0x7fa9b49b27d0>,88,3,[5 1],89,170,173,81,170
1,<environment.Job instance at 0x7fa9b49b2a50>,91,18,[1 7],92,170,188,78,170
1,<environment.Job instance at 0x7fa9b49b2410>,93,12,[5 4],94,172,184,78,172
1,<environment.Job instance at 0x7fa9b48c51e0>,73,17,[7 2],74,173,190,99,173
1,<environment.Job instance at 0x7fa9b49b2aa0>,94,17,[1 6],95,184,201,89,184
1,<environment.Job instance at 0x7fa9b49e29b0>,53,18,[6 3],54,188,206,134,188
1,<environment.Job instance at 0x7fa9b40c35f0>,5,2,[2 5],6,6,8,0,6
1,<environment.Job instance at 0x7fa9b3eb4dc0>,6,2,[3 9],7,7,9,0,7
1,<environment.Job instance at 0x7fa9b3eb4780>,8,2,[7 3],9,9,11,0,9
1,<environment.Job instance at 0x7fa9b3eb4910>,10,1,[6 2],11,11,12,0,11
1,<environment.Job instance at 0x7fa9b3eb4be0>,14,1,[6 3],15,15,16,0,15
1,<environment.Job instance at 0x7fa9b35d83c0>,15,18,[8 2],16,16,34,0,16
1,<environment.Job instance at 0x7fa9b35d8f00>,18,2,[1 7],19,19,21,0,19
1,<environment.Job instance at 0x7fa9b35d8230>,19,14,[5 5],20,20,34,0,20
1,<environment.Job instance at 0x7fa9b35d85f0>,20,2,[10  3],21,34,36,13,21
1,<environment.Job instance at 0x7fa9b35d82d0>,23,3,[4 6],24,34,37,10,24
1,<environment.Job instance at 0x7fa9b35d8c30>,26,3,[1 8],27,27,30,0,27
1,<environment.Job instance at 0x7fa9b35d8960>,28,1,[3 6],29,36,37,7,29
1,<environment.Job instance at 0x7fa9b35d8a00>,29,1,[5 2],30,36,37,6,31
1,<environment.Job instance at 0x7fa9b3c72820>,31,14,[6 2],32,37,51,5,32
1,<environment.Job instance at 0x7fa9b3c720a0>,32,1,[9 2],33,37,38,4,33
1,<environment.Job instance at 0x7fa9b3c72960>,33,13,[5 3],34,38,51,4,34
1,<environment.Job instance at 0x7fa9b3c72dc0>,34,1,[8 5],35,51,52,16,35
1,<environment.Job instance at 0x7fa9b3fdaa00>,38,2,[5 7],39,51,53,12,39
1,<environment.Job instance at 0x7fa9b4236190>,42,17,[7 4],43,52,69,9,46
1,<environment.Job instance at 0x7fa9b42366e0>,43,13,[ 2 11],44,53,66,9,50
1,<environment.Job instance at 0x7fa9b4236550>,45,1,[10  1],46,69,70,23,54
1,<environment.Job instance at 0x7fa9b42364b0>,47,20,[1 9],48,180,200,132,180
1,<environment.Job instance at 0x7fa9b4a4f4b0>,0,17,[8 5],1,1,18,0,1
1,<environment.Job instance at 0x7fa9b4afeaa0>,5,2,[2 5],6,6,8,0,6
1,<environment.Job instance at 0x7fa9b42a4050>,6,2,[3 9],7,8,10,1,8
1,<environment.Job instance at 0x7fa9b4525370>,8,2,[7 3],9,10,12,1,10
1,<environment.Job instance at 0x7fa9b3db7a00>,10,1,[6 2],11,12,13,1,12
1,<environment.Job instance at 0x7fa9b427fb90>,11,17,[2 8],12,13,30,1,13
1,<environment.Job instance at 0x7fa9b4729960>,14,1,[6 3],15,18,19,3,18
1,<environment.Job instance at 0x7fa9b49bc870>,3,15,[10  5],4,19,34,15,19
1,<environment.Job instance at 0x7fa9bd390b90>,18,2,[1 7],19,30,32,11,30
1,<environment.Job instance at 0x7fa9b4470aa0>,19,14,[5 5],20,32,46,12,32
1,<environment.Job instance at 0x7fa9b4470910>,20,2,[10  3],21,34,36,13,34
1,<environment.Job instance at 0x7fa9b4470a50>,17,15,[4 8],18,36,51,18,36
1,<environment.Job instance at 0x7fa9bd39acd0>,23,3,[4 6],24,46,49,22,46
1,<environment.Job instance at 0x7fa9bd39a320>,21,17,[2 5],22,49,66,27,49
1,<environment.Job instance at 0x7fa9b4918820>,15,18,[8 2],16,49,67,33,49
1,<environment.Job instance at 0x7fa9b4434e10>,26,3,[1 8],27,51,54,24,51
1,<environment.Job instance at 0x7fa9b3455870>,28,1,[3 6],29,54,55,25,54
1,<environment.Job instance at 0x7fa9b3455b90>,29,1,[5 2],30,55,56,25,55
1,<environment.Job instance at 0x7fa9b4729eb0>,12,18,[5 5],13,56,74,43,56
1,<environment.Job instance at 0x7fa9b4b38b90>,32,1,[9 2],33,67,68,34,67
1,<environment.Job instance at 0x7fa9b4b38690>,33,13,[5 3],34,68,81,34,68
1,<environment.Job instance at 0x7fa9bd6b5fa0>,34,1,[8 5],35,74,75,39,74
1,<environment.Job instance at 0x7fa9b4d1cb40>,38,2,[5 7],39,75,77,36,75
1,<environment.Job instance at 0x7fa9b3bd9140>,31,14,[6 2],32,77,91,45,77
1,<environment.Job instance at 0x7fa9b4918d20>,16,16,[ 1 10],17,77,93,60,77
1,<environment.Job instance at 0x7fa9b3e2ee10>,45,1,[10  1],46,91,92,45,91
1,<environment.Job instance at 0x7fa9b3455c30>,27,17,[7 4],28,92,109,64,92
1,<environment.Job instance at 0x7fa9b3a70960>,52,12,[1 5],53,93,105,40,93
1,<environment.Job instance at 0x7fa9b3e2ca50>,54,14,[5 6],55,93,107,38,93
1,<environment.Job instance at 0x7fa9b3df7e60>,49,13,[ 4 10],50,107,120,57,107
1,<environment.Job instance at 0x7fa9b4d1c050>,42,17,[7 4],43,109,126,66,109
1,<environment.Job instance at 0x7fa9b43f3aa0>,61,13,[ 1 10],62,120,133,58,120
1,<environment.Job instance at 0x7fa9b495d320>,64,2,[10  5],65,126,128,61,126
1,<environment.Job instance at 0x7fa9b3e6e370>,65,15,[5 5],66,128,143,62,128
1,<environment.Job instance at 0x7fa9b4cc4230>,67,16,[ 1 10],68,133,149,65,133
1,<environment.Job instance at 0x7fa9b4434820>,24,18,[8 4],25,144,162,119,144
1,<environment.Job instance at 0x7fa9b4d06690>,58,16,[3 6],59,150,166,91,150
1,<environment.Job instance at 0x7fa9b4cc40a0>,72,2,[5 9],73,162,164,89,162
1,<environment.Job instance at 0x7fa9b4d56e60>,63,17,[5 6],64,164,181,100,164
1,<environment.Job instance at 0x7fa9b3c16050>,71,19,[5 3],72,164,183,92,164
1,<environment.Job instance at 0x7fa9b410e3c0>,75,18,[5 2],76,166,184,90,166
1,<environment.Job instance at 0x7fa9b3a89f00>,76,15,[2 6],77,181,196,104,181
1,<environment.Job instance at 0x7fa9b4cc4730>,69,19,[5 2],70,183,202,113,183
1,<environment.Job instance at 0x7fa9b3448190>,0,21,[1 7],1,1,22,0,1
1,<environment.Job instance at 0x7fa9b3439a50>,2,12,[3 5],3,3,15,0,3
1,<environment.Job instance at 0x7fa9b3439d70>,9,2,[2 7],10,15,17,5,11
1,<environment.Job instance at 0x7fa9b35023c0>,12,2,[14  4],13,17,19,4,13
1,<environment.Job instance at 0x7fa9b4389f50>,11,13,[3 5],12,19,32,7,14
1,<environment.Job instance at 0x7fa9b346a370>,14,12,[7 5],15,22,34,7,15
1,<environment.Job instance at 0x7fa9b346ab40>,17,15,[12  1],18,34,49,16,23
1,<environment.Job instance at 0x7fa9b346a4b0>,20,12,[14  1],21,49,61,28,32
1,<environment.Job instance at 0x7fa9b346a3c0>,21,3,[4 9],22,61,64,39,35
1,<environment.Job instance at 0x7fa9bd39c820>,18,13,[12  3],19,64,77,45,48
1,<environment.Job instance at 0x7fa9b346a1e0>,24,27,[1 6],25,49,76,24,49
1,<environment.Job instance at 0x7fa9bd944410>,31,15,[1 9],32,76,91,44,63
1,<environment.Job instance at 0x7fa9b3f09c30>,34,1,[ 1 13],35,91,92,56,64
1,<environment.Job instance at 0x7fa9b3efeb40>,40,1,[3 8],41,92,93,51,64
1,<environment.Job instance at 0x7fa9b3efe410>,41,2,[ 3 11],42,93,95,51,66
1,<environment.Job instance at 0x7fa9b3f0a690>,28,2,[1 6],29,68,70,39,68
1,<environment.Job instance at 0x7fa9b3efeb90>,42,3,[ 4 14],43,95,98,52,69
1,<environment.Job instance at 0x7fa9b3f09d70>,39,2,[ 2 13],40,98,100,58,71
1,<environment.Job instance at 0x7fa9b3efea00>,48,3,[10  1],49,77,80,28,73
1,<environment.Job instance at 0x7fa9b3efe2d0>,49,2,[1 8],50,100,102,50,74
1,<environment.Job instance at 0x7fa9b3cff910>,0,21,[1 7],1,1,22,0,1
1,<environment.Job instance at 0x7fa9b3d9cd20>,2,12,[3 5],3,3,15,0,3
1,<environment.Job instance at 0x7fa9b3d2d370>,9,2,[2 7],10,15,17,5,15
1,<environment.Job instance at 0x7fa9b3cee370>,14,12,[7 5],15,17,29,2,17
1,<environment.Job instance at 0x7fa9b4b13af0>,21,3,[4 9],22,22,25,0,22
1,<environment.Job instance at 0x7fa9b3649280>,19,13,[2 9],20,25,38,5,25
1,<environment.Job instance at 0x7fa9b3cf49b0>,28,2,[1 6],29,29,31,0,29
1,<environment.Job instance at 0x7fa9b3af37d0>,11,13,[3 5],12,31,44,19,31
1,<environment.Job instance at 0x7fa9b3b9f460>,31,15,[1 9],32,38,53,6,38
1,<environment.Job instance at 0x7fa9b3cf4b90>,26,17,[9 5],27,44,61,17,44
1,<environment.Job instance at 0x7fa9b3a81280>,40,1,[3 8],41,54,55,13,54
1,<environment.Job instance at 0x7fa9b3b12d70>,4,18,[5 4],5,55,73,50,55
1,<environment.Job instance at 0x7fa9b4cb85a0>,48,3,[10  1],49,61,64,12,61
1,<environment.Job instance at 0x7fa9b4cb8550>,49,2,[1 8],50,64,66,14,64
1,<environment.Job instance at 0x7fa9b4cb6640>,50,19,[7 3],51,65,84,14,65
1,<environment.Job instance at 0x7fa9b3b1f1e0>,16,18,[3 6],17,66,84,49,66
1,<environment.Job instance at 0x7fa9b4cab4b0>,47,14,[5 6],48,73,87,25,73
1,<environment.Job instance at 0x7fa9b3a8c320>,45,18,[10  2],46,84,102,38,84
1,<environment.Job instance at 0x7fa9b4cadd70>,56,1,[ 3 10],57,87,88,30,87
1,<environment.Job instance at 0x7fa9b4cbf640>,62,16,[ 2 10],63,88,104,25,88
1,<environment.Job instance at 0x7fa9b3d0c460>,66,13,[5 1],67,102,115,35,102
1,<environment.Job instance at 0x7fa9b3d0c820>,64,3,[4 6],65,104,107,39,104
1,<environment.Job instance at 0x7fa9b3b87a50>,67,15,[3 5],68,105,120,37,105
1,<environment.Job instance at 0x7fa9b4cbfe60>,60,18,[3 9],61,107,125,46,107
1,<environment.Job instance at 0x7fa9b3b875f0>,69,21,[4 6],70,120,141,50,120
1,<environment.Job instance at 0x7fa9b3cf5aa0>,73,15,[7 2],74,125,140,51,125
1,<environment.Job instance at 0x7fa9b3cf5730>,74,17,[7 4],75,140,157,65,140
1,<environment.Job instance at 0x7fa9b3b87050>,70,3,[ 5 10],71,141,144,70,141
1,<environment.Job instance at 0x7fa9b3cf5e10>,76,1,[5 3],77,144,145,67,144
1,<environment.Job instance at 0x7fa9b4cadeb0>,55,18,[3 8],56,144,162,88,144
1,<environment.Job instance at 0x7fa9b3cf5500>,75,12,[9 3],76,157,169,81,157
1,<environment.Job instance at 0x7fa9b4cd8320>,79,1,[ 5 10],80,162,163,82,162
1,<environment.Job instance at 0x7fa9b3cf5b40>,78,2,[4 8],79,164,166,85,164
1,<environment.Job instance at 0x7fa9b3cf5eb0>,71,15,[ 2 10],72,166,181,94,166
1,<environment.Job instance at 0x7fa9b4cd8550>,80,1,[9 2],81,169,170,88,169
1,<environment.Job instance at 0x7fa9b4caf7d0>,84,1,[7 5],85,170,171,85,170
1,<environment.Job instance at 0x7fa9b3b522d0>,83,1,[8 5],84,171,172,87,171
1,<environment.Job instance at 0x7fa9b4caf690>,85,3,[5 5],86,172,175,86,172
1,<environment.Job instance at 0x7fa9b3b52d20>,82,12,[9 5],83,175,187,92,175
1,<environment.Job instance at 0x7fa9b4cdd7d0>,87,14,[3 5],88,181,195,93,181
1,<environment.Job instance at 0x7fa9b4cddc30>,90,20,[3 5],91,182,202,91,182
1,<environment.Job instance at 0x7fa9b3b4fa00>,91,14,[5 1],92,187,201,95,187
1,<environment.Job instance at 0x7fa9b3a98dc0>,1,22,[5 1],2,2,24,0,2
1,<environment.Job instance at 0x7fa9b3a98960>,3,13,[5 8],4,4,17,0,4
1,<environment.Job instance at 0x7fa9b3a98730>,4,1,[ 1 13],5,17,18,12,5
1,<environment.Job instance at 0x7fa9b3a98b90>,9,2,[9 3],10,18,20,8,10
1,<environment.Job instance at 0x7fa9b3a98be0>,12,2,[14  2],13,24,26,11,13
1,<environment.Job instance at 0x7fa9b3a98d20>,14,3,[14  1],15,26,29,11,15
1,<environment.Job instance at 0x7fa9b3b87550>,18,2,[ 3 10],19,20,22,1,19
1,<environment.Job instance at 0x7fa9b3b87c80>,21,2,[2 5],22,22,24,0,22
1,<environment.Job instance at 0x7fa9b3b87af0>,22,14,[7 5],23,29,43,6,23
1,<environment.Job instance at 0x7fa9b3b870a0>,26,2,[2 7],27,29,31,2,28
1,<environment.Job instance at 0x7fa9b3b87780>,24,14,[6 3],25,29,43,4,29
1,<environment.Job instance at 0x7fa9b3a98f50>,25,16,[8 2],26,43,59,17,41
1,<environment.Job instance at 0x7fa9b36458c0>,30,25,[5 5],31,43,68,12,43
1,<environment.Job instance at 0x7fa9b3645820>,31,15,[3 5],32,123,138,91,123
1,<environment.Job instance at 0x7fa9b3b395f0>,1,22,[5 1],2,2,24,0,2
1,<environment.Job instance at 0x7fa9b41dfd20>,3,13,[5 8],4,4,17,0,4
1,<environment.Job instance at 0x7fa9b41ae370>,10,21,[5 6],11,11,32,0,11
1,<environment.Job instance at 0x7fa9b3657640>,17,15,[3 5],18,18,33,0,18
1,<environment.Job instance at 0x7fa9b3657c80>,18,2,[ 3 10],19,32,34,13,32
1,<environment.Job instance at 0x7fa9b3657be0>,21,2,[2 5],22,33,35,11,33
1,<environment.Job instance at 0x7fa9b41ae1e0>,9,2,[9 3],10,34,36,24,34
1,<environment.Job instance at 0x7fa9b36573c0>,24,14,[6 3],25,35,49,10,35
1,<environment.Job instance at 0x7fa9b3b30320>,26,2,[2 7],27,36,38,9,36
1,<environment.Job instance at 0x7fa9b3657460>,22,14,[7 5],23,36,50,13,36
1,<environment.Job instance at 0x7fa9b3b6ca00>,28,13,[4 5],29,49,62,20,49
1,<environment.Job instance at 0x7fa9b3b2eb90>,31,15,[3 5],32,49,64,17,49
1,<environment.Job instance at 0x7fa9b3b301e0>,25,16,[8 2],26,50,66,24,50
1,<environment.Job instance at 0x7fa9b3b2e0f0>,32,3,[4 8],33,62,65,29,62
1,<environment.Job instance at 0x7fa9b4cb8500>,38,2,[7 4],39,65,67,26,65
1,<environment.Job instance at 0x7fa9b3663500>,40,3,[4 8],41,66,69,25,66
1,<environment.Job instance at 0x7fa9b4cabe10>,41,14,[6 2],42,67,81,25,67
1,<environment.Job instance at 0x7fa9b4cad410>,35,17,[5 5],36,67,84,31,67
1,<environment.Job instance at 0x7fa9b3a98780>,46,13,[3 8],47,69,82,22,69
1,<environment.Job instance at 0x7fa9b3a987d0>,47,14,[ 2 10],48,82,96,34,82
1,<environment.Job instance at 0x7fa9b3a980a0>,48,16,[5 5],49,84,100,35,84
1,<environment.Job instance at 0x7fa9b3a52960>,45,15,[ 3 10],46,96,111,50,96
1,<environment.Job instance at 0x7fa9b4cdd550>,55,1,[6 4],56,100,101,44,100
1,<environment.Job instance at 0x7fa9b3b87370>,52,16,[5 1],53,100,116,47,100
1,<environment.Job instance at 0x7fa9b4cdd780>,57,2,[8 3],58,111,113,53,111
1,<environment.Job instance at 0x7fa9b4cdd7d0>,61,3,[7 4],62,113,116,51,113
1,<environment.Job instance at 0x7fa9b4cdd230>,56,3,[9 2],57,116,119,59,116
1,<environment.Job instance at 0x7fa9b4cddd20>,63,14,[5 3],64,116,130,52,116
1,<environment.Job instance at 0x7fa9b3b42820>,64,2,[10  4],65,119,121,54,119
1,<environment.Job instance at 0x7fa9b3645230>,65,16,[1 7],66,121,137,55,121
1,<environment.Job instance at 0x7fa9b3b42730>,66,15,[7 1],67,121,136,54,121
1,<environment.Job instance at 0x7fa9b3b42e60>,62,18,[7 3],63,130,148,67,130
1,<environment.Job instance at 0x7fa9b44d9460>,70,2,[2 8],71,137,139,66,137
1,<environment.Job instance at 0x7fa9b3cee460>,68,3,[2 8],69,139,142,70,139
1,<environment.Job instance at 0x7fa9b4cb6640>,73,13,[5 2],74,139,152,65,139
1,<environment.Job instance at 0x7fa9b4cb6370>,74,2,[2 9],75,142,144,67,142
1,<environment.Job instance at 0x7fa9b40d9550>,76,13,[9 5],77,148,161,71,148
1,<environment.Job instance at 0x7fa9b447af00>,81,1,[ 1 10],82,152,153,70,152
1,<environment.Job instance at 0x7fa9b41b7c80>,82,2,[1 5],83,153,155,70,153
1,<environment.Job instance at 0x7fa9b3b876e0>,49,16,[4 8],50,155,171,105,155
1,<environment.Job instance at 0x7fa9b44f7820>,79,17,[9 2],80,161,178,81,161
1,<environment.Job instance at 0x7fa9b4469050>,85,14,[5 8],86,171,185,85,171
1,<environment.Job instance at 0x7fa9b4a471e0>,86,1,[7 2],87,179,180,92,179
1,<environment.Job instance at 0x7fa9b4cf39b0>,89,1,[8 2],90,180,181,90,180
1,<environment.Job instance at 0x7fa9b446b8c0>,91,14,[9 1],92,181,195,89,181
1,<environment.Job instance at 0x7fa9b34c6d70>,92,17,[2 7],93,185,202,92,185
1,<environment.Job instance at 0x7fa9b3abdaa0>,1,15,[4 7],2,2,17,0,2
1,<environment.Job instance at 0x7fa9b466cbe0>,6,12,[6 3],7,7,19,0,7
1,<environment.Job instance at 0x7fa9b466cc80>,7,3,[9 1],8,17,20,9,8
1,<environment.Job instance at 0x7fa9b466ce10>,8,2,[10  1],9,20,22,11,9
1,<environment.Job instance at 0x7fa9b414a190>,17,1,[ 2 14],18,19,20,1,19
1,<environment.Job instance at 0x7fa9b466cfa0>,13,13,[5 6],14,20,33,6,20
1,<environment.Job instance at 0x7fa9b414a550>,19,15,[11  2],20,33,48,13,21
1,<environment.Job instance at 0x7fa9b414a870>,22,1,[ 3 14],23,48,49,25,23
1,<environment.Job instance at 0x7fa9b414aa00>,25,1,[11  3],26,49,50,23,33
1,<environment.Job instance at 0x7fa9b414af50>,33,12,[2 8],34,36,48,2,36
1,<environment.Job instance at 0x7fa9b414ae10>,32,17,[ 2 10],33,49,66,16,43
1,<environment.Job instance at 0x7fa9b4146140>,35,23,[10  1],36,50,73,14,47
1,<environment.Job instance at 0x7fa9b414a410>,18,22,[2 9],19,66,88,47,64
1,<environment.Job instance at 0x7fa9b41463c0>,36,14,[5 8],37,88,102,51,83
1,<environment.Job instance at 0x7fa9b3b4fc30>,0,17,[2 7],1,1,18,0,1
1,<environment.Job instance at 0x7fa9b3b4f9b0>,1,15,[4 7],2,2,17,0,2
1,<environment.Job instance at 0x7fa9b4cd8320>,7,3,[9 1],8,8,11,0,8
1,<environment.Job instance at 0x7fa9b3ade2d0>,8,2,[10  1],9,17,19,8,17
1,<environment.Job instance at 0x7fa9b3b58960>,13,13,[5 6],14,18,31,4,18
1,<environment.Job instance at 0x7fa9b4cd8f00>,6,12,[6 3],7,19,31,12,19
1,<environment.Job instance at 0x7fa9b4cd42d0>,23,17,[ 5 10],24,31,48,7,31
1,<environment.Job instance at 0x7fa9b3b34aa0>,24,15,[5 6],25,48,63,23,48
1,<environment.Job instance at 0x7fa9b3fb3d20>,30,17,[10  3],31,48,65,17,48
1,<environment.Job instance at 0x7fa9b3b33730>,32,17,[ 2 10],33,63,80,30,63
1,<environment.Job instance at 0x7fa9b3b33e10>,33,12,[2 8],34,80,92,46,80
1,<environment.Job instance at 0x7fa9b3b4f050>,2,21,[2 7],3,80,101,77,80
1,<environment.Job instance at 0x7fa9b3b33f50>,36,14,[5 8],37,92,106,55,92
1,<environment.Job instance at 0x7fa9b3fec6e0>,39,15,[5 2],40,101,116,61,101
1,<environment.Job instance at 0x7fa9b41d7b40>,41,1,[3 5],42,101,102,59,101
1,<environment.Job instance at 0x7fa9b41d7e60>,43,1,[3 8],44,106,107,62,106
1,<environment.Job instance at 0x7fa9b3fd7910>,44,16,[6 1],45,106,122,61,106
1,<environment.Job instance at 0x7fa9b3fecd20>,40,16,[ 1 10],41,107,123,66,107
1,<environment.Job instance at 0x7fa9b3706f50>,48,1,[7 5],49,122,123,73,122
1,<environment.Job instance at 0x7fa9b3706460>,50,15,[6 2],51,123,138,72,123
1,<environment.Job instance at 0x7fa9b37069b0>,51,1,[3 8],52,123,124,71,123
1,<environment.Job instance at 0x7fa9b3ae4550>,46,17,[5 8],47,124,141,77,124
1,<environment.Job instance at 0x7fa9b40bf9b0>,55,17,[8 2],56,138,155,82,138
1,<environment.Job instance at 0x7fa9b4036870>,58,16,[ 1 10],59,141,157,82,141
1,<environment.Job instance at 0x7fa9b4480e60>,60,16,[6 4],61,155,171,94,155
1,<environment.Job instance at 0x7fa9b4480af0>,65,15,[7 5],66,157,172,91,157
1,<environment.Job instance at 0x7fa9b46d3910>,66,1,[8 3],67,171,172,104,171
1,<environment.Job instance at 0x7fa9b46d3780>,71,17,[10  5],72,172,189,100,172
1,<environment.Job instance at 0x7fa9b46d3730>,72,13,[1 5],73,172,185,99,172
1,<environment.Job instance at 0x7fa9b46d3fa0>,76,2,[ 5 10],77,185,187,108,185
1,<environment.Job instance at 0x7fa9b4cd8550>,4,18,[2 8],5,187,205,182,187
1,<environment.Job instance at 0x7fa9b3fc6fa0>,78,16,[10  1],79,189,205,110,189
1,<environment.Job instance at 0x7fa9b37166e0>,1,12,[4 8],2,2,14,0,2
1,<environment.Job instance at 0x7fa9b3c96410>,3,13,[2 9],4,14,27,10,4
1,<environment.Job instance at 0x7fa9b3b56820>,7,16,[7 5],8,15,31,7,15
1,<environment.Job instance at 0x7fa9b4939be0>,11,16,[ 2 10],12,27,43,15,15
1,<environment.Job instance at 0x7fa9b49397d0>,15,3,[7 5],16,31,34,15,16
1,<environment.Job instance at 0x7fa9b47e2690>,17,3,[6 4],18,34,37,16,18
1,<environment.Job instance at 0x7fa9b466cd20>,0,18,[4 9],1,1,19,0,1
1,<environment.Job instance at 0x7fa9b414afa0>,7,16,[7 5],8,8,24,0,8
1,<environment.Job instance at 0x7fa9b466c8c0>,1,12,[4 8],2,19,31,17,19
1,<environment.Job instance at 0x7fa9b4146aa0>,8,15,[5 6],9,24,39,15,24
1,<environment.Job instance at 0x7fa9b3b395f0>,12,17,[5 1],13,24,41,11,24
1,<environment.Job instance at 0x7fa9b4146230>,6,17,[2 8],7,31,48,24,31
1,<environment.Job instance at 0x7fa9b41ae230>,17,3,[6 4],18,39,42,21,39
1,<environment.Job instance at 0x7fa9b41df780>,15,3,[7 5],16,42,45,26,42
1,<environment.Job instance at 0x7fa9b41ae500>,21,14,[5 1],22,42,56,20,42
1,<environment.Job instance at 0x7fa9b41ae0a0>,22,3,[2 7],23,48,51,25,48
1,<environment.Job instance at 0x7fa9b465ed20>,3,13,[2 9],4,51,64,47,51
1,<environment.Job instance at 0x7fa9b3b30460>,25,2,[3 5],26,51,53,25,51
1,<environment.Job instance at 0x7fa9b41df3c0>,14,16,[9 1],15,56,72,41,56
1,<environment.Job instance at 0x7fa9b3b301e0>,26,3,[2 8],27,64,67,37,64
1,<environment.Job instance at 0x7fa9b41ae3c0>,19,14,[1 8],20,67,81,47,67
1,<environment.Job instance at 0x7fa9b3b35fa0>,27,12,[10  4],28,72,84,44,72
1,<environment.Job instance at 0x7fa9b3fcefa0>,11,16,[ 2 10],12,81,97,69,81
1,<environment.Job instance at 0x7fa9b4cb85a0>,37,12,[9 2],38,84,96,46,84
1,<environment.Job instance at 0x7fa9b4cad410>,33,16,[7 4],34,96,112,62,96
1,<environment.Job instance at 0x7fa9b3580be0>,42,13,[8 1],43,97,110,54,97
1,<environment.Job instance at 0x7fa9b3b87460>,44,1,[ 4 10],45,110,111,65,110
1,<environment.Job instance at 0x7fa9b3b6ca00>,28,17,[4 7],29,111,128,82,111
1,<environment.Job instance at 0x7fa9b3649280>,45,17,[9 3],46,112,129,66,112
1,<environment.Job instance at 0x7fa9b4cdd820>,49,3,[5 6],50,128,131,78,128
1,<environment.Job instance at 0x7fa9b3b42780>,52,15,[1 9],53,129,144,76,129
1,<environment.Job instance at 0x7fa9b3b6c7d0>,30,18,[7 1],31,131,149,100,131
1,<environment.Job instance at 0x7fa9bd935b90>,59,2,[2 8],60,144,146,84,144
1,<environment.Job instance at 0x7fa9b3cee460>,57,3,[ 2 10],58,146,149,88,146
1,<environment.Job instance at 0x7fa9b3cafbe0>,61,1,[9 2],62,149,150,87,149
1,<environment.Job instance at 0x7fa9b3b42820>,53,17,[4 9],54,149,166,95,149
1,<environment.Job instance at 0x7fa9b4469050>,66,18,[5 6],67,151,169,84,151
1,<environment.Job instance at 0x7fa9b46d3fa0>,75,12,[5 9],76,166,178,90,166
1,<environment.Job instance at 0x7fa9b46d31e0>,77,12,[6 3],78,169,181,91,169
1,<environment.Job instance at 0x7fa9b46d3aa0>,78,3,[3 9],79,178,181,99,178
1,<environment.Job instance at 0x7fa9b46d3550>,79,14,[4 7],80,181,195,101,181
1,<environment.Job instance at 0x7fa9b46d3eb0>,80,2,[10  5],81,181,183,100,181
1,<environment.Job instance at 0x7fa9b46d33c0>,81,2,[7 5],82,183,185,101,183
1,<environment.Job instance at 0x7fa9b46d34b0>,82,13,[2 5],83,185,198,102,185
1,<environment.Job instance at 0x7fa9b4099230>,4,1,[2 7],5,5,6,0,5
1,<environment.Job instance at 0x7fa9b40ad0f0>,7,14,[7 3],8,8,22,0,8
1,<environment.Job instance at 0x7fa9b40ad320>,8,3,[3 6],9,9,12,0,9
1,<environment.Job instance at 0x7fa9b40ad190>,12,14,[7 4],13,16,30,3,16
1,<environment.Job instance at 0x7fa9b40ade60>,15,18,[7 1],16,22,40,6,19
1,<environment.Job instance at 0x7fa9b40ad9b0>,16,2,[ 2 12],17,36,38,19,36
1,<environment.Job instance at 0x7fa9b40ad4b0>,17,13,[ 2 10],18,38,51,20,36
1,<environment.Job instance at 0x7fa9b408b7d0>,18,12,[4 5],19,42,54,23,42
1,<environment.Job instance at 0x7fa9b33bb0f0>,19,15,[4 6],20,51,66,31,48
1,<environment.Job instance at 0x7fa9b408b870>,20,18,[ 1 10],21,66,84,45,59
1,<environment.Job instance at 0x7fa9b40adaf0>,13,13,[14  3],14,66,79,52,61
1,<environment.Job instance at 0x7fa9b33bb500>,21,19,[5 3],22,79,98,57,69
1,<environment.Job instance at 0x7fa9b33bb9b0>,23,25,[7 3],24,84,109,60,81
1,<environment.Job instance at 0x7fa9b40ad7d0>,14,14,[ 2 10],15,98,112,83,84
1,<environment.Job instance at 0x7fa9b40add70>,10,19,[12  3],11,109,128,98,102
1,<environment.Job instance at 0x7fa9b33bbc30>,26,15,[3 9],27,112,127,85,102
1,<environment.Job instance at 0x7fa9b33bba00>,24,23,[11  3],25,181,204,156,181
1,<environment.Job instance at 0x7fa9b3f96be0>,1,22,[9 3],2,2,24,0,2
1,<environment.Job instance at 0x7fa9b49b1230>,4,1,[2 7],5,5,6,0,5
1,<environment.Job instance at 0x7fa9b49b1e10>,8,3,[3 6],9,9,12,0,9
1,<environment.Job instance at 0x7fa9b49b1c30>,14,14,[ 2 10],15,15,29,0,15
1,<environment.Job instance at 0x7fa9b3fb3fa0>,18,12,[4 5],19,24,36,5,24
1,<environment.Job instance at 0x7fa9b3fb3d20>,17,13,[ 2 10],18,29,42,11,29
1,<environment.Job instance at 0x7fa9b42b8af0>,7,14,[7 3],8,36,50,28,36
1,<environment.Job instance at 0x7fa9b49b1870>,12,14,[7 4],13,42,56,29,42
1,<environment.Job instance at 0x7fa9b41d7b40>,19,15,[4 6],20,50,65,30,50
1,<environment.Job instance at 0x7fa9b3a52a50>,30,3,[5 7],31,56,59,25,56
1,<environment.Job instance at 0x7fa9b36dd7d0>,38,14,[9 2],39,59,73,20,59
1,<environment.Job instance at 0x7fa9b40bf7d0>,26,15,[3 9],27,65,80,38,65
1,<environment.Job instance at 0x7fa9b465e500>,39,3,[7 2],40,73,76,33,73
1,<environment.Job instance at 0x7fa9b3a52960>,31,18,[8 1],32,76,94,44,76
1,<environment.Job instance at 0x7fa9b3f43f50>,44,13,[7 1],45,80,93,35,80
1,<environment.Job instance at 0x7fa9b33bbd70>,40,14,[4 7],41,93,107,52,93
1,<environment.Job instance at 0x7fa9b35c4910>,45,13,[8 3],46,94,107,48,94
1,<environment.Job instance at 0x7fa9b422abe0>,46,13,[6 4],47,107,120,60,107
1,<environment.Job instance at 0x7fa9b3900820>,42,16,[8 4],43,107,123,64,107
1,<environment.Job instance at 0x7fa9b36bcdc0>,55,12,[1 6],56,107,119,51,107
1,<environment.Job instance at 0x7fa9b36bcb90>,56,2,[5 8],57,120,122,63,120
1,<environment.Job instance at 0x7fa9b354d640>,53,17,[4 8],54,122,139,68,122
1,<environment.Job instance at 0x7fa9b47965f0>,62,2,[6 3],63,123,125,60,123
1,<environment.Job instance at 0x7fa9b4796e10>,60,13,[6 2],61,125,138,64,125
1,<environment.Job instance at 0x7fa9b4796780>,67,15,[1 7],68,138,153,70,138
1,<environment.Job instance at 0x7fa9b47966e0>,66,2,[1 8],67,139,141,72,139
1,<environment.Job instance at 0x7fa9b3c00b40>,71,2,[10  5],72,141,143,69,141
1,<environment.Job instance at 0x7fa9b354d460>,49,17,[10  3],50,143,160,93,143
1,<environment.Job instance at 0x7fa9b3c005a0>,74,13,[4 9],75,153,166,78,153
1,<environment.Job instance at 0x7fa9b3c00140>,78,1,[3 5],79,160,161,81,160
1,<environment.Job instance at 0x7fa9b3ac90a0>,15,18,[7 1],16,160,178,144,160
1,<environment.Job instance at 0x7fa9b3640cd0>,84,14,[3 6],85,166,180,81,166
1,<environment.Job instance at 0x7fa9b3c00870>,77,12,[9 2],78,178,190,100,178
1,<environment.Job instance at 0x7fa9b36408c0>,88,19,[2 6],89,179,198,90,179
1,<environment.Job instance at 0x7fa9b4740f50>,1,2,[ 1 12],2,2,4,0,2
1,<environment.Job instance at 0x7fa9b49475f0>,4,3,[10  2],5,5,8,0,5
1,<environment.Job instance at 0x7fa9bd86f9b0>,8,3,[9 4],9,9,12,0,9
1,<environment.Job instance at 0x7fa9bd86f460>,11,2,[14  2],12,12,14,0,12
1,<environment.Job instance at 0x7fa9b4947910>,13,18,[1 5],14,14,32,0,14
1,<environment.Job instance at 0x7fa9b4cfb3c0>,14,2,[1 9],15,15,17,0,15
1,<environment.Job instance at 0x7fa9b4c93e10>,18,21,[ 3 14],19,32,53,13,24
1,<environment.Job instance at 0x7fa9b4c93cd0>,19,3,[2 7],20,27,30,7,27
1,<environment.Job instance at 0x7fa9b40542d0>,23,1,[4 8],24,30,31,6,28
1,<environment.Job instance at 0x7fa9b4c93140>,21,1,[5 1],22,44,45,22,44
1,<environment.Job instance at 0x7fa9b40543c0>,24,26,[5 3],25,61,87,36,61
1,<environment.Job instance at 0x7fa9b4dcf5a0>,17,15,[2 7],18,76,91,58,76
1,<environment.Job instance at 0x7fa9b4af3190>,25,14,[14  3],26,91,105,65,82
1,<environment.Job instance at 0x7fa9b35afa00>,7,25,[ 3 13],8,105,130,97,101
1,<environment.Job instance at 0x7fa9b378dfa0>,28,19,[3 6],29,130,149,101,121
1,<environment.Job instance at 0x7fa9b378d0a0>,29,12,[7 2],30,121,133,91,121
1,<environment.Job instance at 0x7fa9b3aba050>,30,13,[ 4 12],31,149,162,118,133
1,<environment.Job instance at 0x7fa9b4af3e10>,31,24,[5 6],32,162,186,130,161
1,<environment.Job instance at 0x7fa9b3ad3500>,32,14,[13  2],33,186,200,153,171
1,<environment.Job instance at 0x7fa9b43e44b0>,33,2,[5 7],34,177,179,143,177
1,<environment.Job instance at 0x7fa9b43e4f00>,34,17,[1 8],35,179,196,144,177
1,<environment.Job instance at 0x7fa9b43e4780>,35,3,[ 2 10],36,196,199,160,186
1,<environment.Job instance at 0x7fa9bd39c5f0>,36,12,[10  4],37,200,212,163,186
1,<environment.Job instance at 0x7fa9b4050af0>,0,16,[7 4],1,1,17,0,1
1,<environment.Job instance at 0x7fa9b4050fa0>,6,18,[4 9],7,7,25,0,7
1,<environment.Job instance at 0x7fa9b40506e0>,4,3,[10  2],5,17,20,12,17
1,<environment.Job instance at 0x7fa9b4050b40>,8,3,[9 4],9,20,23,11,20
1,<environment.Job instance at 0x7fa9bd938320>,16,13,[8 5],17,23,36,6,23
1,<environment.Job instance at 0x7fa9bd700f50>,14,2,[1 9],15,25,27,10,25
1,<environment.Job instance at 0x7fa9bd938cd0>,19,3,[2 7],20,27,30,7,27
1,<environment.Job instance at 0x7fa9bd938b40>,21,1,[5 1],22,27,28,5,27
1,<environment.Job instance at 0x7fa9bd9386e0>,17,15,[2 7],18,30,45,12,30
1,<environment.Job instance at 0x7fa9bd6c7f00>,23,1,[4 8],24,36,37,12,36
1,<environment.Job instance at 0x7fa9b3bdbaa0>,33,2,[5 7],34,37,39,3,37
1,<environment.Job instance at 0x7fa9bd6c7fa0>,29,12,[7 2],30,39,51,9,39
1,<environment.Job instance at 0x7fa9b3f34320>,13,18,[1 5],14,39,57,25,39
1,<environment.Job instance at 0x7fa9b3bdbe60>,34,17,[1 8],35,45,62,10,45
1,<environment.Job instance at 0x7fa9b3bdb780>,36,12,[10  4],37,57,69,20,57
1,<environment.Job instance at 0x7fa9b3bdb8c0>,35,3,[ 2 10],36,62,65,26,62
1,<environment.Job instance at 0x7fa9b3bdb7d0>,38,15,[3 7],39,65,80,26,65
1,<environment.Job instance at 0x7fa9b3d0a320>,46,3,[5 5],47,69,72,22,69
1,<environment.Job instance at 0x7fa9b3d0abe0>,47,15,[7 2],48,69,84,21,69
1,<environment.Job instance at 0x7fa9b3d0a730>,40,16,[3 5],41,72,88,31,72
1,<environment.Job instance at 0x7fa9b3d0ae60>,43,17,[5 2],44,80,97,36,80
1,<environment.Job instance at 0x7fa9b3f34500>,10,18,[5 7],11,84,102,73,84
1,<environment.Job instance at 0x7fa9b3fd1af0>,57,2,[1 8],58,102,104,44,102
1,<environment.Job instance at 0x7fa9b3fd1140>,56,15,[6 4],57,102,117,45,102
1,<environment.Job instance at 0x7fa9b4513c80>,50,12,[3 9],51,104,116,53,104
1,<environment.Job instance at 0x7fa9b3fd1fa0>,62,3,[3 9],63,116,119,53,116
1,<environment.Job instance at 0x7fa9b3fd1550>,63,1,[9 4],64,117,118,53,117
1,<environment.Job instance at 0x7fa9b3fd1be0>,60,14,[2 6],61,118,132,57,118
1,<environment.Job instance at 0x7fa9b3cb64b0>,70,2,[9 5],71,119,121,48,119
1,<environment.Job instance at 0x7fa9b3fd16e0>,54,13,[3 9],55,121,134,66,121
1,<environment.Job instance at 0x7fa9b3cb60f0>,72,3,[9 2],73,132,135,59,132
1,<environment.Job instance at 0x7fa9b3cb69b0>,71,15,[5 2],72,134,149,62,134
1,<environment.Job instance at 0x7fa9b38cd230>,77,15,[5 7],78,135,150,57,135
1,<environment.Job instance at 0x7fa9b38cd640>,76,18,[5 4],77,135,153,58,135
1,<environment.Job instance at 0x7fa9b38cdf00>,81,1,[7 1],82,150,151,68,150
1,<environment.Job instance at 0x7fa9b3cb6320>,69,15,[3 7],70,150,165,80,150
1,<environment.Job instance at 0x7fa9b38cd320>,82,3,[4 6],83,153,156,70,153
1,<environment.Job instance at 0x7fa9b36408c0>,84,13,[2 5],85,156,169,71,156
1,<environment.Job instance at 0x7fa9b38cd9b0>,83,15,[9 3],84,156,171,72,156
1,<environment.Job instance at 0x7fa9b3f34cd0>,15,16,[4 9],16,170,186,154,170
1,<environment.Job instance at 0x7fa9b3640960>,88,16,[5 3],89,171,187,82,171
1,<environment.Job instance at 0x7fa9b3640190>,89,15,[9 1],90,186,201,96,186
1,<environment.Job instance at 0x7fa9b3640cd0>,90,14,[4 8],91,187,201,96,187
1,<environment.Job instance at 0x7f2130ec2910>,0,17,[6 1],1,1,18,0,1
1,<environment.Job instance at 0x7f2130ec2960>,1,3,[ 2 10],2,2,5,0,2
1,<environment.Job instance at 0x7f2127870870>,2,14,[ 2 10],3,5,19,2,3
1,<environment.Job instance at 0x7f2127870a00>,4,13,[3 6],5,19,32,14,5
1,<environment.Job instance at 0x7f2127870730>,5,2,[1 6],6,19,21,13,6
1,<environment.Job instance at 0x7f2127870d20>,9,12,[8 2],10,18,30,8,10
1,<environment.Job instance at 0x7f2127870f00>,11,3,[4 9],12,30,33,18,12
1,<environment.Job instance at 0x7f2130ec2af0>,8,2,[ 1 14],9,33,35,24,14
1,<environment.Job instance at 0x7f2127874280>,15,3,[2 8],16,35,38,19,16
1,<environment.Job instance at 0x7f2127874410>,17,12,[5 1],18,32,44,14,18
1,<environment.Job instance at 0x7f2127874230>,20,3,[10  5],21,38,41,17,21
1,<environment.Job instance at 0x7f2127874870>,22,12,[3 8],23,41,53,18,24
1,<environment.Job instance at 0x7f2127874b40>,24,2,[4 6],25,25,27,0,25
1,<environment.Job instance at 0x7f2127874af0>,25,2,[5 7],26,44,46,18,27
1,<environment.Job instance at 0x7f2127874960>,26,12,[8 5],27,46,58,19,29
1,<environment.Job instance at 0x7f2127876460>,37,14,[5 8],38,53,67,15,38
1,<environment.Job instance at 0x7f2127870640>,0,17,[6 1],1,1,18,0,1
1,<environment.Job instance at 0x7f21278707d0>,1,3,[ 2 10],2,2,5,0,2
1,<environment.Job instance at 0x7f2127870af0>,4,13,[3 6],5,5,18,0,5
1,<environment.Job instance at 0x7f2130ec2aa0>,3,22,[2 5],4,5,27,1,5
1,<environment.Job instance at 0x7f2127878320>,5,2,[1 6],6,18,20,12,18
1,<environment.Job instance at 0x7f21278785f0>,9,12,[8 2],10,18,30,8,18
1,<environment.Job instance at 0x7f2127878910>,15,3,[2 8],16,20,23,4,20
1,<environment.Job instance at 0x7f2127878a50>,17,12,[5 1],18,23,35,5,23
1,<environment.Job instance at 0x7f21278705f0>,2,14,[ 2 10],3,27,41,24,27
1,<environment.Job instance at 0x7f21278789b0>,16,18,[7 3],17,30,48,13,30
1,<environment.Job instance at 0x7f21278786e0>,11,3,[4 9],12,41,44,29,41
1,<environment.Job instance at 0x7f2127878dc0>,24,2,[4 6],25,44,46,19,44
1,<environment.Job instance at 0x7f212787c190>,25,2,[5 7],26,46,48,20,46
1,<environment.Job instance at 0x7f2127878780>,20,3,[10  5],21,48,51,27,48
1,<environment.Job instance at 0x7f2127878fa0>,22,12,[3 8],23,48,60,25,48
1,<environment.Job instance at 0x7f2127364af0>,1,13,[5 6],2,2,15,0,2
1,<environment.Job instance at 0x7f2127364cd0>,2,21,[6 4],3,3,24,0,3
1,<environment.Job instance at 0x7f2127364780>,4,3,[ 3 13],5,24,27,19,5
1,<environment.Job instance at 0x7f2127364e60>,6,2,[4 7],7,15,17,8,7
1,<environment.Job instance at 0x7f212736a1e0>,11,2,[ 1 12],12,27,29,15,12
1,<environment.Job instance at 0x7f21274e6fa0>,12,2,[5 9],13,17,19,4,13
1,<environment.Job instance at 0x7f21273d3410>,14,12,[5 6],15,29,41,14,15
1,<environment.Job instance at 0x7f2127488c30>,17,16,[1 9],18,29,45,11,18
1,<environment.Job instance at 0x7f21273a8320>,24,2,[5 5],25,41,43,16,25
1,<environment.Job instance at 0x7f21273336e0>,28,14,[6 1],29,41,55,12,29
1,<environment.Job instance at 0x7f2127333500>,34,1,[5 5],35,43,44,8,35
1,<environment.Job instance at 0x7f21273335f0>,36,3,[6 3],37,44,47,7,37
1,<environment.Job instance at 0x7f2127394730>,37,18,[7 1],38,47,65,9,41
1,<environment.Job instance at 0x7f212787ceb0>,1,13,[5 6],2,2,15,0,2
1,<environment.Job instance at 0x7f212787cfa0>,2,21,[6 4],3,3,24,0,3
1,<environment.Job instance at 0x7f212787cb40>,6,2,[4 7],7,15,17,8,15
1,<environment.Job instance at 0x7f212787cd20>,5,15,[5 4],6,15,30,9,15
1,<environment.Job instance at 0x7f212787c820>,12,2,[5 9],13,24,26,11,24
1,<environment.Job instance at 0x7f212787c690>,14,12,[5 6],15,26,38,11,26
1,<environment.Job instance at 0x7f212787c500>,15,15,[5 5],16,26,41,10,26
1,<environment.Job instance at 0x7f212787c140>,19,14,[9 4],20,38,52,18,38
1,<environment.Job instance at 0x7f2127878eb0>,22,14,[2 6],23,41,55,18,41
1,<environment.Job instance at 0x7f21270ba280>,3,16,[1 9],4,4,20,0,4
1,<environment.Job instance at 0x7f21270bae10>,4,1,[ 1 10],5,20,21,15,5
1,<environment.Job instance at 0x7f21270ba780>,7,2,[5 5],8,8,10,0,8
1,<environment.Job instance at 0x7f21270ba7d0>,8,3,[5 5],9,10,13,1,9
1,<environment.Job instance at 0x7f21270ba5f0>,10,23,[5 1],11,11,34,0,11
1,<environment.Job instance at 0x7f21270baa50>,12,12,[1 6],13,21,33,8,13
1,<environment.Job instance at 0x7f21270ba8c0>,15,2,[1 6],16,21,23,5,16
1,<environment.Job instance at 0x7f21270ba550>,16,12,[8 4],17,23,35,6,18
1,<environment.Job instance at 0x7f2127011050>,18,13,[9 1],19,35,48,16,20
1,<environment.Job instance at 0x7f2127011e60>,21,2,[ 5 14],22,35,37,13,24
1,<environment.Job instance at 0x7f2127011b40>,23,3,[10  3],24,48,51,24,24
1,<environment.Job instance at 0x7f2127011e10>,25,3,[2 9],26,37,40,11,26
1,<environment.Job instance at 0x7f2127011f00>,26,13,[2 6],27,40,53,13,27
1,<environment.Job instance at 0x7f21270113c0>,27,2,[5 5],28,51,53,23,28
1,<environment.Job instance at 0x7f2127011dc0>,24,12,[1 5],25,37,49,12,30
1,<environment.Job instance at 0x7f2127011d70>,29,3,[1 5],30,53,56,23,30
1,<environment.Job instance at 0x7f21270180a0>,3,16,[1 9],4,4,20,0,4
1,<environment.Job instance at 0x7f2127018be0>,5,16,[7 5],6,6,22,0,6
1,<environment.Job instance at 0x7f21270079b0>,13,17,[5 1],14,14,31,0,14
1,<environment.Job instance at 0x7f21270077d0>,12,12,[1 6],13,20,32,7,20
1,<environment.Job instance at 0x7f212700ad20>,7,2,[5 5],8,22,24,14,22
1,<environment.Job instance at 0x7f2127007730>,15,2,[1 6],16,24,26,8,24
1,<environment.Job instance at 0x7f212700a460>,8,3,[5 5],9,26,29,17,26
1,<environment.Job instance at 0x7f2127007960>,16,12,[8 4],17,29,41,12,29
1,<environment.Job instance at 0x7f2127004f00>,24,12,[1 5],25,31,43,6,31
1,<environment.Job instance at 0x7f212700a3c0>,4,1,[ 1 10],5,41,42,36,41
1,<environment.Job instance at 0x7f2127004640>,27,2,[5 5],28,42,44,14,42
1,<environment.Job instance at 0x7f2127007a50>,18,13,[9 1],19,42,55,23,42
1,<environment.Job instance at 0x7f21270040f0>,29,3,[1 5],30,43,46,13,43
1,<environment.Job instance at 0x7f21270041e0>,25,3,[2 9],26,44,47,18,44
1,<environment.Job instance at 0x7f21270040a0>,33,2,[ 5 10],34,47,49,13,47
1,<environment.Job instance at 0x7f2127004910>,34,12,[5 4],35,49,61,14,49
1,<environment.Job instance at 0x7f2126ffb550>,0,12,[5 1],1,1,13,0,1
1,<environment.Job instance at 0x7f2126e61c80>,6,2,[6 5],7,7,9,0,7
1,<environment.Job instance at 0x7f2126e61e60>,8,1,[14  3],9,13,14,4,9
1,<environment.Job instance at 0x7f2126e61eb0>,9,2,[ 1 10],10,10,12,0,10
1,<environment.Job instance at 0x7f2126e61f50>,10,12,[1 8],11,12,24,1,11
1,<environment.Job instance at 0x7f2126e63140>,13,2,[13  5],14,14,16,0,14
1,<environment.Job instance at 0x7f2126e633c0>,16,3,[5 6],17,17,20,0,17
1,<environment.Job instance at 0x7f2126e63550>,17,20,[8 1],18,19,39,1,19
1,<environment.Job instance at 0x7f2126e63820>,20,13,[5 7],21,24,37,3,21
1,<environment.Job instance at 0x7f2126e63aa0>,24,17,[5 1],25,37,54,12,25
1,<environment.Job instance at 0x7f2126e63730>,27,2,[5 7],28,39,41,11,28
1,<environment.Job instance at 0x7f2126e63dc0>,28,2,[12  2],29,54,56,25,29
1,<environment.Job instance at 0x7f2126e63eb0>,30,18,[12  2],31,56,74,25,45
1,<environment.Job instance at 0x7f2126e63fa0>,29,17,[3 5],30,45,62,15,45
1,<environment.Job instance at 0x7f2126fff5a0>,0,12,[5 1],1,1,13,0,1
1,<environment.Job instance at 0x7f2126fffb90>,1,22,[5 6],2,2,24,0,2
1,<environment.Job instance at 0x7f2126fffe10>,3,17,[5 8],4,4,21,0,4
1,<environment.Job instance at 0x7f2126fff230>,6,2,[6 5],7,21,23,14,21
1,<environment.Job instance at 0x7f2127004190>,16,3,[5 6],17,23,26,6,23
1,<environment.Job instance at 0x7f2126fff3c0>,10,12,[1 8],11,24,36,13,24
1,<environment.Job instance at 0x7f2127004c30>,20,13,[5 7],21,26,39,5,26
1,<environment.Job instance at 0x7f2127004aa0>,19,17,[4 7],20,36,53,16,36
1,<environment.Job instance at 0x7f2127007960>,24,17,[5 1],25,36,53,11,36
1,<environment.Job instance at 0x7f21270072d0>,27,2,[5 7],28,39,41,11,39
1,<environment.Job instance at 0x7f2127007690>,29,17,[3 5],30,41,58,11,41
1,<environment.Job instance at 0x7f21279045f0>,0,2,[11  3],1,1,3,0,1
1,<environment.Job instance at 0x7f21279040f0>,2,16,[5 3],3,3,19,0,3
1,<environment.Job instance at 0x7f2127904320>,3,13,[7 1],4,4,17,0,4
1,<environment.Job instance at 0x7f2127904960>,8,1,[14  4],9,19,20,10,9
1,<environment.Job instance at 0x7f2127904fa0>,10,13,[2 5],11,20,33,9,11
1,<environment.Job instance at 0x7f2127904230>,11,1,[ 4 14],12,33,34,21,12
1,<environment.Job instance at 0x7f21279072d0>,13,21,[1 6],14,34,55,20,26
1,<environment.Job instance at 0x7f2127907550>,19,3,[11  3],20,26,29,6,26
1,<environment.Job instance at 0x7f2127907b90>,15,18,[ 1 14],16,55,73,39,44
1,<environment.Job instance at 0x7f2126fff3c0>,1,17,[2 7],2,2,19,0,2
1,<environment.Job instance at 0x7f2126fffdc0>,2,16,[5 3],3,3,19,0,3
1,<environment.Job instance at 0x7f2126fffd20>,3,13,[7 1],4,4,17,0,4
1,<environment.Job instance at 0x7f21270bae60>,10,13,[2 5],11,17,30,6,17
1,<environment.Job instance at 0x7f212738ca50>,6,15,[ 2 10],7,19,34,12,19
1,<environment.Job instance at 0x7f2127954be0>,17,17,[8 5],18,30,47,12,30
1,<environment.Job instance at 0x7f2130f01f00>,5,16,[5 6],6,34,50,28,34
1,<environment.Job instance at 0x7f21279462d0>,25,12,[4 8],26,47,59,21,47
1,<environment.Job instance at 0x7f21272f15f0>,2,20,[5 1],3,3,23,0,3
1,<environment.Job instance at 0x7f2126b443c0>,6,1,[3 9],7,10,11,3,10
1,<environment.Job instance at 0x7f2126b448c0>,12,3,[5 4],13,13,16,0,13
1,<environment.Job instance at 0x7f2126b441e0>,10,27,[1 5],11,15,42,4,15
1,<environment.Job instance at 0x7f2126b0ea50>,14,15,[14  2],15,23,38,8,15
1,<environment.Job instance at 0x7f2126b0e910>,18,1,[8 5],19,19,20,0,19
1,<environment.Job instance at 0x7f2126b0ec80>,20,2,[13  1],21,38,40,17,23
1,<environment.Job instance at 0x7f2126b44f50>,21,1,[7 4],22,40,41,18,24
1,<environment.Job instance at 0x7f2126c0dc30>,28,15,[5 8],29,41,56,12,32
1,<environment.Job instance at 0x7f2126c0d050>,25,15,[3 6],26,42,57,16,32
1,<environment.Job instance at 0x7f2126c0d3c0>,31,2,[7 3],32,56,58,24,32
1,<environment.Job instance at 0x7f2126c0d960>,33,2,[5 7],34,57,59,23,42
1,<environment.Job instance at 0x7f2126c0d230>,34,2,[8 1],35,58,60,23,42
1,<environment.Job instance at 0x7f2126af7820>,38,2,[ 4 11],39,59,61,20,44
1,<environment.Job instance at 0x7f2126b28b90>,40,2,[2 9],41,61,63,20,44
1,<environment.Job instance at 0x7f2126b283c0>,39,3,[9 4],40,60,63,20,44
1,<environment.Job instance at 0x7f2126b289b0>,44,13,[8 2],45,63,76,18,47
1,<environment.Job instance at 0x7f2126c08b90>,48,2,[8 3],49,76,78,27,49
1,<environment.Job instance at 0x7f2127946aa0>,2,20,[5 1],3,3,23,0,3
1,<environment.Job instance at 0x7f21279462d0>,6,1,[3 9],7,7,8,0,7
1,<environment.Job instance at 0x7f2127946460>,8,15,[8 1],9,9,24,0,9
1,<environment.Job instance at 0x7f2127954eb0>,13,18,[ 1 10],14,14,32,0,14
1,<environment.Job instance at 0x7f21279543c0>,12,3,[5 4],13,23,26,10,23
1,<environment.Job instance at 0x7f2130f01f00>,17,14,[9 1],18,24,38,6,24
1,<environment.Job instance at 0x7f21279042d0>,21,1,[7 4],22,38,39,16,38
1,<environment.Job instance at 0x7f2127904190>,18,1,[8 5],19,38,39,19,38
1,<environment.Job instance at 0x7f21276b2a50>,25,15,[3 6],26,39,54,13,39
1,<environment.Job instance at 0x7f2126c08140>,28,15,[5 8],29,39,54,10,39
1,<environment.Job instance at 0x7f2127ebf550>,1,14,[3 8],2,2,16,0,2
1,<environment.Job instance at 0x7f21278b8eb0>,4,3,[4 5],5,5,8,0,5
1,<environment.Job instance at 0x7f21278b85f0>,5,16,[5 3],6,8,24,2,6
1,<environment.Job instance at 0x7f2127946cd0>,6,14,[7 1],7,7,21,0,7
1,<environment.Job instance at 0x7f21277ee820>,7,12,[6 3],8,21,33,13,8
1,<environment.Job instance at 0x7f2127a8e550>,8,3,[5 2],9,24,27,15,9
1,<environment.Job instance at 0x7f21278b8c30>,10,3,[5 8],11,27,30,16,11
1,<environment.Job instance at 0x7f2126fe7550>,12,13,[6 5],13,30,43,17,14
1,<environment.Job instance at 0x7f2127aec410>,20,2,[7 5],21,33,35,12,21
1,<environment.Job instance at 0x7f2126b43f00>,25,12,[13  4],26,43,55,17,28
1,<environment.Job instance at 0x7f2127ad1e60>,29,13,[2 9],30,35,48,5,30
1,<environment.Job instance at 0x7f2127aed050>,31,12,[2 7],32,48,60,16,32
1,<environment.Job instance at 0x7f2128074a00>,0,18,[1 7],1,1,19,0,1
1,<environment.Job instance at 0x7f21280749b0>,1,14,[3 8],2,2,16,0,2
1,<environment.Job instance at 0x7f21282e74b0>,4,3,[4 5],5,16,19,11,16
1,<environment.Job instance at 0x7f2127ad3c30>,8,3,[5 2],9,16,19,7,16
1,<environment.Job instance at 0x7f2126c08640>,10,3,[5 8],11,19,22,8,19
1,<environment.Job instance at 0x7f2126b58e10>,7,12,[6 3],8,19,31,11,19
1,<environment.Job instance at 0x7f2126c08f50>,12,13,[6 5],13,22,35,9,22
1,<environment.Job instance at 0x7f21282b4500>,6,14,[7 1],7,31,45,24,31
1,<environment.Job instance at 0x7f2126b44c80>,20,2,[7 5],21,35,37,14,35
1,<environment.Job instance at 0x7f2126c084b0>,13,16,[ 5 10],14,37,53,23,37
1,<environment.Job instance at 0x7f2128259c30>,5,16,[5 3],6,45,61,39,45
1,<environment.Job instance at 0x7f2130a40370>,0,1,[ 4 10],1,1,2,0,1
1,<environment.Job instance at 0x7f21275d2500>,2,16,[5 2],3,3,19,0,3
1,<environment.Job instance at 0x7f2127483640>,3,2,[6 3],4,4,6,0,4
1,<environment.Job instance at 0x7f212725f370>,5,14,[3 6],6,6,20,0,6
1,<environment.Job instance at 0x7f212803d140>,6,12,[6 4],7,7,19,0,7
1,<environment.Job instance at 0x7f2127e82960>,9,3,[6 1],10,19,22,9,10
1,<environment.Job instance at 0x7f2127e82280>,13,3,[ 5 10],14,20,23,6,14
1,<environment.Job instance at 0x7f2127d1fd70>,14,1,[9 5],15,22,23,7,15
1,<environment.Job instance at 0x7f2127e20a00>,15,16,[5 2],16,23,39,7,16
1,<environment.Job instance at 0x7f2127e20690>,16,2,[5 3],17,23,25,6,17
1,<environment.Job instance at 0x7f2127e20230>,17,12,[3 8],18,23,35,5,18
1,<environment.Job instance at 0x7f2127e821e0>,21,1,[7 3],22,25,26,3,22
1,<environment.Job instance at 0x7f2127ef7e60>,22,13,[5 5],23,26,39,3,23
1,<environment.Job instance at 0x7f2127bca050>,29,1,[10  5],30,39,40,9,30
1,<environment.Job instance at 0x7f2127bcaaa0>,30,2,[ 2 12],31,40,42,9,31
1,<environment.Job instance at 0x7f2127bca320>,31,13,[ 5 10],32,42,55,10,32
1,<environment.Job instance at 0x7f2128284be0>,33,2,[9 3],34,40,42,6,36
1,<environment.Job instance at 0x7f2128284320>,34,2,[3 5],35,37,39,2,37
1,<environment.Job instance at 0x7f2128284500>,36,15,[1 9],37,55,70,18,41
1,<environment.Job instance at 0x7f2126fe7fa0>,0,1,[ 4 10],1,1,2,0,1
1,<environment.Job instance at 0x7f2127ea60a0>,2,16,[5 2],3,3,19,0,3
1,<environment.Job instance at 0x7f21279462d0>,3,2,[6 3],4,4,6,0,4
1,<environment.Job instance at 0x7f2127946780>,5,14,[3 6],6,6,20,0,6
1,<environment.Job instance at 0x7f2127946960>,6,12,[6 4],7,7,19,0,7
1,<environment.Job instance at 0x7f2126fe78c0>,14,1,[9 5],15,19,20,4,19
1,<environment.Job instance at 0x7f21272d1a50>,16,2,[5 3],17,20,22,3,20
1,<environment.Job instance at 0x7f21279463c0>,9,3,[6 1],10,20,23,10,20
1,<environment.Job instance at 0x7f2126c0d870>,17,12,[3 8],18,20,32,2,20
1,<environment.Job instance at 0x7f2127904c30>,15,16,[5 2],16,22,38,6,22
1,<environment.Job instance at 0x7f2126c08640>,21,1,[7 3],22,23,24,1,23
1,<environment.Job instance at 0x7f21282b4500>,22,13,[5 5],23,24,37,1,24
1,<environment.Job instance at 0x7f2126c081e0>,19,14,[2 8],20,32,46,12,32
1,<environment.Job instance at 0x7f2128342b90>,29,1,[10  5],30,38,39,8,38
1,<environment.Job instance at 0x7f2127e82af0>,33,2,[9 3],34,46,48,12,46
1,<environment.Job instance at 0x7f2128229870>,34,2,[3 5],35,46,48,11,46
1,<environment.Job instance at 0x7f21282296e0>,37,13,[1 7],38,46,59,8,46
1,<environment.Job instance at 0x7f2127bca870>,40,18,[10  5],41,48,66,7,48
1,<environment.Job instance at 0x7f2127029aa0>,0,14,[4 5],1,1,15,0,1
1,<environment.Job instance at 0x7f21270295a0>,3,13,[5 6],4,4,17,0,4
1,<environment.Job instance at 0x7f2127f7b4b0>,4,2,[5 7],5,15,17,10,5
1,<environment.Job instance at 0x7f2127930280>,10,1,[ 5 11],11,17,18,6,12
1,<environment.Job instance at 0x7f2127930d20>,11,1,[12  4],12,18,19,6,12
1,<environment.Job instance at 0x7f2127029050>,9,13,[ 5 12],10,19,32,9,15
1,<environment.Job instance at 0x7f2127930b40>,20,14,[ 3 13],21,32,46,11,21
1,<environment.Job instance at 0x7f2127930c30>,22,1,[ 4 10],23,46,47,23,23
1,<environment.Job instance at 0x7f2127f7b0f0>,5,16,[ 4 11],6,47,63,41,40
1,<environment.Job instance at 0x7f2126c08640>,0,14,[4 5],1,1,15,0,1
1,<environment.Job instance at 0x7f2126c08d20>,3,13,[5 6],4,4,17,0,4
1,<environment.Job instance at 0x7f2126b0ee10>,4,2,[5 7],5,15,17,10,15
1,<environment.Job instance at 0x7f21279462d0>,12,13,[10  4],13,17,30,4,17
1,<environment.Job instance at 0x7f21270297d0>,16,18,[5 5],17,17,35,0,17
1,<environment.Job instance at 0x7f2127d50370>,22,1,[ 4 10],23,30,31,7,30
1,<environment.Job instance at 0x7f21284570a0>,29,14,[6 4],30,31,45,1,31
1,<environment.Job instance at 0x7f2127480960>,32,15,[2 6],33,33,48,0,33
1,<environment.Job instance at 0x7f2127d50730>,26,21,[6 5],27,35,56,8,35
1,<environment.Job instance at 0x7f2127d501e0>,28,17,[9 4],29,48,65,19,48
1,<environment.Job instance at 0x7f2127d1eb90>,0,3,[10  3],1,1,4,0,1
1,<environment.Job instance at 0x7f2127d1e6e0>,4,2,[3 7],5,5,7,0,5
1,<environment.Job instance at 0x7f2127909640>,6,2,[ 5 14],7,8,10,1,8
1,<environment.Job instance at 0x7f21280aab90>,8,2,[7 2],9,10,12,1,9
1,<environment.Job instance at 0x7f2127c91230>,9,2,[ 4 11],10,10,12,0,10
1,<environment.Job instance at 0x7f21280aac30>,10,15,[6 4],11,12,27,1,11
1,<environment.Job instance at 0x7f2128456c80>,11,3,[2 8],12,12,15,0,12
1,<environment.Job instance at 0x7f2128456370>,12,13,[6 3],13,13,26,0,13
1,<environment.Job instance at 0x7f2127d1ee10>,7,12,[4 5],8,26,38,18,16
1,<environment.Job instance at 0x7f2127d1eaa0>,5,15,[2 9],6,27,42,21,25
1,<environment.Job instance at 0x7f2128456730>,18,16,[ 1 14],19,42,58,23,29
1,<environment.Job instance at 0x7f21272f12d0>,20,12,[ 2 13],21,58,70,37,42
1,<environment.Job instance at 0x7f2130f01f00>,0,3,[10  3],1,1,4,0,1
1,<environment.Job instance at 0x7f2126b0eaa0>,3,18,[9 5],4,4,22,0,4
1,<environment.Job instance at 0x7f2127909320>,4,2,[3 7],5,5,7,0,5
1,<environment.Job instance at 0x7f2127de9960>,5,15,[2 9],6,7,22,1,7
1,<environment.Job instance at 0x7f2126e53be0>,8,2,[7 2],9,22,24,13,22
1,<environment.Job instance at 0x7f212797db90>,11,3,[2 8],12,22,25,10,22
1,<environment.Job instance at 0x7f2128456050>,7,12,[4 5],8,22,34,14,22
1,<environment.Job instance at 0x7f2127a77e60>,12,13,[6 3],13,25,38,12,25
1,<environment.Job instance at 0x7f21281635a0>,19,14,[5 3],20,25,39,5,25
1,<environment.Job instance at 0x7f2126e53aa0>,15,15,[ 4 10],16,38,53,22,38
1,<environment.Job instance at 0x7f2126e531e0>,10,15,[6 4],11,39,54,28,39
1,<environment.Job instance at 0x7f2126dab0f0>,0,13,[7 3],1,1,14,0,1
1,<environment.Job instance at 0x7f2127930730>,2,16,[7 1],3,6,22,3,6
1,<environment.Job instance at 0x7f2127ff2140>,7,3,[ 5 13],8,14,17,6,8
1,<environment.Job instance at 0x7f2127ff28c0>,12,2,[3 8],13,17,19,4,13
1,<environment.Job instance at 0x7f2127ff2910>,11,13,[5 5],12,17,30,5,14
1,<environment.Job instance at 0x7f2127ff2f00>,14,14,[2 7],15,19,33,4,15
1,<environment.Job instance at 0x7f2127ff2af0>,15,12,[1 9],16,33,45,17,18
1,<environment.Job instance at 0x7f2127fd9050>,19,2,[7 2],20,22,24,2,20
1,<environment.Job instance at 0x7f2127fd90f0>,20,3,[ 5 10],21,45,48,24,21
1,<environment.Job instance at 0x7f2127fd93c0>,22,2,[ 5 13],23,48,50,25,23
1,<environment.Job instance at 0x7f2127fd91e0>,23,1,[13  2],24,30,31,6,24
1,<environment.Job instance at 0x7f2127fd9640>,26,12,[7 2],27,31,43,4,28
1,<environment.Job instance at 0x7f2127fd9cd0>,35,3,[6 1],36,36,39,0,36
1,<environment.Job instance at 0x7f2127fd9f00>,37,1,[11  3],38,43,44,5,39
1,<environment.Job instance at 0x7f2127fd9d70>,36,12,[ 4 10],37,50,62,13,40
1,<environment.Job instance at 0x7f2127feb370>,43,1,[ 4 10],44,62,63,18,44
1,<environment.Job instance at 0x7f2127feb1e0>,40,14,[10  2],41,46,60,5,46
1,<environment.Job instance at 0x7f2127b3a050>,0,13,[7 3],1,1,14,0,1
1,<environment.Job instance at 0x7f2127b3af50>,2,16,[7 1],3,3,19,0,3
1,<environment.Job instance at 0x7f2127e611e0>,12,2,[3 8],13,14,16,1,14
1,<environment.Job instance at 0x7f2127b9d320>,11,13,[5 5],12,14,27,2,14
1,<environment.Job instance at 0x7f2127289050>,14,14,[2 7],15,16,30,1,16
1,<environment.Job instance at 0x7f2127b3ae60>,3,17,[7 2],4,19,36,15,19
1,<environment.Job instance at 0x7f2126ea8870>,15,12,[1 9],16,30,42,14,30
1,<environment.Job instance at 0x7f2127b3abe0>,1,16,[10  1],2,36,52,34,36
1,<environment.Job instance at 0x7f212798c5a0>,17,16,[5 9],18,42,58,24,42
1,<environment.Job instance at 0x7f21276f0780>,7,13,[4 5],8,8,21,0,8
1,<environment.Job instance at 0x7f2130db5e10>,0,14,[10  3],1,1,15,0,1
1,<environment.Job instance at 0x7f2126e631e0>,1,18,[4 7],2,2,20,0,2
1,<environment.Job instance at 0x7f2126e467d0>,9,16,[1 5],10,10,26,0,10
1,<environment.Job instance at 0x7f2126e63870>,3,12,[3 9],4,20,32,16,20
1,<environment.Job instance at 0x7f2127b35a50>,15,13,[10  1],16,20,33,4,20
1,<environment.Job instance at 0x7f2127b35690>,16,3,[5 1],17,32,35,15,32
1,<environment.Job instance at 0x7f2126e468c0>,7,13,[4 5],8,33,46,25,33
1,<environment.Job instance at 0x7f2127b35a00>,18,14,[6 5],19,33,47,14,33
1,<environment.Job instance at 0x7f2127b35550>,22,2,[3 7],23,46,48,23,46
1,<environment.Job instance at 0x7f2127b35fa0>,23,2,[1 6],24,47,49,23,47
1,<environment.Job instance at 0x7f2127b35730>,19,12,[9 3],20,48,60,28,48
1,<environment.Job instance at 0x7f2127b35b40>,25,17,[5 6],26,48,65,22,48
1,<environment.Job instance at 0x7f2127bb8370>,3,3,[ 1 10],4,4,7,0,4
1,<environment.Job instance at 0x7f2127769140>,6,2,[5 5],7,7,9,0,7
1,<environment.Job instance at 0x7f2127bb8820>,5,14,[5 8],6,7,21,1,7
1,<environment.Job instance at 0x7f2128397320>,7,18,[6 2],8,9,27,1,8
1,<environment.Job instance at 0x7f2128397eb0>,8,1,[5 5],9,21,22,12,9
1,<environment.Job instance at 0x7f2127794be0>,12,15,[6 1],13,22,37,9,13
1,<environment.Job instance at 0x7f2127631230>,13,13,[1 5],14,14,27,0,14
1,<environment.Job instance at 0x7f2127b9d550>,15,3,[1 9],16,27,30,11,16
1,<environment.Job instance at 0x7f2126de7550>,18,1,[1 6],19,22,23,3,20
1,<environment.Job instance at 0x7f2127173730>,16,14,[3 6],17,30,44,13,21
1,<environment.Job instance at 0x7f2126e54640>,27,3,[9 5],28,37,40,9,28
1,<environment.Job instance at 0x7f2126dcb190>,28,3,[1 8],29,30,33,1,29
1,<environment.Job instance at 0x7f2126afc9b0>,31,2,[10  2],32,40,42,8,34
1,<environment.Job instance at 0x7f2126efd7d0>,32,3,[10  1],33,42,45,9,40
1,<environment.Job instance at 0x7f2126fbdb40>,34,17,[6 2],35,45,62,10,40
1,<environment.Job instance at 0x7f2127293a00>,36,18,[4 9],37,44,62,7,41
1,<environment.Job instance at 0x7f21277257d0>,38,1,[1 5],39,62,63,23,45
1,<environment.Job instance at 0x7f21281eb5f0>,39,1,[2 8],40,62,63,22,48
1,<environment.Job instance at 0x7f2127725910>,37,12,[6 2],38,62,74,24,48
1,<environment.Job instance at 0x7f2126d826e0>,1,14,[8 4],2,2,16,0,2
1,<environment.Job instance at 0x7f2126d82140>,3,3,[ 1 10],4,4,7,0,4
1,<environment.Job instance at 0x7f21276ea0a0>,6,2,[5 5],7,7,9,0,7
1,<environment.Job instance at 0x7f2128066780>,8,1,[5 5],9,9,10,0,9
1,<environment.Job instance at 0x7f21276ea190>,5,14,[5 8],6,10,24,4,10
1,<environment.Job instance at 0x7f2126d82870>,2,14,[9 2],3,16,30,13,16
1,<environment.Job instance at 0x7f2127b14dc0>,13,13,[1 5],14,16,29,2,16
1,<environment.Job instance at 0x7f2127041b90>,15,3,[1 9],16,29,32,13,29
1,<environment.Job instance at 0x7f2127a738c0>,16,14,[3 6],17,30,44,13,30
1,<environment.Job instance at 0x7f2127750050>,18,1,[1 6],19,32,33,13,32
1,<environment.Job instance at 0x7f2127b14cd0>,12,15,[6 1],13,32,47,19,32
1,<environment.Job instance at 0x7f2128066d20>,7,18,[6 2],8,33,51,25,33
1,<environment.Job instance at 0x7f2126acee10>,22,15,[9 1],23,47,62,24,47
1,<environment.Job instance at 0x7f2127f2edc0>,6,13,[5 8],7,7,20,0,7
1,<environment.Job instance at 0x7f2127f2ed70>,7,3,[1 8],8,20,23,12,8
1,<environment.Job instance at 0x7f2127590460>,9,2,[10  5],10,10,12,0,10
1,<environment.Job instance at 0x7f212757b6e0>,15,1,[5 5],16,16,17,0,16
1,<environment.Job instance at 0x7f212757be60>,16,16,[5 4],17,17,33,0,17
1,<environment.Job instance at 0x7f212757bf00>,18,3,[3 7],19,23,26,4,19
1,<environment.Job instance at 0x7f212757b5a0>,20,17,[3 5],21,26,43,5,22
1,<environment.Job instance at 0x7f212757b550>,22,14,[6 5],23,26,40,3,23
1,<environment.Job instance at 0x7f212757b3c0>,26,2,[10  4],27,40,42,13,27
1,<environment.Job instance at 0x7f21275855f0>,27,13,[ 2 11],28,43,56,15,29
1,<environment.Job instance at 0x7f2127585eb0>,30,18,[6 4],31,42,60,11,38
1,<environment.Job instance at 0x7f2127585b40>,28,14,[2 6],29,56,70,27,41
1,<environment.Job instance at 0x7f2127585320>,32,12,[1 7],33,60,72,27,43
1,<environment.Job instance at 0x7f2126c13a50>,0,18,[ 2 10],1,1,19,0,1
1,<environment.Job instance at 0x7f2127908910>,1,14,[8 3],2,2,16,0,2
1,<environment.Job instance at 0x7f2127bca5a0>,4,12,[10  4],5,16,28,11,16
1,<environment.Job instance at 0x7f2127908cd0>,7,3,[1 8],8,19,22,11,19
1,<environment.Job instance at 0x7f21279088c0>,6,13,[5 8],7,22,35,15,22
1,<environment.Job instance at 0x7f21272d13c0>,15,1,[5 5],16,28,29,12,28
1,<environment.Job instance at 0x7f2127908280>,9,2,[10  5],10,29,31,19,29
1,<environment.Job instance at 0x7f21279080a0>,3,13,[10  2],4,31,44,27,31
1,<environment.Job instance at 0x7f2126c7ba00>,18,3,[3 7],19,35,38,16,35
1,<environment.Job instance at 0x7f21279082d0>,5,17,[2 5],6,35,52,29,35
1,<environment.Job instance at 0x7f2126d141e0>,20,17,[3 5],21,38,55,17,38
1,<environment.Job instance at 0x7f2127750050>,22,14,[6 5],23,44,58,21,44
1,<environment.Job instance at 0x7f2127ea45a0>,0,1,[ 2 11],1,1,2,0,1
1,<environment.Job instance at 0x7f2126c36280>,2,1,[9 4],3,3,4,0,3
1,<environment.Job instance at 0x7f2126c36b90>,3,2,[8 3],4,4,6,0,4
1,<environment.Job instance at 0x7f2127ea44b0>,6,2,[ 2 13],7,7,9,0,7
1,<environment.Job instance at 0x7f2126c360f0>,7,15,[ 2 12],8,9,24,1,8
1,<environment.Job instance at 0x7f2130a92d20>,10,2,[5 9],11,24,26,13,11
1,<environment.Job instance at 0x7f2130a92370>,11,3,[ 3 13],12,26,29,14,12
1,<environment.Job instance at 0x7f21277e3b90>,14,12,[6 3],15,29,41,14,15
1,<environment.Job instance at 0x7f21277e31e0>,18,13,[8 1],19,19,32,0,19
1,<environment.Job instance at 0x7f2126ef0460>,20,17,[6 3],21,32,49,11,21
1,<environment.Job instance at 0x7f2126ef07d0>,23,3,[1 6],24,29,32,5,24
1,<environment.Job instance at 0x7f2127d04c30>,24,3,[13  1],25,49,52,24,25
1,<environment.Job instance at 0x7f2126ef08c0>,22,19,[10  1],23,52,71,29,42
1,<environment.Job instance at 0x7f2126ef05f0>,2,1,[9 4],3,3,4,0,3
1,<environment.Job instance at 0x7f2127ea4cd0>,3,2,[8 3],4,4,6,0,4
1,<environment.Job instance at 0x7f2127ea42d0>,5,22,[10  2],6,6,28,0,6
1,<environment.Job instance at 0x7f212829f9b0>,9,21,[5 4],10,10,31,0,10
1,<environment.Job instance at 0x7f2127bbe690>,10,2,[5 9],11,28,30,17,28
1,<environment.Job instance at 0x7f2127d04230>,8,12,[10  1],9,30,42,21,30
1,<environment.Job instance at 0x7f2127bbe370>,23,3,[1 6],24,42,45,18,42
1,<environment.Job instance at 0x7f2127bbe4b0>,14,12,[6 3],15,42,54,27,42
1,<environment.Job instance at 0x7f2127bbe7d0>,18,13,[8 1],19,42,55,23,42
1,<environment.Job instance at 0x7f212839f730>,0,1,[6 2],1,1,2,0,1
1,<environment.Job instance at 0x7f212839f460>,6,14,[5 7],7,7,21,0,7
1,<environment.Job instance at 0x7f212839fe60>,8,16,[6 2],9,9,25,0,9
1,<environment.Job instance at 0x7f2127911a00>,12,14,[2 9],13,21,35,8,13
1,<environment.Job instance at 0x7f2127911a50>,17,2,[ 2 12],18,35,37,17,18
1,<environment.Job instance at 0x7f2127911f50>,18,3,[5 7],19,37,40,18,19
1,<environment.Job instance at 0x7f212839f500>,15,18,[11  2],16,40,58,24,29
1,<environment.Job instance at 0x7f2127911d20>,16,25,[ 1 10],17,40,65,23,37
1,<environment.Job instance at 0x7f2126b5d7d0>,21,12,[3 7],22,65,77,43,48
1,<environment.Job instance at 0x7f21280205a0>,0,1,[6 2],1,1,2,0,1
1,<environment.Job instance at 0x7f2128020be0>,2,17,[ 1 10],3,3,20,0,3
1,<environment.Job instance at 0x7f21280206e0>,3,19,[6 2],4,4,23,0,4
1,<environment.Job instance at 0x7f2127a81fa0>,8,16,[6 2],9,9,25,0,9
1,<environment.Job instance at 0x7f2128020e60>,5,14,[2 7],6,20,34,14,20
1,<environment.Job instance at 0x7f2127a81eb0>,4,14,[9 2],5,25,39,20,25
1,<environment.Job instance at 0x7f2127bbeb90>,18,3,[5 7],19,34,37,15,34
1,<environment.Job instance at 0x7f2127bbe4b0>,21,12,[3 7],22,37,49,15,37
1,<environment.Job instance at 0x7f2127bbe690>,20,12,[3 7],21,39,51,18,39
1,<environment.Job instance at 0x7f21383631e0>,6,14,[5 7],7,49,63,42,49
1,<environment.Job instance at 0x7f2128020780>,1,3,[ 1 13],2,2,5,0,2
1,<environment.Job instance at 0x7f212743bcd0>,2,14,[2 8],3,7,21,4,7
1,<environment.Job instance at 0x7f212743b550>,9,1,[8 3],10,10,11,0,10
1,<environment.Job instance at 0x7f212743b6e0>,10,1,[5 4],11,12,13,1,12
1,<environment.Job instance at 0x7f2127c35190>,12,2,[1 8],13,21,23,8,14
1,<environment.Job instance at 0x7f2127537820>,15,22,[7 5],16,16,38,0,16
1,<environment.Job instance at 0x7f2127c350a0>,13,14,[7 1],14,21,35,7,17
1,<environment.Job instance at 0x7f2126e4b190>,17,1,[1 8],18,23,24,5,21
1,<environment.Job instance at 0x7f2126e4d410>,22,3,[6 4],23,35,38,12,23
1,<environment.Job instance at 0x7f2126e4d910>,24,3,[ 3 13],25,38,41,13,25
1,<environment.Job instance at 0x7f21276cc0f0>,25,22,[2 5],26,41,63,15,34
1,<environment.Job instance at 0x7f2126e4d1e0>,23,15,[11  1],24,38,53,14,34
1,<environment.Job instance at 0x7f2126e4d6e0>,28,19,[3 6],29,53,72,24,43
1,<environment.Job instance at 0x7f2127b2dfa0>,29,21,[9 2],30,53,74,23,48
1,<environment.Job instance at 0x7f21277630a0>,0,18,[9 1],1,1,19,0,1
1,<environment.Job instance at 0x7f212839f0a0>,2,14,[2 8],3,3,17,0,3
1,<environment.Job instance at 0x7f2127a81fa0>,10,1,[5 4],11,17,18,6,17
1,<environment.Job instance at 0x7f21383631e0>,12,2,[1 8],13,17,19,4,17
1,<environment.Job instance at 0x7f2127febb40>,9,1,[8 3],10,19,20,9,19
1,<environment.Job instance at 0x7f2127c87a50>,17,1,[1 8],18,19,20,1,19
1,<environment.Job instance at 0x7f2127d9edc0>,13,14,[7 1],14,20,34,6,20
1,<environment.Job instance at 0x7f21271c6780>,16,18,[ 1 10],17,20,38,3,20
1,<environment.Job instance at 0x7f2127eec190>,22,3,[6 4],23,23,26,0,23
1,<environment.Job instance at 0x7f21280b57d0>,27,17,[5 3],28,28,45,0,28
1,<environment.Job instance at 0x7f2126c62500>,14,16,[10  3],15,39,55,24,39
1,<environment.Job instance at 0x7f2127c51640>,37,1,[1 7],38,45,46,7,45
1,<environment.Job instance at 0x7f2127eec1e0>,20,18,[3 7],21,46,64,25,46
1,<environment.Job instance at 0x7f2128087b40>,2,17,[6 3],3,3,20,0,3
1,<environment.Job instance at 0x7f2127763b40>,4,3,[ 4 10],5,5,8,0,5
1,<environment.Job instance at 0x7f2128087a50>,6,16,[6 3],7,8,24,1,7
1,<environment.Job instance at 0x7f2128087af0>,7,14,[5 5],8,20,34,12,8
1,<environment.Job instance at 0x7f21280874b0>,8,2,[ 4 12],9,34,36,25,9
1,<environment.Job instance at 0x7f2128087500>,10,3,[10  2],11,24,27,13,11
1,<environment.Job instance at 0x7f2128087690>,12,2,[13  1],13,36,38,23,13
1,<environment.Job instance at 0x7f2128087910>,18,3,[11  4],19,38,41,19,19
1,<environment.Job instance at 0x7f2128087e10>,16,14,[5 1],17,41,55,24,26
1,<environment.Job instance at 0x7f212745e9b0>,22,16,[5 1],23,41,57,18,28
1,<environment.Job instance at 0x7f212745e870>,28,2,[2 6],29,29,31,0,29
1,<environment.Job instance at 0x7f212745eaa0>,29,13,[ 3 10],30,38,51,8,30
1,<environment.Job instance at 0x7f2127f44e10>,35,2,[8 2],36,55,57,19,36
1,<environment.Job instance at 0x7f212745ecd0>,34,12,[6 2],35,57,69,22,41
1,<environment.Job instance at 0x7f2127f440a0>,42,12,[2 5],43,51,63,8,43
1,<environment.Job instance at 0x7f2127f44f50>,45,2,[6 2],46,57,59,11,46
1,<environment.Job instance at 0x7f2127f44a00>,46,13,[ 1 10],47,63,76,16,48
1,<environment.Job instance at 0x7f21279dbe10>,0,20,[5 3],1,1,21,0,1
1,<environment.Job instance at 0x7f21280b5d70>,2,17,[6 3],3,3,20,0,3
1,<environment.Job instance at 0x7f2126ad76e0>,4,3,[ 4 10],5,20,23,15,20
1,<environment.Job instance at 0x7f2127eec1e0>,10,3,[10  2],11,21,24,10,21
1,<environment.Job instance at 0x7f21280b57d0>,7,14,[5 5],8,23,37,15,23
1,<environment.Job instance at 0x7f2127eec9b0>,11,12,[10  2],12,24,36,12,24
1,<environment.Job instance at 0x7f2127a810f0>,19,13,[9 2],20,36,49,16,36
1,<environment.Job instance at 0x7f2130ac8fa0>,16,14,[5 1],17,37,51,20,37
1,<environment.Job instance at 0x7f2127f44280>,26,13,[8 5],27,49,62,22,49
1,<environment.Job instance at 0x7f212785eaa0>,0,14,[4 8],1,1,15,0,1
1,<environment.Job instance at 0x7f2127474dc0>,4,13,[4 5],5,5,18,0,5
1,<environment.Job instance at 0x7f2127474a00>,6,2,[3 9],7,15,17,8,7
1,<environment.Job instance at 0x7f2127474e10>,10,2,[7 1],11,11,13,0,11
1,<environment.Job instance at 0x7f2127474690>,11,3,[2 6],12,17,20,5,12
1,<environment.Job instance at 0x7f2127474550>,14,1,[6 5],15,18,19,3,15
1,<environment.Job instance at 0x7f2130a68fa0>,17,15,[2 7],18,19,34,1,18
1,<environment.Job instance at 0x7f2127af60f0>,24,13,[8 3],25,25,38,0,25
1,<environment.Job instance at 0x7f2127937140>,25,2,[ 2 12],26,34,36,8,26
1,<environment.Job instance at 0x7f2127937230>,26,13,[1 9],27,36,49,9,27
1,<environment.Job instance at 0x7f2127af61e0>,22,17,[13  3],23,38,55,15,29
1,<environment.Job instance at 0x7f2127585c30>,36,16,[5 4],37,55,71,18,42
1,<environment.Job instance at 0x7f2127fcefa0>,38,12,[5 2],39,55,67,16,42
1,<environment.Job instance at 0x7f2127cb0a50>,0,14,[4 8],1,1,15,0,1
1,<environment.Job instance at 0x7f2127cb0b40>,4,13,[4 5],5,5,18,0,5
1,<environment.Job instance at 0x7f21279dbe10>,10,2,[7 1],11,11,13,0,11
1,<environment.Job instance at 0x7f2127474820>,14,1,[6 5],15,15,16,0,15
1,<environment.Job instance at 0x7f2127cb0640>,6,2,[3 9],7,16,18,9,16
1,<environment.Job instance at 0x7f2128375190>,11,3,[2 6],12,18,21,6,18
1,<environment.Job instance at 0x7f212746bc80>,7,14,[10  4],8,18,32,10,18
1,<environment.Job instance at 0x7f2127954460>,15,17,[1 5],16,18,35,2,18
1,<environment.Job instance at 0x7f212785e2d0>,18,17,[3 5],19,21,38,2,21
1,<environment.Job instance at 0x7f21272f15f0>,24,13,[8 3],25,32,45,7,32
1,<environment.Job instance at 0x7f2127474320>,17,15,[2 7],18,35,50,17,35
1,<environment.Job instance at 0x7f212785ee60>,19,16,[5 2],20,38,54,18,38
1,<environment.Job instance at 0x7f2127cb0780>,9,20,[8 4],10,45,65,35,45
1,<environment.Job instance at 0x7f2127748280>,0,12,[7 1],1,1,13,0,1
1,<environment.Job instance at 0x7f2127748780>,2,13,[8 4],3,3,16,0,3
1,<environment.Job instance at 0x7f21277485f0>,3,17,[6 2],4,13,30,9,4
1,<environment.Job instance at 0x7f2126fd6d20>,5,2,[6 4],6,16,18,10,6
1,<environment.Job instance at 0x7f212816feb0>,11,13,[4 7],12,18,31,6,12
1,<environment.Job instance at 0x7f212723aa00>,13,12,[7 5],14,30,42,16,14
1,<environment.Job instance at 0x7f21281dae10>,24,1,[2 7],25,31,32,6,25
1,<environment.Job instance at 0x7f21281dd6e0>,25,12,[8 1],26,32,44,6,26
1,<environment.Job instance at 0x7f2127e72370>,31,14,[1 6],32,42,56,10,32
1,<environment.Job instance at 0x7f2126c95050>,36,19,[2 9],37,44,63,7,37
1,<environment.Job instance at 0x7f21277c87d0>,38,2,[ 5 11],39,63,65,24,40
1,<environment.Job instance at 0x7f21277c8dc0>,37,13,[7 3],38,56,69,18,42
1,<environment.Job instance at 0x7f21282c5320>,42,1,[ 4 10],43,65,66,22,43
1,<environment.Job instance at 0x7f21272f1cd0>,0,12,[7 1],1,1,13,0,1
1,<environment.Job instance at 0x7f21272f19b0>,2,13,[8 4],3,3,16,0,3
1,<environment.Job instance at 0x7f21272f1550>,5,2,[6 4],6,13,15,7,13
1,<environment.Job instance at 0x7f21272f11e0>,4,16,[6 5],5,15,31,10,15
1,<environment.Job instance at 0x7f212723a0a0>,13,12,[7 5],14,16,28,2,16
1,<environment.Job instance at 0x7f21272f1be0>,11,13,[4 7],12,28,41,16,28
1,<environment.Job instance at 0x7f2126e1e690>,15,12,[1 6],16,31,43,15,31
1,<environment.Job instance at 0x7f2127a85730>,19,14,[9 1],20,31,45,11,31
1,<environment.Job instance at 0x7f21277488c0>,14,18,[3 5],15,41,59,26,41
1,<environment.Job instance at 0x7f21272f1fa0>,3,17,[6 2],4,45,62,41,45
1,<environment.Job instance at 0x7f2126e5e2d0>,24,1,[2 7],25,45,46,20,45
1,<environment.Job instance at 0x7f2126efafa0>,9,17,[6 2],10,46,63,36,46
1,<environment.Job instance at 0x7fa4b722b8c0>,0,17,[6 1],1,1,18,0,1
1,<environment.Job instance at 0x7fa4b722b910>,1,3,[ 2 10],2,2,5,0,2
1,<environment.Job instance at 0x7fa4adbd5910>,4,13,[3 6],5,5,18,0,5
1,<environment.Job instance at 0x7fa4adbd5960>,5,2,[1 6],6,6,8,0,6
1,<environment.Job instance at 0x7fa4adbd5a00>,8,2,[ 1 14],9,18,20,9,11
1,<environment.Job instance at 0x7fa4adbd5dc0>,11,3,[4 9],12,20,23,8,12
1,<environment.Job instance at 0x7fa4adbd80f0>,14,21,[8 1],15,18,39,3,15
1,<environment.Job instance at 0x7fa4adbd8140>,15,3,[2 8],16,23,26,7,16
1,<environment.Job instance at 0x7fa4adbd8410>,17,12,[5 1],18,23,35,5,18
1,<environment.Job instance at 0x7fa4adbd8280>,20,3,[10  5],21,39,42,18,21
1,<environment.Job instance at 0x7fa4adbd8730>,22,12,[3 8],23,35,47,12,23
1,<environment.Job instance at 0x7fa4adbd8960>,24,2,[4 6],25,35,37,10,25
1,<environment.Job instance at 0x7fa4adbd8870>,25,2,[5 7],26,42,44,16,26
1,<environment.Job instance at 0x7fa4adbd8eb0>,31,1,[ 2 14],32,47,48,15,32
1,<environment.Job instance at 0x7fa4adbdb0a0>,34,14,[1 9],35,48,62,13,35
1,<environment.Job instance at 0x7fa4adbd8be0>,27,17,[4 6],28,48,65,20,40
1,<environment.Job instance at 0x7fa4adbd5be0>,9,12,[8 2],10,62,74,52,45
1,<environment.Job instance at 0x7fa4adbdb7d0>,42,12,[ 5 12],43,65,77,22,51
1,<environment.Job instance at 0x7fa4b722ba50>,0,17,[6 1],1,1,18,0,1
1,<environment.Job instance at 0x7fa4adbd5640>,1,3,[ 2 10],2,2,5,0,2
1,<environment.Job instance at 0x7fa4adbd5a50>,4,13,[3 6],5,5,18,0,5
1,<environment.Job instance at 0x7fa4b722b960>,3,22,[2 5],4,5,27,1,5
1,<environment.Job instance at 0x7fa4adbde410>,5,2,[1 6],6,18,20,12,18
1,<environment.Job instance at 0x7fa4adbdec80>,9,12,[8 2],10,18,30,8,18
1,<environment.Job instance at 0x7fa4adbdecd0>,15,3,[2 8],16,20,23,4,20
1,<environment.Job instance at 0x7fa4adbe1140>,17,12,[5 1],18,23,35,5,23
1,<environment.Job instance at 0x7fa4adbd55a0>,2,14,[ 2 10],3,27,41,24,27
1,<environment.Job instance at 0x7fa4adbe10a0>,16,18,[7 3],17,30,48,13,30
1,<environment.Job instance at 0x7fa4adbded70>,11,3,[4 9],12,41,44,29,41
1,<environment.Job instance at 0x7fa4adbe17d0>,24,2,[4 6],25,44,46,19,44
1,<environment.Job instance at 0x7fa4adbe1870>,25,2,[5 7],26,46,48,20,46
1,<environment.Job instance at 0x7fa4adbe11e0>,20,3,[10  5],21,48,51,27,48
1,<environment.Job instance at 0x7fa4adbe1640>,22,12,[3 8],23,48,60,25,48
1,<environment.Job instance at 0x7fa4adbe14b0>,26,12,[8 5],27,51,63,24,51
1,<environment.Job instance at 0x7fa4ad6ceaf0>,0,14,[ 2 10],1,1,15,0,1
1,<environment.Job instance at 0x7fa4ad6ce0a0>,1,2,[ 1 12],2,15,17,13,2
1,<environment.Job instance at 0x7fa4ad6ce140>,2,2,[5 9],3,17,19,14,3
1,<environment.Job instance at 0x7fa4ad6ce460>,4,12,[5 6],5,17,29,12,5
1,<environment.Job instance at 0x7fa4ad6ce7d0>,12,14,[2 6],13,19,33,6,13
1,<environment.Job instance at 0x7fa4ad851780>,13,1,[5 3],14,14,15,0,14
1,<environment.Job instance at 0x7fa4adbdb2d0>,14,2,[5 5],15,29,31,14,15
1,<environment.Job instance at 0x7fa4ad7cc7d0>,18,14,[6 1],19,19,33,0,19
1,<environment.Job instance at 0x7fa4ad698cd0>,24,1,[5 5],25,31,32,6,25
1,<environment.Job instance at 0x7fa4ad6988c0>,26,3,[6 3],27,32,35,5,27
1,<environment.Job instance at 0x7fa4ad698050>,35,16,[8 4],36,36,52,0,36
1,<environment.Job instance at 0x7fa4ad698320>,36,18,[2 6],37,37,55,0,37
1,<environment.Job instance at 0x7fa4ad6985a0>,37,2,[6 2],38,52,54,14,38
1,<environment.Job instance at 0x7fa4ad698730>,38,1,[2 9],39,54,55,15,40
1,<environment.Job instance at 0x7fa4ad698280>,39,2,[13  5],40,55,57,15,42
1,<environment.Job instance at 0x7fa4ad698a50>,27,18,[7 1],28,57,75,29,46
1,<environment.Job instance at 0x7fa4ad694730>,41,15,[ 2 13],42,57,72,15,48
1,<environment.Job instance at 0x7fa4ad6949b0>,44,1,[ 1 10],45,55,56,10,54
1,<environment.Job instance at 0x7fa4ad694f00>,47,2,[5 5],48,72,74,24,54
1,<environment.Job instance at 0x7fa4adbe31e0>,0,14,[ 2 10],1,1,15,0,1
1,<environment.Job instance at 0x7fa4adbe3410>,3,21,[5 5],4,4,25,0,4
1,<environment.Job instance at 0x7fa4adbe32d0>,2,2,[5 9],3,15,17,12,15
1,<environment.Job instance at 0x7fa4b72740f0>,4,12,[5 6],5,17,29,12,17
1,<environment.Job instance at 0x7fa4ad3fa280>,9,14,[9 4],10,25,39,15,25
1,<environment.Job instance at 0x7fa4ad3fa8c0>,12,14,[2 6],13,29,43,16,29
1,<environment.Job instance at 0x7fa4ad3fa320>,13,1,[5 3],14,39,40,25,39
1,<environment.Job instance at 0x7fa4ad3fa640>,14,2,[5 5],15,39,41,24,39
1,<environment.Job instance at 0x7fa4ad3fa190>,8,14,[6 4],9,40,54,31,40
1,<environment.Job instance at 0x7fa4adbe3140>,5,15,[5 5],6,41,56,35,41
1,<environment.Job instance at 0x7fa4ad39c820>,16,13,[10  1],17,54,67,37,54
1,<environment.Job instance at 0x7fa4ad4fd2d0>,7,16,[1 9],8,56,72,48,56
1,<environment.Job instance at 0x7fa4ad380820>,1,2,[ 5 14],2,2,4,0,2
1,<environment.Job instance at 0x7fa4ad380eb0>,3,3,[10  3],4,4,7,0,4
1,<environment.Job instance at 0x7fa4ad380a50>,4,12,[1 5],5,5,17,0,5
1,<environment.Job instance at 0x7fa4ad380af0>,5,3,[2 9],6,7,10,1,6
1,<environment.Job instance at 0x7fa4ad3682d0>,6,13,[2 6],7,10,23,3,7
1,<environment.Job instance at 0x7fa4ad368500>,7,2,[5 5],8,17,19,9,8
1,<environment.Job instance at 0x7fa4ad368550>,8,19,[1 7],9,19,38,10,9
1,<environment.Job instance at 0x7fa4ad368140>,9,3,[1 5],10,23,26,13,10
1,<environment.Job instance at 0x7fa4ad3805f0>,13,2,[ 5 10],14,38,40,24,14
1,<environment.Job instance at 0x7fa4ad368f00>,16,1,[9 5],17,26,27,9,17
1,<environment.Job instance at 0x7fa4ad3685f0>,20,1,[ 3 11],21,40,41,19,23
1,<environment.Job instance at 0x7fa4ad368780>,19,13,[1 8],20,41,54,21,25
1,<environment.Job instance at 0x7fa4ad376410>,25,3,[9 2],26,27,30,1,26
1,<environment.Job instance at 0x7fa4ad368c30>,14,12,[5 4],15,27,39,12,27
1,<environment.Job instance at 0x7fa4ad376f00>,27,2,[3 8],28,54,56,26,28
1,<environment.Job instance at 0x7fa4ad3768c0>,28,3,[4 8],29,56,59,27,30
1,<environment.Job instance at 0x7fa4ad376af0>,26,13,[10  5],27,41,54,14,33
1,<environment.Job instance at 0x7fa4ad376730>,30,12,[5 1],31,54,66,23,37
1,<environment.Job instance at 0x7fa4ad3761e0>,31,22,[5 6],32,54,76,22,47
1,<environment.Job instance at 0x7fa4ad3732d0>,36,2,[6 5],37,66,68,29,47
1,<environment.Job instance at 0x7fa4ad376f50>,3,3,[10  3],4,4,7,0,4
1,<environment.Job instance at 0x7fa4ad3760a0>,4,12,[1 5],5,5,17,0,5
1,<environment.Job instance at 0x7fa4ad36e870>,5,3,[2 9],6,7,10,1,7
1,<environment.Job instance at 0x7fa4ad380230>,7,2,[5 5],8,10,12,2,10
1,<environment.Job instance at 0x7fa4ad380500>,9,3,[1 5],10,10,13,0,10
1,<environment.Job instance at 0x7fa4ad36e6e0>,6,13,[2 6],7,13,26,6,13
1,<environment.Job instance at 0x7fa4ad36c2d0>,12,18,[10  4],13,13,31,0,13
1,<environment.Job instance at 0x7fa4ad36ccd0>,13,2,[ 5 10],14,26,28,12,26
1,<environment.Job instance at 0x7fa4ad36c4b0>,14,12,[5 4],15,28,40,13,28
1,<environment.Job instance at 0x7fa4ad36cc30>,16,1,[9 5],17,31,32,14,31
1,<environment.Job instance at 0x7fa4ad36c140>,19,13,[1 8],20,32,45,12,32
1,<environment.Job instance at 0x7fa4ad3651e0>,25,3,[9 2],26,32,35,6,32
1,<environment.Job instance at 0x7fa4ad36c050>,15,15,[8 3],16,35,50,19,35
1,<environment.Job instance at 0x7fa4ad3652d0>,27,2,[3 8],28,45,47,17,45
1,<environment.Job instance at 0x7fa4ad365be0>,28,3,[4 8],29,47,50,18,47
1,<environment.Job instance at 0x7fa4ad365230>,26,13,[10  5],27,50,63,23,50
1,<environment.Job instance at 0x7fa4ad365140>,30,12,[5 1],31,50,62,19,50
1,<environment.Job instance at 0x7fa4ad1c5fa0>,2,21,[2 5],3,3,24,0,3
1,<environment.Job instance at 0x7fa4ad1ca190>,6,13,[9 5],7,7,20,0,7
1,<environment.Job instance at 0x7fa4ad35c410>,2,21,[2 5],3,3,24,0,3
1,<environment.Job instance at 0x7fa4ad35c550>,4,21,[9 3],5,5,26,0,5
1,<environment.Job instance at 0x7fa4ad35f3c0>,12,12,[1 9],13,24,36,11,24
1,<environment.Job instance at 0x7fa4ad35f460>,10,3,[9 5],11,26,29,15,26
1,<environment.Job instance at 0x7fa4ad35c140>,6,13,[9 5],7,29,42,22,29
1,<environment.Job instance at 0x7fa4ad35ff50>,16,18,[1 7],17,36,54,19,36
1,<environment.Job instance at 0x7fa4ad35f2d0>,19,13,[7 2],20,42,55,22,42
1,<environment.Job instance at 0x7fa4ad35f4b0>,15,13,[7 3],16,42,55,26,42
1,<environment.Job instance at 0x7fa4ad365780>,23,13,[7 1],24,55,68,31,55
1,<environment.Job instance at 0x7fa4ad365af0>,22,16,[5 3],23,55,71,32,55
1,<environment.Job instance at 0x7fa4ad35f640>,21,17,[2 7],22,55,72,33,55
1,<environment.Job instance at 0x7fa4ad1cfeb0>,0,12,[ 5 10],1,1,13,0,1
1,<environment.Job instance at 0x7fa4ad1cfdc0>,2,13,[4 5],3,6,19,3,6
1,<environment.Job instance at 0x7fa4add23d70>,8,13,[3 5],9,13,26,4,9
1,<environment.Job instance at 0x7fa4add23370>,16,1,[3 9],17,19,20,2,19
1,<environment.Job instance at 0x7fa4add23a00>,17,20,[ 4 11],18,26,46,8,19
1,<environment.Job instance at 0x7fa4add235a0>,7,24,[6 2],8,20,44,12,20
1,<environment.Job instance at 0x7fa4adcac6e0>,22,3,[5 4],23,23,26,0,23
1,<environment.Job instance at 0x7fa4add23820>,5,14,[10  3],6,44,58,38,40
1,<environment.Job instance at 0x7fa4adcacdc0>,20,27,[1 5],21,46,73,25,44
1,<environment.Job instance at 0x7fa4adcac3c0>,28,1,[8 5],29,58,59,29,46
1,<environment.Job instance at 0x7fa4ad2fe3c0>,0,12,[ 5 10],1,1,13,0,1
1,<environment.Job instance at 0x7fa4ad368d70>,1,13,[9 2],2,2,15,0,2
1,<environment.Job instance at 0x7fa4ad368a50>,2,13,[4 5],3,13,26,10,13
1,<environment.Job instance at 0x7fa4ad36cd70>,8,13,[3 5],9,15,28,6,15
1,<environment.Job instance at 0x7fa4ad1c0aa0>,12,20,[5 1],13,15,35,2,15
1,<environment.Job instance at 0x7fa4add71dc0>,16,1,[3 9],17,26,27,9,26
1,<environment.Job instance at 0x7fa4add83280>,22,3,[5 4],23,27,30,4,27
1,<environment.Job instance at 0x7fa4ad36ce60>,9,16,[5 8],10,28,44,18,28
1,<environment.Job instance at 0x7fa4add83c30>,27,14,[9 1],28,35,49,7,35
1,<environment.Job instance at 0x7fa4add83b40>,23,18,[ 1 10],24,44,62,20,44
1,<environment.Job instance at 0x7fa4add834b0>,28,1,[8 5],29,49,50,20,49
1,<environment.Job instance at 0x7fa4addf30a0>,31,1,[7 4],32,50,51,18,50
1,<environment.Job instance at 0x7fa4ad36c2d0>,5,14,[10  3],6,51,65,45,51
1,<environment.Job instance at 0x7fa4ae147050>,1,14,[3 8],2,2,16,0,2
1,<environment.Job instance at 0x7fa4ae3303c0>,4,3,[4 5],5,5,8,0,5
1,<environment.Job instance at 0x7fa4ace78140>,5,16,[5 3],6,8,24,2,6
1,<environment.Job instance at 0x7fa4ad359c30>,6,14,[7 1],7,7,21,0,7
1,<environment.Job instance at 0x7fa4ae3eab90>,7,12,[6 3],8,21,33,13,8
1,<environment.Job instance at 0x7fa4ae3ea730>,8,3,[5 2],9,24,27,15,9
1,<environment.Job instance at 0x7fa4ad484370>,10,3,[5 8],11,27,30,16,11
1,<environment.Job instance at 0x7fa4ae08baa0>,12,13,[6 5],13,30,43,17,14
1,<environment.Job instance at 0x7fa4ade978c0>,20,2,[7 5],21,33,35,12,21
1,<environment.Job instance at 0x7fa4adfc04b0>,29,13,[2 9],30,35,48,5,30
1,<environment.Job instance at 0x7fa4adfc0500>,30,20,[4 9],31,48,68,17,41
1,<environment.Job instance at 0x7fa4adfc0460>,31,12,[2 7],32,68,80,36,51
1,<environment.Job instance at 0x7fa4adc691e0>,0,18,[1 7],1,1,19,0,1
1,<environment.Job instance at 0x7fa4adc690a0>,1,14,[3 8],2,2,16,0,2
1,<environment.Job instance at 0x7fa4adc6d730>,4,3,[4 5],5,16,19,11,16
1,<environment.Job instance at 0x7fa4adc6df00>,8,3,[5 2],9,16,19,7,16
1,<environment.Job instance at 0x7fa4add42730>,10,3,[5 8],11,19,22,8,19
1,<environment.Job instance at 0x7fa4adc6d4b0>,7,12,[6 3],8,19,31,11,19
1,<environment.Job instance at 0x7fa4add834b0>,12,13,[6 5],13,22,35,9,22
1,<environment.Job instance at 0x7fa4adc6dd20>,6,14,[7 1],7,31,45,24,31
1,<environment.Job instance at 0x7fa4ace576e0>,20,2,[7 5],21,35,37,14,35
1,<environment.Job instance at 0x7fa4add83730>,13,16,[ 5 10],14,37,53,23,37
1,<environment.Job instance at 0x7fa4adc69280>,5,16,[5 3],6,45,61,39,45
1,<environment.Job instance at 0x7fa4adc50c30>,31,12,[2 7],32,53,65,21,53
1,<environment.Job instance at 0x7fa4add83dc0>,18,16,[8 3],19,53,69,34,53
1,<environment.Job instance at 0x7fa4adc698c0>,3,3,[ 5 10],4,4,7,0,4
1,<environment.Job instance at 0x7fa4ad3af140>,4,1,[9 5],5,5,6,0,5
1,<environment.Job instance at 0x7fa4ad3afa00>,6,2,[5 3],7,7,9,0,7
1,<environment.Job instance at 0x7fa4ad3aff50>,7,12,[3 8],8,8,20,0,8
1,<environment.Job instance at 0x7fa4ad3af5a0>,5,16,[5 2],6,11,27,5,11
1,<environment.Job instance at 0x7fa4ae68d690>,11,1,[7 3],12,12,13,0,12
1,<environment.Job instance at 0x7fa4ae68d140>,12,13,[5 5],13,13,26,0,13
1,<environment.Job instance at 0x7fa4ad3afcd0>,9,14,[2 8],10,20,34,10,16
1,<environment.Job instance at 0x7fa4adbbf8c0>,19,1,[10  5],20,27,28,7,20
1,<environment.Job instance at 0x7fa4adbac4b0>,20,2,[ 2 12],21,34,36,13,21
1,<environment.Job instance at 0x7fa4ae012370>,13,20,[7 1],14,28,48,14,23
1,<environment.Job instance at 0x7fa4adbc0cd0>,21,13,[ 5 10],22,36,49,14,23
1,<environment.Job instance at 0x7fa4adb6f460>,23,2,[9 3],24,48,50,24,24
1,<environment.Job instance at 0x7fa4ad7399b0>,24,2,[3 5],25,28,30,3,25
1,<environment.Job instance at 0x7fa4ad59acd0>,32,16,[ 2 11],33,49,65,16,44
1,<environment.Job instance at 0x7fa4ad6c9460>,15,26,[6 1],16,50,76,34,48
1,<environment.Job instance at 0x7fa4adb8efa0>,37,16,[4 5],38,65,81,27,52
1,<environment.Job instance at 0x7fa4ad381820>,2,21,[ 5 10],3,3,24,0,3
1,<environment.Job instance at 0x7fa4ad6d4f50>,4,1,[9 5],5,5,6,0,5
1,<environment.Job instance at 0x7fa4ad381c80>,5,16,[5 2],6,6,22,0,6
1,<environment.Job instance at 0x7fa4ad04abe0>,6,2,[5 3],7,7,9,0,7
1,<environment.Job instance at 0x7fa4ae6b2a50>,11,1,[7 3],12,22,23,10,22
1,<environment.Job instance at 0x7fa4b6e11230>,12,13,[5 5],13,23,36,10,23
1,<environment.Job instance at 0x7fa4ace6b690>,19,1,[10  5],20,24,25,4,24
1,<environment.Job instance at 0x7fa4addf0b90>,23,2,[9 3],24,25,27,1,25
1,<environment.Job instance at 0x7fa4ae28d9b0>,24,2,[3 5],25,27,29,2,27
1,<environment.Job instance at 0x7fa4ad381050>,3,3,[ 5 10],4,29,32,25,29
1,<environment.Job instance at 0x7fa4ad206140>,7,12,[3 8],8,32,44,24,32
1,<environment.Job instance at 0x7fa4adaaee10>,27,13,[1 7],28,36,49,8,36
1,<environment.Job instance at 0x7fa4ad206eb0>,9,14,[2 8],10,44,58,34,44
1,<environment.Job instance at 0x7fa4adc6df00>,34,15,[10  4],35,49,64,14,49
1,<environment.Job instance at 0x7fa4adfc03c0>,21,13,[ 5 10],22,58,71,36,58
1,<environment.Job instance at 0x7fa4ae0b50a0>,2,1,[ 4 10],3,3,4,0,3
1,<environment.Job instance at 0x7fa4ae1a0c30>,6,21,[6 5],7,7,28,0,7
1,<environment.Job instance at 0x7fa4ae1a0690>,7,20,[2 7],8,8,28,0,8
1,<environment.Job instance at 0x7fa4ae5ef1e0>,12,15,[2 6],13,47,62,34,47
1,<environment.Job instance at 0x7fa4ae052500>,15,14,[10  2],16,47,61,31,47
1,<environment.Job instance at 0x7fa4ae122820>,13,17,[10  4],14,61,78,47,49
1,<environment.Job instance at 0x7fa4ad3af4b0>,2,1,[ 4 10],3,3,4,0,3
1,<environment.Job instance at 0x7fa4adc6ddc0>,6,21,[6 5],7,7,28,0,7
1,<environment.Job instance at 0x7fa4adc6d730>,7,20,[2 7],8,8,28,0,8
1,<environment.Job instance at 0x7fa4adc6dd20>,9,14,[6 4],10,28,42,18,28
1,<environment.Job instance at 0x7fa4ae6b2a50>,20,13,[ 4 10],21,28,41,7,28
1,<environment.Job instance at 0x7fa4b6e11a50>,22,3,[8 5],23,41,44,18,41
1,<environment.Job instance at 0x7fa4ad749c80>,24,1,[4 6],25,42,43,17,42
1,<environment.Job instance at 0x7fa4ad3afaa0>,12,15,[2 6],13,43,58,30,43
1,<environment.Job instance at 0x7fa4ace6b690>,15,14,[10  2],16,44,58,28,44
1,<environment.Job instance at 0x7fa4ad6b5320>,30,3,[10  3],31,58,61,27,58
1,<environment.Job instance at 0x7fa4ad1463c0>,3,22,[3 8],4,4,26,0,4
1,<environment.Job instance at 0x7fa4ad146230>,5,16,[7 5],6,6,22,0,6
1,<environment.Job instance at 0x7fa4ad146960>,7,12,[5 5],8,22,34,14,8
1,<environment.Job instance at 0x7fa4ad146aa0>,8,2,[ 4 10],9,26,28,17,9
1,<environment.Job instance at 0x7fa4ad146c80>,13,12,[7 5],14,35,47,21,35
1,<environment.Job instance at 0x7fa4ad00d960>,3,22,[3 8],4,4,26,0,4
1,<environment.Job instance at 0x7fa4acfd9550>,5,16,[7 5],6,6,22,0,6
1,<environment.Job instance at 0x7fa4acfd9280>,10,18,[5 2],11,11,29,0,11
1,<environment.Job instance at 0x7fa4ad011690>,13,12,[7 5],14,22,34,8,22
1,<environment.Job instance at 0x7fa4acfd9dc0>,8,2,[ 4 10],9,29,31,20,29
1,<environment.Job instance at 0x7fa4ad00d8c0>,7,12,[5 5],8,31,43,23,31
1,<environment.Job instance at 0x7fa4ad011e60>,20,13,[7 3],21,34,47,13,34
1,<environment.Job instance at 0x7fa4ad0110f0>,11,13,[8 1],12,43,56,31,43
1,<environment.Job instance at 0x7fa4ad011230>,18,15,[6 5],19,47,62,28,47
1,<environment.Job instance at 0x7fa4ad0115f0>,17,15,[5 7],18,56,71,38,56
1,<environment.Job instance at 0x7fa4acf93370>,3,1,[ 4 10],4,4,5,0,4
1,<environment.Job instance at 0x7fa4ae6daaf0>,13,12,[3 9],14,14,26,0,14
1,<environment.Job instance at 0x7fa4ad8757d0>,0,14,[10  2],1,1,15,0,1
1,<environment.Job instance at 0x7fa4ad875870>,1,17,[4 9],2,2,19,0,2
1,<environment.Job instance at 0x7fa4ad875820>,5,18,[8 2],6,15,33,9,15
1,<environment.Job instance at 0x7fa4ad875410>,3,1,[ 4 10],4,19,20,15,19
1,<environment.Job instance at 0x7fa4ad875f50>,7,15,[2 7],8,20,35,12,20
1,<environment.Job instance at 0x7fa4ad875b40>,9,17,[2 6],10,20,37,10,20
1,<environment.Job instance at 0x7fa4ad8755a0>,8,16,[6 1],9,33,49,24,33
1,<environment.Job instance at 0x7fa4ad875c30>,4,16,[1 7],5,35,51,30,35
1,<environment.Job instance at 0x7fa4ae601280>,17,13,[4 5],18,37,50,19,37
1,<environment.Job instance at 0x7fa4ad875500>,10,14,[10  3],11,49,63,38,49
1,<environment.Job instance at 0x7fa4ae601690>,19,16,[1 5],20,50,66,30,50
1,<environment.Job instance at 0x7fa4ad875640>,11,18,[4 7],12,51,69,39,51
1,<environment.Job instance at 0x7fa4aceb1d20>,3,3,[ 1 10],4,4,7,0,4
1,<environment.Job instance at 0x7fa4ace96cd0>,5,14,[5 8],6,7,21,1,6
1,<environment.Job instance at 0x7fa4ace96d20>,6,2,[5 5],7,7,9,0,7
1,<environment.Job instance at 0x7fa4aceb15a0>,8,1,[5 5],9,9,10,0,9
1,<environment.Job instance at 0x7fa4ace5a960>,12,15,[6 1],13,13,28,0,13
1,<environment.Job instance at 0x7fa4ace5a7d0>,13,13,[1 5],14,14,27,0,14
1,<environment.Job instance at 0x7fa4ad256460>,15,3,[1 9],16,21,24,5,16
1,<environment.Job instance at 0x7fa4ad2560f0>,16,14,[3 6],17,24,38,7,17
1,<environment.Job instance at 0x7fa4ace5a230>,18,1,[1 6],19,27,28,8,19
1,<environment.Job instance at 0x7fa4ad256af0>,24,17,[5 2],25,26,43,1,26
1,<environment.Job instance at 0x7fa4ad256a50>,25,13,[5 4],26,28,41,2,27
1,<environment.Job instance at 0x7fa4ad256e10>,27,3,[9 5],28,41,44,13,28
1,<environment.Job instance at 0x7fa4ad256e60>,28,3,[1 8],29,38,41,9,29
1,<environment.Job instance at 0x7fa4ad256c30>,26,14,[ 4 13],27,44,58,17,31
1,<environment.Job instance at 0x7fa4ad3572d0>,31,2,[10  2],32,44,46,12,32
1,<environment.Job instance at 0x7fa4ad357410>,32,3,[10  1],33,46,49,13,33
1,<environment.Job instance at 0x7fa4ad357870>,38,1,[1 5],39,41,42,2,39
1,<environment.Job instance at 0x7fa4ad357910>,39,1,[2 8],40,43,44,3,40
1,<environment.Job instance at 0x7fa4ad357730>,37,12,[6 2],38,49,61,11,41
1,<environment.Job instance at 0x7fa4ad358050>,47,12,[7 2],48,58,70,10,49
1,<environment.Job instance at 0x7fa4ad358190>,49,19,[ 2 13],50,61,80,11,52
1,<environment.Job instance at 0x7fa4ae2f70f0>,1,14,[8 4],2,2,16,0,2
1,<environment.Job instance at 0x7fa4ae2f7c30>,3,3,[ 1 10],4,4,7,0,4
1,<environment.Job instance at 0x7fa4ace78820>,6,2,[5 5],7,7,9,0,7
1,<environment.Job instance at 0x7fa4ace788c0>,8,1,[5 5],9,9,10,0,9
1,<environment.Job instance at 0x7fa4ae2f7be0>,5,14,[5 8],6,10,24,4,10
1,<environment.Job instance at 0x7fa4ae2f7280>,2,14,[9 2],3,16,30,13,16
1,<environment.Job instance at 0x7fa4ace78eb0>,13,13,[1 5],14,16,29,2,16
1,<environment.Job instance at 0x7fa4ace78730>,15,3,[1 9],16,29,32,13,29
1,<environment.Job instance at 0x7fa4ace78870>,16,14,[3 6],17,30,44,13,30
1,<environment.Job instance at 0x7fa4ace78190>,18,1,[1 6],19,32,33,13,32
1,<environment.Job instance at 0x7fa4ace78d20>,12,15,[6 1],13,32,47,19,32
1,<environment.Job instance at 0x7fa4ace78aa0>,7,18,[6 2],8,33,51,25,33
1,<environment.Job instance at 0x7fa4ad7439b0>,22,15,[9 1],23,47,62,24,47
1,<environment.Job instance at 0x7fa4acf93b40>,25,13,[5 4],26,51,64,25,51
1,<environment.Job instance at 0x7fa4ae596780>,0,2,[12  2],1,1,3,0,1
1,<environment.Job instance at 0x7fa4ae1fe190>,1,15,[5 6],2,3,18,1,2
1,<environment.Job instance at 0x7fa4ad4da0f0>,4,25,[6 2],5,5,30,0,5
1,<environment.Job instance at 0x7fa4ad4da050>,5,1,[5 5],6,18,19,12,6
1,<environment.Job instance at 0x7fa4ad4da460>,6,16,[5 4],7,19,35,12,7
1,<environment.Job instance at 0x7fa4ae07c190>,8,3,[3 7],9,9,12,0,9
1,<environment.Job instance at 0x7fa4ae1964b0>,16,2,[10  4],17,30,32,13,17
1,<environment.Job instance at 0x7fa4ae839550>,18,14,[2 6],19,32,46,13,19
1,<environment.Job instance at 0x7fa4ae839e10>,21,15,[4 7],22,35,50,13,23
1,<environment.Job instance at 0x7fa4ae18d3c0>,22,12,[1 7],23,46,58,23,29
1,<environment.Job instance at 0x7fa4ad332af0>,28,1,[ 3 10],29,58,59,29,30
1,<environment.Job instance at 0x7fa4ada48b90>,30,2,[3 6],31,50,52,19,31
1,<environment.Job instance at 0x7fa4ad332550>,29,3,[ 3 14],30,59,62,29,33
1,<environment.Job instance at 0x7fa4ad575cd0>,31,13,[6 4],32,62,75,30,56
1,<environment.Job instance at 0x7fa4ad067e60>,34,15,[5 5],35,62,77,27,59
1,<environment.Job instance at 0x7fa4ad3570f0>,1,15,[5 6],2,2,17,0,2
1,<environment.Job instance at 0x7fa4ad256140>,5,1,[5 5],6,6,7,0,6
1,<environment.Job instance at 0x7fa4ad357190>,6,16,[5 4],7,7,23,0,7
1,<environment.Job instance at 0x7fa4ae601f50>,10,17,[3 5],11,11,28,0,11
1,<environment.Job instance at 0x7fa4ae6015f0>,12,14,[6 5],13,17,31,4,17
1,<environment.Job instance at 0x7fa4ace5a640>,8,3,[3 7],9,28,31,19,28
1,<environment.Job instance at 0x7fa4ae601e60>,16,2,[10  4],17,31,33,14,31
1,<environment.Job instance at 0x7fa4ae6010f0>,18,14,[2 6],19,31,45,12,31
1,<environment.Job instance at 0x7fa4ad358b40>,22,12,[1 7],23,33,45,10,33
1,<environment.Job instance at 0x7fa4ae601d70>,15,13,[10  5],16,45,58,29,45
1,<environment.Job instance at 0x7fa4ad358af0>,21,15,[4 7],22,45,60,23,45
1,<environment.Job instance at 0x7fa4b722b870>,27,3,[8 3],28,58,61,30,58
1,<environment.Job instance at 0x7fa4ae619aa0>,0,17,[6 3],1,1,18,0,1
1,<environment.Job instance at 0x7fa4ae6190a0>,3,3,[1 6],4,4,7,0,4
1,<environment.Job instance at 0x7fa4ae67e910>,4,3,[13  1],5,18,21,13,5
1,<environment.Job instance at 0x7fa4ae102d70>,9,3,[4 7],10,10,13,0,10
1,<environment.Job instance at 0x7fa4ae102280>,11,12,[1 5],12,12,24,0,12
1,<environment.Job instance at 0x7fa4ade76b40>,12,14,[5 2],13,21,35,8,13
1,<environment.Job instance at 0x7fa4ada4f230>,13,12,[6 4],14,21,33,7,14
1,<environment.Job instance at 0x7fa4ae1d97d0>,18,15,[5 5],19,33,48,14,19
1,<environment.Job instance at 0x7fa4ad751f50>,20,3,[ 2 12],21,48,51,27,22
1,<environment.Job instance at 0x7fa4ae102fa0>,5,14,[9 2],6,35,49,29,31
1,<environment.Job instance at 0x7fa4ae3bc730>,30,1,[6 2],31,49,50,18,31
1,<environment.Job instance at 0x7fa4ae355960>,0,17,[6 3],1,1,18,0,1
1,<environment.Job instance at 0x7fa4ae355730>,3,3,[1 6],4,4,7,0,4
1,<environment.Job instance at 0x7fa4ae3552d0>,5,14,[9 2],6,7,21,1,7
1,<environment.Job instance at 0x7fa4ae355280>,9,3,[4 7],10,18,21,8,18
1,<environment.Job instance at 0x7fa4ae086b90>,11,12,[1 5],12,18,30,6,18
1,<environment.Job instance at 0x7fa4ae0862d0>,13,12,[6 4],14,21,33,7,21
1,<environment.Job instance at 0x7fa4ae086960>,12,14,[5 2],13,21,35,8,21
1,<environment.Job instance at 0x7fa4ae086050>,14,17,[2 6],15,30,47,15,30
1,<environment.Job instance at 0x7fa4ae839280>,18,15,[5 5],19,33,48,14,33
1,<environment.Job instance at 0x7fa4ae086140>,15,17,[5 4],16,35,52,19,35
1,<environment.Job instance at 0x7fa4ae0861e0>,10,12,[9 3],11,48,60,37,48
1,<environment.Job instance at 0x7fa4ad6c9a00>,30,1,[6 2],31,52,53,21,52
1,<environment.Job instance at 0x7fa4ae619050>,32,17,[ 1 10],33,53,70,20,53
1,<environment.Job instance at 0x7fa4ad93c500>,5,1,[5 6],6,6,7,0,6
1,<environment.Job instance at 0x7fa4adf0d7d0>,7,21,[5 5],8,8,29,0,8
1,<environment.Job instance at 0x7fa4adf290a0>,14,14,[6 2],15,15,29,0,15
1,<environment.Job instance at 0x7fa4adf0dcd0>,16,14,[14  5],17,29,43,12,19
1,<environment.Job instance at 0x7fa4adf297d0>,21,3,[ 1 13],22,43,46,21,30
1,<environment.Job instance at 0x7fa4adef0050>,29,1,[8 3],30,46,47,16,38
1,<environment.Job instance at 0x7fa4ad717e10>,30,1,[5 4],31,46,47,15,38
1,<environment.Job instance at 0x7fa4ae09f0f0>,32,2,[1 8],33,38,40,5,38
1,<environment.Job instance at 0x7fa4adf294b0>,23,14,[ 1 12],24,47,61,23,38
1,<environment.Job instance at 0x7fa4ae09f8c0>,33,14,[7 1],34,47,61,13,38
1,<environment.Job instance at 0x7fa4ae749230>,37,1,[1 8],38,41,42,3,41
1,<environment.Job instance at 0x7fa4acfb0140>,42,3,[6 4],43,61,64,18,55
1,<environment.Job instance at 0x7fa4acfb85f0>,44,3,[ 3 13],45,64,67,19,55
1,<environment.Job instance at 0x7fa4ae718c30>,34,16,[10  3],35,67,83,32,57
1,<environment.Job instance at 0x7fa4ad4dacd0>,0,20,[2 7],1,1,21,0,1
1,<environment.Job instance at 0x7fa4ad332a00>,2,20,[4 8],3,3,23,0,3
1,<environment.Job instance at 0x7fa4ad332b40>,5,1,[5 6],6,21,22,15,21
1,<environment.Job instance at 0x7fa4ad067690>,14,14,[6 2],15,22,36,7,22
1,<environment.Job instance at 0x7fa4ae28f5f0>,19,16,[4 5],20,22,38,2,22
1,<environment.Job instance at 0x7fa4ad1e87d0>,22,14,[2 8],23,23,37,0,23
1,<environment.Job instance at 0x7fa4ad52e460>,20,18,[9 1],21,36,54,15,36
1,<environment.Job instance at 0x7fa4ad116a50>,30,1,[5 4],31,38,39,7,38
1,<environment.Job instance at 0x7fa4ada4f460>,32,2,[1 8],33,39,41,6,39
1,<environment.Job instance at 0x7fa4ae355910>,7,21,[5 5],8,39,60,31,39
1,<environment.Job instance at 0x7fa4ad116c30>,29,1,[8 3],30,54,55,24,54
1,<environment.Job instance at 0x7fa4add23fa0>,33,14,[7 1],34,55,69,21,55
1,<environment.Job instance at 0x7fa4ae75a190>,37,1,[1 8],38,55,56,17,55
1,<environment.Job instance at 0x7fa4ad9c7d20>,4,2,[4 6],5,5,7,0,5
1,<environment.Job instance at 0x7fa4ad9c7eb0>,6,20,[6 3],7,7,27,0,7
1,<environment.Job instance at 0x7fa4ad9bbfa0>,9,2,[5 1],10,10,12,0,10
1,<environment.Job instance at 0x7fa4ad9bb460>,10,20,[5 3],11,12,32,1,11
1,<environment.Job instance at 0x7fa4ad9bbe10>,14,3,[ 4 10],15,27,30,12,15
1,<environment.Job instance at 0x7fa4ad9bba50>,12,17,[6 3],13,30,47,17,18
1,<environment.Job instance at 0x7fa4ad9bb5a0>,18,2,[ 4 12],19,32,34,13,19
1,<environment.Job instance at 0x7fa4ad9bb0a0>,19,23,[1 6],20,34,57,14,28
1,<environment.Job instance at 0x7fa4ad9bb550>,20,3,[10  2],21,47,50,26,28
1,<environment.Job instance at 0x7fa4ad9bb6e0>,21,12,[10  2],22,50,62,28,33
1,<environment.Job instance at 0x7fa4ad9bb780>,22,2,[13  1],23,62,64,39,35
1,<environment.Job instance at 0x7fa4ad9bb050>,23,13,[11  1],24,64,77,40,48
1,<environment.Job instance at 0x7fa4ad125280>,2,20,[2 9],3,3,23,0,3
1,<environment.Job instance at 0x7fa4ad125af0>,4,2,[4 6],5,5,7,0,5
1,<environment.Job instance at 0x7fa4ad125410>,6,20,[6 3],7,7,27,0,7
1,<environment.Job instance at 0x7fa4ad2e7370>,9,2,[5 1],10,10,12,0,10
1,<environment.Job instance at 0x7fa4acffbcd0>,10,20,[5 3],11,12,32,1,12
1,<environment.Job instance at 0x7fa4ae281190>,14,3,[ 4 10],15,27,30,12,27
1,<environment.Job instance at 0x7fa4ae291640>,13,14,[10  1],14,30,44,16,30
1,<environment.Job instance at 0x7fa4ae75aa00>,17,14,[5 5],18,32,46,14,32
1,<environment.Job instance at 0x7fa4ad1e87d0>,20,3,[10  2],21,44,47,23,44
1,<environment.Job instance at 0x7fa4adafbc30>,7,17,[5 8],8,46,63,38,46
1,<environment.Job instance at 0x7fa4ada4f460>,21,12,[10  2],22,47,59,25,47
1,<environment.Job instance at 0x7fa4ad52eaf0>,29,13,[9 2],30,59,72,29,59
1,<environment.Job instance at 0x7fa4add41190>,0,14,[4 8],1,1,15,0,1
1,<environment.Job instance at 0x7fa4adb62730>,4,13,[4 5],5,5,18,0,5
1,<environment.Job instance at 0x7fa4adb62aa0>,6,2,[3 9],7,15,17,8,7
1,<environment.Job instance at 0x7fa4adb626e0>,10,2,[7 1],11,11,13,0,11
1,<environment.Job instance at 0x7fa4adb62050>,11,3,[2 6],12,17,20,5,12
1,<environment.Job instance at 0x7fa4adb62640>,14,1,[6 5],15,18,19,3,15
1,<environment.Job instance at 0x7fa4ad3ed1e0>,19,16,[5 2],20,20,36,0,20
1,<environment.Job instance at 0x7fa4ad3ed780>,24,13,[8 3],25,26,39,1,26
1,<environment.Job instance at 0x7fa4ad3edaa0>,25,2,[ 2 12],26,36,38,10,27
1,<environment.Job instance at 0x7fa4ad3ed4b0>,22,17,[13  3],23,39,56,16,28
1,<environment.Job instance at 0x7fa4add4aeb0>,32,12,[9 5],33,56,68,23,45
1,<environment.Job instance at 0x7fa4add4ad70>,35,1,[ 3 12],36,68,69,32,45
1,<environment.Job instance at 0x7fa4add4aaa0>,41,3,[5 3],42,56,59,14,45
1,<environment.Job instance at 0x7fa4add4a8c0>,43,12,[7 2],44,68,80,24,54
1,<environment.Job instance at 0x7fa4ae3551e0>,0,14,[4 8],1,1,15,0,1
1,<environment.Job instance at 0x7fa4adb630f0>,4,13,[4 5],5,5,18,0,5
1,<environment.Job instance at 0x7fa4ad5758c0>,10,2,[7 1],11,11,13,0,11
1,<environment.Job instance at 0x7fa4ad98a460>,14,1,[6 5],15,15,16,0,15
1,<environment.Job instance at 0x7fa4adb8c820>,6,2,[3 9],7,16,18,9,16
1,<environment.Job instance at 0x7fa4ae391960>,11,3,[2 6],12,18,21,6,18
1,<environment.Job instance at 0x7fa4ace36a00>,7,14,[10  4],8,18,32,10,18
1,<environment.Job instance at 0x7fa4ad98a0a0>,15,17,[1 5],16,18,35,2,18
1,<environment.Job instance at 0x7fa4ae57c190>,18,17,[3 5],19,21,38,2,21
1,<environment.Job instance at 0x7fa4adbd8cd0>,24,13,[8 3],25,32,45,7,32
1,<environment.Job instance at 0x7fa4ae57cf00>,17,15,[2 7],18,35,50,17,35
1,<environment.Job instance at 0x7fa4ad4c2460>,19,16,[5 2],20,38,54,18,38
1,<environment.Job instance at 0x7fa4adb88870>,9,20,[8 4],10,45,65,35,45
1,<environment.Job instance at 0x7fa4adbd8af0>,26,13,[1 9],27,50,63,23,50
1,<environment.Job instance at 0x7fa4ae7582d0>,1,13,[4 7],2,2,15,0,2
1,<environment.Job instance at 0x7fa4ad77c2d0>,3,12,[7 5],4,4,16,0,4
1,<environment.Job instance at 0x7fa4ad77c780>,4,18,[3 5],5,15,33,10,5
1,<environment.Job instance at 0x7fa4ad2d3960>,14,1,[2 7],15,16,17,1,15
1,<environment.Job instance at 0x7fa4ad0cad20>,21,14,[1 6],22,22,36,0,22
1,<environment.Job instance at 0x7fa4ad2d3d20>,15,12,[8 1],16,23,35,7,23
1,<environment.Job instance at 0x7fa4ae079870>,28,2,[ 5 11],29,36,38,7,29
1,<environment.Job instance at 0x7fa4ae570190>,23,17,[6 1],24,33,50,9,30
1,<environment.Job instance at 0x7fa4ae7b17d0>,32,1,[ 4 10],33,38,39,5,33
1,<environment.Job instance at 0x7fa4ae68dc30>,33,13,[2 7],34,39,52,5,34
1,<environment.Job instance at 0x7fa4ae53baa0>,35,1,[12  1],36,50,51,14,39
1,<environment.Job instance at 0x7fa4ae4be320>,40,17,[6 4],41,51,68,10,42
1,<environment.Job instance at 0x7fa4ad9f6f00>,42,18,[5 5],43,52,70,9,43
1,<environment.Job instance at 0x7fa4ad9f6e60>,44,13,[8 4],45,68,81,23,58
1,<environment.Job instance at 0x7fa4ae57cdc0>,1,13,[4 7],2,2,15,0,2
1,<environment.Job instance at 0x7fa4ae57c190>,3,12,[7 5],4,4,16,0,4
1,<environment.Job instance at 0x7fa4ad98a0a0>,5,12,[1 6],6,15,27,9,15
1,<environment.Job instance at 0x7fa4ae21b4b0>,6,18,[6 4],7,15,33,8,15
1,<environment.Job instance at 0x7fa4ae3910f0>,4,18,[3 5],5,16,34,11,16
1,<environment.Job instance at 0x7fa4ad022d70>,12,18,[5 6],13,27,45,14,27
1,<environment.Job instance at 0x7fa4ad0220f0>,14,1,[2 7],15,34,35,19,34
1,<environment.Job instance at 0x7fa4acec27d0>,15,12,[8 1],16,34,46,18,34
1,<environment.Job instance at 0x7fa4ad022410>,16,17,[2 7],17,35,52,18,35
1,<environment.Job instance at 0x7fa4ad022cd0>,13,18,[2 7],14,45,63,31,45
1,<environment.Job instance at 0x7fa4ae7728c0>,9,14,[9 1],10,46,60,36,46
1,<environment.Job instance at 0x7fa4b6d98370>,21,14,[1 6],22,52,66,30,52
1,<environment.Job instance at 0x7fa4adb63be0>,0,15,[2 7],1,1,16,0,1
1,<environment.Job instance at 0x7fa4adb63dc0>,1,18,[6 1],2,2,20,0,2
1,<environment.Job instance at 0x7fa4ace61370>,3,2,[ 4 12],4,16,18,12,4
1,<environment.Job instance at 0x7fa4ace611e0>,4,14,[5 1],5,5,19,0,5
1,<environment.Job instance at 0x7fa4ace61d70>,5,14,[2 8],6,18,32,12,6
1,<environment.Job instance at 0x7fa4ace617d0>,16,3,[12  5],17,20,23,3,17
1,<environment.Job instance at 0x7fa4ace61230>,17,14,[4 6],18,23,37,5,18
1,<environment.Job instance at 0x7fa4ace61910>,19,15,[5 5],20,32,47,12,20
1,<environment.Job instance at 0x7fa4ace61f50>,21,2,[ 5 12],22,47,49,25,22
1,<environment.Job instance at 0x7fa4ace61a50>,22,3,[3 6],23,37,40,14,23
1,<environment.Job instance at 0x7fa4ad6c9730>,25,1,[3 6],26,40,41,14,26
1,<environment.Job instance at 0x7fa4ad6c9fa0>,26,12,[12  3],27,49,61,22,32
1,<environment.Job instance at 0x7fa4ad6c9be0>,31,14,[5 7],32,61,75,29,50
1,<environment.Job instance at 0x7fa4ad6c9960>,32,12,[3 8],33,52,64,19,52
1,<environment.Job instance at 0x7fa4ad6c9780>,24,19,[6 3],25,64,83,39,56
1,<environment.Job instance at 0x7fa4ae1de4b0>,40,2,[8 3],41,75,77,34,56
1,<environment.Job instance at 0x7fa4adb54e60>,0,15,[2 7],1,1,16,0,1
1,<environment.Job instance at 0x7fa4adb54370>,1,18,[6 1],2,2,20,0,2
1,<environment.Job instance at 0x7fa4ae65ecd0>,4,14,[5 1],5,5,19,0,5
1,<environment.Job instance at 0x7fa4adf52e60>,5,14,[2 8],6,16,30,10,16
1,<environment.Job instance at 0x7fa4ae6d8e10>,17,14,[4 6],18,19,33,1,19
1,<environment.Job instance at 0x7fa4ad8a6050>,9,13,[8 5],10,30,43,20,30
1,<environment.Job instance at 0x7fa4ada17cd0>,20,14,[5 9],21,33,47,12,33
1,<environment.Job instance at 0x7fa4addbda50>,22,3,[3 6],23,43,46,20,43
1,<environment.Job instance at 0x7fa4b6d80fa0>,25,1,[3 6],26,46,47,20,46
1,<environment.Job instance at 0x7fa4ae7fbb40>,13,15,[4 7],14,47,62,33,47
1,<environment.Job instance at 0x7fa4acede1e0>,19,15,[5 5],20,47,62,27,47
1,<environment.Job instance at 0x7fa4ae538a50>,8,2,[5 9],9,9,11,0,9
1,<environment.Job instance at 0x7fa4ae5384b0>,9,13,[5 5],10,10,23,0,10
1,<environment.Job instance at 0x7fa4ae538f50>,12,2,[4 9],13,13,15,0,13
1,<environment.Job instance at 0x7fa4ae538690>,4,12,[10  3],5,15,27,10,15
1,<environment.Job instance at 0x7fa4b73a0820>,15,18,[8 1],16,27,45,11,17
1,<environment.Job instance at 0x7fa4ae538d20>,16,1,[2 5],17,23,24,6,18
1,<environment.Job instance at 0x7fa4b73a0640>,18,1,[8 1],19,45,46,26,19
1,<environment.Job instance at 0x7fa4b73a0140>,20,1,[3 6],21,23,24,2,21
1,<environment.Job instance at 0x7fa4ada7bfa0>,21,3,[8 5],22,46,49,24,23
1,<environment.Job instance at 0x7fa4ae5382d0>,11,15,[12  2],12,49,64,37,35
1,<environment.Job instance at 0x7fa4b73a0c80>,17,17,[ 4 11],18,64,81,46,55
1,<environment.Job instance at 0x7fa4ae391960>,1,18,[10  4],2,2,20,0,2
1,<environment.Job instance at 0x7fa4ad896370>,5,19,[3 6],6,6,25,0,6
1,<environment.Job instance at 0x7fa4ad9e57d0>,8,2,[5 9],9,20,22,11,20
1,<environment.Job instance at 0x7fa4acec6e10>,12,2,[4 9],13,22,24,9,22
1,<environment.Job instance at 0x7fa4adf52e60>,16,1,[2 5],17,24,25,7,24
1,<environment.Job instance at 0x7fa4ada17640>,18,1,[8 1],19,24,25,5,24
1,<environment.Job instance at 0x7fa4ae7728c0>,4,12,[10  3],5,25,37,20,25
1,<environment.Job instance at 0x7fa4ae5380f0>,20,1,[3 6],21,25,26,4,25
1,<environment.Job instance at 0x7fa4ae391cd0>,9,13,[5 5],10,26,39,16,26
1,<environment.Job instance at 0x7fa4ae65efa0>,21,3,[8 5],22,37,40,15,37
1,<environment.Job instance at 0x7fa4acee1c80>,19,12,[10  5],20,40,52,20,40
1,<environment.Job instance at 0x7fa4ad8c7e60>,25,18,[2 8],26,40,58,14,40
1,<environment.Job instance at 0x7fa4ae2c9b90>,7,13,[9 3],8,52,65,44,52
1,<environment.Job instance at 0x7fa4aceabf00>,26,2,[3 8],27,58,60,31,58
1,<environment.Job instance at 0x7fa4ae362b90>,1,2,[7 1],2,2,4,0,2
1,<environment.Job instance at 0x7fa4ae362320>,2,15,[8 2],3,3,18,0,3
1,<environment.Job instance at 0x7fa4ad01b140>,5,3,[9 5],6,18,21,12,6
1,<environment.Job instance at 0x7fa4ad01b780>,12,2,[6 1],13,13,15,0,13
1,<environment.Job instance at 0x7fa4ad01b2d0>,11,17,[5 5],12,16,33,4,16
1,<environment.Job instance at 0x7fa4ae8080a0>,16,18,[5 5],17,21,39,4,17
1,<environment.Job instance at 0x7fa4ae808d70>,17,14,[5 7],18,33,47,15,18
1,<environment.Job instance at 0x7fa4ae7e6460>,7,16,[4 6],8,39,55,31,26
1,<environment.Job instance at 0x7fa4acef5e60>,20,3,[6 4],21,47,50,26,26
1,<environment.Job instance at 0x7fa4ae808690>,21,2,[12  1],22,55,57,33,28
1,<environment.Job instance at 0x7fa4ae8082d0>,22,1,[7 3],23,50,51,27,28
1,<environment.Job instance at 0x7fa4ae689500>,0,21,[3 9],1,1,22,0,1
1,<environment.Job instance at 0x7fa4b7274550>,1,2,[7 1],2,2,4,0,2
1,<environment.Job instance at 0x7fa4ae391cd0>,2,15,[8 2],3,4,19,1,4
1,<environment.Job instance at 0x7fa4add363c0>,12,2,[6 1],13,19,21,6,19
1,<environment.Job instance at 0x7fa4ae7d1f50>,11,17,[5 5],12,19,36,7,19
1,<environment.Job instance at 0x7fa4ad01bf00>,5,3,[9 5],6,22,25,16,22
1,<environment.Job instance at 0x7fa4ae5a7a50>,15,16,[3 7],16,25,41,9,25
1,<environment.Job instance at 0x7fa4ae5a7be0>,17,14,[5 7],18,36,50,18,36
1,<environment.Job instance at 0x7fa4ae5a77d0>,19,16,[4 7],20,41,57,21,41
1,<environment.Job instance at 0x7fa4ae5a7e60>,20,3,[6 4],21,50,53,29,50
1,<environment.Job instance at 0x7fa4ad872910>,22,1,[7 3],23,53,54,30,53
1,<environment.Job instance at 0x7fa4acefbb90>,6,16,[8 3],7,54,70,47,54
1,<environment.Job instance at 0x7fa4ae391960>,7,16,[4 6],8,57,73,49,57
1,<environment.Job instance at 0x7f72923346e0>,0,17,[6 1],1,1,18,0,1
1,<environment.Job instance at 0x7f7292334730>,1,3,[ 2 10],2,2,5,0,2
1,<environment.Job instance at 0x7f7288ceac80>,4,13,[3 6],5,5,18,0,5
1,<environment.Job instance at 0x7f7288ceacd0>,5,2,[1 6],6,6,8,0,6
1,<environment.Job instance at 0x7f7288cee050>,9,12,[8 2],10,18,30,8,10
1,<environment.Job instance at 0x7f7288cead70>,11,3,[4 9],12,18,21,6,12
1,<environment.Job instance at 0x7f7288cee3c0>,15,3,[2 8],16,21,24,5,16
1,<environment.Job instance at 0x7f7288cee820>,20,3,[10  5],21,30,33,9,21
1,<environment.Job instance at 0x7f7288cee960>,22,12,[3 8],23,24,36,1,23
1,<environment.Job instance at 0x7f7288ceeb90>,25,2,[5 7],26,33,35,7,26
1,<environment.Job instance at 0x7f7288ceeb40>,24,2,[4 6],25,35,37,10,26
1,<environment.Job instance at 0x7f7288cee9b0>,23,16,[12  2],24,37,53,13,29
1,<environment.Job instance at 0x7f7288ceeaf0>,26,12,[8 5],27,53,65,26,37
1,<environment.Job instance at 0x7f7288cf0140>,31,1,[ 2 14],32,65,66,33,37
1,<environment.Job instance at 0x7f7288cf0370>,34,14,[1 9],35,37,51,2,37
1,<environment.Job instance at 0x7f7292334870>,0,17,[6 1],1,1,18,0,1
1,<environment.Job instance at 0x7f7288cea9b0>,1,3,[ 2 10],2,2,5,0,2
1,<environment.Job instance at 0x7f7288cf62d0>,4,13,[3 6],5,5,18,0,5
1,<environment.Job instance at 0x7f7288ceaa00>,3,22,[2 5],4,5,27,1,5
1,<environment.Job instance at 0x7f7288cf6230>,5,2,[1 6],6,18,20,12,18
1,<environment.Job instance at 0x7f7288cf65a0>,9,12,[8 2],10,18,30,8,18
1,<environment.Job instance at 0x7f7288cf68c0>,15,3,[2 8],16,20,23,4,20
1,<environment.Job instance at 0x7f7288cf6a00>,17,12,[5 1],18,23,35,5,23
1,<environment.Job instance at 0x7f7288cead20>,2,14,[ 2 10],3,27,41,24,27
1,<environment.Job instance at 0x7f7288cf6960>,16,18,[7 3],17,30,48,13,30
1,<environment.Job instance at 0x7f7288cf6690>,11,3,[4 9],12,41,44,29,41
1,<environment.Job instance at 0x7f7288cf6c80>,24,2,[4 6],25,44,46,19,44
1,<environment.Job instance at 0x7f7288cf80a0>,25,2,[5 7],26,46,48,20,46
1,<environment.Job instance at 0x7f7288cf6730>,20,3,[10  5],21,48,51,27,48
1,<environment.Job instance at 0x7f7288cf6f50>,22,12,[3 8],23,48,60,25,48
1,<environment.Job instance at 0x7f7288cf8140>,26,12,[8 5],27,51,63,24,51
1,<environment.Job instance at 0x7f7288cf86e0>,34,14,[1 9],35,60,74,25,60
1,<environment.Job instance at 0x7f7288cf8280>,27,17,[4 6],28,63,80,35,63
1,<environment.Job instance at 0x7f7288431be0>,2,14,[2 6],3,3,17,0,3
1,<environment.Job instance at 0x7f7288431b40>,3,1,[5 3],4,4,5,0,4
1,<environment.Job instance at 0x7f7288431550>,4,2,[5 5],5,5,7,0,5
1,<environment.Job instance at 0x7f72884315f0>,8,14,[6 1],9,9,23,0,9
1,<environment.Job instance at 0x7f7288430c80>,14,1,[5 5],15,15,16,0,15
1,<environment.Job instance at 0x7f7288430be0>,16,3,[6 3],17,17,20,0,17
1,<environment.Job instance at 0x7f7288594190>,27,2,[6 2],28,28,30,0,28
1,<environment.Job instance at 0x7f728865ba00>,28,1,[2 9],29,29,30,0,29
1,<environment.Job instance at 0x7f72885910a0>,29,2,[13  5],30,30,32,0,30
1,<environment.Job instance at 0x7f7288569aa0>,31,15,[ 2 13],32,32,47,0,32
1,<environment.Job instance at 0x7f7288591280>,32,13,[11  4],33,47,60,14,34
1,<environment.Job instance at 0x7f72885917d0>,34,1,[ 1 10],35,47,48,12,36
1,<environment.Job instance at 0x7f7288591c30>,33,16,[1 9],34,48,64,14,36
1,<environment.Job instance at 0x7f7288cf8870>,0,22,[ 3 10],1,1,23,0,1
1,<environment.Job instance at 0x7f7288cf87d0>,1,16,[6 5],2,2,18,0,2
1,<environment.Job instance at 0x7f7288cf8690>,3,1,[5 3],4,18,19,14,18
1,<environment.Job instance at 0x7f7288cf8280>,4,2,[5 5],5,19,21,14,19
1,<environment.Job instance at 0x7f7288cf8230>,6,13,[10  1],7,21,34,14,21
1,<environment.Job instance at 0x7f7288cf85f0>,2,14,[2 6],3,23,37,20,23
1,<environment.Job instance at 0x7f7288508050>,14,1,[5 5],15,34,35,19,34
1,<environment.Job instance at 0x7f728854b7d0>,8,14,[6 1],9,34,48,25,34
1,<environment.Job instance at 0x7f72885087d0>,16,3,[6 3],17,35,38,18,35
1,<environment.Job instance at 0x7f7288508870>,15,15,[1 7],16,37,52,21,37
1,<environment.Job instance at 0x7f7288539190>,11,14,[8 5],12,38,52,26,38
1,<environment.Job instance at 0x7f72885063c0>,21,15,[9 1],22,52,67,30,52
1,<environment.Job instance at 0x7f7288506aa0>,18,16,[4 9],19,52,68,33,52
1,<environment.Job instance at 0x7f7288498a00>,25,16,[8 4],26,67,83,41,67
1,<environment.Job instance at 0x7f72884a3dc0>,27,2,[6 2],28,68,70,40,68
1,<environment.Job instance at 0x7f728829b140>,0,1,[ 3 11],1,1,2,0,1
1,<environment.Job instance at 0x7f72924a2730>,5,3,[9 2],6,6,9,0,6
1,<environment.Job instance at 0x7f72924a2690>,6,13,[10  5],7,9,22,2,7
1,<environment.Job instance at 0x7f72924a27d0>,7,2,[3 8],8,8,10,0,8
1,<environment.Job instance at 0x7f72924a2050>,8,3,[4 8],9,10,13,1,9
1,<environment.Job instance at 0x7f728829bb40>,9,17,[5 7],10,13,30,3,10
1,<environment.Job instance at 0x7f7288301fa0>,10,12,[5 1],11,22,34,11,11
1,<environment.Job instance at 0x7f7288301730>,16,2,[6 5],17,30,32,13,17
1,<environment.Job instance at 0x7f7288301a00>,18,1,[14  3],19,34,35,15,19
1,<environment.Job instance at 0x7f72883016e0>,19,2,[ 1 10],20,32,34,12,20
1,<environment.Job instance at 0x7f7288301230>,20,12,[1 8],21,34,46,13,21
1,<environment.Job instance at 0x7f72883019b0>,23,2,[13  5],24,35,37,11,24
1,<environment.Job instance at 0x7f7288301f00>,26,3,[5 6],27,27,30,0,27
1,<environment.Job instance at 0x7f7288301b40>,24,22,[5 6],25,37,59,12,30
1,<environment.Job instance at 0x7f7288311aa0>,37,2,[5 7],38,46,48,8,38
1,<environment.Job instance at 0x7f7288311910>,38,2,[12  2],39,59,61,20,39
1,<environment.Job instance at 0x7f7288311af0>,39,17,[3 5],40,48,65,8,42
1,<environment.Job instance at 0x7f7288311320>,42,21,[2 5],43,61,82,18,53
1,<environment.Job instance at 0x7f729249ff00>,34,17,[5 1],35,61,78,26,53
1,<environment.Job instance at 0x7f7288311fa0>,50,3,[9 5],51,78,81,27,60
1,<environment.Job instance at 0x7f72883110a0>,45,17,[9 1],46,81,98,35,69
1,<environment.Job instance at 0x7f7288311d70>,52,12,[1 9],53,81,93,28,69
1,<environment.Job instance at 0x7f72883010f0>,1,14,[ 3 10],2,2,16,0,2
1,<environment.Job instance at 0x7f7288311690>,5,3,[9 2],6,6,9,0,6
1,<environment.Job instance at 0x7f729249f500>,6,13,[10  5],7,9,22,2,9
1,<environment.Job instance at 0x7f72883116e0>,7,2,[3 8],8,16,18,8,16
1,<environment.Job instance at 0x7f72882e5af0>,8,3,[4 8],9,18,21,9,18
1,<environment.Job instance at 0x7f72882e2190>,10,12,[5 1],11,21,33,10,21
1,<environment.Job instance at 0x7f728829b550>,16,2,[6 5],17,22,24,5,22
1,<environment.Job instance at 0x7f72882e6d70>,20,12,[1 8],21,22,34,1,22
1,<environment.Job instance at 0x7f728836c6e0>,26,3,[5 6],27,33,36,6,33
1,<environment.Job instance at 0x7f72882e2140>,9,17,[5 7],10,34,51,24,34
1,<environment.Job instance at 0x7f728836caf0>,29,17,[4 7],30,36,53,6,36
1,<environment.Job instance at 0x7f728836c500>,30,13,[5 7],31,51,64,20,51
1,<environment.Job instance at 0x7f728836c0f0>,34,17,[5 1],35,53,70,18,53
1,<environment.Job instance at 0x7f72882e6e10>,19,2,[ 1 10],20,64,66,44,64
1,<environment.Job instance at 0x7f728836ce10>,36,16,[8 4],37,64,80,27,64
1,<environment.Job instance at 0x7f728829b3c0>,14,15,[ 2 10],15,66,81,51,66
1,<environment.Job instance at 0x7f7288490410>,0,13,[2 5],1,1,14,0,1
1,<environment.Job instance at 0x7f7288490cd0>,1,1,[ 4 14],2,14,15,12,2
1,<environment.Job instance at 0x7f7288490c80>,3,21,[1 6],4,15,36,11,7
1,<environment.Job instance at 0x7f7288311550>,9,3,[11  3],10,10,13,0,10
1,<environment.Job instance at 0x7f72883110f0>,10,15,[14  2],11,15,30,4,12
1,<environment.Job instance at 0x7f7288311c30>,13,17,[12  1],14,30,47,16,18
1,<environment.Job instance at 0x7f728879ba50>,25,2,[ 1 12],26,36,38,10,26
1,<environment.Job instance at 0x7f728879b0f0>,26,13,[2 7],27,38,51,11,27
1,<environment.Job instance at 0x7f728879be60>,27,2,[7 2],28,47,49,19,28
1,<environment.Job instance at 0x7f72882e2e60>,31,13,[9 2],32,49,62,17,33
1,<environment.Job instance at 0x7f728879b8c0>,24,1,[13  1],25,62,63,37,35
1,<environment.Job instance at 0x7f72882e22d0>,32,13,[4 5],33,47,60,14,36
1,<environment.Job instance at 0x7f72882e2f00>,42,20,[5 1],43,63,83,20,54
1,<environment.Job instance at 0x7f72882e54b0>,46,1,[3 9],47,60,61,13,54
1,<environment.Job instance at 0x7f72882e5320>,52,3,[5 4],53,63,66,10,54
1,<environment.Job instance at 0x7f729235cf00>,56,21,[5 5],57,63,84,6,63
1,<environment.Job instance at 0x7f729235c460>,57,14,[9 1],58,83,97,25,68
1,<environment.Job instance at 0x7f729235c230>,58,1,[8 5],59,97,98,38,69
1,<environment.Job instance at 0x7f7288301820>,0,13,[2 5],1,1,14,0,1
1,<environment.Job instance at 0x7f72883112d0>,3,21,[1 6],4,4,25,0,4
1,<environment.Job instance at 0x7f729235cb90>,12,15,[8 5],13,14,29,1,14
1,<environment.Job instance at 0x7f729235c730>,15,12,[4 8],16,25,37,9,25
1,<environment.Job instance at 0x7f7288303190>,26,13,[2 7],27,29,42,2,29
1,<environment.Job instance at 0x7f7288303aa0>,27,2,[7 2],28,37,39,9,37
1,<environment.Job instance at 0x7f72883034b0>,29,13,[8 1],30,39,52,9,39
1,<environment.Job instance at 0x7f72883030f0>,21,14,[1 7],22,39,53,17,39
1,<environment.Job instance at 0x7f7288303e10>,31,13,[9 2],32,52,65,20,52
1,<environment.Job instance at 0x7f7288303dc0>,32,13,[4 5],33,52,65,19,52
1,<environment.Job instance at 0x7f7288303780>,30,12,[ 5 10],31,65,77,34,65
1,<environment.Job instance at 0x7f728830aa00>,38,13,[3 5],39,65,78,26,65
1,<environment.Job instance at 0x7f72883015f0>,1,2,[7 3],2,2,4,0,2
1,<environment.Job instance at 0x7f72884d74b0>,3,2,[5 7],4,4,6,0,4
1,<environment.Job instance at 0x7f7288a2c780>,4,2,[8 1],5,5,7,0,5
1,<environment.Job instance at 0x7f7288a2c4b0>,6,13,[8 4],7,7,20,0,7
1,<environment.Job instance at 0x7f7288a2c2d0>,8,2,[ 4 11],9,9,11,0,9
1,<environment.Job instance at 0x7f7288a2c500>,9,3,[9 4],10,20,23,10,10
1,<environment.Job instance at 0x7f7288a2ca50>,10,2,[2 9],11,11,13,0,11
1,<environment.Job instance at 0x7f7288a2c6e0>,11,15,[7 2],12,23,38,11,12
1,<environment.Job instance at 0x7f7288a2caa0>,12,12,[8 3],13,23,35,10,13
1,<environment.Job instance at 0x7f7288a23190>,18,2,[8 3],19,35,37,16,19
1,<environment.Job instance at 0x7f7288a231e0>,23,13,[ 5 14],24,38,51,14,34
1,<environment.Job instance at 0x7f7288a23780>,24,3,[4 5],25,51,54,26,34
1,<environment.Job instance at 0x7f7288bb05a0>,28,3,[5 2],29,51,54,22,37
1,<environment.Job instance at 0x7f7288a23410>,21,14,[3 8],22,51,65,29,37
1,<environment.Job instance at 0x7f7288759be0>,30,3,[5 8],31,65,68,34,47
1,<environment.Job instance at 0x7f7288bcd460>,40,2,[7 5],41,54,56,13,51
1,<environment.Job instance at 0x7f7288a429b0>,46,12,[ 5 12],47,68,80,21,52
1,<environment.Job instance at 0x7f7288a375a0>,51,12,[2 7],52,56,68,4,55
1,<environment.Job instance at 0x7f7288a374b0>,53,3,[10  5],54,80,83,26,55
1,<environment.Job instance at 0x7f7288a378c0>,54,2,[5 5],55,80,82,25,55
1,<environment.Job instance at 0x7f7288a37b90>,55,3,[9 3],56,68,71,12,56
1,<environment.Job instance at 0x7f7288a37190>,56,3,[10  2],57,71,74,14,57
1,<environment.Job instance at 0x7f7288a53050>,58,3,[12  2],59,83,86,24,59
1,<environment.Job instance at 0x7f7288791e60>,63,2,[5 6],64,86,88,22,64
1,<environment.Job instance at 0x7f728876d1e0>,67,1,[ 4 11],68,88,89,20,68
1,<environment.Job instance at 0x7f72887a2140>,0,15,[9 2],1,1,16,0,1
1,<environment.Job instance at 0x7f72887a2c30>,3,2,[5 7],4,4,6,0,4
1,<environment.Job instance at 0x7f72887a2af0>,1,2,[7 3],2,16,18,14,16
1,<environment.Job instance at 0x7f72882f3050>,10,2,[2 9],11,16,18,5,16
1,<environment.Job instance at 0x7f728850baa0>,4,2,[8 1],5,18,20,13,18
1,<environment.Job instance at 0x7f72882f3e10>,11,15,[7 2],12,18,33,6,18
1,<environment.Job instance at 0x7f72882f3dc0>,12,12,[8 3],13,20,32,7,20
1,<environment.Job instance at 0x7f72882f3870>,16,12,[5 5],17,32,44,15,32
1,<environment.Job instance at 0x7f72882f32d0>,18,2,[8 3],19,33,35,14,33
1,<environment.Job instance at 0x7f72882f3e60>,9,3,[9 4],10,35,38,25,35
1,<environment.Job instance at 0x7f72882f3fa0>,14,13,[8 2],15,38,51,23,38
1,<environment.Job instance at 0x7f72882f34b0>,20,18,[1 7],21,38,56,17,38
1,<environment.Job instance at 0x7f728830a6e0>,24,3,[4 5],25,44,47,19,44
1,<environment.Job instance at 0x7f728830aa50>,25,16,[5 3],26,47,63,21,47
1,<environment.Job instance at 0x7f7288435050>,6,13,[8 4],7,51,64,44,51
1,<environment.Job instance at 0x7f7288cf8a00>,27,12,[6 3],28,63,75,35,63
1,<environment.Job instance at 0x7f7288cf84b0>,28,3,[5 2],29,64,67,35,64
1,<environment.Job instance at 0x7f72882f3500>,21,14,[3 8],22,64,78,42,64
1,<environment.Job instance at 0x7f7288bad3c0>,0,1,[ 4 10],1,1,2,0,1
1,<environment.Job instance at 0x7f7288badeb0>,2,16,[5 2],3,3,19,0,3
1,<environment.Job instance at 0x7f7288bad870>,3,2,[6 3],4,4,6,0,4
1,<environment.Job instance at 0x7f7288b98d20>,5,14,[3 6],6,6,20,0,6
1,<environment.Job instance at 0x7f7288b98960>,6,12,[6 4],7,7,19,0,7
1,<environment.Job instance at 0x7f7288b98d70>,9,3,[6 1],10,19,22,9,10
1,<environment.Job instance at 0x7f7288b98460>,13,3,[ 5 10],14,20,23,6,14
1,<environment.Job instance at 0x7f7288b98910>,14,1,[9 5],15,22,23,7,15
1,<environment.Job instance at 0x7f7288b98af0>,15,16,[5 2],16,23,39,7,16
1,<environment.Job instance at 0x7f7288b98690>,16,2,[5 3],17,23,25,6,17
1,<environment.Job instance at 0x7f7288b98f00>,17,12,[3 8],18,23,35,5,18
1,<environment.Job instance at 0x7f7289811cd0>,21,1,[7 3],22,25,26,3,22
1,<environment.Job instance at 0x7f7289811320>,22,13,[5 5],23,26,39,3,23
1,<environment.Job instance at 0x7f7289811a50>,29,1,[10  5],30,39,40,9,30
1,<environment.Job instance at 0x7f72898118c0>,30,2,[ 2 12],31,40,42,9,31
1,<environment.Job instance at 0x7f7289811690>,31,13,[ 5 10],32,42,55,10,32
1,<environment.Job instance at 0x7f7289811280>,33,2,[9 3],34,40,42,6,34
1,<environment.Job instance at 0x7f72898113c0>,34,2,[3 5],35,35,37,0,35
1,<environment.Job instance at 0x7f728982af00>,37,13,[1 7],38,55,68,17,39
1,<environment.Job instance at 0x7f7288a2c690>,0,1,[ 4 10],1,1,2,0,1
1,<environment.Job instance at 0x7f72882e2140>,2,16,[5 2],3,3,19,0,3
1,<environment.Job instance at 0x7f72882e2320>,3,2,[6 3],4,4,6,0,4
1,<environment.Job instance at 0x7f72882e2d70>,5,14,[3 6],6,6,20,0,6
1,<environment.Job instance at 0x7f7288a2c0a0>,6,12,[6 4],7,7,19,0,7
1,<environment.Job instance at 0x7f72883039b0>,14,1,[9 5],15,19,20,4,19
1,<environment.Job instance at 0x7f7288303820>,16,2,[5 3],17,20,22,3,20
1,<environment.Job instance at 0x7f72883032d0>,9,3,[6 1],10,20,23,10,20
1,<environment.Job instance at 0x7f7288303dc0>,17,12,[3 8],18,20,32,2,20
1,<environment.Job instance at 0x7f72883037d0>,15,16,[5 2],16,22,38,6,22
1,<environment.Job instance at 0x7f7288b98a00>,21,1,[7 3],22,23,24,1,23
1,<environment.Job instance at 0x7f72886b5230>,22,13,[5 5],23,24,37,1,24
1,<environment.Job instance at 0x7f72886b5aa0>,19,14,[2 8],20,32,46,12,32
1,<environment.Job instance at 0x7f7288badbe0>,29,1,[10  5],30,38,39,8,38
1,<environment.Job instance at 0x7f728982d5a0>,33,2,[9 3],34,46,48,12,46
1,<environment.Job instance at 0x7f728982d190>,34,2,[3 5],35,46,48,11,46
1,<environment.Job instance at 0x7f728982d460>,37,13,[1 7],38,46,59,8,46
1,<environment.Job instance at 0x7f728982d500>,40,18,[10  5],41,48,66,7,48
1,<environment.Job instance at 0x7f7288303780>,13,3,[ 5 10],14,59,62,45,59
1,<environment.Job instance at 0x7f7288bade60>,31,13,[ 5 10],32,62,75,30,62
1,<environment.Job instance at 0x7f728982dfa0>,44,15,[10  4],45,66,81,21,66
1,<environment.Job instance at 0x7f72898b2050>,2,1,[ 4 10],3,3,4,0,3
1,<environment.Job instance at 0x7f72898b2320>,6,21,[6 5],7,7,28,0,7
1,<environment.Job instance at 0x7f72898b23c0>,7,20,[2 7],8,8,28,0,8
1,<environment.Job instance at 0x7f7288a238c0>,9,14,[6 4],10,28,42,18,13
1,<environment.Job instance at 0x7f72898b2820>,12,15,[2 6],13,28,43,15,14
1,<environment.Job instance at 0x7f72898b2be0>,19,3,[14  5],20,43,46,23,20
1,<environment.Job instance at 0x7f72898b2d70>,22,3,[8 5],23,46,49,23,23
1,<environment.Job instance at 0x7f72882ac140>,24,1,[4 6],25,42,43,17,25
1,<environment.Job instance at 0x7f72886ac370>,2,1,[ 4 10],3,3,4,0,3
1,<environment.Job instance at 0x7f72886acd20>,6,21,[6 5],7,7,28,0,7
1,<environment.Job instance at 0x7f72886ac6e0>,7,20,[2 7],8,8,28,0,8
1,<environment.Job instance at 0x7f72886ac1e0>,9,14,[6 4],10,28,42,18,28
1,<environment.Job instance at 0x7f728982d780>,20,13,[ 4 10],21,28,41,7,28
1,<environment.Job instance at 0x7f728982db90>,22,3,[8 5],23,41,44,18,41
1,<environment.Job instance at 0x7f728982daa0>,24,1,[4 6],25,42,43,17,42
1,<environment.Job instance at 0x7f728982d0f0>,12,15,[2 6],13,43,58,30,43
1,<environment.Job instance at 0x7f728982d1e0>,15,14,[10  2],16,44,58,28,44
1,<environment.Job instance at 0x7f728982d820>,30,3,[10  3],31,58,61,27,58
1,<environment.Job instance at 0x7f728982d9b0>,26,15,[9 5],27,61,76,34,61
1,<environment.Job instance at 0x7f7288badaa0>,34,2,[3 7],35,61,63,26,61
1,<environment.Job instance at 0x7f72898119b0>,35,15,[2 9],36,63,78,27,63
1,<environment.Job instance at 0x7f72882fba50>,0,18,[5 2],1,1,19,0,1
1,<environment.Job instance at 0x7f72882fb140>,1,13,[8 1],2,2,15,0,2
1,<environment.Job instance at 0x7f72887e1a50>,3,12,[7 5],4,15,27,11,4
1,<environment.Job instance at 0x7f72887e1e60>,10,13,[7 3],11,19,32,8,11
1,<environment.Job instance at 0x7f72887e10a0>,17,3,[ 5 13],18,32,35,14,18
1,<environment.Job instance at 0x7f72887e1e10>,20,14,[14  2],21,35,49,14,22
1,<environment.Job instance at 0x7f72882e2500>,0,18,[5 2],1,1,19,0,1
1,<environment.Job instance at 0x7f72882e2140>,1,13,[8 1],2,2,15,0,2
1,<environment.Job instance at 0x7f72882e2190>,3,12,[7 5],4,15,27,11,15
1,<environment.Job instance at 0x7f728982d640>,10,13,[7 3],11,19,32,8,19
1,<environment.Job instance at 0x7f728982d140>,7,15,[5 7],8,27,42,19,27
1,<environment.Job instance at 0x7f728982d5a0>,8,15,[6 5],9,32,47,23,32
1,<environment.Job instance at 0x7f728982d0f0>,21,13,[5 5],22,42,55,20,42
1,<environment.Job instance at 0x7f728982d9b0>,22,2,[3 8],23,47,49,24,47
1,<environment.Job instance at 0x7f728982d190>,12,16,[7 1],13,47,63,34,47
1,<environment.Job instance at 0x7f72886ac0f0>,24,14,[2 7],25,49,63,24,49
1,<environment.Job instance at 0x7f72886b5cd0>,6,17,[5 7],7,55,72,48,55
1,<environment.Job instance at 0x7f728982df00>,11,16,[10  1],12,63,79,51,63
1,<environment.Job instance at 0x7f7291ec4730>,6,3,[5 1],7,7,10,0,7
1,<environment.Job instance at 0x7f728822edc0>,12,2,[3 7],13,13,15,0,13
1,<environment.Job instance at 0x7f728822ee10>,13,2,[1 6],14,14,16,0,14
1,<environment.Job instance at 0x7f7291ec4b90>,16,27,[7 1],17,17,44,0,17
1,<environment.Job instance at 0x7f728822e690>,18,2,[ 3 13],19,19,21,0,19
1,<environment.Job instance at 0x7f728822e730>,19,1,[3 5],20,21,22,1,20
1,<environment.Job instance at 0x7f7291ec4410>,3,13,[ 5 11],4,22,35,18,20
1,<environment.Job instance at 0x7f728822e870>,15,17,[5 6],16,35,52,19,23
1,<environment.Job instance at 0x7f728822e4b0>,14,23,[3 6],15,35,58,20,32
1,<environment.Job instance at 0x7f7289700be0>,37,14,[5 1],38,44,58,6,38
1,<environment.Job instance at 0x7f7289700a50>,36,13,[10  2],37,58,71,21,45
1,<environment.Job instance at 0x7f7289700c80>,38,24,[2 6],39,52,76,13,47
1,<environment.Job instance at 0x7f7288a466e0>,46,2,[5 5],47,71,73,24,48
1,<environment.Job instance at 0x7f7288a464b0>,45,14,[5 8],46,73,87,27,58
1,<environment.Job instance at 0x7f7288fc98c0>,48,1,[5 5],49,76,77,27,58
1,<environment.Job instance at 0x7f7288a460a0>,43,3,[ 1 10],44,87,90,43,63
1,<environment.Job instance at 0x7f7288fc9410>,55,3,[1 9],56,90,93,34,64
1,<environment.Job instance at 0x7f7288fc9550>,58,1,[1 6],59,65,66,6,65
1,<environment.Job instance at 0x7f7288fc9140>,53,13,[1 5],54,77,90,23,67
1,<environment.Job instance at 0x7f7288ae4eb0>,0,18,[4 9],1,1,19,0,1
1,<environment.Job instance at 0x7f728878ffa0>,2,18,[10  5],3,3,21,0,3
1,<environment.Job instance at 0x7f728842ffa0>,12,2,[3 7],13,19,21,6,19
1,<environment.Job instance at 0x7f7288b06780>,13,2,[1 6],14,21,23,7,21
1,<environment.Job instance at 0x7f72886adaa0>,6,3,[5 1],7,21,24,14,21
1,<environment.Job instance at 0x7f72883d1e60>,9,12,[9 3],10,21,33,11,21
1,<environment.Job instance at 0x7f728942cc80>,19,1,[3 5],20,24,25,4,24
1,<environment.Job instance at 0x7f72886adf00>,8,14,[6 5],9,25,39,16,25
1,<environment.Job instance at 0x7f72885a8780>,31,12,[6 4],32,33,45,1,33
1,<environment.Job instance at 0x7f72889d6960>,24,16,[2 8],25,39,55,14,39
1,<environment.Job instance at 0x7f7288ae48c0>,5,13,[10  1],6,45,58,39,45
1,<environment.Job instance at 0x7f7292334690>,34,15,[ 3 10],35,55,70,20,55
1,<environment.Job instance at 0x7f7288c90a00>,36,13,[10  2],37,58,71,21,58
1,<environment.Job instance at 0x7f72883320a0>,1,2,[10  2],2,2,4,0,2
1,<environment.Job instance at 0x7f7288e514b0>,2,3,[10  1],3,4,7,1,3
1,<environment.Job instance at 0x7f7288e51d20>,3,20,[2 7],4,4,24,0,4
1,<environment.Job instance at 0x7f7288e51730>,4,17,[6 2],5,7,24,2,5
1,<environment.Job instance at 0x7f7288e51f50>,5,17,[5 2],6,7,24,1,6
1,<environment.Job instance at 0x7f7288e51dc0>,7,12,[6 2],8,24,36,16,8
1,<environment.Job instance at 0x7f7288e51b90>,8,1,[1 5],9,24,25,15,9
1,<environment.Job instance at 0x7f7288e51690>,9,1,[2 8],10,24,25,14,10
1,<environment.Job instance at 0x7f72888c8960>,14,16,[7 4],15,25,41,10,15
1,<environment.Job instance at 0x7f72888c8730>,17,12,[7 2],18,36,48,18,19
1,<environment.Job instance at 0x7f72888c8b40>,23,13,[10  2],24,48,61,24,32
1,<environment.Job instance at 0x7f72888c8fa0>,25,17,[2 5],26,41,58,15,32
1,<environment.Job instance at 0x7f7288867280>,29,2,[10  5],30,61,63,31,34
1,<environment.Job instance at 0x7f7288867f00>,30,2,[12  2],31,63,65,32,36
1,<environment.Job instance at 0x7f7291ea18c0>,31,15,[5 6],32,65,80,33,51
1,<environment.Job instance at 0x7f7288867690>,27,3,[1 8],28,51,54,23,51
1,<environment.Job instance at 0x7f7288764780>,1,2,[10  2],2,2,4,0,2
1,<environment.Job instance at 0x7f72892f0e60>,2,3,[10  1],3,4,7,1,4
1,<environment.Job instance at 0x7f72887646e0>,3,20,[2 7],4,4,24,0,4
1,<environment.Job instance at 0x7f7288764b40>,4,17,[6 2],5,7,24,2,7
1,<environment.Job instance at 0x7f7288a65cd0>,5,17,[5 2],6,7,24,1,7
1,<environment.Job instance at 0x7f7288ba8fa0>,8,1,[1 5],9,24,25,15,24
1,<environment.Job instance at 0x7f7288b7da50>,9,1,[2 8],10,24,25,14,24
1,<environment.Job instance at 0x7f7288b7d280>,7,12,[6 2],8,24,36,16,24
1,<environment.Job instance at 0x7f728848e7d0>,17,12,[7 2],18,25,37,7,25
1,<environment.Job instance at 0x7f729235c4b0>,20,18,[ 2 10],21,25,43,4,25
1,<environment.Job instance at 0x7f7288ba8f00>,10,16,[6 2],11,36,52,25,36
1,<environment.Job instance at 0x7f72885a8780>,21,14,[8 3],22,43,57,21,43
1,<environment.Job instance at 0x7f7292334690>,14,16,[7 4],15,52,68,37,52
1,<environment.Job instance at 0x7f72886a3370>,11,16,[8 2],12,57,73,45,57
1,<environment.Job instance at 0x7f728934c7d0>,26,13,[5 8],27,68,81,41,68
1,<environment.Job instance at 0x7f72886fca50>,25,17,[2 5],26,68,85,42,68
1,<environment.Job instance at 0x7f7291ea1c80>,0,1,[ 2 11],1,1,2,0,1
1,<environment.Job instance at 0x7f7288fa2960>,2,1,[9 4],3,3,4,0,3
1,<environment.Job instance at 0x7f7288fa2cd0>,3,2,[8 3],4,4,6,0,4
1,<environment.Job instance at 0x7f7288d6b050>,6,2,[ 2 13],7,7,9,0,7
1,<environment.Job instance at 0x7f72890c05f0>,8,12,[10  1],9,9,21,0,9
1,<environment.Job instance at 0x7f72890c0e10>,7,15,[ 2 12],8,9,24,1,9
1,<environment.Job instance at 0x7f72890c0050>,10,2,[5 9],11,24,26,13,11
1,<environment.Job instance at 0x7f72890c0a00>,11,3,[ 3 13],12,26,29,14,12
1,<environment.Job instance at 0x7f72890c0370>,14,12,[6 3],15,29,41,14,15
1,<environment.Job instance at 0x7f728822e370>,18,13,[8 1],19,21,34,2,19
1,<environment.Job instance at 0x7f72887555a0>,19,12,[10  1],20,41,53,21,24
1,<environment.Job instance at 0x7f72887551e0>,23,3,[1 6],24,29,32,5,24
1,<environment.Job instance at 0x7f7288e49780>,24,3,[13  1],25,53,56,28,27
1,<environment.Job instance at 0x7f7288755c30>,20,17,[6 3],21,56,73,35,46
1,<environment.Job instance at 0x7f7288fc9910>,25,14,[9 2],26,56,70,30,47
1,<environment.Job instance at 0x7f72889773c0>,29,3,[4 7],30,47,50,17,47
1,<environment.Job instance at 0x7f72884db730>,31,12,[1 5],32,70,82,38,53
1,<environment.Job instance at 0x7f72892d82d0>,33,12,[6 4],34,70,82,36,53
1,<environment.Job instance at 0x7f72883c8c80>,40,3,[ 2 12],41,82,85,41,62
1,<environment.Job instance at 0x7f7289805370>,2,1,[9 4],3,3,4,0,3
1,<environment.Job instance at 0x7f7289805870>,3,2,[8 3],4,4,6,0,4
1,<environment.Job instance at 0x7f7289805be0>,5,22,[10  2],6,6,28,0,6
1,<environment.Job instance at 0x7f7291ea1a50>,9,21,[5 4],10,10,31,0,10
1,<environment.Job instance at 0x7f7289805dc0>,10,2,[5 9],11,28,30,17,28
1,<environment.Job instance at 0x7f7291ea1be0>,8,12,[10  1],9,30,42,21,30
1,<environment.Job instance at 0x7f729235c4b0>,23,3,[1 6],24,42,45,18,42
1,<environment.Job instance at 0x7f728842d1e0>,14,12,[6 3],15,42,54,27,42
1,<environment.Job instance at 0x7f7288b06780>,18,13,[8 1],19,42,55,23,42
1,<environment.Job instance at 0x7f7288d0c8c0>,29,3,[4 7],30,54,57,24,54
1,<environment.Job instance at 0x7f72886a3aa0>,30,12,[9 3],31,55,67,24,55
1,<environment.Job instance at 0x7f72886a3370>,31,12,[1 5],32,55,67,23,55
1,<environment.Job instance at 0x7f72886a3280>,32,14,[5 2],33,57,71,24,57
1,<environment.Job instance at 0x7f72890cf910>,33,12,[6 4],34,67,79,33,67
1,<environment.Job instance at 0x7f7289828e10>,34,17,[2 6],35,67,84,32,67
1,<environment.Job instance at 0x7f728846bd20>,0,12,[3 7],1,1,13,0,1
1,<environment.Job instance at 0x7f728846b7d0>,1,12,[3 7],2,2,14,0,2
1,<environment.Job instance at 0x7f728846bfa0>,4,15,[6 2],5,13,28,8,5
1,<environment.Job instance at 0x7f728846b1e0>,5,14,[7 2],6,14,28,8,6
1,<environment.Job instance at 0x7f728846beb0>,9,1,[6 2],10,13,14,3,10
1,<environment.Job instance at 0x7f72895453c0>,13,3,[ 4 12],14,28,31,14,14
1,<environment.Job instance at 0x7f7289545820>,15,1,[5 6],16,31,32,15,16
1,<environment.Job instance at 0x7f7289545870>,24,14,[6 2],25,28,42,3,25
1,<environment.Job instance at 0x7f728945fd70>,26,14,[14  5],27,42,56,15,30
1,<environment.Job instance at 0x7f7288918370>,25,17,[ 4 11],26,56,73,30,44
1,<environment.Job instance at 0x7f72884c2eb0>,31,3,[ 1 13],32,73,76,41,47
1,<environment.Job instance at 0x7f7288321230>,33,14,[ 1 12],34,76,90,42,61
1,<environment.Job instance at 0x7f7289042190>,0,12,[3 7],1,1,13,0,1
1,<environment.Job instance at 0x7f7289090140>,1,12,[3 7],2,2,14,0,2
1,<environment.Job instance at 0x7f72894d1500>,8,14,[8 5],9,13,27,4,13
1,<environment.Job instance at 0x7f72894d8f00>,9,1,[6 2],10,14,15,4,14
1,<environment.Job instance at 0x7f72894d15a0>,7,14,[1 7],8,14,28,6,14
1,<environment.Job instance at 0x7f7287fbc640>,4,15,[6 2],5,15,30,10,15
1,<environment.Job instance at 0x7f728896c0a0>,5,14,[7 2],6,27,41,21,27
1,<environment.Job instance at 0x7f728896cb90>,6,18,[1 7],7,28,46,21,28
1,<environment.Job instance at 0x7f72894f7320>,15,1,[5 6],16,30,31,14,30
1,<environment.Job instance at 0x7f72894d5d20>,24,14,[6 2],25,31,45,6,31
1,<environment.Job instance at 0x7f72894f74b0>,14,16,[8 4],15,41,57,26,41
1,<environment.Job instance at 0x7f728862cfa0>,32,14,[2 8],33,46,60,13,46
1,<environment.Job instance at 0x7f728873b0a0>,40,1,[5 4],41,57,58,16,57
1,<environment.Job instance at 0x7f728873b320>,39,1,[8 3],40,57,58,17,57
1,<environment.Job instance at 0x7f72894ef280>,29,16,[4 5],30,58,74,28,58
1,<environment.Job instance at 0x7f72894fd320>,43,14,[7 1],44,58,72,14,58
1,<environment.Job instance at 0x7f72894fd690>,42,2,[1 8],43,60,62,17,60
1,<environment.Job instance at 0x7f72893ab6e0>,4,2,[4 6],5,5,7,0,5
1,<environment.Job instance at 0x7f72893ab410>,6,20,[6 3],7,7,27,0,7
1,<environment.Job instance at 0x7f72893ab050>,9,2,[5 1],10,10,12,0,10
1,<environment.Job instance at 0x7f72893abb40>,10,20,[5 3],11,12,32,1,11
1,<environment.Job instance at 0x7f72893abaa0>,14,3,[ 4 10],15,27,30,12,15
1,<environment.Job instance at 0x7f72893ab820>,12,17,[6 3],13,30,47,17,18
1,<environment.Job instance at 0x7f728938e1e0>,18,2,[ 4 12],19,32,34,13,19
1,<environment.Job instance at 0x7f728938e190>,19,23,[1 6],20,34,57,14,28
1,<environment.Job instance at 0x7f728938e7d0>,20,3,[10  2],21,47,50,26,28
1,<environment.Job instance at 0x7f728938e500>,21,12,[10  2],22,50,62,28,33
1,<environment.Job instance at 0x7f728938e4b0>,22,2,[13  1],23,62,64,39,35
1,<environment.Job instance at 0x7f728938e820>,23,13,[11  1],24,64,77,40,48
1,<environment.Job instance at 0x7f72893ab8c0>,13,14,[10  1],14,77,91,63,62
1,<environment.Job instance at 0x7f72893ab910>,17,14,[5 5],18,77,91,59,66
1,<environment.Job instance at 0x7f729251ab90>,2,20,[2 9],3,3,23,0,3
1,<environment.Job instance at 0x7f7288b9e230>,4,2,[4 6],5,5,7,0,5
1,<environment.Job instance at 0x7f7288fae0a0>,6,20,[6 3],7,7,27,0,7
1,<environment.Job instance at 0x7f7291e5f5a0>,9,2,[5 1],10,10,12,0,10
1,<environment.Job instance at 0x7f72890357d0>,10,20,[5 3],11,12,32,1,12
1,<environment.Job instance at 0x7f72886b7aa0>,14,3,[ 4 10],15,27,30,12,27
1,<environment.Job instance at 0x7f72886b7b40>,13,14,[10  1],14,30,44,16,30
1,<environment.Job instance at 0x7f7289045460>,17,14,[5 5],18,32,46,14,32
1,<environment.Job instance at 0x7f7288df6b90>,20,3,[10  2],21,44,47,23,44
1,<environment.Job instance at 0x7f7291e5f550>,7,17,[5 8],8,46,63,38,46
1,<environment.Job instance at 0x7f7288df6d70>,21,12,[10  2],22,47,59,25,47
1,<environment.Job instance at 0x7f7289887e60>,29,13,[9 2],30,59,72,29,59
1,<environment.Job instance at 0x7f7287efe780>,26,14,[5 1],27,63,77,36,63
1,<environment.Job instance at 0x7f7288c9dc30>,0,2,[7 1],1,1,3,0,1
1,<environment.Job instance at 0x7f7288c9d4b0>,1,3,[2 6],2,2,5,0,2
1,<environment.Job instance at 0x7f7288c9d230>,4,1,[6 5],5,5,6,0,5
1,<environment.Job instance at 0x7f7288c9d7d0>,7,15,[2 7],8,8,23,0,8
1,<environment.Job instance at 0x7f7288c9d0a0>,8,17,[3 5],9,9,26,0,9
1,<environment.Job instance at 0x7f7288c9d910>,9,16,[5 2],10,10,26,0,10
1,<environment.Job instance at 0x7f72885b6b90>,14,13,[8 3],15,26,39,11,15
1,<environment.Job instance at 0x7f72885b65a0>,15,2,[ 2 12],16,26,28,10,16
1,<environment.Job instance at 0x7f72885b67d0>,16,13,[1 9],17,28,41,11,17
1,<environment.Job instance at 0x7f72885b6870>,22,12,[9 5],23,39,51,16,33
1,<environment.Job instance at 0x7f72885b6550>,18,24,[4 6],19,41,65,22,36
1,<environment.Job instance at 0x7f72885b6c80>,21,14,[10  1],22,51,65,29,41
1,<environment.Job instance at 0x7f72885b6820>,25,1,[ 3 12],26,65,66,39,41
1,<environment.Job instance at 0x7f7288c9de60>,19,15,[ 2 13],20,66,81,46,58
1,<environment.Job instance at 0x7f72885b63c0>,20,18,[11  2],21,65,83,44,60
1,<environment.Job instance at 0x7f72885b6370>,28,12,[5 2],29,83,95,54,67
1,<environment.Job instance at 0x7f7288f9c780>,0,2,[7 1],1,1,3,0,1
1,<environment.Job instance at 0x7f7288f9ce10>,1,3,[2 6],2,2,5,0,2
1,<environment.Job instance at 0x7f7288b54870>,4,1,[6 5],5,5,6,0,5
1,<environment.Job instance at 0x7f7288f9c460>,5,17,[1 5],6,6,23,0,6
1,<environment.Job instance at 0x7f728902a1e0>,7,15,[2 7],8,8,23,0,8
1,<environment.Job instance at 0x7f728902a780>,9,16,[5 2],10,10,26,0,10
1,<environment.Job instance at 0x7f7287efee60>,22,12,[9 5],23,23,35,0,23
1,<environment.Job instance at 0x7f7289887e60>,16,13,[1 9],17,26,39,9,26
1,<environment.Job instance at 0x7f7289193730>,14,13,[8 3],15,35,48,20,35
1,<environment.Job instance at 0x7f72889147d0>,28,12,[5 2],29,35,47,6,35
1,<environment.Job instance at 0x7f7287efeaf0>,30,12,[7 2],31,47,59,16,47
1,<environment.Job instance at 0x7f728831b960>,31,3,[5 3],32,48,51,16,48
1,<environment.Job instance at 0x7f7288f9c820>,8,17,[3 5],9,48,65,39,48
1,<environment.Job instance at 0x7f7288df6d70>,26,16,[5 4],27,51,67,24,51
1,<environment.Job instance at 0x7f7288b9ed70>,40,12,[7 1],41,59,71,18,59
1,<environment.Job instance at 0x7f72885e8140>,33,12,[7 2],34,67,79,33,67
1,<environment.Job instance at 0x7f72882c2370>,1,14,[1 6],2,2,16,0,2
1,<environment.Job instance at 0x7f72882c2500>,3,17,[6 1],4,4,21,0,4
1,<environment.Job instance at 0x7f728860f730>,8,2,[ 5 11],9,16,18,7,9
1,<environment.Job instance at 0x7f728860f460>,7,13,[7 3],8,18,31,10,10
1,<environment.Job instance at 0x7f728860fe10>,12,1,[ 4 10],13,21,22,8,13
1,<environment.Job instance at 0x7f72887efe10>,15,1,[12  1],16,31,32,15,16
1,<environment.Job instance at 0x7f72887edeb0>,20,17,[6 4],21,32,49,11,21
1,<environment.Job instance at 0x7f728860b410>,24,13,[8 4],25,32,45,7,25
1,<environment.Job instance at 0x7f728860b190>,30,13,[ 5 10],31,45,58,14,33
1,<environment.Job instance at 0x7f72885e2910>,33,15,[2 5],34,49,64,15,36
1,<environment.Job instance at 0x7f7288c75c80>,0,18,[1 9],1,1,19,0,1
1,<environment.Job instance at 0x7f7288c75960>,1,14,[1 6],2,2,16,0,2
1,<environment.Job instance at 0x7f72888e1c80>,7,13,[7 3],8,16,29,8,16
1,<environment.Job instance at 0x7f72886b0460>,3,17,[6 1],4,16,33,12,16
1,<environment.Job instance at 0x7f728890bd20>,12,1,[ 4 10],13,29,30,16,29
1,<environment.Job instance at 0x7f728890bc80>,13,13,[2 7],14,30,43,16,30
1,<environment.Job instance at 0x7f728890be10>,14,15,[4 7],15,30,45,15,30
1,<environment.Job instance at 0x7f72886b03c0>,2,17,[9 4],3,43,60,40,43
1,<environment.Job instance at 0x7f7288902c30>,21,17,[1 6],22,45,62,23,45
1,<environment.Job instance at 0x7f72884844b0>,22,18,[5 5],23,45,63,22,45
1,<environment.Job instance at 0x7f72888da0a0>,24,13,[8 4],25,60,73,35,60
1,<environment.Job instance at 0x7f72888f4550>,27,1,[4 8],28,63,64,35,63
1,<environment.Job instance at 0x7f72888f43c0>,29,16,[2 5],30,64,80,34,64
1,<environment.Job instance at 0x7f72887e85f0>,1,14,[5 7],2,2,16,0,2
1,<environment.Job instance at 0x7f72887e8640>,2,12,[3 8],3,3,15,0,3
1,<environment.Job instance at 0x7f7288809140>,9,3,[3 5],10,15,18,5,10
1,<environment.Job instance at 0x7f72888097d0>,10,2,[8 3],11,16,18,5,11
1,<environment.Job instance at 0x7f7288d143c0>,6,12,[13  5],7,18,30,11,12
1,<environment.Job instance at 0x7f7288809aa0>,11,13,[7 1],12,30,43,18,14
1,<environment.Job instance at 0x7f7288809c80>,14,1,[ 4 11],15,30,31,15,15
1,<environment.Job instance at 0x7f7288809730>,15,13,[1 6],16,16,29,0,16
1,<environment.Job instance at 0x7f7288999a50>,17,14,[4 6],18,31,45,13,19
1,<environment.Job instance at 0x7f72887e8460>,1,14,[5 7],2,2,16,0,2
1,<environment.Job instance at 0x7f72887e8280>,2,12,[3 8],3,3,15,0,3
1,<environment.Job instance at 0x7f72884db280>,10,2,[8 3],11,15,17,4,15
1,<environment.Job instance at 0x7f72884db500>,9,3,[3 5],10,16,19,6,16
1,<environment.Job instance at 0x7f7288cf3690>,15,13,[1 6],16,16,29,0,16
1,<environment.Job instance at 0x7f7288cf3d20>,11,13,[7 1],12,17,30,5,17
1,<environment.Job instance at 0x7f7288cf3960>,17,14,[4 6],18,19,33,1,19
1,<environment.Job instance at 0x7f7288cf3c80>,19,18,[2 8],20,29,47,9,29
1,<environment.Job instance at 0x7f7288cf3370>,21,15,[7 1],22,30,45,8,30
1,<environment.Job instance at 0x7f7288cf3550>,16,22,[5 3],17,33,55,16,33
1,<environment.Job instance at 0x7f7288cf36e0>,25,17,[7 1],26,45,62,19,45
1,<environment.Job instance at 0x7f7288cf3730>,13,13,[2 9],14,47,60,33,47
1,<environment.Job instance at 0x7f7288cf30a0>,27,15,[3 6],28,60,75,32,60
1,<environment.Job instance at 0x7f7288a89870>,34,12,[10  3],35,62,74,27,62
1,<environment.Job instance at 0x7f7288e02b90>,7,2,[6 5],8,8,10,0,8
1,<environment.Job instance at 0x7f72898fd550>,6,12,[ 1 10],7,9,21,2,9
1,<environment.Job instance at 0x7f7288809fa0>,13,3,[6 1],14,14,17,0,14
1,<environment.Job instance at 0x7f7288809410>,14,3,[1 9],15,21,24,6,15
1,<environment.Job instance at 0x7f7288809280>,16,3,[9 5],17,17,20,0,17
1,<environment.Job instance at 0x7f7288809820>,17,3,[8 1],18,20,23,2,18
1,<environment.Job instance at 0x7f7288809050>,21,2,[7 1],22,23,25,1,23
1,<environment.Job instance at 0x7f72892fd3c0>,0,17,[2 6],1,1,18,0,1
1,<environment.Job instance at 0x7f72892fde10>,2,19,[1 7],3,3,22,0,3
1,<environment.Job instance at 0x7f72892fd2d0>,7,2,[6 5],8,18,20,10,18
1,<environment.Job instance at 0x7f72892fd6e0>,13,3,[6 1],14,20,23,6,20
1,<environment.Job instance at 0x7f72892fd640>,11,15,[4 7],12,20,35,8,20
1,<environment.Job instance at 0x7f729235e0a0>,15,15,[4 8],16,23,38,7,23
1,<environment.Job instance at 0x7f729235ea00>,16,3,[9 5],17,35,38,18,35
1,<environment.Job instance at 0x7f729235e690>,17,3,[8 1],18,38,41,20,38
1,<environment.Job instance at 0x7f729235ec80>,21,2,[7 1],22,38,40,16,38
1,<environment.Job instance at 0x7f72892fdeb0>,14,3,[1 9],15,40,43,25,40
1,<environment.Job instance at 0x7f729235e9b0>,25,3,[9 5],26,41,44,15,41
1,<environment.Job instance at 0x7f72892fdf50>,6,12,[ 1 10],7,43,55,36,43
1,<environment.Job instance at 0x7f729235e6e0>,22,15,[8 2],23,44,59,21,44
1,<environment.Job instance at 0x7f7288eaa820>,27,16,[4 6],28,55,71,27,55
1,<environment.Job instance at 0x7f7288eaa5f0>,32,2,[6 1],33,59,61,26,59
1,<environment.Job instance at 0x7f7288eaa690>,33,17,[3 8],34,59,76,25,59
1,<environment.Job instance at 0x7f728838d2d0>,0,1,[1 9],1,1,2,0,1
1,<environment.Job instance at 0x7f72898fdbe0>,4,1,[ 2 14],5,5,6,0,5
1,<environment.Job instance at 0x7f7289250f50>,5,2,[5 5],6,6,8,0,6
1,<environment.Job instance at 0x7f72892500f0>,6,3,[4 7],7,7,10,0,7
1,<environment.Job instance at 0x7f728923ec30>,8,1,[ 5 11],9,10,11,1,9
1,<environment.Job instance at 0x7f728923e0f0>,9,3,[13  4],10,11,14,1,10
1,<environment.Job instance at 0x7f728923e2d0>,12,1,[12  5],13,47,48,34,47
1,<environment.Job instance at 0x7f728836bdc0>,0,1,[1 9],1,1,2,0,1
1,<environment.Job instance at 0x7f728836b5a0>,5,2,[5 5],6,6,8,0,6
1,<environment.Job instance at 0x7f728836b7d0>,6,3,[4 7],7,7,10,0,7
1,<environment.Job instance at 0x7f7288018960>,13,1,[9 4],14,14,15,0,14
1,<environment.Job instance at 0x7f7288018c80>,14,22,[2 9],15,15,37,0,15
1,<environment.Job instance at 0x7f7288018eb0>,15,14,[8 2],16,16,30,0,16
1,<environment.Job instance at 0x7f7292261320>,23,3,[1 6],24,30,33,6,30
1,<environment.Job instance at 0x7f7288018820>,20,13,[4 6],21,33,46,12,33
1,<environment.Job instance at 0x7f7292261870>,26,2,[3 9],27,37,39,10,37
1,<environment.Job instance at 0x7f7288eaaeb0>,32,14,[6 1],33,39,53,6,39
1,<environment.Job instance at 0x7f7288eaab90>,28,16,[3 5],29,39,55,10,39
1,<environment.Job instance at 0x7f729235e6e0>,37,2,[1 5],38,46,48,8,46
1,<environment.Job instance at 0x7f7292261b90>,25,15,[5 9],26,48,63,22,48
1,<environment.Job instance at 0x7f729235e0f0>,43,15,[6 4],44,55,70,11,55
1,<environment.Job instance at 0x7f729235e690>,42,12,[4 7],43,63,75,20,63
1,<environment.Job instance at 0x7f7288766b90>,1,2,[5 9],2,2,4,0,2
1,<environment.Job instance at 0x7f7288dc3c80>,3,3,[11  2],4,4,7,0,4
1,<environment.Job instance at 0x7f7288766dc0>,8,1,[7 3],9,10,11,1,10
1,<environment.Job instance at 0x7f7288dc31e0>,10,3,[ 3 11],11,11,14,0,11
1,<environment.Job instance at 0x7f7288dc3960>,7,1,[6 4],8,11,12,3,11
1,<environment.Job instance at 0x7f7288dc3230>,9,3,[9 3],10,14,17,4,14
1,<environment.Job instance at 0x7f7288dc3140>,14,16,[ 5 13],15,17,33,2,16
1,<environment.Job instance at 0x7f7288dc3e10>,16,3,[ 4 14],17,33,36,16,17
1,<environment.Job instance at 0x7f728815b690>,17,15,[14  4],18,36,51,18,24
1,<environment.Job instance at 0x7f7288dc3050>,18,13,[7 3],19,51,64,32,35
1,<environment.Job instance at 0x7f7288dc35a0>,15,23,[5 5],16,51,74,35,47
1,<environment.Job instance at 0x7f728815b3c0>,20,3,[11  5],21,74,77,53,48
1,<environment.Job instance at 0x7f728815be60>,21,3,[ 4 14],22,77,80,55,51
1,<environment.Job instance at 0x7f729235e0a0>,1,2,[5 9],2,2,4,0,2
1,<environment.Job instance at 0x7f729235ec80>,7,1,[6 4],8,8,9,0,8
1,<environment.Job instance at 0x7f7292261a00>,8,1,[7 3],9,9,10,0,9
1,<environment.Job instance at 0x7f7292261320>,9,3,[9 3],10,10,13,0,10
1,<environment.Job instance at 0x7f72892fda00>,18,13,[7 3],19,19,32,0,19
1,<environment.Job instance at 0x7f72892fd140>,23,16,[4 8],24,24,40,0,24
1,<environment.Job instance at 0x7f72893a8d20>,27,2,[5 4],28,32,34,4,32
1,<environment.Job instance at 0x7f728815ba50>,31,2,[7 4],32,34,36,2,34
1,<environment.Job instance at 0x7f7288dc3280>,30,3,[5 6],31,36,39,5,36
1,<environment.Job instance at 0x7f728878c410>,33,15,[1 5],34,39,54,5,39
1,<environment.Job instance at 0x7f728865c550>,39,3,[9 2],40,40,43,0,40
1,<environment.Job instance at 0x7f728865c230>,41,13,[ 3 10],42,43,56,1,43
1,<environment.Job instance at 0x7f728865c500>,44,2,[10  1],45,54,56,9,54
1,<environment.Job instance at 0x7f728865c3c0>,46,2,[5 5],47,56,58,9,56
1,<environment.Job instance at 0x7f728865c2d0>,43,12,[4 8],44,56,68,12,56
1,<environment.Job instance at 0x7f728865cd70>,47,17,[3 7],48,58,75,10,58
1,<environment.Job instance at 0x7f728865c5a0>,52,17,[1 6],53,68,85,15,68
1,<environment.Job instance at 0x7f728865c280>,50,18,[8 2],51,68,86,17,68
1,<environment.Job instance at 0x7f7288674140>,0,1,[5 8],1,1,2,0,1
1,<environment.Job instance at 0x7f7288e53cd0>,2,21,[1 7],3,3,24,0,3
1,<environment.Job instance at 0x7f7288e4c1e0>,5,16,[5 4],6,6,22,0,6
1,<environment.Job instance at 0x7f7288e4ceb0>,6,3,[2 6],7,22,25,15,7
1,<environment.Job instance at 0x7f7288e4caf0>,7,3,[9 3],8,8,11,0,8
1,<environment.Job instance at 0x7f7288e53690>,11,3,[5 3],12,12,15,0,12
1,<environment.Job instance at 0x7f7288e4c410>,10,17,[4 6],11,24,41,13,12
1,<environment.Job instance at 0x7f72881650a0>,0,1,[5 8],1,1,2,0,1
1,<environment.Job instance at 0x7f72881658c0>,2,21,[1 7],3,3,24,0,3
1,<environment.Job instance at 0x7f7288165190>,5,16,[5 4],6,6,22,0,6
1,<environment.Job instance at 0x7f72881651e0>,7,3,[9 3],8,8,11,0,8
1,<environment.Job instance at 0x7f728865cf00>,11,3,[5 3],12,12,15,0,12
1,<environment.Job instance at 0x7f7288165910>,6,3,[2 6],7,22,25,15,22
1,<environment.Job instance at 0x7f728865cd70>,16,3,[10  4],17,24,27,7,24
1,<environment.Job instance at 0x7f728865c410>,20,12,[4 9],21,25,37,4,25
1,<environment.Job instance at 0x7f728865c730>,21,12,[7 2],22,27,39,5,27
1,<environment.Job instance at 0x7f728865ca50>,13,15,[ 3 10],14,37,52,23,37
1,<environment.Job instance at 0x7f728865c640>,18,16,[10  1],19,39,55,20,39
1,<environment.Job instance at 0x7f728815b1e0>,28,15,[1 7],29,52,67,23,52
1,<environment.Job instance at 0x7f728865cdc0>,10,17,[4 6],11,52,69,41,52
1,<environment.Job instance at 0x7f7288dc39b0>,31,12,[1 9],32,67,79,35,67
1,<environment.Job instance at 0x7f7288dc32d0>,32,13,[8 3],33,69,82,36,69
1,<environment.Job instance at 0x7f39fc7c26e0>,0,17,[6 1],1,1,18,0,1
1,<environment.Job instance at 0x7f39fc7c2730>,1,3,[ 2 10],2,2,5,0,2
1,<environment.Job instance at 0x7f39f3178b90>,2,14,[ 2 10],3,5,19,2,3
1,<environment.Job instance at 0x7f39f3178a50>,5,2,[1 6],6,19,21,13,6
1,<environment.Job instance at 0x7f39f3178f50>,8,2,[ 1 14],9,21,23,12,9
1,<environment.Job instance at 0x7f39f317d050>,9,12,[8 2],10,23,35,13,10
1,<environment.Job instance at 0x7f39f317d2d0>,11,3,[4 9],12,23,26,11,12
1,<environment.Job instance at 0x7f39f317d500>,15,3,[2 8],16,26,29,10,16
1,<environment.Job instance at 0x7f39f317d780>,17,12,[5 1],18,26,38,8,18
1,<environment.Job instance at 0x7f39f317d7d0>,20,3,[10  5],21,35,38,14,21
1,<environment.Job instance at 0x7f39f317daa0>,22,12,[3 8],23,38,50,15,23
1,<environment.Job instance at 0x7f39f317dcd0>,24,2,[4 6],25,38,40,13,25
1,<environment.Job instance at 0x7f39f317dc30>,25,2,[5 7],26,40,42,14,26
1,<environment.Job instance at 0x7f39f317df00>,26,12,[8 5],27,42,54,15,27
1,<environment.Job instance at 0x7f39f317f320>,31,1,[ 2 14],32,54,55,22,32
1,<environment.Job instance at 0x7f39fc7c28c0>,4,13,[3 6],5,55,68,50,42
1,<environment.Job instance at 0x7f39f317f1e0>,34,14,[1 9],35,55,69,20,42
1,<environment.Job instance at 0x7f39f317f6e0>,35,16,[1 9],36,69,85,33,56
1,<environment.Job instance at 0x7f39f317f640>,39,18,[9 4],40,70,88,30,70
1,<environment.Job instance at 0x7f39f317f9b0>,41,12,[8 3],42,88,100,46,71
1,<environment.Job instance at 0x7f39f317fc30>,42,12,[ 5 12],43,88,100,45,72
1,<environment.Job instance at 0x7f39f3180690>,0,17,[6 1],1,1,18,0,1
1,<environment.Job instance at 0x7f39fc7c2780>,1,3,[ 2 10],2,2,5,0,2
1,<environment.Job instance at 0x7f39f31789b0>,4,13,[3 6],5,5,18,0,5
1,<environment.Job instance at 0x7f39f3178a00>,3,22,[2 5],4,5,27,1,5
1,<environment.Job instance at 0x7f39fc7c2870>,5,2,[1 6],6,18,20,12,18
1,<environment.Job instance at 0x7f39f31850a0>,9,12,[8 2],10,18,30,8,18
1,<environment.Job instance at 0x7f39f3189140>,15,3,[2 8],16,20,23,4,20
1,<environment.Job instance at 0x7f39f3189280>,17,12,[5 1],18,23,35,5,23
1,<environment.Job instance at 0x7f39f3178d20>,2,14,[ 2 10],3,27,41,24,27
1,<environment.Job instance at 0x7f39f3189190>,16,18,[7 3],17,30,48,13,30
1,<environment.Job instance at 0x7f39f3185050>,11,3,[4 9],12,41,44,29,41
1,<environment.Job instance at 0x7f39f3189910>,24,2,[4 6],25,44,46,19,44
1,<environment.Job instance at 0x7f39f31899b0>,25,2,[5 7],26,46,48,20,46
1,<environment.Job instance at 0x7f39f31891e0>,20,3,[10  5],21,48,51,27,48
1,<environment.Job instance at 0x7f39f3189780>,22,12,[3 8],23,48,60,25,48
1,<environment.Job instance at 0x7f39f31895f0>,26,12,[8 5],27,51,63,24,51
1,<environment.Job instance at 0x7f39f3281f00>,34,14,[1 9],35,60,74,25,60
1,<environment.Job instance at 0x7f39f3173460>,27,17,[4 6],28,63,80,35,63
1,<environment.Job instance at 0x7f39f31ccc30>,37,14,[5 8],38,74,88,36,74
1,<environment.Job instance at 0x7f39f28c2c30>,1,14,[8 5],2,2,16,0,2
1,<environment.Job instance at 0x7f39f28c2370>,4,1,[5 5],5,5,6,0,5
1,<environment.Job instance at 0x7f39f28c2550>,6,3,[6 3],7,7,10,0,7
1,<environment.Job instance at 0x7f39f28c00a0>,16,18,[2 6],17,17,35,0,17
1,<environment.Job instance at 0x7f39f28c0780>,17,2,[6 2],18,18,20,0,18
1,<environment.Job instance at 0x7f39f28c0a50>,18,1,[2 9],19,20,21,1,19
1,<environment.Job instance at 0x7f39f28c0f00>,19,2,[13  5],20,21,23,1,20
1,<environment.Job instance at 0x7f39f28c0910>,23,16,[1 9],24,24,40,0,24
1,<environment.Job instance at 0x7f39f28c1af0>,24,1,[ 1 10],25,40,41,15,25
1,<environment.Job instance at 0x7f39f28c0500>,15,16,[8 4],16,35,51,19,27
1,<environment.Job instance at 0x7f39f28c13c0>,28,3,[5 5],29,41,44,12,29
1,<environment.Job instance at 0x7f39f28c10a0>,27,2,[5 5],28,44,46,16,30
1,<environment.Job instance at 0x7f39f28b7a50>,30,23,[5 1],31,46,69,15,40
1,<environment.Job instance at 0x7f39f2a61460>,32,12,[1 6],33,41,53,8,40
1,<environment.Job instance at 0x7f39f2a23690>,33,17,[5 1],34,51,68,17,40
1,<environment.Job instance at 0x7f39f2a862d0>,29,27,[ 3 11],30,56,83,26,56
1,<environment.Job instance at 0x7f39f2a23370>,35,2,[1 6],36,83,85,47,56
1,<environment.Job instance at 0x7f39f2a23320>,36,12,[8 4],37,69,81,32,57
1,<environment.Job instance at 0x7f39f28c1f50>,25,16,[7 5],26,83,99,57,70
1,<environment.Job instance at 0x7f39f2998e10>,0,19,[5 5],1,1,20,0,1
1,<environment.Job instance at 0x7f39f2998cd0>,1,14,[8 5],2,2,16,0,2
1,<environment.Job instance at 0x7f39f29ccaa0>,4,1,[5 5],5,16,17,11,16
1,<environment.Job instance at 0x7f39f29ccb40>,6,3,[6 3],7,17,20,10,17
1,<environment.Job instance at 0x7f39f29ccbe0>,5,15,[1 7],6,17,32,11,17
1,<environment.Job instance at 0x7f39f2927050>,11,15,[9 1],12,20,35,8,20
1,<environment.Job instance at 0x7f39f292a0a0>,16,18,[2 6],17,20,38,3,20
1,<environment.Job instance at 0x7f39f2932730>,17,2,[6 2],18,35,37,17,35
1,<environment.Job instance at 0x7f39f29cca50>,7,18,[7 1],8,35,53,27,35
1,<environment.Job instance at 0x7f39f292ac80>,18,1,[2 9],19,38,39,19,38
1,<environment.Job instance at 0x7f39f299a5a0>,24,1,[ 1 10],25,39,40,14,39
1,<environment.Job instance at 0x7f39f299af00>,23,16,[1 9],24,40,56,16,40
1,<environment.Job instance at 0x7f39f293d8c0>,27,2,[5 5],28,40,42,12,40
1,<environment.Job instance at 0x7f39f293d870>,28,3,[5 5],29,42,45,13,42
1,<environment.Job instance at 0x7f39f299a690>,25,16,[7 5],26,45,61,19,45
1,<environment.Job instance at 0x7f39f2939c30>,33,17,[5 1],34,53,70,19,53
1,<environment.Job instance at 0x7f39f2939be0>,32,12,[1 6],33,56,68,23,56
1,<environment.Job instance at 0x7f39f29850f0>,35,2,[1 6],36,61,63,25,61
1,<environment.Job instance at 0x7f39f299ef00>,36,12,[8 4],37,63,75,26,63
1,<environment.Job instance at 0x7f39f292dc30>,8,16,[4 9],9,70,86,61,70
1,<environment.Job instance at 0x7f39f29d9f50>,43,3,[10  3],44,75,78,31,75
1,<environment.Job instance at 0x7f39f29d9780>,44,12,[1 5],45,78,90,33,78
1,<environment.Job instance at 0x7f39f2940d70>,38,13,[9 1],39,78,91,39,78
1,<environment.Job instance at 0x7f39fc935e60>,0,12,[1 8],1,1,13,0,1
1,<environment.Job instance at 0x7f39fc935b40>,3,2,[13  5],4,4,6,0,4
1,<environment.Job instance at 0x7f39fc935be0>,6,3,[5 6],7,7,10,0,7
1,<environment.Job instance at 0x7f39fc935370>,5,13,[ 5 14],6,13,26,7,9
1,<environment.Job instance at 0x7f39f278d5f0>,14,17,[5 1],15,15,32,0,15
1,<environment.Job instance at 0x7f39fc9354b0>,8,14,[ 5 10],9,26,40,17,17
1,<environment.Job instance at 0x7f39fc935fa0>,17,2,[5 7],18,40,42,22,18
1,<environment.Job instance at 0x7f39f2791e60>,26,13,[9 5],27,32,45,5,27
1,<environment.Job instance at 0x7f39f2791c80>,22,21,[2 5],23,42,63,19,35
1,<environment.Job instance at 0x7f39f2791b90>,23,19,[12  2],24,45,64,21,35
1,<environment.Job instance at 0x7f39f2791140>,29,17,[9 5],30,64,81,34,52
1,<environment.Job instance at 0x7f39f2791320>,30,3,[9 5],31,81,84,50,55
1,<environment.Job instance at 0x7f39f2791d70>,24,21,[9 3],25,84,105,59,77
1,<environment.Job instance at 0x7f39f2791960>,32,12,[1 9],33,77,89,44,77
1,<environment.Job instance at 0x7f39f2791640>,28,19,[5 3],29,84,103,55,79
1,<environment.Job instance at 0x7f39f2791af0>,0,12,[1 8],1,1,13,0,1
1,<environment.Job instance at 0x7f39f27a28c0>,1,20,[10  5],2,2,22,0,2
1,<environment.Job instance at 0x7f39f2785b40>,6,3,[5 6],7,13,16,6,13
1,<environment.Job instance at 0x7f39f2785140>,10,13,[5 7],11,16,29,5,16
1,<environment.Job instance at 0x7f39fc932be0>,17,2,[5 7],18,22,24,4,22
1,<environment.Job instance at 0x7f39f27852d0>,14,17,[5 1],15,22,39,7,22
1,<environment.Job instance at 0x7f39fc932af0>,19,17,[3 5],20,24,41,4,24
1,<environment.Job instance at 0x7f39f2785780>,9,17,[4 7],10,29,46,19,29
1,<environment.Job instance at 0x7f39fc932370>,26,13,[9 5],27,42,55,15,42
1,<environment.Job instance at 0x7f39f27857d0>,8,14,[ 5 10],9,46,60,37,46
1,<environment.Job instance at 0x7f39f2885c30>,30,3,[9 5],31,55,58,24,55
1,<environment.Job instance at 0x7f39f2785320>,16,16,[8 4],17,58,74,41,58
1,<environment.Job instance at 0x7f39f2885280>,32,12,[1 9],33,60,72,27,60
1,<environment.Job instance at 0x7f39f2885af0>,35,13,[7 3],36,72,85,36,72
1,<environment.Job instance at 0x7f39f2885550>,36,18,[1 7],37,75,93,38,75
1,<environment.Job instance at 0x7f39fc9328c0>,28,19,[5 3],29,75,94,46,75
1,<environment.Job instance at 0x7f39f2b868c0>,0,12,[ 5 10],1,1,13,0,1
1,<environment.Job instance at 0x7f39fc935960>,2,13,[4 5],3,8,21,5,8
1,<environment.Job instance at 0x7f39f2b86d20>,8,13,[3 5],9,13,26,4,9
1,<environment.Job instance at 0x7f39f2b86050>,5,14,[10  3],6,21,35,15,16
1,<environment.Job instance at 0x7f39f2785a00>,0,12,[ 5 10],1,1,13,0,1
1,<environment.Job instance at 0x7f39f27852d0>,1,13,[9 2],2,2,15,0,2
1,<environment.Job instance at 0x7f39f27856e0>,2,13,[4 5],3,13,26,10,13
1,<environment.Job instance at 0x7f39f2785500>,8,13,[3 5],9,15,28,6,15
1,<environment.Job instance at 0x7f39f2b86c30>,12,20,[5 1],13,15,35,2,15
1,<environment.Job instance at 0x7f39f2c6eb90>,16,1,[3 9],17,26,27,9,26
1,<environment.Job instance at 0x7f39f2c6e4b0>,22,3,[5 4],23,27,30,4,27
1,<environment.Job instance at 0x7f39f2791b40>,9,16,[5 8],10,28,44,18,28
1,<environment.Job instance at 0x7f39f2c6e2d0>,27,14,[9 1],28,35,49,7,35
1,<environment.Job instance at 0x7f39f2c6e3c0>,23,18,[ 1 10],24,44,62,20,44
1,<environment.Job instance at 0x7f39f2c6e140>,28,1,[8 5],29,49,50,20,49
1,<environment.Job instance at 0x7f39f278d870>,31,1,[7 4],32,50,51,18,50
1,<environment.Job instance at 0x7f39f2785be0>,5,14,[10  3],6,51,65,45,51
1,<environment.Job instance at 0x7f39f278dd20>,35,15,[3 6],36,62,77,26,62
1,<environment.Job instance at 0x7f39f278dc30>,32,15,[7 5],33,65,80,32,65
1,<environment.Job instance at 0x7f39f278daf0>,38,15,[5 8],39,77,92,38,77
1,<environment.Job instance at 0x7f39f2bbe500>,0,2,[7 5],1,1,3,0,1
1,<environment.Job instance at 0x7f39fc937050>,9,13,[2 9],10,13,26,3,13
1,<environment.Job instance at 0x7f39f300fb90>,11,12,[2 7],12,26,38,14,15
1,<environment.Job instance at 0x7f39f2b43eb0>,13,3,[10  5],14,15,18,1,15
1,<environment.Job instance at 0x7f39f2b437d0>,15,3,[9 3],16,18,21,2,16
1,<environment.Job instance at 0x7f39f2b43820>,14,2,[5 5],15,21,23,6,16
1,<environment.Job instance at 0x7f39f2fff2d0>,16,3,[10  2],17,23,26,6,17
1,<environment.Job instance at 0x7f39f3020b90>,18,3,[12  2],19,29,32,10,29
1,<environment.Job instance at 0x7f39f300fd70>,10,20,[4 9],11,38,58,27,29
1,<environment.Job instance at 0x7f39f2797f00>,0,2,[7 5],1,1,3,0,1
1,<environment.Job instance at 0x7f39fc9321e0>,1,16,[ 4 10],2,2,18,0,2
1,<environment.Job instance at 0x7f39f2866140>,14,2,[5 5],15,18,20,3,18
1,<environment.Job instance at 0x7f39f2866730>,13,3,[10  5],14,18,21,4,18
1,<environment.Job instance at 0x7f39fc932910>,11,12,[2 7],12,20,32,8,20
1,<environment.Job instance at 0x7f39f2866370>,16,3,[10  2],17,21,24,4,21
1,<environment.Job instance at 0x7f39f2866280>,15,3,[9 3],16,24,27,8,24
1,<environment.Job instance at 0x7f39f28665a0>,23,2,[5 6],24,27,29,3,27
1,<environment.Job instance at 0x7f39f2866a50>,21,17,[7 1],22,27,44,5,27
1,<environment.Job instance at 0x7f39fc932370>,9,13,[2 9],10,32,45,22,32
1,<environment.Job instance at 0x7f39f278daf0>,29,2,[4 5],30,32,34,2,32
1,<environment.Job instance at 0x7f39f278d1e0>,30,1,[ 4 10],31,45,46,14,45
1,<environment.Job instance at 0x7f39f278d320>,32,16,[5 2],33,45,61,12,45
1,<environment.Job instance at 0x7f39f278d140>,33,2,[6 3],34,45,47,11,45
1,<environment.Job instance at 0x7f39f278d0a0>,28,14,[2 9],29,46,60,17,46
1,<environment.Job instance at 0x7f39f278d780>,36,12,[6 4],37,47,59,10,47
1,<environment.Job instance at 0x7f39f2c6e550>,39,3,[6 1],40,59,62,19,59
1,<environment.Job instance at 0x7f39f278d3c0>,35,14,[3 6],36,60,74,24,60
1,<environment.Job instance at 0x7f39fc932140>,2,20,[5 8],3,61,81,58,61
1,<environment.Job instance at 0x7f39f2c6e690>,44,1,[9 5],45,74,75,29,74
1,<environment.Job instance at 0x7f39f2c6e640>,45,16,[5 2],46,75,91,29,75
1,<environment.Job instance at 0x7f39f2c6e9b0>,46,2,[5 3],47,75,77,28,75
1,<environment.Job instance at 0x7f39f2fe9730>,0,14,[4 5],1,1,15,0,1
1,<environment.Job instance at 0x7f39f2f72c80>,3,13,[5 6],4,4,17,0,4
1,<environment.Job instance at 0x7f39f2f72050>,4,2,[5 7],5,15,17,10,5
1,<environment.Job instance at 0x7f39f2f72460>,10,1,[ 5 11],11,17,18,6,11
1,<environment.Job instance at 0x7f39f2f726e0>,11,1,[12  4],12,18,19,6,12
1,<environment.Job instance at 0x7f39f2f727d0>,9,13,[ 5 12],10,19,32,9,15
1,<environment.Job instance at 0x7f39f2f72370>,12,13,[10  4],13,32,45,19,17
1,<environment.Job instance at 0x7f39f2b2b410>,22,1,[ 4 10],23,32,33,9,23
1,<environment.Job instance at 0x7f39f2f72a50>,16,18,[5 5],17,33,51,16,27
1,<environment.Job instance at 0x7f39f2b2b5f0>,26,21,[6 5],27,45,66,18,37
1,<environment.Job instance at 0x7f39f2f6d3c0>,27,20,[2 7],28,51,71,23,42
1,<environment.Job instance at 0x7f39f2f6dbe0>,29,14,[6 4],30,66,80,36,51
1,<environment.Job instance at 0x7f39f2b2bb90>,28,17,[9 4],29,71,88,42,59
1,<environment.Job instance at 0x7f39f2fff1e0>,0,14,[4 5],1,1,15,0,1
1,<environment.Job instance at 0x7f39f2b86c30>,3,13,[5 6],4,4,17,0,4
1,<environment.Job instance at 0x7f39f2b43c30>,4,2,[5 7],5,15,17,10,15
1,<environment.Job instance at 0x7f39f2c6ecd0>,12,13,[10  4],13,17,30,4,17
1,<environment.Job instance at 0x7f39f2c6ec80>,16,18,[5 5],17,17,35,0,17
1,<environment.Job instance at 0x7f39fc932d70>,22,1,[ 4 10],23,30,31,7,30
1,<environment.Job instance at 0x7f39fc932370>,29,14,[6 4],30,31,45,1,31
1,<environment.Job instance at 0x7f39f2f6d870>,32,15,[2 6],33,33,48,0,33
1,<environment.Job instance at 0x7f39f2cd4640>,26,21,[6 5],27,35,56,8,35
1,<environment.Job instance at 0x7f39fc932140>,28,17,[9 4],29,48,65,19,48
1,<environment.Job instance at 0x7f39f2c6ed70>,8,20,[4 9],9,56,76,47,56
1,<environment.Job instance at 0x7f39f2b3f2d0>,35,14,[10  2],36,65,79,29,65
1,<environment.Job instance at 0x7f39f2bf15a0>,40,13,[ 4 10],41,76,89,35,76
1,<environment.Job instance at 0x7f39f2bf1c30>,42,3,[8 5],43,79,82,36,79
1,<environment.Job instance at 0x7f39f3963730>,3,22,[3 8],4,4,26,0,4
1,<environment.Job instance at 0x7f39f3963960>,5,16,[7 5],6,6,22,0,6
1,<environment.Job instance at 0x7f39f3963af0>,7,12,[5 5],8,22,34,14,8
1,<environment.Job instance at 0x7f39f3963a00>,8,2,[ 4 10],9,26,28,17,9
1,<environment.Job instance at 0x7f39f3963c30>,11,13,[8 1],12,28,41,16,12
1,<environment.Job instance at 0x7f39f3963f00>,16,17,[5 7],17,34,51,17,22
1,<environment.Job instance at 0x7f39f3963690>,2,12,[ 4 11],3,51,63,48,34
1,<environment.Job instance at 0x7f39f398c320>,23,17,[7 2],24,41,58,17,37
1,<environment.Job instance at 0x7f39f398c690>,27,3,[ 5 13],28,63,66,35,39
1,<environment.Job instance at 0x7f39f398c370>,22,16,[7 1],23,58,74,35,45
1,<environment.Job instance at 0x7f39f3975050>,39,2,[7 2],40,66,68,26,49
1,<environment.Job instance at 0x7f39f39750a0>,40,3,[ 5 10],41,68,71,27,49
1,<environment.Job instance at 0x7f39f3975320>,42,2,[ 5 13],43,71,73,28,49
1,<environment.Job instance at 0x7f39f39751e0>,43,1,[13  2],44,74,75,30,49
1,<environment.Job instance at 0x7f39f398cb40>,32,2,[3 8],33,75,77,42,54
1,<environment.Job instance at 0x7f39f398cfa0>,37,16,[5 9],38,77,93,39,64
1,<environment.Job instance at 0x7f39f3975690>,46,12,[7 2],47,75,87,28,68
1,<environment.Job instance at 0x7f39f398cd70>,35,12,[1 9],36,93,105,57,79
1,<environment.Job instance at 0x7f39f2c21550>,3,22,[3 8],4,4,26,0,4
1,<environment.Job instance at 0x7f39f2c21050>,5,16,[7 5],6,6,22,0,6
1,<environment.Job instance at 0x7f39f2c21d70>,10,18,[5 2],11,11,29,0,11
1,<environment.Job instance at 0x7f39f2c210a0>,13,12,[7 5],14,22,34,8,22
1,<environment.Job instance at 0x7f39f2c213c0>,8,2,[ 4 10],9,29,31,20,29
1,<environment.Job instance at 0x7f39f2c210f0>,7,12,[5 5],8,31,43,23,31
1,<environment.Job instance at 0x7f39f2bf14b0>,20,13,[7 3],21,34,47,13,34
1,<environment.Job instance at 0x7f39f2c21280>,11,13,[8 1],12,43,56,31,43
1,<environment.Job instance at 0x7f39f2bf1730>,18,15,[6 5],19,47,62,28,47
1,<environment.Job instance at 0x7f39f2bf1c80>,17,15,[5 7],18,56,71,38,56
1,<environment.Job instance at 0x7f39f2bf1690>,31,13,[5 5],32,62,75,30,62
1,<environment.Job instance at 0x7f39f2bf1780>,32,2,[3 8],33,71,73,38,71
1,<environment.Job instance at 0x7f39f2bf1b90>,22,16,[7 1],23,71,87,48,71
1,<environment.Job instance at 0x7f39f2b2b320>,34,14,[2 7],35,73,87,38,73
1,<environment.Job instance at 0x7f39f2bf17d0>,33,17,[2 7],34,75,92,41,75
1,<environment.Job instance at 0x7f39f356cc80>,6,3,[5 1],7,7,10,0,7
1,<environment.Job instance at 0x7f39f356caf0>,12,2,[3 7],13,13,15,0,13
1,<environment.Job instance at 0x7f39f356ceb0>,13,2,[1 6],14,14,16,0,14
1,<environment.Job instance at 0x7f39f323c960>,18,2,[ 3 13],19,19,21,0,19
1,<environment.Job instance at 0x7f39f323c910>,19,1,[3 5],20,21,22,1,20
1,<environment.Job instance at 0x7f39f2c215f0>,3,13,[ 5 11],4,22,35,18,21
1,<environment.Job instance at 0x7f39f323c410>,21,15,[10  2],22,24,39,2,24
1,<environment.Job instance at 0x7f39f323c7d0>,20,21,[ 2 10],21,35,56,14,27
1,<environment.Job instance at 0x7f39f3975960>,0,18,[4 9],1,1,19,0,1
1,<environment.Job instance at 0x7f39f2b86820>,2,18,[10  5],3,3,21,0,3
1,<environment.Job instance at 0x7f39fc932c30>,12,2,[3 7],13,19,21,6,19
1,<environment.Job instance at 0x7f39fc9324b0>,13,2,[1 6],14,21,23,7,21
1,<environment.Job instance at 0x7f39f2b86be0>,6,3,[5 1],7,21,24,14,21
1,<environment.Job instance at 0x7f39fc932f00>,9,12,[9 3],10,21,33,11,21
1,<environment.Job instance at 0x7f39f2bf16e0>,19,1,[3 5],20,24,25,4,24
1,<environment.Job instance at 0x7f39fc932730>,8,14,[6 5],9,25,39,16,25
1,<environment.Job instance at 0x7f39f2bf1050>,31,12,[6 4],32,33,45,1,33
1,<environment.Job instance at 0x7f39f2bf1b40>,24,16,[2 8],25,39,55,14,39
1,<environment.Job instance at 0x7f39fc932050>,5,13,[10  1],6,45,58,39,45
1,<environment.Job instance at 0x7f39f2bf1140>,34,15,[ 3 10],35,55,70,20,55
1,<environment.Job instance at 0x7f39f2c21cd0>,36,13,[10  2],37,58,71,21,58
1,<environment.Job instance at 0x7f39f2c21be0>,37,14,[5 1],38,70,84,32,70
1,<environment.Job instance at 0x7f39f2c21d70>,41,14,[8 4],42,71,85,29,71
1,<environment.Job instance at 0x7f39fc388730>,0,16,[6 2],1,1,17,0,1
1,<environment.Job instance at 0x7f39fc3881e0>,1,16,[8 2],2,2,18,0,2
1,<environment.Job instance at 0x7f39f26ba320>,4,16,[7 4],5,17,33,12,5
1,<environment.Job instance at 0x7f39f26ba5a0>,7,12,[7 2],8,18,30,10,8
1,<environment.Job instance at 0x7f39f26bafa0>,11,14,[8 3],12,30,44,18,15
1,<environment.Job instance at 0x7f39f26ba280>,17,3,[1 8],18,18,21,0,18
1,<environment.Job instance at 0x7f39f3ba5d70>,19,2,[10  5],20,44,46,24,20
1,<environment.Job instance at 0x7f39f3ba50f0>,20,2,[12  2],21,46,48,25,21
1,<environment.Job instance at 0x7f39f3ba5a00>,21,15,[5 6],22,48,63,26,36
1,<environment.Job instance at 0x7f39f397e370>,26,16,[5 4],27,48,64,21,40
1,<environment.Job instance at 0x7f39f397ea50>,25,1,[5 5],26,42,43,16,42
1,<environment.Job instance at 0x7f39f3ba52d0>,24,25,[6 2],25,63,88,38,63
1,<environment.Job instance at 0x7f39f397e910>,27,17,[ 4 10],28,71,88,43,71
1,<environment.Job instance at 0x7f39f397e230>,29,14,[ 5 13],30,88,102,58,73
1,<environment.Job instance at 0x7f39f397e320>,28,3,[3 7],29,102,105,73,77
1,<environment.Job instance at 0x7f39f336ab40>,0,16,[6 2],1,1,17,0,1
1,<environment.Job instance at 0x7f39f336aeb0>,1,16,[8 2],2,2,18,0,2
1,<environment.Job instance at 0x7f39f3d7c820>,7,12,[7 2],8,17,29,9,17
1,<environment.Job instance at 0x7f39f3435960>,11,14,[8 3],12,18,32,6,18
1,<environment.Job instance at 0x7f39fc392140>,4,16,[7 4],5,29,45,24,29
1,<environment.Job instance at 0x7f39f3953820>,16,13,[5 8],17,32,45,15,32
1,<environment.Job instance at 0x7f39f3953fa0>,17,3,[1 8],18,45,48,27,45
1,<environment.Job instance at 0x7f39f3953f50>,19,2,[10  5],20,45,47,25,45
1,<environment.Job instance at 0x7f39f310f460>,14,12,[10  4],15,47,59,32,47
1,<environment.Job instance at 0x7f39f30a7e10>,21,15,[5 6],22,48,63,26,48
1,<environment.Job instance at 0x7f39f2f91be0>,25,1,[5 5],26,59,60,33,59
1,<environment.Job instance at 0x7f39f397e0f0>,26,16,[5 4],27,59,75,32,59
1,<environment.Job instance at 0x7f39f310f410>,15,17,[2 5],16,60,77,44,60
1,<environment.Job instance at 0x7f39f2935c30>,30,17,[3 5],31,63,80,32,63
1,<environment.Job instance at 0x7f39f310f5f0>,13,13,[10  2],14,75,88,61,75
1,<environment.Job instance at 0x7f39f39b2190>,0,17,[6 3],1,1,18,0,1
1,<environment.Job instance at 0x7f39fc3972d0>,3,3,[1 6],4,4,7,0,4
1,<environment.Job instance at 0x7f39f286a500>,4,3,[13  1],5,18,21,13,5
1,<environment.Job instance at 0x7f39f286a2d0>,9,3,[4 7],10,10,13,0,10
1,<environment.Job instance at 0x7f39f286a780>,10,12,[9 3],11,21,33,10,11
1,<environment.Job instance at 0x7f39f286a320>,11,12,[1 5],12,12,24,0,12
1,<environment.Job instance at 0x7f39f32e1550>,13,12,[6 4],14,24,36,10,14
1,<environment.Job instance at 0x7f39f32e1320>,20,3,[ 2 12],21,36,39,15,21
1,<environment.Job instance at 0x7f39f32e1500>,25,18,[1 9],26,39,57,13,36
1,<environment.Job instance at 0x7f39f3b130f0>,29,17,[7 4],30,39,56,9,38
1,<environment.Job instance at 0x7f39f3b13820>,30,1,[6 2],31,38,39,7,38
1,<environment.Job instance at 0x7f39f3b13dc0>,33,19,[6 2],34,40,59,6,40
1,<environment.Job instance at 0x7f39f286a7d0>,8,28,[4 5],9,57,85,48,56
1,<environment.Job instance at 0x7f39f3b13230>,32,17,[ 1 10],33,59,76,26,56
1,<environment.Job instance at 0x7f39f3b13870>,35,14,[2 7],36,76,90,40,69
1,<environment.Job instance at 0x7f39f3b136e0>,37,14,[10  1],38,85,99,47,72
1,<environment.Job instance at 0x7f39f3c44690>,0,17,[6 3],1,1,18,0,1
1,<environment.Job instance at 0x7f39f3ad2af0>,3,3,[1 6],4,4,7,0,4
1,<environment.Job instance at 0x7f39f2bfd3c0>,5,14,[9 2],6,7,21,1,7
1,<environment.Job instance at 0x7f39f31a1a00>,9,3,[4 7],10,18,21,8,18
1,<environment.Job instance at 0x7f39f3d15a50>,11,12,[1 5],12,18,30,6,18
1,<environment.Job instance at 0x7f39f3d15dc0>,13,12,[6 4],14,21,33,7,21
1,<environment.Job instance at 0x7f39f3d15a00>,12,14,[5 2],13,21,35,8,21
1,<environment.Job instance at 0x7f39f3d15870>,14,17,[2 6],15,30,47,15,30
1,<environment.Job instance at 0x7f39fc757280>,18,15,[5 5],19,33,48,14,33
1,<environment.Job instance at 0x7f39f3d15af0>,15,17,[5 4],16,35,52,19,35
1,<environment.Job instance at 0x7f39f3d15050>,10,12,[9 3],11,48,60,37,48
1,<environment.Job instance at 0x7f39f3953500>,30,1,[6 2],31,52,53,21,52
1,<environment.Job instance at 0x7f39f3435be0>,32,17,[ 1 10],33,53,70,20,53
1,<environment.Job instance at 0x7f39f2c19910>,34,14,[9 2],35,60,74,25,60
1,<environment.Job instance at 0x7f39fc392c80>,35,14,[2 7],36,70,84,34,70
1,<environment.Job instance at 0x7f39fc392460>,36,14,[5 7],37,74,88,37,74
1,<environment.Job instance at 0x7f39f2e26c30>,1,3,[ 1 13],2,2,5,0,2
1,<environment.Job instance at 0x7f39f3738320>,9,1,[8 3],10,10,11,0,10
1,<environment.Job instance at 0x7f39f2915f00>,10,1,[5 4],11,11,12,0,11
1,<environment.Job instance at 0x7f39f2915eb0>,12,2,[1 8],13,13,15,0,13
1,<environment.Job instance at 0x7f39f3738910>,2,14,[2 8],3,15,29,12,15
1,<environment.Job instance at 0x7f39fc6ffcd0>,17,1,[1 8],18,29,30,11,18
1,<environment.Job instance at 0x7f39f355d1e0>,0,18,[9 1],1,1,19,0,1
1,<environment.Job instance at 0x7f39f355d280>,2,14,[2 8],3,3,17,0,3
1,<environment.Job instance at 0x7f39f355d320>,10,1,[5 4],11,17,18,6,17
1,<environment.Job instance at 0x7f39f3465910>,12,2,[1 8],13,17,19,4,17
1,<environment.Job instance at 0x7f39f355d870>,9,1,[8 3],10,19,20,9,19
1,<environment.Job instance at 0x7f39f3465690>,17,1,[1 8],18,19,20,1,19
1,<environment.Job instance at 0x7f39f3465f50>,13,14,[7 1],14,20,34,6,20
1,<environment.Job instance at 0x7f39f2b16dc0>,16,18,[ 1 10],17,20,38,3,20
1,<environment.Job instance at 0x7f39fc392460>,22,3,[6 4],23,23,26,0,23
1,<environment.Job instance at 0x7f39f3435be0>,27,17,[5 3],28,28,45,0,28
1,<environment.Job instance at 0x7f39f3465730>,14,16,[10  3],15,39,55,24,39
1,<environment.Job instance at 0x7f39f3d159b0>,37,1,[1 7],38,45,46,7,45
1,<environment.Job instance at 0x7f39f286aa50>,20,18,[3 7],21,46,64,25,46
1,<environment.Job instance at 0x7f39f3d15f50>,38,1,[9 4],39,55,56,16,55
1,<environment.Job instance at 0x7f39f3d15870>,39,2,[3 6],40,56,58,16,56
1,<environment.Job instance at 0x7f39f3d153c0>,44,2,[4 6],45,58,60,13,58
1,<environment.Job instance at 0x7f39f3d15be0>,36,18,[7 4],37,61,79,24,61
1,<environment.Job instance at 0x7f39f2bfd3c0>,47,17,[5 8],48,65,82,17,65
1,<environment.Job instance at 0x7f39f342c5f0>,49,2,[5 1],50,79,81,29,79
1,<environment.Job instance at 0x7f39f33815a0>,0,16,[6 3],1,1,17,0,1
1,<environment.Job instance at 0x7f39f2bdf280>,2,13,[4 7],3,3,16,0,3
1,<environment.Job instance at 0x7f39f2bdfb90>,4,12,[6 2],5,16,28,11,5
1,<environment.Job instance at 0x7f39f2bdf870>,5,2,[8 2],6,17,19,11,6
1,<environment.Job instance at 0x7f39f2b9f0a0>,12,12,[2 5],13,19,31,6,13
1,<environment.Job instance at 0x7f39f33812d0>,15,2,[6 2],16,19,21,3,16
1,<environment.Job instance at 0x7f39f3c163c0>,20,14,[4 8],21,21,35,0,21
1,<environment.Job instance at 0x7f39f30a1e10>,24,13,[4 5],25,31,44,6,25
1,<environment.Job instance at 0x7f39f2969e10>,26,2,[3 9],27,35,37,8,28
1,<environment.Job instance at 0x7f39f39434b0>,27,14,[10  4],28,37,51,9,30
1,<environment.Job instance at 0x7f39f2969500>,30,2,[7 1],31,31,33,0,31
1,<environment.Job instance at 0x7f39f3cb3320>,31,3,[2 6],32,44,47,12,32
1,<environment.Job instance at 0x7f39f30677d0>,32,27,[1 6],33,47,74,14,45
1,<environment.Job instance at 0x7f39f2a9c2d0>,16,13,[ 1 10],17,74,87,57,60
1,<environment.Job instance at 0x7f39f3911f50>,34,1,[6 5],35,60,61,25,60
1,<environment.Job instance at 0x7f39f2998f50>,29,20,[8 4],30,61,81,31,61
1,<environment.Job instance at 0x7f39f306f050>,37,15,[2 7],38,87,102,49,73
1,<environment.Job instance at 0x7f39f29ff690>,39,16,[5 2],40,81,97,41,73
1,<environment.Job instance at 0x7f39f306fb90>,38,17,[3 5],39,87,104,48,77
1,<environment.Job instance at 0x7f39f3b217d0>,0,16,[6 3],1,1,17,0,1
1,<environment.Job instance at 0x7f39f2a823c0>,1,17,[1 8],2,2,19,0,2
1,<environment.Job instance at 0x7f39f3b7aaf0>,4,12,[6 2],5,5,17,0,5
1,<environment.Job instance at 0x7f39f3b7afa0>,5,2,[8 2],6,17,19,11,17
1,<environment.Job instance at 0x7f39f3b57e10>,12,12,[2 5],13,17,29,4,17
1,<environment.Job instance at 0x7f39f3b6e500>,15,2,[6 2],16,19,21,3,19
1,<environment.Job instance at 0x7f39f3b7acd0>,2,13,[4 7],3,19,32,16,19
1,<environment.Job instance at 0x7f39f3b57b40>,14,12,[9 1],15,21,33,6,21
1,<environment.Job instance at 0x7f39f3b575a0>,8,21,[1 5],9,29,50,20,29
1,<environment.Job instance at 0x7f39f3b53820>,24,13,[4 5],25,32,45,7,32
1,<environment.Job instance at 0x7f39f3b573c0>,11,19,[9 3],12,33,52,21,33
1,<environment.Job instance at 0x7f39f3b790a0>,26,2,[3 9],27,50,52,23,50
1,<environment.Job instance at 0x7f39f3b730f0>,30,2,[7 1],31,52,54,21,52
1,<environment.Job instance at 0x7f39f2e43230>,31,3,[2 6],32,52,55,20,52
1,<environment.Job instance at 0x7f39f3b85640>,20,14,[4 8],21,52,66,31,52
1,<environment.Job instance at 0x7f39f2e43730>,34,1,[6 5],35,55,56,20,55
1,<environment.Job instance at 0x7f39f3b73b90>,27,14,[10  4],28,56,70,28,56
1,<environment.Job instance at 0x7f39f3b6eb90>,16,13,[ 1 10],17,66,79,49,66
1,<environment.Job instance at 0x7f39f2e3e730>,39,16,[5 2],40,70,86,30,70
1,<environment.Job instance at 0x7f39f2e409b0>,44,13,[8 3],45,79,92,34,79
1,<environment.Job instance at 0x7f39f2e31c30>,46,13,[1 9],47,79,92,32,79
1,<environment.Job instance at 0x7f39f3b0c460>,1,13,[4 7],2,2,15,0,2
1,<environment.Job instance at 0x7f39f3b0c370>,3,12,[7 5],4,4,16,0,4
1,<environment.Job instance at 0x7f39f3b0c190>,5,12,[1 6],6,15,27,9,6
1,<environment.Job instance at 0x7f39f2c3f8c0>,14,1,[2 7],15,16,17,1,15
1,<environment.Job instance at 0x7f39f2c3f3c0>,15,12,[8 1],16,16,28,0,16
1,<environment.Job instance at 0x7f39f2c3f230>,27,13,[7 3],28,28,41,0,28
1,<environment.Job instance at 0x7f39f2c3f9b0>,28,2,[ 5 11],29,29,31,0,29
1,<environment.Job instance at 0x7f39f31bed70>,32,1,[ 4 10],33,33,34,0,33
1,<environment.Job instance at 0x7f39f31bef00>,33,13,[2 7],34,35,48,1,35
1,<environment.Job instance at 0x7f39f31befa0>,35,1,[12  1],36,41,42,5,36
1,<environment.Job instance at 0x7f39f2c3fb90>,30,19,[8 3],31,42,61,11,38
1,<environment.Job instance at 0x7f39f2a9aa00>,1,13,[4 7],2,2,15,0,2
1,<environment.Job instance at 0x7f39f2a7f730>,3,12,[7 5],4,4,16,0,4
1,<environment.Job instance at 0x7f39f2a7feb0>,5,12,[1 6],6,15,27,9,15
1,<environment.Job instance at 0x7f39f28a2780>,6,18,[6 4],7,15,33,8,15
1,<environment.Job instance at 0x7f39f2a7f550>,4,18,[3 5],5,16,34,11,16
1,<environment.Job instance at 0x7f39f2cf65a0>,12,18,[5 6],13,27,45,14,27
1,<environment.Job instance at 0x7f39f2cf6730>,14,1,[2 7],15,34,35,19,34
1,<environment.Job instance at 0x7f39f2cf6460>,15,12,[8 1],16,34,46,18,34
1,<environment.Job instance at 0x7f39f3b28c30>,16,17,[2 7],17,35,52,18,35
1,<environment.Job instance at 0x7f39f2cf6eb0>,13,18,[2 7],14,45,63,31,45
1,<environment.Job instance at 0x7f39f2c2a7d0>,9,14,[9 1],10,46,60,36,46
1,<environment.Job instance at 0x7f39f3b44960>,21,14,[1 6],22,52,66,30,52
1,<environment.Job instance at 0x7f39f28d7e60>,27,13,[7 3],28,63,76,35,63
1,<environment.Job instance at 0x7f39f3b44140>,23,17,[6 1],24,63,80,39,63
1,<environment.Job instance at 0x7f39f3b445a0>,20,18,[1 9],21,66,84,45,66
1,<environment.Job instance at 0x7f39f299a500>,0,14,[5 9],1,1,15,0,1
1,<environment.Job instance at 0x7f39f2ce9870>,1,2,[ 5 12],2,15,17,13,2
1,<environment.Job instance at 0x7f39fc75dc80>,2,3,[3 6],3,3,6,0,3
1,<environment.Job instance at 0x7f39f306ffa0>,5,1,[3 6],6,6,7,0,6
1,<environment.Job instance at 0x7f39f3077500>,8,18,[6 4],9,17,35,8,9
1,<environment.Job instance at 0x7f39f3077690>,11,14,[5 7],12,17,31,5,12
1,<environment.Job instance at 0x7f39f30efaa0>,12,12,[3 8],13,31,43,18,14
1,<environment.Job instance at 0x7f39f3cc7f00>,19,3,[3 5],20,35,38,15,20
1,<environment.Job instance at 0x7f39f344a9b0>,20,2,[8 3],21,38,40,17,21
1,<environment.Job instance at 0x7f39f2c9f870>,24,1,[ 4 11],25,43,44,18,25
1,<environment.Job instance at 0x7f39f344aeb0>,21,13,[7 1],22,40,53,18,26
1,<environment.Job instance at 0x7f39f346da50>,25,13,[1 6],26,44,57,18,28
1,<environment.Job instance at 0x7f39f2c9fcd0>,27,14,[4 6],28,44,58,16,30
1,<environment.Job instance at 0x7f39f30ef140>,23,13,[2 9],24,57,70,33,42
1,<environment.Job instance at 0x7f39f342a500>,28,14,[13  1],29,58,72,29,50
1,<environment.Job instance at 0x7f39f23d6e60>,31,15,[7 1],32,72,87,40,58
1,<environment.Job instance at 0x7f39f342ab40>,29,18,[2 8],30,70,88,40,63
1,<environment.Job instance at 0x7f39f23d6a50>,30,26,[5 1],31,72,98,41,69
1,<environment.Job instance at 0x7f39f3cc35f0>,0,14,[5 9],1,1,15,0,1
1,<environment.Job instance at 0x7f39f25fa910>,2,3,[3 6],3,3,6,0,3
1,<environment.Job instance at 0x7f39f37f8be0>,5,1,[3 6],6,6,7,0,6
1,<environment.Job instance at 0x7f39f25fa1e0>,4,19,[6 3],5,7,26,2,7
1,<environment.Job instance at 0x7f39f3ca3b40>,12,12,[3 8],13,15,27,2,15
1,<environment.Job instance at 0x7f39f30f5910>,8,18,[6 4],9,15,33,6,15
1,<environment.Job instance at 0x7f39f2cf6af0>,20,2,[8 3],21,27,29,6,27
1,<environment.Job instance at 0x7f39f2d06410>,19,3,[3 5],20,29,32,9,29
1,<environment.Job instance at 0x7f39f2cf65f0>,21,13,[7 1],22,32,45,10,32
1,<environment.Job instance at 0x7f39f30773c0>,25,13,[1 6],26,32,45,6,32
1,<environment.Job instance at 0x7f39f346d0a0>,27,14,[4 6],28,33,47,5,33
1,<environment.Job instance at 0x7f39f3103b40>,23,13,[2 9],24,45,58,21,45
1,<environment.Job instance at 0x7f39f2a25190>,31,15,[7 1],32,47,62,15,47
1,<environment.Job instance at 0x7f39f3ca3af0>,11,14,[5 7],12,58,72,46,58
1,<environment.Job instance at 0x7f39f3098870>,36,17,[7 4],37,62,79,25,62
1,<environment.Job instance at 0x7f39f3098410>,37,15,[3 6],38,72,87,34,72
1,<environment.Job instance at 0x7f39f299afa0>,35,17,[7 1],36,79,96,43,79
1,<environment.Job instance at 0x7f39f29fb2d0>,29,18,[2 8],30,79,97,49,79
1,<environment.Job instance at 0x7f39f248eb40>,7,2,[6 5],8,8,10,0,8
1,<environment.Job instance at 0x7f39f3cc6fa0>,6,12,[ 1 10],7,9,21,2,9
1,<environment.Job instance at 0x7f39f24a40a0>,13,3,[6 1],14,18,21,4,18
1,<environment.Job instance at 0x7f39f248efa0>,14,3,[1 9],15,21,24,6,18
1,<environment.Job instance at 0x7f39f24a4280>,16,3,[9 5],17,21,24,4,18
1,<environment.Job instance at 0x7f39f24a41e0>,17,3,[8 1],18,18,21,0,18
1,<environment.Job instance at 0x7f39f24a4140>,15,15,[4 8],16,24,39,8,19
1,<environment.Job instance at 0x7f39f24a45f0>,18,17,[7 4],19,24,41,5,23
1,<environment.Job instance at 0x7f39f24a4460>,21,2,[7 1],22,39,41,17,23
1,<environment.Job instance at 0x7f39f24a4aa0>,25,3,[9 5],26,41,44,15,26
1,<environment.Job instance at 0x7f39f24a4820>,22,15,[8 2],23,44,59,21,30
1,<environment.Job instance at 0x7f39f24a4cd0>,27,16,[4 6],28,41,57,13,31
1,<environment.Job instance at 0x7f39f3067140>,0,17,[2 6],1,1,18,0,1
1,<environment.Job instance at 0x7f39f3067960>,2,19,[1 7],3,3,22,0,3
1,<environment.Job instance at 0x7f39f30670f0>,7,2,[6 5],8,18,20,10,18
1,<environment.Job instance at 0x7f39f3067550>,13,3,[6 1],14,20,23,6,20
1,<environment.Job instance at 0x7f39f3067aa0>,11,15,[4 7],12,20,35,8,20
1,<environment.Job instance at 0x7f39f3b521e0>,15,15,[4 8],16,23,38,7,23
1,<environment.Job instance at 0x7f39f3b52820>,16,3,[9 5],17,35,38,18,35
1,<environment.Job instance at 0x7f39f3b52eb0>,17,3,[8 1],18,38,41,20,38
1,<environment.Job instance at 0x7f39f3b52e60>,21,2,[7 1],22,38,40,16,38
1,<environment.Job instance at 0x7f39f3b52050>,14,3,[1 9],15,40,43,25,40
1,<environment.Job instance at 0x7f39f3098c80>,25,3,[9 5],26,41,44,15,41
1,<environment.Job instance at 0x7f39f30673c0>,6,12,[ 1 10],7,43,55,36,43
1,<environment.Job instance at 0x7f39f3b52730>,22,15,[8 2],23,44,59,21,44
1,<environment.Job instance at 0x7f39f3098320>,27,16,[4 6],28,55,71,27,55
1,<environment.Job instance at 0x7f39f3098c30>,32,2,[6 1],33,59,61,26,59
1,<environment.Job instance at 0x7f39f3098050>,33,17,[3 8],34,59,76,25,59
1,<environment.Job instance at 0x7f39f30678c0>,10,15,[9 4],11,71,86,60,71
1,<environment.Job instance at 0x7f39f299a6e0>,35,16,[3 7],36,76,92,40,76
1,<environment.Job instance at 0x7f39f248d050>,2,1,[12  5],3,3,4,0,3
1,<environment.Job instance at 0x7f39f248d910>,3,1,[9 4],4,4,5,0,4
1,<environment.Job instance at 0x7f39f248df00>,4,22,[2 9],5,5,27,0,5
1,<environment.Job instance at 0x7f39f248dc80>,5,14,[8 2],6,6,20,0,6
1,<environment.Job instance at 0x7f39f29d7460>,10,13,[4 6],11,20,33,9,11
1,<environment.Job instance at 0x7f39f29d70a0>,13,3,[1 6],14,27,30,13,15
1,<environment.Job instance at 0x7f39f29d7fa0>,16,2,[3 9],17,30,32,13,18
1,<environment.Job instance at 0x7f39f29d72d0>,15,15,[5 9],16,32,47,16,19
1,<environment.Job instance at 0x7f39f29d7640>,19,1,[ 3 13],20,47,48,27,20
1,<environment.Job instance at 0x7f39f29b23c0>,22,14,[6 1],23,33,47,10,23
1,<environment.Job instance at 0x7f39f248d8c0>,7,12,[ 4 14],8,48,60,40,31
1,<environment.Job instance at 0x7f39f29d7b40>,14,17,[10  4],15,60,77,45,48
1,<environment.Job instance at 0x7f39f25fa3c0>,3,1,[9 4],4,4,5,0,4
1,<environment.Job instance at 0x7f39f37f8be0>,4,22,[2 9],5,5,27,0,5
1,<environment.Job instance at 0x7f39f3ca3dc0>,5,14,[8 2],6,6,20,0,6
1,<environment.Job instance at 0x7f39f29b2dc0>,13,3,[1 6],14,20,23,6,20
1,<environment.Job instance at 0x7f39f248d870>,10,13,[4 6],11,23,36,12,23
1,<environment.Job instance at 0x7f39f29d70f0>,16,2,[3 9],17,27,29,10,27
1,<environment.Job instance at 0x7f39f2bd3cd0>,22,14,[6 1],23,29,43,6,29
1,<environment.Job instance at 0x7f39f2491460>,18,16,[3 5],19,29,45,10,29
1,<environment.Job instance at 0x7f39f2bd3230>,27,2,[1 5],28,36,38,8,36
1,<environment.Job instance at 0x7f39f29d7730>,15,15,[5 9],16,38,53,22,38
1,<environment.Job instance at 0x7f39f2bd3640>,33,15,[6 4],34,45,60,11,45
1,<environment.Job instance at 0x7f39f2bd3a00>,32,12,[4 7],33,53,65,20,53
1,<environment.Job instance at 0x7f39f2bd3460>,29,17,[10  3],30,60,77,30,60
1,<environment.Job instance at 0x7f39f2bd3f00>,35,15,[ 5 10],36,65,80,29,65
1,<environment.Job instance at 0x7f39f25f3410>,14,17,[10  4],15,77,94,62,77
1,<environment.Job instance at 0x7f39f2bbb780>,0,3,[11  5],1,1,4,0,1
1,<environment.Job instance at 0x7f39f2a4e0f0>,1,3,[ 4 14],2,4,7,2,2
1,<environment.Job instance at 0x7f39f2814cd0>,7,2,[5 4],8,8,10,0,8
1,<environment.Job instance at 0x7f39f28145f0>,10,3,[5 6],11,11,14,0,11
1,<environment.Job instance at 0x7f39f28140f0>,11,2,[7 4],12,12,14,0,12
1,<environment.Job instance at 0x7f39f2814a00>,13,15,[1 5],14,14,29,0,14
1,<environment.Job instance at 0x7f39f2bccd20>,3,16,[4 8],4,4,20,0,4
1,<environment.Job instance at 0x7f39f2bccc30>,5,18,[10  3],6,6,24,0,6
1,<environment.Job instance at 0x7f39f2bcceb0>,7,2,[5 4],8,20,22,12,20
1,<environment.Job instance at 0x7f39f2bb3e60>,10,3,[5 6],11,22,25,11,22
1,<environment.Job instance at 0x7f39f2bb31e0>,11,2,[7 4],12,24,26,12,24
1,<environment.Job instance at 0x7f39f2bb3780>,13,15,[1 5],14,24,39,10,24
1,<environment.Job instance at 0x7f39f2bcc370>,9,18,[7 4],10,25,43,15,25
1,<environment.Job instance at 0x7f39f2bd3280>,26,2,[5 5],27,39,41,12,39
1,<environment.Job instance at 0x7f39f2bd3460>,23,12,[4 8],24,41,53,17,41
1,<environment.Job instance at 0x7f39f2bd3e60>,24,2,[10  1],25,43,45,18,43
1,<environment.Job instance at 0x7f39f2bb3640>,19,3,[9 2],20,45,48,25,45
1,<environment.Job instance at 0x7f39f2bd3c80>,32,17,[1 6],33,48,65,15,48
1,<environment.Job instance at 0x7f39f29d7280>,34,17,[3 5],35,53,70,18,53
1,<environment.Job instance at 0x7f39f2bd3cd0>,30,18,[8 2],31,53,71,22,53
1,<environment.Job instance at 0x7f39f29d7c80>,35,13,[4 7],36,65,78,29,65
1,<environment.Job instance at 0x7f39f2bd3dc0>,29,18,[2 6],30,70,88,40,70
1,<environment.Job instance at 0x7f39f28142d0>,37,15,[10  5],38,78,93,40,78
1,<environment.Job instance at 0x7f39f3766910>,1,12,[1 9],2,2,14,0,2
1,<environment.Job instance at 0x7f39f324feb0>,2,13,[8 3],3,3,16,0,3
1,<environment.Job instance at 0x7f39f324f1e0>,3,12,[ 3 10],4,14,26,10,4
1,<environment.Job instance at 0x7f39f324fb90>,5,3,[ 5 14],6,26,29,20,6
1,<environment.Job instance at 0x7f39f24a6b90>,18,3,[ 5 14],19,29,32,10,19
1,<environment.Job instance at 0x7f39f24a6e10>,22,20,[5 5],23,32,52,9,23
1,<environment.Job instance at 0x7f39f32637d0>,23,1,[7 4],24,25,26,1,25
1,<environment.Job instance at 0x7f39f3263460>,21,12,[12  3],22,52,64,30,35
1,<environment.Job instance at 0x7f39f2736320>,28,14,[7 3],29,64,78,35,53
1,<environment.Job instance at 0x7f39f24ec910>,32,25,[ 1 10],33,58,83,25,58
1,<environment.Job instance at 0x7f39f27516e0>,33,1,[8 4],34,78,79,44,58
1,<environment.Job instance at 0x7f39f277e910>,37,2,[ 2 13],38,83,85,45,58
1,<environment.Job instance at 0x7f39f3c1ab90>,40,2,[1 8],41,85,87,44,62
1,<environment.Job instance at 0x7f39f24f3730>,45,1,[ 1 12],46,87,88,41,62
1,<environment.Job instance at 0x7f39f2755b90>,47,13,[5 2],48,64,77,16,62
1,<environment.Job instance at 0x7f39f2763910>,55,2,[7 2],56,79,81,23,62
1,<environment.Job instance at 0x7f39f2763050>,56,1,[5 7],57,85,86,28,62
1,<environment.Job instance at 0x7f39f2763820>,57,2,[ 3 14],58,88,90,30,62
1,<environment.Job instance at 0x7f39f2763e10>,60,2,[ 3 13],61,90,92,29,64
1,<environment.Job instance at 0x7f39f33f1780>,1,12,[1 9],2,2,14,0,2
1,<environment.Job instance at 0x7f39f3463dc0>,2,13,[8 3],3,3,16,0,3
1,<environment.Job instance at 0x7f39f34631e0>,3,12,[ 3 10],4,14,26,10,14
1,<environment.Job instance at 0x7f39f33f1690>,4,15,[8 2],5,16,31,11,16
1,<environment.Job instance at 0x7f39f3463140>,9,12,[5 9],10,27,39,17,27
1,<environment.Job instance at 0x7f39f2bbb870>,23,1,[7 4],24,31,32,7,31
1,<environment.Job instance at 0x7f39f2814a50>,27,16,[10  3],28,32,48,4,32
1,<environment.Job instance at 0x7f39f3463230>,10,16,[1 8],11,39,55,28,39
1,<environment.Job instance at 0x7f39f310d5f0>,28,14,[7 3],29,48,62,19,48
1,<environment.Job instance at 0x7f39f2bd3e10>,33,1,[8 4],34,56,57,22,56
1,<environment.Job instance at 0x7f39f2bd3aa0>,38,16,[ 3 10],39,57,73,18,57
1,<environment.Job instance at 0x7f39f2bd3550>,39,14,[10  5],40,62,76,22,62
1,<environment.Job instance at 0x7f39f2bd35a0>,40,2,[1 8],41,73,75,32,73
1,<environment.Job instance at 0x7f39f3463fa0>,7,18,[1 6],8,75,93,67,75
1,<environment.Job instance at 0x7f39f2bd3960>,44,14,[8 2],45,77,91,32,77
1,<environment.Job instance at 0x7f39f2bd3dc0>,35,20,[3 6],36,77,97,41,77
1,<environment.Job instance at 0x7f39f2d8aeb0>,1,15,[4 9],2,2,17,0,2
1,<environment.Job instance at 0x7f39f2d8abe0>,2,2,[3 9],3,17,19,14,3
1,<environment.Job instance at 0x7f39f2d8a320>,5,16,[5 1],6,6,22,0,6
1,<environment.Job instance at 0x7f39f2d8a460>,6,3,[6 3],7,7,10,0,7
1,<environment.Job instance at 0x7f39f2d8a780>,7,12,[4 8],8,19,31,11,8
1,<environment.Job instance at 0x7f39f2d8a280>,8,2,[5 7],9,22,24,13,9
1,<environment.Job instance at 0x7f39f39c0730>,12,1,[1 5],13,13,14,0,13
1,<environment.Job instance at 0x7f39f39c0a50>,16,13,[5 8],17,31,44,14,17
1,<environment.Job instance at 0x7f39f39c0f50>,21,12,[3 5],22,24,36,2,22
1,<environment.Job instance at 0x7f39f39c0320>,18,15,[ 5 12],19,44,59,25,30
1,<environment.Job instance at 0x7f39f39c0cd0>,24,2,[5 5],25,36,38,11,30
1,<environment.Job instance at 0x7f39f3c3b7d0>,27,12,[5 5],28,64,76,36,64
1,<environment.Job instance at 0x7f39f324cb90>,1,15,[4 9],2,2,17,0,2
1,<environment.Job instance at 0x7f39f2bb3820>,5,16,[5 1],6,6,22,0,6
1,<environment.Job instance at 0x7f39f2bb3d20>,6,3,[6 3],7,7,10,0,7
1,<environment.Job instance at 0x7f39f2bb31e0>,12,1,[1 5],13,13,14,0,13
1,<environment.Job instance at 0x7f39f2bb3870>,2,2,[3 9],3,17,19,14,17
1,<environment.Job instance at 0x7f39f2bb3460>,8,2,[5 7],9,19,21,10,19
1,<environment.Job instance at 0x7f39f3463c30>,14,14,[3 7],15,19,33,4,19
1,<environment.Job instance at 0x7f39f2bb3b40>,7,12,[4 8],8,22,34,14,22
1,<environment.Job instance at 0x7f39f3463640>,21,12,[3 5],22,33,45,11,33
1,<environment.Job instance at 0x7f39f3463820>,23,14,[6 2],24,33,47,9,33
1,<environment.Job instance at 0x7f39f3463f50>,24,2,[5 5],25,34,36,9,34
1,<environment.Job instance at 0x7f39f25919b0>,27,12,[5 5],28,36,48,8,36
1,<environment.Job instance at 0x7f39f34637d0>,28,16,[4 6],29,45,61,16,45
1,<environment.Job instance at 0x7f39f24f3320>,31,14,[5 4],32,47,61,15,47
1,<environment.Job instance at 0x7f39f2d8a910>,33,12,[3 8],34,61,73,27,61
1,<environment.Job instance at 0x7f39f2d8a140>,36,14,[8 4],37,61,75,24,61
1,<environment.Job instance at 0x7f39f251bd20>,38,12,[ 4 10],39,73,85,34,73
1,<environment.Job instance at 0x7f39f251b9b0>,44,1,[9 4],45,75,76,30,75
1,<environment.Job instance at 0x7f39f39ac4b0>,48,15,[10  3],49,76,91,27,76
1,<environment.Job instance at 0x7f39f27cb230>,7,3,[8 4],8,8,11,0,8
1,<environment.Job instance at 0x7f39f27cb2d0>,8,21,[2 5],9,9,30,0,9
1,<environment.Job instance at 0x7f39f27cb410>,9,1,[5 4],10,10,11,0,10
1,<environment.Job instance at 0x7f39f27cb500>,10,1,[ 1 13],11,30,31,19,11
1,<environment.Job instance at 0x7f39f27cb5f0>,11,3,[4 8],12,12,15,0,12
1,<environment.Job instance at 0x7f39f27cb7d0>,13,13,[9 2],14,14,27,0,14
1,<environment.Job instance at 0x7f39f27cb960>,16,2,[5 7],17,27,29,10,17
1,<environment.Job instance at 0x7f39f27cbb90>,18,12,[ 3 10],19,31,43,12,19
1,<environment.Job instance at 0x7f39f27cba50>,17,13,[11  2],18,29,42,11,21
1,<environment.Job instance at 0x7f39f27cbaa0>,21,12,[ 2 12],22,43,55,21,35
1,<environment.Job instance at 0x7f39f27cbeb0>,23,3,[5 1],24,42,45,18,35
1,<environment.Job instance at 0x7f39f27cb370>,15,16,[3 8],16,55,71,39,42
1,<environment.Job instance at 0x7f39f27cbd20>,22,1,[9 2],23,45,46,22,42
1,<environment.Job instance at 0x7f39f27cbfa0>,25,3,[1 7],26,55,58,29,42
1,<environment.Job instance at 0x7f39f27730a0>,0,16,[8 1],1,1,17,0,1
1,<environment.Job instance at 0x7f39f2773be0>,2,17,[4 8],3,3,20,0,3
1,<environment.Job instance at 0x7f39f39ac5f0>,8,21,[2 5],9,9,30,0,9
1,<environment.Job instance at 0x7f39f39ac140>,13,13,[9 2],14,17,30,3,17
1,<environment.Job instance at 0x7f39f39ac0f0>,11,3,[4 8],12,20,23,8,20
1,<environment.Job instance at 0x7f39f39acc30>,15,16,[3 8],16,23,39,7,23
1,<environment.Job instance at 0x7f39f39acd20>,9,1,[5 4],10,30,31,20,30
1,<environment.Job instance at 0x7f39f39ac1e0>,16,2,[5 7],17,31,33,14,31
1,<environment.Job instance at 0x7f39f39ac050>,22,1,[9 2],23,33,34,10,33
1,<environment.Job instance at 0x7f39f39accd0>,7,3,[8 4],8,34,37,26,34
1,<environment.Job instance at 0x7f39f2d7dd70>,25,3,[1 7],26,37,40,11,37
1,<environment.Job instance at 0x7f39f39ac370>,23,3,[5 1],24,39,42,15,39
1,<environment.Job instance at 0x7f39f39aceb0>,14,17,[9 1],15,39,56,24,39
1,<environment.Job instance at 0x7f39f39ac9b0>,18,12,[ 3 10],19,42,54,23,42
1,<environment.Job instance at 0x7f39f25919b0>,29,16,[6 1],30,54,70,24,54
1,<environment.Job instance at 0x7f39f3463870>,32,13,[ 4 10],33,56,69,23,56
1,<environment.Job instance at 0x7f39f34631e0>,33,15,[8 5],34,69,84,35,69
1,<environment.Job instance at 0x7f39f3463410>,35,12,[1 7],36,70,82,34,70
1,<environment.Job instance at 0x7f1ac8ace6e0>,0,17,[6 1],1,1,18,0,1
1,<environment.Job instance at 0x7f1ac8ace730>,1,3,[ 2 10],2,2,5,0,2
1,<environment.Job instance at 0x7f1abf484c80>,4,13,[3 6],5,5,18,0,5
1,<environment.Job instance at 0x7f1abf484cd0>,5,2,[1 6],6,6,8,0,6
1,<environment.Job instance at 0x7f1abf488050>,9,12,[8 2],10,18,30,8,10
1,<environment.Job instance at 0x7f1abf488280>,11,3,[4 9],12,18,21,6,12
1,<environment.Job instance at 0x7f1abf488370>,15,3,[2 8],16,21,24,5,16
1,<environment.Job instance at 0x7f1abf4885f0>,17,12,[5 1],18,21,33,3,18
1,<environment.Job instance at 0x7f1abf484d70>,14,21,[8 1],15,30,51,15,22
1,<environment.Job instance at 0x7f1abf4887d0>,20,3,[10  5],21,51,54,30,25
1,<environment.Job instance at 0x7f1abf488960>,21,18,[9 4],22,54,72,32,44
1,<environment.Job instance at 0x7f1abf488c30>,24,2,[4 6],25,44,46,19,44
1,<environment.Job instance at 0x7f1abf488d70>,25,2,[5 7],26,46,48,20,44
1,<environment.Job instance at 0x7f1abf488b40>,22,12,[3 8],23,48,60,25,45
1,<environment.Job instance at 0x7f1abf488aa0>,26,12,[8 5],27,72,84,45,55
1,<environment.Job instance at 0x7f1abf488fa0>,29,24,[4 7],30,60,84,30,56
1,<environment.Job instance at 0x7f1abf488e60>,27,17,[4 6],28,84,101,56,73
1,<environment.Job instance at 0x7f1abf488be0>,31,1,[ 2 14],32,101,102,69,73
1,<environment.Job instance at 0x7f1abf491af0>,0,17,[6 1],1,1,18,0,1
1,<environment.Job instance at 0x7f1ac8ace7d0>,1,3,[ 2 10],2,2,5,0,2
1,<environment.Job instance at 0x7f1abf484a00>,4,13,[3 6],5,5,18,0,5
1,<environment.Job instance at 0x7f1abf491050>,3,22,[2 5],4,5,27,1,5
1,<environment.Job instance at 0x7f1abf484dc0>,5,2,[1 6],6,18,20,12,18
1,<environment.Job instance at 0x7f1abf493370>,9,12,[8 2],10,18,30,8,18
1,<environment.Job instance at 0x7f1abf493690>,15,3,[2 8],16,20,23,4,20
1,<environment.Job instance at 0x7f1abf4937d0>,17,12,[5 1],18,23,35,5,23
1,<environment.Job instance at 0x7f1abf491b90>,2,14,[ 2 10],3,27,41,24,27
1,<environment.Job instance at 0x7f1abf493730>,16,18,[7 3],17,30,48,13,30
1,<environment.Job instance at 0x7f1abf493460>,11,3,[4 9],12,41,44,29,41
1,<environment.Job instance at 0x7f1abf47f460>,24,2,[4 6],25,44,46,19,44
1,<environment.Job instance at 0x7f1abf62e730>,25,2,[5 7],26,46,48,20,46
1,<environment.Job instance at 0x7f1abf4c3910>,20,3,[10  5],21,48,51,27,48
1,<environment.Job instance at 0x7f1abf4dc6e0>,22,12,[3 8],23,48,60,25,48
1,<environment.Job instance at 0x7f1abf62e5f0>,26,12,[8 5],27,51,63,24,51
1,<environment.Job instance at 0x7f1abf47c7d0>,34,14,[1 9],35,60,74,25,60
1,<environment.Job instance at 0x7f1abf625370>,27,17,[4 6],28,63,80,35,63
1,<environment.Job instance at 0x7f1abf60dc80>,37,14,[5 8],38,74,88,36,74
1,<environment.Job instance at 0x7f1abf5a9230>,41,12,[8 3],42,80,92,38,80
1,<environment.Job instance at 0x7f1abf56b2d0>,43,16,[1 8],44,88,104,44,88
1,<environment.Job instance at 0x7f1abebc44b0>,1,15,[9 1],2,6,21,4,6
1,<environment.Job instance at 0x7f1abebc98c0>,7,2,[6 2],8,8,10,0,8
1,<environment.Job instance at 0x7f1abebc9c30>,6,18,[2 6],7,10,28,3,9
1,<environment.Job instance at 0x7f1abed09f00>,8,1,[2 9],9,21,22,12,9
1,<environment.Job instance at 0x7f1abee58a00>,9,2,[13  5],10,22,24,12,10
1,<environment.Job instance at 0x7f1abebc9eb0>,5,16,[8 4],6,24,40,18,14
1,<environment.Job instance at 0x7f1abed04b40>,14,1,[ 1 10],15,28,29,13,15
1,<environment.Job instance at 0x7f1abed042d0>,17,2,[5 5],18,24,26,6,18
1,<environment.Job instance at 0x7f1abed2fd20>,18,3,[5 5],19,29,32,10,19
1,<environment.Job instance at 0x7f1abed2f0f0>,25,2,[1 6],26,29,31,3,26
1,<environment.Job instance at 0x7f1abed2f960>,22,12,[1 6],23,31,43,8,27
1,<environment.Job instance at 0x7f1abed2f320>,23,17,[5 1],24,32,49,8,28
1,<environment.Job instance at 0x7f1abed21b90>,31,2,[ 5 14],32,43,45,11,32
1,<environment.Job instance at 0x7f1abed2f2d0>,26,12,[8 4],27,45,57,18,33
1,<environment.Job instance at 0x7f1abed659b0>,33,3,[10  3],34,57,60,23,34
1,<environment.Job instance at 0x7f1abed218c0>,34,12,[1 5],35,45,57,10,35
1,<environment.Job instance at 0x7f1abed12050>,35,3,[2 9],36,57,60,21,36
1,<environment.Job instance at 0x7f1abeafd410>,36,13,[2 6],37,60,73,23,44
1,<environment.Job instance at 0x7f1ad199aeb0>,37,2,[5 5],38,49,51,11,44
1,<environment.Job instance at 0x7f1abead8dc0>,38,19,[1 7],39,60,79,21,50
1,<environment.Job instance at 0x7f1abea9ab40>,39,3,[1 5],40,51,54,11,50
1,<environment.Job instance at 0x7f1abecb42d0>,12,13,[11  4],13,73,86,60,59
1,<environment.Job instance at 0x7f1abea4b3c0>,40,16,[3 9],41,79,95,38,73
1,<environment.Job instance at 0x7f1abed2fcd0>,24,19,[9 2],25,86,105,61,81
1,<environment.Job instance at 0x7f1abea4e910>,43,2,[ 5 10],44,95,97,51,81
1,<environment.Job instance at 0x7f1abea4eb40>,44,12,[5 4],45,97,109,52,82
1,<environment.Job instance at 0x7f1abeca6cd0>,0,22,[9 2],1,1,23,0,1
1,<environment.Job instance at 0x7f1abeca65a0>,6,18,[2 6],7,7,25,0,7
1,<environment.Job instance at 0x7f1abeca9be0>,8,1,[2 9],9,23,24,14,23
1,<environment.Job instance at 0x7f1abeca9d20>,7,2,[6 2],8,24,26,16,24
1,<environment.Job instance at 0x7f1abecadf50>,15,16,[7 5],16,24,40,8,24
1,<environment.Job instance at 0x7f1abecadaf0>,14,1,[ 1 10],15,26,27,11,26
1,<environment.Job instance at 0x7f1abec366e0>,17,2,[5 5],18,27,29,9,27
1,<environment.Job instance at 0x7f1abec365f0>,18,3,[5 5],19,29,32,10,29
1,<environment.Job instance at 0x7f1abec3e2d0>,22,12,[1 6],23,32,44,9,32
1,<environment.Job instance at 0x7f1abec41e60>,23,17,[5 1],24,32,49,8,32
1,<environment.Job instance at 0x7f1abec41e10>,25,2,[1 6],26,40,42,14,40
1,<environment.Job instance at 0x7f1abec39820>,26,12,[8 4],27,42,54,15,42
1,<environment.Job instance at 0x7f1abeca95a0>,13,16,[1 9],14,44,60,30,44
1,<environment.Job instance at 0x7f1abec4c1e0>,33,3,[10  3],34,54,57,20,54
1,<environment.Job instance at 0x7f1abec4c6e0>,34,12,[1 5],35,57,69,22,57
1,<environment.Job instance at 0x7f1abec39550>,28,13,[9 1],29,57,70,28,57
1,<environment.Job instance at 0x7f1abed9b280>,37,2,[5 5],38,60,62,22,60
1,<environment.Job instance at 0x7f1abeec4be0>,39,3,[1 5],40,62,65,22,62
1,<environment.Job instance at 0x7f1abec4cb90>,35,3,[2 9],36,65,68,29,65
1,<environment.Job instance at 0x7f1abec4cb40>,36,13,[2 6],37,68,81,31,68
1,<environment.Job instance at 0x7f1abeca6c30>,1,15,[9 1],2,70,85,68,70
1,<environment.Job instance at 0x7f1abec48280>,43,2,[ 5 10],44,81,83,37,81
1,<environment.Job instance at 0x7f1abec48cd0>,44,12,[5 4],45,83,95,38,83
1,<environment.Job instance at 0x7f1abec4f550>,46,1,[9 5],47,85,86,38,85
1,<environment.Job instance at 0x7f1abecc3780>,49,13,[1 8],50,86,99,36,86
1,<environment.Job instance at 0x7f1abec4f910>,45,15,[8 3],46,86,101,40,86
1,<environment.Job instance at 0x7f1ac8b75280>,2,21,[2 5],3,3,24,0,3
1,<environment.Job instance at 0x7f1abea4be10>,6,13,[9 5],7,7,20,0,7
1,<environment.Job instance at 0x7f1abea4b190>,10,3,[9 5],11,20,23,9,11
1,<environment.Job instance at 0x7f1abea4b320>,12,12,[1 9],13,23,35,10,13
1,<environment.Job instance at 0x7f1abea4b140>,15,13,[7 3],16,24,37,8,23
1,<environment.Job instance at 0x7f1abea4b7d0>,14,15,[13  1],15,37,52,22,25
1,<environment.Job instance at 0x7f1abea4ba50>,20,2,[11  3],21,52,54,31,37
1,<environment.Job instance at 0x7f1abea83e60>,25,16,[5 6],26,54,70,28,43
1,<environment.Job instance at 0x7f1abea4b0f0>,11,15,[ 2 14],12,70,85,58,56
1,<environment.Job instance at 0x7f1abea835f0>,28,1,[14  4],29,85,86,56,60
1,<environment.Job instance at 0x7f1abea832d0>,31,1,[ 4 14],32,86,87,54,62
1,<environment.Job instance at 0x7f1abea808c0>,39,3,[11  3],40,87,90,47,70
1,<environment.Job instance at 0x7f1abea84aa0>,56,13,[2 7],57,87,100,30,73
1,<environment.Job instance at 0x7f1abea84a50>,57,2,[7 2],58,90,92,32,73
1,<environment.Job instance at 0x7f1abea84960>,58,13,[ 5 11],59,100,113,41,84
1,<environment.Job instance at 0x7f1abeb04e10>,2,21,[2 5],3,3,24,0,3
1,<environment.Job instance at 0x7f1ac8b75050>,4,21,[9 3],5,5,26,0,5
1,<environment.Job instance at 0x7f1abeab95a0>,12,12,[1 9],13,24,36,11,24
1,<environment.Job instance at 0x7f1abeab9910>,10,3,[9 5],11,26,29,15,26
1,<environment.Job instance at 0x7f1ac8b75230>,6,13,[9 5],7,29,42,22,29
1,<environment.Job instance at 0x7f1abeab9960>,16,18,[1 7],17,36,54,19,36
1,<environment.Job instance at 0x7f1abeab9690>,19,13,[7 2],20,42,55,22,42
1,<environment.Job instance at 0x7f1abeab9640>,15,13,[7 3],16,42,55,26,42
1,<environment.Job instance at 0x7f1abeb28410>,23,13,[7 1],24,55,68,31,55
1,<environment.Job instance at 0x7f1abeb28140>,22,16,[5 3],23,55,71,32,55
1,<environment.Job instance at 0x7f1abeb28550>,21,17,[2 7],22,55,72,33,55
1,<environment.Job instance at 0x7f1abeb28910>,25,16,[5 6],26,71,87,45,71
1,<environment.Job instance at 0x7f1ac8b75a50>,5,17,[9 1],6,72,89,66,72
1,<environment.Job instance at 0x7f1abeb28e60>,30,13,[2 5],31,87,100,56,87
1,<environment.Job instance at 0x7f1abeb28640>,29,17,[3 6],30,87,104,57,87
1,<environment.Job instance at 0x7f1abf011500>,0,2,[13  1],1,1,3,0,1
1,<environment.Job instance at 0x7f1abf0112d0>,1,1,[7 4],2,3,4,1,2
1,<environment.Job instance at 0x7f1abf011d70>,2,15,[7 5],3,3,18,0,3
1,<environment.Job instance at 0x7f1abf0111e0>,5,15,[3 6],6,6,21,0,6
1,<environment.Job instance at 0x7f1abf8a7e10>,8,15,[5 8],9,18,33,9,9
1,<environment.Job instance at 0x7f1abf011a00>,11,2,[7 3],12,21,23,9,12
1,<environment.Job instance at 0x7f1abf8a7c30>,13,2,[5 7],14,23,25,9,14
1,<environment.Job instance at 0x7f1abf8a7eb0>,14,2,[8 1],15,25,27,10,15
1,<environment.Job instance at 0x7f1abf8a7230>,18,2,[ 4 11],19,33,35,14,19
1,<environment.Job instance at 0x7f1abf8a7280>,19,3,[9 4],20,27,30,7,20
1,<environment.Job instance at 0x7f1abf8a7050>,20,2,[2 9],21,35,37,14,21
1,<environment.Job instance at 0x7f1abf8a7730>,21,15,[7 2],22,30,45,8,22
1,<environment.Job instance at 0x7f1abf8a7c80>,22,12,[8 3],23,37,49,14,23
1,<environment.Job instance at 0x7f1abf924230>,28,2,[8 3],29,49,51,20,29
1,<environment.Job instance at 0x7f1abf924280>,34,3,[4 5],35,45,48,10,36
1,<environment.Job instance at 0x7f1abf924370>,35,16,[5 3],36,48,64,12,36
1,<environment.Job instance at 0x7f1abf924320>,38,3,[5 2],39,51,54,12,39
1,<environment.Job instance at 0x7f1abf9249b0>,36,14,[7 1],37,54,68,17,41
1,<environment.Job instance at 0x7f1abf5eb820>,41,18,[ 1 11],42,54,72,12,48
1,<environment.Job instance at 0x7f1abf924820>,37,12,[6 3],38,64,76,26,48
1,<environment.Job instance at 0x7f1abf924c30>,40,3,[5 8],41,51,54,10,48
1,<environment.Job instance at 0x7f1abf5ebaf0>,42,13,[6 5],43,72,85,29,64
1,<environment.Job instance at 0x7f1abf5eb280>,43,16,[ 5 10],44,76,92,32,64
1,<environment.Job instance at 0x7f1abf5eb1e0>,46,14,[11  4],47,92,106,45,88
1,<environment.Job instance at 0x7f1abf5eb190>,45,20,[1 8],46,92,112,46,89
1,<environment.Job instance at 0x7f1abf5e37d0>,1,1,[7 4],2,2,3,0,2
1,<environment.Job instance at 0x7f1abf5e3e60>,2,15,[7 5],3,3,18,0,3
1,<environment.Job instance at 0x7f1abf5e3b40>,3,20,[5 8],4,4,24,0,4
1,<environment.Job instance at 0x7f1abf5e3460>,5,15,[3 6],6,18,33,12,18
1,<environment.Job instance at 0x7f1abf948820>,11,2,[7 3],12,24,26,12,24
1,<environment.Job instance at 0x7f1abf011910>,10,15,[9 2],11,26,41,15,26
1,<environment.Job instance at 0x7f1abf011e60>,13,2,[5 7],14,33,35,19,33
1,<environment.Job instance at 0x7f1abf5eb8c0>,8,15,[5 8],9,35,50,26,35
1,<environment.Job instance at 0x7f1abf5d30f0>,14,2,[8 1],15,41,43,26,41
1,<environment.Job instance at 0x7f1abf5d30a0>,19,3,[9 4],20,43,46,23,43
1,<environment.Job instance at 0x7f1abf5d3a50>,16,13,[8 4],17,46,59,29,46
1,<environment.Job instance at 0x7f1abf5d3910>,20,2,[2 9],21,50,52,29,50
1,<environment.Job instance at 0x7f1abf5d3af0>,21,15,[7 2],22,52,67,30,52
1,<environment.Job instance at 0x7f1abf5d38c0>,26,12,[5 5],27,59,71,32,59
1,<environment.Job instance at 0x7f1abf5615a0>,28,2,[8 3],29,67,69,38,67
1,<environment.Job instance at 0x7f1abf5d33c0>,22,12,[8 3],23,69,81,46,69
1,<environment.Job instance at 0x7f1abf561500>,30,18,[1 7],31,69,87,38,69
1,<environment.Job instance at 0x7f1abf5d3640>,24,13,[8 2],25,81,94,56,81
1,<environment.Job instance at 0x7f1abf561d20>,34,3,[4 5],35,81,84,46,81
1,<environment.Job instance at 0x7f1abf5614b0>,35,16,[5 3],36,84,100,48,84
1,<environment.Job instance at 0x7f1abf924500>,3,3,[ 5 10],4,4,7,0,4
1,<environment.Job instance at 0x7f1abee69aa0>,4,1,[9 5],5,5,6,0,5
1,<environment.Job instance at 0x7f1abef145a0>,6,2,[5 3],7,7,9,0,7
1,<environment.Job instance at 0x7f1abf310140>,7,12,[3 8],8,8,20,0,8
1,<environment.Job instance at 0x7f1abef14fa0>,5,16,[5 2],6,9,25,3,9
1,<environment.Job instance at 0x7f1abee4aa50>,11,1,[7 3],12,13,14,1,13
1,<environment.Job instance at 0x7f1abee4acd0>,12,13,[5 5],13,14,27,1,13
1,<environment.Job instance at 0x7f1abee4a1e0>,10,19,[ 2 11],11,27,46,16,17
1,<environment.Job instance at 0x7f1abee52e60>,19,1,[10  5],20,46,47,26,29
1,<environment.Job instance at 0x7f1abee52690>,20,2,[ 2 12],21,47,49,26,29
1,<environment.Job instance at 0x7f1abf330d20>,23,2,[9 3],24,31,33,7,31
1,<environment.Job instance at 0x7f1abffd6fa0>,24,2,[3 5],25,49,51,24,31
1,<environment.Job instance at 0x7f1abffb6370>,27,13,[1 7],28,49,62,21,34
1,<environment.Job instance at 0x7f1abee4a460>,15,26,[6 1],16,47,73,31,46
1,<environment.Job instance at 0x7f1abf1dd7d0>,32,16,[ 2 11],33,62,78,29,56
1,<environment.Job instance at 0x7f1abf1ec960>,40,14,[4 5],41,78,92,37,64
1,<environment.Job instance at 0x7f1abf1e2a50>,37,16,[4 5],38,78,94,40,68
1,<environment.Job instance at 0x7f1abf2756e0>,43,13,[5 6],44,92,105,48,76
1,<environment.Job instance at 0x7f1abf275230>,44,2,[5 7],45,94,96,49,76
1,<environment.Job instance at 0x7f1abeedde60>,34,15,[10  4],35,96,111,61,87
1,<environment.Job instance at 0x7f1abee874b0>,2,21,[ 5 10],3,3,24,0,3
1,<environment.Job instance at 0x7f1abee87c30>,4,1,[9 5],5,5,6,0,5
1,<environment.Job instance at 0x7f1abefe3be0>,5,16,[5 2],6,6,22,0,6
1,<environment.Job instance at 0x7f1abefe3c30>,6,2,[5 3],7,7,9,0,7
1,<environment.Job instance at 0x7f1abefe3190>,11,1,[7 3],12,22,23,10,22
1,<environment.Job instance at 0x7f1abefe3b90>,12,13,[5 5],13,23,36,10,23
1,<environment.Job instance at 0x7f1abf5f1eb0>,19,1,[10  5],20,24,25,4,24
1,<environment.Job instance at 0x7f1abf5f15f0>,23,2,[9 3],24,25,27,1,25
1,<environment.Job instance at 0x7f1abf5f1960>,24,2,[3 5],25,27,29,2,27
1,<environment.Job instance at 0x7f1abee87370>,3,3,[ 5 10],4,29,32,25,29
1,<environment.Job instance at 0x7f1abefe3820>,7,12,[3 8],8,32,44,24,32
1,<environment.Job instance at 0x7f1abf5f1410>,27,13,[1 7],28,36,49,8,36
1,<environment.Job instance at 0x7f1abefe3410>,9,14,[2 8],10,44,58,34,44
1,<environment.Job instance at 0x7f1abf5f1d20>,34,15,[10  4],35,49,64,14,49
1,<environment.Job instance at 0x7f1abf5f1870>,21,13,[ 5 10],22,58,71,36,58
1,<environment.Job instance at 0x7f1abf561c80>,40,14,[4 5],41,64,78,23,64
1,<environment.Job instance at 0x7f1abf561050>,43,13,[5 6],44,71,84,27,71
1,<environment.Job instance at 0x7f1abf561d20>,44,2,[5 7],45,78,80,33,78
1,<environment.Job instance at 0x7f1abf5d3280>,52,13,[10  4],53,80,93,27,80
1,<environment.Job instance at 0x7f1abf5f1be0>,26,15,[1 9],27,84,99,57,84
1,<environment.Job instance at 0x7f1abffc3140>,0,3,[10  3],1,1,4,0,1
1,<environment.Job instance at 0x7f1abffc3a00>,4,2,[3 7],5,5,7,0,5
1,<environment.Job instance at 0x7f1abffc3910>,6,2,[ 5 14],7,7,9,0,7
1,<environment.Job instance at 0x7f1abffc3280>,7,12,[4 5],8,9,21,1,8
1,<environment.Job instance at 0x7f1abf30fbe0>,8,2,[7 2],9,9,11,0,9
1,<environment.Job instance at 0x7f1abf30f9b0>,9,2,[ 4 11],10,21,23,11,10
1,<environment.Job instance at 0x7f1abf30fd20>,10,15,[6 4],11,11,26,0,11
1,<environment.Job instance at 0x7f1abf30fdc0>,11,3,[2 8],12,23,26,11,12
1,<environment.Job instance at 0x7f1abf30f370>,12,13,[6 3],13,23,36,10,13
1,<environment.Job instance at 0x7f1abffc3460>,5,15,[2 9],6,26,41,20,22
1,<environment.Job instance at 0x7f1abf31eeb0>,19,14,[5 3],20,26,40,6,23
1,<environment.Job instance at 0x7f1abffc3eb0>,18,16,[ 1 14],19,41,57,22,29
1,<environment.Job instance at 0x7f1abf31e960>,20,12,[ 2 13],21,57,69,36,42
1,<environment.Job instance at 0x7f1abf31e280>,23,21,[4 8],24,69,90,45,61
1,<environment.Job instance at 0x7f1abf31e320>,21,22,[7 3],22,69,91,47,63
1,<environment.Job instance at 0x7f1abf31e910>,25,20,[8 5],26,90,110,64,81
1,<environment.Job instance at 0x7f1abf31e460>,22,20,[7 5],23,91,111,68,84
1,<environment.Job instance at 0x7f1abf3101e0>,0,3,[10  3],1,1,4,0,1
1,<environment.Job instance at 0x7f1abf561780>,3,18,[9 5],4,4,22,0,4
1,<environment.Job instance at 0x7f1abf561dc0>,4,2,[3 7],5,5,7,0,5
1,<environment.Job instance at 0x7f1abf561500>,5,15,[2 9],6,7,22,1,7
1,<environment.Job instance at 0x7f1abf561be0>,8,2,[7 2],9,22,24,13,22
1,<environment.Job instance at 0x7f1abf5613c0>,11,3,[2 8],12,22,25,10,22
1,<environment.Job instance at 0x7f1abf561460>,7,12,[4 5],8,22,34,14,22
1,<environment.Job instance at 0x7f1abf5612d0>,12,13,[6 3],13,25,38,12,25
1,<environment.Job instance at 0x7f1abef11a50>,19,14,[5 3],20,25,39,5,25
1,<environment.Job instance at 0x7f1abf561c30>,15,15,[ 4 10],16,38,53,22,38
1,<environment.Job instance at 0x7f1abf561eb0>,10,15,[6 4],11,39,54,28,39
1,<environment.Job instance at 0x7f1abffc30a0>,29,2,[3 6],30,53,55,23,53
1,<environment.Job instance at 0x7f1abf2f5960>,37,12,[5 5],38,53,65,15,53
1,<environment.Job instance at 0x7f1abf31e730>,24,17,[5 4],25,54,71,29,54
1,<environment.Job instance at 0x7f1abf2f5690>,38,2,[ 4 10],39,65,67,26,65
1,<environment.Job instance at 0x7f1abf2f51e0>,41,13,[8 1],42,67,80,25,67
1,<environment.Job instance at 0x7f1abffd8140>,43,12,[7 5],44,71,83,27,71
1,<environment.Job instance at 0x7f1abf2f5050>,35,16,[7 5],36,80,96,44,80
1,<environment.Job instance at 0x7f1abffd8910>,46,17,[5 7],47,83,100,36,83
1,<environment.Job instance at 0x7f1abf083d70>,3,1,[ 4 10],4,4,5,0,4
1,<environment.Job instance at 0x7f1abf0ad460>,13,12,[3 9],14,14,26,0,14
1,<environment.Job instance at 0x7f1abf0ad730>,17,13,[4 5],18,18,31,0,18
1,<environment.Job instance at 0x7f1abf083f00>,6,21,[1 7],7,31,52,24,31
1,<environment.Job instance at 0x7f1abf1c2870>,0,14,[10  2],1,1,15,0,1
1,<environment.Job instance at 0x7f1abf1c2910>,1,17,[4 9],2,2,19,0,2
1,<environment.Job instance at 0x7f1abf1c2550>,5,18,[8 2],6,15,33,9,15
1,<environment.Job instance at 0x7f1abf1c2eb0>,3,1,[ 4 10],4,19,20,15,19
1,<environment.Job instance at 0x7f1abf1c2820>,7,15,[2 7],8,20,35,12,20
1,<environment.Job instance at 0x7f1abf1c2be0>,9,17,[2 6],10,20,37,10,20
1,<environment.Job instance at 0x7f1abf1c2230>,8,16,[6 1],9,33,49,24,33
1,<environment.Job instance at 0x7f1abf1c24b0>,4,16,[1 7],5,35,51,30,35
1,<environment.Job instance at 0x7f1abf1c2f00>,17,13,[4 5],18,37,50,19,37
1,<environment.Job instance at 0x7f1abf1c2730>,10,14,[10  3],11,49,63,38,49
1,<environment.Job instance at 0x7f1abf1ef0a0>,19,16,[1 5],20,50,66,30,50
1,<environment.Job instance at 0x7f1abf1c2e60>,11,18,[4 7],12,51,69,39,51
1,<environment.Job instance at 0x7f1abf1efdc0>,25,13,[10  1],26,63,76,37,63
1,<environment.Job instance at 0x7f1abf1efe10>,26,3,[5 1],27,69,72,42,69
1,<environment.Job instance at 0x7f1abf1c23c0>,13,12,[3 9],14,72,84,58,72
1,<environment.Job instance at 0x7f1abffd8d70>,29,12,[9 3],30,76,88,46,76
1,<environment.Job instance at 0x7f1abffd8730>,32,2,[3 7],33,84,86,51,84
1,<environment.Job instance at 0x7f1abffd8280>,33,2,[1 6],34,86,88,52,86
1,<environment.Job instance at 0x7f1abffd86e0>,35,17,[5 6],36,86,103,50,86
1,<environment.Job instance at 0x7f1abffd8460>,28,14,[6 5],29,88,102,59,88
1,<environment.Job instance at 0x7f1abf6092d0>,1,2,[10  2],2,2,4,0,2
1,<environment.Job instance at 0x7f1abf609f50>,2,3,[10  1],3,4,7,1,3
1,<environment.Job instance at 0x7f1abf609690>,3,20,[2 7],4,4,24,0,4
1,<environment.Job instance at 0x7f1abf609190>,4,17,[6 2],5,7,24,2,5
1,<environment.Job instance at 0x7f1abf6096e0>,5,17,[5 2],6,7,24,1,6
1,<environment.Job instance at 0x7f1abf635d70>,7,12,[6 2],8,24,36,16,8
1,<environment.Job instance at 0x7f1abf635820>,8,1,[1 5],9,24,25,15,9
1,<environment.Job instance at 0x7f1abf6350a0>,9,1,[2 8],10,24,25,14,10
1,<environment.Job instance at 0x7f1abf6355a0>,14,16,[7 4],15,25,41,10,15
1,<environment.Job instance at 0x7f1abedc3eb0>,17,12,[7 2],18,36,48,18,19
1,<environment.Job instance at 0x7f1abedc3aa0>,27,3,[1 8],28,28,31,0,28
1,<environment.Job instance at 0x7f1abedc36e0>,25,17,[2 5],26,41,58,15,29
1,<environment.Job instance at 0x7f1abedc3690>,29,2,[10  5],30,48,50,18,30
1,<environment.Job instance at 0x7f1abedc3b90>,30,2,[12  2],31,50,52,19,31
1,<environment.Job instance at 0x7f1abedc3370>,31,15,[5 6],32,52,67,20,47
1,<environment.Job instance at 0x7f1abf567640>,34,25,[6 2],35,52,77,17,48
1,<environment.Job instance at 0x7f1abf567780>,38,3,[3 7],39,58,61,19,51
1,<environment.Job instance at 0x7f1abf567550>,40,17,[3 5],41,61,78,20,52
1,<environment.Job instance at 0x7f1abf567d70>,42,14,[6 5],43,67,81,24,52
1,<environment.Job instance at 0x7f1abf5675a0>,35,1,[5 5],36,77,78,41,67
1,<environment.Job instance at 0x7f1abf567230>,46,2,[10  4],47,81,83,34,68
1,<environment.Job instance at 0x7f1abf567c30>,43,21,[4 8],44,78,99,34,70
1,<environment.Job instance at 0x7f1abee1fcd0>,48,14,[2 6],49,83,97,34,70
1,<environment.Job instance at 0x7f1abee1f4b0>,58,1,[ 3 10],59,99,100,40,78
1,<environment.Job instance at 0x7f1abee1fb40>,59,3,[ 3 14],60,100,103,40,78
1,<environment.Job instance at 0x7f1abee1fbe0>,60,2,[3 6],61,97,99,36,80
1,<environment.Job instance at 0x7f1abec55820>,66,3,[2 7],67,103,106,36,81
1,<environment.Job instance at 0x7f1abec55910>,68,1,[5 9],69,106,107,37,81
1,<environment.Job instance at 0x7f1abec550f0>,70,1,[ 2 11],71,107,108,36,81
1,<environment.Job instance at 0x7f1abec552d0>,73,2,[8 3],74,103,105,29,81
1,<environment.Job instance at 0x7f1abec55f00>,76,2,[ 2 13],77,108,110,31,81
1,<environment.Job instance at 0x7f1abec55cd0>,72,1,[9 4],73,99,100,26,83
1,<environment.Job instance at 0x7f1abec24320>,80,2,[5 9],81,110,112,29,83
1,<environment.Job instance at 0x7f1abec244b0>,81,3,[ 3 13],82,112,115,30,86
1,<environment.Job instance at 0x7f1abee1f910>,57,3,[8 3],58,105,108,47,87
1,<environment.Job instance at 0x7f1abf0a4eb0>,1,2,[10  2],2,2,4,0,2
1,<environment.Job instance at 0x7f1abf0a45a0>,2,3,[10  1],3,4,7,1,4
1,<environment.Job instance at 0x7f1abf0a4b40>,3,20,[2 7],4,4,24,0,4
1,<environment.Job instance at 0x7f1abf0a44b0>,4,17,[6 2],5,7,24,2,7
1,<environment.Job instance at 0x7f1abf0a40f0>,5,17,[5 2],6,7,24,1,7
1,<environment.Job instance at 0x7f1abf0a11e0>,8,1,[1 5],9,24,25,15,24
1,<environment.Job instance at 0x7f1abf09b0a0>,9,1,[2 8],10,24,25,14,24
1,<environment.Job instance at 0x7f1abf0a1460>,7,12,[6 2],8,24,36,16,24
1,<environment.Job instance at 0x7f1abffd8140>,17,12,[7 2],18,25,37,7,25
1,<environment.Job instance at 0x7f1abffd8910>,20,18,[ 2 10],21,25,43,4,25
1,<environment.Job instance at 0x7f1abffb5500>,10,16,[6 2],11,36,52,25,36
1,<environment.Job instance at 0x7f1abffd8550>,21,14,[8 3],22,43,57,21,43
1,<environment.Job instance at 0x7f1abffbcf50>,14,16,[7 4],15,52,68,37,52
1,<environment.Job instance at 0x7f1abf30fa50>,11,16,[8 2],12,57,73,45,57
1,<environment.Job instance at 0x7f1abffd8820>,26,13,[5 8],27,68,81,41,68
1,<environment.Job instance at 0x7f1abffd8d20>,25,17,[2 5],26,68,85,42,68
1,<environment.Job instance at 0x7f1abf1eff00>,29,2,[10  5],30,81,83,51,81
1,<environment.Job instance at 0x7f1abf1efe10>,27,3,[1 8],28,83,86,55,83
1,<environment.Job instance at 0x7f1abffd8780>,23,13,[10  2],24,83,96,59,83
1,<environment.Job instance at 0x7f1abf1efcd0>,31,15,[5 6],32,86,101,54,86
1,<environment.Job instance at 0x7f1abf1cc050>,0,17,[6 3],1,1,18,0,1
1,<environment.Job instance at 0x7f1abf1cc4b0>,3,3,[1 6],4,4,7,0,4
1,<environment.Job instance at 0x7f1ac0001c80>,4,3,[13  1],5,18,21,13,5
1,<environment.Job instance at 0x7f1ac00016e0>,9,3,[4 7],10,10,13,0,10
1,<environment.Job instance at 0x7f1ac0001a00>,10,12,[9 3],11,21,33,10,11
1,<environment.Job instance at 0x7f1ac0001320>,11,12,[1 5],12,12,24,0,12
1,<environment.Job instance at 0x7f1abf365be0>,13,12,[6 4],14,24,36,10,14
1,<environment.Job instance at 0x7f1abf365e60>,20,3,[ 2 12],21,36,39,15,21
1,<environment.Job instance at 0x7f1abf88ff00>,25,18,[1 9],26,39,57,13,30
1,<environment.Job instance at 0x7f1abf88f5a0>,30,1,[6 2],31,33,34,2,31
1,<environment.Job instance at 0x7f1abedfd5f0>,0,17,[6 3],1,1,18,0,1
1,<environment.Job instance at 0x7f1abf30d910>,3,3,[1 6],4,4,7,0,4
1,<environment.Job instance at 0x7f1abec55960>,5,14,[9 2],6,7,21,1,7
1,<environment.Job instance at 0x7f1abec55c30>,9,3,[4 7],10,18,21,8,18
1,<environment.Job instance at 0x7f1ac8626c30>,11,12,[1 5],12,18,30,6,18
1,<environment.Job instance at 0x7f1ac86261e0>,13,12,[6 4],14,21,33,7,21
1,<environment.Job instance at 0x7f1ac8626050>,12,14,[5 2],13,21,35,8,21
1,<environment.Job instance at 0x7f1ac8626870>,14,17,[2 6],15,30,47,15,30
1,<environment.Job instance at 0x7f1abf949dc0>,18,15,[5 5],19,33,48,14,33
1,<environment.Job instance at 0x7f1ac8626690>,15,17,[5 4],16,35,52,19,35
1,<environment.Job instance at 0x7f1abec550a0>,10,12,[9 3],11,48,60,37,48
1,<environment.Job instance at 0x7f1abedf2e10>,30,1,[6 2],31,52,53,21,52
1,<environment.Job instance at 0x7f1abedf2a00>,32,17,[ 1 10],33,53,70,20,53
1,<environment.Job instance at 0x7f1abf3b5c30>,34,14,[9 2],35,60,74,25,60
1,<environment.Job instance at 0x7f1abf3b5960>,35,14,[2 7],36,70,84,34,70
1,<environment.Job instance at 0x7f1abf176dc0>,36,14,[5 7],37,74,88,37,74
1,<environment.Job instance at 0x7f1abf176d70>,37,14,[10  1],38,84,98,46,84
1,<environment.Job instance at 0x7f1ac8671370>,25,18,[1 9],26,88,106,62,88
1,<environment.Job instance at 0x7f1abf8c3460>,0,1,[5 4],1,1,2,0,1
1,<environment.Job instance at 0x7f1ac8650fa0>,2,2,[1 8],3,3,5,0,3
1,<environment.Job instance at 0x7f1ac8650e10>,3,14,[7 1],4,4,18,0,4
1,<environment.Job instance at 0x7f1ac8650910>,7,1,[1 8],8,8,9,0,8
1,<environment.Job instance at 0x7f1ac8650640>,12,3,[6 4],13,13,16,0,13
1,<environment.Job instance at 0x7f1ac8650730>,8,18,[5 9],9,16,34,7,16
1,<environment.Job instance at 0x7f1ac8650a00>,14,3,[ 3 13],15,34,37,19,16
1,<environment.Job instance at 0x7f1ac8650be0>,19,21,[9 2],20,22,43,2,22
1,<environment.Job instance at 0x7f1ac8650460>,20,18,[ 2 11],21,37,55,16,27
1,<environment.Job instance at 0x7f1abf856cd0>,21,17,[11  4],22,45,62,23,45
1,<environment.Job instance at 0x7f1ac86509b0>,18,19,[3 6],19,55,74,36,45
1,<environment.Job instance at 0x7f1ac8650550>,17,17,[5 3],18,62,79,44,57
1,<environment.Job instance at 0x7f1ac8650230>,10,18,[3 7],11,74,92,63,63
1,<environment.Job instance at 0x7f1abf856730>,25,12,[11  5],26,79,91,53,63
1,<environment.Job instance at 0x7f1abf8568c0>,26,18,[7 4],27,91,109,64,81
1,<environment.Job instance at 0x7f1abf856d20>,27,1,[1 7],28,92,93,64,81
1,<environment.Job instance at 0x7f1abf8560a0>,28,1,[9 4],29,109,110,80,81
1,<environment.Job instance at 0x7f1abf856050>,29,2,[3 6],30,93,95,63,81
1,<environment.Job instance at 0x7f1abf856820>,30,14,[ 4 11],31,95,109,64,82
1,<environment.Job instance at 0x7f1abeffddc0>,0,1,[5 4],1,1,2,0,1
1,<environment.Job instance at 0x7f1abeabe190>,2,2,[1 8],3,3,5,0,3
1,<environment.Job instance at 0x7f1abed39e60>,3,14,[7 1],4,4,18,0,4
1,<environment.Job instance at 0x7f1ac8671e60>,5,22,[7 5],6,6,28,0,6
1,<environment.Job instance at 0x7f1abf0083c0>,7,1,[1 8],8,8,9,0,8
1,<environment.Job instance at 0x7f1ac8671190>,6,18,[ 1 10],7,18,36,11,18
1,<environment.Job instance at 0x7f1abfa33370>,12,3,[6 4],13,28,31,15,28
1,<environment.Job instance at 0x7f1ac869fc30>,4,16,[10  3],5,31,47,26,31
1,<environment.Job instance at 0x7f1abf542fa0>,17,17,[5 3],18,36,53,18,36
1,<environment.Job instance at 0x7f1abf07ad70>,28,1,[9 4],29,47,48,18,47
1,<environment.Job instance at 0x7f1abf07a870>,27,1,[1 7],28,47,48,19,47
1,<environment.Job instance at 0x7f1abf935190>,29,2,[3 6],30,48,50,18,48
1,<environment.Job instance at 0x7f1abfc6c1e0>,34,2,[4 6],35,48,50,13,48
1,<environment.Job instance at 0x7f1ac89f6c80>,39,2,[5 1],40,50,52,10,50
1,<environment.Job instance at 0x7f1abf023a00>,37,17,[5 8],38,51,68,13,51
1,<environment.Job instance at 0x7f1ac89f6be0>,40,20,[5 3],41,52,72,11,52
1,<environment.Job instance at 0x7f1abec55b90>,43,14,[10  1],44,68,82,24,68
1,<environment.Job instance at 0x7f1abec55410>,44,3,[ 4 10],45,72,75,27,72
1,<environment.Job instance at 0x7f1abea5d280>,8,18,[5 9],9,75,93,66,75
1,<environment.Job instance at 0x7f1abec551e0>,47,14,[5 5],48,82,96,34,82
1,<environment.Job instance at 0x7f1abfd62460>,0,14,[4 8],1,1,15,0,1
1,<environment.Job instance at 0x7f1ac0070640>,4,13,[4 5],5,5,18,0,5
1,<environment.Job instance at 0x7f1abf136af0>,6,2,[3 9],7,15,17,8,7
1,<environment.Job instance at 0x7f1abe95f500>,10,2,[7 1],11,11,13,0,11
1,<environment.Job instance at 0x7f1abe95f9b0>,11,3,[2 6],12,17,20,5,12
1,<environment.Job instance at 0x7f1abf9b95f0>,14,1,[6 5],15,18,19,3,15
1,<environment.Job instance at 0x7f1abf9b99b0>,17,15,[2 7],18,19,34,1,18
1,<environment.Job instance at 0x7f1abe8fd0a0>,25,2,[ 2 12],26,34,36,8,26
1,<environment.Job instance at 0x7f1abf5f63c0>,22,17,[13  3],23,27,44,4,27
1,<environment.Job instance at 0x7f1abf5f69b0>,24,13,[8 3],25,44,57,19,28
1,<environment.Job instance at 0x7f1abedf27d0>,26,13,[1 9],27,36,49,9,29
1,<environment.Job instance at 0x7f1abf88f870>,31,14,[10  1],32,57,71,25,42
1,<environment.Job instance at 0x7f1abeea1c80>,35,1,[ 3 12],36,49,50,13,42
1,<environment.Job instance at 0x7f1abec08640>,34,23,[ 1 11],35,58,81,23,58
1,<environment.Job instance at 0x7f1abeea1780>,36,16,[5 4],37,75,91,38,75
1,<environment.Job instance at 0x7f1abfa9ff50>,37,18,[7 2],38,81,99,43,77
1,<environment.Job instance at 0x7f1abf3ff870>,39,13,[ 3 11],40,91,104,51,78
1,<environment.Job instance at 0x7f1abed45fa0>,0,14,[4 8],1,1,15,0,1
1,<environment.Job instance at 0x7f1abf7944b0>,4,13,[4 5],5,5,18,0,5
1,<environment.Job instance at 0x7f1abff9feb0>,10,2,[7 1],11,11,13,0,11
1,<environment.Job instance at 0x7f1abec55230>,14,1,[6 5],15,15,16,0,15
1,<environment.Job instance at 0x7f1abfef8e60>,6,2,[3 9],7,16,18,9,16
1,<environment.Job instance at 0x7f1abec55870>,11,3,[2 6],12,18,21,6,18
1,<environment.Job instance at 0x7f1ac8672aa0>,7,14,[10  4],8,18,32,10,18
1,<environment.Job instance at 0x7f1abec55550>,15,17,[1 5],16,18,35,2,18
1,<environment.Job instance at 0x7f1abec556e0>,18,17,[3 5],19,21,38,2,21
1,<environment.Job instance at 0x7f1abf34ca50>,24,13,[8 3],25,32,45,7,32
1,<environment.Job instance at 0x7f1ac89f6910>,17,15,[2 7],18,35,50,17,35
1,<environment.Job instance at 0x7f1ac89f6d70>,19,16,[5 2],20,38,54,18,38
1,<environment.Job instance at 0x7f1abfc80be0>,9,20,[8 4],10,45,65,35,45
1,<environment.Job instance at 0x7f1abfc8e140>,26,13,[1 9],27,50,63,23,50
1,<environment.Job instance at 0x7f1ac8671190>,36,16,[5 4],37,63,79,26,63
1,<environment.Job instance at 0x7f1abeabe190>,32,12,[9 5],33,65,77,32,65
1,<environment.Job instance at 0x7f1abfea3870>,40,12,[7 2],41,77,89,36,77
1,<environment.Job instance at 0x7f1abfea3e60>,41,3,[5 3],42,79,82,37,79
1,<environment.Job instance at 0x7f1ac8859280>,43,12,[7 2],44,82,94,38,82
1,<environment.Job instance at 0x7f1abe95fd70>,38,12,[5 2],39,89,101,50,89
1,<environment.Job instance at 0x7f1abe643960>,2,1,[ 4 10],3,3,4,0,3
1,<environment.Job instance at 0x7f1abe643c30>,3,13,[2 7],4,4,17,0,4
1,<environment.Job instance at 0x7f1abe643e60>,5,1,[12  1],6,6,7,0,6
1,<environment.Job instance at 0x7f1abe643730>,10,17,[6 4],11,11,28,0,11
1,<environment.Job instance at 0x7f1ac89c01e0>,14,13,[8 4],15,17,30,2,15
1,<environment.Job instance at 0x7f1abe8ca4b0>,17,1,[4 8],18,28,29,10,18
1,<environment.Job instance at 0x7f1abfa660f0>,19,16,[2 5],20,29,45,9,20
1,<environment.Job instance at 0x7f1abe676230>,20,13,[ 5 10],21,30,43,9,21
1,<environment.Job instance at 0x7f1abfa07a50>,0,19,[8 3],1,1,20,0,1
1,<environment.Job instance at 0x7f1abf9dd640>,2,1,[ 4 10],3,3,4,0,3
1,<environment.Job instance at 0x7f1abf2231e0>,3,13,[2 7],4,4,17,0,4
1,<environment.Job instance at 0x7f1abf2234b0>,4,15,[4 7],5,17,32,12,17
1,<environment.Job instance at 0x7f1abf231410>,11,17,[1 6],12,20,37,8,20
1,<environment.Job instance at 0x7f1abf219190>,14,13,[8 4],15,32,45,17,32
1,<environment.Job instance at 0x7f1abf219c80>,10,17,[6 4],11,32,49,21,32
1,<environment.Job instance at 0x7f1abf21abe0>,17,1,[4 8],18,45,46,27,45
1,<environment.Job instance at 0x7f1abf21aa00>,20,13,[ 5 10],21,46,59,25,46
1,<environment.Job instance at 0x7f1abf1fe3c0>,23,15,[2 5],24,49,64,25,49
1,<environment.Job instance at 0x7f1abf1fef00>,24,14,[3 7],25,59,73,34,59
1,<environment.Job instance at 0x7f1abfef4870>,27,2,[7 3],28,59,61,31,59
1,<environment.Job instance at 0x7f1abf21a690>,19,16,[2 5],20,64,80,44,64
1,<environment.Job instance at 0x7f1abf20a5f0>,30,15,[2 7],31,73,88,42,73
1,<environment.Job instance at 0x7f1abf20a1e0>,31,18,[6 1],32,73,91,41,73
1,<environment.Job instance at 0x7f1abf2192d0>,12,18,[5 5],13,80,98,67,80
1,<environment.Job instance at 0x7f1abf20a320>,29,17,[2 9],30,88,105,58,88
1,<environment.Job instance at 0x7f1abf88cf00>,8,2,[5 9],9,9,11,0,9
1,<environment.Job instance at 0x7f1abf88cd20>,9,13,[5 5],10,10,23,0,10
1,<environment.Job instance at 0x7f1abf744eb0>,12,2,[4 9],13,13,15,0,13
1,<environment.Job instance at 0x7f1abf88c460>,11,15,[12  2],12,23,38,11,17
1,<environment.Job instance at 0x7f1abf7440a0>,18,1,[8 1],19,19,20,0,19
1,<environment.Job instance at 0x7f1abf744e10>,16,1,[2 5],17,21,22,4,21
1,<environment.Job instance at 0x7f1abf744190>,19,12,[10  5],20,38,50,18,21
1,<environment.Job instance at 0x7f1abf7444b0>,21,3,[8 5],22,50,53,28,24
1,<environment.Job instance at 0x7f1abf520cd0>,1,18,[10  4],2,2,20,0,2
1,<environment.Job instance at 0x7f1abf1734b0>,5,19,[3 6],6,6,25,0,6
1,<environment.Job instance at 0x7f1abfa05050>,8,2,[5 9],9,20,22,11,20
1,<environment.Job instance at 0x7f1abf17e050>,12,2,[4 9],13,22,24,9,22
1,<environment.Job instance at 0x7f1abf73b820>,16,1,[2 5],17,24,25,7,24
1,<environment.Job instance at 0x7f1abeb14140>,18,1,[8 1],19,24,25,5,24
1,<environment.Job instance at 0x7f1abf527c30>,4,12,[10  3],5,25,37,20,25
1,<environment.Job instance at 0x7f1abeb020f0>,20,1,[3 6],21,25,26,4,25
1,<environment.Job instance at 0x7f1abfa9ec80>,9,13,[5 5],10,26,39,16,26
1,<environment.Job instance at 0x7f1abebefd20>,21,3,[8 5],22,37,40,15,37
1,<environment.Job instance at 0x7f1abebefa50>,19,12,[10  5],20,40,52,20,40
1,<environment.Job instance at 0x7f1abf719780>,25,18,[2 8],26,40,58,14,40
1,<environment.Job instance at 0x7f1abfa058c0>,7,13,[9 3],8,52,65,44,52
1,<environment.Job instance at 0x7f1abeb20190>,26,2,[3 8],27,58,60,31,58
1,<environment.Job instance at 0x7f1abeeebf00>,28,14,[5 7],29,60,74,31,60
1,<environment.Job instance at 0x7f1abeb20050>,27,1,[8 4],28,65,66,37,65
1,<environment.Job instance at 0x7f1abf50ee60>,29,15,[7 2],30,66,81,36,66
1,<environment.Job instance at 0x7f1ac869c9b0>,24,18,[8 2],25,74,92,49,74
1,<environment.Job instance at 0x7f1abf4ca4b0>,36,2,[4 7],37,81,83,44,81
1,<environment.Job instance at 0x7f1abf8bf500>,3,1,[ 5 11],4,4,5,0,4
1,<environment.Job instance at 0x7f1abf8bf370>,8,12,[3 7],9,9,21,0,9
1,<environment.Job instance at 0x7f1abf2db870>,15,1,[ 4 12],16,21,22,5,16
1,<environment.Job instance at 0x7f1abf2db500>,16,3,[ 4 14],17,22,25,5,17
1,<environment.Job instance at 0x7f1abe77bc30>,18,15,[2 7],19,25,40,6,19
1,<environment.Job instance at 0x7f1abf2dbd70>,20,1,[1 9],21,40,41,19,22
1,<environment.Job instance at 0x7f1abfb3f640>,24,1,[ 2 14],25,41,42,16,25
1,<environment.Job instance at 0x7f1abf7e0730>,25,2,[5 5],26,28,30,2,28
1,<environment.Job instance at 0x7f1abe77ba00>,26,3,[4 7],27,30,33,3,28
1,<environment.Job instance at 0x7f1abe79ddc0>,9,20,[ 1 10],10,60,80,50,60
1,<environment.Job instance at 0x7f1abec37c80>,28,1,[ 5 11],29,80,81,51,68
1,<environment.Job instance at 0x7f1abe8a2c30>,23,21,[ 1 11],24,81,102,57,73
1,<environment.Job instance at 0x7f1abf894a50>,27,15,[13  2],28,81,96,53,73
1,<environment.Job instance at 0x7f1abec37d70>,29,3,[13  4],30,96,99,66,78
1,<environment.Job instance at 0x7f1abfa2dc80>,32,1,[12  5],33,78,79,45,78
1,<environment.Job instance at 0x7f1abf5351e0>,33,1,[9 4],34,79,80,45,78
1,<environment.Job instance at 0x7f1abf53ec30>,2,15,[10  5],3,3,18,0,3
1,<environment.Job instance at 0x7f1abf53ef50>,7,16,[1 8],8,8,24,0,8
1,<environment.Job instance at 0x7f1abf526140>,14,12,[8 2],15,18,30,3,18
1,<environment.Job instance at 0x7f1abec7b0a0>,10,17,[2 5],11,18,35,7,18
1,<environment.Job instance at 0x7f1abec7b280>,8,12,[3 7],9,24,36,15,24
1,<environment.Job instance at 0x7f1abeeebf00>,18,15,[2 7],19,35,50,16,35
1,<environment.Job instance at 0x7f1abebef2d0>,25,2,[5 5],26,36,38,10,36
1,<environment.Job instance at 0x7f1abebcab90>,26,3,[4 7],27,38,41,11,38
1,<environment.Job instance at 0x7f1abec37cd0>,33,1,[9 4],34,41,42,7,41
1,<environment.Job instance at 0x7f1abf5264b0>,13,17,[3 8],14,42,59,28,42
1,<environment.Job instance at 0x7f1ac00a1780>,35,14,[8 2],36,50,64,14,50
1,<environment.Job instance at 0x7f1abf50e500>,20,1,[1 9],21,59,60,38,59
1,<environment.Job instance at 0x7f1abf5205a0>,43,3,[1 6],44,60,63,16,60
1,<environment.Job instance at 0x7f1abf520690>,40,13,[4 6],41,60,73,19,60
1,<environment.Job instance at 0x7f1abff1a6e0>,46,2,[3 9],47,64,66,17,64
1,<environment.Job instance at 0x7f1abff1af50>,45,15,[5 9],46,66,81,20,66
1,<environment.Job instance at 0x7f1abff1a2d0>,48,16,[3 5],49,73,89,24,73
1,<environment.Job instance at 0x7f1abff1aaa0>,52,14,[6 1],53,73,87,20,73
1,<environment.Job instance at 0x7f1abff1abe0>,57,2,[1 5],58,81,83,23,81
1,<environment.Job instance at 0x7f1abf53f4b0>,19,17,[4 9],20,83,100,63,83
1,<environment.Job instance at 0x7f1abff1a9b0>,63,15,[6 4],64,89,104,25,89
1,<environment.Job instance at 0x7f1ac0073fa0>,1,2,[5 9],2,2,4,0,2
1,<environment.Job instance at 0x7f1abf7a2140>,3,3,[11  2],4,4,7,0,4
1,<environment.Job instance at 0x7f1abf7a2500>,11,21,[ 4 11],12,12,33,0,12
1,<environment.Job instance at 0x7f1abf7a2460>,10,3,[ 3 11],11,33,36,22,14
1,<environment.Job instance at 0x7f1abf7a23c0>,9,3,[9 3],10,14,17,4,14
1,<environment.Job instance at 0x7f1abf7a2320>,7,1,[6 4],8,17,18,9,17
1,<environment.Job instance at 0x7f1abf7c9fa0>,8,1,[7 3],9,31,32,22,31
1,<environment.Job instance at 0x7f1abf7a28c0>,16,3,[ 4 14],17,36,39,19,32
1,<environment.Job instance at 0x7f1abf7a2be0>,17,15,[14  4],18,39,54,21,32
1,<environment.Job instance at 0x7f1abf7a2960>,15,23,[5 5],16,54,77,38,49
1,<environment.Job instance at 0x7f1abf7a2cd0>,19,25,[4 7],20,54,79,34,52
1,<environment.Job instance at 0x7f1abf7a2c30>,20,3,[11  5],21,77,80,56,52
1,<environment.Job instance at 0x7f1abf7a2e10>,21,3,[ 4 14],22,80,83,58,54
1,<environment.Job instance at 0x7f1abf7c2c30>,27,2,[5 4],28,83,85,55,64
1,<environment.Job instance at 0x7f1abf7c2280>,30,3,[5 6],31,83,86,52,67
1,<environment.Job instance at 0x7f1abf7c2eb0>,31,2,[7 4],32,85,87,53,67
1,<environment.Job instance at 0x7f1abf7a2af0>,18,13,[7 3],19,86,99,67,70
1,<environment.Job instance at 0x7f1abf7c2af0>,33,15,[1 5],34,83,98,49,78
1,<environment.Job instance at 0x7f1abf7c2e60>,34,27,[4 5],35,87,114,52,85
1,<environment.Job instance at 0x7f1abf7c29b0>,39,3,[9 2],40,99,102,59,85
1,<environment.Job instance at 0x7f1abf7c2f00>,41,13,[ 3 10],42,102,115,60,86
1,<environment.Job instance at 0x7f1ac0073140>,1,2,[5 9],2,2,4,0,2
1,<environment.Job instance at 0x7f1abff1cb40>,7,1,[6 4],8,8,9,0,8
1,<environment.Job instance at 0x7f1abff1c5a0>,8,1,[7 3],9,9,10,0,9
1,<environment.Job instance at 0x7f1abff1c410>,9,3,[9 3],10,10,13,0,10
1,<environment.Job instance at 0x7f1abff1c910>,18,13,[7 3],19,19,32,0,19
1,<environment.Job instance at 0x7f1abff1ae10>,23,16,[4 8],24,24,40,0,24
1,<environment.Job instance at 0x7f1abff1a370>,27,2,[5 4],28,32,34,4,32
1,<environment.Job instance at 0x7f1abff1a190>,31,2,[7 4],32,34,36,2,34
1,<environment.Job instance at 0x7f1abff1a7d0>,30,3,[5 6],31,36,39,5,36
1,<environment.Job instance at 0x7f1abff1ad20>,33,15,[1 5],34,39,54,5,39
1,<environment.Job instance at 0x7f1abff1ad70>,39,3,[9 2],40,40,43,0,40
1,<environment.Job instance at 0x7f1abf5207d0>,41,13,[ 3 10],42,43,56,1,43
1,<environment.Job instance at 0x7f1abec33af0>,44,2,[10  1],45,54,56,9,54
1,<environment.Job instance at 0x7f1ac00a65f0>,46,2,[5 5],47,56,58,9,56
1,<environment.Job instance at 0x7f1abf5205a0>,43,12,[4 8],44,56,68,12,56
1,<environment.Job instance at 0x7f1abf8bff00>,47,17,[3 7],48,58,75,10,58
1,<environment.Job instance at 0x7f1abfa9ec80>,52,17,[1 6],53,68,85,15,68
1,<environment.Job instance at 0x7f1abf527c30>,50,18,[8 2],51,68,86,17,68
1,<environment.Job instance at 0x7f1abf50e500>,55,13,[4 7],56,75,88,19,75
1,<environment.Job instance at 0x7f1abebca9b0>,54,17,[3 5],55,85,102,30,85
1,<environment.Job instance at 0x7f1abebef8c0>,57,15,[10  5],58,88,103,30,88
1,<environment.Job instance at 0x7f1abeb34aa0>,0,12,[4 9],1,1,13,0,1
1,<environment.Job instance at 0x7f1abeb346e0>,1,12,[7 2],2,2,14,0,2
1,<environment.Job instance at 0x7f1abeb3fd70>,5,2,[ 4 11],6,13,15,7,6
1,<environment.Job instance at 0x7f1abeb3f910>,8,15,[1 7],9,15,30,6,9
1,<environment.Job instance at 0x7f1abeb3f5a0>,11,12,[1 9],12,30,42,18,13
1,<environment.Job instance at 0x7f1abeb3f3c0>,15,3,[ 5 14],16,42,45,26,16
1,<environment.Job instance at 0x7f1abeb3feb0>,12,13,[8 3],13,26,39,13,26
1,<environment.Job instance at 0x7f1abeb3f2d0>,13,12,[ 3 10],14,45,57,31,28
1,<environment.Job instance at 0x7f1abeb3f730>,19,12,[5 9],20,57,69,37,40
1,<environment.Job instance at 0x7f1abf7b0960>,28,3,[ 5 14],29,69,72,40,43
1,<environment.Job instance at 0x7f1abf7b0c80>,33,1,[7 4],34,45,46,11,44
1,<environment.Job instance at 0x7f1abeb3f640>,14,15,[8 2],15,46,61,31,44
1,<environment.Job instance at 0x7f1abf7b0aa0>,35,14,[14  2],36,72,86,36,57
1,<environment.Job instance at 0x7f1abf79ff50>,26,15,[12  3],27,86,101,59,73
1,<environment.Job instance at 0x7f1abf7b0280>,38,14,[7 3],39,101,115,62,86
1,<environment.Job instance at 0x7f1abf53ec30>,0,12,[4 9],1,1,13,0,1
1,<environment.Job instance at 0x7f1abf53ed20>,1,12,[7 2],2,2,14,0,2
1,<environment.Job instance at 0x7f1abf520cd0>,11,12,[1 9],12,13,25,1,13
1,<environment.Job instance at 0x7f1abf5207d0>,12,13,[8 3],13,14,27,1,14
1,<environment.Job instance at 0x7f1abe70e870>,13,12,[ 3 10],14,25,37,11,25
1,<environment.Job instance at 0x7f1abeb3fe60>,14,15,[8 2],15,27,42,12,27
1,<environment.Job instance at 0x7f1abf7e0870>,8,15,[1 7],9,37,52,28,37
1,<environment.Job instance at 0x7f1abf53e7d0>,4,18,[2 5],5,37,55,32,37
1,<environment.Job instance at 0x7f1abeb6c280>,19,12,[5 9],20,53,65,33,53
1,<environment.Job instance at 0x7f1abeb60640>,29,18,[8 1],30,53,71,23,53
1,<environment.Job instance at 0x7f1abeb6ca50>,20,16,[1 8],21,66,82,45,66
1,<environment.Job instance at 0x7f1abeba7b40>,17,18,[1 6],18,66,84,48,66
1,<environment.Job instance at 0x7f1abeb607d0>,33,1,[7 4],34,82,83,48,82
1,<environment.Job instance at 0x7f1abeb60fa0>,38,14,[7 3],39,82,96,43,82
1,<environment.Job instance at 0x7f1abfaeccd0>,7,18,[4 6],8,83,101,75,83
1,<environment.Job instance at 0x7f1abf0a1dc0>,1,15,[4 9],2,2,17,0,2
1,<environment.Job instance at 0x7f1abf0a12d0>,2,2,[3 9],3,17,19,14,3
1,<environment.Job instance at 0x7f1abf0a15a0>,5,16,[5 1],6,6,22,0,6
1,<environment.Job instance at 0x7f1ac88a0f50>,6,3,[6 3],7,7,10,0,7
1,<environment.Job instance at 0x7f1abf0a1410>,7,12,[4 8],8,19,31,11,8
1,<environment.Job instance at 0x7f1abfcdffa0>,8,2,[5 7],9,22,24,13,9
1,<environment.Job instance at 0x7f1abfcdf320>,12,1,[1 5],13,13,14,0,13
1,<environment.Job instance at 0x7f1abfaec050>,14,14,[3 7],15,24,38,9,15
1,<environment.Job instance at 0x7f1abfaecbe0>,16,13,[5 8],17,31,44,14,17
1,<environment.Job instance at 0x7f1abfaec820>,18,15,[ 5 12],19,44,59,25,37
1,<environment.Job instance at 0x7f1abfaecb90>,23,14,[6 2],24,38,52,14,37
1,<environment.Job instance at 0x7f1abfaec730>,24,2,[5 5],25,59,61,34,37
1,<environment.Job instance at 0x7f1ac88a0d20>,19,16,[5 8],20,59,75,39,54
1,<environment.Job instance at 0x7f1abfaec5a0>,21,12,[3 5],22,61,73,39,59
1,<environment.Job instance at 0x7f1abfaec370>,20,23,[10  4],21,73,96,52,73
1,<environment.Job instance at 0x7f1abff19f50>,1,15,[4 9],2,2,17,0,2
1,<environment.Job instance at 0x7f1abf0a1f50>,5,16,[5 1],6,6,22,0,6
1,<environment.Job instance at 0x7f1abf0a1f00>,6,3,[6 3],7,7,10,0,7
1,<environment.Job instance at 0x7f1abebf8a50>,12,1,[1 5],13,13,14,0,13
1,<environment.Job instance at 0x7f1abf7a2050>,2,2,[3 9],3,17,19,14,17
1,<environment.Job instance at 0x7f1abf0a1a50>,8,2,[5 7],9,19,21,10,19
1,<environment.Job instance at 0x7f1abebf8410>,14,14,[3 7],15,19,33,4,19
1,<environment.Job instance at 0x7f1abebf8190>,7,12,[4 8],8,22,34,14,22
1,<environment.Job instance at 0x7f1ac869fc80>,21,12,[3 5],22,33,45,11,33
1,<environment.Job instance at 0x7f1ac869f050>,23,14,[6 2],24,33,47,9,33
1,<environment.Job instance at 0x7f1ac869f370>,24,2,[5 5],25,34,36,9,34
1,<environment.Job instance at 0x7f1ac869f190>,27,12,[5 5],28,36,48,8,36
1,<environment.Job instance at 0x7f1ac869fcd0>,28,16,[4 6],29,45,61,16,45
1,<environment.Job instance at 0x7f1ac869f640>,31,14,[5 4],32,47,61,15,47
1,<environment.Job instance at 0x7f1abf7b9690>,33,12,[3 8],34,61,73,27,61
1,<environment.Job instance at 0x7f1abf7b9410>,36,14,[8 4],37,61,75,24,61
1,<environment.Job instance at 0x7f1abf7b98c0>,38,12,[ 4 10],39,73,85,34,73
1,<environment.Job instance at 0x7f1abf7b9b90>,44,1,[9 4],45,75,76,30,75
1,<environment.Job instance at 0x7f1abf7b9c80>,48,15,[10  3],49,76,91,27,76
1,<environment.Job instance at 0x7f1abf7b9280>,43,13,[2 9],44,85,98,41,85
1,<environment.Job instance at 0x7f1abefe2dc0>,0,1,[ 1 13],1,1,2,0,1
1,<environment.Job instance at 0x7f1abefe25f0>,1,3,[4 8],2,2,5,0,2
1,<environment.Job instance at 0x7f1abf1c2b90>,3,13,[9 2],4,4,17,0,4
1,<environment.Job instance at 0x7f1abf1c9c30>,6,2,[5 7],7,7,9,0,7
1,<environment.Job instance at 0x7f1abf1c9640>,8,12,[ 3 10],9,9,21,0,9
1,<environment.Job instance at 0x7f1abf1c93c0>,12,1,[9 2],13,17,18,4,13
1,<environment.Job instance at 0x7f1abf1c9780>,13,3,[5 1],14,18,21,4,14
1,<environment.Job instance at 0x7f1abf555a50>,15,3,[1 7],16,21,24,5,16
1,<environment.Job instance at 0x7f1abf1c98c0>,14,20,[2 5],15,21,41,6,19
1,<environment.Job instance at 0x7f1abf1c6a00>,19,16,[6 1],20,20,36,0,20
1,<environment.Job instance at 0x7f1abf555640>,5,16,[3 8],6,25,41,19,25
1,<environment.Job instance at 0x7f1abf1c61e0>,20,14,[ 4 13],21,41,55,20,41
1,<environment.Job instance at 0x7f1abf1c6460>,22,13,[ 4 10],23,55,68,32,41
1,<environment.Job instance at 0x7f1abf1c6e10>,23,15,[8 5],24,55,70,31,41
1,<environment.Job instance at 0x7f1abf1c6f00>,25,12,[1 7],26,68,80,42,51
1,<environment.Job instance at 0x7f1abe860aa0>,1,3,[4 8],2,2,5,0,2
1,<environment.Job instance at 0x7f1abe6955f0>,3,13,[9 2],4,4,17,0,4
1,<environment.Job instance at 0x7f1abe860870>,5,16,[3 8],6,6,22,0,6
1,<environment.Job instance at 0x7f1abeec4af0>,12,1,[9 2],13,17,18,4,17
1,<environment.Job instance at 0x7f1abe695a00>,6,2,[5 7],7,18,20,11,18
1,<environment.Job instance at 0x7f1abeec4230>,15,3,[1 7],16,20,23,4,20
1,<environment.Job instance at 0x7f1abe6952d0>,13,3,[5 1],14,22,25,8,22
1,<environment.Job instance at 0x7f1abeec4460>,18,16,[9 2],19,22,38,3,22
1,<environment.Job instance at 0x7f1abe695d70>,8,12,[ 3 10],9,25,37,16,25
1,<environment.Job instance at 0x7f1acfeb2fa0>,22,13,[ 4 10],23,37,50,14,37
1,<environment.Job instance at 0x7f1abeec4730>,23,15,[8 5],24,38,53,14,38
1,<environment.Job instance at 0x7f1abeec4370>,25,12,[1 7],26,50,62,24,50
1,<environment.Job instance at 0x7f1abeec41e0>,19,16,[6 1],20,50,66,30,50
1,<environment.Job instance at 0x7f1abfeb7190>,30,1,[3 6],31,62,63,31,62
1,<environment.Job instance at 0x7f1abf7b9e10>,34,15,[2 5],35,62,77,27,62
1,<environment.Job instance at 0x7f1abf7b9640>,35,1,[5 9],36,63,64,27,63
1,<environment.Job instance at 0x7f1abf7b9870>,36,3,[6 3],37,64,67,27,64
1,<environment.Job instance at 0x7f1abf7b9a50>,38,14,[ 2 10],39,67,81,28,67
1,<environment.Job instance at 0x7f1abf7b9c80>,33,14,[9 1],34,77,91,43,77
1,<environment.Job instance at 0x7f1abeec4500>,17,17,[ 3 10],18,81,98,63,81
1,<environment.Job instance at 0x7f1abedf0d70>,3,12,[4 7],4,4,16,0,4
1,<environment.Job instance at 0x7f1abedf0320>,4,2,[13  2],5,16,18,11,5
1,<environment.Job instance at 0x7f1abedf0b90>,9,12,[3 7],10,18,30,8,10
1,<environment.Job instance at 0x7f1abedcccd0>,15,12,[1 8],16,16,28,0,16
1,<environment.Job instance at 0x7f1abedf0690>,19,16,[6 5],20,28,44,8,20
1,<environment.Job instance at 0x7f1abedf0780>,10,13,[4 6],11,30,43,19,21
1,<environment.Job instance at 0x7f1abedccc80>,22,1,[ 2 12],23,44,45,21,23
1,<environment.Job instance at 0x7f1abedcc7d0>,20,12,[5 7],21,48,60,27,48
1,<environment.Job instance at 0x7f1abedcc8c0>,27,1,[ 2 10],28,60,61,32,48
1,<environment.Job instance at 0x7f1abedcc9b0>,28,13,[1 7],29,61,74,32,48
1,<environment.Job instance at 0x7f1abedcc820>,25,15,[1 6],26,61,76,35,48
1,<environment.Job instance at 0x7f1abedcc460>,29,17,[8 3],30,74,91,44,62
1,<environment.Job instance at 0x7f1abedcc5a0>,26,3,[10  2],27,70,73,43,70
1,<environment.Job instance at 0x7f1abf1c9fa0>,0,22,[ 4 10],1,1,23,0,1
1,<environment.Job instance at 0x7f1abedf0a50>,8,17,[10  2],9,9,26,0,9
1,<environment.Job instance at 0x7f1abedcc0a0>,3,12,[4 7],4,23,35,19,23
1,<environment.Job instance at 0x7f1abf8bcf00>,15,12,[1 8],16,26,38,10,26
1,<environment.Job instance at 0x7f1abedf0730>,9,12,[3 7],10,35,47,25,35
1,<environment.Job instance at 0x7f1abf8a85a0>,10,13,[4 6],11,38,51,27,38
1,<environment.Job instance at 0x7f1abf8bc230>,16,16,[6 3],17,47,63,30,47
1,<environment.Job instance at 0x7f1abf8bc7d0>,18,17,[5 3],19,47,64,28,47
1,<environment.Job instance at 0x7f1abf8bc690>,25,15,[1 6],26,51,66,25,51
1,<environment.Job instance at 0x7f1abf8bcb40>,19,16,[6 5],20,63,79,43,63
1,<environment.Job instance at 0x7f1abf8bc190>,27,1,[ 2 10],28,66,67,38,66
1,<environment.Job instance at 0x7f1abf8bcc30>,20,12,[5 7],21,67,79,46,67
1,<environment.Job instance at 0x7f1abf8bcaf0>,26,3,[10  2],27,79,82,52,79
1,<environment.Job instance at 0x7f1abedf0e60>,12,13,[ 5 10],13,79,92,66,79
1,<environment.Job instance at 0x7f1abf8bc370>,29,17,[8 3],30,82,99,52,82
1,<environment.Job instance at 0x7f1abe95bb90>,1,1,[12  5],2,2,3,0,2
1,<environment.Job instance at 0x7f1abeddc550>,2,3,[4 7],3,3,6,0,3
1,<environment.Job instance at 0x7f1abf1c6280>,6,1,[ 3 12],7,7,8,0,7
1,<environment.Job instance at 0x7f1abeddca00>,8,3,[1 9],9,9,12,0,9
1,<environment.Job instance at 0x7f1abeddceb0>,16,15,[2 8],17,25,40,8,25
1,<environment.Job instance at 0x7f1abede30f0>,19,2,[6 2],20,60,62,40,60
1,<environment.Job instance at 0x7f1abedcf7d0>,0,18,[3 7],1,1,19,0,1
1,<environment.Job instance at 0x7f1abedcff50>,2,3,[4 7],3,3,6,0,3
1,<environment.Job instance at 0x7f1abedcf960>,5,17,[2 5],6,6,23,0,6
1,<environment.Job instance at 0x7f1abedcfaf0>,10,1,[9 2],11,11,12,0,11
1,<environment.Job instance at 0x7f1abedcf190>,8,3,[1 9],9,19,22,10,19
1,<environment.Job instance at 0x7f1abfa99aa0>,16,15,[2 8],17,22,37,5,22
1,<environment.Job instance at 0x7f1abfa99550>,18,1,[10  4],19,23,24,4,23
1,<environment.Job instance at 0x7f1abfa99b90>,19,2,[6 2],20,24,26,4,24
1,<environment.Job instance at 0x7f1abfa99be0>,20,12,[10  3],21,26,38,5,26
1,<environment.Job instance at 0x7f1abfa99820>,17,17,[2 7],18,37,54,19,37
1,<environment.Job instance at 0x7f1abfab3280>,29,2,[8 2],30,38,40,8,38
1,<environment.Job instance at 0x7f1abedcf280>,3,18,[3 6],4,38,56,34,38
1,<environment.Job instance at 0x7f1abfab3780>,32,14,[5 8],33,54,68,21,54
1,<environment.Job instance at 0x7f1abfa99e60>,14,15,[8 4],15,56,71,41,56
1,<environment.Job instance at 0x7f1abfab3fa0>,31,16,[ 1 10],32,68,84,36,68
1,<environment.Job instance at 0x7f1abfab3820>,35,16,[8 5],36,71,87,35,71
1,<environment.Job instance at 0x7f1abfab3370>,41,13,[5 1],42,84,97,42,84
1,<environment.Job instance at 0x7f1abf8bcf50>,42,12,[1 9],43,84,96,41,84
1,<environment.Job instance at 0x7f1abf8bc280>,44,18,[8 3],45,87,105,42,87
1,<environment.Job instance at 0x7ff4a3ce26e0>,0,17,[6 1],1,1,18,0,1
1,<environment.Job instance at 0x7ff4a3ce2730>,1,3,[ 2 10],2,2,5,0,2
1,<environment.Job instance at 0x7ff49a698c80>,4,13,[3 6],5,5,18,0,5
1,<environment.Job instance at 0x7ff49a698cd0>,5,2,[1 6],6,6,8,0,6
1,<environment.Job instance at 0x7ff49a698f50>,8,2,[ 1 14],9,18,20,9,9
1,<environment.Job instance at 0x7ff49a69c050>,9,12,[8 2],10,20,32,10,10
1,<environment.Job instance at 0x7ff49a698d70>,11,3,[4 9],12,20,23,8,12
1,<environment.Job instance at 0x7ff49a69c410>,15,3,[2 8],16,23,26,7,16
1,<environment.Job instance at 0x7ff49a69c500>,20,3,[10  5],21,32,35,11,22
1,<environment.Job instance at 0x7ff49a69c9b0>,22,12,[3 8],23,26,38,3,24
1,<environment.Job instance at 0x7ff49a69ca50>,24,2,[4 6],25,35,37,10,25
1,<environment.Job instance at 0x7ff49a69ccd0>,25,2,[5 7],26,37,39,11,26
1,<environment.Job instance at 0x7ff49a69cfa0>,26,12,[8 5],27,38,50,11,27
1,<environment.Job instance at 0x7ff49a6a0280>,31,1,[ 2 14],32,50,51,18,32
1,<environment.Job instance at 0x7ff49a69cf00>,27,17,[4 6],28,51,68,23,39
1,<environment.Job instance at 0x7ff49a6a0550>,34,14,[1 9],35,51,65,16,39
1,<environment.Job instance at 0x7ff49a6a0730>,37,14,[5 8],38,65,79,27,50
1,<environment.Job instance at 0x7ff49a6a0640>,35,16,[1 9],36,79,95,43,66
1,<environment.Job instance at 0x7ff49a6a04b0>,36,20,[7 5],37,72,92,35,72
1,<environment.Job instance at 0x7ff49a6a05f0>,39,18,[9 4],40,92,110,52,88
1,<environment.Job instance at 0x7ff49a6a0410>,33,26,[3 6],34,95,121,61,92
1,<environment.Job instance at 0x7ff49a6a0b40>,41,12,[8 3],42,110,122,68,98
1,<environment.Job instance at 0x7ff49a6a5050>,0,17,[6 1],1,1,18,0,1
1,<environment.Job instance at 0x7ff49a6a5e60>,1,3,[ 2 10],2,2,5,0,2
1,<environment.Job instance at 0x7ff49a698910>,4,13,[3 6],5,5,18,0,5
1,<environment.Job instance at 0x7ff49a6a2aa0>,3,22,[2 5],4,5,27,1,5
1,<environment.Job instance at 0x7ff49a698960>,5,2,[1 6],6,18,20,12,18
1,<environment.Job instance at 0x7ff49a6d7500>,9,12,[8 2],10,18,30,8,18
1,<environment.Job instance at 0x7ff49a76b9b0>,15,3,[2 8],16,20,23,4,20
1,<environment.Job instance at 0x7ff49a690b90>,17,12,[5 1],18,23,35,5,23
1,<environment.Job instance at 0x7ff4a3ce2870>,2,14,[ 2 10],3,27,41,24,27
1,<environment.Job instance at 0x7ff49a6f0320>,16,18,[7 3],17,30,48,13,30
1,<environment.Job instance at 0x7ff49a6ecc30>,11,3,[4 9],12,41,44,29,41
1,<environment.Job instance at 0x7ff49a690050>,24,2,[4 6],25,44,46,19,44
1,<environment.Job instance at 0x7ff49a690190>,25,2,[5 7],26,46,48,20,46
1,<environment.Job instance at 0x7ff49a690aa0>,20,3,[10  5],21,48,51,27,48
1,<environment.Job instance at 0x7ff49a690af0>,22,12,[3 8],23,48,60,25,48
1,<environment.Job instance at 0x7ff49a7b2190>,26,12,[8 5],27,51,63,24,51
1,<environment.Job instance at 0x7ff49a795370>,34,14,[1 9],35,60,74,25,60
1,<environment.Job instance at 0x7ff49a94c9b0>,27,17,[4 6],28,63,80,35,63
1,<environment.Job instance at 0x7ff49a7bdfa0>,37,14,[5 8],38,74,88,36,74
1,<environment.Job instance at 0x7ff49a7a4640>,41,12,[8 3],42,80,92,38,80
1,<environment.Job instance at 0x7ff49a840b40>,43,16,[1 8],44,88,104,44,88
1,<environment.Job instance at 0x7ff49a8abe60>,44,12,[9 3],45,92,104,47,92
1,<environment.Job instance at 0x7ff49a69cd70>,4,1,[ 1 10],5,5,6,0,5
1,<environment.Job instance at 0x7ff499de2780>,3,16,[1 9],4,6,22,2,5
1,<environment.Job instance at 0x7ff499de2e60>,5,16,[7 5],6,6,22,0,6
1,<environment.Job instance at 0x7ff499de3550>,7,2,[5 5],8,22,24,14,8
1,<environment.Job instance at 0x7ff499de3cd0>,8,3,[5 5],9,22,25,13,9
1,<environment.Job instance at 0x7ff499de2aa0>,12,12,[1 6],13,31,43,18,31
1,<environment.Job instance at 0x7ff499de37d0>,13,17,[5 1],14,86,103,72,86
1,<environment.Job instance at 0x7ff499de3b90>,14,19,[9 2],15,86,105,71,86
1,<environment.Job instance at 0x7ff499de31e0>,15,2,[1 6],16,87,89,71,87
1,<environment.Job instance at 0x7ff499ddaeb0>,16,12,[8 4],17,105,117,88,88
1,<environment.Job instance at 0x7ff4a3d28140>,3,16,[1 9],4,4,20,0,4
1,<environment.Job instance at 0x7ff4a3d28910>,5,16,[7 5],6,6,22,0,6
1,<environment.Job instance at 0x7ff499ea8d20>,13,17,[5 1],14,14,31,0,14
1,<environment.Job instance at 0x7ff499ea85a0>,12,12,[1 6],13,20,32,7,20
1,<environment.Job instance at 0x7ff499efdd70>,7,2,[5 5],8,22,24,14,22
1,<environment.Job instance at 0x7ff499ea8500>,15,2,[1 6],16,24,26,8,24
1,<environment.Job instance at 0x7ff499fef870>,8,3,[5 5],9,26,29,17,26
1,<environment.Job instance at 0x7ff499eba2d0>,16,12,[8 4],17,29,41,12,29
1,<environment.Job instance at 0x7ff499ec12d0>,24,12,[1 5],25,31,43,6,31
1,<environment.Job instance at 0x7ff49a75a690>,4,1,[ 1 10],5,41,42,36,41
1,<environment.Job instance at 0x7ff499e51910>,27,2,[5 5],28,42,44,14,42
1,<environment.Job instance at 0x7ff499eba640>,18,13,[9 1],19,42,55,23,42
1,<environment.Job instance at 0x7ff499ec1190>,29,3,[1 5],30,43,46,13,43
1,<environment.Job instance at 0x7ff499e95b40>,25,3,[2 9],26,44,47,18,44
1,<environment.Job instance at 0x7ff499ebdaf0>,33,2,[ 5 10],34,47,49,13,47
1,<environment.Job instance at 0x7ff499ebd370>,34,12,[5 4],35,49,61,14,49
1,<environment.Job instance at 0x7ff499eb87d0>,23,3,[10  3],24,55,58,31,55
1,<environment.Job instance at 0x7ff499ebdbe0>,36,1,[9 5],37,58,59,21,58
1,<environment.Job instance at 0x7ff499e518c0>,26,13,[2 6],27,59,72,32,59
1,<environment.Job instance at 0x7ff499ebd2d0>,35,15,[8 3],36,59,74,23,59
1,<environment.Job instance at 0x7ff499eab5a0>,39,13,[1 8],40,72,85,32,72
1,<environment.Job instance at 0x7ff499eab0f0>,45,3,[9 2],46,74,77,28,74
1,<environment.Job instance at 0x7ff499e58500>,46,13,[10  5],47,77,90,30,77
1,<environment.Job instance at 0x7ff499e585a0>,47,2,[3 8],48,85,87,37,85
1,<environment.Job instance at 0x7ff499e58460>,48,3,[4 8],49,87,90,38,87
1,<environment.Job instance at 0x7ff499e58dc0>,50,12,[5 1],51,90,102,39,90
1,<environment.Job instance at 0x7ff499eab0a0>,41,14,[ 3 10],42,90,104,48,90
1,<environment.Job instance at 0x7ff499cb44b0>,0,2,[11  3],1,1,3,0,1
1,<environment.Job instance at 0x7ff499cb4a50>,2,16,[5 3],3,3,19,0,3
1,<environment.Job instance at 0x7ff499cb4640>,3,13,[7 1],4,4,17,0,4
1,<environment.Job instance at 0x7ff499cb4b90>,8,1,[14  4],9,19,20,10,9
1,<environment.Job instance at 0x7ff499cb4be0>,10,13,[2 5],11,20,33,9,11
1,<environment.Job instance at 0x7ff499cb4e60>,11,1,[ 4 14],12,33,34,21,12
1,<environment.Job instance at 0x7ff499cb4140>,13,21,[1 6],14,34,55,20,26
1,<environment.Job instance at 0x7ff499cb41e0>,19,3,[11  3],20,34,37,14,31
1,<environment.Job instance at 0x7ff499d213c0>,25,12,[4 8],26,37,49,11,31
1,<environment.Job instance at 0x7ff499d21f00>,34,1,[13  1],35,49,50,14,36
1,<environment.Job instance at 0x7ff499d21550>,35,2,[ 1 12],36,55,57,19,36
1,<environment.Job instance at 0x7ff499d21d70>,36,13,[2 7],37,57,70,20,42
1,<environment.Job instance at 0x7ff499d214b0>,37,2,[7 2],38,50,52,12,42
1,<environment.Job instance at 0x7ff499d218c0>,27,13,[ 4 11],28,70,83,42,54
1,<environment.Job instance at 0x7ff499d38280>,40,12,[ 5 10],41,83,95,42,66
1,<environment.Job instance at 0x7ff499d38a00>,41,13,[9 2],42,70,83,28,70
1,<environment.Job instance at 0x7ff499d38780>,56,1,[3 9],57,95,96,38,70
1,<environment.Job instance at 0x7ff499d38050>,48,13,[3 5],49,83,96,34,71
1,<environment.Job instance at 0x7ff4a3ec8c30>,58,15,[8 1],59,95,110,36,81
1,<environment.Job instance at 0x7ff499d380f0>,42,13,[4 5],43,96,109,53,81
1,<environment.Job instance at 0x7ff499cb4af0>,16,23,[1 9],17,96,119,79,90
1,<environment.Job instance at 0x7ff4a3ec8460>,59,17,[10  2],60,110,127,50,99
1,<environment.Job instance at 0x7ff49a693550>,1,17,[2 7],2,2,19,0,2
1,<environment.Job instance at 0x7ff499d21a50>,2,16,[5 3],3,3,19,0,3
1,<environment.Job instance at 0x7ff499d21d20>,3,13,[7 1],4,4,17,0,4
1,<environment.Job instance at 0x7ff4a3e55640>,10,13,[2 5],11,17,30,6,17
1,<environment.Job instance at 0x7ff499cc2a00>,6,15,[ 2 10],7,19,34,12,19
1,<environment.Job instance at 0x7ff499d34d70>,17,17,[8 5],18,30,47,12,30
1,<environment.Job instance at 0x7ff499cc2690>,5,16,[5 6],6,34,50,28,34
1,<environment.Job instance at 0x7ff499c96b40>,25,12,[4 8],26,47,59,21,47
1,<environment.Job instance at 0x7ff499c96c30>,22,15,[8 5],23,50,65,27,50
1,<environment.Job instance at 0x7ff499c96460>,32,13,[4 8],33,59,72,26,59
1,<environment.Job instance at 0x7ff499c98410>,36,13,[2 7],37,65,78,28,65
1,<environment.Job instance at 0x7ff499c98a50>,37,2,[7 2],38,72,74,34,72
1,<environment.Job instance at 0x7ff499ca4820>,9,17,[3 6],10,72,89,62,72
1,<environment.Job instance at 0x7ff499c98780>,39,13,[8 1],40,74,87,34,74
1,<environment.Job instance at 0x7ff499c96280>,31,14,[1 7],32,78,92,46,78
1,<environment.Job instance at 0x7ff499c98cd0>,41,13,[9 2],42,87,100,45,87
1,<environment.Job instance at 0x7ff499c98be0>,42,13,[4 5],43,89,102,46,89
1,<environment.Job instance at 0x7ff49a1fa690>,1,14,[3 8],2,2,16,0,2
1,<environment.Job instance at 0x7ff49a1fa550>,4,3,[4 5],5,5,8,0,5
1,<environment.Job instance at 0x7ff49a1fa7d0>,5,16,[5 3],6,8,24,2,6
1,<environment.Job instance at 0x7ff49a1fa3c0>,6,14,[7 1],7,7,21,0,7
1,<environment.Job instance at 0x7ff49a1fa2d0>,7,12,[6 3],8,21,33,13,8
1,<environment.Job instance at 0x7ff49a1fadc0>,8,3,[5 2],9,24,27,15,9
1,<environment.Job instance at 0x7ff49a1facd0>,10,3,[5 8],11,27,30,16,11
1,<environment.Job instance at 0x7ff49a314230>,12,13,[6 5],13,30,43,17,14
1,<environment.Job instance at 0x7ff49a314f50>,20,2,[7 5],21,33,35,12,21
1,<environment.Job instance at 0x7ff49a3148c0>,21,16,[ 4 10],22,35,51,13,22
1,<environment.Job instance at 0x7ff49a314960>,26,12,[ 5 12],27,51,63,24,35
1,<environment.Job instance at 0x7ff49a197fa0>,34,2,[5 5],35,43,45,8,35
1,<environment.Job instance at 0x7ff49a197550>,35,3,[9 3],36,45,48,9,36
1,<environment.Job instance at 0x7ff49a0adaa0>,36,3,[10  2],37,48,51,11,37
1,<environment.Job instance at 0x7ff49a0ad3c0>,38,3,[12  2],39,63,66,24,39
1,<environment.Job instance at 0x7ff49a0add70>,43,2,[5 6],44,66,68,22,45
1,<environment.Job instance at 0x7ff49a197dc0>,33,3,[10  5],34,66,69,32,45
1,<environment.Job instance at 0x7ff49a0adaf0>,40,17,[5 9],41,68,85,27,62
1,<environment.Job instance at 0x7ff49a0adeb0>,44,20,[2 5],45,69,89,24,62
1,<environment.Job instance at 0x7ff4a3e55af0>,47,1,[ 4 11],48,89,90,41,68
1,<environment.Job instance at 0x7ff4a3e558c0>,49,2,[4 5],50,85,87,35,69
1,<environment.Job instance at 0x7ff4a3e557d0>,50,1,[ 4 10],51,87,88,36,70
1,<environment.Job instance at 0x7ff49a314a00>,25,12,[13  4],26,90,102,64,73
1,<environment.Job instance at 0x7ff49a0ad870>,46,12,[14  3],47,102,114,55,91
1,<environment.Job instance at 0x7ff499cadaa0>,53,2,[6 3],54,114,116,60,97
1,<environment.Job instance at 0x7ff499c98780>,0,18,[1 7],1,1,19,0,1
1,<environment.Job instance at 0x7ff499c984b0>,1,14,[3 8],2,2,16,0,2
1,<environment.Job instance at 0x7ff499c98d70>,4,3,[4 5],5,16,19,11,16
1,<environment.Job instance at 0x7ff499c96410>,8,3,[5 2],9,16,19,7,16
1,<environment.Job instance at 0x7ff499c961e0>,10,3,[5 8],11,19,22,8,19
1,<environment.Job instance at 0x7ff499c965a0>,7,12,[6 3],8,19,31,11,19
1,<environment.Job instance at 0x7ff499c968c0>,12,13,[6 5],13,22,35,9,22
1,<environment.Job instance at 0x7ff499c98280>,6,14,[7 1],7,31,45,24,31
1,<environment.Job instance at 0x7ff4a3ce2780>,20,2,[7 5],21,35,37,14,35
1,<environment.Job instance at 0x7ff499c96960>,13,16,[ 5 10],14,37,53,23,37
1,<environment.Job instance at 0x7ff499c98960>,5,16,[5 3],6,45,61,39,45
1,<environment.Job instance at 0x7ff4a3e55640>,31,12,[2 7],32,53,65,21,53
1,<environment.Job instance at 0x7ff499c96be0>,18,16,[8 3],19,53,69,34,53
1,<environment.Job instance at 0x7ff499cc5fa0>,34,2,[5 5],35,61,63,26,61
1,<environment.Job instance at 0x7ff499d2e0a0>,29,13,[2 9],30,65,78,35,65
1,<environment.Job instance at 0x7ff499cc5320>,36,3,[10  2],37,69,72,32,69
1,<environment.Job instance at 0x7ff499cc5b40>,33,3,[10  5],34,72,75,38,72
1,<environment.Job instance at 0x7ff49a1fa9b0>,35,3,[9 3],36,75,78,39,75
1,<environment.Job instance at 0x7ff49a1fa640>,37,15,[ 2 10],38,78,93,40,78
1,<environment.Job instance at 0x7ff49a1fa870>,41,17,[7 1],42,78,95,36,78
1,<environment.Job instance at 0x7ff49a1ac1e0>,43,2,[5 6],44,93,95,49,93
1,<environment.Job instance at 0x7ff49a1ac050>,49,2,[4 5],50,95,97,45,95
1,<environment.Job instance at 0x7ff49a1ac690>,50,1,[ 4 10],51,95,96,44,95
1,<environment.Job instance at 0x7ff49a1ac230>,48,14,[2 9],49,96,110,47,96
1,<environment.Job instance at 0x7ff49a32a230>,53,2,[6 3],54,97,99,43,97
1,<environment.Job instance at 0x7ff49a32a2d0>,52,16,[5 2],53,97,113,44,97
1,<environment.Job instance at 0x7ff499cae0f0>,0,14,[4 5],1,1,15,0,1
1,<environment.Job instance at 0x7ff49a545b90>,3,13,[5 6],4,4,17,0,4
1,<environment.Job instance at 0x7ff49a5455f0>,4,2,[5 7],5,15,17,10,5
1,<environment.Job instance at 0x7ff49a0c97d0>,10,1,[ 5 11],11,17,18,6,11
1,<environment.Job instance at 0x7ff49a0e2fa0>,11,1,[12  4],12,18,19,6,12
1,<environment.Job instance at 0x7ff49a0c9500>,9,13,[ 5 12],10,19,32,9,13
1,<environment.Job instance at 0x7ff49a0fc460>,19,22,[7 5],20,32,54,12,25
1,<environment.Job instance at 0x7ff499c46d20>,0,14,[4 5],1,1,15,0,1
1,<environment.Job instance at 0x7ff499c465f0>,3,13,[5 6],4,4,17,0,4
1,<environment.Job instance at 0x7ff499c46e10>,4,2,[5 7],5,15,17,10,15
1,<environment.Job instance at 0x7ff499cb2e60>,12,13,[10  4],13,17,30,4,17
1,<environment.Job instance at 0x7ff499cb2410>,16,18,[5 5],17,17,35,0,17
1,<environment.Job instance at 0x7ff499cb2280>,22,1,[ 4 10],23,30,31,7,30
1,<environment.Job instance at 0x7ff49a245140>,29,14,[6 4],30,31,45,1,31
1,<environment.Job instance at 0x7ff499cb4460>,32,15,[2 6],33,33,48,0,33
1,<environment.Job instance at 0x7ff499cb2dc0>,26,21,[6 5],27,35,56,8,35
1,<environment.Job instance at 0x7ff49a2456e0>,28,17,[9 4],29,48,65,19,48
1,<environment.Job instance at 0x7ff499c46500>,8,20,[4 9],9,56,76,47,56
1,<environment.Job instance at 0x7ff49a32a690>,35,14,[10  2],36,65,79,29,65
1,<environment.Job instance at 0x7ff49a1fa780>,40,13,[ 4 10],41,76,89,35,76
1,<environment.Job instance at 0x7ff49a1fa0a0>,42,3,[8 5],43,79,82,36,79
1,<environment.Job instance at 0x7ff49a32a230>,33,17,[10  4],34,82,99,48,82
1,<environment.Job instance at 0x7ff499cc5f50>,44,1,[4 6],45,89,90,44,89
1,<environment.Job instance at 0x7ff49a245820>,27,20,[2 7],28,90,110,62,90
1,<environment.Job instance at 0x7ff4a3e550a0>,50,3,[10  3],51,99,102,48,99
1,<environment.Job instance at 0x7ff49a3e2320>,0,13,[7 3],1,1,14,0,1
1,<environment.Job instance at 0x7ff49a3e2c30>,3,17,[7 2],4,4,21,0,4
1,<environment.Job instance at 0x7ff49a3fc910>,7,3,[ 5 13],8,14,17,6,8
1,<environment.Job instance at 0x7ff49a5121e0>,11,13,[5 5],12,17,30,5,12
1,<environment.Job instance at 0x7ff49a5120f0>,12,2,[3 8],13,17,19,4,13
1,<environment.Job instance at 0x7ff49a512dc0>,19,2,[7 2],20,21,23,1,20
1,<environment.Job instance at 0x7ff49a5126e0>,20,3,[ 5 10],21,23,26,2,21
1,<environment.Job instance at 0x7ff49a512c80>,22,2,[ 5 13],23,30,32,7,23
1,<environment.Job instance at 0x7ff49a5129b0>,23,1,[13  2],24,32,33,8,25
1,<environment.Job instance at 0x7ff49a512190>,14,14,[2 7],15,32,46,17,25
1,<environment.Job instance at 0x7ff49a5455a0>,0,13,[7 3],1,1,14,0,1
1,<environment.Job instance at 0x7ff49a0f7730>,2,16,[7 1],3,3,19,0,3
1,<environment.Job instance at 0x7ff499c96eb0>,12,2,[3 8],13,14,16,1,14
1,<environment.Job instance at 0x7ff499c96a50>,11,13,[5 5],12,14,27,2,14
1,<environment.Job instance at 0x7ff499c96140>,14,14,[2 7],15,16,30,1,16
1,<environment.Job instance at 0x7ff499c96820>,3,17,[7 2],4,19,36,15,19
1,<environment.Job instance at 0x7ff4a3d89730>,15,12,[1 9],16,30,42,14,30
1,<environment.Job instance at 0x7ff49a0f7550>,1,16,[10  1],2,36,52,34,36
1,<environment.Job instance at 0x7ff4a3e55690>,17,16,[5 9],18,42,58,24,42
1,<environment.Job instance at 0x7ff49a5125a0>,19,2,[7 2],20,52,54,32,52
1,<environment.Job instance at 0x7ff49a0fddc0>,20,3,[ 5 10],21,58,61,37,58
1,<environment.Job instance at 0x7ff49a10b370>,26,12,[7 2],27,58,70,31,58
1,<environment.Job instance at 0x7ff49a10b640>,30,13,[1 6],31,61,74,30,61
1,<environment.Job instance at 0x7ff49a10bc30>,32,15,[1 6],33,61,76,28,61
1,<environment.Job instance at 0x7ff49a10b0a0>,33,13,[5 2],34,70,83,36,70
1,<environment.Job instance at 0x7ff49a10b780>,35,3,[6 1],36,70,73,34,70
1,<environment.Job instance at 0x7ff4a3ce2870>,13,17,[2 7],14,74,91,60,74
1,<environment.Job instance at 0x7ff49a10bdc0>,40,14,[10  2],41,83,97,42,83
1,<environment.Job instance at 0x7ff49a10beb0>,36,12,[ 4 10],37,91,103,54,91
1,<environment.Job instance at 0x7ff49a378410>,3,3,[ 1 10],4,4,7,0,4
1,<environment.Job instance at 0x7ff49a3785a0>,5,14,[5 8],6,7,21,1,6
1,<environment.Job instance at 0x7ff49a378370>,6,2,[5 5],7,7,9,0,7
1,<environment.Job instance at 0x7ff49a378780>,7,18,[6 2],8,9,27,1,8
1,<environment.Job instance at 0x7ff49a378870>,8,1,[5 5],9,21,22,12,9
1,<environment.Job instance at 0x7ff49a378b40>,12,15,[6 1],13,22,37,9,13
1,<environment.Job instance at 0x7ff49a378be0>,13,13,[1 5],14,14,27,0,14
1,<environment.Job instance at 0x7ff49a378e10>,15,3,[1 9],16,27,30,11,16
1,<environment.Job instance at 0x7ff49a378eb0>,16,14,[3 6],17,30,44,13,17
1,<environment.Job instance at 0x7ff49a372190>,18,1,[1 6],19,22,23,3,20
1,<environment.Job instance at 0x7ff49a372370>,22,15,[9 1],23,37,52,14,25
1,<environment.Job instance at 0x7ff49a3725a0>,25,13,[5 4],26,44,57,18,28
1,<environment.Job instance at 0x7ff49a3727d0>,27,3,[9 5],28,52,55,24,28
1,<environment.Job instance at 0x7ff49a372730>,28,3,[1 8],29,30,33,1,29
1,<environment.Job instance at 0x7ff49a372c30>,31,2,[10  2],32,55,57,23,34
1,<environment.Job instance at 0x7ff49a372d70>,32,3,[10  1],33,57,60,24,35
1,<environment.Job instance at 0x7ff49a372460>,24,17,[5 2],25,57,74,32,45
1,<environment.Job instance at 0x7ff49a372f00>,34,17,[6 2],35,60,77,25,48
1,<environment.Job instance at 0x7ff49a37a190>,37,12,[6 2],38,74,86,36,57
1,<environment.Job instance at 0x7ff49a37a230>,38,1,[1 5],39,60,61,21,57
1,<environment.Job instance at 0x7ff49a37a2d0>,39,1,[2 8],40,61,62,21,57
1,<environment.Job instance at 0x7ff49a372f50>,36,18,[4 9],37,77,95,40,66
1,<environment.Job instance at 0x7ff49a37a370>,40,16,[6 2],41,86,102,45,73
1,<environment.Job instance at 0x7ff49a3729b0>,35,17,[5 2],36,84,101,48,84
1,<environment.Job instance at 0x7ff49a372cd0>,33,20,[2 7],34,95,115,61,86
1,<environment.Job instance at 0x7ff49a37a4b0>,42,14,[11  4],43,102,116,59,87
1,<environment.Job instance at 0x7ff49a0476e0>,1,14,[8 4],2,2,16,0,2
1,<environment.Job instance at 0x7ff49a047140>,3,3,[ 1 10],4,4,7,0,4
1,<environment.Job instance at 0x7ff49a047eb0>,6,2,[5 5],7,7,9,0,7
1,<environment.Job instance at 0x7ff49a047870>,8,1,[5 5],9,9,10,0,9
1,<environment.Job instance at 0x7ff49a0470f0>,5,14,[5 8],6,10,24,4,10
1,<environment.Job instance at 0x7ff49a0471e0>,2,14,[9 2],3,16,30,13,16
1,<environment.Job instance at 0x7ff49a047af0>,13,13,[1 5],14,16,29,2,16
1,<environment.Job instance at 0x7ff49a1380f0>,15,3,[1 9],16,29,32,13,29
1,<environment.Job instance at 0x7ff49a138a50>,16,14,[3 6],17,30,44,13,30
1,<environment.Job instance at 0x7ff49a138d20>,18,1,[1 6],19,32,33,13,32
1,<environment.Job instance at 0x7ff49a0477d0>,12,15,[6 1],13,32,47,19,32
1,<environment.Job instance at 0x7ff49a0479b0>,7,18,[6 2],8,33,51,25,33
1,<environment.Job instance at 0x7ff49a1382d0>,22,15,[9 1],23,47,62,24,47
1,<environment.Job instance at 0x7ff49a138410>,25,13,[5 4],26,51,64,25,51
1,<environment.Job instance at 0x7ff49a1386e0>,27,3,[9 5],28,62,65,34,62
1,<environment.Job instance at 0x7ff49a138eb0>,28,3,[1 8],29,64,67,35,64
1,<environment.Job instance at 0x7ff49a138230>,24,17,[5 2],25,64,81,39,64
1,<environment.Job instance at 0x7ff49a138140>,20,16,[9 2],21,65,81,44,65
1,<environment.Job instance at 0x7ff49a1387d0>,31,2,[10  2],32,81,83,49,81
1,<environment.Job instance at 0x7ff49a081dc0>,35,17,[5 2],36,81,98,45,81
1,<environment.Job instance at 0x7ff49a081a00>,32,3,[10  1],33,83,86,50,83
1,<environment.Job instance at 0x7ff49a081eb0>,37,12,[6 2],38,86,98,48,86
1,<environment.Job instance at 0x7ff49a0818c0>,38,1,[1 5],39,86,87,47,86
1,<environment.Job instance at 0x7ff49a081640>,39,1,[2 8],40,87,88,47,87
1,<environment.Job instance at 0x7ff49a081d20>,36,18,[4 9],37,88,106,51,88
1,<environment.Job instance at 0x7ff49a1383c0>,21,15,[10  3],22,98,113,76,98
1,<environment.Job instance at 0x7ff49b15c3c0>,0,1,[ 2 11],1,1,2,0,1
1,<environment.Job instance at 0x7ff49a311730>,2,1,[9 4],3,3,4,0,3
1,<environment.Job instance at 0x7ff49a3115a0>,3,2,[8 3],4,4,6,0,4
1,<environment.Job instance at 0x7ff49a047be0>,6,2,[ 2 13],7,7,9,0,7
1,<environment.Job instance at 0x7ff49a311f00>,7,15,[ 2 12],8,9,24,1,8
1,<environment.Job instance at 0x7ff49a311a50>,8,12,[10  1],9,9,21,0,9
1,<environment.Job instance at 0x7ff49a311fa0>,10,2,[5 9],11,24,26,13,11
1,<environment.Job instance at 0x7ff49a524280>,11,3,[ 3 13],12,26,29,14,13
1,<environment.Job instance at 0x7ff49a5240f0>,14,12,[6 3],15,29,41,14,16
1,<environment.Job instance at 0x7ff49a524a00>,18,13,[8 1],19,21,34,2,19
1,<environment.Job instance at 0x7ff49acf4410>,23,3,[1 6],24,29,32,5,24
1,<environment.Job instance at 0x7ff49acf43c0>,24,3,[13  1],25,41,44,16,25
1,<environment.Job instance at 0x7ff49acf4e60>,25,14,[9 2],26,44,58,18,29
1,<environment.Job instance at 0x7ff49a1f7550>,29,3,[4 7],30,34,37,4,30
1,<environment.Job instance at 0x7ff49a1f7960>,31,12,[1 5],32,32,44,0,32
1,<environment.Job instance at 0x7ff49a1f7140>,32,14,[5 2],33,44,58,11,33
1,<environment.Job instance at 0x7ff49a1f7370>,40,3,[ 2 12],41,58,61,17,41
1,<environment.Job instance at 0x7ff49a3adc80>,45,18,[1 9],46,61,79,15,52
1,<environment.Job instance at 0x7ff49ad721e0>,50,1,[6 2],51,58,59,7,52
1,<environment.Job instance at 0x7ff49a3ad7d0>,48,22,[ 2 14],49,90,112,41,90
1,<environment.Job instance at 0x7ff49a16c690>,2,1,[9 4],3,3,4,0,3
1,<environment.Job instance at 0x7ff49a3725f0>,3,2,[8 3],4,4,6,0,4
1,<environment.Job instance at 0x7ff49a0c9690>,5,22,[10  2],6,6,28,0,6
1,<environment.Job instance at 0x7ff4a3e55690>,9,21,[5 4],10,10,31,0,10
1,<environment.Job instance at 0x7ff49a512370>,10,2,[5 9],11,28,30,17,28
1,<environment.Job instance at 0x7ff49a0ada00>,8,12,[10  1],9,30,42,21,30
1,<environment.Job instance at 0x7ff49a138b40>,23,3,[1 6],24,42,45,18,42
1,<environment.Job instance at 0x7ff49a138eb0>,14,12,[6 3],15,42,54,27,42
1,<environment.Job instance at 0x7ff49a138410>,18,13,[8 1],19,42,55,23,42
1,<environment.Job instance at 0x7ff49a138730>,29,3,[4 7],30,54,57,24,54
1,<environment.Job instance at 0x7ff49a047b90>,30,12,[9 3],31,55,67,24,55
1,<environment.Job instance at 0x7ff49a0478c0>,31,12,[1 5],32,55,67,23,55
1,<environment.Job instance at 0x7ff49a047820>,32,14,[5 2],33,57,71,24,57
1,<environment.Job instance at 0x7ff49a0477d0>,33,12,[6 4],34,67,79,33,67
1,<environment.Job instance at 0x7ff49a047a00>,34,17,[2 6],35,67,84,32,67
1,<environment.Job instance at 0x7ff49a138050>,20,17,[6 3],21,71,88,50,71
1,<environment.Job instance at 0x7ff49a047500>,35,17,[5 4],36,79,96,43,79
1,<environment.Job instance at 0x7ff49a138e60>,19,12,[10  1],20,88,100,68,88
1,<environment.Job instance at 0x7ff49a047d70>,38,15,[5 5],39,96,111,57,96
1,<environment.Job instance at 0x7ff499da3be0>,1,3,[ 1 13],2,2,5,0,2
1,<environment.Job instance at 0x7ff499da3aa0>,9,1,[8 3],10,10,11,0,10
1,<environment.Job instance at 0x7ff499da39b0>,10,1,[5 4],11,11,12,0,11
1,<environment.Job instance at 0x7ff499da30f0>,12,2,[1 8],13,13,15,0,13
1,<environment.Job instance at 0x7ff499da3a50>,2,14,[2 8],3,15,29,12,15
1,<environment.Job instance at 0x7ff49a9c6550>,17,1,[1 8],18,29,30,11,18
1,<environment.Job instance at 0x7ff49a9c6c80>,13,14,[7 1],14,21,35,7,21
1,<environment.Job instance at 0x7ff49a9c6460>,15,22,[7 5],16,29,51,13,22
1,<environment.Job instance at 0x7ff49a9c6f00>,22,3,[6 4],23,23,26,0,23
1,<environment.Job instance at 0x7ff49a575730>,24,3,[ 3 13],25,51,54,26,25
1,<environment.Job instance at 0x7ff499f661e0>,27,17,[5 3],28,54,71,26,42
1,<environment.Job instance at 0x7ff49a9c67d0>,14,16,[10  3],15,54,70,39,45
1,<environment.Job instance at 0x7ff499f666e0>,28,19,[3 6],29,70,89,41,61
1,<environment.Job instance at 0x7ff499da3d70>,11,27,[3 8],12,71,98,59,71
1,<environment.Job instance at 0x7ff499f66b40>,31,17,[11  4],32,89,106,57,80
1,<environment.Job instance at 0x7ff499f66870>,32,14,[ 4 14],33,106,120,73,95
1,<environment.Job instance at 0x7ff49a3954b0>,0,18,[9 1],1,1,19,0,1
1,<environment.Job instance at 0x7ff49a06ad70>,2,14,[2 8],3,3,17,0,3
1,<environment.Job instance at 0x7ff49a00c870>,10,1,[5 4],11,17,18,6,17
1,<environment.Job instance at 0x7ff49a2dad20>,12,2,[1 8],13,17,19,4,17
1,<environment.Job instance at 0x7ff49abc2640>,9,1,[8 3],10,19,20,9,19
1,<environment.Job instance at 0x7ff499e429b0>,17,1,[1 8],18,19,20,1,19
1,<environment.Job instance at 0x7ff49a2da550>,13,14,[7 1],14,20,34,6,20
1,<environment.Job instance at 0x7ff499e425a0>,16,18,[ 1 10],17,20,38,3,20
1,<environment.Job instance at 0x7ff49ad98910>,22,3,[6 4],23,23,26,0,23
1,<environment.Job instance at 0x7ff49ad98370>,27,17,[5 3],28,28,45,0,28
1,<environment.Job instance at 0x7ff49a3cdaf0>,14,16,[10  3],15,39,55,24,39
1,<environment.Job instance at 0x7ff499b735f0>,37,1,[1 7],38,45,46,7,45
1,<environment.Job instance at 0x7ff49a6f0fa0>,20,18,[3 7],21,46,64,25,46
1,<environment.Job instance at 0x7ff49a0231e0>,38,1,[9 4],39,55,56,16,55
1,<environment.Job instance at 0x7ff49a023dc0>,39,2,[3 6],40,56,58,16,56
1,<environment.Job instance at 0x7ff4a3d0ba00>,44,2,[4 6],45,58,60,13,58
1,<environment.Job instance at 0x7ff49a214c30>,36,18,[7 4],37,61,79,24,61
1,<environment.Job instance at 0x7ff49aa075f0>,47,17,[5 8],48,65,82,17,65
1,<environment.Job instance at 0x7ff49b20b960>,49,2,[5 1],50,79,81,29,79
1,<environment.Job instance at 0x7ff4a3888e60>,28,19,[3 6],29,80,99,51,80
1,<environment.Job instance at 0x7ff4ab0c6fa0>,52,17,[6 3],53,82,99,29,82
1,<environment.Job instance at 0x7ff49a945870>,46,20,[6 3],47,82,102,35,82
1,<environment.Job instance at 0x7ff49a0ad5f0>,54,3,[ 4 10],55,99,102,44,99
1,<environment.Job instance at 0x7ff4a38eb050>,0,14,[4 8],1,1,15,0,1
1,<environment.Job instance at 0x7ff4a3888dc0>,4,13,[4 5],5,5,18,0,5
1,<environment.Job instance at 0x7ff4a38885f0>,6,2,[3 9],7,15,17,8,7
1,<environment.Job instance at 0x7ff499de6820>,10,2,[7 1],11,11,13,0,11
1,<environment.Job instance at 0x7ff499de6870>,11,3,[2 6],12,17,20,5,12
1,<environment.Job instance at 0x7ff49ac8bd70>,14,1,[6 5],15,18,19,3,15
1,<environment.Job instance at 0x7ff49ac8b230>,17,15,[2 7],18,19,34,1,18
1,<environment.Job instance at 0x7ff49ac8b500>,24,13,[8 3],25,26,39,1,26
1,<environment.Job instance at 0x7ff49ac8b960>,26,13,[1 9],27,34,47,7,27
1,<environment.Job instance at 0x7ff49ac8bcd0>,22,17,[13  3],23,39,56,16,28
1,<environment.Job instance at 0x7ff49ac8b1e0>,25,2,[ 2 12],26,47,49,21,34
1,<environment.Job instance at 0x7ff49ac8bdc0>,29,15,[ 2 13],30,56,71,26,42
1,<environment.Job instance at 0x7ff49ab2a230>,31,14,[10  1],32,56,70,24,43
1,<environment.Job instance at 0x7ff49ab2a370>,35,1,[ 3 12],36,71,72,35,44
1,<environment.Job instance at 0x7ff49ab2a780>,36,16,[5 4],37,72,88,35,59
1,<environment.Job instance at 0x7ff49a2d3460>,37,18,[7 2],38,70,88,32,59
1,<environment.Job instance at 0x7ff49a2d3370>,38,12,[5 2],39,88,100,49,71
1,<environment.Job instance at 0x7ff49a2d34b0>,39,13,[ 3 11],40,88,101,48,72
1,<environment.Job instance at 0x7ff49a2d3c30>,41,3,[5 3],42,100,103,58,74
1,<environment.Job instance at 0x7ff4a3888960>,5,14,[13  3],6,103,117,97,88
1,<environment.Job instance at 0x7ff49a3725f0>,0,14,[4 8],1,1,15,0,1
1,<environment.Job instance at 0x7ff49a0ade60>,4,13,[4 5],5,5,18,0,5
1,<environment.Job instance at 0x7ff4a3d0beb0>,10,2,[7 1],11,11,13,0,11
1,<environment.Job instance at 0x7ff49a3c9d20>,14,1,[6 5],15,15,16,0,15
1,<environment.Job instance at 0x7ff49a0ada00>,6,2,[3 9],7,16,18,9,16
1,<environment.Job instance at 0x7ff4a38205f0>,11,3,[2 6],12,18,21,6,18
1,<environment.Job instance at 0x7ff49a372cd0>,7,14,[10  4],8,18,32,10,18
1,<environment.Job instance at 0x7ff49ad98370>,15,17,[1 5],16,18,35,2,18
1,<environment.Job instance at 0x7ff49ad98500>,18,17,[3 5],19,21,38,2,21
1,<environment.Job instance at 0x7ff4998b27d0>,24,13,[8 3],25,32,45,7,32
1,<environment.Job instance at 0x7ff49ad98af0>,17,15,[2 7],18,35,50,17,35
1,<environment.Job instance at 0x7ff4a387ef50>,19,16,[5 2],20,38,54,18,38
1,<environment.Job instance at 0x7ff49a214c30>,9,20,[8 4],10,45,65,35,45
1,<environment.Job instance at 0x7ff4a384deb0>,26,13,[1 9],27,50,63,23,50
1,<environment.Job instance at 0x7ff499b24a50>,36,16,[5 4],37,63,79,26,63
1,<environment.Job instance at 0x7ff49a1611e0>,32,12,[9 5],33,65,77,32,65
1,<environment.Job instance at 0x7ff49a95a550>,40,12,[7 2],41,77,89,36,77
1,<environment.Job instance at 0x7ff49b20b640>,41,3,[5 3],42,79,82,37,79
1,<environment.Job instance at 0x7ff49a1835a0>,43,12,[7 2],44,82,94,38,82
1,<environment.Job instance at 0x7ff499f1b4b0>,38,12,[5 2],39,89,101,50,89
1,<environment.Job instance at 0x7ff4a3837eb0>,50,12,[7 1],51,94,106,43,94
1,<environment.Job instance at 0x7ff499d1c050>,7,1,[4 8],8,8,9,0,8
1,<environment.Job instance at 0x7ff499d1c500>,13,15,[2 5],14,14,29,0,14
1,<environment.Job instance at 0x7ff49afeee10>,17,2,[7 3],18,18,20,0,18
1,<environment.Job instance at 0x7ff49a60fa50>,18,1,[13  3],19,20,21,1,19
1,<environment.Job instance at 0x7ff499b2d5f0>,20,15,[2 7],21,21,36,0,21
1,<environment.Job instance at 0x7ff499b2d960>,21,18,[6 1],22,22,40,0,22
1,<environment.Job instance at 0x7ff49b20f410>,23,2,[ 4 12],24,36,38,12,24
1,<environment.Job instance at 0x7ff49ae4eeb0>,24,14,[5 1],25,25,39,0,25
1,<environment.Job instance at 0x7ff49a036690>,25,14,[2 8],26,38,52,12,26
1,<environment.Job instance at 0x7ff49b20fb40>,26,1,[ 5 12],27,52,53,25,27
1,<environment.Job instance at 0x7ff499d1c8c0>,10,13,[ 5 10],11,53,66,42,43
1,<environment.Job instance at 0x7ff49a6c2f00>,30,18,[5 4],31,53,71,22,47
1,<environment.Job instance at 0x7ff49a81cd20>,33,15,[4 7],34,66,81,32,53
1,<environment.Job instance at 0x7ff49abf57d0>,29,13,[8 5],30,71,84,41,57
1,<environment.Job instance at 0x7ff49ac1d5a0>,34,13,[ 5 14],35,84,97,49,68
1,<environment.Job instance at 0x7ff49ac62640>,36,3,[12  5],37,97,100,60,72
1,<environment.Job instance at 0x7ff49aa6c8c0>,42,3,[3 6],43,81,84,38,72
1,<environment.Job instance at 0x7ff49aa6cb90>,45,1,[3 6],46,97,98,51,72
1,<environment.Job instance at 0x7ff49a6d7960>,59,3,[3 5],60,98,101,38,78
1,<environment.Job instance at 0x7ff49a6d7af0>,60,2,[8 3],61,100,102,39,78
1,<environment.Job instance at 0x7ff499eca3c0>,64,1,[ 4 11],65,101,102,36,78
1,<environment.Job instance at 0x7ff49a00cf50>,0,17,[6 4],1,1,18,0,1
1,<environment.Job instance at 0x7ff49a00c0f0>,1,17,[1 6],2,2,19,0,2
1,<environment.Job instance at 0x7ff49a1090a0>,2,18,[5 5],3,3,21,0,3
1,<environment.Job instance at 0x7ff49ad78320>,4,13,[8 4],5,18,31,13,18
1,<environment.Job instance at 0x7ff49a7ebdc0>,9,16,[2 5],10,19,35,9,19
1,<environment.Job instance at 0x7ff49ab38690>,7,1,[4 8],8,31,32,23,31
1,<environment.Job instance at 0x7ff49a3d3f50>,17,2,[7 3],18,32,34,14,32
1,<environment.Job instance at 0x7ff49a118550>,14,14,[3 7],15,32,46,17,32
1,<environment.Job instance at 0x7ff49a118a50>,13,15,[2 5],14,35,50,21,35
1,<environment.Job instance at 0x7ff49ace9c80>,21,18,[6 1],22,35,53,13,35
1,<environment.Job instance at 0x7ff49a6a0b90>,20,15,[2 7],21,46,61,25,46
1,<environment.Job instance at 0x7ff49ad98af0>,24,14,[5 1],25,46,60,21,46
1,<environment.Job instance at 0x7ff49a3c9d20>,22,17,[8 4],23,53,70,30,53
1,<environment.Job instance at 0x7ff499cc5b40>,10,13,[ 5 10],11,61,74,50,61
1,<environment.Job instance at 0x7ff4ab0c6fa0>,29,13,[8 5],30,70,83,40,70
1,<environment.Job instance at 0x7ff49ad98190>,25,14,[2 8],26,74,88,48,74
1,<environment.Job instance at 0x7ff49acd2550>,37,14,[4 6],38,83,97,45,83
1,<environment.Job instance at 0x7ff49b20f5a0>,33,15,[4 7],34,88,103,54,88
1,<environment.Job instance at 0x7ff49afee730>,39,15,[5 5],40,97,112,57,97
1,<environment.Job instance at 0x7ff49aad34b0>,0,1,[3 6],1,1,2,0,1
1,<environment.Job instance at 0x7ff49aad33c0>,1,3,[8 5],2,2,5,0,2
1,<environment.Job instance at 0x7ff49affa820>,6,2,[3 8],7,7,9,0,7
1,<environment.Job instance at 0x7ff49affa410>,7,1,[8 4],8,8,9,0,8
1,<environment.Job instance at 0x7ff49ae42e60>,8,14,[5 7],9,9,23,0,9
1,<environment.Job instance at 0x7ff49ae42230>,9,15,[7 2],10,10,25,0,10
1,<environment.Job instance at 0x7ff49ae42190>,11,3,[ 4 13],12,23,26,11,12
1,<environment.Job instance at 0x7ff49ae42be0>,16,2,[4 7],17,26,28,9,17
1,<environment.Job instance at 0x7ff49ade7dc0>,22,19,[1 7],23,26,45,3,23
1,<environment.Job instance at 0x7ff49a6c6eb0>,27,2,[6 5],28,28,30,0,28
1,<environment.Job instance at 0x7ff49a29d550>,26,12,[ 1 10],27,45,57,18,28
1,<environment.Job instance at 0x7ff49989ea50>,29,17,[11  4],30,32,49,2,32
1,<environment.Job instance at 0x7ff49ae428c0>,20,17,[2 6],21,57,74,36,45
1,<environment.Job instance at 0x7ff49989e410>,30,15,[9 4],31,50,65,19,50
1,<environment.Job instance at 0x7ff49a811f50>,31,15,[4 7],32,65,80,33,59
1,<environment.Job instance at 0x7ff49a79d7d0>,33,3,[6 1],34,65,68,31,59
1,<environment.Job instance at 0x7ff49acc51e0>,34,3,[1 9],35,80,83,45,59
1,<environment.Job instance at 0x7ff49acce460>,35,15,[4 8],36,83,98,47,69
1,<environment.Job instance at 0x7ff49a6cf5f0>,36,3,[9 5],37,74,77,37,69
1,<environment.Job instance at 0x7ff49a76a500>,37,3,[8 1],38,69,72,31,69
1,<environment.Job instance at 0x7ff49b20b460>,0,1,[3 6],1,1,2,0,1
1,<environment.Job instance at 0x7ff49b20bf00>,1,3,[8 5],2,2,5,0,2
1,<environment.Job instance at 0x7ff499ae77d0>,2,21,[4 5],3,3,24,0,3
1,<environment.Job instance at 0x7ff49a133dc0>,3,16,[10  1],4,5,21,1,5
1,<environment.Job instance at 0x7ff49b20b320>,7,1,[8 4],8,21,22,13,21
1,<environment.Job instance at 0x7ff49a92d500>,6,2,[3 8],7,22,24,15,22
1,<environment.Job instance at 0x7ff49a84a190>,9,15,[7 2],10,22,37,12,22
1,<environment.Job instance at 0x7ff4ab0c6fa0>,8,14,[5 7],9,24,38,15,24
1,<environment.Job instance at 0x7ff49a7b8a00>,12,12,[9 1],13,37,49,24,37
1,<environment.Job instance at 0x7ff49a7b8fa0>,16,2,[4 7],17,38,40,21,38
1,<environment.Job instance at 0x7ff49a342eb0>,20,17,[2 6],21,40,57,19,40
1,<environment.Job instance at 0x7ff49ab7d820>,5,18,[2 8],6,40,58,34,40
1,<environment.Job instance at 0x7ff49b21bf50>,10,18,[9 1],11,49,67,38,49
1,<environment.Job instance at 0x7ff49a7ad320>,27,2,[6 5],28,58,60,30,58
1,<environment.Job instance at 0x7ff49a4ec550>,26,12,[ 1 10],27,60,72,33,60
1,<environment.Job instance at 0x7ff49a4e5be0>,33,3,[6 1],34,67,70,33,67
1,<environment.Job instance at 0x7ff49b20b190>,4,18,[8 2],5,67,85,62,67
1,<environment.Job instance at 0x7ff49a4ef730>,34,3,[1 9],35,72,75,37,72
1,<environment.Job instance at 0x7ff49a4e55f0>,31,15,[4 7],32,75,90,43,75
1,<environment.Job instance at 0x7ff49a4efb90>,36,3,[9 5],37,85,88,48,85
1,<environment.Job instance at 0x7ff49a4eff00>,37,3,[8 1],38,88,91,50,88
1,<environment.Job instance at 0x7ff49a2015a0>,41,2,[7 1],42,90,92,48,90
1,<environment.Job instance at 0x7ff49a4e7690>,42,15,[8 2],43,91,106,48,91
1,<environment.Job instance at 0x7ff49a4ef640>,35,15,[4 8],36,92,107,56,92
1,<environment.Job instance at 0x7ff49a11bcd0>,2,1,[12  5],3,3,4,0,3
1,<environment.Job instance at 0x7ff49a6cf4b0>,3,1,[9 4],4,4,5,0,4
1,<environment.Job instance at 0x7ff49a6cfb40>,4,22,[2 9],5,5,27,0,5
1,<environment.Job instance at 0x7ff49a6cfc30>,5,14,[8 2],6,6,20,0,6
1,<environment.Job instance at 0x7ff49a6cfcd0>,10,13,[4 6],11,20,33,9,11
1,<environment.Job instance at 0x7ff49a6cfe10>,13,3,[1 6],14,27,30,13,15
1,<environment.Job instance at 0x7ff49a6cf3c0>,16,2,[3 9],17,30,32,13,17
1,<environment.Job instance at 0x7ff49a6cf410>,18,16,[3 5],19,32,48,13,19
1,<environment.Job instance at 0x7ff49a6cf0a0>,19,1,[ 3 13],20,48,49,28,20
1,<environment.Job instance at 0x7ff49a6cff00>,15,15,[5 9],16,33,48,17,22
1,<environment.Job instance at 0x7ff49a6f16e0>,22,14,[6 1],23,32,46,9,27
1,<environment.Job instance at 0x7ff49a6f1f50>,27,2,[1 5],28,49,51,21,28
1,<environment.Job instance at 0x7ff49a6f1e60>,32,12,[4 7],33,49,61,16,34
1,<environment.Job instance at 0x7ff499fddeb0>,38,3,[5 9],39,61,64,22,39
1,<environment.Job instance at 0x7ff4998b2870>,44,3,[1 9],45,64,67,19,45
1,<environment.Job instance at 0x7ff49a399190>,47,3,[13  5],48,64,67,16,48
1,<environment.Job instance at 0x7ff49a73da50>,49,2,[5 5],50,51,53,1,50
1,<environment.Job instance at 0x7ff49a73d320>,50,1,[9 3],51,53,54,2,51
1,<environment.Job instance at 0x7ff4a38b2cd0>,51,3,[1 6],52,54,57,2,52
1,<environment.Job instance at 0x7ff499d58730>,3,1,[9 4],4,4,5,0,4
1,<environment.Job instance at 0x7ff499d58af0>,4,22,[2 9],5,5,27,0,5
1,<environment.Job instance at 0x7ff499d58fa0>,5,14,[8 2],6,6,20,0,6
1,<environment.Job instance at 0x7ff49a342640>,13,3,[1 6],14,20,23,6,20
1,<environment.Job instance at 0x7ff49a1f3af0>,10,13,[4 6],11,23,36,12,23
1,<environment.Job instance at 0x7ff49b206460>,16,2,[3 9],17,27,29,10,27
1,<environment.Job instance at 0x7ff49b21ba00>,22,14,[6 1],23,29,43,6,29
1,<environment.Job instance at 0x7ff49b206320>,18,16,[3 5],19,29,45,10,29
1,<environment.Job instance at 0x7ff49a1fc230>,27,2,[1 5],28,36,38,8,36
1,<environment.Job instance at 0x7ff49b2065f0>,15,15,[5 9],16,38,53,22,38
1,<environment.Job instance at 0x7ff49a0abb90>,33,15,[6 4],34,45,60,11,45
1,<environment.Job instance at 0x7ff49a1ec910>,32,12,[4 7],33,53,65,20,53
1,<environment.Job instance at 0x7ff49a1ec0a0>,29,17,[10  3],30,60,77,30,60
1,<environment.Job instance at 0x7ff49a0ab320>,35,15,[ 5 10],36,65,80,29,65
1,<environment.Job instance at 0x7ff49a342dc0>,14,17,[10  4],15,77,94,62,77
1,<environment.Job instance at 0x7ff49b200820>,38,3,[5 9],39,80,83,41,80
1,<environment.Job instance at 0x7ff49b200690>,37,17,[ 2 10],38,83,100,45,83
1,<environment.Job instance at 0x7ff49a93adc0>,41,16,[10  3],42,94,110,52,94
1,<environment.Job instance at 0x7ff49ae6f550>,1,13,[ 3 10],2,2,15,0,2
1,<environment.Job instance at 0x7ff49acb80f0>,3,12,[4 8],4,15,27,11,4
1,<environment.Job instance at 0x7ff49acb8a50>,4,2,[10  1],5,5,7,0,5
1,<environment.Job instance at 0x7ff49a7b5870>,6,2,[5 5],7,7,9,0,7
1,<environment.Job instance at 0x7ff49a2149b0>,14,17,[3 5],15,15,32,0,15
1,<environment.Job instance at 0x7ff49a214e60>,15,13,[4 7],16,27,40,11,16
1,<environment.Job instance at 0x7ff49a214690>,18,18,[10  1],19,32,50,13,21
1,<environment.Job instance at 0x7ff49a456280>,20,1,[ 3 10],21,40,41,19,21
1,<environment.Job instance at 0x7ff49a214960>,16,14,[12  3],17,50,64,33,35
1,<environment.Job instance at 0x7ff49a0dcd70>,22,3,[7 4],23,64,67,41,38
1,<environment.Job instance at 0x7ff4a3815b40>,23,1,[8 2],24,64,65,40,38
1,<environment.Job instance at 0x7ff49a214820>,17,15,[10  5],18,67,82,49,53
1,<environment.Job instance at 0x7ff499d7b910>,1,13,[ 3 10],2,2,15,0,2
1,<environment.Job instance at 0x7ff499d7b730>,4,2,[10  1],5,5,7,0,5
1,<environment.Job instance at 0x7ff499e268c0>,6,2,[5 5],7,7,9,0,7
1,<environment.Job instance at 0x7ff4a386fa00>,10,18,[8 2],11,11,29,0,11
1,<environment.Job instance at 0x7ff49aa96d70>,3,12,[4 8],4,15,27,11,15
1,<environment.Job instance at 0x7ff49b2121e0>,14,17,[3 5],15,15,32,0,15
1,<environment.Job instance at 0x7ff49a1ed320>,15,13,[4 7],16,27,40,11,27
1,<environment.Job instance at 0x7ff499d58e60>,17,15,[10  5],18,32,47,14,32
1,<environment.Job instance at 0x7ff499d4baa0>,20,1,[ 3 10],21,40,41,19,40
1,<environment.Job instance at 0x7ff499e39d20>,21,12,[5 9],22,41,53,19,41
1,<environment.Job instance at 0x7ff499d588c0>,22,3,[7 4],23,47,50,24,47
1,<environment.Job instance at 0x7ff499d58910>,23,1,[8 2],24,50,51,26,50
1,<environment.Job instance at 0x7ff499eb7870>,12,17,[1 6],13,51,68,38,51
1,<environment.Job instance at 0x7ff49a0b7500>,7,17,[3 7],8,53,70,45,53
1,<environment.Job instance at 0x7ff49a60f5f0>,18,18,[10  1],19,53,71,34,53
1,<environment.Job instance at 0x7ff499e26b90>,9,18,[2 6],10,68,86,58,68
1,<environment.Job instance at 0x7ff49ae6f780>,28,1,[4 6],29,71,72,42,71
1,<environment.Job instance at 0x7ff49a0dce60>,27,18,[7 1],28,71,89,43,71
1,<environment.Job instance at 0x7ff499e0cd20>,30,1,[5 8],31,72,73,41,72
1,<environment.Job instance at 0x7ff49b2847d0>,36,3,[2 6],37,73,76,36,73
1,<environment.Job instance at 0x7ff49b284140>,35,16,[5 4],36,76,92,40,76
1,<environment.Job instance at 0x7ff49a0dc230>,25,1,[ 3 10],26,86,87,60,86
1,<environment.Job instance at 0x7ff49a0f6460>,29,18,[ 3 10],30,87,105,57,87
1,<environment.Job instance at 0x7ff49b284960>,41,3,[5 3],42,92,95,50,92
1,<environment.Job instance at 0x7ff49b2848c0>,37,3,[9 3],38,95,98,57,95
1,<environment.Job instance at 0x7ff49a1f67d0>,46,3,[10  4],47,98,101,51,98
1,<environment.Job instance at 0x7ff499f84d20>,0,2,[1 8],1,1,3,0,1
1,<environment.Job instance at 0x7ff499f75e10>,5,1,[ 1 12],6,6,7,0,6
1,<environment.Job instance at 0x7ff499f75280>,7,13,[5 2],8,8,21,0,8
1,<environment.Job instance at 0x7ff499d2f410>,15,2,[7 2],16,16,18,0,16
1,<environment.Job instance at 0x7ff499d2fc80>,16,1,[5 7],17,18,19,1,17
1,<environment.Job instance at 0x7ff499d335a0>,17,2,[ 3 14],18,21,23,3,18
1,<environment.Job instance at 0x7ff49ab70b90>,20,2,[ 3 13],21,23,25,2,21
1,<environment.Job instance at 0x7ff49ab70280>,23,17,[ 4 10],24,25,42,1,25
1,<environment.Job instance at 0x7ff49b2badc0>,0,2,[1 8],1,1,3,0,1
1,<environment.Job instance at 0x7ff49b2bab90>,2,22,[8 5],3,3,25,0,3
1,<environment.Job instance at 0x7ff49b28c640>,7,13,[5 2],8,8,21,0,8
1,<environment.Job instance at 0x7ff49b296730>,9,18,[5 3],10,21,39,11,21
1,<environment.Job instance at 0x7ff49b28e550>,16,1,[5 7],17,25,26,8,25
1,<environment.Job instance at 0x7ff49b28e640>,15,2,[7 2],16,26,28,10,26
1,<environment.Job instance at 0x7ff49b2981e0>,24,12,[1 8],25,26,38,1,26
1,<environment.Job instance at 0x7ff49b2961e0>,8,12,[9 4],9,28,40,19,28
1,<environment.Job instance at 0x7ff49b298140>,27,18,[1 8],28,38,56,10,38
1,<environment.Job instance at 0x7ff49b298b40>,25,13,[7 3],26,40,53,14,40
1,<environment.Job instance at 0x7ff49b29f640>,28,15,[7 3],29,40,55,11,40
1,<environment.Job instance at 0x7ff49b29fdc0>,29,3,[7 5],30,55,58,25,55
1,<environment.Job instance at 0x7ff49a7f05a0>,32,12,[3 7],33,56,68,23,56
1,<environment.Job instance at 0x7ff49a7f0eb0>,33,13,[3 7],34,58,71,24,58
1,<environment.Job instance at 0x7ff49a804370>,39,18,[6 1],40,58,76,18,58
1,<environment.Job instance at 0x7ff49b28cc30>,4,14,[8 2],5,71,85,66,71
1,<environment.Job instance at 0x7ff49a80ffa0>,42,2,[3 9],43,76,78,33,76
1,<environment.Job instance at 0x7ff49a7f0f00>,41,15,[4 9],42,78,93,36,78
1,<environment.Job instance at 0x7ff49a812050>,46,3,[6 3],47,85,88,38,85
1,<environment.Job instance at 0x7ff49a80f410>,45,16,[5 1],46,85,101,39,85
1,<environment.Job instance at 0x7ff49a812eb0>,48,2,[5 7],49,93,95,44,93
1,<environment.Job instance at 0x7ff49a5ad6e0>,52,1,[1 5],53,95,96,42,95
1,<environment.Job instance at 0x7ff49a812e10>,47,12,[4 8],48,95,107,47,95
1,<environment.Job instance at 0x7ff499921f50>,0,1,[10  4],1,1,2,0,1
1,<environment.Job instance at 0x7ff499921a00>,2,2,[4 6],3,3,5,0,3
1,<environment.Job instance at 0x7ff499921a50>,4,1,[9 3],5,5,6,0,5
1,<environment.Job instance at 0x7ff4999210f0>,8,12,[ 4 10],9,9,21,0,9
1,<environment.Job instance at 0x7ff4999219b0>,9,13,[3 5],10,10,23,0,10
1,<environment.Job instance at 0x7ff499921550>,11,20,[1 5],12,21,41,9,13
1,<environment.Job instance at 0x7ff49992d410>,14,1,[1 9],15,23,24,8,15
1,<environment.Job instance at 0x7ff49992d230>,17,1,[5 7],18,24,25,6,18
1,<environment.Job instance at 0x7ff49992deb0>,19,1,[2 9],20,25,26,5,20
1,<environment.Job instance at 0x7ff49992d7d0>,20,16,[8 1],21,21,37,0,21
1,<environment.Job instance at 0x7ff49993eeb0>,26,3,[12  2],27,37,40,10,27
1,<environment.Job instance at 0x7ff49993e910>,27,3,[8 4],28,40,43,12,28
1,<environment.Job instance at 0x7ff49993e9b0>,28,21,[2 5],29,29,50,0,29
1,<environment.Job instance at 0x7ff49993e820>,29,1,[5 4],30,41,42,11,30
1,<environment.Job instance at 0x7ff49993e050>,30,1,[ 1 13],31,50,51,19,31
1,<environment.Job instance at 0x7ff49993e230>,31,3,[4 8],32,43,46,11,32
1,<environment.Job instance at 0x7ff49993e5a0>,32,12,[12  3],33,51,63,18,34
1,<environment.Job instance at 0x7ff49993cb90>,36,2,[5 7],37,46,48,9,37
1,<environment.Job instance at 0x7ff49993c780>,41,12,[ 2 12],42,51,63,9,42
1,<environment.Job instance at 0x7ff49993c870>,42,1,[9 2],43,43,44,0,43
1,<environment.Job instance at 0x7ff49993c230>,43,3,[5 1],44,44,47,0,44
1,<environment.Job instance at 0x7ff499d9f4b0>,45,3,[1 7],46,63,66,17,46
1,<environment.Job instance at 0x7ff49993c4b0>,38,12,[ 3 10],39,66,78,27,52
1,<environment.Job instance at 0x7ff499d9f7d0>,53,15,[8 5],54,63,78,9,60
1,<environment.Job instance at 0x7ff499d9fb40>,52,13,[ 4 10],53,78,91,25,62
1,<environment.Job instance at 0x7ff499d9f690>,55,12,[1 7],56,91,103,35,74
1,<environment.Job instance at 0x7ff499d9ff00>,49,16,[6 1],50,78,94,28,78
1,<environment.Job instance at 0x7ff49993ed20>,25,13,[13  4],26,94,107,68,80
1,<environment.Job instance at 0x7ff499dc2910>,60,1,[3 6],61,91,92,30,80
1,<environment.Job instance at 0x7ff499dc2050>,59,13,[ 4 13],60,107,120,47,91
1,<environment.Job instance at 0x7ff49a5ad6e0>,0,1,[10  4],1,1,2,0,1
1,<environment.Job instance at 0x7ff49a66ee10>,1,15,[9 5],2,2,17,0,2
1,<environment.Job instance at 0x7ff49a66e960>,2,2,[4 6],3,3,5,0,3
1,<environment.Job instance at 0x7ff49993e460>,8,12,[ 4 10],9,9,21,0,9
1,<environment.Job instance at 0x7ff49992de60>,4,1,[9 3],5,17,18,12,17
1,<environment.Job instance at 0x7ff499da7f50>,9,13,[3 5],10,18,31,8,18
1,<environment.Job instance at 0x7ff499da7dc0>,14,1,[1 9],15,21,22,6,21
1,<environment.Job instance at 0x7ff499d9f230>,19,1,[2 9],20,22,23,2,22
1,<environment.Job instance at 0x7ff49aae6be0>,20,16,[8 1],21,22,38,1,22
1,<environment.Job instance at 0x7ff49993efa0>,10,18,[2 9],11,23,41,12,23
1,<environment.Job instance at 0x7ff499da7e60>,12,16,[10  2],13,38,54,25,38
1,<environment.Job instance at 0x7ff499dc2b90>,17,1,[5 7],18,41,42,23,41
1,<environment.Job instance at 0x7ff499d3c7d0>,29,1,[5 4],30,42,43,12,42
1,<environment.Job instance at 0x7ff499d3ce10>,31,3,[4 8],32,43,46,11,43
1,<environment.Job instance at 0x7ff49ab170f0>,22,17,[4 8],23,46,63,23,46
1,<environment.Job instance at 0x7ff499934fa0>,27,3,[8 4],28,54,57,26,54
1,<environment.Job instance at 0x7ff499d3cb90>,33,13,[9 2],34,57,70,23,57
1,<environment.Job instance at 0x7ff499d3c320>,36,2,[5 7],37,63,65,26,63
1,<environment.Job instance at 0x7ff499d3c9b0>,38,12,[ 3 10],39,65,77,26,65
1,<environment.Job instance at 0x7ff499f84cd0>,42,1,[9 2],43,70,71,27,70
1,<environment.Job instance at 0x7ff499d3cc80>,43,3,[5 1],44,71,74,27,71
1,<environment.Job instance at 0x7ff499d3ceb0>,34,17,[9 1],35,74,91,39,74
1,<environment.Job instance at 0x7ff499f84e10>,45,3,[1 7],46,77,80,31,77
1,<environment.Job instance at 0x7ff499921460>,23,18,[5 5],24,77,95,53,77
1,<environment.Job instance at 0x7ff499d3cf50>,35,16,[3 8],36,91,107,55,91
1,<environment.Job instance at 0x7ff499f84b40>,49,16,[6 1],50,91,107,41,91
1,<environment.Job instance at 0x7ff49b0c2af0>,0,2,[5 7],1,1,3,0,1
1,<environment.Job instance at 0x7ff49b0cee60>,10,2,[5 2],11,11,13,0,11
1,<environment.Job instance at 0x7ff49b0c2870>,2,18,[10  4],3,12,30,9,12
1,<environment.Job instance at 0x7ff49b0ce500>,9,12,[ 4 12],10,30,42,20,13
1,<environment.Job instance at 0x7ff49aac43c0>,0,2,[5 7],1,1,3,0,1
1,<environment.Job instance at 0x7ff49aac4e60>,1,18,[9 2],2,2,20,0,2
1,<environment.Job instance at 0x7ff49ab741e0>,10,2,[5 2],11,11,13,0,11
1,<environment.Job instance at 0x7ff49ab740a0>,12,12,[5 2],13,13,25,0,13
1,<environment.Job instance at 0x7ff49ab747d0>,17,15,[ 4 10],18,20,35,2,20
1,<environment.Job instance at 0x7ff49aac4c30>,2,18,[10  4],3,25,43,22,25
1,<environment.Job instance at 0x7ff49ab74500>,23,12,[4 7],24,35,47,11,35
1,<environment.Job instance at 0x7ff49a1b36e0>,29,12,[3 7],30,43,55,13,43
1,<environment.Job instance at 0x7ff49a1b3960>,30,13,[4 6],31,47,60,16,47
1,<environment.Job instance at 0x7ff49a1b34b0>,28,17,[10  2],29,55,72,26,55
1,<environment.Job instance at 0x7ff49ab74d70>,19,18,[1 7],20,55,73,35,55
1,<environment.Job instance at 0x7ff49a1b3050>,35,12,[1 8],36,72,84,36,72
1,<environment.Job instance at 0x7ff49a1b3b90>,36,16,[6 3],37,73,89,36,73
1,<environment.Job instance at 0x7ff49a1b3a50>,38,17,[5 3],39,73,90,34,73
1,<environment.Job instance at 0x7ff49ab74c30>,14,17,[2 7],15,84,101,69,84
1,<environment.Job instance at 0x7ff49a1b3230>,39,16,[6 5],40,89,105,49,89
1,<environment.Job instance at 0x7ff49adc1190>,0,1,[1 6],1,1,2,0,1
1,<environment.Job instance at 0x7ff49adc1a50>,1,13,[3 8],2,2,15,0,2
1,<environment.Job instance at 0x7ff49abf5a00>,3,3,[ 4 10],4,15,18,11,4
1,<environment.Job instance at 0x7ff49abf5820>,6,1,[ 5 11],7,18,19,11,7
1,<environment.Job instance at 0x7ff49abf5960>,7,12,[4 8],8,19,31,11,8
1,<environment.Job instance at 0x7ff49abfa140>,11,1,[12  5],12,12,13,0,12
1,<environment.Job instance at 0x7ff49a5759b0>,12,3,[4 7],13,19,22,6,13
1,<environment.Job instance at 0x7ff49ac104b0>,15,17,[2 5],16,22,39,6,16
1,<environment.Job instance at 0x7ff49ac10690>,16,1,[ 3 12],17,39,40,22,17
1,<environment.Job instance at 0x7ff499a1a870>,18,3,[1 9],19,31,34,12,19
1,<environment.Job instance at 0x7ff49ac1e050>,19,3,[11  1],20,31,34,11,20
1,<environment.Job instance at 0x7ff49ac1ea50>,20,1,[9 2],21,22,23,1,21
1,<environment.Job instance at 0x7ff49ac1e780>,26,15,[2 8],27,40,55,13,27
1,<environment.Job instance at 0x7ff499a39190>,28,1,[10  4],29,34,35,5,29
1,<environment.Job instance at 0x7ff49ac1ef50>,24,15,[8 4],25,40,55,15,31
1,<environment.Job instance at 0x7ff49ac1e140>,29,2,[6 2],30,35,37,5,31
1,<environment.Job instance at 0x7ff49ac1ee10>,23,21,[13  1],24,55,76,31,47
1,<environment.Job instance at 0x7ff499a39370>,27,17,[2 7],28,55,72,27,48
1,<environment.Job instance at 0x7ff49aace640>,35,1,[12  4],36,76,77,40,63
1,<environment.Job instance at 0x7ff499a22820>,32,26,[ 3 11],33,76,102,43,73
1,<environment.Job instance at 0x7ff49aace9b0>,39,2,[8 2],40,77,79,37,76
1,<environment.Job instance at 0x7ff499a21230>,51,13,[5 1],52,81,94,29,81
1,<environment.Job instance at 0x7ff499a21aa0>,58,22,[1 7],59,102,124,43,95
1,<environment.Job instance at 0x7ff499a21b90>,60,1,[10  1],61,95,96,34,95
1,<environment.Job instance at 0x7ff499a21af0>,61,3,[8 2],62,96,99,34,95
1,<environment.Job instance at 0x7ff49b0dd640>,0,1,[1 6],1,1,2,0,1
1,<environment.Job instance at 0x7ff49b0dd1e0>,1,13,[3 8],2,2,15,0,2
1,<environment.Job instance at 0x7ff49b0dd5f0>,8,16,[6 2],9,9,25,0,9
1,<environment.Job instance at 0x7ff49b0dd5a0>,3,3,[ 4 10],4,15,18,11,15
1,<environment.Job instance at 0x7ff49b0aaaf0>,12,3,[4 7],13,18,21,5,18
1,<environment.Job instance at 0x7ff49b0aa280>,15,17,[2 5],16,18,35,2,18
1,<environment.Job instance at 0x7ff49b0dd960>,7,12,[4 8],8,21,33,13,21
1,<environment.Job instance at 0x7ff49b0c0d20>,20,1,[9 2],21,25,26,4,25
1,<environment.Job instance at 0x7ff49b0c09b0>,18,3,[1 9],19,33,36,14,33
1,<environment.Job instance at 0x7ff49b0c0910>,24,15,[8 4],25,35,50,10,35
1,<environment.Job instance at 0x7ff4a37edaf0>,26,15,[2 8],27,36,51,9,36
1,<environment.Job instance at 0x7ff4a37edaa0>,28,1,[10  4],29,50,51,21,50
1,<environment.Job instance at 0x7ff4a37ed9b0>,29,2,[6 2],30,51,53,21,51
1,<environment.Job instance at 0x7ff4a37ed1e0>,27,17,[2 7],28,51,68,23,51
1,<environment.Job instance at 0x7ff49b0aa2d0>,13,18,[3 6],14,51,69,37,51
1,<environment.Job instance at 0x7ff49a1288c0>,39,2,[8 2],40,68,70,28,68
1,<environment.Job instance at 0x7ff49b0ddf50>,10,18,[3 7],11,68,86,57,68
1,<environment.Job instance at 0x7ff4a37ed050>,30,12,[10  3],31,70,82,39,70
1,<environment.Job instance at 0x7ff49a1284b0>,42,14,[5 8],43,82,96,39,82
1,<environment.Job instance at 0x7ff49b0c2f50>,45,16,[8 5],46,86,102,40,86
1,<environment.Job instance at 0x7ff49a4013c0>,49,15,[ 2 10],50,96,111,46,96
1,<environment.Job instance at 0x7ff49a146aa0>,0,13,[3 9],1,1,14,0,1
1,<environment.Job instance at 0x7ff49a1460f0>,2,3,[5 2],3,3,6,0,3
1,<environment.Job instance at 0x7ff49a146870>,3,3,[ 1 10],4,14,17,10,4
1,<environment.Job instance at 0x7ff49a146f50>,6,1,[2 8],7,17,18,10,7
1,<environment.Job instance at 0x7ff49a146d70>,7,2,[ 5 10],8,18,20,10,8
1,<environment.Job instance at 0x7ff49a146280>,8,2,[ 3 12],9,20,22,11,9
1,<environment.Job instance at 0x7ff49ad977d0>,9,16,[5 4],10,22,38,12,10
1,<environment.Job instance at 0x7ff49ad97320>,12,3,[6 5],13,13,16,0,13
1,<environment.Job instance at 0x7ff49ad97960>,13,13,[6 3],14,16,29,2,14
1,<environment.Job instance at 0x7ff49ad97e60>,16,1,[1 5],17,22,23,5,17
1,<environment.Job instance at 0x7ff49ad97690>,17,13,[3 8],18,23,36,5,18
1,<environment.Job instance at 0x7ff49ad97460>,18,2,[3 7],19,36,38,17,19
1,<environment.Job instance at 0x7ff49ad97500>,20,2,[14  4],21,38,40,17,21
1,<environment.Job instance at 0x7ff49ad97a00>,21,18,[5 5],22,40,58,18,29
1,<environment.Job instance at 0x7ff49ad97910>,25,3,[5 5],26,40,43,14,29
1,<environment.Job instance at 0x7ff49a1467d0>,11,14,[3 7],12,43,57,31,30
1,<environment.Job instance at 0x7ff49ad97280>,23,13,[ 4 14],24,58,71,34,46
1,<environment.Job instance at 0x7ff49ad97af0>,22,16,[12  2],23,71,87,48,62
1,<environment.Job instance at 0x7ff49ac1e5a0>,0,13,[3 9],1,1,14,0,1
1,<environment.Job instance at 0x7ff49ac1e870>,2,3,[5 2],3,3,6,0,3
1,<environment.Job instance at 0x7ff49b0c0410>,9,16,[5 4],10,10,26,0,10
1,<environment.Job instance at 0x7ff49b0c0f00>,6,1,[2 8],7,14,15,7,14
1,<environment.Job instance at 0x7ff49a401640>,7,2,[ 5 10],8,15,17,7,15
1,<environment.Job instance at 0x7ff49aacbf00>,3,3,[ 1 10],4,17,20,13,17
1,<environment.Job instance at 0x7ff49ad979b0>,16,1,[1 5],17,20,21,3,20
1,<environment.Job instance at 0x7ff49b0c0780>,12,3,[6 5],13,20,23,7,20
1,<environment.Job instance at 0x7ff49a54a780>,18,2,[3 7],19,23,25,4,23
1,<environment.Job instance at 0x7ff49a5505a0>,13,13,[6 3],14,23,36,9,23
1,<environment.Job instance at 0x7ff49a569b90>,17,13,[3 8],18,25,38,7,25
1,<environment.Job instance at 0x7ff4999c7eb0>,25,3,[5 5],26,36,39,10,36
1,<environment.Job instance at 0x7ff4999c7b40>,27,13,[4 7],28,38,51,10,38
1,<environment.Job instance at 0x7ff4999c75f0>,28,2,[6 2],29,38,40,9,38
1,<environment.Job instance at 0x7ff4999c7dc0>,24,16,[5 6],25,39,55,14,39
1,<environment.Job instance at 0x7ff4999c72d0>,29,2,[10  5],30,51,53,21,51
1,<environment.Job instance at 0x7ff49b0c0a00>,11,14,[3 7],12,53,67,41,53
1,<environment.Job instance at 0x7ff4999c7d70>,33,14,[5 8],34,55,69,21,55
1,<environment.Job instance at 0x7ff49ad7bb90>,39,13,[6 3],40,67,80,27,67
1,<environment.Job instance at 0x7ff49ad7b870>,42,3,[9 1],43,69,72,26,69
1,<environment.Job instance at 0x7ff4999c77d0>,30,15,[5 5],31,72,87,41,72
1,<environment.Job instance at 0x7ff49ad7b460>,47,1,[5 1],48,80,81,32,80
1,<environment.Job instance at 0x7ff49a146690>,21,18,[5 5],22,80,98,58,80
1,<environment.Job instance at 0x7ff49ad7b550>,50,2,[10  3],51,87,89,36,87
1,<environment.Job instance at 0x7ff49ad7baf0>,49,12,[10  5],50,89,101,39,89
1,<environment.Job instance at 0x7ff49ad7b370>,53,16,[2 6],54,98,114,44,98
1,<environment.Job instance at 0x7ff4999e9e10>,0,2,[ 5 10],1,1,3,0,1
1,<environment.Job instance at 0x7ff49a112c80>,2,3,[2 6],3,3,6,0,3
1,<environment.Job instance at 0x7ff49a112e60>,4,1,[5 5],5,5,6,0,5
1,<environment.Job instance at 0x7ff49a112d70>,5,20,[5 3],6,6,26,0,6
1,<environment.Job instance at 0x7ff4999e7190>,9,12,[1 9],10,10,22,0,10
1,<environment.Job instance at 0x7ff49a9dfd20>,0,2,[ 5 10],1,1,3,0,1
1,<environment.Job instance at 0x7ff49a9df910>,2,3,[2 6],3,3,6,0,3
1,<environment.Job instance at 0x7ff49a9df8c0>,4,1,[5 5],5,5,6,0,5
1,<environment.Job instance at 0x7ff49a9dfd70>,5,20,[5 3],6,6,26,0,6
1,<environment.Job instance at 0x7ff49a9df780>,9,12,[1 9],10,10,22,0,10
1,<environment.Job instance at 0x7ff49a9df4b0>,12,16,[4 6],13,22,38,9,22
1,<environment.Job instance at 0x7ff49ad8a9b0>,24,13,[10  2],25,26,39,1,26
1,<environment.Job instance at 0x7ff49a9dfb90>,13,20,[5 9],14,38,58,24,38
1,<environment.Job instance at 0x7ff49ad8ad20>,23,14,[8 3],24,39,53,15,39
1,<environment.Job instance at 0x7ff49ad8a6e0>,28,14,[10  3],29,53,67,24,53
1,<environment.Job instance at 0x7ff49ad8a190>,29,3,[8 3],30,67,70,37,67
1,<environment.Job instance at 0x7ff49ad8a690>,30,12,[1 9],31,67,79,36,67
1,<environment.Job instance at 0x7ff49ad8a5f0>,31,12,[3 5],32,70,82,38,70
1,<environment.Job instance at 0x7ff49ad8af50>,33,16,[5 8],34,79,95,45,79
1,<environment.Job instance at 0x7ff49ad7b7d0>,40,1,[3 5],41,82,83,41,82
1,<environment.Job instance at 0x7ff49ad7b190>,41,15,[9 5],42,83,98,41,83
1,<environment.Job instance at 0x7ff49ad7bd20>,42,18,[2 8],43,95,113,52,95
1,<environment.Job instance at 0x7ff49ad7be10>,43,15,[9 3],44,98,113,54,98
1,<environment.Job instance at 0x7f75b8e786e0>,0,17,[6 1],1,1,18,0,1
1,<environment.Job instance at 0x7f75b8e78730>,1,3,[ 2 10],2,2,5,0,2
1,<environment.Job instance at 0x7f75af82ecd0>,5,2,[1 6],6,6,8,0,6
1,<environment.Job instance at 0x7f75af82ef00>,8,2,[ 1 14],9,9,11,0,9
1,<environment.Job instance at 0x7f75af82ea50>,9,12,[8 2],10,11,23,1,10
1,<environment.Job instance at 0x7f75af833280>,11,3,[4 9],12,18,21,6,12
1,<environment.Job instance at 0x7f75af82efa0>,15,3,[2 8],16,21,24,5,16
1,<environment.Job instance at 0x7f75af833640>,17,12,[5 1],18,21,33,3,18
1,<environment.Job instance at 0x7f75af8335a0>,20,3,[10  5],21,24,27,3,21
1,<environment.Job instance at 0x7f75af833910>,22,12,[3 8],23,27,39,4,23
1,<environment.Job instance at 0x7f75af833c30>,24,2,[4 6],25,27,29,2,25
1,<environment.Job instance at 0x7f75af833b40>,25,2,[5 7],26,33,35,7,26
1,<environment.Job instance at 0x7f75af833e60>,26,12,[8 5],27,35,47,8,27
1,<environment.Job instance at 0x7f75af835280>,31,1,[ 2 14],32,47,48,15,33
1,<environment.Job instance at 0x7f75af833e10>,28,17,[ 1 13],29,48,65,19,36
1,<environment.Job instance at 0x7f75af835550>,34,14,[1 9],35,65,79,30,50
1,<environment.Job instance at 0x7f75af835640>,36,20,[7 5],37,65,85,28,58
1,<environment.Job instance at 0x7f75af8356e0>,37,14,[5 8],38,79,93,41,65
1,<environment.Job instance at 0x7f75af8358c0>,38,24,[13  2],39,93,117,54,93
1,<environment.Job instance at 0x7f75af838b90>,0,17,[6 1],1,1,18,0,1
1,<environment.Job instance at 0x7f75b8ebe370>,1,3,[ 2 10],2,2,5,0,2
1,<environment.Job instance at 0x7f75af9ce550>,4,13,[3 6],5,5,18,0,5
1,<environment.Job instance at 0x7f75af879500>,3,22,[2 5],4,5,27,1,5
1,<environment.Job instance at 0x7f75af877730>,5,2,[1 6],6,18,20,12,18
1,<environment.Job instance at 0x7f75af826d20>,9,12,[8 2],10,18,30,8,18
1,<environment.Job instance at 0x7f75afae0320>,15,3,[2 8],16,20,23,4,20
1,<environment.Job instance at 0x7f75af8267d0>,17,12,[5 1],18,23,35,5,23
1,<environment.Job instance at 0x7f75af86d7d0>,2,14,[ 2 10],3,27,41,24,27
1,<environment.Job instance at 0x7f75af826050>,16,18,[7 3],17,30,48,13,30
1,<environment.Job instance at 0x7f75af826c30>,11,3,[4 9],12,41,44,29,41
1,<environment.Job instance at 0x7f75af901fa0>,24,2,[4 6],25,44,46,19,44
1,<environment.Job instance at 0x7f75af920fa0>,25,2,[5 7],26,46,48,20,46
1,<environment.Job instance at 0x7f75af9b33c0>,20,3,[10  5],21,48,51,27,48
1,<environment.Job instance at 0x7f75af953b40>,22,12,[3 8],23,48,60,25,48
1,<environment.Job instance at 0x7f75af959a50>,26,12,[8 5],27,51,63,24,51
1,<environment.Job instance at 0x7f75af8c2230>,34,14,[1 9],35,60,74,25,60
1,<environment.Job instance at 0x7f75af959230>,27,17,[4 6],28,63,80,35,63
1,<environment.Job instance at 0x7f75af9d6370>,37,14,[5 8],38,74,88,36,74
1,<environment.Job instance at 0x7f75af8f0d70>,41,12,[8 3],42,80,92,38,80
1,<environment.Job instance at 0x7f75af8f07d0>,43,16,[1 8],44,88,104,44,88
1,<environment.Job instance at 0x7f75af8f0730>,44,12,[9 3],45,92,104,47,92
1,<environment.Job instance at 0x7f75af8f0410>,46,14,[6 5],47,104,118,57,104
1,<environment.Job instance at 0x7f75af9db910>,49,13,[1 5],50,104,117,54,104
1,<environment.Job instance at 0x7f75aef7b7d0>,2,12,[1 6],3,3,15,0,3
1,<environment.Job instance at 0x7f75aef7b870>,3,17,[5 1],4,4,21,0,4
1,<environment.Job instance at 0x7f75aef7b690>,5,2,[1 6],6,6,8,0,6
1,<environment.Job instance at 0x7f75aef70500>,6,12,[8 4],7,8,20,1,8
1,<environment.Job instance at 0x7f75aef709b0>,11,2,[ 5 14],12,20,22,8,12
1,<environment.Job instance at 0x7f75aef7ba50>,13,3,[10  3],14,22,25,8,15
1,<environment.Job instance at 0x7f75aef7ad70>,15,3,[2 9],16,16,19,0,16
1,<environment.Job instance at 0x7f75aef7a230>,16,13,[2 6],17,22,35,5,17
1,<environment.Job instance at 0x7f75af109aa0>,17,2,[5 5],18,25,27,7,18
1,<environment.Job instance at 0x7f75af119230>,19,3,[1 5],20,22,25,2,22
1,<environment.Job instance at 0x7f75aef70960>,8,13,[9 1],9,27,40,18,22
1,<environment.Job instance at 0x7f75af0b7e60>,18,19,[1 7],19,27,46,8,22
1,<environment.Job instance at 0x7f75aef70320>,12,25,[1 8],13,40,65,27,36
1,<environment.Job instance at 0x7f75af0db5f0>,23,2,[ 5 10],24,65,67,41,38
1,<environment.Job instance at 0x7f75af0db640>,24,12,[5 4],25,46,58,21,38
1,<environment.Job instance at 0x7f75af0dba00>,26,1,[9 5],27,58,59,31,39
1,<environment.Job instance at 0x7f75af09d550>,30,1,[ 3 11],31,67,68,36,39
1,<environment.Job instance at 0x7f75af0c3050>,35,3,[9 2],36,46,49,10,39
1,<environment.Job instance at 0x7f75af0c3dc0>,36,13,[10  5],37,68,81,31,52
1,<environment.Job instance at 0x7f75af0c3280>,37,2,[3 8],38,68,70,30,52
1,<environment.Job instance at 0x7f75b8ebe140>,38,3,[4 8],39,70,73,31,52
1,<environment.Job instance at 0x7f75af1a5140>,20,16,[3 9],21,73,89,52,60
1,<environment.Job instance at 0x7f75b8eaeeb0>,40,12,[5 1],41,81,93,40,64
1,<environment.Job instance at 0x7f75aef705f0>,14,12,[1 5],15,81,93,66,64
1,<environment.Job instance at 0x7f75af10d0a0>,31,14,[ 3 10],32,93,107,61,80
1,<environment.Job instance at 0x7f75aedfa6e0>,39,17,[5 7],40,107,124,67,95
1,<environment.Job instance at 0x7f75aedfb9b0>,41,22,[5 6],42,107,129,65,100
1,<environment.Job instance at 0x7f75af8f0190>,2,12,[1 6],3,3,15,0,3
1,<environment.Job instance at 0x7f75aefd9a00>,3,17,[5 1],4,4,21,0,4
1,<environment.Job instance at 0x7f75af051870>,4,19,[9 2],5,5,24,0,5
1,<environment.Job instance at 0x7f75af0518c0>,5,2,[1 6],6,15,17,9,15
1,<environment.Job instance at 0x7f75af035eb0>,13,3,[10  3],14,24,27,10,24
1,<environment.Job instance at 0x7f75af0325a0>,15,3,[2 9],16,24,27,8,24
1,<environment.Job instance at 0x7f75af052190>,17,2,[5 5],18,27,29,9,27
1,<environment.Job instance at 0x7f75af052230>,19,3,[1 5],20,27,30,7,27
1,<environment.Job instance at 0x7f75af0519b0>,6,12,[8 4],7,27,39,20,27
1,<environment.Job instance at 0x7f75af032c80>,14,12,[1 5],15,29,41,14,29
1,<environment.Job instance at 0x7f75af0320f0>,16,13,[2 6],17,30,43,13,30
1,<environment.Job instance at 0x7f75af02d550>,24,12,[5 4],25,39,51,14,39
1,<environment.Job instance at 0x7f75af0528c0>,25,15,[8 3],26,41,56,15,41
1,<environment.Job instance at 0x7f75af052f50>,23,2,[ 5 10],24,51,53,27,51
1,<environment.Job instance at 0x7f75af04ffa0>,29,13,[1 8],30,53,66,23,53
1,<environment.Job instance at 0x7f75af0e0870>,26,1,[9 5],27,56,57,29,56
1,<environment.Job instance at 0x7f75aefebc30>,35,3,[9 2],36,57,60,21,57
1,<environment.Job instance at 0x7f75af057190>,36,13,[10  5],37,60,73,23,60
1,<environment.Job instance at 0x7f75af0571e0>,37,2,[3 8],38,66,68,28,66
1,<environment.Job instance at 0x7f75af0579b0>,38,3,[4 8],39,68,71,29,68
1,<environment.Job instance at 0x7f75aefe33c0>,31,14,[ 3 10],32,71,85,39,71
1,<environment.Job instance at 0x7f75af0573c0>,40,12,[5 1],41,73,85,32,73
1,<environment.Job instance at 0x7f75af035a50>,8,13,[9 1],9,85,98,76,85
1,<environment.Job instance at 0x7f75aefe61e0>,44,15,[ 2 10],45,85,100,40,85
1,<environment.Job instance at 0x7f75aeff15f0>,46,2,[6 5],47,98,100,51,98
1,<environment.Job instance at 0x7f75aeff1640>,49,2,[ 1 10],50,100,102,50,100
1,<environment.Job instance at 0x7f75af052960>,22,18,[10  4],23,100,118,77,100
1,<environment.Job instance at 0x7f75aeff60a0>,50,12,[1 8],51,102,114,51,102
1,<environment.Job instance at 0x7f75aee5b5a0>,2,15,[8 5],3,3,18,0,3
1,<environment.Job instance at 0x7f75aee5b4b0>,7,13,[ 4 11],8,18,31,10,8
1,<environment.Job instance at 0x7f75aee5bb90>,11,14,[1 7],12,31,45,19,16
1,<environment.Job instance at 0x7f75aee5bfa0>,15,2,[ 1 12],16,45,47,29,18
1,<environment.Job instance at 0x7f75aee5baa0>,16,13,[2 7],17,31,44,14,18
1,<environment.Job instance at 0x7f75aee5b7d0>,17,2,[7 2],18,18,20,0,18
1,<environment.Job instance at 0x7f75aee5b960>,14,1,[13  1],15,44,45,29,19
1,<environment.Job instance at 0x7f75aee5bcd0>,19,13,[8 1],20,20,33,0,20
1,<environment.Job instance at 0x7f75af035c80>,2,15,[8 5],3,3,18,0,3
1,<environment.Job instance at 0x7f75af278d70>,5,12,[4 8],6,6,18,0,6
1,<environment.Job instance at 0x7f75b8ff1870>,17,2,[7 2],18,18,20,0,18
1,<environment.Job instance at 0x7f75b8fe0500>,12,13,[4 8],13,18,31,5,18
1,<environment.Job instance at 0x7f75b8ff1780>,19,13,[8 1],20,20,33,0,20
1,<environment.Job instance at 0x7f75aeeca910>,20,12,[ 5 10],21,31,43,10,31
1,<environment.Job instance at 0x7f75aeecae10>,22,13,[4 5],23,33,46,10,33
1,<environment.Job instance at 0x7f75b8ff1c30>,16,13,[2 7],17,43,56,26,43
1,<environment.Job instance at 0x7f75b8ff1b40>,21,13,[9 2],22,43,56,21,43
1,<environment.Job instance at 0x7f75aeecaf50>,28,13,[3 5],29,46,59,17,46
1,<environment.Job instance at 0x7f75aeeca0f0>,36,1,[3 9],37,56,57,19,56
1,<environment.Job instance at 0x7f75aeeca4b0>,38,15,[8 1],39,56,71,17,56
1,<environment.Job instance at 0x7f75b8fe0230>,11,14,[1 7],12,57,71,45,57
1,<environment.Job instance at 0x7f75aee269b0>,42,3,[5 4],43,59,62,16,59
1,<environment.Job instance at 0x7f75aeecac80>,25,14,[10  3],26,71,85,45,71
1,<environment.Job instance at 0x7f75aeeca9b0>,29,16,[5 8],30,72,88,42,72
1,<environment.Job instance at 0x7f75b8fe0780>,13,16,[8 4],14,86,102,72,86
1,<environment.Job instance at 0x7f75aee267d0>,43,18,[ 1 10],44,88,106,44,88
1,<environment.Job instance at 0x7f75aee2d500>,48,1,[8 5],49,102,103,53,102
1,<environment.Job instance at 0x7f75aee26780>,47,14,[9 1],48,103,117,55,103
1,<environment.Job instance at 0x7f75aee26a00>,46,21,[5 5],47,106,127,59,106
1,<environment.Job instance at 0x7f75af345050>,1,12,[2 7],2,2,14,0,2
1,<environment.Job instance at 0x7f75af3455f0>,3,3,[10  5],4,4,7,0,4
1,<environment.Job instance at 0x7f75af345d70>,4,2,[5 5],5,7,9,2,7
1,<environment.Job instance at 0x7f75af345820>,5,3,[9 3],6,9,12,3,9
1,<environment.Job instance at 0x7f75af4bf190>,13,2,[5 6],14,14,16,0,14
1,<environment.Job instance at 0x7f75af4bf500>,17,1,[ 4 11],18,18,19,0,18
1,<environment.Job instance at 0x7f75b8ea0c80>,19,2,[4 5],20,20,22,0,20
1,<environment.Job instance at 0x7f75b8ea05f0>,20,1,[ 4 10],21,21,22,0,21
1,<environment.Job instance at 0x7f75b8ea0460>,23,2,[6 3],24,24,26,0,24
1,<environment.Job instance at 0x7f75b8ea0fa0>,26,12,[6 4],27,27,39,0,27
1,<environment.Job instance at 0x7f75b8ea0820>,29,3,[6 1],30,30,33,0,30
1,<environment.Job instance at 0x7f75af345eb0>,6,3,[10  2],7,39,42,32,31
1,<environment.Job instance at 0x7f75af4bf230>,8,3,[12  2],9,42,45,33,33
1,<environment.Job instance at 0x7f75aee4f960>,33,3,[ 5 10],34,34,37,0,34
1,<environment.Job instance at 0x7f75aee4f460>,34,1,[9 5],35,37,38,2,35
1,<environment.Job instance at 0x7f75aee4ff50>,32,21,[ 5 10],33,45,66,12,37
1,<environment.Job instance at 0x7f75aee4fc80>,37,12,[3 8],38,66,78,28,50
1,<environment.Job instance at 0x7f75aee4fd70>,35,16,[5 2],36,52,68,16,52
1,<environment.Job instance at 0x7f75aee4fcd0>,36,2,[5 3],37,52,54,15,52
1,<environment.Job instance at 0x7f75aee267d0>,0,20,[4 9],1,1,21,0,1
1,<environment.Job instance at 0x7f75aee26960>,3,3,[10  5],4,4,7,0,4
1,<environment.Job instance at 0x7f75aee26870>,4,2,[5 5],5,7,9,2,7
1,<environment.Job instance at 0x7f75aee26820>,5,3,[9 3],6,9,12,3,9
1,<environment.Job instance at 0x7f75af278d70>,6,3,[10  2],7,12,15,5,12
1,<environment.Job instance at 0x7f75af38f410>,11,17,[7 1],12,15,32,3,15
1,<environment.Job instance at 0x7f75b8ea0960>,13,2,[5 6],14,21,23,7,21
1,<environment.Job instance at 0x7f75aee269b0>,1,12,[2 7],2,21,33,19,21
1,<environment.Job instance at 0x7f75af345190>,19,2,[4 5],20,23,25,3,23
1,<environment.Job instance at 0x7f75af3452d0>,22,16,[5 2],23,32,48,9,32
1,<environment.Job instance at 0x7f75af327460>,23,2,[6 3],24,32,34,8,32
1,<environment.Job instance at 0x7f75af345dc0>,20,1,[ 4 10],21,33,34,12,33
1,<environment.Job instance at 0x7f75af3275a0>,26,12,[6 4],27,34,46,7,34
1,<environment.Job instance at 0x7f75aee4fb90>,18,14,[2 9],19,34,48,15,34
1,<environment.Job instance at 0x7f75af327870>,29,3,[6 1],30,46,49,16,46
1,<environment.Job instance at 0x7f75af3271e0>,34,1,[9 5],35,48,49,13,48
1,<environment.Job instance at 0x7f75af327c80>,33,3,[ 5 10],34,49,52,15,49
1,<environment.Job instance at 0x7f75af327cd0>,36,2,[5 3],37,49,51,12,49
1,<environment.Job instance at 0x7f75af327fa0>,35,16,[5 2],36,49,65,13,49
1,<environment.Job instance at 0x7f75af327820>,37,12,[3 8],38,52,64,14,52
1,<environment.Job instance at 0x7f75af381aa0>,41,1,[7 3],42,52,53,10,52
1,<environment.Job instance at 0x7f75af381af0>,42,13,[5 5],43,53,66,10,53
1,<environment.Job instance at 0x7f75af381be0>,39,14,[2 8],40,64,78,24,64
1,<environment.Job instance at 0x7f75af3277d0>,25,14,[3 6],26,66,80,40,66
1,<environment.Job instance at 0x7f75aee46640>,49,1,[10  5],50,78,79,28,78
1,<environment.Job instance at 0x7f75aee46550>,54,2,[3 5],55,79,81,24,79
1,<environment.Job instance at 0x7f75aee46460>,53,2,[9 3],54,79,81,25,79
1,<environment.Job instance at 0x7f75aee46320>,51,13,[ 5 10],52,81,94,29,81
1,<environment.Job instance at 0x7f75aee464b0>,55,18,[10  4],56,81,99,25,81
1,<environment.Job instance at 0x7f75aee46c80>,57,13,[1 7],58,94,107,36,94
1,<environment.Job instance at 0x7f75aee3d500>,64,15,[10  4],65,99,114,34,99
1,<environment.Job instance at 0x7f75af4a77d0>,7,15,[ 2 10],8,107,122,99,107
1,<environment.Job instance at 0x7f75afeeee60>,0,13,[ 4 10],1,1,14,0,1
1,<environment.Job instance at 0x7f75af65acd0>,2,3,[8 5],3,3,6,0,3
1,<environment.Job instance at 0x7f75af651eb0>,4,1,[4 6],5,14,15,9,5
1,<environment.Job instance at 0x7f75af651910>,10,3,[10  3],11,11,14,0,11
1,<environment.Job instance at 0x7f75af651e10>,14,2,[3 7],15,15,17,0,15
1,<environment.Job instance at 0x7f75af2b6d70>,16,2,[ 5 14],17,17,19,0,17
1,<environment.Job instance at 0x7f75b0376780>,17,12,[4 5],18,20,32,2,20
1,<environment.Job instance at 0x7f75af646640>,19,2,[ 4 11],20,32,34,12,21
1,<environment.Job instance at 0x7f75af6bf500>,18,2,[7 2],19,21,23,2,21
1,<environment.Job instance at 0x7f75af659e60>,20,15,[6 4],21,23,38,2,21
1,<environment.Job instance at 0x7f75af659230>,21,3,[2 8],22,34,37,12,22
1,<environment.Job instance at 0x7f75af622690>,15,15,[2 9],16,37,52,21,23
1,<environment.Job instance at 0x7f75af659280>,22,13,[6 3],23,38,51,15,26
1,<environment.Job instance at 0x7f75af6c5050>,23,12,[12  2],24,51,63,27,34
1,<environment.Job instance at 0x7f75b03806e0>,24,12,[14  2],25,63,75,38,46
1,<environment.Job instance at 0x7f75af2c1910>,29,14,[5 3],30,75,89,45,60
1,<environment.Job instance at 0x7f75b0380690>,30,12,[ 2 13],31,89,101,58,75
1,<environment.Job instance at 0x7f75af2b9870>,26,13,[14  5],27,101,114,74,90
1,<environment.Job instance at 0x7f75af6d9640>,28,16,[ 1 14],29,114,130,85,107
1,<environment.Job instance at 0x7f75aefc44b0>,0,13,[ 4 10],1,1,14,0,1
1,<environment.Job instance at 0x7f75aefc49b0>,2,3,[8 5],3,3,6,0,3
1,<environment.Job instance at 0x7f75af1d2be0>,6,15,[9 5],7,7,22,0,7
1,<environment.Job instance at 0x7f75aefc4a00>,4,1,[4 6],5,14,15,9,14
1,<environment.Job instance at 0x7f75af1d2b40>,14,2,[3 7],15,15,17,0,15
1,<environment.Job instance at 0x7f75aee43500>,15,15,[2 9],16,17,32,1,17
1,<environment.Job instance at 0x7f75aee432d0>,18,2,[7 2],19,22,24,3,22
1,<environment.Job instance at 0x7f75aee43f50>,20,15,[6 4],21,22,37,1,22
1,<environment.Job instance at 0x7f75aee435f0>,21,3,[2 8],22,32,35,10,32
1,<environment.Job instance at 0x7f75aee43aa0>,22,13,[6 3],23,32,45,9,32
1,<environment.Job instance at 0x7f75aee43e10>,17,12,[4 5],18,37,49,19,37
1,<environment.Job instance at 0x7f75af1d23c0>,10,3,[10  3],11,45,48,34,45
1,<environment.Job instance at 0x7f75aee438c0>,29,14,[5 3],30,48,62,18,48
1,<environment.Job instance at 0x7f75aee3df50>,34,17,[5 4],35,48,65,13,48
1,<environment.Job instance at 0x7f75aee3d370>,39,2,[3 6],40,62,64,22,62
1,<environment.Job instance at 0x7f75af1d28c0>,8,17,[7 5],9,62,79,53,62
1,<environment.Job instance at 0x7f75aee46320>,47,12,[5 5],48,65,77,17,65
1,<environment.Job instance at 0x7f75aee46640>,48,2,[ 4 10],49,77,79,28,77
1,<environment.Job instance at 0x7f75aee43050>,25,15,[ 4 10],26,79,94,53,79
1,<environment.Job instance at 0x7f75aee46f00>,51,13,[8 1],52,79,92,27,79
1,<environment.Job instance at 0x7f75aee46500>,53,12,[7 5],54,92,104,38,92
1,<environment.Job instance at 0x7f75aee46460>,45,16,[7 5],46,94,110,48,94
1,<environment.Job instance at 0x7f75af3819b0>,56,17,[5 7],57,104,121,47,104
1,<environment.Job instance at 0x7f75af2ab6e0>,3,12,[3 9],4,4,16,0,4
1,<environment.Job instance at 0x7f75af2ab780>,5,21,[5 6],6,6,27,0,6
1,<environment.Job instance at 0x7f75af2abb90>,7,13,[4 5],8,16,29,8,8
1,<environment.Job instance at 0x7f75af4bf050>,0,14,[10  3],1,1,15,0,1
1,<environment.Job instance at 0x7f75af4bfc30>,1,18,[4 7],2,2,20,0,2
1,<environment.Job instance at 0x7f75aee3d870>,9,16,[1 5],10,10,26,0,10
1,<environment.Job instance at 0x7f75aee3dc30>,3,12,[3 9],4,20,32,16,20
1,<environment.Job instance at 0x7f75b038a7d0>,15,13,[10  1],16,20,33,4,20
1,<environment.Job instance at 0x7f75b038ab40>,16,3,[5 1],17,32,35,15,32
1,<environment.Job instance at 0x7f75aee3d230>,7,13,[4 5],8,33,46,25,33
1,<environment.Job instance at 0x7f75af2da960>,18,14,[6 5],19,33,47,14,33
1,<environment.Job instance at 0x7f75af2baaf0>,22,2,[3 7],23,46,48,23,46
1,<environment.Job instance at 0x7f75af2ba4b0>,23,2,[1 6],24,47,49,23,47
1,<environment.Job instance at 0x7f75af2daaf0>,19,12,[9 3],20,48,60,28,48
1,<environment.Job instance at 0x7f75af2ba410>,25,17,[5 6],26,48,65,22,48
1,<environment.Job instance at 0x7f75af2bac30>,29,1,[3 5],30,60,61,30,60
1,<environment.Job instance at 0x7f75aee3d190>,12,18,[10  5],13,61,79,48,61
1,<environment.Job instance at 0x7f75aee3d5f0>,6,14,[ 3 10],7,65,79,58,65
1,<environment.Job instance at 0x7f75af2baa00>,41,12,[6 4],42,79,91,37,79
1,<environment.Job instance at 0x7f75b0031320>,44,15,[ 3 10],45,79,94,34,79
1,<environment.Job instance at 0x7f75af2ba640>,31,15,[10  2],32,91,106,59,91
1,<environment.Job instance at 0x7f75af2baeb0>,34,16,[2 8],35,94,110,59,94
1,<environment.Job instance at 0x7f75b0031550>,46,13,[10  2],47,106,119,59,106
1,<environment.Job instance at 0x7f75af96f1e0>,0,2,[12  2],1,1,3,0,1
1,<environment.Job instance at 0x7f75af96fe60>,1,15,[5 6],2,3,18,1,2
1,<environment.Job instance at 0x7f75af2c3960>,4,25,[6 2],5,5,30,0,5
1,<environment.Job instance at 0x7f75af9715a0>,5,1,[5 5],6,18,19,12,6
1,<environment.Job instance at 0x7f75af2c5cd0>,8,3,[3 7],9,9,12,0,9
1,<environment.Job instance at 0x7f75af2c5d70>,10,17,[3 5],11,12,29,1,11
1,<environment.Job instance at 0x7f75af2db230>,12,14,[6 5],13,19,33,6,13
1,<environment.Job instance at 0x7f75af2db410>,16,2,[10  4],17,33,35,16,17
1,<environment.Job instance at 0x7f75af2db370>,18,14,[2 6],19,29,43,10,19
1,<environment.Job instance at 0x7f75af2a5500>,27,3,[8 3],28,35,38,7,28
1,<environment.Job instance at 0x7f75af51ba50>,28,1,[ 3 10],29,43,44,14,29
1,<environment.Job instance at 0x7f75af51b870>,29,3,[ 3 14],30,44,47,14,30
1,<environment.Job instance at 0x7f75afc5a5f0>,30,2,[3 6],31,35,37,4,31
1,<environment.Job instance at 0x7f75af504b40>,31,13,[6 4],32,47,60,15,32
1,<environment.Job instance at 0x7f75af514e10>,35,18,[ 1 10],36,47,65,11,36
1,<environment.Job instance at 0x7f75af112780>,36,3,[2 7],37,38,41,1,37
1,<environment.Job instance at 0x7f75aee0d820>,37,16,[8 4],38,60,76,22,47
1,<environment.Job instance at 0x7f75aee0db90>,38,1,[5 9],39,65,66,26,47
1,<environment.Job instance at 0x7f75b8a08a50>,40,1,[ 2 11],41,66,67,25,54
1,<environment.Job instance at 0x7f75b8a085a0>,42,1,[9 4],43,76,77,33,55
1,<environment.Job instance at 0x7f75af0e3730>,43,2,[8 3],44,77,79,33,56
1,<environment.Job instance at 0x7f75af514280>,39,18,[6 4],40,67,85,27,57
1,<environment.Job instance at 0x7f75af0de3c0>,46,2,[ 2 13],47,85,87,38,62
1,<environment.Job instance at 0x7f75af0fb960>,50,2,[5 9],51,79,81,28,62
1,<environment.Job instance at 0x7f75af0fbb40>,51,3,[ 3 13],52,87,90,35,62
1,<environment.Job instance at 0x7f75af0fba50>,54,12,[6 3],55,90,102,35,73
1,<environment.Job instance at 0x7f75af10f8c0>,63,3,[1 6],64,81,84,17,74
1,<environment.Job instance at 0x7f75afcbf370>,64,3,[13  1],65,102,105,37,76
1,<environment.Job instance at 0x7f75afcbf4b0>,69,3,[4 7],70,90,93,20,79
1,<environment.Job instance at 0x7f75afcbfc30>,71,12,[1 5],72,90,102,18,79
1,<environment.Job instance at 0x7f75afcb51e0>,80,3,[ 2 12],81,102,105,21,81
1,<environment.Job instance at 0x7f75afcbf190>,70,12,[9 3],71,105,117,34,88
1,<environment.Job instance at 0x7f75afcb5960>,90,1,[6 2],91,93,94,2,91
1,<environment.Job instance at 0x7f75afcb5d70>,93,19,[6 2],94,105,124,11,95
1,<environment.Job instance at 0x7f75afce71e0>,98,16,[6 2],99,117,133,18,104
1,<environment.Job instance at 0x7f75afce7280>,100,13,[ 5 11],101,124,137,23,108
1,<environment.Job instance at 0x7f75af96e960>,1,15,[5 6],2,2,17,0,2
1,<environment.Job instance at 0x7f75af96ec80>,5,1,[5 5],6,6,7,0,6
1,<environment.Job instance at 0x7f75af96edc0>,6,16,[5 4],7,7,23,0,7
1,<environment.Job instance at 0x7f75af97b370>,10,17,[3 5],11,11,28,0,11
1,<environment.Job instance at 0x7f75af97b640>,12,14,[6 5],13,17,31,4,17
1,<environment.Job instance at 0x7f75af5a4370>,8,3,[3 7],9,28,31,19,28
1,<environment.Job instance at 0x7f75af97bdc0>,16,2,[10  4],17,31,33,14,31
1,<environment.Job instance at 0x7f75af97b780>,18,14,[2 6],19,31,45,12,31
1,<environment.Job instance at 0x7f75af97b500>,22,12,[1 7],23,33,45,10,33
1,<environment.Job instance at 0x7f75af97b6e0>,15,13,[10  5],16,45,58,29,45
1,<environment.Job instance at 0x7f75af97b460>,21,15,[4 7],22,45,60,23,45
1,<environment.Job instance at 0x7f75af2ba820>,27,3,[8 3],28,58,61,30,58
1,<environment.Job instance at 0x7f75af2baeb0>,28,1,[ 3 10],29,60,61,31,60
1,<environment.Job instance at 0x7f75af2bae60>,30,2,[3 6],31,61,63,30,61
1,<environment.Job instance at 0x7f75af2ba370>,31,13,[6 4],32,61,74,29,61
1,<environment.Job instance at 0x7f75af97b050>,20,18,[6 4],21,61,79,40,61
1,<environment.Job instance at 0x7f75af2baa00>,24,16,[1 7],25,63,79,38,63
1,<environment.Job instance at 0x7f75af2ba5f0>,23,17,[8 4],24,74,91,50,74
1,<environment.Job instance at 0x7f75af2ba690>,34,15,[5 5],35,79,94,44,79
1,<environment.Job instance at 0x7f75af2bae10>,36,3,[2 7],37,91,94,54,91
1,<environment.Job instance at 0x7f75af2ba410>,38,1,[5 9],39,94,95,55,94
1,<environment.Job instance at 0x7f75af2bac80>,37,16,[8 4],38,94,110,56,94
1,<environment.Job instance at 0x7f75af2bab90>,33,16,[ 4 10],34,95,111,61,95
1,<environment.Job instance at 0x7f75afbe5fa0>,0,12,[3 7],1,1,13,0,1
1,<environment.Job instance at 0x7f75afbe5410>,1,12,[3 7],2,2,14,0,2
1,<environment.Job instance at 0x7f75af1b2eb0>,4,15,[6 2],5,13,28,8,5
1,<environment.Job instance at 0x7f75af1b2e10>,5,14,[7 2],6,14,28,8,6
1,<environment.Job instance at 0x7f75af1b2fa0>,13,3,[ 4 12],14,28,31,14,14
1,<environment.Job instance at 0x7f75af1b2690>,15,1,[5 6],16,31,32,15,16
1,<environment.Job instance at 0x7f75af1b2500>,19,18,[ 2 10],20,32,50,12,21
1,<environment.Job instance at 0x7f75af0830f0>,24,14,[6 2],25,28,42,3,26
1,<environment.Job instance at 0x7f75af1b24b0>,20,13,[13  3],21,42,55,21,33
1,<environment.Job instance at 0x7f75af083280>,31,3,[ 1 13],32,55,58,23,42
1,<environment.Job instance at 0x7f75af083870>,29,16,[4 5],30,58,74,28,45
1,<environment.Job instance at 0x7f75af083460>,35,20,[3 9],36,60,80,24,60
1,<environment.Job instance at 0x7f75af1b26e0>,25,17,[ 4 11],26,80,97,54,69
1,<environment.Job instance at 0x7f75af0834b0>,34,15,[ 4 14],35,97,112,62,85
1,<environment.Job instance at 0x7f75af0836e0>,40,1,[5 4],41,96,97,55,96
1,<environment.Job instance at 0x7f75af1d7780>,42,2,[1 8],43,112,114,69,96
1,<environment.Job instance at 0x7f75af083050>,39,1,[8 3],40,112,113,72,96
1,<environment.Job instance at 0x7f75af1d7910>,43,14,[7 1],44,97,111,53,96
1,<environment.Job instance at 0x7f75af3eba50>,0,12,[3 7],1,1,13,0,1
1,<environment.Job instance at 0x7f75b8a14eb0>,1,12,[3 7],2,2,14,0,2
1,<environment.Job instance at 0x7f75b01f0a00>,8,14,[8 5],9,13,27,4,13
1,<environment.Job instance at 0x7f75af4a7370>,9,1,[6 2],10,14,15,4,14
1,<environment.Job instance at 0x7f75aefe35a0>,7,14,[1 7],8,14,28,6,14
1,<environment.Job instance at 0x7f75af99ed20>,4,15,[6 2],5,15,30,10,15
1,<environment.Job instance at 0x7f75af99e460>,5,14,[7 2],6,27,41,21,27
1,<environment.Job instance at 0x7f75af99e9b0>,6,18,[1 7],7,28,46,21,28
1,<environment.Job instance at 0x7f75af2ba550>,15,1,[5 6],16,30,31,14,30
1,<environment.Job instance at 0x7f75af2ba6e0>,24,14,[6 2],25,31,45,6,31
1,<environment.Job instance at 0x7f75af2bacd0>,14,16,[8 4],15,41,57,26,41
1,<environment.Job instance at 0x7f75af101050>,32,14,[2 8],33,46,60,13,46
1,<environment.Job instance at 0x7f75afbe50f0>,40,1,[5 4],41,57,58,16,57
1,<environment.Job instance at 0x7f75af711b90>,39,1,[8 3],40,57,58,17,57
1,<environment.Job instance at 0x7f75af2ba0f0>,29,16,[4 5],30,58,74,28,58
1,<environment.Job instance at 0x7f75afbe5190>,43,14,[7 1],44,58,72,14,58
1,<environment.Job instance at 0x7f75afbe5960>,42,2,[1 8],43,60,62,17,60
1,<environment.Job instance at 0x7f75af1a2780>,44,16,[10  3],45,73,89,28,73
1,<environment.Job instance at 0x7f75af1a2cd0>,47,1,[1 8],48,74,75,26,74
1,<environment.Job instance at 0x7f75af2baa50>,19,18,[ 2 10],20,75,93,55,75
1,<environment.Job instance at 0x7f75af101b90>,30,18,[9 1],31,89,107,58,89
1,<environment.Job instance at 0x7f75af1a24b0>,52,3,[6 4],53,93,96,40,93
1,<environment.Job instance at 0x7f75af1a2e10>,50,18,[3 7],51,97,115,46,97
1,<environment.Job instance at 0x7f75af1a2aa0>,55,22,[2 5],56,97,119,41,97
1,<environment.Job instance at 0x7f75af1a28c0>,57,17,[5 3],58,107,124,49,107
1,<environment.Job instance at 0x7f75aecd1500>,0,16,[6 3],1,1,17,0,1
1,<environment.Job instance at 0x7f75aeb4c190>,2,13,[4 7],3,3,16,0,3
1,<environment.Job instance at 0x7f75aeb4c3c0>,4,12,[6 2],5,16,28,11,5
1,<environment.Job instance at 0x7f75aeb4ce60>,5,2,[8 2],6,17,19,11,6
1,<environment.Job instance at 0x7f75aeaf5140>,12,12,[2 5],13,19,31,6,13
1,<environment.Job instance at 0x7f75aeb4c2d0>,15,2,[6 2],16,19,21,3,16
1,<environment.Job instance at 0x7f75aeaf5370>,16,13,[ 1 10],17,28,41,11,17
1,<environment.Job instance at 0x7f75aeaf5640>,26,2,[3 9],27,41,43,14,27
1,<environment.Job instance at 0x7f75aeaf55f0>,24,13,[4 5],25,86,99,61,86
1,<environment.Job instance at 0x7f75af67ce10>,28,17,[ 3 11],29,99,116,70,92
1,<environment.Job instance at 0x7f75aeaf54b0>,25,14,[13  3],26,116,130,90,103
1,<environment.Job instance at 0x7f75af67caa0>,30,2,[7 1],31,106,108,75,106
1,<environment.Job instance at 0x7f75af67c4b0>,31,3,[2 6],32,116,119,84,108
1,<environment.Job instance at 0x7f75b010c6e0>,0,16,[6 3],1,1,17,0,1
1,<environment.Job instance at 0x7f75b010cfa0>,1,17,[1 8],2,2,19,0,2
1,<environment.Job instance at 0x7f75b010c820>,4,12,[6 2],5,5,17,0,5
1,<environment.Job instance at 0x7f75afc4da00>,5,2,[8 2],6,17,19,11,17
1,<environment.Job instance at 0x7f75afd19a00>,12,12,[2 5],13,17,29,4,17
1,<environment.Job instance at 0x7f75af6c7dc0>,15,2,[6 2],16,19,21,3,19
1,<environment.Job instance at 0x7f75b89f0cd0>,2,13,[4 7],3,19,32,16,19
1,<environment.Job instance at 0x7f75af6c75a0>,14,12,[9 1],15,21,33,6,21
1,<environment.Job instance at 0x7f75af3d82d0>,8,21,[1 5],9,29,50,20,29
1,<environment.Job instance at 0x7f75b029b7d0>,24,13,[4 5],25,32,45,7,32
1,<environment.Job instance at 0x7f75af2175a0>,11,19,[9 3],12,33,52,21,33
1,<environment.Job instance at 0x7f75b029b730>,26,2,[3 9],27,50,52,23,50
1,<environment.Job instance at 0x7f75af6b37d0>,30,2,[7 1],31,52,54,21,52
1,<environment.Job instance at 0x7f75af6b33c0>,31,3,[2 6],32,52,55,20,52
1,<environment.Job instance at 0x7f75afbb7230>,20,14,[4 8],21,52,66,31,52
1,<environment.Job instance at 0x7f75afbeba00>,34,1,[6 5],35,55,56,20,55
1,<environment.Job instance at 0x7f75af6b3500>,27,14,[10  4],28,56,70,28,56
1,<environment.Job instance at 0x7f75af6c7870>,16,13,[ 1 10],17,66,79,49,66
1,<environment.Job instance at 0x7f75b028cdc0>,39,16,[5 2],40,70,86,30,70
1,<environment.Job instance at 0x7f75b02a3960>,44,13,[8 3],45,79,92,34,79
1,<environment.Job instance at 0x7f75b02a3a50>,46,13,[1 9],47,79,92,32,79
1,<environment.Job instance at 0x7f75af6c80f0>,51,14,[10  1],52,92,106,40,92
1,<environment.Job instance at 0x7f75b02883c0>,37,15,[2 7],38,92,107,54,92
1,<environment.Job instance at 0x7f75b0288550>,35,17,[1 5],36,92,109,56,92
1,<environment.Job instance at 0x7f75af6c8460>,57,18,[7 2],58,106,124,48,106
1,<environment.Job instance at 0x7f75b02aee60>,58,12,[5 2],59,107,119,48,107
1,<environment.Job instance at 0x7f75afbcebe0>,17,16,[ 2 10],18,109,125,91,109
1,<environment.Job instance at 0x7f75afcd2d70>,2,1,[ 4 10],3,3,4,0,3
1,<environment.Job instance at 0x7f75afcd2820>,3,13,[2 7],4,4,17,0,4
1,<environment.Job instance at 0x7f75afcd2aa0>,5,1,[12  1],6,6,7,0,6
1,<environment.Job instance at 0x7f75afba5780>,14,13,[8 4],15,15,28,0,15
1,<environment.Job instance at 0x7f75afba5a50>,17,1,[4 8],18,18,19,0,18
1,<environment.Job instance at 0x7f75b0273e10>,0,19,[8 3],1,1,20,0,1
1,<environment.Job instance at 0x7f75afeddeb0>,2,1,[ 4 10],3,3,4,0,3
1,<environment.Job instance at 0x7f75b0273e60>,3,13,[2 7],4,4,17,0,4
1,<environment.Job instance at 0x7f75af6a5dc0>,4,15,[4 7],5,17,32,12,17
1,<environment.Job instance at 0x7f75aff74910>,11,17,[1 6],12,20,37,8,20
1,<environment.Job instance at 0x7f75b03d92d0>,14,13,[8 4],15,32,45,17,32
1,<environment.Job instance at 0x7f75aff74dc0>,10,17,[6 4],11,32,49,21,32
1,<environment.Job instance at 0x7f75af1f31e0>,17,1,[4 8],18,45,46,27,45
1,<environment.Job instance at 0x7f75af080140>,20,13,[ 5 10],21,46,59,25,46
1,<environment.Job instance at 0x7f75aedc8f50>,23,15,[2 5],24,49,64,25,49
1,<environment.Job instance at 0x7f75afbd17d0>,24,14,[3 7],25,59,73,34,59
1,<environment.Job instance at 0x7f75b028f140>,27,2,[7 3],28,59,61,31,59
1,<environment.Job instance at 0x7f75b00881e0>,19,16,[2 5],20,64,80,44,64
1,<environment.Job instance at 0x7f75b028bfa0>,30,15,[2 7],31,73,88,42,73
1,<environment.Job instance at 0x7f75b028b2d0>,31,18,[6 1],32,73,91,41,73
1,<environment.Job instance at 0x7f75af6c3640>,12,18,[5 5],13,80,98,67,80
1,<environment.Job instance at 0x7f75b028f690>,29,17,[2 9],30,88,105,58,88
1,<environment.Job instance at 0x7f75b02b5f50>,34,14,[5 1],35,91,105,56,91
1,<environment.Job instance at 0x7f75b02ae780>,39,13,[8 5],40,98,111,58,98
1,<environment.Job instance at 0x7f75b02b53c0>,35,14,[2 8],36,105,119,69,105
1,<environment.Job instance at 0x7f75b0182eb0>,0,1,[3 6],1,1,2,0,1
1,<environment.Job instance at 0x7f75b0182af0>,1,3,[8 5],2,2,5,0,2
1,<environment.Job instance at 0x7f75afd739b0>,6,2,[3 8],7,7,9,0,7
1,<environment.Job instance at 0x7f75af1176e0>,7,1,[8 4],8,8,9,0,8
1,<environment.Job instance at 0x7f75b89ae640>,8,14,[5 7],9,9,23,0,9
1,<environment.Job instance at 0x7f75b89ae0f0>,9,15,[7 2],10,10,25,0,10
1,<environment.Job instance at 0x7f75b89ae050>,11,3,[ 4 13],12,23,26,11,12
1,<environment.Job instance at 0x7f75aff150a0>,16,2,[4 7],17,26,28,9,17
1,<environment.Job instance at 0x7f75b0327f50>,19,21,[4 5],20,26,47,6,20
1,<environment.Job instance at 0x7f75b0327280>,27,2,[6 5],28,29,31,1,29
1,<environment.Job instance at 0x7f75b0327230>,21,28,[7 3],22,31,59,9,30
1,<environment.Job instance at 0x7f75b0327960>,25,18,[ 2 11],26,47,65,21,36
1,<environment.Job instance at 0x7f75af0850a0>,33,3,[6 1],34,47,50,13,41
1,<environment.Job instance at 0x7f75af085dc0>,34,3,[1 9],35,65,68,30,42
1,<environment.Job instance at 0x7f75af41c6e0>,36,3,[9 5],37,65,68,28,42
1,<environment.Job instance at 0x7f75af41c5a0>,37,3,[8 1],38,59,62,21,45
1,<environment.Job instance at 0x7f75af41caa0>,41,2,[7 1],42,62,64,20,54
1,<environment.Job instance at 0x7f75af4f19b0>,45,3,[9 5],46,68,71,22,54
1,<environment.Job instance at 0x7f75b035a9b0>,51,17,[5 5],52,68,85,16,56
1,<environment.Job instance at 0x7f75b035ac30>,52,2,[6 1],53,56,58,3,56
1,<environment.Job instance at 0x7f75af41c370>,42,15,[8 2],43,71,86,28,57
1,<environment.Job instance at 0x7f75b035acd0>,53,17,[3 8],54,85,102,31,73
1,<environment.Job instance at 0x7f75b003da50>,56,18,[5 5],57,86,104,29,75
1,<environment.Job instance at 0x7f75af032e60>,57,14,[5 7],58,102,116,44,87
1,<environment.Job instance at 0x7f75b035ae60>,55,16,[3 7],56,104,120,48,97
1,<environment.Job instance at 0x7f75afa23a50>,59,16,[4 7],60,116,132,56,103
1,<environment.Job instance at 0x7f75afa237d0>,61,2,[12  1],62,132,134,70,105
1,<environment.Job instance at 0x7f75aece0730>,62,1,[7 3],63,120,121,57,105
1,<environment.Job instance at 0x7f75afa23aa0>,60,3,[6 4],61,121,124,60,105
1,<environment.Job instance at 0x7f75b8ebe0f0>,0,1,[3 6],1,1,2,0,1
1,<environment.Job instance at 0x7f75afba5be0>,1,3,[8 5],2,2,5,0,2
1,<environment.Job instance at 0x7f75b8ebed20>,2,21,[4 5],3,3,24,0,3
1,<environment.Job instance at 0x7f75afcd2500>,3,16,[10  1],4,5,21,1,5
1,<environment.Job instance at 0x7f75b0115500>,7,1,[8 4],8,21,22,13,21
1,<environment.Job instance at 0x7f75b8ebe370>,6,2,[3 8],7,22,24,15,22
1,<environment.Job instance at 0x7f75af217730>,9,15,[7 2],10,22,37,12,22
1,<environment.Job instance at 0x7f75afcd2140>,8,14,[5 7],9,24,38,15,24
1,<environment.Job instance at 0x7f75af6c7460>,12,12,[9 1],13,37,49,24,37
1,<environment.Job instance at 0x7f75af6a6870>,16,2,[4 7],17,38,40,21,38
1,<environment.Job instance at 0x7f75b029bd70>,20,17,[2 6],21,40,57,19,40
1,<environment.Job instance at 0x7f75b0115960>,5,18,[2 8],6,40,58,34,40
1,<environment.Job instance at 0x7f75af2175a0>,10,18,[9 1],11,49,67,38,49
1,<environment.Job instance at 0x7f75b02885a0>,27,2,[6 5],28,58,60,30,58
1,<environment.Job instance at 0x7f75b0288550>,26,12,[ 1 10],27,60,72,33,60
1,<environment.Job instance at 0x7f75b02a3a50>,33,3,[6 1],34,67,70,33,67
1,<environment.Job instance at 0x7f75afcd2e10>,4,18,[8 2],5,67,85,62,67
1,<environment.Job instance at 0x7f75b02a30a0>,34,3,[1 9],35,72,75,37,72
1,<environment.Job instance at 0x7f75b028cf00>,31,15,[4 7],32,75,90,43,75
1,<environment.Job instance at 0x7f75af6c8c80>,36,3,[9 5],37,85,88,48,85
1,<environment.Job instance at 0x7f75af6c8b40>,37,3,[8 1],38,88,91,50,88
1,<environment.Job instance at 0x7f75af6c80f0>,41,2,[7 1],42,90,92,48,90
1,<environment.Job instance at 0x7f75b02aebe0>,42,15,[8 2],43,91,106,48,91
1,<environment.Job instance at 0x7f75b02a3820>,35,15,[4 8],36,92,107,56,92
1,<environment.Job instance at 0x7f75b02ae050>,45,3,[9 5],46,106,109,60,106
1,<environment.Job instance at 0x7f75b02b5640>,47,16,[4 6],48,107,123,59,107
1,<environment.Job instance at 0x7f75b028feb0>,52,2,[6 1],53,109,111,56,109
1,<environment.Job instance at 0x7f75b028b2d0>,51,17,[5 5],52,109,126,57,109
1,<environment.Job instance at 0x7f75b89a4820>,0,13,[4 6],1,1,14,0,1
1,<environment.Job instance at 0x7f75b89a41e0>,3,3,[1 6],4,4,7,0,4
1,<environment.Job instance at 0x7f75b89a4910>,6,2,[3 9],7,7,9,0,7
1,<environment.Job instance at 0x7f75b89a4a50>,9,1,[ 3 13],10,14,15,4,10
1,<environment.Job instance at 0x7f75b89a4be0>,12,14,[6 1],13,13,27,0,13
1,<environment.Job instance at 0x7f75afab22d0>,17,2,[1 5],18,18,20,0,18
1,<environment.Job instance at 0x7f75b8ebe280>,5,15,[5 9],6,22,37,16,22
1,<environment.Job instance at 0x7f75afab24b0>,19,17,[10  3],20,27,44,7,23
1,<environment.Job instance at 0x7f75afab2230>,22,12,[4 7],23,37,49,14,23
1,<environment.Job instance at 0x7f75afab2e60>,23,15,[6 4],24,44,59,20,30
1,<environment.Job instance at 0x7f75b03fb460>,28,3,[5 9],29,49,52,20,30
1,<environment.Job instance at 0x7f75b03fbaa0>,34,3,[1 9],35,52,55,17,36
1,<environment.Job instance at 0x7f75afab26e0>,26,19,[5 4],27,55,74,28,45
1,<environment.Job instance at 0x7f75b03fb0f0>,37,3,[13  5],38,74,77,36,48
1,<environment.Job instance at 0x7f75b03fb0a0>,38,18,[5 9],39,77,95,38,66
1,<environment.Job instance at 0x7f75b03fb190>,39,2,[5 5],40,66,68,26,66
1,<environment.Job instance at 0x7f75b03fb1e0>,40,1,[9 3],41,68,69,27,66
1,<environment.Job instance at 0x7f75b03fb5a0>,41,3,[1 6],42,66,69,24,66
1,<environment.Job instance at 0x7f75b03fbf50>,42,20,[3 6],43,77,97,34,68
1,<environment.Job instance at 0x7f75af130b90>,47,1,[8 4],48,95,96,47,77
1,<environment.Job instance at 0x7f75af130eb0>,49,23,[6 1],50,96,119,46,90
1,<environment.Job instance at 0x7f75af130190>,51,2,[5 9],52,97,99,45,90
1,<environment.Job instance at 0x7f75af130c30>,53,3,[11  2],54,119,122,65,93
1,<environment.Job instance at 0x7f75af130280>,48,16,[7 4],49,99,115,50,94
1,<environment.Job instance at 0x7f75af2c1c30>,0,13,[4 6],1,1,14,0,1
1,<environment.Job instance at 0x7f75aec3f5f0>,3,3,[1 6],4,4,7,0,4
1,<environment.Job instance at 0x7f75b89a45a0>,6,2,[3 9],7,7,9,0,7
1,<environment.Job instance at 0x7f75aec3f640>,5,15,[5 9],6,9,24,3,9
1,<environment.Job instance at 0x7f75af452b40>,12,14,[6 1],13,14,28,1,14
1,<environment.Job instance at 0x7f75b89a4a00>,8,16,[3 5],9,14,30,5,14
1,<environment.Job instance at 0x7f75af452640>,17,2,[1 5],18,24,26,6,24
1,<environment.Job instance at 0x7f75b8a81500>,22,12,[4 7],23,26,38,3,26
1,<environment.Job instance at 0x7f75b8a81730>,23,15,[6 4],24,30,45,6,30
1,<environment.Job instance at 0x7f75b8a810f0>,25,15,[ 5 10],26,38,53,12,38
1,<environment.Job instance at 0x7f75af2c1d70>,4,17,[10  4],5,45,62,40,45
1,<environment.Job instance at 0x7f75afc915f0>,28,3,[5 9],29,53,56,24,53
1,<environment.Job instance at 0x7f75b8a812d0>,24,17,[3 8],25,56,73,31,56
1,<environment.Job instance at 0x7f75afc91910>,31,16,[10  3],32,62,78,30,62
1,<environment.Job instance at 0x7f75afc91d20>,34,3,[1 9],35,73,76,38,73
1,<environment.Job instance at 0x7f75b8a813c0>,27,17,[ 2 10],28,76,93,48,76
1,<environment.Job instance at 0x7f75afc91dc0>,35,15,[6 5],36,78,93,42,78
1,<environment.Job instance at 0x7f75afc91780>,39,2,[5 5],40,93,95,53,93
1,<environment.Job instance at 0x7f75afc91f00>,40,1,[9 3],41,93,94,52,93
1,<environment.Job instance at 0x7f75afc91730>,41,3,[1 6],42,93,96,51,93
1,<environment.Job instance at 0x7f75afc916e0>,29,18,[9 2],30,94,112,64,94
1,<environment.Job instance at 0x7f75af0ac410>,43,18,[ 3 10],44,96,114,52,96
1,<environment.Job instance at 0x7f75af602fa0>,0,1,[ 3 10],1,1,2,0,1
1,<environment.Job instance at 0x7f75af602960>,1,12,[5 9],2,2,14,0,2
1,<environment.Job instance at 0x7f75af602a50>,2,3,[7 4],3,3,6,0,3
1,<environment.Job instance at 0x7f75af602dc0>,3,1,[8 2],4,6,7,2,4
1,<environment.Job instance at 0x7f75af2fc5a0>,5,1,[ 3 10],6,14,15,8,8
1,<environment.Job instance at 0x7f75af2fc640>,10,1,[5 8],11,15,16,4,11
1,<environment.Job instance at 0x7f75af2fcbe0>,8,1,[4 6],9,11,12,2,11
1,<environment.Job instance at 0x7f75b03fb730>,6,2,[14  2],7,16,18,9,14
1,<environment.Job instance at 0x7f75af2fcc30>,12,21,[1 7],13,15,36,2,14
1,<environment.Job instance at 0x7f75af2fc820>,15,16,[5 4],16,18,34,2,16
1,<environment.Job instance at 0x7f75af2fcd20>,16,3,[2 6],17,34,37,17,17
1,<environment.Job instance at 0x7f75af2fcc80>,17,3,[9 3],18,18,21,0,18
1,<environment.Job instance at 0x7f75af166a00>,21,3,[5 3],22,22,25,0,22
1,<environment.Job instance at 0x7f75af2fc960>,7,18,[7 1],8,25,43,17,24
1,<environment.Job instance at 0x7f75af1660f0>,22,21,[3 7],23,36,57,13,28
1,<environment.Job instance at 0x7f75af166140>,26,3,[10  4],27,43,46,16,33
1,<environment.Job instance at 0x7f75af165960>,30,12,[4 9],31,57,69,26,40
1,<environment.Job instance at 0x7f75af1654b0>,33,22,[1 8],34,69,91,35,62
1,<environment.Job instance at 0x7f75af165b40>,34,18,[2 5],35,62,80,27,62
1,<environment.Job instance at 0x7f75af165640>,35,2,[ 4 11],36,91,93,55,64
1,<environment.Job instance at 0x7f75af8ac050>,38,15,[1 7],39,93,108,54,79
1,<environment.Job instance at 0x7f75af8ac9b0>,39,17,[13  2],40,93,110,53,81
1,<environment.Job instance at 0x7f75af8acc30>,42,13,[8 3],43,110,123,67,94
1,<environment.Job instance at 0x7f75af6b6500>,0,1,[ 3 10],1,1,2,0,1
1,<environment.Job instance at 0x7f75af6b63c0>,1,12,[5 9],2,2,14,0,2
1,<environment.Job instance at 0x7f75af6b61e0>,2,3,[7 4],3,3,6,0,3
1,<environment.Job instance at 0x7f75af6b65a0>,3,1,[8 2],4,6,7,2,6
1,<environment.Job instance at 0x7f75af6b66e0>,7,18,[7 1],8,8,26,0,8
1,<environment.Job instance at 0x7f75af6b6320>,8,1,[4 6],9,14,15,5,14
1,<environment.Job instance at 0x7f75af6b6f00>,5,1,[ 3 10],6,15,16,9,15
1,<environment.Job instance at 0x7f75af6b6230>,10,1,[5 8],11,16,17,5,16
1,<environment.Job instance at 0x7f75af3ae960>,16,3,[2 6],17,17,20,0,17
1,<environment.Job instance at 0x7f75af3ae0a0>,15,16,[5 4],16,17,33,1,17
1,<environment.Job instance at 0x7f75af6b6870>,9,18,[ 3 10],10,20,38,10,20
1,<environment.Job instance at 0x7f75af3ae820>,17,3,[9 3],18,33,36,15,33
1,<environment.Job instance at 0x7f75af3aeb90>,21,3,[5 3],22,36,39,14,36
1,<environment.Job instance at 0x7f75af3ae870>,26,3,[10  4],27,38,41,11,38
1,<environment.Job instance at 0x7f75af3aee60>,30,12,[4 9],31,39,51,8,39
1,<environment.Job instance at 0x7f75b8a81370>,31,12,[7 2],32,41,53,9,41
1,<environment.Job instance at 0x7f75af3ae640>,23,15,[ 3 10],24,51,66,27,51
1,<environment.Job instance at 0x7f75af3ae550>,28,16,[10  1],29,53,69,24,53
1,<environment.Job instance at 0x7f75af2fce60>,38,15,[1 7],39,66,81,27,66
1,<environment.Job instance at 0x7f75af3ae7d0>,20,17,[4 6],21,66,83,45,66
1,<environment.Job instance at 0x7f75af8c99b0>,41,12,[1 9],42,81,93,39,81
1,<environment.Job instance at 0x7f75af8c9af0>,42,13,[8 3],43,83,96,40,83
1,<environment.Job instance at 0x7f75af8c9960>,43,12,[ 3 10],44,93,105,49,93
1,<environment.Job instance at 0x7f75af8c95f0>,44,15,[8 2],45,96,111,51,96
1,<environment.Job instance at 0x7f75af3aefa0>,27,17,[5 6],28,105,122,77,105
1,<environment.Job instance at 0x7f75af166460>,47,18,[1 6],48,105,123,57,105
1,<environment.Job instance at 0x7f75af532b40>,2,12,[3 7],3,3,15,0,3
1,<environment.Job instance at 0x7f75af5329b0>,3,13,[3 7],4,4,17,0,4
1,<environment.Job instance at 0x7f75af8dd780>,2,12,[3 7],3,3,15,0,3
1,<environment.Job instance at 0x7f75af8dd4b0>,3,13,[3 7],4,4,17,0,4
1,<environment.Job instance at 0x7f75af8e3190>,9,18,[6 1],10,10,28,0,10
1,<environment.Job instance at 0x7f75af8e3230>,12,2,[3 9],13,17,19,4,17
1,<environment.Job instance at 0x7f75af8e39b0>,16,3,[6 3],17,17,20,0,17
1,<environment.Job instance at 0x7f75af8e3c30>,18,2,[5 7],19,20,22,1,20
1,<environment.Job instance at 0x7f75af8e3be0>,17,12,[4 8],18,22,34,4,22
1,<environment.Job instance at 0x7f75af8e38c0>,15,16,[5 1],16,22,38,6,22
1,<environment.Job instance at 0x7f75b02f9fa0>,22,1,[1 5],23,28,29,5,28
1,<environment.Job instance at 0x7f75b02f9b40>,26,13,[5 8],27,34,47,7,34
1,<environment.Job instance at 0x7f75b02f9820>,31,12,[3 5],32,38,50,6,38
1,<environment.Job instance at 0x7f75af8e1b40>,33,14,[6 2],34,47,61,13,47
1,<environment.Job instance at 0x7f75af8e1d20>,34,2,[5 5],35,47,49,12,47
1,<environment.Job instance at 0x7f75b02f96e0>,24,14,[3 7],25,49,63,24,49
1,<environment.Job instance at 0x7f75af8e1e10>,37,12,[5 5],38,61,73,23,61
1,<environment.Job instance at 0x7f75af8e1a50>,41,14,[5 4],42,63,77,21,63
1,<environment.Job instance at 0x7f75af8e1a00>,38,16,[4 6],39,63,79,24,63
1,<environment.Job instance at 0x7f75afaf0460>,43,12,[3 8],44,77,89,33,77
1,<environment.Job instance at 0x7f75af602cd0>,46,14,[8 4],47,79,93,32,79
1,<environment.Job instance at 0x7f75b02e2d70>,48,12,[ 4 10],49,89,101,40,89
1,<environment.Job instance at 0x7f75af2fc4b0>,54,1,[9 4],55,93,94,38,93
1,<environment.Job instance at 0x7f75b8a816e0>,58,15,[10  3],59,94,109,35,94
1,<environment.Job instance at 0x7f75af8c9af0>,53,13,[2 9],54,101,114,47,101
1,<environment.Job instance at 0x7f75b8a814b0>,60,17,[6 3],61,109,126,48,109
1,<environment.Job instance at 0x7f75b8a813c0>,61,17,[7 1],62,109,126,47,109
1,<environment.Job instance at 0x7f75af7b0c30>,2,1,[9 2],3,3,4,0,3
1,<environment.Job instance at 0x7f75af7b06e0>,3,3,[5 1],4,4,7,0,4
1,<environment.Job instance at 0x7f75af624af0>,4,20,[2 5],5,5,25,0,5
1,<environment.Job instance at 0x7f75af7d7460>,5,3,[1 7],6,6,9,0,6
1,<environment.Job instance at 0x7f75af7d3f50>,9,16,[6 1],10,10,26,0,10
1,<environment.Job instance at 0x7f75af7a5fa0>,20,1,[3 6],21,21,22,0,21
1,<environment.Job instance at 0x7f75af7a5c30>,23,14,[9 1],24,25,39,1,24
1,<environment.Job instance at 0x7f75af7a5050>,24,15,[2 5],25,26,41,1,25
1,<environment.Job instance at 0x7f75af7a5820>,25,1,[5 9],26,39,40,13,26
1,<environment.Job instance at 0x7f75af7a5aa0>,26,3,[6 3],27,40,43,13,27
1,<environment.Job instance at 0x7f75af7a5f50>,28,14,[ 2 10],29,41,55,12,29
1,<environment.Job instance at 0x7f75af7a5b40>,31,12,[7 5],32,43,55,11,32
1,<environment.Job instance at 0x7f75aee80b90>,33,2,[ 1 13],34,55,57,21,34
1,<environment.Job instance at 0x7f75aebe5e10>,34,3,[3 6],35,35,38,0,35
1,<environment.Job instance at 0x7f75afe49af0>,38,13,[1 7],39,57,70,18,43
1,<environment.Job instance at 0x7f75afe49500>,41,1,[8 1],42,55,56,13,43
1,<environment.Job instance at 0x7f75af3c2cd0>,44,17,[8 3],45,57,74,12,47
1,<environment.Job instance at 0x7f75afe49f00>,46,3,[3 8],47,70,73,23,47
1,<environment.Job instance at 0x7f75af3a7690>,52,1,[ 2 14],53,74,75,21,55
1,<environment.Job instance at 0x7f75af752a50>,51,1,[12  5],52,75,76,23,60
1,<environment.Job instance at 0x7f75af752370>,54,2,[14  3],55,76,78,21,61
1,<environment.Job instance at 0x7f75af752410>,56,3,[4 7],57,78,81,21,65
1,<environment.Job instance at 0x7f75af752140>,57,1,[5 1],58,67,68,9,67
1,<environment.Job instance at 0x7f75aeed2410>,58,18,[5 5],59,78,96,19,67
1,<environment.Job instance at 0x7f75af752640>,48,15,[3 7],49,82,97,33,82
1,<environment.Job instance at 0x7f75aeed2500>,60,2,[5 7],61,96,98,35,82
1,<environment.Job instance at 0x7f75aeed2050>,59,15,[ 1 10],60,98,113,38,91
1,<environment.Job instance at 0x7f75aeed2a00>,62,18,[10  4],63,97,115,34,91
1,<environment.Job instance at 0x7f75aeed25a0>,63,17,[ 3 11],64,113,130,49,103
1,<environment.Job instance at 0x7f75af3aec80>,2,1,[9 2],3,3,4,0,3
1,<environment.Job instance at 0x7f75af3aedc0>,3,3,[5 1],4,4,7,0,4
1,<environment.Job instance at 0x7f75af3ae4b0>,4,20,[2 5],5,5,25,0,5
1,<environment.Job instance at 0x7f75af3aef00>,5,3,[1 7],6,6,9,0,6
1,<environment.Job instance at 0x7f75af3aefa0>,6,17,[10  3],7,7,24,0,7
1,<environment.Job instance at 0x7f75b8a815a0>,12,13,[ 4 10],13,24,37,11,24
1,<environment.Job instance at 0x7f75b8a816e0>,13,15,[8 5],14,25,40,11,25
1,<environment.Job instance at 0x7f75b8a815f0>,15,12,[1 7],16,37,49,21,37
1,<environment.Job instance at 0x7f75b8a81460>,9,16,[6 1],10,37,53,27,37
1,<environment.Job instance at 0x7f75b02f9b40>,20,1,[3 6],21,40,41,19,40
1,<environment.Job instance at 0x7f75b02f9cd0>,24,15,[2 5],25,41,56,16,41
1,<environment.Job instance at 0x7f75af0259b0>,25,1,[5 9],26,49,50,23,49
1,<environment.Job instance at 0x7f75aeb7ebe0>,26,3,[6 3],27,50,53,23,50
1,<environment.Job instance at 0x7f75b02f99b0>,23,14,[9 1],24,53,67,29,53
1,<environment.Job instance at 0x7f75b02f9eb0>,28,14,[ 2 10],29,56,70,27,56
1,<environment.Job instance at 0x7f75aff27280>,31,12,[7 5],32,67,79,35,67
1,<environment.Job instance at 0x7f75af60dcd0>,34,3,[3 6],35,70,73,35,70
1,<environment.Job instance at 0x7f75afa3ccd0>,38,13,[1 7],39,73,86,34,73
1,<environment.Job instance at 0x7f75af30b3c0>,41,1,[8 1],42,79,80,37,79
1,<environment.Job instance at 0x7f75af30baf0>,42,18,[4 5],43,79,97,36,79
1,<environment.Job instance at 0x7f75af3aeb90>,8,16,[9 2],9,80,96,71,80
1,<environment.Job instance at 0x7f75b005fa50>,45,14,[9 3],46,96,110,50,96
1,<environment.Job instance at 0x7f75b005fe60>,46,3,[3 8],47,97,100,50,97
1,<environment.Job instance at 0x7f75b005f140>,48,15,[3 7],49,100,115,51,100
1,<environment.Job instance at 0x7f75aee409b0>,5,2,[4 8],6,6,8,0,6
1,<environment.Job instance at 0x7f75aee40e10>,9,14,[7 1],10,12,26,2,12
1,<environment.Job instance at 0x7f75aee40c80>,12,17,[5 5],13,13,30,0,13
1,<environment.Job instance at 0x7f75aee40320>,11,22,[2 6],12,15,37,3,15
1,<environment.Job instance at 0x7f75aee40a00>,13,16,[5 5],14,30,46,16,17
1,<environment.Job instance at 0x7f75aee40aa0>,10,28,[6 1],11,26,54,15,25
1,<environment.Job instance at 0x7f75aee40550>,14,20,[1 5],15,37,57,22,33
1,<environment.Job instance at 0x7f75aee40be0>,16,17,[9 1],17,54,71,37,42
1,<environment.Job instance at 0x7f75aee40460>,18,3,[5 9],19,46,49,27,42
1,<environment.Job instance at 0x7f75afc83820>,19,14,[4 6],20,49,63,29,42
1,<environment.Job instance at 0x7f75afc837d0>,20,18,[ 5 11],21,63,81,42,57
1,<environment.Job instance at 0x7f75afc83730>,21,1,[6 3],22,71,72,49,57
1,<environment.Job instance at 0x7f75afc834b0>,22,1,[14  4],23,81,82,58,57
1,<environment.Job instance at 0x7f75afc838c0>,23,3,[11  4],24,82,85,58,57
1,<environment.Job instance at 0x7f75b8a7a730>,0,20,[9 3],1,1,21,0,1
1,<environment.Job instance at 0x7f75aeb7ebe0>,5,2,[4 8],6,6,8,0,6
1,<environment.Job instance at 0x7f75afca7c30>,11,22,[2 6],12,12,34,0,12
1,<environment.Job instance at 0x7f75afca7fa0>,14,20,[1 5],15,15,35,0,15
1,<environment.Job instance at 0x7f75aee2d7d0>,9,14,[7 1],10,21,35,11,21
1,<environment.Job instance at 0x7f75afca7dc0>,13,16,[5 5],14,34,50,20,34
1,<environment.Job instance at 0x7f75af46da00>,18,3,[5 9],19,35,38,16,35
1,<environment.Job instance at 0x7f75b8f1ad70>,19,14,[4 6],20,38,52,18,38
1,<environment.Job instance at 0x7f75b8f1a1e0>,21,1,[6 3],22,38,39,16,38
1,<environment.Job instance at 0x7f75aefa2f50>,25,1,[9 4],26,50,51,24,50
1,<environment.Job instance at 0x7f75b0383730>,7,16,[8 2],8,51,67,43,51
1,<environment.Job instance at 0x7f75b0184280>,12,17,[5 5],13,52,69,39,52
1,<environment.Job instance at 0x7f75aecd1be0>,32,2,[4 8],33,67,69,34,67
1,<environment.Job instance at 0x7f75af154460>,16,17,[9 1],17,70,87,53,70
1,<environment.Job instance at 0x7f75aecd1d20>,36,14,[3 7],37,70,84,33,70
1,<environment.Job instance at 0x7f75b01eb140>,35,21,[1 7],36,70,91,34,70
1,<environment.Job instance at 0x7f75b01eb370>,40,12,[9 1],41,87,99,46,87
1,<environment.Job instance at 0x7f75aff919b0>,29,18,[6 5],30,92,110,62,92
1,<environment.Job instance at 0x7f75b01dd5a0>,39,12,[8 5],40,99,111,59,99
1,<environment.Job instance at 0x7f75af01c280>,0,1,[10  1],1,1,2,0,1
1,<environment.Job instance at 0x7f75afcd3910>,1,3,[8 2],2,2,5,0,2
1,<environment.Job instance at 0x7f75aefe6aa0>,4,13,[5 2],5,5,18,0,5
1,<environment.Job instance at 0x7f75aefe6c80>,6,13,[8 4],7,7,20,0,7
1,<environment.Job instance at 0x7f75aefe68c0>,10,21,[ 1 14],11,20,41,9,13
1,<environment.Job instance at 0x7f75b89f0aa0>,11,2,[4 6],12,18,20,6,14
1,<environment.Job instance at 0x7f75aeafb410>,14,3,[3 5],15,41,44,26,15
1,<environment.Job instance at 0x7f75aeafb780>,15,1,[5 2],16,41,42,25,22
1,<environment.Job instance at 0x7f75aec140f0>,17,1,[ 3 10],18,42,43,24,28
1,<environment.Job instance at 0x7f75b89f0fa0>,13,19,[10  2],14,43,62,29,42
1,<environment.Job instance at 0x7f75aec14dc0>,18,14,[5 7],19,77,91,58,77
1,<environment.Job instance at 0x7f75aec14190>,20,2,[6 2],21,77,79,56,77
1,<environment.Job instance at 0x7f75b89f09b0>,9,14,[ 1 14],10,91,105,81,77
1,<environment.Job instance at 0x7f75aec14960>,22,13,[3 6],23,77,90,54,77
1,<environment.Job instance at 0x7f75aec14d70>,23,17,[4 6],24,105,122,81,93
1,<environment.Job instance at 0x7f75b0329280>,24,20,[7 1],25,94,114,69,94
1,<environment.Job instance at 0x7f75b03296e0>,25,13,[ 2 10],26,122,135,96,106
1,<environment.Job instance at 0x7f75b89a35a0>,26,2,[ 5 10],27,135,137,108,108
1,<environment.Job instance at 0x7f75b03a55a0>,0,1,[10  1],1,1,2,0,1
1,<environment.Job instance at 0x7f75b03a57d0>,1,3,[8 2],2,2,5,0,2
1,<environment.Job instance at 0x7f75af650320>,4,13,[5 2],5,5,18,0,5
1,<environment.Job instance at 0x7f75aecd1550>,6,13,[8 4],7,7,20,0,7
1,<environment.Job instance at 0x7f75afca75a0>,11,2,[4 6],12,18,20,6,18
1,<environment.Job instance at 0x7f75aee68280>,14,3,[3 5],15,18,21,3,18
1,<environment.Job instance at 0x7f75aef3bbe0>,17,1,[ 3 10],18,20,21,2,20
1,<environment.Job instance at 0x7f75af4791e0>,15,1,[5 2],16,21,22,5,21
1,<environment.Job instance at 0x7f75aee56280>,20,2,[6 2],21,21,23,0,21
1,<environment.Job instance at 0x7f75afca7fa0>,18,14,[5 7],19,22,36,3,22
1,<environment.Job instance at 0x7f75aee560f0>,22,13,[3 6],23,23,36,0,23
1,<environment.Job instance at 0x7f75afd475f0>,26,2,[ 5 10],27,36,38,9,36
1,<environment.Job instance at 0x7f75aebc8820>,30,12,[10  4],31,36,48,5,36
1,<environment.Job instance at 0x7f75af255140>,25,13,[ 2 10],26,38,51,12,38
1,<environment.Job instance at 0x7f75af820c30>,31,1,[6 5],32,48,49,16,48
1,<environment.Job instance at 0x7f75afbd5910>,32,15,[6 1],33,49,64,16,49
1,<environment.Job instance at 0x7f75aeb38be0>,34,17,[5 2],35,49,66,14,49
1,<environment.Job instance at 0x7f75af65a3c0>,37,1,[ 4 10],38,51,52,13,51
1,<environment.Job instance at 0x7f75af8469b0>,23,17,[4 6],24,52,69,28,52
1,<environment.Job instance at 0x7f75afbd5230>,33,17,[2 7],34,64,81,30,64
1,<environment.Job instance at 0x7f75b01a1dc0>,42,3,[5 2],43,66,69,23,66
1,<environment.Job instance at 0x7f75aee82190>,46,1,[2 8],47,69,70,22,69
1,<environment.Job instance at 0x7f75b0451140>,12,18,[10  5],13,70,88,57,70
1,<environment.Job instance at 0x7f75b01f7eb0>,47,2,[ 5 10],48,81,83,33,81
1,<environment.Job instance at 0x7f75afbb7320>,43,3,[ 1 10],44,83,86,39,83
1,<environment.Job instance at 0x7f75af8dcc30>,40,13,[3 9],41,86,99,45,86
1,<environment.Job instance at 0x7f75af853dc0>,52,3,[6 5],53,88,91,35,88
1,<environment.Job instance at 0x7f75af290c80>,53,13,[6 3],54,91,104,37,91
1,<environment.Job instance at 0x7f75af8536e0>,56,1,[1 5],57,99,100,42,99
1,<environment.Job instance at 0x7f75af343a50>,51,14,[3 7],52,99,113,47,99
1,<environment.Job instance at 0x7f75af28f050>,49,16,[5 4],50,100,116,50,100
1,<environment.Job instance at 0x7f75aebe55a0>,4,3,[7 3],5,5,8,0,5
1,<environment.Job instance at 0x7f75aebe59b0>,7,15,[5 6],8,8,23,0,8
1,<environment.Job instance at 0x7f75aebe5be0>,8,3,[9 1],9,9,12,0,9
1,<environment.Job instance at 0x7f75aebe5370>,9,1,[2 7],10,12,13,2,10
1,<environment.Job instance at 0x7f75aebe5c30>,17,14,[14  1],18,23,37,5,19
1,<environment.Job instance at 0x7f75af804320>,23,3,[4 7],24,37,40,13,24
1,<environment.Job instance at 0x7f75af804d70>,24,2,[6 4],25,37,39,12,25
1,<environment.Job instance at 0x7f75af8046e0>,26,2,[12  3],27,40,42,13,27
1,<environment.Job instance at 0x7f75af804730>,27,3,[ 4 10],28,42,45,14,28
1,<environment.Job instance at 0x7f75af804f00>,30,2,[ 5 10],31,45,47,14,34
1,<environment.Job instance at 0x7f75af804d20>,32,3,[2 6],33,39,42,6,34
1,<environment.Job instance at 0x7f75aeecd7d0>,34,1,[5 5],35,42,43,7,37
1,<environment.Job instance at 0x7f75aeecd870>,35,20,[5 3],36,43,63,7,38
1,<environment.Job instance at 0x7f75b01815a0>,39,12,[1 9],40,47,59,7,40
1,<environment.Job instance at 0x7f75aebe5c80>,15,13,[ 2 11],16,59,72,43,44
1,<environment.Job instance at 0x7f75aeecd500>,37,12,[14  5],38,72,84,34,55
1,<environment.Job instance at 0x7f75b0181640>,45,1,[13  4],46,84,85,38,73
1,<environment.Job instance at 0x7f75aebb7e60>,0,20,[9 1],1,1,21,0,1
1,<environment.Job instance at 0x7f75afa296e0>,1,22,[3 5],2,2,24,0,2
1,<environment.Job instance at 0x7f75aee2ea00>,3,18,[3 8],4,4,22,0,4
1,<environment.Job instance at 0x7f75b01c4960>,8,3,[9 1],9,21,24,12,21
1,<environment.Job instance at 0x7f75aec29910>,9,1,[2 7],10,22,23,12,22
1,<environment.Job instance at 0x7f75aec508c0>,14,14,[1 5],15,23,37,8,23
1,<environment.Job instance at 0x7f75af251460>,4,3,[7 3],5,24,27,19,24
1,<environment.Job instance at 0x7f75afbebb40>,23,3,[4 7],24,24,27,0,24
1,<environment.Job instance at 0x7f75afbeb870>,24,2,[6 4],25,27,29,2,27
1,<environment.Job instance at 0x7f75aec29b40>,7,15,[5 6],8,27,42,19,27
1,<environment.Job instance at 0x7f75aee28870>,29,16,[6 4],30,30,46,0,30
1,<environment.Job instance at 0x7f75af14b0f0>,30,2,[ 5 10],31,42,44,11,42
1,<environment.Job instance at 0x7f75af22a140>,34,1,[5 5],35,44,45,9,44
1,<environment.Job instance at 0x7f75af22adc0>,32,3,[2 6],33,44,47,11,44
1,<environment.Job instance at 0x7f75aef4caf0>,39,12,[1 9],40,46,58,6,46
1,<environment.Job instance at 0x7f75af333e60>,42,16,[4 6],43,47,63,4,47
1,<environment.Job instance at 0x7f75af8c8af0>,53,14,[8 3],54,58,72,4,58
1,<environment.Job instance at 0x7f75afbebe60>,27,3,[ 4 10],28,63,66,35,63
1,<environment.Job instance at 0x7f75af83d3c0>,19,17,[5 7],20,66,83,46,66
1,<environment.Job instance at 0x7f75af325320>,54,13,[10  2],55,72,85,17,72
1,<environment.Job instance at 0x7f75af228e10>,16,20,[1 9],17,83,103,66,83
1,<environment.Job instance at 0x7f75af8dcc30>,59,3,[8 3],60,85,88,25,85
1,<environment.Job instance at 0x7f75afc91dc0>,58,14,[10  3],59,88,102,29,88
1,<environment.Job instance at 0x7f75af820c30>,61,12,[3 5],62,102,114,40,102
1,<environment.Job instance at 0x7f75aec882d0>,60,12,[1 9],61,103,115,42,103
1,<environment.Job instance at 0x7f75afd84fa0>,3,14,[ 1 10],4,4,18,0,4
1,<environment.Job instance at 0x7f75afd841e0>,4,14,[4 5],5,5,19,0,5
1,<environment.Job instance at 0x7f75afd84410>,5,2,[5 9],6,18,20,12,6
1,<environment.Job instance at 0x7f75afd6fe10>,11,15,[4 5],12,19,34,7,12
1,<environment.Job instance at 0x7f75afd84320>,7,17,[1 6],8,20,37,12,14
1,<environment.Job instance at 0x7f75afd6f050>,14,13,[6 3],15,20,33,5,15
1,<environment.Job instance at 0x7f75afd6f9b0>,16,12,[3 9],17,34,46,17,17
1,<environment.Job instance at 0x7f75afd84550>,13,13,[5 1],14,37,50,23,21
1,<environment.Job instance at 0x7f75afd6f410>,15,15,[10  3],16,46,61,30,32
1,<environment.Job instance at 0x7f75afe45be0>,20,14,[ 3 11],21,50,64,29,35
1,<environment.Job instance at 0x7f75afe45c30>,21,16,[ 4 13],22,64,80,42,53
1,<environment.Job instance at 0x7f75afd6fa00>,18,18,[2 9],19,80,98,61,69
1,<environment.Job instance at 0x7f75afd6f230>,12,16,[10  5],13,81,97,68,81
1,<environment.Job instance at 0x7f75b0043870>,24,3,[8 4],25,97,100,72,81
1,<environment.Job instance at 0x7f75b0043780>,25,2,[ 2 12],26,100,102,74,81
1,<environment.Job instance at 0x7f75b0043be0>,26,2,[3 6],27,98,100,71,81
1,<environment.Job instance at 0x7f75b0043c80>,27,1,[4 5],28,98,99,70,81
1,<environment.Job instance at 0x7f75afe45dc0>,19,17,[12  4],20,102,119,82,92
1,<environment.Job instance at 0x7f75afe45e10>,22,24,[ 1 11],23,103,127,80,103
1,<environment.Job instance at 0x7f75b0043550>,30,3,[4 9],31,127,130,96,103
1,<environment.Job instance at 0x7f75afbebf50>,3,14,[ 1 10],4,4,18,0,4
1,<environment.Job instance at 0x7f75b8a1efa0>,4,14,[4 5],5,5,19,0,5
1,<environment.Job instance at 0x7f75af0725a0>,5,2,[5 9],6,18,20,12,18
1,<environment.Job instance at 0x7f75b8c570a0>,13,13,[5 1],14,18,31,4,18
1,<environment.Job instance at 0x7f75b02d2780>,11,15,[4 5],12,19,34,7,19
1,<environment.Job instance at 0x7f75b03ad280>,16,12,[3 9],17,20,32,3,20
1,<environment.Job instance at 0x7f75b8d918c0>,14,13,[6 3],15,32,45,17,32
1,<environment.Job instance at 0x7f75af336140>,7,17,[1 6],8,32,49,24,32
1,<environment.Job instance at 0x7f75afb88280>,26,2,[3 6],27,34,36,7,34
1,<environment.Job instance at 0x7f75afb06460>,27,1,[4 5],28,36,37,8,36
1,<environment.Job instance at 0x7f75af2fa2d0>,24,3,[8 4],25,37,40,12,37
1,<environment.Job instance at 0x7f75afb060a0>,30,3,[4 9],31,45,48,14,45
1,<environment.Job instance at 0x7f75b03ad9b0>,15,15,[10  3],16,48,63,32,48
1,<environment.Job instance at 0x7f75afb060f0>,31,16,[4 5],32,48,64,16,48
1,<environment.Job instance at 0x7f75afbad0f0>,42,1,[6 5],43,63,64,20,63
1,<environment.Job instance at 0x7f75af650320>,35,16,[5 1],36,63,79,27,63
1,<environment.Job instance at 0x7f75afb6c5f0>,45,16,[1 9],46,64,80,18,64
1,<environment.Job instance at 0x7f75afd70a00>,43,17,[9 4],44,64,81,20,64
1,<environment.Job instance at 0x7f75afa34870>,51,3,[3 8],52,80,83,28,80
1,<environment.Job instance at 0x7f75aff6d910>,53,1,[9 5],54,81,82,27,81
1,<environment.Job instance at 0x7f75af1acaf0>,12,16,[10  5],13,82,98,69,82
1,<environment.Job instance at 0x7f75aff6db90>,55,2,[ 4 10],56,83,85,27,83
1,<environment.Job instance at 0x7f75aff6daa0>,54,17,[5 2],55,85,102,30,85
1,<environment.Job instance at 0x7f75aebc9f00>,57,1,[9 4],58,99,100,41,99
1,<environment.Job instance at 0x7f75af618640>,59,16,[4 9],60,100,116,40,100
1,<environment.Job instance at 0x7f75b041c2d0>,62,3,[10  3],63,102,105,39,102
1,<environment.Job instance at 0x7f75af21afa0>,63,17,[9 1],64,105,122,41,105
1,<environment.Job instance at 0x7f75b007d780>,0,13,[2 7],1,1,14,0,1
1,<environment.Job instance at 0x7f75b0079b40>,2,1,[5 5],3,3,4,0,3
1,<environment.Job instance at 0x7f75b0079d70>,1,14,[ 1 10],2,14,28,12,3
1,<environment.Job instance at 0x7f75af060be0>,7,15,[6 3],8,8,23,0,8
1,<environment.Job instance at 0x7f75af93d230>,12,1,[10  1],13,23,24,10,13
1,<environment.Job instance at 0x7f75af93d640>,15,1,[5 5],16,24,25,8,16
1,<environment.Job instance at 0x7f75aea9c640>,17,3,[5 7],18,28,31,10,18
1,<environment.Job instance at 0x7f75aea9c1e0>,18,13,[ 4 10],19,31,44,12,19
1,<environment.Job instance at 0x7f75b007daa0>,9,12,[7 2],10,48,60,38,48
1,<environment.Job instance at 0x7f75af0ed730>,25,3,[7 5],26,50,53,24,50
1,<environment.Job instance at 0x7f75af0fe140>,22,14,[ 5 13],23,98,112,75,98
1,<environment.Job instance at 0x7f75af62a0f0>,0,13,[2 7],1,1,14,0,1
1,<environment.Job instance at 0x7f75af62a6e0>,2,1,[5 5],3,3,4,0,3
1,<environment.Job instance at 0x7f75aed5aa50>,6,18,[7 5],7,7,25,0,7
1,<environment.Job instance at 0x7f75b01a1b40>,7,15,[6 3],8,8,23,0,8
1,<environment.Job instance at 0x7f75aef18e60>,15,1,[5 5],16,23,24,7,23
1,<environment.Job instance at 0x7f75b01a1dc0>,9,12,[7 2],10,24,36,14,24
1,<environment.Job instance at 0x7f75af262370>,17,3,[5 7],18,25,28,7,25
1,<environment.Job instance at 0x7f75af601fa0>,18,13,[ 4 10],19,28,41,9,28
1,<environment.Job instance at 0x7f75af382640>,12,1,[10  1],13,36,37,23,36
1,<environment.Job instance at 0x7f75b041c780>,25,3,[7 5],26,37,40,11,37
1,<environment.Job instance at 0x7f75af21afa0>,24,18,[7 5],25,40,58,15,40
1,<environment.Job instance at 0x7f75aec6c780>,29,1,[5 4],30,41,42,11,41
1,<environment.Job instance at 0x7f75afb27b40>,26,17,[1 6],27,41,58,14,41
1,<environment.Job instance at 0x7f75aec6c550>,30,3,[5 5],31,58,61,27,58
1,<environment.Job instance at 0x7f75af62a2d0>,1,14,[ 1 10],2,58,72,56,58
1,<environment.Job instance at 0x7f75aebc9500>,34,2,[10  4],35,61,63,26,61
1,<environment.Job instance at 0x7f75afb6cd70>,35,2,[6 1],36,63,65,27,63
1,<environment.Job instance at 0x7f75aebc9f00>,33,14,[9 2],34,65,79,31,65
1,<environment.Job instance at 0x7f75afd82690>,37,3,[2 5],38,72,75,34,72
1,<environment.Job instance at 0x7f75afb6c0a0>,38,1,[4 7],39,72,73,33,72
1,<environment.Job instance at 0x7f75af261be0>,8,14,[3 7],9,73,87,64,73
1,<environment.Job instance at 0x7f75afb6c2d0>,39,3,[6 5],40,79,82,39,79
1,<environment.Job instance at 0x7f75b03ade10>,40,13,[4 7],41,82,95,41,82
1,<environment.Job instance at 0x7f75af45ffa0>,32,15,[4 7],33,87,102,54,87
1,<environment.Job instance at 0x7f75b8c570f0>,43,12,[5 5],44,95,107,51,95
1,<environment.Job instance at 0x7f75af2fa2d0>,36,16,[1 9],37,102,118,65,102
1,<environment.Job instance at 0x7f75af936140>,49,13,[8 2],50,107,120,57,107
1,<environment.Job instance at 0x7f1a55d386e0>,0,17,[6 1],1,1,18,0,1
1,<environment.Job instance at 0x7f1a55d38730>,1,3,[ 2 10],2,2,5,0,2
1,<environment.Job instance at 0x7f1a4c6eec80>,5,2,[1 6],6,6,8,0,6
1,<environment.Job instance at 0x7f1a4c6eef00>,8,2,[ 1 14],9,9,11,0,9
1,<environment.Job instance at 0x7f1a4c6eefa0>,9,12,[8 2],10,11,23,1,10
1,<environment.Job instance at 0x7f1a4c6f2280>,11,3,[4 9],12,18,21,6,12
1,<environment.Job instance at 0x7f1a4c6f2550>,16,18,[7 3],17,21,39,4,17
1,<environment.Job instance at 0x7f1a4c6f25f0>,17,12,[5 1],18,23,35,5,19
1,<environment.Job instance at 0x7f1a4c6f28c0>,20,3,[10  5],21,39,42,18,21
1,<environment.Job instance at 0x7f1a4c6f2370>,15,3,[2 8],16,24,27,8,24
1,<environment.Job instance at 0x7f1a4c6f29b0>,24,2,[4 6],25,35,37,10,25
1,<environment.Job instance at 0x7f1a4c6f2cd0>,25,2,[5 7],26,37,39,11,26
1,<environment.Job instance at 0x7f1a4c6f2e60>,26,12,[8 5],27,42,54,15,28
1,<environment.Job instance at 0x7f1a4c6f2a50>,22,12,[3 8],23,39,51,16,32
1,<environment.Job instance at 0x7f1a4c6f3140>,29,24,[4 7],30,51,75,21,46
1,<environment.Job instance at 0x7f1a4c6f30f0>,31,1,[ 2 14],32,75,76,43,47
1,<environment.Job instance at 0x7f1a4c6f2be0>,27,17,[4 6],28,54,71,26,51
1,<environment.Job instance at 0x7f1a4c6f38c0>,41,12,[8 3],42,76,88,34,59
1,<environment.Job instance at 0x7f1a4c6f3910>,42,12,[ 5 12],43,76,88,33,63
1,<environment.Job instance at 0x7f1a4c6f3aa0>,44,12,[9 3],45,88,100,43,71
1,<environment.Job instance at 0x7f1a4c6f3690>,37,14,[5 8],38,90,104,52,90
1,<environment.Job instance at 0x7f1a4c6f3dc0>,46,14,[6 5],47,101,115,54,101
1,<environment.Job instance at 0x7f1a4c6f3b90>,45,12,[ 3 14],46,115,127,69,101
1,<environment.Job instance at 0x7f1a4c6f2190>,10,22,[8 1],11,104,126,93,103
1,<environment.Job instance at 0x7f1a4c6f3c30>,0,17,[6 1],1,1,18,0,1
1,<environment.Job instance at 0x7f1a4c6f9690>,1,3,[ 2 10],2,2,5,0,2
1,<environment.Job instance at 0x7f1a55d7e910>,4,13,[3 6],5,5,18,0,5
1,<environment.Job instance at 0x7f1a4c6fe690>,3,22,[2 5],4,5,27,1,5
1,<environment.Job instance at 0x7f1a4c6e9050>,5,2,[1 6],6,18,20,12,18
1,<environment.Job instance at 0x7f1a4c6fe4b0>,9,12,[8 2],10,18,30,8,18
1,<environment.Job instance at 0x7f1a4c875a00>,15,3,[2 8],16,20,23,4,20
1,<environment.Job instance at 0x7f1a4c6e6410>,17,12,[5 1],18,23,35,5,23
1,<environment.Job instance at 0x7f1a4c6e9460>,2,14,[ 2 10],3,27,41,24,27
1,<environment.Job instance at 0x7f1a4c98dd20>,16,18,[7 3],17,30,48,13,30
1,<environment.Job instance at 0x7f1a4c6ee910>,11,3,[4 9],12,41,44,29,41
1,<environment.Job instance at 0x7f1a4c7fef50>,24,2,[4 6],25,44,46,19,44
1,<environment.Job instance at 0x7f1a4c774b40>,25,2,[5 7],26,46,48,20,46
1,<environment.Job instance at 0x7f1a4c6e6cd0>,20,3,[10  5],21,48,51,27,48
1,<environment.Job instance at 0x7f1a4c6e65f0>,22,12,[3 8],23,48,60,25,48
1,<environment.Job instance at 0x7f1a4cbbeaa0>,26,12,[8 5],27,51,63,24,51
1,<environment.Job instance at 0x7f1a4c80e5a0>,34,14,[1 9],35,60,74,25,60
1,<environment.Job instance at 0x7f1a4c9a2460>,27,17,[4 6],28,63,80,35,63
1,<environment.Job instance at 0x7f1a4c90d320>,37,14,[5 8],38,74,88,36,74
1,<environment.Job instance at 0x7f1a4c793960>,41,12,[8 3],42,80,92,38,80
1,<environment.Job instance at 0x7f1a4c7fdb40>,43,16,[1 8],44,88,104,44,88
1,<environment.Job instance at 0x7f1a4c7fd870>,44,12,[9 3],45,92,104,47,92
1,<environment.Job instance at 0x7f1a4c88f4b0>,46,14,[6 5],47,104,118,57,104
1,<environment.Job instance at 0x7f1a4c7fda00>,49,13,[1 5],50,104,117,54,104
1,<environment.Job instance at 0x7f1a4c7b0eb0>,51,13,[5 6],52,117,130,65,117
1,<environment.Job instance at 0x7f1a4c7b0550>,55,15,[5 4],56,118,133,62,118
1,<environment.Job instance at 0x7f1a4be31140>,1,2,[ 5 14],2,2,4,0,2
1,<environment.Job instance at 0x7f1a4be31c80>,3,3,[10  3],4,4,7,0,4
1,<environment.Job instance at 0x7f1a4be318c0>,4,12,[1 5],5,5,17,0,5
1,<environment.Job instance at 0x7f1a4be31be0>,5,3,[2 9],6,7,10,1,6
1,<environment.Job instance at 0x7f1a4be3b1e0>,6,13,[2 6],7,10,23,3,7
1,<environment.Job instance at 0x7f1a4be3b140>,7,2,[5 5],8,17,19,9,8
1,<environment.Job instance at 0x7f1a4be3b820>,9,3,[1 5],10,19,22,9,10
1,<environment.Job instance at 0x7f1a4be3bf00>,13,2,[ 5 10],14,23,25,9,14
1,<environment.Job instance at 0x7f1a4bfa6a50>,16,1,[9 5],17,22,23,5,17
1,<environment.Job instance at 0x7f1a4bfadc80>,20,1,[ 3 11],21,25,26,4,21
1,<environment.Job instance at 0x7f1a4bf70230>,19,13,[1 8],20,26,39,6,24
1,<environment.Job instance at 0x7f1a4bf9bcd0>,25,3,[9 2],26,26,29,0,26
1,<environment.Job instance at 0x7f1a4bf9b690>,21,14,[ 3 10],22,39,53,17,27
1,<environment.Job instance at 0x7f1a4bf9b280>,27,2,[3 8],28,53,55,25,28
1,<environment.Job instance at 0x7f1a4bf9baf0>,28,3,[4 8],29,55,58,26,29
1,<environment.Job instance at 0x7f1a4bf9b5a0>,23,26,[7 2],24,31,57,7,31
1,<environment.Job instance at 0x7f1a4bf8de10>,30,12,[5 1],31,35,47,4,35
1,<environment.Job instance at 0x7f1a4bd67230>,36,2,[6 5],37,57,59,20,37
1,<environment.Job instance at 0x7f1a71b34910>,38,1,[14  3],39,59,60,20,39
1,<environment.Job instance at 0x7f1a4bcbb1e0>,39,2,[ 1 10],40,58,60,18,40
1,<environment.Job instance at 0x7f1a4bcbbc30>,40,12,[1 8],41,60,72,19,46
1,<environment.Job instance at 0x7f1a4bcb71e0>,43,2,[13  5],44,60,62,16,46
1,<environment.Job instance at 0x7f1a4bf9bf50>,22,15,[ 2 13],23,72,87,49,58
1,<environment.Job instance at 0x7f1a4c690b40>,46,3,[5 6],47,64,67,17,64
1,<environment.Job instance at 0x7f1a4bd3c230>,57,2,[5 7],58,67,69,9,64
1,<environment.Job instance at 0x7f1a4bce1a00>,58,2,[12  2],59,69,71,10,64
1,<environment.Job instance at 0x7f1a4bcade60>,45,13,[ 5 14],46,87,100,41,72
1,<environment.Job instance at 0x7f1a4be9b5a0>,59,17,[3 5],60,100,117,40,88
1,<environment.Job instance at 0x7f1a4be3aaf0>,70,3,[9 5],71,100,103,29,89
1,<environment.Job instance at 0x7f1a55d387d0>,3,3,[10  3],4,4,7,0,4
1,<environment.Job instance at 0x7f1a4bf48c80>,4,12,[1 5],5,5,17,0,5
1,<environment.Job instance at 0x7f1a4bf56b90>,5,3,[2 9],6,7,10,1,7
1,<environment.Job instance at 0x7f1a4bf13f00>,7,2,[5 5],8,10,12,2,10
1,<environment.Job instance at 0x7f1a4bf13050>,9,3,[1 5],10,10,13,0,10
1,<environment.Job instance at 0x7f1a4bf56dc0>,6,13,[2 6],7,13,26,6,13
1,<environment.Job instance at 0x7f1a4bf13aa0>,12,18,[10  4],13,13,31,0,13
1,<environment.Job instance at 0x7f1a4bef24b0>,13,2,[ 5 10],14,26,28,12,26
1,<environment.Job instance at 0x7f1a4bf13fa0>,14,12,[5 4],15,28,40,13,28
1,<environment.Job instance at 0x7f1a4bf03280>,16,1,[9 5],17,31,32,14,31
1,<environment.Job instance at 0x7f1a4bea3a00>,19,13,[1 8],20,32,45,12,32
1,<environment.Job instance at 0x7f1a4bf158c0>,25,3,[9 2],26,32,35,6,32
1,<environment.Job instance at 0x7f1a4bf03500>,15,15,[8 3],16,35,50,19,35
1,<environment.Job instance at 0x7f1a4bf155f0>,27,2,[3 8],28,45,47,17,45
1,<environment.Job instance at 0x7f1a4beb11e0>,28,3,[4 8],29,47,50,18,47
1,<environment.Job instance at 0x7f1a4bf00190>,26,13,[10  5],27,50,63,23,50
1,<environment.Job instance at 0x7f1a4beb1c80>,30,12,[5 1],31,50,62,19,50
1,<environment.Job instance at 0x7f1a4bea3870>,21,14,[ 3 10],22,62,76,40,62
1,<environment.Job instance at 0x7f1a4beb10f0>,34,15,[ 2 10],35,76,91,41,76
1,<environment.Job instance at 0x7f1a4bea6780>,36,2,[6 5],37,76,78,39,76
1,<environment.Job instance at 0x7f1a4beb9230>,39,2,[ 1 10],40,91,93,51,91
1,<environment.Job instance at 0x7f1a4beb9280>,40,12,[1 8],41,93,105,52,93
1,<environment.Job instance at 0x7f1a4beaa5a0>,46,3,[5 6],47,93,96,46,93
1,<environment.Job instance at 0x7f1a4bf15e10>,29,17,[5 7],30,96,113,66,96
1,<environment.Job instance at 0x7f1a4beb1b90>,33,17,[5 8],34,105,122,71,105
1,<environment.Job instance at 0x7f1a4beaa5f0>,50,13,[5 7],51,113,126,62,113
1,<environment.Job instance at 0x7f1a4bcb7690>,0,12,[ 5 10],1,1,13,0,1
1,<environment.Job instance at 0x7f1a4bcb7820>,2,13,[4 5],3,6,19,3,6
1,<environment.Job instance at 0x7f1a4bc9ccd0>,8,13,[3 5],9,13,26,4,9
1,<environment.Job instance at 0x7f1a4bcb7b40>,7,24,[6 2],8,13,37,5,11
1,<environment.Job instance at 0x7f1a4bc9c730>,12,20,[5 1],13,19,39,6,14
1,<environment.Job instance at 0x7f1a4bc9c370>,16,1,[3 9],17,26,27,9,17
1,<environment.Job instance at 0x7f1a4bc9cb90>,22,3,[5 4],23,37,40,14,23
1,<environment.Job instance at 0x7f1a4bc9c500>,10,23,[1 8],11,27,50,16,24
1,<environment.Job instance at 0x7f1a4bc9ca00>,13,18,[ 1 11],14,50,68,36,39
1,<environment.Job instance at 0x7f1a4bd25f50>,28,1,[8 5],29,40,41,11,39
1,<environment.Job instance at 0x7f1a4bc9c280>,0,12,[ 5 10],1,1,13,0,1
1,<environment.Job instance at 0x7f1a4bcec9b0>,1,13,[9 2],2,2,15,0,2
1,<environment.Job instance at 0x7f1a4bc9cc30>,2,13,[4 5],3,13,26,10,13
1,<environment.Job instance at 0x7f1a4bcb7a00>,8,13,[3 5],9,15,28,6,15
1,<environment.Job instance at 0x7f1a4bd87780>,12,20,[5 1],13,15,35,2,15
1,<environment.Job instance at 0x7f1a4bd87b90>,16,1,[3 9],17,26,27,9,26
1,<environment.Job instance at 0x7f1a4bd76f50>,22,3,[5 4],23,27,30,4,27
1,<environment.Job instance at 0x7f1a4bd87190>,9,16,[5 8],10,28,44,18,28
1,<environment.Job instance at 0x7f1a4bd76dc0>,27,14,[9 1],28,35,49,7,35
1,<environment.Job instance at 0x7f1a4bd76870>,23,18,[ 1 10],24,44,62,20,44
1,<environment.Job instance at 0x7f1a4bd76730>,28,1,[8 5],29,49,50,20,49
1,<environment.Job instance at 0x7f1a4bd76d70>,31,1,[7 4],32,50,51,18,50
1,<environment.Job instance at 0x7f1a4bcb7be0>,5,14,[10  3],6,51,65,45,51
1,<environment.Job instance at 0x7f1a4bd76780>,35,15,[3 6],36,62,77,26,62
1,<environment.Job instance at 0x7f1a4bd76e10>,32,15,[7 5],33,65,80,32,65
1,<environment.Job instance at 0x7f1a4be3a550>,38,15,[5 8],39,77,92,38,77
1,<environment.Job instance at 0x7f1a4be3ad70>,41,2,[7 3],42,80,82,38,80
1,<environment.Job instance at 0x7f1a4be3a820>,40,15,[9 2],41,82,97,41,82
1,<environment.Job instance at 0x7f1a4bce6230>,43,2,[5 7],44,92,94,48,92
1,<environment.Job instance at 0x7f1a4bce6b40>,44,2,[8 1],45,97,99,52,97
1,<environment.Job instance at 0x7f1a4bce6f50>,42,16,[7 5],43,97,113,54,97
1,<environment.Job instance at 0x7f1a4bce6af0>,46,13,[8 4],47,99,112,52,99
1,<environment.Job instance at 0x7f1a4bd763c0>,18,15,[8 1],19,112,127,93,112
1,<environment.Job instance at 0x7f1a4bce6e10>,50,2,[2 9],51,113,115,62,113
1,<environment.Job instance at 0x7f1a4bce6cd0>,51,15,[7 2],52,115,130,63,115
1,<environment.Job instance at 0x7f1a4beb4af0>,3,3,[ 5 10],4,4,7,0,4
1,<environment.Job instance at 0x7f1a4beb4b90>,4,1,[9 5],5,5,6,0,5
1,<environment.Job instance at 0x7f1a4bd67050>,6,2,[5 3],7,7,9,0,7
1,<environment.Job instance at 0x7f1a4bd67af0>,7,12,[3 8],8,8,20,0,8
1,<environment.Job instance at 0x7f1a4beb46e0>,5,16,[5 2],6,11,27,5,11
1,<environment.Job instance at 0x7f1a4bd67f00>,11,1,[7 3],12,12,13,0,12
1,<environment.Job instance at 0x7f1a4bd67dc0>,12,13,[5 5],13,13,26,0,13
1,<environment.Job instance at 0x7f1a4bd674b0>,9,14,[2 8],10,20,34,10,16
1,<environment.Job instance at 0x7f1a4bd67a00>,15,26,[6 1],16,26,52,10,23
1,<environment.Job instance at 0x7f1a4bd67d20>,19,1,[10  5],20,52,53,32,24
1,<environment.Job instance at 0x7f1a4bd67b90>,20,2,[ 2 12],21,34,36,13,24
1,<environment.Job instance at 0x7f1a4bd67550>,21,13,[ 5 10],22,36,49,14,24
1,<environment.Job instance at 0x7f1a4bd58e60>,2,21,[ 5 10],3,3,24,0,3
1,<environment.Job instance at 0x7f1a4bd58190>,4,1,[9 5],5,5,6,0,5
1,<environment.Job instance at 0x7f1a4bce1b40>,5,16,[5 2],6,6,22,0,6
1,<environment.Job instance at 0x7f1a4bce1140>,6,2,[5 3],7,7,9,0,7
1,<environment.Job instance at 0x7f1a4bce1b90>,11,1,[7 3],12,22,23,10,22
1,<environment.Job instance at 0x7f1a4bce1280>,12,13,[5 5],13,23,36,10,23
1,<environment.Job instance at 0x7f1a4bce30a0>,19,1,[10  5],20,24,25,4,24
1,<environment.Job instance at 0x7f1a4bce36e0>,23,2,[9 3],24,25,27,1,25
1,<environment.Job instance at 0x7f1a4bce3280>,24,2,[3 5],25,27,29,2,27
1,<environment.Job instance at 0x7f1a4bce1870>,3,3,[ 5 10],4,29,32,25,29
1,<environment.Job instance at 0x7f1a4bce10f0>,7,12,[3 8],8,32,44,24,32
1,<environment.Job instance at 0x7f1a4bce65f0>,27,13,[1 7],28,36,49,8,36
1,<environment.Job instance at 0x7f1a4bce17d0>,9,14,[2 8],10,44,58,34,44
1,<environment.Job instance at 0x7f1a4bce6960>,34,15,[10  4],35,49,64,14,49
1,<environment.Job instance at 0x7f1a4bce3050>,21,13,[ 5 10],22,58,71,36,58
1,<environment.Job instance at 0x7f1a4bd67960>,40,14,[4 5],41,64,78,23,64
1,<environment.Job instance at 0x7f1a4c067fa0>,43,13,[5 6],44,71,84,27,71
1,<environment.Job instance at 0x7f1a4beb47d0>,44,2,[5 7],45,78,80,33,78
1,<environment.Job instance at 0x7f1a4bd560a0>,52,13,[10  4],53,80,93,27,80
1,<environment.Job instance at 0x7f1a4bce6550>,26,15,[1 9],27,84,99,57,84
1,<environment.Job instance at 0x7f1a4bce6b40>,37,16,[4 5],38,93,109,55,93
1,<environment.Job instance at 0x7f1a4bd56190>,62,1,[ 4 10],63,100,101,37,100
1,<environment.Job instance at 0x7f1a4bd562d0>,68,17,[9 4],69,101,118,32,101
1,<environment.Job instance at 0x7f1a4bd568c0>,69,14,[6 4],70,109,123,39,109
1,<environment.Job instance at 0x7f1a4bd56cd0>,56,18,[5 5],57,118,136,61,118
1,<environment.Job instance at 0x7f1a4bcbdf00>,72,15,[2 6],73,118,133,45,118
1,<environment.Job instance at 0x7f1a4cb5a730>,3,22,[3 8],4,4,26,0,4
1,<environment.Job instance at 0x7f1a4cb5a820>,5,16,[7 5],6,6,22,0,6
1,<environment.Job instance at 0x7f1a4cb5a690>,7,12,[5 5],8,22,34,14,8
1,<environment.Job instance at 0x7f1a4cb68a00>,8,2,[ 4 10],9,26,28,17,9
1,<environment.Job instance at 0x7f1a4bd0ad70>,3,22,[3 8],4,4,26,0,4
1,<environment.Job instance at 0x7f1a4bd0a910>,5,16,[7 5],6,6,22,0,6
1,<environment.Job instance at 0x7f1a4bd0a820>,10,18,[5 2],11,11,29,0,11
1,<environment.Job instance at 0x7f1a4bd0a9b0>,13,12,[7 5],14,22,34,8,22
1,<environment.Job instance at 0x7f1a4bd0a780>,8,2,[ 4 10],9,29,31,20,29
1,<environment.Job instance at 0x7f1a55ea6be0>,7,12,[5 5],8,31,43,23,31
1,<environment.Job instance at 0x7f1a4bc9ca50>,20,13,[7 3],21,34,47,13,34
1,<environment.Job instance at 0x7f1a4bd0ab40>,11,13,[8 1],12,43,56,31,43
1,<environment.Job instance at 0x7f1a4bc9cdc0>,18,15,[6 5],19,47,62,28,47
1,<environment.Job instance at 0x7f1a4bd0a460>,17,15,[5 7],18,56,71,38,56
1,<environment.Job instance at 0x7f1a4bcbd8c0>,31,13,[5 5],32,62,75,30,62
1,<environment.Job instance at 0x7f1a4bcbd2d0>,32,2,[3 8],33,71,73,38,71
1,<environment.Job instance at 0x7f1a4bc9c690>,22,16,[7 1],23,71,87,48,71
1,<environment.Job instance at 0x7f1a4bcbd0a0>,34,14,[2 7],35,73,87,38,73
1,<environment.Job instance at 0x7f1a4bcbdb90>,33,17,[2 7],34,75,92,41,75
1,<environment.Job instance at 0x7f1a4bc9cc80>,21,16,[10  1],22,87,103,65,87
1,<environment.Job instance at 0x7f1a4bcbd3c0>,35,12,[1 9],36,92,104,56,92
1,<environment.Job instance at 0x7f1a4bcbdf00>,39,2,[7 2],40,103,105,63,103
1,<environment.Job instance at 0x7f1a4bc9c410>,23,17,[7 2],24,103,120,79,103
1,<environment.Job instance at 0x7f1a4bcbda00>,40,3,[ 5 10],41,105,108,64,105
1,<environment.Job instance at 0x7f1a4bd56320>,46,12,[7 2],47,108,120,61,108
1,<environment.Job instance at 0x7f1a4bd567d0>,50,13,[1 6],51,108,121,57,108
1,<environment.Job instance at 0x7f1a4c146410>,3,3,[ 1 10],4,4,7,0,4
1,<environment.Job instance at 0x7f1a55ea6f00>,2,14,[9 2],3,6,20,3,6
1,<environment.Job instance at 0x7f1a4c146370>,6,2,[5 5],7,7,9,0,7
1,<environment.Job instance at 0x7f1a4c12c0a0>,8,1,[5 5],9,9,10,0,9
1,<environment.Job instance at 0x7f1a4c12c780>,9,18,[6 2],10,10,28,0,10
1,<environment.Job instance at 0x7f1a4c146460>,5,14,[5 8],6,20,34,14,15
1,<environment.Job instance at 0x7f1a4c12cd70>,15,3,[1 9],16,34,37,18,16
1,<environment.Job instance at 0x7f1a4c12cf00>,16,14,[3 6],17,28,42,11,17
1,<environment.Job instance at 0x7f1a4c1466e0>,13,13,[1 5],14,37,50,23,22
1,<environment.Job instance at 0x7f1a4c12c5a0>,18,1,[1 6],19,42,43,23,22
1,<environment.Job instance at 0x7f1a4c84eb40>,27,3,[9 5],28,43,46,15,29
1,<environment.Job instance at 0x7f1a4c12cc80>,28,3,[1 8],29,46,49,17,29
1,<environment.Job instance at 0x7f1a4c84e280>,31,2,[10  2],32,37,39,5,32
1,<environment.Job instance at 0x7f1a4c84e230>,32,3,[10  1],33,39,42,6,34
1,<environment.Job instance at 0x7f1a4c84e370>,34,17,[6 2],35,46,63,11,36
1,<environment.Job instance at 0x7f1a55ea6b90>,1,14,[8 4],2,2,16,0,2
1,<environment.Job instance at 0x7f1a55ea6be0>,3,3,[ 1 10],4,4,7,0,4
1,<environment.Job instance at 0x7f1a4c84ed20>,6,2,[5 5],7,7,9,0,7
1,<environment.Job instance at 0x7f1a4c84edc0>,8,1,[5 5],9,9,10,0,9
1,<environment.Job instance at 0x7f1a4c12c370>,5,14,[5 8],6,10,24,4,10
1,<environment.Job instance at 0x7f1a4d23e780>,2,14,[9 2],3,16,30,13,16
1,<environment.Job instance at 0x7f1a4c85d9b0>,13,13,[1 5],14,16,29,2,16
1,<environment.Job instance at 0x7f1a4c85db40>,15,3,[1 9],16,29,32,13,29
1,<environment.Job instance at 0x7f1a4c85d4b0>,16,14,[3 6],17,30,44,13,30
1,<environment.Job instance at 0x7f1a4c85da50>,18,1,[1 6],19,32,33,13,32
1,<environment.Job instance at 0x7f1a4c146640>,12,15,[6 1],13,32,47,19,32
1,<environment.Job instance at 0x7f1a4c84eb90>,7,18,[6 2],8,33,51,25,33
1,<environment.Job instance at 0x7f1a4c85d410>,22,15,[9 1],23,47,62,24,47
1,<environment.Job instance at 0x7f1a4c130640>,25,13,[5 4],26,51,64,25,51
1,<environment.Job instance at 0x7f1a4c130dc0>,27,3,[9 5],28,62,65,34,62
1,<environment.Job instance at 0x7f1a4c130280>,28,3,[1 8],29,64,67,35,64
1,<environment.Job instance at 0x7f1a4c1303c0>,24,17,[5 2],25,64,81,39,64
1,<environment.Job instance at 0x7f1a4c85d0f0>,20,16,[9 2],21,65,81,44,65
1,<environment.Job instance at 0x7f1a4c130b40>,31,2,[10  2],32,81,83,49,81
1,<environment.Job instance at 0x7f1a4c130730>,35,17,[5 2],36,81,98,45,81
1,<environment.Job instance at 0x7f1a4c130910>,32,3,[10  1],33,83,86,50,83
1,<environment.Job instance at 0x7f1a4c130550>,37,12,[6 2],38,86,98,48,86
1,<environment.Job instance at 0x7f1a4c1305a0>,38,1,[1 5],39,86,87,47,86
1,<environment.Job instance at 0x7f1a4c1302d0>,39,1,[2 8],40,87,88,47,87
1,<environment.Job instance at 0x7f1a4c130b90>,36,18,[4 9],37,88,106,51,88
1,<environment.Job instance at 0x7f1a4c85d190>,21,15,[10  3],22,98,113,76,98
1,<environment.Job instance at 0x7f1a4c840190>,41,16,[8 2],42,113,129,71,113
1,<environment.Job instance at 0x7f1a4c840b90>,47,12,[7 2],48,113,125,65,113
1,<environment.Job instance at 0x7f1a4f2e7fa0>,0,17,[6 3],1,1,18,0,1
1,<environment.Job instance at 0x7f1a4ce8a4b0>,3,3,[1 6],4,4,7,0,4
1,<environment.Job instance at 0x7f1a4c122c80>,4,3,[13  1],5,18,21,13,5
1,<environment.Job instance at 0x7f1a4d0f25a0>,9,3,[4 7],10,10,13,0,10
1,<environment.Job instance at 0x7f1a4d0f2320>,10,12,[9 3],11,21,33,10,11
1,<environment.Job instance at 0x7f1a4c14e050>,11,12,[1 5],12,12,24,0,12
1,<environment.Job instance at 0x7f1a4c14e8c0>,18,15,[5 5],19,21,36,2,19
1,<environment.Job instance at 0x7f1a4c1425a0>,20,3,[ 2 12],21,36,39,15,21
1,<environment.Job instance at 0x7f1a4cb018c0>,30,1,[6 2],31,33,34,2,31
1,<environment.Job instance at 0x7f1a4c125410>,0,17,[6 3],1,1,18,0,1
1,<environment.Job instance at 0x7f1a4c125d20>,3,3,[1 6],4,4,7,0,4
1,<environment.Job instance at 0x7f1a4c0cb6e0>,5,14,[9 2],6,7,21,1,7
1,<environment.Job instance at 0x7f1a4c0cbaf0>,9,3,[4 7],10,18,21,8,18
1,<environment.Job instance at 0x7f1a4c0cb9b0>,11,12,[1 5],12,18,30,6,18
1,<environment.Job instance at 0x7f1a4c0cbf00>,13,12,[6 4],14,21,33,7,21
1,<environment.Job instance at 0x7f1a4c0cbeb0>,12,14,[5 2],13,21,35,8,21
1,<environment.Job instance at 0x7f1a4c0cb5f0>,14,17,[2 6],15,30,47,15,30
1,<environment.Job instance at 0x7f1a4c835280>,18,15,[5 5],19,33,48,14,33
1,<environment.Job instance at 0x7f1a4c0cb910>,15,17,[5 4],16,35,52,19,35
1,<environment.Job instance at 0x7f1a4c0cb7d0>,10,12,[9 3],11,48,60,37,48
1,<environment.Job instance at 0x7f1a4c840af0>,30,1,[6 2],31,52,53,21,52
1,<environment.Job instance at 0x7f1a4c840370>,32,17,[ 1 10],33,53,70,20,53
1,<environment.Job instance at 0x7f1a4c840500>,34,14,[9 2],35,60,74,25,60
1,<environment.Job instance at 0x7f1a4d23e780>,35,14,[2 7],36,70,84,34,70
1,<environment.Job instance at 0x7f1a4c21f5a0>,36,14,[5 7],37,74,88,37,74
1,<environment.Job instance at 0x7f1a4c8405a0>,37,14,[10  1],38,84,98,46,84
1,<environment.Job instance at 0x7f1a4c840fa0>,25,18,[1 9],26,88,106,62,88
1,<environment.Job instance at 0x7f1a4c0cb500>,7,16,[9 1],8,98,114,90,98
1,<environment.Job instance at 0x7f1a4c57e5f0>,48,3,[5 7],49,106,109,57,106
1,<environment.Job instance at 0x7f1a4cda31e0>,50,12,[3 7],51,109,121,58,109
1,<environment.Job instance at 0x7f1a4cdf2a00>,51,12,[3 7],52,109,121,57,109
1,<environment.Job instance at 0x7f1a4cfe9690>,4,2,[4 6],5,5,7,0,5
1,<environment.Job instance at 0x7f1a4cfe9780>,6,20,[6 3],7,7,27,0,7
1,<environment.Job instance at 0x7f1a4cfe9280>,9,2,[5 1],10,10,12,0,10
1,<environment.Job instance at 0x7f1a4cfe9af0>,10,20,[5 3],11,12,32,1,11
1,<environment.Job instance at 0x7f1a4cfe9e60>,12,17,[6 3],13,27,44,14,15
1,<environment.Job instance at 0x7f1a4c344aa0>,14,3,[ 4 10],15,32,35,17,18
1,<environment.Job instance at 0x7f1a4c344a50>,18,2,[ 4 12],19,35,37,16,19
1,<environment.Job instance at 0x7f1a4c344f50>,17,14,[5 5],18,37,51,19,22
1,<environment.Job instance at 0x7f1a4c344c80>,21,12,[10  2],22,44,56,22,27
1,<environment.Job instance at 0x7f1a4cfe9190>,13,14,[10  1],14,56,70,42,41
1,<environment.Job instance at 0x7f1a4c344c30>,22,2,[13  1],23,70,72,47,43
1,<environment.Job instance at 0x7f1a4c344640>,19,23,[1 6],20,51,74,31,46
1,<environment.Job instance at 0x7f1a4c344960>,23,13,[11  1],24,72,85,48,57
1,<environment.Job instance at 0x7f1a4c344820>,20,3,[10  2],21,85,88,64,59
1,<environment.Job instance at 0x7f1a4c344460>,25,16,[13  1],26,88,104,62,76
1,<environment.Job instance at 0x7f1a4c344e10>,24,22,[10  1],25,104,126,79,97
1,<environment.Job instance at 0x7f1a4c344cd0>,28,3,[11  4],29,126,129,97,110
1,<environment.Job instance at 0x7f1a4be356e0>,2,20,[2 9],3,3,23,0,3
1,<environment.Job instance at 0x7f1a4bc9cc30>,4,2,[4 6],5,5,7,0,5
1,<environment.Job instance at 0x7f1a4c15ea00>,6,20,[6 3],7,7,27,0,7
1,<environment.Job instance at 0x7f1a4ca1ccd0>,9,2,[5 1],10,10,12,0,10
1,<environment.Job instance at 0x7f1a4beb47d0>,10,20,[5 3],11,12,32,1,12
1,<environment.Job instance at 0x7f1a4cfe9a00>,14,3,[ 4 10],15,27,30,12,27
1,<environment.Job instance at 0x7f1a4c12c7d0>,13,14,[10  1],14,30,44,16,30
1,<environment.Job instance at 0x7f1a4c3445f0>,17,14,[5 5],18,32,46,14,32
1,<environment.Job instance at 0x7f1a4be52af0>,20,3,[10  2],21,44,47,23,44
1,<environment.Job instance at 0x7f1a4c5aabe0>,7,17,[5 8],8,46,63,38,46
1,<environment.Job instance at 0x7f1a7150af00>,21,12,[10  2],22,47,59,25,47
1,<environment.Job instance at 0x7f1a4d243f00>,29,13,[9 2],30,59,72,29,59
1,<environment.Job instance at 0x7f1a4d243a00>,26,14,[5 1],27,63,77,36,63
1,<environment.Job instance at 0x7f1a4d243b90>,36,13,[8 5],37,72,85,35,72
1,<environment.Job instance at 0x7f1a4cfe9d20>,16,16,[6 3],17,77,93,60,77
1,<environment.Job instance at 0x7f1a4c16d910>,38,2,[2 6],39,85,87,46,85
1,<environment.Job instance at 0x7f1a4d243af0>,32,16,[5 1],33,85,101,52,85
1,<environment.Job instance at 0x7f1a4c16d1e0>,39,13,[ 3 10],40,87,100,47,87
1,<environment.Job instance at 0x7f1a4c16d3c0>,40,16,[6 3],41,93,109,52,93
1,<environment.Job instance at 0x7f1a4c16d050>,42,13,[4 7],43,100,113,57,100
1,<environment.Job instance at 0x7f1a4c16da50>,45,2,[8 2],46,109,111,63,109
1,<environment.Job instance at 0x7f1a4c16dd70>,44,12,[6 2],45,111,123,66,111
1,<environment.Job instance at 0x7f1a4c16d730>,52,12,[2 5],53,114,126,61,114
1,<environment.Job instance at 0x7f1a4c16d230>,41,17,[1 8],42,115,132,73,115
1,<environment.Job instance at 0x7f1a4bb2a460>,1,13,[4 7],2,2,15,0,2
1,<environment.Job instance at 0x7f1a4bb2a3c0>,3,12,[7 5],4,4,16,0,4
1,<environment.Job instance at 0x7f1a4bb2a280>,5,12,[1 6],6,15,27,9,6
1,<environment.Job instance at 0x7f1a4bb4db90>,14,1,[2 7],15,16,17,1,15
1,<environment.Job instance at 0x7f1a4bb4d4b0>,15,12,[8 1],16,16,28,0,16
1,<environment.Job instance at 0x7f1a4bb4dc30>,27,13,[7 3],28,28,41,0,28
1,<environment.Job instance at 0x7f1a4bb4d690>,28,2,[ 5 11],29,29,31,0,29
1,<environment.Job instance at 0x7f1a4bb4d0a0>,32,1,[ 4 10],33,33,34,0,33
1,<environment.Job instance at 0x7f1a4bb4d410>,33,13,[2 7],34,34,47,0,34
1,<environment.Job instance at 0x7f1a4bb8fc30>,34,15,[4 7],35,41,56,6,36
1,<environment.Job instance at 0x7f1a4bb8f370>,35,1,[12  1],36,56,57,20,37
1,<environment.Job instance at 0x7f1a4bb2af00>,30,19,[8 3],31,106,125,75,106
1,<environment.Job instance at 0x7f1a4bc29280>,1,13,[4 7],2,2,15,0,2
1,<environment.Job instance at 0x7f1a4bc29190>,3,12,[7 5],4,4,16,0,4
1,<environment.Job instance at 0x7f1a4bc29910>,5,12,[1 6],6,15,27,9,15
1,<environment.Job instance at 0x7f1a4bc29fa0>,6,18,[6 4],7,15,33,8,15
1,<environment.Job instance at 0x7f1a4bc29230>,4,18,[3 5],5,16,34,11,16
1,<environment.Job instance at 0x7f1a4bf80140>,12,18,[5 6],13,27,45,14,27
1,<environment.Job instance at 0x7f1a4c1fb910>,14,1,[2 7],15,34,35,19,34
1,<environment.Job instance at 0x7f1a4c20be10>,15,12,[8 1],16,34,46,18,34
1,<environment.Job instance at 0x7f1a4cbafb40>,16,17,[2 7],17,35,52,18,35
1,<environment.Job instance at 0x7f1a4cb9e410>,13,18,[2 7],14,45,63,31,45
1,<environment.Job instance at 0x7f1a4bc29aa0>,9,14,[9 1],10,46,60,36,46
1,<environment.Job instance at 0x7f1a4c24acd0>,21,14,[1 6],22,52,66,30,52
1,<environment.Job instance at 0x7f1a4c251370>,27,13,[7 3],28,63,76,35,63
1,<environment.Job instance at 0x7f1a4c24a690>,23,17,[6 1],24,63,80,39,63
1,<environment.Job instance at 0x7f1a4c24ae60>,20,18,[1 9],21,66,84,45,66
1,<environment.Job instance at 0x7f1a4c251a50>,29,17,[9 2],30,81,98,51,81
1,<environment.Job instance at 0x7f1a4c251320>,32,1,[ 4 10],33,84,85,51,84
1,<environment.Job instance at 0x7f1a4c246370>,33,13,[2 7],34,85,98,51,85
1,<environment.Job instance at 0x7f1a4c23f730>,34,15,[4 7],35,98,113,63,98
1,<environment.Job instance at 0x7f1a4cb24730>,41,17,[1 6],42,98,115,56,98
1,<environment.Job instance at 0x7f1a4c23b280>,40,17,[6 4],41,113,130,72,113
1,<environment.Job instance at 0x7f1a4cb24cd0>,42,18,[5 5],43,113,131,70,113
1,<environment.Job instance at 0x7f1a4d0924b0>,4,12,[10  3],5,7,19,2,7
1,<environment.Job instance at 0x7f1a4d092370>,7,13,[9 3],8,19,32,11,8
1,<environment.Job instance at 0x7f1a4d092eb0>,8,2,[5 9],9,9,11,0,9
1,<environment.Job instance at 0x7f1a4d0921e0>,9,13,[5 5],10,11,24,1,10
1,<environment.Job instance at 0x7f1a4d092640>,12,2,[4 9],13,24,26,11,13
1,<environment.Job instance at 0x7f1a4d092f00>,15,18,[8 1],16,32,50,16,22
1,<environment.Job instance at 0x7f1a4cb36d20>,16,1,[2 5],17,26,27,9,22
1,<environment.Job instance at 0x7f1a4cb36be0>,18,1,[8 1],19,50,51,31,22
1,<environment.Job instance at 0x7f1a4d092280>,5,19,[3 6],6,26,45,20,22
1,<environment.Job instance at 0x7f1a4cb36320>,20,1,[3 6],21,27,28,6,22
1,<environment.Job instance at 0x7f1a4cb36f50>,21,3,[8 5],22,51,54,29,28
1,<environment.Job instance at 0x7f1a4cb36050>,22,21,[4 5],23,36,57,13,36
1,<environment.Job instance at 0x7f1a4cb363c0>,19,12,[10  5],20,54,66,34,41
1,<environment.Job instance at 0x7f1a4cb36e60>,25,18,[2 8],26,57,75,31,55
1,<environment.Job instance at 0x7f1a4cb365f0>,26,2,[3 8],27,75,77,48,59
1,<environment.Job instance at 0x7f1a4cb36af0>,27,1,[8 4],28,66,67,38,61
1,<environment.Job instance at 0x7f1a4cb36140>,28,14,[5 7],29,104,118,75,104
1,<environment.Job instance at 0x7f1a4cb36e10>,29,15,[7 2],30,116,131,86,116
1,<environment.Job instance at 0x7f1a4ca5df50>,1,18,[10  4],2,2,20,0,2
1,<environment.Job instance at 0x7f1a4c665af0>,5,19,[3 6],6,6,25,0,6
1,<environment.Job instance at 0x7f1a4c665dc0>,8,2,[5 9],9,20,22,11,20
1,<environment.Job instance at 0x7f1a4c2428c0>,12,2,[4 9],13,22,24,9,22
1,<environment.Job instance at 0x7f1a4caa2050>,16,1,[2 5],17,24,25,7,24
1,<environment.Job instance at 0x7f1a4c268b40>,18,1,[8 1],19,24,25,5,24
1,<environment.Job instance at 0x7f1a4c665fa0>,4,12,[10  3],5,25,37,20,25
1,<environment.Job instance at 0x7f1a4ca7b870>,20,1,[3 6],21,25,26,4,25
1,<environment.Job instance at 0x7f1a4c291a50>,9,13,[5 5],10,26,39,16,26
1,<environment.Job instance at 0x7f1a4ca7b690>,21,3,[8 5],22,37,40,15,37
1,<environment.Job instance at 0x7f1a4c268230>,19,12,[10  5],20,40,52,20,40
1,<environment.Job instance at 0x7f1a4beda1e0>,25,18,[2 8],26,40,58,14,40
1,<environment.Job instance at 0x7f1a4c242370>,7,13,[9 3],8,52,65,44,52
1,<environment.Job instance at 0x7f1a4bd13730>,26,2,[3 8],27,58,60,31,58
1,<environment.Job instance at 0x7f1a4c418230>,28,14,[5 7],29,60,74,31,60
1,<environment.Job instance at 0x7f1a4cb28370>,27,1,[8 4],28,65,66,37,65
1,<environment.Job instance at 0x7f1a4c409640>,29,15,[7 2],30,66,81,36,66
1,<environment.Job instance at 0x7f1a4becc050>,24,18,[8 2],25,74,92,49,74
1,<environment.Job instance at 0x7f1a4bf6feb0>,36,2,[4 7],37,81,83,44,81
1,<environment.Job instance at 0x7f1a4caab1e0>,32,12,[9 1],33,92,104,59,92
1,<environment.Job instance at 0x7f1a4c79d9b0>,40,17,[2 6],41,92,109,51,92
1,<environment.Job instance at 0x7f1a4caf5500>,23,16,[10  1],24,104,120,80,104
1,<environment.Job instance at 0x7f1a4cb68d20>,46,12,[ 1 10],47,109,121,62,109
1,<environment.Job instance at 0x7f1a4bfd8b90>,2,1,[12  5],3,3,4,0,3
1,<environment.Job instance at 0x7f1a4bfd8730>,3,1,[9 4],4,4,5,0,4
1,<environment.Job instance at 0x7f1a4c82cd70>,4,22,[2 9],5,5,27,0,5
1,<environment.Job instance at 0x7f1a4c82c6e0>,5,14,[8 2],6,6,20,0,6
1,<environment.Job instance at 0x7f1a4c82c690>,10,13,[4 6],11,20,33,9,11
1,<environment.Job instance at 0x7f1a4d2053c0>,13,3,[1 6],14,27,30,13,16
1,<environment.Job instance at 0x7f1a4c82c910>,16,2,[3 9],17,30,32,13,19
1,<environment.Job instance at 0x7f1a4c82c320>,12,13,[ 5 12],13,33,46,20,19
1,<environment.Job instance at 0x7f1a4c82c640>,19,1,[ 3 13],20,46,47,26,20
1,<environment.Job instance at 0x7f1a4c82c3c0>,20,23,[6 2],21,32,55,11,32
1,<environment.Job instance at 0x7f1a4c82c0a0>,21,22,[1 9],22,47,69,25,40
1,<environment.Job instance at 0x7f1a4c82c9b0>,22,14,[6 1],23,47,61,24,40
1,<environment.Job instance at 0x7f1a4c82c0f0>,18,16,[3 5],19,55,71,36,42
1,<environment.Job instance at 0x7f1a4c82ceb0>,14,17,[10  4],15,69,86,54,57
1,<environment.Job instance at 0x7f1a4c82df50>,25,18,[ 3 12],26,89,107,63,89
1,<environment.Job instance at 0x7f1a4c2e1b40>,3,1,[9 4],4,4,5,0,4
1,<environment.Job instance at 0x7f1a4c2e1500>,4,22,[2 9],5,5,27,0,5
1,<environment.Job instance at 0x7f1a4c2e1280>,5,14,[8 2],6,6,20,0,6
1,<environment.Job instance at 0x7f1a4c8e3f00>,13,3,[1 6],14,20,23,6,20
1,<environment.Job instance at 0x7f1a4c8e35a0>,10,13,[4 6],11,23,36,12,23
1,<environment.Job instance at 0x7f1a4d092460>,16,2,[3 9],17,27,29,10,27
1,<environment.Job instance at 0x7f1a55d627d0>,22,14,[6 1],23,29,43,6,29
1,<environment.Job instance at 0x7f1a4d092960>,18,16,[3 5],19,29,45,10,29
1,<environment.Job instance at 0x7f1a4bf80140>,27,2,[1 5],28,36,38,8,36
1,<environment.Job instance at 0x7f1a4c8e3be0>,15,15,[5 9],16,38,53,22,38
1,<environment.Job instance at 0x7f1a4c24a140>,33,15,[6 4],34,45,60,11,45
1,<environment.Job instance at 0x7f1a4c24afa0>,32,12,[4 7],33,53,65,20,53
1,<environment.Job instance at 0x7f1a4c24a550>,29,17,[10  3],30,60,77,30,60
1,<environment.Job instance at 0x7f1a4ca6c910>,35,15,[ 5 10],36,65,80,29,65
1,<environment.Job instance at 0x7f1a4c8e36e0>,14,17,[10  4],15,77,94,62,77
1,<environment.Job instance at 0x7f1a4c251b40>,38,3,[5 9],39,80,83,41,80
1,<environment.Job instance at 0x7f1a4c251320>,37,17,[ 2 10],38,83,100,45,83
1,<environment.Job instance at 0x7f1a4c246a00>,41,16,[10  3],42,94,110,52,94
1,<environment.Job instance at 0x7f1a4cb248c0>,44,3,[1 9],45,100,103,55,100
1,<environment.Job instance at 0x7f1a4ca6ca00>,34,17,[3 8],35,103,120,68,103
1,<environment.Job instance at 0x7f1a4c23b910>,45,15,[6 5],46,110,125,64,110
1,<environment.Job instance at 0x7f1a4d222aa0>,0,1,[ 3 10],1,1,2,0,1
1,<environment.Job instance at 0x7f1a4d222fa0>,1,12,[5 9],2,2,14,0,2
1,<environment.Job instance at 0x7f1a4d222be0>,2,3,[7 4],3,3,6,0,3
1,<environment.Job instance at 0x7f1a4d222b40>,3,1,[8 2],4,6,7,2,4
1,<environment.Job instance at 0x7f1a4d2226e0>,5,1,[ 3 10],6,14,15,8,8
1,<environment.Job instance at 0x7f1a4d222910>,8,1,[4 6],9,9,10,0,9
1,<environment.Job instance at 0x7f1a4d222960>,6,2,[14  2],7,15,17,8,10
1,<environment.Job instance at 0x7f1a4d2221e0>,10,1,[5 8],11,17,18,6,11
1,<environment.Job instance at 0x7f1a4d222a00>,7,18,[7 1],8,17,35,9,14
1,<environment.Job instance at 0x7f1a4d222e60>,16,3,[2 6],17,17,20,0,17
1,<environment.Job instance at 0x7f1a4d222410>,17,3,[9 3],18,35,38,17,18
1,<environment.Job instance at 0x7f1a4c13ea00>,21,3,[5 3],22,22,25,0,22
1,<environment.Job instance at 0x7f1a4c13e3c0>,22,21,[3 7],23,23,44,0,23
1,<environment.Job instance at 0x7f1a4c13eeb0>,26,3,[10  4],27,38,41,11,27
1,<environment.Job instance at 0x7f1a4c13e4b0>,30,12,[4 9],31,44,56,13,31
1,<environment.Job instance at 0x7f1a4bcdccd0>,35,2,[ 4 11],36,56,58,20,36
1,<environment.Job instance at 0x7f1a4bcdc730>,38,15,[1 7],39,58,73,19,44
1,<environment.Job instance at 0x7f1a4bcdcc30>,43,12,[ 3 10],44,73,85,29,56
1,<environment.Job instance at 0x7f1a4bcdcf00>,45,3,[ 5 14],46,85,88,39,59
1,<environment.Job instance at 0x7f1a4bcdcf50>,53,20,[1 5],54,63,83,9,63
1,<environment.Job instance at 0x7f1a4c4abd70>,58,3,[ 5 14],59,88,91,29,73
1,<environment.Job instance at 0x7f1a4c4abbe0>,63,1,[7 4],64,83,84,19,76
1,<environment.Job instance at 0x7f1a4bcdcbe0>,41,12,[1 9],42,91,103,49,76
1,<environment.Job instance at 0x7f1a4bcdcb90>,52,21,[12  2],53,91,112,38,83
1,<environment.Job instance at 0x7f1a4c4abaa0>,68,14,[7 3],69,112,126,43,97
1,<environment.Job instance at 0x7f1a4c1a29b0>,77,2,[ 2 13],78,103,105,25,97
1,<environment.Job instance at 0x7f1a4bb594b0>,80,2,[1 8],81,105,107,24,102
1,<environment.Job instance at 0x7f1a4bb59b40>,81,12,[11  2],82,126,138,44,109
1,<environment.Job instance at 0x7f1a4c736320>,0,1,[ 3 10],1,1,2,0,1
1,<environment.Job instance at 0x7f1a4cd8f370>,1,12,[5 9],2,2,14,0,2
1,<environment.Job instance at 0x7f1a4bf42370>,2,3,[7 4],3,3,6,0,3
1,<environment.Job instance at 0x7f1a4bf42aa0>,3,1,[8 2],4,6,7,2,6
1,<environment.Job instance at 0x7f1a4bf42280>,7,18,[7 1],8,8,26,0,8
1,<environment.Job instance at 0x7f1a4bf42320>,8,1,[4 6],9,14,15,5,14
1,<environment.Job instance at 0x7f1a4bf425f0>,5,1,[ 3 10],6,15,16,9,15
1,<environment.Job instance at 0x7f1a4bf4adc0>,10,1,[5 8],11,16,17,5,16
1,<environment.Job instance at 0x7f1a4bf26d70>,16,3,[2 6],17,17,20,0,17
1,<environment.Job instance at 0x7f1a4bf21c30>,15,16,[5 4],16,17,33,1,17
1,<environment.Job instance at 0x7f1a4c721eb0>,9,18,[ 3 10],10,20,38,10,20
1,<environment.Job instance at 0x7f1a4bf21be0>,17,3,[9 3],18,33,36,15,33
1,<environment.Job instance at 0x7f1a4bf457d0>,21,3,[5 3],22,36,39,14,36
1,<environment.Job instance at 0x7f1a4bf2b2d0>,26,3,[10  4],27,38,41,11,38
1,<environment.Job instance at 0x7f1a4ca12af0>,30,12,[4 9],31,39,51,8,39
1,<environment.Job instance at 0x7f1a4ca121e0>,31,12,[7 2],32,41,53,9,41
1,<environment.Job instance at 0x7f1a4bf2be10>,23,15,[ 3 10],24,51,66,27,51
1,<environment.Job instance at 0x7f1a4ca25280>,28,16,[10  1],29,53,69,24,53
1,<environment.Job instance at 0x7f1a4ca28e10>,38,15,[1 7],39,66,81,27,66
1,<environment.Job instance at 0x7f1a4bf45870>,20,17,[4 6],21,66,83,45,66
1,<environment.Job instance at 0x7f1a4ca1df50>,41,12,[1 9],42,81,93,39,81
1,<environment.Job instance at 0x7f1a4ca1df00>,42,13,[8 3],43,83,96,40,83
1,<environment.Job instance at 0x7f1a4ca1d460>,43,12,[ 3 10],44,93,105,49,93
1,<environment.Job instance at 0x7f1a4ca034b0>,44,15,[8 2],45,96,111,51,96
1,<environment.Job instance at 0x7f1a4ca25820>,27,17,[5 6],28,105,122,77,105
1,<environment.Job instance at 0x7f1a4bb9d6e0>,47,18,[1 6],48,105,123,57,105
1,<environment.Job instance at 0x7f1a4cb60820>,1,15,[4 9],2,2,17,0,2
1,<environment.Job instance at 0x7f1a4cb60aa0>,2,2,[3 9],3,17,19,14,3
1,<environment.Job instance at 0x7f1a4cbbf410>,5,16,[5 1],6,6,22,0,6
1,<environment.Job instance at 0x7f1a4cbbff00>,6,3,[6 3],7,7,10,0,7
1,<environment.Job instance at 0x7f1a4cbbffa0>,7,12,[4 8],8,19,31,11,8
1,<environment.Job instance at 0x7f1a4cbbf870>,8,2,[5 7],9,22,24,13,9
1,<environment.Job instance at 0x7f1a4cbbfa00>,12,1,[1 5],13,13,14,0,13
1,<environment.Job instance at 0x7f1a4cbbfd70>,14,14,[3 7],15,24,38,9,15
1,<environment.Job instance at 0x7f1a4cf3aeb0>,21,12,[3 5],22,31,43,9,23
1,<environment.Job instance at 0x7f1a4cf3a320>,24,2,[5 5],25,38,40,13,25
1,<environment.Job instance at 0x7f1a4cf3a410>,23,14,[6 2],24,31,45,7,28
1,<environment.Job instance at 0x7f1a4cf3a6e0>,27,12,[5 5],28,40,52,12,29
1,<environment.Job instance at 0x7f1a4c7d9550>,31,14,[5 4],32,45,59,13,37
1,<environment.Job instance at 0x7f1a4cb53eb0>,1,15,[4 9],2,2,17,0,2
1,<environment.Job instance at 0x7f1a4cb44c30>,5,16,[5 1],6,6,22,0,6
1,<environment.Job instance at 0x7f1a4cb44370>,6,3,[6 3],7,7,10,0,7
1,<environment.Job instance at 0x7f1a4c3cc0f0>,12,1,[1 5],13,13,14,0,13
1,<environment.Job instance at 0x7f1a4cb532d0>,2,2,[3 9],3,17,19,14,17
1,<environment.Job instance at 0x7f1a4cb44050>,8,2,[5 7],9,19,21,10,19
1,<environment.Job instance at 0x7f1a4cd8f0f0>,14,14,[3 7],15,19,33,4,19
1,<environment.Job instance at 0x7f1a4cb615f0>,7,12,[4 8],8,22,34,14,22
1,<environment.Job instance at 0x7f1a4c7d9dc0>,21,12,[3 5],22,33,45,11,33
1,<environment.Job instance at 0x7f1a4cb60c80>,23,14,[6 2],24,33,47,9,33
1,<environment.Job instance at 0x7f1a4cb601e0>,24,2,[5 5],25,34,36,9,34
1,<environment.Job instance at 0x7f1a4cb60fa0>,27,12,[5 5],28,36,48,8,36
1,<environment.Job instance at 0x7f1a4cb60640>,28,16,[4 6],29,45,61,16,45
1,<environment.Job instance at 0x7f1a4bba3820>,31,14,[5 4],32,47,61,15,47
1,<environment.Job instance at 0x7f1a4bba3e60>,33,12,[3 8],34,61,73,27,61
1,<environment.Job instance at 0x7f1a4bba3500>,36,14,[8 4],37,61,75,24,61
1,<environment.Job instance at 0x7f1a4bba3aa0>,38,12,[ 4 10],39,73,85,34,73
1,<environment.Job instance at 0x7f1a4c73d4b0>,44,1,[9 4],45,75,76,30,75
1,<environment.Job instance at 0x7f1a4c73de60>,48,15,[10  3],49,76,91,27,76
1,<environment.Job instance at 0x7f1a4c73d8c0>,43,13,[2 9],44,85,98,41,85
1,<environment.Job instance at 0x7f1a4c73da50>,51,17,[7 1],52,91,108,39,91
1,<environment.Job instance at 0x7f1a4c73da00>,50,17,[6 3],51,91,108,40,91
1,<environment.Job instance at 0x7f1a4cbed460>,54,13,[ 2 10],55,98,111,43,98
1,<environment.Job instance at 0x7f1a4cbed550>,58,1,[7 1],59,111,112,52,111
1,<environment.Job instance at 0x7f1a4cbed280>,57,3,[5 7],58,111,114,53,111
1,<environment.Job instance at 0x7f1a4cbede60>,60,1,[10  4],61,112,113,51,112
1,<environment.Job instance at 0x7f1a4cbed8c0>,62,2,[4 6],63,113,115,50,113
1,<environment.Job instance at 0x7f1a4cb617d0>,16,13,[5 8],17,114,127,97,114
1,<environment.Job instance at 0x7f1a4cbed0a0>,64,1,[9 3],65,115,116,50,115
1,<environment.Job instance at 0x7f1a4cbed190>,61,15,[9 5],62,116,131,54,116
1,<environment.Job instance at 0x7f1a4d27f4b0>,0,1,[3 6],1,1,2,0,1
1,<environment.Job instance at 0x7f1a4cc07c30>,4,15,[2 5],5,5,20,0,5
1,<environment.Job instance at 0x7f1a4ccca4b0>,5,1,[5 9],6,6,7,0,6
1,<environment.Job instance at 0x7f1a4cccaeb0>,6,3,[6 3],7,7,10,0,7
1,<environment.Job instance at 0x7f1a4ccca460>,3,14,[9 1],4,10,24,6,9
1,<environment.Job instance at 0x7f1a4c961f00>,11,12,[7 5],12,24,36,12,12
1,<environment.Job instance at 0x7f1a4c961c80>,13,2,[ 1 13],14,20,22,6,14
1,<environment.Job instance at 0x7f1a4c9610a0>,14,3,[3 6],15,15,18,0,15
1,<environment.Job instance at 0x7f1a4be647d0>,18,13,[1 7],19,22,35,3,19
1,<environment.Job instance at 0x7f1a4ccca050>,8,14,[ 2 10],9,35,49,26,21
1,<environment.Job instance at 0x7f1a4be64230>,21,1,[8 1],22,36,37,14,22
1,<environment.Job instance at 0x7f1a4d225a50>,26,3,[3 8],27,49,52,22,27
1,<environment.Job instance at 0x7f1a4d2251e0>,23,26,[10  2],24,37,63,13,34
1,<environment.Job instance at 0x7f1a4d225dc0>,31,1,[12  5],32,63,64,31,38
1,<environment.Job instance at 0x7f1a4d2252d0>,32,1,[ 2 14],33,64,65,31,38
1,<environment.Job instance at 0x7f1a4d225af0>,36,3,[4 7],37,52,55,15,39
1,<environment.Job instance at 0x7f1a4d225910>,34,2,[14  3],35,65,67,30,39
1,<environment.Job instance at 0x7f1a4c308500>,40,2,[5 7],41,55,57,14,41
1,<environment.Job instance at 0x7f1a55d7e910>,47,12,[11  3],48,67,79,19,53
1,<environment.Job instance at 0x7f1a55d7e370>,49,12,[ 4 12],50,67,79,17,54
1,<environment.Job instance at 0x7f1a55d7e2d0>,50,2,[5 2],51,57,59,6,54
1,<environment.Job instance at 0x7f1a4c99f230>,52,12,[5 2],53,79,91,26,62
1,<environment.Job instance at 0x7f1a4c99f1e0>,53,15,[ 2 12],54,79,94,25,65
1,<environment.Job instance at 0x7f1a4d225b90>,37,1,[5 1],38,79,80,41,77
1,<environment.Job instance at 0x7f1a4ba8baa0>,63,12,[4 7],64,94,106,30,78
1,<environment.Job instance at 0x7f1a4c0d3a00>,77,17,[11  3],78,93,110,15,93
1,<environment.Job instance at 0x7f1a4c0d31e0>,78,17,[5 3],79,110,127,31,106
1,<environment.Job instance at 0x7f1a4cb51f00>,0,1,[3 6],1,1,2,0,1
1,<environment.Job instance at 0x7f1a4cb51a50>,3,14,[9 1],4,4,18,0,4
1,<environment.Job instance at 0x7f1a4c7e77d0>,4,15,[2 5],5,5,20,0,5
1,<environment.Job instance at 0x7f1a4c7e7690>,5,1,[5 9],6,18,19,12,18
1,<environment.Job instance at 0x7f1a4c7e7c30>,14,3,[3 6],15,19,22,4,19
1,<environment.Job instance at 0x7f1a4cb51640>,6,3,[6 3],7,19,22,12,19
1,<environment.Job instance at 0x7f1a4c7e75a0>,11,12,[7 5],12,22,34,10,22
1,<environment.Job instance at 0x7f1a4bb9d6e0>,21,1,[8 1],22,22,23,0,22
1,<environment.Job instance at 0x7f1a4c7e7dc0>,18,13,[1 7],19,23,36,4,23
1,<environment.Job instance at 0x7f1a4c7e7f50>,24,17,[8 3],25,34,51,9,34
1,<environment.Job instance at 0x7f1a4c363050>,22,18,[4 5],23,34,52,11,34
1,<environment.Job instance at 0x7f1a4cb61690>,26,3,[3 8],27,51,54,24,51
1,<environment.Job instance at 0x7f1a4cb617d0>,25,14,[9 3],26,52,66,26,52
1,<environment.Job instance at 0x7f1a4c7e7190>,8,14,[ 2 10],9,54,68,45,54
1,<environment.Job instance at 0x7f1a4cb533c0>,33,15,[3 5],34,66,81,32,66
1,<environment.Job instance at 0x7f1a4d225190>,37,1,[5 1],38,68,69,30,68
1,<environment.Job instance at 0x7f1a4cb53eb0>,36,3,[4 7],37,68,71,31,68
1,<environment.Job instance at 0x7f1a4c7e7410>,10,18,[8 3],11,69,87,58,69
1,<environment.Job instance at 0x7f1a4cb44370>,28,15,[3 7],29,71,86,42,71
1,<environment.Job instance at 0x7f1a4c3087d0>,40,2,[5 7],41,86,88,45,86
1,<environment.Job instance at 0x7f1a4d225410>,38,18,[5 5],39,87,105,48,87
1,<environment.Job instance at 0x7f1a4bdb1a50>,50,2,[5 2],51,88,90,37,88
1,<environment.Job instance at 0x7f1a4bba3f50>,52,12,[5 2],53,88,100,35,88
1,<environment.Job instance at 0x7f1a4bba3190>,54,17,[2 7],55,90,107,35,90
1,<environment.Job instance at 0x7f1a4c0d3730>,41,18,[9 2],42,105,123,63,105
1,<environment.Job instance at 0x7f1a4d225fa0>,39,15,[ 1 10],40,107,122,67,107
1,<environment.Job instance at 0x7f1a4ba27fa0>,2,2,[4 8],3,3,5,0,3
1,<environment.Job instance at 0x7f1a4ba274b0>,5,21,[1 7],6,6,27,0,6
1,<environment.Job instance at 0x7f1a4ba27a00>,9,12,[8 5],10,10,22,0,10
1,<environment.Job instance at 0x7f1a4bb1b1e0>,15,3,[14  1],16,22,25,6,16
1,<environment.Job instance at 0x7f1a4bb1b550>,18,3,[4 9],19,27,30,8,19
1,<environment.Job instance at 0x7f1a4c237fa0>,20,1,[1 6],21,25,26,4,21
1,<environment.Job instance at 0x7f1a4c237280>,21,13,[3 8],22,30,43,8,22
1,<environment.Job instance at 0x7f1a4bb1b870>,23,3,[ 4 10],24,43,46,19,25
1,<environment.Job instance at 0x7f1a4c237f00>,26,1,[ 5 11],27,46,47,19,28
1,<environment.Job instance at 0x7f1a4c252a00>,4,21,[5 3],5,29,50,24,29
1,<environment.Job instance at 0x7f1a4c237e60>,28,16,[6 2],29,47,63,18,35
1,<environment.Job instance at 0x7f1a4c237cd0>,29,20,[1 9],30,47,67,17,44
1,<environment.Job instance at 0x7f1a4d1e6f50>,30,18,[3 7],31,67,85,36,60
1,<environment.Job instance at 0x7f1a4c237b90>,27,12,[4 8],28,67,79,39,60
1,<environment.Job instance at 0x7f1a4d1e64b0>,32,3,[4 7],33,79,82,46,60
1,<environment.Job instance at 0x7f1a4d1e6870>,31,1,[12  5],32,63,64,31,62
1,<environment.Job instance at 0x7f1a4c2372d0>,22,16,[ 4 14],23,85,101,62,73
1,<environment.Job instance at 0x7f1a4bacdeb0>,35,17,[2 5],36,101,118,65,89
1,<environment.Job instance at 0x7f1a4bacddc0>,36,1,[ 3 12],37,118,119,81,90
1,<environment.Job instance at 0x7f1a4d133500>,37,24,[10  3],38,107,131,69,107
1,<environment.Job instance at 0x7f1a4bacdc80>,38,3,[1 9],39,119,122,80,107
1,<environment.Job instance at 0x7f1a4d1335f0>,39,3,[11  1],40,131,134,91,107
1,<environment.Job instance at 0x7f1a4d18c4b0>,40,1,[9 2],41,134,135,93,107
1,<environment.Job instance at 0x7f1a4bd8e5a0>,41,18,[2 9],42,122,140,80,111
1,<environment.Job instance at 0x7f1a4c8876e0>,2,2,[4 8],3,3,5,0,3
1,<environment.Job instance at 0x7f1a4c8871e0>,3,22,[3 7],4,4,26,0,4
1,<environment.Job instance at 0x7f1a4c887eb0>,4,21,[5 3],5,5,26,0,5
1,<environment.Job instance at 0x7f1a4c41ac80>,11,19,[6 2],12,12,31,0,12
1,<environment.Job instance at 0x7f1a4ce07e60>,18,3,[4 9],19,26,29,7,26
1,<environment.Job instance at 0x7f1a4c827f00>,20,1,[1 6],21,29,30,8,29
1,<environment.Job instance at 0x7f1a4c890fa0>,9,12,[8 5],10,29,41,19,29
1,<environment.Job instance at 0x7f1a4c158280>,23,3,[ 4 10],24,31,34,7,31
1,<environment.Job instance at 0x7f1a4c8a35f0>,27,12,[4 8],28,34,46,6,34
1,<environment.Job instance at 0x7f1a4c41a7d0>,10,12,[9 1],11,41,53,30,41
1,<environment.Job instance at 0x7f1a4c819c30>,21,13,[3 8],22,46,59,24,46
1,<environment.Job instance at 0x7f1a4c6e46e0>,32,3,[4 7],33,53,56,20,53
1,<environment.Job instance at 0x7f1a4c0644b0>,6,14,[3 7],7,56,70,49,56
1,<environment.Job instance at 0x7f1a4c8a3b90>,28,16,[6 2],29,59,75,30,59
1,<environment.Job instance at 0x7f1a4b9a87d0>,35,17,[2 5],36,59,76,23,59
1,<environment.Job instance at 0x7f1a4c6e4870>,33,18,[3 6],34,70,88,36,70
1,<environment.Job instance at 0x7f1a4c705320>,40,1,[9 2],41,75,76,34,75
1,<environment.Job instance at 0x7f1a4c718190>,38,3,[1 9],39,76,79,37,76
1,<environment.Job instance at 0x7f1a4c8745a0>,44,15,[8 4],45,79,94,34,79
1,<environment.Job instance at 0x7f1a4c6df8c0>,46,15,[2 8],47,88,103,41,88
1,<environment.Job instance at 0x7f1a4c874f00>,48,1,[10  4],49,94,95,45,94
1,<environment.Job instance at 0x7f1a4c874780>,49,2,[6 2],50,95,97,45,95
1,<environment.Job instance at 0x7f1a4c71acd0>,50,12,[10  3],51,97,109,46,97
1,<environment.Job instance at 0x7f1a4c6df960>,47,17,[2 7],48,103,120,55,103
1,<environment.Job instance at 0x7f1a4c8a13c0>,59,2,[8 2],60,109,111,49,109
1,<environment.Job instance at 0x7f1a4c8a3460>,30,18,[3 7],31,111,129,80,111
1,<environment.Job instance at 0x7f1a4c6e4370>,0,13,[3 9],1,1,14,0,1
1,<environment.Job instance at 0x7f1a4c6e4eb0>,2,3,[5 2],3,3,6,0,3
1,<environment.Job instance at 0x7f1a4c6e4820>,3,3,[ 1 10],4,14,17,10,4
1,<environment.Job instance at 0x7f1a4c6e4e10>,6,1,[2 8],7,17,18,10,7
1,<environment.Job instance at 0x7f1a4c6e4d20>,7,2,[ 5 10],8,18,20,10,8
1,<environment.Job instance at 0x7f1a4c6e4410>,8,2,[ 3 12],9,20,22,11,9
1,<environment.Job instance at 0x7f1a4c6e44b0>,9,16,[5 4],10,22,38,12,10
1,<environment.Job instance at 0x7f1a4c6dab40>,11,14,[3 7],12,22,36,10,12
1,<environment.Job instance at 0x7f1a4c6dadc0>,12,3,[6 5],13,13,16,0,13
1,<environment.Job instance at 0x7f1a4c6da910>,13,13,[6 3],14,16,29,2,14
1,<environment.Job instance at 0x7f1a4c6daaa0>,16,1,[1 5],17,36,37,19,17
1,<environment.Job instance at 0x7f1a4c6da320>,17,13,[3 8],18,37,50,19,21
1,<environment.Job instance at 0x7f1a4c6dac30>,20,2,[14  4],21,50,52,29,23
1,<environment.Job instance at 0x7f1a4c6da4b0>,18,2,[3 7],19,38,40,19,23
1,<environment.Job instance at 0x7f1a4c7056e0>,25,3,[5 5],26,40,43,14,26
1,<environment.Job instance at 0x7f1a4c705370>,28,2,[6 2],29,29,31,0,29
1,<environment.Job instance at 0x7f1a4c7057d0>,29,2,[10  5],30,43,45,13,30
1,<environment.Job instance at 0x7f1a4c705e60>,27,13,[4 7],28,52,65,24,36
1,<environment.Job instance at 0x7f1a4c6b7460>,31,12,[11  5],32,52,64,20,37
1,<environment.Job instance at 0x7f1a4c7050a0>,23,13,[ 4 14],24,65,78,41,63
1,<environment.Job instance at 0x7f1a4c6b7f00>,34,14,[ 5 11],35,110,124,75,110
1,<environment.Job instance at 0x7f1a4bd0d780>,0,13,[3 9],1,1,14,0,1
1,<environment.Job instance at 0x7f1a4bcdf960>,2,3,[5 2],3,3,6,0,3
1,<environment.Job instance at 0x7f1a4bcfd0f0>,9,16,[5 4],10,10,26,0,10
1,<environment.Job instance at 0x7f1a4bcfdb90>,6,1,[2 8],7,14,15,7,14
1,<environment.Job instance at 0x7f1a4bce8a50>,7,2,[ 5 10],8,15,17,7,15
1,<environment.Job instance at 0x7f1a4bd0d870>,3,3,[ 1 10],4,17,20,13,17
1,<environment.Job instance at 0x7f1a4bd1bb40>,16,1,[1 5],17,20,21,3,20
1,<environment.Job instance at 0x7f1a4bd0c370>,12,3,[6 5],13,20,23,7,20
1,<environment.Job instance at 0x7f1a4bd1bdc0>,18,2,[3 7],19,23,25,4,23
1,<environment.Job instance at 0x7f1a4bcf5c80>,13,13,[6 3],14,23,36,9,23
1,<environment.Job instance at 0x7f1a4bcf5c30>,17,13,[3 8],18,25,38,7,25
1,<environment.Job instance at 0x7f1a4c6e6d20>,25,3,[5 5],26,36,39,10,36
1,<environment.Job instance at 0x7f1a4c6e6cd0>,27,13,[4 7],28,38,51,10,38
1,<environment.Job instance at 0x7f1a4c6e19b0>,28,2,[6 2],29,38,40,9,38
1,<environment.Job instance at 0x7f1a4c6e6190>,24,16,[5 6],25,39,55,14,39
1,<environment.Job instance at 0x7f1a4c6e1aa0>,29,2,[10  5],30,51,53,21,51
1,<environment.Job instance at 0x7f1a4bcfd1e0>,11,14,[3 7],12,53,67,41,53
1,<environment.Job instance at 0x7f1a4c713820>,33,14,[5 8],34,55,69,21,55
1,<environment.Job instance at 0x7f1a4c71ad70>,39,13,[6 3],40,67,80,27,67
1,<environment.Job instance at 0x7f1a4c6d1c80>,42,3,[9 1],43,69,72,26,69
1,<environment.Job instance at 0x7f1a4bd053c0>,30,15,[5 5],31,72,87,41,72
1,<environment.Job instance at 0x7f1a4ce11050>,47,1,[5 1],48,80,81,32,80
1,<environment.Job instance at 0x7f1a4c71b550>,21,18,[5 5],22,80,98,58,80
1,<environment.Job instance at 0x7f1a4c825820>,50,2,[10  3],51,87,89,36,87
1,<environment.Job instance at 0x7f1a4c337c30>,49,12,[10  5],50,89,101,39,89
1,<environment.Job instance at 0x7f1a4c6dabe0>,53,16,[2 6],54,98,114,44,98
1,<environment.Job instance at 0x7f1a4c7050f0>,55,1,[8 2],56,101,102,45,101
1,<environment.Job instance at 0x7f1a4c6da9b0>,54,12,[9 2],55,102,114,47,102
1,<environment.Job instance at 0x7f1a4c6da870>,56,15,[8 5],57,114,129,57,114
1,<environment.Job instance at 0x7f1a7165ba00>,64,2,[1 5],65,114,116,49,114
1,<environment.Job instance at 0x7f1a4c80b8c0>,32,18,[ 3 10],33,116,134,83,116
1,<environment.Job instance at 0x7f1a4c6191e0>,7,3,[ 5 11],8,8,11,0,8
1,<environment.Job instance at 0x7f1a4c619460>,9,3,[8 3],10,10,13,0,10
1,<environment.Job instance at 0x7f1a4c619960>,18,21,[5 1],19,19,40,0,19
1,<environment.Job instance at 0x7f1a4c619be0>,20,1,[3 5],21,21,22,0,21
1,<environment.Job instance at 0x7f1a4c619d70>,22,18,[2 8],23,23,41,0,23
1,<environment.Job instance at 0x7f1a4c619eb0>,24,12,[5 1],25,25,37,0,25
1,<environment.Job instance at 0x7f1a4c60e140>,28,14,[ 5 10],29,41,55,12,29
1,<environment.Job instance at 0x7f1a4c60e370>,30,2,[ 3 10],31,55,57,24,31
1,<environment.Job instance at 0x7f1a4c60e500>,32,2,[13  5],33,57,59,24,33
1,<environment.Job instance at 0x7f1a4c619fa0>,37,14,[3 7],38,59,73,21,44
1,<environment.Job instance at 0x7f1a4c60e7d0>,38,18,[1 5],39,44,62,5,44
1,<environment.Job instance at 0x7f1a4c60e9b0>,39,12,[ 4 14],40,73,85,33,56
1,<environment.Job instance at 0x7f1a4c60eb90>,42,16,[12  5],43,85,101,42,73
1,<environment.Job instance at 0x7f1a4bf13a00>,1,20,[ 4 13],2,101,121,99,95
1,<environment.Job instance at 0x7f1a4c60ee60>,44,2,[5 5],45,121,123,76,106
1,<environment.Job instance at 0x7f1a4c60ee10>,45,17,[7 1],46,108,125,62,108
1,<environment.Job instance at 0x7f1a4ca86f50>,0,17,[10  5],1,1,18,0,1
1,<environment.Job instance at 0x7f1a4cc348c0>,4,13,[10  2],5,18,31,13,18
1,<environment.Job instance at 0x7f1a4cc34190>,9,3,[8 3],10,31,34,21,31
1,<environment.Job instance at 0x7f1a4c827140>,10,12,[1 9],11,31,43,20,31
1,<environment.Job instance at 0x7f1a4c827190>,11,12,[3 5],12,34,46,22,34
1,<environment.Job instance at 0x7f1a4cc34be0>,8,14,[10  3],9,43,57,34,43
1,<environment.Job instance at 0x7f1a4c8278c0>,20,1,[3 5],21,46,47,25,46
1,<environment.Job instance at 0x7f1a4c827370>,13,16,[5 8],14,47,63,33,47
1,<environment.Job instance at 0x7f1a4ca86d20>,3,14,[8 3],4,57,71,53,57
1,<environment.Job instance at 0x7f1a4c827af0>,22,18,[2 8],23,63,81,40,63
1,<environment.Job instance at 0x7f1a4c827f50>,24,12,[5 1],25,63,75,38,63
1,<environment.Job instance at 0x7f1a4c8275a0>,25,16,[7 4],26,71,87,45,71
1,<environment.Job instance at 0x7f1a4c8277d0>,28,14,[ 5 10],29,81,95,52,81
1,<environment.Job instance at 0x7f1a4c827500>,21,15,[9 5],22,87,102,65,87
1,<environment.Job instance at 0x7f1a4c8197d0>,30,2,[ 3 10],31,95,97,64,95
1,<environment.Job instance at 0x7f1a4c819230>,31,1,[1 8],32,97,98,65,97
1,<environment.Job instance at 0x7f1a4c819690>,33,1,[6 5],34,98,99,64,98
1,<environment.Job instance at 0x7f1a4c6e45a0>,37,14,[3 7],38,102,116,64,102
1,<environment.Job instance at 0x7f1a4c827a00>,23,15,[9 3],24,102,117,78,102
1,<environment.Job instance at 0x7f1a4c6e4280>,38,18,[1 5],39,102,120,63,102
1,<environment.Job instance at 0x7f1a4c6e4f00>,44,2,[5 5],45,116,118,71,116
1,<environment.Job instance at 0x7f1a4c819050>,29,16,[7 5],30,117,133,87,117
1,<environment.Job instance at 0x7f1a4c705af0>,50,1,[5 3],51,118,119,67,118
1,<environment.Job instance at 0x7f1a4c6b7eb0>,45,17,[7 1],46,119,136,73,119
1,<environment.Job instance at 0x7f1a4c098cd0>,2,3,[10  3],3,3,6,0,3
1,<environment.Job instance at 0x7f1a4bcfe320>,4,13,[12  1],5,6,19,1,6
1,<environment.Job instance at 0x7f1a4c098e60>,8,2,[9 5],9,19,21,10,9
1,<environment.Job instance at 0x7f1a4d1ddaf0>,17,17,[8 2],18,21,38,3,18
1,<environment.Job instance at 0x7f1a4bbd8fa0>,18,2,[10  5],19,38,40,19,19
1,<environment.Job instance at 0x7f1a4c0983c0>,21,3,[3 8],22,22,25,0,22
1,<environment.Job instance at 0x7f1a4bbd8be0>,23,15,[ 3 13],24,40,55,16,26
1,<environment.Job instance at 0x7f1a4c619c30>,2,3,[10  3],3,3,6,0,3
1,<environment.Job instance at 0x7f1a4cc0ceb0>,5,14,[3 5],6,6,20,0,6
1,<environment.Job instance at 0x7f1a4cc0c640>,3,17,[9 1],4,6,23,2,6
1,<environment.Job instance at 0x7f1a4bcdf910>,9,18,[ 3 10],10,20,38,10,20
1,<environment.Job instance at 0x7f1a4bcdf870>,8,2,[9 5],9,23,25,14,23
1,<environment.Job instance at 0x7f1a4bd0c280>,12,14,[9 2],13,25,39,12,25
1,<environment.Job instance at 0x7f1a4bd0c3c0>,11,18,[5 9],12,38,56,26,38
1,<environment.Job instance at 0x7f1a4c71b1e0>,18,2,[10  5],19,39,41,20,39
1,<environment.Job instance at 0x7f1a4c71b730>,20,15,[8 3],21,41,56,20,41
1,<environment.Job instance at 0x7f1a4c6e19b0>,26,1,[10  1],27,56,57,29,56
1,<environment.Job instance at 0x7f1a4c6e6cd0>,27,1,[5 3],28,56,57,28,56
1,<environment.Job instance at 0x7f1a4c80bc30>,21,3,[3 8],22,57,60,35,57
1,<environment.Job instance at 0x7f1a4bd05dc0>,30,16,[5 7],31,57,73,26,57
1,<environment.Job instance at 0x7f1a4c6f6690>,36,2,[9 5],37,60,62,23,60
1,<environment.Job instance at 0x7f1a4bcf4a00>,17,17,[8 2],18,62,79,44,62
1,<environment.Job instance at 0x7f1a4b9a80f0>,39,15,[3 6],40,73,88,33,73
1,<environment.Job instance at 0x7f1a4c71af00>,40,16,[10  3],41,79,95,38,79
1,<environment.Job instance at 0x7f1a4c825f00>,47,14,[1 7],48,88,102,40,88
1,<environment.Job instance at 0x7f1a4c825820>,48,14,[7 4],49,95,109,46,95
1,<environment.Job instance at 0x7f1a4c6da9b0>,49,16,[3 5],50,102,118,52,102
1,<environment.Job instance at 0x7f1a4c71ae60>,37,18,[5 6],38,102,120,64,102
1,<environment.Job instance at 0x7f1a4c6da870>,50,13,[2 7],51,118,131,67,118
1,<environment.Job instance at 0x7f1a4bc934b0>,0,3,[5 9],1,1,4,0,1
1,<environment.Job instance at 0x7f1a4bf34820>,1,15,[7 4],2,2,17,0,2
1,<environment.Job instance at 0x7f1a4c41c870>,2,16,[7 2],3,4,20,1,3
1,<environment.Job instance at 0x7f1a4bbb4eb0>,4,1,[5 2],5,17,18,12,5
1,<environment.Job instance at 0x7f1a4bbb43c0>,6,3,[ 3 11],7,17,20,10,7
1,<environment.Job instance at 0x7f1a4c9a40a0>,14,14,[9 5],15,20,34,5,15
1,<environment.Job instance at 0x7f1a4c988dc0>,16,19,[5 4],17,20,39,3,17
1,<environment.Job instance at 0x7f1a4bc43690>,21,18,[4 7],22,34,52,12,23
1,<environment.Job instance at 0x7f1a4bc39b40>,24,3,[14  3],25,52,55,27,26
1,<environment.Job instance at 0x7f1a4bc39640>,26,3,[ 4 13],27,55,58,28,29
1,<environment.Job instance at 0x7f1a4bc39910>,22,15,[3 8],23,58,73,35,44
1,<environment.Job instance at 0x7f1a4bc43f00>,20,28,[6 5],21,58,86,37,57
1,<environment.Job instance at 0x7f1a4d118e60>,36,2,[9 4],37,73,75,36,59
1,<environment.Job instance at 0x7f1a4d118c30>,38,1,[1 6],39,75,76,36,59
1,<environment.Job instance at 0x7f1a4d1183c0>,41,3,[7 4],42,75,78,33,60
1,<environment.Job instance at 0x7f1a4bc396e0>,27,14,[5 9],28,78,92,50,63
1,<environment.Job instance at 0x7f1a4d118870>,43,16,[1 9],44,92,108,48,79
1,<environment.Job instance at 0x7f1a4d118190>,44,1,[14  3],45,92,93,47,79
1,<environment.Job instance at 0x7f1a4d1185f0>,42,22,[5 4],43,93,115,50,86
1,<environment.Job instance at 0x7f1a4c034780>,46,3,[ 4 12],47,115,118,68,89
1,<environment.Job instance at 0x7f1a4d1184b0>,35,12,[9 4],36,118,130,82,102
1,<environment.Job instance at 0x7f1a4c705eb0>,0,3,[5 9],1,1,4,0,1
1,<environment.Job instance at 0x7f1a4c825d20>,1,15,[7 4],2,2,17,0,2
1,<environment.Job instance at 0x7f1a4c0644b0>,2,16,[7 2],3,4,20,1,4
1,<environment.Job instance at 0x7f1a4b9a8f50>,3,21,[1 5],4,4,25,0,4
1,<environment.Job instance at 0x7f1a4b9a87d0>,4,1,[5 2],5,17,18,12,17
1,<environment.Job instance at 0x7f1a4c705af0>,7,18,[2 7],8,18,36,10,18
1,<environment.Job instance at 0x7f1a4c80baa0>,14,14,[9 5],15,25,39,10,25
1,<environment.Job instance at 0x7f1a4c713820>,5,14,[ 2 10],6,36,50,30,36
1,<environment.Job instance at 0x7f1a4c80b190>,9,15,[8 5],10,39,54,29,39
1,<environment.Job instance at 0x7f1a4c82cdc0>,27,14,[5 9],28,50,64,22,50
1,<environment.Job instance at 0x7f1a4c2840f0>,32,18,[10  1],33,54,72,21,54
1,<environment.Job instance at 0x7f1a4bf4e910>,22,15,[3 8],23,64,79,41,64
1,<environment.Job instance at 0x7f1a4ca6c0f0>,36,2,[9 4],37,72,74,35,72
1,<environment.Job instance at 0x7f1a4ca6c320>,35,12,[9 4],36,74,86,38,74
1,<environment.Job instance at 0x7f1a4ca6c870>,38,1,[1 6],39,79,80,40,79
1,<environment.Job instance at 0x7f1a4ca6c140>,39,16,[ 1 10],40,80,96,40,80
1,<environment.Job instance at 0x7f1a4ca6c7d0>,41,3,[7 4],42,86,89,44,86
1,<environment.Job instance at 0x7f1a4d0a0eb0>,48,2,[8 4],49,96,98,47,96
1,<environment.Job instance at 0x7f1a4ca7beb0>,50,12,[ 4 10],51,96,108,45,96
1,<environment.Job instance at 0x7f1a4d0a0a50>,51,3,[2 7],52,108,111,56,108
1,<environment.Job instance at 0x7f1a4ca7b690>,52,3,[2 8],53,108,111,55,108
1,<environment.Job instance at 0x7f1a4ca7b2d0>,53,1,[7 4],54,111,112,57,111
1,<environment.Job instance at 0x7f1a4ca7b050>,54,2,[6 1],55,111,113,56,111
1,<environment.Job instance at 0x7f1a4d0a01e0>,43,16,[1 9],44,111,127,67,111
1,<environment.Job instance at 0x7f1a4ca7b1e0>,55,2,[7 5],56,112,114,56,112
1,<environment.Job instance at 0x7f1a4ca7b730>,57,15,[8 4],58,114,129,56,114
1,<environment.Job instance at 0x7f1a4ca4e5a0>,0,3,[10  5],1,1,4,0,1
1,<environment.Job instance at 0x7f1a4ca4ea00>,1,14,[5 2],2,2,16,0,2
1,<environment.Job instance at 0x7f1a4c7bf0a0>,4,1,[12  5],5,16,17,11,5
1,<environment.Job instance at 0x7f1a4c8a5aa0>,8,2,[6 2],9,9,11,0,9
1,<environment.Job instance at 0x7f1a4d133d70>,9,12,[ 5 14],10,17,29,7,10
1,<environment.Job instance at 0x7f1a4d138280>,12,1,[8 1],13,13,14,0,13
1,<environment.Job instance at 0x7f1a55890a00>,17,14,[1 5],18,29,43,11,18
1,<environment.Job instance at 0x7f1a4cdc0640>,18,15,[2 6],19,29,44,10,19
1,<environment.Job instance at 0x7f1a4cdc0cd0>,19,15,[12  3],20,29,44,9,22
1,<environment.Job instance at 0x7f1a4cdc06e0>,26,2,[6 4],27,44,46,17,27
1,<environment.Job instance at 0x7f1a4c20d8c0>,29,13,[ 1 11],30,66,79,36,66
1,<environment.Job instance at 0x7f1a4be6a820>,0,3,[10  5],1,1,4,0,1
1,<environment.Job instance at 0x7f1a4be6ad20>,1,14,[5 2],2,2,16,0,2
1,<environment.Job instance at 0x7f1a4d0b4eb0>,5,14,[3 8],6,6,20,0,6
1,<environment.Job instance at 0x7f1a4d0b42d0>,8,2,[6 2],9,9,11,0,9
1,<environment.Job instance at 0x7f1a4c83c190>,14,17,[1 5],15,15,32,0,15
1,<environment.Job instance at 0x7f1a4d0b4a50>,12,1,[8 1],13,16,17,3,16
1,<environment.Job instance at 0x7f1a4d0b45a0>,11,14,[ 2 10],12,20,34,8,20
1,<environment.Job instance at 0x7f1a4c83c0a0>,21,12,[9 4],22,32,44,10,32
1,<environment.Job instance at 0x7f1a4c6656e0>,26,2,[6 4],27,34,36,7,34
1,<environment.Job instance at 0x7f1a4c83ccd0>,17,14,[1 5],18,36,50,18,36
1,<environment.Job instance at 0x7f1a4c83c050>,18,15,[2 6],19,36,51,17,36
1,<environment.Job instance at 0x7f1a4d0959b0>,36,2,[8 3],37,44,46,7,44
1,<environment.Job instance at 0x7f1a4c665730>,32,17,[6 1],33,46,63,13,46
1,<environment.Job instance at 0x7f1a4c665190>,33,3,[5 7],34,50,53,16,50
1,<environment.Job instance at 0x7f1a4c83caa0>,22,17,[4 6],23,51,68,28,51
1,<environment.Job instance at 0x7f1a4d0950a0>,40,1,[10  4],41,63,64,22,63
1,<environment.Job instance at 0x7f1a4d0950f0>,46,3,[7 2],47,64,67,17,64
1,<environment.Job instance at 0x7f1a4d095910>,43,18,[2 6],44,64,82,20,64
1,<environment.Job instance at 0x7f1a4d095a50>,39,12,[9 1],40,67,79,27,67
1,<environment.Job instance at 0x7f1a4ca7b550>,54,2,[3 9],55,79,81,24,79
1,<environment.Job instance at 0x7f1a4ca7be10>,55,1,[2 7],56,81,82,25,81
1,<environment.Job instance at 0x7f1a4d0a0550>,62,1,[ 3 10],63,82,83,19,82
1,<environment.Job instance at 0x7f1a4ca7b050>,52,17,[7 3],53,82,99,29,82
1,<environment.Job instance at 0x7f1a4ca7bbe0>,50,1,[ 1 10],51,83,84,32,83
1,<environment.Job instance at 0x7f1a4d0a0fa0>,63,2,[4 8],64,84,86,20,84
1,<environment.Job instance at 0x7f1a4ca6c7d0>,66,3,[1 8],67,86,89,19,86
1,<environment.Job instance at 0x7f1a4c83c0f0>,24,14,[5 9],25,89,103,64,89
1,<environment.Job instance at 0x7f1a4d0a0190>,65,16,[8 2],66,99,115,33,99
1,<environment.Job instance at 0x7f1a4ca6cf00>,72,1,[3 8],73,103,104,30,103
1,<environment.Job instance at 0x7f1a4ba680a0>,76,2,[3 6],77,104,106,27,104
1,<environment.Job instance at 0x7f1a4c2d8190>,74,13,[6 4],75,106,119,31,106
1,<environment.Job instance at 0x7f1a4c3b0730>,78,12,[5 2],79,115,127,36,115
1,<environment.Job instance at 0x7f1a4c1079b0>,81,2,[ 3 10],82,119,121,37,119
1,<environment.Job instance at 0x7f7ea1f116e0>,0,17,[6 1],1,1,18,0,1
1,<environment.Job instance at 0x7f7ea1f11730>,1,3,[ 2 10],2,2,5,0,2
1,<environment.Job instance at 0x7f7e988c7c80>,3,22,[2 5],4,5,27,1,4
1,<environment.Job instance at 0x7f7e988c7a50>,4,13,[3 6],5,5,18,0,5
1,<environment.Job instance at 0x7f7e988c7dc0>,5,2,[1 6],6,18,20,12,6
1,<environment.Job instance at 0x7f7e988cb140>,11,3,[4 9],12,20,23,8,12
1,<environment.Job instance at 0x7f7e988cb1e0>,15,3,[2 8],16,23,26,7,16
1,<environment.Job instance at 0x7f7e988cb5a0>,17,12,[5 1],18,18,30,0,18
1,<environment.Job instance at 0x7f7e988cb370>,14,21,[8 1],15,26,47,11,20
1,<environment.Job instance at 0x7f7e988cb690>,20,3,[10  5],21,47,50,26,22
1,<environment.Job instance at 0x7f7e988cbbe0>,22,12,[3 8],23,30,42,7,23
1,<environment.Job instance at 0x7f7e988cbd20>,24,2,[4 6],25,30,32,5,25
1,<environment.Job instance at 0x7f7e988cbc30>,25,2,[5 7],26,42,44,16,26
1,<environment.Job instance at 0x7f7e988cbe10>,27,17,[4 6],28,48,65,20,48
1,<environment.Job instance at 0x7f7e988cbf00>,26,12,[8 5],27,50,62,23,48
1,<environment.Job instance at 0x7f7e988ce8c0>,41,12,[8 3],42,62,74,20,52
1,<environment.Job instance at 0x7f7e988cb550>,16,18,[7 3],17,65,83,48,57
1,<environment.Job instance at 0x7f7e988d2410>,56,2,[4 7],57,74,76,17,65
1,<environment.Job instance at 0x7f7e988d2820>,62,2,[5 9],63,76,78,13,65
1,<environment.Job instance at 0x7f7e988cefa0>,49,13,[1 5],50,78,91,28,65
1,<environment.Job instance at 0x7f7e988d4140>,72,14,[2 6],73,78,92,5,73
1,<environment.Job instance at 0x7f7e988d2fa0>,73,1,[5 3],74,83,84,9,74
1,<environment.Job instance at 0x7f7e988d43c0>,74,2,[5 5],75,91,93,16,75
1,<environment.Job instance at 0x7f7e988d46e0>,78,14,[6 1],79,83,97,4,82
1,<environment.Job instance at 0x7f7e988d4a50>,84,1,[5 5],85,93,94,8,85
1,<environment.Job instance at 0x7f7e988d4cd0>,86,3,[6 3],87,87,90,0,87
1,<environment.Job instance at 0x7f7e988d4c80>,87,18,[7 1],88,94,112,6,88
1,<environment.Job instance at 0x7f7e988d9500>,97,2,[6 2],98,110,112,12,110
1,<environment.Job instance at 0x7f7e988d95a0>,98,1,[2 9],99,110,111,11,110
1,<environment.Job instance at 0x7f7e988d9640>,99,2,[13  5],100,112,114,12,110
1,<environment.Job instance at 0x7f7e988d9960>,103,16,[1 9],104,111,127,7,110
1,<environment.Job instance at 0x7f7e988d98c0>,104,1,[ 1 10],105,127,128,22,110
1,<environment.Job instance at 0x7f7e988d9be0>,108,3,[5 5],109,114,117,5,110
1,<environment.Job instance at 0x7f7e988d9b40>,107,2,[5 5],108,117,119,9,110
1,<environment.Job instance at 0x7f7e988d9a00>,105,16,[7 5],106,119,135,13,111
1,<environment.Job instance at 0x7f7e9891bfa0>,112,12,[1 6],113,128,140,15,113
1,<environment.Job instance at 0x7f7e9891bc30>,115,2,[1 6],116,135,137,19,116
1,<environment.Job instance at 0x7f7e988bfb90>,119,12,[13  1],120,135,147,15,120
1,<environment.Job instance at 0x7f7e988bf7d0>,121,2,[ 5 14],122,147,149,25,122
1,<environment.Job instance at 0x7f7e988bf190>,123,3,[10  3],124,149,152,25,124
1,<environment.Job instance at 0x7f7e989b9910>,127,2,[5 5],128,149,151,21,129
1,<environment.Job instance at 0x7f7e989f2820>,0,17,[6 1],1,1,18,0,1
1,<environment.Job instance at 0x7f7e989f24b0>,1,3,[ 2 10],2,2,5,0,2
1,<environment.Job instance at 0x7f7e989d3cd0>,4,13,[3 6],5,5,18,0,5
1,<environment.Job instance at 0x7f7e989d3a00>,3,22,[2 5],4,5,27,1,5
1,<environment.Job instance at 0x7f7e989f27d0>,5,2,[1 6],6,18,20,12,18
1,<environment.Job instance at 0x7f7e98a747d0>,9,12,[8 2],10,18,30,8,18
1,<environment.Job instance at 0x7f7ea1f47780>,15,3,[2 8],16,20,23,4,20
1,<environment.Job instance at 0x7f7e98a68640>,17,12,[5 1],18,23,35,5,23
1,<environment.Job instance at 0x7f7e988ced70>,2,14,[ 2 10],3,27,41,24,27
1,<environment.Job instance at 0x7f7e98a681e0>,16,18,[7 3],17,30,48,13,30
1,<environment.Job instance at 0x7f7e988d4500>,11,3,[4 9],12,41,44,29,41
1,<environment.Job instance at 0x7f7e988bfaf0>,24,2,[4 6],25,44,46,19,44
1,<environment.Job instance at 0x7f7ea1f11870>,25,2,[5 7],26,46,48,20,46
1,<environment.Job instance at 0x7f7e989d7f50>,20,3,[10  5],21,48,51,27,48
1,<environment.Job instance at 0x7f7e989caa00>,22,12,[3 8],23,48,60,25,48
1,<environment.Job instance at 0x7f7ea1f11780>,26,12,[8 5],27,51,63,24,51
1,<environment.Job instance at 0x7f7e98a715f0>,34,14,[1 9],35,60,74,25,60
1,<environment.Job instance at 0x7f7e988c79b0>,27,17,[4 6],28,63,80,35,63
1,<environment.Job instance at 0x7f7e98989190>,37,14,[5 8],38,74,88,36,74
1,<environment.Job instance at 0x7f7e98989c30>,41,12,[8 3],42,80,92,38,80
1,<environment.Job instance at 0x7f7e98989eb0>,43,16,[1 8],44,88,104,44,88
1,<environment.Job instance at 0x7f7e98989af0>,44,12,[9 3],45,92,104,47,92
1,<environment.Job instance at 0x7f7e98989690>,46,14,[6 5],47,104,118,57,104
1,<environment.Job instance at 0x7f7e98a6f960>,49,13,[1 5],50,104,117,54,104
1,<environment.Job instance at 0x7f7e98952dc0>,51,13,[5 6],52,117,130,65,117
1,<environment.Job instance at 0x7f7e989e1140>,55,15,[5 4],56,118,133,62,118
1,<environment.Job instance at 0x7f7e988cb820>,3,2,[ 5 10],4,4,6,0,4
1,<environment.Job instance at 0x7f7e98074320>,4,12,[5 4],5,5,17,0,5
1,<environment.Job instance at 0x7f7e98074690>,6,1,[9 5],7,7,8,0,7
1,<environment.Job instance at 0x7f7e98017230>,9,13,[1 8],10,10,23,0,10
1,<environment.Job instance at 0x7f7e98017410>,10,1,[ 3 11],11,23,24,12,11
1,<environment.Job instance at 0x7f7e98017b90>,15,3,[9 2],16,16,19,0,16
1,<environment.Job instance at 0x7f7e980175f0>,17,2,[3 8],18,24,26,6,18
1,<environment.Job instance at 0x7f7e98014d70>,18,3,[4 8],19,26,29,7,19
1,<environment.Job instance at 0x7f7e980177d0>,16,13,[10  5],17,24,37,7,19
1,<environment.Job instance at 0x7f7e98014050>,20,12,[5 1],21,29,41,8,21
1,<environment.Job instance at 0x7f7e98014910>,24,15,[ 2 10],25,37,52,12,25
1,<environment.Job instance at 0x7f7e98014be0>,26,2,[6 5],27,41,43,14,28
1,<environment.Job instance at 0x7f7e98015cd0>,29,2,[ 1 10],30,52,54,22,31
1,<environment.Job instance at 0x7f7e98015c30>,28,1,[14  3],29,52,53,23,31
1,<environment.Job instance at 0x7f7e98015870>,30,12,[1 8],31,54,66,23,37
1,<environment.Job instance at 0x7f7e9800c7d0>,36,3,[5 6],37,54,57,17,42
1,<environment.Job instance at 0x7f7e980153c0>,34,22,[5 6],35,57,79,22,50
1,<environment.Job instance at 0x7f7e97f6b190>,44,17,[5 1],45,53,70,8,53
1,<environment.Job instance at 0x7f7e980edf00>,0,16,[3 9],1,1,17,0,1
1,<environment.Job instance at 0x7f7e980ed960>,2,18,[10  4],3,3,21,0,3
1,<environment.Job instance at 0x7f7e980c9230>,3,2,[ 5 10],4,17,19,13,17
1,<environment.Job instance at 0x7f7e980c9140>,4,12,[5 4],5,19,31,14,19
1,<environment.Job instance at 0x7f7e980ede10>,6,1,[9 5],7,21,22,14,21
1,<environment.Job instance at 0x7f7e9807fe60>,15,3,[9 2],16,22,25,6,22
1,<environment.Job instance at 0x7f7e9807b050>,9,13,[1 8],10,22,35,12,22
1,<environment.Job instance at 0x7f7e980c9820>,5,15,[8 3],6,25,40,19,25
1,<environment.Job instance at 0x7f7e98086960>,17,2,[3 8],18,35,37,17,35
1,<environment.Job instance at 0x7f7e98086730>,18,3,[4 8],19,37,40,18,37
1,<environment.Job instance at 0x7f7e980ef5a0>,20,12,[5 1],21,40,52,19,40
1,<environment.Job instance at 0x7f7e9807f0a0>,16,13,[10  5],17,40,53,23,40
1,<environment.Job instance at 0x7f7e9807be10>,11,14,[ 3 10],12,52,66,40,52
1,<environment.Job instance at 0x7f7e98092b40>,26,2,[6 5],27,53,55,26,53
1,<environment.Job instance at 0x7f7e9808edc0>,29,2,[ 1 10],30,66,68,36,66
1,<environment.Job instance at 0x7f7e98095320>,36,3,[5 6],37,68,71,31,68
1,<environment.Job instance at 0x7f7e9808ebe0>,30,12,[1 8],31,68,80,37,68
1,<environment.Job instance at 0x7f7e9807f640>,19,17,[5 7],20,71,88,51,71
1,<environment.Job instance at 0x7f7e9808a460>,40,13,[5 7],41,80,93,39,80
1,<environment.Job instance at 0x7f7e980efd20>,23,17,[5 8],24,88,105,64,88
1,<environment.Job instance at 0x7f7e9820c4b0>,46,16,[8 4],47,93,109,46,93
1,<environment.Job instance at 0x7f7e98099820>,47,2,[5 7],48,105,107,57,105
1,<environment.Job instance at 0x7f7e98095190>,38,14,[ 5 10],39,107,121,68,107
1,<environment.Job instance at 0x7f7e980ce3c0>,49,17,[3 5],50,110,127,60,110
1,<environment.Job instance at 0x7f7e980ef140>,24,15,[ 2 10],25,122,137,97,122
1,<environment.Job instance at 0x7f7e9808a910>,44,17,[5 1],45,127,144,82,127
1,<environment.Job instance at 0x7f7e97fbc0f0>,2,3,[5 4],3,3,6,0,3
1,<environment.Job instance at 0x7f7e97e84d20>,5,22,[3 7],6,6,28,0,6
1,<environment.Job instance at 0x7f7e97e84370>,6,21,[5 5],7,7,28,0,7
1,<environment.Job instance at 0x7f7e97fbc230>,8,1,[8 5],9,28,29,19,9
1,<environment.Job instance at 0x7f7e97e84640>,10,2,[13  1],11,29,31,18,11
1,<environment.Job instance at 0x7f7e97e84910>,11,1,[7 4],12,28,29,16,12
1,<environment.Job instance at 0x7f7e97e84190>,21,2,[7 3],22,22,24,0,22
1,<environment.Job instance at 0x7f7e97f52cd0>,23,2,[5 7],24,31,33,7,24
1,<environment.Job instance at 0x7f7e97f527d0>,24,2,[8 1],25,31,33,6,25
1,<environment.Job instance at 0x7f7e97f52f50>,26,13,[8 4],27,33,46,6,27
1,<environment.Job instance at 0x7f7e97f521e0>,28,2,[ 4 11],29,33,35,4,29
1,<environment.Job instance at 0x7f7e97f526e0>,29,3,[9 4],30,46,49,16,30
1,<environment.Job instance at 0x7f7e97f522d0>,30,2,[2 9],31,35,37,4,31
1,<environment.Job instance at 0x7f7e97f525a0>,31,15,[7 2],32,49,64,17,35
1,<environment.Job instance at 0x7f7e97f52870>,34,13,[8 2],35,49,62,14,36
1,<environment.Job instance at 0x7f7e97f52c30>,36,12,[5 5],37,62,74,25,45
1,<environment.Job instance at 0x7f7ea1fb8730>,44,3,[4 5],45,64,67,19,49
1,<environment.Job instance at 0x7f7e97f52820>,38,2,[8 3],39,67,69,28,49
1,<environment.Job instance at 0x7f7e97f52730>,37,15,[14  2],38,74,89,36,62
1,<environment.Job instance at 0x7f7ea1fb8d20>,45,16,[5 3],46,89,105,43,76
1,<environment.Job instance at 0x7f7ea1fb85f0>,46,14,[7 1],47,89,103,42,79
1,<environment.Job instance at 0x7f7ea1fb8a00>,47,12,[6 3],48,103,115,55,87
1,<environment.Job instance at 0x7f7ea1fb8e60>,48,3,[5 2],49,105,108,56,87
1,<environment.Job instance at 0x7f7e97f52b40>,33,27,[2 7],34,89,116,55,88
1,<environment.Job instance at 0x7f7ea207de60>,50,3,[5 8],51,115,118,64,89
1,<environment.Job instance at 0x7f7ea207d050>,51,18,[ 1 11],52,118,136,66,109
1,<environment.Job instance at 0x7f7ea207d410>,52,13,[6 5],53,136,149,83,120
1,<environment.Job instance at 0x7f7ea207d780>,53,16,[ 5 10],54,136,152,82,124
1,<environment.Job instance at 0x7f7e991965f0>,2,3,[5 4],3,3,6,0,3
1,<environment.Job instance at 0x7f7e991bf140>,3,18,[ 1 10],4,4,22,0,4
1,<environment.Job instance at 0x7f7e991bbb90>,6,21,[5 5],7,7,28,0,7
1,<environment.Job instance at 0x7f7e991bb550>,8,1,[8 5],9,22,23,13,22
1,<environment.Job instance at 0x7f7e9825dd20>,11,1,[7 4],12,23,24,11,23
1,<environment.Job instance at 0x7f7e9918ab90>,15,15,[3 6],16,23,38,7,23
1,<environment.Job instance at 0x7f7e9907f190>,7,14,[9 1],8,28,42,20,28
1,<environment.Job instance at 0x7f7ea1a9bb90>,18,15,[5 8],19,38,53,19,38
1,<environment.Job instance at 0x7f7e990ce280>,21,2,[7 3],22,42,44,20,42
1,<environment.Job instance at 0x7f7e98d6fe10>,23,2,[5 7],24,44,46,20,44
1,<environment.Job instance at 0x7f7e98d6fbe0>,24,2,[8 1],25,46,48,21,46
1,<environment.Job instance at 0x7f7e990bdb40>,26,13,[8 4],27,48,61,21,48
1,<environment.Job instance at 0x7f7e98249c80>,12,15,[7 5],13,53,68,40,53
1,<environment.Job instance at 0x7f7e98fc8c30>,30,2,[2 9],31,61,63,30,61
1,<environment.Job instance at 0x7f7e982ebd70>,31,15,[7 2],32,63,78,31,63
1,<environment.Job instance at 0x7f7ea1ad9d20>,32,12,[8 3],33,68,80,35,68
1,<environment.Job instance at 0x7f7e986c8f50>,22,16,[7 5],23,78,94,55,78
1,<environment.Job instance at 0x7f7e983eac80>,36,12,[5 5],37,80,92,43,80
1,<environment.Job instance at 0x7f7e980ea230>,38,2,[8 3],39,92,94,53,92
1,<environment.Job instance at 0x7f7e986734b0>,29,3,[9 4],30,94,97,64,94
1,<environment.Job instance at 0x7f7e980ea280>,40,18,[1 7],41,94,112,53,94
1,<environment.Job instance at 0x7f7e982ebc30>,34,13,[8 2],35,97,110,62,97
1,<environment.Job instance at 0x7f7e980ea820>,44,3,[4 5],45,97,100,52,97
1,<environment.Job instance at 0x7f7e980ea640>,45,16,[5 3],46,100,116,54,100
1,<environment.Job instance at 0x7f7e980ead20>,46,14,[7 1],47,110,124,63,110
1,<environment.Job instance at 0x7f7e980ea0f0>,41,14,[3 8],42,112,126,70,112
1,<environment.Job instance at 0x7f7e980ea410>,48,3,[5 2],49,116,119,67,116
1,<environment.Job instance at 0x7f7e980ea730>,47,12,[6 3],48,124,136,76,124
1,<environment.Job instance at 0x7f7e980ea5f0>,50,3,[5 8],51,126,129,75,126
1,<environment.Job instance at 0x7f7e980ea9b0>,52,13,[6 5],53,129,142,76,129
1,<environment.Job instance at 0x7f7e982c9460>,11,15,[11  2],12,12,27,0,12
1,<environment.Job instance at 0x7f7e98418910>,10,14,[4 5],11,13,27,2,13
1,<environment.Job instance at 0x7f7e98418280>,14,2,[5 7],15,27,29,12,15
1,<environment.Job instance at 0x7f7e98418230>,13,13,[5 6],14,27,40,13,16
1,<environment.Job instance at 0x7f7e983dcdc0>,4,15,[10  4],5,29,44,24,24
1,<environment.Job instance at 0x7f7e98418730>,17,22,[ 3 11],18,40,62,22,40
1,<environment.Job instance at 0x7f7e982c92d0>,5,24,[2 7],6,62,86,56,62
1,<environment.Job instance at 0x7f7e982eae10>,0,18,[10  5],1,1,19,0,1
1,<environment.Job instance at 0x7f7e982a3b40>,7,16,[4 5],8,8,24,0,8
1,<environment.Job instance at 0x7f7e983d6e10>,14,2,[5 7],15,19,21,4,19
1,<environment.Job instance at 0x7f7e98268870>,13,13,[5 6],14,21,34,7,21
1,<environment.Job instance at 0x7f7e982e4780>,22,13,[10  4],23,24,37,1,24
1,<environment.Job instance at 0x7f7e9830b410>,10,14,[4 5],11,34,48,23,34
1,<environment.Job instance at 0x7f7e98158640>,32,1,[ 4 10],33,37,38,4,37
1,<environment.Job instance at 0x7f7e982eafa0>,4,15,[10  4],5,38,53,33,38
1,<environment.Job instance at 0x7f7e991b72d0>,26,18,[5 5],27,48,66,21,48
1,<environment.Job instance at 0x7f7e980ea730>,39,14,[6 4],40,53,67,13,53
1,<environment.Job instance at 0x7f7e980ea870>,42,15,[2 6],43,53,68,10,53
1,<environment.Job instance at 0x7f7e991b7870>,29,22,[7 5],30,66,88,36,66
1,<environment.Job instance at 0x7f7e980eac80>,50,13,[ 4 10],51,68,81,17,68
1,<environment.Job instance at 0x7f7ea1dff500>,52,3,[8 5],53,81,84,28,81
1,<environment.Job instance at 0x7f7ea208b3c0>,54,1,[4 6],55,84,85,29,84
1,<environment.Job instance at 0x7f7e982680a0>,18,20,[4 9],19,85,105,66,85
1,<environment.Job instance at 0x7f7e980ea820>,45,14,[10  2],46,88,102,42,88
1,<environment.Job instance at 0x7f7e98d6fbe0>,60,3,[10  3],61,102,105,41,102
1,<environment.Job instance at 0x7f7e98d73960>,56,15,[9 5],57,105,120,48,105
1,<environment.Job instance at 0x7f7e9874b6e0>,64,2,[3 7],65,105,107,40,105
1,<environment.Job instance at 0x7f7e9918ab90>,65,15,[2 9],66,107,122,41,107
1,<environment.Job instance at 0x7f7e984f25f0>,67,12,[4 5],68,120,132,52,120
1,<environment.Job instance at 0x7f7e98249fa0>,68,2,[7 2],69,122,124,53,122
1,<environment.Job instance at 0x7f7e982a6500>,70,15,[6 4],71,124,139,53,124
1,<environment.Job instance at 0x7f7e9940c320>,0,3,[ 5 10],1,1,4,0,1
1,<environment.Job instance at 0x7f7e986f40f0>,2,2,[ 5 13],3,4,6,1,3
1,<environment.Job instance at 0x7f7e98286c30>,3,1,[13  2],4,6,7,2,5
1,<environment.Job instance at 0x7f7e986ed280>,6,12,[7 2],7,7,19,0,7
1,<environment.Job instance at 0x7f7e986edeb0>,10,13,[1 6],11,12,25,1,12
1,<environment.Job instance at 0x7f7e986eda00>,12,15,[1 6],13,14,29,1,14
1,<environment.Job instance at 0x7f7e986edc80>,15,3,[6 1],16,16,19,0,16
1,<environment.Job instance at 0x7f7e986e8910>,17,1,[11  3],18,19,20,1,18
1,<environment.Job instance at 0x7f7e986edd70>,13,13,[5 2],14,20,33,6,19
1,<environment.Job instance at 0x7f7e986e8870>,16,12,[ 4 10],17,29,41,12,21
1,<environment.Job instance at 0x7f7e986e8cd0>,14,16,[ 2 10],15,41,57,26,28
1,<environment.Job instance at 0x7f7e986c3780>,23,1,[ 4 10],24,57,58,33,41
1,<environment.Job instance at 0x7f7e98350eb0>,26,21,[1 7],27,58,79,31,50
1,<environment.Job instance at 0x7f7e98749f00>,29,17,[2 6],30,58,75,28,56
1,<environment.Job instance at 0x7f7e983ef960>,0,3,[ 5 10],1,1,4,0,1
1,<environment.Job instance at 0x7f7e9875c5f0>,6,12,[7 2],7,7,19,0,7
1,<environment.Job instance at 0x7f7e9800c280>,10,13,[1 6],11,11,24,0,11
1,<environment.Job instance at 0x7f7e9800ce60>,12,15,[1 6],13,13,28,0,13
1,<environment.Job instance at 0x7f7e97f5faf0>,15,3,[6 1],16,16,19,0,16
1,<environment.Job instance at 0x7f7e97f5f230>,13,13,[5 2],14,19,32,5,19
1,<environment.Job instance at 0x7f7e97fd8460>,23,1,[ 4 10],24,28,29,4,28
1,<environment.Job instance at 0x7f7e97fd8d70>,16,12,[ 4 10],17,29,41,12,29
1,<environment.Job instance at 0x7f7e97fd8b90>,20,14,[10  2],21,32,46,11,32
1,<environment.Job instance at 0x7f7e98389a50>,27,15,[2 7],28,41,56,13,41
1,<environment.Job instance at 0x7f7e98389fa0>,28,16,[6 1],29,46,62,17,46
1,<environment.Job instance at 0x7f7e97fd8af0>,24,16,[1 7],25,46,62,21,46
1,<environment.Job instance at 0x7f7e98389f00>,29,17,[2 6],30,56,73,26,56
1,<environment.Job instance at 0x7f7e98389e60>,30,14,[10  3],31,62,76,31,62
1,<environment.Job instance at 0x7f7e9923aaf0>,33,12,[3 9],34,73,85,39,73
1,<environment.Job instance at 0x7f7e97fd8370>,25,18,[8 2],26,76,94,50,76
1,<environment.Job instance at 0x7f7e982c7320>,37,13,[4 5],38,85,98,47,85
1,<environment.Job instance at 0x7f7e9845aa50>,39,16,[1 5],40,85,101,45,85
1,<environment.Job instance at 0x7f7e982c7370>,36,14,[ 3 10],37,98,112,61,98
1,<environment.Job instance at 0x7f7e991965f0>,42,18,[10  5],43,101,119,58,101
1,<environment.Job instance at 0x7f7e9800ca50>,14,16,[ 2 10],15,112,128,97,112
1,<environment.Job instance at 0x7f7e984f25f0>,46,3,[5 1],47,119,122,72,119
1,<environment.Job instance at 0x7f7e991bb550>,45,13,[10  1],46,122,135,76,122
1,<environment.Job instance at 0x7f7e97fd8960>,21,17,[4 9],22,128,145,106,128
1,<environment.Job instance at 0x7f7e983512d0>,6,13,[5 8],7,7,20,0,7
1,<environment.Job instance at 0x7f7e983514b0>,7,3,[1 8],8,20,23,12,8
1,<environment.Job instance at 0x7f7e98351be0>,9,2,[10  5],10,10,12,0,10
1,<environment.Job instance at 0x7f7e983515f0>,15,1,[5 5],16,16,17,0,16
1,<environment.Job instance at 0x7f7e98351b40>,16,16,[5 4],17,17,33,0,17
1,<environment.Job instance at 0x7f7e98351cd0>,18,3,[3 7],19,23,26,4,19
1,<environment.Job instance at 0x7f7e98a0d4b0>,20,17,[3 5],21,26,43,5,22
1,<environment.Job instance at 0x7f7e98a0d190>,22,14,[6 5],23,26,40,3,23
1,<environment.Job instance at 0x7f7e98a0d5f0>,26,2,[10  4],27,40,42,13,27
1,<environment.Job instance at 0x7f7e98a0d820>,27,13,[ 2 11],28,43,56,15,28
1,<environment.Job instance at 0x7f7e98a0d0a0>,32,12,[1 7],33,56,68,23,39
1,<environment.Job instance at 0x7f7e98a0d690>,34,16,[1 7],35,56,72,21,43
1,<environment.Job instance at 0x7f7e98a0df00>,37,3,[8 3],38,43,46,5,43
1,<environment.Job instance at 0x7f7e98a0d460>,38,1,[ 3 10],39,72,73,33,44
1,<environment.Job instance at 0x7f7e98a0d780>,39,3,[ 3 14],40,73,76,33,47
1,<environment.Job instance at 0x7f7e98a0d910>,40,2,[3 6],41,68,70,27,47
1,<environment.Job instance at 0x7f7e98343b90>,41,13,[6 4],42,76,89,34,60
1,<environment.Job instance at 0x7f7e98a0dbe0>,31,15,[4 7],32,76,91,44,62
1,<environment.Job instance at 0x7f7e98a0d370>,36,24,[ 1 11],37,91,115,54,88
1,<environment.Job instance at 0x7f7e98343370>,46,3,[2 7],47,115,118,68,90
1,<environment.Job instance at 0x7f7e983435a0>,48,1,[5 9],49,118,119,69,90
1,<environment.Job instance at 0x7f7e983438c0>,50,1,[ 2 11],51,119,120,68,91
1,<environment.Job instance at 0x7f7e983430a0>,52,1,[9 4],53,91,92,38,91
1,<environment.Job instance at 0x7f7e98343820>,53,2,[8 3],54,92,94,38,91
1,<environment.Job instance at 0x7f7e9800ca50>,0,18,[ 2 10],1,1,19,0,1
1,<environment.Job instance at 0x7f7e986f4410>,1,14,[8 3],2,2,16,0,2
1,<environment.Job instance at 0x7f7e98351d70>,4,12,[10  4],5,16,28,11,16
1,<environment.Job instance at 0x7f7e982a5910>,7,3,[1 8],8,19,22,11,19
1,<environment.Job instance at 0x7f7e98351960>,6,13,[5 8],7,22,35,15,22
1,<environment.Job instance at 0x7f7e9876d4b0>,15,1,[5 5],16,28,29,12,28
1,<environment.Job instance at 0x7f7e98a0d960>,9,2,[10  5],10,29,31,19,29
1,<environment.Job instance at 0x7f7e9800c410>,3,13,[10  2],4,31,44,27,31
1,<environment.Job instance at 0x7f7e9876de60>,18,3,[3 7],19,35,38,16,35
1,<environment.Job instance at 0x7f7e983515a0>,5,17,[2 5],6,35,52,29,35
1,<environment.Job instance at 0x7f7e9876dcd0>,20,17,[3 5],21,38,55,17,38
1,<environment.Job instance at 0x7f7e9940edc0>,22,14,[6 5],23,44,58,21,44
1,<environment.Job instance at 0x7f7e9876da00>,16,16,[5 4],17,52,68,35,52
1,<environment.Job instance at 0x7f7e9940ed70>,26,2,[10  4],27,58,60,31,58
1,<environment.Job instance at 0x7f7e9940ef00>,25,13,[10  5],26,60,73,34,60
1,<environment.Job instance at 0x7f7e98326cd0>,28,14,[2 6],29,68,82,39,68
1,<environment.Job instance at 0x7f7e9886b3c0>,32,12,[1 7],33,73,85,40,73
1,<environment.Job instance at 0x7f7e98326af0>,31,15,[4 7],32,82,97,50,82
1,<environment.Job instance at 0x7f7e98343f50>,11,15,[5 6],12,85,100,73,85
1,<environment.Job instance at 0x7f7e9800ea00>,37,3,[8 3],38,97,100,59,97
1,<environment.Job instance at 0x7f7e986e8190>,38,1,[ 3 10],39,100,101,61,100
1,<environment.Job instance at 0x7f7e99402910>,33,17,[8 4],34,100,117,66,100
1,<environment.Job instance at 0x7f7e98ecba50>,40,2,[3 6],41,101,103,60,101
1,<environment.Job instance at 0x7f7e98d91a50>,41,13,[6 4],42,103,116,61,103
1,<environment.Job instance at 0x7f7e98749af0>,34,16,[1 7],35,103,119,68,103
1,<environment.Job instance at 0x7f7e98326d70>,30,18,[6 4],31,116,134,85,116
1,<environment.Job instance at 0x7f7e986733c0>,44,15,[5 5],45,119,134,74,119
1,<environment.Job instance at 0x7f7e98295be0>,0,20,[2 7],1,1,21,0,1
1,<environment.Job instance at 0x7f7e981a0870>,3,3,[ 4 12],4,21,24,17,4
1,<environment.Job instance at 0x7f7e981a0b40>,5,1,[5 6],6,6,7,0,6
1,<environment.Job instance at 0x7f7e981ae690>,14,14,[6 2],15,15,29,0,15
1,<environment.Job instance at 0x7f7e9818d0f0>,20,18,[9 1],21,67,85,46,67
1,<environment.Job instance at 0x7f7e98638f00>,0,20,[2 7],1,1,21,0,1
1,<environment.Job instance at 0x7f7e98638960>,2,20,[4 8],3,3,23,0,3
1,<environment.Job instance at 0x7f7e986385a0>,5,1,[5 6],6,21,22,15,21
1,<environment.Job instance at 0x7f7e98cecfa0>,14,14,[6 2],15,22,36,7,22
1,<environment.Job instance at 0x7f7e981c81e0>,19,16,[4 5],20,22,38,2,22
1,<environment.Job instance at 0x7f7e992e0d70>,22,14,[2 8],23,23,37,0,23
1,<environment.Job instance at 0x7f7e98530280>,20,18,[9 1],21,36,54,15,36
1,<environment.Job instance at 0x7f7e98635190>,30,1,[5 4],31,38,39,7,38
1,<environment.Job instance at 0x7f7e98abf550>,32,2,[1 8],33,39,41,6,39
1,<environment.Job instance at 0x7f7e98e0aaf0>,7,21,[5 5],8,39,60,31,39
1,<environment.Job instance at 0x7f7e986351e0>,29,1,[8 3],30,54,55,24,54
1,<environment.Job instance at 0x7f7e98622b40>,33,14,[7 1],34,55,69,21,55
1,<environment.Job instance at 0x7f7e982165a0>,37,1,[1 8],38,55,56,17,55
1,<environment.Job instance at 0x7f7e98e0a460>,4,16,[8 4],5,60,76,55,60
1,<environment.Job instance at 0x7f7e982fbc80>,36,18,[ 1 10],37,69,87,32,69
1,<environment.Job instance at 0x7f7e983264b0>,42,3,[6 4],43,76,79,33,76
1,<environment.Job instance at 0x7f7e99443eb0>,34,16,[10  3],35,79,95,44,79
1,<environment.Job instance at 0x7f7e9940ec80>,47,17,[5 3],48,87,104,39,87
1,<environment.Job instance at 0x7f7e9876d140>,56,18,[7 4],57,96,114,39,96
1,<environment.Job instance at 0x7f7e97f056e0>,57,1,[1 7],58,96,97,38,96
1,<environment.Job instance at 0x7f7e986e8190>,40,18,[3 7],41,97,115,56,97
1,<environment.Job instance at 0x7f7e99318050>,58,1,[9 4],59,114,115,55,114
1,<environment.Job instance at 0x7f7e993da050>,59,2,[3 6],60,116,118,56,116
1,<environment.Job instance at 0x7f7e993b1500>,64,2,[4 6],65,116,118,51,116
1,<environment.Job instance at 0x7f7e988f1e10>,66,20,[6 3],67,117,137,50,117
1,<environment.Job instance at 0x7f7ea1aad8c0>,67,17,[5 8],68,118,135,50,118
1,<environment.Job instance at 0x7f7e98fca230>,0,2,[7 1],1,1,3,0,1
1,<environment.Job instance at 0x7f7e98dd6d20>,1,3,[2 6],2,2,5,0,2
1,<environment.Job instance at 0x7f7e98dd6910>,4,1,[6 5],5,5,6,0,5
1,<environment.Job instance at 0x7f7e98dd65a0>,7,15,[2 7],8,8,23,0,8
1,<environment.Job instance at 0x7f7e98dd67d0>,8,17,[3 5],9,9,26,0,9
1,<environment.Job instance at 0x7f7e98dd6f50>,9,16,[5 2],10,10,26,0,10
1,<environment.Job instance at 0x7f7e98dd6c80>,14,13,[8 3],15,26,39,11,15
1,<environment.Job instance at 0x7f7e98dd6730>,15,2,[ 2 12],16,26,28,10,16
1,<environment.Job instance at 0x7f7e98dd6410>,16,13,[1 9],17,28,41,11,17
1,<environment.Job instance at 0x7f7e98dd6b40>,18,24,[4 6],19,39,63,20,34
1,<environment.Job instance at 0x7f7e98dd64b0>,20,18,[11  2],21,41,59,20,38
1,<environment.Job instance at 0x7f7e992f1c80>,19,15,[ 2 13],20,63,78,43,49
1,<environment.Job instance at 0x7f7e98dd6c30>,21,14,[10  1],22,59,73,37,55
1,<environment.Job instance at 0x7f7e981971e0>,25,1,[ 3 12],26,78,79,52,55
1,<environment.Job instance at 0x7f7e98197f50>,27,18,[7 2],28,73,91,45,63
1,<environment.Job instance at 0x7f7e98197690>,28,12,[5 2],29,79,91,50,67
1,<environment.Job instance at 0x7f7e98197f00>,29,13,[ 3 11],30,79,92,49,72
1,<environment.Job instance at 0x7f7e98197910>,30,12,[7 2],31,91,103,60,74
1,<environment.Job instance at 0x7f7e98197500>,31,3,[5 3],32,92,95,60,74
1,<environment.Job instance at 0x7f7e981979b0>,26,16,[5 4],27,95,111,68,86
1,<environment.Job instance at 0x7f7e98197190>,33,12,[7 2],34,103,115,69,86
1,<environment.Job instance at 0x7f7e98197870>,32,15,[11  2],33,115,130,82,101
1,<environment.Job instance at 0x7f7e98197370>,24,23,[ 1 11],25,127,150,102,127
1,<environment.Job instance at 0x7f7e98343050>,0,2,[7 1],1,1,3,0,1
1,<environment.Job instance at 0x7f7e9875d5f0>,1,3,[2 6],2,2,5,0,2
1,<environment.Job instance at 0x7f7e980334b0>,4,1,[6 5],5,5,6,0,5
1,<environment.Job instance at 0x7f7e98033f00>,5,17,[1 5],6,6,23,0,6
1,<environment.Job instance at 0x7f7e98022780>,7,15,[2 7],8,8,23,0,8
1,<environment.Job instance at 0x7f7e98022690>,9,16,[5 2],10,10,26,0,10
1,<environment.Job instance at 0x7f7e98d0c640>,22,12,[9 5],23,23,35,0,23
1,<environment.Job instance at 0x7f7ea1b13f50>,16,13,[1 9],17,26,39,9,26
1,<environment.Job instance at 0x7f7e98b588c0>,14,13,[8 3],15,35,48,20,35
1,<environment.Job instance at 0x7f7e982d7e60>,28,12,[5 2],29,35,47,6,35
1,<environment.Job instance at 0x7f7e98a33870>,30,12,[7 2],31,47,59,16,47
1,<environment.Job instance at 0x7f7e98ba22d0>,31,3,[5 3],32,48,51,16,48
1,<environment.Job instance at 0x7f7e97ee87d0>,8,17,[3 5],9,48,65,39,48
1,<environment.Job instance at 0x7f7e991119b0>,26,16,[5 4],27,51,67,24,51
1,<environment.Job instance at 0x7f7e98cec8c0>,40,12,[7 1],41,59,71,18,59
1,<environment.Job instance at 0x7f7e986162d0>,33,12,[7 2],34,67,79,33,67
1,<environment.Job instance at 0x7f7e9808e7d0>,42,13,[8 4],43,71,84,28,71
1,<environment.Job instance at 0x7f7e98e0a4b0>,44,16,[6 5],45,79,95,34,79
1,<environment.Job instance at 0x7f7e98e0a550>,45,2,[6 4],46,84,86,38,84
1,<environment.Job instance at 0x7f7e9808e550>,43,17,[6 2],44,86,103,42,86
1,<environment.Job instance at 0x7f7e98e0ac30>,49,17,[6 2],50,95,112,45,95
1,<environment.Job instance at 0x7f7e98d6fe10>,51,13,[4 7],52,103,116,51,103
1,<environment.Job instance at 0x7f7e98dd63c0>,53,12,[7 5],54,112,124,58,112
1,<environment.Job instance at 0x7f7e984e2be0>,55,12,[1 6],56,116,128,60,116
1,<environment.Job instance at 0x7f7e984e2aa0>,56,18,[6 4],57,116,134,59,116
1,<environment.Job instance at 0x7f7e98dd6230>,54,18,[3 5],55,124,142,69,124
1,<environment.Job instance at 0x7f7e993fc0f0>,0,14,[5 9],1,1,15,0,1
1,<environment.Job instance at 0x7f7e993fc320>,1,2,[ 5 12],2,15,17,13,2
1,<environment.Job instance at 0x7f7e993fc870>,2,3,[3 6],3,3,6,0,3
1,<environment.Job instance at 0x7f7e993fcb90>,4,19,[6 3],5,6,25,1,5
1,<environment.Job instance at 0x7f7e9911b5a0>,5,1,[3 6],6,17,18,11,7
1,<environment.Job instance at 0x7f7e9911b8c0>,11,14,[5 7],12,18,32,6,12
1,<environment.Job instance at 0x7f7e9911bc30>,12,12,[3 8],13,25,37,12,13
1,<environment.Job instance at 0x7f7e9911b690>,19,3,[3 5],20,20,23,0,20
1,<environment.Job instance at 0x7f7e9911b960>,20,2,[8 3],21,32,34,11,21
1,<environment.Job instance at 0x7f7e9911b4b0>,21,13,[7 1],22,34,47,12,23
1,<environment.Job instance at 0x7f7e9911bb40>,23,13,[2 9],24,37,50,13,24
1,<environment.Job instance at 0x7f7e9911b7d0>,24,1,[ 4 11],25,50,51,25,25
1,<environment.Job instance at 0x7f7e98a3c460>,25,13,[1 6],26,51,64,25,35
1,<environment.Job instance at 0x7f7e98a3c370>,28,14,[13  1],29,51,65,22,36
1,<environment.Job instance at 0x7f7e98a3caf0>,29,18,[2 8],30,64,82,34,53
1,<environment.Job instance at 0x7f7e98a3c050>,36,17,[7 4],37,65,82,28,57
1,<environment.Job instance at 0x7f7e9911bc80>,16,12,[13  5],17,82,94,65,67
1,<environment.Job instance at 0x7f7e97cfc640>,40,14,[ 2 13],41,94,108,53,79
1,<environment.Job instance at 0x7f7e97cfcd70>,42,28,[4 9],43,113,141,70,113
1,<environment.Job instance at 0x7f7e99396e10>,0,14,[5 9],1,1,15,0,1
1,<environment.Job instance at 0x7f7e986b1960>,2,3,[3 6],3,3,6,0,3
1,<environment.Job instance at 0x7f7e986b1d70>,5,1,[3 6],6,6,7,0,6
1,<environment.Job instance at 0x7f7e986b19b0>,4,19,[6 3],5,7,26,2,7
1,<environment.Job instance at 0x7f7e986b0410>,12,12,[3 8],13,15,27,2,15
1,<environment.Job instance at 0x7f7e986b0370>,8,18,[6 4],9,15,33,6,15
1,<environment.Job instance at 0x7f7e986a78c0>,20,2,[8 3],21,27,29,6,27
1,<environment.Job instance at 0x7f7e986a74b0>,19,3,[3 5],20,29,32,9,29
1,<environment.Job instance at 0x7f7e986a7a50>,21,13,[7 1],22,32,45,10,32
1,<environment.Job instance at 0x7f7e993f0550>,25,13,[1 6],26,32,45,6,32
1,<environment.Job instance at 0x7f7e99425c80>,27,14,[4 6],28,33,47,5,33
1,<environment.Job instance at 0x7f7e993f0190>,23,13,[2 9],24,45,58,21,45
1,<environment.Job instance at 0x7f7e99411500>,31,15,[7 1],32,47,62,15,47
1,<environment.Job instance at 0x7f7e986b0280>,11,14,[5 7],12,58,72,46,58
1,<environment.Job instance at 0x7f7e994235a0>,36,17,[7 4],37,62,79,25,62
1,<environment.Job instance at 0x7f7e99109b90>,37,15,[3 6],38,72,87,34,72
1,<environment.Job instance at 0x7f7e994235f0>,35,17,[7 1],36,79,96,43,79
1,<environment.Job instance at 0x7f7e99425be0>,29,18,[2 8],30,79,97,49,79
1,<environment.Job instance at 0x7f7e994151e0>,44,12,[10  3],45,96,108,51,96
1,<environment.Job instance at 0x7f7e993f9c30>,48,2,[5 9],49,97,99,48,97
1,<environment.Job instance at 0x7f7e993f9370>,49,13,[5 5],50,99,112,49,99
1,<environment.Job instance at 0x7f7e989c5dc0>,52,2,[4 9],53,108,110,55,108
1,<environment.Job instance at 0x7f7e99415370>,47,13,[9 3],48,110,123,62,110
1,<environment.Job instance at 0x7f7e97b71e10>,56,1,[2 5],57,112,113,55,112
1,<environment.Job instance at 0x7f7e99402960>,15,18,[2 9],16,113,131,97,113
1,<environment.Job instance at 0x7f7e9838ac30>,58,1,[8 1],59,123,124,64,123
1,<environment.Job instance at 0x7f7e97b71320>,60,1,[3 6],61,124,125,63,124
1,<environment.Job instance at 0x7f7e988cb0a0>,61,3,[8 5],62,125,128,63,125
1,<environment.Job instance at 0x7f7e97b717d0>,59,12,[10  5],60,128,140,68,128
1,<environment.Job instance at 0x7f7e982ad8c0>,3,1,[ 5 11],4,4,5,0,4
1,<environment.Job instance at 0x7f7e982ad910>,8,12,[3 7],9,9,21,0,9
1,<environment.Job instance at 0x7f7e982ad3c0>,14,12,[8 2],15,15,27,0,15
1,<environment.Job instance at 0x7f7e982ad730>,15,1,[ 4 12],16,21,22,5,16
1,<environment.Job instance at 0x7f7e98613820>,16,3,[ 4 14],17,27,30,10,17
1,<environment.Job instance at 0x7f7e98613730>,18,15,[2 7],19,30,45,11,19
1,<environment.Job instance at 0x7f7e98613e60>,20,1,[1 9],21,22,23,1,21
1,<environment.Job instance at 0x7f7e982adf00>,12,12,[11  5],13,30,42,17,22
1,<environment.Job instance at 0x7f7e986133c0>,24,1,[ 2 14],25,45,46,20,25
1,<environment.Job instance at 0x7f7e98613550>,25,2,[5 5],26,42,44,16,26
1,<environment.Job instance at 0x7f7e986130a0>,26,3,[4 7],27,46,49,19,28
1,<environment.Job instance at 0x7f7ea1e111e0>,28,1,[ 5 11],29,49,50,20,29
1,<environment.Job instance at 0x7f7ea1e11230>,29,3,[13  4],30,50,53,20,33
1,<environment.Job instance at 0x7f7e982ad1e0>,7,16,[1 8],8,50,66,42,38
1,<environment.Job instance at 0x7f7e98613be0>,27,15,[13  2],28,53,68,25,44
1,<environment.Job instance at 0x7f7ea1e11730>,32,1,[12  5],33,44,45,11,44
1,<environment.Job instance at 0x7f7ea1e11140>,33,1,[9 4],34,46,47,12,45
1,<environment.Job instance at 0x7f7ea1e114b0>,30,15,[ 3 14],31,68,83,37,57
1,<environment.Job instance at 0x7f7ea1e113c0>,31,18,[13  2],32,83,101,51,76
1,<environment.Job instance at 0x7f7ea1e3ea00>,35,14,[8 2],36,101,115,65,87
1,<environment.Job instance at 0x7f7e982adfa0>,22,23,[ 2 11],23,87,110,64,87
1,<environment.Job instance at 0x7f7e98c05140>,38,18,[4 5],39,110,128,71,99
1,<environment.Job instance at 0x7f7e986135a0>,23,21,[ 1 11],24,128,149,104,120
1,<environment.Job instance at 0x7f7e98685e60>,2,15,[10  5],3,3,18,0,3
1,<environment.Job instance at 0x7f7ea1aaddc0>,7,16,[1 8],8,8,24,0,8
1,<environment.Job instance at 0x7f7e98e47aa0>,14,12,[8 2],15,18,30,3,18
1,<environment.Job instance at 0x7f7ea1a3c4b0>,10,17,[2 5],11,18,35,7,18
1,<environment.Job instance at 0x7f7e98999be0>,8,12,[3 7],9,24,36,15,24
1,<environment.Job instance at 0x7f7e986939b0>,18,15,[2 7],19,35,50,16,35
1,<environment.Job instance at 0x7f7e98693c80>,25,2,[5 5],26,36,38,10,36
1,<environment.Job instance at 0x7f7e98687640>,26,3,[4 7],27,38,41,11,38
1,<environment.Job instance at 0x7f7e98687a00>,33,1,[9 4],34,41,42,7,41
1,<environment.Job instance at 0x7f7e9918af00>,13,17,[3 8],14,42,59,28,42
1,<environment.Job instance at 0x7f7e98687910>,35,14,[8 2],36,50,64,14,50
1,<environment.Job instance at 0x7f7e98693050>,20,1,[1 9],21,59,60,38,59
1,<environment.Job instance at 0x7f7e9839d4b0>,43,3,[1 6],44,60,63,16,60
1,<environment.Job instance at 0x7f7e986e8af0>,40,13,[4 6],41,60,73,19,60
1,<environment.Job instance at 0x7f7e988cb0a0>,46,2,[3 9],47,64,66,17,64
1,<environment.Job instance at 0x7f7e983b1fa0>,45,15,[5 9],46,66,81,20,66
1,<environment.Job instance at 0x7f7e9838ac30>,48,16,[3 5],49,73,89,24,73
1,<environment.Job instance at 0x7f7e97b71e10>,52,14,[6 1],53,73,87,20,73
1,<environment.Job instance at 0x7f7e97b6ee10>,57,2,[1 5],58,81,83,23,81
1,<environment.Job instance at 0x7f7e98693e60>,19,17,[4 9],20,83,100,63,83
1,<environment.Job instance at 0x7f7e994152d0>,63,15,[6 4],64,89,104,25,89
1,<environment.Job instance at 0x7f7e99415370>,62,12,[4 7],63,100,112,37,100
1,<environment.Job instance at 0x7f7e994220f0>,44,17,[10  4],45,104,121,59,104
1,<environment.Job instance at 0x7f7e99415320>,65,15,[ 5 10],66,113,128,47,113
1,<environment.Job instance at 0x7f7e993f9be0>,59,17,[10  3],60,121,138,61,121
1,<environment.Job instance at 0x7f7e993f40a0>,68,3,[5 9],69,128,131,59,128
1,<environment.Job instance at 0x7f7e986b0b90>,1,13,[ 3 10],2,2,15,0,2
1,<environment.Job instance at 0x7f7e98f29af0>,3,12,[4 8],4,15,27,11,4
1,<environment.Job instance at 0x7f7e98f295a0>,4,2,[10  1],5,5,7,0,5
1,<environment.Job instance at 0x7f7e986b0e60>,6,2,[5 5],7,7,9,0,7
1,<environment.Job instance at 0x7f7e98a16d20>,14,17,[3 5],15,15,32,0,15
1,<environment.Job instance at 0x7f7e98a16960>,15,13,[4 7],16,27,40,11,16
1,<environment.Job instance at 0x7f7e98a16f50>,18,18,[10  1],19,32,50,13,25
1,<environment.Job instance at 0x7f7e98a16640>,20,1,[ 3 10],21,40,41,19,25
1,<environment.Job instance at 0x7f7e98a16190>,21,12,[5 9],22,41,53,19,29
1,<environment.Job instance at 0x7f7e98a16370>,22,3,[7 4],23,50,53,27,29
1,<environment.Job instance at 0x7f7e98a16b40>,23,1,[8 2],24,29,30,5,29
1,<environment.Job instance at 0x7f7e98a16140>,25,1,[ 3 10],26,53,54,27,30
1,<environment.Job instance at 0x7f7e98a16910>,26,2,[14  2],27,54,56,27,31
1,<environment.Job instance at 0x7f7e9835c7d0>,28,1,[4 6],29,56,57,27,31
1,<environment.Job instance at 0x7f7e9835cb40>,37,3,[9 3],38,56,59,18,48
1,<environment.Job instance at 0x7f7e9835ceb0>,36,3,[2 6],37,56,59,19,48
1,<environment.Job instance at 0x7f7e9908b7d0>,46,3,[10  4],47,59,62,12,49
1,<environment.Job instance at 0x7f7e9908bf50>,50,12,[4 9],51,59,71,8,55
1,<environment.Job instance at 0x7f7e9908b280>,51,12,[7 2],52,62,74,10,55
1,<environment.Job instance at 0x7f7e9835c550>,41,3,[5 3],42,71,74,29,59
1,<environment.Job instance at 0x7f7e9908b4b0>,58,15,[1 7],59,71,86,12,59
1,<environment.Job instance at 0x7f7e994b7640>,65,3,[ 5 14],66,86,89,20,70
1,<environment.Job instance at 0x7f7e994b72d0>,73,20,[1 5],74,89,109,15,86
1,<environment.Job instance at 0x7f7e994b7aa0>,75,20,[2 8],76,96,116,20,96
1,<environment.Job instance at 0x7f7e994b7b90>,77,19,[5 5],78,121,140,43,121
1,<environment.Job instance at 0x7f7e982ada00>,1,13,[ 3 10],2,2,15,0,2
1,<environment.Job instance at 0x7f7e982ad4b0>,4,2,[10  1],5,5,7,0,5
1,<environment.Job instance at 0x7f7e982adaa0>,6,2,[5 5],7,7,9,0,7
1,<environment.Job instance at 0x7f7ea1dff7d0>,10,18,[8 2],11,11,29,0,11
1,<environment.Job instance at 0x7f7e982ad690>,3,12,[4 8],4,15,27,11,15
1,<environment.Job instance at 0x7f7e98613190>,14,17,[3 5],15,15,32,0,15
1,<environment.Job instance at 0x7f7e99396e10>,15,13,[4 7],16,27,40,11,27
1,<environment.Job instance at 0x7f7e98690500>,17,15,[10  5],18,32,47,14,32
1,<environment.Job instance at 0x7f7e986a70a0>,20,1,[ 3 10],21,40,41,19,40
1,<environment.Job instance at 0x7f7e986a7a00>,21,12,[5 9],22,41,53,19,41
1,<environment.Job instance at 0x7f7e986a7370>,22,3,[7 4],23,47,50,24,47
1,<environment.Job instance at 0x7f7e986a78c0>,23,1,[8 2],24,50,51,26,50
1,<environment.Job instance at 0x7f7e98c05730>,12,17,[1 6],13,51,68,38,51
1,<environment.Job instance at 0x7f7ea1dff5a0>,7,17,[3 7],8,53,70,45,53
1,<environment.Job instance at 0x7f7e97b5cbe0>,18,18,[10  1],19,53,71,34,53
1,<environment.Job instance at 0x7f7e98c05eb0>,9,18,[2 6],10,68,86,58,68
1,<environment.Job instance at 0x7f7e993f0230>,28,1,[4 6],29,71,72,42,71
1,<environment.Job instance at 0x7f7e993f0f50>,27,18,[7 1],28,71,89,43,71
1,<environment.Job instance at 0x7f7e994250a0>,30,1,[5 8],31,72,73,41,72
1,<environment.Job instance at 0x7f7e9869e550>,36,3,[2 6],37,73,76,36,73
1,<environment.Job instance at 0x7f7e9869ea50>,35,16,[5 4],36,76,92,40,76
1,<environment.Job instance at 0x7f7e993f00a0>,25,1,[ 3 10],26,86,87,60,86
1,<environment.Job instance at 0x7f7e99425cd0>,29,18,[ 3 10],30,87,105,57,87
1,<environment.Job instance at 0x7f7e99415c30>,41,3,[5 3],42,92,95,50,92
1,<environment.Job instance at 0x7f7e993f4c80>,37,3,[9 3],38,95,98,57,95
1,<environment.Job instance at 0x7f7e97b6eeb0>,46,3,[10  4],47,98,101,51,98
1,<environment.Job instance at 0x7f7e97b719b0>,50,12,[4 9],51,105,117,54,105
1,<environment.Job instance at 0x7f7e988b3190>,51,12,[7 2],52,105,117,53,105
1,<environment.Job instance at 0x7f7e993f9cd0>,43,15,[ 3 10],44,117,132,73,117
1,<environment.Job instance at 0x7f7e97b6ea50>,48,16,[10  1],49,117,133,68,117
1,<environment.Job instance at 0x7f7e98759190>,2,12,[3 7],3,3,15,0,3
1,<environment.Job instance at 0x7f7e987593c0>,3,13,[3 7],4,4,17,0,4
1,<environment.Job instance at 0x7f7e98759640>,9,18,[6 1],10,12,30,2,12
1,<environment.Job instance at 0x7f7e98759be0>,12,2,[3 9],13,17,19,4,13
1,<environment.Job instance at 0x7f7e98759410>,11,15,[4 9],12,19,34,7,14
1,<environment.Job instance at 0x7f7e97da0cd0>,15,16,[5 1],16,16,32,0,16
1,<environment.Job instance at 0x7f7e97da0c80>,16,3,[6 3],17,30,33,13,17
1,<environment.Job instance at 0x7f7e97da0550>,17,12,[4 8],18,34,46,16,18
1,<environment.Job instance at 0x7f7e97da0a50>,18,2,[5 7],19,34,36,15,19
1,<environment.Job instance at 0x7f7e97d26be0>,6,12,[ 4 12],7,46,58,39,30
1,<environment.Job instance at 0x7f7e97da05a0>,22,1,[1 5],23,36,37,13,34
1,<environment.Job instance at 0x7f7e97da0050>,26,13,[5 8],27,58,71,31,42
1,<environment.Job instance at 0x7f7e990d4190>,34,2,[5 5],35,58,60,23,54
1,<environment.Job instance at 0x7f7e990d4a50>,31,12,[3 5],32,60,72,28,59
1,<environment.Job instance at 0x7f7e98dec7d0>,50,14,[ 1 12],51,72,86,21,60
1,<environment.Job instance at 0x7f7e98033500>,54,1,[9 4],55,71,72,16,60
1,<environment.Job instance at 0x7f7e980331e0>,61,17,[7 1],62,72,89,10,63
1,<environment.Job instance at 0x7f7e98033a00>,62,3,[11  4],63,89,92,26,69
1,<environment.Job instance at 0x7f7e98120280>,64,13,[ 2 10],65,86,99,21,70
1,<environment.Job instance at 0x7f7e98120690>,67,3,[5 7],68,99,102,31,73
1,<environment.Job instance at 0x7f7e9951a050>,70,1,[10  4],71,92,93,21,73
1,<environment.Job instance at 0x7f7e9951a960>,72,2,[4 6],73,99,101,26,73
1,<environment.Job instance at 0x7f7e98552f00>,74,1,[9 3],75,93,94,18,75
1,<environment.Job instance at 0x7f7e98dec0a0>,53,13,[2 9],54,107,120,53,107
1,<environment.Job instance at 0x7f7e98120b40>,65,27,[7 4],66,107,134,41,107
1,<environment.Job instance at 0x7f7e98120aa0>,68,1,[7 1],69,120,121,51,112
1,<environment.Job instance at 0x7f7e9884f410>,78,12,[ 4 10],79,121,133,42,119
1,<environment.Job instance at 0x7f7e9885fbe0>,79,13,[3 5],80,133,146,53,122
1,<environment.Job instance at 0x7f7e980b8050>,2,12,[3 7],3,3,15,0,3
1,<environment.Job instance at 0x7f7e980de0a0>,3,13,[3 7],4,4,17,0,4
1,<environment.Job instance at 0x7f7e980e6280>,9,18,[6 1],10,10,28,0,10
1,<environment.Job instance at 0x7f7e980b7780>,12,2,[3 9],13,17,19,4,17
1,<environment.Job instance at 0x7f7e99009500>,16,3,[6 3],17,17,20,0,17
1,<environment.Job instance at 0x7f7e980c5960>,18,2,[5 7],19,20,22,1,20
1,<environment.Job instance at 0x7f7e980c5050>,17,12,[4 8],18,22,34,4,22
1,<environment.Job instance at 0x7f7e980b7320>,15,16,[5 1],16,22,38,6,22
1,<environment.Job instance at 0x7f7e980c2f00>,22,1,[1 5],23,28,29,5,28
1,<environment.Job instance at 0x7f7e98ff1640>,26,13,[5 8],27,34,47,7,34
1,<environment.Job instance at 0x7f7e980cfb40>,31,12,[3 5],32,38,50,6,38
1,<environment.Job instance at 0x7f7e97f22550>,33,14,[6 2],34,47,61,13,47
1,<environment.Job instance at 0x7f7e98cfec80>,34,2,[5 5],35,47,49,12,47
1,<environment.Job instance at 0x7f7e98ff17d0>,24,14,[3 7],25,49,63,24,49
1,<environment.Job instance at 0x7f7e97f22780>,37,12,[5 5],38,61,73,23,61
1,<environment.Job instance at 0x7f7e97f14190>,41,14,[5 4],42,63,77,21,63
1,<environment.Job instance at 0x7f7e97f14af0>,38,16,[4 6],39,63,79,24,63
1,<environment.Job instance at 0x7f7e98fe6dc0>,43,12,[3 8],44,77,89,33,77
1,<environment.Job instance at 0x7f7e980d0cd0>,46,14,[8 4],47,79,93,32,79
1,<environment.Job instance at 0x7f7e980d0190>,48,12,[ 4 10],49,89,101,40,89
1,<environment.Job instance at 0x7f7e98cceeb0>,54,1,[9 4],55,93,94,38,93
1,<environment.Job instance at 0x7f7e9900ec80>,58,15,[10  3],59,94,109,35,94
1,<environment.Job instance at 0x7f7e98523aa0>,53,13,[2 9],54,101,114,47,101
1,<environment.Job instance at 0x7f7e9900e4b0>,60,17,[6 3],61,109,126,48,109
1,<environment.Job instance at 0x7f7e9900e1e0>,61,17,[7 1],62,109,126,47,109
1,<environment.Job instance at 0x7f7e9948cdc0>,64,13,[ 2 10],65,114,127,49,114
1,<environment.Job instance at 0x7f7e97d13410>,67,3,[5 7],68,127,130,59,127
1,<environment.Job instance at 0x7f7e9892df50>,68,1,[7 1],69,127,128,58,127
1,<environment.Job instance at 0x7f7e99018dc0>,70,1,[10  4],71,128,129,57,128
1,<environment.Job instance at 0x7f7e98cf30f0>,71,15,[9 5],72,129,144,57,129
1,<environment.Job instance at 0x7f7e981b7f00>,0,1,[3 6],1,1,2,0,1
1,<environment.Job instance at 0x7f7e981b75f0>,5,1,[5 9],6,6,7,0,6
1,<environment.Job instance at 0x7f7e981b7d70>,4,15,[2 5],5,6,21,1,6
1,<environment.Job instance at 0x7f7e981b7190>,6,3,[6 3],7,7,10,0,7
1,<environment.Job instance at 0x7f7e981b7910>,3,14,[9 1],4,10,24,6,9
1,<environment.Job instance at 0x7f7e981b78c0>,11,12,[7 5],12,24,36,12,12
1,<environment.Job instance at 0x7f7e981b70f0>,13,2,[ 1 13],14,21,23,7,14
1,<environment.Job instance at 0x7f7e97d103c0>,14,3,[3 6],15,15,18,0,15
1,<environment.Job instance at 0x7f7e97d10af0>,16,18,[ 1 10],17,23,41,6,17
1,<environment.Job instance at 0x7f7e97d109b0>,18,13,[1 7],19,41,54,22,25
1,<environment.Job instance at 0x7f7e97d10dc0>,21,1,[8 1],22,36,37,14,25
1,<environment.Job instance at 0x7f7e97d10690>,22,18,[4 5],23,37,55,14,26
1,<environment.Job instance at 0x7f7e981b72d0>,7,12,[14  4],8,55,67,47,39
1,<environment.Job instance at 0x7f7e981b73c0>,8,14,[ 2 10],9,67,81,58,54
1,<environment.Job instance at 0x7f7e97d10910>,24,17,[8 3],25,67,84,42,56
1,<environment.Job instance at 0x7f7e97edaaa0>,26,3,[3 8],27,81,84,54,56
1,<environment.Job instance at 0x7f7e97d102d0>,25,14,[9 3],26,84,98,58,73
1,<environment.Job instance at 0x7f7e97eda5a0>,28,15,[3 7],29,84,99,55,81
1,<environment.Job instance at 0x7f7e97edabe0>,27,17,[14  5],28,99,116,71,87
1,<environment.Job instance at 0x7f7e97eda5f0>,29,21,[9 5],30,116,137,86,111
1,<environment.Job instance at 0x7f7e985f8eb0>,0,1,[3 6],1,1,2,0,1
1,<environment.Job instance at 0x7f7e97f2dc80>,3,14,[9 1],4,4,18,0,4
1,<environment.Job instance at 0x7f7e97f2df50>,4,15,[2 5],5,5,20,0,5
1,<environment.Job instance at 0x7f7e97f2ddc0>,5,1,[5 9],6,18,19,12,18
1,<environment.Job instance at 0x7f7e97d13410>,14,3,[3 6],15,19,22,4,19
1,<environment.Job instance at 0x7f7e985f8280>,6,3,[6 3],7,19,22,12,19
1,<environment.Job instance at 0x7f7e985fc6e0>,11,12,[7 5],12,22,34,10,22
1,<environment.Job instance at 0x7f7e98880140>,21,1,[8 1],22,22,23,0,22
1,<environment.Job instance at 0x7f7e9948c690>,18,13,[1 7],19,23,36,4,23
1,<environment.Job instance at 0x7f7e985ff0f0>,24,17,[8 3],25,34,51,9,34
1,<environment.Job instance at 0x7f7e985ffd70>,22,18,[4 5],23,34,52,11,34
1,<environment.Job instance at 0x7f7e97f099b0>,26,3,[3 8],27,51,54,24,51
1,<environment.Job instance at 0x7f7e97f090a0>,25,14,[9 3],26,52,66,26,52
1,<environment.Job instance at 0x7f7e9861b910>,8,14,[ 2 10],9,54,68,45,54
1,<environment.Job instance at 0x7f7e981db050>,33,15,[3 5],34,66,81,32,66
1,<environment.Job instance at 0x7f7e97f1fc80>,37,1,[5 1],38,68,69,30,68
1,<environment.Job instance at 0x7f7e9892d4b0>,36,3,[4 7],37,68,71,31,68
1,<environment.Job instance at 0x7f7e9861ba50>,10,18,[8 3],11,69,87,58,69
1,<environment.Job instance at 0x7f7e97f095f0>,28,15,[3 7],29,71,86,42,71
1,<environment.Job instance at 0x7f7e981b7e60>,40,2,[5 7],41,86,88,45,86
1,<environment.Job instance at 0x7f7e97f1fc30>,38,18,[5 5],39,87,105,48,87
1,<environment.Job instance at 0x7f7e98929f50>,50,2,[5 2],51,88,90,37,88
1,<environment.Job instance at 0x7f7e98929dc0>,52,12,[5 2],53,88,100,35,88
1,<environment.Job instance at 0x7f7e989291e0>,54,17,[2 7],55,90,107,35,90
1,<environment.Job instance at 0x7f7e981b7cd0>,41,18,[9 2],42,105,123,63,105
1,<environment.Job instance at 0x7f7e97f1fb40>,39,15,[ 1 10],40,107,122,67,107
1,<environment.Job instance at 0x7f7e989294b0>,63,12,[4 7],64,122,134,58,122
1,<environment.Job instance at 0x7f7e97f03910>,68,17,[10  2],69,123,140,54,123
1,<environment.Job instance at 0x7f7e98d819b0>,5,3,[14  1],6,6,9,0,6
1,<environment.Job instance at 0x7f7e98d81f50>,8,3,[4 9],9,9,12,0,9
1,<environment.Job instance at 0x7f7e98d81730>,10,1,[1 6],11,11,12,0,11
1,<environment.Job instance at 0x7f7e98d81be0>,11,13,[3 8],12,12,25,0,12
1,<environment.Job instance at 0x7f7e98d816e0>,13,3,[ 4 10],14,25,28,11,14
1,<environment.Job instance at 0x7f7e98d811e0>,16,1,[ 5 11],17,47,48,30,47
1,<environment.Job instance at 0x7f7e98ca8910>,19,20,[1 9],20,48,68,28,48
1,<environment.Job instance at 0x7f7e993980a0>,3,12,[ 1 13],4,68,80,64,62
1,<environment.Job instance at 0x7f7e98ca8c30>,21,1,[12  5],22,65,66,43,65
1,<environment.Job instance at 0x7f7e98ca8e10>,22,3,[4 7],23,80,83,57,67
1,<environment.Job instance at 0x7f7e98ca8c80>,20,18,[3 7],21,80,98,59,76
1,<environment.Job instance at 0x7f7e98ca8500>,18,16,[6 2],19,88,104,69,88
1,<environment.Job instance at 0x7f7e98ca87d0>,24,26,[ 2 12],25,98,124,73,95
1,<environment.Job instance at 0x7f7e97f039b0>,0,12,[9 1],1,1,13,0,1
1,<environment.Job instance at 0x7f7e97f03be0>,1,19,[6 2],2,2,21,0,2
1,<environment.Job instance at 0x7f7e97f03320>,10,1,[1 6],11,13,14,2,13
1,<environment.Job instance at 0x7f7e97f03370>,13,3,[ 4 10],14,14,17,0,14
1,<environment.Job instance at 0x7f7e97f031e0>,8,3,[4 9],9,17,20,8,17
1,<environment.Job instance at 0x7f7e97f037d0>,17,12,[4 8],18,20,32,2,20
1,<environment.Job instance at 0x7f7e981b7cd0>,18,16,[6 2],19,21,37,2,21
1,<environment.Job instance at 0x7f7e97f1f730>,22,3,[4 7],23,32,35,9,32
1,<environment.Job instance at 0x7f7e99005e10>,25,17,[2 5],26,32,49,6,32
1,<environment.Job instance at 0x7f7e97f038c0>,11,13,[3 8],12,35,48,23,35
1,<environment.Job instance at 0x7f7e97f03cd0>,2,18,[10  2],3,37,55,34,37
1,<environment.Job instance at 0x7f7e981b7b40>,20,18,[3 7],21,48,66,27,48
1,<environment.Job instance at 0x7f7e97f09b40>,30,1,[9 2],31,55,56,24,55
1,<environment.Job instance at 0x7f7e981b7a50>,23,18,[3 6],24,55,73,31,55
1,<environment.Job instance at 0x7f7e97f1fc30>,28,3,[1 9],29,66,69,37,66
1,<environment.Job instance at 0x7f7e985fc550>,38,1,[10  4],39,69,70,30,69
1,<environment.Job instance at 0x7f7e985fc690>,39,2,[6 2],40,70,72,30,70
1,<environment.Job instance at 0x7f7e98448140>,37,17,[2 7],38,70,87,32,70
1,<environment.Job instance at 0x7f7e985fc780>,40,12,[10  3],41,73,85,32,73
1,<environment.Job instance at 0x7f7e985f81e0>,49,2,[8 2],50,85,87,35,85
1,<environment.Job instance at 0x7f7e985ffdc0>,34,15,[8 4],35,87,102,52,87
1,<environment.Job instance at 0x7f7e98029410>,52,14,[5 8],53,87,101,34,87
1,<environment.Job instance at 0x7f7e9948c690>,36,15,[2 8],37,101,116,64,101
1,<environment.Job instance at 0x7f7e981f51e0>,55,16,[8 5],56,102,118,46,102
1,<environment.Job instance at 0x7f7e982d4910>,59,15,[ 2 10],60,116,131,56,116
1,<environment.Job instance at 0x7f7e9814ad20>,0,2,[14  4],1,1,3,0,1
1,<environment.Job instance at 0x7f7e98150f00>,4,16,[5 6],5,5,21,0,5
1,<environment.Job instance at 0x7f7e98150e60>,5,3,[5 5],6,6,9,0,6
1,<environment.Job instance at 0x7f7e9813f500>,7,13,[4 7],8,9,22,1,8
1,<environment.Job instance at 0x7f7e9813fa00>,8,2,[6 2],9,9,11,0,9
1,<environment.Job instance at 0x7f7e9813f7d0>,9,2,[10  5],10,21,23,11,10
1,<environment.Job instance at 0x7f7e9813fa50>,10,15,[5 5],11,22,37,11,11
1,<environment.Job instance at 0x7f7e97bb9190>,19,13,[6 3],20,23,36,3,20
1,<environment.Job instance at 0x7f7e9813f190>,22,3,[9 1],23,80,83,57,80
1,<environment.Job instance at 0x7f7e98f3e7d0>,25,2,[13  4],26,83,85,57,82
1,<environment.Job instance at 0x7f7e98f3e960>,26,19,[3 9],27,85,104,58,82
1,<environment.Job instance at 0x7f7ea1ae39b0>,1,18,[5 5],2,2,20,0,2
1,<environment.Job instance at 0x7f7ea1ae38c0>,4,16,[5 6],5,5,21,0,5
1,<environment.Job instance at 0x7f7ea1ae35f0>,8,2,[6 2],9,20,22,11,20
1,<environment.Job instance at 0x7f7e97eb6190>,7,13,[4 7],8,20,33,12,20
1,<environment.Job instance at 0x7f7ea1ae3cd0>,5,3,[5 5],6,21,24,15,21
1,<environment.Job instance at 0x7f7e97eb6fa0>,9,2,[10  5],10,24,26,14,24
1,<environment.Job instance at 0x7f7e97eb63c0>,22,3,[9 1],23,26,29,3,26
1,<environment.Job instance at 0x7f7e97eb6910>,19,13,[6 3],20,29,42,9,29
1,<environment.Job instance at 0x7f7e97eb62d0>,10,15,[5 5],11,29,44,18,29
1,<environment.Job instance at 0x7f7e982b6f50>,27,1,[5 1],28,42,43,14,42
1,<environment.Job instance at 0x7f7e97eb6410>,13,14,[5 8],14,42,56,28,42
1,<environment.Job instance at 0x7f7e98034e60>,30,2,[10  3],31,44,46,13,44
1,<environment.Job instance at 0x7f7e98034f50>,29,12,[10  5],30,46,58,16,46
1,<environment.Job instance at 0x7f7e98d61d20>,33,16,[2 6],34,56,72,22,56
1,<environment.Job instance at 0x7f7e9871c820>,35,1,[8 2],36,58,59,22,58
1,<environment.Job instance at 0x7f7e98c3d8c0>,34,12,[9 2],35,59,71,24,59
1,<environment.Job instance at 0x7f7e98704370>,44,2,[1 5],45,59,61,14,59
1,<environment.Job instance at 0x7f7e99404e10>,36,15,[8 5],37,71,86,34,71
1,<environment.Job instance at 0x7f7e99080d20>,49,16,[7 3],50,72,88,22,72
1,<environment.Job instance at 0x7f7e98704410>,42,16,[8 2],43,86,102,43,86
1,<environment.Job instance at 0x7f7e9947af50>,47,18,[1 6],48,88,106,40,88
1,<environment.Job instance at 0x7f7e98873280>,54,3,[7 3],55,102,105,47,102
1,<environment.Job instance at 0x7f7e97ff7dc0>,57,15,[5 6],58,102,117,44,102
1,<environment.Job instance at 0x7f7e98873d70>,58,3,[9 1],59,105,108,46,105
1,<environment.Job instance at 0x7f7e98d6baf0>,24,18,[1 8],25,106,124,81,106
1,<environment.Job instance at 0x7f7e98d67050>,59,1,[2 7],60,117,118,57,117
1,<environment.Job instance at 0x7f7e990781e0>,64,14,[1 5],65,118,132,53,118
1,<environment.Job instance at 0x7f7e99068a00>,69,17,[5 7],70,126,143,56,126
1,<environment.Job instance at 0x7f7e97dc3f50>,0,2,[ 3 10],1,1,3,0,1
1,<environment.Job instance at 0x7f7e97dc35f0>,1,1,[1 8],2,3,4,1,2
1,<environment.Job instance at 0x7f7e99084be0>,2,2,[13  5],3,3,5,0,3
1,<environment.Job instance at 0x7f7e99084460>,3,1,[6 5],4,5,6,1,4
1,<environment.Job instance at 0x7f7e990731e0>,7,14,[3 7],8,8,22,0,8
1,<environment.Job instance at 0x7f7e99073280>,8,18,[1 5],9,9,27,0,9
1,<environment.Job instance at 0x7f7e99073b40>,14,2,[5 5],15,51,53,36,51
1,<environment.Job instance at 0x7f7e98500cd0>,0,2,[ 3 10],1,1,3,0,1
1,<environment.Job instance at 0x7f7e98501c80>,1,1,[1 8],2,3,4,1,3
1,<environment.Job instance at 0x7f7e98501c30>,3,1,[6 5],4,4,5,0,4
1,<environment.Job instance at 0x7f7e9852c230>,7,14,[3 7],8,8,22,0,8
1,<environment.Job instance at 0x7f7e9852ccd0>,8,18,[1 5],9,9,27,0,9
1,<environment.Job instance at 0x7f7e984f8410>,15,17,[7 1],16,16,33,0,16
1,<environment.Job instance at 0x7f7e985214b0>,20,1,[5 3],21,22,23,1,22
1,<environment.Job instance at 0x7f7e984f8af0>,14,2,[5 5],15,23,25,8,23
1,<environment.Job instance at 0x7f7e98710f00>,23,1,[1 9],24,25,26,1,25
1,<environment.Job instance at 0x7f7e985170f0>,21,3,[3 6],22,26,29,4,26
1,<environment.Job instance at 0x7f7e98710870>,26,12,[8 1],27,29,41,2,29
1,<environment.Job instance at 0x7f7e984ffcd0>,19,21,[6 2],20,33,54,13,33
1,<environment.Job instance at 0x7f7e98504aa0>,33,14,[ 1 10],34,34,48,0,34
1,<environment.Job instance at 0x7f7e98722820>,35,2,[5 9],36,48,50,12,48
1,<environment.Job instance at 0x7f7e98c30b40>,34,14,[4 5],35,50,64,15,50
1,<environment.Job instance at 0x7f7e98d671e0>,41,15,[4 5],42,50,65,8,50
1,<environment.Job instance at 0x7f7e98710910>,25,1,[10  1],26,64,65,38,64
1,<environment.Job instance at 0x7f7e99068280>,37,17,[1 6],38,64,81,26,64
1,<environment.Job instance at 0x7f7e98d677d0>,43,13,[5 1],44,65,78,21,65
1,<environment.Job instance at 0x7f7e97ff7dc0>,44,13,[6 3],45,65,78,20,65
1,<environment.Job instance at 0x7f7e9909b5a0>,46,12,[3 9],47,78,90,31,78
1,<environment.Job instance at 0x7f7e98710230>,22,13,[10  4],23,81,94,58,81
1,<environment.Job instance at 0x7f7e98873d70>,48,18,[2 9],49,90,108,41,90
1,<environment.Job instance at 0x7f7e99062050>,56,2,[3 6],57,94,96,37,94
1,<environment.Job instance at 0x7f7e982179b0>,57,1,[4 5],58,96,97,38,96
1,<environment.Job instance at 0x7f7e9883e3c0>,54,3,[8 4],55,97,100,42,97
1,<environment.Job instance at 0x7f7e9888e960>,45,15,[10  3],46,100,115,54,100
1,<environment.Job instance at 0x7f7e98057550>,60,3,[4 9],61,108,111,47,108
1,<environment.Job instance at 0x7f7e990730a0>,61,16,[4 5],62,111,127,49,111
1,<environment.Job instance at 0x7f7e99084320>,72,1,[6 5],73,115,116,42,115
1,<environment.Job instance at 0x7f7ea1ae30f0>,65,16,[5 1],66,115,131,49,115
1,<environment.Job instance at 0x7f7e9802fd70>,75,16,[1 9],76,116,132,40,116
1,<environment.Job instance at 0x7f7e99084b90>,73,17,[9 4],74,127,144,53,127
1,<environment.Job instance at 0x7f7e97e835a0>,3,2,[14  4],4,4,6,0,4
1,<environment.Job instance at 0x7f7e984720a0>,4,21,[2 6],5,6,27,1,5
1,<environment.Job instance at 0x7f7e97e837d0>,7,14,[1 7],8,8,22,0,8
1,<environment.Job instance at 0x7f7e97e83960>,8,14,[7 4],9,22,36,13,9
1,<environment.Job instance at 0x7f7e97e83b90>,10,13,[2 7],11,27,40,16,11
1,<environment.Job instance at 0x7f7e97e83af0>,12,1,[5 5],13,22,23,9,13
1,<environment.Job instance at 0x7f7e97e791e0>,19,12,[7 2],20,36,48,16,20
1,<environment.Job instance at 0x7f7e97e79370>,22,1,[10  1],23,48,49,25,23
1,<environment.Job instance at 0x7f7e97e79690>,25,1,[5 5],26,26,27,0,26
1,<environment.Job instance at 0x7f7e97e796e0>,26,16,[4 6],27,36,52,9,27
1,<environment.Job instance at 0x7f7e97e79820>,27,3,[5 7],28,49,52,21,28
1,<environment.Job instance at 0x7f7e97e79c30>,32,14,[ 5 13],33,52,66,19,37
1,<environment.Job instance at 0x7f7e97e79f00>,35,3,[7 5],36,66,69,30,49
1,<environment.Job instance at 0x7f7e97e79fa0>,36,17,[1 6],37,66,83,29,56
1,<environment.Job instance at 0x7f7e97e9f140>,39,1,[5 4],40,66,67,26,56
1,<environment.Job instance at 0x7f7e97e9f0a0>,40,3,[5 5],41,69,72,28,56
1,<environment.Job instance at 0x7f7e97e79f50>,37,22,[3 6],38,72,94,34,65
1,<environment.Job instance at 0x7f7e97e9f2d0>,42,15,[4 7],43,83,98,40,69
1,<environment.Job instance at 0x7f7e97e9f370>,43,14,[9 2],44,94,108,50,79
1,<environment.Job instance at 0x7f7e97e9f410>,44,2,[10  4],45,108,110,63,81
1,<environment.Job instance at 0x7f7e97e9f4b0>,45,2,[6 1],46,81,83,35,81
1,<environment.Job instance at 0x7f7e97e9f550>,46,16,[1 9],47,98,114,51,85
1,<environment.Job instance at 0x7f7e97e9f5f0>,47,3,[2 5],48,94,97,46,85
1,<environment.Job instance at 0x7f7e97e9f820>,48,1,[4 7],49,114,115,65,86
1,<environment.Job instance at 0x7f7e97e9f9b0>,49,3,[6 5],50,110,113,60,86
1,<environment.Job instance at 0x7f7e97e9f8c0>,53,12,[5 5],54,113,125,59,96
1,<environment.Job instance at 0x7f7e97e9f230>,41,12,[ 5 12],42,125,137,83,108
1,<environment.Job instance at 0x7f7e97e9fcd0>,55,16,[4 9],56,137,153,81,124
1,<environment.Job instance at 0x7f7e97e77aa0>,73,3,[5 3],74,124,127,50,124
1,<environment.Job instance at 0x7f7e984115a0>,80,3,[5 9],81,153,156,72,127
1,<environment.Job instance at 0x7f7e98455d70>,84,1,[5 2],85,127,128,42,127
1,<environment.Job instance at 0x7f7e9803c4b0>,0,16,[10  3],1,1,17,0,1
1,<environment.Job instance at 0x7f7e9803c0f0>,4,21,[2 6],5,5,26,0,5
1,<environment.Job instance at 0x7f7e9949d640>,9,16,[3 5],10,10,26,0,10
1,<environment.Job instance at 0x7f7e9803cf00>,8,14,[7 4],9,17,31,8,17
1,<environment.Job instance at 0x7f7e9949d230>,12,1,[5 5],13,26,27,13,26
1,<environment.Job instance at 0x7f7e9949db90>,10,13,[2 7],11,27,40,16,27
1,<environment.Job instance at 0x7f7e9859ee10>,17,15,[6 3],18,27,42,9,27
1,<environment.Job instance at 0x7f7e9949d410>,16,18,[7 5],17,31,49,14,31
1,<environment.Job instance at 0x7f7e9949d320>,7,14,[1 7],8,40,54,32,40
1,<environment.Job instance at 0x7f7e9859eeb0>,19,12,[7 2],20,42,54,22,42
1,<environment.Job instance at 0x7f7e9859e870>,22,1,[10  1],23,54,55,31,54
1,<environment.Job instance at 0x7f7e9859e0f0>,25,1,[5 5],26,54,55,28,54
1,<environment.Job instance at 0x7f7e9859e410>,27,3,[5 7],28,55,58,27,55
1,<environment.Job instance at 0x7f7e9949ddc0>,18,14,[3 7],19,55,69,36,55
1,<environment.Job instance at 0x7f7e98d5ce60>,35,3,[7 5],36,58,61,22,58
1,<environment.Job instance at 0x7f7e9859ec80>,26,16,[4 6],27,61,77,34,61
1,<environment.Job instance at 0x7f7e9802f9b0>,39,1,[5 4],40,69,70,29,69
1,<environment.Job instance at 0x7f7e9802f5a0>,40,3,[5 5],41,69,72,28,69
1,<environment.Job instance at 0x7f7e9802f870>,42,15,[4 7],43,72,87,29,72
1,<environment.Job instance at 0x7f7e9802f910>,43,14,[9 2],44,77,91,33,77
1,<environment.Job instance at 0x7f7e98d5cb90>,36,17,[1 6],37,77,94,40,77
1,<environment.Job instance at 0x7f7e99084b90>,45,2,[6 1],46,91,93,45,91
1,<environment.Job instance at 0x7f7e98d5c550>,34,18,[7 5],35,91,109,56,91
1,<environment.Job instance at 0x7f7e990841e0>,47,3,[2 5],48,94,97,46,94
1,<environment.Job instance at 0x7f7e99084320>,48,1,[4 7],49,97,98,48,97
1,<environment.Job instance at 0x7f7ea1ae30a0>,49,3,[6 5],50,98,101,48,98
1,<environment.Job instance at 0x7f7ea1ae30f0>,50,13,[4 7],51,101,114,50,101
1,<environment.Job instance at 0x7f7e990849b0>,44,2,[10  4],45,109,111,64,109
1,<environment.Job instance at 0x7f7ea1ae3d20>,51,18,[4 6],52,111,129,59,111
1,<environment.Job instance at 0x7f7ea1ae3e10>,53,12,[5 5],54,114,126,60,114
1,<environment.Job instance at 0x7f7e982b6f50>,55,16,[4 9],56,126,142,70,126
1,<environment.Job instance at 0x7f7e98799050>,0,12,[ 4 10],1,1,13,0,1
1,<environment.Job instance at 0x7f7e987994b0>,1,3,[2 7],2,13,16,11,2
1,<environment.Job instance at 0x7f7e98799960>,2,3,[2 8],3,13,16,10,3
1,<environment.Job instance at 0x7f7e98799140>,3,1,[7 4],4,4,5,0,4
1,<environment.Job instance at 0x7f7e98799280>,4,2,[6 1],5,5,7,0,5
1,<environment.Job instance at 0x7f7e98799780>,5,2,[7 5],6,7,9,1,6
1,<environment.Job instance at 0x7f7e98799a50>,6,1,[2 7],7,16,17,9,7
1,<environment.Job instance at 0x7f7e98799190>,12,12,[8 5],13,16,28,3,13
1,<environment.Job instance at 0x7f7e97c6c9b0>,15,13,[7 4],16,17,30,1,16
1,<environment.Job instance at 0x7f7e97c6c870>,16,2,[8 3],17,28,30,11,17
1,<environment.Job instance at 0x7f7e97c6c730>,18,3,[8 5],19,30,33,11,19
1,<environment.Job instance at 0x7f7e97c6ce60>,27,2,[8 1],28,33,35,5,29
1,<environment.Job instance at 0x7f7e97c6ccd0>,28,3,[4 7],29,30,33,1,29
1,<environment.Job instance at 0x7f7e97c6caa0>,25,2,[2 7],26,33,35,7,29
1,<environment.Job instance at 0x7f7e97c6c050>,23,3,[13  1],24,35,38,11,29
1,<environment.Job instance at 0x7f7e97c6c550>,24,2,[2 9],25,35,37,10,31
1,<environment.Job instance at 0x7f7e98402870>,0,12,[ 4 10],1,1,13,0,1
1,<environment.Job instance at 0x7f7e990298c0>,3,1,[7 4],4,4,5,0,4
1,<environment.Job instance at 0x7f7e97e9f7d0>,4,2,[6 1],5,5,7,0,5
1,<environment.Job instance at 0x7f7e97e9fdc0>,5,2,[7 5],6,7,9,1,7
1,<environment.Job instance at 0x7f7e9902c3c0>,7,15,[8 4],8,9,24,1,9
1,<environment.Job instance at 0x7f7e97e79730>,6,1,[2 7],7,13,14,6,13
1,<environment.Job instance at 0x7f7e98402af0>,1,3,[2 7],2,14,17,12,14
1,<environment.Job instance at 0x7f7e99460d20>,2,3,[2 8],3,17,20,14,17
1,<environment.Job instance at 0x7f7e97e790a0>,8,12,[4 9],9,20,32,11,20
1,<environment.Job instance at 0x7f7e9852c820>,19,1,[10  2],20,24,25,4,24
1,<environment.Job instance at 0x7f7e9852cd20>,16,2,[8 3],17,25,27,8,25
1,<environment.Job instance at 0x7f7e9852c140>,18,3,[8 5],19,27,30,8,27
1,<environment.Job instance at 0x7f7e9902ca00>,12,12,[8 5],13,30,42,17,30
1,<environment.Job instance at 0x7f7e984f8370>,24,2,[2 9],25,32,34,7,32
1,<environment.Job instance at 0x7f7e9850dd70>,25,2,[2 7],26,34,36,8,34
1,<environment.Job instance at 0x7f7e98517c80>,28,3,[4 7],29,36,39,7,36
1,<environment.Job instance at 0x7f7e9852c050>,15,13,[7 4],16,39,52,23,39
1,<environment.Job instance at 0x7f7e98517050>,27,2,[8 1],28,42,44,14,42
1,<environment.Job instance at 0x7f7e985047d0>,37,13,[4 9],38,44,57,6,44
1,<environment.Job instance at 0x7f7e98d672d0>,43,3,[7 2],44,52,55,8,52
1,<environment.Job instance at 0x7f7e98d67140>,44,1,[4 6],45,55,56,10,55
1,<environment.Job instance at 0x7f7e987227d0>,38,13,[3 6],39,56,69,17,56
1,<environment.Job instance at 0x7f7e98710eb0>,35,14,[9 1],36,57,71,21,57
1,<environment.Job instance at 0x7f7e98c30b40>,36,15,[2 5],37,57,72,20,57
1,<environment.Job instance at 0x7f7e985810a0>,53,2,[2 9],54,69,71,15,69
1,<environment.Job instance at 0x7f7e9883d550>,46,15,[5 5],47,72,87,25,72
1,<environment.Job instance at 0x7f7ea1ae3cd0>,58,12,[5 7],59,72,84,13,72
1,<environment.Job instance at 0x7f7ea1ae3960>,59,3,[4 9],60,84,87,24,84
1,<environment.Job instance at 0x7f7ea1ae3e10>,60,1,[5 6],61,87,88,26,87
1,<environment.Job instance at 0x7f7e9802f8c0>,63,16,[5 7],64,87,103,23,87
1,<environment.Job instance at 0x7f7e98057550>,56,17,[9 4],57,88,105,31,88
1,<environment.Job instance at 0x7f7e98d5c3c0>,67,1,[4 8],68,103,104,35,103
1,<environment.Job instance at 0x7f7e98d5ce60>,69,15,[1 9],70,104,119,34,104
1,<environment.Job instance at 0x7f7e98d5c870>,70,3,[10  5],71,105,108,34,105
1,<environment.Job instance at 0x7f7e98d5cb40>,71,14,[5 2],72,108,122,36,108
1,<environment.Job instance at 0x7f7ea1ae3d20>,57,20,[8 3],58,108,128,50,108
1,<environment.Job instance at 0x7f7e9802f5a0>,66,17,[1 7],67,119,136,52,119
1,<environment.Job instance at 0x7f7e9859ee60>,78,2,[6 2],79,122,124,43,122
1,<environment.Job instance at 0x7f7e9859e9b0>,82,1,[8 1],83,128,129,45,128
1,<environment.Job instance at 0x7f7e9949ddc0>,84,17,[1 5],85,128,145,43,128
1,<environment.Job instance at 0x7f7e97b8c8c0>,0,3,[12  5],1,1,4,0,1
1,<environment.Job instance at 0x7f7e97e61230>,2,1,[ 3 10],3,3,4,0,3
1,<environment.Job instance at 0x7f7e98cb6050>,3,2,[4 8],4,4,6,0,4
1,<environment.Job instance at 0x7f7e99293d20>,5,16,[8 2],6,6,22,0,6
1,<environment.Job instance at 0x7f7e97e61640>,6,3,[1 8],7,7,10,0,7
1,<environment.Job instance at 0x7f7e989830f0>,12,1,[3 8],13,13,14,0,13
1,<environment.Job instance at 0x7f7e97c4d8c0>,14,13,[6 4],15,15,28,0,15
1,<environment.Job instance at 0x7f7e97c4d3c0>,16,2,[3 6],17,22,24,5,17
1,<environment.Job instance at 0x7f7e97c4d2d0>,17,23,[8 1],18,24,47,6,18
1,<environment.Job instance at 0x7f7e97c4d5f0>,18,12,[5 2],19,28,40,9,19
1,<environment.Job instance at 0x7f7e99381230>,21,2,[ 3 10],22,40,42,18,22
1,<environment.Job instance at 0x7f7e98c78e10>,22,13,[9 1],23,47,60,24,32
1,<environment.Job instance at 0x7f7e993816e0>,25,15,[6 4],26,42,57,16,32
1,<environment.Job instance at 0x7f7e97dc5af0>,27,19,[7 2],28,60,79,32,50
1,<environment.Job instance at 0x7f7e97dc5e10>,28,1,[5 1],29,57,58,28,50
1,<environment.Job instance at 0x7f7e987f7500>,37,3,[ 3 12],38,75,78,37,75
1,<environment.Job instance at 0x7f7e987f74b0>,38,21,[ 3 11],39,78,99,39,75
1,<environment.Job instance at 0x7f7e987f7460>,40,3,[5 7],41,99,102,58,75
1,<environment.Job instance at 0x7f7e9902c050>,44,2,[5 3],45,79,81,34,75
1,<environment.Job instance at 0x7f7e987f7230>,41,12,[6 4],42,81,93,39,76
1,<environment.Job instance at 0x7f7e985186e0>,49,15,[4 5],50,99,114,49,85
1,<environment.Job instance at 0x7f7e98983f00>,13,27,[1 7],14,102,129,88,100
1,<environment.Job instance at 0x7f7e9897b370>,58,13,[10  5],59,114,127,55,103
1,<environment.Job instance at 0x7f7e986e8500>,59,2,[6 1],60,103,105,43,103
1,<environment.Job instance at 0x7f7e986e8c30>,61,2,[5 6],62,127,129,65,103
1,<environment.Job instance at 0x7f7e986e8eb0>,62,3,[5 8],63,129,132,66,103
1,<environment.Job instance at 0x7f7e990fd870>,65,13,[8 1],66,127,140,61,111
1,<environment.Job instance at 0x7f7e986e8e10>,57,2,[5 2],58,132,134,74,118
1,<environment.Job instance at 0x7f7e980e1690>,48,18,[6 2],49,134,152,85,123
1,<environment.Job instance at 0x7f7e989307d0>,69,3,[8 3],70,140,143,70,123
1,<environment.Job instance at 0x7f7e98d67a00>,2,1,[ 3 10],3,3,4,0,3
1,<environment.Job instance at 0x7f7e98d671e0>,3,2,[4 8],4,4,6,0,4
1,<environment.Job instance at 0x7f7e985170f0>,5,16,[8 2],6,6,22,0,6
1,<environment.Job instance at 0x7f7e98517050>,6,3,[1 8],7,7,10,0,7
1,<environment.Job instance at 0x7f7e99020a50>,8,16,[ 4 10],9,10,26,1,10
1,<environment.Job instance at 0x7f7ea1ae3d20>,14,13,[6 4],15,22,35,7,22
1,<environment.Job instance at 0x7f7ea1ae30a0>,12,1,[3 8],13,26,27,13,26
1,<environment.Job instance at 0x7f7ea1ae3fa0>,18,12,[5 2],19,26,38,7,26
1,<environment.Job instance at 0x7f7ea1ae3b90>,16,2,[3 6],17,27,29,10,27
1,<environment.Job instance at 0x7f7e982c3e10>,21,2,[ 3 10],22,35,37,13,35
1,<environment.Job instance at 0x7f7e98cfdbe0>,28,1,[5 1],29,37,38,8,37
1,<environment.Job instance at 0x7f7e97cb0d70>,31,13,[3 6],32,37,50,5,37
1,<environment.Job instance at 0x7f7e98307cd0>,22,13,[9 1],23,38,51,15,38
1,<environment.Job instance at 0x7f7e97cb0b40>,33,12,[5 4],34,50,62,16,50
1,<environment.Job instance at 0x7f7e97c4d140>,20,15,[9 1],21,51,66,30,51
1,<environment.Job instance at 0x7f7e987f72d0>,25,15,[6 4],26,62,77,36,62
1,<environment.Job instance at 0x7f7e97cb0910>,40,3,[5 7],41,66,69,25,66
1,<environment.Job instance at 0x7f7e98219be0>,44,2,[5 3],45,69,71,24,69
1,<environment.Job instance at 0x7f7e98219a50>,41,12,[6 4],42,71,83,29,71
1,<environment.Job instance at 0x7f7e982192d0>,46,14,[5 4],47,77,91,30,77
1,<environment.Job instance at 0x7f7e98219870>,49,15,[4 5],50,77,92,27,77
1,<environment.Job instance at 0x7f7e98219730>,48,18,[6 2],49,83,101,34,83
1,<environment.Job instance at 0x7f7e982193c0>,50,15,[4 8],51,91,106,40,91
1,<environment.Job instance at 0x7f7e97cb0820>,32,17,[10  1],33,101,118,68,101
1,<environment.Job instance at 0x7f7e97e61c80>,10,18,[ 5 10],11,106,124,95,106
1,<environment.Job instance at 0x7f7e98d02280>,57,2,[5 2],58,118,120,60,118
1,<environment.Job instance at 0x7f7e98d02dc0>,58,13,[10  5],59,120,133,61,120
1,<environment.Job instance at 0x7f7e98d02be0>,55,18,[2 7],56,124,142,68,124
1,<environment.Job instance at 0x7f7e985f8910>,0,2,[1 8],1,1,3,0,1
1,<environment.Job instance at 0x7f7e985f8050>,1,14,[7 2],2,2,16,0,2
1,<environment.Job instance at 0x7f7e981583c0>,2,13,[9 2],3,16,29,13,3
1,<environment.Job instance at 0x7f7e98158640>,3,2,[5 9],4,4,6,0,4
1,<environment.Job instance at 0x7f7e985721e0>,8,2,[5 5],9,9,11,0,9
1,<environment.Job instance at 0x7f7e98893eb0>,11,20,[2 6],12,12,32,0,12
1,<environment.Job instance at 0x7f7e993c10f0>,13,1,[3 6],14,14,15,0,14
1,<environment.Job instance at 0x7f7e993c1c30>,17,18,[8 4],18,29,47,11,18
1,<environment.Job instance at 0x7f7e993c1190>,18,15,[1 8],19,32,47,13,19
1,<environment.Job instance at 0x7f7e9922f910>,21,15,[10  2],22,47,62,25,46
1,<environment.Job instance at 0x7f7e9942c7d0>,20,28,[2 9],21,50,78,29,50
1,<environment.Job instance at 0x7f7e993bbaf0>,25,2,[11  5],26,62,64,36,50
1,<environment.Job instance at 0x7f7ea1af56e0>,22,12,[5 4],23,64,76,41,51
1,<environment.Job instance at 0x7f7e993bba50>,27,1,[ 2 12],28,78,79,50,51
1,<environment.Job instance at 0x7f7e993bb8c0>,26,12,[5 3],27,76,88,49,64
1,<environment.Job instance at 0x7f7e993bb460>,28,18,[6 1],29,79,97,50,74
1,<environment.Job instance at 0x7f7ea1af5e10>,24,25,[2 8],25,85,110,60,85
1,<environment.Job instance at 0x7f7e987a6320>,32,14,[2 9],33,110,124,77,95
1,<environment.Job instance at 0x7f7e9943e6e0>,34,18,[6 4],35,95,113,60,95
1,<environment.Job instance at 0x7f7e97ed7640>,31,12,[6 1],32,104,116,72,104
1,<environment.Job instance at 0x7f7e9860e870>,36,13,[ 3 11],37,124,137,87,108
1,<environment.Job instance at 0x7f7e992425f0>,37,17,[6 1],38,127,144,89,127
1,<environment.Job instance at 0x7f7e98fa4370>,0,2,[1 8],1,1,3,0,1
1,<environment.Job instance at 0x7f7e98fa4be0>,1,14,[7 2],2,2,16,0,2
1,<environment.Job instance at 0x7f7e98fa4500>,3,2,[5 9],4,4,6,0,4
1,<environment.Job instance at 0x7f7e984560f0>,4,15,[2 9],5,6,21,1,6
1,<environment.Job instance at 0x7f7e98456e10>,8,2,[5 5],9,16,18,7,16
1,<environment.Job instance at 0x7f7e98456410>,13,1,[3 6],14,18,19,4,18
1,<environment.Job instance at 0x7f7e984567d0>,2,13,[9 2],3,19,32,16,19
1,<environment.Job instance at 0x7f7e98248230>,18,15,[1 8],19,21,36,2,21
1,<environment.Job instance at 0x7f7e98456c30>,6,18,[5 5],7,21,39,14,21
1,<environment.Job instance at 0x7f7e98248e60>,22,12,[5 4],23,36,48,13,36
1,<environment.Job instance at 0x7f7e98248690>,21,15,[10  2],22,39,54,17,39
1,<environment.Job instance at 0x7f7e98bc00f0>,26,12,[5 3],27,48,60,21,48
1,<environment.Job instance at 0x7f7e98248780>,23,17,[2 9],24,54,71,30,54
1,<environment.Job instance at 0x7f7e98bc06e0>,28,18,[6 1],29,54,72,25,54
1,<environment.Job instance at 0x7f7ea1ae1910>,31,12,[6 1],32,60,72,28,60
1,<environment.Job instance at 0x7f7ea1ae1c30>,32,14,[2 9],33,71,85,38,71
1,<environment.Job instance at 0x7f7e98bc01e0>,30,17,[9 3],31,72,89,41,72
1,<environment.Job instance at 0x7f7ea1ae1780>,35,2,[5 9],36,85,87,49,85
1,<environment.Job instance at 0x7f7ea1ae1460>,37,17,[6 1],38,87,104,49,87
1,<environment.Job instance at 0x7f7e98d109b0>,39,15,[3 5],40,89,104,49,89
1,<environment.Job instance at 0x7f7e98d100a0>,41,15,[3 9],42,89,104,47,89
1,<environment.Job instance at 0x7f7e98d10d70>,44,13,[4 6],45,104,117,59,104
1,<environment.Job instance at 0x7f7e98d10910>,45,14,[1 8],46,104,118,58,104
1,<environment.Job instance at 0x7f7e97d468c0>,47,13,[9 1],48,117,130,69,117
1,<environment.Job instance at 0x7f7e984568c0>,5,17,[3 8],6,118,135,112,118
1,<environment.Job instance at 0x7f7e97d46b40>,49,13,[2 5],50,118,131,68,118
1,<environment.Job instance at 0x7f8fae9de6e0>,0,17,[6 1],1,1,18,0,1
1,<environment.Job instance at 0x7f8fae9de730>,1,3,[ 2 10],2,2,5,0,2
1,<environment.Job instance at 0x7f8fa5394cd0>,5,2,[1 6],6,6,8,0,6
1,<environment.Job instance at 0x7f8fae9de8c0>,4,13,[3 6],5,10,23,5,10
1,<environment.Job instance at 0x7f8fa5394fa0>,9,12,[8 2],10,18,30,8,10
1,<environment.Job instance at 0x7f8fa53981e0>,11,3,[4 9],12,23,26,11,12
1,<environment.Job instance at 0x7f8fa53c5b90>,0,17,[6 1],1,1,18,0,1
1,<environment.Job instance at 0x7f8fa53ec050>,1,3,[ 2 10],2,2,5,0,2
1,<environment.Job instance at 0x7f8fa5394960>,4,13,[3 6],5,5,18,0,5
1,<environment.Job instance at 0x7f8fa53ecaf0>,3,22,[2 5],4,5,27,1,5
1,<environment.Job instance at 0x7f8fa551b190>,5,2,[1 6],6,18,20,12,18
1,<environment.Job instance at 0x7f8fa538c910>,9,12,[8 2],10,18,30,8,18
1,<environment.Job instance at 0x7f8fa538c9b0>,15,3,[2 8],16,20,23,4,20
1,<environment.Job instance at 0x7f8fa5535fa0>,17,12,[5 1],18,23,35,5,23
1,<environment.Job instance at 0x7f8fa541fdc0>,2,14,[ 2 10],3,27,41,24,27
1,<environment.Job instance at 0x7f8fa5536e10>,16,18,[7 3],17,30,48,13,30
1,<environment.Job instance at 0x7f8fa538c7d0>,11,3,[4 9],12,41,44,29,41
1,<environment.Job instance at 0x7f8fa5458320>,24,2,[4 6],25,44,46,19,44
1,<environment.Job instance at 0x7f8fa5458aa0>,25,2,[5 7],26,46,48,20,46
1,<environment.Job instance at 0x7f8fa54a3b40>,20,3,[10  5],21,48,51,27,48
1,<environment.Job instance at 0x7f8fa547bdc0>,22,12,[3 8],23,48,60,25,48
1,<environment.Job instance at 0x7f8fa541ab40>,26,12,[8 5],27,51,63,24,51
1,<environment.Job instance at 0x7f8fa54397d0>,34,14,[1 9],35,60,74,25,60
1,<environment.Job instance at 0x7f8fa5864aa0>,27,17,[4 6],28,63,80,35,63
1,<environment.Job instance at 0x7f8fa54a0c30>,37,14,[5 8],38,74,88,36,74
1,<environment.Job instance at 0x7f8fa5456af0>,41,12,[8 3],42,80,92,38,80
1,<environment.Job instance at 0x7f8fa54569b0>,43,16,[1 8],44,88,104,44,88
1,<environment.Job instance at 0x7f8fa54560f0>,44,12,[9 3],45,92,104,47,92
1,<environment.Job instance at 0x7f8fa5456e10>,46,14,[6 5],47,104,118,57,104
1,<environment.Job instance at 0x7f8fa5456370>,49,13,[1 5],50,104,117,54,104
1,<environment.Job instance at 0x7f8fa553c7d0>,51,13,[5 6],52,117,130,65,117
1,<environment.Job instance at 0x7f8fa551d320>,55,15,[5 4],56,118,133,62,118
1,<environment.Job instance at 0x7f8fa553c6e0>,56,2,[4 7],57,130,132,73,130
1,<environment.Job instance at 0x7f8fa5439dc0>,35,16,[1 9],36,133,149,97,133
1,<environment.Job instance at 0x7f8fa54a0280>,39,18,[9 4],40,133,151,93,133
1,<environment.Job instance at 0x7f8fa4ae48c0>,0,1,[ 3 11],1,1,2,0,1
1,<environment.Job instance at 0x7f8fa4ae4be0>,1,14,[ 3 10],2,2,16,0,2
1,<environment.Job instance at 0x7f8fa4ae47d0>,5,3,[9 2],6,6,9,0,6
1,<environment.Job instance at 0x7f8fa4ae42d0>,7,2,[3 8],8,16,18,8,8
1,<environment.Job instance at 0x7f8fa4ae4b90>,8,3,[4 8],9,18,21,9,9
1,<environment.Job instance at 0x7f8fa4ada730>,13,17,[5 8],14,21,38,7,14
1,<environment.Job instance at 0x7f8fa4adf0a0>,18,1,[14  3],19,38,39,19,19
1,<environment.Job instance at 0x7f8fa4adfe10>,19,2,[ 1 10],20,38,40,18,22
1,<environment.Job instance at 0x7f8fa4ada3c0>,16,2,[6 5],17,35,37,18,35
1,<environment.Job instance at 0x7f8fa4c1e690>,23,2,[13  5],24,39,41,15,35
1,<environment.Job instance at 0x7f8fa4ada640>,20,12,[1 8],21,40,52,19,35
1,<environment.Job instance at 0x7f8fa4adfaf0>,25,13,[ 5 14],26,52,65,26,36
1,<environment.Job instance at 0x7f8fa4c56820>,26,3,[5 6],27,43,46,16,43
1,<environment.Job instance at 0x7f8fa4b43730>,1,14,[ 3 10],2,2,16,0,2
1,<environment.Job instance at 0x7f8fa4b4b4b0>,5,3,[9 2],6,6,9,0,6
1,<environment.Job instance at 0x7f8fa4b9caf0>,6,13,[10  5],7,9,22,2,9
1,<environment.Job instance at 0x7f8fa4b96e10>,7,2,[3 8],8,16,18,8,16
1,<environment.Job instance at 0x7f8fa4b9ceb0>,8,3,[4 8],9,18,21,9,18
1,<environment.Job instance at 0x7f8fa4bbfc30>,10,12,[5 1],11,21,33,10,21
1,<environment.Job instance at 0x7f8fa4b53eb0>,16,2,[6 5],17,22,24,5,22
1,<environment.Job instance at 0x7f8fa4b57e10>,20,12,[1 8],21,22,34,1,22
1,<environment.Job instance at 0x7f8fa4b5d460>,26,3,[5 6],27,33,36,6,33
1,<environment.Job instance at 0x7f8fa4bbfd20>,9,17,[5 7],10,34,51,24,34
1,<environment.Job instance at 0x7f8fa4b618c0>,29,17,[4 7],30,36,53,6,36
1,<environment.Job instance at 0x7f8fa4b61690>,30,13,[5 7],31,51,64,20,51
1,<environment.Job instance at 0x7f8fa4b61d70>,34,17,[5 1],35,53,70,18,53
1,<environment.Job instance at 0x7f8fa4b57f00>,19,2,[ 1 10],20,64,66,44,64
1,<environment.Job instance at 0x7f8fa4b65500>,36,16,[8 4],37,64,80,27,64
1,<environment.Job instance at 0x7f8fa4bbfbe0>,14,15,[ 2 10],15,66,81,51,66
1,<environment.Job instance at 0x7f8fa4b4f500>,37,2,[5 7],38,81,83,43,81
1,<environment.Job instance at 0x7f8fa4bec320>,39,17,[3 5],40,82,99,42,82
1,<environment.Job instance at 0x7f8fa4b611e0>,28,14,[ 5 10],29,83,97,54,83
1,<environment.Job instance at 0x7f8fa4b6e910>,46,13,[9 5],47,97,110,50,97
1,<environment.Job instance at 0x7f8fa4ce8320>,42,21,[2 5],43,97,118,54,97
1,<environment.Job instance at 0x7f8fa4b82370>,45,17,[9 1],46,111,128,65,111
1,<environment.Job instance at 0x7f8fa4bbf4b0>,13,17,[5 8],14,118,135,104,118
1,<environment.Job instance at 0x7f8fa4bb0eb0>,50,3,[9 5],51,128,131,77,128
1,<environment.Job instance at 0x7f8fa4bb0a50>,49,17,[9 5],50,131,148,81,131
1,<environment.Job instance at 0x7f8fa4bb0cd0>,52,12,[1 9],53,135,147,82,135
1,<environment.Job instance at 0x7f8fa4985870>,1,2,[7 3],2,2,4,0,2
1,<environment.Job instance at 0x7f8fa4985cd0>,4,2,[8 1],5,5,7,0,5
1,<environment.Job instance at 0x7f8fa4a01050>,8,2,[ 4 11],9,9,11,0,9
1,<environment.Job instance at 0x7f8fa4a010f0>,9,3,[9 4],10,10,13,0,10
1,<environment.Job instance at 0x7f8fa4a01820>,10,2,[2 9],11,11,13,0,11
1,<environment.Job instance at 0x7f8fa4a01410>,11,15,[7 2],12,13,28,1,12
1,<environment.Job instance at 0x7f8fa4a01f00>,18,2,[8 3],19,19,21,0,19
1,<environment.Job instance at 0x7f8fa4a01190>,21,14,[3 8],22,22,36,0,22
1,<environment.Job instance at 0x7f8fa49fe370>,24,3,[4 5],25,25,28,0,25
1,<environment.Job instance at 0x7f8fa49feeb0>,25,16,[5 3],26,28,44,2,26
1,<environment.Job instance at 0x7f8fa49fe7d0>,26,14,[7 1],27,28,42,1,27
1,<environment.Job instance at 0x7f8fa49fe410>,27,12,[6 3],28,42,54,14,28
1,<environment.Job instance at 0x7f8fa49fe8c0>,28,3,[5 2],29,44,47,15,29
1,<environment.Job instance at 0x7f8fa49fe690>,30,3,[5 8],31,47,50,16,31
1,<environment.Job instance at 0x7f8fa4985eb0>,6,13,[8 4],7,50,63,43,34
1,<environment.Job instance at 0x7f8fa4a01d70>,0,15,[9 2],1,1,16,0,1
1,<environment.Job instance at 0x7f8fa49ef5a0>,3,2,[5 7],4,4,6,0,4
1,<environment.Job instance at 0x7f8fa4a01320>,1,2,[7 3],2,16,18,14,16
1,<environment.Job instance at 0x7f8fa4a3a050>,10,2,[2 9],11,16,18,5,16
1,<environment.Job instance at 0x7f8fa49fe190>,4,2,[8 1],5,18,20,13,18
1,<environment.Job instance at 0x7f8fa4a3ab90>,11,15,[7 2],12,18,33,6,18
1,<environment.Job instance at 0x7f8fa4a3a230>,12,12,[8 3],13,20,32,7,20
1,<environment.Job instance at 0x7f8fa4a3a960>,16,12,[5 5],17,32,44,15,32
1,<environment.Job instance at 0x7f8fa4a3acd0>,18,2,[8 3],19,33,35,14,33
1,<environment.Job instance at 0x7f8fa4a3a320>,9,3,[9 4],10,35,38,25,35
1,<environment.Job instance at 0x7f8fa4a3a140>,14,13,[8 2],15,38,51,23,38
1,<environment.Job instance at 0x7f8fa49e6cd0>,20,18,[1 7],21,38,56,17,38
1,<environment.Job instance at 0x7f8fa49e6d70>,24,3,[4 5],25,44,47,19,44
1,<environment.Job instance at 0x7f8fa49e6320>,25,16,[5 3],26,47,63,21,47
1,<environment.Job instance at 0x7f8fa49851e0>,6,13,[8 4],7,51,64,44,51
1,<environment.Job instance at 0x7f8fa49d10a0>,27,12,[6 3],28,63,75,35,63
1,<environment.Job instance at 0x7f8fa49d19b0>,28,3,[5 2],29,64,67,35,64
1,<environment.Job instance at 0x7f8fa49e65a0>,21,14,[3 8],22,64,78,42,64
1,<environment.Job instance at 0x7f8fa49d1500>,32,13,[6 5],33,75,88,42,75
1,<environment.Job instance at 0x7f8fa49d1410>,30,3,[5 8],31,78,81,47,78
1,<environment.Job instance at 0x7f8fa49e6550>,26,14,[7 1],27,81,95,54,81
1,<environment.Job instance at 0x7f8fa4a015a0>,2,16,[7 5],3,88,104,85,88
1,<environment.Job instance at 0x7f8fa4afc6e0>,40,2,[7 5],41,95,97,54,95
1,<environment.Job instance at 0x7f8fa4afcc80>,41,16,[ 4 10],42,97,113,55,97
1,<environment.Job instance at 0x7f8fa4afc730>,38,16,[8 3],39,104,120,65,104
1,<environment.Job instance at 0x7f8fa4afc4b0>,51,12,[2 7],52,113,125,61,113
1,<environment.Job instance at 0x7f8fa4afc5f0>,53,3,[10  5],54,120,123,66,120
1,<environment.Job instance at 0x7f8fa4afcaf0>,54,2,[5 5],55,123,125,68,123
1,<environment.Job instance at 0x7f8fa4afc690>,55,3,[9 3],56,125,128,69,125
1,<environment.Job instance at 0x7f8fa4afc960>,49,13,[2 9],50,125,138,75,125
1,<environment.Job instance at 0x7f8fa4afc2d0>,56,3,[10  2],57,128,131,71,128
1,<environment.Job instance at 0x7f8fa4afcc30>,37,18,[5 6],38,131,149,93,131
1,<environment.Job instance at 0x7f8fa4ae4690>,60,17,[5 9],61,138,155,77,138
1,<environment.Job instance at 0x7f8fa4e9d910>,2,1,[ 4 10],3,3,4,0,3
1,<environment.Job instance at 0x7f8fa4e9de60>,6,21,[6 5],7,7,28,0,7
1,<environment.Job instance at 0x7f8fa4e9d5f0>,7,20,[2 7],8,8,28,0,8
1,<environment.Job instance at 0x7f8fa5e8d820>,9,14,[6 4],10,28,42,18,13
1,<environment.Job instance at 0x7f8fa4e9d870>,12,15,[2 6],13,28,43,15,19
1,<environment.Job instance at 0x7f8fa4e93140>,17,25,[6 4],18,28,53,10,24
1,<environment.Job instance at 0x7f8fa4e93230>,20,13,[ 4 10],21,43,56,22,27
1,<environment.Job instance at 0x7f8fa4e93eb0>,22,3,[8 5],23,53,56,30,27
1,<environment.Job instance at 0x7f8fa4e93f00>,19,3,[14  5],20,56,59,36,30
1,<environment.Job instance at 0x7f8fa4e93b90>,24,1,[4 6],25,59,60,34,31
1,<environment.Job instance at 0x7f8fa4e93190>,23,14,[ 2 11],24,60,74,36,45
1,<environment.Job instance at 0x7f8fa4e93460>,26,15,[9 5],27,74,89,47,60
1,<environment.Job instance at 0x7f8fa4946780>,27,13,[ 5 11],28,89,102,61,73
1,<environment.Job instance at 0x7f8fa4e93c80>,28,17,[7 5],29,102,119,73,90
1,<environment.Job instance at 0x7f8fa4e93dc0>,21,24,[5 5],22,102,126,80,98
1,<environment.Job instance at 0x7f8fa4946640>,30,3,[10  3],31,98,101,67,98
1,<environment.Job instance at 0x7f8fa49465a0>,29,19,[ 4 14],30,126,145,96,117
1,<environment.Job instance at 0x7f8fa49460a0>,32,14,[ 3 14],33,145,159,112,130
1,<environment.Job instance at 0x7f8faeb47c30>,2,1,[ 4 10],3,3,4,0,3
1,<environment.Job instance at 0x7f8fa4add5f0>,6,21,[6 5],7,7,28,0,7
1,<environment.Job instance at 0x7f8fa4addaa0>,7,20,[2 7],8,8,28,0,8
1,<environment.Job instance at 0x7f8fa4d35820>,9,14,[6 4],10,28,42,18,28
1,<environment.Job instance at 0x7f8fa4afcaf0>,20,13,[ 4 10],21,28,41,7,28
1,<environment.Job instance at 0x7f8fa4afcf50>,22,3,[8 5],23,41,44,18,41
1,<environment.Job instance at 0x7f8fa4afc3c0>,24,1,[4 6],25,42,43,17,42
1,<environment.Job instance at 0x7f8fa4add280>,12,15,[2 6],13,43,58,30,43
1,<environment.Job instance at 0x7f8fa4add870>,15,14,[10  2],16,44,58,28,44
1,<environment.Job instance at 0x7f8fa4afcbe0>,30,3,[10  3],31,58,61,27,58
1,<environment.Job instance at 0x7f8fa4afcd20>,26,15,[9 5],27,61,76,34,61
1,<environment.Job instance at 0x7f8fa4afc370>,34,2,[3 7],35,61,63,26,61
1,<environment.Job instance at 0x7f8fa4afc730>,35,15,[2 9],36,63,78,27,63
1,<environment.Job instance at 0x7f8fa4afc190>,37,12,[4 5],38,76,88,38,76
1,<environment.Job instance at 0x7f8fa4afcc30>,38,2,[7 2],39,78,80,39,78
1,<environment.Job instance at 0x7f8fa4a01c30>,40,15,[6 4],41,80,95,39,80
1,<environment.Job instance at 0x7f8fa4a01320>,41,3,[2 8],42,88,91,46,88
1,<environment.Job instance at 0x7f8fa4a01d70>,42,13,[6 3],43,88,101,45,88
1,<environment.Job instance at 0x7f8fa4946690>,45,15,[ 4 10],46,95,110,49,95
1,<environment.Job instance at 0x7f8fa5497af0>,49,14,[5 3],50,101,115,51,101
1,<environment.Job instance at 0x7f8fa4add190>,8,17,[9 4],9,111,128,102,111
1,<environment.Job instance at 0x7f8fa4e9df50>,54,17,[5 4],55,115,132,60,115
1,<environment.Job instance at 0x7f8fa4afc1e0>,28,17,[7 5],29,129,146,100,129
1,<environment.Job instance at 0x7f8fa4e9dfa0>,55,20,[8 5],56,132,152,76,132
1,<environment.Job instance at 0x7f8fa51b7190>,6,3,[5 1],7,7,10,0,7
1,<environment.Job instance at 0x7f8fa51b7aa0>,8,14,[6 5],9,9,23,0,9
1,<environment.Job instance at 0x7f8fa51abcd0>,12,2,[3 7],13,13,15,0,13
1,<environment.Job instance at 0x7f8fa51aba50>,13,2,[1 6],14,15,17,1,14
1,<environment.Job instance at 0x7f8fa51ab8c0>,15,17,[5 6],16,18,35,2,18
1,<environment.Job instance at 0x7f8fa4ef82d0>,3,13,[ 5 11],4,35,48,31,19
1,<environment.Job instance at 0x7f8fa51925f0>,18,2,[ 3 13],19,48,50,29,21
1,<environment.Job instance at 0x7f8fa519ce60>,19,1,[3 5],20,23,24,3,21
1,<environment.Job instance at 0x7f8fa519d0f0>,24,16,[2 8],25,50,66,25,37
1,<environment.Job instance at 0x7f8fa5809fa0>,31,12,[6 4],32,50,62,18,41
1,<environment.Job instance at 0x7f8fa4ddf5f0>,37,14,[5 1],38,42,56,4,42
1,<environment.Job instance at 0x7f8fa4ddd9b0>,41,14,[8 4],42,62,76,20,47
1,<environment.Job instance at 0x7f8fa4de7e60>,43,3,[ 1 10],44,66,69,22,47
1,<environment.Job instance at 0x7f8fa4de7320>,42,14,[9 2],43,76,90,33,69
1,<environment.Job instance at 0x7f8fa57fab40>,36,13,[10  2],37,103,116,66,103
1,<environment.Job instance at 0x7f8fa4de7370>,46,2,[5 5],47,103,105,56,103
1,<environment.Job instance at 0x7f8fa4dedc30>,47,18,[6 2],48,116,134,68,105
1,<environment.Job instance at 0x7f8fa4ded050>,48,1,[5 5],49,105,106,56,105
1,<environment.Job instance at 0x7f8fa4dff2d0>,49,18,[6 2],50,116,134,66,115
1,<environment.Job instance at 0x7f8fa4dffc80>,50,19,[6 3],51,134,153,83,124
1,<environment.Job instance at 0x7f8fa4e0c6e0>,45,14,[5 8],46,134,148,88,131
1,<environment.Job instance at 0x7f8fa4dff4b0>,52,15,[6 1],53,148,163,95,137
1,<environment.Job instance at 0x7f8fa4e1a050>,53,13,[1 5],54,148,161,94,138
1,<environment.Job instance at 0x7f8fa5a4ffa0>,0,18,[4 9],1,1,19,0,1
1,<environment.Job instance at 0x7f8fa4b2a5a0>,2,18,[10  5],3,3,21,0,3
1,<environment.Job instance at 0x7f8fa5753be0>,12,2,[3 7],13,19,21,6,19
1,<environment.Job instance at 0x7f8fa551bd20>,13,2,[1 6],14,21,23,7,21
1,<environment.Job instance at 0x7f8fa545b640>,6,3,[5 1],7,21,24,14,21
1,<environment.Job instance at 0x7f8fa5452140>,9,12,[9 3],10,21,33,11,21
1,<environment.Job instance at 0x7f8fa53e1b40>,19,1,[3 5],20,24,25,4,24
1,<environment.Job instance at 0x7f8fa5452f50>,8,14,[6 5],9,25,39,16,25
1,<environment.Job instance at 0x7f8fa5658e10>,31,12,[6 4],32,33,45,1,33
1,<environment.Job instance at 0x7f8fa54fbf00>,24,16,[2 8],25,39,55,14,39
1,<environment.Job instance at 0x7f8fa5452050>,5,13,[10  1],6,45,58,39,45
1,<environment.Job instance at 0x7f8fa51e9410>,34,15,[ 3 10],35,55,70,20,55
1,<environment.Job instance at 0x7f8fa51e9be0>,36,13,[10  2],37,58,71,21,58
1,<environment.Job instance at 0x7f8fa51e9eb0>,37,14,[5 1],38,70,84,32,70
1,<environment.Job instance at 0x7f8fa547bf50>,41,14,[8 4],42,71,85,29,71
1,<environment.Job instance at 0x7f8fa57536e0>,15,17,[5 6],16,84,101,68,84
1,<environment.Job instance at 0x7f8fa5a99780>,42,14,[9 2],43,85,99,42,85
1,<environment.Job instance at 0x7f8fa53d3dc0>,45,14,[5 8],46,99,113,53,99
1,<environment.Job instance at 0x7f8fa53d3500>,46,2,[5 5],47,101,103,54,101
1,<environment.Job instance at 0x7f8fa53e18c0>,21,15,[10  2],22,103,118,81,103
1,<environment.Job instance at 0x7f8fa53d3640>,48,1,[5 5],49,113,114,64,113
1,<environment.Job instance at 0x7f8fa5a99cd0>,43,3,[ 1 10],44,114,117,70,114
1,<environment.Job instance at 0x7f8fa53fc640>,52,15,[6 1],53,118,133,65,118
1,<environment.Job instance at 0x7f8fa55eeeb0>,53,13,[1 5],54,118,131,64,118
1,<environment.Job instance at 0x7f8fa56d2320>,55,3,[1 9],56,118,121,62,118
1,<environment.Job instance at 0x7f8fa53fc050>,56,14,[3 6],57,121,135,64,121
1,<environment.Job instance at 0x7f8fa4ebf550>,58,1,[1 6],59,131,132,72,131
1,<environment.Job instance at 0x7f8fa53d3c80>,49,18,[6 2],50,132,150,82,132
1,<environment.Job instance at 0x7f8fa53d3460>,47,18,[6 2],48,133,151,85,133
1,<environment.Job instance at 0x7f8fa5ee5550>,0,1,[ 2 11],1,1,2,0,1
1,<environment.Job instance at 0x7f8fa5ee5f50>,2,1,[9 4],3,3,4,0,3
1,<environment.Job instance at 0x7f8fa5ee5f00>,3,2,[8 3],4,4,6,0,4
1,<environment.Job instance at 0x7f8fa5ee5e10>,6,2,[ 2 13],7,7,9,0,7
1,<environment.Job instance at 0x7f8fa5ee5fa0>,7,15,[ 2 12],8,9,24,1,9
1,<environment.Job instance at 0x7f8fa5ee5500>,10,2,[5 9],11,24,26,13,11
1,<environment.Job instance at 0x7f8fa5ee5e60>,11,3,[ 3 13],12,26,29,14,12
1,<environment.Job instance at 0x7f8fa4ac0be0>,14,12,[6 3],15,29,41,14,15
1,<environment.Job instance at 0x7f8fa4ac0870>,18,13,[8 1],19,19,32,0,19
1,<environment.Job instance at 0x7f8fa4ac0af0>,23,3,[1 6],24,29,32,5,24
1,<environment.Job instance at 0x7f8fa4ac0dc0>,24,3,[13  1],25,41,44,16,25
1,<environment.Job instance at 0x7f8fa4ac0e10>,25,14,[9 2],26,44,58,18,29
1,<environment.Job instance at 0x7f8fa4ac0f50>,29,3,[4 7],30,32,35,2,30
1,<environment.Job instance at 0x7f8fa4ac0a00>,31,12,[1 5],32,32,44,0,32
1,<environment.Job instance at 0x7f8fa4ab5f00>,32,14,[5 2],33,44,58,11,33
1,<environment.Job instance at 0x7f8fa4ab5230>,33,12,[6 4],34,58,70,24,41
1,<environment.Job instance at 0x7f8fa4ab5a00>,35,17,[5 4],36,58,75,22,51
1,<environment.Job instance at 0x7f8fa4ab5b90>,50,1,[6 2],51,70,71,19,59
1,<environment.Job instance at 0x7f8fa4ab5be0>,38,15,[5 5],39,71,86,32,59
1,<environment.Job instance at 0x7f8fa5ed1cd0>,54,14,[9 2],55,75,89,20,72
1,<environment.Job instance at 0x7f8fa5ed1140>,62,14,[2 9],63,86,100,23,75
1,<environment.Job instance at 0x7f8fa5ed19b0>,58,16,[6 2],59,89,105,30,82
1,<environment.Job instance at 0x7f8fa5ed1780>,63,13,[ 2 13],64,100,113,36,85
1,<environment.Job instance at 0x7f8fa5ed1050>,65,18,[11  2],66,105,123,39,97
1,<environment.Job instance at 0x7f8fa5ed1960>,61,12,[ 3 14],62,123,135,61,106
1,<environment.Job instance at 0x7f8fa5ed1aa0>,67,2,[ 2 12],68,113,115,45,106
1,<environment.Job instance at 0x7f8fa5ed13c0>,68,3,[5 7],69,135,138,66,109
1,<environment.Job instance at 0x7f8fa4a97730>,79,1,[6 2],80,135,136,55,110
1,<environment.Job instance at 0x7f8fa4a970a0>,83,3,[ 4 12],84,115,118,31,110
1,<environment.Job instance at 0x7f8fa4a97820>,85,1,[5 6],86,136,137,50,111
1,<environment.Job instance at 0x7f8fa4abe190>,94,14,[6 2],95,137,151,42,122
1,<environment.Job instance at 0x7f8fa580a0f0>,99,16,[4 5],100,137,153,37,124
1,<environment.Job instance at 0x7f8fa580a780>,101,3,[ 1 13],102,153,156,51,127
1,<environment.Job instance at 0x7f8fa580af00>,102,14,[2 8],103,138,152,35,128
1,<environment.Job instance at 0x7f8fa4d6ef00>,2,1,[9 4],3,3,4,0,3
1,<environment.Job instance at 0x7f8fa4ded820>,3,2,[8 3],4,4,6,0,4
1,<environment.Job instance at 0x7f8fa51abeb0>,5,22,[10  2],6,6,28,0,6
1,<environment.Job instance at 0x7f8fa4ea2be0>,9,21,[5 4],10,10,31,0,10
1,<environment.Job instance at 0x7f8fa4e482d0>,10,2,[5 9],11,28,30,17,28
1,<environment.Job instance at 0x7f8fa4e48780>,8,12,[10  1],9,30,42,21,30
1,<environment.Job instance at 0x7f8fa5450500>,23,3,[1 6],24,42,45,18,42
1,<environment.Job instance at 0x7f8fa576b960>,14,12,[6 3],15,42,54,27,42
1,<environment.Job instance at 0x7f8fa5a4f230>,18,13,[8 1],19,42,55,23,42
1,<environment.Job instance at 0x7f8fa4ab56e0>,29,3,[4 7],30,54,57,24,54
1,<environment.Job instance at 0x7f8fa51daeb0>,30,12,[9 3],31,55,67,24,55
1,<environment.Job instance at 0x7f8fae8d4aa0>,31,12,[1 5],32,55,67,23,55
1,<environment.Job instance at 0x7f8fa4ab5af0>,32,14,[5 2],33,57,71,24,57
1,<environment.Job instance at 0x7f8fae8d49b0>,33,12,[6 4],34,67,79,33,67
1,<environment.Job instance at 0x7f8fa4a97870>,34,17,[2 6],35,67,84,32,67
1,<environment.Job instance at 0x7f8fa5b88500>,20,17,[6 3],21,71,88,50,71
1,<environment.Job instance at 0x7f8fa4a971e0>,35,17,[5 4],36,79,96,43,79
1,<environment.Job instance at 0x7f8fa5fa6e60>,19,12,[10  1],20,88,100,68,88
1,<environment.Job instance at 0x7f8fa5394780>,38,15,[5 5],39,96,111,57,96
1,<environment.Job instance at 0x7f8fa4ac0820>,25,14,[9 2],26,100,114,74,100
1,<environment.Job instance at 0x7f8fa5ee55f0>,50,1,[6 2],51,111,112,60,111
1,<environment.Job instance at 0x7f8fa5ee57d0>,52,17,[ 1 10],53,112,129,59,112
1,<environment.Job instance at 0x7f8fa5107640>,54,14,[9 2],55,114,128,59,114
1,<environment.Job instance at 0x7f8fa4ac05f0>,27,16,[9 1],28,128,144,100,128
1,<environment.Job instance at 0x7f8fa51070f0>,55,14,[2 7],56,129,143,73,129
1,<environment.Job instance at 0x7f8fa5153910>,4,2,[4 6],5,5,7,0,5
1,<environment.Job instance at 0x7f8fa5150b90>,6,20,[6 3],7,7,27,0,7
1,<environment.Job instance at 0x7f8fa5153c80>,9,2,[5 1],10,10,12,0,10
1,<environment.Job instance at 0x7f8fa5158280>,10,20,[5 3],11,12,32,1,11
1,<environment.Job instance at 0x7f8fa5158780>,12,17,[6 3],13,27,44,14,15
1,<environment.Job instance at 0x7f8fa51586e0>,14,3,[ 4 10],15,32,35,17,18
1,<environment.Job instance at 0x7f8fa51582d0>,18,2,[ 4 12],19,35,37,16,19
1,<environment.Job instance at 0x7f8fa51585a0>,20,3,[10  2],21,44,47,23,22
1,<environment.Job instance at 0x7f8fa5152dc0>,21,12,[10  2],22,47,59,25,34
1,<environment.Job instance at 0x7f8fa5152280>,22,2,[13  1],23,59,61,36,35
1,<environment.Job instance at 0x7f8fa51522d0>,23,13,[11  1],24,61,74,37,47
1,<environment.Job instance at 0x7f8fa5148500>,28,3,[11  4],29,74,77,45,51
1,<environment.Job instance at 0x7f8fa4e75c30>,26,14,[5 1],27,77,91,50,63
1,<environment.Job instance at 0x7f8fa4c52320>,32,16,[5 1],33,77,93,44,64
1,<environment.Job instance at 0x7f8fa5158960>,16,16,[6 3],17,91,107,74,78
1,<environment.Job instance at 0x7f8fa53784b0>,38,2,[2 6],39,78,80,39,78
1,<environment.Job instance at 0x7f8fa4c4a230>,39,13,[ 3 10],40,80,93,40,78
1,<environment.Job instance at 0x7f8fa4c4a410>,36,13,[8 5],37,93,106,56,80
1,<environment.Job instance at 0x7f8fa4c4a730>,40,16,[6 3],41,106,122,65,93
1,<environment.Job instance at 0x7f8fa5a03fa0>,42,13,[4 7],43,107,120,64,93
1,<environment.Job instance at 0x7f8fa51c8820>,45,2,[8 2],46,120,122,74,96
1,<environment.Job instance at 0x7f8fa4932c30>,2,20,[2 9],3,3,23,0,3
1,<environment.Job instance at 0x7f8fa4934690>,4,2,[4 6],5,5,7,0,5
1,<environment.Job instance at 0x7f8fa492f1e0>,6,20,[6 3],7,7,27,0,7
1,<environment.Job instance at 0x7f8fa57a4410>,9,2,[5 1],10,10,12,0,10
1,<environment.Job instance at 0x7f8fa5ab4eb0>,10,20,[5 3],11,12,32,1,12
1,<environment.Job instance at 0x7f8fa5827cd0>,14,3,[ 4 10],15,27,30,12,27
1,<environment.Job instance at 0x7f8fa58277d0>,13,14,[10  1],14,30,44,16,30
1,<environment.Job instance at 0x7f8fae4c9cd0>,17,14,[5 5],18,32,46,14,32
1,<environment.Job instance at 0x7f8fa557d500>,20,3,[10  2],21,44,47,23,44
1,<environment.Job instance at 0x7f8fa57a4910>,7,17,[5 8],8,46,63,38,46
1,<environment.Job instance at 0x7f8fa557ddc0>,21,12,[10  2],22,47,59,25,47
1,<environment.Job instance at 0x7f8fa510a6e0>,29,13,[9 2],30,59,72,29,59
1,<environment.Job instance at 0x7f8fae8d49b0>,26,14,[5 1],27,63,77,36,63
1,<environment.Job instance at 0x7f8fa594b4b0>,36,13,[8 5],37,72,85,35,72
1,<environment.Job instance at 0x7f8fa51645a0>,16,16,[6 3],17,77,93,60,77
1,<environment.Job instance at 0x7f8fa4e48e10>,38,2,[2 6],39,85,87,46,85
1,<environment.Job instance at 0x7f8fa5b88460>,32,16,[5 1],33,85,101,52,85
1,<environment.Job instance at 0x7f8fa4e482d0>,39,13,[ 3 10],40,87,100,47,87
1,<environment.Job instance at 0x7f8fa576bb90>,40,16,[6 3],41,93,109,52,93
1,<environment.Job instance at 0x7f8fa4deda50>,42,13,[4 7],43,100,113,57,100
1,<environment.Job instance at 0x7f8fa519cd20>,45,2,[8 2],46,109,111,63,109
1,<environment.Job instance at 0x7f8fa4e09230>,44,12,[6 2],45,111,123,66,111
1,<environment.Job instance at 0x7f8fa54b05a0>,52,12,[2 5],53,114,126,61,114
1,<environment.Job instance at 0x7f8fa51abeb0>,41,17,[1 8],42,115,132,73,115
1,<environment.Job instance at 0x7f8fa5dc4b90>,54,12,[9 1],55,123,135,68,123
1,<environment.Job instance at 0x7f8fa5e8f370>,55,2,[6 2],56,132,134,76,132
1,<environment.Job instance at 0x7f8fa5be85f0>,56,13,[ 1 10],57,134,147,77,134
1,<environment.Job instance at 0x7f8fa5b88500>,31,15,[10  3],32,135,150,103,135
1,<environment.Job instance at 0x7f8fae578410>,1,14,[1 6],2,2,16,0,2
1,<environment.Job instance at 0x7f8fae578050>,7,13,[7 3],8,8,21,0,8
1,<environment.Job instance at 0x7f8fae578b90>,8,2,[ 5 11],9,16,18,7,9
1,<environment.Job instance at 0x7f8fae578910>,12,1,[ 4 10],13,18,19,5,13
1,<environment.Job instance at 0x7f8fae578cd0>,13,13,[2 7],14,19,32,5,14
1,<environment.Job instance at 0x7f8fa4fdc5a0>,15,1,[12  1],16,21,22,5,16
1,<environment.Job instance at 0x7f8fa4fdca00>,20,17,[6 4],21,22,39,1,21
1,<environment.Job instance at 0x7f8fa4fdcbe0>,21,17,[1 6],22,32,49,10,25
1,<environment.Job instance at 0x7f8fa4fdce10>,22,18,[5 5],23,35,53,12,35
1,<environment.Job instance at 0x7f8fa4fdc500>,27,1,[4 8],28,49,50,21,35
1,<environment.Job instance at 0x7f8fa4fdc730>,23,18,[ 3 10],24,50,68,26,43
1,<environment.Job instance at 0x7f8fa4fdc230>,29,16,[2 5],30,88,104,58,88
1,<environment.Job instance at 0x7f8fa4fdc690>,30,13,[ 5 10],31,92,105,61,92
1,<environment.Job instance at 0x7f8fa4fdc550>,31,22,[ 5 14],32,105,127,73,98
1,<environment.Job instance at 0x7f8fa4fdc4b0>,24,13,[8 4],25,127,140,102,111
1,<environment.Job instance at 0x7f8fa4fdc5f0>,33,15,[2 5],34,127,142,93,114
1,<environment.Job instance at 0x7f8fa4fdcd70>,34,14,[3 7],35,140,154,105,126
1,<environment.Job instance at 0x7f8fa4fdc640>,32,26,[8 5],33,142,168,109,139
1,<environment.Job instance at 0x7f8fa54fb0f0>,37,2,[7 3],38,140,142,102,139
1,<environment.Job instance at 0x7f8fa5f8dd20>,0,18,[1 9],1,1,19,0,1
1,<environment.Job instance at 0x7f8fa59b90f0>,1,14,[1 6],2,2,16,0,2
1,<environment.Job instance at 0x7f8fa5ee8b40>,7,13,[7 3],8,16,29,8,16
1,<environment.Job instance at 0x7f8fa4fc62d0>,3,17,[6 1],4,16,33,12,16
1,<environment.Job instance at 0x7f8fa5be85f0>,12,1,[ 4 10],13,29,30,16,29
1,<environment.Job instance at 0x7f8fa5be8690>,13,13,[2 7],14,30,43,16,30
1,<environment.Job instance at 0x7f8fa54b05a0>,14,15,[4 7],15,30,45,15,30
1,<environment.Job instance at 0x7f8fa4bb0cd0>,2,17,[9 4],3,43,60,40,43
1,<environment.Job instance at 0x7f8fa5fa6e60>,21,17,[1 6],22,45,62,23,45
1,<environment.Job instance at 0x7f8fa5b88500>,22,18,[5 5],23,45,63,22,45
1,<environment.Job instance at 0x7f8fae8d4aa0>,24,13,[8 4],25,60,73,35,60
1,<environment.Job instance at 0x7f8fa4c491e0>,27,1,[4 8],28,63,64,35,63
1,<environment.Job instance at 0x7f8fae54e410>,29,16,[2 5],30,64,80,34,64
1,<environment.Job instance at 0x7f8fa5394230>,30,13,[ 5 10],31,73,86,42,73
1,<environment.Job instance at 0x7f8fa4fdcc80>,33,15,[2 5],34,80,95,46,80
1,<environment.Job instance at 0x7f8fa4944b90>,34,14,[3 7],35,86,100,51,86
1,<environment.Job instance at 0x7f8fa54fb5a0>,37,2,[7 3],38,86,88,48,86
1,<environment.Job instance at 0x7f8fa57bf1e0>,9,17,[9 2],10,88,105,78,88
1,<environment.Job instance at 0x7f8fa4bf1e10>,40,15,[2 7],41,100,115,59,100
1,<environment.Job instance at 0x7f8fa54b0190>,20,17,[6 4],21,105,122,84,105
1,<environment.Job instance at 0x7f8fa5f12c30>,41,18,[6 1],42,105,123,63,105
1,<environment.Job instance at 0x7f8fa49e6e10>,39,17,[2 9],40,115,132,75,115
1,<environment.Job instance at 0x7f8fb4a740a0>,44,14,[5 1],45,122,136,77,122
1,<environment.Job instance at 0x7f8fae5785a0>,49,13,[8 5],50,123,136,73,123
1,<environment.Job instance at 0x7f8fa4d0e500>,45,14,[2 8],46,132,146,86,132
1,<environment.Job instance at 0x7f8fa51daeb0>,53,15,[4 7],54,136,151,82,136
1,<environment.Job instance at 0x7f8fa48157d0>,7,2,[6 5],8,8,10,0,8
1,<environment.Job instance at 0x7f8fa48152d0>,6,12,[ 1 10],7,9,21,2,9
1,<environment.Job instance at 0x7f8fa48153c0>,13,3,[6 1],14,14,17,0,14
1,<environment.Job instance at 0x7f8fa4815c30>,14,3,[1 9],15,21,24,6,15
1,<environment.Job instance at 0x7f8fa4815230>,16,3,[9 5],17,17,20,0,17
1,<environment.Job instance at 0x7f8fa4815a50>,17,3,[8 1],18,20,23,2,18
1,<environment.Job instance at 0x7f8fa4815910>,20,21,[3 9],21,24,45,3,21
1,<environment.Job instance at 0x7f8fa4815280>,21,2,[7 1],22,23,25,1,22
1,<environment.Job instance at 0x7f8fa47ec960>,25,3,[9 5],26,26,29,0,26
1,<environment.Job instance at 0x7f8fa47ec320>,27,16,[4 6],28,29,45,1,28
1,<environment.Job instance at 0x7f8fa47ec2d0>,26,16,[8 3],27,45,61,18,37
1,<environment.Job instance at 0x7f8fa48150a0>,24,27,[7 4],25,45,72,20,44
1,<environment.Job instance at 0x7f8fa47ec460>,32,2,[6 1],33,61,63,28,47
1,<environment.Job instance at 0x7f8fa47ecdc0>,41,2,[12  1],42,72,74,30,47
1,<environment.Job instance at 0x7f8fa47ec5f0>,42,1,[7 3],43,63,64,20,47
1,<environment.Job instance at 0x7f8fa47ecaa0>,35,16,[3 7],36,75,91,39,75
1,<environment.Job instance at 0x7f8fa47ec9b0>,40,3,[6 4],41,77,80,36,77
1,<environment.Job instance at 0x7f8fa5bf7780>,0,17,[2 6],1,1,18,0,1
1,<environment.Job instance at 0x7f8fa581f140>,2,19,[1 7],3,3,22,0,3
1,<environment.Job instance at 0x7f8fa5beeaa0>,7,2,[6 5],8,18,20,10,18
1,<environment.Job instance at 0x7f8fa5bc6140>,13,3,[6 1],14,20,23,6,20
1,<environment.Job instance at 0x7f8fa5bdd910>,11,15,[4 7],12,20,35,8,20
1,<environment.Job instance at 0x7f8fa5bc68c0>,15,15,[4 8],16,23,38,7,23
1,<environment.Job instance at 0x7f8fa5bc6910>,16,3,[9 5],17,35,38,18,35
1,<environment.Job instance at 0x7f8fa5bc69b0>,17,3,[8 1],18,38,41,20,38
1,<environment.Job instance at 0x7f8fa5bfe0f0>,21,2,[7 1],22,38,40,16,38
1,<environment.Job instance at 0x7f8fa5bc6190>,14,3,[1 9],15,40,43,25,40
1,<environment.Job instance at 0x7f8fa5e300f0>,25,3,[9 5],26,41,44,15,41
1,<environment.Job instance at 0x7f8fa5beeb90>,6,12,[ 1 10],7,43,55,36,43
1,<environment.Job instance at 0x7f8fa5bfef50>,22,15,[8 2],23,44,59,21,44
1,<environment.Job instance at 0x7f8fa5e306e0>,27,16,[4 6],28,55,71,27,55
1,<environment.Job instance at 0x7f8fa5e383c0>,32,2,[6 1],33,59,61,26,59
1,<environment.Job instance at 0x7f8fa5e38d20>,33,17,[3 8],34,59,76,25,59
1,<environment.Job instance at 0x7f8fa5bddaf0>,10,15,[9 4],11,71,86,60,71
1,<environment.Job instance at 0x7f8fa57abaf0>,35,16,[3 7],36,76,92,40,76
1,<environment.Job instance at 0x7f8fa5e381e0>,37,14,[5 7],38,86,100,48,86
1,<environment.Job instance at 0x7f8fa5e64870>,39,16,[4 7],40,92,108,52,92
1,<environment.Job instance at 0x7f8fa5e642d0>,40,3,[6 4],41,100,103,59,100
1,<environment.Job instance at 0x7f8fa5e67c80>,42,1,[7 3],43,103,104,60,103
1,<environment.Job instance at 0x7f8fa5e30730>,26,16,[8 3],27,104,120,77,104
1,<environment.Job instance at 0x7f8fa5bc6050>,18,17,[7 4],19,108,125,89,108
1,<environment.Job instance at 0x7f8fa57b48c0>,57,16,[1 8],58,120,136,62,120
1,<environment.Job instance at 0x7f8fa5bf5870>,58,12,[3 7],59,125,137,66,125
1,<environment.Job instance at 0x7f8fa5e29460>,52,15,[10  5],53,136,151,83,136
1,<environment.Job instance at 0x7f8fa5e16cd0>,63,17,[3 8],64,137,154,73,137
1,<environment.Job instance at 0x7f8fa5f76870>,1,2,[5 9],2,2,4,0,2
1,<environment.Job instance at 0x7f8fa5bccdc0>,1,2,[5 9],2,2,4,0,2
1,<environment.Job instance at 0x7f8fa5be42d0>,7,1,[6 4],8,8,9,0,8
1,<environment.Job instance at 0x7f8fa5be40a0>,8,1,[7 3],9,9,10,0,9
1,<environment.Job instance at 0x7f8fa5be4410>,9,3,[9 3],10,10,13,0,10
1,<environment.Job instance at 0x7f8fa5faec30>,18,13,[7 3],19,19,32,0,19
1,<environment.Job instance at 0x7f8fa57cb910>,23,16,[4 8],24,24,40,0,24
1,<environment.Job instance at 0x7f8fa57cbaa0>,27,2,[5 4],28,32,34,4,32
1,<environment.Job instance at 0x7f8fa57cb960>,31,2,[7 4],32,34,36,2,34
1,<environment.Job instance at 0x7f8fa57cb820>,30,3,[5 6],31,36,39,5,36
1,<environment.Job instance at 0x7f8fa5e32a00>,33,15,[1 5],34,39,54,5,39
1,<environment.Job instance at 0x7f8fa5e2d500>,39,3,[9 2],40,40,43,0,40
1,<environment.Job instance at 0x7f8fa5e2e910>,41,13,[ 3 10],42,43,56,1,43
1,<environment.Job instance at 0x7f8fa46273c0>,44,2,[10  1],45,54,56,9,54
1,<environment.Job instance at 0x7f8fa501dd20>,46,2,[5 5],47,56,58,9,56
1,<environment.Job instance at 0x7f8fa4620500>,43,12,[4 8],44,56,68,12,56
1,<environment.Job instance at 0x7f8fa586b460>,47,17,[3 7],48,58,75,10,58
1,<environment.Job instance at 0x7f8fa5bf5870>,52,17,[1 6],53,68,85,15,68
1,<environment.Job instance at 0x7f8fa5e16e10>,50,18,[8 2],51,68,86,17,68
1,<environment.Job instance at 0x7f8fa5e29e10>,55,13,[4 7],56,75,88,19,75
1,<environment.Job instance at 0x7f8fa5bf5320>,54,17,[3 5],55,85,102,30,85
1,<environment.Job instance at 0x7f8fa5e469b0>,57,15,[10  5],58,88,103,30,88
1,<environment.Job instance at 0x7f8fa5e56730>,60,1,[ 3 10],61,102,103,41,102
1,<environment.Job instance at 0x7f8fa5e56690>,61,12,[5 9],62,103,115,41,103
1,<environment.Job instance at 0x7f8fa5e67280>,62,3,[7 4],63,103,106,40,103
1,<environment.Job instance at 0x7f8fa5e67eb0>,63,1,[8 2],64,106,107,42,106
1,<environment.Job instance at 0x7f8fa57cb640>,25,18,[10  3],26,107,125,81,107
1,<environment.Job instance at 0x7f8fa5e67d70>,65,1,[ 3 10],66,115,116,49,115
1,<environment.Job instance at 0x7f8fa57abaf0>,68,1,[4 6],69,116,117,47,116
1,<environment.Job instance at 0x7f8fa5e38b40>,69,18,[ 3 10],70,117,135,47,117
1,<environment.Job instance at 0x7f8fa5e64870>,67,18,[7 1],68,125,143,57,125
1,<environment.Job instance at 0x7f8fa5e38d20>,70,1,[5 8],71,135,136,64,135
1,<environment.Job instance at 0x7f8fa5e16cd0>,49,18,[2 6],50,135,153,85,135
1,<environment.Job instance at 0x7f8fa5e30730>,76,3,[2 6],77,136,139,59,136
1,<environment.Job instance at 0x7f8fa5e300f0>,75,16,[5 4],76,139,155,63,139
1,<environment.Job instance at 0x7f8fa4872910>,0,2,[1 8],1,1,3,0,1
1,<environment.Job instance at 0x7f8fa48728c0>,5,1,[ 1 12],6,6,7,0,6
1,<environment.Job instance at 0x7f8fa4644780>,15,2,[7 2],16,16,18,0,16
1,<environment.Job instance at 0x7f8fa4644690>,16,1,[5 7],17,17,18,0,17
1,<environment.Job instance at 0x7f8fa5e3b4b0>,17,2,[ 3 14],18,18,20,0,18
1,<environment.Job instance at 0x7f8fa5e3bd70>,20,2,[ 3 13],21,21,23,0,21
1,<environment.Job instance at 0x7f8fa4872eb0>,23,17,[ 4 10],24,90,107,66,90
1,<environment.Job instance at 0x7f8fa4871550>,26,25,[ 2 14],27,108,133,81,108
1,<environment.Job instance at 0x7f8fa5b5d2d0>,0,2,[1 8],1,1,3,0,1
1,<environment.Job instance at 0x7f8fa5b5d370>,2,22,[8 5],3,3,25,0,3
1,<environment.Job instance at 0x7f8fa5579500>,7,13,[5 2],8,8,21,0,8
1,<environment.Job instance at 0x7f8fa55790f0>,9,18,[5 3],10,21,39,11,21
1,<environment.Job instance at 0x7f8fa5bc6140>,16,1,[5 7],17,25,26,8,25
1,<environment.Job instance at 0x7f8fa5bc6f00>,15,2,[7 2],16,26,28,10,26
1,<environment.Job instance at 0x7f8fa581fa50>,24,12,[1 8],25,26,38,1,26
1,<environment.Job instance at 0x7f8fa5579d70>,8,12,[9 4],9,28,40,19,28
1,<environment.Job instance at 0x7f8fa5bdd3c0>,27,18,[1 8],28,38,56,10,38
1,<environment.Job instance at 0x7f8fa5855c80>,25,13,[7 3],26,40,53,14,40
1,<environment.Job instance at 0x7f8fa5bdd910>,28,15,[7 3],29,40,55,11,40
1,<environment.Job instance at 0x7f8fa5bee140>,29,3,[7 5],30,55,58,25,55
1,<environment.Job instance at 0x7f8fa5e34640>,32,12,[3 7],33,56,68,23,56
1,<environment.Job instance at 0x7f8fa5e347d0>,33,13,[3 7],34,58,71,24,58
1,<environment.Job instance at 0x7f8fa5858f50>,39,18,[6 1],40,58,76,18,58
1,<environment.Job instance at 0x7f8fa55790a0>,4,14,[8 2],5,71,85,66,71
1,<environment.Job instance at 0x7f8fa5e382d0>,42,2,[3 9],43,76,78,33,76
1,<environment.Job instance at 0x7f8fa5e381e0>,41,15,[4 9],42,78,93,36,78
1,<environment.Job instance at 0x7f8fa5e67140>,46,3,[6 3],47,85,88,38,85
1,<environment.Job instance at 0x7f8fa5e67d70>,45,16,[5 1],46,85,101,39,85
1,<environment.Job instance at 0x7f8fa5e67aa0>,48,2,[5 7],49,93,95,44,93
1,<environment.Job instance at 0x7f8fa5e46820>,52,1,[1 5],53,95,96,42,95
1,<environment.Job instance at 0x7f8fa5e672d0>,47,12,[4 8],48,95,107,47,95
1,<environment.Job instance at 0x7f8fa5e29410>,54,14,[3 7],55,101,115,46,101
1,<environment.Job instance at 0x7f8fa57b48c0>,56,13,[5 8],57,107,120,50,107
1,<environment.Job instance at 0x7f8fae5cf820>,61,12,[3 5],62,115,127,53,115
1,<environment.Job instance at 0x7f8fa4b149b0>,63,14,[6 2],64,120,134,56,120
1,<environment.Job instance at 0x7f8fa4b14a50>,64,2,[5 5],65,120,122,55,120
1,<environment.Job instance at 0x7f8fa5bf5aa0>,59,16,[5 8],60,122,138,62,122
1,<environment.Job instance at 0x7f8fa5e2d910>,67,12,[5 5],68,134,146,66,134
1,<environment.Job instance at 0x7f8fa5e32410>,71,14,[5 4],72,138,152,66,138
1,<environment.Job instance at 0x7f8fa5e2ddc0>,68,16,[4 6],69,138,154,69,138
1,<environment.Job instance at 0x7f8fa57cc3c0>,2,1,[9 2],3,3,4,0,3
1,<environment.Job instance at 0x7f8fa57cc320>,3,3,[5 1],4,4,7,0,4
1,<environment.Job instance at 0x7f8fa57cc190>,4,20,[2 5],5,5,25,0,5
1,<environment.Job instance at 0x7f8fa57ccb90>,5,3,[1 7],6,6,9,0,6
1,<environment.Job instance at 0x7f8fa5a1dcd0>,9,16,[6 1],10,10,26,0,10
1,<environment.Job instance at 0x7f8fa5a1de10>,20,1,[3 6],21,23,24,2,23
1,<environment.Job instance at 0x7f8fa5a1d4b0>,23,14,[9 1],24,25,39,1,25
1,<environment.Job instance at 0x7f8fa5a1d320>,25,1,[5 9],26,26,27,0,26
1,<environment.Job instance at 0x7f8fa5a1d6e0>,26,3,[6 3],27,27,30,0,27
1,<environment.Job instance at 0x7f8fa5a1dc30>,24,15,[2 5],25,30,45,5,28
1,<environment.Job instance at 0x7f8fa4ee9410>,27,12,[14  4],28,45,57,17,28
1,<environment.Job instance at 0x7f8fa5a1deb0>,21,14,[ 1 11],22,45,59,23,34
1,<environment.Job instance at 0x7f8fa4ee9b90>,33,2,[ 1 13],34,59,61,25,37
1,<environment.Job instance at 0x7f8fa4ee9cd0>,34,3,[3 6],35,61,64,26,45
1,<environment.Job instance at 0x7f8fa4ee99b0>,28,14,[ 2 10],29,64,78,35,49
1,<environment.Job instance at 0x7f8fa4ee9af0>,41,1,[8 1],42,57,58,15,49
1,<environment.Job instance at 0x7f8fa4b944b0>,46,3,[3 8],47,61,64,14,53
1,<environment.Job instance at 0x7f8fa4d1e230>,2,1,[9 2],3,3,4,0,3
1,<environment.Job instance at 0x7f8fa4d1e280>,3,3,[5 1],4,4,7,0,4
1,<environment.Job instance at 0x7f8fa4d1e0a0>,4,20,[2 5],5,5,25,0,5
1,<environment.Job instance at 0x7f8fa4d22e60>,5,3,[1 7],6,6,9,0,6
1,<environment.Job instance at 0x7f8fa5076410>,6,17,[10  3],7,7,24,0,7
1,<environment.Job instance at 0x7f8fa505e8c0>,12,13,[ 4 10],13,24,37,11,24
1,<environment.Job instance at 0x7f8fa505e870>,13,15,[8 5],14,25,40,11,25
1,<environment.Job instance at 0x7f8fa505ef50>,15,12,[1 7],16,37,49,21,37
1,<environment.Job instance at 0x7f8fa5657370>,9,16,[6 1],10,37,53,27,37
1,<environment.Job instance at 0x7f8fa5a65e10>,20,1,[3 6],21,40,41,19,40
1,<environment.Job instance at 0x7f8fa4d10af0>,24,15,[2 5],25,41,56,16,41
1,<environment.Job instance at 0x7f8fa4d29690>,25,1,[5 9],26,49,50,23,49
1,<environment.Job instance at 0x7f8fa4d10780>,26,3,[6 3],27,50,53,23,50
1,<environment.Job instance at 0x7f8fa4d107d0>,23,14,[9 1],24,53,67,29,53
1,<environment.Job instance at 0x7f8fa4d29f50>,28,14,[ 2 10],29,56,70,27,56
1,<environment.Job instance at 0x7f8fa4d297d0>,31,12,[7 5],32,67,79,35,67
1,<environment.Job instance at 0x7f8fa506e320>,34,3,[3 6],35,70,73,35,70
1,<environment.Job instance at 0x7f8fa4d17fa0>,38,13,[1 7],39,73,86,34,73
1,<environment.Job instance at 0x7f8fa563b640>,41,1,[8 1],42,79,80,37,79
1,<environment.Job instance at 0x7f8fa4d21aa0>,42,18,[4 5],43,79,97,36,79
1,<environment.Job instance at 0x7f8fa5076fa0>,8,16,[9 2],9,80,96,71,80
1,<environment.Job instance at 0x7f8fa4895b40>,45,14,[9 3],46,96,110,50,96
1,<environment.Job instance at 0x7f8fa48954b0>,46,3,[3 8],47,97,100,50,97
1,<environment.Job instance at 0x7f8fa561ccd0>,48,15,[3 7],49,100,115,51,100
1,<environment.Job instance at 0x7f8fa4895230>,44,17,[8 3],45,110,127,65,110
1,<environment.Job instance at 0x7f8fa4d031e0>,53,15,[3 5],54,110,125,56,110
1,<environment.Job instance at 0x7f8fa4d30a00>,56,3,[4 7],57,125,128,68,125
1,<environment.Job instance at 0x7f8fa4d308c0>,57,1,[5 1],58,127,128,69,127
1,<environment.Job instance at 0x7f8fa4d30cd0>,58,18,[5 5],59,127,145,68,127
1,<environment.Job instance at 0x7f8fa5467370>,60,2,[5 7],61,128,130,67,128
1,<environment.Job instance at 0x7f8fa5475e10>,59,15,[ 1 10],60,130,145,70,130
1,<environment.Job instance at 0x7f8fa5538d20>,2,2,[4 8],3,3,5,0,3
1,<environment.Job instance at 0x7f8fa5538820>,5,21,[1 7],6,6,27,0,6
1,<environment.Job instance at 0x7f8fa55380f0>,9,12,[8 5],10,10,22,0,10
1,<environment.Job instance at 0x7f8fa554ad20>,15,3,[14  1],16,22,25,6,16
1,<environment.Job instance at 0x7f8fa554ad70>,18,3,[4 9],19,27,30,8,19
1,<environment.Job instance at 0x7f8fa554a370>,20,1,[1 6],21,25,26,4,21
1,<environment.Job instance at 0x7f8fa554aeb0>,21,13,[3 8],22,30,43,8,22
1,<environment.Job instance at 0x7f8fa5538190>,23,3,[ 4 10],24,43,46,19,25
1,<environment.Job instance at 0x7f8fa554a410>,26,1,[ 5 11],27,46,47,19,30
1,<environment.Job instance at 0x7f8fa5538c80>,4,21,[5 3],5,30,51,25,30
1,<environment.Job instance at 0x7f8fa551d820>,28,16,[6 2],29,30,46,1,30
1,<environment.Job instance at 0x7f8fa551dc80>,29,20,[1 9],30,47,67,17,38
1,<environment.Job instance at 0x7f8fa551de60>,25,17,[13  4],26,51,68,25,46
1,<environment.Job instance at 0x7f8fa551dd70>,31,1,[12  5],32,68,69,36,46
1,<environment.Job instance at 0x7f8fa551dd20>,32,3,[4 7],33,69,72,36,46
1,<environment.Job instance at 0x7f8fa551d730>,33,18,[3 6],34,68,86,34,57
1,<environment.Job instance at 0x7f8fa551d0f0>,30,18,[3 7],31,72,90,41,63
1,<environment.Job instance at 0x7f8fa551d690>,27,12,[4 8],28,86,98,58,78
1,<environment.Job instance at 0x7f8fa551dfa0>,36,1,[ 3 12],37,98,99,61,78
1,<environment.Job instance at 0x7f8fa551d230>,35,17,[2 5],36,99,116,63,87
1,<environment.Job instance at 0x7f8fa551d5f0>,38,3,[1 9],39,99,102,60,87
1,<environment.Job instance at 0x7f8fa551daa0>,39,3,[11  1],40,90,93,50,88
1,<environment.Job instance at 0x7f8fa552dd20>,40,1,[9 2],41,93,94,52,90
1,<environment.Job instance at 0x7f8fa552d190>,41,18,[2 9],42,102,120,60,93
1,<environment.Job instance at 0x7f8fa554a4b0>,22,16,[ 4 14],23,120,136,97,118
1,<environment.Job instance at 0x7f8fa552dfa0>,43,21,[13  1],44,136,157,92,128
1,<environment.Job instance at 0x7f8fa554a500>,24,16,[ 2 12],25,136,152,111,131
1,<environment.Job instance at 0x7f8fa4ef84b0>,2,2,[4 8],3,3,5,0,3
1,<environment.Job instance at 0x7f8fae764be0>,3,22,[3 7],4,4,26,0,4
1,<environment.Job instance at 0x7f8fa4d6f550>,4,21,[5 3],5,5,26,0,5
1,<environment.Job instance at 0x7f8fa4853960>,11,19,[6 2],12,12,31,0,12
1,<environment.Job instance at 0x7f8fa5467460>,18,3,[4 9],19,26,29,7,26
1,<environment.Job instance at 0x7f8fa5467370>,20,1,[1 6],21,29,30,8,29
1,<environment.Job instance at 0x7f8fa5451a50>,9,12,[8 5],10,29,41,19,29
1,<environment.Job instance at 0x7f8fa563b640>,23,3,[ 4 10],24,31,34,7,31
1,<environment.Job instance at 0x7f8fa563be10>,27,12,[4 8],28,34,46,6,34
1,<environment.Job instance at 0x7f8fa59b98c0>,10,12,[9 1],11,41,53,30,41
1,<environment.Job instance at 0x7f8fa54865f0>,21,13,[3 8],22,46,59,24,46
1,<environment.Job instance at 0x7f8fa5647730>,32,3,[4 7],33,53,56,20,53
1,<environment.Job instance at 0x7f8fa54790a0>,6,14,[3 7],7,56,70,49,56
1,<environment.Job instance at 0x7f8fa56b7a00>,28,16,[6 2],29,59,75,30,59
1,<environment.Job instance at 0x7f8fa5a33fa0>,35,17,[2 5],36,59,76,23,59
1,<environment.Job instance at 0x7f8fa5a33370>,33,18,[3 6],34,70,88,36,70
1,<environment.Job instance at 0x7f8fa56d6870>,40,1,[9 2],41,75,76,34,75
1,<environment.Job instance at 0x7f8fa5a33eb0>,38,3,[1 9],39,76,79,37,76
1,<environment.Job instance at 0x7f8fa5a33320>,44,15,[8 4],45,79,94,34,79
1,<environment.Job instance at 0x7f8fa5b4c910>,46,15,[2 8],47,88,103,41,88
1,<environment.Job instance at 0x7f8fa5b4c5f0>,48,1,[10  4],49,94,95,45,94
1,<environment.Job instance at 0x7f8fa4b853c0>,49,2,[6 2],50,95,97,45,95
1,<environment.Job instance at 0x7f8fa4b85870>,50,12,[10  3],51,97,109,46,97
1,<environment.Job instance at 0x7f8fa5b4c5a0>,47,17,[2 7],48,103,120,55,103
1,<environment.Job instance at 0x7f8fa5497c30>,59,2,[8 2],60,109,111,49,109
1,<environment.Job instance at 0x7f8fae5a4f00>,30,18,[3 7],31,111,129,80,111
1,<environment.Job instance at 0x7f8fae556fa0>,62,14,[5 8],63,120,134,57,120
1,<environment.Job instance at 0x7f8fa485b6e0>,12,18,[10  2],13,129,147,116,129
1,<environment.Job instance at 0x7f8fae556af0>,61,16,[ 1 10],62,134,150,72,134
1,<environment.Job instance at 0x7f8fa55eeb40>,0,2,[14  4],1,1,3,0,1
1,<environment.Job instance at 0x7f8fa55eebe0>,4,16,[5 6],5,5,21,0,5
1,<environment.Job instance at 0x7f8fa55eea00>,5,3,[5 5],6,6,9,0,6
1,<environment.Job instance at 0x7f8fa55ee4b0>,7,13,[4 7],8,9,22,1,8
1,<environment.Job instance at 0x7f8fa55eeaa0>,8,2,[6 2],9,9,11,0,9
1,<environment.Job instance at 0x7f8fa55eefa0>,9,2,[10  5],10,21,23,11,10
1,<environment.Job instance at 0x7f8fa55eecd0>,10,15,[5 5],11,22,37,11,11
1,<environment.Job instance at 0x7f8fa51070a0>,19,13,[6 3],20,23,36,3,20
1,<environment.Job instance at 0x7f8fa55ee730>,13,14,[5 8],14,36,50,22,21
1,<environment.Job instance at 0x7f8fa5107910>,16,23,[7 5],17,39,62,22,39
1,<environment.Job instance at 0x7f8fa5107d70>,22,3,[9 1],23,62,65,39,39
1,<environment.Job instance at 0x7f8fa5107c80>,18,23,[1 5],19,50,73,31,48
1,<environment.Job instance at 0x7f8fa51073c0>,23,15,[ 1 11],24,73,88,49,59
1,<environment.Job instance at 0x7f8fa5107b40>,25,2,[13  4],26,65,67,39,59
1,<environment.Job instance at 0x7f8fa5107500>,26,19,[3 9],27,88,107,61,82
1,<environment.Job instance at 0x7f8fa51070f0>,27,1,[5 1],28,82,83,54,82
1,<environment.Job instance at 0x7f8fa5107f00>,28,22,[3 6],29,88,110,59,82
1,<environment.Job instance at 0x7f8fa5107960>,29,12,[10  5],30,107,119,77,90
1,<environment.Job instance at 0x7f8fa5107e60>,30,2,[10  3],31,119,121,88,92
1,<environment.Job instance at 0x7f8fa5107e10>,24,18,[1 8],25,110,128,85,105
1,<environment.Job instance at 0x7f8fa5107640>,31,13,[13  4],32,121,134,89,106
1,<environment.Job instance at 0x7f8fa5107140>,33,16,[2 6],34,128,144,94,115
1,<environment.Job instance at 0x7f8fa5107550>,34,12,[9 2],35,134,146,99,117
1,<environment.Job instance at 0x7f8fa5107dc0>,35,1,[8 2],36,146,147,110,118
1,<environment.Job instance at 0x7f8fa5107aa0>,36,15,[8 5],37,147,162,110,134
1,<environment.Job instance at 0x7f8fa4f09e10>,1,18,[5 5],2,2,20,0,2
1,<environment.Job instance at 0x7f8fa4d33af0>,4,16,[5 6],5,5,21,0,5
1,<environment.Job instance at 0x7f8fa5a0e5a0>,8,2,[6 2],9,20,22,11,20
1,<environment.Job instance at 0x7f8fa4f09f50>,7,13,[4 7],8,20,33,12,20
1,<environment.Job instance at 0x7f8fa4d33a50>,5,3,[5 5],6,21,24,15,21
1,<environment.Job instance at 0x7f8fa5ea7a00>,9,2,[10  5],10,24,26,14,24
1,<environment.Job instance at 0x7f8fa5762280>,22,3,[9 1],23,26,29,3,26
1,<environment.Job instance at 0x7f8fa4f2d910>,19,13,[6 3],20,29,42,9,29
1,<environment.Job instance at 0x7f8fa5ea7af0>,10,15,[5 5],11,29,44,18,29
1,<environment.Job instance at 0x7f8fae556dc0>,27,1,[5 1],28,42,43,14,42
1,<environment.Job instance at 0x7f8fa47d0e60>,13,14,[5 8],14,42,56,28,42
1,<environment.Job instance at 0x7f8fae556af0>,30,2,[10  3],31,44,46,13,44
1,<environment.Job instance at 0x7f8fae556b40>,29,12,[10  5],30,46,58,16,46
1,<environment.Job instance at 0x7f8fa5378550>,33,16,[2 6],34,56,72,22,56
1,<environment.Job instance at 0x7f8faeb57550>,35,1,[8 2],36,58,59,22,58
1,<environment.Job instance at 0x7f8faeb57cd0>,34,12,[9 2],35,59,71,24,59
1,<environment.Job instance at 0x7f8fa57930a0>,44,2,[1 5],45,59,61,14,59
1,<environment.Job instance at 0x7f8fa5fd80a0>,36,15,[8 5],37,71,86,34,71
1,<environment.Job instance at 0x7f8fae764be0>,49,16,[7 3],50,72,88,22,72
1,<environment.Job instance at 0x7f8fa4d93690>,42,16,[8 2],43,86,102,43,86
1,<environment.Job instance at 0x7f8fa5467640>,47,18,[1 6],48,88,106,40,88
1,<environment.Job instance at 0x7f8fa4d6f190>,54,3,[7 3],55,102,105,47,102
1,<environment.Job instance at 0x7f8fae906fa0>,57,15,[5 6],58,102,117,44,102
1,<environment.Job instance at 0x7f8fa5607190>,58,3,[9 1],59,105,108,46,105
1,<environment.Job instance at 0x7f8fa5970730>,24,18,[1 8],25,106,124,81,106
1,<environment.Job instance at 0x7f8fa59cec80>,59,1,[2 7],60,117,118,57,117
1,<environment.Job instance at 0x7f8fa57aeb40>,64,14,[1 5],65,118,132,53,118
1,<environment.Job instance at 0x7f8fa51f2960>,69,17,[5 7],70,126,143,56,126
1,<environment.Job instance at 0x7f8fa5c5b4b0>,73,3,[4 7],74,132,135,58,132
1,<environment.Job instance at 0x7f8fa55ee910>,74,2,[6 4],75,135,137,60,135
1,<environment.Job instance at 0x7f8fa4d6f0a0>,53,18,[3 8],54,137,155,83,137
1,<environment.Job instance at 0x7f8fa523e550>,4,2,[5 5],5,5,7,0,5
1,<environment.Job instance at 0x7f8fa5c6d6e0>,5,17,[7 1],6,6,23,0,6
1,<environment.Job instance at 0x7f8fa55ae460>,7,1,[ 1 11],8,8,9,0,8
1,<environment.Job instance at 0x7f8fa5032a00>,10,1,[5 3],11,31,32,20,31
1,<environment.Job instance at 0x7f8fa5032b90>,13,1,[1 9],14,32,33,18,32
1,<environment.Job instance at 0x7f8fa5032c30>,12,13,[10  4],13,32,45,19,32
1,<environment.Job instance at 0x7f8fa5032d70>,15,1,[10  1],16,45,46,29,32
1,<environment.Job instance at 0x7f8fa58ee550>,16,12,[8 1],17,46,58,29,32
1,<environment.Job instance at 0x7f8fa5032410>,11,3,[3 6],12,33,36,21,32
1,<environment.Job instance at 0x7f8fa58ee320>,17,22,[4 8],18,36,58,18,32
1,<environment.Job instance at 0x7f8fa58ee820>,21,3,[ 2 14],22,58,61,36,35
1,<environment.Job instance at 0x7f8fa58ee3c0>,25,2,[5 9],26,61,63,35,43
1,<environment.Job instance at 0x7f8fa58ee4b0>,24,14,[4 5],25,61,75,36,46
1,<environment.Job instance at 0x7f8fa58ee410>,23,14,[ 1 10],24,63,77,39,51
1,<environment.Job instance at 0x7f8fa533d6e0>,28,14,[ 2 14],29,77,91,48,63
1,<environment.Job instance at 0x7f8fa58ee1e0>,27,17,[1 6],28,91,108,63,79
1,<environment.Job instance at 0x7f8fa5007690>,31,15,[4 5],32,91,106,59,81
1,<environment.Job instance at 0x7f8fa4605230>,4,2,[5 5],5,5,7,0,5
1,<environment.Job instance at 0x7f8fa59909b0>,5,17,[7 1],6,6,23,0,6
1,<environment.Job instance at 0x7f8fa46355f0>,9,21,[6 2],10,10,31,0,10
1,<environment.Job instance at 0x7f8fa47f9e60>,13,1,[1 9],14,14,15,0,14
1,<environment.Job instance at 0x7f8fa51572d0>,10,1,[5 3],11,23,24,12,23
1,<environment.Job instance at 0x7f8fa5177690>,11,3,[3 6],12,23,26,11,23
1,<environment.Job instance at 0x7f8fa5889f00>,24,14,[4 5],25,25,39,0,25
1,<environment.Job instance at 0x7f8fa575d280>,15,1,[10  1],16,31,32,15,31
1,<environment.Job instance at 0x7f8fa5364aa0>,27,17,[1 6],28,31,48,3,31
1,<environment.Job instance at 0x7f8fa5157be0>,16,12,[8 1],17,32,44,15,32
1,<environment.Job instance at 0x7f8fa47ec320>,31,15,[4 5],32,39,54,7,39
1,<environment.Job instance at 0x7f8fa5157910>,12,13,[10  4],13,44,57,31,44
1,<environment.Job instance at 0x7f8fa4607a00>,25,2,[5 9],26,54,56,28,54
1,<environment.Job instance at 0x7f8fa594e550>,33,13,[5 1],34,56,69,22,56
1,<environment.Job instance at 0x7f8fa5158140>,36,12,[3 9],37,57,69,20,57
1,<environment.Job instance at 0x7f8fa51582d0>,34,13,[6 3],35,57,70,22,57
1,<environment.Job instance at 0x7f8fa4f7a500>,44,3,[8 4],45,69,72,24,69
1,<environment.Job instance at 0x7f8fa4f68640>,46,2,[3 6],47,70,72,23,70
1,<environment.Job instance at 0x7f8fa5156aa0>,47,1,[4 5],48,70,71,22,70
1,<environment.Job instance at 0x7f8fa5156190>,50,3,[4 9],51,72,75,21,72
1,<environment.Job instance at 0x7f8fa5158d70>,35,15,[10  3],36,72,87,36,72
1,<environment.Job instance at 0x7f8fa5889780>,23,14,[ 1 10],24,75,89,51,75
1,<environment.Job instance at 0x7f8fa4f6e460>,55,16,[5 1],56,87,103,31,87
1,<environment.Job instance at 0x7f8fa4f4b9b0>,62,1,[6 5],63,89,90,26,89
1,<environment.Job instance at 0x7f8fa516c0a0>,65,16,[1 9],66,89,105,23,89
1,<environment.Job instance at 0x7f8fa4f5faa0>,51,16,[4 5],52,90,106,38,90
1,<environment.Job instance at 0x7f8fa51580f0>,32,16,[10  5],33,105,121,72,105
1,<environment.Job instance at 0x7f8fa516c960>,68,18,[2 8],69,107,125,38,107
1,<environment.Job instance at 0x7f8fa4f4ba50>,63,17,[9 4],64,121,138,57,121
1,<environment.Job instance at 0x7f8fa516c140>,71,3,[3 8],72,125,128,53,125
1,<environment.Job instance at 0x7f8fa4f72550>,74,17,[5 2],75,128,145,53,128
1,<environment.Job instance at 0x7f8fa4f724b0>,73,1,[9 5],74,138,139,64,138
1,<environment.Job instance at 0x7f8fa4f44780>,77,1,[9 4],78,139,140,61,139
1,<environment.Job instance at 0x7f8fa594e370>,5,1,[5 5],6,6,7,0,6
1,<environment.Job instance at 0x7f8fa594ed20>,7,3,[5 7],8,8,11,0,8
1,<environment.Job instance at 0x7f8fa594e3c0>,8,13,[ 4 10],9,11,24,2,9
1,<environment.Job instance at 0x7f8fa594e730>,13,19,[3 5],14,15,34,1,15
1,<environment.Job instance at 0x7f8fa594e140>,15,3,[7 5],16,24,27,8,16
1,<environment.Job instance at 0x7f8fa4f683c0>,16,17,[1 6],17,27,44,10,17
1,<environment.Job instance at 0x7f8fa4f68820>,17,22,[3 6],18,34,56,16,27
1,<environment.Job instance at 0x7f8fa4f686e0>,19,1,[5 4],20,27,28,7,27
1,<environment.Job instance at 0x7f8fa4f68460>,20,3,[5 5],21,44,47,23,27
1,<environment.Job instance at 0x7f8fa4f68be0>,21,12,[ 5 12],22,56,68,34,40
1,<environment.Job instance at 0x7f8fa4f68190>,22,15,[4 7],23,68,83,45,55
1,<environment.Job instance at 0x7f8fa4f68e10>,23,14,[9 2],24,55,69,31,55
1,<environment.Job instance at 0x7f8fa4f68a00>,24,2,[10  4],25,69,71,44,55
1,<environment.Job instance at 0x7f8fa4f68230>,25,2,[6 1],26,71,73,45,55
1,<environment.Job instance at 0x7f8fa4f68dc0>,26,16,[1 9],27,83,99,56,70
1,<environment.Job instance at 0x7f8fa47ec780>,27,3,[2 5],28,71,74,43,70
1,<environment.Job instance at 0x7f8fa4f68370>,28,1,[4 7],29,74,75,45,70
1,<environment.Job instance at 0x7f8fa47ec8c0>,29,3,[6 5],30,75,78,45,70
1,<environment.Job instance at 0x7f8fa47ecd20>,30,13,[4 7],31,99,112,68,86
1,<environment.Job instance at 0x7f8fa47ecf50>,31,18,[4 6],32,87,105,55,87
1,<environment.Job instance at 0x7f8fa47ece60>,32,23,[ 4 10],33,112,135,79,108
1,<environment.Job instance at 0x7f8fa47ecd70>,33,12,[5 5],34,108,120,74,108
1,<environment.Job instance at 0x7f8fa47ecaf0>,34,14,[ 1 14],35,135,149,100,122
1,<environment.Job instance at 0x7f8fa47ecb40>,35,16,[4 9],36,149,165,113,136
1,<environment.Job instance at 0x7f8fa5f365f0>,2,1,[10  1],3,3,4,0,3
1,<environment.Job instance at 0x7f8fa4f7a5a0>,5,1,[5 5],6,6,7,0,6
1,<environment.Job instance at 0x7f8fa5895780>,6,16,[4 6],7,7,23,0,7
1,<environment.Job instance at 0x7f8fa4f7a320>,7,3,[5 7],8,8,11,0,8
1,<environment.Job instance at 0x7f8fa5f2ae60>,13,19,[3 5],14,14,33,0,14
1,<environment.Job instance at 0x7f8fa4f68910>,19,1,[5 4],20,23,24,3,23
1,<environment.Job instance at 0x7f8fa5f18aa0>,15,3,[7 5],16,23,26,7,23
1,<environment.Job instance at 0x7f8fa4f689b0>,20,3,[5 5],21,24,27,3,24
1,<environment.Job instance at 0x7f8fa4605aa0>,14,18,[7 5],15,26,44,11,26
1,<environment.Job instance at 0x7f8fa5889f00>,8,13,[ 4 10],9,33,46,24,33
1,<environment.Job instance at 0x7f8fa47ec820>,25,2,[6 1],26,44,46,18,44
1,<environment.Job instance at 0x7f8fa47ec280>,24,2,[10  4],25,46,48,21,46
1,<environment.Job instance at 0x7f8fa47ff640>,27,3,[2 5],28,46,49,18,46
1,<environment.Job instance at 0x7f8fa594e7d0>,16,17,[1 6],17,46,63,29,46
1,<environment.Job instance at 0x7f8fa47ec050>,23,14,[9 2],24,48,62,24,48
1,<environment.Job instance at 0x7f8fa4bdd6e0>,28,1,[4 7],29,49,50,20,49
1,<environment.Job instance at 0x7f8fa4bdd320>,30,13,[4 7],31,50,63,19,50
1,<environment.Job instance at 0x7f8fa4bdd820>,29,3,[6 5],30,63,66,33,63
1,<environment.Job instance at 0x7f8fa536cd70>,33,12,[5 5],34,63,75,29,63
1,<environment.Job instance at 0x7f8fa47ec320>,22,15,[4 7],23,66,81,43,66
1,<environment.Job instance at 0x7f8fa515f370>,39,13,[8 2],40,75,88,35,75
1,<environment.Job instance at 0x7f8fa47ff5a0>,26,16,[1 9],27,81,97,54,81
1,<environment.Job instance at 0x7f8fa5364aa0>,40,3,[10  1],41,88,91,47,88
1,<environment.Job instance at 0x7f8fa47f9d20>,42,14,[5 6],43,91,105,48,91
1,<environment.Job instance at 0x7f8fa49d5b40>,44,15,[9 3],45,97,112,52,97
1,<environment.Job instance at 0x7f8fa4bddbe0>,35,16,[4 9],36,105,121,69,105
1,<environment.Job instance at 0x7f8fa5f1d3c0>,50,13,[6 5],51,112,125,61,112
1,<environment.Job instance at 0x7f8fa4ae0fa0>,52,13,[3 9],53,121,134,68,121
1,<environment.Job instance at 0x7f8fa4b7f9b0>,53,3,[5 3],54,125,128,71,125
1,<environment.Job instance at 0x7f8fa4ae0d20>,51,16,[8 4],52,128,144,76,128
1,<environment.Job instance at 0x7f8fa49c2af0>,55,1,[3 5],56,134,135,78,134
1,<environment.Job instance at 0x7f8fa4bdd7d0>,31,18,[4 6],32,134,152,102,134
1,<environment.Job instance at 0x7f8fa54eda50>,4,1,[ 2 14],5,5,6,0,5
1,<environment.Job instance at 0x7f8fa54edaf0>,5,14,[9 1],6,7,21,1,7
1,<environment.Job instance at 0x7f8fa54edbe0>,7,13,[4 9],8,8,21,0,8
1,<environment.Job instance at 0x7f8fa54eddc0>,8,13,[3 6],9,21,34,12,9
1,<environment.Job instance at 0x7f8fa54edeb0>,9,1,[ 1 13],10,34,35,24,10
1,<environment.Job instance at 0x7f8fa54ede10>,10,3,[ 5 11],11,35,38,24,11
1,<environment.Job instance at 0x7f8fa550a190>,13,3,[7 2],14,21,24,7,14
1,<environment.Job instance at 0x7f8fa550a2d0>,14,1,[4 6],15,21,22,6,15
1,<environment.Job instance at 0x7f8fa550a5f0>,19,13,[ 4 11],20,38,51,18,23
1,<environment.Job instance at 0x7f8fa550a5a0>,16,15,[5 5],17,51,66,34,41
1,<environment.Job instance at 0x7f8fa54edfa0>,17,19,[3 9],18,51,70,33,41
1,<environment.Job instance at 0x7f8fa550a820>,21,17,[10  4],22,66,83,44,55
1,<environment.Job instance at 0x7f8fa550a910>,23,2,[2 9],24,70,72,46,55
1,<environment.Job instance at 0x7f8fa5b2a690>,6,15,[2 5],7,72,87,65,61
1,<environment.Job instance at 0x7f8fa550a780>,20,20,[3 6],21,72,92,51,63
1,<environment.Job instance at 0x7f8fa550acd0>,29,3,[4 9],30,87,90,57,72
1,<environment.Job instance at 0x7f8fa550ad70>,30,1,[5 6],31,90,91,59,72
1,<environment.Job instance at 0x7f8fa550abe0>,28,12,[5 7],29,91,103,62,75
1,<environment.Job instance at 0x7f8fa55051e0>,37,1,[4 8],38,92,93,54,75
1,<environment.Job instance at 0x7f8fa550af00>,33,16,[5 7],34,93,109,59,80
1,<environment.Job instance at 0x7f8fa55052d0>,36,17,[1 7],37,103,120,66,91
1,<environment.Job instance at 0x7f8fa55056e0>,41,14,[5 2],42,109,123,67,96
1,<environment.Job instance at 0x7f8fa5505410>,40,3,[10  5],41,120,123,79,96
1,<environment.Job instance at 0x7f8fa55057d0>,44,1,[12  5],45,123,124,78,96
1,<environment.Job instance at 0x7f8fa5505370>,39,15,[1 9],40,123,138,83,109
1,<environment.Job instance at 0x7f8fa5505a50>,48,2,[6 2],49,109,111,60,109
1,<environment.Job instance at 0x7f8fa55059b0>,47,16,[13  2],48,124,140,76,121
1,<environment.Job instance at 0x7f8fa5505280>,38,13,[ 4 13],39,140,153,101,127
1,<environment.Job instance at 0x7f8fa4da0a50>,5,14,[9 1],6,6,20,0,6
1,<environment.Job instance at 0x7f8fa5b13d70>,6,15,[2 5],7,7,22,0,7
1,<environment.Job instance at 0x7f8fa4db5eb0>,7,13,[4 9],8,8,21,0,8
1,<environment.Job instance at 0x7f8fa543a8c0>,14,1,[4 6],15,21,22,6,21
1,<environment.Job instance at 0x7f8fa4c998c0>,13,3,[7 2],14,21,24,7,21
1,<environment.Job instance at 0x7f8fa4db58c0>,8,13,[3 6],9,22,35,13,22
1,<environment.Job instance at 0x7f8fa543aaa0>,16,15,[5 5],17,22,37,5,22
1,<environment.Job instance at 0x7f8fa4b80b90>,23,2,[2 9],24,35,37,11,35
1,<environment.Job instance at 0x7f8fa4cb8050>,21,17,[10  4],22,37,54,15,37
1,<environment.Job instance at 0x7f8fa4b5bbe0>,17,19,[3 9],18,37,56,19,37
1,<environment.Job instance at 0x7f8fa5af8e10>,26,17,[9 4],27,54,71,27,54
1,<environment.Job instance at 0x7f8fa4d8a960>,30,1,[5 6],31,56,57,25,56
1,<environment.Job instance at 0x7f8fa4d8a410>,29,3,[4 9],30,57,60,27,57
1,<environment.Job instance at 0x7f8fa49dfdc0>,28,12,[5 7],29,60,72,31,60
1,<environment.Job instance at 0x7f8fa4da2cd0>,37,1,[4 8],38,71,72,33,71
1,<environment.Job instance at 0x7f8fa4da2230>,39,15,[1 9],40,72,87,32,72
1,<environment.Job instance at 0x7f8fa4da2e60>,40,3,[10  5],41,72,75,31,72
1,<environment.Job instance at 0x7f8fa4da2b90>,41,14,[5 2],42,75,89,33,75
1,<environment.Job instance at 0x7f8fa4c846e0>,45,14,[3 8],46,87,101,41,87
1,<environment.Job instance at 0x7f8fa57cceb0>,48,2,[6 2],49,89,91,40,89
1,<environment.Job instance at 0x7f8fa4d8a320>,33,16,[5 7],34,91,107,57,91
1,<environment.Job instance at 0x7f8fa4b6b820>,52,1,[8 1],53,101,102,48,101
1,<environment.Job instance at 0x7f8fa4d8a0f0>,36,17,[1 7],37,101,118,64,101
1,<environment.Job instance at 0x7f8fa5b158c0>,57,14,[1 5],58,107,121,49,107
1,<environment.Job instance at 0x7f8fa5ab1640>,51,14,[ 2 10],52,118,132,66,118
1,<environment.Job instance at 0x7f8fa4b64d70>,61,12,[9 4],62,121,133,59,121
1,<environment.Job instance at 0x7f8fa5b15eb0>,58,15,[2 6],59,132,147,73,132
1,<environment.Job instance at 0x7f8fa4b6b870>,54,17,[1 5],55,132,149,77,132
1,<environment.Job instance at 0x7f8fa4891be0>,66,2,[6 4],67,133,135,66,133
1,<environment.Job instance at 0x7f8fa4ff9550>,0,3,[5 7],1,1,4,0,1
1,<environment.Job instance at 0x7f8fa5be8140>,1,12,[6 4],2,2,14,0,2
1,<environment.Job instance at 0x7f8fa5be8730>,2,2,[11  2],3,14,16,11,3
1,<environment.Job instance at 0x7f8faeb4e730>,4,2,[5 3],5,5,7,0,5
1,<environment.Job instance at 0x7f8faeb4e140>,6,14,[5 4],7,16,30,9,7
1,<environment.Job instance at 0x7f8faeb4e050>,8,18,[6 2],9,16,34,7,9
1,<environment.Job instance at 0x7f8faeb4ea50>,9,15,[4 5],10,10,25,0,10
1,<environment.Job instance at 0x7f8fa4bd7050>,17,2,[5 2],18,30,32,12,18
1,<environment.Job instance at 0x7f8fa4bd75f0>,19,2,[6 1],20,32,34,12,20
1,<environment.Job instance at 0x7f8fa4bd7d20>,21,2,[5 6],22,34,36,12,22
1,<environment.Job instance at 0x7f8fa5a83af0>,22,3,[5 8],23,34,37,11,23
1,<environment.Job instance at 0x7f8fa5a83aa0>,25,13,[8 1],26,36,49,10,26
1,<environment.Job instance at 0x7f8fa55055f0>,0,3,[5 7],1,1,4,0,1
1,<environment.Job instance at 0x7f8fa5505500>,1,12,[6 4],2,2,14,0,2
1,<environment.Job instance at 0x7f8fa550c9b0>,4,2,[5 3],5,5,7,0,5
1,<environment.Job instance at 0x7f8fa5f342d0>,6,14,[5 4],7,7,21,0,7
1,<environment.Job instance at 0x7f8fa4f5faa0>,9,15,[4 5],10,10,25,0,10
1,<environment.Job instance at 0x7f8fa4dc0c80>,8,18,[6 2],9,14,32,5,14
1,<environment.Job instance at 0x7f8fa5268a00>,10,15,[4 8],11,21,36,10,21
1,<environment.Job instance at 0x7f8fa4bf2c80>,17,2,[5 2],18,25,27,7,25
1,<environment.Job instance at 0x7f8fa4bf23c0>,18,13,[10  5],19,32,45,13,32
1,<environment.Job instance at 0x7f8fa4f5f870>,12,18,[ 3 10],13,36,54,23,36
1,<environment.Job instance at 0x7f8fa4605230>,19,2,[6 1],20,45,47,25,45
1,<environment.Job instance at 0x7f8fa59909b0>,16,16,[10  5],17,47,63,30,47
1,<environment.Job instance at 0x7f8fb5b48960>,21,2,[5 6],22,54,56,32,54
1,<environment.Job instance at 0x7f8fa47eca50>,22,3,[5 8],23,56,59,33,56
1,<environment.Job instance at 0x7f8fa515fa50>,30,17,[5 3],31,59,76,28,59
1,<environment.Job instance at 0x7f8fa4db22d0>,29,3,[8 3],30,63,66,33,63
1,<environment.Job instance at 0x7f8fa47f9e60>,34,3,[1 9],35,63,66,28,63
1,<environment.Job instance at 0x7f8fa49d5b40>,33,3,[1 5],34,66,69,32,66
1,<environment.Job instance at 0x7f8fa5bc5aa0>,37,12,[5 1],38,66,78,28,66
1,<environment.Job instance at 0x7f8fa4ae0fa0>,36,16,[2 8],37,69,85,32,69
1,<environment.Job instance at 0x7f8fa47ff5a0>,25,13,[8 1],26,76,89,50,76
1,<environment.Job instance at 0x7f8fa4caf140>,43,15,[3 7],44,85,100,41,85
1,<environment.Job instance at 0x7f8fa4be8c80>,15,18,[2 7],16,85,103,69,85
1,<environment.Job instance at 0x7f8fa47ec050>,23,18,[10  1],24,89,107,65,89
1,<environment.Job instance at 0x7f8fa4b6b6e0>,47,16,[3 7],48,100,116,52,100
1,<environment.Job instance at 0x7f8fa4b6b730>,49,1,[7 3],50,107,108,57,107
1,<environment.Job instance at 0x7f8fa4b6bcd0>,51,18,[1 5],52,107,125,55,107
1,<environment.Job instance at 0x7f8fa57cc2d0>,53,12,[5 5],54,116,128,62,116
1,<environment.Job instance at 0x7f8fa4da2b90>,54,12,[8 5],55,116,128,61,116
1,<environment.Job instance at 0x7f8fa4da2230>,56,3,[ 5 10],57,128,131,71,128
1,<environment.Job instance at 0x7f8fa4da2e10>,57,15,[10  1],58,128,143,70,128
1,<environment.Job instance at 0x7f8fa4fd1f00>,45,14,[ 4 10],46,131,145,85,131
1,<environment.Job instance at 0x7f8fa48d43c0>,6,2,[9 5],7,7,9,0,7
1,<environment.Job instance at 0x7f8fa5fa63c0>,11,12,[ 5 10],12,12,24,0,12
1,<environment.Job instance at 0x7f8fa4ddfe10>,3,16,[ 1 10],4,24,40,20,16
1,<environment.Job instance at 0x7f8fa50d5f50>,16,3,[5 5],17,17,20,0,17
1,<environment.Job instance at 0x7f8fa5df65a0>,14,13,[2 9],15,40,53,25,25
1,<environment.Job instance at 0x7f8fa47f1f50>,0,17,[ 4 10],1,1,18,0,1
1,<environment.Job instance at 0x7f8fa5abf410>,2,19,[8 2],3,3,22,0,3
1,<environment.Job instance at 0x7f8fa5364f00>,9,13,[5 5],10,18,31,8,18
1,<environment.Job instance at 0x7f8fa4b44690>,6,2,[9 5],7,22,24,15,22
1,<environment.Job instance at 0x7f8fa536cdc0>,11,12,[ 5 10],12,24,36,12,24
1,<environment.Job instance at 0x7f8fa4be8910>,15,13,[7 3],16,31,44,15,31
1,<environment.Job instance at 0x7f8fa45c7e60>,16,3,[5 5],17,36,39,19,36
1,<environment.Job instance at 0x7f8fa5de8140>,18,12,[6 2],19,39,51,20,39
1,<environment.Job instance at 0x7f8fa5268a00>,14,13,[2 9],15,39,52,24,39
1,<environment.Job instance at 0x7f8fa550c9b0>,19,14,[6 3],20,44,58,24,44
1,<environment.Job instance at 0x7f8fa5ce9550>,27,15,[ 5 10],28,52,67,24,52
1,<environment.Job instance at 0x7f8fa5b83af0>,23,13,[10  1],24,58,71,34,58
1,<environment.Job instance at 0x7f8fa5ce91e0>,29,1,[1 7],30,67,68,37,67
1,<environment.Job instance at 0x7f8fa4e52230>,3,16,[ 1 10],4,68,84,64,68
1,<environment.Job instance at 0x7f8fa5ce9870>,32,13,[8 3],33,71,84,38,71
1,<environment.Job instance at 0x7f8fa5ce9460>,31,14,[7 5],32,84,98,52,84
1,<environment.Job instance at 0x7f8fa5b5b730>,39,1,[8 2],40,84,85,44,84
1,<environment.Job instance at 0x7f8fa5364d20>,8,16,[5 5],9,85,101,76,85
1,<environment.Job instance at 0x7f8fa5b5bd70>,40,17,[2 5],41,85,102,44,85
1,<environment.Job instance at 0x7f8fa5ce9050>,30,17,[8 5],31,98,115,67,98
1,<environment.Job instance at 0x7f8fa5b5b2d0>,41,18,[5 2],42,101,119,59,101
1,<environment.Job instance at 0x7f8fa4e2e960>,47,2,[6 3],48,115,117,67,115
1,<environment.Job instance at 0x7f8fa5b5bcd0>,44,13,[10  2],45,117,130,72,117
1,<environment.Job instance at 0x7f8fa4e2ebe0>,49,13,[5 1],50,119,132,69,119
1,<environment.Job instance at 0x7f8fa4e2eb40>,50,15,[7 5],51,130,145,79,130
1,<environment.Job instance at 0x7f8fa4e2ea00>,52,15,[3 8],53,130,145,77,130
1,<environment.Job instance at 0x7f8fa46e7460>,1,1,[1 6],2,2,3,0,2
1,<environment.Job instance at 0x7f8fa4a6ea00>,4,1,[3 7],5,5,6,0,5
1,<environment.Job instance at 0x7f8fa46fe7d0>,6,18,[5 7],7,7,25,0,7
1,<environment.Job instance at 0x7f8faea089b0>,12,1,[3 9],13,25,26,12,13
1,<environment.Job instance at 0x7f8fa5053be0>,16,1,[2 8],17,17,18,0,17
1,<environment.Job instance at 0x7f8fa5053f00>,17,16,[7 1],18,18,34,0,18
1,<environment.Job instance at 0x7f8fa5bd0c30>,19,1,[12  5],20,34,35,14,20
1,<environment.Job instance at 0x7f8fa5a77c30>,21,3,[4 5],22,25,28,3,22
1,<environment.Job instance at 0x7f8fa5bd0dc0>,24,1,[ 3 10],25,28,29,3,25
1,<environment.Job instance at 0x7f8fa5f0a410>,23,12,[12  4],24,35,47,11,28
1,<environment.Job instance at 0x7f8fa553fdc0>,28,3,[6 3],29,29,32,0,29
1,<environment.Job instance at 0x7f8fae75f2d0>,26,12,[4 7],27,47,59,20,30
1,<environment.Job instance at 0x7f8fa580e370>,32,3,[7 5],33,47,50,14,33
1,<environment.Job instance at 0x7f8fa523ebe0>,31,21,[6 2],32,50,71,18,42
1,<environment.Job instance at 0x7f8fa553f8c0>,33,3,[ 5 11],34,59,62,25,42
1,<environment.Job instance at 0x7f8fa4ed9500>,35,17,[9 1],36,62,79,26,50
1,<environment.Job instance at 0x7f8fa4ed9870>,36,1,[5 6],37,50,51,13,50
1,<environment.Job instance at 0x7f8fa5812500>,37,2,[4 7],38,71,73,33,50
1,<environment.Job instance at 0x7f8fa57ed0a0>,46,2,[8 4],47,79,81,32,52
1,<environment.Job instance at 0x7f8fa4ebf730>,1,1,[1 6],2,2,3,0,2
1,<environment.Job instance at 0x7f8fa4ebfa50>,2,20,[8 5],3,3,23,0,3
1,<environment.Job instance at 0x7f8fa4ebf780>,4,1,[3 7],5,5,6,0,5
1,<environment.Job instance at 0x7f8fa4ebfaa0>,6,18,[5 7],7,7,25,0,7
1,<environment.Job instance at 0x7f8fa4ebfd70>,14,14,[5 7],15,23,37,8,23
1,<environment.Job instance at 0x7f8fa4ebf960>,10,16,[9 5],11,25,41,14,25
1,<environment.Job instance at 0x7f8fa4e27c80>,16,1,[2 8],17,37,38,20,37
1,<environment.Job instance at 0x7f8fa4ebf690>,12,1,[3 9],13,38,39,25,38
1,<environment.Job instance at 0x7f8fa4e27050>,21,3,[4 5],22,39,42,17,39
1,<environment.Job instance at 0x7f8fa4704eb0>,24,1,[ 3 10],25,41,42,16,41
1,<environment.Job instance at 0x7f8fa4704b90>,26,12,[4 7],27,42,54,15,42
1,<environment.Job instance at 0x7f8fa4704870>,28,3,[6 3],29,42,45,13,42
1,<environment.Job instance at 0x7f8fa4e27550>,17,16,[7 1],18,45,61,27,45
1,<environment.Job instance at 0x7f8fa4730050>,32,3,[7 5],33,54,57,21,54
1,<environment.Job instance at 0x7f8fa4730fa0>,30,18,[1 8],31,54,72,23,54
1,<environment.Job instance at 0x7f8fa47307d0>,36,1,[5 6],37,57,58,20,57
1,<environment.Job instance at 0x7f8fa4ebf230>,13,16,[6 3],14,58,74,44,58
1,<environment.Job instance at 0x7f8fa47304b0>,37,2,[4 7],38,72,74,34,72
1,<environment.Job instance at 0x7f8fa4730af0>,39,12,[1 5],40,72,84,32,72
1,<environment.Job instance at 0x7f8fa5eae960>,41,13,[1 9],42,74,87,32,74
1,<environment.Job instance at 0x7f8fa4730cd0>,35,17,[9 1],36,74,91,38,74
1,<environment.Job instance at 0x7f8fa47309b0>,38,17,[5 5],39,84,101,45,84
1,<environment.Job instance at 0x7f8fa5eae820>,46,2,[8 4],47,91,93,44,91
1,<environment.Job instance at 0x7f8fa5eae9b0>,45,16,[9 2],46,94,110,48,94
1,<environment.Job instance at 0x7f8fa5eaee10>,51,12,[5 5],52,101,113,49,101
1,<environment.Job instance at 0x7f8fa5eae8c0>,42,17,[7 1],43,111,128,68,111
1,<environment.Job instance at 0x7f8fa4ae7fa0>,54,16,[7 3],55,113,129,58,113
1,<environment.Job instance at 0x7f8fa4ae7730>,55,3,[5 4],56,128,131,72,128
1,<environment.Job instance at 0x7f8fa4ae7aa0>,60,2,[10  3],61,129,131,68,129
1,<environment.Job instance at 0x7f8fa4ae7690>,61,14,[7 5],62,131,145,69,131
1,<environment.Job instance at 0x7f8fa4ae74b0>,62,14,[5 5],63,131,145,68,131
1,<environment.Job instance at 0x7f17624326e0>,0,17,[6 1],1,1,18,0,1
1,<environment.Job instance at 0x7f1762432730>,1,3,[ 2 10],2,2,5,0,2
1,<environment.Job instance at 0x7f1758de8c80>,3,22,[2 5],4,5,27,1,4
1,<environment.Job instance at 0x7f1758de8dc0>,5,2,[1 6],6,6,8,0,6
1,<environment.Job instance at 0x7f1758de8f50>,8,2,[ 1 14],9,27,29,18,9
1,<environment.Job instance at 0x7f1758dec1e0>,11,3,[4 9],12,12,15,0,12
1,<environment.Job instance at 0x7f1758dec4b0>,15,3,[2 8],16,16,19,0,16
1,<environment.Job instance at 0x7f1758dec370>,17,12,[5 1],18,18,30,0,18
1,<environment.Job instance at 0x7f1758dec690>,20,3,[10  5],21,29,32,8,21
1,<environment.Job instance at 0x7f1758dec910>,21,18,[9 4],22,32,50,10,22
1,<environment.Job instance at 0x7f1758deca50>,22,12,[3 8],23,30,42,7,23
1,<environment.Job instance at 0x7f1758deccd0>,24,2,[4 6],25,25,27,0,25
1,<environment.Job instance at 0x7f1758decc30>,25,2,[5 7],26,42,44,16,26
1,<environment.Job instance at 0x7f1758decf00>,26,12,[8 5],27,50,62,23,33
1,<environment.Job instance at 0x7f1758df0230>,31,1,[ 2 14],32,62,63,30,34
1,<environment.Job instance at 0x7f1758decd20>,27,17,[4 6],28,44,61,16,34
1,<environment.Job instance at 0x7f1758df0410>,37,14,[5 8],38,63,77,25,48
1,<environment.Job instance at 0x7f1758de0e60>,0,17,[6 1],1,1,18,0,1
1,<environment.Job instance at 0x7f1758de0cd0>,1,3,[ 2 10],2,2,5,0,2
1,<environment.Job instance at 0x7f1758de05f0>,4,13,[3 6],5,5,18,0,5
1,<environment.Job instance at 0x7f1758de06e0>,3,22,[2 5],4,5,27,1,5
1,<environment.Job instance at 0x7f1762432780>,5,2,[1 6],6,18,20,12,18
1,<environment.Job instance at 0x7f1758ef1c80>,9,12,[8 2],10,18,30,8,18
1,<environment.Job instance at 0x7f1758f1fe10>,15,3,[2 8],16,20,23,4,20
1,<environment.Job instance at 0x7f1758e73f50>,17,12,[5 1],18,23,35,5,23
1,<environment.Job instance at 0x7f1758de0910>,2,14,[ 2 10],3,27,41,24,27
1,<environment.Job instance at 0x7f1758f1f370>,16,18,[7 3],17,30,48,13,30
1,<environment.Job instance at 0x7f1758de89b0>,11,3,[4 9],12,41,44,29,41
1,<environment.Job instance at 0x7f1758f138c0>,24,2,[4 6],25,44,46,19,44
1,<environment.Job instance at 0x7f1758f0c0a0>,25,2,[5 7],26,46,48,20,46
1,<environment.Job instance at 0x7f1758f080f0>,20,3,[10  5],21,48,51,27,48
1,<environment.Job instance at 0x7f1758e6e8c0>,22,12,[3 8],23,48,60,25,48
1,<environment.Job instance at 0x7f1758f0c910>,26,12,[8 5],27,51,63,24,51
1,<environment.Job instance at 0x7f1758e8d7d0>,34,14,[1 9],35,60,74,25,60
1,<environment.Job instance at 0x7f1758f04d70>,27,17,[4 6],28,63,80,35,63
1,<environment.Job instance at 0x7f1758eaa870>,37,14,[5 8],38,74,88,36,74
1,<environment.Job instance at 0x7f1758eaad70>,41,12,[8 3],42,80,92,38,80
1,<environment.Job instance at 0x7f1758eaa2d0>,43,16,[1 8],44,88,104,44,88
1,<environment.Job instance at 0x7f1758eaaeb0>,44,12,[9 3],45,92,104,47,92
1,<environment.Job instance at 0x7f1758f902d0>,46,14,[6 5],47,104,118,57,104
1,<environment.Job instance at 0x7f1758f90cd0>,49,13,[1 5],50,104,117,54,104
1,<environment.Job instance at 0x7f1758eeb2d0>,51,13,[5 6],52,117,130,65,117
1,<environment.Job instance at 0x7f1758ef4140>,55,15,[5 4],56,118,133,62,118
1,<environment.Job instance at 0x7f1758f95910>,56,2,[4 7],57,130,132,73,130
1,<environment.Job instance at 0x7f1758eaab90>,35,16,[1 9],36,133,149,97,133
1,<environment.Job instance at 0x7f1758eaacd0>,39,18,[9 4],40,133,151,93,133
1,<environment.Job instance at 0x7f1758ef6d70>,62,2,[5 9],63,149,151,86,149
1,<environment.Job instance at 0x7f175853b870>,0,12,[5 1],1,1,13,0,1
1,<environment.Job instance at 0x7f175853b230>,6,2,[6 5],7,7,9,0,7
1,<environment.Job instance at 0x7f175853b2d0>,8,1,[14  3],9,13,14,4,9
1,<environment.Job instance at 0x7f17585390a0>,9,2,[ 1 10],10,10,12,0,10
1,<environment.Job instance at 0x7f175853bc30>,10,12,[1 8],11,12,24,1,11
1,<environment.Job instance at 0x7f17585391e0>,13,2,[13  5],14,14,16,0,14
1,<environment.Job instance at 0x7f1758539820>,16,3,[5 6],17,17,20,0,17
1,<environment.Job instance at 0x7f1758539960>,18,14,[ 5 10],19,24,38,5,20
1,<environment.Job instance at 0x7f175853ac30>,24,17,[5 1],25,27,44,2,27
1,<environment.Job instance at 0x7f175853a1e0>,27,2,[5 7],28,38,40,10,28
1,<environment.Job instance at 0x7f17585302d0>,28,2,[12  2],29,44,46,15,29
1,<environment.Job instance at 0x7f1758530a50>,29,17,[3 5],30,38,55,8,30
1,<environment.Job instance at 0x7f175853a690>,20,13,[5 7],21,46,59,25,31
1,<environment.Job instance at 0x7f175853a410>,26,16,[8 4],27,55,71,28,45
1,<environment.Job instance at 0x7f175865acd0>,32,21,[2 5],33,59,80,26,51
1,<environment.Job instance at 0x7f175861d1e0>,34,21,[9 3],35,71,92,36,66
1,<environment.Job instance at 0x7f175853a730>,19,17,[4 7],20,75,92,55,75
1,<environment.Job instance at 0x7f1758672dc0>,36,13,[9 5],37,92,105,55,77
1,<environment.Job instance at 0x7f175861d230>,35,17,[9 1],36,105,122,69,93
1,<environment.Job instance at 0x7f175861d320>,38,19,[5 3],39,108,127,69,108
1,<environment.Job instance at 0x7f1758765c30>,39,17,[9 5],40,123,140,83,123
1,<environment.Job instance at 0x7f17587658c0>,40,3,[9 5],41,140,143,99,123
1,<environment.Job instance at 0x7f1758619fa0>,42,12,[1 9],43,130,142,87,130
1,<environment.Job instance at 0x7f17587c3af0>,30,18,[12  2],31,143,161,112,137
1,<environment.Job instance at 0x7f1758619f00>,43,26,[3 9],44,142,168,98,140
1,<environment.Job instance at 0x7f17583ba550>,45,13,[7 3],46,161,174,115,145
1,<environment.Job instance at 0x7f1758611af0>,0,12,[5 1],1,1,13,0,1
1,<environment.Job instance at 0x7f1758611280>,1,22,[5 6],2,2,24,0,2
1,<environment.Job instance at 0x7f1758611140>,3,17,[5 8],4,4,21,0,4
1,<environment.Job instance at 0x7f1758597d70>,6,2,[6 5],7,21,23,14,21
1,<environment.Job instance at 0x7f17585ab640>,16,3,[5 6],17,23,26,6,23
1,<environment.Job instance at 0x7f1758597cd0>,10,12,[1 8],11,24,36,13,24
1,<environment.Job instance at 0x7f175860e2d0>,20,13,[5 7],21,26,39,5,26
1,<environment.Job instance at 0x7f175860efa0>,19,17,[4 7],20,36,53,16,36
1,<environment.Job instance at 0x7f175860e370>,24,17,[5 1],25,36,53,11,36
1,<environment.Job instance at 0x7f17585a4960>,27,2,[5 7],28,39,41,11,39
1,<environment.Job instance at 0x7f17586133c0>,29,17,[3 5],30,41,58,11,41
1,<environment.Job instance at 0x7f17585972d0>,9,2,[ 1 10],10,54,56,44,54
1,<environment.Job instance at 0x7f175860e500>,18,14,[ 5 10],19,56,70,37,56
1,<environment.Job instance at 0x7f17585afeb0>,36,13,[9 5],37,58,71,21,58
1,<environment.Job instance at 0x7f17586538c0>,4,15,[ 2 10],5,71,86,66,71
1,<environment.Job instance at 0x7f17585a4320>,26,16,[8 4],27,71,87,44,71
1,<environment.Job instance at 0x7f17585af1e0>,38,19,[5 3],39,86,105,47,86
1,<environment.Job instance at 0x7f17585af500>,40,3,[9 5],41,87,90,46,87
1,<environment.Job instance at 0x7f17585b6550>,42,12,[1 9],43,90,102,47,90
1,<environment.Job instance at 0x7f17585b6d20>,45,13,[7 3],46,90,103,44,90
1,<environment.Job instance at 0x7f17585afd70>,39,17,[9 5],40,103,120,63,103
1,<environment.Job instance at 0x7f17585b6e10>,46,18,[1 7],47,103,121,56,103
1,<environment.Job instance at 0x7f17585ba410>,49,13,[7 2],50,120,133,70,120
1,<environment.Job instance at 0x7f17585babe0>,51,17,[2 7],52,122,139,70,122
1,<environment.Job instance at 0x7f17585bfaa0>,52,16,[5 3],53,122,138,69,122
1,<environment.Job instance at 0x7f17585b29b0>,53,13,[7 1],54,133,146,79,133
1,<environment.Job instance at 0x7f17585baa50>,47,21,[2 7],48,138,159,90,138
1,<environment.Job instance at 0x7f17585bff00>,55,16,[5 6],56,139,155,83,139
1,<environment.Job instance at 0x7f17583fb6e0>,1,14,[3 8],2,2,16,0,2
1,<environment.Job instance at 0x7f17583fbf00>,4,3,[4 5],5,5,8,0,5
1,<environment.Job instance at 0x7f17583fb410>,5,16,[5 3],6,8,24,2,6
1,<environment.Job instance at 0x7f17583fb190>,6,14,[7 1],7,7,21,0,7
1,<environment.Job instance at 0x7f17583fb050>,7,12,[6 3],8,21,33,13,8
1,<environment.Job instance at 0x7f17584de5a0>,8,3,[5 2],9,24,27,15,9
1,<environment.Job instance at 0x7f17583fb140>,10,3,[5 8],11,27,30,16,11
1,<environment.Job instance at 0x7f17584ded20>,12,13,[6 5],13,30,43,17,14
1,<environment.Job instance at 0x7f17584def50>,20,2,[7 5],21,33,35,12,21
1,<environment.Job instance at 0x7f17584ded70>,13,16,[ 5 10],14,35,51,21,29
1,<environment.Job instance at 0x7f17584de6e0>,11,18,[ 1 11],12,51,69,39,42
1,<environment.Job instance at 0x7f17584deb40>,27,28,[7 4],28,54,82,26,54
1,<environment.Job instance at 0x7f17583ef140>,29,13,[2 9],30,69,82,39,60
1,<environment.Job instance at 0x7f17583ef4b0>,31,12,[2 7],32,82,94,50,69
1,<environment.Job instance at 0x7f17584dee60>,25,12,[13  4],26,82,94,56,69
1,<environment.Job instance at 0x7f17583ef7d0>,33,3,[10  5],34,94,97,60,69
1,<environment.Job instance at 0x7f17583ef960>,34,2,[5 5],35,94,96,59,69
1,<environment.Job instance at 0x7f17583efcd0>,35,3,[9 3],36,97,100,61,71
1,<environment.Job instance at 0x7f17583efb90>,36,3,[10  2],37,100,103,63,74
1,<environment.Job instance at 0x7f17584de8c0>,26,12,[ 5 12],27,97,109,70,82
1,<environment.Job instance at 0x7f17583efc80>,38,3,[12  2],39,109,112,70,83
1,<environment.Job instance at 0x7f1758472230>,43,2,[5 6],44,112,114,68,86
1,<environment.Job instance at 0x7f1758472e10>,44,20,[2 5],45,109,129,64,100
1,<environment.Job instance at 0x7f1758472d70>,47,1,[ 4 11],48,129,130,81,101
1,<environment.Job instance at 0x7f1758472190>,48,14,[2 9],49,114,128,65,101
1,<environment.Job instance at 0x7f17584721e0>,49,2,[4 5],50,130,132,80,103
1,<environment.Job instance at 0x7f1758472050>,50,1,[ 4 10],51,128,129,77,103
1,<environment.Job instance at 0x7f17584723c0>,53,2,[6 3],54,103,105,49,103
1,<environment.Job instance at 0x7f1758472be0>,55,14,[3 6],56,130,144,74,115
1,<environment.Job instance at 0x7f1758472a50>,56,12,[6 4],57,129,141,72,115
1,<environment.Job instance at 0x7f17584720a0>,45,13,[12  1],46,141,154,95,126
1,<environment.Job instance at 0x7f1758472aa0>,59,3,[6 1],60,132,135,72,126
1,<environment.Job instance at 0x7f17583efb40>,37,15,[ 2 10],38,144,159,106,139
1,<environment.Job instance at 0x7f17583efeb0>,41,17,[7 1],42,154,171,112,142
1,<environment.Job instance at 0x7f1758472eb0>,52,16,[5 2],53,154,170,101,143
1,<environment.Job instance at 0x7f175846ed20>,63,3,[ 5 10],64,170,173,106,145
1,<environment.Job instance at 0x7f175846ea50>,64,1,[9 5],65,171,172,106,148
1,<environment.Job instance at 0x7f175890adc0>,0,18,[1 7],1,1,19,0,1
1,<environment.Job instance at 0x7f175890a050>,1,14,[3 8],2,2,16,0,2
1,<environment.Job instance at 0x7f1758c48d20>,4,3,[4 5],5,16,19,11,16
1,<environment.Job instance at 0x7f1758914140>,8,3,[5 2],9,16,19,7,16
1,<environment.Job instance at 0x7f175880ab90>,10,3,[5 8],11,19,22,8,19
1,<environment.Job instance at 0x7f175939fdc0>,7,12,[6 3],8,19,31,11,19
1,<environment.Job instance at 0x7f17587ee3c0>,12,13,[6 5],13,22,35,9,22
1,<environment.Job instance at 0x7f1758c480f0>,6,14,[7 1],7,31,45,24,31
1,<environment.Job instance at 0x7f1759935f50>,20,2,[7 5],21,35,37,14,35
1,<environment.Job instance at 0x7f17587ee1e0>,13,16,[ 5 10],14,37,53,23,37
1,<environment.Job instance at 0x7f17588fb9b0>,5,16,[5 3],6,45,61,39,45
1,<environment.Job instance at 0x7f17587c32d0>,31,12,[2 7],32,53,65,21,53
1,<environment.Job instance at 0x7f1758ace4b0>,18,16,[8 3],19,53,69,34,53
1,<environment.Job instance at 0x7f1758778460>,34,2,[5 5],35,61,63,26,61
1,<environment.Job instance at 0x7f1758b99690>,29,13,[2 9],30,65,78,35,65
1,<environment.Job instance at 0x7f1758778aa0>,36,3,[10  2],37,69,72,32,69
1,<environment.Job instance at 0x7f175880ec30>,33,3,[10  5],34,72,75,38,72
1,<environment.Job instance at 0x7f1758778dc0>,35,3,[9 3],36,75,78,39,75
1,<environment.Job instance at 0x7f1758807a50>,37,15,[ 2 10],38,78,93,40,78
1,<environment.Job instance at 0x7f175868f690>,41,17,[7 1],42,78,95,36,78
1,<environment.Job instance at 0x7f175867d460>,43,2,[5 6],44,93,95,49,93
1,<environment.Job instance at 0x7f175880f0f0>,49,2,[4 5],50,95,97,45,95
1,<environment.Job instance at 0x7f175880f820>,50,1,[ 4 10],51,95,96,44,95
1,<environment.Job instance at 0x7f175880faf0>,48,14,[2 9],49,96,110,47,96
1,<environment.Job instance at 0x7f1758811b90>,53,2,[6 3],54,97,99,43,97
1,<environment.Job instance at 0x7f1758811d20>,52,16,[5 2],53,97,113,44,97
1,<environment.Job instance at 0x7f17586e6500>,56,12,[6 4],57,110,122,53,110
1,<environment.Job instance at 0x7f1758811690>,55,14,[3 6],56,110,124,54,110
1,<environment.Job instance at 0x7f1758694320>,59,3,[6 1],60,122,125,62,122
1,<environment.Job instance at 0x7f175957ddc0>,17,18,[5 6],18,122,140,104,122
1,<environment.Job instance at 0x7f1758694410>,64,1,[9 5],65,125,126,60,125
1,<environment.Job instance at 0x7f17586940a0>,65,16,[5 2],66,126,142,60,126
1,<environment.Job instance at 0x7f17586944b0>,66,2,[5 3],67,126,128,59,126
1,<environment.Job instance at 0x7f1758694910>,63,3,[ 5 10],64,141,144,77,141
1,<environment.Job instance at 0x7f175878f460>,67,12,[3 8],68,144,156,76,144
1,<environment.Job instance at 0x7f17587835a0>,71,1,[7 3],72,144,145,72,144
1,<environment.Job instance at 0x7f1758783690>,72,13,[5 5],73,145,158,72,145
1,<environment.Job instance at 0x7f17587830a0>,73,20,[7 1],74,146,166,72,146
1,<environment.Job instance at 0x7f1758a63190>,0,3,[10  3],1,1,4,0,1
1,<environment.Job instance at 0x7f1758a63550>,4,2,[3 7],5,5,7,0,5
1,<environment.Job instance at 0x7f175889de10>,6,2,[ 5 14],7,7,9,0,7
1,<environment.Job instance at 0x7f175889dfa0>,7,12,[4 5],8,9,21,1,8
1,<environment.Job instance at 0x7f175889d8c0>,8,2,[7 2],9,9,11,0,9
1,<environment.Job instance at 0x7f1758b032d0>,9,2,[ 4 11],10,21,23,11,10
1,<environment.Job instance at 0x7f1758b031e0>,11,3,[2 8],12,12,15,0,12
1,<environment.Job instance at 0x7f1758b03370>,12,13,[6 3],13,15,28,2,13
1,<environment.Job instance at 0x7f175889d910>,18,16,[ 1 14],19,28,44,9,19
1,<environment.Job instance at 0x7f1758b03c30>,19,14,[5 3],20,44,58,24,29
1,<environment.Job instance at 0x7f175889d960>,5,15,[2 9],6,44,59,38,36
1,<environment.Job instance at 0x7f1758b03b40>,20,12,[ 2 13],21,59,71,38,42
1,<environment.Job instance at 0x7f1758a7f4b0>,29,2,[3 6],30,71,73,41,45
1,<environment.Job instance at 0x7f1758802eb0>,38,2,[ 4 10],39,73,75,34,46
1,<environment.Job instance at 0x7f1758802640>,37,12,[5 5],38,71,83,33,54
1,<environment.Job instance at 0x7f1758802f00>,41,13,[8 1],42,75,88,33,61
1,<environment.Job instance at 0x7f175893d050>,50,13,[7 3],51,83,96,32,67
1,<environment.Job instance at 0x7f1758806140>,53,17,[7 2],54,88,105,34,76
1,<environment.Job instance at 0x7f1758806280>,57,3,[ 5 13],58,96,99,38,76
1,<environment.Job instance at 0x7f1758806960>,56,19,[2 7],57,99,118,42,91
1,<environment.Job instance at 0x7f1758806e10>,61,13,[5 5],62,99,112,37,94
1,<environment.Job instance at 0x7f1758806410>,62,2,[3 8],63,112,114,49,95
1,<environment.Job instance at 0x7f1758806d70>,63,17,[2 7],64,114,131,50,107
1,<environment.Job instance at 0x7f17588064b0>,64,14,[2 7],65,118,132,53,107
1,<environment.Job instance at 0x7f1758806a00>,65,12,[1 9],66,132,144,66,116
1,<environment.Job instance at 0x7f175893d640>,45,19,[10  2],46,131,150,85,121
1,<environment.Job instance at 0x7f1758806690>,67,16,[5 9],68,144,160,76,138
1,<environment.Job instance at 0x7f1758806870>,66,27,[8 2],67,150,177,83,149
1,<environment.Job instance at 0x7f175882f7d0>,0,3,[10  3],1,1,4,0,1
1,<environment.Job instance at 0x7f17587fdd20>,3,18,[9 5],4,4,22,0,4
1,<environment.Job instance at 0x7f17587fd410>,4,2,[3 7],5,5,7,0,5
1,<environment.Job instance at 0x7f175878d0a0>,5,15,[2 9],6,7,22,1,7
1,<environment.Job instance at 0x7f175882f190>,8,2,[7 2],9,22,24,13,22
1,<environment.Job instance at 0x7f175878a870>,11,3,[2 8],12,22,25,10,22
1,<environment.Job instance at 0x7f175878d690>,7,12,[4 5],8,22,34,14,22
1,<environment.Job instance at 0x7f175878a0a0>,12,13,[6 3],13,25,38,12,25
1,<environment.Job instance at 0x7f175878ee60>,19,14,[5 3],20,25,39,5,25
1,<environment.Job instance at 0x7f175878a2d0>,15,15,[ 4 10],16,38,53,22,38
1,<environment.Job instance at 0x7f175878adc0>,10,15,[6 4],11,39,54,28,39
1,<environment.Job instance at 0x7f175880f0f0>,29,2,[3 6],30,53,55,23,53
1,<environment.Job instance at 0x7f1758778460>,37,12,[5 5],38,53,65,15,53
1,<environment.Job instance at 0x7f175878fa50>,24,17,[5 4],25,54,71,29,54
1,<environment.Job instance at 0x7f1758778aa0>,38,2,[ 4 10],39,65,67,26,65
1,<environment.Job instance at 0x7f1758b99af0>,41,13,[8 1],42,67,80,25,67
1,<environment.Job instance at 0x7f1759951be0>,43,12,[7 5],44,71,83,27,71
1,<environment.Job instance at 0x7f1758807690>,35,16,[7 5],36,80,96,44,80
1,<environment.Job instance at 0x7f175957ddc0>,46,17,[5 7],47,83,100,36,83
1,<environment.Job instance at 0x7f17587ee3c0>,48,15,[6 5],49,96,111,47,96
1,<environment.Job instance at 0x7f1759965190>,50,13,[7 3],51,100,113,49,100
1,<environment.Job instance at 0x7f17587f37d0>,47,15,[5 7],48,111,126,63,111
1,<environment.Job instance at 0x7f1758914140>,51,16,[10  1],52,113,129,61,113
1,<environment.Job instance at 0x7f1759a21fa0>,40,18,[5 2],41,126,144,85,126
1,<environment.Job instance at 0x7f1758914a00>,52,16,[7 1],53,130,146,77,130
1,<environment.Job instance at 0x7f1758c48fa0>,56,19,[2 7],57,130,149,73,130
1,<environment.Job instance at 0x7f1758b03550>,61,13,[5 5],62,144,157,82,144
1,<environment.Job instance at 0x7f1758c480f0>,53,17,[7 2],54,146,163,92,146
1,<environment.Job instance at 0x7f1758b03d20>,62,2,[3 8],63,149,151,86,149
1,<environment.Job instance at 0x7f1759934910>,3,3,[ 1 10],4,4,7,0,4
1,<environment.Job instance at 0x7f1758c6f280>,5,14,[5 8],6,7,21,1,6
1,<environment.Job instance at 0x7f1758c6f410>,6,2,[5 5],7,7,9,0,7
1,<environment.Job instance at 0x7f1758c6f190>,8,1,[5 5],9,9,10,0,9
1,<environment.Job instance at 0x7f1758c6fdc0>,7,18,[6 2],8,10,28,2,9
1,<environment.Job instance at 0x7f1758c8eaa0>,9,18,[6 2],10,21,39,11,10
1,<environment.Job instance at 0x7f1758c8ecd0>,13,13,[1 5],14,14,27,0,14
1,<environment.Job instance at 0x7f1758c6e4b0>,15,3,[1 9],16,27,30,11,16
1,<environment.Job instance at 0x7f1758c6e640>,18,1,[1 6],19,21,22,2,19
1,<environment.Job instance at 0x7f1758c923c0>,16,14,[3 6],17,30,44,13,22
1,<environment.Job instance at 0x7f1758c7ee60>,25,13,[5 4],26,28,41,2,26
1,<environment.Job instance at 0x7f175990f730>,27,3,[9 5],28,41,44,13,28
1,<environment.Job instance at 0x7f175990f640>,28,3,[1 8],29,44,47,15,29
1,<environment.Job instance at 0x7f1758a1e7d0>,32,3,[10  1],33,71,74,38,71
1,<environment.Job instance at 0x7f175991f780>,31,2,[10  2],32,74,76,42,71
1,<environment.Job instance at 0x7f17587ab820>,35,17,[5 2],36,96,113,60,96
1,<environment.Job instance at 0x7f1758e547d0>,1,14,[8 4],2,2,16,0,2
1,<environment.Job instance at 0x7f1758e54b90>,3,3,[ 1 10],4,4,7,0,4
1,<environment.Job instance at 0x7f1758ef8730>,6,2,[5 5],7,7,9,0,7
1,<environment.Job instance at 0x7f1758ef8af0>,8,1,[5 5],9,9,10,0,9
1,<environment.Job instance at 0x7f1758e54eb0>,5,14,[5 8],6,10,24,4,10
1,<environment.Job instance at 0x7f1758e353c0>,2,14,[9 2],3,16,30,13,16
1,<environment.Job instance at 0x7f1758e7cb90>,13,13,[1 5],14,16,29,2,16
1,<environment.Job instance at 0x7f17594cfd20>,15,3,[1 9],16,29,32,13,29
1,<environment.Job instance at 0x7f17594cf640>,16,14,[3 6],17,30,44,13,30
1,<environment.Job instance at 0x7f1758e405f0>,18,1,[1 6],19,32,33,13,32
1,<environment.Job instance at 0x7f1758e7cc80>,12,15,[6 1],13,32,47,19,32
1,<environment.Job instance at 0x7f1758ef8fa0>,7,18,[6 2],8,33,51,25,33
1,<environment.Job instance at 0x7f1758e7bb90>,22,15,[9 1],23,47,62,24,47
1,<environment.Job instance at 0x7f1758e7b7d0>,25,13,[5 4],26,51,64,25,51
1,<environment.Job instance at 0x7f1759127dc0>,27,3,[9 5],28,62,65,34,62
1,<environment.Job instance at 0x7f1759127190>,28,3,[1 8],29,64,67,35,64
1,<environment.Job instance at 0x7f1758e7bd20>,24,17,[5 2],25,64,81,39,64
1,<environment.Job instance at 0x7f1758e40cd0>,20,16,[9 2],21,65,81,44,65
1,<environment.Job instance at 0x7f1758f02780>,31,2,[10  2],32,81,83,49,81
1,<environment.Job instance at 0x7f1759479550>,35,17,[5 2],36,81,98,45,81
1,<environment.Job instance at 0x7f1758f022d0>,32,3,[10  1],33,83,86,50,83
1,<environment.Job instance at 0x7f17594798c0>,37,12,[6 2],38,86,98,48,86
1,<environment.Job instance at 0x7f1759479690>,38,1,[1 5],39,86,87,47,86
1,<environment.Job instance at 0x7f17594799b0>,39,1,[2 8],40,87,88,47,87
1,<environment.Job instance at 0x7f1759479910>,36,18,[4 9],37,88,106,51,88
1,<environment.Job instance at 0x7f1758e40c80>,21,15,[10  3],22,98,113,76,98
1,<environment.Job instance at 0x7f17593fb550>,41,16,[8 2],42,113,129,71,113
1,<environment.Job instance at 0x7f17595c8e60>,47,12,[7 2],48,113,125,65,113
1,<environment.Job instance at 0x7f1759479050>,40,16,[6 2],41,125,141,84,125
1,<environment.Job instance at 0x7f1758e82280>,51,14,[8 3],52,129,143,77,129
1,<environment.Job instance at 0x7f1758ebbd20>,44,16,[7 4],45,141,157,96,141
1,<environment.Job instance at 0x7f1759479a00>,34,17,[6 2],35,143,160,108,143
1,<environment.Job instance at 0x7f1758a63050>,55,17,[2 5],56,143,160,87,143
1,<environment.Job instance at 0x7f17588569b0>,0,1,[6 2],1,1,2,0,1
1,<environment.Job instance at 0x7f1758856960>,5,14,[2 7],6,6,20,0,6
1,<environment.Job instance at 0x7f17588563c0>,8,16,[6 2],9,9,25,0,9
1,<environment.Job instance at 0x7f1758856d20>,17,2,[ 2 12],18,20,22,2,19
1,<environment.Job instance at 0x7f1758856230>,18,3,[5 7],19,22,25,3,21
1,<environment.Job instance at 0x7f17588562d0>,16,25,[ 1 10],17,25,50,8,22
1,<environment.Job instance at 0x7f1758856aa0>,20,12,[3 7],21,50,62,29,33
1,<environment.Job instance at 0x7f1758a2d280>,21,12,[3 7],22,50,62,28,33
1,<environment.Job instance at 0x7f1758a2df50>,24,15,[6 2],25,33,48,8,33
1,<environment.Job instance at 0x7f1758a2d500>,25,14,[7 2],26,33,47,7,33
1,<environment.Job instance at 0x7f1758a2df00>,27,14,[1 7],28,62,76,34,47
1,<environment.Job instance at 0x7f1758a2ddc0>,29,1,[6 2],30,49,50,19,49
1,<environment.Job instance at 0x7f1758a2d190>,33,3,[ 4 12],34,76,79,42,51
1,<environment.Job instance at 0x7f17588565f0>,13,13,[ 2 13],14,79,92,65,69
1,<environment.Job instance at 0x7f1758a2d910>,35,1,[5 6],36,69,70,33,69
1,<environment.Job instance at 0x7f1758876a00>,44,14,[6 2],45,79,93,34,79
1,<environment.Job instance at 0x7f1758a2dfa0>,26,18,[1 7],27,92,110,65,85
1,<environment.Job instance at 0x7f1758856320>,15,18,[11  2],16,94,112,78,94
1,<environment.Job instance at 0x7f1758876c30>,45,17,[ 4 11],46,110,127,64,98
1,<environment.Job instance at 0x7f1758876c80>,47,27,[8 5],48,127,154,79,127
1,<environment.Job instance at 0x7f1758bea8c0>,0,1,[6 2],1,1,2,0,1
1,<environment.Job instance at 0x7f1758bea640>,2,17,[ 1 10],3,3,20,0,3
1,<environment.Job instance at 0x7f1758c563c0>,3,19,[6 2],4,4,23,0,4
1,<environment.Job instance at 0x7f1758c7e550>,8,16,[6 2],9,9,25,0,9
1,<environment.Job instance at 0x7f17587d4280>,5,14,[2 7],6,20,34,14,20
1,<environment.Job instance at 0x7f1758bea820>,4,14,[9 2],5,25,39,20,25
1,<environment.Job instance at 0x7f17585e4af0>,18,3,[5 7],19,34,37,15,34
1,<environment.Job instance at 0x7f1758c6e0f0>,21,12,[3 7],22,37,49,15,37
1,<environment.Job instance at 0x7f1758a2dd20>,20,12,[3 7],21,39,51,18,39
1,<environment.Job instance at 0x7f17587d4370>,6,14,[5 7],7,49,63,42,49
1,<environment.Job instance at 0x7f1758c7ecd0>,7,14,[10  1],8,51,65,43,51
1,<environment.Job instance at 0x7f1758a6acd0>,12,14,[2 9],13,63,77,50,63
1,<environment.Job instance at 0x7f1758b5a8c0>,28,14,[8 5],29,65,79,36,65
1,<environment.Job instance at 0x7f175883b690>,29,1,[6 2],30,77,78,47,77
1,<environment.Job instance at 0x7f1758b5aaf0>,27,14,[1 7],28,77,91,49,77
1,<environment.Job instance at 0x7f1758b5a5f0>,24,15,[6 2],25,78,93,53,78
1,<environment.Job instance at 0x7f1758876af0>,25,14,[7 2],26,79,93,53,79
1,<environment.Job instance at 0x7f1758859140>,26,18,[1 7],27,91,109,64,91
1,<environment.Job instance at 0x7f1758875fa0>,35,1,[5 6],36,93,94,57,93
1,<environment.Job instance at 0x7f1761f5e8c0>,44,14,[6 2],45,93,107,48,93
1,<environment.Job instance at 0x7f1758806f00>,34,16,[8 4],35,94,110,59,94
1,<environment.Job instance at 0x7f1759832be0>,52,14,[2 8],53,110,124,57,110
1,<environment.Job instance at 0x7f1758dbfeb0>,59,1,[8 3],60,110,111,50,110
1,<environment.Job instance at 0x7f175896f0a0>,60,1,[5 4],61,110,111,49,110
1,<environment.Job instance at 0x7f1758c3db40>,49,16,[4 5],50,111,127,61,111
1,<environment.Job instance at 0x7f1759832640>,50,18,[9 1],51,111,129,60,111
1,<environment.Job instance at 0x7f1759644730>,62,2,[1 8],63,124,126,61,124
1,<environment.Job instance at 0x7f17592b8370>,39,18,[ 2 10],40,127,145,87,127
1,<environment.Job instance at 0x7f175896f6e0>,63,14,[7 1],64,130,144,66,130
1,<environment.Job instance at 0x7f1759644d20>,64,16,[10  3],65,144,160,79,144
1,<environment.Job instance at 0x7f175837e7d0>,67,1,[1 8],68,145,146,77,145
1,<environment.Job instance at 0x7f175837e9b0>,66,18,[ 1 10],67,146,164,79,146
1,<environment.Job instance at 0x7f1759928cd0>,0,14,[4 8],1,1,15,0,1
1,<environment.Job instance at 0x7f1758a50320>,4,13,[4 5],5,5,18,0,5
1,<environment.Job instance at 0x7f1758a50aa0>,6,2,[3 9],7,15,17,8,7
1,<environment.Job instance at 0x7f1758a53320>,10,2,[7 1],11,11,13,0,11
1,<environment.Job instance at 0x7f1758a53cd0>,11,3,[2 6],12,17,20,5,12
1,<environment.Job instance at 0x7f1758a53910>,14,1,[6 5],15,18,19,3,15
1,<environment.Job instance at 0x7f1758a53460>,17,15,[2 7],18,19,34,1,18
1,<environment.Job instance at 0x7f1758a41500>,25,2,[ 2 12],26,34,36,8,26
1,<environment.Job instance at 0x7f1758a410a0>,24,13,[8 3],25,27,40,2,27
1,<environment.Job instance at 0x7f1758a163c0>,22,17,[13  3],23,40,57,17,29
1,<environment.Job instance at 0x7f1759a0dcd0>,31,14,[10  1],32,57,71,25,42
1,<environment.Job instance at 0x7f1758552640>,35,1,[ 3 12],36,57,58,21,42
1,<environment.Job instance at 0x7f1759a01d20>,38,12,[5 2],39,58,70,19,50
1,<environment.Job instance at 0x7f17599faeb0>,40,12,[7 2],41,71,83,30,55
1,<environment.Job instance at 0x7f1759a01e60>,41,3,[5 3],42,70,73,28,61
1,<environment.Job instance at 0x7f1758a3f4b0>,50,12,[7 1],51,73,85,22,62
1,<environment.Job instance at 0x7f1761fce5f0>,55,2,[6 4],56,83,85,27,67
1,<environment.Job instance at 0x7f1761fce780>,52,13,[8 4],53,85,98,32,69
1,<environment.Job instance at 0x7f1761fce550>,61,13,[4 7],62,85,98,23,69
1,<environment.Job instance at 0x7f1761fcef00>,63,12,[7 5],64,98,110,34,81
1,<environment.Job instance at 0x7f1758c1f140>,74,1,[2 7],75,98,99,23,87
1,<environment.Job instance at 0x7f1758c1f730>,81,14,[1 6],82,99,113,17,91
1,<environment.Job instance at 0x7f1758c1f050>,72,18,[5 6],73,110,128,37,99
1,<environment.Job instance at 0x7f1758c1fb40>,87,13,[7 3],88,99,112,11,99
1,<environment.Job instance at 0x7f1758c1fcd0>,88,2,[ 5 11],89,128,130,39,101
1,<environment.Job instance at 0x7f1758c1fc30>,90,19,[8 3],91,120,139,29,120
1,<environment.Job instance at 0x7f1758c1fa00>,86,19,[2 9],87,130,149,43,121
1,<environment.Job instance at 0x7f1758c26140>,95,1,[12  1],96,139,140,43,124
1,<environment.Job instance at 0x7f1758c1ff50>,92,1,[ 4 10],93,149,150,56,128
1,<environment.Job instance at 0x7f1758c26fa0>,113,15,[2 5],114,140,155,26,129
1,<environment.Job instance at 0x7f1758c26dc0>,114,14,[3 7],115,150,164,35,135
1,<environment.Job instance at 0x7f1758c26be0>,107,1,[4 8],108,155,156,47,138
1,<environment.Job instance at 0x7f1758c265f0>,100,17,[6 4],101,156,173,55,147
1,<environment.Job instance at 0x7f1758c1c230>,117,2,[7 3],118,150,152,32,147
1,<environment.Job instance at 0x7f1758c1c2d0>,118,1,[13  3],119,173,174,54,147
1,<environment.Job instance at 0x7f175886ad20>,0,14,[4 8],1,1,15,0,1
1,<environment.Job instance at 0x7f17587985a0>,4,13,[4 5],5,5,18,0,5
1,<environment.Job instance at 0x7f17595d0c30>,10,2,[7 1],11,11,13,0,11
1,<environment.Job instance at 0x7f1758386410>,14,1,[6 5],15,15,16,0,15
1,<environment.Job instance at 0x7f17587985f0>,6,2,[3 9],7,16,18,9,16
1,<environment.Job instance at 0x7f175925c910>,11,3,[2 6],12,18,21,6,18
1,<environment.Job instance at 0x7f17595d08c0>,7,14,[10  4],8,18,32,10,18
1,<environment.Job instance at 0x7f1758388dc0>,15,17,[1 5],16,18,35,2,18
1,<environment.Job instance at 0x7f17587bed70>,18,17,[3 5],19,21,38,2,21
1,<environment.Job instance at 0x7f175861d9b0>,24,13,[8 3],25,32,45,7,32
1,<environment.Job instance at 0x7f1759843690>,17,15,[2 7],18,35,50,17,35
1,<environment.Job instance at 0x7f1758389c80>,19,16,[5 2],20,38,54,18,38
1,<environment.Job instance at 0x7f175923a690>,9,20,[8 4],10,45,65,35,45
1,<environment.Job instance at 0x7f175861d640>,26,13,[1 9],27,50,63,23,50
1,<environment.Job instance at 0x7f17583870a0>,36,16,[5 4],37,63,79,26,63
1,<environment.Job instance at 0x7f17595d48c0>,32,12,[9 5],33,65,77,32,65
1,<environment.Job instance at 0x7f175896fe10>,40,12,[7 2],41,77,89,36,77
1,<environment.Job instance at 0x7f17592ac9b0>,41,3,[5 3],42,79,82,37,79
1,<environment.Job instance at 0x7f1758dbfa00>,43,12,[7 2],44,82,94,38,82
1,<environment.Job instance at 0x7f1758364410>,38,12,[5 2],39,89,101,50,89
1,<environment.Job instance at 0x7f1761f5e960>,50,12,[7 1],51,94,106,43,94
1,<environment.Job instance at 0x7f175855f3c0>,52,13,[8 4],53,101,114,48,101
1,<environment.Job instance at 0x7f1758bb8050>,53,17,[6 2],54,106,123,52,106
1,<environment.Job instance at 0x7f175870b2d0>,54,16,[6 5],55,114,130,59,114
1,<environment.Job instance at 0x7f1758806f50>,55,2,[6 4],56,123,125,67,123
1,<environment.Job instance at 0x7f175837e7d0>,37,18,[7 2],38,125,143,87,125
1,<environment.Job instance at 0x7f1758409410>,59,17,[6 2],60,130,147,70,130
1,<environment.Job instance at 0x7f17587d4370>,61,13,[4 7],62,143,156,81,143
1,<environment.Job instance at 0x7f1758c8ed70>,63,12,[7 5],64,147,159,83,147
1,<environment.Job instance at 0x7f175991b050>,1,14,[5 7],2,2,16,0,2
1,<environment.Job instance at 0x7f175991b960>,2,12,[3 8],3,3,15,0,3
1,<environment.Job instance at 0x7f175991b730>,9,3,[3 5],10,15,18,5,10
1,<environment.Job instance at 0x7f175991b140>,10,2,[8 3],11,16,18,5,11
1,<environment.Job instance at 0x7f175991be10>,11,13,[7 1],12,18,31,6,12
1,<environment.Job instance at 0x7f175991b5a0>,15,13,[1 6],16,16,29,0,16
1,<environment.Job instance at 0x7f175991bdc0>,14,1,[ 4 11],15,29,30,14,17
1,<environment.Job instance at 0x7f17595e4f50>,21,15,[7 1],22,30,45,8,22
1,<environment.Job instance at 0x7f17588592d0>,1,14,[5 7],2,2,16,0,2
1,<environment.Job instance at 0x7f1758859730>,2,12,[3 8],3,3,15,0,3
1,<environment.Job instance at 0x7f175877b500>,10,2,[8 3],11,15,17,4,15
1,<environment.Job instance at 0x7f17621e9b40>,9,3,[3 5],10,16,19,6,16
1,<environment.Job instance at 0x7f175860b910>,15,13,[1 6],16,16,29,0,16
1,<environment.Job instance at 0x7f1758876af0>,11,13,[7 1],12,17,30,5,17
1,<environment.Job instance at 0x7f175883b0a0>,17,14,[4 6],18,19,33,1,19
1,<environment.Job instance at 0x7f175883b5f0>,19,18,[2 8],20,29,47,9,29
1,<environment.Job instance at 0x7f175883baa0>,21,15,[7 1],22,30,45,8,30
1,<environment.Job instance at 0x7f175928f280>,16,22,[5 3],17,33,55,16,33
1,<environment.Job instance at 0x7f175890f730>,25,17,[7 1],26,45,62,19,45
1,<environment.Job instance at 0x7f1758a79280>,13,13,[2 9],14,47,60,33,47
1,<environment.Job instance at 0x7f17592b8370>,27,15,[3 6],28,60,75,32,60
1,<environment.Job instance at 0x7f1758dbfeb0>,34,12,[10  3],35,62,74,27,62
1,<environment.Job instance at 0x7f1758dbf280>,38,2,[5 9],39,74,76,35,74
1,<environment.Job instance at 0x7f175861d280>,39,13,[5 5],40,75,88,35,75
1,<environment.Job instance at 0x7f175861df50>,42,2,[4 9],43,76,78,33,76
1,<environment.Job instance at 0x7f175896fe10>,37,13,[9 3],38,78,91,40,78
1,<environment.Job instance at 0x7f1762332230>,46,1,[2 5],47,88,89,41,88
1,<environment.Job instance at 0x7f175882e3c0>,5,18,[2 9],6,89,107,83,89
1,<environment.Job instance at 0x7f175991b2d0>,48,1,[8 1],49,91,92,42,91
1,<environment.Job instance at 0x7f175991bfa0>,50,1,[3 6],51,92,93,41,92
1,<environment.Job instance at 0x7f175991bf50>,51,3,[8 5],52,93,96,41,93
1,<environment.Job instance at 0x7f175991bbe0>,49,12,[10  5],50,96,108,46,96
1,<environment.Job instance at 0x7f1758f3d190>,53,16,[10  1],54,108,124,54,108
1,<environment.Job instance at 0x7f1758f3d320>,55,18,[2 8],56,108,126,52,108
1,<environment.Job instance at 0x7f1758c4be10>,26,17,[7 4],27,124,141,97,124
1,<environment.Job instance at 0x7f1758dcd9b0>,57,1,[8 4],58,126,127,68,126
1,<environment.Job instance at 0x7f1758dcd640>,56,2,[3 8],57,127,129,70,127
1,<environment.Job instance at 0x7f1758dcd7d0>,58,14,[5 7],59,129,143,70,129
1,<environment.Job instance at 0x7f1758dcdd70>,59,15,[7 2],60,141,156,81,141
1,<environment.Job instance at 0x7f1762332730>,45,18,[8 1],46,143,161,97,143
1,<environment.Job instance at 0x7f17582ce280>,2,1,[12  5],3,3,4,0,3
1,<environment.Job instance at 0x7f17582ce4b0>,3,1,[9 4],4,4,5,0,4
1,<environment.Job instance at 0x7f17582cef00>,4,22,[2 9],5,5,27,0,5
1,<environment.Job instance at 0x7f17582ceb40>,5,14,[8 2],6,6,20,0,6
1,<environment.Job instance at 0x7f17582cebe0>,7,12,[ 4 14],8,27,39,19,10
1,<environment.Job instance at 0x7f1758247c80>,16,2,[3 9],17,39,41,22,24
1,<environment.Job instance at 0x7f1758247460>,32,12,[4 7],33,41,53,8,34
1,<environment.Job instance at 0x7f17582473c0>,33,15,[6 4],34,39,54,5,35
1,<environment.Job instance at 0x7f175826aeb0>,38,3,[5 9],39,53,56,14,39
1,<environment.Job instance at 0x7f175826a9b0>,44,3,[1 9],45,56,59,11,45
1,<environment.Job instance at 0x7f17593b7c30>,3,1,[9 4],4,4,5,0,4
1,<environment.Job instance at 0x7f17593b7820>,4,22,[2 9],5,5,27,0,5
1,<environment.Job instance at 0x7f17593b7550>,5,14,[8 2],6,6,20,0,6
1,<environment.Job instance at 0x7f1758db3d70>,13,3,[1 6],14,20,23,6,20
1,<environment.Job instance at 0x7f1758db3e10>,10,13,[4 6],11,23,36,12,23
1,<environment.Job instance at 0x7f1758db35f0>,16,2,[3 9],17,27,29,10,27
1,<environment.Job instance at 0x7f17621e9b40>,22,14,[6 1],23,29,43,6,29
1,<environment.Job instance at 0x7f1758db34b0>,18,16,[3 5],19,29,45,10,29
1,<environment.Job instance at 0x7f175861df50>,27,2,[1 5],28,36,38,8,36
1,<environment.Job instance at 0x7f1758db3dc0>,15,15,[5 9],16,38,53,22,38
1,<environment.Job instance at 0x7f17598874b0>,33,15,[6 4],34,45,60,11,45
1,<environment.Job instance at 0x7f17585bf0a0>,32,12,[4 7],33,53,65,20,53
1,<environment.Job instance at 0x7f175861db40>,29,17,[10  3],30,60,77,30,60
1,<environment.Job instance at 0x7f17591e7af0>,35,15,[ 5 10],36,65,80,29,65
1,<environment.Job instance at 0x7f1758db3780>,14,17,[10  4],15,77,94,62,77
1,<environment.Job instance at 0x7f17591e7fa0>,38,3,[5 9],39,80,83,41,80
1,<environment.Job instance at 0x7f17591e72d0>,37,17,[ 2 10],38,83,100,45,83
1,<environment.Job instance at 0x7f1758e856e0>,41,16,[10  3],42,94,110,52,94
1,<environment.Job instance at 0x7f1758e85dc0>,44,3,[1 9],45,100,103,55,100
1,<environment.Job instance at 0x7f175861dcd0>,34,17,[3 8],35,103,120,68,103
1,<environment.Job instance at 0x7f1758e85fa0>,45,15,[6 5],46,110,125,64,110
1,<environment.Job instance at 0x7f1758e79050>,49,2,[5 5],50,120,122,70,120
1,<environment.Job instance at 0x7f1758db3370>,8,18,[4 5],9,120,138,111,120
1,<environment.Job instance at 0x7f1758e79e60>,50,1,[9 3],51,125,126,74,125
1,<environment.Job instance at 0x7f17599737d0>,51,3,[1 6],52,125,128,73,125
1,<environment.Job instance at 0x7f17591b9f00>,46,17,[10  1],47,126,143,79,126
1,<environment.Job instance at 0x7f1758e79f00>,53,18,[ 3 10],54,138,156,84,138
1,<environment.Job instance at 0x7f1758e8a5a0>,57,1,[8 4],58,143,144,85,143
1,<environment.Job instance at 0x7f1758e8a6e0>,58,16,[7 4],59,144,160,85,144
1,<environment.Job instance at 0x7f175860fa00>,0,12,[4 9],1,1,13,0,1
1,<environment.Job instance at 0x7f1758e68870>,1,12,[7 2],2,2,14,0,2
1,<environment.Job instance at 0x7f1761ff8a50>,11,12,[1 9],12,13,25,1,12
1,<environment.Job instance at 0x7f1761ff8d20>,15,3,[ 5 14],16,25,28,9,16
1,<environment.Job instance at 0x7f1758537cd0>,25,20,[2 8],26,28,48,2,26
1,<environment.Job instance at 0x7f17585370f0>,27,19,[5 5],28,28,47,0,28
1,<environment.Job instance at 0x7f1758537730>,28,3,[ 5 14],29,48,51,19,29
1,<environment.Job instance at 0x7f1758537370>,33,1,[7 4],34,47,48,13,34
1,<environment.Job instance at 0x7f1758537320>,31,12,[12  3],32,51,63,19,36
1,<environment.Job instance at 0x7f17593b7c80>,3,22,[1 8],4,54,76,50,54
1,<environment.Job instance at 0x7f1758537820>,37,16,[10  3],38,63,79,25,60
1,<environment.Job instance at 0x7f1758537e60>,38,14,[7 3],39,79,93,40,64
1,<environment.Job instance at 0x7f17625a4c80>,32,20,[5 5],33,76,96,43,75
1,<environment.Job instance at 0x7f1758537a00>,35,14,[14  2],36,96,110,60,86
1,<environment.Job instance at 0x7f1758537be0>,39,17,[ 1 13],40,96,113,56,88
1,<environment.Job instance at 0x7f17585375f0>,40,23,[ 3 11],41,113,136,72,109
1,<environment.Job instance at 0x7f1759940aa0>,50,2,[1 8],51,136,138,85,124
1,<environment.Job instance at 0x7f17599402d0>,47,2,[ 2 13],48,138,140,90,124
1,<environment.Job instance at 0x7f1759940910>,51,12,[11  2],52,124,136,72,124
1,<environment.Job instance at 0x7f1759940be0>,55,1,[ 1 12],56,140,141,84,124
1,<environment.Job instance at 0x7f1759940d70>,57,13,[5 2],58,136,149,78,124
1,<environment.Job instance at 0x7f1759940a50>,58,12,[9 4],59,141,153,82,124
1,<environment.Job instance at 0x7f17591fce10>,65,2,[7 2],66,136,138,70,124
1,<environment.Job instance at 0x7f17591fcaa0>,67,2,[ 3 14],68,153,155,85,126
1,<environment.Job instance at 0x7f17591fc4b0>,66,1,[5 7],67,149,150,82,126
1,<environment.Job instance at 0x7f17591fc910>,70,2,[ 3 13],71,155,157,84,130
1,<environment.Job instance at 0x7f17591fc280>,75,13,[7 3],76,157,170,81,141
1,<environment.Job instance at 0x7f175990fdc0>,79,3,[7 5],80,157,160,77,143
1,<environment.Job instance at 0x7f175990ff50>,82,12,[3 7],83,160,172,77,143
1,<environment.Job instance at 0x7f175990faa0>,95,16,[5 1],96,160,176,64,148
1,<environment.Job instance at 0x7f175990f190>,96,3,[6 3],97,150,153,53,148
1,<environment.Job instance at 0x7f175990f870>,98,2,[5 7],99,170,172,71,148
1,<environment.Job instance at 0x7f17594d5be0>,0,12,[4 9],1,1,13,0,1
1,<environment.Job instance at 0x7f17591ee0a0>,1,12,[7 2],2,2,14,0,2
1,<environment.Job instance at 0x7f1758d63640>,11,12,[1 9],12,13,25,1,13
1,<environment.Job instance at 0x7f175861daa0>,12,13,[8 3],13,14,27,1,14
1,<environment.Job instance at 0x7f175994dbe0>,13,12,[ 3 10],14,25,37,11,25
1,<environment.Job instance at 0x7f17621e9b40>,14,15,[8 2],15,27,42,12,27
1,<environment.Job instance at 0x7f175861df50>,8,15,[1 7],9,37,52,28,37
1,<environment.Job instance at 0x7f1759971050>,4,18,[2 5],5,37,55,32,37
1,<environment.Job instance at 0x7f1758e934b0>,19,12,[5 9],20,53,65,33,53
1,<environment.Job instance at 0x7f1758e79e60>,29,18,[8 1],30,53,71,23,53
1,<environment.Job instance at 0x7f1758e93960>,20,16,[1 8],21,66,82,45,66
1,<environment.Job instance at 0x7f1758e93d20>,17,18,[1 6],18,66,84,48,66
1,<environment.Job instance at 0x7f1758e79f50>,33,1,[7 4],34,82,83,48,82
1,<environment.Job instance at 0x7f1758e8e730>,38,14,[7 3],39,82,96,43,82
1,<environment.Job instance at 0x7f17591be140>,7,18,[4 6],8,83,101,75,83
1,<environment.Job instance at 0x7f1762324f00>,43,1,[8 4],44,96,97,52,96
1,<environment.Job instance at 0x7f1758e790f0>,37,16,[10  3],38,98,114,60,98
1,<environment.Job instance at 0x7f175878aa00>,48,16,[ 3 10],49,101,117,52,101
1,<environment.Job instance at 0x7f1758a44280>,49,14,[10  5],50,114,128,64,114
1,<environment.Job instance at 0x7f1758a44af0>,50,2,[1 8],51,117,119,66,117
1,<environment.Job instance at 0x7f1758e85c30>,27,19,[5 5],28,119,138,91,119
1,<environment.Job instance at 0x7f1758759820>,54,14,[8 2],55,129,143,74,129
1,<environment.Job instance at 0x7f17593509b0>,57,13,[5 2],58,138,151,80,138
1,<environment.Job instance at 0x7f175896f460>,58,12,[9 4],59,143,155,84,143
1,<environment.Job instance at 0x7f17594b5be0>,0,1,[10  4],1,1,2,0,1
1,<environment.Job instance at 0x7f175981b0a0>,2,2,[4 6],3,3,5,0,3
1,<environment.Job instance at 0x7f175994d5f0>,4,1,[9 3],5,5,6,0,5
1,<environment.Job instance at 0x7f1758d90640>,8,12,[ 4 10],9,9,21,0,9
1,<environment.Job instance at 0x7f1758d90690>,9,13,[3 5],10,10,23,0,10
1,<environment.Job instance at 0x7f175994d910>,11,20,[1 5],12,21,41,9,13
1,<environment.Job instance at 0x7f1758d904b0>,14,1,[1 9],15,23,24,8,15
1,<environment.Job instance at 0x7f1758d90780>,17,1,[5 7],18,24,25,6,18
1,<environment.Job instance at 0x7f1758d900a0>,19,1,[2 9],20,25,26,5,20
1,<environment.Job instance at 0x7f17585d4370>,26,3,[12  2],27,27,30,0,27
1,<environment.Job instance at 0x7f17585d42d0>,27,3,[8 4],28,30,33,2,28
1,<environment.Job instance at 0x7f17585d45a0>,28,21,[2 5],29,29,50,0,29
1,<environment.Job instance at 0x7f17585d4690>,29,1,[5 4],30,33,34,3,30
1,<environment.Job instance at 0x7f17585d41e0>,30,1,[ 1 13],31,50,51,19,31
1,<environment.Job instance at 0x7f17585d4500>,31,3,[4 8],32,41,44,9,32
1,<environment.Job instance at 0x7f1758d90fa0>,21,25,[ 5 10],22,126,151,104,126
1,<environment.Job instance at 0x7f17585d48c0>,34,17,[9 1],35,126,143,91,126
1,<environment.Job instance at 0x7f17585d4dc0>,36,2,[5 7],37,151,153,114,126
1,<environment.Job instance at 0x7f17585d4be0>,33,13,[9 2],34,143,156,109,127
1,<environment.Job instance at 0x7f17585d47d0>,32,12,[12  3],33,156,168,123,140
1,<environment.Job instance at 0x7f17585d4cd0>,38,12,[ 3 10],39,153,165,114,145
1,<environment.Job instance at 0x7f1758b89500>,0,1,[10  4],1,1,2,0,1
1,<environment.Job instance at 0x7f1758b89e10>,1,15,[9 5],2,2,17,0,2
1,<environment.Job instance at 0x7f1758e8fcd0>,2,2,[4 6],3,3,5,0,3
1,<environment.Job instance at 0x7f17594a0c30>,8,12,[ 4 10],9,9,21,0,9
1,<environment.Job instance at 0x7f1758b89e60>,4,1,[9 3],5,17,18,12,17
1,<environment.Job instance at 0x7f17594a07d0>,9,13,[3 5],10,18,31,8,18
1,<environment.Job instance at 0x7f175961b7d0>,14,1,[1 9],15,21,22,6,21
1,<environment.Job instance at 0x7f175947c910>,19,1,[2 9],20,22,23,2,22
1,<environment.Job instance at 0x7f175947c410>,20,16,[8 1],21,22,38,1,22
1,<environment.Job instance at 0x7f17594a0a00>,10,18,[2 9],11,23,41,12,23
1,<environment.Job instance at 0x7f176235fb90>,12,16,[10  2],13,38,54,25,38
1,<environment.Job instance at 0x7f175947ca50>,17,1,[5 7],18,41,42,23,41
1,<environment.Job instance at 0x7f1759499230>,29,1,[5 4],30,42,43,12,42
1,<environment.Job instance at 0x7f17594a83c0>,31,3,[4 8],32,43,46,11,43
1,<environment.Job instance at 0x7f17585cdc30>,22,17,[4 8],23,46,63,23,46
1,<environment.Job instance at 0x7f17594995f0>,27,3,[8 4],28,54,57,26,54
1,<environment.Job instance at 0x7f17594a8c30>,33,13,[9 2],34,57,70,23,57
1,<environment.Job instance at 0x7f17585ade60>,36,2,[5 7],37,63,65,26,63
1,<environment.Job instance at 0x7f1758e88aa0>,38,12,[ 3 10],39,65,77,26,65
1,<environment.Job instance at 0x7f175947ad20>,42,1,[9 2],43,70,71,27,70
1,<environment.Job instance at 0x7f175947ae10>,43,3,[5 1],44,71,74,27,71
1,<environment.Job instance at 0x7f17594a86e0>,34,17,[9 1],35,74,91,39,74
1,<environment.Job instance at 0x7f175947a190>,45,3,[1 7],46,77,80,31,77
1,<environment.Job instance at 0x7f17585cd2d0>,23,18,[5 5],24,77,95,53,77
1,<environment.Job instance at 0x7f17594a8280>,35,16,[3 8],36,91,107,55,91
1,<environment.Job instance at 0x7f17591e7eb0>,49,16,[6 1],50,91,107,41,91
1,<environment.Job instance at 0x7f17595285a0>,52,13,[ 4 10],53,107,120,54,107
1,<environment.Job instance at 0x7f1758e698c0>,53,15,[8 5],54,107,122,53,107
1,<environment.Job instance at 0x7f175947ad70>,47,17,[ 3 10],48,121,138,73,121
1,<environment.Job instance at 0x7f17591e7960>,48,16,[9 2],49,122,138,73,122
1,<environment.Job instance at 0x7f17586b3dc0>,60,1,[3 6],61,138,139,77,138
1,<environment.Job instance at 0x7f17591e7a50>,55,12,[1 7],56,138,150,82,138
1,<environment.Job instance at 0x7f1762324f00>,63,14,[9 1],64,138,152,74,138
1,<environment.Job instance at 0x7f175878aa00>,64,15,[2 5],65,139,154,74,139
1,<environment.Job instance at 0x7f1758768320>,5,2,[4 8],6,6,8,0,6
1,<environment.Job instance at 0x7f1758768460>,7,16,[8 2],8,8,24,0,8
1,<environment.Job instance at 0x7f1761fab050>,9,14,[7 1],10,12,26,2,12
1,<environment.Job instance at 0x7f1761fab460>,12,17,[5 5],13,24,41,11,15
1,<environment.Job instance at 0x7f1761fab140>,16,17,[9 1],17,26,43,9,17
1,<environment.Job instance at 0x7f1761fabc30>,11,22,[2 6],12,41,63,29,35
1,<environment.Job instance at 0x7f1758a9e500>,0,20,[9 3],1,1,21,0,1
1,<environment.Job instance at 0x7f1758a9e550>,5,2,[4 8],6,6,8,0,6
1,<environment.Job instance at 0x7f1758aa05a0>,11,22,[2 6],12,12,34,0,12
1,<environment.Job instance at 0x7f1758aa8050>,14,20,[1 5],15,15,35,0,15
1,<environment.Job instance at 0x7f1758aa0870>,9,14,[7 1],10,21,35,11,21
1,<environment.Job instance at 0x7f1758aa0460>,13,16,[5 5],14,34,50,20,34
1,<environment.Job instance at 0x7f17589d5320>,18,3,[5 9],19,35,38,16,35
1,<environment.Job instance at 0x7f17589d5a00>,19,14,[4 6],20,38,52,18,38
1,<environment.Job instance at 0x7f1758ab5460>,21,1,[6 3],22,38,39,16,38
1,<environment.Job instance at 0x7f1758434870>,25,1,[9 4],26,50,51,24,50
1,<environment.Job instance at 0x7f1758aa0d20>,7,16,[8 2],8,51,67,43,51
1,<environment.Job instance at 0x7f1758aa0730>,12,17,[5 5],13,52,69,39,52
1,<environment.Job instance at 0x7f1758444820>,32,2,[4 8],33,67,69,34,67
1,<environment.Job instance at 0x7f1758aa8320>,16,17,[9 1],17,70,87,53,70
1,<environment.Job instance at 0x7f1758442140>,36,14,[3 7],37,70,84,33,70
1,<environment.Job instance at 0x7f1758442cd0>,35,21,[1 7],36,70,91,34,70
1,<environment.Job instance at 0x7f1758ec29b0>,40,12,[9 1],41,87,99,46,87
1,<environment.Job instance at 0x7f1758ab75a0>,29,18,[6 5],30,92,110,62,92
1,<environment.Job instance at 0x7f1758ec2d70>,39,12,[8 5],40,99,111,59,99
1,<environment.Job instance at 0x7f1758abf0f0>,48,3,[4 9],49,110,113,61,110
1,<environment.Job instance at 0x7f1758abfaf0>,50,1,[1 6],51,111,112,60,111
1,<environment.Job instance at 0x7f175842c230>,42,18,[10  2],43,112,130,69,112
1,<environment.Job instance at 0x7f1758433c30>,53,3,[ 4 10],54,113,116,59,113
1,<environment.Job instance at 0x7f1758454dc0>,57,12,[4 8],58,116,128,58,116
1,<environment.Job instance at 0x7f1758abf0a0>,51,13,[3 8],52,128,141,76,128
1,<environment.Job instance at 0x7f175841fbe0>,58,16,[6 2],59,130,146,71,130
1,<environment.Job instance at 0x7f175842c1e0>,41,19,[6 2],42,130,149,88,130
1,<environment.Job instance at 0x7f1758588b90>,60,18,[3 7],61,142,160,81,142
1,<environment.Job instance at 0x7f1758e0b460>,63,18,[3 6],64,146,164,82,146
1,<environment.Job instance at 0x7f1758ab7fa0>,27,18,[7 1],28,149,167,121,149
1,<environment.Job instance at 0x7f175866a910>,0,13,[3 9],1,1,14,0,1
1,<environment.Job instance at 0x7f175866a230>,2,3,[5 2],3,3,6,0,3
1,<environment.Job instance at 0x7f1758dd14b0>,3,3,[ 1 10],4,14,17,10,4
1,<environment.Job instance at 0x7f1758dd1f50>,6,1,[2 8],7,17,18,10,7
1,<environment.Job instance at 0x7f1758dd13c0>,7,2,[ 5 10],8,18,20,10,8
1,<environment.Job instance at 0x7f1758dd1820>,8,2,[ 3 12],9,20,22,11,9
1,<environment.Job instance at 0x7f1758dd16e0>,9,16,[5 4],10,22,38,12,10
1,<environment.Job instance at 0x7f1758dd1dc0>,11,14,[3 7],12,22,36,10,12
1,<environment.Job instance at 0x7f1758dd1280>,12,3,[6 5],13,13,16,0,13
1,<environment.Job instance at 0x7f1758dd1e10>,13,13,[6 3],14,16,29,2,14
1,<environment.Job instance at 0x7f1758dd1910>,16,1,[1 5],17,36,37,19,17
1,<environment.Job instance at 0x7f1758dd10f0>,17,13,[3 8],18,37,50,19,21
1,<environment.Job instance at 0x7f1758dd1730>,20,2,[14  4],21,50,52,29,25
1,<environment.Job instance at 0x7f1758675f00>,25,3,[5 5],26,38,41,12,26
1,<environment.Job instance at 0x7f1758dd1e60>,18,2,[3 7],19,41,43,22,26
1,<environment.Job instance at 0x7f1758675320>,24,16,[5 6],25,52,68,27,39
1,<environment.Job instance at 0x7f1758675d20>,28,2,[6 2],29,39,41,10,39
1,<environment.Job instance at 0x7f1758675190>,29,2,[10  5],30,43,45,13,39
1,<environment.Job instance at 0x7f1758675b40>,30,15,[5 5],31,52,67,21,39
1,<environment.Job instance at 0x7f1758675050>,27,13,[4 7],28,67,80,39,53
1,<environment.Job instance at 0x7f1758667960>,39,13,[6 3],40,68,81,28,53
1,<environment.Job instance at 0x7f1758675870>,38,23,[1 5],39,71,94,32,71
1,<environment.Job instance at 0x7f1758667eb0>,41,12,[13  4],42,81,93,39,80
1,<environment.Job instance at 0x7f1758667690>,42,3,[9 1],43,93,96,50,80
1,<environment.Job instance at 0x7f1758dd18c0>,19,18,[ 3 14],20,95,113,75,95
1,<environment.Job instance at 0x7f17593133c0>,0,13,[3 9],1,1,14,0,1
1,<environment.Job instance at 0x7f17593135f0>,2,3,[5 2],3,3,6,0,3
1,<environment.Job instance at 0x7f1758e68780>,9,16,[5 4],10,10,26,0,10
1,<environment.Job instance at 0x7f1759928c30>,6,1,[2 8],7,14,15,7,14
1,<environment.Job instance at 0x7f175851e690>,7,2,[ 5 10],8,15,17,7,15
1,<environment.Job instance at 0x7f17581cae60>,3,3,[ 1 10],4,17,20,13,17
1,<environment.Job instance at 0x7f1759322050>,16,1,[1 5],17,20,21,3,20
1,<environment.Job instance at 0x7f1758ea3f50>,12,3,[6 5],13,20,23,7,20
1,<environment.Job instance at 0x7f17580d51e0>,18,2,[3 7],19,23,25,4,23
1,<environment.Job instance at 0x7f1758ea39b0>,13,13,[6 3],14,23,36,9,23
1,<environment.Job instance at 0x7f17595ce0a0>,17,13,[3 8],18,25,38,7,25
1,<environment.Job instance at 0x7f1758562460>,25,3,[5 5],26,36,39,10,36
1,<environment.Job instance at 0x7f17588a56e0>,27,13,[4 7],28,38,51,10,38
1,<environment.Job instance at 0x7f1758f8f500>,28,2,[6 2],29,38,40,9,38
1,<environment.Job instance at 0x7f17595bc0f0>,24,16,[5 6],25,39,55,14,39
1,<environment.Job instance at 0x7f1758f8f6e0>,29,2,[10  5],30,51,53,21,51
1,<environment.Job instance at 0x7f17580941e0>,11,14,[3 7],12,53,67,41,53
1,<environment.Job instance at 0x7f17582cf3c0>,33,14,[5 8],34,55,69,21,55
1,<environment.Job instance at 0x7f17584e9410>,39,13,[6 3],40,67,80,27,67
1,<environment.Job instance at 0x7f1758f8d820>,42,3,[9 1],43,69,72,26,69
1,<environment.Job instance at 0x7f17582cfe10>,30,15,[5 5],31,72,87,41,72
1,<environment.Job instance at 0x7f17584ef230>,47,1,[5 1],48,80,81,32,80
1,<environment.Job instance at 0x7f17595fd8c0>,21,18,[5 5],22,80,98,58,80
1,<environment.Job instance at 0x7f17584ef8c0>,50,2,[10  3],51,87,89,36,87
1,<environment.Job instance at 0x7f175829fc80>,49,12,[10  5],50,89,101,39,89
1,<environment.Job instance at 0x7f17584efcd0>,53,16,[2 6],54,98,114,44,98
1,<environment.Job instance at 0x7f1758f94aa0>,55,1,[8 2],56,101,102,45,101
1,<environment.Job instance at 0x7f175877a7d0>,54,12,[9 2],55,102,114,47,102
1,<environment.Job instance at 0x7f175877ad70>,56,15,[8 5],57,114,129,57,114
1,<environment.Job instance at 0x7f1758760370>,64,2,[1 5],65,114,116,49,114
1,<environment.Job instance at 0x7f17582cfbe0>,32,18,[ 3 10],33,116,134,83,116
1,<environment.Job instance at 0x7f1758ec3eb0>,69,16,[7 3],70,129,145,59,129
1,<environment.Job instance at 0x7f1758760870>,62,16,[8 2],63,134,150,71,134
1,<environment.Job instance at 0x7f17584e5500>,67,18,[1 6],68,145,163,77,145
1,<environment.Job instance at 0x7f17584ef3c0>,0,2,[ 3 10],1,1,3,0,1
1,<environment.Job instance at 0x7f17584ef0a0>,1,1,[1 8],2,3,4,1,2
1,<environment.Job instance at 0x7f17584ef4b0>,2,2,[13  5],3,3,5,0,3
1,<environment.Job instance at 0x7f17584ef910>,3,1,[6 5],4,5,6,1,4
1,<environment.Job instance at 0x7f17584efe10>,7,14,[3 7],8,8,22,0,8
1,<environment.Job instance at 0x7f17584ef7d0>,8,18,[1 5],9,9,27,0,9
1,<environment.Job instance at 0x7f17584ef2d0>,13,28,[4 5],14,43,71,29,43
1,<environment.Job instance at 0x7f17589c9230>,17,1,[ 1 11],18,71,72,53,47
1,<environment.Job instance at 0x7f17589c9b40>,14,2,[5 5],15,54,56,39,54
1,<environment.Job instance at 0x7f17589c90f0>,18,28,[1 8],19,97,125,78,97
1,<environment.Job instance at 0x7f17587db870>,20,1,[5 3],21,97,98,76,97
1,<environment.Job instance at 0x7f17587dbeb0>,21,3,[3 6],22,98,101,76,97
1,<environment.Job instance at 0x7f1758f8d6e0>,22,13,[10  4],23,101,114,78,97
1,<environment.Job instance at 0x7f1758f8da50>,23,1,[1 9],24,125,126,101,97
1,<environment.Job instance at 0x7f17587db1e0>,19,21,[6 2],20,130,151,110,130
1,<environment.Job instance at 0x7f1758f8dd20>,25,1,[10  1],26,151,152,125,135
1,<environment.Job instance at 0x7f17621b88c0>,0,2,[ 3 10],1,1,3,0,1
1,<environment.Job instance at 0x7f17621b8d20>,1,1,[1 8],2,3,4,1,3
1,<environment.Job instance at 0x7f17621b8dc0>,3,1,[6 5],4,4,5,0,4
1,<environment.Job instance at 0x7f1758e0b640>,7,14,[3 7],8,8,22,0,8
1,<environment.Job instance at 0x7f1758e0b2d0>,8,18,[1 5],9,9,27,0,9
1,<environment.Job instance at 0x7f17621b81e0>,15,17,[7 1],16,16,33,0,16
1,<environment.Job instance at 0x7f1759002c30>,20,1,[5 3],21,22,23,1,22
1,<environment.Job instance at 0x7f1758e0bf00>,14,2,[5 5],15,23,25,8,23
1,<environment.Job instance at 0x7f1759400370>,23,1,[1 9],24,25,26,1,25
1,<environment.Job instance at 0x7f17590026e0>,21,3,[3 6],22,26,29,4,26
1,<environment.Job instance at 0x7f1758972e10>,26,12,[8 1],27,29,41,2,29
1,<environment.Job instance at 0x7f175921fa50>,19,21,[6 2],20,33,54,13,33
1,<environment.Job instance at 0x7f1758851870>,33,14,[ 1 10],34,34,48,0,34
1,<environment.Job instance at 0x7f1758859e10>,35,2,[5 9],36,48,50,12,48
1,<environment.Job instance at 0x7f1759505140>,34,14,[4 5],35,50,64,15,50
1,<environment.Job instance at 0x7f1758e0c780>,41,15,[4 5],42,50,65,8,50
1,<environment.Job instance at 0x7f1758972280>,25,1,[10  1],26,64,65,38,64
1,<environment.Job instance at 0x7f17588795a0>,37,17,[1 6],38,64,81,26,64
1,<environment.Job instance at 0x7f1758e0c960>,43,13,[5 1],44,65,78,21,65
1,<environment.Job instance at 0x7f1758e0c9b0>,44,13,[6 3],45,65,78,20,65
1,<environment.Job instance at 0x7f17584e5eb0>,46,12,[3 9],47,78,90,31,78
1,<environment.Job instance at 0x7f1759002b40>,22,13,[10  4],23,81,94,58,81
1,<environment.Job instance at 0x7f1758f8d910>,48,18,[2 9],49,90,108,41,90
1,<environment.Job instance at 0x7f17584e9780>,56,2,[3 6],57,94,96,37,94
1,<environment.Job instance at 0x7f17585626e0>,57,1,[4 5],58,96,97,38,96
1,<environment.Job instance at 0x7f17584e9af0>,54,3,[8 4],55,97,100,42,97
1,<environment.Job instance at 0x7f1758e0c050>,45,15,[10  3],46,100,115,54,100
1,<environment.Job instance at 0x7f17595bc820>,60,3,[4 9],61,108,111,47,108
1,<environment.Job instance at 0x7f17580d51e0>,61,16,[4 5],62,111,127,49,111
1,<environment.Job instance at 0x7f1758c35190>,72,1,[6 5],73,115,116,42,115
1,<environment.Job instance at 0x7f17595ce0a0>,65,16,[5 1],66,115,131,49,115
1,<environment.Job instance at 0x7f1761fbcc30>,75,16,[1 9],76,116,132,40,116
1,<environment.Job instance at 0x7f1758e07c30>,73,17,[9 4],74,127,144,53,127
1,<environment.Job instance at 0x7f1758729640>,78,18,[2 8],79,132,150,53,132
1,<environment.Job instance at 0x7f177dd55d20>,42,16,[10  5],43,144,160,101,144
1,<environment.Job instance at 0x7f17594dffa0>,5,1,[5 5],6,6,7,0,6
1,<environment.Job instance at 0x7f17581cff50>,7,3,[5 7],8,8,11,0,8
1,<environment.Job instance at 0x7f17581cfeb0>,8,13,[ 4 10],9,11,24,2,9
1,<environment.Job instance at 0x7f17594df0a0>,13,19,[3 5],14,15,34,1,15
1,<environment.Job instance at 0x7f17594be7d0>,15,3,[7 5],16,24,27,8,16
1,<environment.Job instance at 0x7f17594bed20>,16,17,[1 6],17,27,44,10,17
1,<environment.Job instance at 0x7f17594be0a0>,17,22,[3 6],18,34,56,16,28
1,<environment.Job instance at 0x7f17594be3c0>,19,1,[5 4],20,28,29,8,28
1,<environment.Job instance at 0x7f1758c1e3c0>,20,3,[5 5],21,44,47,23,28
1,<environment.Job instance at 0x7f1758c1e640>,21,12,[ 5 12],22,56,68,34,41
1,<environment.Job instance at 0x7f1758c1e370>,22,15,[4 7],23,68,83,45,55
1,<environment.Job instance at 0x7f1758c1e550>,23,14,[9 2],24,60,74,36,60
1,<environment.Job instance at 0x7f1758c1eb40>,24,2,[10  4],25,74,76,49,60
1,<environment.Job instance at 0x7f1758c1e5a0>,25,2,[6 1],26,76,78,50,60
1,<environment.Job instance at 0x7f1758c1eb90>,26,16,[1 9],27,83,99,56,73
1,<environment.Job instance at 0x7f1758c1ecd0>,27,3,[2 5],28,76,79,48,73
1,<environment.Job instance at 0x7f1758c1e500>,28,1,[4 7],29,79,80,50,73
1,<environment.Job instance at 0x7f1758c1ea50>,29,3,[6 5],30,80,83,50,73
1,<environment.Job instance at 0x7f17594e1b40>,30,13,[4 7],31,99,112,68,83
1,<environment.Job instance at 0x7f17594e1d70>,31,18,[4 6],32,85,103,53,85
1,<environment.Job instance at 0x7f17594bed70>,14,18,[7 5],15,103,121,88,93
1,<environment.Job instance at 0x7f17594e1be0>,33,12,[5 5],34,112,124,78,95
1,<environment.Job instance at 0x7f17594be370>,18,13,[ 3 12],19,124,137,105,111
1,<environment.Job instance at 0x7f17594e1eb0>,34,14,[ 1 14],35,137,151,102,131
1,<environment.Job instance at 0x7f17594df640>,3,23,[ 2 10],4,151,174,147,146
1,<environment.Job instance at 0x7f17581507d0>,2,1,[10  1],3,3,4,0,3
1,<environment.Job instance at 0x7f175814f0f0>,5,1,[5 5],6,6,7,0,6
1,<environment.Job instance at 0x7f175814f3c0>,6,16,[4 6],7,7,23,0,7
1,<environment.Job instance at 0x7f175814f280>,7,3,[5 7],8,8,11,0,8
1,<environment.Job instance at 0x7f17587ef780>,13,19,[3 5],14,14,33,0,14
1,<environment.Job instance at 0x7f1758401870>,19,1,[5 4],20,23,24,3,23
1,<environment.Job instance at 0x7f1758677d20>,15,3,[7 5],16,23,26,7,23
1,<environment.Job instance at 0x7f17584012d0>,20,3,[5 5],21,24,27,3,24
1,<environment.Job instance at 0x7f1758c84e10>,14,18,[7 5],15,26,44,11,26
1,<environment.Job instance at 0x7f17594a2f00>,8,13,[ 4 10],9,33,46,24,33
1,<environment.Job instance at 0x7f17587e5190>,25,2,[6 1],26,44,46,18,44
1,<environment.Job instance at 0x7f1758401e60>,24,2,[10  4],25,46,48,21,46
1,<environment.Job instance at 0x7f1758126af0>,27,3,[2 5],28,46,49,18,46
1,<environment.Job instance at 0x7f1759594640>,16,17,[1 6],17,46,63,29,46
1,<environment.Job instance at 0x7f17588004b0>,23,14,[9 2],24,48,62,24,48
1,<environment.Job instance at 0x7f1758126aa0>,28,1,[4 7],29,49,50,20,49
1,<environment.Job instance at 0x7f1759314c30>,30,13,[4 7],31,50,63,19,50
1,<environment.Job instance at 0x7f1759314d20>,29,3,[6 5],30,63,66,33,63
1,<environment.Job instance at 0x7f17581354b0>,33,12,[5 5],34,63,75,29,63
1,<environment.Job instance at 0x7f17599e32d0>,22,15,[4 7],23,66,81,43,66
1,<environment.Job instance at 0x7f1758117640>,39,13,[8 2],40,75,88,35,75
1,<environment.Job instance at 0x7f17587e5f00>,26,16,[1 9],27,81,97,54,81
1,<environment.Job instance at 0x7f1758128280>,40,3,[10  1],41,88,91,47,88
1,<environment.Job instance at 0x7f1758117500>,42,14,[5 6],43,91,105,48,91
1,<environment.Job instance at 0x7f17583f6e10>,44,15,[9 3],45,97,112,52,97
1,<environment.Job instance at 0x7f1758135370>,35,16,[4 9],36,105,121,69,105
1,<environment.Job instance at 0x7f1758116f50>,50,13,[6 5],51,112,125,61,112
1,<environment.Job instance at 0x7f1758116960>,52,13,[3 9],53,121,134,68,121
1,<environment.Job instance at 0x7f17581166e0>,53,3,[5 3],54,125,128,71,125
1,<environment.Job instance at 0x7f17583d8140>,51,16,[8 4],52,128,144,76,128
1,<environment.Job instance at 0x7f1758116f00>,55,1,[3 5],56,134,135,78,134
1,<environment.Job instance at 0x7f1759314a00>,31,18,[4 6],32,134,152,102,134
1,<environment.Job instance at 0x7f17589fa050>,58,17,[1 6],59,144,161,85,144
1,<environment.Job instance at 0x7f17589fabe0>,59,16,[9 3],60,144,160,84,144
1,<environment.Job instance at 0x7f17592d1910>,0,3,[ 5 11],1,1,4,0,1
1,<environment.Job instance at 0x7f1758595780>,3,3,[7 2],4,4,7,0,4
1,<environment.Job instance at 0x7f1758595190>,4,1,[4 6],5,5,6,0,5
1,<environment.Job instance at 0x7f1758dbb4b0>,6,15,[5 5],7,7,22,0,7
1,<environment.Job instance at 0x7f175889a820>,18,12,[5 7],19,19,31,0,19
1,<environment.Job instance at 0x7f175889adc0>,19,3,[4 9],20,31,34,11,20
1,<environment.Job instance at 0x7f175889a5a0>,20,1,[5 6],21,22,23,1,21
1,<environment.Job instance at 0x7f175889a050>,23,16,[5 7],24,34,50,10,24
1,<environment.Job instance at 0x7f175889ac80>,25,25,[5 3],26,27,52,1,27
1,<environment.Job instance at 0x7f1758415c30>,2,22,[5 6],3,3,25,0,3
1,<environment.Job instance at 0x7f1758415cd0>,3,3,[7 2],4,4,7,0,4
1,<environment.Job instance at 0x7f1758415be0>,4,1,[4 6],5,7,8,2,7
1,<environment.Job instance at 0x7f17589fad70>,6,15,[5 5],7,8,23,1,8
1,<environment.Job instance at 0x7f1759314a00>,13,2,[2 9],14,23,25,9,23
1,<environment.Job instance at 0x7f17599e3280>,19,3,[4 9],20,25,28,5,25
1,<environment.Job instance at 0x7f17599e32d0>,20,1,[5 6],21,25,26,4,25
1,<environment.Job instance at 0x7f1759314eb0>,16,17,[9 4],17,26,43,9,26
1,<environment.Job instance at 0x7f1758126960>,18,12,[5 7],19,28,40,9,28
1,<environment.Job instance at 0x7f1758568960>,27,1,[4 8],28,40,41,12,40
1,<environment.Job instance at 0x7f1758595960>,29,15,[1 9],30,41,56,11,41
1,<environment.Job instance at 0x7f1758806820>,30,3,[10  5],31,43,46,12,43
1,<environment.Job instance at 0x7f17588061e0>,31,14,[5 2],32,46,60,14,46
1,<environment.Job instance at 0x7f1758806a50>,35,14,[3 8],36,56,70,20,56
1,<environment.Job instance at 0x7f17582a3640>,38,2,[6 2],39,60,62,21,60
1,<environment.Job instance at 0x7f1758677f50>,23,16,[5 7],24,62,78,38,62
1,<environment.Job instance at 0x7f1759315230>,42,1,[8 1],43,70,71,27,70
1,<environment.Job instance at 0x7f175889acd0>,26,17,[1 7],27,70,87,43,70
1,<environment.Job instance at 0x7f1758435cd0>,47,14,[1 5],48,78,92,30,78
1,<environment.Job instance at 0x7f1759315e60>,41,14,[ 2 10],42,87,101,45,87
1,<environment.Job instance at 0x7f1758c7b1e0>,51,12,[9 4],52,92,104,40,92
1,<environment.Job instance at 0x7f17595570f0>,48,15,[2 6],49,101,116,52,101
1,<environment.Job instance at 0x7f17587ed370>,44,17,[1 5],45,101,118,56,101
1,<environment.Job instance at 0x7f175957a730>,56,2,[6 4],57,104,106,47,104
1,<environment.Job instance at 0x7f17581175a0>,11,17,[10  4],12,106,123,94,106
1,<environment.Job instance at 0x7f17599b2d70>,52,17,[4 6],53,116,133,63,116
1,<environment.Job instance at 0x7f17595c4aa0>,63,3,[5 7],64,123,126,59,123
1,<environment.Job instance at 0x7f1759577280>,62,17,[6 1],63,123,140,60,123
1,<environment.Job instance at 0x7f1759564780>,66,2,[8 3],67,133,135,66,133
1,<environment.Job instance at 0x7f175954f230>,69,12,[9 1],70,135,147,65,135
1,<environment.Job instance at 0x7f17594d5960>,54,14,[5 9],55,140,154,85,140
1,<environment.Job instance at 0x7f17580ba2d0>,70,1,[10  4],71,147,148,76,147
1,<environment.Job instance at 0x7f17582f6640>,76,3,[7 2],77,149,152,72,149
1,<environment.Job instance at 0x7f17589ed7d0>,1,2,[5 6],2,2,4,0,2
1,<environment.Job instance at 0x7f17589f4fa0>,2,3,[5 8],3,3,6,0,3
1,<environment.Job instance at 0x7f17582686e0>,9,3,[8 3],10,10,13,0,10
1,<environment.Job instance at 0x7f1758268780>,10,17,[5 3],11,11,28,0,11
1,<environment.Job instance at 0x7f1758268a00>,13,3,[1 5],14,14,17,0,14
1,<environment.Job instance at 0x7f1758268aa0>,14,3,[1 9],15,17,20,2,15
1,<environment.Job instance at 0x7f1758268c30>,17,12,[5 1],18,18,30,0,18
1,<environment.Job instance at 0x7f1758268cd0>,16,16,[2 8],17,20,36,3,18
1,<environment.Job instance at 0x7f1758268eb0>,18,3,[ 3 12],19,36,39,17,19
1,<environment.Job instance at 0x7f1758265190>,23,15,[3 7],24,39,54,15,25
1,<environment.Job instance at 0x7f17582653c0>,24,17,[5 7],25,39,56,14,27
1,<environment.Job instance at 0x7f1758265410>,26,28,[6 1],27,28,56,1,28
1,<environment.Job instance at 0x7f1758265640>,27,16,[3 7],28,54,70,26,41
1,<environment.Job instance at 0x7f1758265910>,32,17,[5 5],33,56,73,23,44
1,<environment.Job instance at 0x7f17582659b0>,33,12,[5 5],34,70,82,36,53
1,<environment.Job instance at 0x7f1758265b90>,36,3,[ 5 10],37,73,76,36,54
1,<environment.Job instance at 0x7f1758265780>,29,1,[7 3],30,67,68,37,67
1,<environment.Job instance at 0x7f1758265fa0>,41,15,[3 5],42,76,91,34,67
1,<environment.Job instance at 0x7f17582601e0>,43,12,[5 5],44,76,88,32,67
1,<environment.Job instance at 0x7f1758260320>,45,3,[10  2],46,88,91,42,67
1,<environment.Job instance at 0x7f17589ecd20>,1,2,[5 6],2,2,4,0,2
1,<environment.Job instance at 0x7f1758305e10>,2,3,[5 8],3,3,6,0,3
1,<environment.Job instance at 0x7f17589ec690>,3,18,[10  1],4,4,22,0,4
1,<environment.Job instance at 0x7f17592e7640>,7,19,[4 9],8,8,27,0,8
1,<environment.Job instance at 0x7f17592d7e10>,9,3,[8 3],10,22,25,12,22
1,<environment.Job instance at 0x7f17592c4910>,13,3,[1 5],14,25,28,11,25
1,<environment.Job instance at 0x7f17589f5870>,5,13,[8 1],6,25,38,19,25
1,<environment.Job instance at 0x7f17592c4370>,14,3,[1 9],15,27,30,12,27
1,<environment.Job instance at 0x7f17592b0c30>,17,12,[5 1],18,28,40,10,28
1,<environment.Job instance at 0x7f17599b7550>,16,16,[2 8],17,30,46,13,30
1,<environment.Job instance at 0x7f17592d7050>,10,17,[5 3],11,38,55,27,38
1,<environment.Job instance at 0x7f17599934b0>,25,14,[ 4 10],26,46,60,20,46
1,<environment.Job instance at 0x7f17580b9c30>,29,1,[7 3],30,60,61,30,60
1,<environment.Job instance at 0x7f175955de60>,23,15,[3 7],24,60,75,36,60
1,<environment.Job instance at 0x7f17599c39b0>,32,17,[5 5],33,60,77,27,60
1,<environment.Job instance at 0x7f17583017d0>,33,12,[5 5],34,75,87,41,75
1,<environment.Job instance at 0x7f17599c35f0>,31,18,[1 5],32,75,93,43,75
1,<environment.Job instance at 0x7f1758301b40>,34,12,[8 5],35,77,89,42,77
1,<environment.Job instance at 0x7f17592cd5a0>,36,3,[ 5 10],37,89,92,52,89
1,<environment.Job instance at 0x7f17592cd0f0>,37,15,[10  1],38,92,107,54,92
1,<environment.Job instance at 0x7f175955d7d0>,27,16,[3 7],28,92,108,64,92
1,<environment.Job instance at 0x7f17592cd190>,40,14,[8 4],41,107,121,66,107
1,<environment.Job instance at 0x7f17592c3370>,43,12,[5 5],44,108,120,64,108
1,<environment.Job instance at 0x7f17592cdcd0>,41,15,[3 5],42,120,135,78,120
1,<environment.Job instance at 0x7f17592c3f00>,45,3,[10  2],46,121,124,75,121
1,<environment.Job instance at 0x7f1758655c30>,50,14,[6 4],51,124,138,73,124
1,<environment.Job instance at 0x7f1761fc9d70>,54,17,[2 5],55,124,141,69,124
1,<environment.Job instance at 0x7f175863cc80>,55,2,[3 6],56,135,137,79,135
1,<environment.Job instance at 0x7f175863cb40>,56,12,[4 6],57,137,149,80,137
1,<environment.Job instance at 0x7f175863c6e0>,57,14,[7 4],58,138,152,80,138
1,<environment.Job instance at 0x7f17582f6640>,58,13,[5 7],59,149,162,90,149
1,<environment.Job instance at 0x7f175828d2d0>,1,14,[7 5],2,2,16,0,2
1,<environment.Job instance at 0x7f1758ed4320>,2,13,[8 3],3,3,16,0,3
1,<environment.Job instance at 0x7f1758ed42d0>,3,3,[ 3 11],4,16,19,12,4
1,<environment.Job instance at 0x7f175920b6e0>,9,1,[8 2],10,16,17,6,10
1,<environment.Job instance at 0x7f175920b280>,14,13,[10  2],15,17,30,2,15
1,<environment.Job instance at 0x7f175920bdc0>,17,2,[6 3],18,30,32,12,18
1,<environment.Job instance at 0x7f175920b370>,19,13,[5 1],20,20,33,0,20
1,<environment.Job instance at 0x7f175920b190>,22,15,[3 8],23,30,45,7,23
1,<environment.Job instance at 0x7f175995fa50>,23,1,[9 5],24,33,34,9,24
1,<environment.Job instance at 0x7f175995f6e0>,25,2,[11  1],26,34,36,8,26
1,<environment.Job instance at 0x7f175995faa0>,26,2,[11  3],27,36,38,9,27
1,<environment.Job instance at 0x7f175995f5a0>,32,2,[4 6],33,38,40,5,33
1,<environment.Job instance at 0x7f175995f910>,28,17,[12  2],29,40,57,11,33
1,<environment.Job instance at 0x7f175995f050>,31,1,[5 1],32,38,39,6,34
1,<environment.Job instance at 0x7f175995ffa0>,33,20,[2 7],34,45,65,11,36
1,<environment.Job instance at 0x7f175995f460>,29,3,[ 2 10],30,65,68,35,39
1,<environment.Job instance at 0x7f1758828a00>,34,3,[ 1 10],35,68,71,33,42
1,<environment.Job instance at 0x7f1758828370>,38,2,[4 6],39,57,59,18,42
1,<environment.Job instance at 0x7f1758828c30>,39,3,[10  2],40,59,62,19,42
1,<environment.Job instance at 0x7f1758828b40>,36,19,[3 5],37,59,78,22,49
1,<environment.Job instance at 0x7f1758828280>,41,1,[12  1],42,71,72,29,49
1,<environment.Job instance at 0x7f17588282d0>,42,1,[4 9],43,72,73,29,49
1,<environment.Job instance at 0x7f1758828230>,43,3,[1 9],44,73,76,29,49
1,<environment.Job instance at 0x7f1758828500>,44,3,[5 9],45,76,79,31,50
1,<environment.Job instance at 0x7f17590e4640>,0,17,[8 5],1,1,18,0,1
1,<environment.Job instance at 0x7f17590e4730>,1,14,[7 5],2,2,16,0,2
1,<environment.Job instance at 0x7f1758265460>,10,17,[2 5],11,16,33,5,16
1,<environment.Job instance at 0x7f1758da5640>,11,18,[5 2],12,16,34,4,16
1,<environment.Job instance at 0x7f17582655a0>,9,1,[8 2],10,18,19,8,18
1,<environment.Job instance at 0x7f17589fafa0>,17,2,[6 3],18,19,21,1,19
1,<environment.Job instance at 0x7f1758268b40>,2,13,[8 3],3,21,34,18,21
1,<environment.Job instance at 0x7f1758415be0>,14,13,[10  2],15,34,47,19,34
1,<environment.Job instance at 0x7f17589fa280>,19,13,[5 1],20,34,47,14,34
1,<environment.Job instance at 0x7f17593147d0>,23,1,[9 5],24,47,48,23,47
1,<environment.Job instance at 0x7f1759314eb0>,22,15,[3 8],23,47,62,24,47
1,<environment.Job instance at 0x7f1758117eb0>,20,15,[7 5],21,48,63,27,48
1,<environment.Job instance at 0x7f175889abe0>,31,1,[5 1],32,48,49,16,48
1,<environment.Job instance at 0x7f175889ac30>,32,2,[4 6],33,62,64,29,62
1,<environment.Job instance at 0x7f1758415640>,16,16,[8 2],17,63,79,46,63
1,<environment.Job instance at 0x7f1758806d70>,34,3,[ 1 10],35,64,67,29,64
1,<environment.Job instance at 0x7f1758806b40>,38,2,[4 6],39,67,69,28,67
1,<environment.Job instance at 0x7f1758c84f00>,29,3,[ 2 10],30,69,72,39,69
1,<environment.Job instance at 0x7f1758806820>,35,15,[2 8],36,72,87,36,72
1,<environment.Job instance at 0x7f1758806a50>,39,3,[10  2],40,79,82,39,79
1,<environment.Job instance at 0x7f1758806910>,40,12,[9 4],41,82,94,41,82
1,<environment.Job instance at 0x7f17582a32d0>,42,1,[4 9],43,87,88,44,87
1,<environment.Job instance at 0x7f1759315230>,43,3,[1 9],44,88,91,44,88
1,<environment.Job instance at 0x7f17596dc3c0>,44,3,[5 9],45,91,94,46,91
1,<environment.Job instance at 0x7f1758c7baa0>,47,3,[7 1],48,94,97,46,94
1,<environment.Job instance at 0x7f17587ed640>,51,1,[2 6],52,94,95,42,94
1,<environment.Job instance at 0x7f17595570f0>,48,13,[5 6],49,94,107,45,94
1,<environment.Job instance at 0x7f175957a460>,57,3,[1 9],58,97,100,39,97
1,<environment.Job instance at 0x7f175994fdc0>,58,3,[9 1],59,100,103,41,100
1,<environment.Job instance at 0x7f1758f5c870>,56,15,[8 3],57,103,118,46,103
1,<environment.Job instance at 0x7f17582f6640>,60,14,[ 5 10],61,107,121,46,107
1,<environment.Job instance at 0x7f17592c3b40>,64,15,[6 5],65,118,133,53,118
1,<environment.Job instance at 0x7f175898fa50>,50,16,[6 3],51,121,137,70,121
1,<environment.Job instance at 0x7f17592c3140>,66,2,[4 7],67,133,135,66,133
1,<environment.Job instance at 0x7f17595c4aa0>,59,17,[6 4],60,136,153,76,136
1,<environment.Job instance at 0x7f17593ca2d0>,65,17,[ 4 10],66,137,154,71,137
1,<environment.Job instance at 0x7f17597db4b0>,1,13,[1 9],2,2,15,0,2
1,<environment.Job instance at 0x7f17585e1d20>,2,17,[7 1],3,3,20,0,3
1,<environment.Job instance at 0x7f17585e10a0>,4,1,[11  4],5,20,21,15,5
1,<environment.Job instance at 0x7f17589ccc80>,6,2,[8 4],7,15,17,8,7
1,<environment.Job instance at 0x7f17585e1910>,8,2,[ 2 11],9,17,19,8,9
1,<environment.Job instance at 0x7f17585e1a50>,11,12,[5 5],12,21,33,9,12
1,<environment.Job instance at 0x7f1758600050>,15,3,[5 4],16,21,24,5,16
1,<environment.Job instance at 0x7f1758600a00>,16,13,[ 1 11],17,33,46,16,17
1,<environment.Job instance at 0x7f1758600410>,18,1,[ 5 13],19,46,47,27,20
1,<environment.Job instance at 0x7f17585e1e60>,7,19,[8 1],8,24,43,16,21
1,<environment.Job instance at 0x7f175801afa0>,20,2,[10  3],21,43,45,22,21
1,<environment.Job instance at 0x7f175801aeb0>,21,14,[7 5],22,47,61,25,32
1,<environment.Job instance at 0x7f175801a050>,22,14,[5 5],23,47,61,24,32
1,<environment.Job instance at 0x7f175801af50>,19,14,[ 3 12],20,61,75,41,48
1,<environment.Job instance at 0x7f175801a280>,25,20,[6 2],26,61,81,35,52
1,<environment.Job instance at 0x7f175801adc0>,26,14,[ 2 12],27,75,89,48,61
1,<environment.Job instance at 0x7f17583d4dc0>,28,2,[2 9],29,89,91,60,62
1,<environment.Job instance at 0x7f17583d4fa0>,29,15,[6 5],30,89,104,59,75
1,<environment.Job instance at 0x7f17585e6fa0>,30,1,[7 3],31,81,82,50,75
1,<environment.Job instance at 0x7f175801a780>,24,20,[5 5],25,91,111,66,82
1,<environment.Job instance at 0x7f17585e6e60>,32,1,[ 5 14],33,111,112,78,83
1,<environment.Job instance at 0x7f17585e64b0>,33,3,[5 1],34,85,88,51,85
1,<environment.Job instance at 0x7f17585e63c0>,34,14,[5 4],35,112,126,77,98
1,<environment.Job instance at 0x7f1758349460>,35,3,[ 4 10],36,104,107,68,98
1,<environment.Job instance at 0x7f1758349780>,36,13,[7 2],37,112,125,75,99
1,<environment.Job instance at 0x7f1758349190>,37,3,[ 1 10],38,107,110,69,99
1,<environment.Job instance at 0x7f1758600960>,17,16,[14  3],18,126,142,108,113
1,<environment.Job instance at 0x7f17583495f0>,39,12,[10  2],40,142,154,102,126
1,<environment.Job instance at 0x7f17583490f0>,40,13,[3 6],41,142,155,101,126
1,<environment.Job instance at 0x7f1758349960>,41,17,[5 1],42,154,171,112,142
1,<environment.Job instance at 0x7f17583496e0>,42,26,[2 7],43,143,169,100,143
1,<environment.Job instance at 0x7f175955dd20>,1,13,[1 9],2,2,15,0,2
1,<environment.Job instance at 0x7f175955dc80>,2,17,[7 1],3,3,20,0,3
1,<environment.Job instance at 0x7f175955de60>,11,12,[5 5],12,12,24,0,12
1,<environment.Job instance at 0x7f175954ce60>,6,2,[8 4],7,20,22,13,20
1,<environment.Job instance at 0x7f1758806820>,20,2,[10  3],21,22,24,1,22
1,<environment.Job instance at 0x7f17588063c0>,15,3,[5 4],16,24,27,8,24
1,<environment.Job instance at 0x7f1759594d70>,22,14,[5 5],23,24,38,1,24
1,<environment.Job instance at 0x7f1758806050>,21,14,[7 5],22,27,41,5,27
1,<environment.Job instance at 0x7f1759314a00>,30,1,[7 3],31,38,39,7,38
1,<environment.Job instance at 0x7f17585e1960>,28,2,[2 9],29,39,41,10,39
1,<environment.Job instance at 0x7f17585ccd20>,33,3,[5 1],34,39,42,5,39
1,<environment.Job instance at 0x7f1758bd7e10>,35,3,[ 4 10],36,41,44,5,41
1,<environment.Job instance at 0x7f17585ad8c0>,34,14,[5 4],35,41,55,6,41
1,<environment.Job instance at 0x7f17598304b0>,37,3,[ 1 10],38,44,47,6,44
1,<environment.Job instance at 0x7f1758742dc0>,39,12,[10  2],40,47,59,7,47
1,<environment.Job instance at 0x7f1759965af0>,40,13,[3 6],41,55,68,14,55
1,<environment.Job instance at 0x7f17597e1d70>,36,13,[7 2],37,59,72,22,59
1,<environment.Job instance at 0x7f1759756d20>,41,17,[5 1],42,59,76,17,59
1,<environment.Job instance at 0x7f17621e9b40>,29,15,[6 5],30,72,87,42,72
1,<environment.Job instance at 0x7f1759756370>,47,15,[4 6],48,72,87,24,72
1,<environment.Job instance at 0x7f1759756a50>,48,2,[8 5],49,87,89,38,87
1,<environment.Job instance at 0x7f1759756640>,46,16,[7 1],47,87,103,40,87
1,<environment.Job instance at 0x7f1759756dc0>,50,16,[8 1],51,89,105,38,89
1,<environment.Job instance at 0x7f17625abf00>,14,16,[7 3],15,103,119,88,103
1,<environment.Job instance at 0x7f17583be870>,57,16,[5 5],58,105,121,47,105
1,<environment.Job instance at 0x7f17583be640>,56,2,[9 4],57,119,121,62,119
1,<environment.Job instance at 0x7f17592f2730>,53,15,[10  3],54,122,137,68,122
1,<environment.Job instance at 0x7f17583da370>,61,13,[2 6],62,122,135,60,122
1,<environment.Job instance at 0x7f17583da550>,63,15,[5 3],64,135,150,71,135
1,<environment.Job instance at 0x7f17583da190>,64,15,[10  4],65,137,152,72,137
1,<environment.Job instance at 0x7f17590651e0>,5,13,[6 4],6,6,19,0,6
1,<environment.Job instance at 0x7f1759065550>,6,2,[5 5],7,7,9,0,7
1,<environment.Job instance at 0x7f17585650a0>,9,3,[6 2],10,10,13,0,10
1,<environment.Job instance at 0x7f1761f72e10>,18,2,[4 6],19,19,21,0,19
1,<environment.Job instance at 0x7f1758947190>,19,3,[ 2 14],20,22,25,2,22
1,<environment.Job instance at 0x7f1759935050>,22,13,[3 9],23,25,38,2,24
1,<environment.Job instance at 0x7f17587d0050>,24,2,[ 4 10],25,38,40,13,25
1,<environment.Job instance at 0x7f17587b5190>,13,13,[ 2 12],14,40,53,26,26
1,<environment.Job instance at 0x7f1759970190>,30,14,[2 5],31,53,67,22,39
1,<environment.Job instance at 0x7f1761fcd690>,33,1,[4 5],34,39,40,5,39
1,<environment.Job instance at 0x7f1759763730>,37,12,[9 2],38,40,52,2,39
1,<environment.Job instance at 0x7f17585f9af0>,42,13,[ 5 12],43,67,80,24,51
1,<environment.Job instance at 0x7f17591adc30>,43,3,[1 6],44,53,56,9,51
1,<environment.Job instance at 0x7f17585e2730>,44,2,[10  4],45,53,55,8,51
1,<environment.Job instance at 0x7f17585e2cd0>,46,1,[8 1],47,52,53,5,51
1,<environment.Job instance at 0x7f17585e2460>,45,18,[7 1],46,55,73,9,51
1,<environment.Job instance at 0x7f1758c74e10>,49,3,[1 5],50,56,59,6,51
1,<environment.Job instance at 0x7f17586045f0>,51,1,[ 2 14],52,80,81,28,52
1,<environment.Job instance at 0x7f1758604960>,52,1,[ 3 13],53,81,82,28,53
1,<environment.Job instance at 0x7f1758c74af0>,50,18,[9 3],51,82,100,31,80
1,<environment.Job instance at 0x7f1761fcd280>,31,13,[ 5 11],32,91,104,59,91
1,<environment.Job instance at 0x7f1758c623c0>,53,12,[ 2 13],54,104,116,50,91
1,<environment.Job instance at 0x7f1758c62140>,56,14,[5 4],57,116,130,59,101
1,<environment.Job instance at 0x7f1758c620f0>,55,21,[10  5],56,116,137,60,115
1,<environment.Job instance at 0x7f175871ec80>,0,22,[10  4],1,1,23,0,1
1,<environment.Job instance at 0x7f175871efa0>,1,21,[2 6],2,2,23,0,2
1,<environment.Job instance at 0x7f17592d2820>,6,2,[5 5],7,23,25,16,23
1,<environment.Job instance at 0x7f1759406730>,18,2,[4 6],19,23,25,4,23
1,<environment.Job instance at 0x7f1759475140>,9,3,[6 2],10,23,26,13,23
1,<environment.Job instance at 0x7f1758214190>,21,3,[5 7],22,25,28,3,25
1,<environment.Job instance at 0x7f1759475f00>,5,13,[6 4],6,26,39,20,26
1,<environment.Job instance at 0x7f1758214870>,24,2,[ 4 10],25,28,30,3,28
1,<environment.Job instance at 0x7f1758214230>,22,13,[3 9],23,30,43,7,30
1,<environment.Job instance at 0x7f17585e4fa0>,32,13,[5 5],33,39,52,6,39
1,<environment.Job instance at 0x7f17585e4050>,33,1,[4 5],34,43,44,9,43
1,<environment.Job instance at 0x7f1758214960>,30,14,[2 5],31,43,57,12,43
1,<environment.Job instance at 0x7f17594062d0>,15,17,[6 5],16,44,61,28,44
1,<environment.Job instance at 0x7f1759475c80>,10,18,[7 5],11,52,70,41,52
1,<environment.Job instance at 0x7f17585e4c80>,37,12,[9 2],38,70,82,32,70
1,<environment.Job instance at 0x7f17585e40f0>,43,3,[1 6],44,70,73,26,70
1,<environment.Job instance at 0x7f17585e4460>,44,2,[10  4],45,82,84,37,82
1,<environment.Job instance at 0x7f17585e4870>,34,16,[9 2],35,84,100,49,84
1,<environment.Job instance at 0x7f17585e46e0>,46,1,[8 1],47,100,101,53,100
1,<environment.Job instance at 0x7f17585e47d0>,47,17,[6 1],48,100,117,52,100
1,<environment.Job instance at 0x7f176202b190>,49,3,[1 5],50,101,104,51,101
1,<environment.Job instance at 0x7f17585e4aa0>,45,18,[7 1],46,101,119,55,101
1,<environment.Job instance at 0x7f176202b050>,56,14,[5 4],57,119,133,62,119
1,<environment.Job instance at 0x7f176202b730>,58,16,[6 4],59,119,135,60,119
1,<environment.Job instance at 0x7f17583dac80>,64,16,[5 5],65,133,149,68,133
1,<environment.Job instance at 0x7f17583da910>,66,15,[4 5],67,133,148,66,133
1,<environment.Job instance at 0x7f17583da0f0>,69,14,[4 8],70,148,162,78,148
1,<environment.Job instance at 0x7f17585e4640>,38,17,[10  5],39,149,166,110,149
1,<environment.Job instance at 0x7fa7877876e0>,0,17,[6 1],1,1,18,0,1
1,<environment.Job instance at 0x7fa787787730>,1,3,[ 2 10],2,2,5,0,2
1,<environment.Job instance at 0x7fa77e13dc80>,4,13,[3 6],5,5,18,0,5
1,<environment.Job instance at 0x7fa77e13dcd0>,5,2,[1 6],6,6,8,0,6
1,<environment.Job instance at 0x7fa77e141050>,9,12,[8 2],10,18,30,8,10
1,<environment.Job instance at 0x7fa77e141280>,11,3,[4 9],12,18,21,6,12
1,<environment.Job instance at 0x7fa77e141500>,15,3,[2 8],16,21,24,5,17
1,<environment.Job instance at 0x7fa77e1417d0>,17,12,[5 1],18,21,33,3,18
1,<environment.Job instance at 0x7fa77e13dd70>,14,21,[8 1],15,30,51,15,22
1,<environment.Job instance at 0x7fa77e141690>,20,3,[10  5],21,51,54,30,25
1,<environment.Job instance at 0x7fa77e141460>,13,18,[5 9],14,36,54,22,36
1,<environment.Job instance at 0x7fa77e141b40>,22,12,[3 8],23,54,66,31,37
1,<environment.Job instance at 0x7fa77e1414b0>,18,26,[7 4],19,67,93,48,67
1,<environment.Job instance at 0x7fa77e13ddc0>,0,17,[6 1],1,1,18,0,1
1,<environment.Job instance at 0x7fa77e13da00>,1,3,[ 2 10],2,2,5,0,2
1,<environment.Job instance at 0x7fa77e135d70>,4,13,[3 6],5,5,18,0,5
1,<environment.Job instance at 0x7fa77e13d960>,3,22,[2 5],4,5,27,1,5
1,<environment.Job instance at 0x7fa77e135cd0>,5,2,[1 6],6,18,20,12,18
1,<environment.Job instance at 0x7fa77e22f410>,9,12,[8 2],10,18,30,8,18
1,<environment.Job instance at 0x7fa77e2626e0>,15,3,[2 8],16,20,23,4,20
1,<environment.Job instance at 0x7fa77e2e5f00>,17,12,[5 1],18,23,35,5,23
1,<environment.Job instance at 0x7fa77e135410>,2,14,[ 2 10],3,27,41,24,27
1,<environment.Job instance at 0x7fa77e262f50>,16,18,[7 3],17,30,48,13,30
1,<environment.Job instance at 0x7fa77e2df0f0>,11,3,[4 9],12,41,44,29,41
1,<environment.Job instance at 0x7fa77e25da50>,24,2,[4 6],25,44,46,19,44
1,<environment.Job instance at 0x7fa77e25d3c0>,25,2,[5 7],26,46,48,20,46
1,<environment.Job instance at 0x7fa77e268230>,20,3,[10  5],21,48,51,27,48
1,<environment.Job instance at 0x7fa77e2686e0>,22,12,[3 8],23,48,60,25,48
1,<environment.Job instance at 0x7fa77e259550>,26,12,[8 5],27,51,63,24,51
1,<environment.Job instance at 0x7fa77e2dee60>,34,14,[1 9],35,60,74,25,60
1,<environment.Job instance at 0x7fa77e2595f0>,27,17,[4 6],28,63,80,35,63
1,<environment.Job instance at 0x7fa77e1ff410>,37,14,[5 8],38,74,88,36,74
1,<environment.Job instance at 0x7fa77e1ff550>,41,12,[8 3],42,80,92,38,80
1,<environment.Job instance at 0x7fa77e1ff870>,43,16,[1 8],44,88,104,44,88
1,<environment.Job instance at 0x7fa77e293c80>,44,12,[9 3],45,92,104,47,92
1,<environment.Job instance at 0x7fa77e293aa0>,46,14,[6 5],47,104,118,57,104
1,<environment.Job instance at 0x7fa77e24ce60>,49,13,[1 5],50,104,117,54,104
1,<environment.Job instance at 0x7fa77e1d1320>,51,13,[5 6],52,117,130,65,117
1,<environment.Job instance at 0x7fa77e238370>,55,15,[5 4],56,118,133,62,118
1,<environment.Job instance at 0x7fa77e1d1d20>,56,2,[4 7],57,130,132,73,130
1,<environment.Job instance at 0x7fa77e1ffa00>,35,16,[1 9],36,133,149,97,133
1,<environment.Job instance at 0x7fa77e1ff230>,39,18,[9 4],40,133,151,93,133
1,<environment.Job instance at 0x7fa77e261550>,62,2,[5 9],63,149,151,86,149
1,<environment.Job instance at 0x7fa77e2614b0>,60,14,[ 2 10],61,152,166,91,152
1,<environment.Job instance at 0x7fa77e201190>,21,18,[9 4],22,152,170,130,152
1,<environment.Job instance at 0x7fa77d88fc30>,0,12,[1 8],1,1,13,0,1
1,<environment.Job instance at 0x7fa77d9cce60>,4,22,[5 6],5,5,27,0,5
1,<environment.Job instance at 0x7fa77d9c5820>,6,3,[5 6],7,13,16,6,7
1,<environment.Job instance at 0x7fa77d9aec80>,8,14,[ 5 10],9,27,41,18,12
1,<environment.Job instance at 0x7fa77d9664b0>,0,12,[1 8],1,1,13,0,1
1,<environment.Job instance at 0x7fa77d966910>,1,20,[10  5],2,2,22,0,2
1,<environment.Job instance at 0x7fa77d967f50>,6,3,[5 6],7,13,16,6,13
1,<environment.Job instance at 0x7fa77d9677d0>,10,13,[5 7],11,16,29,5,16
1,<environment.Job instance at 0x7fa77d8fb230>,17,2,[5 7],18,22,24,4,22
1,<environment.Job instance at 0x7fa77d964aa0>,14,17,[5 1],15,22,39,7,22
1,<environment.Job instance at 0x7fa77d8fbe60>,19,17,[3 5],20,24,41,4,24
1,<environment.Job instance at 0x7fa77d967460>,9,17,[4 7],10,29,46,19,29
1,<environment.Job instance at 0x7fa77d902aa0>,26,13,[9 5],27,42,55,15,42
1,<environment.Job instance at 0x7fa77da68370>,8,14,[ 5 10],9,46,60,37,46
1,<environment.Job instance at 0x7fa77d95ce60>,30,3,[9 5],31,55,58,24,55
1,<environment.Job instance at 0x7fa77d8fb460>,16,16,[8 4],17,58,74,41,58
1,<environment.Job instance at 0x7fa77d95c730>,32,12,[1 9],33,60,72,27,60
1,<environment.Job instance at 0x7fa77d95cb40>,35,13,[7 3],36,72,85,36,72
1,<environment.Job instance at 0x7fa77d90a050>,36,18,[1 7],37,75,93,38,75
1,<environment.Job instance at 0x7fa77d95c7d0>,28,19,[5 3],29,75,94,46,75
1,<environment.Job instance at 0x7fa77d8f72d0>,39,13,[7 2],40,85,98,45,85
1,<environment.Job instance at 0x7fa77d8f73c0>,41,17,[2 7],42,93,110,51,93
1,<environment.Job instance at 0x7fa77d8f7fa0>,42,16,[5 3],43,94,110,51,94
1,<environment.Job instance at 0x7fa77d8f7f50>,43,13,[7 1],44,98,111,54,98
1,<environment.Job instance at 0x7fa77d95ceb0>,29,17,[9 5],30,111,128,81,111
1,<environment.Job instance at 0x7fa77d90d4b0>,45,16,[5 6],46,111,127,65,111
1,<environment.Job instance at 0x7fa77d90d820>,46,15,[ 2 10],47,127,142,80,127
1,<environment.Job instance at 0x7fa77d8eb910>,25,17,[9 1],26,128,145,102,128
1,<environment.Job instance at 0x7fa77d8ff050>,50,13,[2 5],51,142,155,91,142
1,<environment.Job instance at 0x7fa77da64a00>,49,17,[3 6],50,143,160,93,143
1,<environment.Job instance at 0x7fa77d9845f0>,57,17,[8 5],58,155,172,97,155
1,<environment.Job instance at 0x7fa77d75e050>,0,2,[7 5],1,1,3,0,1
1,<environment.Job instance at 0x7fa77d75e960>,9,13,[2 9],10,10,23,0,10
1,<environment.Job instance at 0x7fa77d75e780>,11,12,[2 7],12,23,35,11,12
1,<environment.Job instance at 0x7fa77d75ecd0>,15,3,[9 3],16,16,19,0,16
1,<environment.Job instance at 0x7fa77d75ebe0>,16,3,[10  2],17,19,22,2,17
1,<environment.Job instance at 0x7fa77d75edc0>,13,3,[10  5],14,22,25,8,18
1,<environment.Job instance at 0x7fa77d6ec730>,18,3,[12  2],19,25,28,6,19
1,<environment.Job instance at 0x7fa77d75e820>,14,2,[5 5],15,28,30,13,20
1,<environment.Job instance at 0x7fa77d6ec780>,17,15,[ 2 10],18,35,50,17,21
1,<environment.Job instance at 0x7fa77d75e550>,5,12,[13  4],6,33,45,27,33
1,<environment.Job instance at 0x7fa77d6ecaf0>,0,2,[7 5],1,1,3,0,1
1,<environment.Job instance at 0x7fa77d6ec9b0>,1,16,[ 4 10],2,2,18,0,2
1,<environment.Job instance at 0x7fa77d775280>,14,2,[5 5],15,18,20,3,18
1,<environment.Job instance at 0x7fa77d775640>,13,3,[10  5],14,18,21,4,18
1,<environment.Job instance at 0x7fa77d775b40>,11,12,[2 7],12,20,32,8,20
1,<environment.Job instance at 0x7fa77d7755f0>,16,3,[10  2],17,21,24,4,21
1,<environment.Job instance at 0x7fa77d775460>,15,3,[9 3],16,24,27,8,24
1,<environment.Job instance at 0x7fa77d775d70>,23,2,[5 6],24,27,29,3,27
1,<environment.Job instance at 0x7fa77d7759b0>,21,17,[7 1],22,27,44,5,27
1,<environment.Job instance at 0x7fa7877b1960>,9,13,[2 9],10,32,45,22,32
1,<environment.Job instance at 0x7fa77d7cb6e0>,29,2,[4 5],30,32,34,2,32
1,<environment.Job instance at 0x7fa77d7cb3c0>,30,1,[ 4 10],31,45,46,14,45
1,<environment.Job instance at 0x7fa77d7cb0f0>,32,16,[5 2],33,45,61,12,45
1,<environment.Job instance at 0x7fa77d7cbd20>,33,2,[6 3],34,45,47,11,45
1,<environment.Job instance at 0x7fa77d7cb0a0>,28,14,[2 9],29,46,60,17,46
1,<environment.Job instance at 0x7fa77d7cb730>,36,12,[6 4],37,47,59,10,47
1,<environment.Job instance at 0x7fa77d7cbfa0>,39,3,[6 1],40,59,62,19,59
1,<environment.Job instance at 0x7fa77d7cbdc0>,35,14,[3 6],36,60,74,24,60
1,<environment.Job instance at 0x7fa7878ef050>,2,20,[5 8],3,61,81,58,61
1,<environment.Job instance at 0x7fa77d7cbb40>,44,1,[9 5],45,74,75,29,74
1,<environment.Job instance at 0x7fa77d7949b0>,45,16,[5 2],46,75,91,29,75
1,<environment.Job instance at 0x7fa77d7945a0>,46,2,[5 3],47,75,77,28,75
1,<environment.Job instance at 0x7fa77d7cb870>,43,3,[ 5 10],44,81,84,37,81
1,<environment.Job instance at 0x7fa77d794870>,51,1,[7 3],52,84,85,32,84
1,<environment.Job instance at 0x7fa77d7943c0>,47,12,[3 8],48,84,96,36,84
1,<environment.Job instance at 0x7fa77d7947d0>,52,13,[5 5],53,85,98,32,85
1,<environment.Job instance at 0x7fa77d794f50>,59,1,[10  5],60,96,97,36,96
1,<environment.Job instance at 0x7fa77d7c55a0>,63,2,[9 3],64,97,99,33,97
1,<environment.Job instance at 0x7fa77d7c5410>,64,2,[3 5],65,98,100,33,98
1,<environment.Job instance at 0x7fa77d7c5f50>,61,13,[ 5 10],62,99,112,37,99
1,<environment.Job instance at 0x7fa77d7c5370>,65,18,[10  4],66,100,118,34,100
1,<environment.Job instance at 0x7fa77d7c5550>,67,13,[1 7],68,112,125,44,112
1,<environment.Job instance at 0x7fa77d794140>,49,14,[2 8],50,118,132,68,118
1,<environment.Job instance at 0x7fa77d7c52d0>,74,15,[10  4],75,125,140,50,125
1,<environment.Job instance at 0x7fa77d775be0>,17,15,[ 2 10],18,132,147,114,132
1,<environment.Job instance at 0x7fa77d779960>,80,14,[4 5],81,140,154,59,140
1,<environment.Job instance at 0x7fa77d779eb0>,83,13,[5 6],84,147,160,63,147
1,<environment.Job instance at 0x7fa77d7797d0>,84,2,[5 7],85,154,156,69,154
1,<environment.Job instance at 0x7fa77d7c5140>,66,15,[1 9],67,157,172,90,157
1,<environment.Job instance at 0x7fa77e1c3cd0>,3,22,[3 8],4,4,26,0,4
1,<environment.Job instance at 0x7fa77e1c3730>,5,16,[7 5],6,6,22,0,6
1,<environment.Job instance at 0x7fa77e1c3b90>,7,12,[5 5],8,22,34,14,8
1,<environment.Job instance at 0x7fa77e1c32d0>,8,2,[ 4 10],9,26,28,17,9
1,<environment.Job instance at 0x7fa77de23050>,11,13,[8 1],12,28,41,16,15
1,<environment.Job instance at 0x7fa77e494320>,20,13,[7 3],21,121,134,100,121
1,<environment.Job instance at 0x7fa77db190a0>,3,22,[3 8],4,4,26,0,4
1,<environment.Job instance at 0x7fa77db1faf0>,5,16,[7 5],6,6,22,0,6
1,<environment.Job instance at 0x7fa77e979550>,10,18,[5 2],11,11,29,0,11
1,<environment.Job instance at 0x7fa77e904dc0>,13,12,[7 5],14,22,34,8,22
1,<environment.Job instance at 0x7fa77e8f4cd0>,8,2,[ 4 10],9,29,31,20,29
1,<environment.Job instance at 0x7fa77e8f4d20>,7,12,[5 5],8,31,43,23,31
1,<environment.Job instance at 0x7fa77db63230>,20,13,[7 3],21,34,47,13,34
1,<environment.Job instance at 0x7fa77deec190>,11,13,[8 1],12,43,56,31,43
1,<environment.Job instance at 0x7fa77d72d820>,18,15,[6 5],19,47,62,28,47
1,<environment.Job instance at 0x7fa77df44a50>,17,15,[5 7],18,56,71,38,56
1,<environment.Job instance at 0x7fa77ea080f0>,31,13,[5 5],32,62,75,30,62
1,<environment.Job instance at 0x7fa77d732dc0>,32,2,[3 8],33,71,73,38,71
1,<environment.Job instance at 0x7fa77d732b90>,22,16,[7 1],23,71,87,48,71
1,<environment.Job instance at 0x7fa77de235f0>,34,14,[2 7],35,73,87,38,73
1,<environment.Job instance at 0x7fa77e1c3f00>,33,17,[2 7],34,75,92,41,75
1,<environment.Job instance at 0x7fa77d732050>,21,16,[10  1],22,87,103,65,87
1,<environment.Job instance at 0x7fa77de23320>,35,12,[1 9],36,92,104,56,92
1,<environment.Job instance at 0x7fa77e5e39b0>,39,2,[7 2],40,103,105,63,103
1,<environment.Job instance at 0x7fa77d732820>,23,17,[7 2],24,103,120,79,103
1,<environment.Job instance at 0x7fa77e5e3640>,40,3,[ 5 10],41,105,108,64,105
1,<environment.Job instance at 0x7fa77e5e3690>,46,12,[7 2],47,108,120,61,108
1,<environment.Job instance at 0x7fa77e5e3370>,50,13,[1 6],51,108,121,57,108
1,<environment.Job instance at 0x7fa77e5e3140>,53,13,[5 2],54,120,133,66,120
1,<environment.Job instance at 0x7fa77e5e3e10>,52,15,[1 6],53,120,135,67,120
1,<environment.Job instance at 0x7fa77e5e35a0>,55,3,[6 1],56,120,123,64,120
1,<environment.Job instance at 0x7fa77df44a00>,16,17,[5 7],17,123,140,106,123
1,<environment.Job instance at 0x7fa77dc9bb40>,60,14,[10  2],61,135,149,74,135
1,<environment.Job instance at 0x7fa77e5e31e0>,56,12,[ 4 10],57,140,152,83,140
1,<environment.Job instance at 0x7fa77dc9b4b0>,63,1,[ 4 10],64,152,153,88,152
1,<environment.Job instance at 0x7fa77e5e3910>,54,16,[ 2 10],55,153,169,98,153
1,<environment.Job instance at 0x7fa77dc9bbe0>,65,18,[8 2],66,153,171,87,153
1,<environment.Job instance at 0x7fa77e1be230>,0,16,[6 2],1,1,17,0,1
1,<environment.Job instance at 0x7fa77ec79af0>,4,16,[7 4],5,5,21,0,5
1,<environment.Job instance at 0x7fa77ec64410>,7,12,[7 2],8,17,29,9,8
1,<environment.Job instance at 0x7fa77ec64730>,10,18,[ 2 10],11,21,39,10,14
1,<environment.Job instance at 0x7fa77ec64af0>,14,12,[10  4],15,29,41,14,17
1,<environment.Job instance at 0x7fa77ec77870>,17,3,[1 8],18,18,21,0,18
1,<environment.Job instance at 0x7fa77ec64280>,15,17,[2 5],16,39,56,23,27
1,<environment.Job instance at 0x7fa77ec7bb90>,19,2,[10  5],20,41,43,21,28
1,<environment.Job instance at 0x7fa77ec645a0>,20,2,[12  2],21,43,45,22,30
1,<environment.Job instance at 0x7fa77ec798c0>,11,14,[8 3],12,45,59,33,36
1,<environment.Job instance at 0x7fa77ec91d70>,21,15,[5 6],22,53,68,31,53
1,<environment.Job instance at 0x7fa77ec91cd0>,22,26,[9 4],23,59,85,36,57
1,<environment.Job instance at 0x7fa77ec91370>,24,25,[6 2],25,68,93,43,65
1,<environment.Job instance at 0x7fa77ec99e60>,25,1,[5 5],26,85,86,59,65
1,<environment.Job instance at 0x7fa77ec913c0>,26,16,[5 4],27,86,102,59,76
1,<environment.Job instance at 0x7fa77dba1410>,27,17,[ 4 10],28,93,110,65,87
1,<environment.Job instance at 0x7fa77db140a0>,28,3,[3 7],29,88,91,59,88
1,<environment.Job instance at 0x7fa77db14eb0>,29,14,[ 5 13],30,110,124,80,100
1,<environment.Job instance at 0x7fa77db24780>,30,17,[3 5],31,124,141,93,113
1,<environment.Job instance at 0x7fa77ec64870>,12,24,[12  4],13,124,148,111,120
1,<environment.Job instance at 0x7fa77e69af00>,0,16,[6 2],1,1,17,0,1
1,<environment.Job instance at 0x7fa77e50ee10>,1,16,[8 2],2,2,18,0,2
1,<environment.Job instance at 0x7fa787901640>,7,12,[7 2],8,17,29,9,17
1,<environment.Job instance at 0x7fa7879018c0>,11,14,[8 3],12,18,32,6,18
1,<environment.Job instance at 0x7fa77e1dd050>,4,16,[7 4],5,29,45,24,29
1,<environment.Job instance at 0x7fa787901690>,16,13,[5 8],17,32,45,15,32
1,<environment.Job instance at 0x7fa77e603aa0>,17,3,[1 8],18,45,48,27,45
1,<environment.Job instance at 0x7fa7879017d0>,19,2,[10  5],20,45,47,25,45
1,<environment.Job instance at 0x7fa77e259910>,14,12,[10  4],15,47,59,32,47
1,<environment.Job instance at 0x7fa77dc42f50>,21,15,[5 6],22,48,63,26,48
1,<environment.Job instance at 0x7fa77dc42d20>,25,1,[5 5],26,59,60,33,59
1,<environment.Job instance at 0x7fa77dc42c80>,26,16,[5 4],27,59,75,32,59
1,<environment.Job instance at 0x7fa787901aa0>,15,17,[2 5],16,60,77,44,60
1,<environment.Job instance at 0x7fa77dc42960>,30,17,[3 5],31,63,80,32,63
1,<environment.Job instance at 0x7fa7879015f0>,13,13,[10  2],14,75,88,61,75
1,<environment.Job instance at 0x7fa77db42140>,28,3,[3 7],29,80,83,51,80
1,<environment.Job instance at 0x7fa77dc42870>,27,17,[ 4 10],28,83,100,55,83
1,<environment.Job instance at 0x7fa77dc3c280>,36,2,[10  4],37,88,90,51,88
1,<environment.Job instance at 0x7fa77dc3ceb0>,35,13,[10  5],36,90,103,54,90
1,<environment.Job instance at 0x7fa77dc3c780>,38,14,[2 6],39,100,114,61,100
1,<environment.Job instance at 0x7fa77dc3c730>,42,12,[1 7],43,103,115,60,103
1,<environment.Job instance at 0x7fa77dc3c190>,32,14,[6 5],33,114,128,81,114
1,<environment.Job instance at 0x7fa77dc3cbe0>,41,15,[4 7],42,115,130,73,115
1,<environment.Job instance at 0x7fa77dc4e690>,47,3,[8 3],48,128,131,80,128
1,<environment.Job instance at 0x7fa77dc4e050>,48,1,[ 3 10],49,130,131,81,130
1,<environment.Job instance at 0x7fa77dc4e500>,50,2,[3 6],51,131,133,80,131
1,<environment.Job instance at 0x7fa77dc4e2d0>,51,13,[6 4],52,131,144,79,131
1,<environment.Job instance at 0x7fa77dc3cd20>,40,18,[6 4],41,131,149,90,131
1,<environment.Job instance at 0x7fa77dc3c370>,44,16,[1 7],45,133,149,88,133
1,<environment.Job instance at 0x7fa77dc3c1e0>,43,17,[8 4],44,144,161,100,144
1,<environment.Job instance at 0x7fa77dc4e320>,54,15,[5 5],55,149,164,94,149
1,<environment.Job instance at 0x7fa77e0c1c30>,1,3,[ 1 13],2,2,5,0,2
1,<environment.Job instance at 0x7fa77e0b20a0>,9,1,[8 3],10,10,11,0,10
1,<environment.Job instance at 0x7fa77e552550>,10,1,[5 4],11,11,12,0,11
1,<environment.Job instance at 0x7fa77e552410>,12,2,[1 8],13,13,15,0,13
1,<environment.Job instance at 0x7fa77e0b2280>,2,14,[2 8],3,15,29,12,15
1,<environment.Job instance at 0x7fa77e552460>,17,1,[1 8],18,29,30,11,18
1,<environment.Job instance at 0x7fa77e5529b0>,13,14,[7 1],14,21,35,7,21
1,<environment.Job instance at 0x7fa77e552a50>,16,18,[ 1 10],17,30,48,13,22
1,<environment.Job instance at 0x7fa77de65f50>,22,3,[6 4],23,23,26,0,23
1,<environment.Job instance at 0x7fa77de65aa0>,23,15,[11  1],24,35,50,11,24
1,<environment.Job instance at 0x7fa77de65a50>,24,3,[ 3 13],25,48,51,23,25
1,<environment.Job instance at 0x7fa77de65d20>,25,22,[2 5],26,51,73,25,44
1,<environment.Job instance at 0x7fa77de655a0>,28,19,[3 6],29,51,70,22,47
1,<environment.Job instance at 0x7fa77e54c500>,38,1,[9 4],39,51,52,12,47
1,<environment.Job instance at 0x7fa77e54c870>,39,2,[3 6],40,70,72,30,47
1,<environment.Job instance at 0x7fa77e54ca00>,37,1,[1 7],38,72,73,34,48
1,<environment.Job instance at 0x7fa77e54c9b0>,44,2,[4 6],45,73,75,28,49
1,<environment.Job instance at 0x7fa77e54cc30>,46,20,[6 3],47,52,72,5,49
1,<environment.Job instance at 0x7fa77ecc1eb0>,49,2,[5 1],50,72,74,22,60
1,<environment.Job instance at 0x7fa77ec797d0>,0,18,[9 1],1,1,19,0,1
1,<environment.Job instance at 0x7fa77df44a50>,2,14,[2 8],3,3,17,0,3
1,<environment.Job instance at 0x7fa77e5e3c80>,10,1,[5 4],11,17,18,6,17
1,<environment.Job instance at 0x7fa77e5e3550>,12,2,[1 8],13,17,19,4,17
1,<environment.Job instance at 0x7fa77e5e32d0>,9,1,[8 3],10,19,20,9,19
1,<environment.Job instance at 0x7fa77e5e3dc0>,17,1,[1 8],18,19,20,1,19
1,<environment.Job instance at 0x7fa77e5e3cd0>,13,14,[7 1],14,20,34,6,20
1,<environment.Job instance at 0x7fa77e5e3690>,16,18,[ 1 10],17,20,38,3,20
1,<environment.Job instance at 0x7fa77dc3caa0>,22,3,[6 4],23,23,26,0,23
1,<environment.Job instance at 0x7fa77dc3ceb0>,27,17,[5 3],28,28,45,0,28
1,<environment.Job instance at 0x7fa77e5e3500>,14,16,[10  3],15,39,55,24,39
1,<environment.Job instance at 0x7fa77dc3c190>,37,1,[1 7],38,45,46,7,45
1,<environment.Job instance at 0x7fa77e5e3140>,20,18,[3 7],21,46,64,25,46
1,<environment.Job instance at 0x7fa77e3f5c30>,38,1,[9 4],39,55,56,16,55
1,<environment.Job instance at 0x7fa77de65dc0>,39,2,[3 6],40,56,58,16,56
1,<environment.Job instance at 0x7fa77df19230>,44,2,[4 6],45,58,60,13,58
1,<environment.Job instance at 0x7fa77d8caeb0>,36,18,[7 4],37,61,79,24,61
1,<environment.Job instance at 0x7fa77e54c780>,47,17,[5 8],48,65,82,17,65
1,<environment.Job instance at 0x7fa77d9b6be0>,49,2,[5 1],50,79,81,29,79
1,<environment.Job instance at 0x7fa77dc3cb40>,28,19,[3 6],29,80,99,51,80
1,<environment.Job instance at 0x7fa77e0c1c80>,52,17,[6 3],53,82,99,29,82
1,<environment.Job instance at 0x7fa77e5dad20>,46,20,[6 3],47,82,102,35,82
1,<environment.Job instance at 0x7fa77e0c1b90>,54,3,[ 4 10],55,99,102,44,99
1,<environment.Job instance at 0x7fa77e0c1730>,53,14,[10  1],54,102,116,48,102
1,<environment.Job instance at 0x7fa787357d20>,57,14,[5 5],58,102,116,44,102
1,<environment.Job instance at 0x7fa77e80f500>,60,3,[10  2],61,116,119,55,116
1,<environment.Job instance at 0x7fa77e5e3460>,18,18,[5 9],19,116,134,97,116
1,<environment.Job instance at 0x7fa77e386690>,61,12,[10  2],62,120,132,58,120
1,<environment.Job instance at 0x7fa77d888870>,66,14,[5 1],67,132,146,65,132
1,<environment.Job instance at 0x7fa77ecc1dc0>,50,20,[5 3],51,132,152,81,132
1,<environment.Job instance at 0x7fa77dfcc0a0>,67,20,[3 8],68,135,155,67,135
1,<environment.Job instance at 0x7fa77e261550>,56,16,[6 3],57,146,162,89,146
1,<environment.Job instance at 0x7fa77dfcc050>,69,13,[9 2],70,156,169,86,156
1,<environment.Job instance at 0x7fa77dfc0d70>,1,13,[4 7],2,2,15,0,2
1,<environment.Job instance at 0x7fa77e5d3640>,3,12,[7 5],4,4,16,0,4
1,<environment.Job instance at 0x7fa77e5ca9b0>,5,12,[1 6],6,15,27,9,6
1,<environment.Job instance at 0x7fa77e5cde10>,14,1,[2 7],15,16,17,1,15
1,<environment.Job instance at 0x7fa77d8377d0>,15,12,[8 1],16,16,28,0,16
1,<environment.Job instance at 0x7fa77e5ecb90>,23,17,[6 1],24,24,41,0,24
1,<environment.Job instance at 0x7fa77e5f7870>,28,2,[ 5 11],29,29,31,0,29
1,<environment.Job instance at 0x7fa77e5cd500>,12,18,[5 6],13,31,49,18,29
1,<environment.Job instance at 0x7fa77e0c7230>,32,1,[ 4 10],33,49,50,16,33
1,<environment.Job instance at 0x7fa77da38c30>,35,1,[12  1],36,50,51,14,36
1,<environment.Job instance at 0x7fa77da49a50>,27,13,[7 3],28,51,64,23,41
1,<environment.Job instance at 0x7fa77da65a00>,44,13,[8 4],45,51,64,6,46
1,<environment.Job instance at 0x7fa77e0b1af0>,1,13,[4 7],2,2,15,0,2
1,<environment.Job instance at 0x7fa77e0bf320>,3,12,[7 5],4,4,16,0,4
1,<environment.Job instance at 0x7fa77e5ae960>,5,12,[1 6],6,15,27,9,15
1,<environment.Job instance at 0x7fa77e5b8780>,6,18,[6 4],7,15,33,8,15
1,<environment.Job instance at 0x7fa77e0b13c0>,4,18,[3 5],5,16,34,11,16
1,<environment.Job instance at 0x7fa77e0bb640>,12,18,[5 6],13,27,45,14,27
1,<environment.Job instance at 0x7fa77e587fa0>,14,1,[2 7],15,34,35,19,34
1,<environment.Job instance at 0x7fa77e587460>,15,12,[8 1],16,34,46,18,34
1,<environment.Job instance at 0x7fa77db90c80>,16,17,[2 7],17,35,52,18,35
1,<environment.Job instance at 0x7fa77e587f50>,13,18,[2 7],14,45,63,31,45
1,<environment.Job instance at 0x7fa77dfad6e0>,9,14,[9 1],10,46,60,36,46
1,<environment.Job instance at 0x7fa77db90780>,21,14,[1 6],22,52,66,30,52
1,<environment.Job instance at 0x7fa77df97dc0>,27,13,[7 3],28,63,76,35,63
1,<environment.Job instance at 0x7fa77df97230>,23,17,[6 1],24,63,80,39,63
1,<environment.Job instance at 0x7fa77db90fa0>,20,18,[1 9],21,66,84,45,66
1,<environment.Job instance at 0x7fa77e332820>,29,17,[9 2],30,81,98,51,81
1,<environment.Job instance at 0x7fa77db78140>,32,1,[ 4 10],33,84,85,51,84
1,<environment.Job instance at 0x7fa77db78780>,33,13,[2 7],34,85,98,51,85
1,<environment.Job instance at 0x7fa77db782d0>,34,15,[4 7],35,98,113,63,98
1,<environment.Job instance at 0x7fa787357d20>,41,17,[1 6],42,98,115,56,98
1,<environment.Job instance at 0x7fa787675c30>,40,17,[6 4],41,113,130,72,113
1,<environment.Job instance at 0x7fa7873577d0>,42,18,[5 5],43,113,131,70,113
1,<environment.Job instance at 0x7fa77e80f3c0>,44,13,[8 4],45,130,143,85,130
1,<environment.Job instance at 0x7fa77e80fc30>,47,1,[4 8],48,131,132,83,131
1,<environment.Job instance at 0x7fa77ecdf370>,49,16,[2 5],50,132,148,82,132
1,<environment.Job instance at 0x7fa77d9b6be0>,50,13,[ 5 10],51,143,156,92,143
1,<environment.Job instance at 0x7fa77dc3caf0>,53,15,[2 5],54,148,163,94,148
1,<environment.Job instance at 0x7fa77dc3c7d0>,54,14,[3 7],55,156,170,101,156
1,<environment.Job instance at 0x7fa77dc3ceb0>,57,2,[7 3],58,156,158,98,156
1,<environment.Job instance at 0x7fa77db78cd0>,31,22,[10  3],32,158,180,126,158
1,<environment.Job instance at 0x7fa77dda4910>,6,12,[ 1 10],7,7,19,0,7
1,<environment.Job instance at 0x7fa77dda41e0>,7,2,[6 5],8,8,10,0,8
1,<environment.Job instance at 0x7fa77dda4460>,10,15,[9 4],11,11,26,0,11
1,<environment.Job instance at 0x7fa77dda4a50>,11,15,[4 7],12,19,34,7,12
1,<environment.Job instance at 0x7fa77dda4d70>,13,3,[6 1],14,26,29,12,15
1,<environment.Job instance at 0x7fa77dda4190>,14,3,[1 9],15,34,37,19,15
1,<environment.Job instance at 0x7fa77dda4230>,16,3,[9 5],17,29,32,12,17
1,<environment.Job instance at 0x7fa7878ef1e0>,17,3,[8 1],18,32,35,14,18
1,<environment.Job instance at 0x7fa77dda4730>,15,15,[4 8],16,37,52,21,23
1,<environment.Job instance at 0x7fa7878ef0f0>,21,2,[7 1],22,35,37,13,23
1,<environment.Job instance at 0x7fa7878eff00>,22,15,[8 2],23,37,52,14,23
1,<environment.Job instance at 0x7fa7878ef4b0>,20,21,[3 9],21,52,73,31,44
1,<environment.Job instance at 0x7fa77dd5caa0>,23,22,[12  2],24,52,74,28,45
1,<environment.Job instance at 0x7fa77dd5c370>,25,3,[9 5],26,74,77,48,48
1,<environment.Job instance at 0x7fa77dd5c640>,32,2,[6 1],33,74,76,41,61
1,<environment.Job instance at 0x7fa77dd5c690>,40,3,[6 4],41,76,79,35,62
1,<environment.Job instance at 0x7fa77dd5ceb0>,42,1,[7 3],43,77,78,34,63
1,<environment.Job instance at 0x7fa77dd5cc80>,37,14,[5 7],38,78,92,40,66
1,<environment.Job instance at 0x7fa77dd5c0f0>,41,2,[12  1],42,92,94,50,66
1,<environment.Job instance at 0x7fa77ecb39b0>,46,14,[11  2],47,94,108,47,81
1,<environment.Job instance at 0x7fa77dd5ce60>,31,17,[5 5],32,113,130,81,113
1,<environment.Job instance at 0x7fa77ecb3730>,47,13,[13  4],48,130,143,82,116
1,<environment.Job instance at 0x7fa77ecb3c30>,48,18,[6 5],49,143,161,94,132
1,<environment.Job instance at 0x7fa77ecb30f0>,45,15,[ 1 14],46,161,176,115,151
1,<environment.Job instance at 0x7fa77d7200a0>,0,17,[2 6],1,1,18,0,1
1,<environment.Job instance at 0x7fa77eae4820>,2,19,[1 7],3,3,22,0,3
1,<environment.Job instance at 0x7fa77d8b74b0>,7,2,[6 5],8,18,20,10,18
1,<environment.Job instance at 0x7fa77e0e70f0>,13,3,[6 1],14,20,23,6,20
1,<environment.Job instance at 0x7fa77ddaa500>,11,15,[4 7],12,20,35,8,20
1,<environment.Job instance at 0x7fa77ec57280>,15,15,[4 8],16,23,38,7,23
1,<environment.Job instance at 0x7fa77d8caeb0>,16,3,[9 5],17,35,38,18,35
1,<environment.Job instance at 0x7fa77e1c3be0>,17,3,[8 1],18,38,41,20,38
1,<environment.Job instance at 0x7fa77e80f3c0>,21,2,[7 1],22,38,40,16,38
1,<environment.Job instance at 0x7fa7873f45f0>,14,3,[1 9],15,40,43,25,40
1,<environment.Job instance at 0x7fa77e3320a0>,25,3,[9 5],26,41,44,15,41
1,<environment.Job instance at 0x7fa77db53cd0>,6,12,[ 1 10],7,43,55,36,43
1,<environment.Job instance at 0x7fa77e80fc30>,22,15,[8 2],23,44,59,21,44
1,<environment.Job instance at 0x7fa77e838f00>,27,16,[4 6],28,55,71,27,55
1,<environment.Job instance at 0x7fa77e2c1230>,32,2,[6 1],33,59,61,26,59
1,<environment.Job instance at 0x7fa77e5d7c80>,33,17,[3 8],34,59,76,25,59
1,<environment.Job instance at 0x7fa77e0d50f0>,10,15,[9 4],11,71,86,60,71
1,<environment.Job instance at 0x7fa77e5d7230>,35,16,[3 7],36,76,92,40,76
1,<environment.Job instance at 0x7fa77de65c30>,37,14,[5 7],38,86,100,48,86
1,<environment.Job instance at 0x7fa77ecb3780>,39,16,[4 7],40,92,108,52,92
1,<environment.Job instance at 0x7fa77ec39b90>,40,3,[6 4],41,100,103,59,100
1,<environment.Job instance at 0x7fa77ec391e0>,42,1,[7 3],43,103,104,60,103
1,<environment.Job instance at 0x7fa77dfc0280>,26,16,[8 3],27,104,120,77,104
1,<environment.Job instance at 0x7fa7873577d0>,18,17,[7 4],19,108,125,89,108
1,<environment.Job instance at 0x7fa77dfc5280>,57,16,[1 8],58,120,136,62,120
1,<environment.Job instance at 0x7fa77d97ef50>,58,12,[3 7],59,125,137,66,125
1,<environment.Job instance at 0x7fa77dda4550>,52,15,[10  5],53,136,151,83,136
1,<environment.Job instance at 0x7fa77d97e960>,63,17,[3 8],64,137,154,73,137
1,<environment.Job instance at 0x7fa77d97e640>,64,12,[8 2],65,151,163,86,151
1,<environment.Job instance at 0x7fa77d97eaf0>,60,17,[2 5],61,151,168,90,151
1,<environment.Job instance at 0x7fa77d97e9b0>,68,15,[2 7],69,154,169,85,154
1,<environment.Job instance at 0x7fa77d573550>,0,3,[11  5],1,1,4,0,1
1,<environment.Job instance at 0x7fa77d573d70>,1,3,[ 4 14],2,4,7,2,2
1,<environment.Job instance at 0x7fa77d573f00>,3,16,[4 8],4,7,23,3,6
1,<environment.Job instance at 0x7fa77d573780>,7,2,[5 4],8,8,10,0,8
1,<environment.Job instance at 0x7fa77d47f780>,10,3,[5 6],11,11,14,0,11
1,<environment.Job instance at 0x7fa77d47f140>,11,2,[7 4],12,14,16,2,12
1,<environment.Job instance at 0x7fa77d573640>,6,24,[3 8],7,23,47,16,18
1,<environment.Job instance at 0x7fa77d47f0f0>,19,3,[9 2],20,24,27,4,24
1,<environment.Job instance at 0x7fa77d501230>,24,2,[10  1],25,27,29,2,25
1,<environment.Job instance at 0x7fa77d5015f0>,26,2,[5 5],27,29,31,2,27
1,<environment.Job instance at 0x7fa77d47f6e0>,14,27,[4 5],15,31,58,16,31
1,<environment.Job instance at 0x7fa77d573a50>,13,15,[1 5],14,47,62,33,37
1,<environment.Job instance at 0x7fa77d97e730>,3,16,[4 8],4,4,20,0,4
1,<environment.Job instance at 0x7fa77ecb3780>,5,18,[10  3],6,6,24,0,6
1,<environment.Job instance at 0x7fa77db53cd0>,7,2,[5 4],8,20,22,12,20
1,<environment.Job instance at 0x7fa77dab1730>,10,3,[5 6],11,22,25,11,22
1,<environment.Job instance at 0x7fa77daae320>,11,2,[7 4],12,24,26,12,24
1,<environment.Job instance at 0x7fa77d6f6fa0>,13,15,[1 5],14,24,39,10,24
1,<environment.Job instance at 0x7fa77db53b40>,9,18,[7 4],10,25,43,15,25
1,<environment.Job instance at 0x7fa77dcc0550>,26,2,[5 5],27,39,41,12,39
1,<environment.Job instance at 0x7fa77dcd6d20>,23,12,[4 8],24,41,53,17,41
1,<environment.Job instance at 0x7fa77dcc00a0>,24,2,[10  1],25,43,45,18,43
1,<environment.Job instance at 0x7fa77dcd6460>,19,3,[9 2],20,45,48,25,45
1,<environment.Job instance at 0x7fa77dcd4690>,32,17,[1 6],33,48,65,15,48
1,<environment.Job instance at 0x7fa77dcd4e10>,34,17,[3 5],35,53,70,18,53
1,<environment.Job instance at 0x7fa77dcd45f0>,30,18,[8 2],31,53,71,22,53
1,<environment.Job instance at 0x7fa77d65baf0>,35,13,[4 7],36,65,78,29,65
1,<environment.Job instance at 0x7fa77dcd45a0>,29,18,[2 6],30,70,88,40,70
1,<environment.Job instance at 0x7fa77d65b730>,37,15,[10  5],38,78,93,40,78
1,<environment.Job instance at 0x7fa77ed108c0>,40,1,[ 3 10],41,88,89,47,88
1,<environment.Job instance at 0x7fa77d663550>,41,12,[5 9],42,89,101,47,89
1,<environment.Job instance at 0x7fa77d6513c0>,43,1,[8 2],44,93,94,49,93
1,<environment.Job instance at 0x7fa77d663730>,42,3,[7 4],43,94,97,51,94
1,<environment.Job instance at 0x7fa77d653a50>,47,18,[7 1],48,97,115,49,97
1,<environment.Job instance at 0x7fa77d653050>,48,1,[4 6],49,101,102,52,101
1,<environment.Job instance at 0x7fa77dcc0dc0>,27,17,[3 7],28,101,118,73,101
1,<environment.Job instance at 0x7fa77ebb12d0>,50,1,[5 8],51,115,116,64,115
1,<environment.Job instance at 0x7fa77d647640>,55,16,[5 4],56,116,132,60,116
1,<environment.Job instance at 0x7fa77d651fa0>,45,1,[ 3 10],46,118,119,72,118
1,<environment.Job instance at 0x7fa77d65c410>,57,3,[9 3],58,119,122,61,119
1,<environment.Job instance at 0x7fa77d65cfa0>,56,3,[2 6],57,122,125,65,122
1,<environment.Job instance at 0x7fa77d64c8c0>,61,3,[5 3],62,122,125,60,122
1,<environment.Job instance at 0x7fa77dcd6be0>,21,13,[ 3 10],22,125,138,103,125
1,<environment.Job instance at 0x7fa77d6ec280>,38,18,[10  1],39,132,150,93,132
1,<environment.Job instance at 0x7fa77d713e60>,63,15,[ 3 10],64,138,153,74,138
1,<environment.Job instance at 0x7fa77ec349b0>,66,3,[10  4],67,150,153,83,150
1,<environment.Job instance at 0x7fa77d657140>,70,12,[4 9],71,153,165,82,153
1,<environment.Job instance at 0x7fa77ea9bb90>,71,12,[7 2],72,153,165,81,153
1,<environment.Job instance at 0x7fa77d9e20a0>,1,15,[4 9],2,2,17,0,2
1,<environment.Job instance at 0x7fa77d9e2fa0>,2,2,[3 9],3,17,19,14,3
1,<environment.Job instance at 0x7fa77d9e26e0>,5,16,[5 1],6,6,22,0,6
1,<environment.Job instance at 0x7fa77d9e2410>,6,3,[6 3],7,7,10,0,7
1,<environment.Job instance at 0x7fa77d9e2870>,7,12,[4 8],8,19,31,11,8
1,<environment.Job instance at 0x7fa77d9e2690>,8,2,[5 7],9,22,24,13,9
1,<environment.Job instance at 0x7fa77d9e2a50>,12,1,[1 5],13,13,14,0,13
1,<environment.Job instance at 0x7fa77d9e2500>,14,14,[3 7],15,24,38,9,15
1,<environment.Job instance at 0x7fa77ec030f0>,21,12,[3 5],22,31,43,9,24
1,<environment.Job instance at 0x7fa77ec03690>,23,14,[6 2],24,31,45,7,24
1,<environment.Job instance at 0x7fa77ec03280>,24,2,[5 5],25,38,40,13,25
1,<environment.Job instance at 0x7fa77ec032d0>,22,22,[3 8],23,40,62,17,40
1,<environment.Job instance at 0x7fa77ec036e0>,29,16,[ 3 14],30,62,78,32,54
1,<environment.Job instance at 0x7fa77ec03a50>,30,21,[6 4],31,78,99,47,70
1,<environment.Job instance at 0x7fa77ec03b90>,31,14,[5 4],32,78,92,46,73
1,<environment.Job instance at 0x7fa77ec03910>,28,16,[4 6],29,78,94,49,74
1,<environment.Job instance at 0x7fa77ec03820>,32,15,[13  3],33,99,114,66,91
1,<environment.Job instance at 0x7fa77ec033c0>,26,26,[5 8],27,114,140,87,112
1,<environment.Job instance at 0x7fa77ec59cd0>,35,22,[7 3],36,114,136,78,112
1,<environment.Job instance at 0x7fa77ec593c0>,36,14,[8 4],37,136,150,99,122
1,<environment.Job instance at 0x7fa77ec59e60>,33,12,[3 8],34,140,152,106,124
1,<environment.Job instance at 0x7fa77ec03eb0>,27,12,[5 5],28,150,162,122,137
1,<environment.Job instance at 0x7fa77ec59b90>,38,12,[ 4 10],39,152,164,113,137
1,<environment.Job instance at 0x7fa77ec594b0>,44,1,[9 4],45,162,163,117,148
1,<environment.Job instance at 0x7fa77ec597d0>,43,13,[2 9],44,164,177,120,149
1,<environment.Job instance at 0x7fa77ec595a0>,48,15,[10  3],49,163,178,114,149
1,<environment.Job instance at 0x7fa77ec59370>,52,3,[11  4],53,178,181,125,152
1,<environment.Job instance at 0x7fa77dcc32d0>,1,15,[4 9],2,2,17,0,2
1,<environment.Job instance at 0x7fa77dcc3e10>,5,16,[5 1],6,6,22,0,6
1,<environment.Job instance at 0x7fa77dcc30f0>,6,3,[6 3],7,7,10,0,7
1,<environment.Job instance at 0x7fa77dcc3370>,12,1,[1 5],13,13,14,0,13
1,<environment.Job instance at 0x7fa77dcc39b0>,2,2,[3 9],3,17,19,14,17
1,<environment.Job instance at 0x7fa77dcc3280>,8,2,[5 7],9,19,21,10,19
1,<environment.Job instance at 0x7fa77dcc3550>,14,14,[3 7],15,19,33,4,19
1,<environment.Job instance at 0x7fa77dcc38c0>,7,12,[4 8],8,22,34,14,22
1,<environment.Job instance at 0x7fa77eaf5eb0>,21,12,[3 5],22,33,45,11,33
1,<environment.Job instance at 0x7fa77eaf73c0>,23,14,[6 2],24,33,47,9,33
1,<environment.Job instance at 0x7fa77d657f00>,24,2,[5 5],25,34,36,9,34
1,<environment.Job instance at 0x7fa77d657910>,27,12,[5 5],28,36,48,8,36
1,<environment.Job instance at 0x7fa77d6570a0>,28,16,[4 6],29,45,61,16,45
1,<environment.Job instance at 0x7fa77d663550>,31,14,[5 4],32,47,61,15,47
1,<environment.Job instance at 0x7fa7872924b0>,33,12,[3 8],34,61,73,27,61
1,<environment.Job instance at 0x7fa77da643c0>,36,14,[8 4],37,61,75,24,61
1,<environment.Job instance at 0x7fa7873898c0>,38,12,[ 4 10],39,73,85,34,73
1,<environment.Job instance at 0x7fa77dcd6460>,44,1,[9 4],45,75,76,30,75
1,<environment.Job instance at 0x7fa77dcc10f0>,48,15,[10  3],49,76,91,27,76
1,<environment.Job instance at 0x7fa77dcd6f00>,43,13,[2 9],44,85,98,41,85
1,<environment.Job instance at 0x7fa77dcc11e0>,51,17,[7 1],52,91,108,39,91
1,<environment.Job instance at 0x7fa77dcc1140>,50,17,[6 3],51,91,108,40,91
1,<environment.Job instance at 0x7fa77dcc1320>,54,13,[ 2 10],55,98,111,43,98
1,<environment.Job instance at 0x7fa77dcc1370>,58,1,[7 1],59,111,112,52,111
1,<environment.Job instance at 0x7fa77dcc1c80>,57,3,[5 7],58,111,114,53,111
1,<environment.Job instance at 0x7fa77dcd4eb0>,60,1,[10  4],61,112,113,51,112
1,<environment.Job instance at 0x7fa77dcd43c0>,62,2,[4 6],63,113,115,50,113
1,<environment.Job instance at 0x7fa77dcb1c30>,16,13,[5 8],17,114,127,97,114
1,<environment.Job instance at 0x7fa77dcd4690>,64,1,[9 3],65,115,116,50,115
1,<environment.Job instance at 0x7fa77dcd45a0>,61,15,[9 5],62,116,131,54,116
1,<environment.Job instance at 0x7fa77dcd4be0>,68,12,[ 4 10],69,127,139,58,127
1,<environment.Job instance at 0x7fa7879004b0>,69,13,[3 5],70,131,144,61,131
1,<environment.Job instance at 0x7fa77db90f00>,19,16,[5 8],20,140,156,120,140
1,<environment.Job instance at 0x7fa7872bf500>,72,16,[10  2],73,144,160,71,144
1,<environment.Job instance at 0x7fa77dfdec80>,74,1,[1 9],75,156,157,81,156
1,<environment.Job instance at 0x7fa77dcd6780>,49,18,[1 9],50,158,176,108,158
1,<environment.Job instance at 0x7fa77e0571e0>,0,2,[5 7],1,1,3,0,1
1,<environment.Job instance at 0x7fa77d66a280>,7,12,[11  3],8,11,23,3,11
1,<environment.Job instance at 0x7fa77e1088c0>,8,26,[ 4 12],9,11,37,2,11
1,<environment.Job instance at 0x7fa77e1085f0>,10,2,[5 2],11,23,25,12,11
1,<environment.Job instance at 0x7fa77d7ed640>,12,12,[5 2],13,25,37,12,16
1,<environment.Job instance at 0x7fa77d7ed140>,14,17,[2 7],15,37,54,22,25
1,<environment.Job instance at 0x7fa77d7ede10>,16,20,[10  2],17,37,57,20,35
1,<environment.Job instance at 0x7fa77e108190>,9,12,[ 4 12],10,54,66,44,37
1,<environment.Job instance at 0x7fa77df8c050>,24,2,[13  2],25,66,68,41,50
1,<environment.Job instance at 0x7fa77e6be5a0>,30,13,[4 6],31,68,81,37,53
1,<environment.Job instance at 0x7fa77d892370>,35,12,[1 8],36,66,78,30,56
1,<environment.Job instance at 0x7fa77d65cf50>,0,2,[5 7],1,1,3,0,1
1,<environment.Job instance at 0x7fa77d65c280>,1,18,[9 2],2,2,20,0,2
1,<environment.Job instance at 0x7fa77e669f50>,10,2,[5 2],11,11,13,0,11
1,<environment.Job instance at 0x7fa77d64c8c0>,12,12,[5 2],13,13,25,0,13
1,<environment.Job instance at 0x7fa77d926410>,17,15,[ 4 10],18,20,35,2,20
1,<environment.Job instance at 0x7fa77d65c0f0>,2,18,[10  4],3,25,43,22,25
1,<environment.Job instance at 0x7fa77da3c6e0>,23,12,[4 7],24,35,47,11,35
1,<environment.Job instance at 0x7fa77e5dbaf0>,29,12,[3 7],30,43,55,13,43
1,<environment.Job instance at 0x7fa77e5db8c0>,30,13,[4 6],31,47,60,16,47
1,<environment.Job instance at 0x7fa77e5db870>,28,17,[10  2],29,55,72,26,55
1,<environment.Job instance at 0x7fa77da3ce60>,19,18,[1 7],20,55,73,35,55
1,<environment.Job instance at 0x7fa77e67d6e0>,35,12,[1 8],36,72,84,36,72
1,<environment.Job instance at 0x7fa77d722eb0>,36,16,[6 3],37,73,89,36,73
1,<environment.Job instance at 0x7fa77dcbb960>,38,17,[5 3],39,73,90,34,73
1,<environment.Job instance at 0x7fa77d64ce60>,14,17,[2 7],15,84,101,69,84
1,<environment.Job instance at 0x7fa77e7ea550>,39,16,[6 5],40,89,105,49,89
1,<environment.Job instance at 0x7fa77e7eac80>,40,12,[5 7],41,101,113,60,101
1,<environment.Job instance at 0x7fa787378b90>,46,3,[10  2],47,105,108,58,105
1,<environment.Job instance at 0x7fa77dcc0460>,45,15,[1 6],46,108,123,62,108
1,<environment.Job instance at 0x7fa77e15b870>,48,13,[1 7],49,113,126,64,113
1,<environment.Job instance at 0x7fa77d64ca50>,16,20,[10  2],17,113,133,96,113
1,<environment.Job instance at 0x7fa787378e10>,47,1,[ 2 10],48,126,127,78,126
1,<environment.Job instance at 0x7fa77e3c3690>,55,2,[4 8],56,127,129,71,127
1,<environment.Job instance at 0x7fa77e668640>,32,13,[ 5 10],33,129,142,96,129
1,<environment.Job instance at 0x7fa77d65ba50>,59,14,[7 1],60,133,147,73,133
1,<environment.Job instance at 0x7fa77d88cd20>,57,16,[8 2],58,142,158,84,142
1,<environment.Job instance at 0x7fa77e0a3aa0>,63,16,[5 5],64,148,164,84,148
1,<environment.Job instance at 0x7fa77dcba050>,64,20,[1 5],65,148,168,83,148
1,<environment.Job instance at 0x7fa77d5c2fa0>,66,17,[9 1],67,158,175,91,158
1,<environment.Job instance at 0x7fa77ea04d20>,0,1,[10  1],1,1,2,0,1
1,<environment.Job instance at 0x7fa77ea04460>,1,3,[8 2],2,2,5,0,2
1,<environment.Job instance at 0x7fa77ea04e60>,4,13,[5 2],5,5,18,0,5
1,<environment.Job instance at 0x7fa77ea04af0>,6,13,[8 4],7,7,20,0,7
1,<environment.Job instance at 0x7fa77ea04c80>,11,2,[4 6],12,18,20,6,13
1,<environment.Job instance at 0x7fa77ea04410>,14,3,[3 5],15,18,21,3,15
1,<environment.Job instance at 0x7fa77db803c0>,10,21,[ 1 14],11,21,42,10,15
1,<environment.Job instance at 0x7fa77dd44b90>,15,1,[5 2],16,20,21,4,17
1,<environment.Job instance at 0x7fa77dd447d0>,17,1,[ 3 10],18,42,43,24,18
1,<environment.Job instance at 0x7fa77dd44e60>,13,19,[10  2],14,42,61,28,33
1,<environment.Job instance at 0x7fa77ea04b40>,9,14,[ 1 14],10,61,75,51,47
1,<environment.Job instance at 0x7fa77dd44af0>,20,2,[6 2],21,75,77,54,48
1,<environment.Job instance at 0x7fa77ebdbdc0>,0,1,[10  1],1,1,2,0,1
1,<environment.Job instance at 0x7fa77ebdb7d0>,1,3,[8 2],2,2,5,0,2
1,<environment.Job instance at 0x7fa77ebdbcd0>,4,13,[5 2],5,5,18,0,5
1,<environment.Job instance at 0x7fa77ebdb640>,6,13,[8 4],7,7,20,0,7
1,<environment.Job instance at 0x7fa77d78b320>,11,2,[4 6],12,18,20,6,18
1,<environment.Job instance at 0x7fa77d78b190>,14,3,[3 5],15,18,21,3,18
1,<environment.Job instance at 0x7fa77d78b910>,17,1,[ 3 10],18,20,21,2,20
1,<environment.Job instance at 0x7fa77df8c820>,15,1,[5 2],16,21,22,5,21
1,<environment.Job instance at 0x7fa77e4e6be0>,20,2,[6 2],21,21,23,0,21
1,<environment.Job instance at 0x7fa77da643c0>,18,14,[5 7],19,22,36,3,22
1,<environment.Job instance at 0x7fa77dcc1730>,22,13,[3 6],23,23,36,0,23
1,<environment.Job instance at 0x7fa787672fa0>,26,2,[ 5 10],27,36,38,9,36
1,<environment.Job instance at 0x7fa77ddcb870>,30,12,[10  4],31,36,48,5,36
1,<environment.Job instance at 0x7fa77dcc1640>,25,13,[ 2 10],26,38,51,12,38
1,<environment.Job instance at 0x7fa77dfdec80>,31,1,[6 5],32,48,49,16,48
1,<environment.Job instance at 0x7fa787900f00>,32,15,[6 1],33,49,64,16,49
1,<environment.Job instance at 0x7fa77e2aceb0>,34,17,[5 2],35,49,66,14,49
1,<environment.Job instance at 0x7fa77e67d9b0>,37,1,[ 4 10],38,51,52,13,51
1,<environment.Job instance at 0x7fa77dcc1410>,23,17,[4 6],24,52,69,28,52
1,<environment.Job instance at 0x7fa787900730>,33,17,[2 7],34,64,81,30,64
1,<environment.Job instance at 0x7fa77d728910>,42,3,[5 2],43,66,69,23,66
1,<environment.Job instance at 0x7fa77ed6faa0>,46,1,[2 8],47,69,70,22,69
1,<environment.Job instance at 0x7fa77ebdbbe0>,12,18,[10  5],13,70,88,57,70
1,<environment.Job instance at 0x7fa77dd44780>,47,2,[ 5 10],48,81,83,33,81
1,<environment.Job instance at 0x7fa77d728190>,43,3,[ 1 10],44,83,86,39,83
1,<environment.Job instance at 0x7fa77d926410>,40,13,[3 9],41,86,99,45,86
1,<environment.Job instance at 0x7fa77dd25500>,52,3,[6 5],53,88,91,35,88
1,<environment.Job instance at 0x7fa77dd250a0>,53,13,[6 3],54,91,104,37,91
1,<environment.Job instance at 0x7fa77de23960>,56,1,[1 5],57,99,100,42,99
1,<environment.Job instance at 0x7fa77dd25e10>,51,14,[3 7],52,99,113,47,99
1,<environment.Job instance at 0x7fa77dd25050>,49,16,[5 4],50,100,116,50,100
1,<environment.Job instance at 0x7fa77de23fa0>,58,2,[3 7],59,113,115,54,113
1,<environment.Job instance at 0x7fa77de23320>,57,13,[3 8],58,115,128,57,115
1,<environment.Job instance at 0x7fa77de23690>,65,3,[5 5],66,116,119,50,116
1,<environment.Job instance at 0x7fa77d970be0>,67,13,[4 7],68,119,132,51,119
1,<environment.Job instance at 0x7fa77d970cd0>,68,2,[6 2],69,128,130,59,128
1,<environment.Job instance at 0x7fa77de231e0>,64,16,[5 6],65,128,144,63,128
1,<environment.Job instance at 0x7fa77d970910>,69,2,[10  5],70,132,134,62,132
1,<environment.Job instance at 0x7fa77d9704b0>,70,15,[5 5],71,134,149,63,134
1,<environment.Job instance at 0x7fa77d970b90>,73,14,[5 8],74,144,158,70,144
1,<environment.Job instance at 0x7fa77d970230>,79,13,[6 3],80,149,162,69,149
1,<environment.Job instance at 0x7fa77e24c410>,82,3,[9 1],83,158,161,75,158
1,<environment.Job instance at 0x7fa77e0015a0>,7,3,[ 5 11],8,8,11,0,8
1,<environment.Job instance at 0x7fa77e001640>,9,3,[8 3],10,10,13,0,10
1,<environment.Job instance at 0x7fa77e001a50>,10,12,[1 9],11,11,23,0,11
1,<environment.Job instance at 0x7fa77e001370>,11,12,[3 5],12,13,25,1,12
1,<environment.Job instance at 0x7fa77e78cf50>,20,1,[3 5],21,23,24,2,21
1,<environment.Job instance at 0x7fa77e78cfa0>,18,21,[5 1],19,22,43,3,22
1,<environment.Job instance at 0x7fa77e78ce60>,24,12,[5 1],25,25,37,0,25
1,<environment.Job instance at 0x7fa77e78c820>,28,14,[ 5 10],29,29,43,0,29
1,<environment.Job instance at 0x7fa77e78c730>,30,2,[ 3 10],31,43,45,12,31
1,<environment.Job instance at 0x7fa77e754820>,31,1,[1 8],32,45,46,13,32
1,<environment.Job instance at 0x7fa77e754140>,32,2,[13  5],33,45,47,12,33
1,<environment.Job instance at 0x7fa77e7541e0>,33,1,[6 5],34,43,44,9,34
1,<environment.Job instance at 0x7fa77e7543c0>,37,14,[3 7],38,47,61,9,39
1,<environment.Job instance at 0x7fa77e7540a0>,38,18,[1 5],39,46,64,7,41
1,<environment.Job instance at 0x7fa77e7549b0>,39,12,[ 4 14],40,64,76,24,52
1,<environment.Job instance at 0x7fa77e7547d0>,44,2,[5 5],45,61,63,16,52
1,<environment.Job instance at 0x7fa77e7852d0>,45,17,[7 1],46,52,69,6,52
1,<environment.Job instance at 0x7fa77e754910>,40,21,[ 4 14],41,76,97,35,73
1,<environment.Job instance at 0x7fa77e1f4be0>,0,17,[10  5],1,1,18,0,1
1,<environment.Job instance at 0x7fa77e1f4c30>,4,13,[10  2],5,18,31,13,18
1,<environment.Job instance at 0x7fa77de42640>,9,3,[8 3],10,31,34,21,31
1,<environment.Job instance at 0x7fa77e017140>,10,12,[1 9],11,31,43,20,31
1,<environment.Job instance at 0x7fa77e1b9230>,11,12,[3 5],12,34,46,22,34
1,<environment.Job instance at 0x7fa77e56c140>,8,14,[10  3],9,43,57,34,43
1,<environment.Job instance at 0x7fa77de23410>,20,1,[3 5],21,46,47,25,46
1,<environment.Job instance at 0x7fa77e24c640>,13,16,[5 8],14,47,63,33,47
1,<environment.Job instance at 0x7fa77e010640>,3,14,[8 3],4,57,71,53,57
1,<environment.Job instance at 0x7fa77de23690>,22,18,[2 8],23,63,81,40,63
1,<environment.Job instance at 0x7fa77de23f00>,24,12,[5 1],25,63,75,38,63
1,<environment.Job instance at 0x7fa77de238c0>,25,16,[7 4],26,71,87,45,71
1,<environment.Job instance at 0x7fa77ed6faa0>,28,14,[ 5 10],29,81,95,52,81
1,<environment.Job instance at 0x7fa77de23e60>,21,15,[9 5],22,87,102,65,87
1,<environment.Job instance at 0x7fa77d926410>,30,2,[ 3 10],31,95,97,64,95
1,<environment.Job instance at 0x7fa787672fa0>,31,1,[1 8],32,97,98,65,97
1,<environment.Job instance at 0x7fa7874f6dc0>,33,1,[6 5],34,98,99,64,98
1,<environment.Job instance at 0x7fa77ea04c30>,37,14,[3 7],38,102,116,64,102
1,<environment.Job instance at 0x7fa77de23be0>,23,15,[9 3],24,102,117,78,102
1,<environment.Job instance at 0x7fa7877111e0>,38,18,[1 5],39,102,120,63,102
1,<environment.Job instance at 0x7fa77e78caf0>,44,2,[5 5],45,116,118,71,116
1,<environment.Job instance at 0x7fa77de23c80>,29,16,[7 5],30,117,133,87,117
1,<environment.Job instance at 0x7fa77e46c370>,50,1,[5 3],51,118,119,67,118
1,<environment.Job instance at 0x7fa77ddca410>,45,17,[7 1],46,119,136,73,119
1,<environment.Job instance at 0x7fa77d72c550>,53,1,[1 9],54,120,121,66,120
1,<environment.Job instance at 0x7fa77e785910>,51,3,[3 6],52,133,136,81,133
1,<environment.Job instance at 0x7fa77d72cb90>,55,1,[10  1],56,136,137,80,136
1,<environment.Job instance at 0x7fa77e7ee9b0>,63,14,[ 1 10],64,136,150,72,136
1,<environment.Job instance at 0x7fa77de7ad70>,56,12,[8 1],57,137,149,80,137
1,<environment.Job instance at 0x7fa77e785050>,52,13,[10  4],53,149,162,96,149
1,<environment.Job instance at 0x7fa77d75c370>,65,2,[5 9],66,151,153,85,151
1,<environment.Job instance at 0x7fa77d75cc80>,64,14,[4 5],65,153,167,88,153
1,<environment.Job instance at 0x7fa77de41230>,67,17,[1 6],68,153,170,85,153
1,<environment.Job instance at 0x7fa77d5877d0>,7,14,[1 7],8,8,22,0,8
1,<environment.Job instance at 0x7fa77d587e10>,10,13,[2 7],11,11,24,0,11
1,<environment.Job instance at 0x7fa77e98eaf0>,12,1,[5 5],13,22,23,9,13
1,<environment.Job instance at 0x7fa77da105f0>,17,15,[6 3],18,22,37,4,18
1,<environment.Job instance at 0x7fa77da10500>,19,12,[7 2],20,23,35,3,20
1,<environment.Job instance at 0x7fa77da10460>,22,1,[10  1],23,37,38,14,23
1,<environment.Job instance at 0x7fa77da10f00>,25,1,[5 5],26,35,36,9,26
1,<environment.Job instance at 0x7fa77d5a6140>,27,3,[5 7],28,36,39,8,28
1,<environment.Job instance at 0x7fa77d587fa0>,33,19,[3 5],34,38,57,4,34
1,<environment.Job instance at 0x7fa77d5a64b0>,35,3,[7 5],36,39,42,3,36
1,<environment.Job instance at 0x7fa77d5a6730>,36,17,[1 6],37,42,59,5,37
1,<environment.Job instance at 0x7fa77d5a6550>,34,18,[7 5],35,57,75,22,47
1,<environment.Job instance at 0x7fa77d5a6a00>,39,1,[5 4],40,47,48,7,47
1,<environment.Job instance at 0x7fa77d5a6b40>,40,3,[5 5],41,59,62,18,47
1,<environment.Job instance at 0x7fa77d5a6aa0>,41,12,[ 5 12],42,75,87,33,60
1,<environment.Job instance at 0x7fa77d5a6be0>,43,14,[9 2],44,75,89,31,72
1,<environment.Job instance at 0x7fa77d5a6e60>,45,2,[6 1],46,72,74,26,72
1,<environment.Job instance at 0x7fa77d585190>,47,3,[2 5],48,72,75,24,72
1,<environment.Job instance at 0x7fa77d5850f0>,48,1,[4 7],49,87,88,38,72
1,<environment.Job instance at 0x7fa77d585230>,49,3,[6 5],50,88,91,38,72
1,<environment.Job instance at 0x7fa77d585050>,50,13,[4 7],51,89,102,38,73
1,<environment.Job instance at 0x7fa77d5a6dc0>,44,2,[10  4],45,91,93,46,84
1,<environment.Job instance at 0x7fa77d585be0>,64,15,[9 3],65,93,108,28,91
1,<environment.Job instance at 0x7fa77da10d20>,24,12,[13  5],25,108,120,83,91
1,<environment.Job instance at 0x7fa77df1d730>,74,16,[ 4 10],75,120,136,45,107
1,<environment.Job instance at 0x7fa77df1df00>,86,3,[ 3 11],87,136,139,49,110
1,<environment.Job instance at 0x7fa77ddf8780>,106,3,[ 4 13],107,139,142,32,116
1,<environment.Job instance at 0x7fa77df1dd20>,84,1,[5 2],85,120,121,35,119
1,<environment.Job instance at 0x7fa77d574dc0>,104,3,[14  3],105,142,145,37,121
1,<environment.Job instance at 0x7fa77eba8b40>,116,2,[9 4],117,121,123,4,121
1,<environment.Job instance at 0x7fa77d9365f0>,118,1,[1 6],119,142,143,23,121
1,<environment.Job instance at 0x7fa77d962e60>,121,3,[7 4],122,123,126,1,122
1,<environment.Job instance at 0x7fa77d955410>,124,1,[14  3],125,145,146,20,129
1,<environment.Job instance at 0x7fa77d9621e0>,123,16,[1 9],124,143,159,19,130
1,<environment.Job instance at 0x7fa77d930050>,132,3,[2 8],133,159,162,26,133
1,<environment.Job instance at 0x7fa77d9300f0>,133,1,[7 4],134,138,139,4,138
1,<environment.Job instance at 0x7fa77d9305f0>,134,2,[6 1],135,139,141,4,138
1,<environment.Job instance at 0x7fa77d930910>,135,2,[7 5],136,146,148,10,143
1,<environment.Job instance at 0x7fa77d9304b0>,136,1,[2 7],137,159,160,22,143
1,<environment.Job instance at 0x7fa77d930370>,130,12,[ 4 10],131,162,174,31,145
1,<environment.Job instance at 0x7fa77d92bcd0>,139,1,[13  2],140,154,155,14,154
1,<environment.Job instance at 0x7fa77d5a65a0>,0,16,[10  3],1,1,17,0,1
1,<environment.Job instance at 0x7fa77df1d2d0>,4,21,[2 6],5,5,26,0,5
1,<environment.Job instance at 0x7fa77e978be0>,9,16,[3 5],10,10,26,0,10
1,<environment.Job instance at 0x7fa77df1ddc0>,8,14,[7 4],9,17,31,8,17
1,<environment.Job instance at 0x7fa77e3f5820>,12,1,[5 5],13,26,27,13,26
1,<environment.Job instance at 0x7fa77e3f5dc0>,10,13,[2 7],11,27,40,16,27
1,<environment.Job instance at 0x7fa77e3fc050>,17,15,[6 3],18,27,42,9,27
1,<environment.Job instance at 0x7fa77dd6b500>,16,18,[7 5],17,31,49,14,31
1,<environment.Job instance at 0x7fa77d5740f0>,7,14,[1 7],8,40,54,32,40
1,<environment.Job instance at 0x7fa77e3e8dc0>,19,12,[7 2],20,42,54,22,42
1,<environment.Job instance at 0x7fa77e4d6870>,22,1,[10  1],23,54,55,31,54
1,<environment.Job instance at 0x7fa77dd8ac30>,25,1,[5 5],26,54,55,28,54
1,<environment.Job instance at 0x7fa77de6b6e0>,27,3,[5 7],28,55,58,27,55
1,<environment.Job instance at 0x7fa77e3fcd20>,18,14,[3 7],19,55,69,36,55
1,<environment.Job instance at 0x7fa77e8004b0>,35,3,[7 5],36,58,61,22,58
1,<environment.Job instance at 0x7fa77d7aa6e0>,26,16,[4 6],27,61,77,34,61
1,<environment.Job instance at 0x7fa77dd00d20>,39,1,[5 4],40,69,70,29,69
1,<environment.Job instance at 0x7fa77dd00aa0>,40,3,[5 5],41,69,72,28,69
1,<environment.Job instance at 0x7fa77dd006e0>,42,15,[4 7],43,72,87,29,72
1,<environment.Job instance at 0x7fa77dd00550>,43,14,[9 2],44,77,91,33,77
1,<environment.Job instance at 0x7fa77e800dc0>,36,17,[1 6],37,77,94,40,77
1,<environment.Job instance at 0x7fa77de41780>,45,2,[6 1],46,91,93,45,91
1,<environment.Job instance at 0x7fa77de5c140>,34,18,[7 5],35,91,109,56,91
1,<environment.Job instance at 0x7fa77d75c370>,47,3,[2 5],48,94,97,46,94
1,<environment.Job instance at 0x7fa77ea119b0>,48,1,[4 7],49,97,98,48,97
1,<environment.Job instance at 0x7fa77d75caf0>,49,3,[6 5],50,98,101,48,98
1,<environment.Job instance at 0x7fa77d75cc30>,50,13,[4 7],51,101,114,50,101
1,<environment.Job instance at 0x7fa77e3ce370>,44,2,[10  4],45,109,111,64,109
1,<environment.Job instance at 0x7fa77d75ccd0>,51,18,[4 6],52,111,129,59,111
1,<environment.Job instance at 0x7fa77ddca410>,53,12,[5 5],54,114,126,60,114
1,<environment.Job instance at 0x7fa77da4c730>,55,16,[4 9],56,126,142,70,126
1,<environment.Job instance at 0x7fa77dd75af0>,28,13,[ 4 10],29,142,155,113,142
1,<environment.Job instance at 0x7fa77e78caf0>,60,3,[10  1],61,142,145,81,142
1,<environment.Job instance at 0x7fa77e78cb40>,59,13,[8 2],60,145,158,85,145
1,<environment.Job instance at 0x7fa77ea04280>,62,14,[5 6],63,155,169,92,155
1,<environment.Job instance at 0x7fa77e992370>,64,15,[9 3],65,158,173,93,158
1,<environment.Job instance at 0x7fa77e332190>,4,1,[ 2 14],5,5,6,0,5
1,<environment.Job instance at 0x7fa77d49ef00>,5,14,[9 1],6,6,20,0,6
1,<environment.Job instance at 0x7fa77d49e690>,6,15,[2 5],7,7,22,0,7
1,<environment.Job instance at 0x7fa77d49eeb0>,7,13,[4 9],8,8,21,0,8
1,<environment.Job instance at 0x7fa77d49ec30>,8,13,[3 6],9,21,34,12,9
1,<environment.Job instance at 0x7fa77d49e320>,9,1,[ 1 13],10,34,35,24,10
1,<environment.Job instance at 0x7fa77d49e780>,10,3,[ 5 11],11,35,38,24,11
1,<environment.Job instance at 0x7fa77ea083c0>,14,1,[4 6],15,22,23,7,18
1,<environment.Job instance at 0x7fa77d49e280>,13,3,[7 2],14,21,24,7,19
1,<environment.Job instance at 0x7fa77ea08c80>,16,15,[5 5],17,38,53,21,24
1,<environment.Job instance at 0x7fa77ea08190>,17,19,[3 9],18,38,57,20,33
1,<environment.Job instance at 0x7fa7872bda50>,19,13,[ 4 11],20,57,70,37,41
1,<environment.Job instance at 0x7fa7872bd1e0>,21,17,[10  4],22,53,70,31,42
1,<environment.Job instance at 0x7fa7872bd640>,23,2,[2 9],24,70,72,46,43
1,<environment.Job instance at 0x7fa7872bd960>,22,19,[13  3],23,70,89,47,60
1,<environment.Job instance at 0x7fa77ea08370>,15,16,[ 2 11],16,72,88,56,66
1,<environment.Job instance at 0x7fa77ea08550>,20,20,[3 6],21,89,109,68,80
1,<environment.Job instance at 0x7fa77d59c730>,28,12,[5 7],29,89,101,60,80
1,<environment.Job instance at 0x7fa77d59c1e0>,29,3,[4 9],30,101,104,71,80
1,<environment.Job instance at 0x7fa77d59cb90>,30,1,[5 6],31,104,105,73,80
1,<environment.Job instance at 0x7fa77e257050>,26,17,[9 4],27,105,122,78,95
1,<environment.Job instance at 0x7fa77d704690>,32,12,[12  2],33,122,134,89,105
1,<environment.Job instance at 0x7fa77d7044b0>,33,16,[5 7],34,134,150,100,121
1,<environment.Job instance at 0x7fa77e257460>,24,21,[10  4],25,134,155,109,128
1,<environment.Job instance at 0x7fa77d7046e0>,35,25,[5 3],36,150,175,114,146
1,<environment.Job instance at 0x7fa77d704a00>,36,17,[1 7],37,155,172,118,146
1,<environment.Job instance at 0x7fa77d704550>,37,1,[4 8],38,172,173,134,146
1,<environment.Job instance at 0x7fa77d704500>,38,13,[ 4 13],39,175,188,136,159
1,<environment.Job instance at 0x7fa77e754460>,5,14,[9 1],6,6,20,0,6
1,<environment.Job instance at 0x7fa77dd006e0>,6,15,[2 5],7,7,22,0,7
1,<environment.Job instance at 0x7fa77dd008c0>,7,13,[4 9],8,8,21,0,8
1,<environment.Job instance at 0x7fa77de5c140>,14,1,[4 6],15,21,22,6,21
1,<environment.Job instance at 0x7fa77dd00230>,13,3,[7 2],14,21,24,7,21
1,<environment.Job instance at 0x7fa77dd00b40>,8,13,[3 6],9,22,35,13,22
1,<environment.Job instance at 0x7fa77df1d280>,16,15,[5 5],17,22,37,5,22
1,<environment.Job instance at 0x7fa77e615dc0>,23,2,[2 9],24,35,37,11,35
1,<environment.Job instance at 0x7fa77d59caa0>,21,17,[10  4],22,37,54,15,37
1,<environment.Job instance at 0x7fa77d585140>,17,19,[3 9],18,37,56,19,37
1,<environment.Job instance at 0x7fa77e28d460>,26,17,[9 4],27,54,71,27,54
1,<environment.Job instance at 0x7fa77e28d280>,30,1,[5 6],31,56,57,25,56
1,<environment.Job instance at 0x7fa77e28deb0>,29,3,[4 9],30,57,60,27,57
1,<environment.Job instance at 0x7fa77e9a6140>,28,12,[5 7],29,60,72,31,60
1,<environment.Job instance at 0x7fa77d771c30>,37,1,[4 8],38,71,72,33,71
1,<environment.Job instance at 0x7fa78782baa0>,39,15,[1 9],40,72,87,32,72
1,<environment.Job instance at 0x7fa77db8e410>,40,3,[10  5],41,72,75,31,72
1,<environment.Job instance at 0x7fa77db8e2d0>,41,14,[5 2],42,75,89,33,75
1,<environment.Job instance at 0x7fa77db9c8c0>,45,14,[3 8],46,87,101,41,87
1,<environment.Job instance at 0x7fa77db9c640>,48,2,[6 2],49,89,91,40,89
1,<environment.Job instance at 0x7fa78750dc80>,33,16,[5 7],34,91,107,57,91
1,<environment.Job instance at 0x7fa77da4c0f0>,52,1,[8 1],53,101,102,48,101
1,<environment.Job instance at 0x7fa77d771230>,36,17,[1 7],37,101,118,64,101
1,<environment.Job instance at 0x7fa77d6fca50>,57,14,[1 5],58,107,121,49,107
1,<environment.Job instance at 0x7fa77db9c730>,51,14,[ 2 10],52,118,132,66,118
1,<environment.Job instance at 0x7fa77d8c2b40>,61,12,[9 4],62,121,133,59,121
1,<environment.Job instance at 0x7fa7878fc460>,58,15,[2 6],59,132,147,73,132
1,<environment.Job instance at 0x7fa77da4c8c0>,54,17,[1 5],55,132,149,77,132
1,<environment.Job instance at 0x7fa77d9c03c0>,66,2,[6 4],67,133,135,66,133
1,<environment.Job instance at 0x7fa77d8c20f0>,64,14,[5 9],65,147,161,82,147
1,<environment.Job instance at 0x7fa7876b8730>,72,17,[6 1],73,147,164,74,147
1,<environment.Job instance at 0x7fa77ec37280>,1,2,[5 6],2,2,4,0,2
1,<environment.Job instance at 0x7fa77ec37500>,2,3,[5 8],3,3,6,0,3
1,<environment.Job instance at 0x7fa77ec37320>,9,3,[8 3],10,10,13,0,10
1,<environment.Job instance at 0x7fa77e2a72d0>,10,17,[5 3],11,11,28,0,11
1,<environment.Job instance at 0x7fa77e2a7d20>,13,3,[1 5],14,14,17,0,14
1,<environment.Job instance at 0x7fa77e2a7960>,14,3,[1 9],15,17,20,2,15
1,<environment.Job instance at 0x7fa77ec374b0>,17,12,[5 1],18,18,30,0,18
1,<environment.Job instance at 0x7fa77e2a7820>,18,3,[ 3 12],19,28,31,9,19
1,<environment.Job instance at 0x7fa77e2a7460>,16,16,[2 8],17,31,47,14,19
1,<environment.Job instance at 0x7fa77e2a7870>,23,15,[3 7],24,31,46,7,24
1,<environment.Job instance at 0x7fa77e2a7cd0>,24,17,[5 7],25,46,63,21,34
1,<environment.Job instance at 0x7fa77e2a7690>,19,28,[5 4],20,47,75,27,47
1,<environment.Job instance at 0x7fa77e2a7320>,22,18,[5 8],23,63,81,40,57
1,<environment.Job instance at 0x7fa77e2a7eb0>,27,16,[3 7],28,75,91,47,71
1,<environment.Job instance at 0x7fa77e2a7c80>,25,14,[ 4 10],26,91,105,65,77
1,<environment.Job instance at 0x7fa77e2a7280>,29,1,[7 3],30,81,82,51,77
1,<environment.Job instance at 0x7fa77db94780>,33,12,[5 5],34,81,93,47,77
1,<environment.Job instance at 0x7fa77db94fa0>,32,17,[5 5],33,93,110,60,87
1,<environment.Job instance at 0x7fa77e668f50>,1,2,[5 6],2,2,4,0,2
1,<environment.Job instance at 0x7fa77e668140>,2,3,[5 8],3,3,6,0,3
1,<environment.Job instance at 0x7fa77e668cd0>,3,18,[10  1],4,4,22,0,4
1,<environment.Job instance at 0x7fa7876b8730>,7,19,[4 9],8,8,27,0,8
1,<environment.Job instance at 0x7fa77e5e4410>,9,3,[8 3],10,22,25,12,22
1,<environment.Job instance at 0x7fa7878fc460>,13,3,[1 5],14,25,28,11,25
1,<environment.Job instance at 0x7fa77e758910>,5,13,[8 1],6,25,38,19,25
1,<environment.Job instance at 0x7fa77d9c03c0>,14,3,[1 9],15,27,30,12,27
1,<environment.Job instance at 0x7fa77e6a3730>,17,12,[5 1],18,28,40,10,28
1,<environment.Job instance at 0x7fa77e6a3690>,16,16,[2 8],17,30,46,13,30
1,<environment.Job instance at 0x7fa77def4d70>,10,17,[5 3],11,38,55,27,38
1,<environment.Job instance at 0x7fa77db9c410>,25,14,[ 4 10],26,46,60,20,46
1,<environment.Job instance at 0x7fa78782bd20>,29,1,[7 3],30,60,61,30,60
1,<environment.Job instance at 0x7fa77db9c280>,23,15,[3 7],24,60,75,36,60
1,<environment.Job instance at 0x7fa77df686e0>,32,17,[5 5],33,60,77,27,60
1,<environment.Job instance at 0x7fa77e7e8550>,33,12,[5 5],34,75,87,41,75
1,<environment.Job instance at 0x7fa7878f2cd0>,31,18,[1 5],32,75,93,43,75
1,<environment.Job instance at 0x7fa77d6ada50>,34,12,[8 5],35,77,89,42,77
1,<environment.Job instance at 0x7fa77e8bdb40>,36,3,[ 5 10],37,89,92,52,89
1,<environment.Job instance at 0x7fa77d6bdaa0>,37,15,[10  1],38,92,107,54,92
1,<environment.Job instance at 0x7fa77db9c8c0>,27,16,[3 7],28,92,108,64,92
1,<environment.Job instance at 0x7fa77de1a410>,40,14,[8 4],41,107,121,66,107
1,<environment.Job instance at 0x7fa77d6b3410>,43,12,[5 5],44,108,120,64,108
1,<environment.Job instance at 0x7fa77de1adc0>,41,15,[3 5],42,120,135,78,120
1,<environment.Job instance at 0x7fa77d6b3370>,45,3,[10  2],46,121,124,75,121
1,<environment.Job instance at 0x7fa77ec28410>,50,14,[6 4],51,124,138,73,124
1,<environment.Job instance at 0x7fa77ec11410>,54,17,[2 5],55,124,141,69,124
1,<environment.Job instance at 0x7fa77ec11d70>,55,2,[3 6],56,135,137,79,135
1,<environment.Job instance at 0x7fa77ec11fa0>,56,12,[4 6],57,137,149,80,137
1,<environment.Job instance at 0x7fa77ec11d20>,57,14,[7 4],58,138,152,80,138
1,<environment.Job instance at 0x7fa77ec11690>,58,13,[5 7],59,149,162,90,149
1,<environment.Job instance at 0x7fa77d5c2eb0>,46,15,[7 3],47,152,167,105,152
1,<environment.Job instance at 0x7fa77d772410>,0,17,[2 5],1,1,18,0,1
1,<environment.Job instance at 0x7fa77d772d70>,1,18,[5 2],2,2,20,0,2
1,<environment.Job instance at 0x7fa77ec31780>,7,2,[6 3],8,8,10,0,8
1,<environment.Job instance at 0x7fa77e326910>,9,13,[5 1],10,10,23,0,10
1,<environment.Job instance at 0x7fa77e326d70>,10,15,[7 5],11,20,35,9,11
1,<environment.Job instance at 0x7fa77ec31a00>,13,1,[9 5],14,35,36,21,14
1,<environment.Job instance at 0x7fa787675d70>,16,2,[11  3],17,36,38,19,17
1,<environment.Job instance at 0x7fa787675870>,19,3,[ 2 10],20,23,26,3,20
1,<environment.Job instance at 0x7fa77d77b3c0>,22,2,[4 6],23,26,28,3,24
1,<environment.Job instance at 0x7fa77e01cb90>,24,3,[ 1 10],25,28,31,3,27
1,<environment.Job instance at 0x7fa77ecac190>,26,19,[3 5],27,31,50,4,27
1,<environment.Job instance at 0x7fa77ea24e10>,21,1,[5 1],22,31,32,9,27
1,<environment.Job instance at 0x7fa77eae5460>,28,2,[4 6],29,38,40,9,29
1,<environment.Job instance at 0x7fa77d47f7d0>,29,3,[10  2],30,40,43,10,30
1,<environment.Job instance at 0x7fa77d47f6e0>,30,12,[9 4],31,43,55,12,32
1,<environment.Job instance at 0x7fa77ed2e8c0>,31,1,[12  1],32,55,56,23,32
1,<environment.Job instance at 0x7fa77ea0c5f0>,32,1,[4 9],33,50,51,17,33
1,<environment.Job instance at 0x7fa77e357cd0>,33,3,[1 9],34,51,54,17,34
1,<environment.Job instance at 0x7fa77d9645f0>,34,3,[5 9],35,56,59,21,35
1,<environment.Job instance at 0x7fa77ecac460>,27,13,[13  3],28,59,72,31,46
1,<environment.Job instance at 0x7fa77ec38b40>,36,3,[14  4],37,72,75,35,46
1,<environment.Job instance at 0x7fa77ec382d0>,37,3,[7 1],38,56,59,18,46
1,<environment.Job instance at 0x7fa77d8476e0>,41,1,[2 6],42,46,47,4,46
1,<environment.Job instance at 0x7fa77ec11690>,0,17,[2 5],1,1,18,0,1
1,<environment.Job instance at 0x7fa77ec11fa0>,1,18,[5 2],2,2,20,0,2
1,<environment.Job instance at 0x7fa77ec11be0>,2,22,[8 3],3,3,25,0,3
1,<environment.Job instance at 0x7fa77d758a50>,7,2,[6 3],8,20,22,12,20
1,<environment.Job instance at 0x7fa77db9c780>,9,13,[5 1],10,22,35,12,22
1,<environment.Job instance at 0x7fa77da4c0f0>,13,1,[9 5],14,25,26,11,25
1,<environment.Job instance at 0x7fa77ec11d70>,4,13,[10  2],5,26,39,21,26
1,<environment.Job instance at 0x7fa77e7e6460>,19,3,[ 2 10],20,35,38,15,35
1,<environment.Job instance at 0x7fa77d3cea50>,21,1,[5 1],22,38,39,16,38
1,<environment.Job instance at 0x7fa77d3ce6e0>,22,2,[4 6],23,39,41,16,39
1,<environment.Job instance at 0x7fa77db9c8c0>,10,15,[7 5],11,39,54,28,39
1,<environment.Job instance at 0x7fa77ebe9d20>,24,3,[ 1 10],25,41,44,16,41
1,<environment.Job instance at 0x7fa77dd256e0>,28,2,[4 6],29,44,46,15,44
1,<environment.Job instance at 0x7fa77d7a7820>,25,15,[2 8],26,46,61,20,46
1,<environment.Job instance at 0x7fa77e705f50>,29,3,[10  2],30,54,57,24,54
1,<environment.Job instance at 0x7fa77d7a7fa0>,30,12,[9 4],31,57,69,26,57
1,<environment.Job instance at 0x7fa77d485a50>,32,1,[4 9],33,61,62,28,61
1,<environment.Job instance at 0x7fa77dda8f50>,34,3,[5 9],35,62,65,27,62
1,<environment.Job instance at 0x7fa77d485500>,33,3,[1 9],34,65,68,31,65
1,<environment.Job instance at 0x7fa77d485550>,38,13,[5 6],39,68,81,29,68
1,<environment.Job instance at 0x7fa77d485410>,37,3,[7 1],38,69,72,31,69
1,<environment.Job instance at 0x7fa78733cf50>,41,1,[2 6],42,69,70,27,69
1,<environment.Job instance at 0x7fa77db9cb40>,12,15,[3 8],13,70,85,57,70
1,<environment.Job instance at 0x7fa77da03140>,46,15,[8 3],47,81,96,34,81
1,<environment.Job instance at 0x7fa77da030f0>,47,3,[1 9],48,85,88,37,85
1,<environment.Job instance at 0x7fa77e4646e0>,40,16,[6 3],41,85,101,44,85
1,<environment.Job instance at 0x7fa77da03190>,48,3,[9 1],49,96,99,47,96
1,<environment.Job instance at 0x7fa77ebb18c0>,50,14,[ 5 10],51,99,113,48,99
1,<environment.Job instance at 0x7fa787378aa0>,54,15,[6 5],55,101,116,46,101
1,<environment.Job instance at 0x7fa77eaa5eb0>,56,2,[4 7],57,113,115,56,113
1,<environment.Job instance at 0x7fa78750d870>,6,16,[8 2],7,115,131,108,115
1,<environment.Job instance at 0x7fa77eab8730>,65,14,[5 7],66,116,130,50,116
1,<environment.Job instance at 0x7fa77ea161e0>,49,17,[6 4],50,130,147,80,130
1,<environment.Job instance at 0x7fa77e8f1f00>,66,15,[9 1],67,131,146,64,131
1,<environment.Job instance at 0x7fa77df68b40>,70,16,[2 6],71,146,162,75,146
1,<environment.Job instance at 0x7fa7876b8730>,14,18,[6 5],15,146,164,131,146
1,<environment.Job instance at 0x7fa77df42230>,72,17,[7 1],73,147,164,74,147
1,<environment.Job instance at 0x7fa77ddfa140>,0,2,[10  3],1,1,3,0,1
1,<environment.Job instance at 0x7fa77ddfa0f0>,1,14,[7 5],2,3,17,1,2
1,<environment.Job instance at 0x7fa77e27feb0>,2,14,[5 5],3,3,17,0,3
1,<environment.Job instance at 0x7fa77e27fe60>,5,20,[6 2],6,17,37,11,8
1,<environment.Job instance at 0x7fa77e5bc5f0>,8,2,[2 9],9,17,19,8,9
1,<environment.Job instance at 0x7fa77e5bc0f0>,10,1,[7 3],11,17,18,6,11
1,<environment.Job instance at 0x7fa77e5bca50>,12,1,[ 5 14],13,37,38,24,13
1,<environment.Job instance at 0x7fa77e5bcf50>,13,3,[5 1],14,18,21,4,14
1,<environment.Job instance at 0x7fa77e5bc910>,15,3,[ 4 10],16,19,22,3,16
1,<environment.Job instance at 0x7fa77e5bceb0>,16,13,[7 2],17,22,35,5,17
1,<environment.Job instance at 0x7fa77e5bc730>,17,3,[ 1 10],18,22,25,4,18
1,<environment.Job instance at 0x7fa77e5bc4b0>,20,13,[3 6],21,38,51,17,22
1,<environment.Job instance at 0x7fa77e5bccd0>,19,12,[10  2],20,38,50,18,23
1,<environment.Job instance at 0x7fa77d9fb2d0>,25,2,[ 1 11],26,26,28,0,26
1,<environment.Job instance at 0x7fa77d9fb410>,26,16,[7 1],27,50,66,23,37
1,<environment.Job instance at 0x7fa77d9fb870>,28,2,[8 5],29,51,53,22,37
1,<environment.Job instance at 0x7fa77d7580a0>,6,14,[ 2 12],7,53,67,46,40
1,<environment.Job instance at 0x7fa77d9fb0a0>,32,2,[12  3],33,66,68,33,41
1,<environment.Job instance at 0x7fa77d9fb780>,36,2,[9 4],37,68,70,31,46
1,<environment.Job instance at 0x7fa77d9fbc80>,35,3,[ 3 11],36,67,70,31,46
1,<environment.Job instance at 0x7fa78730ceb0>,47,1,[ 2 13],48,70,71,22,49
1,<environment.Job instance at 0x7fa78730cd70>,51,15,[2 5],52,71,86,19,57
1,<environment.Job instance at 0x7fa78730c870>,52,15,[5 8],53,71,86,18,57
1,<environment.Job instance at 0x7fa77e5bcc80>,21,17,[5 1],22,70,87,48,58
1,<environment.Job instance at 0x7fa78730c7d0>,54,15,[ 3 14],55,86,101,31,72
1,<environment.Job instance at 0x7fa77eca66e0>,58,12,[ 1 13],59,101,113,42,88
1,<environment.Job instance at 0x7fa77eca63c0>,59,15,[4 5],60,113,128,53,100
1,<environment.Job instance at 0x7fa78730c230>,57,15,[1 8],58,113,128,55,100
1,<environment.Job instance at 0x7fa77eca6820>,61,15,[10  1],62,101,116,39,101
1,<environment.Job instance at 0x7fa78730c370>,56,18,[1 6],57,128,146,71,117
1,<environment.Job instance at 0x7fa77eca6d70>,63,1,[5 1],64,117,118,53,117
1,<environment.Job instance at 0x7fa77eca6730>,64,15,[9 5],65,128,143,63,119
1,<environment.Job instance at 0x7fa77eca6fa0>,60,15,[13  5],61,143,158,82,130
1,<environment.Job instance at 0x7fa78730c2d0>,55,17,[13  4],56,158,175,102,146
1,<environment.Job instance at 0x7fa77d6c83c0>,0,2,[10  3],1,1,3,0,1
1,<environment.Job instance at 0x7fa77d6c8460>,1,14,[7 5],2,3,17,1,3
1,<environment.Job instance at 0x7fa77d6c8280>,2,14,[5 5],3,3,17,0,3
1,<environment.Job instance at 0x7fa77d7960f0>,10,1,[7 3],11,17,18,6,17
1,<environment.Job instance at 0x7fa77d796140>,8,2,[2 9],9,17,19,8,17
1,<environment.Job instance at 0x7fa77d796280>,13,3,[5 1],14,17,20,3,17
1,<environment.Job instance at 0x7fa77d7966e0>,16,13,[7 2],17,18,31,1,18
1,<environment.Job instance at 0x7fa77d6adc80>,17,3,[ 1 10],18,19,22,1,19
1,<environment.Job instance at 0x7fa77d796f00>,15,3,[ 4 10],16,22,25,6,22
1,<environment.Job instance at 0x7fa77e2fa780>,20,13,[3 6],21,25,38,4,25
1,<environment.Job instance at 0x7fa77d796d20>,14,14,[5 4],15,25,39,10,25
1,<environment.Job instance at 0x7fa77d6ea1e0>,9,15,[6 5],10,31,46,21,31
1,<environment.Job instance at 0x7fa77ec678c0>,27,15,[4 6],28,38,53,10,38
1,<environment.Job instance at 0x7fa77d6d42d0>,21,17,[5 1],22,39,56,17,39
1,<environment.Job instance at 0x7fa77ec67af0>,28,2,[8 5],29,53,55,24,53
1,<environment.Job instance at 0x7fa77e2fa410>,19,12,[10  2],20,55,67,35,55
1,<environment.Job instance at 0x7fa77d6bbdc0>,31,17,[5 5],32,56,73,24,56
1,<environment.Job instance at 0x7fa77ded55f0>,36,2,[9 4],37,67,69,30,67
1,<environment.Job instance at 0x7fa77e933fa0>,33,15,[10  3],34,69,84,35,69
1,<environment.Job instance at 0x7fa77ec0ebe0>,41,13,[2 6],42,73,86,31,73
1,<environment.Job instance at 0x7fa77ec0e640>,43,15,[5 3],44,84,99,40,84
1,<environment.Job instance at 0x7fa77ec67e10>,26,16,[7 1],27,84,100,57,84
1,<environment.Job instance at 0x7fa77ded5cd0>,38,16,[5 8],39,99,115,60,99
1,<environment.Job instance at 0x7fa77dedf550>,51,15,[2 5],52,99,114,47,99
1,<environment.Job instance at 0x7fa77e9335a0>,30,16,[8 1],31,100,116,69,100
1,<environment.Job instance at 0x7fa77e2eb500>,52,15,[5 8],53,115,130,62,115
1,<environment.Job instance at 0x7fa77e2ebaa0>,56,18,[1 6],57,115,133,58,115
1,<environment.Job instance at 0x7fa77ebfd3c0>,57,15,[1 8],58,130,145,72,130
1,<environment.Job instance at 0x7fa77ed0cbe0>,61,15,[10  1],62,130,145,68,130
1,<environment.Job instance at 0x7fa77ebd3730>,59,15,[4 5],60,133,148,73,133
1,<environment.Job instance at 0x7fa77ed0c2d0>,63,1,[5 1],64,145,146,81,145
1,<environment.Job instance at 0x7fa77ded5370>,37,16,[5 5],38,145,161,107,145
1,<environment.Job instance at 0x7fa77e94c0a0>,64,15,[9 5],65,148,163,83,148
1,<environment.Job instance at 0x7fa77e427500>,0,14,[2 5],1,1,15,0,1
1,<environment.Job instance at 0x7fa77e427190>,2,13,[5 5],3,3,16,0,3
1,<environment.Job instance at 0x7fa77e4278c0>,3,1,[4 5],4,4,5,0,4
1,<environment.Job instance at 0x7fa77de42d20>,5,13,[ 3 13],6,16,29,10,7
1,<environment.Job instance at 0x7fa77e3bafa0>,7,12,[9 2],8,15,27,7,10
1,<environment.Job instance at 0x7fa77e38db40>,13,3,[1 6],14,29,32,15,14
1,<environment.Job instance at 0x7fa77e38d780>,14,2,[10  4],15,29,31,14,15
1,<environment.Job instance at 0x7fa77dfde0a0>,16,1,[8 1],17,27,28,10,17
1,<environment.Job instance at 0x7fa77de22820>,19,3,[1 5],20,29,32,9,20
1,<environment.Job instance at 0x7fa77ddef6e0>,21,1,[ 2 14],22,32,33,10,22
1,<environment.Job instance at 0x7fa77ddefb90>,22,1,[ 3 13],23,33,34,10,23
1,<environment.Job instance at 0x7fa77d46ff00>,17,17,[6 1],18,31,48,13,26
1,<environment.Job instance at 0x7fa77e84d820>,26,14,[5 4],27,34,48,7,27
1,<environment.Job instance at 0x7fa77d65cc30>,29,3,[11  5],30,48,51,18,30
1,<environment.Job instance at 0x7fa77d65ce10>,34,16,[5 5],35,51,67,16,38
1,<environment.Job instance at 0x7fa77db4ea50>,35,27,[1 5],36,40,67,4,40
1,<environment.Job instance at 0x7fa77e800230>,23,12,[ 2 13],24,67,79,43,51
1,<environment.Job instance at 0x7fa77d65cf00>,41,1,[ 1 11],42,79,80,37,51
1,<environment.Job instance at 0x7fa7873115f0>,42,3,[ 4 10],43,80,83,37,54
1,<environment.Job instance at 0x7fa77d65cb40>,39,14,[4 8],40,83,97,43,68
1,<environment.Job instance at 0x7fa77d65c2d0>,36,15,[4 5],37,80,95,43,68
1,<environment.Job instance at 0x7fa787311d20>,48,12,[ 5 10],49,97,109,48,80
1,<environment.Job instance at 0x7fa787311dc0>,46,21,[4 5],47,95,116,48,93
1,<environment.Job instance at 0x7fa77d73bfa0>,50,12,[1 8],51,109,121,58,93
1,<environment.Job instance at 0x7fa77d73b820>,51,2,[13  3],52,116,118,64,93
1,<environment.Job instance at 0x7fa77ea310a0>,58,1,[7 1],59,109,110,50,98
1,<environment.Job instance at 0x7fa77ea31870>,59,1,[3 8],60,121,122,61,98
1,<environment.Job instance at 0x7fa7873114b0>,44,17,[3 7],45,118,135,73,106
1,<environment.Job instance at 0x7fa77ea316e0>,61,13,[10  5],62,122,135,60,118
1,<environment.Job instance at 0x7fa77d9fb9b0>,0,14,[2 5],1,1,15,0,1
1,<environment.Job instance at 0x7fa77e5bc640>,2,13,[5 5],3,3,16,0,3
1,<environment.Job instance at 0x7fa77da5de10>,3,1,[4 5],4,4,5,0,4
1,<environment.Job instance at 0x7fa77da4c8c0>,13,3,[1 6],14,15,18,1,15
1,<environment.Job instance at 0x7fa78750dc80>,7,12,[9 2],8,15,27,7,15
1,<environment.Job instance at 0x7fa77da4ca50>,14,2,[10  4],15,27,29,12,27
1,<environment.Job instance at 0x7fa77da4cc30>,16,1,[8 1],17,29,30,12,29
1,<environment.Job instance at 0x7fa77ebe9b40>,17,17,[6 1],18,29,46,11,29
1,<environment.Job instance at 0x7fa77da4cf00>,19,3,[1 5],20,30,33,10,30
1,<environment.Job instance at 0x7fa77e91cc30>,15,18,[7 1],16,30,48,14,30
1,<environment.Job instance at 0x7fa78733cf50>,26,14,[5 4],27,48,62,21,48
1,<environment.Job instance at 0x7fa77e5bcbe0>,4,16,[9 2],5,48,64,43,48
1,<environment.Job instance at 0x7fa77e2dac80>,34,16,[5 5],35,62,78,27,62
1,<environment.Job instance at 0x7fa77e117a00>,36,15,[4 5],37,64,79,27,64
1,<environment.Job instance at 0x7fa78782bb90>,28,16,[6 4],29,64,80,35,64
1,<environment.Job instance at 0x7fa77de22690>,42,3,[ 4 10],43,79,82,36,79
1,<environment.Job instance at 0x7fa77db9cb40>,11,17,[10  2],12,80,97,68,80
1,<environment.Job instance at 0x7fa77ec76500>,39,14,[4 8],40,82,96,42,82
1,<environment.Job instance at 0x7fa77db4efa0>,45,14,[4 9],46,96,110,50,96
1,<environment.Job instance at 0x7fa77db9c870>,8,17,[10  5],9,97,114,88,97
1,<environment.Job instance at 0x7fa7878ef230>,48,12,[ 5 10],49,110,122,61,110
1,<environment.Job instance at 0x7fa77d485d70>,20,18,[9 3],21,114,132,93,114
1,<environment.Job instance at 0x7fa7878ef320>,50,12,[1 8],51,122,134,71,122
1,<environment.Job instance at 0x7fa77d463460>,58,1,[7 1],59,132,133,73,132
1,<environment.Job instance at 0x7fa77ea31820>,53,14,[5 5],54,132,146,78,132
1,<environment.Job instance at 0x7fa77e7ea730>,59,1,[3 8],60,134,135,74,134
1,<environment.Job instance at 0x7fa77d4e5820>,63,3,[10  4],64,135,138,71,135
1,<environment.Job instance at 0x7fa77de424b0>,61,13,[10  5],62,138,151,76,138
1,<environment.Job instance at 0x7fa77d4e5d20>,69,3,[4 5],70,146,149,76,146
1,<environment.Job instance at 0x7fa77d4e50a0>,70,12,[2 7],71,149,161,78,149
1,<environment.Job instance at 0x7fa77e1c84b0>,56,14,[10  5],57,152,166,95,152
1,<environment.Job instance at 0x7fa77e46b500>,1,13,[8 2],2,2,15,0,2
1,<environment.Job instance at 0x7fa77da37b90>,3,3,[10  4],4,15,18,11,4
1,<environment.Job instance at 0x7fa77da37aa0>,4,16,[6 3],5,18,34,13,5
1,<environment.Job instance at 0x7fa77da37d20>,5,12,[3 8],6,6,18,0,6
1,<environment.Job instance at 0x7fa77da37dc0>,6,13,[5 5],7,18,31,11,7
1,<environment.Job instance at 0x7fa77da60730>,14,2,[2 6],15,18,20,3,15
1,<environment.Job instance at 0x7fa77da60410>,16,12,[7 4],17,31,43,14,17
1,<environment.Job instance at 0x7fa77da60f50>,19,1,[5 7],20,34,35,14,20
1,<environment.Job instance at 0x7fa77d9fb640>,18,12,[7 3],19,35,47,16,24
1,<environment.Job instance at 0x7fa77da60c80>,26,12,[5 2],27,43,55,16,27
1,<environment.Job instance at 0x7fa77da60280>,27,13,[7 2],28,47,60,19,31
1,<environment.Job instance at 0x7fa77da60c30>,28,15,[13  2],29,60,75,31,46
1,<environment.Job instance at 0x7fa77da608c0>,29,23,[ 1 10],30,46,69,16,46
1,<environment.Job instance at 0x7fa77da47230>,32,2,[ 1 10],33,69,71,36,46
1,<environment.Job instance at 0x7fa77da47910>,43,3,[6 2],44,75,78,31,60
1,<environment.Job instance at 0x7fa77da472d0>,33,21,[3 8],34,75,96,41,67
1,<environment.Job instance at 0x7fa77da479b0>,44,15,[10  3],45,78,93,33,68
1,<environment.Job instance at 0x7fa77da60e60>,23,13,[ 1 11],24,96,109,72,80
1,<environment.Job instance at 0x7fa77da47f00>,52,13,[8 5],53,109,122,56,93
1,<environment.Job instance at 0x7fa77da2db90>,55,3,[ 1 10],56,109,112,53,97
1,<environment.Job instance at 0x7fa77da2d550>,57,13,[3 6],58,112,125,54,103
1,<environment.Job instance at 0x7fa77da2d780>,58,14,[5 9],59,122,136,63,115
1,<environment.Job instance at 0x7fa77da2de60>,64,2,[9 2],65,125,127,60,119
1,<environment.Job instance at 0x7fa77da2db40>,65,18,[ 2 10],66,136,154,70,125
1,<environment.Job instance at 0x7fa77da2d410>,69,13,[5 1],70,127,140,57,125
1,<environment.Job instance at 0x7fa77da2d2d0>,72,1,[4 7],73,154,155,81,126
1,<environment.Job instance at 0x7fa77da2d280>,73,2,[ 5 10],74,155,157,81,128
1,<environment.Job instance at 0x7fa77da34190>,76,14,[5 3],77,128,142,51,128
1,<environment.Job instance at 0x7fa77da343c0>,79,12,[7 1],80,140,152,60,128
1,<environment.Job instance at 0x7fa77da34370>,80,3,[2 6],81,157,160,76,131
1,<environment.Job instance at 0x7fa77da34230>,77,2,[3 9],78,157,159,79,131
1,<environment.Job instance at 0x7fa77da34640>,83,12,[5 5],84,159,171,75,142
1,<environment.Job instance at 0x7fa77da34c30>,92,3,[ 3 14],93,171,174,78,149
1,<environment.Job instance at 0x7fa77ddee870>,1,13,[8 2],2,2,15,0,2
1,<environment.Job instance at 0x7fa77ddee320>,4,16,[6 3],5,5,21,0,5
1,<environment.Job instance at 0x7fa77e7552d0>,5,12,[3 8],6,15,27,9,15
1,<environment.Job instance at 0x7fa77ddeed20>,3,3,[10  4],4,21,24,17,21
1,<environment.Job instance at 0x7fa77e755a50>,14,2,[2 6],15,24,26,9,24
1,<environment.Job instance at 0x7fa77e755dc0>,16,12,[7 4],17,26,38,9,26
1,<environment.Job instance at 0x7fa77ddee0a0>,6,13,[5 5],7,27,40,20,27
1,<environment.Job instance at 0x7fa77e755fa0>,9,17,[1 6],10,27,44,17,27
1,<environment.Job instance at 0x7fa77e7553c0>,18,12,[7 3],19,38,50,19,38
1,<environment.Job instance at 0x7fa77e755b40>,19,1,[5 7],20,44,45,24,44
1,<environment.Job instance at 0x7fa77e755c80>,17,14,[5 7],18,45,59,27,45
1,<environment.Job instance at 0x7fa77de05050>,26,12,[5 2],27,50,62,23,50
1,<environment.Job instance at 0x7fa77de059b0>,27,13,[7 2],28,59,72,31,59
1,<environment.Job instance at 0x7fa77e755870>,12,15,[3 8],13,59,74,46,59
1,<environment.Job instance at 0x7fa77e7559b0>,8,14,[4 7],9,72,86,63,72
1,<environment.Job instance at 0x7fa77de05190>,36,15,[7 3],37,74,89,37,74
1,<environment.Job instance at 0x7fa77de05b90>,32,2,[ 1 10],33,86,88,53,86
1,<environment.Job instance at 0x7fa77de05730>,24,15,[4 7],25,88,103,63,88
1,<environment.Job instance at 0x7fa77dc3fdc0>,43,3,[6 2],44,89,92,45,89
1,<environment.Job instance at 0x7fa77dc3f190>,40,14,[10  4],41,92,106,51,92
1,<environment.Job instance at 0x7fa77de05e10>,38,17,[5 7],39,103,120,64,103
1,<environment.Job instance at 0x7fa77dc3f460>,44,15,[10  3],45,106,121,61,106
1,<environment.Job instance at 0x7fa77dc3f730>,47,18,[4 9],48,120,138,72,120
1,<environment.Job instance at 0x7fa77dc3f7d0>,52,13,[8 5],53,122,135,69,122
1,<environment.Job instance at 0x7fa77dc3f280>,54,13,[5 2],55,135,148,80,135
1,<environment.Job instance at 0x7fa77dc3f230>,55,3,[ 1 10],56,138,141,82,138
1,<environment.Job instance at 0x7fa77dc3f5f0>,50,19,[8 2],51,138,157,87,138
1,<environment.Job instance at 0x7fa77dc3f820>,57,13,[3 6],58,149,162,91,149
1,<environment.Job instance at 0x7fa77dc3f6e0>,58,14,[5 9],59,157,171,98,157
1,<environment.Job instance at 0x7f44ece366e0>,0,17,[6 1],1,1,18,0,1
1,<environment.Job instance at 0x7f44ece36730>,1,3,[ 2 10],2,2,5,0,2
1,<environment.Job instance at 0x7f44e37eccd0>,5,2,[1 6],6,6,8,0,6
1,<environment.Job instance at 0x7f44e37ecfa0>,9,12,[8 2],10,10,22,0,10
1,<environment.Job instance at 0x7f44e37f1230>,11,3,[4 9],12,18,21,6,12
1,<environment.Job instance at 0x7f44e37f1320>,15,3,[2 8],16,21,24,5,16
1,<environment.Job instance at 0x7f44e37eceb0>,14,21,[8 1],15,22,43,7,16
1,<environment.Job instance at 0x7f44e37f15a0>,17,12,[5 1],18,21,33,3,19
1,<environment.Job instance at 0x7f44e37f17d0>,20,3,[10  5],21,43,46,22,21
1,<environment.Job instance at 0x7f44e37f1780>,19,25,[5 9],20,33,58,13,29
1,<environment.Job instance at 0x7f44e37f15f0>,16,18,[7 3],17,46,64,29,35
1,<environment.Job instance at 0x7f44e37f1be0>,24,2,[4 6],25,58,60,33,35
1,<environment.Job instance at 0x7f44e37f1c80>,25,2,[5 7],26,60,62,34,35
1,<environment.Job instance at 0x7f44e37f1d20>,26,12,[8 5],27,62,74,35,45
1,<environment.Job instance at 0x7f44e37f1b40>,23,16,[12  2],24,74,90,50,62
1,<environment.Job instance at 0x7f44e37f1e60>,28,17,[ 1 13],29,74,91,45,70
1,<environment.Job instance at 0x7f44e37f1a50>,27,17,[4 6],28,91,108,63,84
1,<environment.Job instance at 0x7f44e37f1820>,21,18,[9 4],22,91,109,69,84
1,<environment.Job instance at 0x7f44e37f1f00>,31,1,[ 2 14],32,109,110,77,84
1,<environment.Job instance at 0x7f44e37f40a0>,32,21,[5 9],33,110,131,77,103
1,<environment.Job instance at 0x7f44e37f4280>,33,26,[3 6],34,110,136,76,110
1,<environment.Job instance at 0x7f44e37f1640>,22,12,[3 8],23,131,143,108,117
1,<environment.Job instance at 0x7f44e37f1e10>,29,24,[4 7],30,136,160,106,131
1,<environment.Job instance at 0x7f44e37f4640>,37,14,[5 8],38,143,157,105,131
1,<environment.Job instance at 0x7f44e37f4320>,35,16,[1 9],36,160,176,124,160
1,<environment.Job instance at 0x7f44e37f16e0>,18,26,[7 4],19,169,195,150,169
1,<environment.Job instance at 0x7f44e37f4af0>,0,17,[6 1],1,1,18,0,1
1,<environment.Job instance at 0x7f44e37f5730>,1,3,[ 2 10],2,2,5,0,2
1,<environment.Job instance at 0x7f44e3844780>,4,13,[3 6],5,5,18,0,5
1,<environment.Job instance at 0x7f44e37f8640>,3,22,[2 5],4,5,27,1,5
1,<environment.Job instance at 0x7f44e37fb500>,5,2,[1 6],6,18,20,12,18
1,<environment.Job instance at 0x7f44e38faaf0>,9,12,[8 2],10,18,30,8,18
1,<environment.Job instance at 0x7f44ece36780>,15,3,[2 8],16,20,23,4,20
1,<environment.Job instance at 0x7f44e37ecdc0>,17,12,[5 1],18,23,35,5,23
1,<environment.Job instance at 0x7f44e3891e60>,2,14,[ 2 10],3,27,41,24,27
1,<environment.Job instance at 0x7f44ece36870>,16,18,[7 3],17,30,48,13,30
1,<environment.Job instance at 0x7f44e39de8c0>,11,3,[4 9],12,41,44,29,41
1,<environment.Job instance at 0x7f44e38ae870>,24,2,[4 6],25,44,46,19,44
1,<environment.Job instance at 0x7f44e38ae190>,25,2,[5 7],26,46,48,20,46
1,<environment.Job instance at 0x7f44e38aeeb0>,20,3,[10  5],21,48,51,27,48
1,<environment.Job instance at 0x7f44e38ae9b0>,22,12,[3 8],23,48,60,25,48
1,<environment.Job instance at 0x7f44e38ae7d0>,26,12,[8 5],27,51,63,24,51
1,<environment.Job instance at 0x7f44e3994820>,34,14,[1 9],35,60,74,25,60
1,<environment.Job instance at 0x7f44e38ae230>,27,17,[4 6],28,63,80,35,63
1,<environment.Job instance at 0x7f44e39420a0>,37,14,[5 8],38,74,88,36,74
1,<environment.Job instance at 0x7f44e38fb460>,41,12,[8 3],42,80,92,38,80
1,<environment.Job instance at 0x7f44e3920550>,43,16,[1 8],44,88,104,44,88
1,<environment.Job instance at 0x7f44e38a9370>,44,12,[9 3],45,92,104,47,92
1,<environment.Job instance at 0x7f44e38a95a0>,46,14,[6 5],47,104,118,57,104
1,<environment.Job instance at 0x7f44e38a9af0>,49,13,[1 5],50,104,117,54,104
1,<environment.Job instance at 0x7f44e38a9f00>,51,13,[5 6],52,117,130,65,117
1,<environment.Job instance at 0x7f44e389b4b0>,55,15,[5 4],56,118,133,62,118
1,<environment.Job instance at 0x7f44e3908280>,56,2,[4 7],57,130,132,73,130
1,<environment.Job instance at 0x7f44e3994fa0>,35,16,[1 9],36,133,149,97,133
1,<environment.Job instance at 0x7f44e38fb780>,39,18,[9 4],40,133,151,93,133
1,<environment.Job instance at 0x7f44e3999410>,62,2,[5 9],63,149,151,86,149
1,<environment.Job instance at 0x7f44e38a25f0>,60,14,[ 2 10],61,152,166,91,152
1,<environment.Job instance at 0x7f44e37ec960>,21,18,[9 4],22,152,170,130,152
1,<environment.Job instance at 0x7f44e39995f0>,64,12,[5 6],65,166,178,101,166
1,<environment.Job instance at 0x7f44e380be60>,0,13,[5 7],1,1,14,0,1
1,<environment.Job instance at 0x7f44e2f40f50>,7,2,[5 7],8,8,10,0,8
1,<environment.Job instance at 0x7f44e2f40af0>,8,2,[12  2],9,14,16,5,9
1,<environment.Job instance at 0x7f44e2f40c30>,9,17,[3 5],10,10,27,0,10
1,<environment.Job instance at 0x7f44e2f40eb0>,12,21,[2 5],13,16,37,3,13
1,<environment.Job instance at 0x7f44e2f40370>,6,16,[8 4],7,16,32,9,14
1,<environment.Job instance at 0x7f44e37f1870>,4,17,[5 1],5,27,44,22,15
1,<environment.Job instance at 0x7f44e2f35050>,15,17,[9 1],16,37,54,21,25
1,<environment.Job instance at 0x7f44e2f350f0>,18,19,[5 3],19,44,63,25,35
1,<environment.Job instance at 0x7f44e2f356e0>,20,3,[9 5],21,54,57,33,35
1,<environment.Job instance at 0x7f44e2f35be0>,21,15,[ 2 14],22,63,78,41,49
1,<environment.Job instance at 0x7f44e2f3e2d0>,22,12,[1 9],23,78,90,55,61
1,<environment.Job instance at 0x7f44e2f353c0>,19,17,[9 5],20,78,95,58,67
1,<environment.Job instance at 0x7f44e2f35b40>,16,13,[9 5],17,95,108,78,83
1,<environment.Job instance at 0x7f44e2f3e410>,23,26,[3 9],24,90,116,66,88
1,<environment.Job instance at 0x7f44e2f3e7d0>,25,13,[7 3],26,108,121,82,96
1,<environment.Job instance at 0x7f44e30a3280>,26,18,[1 7],27,116,134,89,105
1,<environment.Job instance at 0x7f44e2f3ef50>,24,15,[13  1],25,121,136,96,113
1,<environment.Job instance at 0x7f44e2f3e910>,29,13,[7 2],30,136,149,106,120
1,<environment.Job instance at 0x7f44e30b0a50>,30,2,[11  3],31,149,151,118,122
1,<environment.Job instance at 0x7f44e30d4cd0>,31,17,[2 7],32,134,151,102,123
1,<environment.Job instance at 0x7f44e2f3eeb0>,32,16,[5 3],33,151,167,118,139
1,<environment.Job instance at 0x7f44e31130f0>,33,13,[7 1],34,151,164,117,139
1,<environment.Job instance at 0x7f44e30c4c80>,27,21,[2 7],28,151,172,123,143
1,<environment.Job instance at 0x7f44e3073280>,38,1,[14  4],39,172,173,133,144
1,<environment.Job instance at 0x7f44e3022640>,35,16,[5 6],36,173,189,137,161
1,<environment.Job instance at 0x7f44e3169af0>,40,13,[2 5],41,173,186,132,161
1,<environment.Job instance at 0x7f44e301f320>,41,1,[ 4 14],42,189,190,147,161
1,<environment.Job instance at 0x7f44e3804b90>,0,13,[5 7],1,1,14,0,1
1,<environment.Job instance at 0x7f44e3804550>,3,19,[3 8],4,4,23,0,4
1,<environment.Job instance at 0x7f44e3804280>,7,2,[5 7],8,14,16,6,14
1,<environment.Job instance at 0x7f44e38045a0>,6,16,[8 4],7,16,32,9,16
1,<environment.Job instance at 0x7f44e3804870>,4,17,[5 1],5,23,40,18,23
1,<environment.Job instance at 0x7f44e3804190>,12,21,[2 5],13,23,44,10,23
1,<environment.Job instance at 0x7f44e3804640>,9,17,[3 5],10,32,49,22,32
1,<environment.Job instance at 0x7f44e3015f00>,20,3,[9 5],21,40,43,19,40
1,<environment.Job instance at 0x7f44e2fe5c30>,16,13,[9 5],17,43,56,26,43
1,<environment.Job instance at 0x7f44e37fbf50>,22,12,[1 9],23,49,61,26,49
1,<environment.Job instance at 0x7f44e30df7d0>,25,13,[7 3],26,56,69,30,56
1,<environment.Job instance at 0x7f44e2ff8280>,29,13,[7 2],30,61,74,31,61
1,<environment.Job instance at 0x7f44e3016320>,26,18,[1 7],27,61,79,34,61
1,<environment.Job instance at 0x7f44e3019fa0>,33,13,[7 1],34,69,82,35,69
1,<environment.Job instance at 0x7f44e30195f0>,32,16,[5 3],33,74,90,41,74
1,<environment.Job instance at 0x7f44e2ff8730>,31,17,[2 7],32,79,96,47,79
1,<environment.Job instance at 0x7f44e3019730>,35,16,[5 6],36,90,106,54,90
1,<environment.Job instance at 0x7f44e2f9d9b0>,39,17,[3 6],40,96,113,56,96
1,<environment.Job instance at 0x7f44e2fad5f0>,40,13,[2 5],41,106,119,65,106
1,<environment.Job instance at 0x7f44e30aa550>,15,17,[9 1],16,106,123,90,106
1,<environment.Job instance at 0x7f44e30198c0>,36,15,[ 2 10],37,119,134,82,119
1,<environment.Job instance at 0x7f44e2fb40f0>,52,15,[8 5],53,124,139,71,124
1,<environment.Job instance at 0x7f44e2fbc500>,55,12,[4 8],56,134,146,78,134
1,<environment.Job instance at 0x7f44e2fb1320>,47,17,[8 5],48,140,157,92,140
1,<environment.Job instance at 0x7f44e30f3d70>,34,17,[ 5 10],35,147,164,112,147
1,<environment.Job instance at 0x7f44e30472d0>,19,17,[9 5],20,157,174,137,157
1,<environment.Job instance at 0x7f44e310c960>,61,14,[1 7],62,165,179,103,165
1,<environment.Job instance at 0x7f44ece8a2d0>,1,17,[7 1],2,2,19,0,2
1,<environment.Job instance at 0x7f44ecfab460>,3,2,[5 6],4,4,6,0,4
1,<environment.Job instance at 0x7f44ecfab780>,4,20,[2 5],5,5,25,0,5
1,<environment.Job instance at 0x7f44ecfab410>,7,1,[ 4 11],8,25,26,17,8
1,<environment.Job instance at 0x7f44ece5ed20>,8,14,[2 9],9,9,23,0,9
1,<environment.Job instance at 0x7f44ece5e410>,9,2,[4 5],10,23,25,13,10
1,<environment.Job instance at 0x7f44ece5ecd0>,10,1,[ 4 10],11,26,27,15,11
1,<environment.Job instance at 0x7f44ece5ef50>,12,16,[5 2],13,23,39,10,13
1,<environment.Job instance at 0x7f44ece5e3c0>,13,2,[6 3],14,26,28,12,14
1,<environment.Job instance at 0x7f44ece5ebe0>,16,12,[6 4],17,28,40,11,17
1,<environment.Job instance at 0x7f44ecf9fbe0>,15,14,[3 6],16,27,41,11,20
1,<environment.Job instance at 0x7f44ece5eb40>,19,3,[6 1],20,20,23,0,20
1,<environment.Job instance at 0x7f44ece5e4b0>,20,27,[ 3 11],21,41,68,20,39
1,<environment.Job instance at 0x7f44ece5e500>,23,3,[ 5 10],24,68,71,44,42
1,<environment.Job instance at 0x7f44e2e92550>,24,1,[9 5],25,68,69,43,42
1,<environment.Job instance at 0x7f44e2e92e60>,25,16,[5 2],26,42,58,16,42
1,<environment.Job instance at 0x7f44e2e922d0>,26,2,[5 3],27,58,60,31,42
1,<environment.Job instance at 0x7f44e2e92d20>,27,12,[3 8],28,71,83,43,54
1,<environment.Job instance at 0x7f44ece5e640>,18,26,[8 3],19,69,95,50,67
1,<environment.Job instance at 0x7f44e2e92690>,29,14,[2 8],30,83,97,53,68
1,<environment.Job instance at 0x7f44e2e925a0>,28,18,[ 5 14],29,97,115,68,86
1,<environment.Job instance at 0x7f44e2e92640>,31,1,[7 3],32,95,96,63,86
1,<environment.Job instance at 0x7f44e2e92230>,32,13,[5 5],33,115,128,82,99
1,<environment.Job instance at 0x7f44e2e92280>,33,20,[7 1],34,99,119,65,99
1,<environment.Job instance at 0x7f44e2e92f00>,34,25,[4 9],35,119,144,84,115
1,<environment.Job instance at 0x7f44e2e92460>,35,26,[6 1],36,119,145,83,116
1,<environment.Job instance at 0x7f44e2e923c0>,30,19,[ 2 11],31,144,163,113,134
1,<environment.Job instance at 0x7f44e2e92be0>,37,24,[4 8],38,163,187,125,161
1,<environment.Job instance at 0x7f44e329a320>,0,17,[5 9],1,1,18,0,1
1,<environment.Job instance at 0x7f44e342ccd0>,1,17,[7 1],2,2,19,0,2
1,<environment.Job instance at 0x7f44e329a7d0>,4,20,[2 5],5,5,25,0,5
1,<environment.Job instance at 0x7f44e3fb3e10>,3,2,[5 6],4,18,20,14,18
1,<environment.Job instance at 0x7f44e36519b0>,12,16,[5 2],13,19,35,6,19
1,<environment.Job instance at 0x7f44e323daf0>,13,2,[6 3],14,20,22,6,20
1,<environment.Job instance at 0x7f44e40b38c0>,9,2,[4 5],10,22,24,12,22
1,<environment.Job instance at 0x7f44e301abe0>,19,3,[6 1],20,24,27,4,24
1,<environment.Job instance at 0x7f44e3571460>,10,1,[ 4 10],11,25,26,14,25
1,<environment.Job instance at 0x7f44f2ed5dc0>,8,14,[2 9],9,26,40,17,26
1,<environment.Job instance at 0x7f44e3c98910>,16,12,[6 4],17,27,39,10,27
1,<environment.Job instance at 0x7f44e36783c0>,25,16,[5 2],26,35,51,9,35
1,<environment.Job instance at 0x7f44e42e0370>,26,2,[5 3],27,39,41,12,39
1,<environment.Job instance at 0x7f44e316b640>,23,3,[ 5 10],24,40,43,16,40
1,<environment.Job instance at 0x7f44e3bfceb0>,24,1,[9 5],25,43,44,18,43
1,<environment.Job instance at 0x7f44e3078500>,31,1,[7 3],32,44,45,12,44
1,<environment.Job instance at 0x7f44e3078910>,27,12,[3 8],28,44,56,16,44
1,<environment.Job instance at 0x7f44e3078c30>,32,13,[5 5],33,45,58,12,45
1,<environment.Job instance at 0x7f44e30730f0>,39,1,[10  5],40,56,57,16,56
1,<environment.Job instance at 0x7f44e3196b40>,44,2,[3 5],45,57,59,12,57
1,<environment.Job instance at 0x7f44e31968c0>,43,2,[9 3],44,58,60,14,58
1,<environment.Job instance at 0x7f44ecd65f00>,15,14,[3 6],16,58,72,42,58
1,<environment.Job instance at 0x7f44e30f9140>,47,13,[1 7],48,60,73,12,60
1,<environment.Job instance at 0x7f44e3c64280>,29,14,[2 8],30,72,86,42,72
1,<environment.Job instance at 0x7f44e3138fa0>,54,15,[10  4],55,73,88,18,73
1,<environment.Job instance at 0x7f44e3073460>,41,13,[ 5 10],42,86,99,44,86
1,<environment.Job instance at 0x7f44e316a690>,60,14,[4 5],61,88,102,27,88
1,<environment.Job instance at 0x7f44e316a780>,63,13,[5 6],64,99,112,35,99
1,<environment.Job instance at 0x7f44e316ac80>,64,2,[5 7],65,102,104,37,102
1,<environment.Job instance at 0x7f44e3029690>,72,13,[10  4],73,104,117,31,104
1,<environment.Job instance at 0x7f44e3060be0>,46,15,[1 9],47,112,127,65,112
1,<environment.Job instance at 0x7f44e30805f0>,57,16,[4 5],58,117,133,59,117
1,<environment.Job instance at 0x7f44e302d6e0>,82,1,[ 4 10],83,128,129,45,128
1,<environment.Job instance at 0x7f44e30f9190>,45,18,[10  4],46,130,148,84,130
1,<environment.Job instance at 0x7f44e3145af0>,76,18,[5 5],77,133,151,56,133
1,<environment.Job instance at 0x7f44e3047c80>,89,14,[6 4],90,148,162,58,148
1,<environment.Job instance at 0x7f44e30b0550>,88,17,[9 4],89,151,168,62,151
1,<environment.Job instance at 0x7f44e30b0e10>,92,15,[2 6],93,162,177,69,162
1,<environment.Job instance at 0x7f44e3106690>,93,17,[10  4],94,169,186,75,169
1,<environment.Job instance at 0x7f44e2df3e60>,1,13,[5 5],2,2,15,0,2
1,<environment.Job instance at 0x7f44e2df3550>,2,2,[3 8],3,3,5,0,3
1,<environment.Job instance at 0x7f44e2df3e10>,5,12,[1 9],6,6,18,0,6
1,<environment.Job instance at 0x7f44e2df3640>,9,2,[7 2],10,15,17,5,10
1,<environment.Job instance at 0x7f44e2df38c0>,10,3,[ 5 10],11,18,21,7,11
1,<environment.Job instance at 0x7f44e2df3230>,12,2,[ 5 13],13,21,23,8,13
1,<environment.Job instance at 0x7f44e2df3d70>,13,1,[13  2],14,17,18,3,14
1,<environment.Job instance at 0x7f44e2df3690>,16,12,[7 2],17,18,30,1,17
1,<environment.Job instance at 0x7f44e3527730>,4,14,[2 7],5,23,37,18,18
1,<environment.Job instance at 0x7f44e2e069b0>,20,13,[1 6],21,23,36,2,22
1,<environment.Job instance at 0x7f44e2e06fa0>,22,15,[1 6],23,36,51,13,26
1,<environment.Job instance at 0x7f44e2e06050>,24,16,[ 2 10],25,51,67,26,38
1,<environment.Job instance at 0x7f44e3fc6410>,1,13,[5 5],2,2,15,0,2
1,<environment.Job instance at 0x7f44e3fc68c0>,2,2,[3 8],3,3,5,0,3
1,<environment.Job instance at 0x7f44e3fc6190>,4,14,[2 7],5,5,19,0,5
1,<environment.Job instance at 0x7f44e3314320>,9,2,[7 2],10,10,12,0,10
1,<environment.Job instance at 0x7f44e3fc63c0>,3,17,[2 7],4,15,32,11,15
1,<environment.Job instance at 0x7f44e3fc9e10>,16,12,[7 2],17,19,31,2,19
1,<environment.Job instance at 0x7f44e350b870>,20,13,[1 6],21,21,34,0,21
1,<environment.Job instance at 0x7f44e3314370>,5,12,[1 9],6,32,44,26,32
1,<environment.Job instance at 0x7f44e3486d70>,23,13,[5 2],24,34,47,10,34
1,<environment.Job instance at 0x7f44e3314fa0>,10,3,[ 5 10],11,44,47,33,44
1,<environment.Job instance at 0x7f44e3fcdaf0>,25,3,[6 1],26,47,50,21,47
1,<environment.Job instance at 0x7f44e3fcd7d0>,26,12,[ 4 10],27,47,59,20,47
1,<environment.Job instance at 0x7f44e323e690>,30,14,[10  2],31,59,73,28,59
1,<environment.Job instance at 0x7f44e3486280>,22,15,[1 6],23,59,74,36,59
1,<environment.Job instance at 0x7f44e3314f00>,7,16,[5 9],8,73,89,65,73
1,<environment.Job instance at 0x7f44e323e460>,33,1,[ 4 10],34,89,90,55,89
1,<environment.Job instance at 0x7f44e316a230>,35,18,[8 2],36,89,107,53,89
1,<environment.Job instance at 0x7f44e316ad70>,37,15,[2 7],38,90,105,52,90
1,<environment.Job instance at 0x7f44e316a2d0>,38,16,[6 1],39,105,121,66,105
1,<environment.Job instance at 0x7f44e316a5f0>,34,16,[1 7],35,105,121,70,105
1,<environment.Job instance at 0x7f44e31964b0>,39,17,[2 6],40,107,124,67,107
1,<environment.Job instance at 0x7f44e3196050>,40,14,[10  3],41,121,135,80,121
1,<environment.Job instance at 0x7f44e42e0910>,43,12,[3 9],44,124,136,80,124
1,<environment.Job instance at 0x7f44e4343140>,46,14,[ 3 10],47,136,150,89,136
1,<environment.Job instance at 0x7f44e3bfceb0>,47,13,[4 5],48,136,149,88,136
1,<environment.Job instance at 0x7f44e3c25be0>,49,16,[1 5],50,149,165,99,149
1,<environment.Job instance at 0x7f44e323b460>,24,16,[ 2 10],25,150,166,125,150
1,<environment.Job instance at 0x7f44e4023230>,52,18,[10  5],53,165,183,112,165
1,<environment.Job instance at 0x7f44e316a500>,31,17,[4 9],32,166,183,134,166
1,<environment.Job instance at 0x7f44ecfa8370>,1,15,[4 7],2,2,17,0,2
1,<environment.Job instance at 0x7f44e3619410>,2,12,[1 7],3,3,15,0,3
1,<environment.Job instance at 0x7f44e360aa50>,7,3,[8 3],8,15,18,7,8
1,<environment.Job instance at 0x7f44e360a730>,8,1,[ 3 10],9,17,18,8,9
1,<environment.Job instance at 0x7f44e360a780>,9,3,[ 3 14],10,18,21,8,10
1,<environment.Job instance at 0x7f44e36176e0>,10,2,[3 6],11,21,23,10,11
1,<environment.Job instance at 0x7f44e3617b40>,11,13,[6 4],12,21,34,9,12
1,<environment.Job instance at 0x7f44e35db050>,16,3,[2 7],17,23,26,6,17
1,<environment.Job instance at 0x7f44e3605870>,18,1,[5 9],19,26,27,7,19
1,<environment.Job instance at 0x7f44e36055a0>,20,1,[ 2 11],21,27,28,6,21
1,<environment.Job instance at 0x7f44e3605d70>,22,1,[9 4],23,28,29,5,23
1,<environment.Job instance at 0x7f44e3605410>,23,2,[8 3],24,29,31,5,24
1,<environment.Job instance at 0x7f44e319f5a0>,26,2,[ 2 13],27,34,36,7,28
1,<environment.Job instance at 0x7f44e319fcd0>,30,2,[5 9],31,31,33,0,31
1,<environment.Job instance at 0x7f44e3617190>,14,15,[5 5],15,36,51,21,31
1,<environment.Job instance at 0x7f44e324e190>,29,21,[5 4],30,36,57,6,31
1,<environment.Job instance at 0x7f44e3248640>,31,3,[ 3 13],32,57,60,25,32
1,<environment.Job instance at 0x7f44e324e640>,28,12,[10  1],29,51,63,22,34
1,<environment.Job instance at 0x7f44e3609780>,34,12,[6 3],35,63,75,28,46
1,<environment.Job instance at 0x7f44e35db0f0>,27,15,[ 2 12],28,60,75,32,48
1,<environment.Job instance at 0x7f44e36099b0>,36,18,[ 1 12],37,75,93,38,65
1,<environment.Job instance at 0x7f44e367c820>,38,13,[8 1],39,75,88,36,65
1,<environment.Job instance at 0x7f44e3245a50>,39,12,[10  1],40,88,100,48,71
1,<environment.Job instance at 0x7f44e367b190>,44,3,[13  1],45,100,103,55,74
1,<environment.Job instance at 0x7f44e365b500>,49,3,[4 7],50,93,96,43,74
1,<environment.Job instance at 0x7f44e365b8c0>,50,12,[9 3],51,103,115,52,86
1,<environment.Job instance at 0x7f44e3670050>,60,3,[ 2 12],61,96,99,35,88
1,<environment.Job instance at 0x7f44e3670410>,61,21,[6 2],62,103,124,41,95
1,<environment.Job instance at 0x7f44e3663230>,70,1,[6 2],71,115,116,44,95
1,<environment.Job instance at 0x7f44e36630f0>,69,17,[7 4],70,116,133,46,104
1,<environment.Job instance at 0x7f44e3663500>,73,19,[6 2],74,125,144,51,125
1,<environment.Job instance at 0x7f44e36635a0>,74,14,[9 2],75,133,147,58,129
1,<environment.Job instance at 0x7f44e3663820>,75,14,[2 7],76,144,158,68,134
1,<environment.Job instance at 0x7f44e36636e0>,76,14,[5 7],77,147,161,70,140
1,<environment.Job instance at 0x7f44e3663870>,77,14,[10  1],78,160,174,82,160
1,<environment.Job instance at 0x7f44e3639500>,0,18,[6 4],1,1,19,0,1
1,<environment.Job instance at 0x7f44e3639230>,1,15,[4 7],2,2,17,0,2
1,<environment.Job instance at 0x7f44e3b1f820>,8,1,[ 3 10],9,17,18,8,17
1,<environment.Job instance at 0x7f44e38bbe60>,10,2,[3 6],11,18,20,7,18
1,<environment.Job instance at 0x7f44e38bb190>,11,13,[6 4],12,18,31,6,18
1,<environment.Job instance at 0x7f44e3639aa0>,7,3,[8 3],8,20,23,12,20
1,<environment.Job instance at 0x7f44e3639fa0>,2,12,[1 7],3,20,32,17,20
1,<environment.Job instance at 0x7f44e3457870>,3,17,[8 4],4,23,40,19,23
1,<environment.Job instance at 0x7f44e3844b40>,14,15,[5 5],15,32,47,17,32
1,<environment.Job instance at 0x7f44e3844640>,16,3,[2 7],17,40,43,23,40
1,<environment.Job instance at 0x7f44e38b0550>,18,1,[5 9],19,43,44,24,43
1,<environment.Job instance at 0x7f44e3639a00>,4,16,[1 7],5,44,60,39,44
1,<environment.Job instance at 0x7f44e3bb0e60>,22,1,[9 4],23,47,48,24,47
1,<environment.Job instance at 0x7f44e3206320>,23,2,[8 3],24,48,50,24,48
1,<environment.Job instance at 0x7f44e38bfdc0>,19,18,[6 4],20,48,66,28,48
1,<environment.Job instance at 0x7f44e3844320>,17,16,[8 4],18,50,66,32,50
1,<environment.Job instance at 0x7f44e3858af0>,30,2,[5 9],31,66,68,35,66
1,<environment.Job instance at 0x7f44e3858050>,28,12,[10  1],29,66,78,37,66
1,<environment.Job instance at 0x7f44e3844820>,13,16,[ 4 10],14,68,84,54,68
1,<environment.Job instance at 0x7f44e37ddc80>,39,12,[10  1],40,78,90,38,78
1,<environment.Job instance at 0x7f44e38441e0>,15,18,[ 1 10],16,84,102,68,84
1,<environment.Job instance at 0x7f44e38a8af0>,34,12,[6 3],35,90,102,55,90
1,<environment.Job instance at 0x7f44e37dd690>,38,13,[8 1],39,90,103,51,90
1,<environment.Job instance at 0x7f44e3fcff50>,49,3,[4 7],50,102,105,52,102
1,<environment.Job instance at 0x7f44e38a77d0>,43,3,[1 6],44,102,105,58,102
1,<environment.Job instance at 0x7f44e395eaf0>,45,14,[9 2],46,103,117,57,103
1,<environment.Job instance at 0x7f44e3fcf870>,51,12,[1 5],52,105,117,53,105
1,<environment.Job instance at 0x7f44e3d116e0>,52,14,[5 2],53,105,119,52,105
1,<environment.Job instance at 0x7f44e3b21b40>,50,12,[9 3],51,117,129,66,117
1,<environment.Job instance at 0x7f44e3ae8a00>,53,12,[6 4],54,119,131,65,119
1,<environment.Job instance at 0x7f44e35f4140>,58,15,[5 5],59,129,144,70,129
1,<environment.Job instance at 0x7f44e3ae81e0>,54,17,[2 6],55,129,146,74,129
1,<environment.Job instance at 0x7f44e3bcd050>,55,17,[5 4],56,132,149,76,132
1,<environment.Job instance at 0x7f44e35f4820>,59,17,[8 2],60,144,161,84,144
1,<environment.Job instance at 0x7f44e38e22d0>,65,18,[1 9],66,146,164,80,146
1,<environment.Job instance at 0x7f44e37dd6e0>,40,17,[6 3],41,149,166,108,149
1,<environment.Job instance at 0x7f44e3838af0>,61,21,[6 2],62,161,182,99,161
1,<environment.Job instance at 0x7f44e3653820>,70,1,[6 2],71,167,168,96,167
1,<environment.Job instance at 0x7f44e3e99190>,72,17,[ 1 10],73,167,184,94,167
1,<environment.Job instance at 0x7f44ecfafb40>,73,19,[6 2],74,168,187,94,168
1,<environment.Job instance at 0x7f44e3222730>,2,17,[6 3],3,3,20,0,3
1,<environment.Job instance at 0x7f44e3222320>,4,3,[ 4 10],5,5,8,0,5
1,<environment.Job instance at 0x7f44e3222d20>,6,16,[6 3],7,8,24,1,7
1,<environment.Job instance at 0x7f44e3222050>,7,14,[5 5],8,20,34,12,8
1,<environment.Job instance at 0x7f44e3222960>,8,2,[ 4 12],9,34,36,25,9
1,<environment.Job instance at 0x7f44e323af50>,10,3,[10  2],11,24,27,13,11
1,<environment.Job instance at 0x7f44e32220f0>,12,2,[13  1],13,36,38,23,13
1,<environment.Job instance at 0x7f44e323a730>,18,3,[11  4],19,38,41,19,20
1,<environment.Job instance at 0x7f44e323a140>,16,14,[5 1],17,41,55,24,26
1,<environment.Job instance at 0x7f44e323a230>,22,16,[5 1],23,41,57,18,28
1,<environment.Job instance at 0x7f44e323adc0>,24,19,[ 3 11],25,38,57,13,35
1,<environment.Job instance at 0x7f44e323ab90>,19,13,[9 2],20,57,70,37,41
1,<environment.Job instance at 0x7f44e323a500>,26,13,[8 5],27,70,83,43,54
1,<environment.Job instance at 0x7f44e321dbe0>,28,2,[2 6],29,57,59,28,54
1,<environment.Job instance at 0x7f44e321d4b0>,29,13,[ 3 10],30,59,72,29,54
1,<environment.Job instance at 0x7f44e321d8c0>,32,13,[4 7],33,72,85,39,56
1,<environment.Job instance at 0x7f44e321d9b0>,35,2,[8 2],36,83,85,47,57
1,<environment.Job instance at 0x7f44e321db40>,38,21,[1 5],39,83,104,44,76
1,<environment.Job instance at 0x7f44e321d190>,34,12,[6 2],35,85,97,50,76
1,<environment.Job instance at 0x7f44e321da00>,37,24,[5 2],38,85,109,47,83
1,<environment.Job instance at 0x7f44e321d910>,42,12,[2 5],43,85,97,42,84
1,<environment.Job instance at 0x7f44e323ae60>,20,22,[3 6],21,97,119,76,91
1,<environment.Job instance at 0x7f44e3248820>,44,12,[9 1],45,109,121,64,92
1,<environment.Job instance at 0x7f44e3248140>,45,2,[6 2],46,97,99,51,92
1,<environment.Job instance at 0x7f44e3248b90>,46,13,[ 1 10],47,119,132,72,103
1,<environment.Job instance at 0x7f44e321de60>,41,19,[9 3],42,122,141,80,122
1,<environment.Job instance at 0x7f44e32487d0>,47,16,[ 2 10],48,132,148,84,128
1,<environment.Job instance at 0x7f44e321d0a0>,31,17,[1 8],32,148,165,116,136
1,<environment.Job instance at 0x7f44e321d5a0>,40,25,[2 9],41,165,190,124,161
1,<environment.Job instance at 0x7f44e3c4faa0>,0,20,[5 3],1,1,21,0,1
1,<environment.Job instance at 0x7f44e3c4fbe0>,2,17,[6 3],3,3,20,0,3
1,<environment.Job instance at 0x7f44e36632d0>,4,3,[ 4 10],5,20,23,15,20
1,<environment.Job instance at 0x7f44e2da11e0>,10,3,[10  2],11,21,24,10,21
1,<environment.Job instance at 0x7f44e3c556e0>,7,14,[5 5],8,23,37,15,23
1,<environment.Job instance at 0x7f44e319fbe0>,11,12,[10  2],12,24,36,12,24
1,<environment.Job instance at 0x7f44e3ad7370>,19,13,[9 2],20,36,49,16,36
1,<environment.Job instance at 0x7f44e3b1c320>,16,14,[5 1],17,37,51,20,37
1,<environment.Job instance at 0x7f44e4142280>,26,13,[8 5],27,49,62,22,49
1,<environment.Job instance at 0x7f44e365b5a0>,6,16,[6 3],7,51,67,44,51
1,<environment.Job instance at 0x7f44e3cb63c0>,28,2,[2 6],29,62,64,33,62
1,<environment.Job instance at 0x7f44e323a6e0>,22,16,[5 1],23,62,78,39,62
1,<environment.Job instance at 0x7f44e3cb60f0>,29,13,[ 3 10],30,64,77,34,64
1,<environment.Job instance at 0x7f44e3225410>,30,16,[6 3],31,67,83,36,67
1,<environment.Job instance at 0x7f44e3248870>,32,13,[4 7],33,77,90,44,77
1,<environment.Job instance at 0x7f44e4353870>,35,2,[8 2],36,83,85,47,83
1,<environment.Job instance at 0x7f44e43531e0>,34,12,[6 2],35,85,97,50,85
1,<environment.Job instance at 0x7f44e3065dc0>,42,12,[2 5],43,91,103,48,91
1,<environment.Job instance at 0x7f44e3248320>,31,17,[1 8],32,92,109,60,92
1,<environment.Job instance at 0x7f44e3222b90>,44,12,[9 1],45,97,109,52,97
1,<environment.Job instance at 0x7f44e32220a0>,45,2,[6 2],46,109,111,63,109
1,<environment.Job instance at 0x7f44e3222690>,46,13,[ 1 10],47,109,122,62,109
1,<environment.Job instance at 0x7f44e3c555f0>,3,14,[10  1],4,111,125,107,111
1,<environment.Job instance at 0x7f44e3506fa0>,50,14,[4 8],51,122,136,71,122
1,<environment.Job instance at 0x7f44e31f7370>,21,15,[10  3],22,125,140,103,125
1,<environment.Job instance at 0x7f44e3506b40>,54,13,[4 5],55,137,150,82,137
1,<environment.Job instance at 0x7f44e3506d20>,56,2,[3 9],57,140,142,83,140
1,<environment.Job instance at 0x7f44e3c282d0>,57,14,[10  4],58,142,156,84,142
1,<environment.Job instance at 0x7f44e3222370>,47,16,[ 2 10],48,150,166,102,150
1,<environment.Job instance at 0x7f44e317c280>,60,2,[7 1],61,157,159,96,157
1,<environment.Job instance at 0x7f44e3bfd7d0>,41,19,[9 3],42,159,178,117,159
1,<environment.Job instance at 0x7f44e317cd20>,61,3,[2 6],62,166,169,104,166
1,<environment.Job instance at 0x7f44e3253370>,64,1,[6 5],65,169,170,104,169
1,<environment.Job instance at 0x7f44ec9fc230>,0,15,[2 7],1,1,16,0,1
1,<environment.Job instance at 0x7f44ec9fc1e0>,1,18,[6 1],2,2,20,0,2
1,<environment.Job instance at 0x7f44e322ac80>,3,2,[ 4 12],4,16,18,12,4
1,<environment.Job instance at 0x7f44e322a1e0>,4,14,[5 1],5,5,19,0,5
1,<environment.Job instance at 0x7f44e32235a0>,5,14,[2 8],6,18,32,12,6
1,<environment.Job instance at 0x7f44e3223910>,6,1,[ 5 12],7,32,33,25,7
1,<environment.Job instance at 0x7f44e3247960>,16,3,[12  5],17,20,23,3,17
1,<environment.Job instance at 0x7f44e32478c0>,17,14,[4 6],18,33,47,15,18
1,<environment.Job instance at 0x7f44e32505a0>,21,2,[ 5 12],22,47,49,25,22
1,<environment.Job instance at 0x7f44e3250f00>,22,3,[3 6],23,23,26,0,23
1,<environment.Job instance at 0x7f44e321ca00>,24,19,[6 3],25,26,45,1,25
1,<environment.Job instance at 0x7f44e3cacc30>,25,1,[3 6],26,33,34,7,26
1,<environment.Job instance at 0x7f44e33e6c80>,28,18,[6 4],29,49,67,20,42
1,<environment.Job instance at 0x7f44e33292d0>,10,18,[5 4],11,56,74,45,56
1,<environment.Job instance at 0x7f44e3c8c5a0>,32,12,[3 8],33,81,93,48,81
1,<environment.Job instance at 0x7f44e3c8c460>,31,14,[5 7],32,94,108,62,94
1,<environment.Job instance at 0x7f44e30bc960>,34,25,[4 7],35,94,119,59,94
1,<environment.Job instance at 0x7f44e31dccd0>,33,16,[ 1 13],34,119,135,85,106
1,<environment.Job instance at 0x7f44e43e96e0>,35,18,[2 9],36,135,153,99,135
1,<environment.Job instance at 0x7f44e30a40a0>,38,27,[5 3],39,143,170,104,143
1,<environment.Job instance at 0x7f44e341f5f0>,0,15,[2 7],1,1,16,0,1
1,<environment.Job instance at 0x7f44e341f280>,1,18,[6 1],2,2,20,0,2
1,<environment.Job instance at 0x7f44e341f500>,4,14,[5 1],5,5,19,0,5
1,<environment.Job instance at 0x7f44e341f960>,5,14,[2 8],6,16,30,10,16
1,<environment.Job instance at 0x7f44e3257b40>,17,14,[4 6],18,19,33,1,19
1,<environment.Job instance at 0x7f44e341f640>,9,13,[8 5],10,30,43,20,30
1,<environment.Job instance at 0x7f44e3257cd0>,20,14,[5 9],21,33,47,12,33
1,<environment.Job instance at 0x7f44e3257f00>,22,3,[3 6],23,43,46,20,43
1,<environment.Job instance at 0x7f44e431b320>,25,1,[3 6],26,46,47,20,46
1,<environment.Job instance at 0x7f44e3257af0>,13,15,[4 7],14,47,62,33,47
1,<environment.Job instance at 0x7f44e32570a0>,19,15,[5 5],20,47,62,27,47
1,<environment.Job instance at 0x7f44e30f3960>,31,14,[5 7],32,62,76,30,62
1,<environment.Job instance at 0x7f44e3457730>,32,12,[3 8],33,62,74,29,62
1,<environment.Job instance at 0x7f44e341fbe0>,2,17,[8 4],3,74,91,71,74
1,<environment.Job instance at 0x7f44e3253500>,39,3,[3 5],40,76,79,36,76
1,<environment.Job instance at 0x7f44e3044960>,35,18,[2 9],36,79,97,43,79
1,<environment.Job instance at 0x7f44e32539b0>,40,2,[8 3],41,91,93,50,91
1,<environment.Job instance at 0x7f44e3253370>,41,13,[7 1],42,93,106,51,93
1,<environment.Job instance at 0x7f44e3510c30>,28,18,[6 4],29,93,111,64,93
1,<environment.Job instance at 0x7f44e2d86190>,43,13,[2 9],44,97,110,53,97
1,<environment.Job instance at 0x7f44e3060280>,45,13,[1 6],46,110,123,64,110
1,<environment.Job instance at 0x7f44e4353870>,51,15,[7 1],52,110,125,58,110
1,<environment.Job instance at 0x7f44e30607d0>,47,14,[4 6],48,111,125,63,111
1,<environment.Job instance at 0x7f44e3cb60f0>,49,18,[2 8],50,123,141,73,123
1,<environment.Job instance at 0x7f44e31f7320>,57,15,[3 6],58,125,140,67,125
1,<environment.Job instance at 0x7f44e4142190>,55,17,[7 1],56,125,142,69,125
1,<environment.Job instance at 0x7f44e3257690>,10,18,[5 4],11,140,158,129,140
1,<environment.Job instance at 0x7f44e3605910>,64,12,[10  3],65,142,154,77,142
1,<environment.Job instance at 0x7f44e3c555f0>,68,2,[5 9],69,154,156,85,154
1,<environment.Job instance at 0x7f44e3c526e0>,69,13,[5 5],70,156,169,86,156
1,<environment.Job instance at 0x7f44e34e0b40>,72,2,[4 9],73,158,160,85,158
1,<environment.Job instance at 0x7f44e3663690>,67,13,[9 3],68,160,173,92,160
1,<environment.Job instance at 0x7f44e34e0730>,76,1,[2 5],77,169,170,92,169
1,<environment.Job instance at 0x7f44e3b7cbe0>,0,1,[1 9],1,1,2,0,1
1,<environment.Job instance at 0x7f44e3b7cfa0>,4,1,[ 2 14],5,6,7,1,6
1,<environment.Job instance at 0x7f44e3b7c5f0>,5,2,[5 5],6,7,9,1,6
1,<environment.Job instance at 0x7f44e3b7c730>,6,3,[4 7],7,7,10,0,7
1,<environment.Job instance at 0x7f44e3b7c690>,8,1,[ 5 11],9,10,11,1,9
1,<environment.Job instance at 0x7f44e3b7cd20>,9,3,[13  4],10,11,14,1,11
1,<environment.Job instance at 0x7f44e3191c80>,12,1,[12  5],13,14,15,1,13
1,<environment.Job instance at 0x7f44e31919b0>,13,1,[9 4],14,15,16,1,14
1,<environment.Job instance at 0x7f44e3191e60>,14,22,[2 9],15,17,39,2,17
1,<environment.Job instance at 0x7f44e3b7c370>,15,14,[8 2],16,23,37,7,23
1,<environment.Job instance at 0x7f44e31915f0>,17,12,[ 4 14],18,39,51,21,23
1,<environment.Job instance at 0x7f44e3191eb0>,20,13,[4 6],21,51,64,30,35
1,<environment.Job instance at 0x7f44e3b7c500>,10,15,[ 3 14],11,64,79,53,54
1,<environment.Job instance at 0x7f44e3191050>,23,3,[1 6],24,79,82,55,69
1,<environment.Job instance at 0x7f44e3b7c7d0>,3,21,[ 1 11],4,82,103,78,74
1,<environment.Job instance at 0x7f44e3191d70>,25,15,[5 9],26,103,118,77,89
1,<environment.Job instance at 0x7f44e31916e0>,26,2,[3 9],27,118,120,91,91
1,<environment.Job instance at 0x7f44e30295f0>,37,2,[1 5],38,103,105,65,94
1,<environment.Job instance at 0x7f44e3191690>,29,1,[ 3 13],30,120,121,90,97
1,<environment.Job instance at 0x7f44e30299b0>,42,12,[4 7],43,121,133,78,104
1,<environment.Job instance at 0x7f44e3029910>,43,15,[6 4],44,121,136,77,119
1,<environment.Job instance at 0x7f44e30298c0>,45,15,[ 5 10],46,133,148,87,119
1,<environment.Job instance at 0x7f44e3029460>,48,3,[5 9],49,148,151,99,125
1,<environment.Job instance at 0x7f44e3029500>,54,3,[1 9],55,151,154,96,133
1,<environment.Job instance at 0x7f44e40dc870>,57,3,[13  5],58,151,154,93,141
1,<environment.Job instance at 0x7f44e40dcf50>,60,1,[9 3],61,142,143,81,142
1,<environment.Job instance at 0x7f44e40dc6e0>,61,3,[1 6],62,148,151,86,142
1,<environment.Job instance at 0x7f44e40dc9b0>,62,20,[3 6],63,154,174,91,145
1,<environment.Job instance at 0x7f44e40dc7d0>,68,16,[7 4],69,154,170,85,145
1,<environment.Job instance at 0x7f44e40dcb40>,67,1,[8 4],68,147,148,79,147
1,<environment.Job instance at 0x7f44e40dc550>,69,23,[6 1],70,170,193,100,164
1,<environment.Job instance at 0x7f44e40dc960>,73,3,[11  2],74,193,196,119,167
1,<environment.Job instance at 0x7f44e40b3e60>,77,1,[6 4],78,170,171,92,169
1,<environment.Job instance at 0x7f44e317cd20>,0,1,[1 9],1,1,2,0,1
1,<environment.Job instance at 0x7f44e34707d0>,5,2,[5 5],6,6,8,0,6
1,<environment.Job instance at 0x7f44ec9c5320>,6,3,[4 7],7,7,10,0,7
1,<environment.Job instance at 0x7f44e3065dc0>,13,1,[9 4],14,14,15,0,14
1,<environment.Job instance at 0x7f44e343ff50>,14,22,[2 9],15,15,37,0,15
1,<environment.Job instance at 0x7f44e40e0e60>,15,14,[8 2],16,16,30,0,16
1,<environment.Job instance at 0x7f44e34e0050>,23,3,[1 6],24,30,33,6,30
1,<environment.Job instance at 0x7f44e34e0af0>,20,13,[4 6],21,33,46,12,33
1,<environment.Job instance at 0x7f44e30607d0>,26,2,[3 9],27,37,39,10,37
1,<environment.Job instance at 0x7f44e40dcd70>,32,14,[6 1],33,39,53,6,39
1,<environment.Job instance at 0x7f44e30f3960>,28,16,[3 5],29,39,55,10,39
1,<environment.Job instance at 0x7f44e43531e0>,37,2,[1 5],38,46,48,8,46
1,<environment.Job instance at 0x7f44e356a910>,25,15,[5 9],26,48,63,22,48
1,<environment.Job instance at 0x7f44e3949320>,43,15,[6 4],44,55,70,11,55
1,<environment.Job instance at 0x7f44e414e3c0>,42,12,[4 7],43,63,75,20,63
1,<environment.Job instance at 0x7f44e4353230>,39,17,[10  3],40,70,87,30,70
1,<environment.Job instance at 0x7f44e3acb410>,45,15,[ 5 10],46,75,90,29,75
1,<environment.Job instance at 0x7f44e356ad20>,24,17,[10  4],25,87,104,62,87
1,<environment.Job instance at 0x7f44e42acf50>,48,3,[5 9],49,90,93,41,90
1,<environment.Job instance at 0x7f44e39e70a0>,47,17,[ 2 10],48,93,110,45,93
1,<environment.Job instance at 0x7f44e353d460>,51,16,[10  3],52,104,120,52,104
1,<environment.Job instance at 0x7f44e353dd70>,54,3,[1 9],55,110,113,55,110
1,<environment.Job instance at 0x7f44e34231e0>,44,17,[3 8],45,113,130,68,113
1,<environment.Job instance at 0x7f44e353d5f0>,55,15,[6 5],56,120,135,64,120
1,<environment.Job instance at 0x7f44e3b7c140>,59,2,[5 5],60,130,132,70,130
1,<environment.Job instance at 0x7f44e34e0e10>,18,18,[4 5],19,130,148,111,130
1,<environment.Job instance at 0x7f44e3b7c190>,60,1,[9 3],61,135,136,74,135
1,<environment.Job instance at 0x7f44e3b7ce10>,61,3,[1 6],62,135,138,73,135
1,<environment.Job instance at 0x7f44e353d280>,56,17,[10  1],57,136,153,79,136
1,<environment.Job instance at 0x7f44e3044cd0>,63,18,[ 3 10],64,148,166,84,148
1,<environment.Job instance at 0x7f44e3044d70>,67,1,[8 4],68,153,154,85,153
1,<environment.Job instance at 0x7f44e4141a00>,68,16,[7 4],69,154,170,85,154
1,<environment.Job instance at 0x7f44e4204320>,77,1,[6 4],78,166,167,88,166
1,<environment.Job instance at 0x7f44e4204f00>,78,1,[7 3],79,167,168,88,167
1,<environment.Job instance at 0x7f44e3fa1870>,71,2,[5 9],72,168,170,96,168
1,<environment.Job instance at 0x7f44e34d8b90>,1,12,[1 9],2,2,14,0,2
1,<environment.Job instance at 0x7f44e34d8f50>,2,13,[8 3],3,3,16,0,3
1,<environment.Job instance at 0x7f44e34d8050>,5,3,[ 5 14],6,16,19,10,6
1,<environment.Job instance at 0x7f44e2cd6b40>,17,19,[5 5],18,19,38,1,18
1,<environment.Job instance at 0x7f44e2cd62d0>,18,3,[ 5 14],19,38,41,19,19
1,<environment.Job instance at 0x7f44e34d8140>,9,12,[5 9],10,23,35,13,23
1,<environment.Job instance at 0x7f44e2cd65f0>,23,1,[7 4],24,35,36,11,24
1,<environment.Job instance at 0x7f44e2cd67d0>,22,20,[5 5],23,41,61,18,34
1,<environment.Job instance at 0x7f44ecd65f00>,1,12,[1 9],2,2,14,0,2
1,<environment.Job instance at 0x7f44e3ab0f50>,2,13,[8 3],3,3,16,0,3
1,<environment.Job instance at 0x7f44e3544e60>,3,12,[ 3 10],4,14,26,10,14
1,<environment.Job instance at 0x7f44e35380a0>,4,15,[8 2],5,16,31,11,16
1,<environment.Job instance at 0x7f44e2f42be0>,9,12,[5 9],10,27,39,17,27
1,<environment.Job instance at 0x7f44e2f453c0>,23,1,[7 4],24,31,32,7,31
1,<environment.Job instance at 0x7f44e2f2ce10>,27,16,[10  3],28,32,48,4,32
1,<environment.Job instance at 0x7f44e2f42730>,10,16,[1 8],11,39,55,28,39
1,<environment.Job instance at 0x7f44e2f2cc80>,28,14,[7 3],29,48,62,19,48
1,<environment.Job instance at 0x7f44e3c4a0a0>,33,1,[8 4],34,56,57,22,56
1,<environment.Job instance at 0x7f44e3c65500>,38,16,[ 3 10],39,57,73,18,57
1,<environment.Job instance at 0x7f44e3c65fa0>,39,14,[10  5],40,62,76,22,62
1,<environment.Job instance at 0x7f44e3c65550>,40,2,[1 8],41,73,75,32,73
1,<environment.Job instance at 0x7f44ec98e5a0>,7,18,[1 6],8,75,93,67,75
1,<environment.Job instance at 0x7f44e3c72640>,44,14,[8 2],45,77,91,32,77
1,<environment.Job instance at 0x7f44e3c34780>,35,20,[3 6],36,77,97,41,77
1,<environment.Job instance at 0x7f44e3eee3c0>,47,13,[5 2],48,91,104,43,91
1,<environment.Job instance at 0x7f44e2de7f00>,22,20,[5 5],23,93,113,70,93
1,<environment.Job instance at 0x7f44e3c6f0f0>,49,18,[5 3],50,97,115,47,97
1,<environment.Job instance at 0x7f44e3c529b0>,50,20,[5 4],51,105,125,54,105
1,<environment.Job instance at 0x7f44e3c69b40>,55,2,[7 2],56,115,117,59,115
1,<environment.Job instance at 0x7f44e3552370>,56,1,[5 7],57,117,118,60,117
1,<environment.Job instance at 0x7f44e3c6fc80>,48,12,[9 4],49,119,131,70,119
1,<environment.Job instance at 0x7f44e4397b90>,63,17,[ 4 10],64,125,142,61,125
1,<environment.Job instance at 0x7f44e3c6fb40>,46,17,[10  3],47,131,148,84,131
1,<environment.Job instance at 0x7f44e2f58140>,64,12,[1 8],65,142,154,77,142
1,<environment.Job instance at 0x7f44e2f587d0>,65,13,[7 3],66,148,161,82,148
1,<environment.Job instance at 0x7f44e2f582d0>,68,15,[7 3],69,148,163,79,148
1,<environment.Job instance at 0x7f44e2f588c0>,67,18,[1 8],68,154,172,86,154
1,<environment.Job instance at 0x7f44e2f58820>,69,3,[7 5],70,163,166,93,163
1,<environment.Job instance at 0x7f44e2f58320>,72,12,[3 7],73,166,178,93,166
1,<environment.Job instance at 0x7f44e384ba50>,0,1,[ 1 13],1,1,2,0,1
1,<environment.Job instance at 0x7f44e384bb90>,1,3,[4 8],2,2,5,0,2
1,<environment.Job instance at 0x7f44e35b5f00>,3,13,[9 2],4,4,17,0,4
1,<environment.Job instance at 0x7f44e35b53c0>,6,2,[5 7],7,7,9,0,7
1,<environment.Job instance at 0x7f44e35b5960>,12,1,[9 2],13,17,18,4,13
1,<environment.Job instance at 0x7f44e35b5c80>,13,3,[5 1],14,14,17,0,14
1,<environment.Job instance at 0x7f44e35b54b0>,14,20,[2 5],15,17,37,2,15
1,<environment.Job instance at 0x7f44e35b5cd0>,15,3,[1 7],16,16,19,0,16
1,<environment.Job instance at 0x7f44e35b5b90>,17,17,[ 3 10],18,20,37,2,20
1,<environment.Job instance at 0x7f44e3840c80>,22,13,[ 4 10],23,37,50,14,23
1,<environment.Job instance at 0x7f44e3840c30>,21,21,[6 4],22,37,58,15,29
1,<environment.Job instance at 0x7f44e3840e60>,25,12,[1 7],26,50,62,24,43
1,<environment.Job instance at 0x7f44e3840820>,24,22,[3 9],25,62,84,37,55
1,<environment.Job instance at 0x7f44e38400a0>,23,15,[8 5],24,58,73,34,55
1,<environment.Job instance at 0x7f44e3840410>,30,1,[3 6],31,73,74,42,58
1,<environment.Job instance at 0x7f44e38404b0>,31,14,[ 1 11],32,84,98,52,69
1,<environment.Job instance at 0x7f44e3840780>,33,14,[9 1],34,74,88,40,69
1,<environment.Job instance at 0x7f44e3840500>,36,3,[6 3],37,88,91,51,71
1,<environment.Job instance at 0x7f44e38401e0>,35,1,[5 9],36,98,99,62,73
1,<environment.Job instance at 0x7f44e3840370>,34,15,[2 5],35,98,113,63,84
1,<environment.Job instance at 0x7f44e35b5be0>,19,16,[6 1],20,88,104,68,84
1,<environment.Job instance at 0x7f44e39532d0>,41,12,[7 5],42,99,111,57,84
1,<environment.Job instance at 0x7f44e3953d20>,44,3,[3 6],45,111,114,66,89
1,<environment.Job instance at 0x7f44e38406e0>,38,14,[ 2 10],39,114,128,75,99
1,<environment.Job instance at 0x7f44e3953eb0>,43,2,[ 1 13],44,128,130,84,111
1,<environment.Job instance at 0x7f44e3953f50>,51,1,[8 1],52,112,113,60,112
1,<environment.Job instance at 0x7f44e3953870>,50,26,[6 2],51,114,140,63,114
1,<environment.Job instance at 0x7f44e3953af0>,48,13,[1 7],49,130,143,81,114
1,<environment.Job instance at 0x7f44e3953190>,56,3,[3 8],57,140,143,83,119
1,<environment.Job instance at 0x7f44e3b2c5a0>,61,1,[12  5],62,143,144,81,119
1,<environment.Job instance at 0x7f44e3b2c460>,62,1,[ 2 14],63,144,145,81,119
1,<environment.Job instance at 0x7f44e3b2c410>,66,3,[4 7],67,145,148,78,119
1,<environment.Job instance at 0x7f44e3b2ca50>,67,1,[5 1],68,119,120,51,119
1,<environment.Job instance at 0x7f44e3b2cb90>,70,2,[5 7],71,145,147,74,119
1,<environment.Job instance at 0x7f44e3356280>,80,2,[5 2],81,120,122,39,120
1,<environment.Job instance at 0x7f44e3527190>,1,3,[4 8],2,2,5,0,2
1,<environment.Job instance at 0x7f44e3527460>,3,13,[9 2],4,4,17,0,4
1,<environment.Job instance at 0x7f44e2d43050>,5,16,[3 8],6,6,22,0,6
1,<environment.Job instance at 0x7f44e3c65fa0>,12,1,[9 2],13,17,18,4,17
1,<environment.Job instance at 0x7f44e39fa500>,6,2,[5 7],7,18,20,11,18
1,<environment.Job instance at 0x7f44e426ef50>,15,3,[1 7],16,20,23,4,20
1,<environment.Job instance at 0x7f44e3c72fa0>,13,3,[5 1],14,22,25,8,22
1,<environment.Job instance at 0x7f44e43231e0>,18,16,[9 2],19,22,38,3,22
1,<environment.Job instance at 0x7f44e3c72640>,8,12,[ 3 10],9,25,37,16,25
1,<environment.Job instance at 0x7f44e356a3c0>,22,13,[ 4 10],23,37,50,14,37
1,<environment.Job instance at 0x7f44e30f3cd0>,23,15,[8 5],24,38,53,14,38
1,<environment.Job instance at 0x7f44e3ca18c0>,25,12,[1 7],26,50,62,24,50
1,<environment.Job instance at 0x7f44ec9c5320>,19,16,[6 1],20,50,66,30,50
1,<environment.Job instance at 0x7f44e3c60f50>,30,1,[3 6],31,62,63,31,62
1,<environment.Job instance at 0x7f44e3c34a50>,34,15,[2 5],35,62,77,27,62
1,<environment.Job instance at 0x7f44e3c34320>,35,1,[5 9],36,63,64,27,63
1,<environment.Job instance at 0x7f44e2e2fe10>,36,3,[6 3],37,64,67,27,64
1,<environment.Job instance at 0x7f44e369c370>,38,14,[ 2 10],39,67,81,28,67
1,<environment.Job instance at 0x7f44e3c34cd0>,33,14,[9 1],34,77,91,43,77
1,<environment.Job instance at 0x7f44e2e11b90>,17,17,[ 3 10],18,81,98,63,81
1,<environment.Job instance at 0x7f44e2f206e0>,41,12,[7 5],42,91,103,49,91
1,<environment.Job instance at 0x7f44e2f20d70>,44,3,[3 6],45,98,101,53,98
1,<environment.Job instance at 0x7f44e2f20820>,48,13,[1 7],49,101,114,52,101
1,<environment.Job instance at 0x7f44e43e5500>,51,1,[8 1],52,103,104,51,103
1,<environment.Job instance at 0x7f44e3dc92d0>,52,18,[4 5],53,103,121,50,103
1,<environment.Job instance at 0x7f44e39faeb0>,4,17,[9 1],5,104,121,99,104
1,<environment.Job instance at 0x7f44e33bd230>,55,14,[9 3],56,121,135,65,121
1,<environment.Job instance at 0x7f44e313a910>,56,3,[3 8],57,121,124,64,121
1,<environment.Job instance at 0x7f44e36aa050>,58,15,[3 7],59,124,139,65,124
1,<environment.Job instance at 0x7f44e4268280>,16,17,[10  3],17,135,152,118,135
1,<environment.Job instance at 0x7f44e43e85a0>,63,15,[3 5],64,139,154,75,139
1,<environment.Job instance at 0x7f44e3c6f9b0>,67,1,[5 1],68,152,153,84,152
1,<environment.Job instance at 0x7f44e3c6fc30>,66,3,[4 7],67,152,155,85,152
1,<environment.Job instance at 0x7f44e33bdaf0>,54,17,[8 3],55,153,170,98,153
1,<environment.Job instance at 0x7f44e3191f00>,70,2,[5 7],71,155,157,84,155
1,<environment.Job instance at 0x7f44e3c6f5f0>,69,15,[ 1 10],70,157,172,87,157
1,<environment.Job instance at 0x7f44e3eecd70>,0,1,[1 6],1,1,2,0,1
1,<environment.Job instance at 0x7f44e3eec230>,1,13,[3 8],2,2,15,0,2
1,<environment.Job instance at 0x7f44e42ae140>,3,3,[ 4 10],4,15,18,11,4
1,<environment.Job instance at 0x7f44e42ae2d0>,6,1,[ 5 11],7,18,19,11,7
1,<environment.Job instance at 0x7f44e42ae960>,7,12,[4 8],8,19,31,11,8
1,<environment.Job instance at 0x7f44e37f10a0>,11,1,[12  5],12,12,13,0,12
1,<environment.Job instance at 0x7f44e37f1730>,12,3,[4 7],13,19,22,6,13
1,<environment.Job instance at 0x7f44e37f1eb0>,15,17,[2 5],16,22,39,6,16
1,<environment.Job instance at 0x7f44e37f1f00>,16,1,[ 3 12],17,39,40,22,17
1,<environment.Job instance at 0x7f44e37f1e60>,18,3,[1 9],19,31,34,12,19
1,<environment.Job instance at 0x7f44e37f1a00>,19,3,[11  1],20,31,34,11,20
1,<environment.Job instance at 0x7f44e39dab90>,20,1,[9 2],21,22,23,1,21
1,<environment.Job instance at 0x7f44e39da8c0>,24,15,[8 4],25,40,55,15,28
1,<environment.Job instance at 0x7f44e39daaa0>,27,17,[2 7],28,40,57,12,30
1,<environment.Job instance at 0x7f44e39da500>,28,1,[10  4],29,34,35,5,30
1,<environment.Job instance at 0x7f44e39da190>,29,2,[6 2],30,35,37,5,31
1,<environment.Job instance at 0x7f44e39da730>,23,21,[13  1],24,55,76,31,47
1,<environment.Job instance at 0x7f44e39da5f0>,26,15,[2 8],27,73,88,46,73
1,<environment.Job instance at 0x7f44e39da410>,25,22,[10  5],26,76,98,50,74
1,<environment.Job instance at 0x7f44e39dac80>,32,26,[ 3 11],33,98,124,65,95
1,<environment.Job instance at 0x7f44e39dac30>,35,1,[12  4],36,98,99,62,95
1,<environment.Job instance at 0x7f44e39daf50>,31,25,[9 4],32,99,124,67,96
1,<environment.Job instance at 0x7f44e342c640>,39,2,[8 2],40,124,126,84,102
1,<environment.Job instance at 0x7f44e3280cd0>,52,12,[1 9],53,124,136,71,109
1,<environment.Job instance at 0x7f44e3280690>,56,1,[11  1],57,126,127,69,109
1,<environment.Job instance at 0x7f44e3280230>,47,21,[6 2],48,127,148,79,122
1,<environment.Job instance at 0x7f44e3280780>,58,22,[1 7],59,136,158,77,129
1,<environment.Job instance at 0x7f44e341faa0>,61,3,[8 2],62,129,132,67,129
1,<environment.Job instance at 0x7f44e341f9b0>,60,1,[10  1],61,148,149,87,129
1,<environment.Job instance at 0x7f44e32801e0>,51,13,[5 1],52,134,147,82,134
1,<environment.Job instance at 0x7f44e341f500>,62,14,[ 4 13],63,158,172,95,143
1,<environment.Job instance at 0x7f44e341fd20>,64,13,[5 2],65,149,162,84,147
1,<environment.Job instance at 0x7f44e341f190>,65,16,[ 3 12],66,172,188,106,159
1,<environment.Job instance at 0x7f44e3a76320>,0,1,[1 6],1,1,2,0,1
1,<environment.Job instance at 0x7f44e3a76640>,1,13,[3 8],2,2,15,0,2
1,<environment.Job instance at 0x7f44e2e156e0>,8,16,[6 2],9,9,25,0,9
1,<environment.Job instance at 0x7f44e2d04500>,3,3,[ 4 10],4,15,18,11,15
1,<environment.Job instance at 0x7f44e2f42aa0>,12,3,[4 7],13,18,21,5,18
1,<environment.Job instance at 0x7f44e3c52410>,15,17,[2 5],16,18,35,2,18
1,<environment.Job instance at 0x7f44e2e150f0>,7,12,[4 8],8,21,33,13,21
1,<environment.Job instance at 0x7f44e3c4a640>,20,1,[9 2],21,25,26,4,25
1,<environment.Job instance at 0x7f44e3c52460>,18,3,[1 9],19,33,36,14,33
1,<environment.Job instance at 0x7f44e2f2cfa0>,24,15,[8 4],25,35,50,10,35
1,<environment.Job instance at 0x7f44e2f2c280>,26,15,[2 8],27,36,51,9,36
1,<environment.Job instance at 0x7f44e42bc910>,28,1,[10  4],29,50,51,21,50
1,<environment.Job instance at 0x7f44e42bcf00>,29,2,[6 2],30,51,53,21,51
1,<environment.Job instance at 0x7f44e2f2c960>,27,17,[2 7],28,51,68,23,51
1,<environment.Job instance at 0x7f44e2dfa7d0>,13,18,[3 6],14,51,69,37,51
1,<environment.Job instance at 0x7f44e424b9b0>,39,2,[8 2],40,68,70,28,68
1,<environment.Job instance at 0x7f44e2f42d70>,10,18,[3 7],11,68,86,57,68
1,<environment.Job instance at 0x7f44e42bc730>,30,12,[10  3],31,70,82,39,70
1,<environment.Job instance at 0x7f44e4275e10>,42,14,[5 8],43,82,96,39,82
1,<environment.Job instance at 0x7f44e4275960>,45,16,[8 5],46,86,102,40,86
1,<environment.Job instance at 0x7f44e423f820>,49,15,[ 2 10],50,96,111,46,96
1,<environment.Job instance at 0x7f44e2f304b0>,51,13,[5 1],52,111,124,59,111
1,<environment.Job instance at 0x7f44e2f30960>,52,12,[1 9],53,111,123,58,111
1,<environment.Job instance at 0x7f44e2f2fc30>,54,18,[8 3],55,111,129,56,111
1,<environment.Job instance at 0x7f44e424bfa0>,41,16,[ 1 10],42,123,139,81,123
1,<environment.Job instance at 0x7f44e2f2f0f0>,55,22,[7 2],56,130,152,74,130
1,<environment.Job instance at 0x7f44e4275190>,44,17,[5 8],45,140,157,95,140
1,<environment.Job instance at 0x7f44ec99af50>,60,1,[10  1],61,152,153,91,152
1,<environment.Job instance at 0x7f44e2f1ce10>,61,3,[8 2],62,153,156,91,153
1,<environment.Job instance at 0x7f44e433a6e0>,66,13,[8 4],67,156,169,89,156
1,<environment.Job instance at 0x7f44e3ec6640>,64,13,[5 2],65,157,170,92,157
1,<environment.Job instance at 0x7f44e3c4a3c0>,21,18,[2 9],22,157,175,135,157
1,<environment.Job instance at 0x7f44eca38410>,4,3,[7 3],5,5,8,0,5
1,<environment.Job instance at 0x7f44e2e90320>,7,15,[5 6],8,8,23,0,8
1,<environment.Job instance at 0x7f44e2e908c0>,8,3,[9 1],9,9,12,0,9
1,<environment.Job instance at 0x7f44e2e90140>,9,1,[2 7],10,12,13,2,10
1,<environment.Job instance at 0x7f44e2e90b40>,11,1,[ 1 13],12,23,24,11,12
1,<environment.Job instance at 0x7f44e2e906e0>,14,14,[1 5],15,24,38,9,18
1,<environment.Job instance at 0x7f44e3f0b1e0>,0,20,[9 1],1,1,21,0,1
1,<environment.Job instance at 0x7f44e3f0bb90>,1,22,[3 5],2,2,24,0,2
1,<environment.Job instance at 0x7f44e3f0baf0>,3,18,[3 8],4,4,22,0,4
1,<environment.Job instance at 0x7f44e3f414b0>,8,3,[9 1],9,21,24,12,21
1,<environment.Job instance at 0x7f44e3f41280>,9,1,[2 7],10,22,23,12,22
1,<environment.Job instance at 0x7f44e3f35a00>,14,14,[1 5],15,23,37,8,23
1,<environment.Job instance at 0x7f44e2a8faf0>,4,3,[7 3],5,24,27,19,24
1,<environment.Job instance at 0x7f44e337d870>,23,3,[4 7],24,24,27,0,24
1,<environment.Job instance at 0x7f44e337d9b0>,24,2,[6 4],25,27,29,2,27
1,<environment.Job instance at 0x7f44e3f41780>,7,15,[5 6],8,27,42,19,27
1,<environment.Job instance at 0x7f44e335dd20>,29,16,[6 4],30,30,46,0,30
1,<environment.Job instance at 0x7f44e335d550>,30,2,[ 5 10],31,42,44,11,42
1,<environment.Job instance at 0x7f44e2a64190>,34,1,[5 5],35,44,45,9,44
1,<environment.Job instance at 0x7f44e3383dc0>,32,3,[2 6],33,44,47,11,44
1,<environment.Job instance at 0x7f44e33883c0>,39,12,[1 9],40,46,58,6,46
1,<environment.Job instance at 0x7f44e33888c0>,42,16,[4 6],43,47,63,4,47
1,<environment.Job instance at 0x7f44e43cd7d0>,53,14,[8 3],54,58,72,4,58
1,<environment.Job instance at 0x7f44e3f195a0>,27,3,[ 4 10],28,63,66,35,63
1,<environment.Job instance at 0x7f44e3375b40>,19,17,[5 7],20,66,83,46,66
1,<environment.Job instance at 0x7f44e43cd5a0>,54,13,[10  2],55,72,85,17,72
1,<environment.Job instance at 0x7f44e33708c0>,16,20,[1 9],17,83,103,66,83
1,<environment.Job instance at 0x7f44e3bbf910>,59,3,[8 3],60,85,88,25,85
1,<environment.Job instance at 0x7f44e3bbf500>,58,14,[10  3],59,88,102,29,88
1,<environment.Job instance at 0x7f44e3bbfe10>,61,12,[3 5],62,102,114,40,102
1,<environment.Job instance at 0x7f44e43c9e60>,60,12,[1 9],61,103,115,42,103
1,<environment.Job instance at 0x7f44e2e7cb90>,63,16,[5 8],64,115,131,51,115
1,<environment.Job instance at 0x7f44e3bbf0f0>,56,16,[10  4],57,116,132,59,116
1,<environment.Job instance at 0x7f44e33803c0>,70,1,[3 5],71,131,132,60,131
1,<environment.Job instance at 0x7f44e33805f0>,71,15,[9 5],72,132,147,60,132
1,<environment.Job instance at 0x7f44e3380410>,72,18,[2 8],73,132,150,59,132
1,<environment.Job instance at 0x7f44e3380370>,73,15,[9 3],74,147,162,73,147
1,<environment.Job instance at 0x7f44e3380780>,74,12,[5 1],75,150,162,75,150
1,<environment.Job instance at 0x7f44e3f30690>,75,16,[7 4],76,162,178,86,162
1,<environment.Job instance at 0x7f44e3f30af0>,76,19,[8 2],77,163,182,86,163
1,<environment.Job instance at 0x7f44e3d149b0>,2,3,[10  3],3,3,6,0,3
1,<environment.Job instance at 0x7f44e35bfd20>,4,13,[12  1],5,6,19,1,6
1,<environment.Job instance at 0x7f44e3d14910>,8,2,[9 5],9,19,21,10,9
1,<environment.Job instance at 0x7f44e3d28dc0>,17,17,[8 2],18,21,38,3,18
1,<environment.Job instance at 0x7f44e3d28e10>,18,2,[10  5],19,38,40,19,19
1,<environment.Job instance at 0x7f44e3d14640>,21,3,[3 8],22,23,26,1,23
1,<environment.Job instance at 0x7f44e3d28b40>,20,15,[8 3],21,40,55,19,26
1,<environment.Job instance at 0x7f44e3d14dc0>,5,14,[3 5],6,48,62,42,48
1,<environment.Job instance at 0x7f44e3d28c80>,23,15,[ 3 13],24,62,77,38,48
1,<environment.Job instance at 0x7f44e3d25280>,26,1,[10  1],27,55,56,28,48
1,<environment.Job instance at 0x7f44e3d252d0>,27,1,[5 3],28,56,57,28,48
1,<environment.Job instance at 0x7f44e3d28280>,24,16,[12  4],25,77,93,52,64
1,<environment.Job instance at 0x7f44e3d259b0>,29,2,[ 2 13],30,93,95,63,66
1,<environment.Job instance at 0x7f44e3d254b0>,31,20,[5 3],32,95,115,63,86
1,<environment.Job instance at 0x7f44e3d280f0>,22,12,[ 2 12],23,95,107,72,86
1,<environment.Job instance at 0x7f44e3d25910>,33,1,[ 2 13],34,115,116,81,88
1,<environment.Job instance at 0x7f44e3d25a50>,32,24,[8 2],33,107,131,74,102
1,<environment.Job instance at 0x7f44e3d25f50>,35,23,[5 7],36,116,139,80,110
1,<environment.Job instance at 0x7f44e3d25eb0>,36,2,[9 5],37,131,133,94,110
1,<environment.Job instance at 0x7f44e3d250f0>,38,3,[ 2 13],39,139,142,100,118
1,<environment.Job instance at 0x7f44e3d18640>,42,1,[12  2],43,139,140,96,118
1,<environment.Job instance at 0x7f44e3d18050>,43,2,[14  4],44,142,144,98,118
1,<environment.Job instance at 0x7f44e3d18e10>,47,14,[1 7],48,142,156,94,127
1,<environment.Job instance at 0x7f44e3d18820>,50,13,[2 7],51,144,157,93,128
1,<environment.Job instance at 0x7f44e3d18870>,52,1,[5 5],53,133,134,80,128
1,<environment.Job instance at 0x7f44e3d18f50>,48,14,[7 4],49,156,170,107,142
1,<environment.Job instance at 0x7f44e2a901e0>,59,12,[7 2],60,157,169,97,142
1,<environment.Job instance at 0x7f44e3d18500>,51,14,[ 1 10],52,169,183,117,154
1,<environment.Job instance at 0x7f44e2a90690>,62,1,[10  1],63,154,155,91,154
1,<environment.Job instance at 0x7f44e2a90eb0>,57,15,[6 3],58,170,185,112,165
1,<environment.Job instance at 0x7f44e2a90460>,65,1,[5 5],66,183,184,117,166
1,<environment.Job instance at 0x7f44e2a90f00>,64,12,[13  5],65,185,197,120,168
1,<environment.Job instance at 0x7f44e419a050>,2,3,[10  3],3,3,6,0,3
1,<environment.Job instance at 0x7f44e4389690>,5,14,[3 5],6,6,20,0,6
1,<environment.Job instance at 0x7f44e3e06780>,3,17,[9 1],4,6,23,2,6
1,<environment.Job instance at 0x7f44e3b87960>,9,18,[ 3 10],10,20,38,10,20
1,<environment.Job instance at 0x7f44e4189870>,8,2,[9 5],9,23,25,14,23
1,<environment.Job instance at 0x7f44e40c3a50>,12,14,[9 2],13,25,39,12,25
1,<environment.Job instance at 0x7f44e40c3050>,11,18,[5 9],12,38,56,26,38
1,<environment.Job instance at 0x7f44e2f7d820>,18,2,[10  5],19,39,41,20,39
1,<environment.Job instance at 0x7f44ecd28640>,20,15,[8 3],21,41,56,20,41
1,<environment.Job instance at 0x7f44e3d5df00>,26,1,[10  1],27,56,57,29,56
1,<environment.Job instance at 0x7f44e4257960>,27,1,[5 3],28,56,57,28,56
1,<environment.Job instance at 0x7f44e3201730>,21,3,[3 8],22,57,60,35,57
1,<environment.Job instance at 0x7f44eca3f640>,30,16,[5 7],31,57,73,26,57
1,<environment.Job instance at 0x7f44e3ce8960>,36,2,[9 5],37,60,62,23,60
1,<environment.Job instance at 0x7f44e2f7dc80>,17,17,[8 2],18,62,79,44,62
1,<environment.Job instance at 0x7f44e32740f0>,39,15,[3 6],40,73,88,33,73
1,<environment.Job instance at 0x7f44e3274cd0>,40,16,[10  3],41,79,95,38,79
1,<environment.Job instance at 0x7f44e2f8f4b0>,47,14,[1 7],48,88,102,40,88
1,<environment.Job instance at 0x7f44e43c92d0>,48,14,[7 4],49,95,109,46,95
1,<environment.Job instance at 0x7f44e43c9140>,49,16,[3 5],50,102,118,52,102
1,<environment.Job instance at 0x7f44e3ce8870>,37,18,[5 6],38,102,120,64,102
1,<environment.Job instance at 0x7f44e43c9fa0>,50,13,[2 7],51,118,131,67,118
1,<environment.Job instance at 0x7f44e2b59d20>,52,1,[5 5],53,120,121,67,120
1,<environment.Job instance at 0x7f44e42de6e0>,13,17,[8 4],14,121,138,107,121
1,<environment.Job instance at 0x7f44e3488eb0>,51,14,[ 1 10],52,131,145,79,131
1,<environment.Job instance at 0x7f44e3271d20>,57,15,[6 3],58,138,153,80,138
1,<environment.Job instance at 0x7f44e321ae60>,59,12,[7 2],60,138,150,78,138
1,<environment.Job instance at 0x7f44e2f58c30>,34,17,[2 8],35,145,162,110,145
1,<environment.Job instance at 0x7f44eca2fd20>,62,1,[10  1],63,153,154,90,153
1,<environment.Job instance at 0x7f44e2c49be0>,65,1,[5 5],66,154,155,88,154
1,<environment.Job instance at 0x7f44e3271d70>,58,14,[3 7],59,155,169,96,155
1,<environment.Job instance at 0x7f44e346c0f0>,67,3,[5 7],68,162,165,94,162
1,<environment.Job instance at 0x7f44e346cc80>,66,16,[4 6],67,165,181,98,165
1,<environment.Job instance at 0x7f44e3cc7b90>,15,18,[9 4],16,169,187,153,169
1,<environment.Job instance at 0x7f44e388a9b0>,0,12,[ 4 10],1,1,13,0,1
1,<environment.Job instance at 0x7f44e388a960>,1,3,[2 7],2,13,16,11,2
1,<environment.Job instance at 0x7f44e2a66870>,2,3,[2 8],3,13,16,10,3
1,<environment.Job instance at 0x7f44e2a66280>,3,1,[7 4],4,4,5,0,4
1,<environment.Job instance at 0x7f44e2a66640>,4,2,[6 1],5,5,7,0,5
1,<environment.Job instance at 0x7f44e2a66780>,5,2,[7 5],6,7,9,1,6
1,<environment.Job instance at 0x7f44e3f75e10>,6,1,[2 7],7,16,17,9,7
1,<environment.Job instance at 0x7f44e3f75910>,8,12,[4 9],9,17,29,8,9
1,<environment.Job instance at 0x7f44e3f75d70>,9,1,[13  2],10,16,17,6,10
1,<environment.Job instance at 0x7f44e3f752d0>,12,12,[8 5],13,17,29,4,13
1,<environment.Job instance at 0x7f44e3f75b90>,15,13,[7 4],16,29,42,13,16
1,<environment.Job instance at 0x7f44e3f757d0>,18,3,[8 5],19,29,32,10,19
1,<environment.Job instance at 0x7f44e4391eb0>,25,2,[2 7],26,32,34,6,26
1,<environment.Job instance at 0x7f44e2fe5870>,27,2,[8 1],28,34,36,6,28
1,<environment.Job instance at 0x7f44e2fe5d70>,28,3,[4 7],29,36,39,7,29
1,<environment.Job instance at 0x7f44e2fe5550>,34,1,[ 2 14],35,42,43,7,36
1,<environment.Job instance at 0x7f44e2fe52d0>,36,15,[2 5],37,43,58,6,37
1,<environment.Job instance at 0x7f44e30f48c0>,37,13,[4 9],38,43,56,5,39
1,<environment.Job instance at 0x7f44e30f4280>,39,1,[ 1 13],40,58,59,18,40
1,<environment.Job instance at 0x7f44e30f4b40>,40,3,[ 5 11],41,59,62,18,41
1,<environment.Job instance at 0x7f44e2e2f690>,43,3,[7 2],44,56,59,12,44
1,<environment.Job instance at 0x7f44e2e2f1e0>,44,1,[4 6],45,56,57,11,45
1,<environment.Job instance at 0x7f44e30f4140>,38,13,[3 6],39,62,75,23,46
1,<environment.Job instance at 0x7f44e2fe51e0>,35,14,[9 1],36,59,73,23,49
1,<environment.Job instance at 0x7f44e2e2faa0>,46,15,[5 5],47,73,88,26,61
1,<environment.Job instance at 0x7f44e2e2f7d0>,47,19,[3 9],48,75,94,27,72
1,<environment.Job instance at 0x7f44e2e2f4b0>,45,16,[ 2 11],46,94,110,48,81
1,<environment.Job instance at 0x7f44e2e2f460>,49,13,[ 4 11],50,110,123,60,94
1,<environment.Job instance at 0x7f44e2e2ff50>,48,28,[5 3],49,99,127,50,99
1,<environment.Job instance at 0x7f44e30b9960>,53,2,[2 9],54,123,125,69,99
1,<environment.Job instance at 0x7f44e30b96e0>,60,1,[5 6],61,125,126,64,102
1,<environment.Job instance at 0x7f44e30b9320>,59,3,[4 9],60,126,129,66,102
1,<environment.Job instance at 0x7f44e379f6e0>,67,1,[4 8],68,129,130,61,112
1,<environment.Job instance at 0x7f44e30b9230>,62,12,[12  2],63,130,142,67,116
1,<environment.Job instance at 0x7f44e30b9730>,66,17,[1 7],67,129,146,62,117
1,<environment.Job instance at 0x7f44e379fc80>,70,3,[10  5],71,142,145,71,117
1,<environment.Job instance at 0x7f44e379f0f0>,74,1,[12  5],75,145,146,70,119
1,<environment.Job instance at 0x7f44e379f820>,78,2,[6 2],79,123,125,44,121
1,<environment.Job instance at 0x7f44e379f4b0>,82,1,[8 1],83,127,128,44,121
1,<environment.Job instance at 0x7f44e379fc30>,81,14,[ 2 10],82,146,160,64,132
1,<environment.Job instance at 0x7f44e42b29b0>,84,17,[1 5],85,146,163,61,134
1,<environment.Job instance at 0x7f44e379f140>,77,16,[13  2],78,160,176,82,147
1,<environment.Job instance at 0x7f44e379f730>,69,15,[1 9],70,163,178,93,152
1,<environment.Job instance at 0x7f44e42b2e60>,87,14,[1 5],88,176,190,88,162
1,<environment.Job instance at 0x7f44e42b28c0>,88,15,[2 6],89,178,193,89,165
1,<environment.Job instance at 0x7f44e4024f00>,0,12,[ 4 10],1,1,13,0,1
1,<environment.Job instance at 0x7f44ec98eaf0>,3,1,[7 4],4,4,5,0,4
1,<environment.Job instance at 0x7f44ec98ea50>,4,2,[6 1],5,5,7,0,5
1,<environment.Job instance at 0x7f44e3935d70>,5,2,[7 5],6,7,9,1,7
1,<environment.Job instance at 0x7f44e3935a00>,7,15,[8 4],8,9,24,1,9
1,<environment.Job instance at 0x7f44ec98ec30>,6,1,[2 7],7,13,14,6,13
1,<environment.Job instance at 0x7f44e43a8190>,1,3,[2 7],2,14,17,12,14
1,<environment.Job instance at 0x7f44e425a320>,2,3,[2 8],3,17,20,14,17
1,<environment.Job instance at 0x7f44e3935870>,8,12,[4 9],9,20,32,11,20
1,<environment.Job instance at 0x7f44e338fdc0>,19,1,[10  2],20,24,25,4,24
1,<environment.Job instance at 0x7f44e43a3b90>,16,2,[8 3],17,25,27,8,25
1,<environment.Job instance at 0x7f44e338fe60>,18,3,[8 5],19,27,30,8,27
1,<environment.Job instance at 0x7f44e3310820>,12,12,[8 5],13,30,42,17,30
1,<environment.Job instance at 0x7f44e2ca40a0>,24,2,[2 9],25,32,34,7,32
1,<environment.Job instance at 0x7f44e2f98550>,25,2,[2 7],26,34,36,8,34
1,<environment.Job instance at 0x7f44e2ac6780>,28,3,[4 7],29,36,39,7,36
1,<environment.Job instance at 0x7f44e413f960>,15,13,[7 4],16,39,52,23,39
1,<environment.Job instance at 0x7f44e2ac6910>,27,2,[8 1],28,42,44,14,42
1,<environment.Job instance at 0x7f44e43c92d0>,37,13,[4 9],38,44,57,6,44
1,<environment.Job instance at 0x7f44eca3f640>,43,3,[7 2],44,52,55,8,52
1,<environment.Job instance at 0x7f44e3ce82d0>,44,1,[4 6],45,55,56,10,55
1,<environment.Job instance at 0x7f44e2f58c30>,38,13,[3 6],39,56,69,17,56
1,<environment.Job instance at 0x7f44e3488460>,35,14,[9 1],36,57,71,21,57
1,<environment.Job instance at 0x7f44e43c9910>,36,15,[2 5],37,57,72,20,57
1,<environment.Job instance at 0x7f44e3e08c30>,53,2,[2 9],54,69,71,15,69
1,<environment.Job instance at 0x7f44e3106c80>,46,15,[5 5],47,72,87,25,72
1,<environment.Job instance at 0x7f44e3e71dc0>,58,12,[5 7],59,72,84,13,72
1,<environment.Job instance at 0x7f44e3e71b40>,59,3,[4 9],60,84,87,24,84
1,<environment.Job instance at 0x7f44e3f75320>,60,1,[5 6],61,87,88,26,87
1,<environment.Job instance at 0x7f44e3f75780>,63,16,[5 7],64,87,103,23,87
1,<environment.Job instance at 0x7f44e4389b40>,56,17,[9 4],57,88,105,31,88
1,<environment.Job instance at 0x7f44e2fe5460>,67,1,[4 8],68,103,104,35,103
1,<environment.Job instance at 0x7f44e2e2f370>,69,15,[1 9],70,104,119,34,104
1,<environment.Job instance at 0x7f44e42b2e10>,70,3,[10  5],71,105,108,34,105
1,<environment.Job instance at 0x7f44e3792cd0>,71,14,[5 2],72,108,122,36,108
1,<environment.Job instance at 0x7f44e42de6e0>,57,20,[8 3],58,108,128,50,108
1,<environment.Job instance at 0x7f44e30f4230>,66,17,[1 7],67,119,136,52,119
1,<environment.Job instance at 0x7f44e3792640>,78,2,[6 2],79,122,124,43,122
1,<environment.Job instance at 0x7f44e3d144b0>,82,1,[8 1],83,128,129,45,128
1,<environment.Job instance at 0x7f44e3143550>,84,17,[1 5],85,128,145,43,128
1,<environment.Job instance at 0x7f44e3102370>,87,14,[1 5],88,136,150,48,136
1,<environment.Job instance at 0x7f44e42dbaf0>,51,17,[10  4],52,136,153,84,136
1,<environment.Job instance at 0x7f44e35b5aa0>,88,15,[2 6],89,145,160,56,145
1,<environment.Job instance at 0x7f44e3541d70>,91,12,[9 4],92,153,165,61,153
1,<environment.Job instance at 0x7f44e37928c0>,75,14,[3 8],76,160,174,84,160
1,<environment.Job instance at 0x7f44e3780230>,96,2,[6 4],97,165,167,68,165
1,<environment.Job instance at 0x7f44e3541410>,92,17,[4 6],93,167,184,74,167
1,<environment.Job instance at 0x7f44e2a666e0>,102,17,[6 1],103,167,184,64,167
1,<environment.Job instance at 0x7f44e430fe60>,0,3,[5 7],1,1,4,0,1
1,<environment.Job instance at 0x7f44e430fb90>,1,12,[6 4],2,2,14,0,2
1,<environment.Job instance at 0x7f44e430faf0>,2,2,[11  2],3,14,16,11,3
1,<environment.Job instance at 0x7f44e430f550>,4,2,[5 3],5,5,7,0,5
1,<environment.Job instance at 0x7f44e2af2f00>,6,14,[5 4],7,16,30,9,7
1,<environment.Job instance at 0x7f44e2af2230>,8,18,[6 2],9,16,34,7,9
1,<environment.Job instance at 0x7f44e2af3320>,9,15,[4 5],10,10,25,0,10
1,<environment.Job instance at 0x7f44e2af3eb0>,17,2,[5 2],18,30,32,12,18
1,<environment.Job instance at 0x7f44e2af3aa0>,19,2,[6 1],20,32,34,12,20
1,<environment.Job instance at 0x7f44e2af35f0>,21,2,[5 6],22,34,36,12,22
1,<environment.Job instance at 0x7f44e42e2370>,22,3,[5 8],23,34,37,11,23
1,<environment.Job instance at 0x7f44e42e2500>,25,13,[8 1],26,36,49,10,27
1,<environment.Job instance at 0x7f44e2dee460>,29,3,[8 3],30,49,52,19,33
1,<environment.Job instance at 0x7f44e2dee410>,30,17,[5 3],31,37,54,6,33
1,<environment.Job instance at 0x7f44e2dee7d0>,33,3,[1 5],34,36,39,2,34
1,<environment.Job instance at 0x7f44e2dee910>,34,3,[1 9],35,39,42,4,35
1,<environment.Job instance at 0x7f44e39d3730>,36,16,[2 8],37,42,58,5,37
1,<environment.Job instance at 0x7f44e39d3640>,37,12,[5 1],38,52,64,14,38
1,<environment.Job instance at 0x7f44e39d3e10>,38,3,[ 3 12],39,58,61,19,39
1,<environment.Job instance at 0x7f44e42e2aa0>,26,22,[ 1 13],27,61,83,34,54
1,<environment.Job instance at 0x7f44e38779b0>,40,12,[ 2 13],41,83,95,42,74
1,<environment.Job instance at 0x7f44e2af22d0>,7,18,[ 4 11],8,95,113,87,87
1,<environment.Job instance at 0x7f44e3877dc0>,39,28,[5 4],40,95,123,55,94
1,<environment.Job instance at 0x7f44e3ea7d70>,43,15,[3 7],44,113,128,69,99
1,<environment.Job instance at 0x7f44ec99b4b0>,44,17,[5 7],45,123,140,78,111
1,<environment.Job instance at 0x7f44e4311870>,45,14,[ 4 10],46,140,154,94,125
1,<environment.Job instance at 0x7f44e4311e60>,46,28,[6 1],47,125,153,78,125
1,<environment.Job instance at 0x7f44e4311b40>,47,16,[3 7],48,154,170,106,141
1,<environment.Job instance at 0x7f44e43119b0>,48,22,[ 3 10],49,170,192,121,163
1,<environment.Job instance at 0x7f44e4311c80>,49,1,[7 3],50,163,164,113,163
1,<environment.Job instance at 0x7f44e2f028c0>,0,3,[5 7],1,1,4,0,1
1,<environment.Job instance at 0x7f44e2f02e60>,1,12,[6 4],2,2,14,0,2
1,<environment.Job instance at 0x7f44e378b7d0>,4,2,[5 3],5,5,7,0,5
1,<environment.Job instance at 0x7f44e4042410>,6,14,[5 4],7,7,21,0,7
1,<environment.Job instance at 0x7f44e378b780>,9,15,[4 5],10,10,25,0,10
1,<environment.Job instance at 0x7f44e2dfd050>,8,18,[6 2],9,14,32,5,14
1,<environment.Job instance at 0x7f44e3781550>,10,15,[4 8],11,21,36,10,21
1,<environment.Job instance at 0x7f44e3470fa0>,17,2,[5 2],18,25,27,7,25
1,<environment.Job instance at 0x7f44e2da7320>,18,13,[10  5],19,32,45,13,32
1,<environment.Job instance at 0x7f44e32f84b0>,12,18,[ 3 10],13,36,54,23,36
1,<environment.Job instance at 0x7f44e364e3c0>,19,2,[6 1],20,45,47,25,45
1,<environment.Job instance at 0x7f44e36448c0>,16,16,[10  5],17,47,63,30,47
1,<environment.Job instance at 0x7f44e31976e0>,21,2,[5 6],22,54,56,32,54
1,<environment.Job instance at 0x7f44e3197320>,22,3,[5 8],23,56,59,33,56
1,<environment.Job instance at 0x7f44e2f138c0>,30,17,[5 3],31,59,76,28,59
1,<environment.Job instance at 0x7f44e2f13820>,29,3,[8 3],30,63,66,33,63
1,<environment.Job instance at 0x7f44e2f13f00>,34,3,[1 9],35,63,66,28,63
1,<environment.Job instance at 0x7f44e2f13870>,33,3,[1 5],34,66,69,32,66
1,<environment.Job instance at 0x7f44e3440690>,37,12,[5 1],38,66,78,28,66
1,<environment.Job instance at 0x7f44e3440640>,36,16,[2 8],37,69,85,32,69
1,<environment.Job instance at 0x7f44e31671e0>,25,13,[8 1],26,76,89,50,76
1,<environment.Job instance at 0x7f44e3435b90>,43,15,[3 7],44,85,100,41,85
1,<environment.Job instance at 0x7f44e30bdaf0>,15,18,[2 7],16,85,103,69,85
1,<environment.Job instance at 0x7f44e3179c30>,23,18,[10  1],24,89,107,65,89
1,<environment.Job instance at 0x7f44e3435320>,47,16,[3 7],48,100,116,52,100
1,<environment.Job instance at 0x7f44e3427e10>,49,1,[7 3],50,107,108,57,107
1,<environment.Job instance at 0x7f44e3427cd0>,51,18,[1 5],52,107,125,55,107
1,<environment.Job instance at 0x7f44e3423a50>,53,12,[5 5],54,116,128,62,116
1,<environment.Job instance at 0x7f44e2f15dc0>,54,12,[8 5],55,116,128,61,116
1,<environment.Job instance at 0x7f44e2f15f50>,56,3,[ 5 10],57,128,131,71,128
1,<environment.Job instance at 0x7f44e2f15b90>,57,15,[10  1],58,128,143,70,128
1,<environment.Job instance at 0x7f44e402d5f0>,45,14,[ 4 10],46,131,145,85,131
1,<environment.Job instance at 0x7f44e2f152d0>,60,14,[8 4],61,143,157,82,143
1,<environment.Job instance at 0x7f44e2f15550>,61,15,[3 5],62,145,160,83,145
1,<environment.Job instance at 0x7f44e343b7d0>,63,12,[5 5],64,157,169,93,157
1,<environment.Job instance at 0x7f44e34238c0>,52,17,[5 5],53,157,174,104,157
1,<environment.Job instance at 0x7f44e343ba50>,65,3,[10  2],66,169,172,103,169
1,<environment.Job instance at 0x7f44e3440280>,1,14,[7 5],2,2,16,0,2
1,<environment.Job instance at 0x7f44e3440370>,2,13,[8 3],3,3,16,0,3
1,<environment.Job instance at 0x7f44e3440e60>,3,3,[ 3 11],4,16,19,12,4
1,<environment.Job instance at 0x7f44e3440d20>,9,1,[8 2],10,16,17,6,10
1,<environment.Job instance at 0x7f44e3440d70>,8,12,[11  2],9,17,29,8,16
1,<environment.Job instance at 0x7f44e3435960>,16,16,[8 2],17,29,45,12,17
1,<environment.Job instance at 0x7f44e3435820>,17,2,[6 3],18,29,31,11,18
1,<environment.Job instance at 0x7f44e3435050>,19,13,[5 1],20,31,44,11,20
1,<environment.Job instance at 0x7f44e3197780>,23,1,[9 5],24,45,46,21,25
1,<environment.Job instance at 0x7f44e3197af0>,25,2,[11  1],26,46,48,20,26
1,<environment.Job instance at 0x7f44e3197dc0>,26,2,[11  3],27,48,50,21,27
1,<environment.Job instance at 0x7f44e3197f00>,31,1,[5 1],32,44,45,12,33
1,<environment.Job instance at 0x7f44e31979b0>,32,2,[4 6],33,45,47,12,34
1,<environment.Job instance at 0x7f44e3197870>,29,3,[ 2 10],30,35,38,5,35
1,<environment.Job instance at 0x7f44e3197190>,34,3,[ 1 10],35,38,41,3,36
1,<environment.Job instance at 0x7f44e3179e10>,38,2,[4 6],39,47,49,8,39
1,<environment.Job instance at 0x7f44e3179780>,39,3,[10  2],40,50,53,10,40
1,<environment.Job instance at 0x7f44e3179230>,41,1,[12  1],42,53,54,11,42
1,<environment.Job instance at 0x7f44e3179910>,42,1,[4 9],43,49,50,6,43
1,<environment.Job instance at 0x7f44e3179c80>,43,3,[1 9],44,50,53,6,44
1,<environment.Job instance at 0x7f44e3179500>,44,3,[5 9],45,54,57,9,45
1,<environment.Job instance at 0x7f44e3179550>,46,3,[14  4],47,57,60,10,47
1,<environment.Job instance at 0x7f44e32e3820>,47,3,[7 1],48,54,57,6,48
1,<environment.Job instance at 0x7f44e32e3050>,51,1,[2 6],52,53,54,1,52
1,<environment.Job instance at 0x7f44e32e3460>,57,3,[1 9],58,58,61,0,58
1,<environment.Job instance at 0x7f44e32e3370>,58,3,[9 1],59,60,63,1,59
1,<environment.Job instance at 0x7f44e32e3fa0>,56,15,[8 3],57,63,78,6,61
1,<environment.Job instance at 0x7f44e32e3d20>,59,17,[6 4],60,64,81,4,64
1,<environment.Job instance at 0x7f44e32e37d0>,63,2,[ 3 14],64,81,83,17,64
1,<environment.Job instance at 0x7f44e32e9230>,64,15,[6 5],65,83,98,18,76
1,<environment.Job instance at 0x7f44e32e9550>,65,17,[ 4 10],66,83,100,17,77
1,<environment.Job instance at 0x7f44e2a655a0>,0,17,[8 5],1,1,18,0,1
1,<environment.Job instance at 0x7f44e2a65500>,1,14,[7 5],2,2,16,0,2
1,<environment.Job instance at 0x7f44e2faf050>,10,17,[2 5],11,16,33,5,16
1,<environment.Job instance at 0x7f44e2fb8a50>,11,18,[5 2],12,16,34,4,16
1,<environment.Job instance at 0x7f44e3cec730>,9,1,[8 2],10,18,19,8,18
1,<environment.Job instance at 0x7f44e3ceb500>,17,2,[6 3],18,19,21,1,19
1,<environment.Job instance at 0x7f44e2a653c0>,2,13,[8 3],3,21,34,18,21
1,<environment.Job instance at 0x7f44e3cebeb0>,14,13,[10  2],15,34,47,19,34
1,<environment.Job instance at 0x7f44e36460a0>,19,13,[5 1],20,34,47,14,34
1,<environment.Job instance at 0x7f44e3ce66e0>,23,1,[9 5],24,47,48,23,47
1,<environment.Job instance at 0x7f44e3ced6e0>,22,15,[3 8],23,47,62,24,47
1,<environment.Job instance at 0x7f44e3646960>,20,15,[7 5],21,48,63,27,48
1,<environment.Job instance at 0x7f44e3432aa0>,31,1,[5 1],32,48,49,16,48
1,<environment.Job instance at 0x7f44e3432960>,32,2,[4 6],33,62,64,29,62
1,<environment.Job instance at 0x7f44e377aa50>,16,16,[8 2],17,63,79,46,63
1,<environment.Job instance at 0x7f44e343b7d0>,34,3,[ 1 10],35,64,67,29,64
1,<environment.Job instance at 0x7f44e3423960>,38,2,[4 6],39,67,69,28,67
1,<environment.Job instance at 0x7f44e34255f0>,29,3,[ 2 10],30,69,72,39,69
1,<environment.Job instance at 0x7f44e343b730>,35,15,[2 8],36,72,87,36,72
1,<environment.Job instance at 0x7f44e318fd20>,39,3,[10  2],40,79,82,39,79
1,<environment.Job instance at 0x7f44e3427cd0>,40,12,[9 4],41,82,94,41,82
1,<environment.Job instance at 0x7f44e36448c0>,42,1,[4 9],43,87,88,44,87
1,<environment.Job instance at 0x7f44e32e6960>,43,3,[1 9],44,88,91,44,88
1,<environment.Job instance at 0x7f44e30bdaf0>,44,3,[5 9],45,91,94,46,91
1,<environment.Job instance at 0x7f44e32f84b0>,47,3,[7 1],48,94,97,46,94
1,<environment.Job instance at 0x7f44e34350f0>,51,1,[2 6],52,94,95,42,94
1,<environment.Job instance at 0x7f44e3af1aa0>,48,13,[5 6],49,94,107,45,94
1,<environment.Job instance at 0x7f44e3ad34b0>,57,3,[1 9],58,97,100,39,97
1,<environment.Job instance at 0x7f44e3ad3f50>,58,3,[9 1],59,100,103,41,100
1,<environment.Job instance at 0x7f44e2a764b0>,56,15,[8 3],57,103,118,46,103
1,<environment.Job instance at 0x7f44e31976e0>,60,14,[ 5 10],61,107,121,46,107
1,<environment.Job instance at 0x7f44e3179cd0>,64,15,[6 5],65,118,133,53,118
1,<environment.Job instance at 0x7f44e34352d0>,50,16,[6 3],51,121,137,70,121
1,<environment.Job instance at 0x7f44e3179b90>,66,2,[4 7],67,133,135,66,133
1,<environment.Job instance at 0x7f44e3435190>,59,17,[6 4],60,136,153,76,136
1,<environment.Job instance at 0x7f44e3197d20>,65,17,[ 4 10],66,137,154,71,137
1,<environment.Job instance at 0x7f44e3feb320>,73,1,[10  1],74,153,154,79,153
1,<environment.Job instance at 0x7f44e32e3280>,75,14,[5 7],76,154,168,78,154
1,<environment.Job instance at 0x7f44e32e3870>,76,15,[9 1],77,154,169,77,154
1,<environment.Job instance at 0x7f44e32e9410>,80,16,[2 6],81,168,184,87,168
1,<environment.Job instance at 0x7f44e32e9190>,81,12,[3 7],82,168,180,86,168
1,<environment.Job instance at 0x7f44e3440640>,82,17,[7 1],83,169,186,86,169
1,<environment.Job instance at 0x7f44e37817d0>,0,2,[10  3],1,1,3,0,1
1,<environment.Job instance at 0x7f44e3781780>,1,14,[7 5],2,3,17,1,2
1,<environment.Job instance at 0x7f44e301f140>,5,20,[6 2],6,6,26,0,6
1,<environment.Job instance at 0x7f44e301f280>,8,2,[2 9],9,17,19,8,9
1,<environment.Job instance at 0x7f44e301f410>,9,15,[6 5],10,19,34,9,10
1,<environment.Job instance at 0x7f44e301f5a0>,10,1,[7 3],11,17,18,6,11
1,<environment.Job instance at 0x7f44e301f7d0>,12,1,[ 5 14],13,34,35,21,13
1,<environment.Job instance at 0x7f44e301f550>,13,3,[5 1],14,26,29,12,14
1,<environment.Job instance at 0x7f44e2a656e0>,15,3,[ 4 10],16,29,32,13,17
1,<environment.Job instance at 0x7f44e301f960>,14,14,[5 4],15,35,49,20,20
1,<environment.Job instance at 0x7f44e301fbe0>,17,3,[ 1 10],18,35,38,17,22
1,<environment.Job instance at 0x7f44e304a0f0>,25,2,[ 1 11],26,38,40,12,26
1,<environment.Job instance at 0x7f44e304a230>,26,16,[7 1],27,40,56,13,27
1,<environment.Job instance at 0x7f44e304a2d0>,28,2,[8 5],29,32,34,3,30
1,<environment.Job instance at 0x7f44e304a7d0>,32,2,[12  3],33,56,58,23,33
1,<environment.Job instance at 0x7f44e304ab40>,35,3,[ 3 11],36,49,52,13,36
1,<environment.Job instance at 0x7f44e304aaf0>,36,2,[9 4],37,58,60,21,37
1,<environment.Job instance at 0x7f44e301fc80>,21,17,[5 1],22,58,75,36,46
1,<environment.Job instance at 0x7f44e304a410>,27,15,[4 6],28,60,75,32,46
1,<environment.Job instance at 0x7f44e3042550>,47,1,[ 2 13],48,52,53,4,52
1,<environment.Job instance at 0x7f44e3042690>,51,15,[2 5],52,60,75,8,56
1,<environment.Job instance at 0x7f44e3042280>,45,17,[7 3],46,75,92,29,63
1,<environment.Job instance at 0x7f44e3042b90>,59,15,[4 5],60,75,90,15,66
1,<environment.Job instance at 0x7f44e3039050>,63,1,[5 1],64,90,91,26,66
1,<environment.Job instance at 0x7f44e3026be0>,69,18,[3 8],70,90,108,20,79
1,<environment.Job instance at 0x7f44e302c5a0>,70,18,[5 1],71,91,109,20,80
1,<environment.Job instance at 0x7f44e30268c0>,71,1,[11  4],72,109,110,37,81
1,<environment.Job instance at 0x7f44e3026910>,72,1,[ 5 14],73,108,109,35,81
1,<environment.Job instance at 0x7f44e3026c80>,73,3,[10  2],74,110,113,36,84
1,<environment.Job instance at 0x7f44e3042cd0>,57,15,[1 8],58,109,124,51,96
1,<environment.Job instance at 0x7f44e3026460>,80,3,[8 1],81,113,116,32,103
1,<environment.Job instance at 0x7f44e3026730>,76,17,[8 5],77,116,133,39,109
1,<environment.Job instance at 0x7f44e3026c30>,87,2,[12  4],88,133,135,45,109
1,<environment.Job instance at 0x7f44e3784cd0>,88,12,[7 3],89,135,147,46,118
1,<environment.Job instance at 0x7f44e3b2e5f0>,89,15,[3 7],90,124,139,34,118
1,<environment.Job instance at 0x7f44e31ca0f0>,90,18,[2 5],91,135,153,44,124
1,<environment.Job instance at 0x7f44e2b702d0>,95,14,[ 5 12],96,153,167,57,138
1,<environment.Job instance at 0x7f44e39a3280>,101,2,[2 7],102,139,141,37,138
1,<environment.Job instance at 0x7f44e39a3140>,100,1,[ 4 10],101,147,148,46,139
1,<environment.Job instance at 0x7f44e31b6690>,84,27,[7 1],85,148,175,63,148
1,<environment.Job instance at 0x7f44e3af2960>,108,1,[5 5],109,167,168,58,155
1,<environment.Job instance at 0x7f44e3b0f960>,109,3,[ 3 11],110,168,171,58,155
1,<environment.Job instance at 0x7f44e3b0f050>,112,1,[5 4],113,171,172,58,155
1,<environment.Job instance at 0x7f44e3b0f640>,113,24,[1 7],114,171,195,57,166
1,<environment.Job instance at 0x7f44e420df50>,0,2,[10  3],1,1,3,0,1
1,<environment.Job instance at 0x7f44e420d9b0>,1,14,[7 5],2,3,17,1,3
1,<environment.Job instance at 0x7f44e420d8c0>,2,14,[5 5],3,3,17,0,3
1,<environment.Job instance at 0x7f44e343dcd0>,10,1,[7 3],11,17,18,6,17
1,<environment.Job instance at 0x7f44e343daf0>,8,2,[2 9],9,17,19,8,17
1,<environment.Job instance at 0x7f44e34527d0>,13,3,[5 1],14,17,20,3,17
1,<environment.Job instance at 0x7f44e3452c80>,16,13,[7 2],17,18,31,1,18
1,<environment.Job instance at 0x7f44e3606960>,17,3,[ 1 10],18,19,22,1,19
1,<environment.Job instance at 0x7f44e3452a50>,15,3,[ 4 10],16,22,25,6,22
1,<environment.Job instance at 0x7f44e3450af0>,20,13,[3 6],21,25,38,4,25
1,<environment.Job instance at 0x7f44e34522d0>,14,14,[5 4],15,25,39,10,25
1,<environment.Job instance at 0x7f44e343d190>,9,15,[6 5],10,31,46,21,31
1,<environment.Job instance at 0x7f44e3ff6960>,27,15,[4 6],28,38,53,10,38
1,<environment.Job instance at 0x7f44e3450a50>,21,17,[5 1],22,39,56,17,39
1,<environment.Job instance at 0x7f44e3ff6320>,28,2,[8 5],29,53,55,24,53
1,<environment.Job instance at 0x7f44e3606500>,19,12,[10  2],20,55,67,35,55
1,<environment.Job instance at 0x7f44e3cc0c30>,31,17,[5 5],32,56,73,24,56
1,<environment.Job instance at 0x7f44e2fc12d0>,36,2,[9 4],37,67,69,30,67
1,<environment.Job instance at 0x7f44e3cef230>,33,15,[10  3],34,69,84,35,69
1,<environment.Job instance at 0x7f44e3fe66e0>,41,13,[2 6],42,73,86,31,73
1,<environment.Job instance at 0x7f44e3fe6f50>,43,15,[5 3],44,84,99,40,84
1,<environment.Job instance at 0x7f44e3cdd050>,26,16,[7 1],27,84,100,57,84
1,<environment.Job instance at 0x7f44e2a63cd0>,38,16,[5 8],39,99,115,60,99
1,<environment.Job instance at 0x7f44e2a937d0>,51,15,[2 5],52,99,114,47,99
1,<environment.Job instance at 0x7f44e3cc0b40>,30,16,[8 1],31,100,116,69,100
1,<environment.Job instance at 0x7f44e2a815a0>,52,15,[5 8],53,115,130,62,115
1,<environment.Job instance at 0x7f44e3b19190>,56,18,[1 6],57,115,133,58,115
1,<environment.Job instance at 0x7f44e3c917d0>,57,15,[1 8],58,130,145,72,130
1,<environment.Job instance at 0x7f44e2a603c0>,61,15,[10  1],62,130,145,68,130
1,<environment.Job instance at 0x7f44e2a60820>,59,15,[4 5],60,133,148,73,133
1,<environment.Job instance at 0x7f44e3ccad20>,63,1,[5 1],64,145,146,81,145
1,<environment.Job instance at 0x7f44e2fc19b0>,37,16,[5 5],38,145,161,107,145
1,<environment.Job instance at 0x7f44e3cca690>,64,15,[9 5],65,148,163,83,148
1,<environment.Job instance at 0x7f44e3440050>,70,18,[5 1],71,161,179,90,161
1,<environment.Job instance at 0x7f44e3440690>,73,3,[10  2],74,163,166,89,163
1,<environment.Job instance at 0x7f44e3fe6e10>,44,15,[10  4],45,166,181,121,166
1,<environment.Job instance at 0x7f44e336a690>,3,3,[1 6],4,4,7,0,4
1,<environment.Job instance at 0x7f44e336a140>,4,2,[10  4],5,5,7,0,5
1,<environment.Job instance at 0x7f44e336a6e0>,5,18,[7 1],6,7,25,1,6
1,<environment.Job instance at 0x7f44e3df7910>,6,1,[8 1],7,7,8,0,7
1,<environment.Job instance at 0x7f44e3df7320>,9,3,[1 5],10,10,13,0,10
1,<environment.Job instance at 0x7f44e3df7eb0>,11,1,[ 2 14],12,13,14,1,12
1,<environment.Job instance at 0x7f44e3df7c80>,12,1,[ 3 13],13,14,15,1,13
1,<environment.Job instance at 0x7f44e2ca5050>,19,3,[11  5],20,25,28,5,20
1,<environment.Job instance at 0x7f44e2ca5190>,25,27,[1 5],26,26,53,0,26
1,<environment.Job instance at 0x7f44e2ca5690>,26,15,[4 5],27,28,43,1,27
1,<environment.Job instance at 0x7f44e2ca5320>,28,23,[6 1],29,29,52,0,29
1,<environment.Job instance at 0x7f44e2ca5dc0>,31,1,[ 1 11],32,53,54,21,37
1,<environment.Job instance at 0x7f44e2ca5c80>,32,3,[ 4 10],33,54,57,21,38
1,<environment.Job instance at 0x7f44e3f4e870>,34,17,[3 7],35,57,74,22,45
1,<environment.Job instance at 0x7f44e3f4e4b0>,41,2,[13  3],42,52,54,10,50
1,<environment.Job instance at 0x7f44e3f4e320>,48,1,[7 1],49,50,51,1,50
1,<environment.Job instance at 0x7f44e3f4e5f0>,49,1,[3 8],50,51,52,1,50
1,<environment.Job instance at 0x7f44ec921e60>,51,13,[10  5],52,54,67,2,52
1,<environment.Job instance at 0x7f44e3f4ef00>,46,14,[10  5],47,67,81,20,55
1,<environment.Job instance at 0x7f44ec921aa0>,53,3,[10  4],54,81,84,27,62
1,<environment.Job instance at 0x7f44e2ca59b0>,24,16,[5 5],25,74,90,49,62
1,<environment.Job instance at 0x7f44e3f4e0a0>,35,14,[4 9],36,84,98,48,79
1,<environment.Job instance at 0x7f44ec921550>,55,14,[ 5 14],56,98,112,42,84
1,<environment.Job instance at 0x7f44e42de640>,63,2,[5 8],64,112,114,48,96
1,<environment.Job instance at 0x7f44e42de550>,59,3,[4 5],60,112,115,52,96
1,<environment.Job instance at 0x7f44e3b2bc80>,72,3,[4 8],73,114,117,41,97
1,<environment.Job instance at 0x7f44e3b2bfa0>,73,2,[9 2],74,115,117,41,97
1,<environment.Job instance at 0x7f44e3b2b870>,75,1,[6 1],76,97,98,21,97
1,<environment.Job instance at 0x7f44e3b2bd70>,77,2,[5 3],78,117,119,39,97
1,<environment.Job instance at 0x7f44e3b2b9b0>,79,15,[6 1],80,98,113,18,98
1,<environment.Job instance at 0x7f44e3b2b3c0>,83,13,[ 2 10],84,117,130,33,103
1,<environment.Job instance at 0x7f44e3b2be60>,78,15,[6 2],79,117,132,38,116
1,<environment.Job instance at 0x7f44ec99aaf0>,97,15,[5 7],98,130,145,32,118
1,<environment.Job instance at 0x7f44e3b2b280>,76,15,[13  1],77,145,160,68,131
1,<environment.Job instance at 0x7f44e3d95c80>,98,12,[5 5],99,132,144,33,131
1,<environment.Job instance at 0x7f44e3d956e0>,105,1,[7 5],106,144,145,38,140
1,<environment.Job instance at 0x7f44e3d959b0>,106,2,[ 1 10],107,145,147,38,140
1,<environment.Job instance at 0x7f44e3d957d0>,101,13,[4 7],102,160,173,58,151
1,<environment.Job instance at 0x7f44e31eceb0>,110,17,[6 2],111,160,177,49,155
1,<environment.Job instance at 0x7f44e3026370>,1,17,[10  2],2,2,19,0,2
1,<environment.Job instance at 0x7f44e3042820>,3,3,[1 6],4,4,7,0,4
1,<environment.Job instance at 0x7f44e301fa50>,9,3,[1 5],10,10,13,0,10
1,<environment.Job instance at 0x7f44e304a6e0>,6,1,[8 1],7,19,20,12,19
1,<environment.Job instance at 0x7f44e304a910>,7,17,[6 1],8,19,36,11,19
1,<environment.Job instance at 0x7f44e2a65550>,16,14,[5 4],17,20,34,3,20
1,<environment.Job instance at 0x7f44e2a653c0>,18,16,[6 4],19,34,50,15,34
1,<environment.Job instance at 0x7f44e3cecb40>,24,16,[5 5],25,36,52,11,36
1,<environment.Job instance at 0x7f44e3ceb500>,26,15,[4 5],27,36,51,9,36
1,<environment.Job instance at 0x7f44e3ae1e10>,4,2,[10  4],5,51,53,46,51
1,<environment.Job instance at 0x7f44e3ce6fa0>,32,3,[ 4 10],33,52,55,19,52
1,<environment.Job instance at 0x7f44e302c050>,5,18,[7 1],6,53,71,47,53
1,<environment.Job instance at 0x7f44e34255f0>,38,12,[ 5 10],39,55,67,16,55
1,<environment.Job instance at 0x7f44e34347d0>,35,14,[4 9],36,67,81,31,67
1,<environment.Job instance at 0x7f44e377aa50>,10,18,[9 3],11,71,89,60,71
1,<environment.Job instance at 0x7f44e3432aa0>,40,12,[1 8],41,81,93,40,81
1,<environment.Job instance at 0x7f44e318fd20>,46,14,[10  5],47,89,103,42,89
1,<environment.Job instance at 0x7f44e3646dc0>,29,14,[4 8],30,93,107,63,93
1,<environment.Job instance at 0x7f44e36448c0>,48,1,[7 1],49,103,104,54,103
1,<environment.Job instance at 0x7f44e3af1aa0>,51,13,[10  5],52,104,117,52,104
1,<environment.Job instance at 0x7f44e3790c80>,49,1,[3 8],50,107,108,57,107
1,<environment.Job instance at 0x7f44e3423a50>,43,14,[5 5],44,108,122,64,108
1,<environment.Job instance at 0x7f44e364e960>,53,3,[10  4],54,117,120,63,117
1,<environment.Job instance at 0x7f44e2a764b0>,59,3,[4 5],60,120,123,60,120
1,<environment.Job instance at 0x7f44e3179460>,63,2,[5 8],64,122,124,58,122
1,<environment.Job instance at 0x7f44e2a8cd20>,60,12,[2 7],61,123,135,62,123
1,<environment.Job instance at 0x7f44e3feb780>,69,2,[6 2],70,124,126,54,124
1,<environment.Job instance at 0x7f44e3179820>,65,12,[5 6],66,124,136,58,124
1,<environment.Job instance at 0x7f44e32e30f0>,70,15,[6 2],71,126,141,55,126
1,<environment.Job instance at 0x7f44e3434c80>,34,17,[3 7],35,135,152,100,135
1,<environment.Job instance at 0x7f44e33ac190>,73,2,[9 2],74,141,143,67,141
1,<environment.Job instance at 0x7f44e32e94b0>,75,1,[6 1],76,143,144,67,143
1,<environment.Job instance at 0x7f44e3440870>,77,2,[5 3],78,143,145,65,143
1,<environment.Job instance at 0x7f44e3440640>,78,15,[6 2],79,144,159,65,144
1,<environment.Job instance at 0x7f44e34407d0>,79,15,[6 1],80,145,160,65,145
1,<environment.Job instance at 0x7f44e3440eb0>,80,13,[1 6],81,152,165,71,152
1,<environment.Job instance at 0x7f44e33acaf0>,72,3,[4 8],73,159,162,86,159
1,<environment.Job instance at 0x7f44e3435eb0>,57,15,[8 5],58,162,177,104,162
1,<environment.Job instance at 0x7f44e3cca780>,83,13,[ 2 10],84,166,179,82,166
1,<environment.Job instance at 0x7f44e3e97e60>,4,15,[4 7],5,5,20,0,5
1,<environment.Job instance at 0x7f44e3e97280>,5,16,[7 4],6,6,22,0,6
1,<environment.Job instance at 0x7f44ecd36550>,6,12,[5 2],7,20,32,13,7
1,<environment.Job instance at 0x7f44e3e83690>,7,13,[7 2],8,22,35,14,8
1,<environment.Job instance at 0x7f44e4344500>,12,2,[ 1 10],13,22,24,9,13
1,<environment.Job instance at 0x7f44e43ae0a0>,9,23,[ 1 10],10,24,47,14,19
1,<environment.Job instance at 0x7f44e3b222d0>,10,16,[ 1 12],11,94,110,83,94
1,<environment.Job instance at 0x7f44e2bee410>,4,15,[4 7],5,5,20,0,5
1,<environment.Job instance at 0x7f44e2bee370>,5,16,[7 4],6,6,22,0,6
1,<environment.Job instance at 0x7f44e3b2b500>,12,2,[ 1 10],13,20,22,7,20
1,<environment.Job instance at 0x7f44e2bee3c0>,6,12,[5 2],7,22,34,15,22
1,<environment.Job instance at 0x7f44e2c649b0>,7,13,[7 2],8,22,35,14,22
1,<environment.Job instance at 0x7f44e3fe6460>,23,3,[6 2],24,34,37,10,34
1,<environment.Job instance at 0x7f44e3f4e550>,16,15,[7 3],17,35,50,18,35
1,<environment.Job instance at 0x7f44e2a63cd0>,18,17,[5 7],19,37,54,18,37
1,<environment.Job instance at 0x7f44e3df7230>,20,14,[10  4],21,50,64,29,50
1,<environment.Job instance at 0x7f44e2a7f870>,27,18,[4 9],28,54,72,26,54
1,<environment.Job instance at 0x7f44e3cebe60>,34,13,[5 2],35,64,77,29,64
1,<environment.Job instance at 0x7f44e3880af0>,35,3,[ 1 10],36,72,75,36,72
1,<environment.Job instance at 0x7f44e3427d70>,32,13,[8 5],33,76,89,43,76
1,<environment.Job instance at 0x7f44e2d96aa0>,37,13,[3 6],38,77,90,39,77
1,<environment.Job instance at 0x7f44e43ae190>,38,14,[5 9],39,89,103,50,89
1,<environment.Job instance at 0x7f44e32e94b0>,24,15,[10  3],25,90,105,65,90
1,<environment.Job instance at 0x7f44e33ee230>,45,18,[ 2 10],46,103,121,57,103
1,<environment.Job instance at 0x7f44e33eeaf0>,44,2,[9 2],45,105,107,60,105
1,<environment.Job instance at 0x7f44e33ee0a0>,49,13,[5 1],50,107,120,57,107
1,<environment.Job instance at 0x7f44e2a8cd20>,28,17,[8 4],29,107,124,78,107
1,<environment.Job instance at 0x7f44e33ee4b0>,47,14,[3 5],48,121,135,73,121
1,<environment.Job instance at 0x7f44e33ee190>,52,1,[4 7],53,124,125,71,124
1,<environment.Job instance at 0x7f44e33ee640>,53,2,[ 5 10],54,125,127,71,125
1,<environment.Job instance at 0x7f44e33eedc0>,56,14,[5 3],57,127,141,70,127
1,<environment.Job instance at 0x7f44e33ee460>,50,17,[1 7],51,127,144,76,127
1,<environment.Job instance at 0x7f44ecbbc3c0>,59,12,[7 1],60,135,147,75,135
1,<environment.Job instance at 0x7f44ecbbcbe0>,60,3,[2 6],61,141,144,80,141
1,<environment.Job instance at 0x7f44e33ee550>,57,2,[3 9],58,144,146,86,144
1,<environment.Job instance at 0x7f44ecbbca50>,62,14,[7 2],63,146,160,83,146
1,<environment.Job instance at 0x7f44ecbbc7d0>,63,12,[5 5],64,147,159,83,147
1,<environment.Job instance at 0x7f44e33ee320>,51,16,[8 4],52,159,175,107,159
1,<environment.Job instance at 0x7f44ecbbc1e0>,66,18,[7 2],67,160,178,93,160
1,<environment.Job instance at 0x7f44e317ed20>,2,13,[3 8],3,3,16,0,3
1,<environment.Job instance at 0x7f44e3b0e1e0>,3,24,[5 2],4,4,28,0,4
1,<environment.Job instance at 0x7f44e2aab910>,5,2,[1 7],6,16,18,10,6
1,<environment.Job instance at 0x7f44e2aabc80>,6,2,[9 4],7,16,18,9,7
1,<environment.Job instance at 0x7f44e3223460>,7,13,[7 2],8,18,31,10,8
1,<environment.Job instance at 0x7f44e4225550>,10,1,[13  1],11,31,32,20,11
1,<environment.Job instance at 0x7f44e2fc19b0>,15,3,[9 5],16,32,35,16,16
1,<environment.Job instance at 0x7f44e2ac85f0>,13,12,[1 5],14,18,30,4,18
1,<environment.Job instance at 0x7f44e39edeb0>,17,12,[4 7],18,32,44,14,18
1,<environment.Job instance at 0x7f44e2f984b0>,1,17,[5 5],2,2,19,0,2
1,<environment.Job instance at 0x7f44e41a6730>,2,13,[3 8],3,3,16,0,3
1,<environment.Job instance at 0x7f44e41a6f50>,7,13,[7 2],8,8,21,0,8
1,<environment.Job instance at 0x7f44e41a67d0>,14,1,[1 5],15,16,17,1,16
1,<environment.Job instance at 0x7f44e41a6640>,5,2,[1 7],6,17,19,11,17
1,<environment.Job instance at 0x7f44eca2fa00>,17,12,[4 7],18,19,31,1,19
1,<environment.Job instance at 0x7f44eca2f550>,13,12,[1 5],14,19,31,5,19
1,<environment.Job instance at 0x7f44e2f98dc0>,6,2,[9 4],7,31,33,24,31
1,<environment.Job instance at 0x7f44e34955a0>,21,3,[3 5],22,31,34,9,31
1,<environment.Job instance at 0x7f44eca2fb40>,15,3,[9 5],16,33,36,17,33
1,<environment.Job instance at 0x7f44e34952d0>,27,3,[2 5],28,33,36,5,33
1,<environment.Job instance at 0x7f44e360b4b0>,28,3,[8 3],29,36,39,7,36
1,<environment.Job instance at 0x7f44e3495a50>,22,13,[ 4 10],23,36,49,13,36
1,<environment.Job instance at 0x7f44e360b5a0>,32,15,[5 3],33,39,54,6,39
1,<environment.Job instance at 0x7f44e3607050>,33,1,[9 3],34,49,50,15,49
1,<environment.Job instance at 0x7f44e360b550>,31,16,[1 6],32,49,65,17,49
1,<environment.Job instance at 0x7f44e36072d0>,34,14,[5 2],35,50,64,15,50
1,<environment.Job instance at 0x7f44eca2f0a0>,16,16,[5 5],17,54,70,37,54
1,<environment.Job instance at 0x7f44e3f150f0>,38,15,[7 3],39,64,79,25,64
1,<environment.Job instance at 0x7f44e3f156e0>,36,18,[1 5],37,65,83,28,65
1,<environment.Job instance at 0x7f44e3f15c30>,43,2,[2 7],44,70,72,26,70
1,<environment.Job instance at 0x7f44e3f15410>,45,1,[5 5],46,79,80,33,79
1,<environment.Job instance at 0x7f44e2d0c910>,54,12,[2 5],55,79,91,24,79
1,<environment.Job instance at 0x7f44ecd66d20>,46,3,[10  1],47,80,83,33,80
1,<environment.Job instance at 0x7f44eced6f50>,58,12,[8 2],59,83,95,24,83
1,<environment.Job instance at 0x7f44e2d0c7d0>,61,13,[3 8],62,83,96,21,83
1,<environment.Job instance at 0x7f44e3998050>,63,12,[6 3],64,95,107,31,95
1,<environment.Job instance at 0x7f44e3998d20>,65,12,[5 9],66,97,109,31,97
1,<environment.Job instance at 0x7f44e2d0c370>,60,15,[5 5],61,107,122,46,107
1,<environment.Job instance at 0x7f44e39da460>,69,14,[5 1],70,107,121,37,107
1,<environment.Job instance at 0x7f44e39da280>,70,3,[6 3],71,121,124,50,121
1,<environment.Job instance at 0x7f44e39da640>,72,13,[3 7],73,122,135,49,122
1,<environment.Job instance at 0x7f44e39da8c0>,73,20,[6 2],74,123,143,49,123
1,<environment.Job instance at 0x7f44eca2f370>,19,16,[ 2 10],20,135,151,115,135
1,<environment.Job instance at 0x7f44e3998870>,68,18,[7 3],69,135,153,66,135
1,<environment.Job instance at 0x7f44e34959b0>,24,18,[ 2 10],25,151,169,126,151
1,<environment.Job instance at 0x7f44ecbbcc80>,80,13,[6 3],81,153,166,72,153
1,<environment.Job instance at 0x7f44ecbbc1e0>,78,16,[10  2],79,166,182,87,166
1,<environment.Job instance at 0x7f44e39988c0>,64,22,[ 3 10],65,169,191,104,169
1,<environment.Job instance at 0x7f19a08d86e0>,0,17,[6 1],1,1,18,0,1
1,<environment.Job instance at 0x7f19a08d8730>,1,3,[ 2 10],2,2,5,0,2
1,<environment.Job instance at 0x7f199728ec80>,5,2,[1 6],6,6,8,0,6
1,<environment.Job instance at 0x7f199728efa0>,9,12,[8 2],10,10,22,0,10
1,<environment.Job instance at 0x7f1997293230>,11,3,[4 9],12,18,21,6,12
1,<environment.Job instance at 0x7f199728ecd0>,14,21,[8 1],15,22,43,7,15
1,<environment.Job instance at 0x7f1997293460>,15,3,[2 8],16,21,24,5,16
1,<environment.Job instance at 0x7f19972935a0>,16,18,[7 3],17,24,42,7,17
1,<environment.Job instance at 0x7f19972935f0>,20,3,[10  5],21,43,46,22,21
1,<environment.Job instance at 0x7f1997293690>,17,12,[5 1],18,42,54,24,25
1,<environment.Job instance at 0x7f1997293910>,22,12,[3 8],23,46,58,23,29
1,<environment.Job instance at 0x7f19972938c0>,24,2,[4 6],25,46,48,21,38
1,<environment.Job instance at 0x7f1997293c30>,25,2,[5 7],26,54,56,28,38
1,<environment.Job instance at 0x7f1997293dc0>,26,12,[8 5],27,56,68,29,39
1,<environment.Job instance at 0x7f199728ef00>,8,2,[ 1 14],9,68,70,59,41
1,<environment.Job instance at 0x7f1997293500>,0,17,[6 1],1,1,18,0,1
1,<environment.Job instance at 0x7f199742f050>,1,3,[ 2 10],2,2,5,0,2
1,<environment.Job instance at 0x7f19972966e0>,4,13,[3 6],5,5,18,0,5
1,<environment.Job instance at 0x7f1997296500>,3,22,[2 5],4,5,27,1,5
1,<environment.Job instance at 0x7f19a08d8870>,5,2,[1 6],6,18,20,12,18
1,<environment.Job instance at 0x7f199735d640>,9,12,[8 2],10,18,30,8,18
1,<environment.Job instance at 0x7f19973b9d20>,15,3,[2 8],16,20,23,4,20
1,<environment.Job instance at 0x7f19973b9910>,17,12,[5 1],18,23,35,5,23
1,<environment.Job instance at 0x7f1997293b90>,2,14,[ 2 10],3,27,41,24,27
1,<environment.Job instance at 0x7f19973b9a00>,16,18,[7 3],17,30,48,13,30
1,<environment.Job instance at 0x7f1997352500>,11,3,[4 9],12,41,44,29,41
1,<environment.Job instance at 0x7f1997350e10>,24,2,[4 6],25,44,46,19,44
1,<environment.Job instance at 0x7f1997350730>,25,2,[5 7],26,46,48,20,46
1,<environment.Job instance at 0x7f1997350050>,20,3,[10  5],21,48,51,27,48
1,<environment.Job instance at 0x7f1997350a00>,22,12,[3 8],23,48,60,25,48
1,<environment.Job instance at 0x7f1997350190>,26,12,[8 5],27,51,63,24,51
1,<environment.Job instance at 0x7f1997436050>,34,14,[1 9],35,60,74,25,60
1,<environment.Job instance at 0x7f1997350cd0>,27,17,[4 6],28,63,80,35,63
1,<environment.Job instance at 0x7f1997391320>,37,14,[5 8],38,74,88,36,74
1,<environment.Job instance at 0x7f19973aaf50>,41,12,[8 3],42,80,92,38,80
1,<environment.Job instance at 0x7f19973aa230>,43,16,[1 8],44,88,104,44,88
1,<environment.Job instance at 0x7f19973aa190>,44,12,[9 3],45,92,104,47,92
1,<environment.Job instance at 0x7f199734b230>,46,14,[6 5],47,104,118,57,104
1,<environment.Job instance at 0x7f199734baf0>,49,13,[1 5],50,104,117,54,104
1,<environment.Job instance at 0x7f199734beb0>,51,13,[5 6],52,117,130,65,117
1,<environment.Job instance at 0x7f199734bc30>,55,15,[5 4],56,118,133,62,118
1,<environment.Job instance at 0x7f199743b550>,56,2,[4 7],57,130,132,73,130
1,<environment.Job instance at 0x7f1997436aa0>,35,16,[1 9],36,133,149,97,133
1,<environment.Job instance at 0x7f19973847d0>,39,18,[9 4],40,133,151,93,133
1,<environment.Job instance at 0x7f199739d4b0>,62,2,[5 9],63,149,151,86,149
1,<environment.Job instance at 0x7f199739deb0>,60,14,[ 2 10],61,152,166,91,152
1,<environment.Job instance at 0x7f1997350f50>,21,18,[9 4],22,152,170,130,152
1,<environment.Job instance at 0x7f199733d460>,64,12,[5 6],65,166,178,101,166
1,<environment.Job instance at 0x7f199733d4b0>,65,15,[5 5],66,170,185,104,170
1,<environment.Job instance at 0x7f199734fd70>,68,14,[6 4],69,178,192,109,178
1,<environment.Job instance at 0x7f19969e10a0>,2,21,[2 5],3,3,24,0,3
1,<environment.Job instance at 0x7f19969e1050>,6,13,[9 5],7,7,20,0,7
1,<environment.Job instance at 0x7f19969e1aa0>,10,3,[9 5],11,20,23,9,11
1,<environment.Job instance at 0x7f19969e27d0>,12,12,[1 9],13,23,35,10,13
1,<environment.Job instance at 0x7f19969e2730>,15,13,[7 3],16,24,37,8,17
1,<environment.Job instance at 0x7f19969e2a50>,17,21,[2 7],18,35,56,17,27
1,<environment.Job instance at 0x7f19969e2140>,19,13,[7 2],20,37,50,17,27
1,<environment.Job instance at 0x7f19969e2460>,20,2,[11  3],21,50,52,29,27
1,<environment.Job instance at 0x7f1996b561e0>,23,13,[7 1],24,52,65,28,36
1,<environment.Job instance at 0x7f19969d8320>,22,16,[5 3],23,72,88,49,72
1,<environment.Job instance at 0x7f1996ac4640>,28,1,[14  4],29,88,89,59,73
1,<environment.Job instance at 0x7f19972ac8c0>,2,21,[2 5],3,3,24,0,3
1,<environment.Job instance at 0x7f19972ac690>,4,21,[9 3],5,5,26,0,5
1,<environment.Job instance at 0x7f19972ac2d0>,12,12,[1 9],13,24,36,11,24
1,<environment.Job instance at 0x7f19972ac050>,10,3,[9 5],11,26,29,15,26
1,<environment.Job instance at 0x7f19972ac4b0>,6,13,[9 5],7,29,42,22,29
1,<environment.Job instance at 0x7f1997350cd0>,16,18,[1 7],17,36,54,19,36
1,<environment.Job instance at 0x7f1997350910>,19,13,[7 2],20,42,55,22,42
1,<environment.Job instance at 0x7f1997350410>,15,13,[7 3],16,42,55,26,42
1,<environment.Job instance at 0x7f1997350690>,23,13,[7 1],24,55,68,31,55
1,<environment.Job instance at 0x7f1997350c30>,22,16,[5 3],23,55,71,32,55
1,<environment.Job instance at 0x7f19973507d0>,21,17,[2 7],22,55,72,33,55
1,<environment.Job instance at 0x7f1997350370>,25,16,[5 6],26,71,87,45,71
1,<environment.Job instance at 0x7f19972ac6e0>,5,17,[9 1],6,72,89,66,72
1,<environment.Job instance at 0x7f1996be6320>,30,13,[2 5],31,87,100,56,87
1,<environment.Job instance at 0x7f1996ab9690>,29,17,[3 6],30,87,104,57,87
1,<environment.Job instance at 0x7f1996a48f50>,42,15,[8 5],43,100,115,57,100
1,<environment.Job instance at 0x7f19a08d8780>,26,15,[ 2 10],27,104,119,77,104
1,<environment.Job instance at 0x7f1996abbf50>,37,17,[8 5],38,115,132,77,115
1,<environment.Job instance at 0x7f1996a4bdc0>,45,12,[4 8],46,121,133,75,121
1,<environment.Job instance at 0x7f19972ac410>,9,17,[9 5],10,132,149,122,132
1,<environment.Job instance at 0x7f1996a53730>,51,14,[1 7],52,134,148,82,134
1,<environment.Job instance at 0x7f1996a4ec30>,52,13,[4 8],53,148,161,95,148
1,<environment.Job instance at 0x7f1996a4e4b0>,53,16,[8 4],54,149,165,95,149
1,<environment.Job instance at 0x7f1996a5e870>,56,13,[2 7],57,161,174,104,161
1,<environment.Job instance at 0x7f1996a5ad20>,57,2,[7 2],58,165,167,107,165
1,<environment.Job instance at 0x7f1996a5a0f0>,59,13,[8 1],60,167,180,107,167
1,<environment.Job instance at 0x7f1996a4bc80>,46,19,[4 7],47,167,186,120,167
1,<environment.Job instance at 0x7f19968b8e10>,3,3,[ 5 10],4,4,7,0,4
1,<environment.Job instance at 0x7f19968b82d0>,4,1,[9 5],5,5,6,0,5
1,<environment.Job instance at 0x7f19968b8500>,6,2,[5 3],7,7,9,0,7
1,<environment.Job instance at 0x7f19968b8dc0>,7,12,[3 8],8,8,20,0,8
1,<environment.Job instance at 0x7f19968b8f50>,5,16,[5 2],6,9,25,3,9
1,<environment.Job instance at 0x7f1996840730>,11,1,[7 3],12,12,13,0,12
1,<environment.Job instance at 0x7f1996840280>,19,1,[10  5],20,20,21,0,20
1,<environment.Job instance at 0x7f1996840e10>,20,2,[ 2 12],21,21,23,0,21
1,<environment.Job instance at 0x7f1996840780>,21,13,[ 5 10],22,23,36,1,22
1,<environment.Job instance at 0x7f19968405a0>,23,2,[9 3],24,25,27,1,24
1,<environment.Job instance at 0x7f1996840dc0>,24,2,[3 5],25,27,29,2,25
1,<environment.Job instance at 0x7f1996849870>,26,15,[1 9],27,36,51,9,27
1,<environment.Job instance at 0x7f1996849f50>,27,13,[1 7],28,51,64,23,35
1,<environment.Job instance at 0x7f1996849a50>,35,24,[2 7],36,51,75,15,46
1,<environment.Job instance at 0x7f1996849b40>,40,14,[4 5],41,64,78,23,49
1,<environment.Job instance at 0x7f1996849780>,42,13,[ 1 12],43,78,91,35,62
1,<environment.Job instance at 0x7f19a97e2a50>,43,13,[5 6],44,91,104,47,75
1,<environment.Job instance at 0x7f1996849280>,44,2,[5 7],45,75,77,30,75
1,<environment.Job instance at 0x7f1996849190>,34,15,[10  4],35,91,106,56,84
1,<environment.Job instance at 0x7f1996849b90>,28,19,[12  4],29,106,125,77,96
1,<environment.Job instance at 0x7f19a0a430f0>,47,22,[ 3 11],48,140,162,92,140
1,<environment.Job instance at 0x7f19a0a43280>,48,20,[4 9],49,162,182,113,160
1,<environment.Job instance at 0x7f19a0a438c0>,50,1,[ 5 11],51,182,183,131,161
1,<environment.Job instance at 0x7f19a0a43730>,51,1,[12  4],52,183,184,131,164
1,<environment.Job instance at 0x7f1996dae1e0>,2,21,[ 5 10],3,3,24,0,3
1,<environment.Job instance at 0x7f1996daec80>,4,1,[9 5],5,5,6,0,5
1,<environment.Job instance at 0x7f1997a31be0>,5,16,[5 2],6,6,22,0,6
1,<environment.Job instance at 0x7f1997122be0>,6,2,[5 3],7,7,9,0,7
1,<environment.Job instance at 0x7f1996c0d730>,11,1,[7 3],12,22,23,10,22
1,<environment.Job instance at 0x7f1996c66460>,12,13,[5 5],13,23,36,10,23
1,<environment.Job instance at 0x7f1997dd31e0>,19,1,[10  5],20,24,25,4,24
1,<environment.Job instance at 0x7f1996c32b40>,23,2,[9 3],24,25,27,1,25
1,<environment.Job instance at 0x7f1996c32230>,24,2,[3 5],25,27,29,2,27
1,<environment.Job instance at 0x7f1996db75a0>,3,3,[ 5 10],4,29,32,25,29
1,<environment.Job instance at 0x7f1996f28140>,7,12,[3 8],8,32,44,24,32
1,<environment.Job instance at 0x7f19a04adaa0>,27,13,[1 7],28,36,49,8,36
1,<environment.Job instance at 0x7f1996c66be0>,9,14,[2 8],10,44,58,34,44
1,<environment.Job instance at 0x7f1996cdc140>,34,15,[10  4],35,49,64,14,49
1,<environment.Job instance at 0x7f1997a2bd20>,21,13,[ 5 10],22,58,71,36,58
1,<environment.Job instance at 0x7f1996c386e0>,40,14,[4 5],41,64,78,23,64
1,<environment.Job instance at 0x7f1996c383c0>,43,13,[5 6],44,71,84,27,71
1,<environment.Job instance at 0x7f1996c375f0>,44,2,[5 7],45,78,80,33,78
1,<environment.Job instance at 0x7f1996c0e730>,52,13,[10  4],53,80,93,27,80
1,<environment.Job instance at 0x7f19973fa2d0>,26,15,[1 9],27,84,99,57,84
1,<environment.Job instance at 0x7f1996cdc230>,37,16,[4 5],38,93,109,55,93
1,<environment.Job instance at 0x7f1996cb5b40>,62,1,[ 4 10],63,100,101,37,100
1,<environment.Job instance at 0x7f1996ec79b0>,68,17,[9 4],69,101,118,32,101
1,<environment.Job instance at 0x7f1996ec7460>,69,14,[6 4],70,109,123,39,109
1,<environment.Job instance at 0x7f1996b75d20>,56,18,[5 5],57,118,136,61,118
1,<environment.Job instance at 0x7f1996cdf410>,72,15,[2 6],73,118,133,45,118
1,<environment.Job instance at 0x7f1996aed2d0>,73,17,[10  4],74,134,151,60,134
1,<environment.Job instance at 0x7f1996ec7870>,67,20,[2 7],68,136,156,68,136
1,<environment.Job instance at 0x7f1996b953c0>,75,14,[10  2],76,152,166,76,152
1,<environment.Job instance at 0x7f1996c73410>,30,18,[10  5],31,167,185,136,167
1,<environment.Job instance at 0x7f1996ce1af0>,80,13,[ 4 10],81,167,180,86,167
1,<environment.Job instance at 0x7f1996f11190>,3,1,[ 4 10],4,4,5,0,4
1,<environment.Job instance at 0x7f1996f0cd70>,13,12,[3 9],14,14,26,0,14
1,<environment.Job instance at 0x7f1996f0c8c0>,15,21,[5 6],16,16,37,0,16
1,<environment.Job instance at 0x7f1996f0c780>,17,13,[4 5],18,26,39,8,18
1,<environment.Job instance at 0x7f1997a423c0>,0,14,[10  2],1,1,15,0,1
1,<environment.Job instance at 0x7f1997a42c80>,1,17,[4 9],2,2,19,0,2
1,<environment.Job instance at 0x7f19bc0aad20>,5,18,[8 2],6,15,33,9,15
1,<environment.Job instance at 0x7f1997a450a0>,3,1,[ 4 10],4,19,20,15,19
1,<environment.Job instance at 0x7f1996ecf640>,7,15,[2 7],8,20,35,12,20
1,<environment.Job instance at 0x7f1996f2ba50>,9,17,[2 6],10,20,37,10,20
1,<environment.Job instance at 0x7f1996f2bb90>,8,16,[6 1],9,33,49,24,33
1,<environment.Job instance at 0x7f1997a42a50>,4,16,[1 7],5,35,51,30,35
1,<environment.Job instance at 0x7f1996fb4dc0>,17,13,[4 5],18,37,50,19,37
1,<environment.Job instance at 0x7f1996cd9be0>,10,14,[10  3],11,49,63,38,49
1,<environment.Job instance at 0x7f1996eeca00>,19,16,[1 5],20,50,66,30,50
1,<environment.Job instance at 0x7f1996cd9640>,11,18,[4 7],12,51,69,39,51
1,<environment.Job instance at 0x7f1996c36cd0>,25,13,[10  1],26,63,76,37,63
1,<environment.Job instance at 0x7f1996c36d70>,26,3,[5 1],27,69,72,42,69
1,<environment.Job instance at 0x7f1996e7e6e0>,13,12,[3 9],14,72,84,58,72
1,<environment.Job instance at 0x7f1996c36140>,29,12,[9 3],30,76,88,46,76
1,<environment.Job instance at 0x7f1996c36640>,32,2,[3 7],33,84,86,51,84
1,<environment.Job instance at 0x7f1996c36c30>,33,2,[1 6],34,86,88,52,86
1,<environment.Job instance at 0x7f1996c36870>,35,17,[5 6],36,86,103,50,86
1,<environment.Job instance at 0x7f1996c364b0>,28,14,[6 5],29,88,102,59,88
1,<environment.Job instance at 0x7f1996c69460>,39,1,[3 5],40,102,103,62,102
1,<environment.Job instance at 0x7f1996e7ed20>,16,14,[ 3 10],17,103,117,86,103
1,<environment.Job instance at 0x7f1996c69690>,41,15,[10  2],42,103,118,61,103
1,<environment.Job instance at 0x7f1996f299b0>,44,16,[2 8],45,117,133,72,117
1,<environment.Job instance at 0x7f1996cdf410>,51,12,[6 4],52,118,130,66,118
1,<environment.Job instance at 0x7f1996ec7960>,55,17,[10  2],56,130,147,74,130
1,<environment.Job instance at 0x7f1996ec7cd0>,54,15,[ 3 10],55,133,148,78,133
1,<environment.Job instance at 0x7f1996ec7460>,56,13,[10  2],57,147,160,90,147
1,<environment.Job instance at 0x7f1996cb5b40>,57,14,[5 1],58,148,162,90,148
1,<environment.Job instance at 0x7f1996cb5e60>,62,14,[9 2],63,160,174,97,160
1,<environment.Job instance at 0x7f1996c37960>,63,3,[ 1 10],64,160,163,96,160
1,<environment.Job instance at 0x7f1996cdc6e0>,65,14,[5 8],66,163,177,97,163
1,<environment.Job instance at 0x7f1996c24050>,66,2,[5 5],67,174,176,107,174
1,<environment.Job instance at 0x7f1996cb5190>,61,14,[8 4],62,176,190,114,176
1,<environment.Job instance at 0x7f1996cdc3c0>,68,1,[5 5],69,177,178,108,177
1,<environment.Job instance at 0x7f1997ae08c0>,67,18,[6 2],68,178,196,110,178
1,<environment.Job instance at 0x7f19978a13c0>,0,17,[6 3],1,1,18,0,1
1,<environment.Job instance at 0x7f19976db0f0>,3,3,[1 6],4,4,7,0,4
1,<environment.Job instance at 0x7f19976dc7d0>,4,3,[13  1],5,18,21,13,5
1,<environment.Job instance at 0x7f19976dc690>,9,3,[4 7],10,10,13,0,10
1,<environment.Job instance at 0x7f19976dcd20>,11,12,[1 5],12,12,24,0,12
1,<environment.Job instance at 0x7f19976dcf50>,12,14,[5 2],13,21,35,8,13
1,<environment.Job instance at 0x7f19976eceb0>,13,12,[6 4],14,21,33,7,14
1,<environment.Job instance at 0x7f19976e8780>,18,15,[5 5],19,33,48,14,19
1,<environment.Job instance at 0x7f1996c5ceb0>,20,3,[ 2 12],21,48,51,27,22
1,<environment.Job instance at 0x7f1996c3e0f0>,30,1,[6 2],31,35,36,4,31
1,<environment.Job instance at 0x7f19976dc550>,5,14,[9 2],6,36,50,30,33
1,<environment.Job instance at 0x7f1997de2dc0>,33,19,[6 2],34,50,69,16,40
1,<environment.Job instance at 0x7f1996c7b690>,35,14,[2 7],36,51,65,15,40
1,<environment.Job instance at 0x7f19976e84b0>,21,21,[6 2],22,51,72,29,45
1,<environment.Job instance at 0x7f19976f0640>,36,14,[5 7],37,69,83,32,55
1,<environment.Job instance at 0x7f19969bbbe0>,41,12,[ 3 14],42,83,95,41,67
1,<environment.Job instance at 0x7f1997ddedc0>,40,13,[ 5 11],41,95,108,54,79
1,<environment.Job instance at 0x7f1997db4690>,43,13,[ 2 13],44,108,121,64,107
1,<environment.Job instance at 0x7f1997db8190>,42,14,[2 9],43,121,135,78,109
1,<environment.Job instance at 0x7f19969b7550>,45,18,[11  2],46,120,138,74,120
1,<environment.Job instance at 0x7f1996d497d0>,0,17,[6 3],1,1,18,0,1
1,<environment.Job instance at 0x7f19973804b0>,3,3,[1 6],4,4,7,0,4
1,<environment.Job instance at 0x7f1997cf8550>,5,14,[9 2],6,7,21,1,7
1,<environment.Job instance at 0x7f1996defbe0>,9,3,[4 7],10,18,21,8,18
1,<environment.Job instance at 0x7f199771c4b0>,11,12,[1 5],12,18,30,6,18
1,<environment.Job instance at 0x7f19973d2870>,13,12,[6 4],14,21,33,7,21
1,<environment.Job instance at 0x7f199771cf00>,12,14,[5 2],13,21,35,8,21
1,<environment.Job instance at 0x7f19973d2aa0>,14,17,[2 6],15,30,47,15,30
1,<environment.Job instance at 0x7f19973d2500>,18,15,[5 5],19,33,48,14,33
1,<environment.Job instance at 0x7f19973d2050>,15,17,[5 4],16,35,52,19,35
1,<environment.Job instance at 0x7f19978f04b0>,10,12,[9 3],11,48,60,37,48
1,<environment.Job instance at 0x7f1996844e10>,30,1,[6 2],31,52,53,21,52
1,<environment.Job instance at 0x7f19a0a447d0>,32,17,[ 1 10],33,53,70,20,53
1,<environment.Job instance at 0x7f19a092cb90>,34,14,[9 2],35,60,74,25,60
1,<environment.Job instance at 0x7f19a092cdc0>,35,14,[2 7],36,70,84,34,70
1,<environment.Job instance at 0x7f19a0a417d0>,36,14,[5 7],37,74,88,37,74
1,<environment.Job instance at 0x7f19a0a41050>,37,14,[10  1],38,84,98,46,84
1,<environment.Job instance at 0x7f19969e16e0>,25,18,[1 9],26,88,106,62,88
1,<environment.Job instance at 0x7f1996def8c0>,7,16,[9 1],8,98,114,90,98
1,<environment.Job instance at 0x7f19970f2050>,48,3,[5 7],49,106,109,57,106
1,<environment.Job instance at 0x7f19970f2d20>,50,12,[3 7],51,109,121,58,109
1,<environment.Job instance at 0x7f19970f2aa0>,51,12,[3 7],52,109,121,57,109
1,<environment.Job instance at 0x7f19a0a41b90>,42,14,[2 9],43,121,135,78,121
1,<environment.Job instance at 0x7f19970f2780>,55,14,[7 2],56,121,135,65,121
1,<environment.Job instance at 0x7f19970f21e0>,54,15,[6 2],55,121,136,66,121
1,<environment.Job instance at 0x7f19970f22d0>,57,14,[1 7],58,135,149,77,135
1,<environment.Job instance at 0x7f19970f24b0>,58,14,[8 5],59,135,149,76,135
1,<environment.Job instance at 0x7f19970f2cd0>,59,1,[6 2],60,136,137,76,136
1,<environment.Job instance at 0x7f19a0a41eb0>,38,16,[6 2],39,137,153,98,137
1,<environment.Job instance at 0x7f19969e1be0>,29,17,[7 4],30,151,168,121,151
1,<environment.Job instance at 0x7f19970f25a0>,56,18,[1 7],57,151,169,94,151
1,<environment.Job instance at 0x7f1996daeb90>,65,1,[5 6],66,168,169,102,168
1,<environment.Job instance at 0x7f19973d2be0>,19,17,[8 2],20,168,185,148,168
1,<environment.Job instance at 0x7f1996dae9b0>,69,18,[ 2 10],70,170,188,100,170
1,<environment.Job instance at 0x7f1997221230>,0,14,[4 8],1,1,15,0,1
1,<environment.Job instance at 0x7f1997214e60>,4,13,[4 5],5,5,18,0,5
1,<environment.Job instance at 0x7f1997214eb0>,6,2,[3 9],7,15,17,8,7
1,<environment.Job instance at 0x7f1996c6c3c0>,10,2,[7 1],11,11,13,0,11
1,<environment.Job instance at 0x7f1996c6c0a0>,11,3,[2 6],12,17,20,5,12
1,<environment.Job instance at 0x7f1996c6c050>,14,1,[6 5],15,18,19,3,15
1,<environment.Job instance at 0x7f1996c6c0f0>,17,15,[2 7],18,19,34,1,18
1,<environment.Job instance at 0x7f1996c6caf0>,24,13,[8 3],25,25,38,0,25
1,<environment.Job instance at 0x7f1996c6ccd0>,25,2,[ 2 12],26,34,36,8,26
1,<environment.Job instance at 0x7f1996c3fb90>,26,13,[1 9],27,36,49,9,27
1,<environment.Job instance at 0x7f1996c6ce60>,22,17,[13  3],23,38,55,15,28
1,<environment.Job instance at 0x7f199708e910>,0,14,[4 8],1,1,15,0,1
1,<environment.Job instance at 0x7f19970b1eb0>,4,13,[4 5],5,5,18,0,5
1,<environment.Job instance at 0x7f19976e6dc0>,10,2,[7 1],11,11,13,0,11
1,<environment.Job instance at 0x7f1996db0e60>,14,1,[6 5],15,15,16,0,15
1,<environment.Job instance at 0x7f199698bb90>,6,2,[3 9],7,16,18,9,16
1,<environment.Job instance at 0x7f1996eecd20>,11,3,[2 6],12,18,21,6,18
1,<environment.Job instance at 0x7f199697e9b0>,7,14,[10  4],8,18,32,10,18
1,<environment.Job instance at 0x7f1996c32b40>,15,17,[1 5],16,18,35,2,18
1,<environment.Job instance at 0x7f1996c32550>,18,17,[3 5],19,21,38,2,21
1,<environment.Job instance at 0x7f1996daeb90>,24,13,[8 3],25,32,45,7,32
1,<environment.Job instance at 0x7f1997a8b7d0>,17,15,[2 7],18,35,50,17,35
1,<environment.Job instance at 0x7f1996f0c870>,19,16,[5 2],20,38,54,18,38
1,<environment.Job instance at 0x7f1997088730>,9,20,[8 4],10,45,65,35,45
1,<environment.Job instance at 0x7f1996dae8c0>,26,13,[1 9],27,50,63,23,50
1,<environment.Job instance at 0x7f199720f5a0>,36,16,[5 4],37,63,79,26,63
1,<environment.Job instance at 0x7f1996c6c460>,32,12,[9 5],33,65,77,32,65
1,<environment.Job instance at 0x7f19972588c0>,40,12,[7 2],41,77,89,36,77
1,<environment.Job instance at 0x7f19a06635f0>,41,3,[5 3],42,79,82,37,79
1,<environment.Job instance at 0x7f1997221730>,43,12,[7 2],44,82,94,38,82
1,<environment.Job instance at 0x7f199720faf0>,38,12,[5 2],39,89,101,50,89
1,<environment.Job instance at 0x7f1997dde1e0>,50,12,[7 1],51,94,106,43,94
1,<environment.Job instance at 0x7f19970085f0>,52,13,[8 4],53,101,114,48,101
1,<environment.Job instance at 0x7f1996c11460>,53,17,[6 2],54,106,123,52,106
1,<environment.Job instance at 0x7f199786b9b0>,54,16,[6 5],55,114,130,59,114
1,<environment.Job instance at 0x7f1996bd80a0>,55,2,[6 4],56,123,125,67,123
1,<environment.Job instance at 0x7f199720ff00>,37,18,[7 2],38,125,143,87,125
1,<environment.Job instance at 0x7f199682a230>,59,17,[6 2],60,130,147,70,130
1,<environment.Job instance at 0x7f19973dfc30>,61,13,[4 7],62,143,156,81,143
1,<environment.Job instance at 0x7f1997cb9b40>,63,12,[7 5],64,147,159,83,147
1,<environment.Job instance at 0x7f1996e8fb40>,65,12,[1 6],66,156,168,90,156
1,<environment.Job instance at 0x7f19974d7140>,66,18,[6 4],67,156,174,89,156
1,<environment.Job instance at 0x7f199681ef50>,64,18,[3 5],65,159,177,94,159
1,<environment.Job instance at 0x7f1997214be0>,31,14,[10  1],32,174,188,142,174
1,<environment.Job instance at 0x7f1996c01f00>,73,18,[2 7],74,174,192,100,174
1,<environment.Job instance at 0x7f199720b3c0>,74,1,[2 7],75,177,178,102,177
1,<environment.Job instance at 0x7f1996bc29b0>,4,12,[10  3],5,7,19,2,7
1,<environment.Job instance at 0x7f1996bc2cd0>,8,2,[5 9],9,9,11,0,9
1,<environment.Job instance at 0x7f1996bc27d0>,7,13,[9 3],8,19,32,11,10
1,<environment.Job instance at 0x7f1997892c80>,9,13,[5 5],10,11,24,1,11
1,<environment.Job instance at 0x7f1996bd14b0>,12,2,[4 9],13,24,26,11,13
1,<environment.Job instance at 0x7f1996bc3690>,16,1,[2 5],17,26,27,9,17
1,<environment.Job instance at 0x7f1996bc32d0>,18,1,[8 1],19,32,33,13,19
1,<environment.Job instance at 0x7f1996bc31e0>,17,17,[ 4 11],18,27,44,9,20
1,<environment.Job instance at 0x7f1996bc3f50>,20,1,[3 6],21,26,27,5,21
1,<environment.Job instance at 0x7f1996bc3910>,21,3,[8 5],22,44,47,22,22
1,<environment.Job instance at 0x7f1996bc3500>,24,18,[8 2],25,47,65,22,36
1,<environment.Job instance at 0x7f1997e48320>,26,2,[3 8],27,44,46,17,36
1,<environment.Job instance at 0x7f1996bd7d70>,27,1,[8 4],28,36,37,8,36
1,<environment.Job instance at 0x7f1996bd71e0>,28,14,[5 7],29,46,60,17,36
1,<environment.Job instance at 0x7f1997e504b0>,32,12,[9 1],33,65,77,32,48
1,<environment.Job instance at 0x7f1997210b90>,36,2,[4 7],37,60,62,23,48
1,<environment.Job instance at 0x7f19970ca230>,47,2,[6 5],48,62,64,14,50
1,<environment.Job instance at 0x7f1997e939b0>,51,15,[4 7],52,64,79,12,52
1,<environment.Job instance at 0x7f1997e937d0>,54,3,[1 9],55,79,82,24,55
1,<environment.Job instance at 0x7f1997e93be0>,56,3,[9 5],57,77,80,20,57
1,<environment.Job instance at 0x7f1997e93780>,57,3,[8 1],58,80,83,22,58
1,<environment.Job instance at 0x7f1997e93af0>,53,3,[6 1],54,80,83,26,59
1,<environment.Job instance at 0x7f1997886910>,31,3,[ 4 13],32,83,86,51,59
1,<environment.Job instance at 0x7f1997e97780>,61,2,[7 1],62,83,85,21,62
1,<environment.Job instance at 0x7f1997886b40>,29,15,[7 2],30,88,103,58,88
1,<environment.Job instance at 0x7f1997dbbfa0>,1,18,[10  4],2,2,20,0,2
1,<environment.Job instance at 0x7f199710e820>,5,19,[3 6],6,6,25,0,6
1,<environment.Job instance at 0x7f1997dbbc80>,8,2,[5 9],9,20,22,11,20
1,<environment.Job instance at 0x7f199712a0a0>,12,2,[4 9],13,22,24,9,22
1,<environment.Job instance at 0x7f1997202fa0>,16,1,[2 5],17,24,25,7,24
1,<environment.Job instance at 0x7f19969afeb0>,18,1,[8 1],19,24,25,5,24
1,<environment.Job instance at 0x7f199710e460>,4,12,[10  3],5,25,37,20,25
1,<environment.Job instance at 0x7f1997101a00>,20,1,[3 6],21,25,26,4,25
1,<environment.Job instance at 0x7f1997de8b90>,9,13,[5 5],10,26,39,16,26
1,<environment.Job instance at 0x7f1997101140>,21,3,[8 5],22,37,40,15,37
1,<environment.Job instance at 0x7f1997101b90>,19,12,[10  5],20,40,52,20,40
1,<environment.Job instance at 0x7f1997129370>,25,18,[2 8],26,40,58,14,40
1,<environment.Job instance at 0x7f1997de8cd0>,7,13,[9 3],8,52,65,44,52
1,<environment.Job instance at 0x7f1996987550>,26,2,[3 8],27,58,60,31,58
1,<environment.Job instance at 0x7f19969815a0>,28,14,[5 7],29,60,74,31,60
1,<environment.Job instance at 0x7f1996987690>,27,1,[8 4],28,65,66,37,65
1,<environment.Job instance at 0x7f1996c45c30>,29,15,[7 2],30,66,81,36,66
1,<environment.Job instance at 0x7f1997129870>,24,18,[8 2],25,74,92,49,74
1,<environment.Job instance at 0x7f1997dc0d20>,36,2,[4 7],37,81,83,44,81
1,<environment.Job instance at 0x7f19972c69b0>,32,12,[9 1],33,92,104,59,92
1,<environment.Job instance at 0x7f1997dc0f50>,40,17,[2 6],41,92,109,51,92
1,<environment.Job instance at 0x7f19971013c0>,23,16,[10  1],24,104,120,80,104
1,<environment.Job instance at 0x7f1996825640>,46,12,[ 1 10],47,109,121,62,109
1,<environment.Job instance at 0x7f1997542a00>,47,2,[6 5],48,120,122,72,120
1,<environment.Job instance at 0x7f1996bb8640>,53,3,[6 1],54,121,124,67,121
1,<environment.Job instance at 0x7f19976fd0a0>,54,3,[1 9],55,121,124,66,121
1,<environment.Job instance at 0x7f19969b7690>,15,18,[8 1],16,122,140,106,122
1,<environment.Job instance at 0x7f19976fd5a0>,55,15,[4 8],56,124,139,68,124
1,<environment.Job instance at 0x7f19968d2b90>,51,15,[4 7],52,139,154,87,139
1,<environment.Job instance at 0x7f19976fd690>,56,3,[9 5],57,140,143,83,140
1,<environment.Job instance at 0x7f19976fd2d0>,57,3,[8 1],58,143,146,85,143
1,<environment.Job instance at 0x7f19976fd3c0>,61,2,[7 1],62,146,148,84,146
1,<environment.Job instance at 0x7f199780bd20>,50,15,[9 4],51,148,163,97,148
1,<environment.Job instance at 0x7f19973df6e0>,65,3,[9 5],66,163,166,97,163
1,<environment.Job instance at 0x7f199718bfa0>,67,16,[4 6],68,163,179,95,163
1,<environment.Job instance at 0x7f1996e8fb40>,62,15,[8 2],63,166,181,103,166
1,<environment.Job instance at 0x7f1997949870>,72,2,[6 1],73,179,181,106,179
1,<environment.Job instance at 0x7f1997205a00>,1,2,[5 9],2,2,4,0,2
1,<environment.Job instance at 0x7f1997205870>,3,3,[11  2],4,5,8,1,5
1,<environment.Job instance at 0x7f1996cf7d20>,7,1,[6 4],8,8,9,0,8
1,<environment.Job instance at 0x7f1996cf7690>,8,1,[7 3],9,9,10,0,9
1,<environment.Job instance at 0x7f1996cf7af0>,9,3,[9 3],10,10,13,0,10
1,<environment.Job instance at 0x7f1996cf7cd0>,10,3,[ 3 11],11,11,14,0,11
1,<environment.Job instance at 0x7f1996cf72d0>,14,16,[ 5 13],15,16,32,1,16
1,<environment.Job instance at 0x7f1996cf7640>,16,3,[ 4 14],17,36,39,19,36
1,<environment.Job instance at 0x7f1996cf7c80>,18,13,[7 3],19,53,66,34,53
1,<environment.Job instance at 0x7f1996cf7050>,17,15,[14  4],18,66,81,48,56
1,<environment.Job instance at 0x7f1996cf7870>,20,3,[11  5],21,81,84,60,56
1,<environment.Job instance at 0x7f1996cf7b90>,21,3,[ 4 14],22,84,87,62,58
1,<environment.Job instance at 0x7f1996eb1f00>,24,18,[11  1],25,84,102,59,75
1,<environment.Job instance at 0x7f1996eb1a50>,27,2,[5 4],28,102,104,74,78
1,<environment.Job instance at 0x7f1996eb10a0>,30,3,[5 6],31,102,105,71,78
1,<environment.Job instance at 0x7f1996eb1be0>,31,2,[7 4],32,104,106,72,78
1,<environment.Job instance at 0x7f1996eb15f0>,33,15,[1 5],34,87,102,53,79
1,<environment.Job instance at 0x7f1996eb1e60>,29,18,[7 4],30,105,123,75,97
1,<environment.Job instance at 0x7f1996cf7b40>,19,25,[4 7],20,106,131,86,102
1,<environment.Job instance at 0x7f1996eb1870>,36,16,[ 1 12],37,131,147,94,118
1,<environment.Job instance at 0x7f1996eb1410>,35,16,[11  1],36,139,155,103,139
1,<environment.Job instance at 0x7f1996eb1cd0>,28,27,[3 6],29,147,174,118,145
1,<environment.Job instance at 0x7f1996eb1d70>,39,3,[9 2],40,155,158,115,149
1,<environment.Job instance at 0x7f1996eb1820>,34,27,[4 5],35,158,185,123,158
1,<environment.Job instance at 0x7f1996eb1c80>,41,13,[ 3 10],42,174,187,132,165
1,<environment.Job instance at 0x7f1996eb1730>,43,12,[4 8],44,187,199,143,171
1,<environment.Job instance at 0x7f1996eb1b40>,44,2,[10  1],45,185,187,140,178
1,<environment.Job instance at 0x7f19a03c3690>,1,2,[5 9],2,2,4,0,2
1,<environment.Job instance at 0x7f1997a93af0>,7,1,[6 4],8,8,9,0,8
1,<environment.Job instance at 0x7f19978ac7d0>,8,1,[7 3],9,9,10,0,9
1,<environment.Job instance at 0x7f1996bb3aa0>,9,3,[9 3],10,10,13,0,10
1,<environment.Job instance at 0x7f19972588c0>,18,13,[7 3],19,19,32,0,19
1,<environment.Job instance at 0x7f199720b3c0>,23,16,[4 8],24,24,40,0,24
1,<environment.Job instance at 0x7f1997dc01e0>,27,2,[5 4],28,32,34,4,32
1,<environment.Job instance at 0x7f1997dc0f50>,31,2,[7 4],32,34,36,2,34
1,<environment.Job instance at 0x7f1997dc04b0>,30,3,[5 6],31,36,39,5,36
1,<environment.Job instance at 0x7f1997dc08c0>,33,15,[1 5],34,39,54,5,39
1,<environment.Job instance at 0x7f1997de8280>,39,3,[9 2],40,40,43,0,40
1,<environment.Job instance at 0x7f1997de8960>,41,13,[ 3 10],42,43,56,1,43
1,<environment.Job instance at 0x7f1996bd80a0>,44,2,[10  1],45,54,56,9,54
1,<environment.Job instance at 0x7f1996cf70a0>,46,2,[5 5],47,56,58,9,56
1,<environment.Job instance at 0x7f1996cfdb40>,43,12,[4 8],44,56,68,12,56
1,<environment.Job instance at 0x7f1996cf7230>,47,17,[3 7],48,58,75,10,58
1,<environment.Job instance at 0x7f199773c960>,52,17,[1 6],53,68,85,15,68
1,<environment.Job instance at 0x7f19979ff910>,50,18,[8 2],51,68,86,17,68
1,<environment.Job instance at 0x7f1997a6bc80>,55,13,[4 7],56,75,88,19,75
1,<environment.Job instance at 0x7f199773ca00>,54,17,[3 5],55,85,102,30,85
1,<environment.Job instance at 0x7f1996c0e0a0>,57,15,[10  5],58,88,103,30,88
1,<environment.Job instance at 0x7f199720e140>,60,1,[ 3 10],61,102,103,41,102
1,<environment.Job instance at 0x7f19976a0dc0>,61,12,[5 9],62,103,115,41,103
1,<environment.Job instance at 0x7f19976ca500>,62,3,[7 4],63,103,106,40,103
1,<environment.Job instance at 0x7f19976ca320>,63,1,[8 2],64,106,107,42,106
1,<environment.Job instance at 0x7f1997542c80>,25,18,[10  3],26,107,125,81,107
1,<environment.Job instance at 0x7f19969bde60>,65,1,[ 3 10],66,115,116,49,115
1,<environment.Job instance at 0x7f19972051e0>,68,1,[4 6],69,116,117,47,116
1,<environment.Job instance at 0x7f1997205730>,69,18,[ 3 10],70,117,135,47,117
1,<environment.Job instance at 0x7f19a044c640>,67,18,[7 1],68,125,143,57,125
1,<environment.Job instance at 0x7f1997205460>,70,1,[5 8],71,135,136,64,135
1,<environment.Job instance at 0x7f1996fba3c0>,49,18,[2 6],50,135,153,85,135
1,<environment.Job instance at 0x7f1996f0c500>,76,3,[2 6],77,136,139,59,136
1,<environment.Job instance at 0x7f1996f0c370>,75,16,[5 4],76,139,155,63,139
1,<environment.Job instance at 0x7f1997dc00a0>,29,18,[7 4],30,143,161,113,143
1,<environment.Job instance at 0x7f1996f0cc30>,81,3,[5 3],82,155,158,73,155
1,<environment.Job instance at 0x7f1996f0c0f0>,83,15,[ 3 10],84,158,173,74,158
1,<environment.Job instance at 0x7f1997d53230>,86,3,[10  4],87,161,164,74,161
1,<environment.Job instance at 0x7f1996f0c5a0>,77,3,[9 3],78,164,167,86,164
1,<environment.Job instance at 0x7f1997d539b0>,88,16,[10  1],89,167,183,78,167
1,<environment.Job instance at 0x7f199698c140>,90,12,[4 9],91,173,185,82,173
1,<environment.Job instance at 0x7f1996679370>,2,2,[3 9],3,3,5,0,3
1,<environment.Job instance at 0x7f19966f78c0>,5,16,[5 1],6,6,22,0,6
1,<environment.Job instance at 0x7f19966f75f0>,6,3,[6 3],7,7,10,0,7
1,<environment.Job instance at 0x7f19966f76e0>,7,12,[4 8],8,8,20,0,8
1,<environment.Job instance at 0x7f19966f7b40>,8,2,[5 7],9,20,22,11,9
1,<environment.Job instance at 0x7f19966f7d20>,12,1,[1 5],13,16,17,3,16
1,<environment.Job instance at 0x7f19966f70a0>,16,13,[5 8],17,22,35,5,17
1,<environment.Job instance at 0x7f19966f7f00>,21,12,[3 5],22,22,34,0,22
1,<environment.Job instance at 0x7f19966f39b0>,24,2,[5 5],25,34,36,9,25
1,<environment.Job instance at 0x7f19966f7550>,23,14,[6 2],24,35,49,11,26
1,<environment.Job instance at 0x7f19966f3c80>,28,16,[4 6],29,35,51,6,29
1,<environment.Job instance at 0x7f19966f3dc0>,27,12,[5 5],28,117,129,89,117
1,<environment.Job instance at 0x7f19972d4960>,1,15,[4 9],2,2,17,0,2
1,<environment.Job instance at 0x7f19972e8410>,5,16,[5 1],6,6,22,0,6
1,<environment.Job instance at 0x7f19972e8b90>,6,3,[6 3],7,7,10,0,7
1,<environment.Job instance at 0x7f199765c550>,12,1,[1 5],13,13,14,0,13
1,<environment.Job instance at 0x7f19972d4aa0>,2,2,[3 9],3,17,19,14,17
1,<environment.Job instance at 0x7f1996decf50>,8,2,[5 7],9,19,21,10,19
1,<environment.Job instance at 0x7f19976862d0>,14,14,[3 7],15,19,33,4,19
1,<environment.Job instance at 0x7f19972e8280>,7,12,[4 8],8,22,34,14,22
1,<environment.Job instance at 0x7f199768d140>,21,12,[3 5],22,33,45,11,33
1,<environment.Job instance at 0x7f199768dcd0>,23,14,[6 2],24,33,47,9,33
1,<environment.Job instance at 0x7f199767ea00>,24,2,[5 5],25,34,36,9,34
1,<environment.Job instance at 0x7f1997678640>,27,12,[5 5],28,36,48,8,36
1,<environment.Job instance at 0x7f1997678690>,28,16,[4 6],29,45,61,16,45
1,<environment.Job instance at 0x7f1997678460>,31,14,[5 4],32,47,61,15,47
1,<environment.Job instance at 0x7f199766d5f0>,33,12,[3 8],34,61,73,27,61
1,<environment.Job instance at 0x7f1997671050>,36,14,[8 4],37,61,75,24,61
1,<environment.Job instance at 0x7f199765fb90>,38,12,[ 4 10],39,73,85,34,73
1,<environment.Job instance at 0x7f1997e02640>,44,1,[9 4],45,75,76,30,75
1,<environment.Job instance at 0x7f19972bd1e0>,48,15,[10  3],49,76,91,27,76
1,<environment.Job instance at 0x7f1997c25fa0>,43,13,[2 9],44,85,98,41,85
1,<environment.Job instance at 0x7f19972bd230>,51,17,[7 1],52,91,108,39,91
1,<environment.Job instance at 0x7f19972bd910>,50,17,[6 3],51,91,108,40,91
1,<environment.Job instance at 0x7f19972bd870>,54,13,[ 2 10],55,98,111,43,98
1,<environment.Job instance at 0x7f19972bd550>,58,1,[7 1],59,111,112,52,111
1,<environment.Job instance at 0x7f19972bd460>,57,3,[5 7],58,111,114,53,111
1,<environment.Job instance at 0x7f19972bd690>,60,1,[10  4],61,112,113,51,112
1,<environment.Job instance at 0x7f19972bd0a0>,62,2,[4 6],63,113,115,50,113
1,<environment.Job instance at 0x7f19976692d0>,16,13,[5 8],17,114,127,97,114
1,<environment.Job instance at 0x7f1997532960>,64,1,[9 3],65,115,116,50,115
1,<environment.Job instance at 0x7f19972bd370>,61,15,[9 5],62,116,131,54,116
1,<environment.Job instance at 0x7f1997d0e1e0>,68,12,[ 4 10],69,127,139,58,127
1,<environment.Job instance at 0x7f1997080780>,69,13,[3 5],70,131,144,61,131
1,<environment.Job instance at 0x7f1997669af0>,19,16,[5 8],20,140,156,120,140
1,<environment.Job instance at 0x7f19976b0be0>,72,16,[10  2],73,144,160,71,144
1,<environment.Job instance at 0x7f19968e4c80>,74,1,[1 9],75,156,157,81,156
1,<environment.Job instance at 0x7f19972bddc0>,49,18,[1 9],50,158,176,108,158
1,<environment.Job instance at 0x7f19972bdb40>,63,18,[8 5],64,160,178,96,160
1,<environment.Job instance at 0x7f1997d036e0>,79,1,[2 9],80,176,177,96,176
1,<environment.Job instance at 0x7f19976aaa50>,77,1,[5 7],78,177,178,99,177
1,<environment.Job instance at 0x7f1997d03370>,80,16,[8 1],81,178,194,97,178
1,<environment.Job instance at 0x7f1997e06be0>,82,17,[4 8],83,178,195,95,178
1,<environment.Job instance at 0x7f1997534a00>,71,20,[1 5],72,178,198,106,178
1,<environment.Job instance at 0x7f1997540190>,3,12,[4 7],4,4,16,0,4
1,<environment.Job instance at 0x7f1997540910>,4,2,[13  2],5,16,18,11,5
1,<environment.Job instance at 0x7f19978ac500>,9,12,[3 7],10,18,30,8,10
1,<environment.Job instance at 0x7f1996ec38c0>,15,12,[1 8],16,16,28,0,16
1,<environment.Job instance at 0x7f1997540e10>,19,16,[6 5],20,28,44,8,20
1,<environment.Job instance at 0x7f1996ec3f50>,22,1,[ 2 12],23,44,45,21,23
1,<environment.Job instance at 0x7f1996ec3640>,20,12,[5 7],21,30,42,9,24
1,<environment.Job instance at 0x7f1996ec3460>,26,3,[10  2],27,44,47,17,28
1,<environment.Job instance at 0x7f1996ec3be0>,27,1,[ 2 10],28,42,43,14,28
1,<environment.Job instance at 0x7f1996ec3af0>,25,15,[1 6],26,45,60,19,31
1,<environment.Job instance at 0x7f1996ec3730>,21,25,[3 6],22,65,90,43,65
1,<environment.Job instance at 0x7f1996ec3550>,28,13,[1 7],29,66,79,37,66
1,<environment.Job instance at 0x7f1996ec35a0>,32,14,[12  4],33,79,93,46,73
1,<environment.Job instance at 0x7f1996ec3c30>,34,24,[14  1],35,93,117,58,90
1,<environment.Job instance at 0x7f1996dd4af0>,0,22,[ 4 10],1,1,23,0,1
1,<environment.Job instance at 0x7f19969f6910>,8,17,[10  2],9,9,26,0,9
1,<environment.Job instance at 0x7f199677d820>,3,12,[4 7],4,23,35,19,23
1,<environment.Job instance at 0x7f19a07c3fa0>,15,12,[1 8],16,26,38,10,26
1,<environment.Job instance at 0x7f19972c4640>,9,12,[3 7],10,35,47,25,35
1,<environment.Job instance at 0x7f19969f6c80>,10,13,[4 6],11,38,51,27,38
1,<environment.Job instance at 0x7f19a04daaf0>,16,16,[6 3],17,47,63,30,47
1,<environment.Job instance at 0x7f19972e3a00>,18,17,[5 3],19,47,64,28,47
1,<environment.Job instance at 0x7f19972e36e0>,25,15,[1 6],26,51,66,25,51
1,<environment.Job instance at 0x7f19972e3e60>,19,16,[6 5],20,63,79,43,63
1,<environment.Job instance at 0x7f19977702d0>,27,1,[ 2 10],28,66,67,38,66
1,<environment.Job instance at 0x7f19972e3960>,20,12,[5 7],21,67,79,46,67
1,<environment.Job instance at 0x7f19972e31e0>,26,3,[10  2],27,79,82,52,79
1,<environment.Job instance at 0x7f19972c3960>,12,13,[ 5 10],13,79,92,66,79
1,<environment.Job instance at 0x7f199777e0a0>,29,17,[8 3],30,82,99,52,82
1,<environment.Job instance at 0x7f19969f3910>,35,2,[4 8],36,92,94,56,92
1,<environment.Job instance at 0x7f1997770b90>,28,13,[1 7],29,94,107,65,94
1,<environment.Job instance at 0x7f19a048df50>,43,16,[5 5],44,94,110,50,94
1,<environment.Job instance at 0x7f19978920a0>,39,14,[7 1],40,99,113,59,99
1,<environment.Job instance at 0x7f1997671d70>,37,16,[8 2],38,110,126,72,110
1,<environment.Job instance at 0x7f1996772550>,48,3,[5 9],49,113,116,64,113
1,<environment.Job instance at 0x7f199796a050>,49,14,[4 6],50,116,130,66,116
1,<environment.Job instance at 0x7f1997d98eb0>,51,1,[6 3],52,126,127,74,126
1,<environment.Job instance at 0x7f19a048daa0>,42,17,[5 5],43,126,143,83,126
1,<environment.Job instance at 0x7f1997e65960>,54,19,[6 3],55,128,147,73,128
1,<environment.Job instance at 0x7f19a06590f0>,56,20,[3 5],57,131,151,74,131
1,<environment.Job instance at 0x7f1997e65cd0>,55,1,[9 4],56,147,148,91,147
1,<environment.Job instance at 0x7f1996e98d20>,46,17,[9 1],47,149,166,102,149
1,<environment.Job instance at 0x7f1997debb40>,59,18,[6 5],60,151,169,91,151
1,<environment.Job instance at 0x7f1996bb8e60>,62,2,[4 8],63,166,168,103,166
1,<environment.Job instance at 0x7f1996e98eb0>,47,18,[9 4],48,169,187,121,169
1,<environment.Job instance at 0x7f1996bb8b40>,64,21,[5 3],65,170,191,105,170
1,<environment.Job instance at 0x7f1996f6c3c0>,65,21,[1 7],66,171,192,105,171
1,<environment.Job instance at 0x7f19979d0eb0>,0,13,[3 9],1,1,14,0,1
1,<environment.Job instance at 0x7f19979d06e0>,2,3,[5 2],3,3,6,0,3
1,<environment.Job instance at 0x7f19979d02d0>,3,3,[ 1 10],4,14,17,10,4
1,<environment.Job instance at 0x7f19979d0230>,6,1,[2 8],7,17,18,10,7
1,<environment.Job instance at 0x7f19979d0820>,7,2,[ 5 10],8,18,20,10,8
1,<environment.Job instance at 0x7f19979d0aa0>,8,2,[ 3 12],9,20,22,11,9
1,<environment.Job instance at 0x7f19974a1cd0>,9,16,[5 4],10,22,38,12,10
1,<environment.Job instance at 0x7f19974a1550>,11,14,[3 7],12,22,36,10,12
1,<environment.Job instance at 0x7f19974a1eb0>,12,3,[6 5],13,13,16,0,13
1,<environment.Job instance at 0x7f19974a1f50>,13,13,[6 3],14,16,29,2,14
1,<environment.Job instance at 0x7f1997417eb0>,16,1,[1 5],17,36,37,19,17
1,<environment.Job instance at 0x7f1997417aa0>,17,13,[3 8],18,37,50,19,21
1,<environment.Job instance at 0x7f1997417af0>,20,2,[14  4],21,50,52,29,23
1,<environment.Job instance at 0x7f19974170a0>,18,2,[3 7],19,38,40,19,25
1,<environment.Job instance at 0x7f1997417a50>,23,13,[ 4 14],24,52,65,28,37
1,<environment.Job instance at 0x7f1997ddb5a0>,27,13,[4 7],28,65,78,37,49
1,<environment.Job instance at 0x7f1997ddb910>,28,2,[6 2],29,65,67,36,49
1,<environment.Job instance at 0x7f1997ddb050>,29,2,[10  5],30,67,69,37,49
1,<environment.Job instance at 0x7f1997ddb550>,30,15,[5 5],31,69,84,38,55
1,<environment.Job instance at 0x7f1997ddb500>,31,12,[11  5],32,84,96,52,67
1,<environment.Job instance at 0x7f1997ddb3c0>,25,3,[5 5],26,78,81,52,67
1,<environment.Job instance at 0x7f1997ddb690>,33,14,[5 8],34,99,113,65,99
1,<environment.Job instance at 0x7f1997417280>,19,18,[ 3 14],20,113,131,93,108
1,<environment.Job instance at 0x7f1997e324b0>,0,13,[3 9],1,1,14,0,1
1,<environment.Job instance at 0x7f1997e32870>,2,3,[5 2],3,3,6,0,3
1,<environment.Job instance at 0x7f1997686e10>,9,16,[5 4],10,10,26,0,10
1,<environment.Job instance at 0x7f199766d500>,6,1,[2 8],7,14,15,7,14
1,<environment.Job instance at 0x7f199766d8c0>,7,2,[ 5 10],8,15,17,7,15
1,<environment.Job instance at 0x7f199766deb0>,3,3,[ 1 10],4,17,20,13,17
1,<environment.Job instance at 0x7f19972ce3c0>,16,1,[1 5],17,20,21,3,20
1,<environment.Job instance at 0x7f19976861e0>,12,3,[6 5],13,20,23,7,20
1,<environment.Job instance at 0x7f19972f0a50>,18,2,[3 7],19,23,25,4,23
1,<environment.Job instance at 0x7f19972ce1e0>,13,13,[6 3],14,23,36,9,23
1,<environment.Job instance at 0x7f19972f07d0>,17,13,[3 8],18,25,38,7,25
1,<environment.Job instance at 0x7f1997669aa0>,25,3,[5 5],26,36,39,10,36
1,<environment.Job instance at 0x7f1997669730>,27,13,[4 7],28,38,51,10,38
1,<environment.Job instance at 0x7f1997669af0>,28,2,[6 2],29,38,40,9,38
1,<environment.Job instance at 0x7f19976690a0>,24,16,[5 6],25,39,55,14,39
1,<environment.Job instance at 0x7f19976698c0>,29,2,[10  5],30,51,53,21,51
1,<environment.Job instance at 0x7f1997686460>,11,14,[3 7],12,53,67,41,53
1,<environment.Job instance at 0x7f1997d039b0>,33,14,[5 8],34,55,69,21,55
1,<environment.Job instance at 0x7f19972bdd70>,39,13,[6 3],40,67,80,27,67
1,<environment.Job instance at 0x7f19972bdfa0>,42,3,[9 1],43,69,72,26,69
1,<environment.Job instance at 0x7f1997d036e0>,30,15,[5 5],31,72,87,41,72
1,<environment.Job instance at 0x7f19972bd500>,47,1,[5 1],48,80,81,32,80
1,<environment.Job instance at 0x7f19972f42d0>,21,18,[5 5],22,80,98,58,80
1,<environment.Job instance at 0x7f199767e140>,50,2,[10  3],51,87,89,36,87
1,<environment.Job instance at 0x7f19972bd690>,49,12,[10  5],50,89,101,39,89
1,<environment.Job instance at 0x7f199767ea00>,53,16,[2 6],54,98,114,44,98
1,<environment.Job instance at 0x7f199765f9b0>,55,1,[8 2],56,101,102,45,101
1,<environment.Job instance at 0x7f199767e730>,54,12,[9 2],55,102,114,47,102
1,<environment.Job instance at 0x7f199765f910>,56,15,[8 5],57,114,129,57,114
1,<environment.Job instance at 0x7f1997678690>,64,2,[1 5],65,114,116,49,114
1,<environment.Job instance at 0x7f1997d030a0>,32,18,[ 3 10],33,116,134,83,116
1,<environment.Job instance at 0x7f19966d57d0>,69,16,[7 3],70,129,145,59,129
1,<environment.Job instance at 0x7f1997678e60>,62,16,[8 2],63,134,150,71,134
1,<environment.Job instance at 0x7f199791b6e0>,67,18,[1 6],68,145,163,77,145
1,<environment.Job instance at 0x7f1997971c30>,74,3,[7 3],75,150,153,75,150
1,<environment.Job instance at 0x7f19a04a7f50>,77,15,[5 6],78,150,165,72,150
1,<environment.Job instance at 0x7f1996f6c2d0>,78,3,[9 1],79,153,156,74,153
1,<environment.Job instance at 0x7f1996f6c7d0>,79,1,[2 7],80,163,164,83,163
1,<environment.Job instance at 0x7f1996a2a7d0>,84,14,[1 5],85,164,178,79,164
1,<environment.Job instance at 0x7f1997671dc0>,89,17,[5 7],90,166,183,76,166
1,<environment.Job instance at 0x7f1997158780>,73,18,[3 8],74,179,197,105,179
1,<environment.Job instance at 0x7f19972c6280>,3,14,[ 1 10],4,4,18,0,4
1,<environment.Job instance at 0x7f19972c6140>,4,14,[4 5],5,5,19,0,5
1,<environment.Job instance at 0x7f19972c6910>,5,2,[5 9],6,18,20,12,6
1,<environment.Job instance at 0x7f19969f3190>,11,15,[4 5],12,19,34,7,12
1,<environment.Job instance at 0x7f1997cd8730>,7,17,[1 6],8,20,37,12,13
1,<environment.Job instance at 0x7f19969f38c0>,13,13,[5 1],14,18,31,4,14
1,<environment.Job instance at 0x7f19969f3500>,16,12,[3 9],17,34,46,17,17
1,<environment.Job instance at 0x7f1996b2bc80>,24,3,[8 4],25,31,34,6,25
1,<environment.Job instance at 0x7f1996b2bfa0>,25,2,[ 2 12],26,46,48,20,26
1,<environment.Job instance at 0x7f1996b2b5f0>,26,2,[3 6],27,37,39,10,27
1,<environment.Job instance at 0x7f1996b2b190>,27,1,[4 5],28,39,40,11,30
1,<environment.Job instance at 0x7f19969f32d0>,14,13,[6 3],15,40,53,25,30
1,<environment.Job instance at 0x7f19972c6550>,22,24,[ 1 11],23,48,72,25,46
1,<environment.Job instance at 0x7f1996b2b550>,30,3,[4 9],31,72,75,41,57
1,<environment.Job instance at 0x7f1996b2bbe0>,31,16,[4 5],32,80,96,48,80
1,<environment.Job instance at 0x7f1996b2b6e0>,32,23,[5 4],33,83,106,50,83
1,<environment.Job instance at 0x7f1996b2b0a0>,29,25,[8 1],30,96,121,66,94
1,<environment.Job instance at 0x7f1996b2b230>,34,20,[14  5],35,121,141,86,113
1,<environment.Job instance at 0x7f1996b2b910>,35,16,[5 1],36,141,157,105,128
1,<environment.Job instance at 0x7f1996b2bcd0>,33,28,[3 6],34,141,169,107,140
1,<environment.Job instance at 0x7f1997968e10>,37,19,[5 5],38,146,165,108,146
1,<environment.Job instance at 0x7f1996b2baa0>,36,17,[14  1],37,169,186,132,161
1,<environment.Job instance at 0x7f1997968d70>,39,26,[1 7],40,177,203,137,177
1,<environment.Job instance at 0x7f19976fc0f0>,3,14,[ 1 10],4,4,18,0,4
1,<environment.Job instance at 0x7f19976fcdc0>,4,14,[4 5],5,5,19,0,5
1,<environment.Job instance at 0x7f1996cf3b40>,5,2,[5 9],6,18,20,12,18
1,<environment.Job instance at 0x7f1996cc2730>,13,13,[5 1],14,18,31,4,18
1,<environment.Job instance at 0x7f1996cc2b40>,11,15,[4 5],12,19,34,7,19
1,<environment.Job instance at 0x7f1996cc2aa0>,16,12,[3 9],17,20,32,3,20
1,<environment.Job instance at 0x7f1996cc2b90>,14,13,[6 3],15,32,45,17,32
1,<environment.Job instance at 0x7f1996cf3b90>,7,17,[1 6],8,32,49,24,32
1,<environment.Job instance at 0x7f1996cbfd20>,26,2,[3 6],27,34,36,7,34
1,<environment.Job instance at 0x7f1996cc48c0>,27,1,[4 5],28,36,37,8,36
1,<environment.Job instance at 0x7f1996cbffa0>,24,3,[8 4],25,37,40,12,37
1,<environment.Job instance at 0x7f1996ce7eb0>,30,3,[4 9],31,45,48,14,45
1,<environment.Job instance at 0x7f1996cc26e0>,15,15,[10  3],16,48,63,32,48
1,<environment.Job instance at 0x7f1996ce7cd0>,31,16,[4 5],32,48,64,16,48
1,<environment.Job instance at 0x7f19976fa8c0>,42,1,[6 5],43,63,64,20,63
1,<environment.Job instance at 0x7f1996a35910>,35,16,[5 1],36,63,79,27,63
1,<environment.Job instance at 0x7f1997247b40>,45,16,[1 9],46,64,80,18,64
1,<environment.Job instance at 0x7f19976facd0>,43,17,[9 4],44,64,81,20,64
1,<environment.Job instance at 0x7f1996a20410>,51,3,[3 8],52,80,83,28,80
1,<environment.Job instance at 0x7f1996a20780>,53,1,[9 5],54,81,82,27,81
1,<environment.Job instance at 0x7f1997704aa0>,12,16,[10  5],13,82,98,69,82
1,<environment.Job instance at 0x7f1996a20f00>,55,2,[ 4 10],56,83,85,27,83
1,<environment.Job instance at 0x7f1996a20c80>,54,17,[5 2],55,85,102,30,85
1,<environment.Job instance at 0x7f1997596d20>,57,1,[9 4],58,99,100,41,99
1,<environment.Job instance at 0x7f19976f1500>,59,16,[4 9],60,100,116,40,100
1,<environment.Job instance at 0x7f1997260a00>,62,3,[10  3],63,102,105,39,102
1,<environment.Job instance at 0x7f1997260820>,63,17,[9 1],64,105,122,41,105
1,<environment.Job instance at 0x7f19975b9e10>,65,14,[3 5],66,116,130,50,116
1,<environment.Job instance at 0x7f1996a16be0>,48,18,[2 8],49,116,134,67,116
1,<environment.Job instance at 0x7f1996ceceb0>,68,2,[9 5],69,130,132,61,130
1,<environment.Job instance at 0x7f1996a16190>,49,18,[9 4],50,132,150,82,132
1,<environment.Job instance at 0x7f1996cec8c0>,71,18,[5 9],72,134,152,62,134
1,<environment.Job instance at 0x7f1996cecd20>,72,14,[9 2],73,150,164,77,150
1,<environment.Job instance at 0x7f1996cecf00>,69,18,[ 3 10],70,152,170,82,152
1,<environment.Job instance at 0x7f199793dc80>,77,17,[8 2],78,164,181,86,164
1,<environment.Job instance at 0x7f1996cc23c0>,18,18,[2 9],19,170,188,151,170
1,<environment.Job instance at 0x7f1996a3ceb0>,0,3,[5 9],1,1,4,0,1
1,<environment.Job instance at 0x7f1996d3ff00>,1,15,[7 4],2,2,17,0,2
1,<environment.Job instance at 0x7f1996d3f3c0>,2,16,[7 2],3,4,20,1,3
1,<environment.Job instance at 0x7f1996d3f640>,3,21,[1 5],4,4,25,0,4
1,<environment.Job instance at 0x7f1996d3fe10>,4,1,[5 2],5,17,18,12,5
1,<environment.Job instance at 0x7f1996d3f1e0>,6,3,[ 3 11],7,25,28,18,7
1,<environment.Job instance at 0x7f1996d683c0>,16,19,[5 4],17,18,37,1,17
1,<environment.Job instance at 0x7f1996d5bb90>,22,15,[3 8],23,28,43,5,23
1,<environment.Job instance at 0x7f1996d68870>,19,21,[9 1],20,37,58,17,30
1,<environment.Job instance at 0x7f1996d5ba50>,24,3,[14  3],25,58,61,33,32
1,<environment.Job instance at 0x7f1996d5bd70>,23,20,[14  4],24,61,81,37,52
1,<environment.Job instance at 0x7f1996d5b460>,26,3,[ 4 13],27,52,55,25,52
1,<environment.Job instance at 0x7f1996d5b0f0>,27,14,[5 9],28,81,95,53,66
1,<environment.Job instance at 0x7f1996d68eb0>,18,22,[7 5],19,81,103,62,76
1,<environment.Job instance at 0x7f1996d5bbe0>,25,18,[12  4],26,103,121,77,93
1,<environment.Job instance at 0x7f1996d5b820>,30,27,[6 5],31,121,148,90,120
1,<environment.Job instance at 0x7f1996d680a0>,20,28,[6 5],21,121,149,100,120
1,<environment.Job instance at 0x7f1996d5b500>,32,18,[10  1],33,149,167,116,139
1,<environment.Job instance at 0x7f1996d5b1e0>,28,18,[5 9],29,148,166,119,139
1,<environment.Job instance at 0x7f19973fd9b0>,35,12,[9 4],36,167,179,131,150
1,<environment.Job instance at 0x7f19973fd050>,36,2,[9 4],37,179,181,142,152
1,<environment.Job instance at 0x7f1996d68230>,21,18,[4 7],22,166,184,144,155
1,<environment.Job instance at 0x7f19973fd910>,38,1,[1 6],39,166,167,127,155
1,<environment.Job instance at 0x7f19973fd140>,39,16,[ 1 10],40,184,200,144,171
1,<environment.Job instance at 0x7f1996d5b0a0>,33,25,[9 4],34,181,206,147,179
1,<environment.Job instance at 0x7f1996ee7190>,0,3,[5 9],1,1,4,0,1
1,<environment.Job instance at 0x7f1997cd2370>,1,15,[7 4],2,2,17,0,2
1,<environment.Job instance at 0x7f19a04aaa00>,2,16,[7 2],3,4,20,1,4
1,<environment.Job instance at 0x7f1996aaa320>,3,21,[1 5],4,4,25,0,4
1,<environment.Job instance at 0x7f1996cab140>,4,1,[5 2],5,17,18,12,17
1,<environment.Job instance at 0x7f1996aaa910>,7,18,[2 7],8,18,36,10,18
1,<environment.Job instance at 0x7f19973b28c0>,14,14,[9 5],15,25,39,10,25
1,<environment.Job instance at 0x7f19a047ecd0>,5,14,[ 2 10],6,36,50,30,36
1,<environment.Job instance at 0x7f1997de6be0>,9,15,[8 5],10,39,54,29,39
1,<environment.Job instance at 0x7f19977da550>,27,14,[5 9],28,50,64,22,50
1,<environment.Job instance at 0x7f1996a7fcd0>,32,18,[10  1],33,54,72,21,54
1,<environment.Job instance at 0x7f1997cca5a0>,22,15,[3 8],23,64,79,41,64
1,<environment.Job instance at 0x7f1997b82c30>,36,2,[9 4],37,72,74,35,72
1,<environment.Job instance at 0x7f1997b82050>,35,12,[9 4],36,74,86,38,74
1,<environment.Job instance at 0x7f1997543d20>,38,1,[1 6],39,79,80,40,79
1,<environment.Job instance at 0x7f1997543820>,39,16,[ 1 10],40,80,96,40,80
1,<environment.Job instance at 0x7f19968cd5f0>,41,3,[7 4],42,86,89,44,86
1,<environment.Job instance at 0x7f1997838e60>,48,2,[8 4],49,96,98,47,96
1,<environment.Job instance at 0x7f19a05d8c80>,50,12,[ 4 10],51,96,108,45,96
1,<environment.Job instance at 0x7f1996c6ceb0>,51,3,[2 7],52,108,111,56,108
1,<environment.Job instance at 0x7f1996c6c960>,52,3,[2 8],53,108,111,55,108
1,<environment.Job instance at 0x7f19a05d8730>,53,1,[7 4],54,111,112,57,111
1,<environment.Job instance at 0x7f1997abf820>,54,2,[6 1],55,111,113,56,111
1,<environment.Job instance at 0x7f1996f261e0>,43,16,[1 9],44,111,127,67,111
1,<environment.Job instance at 0x7f19971ac7d0>,55,2,[7 5],56,112,114,56,112
1,<environment.Job instance at 0x7f1997abf690>,57,15,[8 4],58,114,129,56,114
1,<environment.Job instance at 0x7f1997abfd70>,56,1,[2 7],57,127,128,70,127
1,<environment.Job instance at 0x7f1997abf550>,58,12,[4 9],59,129,141,70,129
1,<environment.Job instance at 0x7f1997435730>,62,12,[8 5],63,129,141,66,129
1,<environment.Job instance at 0x7f1996e89af0>,65,13,[7 4],66,141,154,75,141
1,<environment.Job instance at 0x7f1996e89230>,66,2,[8 3],67,141,143,74,141
1,<environment.Job instance at 0x7f1996ebb960>,68,3,[8 5],69,143,146,74,143
1,<environment.Job instance at 0x7f19973e1f00>,21,18,[4 7],22,146,164,124,146
1,<environment.Job instance at 0x7f1996ebbb40>,69,1,[10  2],70,154,155,84,154
1,<environment.Job instance at 0x7f19976f1500>,72,17,[5 6],73,155,172,82,155
1,<environment.Job instance at 0x7f19976f10a0>,75,2,[2 7],76,164,166,88,164
1,<environment.Job instance at 0x7f19976f1640>,77,2,[8 1],78,164,166,86,164
1,<environment.Job instance at 0x7f19976f16e0>,74,2,[2 9],75,166,168,91,166
1,<environment.Job instance at 0x7f19976f1cd0>,78,3,[4 7],79,168,171,89,168
1,<environment.Job instance at 0x7f1997cca9b0>,28,18,[5 9],29,171,189,142,171
1,<environment.Job instance at 0x7f19975ca910>,85,14,[9 1],86,172,186,86,172
1,<environment.Job instance at 0x7f1997b75e60>,0,3,[12  5],1,1,4,0,1
1,<environment.Job instance at 0x7f19976f1870>,2,1,[ 3 10],3,3,4,0,3
1,<environment.Job instance at 0x7f19976f18c0>,3,2,[4 8],4,4,6,0,4
1,<environment.Job instance at 0x7f19976f12d0>,5,16,[8 2],6,6,22,0,6
1,<environment.Job instance at 0x7f1997707820>,6,3,[1 8],7,7,10,0,7
1,<environment.Job instance at 0x7f1996ab8050>,12,1,[3 8],13,13,14,0,13
1,<environment.Job instance at 0x7f1997806230>,14,13,[6 4],15,15,28,0,15
1,<environment.Job instance at 0x7f19977f6550>,16,2,[3 6],17,22,24,5,17
1,<environment.Job instance at 0x7f19977fe0a0>,18,12,[5 2],19,22,34,3,19
1,<environment.Job instance at 0x7f1997806870>,21,2,[ 3 10],22,28,30,6,22
1,<environment.Job instance at 0x7f19977fe730>,20,15,[9 1],21,30,45,9,26
1,<environment.Job instance at 0x7f19977fe230>,25,15,[6 4],26,34,49,8,26
1,<environment.Job instance at 0x7f19977077d0>,9,13,[14  5],10,49,62,39,33
1,<environment.Job instance at 0x7f19977fe320>,22,13,[9 1],23,62,75,39,46
1,<environment.Job instance at 0x7f19977fefa0>,28,1,[5 1],29,88,89,59,88
1,<environment.Job instance at 0x7f19977feaf0>,24,28,[13  1],25,89,117,64,88
1,<environment.Job instance at 0x7f199743a870>,30,21,[1 8],31,91,112,60,91
1,<environment.Job instance at 0x7f199743ad70>,31,13,[3 6],32,117,130,85,101
1,<environment.Job instance at 0x7f199743aeb0>,33,12,[5 4],34,117,129,83,102
1,<environment.Job instance at 0x7f199743a5f0>,37,3,[ 3 12],38,130,133,92,104
1,<environment.Job instance at 0x7f199743af00>,40,3,[5 7],41,133,136,92,107
1,<environment.Job instance at 0x7f199743a9b0>,41,12,[6 4],42,117,129,75,107
1,<environment.Job instance at 0x7f199743a6e0>,42,2,[11  2],43,129,131,86,107
1,<environment.Job instance at 0x7f199743a3c0>,44,2,[5 3],45,131,133,86,114
1,<environment.Job instance at 0x7f1997ad53c0>,57,2,[5 2],58,133,135,75,119
1,<environment.Job instance at 0x7f199743a050>,50,15,[4 8],51,135,150,84,121
1,<environment.Job instance at 0x7f1997ad5d20>,61,2,[5 6],62,133,135,71,121
1,<environment.Job instance at 0x7f1997ad5aa0>,62,3,[5 8],63,150,153,87,124
1,<environment.Job instance at 0x7f1997ad5460>,59,2,[6 1],60,136,138,76,124
1,<environment.Job instance at 0x7f1997ad5a50>,69,3,[8 3],70,138,141,68,126
1,<environment.Job instance at 0x7f1997aefc30>,73,3,[1 5],74,141,144,67,127
1,<environment.Job instance at 0x7f1997aefd20>,74,3,[1 9],75,153,156,78,149
1,<environment.Job instance at 0x7f1997aefaf0>,71,26,[1 8],72,156,182,84,153
1,<environment.Job instance at 0x7f1997aefc80>,76,16,[2 8],77,182,198,105,169
1,<environment.Job instance at 0x7f1997aef8c0>,77,12,[5 1],78,169,181,91,169
1,<environment.Job instance at 0x7f1997aef1e0>,78,3,[ 3 12],79,198,201,119,172
1,<environment.Job instance at 0x7f1996bc3320>,2,1,[ 3 10],3,3,4,0,3
1,<environment.Job instance at 0x7f1996bc3d70>,3,2,[4 8],4,4,6,0,4
1,<environment.Job instance at 0x7f1996bc3410>,5,16,[8 2],6,6,22,0,6
1,<environment.Job instance at 0x7f1996bc32d0>,6,3,[1 8],7,7,10,0,7
1,<environment.Job instance at 0x7f1996bc3cd0>,8,16,[ 4 10],9,10,26,1,10
1,<environment.Job instance at 0x7f19975e9c30>,14,13,[6 4],15,22,35,7,22
1,<environment.Job instance at 0x7f1997237be0>,12,1,[3 8],13,26,27,13,26
1,<environment.Job instance at 0x7f1996d8f460>,18,12,[5 2],19,26,38,7,26
1,<environment.Job instance at 0x7f19975e9870>,16,2,[3 6],17,27,29,10,27
1,<environment.Job instance at 0x7f19978f6fa0>,21,2,[ 3 10],22,35,37,13,35
1,<environment.Job instance at 0x7f1996e79460>,28,1,[5 1],29,37,38,8,37
1,<environment.Job instance at 0x7f1997cd8370>,31,13,[3 6],32,37,50,5,37
1,<environment.Job instance at 0x7f1996bfc8c0>,22,13,[9 1],23,38,51,15,38
1,<environment.Job instance at 0x7f19975e5140>,33,12,[5 4],34,50,62,16,50
1,<environment.Job instance at 0x7f19978f61e0>,20,15,[9 1],21,51,66,30,51
1,<environment.Job instance at 0x7f1997151370>,25,15,[6 4],26,62,77,36,62
1,<environment.Job instance at 0x7f199787ad70>,40,3,[5 7],41,66,69,25,66
1,<environment.Job instance at 0x7f1997a295f0>,44,2,[5 3],45,69,71,24,69
1,<environment.Job instance at 0x7f19971acb90>,41,12,[6 4],42,71,83,29,71
1,<environment.Job instance at 0x7f19968cd5f0>,46,14,[5 4],47,77,91,30,77
1,<environment.Job instance at 0x7f1996f26140>,49,15,[4 5],50,77,92,27,77
1,<environment.Job instance at 0x7f1996f26280>,48,18,[6 2],49,83,101,34,83
1,<environment.Job instance at 0x7f19965a9050>,50,15,[4 8],51,91,106,40,91
1,<environment.Job instance at 0x7f19975e5dc0>,32,17,[10  1],33,101,118,68,101
1,<environment.Job instance at 0x7f1997237500>,10,18,[ 5 10],11,106,124,95,106
1,<environment.Job instance at 0x7f19a0a41e10>,57,2,[5 2],58,118,120,60,118
1,<environment.Job instance at 0x7f1997319320>,58,13,[10  5],59,120,133,61,120
1,<environment.Job instance at 0x7f19977da3c0>,55,18,[2 7],56,124,142,68,124
1,<environment.Job instance at 0x7f199727a1e0>,59,2,[6 1],60,133,135,73,133
1,<environment.Job instance at 0x7f1997e04af0>,61,2,[5 6],62,133,135,71,133
1,<environment.Job instance at 0x7f1996d35820>,62,3,[5 8],63,135,138,72,135
1,<environment.Job instance at 0x7f1997ea3e10>,65,13,[8 1],66,138,151,72,138
1,<environment.Job instance at 0x7f1997543230>,52,18,[ 3 10],53,142,160,89,142
1,<environment.Job instance at 0x7f1996ee7230>,69,3,[8 3],70,151,154,81,151
1,<environment.Job instance at 0x7f19977daa50>,56,16,[10  5],57,154,170,97,154
1,<environment.Job instance at 0x7f19977fef50>,73,3,[1 5],74,160,163,86,160
1,<environment.Job instance at 0x7f199743a370>,74,3,[1 9],75,163,166,88,163
1,<environment.Job instance at 0x7f19967480a0>,76,16,[2 8],77,166,182,89,166
1,<environment.Job instance at 0x7f1996748b40>,77,12,[5 1],78,170,182,92,170
1,<environment.Job instance at 0x7f1997707cd0>,70,17,[5 3],71,170,187,99,170
1,<environment.Job instance at 0x7f199782c3c0>,6,2,[9 5],7,7,9,0,7
1,<environment.Job instance at 0x7f199782cb40>,9,13,[5 5],10,10,23,0,10
1,<environment.Job instance at 0x7f199782c1e0>,11,12,[ 5 10],12,12,24,0,12
1,<environment.Job instance at 0x7f199782c2d0>,17,16,[ 1 13],18,24,40,6,18
1,<environment.Job instance at 0x7f1997509370>,18,12,[6 2],19,23,35,4,19
1,<environment.Job instance at 0x7f199782c820>,16,3,[5 5],17,40,43,23,20
1,<environment.Job instance at 0x7f199782c690>,14,13,[2 9],15,40,53,25,24
1,<environment.Job instance at 0x7f199782ce10>,3,16,[ 1 10],4,53,69,49,41
1,<environment.Job instance at 0x7f199782c230>,15,13,[7 3],16,119,132,103,119
1,<environment.Job instance at 0x7f1997777b90>,0,17,[ 4 10],1,1,18,0,1
1,<environment.Job instance at 0x7f1997777aa0>,2,19,[8 2],3,3,22,0,3
1,<environment.Job instance at 0x7f1997c30280>,9,13,[5 5],10,18,31,8,18
1,<environment.Job instance at 0x7f199778ac30>,6,2,[9 5],7,22,24,15,22
1,<environment.Job instance at 0x7f199778adc0>,11,12,[ 5 10],12,24,36,12,24
1,<environment.Job instance at 0x7f19977804b0>,15,13,[7 3],16,31,44,15,31
1,<environment.Job instance at 0x7f1997780280>,16,3,[5 5],17,36,39,19,36
1,<environment.Job instance at 0x7f199766a0f0>,18,12,[6 2],19,39,51,20,39
1,<environment.Job instance at 0x7f1996bb9dc0>,14,13,[2 9],15,39,52,24,39
1,<environment.Job instance at 0x7f19970b1730>,19,14,[6 3],20,44,58,24,44
1,<environment.Job instance at 0x7f19976558c0>,27,15,[ 5 10],28,52,67,24,52
1,<environment.Job instance at 0x7f199768a0a0>,23,13,[10  1],24,58,71,34,58
1,<environment.Job instance at 0x7f1997663fa0>,29,1,[1 7],30,67,68,37,67
1,<environment.Job instance at 0x7f19973d4a00>,3,16,[ 1 10],4,68,84,64,68
1,<environment.Job instance at 0x7f1996b812d0>,32,13,[8 3],33,71,84,38,71
1,<environment.Job instance at 0x7f1997c2f2d0>,31,14,[7 5],32,84,98,52,84
1,<environment.Job instance at 0x7f19977d50f0>,39,1,[8 2],40,84,85,44,84
1,<environment.Job instance at 0x7f199778a280>,8,16,[5 5],9,85,101,76,85
1,<environment.Job instance at 0x7f19977d5190>,40,17,[2 5],41,85,102,44,85
1,<environment.Job instance at 0x7f1996b81960>,30,17,[8 5],31,98,115,67,98
1,<environment.Job instance at 0x7f1997693aa0>,41,18,[5 2],42,101,119,59,101
1,<environment.Job instance at 0x7f1996eeb9b0>,47,2,[6 3],48,115,117,67,115
1,<environment.Job instance at 0x7f1997771230>,44,13,[10  2],45,117,130,72,117
1,<environment.Job instance at 0x7f1996ed40f0>,49,13,[5 1],50,119,132,69,119
1,<environment.Job instance at 0x7f1996ef6dc0>,50,15,[7 5],51,130,145,79,130
1,<environment.Job instance at 0x7f1996ef6eb0>,52,15,[3 8],53,130,145,77,130
1,<environment.Job instance at 0x7f1996ef6cd0>,53,1,[9 5],54,145,146,91,145
1,<environment.Job instance at 0x7f199767d730>,59,3,[ 2 10],60,145,148,85,145
1,<environment.Job instance at 0x7f1996523fa0>,61,1,[5 1],62,146,147,84,146
1,<environment.Job instance at 0x7f1996eebf50>,46,16,[8 2],47,146,162,99,146
1,<environment.Job instance at 0x7f1996dde320>,62,2,[4 6],63,148,150,85,148
1,<environment.Job instance at 0x7f1996ee8e10>,64,3,[ 1 10],65,150,153,85,150
1,<environment.Job instance at 0x7f1997781d70>,68,2,[4 6],69,153,155,84,153
1,<environment.Job instance at 0x7f1996ee8870>,65,15,[2 8],66,155,170,89,155
1,<environment.Job instance at 0x7f1996ee8d70>,69,3,[10  2],70,162,165,92,162
1,<environment.Job instance at 0x7f1997781280>,70,12,[9 4],71,165,177,94,165
1,<environment.Job instance at 0x7f1997781960>,72,1,[4 9],73,170,171,97,170
1,<environment.Job instance at 0x7f1996ecd960>,73,3,[1 9],74,171,174,97,171
1,<environment.Job instance at 0x7f1996ecdc80>,74,3,[5 9],75,174,177,99,174
1,<environment.Job instance at 0x7f1996ee97d0>,77,3,[7 1],78,177,180,99,177
1,<environment.Job instance at 0x7f1996ee9c30>,78,13,[5 6],79,177,190,98,177
1,<environment.Job instance at 0x7f199778fa00>,81,1,[2 6],82,177,178,95,177
1,<environment.Job instance at 0x7f1996b8e910>,1,13,[1 9],2,2,15,0,2
1,<environment.Job instance at 0x7f1996b8eaa0>,2,17,[7 1],3,3,20,0,3
1,<environment.Job instance at 0x7f1996b8ea50>,4,1,[11  4],5,20,21,15,5
1,<environment.Job instance at 0x7f1996b8ef00>,6,2,[8 4],7,15,17,8,7
1,<environment.Job instance at 0x7f1996b8ef50>,8,2,[ 2 11],9,17,19,8,9
1,<environment.Job instance at 0x7f1996b8e5f0>,11,12,[5 5],12,21,33,9,12
1,<environment.Job instance at 0x7f1996b8e730>,15,3,[5 4],16,21,24,5,16
1,<environment.Job instance at 0x7f1996b8e2d0>,16,13,[ 1 11],17,33,46,16,17
1,<environment.Job instance at 0x7f1996b8e050>,18,1,[ 5 13],19,46,47,27,20
1,<environment.Job instance at 0x7f1996b8e410>,7,19,[8 1],8,24,43,16,23
1,<environment.Job instance at 0x7f1997780eb0>,20,2,[10  3],21,43,45,22,23
1,<environment.Job instance at 0x7f1997780e10>,19,14,[ 3 12],20,47,61,27,32
1,<environment.Job instance at 0x7f1996b8ecd0>,14,16,[7 3],15,47,63,32,36
1,<environment.Job instance at 0x7f19977809b0>,21,14,[7 5],22,61,75,39,48
1,<environment.Job instance at 0x7f1997780320>,24,20,[5 5],25,63,83,38,58
1,<environment.Job instance at 0x7f19977800f0>,22,14,[5 5],23,75,89,52,67
1,<environment.Job instance at 0x7f19977807d0>,26,14,[ 2 12],27,89,103,62,81
1,<environment.Job instance at 0x7f1996ee97d0>,1,13,[1 9],2,2,15,0,2
1,<environment.Job instance at 0x7f1996ee9a00>,2,17,[7 1],3,3,20,0,3
1,<environment.Job instance at 0x7f1996ed9c30>,11,12,[5 5],12,12,24,0,12
1,<environment.Job instance at 0x7f1996ee8190>,6,2,[8 4],7,20,22,13,20
1,<environment.Job instance at 0x7f19977d5820>,20,2,[10  3],21,22,24,1,22
1,<environment.Job instance at 0x7f1997c2f2d0>,15,3,[5 4],16,24,27,8,24
1,<environment.Job instance at 0x7f19970b1730>,22,14,[5 5],23,24,38,1,24
1,<environment.Job instance at 0x7f19967a9230>,21,14,[7 5],22,27,41,5,27
1,<environment.Job instance at 0x7f1997780d70>,30,1,[7 3],31,38,39,7,38
1,<environment.Job instance at 0x7f1997780280>,28,2,[2 9],29,39,41,10,39
1,<environment.Job instance at 0x7f1997780870>,33,3,[5 1],34,39,42,5,39
1,<environment.Job instance at 0x7f1997781280>,35,3,[ 4 10],36,41,44,5,41
1,<environment.Job instance at 0x7f1997781960>,34,14,[5 4],35,41,55,6,41
1,<environment.Job instance at 0x7f1997c228c0>,37,3,[ 1 10],38,44,47,6,44
1,<environment.Job instance at 0x7f199773beb0>,39,12,[10  2],40,47,59,7,47
1,<environment.Job instance at 0x7f1997781fa0>,40,13,[3 6],41,55,68,14,55
1,<environment.Job instance at 0x7f1997781dc0>,36,13,[7 2],37,59,72,22,59
1,<environment.Job instance at 0x7f199773b370>,41,17,[5 1],42,59,76,17,59
1,<environment.Job instance at 0x7f1996eed370>,29,15,[6 5],30,72,87,42,72
1,<environment.Job instance at 0x7f1996b8e870>,47,15,[4 6],48,72,87,24,72
1,<environment.Job instance at 0x7f1996b8e0f0>,48,2,[8 5],49,87,89,38,87
1,<environment.Job instance at 0x7f1997663730>,46,16,[7 1],47,87,103,40,87
1,<environment.Job instance at 0x7f1996b8e3c0>,50,16,[8 1],51,89,105,38,89
1,<environment.Job instance at 0x7f1997771960>,14,16,[7 3],15,103,119,88,103
1,<environment.Job instance at 0x7f1996ecd960>,57,16,[5 5],58,105,121,47,105
1,<environment.Job instance at 0x7f19970b70f0>,56,2,[9 4],57,119,121,62,119
1,<environment.Job instance at 0x7f19970b7e10>,53,15,[10  3],54,122,137,68,122
1,<environment.Job instance at 0x7f1997324f50>,61,13,[2 6],62,122,135,60,122
1,<environment.Job instance at 0x7f199654cd70>,63,15,[5 3],64,135,150,71,135
1,<environment.Job instance at 0x7f199654ce60>,64,15,[10  4],65,137,152,72,137
1,<environment.Job instance at 0x7f1996ecd6e0>,58,16,[5 8],59,150,166,91,150
1,<environment.Job instance at 0x7f19968abf50>,71,15,[2 5],72,152,167,80,152
1,<environment.Job instance at 0x7f199688d780>,72,15,[5 8],73,166,181,93,166
1,<environment.Job instance at 0x7f1996ee8d70>,5,16,[9 2],6,167,183,161,167
1,<environment.Job instance at 0x7f19965030f0>,0,14,[2 5],1,1,15,0,1
1,<environment.Job instance at 0x7f1996b723c0>,2,13,[5 5],3,3,16,0,3
1,<environment.Job instance at 0x7f1996b722d0>,3,1,[4 5],4,4,5,0,4
1,<environment.Job instance at 0x7f1997793f00>,5,13,[ 3 13],6,16,29,10,7
1,<environment.Job instance at 0x7f1996b728c0>,12,13,[ 5 12],13,29,42,16,13
1,<environment.Job instance at 0x7f1996b72af0>,13,3,[1 6],14,42,45,28,16
1,<environment.Job instance at 0x7f1996b72d20>,16,1,[8 1],17,17,18,0,17
1,<environment.Job instance at 0x7f1996b72dc0>,19,3,[1 5],20,42,45,22,20
1,<environment.Job instance at 0x7f1996b72b90>,14,2,[10  4],15,42,44,27,22
1,<environment.Job instance at 0x7f1996b4d280>,21,1,[ 2 14],22,45,46,23,22
1,<environment.Job instance at 0x7f1996b72be0>,22,1,[ 3 13],23,46,47,23,23
1,<environment.Job instance at 0x7f1996b72e60>,17,17,[6 1],18,44,61,26,32
1,<environment.Job instance at 0x7f1996b4d870>,29,3,[11  5],30,61,64,31,35
1,<environment.Job instance at 0x7f1996deb050>,0,14,[2 5],1,1,15,0,1
1,<environment.Job instance at 0x7f1996527550>,2,13,[5 5],3,3,16,0,3
1,<environment.Job instance at 0x7f1996debb90>,3,1,[4 5],4,4,5,0,4
1,<environment.Job instance at 0x7f1996d8afa0>,13,3,[1 6],14,15,18,1,15
1,<environment.Job instance at 0x7f19965322d0>,7,12,[9 2],8,15,27,7,15
1,<environment.Job instance at 0x7f1996e70500>,14,2,[10  4],15,27,29,12,27
1,<environment.Job instance at 0x7f199653a230>,16,1,[8 1],17,29,30,12,29
1,<environment.Job instance at 0x7f199653a2d0>,17,17,[6 1],18,29,46,11,29
1,<environment.Job instance at 0x7f19973d7d20>,19,3,[1 5],20,30,33,10,30
1,<environment.Job instance at 0x7f1996e57370>,15,18,[7 1],16,30,48,14,30
1,<environment.Job instance at 0x7f1996e61230>,26,14,[5 4],27,48,62,21,48
1,<environment.Job instance at 0x7f19965321e0>,4,16,[9 2],5,48,64,43,48
1,<environment.Job instance at 0x7f1996e74fa0>,34,16,[5 5],35,62,78,27,62
1,<environment.Job instance at 0x7f1997540140>,36,15,[4 5],37,64,79,27,64
1,<environment.Job instance at 0x7f1996e61190>,28,16,[6 4],29,64,80,35,64
1,<environment.Job instance at 0x7f19973d5a00>,42,3,[ 4 10],43,79,82,36,79
1,<environment.Job instance at 0x7f1996d8a500>,11,17,[10  2],12,80,97,68,80
1,<environment.Job instance at 0x7f19973d5500>,39,14,[4 8],40,82,96,42,82
1,<environment.Job instance at 0x7f1996d839b0>,45,14,[4 9],46,96,110,50,96
1,<environment.Job instance at 0x7f1996d8ae60>,8,17,[10  5],9,97,114,88,97
1,<environment.Job instance at 0x7f1996d837d0>,48,12,[ 5 10],49,110,122,61,110
1,<environment.Job instance at 0x7f19973d7280>,20,18,[9 3],21,114,132,93,114
1,<environment.Job instance at 0x7f19973d4140>,50,12,[1 8],51,122,134,71,122
1,<environment.Job instance at 0x7f1996bca4b0>,58,1,[7 1],59,132,133,73,132
1,<environment.Job instance at 0x7f1996db8410>,53,14,[5 5],54,132,146,78,132
1,<environment.Job instance at 0x7f1996bca1e0>,59,1,[3 8],60,134,135,74,134
1,<environment.Job instance at 0x7f1996e6b050>,63,3,[10  4],64,135,138,71,135
1,<environment.Job instance at 0x7f1996e6bf00>,61,13,[10  5],62,138,151,76,138
1,<environment.Job instance at 0x7f19977ecf50>,69,3,[4 5],70,146,149,76,146
1,<environment.Job instance at 0x7f1997abf5f0>,70,12,[2 7],71,149,161,78,149
1,<environment.Job instance at 0x7f19965e6820>,56,14,[10  5],57,152,166,95,152
1,<environment.Job instance at 0x7f1996e6a460>,73,2,[5 8],74,161,163,87,161
1,<environment.Job instance at 0x7f199687f230>,75,12,[5 6],76,163,175,87,163
1,<environment.Job instance at 0x7f19977dadc0>,79,2,[6 2],80,166,168,86,166
1,<environment.Job instance at 0x7f1996d83910>,44,17,[3 7],45,166,183,121,166
1,<environment.Job instance at 0x7f19966ccdc0>,80,15,[6 2],81,168,183,87,168
1,<environment.Job instance at 0x7f1996e6ad70>,71,20,[2 6],72,175,195,103,175
1,<environment.Job instance at 0x7f1997dbbcd0>,4,15,[4 7],5,5,20,0,5
1,<environment.Job instance at 0x7f1997dbb640>,5,16,[7 4],6,6,22,0,6
1,<environment.Job instance at 0x7f1997dbb690>,6,12,[5 2],7,20,32,13,7
1,<environment.Job instance at 0x7f1997dbb5a0>,7,13,[7 2],8,22,35,14,8
1,<environment.Job instance at 0x7f19a08d80f0>,12,2,[ 1 10],13,22,24,9,13
1,<environment.Job instance at 0x7f19966e7a50>,9,23,[ 1 10],10,24,47,14,18
1,<environment.Job instance at 0x7f19970f75a0>,16,15,[7 3],17,32,47,15,18
1,<environment.Job instance at 0x7f19a08d8280>,11,24,[10  2],12,47,71,35,45
1,<environment.Job instance at 0x7f19970f7fa0>,18,17,[5 7],19,79,96,60,79
1,<environment.Job instance at 0x7f19970f7b90>,19,15,[14  1],20,96,111,76,83
1,<environment.Job instance at 0x7f19970f7e60>,20,14,[10  4],21,118,132,97,118
1,<environment.Job instance at 0x7f19970f7b40>,17,21,[1 8],18,121,142,103,121
1,<environment.Job instance at 0x7f19970f7870>,21,24,[14  5],22,132,156,110,129
1,<environment.Job instance at 0x7f19966e56e0>,4,15,[4 7],5,5,20,0,5
1,<environment.Job instance at 0x7f1996b74640>,5,16,[7 4],6,6,22,0,6
1,<environment.Job instance at 0x7f1996b72280>,12,2,[ 1 10],13,20,22,7,20
1,<environment.Job instance at 0x7f1996b74f50>,6,12,[5 2],7,22,34,15,22
1,<environment.Job instance at 0x7f19966e55a0>,7,13,[7 2],8,22,35,14,22
1,<environment.Job instance at 0x7f1996ee8e60>,23,3,[6 2],24,34,37,10,34
1,<environment.Job instance at 0x7f19966cd050>,16,15,[7 3],17,35,50,18,35
1,<environment.Job instance at 0x7f1996519820>,18,17,[5 7],19,37,54,18,37
1,<environment.Job instance at 0x7f1996519370>,20,14,[10  4],21,50,64,29,50
1,<environment.Job instance at 0x7f1996dde320>,27,18,[4 9],28,54,72,26,54
1,<environment.Job instance at 0x7f19967a9230>,34,13,[5 2],35,64,77,29,64
1,<environment.Job instance at 0x7f19970b1280>,35,3,[ 1 10],36,72,75,36,72
1,<environment.Job instance at 0x7f1997771820>,32,13,[8 5],33,76,89,43,76
1,<environment.Job instance at 0x7f1996eeda00>,37,13,[3 6],38,77,90,39,77
1,<environment.Job instance at 0x7f1996eed140>,38,14,[5 9],39,89,103,50,89
1,<environment.Job instance at 0x7f1996ee9aa0>,24,15,[10  3],25,90,105,65,90
1,<environment.Job instance at 0x7f1997c228c0>,45,18,[ 2 10],46,103,121,57,103
1,<environment.Job instance at 0x7f1997781dc0>,44,2,[9 2],45,105,107,60,105
1,<environment.Job instance at 0x7f199773beb0>,49,13,[5 1],50,107,120,57,107
1,<environment.Job instance at 0x7f1996ed9d70>,28,17,[8 4],29,107,124,78,107
1,<environment.Job instance at 0x7f1997781f50>,47,14,[3 5],48,121,135,73,121
1,<environment.Job instance at 0x7f1997663a00>,52,1,[4 7],53,124,125,71,124
1,<environment.Job instance at 0x7f1997663960>,53,2,[ 5 10],54,125,127,71,125
1,<environment.Job instance at 0x7f1996b8e0f0>,56,14,[5 3],57,127,141,70,127
1,<environment.Job instance at 0x7f199773b370>,50,17,[1 7],51,127,144,76,127
1,<environment.Job instance at 0x7f19970b7e10>,59,12,[7 1],60,135,147,75,135
1,<environment.Job instance at 0x7f19970b7780>,60,3,[2 6],61,141,144,80,141
1,<environment.Job instance at 0x7f1996b8eb90>,57,2,[3 9],58,144,146,86,144
1,<environment.Job instance at 0x7f19970b7730>,62,14,[7 2],63,146,160,83,146
1,<environment.Job instance at 0x7f19970b74b0>,63,12,[5 5],64,147,159,83,147
1,<environment.Job instance at 0x7f199766a0f0>,51,16,[8 4],52,159,175,107,159
1,<environment.Job instance at 0x7f1996ecd2d0>,66,18,[7 2],67,160,178,93,160
1,<environment.Job instance at 0x7f199654c4b0>,68,12,[2 8],69,175,187,106,175
1,<environment.Job instance at 0x7f1997c509b0>,69,18,[6 3],70,175,193,105,175
1,<environment.Job instance at 0x7f1996970a00>,0,1,[13  1],1,1,2,0,1
1,<environment.Job instance at 0x7f1997dc6fa0>,3,12,[1 5],4,4,16,0,4
1,<environment.Job instance at 0x7f1997dc6f50>,4,1,[1 5],5,5,6,0,5
1,<environment.Job instance at 0x7f1997dc6a50>,5,3,[9 5],6,6,9,0,6
1,<environment.Job instance at 0x7f1997dc6460>,6,16,[5 5],7,7,23,0,7
1,<environment.Job instance at 0x7f1997dc6910>,7,12,[4 7],8,16,28,8,8
1,<environment.Job instance at 0x7f1997dcd410>,11,3,[3 5],12,12,15,0,12
1,<environment.Job instance at 0x7f19969d6c80>,10,13,[ 3 11],11,28,41,17,12
1,<environment.Job instance at 0x7f1996b3ee60>,12,13,[ 4 10],13,41,54,28,27
1,<environment.Job instance at 0x7f199755a820>,9,16,[ 2 10],10,54,70,44,41
1,<environment.Job instance at 0x7f19973550f0>,17,3,[2 5],18,41,44,23,41
1,<environment.Job instance at 0x7f19967e1820>,18,3,[8 3],19,44,47,25,41
1,<environment.Job instance at 0x7f19967e1c30>,21,16,[1 6],22,70,86,48,57
1,<environment.Job instance at 0x7f19967e15f0>,22,15,[5 3],23,57,72,34,57
1,<environment.Job instance at 0x7f19967e1140>,23,1,[9 3],24,70,71,46,57
1,<environment.Job instance at 0x7f19967e1780>,24,14,[5 2],25,71,85,46,57
1,<environment.Job instance at 0x7f19967e1a00>,20,21,[2 6],21,72,93,51,65
1,<environment.Job instance at 0x7f1997521aa0>,26,18,[1 5],27,86,104,59,75
1,<environment.Job instance at 0x7f19967df690>,28,15,[7 3],29,85,100,56,77
1,<environment.Job instance at 0x7f19a0814820>,15,18,[ 1 11],16,104,122,88,93
1,<environment.Job instance at 0x7f19967df780>,30,22,[ 2 14],31,122,144,91,115
1,<environment.Job instance at 0x7f19967dfcd0>,31,16,[ 4 13],32,144,160,112,132
1,<environment.Job instance at 0x7f19967dfc30>,32,1,[12  1],33,132,133,99,132
1,<environment.Job instance at 0x7f19967df460>,33,2,[2 7],34,160,162,126,133
1,<environment.Job instance at 0x7f19967df1e0>,34,19,[2 9],35,162,181,127,152
1,<environment.Job instance at 0x7f1997de9d20>,35,1,[5 5],36,160,161,124,152
1,<environment.Job instance at 0x7f1997de9cd0>,36,3,[10  1],37,152,155,115,152
1,<environment.Job instance at 0x7f19967df5a0>,29,21,[ 4 10],30,181,202,151,174
1,<environment.Job instance at 0x7f1996610b90>,3,12,[1 5],4,4,16,0,4
1,<environment.Job instance at 0x7f1996985820>,4,1,[1 5],5,5,6,0,5
1,<environment.Job instance at 0x7f19970f7410>,5,3,[9 5],6,6,9,0,6
1,<environment.Job instance at 0x7f1996610c80>,6,16,[5 5],7,7,23,0,7
1,<environment.Job instance at 0x7f19977ec9b0>,11,3,[3 5],12,12,15,0,12
1,<environment.Job instance at 0x7f19979ca730>,7,12,[4 7],8,16,28,8,16
1,<environment.Job instance at 0x7f1997781960>,17,3,[2 5],18,23,26,5,23
1,<environment.Job instance at 0x7f199773b370>,18,3,[8 3],19,23,26,4,23
1,<environment.Job instance at 0x7f1997781f50>,21,16,[1 6],22,26,42,4,26
1,<environment.Job instance at 0x7f1997781280>,22,15,[5 3],23,28,43,5,28
1,<environment.Job instance at 0x7f1997771960>,23,1,[9 3],24,28,29,4,28
1,<environment.Job instance at 0x7f1997771230>,24,14,[5 2],25,29,43,4,29
1,<environment.Job instance at 0x7f1997324870>,12,13,[ 4 10],13,42,55,29,42
1,<environment.Job instance at 0x7f199755ac80>,28,15,[7 3],29,43,58,14,43
1,<environment.Job instance at 0x7f19967ee370>,35,1,[5 5],36,55,56,19,55
1,<environment.Job instance at 0x7f199692c050>,33,2,[2 7],34,55,57,21,55
1,<environment.Job instance at 0x7f1996ed9b90>,26,18,[1 5],27,56,74,29,56
1,<environment.Job instance at 0x7f1996ecd780>,44,12,[2 5],45,57,69,12,57
1,<environment.Job instance at 0x7f19967ee0f0>,36,3,[10  1],37,58,61,21,58
1,<environment.Job instance at 0x7f1996ecddc0>,48,12,[8 2],49,61,73,12,61
1,<environment.Job instance at 0x7f199736ba00>,53,12,[6 3],54,69,81,15,69
1,<environment.Job instance at 0x7f1996ecd7d0>,50,15,[5 5],51,73,88,22,73
1,<environment.Job instance at 0x7f19978ed3c0>,55,12,[5 9],56,81,93,25,81
1,<environment.Job instance at 0x7f1996d35460>,59,14,[5 1],60,81,95,21,81
1,<environment.Job instance at 0x7f1996d35550>,60,3,[6 3],61,93,96,32,93
1,<environment.Job instance at 0x7f19978edd20>,51,13,[3 8],52,93,106,41,93
1,<environment.Job instance at 0x7f1996d35a50>,62,13,[3 7],63,96,109,33,96
1,<environment.Job instance at 0x7f1996d35910>,67,17,[10  4],68,106,123,38,106
1,<environment.Job instance at 0x7f1997abf5f0>,9,16,[ 2 10],10,109,125,99,109
1,<environment.Job instance at 0x7f1996d35230>,68,16,[10  2],69,123,139,54,123
1,<environment.Job instance at 0x7f1996563b90>,14,18,[ 2 10],15,125,143,110,125
1,<environment.Job instance at 0x7f1996d35cd0>,70,13,[6 3],71,139,152,68,139
1,<environment.Job instance at 0x7f1996d356e0>,63,20,[6 2],64,139,159,75,139
1,<environment.Job instance at 0x7f1997929410>,76,16,[9 5],77,152,168,75,152
1,<environment.Job instance at 0x7f1997929dc0>,80,2,[9 1],81,168,170,87,168
1,<environment.Job instance at 0x7f1997929b90>,81,14,[9 5],82,170,184,88,170
1,<environment.Job instance at 0x7f1997929870>,83,22,[6 5],84,171,193,87,171
1,<environment.Job instance at 0x7f1997e0ecd0>,6,2,[ 4 13],7,7,9,0,7
1,<environment.Job instance at 0x7f1996d94230>,7,12,[3 6],8,9,21,1,8
1,<environment.Job instance at 0x7f199752a8c0>,11,3,[ 5 10],12,21,24,9,12
1,<environment.Job instance at 0x7f1997477190>,17,3,[ 3 12],18,24,27,6,18
1,<environment.Job instance at 0x7f1997b86dc0>,23,12,[9 5],24,27,39,3,24
1,<environment.Job instance at 0x7f1997aecb40>,24,1,[ 2 11],25,39,40,14,25
1,<environment.Job instance at 0x7f1997c25730>,25,13,[1 9],26,40,53,14,26
1,<environment.Job instance at 0x7f1997a6ff50>,22,17,[14  1],23,40,57,17,28
1,<environment.Job instance at 0x7f19a0a516e0>,30,2,[6 5],31,32,34,1,32
1,<environment.Job instance at 0x7f1996ec3320>,31,3,[1 9],32,34,37,2,33
1,<environment.Job instance at 0x7f1997553190>,33,1,[1 5],34,37,38,3,35
1,<environment.Job instance at 0x7f1996f14370>,20,20,[7 1],21,73,93,52,73
1,<environment.Job instance at 0x7f199752a320>,10,13,[ 2 12],11,74,87,63,74
1,<environment.Job instance at 0x7f1996a86050>,36,3,[ 4 10],37,87,90,50,74
1,<environment.Job instance at 0x7f19a0a518c0>,28,12,[7 1],29,90,102,61,77
1,<environment.Job instance at 0x7f1996916460>,40,13,[7 4],41,93,106,52,77
1,<environment.Job instance at 0x7f199751e780>,39,2,[6 5],40,102,104,62,84
1,<environment.Job instance at 0x7f1997edd9b0>,48,16,[5 5],49,104,120,55,91
1,<environment.Job instance at 0x7f19968d2780>,56,2,[8 5],57,106,108,49,92
1,<environment.Job instance at 0x7f19968d26e0>,62,15,[2 5],63,102,117,39,92
1,<environment.Job instance at 0x7f19968d2b90>,63,3,[ 3 10],64,117,120,53,92
1,<environment.Job instance at 0x7f19968d2c30>,61,3,[ 1 13],62,120,123,58,95
1,<environment.Job instance at 0x7f19968d2c80>,71,3,[8 1],72,108,111,36,96
1,<environment.Job instance at 0x7f19968e8be0>,72,3,[5 6],73,123,126,50,97
1,<environment.Job instance at 0x7f19968d2fa0>,60,3,[5 1],61,111,114,50,98
1,<environment.Job instance at 0x7f19968e8eb0>,74,1,[ 5 11],75,126,127,51,98
1,<environment.Job instance at 0x7f19968dc640>,84,2,[ 3 12],85,127,129,42,101
1,<environment.Job instance at 0x7f19968dc910>,89,1,[13  3],90,129,130,39,104
1,<environment.Job instance at 0x7f19968d2a50>,70,2,[7 1],71,114,116,43,104
1,<environment.Job instance at 0x7f19968dcbe0>,95,3,[5 1],96,120,123,24,104
1,<environment.Job instance at 0x7f19968dc9b0>,90,2,[2 6],91,123,125,32,105
1,<environment.Job instance at 0x7f19968c9370>,97,20,[1 8],98,129,149,31,120
1,<environment.Job instance at 0x7f19968c95a0>,98,23,[5 3],99,130,153,31,124
1,<environment.Job instance at 0x7f19968c9460>,100,2,[14  1],101,153,155,52,126
1,<environment.Job instance at 0x7f19968c9730>,101,13,[ 5 14],102,155,168,53,142
1,<environment.Job instance at 0x7f19968dcaf0>,91,25,[ 2 12],92,168,193,76,166
1,<environment.Job instance at 0x7f1996df8e10>,0,20,[9 3],1,1,21,0,1
1,<environment.Job instance at 0x7f1996df84b0>,4,15,[ 2 10],5,5,20,0,5
1,<environment.Job instance at 0x7f1996f26460>,11,3,[ 5 10],12,20,23,8,20
1,<environment.Job instance at 0x7f1996f26780>,16,18,[9 4],17,21,39,4,21
1,<environment.Job instance at 0x7f1996f26280>,7,12,[3 6],8,23,35,15,23
1,<environment.Job instance at 0x7f1996f26c30>,21,14,[2 6],22,35,49,13,35
1,<environment.Job instance at 0x7f1996f263c0>,23,12,[9 5],24,39,51,15,39
1,<environment.Job instance at 0x7f1996f26320>,25,13,[1 9],26,49,62,23,49
1,<environment.Job instance at 0x7f1997e050f0>,26,16,[9 2],27,51,67,24,51
1,<environment.Job instance at 0x7f1997e053c0>,27,13,[5 9],28,62,75,34,62
1,<environment.Job instance at 0x7f1997e050a0>,28,12,[7 1],29,67,79,38,67
1,<environment.Job instance at 0x7f1997e05eb0>,30,2,[6 5],31,75,77,44,75
1,<environment.Job instance at 0x7f1997e05050>,31,3,[1 9],32,75,78,43,75
1,<environment.Job instance at 0x7f1997011f00>,33,1,[1 5],34,77,78,43,77
1,<environment.Job instance at 0x7f1997011280>,36,3,[ 4 10],37,78,81,41,78
1,<environment.Job instance at 0x7f1997e05460>,29,16,[7 5],30,79,95,49,79
1,<environment.Job instance at 0x7f1996f26730>,13,14,[1 8],14,81,95,67,81
1,<environment.Job instance at 0x7f19966a7e10>,39,2,[6 5],40,95,97,55,95
1,<environment.Job instance at 0x7f19966a76e0>,40,13,[7 4],41,95,108,54,95
1,<environment.Job instance at 0x7f19966a7be0>,41,16,[7 5],42,97,113,55,97
1,<environment.Job instance at 0x7f19966a75a0>,43,17,[1 7],44,108,125,64,108
1,<environment.Job instance at 0x7f19966a7f50>,46,3,[10  1],47,113,116,66,113
1,<environment.Job instance at 0x7f19966a73c0>,48,16,[5 5],49,116,132,67,116
1,<environment.Job instance at 0x7f1997e045a0>,49,17,[ 2 10],50,125,142,75,125
1,<environment.Job instance at 0x7f1997e04d70>,50,17,[5 4],51,132,149,81,132
1,<environment.Job instance at 0x7f1997e04460>,51,1,[ 4 10],52,142,143,90,142
1,<environment.Job instance at 0x7f1997e04370>,52,16,[2 9],53,143,159,90,143
1,<environment.Job instance at 0x7f19966a7230>,47,18,[10  4],48,149,167,101,149
1,<environment.Job instance at 0x7f1997e04230>,53,17,[ 4 10],54,159,176,105,159
1,<environment.Job instance at 0x7f1997e046e0>,54,14,[8 2],55,167,181,112,167
1,<environment.Job instance at 0x7f1996f265f0>,19,17,[4 8],20,176,193,156,176
1,<environment.Job instance at 0x7efd51d8d6e0>,0,17,[6 1],1,1,18,0,1
1,<environment.Job instance at 0x7efd51d8d730>,1,3,[ 2 10],2,2,5,0,2
1,<environment.Job instance at 0x7efd48743b90>,2,14,[ 2 10],3,5,19,2,3
1,<environment.Job instance at 0x7efd48743a50>,5,2,[1 6],6,19,21,13,6
1,<environment.Job instance at 0x7efd48743f50>,8,2,[ 1 14],9,21,23,12,9
1,<environment.Job instance at 0x7efd48748050>,9,12,[8 2],10,23,35,13,10
1,<environment.Job instance at 0x7efd487482d0>,11,3,[4 9],12,23,26,11,12
1,<environment.Job instance at 0x7efd51d8d8c0>,4,13,[3 6],5,26,39,21,15
1,<environment.Job instance at 0x7efd48748500>,15,3,[2 8],16,35,38,19,16
1,<environment.Job instance at 0x7efd48743eb0>,20,3,[10  5],21,38,41,17,21
1,<environment.Job instance at 0x7efd48748be0>,24,2,[4 6],25,26,28,1,25
1,<environment.Job instance at 0x7efd48748c80>,25,2,[5 7],26,39,41,13,26
1,<environment.Job instance at 0x7efd48748e60>,26,12,[8 5],27,41,53,14,27
1,<environment.Job instance at 0x7efd4874b280>,31,1,[ 2 14],32,53,54,21,32
1,<environment.Job instance at 0x7efd4874b6e0>,37,14,[5 8],38,54,68,16,39
1,<environment.Job instance at 0x7efd4874b910>,41,12,[8 3],42,54,66,12,44
1,<environment.Job instance at 0x7efd4874bbe0>,44,12,[9 3],45,66,78,21,51
1,<environment.Job instance at 0x7efd48748b40>,22,12,[3 8],23,68,80,45,52
1,<environment.Job instance at 0x7efd4874bdc0>,45,12,[ 3 14],46,80,92,34,63
1,<environment.Job instance at 0x7efd4874bd70>,46,14,[6 5],47,92,106,45,78
1,<environment.Job instance at 0x7efd4874baa0>,43,16,[1 8],44,92,108,48,79
1,<environment.Job instance at 0x7efd4874bf50>,49,13,[1 5],50,106,119,56,90
1,<environment.Job instance at 0x7efd4874be10>,47,14,[12  2],48,106,120,58,91
1,<environment.Job instance at 0x7efd4874beb0>,48,14,[ 1 11],49,119,133,70,104
1,<environment.Job instance at 0x7efd4874b820>,38,24,[13  2],39,120,144,81,117
1,<environment.Job instance at 0x7efd4874d460>,53,12,[ 3 14],54,144,156,90,127
1,<environment.Job instance at 0x7efd4874d500>,54,3,[ 3 13],55,156,159,101,130
1,<environment.Job instance at 0x7efd4874b4b0>,42,12,[ 5 12],43,159,171,116,143
1,<environment.Job instance at 0x7efd4874d640>,56,2,[4 7],57,171,173,114,144
1,<environment.Job instance at 0x7efd4874d0f0>,51,13,[5 6],52,171,184,119,156
1,<environment.Job instance at 0x7efd4874d4b0>,55,15,[5 4],56,173,188,117,168
1,<environment.Job instance at 0x7efd4874d820>,59,21,[9 1],60,184,205,124,179
1,<environment.Job instance at 0x7efd4874d7d0>,60,14,[ 2 10],61,188,202,127,188
1,<environment.Job instance at 0x7efd48750500>,0,17,[6 1],1,1,18,0,1
1,<environment.Job instance at 0x7efd48750dc0>,1,3,[ 2 10],2,2,5,0,2
1,<environment.Job instance at 0x7efd488eb7d0>,4,13,[3 6],5,5,18,0,5
1,<environment.Job instance at 0x7efd4886ee60>,3,22,[2 5],4,5,27,1,5
1,<environment.Job instance at 0x7efd48804eb0>,5,2,[1 6],6,18,20,12,18
1,<environment.Job instance at 0x7efd488047d0>,9,12,[8 2],10,18,30,8,18
1,<environment.Job instance at 0x7efd48804730>,15,3,[2 8],16,20,23,4,20
1,<environment.Job instance at 0x7efd48743910>,17,12,[5 1],18,23,35,5,23
1,<environment.Job instance at 0x7efd488685a0>,2,14,[ 2 10],3,27,41,24,27
1,<environment.Job instance at 0x7efd48743d20>,16,18,[7 3],17,30,48,13,30
1,<environment.Job instance at 0x7efd48804870>,11,3,[4 9],12,41,44,29,41
1,<environment.Job instance at 0x7efd48800eb0>,24,2,[4 6],25,44,46,19,44
1,<environment.Job instance at 0x7efd48800e60>,25,2,[5 7],26,46,48,20,46
1,<environment.Job instance at 0x7efd488009b0>,20,3,[10  5],21,48,51,27,48
1,<environment.Job instance at 0x7efd48800370>,22,12,[3 8],23,48,60,25,48
1,<environment.Job instance at 0x7efd48800140>,26,12,[8 5],27,51,63,24,51
1,<environment.Job instance at 0x7efd488eda00>,34,14,[1 9],35,60,74,25,60
1,<environment.Job instance at 0x7efd48800e10>,27,17,[4 6],28,63,80,35,63
1,<environment.Job instance at 0x7efd487f9370>,37,14,[5 8],38,74,88,36,74
1,<environment.Job instance at 0x7efd487721e0>,41,12,[8 3],42,80,92,38,80
1,<environment.Job instance at 0x7efd48772c30>,43,16,[1 8],44,88,104,44,88
1,<environment.Job instance at 0x7efd48772be0>,44,12,[9 3],45,92,104,47,92
1,<environment.Job instance at 0x7efd487a2eb0>,46,14,[6 5],47,104,118,57,104
1,<environment.Job instance at 0x7efd487a2820>,49,13,[1 5],50,104,117,54,104
1,<environment.Job instance at 0x7efd487827d0>,51,13,[5 6],52,117,130,65,117
1,<environment.Job instance at 0x7efd487313c0>,55,15,[5 4],56,118,133,62,118
1,<environment.Job instance at 0x7efd48731a00>,56,2,[4 7],57,130,132,73,130
1,<environment.Job instance at 0x7efd488ed140>,35,16,[1 9],36,133,149,97,133
1,<environment.Job instance at 0x7efd4878e7d0>,39,18,[9 4],40,133,151,93,133
1,<environment.Job instance at 0x7efd487abd20>,62,2,[5 9],63,149,151,86,149
1,<environment.Job instance at 0x7efd487ab960>,60,14,[ 2 10],61,152,166,91,152
1,<environment.Job instance at 0x7efd488006e0>,21,18,[9 4],22,152,170,130,152
1,<environment.Job instance at 0x7efd487ab500>,64,12,[5 6],65,166,178,101,166
1,<environment.Job instance at 0x7efd487ab4b0>,65,15,[5 5],66,170,185,104,170
1,<environment.Job instance at 0x7efd48790aa0>,68,14,[6 4],69,178,192,109,178
1,<environment.Job instance at 0x7efd48797190>,69,14,[9 4],70,185,199,115,185
1,<environment.Job instance at 0x7efd4876ab40>,0,3,[9 5],1,1,4,0,1
1,<environment.Job instance at 0x7efd481b7730>,2,12,[1 9],3,3,15,0,3
1,<environment.Job instance at 0x7efd481bbe60>,5,13,[7 3],6,6,19,0,6
1,<environment.Job instance at 0x7efd481bb370>,6,18,[1 7],7,15,33,8,7
1,<environment.Job instance at 0x7efd481bb870>,10,2,[11  3],11,19,21,8,11
1,<environment.Job instance at 0x7efd481bb4b0>,13,13,[7 1],14,21,34,7,14
1,<environment.Job instance at 0x7efd481bbbe0>,18,1,[14  4],19,34,35,15,19
1,<environment.Job instance at 0x7efd48219b90>,21,1,[ 4 14],22,33,34,11,22
1,<environment.Job instance at 0x7efd48219870>,29,3,[11  3],30,35,38,5,30
1,<environment.Job instance at 0x7efd481bbaf0>,27,17,[8 5],28,38,55,10,31
1,<environment.Job instance at 0x7efd482233c0>,35,12,[4 8],36,37,49,1,37
1,<environment.Job instance at 0x7efd48342690>,37,13,[ 4 11],38,55,68,17,39
1,<environment.Job instance at 0x7efd4826bcd0>,41,14,[1 7],42,68,82,26,53
1,<environment.Job instance at 0x7efd4826bd20>,45,2,[ 1 12],46,82,84,36,55
1,<environment.Job instance at 0x7efd4826b690>,44,1,[13  1],45,68,69,23,55
1,<environment.Job instance at 0x7efd4826be10>,46,13,[2 7],47,69,82,22,55
1,<environment.Job instance at 0x7efd4826b3c0>,47,2,[7 2],48,55,57,7,55
1,<environment.Job instance at 0x7efd4826b410>,49,13,[8 1],50,69,82,19,55
1,<environment.Job instance at 0x7efd481a88c0>,66,1,[3 9],67,84,85,17,67
1,<environment.Job instance at 0x7efd48161f00>,58,13,[3 5],59,84,97,25,69
1,<environment.Job instance at 0x7efd47e7b6e0>,72,3,[5 4],73,85,88,12,74
1,<environment.Job instance at 0x7efd481abd70>,62,20,[5 1],63,82,102,19,76
1,<environment.Job instance at 0x7efd4826b5a0>,50,12,[ 5 10],51,97,109,46,80
1,<environment.Job instance at 0x7efd47f080a0>,76,21,[5 5],77,102,123,25,94
1,<environment.Job instance at 0x7efd47d70dc0>,80,2,[13  1],81,123,125,42,96
1,<environment.Job instance at 0x7efd47d96140>,81,1,[7 4],82,96,97,14,96
1,<environment.Job instance at 0x7efd47cfc140>,91,2,[7 3],92,109,111,17,102
1,<environment.Job instance at 0x7efd47cfc960>,93,2,[5 7],94,111,113,17,102
1,<environment.Job instance at 0x7efd481a7190>,73,18,[ 1 10],74,113,131,39,110
1,<environment.Job instance at 0x7efd47cfc280>,94,2,[8 1],95,125,127,30,111
1,<environment.Job instance at 0x7efd47cfca00>,95,27,[9 5],96,136,163,40,136
1,<environment.Job instance at 0x7efd47cfc0a0>,96,13,[8 4],97,163,176,66,147
1,<environment.Job instance at 0x7efd47cfc1e0>,98,2,[ 4 11],99,163,165,64,147
1,<environment.Job instance at 0x7efd47d937d0>,100,2,[2 9],101,147,149,46,147
1,<environment.Job instance at 0x7efd47d89690>,78,1,[8 5],79,176,177,97,151
1,<environment.Job instance at 0x7efd47d930f0>,99,3,[9 4],100,177,180,77,151
1,<environment.Job instance at 0x7efd47cf8b90>,108,2,[8 3],109,180,182,71,153
1,<environment.Job instance at 0x7efd47cfa230>,114,3,[4 5],115,156,159,41,156
1,<environment.Job instance at 0x7efd47cfae60>,115,16,[5 3],116,165,181,49,156
1,<environment.Job instance at 0x7efd47cfa690>,111,14,[3 8],112,181,195,69,166
1,<environment.Job instance at 0x7efd47cfabe0>,118,3,[5 2],119,182,185,63,166
1,<environment.Job instance at 0x7efd47cfadc0>,116,14,[7 1],117,182,196,65,168
1,<environment.Job instance at 0x7efd4826b9b0>,0,3,[9 5],1,1,4,0,1
1,<environment.Job instance at 0x7efd4826b960>,2,12,[1 9],3,3,15,0,3
1,<environment.Job instance at 0x7efd47d5dc30>,5,13,[7 3],6,6,19,0,6
1,<environment.Job instance at 0x7efd48764910>,9,13,[7 2],10,10,23,0,10
1,<environment.Job instance at 0x7efd47d00dc0>,6,18,[1 7],7,15,33,8,15
1,<environment.Job instance at 0x7efd48764870>,12,16,[5 3],13,19,35,6,19
1,<environment.Job instance at 0x7efd48764d20>,13,13,[7 1],14,23,36,9,23
1,<environment.Job instance at 0x7efd487648c0>,16,15,[ 2 10],17,33,48,16,33
1,<environment.Job instance at 0x7efd48764140>,20,13,[2 5],21,48,61,27,48
1,<environment.Job instance at 0x7efd48764820>,15,16,[5 6],16,48,64,32,48
1,<environment.Job instance at 0x7efd487569b0>,32,15,[8 5],33,61,76,28,61
1,<environment.Job instance at 0x7efd48764b40>,14,17,[ 5 10],15,64,81,49,64
1,<environment.Job instance at 0x7efd48756f00>,27,17,[8 5],28,76,93,48,76
1,<environment.Job instance at 0x7efd487567d0>,35,12,[4 8],36,83,95,47,83
1,<environment.Job instance at 0x7efd48756550>,41,14,[1 7],42,93,107,51,93
1,<environment.Job instance at 0x7efd487560f0>,42,13,[4 8],43,95,108,52,95
1,<environment.Job instance at 0x7efd487563c0>,43,16,[8 4],44,107,123,63,107
1,<environment.Job instance at 0x7efd48756140>,46,13,[2 7],47,108,121,61,108
1,<environment.Job instance at 0x7efd48756190>,47,2,[7 2],48,121,123,73,121
1,<environment.Job instance at 0x7efd47f3b640>,49,13,[8 1],50,123,136,73,123
1,<environment.Job instance at 0x7efd47fcbcd0>,50,12,[ 5 10],51,123,135,72,123
1,<environment.Job instance at 0x7efd487643c0>,19,17,[3 6],20,135,152,115,135
1,<environment.Job instance at 0x7efd481b7c30>,52,13,[4 5],53,135,148,82,135
1,<environment.Job instance at 0x7efd481b7dc0>,51,13,[9 2],52,148,161,96,148
1,<environment.Job instance at 0x7efd48764be0>,11,17,[2 7],12,148,165,136,148
1,<environment.Job instance at 0x7efd48162f50>,58,13,[3 5],59,152,165,93,152
1,<environment.Job instance at 0x7efd47f0bb40>,55,14,[10  3],56,161,175,105,161
1,<environment.Job instance at 0x7efd48089460>,66,1,[3 9],67,166,167,99,166
1,<environment.Job instance at 0x7efd48162a00>,59,16,[5 8],60,167,183,107,167
1,<environment.Job instance at 0x7efd48048c80>,68,15,[8 1],69,175,190,106,175
1,<environment.Job instance at 0x7efd48219410>,72,3,[5 4],73,183,186,110,183
1,<environment.Job instance at 0x7efd47f63be0>,73,18,[ 1 10],74,183,201,109,183
1,<environment.Job instance at 0x7efd47f09190>,62,20,[5 1],63,186,206,123,186
1,<environment.Job instance at 0x7efd47ee1550>,0,2,[ 2 12],1,1,3,0,1
1,<environment.Job instance at 0x7efd47ee1960>,1,13,[ 5 10],2,3,16,1,2
1,<environment.Job instance at 0x7efd47edcb40>,3,2,[9 3],4,4,6,0,4
1,<environment.Job instance at 0x7efd47edc960>,4,2,[3 5],5,6,8,1,5
1,<environment.Job instance at 0x7efd47edcd70>,7,13,[1 7],8,16,29,8,8
1,<environment.Job instance at 0x7efd47edc550>,14,15,[10  4],15,18,33,3,18
1,<environment.Job instance at 0x7efd47edc6e0>,20,14,[4 5],21,29,43,8,24
1,<environment.Job instance at 0x7efd47edc500>,17,16,[4 5],18,33,49,15,24
1,<environment.Job instance at 0x7efd47edb870>,21,15,[11  2],22,43,58,21,29
1,<environment.Job instance at 0x7efd47edb0f0>,22,13,[ 1 12],23,49,62,26,39
1,<environment.Job instance at 0x7efd47edb410>,24,2,[5 7],25,62,64,37,39
1,<environment.Job instance at 0x7efd47edb550>,23,13,[5 6],24,62,75,38,46
1,<environment.Job instance at 0x7efd47edc190>,15,24,[2 7],16,64,88,48,59
1,<environment.Job instance at 0x7efd47ee1be0>,11,25,[8 3],12,75,100,63,72
1,<environment.Job instance at 0x7efd47edb5f0>,28,20,[4 9],29,88,108,59,79
1,<environment.Job instance at 0x7efd47edb780>,29,13,[ 5 12],30,108,121,78,97
1,<environment.Job instance at 0x7efd47edb4b0>,30,1,[ 5 11],31,121,122,90,101
1,<environment.Job instance at 0x7efd47edb7d0>,31,1,[12  4],32,122,123,90,105
1,<environment.Job instance at 0x7efd47ed67d0>,32,13,[10  4],33,123,136,90,109
1,<environment.Job instance at 0x7efd47edb460>,27,22,[ 3 11],28,122,144,94,119
1,<environment.Job instance at 0x7efd47ed6780>,34,13,[ 3 14],35,144,157,109,141
1,<environment.Job instance at 0x7efd47ed6870>,35,24,[ 4 14],36,157,181,121,152
1,<environment.Job instance at 0x7efd47ed6640>,33,23,[9 4],34,181,204,147,175
1,<environment.Job instance at 0x7efd47ed6410>,36,18,[5 5],37,181,199,144,176
1,<environment.Job instance at 0x7efd47ee40f0>,1,13,[ 5 10],2,2,15,0,2
1,<environment.Job instance at 0x7efd47eeee60>,3,2,[9 3],4,4,6,0,4
1,<environment.Job instance at 0x7efd47ee4e60>,4,2,[3 5],5,6,8,1,6
1,<environment.Job instance at 0x7efd48005f50>,5,18,[10  4],6,8,26,2,8
1,<environment.Job instance at 0x7efd47d5dc30>,7,13,[1 7],8,15,28,7,15
1,<environment.Job instance at 0x7efd47edb960>,20,14,[4 5],21,26,40,5,26
1,<environment.Job instance at 0x7efd47f71870>,23,13,[5 6],24,28,41,4,28
1,<environment.Job instance at 0x7efd47ed6d20>,24,2,[5 7],25,40,42,15,40
1,<environment.Job instance at 0x7efd47edc730>,14,15,[10  4],15,41,56,26,41
1,<environment.Job instance at 0x7efd51de1dc0>,6,15,[1 9],7,42,57,35,42
1,<environment.Job instance at 0x7efd47ed2460>,32,13,[10  4],33,56,69,23,56
1,<environment.Job instance at 0x7efd47e9f9b0>,42,1,[ 4 10],43,57,58,14,57
1,<environment.Job instance at 0x7efd47d00dc0>,17,16,[4 5],18,58,74,40,58
1,<environment.Job instance at 0x7efd51ef50f0>,49,14,[6 4],50,69,83,19,69
1,<environment.Job instance at 0x7efd47ee1050>,52,15,[2 6],53,69,84,16,69
1,<environment.Job instance at 0x7efd47e8a820>,36,18,[5 5],37,75,93,38,75
1,<environment.Job instance at 0x7efd47ee1eb0>,55,14,[10  2],56,84,98,28,84
1,<environment.Job instance at 0x7efd47ee1190>,53,17,[10  4],54,99,116,45,99
1,<environment.Job instance at 0x7efd47ee1280>,60,13,[ 4 10],61,99,112,38,99
1,<environment.Job instance at 0x7efd51db5050>,58,19,[3 6],59,112,131,53,112
1,<environment.Job instance at 0x7efd47eadc30>,64,1,[4 6],65,116,117,51,116
1,<environment.Job instance at 0x7efd47ead7d0>,62,3,[8 5],63,117,120,54,117
1,<environment.Job instance at 0x7efd47eadeb0>,66,15,[9 5],67,120,135,53,120
1,<environment.Job instance at 0x7efd47ee1f50>,54,19,[6 5],55,131,150,76,131
1,<environment.Job instance at 0x7efd4850fd70>,68,17,[7 5],69,135,152,66,135
1,<environment.Job instance at 0x7efd47d51b90>,74,2,[3 7],75,150,152,75,150
1,<environment.Job instance at 0x7efd47cfbc30>,70,3,[10  3],71,152,155,81,152
1,<environment.Job instance at 0x7efd47d57230>,77,12,[4 5],78,152,164,74,152
1,<environment.Job instance at 0x7efd47d57d70>,78,2,[7 2],79,155,157,76,155
1,<environment.Job instance at 0x7efd47d54410>,80,15,[6 4],81,157,172,76,157
1,<environment.Job instance at 0x7efd47d54230>,81,3,[2 8],82,164,167,82,164
1,<environment.Job instance at 0x7efd47d541e0>,82,13,[6 3],83,164,177,81,164
1,<environment.Job instance at 0x7efd47e895f0>,85,15,[ 4 10],86,172,187,86,172
1,<environment.Job instance at 0x7efd48bddc80>,89,14,[5 3],90,177,191,87,177
1,<environment.Job instance at 0x7efd47d511e0>,75,15,[2 9],76,188,203,112,188
1,<environment.Job instance at 0x7efd51ef9eb0>,91,22,[7 3],92,188,210,96,188
1,<environment.Job instance at 0x7efd480bb0f0>,2,2,[3 7],3,3,5,0,3
1,<environment.Job instance at 0x7efd480bb190>,3,2,[1 6],4,4,6,0,4
1,<environment.Job instance at 0x7efd492a4fa0>,2,2,[3 7],3,3,5,0,3
1,<environment.Job instance at 0x7efd47e7bbe0>,3,2,[1 6],4,4,6,0,4
1,<environment.Job instance at 0x7efd47e7b230>,5,17,[5 6],6,6,23,0,6
1,<environment.Job instance at 0x7efd47e7b410>,9,1,[3 5],10,10,11,0,10
1,<environment.Job instance at 0x7efd47e7b550>,11,15,[10  2],12,12,27,0,12
1,<environment.Job instance at 0x7efd47f9af00>,14,16,[2 8],15,23,39,8,23
1,<environment.Job instance at 0x7efd4806caf0>,21,12,[6 4],22,27,39,5,27
1,<environment.Job instance at 0x7efd48038b90>,26,13,[10  2],27,39,52,12,39
1,<environment.Job instance at 0x7efd48048cd0>,27,14,[5 1],28,39,53,11,39
1,<environment.Job instance at 0x7efd47d36fa0>,31,14,[8 4],32,52,66,20,52
1,<environment.Job instance at 0x7efd47e7bf00>,10,21,[ 2 10],11,52,73,41,52
1,<environment.Job instance at 0x7efd47ea68c0>,32,14,[9 2],33,66,80,33,66
1,<environment.Job instance at 0x7efd47ea9f00>,33,3,[ 1 10],34,73,76,39,73
1,<environment.Job instance at 0x7efd47ea0820>,36,2,[5 5],37,76,78,39,76
1,<environment.Job instance at 0x7efd47ea02d0>,35,14,[5 8],36,78,92,42,78
1,<environment.Job instance at 0x7efd47e3e690>,38,1,[5 5],39,80,81,41,80
1,<environment.Job instance at 0x7efd48038d20>,25,17,[10  2],26,81,98,55,81
1,<environment.Job instance at 0x7efd48038640>,24,15,[ 3 10],25,92,107,67,92
1,<environment.Job instance at 0x7efd47e3e8c0>,42,15,[6 1],43,98,113,55,98
1,<environment.Job instance at 0x7efd47e81640>,39,18,[6 2],40,98,116,58,98
1,<environment.Job instance at 0x7efd47de8d20>,45,3,[1 9],46,107,110,61,107
1,<environment.Job instance at 0x7efd47de8050>,43,13,[1 5],44,110,123,66,110
1,<environment.Job instance at 0x7efd47eab050>,48,1,[1 6],49,110,111,61,110
1,<environment.Job instance at 0x7efd47de86e0>,46,14,[3 6],47,113,127,66,113
1,<environment.Job instance at 0x7efd47daf8c0>,51,15,[10  3],52,116,131,64,116
1,<environment.Job instance at 0x7efd47d4cc30>,54,17,[5 2],55,127,144,72,127
1,<environment.Job instance at 0x7efd47d98d20>,55,13,[5 4],56,131,144,75,131
1,<environment.Job instance at 0x7efd47fecd70>,57,3,[9 5],58,144,147,86,144
1,<environment.Job instance at 0x7efd47fec9b0>,58,3,[1 8],59,144,147,85,144
1,<environment.Job instance at 0x7efd48168370>,61,2,[10  2],62,147,149,85,147
1,<environment.Job instance at 0x7efd48168eb0>,62,3,[10  1],63,149,152,86,149
1,<environment.Job instance at 0x7efd47dafbe0>,52,15,[9 1],53,152,167,99,152
1,<environment.Job instance at 0x7efd51ef8fa0>,64,17,[6 2],65,152,169,87,152
1,<environment.Job instance at 0x7efd47d49f50>,50,16,[9 2],51,167,183,116,167
1,<environment.Job instance at 0x7efd51ef8be0>,67,12,[6 2],68,169,181,101,169
1,<environment.Job instance at 0x7efd47d70fa0>,68,1,[1 5],69,181,182,112,181
1,<environment.Job instance at 0x7efd47d70820>,69,1,[2 8],70,181,182,111,181
1,<environment.Job instance at 0x7efd47d70b40>,70,16,[6 2],71,182,198,111,182
1,<environment.Job instance at 0x7efd485257d0>,71,16,[8 2],72,183,199,111,183
1,<environment.Job instance at 0x7efd488e3910>,2,14,[2 9],3,3,17,0,3
1,<environment.Job instance at 0x7efd47ebf050>,7,2,[ 2 12],8,17,19,9,10
1,<environment.Job instance at 0x7efd488e31e0>,8,3,[5 7],9,19,22,10,11
1,<environment.Job instance at 0x7efd488e3690>,10,12,[3 7],11,19,31,8,11
1,<environment.Job instance at 0x7efd488e34b0>,11,12,[3 7],12,22,34,10,12
1,<environment.Job instance at 0x7efd488514b0>,14,15,[6 2],15,31,46,16,22
1,<environment.Job instance at 0x7efd488e32d0>,6,25,[ 1 10],7,34,59,27,30
1,<environment.Job instance at 0x7efd48851780>,15,14,[7 2],16,41,55,25,41
1,<environment.Job instance at 0x7efd48851190>,19,1,[6 2],20,48,49,28,48
1,<environment.Job instance at 0x7efd48851960>,17,14,[1 7],18,59,73,41,48
1,<environment.Job instance at 0x7efd48851a50>,16,18,[1 7],17,59,77,42,48
1,<environment.Job instance at 0x7efd48851500>,23,3,[ 4 12],24,77,80,53,51
1,<environment.Job instance at 0x7efd480b9690>,2,14,[2 9],3,3,17,0,3
1,<environment.Job instance at 0x7efd492782d0>,8,3,[5 7],9,17,20,8,17
1,<environment.Job instance at 0x7efd49278960>,10,12,[3 7],11,17,29,6,17
1,<environment.Job instance at 0x7efd49278910>,11,12,[3 7],12,20,32,8,20
1,<environment.Job instance at 0x7efd480dd280>,15,14,[7 2],16,29,43,13,29
1,<environment.Job instance at 0x7efd492834b0>,19,1,[6 2],20,32,33,12,32
1,<environment.Job instance at 0x7efd4927be60>,17,14,[1 7],18,32,46,14,32
1,<environment.Job instance at 0x7efd480dd5a0>,14,15,[6 2],15,33,48,18,33
1,<environment.Job instance at 0x7efd4805ee60>,25,1,[5 6],26,43,44,17,43
1,<environment.Job instance at 0x7efd4927bcd0>,18,14,[8 5],19,44,58,25,44
1,<environment.Job instance at 0x7efd4927b280>,16,18,[1 7],17,46,64,29,46
1,<environment.Job instance at 0x7efd47edb1e0>,34,14,[6 2],35,48,62,13,48
1,<environment.Job instance at 0x7efd47f71f50>,39,16,[4 5],40,58,74,18,58
1,<environment.Job instance at 0x7efd47ed6d20>,40,18,[9 1],41,62,80,21,62
1,<environment.Job instance at 0x7efd47ed6b90>,42,14,[2 8],43,64,78,21,64
1,<environment.Job instance at 0x7efd47ecaaf0>,50,1,[5 4],51,79,80,28,79
1,<environment.Job instance at 0x7efd47eca050>,49,1,[8 3],50,80,81,30,80
1,<environment.Job instance at 0x7efd47ec7500>,52,2,[1 8],53,80,82,27,80
1,<environment.Job instance at 0x7efd47ec7fa0>,53,14,[7 1],54,81,95,27,81
1,<environment.Job instance at 0x7efd47d72870>,24,16,[8 4],25,82,98,57,82
1,<environment.Job instance at 0x7efd4851f2d0>,29,18,[ 2 10],30,95,113,65,95
1,<environment.Job instance at 0x7efd47ec2730>,54,16,[10  3],55,98,114,43,98
1,<environment.Job instance at 0x7efd51db5500>,57,1,[1 8],58,113,114,55,113
1,<environment.Job instance at 0x7efd47eadfa0>,60,18,[3 7],61,114,132,53,114
1,<environment.Job instance at 0x7efd47eade60>,62,3,[6 4],63,114,117,51,114
1,<environment.Job instance at 0x7efd47d547d0>,65,22,[2 5],66,118,140,52,118
1,<environment.Job instance at 0x7efd47d54550>,67,17,[5 3],68,118,135,50,118
1,<environment.Job instance at 0x7efd47d54d70>,68,19,[3 6],69,133,152,64,133
1,<environment.Job instance at 0x7efd47d541e0>,69,21,[9 2],70,136,157,66,136
1,<environment.Job instance at 0x7efd47eadc30>,58,18,[5 9],59,152,170,93,152
1,<environment.Job instance at 0x7efd47dd2410>,76,18,[7 4],77,157,175,80,157
1,<environment.Job instance at 0x7efd47dd20a0>,77,1,[1 7],78,170,171,92,170
1,<environment.Job instance at 0x7efd481aa780>,79,2,[3 6],80,171,173,91,171
1,<environment.Job instance at 0x7efd47ec2d20>,56,18,[ 1 10],57,174,192,117,174
1,<environment.Job instance at 0x7efd47dd25a0>,78,1,[9 4],79,175,176,96,175
1,<environment.Job instance at 0x7efd51ef8870>,86,20,[6 3],87,177,197,90,177
1,<environment.Job instance at 0x7efd47cf4cd0>,0,12,[7 1],1,1,13,0,1
1,<environment.Job instance at 0x7efd48d21fa0>,2,13,[8 4],3,3,16,0,3
1,<environment.Job instance at 0x7efd48d219b0>,3,17,[6 2],4,13,30,9,4
1,<environment.Job instance at 0x7efd47afd550>,5,2,[6 4],6,16,18,10,6
1,<environment.Job instance at 0x7efd479c6550>,9,17,[6 2],10,18,35,8,10
1,<environment.Job instance at 0x7efd47edcf00>,11,13,[4 7],12,30,43,18,14
1,<environment.Job instance at 0x7efd485a2910>,15,12,[1 6],16,17,29,1,17
1,<environment.Job instance at 0x7efd485a2c30>,13,12,[7 5],14,35,47,21,23
1,<environment.Job instance at 0x7efd48cfaaa0>,14,18,[3 5],15,43,61,28,32
1,<environment.Job instance at 0x7efd48cfa0a0>,19,14,[9 1],20,47,61,27,32
1,<environment.Job instance at 0x7efd489907d0>,31,14,[1 6],32,47,61,15,36
1,<environment.Job instance at 0x7efd487d75f0>,37,13,[7 3],38,61,74,23,46
1,<environment.Job instance at 0x7efd48990fa0>,30,18,[1 9],31,61,79,30,50
1,<environment.Job instance at 0x7efd51eff230>,39,17,[9 2],40,74,91,34,63
1,<environment.Job instance at 0x7efd48d9fe10>,42,1,[ 4 10],43,79,80,36,63
1,<environment.Job instance at 0x7efd48cbc190>,43,13,[2 7],44,80,93,36,64
1,<environment.Job instance at 0x7efd4917d9b0>,45,1,[12  1],46,91,92,45,64
1,<environment.Job instance at 0x7efd4884fbe0>,57,1,[4 8],58,92,93,34,72
1,<environment.Job instance at 0x7efd492621e0>,63,15,[2 5],64,93,108,29,79
1,<environment.Job instance at 0x7efd48dab0a0>,67,2,[7 3],68,93,95,25,79
1,<environment.Job instance at 0x7efd48dab3c0>,68,1,[13  3],69,95,96,26,79
1,<environment.Job instance at 0x7efd4884fd70>,59,16,[2 5],60,96,112,36,83
1,<environment.Job instance at 0x7efd49299320>,73,2,[ 4 12],74,112,114,38,85
1,<environment.Job instance at 0x7efd49170d20>,74,14,[5 1],75,96,110,21,85
1,<environment.Job instance at 0x7efd48f9c230>,76,1,[ 5 12],77,114,115,37,86
1,<environment.Job instance at 0x7efd48a67190>,0,12,[7 1],1,1,13,0,1
1,<environment.Job instance at 0x7efd48a679b0>,2,13,[8 4],3,3,16,0,3
1,<environment.Job instance at 0x7efd48a67aa0>,5,2,[6 4],6,13,15,7,13
1,<environment.Job instance at 0x7efd48a67730>,4,16,[6 5],5,15,31,10,15
1,<environment.Job instance at 0x7efd484e5c80>,13,12,[7 5],14,16,28,2,16
1,<environment.Job instance at 0x7efd484e5500>,11,13,[4 7],12,28,41,16,28
1,<environment.Job instance at 0x7efd47fec5a0>,15,12,[1 6],16,31,43,15,31
1,<environment.Job instance at 0x7efd47ea9aa0>,19,14,[9 1],20,31,45,11,31
1,<environment.Job instance at 0x7efd484e55f0>,14,18,[3 5],15,41,59,26,41
1,<environment.Job instance at 0x7efd48a67960>,3,17,[6 2],4,45,62,41,45
1,<environment.Job instance at 0x7efd47d70fa0>,24,1,[2 7],25,45,46,20,45
1,<environment.Job instance at 0x7efd48a676e0>,9,17,[6 2],10,46,63,36,46
1,<environment.Job instance at 0x7efd47d70b40>,26,17,[2 7],27,59,76,32,59
1,<environment.Job instance at 0x7efd481a0050>,22,18,[5 6],23,62,80,39,62
1,<environment.Job instance at 0x7efd47d70460>,25,12,[8 1],26,63,75,37,63
1,<environment.Job instance at 0x7efd47ed2fa0>,31,14,[1 6],32,76,90,44,76
1,<environment.Job instance at 0x7efd47ed6cd0>,33,17,[6 1],34,76,93,42,76
1,<environment.Job instance at 0x7efd481a00f0>,23,18,[2 7],24,80,98,56,80
1,<environment.Job instance at 0x7efd47edb3c0>,37,13,[7 3],38,90,103,52,90
1,<environment.Job instance at 0x7efd47fecd70>,16,18,[6 4],17,93,111,76,93
1,<environment.Job instance at 0x7efd47ed6b90>,39,17,[9 2],40,104,121,64,104
1,<environment.Job instance at 0x7efd47edc4b0>,42,1,[ 4 10],43,111,112,68,111
1,<environment.Job instance at 0x7efd47edc050>,43,13,[2 7],44,112,125,68,112
1,<environment.Job instance at 0x7efd480b5140>,44,15,[4 7],45,122,137,77,122
1,<environment.Job instance at 0x7efd47ed2460>,32,17,[9 4],33,125,142,92,125
1,<environment.Job instance at 0x7efd48bb40f0>,47,17,[5 9],48,137,154,89,137
1,<environment.Job instance at 0x7efd4927bf50>,51,17,[1 6],52,142,159,90,142
1,<environment.Job instance at 0x7efd48bb40a0>,50,17,[6 4],51,154,171,103,154
1,<environment.Job instance at 0x7efd4927b280>,52,18,[5 5],53,154,172,101,154
1,<environment.Job instance at 0x7efd487d7a00>,54,13,[8 4],55,171,184,116,171
1,<environment.Job instance at 0x7efd4917da00>,57,1,[4 8],58,172,173,114,172
1,<environment.Job instance at 0x7efd4819e8c0>,59,16,[2 5],60,173,189,113,173
1,<environment.Job instance at 0x7efd4819eb90>,60,13,[ 5 10],61,184,197,123,184
1,<environment.Job instance at 0x7efd48805eb0>,63,15,[2 5],64,189,204,125,189
1,<environment.Job instance at 0x7efd48a67b90>,1,2,[7 1],2,2,4,0,2
1,<environment.Job instance at 0x7efd48589af0>,5,3,[9 5],6,6,9,0,6
1,<environment.Job instance at 0x7efd4926c460>,12,2,[6 1],13,13,15,0,13
1,<environment.Job instance at 0x7efd4926caf0>,15,16,[3 7],16,16,32,0,16
1,<environment.Job instance at 0x7efd4926c230>,17,14,[5 7],18,18,32,0,18
1,<environment.Job instance at 0x7efd4829a7d0>,20,3,[6 4],21,32,35,11,21
1,<environment.Job instance at 0x7efd48bed8c0>,21,2,[12  1],22,35,37,13,22
1,<environment.Job instance at 0x7efd4829aa00>,22,1,[7 3],23,32,33,9,23
1,<environment.Job instance at 0x7efd481c8190>,27,13,[13  4],28,37,50,9,28
1,<environment.Job instance at 0x7efd481c8960>,28,18,[6 5],29,50,68,21,43
1,<environment.Job instance at 0x7efd48282960>,30,23,[ 4 10],31,50,73,19,44
1,<environment.Job instance at 0x7efd48c06aa0>,33,1,[ 5 11],34,73,74,39,46
1,<environment.Job instance at 0x7efd47d89460>,45,1,[ 4 12],46,74,75,28,51
1,<environment.Job instance at 0x7efd47da5a50>,46,3,[ 4 14],47,75,78,28,51
1,<environment.Job instance at 0x7efd4828eeb0>,38,12,[3 7],39,78,90,39,61
1,<environment.Job instance at 0x7efd47d935a0>,41,13,[11  4],42,78,91,36,62
1,<environment.Job instance at 0x7efd47d89370>,47,15,[14  3],48,91,106,43,77
1,<environment.Job instance at 0x7efd47da5f50>,48,15,[2 7],49,106,121,57,92
1,<environment.Job instance at 0x7efd47da5fa0>,50,1,[1 9],51,92,93,41,92
1,<environment.Job instance at 0x7efd47da5aa0>,51,14,[11  1],52,106,120,54,92
1,<environment.Job instance at 0x7efd47da5cd0>,49,17,[4 9],50,121,138,71,110
1,<environment.Job instance at 0x7efd47d711e0>,53,21,[ 1 11],54,138,159,84,130
1,<environment.Job instance at 0x7efd47d71370>,54,1,[ 2 14],55,159,160,104,131
1,<environment.Job instance at 0x7efd47d71460>,55,2,[5 5],56,131,133,75,131
1,<environment.Job instance at 0x7efd47d763c0>,56,3,[4 7],57,160,163,103,134
1,<environment.Job instance at 0x7efd47d76780>,57,15,[13  2],58,138,153,80,136
1,<environment.Job instance at 0x7efd47da9460>,58,1,[ 5 11],59,163,164,104,136
1,<environment.Job instance at 0x7efd47da90a0>,59,3,[13  4],60,153,156,93,136
1,<environment.Job instance at 0x7efd47da9910>,60,15,[ 3 14],61,164,179,103,150
1,<environment.Job instance at 0x7efd47da9960>,61,18,[13  2],62,179,197,117,168
1,<environment.Job instance at 0x7efd47da99b0>,62,1,[12  5],63,197,198,134,169
1,<environment.Job instance at 0x7efd47da9410>,63,1,[9 4],64,198,199,134,170
1,<environment.Job instance at 0x7efd47da9230>,64,22,[2 9],65,179,201,114,172
1,<environment.Job instance at 0x7efd47d78820>,70,13,[4 6],71,199,212,128,183
1,<environment.Job instance at 0x7efd47da9780>,65,14,[8 2],66,201,215,135,186
1,<environment.Job instance at 0x7efd48bc2dc0>,0,21,[3 9],1,1,22,0,1
1,<environment.Job instance at 0x7efd48bc2730>,1,2,[7 1],2,2,4,0,2
1,<environment.Job instance at 0x7efd48bc2690>,2,15,[8 2],3,4,19,1,4
1,<environment.Job instance at 0x7efd51ccafa0>,12,2,[6 1],13,19,21,6,19
1,<environment.Job instance at 0x7efd51cca640>,11,17,[5 5],12,19,36,7,19
1,<environment.Job instance at 0x7efd48bc2550>,5,3,[9 5],6,22,25,16,22
1,<environment.Job instance at 0x7efd51ccaeb0>,15,16,[3 7],16,25,41,9,25
1,<environment.Job instance at 0x7efd48b7ceb0>,17,14,[5 7],18,36,50,18,36
1,<environment.Job instance at 0x7efd48b7c870>,19,16,[4 7],20,41,57,21,41
1,<environment.Job instance at 0x7efd48b7c140>,20,3,[6 4],21,50,53,29,50
1,<environment.Job instance at 0x7efd48b7ccd0>,22,1,[7 3],23,53,54,30,53
1,<environment.Job instance at 0x7efd48bc2280>,6,16,[8 3],7,54,70,47,54
1,<environment.Job instance at 0x7efd48bc2f50>,7,16,[4 6],8,57,73,49,57
1,<environment.Job instance at 0x7efd48be90f0>,32,15,[10  5],33,70,85,37,70
1,<environment.Job instance at 0x7efd48be9550>,38,12,[3 7],39,73,85,34,73
1,<environment.Job instance at 0x7efd48be9960>,37,16,[1 8],38,85,101,47,85
1,<environment.Job instance at 0x7efd48be98c0>,40,17,[2 5],41,85,102,44,85
1,<environment.Job instance at 0x7efd48be9280>,44,12,[8 2],45,85,97,40,85
1,<environment.Job instance at 0x7efd47cfd690>,48,15,[2 7],49,101,116,52,101
1,<environment.Job instance at 0x7efd48be9dc0>,43,17,[3 8],44,102,119,58,102
1,<environment.Job instance at 0x7efd48b7c0a0>,28,18,[6 5],29,116,134,87,116
1,<environment.Job instance at 0x7efd47cfd3c0>,50,1,[1 9],51,119,120,68,119
1,<environment.Job instance at 0x7efd47cfde60>,55,2,[5 5],56,120,122,64,120
1,<environment.Job instance at 0x7efd49188e60>,63,1,[9 4],64,122,123,58,122
1,<environment.Job instance at 0x7efd47cfda00>,56,3,[4 7],57,123,126,66,123
1,<environment.Job instance at 0x7efd49188f00>,65,14,[8 2],66,126,140,60,126
1,<environment.Job instance at 0x7efd48bd1550>,70,13,[4 6],71,134,147,63,134
1,<environment.Job instance at 0x7efd48bd1280>,73,3,[1 6],74,134,137,60,134
1,<environment.Job instance at 0x7efd48bd11e0>,74,17,[10  4],75,140,157,65,140
1,<environment.Job instance at 0x7efd48bd10f0>,75,15,[5 9],76,147,162,71,147
1,<environment.Job instance at 0x7efd51ccabe0>,16,18,[5 5],17,157,175,140,157
1,<environment.Job instance at 0x7efd48bd1c80>,76,2,[3 9],77,162,164,85,162
1,<environment.Job instance at 0x7efd482065a0>,82,14,[6 1],83,164,178,81,164
1,<environment.Job instance at 0x7efd48bd1780>,78,16,[3 5],79,164,180,85,164
1,<environment.Job instance at 0x7efd48206d20>,87,2,[1 5],88,175,177,87,175
1,<environment.Job instance at 0x7efd47cfdaa0>,49,17,[4 9],50,177,194,127,177
1,<environment.Job instance at 0x7efd47afeb40>,93,15,[6 4],94,180,195,86,180
1,<environment.Job instance at 0x7efd490b1460>,0,1,[5 8],1,1,2,0,1
1,<environment.Job instance at 0x7efd490b18c0>,2,21,[1 7],3,3,24,0,3
1,<environment.Job instance at 0x7efd490b1be0>,5,16,[5 4],6,6,22,0,6
1,<environment.Job instance at 0x7efd490b1730>,6,3,[2 6],7,22,25,15,7
1,<environment.Job instance at 0x7efd490b1c80>,7,3,[9 3],8,8,11,0,8
1,<environment.Job instance at 0x7efd490b12d0>,11,3,[5 3],12,12,15,0,12
1,<environment.Job instance at 0x7efd47f03e10>,16,3,[10  4],17,24,27,7,17
1,<environment.Job instance at 0x7efd47f035a0>,12,21,[3 7],13,97,118,84,97
1,<environment.Job instance at 0x7efd47f032d0>,21,12,[7 2],22,98,110,76,98
1,<environment.Job instance at 0x7efd47f03460>,25,2,[ 4 11],26,118,120,92,98
1,<environment.Job instance at 0x7efd47f036e0>,24,18,[2 5],25,98,116,73,98
1,<environment.Job instance at 0x7efd47f03870>,28,15,[1 7],29,120,135,91,106
1,<environment.Job instance at 0x7efd48be7780>,30,23,[9 3],31,110,133,79,110
1,<environment.Job instance at 0x7efd48be7690>,31,12,[1 9],32,135,147,103,118
1,<environment.Job instance at 0x7efd48be70f0>,32,13,[8 3],33,133,146,100,118
1,<environment.Job instance at 0x7efd48be7d70>,33,12,[ 3 10],34,147,159,113,130
1,<environment.Job instance at 0x7efd48be7aa0>,34,15,[8 2],35,146,161,111,132
1,<environment.Job instance at 0x7efd48be7140>,35,3,[ 5 14],36,161,164,125,135
1,<environment.Job instance at 0x7efd48be7320>,37,18,[1 6],38,164,182,126,154
1,<environment.Job instance at 0x7efd47f03780>,27,18,[4 6],28,164,182,136,154
1,<environment.Job instance at 0x7efd48be75a0>,38,25,[10  1],39,161,186,122,159
1,<environment.Job instance at 0x7efd48be7500>,39,12,[5 9],40,182,194,142,165
1,<environment.Job instance at 0x7efd48be7b40>,41,19,[9 3],42,186,205,144,176
1,<environment.Job instance at 0x7efd48be70a0>,43,20,[1 5],44,194,214,150,185
1,<environment.Job instance at 0x7efd47e0c2d0>,0,1,[5 8],1,1,2,0,1
1,<environment.Job instance at 0x7efd47e0ceb0>,2,21,[1 7],3,3,24,0,3
1,<environment.Job instance at 0x7efd47e0ccd0>,5,16,[5 4],6,6,22,0,6
1,<environment.Job instance at 0x7efd47da5be0>,7,3,[9 3],8,8,11,0,8
1,<environment.Job instance at 0x7efd47d894b0>,11,3,[5 3],12,12,15,0,12
1,<environment.Job instance at 0x7efd47d7b7d0>,6,3,[2 6],7,22,25,15,22
1,<environment.Job instance at 0x7efd484e5190>,16,3,[10  4],17,24,27,7,24
1,<environment.Job instance at 0x7efd48851b40>,20,12,[4 9],21,25,37,4,25
1,<environment.Job instance at 0x7efd48a67910>,21,12,[7 2],22,27,39,5,27
1,<environment.Job instance at 0x7efd48bf3a00>,13,15,[ 3 10],14,37,52,23,37
1,<environment.Job instance at 0x7efd484e5d70>,18,16,[10  1],19,39,55,20,39
1,<environment.Job instance at 0x7efd47fec9b0>,28,15,[1 7],29,52,67,23,52
1,<environment.Job instance at 0x7efd47d78320>,10,17,[4 6],11,52,69,41,52
1,<environment.Job instance at 0x7efd47e81640>,31,12,[1 9],32,67,79,35,67
1,<environment.Job instance at 0x7efd47e81500>,32,13,[8 3],33,69,82,36,69
1,<environment.Job instance at 0x7efd47ec2d20>,33,12,[ 3 10],34,79,91,45,79
1,<environment.Job instance at 0x7efd47ec2be0>,34,15,[8 2],35,82,97,47,82
1,<environment.Job instance at 0x7efd484e5dc0>,17,17,[5 6],18,91,108,73,91
1,<environment.Job instance at 0x7efd47ed6b90>,37,18,[1 6],38,91,109,53,91
1,<environment.Job instance at 0x7efd47ed64b0>,39,12,[5 9],40,109,121,69,109
1,<environment.Job instance at 0x7efd48a67230>,24,18,[2 5],25,109,127,84,109
1,<environment.Job instance at 0x7efd4851f2d0>,40,16,[1 8],41,123,139,82,123
1,<environment.Job instance at 0x7efd48a220a0>,49,18,[8 1],50,123,141,73,123
1,<environment.Job instance at 0x7efd48a675a0>,27,18,[4 6],28,128,146,100,128
1,<environment.Job instance at 0x7efd47ed6cd0>,45,20,[2 8],46,139,159,93,139
1,<environment.Job instance at 0x7efd48805eb0>,53,1,[7 4],54,146,147,92,146
1,<environment.Job instance at 0x7efd491954b0>,58,14,[7 3],59,147,161,88,147
1,<environment.Job instance at 0x7efd47afeb40>,63,1,[8 4],64,159,160,95,159
1,<environment.Job instance at 0x7efd4819e550>,57,16,[10  3],58,161,177,103,161
1,<environment.Job instance at 0x7efd482065f0>,68,16,[ 3 10],69,161,177,92,161
1,<environment.Job instance at 0x7efd48206cd0>,69,14,[10  5],70,177,191,107,177
1,<environment.Job instance at 0x7efd48206690>,70,2,[1 8],71,177,179,106,177
1,<environment.Job instance at 0x7efd4927b780>,47,19,[5 5],48,179,198,131,179
1,<environment.Job instance at 0x7efd48e201e0>,6,3,[12  2],7,7,10,0,7
1,<environment.Job instance at 0x7efd48e20dc0>,7,3,[8 4],8,10,13,2,8
1,<environment.Job instance at 0x7efd492bb190>,8,21,[2 5],9,9,30,0,9
1,<environment.Job instance at 0x7efd492bbb40>,9,1,[5 4],10,10,11,0,10
1,<environment.Job instance at 0x7efd492bb820>,10,1,[ 1 13],11,30,31,19,11
1,<environment.Job instance at 0x7efd492bbe10>,11,3,[4 8],12,13,16,1,12
1,<environment.Job instance at 0x7efd492bb780>,13,13,[9 2],14,14,27,0,14
1,<environment.Job instance at 0x7efd492bb050>,16,2,[5 7],17,27,29,10,17
1,<environment.Job instance at 0x7efd492bbcd0>,18,12,[ 3 10],19,31,43,12,19
1,<environment.Job instance at 0x7efd48e20f50>,15,16,[3 8],16,43,59,27,39
1,<environment.Job instance at 0x7efd492bb9b0>,24,20,[2 5],25,40,60,15,40
1,<environment.Job instance at 0x7efd492bbb90>,25,3,[1 7],26,59,62,33,43
1,<environment.Job instance at 0x7efd492bb6e0>,21,12,[ 2 12],22,62,74,40,61
1,<environment.Job instance at 0x7efd48e26a00>,27,17,[ 3 10],28,74,91,46,62
1,<environment.Job instance at 0x7efd492bbc30>,22,1,[9 2],23,62,63,39,62
1,<environment.Job instance at 0x7efd48e263c0>,28,16,[9 2],29,63,79,34,62
1,<environment.Job instance at 0x7efd48e260a0>,26,17,[10  3],27,79,96,52,71
1,<environment.Job instance at 0x7efd48e261e0>,30,14,[ 4 13],31,96,110,65,84
1,<environment.Job instance at 0x7efd48e632d0>,32,13,[ 4 10],33,110,123,77,97
1,<environment.Job instance at 0x7efd48e636e0>,33,15,[8 5],34,110,125,76,98
1,<environment.Job instance at 0x7efd6d3e4320>,31,21,[6 4],32,123,144,91,118
1,<environment.Job instance at 0x7efd48e63640>,34,22,[3 9],35,125,147,90,118
1,<environment.Job instance at 0x7efd492bb910>,23,3,[5 1],24,125,128,101,122
1,<environment.Job instance at 0x7efd48e63820>,35,12,[1 7],36,147,159,111,133
1,<environment.Job instance at 0x7efd48e63eb0>,38,23,[9 5],39,151,174,112,151
1,<environment.Job instance at 0x7efd48e26e10>,29,16,[6 1],30,159,175,129,154
1,<environment.Job instance at 0x7efd483cc550>,39,13,[ 4 13],40,174,187,134,158
1,<environment.Job instance at 0x7efd483cca50>,41,14,[ 1 11],42,187,201,145,172
1,<environment.Job instance at 0x7efd483cc870>,42,24,[7 4],43,187,211,144,187
1,<environment.Job instance at 0x7efd48db7dc0>,0,16,[8 1],1,1,17,0,1
1,<environment.Job instance at 0x7efd4825ceb0>,2,17,[4 8],3,3,20,0,3
1,<environment.Job instance at 0x7efd47fb6b40>,8,21,[2 5],9,9,30,0,9
1,<environment.Job instance at 0x7efd489f90f0>,13,13,[9 2],14,17,30,3,17
1,<environment.Job instance at 0x7efd48ef95a0>,11,3,[4 8],12,20,23,8,20
1,<environment.Job instance at 0x7efd48a9a7d0>,15,16,[3 8],16,23,39,7,23
1,<environment.Job instance at 0x7efd489f70f0>,9,1,[5 4],10,30,31,20,30
1,<environment.Job instance at 0x7efd48a9ab90>,16,2,[5 7],17,31,33,14,31
1,<environment.Job instance at 0x7efd518c3f00>,22,1,[9 2],23,33,34,10,33
1,<environment.Job instance at 0x7efd48ef92d0>,7,3,[8 4],8,34,37,26,34
1,<environment.Job instance at 0x7efd47d7df00>,25,3,[1 7],26,37,40,11,37
1,<environment.Job instance at 0x7efd48b19370>,23,3,[5 1],24,39,42,15,39
1,<environment.Job instance at 0x7efd489f9dc0>,14,17,[9 1],15,39,56,24,39
1,<environment.Job instance at 0x7efd48a9abe0>,18,12,[ 3 10],19,42,54,23,42
1,<environment.Job instance at 0x7efd492560a0>,29,16,[6 1],30,54,70,24,54
1,<environment.Job instance at 0x7efd518d6d20>,32,13,[ 4 10],33,56,69,23,56
1,<environment.Job instance at 0x7efd4817dd70>,33,15,[8 5],34,69,84,35,69
1,<environment.Job instance at 0x7efd4817d230>,35,12,[1 7],36,70,82,34,70
1,<environment.Job instance at 0x7efd48358820>,27,17,[ 3 10],28,82,99,54,82
1,<environment.Job instance at 0x7efd483dbb90>,43,14,[9 1],44,84,98,40,84
1,<environment.Job instance at 0x7efd51a8d870>,44,15,[2 5],45,98,113,53,98
1,<environment.Job instance at 0x7efd488125f0>,45,1,[5 9],46,99,100,53,99
1,<environment.Job instance at 0x7efd483db690>,40,1,[3 6],41,100,101,59,100
1,<environment.Job instance at 0x7efd485900f0>,46,3,[6 3],47,100,103,53,100
1,<environment.Job instance at 0x7efd48ef93c0>,3,18,[5 5],4,101,119,97,101
1,<environment.Job instance at 0x7efd518e5be0>,51,12,[7 5],52,103,115,51,103
1,<environment.Job instance at 0x7efd48c1e320>,54,3,[3 6],55,115,118,60,115
1,<environment.Job instance at 0x7efd518e5370>,48,14,[ 2 10],49,118,132,69,118
1,<environment.Job instance at 0x7efd49256370>,28,16,[9 2],29,119,135,90,119
1,<environment.Job instance at 0x7efd48a50820>,58,13,[1 7],59,132,145,73,132
1,<environment.Job instance at 0x7efd481871e0>,62,18,[4 5],63,132,150,69,132
1,<environment.Job instance at 0x7efd48e85f00>,61,1,[8 1],62,135,136,73,135
1,<environment.Job instance at 0x7efd486a55a0>,65,14,[9 3],66,136,150,70,136
1,<environment.Job instance at 0x7efd4935ae60>,66,3,[3 8],67,150,153,83,150
1,<environment.Job instance at 0x7efd49125b40>,68,15,[3 7],69,150,165,81,150
1,<environment.Job instance at 0x7efd518c37d0>,26,17,[10  3],27,153,170,126,153
1,<environment.Job instance at 0x7efd48c4d320>,73,15,[3 5],74,165,180,91,165
1,<environment.Job instance at 0x7efd48bdd5f0>,77,1,[5 1],78,170,171,92,170
1,<environment.Job instance at 0x7efd48bddd20>,76,3,[4 7],77,170,173,93,170
1,<environment.Job instance at 0x7efd486a5e10>,64,17,[8 3],65,171,188,106,171
1,<environment.Job instance at 0x7efd48486960>,80,2,[5 7],81,180,182,99,180
1,<environment.Job instance at 0x7efd48486730>,79,15,[ 1 10],80,182,197,102,182
1,<environment.Job instance at 0x7efd4914bb40>,82,18,[10  4],83,188,206,105,188
1,<environment.Job instance at 0x7efd482de050>,1,1,[12  5],2,2,3,0,2
1,<environment.Job instance at 0x7efd482deaa0>,2,3,[4 7],3,3,6,0,3
1,<environment.Job instance at 0x7efd482de2d0>,6,1,[ 3 12],7,7,8,0,7
1,<environment.Job instance at 0x7efd482de370>,8,3,[1 9],9,9,12,0,9
1,<environment.Job instance at 0x7efd48699780>,10,1,[9 2],11,12,13,1,12
1,<environment.Job instance at 0x7efd48699730>,19,2,[6 2],20,20,22,0,20
1,<environment.Job instance at 0x7efd487d7550>,25,1,[12  4],26,26,27,0,26
1,<environment.Job instance at 0x7efd487d7a50>,29,2,[8 2],30,30,32,0,30
1,<environment.Job instance at 0x7efd486995a0>,23,17,[5 9],24,62,79,38,62
1,<environment.Job instance at 0x7efd47c72eb0>,0,18,[3 7],1,1,19,0,1
1,<environment.Job instance at 0x7efd49033910>,2,3,[4 7],3,3,6,0,3
1,<environment.Job instance at 0x7efd48f8deb0>,5,17,[2 5],6,6,23,0,6
1,<environment.Job instance at 0x7efd4812d2d0>,10,1,[9 2],11,11,12,0,11
1,<environment.Job instance at 0x7efd4812daf0>,8,3,[1 9],9,19,22,10,19
1,<environment.Job instance at 0x7efd488620f0>,16,15,[2 8],17,22,37,5,22
1,<environment.Job instance at 0x7efd47b9de10>,18,1,[10  4],19,23,24,4,23
1,<environment.Job instance at 0x7efd48591550>,19,2,[6 2],20,24,26,4,24
1,<environment.Job instance at 0x7efd48591e10>,20,12,[10  3],21,26,38,5,26
1,<environment.Job instance at 0x7efd47e9fbe0>,17,17,[2 7],18,37,54,19,37
1,<environment.Job instance at 0x7efd490a1e10>,29,2,[8 2],30,38,40,8,38
1,<environment.Job instance at 0x7efd47c723c0>,3,18,[3 6],4,38,56,34,38
1,<environment.Job instance at 0x7efd490a1730>,32,14,[5 8],33,54,68,21,54
1,<environment.Job instance at 0x7efd479ebaf0>,14,15,[8 4],15,56,71,41,56
1,<environment.Job instance at 0x7efd51f06e10>,31,16,[ 1 10],32,68,84,36,68
1,<environment.Job instance at 0x7efd48bdd2d0>,35,16,[8 5],36,71,87,35,71
1,<environment.Job instance at 0x7efd48e85870>,41,13,[5 1],42,84,97,42,84
1,<environment.Job instance at 0x7efd48e85eb0>,42,12,[1 9],43,84,96,41,84
1,<environment.Job instance at 0x7efd48a50d70>,44,18,[8 3],45,87,105,42,87
1,<environment.Job instance at 0x7efd486a5780>,39,15,[ 2 10],40,96,111,56,96
1,<environment.Job instance at 0x7efd518e5af0>,50,1,[10  1],51,105,106,54,105
1,<environment.Job instance at 0x7efd518e5780>,51,3,[8 2],52,106,109,54,106
1,<environment.Job instance at 0x7efd485c5c80>,54,13,[5 2],55,106,119,51,106
1,<environment.Job instance at 0x7efd485c5b40>,56,13,[8 4],57,112,125,55,112
1,<environment.Job instance at 0x7efd47b00460>,11,18,[2 9],12,112,130,100,112
1,<environment.Job instance at 0x7efd51f73550>,61,2,[4 6],62,125,127,63,125
1,<environment.Job instance at 0x7efd51fbe780>,62,18,[10  5],63,128,146,65,128
1,<environment.Job instance at 0x7efd4817dd70>,64,3,[3 5],65,130,133,65,130
1,<environment.Job instance at 0x7efd51ef84b0>,65,1,[5 2],66,133,134,67,133
1,<environment.Job instance at 0x7efd47f63f50>,23,17,[5 9],24,134,151,110,134
1,<environment.Job instance at 0x7efd4817d230>,63,19,[10  2],64,146,165,82,146
1,<environment.Job instance at 0x7efd48330aa0>,67,1,[ 3 10],68,152,153,84,152
1,<environment.Job instance at 0x7efd6d754c80>,68,14,[5 7],69,153,167,84,153
1,<environment.Job instance at 0x7efd48a9abe0>,70,2,[6 2],71,165,167,94,165
1,<environment.Job instance at 0x7efd49096f50>,72,13,[3 6],73,165,178,92,165
1,<environment.Job instance at 0x7efd49334690>,73,17,[4 6],74,168,185,94,168
1,<environment.Job instance at 0x7efd49319f00>,74,20,[7 1],75,168,188,93,168
1,<environment.Job instance at 0x7efd489f70f0>,69,21,[4 7],70,178,199,108,178
1,<environment.Job instance at 0x7efd51a8d870>,48,22,[1 7],49,185,207,136,185
1,<environment.Job instance at 0x7efd48eb9780>,0,2,[ 5 10],1,1,3,0,1
1,<environment.Job instance at 0x7efd48c38500>,2,3,[2 6],3,3,6,0,3
1,<environment.Job instance at 0x7efd48c386e0>,4,1,[5 5],5,5,6,0,5
1,<environment.Job instance at 0x7efd48c385f0>,5,20,[5 3],6,6,26,0,6
1,<environment.Job instance at 0x7efd48c389b0>,9,12,[1 9],10,10,22,0,10
1,<environment.Job instance at 0x7efd47cbd230>,0,2,[ 5 10],1,1,3,0,1
1,<environment.Job instance at 0x7efd48959fa0>,2,3,[2 6],3,3,6,0,3
1,<environment.Job instance at 0x7efd488ee9b0>,4,1,[5 5],5,5,6,0,5
1,<environment.Job instance at 0x7efd48938640>,5,20,[5 3],6,6,26,0,6
1,<environment.Job instance at 0x7efd48009d20>,9,12,[1 9],10,10,22,0,10
1,<environment.Job instance at 0x7efd480091e0>,12,16,[4 6],13,22,38,9,22
1,<environment.Job instance at 0x7efd47f9abe0>,24,13,[10  2],25,26,39,1,26
1,<environment.Job instance at 0x7efd488e4410>,13,20,[5 9],14,38,58,24,38
1,<environment.Job instance at 0x7efd47f9a140>,23,14,[8 3],24,39,53,15,39
1,<environment.Job instance at 0x7efd4863f5a0>,28,14,[10  3],29,53,67,24,53
1,<environment.Job instance at 0x7efd4863ffa0>,29,3,[8 3],30,67,70,37,67
1,<environment.Job instance at 0x7efd48dc39b0>,30,12,[1 9],31,67,79,36,67
1,<environment.Job instance at 0x7efd48dc3b90>,31,12,[3 5],32,70,82,38,70
1,<environment.Job instance at 0x7efd48dc35f0>,33,16,[5 8],34,79,95,45,79
1,<environment.Job instance at 0x7efd48f76050>,40,1,[3 5],41,82,83,41,82
1,<environment.Job instance at 0x7efd48f76320>,41,15,[9 5],42,83,98,41,83
1,<environment.Job instance at 0x7efd48486320>,42,18,[2 8],43,95,113,52,95
1,<environment.Job instance at 0x7efd48486eb0>,43,15,[9 3],44,98,113,54,98
1,<environment.Job instance at 0x7efd484862d0>,44,12,[5 1],45,113,125,68,113
1,<environment.Job instance at 0x7efd48e2adc0>,45,16,[7 4],46,113,129,67,113
1,<environment.Job instance at 0x7efd48db7910>,48,14,[ 5 10],49,125,139,76,125
1,<environment.Job instance at 0x7efd48db7870>,49,16,[7 5],50,129,145,79,129
1,<environment.Job instance at 0x7efd48db7190>,50,2,[ 3 10],51,139,141,88,139
1,<environment.Job instance at 0x7efd47f4f690>,51,1,[1 8],52,141,142,89,141
1,<environment.Job instance at 0x7efd47f4fe10>,53,1,[6 5],54,142,143,88,142
1,<environment.Job instance at 0x7efd4808c960>,19,19,[8 5],20,143,162,123,143
1,<environment.Job instance at 0x7efd48d3f0a0>,57,14,[3 7],58,145,159,87,145
1,<environment.Job instance at 0x7efd479ddd70>,58,18,[1 5],59,159,177,100,159
1,<environment.Job instance at 0x7efd47ee40a0>,64,2,[5 5],65,159,161,94,159
1,<environment.Job instance at 0x7efd51ef9550>,70,1,[5 3],71,162,163,91,162
1,<environment.Job instance at 0x7efd47e445a0>,71,3,[3 6],72,162,165,90,162
1,<environment.Job instance at 0x7efd493a7820>,72,13,[10  4],73,163,176,90,163
1,<environment.Job instance at 0x7efd48d48b40>,73,1,[1 9],74,176,177,102,176
1,<environment.Job instance at 0x7efd47fe0190>,65,17,[7 1],66,176,193,110,176
1,<environment.Job instance at 0x7efd47bfd780>,76,12,[8 1],77,177,189,100,177
1,<environment.Job instance at 0x7efd47c54870>,83,14,[ 1 10],84,189,203,105,189
1,<environment.Job instance at 0x7efd49259a50>,0,13,[2 7],1,1,14,0,1
1,<environment.Job instance at 0x7efd49259f50>,1,14,[ 1 10],2,14,28,12,2
1,<environment.Job instance at 0x7efd49259730>,2,1,[5 5],3,3,4,0,3
1,<environment.Job instance at 0x7efd49259690>,7,15,[6 3],8,8,23,0,8
1,<environment.Job instance at 0x7efd49259550>,9,12,[7 2],10,12,24,2,12
1,<environment.Job instance at 0x7efd49259eb0>,12,1,[10  1],13,24,25,11,14
1,<environment.Job instance at 0x7efd49259460>,15,1,[5 5],16,25,26,9,16
1,<environment.Job instance at 0x7efd4928aa50>,17,3,[5 7],18,28,31,10,18
1,<environment.Job instance at 0x7efd4928a140>,18,13,[ 4 10],19,31,44,12,19
1,<environment.Job instance at 0x7efd4928a6e0>,23,19,[3 5],24,26,45,2,26
1,<environment.Job instance at 0x7efd49259910>,21,24,[ 1 13],22,45,69,23,41
1,<environment.Job instance at 0x7efd4928a0f0>,25,3,[7 5],26,69,72,43,52
1,<environment.Job instance at 0x7efd51986960>,26,17,[1 6],27,69,86,42,59
1,<environment.Job instance at 0x7efd492591e0>,13,23,[ 2 10],14,105,128,91,105
1,<environment.Job instance at 0x7efd519860a0>,28,13,[ 3 12],29,128,141,99,113
1,<environment.Job instance at 0x7efd519860f0>,29,1,[5 4],30,113,114,83,113
1,<environment.Job instance at 0x7efd519865f0>,30,3,[5 5],31,114,117,83,113
1,<environment.Job instance at 0x7efd519865a0>,31,12,[ 5 12],32,141,153,109,133
1,<environment.Job instance at 0x7efd51986a50>,27,22,[3 6],28,153,175,125,148
1,<environment.Job instance at 0x7efd51986cd0>,33,14,[9 2],34,158,172,124,158
1,<environment.Job instance at 0x7efd51986820>,34,2,[10  4],35,172,174,137,158
1,<environment.Job instance at 0x7efd51986870>,35,2,[6 1],36,174,176,138,159
1,<environment.Job instance at 0x7efd51986730>,36,16,[1 9],37,175,191,138,170
1,<environment.Job instance at 0x7efd48935d70>,37,3,[2 5],38,171,174,133,171
1,<environment.Job instance at 0x7efd48935640>,38,1,[4 7],39,174,175,135,171
1,<environment.Job instance at 0x7efd48935140>,39,3,[6 5],40,175,178,135,173
1,<environment.Job instance at 0x7efd51f73c30>,0,13,[2 7],1,1,14,0,1
1,<environment.Job instance at 0x7efd493195f0>,2,1,[5 5],3,3,4,0,3
1,<environment.Job instance at 0x7efd49392dc0>,6,18,[7 5],7,7,25,0,7
1,<environment.Job instance at 0x7efd47fcb8c0>,7,15,[6 3],8,8,23,0,8
1,<environment.Job instance at 0x7efd48b6e2d0>,15,1,[5 5],16,23,24,7,23
1,<environment.Job instance at 0x7efd47e69320>,9,12,[7 2],10,24,36,14,24
1,<environment.Job instance at 0x7efd48ef7550>,17,3,[5 7],18,25,28,7,25
1,<environment.Job instance at 0x7efd48ef7230>,18,13,[ 4 10],19,28,41,9,28
1,<environment.Job instance at 0x7efd48b4a3c0>,12,1,[10  1],13,36,37,23,36
1,<environment.Job instance at 0x7efd48d093c0>,25,3,[7 5],26,37,40,11,37
1,<environment.Job instance at 0x7efd48d09640>,24,18,[7 5],25,40,58,15,40
1,<environment.Job instance at 0x7efd490be050>,29,1,[5 4],30,41,42,11,41
1,<environment.Job instance at 0x7efd47d4e8c0>,26,17,[1 6],27,41,58,14,41
1,<environment.Job instance at 0x7efd490beaa0>,30,3,[5 5],31,58,61,27,58
1,<environment.Job instance at 0x7efd51fbe780>,1,14,[ 1 10],2,58,72,56,58
1,<environment.Job instance at 0x7efd482b5dc0>,34,2,[10  4],35,61,63,26,61
1,<environment.Job instance at 0x7efd482b5370>,35,2,[6 1],36,63,65,27,63
1,<environment.Job instance at 0x7efd518c0a50>,33,14,[9 2],34,65,79,31,65
1,<environment.Job instance at 0x7efd51d11c30>,37,3,[2 5],38,72,75,34,72
1,<environment.Job instance at 0x7efd485ca870>,38,1,[4 7],39,72,73,33,72
1,<environment.Job instance at 0x7efd48b4c0a0>,8,14,[3 7],9,73,87,64,73
1,<environment.Job instance at 0x7efd47f18550>,39,3,[6 5],40,79,82,39,79
1,<environment.Job instance at 0x7efd4877bdc0>,40,13,[4 7],41,82,95,41,82
1,<environment.Job instance at 0x7efd4899da00>,32,15,[4 7],33,87,102,54,87
1,<environment.Job instance at 0x7efd483dcc80>,43,12,[5 5],44,95,107,51,95
1,<environment.Job instance at 0x7efd48b9d2d0>,36,16,[1 9],37,102,118,65,102
1,<environment.Job instance at 0x7efd480155a0>,49,13,[8 2],50,107,120,57,107
1,<environment.Job instance at 0x7efd48015c80>,45,16,[4 9],46,118,134,72,118
1,<environment.Job instance at 0x7efd484cc460>,50,3,[10  1],51,120,123,69,120
1,<environment.Job instance at 0x7efd481aa7d0>,52,14,[5 6],53,123,137,70,123
1,<environment.Job instance at 0x7efd47e6c500>,54,15,[9 3],55,134,149,79,134
1,<environment.Job instance at 0x7efd48ef74b0>,16,16,[4 6],17,137,153,120,137
1,<environment.Job instance at 0x7efd48219960>,60,13,[6 5],61,149,162,88,149
1,<environment.Job instance at 0x7efd48271dc0>,62,13,[3 9],63,153,166,90,153
1,<environment.Job instance at 0x7efd51cbaa00>,63,3,[5 3],64,162,165,98,162
1,<environment.Job instance at 0x7efd48219be0>,61,16,[8 4],62,165,181,103,165
1,<environment.Job instance at 0x7efd4851fdc0>,65,1,[3 5],66,166,167,100,166
1,<environment.Job instance at 0x7efd483a7aa0>,41,18,[4 6],42,166,184,124,166
1,<environment.Job instance at 0x7efd480150f0>,47,17,[1 8],48,181,198,133,181
1,<environment.Job instance at 0x7efd484cc870>,53,18,[10  1],54,181,199,127,181
1,<environment.Job instance at 0x7efd48d67dc0>,68,17,[1 6],69,184,201,115,184
1,<environment.Job instance at 0x7efd47f093c0>,0,3,[10  5],1,1,4,0,1
1,<environment.Job instance at 0x7efd47f09c80>,1,14,[5 2],2,2,16,0,2
1,<environment.Job instance at 0x7efd49125c30>,4,1,[12  5],5,16,17,11,5
1,<environment.Job instance at 0x7efd47f09cd0>,8,2,[6 2],9,9,11,0,9
1,<environment.Job instance at 0x7efd47f09820>,11,14,[ 2 10],12,12,26,0,12
1,<environment.Job instance at 0x7efd47f09640>,12,1,[8 1],13,13,14,0,13
1,<environment.Job instance at 0x7efd47f090a0>,13,23,[6 3],14,17,40,3,14
1,<environment.Job instance at 0x7efd47f090f0>,14,17,[1 5],15,26,43,11,15
1,<environment.Job instance at 0x7efd47f09a00>,17,14,[1 5],18,26,40,8,26
1,<environment.Job instance at 0x7efd48558d20>,18,15,[2 6],19,40,55,21,26
1,<environment.Job instance at 0x7efd47f09e10>,5,14,[3 8],6,43,57,37,28
1,<environment.Job instance at 0x7efd48558320>,20,16,[14  3],21,57,73,36,44
1,<environment.Job instance at 0x7efd518f1f50>,23,16,[ 4 13],24,73,89,49,60
1,<environment.Job instance at 0x7efd485581e0>,21,12,[9 4],22,89,101,67,74
1,<environment.Job instance at 0x7efd48558c80>,22,17,[4 6],23,89,106,66,86
1,<environment.Job instance at 0x7efd518f1fa0>,26,2,[6 4],27,101,103,74,86
1,<environment.Job instance at 0x7efd518f1a50>,27,24,[2 5],28,91,115,63,91
1,<environment.Job instance at 0x7efd518f1cd0>,28,23,[11  4],29,106,129,77,104
1,<environment.Job instance at 0x7efd518f1050>,29,13,[ 1 11],30,115,128,85,109
1,<environment.Job instance at 0x7efd518f1d20>,30,3,[ 3 11],31,128,131,97,110
1,<environment.Job instance at 0x7efd518f1dc0>,24,14,[5 9],25,131,145,106,128
1,<environment.Job instance at 0x7efd518f14b0>,31,20,[ 1 10],32,145,165,113,143
1,<environment.Job instance at 0x7efd518f17d0>,32,17,[6 1],33,143,160,110,143
1,<environment.Job instance at 0x7efd518f1410>,33,3,[5 7],34,165,168,131,143
1,<environment.Job instance at 0x7efd518f1910>,34,13,[13  1],35,168,181,133,153
1,<environment.Job instance at 0x7efd48ef25f0>,36,2,[8 3],37,155,157,118,155
1,<environment.Job instance at 0x7efd518f12d0>,35,16,[ 2 13],36,168,184,132,155
1,<environment.Job instance at 0x7efd48ef2f00>,37,16,[ 2 13],38,184,200,146,173
1,<environment.Job instance at 0x7efd487c9500>,0,3,[10  5],1,1,4,0,1
1,<environment.Job instance at 0x7efd487c9c30>,1,14,[5 2],2,2,16,0,2
1,<environment.Job instance at 0x7efd487c96e0>,5,14,[3 8],6,6,20,0,6
1,<environment.Job instance at 0x7efd51878870>,8,2,[6 2],9,9,11,0,9
1,<environment.Job instance at 0x7efd48d67dc0>,14,17,[1 5],15,15,32,0,15
1,<environment.Job instance at 0x7efd518f2640>,12,1,[8 1],13,16,17,3,16
1,<environment.Job instance at 0x7efd47d4c550>,11,14,[ 2 10],12,20,34,8,20
1,<environment.Job instance at 0x7efd47c73f50>,21,12,[9 4],22,32,44,10,32
1,<environment.Job instance at 0x7efd484cc870>,26,2,[6 4],27,34,36,7,34
1,<environment.Job instance at 0x7efd51cba320>,17,14,[1 5],18,36,50,18,36
1,<environment.Job instance at 0x7efd51cbaa00>,18,15,[2 6],19,36,51,17,36
1,<environment.Job instance at 0x7efd48d09e10>,36,2,[8 3],37,44,46,7,44
1,<environment.Job instance at 0x7efd485ca870>,32,17,[6 1],33,46,63,13,46
1,<environment.Job instance at 0x7efd48d541e0>,33,3,[5 7],34,50,53,16,50
1,<environment.Job instance at 0x7efd47e6c500>,22,17,[4 6],23,51,68,28,51
1,<environment.Job instance at 0x7efd47fcbf00>,40,1,[10  4],41,63,64,22,63
1,<environment.Job instance at 0x7efd4933f5f0>,46,3,[7 2],47,64,67,17,64
1,<environment.Job instance at 0x7efd51f73c30>,43,18,[2 6],44,64,82,20,64
1,<environment.Job instance at 0x7efd48d09780>,39,12,[9 1],40,67,79,27,67
1,<environment.Job instance at 0x7efd47c635f0>,54,2,[3 9],55,79,81,24,79
1,<environment.Job instance at 0x7efd51eff640>,55,1,[2 7],56,81,82,25,81
1,<environment.Job instance at 0x7efd49194f00>,62,1,[ 3 10],63,82,83,19,82
1,<environment.Job instance at 0x7efd48ef2e60>,52,17,[7 3],53,82,99,29,82
1,<environment.Job instance at 0x7efd4845b0f0>,50,1,[ 1 10],51,83,84,32,83
1,<environment.Job instance at 0x7efd48f89910>,63,2,[4 8],64,84,86,20,84
1,<environment.Job instance at 0x7efd47f09b40>,66,3,[1 8],67,86,89,19,86
1,<environment.Job instance at 0x7efd47c730a0>,24,14,[5 9],25,89,103,64,89
1,<environment.Job instance at 0x7efd484c6780>,65,16,[8 2],66,99,115,33,99
1,<environment.Job instance at 0x7efd47d4e4b0>,72,1,[3 8],73,103,104,30,103
1,<environment.Job instance at 0x7efd47d4e9b0>,76,2,[3 6],77,104,106,27,104
1,<environment.Job instance at 0x7efd47d4eaa0>,74,13,[6 4],75,106,119,31,106
1,<environment.Job instance at 0x7efd48b291e0>,78,12,[5 2],79,115,127,36,115
1,<environment.Job instance at 0x7efd48b29500>,81,2,[ 3 10],82,119,121,37,119
1,<environment.Job instance at 0x7efd47cb2140>,82,13,[9 1],83,121,134,38,121
1,<environment.Job instance at 0x7efd4929a6e0>,85,15,[6 4],86,127,142,41,127
1,<environment.Job instance at 0x7efd48d09e60>,38,15,[ 5 10],39,134,149,95,134
1,<environment.Job instance at 0x7efd481c8370>,88,1,[5 1],89,142,143,53,142
1,<environment.Job instance at 0x7efd48b290a0>,80,15,[9 1],81,143,158,62,143
1,<environment.Job instance at 0x7efd486a2c80>,91,13,[3 6],92,150,163,58,150
1,<environment.Job instance at 0x7efd481c8960>,90,21,[1 8],91,150,171,59,150
1,<environment.Job instance at 0x7efd481c8280>,92,17,[10  1],93,158,175,65,158
1,<environment.Job instance at 0x7efd47aba140>,93,12,[5 4],94,171,183,77,171
1,<environment.Job instance at 0x7efd47e0daa0>,100,3,[5 7],101,176,179,75,176
1,<environment.Job instance at 0x7efd47e0da00>,101,12,[6 4],102,179,191,77,179
1,<environment.Job instance at 0x7efd48abe5a0>,104,2,[5 3],105,183,185,78,183
1,<environment.Job instance at 0x7efd485937d0>,106,14,[5 4],107,185,199,78,185
1,<environment.Job instance at 0x7efd51c85190>,0,2,[1 8],1,1,3,0,1
1,<environment.Job instance at 0x7efd51c856e0>,1,14,[7 2],2,2,16,0,2
1,<environment.Job instance at 0x7efd487c7910>,3,2,[5 9],4,4,6,0,4
1,<environment.Job instance at 0x7efd48288e10>,8,2,[5 5],9,9,11,0,9
1,<environment.Job instance at 0x7efd47bcd9b0>,10,18,[5 7],11,11,29,0,11
1,<environment.Job instance at 0x7efd47bcdbe0>,11,20,[2 6],12,12,32,0,12
1,<environment.Job instance at 0x7efd48288230>,13,1,[3 6],14,29,30,15,14
1,<environment.Job instance at 0x7efd482c60a0>,22,12,[5 4],23,30,42,7,23
1,<environment.Job instance at 0x7efd482c6190>,25,2,[11  5],26,42,44,16,26
1,<environment.Job instance at 0x7efd482c6370>,26,12,[5 3],27,29,41,2,27
1,<environment.Job instance at 0x7efd482c6500>,27,1,[ 2 12],28,44,45,16,28
1,<environment.Job instance at 0x7efd482c65a0>,28,18,[6 1],29,44,62,15,33
1,<environment.Job instance at 0x7efd482c6960>,32,14,[2 9],33,45,59,12,33
1,<environment.Job instance at 0x7efd482c6af0>,35,2,[5 9],36,59,61,23,36
1,<environment.Job instance at 0x7efd482c7280>,44,13,[4 6],45,61,74,16,47
1,<environment.Job instance at 0x7efd482c7320>,45,14,[1 8],46,61,75,15,48
1,<environment.Job instance at 0x7efd482c7640>,56,2,[9 5],57,74,76,17,57
1,<environment.Job instance at 0x7efd482c7c30>,59,13,[5 5],60,75,88,15,61
1,<environment.Job instance at 0x7efd482c7f00>,61,12,[ 5 10],62,76,88,14,63
1,<environment.Job instance at 0x7efd482ee280>,64,13,[2 9],65,88,101,23,72
1,<environment.Job instance at 0x7efd482ee410>,66,3,[5 5],67,88,91,21,72
1,<environment.Job instance at 0x7efd482eef00>,82,13,[8 3],83,91,104,8,83
1,<environment.Job instance at 0x7efd482eefa0>,83,3,[ 3 11],84,101,104,17,84
1,<environment.Job instance at 0x7efd48294910>,89,1,[8 2],90,104,105,14,90
1,<environment.Job instance at 0x7efd48294690>,91,18,[5 2],92,104,122,12,93
1,<environment.Job instance at 0x7efd48294dc0>,94,13,[10  2],95,105,118,10,95
1,<environment.Job instance at 0x7efd482eec80>,79,1,[1 7],80,104,105,24,100
1,<environment.Job instance at 0x7efd482940f0>,97,2,[6 3],98,118,120,20,101
1,<environment.Job instance at 0x7efd47da5460>,88,12,[11  2],89,122,134,33,105
1,<environment.Job instance at 0x7efd48294c30>,99,13,[5 1],100,134,147,34,120
1,<environment.Job instance at 0x7efd482949b0>,96,16,[8 2],97,134,150,37,121
1,<environment.Job instance at 0x7efd47bde0a0>,103,1,[9 5],104,121,122,17,121
1,<environment.Job instance at 0x7efd518b9d70>,106,2,[11  3],107,150,152,43,127
1,<environment.Job instance at 0x7efd47bbefa0>,102,15,[3 8],103,147,162,44,133
1,<environment.Job instance at 0x7efd48a53500>,112,2,[4 6],113,152,154,39,133
1,<environment.Job instance at 0x7efd48d89af0>,114,3,[ 1 10],115,134,137,19,134
1,<environment.Job instance at 0x7efd48b54140>,118,2,[4 6],119,154,156,35,134
1,<environment.Job instance at 0x7efd47a0d190>,119,3,[10  2],120,156,159,36,134
1,<environment.Job instance at 0x7efd47f0c730>,121,1,[12  1],122,159,160,37,134
1,<environment.Job instance at 0x7efd47f0caf0>,122,1,[4 9],123,162,163,39,134
1,<environment.Job instance at 0x7efd47f03c80>,123,3,[1 9],124,137,140,13,134
1,<environment.Job instance at 0x7efd47f03730>,126,3,[14  4],127,163,166,36,137
1,<environment.Job instance at 0x7efd47a927d0>,127,3,[7 1],128,152,155,24,137
1,<environment.Job instance at 0x7efd47f03960>,124,3,[5 9],125,166,169,41,140
1,<environment.Job instance at 0x7efd47a92f00>,128,13,[5 6],129,166,179,37,150
1,<environment.Job instance at 0x7efd487a4230>,131,1,[2 6],132,160,161,28,150
1,<environment.Job instance at 0x7efd47beceb0>,100,15,[7 5],101,169,184,68,159
1,<environment.Job instance at 0x7efd482c6410>,0,2,[1 8],1,1,3,0,1
1,<environment.Job instance at 0x7efd482c6aa0>,1,14,[7 2],2,2,16,0,2
1,<environment.Job instance at 0x7efd482ee1e0>,3,2,[5 9],4,4,6,0,4
1,<environment.Job instance at 0x7efd47f035f0>,4,15,[2 9],5,6,21,1,6
1,<environment.Job instance at 0x7efd487adc30>,8,2,[5 5],9,16,18,7,16
1,<environment.Job instance at 0x7efd487af4b0>,13,1,[3 6],14,18,19,4,18
1,<environment.Job instance at 0x7efd482c7fa0>,2,13,[9 2],3,19,32,16,19
1,<environment.Job instance at 0x7efd47ac4280>,18,15,[1 8],19,21,36,2,21
1,<environment.Job instance at 0x7efd48294aa0>,6,18,[5 5],7,21,39,14,21
1,<environment.Job instance at 0x7efd491129b0>,22,12,[5 4],23,36,48,13,36
1,<environment.Job instance at 0x7efd491127d0>,21,15,[10  2],22,39,54,17,39
1,<environment.Job instance at 0x7efd492ba1e0>,26,12,[5 3],27,48,60,21,48
1,<environment.Job instance at 0x7efd49112af0>,23,17,[2 9],24,54,71,30,54
1,<environment.Job instance at 0x7efd492baaf0>,28,18,[6 1],29,54,72,25,54
1,<environment.Job instance at 0x7efd47d998c0>,31,12,[6 1],32,60,72,28,60
1,<environment.Job instance at 0x7efd47d99730>,32,14,[2 9],33,71,85,38,71
1,<environment.Job instance at 0x7efd47d99af0>,30,17,[9 3],31,72,89,41,72
1,<environment.Job instance at 0x7efd48e7faf0>,35,2,[5 9],36,85,87,49,85
1,<environment.Job instance at 0x7efd49261690>,37,17,[6 1],38,87,104,49,87
1,<environment.Job instance at 0x7efd47e0eb40>,39,15,[3 5],40,89,104,49,89
1,<environment.Job instance at 0x7efd49153730>,41,15,[3 9],42,89,104,47,89
1,<environment.Job instance at 0x7efd48c93dc0>,44,13,[4 6],45,104,117,59,104
1,<environment.Job instance at 0x7efd4885df00>,45,14,[1 8],46,104,118,58,104
1,<environment.Job instance at 0x7efd5195cf50>,47,13,[9 1],48,117,130,69,117
1,<environment.Job instance at 0x7efd482ee8c0>,5,17,[3 8],6,118,135,112,118
1,<environment.Job instance at 0x7efd518c08c0>,49,13,[2 5],50,118,131,68,118
1,<environment.Job instance at 0x7efd479d41e0>,34,18,[6 4],35,131,149,96,131
1,<environment.Job instance at 0x7efd51f00320>,56,2,[9 5],57,135,137,78,135
1,<environment.Job instance at 0x7efd48e1fb90>,53,16,[ 1 10],54,137,153,83,137
1,<environment.Job instance at 0x7efd48e1f7d0>,58,16,[5 5],59,149,165,90,149
1,<environment.Job instance at 0x7efd48abe640>,59,13,[5 5],60,153,166,93,153
1,<environment.Job instance at 0x7efd4929e1e0>,61,12,[ 5 10],62,165,177,103,165
1,<environment.Job instance at 0x7efd51f000a0>,57,18,[7 5],58,166,184,108,166
1,<environment.Job instance at 0x7efd47e0db90>,65,13,[7 3],66,177,190,111,177
1,<environment.Job instance at 0x7efd47e0dd70>,66,3,[5 5],67,184,187,117,184
1,<environment.Job instance at 0x7efd47aba140>,68,12,[6 2],69,187,199,118,187
1,<environment.Job instance at 0x7efd47e0da00>,64,13,[2 9],65,187,200,122,187
1,<environment.Job instance at 0x7efd47ea7b40>,1,1,[1 6],2,2,3,0,2
1,<environment.Job instance at 0x7efd48d45aa0>,4,1,[3 7],5,5,6,0,5
1,<environment.Job instance at 0x7efd4846ae60>,6,18,[5 7],7,7,25,0,7
1,<environment.Job instance at 0x7efd4935a190>,12,1,[3 9],13,25,26,12,13
1,<environment.Job instance at 0x7efd4846a7d0>,8,18,[6 5],9,15,33,6,15
1,<environment.Job instance at 0x7efd4935abe0>,14,14,[5 7],15,26,40,11,17
1,<environment.Job instance at 0x7efd47d96640>,19,1,[12  5],20,40,41,20,25
1,<environment.Job instance at 0x7efd4928ad20>,21,3,[4 5],22,33,36,11,25
1,<environment.Job instance at 0x7efd480ae140>,17,16,[7 1],18,41,57,23,28
1,<environment.Job instance at 0x7efd4928a460>,24,1,[ 3 10],25,40,41,15,28
1,<environment.Job instance at 0x7efd48d454b0>,5,14,[ 5 12],6,83,97,77,83
1,<environment.Job instance at 0x7efd4935ac80>,13,16,[6 3],14,83,99,69,83
1,<environment.Job instance at 0x7efd4866c0f0>,26,12,[4 7],27,97,109,70,83
1,<environment.Job instance at 0x7efd51db7fa0>,18,20,[10  4],19,99,119,80,93
1,<environment.Job instance at 0x7efd4866c7d0>,28,3,[6 3],29,119,122,90,93
1,<environment.Job instance at 0x7efd48bc0f00>,32,3,[7 5],33,119,122,86,99
1,<environment.Job instance at 0x7efd48cfa0a0>,33,3,[ 5 11],34,109,112,75,99
1,<environment.Job instance at 0x7efd47ceb870>,37,2,[4 7],38,112,114,74,103
1,<environment.Job instance at 0x7efd4918e7d0>,44,1,[11  4],45,122,123,77,103
1,<environment.Job instance at 0x7efd482a3aa0>,46,2,[8 4],47,123,125,76,104
1,<environment.Job instance at 0x7efd482a3c30>,48,2,[ 2 11],49,114,116,65,104
1,<environment.Job instance at 0x7efd482a3730>,51,12,[5 5],52,123,135,71,106
1,<environment.Job instance at 0x7efd47cebbe0>,36,1,[5 6],37,116,117,79,107
1,<environment.Job instance at 0x7efd4935a820>,16,1,[2 8],17,117,118,100,110
1,<environment.Job instance at 0x7efd482a38c0>,47,19,[8 1],48,125,144,77,119
1,<environment.Job instance at 0x7efd4894cdc0>,55,3,[5 4],56,135,138,79,119
1,<environment.Job instance at 0x7efd4894ca00>,56,13,[ 1 11],57,138,151,81,124
1,<environment.Job instance at 0x7efd4894c280>,58,1,[ 5 13],59,151,152,92,124
1,<environment.Job instance at 0x7efd488f3b90>,60,2,[10  3],61,144,146,83,124
1,<environment.Job instance at 0x7efd51e2f8c0>,68,2,[2 9],69,125,127,56,124
1,<environment.Job instance at 0x7efd47e20370>,73,3,[5 1],74,138,141,64,125
1,<environment.Job instance at 0x7efd47e205f0>,75,3,[ 4 10],76,152,155,76,126
1,<environment.Job instance at 0x7efd47e20640>,77,3,[ 1 10],78,135,138,57,132
1,<environment.Job instance at 0x7efd47e20b90>,76,13,[7 2],77,146,159,69,132
1,<environment.Job instance at 0x7efd48d54550>,72,1,[ 5 14],73,159,160,86,135
1,<environment.Job instance at 0x7efd48d54230>,69,15,[6 5],70,160,175,90,146
1,<environment.Job instance at 0x7efd47e20140>,81,17,[5 1],82,155,172,73,146
1,<environment.Job instance at 0x7efd47e203c0>,79,12,[10  2],80,175,187,95,166
1,<environment.Job instance at 0x7efd47b62aa0>,1,1,[1 6],2,2,3,0,2
1,<environment.Job instance at 0x7efd47b62fa0>,2,20,[8 5],3,3,23,0,3
1,<environment.Job instance at 0x7efd51878870>,4,1,[3 7],5,5,6,0,5
1,<environment.Job instance at 0x7efd47d4cdc0>,6,18,[5 7],7,7,25,0,7
1,<environment.Job instance at 0x7efd48219be0>,14,14,[5 7],15,23,37,8,23
1,<environment.Job instance at 0x7efd47b62af0>,10,16,[9 5],11,25,41,14,25
1,<environment.Job instance at 0x7efd47e6cc80>,16,1,[2 8],17,37,38,20,37
1,<environment.Job instance at 0x7efd48d541e0>,12,1,[3 9],13,38,39,25,38
1,<environment.Job instance at 0x7efd47e0dd70>,21,3,[4 5],22,39,42,17,39
1,<environment.Job instance at 0x7efd47e0de60>,24,1,[ 3 10],25,41,42,16,41
1,<environment.Job instance at 0x7efd47c8bf50>,26,12,[4 7],27,42,54,15,42
1,<environment.Job instance at 0x7efd49153af0>,28,3,[6 3],29,42,45,13,42
1,<environment.Job instance at 0x7efd47e6c500>,17,16,[7 1],18,45,61,27,45
1,<environment.Job instance at 0x7efd492ba870>,32,3,[7 5],33,54,57,21,54
1,<environment.Job instance at 0x7efd49153730>,30,18,[1 8],31,54,72,23,54
1,<environment.Job instance at 0x7efd492c0370>,36,1,[5 6],37,57,58,20,57
1,<environment.Job instance at 0x7efd51d11c30>,13,16,[6 3],14,58,74,44,58
1,<environment.Job instance at 0x7efd487ad910>,37,2,[4 7],38,72,74,34,72
1,<environment.Job instance at 0x7efd482ee7d0>,39,12,[1 5],40,72,84,32,72
1,<environment.Job instance at 0x7efd488e20f0>,41,13,[1 9],42,74,87,32,74
1,<environment.Job instance at 0x7efd492c0d20>,35,17,[9 1],36,74,91,38,74
1,<environment.Job instance at 0x7efd47f035f0>,38,17,[5 5],39,84,101,45,84
1,<environment.Job instance at 0x7efd47f2b8c0>,46,2,[8 4],47,91,93,44,91
1,<environment.Job instance at 0x7efd48c93dc0>,45,16,[9 2],46,94,110,48,94
1,<environment.Job instance at 0x7efd47cfa1e0>,51,12,[5 5],52,101,113,49,101
1,<environment.Job instance at 0x7efd5195d1e0>,42,17,[7 1],43,111,128,68,111
1,<environment.Job instance at 0x7efd480f98c0>,54,16,[7 3],55,113,129,58,113
1,<environment.Job instance at 0x7efd490a1780>,55,3,[5 4],56,128,131,72,128
1,<environment.Job instance at 0x7efd48e260f0>,60,2,[10  3],61,129,131,68,129
1,<environment.Job instance at 0x7efd47af3780>,61,14,[7 5],62,131,145,69,131
1,<environment.Job instance at 0x7efd47af38c0>,62,14,[5 5],63,131,145,68,131
1,<environment.Job instance at 0x7efd47e0db90>,22,17,[10  5],23,146,163,123,146
1,<environment.Job instance at 0x7efd488f85f0>,53,19,[ 5 10],54,146,165,92,146
1,<environment.Job instance at 0x7efd518f2910>,8,18,[6 5],9,164,182,155,164
1,<environment.Job instance at 0x7efd48354370>,68,2,[2 9],69,165,167,96,165
1,<environment.Job instance at 0x7efd47eb9820>,70,1,[7 3],71,167,168,96,167
1,<environment.Job instance at 0x7efd48bd7be0>,73,3,[5 1],74,168,171,94,168
1,<environment.Job instance at 0x7efd4923a190>,74,14,[5 4],75,171,185,96,171
1,<environment.Job instance at 0x7efd4923aaa0>,75,3,[ 4 10],76,182,185,106,182
1,<environment.Job instance at 0x7efd4923a0f0>,76,13,[7 2],77,185,198,108,185
1,<environment.Job instance at 0x7efd48f239b0>,77,3,[ 1 10],78,185,188,107,185
1,<environment.Job instance at 0x7efd48354c30>,65,20,[6 2],66,185,205,119,185
1,<environment.Job instance at 0x7efd48e26370>,5,13,[6 4],6,6,19,0,6
1,<environment.Job instance at 0x7efd48b7e0f0>,6,2,[5 5],7,7,9,0,7
1,<environment.Job instance at 0x7efd47c4c230>,9,3,[6 2],10,10,13,0,10
1,<environment.Job instance at 0x7efd48558e10>,16,18,[14  5],17,19,37,2,17
1,<environment.Job instance at 0x7efd48558870>,18,2,[4 6],19,37,39,18,19
1,<environment.Job instance at 0x7efd48a732d0>,19,3,[ 2 14],20,39,42,19,20
1,<environment.Job instance at 0x7efd48a73500>,21,3,[5 7],22,42,45,20,22
1,<environment.Job instance at 0x7efd48558c80>,15,17,[6 5],16,42,59,26,31
1,<environment.Job instance at 0x7efd48f89d70>,23,17,[9 4],24,45,62,21,35
1,<environment.Job instance at 0x7efd48558280>,24,2,[ 4 10],25,59,61,34,35
1,<environment.Job instance at 0x7efd490218c0>,27,12,[ 1 12],28,62,74,34,45
1,<environment.Job instance at 0x7efd490212d0>,28,13,[12  5],29,74,87,45,58
1,<environment.Job instance at 0x7efd47d6e6e0>,31,13,[ 5 11],32,87,100,55,71
1,<environment.Job instance at 0x7efd47d6e190>,32,13,[5 5],33,100,113,67,84
1,<environment.Job instance at 0x7efd47ebc5f0>,33,1,[4 5],34,100,101,66,84
1,<environment.Job instance at 0x7efd47ebc910>,34,16,[9 2],35,101,117,66,88
1,<environment.Job instance at 0x7efd48a43690>,30,14,[2 5],31,113,127,82,98
1,<environment.Job instance at 0x7efd485586e0>,14,21,[12  5],15,117,138,102,117
1,<environment.Job instance at 0x7efd48d1ff50>,35,13,[ 3 13],36,138,151,102,123
1,<environment.Job instance at 0x7efd490210f0>,29,22,[14  3],30,151,173,121,148
1,<environment.Job instance at 0x7efd51eff870>,0,22,[10  4],1,1,23,0,1
1,<environment.Job instance at 0x7efd51f066e0>,1,21,[2 6],2,2,23,0,2
1,<environment.Job instance at 0x7efd484c8d20>,6,2,[5 5],7,23,25,16,23
1,<environment.Job instance at 0x7efd48c93fa0>,18,2,[4 6],19,23,25,4,23
1,<environment.Job instance at 0x7efd47eb96e0>,9,3,[6 2],10,23,26,13,23
1,<environment.Job instance at 0x7efd492ba780>,21,3,[5 7],22,25,28,3,25
1,<environment.Job instance at 0x7efd484c8a00>,5,13,[6 4],6,26,39,20,26
1,<environment.Job instance at 0x7efd6d754c80>,24,2,[ 4 10],25,28,30,3,28
1,<environment.Job instance at 0x7efd47c8b7d0>,22,13,[3 9],23,30,43,7,30
1,<environment.Job instance at 0x7efd4878f8c0>,32,13,[5 5],33,39,52,6,39
1,<environment.Job instance at 0x7efd5195ccd0>,33,1,[4 5],34,43,44,9,43
1,<environment.Job instance at 0x7efd47f8b370>,30,14,[2 5],31,43,57,12,43
1,<environment.Job instance at 0x7efd48c93aa0>,15,17,[6 5],16,44,61,28,44
1,<environment.Job instance at 0x7efd47eb9500>,10,18,[7 5],11,52,70,41,52
1,<environment.Job instance at 0x7efd49258cd0>,37,12,[9 2],38,70,82,32,70
1,<environment.Job instance at 0x7efd48e7f280>,43,3,[1 6],44,70,73,26,70
1,<environment.Job instance at 0x7efd48e7f6e0>,44,2,[10  4],45,82,84,37,82
1,<environment.Job instance at 0x7efd489e3960>,34,16,[9 2],35,84,100,49,84
1,<environment.Job instance at 0x7efd48c38050>,46,1,[8 1],47,100,101,53,100
1,<environment.Job instance at 0x7efd51b0a2d0>,47,17,[6 1],48,100,117,52,100
1,<environment.Job instance at 0x7efd48d54050>,49,3,[1 5],50,101,104,51,101
1,<environment.Job instance at 0x7efd48089e10>,45,18,[7 1],46,101,119,55,101
1,<environment.Job instance at 0x7efd489edfa0>,56,14,[5 4],57,119,133,62,119
1,<environment.Job instance at 0x7efd51919e60>,58,16,[6 4],59,119,135,60,119
1,<environment.Job instance at 0x7efd49148c80>,64,16,[5 5],65,133,149,68,133
1,<environment.Job instance at 0x7efd479d4b90>,66,15,[4 5],67,133,148,66,133
1,<environment.Job instance at 0x7efd479d48c0>,69,14,[4 8],70,148,162,78,148
1,<environment.Job instance at 0x7efd48c46af0>,38,17,[10  5],39,149,166,110,149
1,<environment.Job instance at 0x7efd48edf1e0>,72,3,[ 4 10],73,162,165,89,162
1,<environment.Job instance at 0x7efd482e3b90>,75,14,[4 9],76,165,179,89,165
1,<environment.Job instance at 0x7efd480894b0>,41,17,[10  2],42,166,183,124,166
1,<environment.Job instance at 0x7efd47a3a8c0>,78,12,[ 5 10],79,179,191,100,179
1,<environment.Job instance at 0x7efd480aeaf0>,23,17,[9 4],24,183,200,159,183
1,<environment.Job instance at 0x7efd489906e0>,1,13,[8 2],2,2,15,0,2
1,<environment.Job instance at 0x7efd51eff640>,3,3,[10  4],4,15,18,11,4
1,<environment.Job instance at 0x7efd491e9be0>,4,16,[6 3],5,18,34,13,5
1,<environment.Job instance at 0x7efd48dab9b0>,5,12,[3 8],6,6,18,0,6
1,<environment.Job instance at 0x7efd48dab500>,6,13,[5 5],7,18,31,11,7
1,<environment.Job instance at 0x7efd48d25af0>,14,2,[2 6],15,18,20,3,15
1,<environment.Job instance at 0x7efd47d7dd70>,19,1,[5 7],20,31,32,11,20
1,<environment.Job instance at 0x7efd47d7d820>,16,12,[7 4],17,32,44,15,20
1,<environment.Job instance at 0x7efd48ad9370>,1,13,[8 2],2,2,15,0,2
1,<environment.Job instance at 0x7efd47d487d0>,4,16,[6 3],5,5,21,0,5
1,<environment.Job instance at 0x7efd479d4f00>,5,12,[3 8],6,15,27,9,15
1,<environment.Job instance at 0x7efd47cee870>,3,3,[10  4],4,21,24,17,21
1,<environment.Job instance at 0x7efd51d11c30>,14,2,[2 6],15,24,26,9,24
1,<environment.Job instance at 0x7efd51b5fd20>,16,12,[7 4],17,26,38,9,26
1,<environment.Job instance at 0x7efd479d4aa0>,6,13,[5 5],7,27,40,20,27
1,<environment.Job instance at 0x7efd51919d70>,9,17,[1 6],10,27,44,17,27
1,<environment.Job instance at 0x7efd484c8c30>,18,12,[7 3],19,38,50,19,38
1,<environment.Job instance at 0x7efd484c8cd0>,19,1,[5 7],20,44,45,24,44
1,<environment.Job instance at 0x7efd51fbe780>,17,14,[5 7],18,45,59,27,45
1,<environment.Job instance at 0x7efd47b35140>,26,12,[5 2],27,50,62,23,50
1,<environment.Job instance at 0x7efd47b35190>,27,13,[7 2],28,59,72,31,59
1,<environment.Job instance at 0x7efd487352d0>,12,15,[3 8],13,59,74,46,59
1,<environment.Job instance at 0x7efd479d4a00>,8,14,[4 7],9,72,86,63,72
1,<environment.Job instance at 0x7efd4932f1e0>,36,15,[7 3],37,74,89,37,74
1,<environment.Job instance at 0x7efd488ff230>,32,2,[ 1 10],33,86,88,53,86
1,<environment.Job instance at 0x7efd51986280>,24,15,[4 7],25,88,103,63,88
1,<environment.Job instance at 0x7efd48be05f0>,43,3,[6 2],44,89,92,45,89
1,<environment.Job instance at 0x7efd47be05a0>,40,14,[10  4],41,92,106,51,92
1,<environment.Job instance at 0x7efd48f74b40>,38,17,[5 7],39,103,120,64,103
1,<environment.Job instance at 0x7efd492325f0>,44,15,[10  3],45,106,121,61,106
1,<environment.Job instance at 0x7efd47a3a410>,47,18,[4 9],48,120,138,72,120
1,<environment.Job instance at 0x7efd484eeaa0>,52,13,[8 5],53,122,135,69,122
1,<environment.Job instance at 0x7efd484ee820>,54,13,[5 2],55,135,148,80,135
1,<environment.Job instance at 0x7efd484ee280>,55,3,[ 1 10],56,138,141,82,138
1,<environment.Job instance at 0x7efd4811afa0>,50,19,[8 2],51,138,157,87,138
1,<environment.Job instance at 0x7efd51db5b40>,57,13,[3 6],58,149,162,91,149
1,<environment.Job instance at 0x7efd484ee2d0>,58,14,[5 9],59,157,171,98,157
1,<environment.Job instance at 0x7efd484c8460>,25,16,[7 4],26,162,178,136,162
1,<environment.Job instance at 0x7efd47a3a8c0>,48,17,[8 4],49,171,188,122,171
1,<environment.Job instance at 0x7efd48d557d0>,67,14,[3 5],68,178,192,110,178
1,<environment.Job instance at 0x7efd47c85500>,64,2,[9 2],65,188,190,123,188
1,<environment.Job instance at 0x7efd47c491e0>,70,17,[1 7],71,188,205,117,188
1,<environment.Job instance at 0x7efd47fca320>,1,17,[5 5],2,2,19,0,2
1,<environment.Job instance at 0x7efd486570a0>,2,13,[3 8],3,3,16,0,3
1,<environment.Job instance at 0x7efd48657a00>,3,24,[5 2],4,4,28,0,4
1,<environment.Job instance at 0x7efd486571e0>,5,2,[1 7],6,16,18,10,6
1,<environment.Job instance at 0x7efd48657fa0>,6,2,[9 4],7,19,21,12,7
1,<environment.Job instance at 0x7efd48657d70>,7,13,[7 2],8,21,34,13,8
1,<environment.Job instance at 0x7efd47991f00>,14,1,[1 5],15,18,19,3,15
1,<environment.Job instance at 0x7efd47991460>,10,1,[13  1],11,34,35,23,17
1,<environment.Job instance at 0x7efd47991500>,15,3,[9 5],16,35,38,19,17
1,<environment.Job instance at 0x7efd47991410>,17,12,[4 7],18,35,47,17,22
1,<environment.Job instance at 0x7efd47991d70>,21,3,[3 5],22,27,30,5,27
1,<environment.Job instance at 0x7efd479918c0>,16,16,[5 5],17,38,54,21,27
1,<environment.Job instance at 0x7efd47991190>,22,13,[ 4 10],23,47,60,24,33
1,<environment.Job instance at 0x7efd484e1fa0>,33,1,[9 3],34,54,55,20,34
1,<environment.Job instance at 0x7efd47d96690>,42,1,[12  1],43,60,61,17,43
1,<environment.Job instance at 0x7efd47d96320>,43,2,[2 7],44,60,62,16,44
1,<environment.Job instance at 0x7efd47d960f0>,45,1,[5 5],46,55,56,9,46
1,<environment.Job instance at 0x7efd47d96550>,46,3,[10  1],47,56,59,9,47
1,<environment.Job instance at 0x7efd484cc050>,54,12,[2 5],55,61,73,6,55
1,<environment.Job instance at 0x7efd484cc0a0>,52,13,[ 3 12],53,73,86,20,57
1,<environment.Job instance at 0x7efd484cc550>,58,12,[8 2],59,67,79,8,67
1,<environment.Job instance at 0x7efd48ca06e0>,60,15,[5 5],61,86,101,25,77
1,<environment.Job instance at 0x7efd48ca0910>,65,12,[5 9],66,86,98,20,77
1,<environment.Job instance at 0x7efd48ca0b90>,69,14,[5 1],70,82,96,12,82
1,<environment.Job instance at 0x7efd48ca0d20>,66,2,[ 4 12],67,101,103,34,82
1,<environment.Job instance at 0x7efd48ca00f0>,70,3,[6 3],71,98,101,27,87
1,<environment.Job instance at 0x7efd4873d4b0>,85,1,[12  5],86,103,104,17,95
1,<environment.Job instance at 0x7efd4873d820>,90,2,[9 1],91,101,103,10,98
1,<environment.Job instance at 0x7efd4873d2d0>,91,14,[9 5],92,104,118,12,98
1,<environment.Job instance at 0x7efd490060a0>,94,15,[4 5],95,104,119,9,98
1,<environment.Job instance at 0x7efd4873d550>,87,17,[7 5],88,181,198,93,181
1,<environment.Job instance at 0x7efd47fc3b40>,1,17,[5 5],2,2,19,0,2
1,<environment.Job instance at 0x7efd47fc3a00>,2,13,[3 8],3,3,16,0,3
1,<environment.Job instance at 0x7efd47fc3870>,7,13,[7 2],8,8,21,0,8
1,<environment.Job instance at 0x7efd47f511e0>,14,1,[1 5],15,16,17,1,16
1,<environment.Job instance at 0x7efd47fc3550>,5,2,[1 7],6,17,19,11,17
1,<environment.Job instance at 0x7efd47f45e60>,17,12,[4 7],18,19,31,1,19
1,<environment.Job instance at 0x7efd47f51a00>,13,12,[1 5],14,19,31,5,19
1,<environment.Job instance at 0x7efd47fc30f0>,6,2,[9 4],7,31,33,24,31
1,<environment.Job instance at 0x7efd48cfedc0>,21,3,[3 5],22,31,34,9,31
1,<environment.Job instance at 0x7efd48a08280>,15,3,[9 5],16,33,36,17,33
1,<environment.Job instance at 0x7efd48d0dc80>,27,3,[2 5],28,33,36,5,33
1,<environment.Job instance at 0x7efd48cfebe0>,28,3,[8 3],29,36,39,7,36
1,<environment.Job instance at 0x7efd47f56be0>,22,13,[ 4 10],23,36,49,13,36
1,<environment.Job instance at 0x7efd48afa1e0>,32,15,[5 3],33,39,54,6,39
1,<environment.Job instance at 0x7efd48624140>,33,1,[9 3],34,49,50,15,49
1,<environment.Job instance at 0x7efd48afa0a0>,31,16,[1 6],32,49,65,17,49
1,<environment.Job instance at 0x7efd48624280>,34,14,[5 2],35,50,64,15,50
1,<environment.Job instance at 0x7efd48a08910>,16,16,[5 5],17,54,70,37,54
1,<environment.Job instance at 0x7efd48c38e60>,38,15,[7 3],39,64,79,25,64
1,<environment.Job instance at 0x7efd48c38500>,36,18,[1 5],37,65,83,28,65
1,<environment.Job instance at 0x7efd489ffe60>,43,2,[2 7],44,70,72,26,70
1,<environment.Job instance at 0x7efd48d14e10>,45,1,[5 5],46,79,80,33,79
1,<environment.Job instance at 0x7efd48c33aa0>,54,12,[2 5],55,79,91,24,79
1,<environment.Job instance at 0x7efd480f2cd0>,46,3,[10  1],47,80,83,33,80
1,<environment.Job instance at 0x7efd47c23280>,58,12,[8 2],59,83,95,24,83
1,<environment.Job instance at 0x7efd47c23b90>,61,13,[3 8],62,83,96,21,83
1,<environment.Job instance at 0x7efd48111af0>,63,12,[6 3],64,95,107,31,95
1,<environment.Job instance at 0x7efd47c69d70>,65,12,[5 9],66,97,109,31,97
1,<environment.Job instance at 0x7efd47c23c30>,60,15,[5 5],61,107,122,46,107
1,<environment.Job instance at 0x7efd47a2d2d0>,69,14,[5 1],70,107,121,37,107
1,<environment.Job instance at 0x7efd47a22910>,70,3,[6 3],71,121,124,50,121
1,<environment.Job instance at 0x7efd47a22e10>,72,13,[3 7],73,122,135,49,122
1,<environment.Job instance at 0x7efd4837e0a0>,73,20,[6 2],74,123,143,49,123
1,<environment.Job instance at 0x7efd48c1de10>,19,16,[ 2 10],20,135,151,115,135
1,<environment.Job instance at 0x7efd489dd5a0>,68,18,[7 3],69,135,153,66,135
1,<environment.Job instance at 0x7efd48cfe5a0>,24,18,[ 2 10],25,151,169,126,151
1,<environment.Job instance at 0x7efd4837efa0>,80,13,[6 3],81,153,166,72,153
1,<environment.Job instance at 0x7efd4837e820>,78,16,[10  2],79,166,182,87,166
1,<environment.Job instance at 0x7efd481115a0>,64,22,[ 3 10],65,169,191,104,169
1,<environment.Job instance at 0x7efd47a7b0f0>,86,16,[9 5],87,182,198,95,182
1,<environment.Job instance at 0x7efd480cce10>,6,2,[ 4 13],7,7,9,0,7
1,<environment.Job instance at 0x7efd480cca00>,7,12,[3 6],8,9,21,1,8
1,<environment.Job instance at 0x7efd480ccb90>,11,3,[ 5 10],12,21,24,9,12
1,<environment.Job instance at 0x7efd51ef5aa0>,17,3,[ 3 12],18,24,27,6,18
1,<environment.Job instance at 0x7efd49190be0>,20,20,[7 1],21,22,42,1,22
1,<environment.Job instance at 0x7efd482040f0>,23,12,[9 5],24,42,54,18,26
1,<environment.Job instance at 0x7efd518e5370>,24,1,[ 2 11],25,28,29,3,28
1,<environment.Job instance at 0x7efd485230f0>,27,13,[5 9],28,29,42,1,29
1,<environment.Job instance at 0x7efd4923d0a0>,30,2,[6 5],31,42,44,11,31
1,<environment.Job instance at 0x7efd51b13370>,31,3,[1 9],32,44,47,12,32
1,<environment.Job instance at 0x7efd518940a0>,21,14,[2 6],22,47,61,25,33
1,<environment.Job instance at 0x7efd51b13eb0>,33,1,[1 5],34,34,35,0,34
1,<environment.Job instance at 0x7efd47cefeb0>,36,3,[ 4 10],37,61,64,24,37
1,<environment.Job instance at 0x7efd48a960a0>,39,2,[6 5],40,54,56,14,53
1,<environment.Job instance at 0x7efd48a961e0>,40,13,[7 4],41,54,67,13,53
1,<environment.Job instance at 0x7efd48a9a2d0>,46,3,[10  1],47,67,70,20,56
1,<environment.Job instance at 0x7efd48a9a3c0>,50,17,[5 4],51,64,81,13,57
1,<environment.Job instance at 0x7efd484a1d20>,56,2,[8 5],57,70,72,13,59
1,<environment.Job instance at 0x7efd48a9af00>,51,1,[ 4 10],52,72,73,20,61
1,<environment.Job instance at 0x7efd48e7f8c0>,59,12,[2 6],60,73,85,13,61
1,<environment.Job instance at 0x7efd484a15a0>,61,3,[ 1 13],62,85,88,23,62
1,<environment.Job instance at 0x7efd48e7f280>,60,3,[5 1],61,72,75,11,63
1,<environment.Job instance at 0x7efd47c69c30>,62,15,[2 5],63,88,103,25,74
1,<environment.Job instance at 0x7efd48a668c0>,68,13,[7 3],69,88,101,19,74
1,<environment.Job instance at 0x7efd48a66370>,70,2,[7 1],71,75,77,4,75
1,<environment.Job instance at 0x7efd48a66dc0>,71,3,[8 1],72,77,80,5,75
1,<environment.Job instance at 0x7efd48a66a00>,72,3,[5 6],73,81,84,8,75
1,<environment.Job instance at 0x7efd47c693c0>,63,3,[ 3 10],64,101,104,37,75
1,<environment.Job instance at 0x7efd48c93e10>,74,1,[ 5 11],75,104,105,29,76
1,<environment.Job instance at 0x7efd48d55d70>,77,3,[ 2 14],78,105,108,27,80
1,<environment.Job instance at 0x7efd47caab40>,80,1,[1 9],81,84,85,3,81
1,<environment.Job instance at 0x7efd490da1e0>,84,2,[ 3 12],85,108,110,23,85
1,<environment.Job instance at 0x7efd4804fd20>,89,1,[13  3],90,110,111,20,91
1,<environment.Job instance at 0x7efd47f9db40>,90,2,[2 6],91,93,95,2,93
1,<environment.Job instance at 0x7efd484cc320>,0,20,[9 3],1,1,21,0,1
1,<environment.Job instance at 0x7efd484e1960>,4,15,[ 2 10],5,5,20,0,5
1,<environment.Job instance at 0x7efd484c8280>,11,3,[ 5 10],12,20,23,8,20
1,<environment.Job instance at 0x7efd484c8c30>,16,18,[9 4],17,21,39,4,21
1,<environment.Job instance at 0x7efd486c9230>,7,12,[3 6],8,23,35,15,23
1,<environment.Job instance at 0x7efd484ee820>,21,14,[2 6],22,35,49,13,35
1,<environment.Job instance at 0x7efd484ee2d0>,23,12,[9 5],24,39,51,15,39
1,<environment.Job instance at 0x7efd48589460>,25,13,[1 9],26,49,62,23,49
1,<environment.Job instance at 0x7efd485895f0>,26,16,[9 2],27,51,67,24,51
1,<environment.Job instance at 0x7efd484b7870>,27,13,[5 9],28,62,75,34,62
1,<environment.Job instance at 0x7efd484b7960>,28,12,[7 1],29,67,79,38,67
1,<environment.Job instance at 0x7efd484b7f00>,30,2,[6 5],31,75,77,44,75
1,<environment.Job instance at 0x7efd49298410>,31,3,[1 9],32,75,78,43,75
1,<environment.Job instance at 0x7efd47a7b0f0>,33,1,[1 5],34,77,78,43,77
1,<environment.Job instance at 0x7efd47a2d2d0>,36,3,[ 4 10],37,78,81,41,78
1,<environment.Job instance at 0x7efd484b7460>,29,16,[7 5],30,79,95,49,79
1,<environment.Job instance at 0x7efd518dacd0>,13,14,[1 8],14,81,95,67,81
1,<environment.Job instance at 0x7efd48111d20>,39,2,[6 5],40,95,97,55,95
1,<environment.Job instance at 0x7efd48111050>,40,13,[7 4],41,95,108,54,95
1,<environment.Job instance at 0x7efd480f2d20>,41,16,[7 5],42,97,113,55,97
1,<environment.Job instance at 0x7efd480f23c0>,43,17,[1 7],44,108,125,64,108
1,<environment.Job instance at 0x7efd480f2a50>,46,3,[10  1],47,113,116,66,113
1,<environment.Job instance at 0x7efd48a08280>,48,16,[5 5],49,116,132,67,116
1,<environment.Job instance at 0x7efd484e0f00>,49,17,[ 2 10],50,125,142,75,125
1,<environment.Job instance at 0x7efd485236e0>,50,17,[5 4],51,132,149,81,132
1,<environment.Job instance at 0x7efd4923d410>,51,1,[ 4 10],52,142,143,90,142
1,<environment.Job instance at 0x7efd47ceff00>,52,16,[2 9],53,143,159,90,143
1,<environment.Job instance at 0x7efd48a08960>,47,18,[10  4],48,149,167,101,149
1,<environment.Job instance at 0x7efd480cc5a0>,53,17,[ 4 10],54,159,176,105,159
1,<environment.Job instance at 0x7efd48a962d0>,54,14,[8 2],55,167,181,112,167
1,<environment.Job instance at 0x7efd484c8460>,19,17,[4 8],20,176,193,156,176
1,<environment.Job instance at 0x7efd484a1910>,56,2,[8 5],57,181,183,124,181
1,<environment.Job instance at 0x7efd51b13500>,55,18,[10  3],56,183,201,127,183
1,<environment.Job instance at 0x7efd48f7f140>,0,1,[4 6],1,1,2,0,1
1,<environment.Job instance at 0x7efd48f7f910>,1,2,[ 1 14],2,2,4,0,2
1,<environment.Job instance at 0x7efd48099780>,4,1,[2 7],5,5,6,0,5
1,<environment.Job instance at 0x7efd4873d9b0>,6,2,[6 1],7,7,9,0,7
1,<environment.Job instance at 0x7efd47ca78c0>,0,1,[4 6],1,1,2,0,1
1,<environment.Job instance at 0x7efd47ca77d0>,4,1,[2 7],5,5,6,0,5
1,<environment.Job instance at 0x7efd49125140>,5,13,[10  5],6,6,19,0,6
1,<environment.Job instance at 0x7efd49125320>,8,13,[2 9],9,9,22,0,9
1,<environment.Job instance at 0x7efd491251e0>,6,2,[6 1],7,19,21,12,19
1,<environment.Job instance at 0x7efd47ca75a0>,7,14,[6 5],8,19,33,11,19
1,<environment.Job instance at 0x7efd49125370>,12,12,[4 6],13,22,34,9,22
1,<environment.Job instance at 0x7efd491257d0>,11,14,[4 7],12,33,47,21,33
1,<environment.Job instance at 0x7efd49125410>,23,1,[5 1],24,33,34,9,33
1,<environment.Job instance at 0x7efd49125e60>,22,15,[10  4],23,34,49,11,34
1,<environment.Job instance at 0x7efd47ab6e60>,25,2,[5 3],26,47,49,21,47
1,<environment.Job instance at 0x7efd49125730>,13,17,[7 3],14,49,66,35,49
1,<environment.Job instance at 0x7efd49125f00>,9,17,[7 2],10,49,66,39,49
1,<environment.Job instance at 0x7efd47ab6dc0>,33,12,[4 7],34,66,78,32,66
1,<environment.Job instance at 0x7efd47ab6460>,34,16,[6 4],35,66,82,31,66
1,<environment.Job instance at 0x7efd47ab6320>,36,15,[7 5],37,78,93,41,78
1,<environment.Job instance at 0x7efd47ab6a00>,37,1,[6 4],38,82,83,44,82
1,<environment.Job instance at 0x7efd47ab67d0>,29,18,[8 3],30,83,101,53,83
1,<environment.Job instance at 0x7efd492903c0>,39,14,[4 8],40,93,107,53,93
1,<environment.Job instance at 0x7efd49290140>,41,14,[10  1],42,101,115,59,101
1,<environment.Job instance at 0x7efd49290730>,42,18,[ 1 10],43,107,125,64,107
1,<environment.Job instance at 0x7efd49290cd0>,43,3,[6 4],44,115,118,71,115
1,<environment.Job instance at 0x7efd49125f50>,15,18,[9 1],16,118,136,102,118
1,<environment.Job instance at 0x7efd47ab6820>,28,18,[4 8],29,125,143,96,125
1,<environment.Job instance at 0x7efd479c0af0>,50,2,[7 2],51,136,138,85,136
1,<environment.Job instance at 0x7efd479c0500>,56,1,[2 7],57,138,139,81,138
1,<environment.Job instance at 0x7efd479c0f00>,49,3,[7 5],50,139,142,89,139
1,<environment.Job instance at 0x7efd48ca9dc0>,58,14,[8 1],59,142,156,83,142
1,<environment.Job instance at 0x7efd48ca9460>,59,15,[2 6],60,142,157,82,142
1,<environment.Job instance at 0x7efd48ca9b90>,60,1,[3 7],61,143,144,82,143
1,<environment.Job instance at 0x7efd48ca9eb0>,61,2,[2 7],62,144,146,82,144
1,<environment.Job instance at 0x7efd48ca9640>,63,13,[5 4],64,146,159,82,146
1,<environment.Job instance at 0x7efd48ca96e0>,62,2,[8 1],63,156,158,93,156
1,<environment.Job instance at 0x7efd479c0460>,51,13,[ 2 10],52,157,170,105,157
1,<environment.Job instance at 0x7efd48ca95f0>,68,14,[8 5],69,159,173,90,159
1,<environment.Job instance at 0x7efd48ca92d0>,69,16,[ 4 10],70,170,186,100,170
1,<environment.Job instance at 0x7efd48ca99b0>,64,15,[8 5],65,173,188,108,173
1,<environment.Job instance at 0x7efd48ca9370>,71,13,[3 9],72,186,199,114,186
1,<environment.Job instance at 0x7f48e0245910>,0,2,[6 2],1,1,3,0,1
1,<environment.Job instance at 0x7f48e0245960>,1,15,[4 5],2,2,17,0,2
1,<environment.Job instance at 0x7f48d6bf3960>,3,13,[3 8],4,4,17,0,4
1,<environment.Job instance at 0x7f48d6bf3d20>,11,1,[8 4],12,17,18,5,13
1,<environment.Job instance at 0x7f48d6bf3be0>,10,14,[1 6],11,17,31,6,15
1,<environment.Job instance at 0x7f48d6bf70a0>,15,20,[3 5],16,17,37,1,16
1,<environment.Job instance at 0x7f48d6bf3f00>,13,15,[4 5],14,31,46,17,17
1,<environment.Job instance at 0x7f48d6bf7500>,22,3,[4 6],23,37,40,14,23
1,<environment.Job instance at 0x7f48d6bf76e0>,23,18,[7 4],24,24,42,0,24
1,<environment.Job instance at 0x7f48d6bf7640>,24,2,[ 3 12],25,46,48,21,25
1,<environment.Job instance at 0x7f48d6bf7b40>,28,2,[5 8],29,42,44,13,30
1,<environment.Job instance at 0x7f48d6bf7e60>,31,13,[4 5],32,48,61,16,32
1,<environment.Job instance at 0x7f48d6bf7d20>,32,14,[8 3],33,44,58,11,33
1,<environment.Job instance at 0x7f48d6bf9f50>,0,2,[6 2],1,1,3,0,1
1,<environment.Job instance at 0x7f48d6bf3690>,1,15,[4 5],2,2,17,0,2
1,<environment.Job instance at 0x7f48d6bf3e60>,2,18,[ 3 10],3,3,21,0,3
1,<environment.Job instance at 0x7f48d6bfb320>,7,12,[7 2],8,17,29,9,17
1,<environment.Job instance at 0x7f48d6bfb0a0>,11,1,[8 4],12,21,22,9,21
1,<environment.Job instance at 0x7f48d6bfb190>,3,13,[3 8],4,22,35,18,22
1,<environment.Job instance at 0x7f48d6bfb690>,13,15,[4 5],14,22,37,8,22
1,<environment.Job instance at 0x7f48d6bfb4b0>,9,17,[8 1],10,29,46,19,29
1,<environment.Job instance at 0x7f48d6bfb230>,10,14,[1 6],11,35,49,24,35
1,<environment.Job instance at 0x7f48d6bfb910>,18,18,[3 6],19,37,55,18,37
1,<environment.Job instance at 0x7f48d6bfbf50>,22,3,[4 6],23,49,52,26,49
1,<environment.Job instance at 0x7f48d6bfbe10>,25,16,[5 3],26,49,65,23,49
1,<environment.Job instance at 0x7f48d6bf90a0>,4,2,[5 8],5,5,7,0,5
1,<environment.Job instance at 0x7f48d66e7d20>,7,15,[6 5],8,8,23,0,8
1,<environment.Job instance at 0x7f48d66e7fa0>,8,2,[1 7],9,9,11,0,9
1,<environment.Job instance at 0x7f48d67c1dc0>,13,2,[9 2],14,14,16,0,14
1,<environment.Job instance at 0x7f48d672b230>,17,13,[3 5],18,18,31,0,18
1,<environment.Job instance at 0x7f48d66e7e60>,5,14,[ 2 10],6,39,53,33,39
1,<environment.Job instance at 0x7f48d6775f00>,16,12,[6 1],17,39,51,22,39
1,<environment.Job instance at 0x7f48d6803690>,24,14,[9 1],25,51,65,26,39
1,<environment.Job instance at 0x7f48d66b6230>,32,2,[10  3],33,65,67,32,45
1,<environment.Job instance at 0x7f48d6bffc80>,3,22,[9 5],4,4,26,0,4
1,<environment.Job instance at 0x7f48d6bffaa0>,4,2,[5 8],5,5,7,0,5
1,<environment.Job instance at 0x7f48d6bffb90>,5,14,[ 2 10],6,7,21,1,7
1,<environment.Job instance at 0x7f48d6bffa00>,8,2,[1 7],9,21,23,12,21
1,<environment.Job instance at 0x7f48d6bff500>,11,14,[ 2 10],12,23,37,11,23
1,<environment.Job instance at 0x7f48d6bffc30>,7,15,[6 5],8,26,41,18,26
1,<environment.Job instance at 0x7f48d6bffb40>,13,2,[9 2],14,37,39,23,37
1,<environment.Job instance at 0x7f48d6bff2d0>,16,12,[6 1],17,39,51,22,39
1,<environment.Job instance at 0x7f48d6bff140>,17,13,[3 5],18,39,52,21,39
1,<environment.Job instance at 0x7f48d6bff640>,6,17,[6 4],7,41,58,34,41
1,<environment.Job instance at 0x7f48d6336050>,0,22,[2 8],1,1,23,0,1
1,<environment.Job instance at 0x7f48d647f7d0>,7,13,[6 5],8,8,21,0,8
1,<environment.Job instance at 0x7f48d6292910>,10,13,[1 7],11,21,34,10,11
1,<environment.Job instance at 0x7f48d631bc80>,13,12,[6 5],14,23,35,9,14
1,<environment.Job instance at 0x7f48d631b320>,16,3,[1 6],17,34,37,17,17
1,<environment.Job instance at 0x7f48d6ea2690>,17,12,[6 1],18,23,35,5,18
1,<environment.Job instance at 0x7f48d62f0cd0>,21,21,[2 7],22,35,56,13,27
1,<environment.Job instance at 0x7f48d6245be0>,27,1,[1 9],28,56,57,28,28
1,<environment.Job instance at 0x7f48d62320f0>,29,3,[14  4],30,56,59,26,30
1,<environment.Job instance at 0x7f48d635cf50>,31,15,[8 1],32,35,50,3,32
1,<environment.Job instance at 0x7f48d635ca00>,33,3,[1 7],34,37,40,3,34
1,<environment.Job instance at 0x7f48d634e7d0>,36,16,[5 3],37,40,56,3,37
1,<environment.Job instance at 0x7f48d64b3230>,0,22,[2 8],1,1,23,0,1
1,<environment.Job instance at 0x7f48e03c5d20>,4,14,[6 5],5,5,19,0,5
1,<environment.Job instance at 0x7f48d634edc0>,7,13,[6 5],8,19,32,11,19
1,<environment.Job instance at 0x7f48d635a0f0>,10,13,[1 7],11,23,36,12,23
1,<environment.Job instance at 0x7f48d63364b0>,6,16,[7 3],7,23,39,16,23
1,<environment.Job instance at 0x7f48d6ec2820>,13,12,[6 5],14,32,44,18,32
1,<environment.Job instance at 0x7f48d6ec2dc0>,12,14,[3 7],13,39,53,26,39
1,<environment.Job instance at 0x7f48d6ec8500>,5,18,[5 3],6,39,57,33,39
1,<environment.Job instance at 0x7f48d62fb870>,17,12,[6 1],18,44,56,26,44
1,<environment.Job instance at 0x7f48d646e410>,0,15,[6 2],1,1,16,0,1
1,<environment.Job instance at 0x7f48d6311280>,3,3,[5 5],4,4,7,0,4
1,<environment.Job instance at 0x7f48d65aa230>,4,13,[2 6],5,5,18,0,5
1,<environment.Job instance at 0x7f48d65ea5f0>,7,1,[ 5 12],8,18,19,10,8
1,<environment.Job instance at 0x7f48d65ea730>,10,2,[14  2],11,19,21,8,11
1,<environment.Job instance at 0x7f48d65c1550>,15,2,[ 1 14],16,21,23,5,16
1,<environment.Job instance at 0x7f48d65c16e0>,18,13,[1 9],19,23,36,4,19
1,<environment.Job instance at 0x7f48d65c1640>,19,3,[ 5 11],20,36,39,16,20
1,<environment.Job instance at 0x7f48d65aaf50>,6,16,[6 2],7,24,40,17,24
1,<environment.Job instance at 0x7f48d65ea0f0>,21,18,[11  2],22,40,58,18,29
1,<environment.Job instance at 0x7f48d65c15f0>,25,14,[5 3],26,58,72,32,43
1,<environment.Job instance at 0x7f48d646e780>,0,15,[6 2],1,1,16,0,1
1,<environment.Job instance at 0x7f48d646eb40>,3,3,[5 5],4,4,7,0,4
1,<environment.Job instance at 0x7f48d646e8c0>,4,13,[2 6],5,5,18,0,5
1,<environment.Job instance at 0x7f48d6645b90>,6,16,[6 2],7,7,23,0,7
1,<environment.Job instance at 0x7f48d646eeb0>,9,14,[3 8],10,18,32,8,18
1,<environment.Job instance at 0x7f48d622a820>,22,18,[4 6],23,23,41,0,23
1,<environment.Job instance at 0x7f48d6645b40>,18,13,[1 9],19,32,45,13,32
1,<environment.Job instance at 0x7f48d6358230>,25,14,[5 3],26,41,55,15,41
1,<environment.Job instance at 0x7f48d66452d0>,14,14,[ 4 10],15,45,59,30,45
1,<environment.Job instance at 0x7f48d733d550>,2,2,[ 3 12],3,3,5,0,3
1,<environment.Job instance at 0x7f48d733d050>,3,1,[10  3],4,4,5,0,4
1,<environment.Job instance at 0x7f48d6fd60a0>,10,13,[5 1],11,11,24,0,11
1,<environment.Job instance at 0x7f48d6fd63c0>,8,17,[10  2],9,14,31,5,14
1,<environment.Job instance at 0x7f48d7035cd0>,13,2,[11  2],14,31,33,17,14
1,<environment.Job instance at 0x7f48d646e460>,9,17,[ 5 11],10,33,50,23,21
1,<environment.Job instance at 0x7f48d6cc9a50>,16,17,[11  1],17,50,67,33,38
1,<environment.Job instance at 0x7f48d6f7ae10>,17,13,[ 4 12],18,50,63,32,38
1,<environment.Job instance at 0x7f48d634d780>,3,1,[10  3],4,4,5,0,4
1,<environment.Job instance at 0x7f48d6ec2dc0>,8,17,[10  2],9,9,26,0,9
1,<environment.Job instance at 0x7f48d6358fa0>,10,13,[5 1],11,11,24,0,11
1,<environment.Job instance at 0x7f48d646e140>,15,15,[3 5],16,24,39,8,24
1,<environment.Job instance at 0x7f48d646e780>,19,13,[10  1],20,26,39,6,26
1,<environment.Job instance at 0x7f48d6354a00>,26,1,[3 8],27,39,40,12,39
1,<environment.Job instance at 0x7f48d6c5a190>,27,15,[5 6],28,39,54,11,39
1,<environment.Job instance at 0x7f48d6a3dd20>,31,1,[7 2],32,40,41,8,40
1,<environment.Job instance at 0x7f48d7756190>,29,17,[3 5],30,40,57,10,40
1,<environment.Job instance at 0x7f48d6a3d9b0>,35,2,[6 4],36,41,43,5,41
1,<environment.Job instance at 0x7f48d71bee60>,42,16,[7 4],43,43,59,0,43
1,<environment.Job instance at 0x7f48d70ac690>,3,2,[ 5 11],4,4,6,0,4
1,<environment.Job instance at 0x7f48d70acd20>,4,1,[10  4],5,5,6,0,5
1,<environment.Job instance at 0x7f48d70ac820>,6,12,[ 3 10],7,7,19,0,7
1,<environment.Job instance at 0x7f48d688c5f0>,7,3,[8 3],8,8,11,0,8
1,<environment.Job instance at 0x7f48d688c5a0>,10,12,[6 2],11,11,23,0,11
1,<environment.Job instance at 0x7f48d6dad370>,11,2,[5 1],12,15,17,3,15
1,<environment.Job instance at 0x7f48d6dad910>,21,22,[6 1],22,22,44,0,22
1,<environment.Job instance at 0x7f48d6dadf50>,22,14,[3 5],23,23,37,0,23
1,<environment.Job instance at 0x7f48d6d94780>,23,21,[5 1],24,24,45,0,24
1,<environment.Job instance at 0x7f48d6d94be0>,24,1,[8 5],25,44,45,19,25
1,<environment.Job instance at 0x7f48d6d94af0>,30,3,[5 4],31,45,48,14,31
1,<environment.Job instance at 0x7f48d6d94aa0>,32,1,[ 5 14],33,48,49,15,34
1,<environment.Job instance at 0x7f48d6d94e10>,34,2,[10  1],35,45,47,10,35
1,<environment.Job instance at 0x7f48d6d94910>,31,14,[ 4 13],32,49,63,17,36
1,<environment.Job instance at 0x7f48d6d940f0>,33,13,[5 7],34,63,76,29,47
1,<environment.Job instance at 0x7f48d7629640>,38,3,[11  1],39,49,52,10,47
1,<environment.Job instance at 0x7f48d71ae730>,40,2,[9 1],41,47,49,6,47
1,<environment.Job instance at 0x7f48d69b3e60>,0,17,[2 6],1,1,18,0,1
1,<environment.Job instance at 0x7f48d6ec2820>,2,17,[8 5],3,3,20,0,3
1,<environment.Job instance at 0x7f48e03c5d20>,6,12,[ 3 10],7,18,30,11,18
1,<environment.Job instance at 0x7f48d635a0f0>,4,1,[10  4],5,20,21,15,20
1,<environment.Job instance at 0x7f48d6dad4b0>,11,2,[5 1],12,21,23,9,21
1,<environment.Job instance at 0x7f48d6dad550>,10,12,[6 2],11,21,33,10,21
1,<environment.Job instance at 0x7f48d635aaa0>,7,3,[8 3],8,30,33,22,30
1,<environment.Job instance at 0x7f48d6d94b90>,14,12,[1 8],15,30,42,15,30
1,<environment.Job instance at 0x7f48d6cc90a0>,24,1,[8 5],25,33,34,8,33
1,<environment.Job instance at 0x7f48d70a8280>,22,14,[3 5],23,34,48,11,34
1,<environment.Job instance at 0x7f48d70ac9b0>,19,18,[10  2],20,34,52,14,34
1,<environment.Job instance at 0x7f48d635aaf0>,8,17,[1 7],9,42,59,33,42
1,<environment.Job instance at 0x7f48d6a79e60>,0,1,[11  3],1,1,2,0,1
1,<environment.Job instance at 0x7f48d6a790f0>,1,15,[4 8],2,2,17,0,2
1,<environment.Job instance at 0x7f48d5ee14b0>,2,2,[8 1],3,3,5,0,3
1,<environment.Job instance at 0x7f48d5ee15a0>,3,1,[10  2],4,5,6,1,4
1,<environment.Job instance at 0x7f48d5ee13c0>,6,14,[5 3],7,7,21,0,7
1,<environment.Job instance at 0x7f48d5ee17d0>,7,14,[8 5],8,17,31,9,8
1,<environment.Job instance at 0x7f48d5ee1b90>,12,1,[8 5],13,31,32,18,13
1,<environment.Job instance at 0x7f48d5ee1c30>,13,14,[2 8],14,21,35,7,14
1,<environment.Job instance at 0x7f48d71be960>,15,2,[7 1],16,32,34,16,16
1,<environment.Job instance at 0x7f48d5ee1f50>,18,2,[4 6],19,32,34,13,19
1,<environment.Job instance at 0x7f48d6888230>,20,14,[7 1],21,34,48,13,21
1,<environment.Job instance at 0x7f48d5ee1eb0>,17,16,[8 3],18,35,51,17,25
1,<environment.Job instance at 0x7f48d5ee1e10>,14,15,[10  3],15,51,66,36,37
1,<environment.Job instance at 0x7f48d6888500>,23,14,[ 3 10],24,48,62,24,37
1,<environment.Job instance at 0x7f48d6888a50>,29,3,[ 2 14],30,66,69,36,43
1,<environment.Job instance at 0x7f48d6888b90>,31,2,[1 7],32,62,64,30,43
1,<environment.Job instance at 0x7f48d6888910>,27,3,[5 8],28,69,72,41,48
1,<environment.Job instance at 0x7f48d6a2c230>,1,15,[4 8],2,2,17,0,2
1,<environment.Job instance at 0x7f48d6a2cdc0>,2,2,[8 1],3,3,5,0,3
1,<environment.Job instance at 0x7f48d6a2caf0>,3,1,[10  2],4,5,6,1,5
1,<environment.Job instance at 0x7f48d6c8a3c0>,6,14,[5 3],7,7,21,0,7
1,<environment.Job instance at 0x7f48d6cc9500>,12,1,[8 5],13,17,18,4,17
1,<environment.Job instance at 0x7f48d6cc9cd0>,15,2,[7 1],16,18,20,2,18
1,<environment.Job instance at 0x7f48d6cc9190>,13,14,[2 8],14,18,32,4,18
1,<environment.Job instance at 0x7f48d70a8280>,17,16,[8 3],18,20,36,2,20
1,<environment.Job instance at 0x7f48d6cc9aa0>,18,2,[4 6],19,32,34,13,32
1,<environment.Job instance at 0x7f48d70ac9b0>,20,14,[7 1],21,34,48,13,34
1,<environment.Job instance at 0x7f48d6c8a8c0>,7,14,[8 5],8,36,50,28,36
1,<environment.Job instance at 0x7f48d7629050>,23,14,[ 3 10],24,48,62,24,48
1,<environment.Job instance at 0x7f48d6cc58c0>,3,1,[ 2 11],4,4,5,0,4
1,<environment.Job instance at 0x7f48d6cc50a0>,4,14,[3 6],5,5,19,0,5
1,<environment.Job instance at 0x7f48d6cc5a50>,7,1,[ 2 11],8,19,20,11,8
1,<environment.Job instance at 0x7f48d63d23c0>,8,16,[2 6],9,20,36,11,9
1,<environment.Job instance at 0x7f48d6cc5730>,12,22,[1 6],13,20,42,7,15
1,<environment.Job instance at 0x7f48d63d2a00>,16,3,[5 9],17,36,39,19,17
1,<environment.Job instance at 0x7f48d63d2b90>,19,3,[2 7],20,39,42,19,20
1,<environment.Job instance at 0x7f48d63d2c80>,13,27,[5 1],14,39,66,25,37
1,<environment.Job instance at 0x7f48d63d2f50>,21,3,[4 7],22,42,45,20,37
1,<environment.Job instance at 0x7f48d63d22d0>,22,18,[ 2 10],23,45,63,22,37
1,<environment.Job instance at 0x7f48d6748870>,23,17,[7 1],24,45,62,21,37
1,<environment.Job instance at 0x7f48d63d2140>,20,13,[ 1 10],21,63,76,42,47
1,<environment.Job instance at 0x7f48d67489b0>,25,2,[6 3],26,62,64,36,47
1,<environment.Job instance at 0x7f48d6888730>,1,17,[2 8],2,2,19,0,2
1,<environment.Job instance at 0x7f48d6ec2820>,4,14,[3 6],5,5,19,0,5
1,<environment.Job instance at 0x7f48d7754e60>,16,3,[5 9],17,19,22,2,19
1,<environment.Job instance at 0x7f48d6dad4b0>,8,16,[2 6],9,19,35,10,19
1,<environment.Job instance at 0x7f48d6cc9e10>,19,3,[2 7],20,22,25,2,22
1,<environment.Job instance at 0x7f48d6cc9690>,21,3,[4 7],22,25,28,3,25
1,<environment.Job instance at 0x7f48d6cc9b40>,23,17,[7 1],24,25,42,1,25
1,<environment.Job instance at 0x7f48d6c8ac30>,24,18,[3 8],25,28,46,3,28
1,<environment.Job instance at 0x7f48d6d94b40>,12,22,[1 6],13,35,57,22,35
1,<environment.Job instance at 0x7f48d6c8af00>,25,2,[6 3],26,46,48,20,46
1,<environment.Job instance at 0x7f48d6a2ce60>,31,14,[3 6],32,48,62,16,48
1,<environment.Job instance at 0x7f48d6a2cc30>,32,3,[9 2],33,48,51,15,48
1,<environment.Job instance at 0x7f48d64ab2d0>,1,17,[2 6],2,2,19,0,2
1,<environment.Job instance at 0x7f48d64ab8c0>,4,12,[ 1 10],5,19,31,14,5
1,<environment.Job instance at 0x7f48d5f596e0>,10,2,[1 6],11,11,13,0,11
1,<environment.Job instance at 0x7f48d5f59c80>,11,15,[5 1],12,12,27,0,12
1,<environment.Job instance at 0x7f48d5f59730>,14,18,[6 3],15,35,53,20,35
1,<environment.Job instance at 0x7f48d6888320>,1,17,[2 6],2,2,19,0,2
1,<environment.Job instance at 0x7f48d6017190>,6,14,[9 5],7,7,21,0,7
1,<environment.Job instance at 0x7f48d6610140>,10,2,[1 6],11,19,21,8,19
1,<environment.Job instance at 0x7f48d6610f50>,11,15,[5 1],12,19,34,7,19
1,<environment.Job instance at 0x7f48d64ab050>,4,12,[ 1 10],5,21,33,16,21
1,<environment.Job instance at 0x7f48d6610f00>,14,18,[6 3],15,21,39,6,21
1,<environment.Job instance at 0x7f48d60c74b0>,16,12,[4 7],17,33,45,16,33
1,<environment.Job instance at 0x7f48d60c7a50>,19,3,[3 5],20,39,42,19,39
1,<environment.Job instance at 0x7f48d60c7e10>,20,16,[2 7],21,42,58,21,42
1,<environment.Job instance at 0x7f48d60c7820>,24,2,[2 8],25,45,47,20,45
1,<environment.Job instance at 0x7f48d6610aa0>,9,17,[2 8],10,47,64,37,47
1,<environment.Job instance at 0x7f48d78207d0>,2,1,[ 2 11],3,3,4,0,3
1,<environment.Job instance at 0x7f48d7820910>,4,12,[3 5],5,5,17,0,5
1,<environment.Job instance at 0x7f48d7820a50>,8,3,[10  3],9,9,12,0,9
1,<environment.Job instance at 0x7f48d7820d20>,9,19,[6 4],10,12,31,2,10
1,<environment.Job instance at 0x7f48d6bac4b0>,11,14,[3 5],12,12,26,0,12
1,<environment.Job instance at 0x7f48d6bac410>,12,3,[2 8],13,26,29,13,16
1,<environment.Job instance at 0x7f48d6bacd20>,18,2,[7 2],19,26,28,7,19
1,<environment.Job instance at 0x7f48d7815af0>,26,21,[5 4],27,29,50,2,27
1,<environment.Job instance at 0x7f48d7815aa0>,28,23,[7 3],29,31,54,2,30
1,<environment.Job instance at 0x7f48d7815b90>,31,12,[5 6],32,50,62,18,35
1,<environment.Job instance at 0x7f48d7815690>,32,1,[ 4 10],33,62,63,29,35
1,<environment.Job instance at 0x7f48d7815e60>,36,1,[8 1],37,54,55,17,38
1,<environment.Job instance at 0x7f48d7815320>,38,2,[7 2],39,55,57,16,39
1,<environment.Job instance at 0x7f48d7815a00>,39,1,[1 5],40,40,41,0,40
1,<environment.Job instance at 0x7f48d7815500>,40,1,[1 6],41,41,42,0,41
1,<environment.Job instance at 0x7f48d6e942d0>,43,1,[11  1],44,62,63,18,44
1,<environment.Job instance at 0x7f48d7815780>,25,12,[ 4 13],26,63,75,37,48
1,<environment.Job instance at 0x7f48d5fb24b0>,1,16,[1 8],2,2,18,0,2
1,<environment.Job instance at 0x7f48d5fb25a0>,4,12,[3 5],5,5,17,0,5
1,<environment.Job instance at 0x7f48d5fb2e60>,8,3,[10  3],9,17,20,8,17
1,<environment.Job instance at 0x7f48d66106e0>,14,1,[ 1 10],15,18,19,3,18
1,<environment.Job instance at 0x7f48d6610f00>,12,3,[2 8],13,19,22,6,19
1,<environment.Job instance at 0x7f48d66109b0>,13,14,[8 1],14,20,34,6,20
1,<environment.Job instance at 0x7f48d5fb2640>,11,14,[3 5],12,20,34,8,20
1,<environment.Job instance at 0x7f48d6610910>,18,2,[7 2],19,34,36,15,34
1,<environment.Job instance at 0x7f48d5fb2cd0>,5,14,[5 8],6,34,48,28,34
1,<environment.Job instance at 0x7f48d7820050>,20,13,[6 5],21,36,49,15,36
1,<environment.Job instance at 0x7f48d6e94370>,31,12,[5 6],32,48,60,16,48
1,<environment.Job instance at 0x7f48d6610f50>,15,17,[9 1],16,49,66,33,49
1,<environment.Job instance at 0x7f48d69d2690>,5,15,[6 5],6,6,21,0,6
1,<environment.Job instance at 0x7f48d69d2b90>,6,1,[2 5],7,7,8,0,7
1,<environment.Job instance at 0x7f48d69d2c30>,7,2,[13  5],8,21,23,13,8
1,<environment.Job instance at 0x7f48d77686e0>,17,16,[4 5],18,24,40,6,24
1,<environment.Job instance at 0x7f48d7090aa0>,22,2,[2 5],23,25,27,2,25
1,<environment.Job instance at 0x7f48d5ffd4b0>,24,12,[ 2 13],25,40,52,15,25
1,<environment.Job instance at 0x7f48d5ffd7d0>,25,1,[4 9],26,27,28,1,26
1,<environment.Job instance at 0x7f48d7090410>,20,23,[7 1],21,31,54,10,31
1,<environment.Job instance at 0x7f48d5ffd3c0>,26,15,[5 7],27,52,67,25,41
1,<environment.Job instance at 0x7f48d5ffd500>,29,1,[10  1],30,54,55,24,41
1,<environment.Job instance at 0x7f48d7333aa0>,30,12,[8 1],31,55,67,24,41
1,<environment.Job instance at 0x7f48d6888f50>,0,21,[9 1],1,1,22,0,1
1,<environment.Job instance at 0x7f48d6888320>,1,18,[5 8],2,2,20,0,2
1,<environment.Job instance at 0x7f48d6610f00>,6,1,[2 5],7,20,21,13,20
1,<environment.Job instance at 0x7f48d6610140>,5,15,[6 5],6,21,36,15,21
1,<environment.Job instance at 0x7f48d5ffdd70>,14,12,[3 8],15,22,34,7,22
1,<environment.Job instance at 0x7f48d63740f0>,16,13,[1 9],17,34,47,17,34
1,<environment.Job instance at 0x7f48d6062e60>,22,2,[2 5],23,36,38,13,36
1,<environment.Job instance at 0x7f48d63746e0>,23,16,[8 4],24,38,54,14,38
1,<environment.Job instance at 0x7f48d77ece10>,25,1,[4 9],26,47,48,21,47
1,<environment.Job instance at 0x7f48d68aec80>,26,15,[5 7],27,48,63,21,48
1,<environment.Job instance at 0x7f48d64aad20>,0,2,[5 5],1,1,3,0,1
1,<environment.Job instance at 0x7f48d658f640>,2,3,[1 6],3,3,6,0,3
1,<environment.Job instance at 0x7f48d658f0f0>,4,3,[4 9],5,5,8,0,5
1,<environment.Job instance at 0x7f48d658ffa0>,6,2,[10  3],7,7,9,0,7
1,<environment.Job instance at 0x7f48d622c7d0>,10,14,[6 4],11,11,25,0,11
1,<environment.Job instance at 0x7f48d64aa690>,9,18,[3 6],10,13,31,3,13
1,<environment.Job instance at 0x7f48d622c910>,13,3,[1 6],14,25,28,11,14
1,<environment.Job instance at 0x7f48d60d05f0>,17,12,[6 1],18,18,30,0,18
1,<environment.Job instance at 0x7f48d60d0960>,18,2,[ 3 10],19,31,33,12,19
1,<environment.Job instance at 0x7f48d60d0820>,19,3,[5 1],20,25,28,5,20
1,<environment.Job instance at 0x7f48d60d0370>,20,2,[11  4],21,30,32,9,27
1,<environment.Job instance at 0x7f48d60d05a0>,16,14,[7 5],17,33,47,16,33
1,<environment.Job instance at 0x7f48d60d0690>,22,1,[5 1],23,33,34,10,33
1,<environment.Job instance at 0x7f48d60d0be0>,21,14,[9 5],22,47,61,25,33
1,<environment.Job instance at 0x7f48d6288320>,32,2,[ 5 12],33,61,63,28,46
1,<environment.Job instance at 0x7f48d76ae0f0>,0,2,[5 5],1,1,3,0,1
1,<environment.Job instance at 0x7f48d76b5910>,2,3,[1 6],3,3,6,0,3
1,<environment.Job instance at 0x7f48d76b5960>,4,3,[4 9],5,5,8,0,5
1,<environment.Job instance at 0x7f48d76b58c0>,6,2,[10  3],7,7,9,0,7
1,<environment.Job instance at 0x7f48d76aeaa0>,5,12,[ 2 10],6,8,20,2,8
1,<environment.Job instance at 0x7f48d76a09b0>,10,14,[6 4],11,11,25,0,11
1,<environment.Job instance at 0x7f48d76a1460>,13,3,[1 6],14,20,23,6,20
1,<environment.Job instance at 0x7f48d6ed4960>,17,12,[6 1],18,20,32,2,20
1,<environment.Job instance at 0x7f48d76ac410>,18,2,[ 3 10],19,23,25,4,23
1,<environment.Job instance at 0x7f48d76acd70>,19,3,[5 1],20,25,28,5,25
1,<environment.Job instance at 0x7f48d6ed4690>,8,16,[2 6],9,25,41,16,25
1,<environment.Job instance at 0x7f48d76c7640>,22,1,[5 1],23,28,29,5,28
1,<environment.Job instance at 0x7f48d76ac9b0>,16,14,[7 5],17,29,43,12,29
1,<environment.Job instance at 0x7f48d6c39190>,29,12,[8 2],30,41,53,11,41
1,<environment.Job instance at 0x7f48d769c230>,36,1,[5 7],37,43,44,6,43
1,<environment.Job instance at 0x7f48d769c280>,37,18,[1 5],38,43,61,5,43
1,<environment.Job instance at 0x7f48d769c780>,39,3,[5 3],40,44,47,4,44
1,<environment.Job instance at 0x7f48d6c58640>,42,12,[4 8],43,47,59,4,47
1,<environment.Job instance at 0x7f48d64953c0>,1,14,[4 9],2,2,16,0,2
1,<environment.Job instance at 0x7f48d64956e0>,4,12,[4 8],5,16,28,11,5
1,<environment.Job instance at 0x7f48d64955f0>,7,1,[5 1],8,8,9,0,8
1,<environment.Job instance at 0x7f48d6495280>,9,12,[ 3 12],10,28,40,18,11
1,<environment.Job instance at 0x7f48d6495960>,13,1,[ 1 14],14,40,41,26,14
1,<environment.Job instance at 0x7f48d6495870>,15,12,[ 3 10],16,41,53,25,24
1,<environment.Job instance at 0x7f48d6495be0>,19,14,[ 2 11],20,53,67,33,38
1,<environment.Job instance at 0x7f48d6495d20>,0,17,[2 7],1,1,18,0,1
1,<environment.Job instance at 0x7f48d6852fa0>,4,12,[4 8],5,5,17,0,5
1,<environment.Job instance at 0x7f48d6852f50>,7,1,[5 1],8,17,18,9,17
1,<environment.Job instance at 0x7f48d6852780>,14,16,[5 5],15,17,33,2,17
1,<environment.Job instance at 0x7f48d6852820>,15,12,[ 3 10],16,18,30,2,18
1,<environment.Job instance at 0x7f48d6852eb0>,18,13,[3 9],19,30,43,11,30
1,<environment.Job instance at 0x7f48d6852640>,17,13,[8 5],18,33,46,15,33
1,<environment.Job instance at 0x7f48d6831410>,22,2,[6 4],23,43,45,20,43
1,<environment.Job instance at 0x7f48d6831e10>,23,2,[3 5],24,45,47,21,45
1,<environment.Job instance at 0x7f48d6831c30>,24,15,[2 5],25,45,60,20,45
1,<environment.Job instance at 0x7f48d6831550>,20,16,[6 5],21,46,62,25,46
1,<environment.Job instance at 0x7f48d6852730>,16,17,[4 5],17,47,64,30,47
1,<environment.Job instance at 0x7f48d6d9a910>,3,2,[ 5 13],4,4,6,0,4
1,<environment.Job instance at 0x7f48d6d9afa0>,6,12,[3 5],7,7,19,0,7
1,<environment.Job instance at 0x7f48d6de3190>,5,1,[4 9],6,8,9,2,8
1,<environment.Job instance at 0x7f48d77fcd20>,17,14,[1 7],18,18,32,0,18
1,<environment.Job instance at 0x7f48d6603c80>,18,2,[ 2 10],19,32,34,13,19
1,<environment.Job instance at 0x7f48d77ebaa0>,22,2,[2 6],23,23,25,0,23
1,<environment.Job instance at 0x7f48d6babcd0>,26,3,[1 9],27,34,37,7,27
1,<environment.Job instance at 0x7f48d5f17af0>,30,2,[9 1],31,31,33,0,31
1,<environment.Job instance at 0x7f48d7389500>,31,14,[1 8],32,37,51,5,32
1,<environment.Job instance at 0x7f48d6a3fcd0>,32,12,[5 6],33,34,46,1,33
1,<environment.Job instance at 0x7f48d73fb410>,33,3,[ 1 14],34,51,54,17,34
1,<environment.Job instance at 0x7f48d5f4e2d0>,34,12,[5 1],35,37,49,2,35
1,<environment.Job instance at 0x7f48d6185140>,38,14,[6 3],39,54,68,15,39
1,<environment.Job instance at 0x7f48d6185640>,40,3,[1 9],41,54,57,13,41
1,<environment.Job instance at 0x7f48d61a8e10>,45,2,[12  3],46,49,51,3,46
1,<environment.Job instance at 0x7f48d6c69960>,28,13,[ 4 10],29,57,70,28,46
1,<environment.Job instance at 0x7f48d6838190>,0,20,[4 5],1,1,21,0,1
1,<environment.Job instance at 0x7f48d6838eb0>,2,17,[2 6],3,3,20,0,3
1,<environment.Job instance at 0x7f48d68520f0>,7,21,[9 2],8,8,29,0,8
1,<environment.Job instance at 0x7f48d771a7d0>,5,1,[4 9],6,21,22,15,21
1,<environment.Job instance at 0x7f48d6852960>,6,12,[3 5],7,22,34,15,22
1,<environment.Job instance at 0x7f48d6852f50>,14,13,[7 5],15,29,42,14,29
1,<environment.Job instance at 0x7f48d6852280>,15,13,[1 8],16,34,47,18,34
1,<environment.Job instance at 0x7f48d5e9daa0>,17,14,[1 7],18,42,56,24,42
1,<environment.Job instance at 0x7f48d68529b0>,13,15,[10  1],14,47,62,33,47
1,<environment.Job instance at 0x7f48d63b3d20>,22,2,[2 6],23,47,49,24,47
1,<environment.Job instance at 0x7f48d6852910>,9,17,[4 7],10,49,66,39,49
1,<environment.Job instance at 0x7f48d67cf2d0>,2,2,[ 2 13],3,3,5,0,3
1,<environment.Job instance at 0x7f48d67cf7d0>,8,12,[1 8],9,9,21,0,9
1,<environment.Job instance at 0x7f48d67cf370>,9,16,[5 1],10,10,26,0,10
1,<environment.Job instance at 0x7f48d67cf8c0>,13,3,[14  5],14,26,29,12,14
1,<environment.Job instance at 0x7f48d67be050>,16,1,[8 1],17,17,18,0,17
1,<environment.Job instance at 0x7f48d67be2d0>,18,15,[6 2],19,29,44,10,19
1,<environment.Job instance at 0x7f48d67be1e0>,19,2,[10  4],20,21,23,1,20
1,<environment.Job instance at 0x7f48d67be3c0>,22,1,[12  2],23,44,45,21,23
1,<environment.Job instance at 0x7f48d67cfeb0>,5,12,[1 7],6,25,37,19,25
1,<environment.Job instance at 0x7f48d67cfd70>,25,3,[12  1],26,45,48,19,27
1,<environment.Job instance at 0x7f48d67be690>,29,1,[14  5],30,48,49,18,30
1,<environment.Job instance at 0x7f48d6832460>,0,18,[6 5],1,1,19,0,1
1,<environment.Job instance at 0x7f48d6b851e0>,5,12,[1 7],6,6,18,0,6
1,<environment.Job instance at 0x7f48d6832be0>,9,16,[5 1],10,10,26,0,10
1,<environment.Job instance at 0x7f48d683ec30>,8,12,[1 8],9,18,30,9,18
1,<environment.Job instance at 0x7f48d6292eb0>,11,14,[4 5],12,19,33,7,19
1,<environment.Job instance at 0x7f48d62925f0>,16,1,[8 1],17,26,27,9,26
1,<environment.Job instance at 0x7f48d6292e60>,14,14,[1 7],15,30,44,15,30
1,<environment.Job instance at 0x7f48d7230140>,18,15,[6 2],19,30,45,11,30
1,<environment.Job instance at 0x7f48d5ec3960>,12,18,[2 5],13,33,51,20,33
1,<environment.Job instance at 0x7f48d6292690>,17,14,[5 7],18,44,58,26,44
1,<environment.Job instance at 0x7f48d68e3d20>,3,12,[5 8],4,4,16,0,4
1,<environment.Job instance at 0x7f48d68e35f0>,5,14,[3 8],6,16,30,10,6
1,<environment.Job instance at 0x7f48d60a2af0>,7,12,[2 7],8,8,20,0,8
1,<environment.Job instance at 0x7f48d70265f0>,12,12,[11  5],13,20,32,7,13
1,<environment.Job instance at 0x7f48d7026230>,8,14,[ 4 10],9,30,44,21,16
1,<environment.Job instance at 0x7f48d7026b40>,14,13,[7 4],15,32,45,17,16
1,<environment.Job instance at 0x7f48d68e3d70>,9,18,[4 6],10,44,62,34,38
1,<environment.Job instance at 0x7f48d7026050>,10,20,[9 4],11,45,65,34,39
1,<environment.Job instance at 0x7f48d60a27d0>,3,12,[5 8],4,4,16,0,4
1,<environment.Job instance at 0x7f48d60a2b40>,6,12,[10  1],7,7,19,0,7
1,<environment.Job instance at 0x7f48d702adc0>,7,12,[2 7],8,16,28,8,16
1,<environment.Job instance at 0x7f48d702a6e0>,14,13,[7 4],15,19,32,4,19
1,<environment.Job instance at 0x7f48d702ab90>,5,14,[3 8],6,28,42,22,28
1,<environment.Job instance at 0x7f48d702ad70>,17,16,[6 2],18,32,48,14,32
1,<environment.Job instance at 0x7f48d702ae60>,8,14,[ 4 10],9,42,56,33,42
1,<environment.Job instance at 0x7f48d68beaf0>,20,16,[7 2],21,48,64,27,48
1,<environment.Job instance at 0x7f48d6612af0>,19,2,[9 3],20,20,22,0,20
1,<environment.Job instance at 0x7f48d66129b0>,25,1,[10  1],26,26,27,0,26
1,<environment.Job instance at 0x7f48d6a385f0>,28,2,[5 9],29,29,31,0,29
1,<environment.Job instance at 0x7f48d6a38730>,31,14,[5 1],32,32,46,0,32
1,<environment.Job instance at 0x7f48d6a38230>,33,1,[13  3],34,46,47,12,34
1,<environment.Job instance at 0x7f48d6a389b0>,37,12,[7 1],38,47,59,9,38
1,<environment.Job instance at 0x7f48d63d6460>,48,1,[ 5 10],49,49,50,0,49
1,<environment.Job instance at 0x7f48d702a500>,0,16,[9 4],1,1,17,0,1
1,<environment.Job instance at 0x7f48d702adc0>,2,14,[ 2 10],3,3,17,0,3
1,<environment.Job instance at 0x7f48d6a38370>,8,13,[3 9],9,17,30,8,17
1,<environment.Job instance at 0x7f48d702af50>,6,16,[5 5],7,17,33,10,17
1,<environment.Job instance at 0x7f48d6a38640>,9,2,[ 3 10],10,30,32,20,30
1,<environment.Job instance at 0x7f48d702a4b0>,4,16,[ 3 10],5,32,48,27,32
1,<environment.Job instance at 0x7f48d6244a00>,11,18,[9 5],12,33,51,21,33
1,<environment.Job instance at 0x7f48d6244b90>,13,3,[1 9],14,48,51,34,48
1,<environment.Job instance at 0x7f48d77d69b0>,6,1,[6 5],7,7,8,0,7
1,<environment.Job instance at 0x7f48d77d6a50>,7,12,[2 8],8,8,20,0,8
1,<environment.Job instance at 0x7f48d77c4050>,15,14,[3 9],16,20,34,4,16
1,<environment.Job instance at 0x7f48d77c40f0>,16,1,[10  5],17,17,18,0,17
1,<environment.Job instance at 0x7f48d77d6af0>,20,16,[ 3 12],21,38,54,17,38
1,<environment.Job instance at 0x7f48d5fa6050>,4,18,[1 8],5,5,23,0,5
1,<environment.Job instance at 0x7f48d5fa62d0>,5,18,[2 7],6,6,24,0,6
1,<environment.Job instance at 0x7f48d5fa6a50>,6,1,[6 5],7,23,24,16,23
1,<environment.Job instance at 0x7f48d6cf4050>,7,12,[2 8],8,24,36,16,24
1,<environment.Job instance at 0x7f48d5fa65a0>,11,14,[1 7],12,24,38,12,24
1,<environment.Job instance at 0x7f48d60c1410>,16,1,[10  5],17,36,37,19,36
1,<environment.Job instance at 0x7f48d60c1af0>,17,14,[5 3],18,37,51,19,37
1,<environment.Job instance at 0x7f48d5fa6d70>,12,18,[6 4],13,37,55,24,37
1,<environment.Job instance at 0x7f48d73b0910>,1,16,[7 2],2,2,18,0,2
1,<environment.Job instance at 0x7f48d73b0640>,2,1,[ 1 14],3,18,19,15,3
1,<environment.Job instance at 0x7f48d73b0cd0>,5,2,[3 6],6,6,8,0,6
1,<environment.Job instance at 0x7f48d609da00>,10,20,[1 8],11,19,39,8,12
1,<environment.Job instance at 0x7f48d609d050>,13,14,[10  2],14,19,33,5,14
1,<environment.Job instance at 0x7f48d5fa6140>,1,16,[7 2],2,2,18,0,2
1,<environment.Job instance at 0x7f48d5fa65a0>,5,2,[3 6],6,6,8,0,6
1,<environment.Job instance at 0x7f48d73b0460>,10,20,[1 8],11,11,31,0,11
1,<environment.Job instance at 0x7f48d5fa6a50>,11,22,[7 2],12,12,34,0,12
1,<environment.Job instance at 0x7f48d73b0a50>,12,13,[7 4],13,18,31,5,18
1,<environment.Job instance at 0x7f48d5f0c2d0>,17,3,[2 7],18,31,34,13,31
1,<environment.Job instance at 0x7f48d5f0c9b0>,19,12,[3 9],20,34,46,14,34
1,<environment.Job instance at 0x7f48d5fa62d0>,8,14,[10  2],9,34,48,25,34
1,<environment.Job instance at 0x7f48d5f0c780>,23,15,[2 8],24,46,61,22,46
1,<environment.Job instance at 0x7f48d6cfadc0>,25,12,[6 1],26,48,60,22,48
1,<environment.Job instance at 0x7f48d6cfa190>,29,1,[7 4],30,48,49,18,48
1,<environment.Job instance at 0x7f48d5f0cdc0>,22,18,[6 1],23,49,67,26,49
1,<environment.Job instance at 0x7f48d603bf50>,4,2,[5 7],5,5,7,0,5
1,<environment.Job instance at 0x7f48d603b5a0>,5,14,[ 4 10],6,7,21,1,6
1,<environment.Job instance at 0x7f48d779a320>,10,2,[ 1 13],11,21,23,10,11
1,<environment.Job instance at 0x7f48d6483550>,15,2,[8 2],16,16,18,0,16
1,<environment.Job instance at 0x7f48e03bea00>,17,21,[9 1],18,21,42,3,21
1,<environment.Job instance at 0x7f48d6a36910>,24,1,[ 2 13],25,25,26,0,25
1,<environment.Job instance at 0x7f48d71e0780>,28,15,[2 5],29,29,44,0,29
1,<environment.Job instance at 0x7f48d744bbe0>,23,14,[5 5],24,42,56,18,30
1,<environment.Job instance at 0x7f48d6f93370>,30,3,[7 3],31,42,45,11,31
1,<environment.Job instance at 0x7f48d6174e60>,32,1,[3 6],33,33,34,0,33
1,<environment.Job instance at 0x7f48d7628eb0>,33,16,[1 9],34,45,61,11,35
1,<environment.Job instance at 0x7f48d6428a50>,0,20,[ 1 10],1,1,21,0,1
1,<environment.Job instance at 0x7f48d75a3e60>,4,2,[5 7],5,21,23,16,21
1,<environment.Job instance at 0x7f48d6b7a140>,6,15,[4 8],7,21,36,14,21
1,<environment.Job instance at 0x7f48d779a460>,1,18,[2 7],2,23,41,21,23
1,<environment.Job instance at 0x7f48d73f8fa0>,15,2,[8 2],16,36,38,20,36
1,<environment.Job instance at 0x7f48d5e6ce60>,19,16,[1 7],20,38,54,18,38
1,<environment.Job instance at 0x7f48d6063230>,21,18,[1 6],22,41,59,19,41
1,<environment.Job instance at 0x7f33d9ac98c0>,0,2,[6 2],1,1,3,0,1
1,<environment.Job instance at 0x7f33d9ac9910>,1,15,[4 5],2,2,17,0,2
1,<environment.Job instance at 0x7f33d0473910>,3,13,[3 8],4,4,17,0,4
1,<environment.Job instance at 0x7f33d0473af0>,7,12,[7 2],8,8,20,0,8
1,<environment.Job instance at 0x7f33d9ac9aa0>,10,14,[1 6],11,17,31,6,11
1,<environment.Job instance at 0x7f33d0473dc0>,11,1,[8 4],12,20,21,8,12
1,<environment.Job instance at 0x7f33d0473f00>,12,13,[ 2 12],13,31,44,18,20
1,<environment.Job instance at 0x7f33d0476640>,22,3,[4 6],23,23,26,0,23
1,<environment.Job instance at 0x7f33d04767d0>,24,2,[ 3 12],25,44,46,19,26
1,<environment.Job instance at 0x7f33d0476780>,28,2,[5 8],29,29,31,0,29
1,<environment.Job instance at 0x7f33d0473e60>,13,15,[4 5],14,46,61,32,32
1,<environment.Job instance at 0x7f33d0476dc0>,31,13,[4 5],32,46,59,14,32
1,<environment.Job instance at 0x7f33d04790f0>,35,3,[9 5],36,59,62,23,36
1,<environment.Job instance at 0x7f33d04792d0>,37,2,[5 1],38,38,40,0,38
1,<environment.Job instance at 0x7f33d04795f0>,41,3,[14  5],42,62,65,20,42
1,<environment.Job instance at 0x7f33d0476d70>,33,16,[9 3],34,65,81,31,53
1,<environment.Job instance at 0x7f33d0479a50>,47,16,[6 2],48,65,81,17,59
1,<environment.Job instance at 0x7f33d0473640>,0,2,[6 2],1,1,3,0,1
1,<environment.Job instance at 0x7f33d04736e0>,1,15,[4 5],2,2,17,0,2
1,<environment.Job instance at 0x7f33d0473690>,2,18,[ 3 10],3,3,21,0,3
1,<environment.Job instance at 0x7f33d047ca00>,7,12,[7 2],8,17,29,9,17
1,<environment.Job instance at 0x7f33d047c9b0>,11,1,[8 4],12,21,22,9,21
1,<environment.Job instance at 0x7f33d047c960>,3,13,[3 8],4,22,35,18,22
1,<environment.Job instance at 0x7f33d047cdc0>,13,15,[4 5],14,22,37,8,22
1,<environment.Job instance at 0x7f33d047cbe0>,9,17,[8 1],10,29,46,19,29
1,<environment.Job instance at 0x7f33d047c140>,10,14,[1 6],11,35,49,24,35
1,<environment.Job instance at 0x7f33d047f0a0>,18,18,[3 6],19,37,55,18,37
1,<environment.Job instance at 0x7f33d047f6e0>,22,3,[4 6],23,49,52,26,49
1,<environment.Job instance at 0x7f33d047f1e0>,25,16,[5 3],26,49,65,23,49
1,<environment.Job instance at 0x7f33d047caa0>,5,18,[7 5],6,52,70,46,52
1,<environment.Job instance at 0x7f33cff6c870>,3,2,[9 2],4,4,6,0,4
1,<environment.Job instance at 0x7f33cff6c7d0>,6,12,[6 1],7,7,19,0,7
1,<environment.Job instance at 0x7f33d0080370>,11,13,[7 2],12,12,25,0,12
1,<environment.Job instance at 0x7f33cff36eb0>,14,14,[9 1],15,25,39,10,18
1,<environment.Job instance at 0x7f33cff36af0>,22,2,[10  3],23,39,41,16,23
1,<environment.Job instance at 0x7f33cff36a50>,18,13,[1 5],19,23,36,4,23
1,<environment.Job instance at 0x7f33cff36550>,28,3,[9 5],29,41,44,12,29
1,<environment.Job instance at 0x7f33cff32320>,32,3,[2 8],33,33,36,0,33
1,<environment.Job instance at 0x7f33cff36460>,30,2,[5 5],31,36,38,5,35
1,<environment.Job instance at 0x7f33cff32550>,35,24,[2 5],36,38,62,2,36
1,<environment.Job instance at 0x7f33cff36b40>,17,19,[8 1],18,44,63,26,38
1,<environment.Job instance at 0x7f33cff32960>,37,1,[5 8],38,44,45,6,38
1,<environment.Job instance at 0x7f33cff323c0>,38,2,[10  4],39,63,65,24,39
1,<environment.Job instance at 0x7f33cff32460>,39,14,[6 1],40,65,79,25,51
1,<environment.Job instance at 0x7f33cff326e0>,36,12,[ 4 14],37,65,77,28,51
1,<environment.Job instance at 0x7f33d04835f0>,0,17,[9 3],1,1,18,0,1
1,<environment.Job instance at 0x7f33d04834b0>,1,14,[ 2 10],2,2,16,0,2
1,<environment.Job instance at 0x7f33d04830a0>,6,12,[6 1],7,16,28,9,16
1,<environment.Job instance at 0x7f33d04833c0>,3,2,[9 2],4,18,20,14,18
1,<environment.Job instance at 0x7f33d047feb0>,11,13,[7 2],12,20,33,8,20
1,<environment.Job instance at 0x7f33d047fa00>,16,18,[ 2 10],17,20,38,3,20
1,<environment.Job instance at 0x7f33d047f870>,18,13,[1 5],19,33,46,14,33
1,<environment.Job instance at 0x7f33d04832d0>,7,13,[3 5],8,38,51,30,38
1,<environment.Job instance at 0x7f33d047f5f0>,22,2,[10  3],23,38,40,15,38
1,<environment.Job instance at 0x7f33d047fb90>,14,14,[9 1],15,40,54,25,40
1,<environment.Job instance at 0x7f33d047f550>,21,17,[2 7],22,46,63,24,46
1,<environment.Job instance at 0x7f33d047f780>,19,15,[4 7],20,51,66,31,51
1,<environment.Job instance at 0x7f33cfc06410>,1,21,[2 7],2,2,23,0,2
1,<environment.Job instance at 0x7f33cfc06820>,2,16,[1 8],3,3,19,0,3
1,<environment.Job instance at 0x7f33cfc06640>,7,1,[1 9],8,23,24,15,8
1,<environment.Job instance at 0x7f33cfbf78c0>,1,21,[2 7],2,2,23,0,2
1,<environment.Job instance at 0x7f33cfbf79b0>,2,16,[1 8],3,3,19,0,3
1,<environment.Job instance at 0x7f33cfbf4370>,13,3,[1 7],14,19,22,5,19
1,<environment.Job instance at 0x7f33cfbf40f0>,11,15,[8 1],12,19,34,7,19
1,<environment.Job instance at 0x7f33cfbf4820>,18,2,[3 6],19,22,24,3,22
1,<environment.Job instance at 0x7f33cfbf7640>,7,1,[1 9],8,24,25,16,24
1,<environment.Job instance at 0x7f33cfc6fd20>,22,14,[5 1],23,24,38,1,24
1,<environment.Job instance at 0x7f33cfc6f320>,23,3,[1 7],24,25,28,1,25
1,<environment.Job instance at 0x7f33cfc6f2d0>,27,2,[7 2],28,34,36,6,34
1,<environment.Job instance at 0x7f33cfc6ffa0>,29,15,[6 2],30,36,51,6,36
1,<environment.Job instance at 0x7f33cfc6fc30>,33,3,[5 5],34,38,41,4,38
1,<environment.Job instance at 0x7f33cfc6f640>,34,13,[2 6],35,38,51,3,38
1,<environment.Job instance at 0x7f33cfc6f6e0>,30,15,[6 2],31,41,56,10,41
1,<environment.Job instance at 0x7f33cfc6c820>,39,14,[3 8],40,51,65,11,51
1,<environment.Job instance at 0x7f33cfc6caa0>,36,16,[6 2],37,51,67,14,51
1,<environment.Job instance at 0x7f33cfbf45a0>,16,16,[5 3],17,56,72,39,56
1,<environment.Job instance at 0x7f33cfcf37d0>,0,1,[7 4],1,1,2,0,1
1,<environment.Job instance at 0x7f33cfcf3b90>,1,13,[ 4 10],2,2,15,0,2
1,<environment.Job instance at 0x7f33cfa5a050>,5,19,[5 1],6,6,25,0,6
1,<environment.Job instance at 0x7f33cfa5a0f0>,6,2,[8 2],7,15,17,8,7
1,<environment.Job instance at 0x7f33cfa5a370>,13,2,[ 1 10],14,15,17,1,14
1,<environment.Job instance at 0x7f33cfa5a7d0>,15,3,[8 2],16,17,20,1,16
1,<environment.Job instance at 0x7f33cfa5a820>,16,14,[8 4],17,20,34,3,17
1,<environment.Job instance at 0x7f33cfa5a960>,17,3,[5 4],18,25,28,7,18
1,<environment.Job instance at 0x7f33cfa5ab40>,23,1,[10  3],24,34,35,10,25
1,<environment.Job instance at 0x7f33cfa5acd0>,22,2,[ 3 12],23,34,36,11,26
1,<environment.Job instance at 0x7f33cfa5aaf0>,19,16,[ 3 10],20,36,52,16,27
1,<environment.Job instance at 0x7f33cfa5af00>,26,14,[11  2],27,35,49,8,27
1,<environment.Job instance at 0x7f33cfa5d230>,30,13,[5 1],31,49,62,18,35
1,<environment.Job instance at 0x7f33cfa5d5a0>,33,2,[11  2],34,62,64,28,35
1,<environment.Job instance at 0x7f33cfa55fa0>,4,12,[ 2 11],5,52,64,47,37
1,<environment.Job instance at 0x7f33cfa610a0>,46,1,[3 8],47,64,65,17,47
1,<environment.Job instance at 0x7f33cfa613c0>,51,1,[7 2],52,52,53,0,52
1,<environment.Job instance at 0x7f33cfa61190>,49,17,[3 5],50,64,81,14,52
1,<environment.Job instance at 0x7f33cfd5c7d0>,0,1,[7 4],1,1,2,0,1
1,<environment.Job instance at 0x7f33cfd5c870>,1,13,[ 4 10],2,2,15,0,2
1,<environment.Job instance at 0x7f33cfc6c690>,5,19,[5 1],6,6,25,0,6
1,<environment.Job instance at 0x7f33cfc6c140>,6,2,[8 2],7,15,17,8,15
1,<environment.Job instance at 0x7f33cfc6ca00>,13,2,[ 1 10],14,15,17,1,15
1,<environment.Job instance at 0x7f33cfc6c280>,15,3,[8 2],16,17,20,1,17
1,<environment.Job instance at 0x7f33cfd5c550>,7,22,[1 7],8,17,39,9,17
1,<environment.Job instance at 0x7f33cfc6f9b0>,17,3,[5 4],18,20,23,2,20
1,<environment.Job instance at 0x7f33cfd5c460>,2,14,[4 7],3,23,37,20,23
1,<environment.Job instance at 0x7f33cfc6f3c0>,23,1,[10  3],24,37,38,13,37
1,<environment.Job instance at 0x7f33cfc6cf50>,16,14,[8 4],17,38,52,21,38
1,<environment.Job instance at 0x7f33cfbf44b0>,30,13,[5 1],31,38,51,7,38
1,<environment.Job instance at 0x7f33cfc6cdc0>,12,15,[3 9],13,51,66,38,51
1,<environment.Job instance at 0x7f33cfbf4f00>,39,13,[10  1],40,52,65,12,52
1,<environment.Job instance at 0x7f33d0217fa0>,6,3,[3 9],7,7,10,0,7
1,<environment.Job instance at 0x7f33d0217b90>,9,21,[6 4],10,10,31,0,10
1,<environment.Job instance at 0x7f33d061baa0>,13,2,[ 5 11],14,14,16,0,14
1,<environment.Job instance at 0x7f33d061b690>,14,1,[10  4],15,31,32,16,15
1,<environment.Job instance at 0x7f33d061b500>,15,13,[11  1],16,32,45,16,17
1,<environment.Job instance at 0x7f33d061b5a0>,17,3,[8 3],18,18,21,0,18
1,<environment.Job instance at 0x7f33d061bbe0>,18,17,[1 7],19,20,37,1,20
1,<environment.Job instance at 0x7f33d061b7d0>,20,12,[6 2],21,45,57,24,28
1,<environment.Job instance at 0x7f33d061b0f0>,21,2,[5 1],22,28,30,6,28
1,<environment.Job instance at 0x7f33d061b190>,22,23,[1 7],23,32,55,9,28
1,<environment.Job instance at 0x7f33d061bc30>,24,12,[1 8],25,55,67,30,38
1,<environment.Job instance at 0x7f33d061bd70>,25,2,[14  3],26,57,59,31,38
1,<environment.Job instance at 0x7f33d061b640>,27,2,[14  5],28,59,61,31,38
1,<environment.Job instance at 0x7f33d061b370>,19,15,[5 7],20,61,76,41,47
1,<environment.Job instance at 0x7f33d0620e10>,29,18,[10  2],30,67,85,37,57
1,<environment.Job instance at 0x7f33cfa5a5f0>,1,22,[5 8],2,2,24,0,2
1,<environment.Job instance at 0x7f33cfa5a140>,2,16,[7 4],3,3,19,0,3
1,<environment.Job instance at 0x7f33cfed25f0>,3,16,[9 4],4,19,35,15,19
1,<environment.Job instance at 0x7f33cfbf75a0>,6,3,[3 9],7,24,27,17,24
1,<environment.Job instance at 0x7f33cfbf40f0>,16,12,[ 3 10],17,27,39,10,27
1,<environment.Job instance at 0x7f33cfbf4230>,14,1,[10  4],15,35,36,20,35
1,<environment.Job instance at 0x7f33cfbf4050>,17,3,[8 3],18,36,39,18,36
1,<environment.Job instance at 0x7f33cfbf4fa0>,19,15,[5 7],20,39,54,19,39
1,<environment.Job instance at 0x7f33cfbf4410>,20,12,[6 2],21,39,51,18,39
1,<environment.Job instance at 0x7f33cfbf79b0>,10,17,[2 6],11,39,56,28,39
1,<environment.Job instance at 0x7f33cfbf4be0>,21,2,[5 1],22,51,53,29,51
1,<environment.Job instance at 0x7f33cfc6fe60>,24,12,[1 8],25,54,66,29,54
1,<environment.Job instance at 0x7f33cfc6f640>,32,14,[3 5],33,56,70,23,56
1,<environment.Job instance at 0x7f33cfc6f5a0>,29,18,[10  2],30,56,74,26,56
1,<environment.Job instance at 0x7f33cf701e10>,0,1,[11  3],1,1,2,0,1
1,<environment.Job instance at 0x7f33d0f50b40>,1,15,[4 8],2,3,18,1,3
1,<environment.Job instance at 0x7f33d0e8a5f0>,3,1,[10  2],4,4,5,0,4
1,<environment.Job instance at 0x7f33d0f505a0>,2,2,[8 1],3,5,7,2,4
1,<environment.Job instance at 0x7f33d0e8a2d0>,6,14,[5 3],7,7,21,0,7
1,<environment.Job instance at 0x7f33d0e8a410>,7,14,[8 5],8,18,32,10,8
1,<environment.Job instance at 0x7f33cf8d9410>,12,1,[8 5],13,32,33,19,13
1,<environment.Job instance at 0x7f33d0ea7b90>,13,14,[2 8],14,21,35,7,14
1,<environment.Job instance at 0x7f33d0e8ab90>,15,2,[7 1],16,33,35,17,16
1,<environment.Job instance at 0x7f33d0ff4aa0>,18,2,[4 6],19,33,35,14,20
1,<environment.Job instance at 0x7f33d0ff41e0>,20,14,[7 1],21,35,49,14,21
1,<environment.Job instance at 0x7f33cf8020a0>,22,17,[4 8],23,35,52,12,29
1,<environment.Job instance at 0x7f33d0a70cd0>,21,25,[5 1],22,49,74,27,45
1,<environment.Job instance at 0x7f33d0aff460>,27,3,[5 8],28,52,55,24,45
1,<environment.Job instance at 0x7f33d057eaf0>,1,15,[4 8],2,2,17,0,2
1,<environment.Job instance at 0x7f33d057e7d0>,2,2,[8 1],3,3,5,0,3
1,<environment.Job instance at 0x7f33d057e1e0>,3,1,[10  2],4,5,6,1,5
1,<environment.Job instance at 0x7f33d0620a00>,6,14,[5 3],7,7,21,0,7
1,<environment.Job instance at 0x7f33d0e8acd0>,12,1,[8 5],13,17,18,4,17
1,<environment.Job instance at 0x7f33cf802be0>,15,2,[7 1],16,18,20,2,18
1,<environment.Job instance at 0x7f33d0e8a140>,13,14,[2 8],14,18,32,4,18
1,<environment.Job instance at 0x7f33d0a70410>,17,16,[8 3],18,20,36,2,20
1,<environment.Job instance at 0x7f33d0ac9320>,18,2,[4 6],19,32,34,13,32
1,<environment.Job instance at 0x7f33cff71a00>,20,14,[7 1],21,34,48,13,34
1,<environment.Job instance at 0x7f33d0620640>,7,14,[8 5],8,36,50,28,36
1,<environment.Job instance at 0x7f33d02e59b0>,23,14,[ 3 10],24,48,62,24,48
1,<environment.Job instance at 0x7f33d0e8a730>,14,15,[10  3],15,50,65,35,50
1,<environment.Job instance at 0x7f33d0028a50>,6,3,[5 9],7,7,10,0,7
1,<environment.Job instance at 0x7f33d0028b40>,9,3,[2 7],10,10,13,0,10
1,<environment.Job instance at 0x7f33d0128c80>,11,3,[4 7],12,13,16,1,13
1,<environment.Job instance at 0x7f33cfffaf00>,15,2,[6 3],16,16,18,0,16
1,<environment.Job instance at 0x7f33cfffa410>,13,17,[7 1],14,17,34,3,17
1,<environment.Job instance at 0x7f33d01288c0>,14,18,[3 8],15,18,36,3,18
1,<environment.Job instance at 0x7f33d0bcb230>,2,22,[1 6],3,3,25,0,3
1,<environment.Job instance at 0x7f33cfbdc780>,6,3,[5 9],7,7,10,0,7
1,<environment.Job instance at 0x7f33cfbdcb90>,9,3,[2 7],10,10,13,0,10
1,<environment.Job instance at 0x7f33cfbdc6e0>,11,3,[4 7],12,13,16,1,13
1,<environment.Job instance at 0x7f33cfbdcdc0>,13,17,[7 1],14,14,31,0,14
1,<environment.Job instance at 0x7f33cfbdca50>,15,2,[6 3],16,16,18,0,16
1,<environment.Job instance at 0x7f33d0fc9050>,14,18,[3 8],15,18,36,3,18
1,<environment.Job instance at 0x7f33d0fc91e0>,21,14,[3 6],22,31,45,9,31
1,<environment.Job instance at 0x7f33d0fc9910>,22,3,[9 2],23,36,39,13,36
1,<environment.Job instance at 0x7f33cfbdc410>,7,15,[1 9],8,39,54,31,39
1,<environment.Job instance at 0x7f33d02e5460>,24,3,[10  4],25,45,48,20,45
1,<environment.Job instance at 0x7f33cfbdc3c0>,10,13,[ 1 10],11,54,67,43,54
1,<environment.Job instance at 0x7f33cfb79dc0>,4,2,[2 8],5,5,7,0,5
1,<environment.Job instance at 0x7f33d07bae10>,7,3,[5 9],8,8,11,0,8
1,<environment.Job instance at 0x7f33cfd2bdc0>,8,25,[6 1],9,9,34,0,9
1,<environment.Job instance at 0x7f33d0bb4d70>,11,1,[5 7],12,12,13,0,12
1,<environment.Job instance at 0x7f33d0bb4e60>,14,15,[6 4],15,15,30,0,15
1,<environment.Job instance at 0x7f33d0bb4cd0>,16,2,[5 3],17,30,32,13,17
1,<environment.Job instance at 0x7f33d0bb4b90>,17,15,[5 7],18,32,47,14,18
1,<environment.Job instance at 0x7f33d0bb4500>,18,13,[7 1],19,34,47,15,19
1,<environment.Job instance at 0x7f33d0bb4690>,19,16,[2 6],20,20,36,0,20
1,<environment.Job instance at 0x7f33d00afbe0>,20,3,[ 2 10],21,47,50,26,21
1,<environment.Job instance at 0x7f33d08b3870>,22,3,[9 1],23,47,50,24,23
1,<environment.Job instance at 0x7f33d08b3460>,24,2,[3 5],25,36,38,11,25
1,<environment.Job instance at 0x7f33d0071870>,29,3,[10  3],30,50,53,20,30
1,<environment.Job instance at 0x7f33d0071280>,30,12,[ 2 12],31,50,62,19,33
1,<environment.Job instance at 0x7f33d0071780>,32,1,[ 2 11],33,62,63,29,43
1,<environment.Job instance at 0x7f33d0071be0>,34,12,[3 5],35,63,75,28,46
1,<environment.Job instance at 0x7f33d0071dc0>,38,3,[10  3],39,53,56,14,46
1,<environment.Job instance at 0x7f33d0329870>,28,17,[9 1],29,56,73,27,46
1,<environment.Job instance at 0x7f33d0684af0>,41,14,[3 5],42,63,77,21,50
1,<environment.Job instance at 0x7f33d0684eb0>,43,14,[8 1],44,73,87,29,58
1,<environment.Job instance at 0x7f33d00fceb0>,44,1,[ 1 10],45,77,78,32,58
1,<environment.Job instance at 0x7f33d06840f0>,42,3,[2 8],43,78,81,35,58
1,<environment.Job instance at 0x7f33d0128e60>,0,16,[2 7],1,1,17,0,1
1,<environment.Job instance at 0x7f33d052f820>,1,20,[7 4],2,2,22,0,2
1,<environment.Job instance at 0x7f33d0aff690>,11,1,[5 7],12,17,18,5,17
1,<environment.Job instance at 0x7f33d0620c30>,4,2,[2 8],5,18,20,13,18
1,<environment.Job instance at 0x7f33d089d730>,16,2,[5 3],17,18,20,1,18
1,<environment.Job instance at 0x7f33d0e8a140>,7,3,[5 9],8,20,23,12,20
1,<environment.Job instance at 0x7f33cf8a8280>,12,12,[10  3],13,22,34,9,22
1,<environment.Job instance at 0x7f33d0fc9640>,20,3,[ 2 10],21,23,26,2,23
1,<environment.Job instance at 0x7f33d0fc9fa0>,17,15,[5 7],18,26,41,8,26
1,<environment.Job instance at 0x7f33cfbdcaf0>,24,2,[3 5],25,34,36,9,34
1,<environment.Job instance at 0x7f33d0fc91e0>,18,13,[7 1],19,34,47,15,34
1,<environment.Job instance at 0x7f33d092cbe0>,19,16,[2 6],20,36,52,16,36
1,<environment.Job instance at 0x7f33d02e59b0>,14,15,[6 4],15,41,56,26,41
1,<environment.Job instance at 0x7f33cfbdc1e0>,22,3,[9 1],23,52,55,29,52
1,<environment.Job instance at 0x7f33d0bb40a0>,34,12,[3 5],35,55,67,20,55
1,<environment.Job instance at 0x7f33cfd2b5f0>,29,3,[10  3],30,56,59,26,56
1,<environment.Job instance at 0x7f33d00fc050>,38,3,[10  3],39,59,62,20,59
1,<environment.Job instance at 0x7f33cfc08c30>,1,12,[5 6],2,2,14,0,2
1,<environment.Job instance at 0x7f33cfc08960>,2,1,[ 4 10],3,14,15,11,3
1,<environment.Job instance at 0x7f33cfc15370>,6,1,[8 1],7,8,9,1,8
1,<environment.Job instance at 0x7f33cfc15820>,8,2,[7 2],9,9,11,0,9
1,<environment.Job instance at 0x7f33cfc153c0>,10,1,[1 6],11,12,13,1,12
1,<environment.Job instance at 0x7f33cfc15960>,9,1,[1 5],10,13,14,3,12
1,<environment.Job instance at 0x7f33cfc15730>,13,1,[11  1],14,14,15,0,14
1,<environment.Job instance at 0x7f33cfc15410>,15,14,[8 2],16,16,30,0,16
1,<environment.Job instance at 0x7f33cfc15dc0>,16,2,[4 9],17,17,19,0,17
1,<environment.Job instance at 0x7f33cfc15780>,14,17,[2 5],15,19,36,4,18
1,<environment.Job instance at 0x7f33d062fa50>,19,18,[6 2],20,30,48,10,20
1,<environment.Job instance at 0x7f33d062f5f0>,25,15,[6 5],26,30,45,4,26
1,<environment.Job instance at 0x7f33d062f460>,26,1,[2 5],27,27,28,0,27
1,<environment.Job instance at 0x7f33d062ff00>,27,2,[13  5],28,48,50,20,28
1,<environment.Job instance at 0x7f33d062f230>,28,17,[7 3],29,50,67,21,41
1,<environment.Job instance at 0x7f33cfc15e60>,11,22,[6 4],12,50,72,38,45
1,<environment.Job instance at 0x7f33d062fb40>,36,13,[1 9],37,67,80,30,51
1,<environment.Job instance at 0x7f33d062ff50>,37,16,[4 5],38,72,88,34,59
1,<environment.Job instance at 0x7f33d092caa0>,0,21,[5 6],1,1,22,0,1
1,<environment.Job instance at 0x7f33d02e59b0>,1,12,[5 6],2,2,14,0,2
1,<environment.Job instance at 0x7f33d9b024b0>,9,1,[1 5],10,14,15,4,14
1,<environment.Job instance at 0x7f33d06207d0>,6,1,[8 1],7,14,15,7,14
1,<environment.Job instance at 0x7f33cfc15d20>,10,1,[1 6],11,15,16,4,15
1,<environment.Job instance at 0x7f33d9b022d0>,8,2,[7 2],9,15,17,6,15
1,<environment.Job instance at 0x7f33cf797c30>,14,17,[2 5],15,16,33,1,16
1,<environment.Job instance at 0x7f33cfc156e0>,15,14,[8 2],16,17,31,1,17
1,<environment.Job instance at 0x7f33d0620640>,7,16,[4 5],8,22,38,14,22
1,<environment.Job instance at 0x7f33cf7bbdc0>,18,18,[8 2],19,31,49,12,31
1,<environment.Job instance at 0x7f33d0aff690>,2,1,[ 4 10],3,38,39,35,38
1,<environment.Job instance at 0x7f33d05225a0>,26,1,[2 5],27,39,40,12,39
1,<environment.Job instance at 0x7f33cfc084b0>,21,18,[5 8],22,39,57,17,39
1,<environment.Job instance at 0x7f33d0522190>,25,15,[6 5],26,49,64,23,49
1,<environment.Job instance at 0x7f33cf7bb960>,16,2,[4 9],17,57,59,40,57
1,<environment.Job instance at 0x7f33d0522e60>,34,12,[3 8],35,59,71,24,59
1,<environment.Job instance at 0x7f33cfc08be0>,19,18,[6 2],20,59,77,39,59
1,<environment.Job instance at 0x7f33d092aa50>,1,1,[9 1],2,2,3,0,2
1,<environment.Job instance at 0x7f33d092a5f0>,2,14,[8 4],3,3,17,0,3
1,<environment.Job instance at 0x7f33d092a230>,3,12,[5 9],4,4,16,0,4
1,<environment.Job instance at 0x7f33d061ba50>,6,12,[4 7],7,16,28,9,7
1,<environment.Job instance at 0x7f33cfdb6140>,10,2,[5 5],11,17,19,6,11
1,<environment.Job instance at 0x7f33cfdb6780>,12,3,[1 6],13,19,22,6,13
1,<environment.Job instance at 0x7f33cfdb6910>,14,3,[4 9],15,28,31,13,15
1,<environment.Job instance at 0x7f33cfdb6a00>,15,12,[ 2 10],16,31,43,15,16
1,<environment.Job instance at 0x7f33d061b960>,9,20,[2 6],10,43,63,33,38
1,<environment.Job instance at 0x7f33d053a910>,20,14,[6 4],21,56,70,35,56
1,<environment.Job instance at 0x7f33d053a9b0>,17,12,[ 3 13],18,70,82,52,56
1,<environment.Job instance at 0x7f33d053a3c0>,23,3,[1 6],24,63,66,39,57
1,<environment.Job instance at 0x7f33d9c3e280>,28,2,[ 3 10],29,66,68,37,57
1,<environment.Job instance at 0x7f33d9c3e730>,29,3,[5 1],30,57,60,27,57
1,<environment.Job instance at 0x7f33d9c3ef00>,30,2,[11  4],31,82,84,51,57
1,<environment.Job instance at 0x7f33d9c3e780>,32,1,[5 1],33,60,61,27,58
1,<environment.Job instance at 0x7f33d0ad22d0>,37,2,[ 4 13],38,84,86,46,58
1,<environment.Job instance at 0x7f33d0315730>,1,1,[9 1],2,2,3,0,2
1,<environment.Job instance at 0x7f33d0315e10>,2,14,[8 4],3,3,17,0,3
1,<environment.Job instance at 0x7f33d0315eb0>,3,12,[5 9],4,4,16,0,4
1,<environment.Job instance at 0x7f33d0522500>,10,2,[5 5],11,16,18,5,16
1,<environment.Job instance at 0x7f33d05226e0>,12,3,[1 6],13,17,20,4,17
1,<environment.Job instance at 0x7f33d0522b40>,5,18,[6 1],6,17,35,11,17
1,<environment.Job instance at 0x7f33d03159b0>,6,12,[4 7],7,18,30,11,18
1,<environment.Job instance at 0x7f33d05225a0>,18,16,[2 6],19,20,36,1,20
1,<environment.Job instance at 0x7f33d0522190>,19,18,[3 6],20,30,48,10,30
1,<environment.Job instance at 0x7f33d05220a0>,16,2,[10  3],17,35,37,18,35
1,<environment.Job instance at 0x7f33d0522dc0>,23,3,[1 6],24,36,39,12,36
1,<environment.Job instance at 0x7f33d0522e60>,14,3,[4 9],15,39,42,24,39
1,<environment.Job instance at 0x7f33d06205f0>,27,12,[6 1],28,42,54,14,42
1,<environment.Job instance at 0x7f33d0522aa0>,20,14,[6 4],21,42,56,21,42
1,<environment.Job instance at 0x7f33d0620640>,28,2,[ 3 10],29,48,50,19,48
1,<environment.Job instance at 0x7f33d0522370>,15,12,[ 2 10],16,50,62,34,50
1,<environment.Job instance at 0x7f33cfdb6fa0>,32,1,[5 1],33,54,55,21,54
1,<environment.Job instance at 0x7f33d092cc30>,29,3,[5 1],30,55,58,25,55
1,<environment.Job instance at 0x7f33d06f4230>,39,12,[8 2],40,58,70,18,58
1,<environment.Job instance at 0x7f33d0214910>,4,12,[4 8],5,5,17,0,5
1,<environment.Job instance at 0x7f33d01f5b40>,7,1,[5 1],8,8,9,0,8
1,<environment.Job instance at 0x7f33d04b4aa0>,0,17,[2 7],1,1,18,0,1
1,<environment.Job instance at 0x7f33d06f46e0>,4,12,[4 8],5,5,17,0,5
1,<environment.Job instance at 0x7f33d04b45f0>,7,1,[5 1],8,17,18,9,17
1,<environment.Job instance at 0x7f33d092adc0>,14,16,[5 5],15,17,33,2,17
1,<environment.Job instance at 0x7f33d053a730>,15,12,[ 3 10],16,18,30,2,18
1,<environment.Job instance at 0x7f33d061b8c0>,18,13,[3 9],19,30,43,11,30
1,<environment.Job instance at 0x7f33d061b0a0>,17,13,[8 5],18,33,46,15,33
1,<environment.Job instance at 0x7f33d0620a00>,22,2,[6 4],23,43,45,20,43
1,<environment.Job instance at 0x7f33d06205f0>,23,2,[3 5],24,45,47,21,45
1,<environment.Job instance at 0x7f33d062f410>,24,15,[2 5],25,45,60,20,45
1,<environment.Job instance at 0x7f33d092caa0>,20,16,[6 5],21,46,62,25,46
1,<environment.Job instance at 0x7f33d0ad26e0>,16,17,[4 5],17,47,64,30,47
1,<environment.Job instance at 0x7f33cfe97910>,7,14,[1 7],8,8,22,0,8
1,<environment.Job instance at 0x7f33cfe97550>,8,2,[ 2 10],9,22,24,13,9
1,<environment.Job instance at 0x7f33cfd182d0>,12,2,[2 6],13,13,15,0,13
1,<environment.Job instance at 0x7f33cfc64050>,16,3,[1 9],17,24,27,7,17
1,<environment.Job instance at 0x7f33cfc648c0>,20,2,[9 1],21,21,23,0,21
1,<environment.Job instance at 0x7f33cfc64af0>,21,14,[1 8],22,27,41,5,22
1,<environment.Job instance at 0x7f33cfc64320>,22,12,[5 6],23,24,36,1,23
1,<environment.Job instance at 0x7f33cfc64c80>,23,3,[ 1 14],24,41,44,17,24
1,<environment.Job instance at 0x7f33cfc64a50>,24,12,[5 1],25,27,39,2,25
1,<environment.Job instance at 0x7f33d9d65960>,28,14,[6 3],29,44,58,15,29
1,<environment.Job instance at 0x7f33cfceba50>,30,3,[1 9],31,44,47,13,31
1,<environment.Job instance at 0x7f33cfcebbe0>,35,2,[12  3],36,39,41,3,36
1,<environment.Job instance at 0x7f33d0cd11e0>,37,1,[8 4],38,38,39,0,38
1,<environment.Job instance at 0x7f33cfc64c30>,18,13,[ 4 10],19,47,60,28,41
1,<environment.Job instance at 0x7f33d0cd1050>,42,2,[ 2 13],43,60,62,17,43
1,<environment.Job instance at 0x7f33d0cd1dc0>,41,18,[ 5 12],42,62,80,20,51
1,<environment.Job instance at 0x7f33d0522b40>,0,22,[9 1],1,1,23,0,1
1,<environment.Job instance at 0x7f33d0522d70>,5,13,[1 8],6,6,19,0,6
1,<environment.Job instance at 0x7f33d05220a0>,7,14,[1 7],8,19,33,11,19
1,<environment.Job instance at 0x7f33d0522500>,4,13,[7 5],5,23,36,18,23
1,<environment.Job instance at 0x7f33d05228c0>,12,2,[2 6],13,33,35,20,33
1,<environment.Job instance at 0x7f33d0522be0>,8,2,[ 2 10],9,35,37,26,35
1,<environment.Job instance at 0x7f33d01f5410>,3,15,[10  1],4,36,51,32,36
1,<environment.Job instance at 0x7f33d05224b0>,16,3,[1 9],17,37,40,20,37
1,<environment.Job instance at 0x7f33d0522230>,18,13,[ 4 10],19,40,53,21,40
1,<environment.Job instance at 0x7f33d0522a00>,17,15,[10  4],18,51,66,33,51
1,<environment.Job instance at 0x7f33d0dd37d0>,19,17,[3 9],20,53,70,33,53
1,<environment.Job instance at 0x7f33d065beb0>,5,3,[12  1],6,6,9,0,6
1,<environment.Job instance at 0x7f33d0333f50>,11,1,[7 2],12,12,13,0,12
1,<environment.Job instance at 0x7f33d0333500>,12,2,[3 7],13,13,15,0,13
1,<environment.Job instance at 0x7f33d0333320>,16,12,[9 1],17,18,30,1,18
1,<environment.Job instance at 0x7f33d0befbe0>,18,2,[4 7],19,19,21,0,19
1,<environment.Job instance at 0x7f33cfea03c0>,4,15,[10  3],5,5,20,0,5
1,<environment.Job instance at 0x7f33d086af00>,12,2,[3 7],13,13,15,0,13
1,<environment.Job instance at 0x7f33d065b690>,11,1,[7 2],12,20,21,8,20
1,<environment.Job instance at 0x7f33cff23a50>,18,2,[4 7],19,20,22,1,20
1,<environment.Job instance at 0x7f33d0e98190>,16,12,[9 1],17,21,33,4,21
1,<environment.Job instance at 0x7f33d0476cd0>,25,15,[4 9],26,26,41,0,26
1,<environment.Job instance at 0x7f33d038ac30>,13,16,[9 4],14,33,49,19,33
1,<environment.Job instance at 0x7f33cf9881e0>,33,12,[5 8],34,41,53,7,41
1,<environment.Job instance at 0x7f33cf988370>,37,12,[2 7],38,49,61,11,49
1,<environment.Job instance at 0x7f33cf988550>,36,12,[10  1],37,53,65,16,53
1,<environment.Job instance at 0x7f33cf90b780>,4,12,[ 5 10],5,5,17,0,5
1,<environment.Job instance at 0x7f33cf90bcd0>,6,14,[5 1],7,7,21,0,7
1,<environment.Job instance at 0x7f33cf90b640>,7,15,[7 3],8,17,32,9,8
1,<environment.Job instance at 0x7f33cf92ec30>,14,12,[6 4],15,21,33,6,15
1,<environment.Job instance at 0x7f33cf92eaf0>,16,3,[ 3 10],17,17,20,0,17
1,<environment.Job instance at 0x7f33cf92e910>,17,1,[7 3],18,32,33,14,18
1,<environment.Job instance at 0x7f33cf9008c0>,22,14,[ 2 10],23,33,47,10,26
1,<environment.Job instance at 0x7f33d04c1780>,26,16,[5 5],27,33,49,6,27
1,<environment.Job instance at 0x7f33d0e71960>,27,17,[ 3 10],28,47,64,19,36
1,<environment.Job instance at 0x7f33d04c1190>,28,13,[3 9],29,64,77,35,48
1,<environment.Job instance at 0x7f33d0e56050>,29,2,[ 3 10],30,77,79,47,50
1,<environment.Job instance at 0x7f33cf9bb370>,30,18,[1 5],31,50,68,19,50
1,<environment.Job instance at 0x7f33d07d3690>,31,18,[9 5],32,68,86,36,59
1,<environment.Job instance at 0x7f33d092caa0>,0,19,[2 8],1,1,20,0,1
1,<environment.Job instance at 0x7f33cf8c8190>,6,14,[5 1],7,7,21,0,7
1,<environment.Job instance at 0x7f33cfa4cd20>,7,15,[7 3],8,8,23,0,8
1,<environment.Job instance at 0x7f33cfcebc30>,4,12,[ 5 10],5,21,33,16,21
1,<environment.Job instance at 0x7f33cfa69dc0>,15,12,[7 4],16,23,35,7,23
1,<environment.Job instance at 0x7f33cfa574b0>,16,3,[ 3 10],17,33,36,16,33
1,<environment.Job instance at 0x7f33cfa57500>,17,1,[7 3],18,35,36,17,35
1,<environment.Job instance at 0x7f33cfa69280>,14,12,[6 4],15,36,48,21,36
1,<environment.Job instance at 0x7f33cfa57c80>,19,14,[4 7],20,36,50,16,36
1,<environment.Job instance at 0x7f33cfa69d20>,10,14,[7 5],11,48,62,37,48
1,<environment.Job instance at 0x7f33cfa57d20>,22,14,[ 2 10],23,50,64,27,50
1,<environment.Job instance at 0x7f33d04b95f0>,1,15,[6 2],2,2,17,0,2
1,<environment.Job instance at 0x7f33d04b9500>,5,17,[3 5],6,6,23,0,6
1,<environment.Job instance at 0x7f33d04b9230>,6,16,[3 9],7,17,33,10,7
1,<environment.Job instance at 0x7f33d04b1690>,8,1,[ 5 10],9,33,34,24,9
1,<environment.Job instance at 0x7f33d04b1c30>,16,1,[6 5],17,23,24,6,20
1,<environment.Job instance at 0x7f33d04b1b40>,13,12,[ 3 13],14,34,46,20,21
1,<environment.Job instance at 0x7f33d04b1a50>,18,14,[ 1 10],19,46,60,27,31
1,<environment.Job instance at 0x7f33d04b17d0>,20,19,[1 5],21,46,65,25,40
1,<environment.Job instance at 0x7f33d04b1280>,17,12,[2 8],18,60,72,42,45
1,<environment.Job instance at 0x7f33d04b1190>,26,1,[10  5],27,65,66,38,45
1,<environment.Job instance at 0x7f33d04b10f0>,21,14,[1 7],22,66,80,44,52
1,<environment.Job instance at 0x7f33cff5cb40>,33,14,[10  1],34,72,86,38,57
1,<environment.Job instance at 0x7f33cff5caf0>,34,3,[1 9],35,80,83,45,57
1,<environment.Job instance at 0x7f33cff453c0>,35,3,[7 1],36,60,63,24,57
1,<environment.Job instance at 0x7f33cfa49fa0>,1,15,[6 2],2,2,17,0,2
1,<environment.Job instance at 0x7f33cfa495f0>,2,17,[7 4],3,3,20,0,3
1,<environment.Job instance at 0x7f33cfa146e0>,8,1,[ 5 10],9,17,18,8,17
1,<environment.Job instance at 0x7f33cf988870>,16,1,[6 5],17,18,19,1,18
1,<environment.Job instance at 0x7f33cf988410>,17,12,[2 8],18,19,31,1,19
1,<environment.Job instance at 0x7f33d04a2140>,5,17,[3 5],6,20,37,14,20
1,<environment.Job instance at 0x7f33cf988af0>,18,14,[ 1 10],19,31,45,12,31
1,<environment.Job instance at 0x7f33cf988aa0>,19,18,[7 4],20,37,55,17,37
1,<environment.Job instance at 0x7f33cf988230>,21,14,[1 7],22,45,59,23,45
1,<environment.Job instance at 0x7f33cf9889b0>,22,18,[6 4],23,45,63,22,45
1,<environment.Job instance at 0x7f33cf988370>,25,14,[3 9],26,59,73,33,59
1,<environment.Job instance at 0x7f33d02e4870>,1,16,[7 2],2,2,18,0,2
1,<environment.Job instance at 0x7f33cff57cd0>,7,24,[1 6],8,11,35,3,11
1,<environment.Job instance at 0x7f33cff57b40>,10,20,[1 8],11,18,38,7,11
1,<environment.Job instance at 0x7f33d01e35f0>,17,3,[2 7],18,35,38,17,22
1,<environment.Job instance at 0x7f33d01e3fa0>,23,15,[2 8],24,38,53,14,25
1,<environment.Job instance at 0x7f33d01e3b90>,29,1,[7 4],30,38,39,8,31
1,<environment.Job instance at 0x7f33d01e3190>,31,3,[2 7],32,39,42,7,32
1,<environment.Job instance at 0x7f33d01e3780>,30,16,[1 7],31,42,58,11,34
1,<environment.Job instance at 0x7f33cff57a00>,6,1,[12  4],7,53,54,46,35
1,<environment.Job instance at 0x7f33d01e3820>,35,1,[5 1],36,38,39,2,37
1,<environment.Job instance at 0x7f33cfea6500>,37,13,[8 2],38,54,67,16,38
1,<environment.Job instance at 0x7f33d01e3a00>,1,16,[7 2],2,2,18,0,2
1,<environment.Job instance at 0x7f33d0a346e0>,5,2,[3 6],6,6,8,0,6
1,<environment.Job instance at 0x7f33cf8c6aa0>,10,20,[1 8],11,11,31,0,11
1,<environment.Job instance at 0x7f33cff45230>,11,22,[7 2],12,12,34,0,12
1,<environment.Job instance at 0x7f33cff45320>,12,13,[7 4],13,18,31,5,18
1,<environment.Job instance at 0x7f33cff45b90>,17,3,[2 7],18,31,34,13,31
1,<environment.Job instance at 0x7f33cff45550>,19,12,[3 9],20,34,46,14,34
1,<environment.Job instance at 0x7f33d02e4370>,8,14,[10  2],9,34,48,25,34
1,<environment.Job instance at 0x7f33cff45870>,23,15,[2 8],24,46,61,22,46
1,<environment.Job instance at 0x7f33cff45f00>,25,12,[6 1],26,48,60,22,48
1,<environment.Job instance at 0x7f33cff45500>,29,1,[7 4],30,48,49,18,48
1,<environment.Job instance at 0x7f33cff457d0>,22,18,[6 1],23,49,67,26,49
1,<environment.Job instance at 0x7f33d037ec80>,0,2,[ 1 13],1,1,3,0,1
1,<environment.Job instance at 0x7f33d03f0190>,18,15,[2 5],19,19,34,0,19
1,<environment.Job instance at 0x7f33d06cb6e0>,20,3,[7 3],21,21,24,0,21
1,<environment.Job instance at 0x7f33d06cbf50>,22,1,[3 6],23,23,24,0,23
1,<environment.Job instance at 0x7f33cf9ae690>,30,1,[ 1 11],31,34,35,3,31
1,<environment.Job instance at 0x7f33d0410910>,34,1,[2 5],35,35,36,0,35
1,<environment.Job instance at 0x7f33d0466eb0>,37,3,[5 6],38,38,41,0,38
1,<environment.Job instance at 0x7f33cf93dcd0>,1,17,[ 1 10],2,2,19,0,2
1,<environment.Job instance at 0x7f33cfe18640>,4,22,[8 3],5,5,27,0,5
1,<environment.Job instance at 0x7f33d003c9b0>,9,16,[1 7],10,19,35,9,19
1,<environment.Job instance at 0x7f33d0e60870>,5,2,[8 2],6,27,29,21,27
1,<environment.Job instance at 0x7f33d003c910>,13,14,[5 5],14,27,41,13,27
1,<environment.Job instance at 0x7f33cf99ec30>,20,3,[7 3],21,29,32,8,29
1,<environment.Job instance at 0x7f33d9c47460>,22,1,[3 6],23,35,36,12,35
1,<environment.Job instance at 0x7f33cfea4eb0>,18,15,[2 5],19,36,51,17,36
1,<environment.Job instance at 0x7f33d984f190>,34,1,[2 5],35,41,42,6,41
1,<environment.Job instance at 0x7f33d0fe3960>,19,18,[9 5],20,41,59,21,41
1,<environment.Job instance at 0x7f33d95fd050>,37,3,[5 6],38,51,54,13,51
1,<environment.Job instance at 0x7f33cfe25460>,39,15,[5 8],40,54,69,14,54
1,<environment.Job instance at 0x7f33d07421e0>,24,17,[2 6],25,59,76,34,59
1,<environment.Job instance at 0x7f33d96835a0>,0,15,[5 5],1,1,16,0,1
1,<environment.Job instance at 0x7f33d0d64c30>,8,3,[9 4],9,9,12,0,9
1,<environment.Job instance at 0x7f33d0d64410>,9,2,[7 5],10,12,14,2,10
1,<environment.Job instance at 0x7f33d0524230>,11,12,[10  1],12,14,26,2,12
1,<environment.Job instance at 0x7f33d0d64820>,16,2,[ 4 14],17,17,19,0,17
1,<environment.Job instance at 0x7f33d0d64d20>,14,12,[10  1],15,26,38,11,19
1,<environment.Job instance at 0x7f33d0d64b40>,19,12,[ 1 10],20,20,32,0,20
1,<environment.Job instance at 0x7f33d0d646e0>,21,13,[13  4],22,38,51,16,24
1,<environment.Job instance at 0x7f33d0d64fa0>,22,17,[2 5],23,32,49,9,24
1,<environment.Job instance at 0x7f33d0d64a00>,20,26,[ 2 11],21,49,75,28,47
1,<environment.Job instance at 0x7f33d0329370>,0,15,[5 5],1,1,16,0,1
1,<environment.Job instance at 0x7f33d0ab9230>,1,16,[ 2 10],2,2,18,0,2
1,<environment.Job instance at 0x7f33d0dd6190>,8,3,[9 4],9,16,19,7,16
1,<environment.Job instance at 0x7f33d08cad70>,5,17,[2 5],6,18,35,12,18
1,<environment.Job instance at 0x7f33d0e497d0>,9,2,[7 5],10,19,21,9,19
1,<environment.Job instance at 0x7f33d966eeb0>,11,12,[10  1],12,21,33,9,21
1,<environment.Job instance at 0x7f33cf9852d0>,15,17,[1 9],16,21,38,5,21
1,<environment.Job instance at 0x7f33d097f4b0>,14,12,[10  1],15,33,45,18,33
1,<environment.Job instance at 0x7f33d07227d0>,22,17,[2 5],23,35,52,12,35
1,<environment.Job instance at 0x7f33d9c47460>,23,17,[3 6],24,38,55,14,38
1,<environment.Job instance at 0x7f33d0639a50>,28,12,[6 3],29,45,57,16,45
1,<environment.Job instance at 0x7f33cfea4eb0>,31,12,[4 6],32,52,64,20,52
1,<environment.Job instance at 0x7f33cfea4fa0>,32,13,[2 6],33,55,68,22,55
1,<environment.Job instance at 0x7f33cf8d09b0>,0,3,[1 9],1,1,4,0,1
1,<environment.Job instance at 0x7f33cf8d0a50>,1,13,[4 6],2,2,15,0,2
1,<environment.Job instance at 0x7f33cf8d07d0>,3,12,[7 4],4,4,16,0,4
1,<environment.Job instance at 0x7f33cf8d0280>,4,1,[4 5],5,5,6,0,5
1,<environment.Job instance at 0x7f33d088a960>,10,13,[ 5 11],11,15,28,4,11
1,<environment.Job instance at 0x7f33cf702780>,13,12,[8 1],14,16,28,2,14
1,<environment.Job instance at 0x7f33cfe8ceb0>,16,3,[7 5],17,28,31,11,17
1,<environment.Job instance at 0x7f33d049b7d0>,19,3,[ 5 14],20,31,34,11,20
1,<environment.Job instance at 0x7f33d049b050>,20,3,[14  4],21,34,37,13,21
1,<environment.Job instance at 0x7f33d0d5cf00>,24,3,[8 5],25,28,31,3,25
1,<environment.Job instance at 0x7f33d0d5cfa0>,25,12,[ 1 10],26,34,46,8,26
1,<environment.Job instance at 0x7f33d0d5ceb0>,26,2,[13  2],27,37,39,10,27
1,<environment.Job instance at 0x7f33d0d5c9b0>,31,3,[ 1 10],32,46,49,14,32
1,<environment.Job instance at 0x7f33d0d5ca00>,33,13,[5 5],34,39,52,5,34
1,<environment.Job instance at 0x7f33d0f945a0>,35,3,[4 8],36,49,52,13,36
1,<environment.Job instance at 0x7f33cfa6a960>,37,1,[2 8],38,52,53,14,39
1,<environment.Job instance at 0x7f33d0f946e0>,36,17,[7 1],37,52,69,15,40
1,<environment.Job instance at 0x7f33d10659b0>,43,15,[5 5],44,52,67,8,44
1,<environment.Job instance at 0x7f33d1065eb0>,48,2,[7 4],49,67,69,18,49
1,<environment.Job instance at 0x7f33d1065280>,49,2,[4 6],50,69,71,19,50
1,<environment.Job instance at 0x7f33d002eaa0>,50,2,[12  2],51,71,73,20,51
1,<environment.Job instance at 0x7f33d0464c80>,52,2,[1 6],53,53,55,0,53
1,<environment.Job instance at 0x7f33d04640f0>,56,3,[3 6],57,57,60,0,57
1,<environment.Job instance at 0x7f33d04640a0>,57,3,[2 9],58,60,63,2,58
1,<environment.Job instance at 0x7f33d0464460>,58,16,[2 7],59,69,85,10,59
1,<environment.Job instance at 0x7f33d0e39370>,0,3,[1 9],1,1,4,0,1
1,<environment.Job instance at 0x7f33cfaf7320>,1,13,[4 6],2,2,15,0,2
1,<environment.Job instance at 0x7f33d0bd3aa0>,3,12,[7 4],4,4,16,0,4
1,<environment.Job instance at 0x7f33d039fc80>,4,1,[4 5],5,5,6,0,5
1,<environment.Job instance at 0x7f33cfe25460>,13,12,[8 1],14,15,27,1,15
1,<environment.Job instance at 0x7f33d071a690>,8,18,[7 3],9,16,34,7,16
1,<environment.Job instance at 0x7f33d9b710f0>,16,3,[7 5],17,27,30,10,27
1,<environment.Job instance at 0x7f33d0c34be0>,17,14,[4 9],18,30,44,12,30
1,<environment.Job instance at 0x7f33d0084690>,24,3,[8 5],25,34,37,9,34
1,<environment.Job instance at 0x7f33d9b71550>,14,14,[10  2],15,37,51,22,37
1,<environment.Job instance at 0x7f33d99fed20>,31,3,[ 1 10],32,44,47,12,44
1,<environment.Job instance at 0x7f33d02d9050>,25,12,[ 1 10],26,48,60,22,48
1,<environment.Job instance at 0x7f33cfe303c0>,33,13,[5 5],34,51,64,17,51
1,<environment.Job instance at 0x7f33d004b410>,0,16,[7 3],1,1,17,0,1
1,<environment.Job instance at 0x7f33d0021500>,1,12,[8 4],2,2,14,0,2
1,<environment.Job instance at 0x7f33d0010d70>,8,1,[6 2],9,14,15,5,9
1,<environment.Job instance at 0x7f33d0666eb0>,9,2,[2 5],10,14,16,4,10
1,<environment.Job instance at 0x7f33d000c280>,10,17,[5 3],11,15,32,4,11
1,<environment.Job instance at 0x7f33d000caa0>,11,12,[2 7],12,16,28,4,12
1,<environment.Job instance at 0x7f33cfc1b0f0>,12,1,[ 1 13],13,32,33,19,13
1,<environment.Job instance at 0x7f33d002bf00>,15,13,[4 6],16,33,46,17,17
1,<environment.Job instance at 0x7f33cfc2a780>,17,12,[1 7],18,33,45,15,18
1,<environment.Job instance at 0x7f33cfc2fe60>,18,15,[2 6],19,45,60,26,31
1,<environment.Job instance at 0x7f33d002b410>,20,18,[1 7],21,46,64,25,44
1,<environment.Job instance at 0x7f33d0e2f500>,28,18,[7 4],29,60,78,31,52
1,<environment.Job instance at 0x7f33cfa48f50>,0,16,[7 3],1,1,17,0,1
1,<environment.Job instance at 0x7f33cfa48f00>,1,12,[8 4],2,2,14,0,2
1,<environment.Job instance at 0x7f33d0e4ce60>,8,1,[6 2],9,14,15,5,14
1,<environment.Job instance at 0x7f33d0084eb0>,9,2,[2 5],10,14,16,4,14
1,<environment.Job instance at 0x7f33d08f1fa0>,11,12,[2 7],12,15,27,3,15
1,<environment.Job instance at 0x7f33d0084c80>,10,17,[5 3],11,16,33,5,16
1,<environment.Job instance at 0x7f33d05d2d70>,17,12,[1 7],18,27,39,9,27
1,<environment.Job instance at 0x7f33d071a8c0>,15,13,[4 6],16,33,46,17,33
1,<environment.Job instance at 0x7f33cff7e500>,19,13,[10  1],20,33,46,13,33
1,<environment.Job instance at 0x7f33cfa482d0>,2,16,[1 8],3,39,55,36,39
1,<environment.Job instance at 0x7f33cff7ecd0>,18,15,[2 6],19,46,61,27,46
1,<environment.Job instance at 0x7f33d0021780>,32,2,[5 7],33,55,57,22,55
1,<environment.Job instance at 0x7f33d03b0eb0>,35,14,[9 1],36,57,71,21,57
1,<environment.Job instance at 0x7f33d02c1550>,20,18,[1 7],21,57,75,36,57
1,<environment.Job instance at 0x7f2bc39c46e0>,0,2,[6 2],1,1,3,0,1
1,<environment.Job instance at 0x7f2bc39c4730>,1,15,[4 5],2,2,17,0,2
1,<environment.Job instance at 0x7f2bba37ac80>,3,13,[3 8],4,4,17,0,4
1,<environment.Job instance at 0x7f2bc39c48c0>,7,12,[7 2],8,10,22,2,10
1,<environment.Job instance at 0x7f2bba37f230>,11,1,[8 4],12,17,18,5,12
1,<environment.Job instance at 0x7f2bba37ae60>,9,17,[8 1],10,18,35,8,16
1,<environment.Job instance at 0x7f2bba37f410>,13,15,[4 5],14,22,37,8,17
1,<environment.Job instance at 0x7f2bba37f730>,18,18,[3 6],19,22,40,3,19
1,<environment.Job instance at 0x7f2bba37f9b0>,22,3,[4 6],23,37,40,14,23
1,<environment.Job instance at 0x7f2bba37fa50>,23,18,[7 4],24,40,58,16,29
1,<environment.Job instance at 0x7f2bba37faf0>,24,2,[ 3 12],25,58,60,33,31
1,<environment.Job instance at 0x7f2bba37fd70>,28,2,[5 8],29,40,42,11,32
1,<environment.Job instance at 0x7f2bba37fd20>,29,24,[5 1],30,42,66,12,42
1,<environment.Job instance at 0x7f2bba37f140>,12,13,[ 2 12],13,60,73,47,46
1,<environment.Job instance at 0x7f2bba381190>,35,3,[9 5],36,73,76,37,48
1,<environment.Job instance at 0x7f2bba381500>,37,2,[5 1],38,58,60,20,51
1,<environment.Job instance at 0x7f2bba381780>,41,3,[14  5],42,76,79,34,52
1,<environment.Job instance at 0x7f2bba385dc0>,0,2,[6 2],1,1,3,0,1
1,<environment.Job instance at 0x7f2bba3850f0>,1,15,[4 5],2,2,17,0,2
1,<environment.Job instance at 0x7f2bc39c4870>,2,18,[ 3 10],3,3,21,0,3
1,<environment.Job instance at 0x7f2bba386500>,7,12,[7 2],8,17,29,9,17
1,<environment.Job instance at 0x7f2bba3863c0>,11,1,[8 4],12,21,22,9,21
1,<environment.Job instance at 0x7f2bba37aa50>,3,13,[3 8],4,22,35,18,22
1,<environment.Job instance at 0x7f2bba3867d0>,13,15,[4 5],14,22,37,8,22
1,<environment.Job instance at 0x7f2bba3865f0>,9,17,[8 1],10,29,46,19,29
1,<environment.Job instance at 0x7f2bba386550>,10,14,[1 6],11,35,49,24,35
1,<environment.Job instance at 0x7f2bba386a50>,18,18,[3 6],19,37,55,18,37
1,<environment.Job instance at 0x7f2bba386dc0>,22,3,[4 6],23,49,52,26,49
1,<environment.Job instance at 0x7f2bba3890f0>,25,16,[5 3],26,49,65,23,49
1,<environment.Job instance at 0x7f2bba386460>,5,18,[7 5],6,52,70,46,52
1,<environment.Job instance at 0x7f2bba3892d0>,28,2,[5 8],29,66,68,37,66
1,<environment.Job instance at 0x7f2bba389550>,31,13,[4 5],32,68,81,36,68
1,<environment.Job instance at 0x7f2bb9ac2730>,1,13,[7 2],2,2,15,0,2
1,<environment.Job instance at 0x7f2bb9ac1460>,9,15,[4 7],10,10,25,0,10
1,<environment.Job instance at 0x7f2bb9ac1410>,12,2,[10  3],13,15,17,2,13
1,<environment.Job instance at 0x7f2bb9ac1af0>,18,3,[9 5],19,19,22,0,19
1,<environment.Job instance at 0x7f2bb9ab7870>,20,2,[5 5],21,22,24,1,21
1,<environment.Job instance at 0x7f2bb9ab7af0>,22,3,[2 8],23,24,27,1,23
1,<environment.Job instance at 0x7f2bb9ac00a0>,27,1,[5 8],28,28,29,0,28
1,<environment.Job instance at 0x7f2bb9ac0230>,28,2,[10  4],29,29,31,0,29
1,<environment.Job instance at 0x7f2bb9ac10f0>,19,18,[ 4 11],20,32,50,12,32
1,<environment.Job instance at 0x7f2bb9ac0f50>,29,14,[6 1],30,36,50,6,36
1,<environment.Job instance at 0x7f2bb9ac07d0>,34,14,[6 5],35,50,64,15,36
1,<environment.Job instance at 0x7f2bb9c24190>,35,18,[5 3],36,36,54,0,36
1,<environment.Job instance at 0x7f2bb9bf5140>,36,16,[7 3],37,54,70,17,41
1,<environment.Job instance at 0x7f2bb9bf5190>,37,13,[6 5],38,64,77,26,48
1,<environment.Job instance at 0x7f2bb9bf5820>,38,15,[9 4],39,70,85,31,56
1,<environment.Job instance at 0x7f2bb9b79d70>,0,22,[5 6],1,1,23,0,1
1,<environment.Job instance at 0x7f2bb9b980a0>,1,13,[7 2],2,2,15,0,2
1,<environment.Job instance at 0x7f2bb9b9b050>,8,13,[1 5],9,15,28,6,15
1,<environment.Job instance at 0x7f2bb9bc5e60>,4,14,[9 1],5,15,29,10,15
1,<environment.Job instance at 0x7f2bb9b9b0a0>,9,15,[4 7],10,23,38,13,23
1,<environment.Job instance at 0x7f2bb9b9b8c0>,11,17,[2 7],12,28,45,16,28
1,<environment.Job instance at 0x7f2bb9b9be10>,12,2,[10  3],13,38,40,25,38
1,<environment.Job instance at 0x7f2bb9b30690>,18,3,[9 5],19,40,43,21,40
1,<environment.Job instance at 0x7f2bb9b28a00>,20,2,[5 5],21,43,45,22,43
1,<environment.Job instance at 0x7f2bb9b36c30>,27,1,[5 8],28,45,46,17,45
1,<environment.Job instance at 0x7f2bb9b360f0>,28,2,[10  4],29,45,47,16,45
1,<environment.Job instance at 0x7f2bb9b2b780>,22,3,[2 8],23,46,49,23,46
1,<environment.Job instance at 0x7f2bb9b36b90>,29,14,[6 1],30,47,61,17,47
1,<environment.Job instance at 0x7f2bb9b305a0>,17,17,[7 4],18,47,64,29,47
1,<environment.Job instance at 0x7f2bb9b3e230>,33,17,[ 2 10],34,50,67,16,50
1,<environment.Job instance at 0x7f2bb9b3e280>,34,14,[6 5],35,64,78,29,64
1,<environment.Job instance at 0x7f2bb9b3ebe0>,36,16,[7 3],37,67,83,30,67
1,<environment.Job instance at 0x7f2bb9b1efa0>,2,14,[5 1],3,3,17,0,3
1,<environment.Job instance at 0x7f2bb9975a50>,3,3,[1 7],4,4,7,0,4
1,<environment.Job instance at 0x7f2bb9975d20>,5,19,[1 5],6,6,25,0,6
1,<environment.Job instance at 0x7f2bb9975af0>,7,2,[7 2],8,8,10,0,8
1,<environment.Job instance at 0x7f2bb9975140>,9,15,[6 2],10,10,25,0,10
1,<environment.Job instance at 0x7f2bb9975190>,10,15,[6 2],11,17,32,6,11
1,<environment.Job instance at 0x7f2bb99729b0>,13,3,[5 5],14,25,28,11,14
1,<environment.Job instance at 0x7f2bb9972140>,14,13,[2 6],15,15,28,0,15
1,<environment.Job instance at 0x7f2bb99757d0>,16,16,[6 2],17,28,44,11,17
1,<environment.Job instance at 0x7f2bb9976f50>,17,1,[ 5 12],18,32,33,14,18
1,<environment.Job instance at 0x7f2bb9976e60>,19,14,[3 8],20,33,47,13,20
1,<environment.Job instance at 0x7f2bb9976dc0>,25,2,[ 1 14],26,47,49,21,26
1,<environment.Job instance at 0x7f2bb9976c30>,28,13,[1 9],29,49,62,20,33
1,<environment.Job instance at 0x7f2bb9a1e2d0>,29,3,[ 5 11],30,62,65,32,40
1,<environment.Job instance at 0x7f2bb9a1ed70>,40,1,[7 4],41,44,45,3,42
1,<environment.Job instance at 0x7f2bb9a1e410>,35,14,[5 3],36,49,63,13,42
1,<environment.Job instance at 0x7f2bb99ac820>,42,14,[4 7],43,65,79,22,50
1,<environment.Job instance at 0x7f2bb99acd70>,45,19,[5 1],46,50,69,4,50
1,<environment.Job instance at 0x7f2bb99ac5f0>,46,2,[8 2],47,69,71,22,50
1,<environment.Job instance at 0x7f2bb99c25a0>,53,2,[ 1 10],54,79,81,25,54
1,<environment.Job instance at 0x7f2bb99c2460>,54,2,[ 1 11],55,81,83,26,55
1,<environment.Job instance at 0x7f2bb99c24b0>,55,3,[8 2],56,71,74,15,56
1,<environment.Job instance at 0x7f2bb99ac640>,51,12,[ 5 11],52,83,95,31,66
1,<environment.Job instance at 0x7f2bb99fcb40>,62,2,[ 3 12],63,95,97,32,68
1,<environment.Job instance at 0x7f2bb99fca00>,57,3,[5 4],58,74,77,16,69
1,<environment.Job instance at 0x7f2bb9a1edc0>,1,18,[10  5],2,2,20,0,2
1,<environment.Job instance at 0x7f2bb99c2a00>,2,14,[5 1],3,3,17,0,3
1,<environment.Job instance at 0x7f2bb99ac230>,3,3,[1 7],4,17,20,13,17
1,<environment.Job instance at 0x7f2bb99fc5f0>,7,2,[7 2],8,20,22,12,20
1,<environment.Job instance at 0x7f2bb9975dc0>,13,3,[5 5],14,20,23,6,20
1,<environment.Job instance at 0x7f2bb996b640>,14,13,[2 6],15,20,33,5,20
1,<environment.Job instance at 0x7f2bb9975870>,9,15,[6 2],10,22,37,12,22
1,<environment.Job instance at 0x7f2bb9975640>,10,15,[6 2],11,23,38,12,23
1,<environment.Job instance at 0x7f2bb996b280>,19,14,[3 8],20,33,47,13,33
1,<environment.Job instance at 0x7f2bb996bf50>,16,16,[6 2],17,37,53,20,37
1,<environment.Job instance at 0x7f2bb99681e0>,28,13,[1 9],29,47,60,18,47
1,<environment.Job instance at 0x7f2bb99680f0>,33,16,[3 5],34,53,69,19,53
1,<environment.Job instance at 0x7f2bb9968410>,35,14,[5 3],36,60,74,24,60
1,<environment.Job instance at 0x7f2bb9968050>,32,18,[4 6],33,60,78,27,60
1,<environment.Job instance at 0x7f2bba1bdc30>,0,13,[5 1],1,1,14,0,1
1,<environment.Job instance at 0x7f2bba1bdbe0>,3,2,[11  2],4,14,16,10,4
1,<environment.Job instance at 0x7f2bba3e22d0>,5,15,[3 5],6,6,21,0,6
1,<environment.Job instance at 0x7f2bba3e2870>,9,13,[10  1],10,16,29,6,12
1,<environment.Job instance at 0x7f2bb9972b90>,10,16,[7 2],11,29,45,18,16
1,<environment.Job instance at 0x7f2bba3e2d70>,11,18,[ 1 10],12,29,47,17,29
1,<environment.Job instance at 0x7f2bb99e1410>,0,13,[5 1],1,1,14,0,1
1,<environment.Job instance at 0x7f2bb99e1550>,5,15,[3 5],6,6,21,0,6
1,<environment.Job instance at 0x7f2bb99e1f50>,10,16,[7 2],11,11,27,0,11
1,<environment.Job instance at 0x7f2bb996b3c0>,16,1,[3 8],17,21,22,4,21
1,<environment.Job instance at 0x7f2bb996b140>,17,15,[5 6],18,22,37,4,22
1,<environment.Job instance at 0x7f2bb996b960>,19,17,[3 5],20,22,39,2,22
1,<environment.Job instance at 0x7f2bba3e2730>,21,1,[7 2],22,37,38,15,37
1,<environment.Job instance at 0x7f2bba1bda00>,25,2,[6 4],26,38,40,12,38
1,<environment.Job instance at 0x7f2bb996bb40>,20,15,[ 5 10],21,39,54,18,39
1,<environment.Job instance at 0x7f2bb99e10a0>,9,13,[10  1],10,40,53,30,40
1,<environment.Job instance at 0x7f2bba450be0>,32,16,[7 4],33,53,69,20,53
1,<environment.Job instance at 0x7f2bba450320>,36,3,[3 9],37,55,58,18,55
1,<environment.Job instance at 0x7f2bba450190>,35,16,[7 4],36,58,74,22,58
1,<environment.Job instance at 0x7f2bba438a00>,40,17,[2 6],41,69,86,28,69
1,<environment.Job instance at 0x7f2bba4380a0>,39,21,[6 4],40,69,90,29,69
1,<environment.Job instance at 0x7f2bbaa2fc80>,0,3,[5 4],1,1,4,0,1
1,<environment.Job instance at 0x7f2bba0bc460>,2,1,[ 5 14],3,4,5,1,3
1,<environment.Job instance at 0x7f2bba0bce10>,3,13,[5 7],4,5,18,1,4
1,<environment.Job instance at 0x7f2bba0b7550>,4,2,[10  1],5,5,7,0,5
1,<environment.Job instance at 0x7f2bba0b7320>,5,16,[6 2],6,7,23,1,6
1,<environment.Job instance at 0x7f2bba0bcd70>,10,2,[9 1],11,18,20,7,11
1,<environment.Job instance at 0x7f2bba0c4f50>,12,12,[2 7],13,20,32,7,13
1,<environment.Job instance at 0x7f2bba0c4be0>,15,3,[5 3],16,20,23,4,17
1,<environment.Job instance at 0x7f2bba0c40a0>,18,18,[12  1],19,23,41,4,19
1,<environment.Job instance at 0x7f2bba0c4550>,19,15,[ 1 13],20,32,47,12,21
1,<environment.Job instance at 0x7f2bba0c45a0>,22,2,[8 1],23,41,43,18,29
1,<environment.Job instance at 0x7f2bba0e52d0>,23,1,[10  2],24,43,44,19,29
1,<environment.Job instance at 0x7f2bb9d3d3c0>,26,14,[5 3],27,47,61,20,32
1,<environment.Job instance at 0x7f2bb9dd1c80>,32,1,[8 5],33,47,48,14,33
1,<environment.Job instance at 0x7f2bba176af0>,33,14,[2 8],34,48,62,14,35
1,<environment.Job instance at 0x7f2bba1836e0>,35,2,[7 1],36,44,46,8,36
1,<environment.Job instance at 0x7f2bba187be0>,38,2,[4 6],39,61,63,22,39
1,<environment.Job instance at 0x7f2bba16c3c0>,20,1,[11  3],21,62,63,41,45
1,<environment.Job instance at 0x7f2bb9dba870>,47,3,[5 8],48,63,66,15,48
1,<environment.Job instance at 0x7f2bb9dba280>,49,3,[ 2 14],50,66,69,16,50
1,<environment.Job instance at 0x7f2bb9dae5f0>,51,2,[1 7],52,63,65,11,52
1,<environment.Job instance at 0x7f2bb9dae280>,53,13,[ 4 10],54,69,82,15,54
1,<environment.Job instance at 0x7f2bb9dae690>,56,13,[2 5],57,69,82,12,57
1,<environment.Job instance at 0x7f2bbaa7c7d0>,0,3,[5 4],1,1,4,0,1
1,<environment.Job instance at 0x7f2bbaa7cfa0>,3,13,[5 7],4,4,17,0,4
1,<environment.Job instance at 0x7f2bbaa7c8c0>,4,2,[10  1],5,5,7,0,5
1,<environment.Job instance at 0x7f2bb9ec0140>,5,16,[6 2],6,7,23,1,7
1,<environment.Job instance at 0x7f2bbaa7c320>,10,2,[9 1],11,17,19,6,17
1,<environment.Job instance at 0x7f2bba43ef00>,15,3,[5 3],16,19,22,3,19
1,<environment.Job instance at 0x7f2bba43eb90>,12,12,[2 7],13,19,31,6,19
1,<environment.Job instance at 0x7f2bba43ec80>,9,16,[7 2],10,22,38,12,22
1,<environment.Job instance at 0x7f2bba438c30>,22,2,[8 1],23,31,33,8,31
1,<environment.Job instance at 0x7f2bb996be60>,27,14,[8 5],28,33,47,5,33
1,<environment.Job instance at 0x7f2bba3e2d20>,26,14,[5 3],27,38,52,11,38
1,<environment.Job instance at 0x7f2bb996bf50>,32,1,[8 5],33,47,48,14,47
1,<environment.Job instance at 0x7f2bba1bd8c0>,23,1,[10  2],24,48,49,24,48
1,<environment.Job instance at 0x7f2bb996b280>,35,2,[7 1],36,49,51,13,49
1,<environment.Job instance at 0x7f2bba12b3c0>,33,14,[2 8],34,49,63,15,49
1,<environment.Job instance at 0x7f2bba450a50>,37,16,[8 3],38,51,67,13,51
1,<environment.Job instance at 0x7f2bba4502d0>,38,2,[4 6],39,63,65,24,63
1,<environment.Job instance at 0x7f2bba450280>,40,14,[7 1],41,65,79,24,65
1,<environment.Job instance at 0x7f2bba450550>,43,14,[ 3 10],44,67,81,23,67
1,<environment.Job instance at 0x7f2bb9dcae10>,3,1,[ 2 11],4,4,5,0,4
1,<environment.Job instance at 0x7f2bb9dca730>,4,14,[3 6],5,5,19,0,5
1,<environment.Job instance at 0x7f2bb9dca8c0>,7,1,[ 2 11],8,19,20,11,8
1,<environment.Job instance at 0x7f2bb9dca960>,8,16,[2 6],9,20,36,11,9
1,<environment.Job instance at 0x7f2bb9dca9b0>,13,27,[5 1],14,15,42,1,15
1,<environment.Job instance at 0x7f2bb9dcaa00>,15,26,[5 4],16,20,46,4,17
1,<environment.Job instance at 0x7f2bb9dca550>,16,3,[5 9],17,36,39,19,20
1,<environment.Job instance at 0x7f2bb9dbf460>,19,3,[2 7],20,39,42,19,21
1,<environment.Job instance at 0x7f2bb9dbf1e0>,21,3,[4 7],22,42,45,20,22
1,<environment.Job instance at 0x7f2bb9dcaf50>,17,15,[1 9],18,45,60,27,31
1,<environment.Job instance at 0x7f2bba0bd8c0>,25,2,[6 3],26,42,44,16,31
1,<environment.Job instance at 0x7f2bb9dbfaf0>,23,17,[7 1],24,45,62,21,37
1,<environment.Job instance at 0x7f2bb9dbf960>,18,12,[ 2 11],19,60,72,41,43
1,<environment.Job instance at 0x7f2bba0bdb90>,32,3,[9 2],33,62,65,29,44
1,<environment.Job instance at 0x7f2bba0bd5a0>,34,3,[10  4],35,65,68,30,48
1,<environment.Job instance at 0x7f2bb9dca0a0>,10,16,[ 3 12],11,72,88,61,60
1,<environment.Job instance at 0x7f2bba20ab40>,49,3,[1 6],50,88,91,38,62
1,<environment.Job instance at 0x7f2bba0b72d0>,1,17,[2 8],2,2,19,0,2
1,<environment.Job instance at 0x7f2bba0b26e0>,4,14,[3 6],5,5,19,0,5
1,<environment.Job instance at 0x7f2bba16ba00>,16,3,[5 9],17,19,22,2,19
1,<environment.Job instance at 0x7f2bb9de4050>,8,16,[2 6],9,19,35,10,19
1,<environment.Job instance at 0x7f2bba16b4b0>,19,3,[2 7],20,22,25,2,22
1,<environment.Job instance at 0x7f2bba16ba50>,21,3,[4 7],22,25,28,3,25
1,<environment.Job instance at 0x7f2bba16b1e0>,23,17,[7 1],24,25,42,1,25
1,<environment.Job instance at 0x7f2bba16b960>,24,18,[3 8],25,28,46,3,28
1,<environment.Job instance at 0x7f2bb9dcafa0>,12,22,[1 6],13,35,57,22,35
1,<environment.Job instance at 0x7f2bba16b820>,25,2,[6 3],26,46,48,20,46
1,<environment.Job instance at 0x7f2bb9d63f00>,31,14,[3 6],32,48,62,16,48
1,<environment.Job instance at 0x7f2bb9d63cd0>,32,3,[9 2],33,48,51,15,48
1,<environment.Job instance at 0x7f2bba16b140>,17,15,[1 9],18,57,72,39,57
1,<environment.Job instance at 0x7f2bb9d63050>,34,3,[10  4],35,62,65,27,62
1,<environment.Job instance at 0x7f2bbaed5190>,4,2,[2 8],5,5,7,0,5
1,<environment.Job instance at 0x7f2bbaed53c0>,7,3,[5 9],8,8,11,0,8
1,<environment.Job instance at 0x7f2bbaed5460>,8,25,[6 1],9,9,34,0,9
1,<environment.Job instance at 0x7f2bbaed5730>,11,1,[5 7],12,12,13,0,12
1,<environment.Job instance at 0x7f2bbaed5960>,14,15,[6 4],15,15,30,0,15
1,<environment.Job instance at 0x7f2bbaed5af0>,16,2,[5 3],17,30,32,13,17
1,<environment.Job instance at 0x7f2bbaed5cd0>,20,3,[ 2 10],21,21,24,0,21
1,<environment.Job instance at 0x7f2bbaed5c80>,19,16,[2 6],20,24,40,4,22
1,<environment.Job instance at 0x7f2bbaed5f00>,22,3,[9 1],23,34,37,11,23
1,<environment.Job instance at 0x7f2bbaed5be0>,18,13,[7 1],19,37,50,18,24
1,<environment.Job instance at 0x7f2bbaea82d0>,24,2,[3 5],25,32,34,7,25
1,<environment.Job instance at 0x7f2bbaed5e10>,21,16,[ 5 13],22,40,56,18,28
1,<environment.Job instance at 0x7f2bbaea8820>,32,1,[ 2 11],33,56,57,23,35
1,<environment.Job instance at 0x7f2bbaea85f0>,29,3,[10  3],30,56,59,26,36
1,<environment.Job instance at 0x7f2bbaea8960>,34,12,[3 5],35,57,69,22,41
1,<environment.Job instance at 0x7f2bb9d5e820>,0,16,[2 7],1,1,17,0,1
1,<environment.Job instance at 0x7f2bb9d5eeb0>,1,20,[7 4],2,2,22,0,2
1,<environment.Job instance at 0x7f2bb9d5ecd0>,11,1,[5 7],12,17,18,5,17
1,<environment.Job instance at 0x7f2bb9d5e4b0>,4,2,[2 8],5,18,20,13,18
1,<environment.Job instance at 0x7f2bba20f500>,16,2,[5 3],17,18,20,1,18
1,<environment.Job instance at 0x7f2bb9d5eaf0>,7,3,[5 9],8,20,23,12,20
1,<environment.Job instance at 0x7f2bb9d5e690>,12,12,[10  3],13,22,34,9,22
1,<environment.Job instance at 0x7f2bba20fe60>,20,3,[ 2 10],21,23,26,2,23
1,<environment.Job instance at 0x7f2bba20f0a0>,17,15,[5 7],18,26,41,8,26
1,<environment.Job instance at 0x7f2bb9d63050>,24,2,[3 5],25,34,36,9,34
1,<environment.Job instance at 0x7f2bba20ff50>,18,13,[7 1],19,34,47,15,34
1,<environment.Job instance at 0x7f2bba20f370>,19,16,[2 6],20,36,52,16,36
1,<environment.Job instance at 0x7f2bb9d5ebe0>,14,15,[6 4],15,41,56,26,41
1,<environment.Job instance at 0x7f2bb9d637d0>,22,3,[9 1],23,52,55,29,52
1,<environment.Job instance at 0x7f2bba16ba50>,34,12,[3 5],35,55,67,20,55
1,<environment.Job instance at 0x7f2bb9d63230>,29,3,[10  3],30,56,59,26,56
1,<environment.Job instance at 0x7f2bba16b910>,38,3,[10  3],39,59,62,20,59
1,<environment.Job instance at 0x7f2bba16b140>,41,14,[3 5],42,62,76,20,62
1,<environment.Job instance at 0x7f2bb9d63820>,28,17,[9 1],29,62,79,33,62
1,<environment.Job instance at 0x7f2bba16ba00>,42,3,[2 8],43,67,70,24,67
1,<environment.Job instance at 0x7f2bba834730>,0,1,[1 6],1,1,2,0,1
1,<environment.Job instance at 0x7f2bb99cc910>,6,2,[4 9],7,9,11,2,9
1,<environment.Job instance at 0x7f2bbaed57d0>,0,1,[1 6],1,1,2,0,1
1,<environment.Job instance at 0x7f2bba0bdaf0>,1,22,[6 4],2,2,24,0,2
1,<environment.Job instance at 0x7f2bb9d63f50>,4,17,[2 5],5,5,22,0,5
1,<environment.Job instance at 0x7f2bb9d631e0>,9,18,[6 2],10,10,28,0,10
1,<environment.Job instance at 0x7f2bba0bccd0>,6,2,[4 9],7,24,26,17,24
1,<environment.Job instance at 0x7f2bb9d5ebe0>,16,1,[2 5],17,26,27,9,26
1,<environment.Job instance at 0x7f2bb9d638c0>,15,15,[6 5],16,26,41,10,26
1,<environment.Job instance at 0x7f2bb9d63a50>,5,14,[8 2],6,28,42,22,28
1,<environment.Job instance at 0x7f2bb9d5e370>,24,12,[3 8],25,41,53,16,41
1,<environment.Job instance at 0x7f2bb9d5e910>,18,17,[7 3],19,42,59,23,42
1,<environment.Job instance at 0x7f2bb9d5e0f0>,26,13,[1 9],27,53,66,26,53
1,<environment.Job instance at 0x7f2bb9d5ed20>,27,16,[4 5],28,59,75,31,59
1,<environment.Job instance at 0x7f2bb9dc6af0>,32,2,[2 5],33,66,68,33,66
1,<environment.Job instance at 0x7f2bb99cc960>,33,16,[8 4],34,66,82,32,66
1,<environment.Job instance at 0x7f2bbacd8cd0>,0,14,[6 4],1,1,15,0,1
1,<environment.Job instance at 0x7f2bbacd8690>,3,3,[1 6],4,4,7,0,4
1,<environment.Job instance at 0x7f2bc3528460>,6,14,[7 5],7,7,21,0,7
1,<environment.Job instance at 0x7f2bc3528820>,7,12,[6 1],8,15,27,7,8
1,<environment.Job instance at 0x7f2bc3528730>,8,2,[ 3 10],9,21,23,12,9
1,<environment.Job instance at 0x7f2bc35285f0>,9,3,[5 1],10,21,24,11,10
1,<environment.Job instance at 0x7f2bc3528aa0>,10,2,[11  4],11,27,29,16,11
1,<environment.Job instance at 0x7f2bbacd8fa0>,12,1,[5 1],13,24,25,11,16
1,<environment.Job instance at 0x7f2bc3528690>,17,2,[ 4 13],18,23,25,5,18
1,<environment.Job instance at 0x7f2bc35280f0>,15,19,[ 1 12],16,29,48,13,21
1,<environment.Job instance at 0x7f2bbab28190>,22,2,[ 5 12],23,48,50,25,28
1,<environment.Job instance at 0x7f2bc3528eb0>,19,12,[8 2],20,29,41,9,29
1,<environment.Job instance at 0x7f2bbab281e0>,26,1,[5 7],27,50,51,23,29
1,<environment.Job instance at 0x7f2bbab28640>,28,3,[12  3],29,41,44,12,29
1,<environment.Job instance at 0x7f2bbab28d20>,29,3,[5 3],30,44,47,14,30
1,<environment.Job instance at 0x7f2bbab280f0>,33,12,[8 2],34,47,59,13,34
1,<environment.Job instance at 0x7f2bbab28870>,36,3,[9 1],37,59,62,22,38
1,<environment.Job instance at 0x7f2bbab28b40>,37,1,[7 4],38,51,52,13,38
1,<environment.Job instance at 0x7f2bb9a5c5f0>,38,12,[5 5],39,52,64,13,39
1,<environment.Job instance at 0x7f2bbab28be0>,23,16,[5 5],24,62,78,38,49
1,<environment.Job instance at 0x7f2bbace5a50>,47,1,[5 1],48,62,63,14,52
1,<environment.Job instance at 0x7f2bbace5910>,50,13,[ 3 12],51,78,91,27,62
1,<environment.Job instance at 0x7f2bbace5eb0>,53,1,[ 1 14],54,91,92,37,63
1,<environment.Job instance at 0x7f2bba327550>,61,3,[5 9],62,67,70,5,67
1,<environment.Job instance at 0x7f2bba3278c0>,62,2,[6 4],63,70,72,7,67
1,<environment.Job instance at 0x7f2bba327f50>,63,2,[3 5],64,70,72,6,67
1,<environment.Job instance at 0x7f2bb9efee10>,67,2,[2 9],68,72,74,4,68
1,<environment.Job instance at 0x7f2bbab51460>,0,14,[6 4],1,1,15,0,1
1,<environment.Job instance at 0x7f2bb9dd1a50>,3,3,[1 6],4,4,7,0,4
1,<environment.Job instance at 0x7f2bb9d362d0>,6,14,[7 5],7,7,21,0,7
1,<environment.Job instance at 0x7f2bb9c8d640>,12,1,[5 1],13,15,16,2,15
1,<environment.Job instance at 0x7f2bba627320>,8,2,[ 3 10],9,16,18,7,16
1,<environment.Job instance at 0x7f2bb9a960a0>,9,3,[5 1],10,18,21,8,18
1,<environment.Job instance at 0x7f2bba627500>,7,12,[6 1],8,21,33,13,21
1,<environment.Job instance at 0x7f2bba40db90>,19,12,[8 2],20,21,33,1,21
1,<environment.Job instance at 0x7f2bba156140>,26,1,[5 7],27,33,34,6,33
1,<environment.Job instance at 0x7f2bbab219b0>,29,3,[5 3],30,33,36,3,33
1,<environment.Job instance at 0x7f2bba799820>,23,16,[5 5],24,33,49,9,33
1,<environment.Job instance at 0x7f2bbaa7ec80>,27,18,[1 5],28,34,52,6,34
1,<environment.Job instance at 0x7f2bc3741640>,33,12,[8 2],34,36,48,2,36
1,<environment.Job instance at 0x7f2bbae98a50>,36,3,[9 1],37,48,51,11,48
1,<environment.Job instance at 0x7f2bb9ff9be0>,32,12,[4 8],33,49,61,16,49
1,<environment.Job instance at 0x7f2bbae98870>,37,1,[7 4],38,52,53,14,52
1,<environment.Job instance at 0x7f2bbae98cd0>,38,12,[5 5],39,53,65,14,53
1,<environment.Job instance at 0x7f2bb9a96af0>,11,14,[9 5],12,61,75,49,61
1,<environment.Job instance at 0x7f2bba2f6500>,41,14,[4 9],42,65,79,23,65
1,<environment.Job instance at 0x7f2bc3514a00>,0,13,[6 1],1,1,14,0,1
1,<environment.Job instance at 0x7f2bc3514af0>,1,13,[1 8],2,2,15,0,2
1,<environment.Job instance at 0x7f2bc3514410>,4,13,[ 5 10],5,15,28,10,5
1,<environment.Job instance at 0x7f2bba6e9be0>,5,15,[6 1],6,6,21,0,6
1,<environment.Job instance at 0x7f2bba6e9f00>,6,3,[7 4],7,21,24,14,7
1,<environment.Job instance at 0x7f2bba6e9d20>,13,2,[2 9],14,28,30,14,14
1,<environment.Job instance at 0x7f2bba6e9910>,14,2,[13  3],15,28,30,13,15
1,<environment.Job instance at 0x7f2bba6e9c30>,15,1,[8 1],16,24,25,8,16
1,<environment.Job instance at 0x7f2bba6e9640>,18,14,[5 4],19,30,44,11,20
1,<environment.Job instance at 0x7f2bbab21500>,17,12,[10  3],18,30,42,12,23
1,<environment.Job instance at 0x7f2bbab21b90>,23,2,[ 5 13],24,44,46,20,24
1,<environment.Job instance at 0x7f2bbab21230>,25,1,[4 9],26,42,43,16,26
1,<environment.Job instance at 0x7f2bbab21410>,26,12,[3 5],27,46,58,19,29
1,<environment.Job instance at 0x7f2bbab217d0>,27,21,[9 2],28,43,64,15,38
1,<environment.Job instance at 0x7f2bbab21460>,29,17,[4 7],30,58,75,28,48
1,<environment.Job instance at 0x7f2bbab21730>,20,20,[4 5],21,64,84,43,63
1,<environment.Job instance at 0x7f2bbab21370>,30,22,[9 1],31,75,97,44,69
1,<environment.Job instance at 0x7f2bbadad730>,0,13,[6 1],1,1,14,0,1
1,<environment.Job instance at 0x7f2bba651910>,1,13,[1 8],2,2,15,0,2
1,<environment.Job instance at 0x7f2bba8c1280>,5,15,[6 1],6,6,21,0,6
1,<environment.Job instance at 0x7f2bbab120a0>,6,3,[7 4],7,14,17,7,14
1,<environment.Job instance at 0x7f2bba8c1a00>,4,13,[ 5 10],5,17,30,12,17
1,<environment.Job instance at 0x7f2bc3594cd0>,15,1,[8 1],16,21,22,5,21
1,<environment.Job instance at 0x7f2bba8f7eb0>,9,12,[10  3],10,22,34,12,22
1,<environment.Job instance at 0x7f2bba297eb0>,13,2,[2 9],14,30,32,16,30
1,<environment.Job instance at 0x7f2bba49a910>,18,14,[5 4],19,32,46,13,32
1,<environment.Job instance at 0x7f2bba7b57d0>,17,12,[10  3],18,34,46,16,34
1,<environment.Job instance at 0x7f2bba32de60>,25,1,[4 9],26,46,47,20,46
1,<environment.Job instance at 0x7f2bbafacd20>,26,12,[3 5],27,46,58,19,46
1,<environment.Job instance at 0x7f2bba5f3140>,19,15,[10  1],20,47,62,27,47
1,<environment.Job instance at 0x7f2bb9f779b0>,22,17,[2 6],23,47,64,24,47
1,<environment.Job instance at 0x7f2bba305910>,33,15,[10  1],34,62,77,28,62
1,<environment.Job instance at 0x7f2bba8c1780>,8,15,[5 9],9,64,79,55,64
1,<environment.Job instance at 0x7f2bba4493c0>,2,2,[ 2 13],3,3,5,0,3
1,<environment.Job instance at 0x7f2bba449410>,5,12,[1 7],6,6,18,0,6
1,<environment.Job instance at 0x7f2bba318f50>,6,15,[3 7],7,7,22,0,7
1,<environment.Job instance at 0x7f2bbab42960>,8,12,[1 8],9,18,30,9,9
1,<environment.Job instance at 0x7f2bbab425a0>,9,16,[5 1],10,22,38,12,10
1,<environment.Job instance at 0x7f2bb9bc96e0>,13,3,[14  5],14,38,41,24,14
1,<environment.Job instance at 0x7f2bb9bc9d20>,11,14,[4 5],12,22,36,10,14
1,<environment.Job instance at 0x7f2bb9bc9280>,16,1,[8 1],17,17,18,0,17
1,<environment.Job instance at 0x7f2bb9b65d20>,19,2,[10  4],20,36,38,16,21
1,<environment.Job instance at 0x7f2bb9bc9be0>,15,15,[ 1 10],16,38,53,22,24
1,<environment.Job instance at 0x7f2bba449b90>,12,18,[2 5],13,41,59,28,33
1,<environment.Job instance at 0x7f2bba0f5910>,22,1,[12  2],23,53,54,30,33
1,<environment.Job instance at 0x7f2bb980f280>,17,14,[5 7],18,54,68,36,39
1,<environment.Job instance at 0x7f2bba0f58c0>,25,3,[12  1],26,68,71,42,42
1,<environment.Job instance at 0x7f2bb9f023c0>,24,15,[10  3],25,71,86,46,57
1,<environment.Job instance at 0x7f2bba0f5140>,20,26,[1 6],21,61,87,40,61
1,<environment.Job instance at 0x7f2bb99a3910>,28,3,[14  3],29,86,89,57,61
1,<environment.Job instance at 0x7f2bba49a780>,29,1,[14  5],30,89,90,59,68
1,<environment.Job instance at 0x7f2bbab51d70>,0,18,[6 5],1,1,19,0,1
1,<environment.Job instance at 0x7f2bbab215a0>,5,12,[1 7],6,6,18,0,6
1,<environment.Job instance at 0x7f2bba75b500>,9,16,[5 1],10,10,26,0,10
1,<environment.Job instance at 0x7f2bbab21be0>,8,12,[1 8],9,18,30,9,18
1,<environment.Job instance at 0x7f2bba6e9410>,11,14,[4 5],12,19,33,7,19
1,<environment.Job instance at 0x7f2bba344870>,16,1,[8 1],17,26,27,9,26
1,<environment.Job instance at 0x7f2bba3059b0>,14,14,[1 7],15,30,44,15,30
1,<environment.Job instance at 0x7f2bba3441e0>,18,15,[6 2],19,30,45,11,30
1,<environment.Job instance at 0x7f2bba6e99b0>,12,18,[2 5],13,33,51,20,33
1,<environment.Job instance at 0x7f2bba344320>,17,14,[5 7],18,44,58,26,44
1,<environment.Job instance at 0x7f2bbada7910>,31,1,[7 2],32,51,52,19,51
1,<environment.Job instance at 0x7f2bb9f779b0>,19,2,[10  4],20,52,54,32,52
1,<environment.Job instance at 0x7f2bbada7960>,32,2,[3 7],33,54,56,21,54
1,<environment.Job instance at 0x7f2bbab21140>,6,15,[3 7],7,56,71,49,56
1,<environment.Job instance at 0x7f2bbada74b0>,36,12,[9 1],37,58,70,21,58
1,<environment.Job instance at 0x7f2bba528320>,0,16,[7 2],1,1,17,0,1
1,<environment.Job instance at 0x7f2bba528fa0>,3,3,[4 8],4,4,7,0,4
1,<environment.Job instance at 0x7f2bba528410>,4,13,[5 5],5,7,20,2,5
1,<environment.Job instance at 0x7f2bba528d70>,5,2,[1 6],6,7,9,1,6
1,<environment.Job instance at 0x7f2bc35930a0>,9,3,[2 6],10,10,13,0,10
1,<environment.Job instance at 0x7f2bbae71dc0>,14,12,[ 5 10],15,17,29,2,15
1,<environment.Job instance at 0x7f2bc3593690>,16,14,[5 1],17,20,34,3,19
1,<environment.Job instance at 0x7f2bbae71f00>,17,15,[7 3],18,29,44,11,20
1,<environment.Job instance at 0x7f2bb9e695f0>,20,14,[7 5],21,34,48,13,21
1,<environment.Job instance at 0x7f2bb964d4b0>,21,25,[1 6],22,29,54,7,27
1,<environment.Job instance at 0x7f2bb9e465a0>,23,24,[1 9],24,48,72,24,43
1,<environment.Job instance at 0x7f2bb9e468c0>,24,12,[6 4],25,54,66,29,46
1,<environment.Job instance at 0x7f2bba06b500>,25,12,[7 4],26,66,78,40,58
1,<environment.Job instance at 0x7f2bba3220a0>,26,3,[ 3 10],27,72,75,45,58
1,<environment.Job instance at 0x7f2bb9e4c910>,27,1,[7 3],28,75,76,47,58
1,<environment.Job instance at 0x7f2bba7646e0>,0,16,[7 2],1,1,17,0,1
1,<environment.Job instance at 0x7f2bba764640>,1,16,[ 3 10],2,2,18,0,2
1,<environment.Job instance at 0x7f2bba7455f0>,7,1,[5 1],8,8,9,0,8
1,<environment.Job instance at 0x7f2bba764c80>,4,13,[5 5],5,17,30,12,17
1,<environment.Job instance at 0x7f2bba764e60>,5,2,[1 6],6,18,20,12,18
1,<environment.Job instance at 0x7f2bba7421e0>,16,14,[5 1],17,18,32,1,18
1,<environment.Job instance at 0x7f2bb9e720f0>,3,3,[4 8],4,20,23,16,20
1,<environment.Job instance at 0x7f2bba75d5f0>,9,3,[2 6],10,23,26,13,23
1,<environment.Job instance at 0x7f2bba764eb0>,2,16,[5 7],3,26,42,23,26
1,<environment.Job instance at 0x7f2bbaa980a0>,20,14,[7 5],21,32,46,11,32
1,<environment.Job instance at 0x7f2bba742f00>,14,12,[ 5 10],15,42,54,27,42
1,<environment.Job instance at 0x7f2bba775730>,25,12,[7 4],26,46,58,20,46
1,<environment.Job instance at 0x7f2bba1c0aa0>,26,3,[ 3 10],27,54,57,27,54
1,<environment.Job instance at 0x7f2bba1c0d70>,27,1,[7 3],28,57,58,29,57
1,<environment.Job instance at 0x7f2bba7753c0>,24,12,[6 4],25,58,70,33,58
1,<environment.Job instance at 0x7f2bba76a460>,29,14,[4 7],30,58,72,28,58
1,<environment.Job instance at 0x7f2bb9634d70>,1,15,[6 2],2,2,17,0,2
1,<environment.Job instance at 0x7f2bb9d4b500>,8,1,[ 5 10],9,9,10,0,9
1,<environment.Job instance at 0x7f2bb9d4b640>,11,23,[ 5 10],12,14,37,2,14
1,<environment.Job instance at 0x7f2bb9d4bd70>,16,1,[6 5],17,17,18,0,17
1,<environment.Job instance at 0x7f2bb9d4ba00>,17,12,[2 8],18,37,49,19,20
1,<environment.Job instance at 0x7f2bb9d4b3c0>,13,12,[ 3 13],14,49,61,35,35
1,<environment.Job instance at 0x7f2bb9d4baf0>,20,19,[1 5],21,61,80,40,51
1,<environment.Job instance at 0x7f2bb9d4b2d0>,21,14,[1 7],22,61,75,39,53
1,<environment.Job instance at 0x7f2bb9d4b0f0>,19,18,[7 4],20,75,93,55,64
1,<environment.Job instance at 0x7f2bb9930cd0>,1,15,[6 2],2,2,17,0,2
1,<environment.Job instance at 0x7f2bbad86a00>,2,17,[7 4],3,3,20,0,3
1,<environment.Job instance at 0x7f2bba298dc0>,8,1,[ 5 10],9,17,18,8,17
1,<environment.Job instance at 0x7f2bb99bfaa0>,16,1,[6 5],17,18,19,1,18
1,<environment.Job instance at 0x7f2bb99bf9b0>,17,12,[2 8],18,19,31,1,19
1,<environment.Job instance at 0x7f2bbad53730>,5,17,[3 5],6,20,37,14,20
1,<environment.Job instance at 0x7f2bb9e69140>,18,14,[ 1 10],19,31,45,12,31
1,<environment.Job instance at 0x7f2bb9e69500>,19,18,[7 4],20,37,55,17,37
1,<environment.Job instance at 0x7f2bb9e69280>,21,14,[1 7],22,45,59,23,45
1,<environment.Job instance at 0x7f2bb9e69410>,22,18,[6 4],23,45,63,22,45
1,<environment.Job instance at 0x7f2bba0c2b40>,25,14,[3 9],26,59,73,33,59
1,<environment.Job instance at 0x7f2bba0c28c0>,26,1,[10  5],27,63,64,36,63
1,<environment.Job instance at 0x7f2bba0c2c80>,27,14,[5 3],28,64,78,36,64
1,<environment.Job instance at 0x7f2bbae4e140>,31,15,[7 3],32,64,79,32,64
1,<environment.Job instance at 0x7f2bb9785d70>,7,3,[2 7],8,8,11,0,8
1,<environment.Job instance at 0x7f2bb9785230>,9,12,[3 9],10,11,23,1,10
1,<environment.Job instance at 0x7f2bba959960>,12,18,[6 1],13,13,31,0,13
1,<environment.Job instance at 0x7f2bba959c30>,15,12,[6 1],16,16,28,0,16
1,<environment.Job instance at 0x7f2bb987de10>,19,1,[7 4],20,28,29,8,20
1,<environment.Job instance at 0x7f2bb9cdf640>,21,3,[2 7],22,23,26,1,22
1,<environment.Job instance at 0x7f2bbaccbc30>,23,15,[4 7],24,29,44,5,24
1,<environment.Job instance at 0x7f2bba5e2d20>,25,1,[5 1],26,29,30,3,26
1,<environment.Job instance at 0x7f2bba5e2eb0>,27,13,[8 2],28,31,44,3,28
1,<environment.Job instance at 0x7f2bb9cb6140>,33,13,[1 8],34,44,57,10,34
1,<environment.Job instance at 0x7f2bb9e44dc0>,2,13,[7 4],3,44,57,41,35
1,<environment.Job instance at 0x7f2bba2db0a0>,0,20,[1 8],1,1,21,0,1
1,<environment.Job instance at 0x7f2bba2dbe10>,1,22,[7 2],2,2,24,0,2
1,<environment.Job instance at 0x7f2bb992c050>,2,13,[7 4],3,3,16,0,3
1,<environment.Job instance at 0x7f2bba298be0>,7,3,[2 7],8,21,24,13,21
1,<environment.Job instance at 0x7f2bba298690>,12,18,[6 1],13,21,39,8,21
1,<environment.Job instance at 0x7f2bba5e23c0>,15,12,[6 1],16,24,36,8,24
1,<environment.Job instance at 0x7f2bb9785370>,9,12,[3 9],10,24,36,14,24
1,<environment.Job instance at 0x7f2bb9e3e5f0>,19,1,[7 4],20,36,37,16,36
1,<environment.Job instance at 0x7f2bba959e10>,13,15,[2 8],14,36,51,22,36
1,<environment.Job instance at 0x7f2bb9fea190>,21,3,[2 7],22,39,42,17,39
1,<environment.Job instance at 0x7f2bb95bcfa0>,3,14,[10  2],4,42,56,38,42
1,<environment.Job instance at 0x7f2bb966bc30>,23,15,[4 7],24,51,66,27,51
1,<environment.Job instance at 0x7f2bb966b7d0>,25,1,[5 1],26,56,57,30,56
1,<environment.Job instance at 0x7f2bb9feaaf0>,20,16,[1 7],21,56,72,35,56
1,<environment.Job instance at 0x7f2bb966b640>,27,13,[8 2],28,66,79,38,66
1,<environment.Job instance at 0x7f2bba9238c0>,0,3,[7 3],1,1,4,0,1
1,<environment.Job instance at 0x7f2bba2dbb40>,2,1,[3 6],3,5,6,2,5
1,<environment.Job instance at 0x7f2bba4f3410>,4,17,[2 6],5,5,22,0,5
1,<environment.Job instance at 0x7f2bba4f3870>,10,1,[ 1 11],11,22,23,11,11
1,<environment.Job instance at 0x7f2bba4f33c0>,3,16,[1 9],4,23,39,19,14
1,<environment.Job instance at 0x7f2bba4f3b40>,14,1,[2 5],15,16,17,1,16
1,<environment.Job instance at 0x7f2bba4f3e10>,17,3,[5 6],18,19,22,1,19
1,<environment.Job instance at 0x7f2bba4f3d20>,18,24,[2 6],19,23,47,4,21
1,<environment.Job instance at 0x7f2bc3593190>,0,3,[7 3],1,1,4,0,1
1,<environment.Job instance at 0x7f2bc3593780>,2,1,[3 6],3,3,4,0,3
1,<environment.Job instance at 0x7f2bba19deb0>,3,16,[1 9],4,4,20,0,4
1,<environment.Job instance at 0x7f2bba19d820>,4,17,[2 6],5,5,22,0,5
1,<environment.Job instance at 0x7f2bb9b18140>,14,1,[2 5],15,20,21,5,20
1,<environment.Job instance at 0x7f2bb9b18050>,16,18,[10  2],17,20,38,3,20
1,<environment.Job instance at 0x7f2bb9b18190>,17,3,[5 6],18,22,25,4,22
1,<environment.Job instance at 0x7f2bb9cb6d70>,23,2,[1 5],24,25,27,1,25
1,<environment.Job instance at 0x7f2bb9e3e5f0>,21,17,[2 6],22,25,42,3,25
1,<environment.Job instance at 0x7f2bbaa15460>,28,17,[3 5],29,29,46,0,29
1,<environment.Job instance at 0x7f2bba959230>,31,1,[4 5],32,42,43,10,42
1,<environment.Job instance at 0x7f2bb9e44fa0>,26,15,[4 5],27,42,57,15,42
1,<environment.Job instance at 0x7f2bba298cd0>,34,15,[7 4],35,43,58,8,43
1,<environment.Job instance at 0x7f2bbae2c190>,37,15,[8 1],38,57,72,19,57
1,<environment.Job instance at 0x7f2bb95bcfa0>,40,15,[5 5],41,58,73,17,58
1,<environment.Job instance at 0x7f2bba3b1230>,1,12,[4 6],2,2,14,0,2
1,<environment.Job instance at 0x7f2bba3c7e10>,2,13,[2 6],3,3,16,0,3
1,<environment.Job instance at 0x7f2bba3c7230>,8,3,[6 4],9,14,17,5,9
1,<environment.Job instance at 0x7f2bba3c7690>,11,13,[3 9],12,16,29,4,12
1,<environment.Job instance at 0x7f2bba3c7320>,12,2,[12  4],13,17,19,4,13
1,<environment.Job instance at 0x7f2bba3b1d20>,1,12,[4 6],2,2,14,0,2
1,<environment.Job instance at 0x7f2bb9ba4910>,2,13,[2 6],3,3,16,0,3
1,<environment.Job instance at 0x7f2bb9ba4280>,8,3,[6 4],9,14,17,5,14
1,<environment.Job instance at 0x7f2bb9ba4be0>,11,13,[3 9],12,16,29,4,16
1,<environment.Job instance at 0x7f2bb9b7f870>,16,2,[5 1],17,17,19,0,17
1,<environment.Job instance at 0x7f2bb9ba4870>,3,13,[10  4],4,19,32,15,19
1,<environment.Job instance at 0x7f2bb9b7f5a0>,24,14,[5 8],25,32,46,7,32
1,<environment.Job instance at 0x7f2bb9b7f6e0>,25,13,[7 2],26,32,45,6,32
1,<environment.Job instance at 0x7f2bb9b7f550>,26,3,[8 2],27,45,48,18,45
1,<environment.Job instance at 0x7f2bb9b7f640>,27,17,[7 2],28,46,63,18,46
1,<environment.Job instance at 0x7f2bb9b7fa00>,28,3,[5 3],29,48,51,19,48
1,<environment.Job instance at 0x7f2bb9b7f500>,30,3,[1 9],31,51,54,20,51
1,<environment.Job instance at 0x7f2bb9b88dc0>,31,13,[4 6],32,54,67,22,54
1,<environment.Job instance at 0x7f2bb9b88cd0>,33,12,[7 4],34,63,75,29,63
1,<environment.Job instance at 0x7f2bb9b88c30>,34,1,[4 5],35,63,64,28,63
1,<environment.Job instance at 0x7f2bba3b1140>,4,15,[8 4],5,67,82,62,67
1,<environment.Job instance at 0x7f2bb992ce60>,0,13,[4 5],1,1,14,0,1
1,<environment.Job instance at 0x7f2bb992c730>,3,15,[5 5],4,4,19,0,4
1,<environment.Job instance at 0x7f2bb992cc80>,8,2,[7 4],9,14,16,5,9
1,<environment.Job instance at 0x7f2bb992c500>,9,2,[4 6],10,16,18,6,10
1,<environment.Job instance at 0x7f2bb992caf0>,13,16,[4 6],14,18,34,4,15
1,<environment.Job instance at 0x7f2bb992ceb0>,12,2,[1 6],13,19,21,6,16
1,<environment.Job instance at 0x7f2bba0041e0>,16,3,[3 6],17,21,24,4,18
1,<environment.Job instance at 0x7f2bba004b90>,18,16,[2 7],19,24,40,5,19
1,<environment.Job instance at 0x7f2bb992c550>,14,15,[ 5 12],15,40,55,25,32
1,<environment.Job instance at 0x7f2bba004b40>,20,16,[7 3],21,69,85,48,69
1,<environment.Job instance at 0x7f2bba620e10>,0,13,[4 5],1,1,14,0,1
1,<environment.Job instance at 0x7f2bba620d70>,3,15,[5 5],4,4,19,0,4
1,<environment.Job instance at 0x7f2bb9b7eaa0>,4,22,[6 5],5,5,27,0,5
1,<environment.Job instance at 0x7f2bb9b7ee10>,8,2,[7 4],9,19,21,10,19
1,<environment.Job instance at 0x7f2bb9b7e320>,12,2,[1 6],13,19,21,6,19
1,<environment.Job instance at 0x7f2bb9b7e9b0>,9,2,[4 6],10,21,23,11,21
1,<environment.Job instance at 0x7f2bb9b88a00>,16,3,[3 6],17,23,26,6,23
1,<environment.Job instance at 0x7f2bb9b881e0>,17,3,[2 9],18,26,29,8,26
1,<environment.Job instance at 0x7f2bb9b88960>,21,12,[8 4],22,27,39,5,27
1,<environment.Job instance at 0x7f2bb9b88140>,20,16,[7 3],21,29,45,8,29
1,<environment.Job instance at 0x7f2bb9b7f4b0>,28,1,[6 2],29,39,40,10,39
1,<environment.Job instance at 0x7f2bb9b7fe60>,29,2,[2 5],30,39,41,9,39
1,<environment.Job instance at 0x7f2bb9b885a0>,18,16,[2 7],19,40,56,21,40
1,<environment.Job instance at 0x7f2bb9b7f6e0>,30,17,[5 3],31,41,58,10,41
1,<environment.Job instance at 0x7f2bb9b7fb40>,37,12,[1 7],38,56,68,18,56
1,<environment.Job instance at 0x7f2bb9b7f5f0>,31,12,[2 7],32,58,70,26,58
1,<environment.Job instance at 0x7f2bb9ba4af0>,39,13,[10  1],40,58,71,18,58
1,<environment.Job instance at 0x7f2bb9b7ff50>,38,15,[2 6],39,68,83,29,68
1,<environment.Job instance at 0x7f2bba0f8fa0>,1,14,[4 8],2,2,16,0,2
1,<environment.Job instance at 0x7f2bba620fa0>,3,12,[1 6],4,4,16,0,4
1,<environment.Job instance at 0x7f2bbaec5b90>,12,19,[11  3],13,16,35,3,13
1,<environment.Job instance at 0x7f2bbaee5780>,10,3,[ 2 14],11,35,38,24,13
1,<environment.Job instance at 0x7f2bb9d2fb40>,7,1,[ 1 14],8,38,39,30,13
1,<environment.Job instance at 0x7f2bba06ce60>,17,3,[10  4],18,39,42,21,18
1,<environment.Job instance at 0x7f2bb992c190>,1,14,[4 8],2,2,16,0,2
1,<environment.Job instance at 0x7f2bb992cf00>,3,12,[1 6],4,4,16,0,4
1,<environment.Job instance at 0x7f2bba8843c0>,9,2,[3 6],10,16,18,6,16
1,<environment.Job instance at 0x7f2bbaec80a0>,5,14,[8 4],6,16,30,10,16
1,<environment.Job instance at 0x7f2bb9b7f5a0>,23,3,[4 9],24,24,27,0,24
1,<environment.Job instance at 0x7f2bb9ba4a00>,17,3,[10  4],18,30,33,12,30
1,<environment.Job instance at 0x7f2bb9b88b40>,32,2,[1 9],33,33,35,0,33
1,<environment.Job instance at 0x7f2bb9b7ffa0>,18,13,[8 4],19,33,46,14,33
1,<environment.Job instance at 0x7f2bb9b882d0>,33,14,[5 1],34,34,48,0,34
1,<environment.Job instance at 0x7f2bb9b88190>,37,1,[ 2 10],38,38,39,0,38
1,<environment.Job instance at 0x7f2bb9b7fe60>,24,13,[8 2],25,46,59,21,46
1,<environment.Job instance at 0x7f2bb9b88320>,41,15,[6 1],42,48,63,6,48
1,<environment.Job instance at 0x7f2bb9b7e190>,47,14,[ 4 10],48,59,73,11,59
1,<environment.Job instance at 0x7f2bb9b7e9b0>,48,1,[5 5],49,63,64,14,63
1,<environment.Job instance at 0x7f2bb9ba4b90>,11,15,[9 2],12,64,79,52,64
1,<environment.Job instance at 0x7f2bb9bb8320>,0,2,[14  3],1,1,3,0,1
1,<environment.Job instance at 0x7f2bb9bb8780>,2,1,[5 9],3,3,4,0,3
1,<environment.Job instance at 0x7f2bb9a66cd0>,8,3,[9 5],9,9,12,0,9
1,<environment.Job instance at 0x7f2bb9bb8eb0>,10,3,[8 5],11,12,15,1,12
1,<environment.Job instance at 0x7f2bb9a66dc0>,12,16,[7 2],13,13,29,0,13
1,<environment.Job instance at 0x7f2bb9a66a00>,13,12,[3 8],14,15,27,1,14
1,<environment.Job instance at 0x7f2bb9a66870>,18,16,[1 6],19,27,43,8,19
1,<environment.Job instance at 0x7f2bb9a66c80>,19,14,[1 8],20,29,43,9,20
1,<environment.Job instance at 0x7f2bb9a66f50>,20,1,[7 2],21,27,28,6,21
1,<environment.Job instance at 0x7f2bb9a66d20>,22,2,[8 5],23,43,45,20,23
1,<environment.Job instance at 0x7f2bb9a660f0>,23,3,[10  2],24,45,48,21,24
1,<environment.Job instance at 0x7f2bb96410a0>,26,2,[5 7],27,43,45,16,27
1,<environment.Job instance at 0x7f2bb9641820>,31,3,[6 5],32,48,51,16,32
1,<environment.Job instance at 0x7f2bb9641aa0>,32,14,[7 2],33,48,62,15,33
1,<environment.Job instance at 0x7f2bb9a66230>,15,14,[8 5],16,51,65,35,37
1,<environment.Job instance at 0x7f2bb96412d0>,33,16,[11  4],34,65,81,31,53
1,<environment.Job instance at 0x7f2bb9641910>,35,12,[2 6],36,62,74,26,53
1,<environment.Job instance at 0x7f2bba620370>,2,1,[5 9],3,3,4,0,3
1,<environment.Job instance at 0x7f2bba6207d0>,3,14,[ 1 10],4,4,18,0,4
1,<environment.Job instance at 0x7f2bb9b88910>,6,19,[8 3],7,7,26,0,7
1,<environment.Job instance at 0x7f2bba620dc0>,4,16,[1 8],5,18,34,13,18
1,<environment.Job instance at 0x7f2bb9b88960>,8,3,[9 5],9,26,29,17,26
1,<environment.Job instance at 0x7f2bb9b88c30>,10,3,[8 5],11,29,32,18,29
1,<environment.Job instance at 0x7f2bba004370>,15,14,[8 5],16,32,46,16,32
1,<environment.Job instance at 0x7f2bb9b88460>,13,12,[3 8],14,34,46,20,34
1,<environment.Job instance at 0x7f2bb9a66c30>,20,1,[7 2],21,46,47,25,46
1,<environment.Job instance at 0x7f2bb9a66e10>,19,14,[1 8],20,46,60,26,46
1,<environment.Job instance at 0x7f2bb9b88b40>,12,16,[7 2],13,46,62,33,46
1,<environment.Job instance at 0x7f2bb963c0f0>,22,2,[8 5],23,60,62,37,60
1,<environment.Job instance at 0x7f2bba6c8410>,23,3,[10  2],24,62,65,38,62
1,<environment.Job instance at 0x7f2bb9641f00>,24,16,[5 4],25,62,78,37,62
1,<environment.Job instance at 0x7f2bb9bb80a0>,26,2,[5 7],27,65,67,38,65
1,<environment.Job instance at 0x7f2bb9bc8640>,31,3,[6 5],32,67,70,35,67
1,<environment.Job instance at 0x7f2bb9a668c0>,18,16,[1 6],19,67,83,48,67
1,<environment.Job instance at 0x7f2bbaee1fa0>,0,3,[9 4],1,1,4,0,1
1,<environment.Job instance at 0x7f2bbaee1cd0>,1,13,[8 2],2,4,17,2,2
1,<environment.Job instance at 0x7f2bb9a36500>,3,2,[8 2],4,17,19,13,4
1,<environment.Job instance at 0x7f2bb9a36640>,5,15,[5 1],6,6,21,0,6
1,<environment.Job instance at 0x7f2bb9a36320>,6,3,[2 7],7,7,10,0,7
1,<environment.Job instance at 0x7f2bb9a36820>,7,1,[ 4 12],8,19,20,11,8
1,<environment.Job instance at 0x7f2bb9a36910>,8,3,[10  5],9,20,23,11,9
1,<environment.Job instance at 0x7f2bb9a36b40>,12,3,[13  2],13,23,26,10,13
1,<environment.Job instance at 0x7f2bb9a36eb0>,18,13,[5 4],19,26,39,7,20
1,<environment.Job instance at 0x7f2bbaec5a50>,11,16,[ 5 10],12,26,42,14,20
1,<environment.Job instance at 0x7f2bb9a53050>,21,18,[ 5 10],22,42,60,20,31
1,<environment.Job instance at 0x7f2bb9a535a0>,25,22,[8 1],26,39,61,13,32
1,<environment.Job instance at 0x7f2bb9a53a00>,32,12,[2 9],33,60,72,27,43
1,<environment.Job instance at 0x7f2bb9a53aa0>,33,1,[ 4 13],34,72,73,38,44
1,<environment.Job instance at 0x7f2bb9a53af0>,34,3,[ 5 13],35,73,76,38,47
1,<environment.Job instance at 0x7f2bb9a533c0>,23,13,[ 2 14],24,76,89,52,61
1,<environment.Job instance at 0x7f2bb9a53c80>,36,1,[ 1 14],37,89,90,52,65
1,<environment.Job instance at 0x7f2bba4a45f0>,0,3,[9 4],1,1,4,0,1
1,<environment.Job instance at 0x7f2bba4a4780>,3,2,[8 2],4,4,6,0,4
1,<environment.Job instance at 0x7f2bba4a4be0>,4,16,[4 6],5,5,21,0,5
1,<environment.Job instance at 0x7f2bba4a45a0>,1,13,[8 2],2,6,19,4,6
1,<environment.Job instance at 0x7f2bba4a4690>,6,3,[2 7],7,7,10,0,7
1,<environment.Job instance at 0x7f2bb9bc8e10>,8,3,[10  5],9,19,22,10,19
1,<environment.Job instance at 0x7f2bb9bc8690>,18,13,[5 4],19,21,34,2,21
1,<environment.Job instance at 0x7f2bba4a4550>,5,15,[5 1],6,22,37,16,22
1,<environment.Job instance at 0x7f2bb9bc8460>,20,15,[2 6],21,22,37,1,22
1,<environment.Job instance at 0x7f2bb9bc8230>,17,20,[4 8],18,34,54,16,34
1,<environment.Job instance at 0x7f2bb9bc87d0>,10,15,[10  4],11,37,52,26,37
1,<environment.Job instance at 0x7f2bb9bc8eb0>,22,18,[10  2],23,52,70,29,52
1,<environment.Job instance at 0x7f2bb9a388c0>,32,12,[2 9],33,54,66,21,54
1,<environment.Job instance at 0x7f2bb9641730>,38,14,[1 7],39,66,80,27,66
1,<environment.Job instance at 0x7f9d1aaac6e0>,0,2,[6 2],1,1,3,0,1
1,<environment.Job instance at 0x7f9d1aaac730>,1,15,[4 5],2,2,17,0,2
1,<environment.Job instance at 0x7f9d11462c80>,3,13,[3 8],4,4,17,0,4
1,<environment.Job instance at 0x7f9d11462e60>,7,12,[7 2],8,8,20,0,8
1,<environment.Job instance at 0x7f9d11462fa0>,10,14,[1 6],11,17,31,6,11
1,<environment.Job instance at 0x7f9d11467190>,11,1,[8 4],12,20,21,8,13
1,<environment.Job instance at 0x7f9d11467320>,13,15,[4 5],14,17,32,3,14
1,<environment.Job instance at 0x7f9d11467230>,12,13,[ 2 12],13,32,45,19,17
1,<environment.Job instance at 0x7f9d114679b0>,22,3,[4 6],23,45,48,22,23
1,<environment.Job instance at 0x7f9d11467b90>,24,2,[ 3 12],25,48,50,23,25
1,<environment.Job instance at 0x7f9d11467cd0>,28,2,[5 8],29,50,52,21,48
1,<environment.Job instance at 0x7f9d11467f00>,30,15,[8 2],31,52,67,21,52
1,<environment.Job instance at 0x7f9d1146a280>,35,3,[9 5],36,67,70,31,54
1,<environment.Job instance at 0x7f9d1146a3c0>,37,2,[5 1],38,55,57,17,55
1,<environment.Job instance at 0x7f9d1146a460>,38,14,[5 5],39,57,71,18,55
1,<environment.Job instance at 0x7f9d1146a640>,41,3,[14  5],42,71,74,29,55
1,<environment.Job instance at 0x7f9d11467fa0>,32,14,[8 3],33,74,88,41,59
1,<environment.Job instance at 0x7f9d1146adc0>,54,2,[5 8],55,74,76,19,64
1,<environment.Job instance at 0x7f9d114684b0>,55,14,[ 2 10],56,76,90,20,64
1,<environment.Job instance at 0x7f9d11468500>,59,16,[8 1],60,88,104,28,75
1,<environment.Job instance at 0x7f9d114688c0>,63,2,[9 2],64,104,106,40,77
1,<environment.Job instance at 0x7f9d1146a500>,39,12,[3 6],40,90,102,50,77
1,<environment.Job instance at 0x7f9d11468b40>,0,2,[6 2],1,1,3,0,1
1,<environment.Job instance at 0x7f9d1aaac780>,1,15,[4 5],2,2,17,0,2
1,<environment.Job instance at 0x7f9d11462a50>,2,18,[ 3 10],3,3,21,0,3
1,<environment.Job instance at 0x7f9d1146d5a0>,7,12,[7 2],8,17,29,9,17
1,<environment.Job instance at 0x7f9d1146dfa0>,11,1,[8 4],12,21,22,9,21
1,<environment.Job instance at 0x7f9d11462960>,3,13,[3 8],4,22,35,18,22
1,<environment.Job instance at 0x7f9d1146deb0>,13,15,[4 5],14,22,37,8,22
1,<environment.Job instance at 0x7f9d1146d8c0>,9,17,[8 1],10,29,46,19,29
1,<environment.Job instance at 0x7f9d1146df50>,10,14,[1 6],11,35,49,24,35
1,<environment.Job instance at 0x7f9d11471280>,18,18,[3 6],19,37,55,18,37
1,<environment.Job instance at 0x7f9d114718c0>,22,3,[4 6],23,49,52,26,49
1,<environment.Job instance at 0x7f9d114711e0>,25,16,[5 3],26,49,65,23,49
1,<environment.Job instance at 0x7f9d1146d7d0>,5,18,[7 5],6,52,70,46,52
1,<environment.Job instance at 0x7f9d11471aa0>,28,2,[5 8],29,66,68,37,66
1,<environment.Job instance at 0x7f9d1aae22d0>,31,13,[4 5],32,68,81,36,68
1,<environment.Job instance at 0x7f9d11549fa0>,32,14,[8 3],33,70,84,37,70
1,<environment.Job instance at 0x7f9d10baa820>,2,2,[10  3],3,3,5,0,3
1,<environment.Job instance at 0x7f9d10bab9b0>,7,17,[7 4],8,8,25,0,8
1,<environment.Job instance at 0x7f9d10babaf0>,8,3,[9 5],9,25,28,16,9
1,<environment.Job instance at 0x7f9d10bab140>,10,2,[5 5],11,11,13,0,11
1,<environment.Job instance at 0x7f9d10babb90>,12,3,[2 8],13,13,16,0,13
1,<environment.Job instance at 0x7f9d10ba1050>,16,12,[ 4 14],17,28,40,11,19
1,<environment.Job instance at 0x7f9d10d440f0>,17,1,[5 8],18,20,21,2,20
1,<environment.Job instance at 0x7f9d10d0d6e0>,19,14,[6 1],20,21,35,1,20
1,<environment.Job instance at 0x7f9d10d1f0f0>,18,2,[10  4],19,40,42,21,22
1,<environment.Job instance at 0x7f9d10d24a00>,22,13,[ 5 12],23,42,55,19,29
1,<environment.Job instance at 0x7f9d10dd4550>,24,14,[6 5],25,55,69,30,40
1,<environment.Job instance at 0x7f9d10dd6410>,25,18,[5 3],26,40,58,14,40
1,<environment.Job instance at 0x7f9d10d0d280>,26,16,[7 3],27,58,74,31,45
1,<environment.Job instance at 0x7f9d10d146e0>,27,13,[6 5],28,69,82,41,53
1,<environment.Job instance at 0x7f9d10d0a870>,30,13,[1 7],31,58,71,27,58
1,<environment.Job instance at 0x7f9d10d0a050>,36,3,[1 6],37,71,74,34,59
1,<environment.Job instance at 0x7f9d10d0ac30>,37,12,[6 1],38,74,86,36,59
1,<environment.Job instance at 0x7f9d10a2ba50>,49,3,[14  4],50,86,89,36,62
1,<environment.Job instance at 0x7f9d10a2cdc0>,51,15,[8 1],52,89,104,37,75
1,<environment.Job instance at 0x7f9d10a2bc30>,47,1,[1 9],48,77,78,29,77
1,<environment.Job instance at 0x7f9d10a2c050>,53,3,[1 7],54,78,81,24,78
1,<environment.Job instance at 0x7f9d10c82550>,0,19,[8 4],1,1,20,0,1
1,<environment.Job instance at 0x7f9d10c82f00>,1,17,[2 7],2,2,19,0,2
1,<environment.Job instance at 0x7f9d10c11eb0>,10,2,[5 5],11,19,21,8,19
1,<environment.Job instance at 0x7f9d10c1c730>,17,1,[5 8],18,20,21,2,20
1,<environment.Job instance at 0x7f9d10c52af0>,2,2,[10  3],3,21,23,18,21
1,<environment.Job instance at 0x7f9d10c11050>,12,3,[2 8],13,21,24,8,21
1,<environment.Job instance at 0x7f9d10c84690>,18,2,[10  4],19,23,25,4,23
1,<environment.Job instance at 0x7f9d10c1f730>,23,17,[ 2 10],24,24,41,0,24
1,<environment.Job instance at 0x7f9d10c82cd0>,8,3,[9 5],9,25,28,16,25
1,<environment.Job instance at 0x7f9d10c84e60>,19,14,[6 1],20,28,42,8,28
1,<environment.Job instance at 0x7f9d10c277d0>,26,16,[7 3],27,28,44,1,28
1,<environment.Job instance at 0x7f9d10c52e10>,4,21,[ 1 10],5,41,62,36,41
1,<environment.Job instance at 0x7f9d10c278c0>,27,13,[6 5],28,44,57,16,44
1,<environment.Job instance at 0x7f9d10c1f7d0>,24,14,[6 5],25,57,71,32,57
1,<environment.Job instance at 0x7f9d10c140a0>,30,13,[1 7],31,62,75,31,62
1,<environment.Job instance at 0x7f9d10c1f460>,25,18,[5 3],26,62,80,36,62
1,<environment.Job instance at 0x7f9d10c2ae10>,33,12,[6 5],34,71,83,37,71
1,<environment.Job instance at 0x7f9d10c2a730>,36,3,[1 6],37,75,78,38,75
1,<environment.Job instance at 0x7f9d10c2a190>,32,14,[3 7],33,78,92,45,78
1,<environment.Job instance at 0x7f9d10a12820>,0,2,[14  2],1,1,3,0,1
1,<environment.Job instance at 0x7f9d10a12640>,4,14,[ 4 10],5,5,19,0,5
1,<environment.Job instance at 0x7f9d1ac925a0>,5,2,[ 1 14],6,19,21,13,6
1,<environment.Job instance at 0x7f9d10a8d690>,8,13,[1 9],9,21,34,12,9
1,<environment.Job instance at 0x7f9d10a8d280>,9,3,[ 5 11],10,34,37,24,10
1,<environment.Job instance at 0x7f9d1ac92550>,13,16,[3 5],14,37,53,23,24
1,<environment.Job instance at 0x7f9d10a8deb0>,15,14,[5 3],16,24,38,8,24
1,<environment.Job instance at 0x7f9d10a8d500>,17,18,[10  1],18,38,56,20,28
1,<environment.Job instance at 0x7f9d10a8daf0>,20,1,[7 4],21,37,38,16,28
1,<environment.Job instance at 0x7f9d10a8db90>,21,13,[ 4 10],22,53,66,31,37
1,<environment.Job instance at 0x7f9d10a8d3c0>,22,14,[4 7],23,66,80,43,52
1,<environment.Job instance at 0x7f9d10a8da00>,14,21,[9 1],15,67,88,52,67
1,<environment.Job instance at 0x7f9d10a8dcd0>,24,12,[ 2 11],25,80,92,55,74
1,<environment.Job instance at 0x7f9d10a12a50>,1,17,[3 8],2,2,19,0,2
1,<environment.Job instance at 0x7f9d10a19f00>,12,18,[4 6],13,13,31,0,13
1,<environment.Job instance at 0x7f9d10a19870>,8,13,[1 9],9,19,32,10,19
1,<environment.Job instance at 0x7f9d10a19780>,15,14,[5 3],16,31,45,15,31
1,<environment.Job instance at 0x7f9d10a19af0>,20,1,[7 4],21,32,33,11,32
1,<environment.Job instance at 0x7f9d10a19730>,13,16,[3 5],14,32,48,18,32
1,<environment.Job instance at 0x7f9d10a191e0>,22,14,[4 7],23,33,47,10,33
1,<environment.Job instance at 0x7f9d10a89050>,26,2,[8 2],27,45,47,18,45
1,<environment.Job instance at 0x7f9d10a19c80>,21,13,[ 4 10],22,47,60,25,47
1,<environment.Job instance at 0x7f9d10a199b0>,17,18,[10  1],18,48,66,30,48
1,<environment.Job instance at 0x7f9d10a89690>,33,2,[ 1 10],34,60,62,26,60
1,<environment.Job instance at 0x7f9d10a19280>,4,14,[ 4 10],5,62,76,57,62
1,<environment.Job instance at 0x7f9d10a891e0>,37,3,[5 4],38,66,69,28,66
1,<environment.Job instance at 0x7f9d10a89280>,35,3,[8 2],36,69,72,33,69
1,<environment.Job instance at 0x7f9d10a89b40>,36,14,[8 4],37,72,86,35,72
1,<environment.Job instance at 0x7f9d10a89960>,32,15,[3 9],33,76,91,43,76
1,<environment.Job instance at 0x7f9d10eaba50>,6,3,[3 9],7,8,11,1,8
1,<environment.Job instance at 0x7f9d10a76a50>,5,16,[7 4],6,8,24,2,8
1,<environment.Job instance at 0x7f9d10a76910>,9,21,[6 4],10,11,32,1,11
1,<environment.Job instance at 0x7f9d10a76be0>,13,2,[ 5 11],14,24,26,10,14
1,<environment.Job instance at 0x7f9d10a76d20>,14,1,[10  4],15,32,33,17,15
1,<environment.Job instance at 0x7f9d10a76280>,10,17,[2 6],11,26,43,15,18
1,<environment.Job instance at 0x7f9d10a76eb0>,17,3,[8 3],18,33,36,15,18
1,<environment.Job instance at 0x7f9d10a5ea00>,20,12,[6 2],21,36,48,15,21
1,<environment.Job instance at 0x7f9d10a5ee60>,21,2,[5 1],22,26,28,4,22
1,<environment.Job instance at 0x7f9d10a76e60>,16,12,[ 3 10],17,43,55,26,26
1,<environment.Job instance at 0x7f9d10a5ed20>,24,12,[1 8],25,55,67,30,38
1,<environment.Job instance at 0x7f9d10a5e500>,25,2,[14  3],26,55,57,29,38
1,<environment.Job instance at 0x7f9d10a76140>,7,18,[ 1 13],8,67,85,59,63
1,<environment.Job instance at 0x7f9d1ac1c5f0>,1,22,[5 8],2,2,24,0,2
1,<environment.Job instance at 0x7f9d1ac21320>,2,16,[7 4],3,3,19,0,3
1,<environment.Job instance at 0x7f9d1ac212d0>,3,16,[9 4],4,19,35,15,19
1,<environment.Job instance at 0x7f9d1ac21780>,6,3,[3 9],7,24,27,17,24
1,<environment.Job instance at 0x7f9d10a19730>,16,12,[ 3 10],17,27,39,10,27
1,<environment.Job instance at 0x7f9d10a19780>,14,1,[10  4],15,35,36,20,35
1,<environment.Job instance at 0x7f9d10a19f00>,17,3,[8 3],18,36,39,18,36
1,<environment.Job instance at 0x7f9d10a19e10>,19,15,[5 7],20,39,54,19,39
1,<environment.Job instance at 0x7f9d10a19fa0>,20,12,[6 2],21,39,51,18,39
1,<environment.Job instance at 0x7f9d10a196e0>,10,17,[2 6],11,39,56,28,39
1,<environment.Job instance at 0x7f9d10a19d70>,21,2,[5 1],22,51,53,29,51
1,<environment.Job instance at 0x7f9d10a19280>,24,12,[1 8],25,54,66,29,54
1,<environment.Job instance at 0x7f9d10eab5a0>,32,14,[3 5],33,56,70,23,56
1,<environment.Job instance at 0x7f9d10a5e3c0>,29,18,[10  2],30,56,74,26,56
1,<environment.Job instance at 0x7f9d10a19640>,18,17,[1 7],19,66,83,47,66
1,<environment.Job instance at 0x7f9d110ef4b0>,34,1,[8 5],35,75,76,40,75
1,<environment.Job instance at 0x7f9d10fc0c80>,40,3,[5 4],41,76,79,35,76
1,<environment.Job instance at 0x7f9d1ac1cbe0>,5,16,[7 4],6,76,92,70,76
1,<environment.Job instance at 0x7f9d10a895a0>,0,14,[7 1],1,1,15,0,1
1,<environment.Job instance at 0x7f9d118ccaa0>,7,3,[5 8],8,8,11,0,8
1,<environment.Job instance at 0x7f9d118cc550>,9,3,[ 2 14],10,11,14,1,10
1,<environment.Job instance at 0x7f9d118cc690>,11,2,[1 7],12,14,16,2,12
1,<environment.Job instance at 0x7f9d118cceb0>,12,22,[4 8],13,15,37,2,13
1,<environment.Job instance at 0x7f9d10e49fa0>,16,13,[2 5],17,17,30,0,17
1,<environment.Job instance at 0x7f9d118b2dc0>,19,28,[3 5],20,31,59,11,31
1,<environment.Job instance at 0x7f9d10e495f0>,20,19,[1 8],21,37,56,16,33
1,<environment.Job instance at 0x7f9d118b7870>,22,26,[5 3],23,56,82,33,53
1,<environment.Job instance at 0x7f9d118b7b40>,24,15,[ 3 11],25,59,74,34,55
1,<environment.Job instance at 0x7f9d118b7410>,25,20,[7 3],26,74,94,48,65
1,<environment.Job instance at 0x7f9d118b7e60>,21,12,[4 7],22,82,94,60,75
1,<environment.Job instance at 0x7f9d10a7aeb0>,0,14,[7 1],1,1,15,0,1
1,<environment.Job instance at 0x7f9d10a7a1e0>,2,17,[4 8],3,3,20,0,3
1,<environment.Job instance at 0x7f9d10fe30f0>,11,2,[1 7],12,15,17,3,15
1,<environment.Job instance at 0x7f9d10a7a820>,7,3,[5 8],8,20,23,12,20
1,<environment.Job instance at 0x7f9d10fe3460>,16,13,[2 5],17,20,33,3,20
1,<environment.Job instance at 0x7f9d10fc00f0>,21,12,[4 7],22,23,35,1,23
1,<environment.Job instance at 0x7f9d10fe30a0>,14,16,[2 8],15,33,49,18,33
1,<environment.Job instance at 0x7f9d10fe3500>,13,13,[ 4 10],14,49,62,35,49
1,<environment.Job instance at 0x7f9d10a5e730>,28,17,[6 3],29,49,66,20,49
1,<environment.Job instance at 0x7f9d10a7a780>,3,14,[ 3 10],4,62,76,58,62
1,<environment.Job instance at 0x7f9d1ac1cb90>,34,14,[3 6],35,76,90,41,76
1,<environment.Job instance at 0x7f9d10a19e10>,46,3,[5 9],47,76,79,29,76
1,<environment.Job instance at 0x7f9d10a19640>,47,15,[1 9],48,79,94,31,79
1,<environment.Job instance at 0x7f9d112783c0>,1,17,[2 6],2,2,19,0,2
1,<environment.Job instance at 0x7f9d11278550>,4,12,[ 1 10],5,19,31,14,5
1,<environment.Job instance at 0x7f9d11278f00>,6,14,[9 5],7,7,21,0,7
1,<environment.Job instance at 0x7f9d1ac21730>,1,17,[2 6],2,2,19,0,2
1,<environment.Job instance at 0x7f9d1ac21aa0>,6,14,[9 5],7,7,21,0,7
1,<environment.Job instance at 0x7f9d10a5eaa0>,10,2,[1 6],11,19,21,8,19
1,<environment.Job instance at 0x7f9d11f9c8c0>,11,15,[5 1],12,19,34,7,19
1,<environment.Job instance at 0x7f9d10a76780>,4,12,[ 1 10],5,21,33,16,21
1,<environment.Job instance at 0x7f9d11fac6e0>,14,18,[6 3],15,21,39,6,21
1,<environment.Job instance at 0x7f9d11fac910>,16,12,[4 7],17,33,45,16,33
1,<environment.Job instance at 0x7f9d11faccd0>,19,3,[3 5],20,39,42,19,39
1,<environment.Job instance at 0x7f9d11facdc0>,20,16,[2 7],21,42,58,21,42
1,<environment.Job instance at 0x7f9d11fac140>,24,2,[2 8],25,45,47,20,45
1,<environment.Job instance at 0x7f9d10a760f0>,9,17,[2 8],10,47,64,37,47
1,<environment.Job instance at 0x7f9d11c5b370>,31,1,[5 7],32,58,59,26,58
1,<environment.Job instance at 0x7f9d11c5be10>,32,12,[10  3],33,59,71,26,59
1,<environment.Job instance at 0x7f9d11faca50>,27,3,[5 9],28,64,67,36,64
1,<environment.Job instance at 0x7f9d11c5bc30>,36,2,[5 3],37,67,69,30,67
1,<environment.Job instance at 0x7f9d11face10>,17,12,[3 9],18,69,81,51,69
1,<environment.Job instance at 0x7f9d11c5baa0>,38,13,[7 1],39,71,84,32,71
1,<environment.Job instance at 0x7f9d11c6e730>,1,12,[5 6],2,2,14,0,2
1,<environment.Job instance at 0x7f9d11c78690>,2,1,[ 4 10],3,14,15,11,3
1,<environment.Job instance at 0x7f9d11c789b0>,6,1,[8 1],7,7,8,0,7
1,<environment.Job instance at 0x7f9d11c78a50>,7,16,[4 5],8,8,24,0,8
1,<environment.Job instance at 0x7f9d11c78c30>,8,2,[7 2],9,15,17,6,9
1,<environment.Job instance at 0x7f9d11c78cd0>,9,1,[1 5],10,15,16,5,10
1,<environment.Job instance at 0x7f9d11c78dc0>,10,1,[1 6],11,16,17,5,11
1,<environment.Job instance at 0x7f9d11c78f00>,11,22,[6 4],12,17,39,5,12
1,<environment.Job instance at 0x7f9d11c57050>,13,1,[11  1],14,39,40,25,14
1,<environment.Job instance at 0x7f9d11c571e0>,16,2,[4 9],17,24,26,7,17
1,<environment.Job instance at 0x7f9d11c570f0>,14,17,[2 5],15,26,43,11,17
1,<environment.Job instance at 0x7f9d11c576e0>,22,19,[2 7],23,39,58,16,29
1,<environment.Job instance at 0x7f9d11c575a0>,18,18,[8 2],19,40,58,21,33
1,<environment.Job instance at 0x7f9d11c57a50>,25,15,[6 5],26,58,73,32,46
1,<environment.Job instance at 0x7f9d11c57af0>,26,1,[2 5],27,46,47,19,46
1,<environment.Job instance at 0x7f9d11c57b40>,27,2,[13  5],28,73,75,45,46
1,<environment.Job instance at 0x7f9d11c57910>,23,24,[1 9],24,58,82,34,53
1,<environment.Job instance at 0x7f9d11c57c30>,28,17,[7 3],29,75,92,46,63
1,<environment.Job instance at 0x7f9d11c57f50>,34,12,[3 8],35,82,94,47,65
1,<environment.Job instance at 0x7f9d11fb42d0>,36,13,[1 9],37,94,107,57,79
1,<environment.Job instance at 0x7f9d112df050>,0,21,[5 6],1,1,22,0,1
1,<environment.Job instance at 0x7f9d112dfb90>,1,12,[5 6],2,2,14,0,2
1,<environment.Job instance at 0x7f9d10e37b90>,9,1,[1 5],10,14,15,4,14
1,<environment.Job instance at 0x7f9d10e373c0>,6,1,[8 1],7,14,15,7,14
1,<environment.Job instance at 0x7f9d10e37be0>,10,1,[1 6],11,15,16,4,15
1,<environment.Job instance at 0x7f9d10e37640>,8,2,[7 2],9,15,17,6,15
1,<environment.Job instance at 0x7f9d10eadd20>,14,17,[2 5],15,16,33,1,16
1,<environment.Job instance at 0x7f9d10eada50>,15,14,[8 2],16,17,31,1,17
1,<environment.Job instance at 0x7f9d10e370a0>,7,16,[4 5],8,22,38,14,22
1,<environment.Job instance at 0x7f9d10ead320>,18,18,[8 2],19,31,49,12,31
1,<environment.Job instance at 0x7f9d112df0a0>,2,1,[ 4 10],3,38,39,35,38
1,<environment.Job instance at 0x7f9d11c5b230>,26,1,[2 5],27,39,40,12,39
1,<environment.Job instance at 0x7f9d10eadc80>,21,18,[5 8],22,39,57,17,39
1,<environment.Job instance at 0x7f9d11c5b550>,25,15,[6 5],26,49,64,23,49
1,<environment.Job instance at 0x7f9d10eaddc0>,16,2,[4 9],17,57,59,40,57
1,<environment.Job instance at 0x7f9d11c5b9b0>,34,12,[3 8],35,59,71,24,59
1,<environment.Job instance at 0x7f9d10ead410>,19,18,[6 2],20,59,77,39,59
1,<environment.Job instance at 0x7f9d11c5be10>,37,16,[4 5],38,64,80,26,64
1,<environment.Job instance at 0x7f9d11c5bc30>,33,18,[5 7],34,71,89,37,71
1,<environment.Job instance at 0x7f9d11a5cd70>,0,14,[6 4],1,1,15,0,1
1,<environment.Job instance at 0x7f9d114f77d0>,3,3,[1 6],4,4,7,0,4
1,<environment.Job instance at 0x7f9d114f7780>,6,14,[7 5],7,7,21,0,7
1,<environment.Job instance at 0x7f9d114f75a0>,7,12,[6 1],8,15,27,7,8
1,<environment.Job instance at 0x7f9d114f7960>,8,2,[ 3 10],9,21,23,12,9
1,<environment.Job instance at 0x7f9d11d5ac80>,9,3,[5 1],10,21,24,11,10
1,<environment.Job instance at 0x7f9d11d5a4b0>,10,2,[11  4],11,27,29,16,11
1,<environment.Job instance at 0x7f9d114f7230>,12,1,[5 1],13,24,25,11,16
1,<environment.Job instance at 0x7f9d11d5af00>,15,19,[ 1 12],16,29,48,13,20
1,<environment.Job instance at 0x7f9d11d5aaa0>,19,12,[8 2],20,32,44,12,32
1,<environment.Job instance at 0x7f9d11d5a140>,17,2,[ 4 13],18,48,50,30,34
1,<environment.Job instance at 0x7f9d11d5a550>,22,2,[ 5 12],23,50,52,27,34
1,<environment.Job instance at 0x7f9d11d5a500>,26,1,[5 7],27,52,53,25,35
1,<environment.Job instance at 0x7f9d11378050>,27,18,[1 5],28,52,70,24,41
1,<environment.Job instance at 0x7f9d11378280>,28,3,[12  3],29,44,47,15,41
1,<environment.Job instance at 0x7f9d113784b0>,29,3,[5 3],30,50,53,20,41
1,<environment.Job instance at 0x7f9d11d5aeb0>,23,16,[5 5],24,53,69,29,41
1,<environment.Job instance at 0x7f9d11378dc0>,36,3,[9 1],37,47,50,10,43
1,<environment.Job instance at 0x7f9d11378550>,37,1,[7 4],38,53,54,15,43
1,<environment.Job instance at 0x7f9d11378be0>,33,12,[8 2],34,59,71,25,59
1,<environment.Job instance at 0x7f9d113787d0>,30,12,[13  4],31,71,83,40,59
1,<environment.Job instance at 0x7f9d11d5ac30>,24,12,[ 4 13],25,83,95,58,69
1,<environment.Job instance at 0x7f9d11a3a3c0>,47,1,[5 1],48,83,84,35,77
1,<environment.Job instance at 0x7f9d11a3a460>,53,1,[ 1 14],54,95,96,41,77
1,<environment.Job instance at 0x7f9d11fb4960>,0,14,[6 4],1,1,15,0,1
1,<environment.Job instance at 0x7f9d11fb4500>,3,3,[1 6],4,4,7,0,4
1,<environment.Job instance at 0x7f9d1ac21320>,6,14,[7 5],7,7,21,0,7
1,<environment.Job instance at 0x7f9d10a5e730>,12,1,[5 1],13,15,16,2,15
1,<environment.Job instance at 0x7f9d10a76320>,8,2,[ 3 10],9,16,18,7,16
1,<environment.Job instance at 0x7f9d10a764b0>,9,3,[5 1],10,18,21,8,18
1,<environment.Job instance at 0x7f9d1ac21730>,7,12,[6 1],8,21,33,13,21
1,<environment.Job instance at 0x7f9d11fac370>,19,12,[8 2],20,21,33,1,21
1,<environment.Job instance at 0x7f9d11fac1e0>,26,1,[5 7],27,33,34,6,33
1,<environment.Job instance at 0x7f9d11c5b640>,29,3,[5 3],30,33,36,3,33
1,<environment.Job instance at 0x7f9d11faca00>,23,16,[5 5],24,33,49,9,33
1,<environment.Job instance at 0x7f9d11c5b370>,27,18,[1 5],28,34,52,6,34
1,<environment.Job instance at 0x7f9d11c5b730>,33,12,[8 2],34,36,48,2,36
1,<environment.Job instance at 0x7f9d11c5b140>,36,3,[9 1],37,48,51,11,48
1,<environment.Job instance at 0x7f9d11c5b320>,32,12,[4 8],33,49,61,16,49
1,<environment.Job instance at 0x7f9d11c5b0f0>,37,1,[7 4],38,52,53,14,52
1,<environment.Job instance at 0x7f9d11c5b050>,38,12,[5 5],39,53,65,14,53
1,<environment.Job instance at 0x7f9d10a5e3c0>,11,14,[9 5],12,61,75,49,61
1,<environment.Job instance at 0x7f9d10eadc80>,41,14,[4 9],42,65,79,23,65
1,<environment.Job instance at 0x7f9d10eadd70>,47,1,[5 1],48,79,80,31,79
1,<environment.Job instance at 0x7f9d10ead320>,44,12,[4 8],45,79,91,34,79
1,<environment.Job instance at 0x7f9d11304730>,54,16,[5 5],55,79,95,24,79
1,<environment.Job instance at 0x7f9d11795e10>,0,17,[7 2],1,1,18,0,1
1,<environment.Job instance at 0x7f9d11795370>,3,2,[2 9],4,4,6,0,4
1,<environment.Job instance at 0x7f9d11795b90>,4,2,[13  3],5,18,20,13,5
1,<environment.Job instance at 0x7f9d11795640>,5,1,[8 1],6,6,7,0,6
1,<environment.Job instance at 0x7f9d11f9e5a0>,7,12,[10  3],8,20,32,12,8
1,<environment.Job instance at 0x7f9d11f9eb90>,8,14,[5 4],9,20,34,11,9
1,<environment.Job instance at 0x7f9d11f9efa0>,13,2,[ 5 13],14,14,16,0,14
1,<environment.Job instance at 0x7f9d11f9ed20>,15,1,[4 9],16,16,17,0,16
1,<environment.Job instance at 0x7f9d11f9edc0>,16,12,[3 5],17,32,44,15,17
1,<environment.Job instance at 0x7f9d11db6410>,24,13,[7 5],25,32,45,7,25
1,<environment.Job instance at 0x7f9d11db6780>,28,2,[ 2 10],29,44,46,15,29
1,<environment.Job instance at 0x7f9d11db65f0>,32,2,[2 6],33,46,48,13,33
1,<environment.Job instance at 0x7f9d10d0d0a0>,36,3,[1 9],37,46,49,9,37
1,<environment.Job instance at 0x7f9d11c42d70>,40,2,[9 1],41,48,50,7,41
1,<environment.Job instance at 0x7f9d10d0d320>,37,15,[10  4],38,50,65,12,42
1,<environment.Job instance at 0x7f9d11c42b90>,42,12,[5 6],43,49,61,6,43
1,<environment.Job instance at 0x7f9d11c42190>,43,3,[ 1 14],44,65,68,21,44
1,<environment.Job instance at 0x7f9d11c420a0>,44,12,[5 1],45,61,73,16,45
1,<environment.Job instance at 0x7f9d11f9ebe0>,18,22,[ 3 12],19,68,90,49,63
1,<environment.Job instance at 0x7f9d10d0d460>,38,13,[ 4 10],39,90,103,51,76
1,<environment.Job instance at 0x7f9d11c31af0>,0,17,[7 2],1,1,18,0,1
1,<environment.Job instance at 0x7f9d11524af0>,3,2,[2 9],4,4,6,0,4
1,<environment.Job instance at 0x7f9d112d1050>,5,1,[8 1],6,6,7,0,6
1,<environment.Job instance at 0x7f9d112d16e0>,8,14,[5 4],9,9,23,0,9
1,<environment.Job instance at 0x7f9d10b61c30>,12,17,[2 6],13,13,30,0,13
1,<environment.Job instance at 0x7f9d1187c5f0>,16,12,[3 5],17,18,30,1,18
1,<environment.Job instance at 0x7f9d10fa67d0>,7,12,[10  3],8,23,35,15,23
1,<environment.Job instance at 0x7f9d11507d20>,15,1,[4 9],16,30,31,14,30
1,<environment.Job instance at 0x7f9d1187c960>,19,17,[4 7],20,31,48,11,31
1,<environment.Job instance at 0x7f9d112802d0>,25,13,[1 8],26,35,48,9,35
1,<environment.Job instance at 0x7f9d11511320>,24,13,[7 5],25,48,61,23,48
1,<environment.Job instance at 0x7f9d115eb500>,28,2,[ 2 10],29,48,50,19,48
1,<environment.Job instance at 0x7f9d115eb320>,27,14,[1 7],28,50,64,22,50
1,<environment.Job instance at 0x7f9d116d10a0>,32,2,[2 6],33,61,63,28,61
1,<environment.Job instance at 0x7f9d10b61500>,9,15,[10  1],10,61,76,51,61
1,<environment.Job instance at 0x7f9d11153d70>,36,3,[1 9],37,64,67,27,64
1,<environment.Job instance at 0x7f9d116d1820>,31,18,[ 5 10],32,67,85,35,67
1,<environment.Job instance at 0x7f9d10c33550>,37,15,[10  4],38,76,91,38,76
1,<environment.Job instance at 0x7f9d110cf410>,2,1,[12  2],3,3,4,0,3
1,<environment.Job instance at 0x7f9d110cf500>,5,3,[12  1],6,6,9,0,6
1,<environment.Job instance at 0x7f9d117290f0>,8,3,[14  3],9,9,12,0,9
1,<environment.Job instance at 0x7f9d11729c30>,9,1,[14  5],10,12,13,2,10
1,<environment.Job instance at 0x7f9d11a41690>,11,1,[7 2],12,13,14,1,12
1,<environment.Job instance at 0x7f9d11a41af0>,12,2,[3 7],13,13,15,0,13
1,<environment.Job instance at 0x7f9d11a415a0>,15,22,[5 5],16,16,38,0,16
1,<environment.Job instance at 0x7f9d11a41eb0>,18,2,[4 7],19,19,21,0,19
1,<environment.Job instance at 0x7f9d11a419b0>,20,20,[3 8],21,21,41,0,21
1,<environment.Job instance at 0x7f9d11a41870>,26,1,[ 2 11],27,41,42,14,27
1,<environment.Job instance at 0x7f9d11a418c0>,23,21,[4 7],24,42,63,18,35
1,<environment.Job instance at 0x7f9d11538be0>,29,2,[ 2 13],30,63,65,33,36
1,<environment.Job instance at 0x7f9d11538550>,30,14,[ 1 13],31,65,79,34,50
1,<environment.Job instance at 0x7f9d115388c0>,35,14,[3 8],36,79,93,43,64
1,<environment.Job instance at 0x7f9d1ab536e0>,44,13,[7 4],45,79,92,34,67
1,<environment.Job instance at 0x7f9d115385f0>,36,12,[10  1],37,67,79,30,67
1,<environment.Job instance at 0x7f9d11c04460>,4,15,[10  3],5,5,20,0,5
1,<environment.Job instance at 0x7f9d11109050>,12,2,[3 7],13,13,15,0,13
1,<environment.Job instance at 0x7f9d1a832eb0>,11,1,[7 2],12,20,21,8,20
1,<environment.Job instance at 0x7f9d119ca370>,18,2,[4 7],19,20,22,1,20
1,<environment.Job instance at 0x7f9d11a3a280>,16,12,[9 1],17,21,33,4,21
1,<environment.Job instance at 0x7f9d116d1af0>,25,15,[4 9],26,26,41,0,26
1,<environment.Job instance at 0x7f9d10dd7d70>,13,16,[9 4],14,33,49,19,33
1,<environment.Job instance at 0x7f9d11511190>,33,12,[5 8],34,41,53,7,41
1,<environment.Job instance at 0x7f9d1187c870>,37,12,[2 7],38,49,61,11,49
1,<environment.Job instance at 0x7f9d1187cc80>,36,12,[10  1],37,53,65,16,53
1,<environment.Job instance at 0x7f9d1187c410>,38,14,[ 4 10],39,61,75,22,61
1,<environment.Job instance at 0x7f9d11227190>,14,18,[10  1],15,66,84,51,66
1,<environment.Job instance at 0x7f9d1187c820>,35,14,[3 8],36,75,89,39,75
1,<environment.Job instance at 0x7f9d114a1640>,17,1,[5 8],18,18,19,0,18
1,<environment.Job instance at 0x7f9d111e1a00>,18,13,[5 5],19,19,32,0,19
1,<environment.Job instance at 0x7f9d111e14b0>,19,2,[9 3],20,20,22,0,20
1,<environment.Job instance at 0x7f9d11af5cd0>,21,1,[5 4],22,22,23,0,22
1,<environment.Job instance at 0x7f9d10eeb550>,48,1,[ 5 10],49,49,50,0,49
1,<environment.Job instance at 0x7f9d10eeb8c0>,51,23,[ 5 10],52,55,78,3,55
1,<environment.Job instance at 0x7f9d10eeb780>,53,12,[ 3 13],54,78,90,24,64
1,<environment.Job instance at 0x7f9d10eebb40>,56,1,[6 5],57,64,65,7,64
1,<environment.Job instance at 0x7f9d10eebdc0>,57,12,[2 8],58,90,102,32,74
1,<environment.Job instance at 0x7f9d11604780>,0,16,[9 4],1,1,17,0,1
1,<environment.Job instance at 0x7f9d11604190>,2,14,[ 2 10],3,3,17,0,3
1,<environment.Job instance at 0x7f9d1189abe0>,8,13,[3 9],9,17,30,8,17
1,<environment.Job instance at 0x7f9d11c31820>,6,16,[5 5],7,17,33,10,17
1,<environment.Job instance at 0x7f9d11524cd0>,9,2,[ 3 10],10,30,32,20,30
1,<environment.Job instance at 0x7f9d11fdf370>,4,16,[ 3 10],5,32,48,27,32
1,<environment.Job instance at 0x7f9d1187c280>,11,18,[9 5],12,33,51,21,33
1,<environment.Job instance at 0x7f9d1187cf50>,13,3,[1 9],14,48,51,34,48
1,<environment.Job instance at 0x7f9d11280320>,17,1,[5 8],18,51,52,33,51
1,<environment.Job instance at 0x7f9d1187cfa0>,15,12,[2 6],16,51,63,35,51
1,<environment.Job instance at 0x7f9d115eb230>,19,2,[9 3],20,52,54,32,52
1,<environment.Job instance at 0x7f9d11524460>,10,18,[1 5],11,52,70,41,52
1,<environment.Job instance at 0x7f9d115eb320>,21,1,[5 4],22,54,55,32,54
1,<environment.Job instance at 0x7f9d119ca320>,25,1,[10  1],26,55,56,29,55
1,<environment.Job instance at 0x7f9d115eb500>,20,16,[8 3],21,56,72,35,56
1,<environment.Job instance at 0x7f9d1187cc80>,18,13,[5 5],19,63,76,44,63
1,<environment.Job instance at 0x7f9d11a3a640>,28,2,[5 9],29,72,74,43,72
1,<environment.Job instance at 0x7f9d10db0050>,31,14,[5 1],32,72,86,40,72
1,<environment.Job instance at 0x7f9d11c04730>,34,18,[4 7],35,74,92,39,74
1,<environment.Job instance at 0x7f9d117296e0>,5,18,[5 5],6,76,94,70,76
1,<environment.Job instance at 0x7f9d110cbe10>,0,13,[4 5],1,1,14,0,1
1,<environment.Job instance at 0x7f9d110cbd70>,1,12,[ 4 10],2,2,14,0,2
1,<environment.Job instance at 0x7f9d1128fb90>,11,13,[8 2],12,14,27,2,12
1,<environment.Job instance at 0x7f9d1128ffa0>,14,2,[3 8],15,15,17,0,15
1,<environment.Job instance at 0x7f9d1ac21280>,16,2,[14  3],17,27,29,10,17
1,<environment.Job instance at 0x7f9d1ac215a0>,18,2,[ 2 12],19,21,23,2,21
1,<environment.Job instance at 0x7f9d1ac21aa0>,20,18,[ 3 14],21,29,47,8,22
1,<environment.Job instance at 0x7f9d11120280>,22,1,[ 1 14],23,47,48,24,24
1,<environment.Job instance at 0x7f9d1161da00>,25,2,[3 6],26,48,50,22,26
1,<environment.Job instance at 0x7f9d11786e10>,19,28,[7 1],20,29,57,9,28
1,<environment.Job instance at 0x7f9d116074b0>,26,1,[12  4],27,57,58,30,29
1,<environment.Job instance at 0x7f9d115f3050>,32,13,[7 4],33,58,71,25,42
1,<environment.Job instance at 0x7f9d11e385f0>,21,16,[7 2],22,58,74,36,45
1,<environment.Job instance at 0x7f9d11e1ed20>,33,14,[10  2],34,75,89,41,75
1,<environment.Job instance at 0x7f9d1108ed70>,36,21,[ 4 11],37,75,96,38,75
1,<environment.Job instance at 0x7f9d11fcf5a0>,0,13,[4 5],1,1,14,0,1
1,<environment.Job instance at 0x7f9d11fcf5f0>,1,12,[ 4 10],2,2,14,0,2
1,<environment.Job instance at 0x7f9d11fe4500>,11,13,[8 2],12,14,27,2,14
1,<environment.Job instance at 0x7f9d11fcf050>,5,14,[5 9],6,14,28,8,14
1,<environment.Job instance at 0x7f9d12006d70>,21,16,[7 2],22,27,43,5,27
1,<environment.Job instance at 0x7f9d11fe4af0>,14,2,[3 8],15,28,30,13,28
1,<environment.Job instance at 0x7f9d11fe8f00>,25,2,[3 6],26,30,32,4,30
1,<environment.Job instance at 0x7f9d10c87410>,3,16,[ 2 10],4,32,48,28,32
1,<environment.Job instance at 0x7f9d11fe8780>,28,14,[10  2],29,43,57,14,43
1,<environment.Job instance at 0x7f9d112dcc30>,8,18,[ 5 10],9,48,66,39,48
1,<environment.Job instance at 0x7f9d11fd1140>,32,13,[7 4],33,57,70,24,57
1,<environment.Job instance at 0x7f9d11193190>,37,3,[2 7],38,66,69,28,66
1,<environment.Job instance at 0x7f9d111b66e0>,42,18,[6 1],43,66,84,23,66
1,<environment.Job instance at 0x7f9d111b60a0>,43,15,[2 8],44,69,84,25,69
1,<environment.Job instance at 0x7f9d111b6f00>,45,12,[6 1],46,70,82,24,70
1,<environment.Job instance at 0x7f9d111088c0>,0,2,[ 1 13],1,1,3,0,1
1,<environment.Job instance at 0x7f9d10aadfa0>,1,17,[ 1 10],2,2,19,0,2
1,<environment.Job instance at 0x7f9d10dedeb0>,4,22,[8 3],5,5,27,0,5
1,<environment.Job instance at 0x7f9d118daa50>,9,16,[1 7],10,19,35,9,19
1,<environment.Job instance at 0x7f9d10b9c410>,5,2,[8 2],6,27,29,21,27
1,<environment.Job instance at 0x7f9d114b2640>,13,14,[5 5],14,27,41,13,27
1,<environment.Job instance at 0x7f9d10c95aa0>,20,3,[7 3],21,29,32,8,29
1,<environment.Job instance at 0x7f9d10c95dc0>,22,1,[3 6],23,35,36,12,35
1,<environment.Job instance at 0x7f9d115668c0>,18,15,[2 5],19,36,51,17,36
1,<environment.Job instance at 0x7f9d11e5b320>,34,1,[2 5],35,41,42,6,41
1,<environment.Job instance at 0x7f9d10c95be0>,19,18,[9 5],20,41,59,21,41
1,<environment.Job instance at 0x7f9d10da54b0>,37,3,[5 6],38,51,54,13,51
1,<environment.Job instance at 0x7f9d11bdffa0>,39,15,[5 8],40,54,69,14,54
1,<environment.Job instance at 0x7f9d116e9d70>,24,17,[2 6],25,59,76,34,59
1,<environment.Job instance at 0x7f9d10c95690>,23,16,[1 9],24,69,85,45,69
1,<environment.Job instance at 0x7f9d11bdfe10>,41,17,[2 6],42,76,93,34,76
1,<environment.Job instance at 0x7f9d112e9550>,2,17,[2 5],3,3,20,0,3
1,<environment.Job instance at 0x7f9d112e9910>,3,17,[3 6],4,5,22,1,5
1,<environment.Job instance at 0x7f9d115fdeb0>,8,12,[6 3],9,9,21,0,9
1,<environment.Job instance at 0x7f9d10f4e5a0>,12,13,[2 6],13,20,33,7,13
1,<environment.Job instance at 0x7f9d10f4e190>,11,12,[4 6],12,22,34,10,13
1,<environment.Job instance at 0x7f9d10da53c0>,4,13,[12  4],5,34,47,29,21
1,<environment.Job instance at 0x7f9d10f4e280>,13,13,[10  4],14,47,60,33,34
1,<environment.Job instance at 0x7f9d10f4ef50>,14,15,[8 4],15,60,75,45,47
1,<environment.Job instance at 0x7f9d10f4ef00>,16,15,[ 5 12],17,75,90,58,61
1,<environment.Job instance at 0x7f9d1ac21140>,18,3,[6 4],19,61,64,42,61
1,<environment.Job instance at 0x7f9d11599910>,2,17,[2 5],3,3,20,0,3
1,<environment.Job instance at 0x7f9d11599960>,3,17,[3 6],4,4,21,0,4
1,<environment.Job instance at 0x7f9d11599a50>,8,12,[6 3],9,9,21,0,9
1,<environment.Job instance at 0x7f9d11bdfe10>,11,12,[4 6],12,20,32,8,20
1,<environment.Job instance at 0x7f9d10a7d0f0>,18,3,[6 4],19,21,24,2,21
1,<environment.Job instance at 0x7f9d1074d7d0>,21,13,[3 9],22,24,37,2,24
1,<environment.Job instance at 0x7f9d112e9cd0>,26,2,[5 1],27,32,34,5,32
1,<environment.Job instance at 0x7f9d11bdff00>,12,13,[2 6],13,34,47,21,34
1,<environment.Job instance at 0x7f9d10da5d20>,13,13,[10  4],14,37,50,23,37
1,<environment.Job instance at 0x7f9d11051eb0>,34,14,[5 8],35,47,61,12,47
1,<environment.Job instance at 0x7f9d11ac4b90>,36,3,[8 2],37,50,53,13,50
1,<environment.Job instance at 0x7f9d11fa00f0>,35,13,[7 2],36,53,66,17,53
1,<environment.Job instance at 0x7f9d11ac40f0>,38,3,[5 3],39,61,64,22,61
1,<environment.Job instance at 0x7f9d11e1e500>,40,3,[1 9],41,64,67,23,64
1,<environment.Job instance at 0x7f9d1139ca00>,37,17,[7 2],38,64,81,26,64
1,<environment.Job instance at 0x7f9d11e1e5a0>,43,12,[7 4],44,66,78,22,66
1,<environment.Job instance at 0x7f9d11e1eaf0>,44,1,[4 5],45,78,79,33,78
1,<environment.Job instance at 0x7f9d11e1e820>,41,13,[4 6],42,78,91,36,78
1,<environment.Job instance at 0x7f9d113df1e0>,0,13,[4 5],1,1,14,0,1
1,<environment.Job instance at 0x7f9d10e3e910>,3,15,[5 5],4,4,19,0,4
1,<environment.Job instance at 0x7f9d10e3ed20>,8,2,[7 4],9,14,16,5,9
1,<environment.Job instance at 0x7f9d10e3edc0>,9,2,[4 6],10,16,18,6,10
1,<environment.Job instance at 0x7f9d10e3ef50>,12,2,[1 6],13,14,16,1,14
1,<environment.Job instance at 0x7f9d110f00f0>,0,13,[4 5],1,1,14,0,1
1,<environment.Job instance at 0x7f9d110f0a00>,3,15,[5 5],4,4,19,0,4
1,<environment.Job instance at 0x7f9d110f0a50>,4,22,[6 5],5,5,27,0,5
1,<environment.Job instance at 0x7f9d110f09b0>,8,2,[7 4],9,19,21,10,19
1,<environment.Job instance at 0x7f9d110f0550>,12,2,[1 6],13,19,21,6,19
1,<environment.Job instance at 0x7f9d110f0b90>,9,2,[4 6],10,21,23,11,21
1,<environment.Job instance at 0x7f9d1065f640>,16,3,[3 6],17,23,26,6,23
1,<environment.Job instance at 0x7f9d1065f960>,17,3,[2 9],18,26,29,8,26
1,<environment.Job instance at 0x7f9d11e1e0f0>,21,12,[8 4],22,27,39,5,27
1,<environment.Job instance at 0x7f9d1065f690>,20,16,[7 3],21,29,45,8,29
1,<environment.Job instance at 0x7f9d11e1e500>,28,1,[6 2],29,39,40,10,39
1,<environment.Job instance at 0x7f9d11ac4870>,29,2,[2 5],30,39,41,9,39
1,<environment.Job instance at 0x7f9d1065fa50>,18,16,[2 7],19,40,56,21,40
1,<environment.Job instance at 0x7f9d11ac40f0>,30,17,[5 3],31,41,58,10,41
1,<environment.Job instance at 0x7f9d10f4e6e0>,37,12,[1 7],38,56,68,18,56
1,<environment.Job instance at 0x7f9d11e1e550>,31,12,[2 7],32,58,70,26,58
1,<environment.Job instance at 0x7f9d10dc1370>,39,13,[10  1],40,58,71,18,58
1,<environment.Job instance at 0x7f9d1139cb40>,38,15,[2 6],39,68,83,29,68
1,<environment.Job instance at 0x7f9d11e1ee10>,22,16,[1 8],23,70,86,47,70
1,<environment.Job instance at 0x7f9d11281d20>,7,3,[10  4],8,10,13,2,10
1,<environment.Job instance at 0x7f9d10e4dcd0>,10,25,[13  3],11,13,38,2,13
1,<environment.Job instance at 0x7f9d10e4db90>,13,3,[4 9],14,38,41,24,14
1,<environment.Job instance at 0x7f9d10e4dd20>,12,13,[ 3 12],13,41,54,28,27
1,<environment.Job instance at 0x7f9d11b9b0a0>,22,2,[1 9],23,54,56,31,40
1,<environment.Job instance at 0x7f9d10755eb0>,23,14,[5 1],24,40,54,16,40
1,<environment.Job instance at 0x7f9d107552d0>,27,1,[ 2 10],28,56,57,28,50
1,<environment.Job instance at 0x7f9d10755550>,38,1,[5 5],39,54,55,15,52
1,<environment.Job instance at 0x7f9d10755140>,35,19,[2 6],36,57,76,21,53
1,<environment.Job instance at 0x7f9d11bb5c30>,46,12,[1 9],47,57,69,10,53
1,<environment.Job instance at 0x7f9d10745af0>,50,20,[8 1],51,69,89,18,63
1,<environment.Job instance at 0x7f9d10745cd0>,53,1,[10  5],54,89,90,35,63
1,<environment.Job instance at 0x7f9d10e4d780>,1,15,[9 2],2,2,17,0,2
1,<environment.Job instance at 0x7f9d1073da50>,11,22,[ 5 10],12,12,34,0,12
1,<environment.Job instance at 0x7f9d1071dc80>,7,3,[10  4],8,17,20,9,17
1,<environment.Job instance at 0x7f9d10745b40>,8,13,[8 4],9,20,33,11,20
1,<environment.Job instance at 0x7f9d1073d4b0>,14,13,[8 2],15,33,46,18,33
1,<environment.Job instance at 0x7f9d1071f0f0>,22,2,[1 9],23,34,36,11,34
1,<environment.Job instance at 0x7f9d1071fd70>,23,14,[5 1],24,34,48,10,34
1,<environment.Job instance at 0x7f9d1071faa0>,27,1,[ 2 10],28,36,37,8,36
1,<environment.Job instance at 0x7f9d1073d780>,13,3,[4 9],14,46,49,32,46
1,<environment.Job instance at 0x7f9d1071fa50>,31,15,[6 1],32,46,61,14,46
1,<environment.Job instance at 0x7f9d1073bf00>,37,14,[ 4 10],38,49,63,11,49
1,<environment.Job instance at 0x7f9d1073b4b0>,38,1,[5 5],39,61,62,22,61
1,<environment.Job instance at 0x7f9d1073b2d0>,40,16,[9 2],41,62,78,21,62
1,<environment.Job instance at 0x7f9d1073bcd0>,36,18,[3 5],37,63,81,26,63
1,<environment.Job instance at 0x7f9d1073b190>,43,2,[8 2],44,78,80,34,78
1,<environment.Job instance at 0x7f9d1a674c30>,0,1,[7 2],1,1,2,0,1
1,<environment.Job instance at 0x7f9d1a674280>,2,2,[8 5],3,3,5,0,3
1,<environment.Job instance at 0x7f9d107b7af0>,3,3,[10  2],4,5,8,1,4
1,<environment.Job instance at 0x7f9d107b7e60>,6,2,[5 7],7,7,9,0,7
1,<environment.Job instance at 0x7f9d112ea690>,11,3,[6 5],12,12,15,0,12
1,<environment.Job instance at 0x7f9d112ead70>,12,14,[7 2],13,13,27,0,13
1,<environment.Job instance at 0x7f9d112ea1e0>,15,12,[2 6],16,16,28,0,16
1,<environment.Job instance at 0x7f9d107fc960>,17,1,[3 9],18,27,28,9,18
1,<environment.Job instance at 0x7f9d1a9d9870>,23,3,[13  4],24,28,31,4,25
1,<environment.Job instance at 0x7f9d107fc370>,22,22,[ 2 10],23,54,76,31,54
1,<environment.Job instance at 0x7f9d1085d550>,0,1,[7 2],1,1,2,0,1
1,<environment.Job instance at 0x7f9d10863500>,1,15,[10  1],2,2,17,0,2
1,<environment.Job instance at 0x7f9d10863820>,4,16,[5 4],5,5,21,0,5
1,<environment.Job instance at 0x7f9d10863780>,2,2,[8 5],3,17,19,14,17
1,<environment.Job instance at 0x7f9d108635a0>,6,2,[5 7],7,19,21,12,19
1,<environment.Job instance at 0x7f9d1085daf0>,3,3,[10  2],4,21,24,17,21
1,<environment.Job instance at 0x7f9d11bae550>,17,1,[3 9],18,21,22,3,21
1,<environment.Job instance at 0x7f9d11bae6e0>,15,12,[2 6],16,22,34,6,22
1,<environment.Job instance at 0x7f9d11bae820>,19,18,[2 5],20,22,40,2,22
1,<environment.Job instance at 0x7f9d11baeaa0>,12,14,[7 2],13,24,38,11,24
1,<environment.Job instance at 0x7f9d10863a00>,11,3,[6 5],12,34,37,22,34
1,<environment.Job instance at 0x7f9d1073bfa0>,26,16,[1 7],27,37,53,10,37
1,<environment.Job instance at 0x7f9d1073b140>,29,2,[ 1 10],30,53,55,23,53
1,<environment.Job instance at 0x7f9d1073ba50>,34,15,[8 2],35,53,68,18,53
1,<environment.Job instance at 0x7f9d1073bb40>,31,17,[6 2],32,53,70,21,53
1,<environment.Job instance at 0x7f9d1073be10>,30,17,[5 7],31,68,85,37,68
1,<environment.Job instance at 0x7f9d1071f870>,40,2,[10  2],41,70,72,29,70
1,<environment.Job instance at 0x7f9d1071f140>,45,2,[5 3],46,72,74,26,72
1,<environment.Job instance at 0x7f9d1071fe60>,46,18,[4 5],47,72,90,25,72
1,<environment.Job instance at 0x7f9d1071f050>,47,1,[6 1],48,74,75,26,74
1,<environment.Job instance at 0x7f9d11e422d0>,2,12,[2 9],3,3,15,0,3
1,<environment.Job instance at 0x7f9d11e42370>,3,1,[ 4 13],4,15,16,11,4
1,<environment.Job instance at 0x7f9d11e42b90>,4,3,[ 5 13],5,16,19,11,5
1,<environment.Job instance at 0x7f9d1085deb0>,6,1,[ 1 14],7,19,20,12,7
1,<environment.Job instance at 0x7f9d118f0e10>,8,14,[1 7],9,20,34,11,9
1,<environment.Job instance at 0x7f9d11e5e460>,9,3,[8 2],10,10,13,0,10
1,<environment.Job instance at 0x7f9d11e515f0>,27,15,[2 7],28,62,77,34,62
1,<environment.Job instance at 0x7f9d11b63730>,28,3,[6 4],29,62,65,33,62
1,<environment.Job instance at 0x7f9d11a599b0>,30,21,[1 8],31,65,86,34,62
1,<environment.Job instance at 0x7f9d11a59e10>,31,3,[3 6],32,77,80,45,62
1,<environment.Job instance at 0x7f9d11e4c410>,38,1,[7 3],39,62,63,23,62
1,<environment.Job instance at 0x7f9d10e41aa0>,40,2,[3 7],41,80,82,39,62
1,<environment.Job instance at 0x7f9d11e87690>,48,3,[ 4 10],49,86,89,37,62
1,<environment.Job instance at 0x7f9d11e4e6e0>,49,2,[12  3],50,82,84,32,62
1,<environment.Job instance at 0x7f9d11e4ed20>,50,3,[14  2],51,89,92,38,63
1,<environment.Job instance at 0x7f9d11e84a00>,61,13,[6 2],62,92,105,30,76
1,<environment.Job instance at 0x7f9d107fcaf0>,2,12,[2 9],3,3,15,0,3
1,<environment.Job instance at 0x7f9d1073da50>,5,13,[10  3],6,6,19,0,6
1,<environment.Job instance at 0x7f9d108d1230>,8,14,[1 7],9,15,29,6,15
1,<environment.Job instance at 0x7f9d1073d870>,9,3,[8 2],10,19,22,9,19
1,<environment.Job instance at 0x7f9d1071f870>,18,18,[5 6],19,19,37,0,19
1,<environment.Job instance at 0x7f9d1073b870>,26,13,[3 9],27,29,42,2,29
1,<environment.Job instance at 0x7f9d1071fd70>,15,18,[10  5],16,37,55,21,37
1,<environment.Job instance at 0x7f9d1071f190>,21,12,[ 1 10],22,42,54,20,42
1,<environment.Job instance at 0x7f9d1073bd70>,31,3,[3 6],32,54,57,22,54
1,<environment.Job instance at 0x7f9d1073bb40>,28,3,[6 4],29,55,58,26,55
1,<environment.Job instance at 0x7f9d1073b2d0>,33,12,[4 6],34,57,69,23,57
1,<environment.Job instance at 0x7f9d1073bfa0>,32,12,[5 8],33,58,70,25,58
1,<environment.Job instance at 0x7f9d1073b230>,27,15,[2 7],28,69,84,41,69
1,<environment.Job instance at 0x7f9d11bae690>,38,1,[7 3],39,70,71,31,70
1,<environment.Job instance at 0x7f9d11bae320>,40,2,[3 7],41,71,73,30,71
1,<environment.Job instance at 0x7f9d11baedc0>,37,18,[7 1],38,71,89,33,71
1,<environment.Job instance at 0x7f9d11b63190>,3,1,[ 3 10],4,4,5,0,4
1,<environment.Job instance at 0x7f9d11b63690>,4,16,[6 1],5,5,21,0,5
1,<environment.Job instance at 0x7f9d11b632d0>,6,2,[ 1 11],7,7,9,0,7
1,<environment.Job instance at 0x7f9d1122a460>,9,24,[4 8],10,10,34,0,10
1,<environment.Job instance at 0x7f9d1122a0f0>,12,2,[3 5],13,13,15,0,13
1,<environment.Job instance at 0x7f9d1122a6e0>,13,12,[3 5],14,15,27,1,14
1,<environment.Job instance at 0x7f9d1122a320>,14,2,[1 9],15,34,36,19,15
1,<environment.Job instance at 0x7f9d1122aeb0>,15,1,[3 7],16,27,28,11,16
1,<environment.Job instance at 0x7f9d1122a640>,20,14,[5 4],21,28,42,7,21
1,<environment.Job instance at 0x7f9d1122ae10>,21,15,[6 4],22,36,51,14,22
1,<environment.Job instance at 0x7f9d1122a910>,22,2,[7 5],23,42,44,19,23
1,<environment.Job instance at 0x7f9d1122acd0>,23,2,[ 2 10],24,44,46,20,24
1,<environment.Job instance at 0x7f9d11c2e4b0>,25,1,[11  4],26,51,52,25,26
1,<environment.Job instance at 0x7f9d11c2e1e0>,26,3,[ 1 12],27,52,55,25,27
1,<environment.Job instance at 0x7f9d11c2e550>,31,3,[4 5],32,36,39,4,32
1,<environment.Job instance at 0x7f9d11c2e960>,32,2,[ 1 11],33,46,48,13,33
1,<environment.Job instance at 0x7f9d11c2e0f0>,33,1,[3 6],34,39,40,5,35
1,<environment.Job instance at 0x7f9d11c2e230>,29,13,[9 4],30,55,68,25,39
1,<environment.Job instance at 0x7f9d11e42140>,0,12,[10  3],1,1,13,0,1
1,<environment.Job instance at 0x7f9d11e42e60>,2,20,[ 4 10],3,3,23,0,3
1,<environment.Job instance at 0x7f9d108639b0>,1,13,[10  4],2,13,26,11,13
1,<environment.Job instance at 0x7f9d10863780>,3,1,[ 3 10],4,23,24,19,23
1,<environment.Job instance at 0x7f9d1073b320>,12,2,[3 5],13,24,26,11,24
1,<environment.Job instance at 0x7f9d1073bdc0>,15,1,[3 7],16,26,27,10,26
1,<environment.Job instance at 0x7f9d1073b2d0>,13,12,[3 5],14,26,38,12,26
1,<environment.Job instance at 0x7f9d10863500>,4,16,[6 1],5,26,42,21,26
1,<environment.Job instance at 0x7f9d1073b820>,14,2,[1 9],15,27,29,12,27
1,<environment.Job instance at 0x7f9d1073b870>,20,14,[5 4],21,29,43,8,29
1,<environment.Job instance at 0x7f9d1071fb40>,23,2,[ 2 10],24,38,40,14,38
1,<environment.Job instance at 0x7f9d108630f0>,5,14,[ 4 10],6,40,54,34,40
1,<environment.Job instance at 0x7f9d1073bd20>,22,2,[7 5],23,43,45,20,43
1,<environment.Job instance at 0x7f9d1071f140>,29,13,[9 4],30,45,58,15,45
1,<environment.Job instance at 0x7f9d1071feb0>,31,3,[4 5],32,54,57,22,54
1,<environment.Job instance at 0x7f9d1071fdc0>,28,17,[1 6],29,54,71,25,54
1,<environment.Job instance at 0x7f9d1a9d9320>,33,1,[3 6],34,58,59,24,58
1,<environment.Job instance at 0x7f9d10fbe5f0>,37,12,[5 8],38,59,71,21,59
1,<environment.Job instance at 0x7f9d1071f960>,30,13,[4 8],31,71,84,40,71
1,<environment.Job instance at 0x7f9d1073baf0>,21,15,[6 4],22,71,86,49,71
1,<environment.Job instance at 0x7f9d10f00eb0>,2,2,[10  4],3,3,5,0,3
1,<environment.Job instance at 0x7f9d11e84a50>,9,13,[9 5],10,11,24,1,11
1,<environment.Job instance at 0x7f9d10ee13c0>,10,15,[ 4 10],11,11,26,0,11
1,<environment.Job instance at 0x7f9d10ee15f0>,11,2,[4 9],12,26,28,14,12
1,<environment.Job instance at 0x7f9d10ee17d0>,15,3,[6 5],16,24,27,8,16
1,<environment.Job instance at 0x7f9d10ee15a0>,13,18,[ 2 10],14,28,46,14,17
1,<environment.Job instance at 0x7f9d10ee1aa0>,17,3,[9 1],18,27,30,9,20
1,<environment.Job instance at 0x7f9d10ee1c30>,20,12,[5 4],21,30,42,9,21
1,<environment.Job instance at 0x7f9d10ee1b40>,19,27,[8 5],20,47,74,27,47
1,<environment.Job instance at 0x7f9d11c14500>,1,17,[8 5],2,2,19,0,2
1,<environment.Job instance at 0x7f9d11c140a0>,6,1,[4 9],7,7,8,0,7
1,<environment.Job instance at 0x7f9d11c14460>,8,22,[2 7],9,9,31,0,9
1,<environment.Job instance at 0x7f9d11c14050>,2,2,[10  4],3,19,21,16,19
1,<environment.Job instance at 0x7f9d110bfe10>,15,3,[6 5],16,21,24,5,21
1,<environment.Job instance at 0x7f9d11c140f0>,9,13,[9 5],10,24,37,14,24
1,<environment.Job instance at 0x7f9d11c141e0>,11,2,[4 9],12,31,33,19,31
1,<environment.Job instance at 0x7f9d11b63a00>,18,15,[3 9],19,33,48,14,33
1,<environment.Job instance at 0x7f9d110bf9b0>,17,3,[9 1],18,37,40,19,37
1,<environment.Job instance at 0x7f9d11b63f50>,20,12,[5 4],21,40,52,19,40
1,<environment.Job instance at 0x7f9d1122ad70>,24,1,[1 8],25,48,49,23,48
1,<environment.Job instance at 0x7f9d11c2e9b0>,22,13,[8 3],23,48,61,25,48
1,<environment.Job instance at 0x7f9d1a9d9320>,31,3,[7 3],32,52,55,20,52
1,<environment.Job instance at 0x7f9d10fbe4b0>,29,12,[6 5],30,55,67,25,55
1,<environment.Job instance at 0x7f9d1071f370>,37,3,[4 5],38,61,64,23,61
1,<environment.Job instance at 0x7f9d10fbe960>,33,12,[5 3],34,61,73,27,61
1,<environment.Job instance at 0x7f9d1071fd20>,43,14,[7 2],44,67,81,23,67
1,<environment.Job instance at 0x7f9d1073b5f0>,49,15,[3 8],50,67,82,17,67
1,<environment.Job instance at 0x7f55242986e0>,0,2,[6 2],1,1,3,0,1
1,<environment.Job instance at 0x7f5524298730>,1,15,[4 5],2,2,17,0,2
1,<environment.Job instance at 0x7f551ac4ec80>,3,13,[3 8],4,4,17,0,4
1,<environment.Job instance at 0x7f55242988c0>,7,12,[7 2],8,10,22,2,10
1,<environment.Job instance at 0x7f551ac520a0>,10,14,[1 6],11,17,31,6,11
1,<environment.Job instance at 0x7f551ac52230>,11,1,[8 4],12,22,23,10,12
1,<environment.Job instance at 0x7f551ac4ee60>,13,15,[4 5],14,17,32,3,16
1,<environment.Job instance at 0x7f551ac52320>,12,13,[ 2 12],13,32,45,19,18
1,<environment.Job instance at 0x7f551ac52a00>,22,3,[4 6],23,45,48,22,23
1,<environment.Job instance at 0x7f551ac52af0>,24,2,[ 3 12],25,48,50,23,25
1,<environment.Job instance at 0x7f551ac52e60>,28,2,[5 8],29,45,47,16,29
1,<environment.Job instance at 0x7f551ac525f0>,18,18,[3 6],19,50,68,31,39
1,<environment.Job instance at 0x7f551ac56280>,32,14,[8 3],33,47,61,14,39
1,<environment.Job instance at 0x7f551ac56460>,35,3,[9 5],36,61,64,25,40
1,<environment.Job instance at 0x7f551ac565a0>,37,2,[5 1],38,40,42,2,40
1,<environment.Job instance at 0x7f551ac56640>,38,14,[5 5],39,64,78,25,49
1,<environment.Job instance at 0x7f551ac56820>,39,12,[3 6],40,68,80,28,51
1,<environment.Job instance at 0x7f551ac569b0>,41,3,[14  5],42,80,83,38,54
1,<environment.Job instance at 0x7f551ac52190>,15,20,[3 5],16,83,103,67,74
1,<environment.Job instance at 0x7f551ac52fa0>,31,13,[4 5],32,83,96,51,74
1,<environment.Job instance at 0x7f551ac56c80>,44,14,[8 4],45,83,97,38,76
1,<environment.Job instance at 0x7f551ac594b0>,0,2,[6 2],1,1,3,0,1
1,<environment.Job instance at 0x7f551ac5ad20>,1,15,[4 5],2,2,17,0,2
1,<environment.Job instance at 0x7f551ac5ae60>,2,18,[ 3 10],3,3,21,0,3
1,<environment.Job instance at 0x7f551ac4e960>,7,12,[7 2],8,17,29,9,17
1,<environment.Job instance at 0x7f551ac5d460>,11,1,[8 4],12,21,22,9,21
1,<environment.Job instance at 0x7f5524298780>,3,13,[3 8],4,22,35,18,22
1,<environment.Job instance at 0x7f551ac5d5f0>,13,15,[4 5],14,22,37,8,22
1,<environment.Job instance at 0x7f551ac4ea50>,9,17,[8 1],10,29,46,19,29
1,<environment.Job instance at 0x7f551ac5d3c0>,10,14,[1 6],11,35,49,24,35
1,<environment.Job instance at 0x7f551ac7f8c0>,18,18,[3 6],19,37,55,18,37
1,<environment.Job instance at 0x7f551adeea00>,22,3,[4 6],23,49,52,26,49
1,<environment.Job instance at 0x7f551ace8640>,25,16,[5 3],26,49,65,23,49
1,<environment.Job instance at 0x7f551ac590a0>,5,18,[7 5],6,52,70,46,52
1,<environment.Job instance at 0x7f551ac46aa0>,28,2,[5 8],29,66,68,37,66
1,<environment.Job instance at 0x7f551ac466e0>,31,13,[4 5],32,68,81,36,68
1,<environment.Job instance at 0x7f551ad355f0>,32,14,[8 3],33,70,84,37,70
1,<environment.Job instance at 0x7f551ac99e10>,23,18,[7 4],24,82,100,58,82
1,<environment.Job instance at 0x7f551ac46d20>,30,15,[8 2],31,84,99,53,84
1,<environment.Job instance at 0x7f551a3f70a0>,0,2,[5 5],1,1,3,0,1
1,<environment.Job instance at 0x7f551a39a0a0>,2,3,[2 8],3,3,6,0,3
1,<environment.Job instance at 0x7f551a39a550>,4,22,[5 8],5,6,28,1,5
1,<environment.Job instance at 0x7f551a39a370>,5,24,[2 5],6,6,30,0,6
1,<environment.Job instance at 0x7f551a399dc0>,7,1,[5 8],8,28,29,20,8
1,<environment.Job instance at 0x7f551a399320>,8,2,[10  4],9,29,31,20,9
1,<environment.Job instance at 0x7f551a399690>,9,14,[6 1],10,10,24,0,10
1,<environment.Job instance at 0x7f551a39a5f0>,14,14,[6 5],15,31,45,16,18
1,<environment.Job instance at 0x7f551a3997d0>,15,18,[5 3],16,30,48,14,19
1,<environment.Job instance at 0x7f551a399370>,13,17,[ 2 10],14,45,62,31,33
1,<environment.Job instance at 0x7f551a38eaa0>,26,3,[1 6],27,39,42,12,39
1,<environment.Job instance at 0x7f551a393eb0>,27,12,[6 1],28,45,57,17,39
1,<environment.Job instance at 0x7f551a38e0f0>,23,12,[6 5],24,57,69,33,40
1,<environment.Job instance at 0x7f551a399410>,20,13,[1 7],21,62,75,41,46
1,<environment.Job instance at 0x7f551a399b40>,6,12,[ 4 14],7,75,87,68,58
1,<environment.Job instance at 0x7f551a51ed20>,36,22,[10  1],37,69,91,32,67
1,<environment.Job instance at 0x7f551a4ceaa0>,37,1,[1 9],38,87,88,49,67
1,<environment.Job instance at 0x7f551a4f9370>,39,3,[14  4],40,91,94,51,75
1,<environment.Job instance at 0x7f551a218b90>,43,3,[1 7],44,88,91,44,75
1,<environment.Job instance at 0x7f551a33d3c0>,41,15,[8 1],42,94,109,52,80
1,<environment.Job instance at 0x7f551a2153c0>,45,23,[7 3],46,94,117,48,88
1,<environment.Job instance at 0x7f551a264a50>,48,2,[3 6],49,88,90,39,88
1,<environment.Job instance at 0x7f551a470c30>,0,2,[5 5],1,1,3,0,1
1,<environment.Job instance at 0x7f551a470780>,2,3,[2 8],3,3,6,0,3
1,<environment.Job instance at 0x7f551a43e6e0>,4,22,[5 8],5,6,28,1,6
1,<environment.Job instance at 0x7f551a477730>,8,2,[10  4],9,9,11,0,9
1,<environment.Job instance at 0x7f551a578c80>,9,14,[6 1],10,11,25,1,11
1,<environment.Job instance at 0x7f551a477690>,14,14,[6 5],15,25,39,10,25
1,<environment.Job instance at 0x7f551a477af0>,7,1,[5 8],8,28,29,20,28
1,<environment.Job instance at 0x7f551a473be0>,17,13,[6 5],18,29,42,11,29
1,<environment.Job instance at 0x7f551a40bdc0>,20,13,[1 7],21,39,52,18,39
1,<environment.Job instance at 0x7f551a473410>,16,16,[7 3],17,39,55,22,39
1,<environment.Job instance at 0x7f551a403460>,23,12,[6 5],24,42,54,18,42
1,<environment.Job instance at 0x7f551a40be60>,22,14,[3 7],23,54,68,31,54
1,<environment.Job instance at 0x7f551a4735a0>,15,18,[5 3],16,54,72,38,54
1,<environment.Job instance at 0x7f551a40f730>,27,12,[6 1],28,55,67,27,55
1,<environment.Job instance at 0x7f551a403550>,26,3,[1 6],27,68,71,41,68
1,<environment.Job instance at 0x7f551a40f870>,28,14,[9 1],29,68,82,39,68
1,<environment.Job instance at 0x7f551a408d70>,32,16,[1 8],33,72,88,39,72
1,<environment.Job instance at 0x7f551a473c80>,18,15,[9 4],19,82,97,63,82
1,<environment.Job instance at 0x7f551a4194b0>,37,1,[1 9],38,88,89,50,88
1,<environment.Job instance at 0x7f551a473500>,13,17,[ 2 10],14,89,106,75,89
1,<environment.Job instance at 0x7f55242c1730>,0,1,[7 4],1,1,2,0,1
1,<environment.Job instance at 0x7f55242c1e10>,1,13,[ 4 10],2,2,15,0,2
1,<environment.Job instance at 0x7f5524408dc0>,2,14,[4 7],3,15,29,12,3
1,<environment.Job instance at 0x7f55242c1fa0>,6,2,[8 2],7,7,9,0,7
1,<environment.Job instance at 0x7f5524408b90>,13,2,[ 1 10],14,29,31,15,14
1,<environment.Job instance at 0x7f5524329780>,14,2,[ 1 11],15,31,33,16,15
1,<environment.Job instance at 0x7f55242c0410>,15,3,[8 2],16,16,19,0,16
1,<environment.Job instance at 0x7f55242c0dc0>,16,14,[8 4],17,19,33,2,17
1,<environment.Job instance at 0x7f55242c0960>,17,3,[5 4],18,33,36,15,18
1,<environment.Job instance at 0x7f5524408820>,23,1,[10  3],24,33,34,9,25
1,<environment.Job instance at 0x7f55242c0be0>,22,2,[ 3 12],23,36,38,13,26
1,<environment.Job instance at 0x7f55242c0690>,26,14,[11  2],27,36,50,9,27
1,<environment.Job instance at 0x7f552440d730>,30,13,[5 1],31,50,63,19,34
1,<environment.Job instance at 0x7f5524408a00>,7,22,[1 7],8,38,60,30,34
1,<environment.Job instance at 0x7f552440d320>,33,2,[11  2],34,63,65,29,36
1,<environment.Job instance at 0x7f552440d2d0>,28,17,[10  2],29,65,82,36,54
1,<environment.Job instance at 0x7f5524404140>,35,15,[3 5],36,54,69,18,54
1,<environment.Job instance at 0x7f5524404e60>,36,17,[11  1],37,82,99,45,70
1,<environment.Job instance at 0x7f55244047d0>,37,13,[ 4 12],38,70,83,32,70
1,<environment.Job instance at 0x7f55242c0d70>,24,28,[3 8],25,83,111,58,82
1,<environment.Job instance at 0x7f55242c0eb0>,0,1,[7 4],1,1,2,0,1
1,<environment.Job instance at 0x7f55242c03c0>,1,13,[ 4 10],2,2,15,0,2
1,<environment.Job instance at 0x7f5524406730>,5,19,[5 1],6,6,25,0,6
1,<environment.Job instance at 0x7f55242c0f00>,6,2,[8 2],7,15,17,8,15
1,<environment.Job instance at 0x7f551a26ccd0>,13,2,[ 1 10],14,15,17,1,15
1,<environment.Job instance at 0x7f551a26cfa0>,15,3,[8 2],16,17,20,1,17
1,<environment.Job instance at 0x7f552440b8c0>,7,22,[1 7],8,17,39,9,17
1,<environment.Job instance at 0x7f551a26c910>,17,3,[5 4],18,20,23,2,20
1,<environment.Job instance at 0x7f55242c0550>,2,14,[4 7],3,23,37,20,23
1,<environment.Job instance at 0x7f5524411780>,23,1,[10  3],24,37,38,13,37
1,<environment.Job instance at 0x7f551a26ce10>,16,14,[8 4],17,38,52,21,38
1,<environment.Job instance at 0x7f551a2ec190>,30,13,[5 1],31,38,51,7,38
1,<environment.Job instance at 0x7f55242c1910>,12,15,[3 9],13,51,66,38,51
1,<environment.Job instance at 0x7f551a2ece60>,39,13,[10  1],40,52,65,12,52
1,<environment.Job instance at 0x7f551a2ec140>,35,15,[3 5],36,65,80,29,65
1,<environment.Job instance at 0x7f551a26caa0>,19,16,[ 3 10],20,66,82,46,66
1,<environment.Job instance at 0x7f551a2eccd0>,40,16,[7 2],41,80,96,39,80
1,<environment.Job instance at 0x7f551a2e60a0>,46,1,[3 8],47,82,83,35,82
1,<environment.Job instance at 0x7f551a2e6c30>,47,15,[5 6],48,83,98,35,83
1,<environment.Job instance at 0x7f551a2e6d70>,49,17,[3 5],50,83,100,33,83
1,<environment.Job instance at 0x7f551a7449b0>,1,22,[6 1],2,2,24,0,2
1,<environment.Job instance at 0x7f551a744320>,2,14,[3 5],3,3,17,0,3
1,<environment.Job instance at 0x7f551a744e60>,3,21,[5 1],4,4,25,0,4
1,<environment.Job instance at 0x7f551a744550>,4,1,[8 5],5,24,25,19,5
1,<environment.Job instance at 0x7f551a7448c0>,10,3,[5 4],11,25,28,14,11
1,<environment.Job instance at 0x7f551a744dc0>,12,1,[ 5 14],13,28,29,15,13
1,<environment.Job instance at 0x7f551a25b910>,13,13,[5 7],14,29,42,15,14
1,<environment.Job instance at 0x7f551a25b7d0>,14,2,[10  1],15,25,27,10,15
1,<environment.Job instance at 0x7f551a25b500>,20,2,[9 1],21,27,29,6,21
1,<environment.Job instance at 0x7f5524411f00>,18,3,[11  1],19,42,45,23,22
1,<environment.Job instance at 0x7f551a25ba00>,22,12,[2 7],23,29,41,6,29
1,<environment.Job instance at 0x7f551a25b2d0>,19,16,[7 2],20,88,104,68,88
1,<environment.Job instance at 0x7f5524411b40>,1,22,[6 1],2,2,24,0,2
1,<environment.Job instance at 0x7f5524411c30>,2,14,[3 5],3,3,17,0,3
1,<environment.Job instance at 0x7f5524411960>,3,21,[5 1],4,4,25,0,4
1,<environment.Job instance at 0x7f55244119b0>,6,18,[4 9],7,17,35,10,17
1,<environment.Job instance at 0x7f551a26cb40>,10,3,[5 4],11,24,27,13,24
1,<environment.Job instance at 0x7f551a26c460>,15,16,[6 2],16,25,41,9,25
1,<environment.Job instance at 0x7f5524411910>,4,1,[8 5],5,35,36,30,35
1,<environment.Job instance at 0x7f551ac077d0>,20,2,[9 1],21,36,38,15,36
1,<environment.Job instance at 0x7f551a744820>,25,3,[5 3],26,38,41,12,38
1,<environment.Job instance at 0x7f5524408eb0>,22,12,[2 7],23,38,50,15,38
1,<environment.Job instance at 0x7f552440b8c0>,14,2,[10  1],15,41,43,26,41
1,<environment.Job instance at 0x7f551a74e550>,32,2,[8 1],33,43,45,10,43
1,<environment.Job instance at 0x7f551a26cf50>,13,13,[5 7],14,43,56,29,43
1,<environment.Job instance at 0x7f551a7445a0>,26,18,[7 1],27,45,63,18,45
1,<environment.Job instance at 0x7f551a74e640>,36,14,[5 3],37,56,70,19,56
1,<environment.Job instance at 0x7f551a75da50>,42,1,[8 5],43,63,64,20,63
1,<environment.Job instance at 0x7f551a74e730>,33,1,[10  2],34,64,65,30,64
1,<environment.Job instance at 0x7f551a75d5a0>,43,14,[2 8],44,65,79,21,65
1,<environment.Job instance at 0x7f551a75da00>,45,2,[7 1],46,65,67,19,65
1,<environment.Job instance at 0x7f551a6518c0>,47,16,[8 3],48,67,83,19,67
1,<environment.Job instance at 0x7f551a651320>,48,2,[4 6],49,79,81,30,79
1,<environment.Job instance at 0x7f551a659280>,50,14,[7 1],51,81,95,30,81
1,<environment.Job instance at 0x7f5524298320>,37,14,[8 5],38,83,97,45,83
1,<environment.Job instance at 0x7f551aa4bc30>,2,22,[1 6],3,3,25,0,3
1,<environment.Job instance at 0x7f551b7ad140>,6,3,[5 9],7,7,10,0,7
1,<environment.Job instance at 0x7f551a6d3b90>,9,3,[2 7],10,10,13,0,10
1,<environment.Job instance at 0x7f551aa7a190>,11,3,[4 7],12,13,16,1,13
1,<environment.Job instance at 0x7f551a6d33c0>,8,12,[ 2 11],9,25,37,16,14
1,<environment.Job instance at 0x7f551aa7a3c0>,10,13,[ 1 10],11,37,50,26,21
1,<environment.Job instance at 0x7f551aa7a8c0>,15,2,[6 3],16,25,27,9,25
1,<environment.Job instance at 0x7f551a981140>,22,3,[9 2],23,27,30,4,25
1,<environment.Job instance at 0x7f551aa4acd0>,24,3,[10  4],25,30,33,5,25
1,<environment.Job instance at 0x7f551aa7ab90>,13,17,[7 1],14,33,50,19,28
1,<environment.Job instance at 0x7f551b429c80>,29,21,[6 1],30,33,54,3,30
1,<environment.Job instance at 0x7f551aa5cd20>,30,13,[4 9],31,50,63,19,34
1,<environment.Job instance at 0x7f551aa55a00>,36,2,[14  3],37,63,65,26,40
1,<environment.Job instance at 0x7f551aa64370>,39,3,[1 6],40,54,57,14,45
1,<environment.Job instance at 0x7f551b449320>,44,12,[ 1 10],45,63,75,18,46
1,<environment.Job instance at 0x7f551aa6fb40>,50,2,[1 6],51,57,59,6,51
1,<environment.Job instance at 0x7f551aa6f140>,49,17,[2 8],50,75,92,25,63
1,<environment.Job instance at 0x7f551aa5e320>,51,15,[5 1],52,79,94,27,79
1,<environment.Job instance at 0x7f551aa4bbe0>,3,27,[5 1],4,87,114,83,87
1,<environment.Job instance at 0x7f551a24ec30>,2,22,[1 6],3,3,25,0,3
1,<environment.Job instance at 0x7f551a393eb0>,6,3,[5 9],7,7,10,0,7
1,<environment.Job instance at 0x7f551a68a460>,9,3,[2 7],10,10,13,0,10
1,<environment.Job instance at 0x7f551a68a1e0>,11,3,[4 7],12,13,16,1,13
1,<environment.Job instance at 0x7f551a68ab90>,13,17,[7 1],14,14,31,0,14
1,<environment.Job instance at 0x7f551a68a690>,15,2,[6 3],16,16,18,0,16
1,<environment.Job instance at 0x7f551a68a500>,14,18,[3 8],15,18,36,3,18
1,<environment.Job instance at 0x7f551a39b050>,21,14,[3 6],22,31,45,9,31
1,<environment.Job instance at 0x7f5524406820>,22,3,[9 2],23,36,39,13,36
1,<environment.Job instance at 0x7f551a24e0f0>,7,15,[1 9],8,39,54,31,39
1,<environment.Job instance at 0x7f5524406280>,24,3,[10  4],25,45,48,20,45
1,<environment.Job instance at 0x7f551a68af00>,10,13,[ 1 10],11,54,67,43,54
1,<environment.Job instance at 0x7f551a659550>,30,13,[4 9],31,67,80,36,67
1,<environment.Job instance at 0x7f551a659780>,31,12,[8 2],32,67,79,35,67
1,<environment.Job instance at 0x7f551a68a280>,19,15,[4 9],20,81,96,61,81
1,<environment.Job instance at 0x7f551a75d910>,37,17,[8 5],38,81,98,43,81
1,<environment.Job instance at 0x7f551aa3d5a0>,2,1,[ 2 11],3,3,4,0,3
1,<environment.Job instance at 0x7f551aa3d280>,4,12,[3 5],5,5,17,0,5
1,<environment.Job instance at 0x7f551aa3dd70>,8,3,[10  3],9,9,12,0,9
1,<environment.Job instance at 0x7f551aa3d690>,9,19,[6 4],10,12,31,2,10
1,<environment.Job instance at 0x7f551aa3db40>,11,14,[3 5],12,12,26,0,12
1,<environment.Job instance at 0x7f551aa3d2d0>,12,3,[2 8],13,26,29,13,13
1,<environment.Job instance at 0x7f551aa3d640>,13,14,[8 1],14,29,43,15,14
1,<environment.Job instance at 0x7f551aa3df50>,14,1,[ 1 10],15,29,30,14,15
1,<environment.Job instance at 0x7f551b440cd0>,18,2,[7 2],19,26,28,7,19
1,<environment.Job instance at 0x7f551b440280>,25,12,[ 4 13],26,31,43,5,30
1,<environment.Job instance at 0x7f551b440c30>,26,21,[5 4],27,43,64,16,35
1,<environment.Job instance at 0x7f551b782c80>,32,1,[ 4 10],33,43,44,10,35
1,<environment.Job instance at 0x7f551b440eb0>,31,12,[5 6],32,44,56,12,35
1,<environment.Job instance at 0x7f551a25baa0>,1,16,[1 8],2,2,18,0,2
1,<environment.Job instance at 0x7f551a25b0a0>,4,12,[3 5],5,5,17,0,5
1,<environment.Job instance at 0x7f551aa3d460>,8,3,[10  3],9,17,20,8,17
1,<environment.Job instance at 0x7f551b77cf50>,14,1,[ 1 10],15,18,19,3,18
1,<environment.Job instance at 0x7f551aa3d550>,12,3,[2 8],13,19,22,6,19
1,<environment.Job instance at 0x7f551b77c190>,13,14,[8 1],14,20,34,6,20
1,<environment.Job instance at 0x7f551aa3de10>,11,14,[3 5],12,20,34,8,20
1,<environment.Job instance at 0x7f551b78a5f0>,18,2,[7 2],19,34,36,15,34
1,<environment.Job instance at 0x7f551b440aa0>,5,14,[5 8],6,34,48,28,34
1,<environment.Job instance at 0x7f551b78a690>,20,13,[6 5],21,36,49,15,36
1,<environment.Job instance at 0x7f551b792280>,31,12,[5 6],32,48,60,16,48
1,<environment.Job instance at 0x7f551b77c500>,15,17,[9 1],16,49,66,33,49
1,<environment.Job instance at 0x7f551b792a00>,32,1,[ 4 10],33,60,61,27,60
1,<environment.Job instance at 0x7f551b77c460>,16,14,[ 2 10],17,61,75,44,61
1,<environment.Job instance at 0x7f551b779aa0>,36,1,[8 1],37,66,67,29,66
1,<environment.Job instance at 0x7f551b7795f0>,39,1,[1 5],40,67,68,27,67
1,<environment.Job instance at 0x7f551b779140>,38,2,[7 2],39,68,70,29,68
1,<environment.Job instance at 0x7f551b779960>,37,16,[4 5],38,71,87,33,71
1,<environment.Job instance at 0x7f551b779e10>,40,1,[1 6],41,75,76,34,75
1,<environment.Job instance at 0x7f551b4613c0>,45,14,[8 2],46,75,89,29,75
1,<environment.Job instance at 0x7f551b461a00>,44,17,[2 5],45,76,93,31,76
1,<environment.Job instance at 0x7f551b461cd0>,46,2,[4 9],47,89,91,42,89
1,<environment.Job instance at 0x7f551a9b9c80>,1,1,[9 1],2,2,3,0,2
1,<environment.Job instance at 0x7f551a9a8cd0>,2,14,[8 4],3,3,17,0,3
1,<environment.Job instance at 0x7f551a9a8eb0>,3,12,[5 9],4,4,16,0,4
1,<environment.Job instance at 0x7f551a9a8f00>,4,3,[11  3],5,17,20,12,5
1,<environment.Job instance at 0x7f551a9b3370>,10,2,[5 5],11,20,22,9,13
1,<environment.Job instance at 0x7f551a9b3690>,14,3,[4 9],15,16,19,1,15
1,<environment.Job instance at 0x7f551a9b36e0>,15,12,[ 2 10],16,19,31,3,16
1,<environment.Job instance at 0x7f551a9b3820>,16,2,[10  3],17,22,24,5,17
1,<environment.Job instance at 0x7f551a9b34b0>,12,3,[1 6],13,31,34,18,19
1,<environment.Job instance at 0x7f551a9b3b90>,20,14,[6 4],21,24,38,3,21
1,<environment.Job instance at 0x7f551a9b3cd0>,23,3,[1 6],24,34,37,10,24
1,<environment.Job instance at 0x7f551a9b3a50>,19,18,[3 6],20,37,55,17,27
1,<environment.Job instance at 0x7f551a9ad320>,28,2,[ 3 10],29,55,57,26,29
1,<environment.Job instance at 0x7f551a9ad460>,29,3,[5 1],30,30,33,0,30
1,<environment.Job instance at 0x7f551a9ad0a0>,30,2,[11  4],31,38,40,7,32
1,<environment.Job instance at 0x7f551a9ad280>,27,12,[6 1],28,40,52,12,32
1,<environment.Job instance at 0x7f551a9ad690>,32,1,[5 1],33,35,36,2,35
1,<environment.Job instance at 0x7f551a9b3af0>,26,14,[7 5],27,52,66,25,38
1,<environment.Job instance at 0x7f551a9ad7d0>,37,2,[ 4 13],38,66,68,28,44
1,<environment.Job instance at 0x7f551a9b3f00>,25,18,[ 1 12],26,71,89,45,71
1,<environment.Job instance at 0x7f551a9adbe0>,38,19,[ 5 10],39,89,108,50,88
1,<environment.Job instance at 0x7f551a9b0cd0>,1,1,[9 1],2,2,3,0,2
1,<environment.Job instance at 0x7f551a9b0c80>,2,14,[8 4],3,3,17,0,3
1,<environment.Job instance at 0x7f551a9b0230>,3,12,[5 9],4,4,16,0,4
1,<environment.Job instance at 0x7f551a9b05a0>,10,2,[5 5],11,16,18,5,16
1,<environment.Job instance at 0x7f551a9b0f50>,12,3,[1 6],13,17,20,4,17
1,<environment.Job instance at 0x7f551a9b0d20>,5,18,[6 1],6,17,35,11,17
1,<environment.Job instance at 0x7f551a9b9eb0>,6,12,[4 7],7,18,30,11,18
1,<environment.Job instance at 0x7f551a6c4aa0>,18,16,[2 6],19,20,36,1,20
1,<environment.Job instance at 0x7f551a6c4960>,19,18,[3 6],20,30,48,10,30
1,<environment.Job instance at 0x7f551a9b0410>,16,2,[10  3],17,35,37,18,35
1,<environment.Job instance at 0x7f551a6c4640>,23,3,[1 6],24,36,39,12,36
1,<environment.Job instance at 0x7f551a9b0780>,14,3,[4 9],15,39,42,24,39
1,<environment.Job instance at 0x7f551b461140>,27,12,[6 1],28,42,54,14,42
1,<environment.Job instance at 0x7f551a6c4730>,20,14,[6 4],21,42,56,21,42
1,<environment.Job instance at 0x7f551b461af0>,28,2,[ 3 10],29,48,50,19,48
1,<environment.Job instance at 0x7f551a9b0b40>,15,12,[ 2 10],16,50,62,34,50
1,<environment.Job instance at 0x7f551b461fa0>,32,1,[5 1],33,54,55,21,54
1,<environment.Job instance at 0x7f551b461a50>,29,3,[5 1],30,55,58,25,55
1,<environment.Job instance at 0x7f551b7790a0>,39,12,[8 2],40,58,70,18,58
1,<environment.Job instance at 0x7f551b779140>,46,1,[5 7],47,62,63,15,62
1,<environment.Job instance at 0x7f551b7925f0>,47,18,[1 5],48,62,80,14,62
1,<environment.Job instance at 0x7f551b792140>,49,3,[5 3],50,63,66,13,63
1,<environment.Job instance at 0x7f551b792b40>,52,12,[4 8],53,66,78,13,66
1,<environment.Job instance at 0x7f551b792c80>,53,12,[8 2],54,70,82,16,70
1,<environment.Job instance at 0x7f551b779c30>,43,16,[5 5],44,78,94,34,78
1,<environment.Job instance at 0x7f551b792a50>,56,3,[9 1],57,82,85,25,82
1,<environment.Job instance at 0x7f551b7926e0>,57,1,[7 4],58,85,86,27,85
1,<environment.Job instance at 0x7f551b78a730>,58,12,[5 5],59,86,98,27,86
1,<environment.Job instance at 0x7f551b191230>,0,13,[6 1],1,1,14,0,1
1,<environment.Job instance at 0x7f551b191fa0>,1,13,[1 8],2,2,15,0,2
1,<environment.Job instance at 0x7f551b191370>,4,13,[ 5 10],5,15,28,10,5
1,<environment.Job instance at 0x7f551a52a960>,6,3,[7 4],7,7,10,0,7
1,<environment.Job instance at 0x7f551b292c30>,13,2,[2 9],14,28,30,14,14
1,<environment.Job instance at 0x7f551b2920a0>,14,2,[13  3],15,28,30,13,15
1,<environment.Job instance at 0x7f551b292d70>,15,1,[8 1],16,16,17,0,16
1,<environment.Job instance at 0x7f551a52a5f0>,10,17,[7 2],11,30,47,19,19
1,<environment.Job instance at 0x7f551b292aa0>,17,12,[10  3],18,47,59,29,30
1,<environment.Job instance at 0x7f551b292eb0>,22,17,[2 6],23,30,47,7,30
1,<environment.Job instance at 0x7f551b292820>,23,2,[ 5 13],24,59,61,35,32
1,<environment.Job instance at 0x7f551af05f50>,25,1,[4 9],26,47,48,21,36
1,<environment.Job instance at 0x7f551b6f9be0>,0,13,[6 1],1,1,14,0,1
1,<environment.Job instance at 0x7f551a9b3f50>,1,13,[1 8],2,2,15,0,2
1,<environment.Job instance at 0x7f551a651eb0>,5,15,[6 1],6,6,21,0,6
1,<environment.Job instance at 0x7f551a651960>,6,3,[7 4],7,14,17,7,14
1,<environment.Job instance at 0x7f551a86c2d0>,4,13,[ 5 10],5,17,30,12,17
1,<environment.Job instance at 0x7f551aa3d550>,15,1,[8 1],16,21,22,5,21
1,<environment.Job instance at 0x7f551a25baa0>,9,12,[10  3],10,22,34,12,22
1,<environment.Job instance at 0x7f551aa3d960>,13,2,[2 9],14,30,32,16,30
1,<environment.Job instance at 0x7f551b78a5a0>,18,14,[5 4],19,32,46,13,32
1,<environment.Job instance at 0x7f551b78a730>,17,12,[10  3],18,34,46,16,34
1,<environment.Job instance at 0x7f551b7927d0>,25,1,[4 9],26,46,47,20,46
1,<environment.Job instance at 0x7f551b792eb0>,26,12,[3 5],27,46,58,19,46
1,<environment.Job instance at 0x7f551b792820>,19,15,[10  1],20,47,62,27,47
1,<environment.Job instance at 0x7f551b7928c0>,22,17,[2 6],23,47,64,24,47
1,<environment.Job instance at 0x7f551b461050>,33,15,[10  1],34,62,77,28,62
1,<environment.Job instance at 0x7f551b440aa0>,8,15,[5 9],9,64,79,55,64
1,<environment.Job instance at 0x7f551b461c80>,34,13,[7 5],35,77,90,42,77
1,<environment.Job instance at 0x7f551b461820>,35,13,[1 8],36,79,92,43,79
1,<environment.Job instance at 0x7f551a25b0a0>,10,17,[7 2],11,79,96,68,79
1,<environment.Job instance at 0x7f551b0710a0>,5,3,[12  1],6,6,9,0,6
1,<environment.Job instance at 0x7f551b266b40>,11,1,[7 2],12,13,14,1,13
1,<environment.Job instance at 0x7f551b266820>,12,2,[3 7],13,13,15,0,13
1,<environment.Job instance at 0x7f551ac6fa50>,18,2,[4 7],19,19,21,0,19
1,<environment.Job instance at 0x7f551ac6f820>,16,12,[9 1],17,21,33,4,21
1,<environment.Job instance at 0x7f551ac6fc30>,20,20,[3 8],21,21,41,0,21
1,<environment.Job instance at 0x7f551b266dc0>,8,3,[14  3],9,41,44,32,26
1,<environment.Job instance at 0x7f5523e5baf0>,26,1,[ 2 11],27,44,45,17,29
1,<environment.Job instance at 0x7f551b418280>,29,2,[ 2 13],30,45,47,15,30
1,<environment.Job instance at 0x7f551a68f2d0>,33,12,[5 8],34,47,59,13,34
1,<environment.Job instance at 0x7f5524411780>,37,12,[2 7],38,47,59,9,38
1,<environment.Job instance at 0x7f551ab25fa0>,36,12,[10  1],37,59,71,22,42
1,<environment.Job instance at 0x7f551b25c960>,44,13,[7 4],45,71,84,26,55
1,<environment.Job instance at 0x7f551b43d2d0>,53,3,[4 8],54,59,62,5,55
1,<environment.Job instance at 0x7f551ac3c690>,55,2,[1 6],56,59,61,3,57
1,<environment.Job instance at 0x7f551a38ed20>,57,1,[5 1],58,62,63,4,58
1,<environment.Job instance at 0x7f5523df0e60>,59,3,[2 6],60,63,66,3,60
1,<environment.Job instance at 0x7f551b24a230>,50,16,[7 2],51,71,87,20,65
1,<environment.Job instance at 0x7f5523df0cd0>,62,16,[12  1],63,87,103,24,74
1,<environment.Job instance at 0x7f551a6e5820>,4,15,[10  3],5,5,20,0,5
1,<environment.Job instance at 0x7f551a48d050>,12,2,[3 7],13,13,15,0,13
1,<environment.Job instance at 0x7f551a8eb4b0>,11,1,[7 2],12,20,21,8,20
1,<environment.Job instance at 0x7f551a76b3c0>,18,2,[4 7],19,20,22,1,20
1,<environment.Job instance at 0x7f5524186dc0>,16,12,[9 1],17,21,33,4,21
1,<environment.Job instance at 0x7f551afb2820>,25,15,[4 9],26,26,41,0,26
1,<environment.Job instance at 0x7f551a36ceb0>,13,16,[9 4],14,33,49,19,33
1,<environment.Job instance at 0x7f551a5d35f0>,33,12,[5 8],34,41,53,7,41
1,<environment.Job instance at 0x7f5523dd8730>,37,12,[2 7],38,49,61,11,49
1,<environment.Job instance at 0x7f5523dd8b90>,36,12,[10  1],37,53,65,16,53
1,<environment.Job instance at 0x7f5523dd8a50>,38,14,[ 4 10],39,61,75,22,61
1,<environment.Job instance at 0x7f551a48d7d0>,14,18,[10  1],15,66,84,51,66
1,<environment.Job instance at 0x7f5523dd8140>,35,14,[3 8],36,75,89,39,75
1,<environment.Job instance at 0x7f551b669640>,44,13,[7 4],45,84,97,39,84
1,<environment.Job instance at 0x7f551b6695a0>,43,16,[3 8],44,89,105,45,89
1,<environment.Job instance at 0x7f551a75da50>,3,3,[1 9],4,4,7,0,4
1,<environment.Job instance at 0x7f551a75d190>,5,12,[2 6],6,6,18,0,6
1,<environment.Job instance at 0x7f551a75de10>,7,1,[5 8],8,8,9,0,8
1,<environment.Job instance at 0x7f551a75daf0>,8,13,[5 5],9,9,22,0,9
1,<environment.Job instance at 0x7f551a8ad460>,9,2,[9 3],10,18,20,8,10
1,<environment.Job instance at 0x7f551a75d460>,11,1,[5 4],12,12,13,0,12
1,<environment.Job instance at 0x7f551a8adb90>,15,1,[10  1],16,20,21,4,16
1,<environment.Job instance at 0x7f551a8ad690>,18,2,[5 9],19,21,23,2,19
1,<environment.Job instance at 0x7f551a8adeb0>,21,14,[5 1],22,22,36,0,22
1,<environment.Job instance at 0x7f551a8adaf0>,23,1,[13  3],24,36,37,12,24
1,<environment.Job instance at 0x7f551a7aa5a0>,27,12,[7 1],28,37,49,9,28
1,<environment.Job instance at 0x7f551a7aa780>,31,15,[6 2],32,37,52,5,32
1,<environment.Job instance at 0x7f551af8c460>,0,18,[1 5],1,1,19,0,1
1,<environment.Job instance at 0x7f551af8c5f0>,1,18,[9 5],2,2,20,0,2
1,<environment.Job instance at 0x7f551af8c690>,2,19,[4 5],3,3,22,0,3
1,<environment.Job instance at 0x7f5524186dc0>,7,1,[5 8],8,20,21,12,20
1,<environment.Job instance at 0x7f5524186e60>,9,2,[9 3],10,21,23,11,21
1,<environment.Job instance at 0x7f552407a8c0>,5,12,[2 6],6,21,33,15,21
1,<environment.Job instance at 0x7f551a935fa0>,15,1,[10  1],16,23,24,7,23
1,<environment.Job instance at 0x7f5524186af0>,11,1,[5 4],12,24,25,12,24
1,<environment.Job instance at 0x7f551a5d3eb0>,8,13,[5 5],9,24,37,15,24
1,<environment.Job instance at 0x7f551a2f2af0>,10,16,[8 3],11,25,41,14,25
1,<environment.Job instance at 0x7f551a55b500>,18,2,[5 9],19,37,39,18,37
1,<environment.Job instance at 0x7f551af8c140>,3,3,[1 9],4,39,42,35,39
1,<environment.Job instance at 0x7f551a143780>,21,14,[5 1],22,39,53,17,39
1,<environment.Job instance at 0x7f551acd9b40>,17,18,[5 5],18,41,59,23,41
1,<environment.Job instance at 0x7f551a91a3c0>,24,18,[4 7],25,42,60,17,42
1,<environment.Job instance at 0x7f551aea8690>,27,12,[7 1],28,59,71,31,59
1,<environment.Job instance at 0x7f551acd4be0>,31,15,[6 2],32,60,75,28,60
1,<environment.Job instance at 0x7f551a9aa410>,26,14,[9 1],27,71,85,44,71
1,<environment.Job instance at 0x7f551aabb5a0>,36,16,[3 9],37,75,91,38,75
1,<environment.Job instance at 0x7f551aabb960>,35,17,[3 5],36,75,92,39,75
1,<environment.Job instance at 0x7f551aea8640>,25,18,[7 1],26,85,103,59,85
1,<environment.Job instance at 0x7f5523e5bc80>,1,16,[7 2],2,2,18,0,2
1,<environment.Job instance at 0x7f5523e5be60>,2,1,[ 1 14],3,18,19,15,3
1,<environment.Job instance at 0x7f551adad0a0>,5,2,[3 6],6,6,8,0,6
1,<environment.Job instance at 0x7f551a886c30>,10,20,[1 8],11,19,39,8,11
1,<environment.Job instance at 0x7f551a8869b0>,12,13,[7 4],13,19,32,6,16
1,<environment.Job instance at 0x7f551a886730>,13,14,[10  2],14,32,46,18,18
1,<environment.Job instance at 0x7f551b25c0f0>,17,3,[2 7],18,39,42,21,20
1,<environment.Job instance at 0x7f551add3730>,19,12,[3 9],20,42,54,22,25
1,<environment.Job instance at 0x7f551b3a5050>,25,12,[6 1],26,46,58,20,32
1,<environment.Job instance at 0x7f551b4a05a0>,31,3,[2 7],32,54,57,22,32
1,<environment.Job instance at 0x7f551a4b62d0>,35,1,[5 1],36,46,47,10,36
1,<environment.Job instance at 0x7f551a4b6b40>,37,13,[8 2],38,57,70,19,41
1,<environment.Job instance at 0x7f551b250910>,29,1,[7 4],30,54,55,24,50
1,<environment.Job instance at 0x7f551a061a50>,43,13,[1 8],44,57,70,13,51
1,<environment.Job instance at 0x7f551aa76140>,49,1,[7 3],50,55,56,5,51
1,<environment.Job instance at 0x7f5519e746e0>,54,2,[5 7],55,70,72,15,55
1,<environment.Job instance at 0x7f551a05bd70>,60,2,[ 1 13],61,72,74,11,61
1,<environment.Job instance at 0x7f5519e41a50>,65,2,[8 2],66,70,72,4,66
1,<environment.Job instance at 0x7f551a05b6e0>,61,17,[ 1 10],62,74,91,12,68
1,<environment.Job instance at 0x7f551a05b690>,67,21,[9 1],68,72,93,4,68
1,<environment.Job instance at 0x7f551b27c410>,69,16,[1 7],70,91,107,21,78
1,<environment.Job instance at 0x7f551a78ed70>,74,1,[ 2 13],75,107,108,32,79
1,<environment.Job instance at 0x7f551b066f00>,80,3,[7 3],81,93,96,12,84
1,<environment.Job instance at 0x7f551b066d70>,82,1,[3 6],83,91,92,8,84
1,<environment.Job instance at 0x7f551a25baa0>,1,16,[7 2],2,2,18,0,2
1,<environment.Job instance at 0x7f551a25b0f0>,5,2,[3 6],6,6,8,0,6
1,<environment.Job instance at 0x7f551a36db40>,10,20,[1 8],11,11,31,0,11
1,<environment.Job instance at 0x7f551b2592d0>,11,22,[7 2],12,12,34,0,12
1,<environment.Job instance at 0x7f551a5cd780>,12,13,[7 4],13,18,31,5,18
1,<environment.Job instance at 0x7f551a7381e0>,17,3,[2 7],18,31,34,13,31
1,<environment.Job instance at 0x7f551a95e730>,19,12,[3 9],20,34,46,14,34
1,<environment.Job instance at 0x7f551a831dc0>,8,14,[10  2],9,34,48,25,34
1,<environment.Job instance at 0x7f551b029320>,23,15,[2 8],24,46,61,22,46
1,<environment.Job instance at 0x7f551a9057d0>,25,12,[6 1],26,48,60,22,48
1,<environment.Job instance at 0x7f55240234b0>,29,1,[7 4],30,48,49,18,48
1,<environment.Job instance at 0x7f551a63aaf0>,22,18,[6 1],23,49,67,26,49
1,<environment.Job instance at 0x7f551a776d20>,31,3,[2 7],32,61,64,29,61
1,<environment.Job instance at 0x7f551acd4be0>,30,16,[1 7],31,61,77,30,61
1,<environment.Job instance at 0x7f551aea8af0>,33,15,[4 7],34,64,79,30,64
1,<environment.Job instance at 0x7f551aea8fa0>,35,1,[5 1],36,67,68,31,67
1,<environment.Job instance at 0x7f551a0d1960>,13,14,[10  2],14,77,91,63,77
1,<environment.Job instance at 0x7f551aaa03c0>,21,16,[4 8],22,79,95,57,79
1,<environment.Job instance at 0x7f551a5401e0>,0,1,[ 1 11],1,1,2,0,1
1,<environment.Job instance at 0x7f551a540af0>,4,1,[2 5],5,5,6,0,5
1,<environment.Job instance at 0x7f551a540b90>,7,3,[5 6],8,8,11,0,8
1,<environment.Job instance at 0x7f551a09d960>,13,2,[1 5],14,14,16,0,14
1,<environment.Job instance at 0x7f551a09d0f0>,14,1,[11  5],15,15,16,0,15
1,<environment.Job instance at 0x7f551a540780>,19,2,[ 5 13],20,20,22,0,20
1,<environment.Job instance at 0x7f551a672910>,21,1,[4 5],22,22,23,0,22
1,<environment.Job instance at 0x7f55244081e0>,23,19,[ 3 10],24,24,43,0,24
1,<environment.Job instance at 0x7f551a09d820>,18,17,[3 5],19,25,42,6,25
1,<environment.Job instance at 0x7f5519f345a0>,22,13,[ 5 13],23,43,56,20,29
1,<environment.Job instance at 0x7f551a2a9280>,25,24,[5 1],26,42,66,16,37
1,<environment.Job instance at 0x7f551aa90cd0>,28,23,[1 8],29,56,79,27,50
1,<environment.Job instance at 0x7f551a59b1e0>,39,2,[7 5],40,56,58,16,50
1,<environment.Job instance at 0x7f551a79ce60>,38,3,[9 4],39,58,61,19,50
1,<environment.Job instance at 0x7f551b6b41e0>,41,12,[10  1],42,66,78,24,64
1,<environment.Job instance at 0x7f5523e67b90>,20,15,[5 8],21,79,94,58,70
1,<environment.Job instance at 0x7f551a2740f0>,44,12,[10  1],45,82,94,37,82
1,<environment.Job instance at 0x7f551b716eb0>,45,17,[1 9],46,94,111,48,83
1,<environment.Job instance at 0x7f551a5bb910>,24,15,[7 4],25,94,109,69,84
1,<environment.Job instance at 0x7f551b716cd0>,46,2,[ 4 14],47,111,113,64,88
1,<environment.Job instance at 0x7f5523e3b1e0>,4,1,[2 5],5,5,6,0,5
1,<environment.Job instance at 0x7f5523e09410>,6,18,[10  2],7,7,25,0,7
1,<environment.Job instance at 0x7f5523e09320>,7,3,[5 6],8,8,11,0,8
1,<environment.Job instance at 0x7f551a8332d0>,9,15,[5 8],10,11,26,1,11
1,<environment.Job instance at 0x7f5523e03370>,13,2,[1 5],14,25,27,11,25
1,<environment.Job instance at 0x7f5523e12230>,20,15,[5 8],21,26,41,5,26
1,<environment.Job instance at 0x7f5523e124b0>,21,1,[4 5],22,27,28,5,27
1,<environment.Job instance at 0x7f551a55d500>,16,15,[4 5],17,28,43,11,28
1,<environment.Job instance at 0x7f5523e221e0>,27,15,[8 1],28,41,56,13,41
1,<environment.Job instance at 0x7f5523e09690>,11,17,[2 6],12,41,58,29,41
1,<environment.Job instance at 0x7f5523e1cf00>,30,15,[5 5],31,43,58,12,43
1,<environment.Job instance at 0x7f5523e02140>,24,15,[7 4],25,56,71,31,56
1,<environment.Job instance at 0x7f551a333dc0>,31,16,[ 2 10],32,58,74,26,58
1,<environment.Job instance at 0x7f5523e03190>,18,17,[3 5],19,71,88,52,71
1,<environment.Job instance at 0x7f551a804a00>,39,2,[7 5],40,74,76,34,74
1,<environment.Job instance at 0x7f551a333c80>,35,17,[2 5],36,74,91,38,74
1,<environment.Job instance at 0x7f5523e00230>,38,3,[9 4],39,76,79,37,76
1,<environment.Job instance at 0x7f5523e000a0>,41,12,[10  1],42,79,91,37,79
1,<environment.Job instance at 0x7f5523e1ac80>,45,17,[1 9],46,88,105,42,88
1,<environment.Job instance at 0x7f5519f5ec30>,0,3,[1 9],1,1,4,0,1
1,<environment.Job instance at 0x7f5519f5ee10>,1,13,[4 6],2,2,15,0,2
1,<environment.Job instance at 0x7f5519f5ea50>,3,12,[7 4],4,4,16,0,4
1,<environment.Job instance at 0x7f5519f57e60>,4,1,[4 5],5,5,6,0,5
1,<environment.Job instance at 0x7f5519f57230>,5,21,[8 1],6,15,36,9,7
1,<environment.Job instance at 0x7f5519f57820>,16,3,[7 5],17,17,20,0,17
1,<environment.Job instance at 0x7f5519f57780>,13,12,[8 1],14,36,48,22,19
1,<environment.Job instance at 0x7f5519f57500>,19,3,[ 5 14],20,20,23,0,20
1,<environment.Job instance at 0x7f5519f573c0>,15,22,[5 5],16,23,45,7,20
1,<environment.Job instance at 0x7f5519f57640>,20,3,[14  4],21,48,51,27,22
1,<environment.Job instance at 0x7f5519f3d3c0>,24,3,[8 5],25,51,54,26,25
1,<environment.Job instance at 0x7f5519f3d640>,26,2,[13  2],27,54,56,27,27
1,<environment.Job instance at 0x7f5519f3d870>,31,3,[ 1 10],32,45,48,13,32
1,<environment.Job instance at 0x7f5519f3d780>,35,3,[4 8],36,51,54,15,36
1,<environment.Job instance at 0x7f5519f4ed70>,37,1,[2 8],38,40,41,2,40
1,<environment.Job instance at 0x7f5519f3da00>,33,13,[5 5],34,56,69,22,40
1,<environment.Job instance at 0x7f551a659af0>,40,13,[4 5],41,56,69,15,42
1,<environment.Job instance at 0x7f5519f3d280>,36,17,[7 1],37,69,86,32,57
1,<environment.Job instance at 0x7f5519f4e820>,39,14,[1 7],40,78,92,38,78
1,<environment.Job instance at 0x7f551aa9ea00>,0,3,[1 9],1,1,4,0,1
1,<environment.Job instance at 0x7f551a838500>,1,13,[4 6],2,2,15,0,2
1,<environment.Job instance at 0x7f551a838aa0>,3,12,[7 4],4,4,16,0,4
1,<environment.Job instance at 0x7f551a55e640>,4,1,[4 5],5,5,6,0,5
1,<environment.Job instance at 0x7f551a3a1eb0>,13,12,[8 1],14,15,27,1,15
1,<environment.Job instance at 0x7f551a57aaf0>,8,18,[7 3],9,16,34,7,16
1,<environment.Job instance at 0x7f551a3a1780>,16,3,[7 5],17,27,30,10,27
1,<environment.Job instance at 0x7f551a3a19b0>,17,14,[4 9],18,30,44,12,30
1,<environment.Job instance at 0x7f551b496f50>,24,3,[8 5],25,34,37,9,34
1,<environment.Job instance at 0x7f551a3a1550>,14,14,[10  2],15,37,51,22,37
1,<environment.Job instance at 0x7f551a0cb1e0>,31,3,[ 1 10],32,44,47,12,44
1,<environment.Job instance at 0x7f551a389910>,25,12,[ 1 10],26,48,60,22,48
1,<environment.Job instance at 0x7f551a0cb280>,33,13,[5 5],34,51,64,17,51
1,<environment.Job instance at 0x7f551aa3e9b0>,35,3,[4 8],36,60,63,24,60
1,<environment.Job instance at 0x7f551b496320>,22,15,[3 9],23,63,78,40,63
1,<environment.Job instance at 0x7f551aa3e5f0>,36,17,[7 1],37,63,80,26,63
1,<environment.Job instance at 0x7f551b496280>,23,15,[5 5],24,64,79,40,64
1,<environment.Job instance at 0x7f551a029dc0>,37,1,[2 8],38,78,79,40,78
1,<environment.Job instance at 0x7f551b250370>,40,13,[4 5],41,79,92,38,79
1,<environment.Job instance at 0x7f551a0c8640>,39,14,[1 7],40,79,93,39,79
1,<environment.Job instance at 0x7f551a481cd0>,27,15,[10  2],28,80,95,52,80
1,<environment.Job instance at 0x7f5519fd6140>,2,2,[5 7],3,3,5,0,3
1,<environment.Job instance at 0x7f551aaa24b0>,6,12,[10  4],7,9,21,2,9
1,<environment.Job instance at 0x7f5519f15370>,8,15,[13  2],9,21,36,12,19
1,<environment.Job instance at 0x7f5519f57fa0>,12,1,[9 3],13,64,65,51,64
1,<environment.Job instance at 0x7f551aa61190>,2,2,[5 7],3,3,5,0,3
1,<environment.Job instance at 0x7f5523e9a910>,5,14,[9 1],6,6,20,0,6
1,<environment.Job instance at 0x7f551a3aaaf0>,10,15,[ 1 10],11,11,26,0,11
1,<environment.Job instance at 0x7f551a3aa3c0>,11,17,[5 1],12,12,29,0,12
1,<environment.Job instance at 0x7f551a3aa870>,12,1,[9 3],13,20,21,7,20
1,<environment.Job instance at 0x7f551a3aab90>,18,17,[9 4],19,21,38,2,21
1,<environment.Job instance at 0x7f551a3aa690>,17,12,[4 7],18,29,41,11,29
1,<environment.Job instance at 0x7f551aa61320>,6,12,[10  4],7,38,50,31,38
1,<environment.Job instance at 0x7f551aa3ea00>,23,12,[1 6],24,41,53,17,41
1,<environment.Job instance at 0x7f551a540d20>,29,2,[3 6],30,50,52,20,50
1,<environment.Job instance at 0x7f551a97a5f0>,31,15,[9 2],32,50,65,18,50
1,<environment.Job instance at 0x7f551aa3e9b0>,21,14,[4 8],22,53,67,31,53
1,<environment.Job instance at 0x7f5519fd64b0>,37,3,[10  4],38,65,68,27,65
1,<environment.Job instance at 0x7f551b6bd0f0>,43,3,[4 9],44,67,70,23,67
1,<environment.Job instance at 0x7f551b6bdcd0>,38,13,[8 4],39,68,81,29,68
1,<environment.Job instance at 0x7f551a3aa780>,14,16,[3 8],15,70,86,55,70
1,<environment.Job instance at 0x7f551b6bd8c0>,44,13,[8 2],45,81,94,36,81
1,<environment.Job instance at 0x7f551b6bdb40>,52,2,[1 9],53,86,88,33,86
1,<environment.Job instance at 0x7f551a55f370>,53,14,[5 1],54,86,100,32,86
1,<environment.Job instance at 0x7f551a55f4b0>,57,1,[ 2 10],58,88,89,30,88
1,<environment.Job instance at 0x7f551a8c7af0>,0,2,[14  3],1,1,3,0,1
1,<environment.Job instance at 0x7f551ac32f00>,2,1,[5 9],3,3,4,0,3
1,<environment.Job instance at 0x7f551ac233c0>,8,3,[9 5],9,9,12,0,9
1,<environment.Job instance at 0x7f551ac23550>,10,3,[8 5],11,12,15,1,12
1,<environment.Job instance at 0x7f551ac23690>,12,16,[7 2],13,14,30,1,14
1,<environment.Job instance at 0x7f551ac23460>,9,13,[11  4],10,30,43,20,15
1,<environment.Job instance at 0x7f551ac23be0>,20,1,[7 2],21,21,22,0,21
1,<environment.Job instance at 0x7f551ac23e60>,22,2,[8 5],23,23,25,0,23
1,<environment.Job instance at 0x7f551ac23f00>,23,3,[10  2],24,43,46,19,24
1,<environment.Job instance at 0x7f551ac23fa0>,26,2,[5 7],27,27,29,0,27
1,<environment.Job instance at 0x7f551ac1d550>,31,3,[6 5],32,46,49,14,32
1,<environment.Job instance at 0x7f551ac1d5f0>,32,14,[7 2],33,46,60,13,33
1,<environment.Job instance at 0x7f551ac1d640>,35,12,[2 6],36,36,48,0,36
1,<environment.Job instance at 0x7f551ac1db40>,37,1,[3 9],38,49,50,11,38
1,<environment.Job instance at 0x7f551ac1dd20>,39,18,[2 5],40,50,68,10,41
1,<environment.Job instance at 0x7f551ac1d050>,28,14,[11  2],29,60,74,31,46
1,<environment.Job instance at 0x7f551ac1df00>,43,3,[13  4],44,74,77,30,48
1,<environment.Job instance at 0x7f551ac1de10>,41,25,[5 4],42,85,110,43,85
1,<environment.Job instance at 0x7f551a592410>,2,1,[5 9],3,3,4,0,3
1,<environment.Job instance at 0x7f551a592370>,3,14,[ 1 10],4,4,18,0,4
1,<environment.Job instance at 0x7f551a592fa0>,6,19,[8 3],7,7,26,0,7
1,<environment.Job instance at 0x7f551a592be0>,4,16,[1 8],5,18,34,13,18
1,<environment.Job instance at 0x7f551a55f960>,8,3,[9 5],9,26,29,17,26
1,<environment.Job instance at 0x7f551a55feb0>,10,3,[8 5],11,29,32,18,29
1,<environment.Job instance at 0x7f551a55f050>,15,14,[8 5],16,32,46,16,32
1,<environment.Job instance at 0x7f551a55f280>,13,12,[3 8],14,34,46,20,34
1,<environment.Job instance at 0x7f551a55f7d0>,20,1,[7 2],21,46,47,25,46
1,<environment.Job instance at 0x7f551a55fd70>,19,14,[1 8],20,46,60,26,46
1,<environment.Job instance at 0x7f551a55f460>,12,16,[7 2],13,46,62,33,46
1,<environment.Job instance at 0x7f551a55f8c0>,22,2,[8 5],23,60,62,37,60
1,<environment.Job instance at 0x7f551a55f230>,23,3,[10  2],24,62,65,38,62
1,<environment.Job instance at 0x7f551a55f4b0>,24,16,[5 4],25,62,78,37,62
1,<environment.Job instance at 0x7f551a55ff00>,26,2,[5 7],27,65,67,38,65
1,<environment.Job instance at 0x7f551b6bd140>,31,3,[6 5],32,67,70,35,67
1,<environment.Job instance at 0x7f551a55fdc0>,18,16,[1 6],19,67,83,48,67
1,<environment.Job instance at 0x7f551b6bd2d0>,32,14,[7 2],33,70,84,37,70
1,<environment.Job instance at 0x7f551b6bd0a0>,35,12,[2 6],36,78,90,42,78
1,<environment.Job instance at 0x7f5519fd6b40>,39,18,[2 5],40,83,101,43,83
1,<environment.Job instance at 0x7f551a55f640>,21,15,[10  1],22,84,99,62,84
1,<environment.Job instance at 0x7f551ac1e9b0>,0,15,[2 6],1,1,16,0,1
1,<environment.Job instance at 0x7f551ac0e4b0>,13,1,[ 4 13],14,16,17,2,14
1,<environment.Job instance at 0x7f551ac0e5a0>,14,3,[ 5 13],15,17,20,2,15
1,<environment.Job instance at 0x7f551ac0e1e0>,12,12,[2 9],13,20,32,7,15
1,<environment.Job instance at 0x7f551ac0eaf0>,16,1,[ 1 14],17,32,33,15,17
1,<environment.Job instance at 0x7f551ac0e370>,17,16,[11  4],18,33,49,15,21
1,<environment.Job instance at 0x7f551ac0eaa0>,18,14,[1 7],19,33,47,14,21
1,<environment.Job instance at 0x7f551ac0e640>,15,13,[10  3],16,49,62,33,33
1,<environment.Job instance at 0x7f551ab80d20>,0,15,[2 6],1,1,16,0,1
1,<environment.Job instance at 0x7f551ab80a50>,2,18,[10  2],3,3,21,0,3
1,<environment.Job instance at 0x7f551a3aa0a0>,12,12,[2 9],13,16,28,3,16
1,<environment.Job instance at 0x7f551ac0e190>,19,3,[8 2],20,21,24,1,21
1,<environment.Job instance at 0x7f5519fa6aa0>,15,13,[10  3],16,24,37,8,24
1,<environment.Job instance at 0x7f551ac1e140>,18,14,[1 7],19,28,42,9,28
1,<environment.Job instance at 0x7f5519e68a50>,28,18,[5 6],29,37,55,8,37
1,<environment.Job instance at 0x7f5523e9a910>,5,22,[8 1],6,37,59,31,37
1,<environment.Job instance at 0x7f5519e57e60>,31,12,[ 1 10],32,55,67,23,55
1,<environment.Job instance at 0x7f5519e68af0>,25,18,[10  5],26,59,77,33,59
1,<environment.Job instance at 0x7f5519e57c80>,36,13,[3 9],37,67,80,30,67
1,<environment.Job instance at 0x7f5519e57460>,38,3,[6 4],39,77,80,38,77
1,<environment.Job instance at 0x7f5519e57500>,41,3,[3 6],42,80,83,38,80
1,<environment.Job instance at 0x7f5519e573c0>,42,12,[5 8],43,80,92,37,80
1,<environment.Job instance at 0x7f5519e575f0>,43,12,[4 6],44,83,95,39,83
1,<environment.Job instance at 0x7f551a218820>,3,1,[ 3 10],4,4,5,0,4
1,<environment.Job instance at 0x7f551a218b40>,4,16,[6 1],5,5,21,0,5
1,<environment.Job instance at 0x7f551a218c30>,5,14,[ 4 10],6,6,20,0,6
1,<environment.Job instance at 0x7f551a2183c0>,6,2,[ 1 11],7,20,22,13,7
1,<environment.Job instance at 0x7f551a0c0230>,12,2,[3 5],13,22,24,9,13
1,<environment.Job instance at 0x7f551a0c0dc0>,13,12,[3 5],14,22,34,8,14
1,<environment.Job instance at 0x7f551a0c01e0>,14,2,[1 9],15,24,26,9,15
1,<environment.Job instance at 0x7f551a0c0fa0>,15,1,[3 7],16,26,27,10,16
1,<environment.Job instance at 0x7f551a0c0b40>,20,14,[5 4],21,27,41,6,21
1,<environment.Job instance at 0x7f551a0c0e10>,22,2,[7 5],23,27,29,4,23
1,<environment.Job instance at 0x7f551a0c02d0>,23,2,[ 2 10],24,34,36,10,24
1,<environment.Job instance at 0x7f551a0c0820>,25,1,[11  4],26,41,42,15,26
1,<environment.Job instance at 0x7f5523df0050>,26,3,[ 1 12],27,42,45,15,27
1,<environment.Job instance at 0x7f5523df0a50>,31,3,[4 5],32,36,39,4,32
1,<environment.Job instance at 0x7f5523df01e0>,32,2,[ 1 11],33,39,41,6,33
1,<environment.Job instance at 0x7f5523df0e60>,30,13,[4 8],31,45,58,14,33
1,<environment.Job instance at 0x7f5523df0320>,33,1,[3 6],34,36,37,2,34
1,<environment.Job instance at 0x7f5523df0410>,28,17,[1 6],29,45,62,16,36
1,<environment.Job instance at 0x7f5523df0500>,37,12,[5 8],38,58,70,20,52
1,<environment.Job instance at 0x7f5519e42690>,0,12,[10  3],1,1,13,0,1
1,<environment.Job instance at 0x7f5519e42410>,2,20,[ 4 10],3,3,23,0,3
1,<environment.Job instance at 0x7f5519e42aa0>,1,13,[10  4],2,13,26,11,13
1,<environment.Job instance at 0x7f5519e42f50>,3,1,[ 3 10],4,23,24,19,23
1,<environment.Job instance at 0x7f551a0e9320>,12,2,[3 5],13,24,26,11,24
1,<environment.Job instance at 0x7f551a0c03c0>,15,1,[3 7],16,26,27,10,26
1,<environment.Job instance at 0x7f551a0e9af0>,13,12,[3 5],14,26,38,12,26
1,<environment.Job instance at 0x7f5519e42b40>,4,16,[6 1],5,26,42,21,26
1,<environment.Job instance at 0x7f551a0e9780>,14,2,[1 9],15,27,29,12,27
1,<environment.Job instance at 0x7f551a7a8050>,20,14,[5 4],21,29,43,8,29
1,<environment.Job instance at 0x7f551a218fa0>,23,2,[ 2 10],24,38,40,14,38
1,<environment.Job instance at 0x7f5519e426e0>,5,14,[ 4 10],6,40,54,34,40
1,<environment.Job instance at 0x7f551a218140>,22,2,[7 5],23,43,45,20,43
1,<environment.Job instance at 0x7f551a218d20>,29,13,[9 4],30,45,58,15,45
1,<environment.Job instance at 0x7f5519fc1280>,31,3,[4 5],32,54,57,22,54
1,<environment.Job instance at 0x7f551b0216e0>,28,17,[1 6],29,54,71,25,54
1,<environment.Job instance at 0x7f5519fc1230>,33,1,[3 6],34,58,59,24,58
1,<environment.Job instance at 0x7f5519fc12d0>,37,12,[5 8],38,59,71,21,59
1,<environment.Job instance at 0x7f551b021f00>,30,13,[4 8],31,71,84,40,71
1,<environment.Job instance at 0x7f551a7a8140>,21,15,[6 4],22,71,86,49,71
1,<environment.Job instance at 0x7f551ae57140>,44,13,[3 5],45,84,97,39,84
1,<environment.Job instance at 0x7f5519fc1a00>,40,15,[1 6],41,84,99,43,84
1,<environment.Job instance at 0x7f5519e42b90>,1,2,[4 9],2,2,4,0,2
1,<environment.Job instance at 0x7f551aa2a1e0>,5,3,[6 5],6,6,9,0,6
1,<environment.Job instance at 0x7f551aa2a960>,7,3,[9 1],8,8,11,0,8
1,<environment.Job instance at 0x7f551aa33c30>,10,12,[5 4],11,11,23,0,11
1,<environment.Job instance at 0x7f551aa33410>,12,13,[8 3],13,13,26,0,13
1,<environment.Job instance at 0x7f551aa33cd0>,13,1,[ 2 13],14,26,27,12,14
1,<environment.Job instance at 0x7f551aa33550>,14,1,[1 8],15,15,16,0,15
1,<environment.Job instance at 0x7f551aa38410>,19,12,[6 5],20,27,39,7,20
1,<environment.Job instance at 0x7f551aa00c80>,21,3,[7 3],22,23,26,1,22
1,<environment.Job instance at 0x7f551aa38730>,20,21,[1 7],21,27,48,6,25
1,<environment.Job instance at 0x7f551aa34550>,27,3,[4 5],28,39,42,11,28
1,<environment.Job instance at 0x7f551a838a50>,0,15,[ 4 10],1,1,16,0,1
1,<environment.Job instance at 0x7f551a838aa0>,5,3,[6 5],6,6,9,0,6
1,<environment.Job instance at 0x7f551a838730>,7,3,[9 1],8,9,12,1,9
1,<environment.Job instance at 0x7f551a838fa0>,1,2,[4 9],2,16,18,14,16
1,<environment.Job instance at 0x7f551a838460>,10,12,[5 4],11,16,28,5,16
1,<environment.Job instance at 0x7f551a8ed640>,14,1,[1 8],15,18,19,3,18
1,<environment.Job instance at 0x7f551a838d20>,12,13,[8 3],13,18,31,5,18
1,<environment.Job instance at 0x7f551a8ed140>,21,3,[7 3],22,28,31,6,28
1,<environment.Job instance at 0x7f551ae572d0>,27,3,[4 5],28,31,34,3,31
1,<environment.Job instance at 0x7f551a8ed5a0>,19,12,[6 5],20,31,43,11,31
1,<environment.Job instance at 0x7f551a8ed820>,23,12,[5 3],24,31,43,7,31
1,<environment.Job instance at 0x7f551ae571e0>,32,14,[9 2],33,43,57,10,43
1,<environment.Job instance at 0x7f5519fc1780>,40,14,[4 9],41,43,57,2,43
1,<environment.Job instance at 0x7f551ae575f0>,33,14,[7 2],34,58,72,24,58
1,<environment.Job instance at 0x7f5519fc1c30>,39,15,[3 8],40,58,73,18,58
1,<environment.Job instance at 0x7f5519fc1960>,43,18,[10  4],44,72,90,28,72
1,<environment.Job instance at 0x7f551a838e60>,8,15,[3 9],9,75,90,66,75
1,<environment.Job instance at 0x7f551a609d70>,1,14,[5 6],2,2,16,0,2
1,<environment.Job instance at 0x7f551a609aa0>,6,2,[2 9],7,7,9,0,7
1,<environment.Job instance at 0x7f551a609050>,9,3,[8 5],10,10,13,0,10
1,<environment.Job instance at 0x7f551a743a50>,10,15,[4 6],11,13,28,2,11
1,<environment.Job instance at 0x7f551a7438c0>,11,13,[7 1],12,16,29,4,12
1,<environment.Job instance at 0x7f551a743fa0>,13,3,[4 8],14,16,19,2,14
1,<environment.Job instance at 0x7f551a743dc0>,14,12,[3 8],15,19,31,4,15
1,<environment.Job instance at 0x7f551a743eb0>,16,15,[6 2],17,29,44,12,17
1,<environment.Job instance at 0x7f551a743690>,18,2,[10  2],19,44,46,25,19
1,<environment.Job instance at 0x7f551a743050>,22,2,[6 5],23,29,31,6,23
1,<environment.Job instance at 0x7f551aa330f0>,0,17,[4 8],1,1,18,0,1
1,<environment.Job instance at 0x7f551aa2a410>,1,14,[5 6],2,2,16,0,2
1,<environment.Job instance at 0x7f551ae57410>,9,3,[8 5],10,16,19,6,16
1,<environment.Job instance at 0x7f5523df0c30>,6,2,[2 9],7,18,20,11,18
1,<environment.Job instance at 0x7f551ae57870>,11,13,[7 1],12,19,32,7,19
1,<environment.Job instance at 0x7f551ae57730>,13,3,[4 8],14,20,23,6,20
1,<environment.Job instance at 0x7f551ae57aa0>,10,15,[4 6],11,20,35,9,20
1,<environment.Job instance at 0x7f551ac1e960>,14,12,[3 8],15,23,35,8,23
1,<environment.Job instance at 0x7f551ae57dc0>,15,18,[7 1],16,32,50,16,32
1,<environment.Job instance at 0x7f551ae575f0>,16,15,[6 2],17,35,50,18,35
1,<environment.Job instance at 0x7f551a743500>,18,2,[10  2],19,50,52,31,50
1,<environment.Job instance at 0x7f551a7433c0>,19,16,[3 5],20,50,66,30,50
1,<environment.Job instance at 0x7f551a36bdc0>,22,2,[6 5],23,52,54,29,52
1,<environment.Job instance at 0x7f551a609f50>,20,14,[6 2],21,52,66,31,52
1,<environment.Job instance at 0x7f551a36bfa0>,28,18,[6 3],29,54,72,25,54
1,<environment.Job instance at 0x7f5519f5df00>,2,16,[8 4],3,66,82,63,66
1,<environment.Job instance at 0x7f551a36be10>,31,12,[7 2],32,72,84,40,72
1,<environment.Job instance at 0x7f551a36b370>,32,3,[1 7],33,82,85,49,82
1,<environment.Job instance at 0x7f551a36b960>,33,16,[3 5],34,82,98,48,82
1,<environment.Job instance at 0x7f551a7a8140>,8,13,[10  1],9,84,97,75,84
1,<environment.Job instance at 0x7f551a635e60>,1,13,[5 4],2,2,15,0,2
1,<environment.Job instance at 0x7f551a36c820>,7,13,[ 2 10],8,8,21,0,8
1,<environment.Job instance at 0x7f551a36cf50>,9,14,[6 2],10,15,29,5,10
1,<environment.Job instance at 0x7f551a36ceb0>,10,13,[6 5],11,21,34,10,11
1,<environment.Job instance at 0x7f551a36c0a0>,12,3,[9 4],13,29,32,16,13
1,<environment.Job instance at 0x7f551a3751e0>,20,16,[9 5],21,32,48,11,22
1,<environment.Job instance at 0x7f551a606690>,1,13,[5 4],2,2,15,0,2
1,<environment.Job instance at 0x7f551a606050>,3,16,[9 4],4,4,20,0,4
1,<environment.Job instance at 0x7f551a7412d0>,7,13,[ 2 10],8,15,28,7,15
1,<environment.Job instance at 0x7f551a741c30>,12,3,[9 4],13,20,23,7,20
1,<environment.Job instance at 0x7f551a741d70>,10,13,[6 5],11,23,36,12,23
1,<environment.Job instance at 0x7f551a741190>,9,14,[6 2],10,28,42,18,28
1,<environment.Job instance at 0x7f551a5b16e0>,25,13,[9 3],26,36,49,10,36
1,<environment.Job instance at 0x7f551a606f00>,5,17,[5 5],6,42,59,36,42
1,<environment.Job instance at 0x7f551ab03e60>,30,1,[8 4],31,49,50,18,49
1,<environment.Job instance at 0x7f551ab030f0>,32,3,[4 8],33,50,53,17,50
1,<environment.Job instance at 0x7f551ab03eb0>,34,2,[3 9],35,53,55,18,53
1,<environment.Job instance at 0x7f551ab033c0>,35,1,[5 5],36,55,56,19,55
1,<environment.Job instance at 0x7f551ab03870>,28,12,[ 3 10],29,56,68,27,56
1,<environment.Job instance at 0x7f551ab03280>,33,16,[10  4],34,59,75,25,59
1,<environment.Job instance at 0x7f551ab03aa0>,37,15,[2 8],38,68,83,30,68
1,<environment.Job instance at 0x7f551a5b1c30>,20,16,[9 5],21,75,91,54,75
1,<environment.Job instance at 0x7f551a7418c0>,14,18,[ 1 10],15,83,101,68,83
1,<environment.Job instance at 0x7f7e8741f6e0>,0,2,[6 2],1,1,3,0,1
1,<environment.Job instance at 0x7f7e8741f730>,1,15,[4 5],2,2,17,0,2
1,<environment.Job instance at 0x7f7e7ddd5c80>,3,13,[3 8],4,4,17,0,4
1,<environment.Job instance at 0x7f7e7ddd5e60>,7,12,[7 2],8,8,20,0,8
1,<environment.Job instance at 0x7f7e7ddd5fa0>,10,14,[1 6],11,17,31,6,13
1,<environment.Job instance at 0x7f7e7ddd90f0>,11,1,[8 4],12,20,21,8,13
1,<environment.Job instance at 0x7f7e7ddd9050>,9,17,[8 1],10,21,38,11,15
1,<environment.Job instance at 0x7f7e7ddd9500>,15,20,[3 5],16,17,37,1,17
1,<environment.Job instance at 0x7f7e7ddd9230>,13,15,[4 5],14,31,46,17,20
1,<environment.Job instance at 0x7f7e7ddd9730>,22,3,[4 6],23,38,41,15,23
1,<environment.Job instance at 0x7f7e7ddd9c30>,24,2,[ 3 12],25,46,48,21,25
1,<environment.Job instance at 0x7f7e7ddd9f00>,28,2,[5 8],29,41,43,12,29
1,<environment.Job instance at 0x7f7e7dddb140>,30,15,[8 2],31,43,58,12,31
1,<environment.Job instance at 0x7f7e7dddb500>,35,3,[9 5],36,58,61,22,36
1,<environment.Job instance at 0x7f7e7dddb730>,37,2,[5 1],38,38,40,0,38
1,<environment.Job instance at 0x7f7e7dddb780>,41,3,[14  5],42,61,64,19,42
1,<environment.Job instance at 0x7f7e7dddbb90>,44,14,[8 4],45,64,78,19,49
1,<environment.Job instance at 0x7f7e7dddd320>,54,2,[5 8],55,55,57,0,55
1,<environment.Job instance at 0x7f7e7dddd1e0>,50,13,[12  1],51,78,91,27,63
1,<environment.Job instance at 0x7f7e7dddd460>,55,14,[ 2 10],56,64,78,8,63
1,<environment.Job instance at 0x7f7e7dddd500>,58,2,[1 7],59,78,80,19,64
1,<environment.Job instance at 0x7f7e7ddddb90>,63,2,[9 2],64,91,93,27,64
1,<environment.Job instance at 0x7f7e7ddd9190>,12,13,[ 2 12],13,80,93,67,64
1,<environment.Job instance at 0x7f7e7dde2960>,82,2,[10  3],83,93,95,10,83
1,<environment.Job instance at 0x7f7e7dde2d20>,87,17,[7 4],88,95,112,7,88
1,<environment.Job instance at 0x7f7e7dde2dc0>,88,3,[9 5],89,112,115,23,89
1,<environment.Job instance at 0x7f7e7dde50a0>,90,2,[5 5],91,93,95,2,91
1,<environment.Job instance at 0x7f7e7ddddaa0>,0,2,[6 2],1,1,3,0,1
1,<environment.Job instance at 0x7f7e87465370>,1,15,[4 5],2,2,17,0,2
1,<environment.Job instance at 0x7f7e7ddd0050>,2,18,[ 3 10],3,3,21,0,3
1,<environment.Job instance at 0x7f7e7df80500>,7,12,[7 2],8,17,29,9,17
1,<environment.Job instance at 0x7f7e7ddcdb90>,11,1,[8 4],12,21,22,9,21
1,<environment.Job instance at 0x7f7e7de147d0>,3,13,[3 8],4,22,35,18,22
1,<environment.Job instance at 0x7f7e7ddcdaa0>,13,15,[4 5],14,22,37,8,22
1,<environment.Job instance at 0x7f7e7de29e10>,9,17,[8 1],10,29,46,19,29
1,<environment.Job instance at 0x7f7e7de294b0>,10,14,[1 6],11,35,49,24,35
1,<environment.Job instance at 0x7f7e7dea8d70>,18,18,[3 6],19,37,55,18,37
1,<environment.Job instance at 0x7f7e7decbdc0>,22,3,[4 6],23,49,52,26,49
1,<environment.Job instance at 0x7f7e7df77e60>,25,16,[5 3],26,49,65,23,49
1,<environment.Job instance at 0x7f7e7de29050>,5,18,[7 5],6,52,70,46,52
1,<environment.Job instance at 0x7f7e7dee3370>,28,2,[5 8],29,66,68,37,66
1,<environment.Job instance at 0x7f7e7def9460>,31,13,[4 5],32,68,81,36,68
1,<environment.Job instance at 0x7f7e7dff44b0>,32,14,[8 3],33,70,84,37,70
1,<environment.Job instance at 0x7f7e7de998c0>,23,18,[7 4],24,82,100,58,82
1,<environment.Job instance at 0x7f7e7dee3910>,30,15,[8 2],31,84,99,53,84
1,<environment.Job instance at 0x7f7e7df769b0>,36,16,[8 1],37,99,115,62,99
1,<environment.Job instance at 0x7f7e7d51d320>,7,13,[6 5],8,8,21,0,8
1,<environment.Job instance at 0x7f7e7d51d5f0>,10,13,[1 7],11,11,24,0,11
1,<environment.Job instance at 0x7f7e7d51d960>,12,14,[3 7],13,21,35,8,13
1,<environment.Job instance at 0x7f7e7d51d0f0>,13,12,[6 5],14,24,36,10,14
1,<environment.Job instance at 0x7f7e7d57e640>,16,3,[1 6],17,35,38,18,17
1,<environment.Job instance at 0x7f7e7d57e0a0>,17,12,[6 1],18,18,30,0,18
1,<environment.Job instance at 0x7f7e7d515e60>,4,14,[6 5],5,36,50,31,27
1,<environment.Job instance at 0x7f7e7d5217d0>,27,1,[1 9],28,38,39,10,28
1,<environment.Job instance at 0x7f7e7d57e2d0>,29,3,[14  4],30,50,53,20,30
1,<environment.Job instance at 0x7f7e7d521190>,31,15,[8 1],32,35,50,3,32
1,<environment.Job instance at 0x7f7e7d51e5f0>,33,3,[1 7],34,39,42,5,34
1,<environment.Job instance at 0x7f7e7d521050>,28,19,[4 7],29,53,72,24,43
1,<environment.Job instance at 0x7f7e7d51e960>,38,2,[3 6],39,53,55,14,43
1,<environment.Job instance at 0x7f7e7d51fcd0>,42,14,[5 1],43,53,67,10,44
1,<environment.Job instance at 0x7f7e7d3a1050>,43,3,[1 7],44,44,47,0,44
1,<environment.Job instance at 0x7f7e7d4700f0>,45,19,[1 5],46,55,74,9,52
1,<environment.Job instance at 0x7f7e7d470d70>,47,2,[7 2],48,67,69,19,52
1,<environment.Job instance at 0x7f7e7d534af0>,49,15,[6 2],50,69,84,19,55
1,<environment.Job instance at 0x7f7e7d474320>,50,15,[6 2],51,72,87,21,58
1,<environment.Job instance at 0x7f7e7d51eb40>,37,26,[ 1 11],38,74,100,36,71
1,<environment.Job instance at 0x7f7e7d51ef50>,35,23,[7 3],36,87,110,51,85
1,<environment.Job instance at 0x7f7e7de976e0>,53,3,[5 5],54,100,103,46,85
1,<environment.Job instance at 0x7f7e7d57b280>,54,13,[2 6],55,100,113,45,85
1,<environment.Job instance at 0x7f7e7de97550>,0,22,[2 8],1,1,23,0,1
1,<environment.Job instance at 0x7f7e87465370>,4,14,[6 5],5,5,19,0,5
1,<environment.Job instance at 0x7f7e7d5f62d0>,7,13,[6 5],8,19,32,11,19
1,<environment.Job instance at 0x7f7e7d5f6230>,10,13,[1 7],11,23,36,12,23
1,<environment.Job instance at 0x7f7e7d62b6e0>,6,16,[7 3],7,23,39,16,23
1,<environment.Job instance at 0x7f7e7d5f63c0>,13,12,[6 5],14,32,44,18,32
1,<environment.Job instance at 0x7f7e7d5f6140>,12,14,[3 7],13,39,53,26,39
1,<environment.Job instance at 0x7f7e7d5f4960>,5,18,[5 3],6,39,57,33,39
1,<environment.Job instance at 0x7f7e7d5f9be0>,17,12,[6 1],18,44,56,26,44
1,<environment.Job instance at 0x7f7e7d5f9280>,16,3,[1 6],17,53,56,36,53
1,<environment.Job instance at 0x7f7e7d5f9910>,18,14,[9 1],19,56,70,37,56
1,<environment.Job instance at 0x7f7e7d5fddc0>,22,16,[1 8],23,57,73,34,57
1,<environment.Job instance at 0x7f7e7d5fd2d0>,19,15,[9 2],20,70,85,50,70
1,<environment.Job instance at 0x7f7e7d585b90>,27,1,[1 9],28,73,74,45,73
1,<environment.Job instance at 0x7f7e7ddd9410>,3,17,[ 2 10],4,74,91,70,74
1,<environment.Job instance at 0x7f7e7d589960>,31,15,[8 1],32,85,100,53,85
1,<environment.Job instance at 0x7f7e7d589e60>,33,3,[1 7],34,91,94,57,91
1,<environment.Job instance at 0x7f7e7d61af00>,36,16,[5 3],37,94,110,57,94
1,<environment.Job instance at 0x7f7e7d46aa50>,2,2,[ 3 12],3,3,5,0,3
1,<environment.Job instance at 0x7f7e7d46a690>,3,1,[10  3],4,4,5,0,4
1,<environment.Job instance at 0x7f7e7d46a190>,10,13,[5 1],11,11,24,0,11
1,<environment.Job instance at 0x7f7e7d46aeb0>,13,2,[11  2],14,24,26,10,14
1,<environment.Job instance at 0x7f7e7d46a140>,9,17,[ 5 11],10,26,43,16,15
1,<environment.Job instance at 0x7f7e7d46a8c0>,17,13,[ 4 12],18,43,56,25,29
1,<environment.Job instance at 0x7f7e7d46a550>,21,18,[ 1 10],22,56,74,34,46
1,<environment.Job instance at 0x7f7e7d46a5a0>,11,27,[6 5],12,56,83,44,54
1,<environment.Job instance at 0x7f7e7d464cd0>,23,19,[9 2],24,76,95,52,76
1,<environment.Job instance at 0x7f7e87587640>,3,1,[10  3],4,4,5,0,4
1,<environment.Job instance at 0x7f7e87447820>,8,17,[10  2],9,9,26,0,9
1,<environment.Job instance at 0x7f7e87447f00>,10,13,[5 1],11,11,24,0,11
1,<environment.Job instance at 0x7f7e875984b0>,15,15,[3 5],16,24,39,8,24
1,<environment.Job instance at 0x7f7e875988c0>,19,13,[10  1],20,26,39,6,26
1,<environment.Job instance at 0x7f7e874c6be0>,26,1,[3 8],27,39,40,12,39
1,<environment.Job instance at 0x7f7e874c68c0>,27,15,[5 6],28,39,54,11,39
1,<environment.Job instance at 0x7f7e8758a870>,31,1,[7 2],32,40,41,8,40
1,<environment.Job instance at 0x7f7e874c6910>,29,17,[3 5],30,40,57,10,40
1,<environment.Job instance at 0x7f7e8758a7d0>,35,2,[6 4],36,41,43,5,41
1,<environment.Job instance at 0x7f7e8758fd20>,42,16,[7 4],43,43,59,0,43
1,<environment.Job instance at 0x7f7e874c6960>,30,15,[ 5 10],31,57,72,26,57
1,<environment.Job instance at 0x7f7e8758f8c0>,45,16,[7 4],46,59,75,13,59
1,<environment.Job instance at 0x7f7e8758fa50>,46,3,[3 9],47,73,76,26,73
1,<environment.Job instance at 0x7f7e8758fdc0>,43,16,[9 4],44,75,91,31,75
1,<environment.Job instance at 0x7f7e8758f1e0>,50,17,[2 6],51,76,93,25,76
1,<environment.Job instance at 0x7f7e8758f550>,54,1,[10  4],55,91,92,36,91
1,<environment.Job instance at 0x7f7e87598690>,20,16,[7 2],21,92,108,71,92
1,<environment.Job instance at 0x7f7e8758f960>,49,21,[6 4],50,92,113,42,92
1,<environment.Job instance at 0x7f7e7d519550>,58,17,[1 7],59,93,110,34,93
1,<environment.Job instance at 0x7f7e7d8ca280>,0,1,[11  3],1,1,2,0,1
1,<environment.Job instance at 0x7f7e7d8ca500>,1,15,[4 8],2,2,17,0,2
1,<environment.Job instance at 0x7f7e7d8ca7d0>,2,2,[8 1],3,3,5,0,3
1,<environment.Job instance at 0x7f7e7d8cabe0>,3,1,[10  2],4,5,6,1,4
1,<environment.Job instance at 0x7f7e7d8e85f0>,6,14,[5 3],7,7,21,0,7
1,<environment.Job instance at 0x7f7e7d8e8280>,7,14,[8 5],8,17,31,9,8
1,<environment.Job instance at 0x7f7e7d8e8c30>,12,1,[8 5],13,31,32,18,13
1,<environment.Job instance at 0x7f7e7d8e80a0>,13,14,[2 8],14,21,35,7,14
1,<environment.Job instance at 0x7f7e7d8e8320>,15,2,[7 1],16,32,34,16,16
1,<environment.Job instance at 0x7f7e7d8e8dc0>,18,2,[4 6],19,32,34,13,19
1,<environment.Job instance at 0x7f7e7d8caa50>,9,16,[ 4 13],10,35,51,25,23
1,<environment.Job instance at 0x7f7e7d4c4f50>,27,3,[5 8],28,51,54,23,29
1,<environment.Job instance at 0x7f7e7d92daf0>,29,3,[ 2 14],30,54,57,24,30
1,<environment.Job instance at 0x7f7e7d92daa0>,31,2,[1 7],32,51,53,19,32
1,<environment.Job instance at 0x7f7e7d4c46e0>,20,14,[7 1],21,34,48,13,32
1,<environment.Job instance at 0x7f7e7d7f54b0>,36,13,[2 5],37,57,70,20,41
1,<environment.Job instance at 0x7f7e7d92d500>,33,13,[ 4 10],34,57,70,23,44
1,<environment.Job instance at 0x7f7e7d92d5a0>,37,18,[13  2],38,70,88,32,60
1,<environment.Job instance at 0x7f7e7d519eb0>,1,15,[4 8],2,2,17,0,2
1,<environment.Job instance at 0x7f7e7d519280>,2,2,[8 1],3,3,5,0,3
1,<environment.Job instance at 0x7f7e7d5195a0>,3,1,[10  2],4,5,6,1,5
1,<environment.Job instance at 0x7f7e7d519500>,6,14,[5 3],7,7,21,0,7
1,<environment.Job instance at 0x7f7e8758fbe0>,12,1,[8 5],13,17,18,4,17
1,<environment.Job instance at 0x7f7e8758feb0>,15,2,[7 1],16,18,20,2,18
1,<environment.Job instance at 0x7f7e8758f730>,13,14,[2 8],14,18,32,4,18
1,<environment.Job instance at 0x7f7e8758f5f0>,17,16,[8 3],18,20,36,2,20
1,<environment.Job instance at 0x7f7e8758f5a0>,18,2,[4 6],19,32,34,13,32
1,<environment.Job instance at 0x7f7e8758faf0>,20,14,[7 1],21,34,48,13,34
1,<environment.Job instance at 0x7f7e7d519140>,7,14,[8 5],8,36,50,28,36
1,<environment.Job instance at 0x7f7e8758a370>,23,14,[ 3 10],24,48,62,24,48
1,<environment.Job instance at 0x7f7e8758fb90>,14,15,[10  3],15,50,65,35,50
1,<environment.Job instance at 0x7f7e8758a280>,31,2,[1 7],32,62,64,30,62
1,<environment.Job instance at 0x7f7e8758aeb0>,27,3,[5 8],28,64,67,36,64
1,<environment.Job instance at 0x7f7e87447b90>,36,13,[2 5],37,65,78,28,65
1,<environment.Job instance at 0x7f7e87447b40>,41,12,[4 7],42,67,79,25,67
1,<environment.Job instance at 0x7f7e7d519e10>,8,22,[9 3],9,67,89,58,67
1,<environment.Job instance at 0x7f7e87447aa0>,33,13,[ 4 10],34,79,92,45,79
1,<environment.Job instance at 0x7f7e7d4c4d70>,48,17,[6 3],49,89,106,40,89
1,<environment.Job instance at 0x7f7e7d8caeb0>,54,14,[3 6],55,92,106,37,92
1,<environment.Job instance at 0x7f7e7d8caa00>,58,16,[2 6],59,92,108,33,92
1,<environment.Job instance at 0x7f7e7d9638c0>,1,17,[2 6],2,2,19,0,2
1,<environment.Job instance at 0x7f7e7e251230>,4,12,[ 1 10],5,19,31,14,5
1,<environment.Job instance at 0x7f7e7e251050>,6,14,[9 5],7,7,21,0,7
1,<environment.Job instance at 0x7f7e7e2520a0>,10,2,[1 6],11,31,33,20,11
1,<environment.Job instance at 0x7f7e7e252190>,11,15,[5 1],12,21,36,9,12
1,<environment.Job instance at 0x7f7e7e252f50>,14,18,[6 3],15,96,114,81,96
1,<environment.Job instance at 0x7f7e7d3c4640>,1,17,[2 6],2,2,19,0,2
1,<environment.Job instance at 0x7f7e7d7ec690>,6,14,[9 5],7,7,21,0,7
1,<environment.Job instance at 0x7f7e7d7eca00>,10,2,[1 6],11,19,21,8,19
1,<environment.Job instance at 0x7f7e7d7ecf50>,11,15,[5 1],12,19,34,7,19
1,<environment.Job instance at 0x7f7e7d7eca50>,4,12,[ 1 10],5,21,33,16,21
1,<environment.Job instance at 0x7f7e7d7ece60>,14,18,[6 3],15,21,39,6,21
1,<environment.Job instance at 0x7f7e7d7ec500>,16,12,[4 7],17,33,45,16,33
1,<environment.Job instance at 0x7f7e7d7ecd20>,19,3,[3 5],20,39,42,19,39
1,<environment.Job instance at 0x7f7e7d8d0aa0>,20,16,[2 7],21,42,58,21,42
1,<environment.Job instance at 0x7f7e7d8d0c30>,24,2,[2 8],25,45,47,20,45
1,<environment.Job instance at 0x7f7e7d7ec7d0>,9,17,[2 8],10,47,64,37,47
1,<environment.Job instance at 0x7f7e87591640>,31,1,[5 7],32,58,59,26,58
1,<environment.Job instance at 0x7f7e7d8d0370>,32,12,[10  3],33,59,71,26,59
1,<environment.Job instance at 0x7f7e7d8d0e60>,27,3,[5 9],28,64,67,36,64
1,<environment.Job instance at 0x7f7e7d92d820>,36,2,[5 3],37,67,69,30,67
1,<environment.Job instance at 0x7f7e7d7ec3c0>,17,12,[3 9],18,69,81,51,69
1,<environment.Job instance at 0x7f7e7d3eaf00>,38,13,[7 1],39,71,84,32,71
1,<environment.Job instance at 0x7f7e7d3eaaf0>,37,15,[5 7],38,81,96,43,81
1,<environment.Job instance at 0x7f7e7d4c4870>,39,16,[2 6],40,81,97,41,81
1,<environment.Job instance at 0x7f7e7d8e8cd0>,42,3,[9 1],43,96,99,53,96
1,<environment.Job instance at 0x7f7e8758a730>,44,2,[3 5],45,97,99,52,97
1,<environment.Job instance at 0x7f7e7d7ec4b0>,12,16,[3 9],13,97,113,84,97
1,<environment.Job instance at 0x7f7e7d8caf00>,34,15,[6 4],35,99,114,64,99
1,<environment.Job instance at 0x7f7e7dc60410>,6,1,[2 5],7,8,9,1,8
1,<environment.Job instance at 0x7f7e7dc60eb0>,7,2,[13  5],8,11,13,3,11
1,<environment.Job instance at 0x7f7e7dc60780>,16,13,[1 9],17,17,30,0,17
1,<environment.Job instance at 0x7f7e7dc60c30>,8,17,[7 3],9,22,39,13,22
1,<environment.Job instance at 0x7f7e7dc822d0>,22,2,[2 5],23,30,32,7,23
1,<environment.Job instance at 0x7f7e7dc820f0>,23,16,[8 4],24,32,48,8,24
1,<environment.Job instance at 0x7f7e7dc82320>,25,1,[4 9],26,39,40,13,26
1,<environment.Job instance at 0x7f7e7dc82960>,29,1,[10  1],30,48,49,18,30
1,<environment.Job instance at 0x7f7e7dc82d70>,30,12,[8 1],31,49,61,18,33
1,<environment.Job instance at 0x7f7e7dc82c30>,34,17,[ 3 10],35,40,57,5,35
1,<environment.Job instance at 0x7f7e7d8097d0>,36,13,[10  5],37,61,74,24,49
1,<environment.Job instance at 0x7f7e7d809960>,39,12,[5 5],40,57,69,17,50
1,<environment.Job instance at 0x7f7e7d809730>,40,15,[ 5 14],41,74,89,33,64
1,<environment.Job instance at 0x7f7e7d809f00>,41,1,[9 1],42,74,75,32,64
1,<environment.Job instance at 0x7f7e7d809c30>,38,23,[8 1],39,75,98,36,69
1,<environment.Job instance at 0x7f7e7d809f50>,43,12,[5 9],44,89,101,45,74
1,<environment.Job instance at 0x7f7e7d82a690>,52,3,[1 6],53,98,101,45,74
1,<environment.Job instance at 0x7f7e7d82a230>,54,3,[4 9],55,101,104,46,75
1,<environment.Job instance at 0x7f7e7d82ac80>,56,2,[10  3],57,101,103,44,75
1,<environment.Job instance at 0x7f7e7d82fe60>,68,2,[ 3 10],69,104,106,35,77
1,<environment.Job instance at 0x7f7e7d82f870>,70,2,[11  4],71,103,105,32,77
1,<environment.Job instance at 0x7f7e7e253be0>,0,21,[9 1],1,1,22,0,1
1,<environment.Job instance at 0x7f7e7e252410>,1,18,[5 8],2,2,20,0,2
1,<environment.Job instance at 0x7f7e8758f4b0>,6,1,[2 5],7,20,21,13,20
1,<environment.Job instance at 0x7f7e8758ff00>,5,15,[6 5],6,21,36,15,21
1,<environment.Job instance at 0x7f7e8758f320>,14,12,[3 8],15,22,34,7,22
1,<environment.Job instance at 0x7f7e8758a0f0>,16,13,[1 9],17,34,47,17,34
1,<environment.Job instance at 0x7f7e8758a730>,22,2,[2 5],23,36,38,13,36
1,<environment.Job instance at 0x7f7e8758ae60>,23,16,[8 4],24,38,54,14,38
1,<environment.Job instance at 0x7f7e7d7f5320>,25,1,[4 9],26,47,48,21,47
1,<environment.Job instance at 0x7f7e7d8e88c0>,26,15,[5 7],27,48,63,21,48
1,<environment.Job instance at 0x7f7e7d7ec320>,29,1,[10  1],30,54,55,24,54
1,<environment.Job instance at 0x7f7e7d7ec780>,30,12,[8 1],31,55,67,24,55
1,<environment.Job instance at 0x7f7e8758a870>,17,16,[4 5],18,63,79,45,63
1,<environment.Job instance at 0x7f7e8758f410>,8,17,[7 3],9,67,84,58,67
1,<environment.Job instance at 0x7f7e7d7ec230>,34,17,[ 3 10],35,79,96,44,79
1,<environment.Job instance at 0x7f7e7d7ec550>,39,12,[5 5],40,84,96,44,84
1,<environment.Job instance at 0x7f7e7d7ecb40>,41,1,[9 1],42,96,97,54,96
1,<environment.Job instance at 0x7f7e8758fd20>,13,18,[5 7],14,96,114,82,96
1,<environment.Job instance at 0x7f7e7d7ec5f0>,36,13,[10  5],37,97,110,60,97
1,<environment.Job instance at 0x7f7e7e5b0320>,1,14,[4 9],2,2,16,0,2
1,<environment.Job instance at 0x7f7e7d7ed190>,4,12,[4 8],5,16,28,11,5
1,<environment.Job instance at 0x7f7e7d7ed640>,7,1,[5 1],8,8,9,0,8
1,<environment.Job instance at 0x7f7e7d7ed0a0>,13,1,[ 1 14],14,28,29,14,14
1,<environment.Job instance at 0x7f7e7d7ed500>,9,12,[ 3 12],10,29,41,19,15
1,<environment.Job instance at 0x7f7e7d7edcd0>,15,12,[ 3 10],16,41,53,25,24
1,<environment.Job instance at 0x7f7e7d7f2050>,21,3,[5 9],22,53,56,31,34
1,<environment.Job instance at 0x7f7e7d7f20f0>,22,2,[6 4],23,41,43,18,34
1,<environment.Job instance at 0x7f7e7d7f2230>,23,2,[3 5],24,43,45,19,34
1,<environment.Job instance at 0x7f7e7dc367d0>,0,17,[2 7],1,1,18,0,1
1,<environment.Job instance at 0x7f7e7e5d8370>,4,12,[4 8],5,5,17,0,5
1,<environment.Job instance at 0x7f7e7e5d8a50>,7,1,[5 1],8,17,18,9,17
1,<environment.Job instance at 0x7f7e7d83c0a0>,14,16,[5 5],15,17,33,2,17
1,<environment.Job instance at 0x7f7e7d83c5a0>,15,12,[ 3 10],16,18,30,2,18
1,<environment.Job instance at 0x7f7e7d83c730>,18,13,[3 9],19,30,43,11,30
1,<environment.Job instance at 0x7f7e7d83ccd0>,17,13,[8 5],18,33,46,15,33
1,<environment.Job instance at 0x7f7e7d83c690>,22,2,[6 4],23,43,45,20,43
1,<environment.Job instance at 0x7f7e7d83ce60>,23,2,[3 5],24,45,47,21,45
1,<environment.Job instance at 0x7f7e7d83c780>,24,15,[2 5],25,45,60,20,45
1,<environment.Job instance at 0x7f7e7d83c6e0>,20,16,[6 5],21,46,62,25,46
1,<environment.Job instance at 0x7f7e7d83cb40>,16,17,[4 5],17,47,64,30,47
1,<environment.Job instance at 0x7f7e7d81ec30>,27,2,[2 9],28,62,64,34,62
1,<environment.Job instance at 0x7f7e7d81ee60>,28,15,[9 1],29,62,77,33,62
1,<environment.Job instance at 0x7f7e7d81ec80>,29,1,[3 6],30,64,65,34,64
1,<environment.Job instance at 0x7f7e7d83c820>,21,3,[5 9],22,65,68,43,65
1,<environment.Job instance at 0x7f7e7d81e550>,31,13,[1 8],32,68,81,36,68
1,<environment.Job instance at 0x7f7e7d81e280>,30,13,[6 1],31,77,90,46,77
1,<environment.Job instance at 0x7f7e7d81e4b0>,35,15,[6 1],36,77,92,41,77
1,<environment.Job instance at 0x7f7e7d81e5f0>,36,3,[7 4],37,90,93,53,90
1,<environment.Job instance at 0x7f7e7d81eaf0>,34,13,[ 5 10],35,92,105,57,92
1,<environment.Job instance at 0x7f7e7d82f3c0>,39,12,[10  3],40,93,105,53,93
1,<environment.Job instance at 0x7f7e7e144460>,2,2,[ 2 13],3,3,5,0,3
1,<environment.Job instance at 0x7f7e7d5f1050>,8,12,[1 8],9,9,21,0,9
1,<environment.Job instance at 0x7f7e7d5f1f00>,9,16,[5 1],10,10,26,0,10
1,<environment.Job instance at 0x7f7e7d5f1870>,13,3,[14  5],14,26,29,12,14
1,<environment.Job instance at 0x7f7e7d5f1910>,16,1,[8 1],17,17,18,0,17
1,<environment.Job instance at 0x7f7e7d5f1d20>,18,15,[6 2],19,29,44,10,19
1,<environment.Job instance at 0x7f7e7d5f16e0>,19,2,[10  4],20,21,23,1,20
1,<environment.Job instance at 0x7f7e7e11f7d0>,22,1,[12  2],23,44,45,21,23
1,<environment.Job instance at 0x7f7e7d5f1690>,5,12,[1 7],6,25,37,19,25
1,<environment.Job instance at 0x7f7e7e11fdc0>,25,3,[12  1],26,45,48,19,26
1,<environment.Job instance at 0x7f7e7e11f9b0>,28,3,[14  3],29,48,51,19,29
1,<environment.Job instance at 0x7f7e7e11f550>,29,1,[14  5],30,51,52,21,30
1,<environment.Job instance at 0x7f7e7e11fc80>,31,1,[7 2],32,32,33,0,32
1,<environment.Job instance at 0x7f7e7e11fb90>,32,2,[3 7],33,37,39,4,33
1,<environment.Job instance at 0x7f7e7e11f140>,36,12,[9 1],37,52,64,15,37
1,<environment.Job instance at 0x7f7e7e20eb90>,38,2,[4 7],39,39,41,0,39
1,<environment.Job instance at 0x7f7e7e11f730>,26,13,[11  4],27,85,98,58,85
1,<environment.Job instance at 0x7f7e7e20e550>,42,24,[10  4],43,98,122,55,95
1,<environment.Job instance at 0x7f7e7e20e280>,45,15,[4 9],46,97,112,51,97
1,<environment.Job instance at 0x7f7e7e20e640>,46,1,[ 2 11],47,112,113,65,97
1,<environment.Job instance at 0x7f7e7e45f730>,49,2,[ 2 13],50,122,124,72,97
1,<environment.Job instance at 0x7f7e7d7f2a00>,0,18,[6 5],1,1,19,0,1
1,<environment.Job instance at 0x7f7e8758fc30>,5,12,[1 7],6,6,18,0,6
1,<environment.Job instance at 0x7f7e8758f4b0>,9,16,[5 1],10,10,26,0,10
1,<environment.Job instance at 0x7f7e8758fdc0>,8,12,[1 8],9,18,30,9,18
1,<environment.Job instance at 0x7f7e8758f5a0>,11,14,[4 5],12,19,33,7,19
1,<environment.Job instance at 0x7f7e7d7ec3c0>,16,1,[8 1],17,26,27,9,26
1,<environment.Job instance at 0x7f7e7d7f5b90>,14,14,[1 7],15,30,44,15,30
1,<environment.Job instance at 0x7f7e7d7ec320>,18,15,[6 2],19,30,45,11,30
1,<environment.Job instance at 0x7f7e8758ff00>,12,18,[2 5],13,33,51,20,33
1,<environment.Job instance at 0x7f7e7d7ecfa0>,17,14,[5 7],18,44,58,26,44
1,<environment.Job instance at 0x7f7e7d829730>,31,1,[7 2],32,51,52,19,51
1,<environment.Job instance at 0x7f7e7d7ec280>,19,2,[10  4],20,52,54,32,52
1,<environment.Job instance at 0x7f7e7d8296e0>,32,2,[3 7],33,54,56,21,54
1,<environment.Job instance at 0x7f7e8758f3c0>,6,15,[3 7],7,56,71,49,56
1,<environment.Job instance at 0x7f7e7d81e5f0>,36,12,[9 1],37,58,70,21,58
1,<environment.Job instance at 0x7f7e7d81eb90>,38,2,[4 7],39,70,72,31,70
1,<environment.Job instance at 0x7f7e7d7eca00>,24,15,[10  3],25,71,86,46,71
1,<environment.Job instance at 0x7f7e7d81ee60>,45,15,[4 9],46,72,87,26,72
1,<environment.Job instance at 0x7f7e7d82f280>,33,16,[9 4],34,86,102,52,86
1,<environment.Job instance at 0x7f7e7d5f1550>,53,12,[5 8],54,87,99,33,87
1,<environment.Job instance at 0x7f7e7e11f0f0>,57,12,[2 7],58,99,111,41,99
1,<environment.Job instance at 0x7f7e7dfe8820>,17,1,[5 8],18,18,19,0,18
1,<environment.Job instance at 0x7f7e7e0821e0>,18,13,[5 5],19,19,32,0,19
1,<environment.Job instance at 0x7f7e7e0822d0>,19,2,[9 3],20,20,22,0,20
1,<environment.Job instance at 0x7f7e7e082d20>,21,1,[5 4],22,22,23,0,22
1,<environment.Job instance at 0x7f7e7d3ce460>,25,1,[10  1],26,26,27,0,26
1,<environment.Job instance at 0x7f7e7d3ce6e0>,28,2,[5 9],29,29,31,0,29
1,<environment.Job instance at 0x7f7e7e325190>,27,18,[5 5],28,31,49,3,29
1,<environment.Job instance at 0x7f7e7e57e5f0>,31,14,[5 1],32,32,46,0,32
1,<environment.Job instance at 0x7f7e7e57e050>,33,1,[13  3],34,49,50,15,37
1,<environment.Job instance at 0x7f7e7dd4a230>,37,12,[7 1],38,50,62,12,38
1,<environment.Job instance at 0x7f7e7e57ecd0>,34,18,[4 7],35,50,68,15,39
1,<environment.Job instance at 0x7f7e87317460>,48,1,[ 5 10],49,68,69,19,50
1,<environment.Job instance at 0x7f7e873177d0>,41,15,[6 2],42,62,77,20,50
1,<environment.Job instance at 0x7f7e7dc4a500>,0,16,[9 4],1,1,17,0,1
1,<environment.Job instance at 0x7f7e7d519190>,2,14,[ 2 10],3,3,17,0,3
1,<environment.Job instance at 0x7f7e7d87cdc0>,8,13,[3 9],9,17,30,8,17
1,<environment.Job instance at 0x7f7e7dfbee10>,6,16,[5 5],7,17,33,10,17
1,<environment.Job instance at 0x7f7e7e05b730>,9,2,[ 3 10],10,30,32,20,30
1,<environment.Job instance at 0x7f7e7d657960>,4,16,[ 3 10],5,32,48,27,32
1,<environment.Job instance at 0x7f7e7d87ce60>,11,18,[9 5],12,33,51,21,33
1,<environment.Job instance at 0x7f7e7e5b3910>,13,3,[1 9],14,48,51,34,48
1,<environment.Job instance at 0x7f7e7e32ee10>,17,1,[5 8],18,51,52,33,51
1,<environment.Job instance at 0x7f7e7dd75690>,15,12,[2 6],16,51,63,35,51
1,<environment.Job instance at 0x7f7e7da5de60>,19,2,[9 3],20,52,54,32,52
1,<environment.Job instance at 0x7f7e7d87c5a0>,10,18,[1 5],11,52,70,41,52
1,<environment.Job instance at 0x7f7e7da5db40>,21,1,[5 4],22,54,55,32,54
1,<environment.Job instance at 0x7f7e7d3996e0>,25,1,[10  1],26,55,56,29,55
1,<environment.Job instance at 0x7f7e7da5daf0>,20,16,[8 3],21,56,72,35,56
1,<environment.Job instance at 0x7f7e7e6b3e10>,18,13,[5 5],19,63,76,44,63
1,<environment.Job instance at 0x7f7e7df47320>,28,2,[5 9],29,72,74,43,72
1,<environment.Job instance at 0x7f7e7e8d0320>,31,14,[5 1],32,72,86,40,72
1,<environment.Job instance at 0x7f7e7d5f9050>,34,18,[4 7],35,74,92,39,74
1,<environment.Job instance at 0x7f7e7dfbe370>,5,18,[5 5],6,76,94,70,76
1,<environment.Job instance at 0x7f7e7e9e3aa0>,37,12,[7 1],38,92,104,54,92
1,<environment.Job instance at 0x7f7e7dfbe5a0>,7,17,[ 3 10],8,94,111,86,94
1,<environment.Job instance at 0x7f7e86fef190>,1,16,[7 2],2,2,18,0,2
1,<environment.Job instance at 0x7f7e86fefe60>,7,24,[1 6],8,11,35,3,11
1,<environment.Job instance at 0x7f7e7d4c4910>,10,20,[1 8],11,18,38,7,11
1,<environment.Job instance at 0x7f7e7dc9ab90>,5,2,[3 6],6,11,13,5,11
1,<environment.Job instance at 0x7f7e86fef960>,6,1,[12  4],7,35,36,28,17
1,<environment.Job instance at 0x7f7e7e608370>,17,3,[2 7],18,36,39,18,19
1,<environment.Job instance at 0x7f7e7dfef1e0>,23,15,[2 8],24,38,53,14,25
1,<environment.Job instance at 0x7f7e7dfefe10>,28,16,[10  5],29,39,55,10,33
1,<environment.Job instance at 0x7f7e7dfef280>,29,1,[7 4],30,55,56,25,33
1,<environment.Job instance at 0x7f7e7dfef550>,31,3,[2 7],32,53,56,21,33
1,<environment.Job instance at 0x7f7e7d8e0640>,35,1,[5 1],36,55,56,19,36
1,<environment.Job instance at 0x7f7e7d4748c0>,43,13,[1 8],44,56,69,12,44
1,<environment.Job instance at 0x7f7e7d4749b0>,49,1,[7 3],50,56,57,6,50
1,<environment.Job instance at 0x7f7e7d4747d0>,45,21,[10  3],46,57,78,11,54
1,<environment.Job instance at 0x7f7e7d4742d0>,48,19,[2 9],49,69,88,20,59
1,<environment.Job instance at 0x7f7e7d9543c0>,54,2,[5 7],55,88,90,33,69
1,<environment.Job instance at 0x7f7e7d474fa0>,52,25,[5 3],53,78,103,25,76
1,<environment.Job instance at 0x7f7e7d954780>,55,14,[ 4 10],56,90,104,34,76
1,<environment.Job instance at 0x7f7e7dff4aa0>,65,2,[8 2],66,86,88,20,86
1,<environment.Job instance at 0x7f7e7d954e10>,60,2,[ 1 13],61,104,106,43,86
1,<environment.Job instance at 0x7f7e7dff4960>,74,1,[ 2 13],75,106,107,31,90
1,<environment.Job instance at 0x7f7e7dff4780>,73,14,[5 5],74,107,121,33,92
1,<environment.Job instance at 0x7f7e7d5f4780>,78,15,[2 5],79,107,122,28,94
1,<environment.Job instance at 0x7f7e7d5f4b90>,80,3,[7 3],81,107,110,26,94
1,<environment.Job instance at 0x7f7e7d829320>,1,16,[7 2],2,2,18,0,2
1,<environment.Job instance at 0x7f7e7e431820>,5,2,[3 6],6,6,8,0,6
1,<environment.Job instance at 0x7f7e7e437d70>,10,20,[1 8],11,11,31,0,11
1,<environment.Job instance at 0x7f7e7e89d0a0>,11,22,[7 2],12,12,34,0,12
1,<environment.Job instance at 0x7f7e7e6294b0>,12,13,[7 4],13,18,31,5,18
1,<environment.Job instance at 0x7f7e7cf925f0>,17,3,[2 7],18,31,34,13,31
1,<environment.Job instance at 0x7f7e7cf924b0>,19,12,[3 9],20,34,46,14,34
1,<environment.Job instance at 0x7f7e7e733dc0>,8,14,[10  2],9,34,48,25,34
1,<environment.Job instance at 0x7f7e7e95a8c0>,23,15,[2 8],24,46,61,22,46
1,<environment.Job instance at 0x7f7e7e8795a0>,25,12,[6 1],26,48,60,22,48
1,<environment.Job instance at 0x7f7e7e89f780>,29,1,[7 4],30,48,49,18,48
1,<environment.Job instance at 0x7f7e7e3b42d0>,22,18,[6 1],23,49,67,26,49
1,<environment.Job instance at 0x7f7e7dc46230>,31,3,[2 7],32,61,64,29,61
1,<environment.Job instance at 0x7f7e7e82dd20>,30,16,[1 7],31,61,77,30,61
1,<environment.Job instance at 0x7f7e7dc460f0>,33,15,[4 7],34,64,79,30,64
1,<environment.Job instance at 0x7f7e7dc46370>,35,1,[5 1],36,67,68,31,67
1,<environment.Job instance at 0x7f7e7d57b370>,13,14,[10  2],14,77,91,63,77
1,<environment.Job instance at 0x7f7e7e3b76e0>,21,16,[4 8],22,79,95,57,79
1,<environment.Job instance at 0x7f7e7e5b3be0>,37,13,[8 2],38,91,104,53,91
1,<environment.Job instance at 0x7f7e7d87ce60>,43,13,[1 8],44,95,108,51,95
1,<environment.Job instance at 0x7f7e7d66adc0>,6,15,[4 5],7,7,22,0,7
1,<environment.Job instance at 0x7f7e7de22870>,8,17,[3 5],9,9,26,0,9
1,<environment.Job instance at 0x7f7e7de22780>,9,2,[ 5 13],10,26,28,16,10
1,<environment.Job instance at 0x7f7e7d51e050>,11,1,[4 5],12,13,14,1,13
1,<environment.Job instance at 0x7f7e7da05230>,12,13,[ 5 13],13,28,41,15,13
1,<environment.Job instance at 0x7f7e7da05280>,17,15,[8 1],18,18,33,0,18
1,<environment.Job instance at 0x7f7e7da05820>,15,24,[5 1],16,35,59,19,35
1,<environment.Job instance at 0x7f7e7da058c0>,14,15,[7 4],15,41,56,26,35
1,<environment.Job instance at 0x7f7e7e0ba780>,18,23,[1 8],19,41,64,22,35
1,<environment.Job instance at 0x7f7e7e0ba0f0>,20,15,[5 5],21,56,71,35,42
1,<environment.Job instance at 0x7f7e7e0ba0a0>,21,16,[ 2 10],22,64,80,42,52
1,<environment.Job instance at 0x7f7e7da05af0>,16,13,[ 5 12],17,80,93,63,67
1,<environment.Job instance at 0x7f7e7e5469b0>,25,17,[2 5],26,93,110,67,82
1,<environment.Job instance at 0x7f7e7e0bab90>,24,18,[5 9],25,93,111,68,82
1,<environment.Job instance at 0x7f7e8741e730>,28,3,[9 4],29,110,113,81,95
1,<environment.Job instance at 0x7f7e7e08df50>,29,2,[7 5],30,113,115,83,95
1,<environment.Job instance at 0x7f7e7d9d9320>,31,12,[10  1],32,115,127,83,99
1,<environment.Job instance at 0x7f7e7e052050>,36,2,[ 4 14],37,115,117,78,99
1,<environment.Job instance at 0x7f7e7de84690>,0,18,[5 8],1,1,19,0,1
1,<environment.Job instance at 0x7f7e7d261dc0>,1,17,[2 6],2,2,19,0,2
1,<environment.Job instance at 0x7f7e7e9f5960>,11,1,[4 5],12,19,20,7,19
1,<environment.Job instance at 0x7f7e86f77730>,3,2,[1 5],4,19,21,15,19
1,<environment.Job instance at 0x7f7e7e5b37d0>,17,15,[8 1],18,19,34,1,19
1,<environment.Job instance at 0x7f7e7e9f5230>,10,15,[5 8],11,20,35,9,20
1,<environment.Job instance at 0x7f7e7df477d0>,20,15,[5 5],21,34,49,13,34
1,<environment.Job instance at 0x7f7e7dc894b0>,6,15,[4 5],7,35,50,28,35
1,<environment.Job instance at 0x7f7e80a39410>,25,17,[2 5],26,35,52,9,35
1,<environment.Job instance at 0x7f7e7d4e1780>,14,15,[7 4],15,49,64,34,49
1,<environment.Job instance at 0x7f7e7dfbe820>,8,17,[3 5],9,50,67,41,50
1,<environment.Job instance at 0x7f7e7e5d5fa0>,29,2,[7 5],30,64,66,34,64
1,<environment.Job instance at 0x7f7e7da05b40>,28,3,[9 4],29,66,69,37,66
1,<environment.Job instance at 0x7f7e7d66a640>,21,16,[ 2 10],22,67,83,45,67
1,<environment.Job instance at 0x7f7e7e052af0>,31,12,[10  1],32,69,81,37,69
1,<environment.Job instance at 0x7f7e7e3134b0>,34,12,[10  1],35,81,93,46,81
1,<environment.Job instance at 0x7f7e7d87c140>,39,12,[ 1 10],40,83,95,43,83
1,<environment.Job instance at 0x7f7e7d87cdc0>,42,17,[2 5],43,93,110,50,93
1,<environment.Job instance at 0x7f7e7d87c230>,51,12,[4 6],52,95,107,43,95
1,<environment.Job instance at 0x7f7e7d87cf00>,48,12,[6 3],49,95,107,46,95
1,<environment.Job instance at 0x7f7e7d261fa0>,0,3,[14  4],1,1,4,0,1
1,<environment.Job instance at 0x7f7e7d261d70>,2,15,[3 9],3,4,19,1,3
1,<environment.Job instance at 0x7f7e7d261460>,4,3,[8 5],5,5,8,0,5
1,<environment.Job instance at 0x7f7e7d261b40>,5,12,[ 1 10],6,19,31,13,6
1,<environment.Job instance at 0x7f7e7d2612d0>,6,2,[13  2],7,19,21,12,7
1,<environment.Job instance at 0x7f7e7d1ba500>,11,3,[ 1 10],12,31,34,19,12
1,<environment.Job instance at 0x7f7e7d1ba320>,13,13,[5 5],14,21,34,7,14
1,<environment.Job instance at 0x7f7e7d1ba780>,15,3,[4 8],16,34,37,18,16
1,<environment.Job instance at 0x7f7e7d1bad20>,17,1,[2 8],18,37,38,19,19
1,<environment.Job instance at 0x7f7e7d038f00>,19,14,[1 7],20,34,48,14,20
1,<environment.Job instance at 0x7f7e8741f2d0>,20,13,[4 5],21,38,51,17,25
1,<environment.Job instance at 0x7f7e7e5c74b0>,28,2,[7 4],29,48,50,19,32
1,<environment.Job instance at 0x7f7e86fe7820>,29,2,[4 6],30,48,50,18,32
1,<environment.Job instance at 0x7f7e7e39a4b0>,30,2,[12  2],31,51,53,20,33
1,<environment.Job instance at 0x7f7e7e9c5410>,26,13,[11  4],27,53,66,26,37
1,<environment.Job instance at 0x7f7e7da0c500>,32,2,[1 6],33,50,52,17,42
1,<environment.Job instance at 0x7f7e7da41190>,36,3,[3 6],37,52,55,15,46
1,<environment.Job instance at 0x7f7e7ddc6960>,49,2,[2 5],50,59,61,9,59
1,<environment.Job instance at 0x7f7e7e3b1730>,50,17,[5 3],51,66,83,15,59
1,<environment.Job instance at 0x7f7e7d1ef190>,51,12,[2 7],52,61,73,9,59
1,<environment.Job instance at 0x7f7e7d1efb40>,52,1,[ 1 13],53,83,84,30,59
1,<environment.Job instance at 0x7f7e7ddc6cd0>,48,1,[6 2],49,66,67,17,62
1,<environment.Job instance at 0x7f7e7e9f4690>,55,13,[4 6],56,84,97,28,68
1,<environment.Job instance at 0x7f7e7d9dcf00>,72,2,[5 7],73,73,75,0,73
1,<environment.Job instance at 0x7f7e7cf965a0>,66,16,[ 2 13],67,97,113,30,85
1,<environment.Job instance at 0x7f7e7d6eaa00>,1,20,[3 6],2,2,22,0,2
1,<environment.Job instance at 0x7f7e7d6ea230>,2,15,[3 9],3,3,18,0,3
1,<environment.Job instance at 0x7f7e7d733af0>,4,3,[8 5],5,18,21,13,18
1,<environment.Job instance at 0x7f7e7d6caeb0>,13,13,[5 5],14,21,34,7,21
1,<environment.Job instance at 0x7f7e7d6f0500>,15,3,[4 8],16,22,25,6,22
1,<environment.Job instance at 0x7f7e7e53eaf0>,11,3,[ 1 10],12,25,28,13,25
1,<environment.Job instance at 0x7f7e7dadd5a0>,17,1,[2 8],18,28,29,10,28
1,<environment.Job instance at 0x7f7e7d6f0370>,16,17,[7 1],17,28,45,11,28
1,<environment.Job instance at 0x7f7e7dadd910>,19,14,[1 7],20,29,43,9,29
1,<environment.Job instance at 0x7f7e7dadd0a0>,20,13,[4 5],21,34,47,13,34
1,<environment.Job instance at 0x7f7e7d6e06e0>,28,2,[7 4],29,45,47,16,45
1,<environment.Job instance at 0x7f7e7d6e0280>,29,2,[4 6],30,45,47,15,45
1,<environment.Job instance at 0x7f7e7d6fb1e0>,32,2,[1 6],33,47,49,14,47
1,<environment.Job instance at 0x7f7e7d6eacd0>,3,15,[5 5],4,47,62,43,47
1,<environment.Job instance at 0x7f7e7d6d1820>,36,3,[3 6],37,49,52,12,49
1,<environment.Job instance at 0x7f7e7d6d1b40>,37,3,[2 9],38,52,55,14,52
1,<environment.Job instance at 0x7f7e7e53e0a0>,5,12,[ 1 10],6,55,67,49,55
1,<environment.Job instance at 0x7f7e7dadd230>,23,15,[5 5],24,62,77,38,62
1,<environment.Job instance at 0x7f7e7d6d5640>,41,12,[8 4],42,67,79,25,67
1,<environment.Job instance at 0x7f7e7d6d1230>,38,16,[2 7],39,77,93,38,77
1,<environment.Job instance at 0x7f7e7d6cfbe0>,48,1,[6 2],49,79,80,30,79
1,<environment.Job instance at 0x7f7e7d6cf320>,49,2,[2 5],50,79,81,29,79
1,<environment.Job instance at 0x7f7e7e53ea50>,7,15,[10  2],8,80,95,72,80
1,<environment.Job instance at 0x7f7e7d6dcd70>,51,12,[2 7],52,93,105,41,93
1,<environment.Job instance at 0x7f7e7de8d8c0>,55,13,[4 6],56,95,108,39,95
1,<environment.Job instance at 0x7f7e7e557dc0>,8,13,[8 4],9,9,22,0,9
1,<environment.Job instance at 0x7f7e7e5573c0>,7,3,[10  4],8,22,25,14,9
1,<environment.Job instance at 0x7f7e7e5579b0>,12,13,[ 3 12],13,25,38,12,13
1,<environment.Job instance at 0x7f7e7e557b40>,13,3,[4 9],14,14,17,0,14
1,<environment.Job instance at 0x7f7e7e557820>,11,22,[ 5 10],12,38,60,26,36
1,<environment.Job instance at 0x7f7e7d55ad70>,1,15,[9 2],2,2,17,0,2
1,<environment.Job instance at 0x7f7e7e065f00>,11,22,[ 5 10],12,12,34,0,12
1,<environment.Job instance at 0x7f7e7e9d5190>,7,3,[10  4],8,17,20,9,17
1,<environment.Job instance at 0x7f7e7d9f7730>,8,13,[8 4],9,20,33,11,20
1,<environment.Job instance at 0x7f7e7df83280>,14,13,[8 2],15,33,46,18,33
1,<environment.Job instance at 0x7f7e7e3bf550>,22,2,[1 9],23,34,36,11,34
1,<environment.Job instance at 0x7f7e7d7248c0>,23,14,[5 1],24,34,48,10,34
1,<environment.Job instance at 0x7f7e7d733910>,27,1,[ 2 10],28,36,37,8,36
1,<environment.Job instance at 0x7f7e7e9d5870>,13,3,[4 9],14,46,49,32,46
1,<environment.Job instance at 0x7f7e7d0e0870>,31,15,[6 1],32,46,61,14,46
1,<environment.Job instance at 0x7f7e7d4520a0>,37,14,[ 4 10],38,49,63,11,49
1,<environment.Job instance at 0x7f7e7e5c97d0>,38,1,[5 5],39,61,62,22,61
1,<environment.Job instance at 0x7f7e87592550>,40,16,[9 2],41,62,78,21,62
1,<environment.Job instance at 0x7f7e7e92c730>,36,18,[3 5],37,63,81,26,63
1,<environment.Job instance at 0x7f7e7df70c30>,43,2,[8 2],44,78,80,34,78
1,<environment.Job instance at 0x7f7e7d9f31e0>,46,12,[1 9],47,80,92,33,80
1,<environment.Job instance at 0x7f7e7d0e0320>,30,18,[8 1],31,80,98,49,80
1,<environment.Job instance at 0x7f7e7d47ea50>,52,16,[6 5],53,81,97,28,81
1,<environment.Job instance at 0x7f7e7d47e050>,53,1,[10  5],54,98,99,44,98
1,<environment.Job instance at 0x7f7e7d71fd20>,49,16,[9 4],50,99,115,49,99
1,<environment.Job instance at 0x7f7e7d47e370>,55,21,[ 1 10],56,99,120,43,99
1,<environment.Job instance at 0x7f7e7e7f49b0>,3,3,[13  4],4,4,7,0,4
1,<environment.Job instance at 0x7f7e7d5c2af0>,9,2,[ 1 10],10,11,13,1,11
1,<environment.Job instance at 0x7f7e7d401960>,11,17,[6 2],12,14,31,2,14
1,<environment.Job instance at 0x7f7e7d401a00>,14,15,[8 2],15,15,30,0,15
1,<environment.Job instance at 0x7f7e7d914370>,4,18,[3 9],5,46,64,41,46
1,<environment.Job instance at 0x7f7e7e4ed0a0>,2,22,[ 2 10],3,3,25,0,3
1,<environment.Job instance at 0x7f7e7e5b4af0>,11,17,[6 2],12,12,29,0,12
1,<environment.Job instance at 0x7f7e7e5b4d20>,9,2,[ 1 10],10,25,27,15,25
1,<environment.Job instance at 0x7f7e7e5b40a0>,14,15,[8 2],15,25,40,10,25
1,<environment.Job instance at 0x7f7e7e5b40f0>,6,16,[1 7],7,27,43,20,27
1,<environment.Job instance at 0x7f7e7e92c730>,20,2,[10  2],21,40,42,19,40
1,<environment.Job instance at 0x7f7e7d3883c0>,18,16,[10  3],19,42,58,23,42
1,<environment.Job instance at 0x7f7e7d4bacd0>,25,2,[5 3],26,43,45,17,43
1,<environment.Job instance at 0x7f7e7e5b4370>,10,17,[5 7],11,45,62,34,45
1,<environment.Job instance at 0x7f7e7d54de60>,27,1,[6 1],28,58,59,30,58
1,<environment.Job instance at 0x7f7e7d556dc0>,28,15,[1 5],29,58,73,29,58
1,<environment.Job instance at 0x7f7e7e065f00>,30,3,[9 4],31,62,65,31,62
1,<environment.Job instance at 0x7f7e7d556e10>,29,16,[5 6],30,62,78,32,62
1,<environment.Job instance at 0x7f7e7e9d5f50>,33,2,[8 2],34,65,67,31,65
1,<environment.Job instance at 0x7f7e7e9d56e0>,31,13,[8 2],32,67,80,35,67
1,<environment.Job instance at 0x7f7e7d559f50>,35,15,[5 1],36,78,93,42,78
1,<environment.Job instance at 0x7f7e7d9e9dc0>,36,3,[2 7],37,78,81,41,78
1,<environment.Job instance at 0x7f7e7d559730>,34,16,[4 6],35,80,96,45,80
1,<environment.Job instance at 0x7f7e7e9edd70>,26,18,[4 5],27,81,99,54,81
1,<environment.Job instance at 0x7f7e7d55ad70>,38,3,[10  5],39,96,99,57,96
1,<environment.Job instance at 0x7f7e7e2759b0>,48,13,[5 4],49,99,112,50,99
1,<environment.Job instance at 0x7f7e7e9135f0>,40,15,[10  4],41,99,114,58,99
1,<environment.Job instance at 0x7f7e7dcd9a50>,0,2,[3 7],1,1,3,0,1
1,<environment.Job instance at 0x7f7e7dcd9b90>,1,15,[3 8],2,2,17,0,2
1,<environment.Job instance at 0x7f7e7dcd91e0>,3,13,[5 8],4,17,30,13,4
1,<environment.Job instance at 0x7f7e7dcfb230>,6,1,[9 1],7,7,8,0,7
1,<environment.Job instance at 0x7f7e7dcfb410>,8,3,[ 4 10],9,30,33,21,9
1,<environment.Job instance at 0x7f7e7dcfb640>,9,2,[12  3],10,10,12,0,10
1,<environment.Job instance at 0x7f7e7dcfbd70>,12,19,[2 5],13,13,32,0,13
1,<environment.Job instance at 0x7f7e7e7fd960>,19,15,[ 3 10],20,33,48,13,20
1,<environment.Job instance at 0x7f7e7dcf5140>,23,17,[5 4],24,32,49,8,24
1,<environment.Job instance at 0x7f7e7dcfb050>,10,3,[14  2],11,49,52,38,28
1,<environment.Job instance at 0x7f7e7dcfbbe0>,11,13,[12  4],12,52,65,40,50
1,<environment.Job instance at 0x7f7e7d532a50>,0,2,[3 7],1,1,3,0,1
1,<environment.Job instance at 0x7f7e7d532f50>,1,15,[3 8],2,2,17,0,2
1,<environment.Job instance at 0x7f7e7d2936e0>,5,22,[8 3],6,6,28,0,6
1,<environment.Job instance at 0x7f7e7d2935f0>,8,3,[ 4 10],9,17,20,8,17
1,<environment.Job instance at 0x7f7e7d28fdc0>,14,12,[7 2],15,20,32,5,20
1,<environment.Job instance at 0x7f7e7d293dc0>,3,13,[5 8],4,28,41,24,28
1,<environment.Job instance at 0x7f7e7d28f370>,12,19,[2 5],13,28,47,15,28
1,<environment.Job instance at 0x7f7e7d2b27d0>,21,13,[6 2],22,32,45,10,32
1,<environment.Job instance at 0x7f7e7d2ab500>,28,13,[6 5],29,41,54,12,41
1,<environment.Job instance at 0x7f7e7d28bb40>,23,17,[5 4],24,45,62,21,45
1,<environment.Job instance at 0x7f7e7d293fa0>,6,1,[9 1],7,54,55,47,54
1,<environment.Job instance at 0x7f7e7d286e10>,31,2,[1 7],32,54,56,22,54
1,<environment.Job instance at 0x7f7e7e5cdc30>,36,16,[8 2],37,55,71,18,55
1,<environment.Job instance at 0x7f7e7e5cd780>,38,14,[4 7],39,62,76,23,62
1,<environment.Job instance at 0x7f7e7e5e40a0>,40,12,[10  3],41,71,83,30,71
1,<environment.Job instance at 0x7f7e7e5e4b90>,43,1,[ 3 10],44,76,77,32,76
1,<environment.Job instance at 0x7f7e7e5d37d0>,45,14,[ 4 10],46,77,91,31,77
1,<environment.Job instance at 0x7f7e7e5e4410>,41,13,[10  4],42,83,96,41,83
1,<environment.Job instance at 0x7f7e7e5bf1e0>,52,2,[3 5],53,91,93,38,91
1,<environment.Job instance at 0x7f7e7d50b780>,53,12,[3 5],54,93,105,39,93
1,<environment.Job instance at 0x7f7e7d50bf50>,54,2,[1 9],55,97,99,42,97
1,<environment.Job instance at 0x7f7e7e5e48c0>,44,16,[6 1],45,97,113,52,97
1,<environment.Job instance at 0x7f7e7d50bdc0>,55,1,[3 7],56,99,100,43,99
1,<environment.Job instance at 0x7f7e7d1e2500>,0,2,[7 2],1,1,3,0,1
1,<environment.Job instance at 0x7f7e7d1e2e60>,1,13,[5 6],2,2,15,0,2
1,<environment.Job instance at 0x7f7e7d1e25f0>,3,13,[9 3],4,4,17,0,4
1,<environment.Job instance at 0x7f7e7d1e2230>,5,15,[7 3],6,17,32,11,6
1,<environment.Job instance at 0x7f7e7d1e22d0>,8,3,[5 7],9,15,18,6,9
1,<environment.Job instance at 0x7f7e7d1e2320>,11,3,[ 1 11],12,18,21,6,12
1,<environment.Job instance at 0x7f7e7d1e20f0>,15,20,[5 1],16,18,38,2,16
1,<environment.Job instance at 0x7f7e7d1e2640>,17,13,[4 8],18,32,45,14,18
1,<environment.Job instance at 0x7f7e7d1e2550>,18,12,[2 5],19,21,33,2,19
1,<environment.Job instance at 0x7f7e7d1e2780>,14,1,[1 7],15,38,39,23,22
1,<environment.Job instance at 0x7f7e7e0fdb40>,22,2,[10  4],23,39,41,16,23
1,<environment.Job instance at 0x7f7e7d1e2f50>,20,23,[4 5],21,51,74,30,51
1,<environment.Job instance at 0x7f7e7d1e26e0>,0,2,[7 2],1,1,3,0,1
1,<environment.Job instance at 0x7f7e7d1e2eb0>,1,13,[5 6],2,2,15,0,2
1,<environment.Job instance at 0x7f7e7db50320>,2,22,[3 6],3,3,25,0,3
1,<environment.Job instance at 0x7f7e7e0fb1e0>,5,15,[7 3],6,6,21,0,6
1,<environment.Job instance at 0x7f7e7e0fbb40>,14,1,[1 7],15,21,22,6,21
1,<environment.Job instance at 0x7f7e7e0fb7d0>,8,3,[5 7],9,22,25,13,22
1,<environment.Job instance at 0x7f7e7e0fb370>,18,12,[2 5],19,25,37,6,25
1,<environment.Job instance at 0x7f7e7e0fba50>,22,2,[10  4],23,25,27,2,25
1,<environment.Job instance at 0x7f7e7d8a5280>,26,1,[4 9],27,27,28,0,27
1,<environment.Job instance at 0x7f7e7db50eb0>,3,13,[9 3],4,28,41,24,28
1,<environment.Job instance at 0x7f7e7e0fb230>,17,13,[4 8],18,37,50,19,37
1,<environment.Job instance at 0x7f7e7d8a5910>,29,13,[9 5],30,41,54,11,41
1,<environment.Job instance at 0x7f7e7d8a55a0>,31,2,[4 9],32,50,52,18,50
1,<environment.Job instance at 0x7f7e7d8a55f0>,35,3,[6 5],36,52,55,16,52
1,<environment.Job instance at 0x7f7e7d8a5780>,37,3,[9 1],38,54,57,16,54
1,<environment.Job instance at 0x7f7e7d8a5550>,30,15,[ 4 10],31,55,70,24,55
1,<environment.Job instance at 0x7f7e7db47c80>,40,12,[5 4],41,57,69,16,57
1,<environment.Job instance at 0x7f7e7db47d70>,42,13,[8 3],43,69,82,26,69
1,<environment.Job instance at 0x7f7e7db47b90>,44,1,[1 8],45,70,71,25,70
1,<environment.Job instance at 0x7f7e7d1f1370>,49,12,[6 5],50,71,83,21,71
1,<environment.Job instance at 0x7f7e7d1f1780>,51,3,[7 3],52,82,85,30,82
1,<environment.Job instance at 0x7f7e7d8a59b0>,38,15,[3 9],39,84,99,45,84
1,<environment.Job instance at 0x7f7e7d1f17d0>,53,12,[5 3],54,84,96,30,84
1,<environment.Job instance at 0x7f7e7d1f1460>,57,3,[4 5],58,96,99,38,96
1,<environment.Job instance at 0x7f7e7d3a6be0>,0,3,[6 5],1,1,4,0,1
1,<environment.Job instance at 0x7f7e7e11b320>,1,1,[ 2 13],2,4,5,2,2
1,<environment.Job instance at 0x7f7e7e11b4b0>,2,14,[3 7],3,5,19,2,3
1,<environment.Job instance at 0x7f7e7e11b550>,4,3,[5 2],5,5,8,0,5
1,<environment.Job instance at 0x7f7e7e11ba50>,9,12,[4 5],10,10,22,0,10
1,<environment.Job instance at 0x7f7e7e11bfa0>,10,12,[7 3],11,11,23,0,11
1,<environment.Job instance at 0x7f7e7e11bf50>,12,3,[9 5],13,23,26,10,13
1,<environment.Job instance at 0x7f7e7e06fa00>,13,13,[3 9],14,22,35,8,14
1,<environment.Job instance at 0x7f7e7e06f500>,16,2,[8 5],17,26,28,9,17
1,<environment.Job instance at 0x7f7e7e06f730>,19,3,[14  5],20,35,38,15,20
1,<environment.Job instance at 0x7f7e7e06f2d0>,21,14,[5 6],22,38,52,16,26
1,<environment.Job instance at 0x7f7e7e06f9b0>,26,2,[2 9],27,38,40,11,27
1,<environment.Job instance at 0x7f7e7e06fdc0>,29,3,[8 5],30,30,33,0,30
1,<environment.Job instance at 0x7f7e7e06faa0>,28,13,[10  1],29,40,53,11,30
1,<environment.Job instance at 0x7f7e86f7fbe0>,33,3,[4 8],34,52,55,18,34
1,<environment.Job instance at 0x7f7e86f7f6e0>,34,12,[3 8],35,55,67,20,38
1,<environment.Job instance at 0x7f7e86f7f910>,38,2,[10  2],39,53,55,14,41
1,<environment.Job instance at 0x7f7e7e3b2d70>,42,2,[6 5],43,55,57,12,43
1,<environment.Job instance at 0x7f7e87465140>,48,18,[6 3],49,57,75,8,50
1,<environment.Job instance at 0x7f7e87465910>,51,12,[7 2],52,67,79,15,53
1,<environment.Job instance at 0x7f7e7e3b2e10>,49,17,[8 3],50,75,92,25,69
1,<environment.Job instance at 0x7f7e86fa9280>,52,3,[1 7],53,69,72,16,69
1,<environment.Job instance at 0x7f7e86fa9320>,53,16,[3 5],54,79,95,25,69
1,<environment.Job instance at 0x7f7e86fa98c0>,54,3,[ 2 11],55,95,98,40,69
1,<environment.Job instance at 0x7f7e7e3b2e60>,44,21,[5 3],45,92,113,47,85
1,<environment.Job instance at 0x7f7e7db5a320>,0,3,[6 5],1,1,4,0,1
1,<environment.Job instance at 0x7f7e7db5a0a0>,2,14,[3 7],3,3,17,0,3
1,<environment.Job instance at 0x7f7e7db5a4b0>,4,3,[5 2],5,5,8,0,5
1,<environment.Job instance at 0x7f7e7db5a230>,6,14,[10  3],7,8,22,1,8
1,<environment.Job instance at 0x7f7e7db5a140>,9,12,[4 5],10,17,29,7,17
1,<environment.Job instance at 0x7f7e7d1f1820>,12,3,[9 5],13,22,25,9,22
1,<environment.Job instance at 0x7f7e7d1f1cd0>,10,12,[7 3],11,25,37,14,25
1,<environment.Job instance at 0x7f7e7db5a820>,7,19,[3 5],8,25,44,17,25
1,<environment.Job instance at 0x7f7e7d1f1500>,16,2,[8 5],17,37,39,20,37
1,<environment.Job instance at 0x7f7e7d1f1a00>,13,13,[3 9],14,39,52,25,39
1,<environment.Job instance at 0x7f7e7d1f17d0>,21,14,[5 6],22,44,58,22,44
1,<environment.Job instance at 0x7f7e7d1f10a0>,26,2,[2 9],27,52,54,25,52
1,<environment.Job instance at 0x7f7e7d1f1780>,22,16,[8 4],23,54,70,31,54
1,<environment.Job instance at 0x7f7e7d1f14b0>,20,17,[4 8],21,58,75,37,58
1,<environment.Job instance at 0x7f7e7e06f230>,29,3,[8 5],30,70,73,40,70
1,<environment.Job instance at 0x7f7e7e06fc80>,28,13,[10  1],29,73,86,44,73
1,<environment.Job instance at 0x7f7e7e06f140>,30,15,[4 6],31,75,90,44,75
1,<environment.Job instance at 0x7f7e86fa97d0>,33,3,[4 8],34,86,89,52,86
1,<environment.Job instance at 0x7f7e86f7f960>,31,13,[7 1],32,86,99,54,86
1,<environment.Job instance at 0x7f7e86fa96e0>,34,12,[3 8],35,89,101,54,89
1,<environment.Job instance at 0x7f7e7dbbf320>,36,15,[6 2],37,99,114,62,99
1,<environment.Job instance at 0x7f7e7e6cd3c0>,0,14,[5 3],1,1,15,0,1
1,<environment.Job instance at 0x7f7e7d8fe140>,12,2,[14  2],13,15,17,2,13
1,<environment.Job instance at 0x7f7e7d8fe0f0>,11,13,[5 4],12,17,30,5,14
1,<environment.Job instance at 0x7f7e7d8c8e60>,13,16,[9 4],14,19,35,5,19
1,<environment.Job instance at 0x7f7e7d8ee870>,19,14,[6 2],20,30,44,10,20
1,<environment.Job instance at 0x7f7e7d8ee7d0>,20,13,[6 5],21,35,48,14,21
1,<environment.Job instance at 0x7f7e7d8eed70>,22,3,[9 4],23,44,47,21,23
1,<environment.Job instance at 0x7f7e7d8c81e0>,17,13,[ 2 10],18,47,60,29,31
1,<environment.Job instance at 0x7f7e7d8f25a0>,33,14,[12  3],34,48,62,14,38
1,<environment.Job instance at 0x7f7e7dcac6e0>,36,18,[13  4],37,62,80,25,54
1,<environment.Job instance at 0x7f7e7d089a00>,35,13,[9 3],36,80,93,44,66
1,<environment.Job instance at 0x7f7e7dcb9cd0>,37,20,[7 3],38,93,113,55,84
1,<environment.Job instance at 0x7f7e7e1ef640>,39,16,[ 2 11],40,86,102,46,86
1,<environment.Job instance at 0x7f7e7e7fd500>,0,14,[5 3],1,1,15,0,1
1,<environment.Job instance at 0x7f7e7e7fd8c0>,1,20,[8 1],2,2,22,0,2
1,<environment.Job instance at 0x7f7e7de68460>,11,13,[5 4],12,15,28,3,15
1,<environment.Job instance at 0x7f7e7e7fdaf0>,8,15,[5 7],9,22,37,13,22
1,<environment.Job instance at 0x7f7e7e7fd460>,6,18,[5 3],7,22,40,15,22
1,<environment.Job instance at 0x7f7e7de68280>,15,17,[5 5],16,28,45,12,28
1,<environment.Job instance at 0x7f7e7de68dc0>,20,13,[6 5],21,40,53,19,40
1,<environment.Job instance at 0x7f7e7de68320>,22,3,[9 4],23,45,48,22,45
1,<environment.Job instance at 0x7f7e7de685f0>,17,13,[ 2 10],18,48,61,30,48
1,<environment.Job instance at 0x7f7e7de68f50>,19,14,[6 2],20,53,67,33,53
1,<environment.Job instance at 0x7f7e86ff45f0>,5,16,[ 5 10],6,61,77,55,61
1,<environment.Job instance at 0x7f7e7dbb3410>,35,13,[9 3],36,67,80,31,67
1,<environment.Job instance at 0x7f7e7dbb33c0>,38,12,[ 3 10],39,77,89,38,77
1,<environment.Job instance at 0x7f7e7d3a6500>,40,1,[8 4],41,80,81,39,80
1,<environment.Job instance at 0x7f7e7dbb3460>,43,16,[10  4],44,81,97,37,81
1,<environment.Job instance at 0x7f7e7e083b90>,44,2,[3 9],45,89,91,44,89
1,<environment.Job instance at 0x7f7e7d1e2050>,45,1,[5 5],46,91,92,45,91
1,<environment.Job instance at 0x7f7e7dbb3d70>,42,3,[4 8],43,92,95,49,92
1,<environment.Job instance at 0x7f7e7dbbf230>,47,15,[2 8],48,95,110,47,95
1,<environment.Job instance at 0x7f7e7dbb3050>,30,16,[9 5],31,97,113,66,97
1,<environment.Job instance at 0x7f7e7e1ec6e0>,1,2,[8 2],2,2,4,0,2
1,<environment.Job instance at 0x7f7e7e1ec5a0>,5,15,[7 1],6,6,21,0,6
1,<environment.Job instance at 0x7f7e7e1ecd70>,6,1,[8 1],7,7,8,0,7
1,<environment.Job instance at 0x7f7e7e1ec9b0>,7,12,[8 4],8,8,20,0,8
1,<environment.Job instance at 0x7f7e7e1ecb90>,8,2,[4 7],9,20,22,11,9
1,<environment.Job instance at 0x7f7e7e1ec140>,10,1,[9 5],11,21,22,10,11
1,<environment.Job instance at 0x7f7e7e1ec410>,3,17,[3 5],4,22,39,18,12
1,<environment.Job instance at 0x7f7e7e20e4b0>,15,1,[3 9],16,22,23,6,16
1,<environment.Job instance at 0x7f7e7e20e0f0>,18,12,[2 8],19,23,35,4,19
1,<environment.Job instance at 0x7f7e7e1ef370>,24,3,[14  3],25,39,42,14,25
1,<environment.Job instance at 0x7f7e7e20e230>,20,20,[1 7],21,35,55,14,26
1,<environment.Job instance at 0x7f7e7e1ef140>,26,14,[4 7],27,42,56,15,29
1,<environment.Job instance at 0x7f7e7e1ef780>,28,1,[3 9],29,56,57,27,29
1,<environment.Job instance at 0x7f7e7e1ef460>,30,3,[12  1],31,56,59,25,31
1,<environment.Job instance at 0x7f7e7e20e370>,23,14,[6 2],24,59,73,35,44
1,<environment.Job instance at 0x7f7e7e1efcd0>,33,1,[3 9],34,57,58,23,44
1,<environment.Job instance at 0x7f7e7e1ef0f0>,27,14,[ 1 13],28,58,72,30,44
1,<environment.Job instance at 0x7f7e7e1ef050>,35,3,[8 2],36,72,75,36,46
1,<environment.Job instance at 0x7f7e7e1efd20>,31,14,[5 6],32,73,87,41,58
1,<environment.Job instance at 0x7f7e7e1ef500>,38,13,[1 7],39,72,85,33,59
1,<environment.Job instance at 0x7f7e7e1eff00>,39,2,[14  1],40,87,89,47,60
1,<environment.Job instance at 0x7f7e7e1ef960>,41,12,[ 4 12],42,89,101,47,72
1,<environment.Job instance at 0x7f7e7e1ef5a0>,36,16,[3 6],37,101,117,64,90
1,<environment.Job instance at 0x7f7e7d5b4500>,45,3,[6 4],46,101,104,55,90
1,<environment.Job instance at 0x7f7e7db93eb0>,1,2,[8 2],2,2,4,0,2
1,<environment.Job instance at 0x7f7e7db93f00>,3,17,[3 5],4,4,21,0,4
1,<environment.Job instance at 0x7f7e7db93d20>,5,15,[7 1],6,6,21,0,6
1,<environment.Job instance at 0x7f7e7db0a8c0>,8,2,[4 7],9,9,11,0,9
1,<environment.Job instance at 0x7f7e86fa96e0>,9,22,[4 8],10,11,33,1,11
1,<environment.Job instance at 0x7f7e7db93fa0>,6,1,[8 1],7,21,22,14,21
1,<environment.Job instance at 0x7f7e7d8d45f0>,10,1,[9 5],11,22,23,11,22
1,<environment.Job instance at 0x7f7e7d8ee730>,7,12,[8 4],8,23,35,15,23
1,<environment.Job instance at 0x7f7e7e20ee60>,15,1,[3 9],16,33,34,17,33
1,<environment.Job instance at 0x7f7e7d9ad4b0>,18,12,[2 8],19,34,46,15,34
1,<environment.Job instance at 0x7f7e7d9ad410>,17,16,[1 6],18,35,51,17,35
1,<environment.Job instance at 0x7f7e7e1ef910>,22,16,[3 8],23,46,62,23,46
1,<environment.Job instance at 0x7f7e7d5b0cd0>,23,14,[6 2],24,51,65,27,51
1,<environment.Job instance at 0x7f7e7e20e9b0>,16,17,[5 4],17,51,68,34,51
1,<environment.Job instance at 0x7f7e7e1ec190>,28,1,[3 9],29,62,63,33,62
1,<environment.Job instance at 0x7f7e7d99beb0>,26,14,[4 7],27,63,77,36,63
1,<environment.Job instance at 0x7f7e7e1ec7d0>,31,14,[5 6],32,68,82,36,68
1,<environment.Job instance at 0x7f7e7e16aaf0>,33,1,[3 9],34,77,78,43,77
1,<environment.Job instance at 0x7f7e7e16a4b0>,35,3,[8 2],36,78,81,42,78
1,<environment.Job instance at 0x7f7e7e16a460>,38,13,[1 7],39,78,91,39,78
1,<environment.Job instance at 0x7f7e7e16a280>,40,18,[8 2],41,81,99,40,81
1,<environment.Job instance at 0x7f7e7e16a780>,36,16,[3 6],37,82,98,45,82
1,<environment.Job instance at 0x7f7e7d9a0f50>,45,3,[6 4],46,98,101,52,98
1,<environment.Job instance at 0x7f7e7d9a0d20>,43,13,[ 2 10],44,99,112,55,99
1,<environment.Job instance at 0x7f7e7d6b60f0>,1,22,[1 5],2,2,24,0,2
1,<environment.Job instance at 0x7f7e7ddb33c0>,2,1,[ 4 12],3,24,25,21,3
1,<environment.Job instance at 0x7f7e7ddb3fa0>,5,3,[8 4],6,6,9,0,6
1,<environment.Job instance at 0x7f7e7daa1c80>,7,3,[7 1],8,9,12,1,8
1,<environment.Job instance at 0x7f7e7dda6280>,9,23,[6 3],10,10,33,0,10
1,<environment.Job instance at 0x7f7e7dda6410>,11,1,[10  3],12,33,34,21,12
1,<environment.Job instance at 0x7f7e7dda6730>,17,14,[8 1],18,34,48,16,19
1,<environment.Job instance at 0x7f7e7dda6a00>,21,1,[7 4],22,22,23,0,22
1,<environment.Job instance at 0x7f7e7dda6aa0>,22,14,[3 7],23,25,39,2,23
1,<environment.Job instance at 0x7f7e7dda6f00>,28,1,[1 5],29,29,30,0,29
1,<environment.Job instance at 0x7f7e7dda6fa0>,29,1,[14  3],30,48,49,18,30
1,<environment.Job instance at 0x7f7e7dd9b190>,32,2,[ 2 14],33,39,41,6,33
1,<environment.Job instance at 0x7f7e7dd9b3c0>,33,12,[10  1],34,49,61,15,34
1,<environment.Job instance at 0x7f7e7dd9b870>,38,3,[ 5 13],39,41,44,2,39
1,<environment.Job instance at 0x7f7e7dd9baa0>,40,3,[5 2],41,44,47,3,41
1,<environment.Job instance at 0x7f7e7dd9bcd0>,43,13,[8 1],44,61,74,17,45
1,<environment.Job instance at 0x7f7e7dd9beb0>,47,21,[1 9],48,63,84,15,63
1,<environment.Job instance at 0x7f7e7dcffaf0>,1,22,[1 5],2,2,24,0,2
1,<environment.Job instance at 0x7f7e7dcff820>,3,21,[5 2],4,4,25,0,4
1,<environment.Job instance at 0x7f7e7dcffe10>,4,19,[3 5],5,5,24,0,5
1,<environment.Job instance at 0x7f7e7e07b0f0>,11,1,[10  3],12,24,25,12,24
1,<environment.Job instance at 0x7f7e7e07b190>,5,3,[8 4],6,25,28,19,25
1,<environment.Job instance at 0x7f7e7e07bfa0>,7,3,[7 1],8,25,28,17,25
1,<environment.Job instance at 0x7f7e7e07bf00>,21,1,[7 4],22,28,29,6,28
1,<environment.Job instance at 0x7f7e7e07bb90>,22,14,[3 7],23,28,42,5,28
1,<environment.Job instance at 0x7f7e7e07b6e0>,17,14,[8 1],18,29,43,11,29
1,<environment.Job instance at 0x7f7e7e07b4b0>,23,15,[4 7],24,29,44,5,29
1,<environment.Job instance at 0x7f7e7dcffbe0>,6,16,[1 7],7,42,58,35,42
1,<environment.Job instance at 0x7f7e7d6a7230>,28,1,[1 5],29,44,45,15,44
1,<environment.Job instance at 0x7f7e7e07baa0>,24,14,[8 2],25,44,58,19,44
1,<environment.Job instance at 0x7f7e7e07ba50>,19,16,[6 3],20,45,61,25,45
1,<environment.Job instance at 0x7f7e7d6a7cd0>,31,15,[9 5],32,58,73,26,58
1,<environment.Job instance at 0x7f7e7d6a7d70>,25,18,[4 9],26,61,79,35,61
1,<environment.Job instance at 0x7f7e7d6a78c0>,33,12,[10  1],34,73,85,39,73
1,<environment.Job instance at 0x7f7e7d9a08c0>,40,3,[5 2],41,85,88,44,85
1,<environment.Job instance at 0x7f7e7d6a7e60>,37,13,[9 3],38,85,98,47,85
1,<environment.Job instance at 0x7f7e7d9a0960>,43,13,[8 1],44,98,111,54,98
1,<environment.Job instance at 0x7f7e7d6a7460>,30,17,[7 1],31,98,115,67,98
1,<environment.Job instance at 0x7f9cdb61b6e0>,0,2,[6 2],1,1,3,0,1
1,<environment.Job instance at 0x7f9cdb61b730>,1,15,[4 5],2,2,17,0,2
1,<environment.Job instance at 0x7f9cd1fd1c80>,3,13,[3 8],4,4,17,0,4
1,<environment.Job instance at 0x7f9cdb61b8c0>,7,12,[7 2],8,10,22,2,10
1,<environment.Job instance at 0x7f9cd1fd1fa0>,9,17,[8 1],10,17,34,7,11
1,<environment.Job instance at 0x7f9cd1fd5230>,11,1,[8 4],12,34,35,22,12
1,<environment.Job instance at 0x7f9cd1fd1e60>,15,20,[3 5],16,22,42,6,18
1,<environment.Job instance at 0x7f9cd1fd50a0>,10,14,[1 6],11,22,36,11,20
1,<environment.Job instance at 0x7f9cd1fd59b0>,22,3,[4 6],23,36,39,13,23
1,<environment.Job instance at 0x7f9cd1fd5b90>,24,2,[ 3 12],25,42,44,17,25
1,<environment.Job instance at 0x7f9cd1fd5e60>,28,2,[5 8],29,39,41,10,29
1,<environment.Job instance at 0x7f9cd1fd5690>,18,18,[3 6],19,44,62,25,33
1,<environment.Job instance at 0x7f9cd1fd5b40>,25,16,[5 3],26,41,57,15,33
1,<environment.Job instance at 0x7f9cd1fd90a0>,31,13,[4 5],32,44,57,12,33
1,<environment.Job instance at 0x7f9cd1fd90f0>,32,14,[8 3],33,57,71,24,42
1,<environment.Job instance at 0x7f9cd1fd9500>,37,2,[5 1],38,62,64,24,42
1,<environment.Job instance at 0x7f9cd1fd9640>,35,3,[9 5],36,71,74,35,47
1,<environment.Job instance at 0x7f9cd1fd9410>,38,14,[5 5],39,64,78,25,49
1,<environment.Job instance at 0x7f9cd1fd9910>,41,3,[14  5],42,78,81,36,52
1,<environment.Job instance at 0x7f9cd1fd96e0>,36,16,[8 1],37,81,97,44,68
1,<environment.Job instance at 0x7f9cd1fd9f50>,47,16,[6 2],48,81,97,33,70
1,<environment.Job instance at 0x7f9cd1fdc2d0>,50,13,[12  1],51,97,110,46,82
1,<environment.Job instance at 0x7f9cd1fdc370>,51,24,[ 1 11],52,85,109,33,85
1,<environment.Job instance at 0x7f9cd1fd5370>,12,13,[ 2 12],13,109,122,96,93
1,<environment.Job instance at 0x7f9cd1fdc3c0>,54,2,[5 8],55,122,124,67,95
1,<environment.Job instance at 0x7f9cd1fdca50>,63,2,[9 2],64,110,112,46,95
1,<environment.Job instance at 0x7f9cd1fdc730>,58,2,[1 7],59,122,124,63,101
1,<environment.Job instance at 0x7f9cd1fdcc30>,66,12,[6 1],67,124,136,57,107
1,<environment.Job instance at 0x7f9cd1fdccd0>,67,13,[3 5],68,124,137,56,109
1,<environment.Job instance at 0x7f9cd1fdc140>,0,2,[6 2],1,1,3,0,1
1,<environment.Job instance at 0x7f9cd1fdcd70>,1,15,[4 5],2,2,17,0,2
1,<environment.Job instance at 0x7f9cd1fcc050>,2,18,[ 3 10],3,3,21,0,3
1,<environment.Job instance at 0x7f9cd1fe10f0>,7,12,[7 2],8,17,29,9,17
1,<environment.Job instance at 0x7f9cdb61b780>,11,1,[8 4],12,21,22,9,21
1,<environment.Job instance at 0x7f9cd2010410>,3,13,[3 8],4,22,35,18,22
1,<environment.Job instance at 0x7f9cd1fd1a50>,13,15,[4 5],14,22,37,8,22
1,<environment.Job instance at 0x7f9cd1fe1c30>,9,17,[8 1],10,29,46,19,29
1,<environment.Job instance at 0x7f9cd1fe1b40>,10,14,[1 6],11,35,49,24,35
1,<environment.Job instance at 0x7f9cd20b8960>,18,18,[3 6],19,37,55,18,37
1,<environment.Job instance at 0x7f9cd1fc9c30>,22,3,[4 6],23,49,52,26,49
1,<environment.Job instance at 0x7f9cd1fc9d70>,25,16,[5 3],26,49,65,23,49
1,<environment.Job instance at 0x7f9cd1fe1320>,5,18,[7 5],6,52,70,46,52
1,<environment.Job instance at 0x7f9cd1fc9af0>,28,2,[5 8],29,66,68,37,66
1,<environment.Job instance at 0x7f9cd2064140>,31,13,[4 5],32,68,81,36,68
1,<environment.Job instance at 0x7f9cd2065870>,32,14,[8 3],33,70,84,37,70
1,<environment.Job instance at 0x7f9cd1fc9d20>,23,18,[7 4],24,82,100,58,82
1,<environment.Job instance at 0x7f9cd2158190>,30,15,[8 2],31,84,99,53,84
1,<environment.Job instance at 0x7f9cd2057b40>,36,16,[8 1],37,99,115,62,99
1,<environment.Job instance at 0x7f9cd2095e10>,37,2,[5 1],38,100,102,62,100
1,<environment.Job instance at 0x7f9cd2095870>,38,14,[5 5],39,102,116,63,102
1,<environment.Job instance at 0x7f9cd17123c0>,0,13,[1 7],1,1,14,0,1
1,<environment.Job instance at 0x7f9cd1712a50>,2,14,[3 7],3,3,17,0,3
1,<environment.Job instance at 0x7f9cd1712b90>,3,12,[6 5],4,14,26,10,4
1,<environment.Job instance at 0x7f9cd1fd93c0>,6,3,[1 6],7,17,20,10,7
1,<environment.Job instance at 0x7f9cd171cd70>,7,12,[6 1],8,9,21,1,9
1,<environment.Job instance at 0x7f9cd171c230>,12,16,[1 8],13,20,36,7,19
1,<environment.Job instance at 0x7f9cd1848e60>,17,1,[1 9],18,36,37,18,19
1,<environment.Job instance at 0x7f9cd187d9b0>,19,3,[14  4],20,26,29,6,20
1,<environment.Job instance at 0x7f9cd187d690>,20,16,[9 4],21,29,45,8,23
1,<environment.Job instance at 0x7f9cd1947410>,23,3,[1 7],24,37,40,13,24
1,<environment.Job instance at 0x7f9cd1947320>,24,19,[9 1],25,45,64,20,35
1,<environment.Job instance at 0x7f9cd187d640>,22,23,[ 1 14],23,56,79,33,56
1,<environment.Job instance at 0x7f9cd187d5f0>,21,15,[8 1],22,64,79,42,59
1,<environment.Job instance at 0x7f9cd18afeb0>,26,16,[5 3],27,79,95,52,72
1,<environment.Job instance at 0x7f9cd189ea50>,28,2,[3 6],29,79,81,50,72
1,<environment.Job instance at 0x7f9cd189aaa0>,25,23,[7 3],26,79,102,53,75
1,<environment.Job instance at 0x7f9cd1865fa0>,29,21,[3 6],30,81,102,51,75
1,<environment.Job instance at 0x7f9cd1865550>,31,18,[10  5],32,102,120,70,91
1,<environment.Job instance at 0x7f9cd18652d0>,32,14,[5 1],33,95,109,62,91
1,<environment.Job instance at 0x7f9cd18650f0>,33,3,[1 7],34,109,112,75,92
1,<environment.Job instance at 0x7f9cd1865730>,37,2,[7 2],38,120,122,82,93
1,<environment.Job instance at 0x7f9cd1865aa0>,35,19,[1 5],36,112,131,76,102
1,<environment.Job instance at 0x7f9cd1865460>,43,3,[5 5],44,120,123,76,102
1,<environment.Job instance at 0x7f9cd18653c0>,44,13,[2 6],45,123,136,78,107
1,<environment.Job instance at 0x7f9cd17f3a00>,0,13,[1 7],1,1,14,0,1
1,<environment.Job instance at 0x7f9cd17f4910>,2,14,[3 7],3,3,17,0,3
1,<environment.Job instance at 0x7f9cd17f4320>,7,12,[6 1],8,8,20,0,8
1,<environment.Job instance at 0x7f9cd1825c80>,6,3,[1 6],7,14,17,7,14
1,<environment.Job instance at 0x7f9cd17f4280>,3,12,[6 5],4,17,29,13,17
1,<environment.Job instance at 0x7f9cd17f90a0>,12,16,[1 8],13,17,33,4,17
1,<environment.Job instance at 0x7f9cd17f9190>,8,14,[9 1],9,29,43,20,29
1,<environment.Job instance at 0x7f9cd1788190>,17,1,[1 9],18,33,34,15,33
1,<environment.Job instance at 0x7f9cd178dcd0>,23,3,[1 7],24,34,37,10,34
1,<environment.Job instance at 0x7f9cd18eceb0>,5,17,[4 8],6,37,54,31,37
1,<environment.Job instance at 0x7f9cd1790c30>,28,2,[3 6],29,43,45,14,43
1,<environment.Job instance at 0x7f9cd1788f50>,21,15,[8 1],22,43,58,21,43
1,<environment.Job instance at 0x7f9cd17980a0>,32,14,[5 1],33,54,68,21,54
1,<environment.Job instance at 0x7f9cd1798be0>,33,3,[1 7],34,54,57,20,54
1,<environment.Job instance at 0x7f9cd1798af0>,35,19,[1 5],36,55,74,19,55
1,<environment.Job instance at 0x7f9cd17d7c30>,37,2,[7 2],38,58,60,20,58
1,<environment.Job instance at 0x7f9cd17d7c80>,39,15,[6 2],40,60,75,20,60
1,<environment.Job instance at 0x7f9cd17d7aa0>,40,15,[6 2],41,68,83,27,68
1,<environment.Job instance at 0x7f9cd17e9780>,43,3,[5 5],44,75,78,31,75
1,<environment.Job instance at 0x7f9cd17e9b90>,44,13,[2 6],45,75,88,30,75
1,<environment.Job instance at 0x7f9cd1790820>,26,16,[5 3],27,78,94,51,78
1,<environment.Job instance at 0x7f9cd17e9d70>,46,16,[6 2],47,83,99,36,83
1,<environment.Job instance at 0x7f9cd17e9730>,49,14,[3 8],50,88,102,38,88
1,<environment.Job instance at 0x7f9cd17f4a00>,9,15,[9 2],10,99,114,89,99
1,<environment.Job instance at 0x7f9cd179b410>,54,14,[ 4 10],55,102,116,47,102
1,<environment.Job instance at 0x7f9cdb78b5a0>,0,16,[7 2],1,1,17,0,1
1,<environment.Job instance at 0x7f9cd15800f0>,6,1,[3 8],7,7,8,0,7
1,<environment.Job instance at 0x7f9cd1580500>,11,1,[7 2],12,15,16,3,15
1,<environment.Job instance at 0x7f9cd1580820>,15,2,[6 4],16,16,18,0,16
1,<environment.Job instance at 0x7f9cd1580f00>,19,20,[6 2],20,20,40,0,20
1,<environment.Job instance at 0x7f9cd159b140>,26,3,[3 9],27,28,31,1,28
1,<environment.Job instance at 0x7f9cd159ba00>,27,18,[ 1 13],28,31,49,3,29
1,<environment.Job instance at 0x7f9cd159be60>,25,16,[7 4],26,49,65,23,37
1,<environment.Job instance at 0x7f9cd159b410>,33,2,[ 5 11],34,49,51,15,45
1,<environment.Job instance at 0x7f9cd159b640>,34,1,[10  4],35,65,66,30,45
1,<environment.Job instance at 0x7f9cd15fe280>,36,12,[ 3 10],37,51,63,14,47
1,<environment.Job instance at 0x7f9cd15fe730>,37,3,[8 3],38,66,69,28,47
1,<environment.Job instance at 0x7f9cd15fe4b0>,40,12,[6 2],41,66,78,25,49
1,<environment.Job instance at 0x7f9cd15fe190>,41,2,[5 1],42,51,53,9,49
1,<environment.Job instance at 0x7f9cd15fee60>,45,2,[14  3],46,78,80,32,51
1,<environment.Job instance at 0x7f9cd15fee10>,47,2,[14  5],48,80,82,32,57
1,<environment.Job instance at 0x7f9cdb784f00>,54,1,[8 5],55,63,64,8,59
1,<environment.Job instance at 0x7f9cdb784af0>,60,3,[5 4],61,69,72,8,61
1,<environment.Job instance at 0x7f9cd1582190>,62,1,[ 5 14],63,82,83,19,64
1,<environment.Job instance at 0x7f9cd15828c0>,64,2,[10  1],65,82,84,17,65
1,<environment.Job instance at 0x7f9cd15825f0>,70,2,[9 1],71,84,86,13,77
1,<environment.Job instance at 0x7f9cd15824b0>,72,12,[2 7],73,83,95,10,79
1,<environment.Job instance at 0x7f9cd15821e0>,68,3,[11  1],69,86,89,17,80
1,<environment.Job instance at 0x7f9cd15eaaf0>,80,1,[11  3],81,89,90,8,81
1,<environment.Job instance at 0x7f9cd1582d70>,75,3,[5 3],76,90,93,14,82
1,<environment.Job instance at 0x7f9cd15eae10>,81,15,[4 8],82,93,108,11,82
1,<environment.Job instance at 0x7f9cd15ea2d0>,82,2,[8 1],83,90,92,7,83
1,<environment.Job instance at 0x7f9cd15ead70>,83,1,[10  2],84,95,96,11,84
1,<environment.Job instance at 0x7f9cd15ea280>,86,14,[5 3],87,96,110,9,88
1,<environment.Job instance at 0x7f9cd15fea50>,44,12,[1 8],45,108,120,63,91
1,<environment.Job instance at 0x7f9cd15ea0f0>,87,14,[8 5],88,110,124,22,96
1,<environment.Job instance at 0x7f9cd15ea6e0>,92,1,[8 5],93,124,125,31,96
1,<environment.Job instance at 0x7f9cd15ea910>,95,2,[7 1],96,108,110,12,96
1,<environment.Job instance at 0x7f9cd15fa4b0>,98,2,[4 6],99,120,122,21,99
1,<environment.Job instance at 0x7f9cd15fae60>,100,14,[7 1],101,122,136,21,107
1,<environment.Job instance at 0x7f9cd15fe2d0>,0,16,[7 2],1,1,17,0,1
1,<environment.Job instance at 0x7f9cd15fe370>,1,18,[ 1 10],2,2,20,0,2
1,<environment.Job instance at 0x7f9cd15eae60>,11,1,[7 2],12,17,18,5,17
1,<environment.Job instance at 0x7f9cd15fa780>,15,2,[6 4],16,18,20,2,18
1,<environment.Job instance at 0x7f9cd1582a50>,6,1,[3 8],7,20,21,13,20
1,<environment.Job instance at 0x7f9cd1582cd0>,7,15,[5 6],8,20,35,12,20
1,<environment.Job instance at 0x7f9cd15ea5a0>,9,17,[3 5],10,21,38,11,21
1,<environment.Job instance at 0x7f9cdb78b960>,17,20,[5 2],18,21,41,3,21
1,<environment.Job instance at 0x7f9cdb643eb0>,22,16,[7 4],23,35,51,12,35
1,<environment.Job instance at 0x7f9cd15ea780>,10,15,[ 5 10],11,41,56,30,41
1,<environment.Job instance at 0x7f9cdb643dc0>,25,16,[7 4],26,51,67,25,51
1,<environment.Job instance at 0x7f9cdb643550>,26,3,[3 9],27,56,59,29,56
1,<environment.Job instance at 0x7f9cdb78eb40>,30,17,[2 6],31,59,76,28,59
1,<environment.Job instance at 0x7f9cdb78be10>,19,20,[6 2],20,59,79,39,59
1,<environment.Job instance at 0x7f9cdb78b730>,18,20,[7 4],19,67,87,48,67
1,<environment.Job instance at 0x7f9cdb78e640>,36,12,[ 3 10],37,79,91,42,79
1,<environment.Job instance at 0x7f9cdb78e690>,34,1,[10  4],35,87,88,52,87
1,<environment.Job instance at 0x7f9cdb78e370>,37,3,[8 3],38,88,91,50,88
1,<environment.Job instance at 0x7f9cdb78e4b0>,39,15,[5 7],40,91,106,51,91
1,<environment.Job instance at 0x7f9cdb78ebe0>,40,12,[6 2],41,91,103,50,91
1,<environment.Job instance at 0x7f9cd15c84b0>,41,2,[5 1],42,103,105,61,103
1,<environment.Job instance at 0x7f9cdb78e870>,38,17,[1 7],39,103,120,64,103
1,<environment.Job instance at 0x7f9cd15c85f0>,44,12,[1 8],45,106,118,61,106
1,<environment.Job instance at 0x7f9cd2469870>,1,2,[1 7],2,2,4,0,2
1,<environment.Job instance at 0x7f9cd2469780>,2,22,[4 8],3,3,25,0,3
1,<environment.Job instance at 0x7f9cd2469e60>,6,13,[2 5],7,7,20,0,7
1,<environment.Job instance at 0x7f9cd2469320>,11,12,[4 7],12,20,32,8,12
1,<environment.Job instance at 0x7f9cd24697d0>,18,17,[6 3],19,25,42,6,19
1,<environment.Job instance at 0x7f9cd24690a0>,19,20,[6 2],20,32,52,12,23
1,<environment.Job instance at 0x7f9cd2469500>,4,16,[2 8],5,32,48,27,23
1,<environment.Job instance at 0x7f9cd2469280>,15,20,[7 3],16,42,62,26,37
1,<environment.Job instance at 0x7f9cd2469eb0>,16,27,[2 8],17,48,75,31,46
1,<environment.Job instance at 0x7f9cd1737a00>,1,2,[1 7],2,2,4,0,2
1,<environment.Job instance at 0x7f9cd1737730>,2,22,[4 8],3,3,25,0,3
1,<environment.Job instance at 0x7f9cd1737e60>,6,13,[2 5],7,7,20,0,7
1,<environment.Job instance at 0x7f9cd1737410>,11,12,[4 7],12,20,32,8,20
1,<environment.Job instance at 0x7f9cdb78ee60>,24,14,[3 6],25,25,39,0,25
1,<environment.Job instance at 0x7f9cd1737c30>,4,16,[2 8],5,32,48,27,32
1,<environment.Job instance at 0x7f9cd1582c30>,28,16,[2 6],29,39,55,10,39
1,<environment.Job instance at 0x7f9cd2469be0>,36,3,[5 9],37,48,51,11,48
1,<environment.Job instance at 0x7f9cd2450dc0>,39,3,[2 7],40,51,54,11,51
1,<environment.Job instance at 0x7f9cd2450a50>,37,15,[1 9],38,54,69,16,54
1,<environment.Job instance at 0x7f9cdb78e320>,18,17,[6 3],19,55,72,36,55
1,<environment.Job instance at 0x7f9cd24508c0>,41,3,[4 7],42,69,72,27,69
1,<environment.Job instance at 0x7f9cd1737af0>,3,13,[ 4 10],4,72,85,68,72
1,<environment.Job instance at 0x7f9cd24500f0>,43,17,[7 1],44,72,89,28,72
1,<environment.Job instance at 0x7f9cd2450aa0>,45,2,[6 3],46,85,87,39,85
1,<environment.Job instance at 0x7f9cd2450e60>,40,13,[ 1 10],41,85,98,44,85
1,<environment.Job instance at 0x7f9cd2450500>,51,14,[3 6],52,98,112,46,98
1,<environment.Job instance at 0x7f9cd2450d70>,52,3,[9 2],53,98,101,45,98
1,<environment.Job instance at 0x7f9cd2450640>,49,15,[4 9],50,101,116,51,101
1,<environment.Job instance at 0x7f9cdb790460>,0,3,[ 2 10],1,1,4,0,1
1,<environment.Job instance at 0x7f9cd19a4870>,2,3,[9 1],3,3,6,0,3
1,<environment.Job instance at 0x7f9cd19a4a50>,4,2,[3 5],5,5,7,0,5
1,<environment.Job instance at 0x7f9cd19a49b0>,5,17,[1 8],6,7,24,1,7
1,<environment.Job instance at 0x7f9cd19bd910>,8,17,[9 1],9,9,26,0,9
1,<environment.Job instance at 0x7f9cd19bd410>,9,3,[10  3],10,26,29,16,10
1,<environment.Job instance at 0x7f9cd19bdc30>,12,1,[ 2 11],13,24,25,11,13
1,<environment.Job instance at 0x7f9cd19bd5a0>,14,12,[3 5],15,25,37,10,15
1,<environment.Job instance at 0x7f9cd19b1230>,22,3,[2 8],23,29,32,6,25
1,<environment.Job instance at 0x7f9cd241f8c0>,24,1,[ 1 10],25,32,33,7,26
1,<environment.Job instance at 0x7f9cd1a53a50>,28,2,[7 2],29,29,31,0,29
1,<environment.Job instance at 0x7f9cd19bdb90>,13,27,[ 3 14],14,37,64,23,35
1,<environment.Job instance at 0x7f9cd213f1e0>,42,1,[ 4 10],43,64,65,21,52
1,<environment.Job instance at 0x7f9cd1999960>,41,12,[5 6],42,65,77,23,57
1,<environment.Job instance at 0x7f9cd214b7d0>,49,1,[1 5],50,64,65,14,59
1,<environment.Job instance at 0x7f9cd2134e10>,50,1,[1 6],51,65,66,14,59
1,<environment.Job instance at 0x7f9cd2136c80>,46,1,[8 1],47,59,60,12,59
1,<environment.Job instance at 0x7f9cd214bfa0>,48,2,[7 2],49,65,67,16,59
1,<environment.Job instance at 0x7f9cd2140dc0>,53,1,[11  1],54,60,61,6,59
1,<environment.Job instance at 0x7f9cd2145190>,56,2,[4 9],57,67,69,10,59
1,<environment.Job instance at 0x7f9cd1a93460>,0,3,[ 2 10],1,1,4,0,1
1,<environment.Job instance at 0x7f9cd19e5550>,2,3,[9 1],3,3,6,0,3
1,<environment.Job instance at 0x7f9cd19e5b40>,4,2,[3 5],5,5,7,0,5
1,<environment.Job instance at 0x7f9cd19e5e60>,5,17,[1 8],6,6,23,0,6
1,<environment.Job instance at 0x7f9cd19e5500>,8,17,[9 1],9,9,26,0,9
1,<environment.Job instance at 0x7f9cd1b320f0>,14,12,[3 5],15,15,27,0,15
1,<environment.Job instance at 0x7f9cd1b32190>,11,16,[1 8],12,23,39,11,23
1,<environment.Job instance at 0x7f9cd1b32d20>,18,3,[10  3],19,27,30,8,27
1,<environment.Job instance at 0x7f9cd245f0f0>,9,3,[10  3],10,30,33,20,30
1,<environment.Job instance at 0x7f9cd15d1cd0>,23,14,[8 1],24,33,47,9,33
1,<environment.Job instance at 0x7f9cd1b32af0>,21,14,[3 5],22,33,47,11,33
1,<environment.Job instance at 0x7f9cd15d10a0>,22,3,[2 8],23,39,42,16,39
1,<environment.Job instance at 0x7f9cd15d14b0>,24,1,[ 1 10],25,47,48,22,47
1,<environment.Job instance at 0x7f9cd15d1d70>,28,2,[7 2],29,47,49,18,47
1,<environment.Job instance at 0x7f9cd15d1050>,26,14,[ 2 10],27,48,62,21,48
1,<environment.Job instance at 0x7f9cd15d1aa0>,30,13,[6 5],31,49,62,18,49
1,<environment.Job instance at 0x7f9cd1773af0>,41,12,[5 6],42,62,74,20,62
1,<environment.Job instance at 0x7f9cd1b32fa0>,15,14,[5 8],16,62,76,46,62
1,<environment.Job instance at 0x7f9cd15d11e0>,25,17,[9 1],26,74,91,48,74
1,<environment.Job instance at 0x7f9cd1773960>,42,1,[ 4 10],43,76,77,33,76
1,<environment.Job instance at 0x7f9cd15d12d0>,29,15,[ 5 10],30,77,92,47,77
1,<environment.Job instance at 0x7f9cd2450d70>,46,1,[8 1],47,91,92,44,91
1,<environment.Job instance at 0x7f9cd2450550>,50,1,[1 6],51,92,93,41,92
1,<environment.Job instance at 0x7f9cd2450b40>,49,1,[1 5],50,93,94,43,93
1,<environment.Job instance at 0x7f9cd2450cd0>,48,2,[7 2],49,93,95,44,93
1,<environment.Job instance at 0x7f9cd2450230>,47,16,[4 5],48,93,109,45,93
1,<environment.Job instance at 0x7f9cd2450320>,54,17,[2 5],55,94,111,39,94
1,<environment.Job instance at 0x7f9cd24502d0>,55,14,[8 2],56,95,109,39,95
1,<environment.Job instance at 0x7f9cd2450fa0>,56,2,[4 9],57,109,111,52,109
1,<environment.Job instance at 0x7f9cd1a068c0>,0,2,[5 5],1,1,3,0,1
1,<environment.Job instance at 0x7f9cd1a06f50>,2,3,[1 6],3,3,6,0,3
1,<environment.Job instance at 0x7f9cd1a06140>,4,3,[4 9],5,5,8,0,5
1,<environment.Job instance at 0x7f9cd1a06230>,5,12,[ 2 10],6,8,20,2,6
1,<environment.Job instance at 0x7f9cd1a06fa0>,6,2,[10  3],7,7,9,0,7
1,<environment.Job instance at 0x7f9cd1a065f0>,18,2,[ 3 10],19,74,76,55,74
1,<environment.Job instance at 0x7f9cd1a06af0>,17,12,[6 1],18,81,93,63,81
1,<environment.Job instance at 0x7f9cd1a23870>,20,2,[11  4],21,93,95,72,81
1,<environment.Job instance at 0x7f9cd1a23410>,22,1,[5 1],23,81,82,58,81
1,<environment.Job instance at 0x7f9cd1a06dc0>,19,3,[5 1],20,84,87,64,84
1,<environment.Job instance at 0x7f9cd1a23050>,21,14,[9 5],22,95,109,73,85
1,<environment.Job instance at 0x7f9cd19a40a0>,0,2,[5 5],1,1,3,0,1
1,<environment.Job instance at 0x7f9cd2469960>,2,3,[1 6],3,3,6,0,3
1,<environment.Job instance at 0x7f9cd23a4730>,4,3,[4 9],5,5,8,0,5
1,<environment.Job instance at 0x7f9cd1a06f00>,6,2,[10  3],7,7,9,0,7
1,<environment.Job instance at 0x7f9cd24695a0>,5,12,[ 2 10],6,8,20,2,8
1,<environment.Job instance at 0x7f9cd1a06cd0>,10,14,[6 4],11,11,25,0,11
1,<environment.Job instance at 0x7f9cd1cce3c0>,13,3,[1 6],14,20,23,6,20
1,<environment.Job instance at 0x7f9cd1cce7d0>,17,12,[6 1],18,20,32,2,20
1,<environment.Job instance at 0x7f9cd1cced70>,18,2,[ 3 10],19,23,25,4,23
1,<environment.Job instance at 0x7f9cd1cce640>,19,3,[5 1],20,25,28,5,25
1,<environment.Job instance at 0x7f9cd16e6140>,8,16,[2 6],9,25,41,16,25
1,<environment.Job instance at 0x7f9cd1cce4b0>,22,1,[5 1],23,28,29,5,28
1,<environment.Job instance at 0x7f9cd1ccecd0>,16,14,[7 5],17,29,43,12,29
1,<environment.Job instance at 0x7f9cd293fc80>,29,12,[8 2],30,41,53,11,41
1,<environment.Job instance at 0x7f9cd293f320>,36,1,[5 7],37,43,44,6,43
1,<environment.Job instance at 0x7f9cd293ff50>,37,18,[1 5],38,43,61,5,43
1,<environment.Job instance at 0x7f9cd293f6e0>,39,3,[5 3],40,44,47,4,44
1,<environment.Job instance at 0x7f9cd293f960>,42,12,[4 8],43,47,59,4,47
1,<environment.Job instance at 0x7f9cd1c1cbe0>,43,12,[8 2],44,53,65,9,53
1,<environment.Job instance at 0x7f9cd293f9b0>,33,16,[5 5],34,59,75,25,59
1,<environment.Job instance at 0x7f9cd1c1ca50>,47,1,[7 4],48,65,66,17,65
1,<environment.Job instance at 0x7f9cd16e6d20>,9,18,[3 6],10,65,83,55,65
1,<environment.Job instance at 0x7f9cd1c1c9b0>,46,3,[9 1],47,75,78,28,75
1,<environment.Job instance at 0x7f9cd1c1cb90>,44,17,[3 7],45,75,92,30,75
1,<environment.Job instance at 0x7f9cd1c1c460>,54,12,[4 8],55,83,95,28,83
1,<environment.Job instance at 0x7f9cd1c1c320>,57,1,[5 1],58,92,93,34,92
1,<environment.Job instance at 0x7f9cd1c1cb40>,48,12,[5 5],49,92,104,43,92
1,<environment.Job instance at 0x7f9cd1e95870>,65,12,[ 3 10],66,95,107,29,95
1,<environment.Job instance at 0x7f9cd1cce9b0>,21,14,[9 5],22,104,118,82,104
1,<environment.Job instance at 0x7f9cd1c1cd70>,51,14,[4 9],52,107,121,55,107
1,<environment.Job instance at 0x7f9cd1896d70>,8,2,[ 2 10],9,9,11,0,9
1,<environment.Job instance at 0x7f9cd1885190>,12,2,[2 6],13,13,15,0,13
1,<environment.Job instance at 0x7f9cd18855f0>,16,3,[1 9],17,17,20,0,17
1,<environment.Job instance at 0x7f9cd1885be0>,18,13,[ 4 10],19,20,33,1,19
1,<environment.Job instance at 0x7f9cd18bd7d0>,20,2,[9 1],21,21,23,0,21
1,<environment.Job instance at 0x7f9cd18bdc30>,21,14,[1 8],22,33,47,11,22
1,<environment.Job instance at 0x7f9cd18bdf50>,22,12,[5 6],23,33,45,10,23
1,<environment.Job instance at 0x7f9cd1f8a8c0>,23,3,[ 1 14],24,47,50,23,24
1,<environment.Job instance at 0x7f9cd1a028c0>,30,3,[1 9],31,50,53,19,32
1,<environment.Job instance at 0x7f9cd25dd0a0>,35,2,[12  3],36,45,47,9,36
1,<environment.Job instance at 0x7f9cd1a029b0>,29,17,[4 5],30,50,67,20,38
1,<environment.Job instance at 0x7f9cd1d802d0>,37,1,[8 4],38,53,54,15,38
1,<environment.Job instance at 0x7f9cd2aec550>,34,20,[ 2 10],35,54,74,19,45
1,<environment.Job instance at 0x7f9cd2284870>,42,2,[ 2 13],43,74,76,31,49
1,<environment.Job instance at 0x7f9cd226f190>,39,27,[9 3],40,76,103,36,74
1,<environment.Job instance at 0x7f9cd16d73c0>,0,22,[9 1],1,1,23,0,1
1,<environment.Job instance at 0x7f9cd16d75a0>,5,13,[1 8],6,6,19,0,6
1,<environment.Job instance at 0x7f9cd16d7f00>,7,14,[1 7],8,19,33,11,19
1,<environment.Job instance at 0x7f9cd16d79b0>,4,13,[7 5],5,23,36,18,23
1,<environment.Job instance at 0x7f9cd1f676e0>,12,2,[2 6],13,33,35,20,33
1,<environment.Job instance at 0x7f9cd1f674b0>,8,2,[ 2 10],9,35,37,26,35
1,<environment.Job instance at 0x7f9cd16d7fa0>,3,15,[10  1],4,36,51,32,36
1,<environment.Job instance at 0x7f9cd1f672d0>,16,3,[1 9],17,37,40,20,37
1,<environment.Job instance at 0x7f9cd1f67820>,18,13,[ 4 10],19,40,53,21,40
1,<environment.Job instance at 0x7f9cd1f67730>,17,15,[10  4],18,51,66,33,51
1,<environment.Job instance at 0x7f9cd1e95050>,19,17,[3 9],20,53,70,33,53
1,<environment.Job instance at 0x7f9cd1e95d20>,20,2,[9 1],21,66,68,45,66
1,<environment.Job instance at 0x7f9cd1e95730>,22,12,[5 6],23,68,80,45,68
1,<environment.Job instance at 0x7f9cd1e95370>,24,12,[5 1],25,70,82,45,70
1,<environment.Job instance at 0x7f9cd1e95aa0>,21,14,[1 8],22,70,84,48,70
1,<environment.Job instance at 0x7f9cd1e95f50>,28,14,[6 3],29,80,94,51,80
1,<environment.Job instance at 0x7f9cd1e95cd0>,30,3,[1 9],31,84,87,53,84
1,<environment.Job instance at 0x7f9cd16ed0f0>,37,1,[8 4],38,87,88,49,87
1,<environment.Job instance at 0x7f9cd1f67320>,15,16,[9 4],16,88,104,72,88
1,<environment.Job instance at 0x7f9cd1cce640>,45,12,[1 7],46,94,106,48,94
1,<environment.Job instance at 0x7f9cd1cced70>,46,15,[3 7],47,104,119,57,104
1,<environment.Job instance at 0x7f9cd1ccecd0>,48,12,[1 8],49,106,118,57,106
1,<environment.Job instance at 0x7f9cd27a9e60>,0,16,[7 2],1,1,17,0,1
1,<environment.Job instance at 0x7f9cd27a9fa0>,9,3,[2 6],10,12,15,2,12
1,<environment.Job instance at 0x7f9cd23df280>,16,14,[5 1],17,17,31,0,17
1,<environment.Job instance at 0x7f9cd23dfaa0>,17,15,[7 3],18,18,33,0,18
1,<environment.Job instance at 0x7f9cd23df190>,21,25,[1 6],22,22,47,0,22
1,<environment.Job instance at 0x7f9cd23df1e0>,23,24,[1 9],24,33,57,9,28
1,<environment.Job instance at 0x7f9cd23dfc30>,26,3,[ 3 10],27,57,60,30,32
1,<environment.Job instance at 0x7f9cd23dfb90>,27,1,[7 3],28,32,33,4,32
1,<environment.Job instance at 0x7f9cd23dfe60>,24,12,[6 4],25,47,59,22,32
1,<environment.Job instance at 0x7f9cd1e90190>,39,2,[ 3 10],40,60,62,20,43
1,<environment.Job instance at 0x7f9cd1e902d0>,43,3,[1 9],44,62,65,18,44
1,<environment.Job instance at 0x7f9cd1e90640>,47,1,[5 8],48,65,66,17,48
1,<environment.Job instance at 0x7f9cd1e90780>,45,12,[2 6],46,62,74,16,49
1,<environment.Job instance at 0x7f9cd1e90410>,49,2,[9 3],50,59,61,9,50
1,<environment.Job instance at 0x7f9ce16badc0>,55,1,[10  1],56,66,67,10,62
1,<environment.Job instance at 0x7f9cd28cc320>,58,2,[5 9],59,67,69,8,62
1,<environment.Job instance at 0x7f9cd28cc1e0>,61,14,[5 1],62,69,83,7,62
1,<environment.Job instance at 0x7f9cd28cc690>,63,1,[13  3],64,83,84,19,64
1,<environment.Job instance at 0x7f9cd28ccfa0>,65,18,[7 1],66,84,102,18,74
1,<environment.Job instance at 0x7f9cd1e90870>,37,17,[ 3 10],38,84,101,46,77
1,<environment.Job instance at 0x7f9cd28cc8c0>,67,12,[7 1],68,101,113,33,84
1,<environment.Job instance at 0x7f9cd1b430a0>,74,12,[11  2],75,113,125,38,96
1,<environment.Job instance at 0x7f9cd1b43c80>,75,17,[3 5],76,102,119,26,96
1,<environment.Job instance at 0x7f9cd1d33730>,0,16,[7 2],1,1,17,0,1
1,<environment.Job instance at 0x7f9cd2898d20>,1,16,[ 3 10],2,2,18,0,2
1,<environment.Job instance at 0x7f9cd23e0410>,7,1,[5 1],8,8,9,0,8
1,<environment.Job instance at 0x7f9cd1a55910>,4,13,[5 5],5,17,30,12,17
1,<environment.Job instance at 0x7f9cd25bee10>,5,2,[1 6],6,18,20,12,18
1,<environment.Job instance at 0x7f9cd1cced70>,16,14,[5 1],17,18,32,1,18
1,<environment.Job instance at 0x7f9cd198d190>,3,3,[4 8],4,20,23,16,20
1,<environment.Job instance at 0x7f9cd16194b0>,9,3,[2 6],10,23,26,13,23
1,<environment.Job instance at 0x7f9cd25be3c0>,2,16,[5 7],3,26,42,23,26
1,<environment.Job instance at 0x7f9cd1cce410>,20,14,[7 5],21,32,46,11,32
1,<environment.Job instance at 0x7f9cd1cce5f0>,14,12,[ 5 10],15,42,54,27,42
1,<environment.Job instance at 0x7f9cd1e95a50>,25,12,[7 4],26,46,58,20,46
1,<environment.Job instance at 0x7f9cd1e95f50>,26,3,[ 3 10],27,54,57,27,54
1,<environment.Job instance at 0x7f9cd1e95640>,27,1,[7 3],28,57,58,29,57
1,<environment.Job instance at 0x7f9cd1e95690>,24,12,[6 4],25,58,70,33,58
1,<environment.Job instance at 0x7f9cd1e95230>,29,14,[4 7],30,58,72,28,58
1,<environment.Job instance at 0x7f9cd1cce280>,18,15,[10  3],19,70,85,51,70
1,<environment.Job instance at 0x7f9cd1e95910>,32,14,[ 2 10],33,72,86,39,72
1,<environment.Job instance at 0x7f9cd1cce230>,17,15,[7 3],18,85,100,67,85
1,<environment.Job instance at 0x7f9cd1e95c30>,34,16,[ 3 10],35,86,102,51,86
1,<environment.Job instance at 0x7f9cd1e954b0>,36,16,[5 5],37,100,116,63,100
1,<environment.Job instance at 0x7f9cd23df0f0>,38,13,[3 9],39,102,115,63,102
1,<environment.Job instance at 0x7f9cd146ef50>,0,13,[4 5],1,1,14,0,1
1,<environment.Job instance at 0x7f9cd146e370>,1,12,[ 4 10],2,2,14,0,2
1,<environment.Job instance at 0x7f9cd138a500>,10,23,[7 4],11,14,37,3,11
1,<environment.Job instance at 0x7f9cd138afa0>,11,13,[8 2],12,14,27,2,12
1,<environment.Job instance at 0x7f9cd138a730>,14,2,[3 8],15,27,29,12,15
1,<environment.Job instance at 0x7f9cd138a910>,16,2,[14  3],17,37,39,20,17
1,<environment.Job instance at 0x7f9cd138a320>,18,2,[ 2 12],19,39,41,20,19
1,<environment.Job instance at 0x7f9cd138a0a0>,21,16,[7 2],22,41,57,19,41
1,<environment.Job instance at 0x7f9cd22f2d70>,0,13,[4 5],1,1,14,0,1
1,<environment.Job instance at 0x7f9cd22f28c0>,1,12,[ 4 10],2,2,14,0,2
1,<environment.Job instance at 0x7f9cd22f2640>,11,13,[8 2],12,14,27,2,14
1,<environment.Job instance at 0x7f9cd22f2370>,5,14,[5 9],6,14,28,8,14
1,<environment.Job instance at 0x7f9cd2181e10>,21,16,[7 2],22,27,43,5,27
1,<environment.Job instance at 0x7f9cd2bf2e60>,14,2,[3 8],15,28,30,13,28
1,<environment.Job instance at 0x7f9cd21810f0>,25,2,[3 6],26,30,32,4,30
1,<environment.Job instance at 0x7f9cd22f29b0>,3,16,[ 2 10],4,32,48,28,32
1,<environment.Job instance at 0x7f9cd1ee0190>,28,14,[10  2],29,43,57,14,43
1,<environment.Job instance at 0x7f9cd22f2c80>,8,18,[ 5 10],9,48,66,39,48
1,<environment.Job instance at 0x7f9cd14d6960>,32,13,[7 4],33,57,70,24,57
1,<environment.Job instance at 0x7f9cd1ec0410>,37,3,[2 7],38,66,69,28,66
1,<environment.Job instance at 0x7f9cd1ef3fa0>,42,18,[6 1],43,66,84,23,66
1,<environment.Job instance at 0x7f9cd1ef34b0>,43,15,[2 8],44,69,84,25,69
1,<environment.Job instance at 0x7f9cd24af190>,45,12,[6 1],46,70,82,24,70
1,<environment.Job instance at 0x7f9cd1ec05a0>,39,12,[3 9],40,84,96,44,84
1,<environment.Job instance at 0x7f9cd1edc780>,49,1,[7 4],50,84,85,34,84
1,<environment.Job instance at 0x7f9cd14d6820>,33,14,[10  2],34,85,99,51,85
1,<environment.Job instance at 0x7f9cd1edc910>,51,3,[2 7],52,96,99,44,96
1,<environment.Job instance at 0x7f9cd2bb9f50>,50,16,[1 7],51,99,115,48,99
1,<environment.Job instance at 0x7f9cd1edc8c0>,53,15,[4 7],54,99,114,45,99
1,<environment.Job instance at 0x7f9cd1ef6320>,55,1,[5 1],56,99,100,43,99
1,<environment.Job instance at 0x7f9cd2742050>,0,1,[ 1 11],1,1,2,0,1
1,<environment.Job instance at 0x7f9cd27420a0>,4,1,[2 5],5,6,7,1,6
1,<environment.Job instance at 0x7f9cd2742690>,3,23,[8 4],4,7,30,3,7
1,<environment.Job instance at 0x7f9cd2742910>,7,3,[5 6],8,8,11,0,8
1,<environment.Job instance at 0x7f9cd1a37460>,11,17,[2 6],12,12,29,0,12
1,<environment.Job instance at 0x7f9cd1a37dc0>,13,2,[1 5],14,14,16,0,14
1,<environment.Job instance at 0x7f9cd1a37320>,14,1,[11  5],15,30,31,15,15
1,<environment.Job instance at 0x7f9cd1a37c80>,16,15,[4 5],17,17,32,0,17
1,<environment.Job instance at 0x7f9cd1a37820>,18,17,[3 5],19,31,48,12,19
1,<environment.Job instance at 0x7f9cd1a37d70>,19,2,[ 5 13],20,48,50,28,21
1,<environment.Job instance at 0x7f9cd1a37b90>,21,1,[4 5],22,31,32,9,22
1,<environment.Job instance at 0x7f9cd260b8c0>,24,15,[7 4],25,32,47,7,25
1,<environment.Job instance at 0x7f9cd260b280>,23,19,[ 3 10],24,50,69,26,40
1,<environment.Job instance at 0x7f9cd260b500>,27,15,[8 1],28,52,67,24,52
1,<environment.Job instance at 0x7f9cd1a375a0>,20,15,[5 8],21,69,84,48,62
1,<environment.Job instance at 0x7f9cd260bc30>,28,23,[1 8],29,84,107,55,79
1,<environment.Job instance at 0x7f9cd260baf0>,30,15,[5 5],31,80,95,49,80
1,<environment.Job instance at 0x7f9cd260bf50>,31,16,[ 2 10],32,107,123,75,95
1,<environment.Job instance at 0x7f9cd260b870>,25,24,[5 1],26,108,132,82,108
1,<environment.Job instance at 0x7f9cd2b48fa0>,4,1,[2 5],5,5,6,0,5
1,<environment.Job instance at 0x7f9cd1e99370>,6,18,[10  2],7,7,25,0,7
1,<environment.Job instance at 0x7f9cd1ea63c0>,7,3,[5 6],8,8,11,0,8
1,<environment.Job instance at 0x7f9cd23f64b0>,9,15,[5 8],10,11,26,1,11
1,<environment.Job instance at 0x7f9cd1b6eaa0>,13,2,[1 5],14,25,27,11,25
1,<environment.Job instance at 0x7f9cd2160690>,20,15,[5 8],21,26,41,5,26
1,<environment.Job instance at 0x7f9cd21601e0>,21,1,[4 5],22,27,28,5,27
1,<environment.Job instance at 0x7f9cd14e1be0>,16,15,[4 5],17,28,43,11,28
1,<environment.Job instance at 0x7f9cd2bc5b90>,27,15,[8 1],28,41,56,13,41
1,<environment.Job instance at 0x7f9cd23f6550>,11,17,[2 6],12,41,58,29,41
1,<environment.Job instance at 0x7f9cd2bc55a0>,30,15,[5 5],31,43,58,12,43
1,<environment.Job instance at 0x7f9cd2bc5910>,24,15,[7 4],25,56,71,31,56
1,<environment.Job instance at 0x7f9cd2bc5a00>,31,16,[ 2 10],32,58,74,26,58
1,<environment.Job instance at 0x7f9cd21600a0>,18,17,[3 5],19,71,88,52,71
1,<environment.Job instance at 0x7f9cd1ee25a0>,39,2,[7 5],40,74,76,34,74
1,<environment.Job instance at 0x7f9cd14844b0>,35,17,[2 5],36,74,91,38,74
1,<environment.Job instance at 0x7f9cd1ee2e60>,38,3,[9 4],39,76,79,37,76
1,<environment.Job instance at 0x7f9cd1ee2c30>,41,12,[10  1],42,79,91,37,79
1,<environment.Job instance at 0x7f9cd2bb9f50>,45,17,[1 9],46,88,105,42,88
1,<environment.Job instance at 0x7f9cd1efb5f0>,44,12,[10  1],45,91,103,46,91
1,<environment.Job instance at 0x7f9cd1edc7d0>,52,17,[2 5],53,91,108,38,91
1,<environment.Job instance at 0x7f9cd1edcbe0>,49,12,[ 1 10],50,105,117,55,105
1,<environment.Job instance at 0x7f9cd1ef33c0>,58,12,[6 3],59,108,120,49,108
1,<environment.Job instance at 0x7f9cdb795230>,0,3,[14  4],1,1,4,0,1
1,<environment.Job instance at 0x7f9cd1a306e0>,2,15,[3 9],3,4,19,1,3
1,<environment.Job instance at 0x7f9cd2065190>,3,15,[5 5],4,4,19,0,4
1,<environment.Job instance at 0x7f9cd2065a00>,4,3,[8 5],5,19,22,14,5
1,<environment.Job instance at 0x7f9cd2065780>,5,12,[ 1 10],6,19,31,13,6
1,<environment.Job instance at 0x7f9cd2065d70>,6,2,[13  2],7,22,24,15,7
1,<environment.Job instance at 0x7f9cd2065460>,11,3,[ 1 10],12,31,34,19,12
1,<environment.Job instance at 0x7f9cd2065320>,13,13,[5 5],14,24,37,10,14
1,<environment.Job instance at 0x7f9cd20650f0>,15,3,[4 8],16,34,37,18,16
1,<environment.Job instance at 0x7f9cd20655f0>,17,1,[2 8],18,37,38,19,18
1,<environment.Job instance at 0x7f9cd1a55550>,23,15,[5 5],24,37,52,13,24
1,<environment.Job instance at 0x7f9cd2065b90>,20,13,[4 5],21,38,51,17,26
1,<environment.Job instance at 0x7f9cd1a55c30>,28,2,[7 4],29,51,53,22,29
1,<environment.Job instance at 0x7f9cd1a55be0>,29,2,[4 6],30,52,54,22,30
1,<environment.Job instance at 0x7f9cd1a558c0>,30,2,[12  2],31,54,56,23,31
1,<environment.Job instance at 0x7f9cd1a55b40>,32,2,[1 6],33,53,55,20,33
1,<environment.Job instance at 0x7f9cd1710230>,36,3,[3 6],37,55,58,18,37
1,<environment.Job instance at 0x7f9cd17101e0>,37,3,[2 9],38,56,59,18,38
1,<environment.Job instance at 0x7f9cd1a55320>,33,16,[4 6],34,58,74,24,45
1,<environment.Job instance at 0x7f9cd1a551e0>,26,13,[11  4],27,59,72,32,46
1,<environment.Job instance at 0x7f9cd2c10320>,48,1,[6 2],49,50,51,1,50
1,<environment.Job instance at 0x7f9cd2c070a0>,41,12,[8 4],42,72,84,30,55
1,<environment.Job instance at 0x7f9cd1822320>,51,12,[2 7],52,74,86,22,57
1,<environment.Job instance at 0x7f9cd1822c80>,52,1,[ 1 13],53,86,87,33,58
1,<environment.Job instance at 0x7f9cd2c101e0>,49,2,[2 5],50,72,74,22,65
1,<environment.Job instance at 0x7f9cd2c10140>,46,15,[14  4],47,87,102,40,73
1,<environment.Job instance at 0x7f9cd18220f0>,55,13,[4 6],56,102,115,46,93
1,<environment.Job instance at 0x7f9cd1822190>,57,12,[1 7],58,97,109,39,97
1,<environment.Job instance at 0x7f9cd1a55e60>,35,19,[ 4 10],36,115,134,79,105
1,<environment.Job instance at 0x7f9cd24401e0>,1,20,[3 6],2,2,22,0,2
1,<environment.Job instance at 0x7f9cd2440a00>,2,15,[3 9],3,3,18,0,3
1,<environment.Job instance at 0x7f9cd2440be0>,4,3,[8 5],5,18,21,13,18
1,<environment.Job instance at 0x7f9cd1a37a00>,13,13,[5 5],14,21,34,7,21
1,<environment.Job instance at 0x7f9cd21815a0>,15,3,[4 8],16,22,25,6,22
1,<environment.Job instance at 0x7f9cd1c61a50>,11,3,[ 1 10],12,25,28,13,25
1,<environment.Job instance at 0x7f9cd24cb5a0>,17,1,[2 8],18,28,29,10,28
1,<environment.Job instance at 0x7f9cd2181730>,16,17,[7 1],17,28,45,11,28
1,<environment.Job instance at 0x7f9cd2181d20>,19,14,[1 7],20,29,43,9,29
1,<environment.Job instance at 0x7f9cd215e690>,20,13,[4 5],21,34,47,13,34
1,<environment.Job instance at 0x7f9cd1ebf640>,28,2,[7 4],29,45,47,16,45
1,<environment.Job instance at 0x7f9cd1ec05a0>,29,2,[4 6],30,45,47,15,45
1,<environment.Job instance at 0x7f9cd1ef3dc0>,32,2,[1 6],33,47,49,14,47
1,<environment.Job instance at 0x7f9cd2440d70>,3,15,[5 5],4,47,62,43,47
1,<environment.Job instance at 0x7f9cd1efda50>,36,3,[3 6],37,49,52,12,49
1,<environment.Job instance at 0x7f9cd24af190>,37,3,[2 9],38,52,55,14,52
1,<environment.Job instance at 0x7f9cd2440050>,5,12,[ 1 10],6,55,67,49,55
1,<environment.Job instance at 0x7f9cd215edc0>,23,15,[5 5],24,62,77,38,62
1,<environment.Job instance at 0x7f9cd1edc2d0>,41,12,[8 4],42,67,79,25,67
1,<environment.Job instance at 0x7f9cd1edc7d0>,38,16,[2 7],39,77,93,38,77
1,<environment.Job instance at 0x7f9cd1efb500>,48,1,[6 2],49,79,80,30,79
1,<environment.Job instance at 0x7f9cd1484d70>,49,2,[2 5],50,79,81,29,79
1,<environment.Job instance at 0x7f9cd1c614b0>,7,15,[10  2],8,80,95,72,80
1,<environment.Job instance at 0x7f9cd1ee2eb0>,51,12,[2 7],52,93,105,41,93
1,<environment.Job instance at 0x7f9cd1daf550>,55,13,[4 6],56,95,108,39,95
1,<environment.Job instance at 0x7f9cd2bc58c0>,57,12,[1 7],58,105,117,47,105
1,<environment.Job instance at 0x7f9cd2bc55a0>,58,15,[2 6],59,108,123,49,108
1,<environment.Job instance at 0x7f9cd2bc59b0>,59,13,[10  1],60,108,121,48,108
1,<environment.Job instance at 0x7f9cd14194b0>,3,3,[4 9],4,4,7,0,4
1,<environment.Job instance at 0x7f9cd213b6e0>,4,13,[8 2],5,5,18,0,5
1,<environment.Job instance at 0x7f9cd1419b40>,2,13,[ 3 12],3,9,22,6,9
1,<environment.Job instance at 0x7f9cd14198c0>,7,16,[11  4],8,22,38,14,10
1,<environment.Job instance at 0x7f9cd213b5a0>,6,16,[ 5 11],7,38,54,31,27
1,<environment.Job instance at 0x7f9cd213beb0>,12,2,[1 9],13,27,29,14,27
1,<environment.Job instance at 0x7f9cd18385a0>,28,1,[5 5],29,54,55,25,30
1,<environment.Job instance at 0x7f9cd213bbe0>,17,1,[ 2 10],18,30,31,12,30
1,<environment.Job instance at 0x7f9cd1838280>,33,2,[8 2],34,38,40,4,34
1,<environment.Job instance at 0x7f9cd18384b0>,36,12,[1 9],37,54,66,17,39
1,<environment.Job instance at 0x7f9cd1838eb0>,39,16,[9 4],40,55,71,15,48
1,<environment.Job instance at 0x7f9cd18f5370>,43,1,[10  5],44,71,72,27,48
1,<environment.Job instance at 0x7f9cd18f5d20>,50,2,[14  3],51,72,74,21,51
1,<environment.Job instance at 0x7f9cd18f57d0>,52,1,[5 9],53,66,67,13,53
1,<environment.Job instance at 0x7f9cd18f58c0>,53,14,[ 1 10],54,67,81,13,54
1,<environment.Job instance at 0x7f9cd1838b90>,40,20,[8 1],41,74,94,33,66
1,<environment.Job instance at 0x7f9cd14a7640>,54,16,[1 8],55,81,97,26,68
1,<environment.Job instance at 0x7f9cd18381e0>,38,23,[2 6],39,81,104,42,75
1,<environment.Job instance at 0x7f9cd14a7be0>,57,12,[14  1],58,104,116,46,87
1,<environment.Job instance at 0x7f9cd14a7460>,58,3,[9 5],59,97,100,38,91
1,<environment.Job instance at 0x7f9cd14a7870>,59,13,[11  4],60,116,129,56,101
1,<environment.Job instance at 0x7f9cd14a79b0>,60,3,[8 5],61,101,104,40,101
1,<environment.Job instance at 0x7f9cd26c00a0>,1,22,[ 5 10],2,2,24,0,2
1,<environment.Job instance at 0x7f9cd26c05f0>,4,13,[8 2],5,5,18,0,5
1,<environment.Job instance at 0x7f9cd1415410>,13,14,[5 1],14,18,32,4,18
1,<environment.Job instance at 0x7f9cd141cbe0>,17,1,[ 2 10],18,24,25,6,24
1,<environment.Job instance at 0x7f9cd14235a0>,21,15,[6 1],22,24,39,2,24
1,<environment.Job instance at 0x7f9cd1415cd0>,12,2,[1 9],13,25,27,12,25
1,<environment.Job instance at 0x7f9cd140a730>,3,3,[4 9],4,27,30,23,27
1,<environment.Job instance at 0x7f9cd15d1410>,27,14,[ 4 10],28,30,44,2,30
1,<environment.Job instance at 0x7f9cd15d14b0>,28,1,[5 5],29,39,40,10,39
1,<environment.Job instance at 0x7f9cd15d1370>,30,16,[9 2],31,40,56,9,40
1,<environment.Job instance at 0x7f9cd14135f0>,26,18,[3 5],27,44,62,17,44
1,<environment.Job instance at 0x7f9cd15fb230>,33,2,[8 2],34,56,58,22,56
1,<environment.Job instance at 0x7f9cd15d4780>,36,12,[1 9],37,58,70,21,58
1,<environment.Job instance at 0x7f9cd141c820>,20,18,[8 1],21,58,76,37,58
1,<environment.Job instance at 0x7f9cd15f8be0>,42,16,[6 5],43,62,78,19,62
1,<environment.Job instance at 0x7f9cd15f8190>,39,16,[9 4],40,76,92,36,76
1,<environment.Job instance at 0x7f9cd15ddc80>,45,21,[ 1 10],46,79,100,33,79
1,<environment.Job instance at 0x7f9cd15f8aa0>,43,1,[10  5],44,92,93,48,92
1,<environment.Job instance at 0x7f9cd14153c0>,14,17,[9 2],15,93,110,78,93
1,<environment.Job instance at 0x7f9cd15f87d0>,47,19,[3 8],48,101,120,53,101
1,<environment.Job instance at 0x7f9cd1b186e0>,0,2,[10  2],1,1,3,0,1
1,<environment.Job instance at 0x7f9cd1b18960>,7,1,[6 1],8,8,9,0,8
1,<environment.Job instance at 0x7f9cd1b18910>,8,15,[1 5],9,9,24,0,9
1,<environment.Job instance at 0x7f9cd1b18fa0>,9,16,[5 6],10,10,26,0,10
1,<environment.Job instance at 0x7f9cd1b18190>,10,3,[9 4],11,11,14,0,11
1,<environment.Job instance at 0x7f9cd1b18640>,11,13,[8 2],12,14,27,2,12
1,<environment.Job instance at 0x7f9cd1b12d20>,13,2,[8 2],14,27,29,13,14
1,<environment.Job instance at 0x7f9cd1b18f00>,5,2,[5 3],6,26,28,20,14
1,<environment.Job instance at 0x7f9cd1b12d70>,16,3,[2 7],17,24,27,7,17
1,<environment.Job instance at 0x7f9cd1b128c0>,17,1,[ 4 12],18,28,29,10,18
1,<environment.Job instance at 0x7f9cd1b129b0>,18,3,[10  5],19,29,32,10,19
1,<environment.Job instance at 0x7f9cd1b12cd0>,15,15,[5 1],16,29,44,13,21
1,<environment.Job instance at 0x7f9cd1b120a0>,22,3,[13  2],23,44,47,21,23
1,<environment.Job instance at 0x7f9cd1b21870>,0,2,[10  2],1,1,3,0,1
1,<environment.Job instance at 0x7f9cd1b0afa0>,2,17,[9 4],3,3,20,0,3
1,<environment.Job instance at 0x7f9cd1b0af00>,5,2,[5 3],6,6,8,0,6
1,<environment.Job instance at 0x7f9cd1b21a00>,7,1,[6 1],8,8,9,0,8
1,<environment.Job instance at 0x7f9cd207b230>,8,15,[1 5],9,9,24,0,9
1,<environment.Job instance at 0x7f9cd237b7d0>,6,18,[4 5],7,9,27,2,9
1,<environment.Job instance at 0x7f9cd26c00a0>,13,2,[8 2],14,20,22,6,20
1,<environment.Job instance at 0x7f9cd238a820>,10,3,[9 4],11,22,25,11,22
1,<environment.Job instance at 0x7f9cd1b12690>,16,3,[2 7],17,25,28,8,25
1,<environment.Job instance at 0x7f9cd19b9370>,11,13,[8 2],12,25,38,13,25
1,<environment.Job instance at 0x7f9cd1b12e10>,15,15,[5 1],16,27,42,11,27
1,<environment.Job instance at 0x7f9cd1b12c80>,18,3,[10  5],19,38,41,19,38
1,<environment.Job instance at 0x7f9cd1762f50>,28,13,[5 4],29,41,54,12,41
1,<environment.Job instance at 0x7f9cd19a7690>,30,15,[2 6],31,41,56,10,41
1,<environment.Job instance at 0x7f9cd1b180a0>,20,15,[10  4],21,54,69,33,54
1,<environment.Job instance at 0x7f9cd2102910>,9,16,[5 6],10,56,72,46,56
1,<environment.Job instance at 0x7f9cd26cda00>,14,16,[4 6],15,69,85,54,69
1,<environment.Job instance at 0x7f9cd19a7dc0>,42,12,[2 9],43,72,84,29,72
1,<environment.Job instance at 0x7f9cd19a7b40>,45,13,[10  3],46,84,97,38,84
1,<environment.Job instance at 0x7f9cd19a7c30>,48,14,[1 7],49,85,99,36,85
1,<environment.Job instance at 0x7f9cd2371af0>,49,3,[8 2],50,97,100,47,97
1,<environment.Job instance at 0x7f9cd1b18780>,21,16,[ 5 10],22,99,115,77,99
1,<environment.Job instance at 0x7f9cd2371dc0>,55,18,[10  5],56,100,118,44,100
1,<environment.Job instance at 0x7f9cd27e4280>,1,2,[1 7],2,2,4,0,2
1,<environment.Job instance at 0x7f9cd240c640>,8,14,[4 7],9,9,23,0,9
1,<environment.Job instance at 0x7f9cd240cfa0>,9,2,[11  4],10,10,12,0,10
1,<environment.Job instance at 0x7f9cd240c4b0>,10,12,[10  3],11,12,24,1,11
1,<environment.Job instance at 0x7f9cd240ce10>,13,1,[ 3 10],14,23,24,9,14
1,<environment.Job instance at 0x7f9cd240c190>,14,16,[6 1],15,24,40,9,15
1,<environment.Job instance at 0x7f9cd240c050>,16,2,[ 1 11],17,24,26,7,17
1,<environment.Job instance at 0x7f9cd240c500>,22,2,[3 5],23,26,28,3,23
1,<environment.Job instance at 0x7f9cd1a5c280>,24,2,[1 9],25,26,28,1,25
1,<environment.Job instance at 0x7f9cd1a5c960>,25,1,[3 7],26,28,29,2,26
1,<environment.Job instance at 0x7f9cd1a5ceb0>,23,12,[3 5],24,28,40,4,27
1,<environment.Job instance at 0x7f9cd1785b90>,5,14,[ 3 12],6,47,61,41,47
1,<environment.Job instance at 0x7f9cd1a5cc80>,30,14,[5 4],31,61,75,30,47
1,<environment.Job instance at 0x7f9cd1a5ca00>,33,2,[ 2 10],34,61,63,27,50
1,<environment.Job instance at 0x7f9cd1a5ce60>,35,1,[11  4],36,75,76,39,52
1,<environment.Job instance at 0x7f9cd1a5c910>,36,3,[ 1 12],37,76,79,39,52
1,<environment.Job instance at 0x7f9cd1a5c140>,32,2,[7 5],33,63,65,30,52
1,<environment.Job instance at 0x7f9cd2ae01e0>,43,1,[3 6],44,63,64,19,52
1,<environment.Job instance at 0x7f9cd2ae09b0>,42,2,[ 1 11],43,65,67,22,52
1,<environment.Job instance at 0x7f9cd1a5cf50>,41,3,[4 5],42,67,70,25,56
1,<environment.Job instance at 0x7f9cd1a5c230>,37,14,[12  1],38,76,90,38,64
1,<environment.Job instance at 0x7f9cdb5a5140>,62,3,[4 9],63,70,73,7,64
1,<environment.Job instance at 0x7f9cd13023c0>,64,2,[3 8],65,73,75,8,66
1,<environment.Job instance at 0x7f9cd2592280>,55,14,[ 2 11],56,79,93,23,68
1,<environment.Job instance at 0x7f9cd1302190>,71,13,[5 6],72,93,106,21,77
1,<environment.Job instance at 0x7f9cd13027d0>,78,3,[5 7],79,93,96,14,81
1,<environment.Job instance at 0x7f9cd1409050>,81,3,[ 1 11],82,106,109,24,82
1,<environment.Job instance at 0x7f9cd14096e0>,84,1,[1 7],85,96,97,11,85
1,<environment.Job instance at 0x7f9cd1409aa0>,83,13,[9 3],84,97,110,13,86
1,<environment.Job instance at 0x7f9cd1409e60>,87,13,[4 8],88,109,122,21,94
1,<environment.Job instance at 0x7f9cd1b8fb40>,96,1,[4 9],97,122,123,25,97
1,<environment.Job instance at 0x7f9cd1409a00>,92,2,[10  4],93,110,112,17,97
1,<environment.Job instance at 0x7f9cd1b8f500>,101,2,[4 9],102,123,125,21,102
1,<environment.Job instance at 0x7f9cd1b8f4b0>,105,3,[6 5],106,112,115,6,106
1,<environment.Job instance at 0x7f9cd1b8f6e0>,107,3,[9 1],108,115,118,7,108
1,<environment.Job instance at 0x7f9cd14091e0>,85,20,[5 1],86,118,138,32,109
1,<environment.Job instance at 0x7f9cd2371b40>,1,2,[1 7],2,2,4,0,2
1,<environment.Job instance at 0x7f9cd2371960>,3,17,[5 8],4,4,21,0,4
1,<environment.Job instance at 0x7f9cd2371fa0>,6,16,[8 2],7,7,23,0,7
1,<environment.Job instance at 0x7f9cd1b126e0>,13,1,[ 3 10],14,21,22,7,21
1,<environment.Job instance at 0x7f9cd23713c0>,8,14,[4 7],9,22,36,13,22
1,<environment.Job instance at 0x7f9cd1b21a00>,22,2,[3 5],23,23,25,0,23
1,<environment.Job instance at 0x7f9cd1b12a00>,14,16,[6 1],15,23,39,8,23
1,<environment.Job instance at 0x7f9cd14a4cd0>,23,12,[3 5],24,25,37,1,25
1,<environment.Job instance at 0x7f9cd2a95a00>,25,1,[3 7],26,36,37,10,36
1,<environment.Job instance at 0x7f9cd1b0a4b0>,24,2,[1 9],25,37,39,12,37
1,<environment.Job instance at 0x7f9cd240c780>,30,14,[5 4],31,37,51,6,37
1,<environment.Job instance at 0x7f9cd2371cd0>,10,12,[10  3],11,39,51,28,39
1,<environment.Job instance at 0x7f9cd2ae0190>,32,2,[7 5],33,51,53,18,51
1,<environment.Job instance at 0x7f9cd2ae06e0>,33,2,[ 2 10],34,51,53,17,51
1,<environment.Job instance at 0x7f9cd1b180a0>,11,13,[10  4],12,53,66,41,53
1,<environment.Job instance at 0x7f9cd26cd370>,15,14,[ 4 10],16,53,67,37,53
1,<environment.Job instance at 0x7f9cd1302870>,39,13,[9 4],40,66,79,26,66
1,<environment.Job instance at 0x7f9cd13a7c30>,41,3,[4 5],42,67,70,25,67
1,<environment.Job instance at 0x7f9cd14090a0>,38,17,[1 6],39,67,84,28,67
1,<environment.Job instance at 0x7f9cd13a70a0>,43,1,[3 6],44,79,80,35,79
1,<environment.Job instance at 0x7f9cd13a7af0>,47,12,[5 8],48,80,92,32,80
1,<environment.Job instance at 0x7f9cd13a7460>,50,15,[1 6],51,84,99,33,84
1,<environment.Job instance at 0x7f9cdb6c0e60>,54,13,[3 5],55,92,105,37,92
1,<environment.Job instance at 0x7f9cd1a5c190>,31,15,[6 4],32,92,107,60,92
1,<environment.Job instance at 0x7f9cd196bf50>,56,17,[1 6],57,99,116,42,99
1,<environment.Job instance at 0x7f9cd1409690>,40,13,[4 8],41,107,120,66,107
1,<environment.Job instance at 0x7f9cd13aaeb0>,0,12,[5 4],1,1,13,0,1
1,<environment.Job instance at 0x7f9cd13aafa0>,2,13,[8 3],3,3,16,0,3
1,<environment.Job instance at 0x7f9cd264d690>,3,1,[ 2 13],4,16,17,12,4
1,<environment.Job instance at 0x7f9cd13aabe0>,4,1,[1 8],5,5,6,0,5
1,<environment.Job instance at 0x7f9cd21b5a00>,9,12,[6 5],10,17,29,7,10
1,<environment.Job instance at 0x7f9cd13aa050>,11,3,[7 3],12,17,20,5,15
1,<environment.Job instance at 0x7f9cd21b5140>,13,12,[5 3],14,20,32,6,15
1,<environment.Job instance at 0x7f9cd21b5820>,10,21,[1 7],11,17,38,6,17
1,<environment.Job instance at 0x7f9cd2b29b90>,17,3,[4 5],18,29,32,11,18
1,<environment.Job instance at 0x7f9cd26b7690>,19,3,[ 2 13],20,38,41,18,20
1,<environment.Job instance at 0x7f9cd283f6e0>,22,14,[9 2],23,32,46,9,26
1,<environment.Job instance at 0x7f9cd283f960>,23,14,[7 2],24,46,60,22,31
1,<environment.Job instance at 0x7f9cd1a83f00>,0,12,[5 4],1,1,13,0,1
1,<environment.Job instance at 0x7f9cd1a831e0>,2,13,[8 3],3,3,16,0,3
1,<environment.Job instance at 0x7f9cd1a83910>,4,1,[1 8],5,5,6,0,5
1,<environment.Job instance at 0x7f9cd2163910>,10,21,[1 7],11,11,32,0,11
1,<environment.Job instance at 0x7f9cd1aad640>,9,12,[6 5],10,13,25,3,13
1,<environment.Job instance at 0x7f9cd1f04910>,11,3,[7 3],12,16,19,4,16
1,<environment.Job instance at 0x7f9cd2a2bf00>,13,12,[5 3],14,19,31,5,19
1,<environment.Job instance at 0x7f9cd14844b0>,17,3,[4 5],18,25,28,7,25
1,<environment.Job instance at 0x7f9cd1f01370>,23,14,[7 2],24,28,42,4,28
1,<environment.Job instance at 0x7f9cd1c51c80>,30,14,[4 9],31,32,46,1,32
1,<environment.Job instance at 0x7f9cd2a48140>,22,14,[9 2],23,42,56,19,42
1,<environment.Job instance at 0x7f9cd1aa3050>,38,14,[2 6],39,47,61,8,47
1,<environment.Job instance at 0x7f9cd161ea50>,37,18,[4 6],38,47,65,9,47
1,<environment.Job instance at 0x7f9cd1aa3820>,40,1,[8 2],41,56,57,15,56
1,<environment.Job instance at 0x7f9cd1355dc0>,42,16,[5 3],43,57,73,14,57
1,<environment.Job instance at 0x7f9cd1aa39b0>,36,20,[4 5],37,61,81,24,61
1,<environment.Job instance at 0x7f9cd13550a0>,41,15,[2 7],42,65,80,23,65
1,<environment.Job instance at 0x7f9cd1a9b280>,45,12,[5 9],46,80,92,34,80
1,<environment.Job instance at 0x7f9cd1aa0c80>,33,18,[10  4],34,81,99,47,81
1,<environment.Job instance at 0x7f9cd1a9b2d0>,44,13,[ 3 10],45,92,105,47,92
1,<environment.Job instance at 0x7f9cd1ab8a00>,48,17,[6 2],49,99,116,50,99
1,<environment.Job instance at 0x7f9cd13665a0>,60,3,[6 5],61,105,108,44,105
1,<environment.Job instance at 0x7f9cd13664b0>,62,14,[3 7],63,105,119,42,105
1,<environment.Job instance at 0x7f9cd1ab8730>,51,18,[2 5],52,108,126,56,108
1,<environment.Job instance at 0x7f9cd1dfdf00>,1,12,[7 2],2,2,14,0,2
1,<environment.Job instance at 0x7f9cd1c46320>,2,3,[1 7],3,3,6,0,3
1,<environment.Job instance at 0x7f9cd1c46b40>,4,3,[ 2 11],5,6,9,1,5
1,<environment.Job instance at 0x7f9cd1c46b90>,7,3,[6 3],8,9,12,1,8
1,<environment.Job instance at 0x7f9cd1c460f0>,11,1,[ 3 13],12,12,13,0,12
1,<environment.Job instance at 0x7f9cd1c467d0>,15,13,[5 8],16,17,30,1,17
1,<environment.Job instance at 0x7f9cd1c46c80>,17,20,[5 4],18,19,39,1,19
1,<environment.Job instance at 0x7f9cd14a32d0>,19,12,[7 5],20,30,42,10,20
1,<environment.Job instance at 0x7f9cd14a39b0>,20,14,[7 5],21,39,53,18,25
1,<environment.Job instance at 0x7f9cd1c46820>,16,16,[5 2],17,42,58,25,29
1,<environment.Job instance at 0x7f9cd1c46280>,14,14,[ 4 10],15,53,67,38,38
1,<environment.Job instance at 0x7f9cd14a3e10>,23,2,[14  4],24,67,69,43,40
1,<environment.Job instance at 0x7f9cd14a35f0>,24,12,[5 1],25,53,65,28,40
1,<environment.Job instance at 0x7f9cd217d140>,30,1,[14  4],31,69,70,38,53
1,<environment.Job instance at 0x7f9cd14a33c0>,27,17,[1 7],28,67,84,39,55
1,<environment.Job instance at 0x7f9cd217d230>,31,2,[14  4],32,70,72,38,56
1,<environment.Job instance at 0x7f9cd217d960>,36,1,[1 9],37,84,85,47,58
1,<environment.Job instance at 0x7f9cd217df00>,38,1,[1 5],39,65,66,26,58
1,<environment.Job instance at 0x7f9cd217d0a0>,39,12,[6 5],40,72,84,32,59
1,<environment.Job instance at 0x7f9cd217d3c0>,40,2,[ 3 14],41,85,87,44,59
1,<environment.Job instance at 0x7f9cd217da00>,45,2,[2 6],46,87,89,41,60
1,<environment.Job instance at 0x7f9cd217db40>,44,2,[7 4],45,87,89,42,71
1,<environment.Job instance at 0x7f9cd217de60>,43,16,[8 4],44,96,112,52,96
1,<environment.Job instance at 0x7f9cd1dc7140>,0,21,[4 8],1,1,22,0,1
1,<environment.Job instance at 0x7f9cd1dc70a0>,1,12,[7 2],2,2,14,0,2
1,<environment.Job instance at 0x7f9cd1dc9370>,3,16,[3 5],4,4,20,0,4
1,<environment.Job instance at 0x7f9cd1df8730>,2,3,[1 7],3,20,23,17,20
1,<environment.Job instance at 0x7f9cd1dcbbe0>,7,3,[6 3],8,22,25,14,22
1,<environment.Job instance at 0x7f9cd1df6870>,15,13,[5 8],16,23,36,7,23
1,<environment.Job instance at 0x7f9cd14bb7d0>,19,12,[7 5],20,25,37,5,25
1,<environment.Job instance at 0x7f9cd20d95f0>,14,14,[ 4 10],15,36,50,21,36
1,<environment.Job instance at 0x7f9cd1373b40>,24,12,[5 1],25,37,49,12,37
1,<environment.Job instance at 0x7f9cd14bbe10>,16,16,[5 2],17,37,53,20,37
1,<environment.Job instance at 0x7f9cd13797d0>,36,1,[1 9],37,50,51,13,50
1,<environment.Job instance at 0x7f9cd13666e0>,38,1,[1 5],39,51,52,12,51
1,<environment.Job instance at 0x7f9cd13664b0>,39,12,[6 5],40,51,63,11,51
1,<environment.Job instance at 0x7f9cd1dc2b90>,9,15,[1 8],10,52,67,42,52
1,<environment.Job instance at 0x7f9cd135b050>,20,14,[7 5],21,63,77,42,63
1,<environment.Job instance at 0x7f9cd1341410>,44,2,[7 4],45,67,69,22,67
1,<environment.Job instance at 0x7f9cd1343460>,45,2,[2 6],46,69,71,23,69
1,<environment.Job instance at 0x7f9cd1a9b550>,46,15,[1 8],47,71,86,24,71
1,<environment.Job instance at 0x7f9cd14b9cd0>,41,15,[9 1],42,77,92,35,77
1,<environment.Job instance at 0x7f9cd1355dc0>,50,14,[5 3],51,77,91,26,77
1,<environment.Job instance at 0x7f9cd1373c30>,27,17,[1 7],28,86,103,58,86
1,<environment.Job instance at 0x7f9cd2170c80>,58,15,[5 7],59,92,107,33,92
1,<environment.Job instance at 0x7f9cd25abaa0>,61,13,[5 4],62,103,116,41,103
1,<environment.Job instance at 0x7f9cd1d56b40>,56,18,[5 3],57,103,121,46,103
1,<environment.Job instance at 0x7f9cd1af4960>,0,15,[1 5],1,1,16,0,1
1,<environment.Job instance at 0x7f9cd239c960>,2,3,[11  2],3,3,6,0,3
1,<environment.Job instance at 0x7f9cd239ca00>,5,14,[7 4],6,6,20,0,6
1,<environment.Job instance at 0x7f9cd239cbe0>,8,1,[ 5 14],9,20,21,11,9
1,<environment.Job instance at 0x7f9cd27920a0>,13,12,[6 2],14,21,33,7,14
1,<environment.Job instance at 0x7f9cd27922d0>,15,2,[3 8],16,16,18,0,16
1,<environment.Job instance at 0x7f9cd2792500>,19,1,[3 6],20,21,22,1,20
1,<environment.Job instance at 0x7f9cd27925a0>,20,2,[5 5],21,21,23,0,21
1,<environment.Job instance at 0x7f9cd2792960>,25,3,[4 5],26,26,29,0,26
1,<environment.Job instance at 0x7f9cd239cfa0>,30,28,[9 2],31,33,61,2,33
1,<environment.Job instance at 0x7f9cd2bf4c30>,0,15,[1 5],1,1,16,0,1
1,<environment.Job instance at 0x7f9cd2169b90>,3,22,[ 4 10],4,4,26,0,4
1,<environment.Job instance at 0x7f9cd1ae7b40>,13,12,[6 2],14,16,28,2,16
1,<environment.Job instance at 0x7f9cd1ae7fa0>,15,2,[3 8],16,26,28,10,26
1,<environment.Job instance at 0x7f9cd1ae7e10>,11,17,[5 5],12,26,43,14,26
1,<environment.Job instance at 0x7f9cd1ae7550>,17,12,[10  4],18,28,40,10,28
1,<environment.Job instance at 0x7f9cd2169c30>,5,14,[7 4],6,40,54,34,40
1,<environment.Job instance at 0x7f9cd1ae7140>,19,1,[3 6],20,40,41,20,40
1,<environment.Job instance at 0x7f9cd1ae7280>,9,16,[2 6],10,41,57,31,41
1,<environment.Job instance at 0x7f9cd1ae70f0>,20,2,[5 5],21,43,45,22,43
1,<environment.Job instance at 0x7f9cd1c46dc0>,25,3,[4 5],26,54,57,28,54
1,<environment.Job instance at 0x7f9cd1c461e0>,23,14,[9 2],24,54,68,30,54
1,<environment.Job instance at 0x7f9cd14a8be0>,27,13,[3 7],28,57,70,29,57
1,<environment.Job instance at 0x7f9cd1effb40>,28,1,[7 2],29,68,69,39,68
1,<environment.Job instance at 0x7f9cd1ae7f00>,14,15,[1 8],15,69,84,54,69
1,<environment.Job instance at 0x7f9cd217d410>,36,12,[5 1],37,70,82,33,70
1,<environment.Job instance at 0x7f9cd1ae7690>,16,15,[9 1],17,70,85,53,70
1,<environment.Job instance at 0x7f9cd14a38c0>,38,13,[5 5],39,82,95,43,82
1,<environment.Job instance at 0x7f9cd217dcd0>,35,14,[1 9],36,84,98,48,84
1,<environment.Job instance at 0x7f9cd215c230>,41,2,[8 2],42,95,97,53,95
1,<environment.Job instance at 0x7f9cd1c51910>,46,1,[8 1],47,97,98,50,97
1,<environment.Job instance at 0x7f9cd21704b0>,43,17,[3 5],44,97,114,53,97
1,<environment.Job instance at 0x7f9cd1aa0be0>,48,2,[4 7],49,98,100,49,98
1,<environment.Job instance at 0x7f9cd2a488c0>,45,15,[7 1],46,98,113,52,98
1,<environment.Job instance at 0x7f9cd205e2d0>,2,2,[ 4 14],3,3,5,0,3
1,<environment.Job instance at 0x7f9cd205eaa0>,7,12,[10  1],8,9,21,1,9
1,<environment.Job instance at 0x7f9cd1b135a0>,12,2,[13  2],13,21,23,8,13
1,<environment.Job instance at 0x7f9cd1b13550>,13,13,[7 4],14,23,36,9,14
1,<environment.Job instance at 0x7f9cd205e7d0>,8,3,[4 6],9,14,17,5,14
1,<environment.Job instance at 0x7f9cd1b130a0>,14,1,[7 1],15,23,24,8,15
1,<environment.Job instance at 0x7f9cd1b13910>,18,3,[6 1],19,24,27,5,19
1,<environment.Job instance at 0x7f9cd1b13140>,19,12,[ 4 14],20,36,48,16,20
1,<environment.Job instance at 0x7f9cd1b13410>,21,18,[5 1],22,27,45,5,27
1,<environment.Job instance at 0x7f9cd1dfe960>,4,15,[13  5],5,48,63,43,34
1,<environment.Job instance at 0x7f9cd1b13af0>,23,3,[ 1 12],24,63,66,39,37
1,<environment.Job instance at 0x7f9cd19ccc30>,28,12,[5 7],29,66,78,37,49
1,<environment.Job instance at 0x7f9cd19cc370>,27,3,[ 5 13],28,78,81,50,58
1,<environment.Job instance at 0x7f9cd19ccb40>,30,24,[5 2],31,63,87,32,63
1,<environment.Job instance at 0x7f9cd19cc7d0>,32,1,[ 4 12],33,81,82,48,69
1,<environment.Job instance at 0x7f9cd19cc050>,33,21,[5 2],34,82,103,48,74
1,<environment.Job instance at 0x7f9cd19cce60>,35,3,[8 4],36,87,90,51,74
1,<environment.Job instance at 0x7f9cd1c52e10>,36,16,[1 7],37,82,98,45,74
1,<environment.Job instance at 0x7f9cd2792a50>,3,15,[9 2],4,4,19,0,4
1,<environment.Job instance at 0x7f9cd1ccc910>,5,18,[1 6],6,6,24,0,6
1,<environment.Job instance at 0x7f9cd1d56370>,8,3,[4 6],9,9,12,0,9
1,<environment.Job instance at 0x7f9cd1df8690>,9,21,[5 3],10,12,33,2,12
1,<environment.Job instance at 0x7f9cd1dc2b90>,14,1,[7 1],15,19,20,4,19
1,<environment.Job instance at 0x7f9cd20d7320>,13,13,[7 4],14,20,33,6,20
1,<environment.Job instance at 0x7f9cd1df6a50>,18,3,[6 1],19,33,36,14,33
1,<environment.Job instance at 0x7f9cd1df6cd0>,17,14,[8 4],18,33,47,15,33
1,<environment.Job instance at 0x7f9cd14bb140>,22,15,[2 8],23,36,51,13,36
1,<environment.Job instance at 0x7f9cd136c5f0>,21,18,[5 1],22,36,54,14,36
1,<environment.Job instance at 0x7f9cd14b75a0>,7,12,[10  1],8,52,64,44,52
1,<environment.Job instance at 0x7f9cd1373af0>,28,12,[5 7],29,54,66,25,54
1,<environment.Job instance at 0x7f9cd13624b0>,35,3,[8 4],36,64,67,28,64
1,<environment.Job instance at 0x7f9cd13666e0>,37,3,[7 1],38,66,69,28,66
1,<environment.Job instance at 0x7f9cd13440f0>,36,16,[1 7],37,68,84,31,68
1,<environment.Job instance at 0x7f9cd1362410>,34,19,[3 5],35,68,87,33,68
1,<environment.Job instance at 0x7f9cd14b9730>,41,1,[10  3],42,69,70,27,69
1,<environment.Job instance at 0x7f9cd1355fa0>,47,14,[8 1],48,84,98,36,84
1,<environment.Job instance at 0x7f9cd13433c0>,40,20,[1 7],41,84,104,43,84
1,<environment.Job instance at 0x7f9cd161ea50>,49,16,[6 3],50,87,103,37,87
1,<environment.Job instance at 0x7f9cd14844b0>,51,1,[7 4],52,98,99,46,98
1,<environment.Job instance at 0x7f9cd14b9690>,42,18,[8 4],43,99,117,56,99
1,<environment.Job instance at 0x7f9cd21704b0>,52,14,[3 7],53,104,118,51,104
1,<environment.Job instance at 0x7f9cd26ee690>,3,2,[14  3],4,5,7,1,5
1,<environment.Job instance at 0x7f9cd152d8c0>,2,15,[8 2],3,7,22,4,5
1,<environment.Job instance at 0x7f9cd2894cd0>,11,18,[ 3 13],12,12,30,0,12
1,<environment.Job instance at 0x7f9cd1bc21e0>,5,1,[ 2 12],6,30,31,24,13
1,<environment.Job instance at 0x7f9cd125baf0>,4,3,[8 3],5,30,33,25,14
1,<environment.Job instance at 0x7f9cd2b1d0a0>,9,2,[9 2],10,22,24,12,14
1,<environment.Job instance at 0x7f9cd28942d0>,14,15,[3 7],15,31,46,16,17
1,<environment.Job instance at 0x7f9cd29d99b0>,25,1,[ 1 11],26,46,47,20,26
1,<environment.Job instance at 0x7f9cd1cfc050>,28,2,[8 4],29,33,35,4,29
1,<environment.Job instance at 0x7f9cd1cfca00>,30,3,[6 3],31,35,38,4,35
1,<environment.Job instance at 0x7f9cd1cfcc30>,31,18,[1 9],32,47,65,15,36
1,<environment.Job instance at 0x7f9cd1cfc780>,34,20,[1 5],35,47,67,12,38
1,<environment.Job instance at 0x7f9cd19f97d0>,35,3,[12  5],36,38,41,2,38
1,<environment.Job instance at 0x7f9cd1cfc960>,32,12,[ 5 10],33,65,77,32,50
1,<environment.Job instance at 0x7f9cd19f9fa0>,36,20,[6 5],37,67,87,30,58
1,<environment.Job instance at 0x7f9cd19f9320>,38,3,[4 6],39,77,80,38,58
1,<environment.Job instance at 0x7f9cd1fd5f50>,46,13,[7 2],47,80,93,33,64
1,<environment.Job instance at 0x7f9cd1fd5370>,49,12,[ 4 12],50,87,99,37,70
1,<environment.Job instance at 0x7f9cd17cef00>,50,2,[4 8],51,99,101,48,72
1,<environment.Job instance at 0x7f9cd1fd5640>,51,2,[10  3],52,93,95,41,72
1,<environment.Job instance at 0x7f9cd17ced20>,53,3,[10  5],54,99,102,45,73
1,<environment.Job instance at 0x7f9cd1fd5500>,45,12,[2 6],46,101,113,55,84
1,<environment.Job instance at 0x7f9cd17ceaa0>,55,18,[3 7],56,102,120,46,91
1,<environment.Job instance at 0x7f9cd196fcd0>,44,17,[8 1],45,102,119,57,95
1,<environment.Job instance at 0x7f9cd16c3960>,59,3,[9 2],60,95,98,35,95
1,<environment.Job instance at 0x7f9cd1f265a0>,61,2,[ 5 14],62,120,122,58,98
1,<environment.Job instance at 0x7f9cd17ce640>,58,12,[9 4],59,122,134,63,105
1,<environment.Job instance at 0x7f9cd18e1b40>,68,13,[3 8],69,122,135,53,106
1,<environment.Job instance at 0x7f9cd1effe10>,1,3,[ 4 10],2,2,5,0,2
1,<environment.Job instance at 0x7f9cd2bf4c30>,2,15,[8 2],3,3,18,0,3
1,<environment.Job instance at 0x7f9cd1362fa0>,9,2,[9 2],10,18,20,8,18
1,<environment.Job instance at 0x7f9cd136ca00>,14,15,[3 7],15,18,33,3,18
1,<environment.Job instance at 0x7f9cd1aa0be0>,4,3,[8 3],5,20,23,15,20
1,<environment.Job instance at 0x7f9cd196c640>,18,15,[8 2],19,23,38,4,23
1,<environment.Job instance at 0x7f9cd136c870>,15,15,[6 4],16,33,48,17,33
1,<environment.Job instance at 0x7f9cd28c9c80>,28,2,[8 4],29,38,40,9,38
1,<environment.Job instance at 0x7f9cd17cebe0>,30,3,[6 3],31,40,43,9,40
1,<environment.Job instance at 0x7f9cd1375320>,16,15,[7 2],17,43,58,26,43
1,<environment.Job instance at 0x7f9cd2927370>,31,18,[1 9],32,43,61,11,43
1,<environment.Job instance at 0x7f9cd1b0e2d0>,38,3,[4 6],39,58,61,19,58
1,<environment.Job instance at 0x7f9cd11ff3c0>,41,3,[3 8],42,61,64,19,61
1,<environment.Job instance at 0x7f9cd1eb2690>,45,12,[2 6],46,61,73,15,61
1,<environment.Job instance at 0x7f9cd1b88c80>,44,17,[8 1],45,61,78,16,61
1,<environment.Job instance at 0x7f9cd21d9be0>,50,2,[4 8],51,64,66,13,64
1,<environment.Job instance at 0x7f9cd17d40f0>,32,12,[ 5 10],33,73,85,40,73
1,<environment.Job instance at 0x7f9cd21d9690>,51,2,[10  3],52,78,80,26,78
1,<environment.Job instance at 0x7f9cd21d9370>,53,3,[10  5],54,80,83,26,80
1,<environment.Job instance at 0x7f9cd21d93c0>,54,12,[9 2],55,83,95,28,83
1,<environment.Job instance at 0x7f9cd21d9550>,55,18,[3 7],56,85,103,29,85
1,<environment.Job instance at 0x7f9cd21d98c0>,58,12,[9 4],59,95,107,36,95
1,<environment.Job instance at 0x7f9cd21d96e0>,59,3,[9 2],60,107,110,47,107
1,<environment.Job instance at 0x7f9cd21d92d0>,62,18,[1 8],63,107,125,44,107
1,<environment.Job instance at 0x7f9cd18f5960>,0,15,[6 1],1,1,16,0,1
1,<environment.Job instance at 0x7f9cdb146d70>,3,27,[5 1],4,4,31,0,4
1,<environment.Job instance at 0x7f9cd14335a0>,8,12,[4 7],9,9,21,0,9
1,<environment.Job instance at 0x7f9cd1433e60>,9,1,[11  5],10,31,32,21,10
1,<environment.Job instance at 0x7f9cd21d27d0>,12,2,[8 4],13,21,23,8,13
1,<environment.Job instance at 0x7f9cd2bab320>,20,3,[6 4],21,23,26,2,21
1,<environment.Job instance at 0x7f9cd144d370>,0,15,[6 1],1,1,16,0,1
1,<environment.Job instance at 0x7f9cd144da00>,5,15,[1 8],6,6,21,0,6
1,<environment.Job instance at 0x7f9cd1925d20>,10,18,[5 6],11,11,29,0,11
1,<environment.Job instance at 0x7f9cd1925460>,12,2,[8 4],13,21,23,8,21
1,<environment.Job instance at 0x7f9cd1b9e280>,20,3,[6 4],21,23,26,2,23
1,<environment.Job instance at 0x7f9cd1925050>,8,12,[4 7],9,26,38,17,26
1,<environment.Job instance at 0x7f9cd1b9e5f0>,23,1,[8 2],24,29,30,5,29
1,<environment.Job instance at 0x7f9cd1b9ebe0>,25,14,[7 3],26,30,44,4,30
1,<environment.Job instance at 0x7f9cd1b9ec80>,27,3,[ 2 10],28,38,41,10,38
1,<environment.Job instance at 0x7f9cd19250a0>,13,14,[ 4 10],14,41,55,27,41
1,<environment.Job instance at 0x7f9cd1b9e2d0>,22,15,[9 4],23,46,61,23,46
1,<environment.Job instance at 0x7f9cd27397d0>,32,13,[6 2],33,55,68,22,55
1,<environment.Job instance at 0x7f9cd1925370>,16,18,[3 8],17,61,79,44,61
1,<environment.Job instance at 0x7f9cd2739fa0>,30,22,[1 5],31,61,83,30,61
1,<environment.Job instance at 0x7f9cd2739050>,37,1,[4 7],38,79,80,41,79
1,<environment.Job instance at 0x7f9cd2739d70>,36,2,[ 1 10],37,80,82,43,80
1,<environment.Job instance at 0x7f9cd2739c80>,39,15,[8 4],40,82,97,42,82
1,<environment.Job instance at 0x7f9cd21d9870>,41,17,[1 7],42,83,100,41,83
1,<environment.Job instance at 0x7f9cd21d9dc0>,42,14,[7 2],43,97,111,54,97
1,<environment.Job instance at 0x7f9cd21d9050>,40,18,[7 3],41,97,115,56,97
1,<environment.Job instance at 0x7f9cd21d92d0>,43,21,[1 7],44,101,122,57,101
1,<environment.Job instance at 0x7fe205c8a6e0>,0,2,[6 2],1,1,3,0,1
1,<environment.Job instance at 0x7fe205c8a730>,1,15,[4 5],2,2,17,0,2
1,<environment.Job instance at 0x7fe1fc640c80>,3,13,[3 8],4,4,17,0,4
1,<environment.Job instance at 0x7fe205c8a8c0>,7,12,[7 2],8,10,22,2,10
1,<environment.Job instance at 0x7fe1fc640e60>,11,1,[8 4],12,17,18,5,12
1,<environment.Job instance at 0x7fe1fc640fa0>,9,17,[8 1],10,18,35,8,13
1,<environment.Job instance at 0x7fe1fc644370>,13,15,[4 5],14,22,37,8,14
1,<environment.Job instance at 0x7fe1fc644960>,22,3,[4 6],23,35,38,12,23
1,<environment.Job instance at 0x7fe1fc644af0>,24,2,[ 3 12],25,38,40,13,25
1,<environment.Job instance at 0x7fe1fc6448c0>,25,16,[5 3],26,35,51,9,26
1,<environment.Job instance at 0x7fe1fc644d70>,28,2,[5 8],29,40,42,11,30
1,<environment.Job instance at 0x7fe1fc644f50>,30,15,[8 2],31,42,57,11,31
1,<environment.Job instance at 0x7fe1fc645190>,31,13,[4 5],32,51,64,19,36
1,<environment.Job instance at 0x7fe1fc6452d0>,35,3,[9 5],36,57,60,21,36
1,<environment.Job instance at 0x7fe1fc645780>,36,16,[8 1],37,60,76,23,47
1,<environment.Job instance at 0x7fe1fc645730>,38,14,[5 5],39,64,78,25,49
1,<environment.Job instance at 0x7fe1fc649500>,58,2,[1 7],59,62,64,3,62
1,<environment.Job instance at 0x7fe1fc649a00>,63,2,[9 2],64,76,78,12,65
1,<environment.Job instance at 0x7fe1fc649370>,54,2,[5 8],55,78,80,23,66
1,<environment.Job instance at 0x7fe1fc649c80>,66,12,[6 1],67,78,90,11,71
1,<environment.Job instance at 0x7fe1fc649460>,57,15,[6 5],58,80,95,22,72
1,<environment.Job instance at 0x7fe1fc64a500>,78,13,[1 5],79,81,94,2,81
1,<environment.Job instance at 0x7fe1fc64a5a0>,79,15,[4 7],80,94,109,14,82
1,<environment.Job instance at 0x7fe1fc64a780>,82,2,[10  3],83,95,97,12,83
1,<environment.Job instance at 0x7fe1fc649cd0>,67,13,[3 5],68,97,110,29,87
1,<environment.Job instance at 0x7fe1fc64ad70>,88,3,[9 5],89,109,112,20,89
1,<environment.Job instance at 0x7fe1fc64af50>,90,2,[5 5],91,91,93,0,91
1,<environment.Job instance at 0x7fe1fc64f320>,92,3,[2 8],93,110,113,17,93
1,<environment.Job instance at 0x7fe1fc64f370>,96,12,[ 4 14],97,113,125,16,99
1,<environment.Job instance at 0x7fe1fc64f640>,98,2,[10  4],99,125,127,26,99
1,<environment.Job instance at 0x7fe1fc6785f0>,0,2,[6 2],1,1,3,0,1
1,<environment.Job instance at 0x7fe1fc649b40>,1,15,[4 5],2,2,17,0,2
1,<environment.Job instance at 0x7fe1fc649870>,2,18,[ 3 10],3,3,21,0,3
1,<environment.Job instance at 0x7fe1fc68b190>,7,12,[7 2],8,17,29,9,17
1,<environment.Job instance at 0x7fe1fc7e10a0>,11,1,[8 4],12,21,22,9,21
1,<environment.Job instance at 0x7fe1fc678d70>,3,13,[3 8],4,22,35,18,22
1,<environment.Job instance at 0x7fe1fc64f190>,13,15,[4 5],14,22,37,8,22
1,<environment.Job instance at 0x7fe1fc64a9b0>,9,17,[8 1],10,29,46,19,29
1,<environment.Job instance at 0x7fe1fc8f5e10>,10,14,[1 6],11,35,49,24,35
1,<environment.Job instance at 0x7fe1fc640a50>,18,18,[3 6],19,37,55,18,37
1,<environment.Job instance at 0x7fe1fc6387d0>,22,3,[4 6],23,49,52,26,49
1,<environment.Job instance at 0x7fe1fc638cd0>,25,16,[5 3],26,49,65,23,49
1,<environment.Job instance at 0x7fe1fc7ee230>,5,18,[7 5],6,52,70,46,52
1,<environment.Job instance at 0x7fe1fc774640>,28,2,[5 8],29,66,68,37,66
1,<environment.Job instance at 0x7fe1fc7ea1e0>,31,13,[4 5],32,68,81,36,68
1,<environment.Job instance at 0x7fe1fc75a500>,32,14,[8 3],33,70,84,37,70
1,<environment.Job instance at 0x7fe1fc6388c0>,23,18,[7 4],24,82,100,58,82
1,<environment.Job instance at 0x7fe1fc732dc0>,30,15,[8 2],31,84,99,53,84
1,<environment.Job instance at 0x7fe1fc6cbf00>,36,16,[8 1],37,99,115,62,99
1,<environment.Job instance at 0x7fe1fc75c280>,37,2,[5 1],38,100,102,62,100
1,<environment.Job instance at 0x7fe1fc74fc80>,38,14,[5 5],39,102,116,63,102
1,<environment.Job instance at 0x7fe1fc6cbbe0>,35,3,[9 5],36,115,118,79,115
1,<environment.Job instance at 0x7fe1fc765b40>,39,12,[3 6],40,116,128,76,116
1,<environment.Job instance at 0x7fe1fc777fa0>,44,14,[8 4],45,118,132,73,118
1,<environment.Job instance at 0x7fe1fbd83aa0>,1,21,[2 7],2,2,23,0,2
1,<environment.Job instance at 0x7fe1fbd83320>,2,16,[1 8],3,3,19,0,3
1,<environment.Job instance at 0x7fe1fbd8dbe0>,7,1,[1 9],8,23,24,15,8
1,<environment.Job instance at 0x7fe1fbec2370>,15,23,[7 3],16,19,42,3,17
1,<environment.Job instance at 0x7fe1fbfb9280>,18,2,[3 6],19,24,26,5,19
1,<environment.Job instance at 0x7fe1fbe715f0>,17,26,[ 1 11],18,29,55,11,29
1,<environment.Job instance at 0x7fe1fbeede60>,22,14,[5 1],23,29,43,6,29
1,<environment.Job instance at 0x7fe1fbeedcd0>,23,3,[1 7],24,55,58,31,29
1,<environment.Job instance at 0x7fe1fbeed050>,27,2,[7 2],28,42,44,14,29
1,<environment.Job instance at 0x7fe1fbedfc80>,33,3,[5 5],34,55,58,21,34
1,<environment.Job instance at 0x7fe1fbedf050>,34,13,[2 6],35,58,71,23,42
1,<environment.Job instance at 0x7fe1fbedafa0>,37,1,[ 5 12],38,71,72,33,43
1,<environment.Job instance at 0x7fe1fbedaa00>,40,2,[14  2],41,44,46,3,43
1,<environment.Job instance at 0x7fe1fbedac30>,39,14,[3 8],40,72,86,32,57
1,<environment.Job instance at 0x7fe1fbc0d460>,45,2,[ 1 14],46,86,88,40,59
1,<environment.Job instance at 0x7fe1fbc0deb0>,44,14,[ 4 10],45,88,102,43,73
1,<environment.Job instance at 0x7fe1fbc0fa50>,49,3,[ 5 11],50,102,105,52,77
1,<environment.Job instance at 0x7fe1fbbee3c0>,60,1,[7 4],61,90,91,29,90
1,<environment.Job instance at 0x7fe1fc5886e0>,61,13,[ 4 10],62,105,118,43,90
1,<environment.Job instance at 0x7fe1fbe62b40>,66,2,[8 2],67,91,93,24,91
1,<environment.Job instance at 0x7fe1fbc92e10>,73,2,[ 1 10],74,118,120,44,93
1,<environment.Job instance at 0x7fe1fbc33190>,74,2,[ 1 11],75,120,122,45,93
1,<environment.Job instance at 0x7fe1fbc50f00>,75,3,[8 2],76,93,96,17,93
1,<environment.Job instance at 0x7fe1fbc5c4b0>,82,2,[ 3 12],83,122,124,39,95
1,<environment.Job instance at 0x7fe1fbc5c190>,83,1,[10  3],84,96,97,12,95
1,<environment.Job instance at 0x7fe1fbc5c370>,90,13,[5 1],91,97,110,6,97
1,<environment.Job instance at 0x7fe1fbd8c690>,93,2,[11  2],94,110,112,16,97
1,<environment.Job instance at 0x7fe1fbc50410>,77,3,[5 4],78,99,102,21,99
1,<environment.Job instance at 0x7fe1fbc57d20>,100,16,[7 2],101,112,128,11,104
1,<environment.Job instance at 0x7fe1fbc57c80>,106,1,[3 8],107,124,125,17,107
1,<environment.Job instance at 0x7fe1fbc5a820>,109,17,[3 5],110,124,141,14,112
1,<environment.Job instance at 0x7fe1fbc5af50>,111,1,[7 2],112,118,119,6,112
1,<environment.Job instance at 0x7fe1fbc7caf0>,115,2,[6 4],116,128,130,12,116
1,<environment.Job instance at 0x7fe1fbc0e9b0>,42,16,[3 9],43,130,146,87,117
1,<environment.Job instance at 0x7fe1fc702050>,1,21,[2 7],2,2,23,0,2
1,<environment.Job instance at 0x7fe1fc702e10>,2,16,[1 8],3,3,19,0,3
1,<environment.Job instance at 0x7fe1fbe64f50>,13,3,[1 7],14,19,22,5,19
1,<environment.Job instance at 0x7fe1fbef8c30>,11,15,[8 1],12,19,34,7,19
1,<environment.Job instance at 0x7fe1fbe65960>,18,2,[3 6],19,22,24,3,22
1,<environment.Job instance at 0x7fe1fc649c30>,7,1,[1 9],8,24,25,16,24
1,<environment.Job instance at 0x7fe1fbe675f0>,22,14,[5 1],23,24,38,1,24
1,<environment.Job instance at 0x7fe1fbe67730>,23,3,[1 7],24,25,28,1,25
1,<environment.Job instance at 0x7fe1fbe9a320>,27,2,[7 2],28,34,36,6,34
1,<environment.Job instance at 0x7fe1fbdfc5f0>,29,15,[6 2],30,36,51,6,36
1,<environment.Job instance at 0x7fe1fbdf52d0>,33,3,[5 5],34,38,41,4,38
1,<environment.Job instance at 0x7fe1fbdf87d0>,34,13,[2 6],35,38,51,3,38
1,<environment.Job instance at 0x7fe1fbdfc5a0>,30,15,[6 2],31,41,56,10,41
1,<environment.Job instance at 0x7fe1fbe002d0>,39,14,[3 8],40,51,65,11,51
1,<environment.Job instance at 0x7fe1fbdf8b40>,36,16,[6 2],37,51,67,14,51
1,<environment.Job instance at 0x7fe1fbe657d0>,16,16,[5 3],17,56,72,39,56
1,<environment.Job instance at 0x7fe1fbf5dfa0>,44,14,[ 4 10],45,65,79,20,65
1,<environment.Job instance at 0x7fe1fbef8eb0>,10,16,[9 4],11,72,88,61,72
1,<environment.Job instance at 0x7fe1fbe0bb90>,48,13,[1 9],49,79,92,30,79
1,<environment.Job instance at 0x7fe1fbe17be0>,53,16,[3 5],54,88,104,34,88
1,<environment.Job instance at 0x7fe1fbe17c30>,54,21,[9 1],55,89,110,34,89
1,<environment.Job instance at 0x7fe1fbe03aa0>,42,16,[3 9],43,92,108,49,92
1,<environment.Job instance at 0x7fe1fbe065a0>,55,14,[5 3],56,108,122,52,108
1,<environment.Job instance at 0x7fe1fbfdf500>,60,1,[7 4],61,110,111,49,110
1,<environment.Job instance at 0x7fe1fbf423c0>,41,17,[3 8],42,110,127,68,110
1,<environment.Job instance at 0x7fe1fbceb0a0>,6,3,[3 9],7,7,10,0,7
1,<environment.Job instance at 0x7fe1fbc8e5a0>,9,21,[6 4],10,10,31,0,10
1,<environment.Job instance at 0x7fe1fbc792d0>,13,2,[ 5 11],14,14,16,0,14
1,<environment.Job instance at 0x7fe1fbc798c0>,14,1,[10  4],15,31,32,16,15
1,<environment.Job instance at 0x7fe1fbc79640>,16,12,[ 3 10],17,17,29,0,17
1,<environment.Job instance at 0x7fe1fbc79730>,17,3,[8 3],18,32,35,14,18
1,<environment.Job instance at 0x7fe1fbc79c80>,18,17,[1 7],19,29,46,10,19
1,<environment.Job instance at 0x7fe1fbc790f0>,20,12,[6 2],21,32,44,11,21
1,<environment.Job instance at 0x7fe1fbc79aa0>,21,2,[5 1],22,22,24,0,22
1,<environment.Job instance at 0x7fe1fbc79af0>,24,12,[1 8],25,44,56,19,27
1,<environment.Job instance at 0x7fe1fbc79a00>,25,2,[14  3],26,46,48,20,27
1,<environment.Job instance at 0x7fe1fbc389b0>,27,2,[14  5],28,48,50,20,28
1,<environment.Job instance at 0x7fe1fbc38c80>,31,22,[6 1],32,50,72,18,43
1,<environment.Job instance at 0x7fe1fbc38e10>,33,21,[5 1],34,50,71,16,43
1,<environment.Job instance at 0x7fe1fbc385f0>,34,1,[8 5],35,43,44,8,43
1,<environment.Job instance at 0x7fe1fbc38780>,32,14,[3 5],33,50,64,17,43
1,<environment.Job instance at 0x7fe1fbc38d70>,40,3,[5 4],41,71,74,30,48
1,<environment.Job instance at 0x7fe1fbc383c0>,42,1,[ 5 14],43,74,75,31,50
1,<environment.Job instance at 0x7fe1fbc386e0>,30,12,[12  4],31,75,87,44,66
1,<environment.Job instance at 0x7fe1fbc354b0>,45,16,[6 2],46,87,103,41,78
1,<environment.Job instance at 0x7fe1fbc382d0>,35,20,[5 5],36,87,107,51,78
1,<environment.Job instance at 0x7fe1fbc350a0>,48,3,[11  1],49,107,110,58,81
1,<environment.Job instance at 0x7fe1fbc33460>,50,2,[9 1],51,103,105,52,85
1,<environment.Job instance at 0x7fe1fbc33780>,60,1,[11  3],61,110,111,49,88
1,<environment.Job instance at 0x7fe1fbc330a0>,63,1,[10  2],64,105,106,41,90
1,<environment.Job instance at 0x7fe1fbc33a00>,62,2,[8 1],63,111,113,48,90
1,<environment.Job instance at 0x7fe1fbc335f0>,55,3,[5 3],56,111,114,55,90
1,<environment.Job instance at 0x7fe1fbc33b40>,56,18,[7 1],57,113,131,56,102
1,<environment.Job instance at 0x7fe1fbc2e5a0>,72,1,[8 5],73,106,107,33,102
1,<environment.Job instance at 0x7fe1fbc2e690>,75,2,[7 1],76,114,116,38,102
1,<environment.Job instance at 0x7fe1fbc2e460>,73,14,[2 8],74,116,130,42,102
1,<environment.Job instance at 0x7fe1fbc2e190>,78,2,[4 6],79,107,109,28,103
1,<environment.Job instance at 0x7fe1fbcaa500>,87,3,[5 8],88,130,133,42,107
1,<environment.Job instance at 0x7fe1fbcaa960>,89,3,[ 2 14],90,133,136,43,107
1,<environment.Job instance at 0x7fe1fbee4460>,1,22,[5 8],2,2,24,0,2
1,<environment.Job instance at 0x7fe1fbf88be0>,2,16,[7 4],3,3,19,0,3
1,<environment.Job instance at 0x7fe1fbf88640>,3,16,[9 4],4,19,35,15,19
1,<environment.Job instance at 0x7fe1fc079f00>,6,3,[3 9],7,24,27,17,24
1,<environment.Job instance at 0x7fe1fc089a00>,16,12,[ 3 10],17,27,39,10,27
1,<environment.Job instance at 0x7fe1fc089b90>,14,1,[10  4],15,35,36,20,35
1,<environment.Job instance at 0x7fe1fcdd85a0>,17,3,[8 3],18,36,39,18,36
1,<environment.Job instance at 0x7fe1fcacdc30>,19,15,[5 7],20,39,54,19,39
1,<environment.Job instance at 0x7fe1fbfcda00>,20,12,[6 2],21,39,51,18,39
1,<environment.Job instance at 0x7fe1fcf94230>,10,17,[2 6],11,39,56,28,39
1,<environment.Job instance at 0x7fe1fbfcd6e0>,21,2,[5 1],22,51,53,29,51
1,<environment.Job instance at 0x7fe1fccef690>,24,12,[1 8],25,54,66,29,54
1,<environment.Job instance at 0x7fe1fbece1e0>,32,14,[3 5],33,56,70,23,56
1,<environment.Job instance at 0x7fe205e043c0>,29,18,[10  2],30,56,74,26,56
1,<environment.Job instance at 0x7fe1fc08beb0>,18,17,[1 7],19,66,83,47,66
1,<environment.Job instance at 0x7fe205ed67d0>,34,1,[8 5],35,75,76,40,75
1,<environment.Job instance at 0x7fe1fc169e10>,40,3,[5 4],41,76,79,35,76
1,<environment.Job instance at 0x7fe1fc0796e0>,5,16,[7 4],6,76,92,70,76
1,<environment.Job instance at 0x7fe1fbf6cc30>,43,13,[5 7],44,83,96,39,83
1,<environment.Job instance at 0x7fe1fbf6cf50>,44,2,[10  1],45,92,94,47,92
1,<environment.Job instance at 0x7fe1fbf235f0>,49,16,[7 2],50,94,110,44,94
1,<environment.Job instance at 0x7fe1fbf6cd70>,45,16,[6 2],46,96,112,50,96
1,<environment.Job instance at 0x7fe1fbee8190>,51,22,[ 1 10],52,97,119,45,97
1,<environment.Job instance at 0x7fe1fbe83a50>,50,2,[9 1],51,112,114,61,112
1,<environment.Job instance at 0x7fe1fc3230a0>,12,17,[8 5],13,114,131,101,114
1,<environment.Job instance at 0x7fe1fbe967d0>,55,3,[5 3],56,119,122,63,119
1,<environment.Job instance at 0x7fe1fbee80a0>,52,12,[2 7],53,119,131,66,119
1,<environment.Job instance at 0x7fe1fcae60a0>,2,22,[1 6],3,3,25,0,3
1,<environment.Job instance at 0x7fe1fcae6230>,6,3,[5 9],7,8,11,1,8
1,<environment.Job instance at 0x7fe1fcae69b0>,9,3,[2 7],10,11,14,1,10
1,<environment.Job instance at 0x7fe205dfc230>,10,13,[ 1 10],11,25,38,14,11
1,<environment.Job instance at 0x7fe205dfc690>,11,3,[4 7],12,14,17,2,13
1,<environment.Job instance at 0x7fe205dfc730>,13,17,[7 1],14,16,33,2,16
1,<environment.Job instance at 0x7fe205dfc140>,15,2,[6 3],16,17,19,1,16
1,<environment.Job instance at 0x7fe205dfc820>,8,12,[ 2 11],9,38,50,29,21
1,<environment.Job instance at 0x7fe1fc017c80>,7,15,[1 9],8,96,111,88,96
1,<environment.Job instance at 0x7fe1fcae60f0>,3,27,[5 1],4,111,138,107,111
1,<environment.Job instance at 0x7fe1fc084f00>,2,22,[1 6],3,3,25,0,3
1,<environment.Job instance at 0x7fe1fc060370>,6,3,[5 9],7,7,10,0,7
1,<environment.Job instance at 0x7fe1fc163730>,9,3,[2 7],10,10,13,0,10
1,<environment.Job instance at 0x7fe1fc163780>,11,3,[4 7],12,13,16,1,13
1,<environment.Job instance at 0x7fe1fc4d0e60>,13,17,[7 1],14,14,31,0,14
1,<environment.Job instance at 0x7fe1fcced4b0>,15,2,[6 3],16,16,18,0,16
1,<environment.Job instance at 0x7fe1fbf6cd70>,14,18,[3 8],15,18,36,3,18
1,<environment.Job instance at 0x7fe1fd1964b0>,21,14,[3 6],22,31,45,9,31
1,<environment.Job instance at 0x7fe1fd196d70>,22,3,[9 2],23,36,39,13,36
1,<environment.Job instance at 0x7fe1fc060e60>,7,15,[1 9],8,39,54,31,39
1,<environment.Job instance at 0x7fe1fbd34b90>,24,3,[10  4],25,45,48,20,45
1,<environment.Job instance at 0x7fe1fc08c500>,10,13,[ 1 10],11,54,67,43,54
1,<environment.Job instance at 0x7fe1fce09190>,30,13,[4 9],31,67,80,36,67
1,<environment.Job instance at 0x7fe205830410>,31,12,[8 2],32,67,79,35,67
1,<environment.Job instance at 0x7fe205ed67d0>,19,15,[4 9],20,81,96,61,81
1,<environment.Job instance at 0x7fe1fbfc2280>,37,17,[8 5],38,81,98,43,81
1,<environment.Job instance at 0x7fe1fc089190>,39,3,[1 6],40,96,99,56,96
1,<environment.Job instance at 0x7fe1fd17e4b0>,41,17,[2 6],42,98,115,56,98
1,<environment.Job instance at 0x7fe1fd15caf0>,23,18,[4 8],24,99,117,75,99
1,<environment.Job instance at 0x7fe1fc270820>,46,14,[9 5],47,115,129,68,115
1,<environment.Job instance at 0x7fe1fc079af0>,44,12,[ 1 10],45,117,129,72,117
1,<environment.Job instance at 0x7fe1fc63bf00>,1,12,[5 6],2,2,14,0,2
1,<environment.Job instance at 0x7fe1fc271c80>,2,1,[ 4 10],3,14,15,11,3
1,<environment.Job instance at 0x7fe1fc4b6230>,6,1,[8 1],7,7,8,0,7
1,<environment.Job instance at 0x7fe1fc4b60a0>,7,16,[4 5],8,8,24,0,8
1,<environment.Job instance at 0x7fe1fc4b6500>,8,2,[7 2],9,15,17,6,9
1,<environment.Job instance at 0x7fe1fc4b6550>,9,1,[1 5],10,15,16,5,10
1,<environment.Job instance at 0x7fe1fc4b6820>,10,1,[1 6],11,16,17,5,11
1,<environment.Job instance at 0x7fe1fc4b3140>,13,1,[11  1],14,17,18,3,14
1,<environment.Job instance at 0x7fe1fc4b3640>,14,17,[2 5],15,18,35,3,15
1,<environment.Job instance at 0x7fe1fc4b3be0>,16,2,[4 9],17,24,26,7,17
1,<environment.Job instance at 0x7fe1fc4bbd70>,23,24,[1 9],24,26,50,2,25
1,<environment.Job instance at 0x7fe1fc0de280>,26,1,[2 5],27,35,36,8,27
1,<environment.Job instance at 0x7fe1fcaa5320>,27,2,[13  5],28,36,38,8,28
1,<environment.Job instance at 0x7fe1fc0b4370>,34,12,[3 8],35,50,62,15,35
1,<environment.Job instance at 0x7fe1fd19b690>,41,17,[10  4],42,42,59,0,42
1,<environment.Job instance at 0x7fe1fc4d1190>,42,2,[2 5],43,59,61,16,43
1,<environment.Job instance at 0x7fe1fd1713c0>,40,23,[7 1],41,59,82,18,56
1,<environment.Job instance at 0x7fe1fd19b5a0>,45,1,[4 9],46,62,63,16,56
1,<environment.Job instance at 0x7fe1fd19b460>,46,15,[5 7],47,63,78,16,63
1,<environment.Job instance at 0x7fe1fc4bbb90>,24,25,[ 3 10],25,78,103,53,75
1,<environment.Job instance at 0x7fe1fd18b820>,47,24,[10  2],48,82,106,34,80
1,<environment.Job instance at 0x7fe1fd18be60>,49,1,[10  1],50,106,107,56,82
1,<environment.Job instance at 0x7fe1fc0d9230>,50,12,[8 1],51,107,119,56,92
1,<environment.Job instance at 0x7fe1fd1a1a00>,44,12,[ 2 13],45,103,115,58,97
1,<environment.Job instance at 0x7fe1fd18b0a0>,48,14,[ 5 14],49,115,129,66,110
1,<environment.Job instance at 0x7fe1fc0d95a0>,53,15,[ 3 12],54,129,144,75,115
1,<environment.Job instance at 0x7fe1fc0fa780>,0,21,[5 6],1,1,22,0,1
1,<environment.Job instance at 0x7fe1fc0fa1e0>,1,12,[5 6],2,2,14,0,2
1,<environment.Job instance at 0x7fe1fc102aa0>,9,1,[1 5],10,14,15,4,14
1,<environment.Job instance at 0x7fe1fc1029b0>,6,1,[8 1],7,14,15,7,14
1,<environment.Job instance at 0x7fe1fc102500>,10,1,[1 6],11,15,16,4,15
1,<environment.Job instance at 0x7fe1fc102c80>,8,2,[7 2],9,15,17,6,15
1,<environment.Job instance at 0x7fe1fc7acb90>,14,17,[2 5],15,16,33,1,16
1,<environment.Job instance at 0x7fe1fc7ac5f0>,15,14,[8 2],16,17,31,1,17
1,<environment.Job instance at 0x7fe1fc102d20>,7,16,[4 5],8,22,38,14,22
1,<environment.Job instance at 0x7fe1fc7acfa0>,18,18,[8 2],19,31,49,12,31
1,<environment.Job instance at 0x7fe1fc0fa960>,2,1,[ 4 10],3,38,39,35,38
1,<environment.Job instance at 0x7fe1fc7ac780>,26,1,[2 5],27,39,40,12,39
1,<environment.Job instance at 0x7fe1fc7ac370>,21,18,[5 8],22,39,57,17,39
1,<environment.Job instance at 0x7fe1fc7ac8c0>,25,15,[6 5],26,49,64,23,49
1,<environment.Job instance at 0x7fe1fc7ac820>,16,2,[4 9],17,57,59,40,57
1,<environment.Job instance at 0x7fe1fc71dd20>,34,12,[3 8],35,59,71,24,59
1,<environment.Job instance at 0x7fe1fc7acd70>,19,18,[6 2],20,59,77,39,59
1,<environment.Job instance at 0x7fe205e04b40>,37,16,[4 5],38,64,80,26,64
1,<environment.Job instance at 0x7fe1fc71d500>,33,18,[5 7],34,71,89,37,71
1,<environment.Job instance at 0x7fe205e04690>,42,2,[2 5],43,80,82,37,80
1,<environment.Job instance at 0x7fe1fc71d9b0>,28,17,[7 3],29,80,97,51,80
1,<environment.Job instance at 0x7fe205e04b90>,45,1,[4 9],46,89,90,43,89
1,<environment.Job instance at 0x7fe1fc71d280>,36,13,[1 9],37,90,103,53,90
1,<environment.Job instance at 0x7fe1fc1a5af0>,49,1,[10  1],50,97,98,47,97
1,<environment.Job instance at 0x7fe1fbfb81e0>,50,12,[8 1],51,98,110,47,98
1,<environment.Job instance at 0x7fe205e046e0>,46,15,[5 7],47,103,118,56,103
1,<environment.Job instance at 0x7fe1fc270a50>,56,13,[10  5],57,110,123,53,110
1,<environment.Job instance at 0x7fe205dfce60>,54,17,[ 3 10],55,118,135,63,118
1,<environment.Job instance at 0x7fe1fc5c28c0>,1,14,[4 9],2,2,16,0,2
1,<environment.Job instance at 0x7fe1fc5c2780>,4,12,[4 8],5,16,28,11,5
1,<environment.Job instance at 0x7fe1fc08f190>,7,1,[5 1],8,8,9,0,8
1,<environment.Job instance at 0x7fe1fc5c24b0>,10,13,[ 3 12],11,28,41,17,13
1,<environment.Job instance at 0x7fe1fc08fb90>,13,1,[ 1 14],14,41,42,27,15
1,<environment.Job instance at 0x7fe1fc08f820>,9,12,[ 3 12],10,42,54,32,25
1,<environment.Job instance at 0x7fe1fc08f6e0>,21,3,[5 9],22,54,57,32,29
1,<environment.Job instance at 0x7fe1fc08f320>,22,2,[6 4],23,54,56,31,29
1,<environment.Job instance at 0x7fe1fc08f280>,23,2,[3 5],24,56,58,32,29
1,<environment.Job instance at 0x7fe1fc08f690>,18,13,[3 9],19,57,70,38,42
1,<environment.Job instance at 0x7fe1fc08fa00>,27,2,[2 9],28,70,72,42,43
1,<environment.Job instance at 0x7fe1fd17a140>,36,3,[7 4],37,58,61,21,45
1,<environment.Job instance at 0x7fe1fc072aa0>,44,2,[13  3],45,70,72,25,45
1,<environment.Job instance at 0x7fe1fc072230>,43,2,[2 9],44,72,74,28,45
1,<environment.Job instance at 0x7fe1fc0721e0>,45,1,[8 1],46,46,47,0,46
1,<environment.Job instance at 0x7fe1fc08fe60>,29,1,[3 6],30,61,62,31,51
1,<environment.Job instance at 0x7fe1fc072b40>,50,20,[4 5],51,72,92,21,63
1,<environment.Job instance at 0x7fe1fc072640>,53,2,[ 5 13],54,92,94,38,65
1,<environment.Job instance at 0x7fe1fc0723c0>,55,1,[4 9],56,74,75,18,65
1,<environment.Job instance at 0x7fe1fc0986e0>,56,12,[3 5],57,75,87,18,65
1,<environment.Job instance at 0x7fe1fc098cd0>,65,13,[1 8],66,94,107,28,78
1,<environment.Job instance at 0x7fe1fc098460>,68,2,[ 2 10],69,87,89,18,80
1,<environment.Job instance at 0x7fe1fc098280>,64,13,[7 5],65,94,107,29,83
1,<environment.Job instance at 0x7fe1fc09fd70>,80,2,[9 1],81,89,91,8,87
1,<environment.Job instance at 0x7fe1fc09f410>,83,3,[ 1 14],84,107,110,23,87
1,<environment.Job instance at 0x7fe1fc09f8c0>,76,3,[1 9],77,89,92,12,88
1,<environment.Job instance at 0x7fe1fc09f5a0>,72,2,[2 6],73,110,112,37,93
1,<environment.Job instance at 0x7fe1fc28f5f0>,90,3,[1 9],91,110,113,19,94
1,<environment.Job instance at 0x7fe1fc09fe10>,88,14,[6 3],89,112,126,23,97
1,<environment.Job instance at 0x7fe1fc09f1e0>,75,16,[9 4],76,113,129,37,105
1,<environment.Job instance at 0x7fe1fc0847d0>,0,17,[2 7],1,1,18,0,1
1,<environment.Job instance at 0x7fe1fbf6c5a0>,4,12,[4 8],5,5,17,0,5
1,<environment.Job instance at 0x7fe205ed67d0>,7,1,[5 1],8,17,18,9,17
1,<environment.Job instance at 0x7fe1fc5be6e0>,14,16,[5 5],15,17,33,2,17
1,<environment.Job instance at 0x7fe1fd17a050>,15,12,[ 3 10],16,18,30,2,18
1,<environment.Job instance at 0x7fe1fc5bef00>,18,13,[3 9],19,30,43,11,30
1,<environment.Job instance at 0x7fe1fc5bed20>,17,13,[8 5],18,33,46,15,33
1,<environment.Job instance at 0x7fe1fc072d70>,22,2,[6 4],23,43,45,20,43
1,<environment.Job instance at 0x7fe1fc072460>,23,2,[3 5],24,45,47,21,45
1,<environment.Job instance at 0x7fe1fc00eb40>,24,15,[2 5],25,45,60,20,45
1,<environment.Job instance at 0x7fe1fc0727d0>,20,16,[6 5],21,46,62,25,46
1,<environment.Job instance at 0x7fe1fc5beaf0>,16,17,[4 5],17,47,64,30,47
1,<environment.Job instance at 0x7fe1fc09faa0>,27,2,[2 9],28,62,64,34,62
1,<environment.Job instance at 0x7fe1fc09fa50>,28,15,[9 1],29,62,77,33,62
1,<environment.Job instance at 0x7fe1fc09ff00>,29,1,[3 6],30,64,65,34,64
1,<environment.Job instance at 0x7fe1fc5bedc0>,21,3,[5 9],22,65,68,43,65
1,<environment.Job instance at 0x7fe1fc00cb40>,31,13,[1 8],32,68,81,36,68
1,<environment.Job instance at 0x7fe1fc00c910>,30,13,[6 1],31,77,90,46,77
1,<environment.Job instance at 0x7fe1fc5c2050>,35,15,[6 1],36,77,92,41,77
1,<environment.Job instance at 0x7fe1fc5c2910>,36,3,[7 4],37,90,93,53,90
1,<environment.Job instance at 0x7fe1fc28f2d0>,34,13,[ 5 10],35,92,105,57,92
1,<environment.Job instance at 0x7fe1fc4b3910>,39,12,[10  3],40,93,105,53,93
1,<environment.Job instance at 0x7fe1fc084f00>,1,14,[4 9],2,105,119,103,105
1,<environment.Job instance at 0x7fe1fc098410>,26,16,[9 2],27,105,121,78,105
1,<environment.Job instance at 0x7fe2057fd460>,43,2,[2 9],44,119,121,75,119
1,<environment.Job instance at 0x7fe1fc4b62d0>,5,3,[12  1],6,6,9,0,6
1,<environment.Job instance at 0x7fe1fc2ef5a0>,14,18,[10  1],15,15,33,0,15
1,<environment.Job instance at 0x7fe1fc2ef2d0>,11,1,[7 2],12,33,34,21,15
1,<environment.Job instance at 0x7fe1fc3284b0>,9,1,[14  5],10,34,35,24,16
1,<environment.Job instance at 0x7fe1fc328280>,12,2,[3 7],13,17,19,4,17
1,<environment.Job instance at 0x7fe1fc32ce10>,18,2,[4 7],19,19,21,0,19
1,<environment.Job instance at 0x7fe1fc32c960>,16,12,[9 1],17,35,47,18,20
1,<environment.Job instance at 0x7fe1fc328aa0>,8,3,[14  3],9,47,50,38,26
1,<environment.Job instance at 0x7fe1fccb9c80>,4,15,[10  3],5,5,20,0,5
1,<environment.Job instance at 0x7fe205a15550>,12,2,[3 7],13,13,15,0,13
1,<environment.Job instance at 0x7fe1fca75550>,11,1,[7 2],12,20,21,8,20
1,<environment.Job instance at 0x7fe1fcadd1e0>,18,2,[4 7],19,20,22,1,20
1,<environment.Job instance at 0x7fe1fbf1e410>,16,12,[9 1],17,21,33,4,21
1,<environment.Job instance at 0x7fe1fc7c4be0>,25,15,[4 9],26,26,41,0,26
1,<environment.Job instance at 0x7fe205bc7d20>,13,16,[9 4],14,33,49,19,33
1,<environment.Job instance at 0x7fe1fc5be6e0>,33,12,[5 8],34,41,53,7,41
1,<environment.Job instance at 0x7fe1fc5be910>,37,12,[2 7],38,49,61,11,49
1,<environment.Job instance at 0x7fe1fc5be4b0>,36,12,[10  1],37,53,65,16,53
1,<environment.Job instance at 0x7fe1fd17e4b0>,38,14,[ 4 10],39,61,75,22,61
1,<environment.Job instance at 0x7fe205bc7d70>,14,18,[10  1],15,66,84,51,66
1,<environment.Job instance at 0x7fe205ed67d0>,35,14,[3 8],36,75,89,39,75
1,<environment.Job instance at 0x7fe205883730>,44,13,[7 4],45,84,97,39,84
1,<environment.Job instance at 0x7fe1fbeaed20>,43,16,[3 8],44,89,105,45,89
1,<environment.Job instance at 0x7fe1fc5aedc0>,50,16,[7 2],51,97,113,46,97
1,<environment.Job instance at 0x7fe1fc4d1640>,51,16,[ 3 10],52,105,121,53,105
1,<environment.Job instance at 0x7fe1fcdf60f0>,47,16,[6 2],48,113,129,65,113
1,<environment.Job instance at 0x7fe1fd1dd870>,1,15,[6 2],2,2,17,0,2
1,<environment.Job instance at 0x7fe1fd1b8820>,5,17,[3 5],6,6,23,0,6
1,<environment.Job instance at 0x7fe1fd1b8690>,8,1,[ 5 10],9,17,18,8,9
1,<environment.Job instance at 0x7fe1fd1b8be0>,13,12,[ 3 13],14,38,50,24,38
1,<environment.Job instance at 0x7fe1fd1b8910>,14,18,[1 8],15,50,68,35,40
1,<environment.Job instance at 0x7fe1fbd932d0>,1,15,[6 2],2,2,17,0,2
1,<environment.Job instance at 0x7fe1fc2b45a0>,2,17,[7 4],3,3,20,0,3
1,<environment.Job instance at 0x7fe1fc09f140>,8,1,[ 5 10],9,17,18,8,17
1,<environment.Job instance at 0x7fe1fc098500>,16,1,[6 5],17,18,19,1,18
1,<environment.Job instance at 0x7fe1fc098cd0>,17,12,[2 8],18,19,31,1,19
1,<environment.Job instance at 0x7fe1fc7d7820>,5,17,[3 5],6,20,37,14,20
1,<environment.Job instance at 0x7fe1fc098f00>,18,14,[ 1 10],19,31,45,12,31
1,<environment.Job instance at 0x7fe1fc28feb0>,19,18,[7 4],20,37,55,17,37
1,<environment.Job instance at 0x7fe1fc28ff00>,21,14,[1 7],22,45,59,23,45
1,<environment.Job instance at 0x7fe1fc28f320>,22,18,[6 4],23,45,63,22,45
1,<environment.Job instance at 0x7fe1fc4d1500>,25,14,[3 9],26,59,73,33,59
1,<environment.Job instance at 0x7fe1fbeaef50>,26,1,[10  5],27,63,64,36,63
1,<environment.Job instance at 0x7fe1fc1890f0>,27,14,[5 3],28,64,78,36,64
1,<environment.Job instance at 0x7fe1fcadde10>,31,15,[7 3],32,64,79,32,64
1,<environment.Job instance at 0x7fe1fbd6e370>,6,16,[3 9],7,73,89,66,73
1,<environment.Job instance at 0x7fe1fcd00730>,33,14,[10  1],34,79,93,45,79
1,<environment.Job instance at 0x7fe1fca75550>,34,3,[1 9],35,89,92,54,89
1,<environment.Job instance at 0x7fe2057f4aa0>,38,17,[3 6],39,92,109,53,92
1,<environment.Job instance at 0x7fe1fc09f6e0>,14,18,[1 8],15,92,110,77,92
1,<environment.Job instance at 0x7fe1fbd7d280>,35,3,[7 1],36,93,96,57,93
1,<environment.Job instance at 0x7fe1fc8afe10>,39,13,[8 2],40,109,122,69,109
1,<environment.Job instance at 0x7fe1fbf1e410>,40,13,[4 5],41,109,122,68,109
1,<environment.Job instance at 0x7fe1fc09faa0>,15,18,[2 7],16,110,128,94,110
1,<environment.Job instance at 0x7fe1fbf4da00>,0,2,[ 1 13],1,1,3,0,1
1,<environment.Job instance at 0x7fe1fd213cd0>,5,2,[8 2],6,6,8,0,6
1,<environment.Job instance at 0x7fe1fd213f50>,14,1,[ 2 13],15,15,16,0,15
1,<environment.Job instance at 0x7fe1fc4f6230>,20,3,[7 3],21,21,24,0,21
1,<environment.Job instance at 0x7fe1fc4f67d0>,22,1,[3 6],23,23,24,0,23
1,<environment.Job instance at 0x7fe1fbb1e4b0>,30,1,[ 1 11],31,31,32,0,31
1,<environment.Job instance at 0x7fe1fbb1ef50>,34,1,[2 5],35,35,36,0,35
1,<environment.Job instance at 0x7fe1fbb1e0f0>,37,3,[5 6],38,40,43,2,40
1,<environment.Job instance at 0x7fe1fbb7c9b0>,1,17,[ 1 10],2,2,19,0,2
1,<environment.Job instance at 0x7fe1fbb7c370>,4,22,[8 3],5,5,27,0,5
1,<environment.Job instance at 0x7fe1fbb7c0f0>,9,16,[1 7],10,19,35,9,19
1,<environment.Job instance at 0x7fe1fbb7c3c0>,5,2,[8 2],6,27,29,21,27
1,<environment.Job instance at 0x7fe1fc369f00>,13,14,[5 5],14,27,41,13,27
1,<environment.Job instance at 0x7fe1fc3699b0>,20,3,[7 3],21,29,32,8,29
1,<environment.Job instance at 0x7fe1fc369a00>,22,1,[3 6],23,35,36,12,35
1,<environment.Job instance at 0x7fe1fc369f50>,18,15,[2 5],19,36,51,17,36
1,<environment.Job instance at 0x7fe1fcdd9f50>,34,1,[2 5],35,41,42,6,41
1,<environment.Job instance at 0x7fe1fc369960>,19,18,[9 5],20,41,59,21,41
1,<environment.Job instance at 0x7fe1fcdd99b0>,37,3,[5 6],38,51,54,13,51
1,<environment.Job instance at 0x7fe1fcdd9c80>,39,15,[5 8],40,54,69,14,54
1,<environment.Job instance at 0x7fe1fc369550>,24,17,[2 6],25,59,76,34,59
1,<environment.Job instance at 0x7fe1fc369c30>,23,16,[1 9],24,69,85,45,69
1,<environment.Job instance at 0x7fe1fcdd9eb0>,41,17,[2 6],42,76,93,34,76
1,<environment.Job instance at 0x7fe1fcdd9280>,43,2,[1 5],44,85,87,41,85
1,<environment.Job instance at 0x7fe1fcdd9e10>,36,18,[10  2],37,85,103,48,85
1,<environment.Job instance at 0x7fe1fc369370>,11,18,[1 6],12,87,105,75,87
1,<environment.Job instance at 0x7fe2057ca050>,46,15,[4 5],47,93,108,46,93
1,<environment.Job instance at 0x7fe2057ca230>,51,1,[4 5],52,105,106,53,105
1,<environment.Job instance at 0x7fe2057ca320>,54,15,[7 4],55,105,120,50,105
1,<environment.Job instance at 0x7fe2057cae60>,48,17,[3 5],49,106,123,57,106
1,<environment.Job instance at 0x7fe1fc67fcd0>,0,3,[1 9],1,1,4,0,1
1,<environment.Job instance at 0x7fe1fc67f140>,1,13,[4 6],2,2,15,0,2
1,<environment.Job instance at 0x7fe1fc67fd20>,3,12,[7 4],4,4,16,0,4
1,<environment.Job instance at 0x7fe1fc67faa0>,4,1,[4 5],5,5,6,0,5
1,<environment.Job instance at 0x7fe1fc0ae140>,10,13,[ 5 11],11,15,28,4,11
1,<environment.Job instance at 0x7fe1fc0ae0f0>,13,12,[8 1],14,16,28,2,14
1,<environment.Job instance at 0x7fe1fc0aed70>,14,14,[10  2],15,28,42,13,15
1,<environment.Job instance at 0x7fe1fc0ae5a0>,16,3,[7 5],17,42,45,25,17
1,<environment.Job instance at 0x7fe1fc0aedc0>,19,3,[ 5 14],20,45,48,25,20
1,<environment.Job instance at 0x7fe1fc0ae780>,20,3,[14  4],21,48,51,27,22
1,<environment.Job instance at 0x7fe1fc0aea00>,24,3,[8 5],25,42,45,17,25
1,<environment.Job instance at 0x7fe1fcaecb90>,25,12,[ 1 10],26,28,40,2,26
1,<environment.Job instance at 0x7fe1fcaecf00>,26,2,[13  2],27,51,53,24,27
1,<environment.Job instance at 0x7fe1fcaec460>,31,3,[ 1 10],32,48,51,16,32
1,<environment.Job instance at 0x7fe1fcaec4b0>,33,13,[5 5],34,53,66,19,37
1,<environment.Job instance at 0x7fe1fcaecd70>,35,3,[4 8],36,53,56,17,37
1,<environment.Job instance at 0x7fe1fcaecfa0>,36,17,[7 1],37,56,73,19,44
1,<environment.Job instance at 0x7fe1fcaec690>,39,14,[1 7],40,56,70,16,49
1,<environment.Job instance at 0x7fe1fcdb1730>,48,2,[7 4],49,66,68,17,50
1,<environment.Job instance at 0x7fe1fcdb1e10>,49,2,[4 6],50,68,70,18,50
1,<environment.Job instance at 0x7fe1fcdb1050>,50,2,[12  2],51,73,75,22,51
1,<environment.Job instance at 0x7fe1fc6c1820>,52,2,[1 6],53,70,72,17,53
1,<environment.Job instance at 0x7fe1fcaec2d0>,37,1,[2 8],38,70,71,32,55
1,<environment.Job instance at 0x7fe1fcaec870>,40,13,[4 5],41,75,88,34,59
1,<environment.Job instance at 0x7fe1fc6c10a0>,57,3,[2 9],58,72,75,14,61
1,<environment.Job instance at 0x7fe1fc6c18c0>,56,3,[3 6],57,75,78,18,61
1,<environment.Job instance at 0x7fe1fc6c1230>,61,12,[8 4],62,75,87,13,62
1,<environment.Job instance at 0x7fe1fc6c10f0>,62,16,[1 8],63,87,103,24,74
1,<environment.Job instance at 0x7fe1fc6c1cd0>,64,26,[2 6],65,88,114,23,88
1,<environment.Job instance at 0x7fe1fc6c19b0>,67,13,[13  5],68,103,116,35,90
1,<environment.Job instance at 0x7fe1fc6c1780>,69,2,[2 5],70,114,116,44,90
1,<environment.Job instance at 0x7fe1fc6c1eb0>,68,1,[6 2],69,116,117,47,90
1,<environment.Job instance at 0x7fe1fc89aa50>,71,12,[2 7],72,116,128,44,103
1,<environment.Job instance at 0x7fe1fc89a0a0>,72,1,[ 1 13],73,128,129,55,103
1,<environment.Job instance at 0x7fe1fc89a460>,73,26,[8 2],74,117,143,43,115
1,<environment.Job instance at 0x7fe1fc6c1af0>,70,17,[5 3],71,129,146,58,117
1,<environment.Job instance at 0x7fe1fc511dc0>,0,3,[1 9],1,1,4,0,1
1,<environment.Job instance at 0x7fe1fc511eb0>,1,13,[4 6],2,2,15,0,2
1,<environment.Job instance at 0x7fe1fc511b40>,3,12,[7 4],4,4,16,0,4
1,<environment.Job instance at 0x7fe1fc0edaf0>,4,1,[4 5],5,5,6,0,5
1,<environment.Job instance at 0x7fe1fc40e410>,13,12,[8 1],14,15,27,1,15
1,<environment.Job instance at 0x7fe1fc511460>,8,18,[7 3],9,16,34,7,16
1,<environment.Job instance at 0x7fe1fc593960>,16,3,[7 5],17,27,30,10,27
1,<environment.Job instance at 0x7fe1fc5931e0>,17,14,[4 9],18,30,44,12,30
1,<environment.Job instance at 0x7fe1fc50feb0>,24,3,[8 5],25,34,37,9,34
1,<environment.Job instance at 0x7fe1fbb1b690>,14,14,[10  2],15,37,51,22,37
1,<environment.Job instance at 0x7fe1fc506b90>,31,3,[ 1 10],32,44,47,12,44
1,<environment.Job instance at 0x7fe1fbeed280>,25,12,[ 1 10],26,48,60,22,48
1,<environment.Job instance at 0x7fe1fbf632d0>,33,13,[5 5],34,51,64,17,51
1,<environment.Job instance at 0x7fe1fce36690>,35,3,[4 8],36,60,63,24,60
1,<environment.Job instance at 0x7fe1fc50fc80>,22,15,[3 9],23,63,78,40,63
1,<environment.Job instance at 0x7fe1fba7ebe0>,36,17,[7 1],37,63,80,26,63
1,<environment.Job instance at 0x7fe1fc50fa00>,23,15,[5 5],24,64,79,40,64
1,<environment.Job instance at 0x7fe22139b190>,37,1,[2 8],38,78,79,40,78
1,<environment.Job instance at 0x7fe1fbe11140>,40,13,[4 5],41,79,92,38,79
1,<environment.Job instance at 0x7fe1fbe116e0>,39,14,[1 7],40,79,93,39,79
1,<environment.Job instance at 0x7fe1fc55ef00>,27,15,[10  2],28,80,95,52,80
1,<environment.Job instance at 0x7fe1fbd932d0>,49,2,[4 6],50,92,94,42,92
1,<environment.Job instance at 0x7fe1fd011190>,52,2,[1 6],53,93,95,40,93
1,<environment.Job instance at 0x7fe1fd011500>,53,16,[4 6],54,94,110,40,94
1,<environment.Job instance at 0x7fe1fc294780>,48,2,[7 4],49,96,98,47,96
1,<environment.Job instance at 0x7fe1fbdf60f0>,56,3,[3 6],57,98,101,41,98
1,<environment.Job instance at 0x7fe1fbdf6af0>,57,3,[2 9],58,101,104,43,101
1,<environment.Job instance at 0x7fe1fbae1410>,43,15,[5 5],44,104,119,60,104
1,<environment.Job instance at 0x7fe1fbdf68c0>,60,16,[7 3],61,111,127,50,111
1,<environment.Job instance at 0x7fe1fbdf63c0>,58,16,[2 7],59,111,127,52,111
1,<environment.Job instance at 0x7fe1fcf07f50>,44,22,[6 5],45,119,141,74,119
1,<environment.Job instance at 0x7fe1fca858c0>,7,3,[10  4],8,8,11,0,8
1,<environment.Job instance at 0x7fe1fca854b0>,8,13,[8 4],9,11,24,2,9
1,<environment.Job instance at 0x7fe1fc7aaa50>,1,15,[9 2],2,2,17,0,2
1,<environment.Job instance at 0x7fe1fc7870a0>,11,22,[ 5 10],12,12,34,0,12
1,<environment.Job instance at 0x7fe1fc513d70>,7,3,[10  4],8,17,20,9,17
1,<environment.Job instance at 0x7fe1fc5133c0>,8,13,[8 4],9,20,33,11,20
1,<environment.Job instance at 0x7fe1fc513eb0>,14,13,[8 2],15,33,46,18,33
1,<environment.Job instance at 0x7fe1fbdfbc80>,22,2,[1 9],23,34,36,11,34
1,<environment.Job instance at 0x7fe1fbb65fa0>,23,14,[5 1],24,34,48,10,34
1,<environment.Job instance at 0x7fe1fbd6ea50>,27,1,[ 2 10],28,36,37,8,36
1,<environment.Job instance at 0x7fe1fc4f8b40>,13,3,[4 9],14,46,49,32,46
1,<environment.Job instance at 0x7fe1fcc7ab90>,31,15,[6 1],32,46,61,14,46
1,<environment.Job instance at 0x7fe1fc520cd0>,37,14,[ 4 10],38,49,63,11,49
1,<environment.Job instance at 0x7fe1fc520c30>,38,1,[5 5],39,61,62,22,61
1,<environment.Job instance at 0x7fe1fbdf6aa0>,40,16,[9 2],41,62,78,21,62
1,<environment.Job instance at 0x7fe1fc520690>,36,18,[3 5],37,63,81,26,63
1,<environment.Job instance at 0x7fe1fbdf6140>,43,2,[8 2],44,78,80,34,78
1,<environment.Job instance at 0x7fe1fc1896e0>,46,12,[1 9],47,80,92,33,80
1,<environment.Job instance at 0x7fe1fc523c30>,30,18,[8 1],31,80,98,49,80
1,<environment.Job instance at 0x7fe1fbe11370>,52,16,[6 5],53,81,97,28,81
1,<environment.Job instance at 0x7fe1fbe11690>,53,1,[10  5],54,98,99,44,98
1,<environment.Job instance at 0x7fe1fbd93af0>,49,16,[9 4],50,99,115,49,99
1,<environment.Job instance at 0x7fe1fbe11eb0>,55,21,[ 1 10],56,99,120,43,99
1,<environment.Job instance at 0x7fe1fccf05a0>,24,17,[9 2],25,115,132,90,115
1,<environment.Job instance at 0x7fe1fd197af0>,0,2,[10  2],1,1,3,0,1
1,<environment.Job instance at 0x7fe1fd197280>,5,2,[5 3],6,9,11,3,9
1,<environment.Job instance at 0x7fe1fc777140>,7,1,[6 1],8,9,10,1,9
1,<environment.Job instance at 0x7fe1fc777fa0>,10,3,[9 4],11,11,14,0,11
1,<environment.Job instance at 0x7fe1fc777820>,11,13,[8 2],12,14,27,2,12
1,<environment.Job instance at 0x7fe1fc777b40>,13,2,[8 2],14,27,29,13,14
1,<environment.Job instance at 0x7fe1fc777c80>,15,15,[5 1],16,16,31,0,16
1,<environment.Job instance at 0x7fe1fc777f50>,16,3,[2 7],17,17,20,0,17
1,<environment.Job instance at 0x7fe1fc777e60>,17,1,[ 4 12],18,29,30,11,18
1,<environment.Job instance at 0x7fe205e03960>,18,3,[10  5],19,30,33,11,19
1,<environment.Job instance at 0x7fe1fc777640>,9,16,[5 6],10,31,47,21,22
1,<environment.Job instance at 0x7fe205e03910>,22,3,[13  2],23,47,50,24,23
1,<environment.Job instance at 0x7fe205e03640>,21,16,[ 5 10],22,50,66,28,37
1,<environment.Job instance at 0x7fe1fc777460>,8,15,[1 5],9,37,52,28,37
1,<environment.Job instance at 0x7fe1fc7fd3c0>,28,13,[5 4],29,52,65,23,44
1,<environment.Job instance at 0x7fe1fc1ef370>,0,2,[10  2],1,1,3,0,1
1,<environment.Job instance at 0x7fe1fc1efd70>,2,17,[9 4],3,3,20,0,3
1,<environment.Job instance at 0x7fe1fbc5d550>,5,2,[5 3],6,6,8,0,6
1,<environment.Job instance at 0x7fe1fbc5d460>,7,1,[6 1],8,8,9,0,8
1,<environment.Job instance at 0x7fe1fc2118c0>,8,15,[1 5],9,9,24,0,9
1,<environment.Job instance at 0x7fe1ff228410>,6,18,[4 5],7,9,27,2,9
1,<environment.Job instance at 0x7fe1fc2029b0>,13,2,[8 2],14,20,22,6,20
1,<environment.Job instance at 0x7fe1fc1ef5f0>,10,3,[9 4],11,22,25,11,22
1,<environment.Job instance at 0x7fe1fc22c9b0>,16,3,[2 7],17,25,28,8,25
1,<environment.Job instance at 0x7fe1fc2028c0>,11,13,[8 2],12,25,38,13,25
1,<environment.Job instance at 0x7fe1fc202550>,15,15,[5 1],16,27,42,11,27
1,<environment.Job instance at 0x7fe1fc22c2d0>,18,3,[10  5],19,38,41,19,38
1,<environment.Job instance at 0x7fe1fd062d20>,28,13,[5 4],29,41,54,12,41
1,<environment.Job instance at 0x7fe1fd062f00>,30,15,[2 6],31,41,56,10,41
1,<environment.Job instance at 0x7fe1fc215370>,20,15,[10  4],21,54,69,33,54
1,<environment.Job instance at 0x7fe1fbc5df00>,9,16,[5 6],10,56,72,46,56
1,<environment.Job instance at 0x7fe1fc202320>,14,16,[4 6],15,69,85,54,69
1,<environment.Job instance at 0x7fe1fd054f50>,42,12,[2 9],43,72,84,29,72
1,<environment.Job instance at 0x7fe1fbaef460>,45,13,[10  3],46,84,97,38,84
1,<environment.Job instance at 0x7fe1fbb0afa0>,48,14,[1 7],49,85,99,36,85
1,<environment.Job instance at 0x7fe1fc471dc0>,49,3,[8 2],50,97,100,47,97
1,<environment.Job instance at 0x7fe1fc215d70>,21,16,[ 5 10],22,99,115,77,99
1,<environment.Job instance at 0x7fe1fc2054b0>,55,18,[10  5],56,100,118,44,100
1,<environment.Job instance at 0x7fe1fd0623c0>,31,18,[ 5 10],32,115,133,83,115
1,<environment.Job instance at 0x7fe1fd07e460>,32,18,[10  2],33,118,136,85,118
1,<environment.Job instance at 0x7fe1fc384f50>,3,1,[ 3 10],4,5,6,1,5
1,<environment.Job instance at 0x7fe1fc384370>,6,2,[ 1 11],7,7,9,0,7
1,<environment.Job instance at 0x7fe1fc3acaf0>,12,2,[3 5],13,13,15,0,13
1,<environment.Job instance at 0x7fe1fc3acd20>,14,2,[1 9],15,15,17,0,15
1,<environment.Job instance at 0x7fe1fc3acfa0>,15,1,[3 7],16,17,18,1,16
1,<environment.Job instance at 0x7fe1fc3ac460>,20,14,[5 4],21,21,35,0,21
1,<environment.Job instance at 0x7fe1fc3ac5a0>,22,2,[7 5],23,23,25,0,23
1,<environment.Job instance at 0x7fe1fc3ac370>,23,2,[ 2 10],24,25,27,1,24
1,<environment.Job instance at 0x7fe1fc381780>,25,1,[11  4],26,35,36,9,26
1,<environment.Job instance at 0x7fe1fc381af0>,26,3,[ 1 12],27,36,39,9,27
1,<environment.Job instance at 0x7fe1fc381870>,31,3,[4 5],32,32,35,0,32
1,<environment.Job instance at 0x7fe1fc381960>,32,2,[ 1 11],33,39,41,6,33
1,<environment.Job instance at 0x7fe1fc3815f0>,33,1,[3 6],34,34,35,0,34
1,<environment.Job instance at 0x7fe1fc3955f0>,37,12,[5 8],38,41,53,3,38
1,<environment.Job instance at 0x7fe1fc395cd0>,39,15,[4 8],40,53,68,13,40
1,<environment.Job instance at 0x7fe1fc3950a0>,44,13,[3 5],45,45,58,0,45
1,<environment.Job instance at 0x7fe1fc395140>,45,14,[ 2 11],46,68,82,22,53
1,<environment.Job instance at 0x7fe1fc395aa0>,50,14,[10  1],51,60,74,9,60
1,<environment.Job instance at 0x7fe1ff2286e0>,52,3,[4 9],53,82,85,29,60
1,<environment.Job instance at 0x7fe1fc384c30>,4,16,[6 1],5,74,90,69,74
1,<environment.Job instance at 0x7fe1ff2287d0>,53,16,[4 5],54,82,98,28,74
1,<environment.Job instance at 0x7fe1ff228c30>,55,24,[4 5],56,85,109,29,85
1,<environment.Job instance at 0x7fe1ff228b40>,57,12,[9 1],58,98,110,40,97
1,<environment.Job instance at 0x7fe1fc3aceb0>,0,12,[10  3],1,1,13,0,1
1,<environment.Job instance at 0x7fe1fc3ac1e0>,2,20,[ 4 10],3,3,23,0,3
1,<environment.Job instance at 0x7fe1fc3ac410>,1,13,[10  4],2,13,26,11,13
1,<environment.Job instance at 0x7fe1fc532d20>,3,1,[ 3 10],4,23,24,19,23
1,<environment.Job instance at 0x7fe1fc395050>,12,2,[3 5],13,24,26,11,24
1,<environment.Job instance at 0x7fe1fd1d8230>,15,1,[3 7],16,26,27,10,26
1,<environment.Job instance at 0x7fe1ff22ff50>,13,12,[3 5],14,26,38,12,26
1,<environment.Job instance at 0x7fe1fc532aa0>,4,16,[6 1],5,26,42,21,26
1,<environment.Job instance at 0x7fe1ff22f0a0>,14,2,[1 9],15,27,29,12,27
1,<environment.Job instance at 0x7fe1fc384c80>,20,14,[5 4],21,29,43,8,29
1,<environment.Job instance at 0x7fe1fca8b280>,23,2,[ 2 10],24,38,40,14,38
1,<environment.Job instance at 0x7fe1fc532dc0>,5,14,[ 4 10],6,40,54,34,40
1,<environment.Job instance at 0x7fe1fca8b2d0>,22,2,[7 5],23,43,45,20,43
1,<environment.Job instance at 0x7fe1fca8bf00>,29,13,[9 4],30,45,58,15,45
1,<environment.Job instance at 0x7fe1fca8b640>,31,3,[4 5],32,54,57,22,54
1,<environment.Job instance at 0x7fe1fca8b190>,28,17,[1 6],29,54,71,25,54
1,<environment.Job instance at 0x7fe1fc567320>,33,1,[3 6],34,58,59,24,58
1,<environment.Job instance at 0x7fe1fc567f00>,37,12,[5 8],38,59,71,21,59
1,<environment.Job instance at 0x7fe1fca8b320>,30,13,[4 8],31,71,84,40,71
1,<environment.Job instance at 0x7fe1fca8b0a0>,21,15,[6 4],22,71,86,49,71
1,<environment.Job instance at 0x7fe1fc5671e0>,44,13,[3 5],45,84,97,39,84
1,<environment.Job instance at 0x7fe1fc5678c0>,40,15,[1 6],41,84,99,43,84
1,<environment.Job instance at 0x7fe1fc5673c0>,47,14,[3 8],48,97,111,49,97
1,<environment.Job instance at 0x7fe1fc567d20>,50,14,[10  1],51,99,113,48,99
1,<environment.Job instance at 0x7fe1fc567190>,46,17,[1 6],47,99,116,52,99
1,<environment.Job instance at 0x7fe1fc5675f0>,39,15,[4 8],40,111,126,71,111
1,<environment.Job instance at 0x7fe1fba92e10>,53,16,[4 5],54,116,132,62,116
1,<environment.Job instance at 0x7fe1fb975c30>,3,14,[7 2],4,11,25,7,11
1,<environment.Job instance at 0x7fe1fc0cd780>,11,22,[ 1 10],12,14,36,2,14
1,<environment.Job instance at 0x7fe1fc0cdaf0>,9,15,[3 8],10,36,51,26,28
1,<environment.Job instance at 0x7fe1fc0cdb90>,12,2,[14  1],13,29,31,16,29
1,<environment.Job instance at 0x7fe1fc0cdd20>,13,18,[10  4],14,38,56,24,38
1,<environment.Job instance at 0x7fe1fcae0690>,16,20,[4 5],17,51,71,34,49
1,<environment.Job instance at 0x7fe1fcae01e0>,14,22,[ 2 10],15,56,78,41,55
1,<environment.Job instance at 0x7fe1fc5679b0>,0,22,[4 9],1,1,23,0,1
1,<environment.Job instance at 0x7fe1fc5678c0>,2,14,[9 2],3,3,17,0,3
1,<environment.Job instance at 0x7fe1fc567460>,3,14,[7 2],4,17,31,13,17
1,<environment.Job instance at 0x7fe1fc567e10>,10,14,[4 9],11,23,37,12,23
1,<environment.Job instance at 0x7fe1fc381cd0>,20,1,[8 2],21,31,32,10,31
1,<environment.Job instance at 0x7fe1fc3950f0>,18,14,[2 6],19,32,46,13,32
1,<environment.Job instance at 0x7fe1fc3aceb0>,21,15,[2 7],22,37,52,15,37
1,<environment.Job instance at 0x7fe1fc567aa0>,9,15,[3 8],10,46,61,36,46
1,<environment.Job instance at 0x7fe1fcae03c0>,23,16,[2 7],24,52,68,28,52
1,<environment.Job instance at 0x7fe1fc3ac410>,22,16,[5 3],23,61,77,38,61
1,<environment.Job instance at 0x7fe1fbdf8050>,25,12,[5 9],26,68,80,42,68
1,<environment.Job instance at 0x7fe1fb975d70>,28,17,[6 2],29,77,94,48,77
1,<environment.Job instance at 0x7fe1fbdf8820>,24,13,[ 3 10],25,80,93,55,80
1,<environment.Job instance at 0x7fe1fc6a4d20>,40,3,[6 5],41,93,96,52,93
1,<environment.Job instance at 0x7fe1fc6a4d70>,42,14,[3 7],43,93,107,50,93
1,<environment.Job instance at 0x7fe1fb975910>,27,15,[1 7],28,96,111,68,96
1,<environment.Job instance at 0x7fe205b82960>,44,3,[5 2],45,107,110,62,107
1,<environment.Job instance at 0x7fe1fc6a49b0>,31,18,[2 5],32,107,125,75,107
1,<environment.Job instance at 0x7fe205b820f0>,46,14,[10  3],47,110,124,63,110
1,<environment.Job instance at 0x7fe1fc046eb0>,0,1,[14  4],1,1,2,0,1
1,<environment.Job instance at 0x7fe1fbdf2a00>,6,1,[1 9],7,7,8,0,7
1,<environment.Job instance at 0x7fe1fbdf2050>,10,2,[ 3 14],11,11,13,0,11
1,<environment.Job instance at 0x7fe1fbdf2b90>,9,12,[6 5],10,14,26,4,14
1,<environment.Job instance at 0x7fe1fc046dc0>,8,1,[1 5],9,14,15,5,14
1,<environment.Job instance at 0x7fe1fbdf2280>,13,16,[8 4],14,14,30,0,14
1,<environment.Job instance at 0x7fe2057cac30>,6,1,[1 9],7,7,8,0,7
1,<environment.Job instance at 0x7fe2057ca280>,8,1,[1 5],9,9,10,0,9
1,<environment.Job instance at 0x7fe2057ca0a0>,9,12,[6 5],10,10,22,0,10
1,<environment.Job instance at 0x7fe2057ca640>,11,15,[9 1],12,12,27,0,12
1,<environment.Job instance at 0x7fe2057cab40>,15,2,[2 6],16,22,24,6,22
1,<environment.Job instance at 0x7fe2057ca550>,16,15,[1 8],17,22,37,5,22
1,<environment.Job instance at 0x7fe2057caf50>,14,2,[7 4],15,27,29,12,27
1,<environment.Job instance at 0x7fe2057ca370>,20,14,[5 3],21,27,41,6,27
1,<environment.Job instance at 0x7fe1fba0de10>,13,16,[8 4],14,29,45,15,29
1,<environment.Job instance at 0x7fe205b82280>,31,13,[5 4],32,41,54,9,41
1,<environment.Job instance at 0x7fe205b82c80>,28,15,[5 7],29,45,60,16,45
1,<environment.Job instance at 0x7fe205b826e0>,26,18,[5 3],27,45,63,18,45
1,<environment.Job instance at 0x7fe1fc3f4a50>,35,17,[5 5],36,54,71,18,54
1,<environment.Job instance at 0x7fe1fc0daa50>,37,13,[ 2 10],38,63,76,25,63
1,<environment.Job instance at 0x7fe1fca5f4b0>,42,3,[9 4],43,71,74,28,71
1,<environment.Job instance at 0x7fe1fc01ef00>,40,13,[6 5],41,74,87,33,74
1,<environment.Job instance at 0x7fe1fc01e2d0>,39,14,[6 2],40,76,90,36,76
1,<environment.Job instance at 0x7fe1fc62d500>,50,16,[9 5],51,87,103,36,87
1,<environment.Job instance at 0x7fe205b82e60>,25,16,[ 5 10],26,90,106,64,90
1,<environment.Job instance at 0x7fe1fb921d70>,60,1,[8 4],61,103,104,42,103
1,<environment.Job instance at 0x7fe1fc423910>,55,13,[9 3],56,104,117,48,104
1,<environment.Job instance at 0x7fe1fcba12d0>,62,3,[4 8],63,106,109,43,106
1,<environment.Job instance at 0x7fe1fc0a9460>,64,2,[3 9],65,109,111,44,109
1,<environment.Job instance at 0x7fe1fc4b5190>,65,1,[5 5],66,111,112,45,111
1,<environment.Job instance at 0x7fe1fcbb8190>,58,12,[ 3 10],59,112,124,53,112
1,<environment.Job instance at 0x7fe1fc0a90f0>,63,16,[10  4],64,117,133,53,117
1,<environment.Job instance at 0x7fe1fc340c30>,1,2,[8 2],2,2,4,0,2
1,<environment.Job instance at 0x7fe1fc340370>,5,15,[7 1],6,6,21,0,6
1,<environment.Job instance at 0x7fe1fc340410>,6,1,[8 1],7,7,8,0,7
1,<environment.Job instance at 0x7fe1fc3400a0>,7,12,[8 4],8,8,20,0,8
1,<environment.Job instance at 0x7fe1fc340fa0>,8,2,[4 7],9,20,22,11,9
1,<environment.Job instance at 0x7fe1fc340910>,10,1,[9 5],11,21,22,10,11
1,<environment.Job instance at 0x7fe1fc3402d0>,3,17,[3 5],4,22,39,18,12
1,<environment.Job instance at 0x7fe1fc0e9140>,15,1,[3 9],16,22,23,6,16
1,<environment.Job instance at 0x7fe1fc0e9370>,18,12,[2 8],19,23,35,4,19
1,<environment.Job instance at 0x7fe1fc0e9f50>,23,14,[6 2],24,24,38,0,24
1,<environment.Job instance at 0x7fe1fc0e9870>,24,3,[14  3],25,39,42,14,25
1,<environment.Job instance at 0x7fe1fc0e9e60>,26,14,[4 7],27,42,56,15,27
1,<environment.Job instance at 0x7fe1fc359230>,28,1,[3 9],29,38,39,9,29
1,<environment.Job instance at 0x7fe1fc359960>,31,14,[5 6],32,42,56,10,32
1,<environment.Job instance at 0x7fe1fc359730>,30,3,[12  1],31,56,59,25,33
1,<environment.Job instance at 0x7fe1fb921aa0>,33,1,[3 9],34,56,57,22,34
1,<environment.Job instance at 0x7fe1fb921960>,35,3,[8 2],36,59,62,23,38
1,<environment.Job instance at 0x7fe1fb921500>,39,2,[14  1],40,62,64,22,40
1,<environment.Job instance at 0x7fe1fb9210a0>,45,3,[6 4],46,59,62,13,46
1,<environment.Job instance at 0x7fe1fb921eb0>,43,13,[ 2 10],44,64,77,20,48
1,<environment.Job instance at 0x7fe1fb921e60>,46,15,[ 1 12],47,77,92,30,73
1,<environment.Job instance at 0x7fe1fb9217d0>,44,14,[12  2],45,92,106,47,92
1,<environment.Job instance at 0x7fe1fc013460>,1,2,[8 2],2,2,4,0,2
1,<environment.Job instance at 0x7fe1fc4755a0>,3,17,[3 5],4,4,21,0,4
1,<environment.Job instance at 0x7fe1fc46e730>,5,15,[7 1],6,6,21,0,6
1,<environment.Job instance at 0x7fe1fc472820>,8,2,[4 7],9,9,11,0,9
1,<environment.Job instance at 0x7fe1fc483a50>,9,22,[4 8],10,11,33,1,11
1,<environment.Job instance at 0x7fe1fc46ee10>,6,1,[8 1],7,21,22,14,21
1,<environment.Job instance at 0x7fe1fc483af0>,10,1,[9 5],11,22,23,11,22
1,<environment.Job instance at 0x7fe1fc42deb0>,7,12,[8 4],8,23,35,15,23
1,<environment.Job instance at 0x7fe1fc4a9d20>,15,1,[3 9],16,33,34,17,33
1,<environment.Job instance at 0x7fe1fc4a92d0>,18,12,[2 8],19,34,46,15,34
1,<environment.Job instance at 0x7fe1fc4a9af0>,17,16,[1 6],18,35,51,17,35
1,<environment.Job instance at 0x7fe1fc4b5190>,22,16,[3 8],23,46,62,23,46
1,<environment.Job instance at 0x7fe1fc36a910>,23,14,[6 2],24,51,65,27,51
1,<environment.Job instance at 0x7fe1fc4a9be0>,16,17,[5 4],17,51,68,34,51
1,<environment.Job instance at 0x7fe1fbdbd5f0>,28,1,[3 9],29,62,63,33,62
1,<environment.Job instance at 0x7fe1fcbb8cd0>,26,14,[4 7],27,63,77,36,63
1,<environment.Job instance at 0x7fe1fca5f4b0>,31,14,[5 6],32,68,82,36,68
1,<environment.Job instance at 0x7fe1fc1b71e0>,33,1,[3 9],34,77,78,43,77
1,<environment.Job instance at 0x7fe1fc0a7460>,35,3,[8 2],36,78,81,42,78
1,<environment.Job instance at 0x7fe1fc0a7e10>,38,13,[1 7],39,78,91,39,78
1,<environment.Job instance at 0x7fe1fc359aa0>,40,18,[8 2],41,81,99,40,81
1,<environment.Job instance at 0x7fe1fc0a7870>,36,16,[3 6],37,82,98,45,82
1,<environment.Job instance at 0x7fe1fb921690>,45,3,[6 4],46,98,101,52,98
1,<environment.Job instance at 0x7fe1fc4b96e0>,43,13,[ 2 10],44,99,112,55,99
1,<environment.Job instance at 0x7fe1fb9218c0>,47,15,[9 4],48,101,116,53,101
1,<environment.Job instance at 0x7fe1fcba5820>,52,3,[5 5],53,112,115,59,112
1,<environment.Job instance at 0x7fe1fc4813c0>,13,16,[ 1 10],14,115,131,101,115
1,<environment.Job instance at 0x7fe1fc3406e0>,50,15,[7 4],51,116,131,65,116
1,<environment.Job instance at 0x7fe1fbc09b90>,1,1,[7 4],2,2,3,0,2
1,<environment.Job instance at 0x7fe1fc65ec30>,2,14,[3 7],3,3,17,0,3
1,<environment.Job instance at 0x7fe1fc65ee10>,3,15,[4 7],4,4,19,0,4
1,<environment.Job instance at 0x7fe1fc64e140>,8,1,[1 5],9,17,18,8,9
1,<environment.Job instance at 0x7fe1fc64e1e0>,9,1,[14  3],10,19,20,9,10
1,<environment.Job instance at 0x7fe1fc64e3c0>,10,17,[7 1],11,20,37,9,11
1,<environment.Job instance at 0x7fe1fc65ecd0>,12,2,[ 2 14],13,20,22,7,13
1,<environment.Job instance at 0x7fe1fc64e8c0>,18,3,[ 5 13],19,22,25,3,19
1,<environment.Job instance at 0x7fe1fc64eaa0>,20,3,[5 2],21,25,28,4,21
1,<environment.Job instance at 0x7fe1fc64e9b0>,21,16,[8 1],22,28,44,6,24
1,<environment.Job instance at 0x7fe1fc650320>,32,12,[3 9],33,37,49,4,34
1,<environment.Job instance at 0x7fe1fc650460>,34,1,[6 1],35,44,45,9,35
1,<environment.Job instance at 0x7fe1fc64ec30>,23,13,[8 1],24,45,58,21,37
1,<environment.Job instance at 0x7fe1fc650140>,33,18,[ 2 13],34,49,67,15,44
1,<environment.Job instance at 0x7fe1fbff1280>,1,1,[7 4],2,2,3,0,2
1,<environment.Job instance at 0x7fe1fbff1050>,2,14,[3 7],3,3,17,0,3
1,<environment.Job instance at 0x7fe1fbff1780>,3,15,[4 7],4,4,19,0,4
1,<environment.Job instance at 0x7fe1fc090370>,10,17,[7 1],11,11,28,0,11
1,<environment.Job instance at 0x7fe1fc090500>,8,1,[1 5],9,17,18,8,17
1,<environment.Job instance at 0x7fe1fbff1190>,4,14,[8 2],5,19,33,14,19
1,<environment.Job instance at 0x7fe1fc090aa0>,16,17,[7 1],17,28,45,11,28
1,<environment.Job instance at 0x7fe1fc090fa0>,20,3,[5 2],21,33,36,12,33
1,<environment.Job instance at 0x7fe1fc090870>,21,16,[8 1],22,36,52,14,36
1,<environment.Job instance at 0x7fe1fbff15a0>,5,18,[4 9],6,45,63,39,45
1,<environment.Job instance at 0x7fe1fc090e60>,13,12,[10  1],14,52,64,38,52
1,<environment.Job instance at 0x7fe1fc4b7a00>,28,17,[3 5],29,63,80,34,63
1,<environment.Job instance at 0x7fe1fc090cd0>,17,13,[9 3],18,64,77,46,64
1,<environment.Job instance at 0x7fe1fc4b7050>,32,12,[3 9],33,77,89,44,77
1,<environment.Job instance at 0x7fe1fc4b7af0>,34,1,[6 1],35,77,78,42,77
1,<environment.Job instance at 0x7fe1fc4b77d0>,37,3,[6 1],38,78,81,40,78
1,<environment.Job instance at 0x7fe1fc4b7460>,38,16,[5 5],39,80,96,41,80
1,<environment.Job instance at 0x7fe1fcba50a0>,39,1,[9 3],40,89,90,49,89
1,<environment.Job instance at 0x7fe1fc090c80>,23,13,[8 1],24,90,103,66,90
1,<environment.Job instance at 0x7fe1fc0ce730>,44,15,[2 8],45,90,105,45,90
1,<environment.Job instance at 0x7fe1fc4b7f50>,42,16,[4 6],43,96,112,53,96
1,<environment.Job instance at 0x7fe1fc0ce2d0>,46,1,[8 1],47,103,104,56,103
1,<environment.Job instance at 0x7fe1fc0cec80>,51,3,[2 9],52,105,108,53,105
1,<environment.Job instance at 0x7fe1fc0ce6e0>,49,13,[9 4],50,108,121,58,108
1,<environment.Job instance at 0x7fe1fc0ce9b0>,53,16,[1 6],54,112,128,58,112
1,<environment.Job instance at 0x7fe1fc3404b0>,57,14,[5 5],58,112,126,54,112
1,<environment.Job instance at 0x7fe1fce24280>,1,2,[ 5 14],2,2,4,0,2
1,<environment.Job instance at 0x7fe1fce24c80>,5,12,[ 5 11],6,6,18,0,6
1,<environment.Job instance at 0x7fe1fbff1e60>,3,13,[3 7],4,18,31,14,7
1,<environment.Job instance at 0x7fe1fce24e60>,6,12,[10  3],7,8,20,1,8
1,<environment.Job instance at 0x7fe1fcd218c0>,13,12,[1 8],14,20,32,6,14
1,<environment.Job instance at 0x7fe1fcd21c30>,14,2,[14  1],15,31,33,16,15
1,<environment.Job instance at 0x7fe1fcd210a0>,16,2,[14  5],17,33,35,16,17
1,<environment.Job instance at 0x7fe1fcd21960>,18,2,[12  5],19,35,37,16,19
1,<environment.Job instance at 0x7fe1fcd21dc0>,20,2,[ 2 12],21,37,39,16,21
1,<environment.Job instance at 0x7fe1fcd21d20>,22,2,[3 5],23,35,37,12,23
1,<environment.Job instance at 0x7fe1fcd21190>,23,2,[3 6],24,39,41,15,24
1,<environment.Job instance at 0x7fe1fcd215a0>,24,13,[5 6],25,39,52,14,25
1,<environment.Job instance at 0x7fe1fc567460>,26,2,[ 3 14],27,52,54,25,27
1,<environment.Job instance at 0x7fe1fb982e60>,35,3,[14  4],36,54,57,18,36
1,<environment.Job instance at 0x7fe1fb9820f0>,40,13,[1 6],41,54,67,13,41
1,<environment.Job instance at 0x7fe1fb982be0>,45,1,[6 2],46,46,47,0,46
1,<environment.Job instance at 0x7fe1fd06fe10>,47,16,[2 5],48,57,73,9,48
1,<environment.Job instance at 0x7fe1fd06f320>,49,2,[1 7],50,50,52,0,50
1,<environment.Job instance at 0x7fe1fd06f910>,50,15,[6 1],51,57,72,6,51
1,<environment.Job instance at 0x7fe1fc5061e0>,53,27,[5 1],54,60,87,6,60
1,<environment.Job instance at 0x7fe1fd06f050>,54,22,[10  5],55,73,95,18,68
1,<environment.Job instance at 0x7fe1fc64e280>,2,18,[1 8],3,3,21,0,3
1,<environment.Job instance at 0x7fe1fc7d4460>,3,13,[3 7],4,4,17,0,4
1,<environment.Job instance at 0x7fe1fc64ea50>,6,12,[10  3],7,17,29,10,17
1,<environment.Job instance at 0x7fe1fc013820>,8,13,[3 8],9,21,34,12,21
1,<environment.Job instance at 0x7fe1fc13d190>,7,16,[5 7],8,29,45,21,29
1,<environment.Job instance at 0x7fe1fc46ee10>,13,12,[1 8],14,34,46,20,34
1,<environment.Job instance at 0x7fe1fc481c80>,19,16,[6 1],20,45,61,25,45
1,<environment.Job instance at 0x7fe1fc4813c0>,21,17,[8 3],22,45,62,23,45
1,<environment.Job instance at 0x7fe1fc013640>,10,15,[1 9],11,46,61,35,46
1,<environment.Job instance at 0x7fe1fc4a92d0>,22,2,[3 5],23,61,63,38,61
1,<environment.Job instance at 0x7fe1fc4a93c0>,23,2,[3 6],24,61,63,37,61
1,<environment.Job instance at 0x7fe1fc4a9c30>,24,13,[5 6],25,63,76,38,63
1,<environment.Job instance at 0x7fe1fcbb8cd0>,29,13,[8 2],30,63,76,33,63
1,<environment.Job instance at 0x7fe1fc021b40>,28,17,[1 7],29,63,80,34,63
1,<environment.Job instance at 0x7fe1fc021730>,31,13,[10  3],32,76,89,44,76
1,<environment.Job instance at 0x7fe1fc46e6e0>,12,14,[ 4 10],13,80,94,67,80
1,<environment.Job instance at 0x7fe1fc475550>,11,18,[10  4],12,89,107,77,89
1,<environment.Job instance at 0x7fe1fc4839b0>,17,15,[ 5 10],18,94,109,76,94
1,<environment.Job instance at 0x7fe1fc0a7e10>,41,18,[7 1],42,107,125,65,107
1,<environment.Job instance at 0x7fe1fc0a7e60>,40,13,[1 6],41,109,122,68,109
1,<environment.Job instance at 0x7fe1fb921690>,45,1,[6 2],46,109,110,63,109
1,<environment.Job instance at 0x7fe1fb921b90>,47,16,[2 5],48,110,126,62,110
1,<environment.Job instance at 0x7fe1fc9b0b40>,1,12,[5 4],2,2,14,0,2
1,<environment.Job instance at 0x7fe1fc9b0050>,3,12,[2 5],4,4,16,0,4
1,<environment.Job instance at 0x7fe1fc9b0870>,4,16,[4 5],5,5,21,0,5
1,<environment.Job instance at 0x7fe1fc5c96e0>,6,16,[4 5],7,14,30,7,9
1,<environment.Job instance at 0x7fe1fc5b6820>,9,1,[2 6],10,21,22,11,10
1,<environment.Job instance at 0x7fe1fbbb6910>,12,2,[ 5 11],13,30,32,17,13
1,<environment.Job instance at 0x7fe1fbbb6050>,14,14,[2 5],15,32,46,17,17
1,<environment.Job instance at 0x7fe1fbbbf4b0>,17,20,[5 2],18,18,38,0,18
1,<environment.Job instance at 0x7fe1fca8a410>,15,2,[8 2],16,32,34,16,19
1,<environment.Job instance at 0x7fe1fca8a230>,16,13,[1 8],17,34,47,17,21
1,<environment.Job instance at 0x7fe1fca8a0f0>,20,3,[8 2],21,38,41,17,34
1,<environment.Job instance at 0x7fe1fb86f0f0>,26,12,[3 5],27,46,58,19,38
1,<environment.Job instance at 0x7fe1fb86f460>,28,16,[1 7],29,47,63,18,38
1,<environment.Job instance at 0x7fe1fb86f140>,23,28,[7 2],24,41,69,17,40
1,<environment.Job instance at 0x7fe1fbd470a0>,36,2,[ 3 13],37,63,65,26,40
1,<environment.Job instance at 0x7fe1fbd47e10>,38,1,[9 4],39,69,70,30,41
1,<environment.Job instance at 0x7fe1fbccf140>,42,3,[3 7],43,65,68,22,43
1,<environment.Job instance at 0x7fe1fbd674b0>,29,1,[ 4 10],30,68,69,38,57
1,<environment.Job instance at 0x7fe1fbd47960>,45,2,[4 5],46,58,60,12,58
1,<environment.Job instance at 0x7fe1fbccfbe0>,47,1,[ 3 12],48,70,71,22,60
1,<environment.Job instance at 0x7fe1fbccf500>,44,27,[4 6],45,71,98,26,70
1,<environment.Job instance at 0x7fe1fc4510f0>,55,2,[5 1],56,70,72,14,70
1,<environment.Job instance at 0x7fe1fcabfe60>,58,3,[10  5],59,72,75,13,70
1,<environment.Job instance at 0x7fe1fb86e5f0>,57,3,[ 2 10],58,98,101,40,72
1,<environment.Job instance at 0x7fe1fbf30640>,63,2,[7 1],64,75,77,11,72
1,<environment.Job instance at 0x7fe1fbf30d70>,64,2,[4 5],65,75,77,10,72
1,<environment.Job instance at 0x7fe1fb941370>,65,13,[9 1],66,77,90,11,73
1,<environment.Job instance at 0x7fe1fbccfd20>,46,15,[ 1 12],47,101,116,54,87
1,<environment.Job instance at 0x7fe1fbccff50>,49,23,[12  1],50,98,121,48,97
1,<environment.Job instance at 0x7fe1fbd4ec30>,72,3,[ 5 12],73,121,124,48,98
1,<environment.Job instance at 0x7fe1fbfb94b0>,68,15,[3 5],69,124,139,55,110
1,<environment.Job instance at 0x7fe1fc98f140>,73,14,[12  5],74,124,138,50,110
1,<environment.Job instance at 0x7fe1fc4b7e10>,1,12,[5 4],2,2,14,0,2
1,<environment.Job instance at 0x7fe1fc4b7a50>,3,12,[2 5],4,4,16,0,4
1,<environment.Job instance at 0x7fe1fc4b72d0>,4,16,[4 5],5,5,21,0,5
1,<environment.Job instance at 0x7fe1fc4b7140>,6,16,[4 5],7,14,30,7,14
1,<environment.Job instance at 0x7fe1fc423910>,14,14,[2 5],15,16,30,1,16
1,<environment.Job instance at 0x7fe1fc62dc30>,15,2,[8 2],16,21,23,5,21
1,<environment.Job instance at 0x7fe1fc4b7820>,8,21,[8 4],9,23,44,14,23
1,<environment.Job instance at 0x7fe1fc4b7fa0>,9,1,[2 6],10,30,31,20,30
1,<environment.Job instance at 0x7fe1fc4b70a0>,11,12,[3 9],12,31,43,19,31
1,<environment.Job instance at 0x7fe1fb921690>,16,13,[1 8],17,43,56,26,43
1,<environment.Job instance at 0x7fe1fc4a9190>,20,3,[8 2],21,44,47,23,44
1,<environment.Job instance at 0x7fe1fc0135f0>,24,14,[5 5],25,44,58,19,44
1,<environment.Job instance at 0x7fe1fbfaa2d0>,26,12,[3 5],27,56,68,29,56
1,<environment.Job instance at 0x7fe1fc4a9c30>,18,15,[ 4 10],19,58,73,39,58
1,<environment.Job instance at 0x7fe1fc013820>,25,18,[8 4],26,68,86,42,68
1,<environment.Job instance at 0x7fe1fbd523c0>,29,1,[ 4 10],30,73,74,43,73
1,<environment.Job instance at 0x7fe1fc4b75a0>,5,16,[3 8],6,74,90,68,74
1,<environment.Job instance at 0x7fe1fbbbfdc0>,30,12,[10  5],31,86,98,55,86
1,<environment.Job instance at 0x7fe1fba82f50>,37,15,[5 5],38,90,105,52,90
1,<environment.Job instance at 0x7fe1fba829b0>,38,1,[9 4],39,98,99,59,98
1,<environment.Job instance at 0x7fe1fba825a0>,41,12,[4 7],42,99,111,57,99
1,<environment.Job instance at 0x7fe1fba82d20>,42,3,[3 7],43,105,108,62,105
1,<environment.Job instance at 0x7fe1fba82730>,40,12,[9 4],41,108,120,67,108
1,<environment.Job instance at 0x7fe1fbd4e410>,45,2,[4 5],46,111,113,65,111
1,<environment.Job instance at 0x7fe1fca8a460>,28,16,[1 7],29,113,129,84,113
1,<environment.Job instance at 0x7fe1fb8d1d20>,2,23,[3 7],3,4,27,1,4
1,<environment.Job instance at 0x7fe1fcd21d70>,3,13,[6 1],4,6,19,2,6
1,<environment.Job instance at 0x7fe1fb8e4550>,6,12,[7 4],7,19,31,12,7
1,<environment.Job instance at 0x7fe1fc841730>,9,12,[2 9],10,27,39,17,10
1,<environment.Job instance at 0x7fe1fc169370>,10,3,[5 1],11,11,14,0,11
1,<environment.Job instance at 0x7fe1fc8418c0>,20,21,[2 5],21,31,52,10,23
1,<environment.Job instance at 0x7fe1fce7ac30>,27,2,[ 5 11],28,52,54,24,37
1,<environment.Job instance at 0x7fe205858640>,22,20,[5 4],23,46,66,23,46
1,<environment.Job instance at 0x7fe1fc40e820>,8,22,[6 5],9,54,76,45,48
1,<environment.Job instance at 0x7fe1fb8dfcd0>,31,12,[9 3],32,66,78,34,49
1,<environment.Job instance at 0x7fe1fba27f00>,37,13,[7 3],38,78,91,40,62
1,<environment.Job instance at 0x7fe1fb8df230>,33,21,[4 5],34,76,97,42,68
1,<environment.Job instance at 0x7fe1fc43c870>,40,12,[3 8],41,91,103,50,74
1,<environment.Job instance at 0x7fe1fce7a9b0>,29,15,[12  5],30,97,112,67,85
1,<environment.Job instance at 0x7fe1fb9fcbe0>,46,12,[3 7],47,103,115,56,86
1,<environment.Job instance at 0x7fe1fb9fcf50>,47,17,[1 7],48,112,129,64,100
1,<environment.Job instance at 0x7fe1fd184a50>,52,16,[8 3],53,115,131,62,102
1,<environment.Job instance at 0x7fe1fd184d20>,54,2,[11  3],55,131,133,76,104
1,<environment.Job instance at 0x7fe1fd184820>,55,13,[ 4 10],56,129,142,73,113
1,<environment.Job instance at 0x7fe1fd178820>,62,3,[5 1],63,116,119,53,116
1,<environment.Job instance at 0x7fe1fd184d70>,57,1,[1 9],58,142,143,84,116
1,<environment.Job instance at 0x7fe1fbc4cc80>,3,13,[6 1],4,4,17,0,4
1,<environment.Job instance at 0x7fe1fbc4ca50>,6,12,[7 4],7,7,19,0,7
1,<environment.Job instance at 0x7fe1fcad03c0>,9,12,[2 9],10,10,22,0,10
1,<environment.Job instance at 0x7fe1fcad0b90>,10,3,[5 1],11,17,20,6,17
1,<environment.Job instance at 0x7fe1fcad0780>,15,14,[10  5],16,20,34,4,20
1,<environment.Job instance at 0x7fe1fcad00a0>,18,14,[4 9],19,22,36,3,22
1,<environment.Job instance at 0x7fe1fcb197d0>,19,17,[9 1],20,34,51,14,34
1,<environment.Job instance at 0x7fe1fcad0c30>,12,15,[2 9],13,36,51,23,36
1,<environment.Job instance at 0x7fe1fcb19320>,31,12,[9 3],32,51,63,19,51
1,<environment.Job instance at 0x7fe1fcad0aa0>,14,18,[1 9],15,51,69,36,51
1,<environment.Job instance at 0x7fe1fbfd3690>,37,13,[7 3],38,63,76,25,63
1,<environment.Job instance at 0x7fe1fbfd3230>,40,12,[3 8],41,70,82,29,70
1,<environment.Job instance at 0x7fe1fbce3500>,44,19,[2 5],45,77,96,32,77
1,<environment.Job instance at 0x7fe1fbce3280>,46,12,[3 7],47,82,94,35,82
1,<environment.Job instance at 0x7fe1fcad0dc0>,16,21,[10  3],17,82,103,65,82
1,<environment.Job instance at 0x7fe1fbce3eb0>,47,17,[1 7],48,94,111,46,94
1,<environment.Job instance at 0x7fe1fc84e5a0>,52,16,[8 3],53,104,120,51,104
1,<environment.Job instance at 0x7fe1fbdf8690>,8,22,[6 5],9,104,126,95,104
1,<environment.Job instance at 0x7f97668336e0>,0,2,[6 2],1,1,3,0,1
1,<environment.Job instance at 0x7f9766833730>,1,15,[4 5],2,2,17,0,2
1,<environment.Job instance at 0x7f975d1e9c80>,3,13,[3 8],4,4,17,0,4
1,<environment.Job instance at 0x7f975d1e9e60>,7,12,[7 2],8,8,20,0,8
1,<environment.Job instance at 0x7f975d1ee0f0>,10,14,[1 6],11,17,31,6,11
1,<environment.Job instance at 0x7f975d1ee190>,11,1,[8 4],12,20,21,8,12
1,<environment.Job instance at 0x7f97668338c0>,6,19,[1 7],7,24,43,17,24
1,<environment.Job instance at 0x7f975d1e9fa0>,22,3,[4 6],23,31,34,8,24
1,<environment.Job instance at 0x7f975d1ee870>,21,22,[8 2],22,26,48,4,26
1,<environment.Job instance at 0x7f975d1eeb40>,24,2,[ 3 12],25,43,45,18,28
1,<environment.Job instance at 0x7f975d1eee10>,28,2,[5 8],29,45,47,16,30
1,<environment.Job instance at 0x7f975d1ee910>,23,18,[7 4],24,47,65,23,44
1,<environment.Job instance at 0x7f975d1eecd0>,30,15,[8 2],31,48,63,17,45
1,<environment.Job instance at 0x7f975d1f10f0>,31,13,[4 5],32,63,76,31,47
1,<environment.Job instance at 0x7f975d1f1410>,35,3,[9 5],36,65,68,29,48
1,<environment.Job instance at 0x7f975d1eebe0>,25,16,[5 3],26,68,84,42,55
1,<environment.Job instance at 0x7f975d1f1550>,37,2,[5 1],38,68,70,30,55
1,<environment.Job instance at 0x7f975d1f14b0>,36,16,[8 1],37,76,92,39,63
1,<environment.Job instance at 0x7f975d1f1640>,39,12,[3 6],40,84,96,44,67
1,<environment.Job instance at 0x7f975d1f17d0>,41,3,[14  5],42,96,99,54,70
1,<environment.Job instance at 0x7f975d1f1a50>,0,2,[6 2],1,1,3,0,1
1,<environment.Job instance at 0x7f975d21a4b0>,1,15,[4 5],2,2,17,0,2
1,<environment.Job instance at 0x7f975d21a8c0>,2,18,[ 3 10],3,3,21,0,3
1,<environment.Job instance at 0x7f975d1f4910>,7,12,[7 2],8,17,29,9,17
1,<environment.Job instance at 0x7f975d1e9f50>,11,1,[8 4],12,21,22,9,21
1,<environment.Job instance at 0x7f975d228190>,3,13,[3 8],4,22,35,18,22
1,<environment.Job instance at 0x7f975d1e1b90>,13,15,[4 5],14,22,37,8,22
1,<environment.Job instance at 0x7f975d1e99b0>,9,17,[8 1],10,29,46,19,29
1,<environment.Job instance at 0x7f975d1e9a00>,10,14,[1 6],11,35,49,24,35
1,<environment.Job instance at 0x7f975d1e1910>,18,18,[3 6],19,37,55,18,37
1,<environment.Job instance at 0x7f975d393320>,22,3,[4 6],23,49,52,26,49
1,<environment.Job instance at 0x7f975d309280>,25,16,[5 3],26,49,65,23,49
1,<environment.Job instance at 0x7f976685dfa0>,5,18,[7 5],6,52,70,46,52
1,<environment.Job instance at 0x7f975d314370>,28,2,[5 8],29,66,68,37,66
1,<environment.Job instance at 0x7f975d26fb40>,31,13,[4 5],32,68,81,36,68
1,<environment.Job instance at 0x7f975d2ad5f0>,32,14,[8 3],33,70,84,37,70
1,<environment.Job instance at 0x7f975d393960>,23,18,[7 4],24,82,100,58,82
1,<environment.Job instance at 0x7f975d314820>,30,15,[8 2],31,84,99,53,84
1,<environment.Job instance at 0x7f975d30eaa0>,36,16,[8 1],37,99,115,62,99
1,<environment.Job instance at 0x7f975d2f8870>,37,2,[5 1],38,100,102,62,100
1,<environment.Job instance at 0x7f975d2f87d0>,38,14,[5 5],39,102,116,63,102
1,<environment.Job instance at 0x7f975d30e550>,35,3,[9 5],36,115,118,79,115
1,<environment.Job instance at 0x7f975d2f7af0>,39,12,[3 6],40,116,128,76,116
1,<environment.Job instance at 0x7f975d2f76e0>,44,14,[8 4],45,118,132,73,118
1,<environment.Job instance at 0x7f975d28e320>,47,16,[6 2],48,128,144,80,128
1,<environment.Job instance at 0x7f975c9365a0>,3,3,[1 7],4,4,7,0,4
1,<environment.Job instance at 0x7f975c936780>,6,16,[5 3],7,7,23,0,7
1,<environment.Job instance at 0x7f975c936460>,8,2,[3 6],9,9,11,0,9
1,<environment.Job instance at 0x7f975c937b90>,9,21,[3 6],10,10,31,0,10
1,<environment.Job instance at 0x7f975c937cd0>,13,3,[1 7],14,23,26,9,14
1,<environment.Job instance at 0x7f975c937140>,15,19,[1 5],16,26,45,10,16
1,<environment.Job instance at 0x7f975c9375f0>,17,2,[7 2],18,18,20,0,18
1,<environment.Job instance at 0x7f975c92ef00>,19,15,[6 2],20,20,35,0,20
1,<environment.Job instance at 0x7f975c92e2d0>,20,15,[6 2],21,31,46,10,21
1,<environment.Job instance at 0x7f975ca19690>,23,3,[5 5],24,35,38,11,24
1,<environment.Job instance at 0x7f975ca19640>,24,13,[2 6],25,38,51,13,25
1,<environment.Job instance at 0x7f975c936f00>,12,14,[5 1],13,38,52,25,25
1,<environment.Job instance at 0x7f975ca19190>,25,16,[ 1 11],26,51,67,25,49
1,<environment.Job instance at 0x7f975ca589b0>,22,26,[ 3 11],23,67,93,44,65
1,<environment.Job instance at 0x7f975d2ab910>,0,16,[9 4],1,1,17,0,1
1,<environment.Job instance at 0x7f9766869780>,3,3,[1 7],4,4,7,0,4
1,<environment.Job instance at 0x7f975caa1d70>,6,16,[5 3],7,7,23,0,7
1,<environment.Job instance at 0x7f975c9ebb90>,8,2,[3 6],9,17,19,8,17
1,<environment.Job instance at 0x7f975ca0f690>,12,14,[5 1],13,17,31,4,17
1,<environment.Job instance at 0x7f975ca0f550>,13,3,[1 7],14,19,22,5,19
1,<environment.Job instance at 0x7f975ca145f0>,17,2,[7 2],18,23,25,5,23
1,<environment.Job instance at 0x7f9766833780>,1,15,[8 1],2,25,40,23,25
1,<environment.Job instance at 0x7f975ca11c30>,23,3,[5 5],24,31,34,7,31
1,<environment.Job instance at 0x7f975ca11640>,24,13,[2 6],25,31,44,6,31
1,<environment.Job instance at 0x7f975c9e2280>,20,15,[6 2],21,40,55,19,40
1,<environment.Job instance at 0x7f975c9e22d0>,19,15,[6 2],20,40,55,20,40
1,<environment.Job instance at 0x7f975c99dfa0>,29,14,[3 8],30,44,58,14,44
1,<environment.Job instance at 0x7f975ca11690>,26,16,[6 2],27,55,71,28,55
1,<environment.Job instance at 0x7f975c9a89b0>,34,14,[ 4 10],35,58,72,23,58
1,<environment.Job instance at 0x7f975ca0f5f0>,11,18,[10  5],12,71,89,59,71
1,<environment.Job instance at 0x7f975c9ac780>,38,13,[1 9],39,72,85,33,72
1,<environment.Job instance at 0x7f975c9b48c0>,43,16,[3 5],44,85,101,41,85
1,<environment.Job instance at 0x7f975c9b0cd0>,45,14,[5 3],46,89,103,43,89
1,<environment.Job instance at 0x7f975c9b47d0>,42,18,[4 6],43,89,107,46,89
1,<environment.Job instance at 0x7f975c9b7190>,50,1,[7 4],51,103,104,52,103
1,<environment.Job instance at 0x7f975c9a10a0>,32,16,[3 9],33,104,120,71,104
1,<environment.Job instance at 0x7f975c9b0230>,47,18,[10  1],48,107,125,59,107
1,<environment.Job instance at 0x7f975c9b7e10>,51,13,[ 4 10],52,120,133,68,120
1,<environment.Job instance at 0x7f975c9b7500>,56,2,[8 2],57,125,127,68,125
1,<environment.Job instance at 0x7f975d2ab7d0>,4,19,[9 1],5,127,146,122,127
1,<environment.Job instance at 0x7f975c803050>,0,12,[6 2],1,1,13,0,1
1,<environment.Job instance at 0x7f975c803550>,1,2,[5 1],2,2,4,0,2
1,<environment.Job instance at 0x7f975c803780>,2,23,[1 7],3,3,26,0,3
1,<environment.Job instance at 0x7f97669a60a0>,4,12,[1 8],5,13,25,8,5
1,<environment.Job instance at 0x7f97669a6b40>,5,2,[14  3],6,25,27,19,6
1,<environment.Job instance at 0x7f97669a6690>,7,2,[14  5],8,27,29,19,8
1,<environment.Job instance at 0x7f975c7ea050>,14,1,[8 5],15,29,30,14,15
1,<environment.Job instance at 0x7f975c7ea910>,20,3,[5 4],21,29,32,8,21
1,<environment.Job instance at 0x7f975c8038c0>,10,12,[12  4],11,32,44,21,23
1,<environment.Job instance at 0x7f975c7ea370>,22,1,[ 5 14],23,44,45,21,25
1,<environment.Job instance at 0x7f975c7eaa50>,25,16,[6 2],26,45,61,19,38
1,<environment.Job instance at 0x7f975c7eef50>,28,3,[11  1],29,61,64,32,38
1,<environment.Job instance at 0x7f975c7ee500>,30,2,[9 1],31,44,46,13,38
1,<environment.Job instance at 0x7f97669a6550>,24,2,[10  1],25,64,66,39,43
1,<environment.Job instance at 0x7f975c7ee410>,40,1,[11  3],41,68,69,27,68
1,<environment.Job instance at 0x7f975c7ee370>,42,2,[8 1],43,69,71,26,68
1,<environment.Job instance at 0x7f975c7ee1e0>,43,1,[10  2],44,71,72,27,68
1,<environment.Job instance at 0x7f975c853190>,0,12,[6 2],1,1,13,0,1
1,<environment.Job instance at 0x7f975c8532d0>,1,2,[5 1],2,2,4,0,2
1,<environment.Job instance at 0x7f975c7ee640>,4,12,[1 8],5,5,17,0,5
1,<environment.Job instance at 0x7f975c8030f0>,11,22,[6 1],12,12,34,0,12
1,<environment.Job instance at 0x7f975c803e10>,12,14,[3 5],13,13,27,0,13
1,<environment.Job instance at 0x7f975c820820>,13,21,[5 1],14,14,35,0,14
1,<environment.Job instance at 0x7f975c820960>,16,18,[4 9],17,27,45,10,27
1,<environment.Job instance at 0x7f975c820190>,20,3,[5 4],21,34,37,13,34
1,<environment.Job instance at 0x7f975c820140>,14,1,[8 5],15,37,38,22,37
1,<environment.Job instance at 0x7f975c820230>,24,2,[10  1],25,38,40,13,38
1,<environment.Job instance at 0x7f975c86e460>,29,16,[7 2],30,40,56,10,40
1,<environment.Job instance at 0x7f975c86ea50>,32,12,[2 7],33,45,57,12,45
1,<environment.Job instance at 0x7f975c8206e0>,25,16,[6 2],26,45,61,19,45
1,<environment.Job instance at 0x7f975c86e5f0>,35,3,[5 3],36,56,59,20,56
1,<environment.Job instance at 0x7f975c86e0a0>,30,2,[9 1],31,59,61,28,59
1,<environment.Job instance at 0x7f975c86edc0>,42,2,[8 1],43,61,63,18,61
1,<environment.Job instance at 0x7f975c820640>,23,13,[5 7],24,61,74,37,61
1,<environment.Job instance at 0x7f975c86e7d0>,43,1,[10  2],44,63,64,19,63
1,<environment.Job instance at 0x7f975c851050>,47,14,[8 5],48,64,78,16,64
1,<environment.Job instance at 0x7f975c851dc0>,46,14,[5 3],47,74,88,27,74
1,<environment.Job instance at 0x7f975c851140>,52,1,[8 5],53,78,79,25,78
1,<environment.Job instance at 0x7f975c8511e0>,53,14,[2 8],54,79,93,25,79
1,<environment.Job instance at 0x7f975c851e60>,55,2,[7 1],56,79,81,23,79
1,<environment.Job instance at 0x7f975c842280>,57,16,[8 3],58,81,97,23,81
1,<environment.Job instance at 0x7f975c842e60>,58,2,[4 6],59,93,95,34,93
1,<environment.Job instance at 0x7f975c842550>,60,14,[7 1],61,95,109,34,95
1,<environment.Job instance at 0x7f975c86ed70>,41,15,[4 8],42,97,112,55,97
1,<environment.Job instance at 0x7f975c851b90>,54,15,[10  3],55,109,124,54,109
1,<environment.Job instance at 0x7f975c8426e0>,63,14,[ 3 10],64,112,126,48,112
1,<environment.Job instance at 0x7f975c853e60>,9,18,[10  2],10,124,142,114,124
1,<environment.Job instance at 0x7f975c823320>,71,2,[1 7],72,127,129,55,127
1,<environment.Job instance at 0x7f975c8232d0>,67,3,[5 8],68,129,132,61,129
1,<environment.Job instance at 0x7f975ce7b0a0>,0,13,[4 9],1,1,14,0,1
1,<environment.Job instance at 0x7f975ce7bdc0>,1,12,[8 2],2,2,14,0,2
1,<environment.Job instance at 0x7f975ce7b230>,6,2,[14  3],7,14,16,7,9
1,<environment.Job instance at 0x7f975cd4bc30>,9,3,[1 6],10,14,17,4,10
1,<environment.Job instance at 0x7f975cd4bf00>,11,17,[2 6],12,16,33,4,12
1,<environment.Job instance at 0x7f975cd4b640>,12,16,[ 1 11],13,33,49,20,20
1,<environment.Job instance at 0x7f975ce7a280>,16,14,[9 5],17,49,63,32,34
1,<environment.Job instance at 0x7f975cc9e910>,29,3,[3 5],30,49,52,19,34
1,<environment.Job instance at 0x7f975c980960>,37,3,[5 9],38,52,55,14,39
1,<environment.Job instance at 0x7f975c80d960>,34,2,[2 8],35,55,57,20,39
1,<environment.Job instance at 0x7f97669a6c30>,41,1,[5 7],42,57,58,15,42
1,<environment.Job instance at 0x7f975cc9e730>,20,2,[1 6],21,58,60,37,44
1,<environment.Job instance at 0x7f975cd4beb0>,14,12,[ 1 10],15,60,72,45,44
1,<environment.Job instance at 0x7f976699b9b0>,46,2,[5 3],47,58,60,11,51
1,<environment.Job instance at 0x7f976699bf00>,47,15,[5 7],48,73,88,25,73
1,<environment.Job instance at 0x7f975c8dc280>,0,13,[4 9],1,1,14,0,1
1,<environment.Job instance at 0x7f975c8dc7d0>,1,12,[8 2],2,2,14,0,2
1,<environment.Job instance at 0x7f975c93ae60>,9,3,[1 6],10,14,17,4,14
1,<environment.Job instance at 0x7f975c93af50>,11,17,[2 6],12,14,31,2,14
1,<environment.Job instance at 0x7f975c93aa50>,16,14,[9 5],17,17,31,0,17
1,<environment.Job instance at 0x7f975c93a500>,14,12,[ 1 10],15,31,43,16,31
1,<environment.Job instance at 0x7f975c93a0f0>,7,17,[8 5],8,31,48,23,31
1,<environment.Job instance at 0x7f975c93a820>,20,2,[1 6],21,43,45,22,43
1,<environment.Job instance at 0x7f975c93a9b0>,21,15,[5 1],22,43,58,21,43
1,<environment.Job instance at 0x7f975c93a7d0>,19,17,[2 8],20,45,62,25,45
1,<environment.Job instance at 0x7f975c8db370>,24,18,[6 3],25,48,66,23,48
1,<environment.Job instance at 0x7f975c93a730>,5,22,[7 4],6,58,80,52,58
1,<environment.Job instance at 0x7f975c8db910>,27,12,[3 9],28,66,78,38,66
1,<environment.Job instance at 0x7f975c8dbf00>,26,12,[4 7],27,78,90,51,78
1,<environment.Job instance at 0x7f975c8db140>,29,3,[3 5],30,80,83,50,80
1,<environment.Job instance at 0x7f975c8dbfa0>,34,2,[2 8],35,83,85,48,83
1,<environment.Job instance at 0x7f975c8dbcd0>,30,16,[2 7],31,85,101,54,85
1,<environment.Job instance at 0x7f975cc9edc0>,41,1,[5 7],42,90,91,48,90
1,<environment.Job instance at 0x7f975c8db820>,42,12,[10  3],43,91,103,48,91
1,<environment.Job instance at 0x7f975c8db550>,37,3,[5 9],38,101,104,63,101
1,<environment.Job instance at 0x7f975c980550>,44,15,[6 4],45,103,118,58,103
1,<environment.Job instance at 0x7f97669a6960>,46,2,[5 3],47,104,106,57,104
1,<environment.Job instance at 0x7f975c853d20>,48,13,[7 1],49,106,119,57,106
1,<environment.Job instance at 0x7f975c8535f0>,49,16,[2 6],50,106,122,56,106
1,<environment.Job instance at 0x7f975c853e60>,47,15,[5 7],48,118,133,70,118
1,<environment.Job instance at 0x7f975ce7b6e0>,52,3,[9 1],53,122,125,69,122
1,<environment.Job instance at 0x7f976685bfa0>,54,2,[3 5],55,125,127,70,125
1,<environment.Job instance at 0x7f976685bd20>,55,17,[1 8],56,127,144,71,127
1,<environment.Job instance at 0x7f975ce7c410>,2,2,[2 5],3,3,5,0,3
1,<environment.Job instance at 0x7f975cfe4eb0>,5,1,[4 9],6,6,7,0,6
1,<environment.Job instance at 0x7f975d0007d0>,6,15,[5 7],7,7,22,0,7
1,<environment.Job instance at 0x7f975d000140>,9,1,[10  1],10,10,11,0,10
1,<environment.Job instance at 0x7f975d000550>,10,12,[8 1],11,11,23,0,11
1,<environment.Job instance at 0x7f975cff5dc0>,19,12,[5 5],20,22,34,2,20
1,<environment.Job instance at 0x7f975d000c80>,16,13,[10  5],17,23,36,6,21
1,<environment.Job instance at 0x7f975cffda50>,21,1,[9 1],22,36,37,14,22
1,<environment.Job instance at 0x7f975cffdd70>,22,14,[8 4],23,37,51,14,23
1,<environment.Job instance at 0x7f975cffd7d0>,24,3,[11  3],25,51,54,26,25
1,<environment.Job instance at 0x7f975cc5a7d0>,23,12,[5 9],24,34,46,10,26
1,<environment.Job instance at 0x7f975cffdcd0>,20,15,[ 5 14],21,54,69,33,46
1,<environment.Job instance at 0x7f975c881c30>,1,17,[10  4],2,2,19,0,2
1,<environment.Job instance at 0x7f975dd17320>,2,2,[2 5],3,3,5,0,3
1,<environment.Job instance at 0x7f975cd7b280>,5,1,[4 9],6,6,7,0,6
1,<environment.Job instance at 0x7f975c815e60>,6,15,[5 7],7,7,22,0,7
1,<environment.Job instance at 0x7f975c815d20>,9,1,[10  1],10,19,20,9,19
1,<environment.Job instance at 0x7f975c815eb0>,10,12,[8 1],11,20,32,9,20
1,<environment.Job instance at 0x7f975c8157d0>,14,17,[ 3 10],15,22,39,7,22
1,<environment.Job instance at 0x7f975c8009b0>,21,1,[9 1],22,32,33,10,32
1,<environment.Job instance at 0x7f975c800e60>,19,12,[5 5],20,33,45,13,33
1,<environment.Job instance at 0x7f975c8f8dc0>,23,12,[5 9],24,39,51,15,39
1,<environment.Job instance at 0x7f975c815aa0>,16,13,[10  5],17,45,58,28,45
1,<environment.Job instance at 0x7f975c8f8d70>,26,12,[4 7],27,51,63,24,51
1,<environment.Job instance at 0x7f975c8f8690>,28,14,[10  4],29,58,72,29,58
1,<environment.Job instance at 0x7f975c8f80a0>,30,2,[5 5],31,63,65,32,63
1,<environment.Job instance at 0x7f975c7fccd0>,32,3,[1 6],33,65,68,32,65
1,<environment.Job instance at 0x7f975c7fc050>,34,3,[4 9],35,68,71,33,68
1,<environment.Job instance at 0x7f975c7fcf00>,35,12,[ 2 10],36,71,83,35,71
1,<environment.Job instance at 0x7f975c7fc6e0>,36,2,[10  3],37,72,74,35,72
1,<environment.Job instance at 0x7f975c8f8fa0>,22,14,[8 4],23,74,88,51,74
1,<environment.Job instance at 0x7f975c7fc960>,38,16,[2 6],39,83,99,44,83
1,<environment.Job instance at 0x7f976699e730>,40,14,[6 4],41,88,102,47,88
1,<environment.Job instance at 0x7f975c8f8280>,25,18,[6 1],26,88,106,62,88
1,<environment.Job instance at 0x7f976699efa0>,43,3,[1 6],44,99,102,55,99
1,<environment.Job instance at 0x7f976699e0a0>,47,12,[6 1],48,102,114,54,102
1,<environment.Job instance at 0x7f976699ec80>,48,2,[ 3 10],49,102,104,53,102
1,<environment.Job instance at 0x7f975c7fc410>,39,18,[3 6],40,104,122,64,104
1,<environment.Job instance at 0x7f975cbee5f0>,49,3,[5 1],50,106,109,56,106
1,<environment.Job instance at 0x7f975cbee640>,52,1,[5 1],53,109,110,56,109
1,<environment.Job instance at 0x7f976699e230>,46,14,[7 5],47,114,128,67,114
1,<environment.Job instance at 0x7f976685b0a0>,59,12,[8 2],60,122,134,62,122
1,<environment.Job instance at 0x7f976685bc30>,66,1,[5 7],67,128,129,61,128
1,<environment.Job instance at 0x7f97669a3d70>,67,18,[1 5],68,128,146,60,128
1,<environment.Job instance at 0x7f97669a6e60>,69,3,[5 3],70,129,132,59,129
1,<environment.Job instance at 0x7f975d1914b0>,3,2,[ 5 13],4,4,6,0,4
1,<environment.Job instance at 0x7f975d191910>,5,1,[4 9],6,6,7,0,6
1,<environment.Job instance at 0x7f975d1911e0>,6,12,[3 5],7,7,19,0,7
1,<environment.Job instance at 0x7f975d6550f0>,18,2,[ 2 10],19,19,21,0,19
1,<environment.Job instance at 0x7f975d6552d0>,22,2,[2 6],23,23,25,0,23
1,<environment.Job instance at 0x7f975d655fa0>,26,3,[1 9],27,27,30,0,27
1,<environment.Job instance at 0x7f975d655d70>,28,13,[ 4 10],29,30,43,1,29
1,<environment.Job instance at 0x7f975d655820>,30,2,[9 1],31,31,33,0,31
1,<environment.Job instance at 0x7f975d655280>,31,14,[1 8],32,43,57,11,32
1,<environment.Job instance at 0x7f975d6553c0>,33,3,[ 1 14],34,57,60,23,34
1,<environment.Job instance at 0x7f975d655730>,34,12,[5 1],35,35,47,0,35
1,<environment.Job instance at 0x7f975d159be0>,38,14,[6 3],39,39,53,0,39
1,<environment.Job instance at 0x7f975d1590a0>,40,3,[1 9],41,60,63,19,41
1,<environment.Job instance at 0x7f975d1591e0>,45,2,[12  3],46,53,55,7,46
1,<environment.Job instance at 0x7f975d1593c0>,47,1,[8 4],48,48,49,0,48
1,<environment.Job instance at 0x7f975d159b90>,50,18,[6 5],51,60,78,9,51
1,<environment.Job instance at 0x7f975d159500>,52,2,[ 2 13],53,78,80,25,53
1,<environment.Job instance at 0x7f975d1596e0>,55,12,[1 7],56,63,75,7,59
1,<environment.Job instance at 0x7f975d334b40>,56,15,[3 7],57,80,95,23,69
1,<environment.Job instance at 0x7f975d159aa0>,54,15,[11  5],55,80,95,25,79
1,<environment.Job instance at 0x7f975d159730>,51,18,[ 5 12],52,95,113,43,86
1,<environment.Job instance at 0x7f975d334dc0>,59,16,[5 1],60,95,111,35,86
1,<environment.Job instance at 0x7f975d334780>,63,3,[14  5],64,113,116,49,87
1,<environment.Job instance at 0x7f975d334f50>,61,14,[4 5],62,116,130,54,101
1,<environment.Job instance at 0x7f975d334690>,66,1,[8 1],67,111,112,44,101
1,<environment.Job instance at 0x7f975d334c80>,67,14,[5 7],68,116,130,48,101
1,<environment.Job instance at 0x7f975d3347d0>,68,15,[6 2],69,116,131,47,102
1,<environment.Job instance at 0x7f975d3346e0>,69,2,[10  4],70,131,133,61,104
1,<environment.Job instance at 0x7f975d334cd0>,58,12,[1 8],59,130,142,71,116
1,<environment.Job instance at 0x7f975d334c30>,64,14,[1 7],65,133,147,68,123
1,<environment.Job instance at 0x7f975d3344b0>,72,1,[12  2],73,142,143,69,127
1,<environment.Job instance at 0x7f975d000f00>,0,20,[4 5],1,1,21,0,1
1,<environment.Job instance at 0x7f975cbee8c0>,2,17,[2 6],3,3,20,0,3
1,<environment.Job instance at 0x7f975cbee780>,7,21,[9 2],8,8,29,0,8
1,<environment.Job instance at 0x7f975d000280>,5,1,[4 9],6,21,22,15,21
1,<environment.Job instance at 0x7f975cbeeb90>,6,12,[3 5],7,22,34,15,22
1,<environment.Job instance at 0x7f976699ee10>,14,13,[7 5],15,29,42,14,29
1,<environment.Job instance at 0x7f976699e3c0>,15,13,[1 8],16,34,47,18,34
1,<environment.Job instance at 0x7f976699e0f0>,17,14,[1 7],18,42,56,24,42
1,<environment.Job instance at 0x7f976699ef00>,13,15,[10  1],14,47,62,33,47
1,<environment.Job instance at 0x7f975c8f8280>,22,2,[2 6],23,47,49,24,47
1,<environment.Job instance at 0x7f975cbee320>,9,17,[4 7],10,49,66,39,49
1,<environment.Job instance at 0x7f976699e0a0>,12,16,[10  5],13,62,78,49,62
1,<environment.Job instance at 0x7f976699ec80>,18,2,[ 2 10],19,66,68,47,66
1,<environment.Job instance at 0x7f975c8f8a00>,26,3,[1 9],27,68,71,41,68
1,<environment.Job instance at 0x7f976699f050>,28,13,[ 4 10],29,71,84,42,71
1,<environment.Job instance at 0x7f975c8f8460>,30,2,[9 1],31,78,80,47,78
1,<environment.Job instance at 0x7f975c8f8af0>,27,15,[10  4],28,80,95,52,80
1,<environment.Job instance at 0x7f975c815c30>,32,12,[5 6],33,84,96,51,84
1,<environment.Job instance at 0x7f975c815050>,34,12,[5 1],35,95,107,60,95
1,<environment.Job instance at 0x7f975c8159b0>,31,14,[1 8],32,95,109,63,95
1,<environment.Job instance at 0x7f975c815370>,38,14,[6 3],39,96,110,57,96
1,<environment.Job instance at 0x7f976636beb0>,40,3,[1 9],41,109,112,68,109
1,<environment.Job instance at 0x7f975c8f8190>,25,16,[9 4],26,110,126,84,110
1,<environment.Job instance at 0x7f976699f690>,29,17,[3 9],30,112,129,82,112
1,<environment.Job instance at 0x7f975d529eb0>,47,1,[8 4],48,126,127,78,126
1,<environment.Job instance at 0x7f975d19ecd0>,39,17,[4 5],40,127,144,87,127
1,<environment.Job instance at 0x7f975d334fa0>,55,12,[1 7],56,129,141,73,129
1,<environment.Job instance at 0x7f975d29f780>,59,16,[5 1],60,129,145,69,129
1,<environment.Job instance at 0x7f975d99c1e0>,4,12,[ 5 10],5,5,17,0,5
1,<environment.Job instance at 0x7f975d99c870>,6,14,[5 1],7,7,21,0,7
1,<environment.Job instance at 0x7f975d99c280>,7,15,[7 3],8,17,32,9,8
1,<environment.Job instance at 0x7f975d98f3c0>,14,12,[6 4],15,21,33,6,15
1,<environment.Job instance at 0x7f975d98f1e0>,15,12,[7 4],16,32,44,16,16
1,<environment.Job instance at 0x7f975d98f640>,16,3,[ 3 10],17,17,20,0,17
1,<environment.Job instance at 0x7f975d98f780>,17,1,[7 3],18,33,34,15,18
1,<environment.Job instance at 0x7f975dc7f230>,22,14,[ 2 10],23,34,48,11,25
1,<environment.Job instance at 0x7f975dcf3a00>,29,2,[ 3 10],30,48,50,18,34
1,<environment.Job instance at 0x7f975d98b730>,33,3,[1 9],34,50,53,16,34
1,<environment.Job instance at 0x7f975d98b550>,35,12,[2 6],36,50,62,14,36
1,<environment.Job instance at 0x7f975dc8b460>,28,13,[3 9],29,53,66,24,37
1,<environment.Job instance at 0x7f975d1da820>,37,1,[5 8],38,66,67,28,38
1,<environment.Job instance at 0x7f975dce8690>,39,2,[9 3],40,44,46,4,40
1,<environment.Job instance at 0x7f975d1ef690>,38,13,[5 5],39,62,75,23,46
1,<environment.Job instance at 0x7f975dce8d20>,41,1,[5 4],42,46,47,4,46
1,<environment.Job instance at 0x7f975d7f9e10>,48,2,[5 9],49,67,69,18,50
1,<environment.Job instance at 0x7f975d7f9140>,45,1,[10  1],46,69,70,23,50
1,<environment.Job instance at 0x7f975d210910>,53,1,[13  3],54,75,76,21,55
1,<environment.Job instance at 0x7f975d2106e0>,51,14,[5 1],52,76,90,24,61
1,<environment.Job instance at 0x7f975d210960>,55,18,[7 1],56,76,94,20,65
1,<environment.Job instance at 0x7f975d210e60>,54,18,[4 7],55,90,108,35,80
1,<environment.Job instance at 0x7f975d210780>,56,14,[9 1],57,94,108,37,80
1,<environment.Job instance at 0x7f975d210be0>,57,12,[7 1],58,108,120,50,93
1,<environment.Job instance at 0x7f975d7f48c0>,68,1,[ 5 10],69,108,109,39,95
1,<environment.Job instance at 0x7f975d1de690>,65,17,[3 5],66,109,126,43,97
1,<environment.Job instance at 0x7f975d7f4af0>,76,1,[6 5],77,120,121,43,97
1,<environment.Job instance at 0x7f975d7f4a50>,86,1,[10  5],87,121,122,34,106
1,<environment.Job instance at 0x7f975d7f4410>,85,14,[3 9],86,122,136,36,107
1,<environment.Job instance at 0x7f975d7ec3c0>,91,15,[7 3],92,126,141,34,112
1,<environment.Job instance at 0x7f975d7ec7d0>,95,3,[7 1],96,122,125,26,114
1,<environment.Job instance at 0x7f975d7ecbe0>,101,12,[ 4 10],102,136,148,34,119
1,<environment.Job instance at 0x7f975d7ea4b0>,111,13,[8 2],112,141,154,29,125
1,<environment.Job instance at 0x7f975d7ea6e0>,116,2,[14  3],117,154,156,37,127
1,<environment.Job instance at 0x7f975d7ea960>,118,2,[ 2 12],119,148,150,29,127
1,<environment.Job instance at 0x7f975d172550>,0,19,[2 8],1,1,20,0,1
1,<environment.Job instance at 0x7f9766733050>,6,14,[5 1],7,7,21,0,7
1,<environment.Job instance at 0x7f975cffd0f0>,7,15,[7 3],8,8,23,0,8
1,<environment.Job instance at 0x7f9766733550>,4,12,[ 5 10],5,21,33,16,21
1,<environment.Job instance at 0x7f975c772eb0>,15,12,[7 4],16,23,35,7,23
1,<environment.Job instance at 0x7f975dbfaaf0>,16,3,[ 3 10],17,33,36,16,33
1,<environment.Job instance at 0x7f975c772af0>,17,1,[7 3],18,35,36,17,35
1,<environment.Job instance at 0x7f975cffdb90>,14,12,[6 4],15,36,48,21,36
1,<environment.Job instance at 0x7f9766398190>,19,14,[4 7],20,36,50,16,36
1,<environment.Job instance at 0x7f975cffdf00>,10,14,[7 5],11,48,62,37,48
1,<environment.Job instance at 0x7f975ce4baa0>,22,14,[ 2 10],23,50,64,27,50
1,<environment.Job instance at 0x7f975cffd730>,8,15,[10  3],9,62,77,53,62
1,<environment.Job instance at 0x7f975c786a00>,26,16,[5 5],27,64,80,37,64
1,<environment.Job instance at 0x7f975d0431e0>,24,16,[ 3 10],25,77,93,52,77
1,<environment.Job instance at 0x7f975ce4b050>,20,16,[9 4],21,80,96,59,80
1,<environment.Job instance at 0x7f975d68f820>,29,2,[ 3 10],30,93,95,63,93
1,<environment.Job instance at 0x7f975c786e60>,28,13,[3 9],29,95,108,66,95
1,<environment.Job instance at 0x7f975cffd320>,12,17,[8 1],13,96,113,83,96
1,<environment.Job instance at 0x7f975d68fdc0>,30,18,[1 5],31,96,114,65,96
1,<environment.Job instance at 0x7f97665be370>,33,3,[1 9],34,108,111,74,108
1,<environment.Job instance at 0x7f975d529eb0>,37,1,[5 8],38,111,112,73,111
1,<environment.Job instance at 0x7f975c7891e0>,35,12,[2 6],36,112,124,76,112
1,<environment.Job instance at 0x7f975d04ae10>,39,2,[9 3],40,113,115,73,113
1,<environment.Job instance at 0x7f976631eaa0>,38,13,[5 5],39,115,128,76,115
1,<environment.Job instance at 0x7f9766399730>,41,1,[5 4],42,115,116,73,115
1,<environment.Job instance at 0x7f975d04a230>,40,16,[8 3],41,116,132,75,116
1,<environment.Job instance at 0x7f975c7860a0>,27,17,[ 3 10],28,128,145,100,128
1,<environment.Job instance at 0x7f975db3de10>,2,13,[7 4],3,3,16,0,3
1,<environment.Job instance at 0x7f975db3daf0>,7,3,[2 7],8,8,11,0,8
1,<environment.Job instance at 0x7f975db3da00>,15,12,[6 1],16,16,28,0,16
1,<environment.Job instance at 0x7f975dca9d70>,19,1,[7 4],20,20,21,0,20
1,<environment.Job instance at 0x7f975dca9320>,21,3,[2 7],22,22,25,0,22
1,<environment.Job instance at 0x7f975dca9fa0>,25,1,[5 1],26,26,27,0,26
1,<environment.Job instance at 0x7f975dca9820>,29,25,[6 1],30,30,55,0,30
1,<environment.Job instance at 0x7f975cb136e0>,33,13,[1 8],34,34,47,0,34
1,<environment.Job instance at 0x7f975dca9190>,27,13,[8 2],28,35,48,7,35
1,<environment.Job instance at 0x7f975cb13460>,39,1,[7 3],40,48,49,8,40
1,<environment.Job instance at 0x7f975cb133c0>,41,18,[2 7],42,48,66,6,42
1,<environment.Job instance at 0x7f975cb13410>,44,2,[5 7],45,49,51,4,45
1,<environment.Job instance at 0x7f975cb13e10>,42,25,[5 3],43,51,76,8,47
1,<environment.Job instance at 0x7f975cb130f0>,46,15,[4 8],47,66,81,19,54
1,<environment.Job instance at 0x7f975cdf15f0>,50,2,[ 1 13],51,81,83,30,58
1,<environment.Job instance at 0x7f975cb13af0>,32,12,[13  5],33,83,95,50,66
1,<environment.Job instance at 0x7f975cdf1c80>,55,2,[8 2],56,76,78,20,66
1,<environment.Job instance at 0x7f975cdf16e0>,61,18,[1 6],62,83,101,21,78
1,<environment.Job instance at 0x7f975cdf1910>,63,14,[5 5],64,95,109,31,80
1,<environment.Job instance at 0x7f975cf48f00>,72,1,[3 6],73,101,102,28,81
1,<environment.Job instance at 0x7f975d0900f0>,0,20,[1 8],1,1,21,0,1
1,<environment.Job instance at 0x7f975d04a230>,1,22,[7 2],2,2,24,0,2
1,<environment.Job instance at 0x7f975d30d1e0>,2,13,[7 4],3,3,16,0,3
1,<environment.Job instance at 0x7f975d4a0640>,7,3,[2 7],8,21,24,13,21
1,<environment.Job instance at 0x7f975d172550>,12,18,[6 1],13,21,39,8,21
1,<environment.Job instance at 0x7f975dca9460>,15,12,[6 1],16,24,36,8,24
1,<environment.Job instance at 0x7f975ce4bc80>,9,12,[3 9],10,24,36,14,24
1,<environment.Job instance at 0x7f975cb131e0>,19,1,[7 4],20,36,37,16,36
1,<environment.Job instance at 0x7f975d372500>,13,15,[2 8],14,36,51,22,36
1,<environment.Job instance at 0x7f975dd090f0>,21,3,[2 7],22,39,42,17,39
1,<environment.Job instance at 0x7f975d1d72d0>,3,14,[10  2],4,42,56,38,42
1,<environment.Job instance at 0x7f975dd090a0>,23,15,[4 7],24,51,66,27,51
1,<environment.Job instance at 0x7f97668b84b0>,25,1,[5 1],26,56,57,30,56
1,<environment.Job instance at 0x7f975cb13500>,20,16,[1 7],21,56,72,35,56
1,<environment.Job instance at 0x7f975cc41d70>,27,13,[8 2],28,66,79,38,66
1,<environment.Job instance at 0x7f9766733050>,11,16,[4 8],12,72,88,60,72
1,<environment.Job instance at 0x7f975dd09280>,26,16,[9 4],27,79,95,52,79
1,<environment.Job instance at 0x7f975db3d690>,33,13,[1 8],34,88,101,54,88
1,<environment.Job instance at 0x7f975cb8a410>,39,1,[7 3],40,95,96,55,95
1,<environment.Job instance at 0x7f975ca209b0>,44,2,[5 7],45,96,98,51,96
1,<environment.Job instance at 0x7f975dca95f0>,18,16,[10  5],19,98,114,79,98
1,<environment.Job instance at 0x7f975d63b780>,45,14,[ 4 10],46,101,115,55,101
1,<environment.Job instance at 0x7f975c7b0e10>,46,15,[4 8],47,115,130,68,115
1,<environment.Job instance at 0x7f975cb13640>,22,18,[2 7],23,116,134,93,116
1,<environment.Job instance at 0x7f975c68dd20>,2,17,[2 5],3,3,20,0,3
1,<environment.Job instance at 0x7f975c68d370>,3,17,[3 6],4,5,22,1,5
1,<environment.Job instance at 0x7f975c63f780>,8,12,[6 3],9,9,21,0,9
1,<environment.Job instance at 0x7f975c63fcd0>,11,12,[4 6],12,20,32,8,12
1,<environment.Job instance at 0x7f975c63f3c0>,12,13,[2 6],13,22,35,9,13
1,<environment.Job instance at 0x7f975c68d5a0>,10,18,[11  3],11,32,50,21,21
1,<environment.Job instance at 0x7f975d21fbe0>,4,13,[12  4],5,50,63,45,37
1,<environment.Job instance at 0x7f975c63f690>,16,15,[ 5 12],17,63,78,46,49
1,<environment.Job instance at 0x7f975c63f910>,17,26,[ 1 12],18,78,104,60,75
1,<environment.Job instance at 0x7f975c63fdc0>,15,24,[11  3],16,79,103,63,79
1,<environment.Job instance at 0x7f975c63fc30>,18,3,[6 4],19,104,107,85,82
1,<environment.Job instance at 0x7f975c63f410>,19,25,[1 8],20,104,129,84,100
1,<environment.Job instance at 0x7f975c63f460>,21,13,[3 9],22,129,142,107,123
1,<environment.Job instance at 0x7f975c63faf0>,22,2,[12  4],23,124,126,101,124
1,<environment.Job instance at 0x7f975c63f6e0>,23,21,[8 3],24,126,147,102,124
1,<environment.Job instance at 0x7f975cb13910>,2,17,[2 5],3,3,20,0,3
1,<environment.Job instance at 0x7f97668b84b0>,3,17,[3 6],4,4,21,0,4
1,<environment.Job instance at 0x7f975da568c0>,8,12,[6 3],9,9,21,0,9
1,<environment.Job instance at 0x7f975ce49410>,11,12,[4 6],12,20,32,8,20
1,<environment.Job instance at 0x7f975ce17a50>,18,3,[6 4],19,21,24,2,21
1,<environment.Job instance at 0x7f975da36690>,21,13,[3 9],22,24,37,2,24
1,<environment.Job instance at 0x7f975ce44c80>,26,2,[5 1],27,32,34,5,32
1,<environment.Job instance at 0x7f975ce499b0>,12,13,[2 6],13,34,47,21,34
1,<environment.Job instance at 0x7f975ce17190>,13,13,[10  4],14,37,50,23,37
1,<environment.Job instance at 0x7f975ce1fa50>,34,14,[5 8],35,47,61,12,47
1,<environment.Job instance at 0x7f975ce3cfa0>,36,3,[8 2],37,50,53,13,50
1,<environment.Job instance at 0x7f975ce3c730>,35,13,[7 2],36,53,66,17,53
1,<environment.Job instance at 0x7f975ce3c500>,38,3,[5 3],39,61,64,22,61
1,<environment.Job instance at 0x7f975ce33aa0>,40,3,[1 9],41,64,67,23,64
1,<environment.Job instance at 0x7f975ce33c80>,37,17,[7 2],38,64,81,26,64
1,<environment.Job instance at 0x7f975d5349b0>,43,12,[7 4],44,66,78,22,66
1,<environment.Job instance at 0x7f975d534a50>,44,1,[4 5],45,78,79,33,78
1,<environment.Job instance at 0x7f975ce33cd0>,41,13,[4 6],42,78,91,36,78
1,<environment.Job instance at 0x7f975ce178c0>,14,15,[8 4],15,82,97,67,82
1,<environment.Job instance at 0x7f975d534910>,48,18,[7 3],49,91,109,42,91
1,<environment.Job instance at 0x7f975d1824b0>,51,19,[5 5],52,98,117,46,98
1,<environment.Job instance at 0x7f975d1825a0>,53,12,[8 1],54,109,121,55,109
1,<environment.Job instance at 0x7f975d1622d0>,55,22,[5 5],56,118,140,62,118
1,<environment.Job instance at 0x7f975d1621e0>,56,3,[7 5],57,121,124,64,121
1,<environment.Job instance at 0x7f975d162f50>,57,14,[4 9],58,124,138,66,124
1,<environment.Job instance at 0x7f975d029500>,2,2,[5 7],3,3,5,0,3
1,<environment.Job instance at 0x7f975d0290f0>,6,12,[10  4],7,7,19,0,7
1,<environment.Job instance at 0x7f975d029d70>,10,15,[ 1 10],11,11,26,0,11
1,<environment.Job instance at 0x7f975d029a00>,11,17,[5 1],12,19,36,7,12
1,<environment.Job instance at 0x7f975d0293c0>,12,1,[9 3],13,19,20,6,13
1,<environment.Job instance at 0x7f975d029cd0>,13,1,[13  2],14,36,37,22,14
1,<environment.Job instance at 0x7f975d029be0>,5,14,[9 1],6,20,34,14,17
1,<environment.Job instance at 0x7f975d8a4dc0>,17,12,[4 7],18,37,49,19,20
1,<environment.Job instance at 0x7f975d333050>,21,14,[4 8],22,37,51,15,22
1,<environment.Job instance at 0x7f975d3336e0>,22,17,[ 5 11],23,51,68,28,39
1,<environment.Job instance at 0x7f975d8a4140>,23,12,[1 6],24,68,80,44,51
1,<environment.Job instance at 0x7f975d8a4280>,20,27,[6 1],21,53,80,32,53
1,<environment.Job instance at 0x7f975d333140>,27,1,[ 1 14],28,80,81,52,57
1,<environment.Job instance at 0x7f975d333190>,29,2,[3 6],30,68,70,38,57
1,<environment.Job instance at 0x7f975d333eb0>,30,3,[ 2 14],31,81,84,50,60
1,<environment.Job instance at 0x7f975d333b40>,25,14,[8 4],26,84,98,58,71
1,<environment.Job instance at 0x7f975d333460>,34,21,[12  1],35,98,119,63,90
1,<environment.Job instance at 0x7f975d333640>,36,26,[1 9],37,90,116,53,90
1,<environment.Job instance at 0x7f975d3330f0>,37,3,[10  4],38,119,122,81,93
1,<environment.Job instance at 0x7f975d333960>,38,13,[8 4],39,122,135,83,106
1,<environment.Job instance at 0x7f975c7d6910>,2,2,[5 7],3,3,5,0,3
1,<environment.Job instance at 0x7f975d2371e0>,5,14,[9 1],6,6,20,0,6
1,<environment.Job instance at 0x7f975d551fa0>,10,15,[ 1 10],11,11,26,0,11
1,<environment.Job instance at 0x7f975d551320>,11,17,[5 1],12,12,29,0,12
1,<environment.Job instance at 0x7f975d551dc0>,12,1,[9 3],13,20,21,7,20
1,<environment.Job instance at 0x7f975d551140>,18,17,[9 4],19,21,38,2,21
1,<environment.Job instance at 0x7f975d551410>,17,12,[4 7],18,29,41,11,29
1,<environment.Job instance at 0x7f975c7d6460>,6,12,[10  4],7,38,50,31,38
1,<environment.Job instance at 0x7f975ce51d20>,23,12,[1 6],24,41,53,17,41
1,<environment.Job instance at 0x7f975d56e460>,29,2,[3 6],30,50,52,20,50
1,<environment.Job instance at 0x7f975d8db550>,31,15,[9 2],32,50,65,18,50
1,<environment.Job instance at 0x7f975dbd7370>,21,14,[4 8],22,53,67,31,53
1,<environment.Job instance at 0x7f975d18b0f0>,37,3,[10  4],38,65,68,27,65
1,<environment.Job instance at 0x7f975d162f50>,43,3,[4 9],44,67,70,23,67
1,<environment.Job instance at 0x7f975da1bcd0>,38,13,[8 4],39,68,81,29,68
1,<environment.Job instance at 0x7f975d551230>,14,16,[3 8],15,70,86,55,70
1,<environment.Job instance at 0x7f975dc83eb0>,44,13,[8 2],45,81,94,36,81
1,<environment.Job instance at 0x7f975d534910>,52,2,[1 9],53,86,88,33,86
1,<environment.Job instance at 0x7f975d534fa0>,53,14,[5 1],54,86,100,32,86
1,<environment.Job instance at 0x7f975ce33aa0>,57,1,[ 2 10],58,88,89,30,88
1,<environment.Job instance at 0x7f975d8d3d70>,25,14,[8 4],26,94,108,68,94
1,<environment.Job instance at 0x7f975ce3c550>,61,15,[6 1],62,100,115,38,100
1,<environment.Job instance at 0x7f975ce4c190>,67,14,[ 4 10],68,108,122,40,108
1,<environment.Job instance at 0x7f975ce1f3c0>,68,1,[5 5],69,115,116,46,115
1,<environment.Job instance at 0x7f975ce4ceb0>,70,16,[9 2],71,116,132,45,116
1,<environment.Job instance at 0x7f975ce1f230>,66,18,[3 5],67,122,140,55,122
1,<environment.Job instance at 0x7f975c6230a0>,3,3,[13  4],4,4,7,0,4
1,<environment.Job instance at 0x7f975d8d3b40>,9,2,[ 1 10],10,11,13,1,11
1,<environment.Job instance at 0x7f975d8d3140>,11,17,[6 2],12,14,31,2,14
1,<environment.Job instance at 0x7f975d8d3910>,14,15,[8 2],15,15,30,0,15
1,<environment.Job instance at 0x7f975cfbddc0>,10,17,[5 7],11,67,84,56,67
1,<environment.Job instance at 0x7f975d8d3e60>,15,17,[12  2],16,84,101,68,73
1,<environment.Job instance at 0x7f975d8d35f0>,20,2,[10  2],21,101,103,80,84
1,<environment.Job instance at 0x7f975d8d37d0>,25,2,[5 3],26,101,103,75,91
1,<environment.Job instance at 0x7f975d8e40a0>,27,1,[6 1],28,103,104,75,92
1,<environment.Job instance at 0x7f975d8e4140>,30,3,[9 4],31,103,106,72,92
1,<environment.Job instance at 0x7f975d8e41e0>,31,13,[8 2],32,106,119,74,92
1,<environment.Job instance at 0x7f975d8e4320>,33,2,[8 2],34,119,121,85,92
1,<environment.Job instance at 0x7f975d8e4c80>,36,3,[2 7],37,93,96,56,93
1,<environment.Job instance at 0x7f975d8e47d0>,37,1,[ 4 12],38,106,107,68,93
1,<environment.Job instance at 0x7f975d8e4960>,38,3,[10  5],39,121,124,82,95
1,<environment.Job instance at 0x7f975d8e4500>,42,3,[13  2],43,124,127,81,99
1,<environment.Job instance at 0x7f975d8d3780>,13,15,[14  3],14,127,142,113,115
1,<environment.Job instance at 0x7f975c8f6f00>,2,22,[ 2 10],3,3,25,0,3
1,<environment.Job instance at 0x7f975dd17a00>,11,17,[6 2],12,12,29,0,12
1,<environment.Job instance at 0x7f975dd17be0>,9,2,[ 1 10],10,25,27,15,25
1,<environment.Job instance at 0x7f975dd179b0>,14,15,[8 2],15,25,40,10,25
1,<environment.Job instance at 0x7f975dd174b0>,6,16,[1 7],7,27,43,20,27
1,<environment.Job instance at 0x7f975dcd24b0>,20,2,[10  2],21,40,42,19,40
1,<environment.Job instance at 0x7f975dab0050>,18,16,[10  3],19,42,58,23,42
1,<environment.Job instance at 0x7f975da55be0>,25,2,[5 3],26,43,45,17,43
1,<environment.Job instance at 0x7f975dd17c80>,10,17,[5 7],11,45,62,34,45
1,<environment.Job instance at 0x7f975ce49370>,27,1,[6 1],28,58,59,30,58
1,<environment.Job instance at 0x7f975ce49410>,28,15,[1 5],29,58,73,29,58
1,<environment.Job instance at 0x7f975ce49af0>,30,3,[9 4],31,62,65,31,62
1,<environment.Job instance at 0x7f975ce49550>,29,16,[5 6],30,62,78,32,62
1,<environment.Job instance at 0x7f975ce17370>,33,2,[8 2],34,65,67,31,65
1,<environment.Job instance at 0x7f975ce178c0>,31,13,[8 2],32,67,80,35,67
1,<environment.Job instance at 0x7f975ce17280>,35,15,[5 1],36,78,93,42,78
1,<environment.Job instance at 0x7f975da36640>,36,3,[2 7],37,78,81,41,78
1,<environment.Job instance at 0x7f975ce170a0>,34,16,[4 6],35,80,96,45,80
1,<environment.Job instance at 0x7f975da568c0>,26,18,[4 5],27,81,99,54,81
1,<environment.Job instance at 0x7f975ce1c460>,38,3,[10  5],39,96,99,57,96
1,<environment.Job instance at 0x7f975ce3c640>,48,13,[5 4],49,99,112,50,99
1,<environment.Job instance at 0x7f975ce44d70>,40,15,[10  4],41,99,114,58,99
1,<environment.Job instance at 0x7f975ce3cfa0>,50,15,[2 6],51,112,127,61,112
1,<environment.Job instance at 0x7f975d333f50>,22,17,[9 4],23,114,131,91,114
1,<environment.Job instance at 0x7f975ce44d20>,41,16,[ 5 10],42,127,143,85,127
1,<environment.Job instance at 0x7f975c64ce10>,1,2,[1 7],2,2,4,0,2
1,<environment.Job instance at 0x7f975c64cbe0>,2,3,[ 3 12],3,4,7,1,3
1,<environment.Job instance at 0x7f975d0937d0>,8,14,[4 7],9,9,23,0,9
1,<environment.Job instance at 0x7f975d093c80>,9,2,[11  4],10,10,12,0,10
1,<environment.Job instance at 0x7f975c64c7d0>,7,19,[ 4 11],8,23,42,15,13
1,<environment.Job instance at 0x7f975c501b90>,16,2,[ 1 11],17,42,44,25,17
1,<environment.Job instance at 0x7f975c501730>,24,2,[1 9],25,44,46,19,25
1,<environment.Job instance at 0x7f975c501460>,25,1,[3 7],26,46,47,20,26
1,<environment.Job instance at 0x7f975c501910>,22,2,[3 5],23,44,46,21,27
1,<environment.Job instance at 0x7f975c501e10>,23,12,[3 5],24,46,58,22,29
1,<environment.Job instance at 0x7f975d958a50>,1,2,[1 7],2,2,4,0,2
1,<environment.Job instance at 0x7f975d94c820>,3,17,[5 8],4,4,21,0,4
1,<environment.Job instance at 0x7f975d95e1e0>,6,16,[8 2],7,7,23,0,7
1,<environment.Job instance at 0x7f975c6550a0>,13,1,[ 3 10],14,21,22,7,21
1,<environment.Job instance at 0x7f975d95e050>,8,14,[4 7],9,22,36,13,22
1,<environment.Job instance at 0x7f975d090d20>,22,2,[3 5],23,23,25,0,23
1,<environment.Job instance at 0x7f975c6550f0>,14,16,[6 1],15,23,39,8,23
1,<environment.Job instance at 0x7f975d090280>,23,12,[3 5],24,25,37,1,25
1,<environment.Job instance at 0x7f975d9679b0>,25,1,[3 7],26,36,37,10,36
1,<environment.Job instance at 0x7f975d0904b0>,24,2,[1 9],25,37,39,12,37
1,<environment.Job instance at 0x7f975d068280>,30,14,[5 4],31,37,51,6,37
1,<environment.Job instance at 0x7f975d95ea50>,10,12,[10  3],11,39,51,28,39
1,<environment.Job instance at 0x7f975d068e60>,32,2,[7 5],33,51,53,18,51
1,<environment.Job instance at 0x7f975d944e60>,33,2,[ 2 10],34,51,53,17,51
1,<environment.Job instance at 0x7f975d95eb90>,11,13,[10  4],12,53,66,41,53
1,<environment.Job instance at 0x7f975d94e0a0>,15,14,[ 4 10],16,53,67,37,53
1,<environment.Job instance at 0x7f975d08b500>,39,13,[9 4],40,66,79,26,66
1,<environment.Job instance at 0x7f975d08b4b0>,41,3,[4 5],42,67,70,25,67
1,<environment.Job instance at 0x7f975d08c5f0>,38,17,[1 6],39,67,84,28,67
1,<environment.Job instance at 0x7f975d08ba00>,43,1,[3 6],44,79,80,35,79
1,<environment.Job instance at 0x7f975d092f50>,47,12,[5 8],48,80,92,32,80
1,<environment.Job instance at 0x7f975d97b230>,50,15,[1 6],51,84,99,33,84
1,<environment.Job instance at 0x7f975c63d870>,54,13,[3 5],55,92,105,37,92
1,<environment.Job instance at 0x7f975d068f00>,31,15,[6 4],32,92,107,60,92
1,<environment.Job instance at 0x7f975d0618c0>,56,17,[1 6],57,99,116,42,99
1,<environment.Job instance at 0x7f975ca3a5f0>,40,13,[4 8],41,107,120,66,107
1,<environment.Job instance at 0x7f975c87f7d0>,60,14,[10  1],61,116,130,55,116
1,<environment.Job instance at 0x7f975d9765f0>,62,3,[4 9],63,120,123,57,120
1,<environment.Job instance at 0x7f975d057280>,57,14,[3 8],58,123,137,65,123
1,<environment.Job instance at 0x7f975cb50c80>,3,14,[7 2],4,6,20,2,6
1,<environment.Job instance at 0x7f975cf825a0>,9,15,[3 8],10,16,31,6,16
1,<environment.Job instance at 0x7f975cf82550>,10,14,[4 9],11,31,45,20,29
1,<environment.Job instance at 0x7f975cf82640>,12,2,[14  1],13,45,47,32,29
1,<environment.Job instance at 0x7f975cf820a0>,13,18,[10  4],14,47,65,33,45
1,<environment.Job instance at 0x7f975cf6ea50>,19,2,[ 5 11],20,53,55,33,53
1,<environment.Job instance at 0x7f975cf6e9b0>,20,1,[8 2],21,65,66,44,53
1,<environment.Job instance at 0x7f975cf6eaf0>,21,15,[2 7],22,55,70,33,53
1,<environment.Job instance at 0x7f975cf6e640>,24,13,[ 3 10],25,70,83,45,54
1,<environment.Job instance at 0x7f975cf6ecd0>,29,2,[13  4],30,66,68,36,55
1,<environment.Job instance at 0x7f975ca00c30>,40,3,[6 5],41,68,71,27,58
1,<environment.Job instance at 0x7f975ca005f0>,41,1,[ 2 13],42,83,84,41,58
1,<environment.Job instance at 0x7f975ca00eb0>,44,3,[5 2],45,71,74,26,63
1,<environment.Job instance at 0x7f975cf6e730>,18,14,[2 6],19,84,98,65,69
1,<environment.Job instance at 0x7f975ca00140>,32,2,[14  5],33,98,100,65,76
1,<environment.Job instance at 0x7f975ca00460>,49,12,[4 5],50,84,96,34,78
1,<environment.Job instance at 0x7f975ca00960>,52,3,[9 5],53,78,81,25,78
1,<environment.Job instance at 0x7f975d958e60>,0,22,[4 9],1,1,23,0,1
1,<environment.Job instance at 0x7f975d958eb0>,2,14,[9 2],3,3,17,0,3
1,<environment.Job instance at 0x7f975d0b7140>,3,14,[7 2],4,17,31,13,17
1,<environment.Job instance at 0x7f975cf6efa0>,10,14,[4 9],11,23,37,12,23
1,<environment.Job instance at 0x7f975cf7fb40>,20,1,[8 2],21,31,32,10,31
1,<environment.Job instance at 0x7f975ca00690>,18,14,[2 6],19,32,46,13,32
1,<environment.Job instance at 0x7f975cf7f3c0>,21,15,[2 7],22,37,52,15,37
1,<environment.Job instance at 0x7f975cf823c0>,9,15,[3 8],10,46,61,36,46
1,<environment.Job instance at 0x7f975cc67410>,23,16,[2 7],24,52,68,28,52
1,<environment.Job instance at 0x7f975cc67fa0>,22,16,[5 3],23,61,77,38,61
1,<environment.Job instance at 0x7f975cc67b90>,25,12,[5 9],26,68,80,42,68
1,<environment.Job instance at 0x7f975cf83fa0>,28,17,[6 2],29,77,94,48,77
1,<environment.Job instance at 0x7f975c63a7d0>,24,13,[ 3 10],25,80,93,55,80
1,<environment.Job instance at 0x7f975cf8c2d0>,40,3,[6 5],41,93,96,52,93
1,<environment.Job instance at 0x7f975cf8cdc0>,42,14,[3 7],43,93,107,50,93
1,<environment.Job instance at 0x7f975cc67050>,27,15,[1 7],28,96,111,68,96
1,<environment.Job instance at 0x7f975cf8c500>,44,3,[5 2],45,107,110,62,107
1,<environment.Job instance at 0x7f975cf830a0>,31,18,[2 5],32,107,125,75,107
1,<environment.Job instance at 0x7f975cf8cc80>,46,14,[10  3],47,110,124,63,110
1,<environment.Job instance at 0x7f975cf8c050>,49,12,[4 5],50,125,137,75,125
1,<environment.Job instance at 0x7f975cc6d870>,52,3,[9 5],53,125,128,72,125
1,<environment.Job instance at 0x7f975cf8c870>,50,12,[7 3],51,128,140,77,128
1,<environment.Job instance at 0x7f975cf7f690>,17,18,[4 6],18,128,146,110,128
1,<environment.Job instance at 0x7f975c88e320>,0,2,[ 3 14],1,1,3,0,1
1,<environment.Job instance at 0x7f975d7dccd0>,4,2,[7 4],5,5,7,0,5
1,<environment.Job instance at 0x7f975d7dca50>,5,2,[2 6],6,6,8,0,6
1,<environment.Job instance at 0x7f975d7dc500>,6,15,[1 8],7,7,22,0,7
1,<environment.Job instance at 0x7f975d195820>,10,14,[5 3],11,11,25,0,11
1,<environment.Job instance at 0x7f975d195500>,16,18,[5 3],17,17,35,0,17
1,<environment.Job instance at 0x7f975d83a870>,18,15,[5 7],19,22,37,3,19
1,<environment.Job instance at 0x7f975d83a960>,21,13,[5 4],22,25,38,3,23
1,<environment.Job instance at 0x7f975d83a550>,23,16,[9 4],24,37,53,13,24
1,<environment.Job instance at 0x7f975d83a370>,22,2,[14  2],23,53,55,30,26
1,<environment.Job instance at 0x7f975d83ac30>,24,23,[6 4],25,55,78,30,50
1,<environment.Job instance at 0x7f975d83ab90>,25,17,[5 5],26,55,72,29,50
1,<environment.Job instance at 0x7f975ca3f550>,27,13,[ 2 10],28,72,85,44,57
1,<environment.Job instance at 0x7f975d7dc820>,12,23,[ 3 11],13,85,108,72,81
1,<environment.Job instance at 0x7f975ca3f960>,29,14,[6 2],30,81,95,51,81
1,<environment.Job instance at 0x7f975ca3fc30>,30,13,[6 5],31,108,121,77,92
1,<environment.Job instance at 0x7f975d83ad70>,19,14,[12  5],20,121,135,101,109
1,<environment.Job instance at 0x7f975ca3ffa0>,32,3,[9 4],33,110,113,77,110
1,<environment.Job instance at 0x7f975ca3fcd0>,31,28,[1 5],32,113,141,81,112
1,<environment.Job instance at 0x7f975ca3ff50>,34,18,[ 1 10],35,135,153,100,124
1,<environment.Job instance at 0x7f975ca3fb40>,35,12,[12  3],36,141,153,105,124
1,<environment.Job instance at 0x7f975d6d5780>,1,15,[9 1],2,2,17,0,2
1,<environment.Job instance at 0x7f975d6d5320>,5,2,[2 6],6,6,8,0,6
1,<environment.Job instance at 0x7f975d6d5f50>,6,15,[1 8],7,7,22,0,7
1,<environment.Job instance at 0x7f975d6d55f0>,4,2,[7 4],5,17,19,12,17
1,<environment.Job instance at 0x7f975cf8c050>,10,14,[5 3],11,17,31,6,17
1,<environment.Job instance at 0x7f975d6d5aa0>,3,16,[8 4],4,19,35,15,19
1,<environment.Job instance at 0x7f975cf8c6e0>,21,13,[5 4],22,31,44,9,31
1,<environment.Job instance at 0x7f975cf8c320>,18,15,[5 7],19,35,50,16,35
1,<environment.Job instance at 0x7f975cf8ccd0>,16,18,[5 3],17,35,53,18,35
1,<environment.Job instance at 0x7f975cf830a0>,25,17,[5 5],26,44,61,18,44
1,<environment.Job instance at 0x7f975cf83140>,27,13,[ 2 10],28,53,66,25,53
1,<environment.Job instance at 0x7f975cf7fc30>,30,13,[6 5],31,61,74,30,61
1,<environment.Job instance at 0x7f975cf7fe10>,32,3,[9 4],33,66,69,33,66
1,<environment.Job instance at 0x7f975cf7f3c0>,29,14,[6 2],30,69,83,39,69
1,<environment.Job instance at 0x7f975cf8c4b0>,23,16,[9 4],24,74,90,50,74
1,<environment.Job instance at 0x7f975cf8c550>,15,16,[ 5 10],16,83,99,67,83
1,<environment.Job instance at 0x7f975cf900f0>,45,13,[9 3],46,90,103,44,90
1,<environment.Job instance at 0x7f975d195550>,48,12,[ 3 10],49,99,111,50,99
1,<environment.Job instance at 0x7f975d0ab140>,50,1,[8 4],51,103,104,52,103
1,<environment.Job instance at 0x7f975cf82a00>,40,16,[9 5],41,104,120,63,104
1,<environment.Job instance at 0x7f975c69e820>,54,2,[3 9],55,111,113,56,111
1,<environment.Job instance at 0x7f975c69e460>,55,1,[5 5],56,113,114,57,113
1,<environment.Job instance at 0x7f975d83aeb0>,52,3,[4 8],53,114,117,61,114
1,<environment.Job instance at 0x7f975d816640>,57,15,[2 8],58,117,132,59,117
1,<environment.Job instance at 0x7f975c69e6e0>,53,16,[10  4],54,120,136,66,120
1,<environment.Job instance at 0x7f975cdc4e60>,4,3,[14  3],5,5,8,0,5
1,<environment.Job instance at 0x7f975cdc4d20>,6,14,[4 7],7,8,22,1,7
1,<environment.Job instance at 0x7f975cdc4280>,8,1,[3 9],9,22,23,13,9
1,<environment.Job instance at 0x7f975cdc4410>,10,3,[12  1],11,22,25,11,11
1,<environment.Job instance at 0x7f975cdc4050>,11,14,[5 6],12,25,39,13,12
1,<environment.Job instance at 0x7f975cdc4b40>,13,1,[3 9],14,23,24,9,14
1,<environment.Job instance at 0x7f975cdc4230>,15,3,[8 2],16,16,19,0,16
1,<environment.Job instance at 0x7f975cdc4730>,19,2,[14  1],20,39,41,19,20
1,<environment.Job instance at 0x7f975cdc4690>,18,13,[1 7],19,24,37,5,23
1,<environment.Job instance at 0x7f975d7b7af0>,23,13,[ 2 10],24,41,54,17,26
1,<environment.Job instance at 0x7f975cdc4aa0>,22,12,[12  5],23,73,85,50,73
1,<environment.Job instance at 0x7f975cdd93c0>,0,20,[1 7],1,1,21,0,1
1,<environment.Job instance at 0x7f975cdd9af0>,1,18,[9 3],2,2,20,0,2
1,<environment.Job instance at 0x7f975cdd9280>,3,14,[6 2],4,20,34,16,20
1,<environment.Job instance at 0x7f975cdfec80>,11,14,[5 6],12,20,34,8,20
1,<environment.Job instance at 0x7f975cdfe6e0>,6,14,[4 7],7,21,35,14,21
1,<environment.Job instance at 0x7f975ca1be10>,15,3,[8 2],16,34,37,18,34
1,<environment.Job instance at 0x7f975ca1b500>,16,16,[3 6],17,34,50,17,34
1,<environment.Job instance at 0x7f975ca2e0f0>,18,13,[1 7],19,35,48,16,35
1,<environment.Job instance at 0x7f975ca50b40>,20,18,[8 2],21,37,55,16,37
1,<environment.Job instance at 0x7f975cab1d70>,13,1,[3 9],14,50,51,36,50
1,<environment.Job instance at 0x7f975cdfea50>,8,1,[3 9],9,51,52,42,51
1,<environment.Job instance at 0x7f975dbb7c30>,25,3,[6 4],26,52,55,26,52
1,<environment.Job instance at 0x7f975c829140>,32,3,[5 5],33,55,58,22,55
1,<environment.Job instance at 0x7f975dba8d70>,23,13,[ 2 10],24,55,68,31,55
1,<environment.Job instance at 0x7f975dbb7af0>,27,15,[9 4],28,58,73,30,58
1,<environment.Job instance at 0x7f975ce03be0>,42,3,[5 1],43,68,71,25,68
1,<environment.Job instance at 0x7f975d7ab1e0>,2,16,[3 8],3,71,87,68,71
1,<environment.Job instance at 0x7f975ce03fa0>,46,1,[2 7],47,73,74,26,73
1,<environment.Job instance at 0x7f975ce030f0>,45,2,[5 6],46,74,76,28,74
1,<environment.Job instance at 0x7f975c6b3f00>,53,15,[9 2],54,76,91,22,76
1,<environment.Job instance at 0x7f975ce03690>,48,13,[4 9],49,87,100,38,87
1,<environment.Job instance at 0x7f975c7158c0>,30,15,[7 4],31,91,106,60,91
1,<environment.Job instance at 0x7f975ce03910>,36,16,[ 3 10],37,100,116,63,100
1,<environment.Job instance at 0x7f975db79a50>,57,12,[10  1],58,106,118,48,106
1,<environment.Job instance at 0x7f975cdfc820>,58,3,[4 6],59,116,119,57,116
1,<environment.Job instance at 0x7f975c574550>,55,18,[1 6],56,116,134,60,116
1,<environment.Job instance at 0x7f975ce10f00>,64,1,[7 1],65,118,119,53,118
1,<environment.Job instance at 0x7f975ce10c80>,63,13,[7 4],64,120,133,56,120
1,<environment.Job instance at 0x7f975d8e7910>,0,14,[7 5],1,1,15,0,1
1,<environment.Job instance at 0x7f975d8e79b0>,2,12,[3 9],3,3,15,0,3
1,<environment.Job instance at 0x7f975d8e7690>,4,1,[6 1],5,15,16,10,5
1,<environment.Job instance at 0x7f975d8e75f0>,7,3,[6 1],8,15,18,7,8
1,<environment.Job instance at 0x7f975d8e7f00>,8,16,[5 5],9,16,32,7,9
1,<environment.Job instance at 0x7f975d8e7d70>,9,1,[9 3],10,18,19,8,10
1,<environment.Job instance at 0x7f975d8e7140>,14,15,[2 8],15,19,34,4,15
1,<environment.Job instance at 0x7f975d8e7820>,16,1,[8 1],17,19,20,2,17
1,<environment.Job instance at 0x7f975d8e7dc0>,15,3,[14  5],16,34,37,18,19
1,<environment.Job instance at 0x7f975c55bf50>,18,3,[14  5],19,37,40,18,19
1,<environment.Job instance at 0x7f975c55b190>,21,3,[2 9],22,40,43,18,22
1,<environment.Job instance at 0x7f975c55b2d0>,19,13,[9 4],20,40,53,20,24
1,<environment.Job instance at 0x7f975c55b6e0>,23,16,[1 6],24,43,59,19,34
1,<environment.Job instance at 0x7f975c55baf0>,28,2,[11  5],29,53,55,24,34
1,<environment.Job instance at 0x7f975c55ba50>,29,1,[8 3],30,55,56,25,34
1,<environment.Job instance at 0x7f975c932910>,0,14,[7 5],1,1,15,0,1
1,<environment.Job instance at 0x7f975c9328c0>,2,12,[3 9],3,3,15,0,3
1,<environment.Job instance at 0x7f975d7180f0>,4,1,[6 1],5,15,16,10,15
1,<environment.Job instance at 0x7f975d70c870>,9,1,[9 3],10,15,16,5,15
1,<environment.Job instance at 0x7f975d70cfa0>,7,3,[6 1],8,16,19,8,16
1,<environment.Job instance at 0x7f975d720190>,14,15,[2 8],15,16,31,1,16
1,<environment.Job instance at 0x7f975c932d20>,8,16,[5 5],9,16,32,7,16
1,<environment.Job instance at 0x7f975c91f690>,16,1,[8 1],17,19,20,2,19
1,<environment.Job instance at 0x7f975c940280>,21,3,[2 9],22,31,34,9,31
1,<environment.Job instance at 0x7f975c955eb0>,19,13,[9 4],20,32,45,12,32
1,<environment.Job instance at 0x7f975c9450f0>,27,14,[5 5],28,34,48,6,34
1,<environment.Job instance at 0x7f975c940fa0>,23,16,[1 6],24,34,50,10,34
1,<environment.Job instance at 0x7f975c9230f0>,29,1,[8 3],30,45,46,15,45
1,<environment.Job instance at 0x7f975c91daa0>,34,3,[8 3],35,46,49,11,46
1,<environment.Job instance at 0x7f975d720230>,12,16,[4 6],13,48,64,35,48
1,<environment.Job instance at 0x7f975c925e10>,39,2,[9 2],40,49,51,9,49
1,<environment.Job instance at 0x7f975c926d70>,44,15,[3 7],45,51,66,6,51
1,<environment.Job instance at 0x7f975c9300f0>,46,15,[7 2],47,51,66,4,51
1,<environment.Job instance at 0x7f975ce02820>,31,3,[ 4 10],32,66,69,34,66
1,<environment.Job instance at 0x7f975cde2140>,48,15,[8 2],49,66,81,17,66
1,<environment.Job instance at 0x7f975cde2e10>,45,15,[6 4],46,69,84,23,69
1,<environment.Job instance at 0x7f975c7faf00>,58,2,[8 4],59,81,83,22,81
1,<environment.Job instance at 0x7f975c7ff5f0>,60,3,[6 3],61,83,86,22,83
1,<environment.Job instance at 0x7f975c6f4780>,62,12,[ 5 10],63,84,96,21,84
1,<environment.Job instance at 0x7f975ce02be0>,32,15,[8 2],33,87,102,54,87
1,<environment.Job instance at 0x7f975c7ff320>,61,18,[1 9],62,97,115,35,97
1,<environment.Job instance at 0x7f975c577d20>,68,3,[4 6],69,102,105,33,102
1,<environment.Job instance at 0x7f975c940190>,24,16,[10  1],25,105,121,80,105
1,<environment.Job instance at 0x7f975d2cb5f0>,64,20,[1 5],65,105,125,40,105
1,<environment.Job instance at 0x7f975d8e78c0>,71,3,[3 8],72,115,118,43,115
1,<environment.Job instance at 0x7f975db7b0f0>,75,12,[2 6],76,118,130,42,118
1,<environment.Job instance at 0x7f975db7b4b0>,76,13,[7 2],77,121,134,44,121
1,<environment.Job instance at 0x7f975c55b320>,66,20,[6 5],67,125,145,58,125
1,<environment.Job instance at 0x7f975ca76500>,0,13,[1 6],1,1,14,0,1
1,<environment.Job instance at 0x7f975ca765a0>,1,18,[7 1],2,2,20,0,2
1,<environment.Job instance at 0x7f975d9dd550>,4,21,[7 1],5,5,26,0,5
1,<environment.Job instance at 0x7f975d9dd780>,5,1,[6 2],6,20,21,14,6
1,<environment.Job instance at 0x7f975d9ddaa0>,9,2,[1 7],10,14,16,4,10
1,<environment.Job instance at 0x7f975d9ddb40>,10,15,[6 1],11,21,36,10,11
1,<environment.Job instance at 0x7f975d9ddf00>,15,15,[1 8],16,16,31,0,16
1,<environment.Job instance at 0x7f975c9b01e0>,18,12,[4 7],19,31,43,12,19
1,<environment.Job instance at 0x7f975c9b0230>,19,1,[11  5],20,36,37,16,24
1,<environment.Job instance at 0x7f975c9b0460>,22,2,[8 4],23,26,28,3,25
1,<environment.Job instance at 0x7f975c9b0370>,23,14,[ 4 10],24,43,57,19,28
1,<environment.Job instance at 0x7f975c9b05a0>,24,16,[13  2],25,57,73,32,45
1,<environment.Job instance at 0x7f975c9b06e0>,25,20,[1 6],26,57,77,31,49
1,<environment.Job instance at 0x7f975c9b0b90>,30,3,[6 4],31,49,52,18,49
1,<environment.Job instance at 0x7f975c9b0910>,29,23,[9 3],30,73,96,43,67
1,<environment.Job instance at 0x7f975c9b0cd0>,32,15,[9 4],33,96,111,63,82
1,<environment.Job instance at 0x7f975c9b0d70>,33,1,[8 2],34,111,112,77,83
1,<environment.Job instance at 0x7f975c9b0e10>,34,3,[14  3],35,112,115,77,86
1,<environment.Job instance at 0x7f975c9b0870>,27,22,[ 1 10],28,95,117,67,95
1,<environment.Job instance at 0x7f975c9b0eb0>,35,14,[7 3],36,115,129,79,100
1,<environment.Job instance at 0x7f975c9b0b40>,37,3,[ 2 10],38,117,120,79,100
1,<environment.Job instance at 0x7f975c9b0fa0>,38,22,[4 7],39,120,142,81,113
1,<environment.Job instance at 0x7f975c9b0af0>,36,18,[2 8],37,129,147,92,118
1,<environment.Job instance at 0x7f976639fcd0>,0,13,[1 6],1,1,14,0,1
1,<environment.Job instance at 0x7f976639f690>,1,18,[7 1],2,2,20,0,2
1,<environment.Job instance at 0x7f976639f5a0>,4,21,[7 1],5,5,26,0,5
1,<environment.Job instance at 0x7f975dba8460>,9,2,[1 7],10,14,16,4,14
1,<environment.Job instance at 0x7f976639fa00>,5,1,[6 2],6,20,21,14,20
1,<environment.Job instance at 0x7f975dba8e60>,7,16,[2 5],8,20,36,12,20
1,<environment.Job instance at 0x7f975dba8640>,10,15,[6 1],11,21,36,10,21
1,<environment.Job instance at 0x7f975c6d9410>,18,12,[4 7],19,26,38,7,26
1,<environment.Job instance at 0x7f975c6d9140>,22,2,[8 4],23,36,38,13,36
1,<environment.Job instance at 0x7f975c6d98c0>,23,14,[ 4 10],24,38,52,14,38
1,<environment.Job instance at 0x7f976639f460>,8,17,[9 4],9,38,55,29,38
1,<environment.Job instance at 0x7f975dbb75f0>,30,3,[6 4],31,52,55,21,52
1,<environment.Job instance at 0x7f975dbb77d0>,33,1,[8 2],34,55,56,21,55
1,<environment.Job instance at 0x7f975dbb79b0>,35,14,[7 3],36,55,69,19,55
1,<environment.Job instance at 0x7f975dba8f00>,15,15,[1 8],16,56,71,40,56
1,<environment.Job instance at 0x7f975dbb74b0>,32,15,[9 4],33,69,84,36,69
1,<environment.Job instance at 0x7f975dbb7be0>,37,3,[ 2 10],38,71,74,33,71
1,<environment.Job instance at 0x7f975dbb76e0>,26,18,[3 8],27,75,93,48,75
1,<environment.Job instance at 0x7f975db7b320>,42,13,[6 2],43,85,98,42,85
1,<environment.Job instance at 0x7f975db7b140>,40,22,[1 5],41,85,107,44,85
1,<environment.Job instance at 0x7f975c6d9910>,20,18,[5 6],21,93,111,72,93
1,<environment.Job instance at 0x7f975d8e7fa0>,47,1,[4 7],48,107,108,59,107
1,<environment.Job instance at 0x7f975d8e72d0>,49,15,[8 4],50,108,123,58,108
1,<environment.Job instance at 0x7f975d8e7280>,46,2,[ 1 10],47,111,113,64,111
1,<environment.Job instance at 0x7f975c577370>,51,17,[1 7],52,113,130,61,113
1,<environment.Job instance at 0x7f975d8de8c0>,52,14,[7 2],53,123,137,70,123
1,<environment.Job instance at 0x7f975ca1a500>,50,18,[7 3],51,123,141,72,123
1,<environment.Job instance at 0x7f975c93c6e0>,5,2,[5 1],6,7,9,1,7
1,<environment.Job instance at 0x7f975cec70a0>,4,14,[2 9],5,7,21,2,7
1,<environment.Job instance at 0x7f975cec73c0>,7,3,[ 2 10],8,21,24,13,8
1,<environment.Job instance at 0x7f975cec7320>,8,3,[10  5],9,9,12,0,9
1,<environment.Job instance at 0x7f975cec7550>,6,23,[ 2 10],7,24,47,17,18
1,<environment.Job instance at 0x7f975cec7640>,13,2,[7 1],14,21,23,7,21
1,<environment.Job instance at 0x7f975cdf3550>,14,2,[4 5],15,29,31,14,29
1,<environment.Job instance at 0x7f975cec7cd0>,10,15,[ 1 11],11,47,62,36,33
1,<environment.Job instance at 0x7f975db9e550>,22,3,[ 5 12],23,62,65,39,36
1,<environment.Job instance at 0x7f975db9e4b0>,24,18,[5 3],25,40,58,15,40
1,<environment.Job instance at 0x7f975db9ec80>,28,13,[7 2],29,58,71,29,42
1,<environment.Job instance at 0x7f975db9ebe0>,33,1,[12  2],34,71,72,37,45
1,<environment.Job instance at 0x7f975db51640>,40,1,[7 3],41,65,66,24,45
1,<environment.Job instance at 0x7f975db51370>,42,13,[6 3],43,72,85,29,56
1,<environment.Job instance at 0x7f975db51780>,43,3,[13  4],44,85,88,41,59
1,<environment.Job instance at 0x7f975c95db40>,51,18,[2 5],52,66,84,14,59
1,<environment.Job instance at 0x7f975db9e460>,31,12,[6 4],32,72,84,40,63
1,<environment.Job instance at 0x7f975c95de10>,52,13,[10  2],53,88,101,35,72
1,<environment.Job instance at 0x7f975db9e1e0>,37,13,[13  1],38,101,114,63,85
1,<environment.Job instance at 0x7f975c95dfa0>,53,17,[7 3],54,114,131,60,102
1,<environment.Job instance at 0x7f975c95d190>,56,13,[12  2],57,131,144,74,116
1,<environment.Job instance at 0x7f975c95df00>,55,21,[3 7],56,127,148,71,127
1,<environment.Job instance at 0x7f975c9c52d0>,4,14,[2 9],5,5,19,0,5
1,<environment.Job instance at 0x7f975c9b09b0>,5,2,[5 1],6,6,8,0,6
1,<environment.Job instance at 0x7f975d9f9230>,8,3,[10  5],9,9,12,0,9
1,<environment.Job instance at 0x7f975d720190>,13,2,[7 1],14,14,16,0,14
1,<environment.Job instance at 0x7f975d718d20>,14,2,[4 5],15,15,17,0,15
1,<environment.Job instance at 0x7f975d7202d0>,15,13,[9 1],16,16,29,0,16
1,<environment.Job instance at 0x7f975d9f9640>,7,3,[ 2 10],8,19,22,11,19
1,<environment.Job instance at 0x7f975c955dc0>,18,15,[3 5],19,22,37,3,22
1,<environment.Job instance at 0x7f975c9230f0>,28,13,[7 2],29,29,42,0,29
1,<environment.Job instance at 0x7f975c91f690>,17,17,[5 6],18,29,46,11,29
1,<environment.Job instance at 0x7f975c91d820>,31,12,[6 4],32,42,54,10,42
1,<environment.Job instance at 0x7f975c9450a0>,26,14,[9 2],27,46,60,19,46
1,<environment.Job instance at 0x7f975c94ad20>,35,14,[3 8],36,54,68,18,54
1,<environment.Job instance at 0x7f975c9250f0>,36,15,[3 7],37,60,75,23,60
1,<environment.Job instance at 0x7f975c926c80>,40,1,[7 3],41,68,69,27,68
1,<environment.Job instance at 0x7f975c9450f0>,24,18,[5 3],25,68,86,43,68
1,<environment.Job instance at 0x7f975cde2c80>,42,13,[6 3],43,69,82,26,69
1,<environment.Job instance at 0x7f975c945b40>,27,20,[4 7],28,75,95,47,75
1,<environment.Job instance at 0x7f975c6b30a0>,47,16,[8 2],48,86,102,38,86
1,<environment.Job instance at 0x7f975c6b3f00>,48,18,[2 5],49,86,104,37,86
1,<environment.Job instance at 0x7f975c829140>,51,18,[2 5],52,95,113,43,95
1,<environment.Job instance at 0x7f975c832140>,52,13,[10  2],53,102,115,49,102
1,<environment.Job instance at 0x7f975ce10eb0>,45,18,[ 2 10],46,113,131,67,113
1,<environment.Job instance at 0x7f975c98d500>,53,17,[7 3],54,115,132,61,115
1,<environment.Job instance at 0x7f97668da280>,2,3,[5 1],3,3,6,0,3
1,<environment.Job instance at 0x7f97668da050>,3,14,[4 6],4,4,18,0,4
1,<environment.Job instance at 0x7f97668dad20>,5,20,[1 5],6,6,26,0,6
1,<environment.Job instance at 0x7f97668da690>,6,3,[7 2],7,7,10,0,7
1,<environment.Job instance at 0x7f975cd63370>,9,16,[6 3],10,10,26,0,10
1,<environment.Job instance at 0x7f975c9f7550>,17,3,[3 7],18,18,21,0,18
1,<environment.Job instance at 0x7f975c930500>,14,15,[8 2],15,21,36,6,19
1,<environment.Job instance at 0x7f975c930a50>,13,12,[10  2],14,36,48,22,19
1,<environment.Job instance at 0x7f975c930f00>,15,18,[ 1 10],16,26,44,10,19
1,<environment.Job instance at 0x7f975d249410>,18,13,[1 9],19,44,57,25,28
1,<environment.Job instance at 0x7f975cf7f8c0>,23,2,[2 8],24,57,59,33,30
1,<environment.Job instance at 0x7f975cf7faf0>,22,14,[10  4],23,48,62,25,33
1,<environment.Job instance at 0x7f975d0f8230>,30,12,[5 8],31,59,71,28,43
1,<environment.Job instance at 0x7f975cca6c80>,31,14,[6 1],32,62,76,30,47
1,<environment.Job instance at 0x7f975d0f85a0>,27,13,[1 7],28,71,84,43,55
1,<environment.Job instance at 0x7f975c9f79b0>,16,16,[6 1],17,71,87,54,59
1,<environment.Job instance at 0x7f975d0f8960>,26,12,[14  3],27,87,99,60,70
1,<environment.Job instance at 0x7f975cc4dd70>,32,15,[ 2 10],33,99,114,66,85
1,<environment.Job instance at 0x7f975ce02730>,36,3,[6 3],37,99,102,62,86
1,<environment.Job instance at 0x7f975ce02500>,35,14,[6 5],36,102,116,66,87
1,<environment.Job instance at 0x7f975dd1adc0>,42,13,[1 6],43,114,127,71,98
1,<environment.Job instance at 0x7f975dd1a410>,43,1,[1 6],44,98,99,54,98
1,<environment.Job instance at 0x7f975ca6faf0>,45,2,[ 4 10],46,127,129,81,100
1,<environment.Job instance at 0x7f975dd16910>,39,16,[6 1],40,114,130,74,101
1,<environment.Job instance at 0x7f975ca6fa50>,48,13,[ 5 13],49,129,142,80,113
1,<environment.Job instance at 0x7f975ca6fd20>,47,16,[6 1],48,130,146,82,121
1,<environment.Job instance at 0x7f975ca6fe60>,50,16,[ 3 10],51,142,158,91,129
1,<environment.Job instance at 0x7f975d2e2410>,0,17,[9 5],1,1,18,0,1
1,<environment.Job instance at 0x7f975d2e2c30>,2,3,[5 1],3,3,6,0,3
1,<environment.Job instance at 0x7f975d2e2960>,3,14,[4 6],4,6,20,2,6
1,<environment.Job instance at 0x7f975c95d410>,6,3,[7 2],7,18,21,11,18
1,<environment.Job instance at 0x7f975dc07a50>,5,20,[1 5],6,18,38,12,18
1,<environment.Job instance at 0x7f976639fc80>,16,16,[6 1],17,20,36,3,20
1,<environment.Job instance at 0x7f976639fdc0>,17,3,[3 7],18,21,24,3,21
1,<environment.Job instance at 0x7f976639fc30>,18,13,[1 9],19,24,37,5,24
1,<environment.Job instance at 0x7f976639feb0>,13,12,[10  2],14,37,49,23,37
1,<environment.Job instance at 0x7f976639fd20>,15,18,[ 1 10],16,38,56,22,38
1,<environment.Job instance at 0x7f975dba8320>,22,14,[10  4],23,49,63,26,49
1,<environment.Job instance at 0x7f975dba8c80>,23,2,[2 8],24,56,58,32,56
1,<environment.Job instance at 0x7f975dba8370>,24,17,[ 2 10],25,58,75,33,58
1,<environment.Job instance at 0x7f976639fe60>,14,15,[8 2],15,63,78,48,63
1,<environment.Job instance at 0x7f975dbb78c0>,27,13,[1 7],28,75,88,47,75
1,<environment.Job instance at 0x7f975db9e5f0>,9,16,[6 3],10,75,91,65,75
1,<environment.Job instance at 0x7f975dbb7410>,31,14,[6 1],32,78,92,46,78
1,<environment.Job instance at 0x7f975dbb7500>,32,15,[ 2 10],33,88,103,55,88
1,<environment.Job instance at 0x7f976639fb90>,19,16,[7 4],20,91,107,71,91
1,<environment.Job instance at 0x7f975dbb77d0>,36,3,[6 3],37,103,106,66,103
1,<environment.Job instance at 0x7f975dbb7190>,30,12,[5 8],31,106,118,75,106
1,<environment.Job instance at 0x7f975dbb7eb0>,35,14,[6 5],36,107,121,71,107
1,<environment.Job instance at 0x7f975c577370>,39,16,[6 1],40,118,134,78,118
1,<environment.Job instance at 0x7f975dba8e10>,25,18,[2 9],26,118,136,92,118
1,<environment.Job instance at 0x7f975d2cb5f0>,38,18,[6 5],39,121,139,82,121
1,<environment.Job instance at 0x7f975d8d0280>,2,3,[10  4],3,3,6,0,3
1,<environment.Job instance at 0x7f975d8d0f00>,4,1,[4 7],5,5,6,0,5
1,<environment.Job instance at 0x7f975d8d0af0>,7,2,[5 7],8,8,10,0,8
1,<environment.Job instance at 0x7f975d182aa0>,2,3,[10  4],3,3,6,0,3
1,<environment.Job instance at 0x7f975d738190>,4,1,[4 7],5,5,6,0,5
1,<environment.Job instance at 0x7f975d7385a0>,7,2,[5 7],8,8,10,0,8
1,<environment.Job instance at 0x7f975dce5190>,14,16,[6 3],15,15,31,0,15
1,<environment.Job instance at 0x7f975dce5410>,15,16,[6 5],16,16,32,0,16
1,<environment.Job instance at 0x7f975ce17e10>,19,14,[1 6],20,20,34,0,20
1,<environment.Job instance at 0x7f975ce17050>,20,17,[6 1],21,31,48,10,31
1,<environment.Job instance at 0x7f975ce17e60>,27,2,[6 2],28,32,34,4,32
1,<environment.Job instance at 0x7f975ce17c30>,30,1,[4 8],31,34,35,3,34
1,<environment.Job instance at 0x7f975ce17730>,28,21,[5 2],29,34,55,5,34
1,<environment.Job instance at 0x7f975caac140>,34,14,[3 7],35,35,49,0,35
1,<environment.Job instance at 0x7f975ce17b90>,24,16,[7 3],25,48,64,23,48
1,<environment.Job instance at 0x7f975caac870>,35,15,[2 9],36,49,64,13,49
1,<environment.Job instance at 0x7f975caaccd0>,36,3,[4 8],37,64,67,27,64
1,<environment.Job instance at 0x7f975cca6d70>,46,14,[5 5],47,64,78,17,64
1,<environment.Job instance at 0x7f975d976410>,49,12,[7 2],50,67,79,17,67
1,<environment.Job instance at 0x7f975ce02910>,47,12,[1 8],48,67,79,19,67
1,<environment.Job instance at 0x7f975c955eb0>,55,2,[7 1],56,78,80,22,78
1,<environment.Job instance at 0x7f975c925d70>,58,1,[5 9],59,79,80,20,79
1,<environment.Job instance at 0x7f975c926870>,61,12,[2 9],62,80,92,18,80
1,<environment.Job instance at 0x7f975c577f50>,64,12,[7 5],65,80,92,15,80
1,<environment.Job instance at 0x7f975c9300a0>,62,13,[2 8],63,92,105,29,92
1,<environment.Job instance at 0x7f975d0a1190>,39,16,[5 7],40,92,108,52,92
1,<environment.Job instance at 0x7f975d2cb5f0>,65,17,[10  5],66,105,122,39,105
1,<environment.Job instance at 0x7f975dbb7b90>,74,17,[4 9],75,108,125,33,108
1,<environment.Job instance at 0x7f975dbb7c80>,75,1,[10  2],76,122,123,46,122
1,<environment.Job instance at 0x7f975dbb7910>,77,14,[5 5],78,123,137,45,123
1,<environment.Job instance at 0x7f975dba8410>,78,2,[5 9],79,125,127,46,125
1,<environment.Job instance at 0x7f975dba8550>,82,1,[9 3],83,127,128,44,127
1,<environment.Job instance at 0x7f976639fb40>,83,14,[10  4],84,128,142,44,128
1,<environment.Job instance at 0x7f55621356e0>,0,2,[6 2],1,1,3,0,1
1,<environment.Job instance at 0x7f5562135730>,1,15,[4 5],2,2,17,0,2
1,<environment.Job instance at 0x7f5558aebc80>,3,13,[3 8],4,4,17,0,4
1,<environment.Job instance at 0x7f55621358c0>,7,12,[7 2],8,10,22,2,10
1,<environment.Job instance at 0x7f5558aebe60>,11,1,[8 4],12,17,18,5,12
1,<environment.Job instance at 0x7f5558aebfa0>,9,17,[8 1],10,18,35,8,13
1,<environment.Job instance at 0x7f5558aef690>,18,18,[3 6],19,22,40,3,19
1,<environment.Job instance at 0x7f5558aef960>,22,3,[4 6],23,28,31,5,28
1,<environment.Job instance at 0x7f5558aefa00>,24,2,[ 3 12],25,40,42,15,29
1,<environment.Job instance at 0x7f5558aefaa0>,25,16,[5 3],26,35,51,9,29
1,<environment.Job instance at 0x7f5558aefd20>,28,2,[5 8],29,42,44,13,30
1,<environment.Job instance at 0x7f5558af31e0>,30,15,[8 2],31,44,59,13,40
1,<environment.Job instance at 0x7f5558af3320>,35,3,[9 5],36,59,62,23,40
1,<environment.Job instance at 0x7f5558af3460>,37,2,[5 1],38,42,44,4,40
1,<environment.Job instance at 0x7f5558af35a0>,39,12,[3 6],40,51,63,11,40
1,<environment.Job instance at 0x7f5558af3a50>,41,3,[14  5],42,63,66,21,42
1,<environment.Job instance at 0x7f5558aefe60>,31,13,[4 5],32,66,79,34,50
1,<environment.Job instance at 0x7f5558af5140>,54,2,[5 8],55,66,68,11,56
1,<environment.Job instance at 0x7f5558af56e0>,58,2,[1 7],59,62,64,3,59
1,<environment.Job instance at 0x7f5558af5690>,57,15,[6 5],58,68,83,10,60
1,<environment.Job instance at 0x7f5558af5b40>,63,2,[9 2],64,79,81,15,64
1,<environment.Job instance at 0x7f5558af5eb0>,67,13,[3 5],68,81,94,13,68
1,<environment.Job instance at 0x7f5558af7280>,71,13,[7 2],72,83,96,11,77
1,<environment.Job instance at 0x7f5558af7500>,76,18,[ 2 10],77,94,112,17,83
1,<environment.Job instance at 0x7f5558af7460>,78,13,[1 5],79,96,109,17,83
1,<environment.Job instance at 0x7f5558ae3af0>,0,2,[6 2],1,1,3,0,1
1,<environment.Job instance at 0x7f5558ae35f0>,1,15,[4 5],2,2,17,0,2
1,<environment.Job instance at 0x7f5558bdd5f0>,2,18,[ 3 10],3,3,21,0,3
1,<environment.Job instance at 0x7f5558af3050>,7,12,[7 2],8,17,29,9,17
1,<environment.Job instance at 0x7f5558c8c6e0>,11,1,[8 4],12,21,22,9,21
1,<environment.Job instance at 0x7f5558c22550>,3,13,[3 8],4,22,35,18,22
1,<environment.Job instance at 0x7f5562135870>,13,15,[4 5],14,22,37,8,22
1,<environment.Job instance at 0x7f5558af5c80>,9,17,[8 1],10,29,46,19,29
1,<environment.Job instance at 0x7f5558c8c370>,10,14,[1 6],11,35,49,24,35
1,<environment.Job instance at 0x7f5558c0f5a0>,18,18,[3 6],19,37,55,18,37
1,<environment.Job instance at 0x7f5558c16f50>,22,3,[4 6],23,49,52,26,49
1,<environment.Job instance at 0x7f5558d0a7d0>,25,16,[5 3],26,49,65,23,49
1,<environment.Job instance at 0x7f5558c99d70>,5,18,[7 5],6,52,70,46,52
1,<environment.Job instance at 0x7f5558bf9b40>,28,2,[5 8],29,66,68,37,66
1,<environment.Job instance at 0x7f5558b90320>,31,13,[4 5],32,68,81,36,68
1,<environment.Job instance at 0x7f5558b90e10>,32,14,[8 3],33,70,84,37,70
1,<environment.Job instance at 0x7f5558b7fe60>,23,18,[7 4],24,82,100,58,82
1,<environment.Job instance at 0x7f5558bf95f0>,30,15,[8 2],31,84,99,53,84
1,<environment.Job instance at 0x7f5558bad050>,36,16,[8 1],37,99,115,62,99
1,<environment.Job instance at 0x7f5558bad370>,37,2,[5 1],38,100,102,62,100
1,<environment.Job instance at 0x7f5558badd70>,38,14,[5 5],39,102,116,63,102
1,<environment.Job instance at 0x7f5558bada00>,35,3,[9 5],36,115,118,79,115
1,<environment.Job instance at 0x7f5558bad4b0>,39,12,[3 6],40,116,128,76,116
1,<environment.Job instance at 0x7f5558bad2d0>,44,14,[8 4],45,118,132,73,118
1,<environment.Job instance at 0x7f5558c93e60>,47,16,[6 2],48,128,144,80,128
1,<environment.Job instance at 0x7f5558b90960>,33,16,[9 3],34,133,149,99,133
1,<environment.Job instance at 0x7f5558231780>,2,14,[5 1],3,3,17,0,3
1,<environment.Job instance at 0x7f5558231a50>,3,3,[1 7],4,4,7,0,4
1,<environment.Job instance at 0x7f5558236d70>,7,2,[7 2],8,8,10,0,8
1,<environment.Job instance at 0x7f55582366e0>,9,15,[6 2],10,10,25,0,10
1,<environment.Job instance at 0x7f55583ad820>,10,15,[6 2],11,17,32,6,11
1,<environment.Job instance at 0x7f5558236820>,13,3,[5 5],14,25,28,11,14
1,<environment.Job instance at 0x7f55583664b0>,14,13,[2 6],15,15,28,0,15
1,<environment.Job instance at 0x7f55584eeb40>,16,16,[6 2],17,28,44,11,17
1,<environment.Job instance at 0x7f555831ce10>,20,2,[14  2],21,44,46,23,22
1,<environment.Job instance at 0x7f55583710a0>,19,14,[3 8],20,28,42,8,23
1,<environment.Job instance at 0x7f555831cb40>,22,16,[3 9],23,46,62,23,34
1,<environment.Job instance at 0x7f555831c0f0>,25,2,[ 1 14],26,62,64,36,35
1,<environment.Job instance at 0x7f555831c4b0>,26,16,[12  1],27,46,62,19,37
1,<environment.Job instance at 0x7f555831c140>,27,15,[ 4 14],28,64,79,36,50
1,<environment.Job instance at 0x7f555835d960>,28,13,[1 9],29,79,92,50,63
1,<environment.Job instance at 0x7f555835d910>,29,3,[ 5 11],30,92,95,62,66
1,<environment.Job instance at 0x7f555831ccd0>,24,14,[ 4 10],25,95,109,70,80
1,<environment.Job instance at 0x7f55583b2140>,31,18,[11  2],32,95,113,63,84
1,<environment.Job instance at 0x7f555831cbe0>,21,17,[3 8],22,109,126,87,98
1,<environment.Job instance at 0x7f555838deb0>,33,16,[3 5],34,113,129,79,100
1,<environment.Job instance at 0x7f555838da00>,34,21,[9 1],35,113,134,78,109
1,<environment.Job instance at 0x7f555838d280>,35,14,[5 3],36,129,143,93,116
1,<environment.Job instance at 0x7f555838df00>,32,18,[4 6],33,134,152,101,123
1,<environment.Job instance at 0x7f55583d16e0>,37,18,[10  1],38,143,161,105,132
1,<environment.Job instance at 0x7f5558313370>,1,18,[10  5],2,2,20,0,2
1,<environment.Job instance at 0x7f5558313780>,2,14,[5 1],3,3,17,0,3
1,<environment.Job instance at 0x7f55582ff140>,3,3,[1 7],4,17,20,13,17
1,<environment.Job instance at 0x7f55583166e0>,7,2,[7 2],8,20,22,12,20
1,<environment.Job instance at 0x7f55582f2230>,13,3,[5 5],14,20,23,6,20
1,<environment.Job instance at 0x7f5558440fa0>,14,13,[2 6],15,20,33,5,20
1,<environment.Job instance at 0x7f55583162d0>,9,15,[6 2],10,22,37,12,22
1,<environment.Job instance at 0x7f5558310780>,10,15,[6 2],11,23,38,12,23
1,<environment.Job instance at 0x7f55582a2550>,19,14,[3 8],20,33,47,13,33
1,<environment.Job instance at 0x7f55582f2410>,16,16,[6 2],17,37,53,20,37
1,<environment.Job instance at 0x7f55582b4cd0>,28,13,[1 9],29,47,60,18,47
1,<environment.Job instance at 0x7f55583a04b0>,33,16,[3 5],34,53,69,19,53
1,<environment.Job instance at 0x7f55582a6af0>,35,14,[5 3],36,60,74,24,60
1,<environment.Job instance at 0x7f55582a64b0>,32,18,[4 6],33,60,78,27,60
1,<environment.Job instance at 0x7f55582b88c0>,40,1,[7 4],41,74,75,33,74
1,<environment.Job instance at 0x7f55582aedc0>,22,16,[3 9],23,75,91,52,75
1,<environment.Job instance at 0x7f55582b81e0>,37,18,[10  1],38,78,96,40,78
1,<environment.Job instance at 0x7f55582b8820>,41,13,[ 4 10],42,91,104,49,91
1,<environment.Job instance at 0x7f55582c5960>,46,2,[8 2],47,96,98,49,96
1,<environment.Job instance at 0x7f555848ec30>,53,2,[ 1 10],54,104,106,50,104
1,<environment.Job instance at 0x7f5558349780>,55,3,[8 2],56,104,107,48,104
1,<environment.Job instance at 0x7f55582aa1e0>,42,14,[4 7],43,106,120,63,106
1,<environment.Job instance at 0x7f55582c2dc0>,57,3,[5 4],58,107,110,49,107
1,<environment.Job instance at 0x7f55582c2410>,56,14,[8 4],57,110,124,53,110
1,<environment.Job instance at 0x7f55582b1780>,24,14,[ 4 10],25,120,134,95,120
1,<environment.Job instance at 0x7f55583a6870>,58,17,[10  5],59,124,141,65,124
1,<environment.Job instance at 0x7f55582bc550>,52,15,[3 9],53,134,149,81,134
1,<environment.Job instance at 0x7f55622a5820>,0,3,[5 4],1,1,4,0,1
1,<environment.Job instance at 0x7f5562135690>,2,1,[ 5 14],3,4,5,1,3
1,<environment.Job instance at 0x7f5562135820>,3,13,[5 7],4,5,18,1,4
1,<environment.Job instance at 0x7f55621352d0>,4,2,[10  1],5,5,7,0,5
1,<environment.Job instance at 0x7f5562135460>,5,16,[6 2],6,7,23,1,6
1,<environment.Job instance at 0x7f55622a55f0>,10,2,[9 1],11,18,20,7,11
1,<environment.Job instance at 0x7f5558179410>,12,12,[2 7],13,20,32,7,13
1,<environment.Job instance at 0x7f5558179c30>,15,3,[5 3],16,20,23,4,18
1,<environment.Job instance at 0x7f55581796e0>,16,18,[7 1],17,23,41,6,21
1,<environment.Job instance at 0x7f5558179370>,20,1,[11  3],21,41,42,20,21
1,<environment.Job instance at 0x7f5558179e10>,21,15,[4 8],22,32,47,10,27
1,<environment.Job instance at 0x7f5558179730>,22,2,[8 1],23,42,44,19,28
1,<environment.Job instance at 0x7f55581795f0>,23,1,[10  2],24,44,45,20,28
1,<environment.Job instance at 0x7f5558179e60>,19,15,[ 1 13],20,47,62,27,35
1,<environment.Job instance at 0x7f556215d960>,32,1,[8 5],33,45,46,12,37
1,<environment.Job instance at 0x7f556215dd70>,35,2,[7 1],36,46,48,10,37
1,<environment.Job instance at 0x7f556215d320>,38,2,[4 6],39,39,41,0,39
1,<environment.Job instance at 0x7f555809da00>,40,14,[7 1],41,47,61,6,42
1,<environment.Job instance at 0x7f55580f0c80>,0,3,[5 4],1,1,4,0,1
1,<environment.Job instance at 0x7f556215d4b0>,3,13,[5 7],4,4,17,0,4
1,<environment.Job instance at 0x7f555809d640>,4,2,[10  1],5,5,7,0,5
1,<environment.Job instance at 0x7f555809db40>,5,16,[6 2],6,7,23,1,7
1,<environment.Job instance at 0x7f55622a5d20>,10,2,[9 1],11,17,19,6,17
1,<environment.Job instance at 0x7f556215f5f0>,15,3,[5 3],16,19,22,3,19
1,<environment.Job instance at 0x7f556215f910>,12,12,[2 7],13,19,31,6,19
1,<environment.Job instance at 0x7f55622a59b0>,9,16,[7 2],10,22,38,12,22
1,<environment.Job instance at 0x7f55581823c0>,22,2,[8 1],23,31,33,8,31
1,<environment.Job instance at 0x7f5558182cd0>,27,14,[8 5],28,33,47,5,33
1,<environment.Job instance at 0x7f5558182320>,26,14,[5 3],27,38,52,11,38
1,<environment.Job instance at 0x7f5558182eb0>,32,1,[8 5],33,47,48,14,47
1,<environment.Job instance at 0x7f55581829b0>,23,1,[10  2],24,48,49,24,48
1,<environment.Job instance at 0x7f5558126500>,35,2,[7 1],36,49,51,13,49
1,<environment.Job instance at 0x7f55581825a0>,33,14,[2 8],34,49,63,15,49
1,<environment.Job instance at 0x7f55581266e0>,37,16,[8 3],38,51,67,13,51
1,<environment.Job instance at 0x7f5558126230>,38,2,[4 6],39,63,65,24,63
1,<environment.Job instance at 0x7f5558126be0>,40,14,[7 1],41,65,79,24,65
1,<environment.Job instance at 0x7f5558126eb0>,43,14,[ 3 10],44,67,81,23,67
1,<environment.Job instance at 0x7f5558182730>,34,15,[10  3],35,79,94,44,79
1,<environment.Job instance at 0x7f5558297af0>,51,2,[1 7],52,81,83,29,81
1,<environment.Job instance at 0x7f555812ab40>,47,3,[5 8],48,83,86,35,83
1,<environment.Job instance at 0x7f5558297730>,53,13,[ 4 10],54,86,99,32,86
1,<environment.Job instance at 0x7f55582977d0>,56,13,[2 5],57,94,107,37,94
1,<environment.Job instance at 0x7f5558297460>,61,12,[4 7],62,99,111,37,99
1,<environment.Job instance at 0x7f5558182d20>,16,18,[7 1],17,99,117,82,99
1,<environment.Job instance at 0x7f5558182a00>,21,15,[4 8],22,112,127,90,112
1,<environment.Job instance at 0x7f55580e69b0>,68,17,[6 3],69,117,134,48,117
1,<environment.Job instance at 0x7f55580e6780>,74,14,[3 6],75,127,141,52,127
1,<environment.Job instance at 0x7f55580e6190>,78,16,[2 6],79,127,143,48,127
1,<environment.Job instance at 0x7f55580e6730>,69,20,[6 2],70,134,154,64,134
1,<environment.Job instance at 0x7f55580bbb40>,4,2,[2 8],5,5,7,0,5
1,<environment.Job instance at 0x7f55580bb230>,7,3,[5 9],8,8,11,0,8
1,<environment.Job instance at 0x7f55580bb820>,11,1,[5 7],12,13,14,1,13
1,<environment.Job instance at 0x7f555850c730>,10,18,[13  2],11,14,32,3,14
1,<environment.Job instance at 0x7f55580bb640>,9,15,[ 3 12],10,32,47,22,18
1,<environment.Job instance at 0x7f55580bb410>,16,2,[5 3],17,32,34,15,18
1,<environment.Job instance at 0x7f555810a690>,20,3,[ 2 10],21,21,24,0,21
1,<environment.Job instance at 0x7f55593ae050>,0,16,[2 7],1,1,17,0,1
1,<environment.Job instance at 0x7f55593db870>,1,20,[7 4],2,2,22,0,2
1,<environment.Job instance at 0x7f5558158d20>,11,1,[5 7],12,17,18,5,17
1,<environment.Job instance at 0x7f5558510fa0>,4,2,[2 8],5,18,20,13,18
1,<environment.Job instance at 0x7f55581580f0>,16,2,[5 3],17,18,20,1,18
1,<environment.Job instance at 0x7f55581583c0>,7,3,[5 9],8,20,23,12,20
1,<environment.Job instance at 0x7f5558158c30>,12,12,[10  3],13,22,34,9,22
1,<environment.Job instance at 0x7f55580dc190>,20,3,[ 2 10],21,23,26,2,23
1,<environment.Job instance at 0x7f55580dcdc0>,17,15,[5 7],18,26,41,8,26
1,<environment.Job instance at 0x7f55580dca00>,24,2,[3 5],25,34,36,9,34
1,<environment.Job instance at 0x7f55580dc370>,18,13,[7 1],19,34,47,15,34
1,<environment.Job instance at 0x7f55580dcd70>,19,16,[2 6],20,36,52,16,36
1,<environment.Job instance at 0x7f5558158b40>,14,15,[6 4],15,41,56,26,41
1,<environment.Job instance at 0x7f55580dc0a0>,22,3,[9 1],23,52,55,29,52
1,<environment.Job instance at 0x7f55580e04b0>,34,12,[3 5],35,55,67,20,55
1,<environment.Job instance at 0x7f55580e0f50>,29,3,[10  3],30,56,59,26,56
1,<environment.Job instance at 0x7f55580e05f0>,38,3,[10  3],39,59,62,20,59
1,<environment.Job instance at 0x7f55580e31e0>,41,14,[3 5],42,62,76,20,62
1,<environment.Job instance at 0x7f55580e0eb0>,28,17,[9 1],29,62,79,33,62
1,<environment.Job instance at 0x7f55580e30a0>,42,3,[2 8],43,67,70,24,67
1,<environment.Job instance at 0x7f55580e0a00>,31,16,[1 8],32,70,86,38,70
1,<environment.Job instance at 0x7f55580e3550>,43,14,[8 1],44,79,93,35,79
1,<environment.Job instance at 0x7f55580e3eb0>,44,1,[ 1 10],45,86,87,41,86
1,<environment.Job instance at 0x7f55580e3320>,46,14,[ 2 10],47,87,101,40,87
1,<environment.Job instance at 0x7f556215f9b0>,48,2,[7 2],49,93,95,44,93
1,<environment.Job instance at 0x7f556215fd70>,47,17,[7 4],48,95,112,47,95
1,<environment.Job instance at 0x7f555809dd20>,50,13,[6 5],51,101,114,50,101
1,<environment.Job instance at 0x7f555830eb90>,61,12,[5 6],62,112,124,50,112
1,<environment.Job instance at 0x7f55580e0230>,35,14,[5 8],36,114,128,78,114
1,<environment.Job instance at 0x7f55580e32d0>,45,17,[9 1],46,124,141,78,124
1,<environment.Job instance at 0x7f555830e050>,62,1,[ 4 10],63,128,129,65,128
1,<environment.Job instance at 0x7f556215f960>,49,15,[ 5 10],50,129,144,79,129
1,<environment.Job instance at 0x7f5558c939b0>,0,14,[6 4],1,1,15,0,1
1,<environment.Job instance at 0x7f55580ede10>,3,3,[1 6],4,5,8,1,5
1,<environment.Job instance at 0x7f55584b7eb0>,4,25,[4 9],5,8,33,3,8
1,<environment.Job instance at 0x7f55584b7960>,8,2,[ 3 10],9,33,35,24,9
1,<environment.Job instance at 0x7f55584d03c0>,9,3,[5 1],10,11,14,1,11
1,<environment.Job instance at 0x7f55584ccaa0>,10,2,[11  4],11,15,17,4,11
1,<environment.Job instance at 0x7f55584d0a50>,12,1,[5 1],13,14,15,1,13
1,<environment.Job instance at 0x7f55584b7230>,7,12,[6 1],8,17,29,9,14
1,<environment.Job instance at 0x7f55584d0af0>,17,2,[ 4 13],18,35,37,17,20
1,<environment.Job instance at 0x7f5558f70c80>,22,2,[ 5 12],23,37,39,14,27
1,<environment.Job instance at 0x7f55584d1f00>,24,12,[ 4 13],25,39,51,14,27
1,<environment.Job instance at 0x7f5558c38aa0>,28,3,[12  3],29,51,54,22,32
1,<environment.Job instance at 0x7f55584d6960>,29,3,[5 3],30,32,35,2,32
1,<environment.Job instance at 0x7f5558581cd0>,27,18,[1 5],28,51,69,23,40
1,<environment.Job instance at 0x7f55585884b0>,32,12,[4 8],33,54,66,21,40
1,<environment.Job instance at 0x7f5558c41d70>,38,12,[5 5],39,66,78,27,50
1,<environment.Job instance at 0x7f55584d6af0>,31,20,[5 3],32,66,86,34,57
1,<environment.Job instance at 0x7f5558c3d6e0>,41,14,[4 9],42,83,97,41,83
1,<environment.Job instance at 0x7f5558c47f00>,42,18,[14  1],43,97,115,54,91
1,<environment.Job instance at 0x7f5558c477d0>,43,24,[9 2],44,115,139,71,110
1,<environment.Job instance at 0x7f555857eb40>,44,12,[4 8],45,132,144,87,132
1,<environment.Job instance at 0x7f55584b7b40>,6,14,[7 5],7,139,153,132,135
1,<environment.Job instance at 0x7f5558c47550>,45,15,[ 5 11],46,153,168,107,139
1,<environment.Job instance at 0x7f5558c5cbe0>,0,14,[6 4],1,1,15,0,1
1,<environment.Job instance at 0x7f5558bbe5f0>,3,3,[1 6],4,4,7,0,4
1,<environment.Job instance at 0x7f555877d1e0>,6,14,[7 5],7,7,21,0,7
1,<environment.Job instance at 0x7f55585f41e0>,12,1,[5 1],13,15,16,2,15
1,<environment.Job instance at 0x7f555864f690>,8,2,[ 3 10],9,16,18,7,16
1,<environment.Job instance at 0x7f55585f44b0>,9,3,[5 1],10,18,21,8,18
1,<environment.Job instance at 0x7f5558b383c0>,7,12,[6 1],8,21,33,13,21
1,<environment.Job instance at 0x7f555823c370>,19,12,[8 2],20,21,33,1,21
1,<environment.Job instance at 0x7f55587c66e0>,26,1,[5 7],27,33,34,6,33
1,<environment.Job instance at 0x7f5558626780>,29,3,[5 3],30,33,36,3,33
1,<environment.Job instance at 0x7f55587c10a0>,23,16,[5 5],24,33,49,9,33
1,<environment.Job instance at 0x7f55587c6280>,27,18,[1 5],28,34,52,6,34
1,<environment.Job instance at 0x7f55586313c0>,33,12,[8 2],34,36,48,2,36
1,<environment.Job instance at 0x7f55621358c0>,36,3,[9 1],37,48,51,11,48
1,<environment.Job instance at 0x7f5558626280>,32,12,[4 8],33,49,61,16,49
1,<environment.Job instance at 0x7f555862c780>,37,1,[7 4],38,52,53,14,52
1,<environment.Job instance at 0x7f555862c6e0>,38,12,[5 5],39,53,65,14,53
1,<environment.Job instance at 0x7f55585f4aa0>,11,14,[9 5],12,61,75,49,61
1,<environment.Job instance at 0x7f555862c5a0>,41,14,[4 9],42,65,79,23,65
1,<environment.Job instance at 0x7f555863b460>,47,1,[5 1],48,79,80,31,79
1,<environment.Job instance at 0x7f555862ce60>,44,12,[4 8],45,79,91,34,79
1,<environment.Job instance at 0x7f5558145f50>,54,16,[5 5],55,79,95,24,79
1,<environment.Job instance at 0x7f55581453c0>,55,12,[ 3 10],56,91,103,35,91
1,<environment.Job instance at 0x7f5558145550>,57,13,[8 5],58,95,108,37,95
1,<environment.Job instance at 0x7f5558145d20>,58,13,[3 9],59,103,116,44,103
1,<environment.Job instance at 0x7f5558145e10>,60,16,[6 5],61,108,124,47,108
1,<environment.Job instance at 0x7f555830ef50>,61,3,[5 9],62,116,119,54,116
1,<environment.Job instance at 0x7f555830e910>,62,2,[6 4],63,119,121,56,119
1,<environment.Job instance at 0x7f555830e640>,63,2,[3 5],64,119,121,55,119
1,<environment.Job instance at 0x7f555830ef00>,64,15,[2 5],65,121,136,56,121
1,<environment.Job instance at 0x7f5558145c30>,56,17,[4 5],57,121,138,64,121
1,<environment.Job instance at 0x7f555810af00>,66,16,[9 2],67,124,140,57,124
1,<environment.Job instance at 0x7f555862c7d0>,40,17,[2 7],41,136,153,95,136
1,<environment.Job instance at 0x7f555853df00>,2,2,[ 2 13],3,3,5,0,3
1,<environment.Job instance at 0x7f555853de60>,8,12,[1 8],9,9,21,0,9
1,<environment.Job instance at 0x7f555853d640>,9,16,[5 1],10,10,26,0,10
1,<environment.Job instance at 0x7f555853d3c0>,13,3,[14  5],14,26,29,12,14
1,<environment.Job instance at 0x7f555895fb40>,16,1,[8 1],17,17,18,0,17
1,<environment.Job instance at 0x7f555895f3c0>,18,15,[6 2],19,29,44,10,19
1,<environment.Job instance at 0x7f555895f2d0>,19,2,[10  4],20,21,23,1,20
1,<environment.Job instance at 0x7f555895ffa0>,22,1,[12  2],23,44,45,21,23
1,<environment.Job instance at 0x7f555853ddc0>,5,12,[1 7],6,26,38,20,26
1,<environment.Job instance at 0x7f555853df50>,25,3,[12  1],26,45,48,19,27
1,<environment.Job instance at 0x7f555895f780>,28,3,[14  3],29,48,51,19,30
1,<environment.Job instance at 0x7f555895f690>,29,1,[14  5],30,51,52,21,30
1,<environment.Job instance at 0x7f555851b6e0>,31,1,[7 2],32,32,33,0,32
1,<environment.Job instance at 0x7f555851b5a0>,32,2,[3 7],33,38,40,5,33
1,<environment.Job instance at 0x7f55596375f0>,36,12,[9 1],37,52,64,15,37
1,<environment.Job instance at 0x7f55596371e0>,38,2,[4 7],39,40,42,1,39
1,<environment.Job instance at 0x7f5558e0cb90>,4,15,[11  5],5,87,102,82,87
1,<environment.Job instance at 0x7f555895f460>,26,13,[11  4],27,103,116,76,103
1,<environment.Job instance at 0x7f5558574500>,0,18,[6 5],1,1,19,0,1
1,<environment.Job instance at 0x7f55622b0230>,5,12,[1 7],6,6,18,0,6
1,<environment.Job instance at 0x7f5558158e60>,9,16,[5 1],10,10,26,0,10
1,<environment.Job instance at 0x7f5558158c30>,8,12,[1 8],9,18,30,9,18
1,<environment.Job instance at 0x7f5558158a50>,11,14,[4 5],12,19,33,7,19
1,<environment.Job instance at 0x7f55580bb5a0>,16,1,[8 1],17,26,27,9,26
1,<environment.Job instance at 0x7f55581580f0>,14,14,[1 7],15,30,44,15,30
1,<environment.Job instance at 0x7f5558e059b0>,18,15,[6 2],19,30,45,11,30
1,<environment.Job instance at 0x7f55623133c0>,12,18,[2 5],13,33,51,20,33
1,<environment.Job instance at 0x7f55621354b0>,17,14,[5 7],18,44,58,26,44
1,<environment.Job instance at 0x7f5558f65b40>,31,1,[7 2],32,51,52,19,51
1,<environment.Job instance at 0x7f5562135280>,19,2,[10  4],20,52,54,32,52
1,<environment.Job instance at 0x7f5558f65aa0>,32,2,[3 7],33,54,56,21,54
1,<environment.Job instance at 0x7f5558158d70>,6,15,[3 7],7,56,71,49,56
1,<environment.Job instance at 0x7f555853dcd0>,36,12,[9 1],37,58,70,21,58
1,<environment.Job instance at 0x7f555853d550>,38,2,[4 7],39,70,72,31,70
1,<environment.Job instance at 0x7f555851b820>,24,15,[10  3],25,71,86,46,71
1,<environment.Job instance at 0x7f5561ec01e0>,45,15,[4 9],46,72,87,26,72
1,<environment.Job instance at 0x7f5558c65a50>,33,16,[9 4],34,86,102,52,86
1,<environment.Job instance at 0x7f5559504320>,53,12,[5 8],54,87,99,33,87
1,<environment.Job instance at 0x7f5558983190>,57,12,[2 7],58,99,111,41,99
1,<environment.Job instance at 0x7f5558371190>,56,12,[10  1],57,102,114,45,102
1,<environment.Job instance at 0x7f5558beed70>,58,14,[ 4 10],59,111,125,52,111
1,<environment.Job instance at 0x7f5558f65820>,34,18,[10  1],35,115,133,80,115
1,<environment.Job instance at 0x7f555901b910>,55,14,[3 8],56,125,139,69,125
1,<environment.Job instance at 0x7f555910f640>,64,13,[7 4],65,133,146,68,133
1,<environment.Job instance at 0x7f555885ce60>,61,20,[5 1],62,133,153,71,133
1,<environment.Job instance at 0x7f55580bbe60>,15,15,[ 1 10],16,139,154,123,139
1,<environment.Job instance at 0x7f5558f562d0>,1,15,[6 2],2,2,17,0,2
1,<environment.Job instance at 0x7f5559226eb0>,5,17,[3 5],6,6,23,0,6
1,<environment.Job instance at 0x7f5558f9ab90>,8,1,[ 5 10],9,17,18,8,9
1,<environment.Job instance at 0x7f555922ae60>,13,12,[ 3 13],14,23,35,9,17
1,<environment.Job instance at 0x7f555922a280>,16,1,[6 5],17,18,19,1,17
1,<environment.Job instance at 0x7f555922adc0>,17,12,[2 8],18,35,47,17,18
1,<environment.Job instance at 0x7f555922a2d0>,15,18,[2 7],16,35,53,19,32
1,<environment.Job instance at 0x7f555929ebe0>,18,14,[ 1 10],19,53,67,34,38
1,<environment.Job instance at 0x7f555959c7d0>,20,19,[1 5],21,48,67,27,48
1,<environment.Job instance at 0x7f5559231320>,21,14,[1 7],22,67,81,45,52
1,<environment.Job instance at 0x7f5558717f00>,23,13,[11  2],24,67,80,43,52
1,<environment.Job instance at 0x7f5558703780>,24,13,[12  3],25,80,93,55,64
1,<environment.Job instance at 0x7f55586db2d0>,25,14,[3 9],26,81,95,55,67
1,<environment.Job instance at 0x7f555923c500>,34,3,[1 9],35,95,98,60,75
1,<environment.Job instance at 0x7f55592b4960>,39,13,[8 2],40,93,106,53,77
1,<environment.Job instance at 0x7f5559596410>,40,13,[4 5],41,98,111,57,84
1,<environment.Job instance at 0x7f55586e1870>,51,13,[8 2],52,106,119,54,90
1,<environment.Job instance at 0x7f55590e7d20>,41,12,[ 4 10],42,111,123,69,106
1,<environment.Job instance at 0x7f5558711d20>,54,2,[3 8],55,107,109,52,107
1,<environment.Job instance at 0x7f55586e1230>,52,12,[13  4],53,123,135,70,110
1,<environment.Job instance at 0x7f5558711dc0>,56,2,[14  3],57,135,137,78,110
1,<environment.Job instance at 0x7f555922ac80>,14,18,[1 8],15,123,141,108,113
1,<environment.Job instance at 0x7f5558711e10>,58,2,[ 2 12],59,141,143,82,115
1,<environment.Job instance at 0x7f5558711fa0>,55,27,[6 3],56,138,165,82,138
1,<environment.Job instance at 0x7f555808b500>,1,15,[6 2],2,2,17,0,2
1,<environment.Job instance at 0x7f5558b23cd0>,2,17,[7 4],3,3,20,0,3
1,<environment.Job instance at 0x7f5561d05910>,8,1,[ 5 10],9,17,18,8,17
1,<environment.Job instance at 0x7f5559032dc0>,16,1,[6 5],17,18,19,1,18
1,<environment.Job instance at 0x7f55580897d0>,17,12,[2 8],18,19,31,1,19
1,<environment.Job instance at 0x7f555864f280>,5,17,[3 5],6,20,37,14,20
1,<environment.Job instance at 0x7f5558089320>,18,14,[ 1 10],19,31,45,12,31
1,<environment.Job instance at 0x7f55580898c0>,19,18,[7 4],20,37,55,17,37
1,<environment.Job instance at 0x7f55590387d0>,21,14,[1 7],22,45,59,23,45
1,<environment.Job instance at 0x7f55590381e0>,22,18,[6 4],23,45,63,22,45
1,<environment.Job instance at 0x7f555916b3c0>,25,14,[3 9],26,59,73,33,59
1,<environment.Job instance at 0x7f555916b550>,26,1,[10  5],27,63,64,36,63
1,<environment.Job instance at 0x7f555916ba00>,27,14,[5 3],28,64,78,36,64
1,<environment.Job instance at 0x7f5559248460>,31,15,[7 3],32,64,79,32,64
1,<environment.Job instance at 0x7f555864f550>,6,16,[3 9],7,73,89,66,73
1,<environment.Job instance at 0x7f55582b1a50>,33,14,[10  1],34,79,93,45,79
1,<environment.Job instance at 0x7f55582e0d20>,34,3,[1 9],35,89,92,54,89
1,<environment.Job instance at 0x7f5558bee050>,38,17,[3 6],39,92,109,53,92
1,<environment.Job instance at 0x7f555920f190>,14,18,[1 8],15,92,110,77,92
1,<environment.Job instance at 0x7f555873fa50>,35,3,[7 1],36,93,96,57,93
1,<environment.Job instance at 0x7f55620350a0>,39,13,[8 2],40,109,122,69,109
1,<environment.Job instance at 0x7f55582f3410>,40,13,[4 5],41,109,122,68,109
1,<environment.Job instance at 0x7f55590324b0>,15,18,[2 7],16,110,128,94,110
1,<environment.Job instance at 0x7f55582b1b90>,32,17,[9 2],33,122,139,89,122
1,<environment.Job instance at 0x7f555885c780>,41,12,[ 4 10],42,128,140,86,128
1,<environment.Job instance at 0x7f555895f1e0>,51,13,[8 2],52,139,152,87,139
1,<environment.Job instance at 0x7f5558a80050>,0,3,[7 3],1,1,4,0,1
1,<environment.Job instance at 0x7f5558a803c0>,2,1,[3 6],3,4,5,1,4
1,<environment.Job instance at 0x7f5558e39cd0>,4,17,[2 6],5,5,22,0,5
1,<environment.Job instance at 0x7f5558e398c0>,10,1,[ 1 11],11,22,23,11,11
1,<environment.Job instance at 0x7f5561ec0640>,0,3,[7 3],1,1,4,0,1
1,<environment.Job instance at 0x7f55590cd460>,2,1,[3 6],3,3,4,0,3
1,<environment.Job instance at 0x7f55593c2aa0>,3,16,[1 9],4,4,20,0,4
1,<environment.Job instance at 0x7f5561ec05f0>,4,17,[2 6],5,5,22,0,5
1,<environment.Job instance at 0x7f55588297d0>,14,1,[2 5],15,20,21,5,20
1,<environment.Job instance at 0x7f5558300f50>,16,18,[10  2],17,20,38,3,20
1,<environment.Job instance at 0x7f55622b0500>,17,3,[5 6],18,22,25,4,22
1,<environment.Job instance at 0x7f55585892d0>,23,2,[1 5],24,25,27,1,25
1,<environment.Job instance at 0x7f5558505910>,21,17,[2 6],22,25,42,3,25
1,<environment.Job instance at 0x7f555895fc30>,28,17,[3 5],29,29,46,0,29
1,<environment.Job instance at 0x7f55582b1b90>,31,1,[4 5],32,42,43,10,42
1,<environment.Job instance at 0x7f5558bfac30>,26,15,[4 5],27,42,57,15,42
1,<environment.Job instance at 0x7f555916b3c0>,34,15,[7 4],35,43,58,8,43
1,<environment.Job instance at 0x7f555920f190>,37,15,[8 1],38,57,72,19,57
1,<environment.Job instance at 0x7f555830c960>,40,15,[5 5],41,58,73,17,58
1,<environment.Job instance at 0x7f555885c550>,30,15,[5 8],31,72,87,41,72
1,<environment.Job instance at 0x7f5558c61780>,45,17,[2 5],46,73,90,27,73
1,<environment.Job instance at 0x7f5558c61f00>,48,3,[9 4],49,87,90,38,87
1,<environment.Job instance at 0x7f5558c61190>,49,2,[7 5],50,90,92,40,90
1,<environment.Job instance at 0x7f5562135280>,19,15,[5 8],20,90,105,70,90
1,<environment.Job instance at 0x7f5558c610a0>,51,12,[10  1],52,92,104,40,92
1,<environment.Job instance at 0x7f5558049a00>,54,12,[10  1],55,104,116,49,104
1,<environment.Job instance at 0x7f55580499b0>,59,12,[ 1 10],60,105,117,45,105
1,<environment.Job instance at 0x7f55580490f0>,62,17,[2 5],63,116,133,53,116
1,<environment.Job instance at 0x7f5558e39640>,41,16,[ 2 10],42,117,133,75,117
1,<environment.Job instance at 0x7f5558049410>,68,12,[6 3],69,133,145,64,133
1,<environment.Job instance at 0x7f5558049e10>,71,12,[4 6],72,133,145,61,133
1,<environment.Job instance at 0x7f5558049e60>,72,13,[2 6],73,133,146,60,133
1,<environment.Job instance at 0x7f5557f42a00>,0,13,[4 5],1,1,14,0,1
1,<environment.Job instance at 0x7f5557f42f00>,3,15,[5 5],4,4,19,0,4
1,<environment.Job instance at 0x7f5557f4a870>,8,2,[7 4],9,14,16,5,9
1,<environment.Job instance at 0x7f5557f4a190>,9,2,[4 6],10,16,18,6,10
1,<environment.Job instance at 0x7f5557f4a050>,10,2,[12  2],11,19,21,8,11
1,<environment.Job instance at 0x7f5557f4a3c0>,12,2,[1 6],13,14,16,1,14
1,<environment.Job instance at 0x7f5557f4a820>,16,3,[3 6],17,19,22,2,19
1,<environment.Job instance at 0x7f5557f4a910>,17,3,[2 9],18,21,24,3,21
1,<environment.Job instance at 0x7f5557f4a410>,15,19,[ 4 10],16,24,43,8,21
1,<environment.Job instance at 0x7f5557f4aa00>,20,16,[7 3],21,22,38,1,21
1,<environment.Job instance at 0x7f5557f4ac30>,21,12,[8 4],22,38,50,16,22
1,<environment.Job instance at 0x7f5557f4a370>,18,16,[2 7],19,43,59,24,33
1,<environment.Job instance at 0x7f5557f4a6e0>,22,16,[1 8],23,50,66,27,38
1,<environment.Job instance at 0x7f5557f4a2d0>,14,15,[ 5 12],15,66,81,51,52
1,<environment.Job instance at 0x7f5557fd0690>,25,20,[9 3],26,59,79,33,54
1,<environment.Job instance at 0x7f5557fd0dc0>,27,13,[13  5],28,81,94,53,72
1,<environment.Job instance at 0x7f5557fd0b40>,28,1,[6 2],29,79,80,50,72
1,<environment.Job instance at 0x7f5557fd0370>,29,2,[2 5],30,81,83,51,76
1,<environment.Job instance at 0x7f5557fd0c30>,24,26,[2 6],25,83,109,58,80
1,<environment.Job instance at 0x7f5557fd0eb0>,31,12,[2 7],32,94,106,62,80
1,<environment.Job instance at 0x7f5557fd08c0>,32,1,[ 1 13],33,109,110,76,81
1,<environment.Job instance at 0x7f5557fd0be0>,26,15,[14  4],27,110,125,83,98
1,<environment.Job instance at 0x7f5557fd03c0>,30,17,[5 3],31,125,142,94,118
1,<environment.Job instance at 0x7f5557fd0aa0>,35,13,[4 6],36,125,138,89,119
1,<environment.Job instance at 0x7f5557fd09b0>,23,28,[4 6],24,125,153,101,125
1,<environment.Job instance at 0x7f5557fd0230>,37,12,[1 7],38,142,154,104,125
1,<environment.Job instance at 0x7f5557fd04b0>,38,15,[2 6],39,153,168,114,139
1,<environment.Job instance at 0x7f5557fd0b90>,39,13,[10  1],40,142,155,102,139
1,<environment.Job instance at 0x7f5558964050>,0,13,[4 5],1,1,14,0,1
1,<environment.Job instance at 0x7f5558964f00>,3,15,[5 5],4,4,19,0,4
1,<environment.Job instance at 0x7f5558964460>,4,22,[6 5],5,5,27,0,5
1,<environment.Job instance at 0x7f5558964d70>,8,2,[7 4],9,19,21,10,19
1,<environment.Job instance at 0x7f55595015f0>,12,2,[1 6],13,19,21,6,19
1,<environment.Job instance at 0x7f55589645a0>,9,2,[4 6],10,21,23,11,21
1,<environment.Job instance at 0x7f5559501550>,16,3,[3 6],17,23,26,6,23
1,<environment.Job instance at 0x7f5559501dc0>,17,3,[2 9],18,26,29,8,26
1,<environment.Job instance at 0x7f5559501b40>,21,12,[8 4],22,27,39,5,27
1,<environment.Job instance at 0x7f5559501780>,20,16,[7 3],21,29,45,8,29
1,<environment.Job instance at 0x7f5559501cd0>,28,1,[6 2],29,39,40,10,39
1,<environment.Job instance at 0x7f5558049410>,29,2,[2 5],30,39,41,9,39
1,<environment.Job instance at 0x7f5559501370>,18,16,[2 7],19,40,56,21,40
1,<environment.Job instance at 0x7f5558049eb0>,30,17,[5 3],31,41,58,10,41
1,<environment.Job instance at 0x7f5558049960>,37,12,[1 7],38,56,68,18,56
1,<environment.Job instance at 0x7f5558049c80>,31,12,[2 7],32,58,70,26,58
1,<environment.Job instance at 0x7f5558049190>,39,13,[10  1],40,58,71,18,58
1,<environment.Job instance at 0x7f55580490f0>,38,15,[2 6],39,68,83,29,68
1,<environment.Job instance at 0x7f5559501e60>,22,16,[1 8],23,70,86,47,70
1,<environment.Job instance at 0x7f5558049550>,35,13,[4 6],36,83,96,47,83
1,<environment.Job instance at 0x7f5558049730>,41,16,[9 3],42,86,102,44,86
1,<environment.Job instance at 0x7f5558794f50>,52,2,[5 7],53,96,98,43,96
1,<environment.Job instance at 0x7f55587bbfa0>,49,14,[ 2 10],50,98,112,48,98
1,<environment.Job instance at 0x7f55589518c0>,56,12,[10  4],57,102,114,45,102
1,<environment.Job instance at 0x7f5558753cd0>,60,15,[ 1 10],61,112,127,51,112
1,<environment.Job instance at 0x7f5558951190>,55,14,[9 1],56,114,128,58,114
1,<environment.Job instance at 0x7f5558927aa0>,61,17,[5 1],62,114,131,52,114
1,<environment.Job instance at 0x7f55580492d0>,40,18,[1 7],41,127,145,86,127
1,<environment.Job instance at 0x7f5558927b40>,62,1,[9 3],63,128,129,65,128
1,<environment.Job instance at 0x7f55589547d0>,67,12,[4 7],68,129,141,61,129
1,<environment.Job instance at 0x7f5558b0eaa0>,0,2,[14  3],1,1,3,0,1
1,<environment.Job instance at 0x7f5558b0e050>,2,1,[5 9],3,3,4,0,3
1,<environment.Job instance at 0x7f5558b0e3c0>,8,3,[9 5],9,9,12,0,9
1,<environment.Job instance at 0x7f5558dc66e0>,10,3,[8 5],11,12,15,1,11
1,<environment.Job instance at 0x7f5558dc6280>,12,16,[7 2],13,13,29,0,13
1,<environment.Job instance at 0x7f5558dc6f00>,13,12,[3 8],14,15,27,1,14
1,<environment.Job instance at 0x7f5558dc6fa0>,15,14,[8 5],16,27,41,11,16
1,<environment.Job instance at 0x7f5558b0e7d0>,17,19,[6 4],18,29,48,11,20
1,<environment.Job instance at 0x7f5558dc6370>,20,1,[7 2],21,41,42,20,21
1,<environment.Job instance at 0x7f5558b0e320>,4,16,[1 8],5,41,57,36,29
1,<environment.Job instance at 0x7f5558dc6b40>,22,2,[8 5],23,48,50,25,36
1,<environment.Job instance at 0x7f5558dc6460>,23,3,[10  2],24,50,53,26,37
1,<environment.Job instance at 0x7f5558dc65a0>,24,16,[5 4],25,53,69,28,40
1,<environment.Job instance at 0x7f5558dc60f0>,21,15,[10  1],22,57,72,35,43
1,<environment.Job instance at 0x7f5558dc6af0>,26,2,[5 7],27,69,71,42,43
1,<environment.Job instance at 0x7f5558dc60a0>,16,13,[11  4],17,72,85,55,58
1,<environment.Job instance at 0x7f5559137a50>,27,17,[ 4 10],28,71,88,43,64
1,<environment.Job instance at 0x7f5559137be0>,28,14,[11  2],29,85,99,56,70
1,<environment.Job instance at 0x7f5558dc67d0>,18,16,[1 6],19,88,104,69,82
1,<environment.Job instance at 0x7f5559137b90>,31,3,[6 5],32,99,102,67,82
1,<environment.Job instance at 0x7f5558dc6140>,19,14,[1 8],20,102,116,82,87
1,<environment.Job instance at 0x7f5561cb0dc0>,2,1,[5 9],3,3,4,0,3
1,<environment.Job instance at 0x7f5561cb00a0>,3,14,[ 1 10],4,4,18,0,4
1,<environment.Job instance at 0x7f5561cb0a50>,6,19,[8 3],7,7,26,0,7
1,<environment.Job instance at 0x7f5561cb0fa0>,4,16,[1 8],5,18,34,13,18
1,<environment.Job instance at 0x7f5561cb0e60>,8,3,[9 5],9,26,29,17,26
1,<environment.Job instance at 0x7f5561cb0690>,10,3,[8 5],11,29,32,18,29
1,<environment.Job instance at 0x7f555830deb0>,15,14,[8 5],16,32,46,16,32
1,<environment.Job instance at 0x7f55623133c0>,13,12,[3 8],14,34,46,20,34
1,<environment.Job instance at 0x7f5558d0a690>,20,1,[7 2],21,46,47,25,46
1,<environment.Job instance at 0x7f5558722910>,19,14,[1 8],20,46,60,26,46
1,<environment.Job instance at 0x7f55588a87d0>,12,16,[7 2],13,46,62,33,46
1,<environment.Job instance at 0x7f555891e870>,22,2,[8 5],23,60,62,37,60
1,<environment.Job instance at 0x7f555891e7d0>,23,3,[10  2],24,62,65,38,62
1,<environment.Job instance at 0x7f555891e190>,24,16,[5 4],25,62,78,37,62
1,<environment.Job instance at 0x7f555891e0f0>,26,2,[5 7],27,65,67,38,65
1,<environment.Job instance at 0x7f5558e88910>,31,3,[6 5],32,67,70,35,67
1,<environment.Job instance at 0x7f55593473c0>,18,16,[1 6],19,67,83,48,67
1,<environment.Job instance at 0x7f5558e7b500>,32,14,[7 2],33,70,84,37,70
1,<environment.Job instance at 0x7f5558e7b550>,35,12,[2 6],36,78,90,42,78
1,<environment.Job instance at 0x7f5558e98230>,39,18,[2 5],40,83,101,43,83
1,<environment.Job instance at 0x7f5558d0a960>,21,15,[10  1],22,84,99,62,84
1,<environment.Job instance at 0x7f5558e982d0>,37,1,[3 9],38,90,91,52,90
1,<environment.Job instance at 0x7f5558e98c80>,44,18,[3 9],45,91,109,46,91
1,<environment.Job instance at 0x7f5561cb0d70>,11,17,[8 4],12,101,118,89,101
1,<environment.Job instance at 0x7f5558188870>,49,2,[ 1 10],50,109,111,59,109
1,<environment.Job instance at 0x7f55622a0fa0>,46,16,[1 7],47,111,127,64,111
1,<environment.Job instance at 0x7f55586bde10>,51,17,[6 2],52,111,128,59,111
1,<environment.Job instance at 0x7f55590ab230>,54,15,[8 2],55,118,133,63,118
1,<environment.Job instance at 0x7f5558e888c0>,27,17,[ 4 10],28,128,145,100,128
1,<environment.Job instance at 0x7f556231b0a0>,60,2,[10  2],61,133,135,72,133
1,<environment.Job instance at 0x7f55585f95f0>,65,2,[5 3],66,135,137,69,135
1,<environment.Job instance at 0x7f55590c95a0>,67,1,[6 1],68,135,136,67,135
1,<environment.Job instance at 0x7f55590c9b90>,68,15,[1 5],69,137,152,68,137
1,<environment.Job instance at 0x7f555944dcd0>,0,2,[3 7],1,1,3,0,1
1,<environment.Job instance at 0x7f556202d1e0>,1,15,[3 8],2,2,17,0,2
1,<environment.Job instance at 0x7f55584f3640>,3,13,[5 8],4,17,30,13,4
1,<environment.Job instance at 0x7f55590dec30>,6,1,[9 1],7,7,8,0,7
1,<environment.Job instance at 0x7f5559164640>,8,3,[ 4 10],9,30,33,21,9
1,<environment.Job instance at 0x7f5558c9ee10>,9,2,[12  3],10,10,12,0,10
1,<environment.Job instance at 0x7f5558c9ea00>,12,19,[2 5],13,13,32,0,13
1,<environment.Job instance at 0x7f5558c9e6e0>,14,12,[7 2],15,17,29,2,17
1,<environment.Job instance at 0x7f5558932aa0>,15,20,[6 1],16,32,52,16,23
1,<environment.Job instance at 0x7f5558932550>,21,13,[6 2],22,33,46,11,23
1,<environment.Job instance at 0x7f5558fff410>,28,13,[6 5],29,46,59,17,31
1,<environment.Job instance at 0x7f5558fff870>,31,2,[1 7],32,33,35,1,32
1,<environment.Job instance at 0x7f55589fe910>,32,3,[ 3 12],33,35,38,2,33
1,<environment.Job instance at 0x7f5558fff460>,33,17,[5 8],34,52,69,18,40
1,<environment.Job instance at 0x7f5559214500>,39,2,[11  4],40,69,71,29,44
1,<environment.Job instance at 0x7f5558953910>,43,1,[ 3 10],44,69,70,25,49
1,<environment.Job instance at 0x7f5558953780>,46,2,[ 1 11],47,70,72,23,51
1,<environment.Job instance at 0x7f5558e2b9b0>,52,2,[3 5],53,59,61,6,53
1,<environment.Job instance at 0x7f5558e2ba00>,53,12,[3 5],54,72,84,18,55
1,<environment.Job instance at 0x7f5558640b90>,55,1,[3 7],56,61,62,5,56
1,<environment.Job instance at 0x7f5558953fa0>,54,2,[1 9],55,72,74,17,57
1,<environment.Job instance at 0x7f55587086e0>,58,16,[4 9],59,74,90,15,72
1,<environment.Job instance at 0x7f5558708d70>,60,14,[5 4],61,84,98,23,76
1,<environment.Job instance at 0x7f5558708c80>,61,15,[6 4],62,90,105,28,82
1,<environment.Job instance at 0x7f5557dbc3c0>,62,2,[7 5],63,98,100,35,83
1,<environment.Job instance at 0x7f5558c72b40>,63,2,[ 2 10],64,100,102,36,83
1,<environment.Job instance at 0x7f5558953a00>,44,16,[6 1],45,100,116,55,92
1,<environment.Job instance at 0x7f555893c550>,0,2,[3 7],1,1,3,0,1
1,<environment.Job instance at 0x7f555893ca50>,1,15,[3 8],2,2,17,0,2
1,<environment.Job instance at 0x7f5558e7ac30>,5,22,[8 3],6,6,28,0,6
1,<environment.Job instance at 0x7f55587dd8c0>,8,3,[ 4 10],9,17,20,8,17
1,<environment.Job instance at 0x7f55581766e0>,14,12,[7 2],15,20,32,5,20
1,<environment.Job instance at 0x7f5558e7ac80>,3,13,[5 8],4,28,41,24,28
1,<environment.Job instance at 0x7f55581765f0>,12,19,[2 5],13,28,47,15,28
1,<environment.Job instance at 0x7f55589565a0>,21,13,[6 2],22,32,45,10,32
1,<environment.Job instance at 0x7f5558951190>,28,13,[6 5],29,41,54,12,41
1,<environment.Job instance at 0x7f5558c05050>,23,17,[5 4],24,45,62,21,45
1,<environment.Job instance at 0x7f5558e7a370>,6,1,[9 1],7,54,55,47,54
1,<environment.Job instance at 0x7f55589518c0>,31,2,[1 7],32,54,56,22,54
1,<environment.Job instance at 0x7f5558714230>,36,16,[8 2],37,55,71,18,55
1,<environment.Job instance at 0x7f5558714190>,38,14,[4 7],39,62,76,23,62
1,<environment.Job instance at 0x7f5561cb17d0>,40,12,[10  3],41,71,83,30,71
1,<environment.Job instance at 0x7f55582a6f50>,43,1,[ 3 10],44,76,77,32,76
1,<environment.Job instance at 0x7f55582a6050>,45,14,[ 4 10],46,77,91,31,77
1,<environment.Job instance at 0x7f55582a6460>,41,13,[10  4],42,83,96,41,83
1,<environment.Job instance at 0x7f5558954af0>,52,2,[3 5],53,91,93,38,91
1,<environment.Job instance at 0x7f5558926d20>,53,12,[3 5],54,93,105,39,93
1,<environment.Job instance at 0x7f5558926e60>,54,2,[1 9],55,97,99,42,97
1,<environment.Job instance at 0x7f55582a60f0>,44,16,[6 1],45,97,113,52,97
1,<environment.Job instance at 0x7f555960a190>,55,1,[3 7],56,99,100,43,99
1,<environment.Job instance at 0x7f5558714410>,33,17,[5 8],34,100,117,66,100
1,<environment.Job instance at 0x7f5558927190>,60,14,[5 4],61,114,128,53,114
1,<environment.Job instance at 0x7f5558927410>,61,15,[6 4],62,117,132,55,117
1,<environment.Job instance at 0x7f5558399eb0>,62,2,[7 5],63,128,130,65,128
1,<environment.Job instance at 0x7f55590c9b90>,63,2,[ 2 10],64,130,132,66,130
1,<environment.Job instance at 0x7f5558956640>,19,15,[ 3 10],20,132,147,112,132
1,<environment.Job instance at 0x7f55586db2d0>,69,13,[9 4],70,132,145,62,132
1,<environment.Job instance at 0x7f555847e460>,0,12,[5 4],1,1,13,0,1
1,<environment.Job instance at 0x7f555847eb40>,2,13,[8 3],3,3,16,0,3
1,<environment.Job instance at 0x7f5561d06820>,4,1,[1 8],5,5,6,0,5
1,<environment.Job instance at 0x7f5561d064b0>,9,12,[6 5],10,13,25,3,10
1,<environment.Job instance at 0x7f5561d06af0>,10,21,[1 7],11,11,32,0,11
1,<environment.Job instance at 0x7f5559288aa0>,11,3,[7 3],12,16,19,4,12
1,<environment.Job instance at 0x7f5559288730>,13,12,[5 3],14,19,31,5,14
1,<environment.Job instance at 0x7f55592880a0>,17,3,[4 5],18,25,28,7,19
1,<environment.Job instance at 0x7f5559288460>,19,3,[ 2 13],20,32,35,12,20
1,<environment.Job instance at 0x7f5558589370>,24,15,[ 3 11],25,35,50,10,27
1,<environment.Job instance at 0x7f5558589b40>,23,14,[7 2],24,29,43,5,29
1,<environment.Job instance at 0x7f5558fff280>,0,12,[5 4],1,1,13,0,1
1,<environment.Job instance at 0x7f555891e0f0>,2,13,[8 3],3,3,16,0,3
1,<environment.Job instance at 0x7f5558d6f0a0>,4,1,[1 8],5,5,6,0,5
1,<environment.Job instance at 0x7f5558c05b40>,10,21,[1 7],11,11,32,0,11
1,<environment.Job instance at 0x7f5558c05230>,9,12,[6 5],10,13,25,3,13
1,<environment.Job instance at 0x7f555960aa00>,11,3,[7 3],12,16,19,4,16
1,<environment.Job instance at 0x7f5558c05050>,13,12,[5 3],14,19,31,5,19
1,<environment.Job instance at 0x7f5558589eb0>,17,3,[4 5],18,25,28,7,25
1,<environment.Job instance at 0x7f55591531e0>,23,14,[7 2],24,28,42,4,28
1,<environment.Job instance at 0x7f55592d6be0>,30,14,[4 9],31,32,46,1,32
1,<environment.Job instance at 0x7f55591533c0>,22,14,[9 2],23,42,56,19,42
1,<environment.Job instance at 0x7f55592d69b0>,38,14,[2 6],39,47,61,8,47
1,<environment.Job instance at 0x7f55592d6500>,37,18,[4 6],38,47,65,9,47
1,<environment.Job instance at 0x7f55592d63c0>,40,1,[8 2],41,56,57,15,56
1,<environment.Job instance at 0x7f55592d6aa0>,42,16,[5 3],43,57,73,14,57
1,<environment.Job instance at 0x7f55592d64b0>,36,20,[4 5],37,61,81,24,61
1,<environment.Job instance at 0x7f55592d6190>,41,15,[2 7],42,65,80,23,65
1,<environment.Job instance at 0x7f55592d6640>,45,12,[5 9],46,80,92,34,80
1,<environment.Job instance at 0x7f55592d6a00>,33,18,[10  4],34,81,99,47,81
1,<environment.Job instance at 0x7f55592d6050>,44,13,[ 3 10],45,92,105,47,92
1,<environment.Job instance at 0x7f5559469050>,48,17,[6 2],49,99,116,50,99
1,<environment.Job instance at 0x7f55588ec780>,60,3,[6 5],61,105,108,44,105
1,<environment.Job instance at 0x7f55588ec1e0>,62,14,[3 7],63,105,119,42,105
1,<environment.Job instance at 0x7f5559469eb0>,51,18,[2 5],52,108,126,56,108
1,<environment.Job instance at 0x7f55588ec690>,64,3,[5 2],65,116,119,51,116
1,<environment.Job instance at 0x7f55588ecb90>,66,14,[10  3],67,120,134,53,120
1,<environment.Job instance at 0x7f5559469e10>,47,15,[1 7],48,121,136,73,121
1,<environment.Job instance at 0x7f5558213870>,67,19,[3 5],68,126,145,58,126
1,<environment.Job instance at 0x7f5558213410>,69,12,[4 5],70,137,149,67,137
1,<environment.Job instance at 0x7f5558213c80>,70,12,[7 3],71,137,149,66,137
1,<environment.Job instance at 0x7f55586f8910>,0,1,[14  4],1,1,2,0,1
1,<environment.Job instance at 0x7f55586f8460>,1,2,[14  4],2,2,4,0,2
1,<environment.Job instance at 0x7f55586f8500>,6,1,[1 9],7,7,8,0,7
1,<environment.Job instance at 0x7f55586f88c0>,8,1,[1 5],9,10,11,1,10
1,<environment.Job instance at 0x7f55586f8f00>,11,15,[9 1],12,13,28,1,13
1,<environment.Job instance at 0x7f55586f8e60>,10,2,[ 3 14],11,14,16,3,14
1,<environment.Job instance at 0x7f555848a5f0>,14,2,[7 4],15,28,30,13,15
1,<environment.Job instance at 0x7f555917fe60>,9,12,[6 5],10,16,28,6,15
1,<environment.Job instance at 0x7f55586f8370>,15,2,[2 6],16,28,30,12,17
1,<environment.Job instance at 0x7f55586f80f0>,13,16,[8 4],14,30,46,16,17
1,<environment.Job instance at 0x7f555848a910>,20,14,[5 3],21,28,42,7,22
1,<environment.Job instance at 0x7f555848ac80>,28,15,[5 7],29,55,70,26,55
1,<environment.Job instance at 0x7f555848a3c0>,29,14,[12  5],30,70,84,40,62
1,<environment.Job instance at 0x7f555848ad20>,26,18,[5 3],27,84,102,57,75
1,<environment.Job instance at 0x7f555848a690>,21,20,[8 1],22,84,104,62,75
1,<environment.Job instance at 0x7f555948fc30>,32,2,[14  2],33,104,106,71,77
1,<environment.Job instance at 0x7f555948f9b0>,31,13,[5 4],32,106,119,74,90
1,<environment.Job instance at 0x7f55586f84b0>,12,27,[7 4],13,114,141,101,114
1,<environment.Job instance at 0x7f555948f7d0>,30,25,[ 5 12],31,141,166,110,137
1,<environment.Job instance at 0x7f5558469eb0>,6,1,[1 9],7,7,8,0,7
1,<environment.Job instance at 0x7f5558469550>,8,1,[1 5],9,9,10,0,9
1,<environment.Job instance at 0x7f5558469960>,9,12,[6 5],10,10,22,0,10
1,<environment.Job instance at 0x7f55584695a0>,11,15,[9 1],12,12,27,0,12
1,<environment.Job instance at 0x7f5558469f50>,15,2,[2 6],16,22,24,6,22
1,<environment.Job instance at 0x7f555862c370>,16,15,[1 8],17,22,37,5,22
1,<environment.Job instance at 0x7f5558469fa0>,14,2,[7 4],15,27,29,12,27
1,<environment.Job instance at 0x7f555862cd20>,20,14,[5 3],21,27,41,6,27
1,<environment.Job instance at 0x7f5558469320>,13,16,[8 4],14,29,45,15,29
1,<environment.Job instance at 0x7f555862cb90>,31,13,[5 4],32,41,54,9,41
1,<environment.Job instance at 0x7f555862c4b0>,28,15,[5 7],29,45,60,16,45
1,<environment.Job instance at 0x7f555862cdc0>,26,18,[5 3],27,45,63,18,45
1,<environment.Job instance at 0x7f5559153b90>,35,17,[5 5],36,54,71,18,54
1,<environment.Job instance at 0x7f5559153f50>,37,13,[ 2 10],38,63,76,25,63
1,<environment.Job instance at 0x7f556204e8c0>,42,3,[9 4],43,71,74,28,71
1,<environment.Job instance at 0x7f5559153af0>,40,13,[6 5],41,74,87,33,74
1,<environment.Job instance at 0x7f55591531e0>,39,14,[6 2],40,76,90,36,76
1,<environment.Job instance at 0x7f5559283f00>,50,16,[9 5],51,87,103,36,87
1,<environment.Job instance at 0x7f555862c190>,25,16,[ 5 10],26,90,106,64,90
1,<environment.Job instance at 0x7f55595acd20>,60,1,[8 4],61,103,104,42,103
1,<environment.Job instance at 0x7f555848aaa0>,55,13,[9 3],56,104,117,48,104
1,<environment.Job instance at 0x7f5559486550>,62,3,[4 8],63,106,109,43,106
1,<environment.Job instance at 0x7f55681d4dc0>,64,2,[3 9],65,109,111,44,109
1,<environment.Job instance at 0x7f55596c98c0>,65,1,[5 5],66,111,112,45,111
1,<environment.Job instance at 0x7f555848a7d0>,58,12,[ 3 10],59,112,124,53,112
1,<environment.Job instance at 0x7f5557f3d5f0>,63,16,[10  4],64,117,133,53,117
1,<environment.Job instance at 0x7f5559587640>,67,15,[2 8],68,124,139,56,124
1,<environment.Job instance at 0x7f555862c2d0>,33,16,[9 4],34,133,149,99,133
1,<environment.Job instance at 0x7f55591530f0>,44,18,[ 1 10],45,139,157,94,139
1,<environment.Job instance at 0x7f55591b86e0>,0,20,[1 7],1,1,21,0,1
1,<environment.Job instance at 0x7f5558382a00>,3,14,[6 2],4,4,18,0,4
1,<environment.Job instance at 0x7f5558382280>,4,3,[14  3],5,18,21,13,5
1,<environment.Job instance at 0x7f5558382aa0>,8,1,[3 9],9,21,22,12,9
1,<environment.Job instance at 0x7f55595579b0>,10,3,[12  1],11,21,24,10,11
1,<environment.Job instance at 0x7f55595575f0>,11,14,[5 6],12,24,38,12,12
1,<environment.Job instance at 0x7f5559557410>,13,1,[3 9],14,22,23,8,14
1,<environment.Job instance at 0x7f5559557b40>,15,3,[8 2],16,24,27,8,16
1,<environment.Job instance at 0x7f55595571e0>,16,16,[3 6],17,27,43,10,17
1,<environment.Job instance at 0x7f555948f780>,19,2,[14  1],20,43,45,23,23
1,<environment.Job instance at 0x7f5558a530a0>,22,12,[12  5],23,45,57,22,28
1,<environment.Job instance at 0x7f5559557f00>,18,13,[1 7],19,38,51,19,28
1,<environment.Job instance at 0x7f5558a53370>,25,3,[6 4],26,57,60,31,31
1,<environment.Job instance at 0x7f5558a531e0>,23,13,[ 2 10],24,51,64,27,46
1,<environment.Job instance at 0x7f5559557fa0>,21,12,[ 4 12],22,64,76,42,47
1,<environment.Job instance at 0x7f5558a53aa0>,32,3,[5 5],33,60,63,27,51
1,<environment.Job instance at 0x7f5559557d70>,20,18,[8 2],21,74,92,53,74
1,<environment.Job instance at 0x7f5558a53c30>,40,24,[ 1 10],41,76,100,35,75
1,<environment.Job instance at 0x7f5558a53eb0>,42,3,[5 1],43,76,79,33,75
1,<environment.Job instance at 0x7f5558a53af0>,34,25,[9 4],35,92,117,57,88
1,<environment.Job instance at 0x7f5558a53d20>,36,16,[ 3 10],37,100,116,63,99
1,<environment.Job instance at 0x7f5558a28370>,45,2,[5 6],46,116,118,70,102
1,<environment.Job instance at 0x7f5558a28320>,46,1,[2 7],47,117,118,70,102
1,<environment.Job instance at 0x7f5558a28280>,44,18,[8 1],45,117,135,72,106
1,<environment.Job instance at 0x7f5559557b90>,12,24,[ 2 12],13,118,142,105,115
1,<environment.Job instance at 0x7f5558a286e0>,52,2,[ 4 14],53,142,144,89,117
1,<environment.Job instance at 0x7f5558a28e60>,62,2,[13  2],63,135,137,72,120
1,<environment.Job instance at 0x7f5558a28be0>,58,3,[4 6],59,144,147,85,120
1,<environment.Job instance at 0x7f5558a28fa0>,64,1,[7 1],65,137,138,72,120
1,<environment.Job instance at 0x7f5558a28f00>,63,13,[7 4],64,144,157,80,128
1,<environment.Job instance at 0x7f5557d95af0>,0,20,[1 7],1,1,21,0,1
1,<environment.Job instance at 0x7f5557d95eb0>,1,18,[9 3],2,2,20,0,2
1,<environment.Job instance at 0x7f5557d955f0>,3,14,[6 2],4,20,34,16,20
1,<environment.Job instance at 0x7f5557d8a690>,11,14,[5 6],12,20,34,8,20
1,<environment.Job instance at 0x7f5557d95410>,6,14,[4 7],7,21,35,14,21
1,<environment.Job instance at 0x7f5557f95a00>,15,3,[8 2],16,34,37,18,34
1,<environment.Job instance at 0x7f5557f95960>,16,16,[3 6],17,34,50,17,34
1,<environment.Job instance at 0x7f5557f95dc0>,18,13,[1 7],19,35,48,16,35
1,<environment.Job instance at 0x7f5557f95a50>,20,18,[8 2],21,37,55,16,37
1,<environment.Job instance at 0x7f5557d6d5f0>,13,1,[3 9],14,50,51,36,50
1,<environment.Job instance at 0x7f5558a81a50>,8,1,[3 9],9,51,52,42,51
1,<environment.Job instance at 0x7f5557d81eb0>,25,3,[6 4],26,52,55,26,52
1,<environment.Job instance at 0x7f5559587640>,32,3,[5 5],33,55,58,22,55
1,<environment.Job instance at 0x7f5558bbdaf0>,23,13,[ 2 10],24,55,68,31,55
1,<environment.Job instance at 0x7f555808b0f0>,27,15,[9 4],28,58,73,30,58
1,<environment.Job instance at 0x7f556204e8c0>,42,3,[5 1],43,68,71,25,68
1,<environment.Job instance at 0x7f55580c8140>,2,16,[3 8],3,71,87,68,71
1,<environment.Job instance at 0x7f556951c9b0>,46,1,[2 7],47,73,74,26,73
1,<environment.Job instance at 0x7f556951c0a0>,45,2,[5 6],46,74,76,28,74
1,<environment.Job instance at 0x7f55584693c0>,53,15,[9 2],54,76,91,22,76
1,<environment.Job instance at 0x7f5558469fa0>,48,13,[4 9],49,87,100,38,87
1,<environment.Job instance at 0x7f55592cc4b0>,30,15,[7 4],31,91,106,60,91
1,<environment.Job instance at 0x7f5557d7de60>,36,16,[ 3 10],37,100,116,63,100
1,<environment.Job instance at 0x7f5558469be0>,57,12,[10  1],58,106,118,48,106
1,<environment.Job instance at 0x7f5558c62320>,58,3,[4 6],59,116,119,57,116
1,<environment.Job instance at 0x7f5558469d70>,55,18,[1 6],56,116,134,60,116
1,<environment.Job instance at 0x7f5558155c80>,64,1,[7 1],65,118,119,53,118
1,<environment.Job instance at 0x7f555860a780>,63,13,[7 4],64,120,133,56,120
1,<environment.Job instance at 0x7f5558b100a0>,67,14,[8 4],68,133,147,65,133
1,<environment.Job instance at 0x7f5558b10f00>,68,3,[6 1],69,133,136,64,133
1,<environment.Job instance at 0x7f55580ec500>,66,21,[1 6],67,134,155,67,134
1,<environment.Job instance at 0x7f5558b10dc0>,71,18,[5 1],72,136,154,64,136
1,<environment.Job instance at 0x7f5558428b90>,8,3,[14  5],9,9,12,0,9
1,<environment.Job instance at 0x7f5558428820>,9,13,[9 4],10,12,25,2,10
1,<environment.Job instance at 0x7f5558e08af0>,11,3,[2 9],12,12,15,0,12
1,<environment.Job instance at 0x7f5558e08a50>,13,16,[1 6],14,15,31,1,14
1,<environment.Job instance at 0x7f5557ea7aa0>,17,14,[5 5],18,18,32,0,18
1,<environment.Job instance at 0x7f5557ea7820>,18,2,[11  5],19,32,34,13,19
1,<environment.Job instance at 0x7f5557ea70f0>,19,1,[8 3],20,25,26,5,20
1,<environment.Job instance at 0x7f5557ea7c80>,21,3,[ 4 10],22,31,34,9,22
1,<environment.Job instance at 0x7f5557ea7dc0>,23,2,[14  3],24,34,36,10,24
1,<environment.Job instance at 0x7f5558a73cd0>,24,3,[8 3],25,26,29,1,25
1,<environment.Job instance at 0x7f555923c870>,25,1,[ 2 12],26,36,37,10,26
1,<environment.Job instance at 0x7f5557ea7cd0>,22,15,[8 2],23,36,51,13,27
1,<environment.Job instance at 0x7f555923cf50>,29,2,[9 2],30,51,53,21,31
1,<environment.Job instance at 0x7f555923c780>,28,22,[9 1],29,53,75,24,46
1,<environment.Job instance at 0x7f5557db8280>,33,27,[2 7],34,46,73,12,46
1,<environment.Job instance at 0x7f5558555640>,34,15,[3 7],35,53,68,18,46
1,<environment.Job instance at 0x7f5558d64280>,41,17,[ 5 11],42,73,90,31,61
1,<environment.Job instance at 0x7f5558d64690>,40,25,[5 4],41,75,100,34,72
1,<environment.Job instance at 0x7f5559595820>,45,1,[ 1 11],46,90,91,44,82
1,<environment.Job instance at 0x7f55582c53c0>,48,2,[8 4],49,91,93,42,82
1,<environment.Job instance at 0x7f5558d642d0>,39,19,[8 2],40,93,112,53,83
1,<environment.Job instance at 0x7f555892e0f0>,50,3,[6 3],51,100,103,49,83
1,<environment.Job instance at 0x7f555892e4b0>,51,18,[1 9],52,93,111,41,89
1,<environment.Job instance at 0x7f55589645f0>,55,3,[12  5],56,112,115,56,89
1,<environment.Job instance at 0x7f5558964c80>,58,3,[4 6],59,115,118,56,89
1,<environment.Job instance at 0x7f555892ea50>,52,12,[ 5 10],53,118,130,65,103
1,<environment.Job instance at 0x7f5559595aa0>,47,21,[8 2],48,115,136,67,108
1,<environment.Job instance at 0x7f55591050f0>,0,22,[8 2],1,1,23,0,1
1,<environment.Job instance at 0x7f555860a780>,2,16,[4 6],3,3,19,0,3
1,<environment.Job instance at 0x7f5558c42aa0>,13,16,[1 6],14,14,30,0,14
1,<environment.Job instance at 0x7f5558be45f0>,6,1,[8 1],7,23,24,16,23
1,<environment.Job instance at 0x7f55581f3500>,17,14,[5 5],18,23,37,5,23
1,<environment.Job instance at 0x7f5558bbe410>,19,1,[8 3],20,24,25,4,24
1,<environment.Job instance at 0x7f55623133c0>,9,13,[9 4],10,25,38,15,25
1,<environment.Job instance at 0x7f55585928c0>,21,3,[ 4 10],22,37,40,15,37
1,<environment.Job instance at 0x7f5558592730>,24,3,[8 3],25,38,41,13,38
1,<environment.Job instance at 0x7f55585845f0>,11,3,[2 9],12,40,43,28,40
1,<environment.Job instance at 0x7f55592b7410>,29,2,[9 2],30,41,43,11,41
1,<environment.Job instance at 0x7f5558223550>,4,15,[2 8],5,43,58,38,43
1,<environment.Job instance at 0x7f555855ae60>,36,15,[7 2],37,43,58,6,43
1,<environment.Job instance at 0x7f55582afdc0>,35,15,[6 4],36,43,58,7,43
1,<environment.Job instance at 0x7f555855aa00>,38,15,[8 2],39,58,73,19,58
1,<environment.Job instance at 0x7f55582af730>,34,15,[3 7],35,58,73,23,58
1,<environment.Job instance at 0x7f5558508fa0>,48,2,[8 4],49,73,75,24,73
1,<environment.Job instance at 0x7f5559204a00>,50,3,[6 3],51,73,76,22,73
1,<environment.Job instance at 0x7f55592045f0>,52,12,[ 5 10],53,75,87,22,75
1,<environment.Job instance at 0x7f5558592e10>,22,15,[8 2],23,77,92,54,77
1,<environment.Job instance at 0x7f555952a870>,58,3,[4 6],59,87,90,28,87
1,<environment.Job instance at 0x7f555952a7d0>,61,3,[3 8],62,90,93,28,90
1,<environment.Job instance at 0x7f55592084b0>,14,16,[10  1],15,92,108,77,92
1,<environment.Job instance at 0x7f5561c75640>,65,12,[2 6],66,92,104,26,92
1,<environment.Job instance at 0x7f5558c0b2d0>,51,18,[1 9],52,104,122,52,104
1,<environment.Job instance at 0x7f5561c75be0>,66,13,[7 2],67,108,121,41,108
1,<environment.Job instance at 0x7f55595b40a0>,71,2,[10  3],72,121,123,49,121
1,<environment.Job instance at 0x7f5561e358c0>,70,2,[4 8],71,122,124,51,122
1,<environment.Job instance at 0x7f5557eff4b0>,73,3,[10  5],74,123,126,49,123
1,<environment.Job instance at 0x7f555921b370>,74,12,[9 2],75,126,138,51,126
1,<environment.Job instance at 0x7f5559248b40>,75,18,[3 7],76,126,144,50,126
1,<environment.Job instance at 0x7f555823c960>,78,12,[9 4],79,138,150,59,138
1,<environment.Job instance at 0x7f555929e5a0>,2,2,[8 4],3,3,5,0,3
1,<environment.Job instance at 0x7f555929efa0>,3,14,[ 4 10],4,4,18,0,4
1,<environment.Job instance at 0x7f555929ee60>,10,3,[6 4],11,11,14,0,11
1,<environment.Job instance at 0x7f555929ea00>,13,1,[8 2],14,14,15,0,14
1,<environment.Job instance at 0x7f555929eb90>,14,3,[14  3],15,18,21,3,15
1,<environment.Job instance at 0x7f555929e9b0>,17,3,[ 2 10],18,21,24,3,18
1,<environment.Job instance at 0x7f55591abaf0>,18,22,[4 7],19,24,46,5,19
1,<environment.Job instance at 0x7f55591ab0f0>,22,13,[6 2],23,23,36,0,23
1,<environment.Job instance at 0x7f55591ab1e0>,26,2,[ 1 10],27,46,48,19,27
1,<environment.Job instance at 0x7f55591abf00>,27,1,[4 7],28,36,37,8,28
1,<environment.Job instance at 0x7f55591ab0a0>,28,3,[13  3],29,46,49,17,29
1,<environment.Job instance at 0x7f55582b8640>,32,14,[7 2],33,49,63,16,34
1,<environment.Job instance at 0x7f55582b8b40>,35,1,[10  1],36,37,38,1,36
1,<environment.Job instance at 0x7f55582b8a50>,36,15,[ 3 10],37,49,64,12,37
1,<environment.Job instance at 0x7f5558592410>,41,13,[2 6],42,64,77,22,48
1,<environment.Job instance at 0x7f55585929b0>,44,13,[10  1],45,63,76,18,48
1,<environment.Job instance at 0x7f55591ab780>,33,21,[1 7],34,64,85,30,56
1,<environment.Job instance at 0x7f5558490690>,50,2,[7 3],51,77,79,26,58
1,<environment.Job instance at 0x7f55584906e0>,53,2,[4 8],54,79,81,25,58
1,<environment.Job instance at 0x7f5558490fa0>,54,1,[12  4],55,81,82,26,60
1,<environment.Job instance at 0x7f5558592fa0>,49,2,[10  4],50,82,84,32,62
1,<environment.Job instance at 0x7f555853ba50>,57,3,[8 2],58,84,87,26,62
1,<environment.Job instance at 0x7f5557ff5eb0>,58,13,[2 6],59,84,97,25,68
1,<environment.Job instance at 0x7f5557ff5690>,61,12,[5 4],62,85,97,23,68
1,<environment.Job instance at 0x7f5558592550>,38,12,[4 6],39,97,109,58,83
1,<environment.Job instance at 0x7f5557ff5a00>,63,12,[2 5],64,87,99,23,86
1,<environment.Job instance at 0x7f5558c0ae10>,64,16,[4 5],65,99,115,34,95
1,<environment.Job instance at 0x7f5558592be0>,39,17,[14  1],40,115,132,75,104
1,<environment.Job instance at 0x7f5557ff55a0>,60,22,[ 1 11],61,115,137,54,108
1,<environment.Job instance at 0x7f5557ff5320>,62,26,[5 3],63,132,158,69,131
1,<environment.Job instance at 0x7f5561e358c0>,0,18,[5 6],1,1,19,0,1
1,<environment.Job instance at 0x7f5558f94eb0>,2,2,[8 4],3,3,5,0,3
1,<environment.Job instance at 0x7f5558f94280>,5,20,[1 6],6,6,26,0,6
1,<environment.Job instance at 0x7f5558bbe960>,10,3,[6 4],11,19,22,8,19
1,<environment.Job instance at 0x7f55623133c0>,13,1,[8 2],14,19,20,5,19
1,<environment.Job instance at 0x7f556204e8c0>,15,14,[7 3],16,20,34,4,20
1,<environment.Job instance at 0x7f556217b910>,17,3,[ 2 10],18,26,29,8,26
1,<environment.Job instance at 0x7f5557effa00>,3,14,[ 4 10],4,29,43,25,29
1,<environment.Job instance at 0x7f555911cd70>,22,13,[6 2],23,34,47,11,34
1,<environment.Job instance at 0x7f55580d8370>,26,2,[ 1 10],27,43,45,16,43
1,<environment.Job instance at 0x7f55588adfa0>,27,1,[4 7],28,45,46,17,45
1,<environment.Job instance at 0x7f55588ad320>,29,15,[8 4],30,46,61,16,46
1,<environment.Job instance at 0x7f55588ad550>,30,18,[7 3],31,47,65,16,47
1,<environment.Job instance at 0x7f55681cb0a0>,31,17,[1 7],32,61,78,29,61
1,<environment.Job instance at 0x7f556a20cf50>,32,14,[7 2],33,61,75,28,61
1,<environment.Job instance at 0x7f5558bbed20>,12,15,[9 4],13,75,90,62,75
1,<environment.Job instance at 0x7f5558497f50>,34,18,[4 5],35,78,96,43,78
1,<environment.Job instance at 0x7f55584975a0>,35,1,[10  1],36,90,91,54,90
1,<environment.Job instance at 0x7f55580e2500>,37,12,[10  1],38,91,103,53,91
1,<environment.Job instance at 0x7f55582477d0>,38,12,[4 6],39,96,108,57,96
1,<environment.Job instance at 0x7f55580e27d0>,40,16,[1 9],41,103,119,62,103
1,<environment.Job instance at 0x7f55591a0230>,41,13,[2 6],42,108,121,66,108
1,<environment.Job instance at 0x7f55591a06e0>,43,16,[8 4],44,119,135,75,119
1,<environment.Job instance at 0x7f5557ea79b0>,36,15,[ 3 10],37,121,136,84,121
1,<environment.Job instance at 0x7f55586fb5a0>,44,13,[10  1],45,135,148,90,135
1,<environment.Job instance at 0x7f5558948af0>,47,17,[5 4],48,137,154,89,137
1,<environment.Job instance at 0x7f5558439230>,1,12,[6 4],2,2,14,0,2
1,<environment.Job instance at 0x7f5558439460>,3,1,[12  2],4,14,15,10,5
1,<environment.Job instance at 0x7f5558e2cc30>,10,1,[7 3],11,12,13,1,12
1,<environment.Job instance at 0x7f5558e2cfa0>,13,3,[13  4],14,15,18,1,14
1,<environment.Job instance at 0x7f5558e2c190>,16,22,[5 8],17,18,40,1,17
1,<environment.Job instance at 0x7f5558e2c730>,12,13,[6 3],13,18,31,5,18
1,<environment.Job instance at 0x7f556215d640>,18,18,[2 5],19,31,49,12,20
1,<environment.Job instance at 0x7f556215dfa0>,17,16,[8 2],18,31,47,13,20
1,<environment.Job instance at 0x7f556215df50>,20,16,[ 4 14],21,49,65,28,36
1,<environment.Job instance at 0x7f5558beef00>,21,18,[2 5],22,65,83,43,55
1,<environment.Job instance at 0x7f5559164a50>,22,13,[10  2],23,65,78,42,55
1,<environment.Job instance at 0x7f5559164410>,23,17,[7 3],24,78,95,54,66
1,<environment.Job instance at 0x7f55591644b0>,24,18,[ 4 13],25,95,113,70,84
1,<environment.Job instance at 0x7f5559164d20>,25,21,[3 7],26,113,134,87,105
1,<environment.Job instance at 0x7f5559164370>,26,13,[12  2],27,113,126,86,105
1,<environment.Job instance at 0x7f555966bd20>,27,23,[6 1],28,126,149,98,120
1,<environment.Job instance at 0x7f555966b140>,28,12,[5 9],29,134,146,105,120
1,<environment.Job instance at 0x7f555966bc80>,29,18,[4 6],30,146,164,116,135
1,<environment.Job instance at 0x7f55592cacd0>,30,24,[4 5],31,135,159,104,135
1,<environment.Job instance at 0x7f5558cd9550>,31,13,[5 1],32,149,162,117,135
1,<environment.Job instance at 0x7f5558cd9eb0>,32,1,[ 2 11],33,164,165,131,136
1,<environment.Job instance at 0x7f55595af190>,1,12,[6 4],2,2,14,0,2
1,<environment.Job instance at 0x7f55581dc730>,4,17,[8 1],5,5,22,0,5
1,<environment.Job instance at 0x7f5559640fa0>,10,1,[7 3],11,14,15,3,14
1,<environment.Job instance at 0x7f556951c9b0>,12,13,[6 3],13,15,28,2,15
1,<environment.Job instance at 0x7f55681cb0a0>,5,14,[3 8],6,22,36,16,22
1,<environment.Job instance at 0x7f55581dcf00>,6,15,[3 7],7,28,43,21,28
1,<environment.Job instance at 0x7f5558f94280>,17,16,[8 2],18,36,52,18,36
1,<environment.Job instance at 0x7f5559127d70>,18,18,[2 5],19,36,54,17,36
1,<environment.Job instance at 0x7f5558a7f370>,21,18,[2 5],22,43,61,21,43
1,<environment.Job instance at 0x7f55586eeeb0>,22,13,[10  2],23,52,65,29,52
1,<environment.Job instance at 0x7f5558ba5c80>,28,12,[5 9],29,61,73,32,61
1,<environment.Job instance at 0x7f55580d8e60>,31,13,[5 1],32,65,78,33,65
1,<environment.Job instance at 0x7f5557eee050>,37,14,[5 4],38,73,87,35,73
1,<environment.Job instance at 0x7f5559656aa0>,34,16,[ 3 10],35,73,89,38,73
1,<environment.Job instance at 0x7f5562072aa0>,23,17,[7 3],24,87,104,63,87
1,<environment.Job instance at 0x7f555968acd0>,46,12,[7 4],47,89,101,42,89
1,<environment.Job instance at 0x7f55596c61e0>,49,12,[2 9],50,101,113,51,101
1,<environment.Job instance at 0x7f5557edd690>,50,3,[5 1],51,101,104,50,101
1,<environment.Job instance at 0x7f55621c6780>,43,13,[6 1],44,104,117,60,104
1,<environment.Job instance at 0x7f5558e795f0>,52,15,[2 9],53,113,128,60,113
1,<environment.Job instance at 0x7f5558e790a0>,55,14,[10  5],56,117,131,61,117
1,<environment.Job instance at 0x7f5558aa3f00>,38,16,[5 9],39,128,144,89,128
1,<environment.Job instance at 0x7f5559658280>,29,18,[4 6],30,132,150,102,132
1,<environment.Job instance at 0x7f55591eb730>,2,13,[1 6],3,3,16,0,3
1,<environment.Job instance at 0x7f5559325050>,3,1,[1 6],4,4,5,0,4
1,<environment.Job instance at 0x7f55593b6e10>,5,2,[ 4 10],6,16,18,10,6
1,<environment.Job instance at 0x7f55593b6b40>,7,16,[6 1],8,8,24,0,8
1,<environment.Job instance at 0x7f55593b65a0>,13,3,[ 2 14],14,18,21,4,14
1,<environment.Job instance at 0x7f5559325f50>,12,13,[1 8],13,21,34,8,17
1,<environment.Job instance at 0x7f55593b6690>,11,18,[7 2],12,21,39,9,17
1,<environment.Job instance at 0x7f55593b60f0>,19,1,[7 5],20,24,25,4,20
1,<environment.Job instance at 0x7f555949d8c0>,0,14,[10  5],1,1,15,0,1
1,<environment.Job instance at 0x7f555949dd20>,2,13,[1 6],3,3,16,0,3
1,<environment.Job instance at 0x7f555949d370>,3,1,[1 6],4,15,16,11,15
1,<environment.Job instance at 0x7f55590ab1e0>,7,16,[6 1],8,15,31,7,15
1,<environment.Job instance at 0x7f5558017a50>,11,18,[7 2],12,15,33,3,15
1,<environment.Job instance at 0x7f5558ea20f0>,12,13,[1 8],13,16,29,3,16
1,<environment.Job instance at 0x7f55591f4b90>,19,1,[7 5],20,31,32,11,31
1,<environment.Job instance at 0x7f555949db40>,5,2,[ 4 10],6,32,34,26,32
1,<environment.Job instance at 0x7f55593aee60>,26,14,[8 2],27,33,47,6,33
1,<environment.Job instance at 0x7f5558764370>,29,13,[7 4],30,34,47,4,34
1,<environment.Job instance at 0x7f55591f4140>,21,16,[10  2],22,47,63,25,47
1,<environment.Job instance at 0x7f5558017eb0>,10,16,[ 3 10],11,47,63,36,47
1,<environment.Job instance at 0x7f5558cd0960>,35,3,[7 1],36,63,66,27,63
1,<environment.Job instance at 0x7f5558e92e10>,33,13,[8 5],34,63,76,29,63
1,<environment.Job instance at 0x7f5558bec410>,40,12,[6 1],41,66,78,25,66
1,<environment.Job instance at 0x7f5558cf0550>,31,16,[7 2],32,76,92,44,76
1,<environment.Job instance at 0x7f5557eef4b0>,44,12,[3 6],45,78,90,33,78
1,<environment.Job instance at 0x7f5557fe8f50>,17,18,[5 5],18,78,96,60,78
1,<environment.Job instance at 0x7f5557eefc30>,45,2,[7 2],46,92,94,46,92
1,<environment.Job instance at 0x7f5557eefaf0>,47,13,[3 7],48,92,105,44,92
1,<environment.Job instance at 0x7f5557eef500>,48,3,[5 2],49,94,97,45,94
1,<environment.Job instance at 0x7f5557eef370>,46,17,[4 5],47,96,113,49,96
1,<environment.Job instance at 0x7f5558a6f050>,49,1,[10  1],50,105,106,55,105
1,<environment.Job instance at 0x7f55591e4550>,53,13,[ 3 10],54,106,119,52,106
1,<environment.Job instance at 0x7f5558786820>,55,16,[5 5],56,113,129,57,113
1,<environment.Job instance at 0x7f55588afdc0>,60,12,[5 4],61,119,131,58,119
1,<environment.Job instance at 0x7f55593aea00>,27,18,[4 5],28,119,137,91,119
1,<environment.Job instance at 0x7f555911c4b0>,38,18,[5 4],39,129,147,90,129
1,<environment.Job instance at 0x7f555875b7d0>,61,13,[1 8],62,137,150,75,137
1,<environment.Job instance at 0x7f5558d0be60>,7,1,[13  4],8,8,9,0,8
1,<environment.Job instance at 0x7f5558d052d0>,6,21,[2 5],7,8,29,1,8
1,<environment.Job instance at 0x7f5558d0ba50>,8,1,[5 9],9,9,10,0,9
1,<environment.Job instance at 0x7f5558d0b1e0>,9,2,[ 5 11],10,29,31,19,10
1,<environment.Job instance at 0x7f5558d0b500>,11,12,[2 9],12,12,24,0,12
1,<environment.Job instance at 0x7f5559589730>,19,1,[ 5 12],20,31,32,11,20
1,<environment.Job instance at 0x7f55595895a0>,25,1,[10  2],26,26,27,0,26
1,<environment.Job instance at 0x7f5559589e60>,27,14,[5 5],28,32,46,4,28
1,<environment.Job instance at 0x7f55586bad70>,28,2,[5 9],29,32,34,3,30
1,<environment.Job instance at 0x7f55586ba690>,29,17,[5 5],30,34,51,4,32
1,<environment.Job instance at 0x7f5558d57e60>,32,1,[9 3],33,46,47,13,34
1,<environment.Job instance at 0x7f5558d57be0>,34,1,[ 3 10],35,47,48,12,35
1,<environment.Job instance at 0x7f5558d57960>,36,1,[5 4],37,37,38,0,37
1,<environment.Job instance at 0x7f5558d57eb0>,35,13,[6 4],36,48,61,12,38
1,<environment.Job instance at 0x7f5558d57cd0>,38,2,[7 5],39,51,53,12,39
1,<environment.Job instance at 0x7f5558d57910>,37,22,[1 8],38,62,84,24,62
1,<environment.Job instance at 0x7f5558d57f50>,41,20,[12  1],42,93,113,51,93
1,<environment.Job instance at 0x7f55593ae410>,5,2,[7 1],6,6,8,0,6
1,<environment.Job instance at 0x7f55587864b0>,6,21,[2 5],7,7,28,0,7
1,<environment.Job instance at 0x7f55583a9730>,8,1,[5 9],9,9,10,0,9
1,<environment.Job instance at 0x7f5561ca8b90>,11,12,[2 9],12,12,24,0,12
1,<environment.Job instance at 0x7f5561ca8e10>,14,12,[7 5],15,24,36,9,24
1,<environment.Job instance at 0x7f5561ca8dc0>,12,13,[2 8],13,28,41,15,28
1,<environment.Job instance at 0x7f5562189820>,25,1,[10  2],26,36,37,10,36
1,<environment.Job instance at 0x7f5561ceae10>,27,14,[5 5],28,37,51,9,37
1,<environment.Job instance at 0x7f55589e0b90>,28,2,[5 9],29,41,43,12,41
1,<environment.Job instance at 0x7f555836fc30>,32,1,[9 3],33,43,44,10,43
1,<environment.Job instance at 0x7f555836f550>,33,14,[10  4],34,44,58,10,44
1,<environment.Job instance at 0x7f5561c6bd70>,34,1,[ 3 10],35,51,52,16,51
1,<environment.Job instance at 0x7f55589e07d0>,29,17,[5 5],30,52,69,22,52
1,<environment.Job instance at 0x7f5558d96780>,36,1,[5 4],37,58,59,21,58
1,<environment.Job instance at 0x7f5558d96f00>,38,2,[7 5],39,59,61,20,59
1,<environment.Job instance at 0x7f5561c6b6e0>,35,13,[6 4],36,61,74,25,61
1,<environment.Job instance at 0x7f5558e6daa0>,42,14,[2 7],43,69,83,26,69
1,<environment.Job instance at 0x7f555917eeb0>,45,1,[3 5],46,74,75,28,74
1,<environment.Job instance at 0x7f55620b9c30>,48,12,[5 8],49,75,87,26,75
1,<environment.Job instance at 0x7f5558799460>,50,15,[8 2],51,83,98,32,83
1,<environment.Job instance at 0x7f5558248460>,54,3,[1 6],55,87,90,32,87
1,<environment.Job instance at 0x7f555973ee10>,47,17,[4 5],48,87,104,39,87
1,<environment.Job instance at 0x7f55621dc960>,59,3,[8 4],60,98,101,38,98
1,<environment.Job instance at 0x7f55580eccd0>,57,14,[ 3 10],58,101,115,43,101
1,<environment.Job instance at 0x7f5558125460>,18,17,[10  5],19,104,121,85,104
1,<environment.Job instance at 0x7f55596145f0>,65,3,[1 8],66,115,118,49,115
1,<environment.Job instance at 0x7f55587bce10>,67,12,[1 8],68,118,130,50,118
1,<environment.Job instance at 0x7f55587bc5f0>,66,3,[10  1],67,121,124,54,121
1,<environment.Job instance at 0x7f5557f30910>,69,17,[7 2],70,124,141,54,124
1,<environment.Job instance at 0x7f55587aa7d0>,62,18,[6 1],63,124,142,61,124
1,<environment.Job instance at 0x7f55587ba4b0>,70,1,[2 8],71,130,131,59,130
1,<environment.Job instance at 0x7f5558c04fa0>,75,1,[2 7],76,131,132,55,131
1,<environment.Job instance at 0x7f5558c049b0>,74,17,[2 8],75,132,149,57,132
1,<environment.Job instance at 0x7f5561ccb2d0>,0,18,[5 2],1,1,19,0,1
1,<environment.Job instance at 0x7f5561ccbb90>,2,18,[5 4],3,3,21,0,3
1,<environment.Job instance at 0x7f5561ccbaa0>,3,3,[6 4],4,19,22,15,4
1,<environment.Job instance at 0x7f5561cad320>,4,15,[6 1],5,21,36,16,7
1,<environment.Job instance at 0x7f5561cad6e0>,14,3,[ 4 14],15,22,25,7,17
1,<environment.Job instance at 0x7f5561cad730>,6,1,[8 4],7,25,26,18,18
1,<environment.Job instance at 0x7f5561cc2aa0>,17,18,[7 5],18,26,44,8,19
1,<environment.Job instance at 0x7f55588bb780>,19,12,[11  5],20,44,56,24,27
1,<environment.Job instance at 0x7f5561cc2050>,16,17,[ 1 14],17,56,73,39,44
1,<environment.Job instance at 0x7f5561cc2370>,21,3,[ 1 12],22,73,76,51,47
1,<environment.Job instance at 0x7f5561cdac30>,13,15,[5 9],14,76,91,62,66
1,<environment.Job instance at 0x7f5557fd8780>,23,2,[ 1 10],24,91,93,67,66
1,<environment.Job instance at 0x7f555961ceb0>,24,3,[5 4],25,76,79,51,66
1,<environment.Job instance at 0x7f5561cda4b0>,15,16,[5 2],16,73,89,57,66
1,<environment.Job instance at 0x7f5561c9a910>,0,18,[5 2],1,1,19,0,1
1,<environment.Job instance at 0x7f5561c9a460>,2,18,[5 4],3,3,21,0,3
1,<environment.Job instance at 0x7f55595da460>,8,14,[5 5],9,9,23,0,9
1,<environment.Job instance at 0x7f5561c9ae10>,6,1,[8 4],7,21,22,14,21
1,<environment.Job instance at 0x7f5561c9a9b0>,3,3,[6 4],4,22,25,18,22
1,<environment.Job instance at 0x7f5561c9a140>,4,15,[6 1],5,23,38,18,23
1,<environment.Job instance at 0x7f55587b1550>,23,2,[ 1 10],24,25,27,1,25
1,<environment.Job instance at 0x7f55588d7b90>,24,3,[5 4],25,25,28,0,25
1,<environment.Job instance at 0x7f55595d4be0>,13,15,[5 9],14,28,43,14,28
1,<environment.Job instance at 0x7f5561c9a2d0>,7,12,[10  3],8,38,50,30,38
1,<environment.Job instance at 0x7f555921ba00>,33,13,[5 2],34,43,56,9,43
1,<environment.Job instance at 0x7f5557d62fa0>,34,2,[6 3],35,50,52,15,50
1,<environment.Job instance at 0x7f5558c04730>,30,15,[5 2],31,52,67,21,52
1,<environment.Job instance at 0x7f55587baf00>,36,15,[2 8],37,52,67,15,52
1,<environment.Job instance at 0x7f55587bae60>,35,15,[7 4],36,56,71,20,56
1,<environment.Job instance at 0x7f55587bcd70>,41,1,[6 3],42,67,68,25,67
1,<environment.Job instance at 0x7f55587bc5f0>,42,3,[ 2 10],43,68,71,25,68
1,<environment.Job instance at 0x7f55580be640>,15,16,[5 2],16,71,87,55,71
1,<environment.Job instance at 0x7f55580ecc30>,46,16,[5 5],47,71,87,24,71
1,<environment.Job instance at 0x7f55587aadc0>,37,16,[3 8],38,71,87,33,71
1,<environment.Job instance at 0x7f555917eeb0>,50,14,[8 3],51,87,101,36,87
1,<environment.Job instance at 0x7f555973e910>,51,14,[4 7],52,87,101,35,87
1,<environment.Job instance at 0x7f55580eccd0>,47,18,[1 5],48,87,105,39,87
1,<environment.Job instance at 0x7f5561c6b960>,54,14,[5 3],55,101,115,46,101
1,<environment.Job instance at 0x7f5558c04fa0>,25,17,[7 4],26,101,118,75,101
1,<environment.Job instance at 0x7f5562189820>,57,15,[ 5 10],58,115,130,57,115
1,<environment.Job instance at 0x7f555836fb90>,56,1,[9 4],57,118,119,61,118
1,<environment.Job instance at 0x7f55621358c0>,63,17,[10  1],64,119,136,55,119
1,<environment.Job instance at 0x7f555836f140>,64,17,[10  1],65,136,153,71,136
1,<environment.Job instance at 0x7f430a39c6e0>,0,2,[6 2],1,1,3,0,1
1,<environment.Job instance at 0x7f430a39c730>,1,15,[4 5],2,2,17,0,2
1,<environment.Job instance at 0x7f4300d52c80>,3,13,[3 8],4,4,17,0,4
1,<environment.Job instance at 0x7f430a39c8c0>,7,12,[7 2],8,11,23,3,11
1,<environment.Job instance at 0x7f4300d56140>,11,1,[8 4],12,17,18,5,12
1,<environment.Job instance at 0x7f4300d52e60>,10,14,[1 6],11,18,32,7,14
1,<environment.Job instance at 0x7f4300d52fa0>,9,17,[8 1],10,23,40,13,16
1,<environment.Job instance at 0x7f4300d56280>,12,13,[ 2 12],13,32,45,19,17
1,<environment.Job instance at 0x7f4300d56910>,22,3,[4 6],23,25,28,2,25
1,<environment.Job instance at 0x7f4300d569b0>,24,2,[ 3 12],25,45,47,20,25
1,<environment.Job instance at 0x7f4300d56cd0>,28,2,[5 8],29,47,49,18,32
1,<environment.Job instance at 0x7f4300d56e60>,29,24,[5 1],30,35,59,5,35
1,<environment.Job instance at 0x7f4300d56f00>,30,15,[8 2],31,49,64,18,38
1,<environment.Job instance at 0x7f4300d56fa0>,31,13,[4 5],32,59,72,27,43
1,<environment.Job instance at 0x7f4300d59280>,32,14,[8 3],33,64,78,31,49
1,<environment.Job instance at 0x7f4300d59500>,35,3,[9 5],36,78,81,42,53
1,<environment.Job instance at 0x7f4300d59640>,37,2,[5 1],38,72,74,34,53
1,<environment.Job instance at 0x7f4300d59910>,41,3,[14  5],42,81,84,39,55
1,<environment.Job instance at 0x7f4300d5c4b0>,54,2,[5 8],55,74,76,19,59
1,<environment.Job instance at 0x7f4300d5c5f0>,57,15,[6 5],58,84,99,26,71
1,<environment.Job instance at 0x7f4300d5c460>,59,16,[8 1],60,84,100,24,71
1,<environment.Job instance at 0x7f4300d5c780>,60,17,[9 3],61,100,117,39,88
1,<environment.Job instance at 0x7f4300d5c960>,61,14,[ 2 10],62,99,113,37,92
1,<environment.Job instance at 0x7f4300d5c6e0>,58,2,[1 7],59,95,97,36,95
1,<environment.Job instance at 0x7f4300d5caa0>,63,2,[9 2],64,117,119,53,117
1,<environment.Job instance at 0x7f4300ef4e10>,0,2,[6 2],1,1,3,0,1
1,<environment.Job instance at 0x7f4300e6e4b0>,1,15,[4 5],2,2,17,0,2
1,<environment.Job instance at 0x7f4300d59f00>,2,18,[ 3 10],3,3,21,0,3
1,<environment.Job instance at 0x7f4300d5c820>,7,12,[7 2],8,17,29,9,17
1,<environment.Job instance at 0x7f4300df7410>,11,1,[8 4],12,21,22,9,21
1,<environment.Job instance at 0x7f4300e6c3c0>,3,13,[3 8],4,22,35,18,22
1,<environment.Job instance at 0x7f430a39c7d0>,13,15,[4 5],14,22,37,8,22
1,<environment.Job instance at 0x7f4300d5faf0>,9,17,[8 1],10,29,46,19,29
1,<environment.Job instance at 0x7f4300d5f0a0>,10,14,[1 6],11,35,49,24,35
1,<environment.Job instance at 0x7f4300d529b0>,18,18,[3 6],19,37,55,18,37
1,<environment.Job instance at 0x7f4300e14f50>,22,3,[4 6],23,49,52,26,49
1,<environment.Job instance at 0x7f4300e14410>,25,16,[5 3],26,49,65,23,49
1,<environment.Job instance at 0x7f4300d59140>,5,18,[7 5],6,52,70,46,52
1,<environment.Job instance at 0x7f4300efa780>,28,2,[5 8],29,66,68,37,66
1,<environment.Job instance at 0x7f4300efa550>,31,13,[4 5],32,68,81,36,68
1,<environment.Job instance at 0x7f4300effeb0>,32,14,[8 3],33,70,84,37,70
1,<environment.Job instance at 0x7f4300e144b0>,23,18,[7 4],24,82,100,58,82
1,<environment.Job instance at 0x7f4300efa8c0>,30,15,[8 2],31,84,99,53,84
1,<environment.Job instance at 0x7f4300e5e320>,36,16,[8 1],37,99,115,62,99
1,<environment.Job instance at 0x7f4300e5e0f0>,37,2,[5 1],38,100,102,62,100
1,<environment.Job instance at 0x7f4300e5e0a0>,38,14,[5 5],39,102,116,63,102
1,<environment.Job instance at 0x7f4300e48820>,35,3,[9 5],36,115,118,79,115
1,<environment.Job instance at 0x7f4300e5e910>,39,12,[3 6],40,116,128,76,116
1,<environment.Job instance at 0x7f4300e0f460>,44,14,[8 4],45,118,132,73,118
1,<environment.Job instance at 0x7f4300e0f640>,47,16,[6 2],48,128,144,80,128
1,<environment.Job instance at 0x7f4300eff7d0>,33,16,[9 3],34,133,149,99,133
1,<environment.Job instance at 0x7f4300e13730>,54,2,[5 8],55,144,146,89,144
1,<environment.Job instance at 0x7f4300e13050>,55,14,[ 2 10],56,146,160,90,146
1,<environment.Job instance at 0x7f4300e0f140>,43,14,[10  1],44,149,163,105,149
1,<environment.Job instance at 0x7f4300498dc0>,0,15,[6 2],1,1,16,0,1
1,<environment.Job instance at 0x7f43004ff190>,3,3,[5 5],4,4,7,0,4
1,<environment.Job instance at 0x7f43004ff280>,4,13,[2 6],5,5,18,0,5
1,<environment.Job instance at 0x7f43004ff050>,7,1,[ 5 12],8,18,19,10,8
1,<environment.Job instance at 0x7f43004a4d20>,10,2,[14  2],11,19,21,8,11
1,<environment.Job instance at 0x7f43004a4b90>,15,2,[ 1 14],16,21,23,5,16
1,<environment.Job instance at 0x7f43004ffb40>,19,3,[ 5 11],20,23,26,3,20
1,<environment.Job instance at 0x7f43004a4230>,18,13,[1 9],19,26,39,7,20
1,<environment.Job instance at 0x7f43004a2280>,21,18,[11  2],22,26,44,4,22
1,<environment.Job instance at 0x7f43004a2320>,22,18,[4 6],23,39,57,16,38
1,<environment.Job instance at 0x7f43004a2050>,25,14,[5 3],26,44,58,18,43
1,<environment.Job instance at 0x7f4300498320>,6,16,[6 2],7,44,60,37,43
1,<environment.Job instance at 0x7f43004a20f0>,23,16,[3 5],24,57,73,33,44
1,<environment.Job instance at 0x7f43004a28c0>,30,1,[7 4],31,60,61,29,46
1,<environment.Job instance at 0x7f43004a2f50>,32,14,[4 7],33,61,75,28,46
1,<environment.Job instance at 0x7f43004a3870>,34,12,[ 2 11],35,75,87,40,58
1,<environment.Job instance at 0x7f43004a3410>,36,2,[8 2],37,61,63,24,58
1,<environment.Job instance at 0x7f43004a3af0>,35,19,[5 1],36,68,87,32,68
1,<environment.Job instance at 0x7f43004a35f0>,37,22,[1 7],38,87,109,49,80
1,<environment.Job instance at 0x7f43004a37d0>,40,12,[11  1],41,87,99,46,85
1,<environment.Job instance at 0x7f43004a3eb0>,41,12,[ 5 11],42,109,121,67,93
1,<environment.Job instance at 0x7f43004a31e0>,42,15,[3 9],43,121,136,78,107
1,<environment.Job instance at 0x7f430a39bf50>,43,2,[ 1 10],44,136,138,92,109
1,<environment.Job instance at 0x7f43004a39b0>,33,23,[ 2 14],34,138,161,104,135
1,<environment.Job instance at 0x7f4300d626e0>,0,15,[6 2],1,1,16,0,1
1,<environment.Job instance at 0x7f4300d623c0>,3,3,[5 5],4,4,7,0,4
1,<environment.Job instance at 0x7f4300d62370>,4,13,[2 6],5,5,18,0,5
1,<environment.Job instance at 0x7f4300d621e0>,6,16,[6 2],7,7,23,0,7
1,<environment.Job instance at 0x7f430036f500>,9,14,[3 8],10,18,32,8,18
1,<environment.Job instance at 0x7f430057c190>,22,18,[4 6],23,23,41,0,23
1,<environment.Job instance at 0x7f430057a9b0>,18,13,[1 9],19,32,45,13,32
1,<environment.Job instance at 0x7f430057c280>,25,14,[5 3],26,41,55,15,41
1,<environment.Job instance at 0x7f430057a2d0>,14,14,[ 4 10],15,45,59,30,45
1,<environment.Job instance at 0x7f430057caf0>,23,16,[3 5],24,55,71,31,55
1,<environment.Job instance at 0x7f4300511820>,30,1,[7 4],31,59,60,28,59
1,<environment.Job instance at 0x7f4300500190>,31,13,[ 4 10],32,60,73,28,60
1,<environment.Job instance at 0x7f430050db40>,36,2,[8 2],37,71,73,34,71
1,<environment.Job instance at 0x7f4300509d20>,32,14,[4 7],33,73,87,40,73
1,<environment.Job instance at 0x7f4300659d70>,11,17,[3 8],12,73,90,61,73
1,<environment.Job instance at 0x7f430051b8c0>,45,3,[8 2],46,87,90,41,87
1,<environment.Job instance at 0x7f4300518dc0>,43,2,[ 1 10],44,90,92,46,90
1,<environment.Job instance at 0x7f430051feb0>,47,3,[5 4],48,90,93,42,90
1,<environment.Job instance at 0x7f430051b9b0>,46,14,[8 4],47,92,106,45,92
1,<environment.Job instance at 0x7f4300518410>,42,15,[3 9],43,93,108,50,93
1,<environment.Job instance at 0x7f430051f4b0>,48,17,[10  5],49,106,123,57,106
1,<environment.Job instance at 0x7f430051f550>,49,16,[ 3 10],50,108,124,58,108
1,<environment.Job instance at 0x7f43005bc8c0>,53,1,[10  3],54,123,124,69,123
1,<environment.Job instance at 0x7f4300799d20>,60,13,[5 1],61,124,137,63,124
1,<environment.Job instance at 0x7f4300514690>,69,13,[10  1],70,124,137,54,124
1,<environment.Job instance at 0x7f4300766cd0>,65,15,[3 5],66,137,152,71,137
1,<environment.Job instance at 0x7f430055b910>,70,16,[7 2],71,137,153,66,137
1,<environment.Job instance at 0x7f43003ed320>,0,1,[11  3],1,1,2,0,1
1,<environment.Job instance at 0x7f43003edbe0>,2,2,[8 1],3,3,5,0,3
1,<environment.Job instance at 0x7f43003ed640>,3,1,[10  2],4,5,6,1,4
1,<environment.Job instance at 0x7f43003edaf0>,6,14,[5 3],7,7,21,0,7
1,<environment.Job instance at 0x7f43003ed960>,7,14,[8 5],8,8,22,0,8
1,<environment.Job instance at 0x7f430a505870>,12,1,[8 5],13,22,23,9,13
1,<environment.Job instance at 0x7f430a505be0>,13,14,[2 8],14,21,35,7,14
1,<environment.Job instance at 0x7f430a505050>,15,2,[7 1],16,23,25,7,16
1,<environment.Job instance at 0x7f430a3c4eb0>,18,2,[4 6],19,23,25,4,19
1,<environment.Job instance at 0x7f430a3c4aa0>,16,20,[ 3 11],17,35,55,18,26
1,<environment.Job instance at 0x7f430059e960>,1,15,[4 8],2,2,17,0,2
1,<environment.Job instance at 0x7f4300656eb0>,2,2,[8 1],3,3,5,0,3
1,<environment.Job instance at 0x7f430055b820>,3,1,[10  2],4,5,6,1,5
1,<environment.Job instance at 0x7f430055b910>,6,14,[5 3],7,7,21,0,7
1,<environment.Job instance at 0x7f43003ed3c0>,12,1,[8 5],13,17,18,4,17
1,<environment.Job instance at 0x7f43003ed370>,15,2,[7 1],16,18,20,2,18
1,<environment.Job instance at 0x7f43003ed500>,13,14,[2 8],14,18,32,4,18
1,<environment.Job instance at 0x7f43003ed050>,17,16,[8 3],18,20,36,2,20
1,<environment.Job instance at 0x7f4300347320>,18,2,[4 6],19,32,34,13,32
1,<environment.Job instance at 0x7f4300347870>,20,14,[7 1],21,34,48,13,34
1,<environment.Job instance at 0x7f4300656b40>,7,14,[8 5],8,36,50,28,36
1,<environment.Job instance at 0x7f43003433c0>,23,14,[ 3 10],24,48,62,24,48
1,<environment.Job instance at 0x7f43003ed6e0>,14,15,[10  3],15,50,65,35,50
1,<environment.Job instance at 0x7f4300343870>,31,2,[1 7],32,62,64,30,62
1,<environment.Job instance at 0x7f4300343690>,27,3,[5 8],28,64,67,36,64
1,<environment.Job instance at 0x7f43003bf8c0>,36,13,[2 5],37,65,78,28,65
1,<environment.Job instance at 0x7f43003bfb90>,41,12,[4 7],42,67,79,25,67
1,<environment.Job instance at 0x7f430a3c4460>,8,22,[9 3],9,67,89,58,67
1,<environment.Job instance at 0x7f43003436e0>,33,13,[ 4 10],34,79,92,45,79
1,<environment.Job instance at 0x7f43003bd780>,48,17,[6 3],49,89,106,40,89
1,<environment.Job instance at 0x7f43003bdeb0>,54,14,[3 6],55,92,106,37,92
1,<environment.Job instance at 0x7f43003bdd70>,58,16,[2 6],59,92,108,33,92
1,<environment.Job instance at 0x7f43003ae1e0>,66,3,[5 9],67,106,109,39,106
1,<environment.Job instance at 0x7f43003aed20>,69,3,[2 7],70,109,112,39,109
1,<environment.Job instance at 0x7f4300343730>,34,16,[2 8],35,109,125,74,109
1,<environment.Job instance at 0x7f430038a460>,71,3,[4 7],72,112,115,40,112
1,<environment.Job instance at 0x7f43003ae230>,70,13,[ 1 10],71,125,138,54,125
1,<environment.Job instance at 0x7f430038acd0>,73,17,[7 1],74,125,142,51,125
1,<environment.Job instance at 0x7f43003ae730>,67,15,[1 9],68,138,153,70,138
1,<environment.Job instance at 0x7f430038ad70>,75,2,[6 3],76,138,140,62,138
1,<environment.Job instance at 0x7f430038a410>,77,20,[8 5],78,143,163,65,143
1,<environment.Job instance at 0x7f4309eda730>,2,1,[ 2 11],3,3,4,0,3
1,<environment.Job instance at 0x7f4301199aa0>,4,12,[3 5],5,5,17,0,5
1,<environment.Job instance at 0x7f4301199c30>,8,3,[10  3],9,9,12,0,9
1,<environment.Job instance at 0x7f43011998c0>,11,14,[3 5],12,12,26,0,12
1,<environment.Job instance at 0x7f43011992d0>,12,3,[2 8],13,17,20,4,13
1,<environment.Job instance at 0x7f4301199cd0>,20,13,[6 5],21,21,34,0,21
1,<environment.Job instance at 0x7f4301199640>,22,20,[2 8],23,26,46,3,24
1,<environment.Job instance at 0x7f4301529eb0>,1,16,[1 8],2,2,18,0,2
1,<environment.Job instance at 0x7f430146be60>,4,12,[3 5],5,5,17,0,5
1,<environment.Job instance at 0x7f43004a5230>,8,3,[10  3],9,17,20,8,17
1,<environment.Job instance at 0x7f43004a5c80>,14,1,[ 1 10],15,18,19,3,18
1,<environment.Job instance at 0x7f43004a5af0>,12,3,[2 8],13,19,22,6,19
1,<environment.Job instance at 0x7f43004a58c0>,13,14,[8 1],14,20,34,6,20
1,<environment.Job instance at 0x7f43004a5cd0>,11,14,[3 5],12,20,34,8,20
1,<environment.Job instance at 0x7f43003bf0f0>,18,2,[7 2],19,34,36,15,34
1,<environment.Job instance at 0x7f43004a56e0>,5,14,[5 8],6,34,48,28,34
1,<environment.Job instance at 0x7f43004a5e60>,20,13,[6 5],21,36,49,15,36
1,<environment.Job instance at 0x7f4300343a00>,31,12,[5 6],32,48,60,16,48
1,<environment.Job instance at 0x7f43004a5410>,15,17,[9 1],16,49,66,33,49
1,<environment.Job instance at 0x7f43003436e0>,32,1,[ 4 10],33,60,61,27,60
1,<environment.Job instance at 0x7f43004a59b0>,16,14,[ 2 10],17,61,75,44,61
1,<environment.Job instance at 0x7f43003435f0>,36,1,[8 1],37,66,67,29,66
1,<environment.Job instance at 0x7f4300343eb0>,39,1,[1 5],40,67,68,27,67
1,<environment.Job instance at 0x7f4300343f00>,38,2,[7 2],39,68,70,29,68
1,<environment.Job instance at 0x7f4300343460>,37,16,[4 5],38,71,87,33,71
1,<environment.Job instance at 0x7f43003432d0>,40,1,[1 6],41,75,76,34,75
1,<environment.Job instance at 0x7f4300696c30>,45,14,[8 2],46,75,89,29,75
1,<environment.Job instance at 0x7f4300347be0>,44,17,[2 5],45,76,93,31,76
1,<environment.Job instance at 0x7f4300778500>,46,2,[4 9],47,89,91,42,89
1,<environment.Job instance at 0x7f43003bfd70>,19,15,[ 5 10],20,91,106,71,91
1,<environment.Job instance at 0x7f43004a5e10>,17,17,[7 4],18,94,111,76,94
1,<environment.Job instance at 0x7f4300347370>,49,18,[6 2],50,106,124,56,106
1,<environment.Job instance at 0x7f43003bdb40>,52,19,[2 7],53,107,126,54,107
1,<environment.Job instance at 0x7f4300343f50>,41,22,[6 4],42,111,133,69,111
1,<environment.Job instance at 0x7f43003bd500>,56,1,[2 5],57,126,127,69,126
1,<environment.Job instance at 0x7f43003bd870>,55,15,[6 5],56,126,141,70,126
1,<environment.Job instance at 0x7f43003bdfa0>,58,17,[7 3],59,134,151,75,134
1,<environment.Job instance at 0x7f43003bd550>,63,18,[5 7],64,141,159,77,141
1,<environment.Job instance at 0x7f4300babe60>,1,14,[4 9],2,2,16,0,2
1,<environment.Job instance at 0x7f4300729eb0>,4,12,[4 8],5,16,28,11,5
1,<environment.Job instance at 0x7f4300b5be10>,7,1,[5 1],8,8,9,0,8
1,<environment.Job instance at 0x7f4300b5b500>,9,12,[ 3 12],10,28,40,18,11
1,<environment.Job instance at 0x7f4300b5b410>,13,1,[ 1 14],14,40,41,26,27
1,<environment.Job instance at 0x7f4300b5b5a0>,10,13,[ 3 12],11,43,56,32,43
1,<environment.Job instance at 0x7f4300700190>,16,17,[4 5],17,61,78,44,61
1,<environment.Job instance at 0x7f4300ec9b40>,0,17,[2 7],1,1,18,0,1
1,<environment.Job instance at 0x7f4300df2500>,4,12,[4 8],5,5,17,0,5
1,<environment.Job instance at 0x7f43014948c0>,7,1,[5 1],8,17,18,9,17
1,<environment.Job instance at 0x7f4300e55460>,14,16,[5 5],15,17,33,2,17
1,<environment.Job instance at 0x7f4300e4d550>,15,12,[ 3 10],16,18,30,2,18
1,<environment.Job instance at 0x7f4301318b90>,18,13,[3 9],19,30,43,11,30
1,<environment.Job instance at 0x7f4300daa4b0>,17,13,[8 5],18,33,46,15,33
1,<environment.Job instance at 0x7f430184bb90>,22,2,[6 4],23,43,45,20,43
1,<environment.Job instance at 0x7f430184bbe0>,23,2,[3 5],24,45,47,21,45
1,<environment.Job instance at 0x7f4300d9fe10>,24,15,[2 5],25,45,60,20,45
1,<environment.Job instance at 0x7f43011395a0>,20,16,[6 5],21,46,62,25,46
1,<environment.Job instance at 0x7f4300e4d2d0>,16,17,[4 5],17,47,64,30,47
1,<environment.Job instance at 0x7f4300d9fd20>,27,2,[2 9],28,62,64,34,62
1,<environment.Job instance at 0x7f43019a5d70>,28,15,[9 1],29,62,77,33,62
1,<environment.Job instance at 0x7f4300d9fb40>,29,1,[3 6],30,64,65,34,64
1,<environment.Job instance at 0x7f4300daa9b0>,21,3,[5 9],22,65,68,43,65
1,<environment.Job instance at 0x7f4300d9f780>,31,13,[1 8],32,68,81,36,68
1,<environment.Job instance at 0x7f4300de6b40>,30,13,[6 1],31,77,90,46,77
1,<environment.Job instance at 0x7f4300de6500>,35,15,[6 1],36,77,92,41,77
1,<environment.Job instance at 0x7f4300e62d70>,36,3,[7 4],37,90,93,53,90
1,<environment.Job instance at 0x7f4300de6a50>,34,13,[ 5 10],35,92,105,57,92
1,<environment.Job instance at 0x7f4300e62410>,39,12,[10  3],40,93,105,53,93
1,<environment.Job instance at 0x7f4300ec9730>,1,14,[4 9],2,105,119,103,105
1,<environment.Job instance at 0x7f4300d9faa0>,26,16,[9 2],27,105,121,78,105
1,<environment.Job instance at 0x7f4301870320>,43,2,[2 9],44,119,121,75,119
1,<environment.Job instance at 0x7f430132a6e0>,45,1,[8 1],46,121,122,75,121
1,<environment.Job instance at 0x7f43010cf690>,48,14,[5 4],49,121,135,72,121
1,<environment.Job instance at 0x7f4300e0da00>,47,12,[10  3],48,122,134,74,122
1,<environment.Job instance at 0x7f4300d9f050>,25,14,[4 8],26,134,148,108,134
1,<environment.Job instance at 0x7f4300e62690>,49,15,[10  1],50,135,150,85,135
1,<environment.Job instance at 0x7f430147b2d0>,55,1,[4 9],56,148,149,92,148
1,<environment.Job instance at 0x7f4300d3e320>,56,12,[3 5],57,149,161,92,149
1,<environment.Job instance at 0x7f4300decf50>,52,17,[2 6],53,149,166,96,149
1,<environment.Job instance at 0x7f4300b49960>,3,12,[5 8],4,4,16,0,4
1,<environment.Job instance at 0x7f43018b0a00>,5,14,[3 8],6,16,30,10,6
1,<environment.Job instance at 0x7f43018b05a0>,7,12,[2 7],8,8,20,0,8
1,<environment.Job instance at 0x7f43018b0e60>,11,20,[5 1],12,20,40,8,12
1,<environment.Job instance at 0x7f43018b0cd0>,8,14,[ 4 10],9,30,44,21,15
1,<environment.Job instance at 0x7f43018b0b90>,14,13,[7 4],15,40,53,25,24
1,<environment.Job instance at 0x7f4300b49d20>,9,18,[4 6],10,44,62,34,37
1,<environment.Job instance at 0x7f43018b0320>,16,17,[1 8],17,53,70,36,43
1,<environment.Job instance at 0x7f43018b0f00>,17,16,[6 2],18,62,78,44,51
1,<environment.Job instance at 0x7f43018b0aa0>,10,20,[9 4],11,70,90,59,62
1,<environment.Job instance at 0x7f43018b0c80>,18,19,[ 4 11],19,78,97,59,71
1,<environment.Job instance at 0x7f43018b0690>,20,16,[7 2],21,90,106,69,77
1,<environment.Job instance at 0x7f43018b0280>,21,16,[ 3 10],22,97,113,75,85
1,<environment.Job instance at 0x7f43018b00f0>,22,16,[5 7],23,113,129,90,100
1,<environment.Job instance at 0x7f43018b0dc0>,23,3,[4 8],24,113,116,89,101
1,<environment.Job instance at 0x7f43018b0870>,24,13,[5 5],25,116,129,91,102
1,<environment.Job instance at 0x7f43018b06e0>,25,2,[1 6],26,129,131,103,102
1,<environment.Job instance at 0x7f43018b0b40>,12,12,[11  5],13,129,141,116,114
1,<environment.Job instance at 0x7f43009a8690>,26,14,[ 4 12],27,141,155,114,126
1,<environment.Job instance at 0x7f43003bfd70>,3,12,[5 8],4,4,16,0,4
1,<environment.Job instance at 0x7f43015298c0>,6,12,[10  1],7,7,19,0,7
1,<environment.Job instance at 0x7f43003bf870>,7,12,[2 7],8,16,28,8,16
1,<environment.Job instance at 0x7f43003436e0>,14,13,[7 4],15,19,32,4,19
1,<environment.Job instance at 0x7f43003bfb90>,5,14,[3 8],6,28,42,22,28
1,<environment.Job instance at 0x7f4300343500>,17,16,[6 2],18,32,48,14,32
1,<environment.Job instance at 0x7f43003bfa50>,8,14,[ 4 10],9,42,56,33,42
1,<environment.Job instance at 0x7f43003433c0>,20,16,[7 2],21,48,64,27,48
1,<environment.Job instance at 0x7f43003bdb40>,22,16,[5 7],23,56,72,33,56
1,<environment.Job instance at 0x7f43003bdb90>,23,3,[4 8],24,64,67,40,64
1,<environment.Job instance at 0x7f43003bd820>,24,13,[5 5],25,67,80,42,67
1,<environment.Job instance at 0x7f43003bdd70>,25,2,[1 6],26,72,74,46,72
1,<environment.Job instance at 0x7f43003bd780>,27,1,[5 1],28,72,73,44,72
1,<environment.Job instance at 0x7f43014faeb0>,29,3,[2 6],30,74,77,44,74
1,<environment.Job instance at 0x7f43007ec2d0>,34,12,[ 5 10],35,77,89,42,77
1,<environment.Job instance at 0x7f43007ecd70>,36,14,[5 1],37,80,94,43,80
1,<environment.Job instance at 0x7f43007ec550>,37,15,[7 3],38,89,104,51,89
1,<environment.Job instance at 0x7f43003439b0>,13,16,[3 8],14,89,105,75,89
1,<environment.Job instance at 0x7f430098b780>,38,15,[10  3],39,104,119,65,104
1,<environment.Job instance at 0x7f43003bde60>,21,16,[ 3 10],22,105,121,83,105
1,<environment.Job instance at 0x7f4300f4ae10>,40,14,[7 5],41,119,133,78,119
1,<environment.Job instance at 0x7f43009823c0>,44,12,[6 4],45,121,133,76,121
1,<environment.Job instance at 0x7f4300b49c30>,46,3,[ 3 10],47,133,136,86,133
1,<environment.Job instance at 0x7f43007fdc80>,47,1,[7 3],48,133,134,85,133
1,<environment.Job instance at 0x7f4300acf640>,45,12,[7 4],46,134,146,88,134
1,<environment.Job instance at 0x7f43007fd140>,49,14,[4 7],50,136,150,86,136
1,<environment.Job instance at 0x7f43005cc500>,50,16,[9 4],51,146,162,95,146
1,<environment.Job instance at 0x7f43009b3eb0>,1,16,[7 2],2,2,18,0,2
1,<environment.Job instance at 0x7f43009b8870>,2,1,[ 1 14],3,18,19,15,3
1,<environment.Job instance at 0x7f4300c6e280>,5,2,[3 6],6,6,8,0,6
1,<environment.Job instance at 0x7f4300c6e730>,10,20,[1 8],11,19,39,8,11
1,<environment.Job instance at 0x7f4300c6e960>,12,13,[7 4],13,19,32,6,13
1,<environment.Job instance at 0x7f4300c79a00>,11,22,[7 2],12,19,41,7,16
1,<environment.Job instance at 0x7f4300c79370>,17,3,[2 7],18,39,42,21,18
1,<environment.Job instance at 0x7f4300c751e0>,19,12,[3 9],20,42,54,22,25
1,<environment.Job instance at 0x7f4300c75f50>,22,18,[6 1],23,32,50,9,25
1,<environment.Job instance at 0x7f4300c75870>,23,15,[2 8],24,54,69,30,40
1,<environment.Job instance at 0x7f4300c79e60>,13,14,[10  2],14,50,64,36,40
1,<environment.Job instance at 0x7f430074a7d0>,25,12,[6 1],26,64,76,38,53
1,<environment.Job instance at 0x7f4300c75320>,21,16,[4 8],22,69,85,47,59
1,<environment.Job instance at 0x7f4300c4bcd0>,27,15,[11  1],28,76,91,48,67
1,<environment.Job instance at 0x7f4300b04730>,20,20,[5 7],21,91,111,70,84
1,<environment.Job instance at 0x7f4301933320>,31,3,[2 7],32,85,88,53,85
1,<environment.Job instance at 0x7f43019100a0>,29,1,[7 4],30,91,92,61,86
1,<environment.Job instance at 0x7f4300776f00>,35,1,[5 1],36,92,93,56,86
1,<environment.Job instance at 0x7f43018b3280>,49,1,[7 3],50,93,94,43,89
1,<environment.Job instance at 0x7f430078f820>,1,16,[7 2],2,2,18,0,2
1,<environment.Job instance at 0x7f43011f60f0>,5,2,[3 6],6,6,8,0,6
1,<environment.Job instance at 0x7f4301199370>,10,20,[1 8],11,11,31,0,11
1,<environment.Job instance at 0x7f4301199a00>,11,22,[7 2],12,12,34,0,12
1,<environment.Job instance at 0x7f4301199820>,12,13,[7 4],13,18,31,5,18
1,<environment.Job instance at 0x7f43012ab190>,17,3,[2 7],18,31,34,13,31
1,<environment.Job instance at 0x7f43017971e0>,19,12,[3 9],20,34,46,14,34
1,<environment.Job instance at 0x7f43011990a0>,8,14,[10  2],9,34,48,25,34
1,<environment.Job instance at 0x7f43002f0370>,23,15,[2 8],24,46,61,22,46
1,<environment.Job instance at 0x7f43002f0140>,25,12,[6 1],26,48,60,22,48
1,<environment.Job instance at 0x7f43007392d0>,29,1,[7 4],30,48,49,18,48
1,<environment.Job instance at 0x7f43002f01e0>,22,18,[6 1],23,49,67,26,49
1,<environment.Job instance at 0x7f43002ebdc0>,31,3,[2 7],32,61,64,29,61
1,<environment.Job instance at 0x7f4300739370>,30,16,[1 7],31,61,77,30,61
1,<environment.Job instance at 0x7f43002e1780>,33,15,[4 7],34,64,79,30,64
1,<environment.Job instance at 0x7f43015548c0>,35,1,[5 1],36,67,68,31,67
1,<environment.Job instance at 0x7f4300c0d3c0>,13,14,[10  2],14,77,91,63,77
1,<environment.Job instance at 0x7f43002f0730>,21,16,[4 8],22,79,95,57,79
1,<environment.Job instance at 0x7f43017b52d0>,37,13,[8 2],38,91,104,53,91
1,<environment.Job instance at 0x7f43002f4460>,43,13,[1 8],44,95,108,51,95
1,<environment.Job instance at 0x7f4300e77960>,49,1,[7 3],50,104,105,54,104
1,<environment.Job instance at 0x7f43002deb90>,28,16,[10  5],29,105,121,76,105
1,<environment.Job instance at 0x7f43013d2910>,54,2,[5 7],55,108,110,53,108
1,<environment.Job instance at 0x7f43013092d0>,55,14,[ 4 10],56,110,124,54,110
1,<environment.Job instance at 0x7f430044d0f0>,36,16,[9 4],37,121,137,84,121
1,<environment.Job instance at 0x7f430090b3c0>,56,15,[4 8],57,124,139,67,124
1,<environment.Job instance at 0x7f43002eed70>,51,18,[2 7],52,138,156,86,138
1,<environment.Job instance at 0x7f43003bd550>,65,2,[8 2],66,139,141,73,139
1,<environment.Job instance at 0x7f43005cc500>,53,18,[3 8],54,142,160,88,142
1,<environment.Job instance at 0x7f4300480c80>,1,12,[4 6],2,2,14,0,2
1,<environment.Job instance at 0x7f430a50ec30>,2,13,[2 6],3,3,16,0,3
1,<environment.Job instance at 0x7f430a50e0f0>,8,3,[6 4],9,14,17,5,9
1,<environment.Job instance at 0x7f430a50e690>,11,13,[3 9],12,16,29,4,12
1,<environment.Job instance at 0x7f4309ed41e0>,12,2,[12  4],13,17,19,4,13
1,<environment.Job instance at 0x7f4309ed4960>,13,21,[8 3],14,19,40,5,14
1,<environment.Job instance at 0x7f4309ed49b0>,16,2,[5 1],17,29,31,12,17
1,<environment.Job instance at 0x7f430a50e190>,15,26,[5 7],16,31,57,15,30
1,<environment.Job instance at 0x7f4300f4a910>,1,12,[4 6],2,2,14,0,2
1,<environment.Job instance at 0x7f43002cf7d0>,2,13,[2 6],3,3,16,0,3
1,<environment.Job instance at 0x7f430a441910>,8,3,[6 4],9,14,17,5,14
1,<environment.Job instance at 0x7f430075c960>,11,13,[3 9],12,16,29,4,16
1,<environment.Job instance at 0x7f430151b730>,16,2,[5 1],17,17,19,0,17
1,<environment.Job instance at 0x7f4301849140>,3,13,[10  4],4,19,32,15,19
1,<environment.Job instance at 0x7f43003434b0>,24,14,[5 8],25,32,46,7,32
1,<environment.Job instance at 0x7f43003432d0>,25,13,[7 2],26,32,45,6,32
1,<environment.Job instance at 0x7f4300343960>,26,3,[8 2],27,45,48,18,45
1,<environment.Job instance at 0x7f43011f7460>,27,17,[7 2],28,46,63,18,46
1,<environment.Job instance at 0x7f4300f37b90>,28,3,[5 3],29,48,51,19,48
1,<environment.Job instance at 0x7f430181a190>,30,3,[1 9],31,51,54,20,51
1,<environment.Job instance at 0x7f43009cfa00>,31,13,[4 6],32,54,67,22,54
1,<environment.Job instance at 0x7f43011ed1e0>,33,12,[7 4],34,63,75,29,63
1,<environment.Job instance at 0x7f4300e77320>,34,1,[4 5],35,63,64,28,63
1,<environment.Job instance at 0x7f4300b21050>,4,15,[8 4],5,67,82,62,67
1,<environment.Job instance at 0x7f4300f60370>,38,18,[7 3],39,75,93,36,75
1,<environment.Job instance at 0x7f43007b6230>,13,21,[8 3],14,82,103,68,82
1,<environment.Job instance at 0x7f43011990a0>,43,12,[8 1],44,104,116,60,104
1,<environment.Job instance at 0x7f430a50e730>,45,22,[5 5],46,105,127,59,105
1,<environment.Job instance at 0x7f4309ed4b40>,46,3,[7 5],47,116,119,69,116
1,<environment.Job instance at 0x7f4300480be0>,47,14,[4 9],48,119,133,71,119
1,<environment.Job instance at 0x7f430a50efa0>,44,14,[10  2],45,128,142,83,128
1,<environment.Job instance at 0x7f43019432d0>,52,15,[3 9],53,133,148,80,133
1,<environment.Job instance at 0x7f4301943730>,53,15,[5 5],54,142,157,88,142
1,<environment.Job instance at 0x7f4301943500>,54,3,[8 5],55,148,151,93,148
1,<environment.Job instance at 0x7f43000e1c80>,7,3,[10  4],8,9,12,1,9
1,<environment.Job instance at 0x7f43001b3500>,8,13,[8 4],9,14,27,5,14
1,<environment.Job instance at 0x7f43000e10f0>,13,3,[4 9],14,14,17,0,14
1,<environment.Job instance at 0x7f43000e19b0>,14,13,[8 2],15,27,40,12,15
1,<environment.Job instance at 0x7f43000e1cd0>,15,13,[12  1],16,40,53,24,24
1,<environment.Job instance at 0x7f4300197a00>,19,20,[8 1],20,53,73,33,44
1,<environment.Job instance at 0x7f4300197fa0>,27,1,[ 2 10],28,72,73,44,72
1,<environment.Job instance at 0x7f4300197730>,31,15,[6 1],32,73,88,41,72
1,<environment.Job instance at 0x7f4300197370>,38,1,[5 5],39,84,85,45,84
1,<environment.Job instance at 0x7f4300156c80>,43,2,[8 2],44,85,87,41,84
1,<environment.Job instance at 0x7f4300156370>,53,1,[10  5],54,88,89,34,84
1,<environment.Job instance at 0x7f43001561e0>,60,2,[14  3],61,89,91,28,84
1,<environment.Job instance at 0x7f4300197410>,23,14,[5 1],24,129,143,105,129
1,<environment.Job instance at 0x7f43011bf780>,1,15,[9 2],2,2,17,0,2
1,<environment.Job instance at 0x7f4301943910>,11,22,[ 5 10],12,12,34,0,12
1,<environment.Job instance at 0x7f43019437d0>,7,3,[10  4],8,17,20,9,17
1,<environment.Job instance at 0x7f43011bf410>,8,13,[8 4],9,20,33,11,20
1,<environment.Job instance at 0x7f43019438c0>,14,13,[8 2],15,33,46,18,33
1,<environment.Job instance at 0x7f4300349f00>,22,2,[1 9],23,34,36,11,34
1,<environment.Job instance at 0x7f43003496e0>,23,14,[5 1],24,34,48,10,34
1,<environment.Job instance at 0x7f43003597d0>,27,1,[ 2 10],28,36,37,8,36
1,<environment.Job instance at 0x7f4301943370>,13,3,[4 9],14,46,49,32,46
1,<environment.Job instance at 0x7f430066ac30>,31,15,[6 1],32,46,61,14,46
1,<environment.Job instance at 0x7f4300363f50>,37,14,[ 4 10],38,49,63,11,49
1,<environment.Job instance at 0x7f4300363140>,38,1,[5 5],39,61,62,22,61
1,<environment.Job instance at 0x7f4300371780>,40,16,[9 2],41,62,78,21,62
1,<environment.Job instance at 0x7f4300363fa0>,36,18,[3 5],37,63,81,26,63
1,<environment.Job instance at 0x7f43003715a0>,43,2,[8 2],44,78,80,34,78
1,<environment.Job instance at 0x7f4300364d70>,46,12,[1 9],47,80,92,33,80
1,<environment.Job instance at 0x7f4300359f00>,30,18,[8 1],31,80,98,49,80
1,<environment.Job instance at 0x7f4300d64a50>,52,16,[6 5],53,81,97,28,81
1,<environment.Job instance at 0x7f430037c320>,53,1,[10  5],54,98,99,44,98
1,<environment.Job instance at 0x7f4300d64910>,49,16,[9 4],50,99,115,49,99
1,<environment.Job instance at 0x7f430037c6e0>,55,21,[ 1 10],56,99,120,43,99
1,<environment.Job instance at 0x7f4300349780>,24,17,[9 2],25,115,132,90,115
1,<environment.Job instance at 0x7f4300339870>,57,19,[3 8],58,121,140,63,121
1,<environment.Job instance at 0x7f4300339b90>,58,16,[8 3],59,132,148,73,132
1,<environment.Job instance at 0x7f43003ffd20>,62,1,[5 9],63,140,141,77,140
1,<environment.Job instance at 0x7f43003ff190>,63,14,[ 1 10],64,141,155,77,141
1,<environment.Job instance at 0x7f430037cdc0>,54,17,[10  4],55,148,165,93,148
1,<environment.Job instance at 0x7f43013dc370>,0,15,[2 6],1,1,16,0,1
1,<environment.Job instance at 0x7f43013dc910>,7,13,[ 5 14],8,16,29,8,11
1,<environment.Job instance at 0x7f43013dcfa0>,11,17,[ 1 11],12,29,46,17,17
1,<environment.Job instance at 0x7f43013dcf00>,13,1,[ 4 13],14,46,47,32,18
1,<environment.Job instance at 0x7f43013dc4b0>,14,3,[ 5 13],15,47,50,32,21
1,<environment.Job instance at 0x7f43013dc500>,19,3,[8 2],20,29,32,9,22
1,<environment.Job instance at 0x7f43013dc0f0>,16,1,[ 1 14],17,50,51,33,23
1,<environment.Job instance at 0x7f43013dc690>,12,12,[2 9],13,51,63,38,40
1,<environment.Job instance at 0x7f4300f442d0>,32,22,[7 1],33,40,62,7,40
1,<environment.Job instance at 0x7f4300f44b40>,31,12,[ 1 10],32,63,75,31,48
1,<environment.Job instance at 0x7f4300f44a00>,33,21,[11  1],34,62,83,28,54
1,<environment.Job instance at 0x7f4300f44aa0>,35,18,[11  1],36,83,101,47,72
1,<environment.Job instance at 0x7f4300f44780>,36,13,[3 9],37,75,88,38,72
1,<environment.Job instance at 0x7f4300f44230>,37,15,[2 7],38,88,103,50,74
1,<environment.Job instance at 0x7f43008e3370>,43,12,[4 6],44,101,113,57,87
1,<environment.Job instance at 0x7f43008e3be0>,41,3,[3 6],42,103,106,61,90
1,<environment.Job instance at 0x7f43008e3cd0>,44,22,[6 1],45,101,123,56,94
1,<environment.Job instance at 0x7f43008e3a50>,47,18,[7 1],48,113,131,65,102
1,<environment.Job instance at 0x7f43008e3d20>,48,1,[7 3],49,123,124,74,102
1,<environment.Job instance at 0x7f43008e37d0>,50,2,[3 7],51,106,108,55,103
1,<environment.Job instance at 0x7f43008e3f00>,49,21,[5 5],50,124,145,74,117
1,<environment.Job instance at 0x7f43008e3b90>,53,13,[5 8],54,131,144,77,120
1,<environment.Job instance at 0x7f43008e3870>,56,1,[9 1],57,144,145,87,120
1,<environment.Job instance at 0x7f43008e32d0>,57,12,[11  4],58,145,157,87,128
1,<environment.Job instance at 0x7f4300d81cd0>,58,3,[ 4 10],59,145,148,86,128
1,<environment.Job instance at 0x7f4300d81370>,60,3,[14  2],61,157,160,96,131
1,<environment.Job instance at 0x7f4300d810a0>,59,2,[12  3],60,160,162,100,134
1,<environment.Job instance at 0x7f43008e3050>,42,12,[5 8],43,162,174,119,145
1,<environment.Job instance at 0x7f4301823f50>,0,15,[2 6],1,1,16,0,1
1,<environment.Job instance at 0x7f43007ca5a0>,2,18,[10  2],3,3,21,0,3
1,<environment.Job instance at 0x7f4300318b40>,12,12,[2 9],13,16,28,3,16
1,<environment.Job instance at 0x7f4309f334b0>,19,3,[8 2],20,21,24,1,21
1,<environment.Job instance at 0x7f4300c70aa0>,15,13,[10  3],16,24,37,8,24
1,<environment.Job instance at 0x7f43009cf2d0>,18,14,[1 7],19,28,42,9,28
1,<environment.Job instance at 0x7f4300322a50>,28,18,[5 6],29,37,55,8,37
1,<environment.Job instance at 0x7f43014727d0>,5,22,[8 1],6,37,59,31,37
1,<environment.Job instance at 0x7f4300863870>,31,12,[ 1 10],32,55,67,23,55
1,<environment.Job instance at 0x7f430065ea50>,25,18,[10  5],26,59,77,33,59
1,<environment.Job instance at 0x7f43007cd230>,36,13,[3 9],37,67,80,30,67
1,<environment.Job instance at 0x7f43003469b0>,38,3,[6 4],39,77,80,38,77
1,<environment.Job instance at 0x7f430037c1e0>,41,3,[3 6],42,80,83,38,80
1,<environment.Job instance at 0x7f430037ce10>,42,12,[5 8],43,80,92,37,80
1,<environment.Job instance at 0x7f430037c3c0>,43,12,[4 6],44,83,95,39,83
1,<environment.Job instance at 0x7f43003467d0>,37,15,[2 7],38,92,107,54,92
1,<environment.Job instance at 0x7f430037c4b0>,47,18,[7 1],48,92,110,44,92
1,<environment.Job instance at 0x7f430037cc80>,48,1,[7 3],49,107,108,58,107
1,<environment.Job instance at 0x7f4309f33a00>,20,18,[1 9],21,107,125,86,107
1,<environment.Job instance at 0x7f4301785780>,50,2,[3 7],51,125,127,74,125
1,<environment.Job instance at 0x7f43018c9b40>,53,13,[5 8],54,125,138,71,125
1,<environment.Job instance at 0x7f4301125730>,55,22,[8 3],56,128,150,72,128
1,<environment.Job instance at 0x7f4300863a00>,30,15,[ 4 10],31,138,153,107,138
1,<environment.Job instance at 0x7f43003752d0>,0,2,[7 2],1,1,3,0,1
1,<environment.Job instance at 0x7f4300375c80>,1,13,[5 6],2,2,15,0,2
1,<environment.Job instance at 0x7f4300855f50>,8,3,[5 7],9,9,12,0,9
1,<environment.Job instance at 0x7f4300855960>,22,2,[10  4],23,24,26,1,24
1,<environment.Job instance at 0x7f4300855820>,26,1,[4 9],27,27,28,0,27
1,<environment.Job instance at 0x7f4300855050>,11,3,[ 1 11],12,28,31,16,28
1,<environment.Job instance at 0x7f43008552d0>,23,22,[ 2 12],24,31,53,7,29
1,<environment.Job instance at 0x7f430118e050>,35,3,[6 5],36,53,56,17,36
1,<environment.Job instance at 0x7f4300855c30>,13,13,[9 3],14,38,51,24,38
1,<environment.Job instance at 0x7f430118eb90>,38,15,[3 9],39,53,68,14,39
1,<environment.Job instance at 0x7f430118e550>,29,13,[9 5],30,56,69,26,51
1,<environment.Job instance at 0x7f430118e640>,37,3,[9 1],38,69,72,31,51
1,<environment.Job instance at 0x7f430186c280>,43,1,[ 2 13],44,69,70,25,51
1,<environment.Job instance at 0x7f430186c050>,44,1,[1 8],45,68,69,23,51
1,<environment.Job instance at 0x7f430186c820>,40,12,[5 4],41,70,82,29,61
1,<environment.Job instance at 0x7f43011abd20>,49,12,[6 5],50,72,84,22,65
1,<environment.Job instance at 0x7f430118eeb0>,28,22,[2 7],29,82,104,53,75
1,<environment.Job instance at 0x7f430079ff50>,51,3,[7 3],52,82,85,30,75
1,<environment.Job instance at 0x7f430079f050>,52,20,[8 5],53,85,105,32,76
1,<environment.Job instance at 0x7f430079fe10>,57,3,[4 5],58,104,107,46,85
1,<environment.Job instance at 0x7f430079f1e0>,59,3,[ 2 13],60,107,110,47,85
1,<environment.Job instance at 0x7f4300ac6370>,72,2,[14  1],73,110,112,37,89
1,<environment.Job instance at 0x7f43005abaf0>,0,2,[7 2],1,1,3,0,1
1,<environment.Job instance at 0x7f43005ab460>,1,13,[5 6],2,2,15,0,2
1,<environment.Job instance at 0x7f43012263c0>,2,22,[3 6],3,3,25,0,3
1,<environment.Job instance at 0x7f4300349a00>,5,15,[7 3],6,6,21,0,6
1,<environment.Job instance at 0x7f43017c01e0>,14,1,[1 7],15,21,22,6,21
1,<environment.Job instance at 0x7f43003497d0>,8,3,[5 7],9,22,25,13,22
1,<environment.Job instance at 0x7f43005dec80>,18,12,[2 5],19,25,37,6,25
1,<environment.Job instance at 0x7f4300363f50>,22,2,[10  4],23,25,27,2,25
1,<environment.Job instance at 0x7f4300378a00>,26,1,[4 9],27,27,28,0,27
1,<environment.Job instance at 0x7f4301226640>,3,13,[9 3],4,28,41,24,28
1,<environment.Job instance at 0x7f43005de230>,17,13,[4 8],18,37,50,19,37
1,<environment.Job instance at 0x7f4301166500>,29,13,[9 5],30,41,54,11,41
1,<environment.Job instance at 0x7f43004fff00>,31,2,[4 9],32,50,52,18,50
1,<environment.Job instance at 0x7f430141f0a0>,35,3,[6 5],36,52,55,16,52
1,<environment.Job instance at 0x7f4301163410>,37,3,[9 1],38,54,57,16,54
1,<environment.Job instance at 0x7f4309f424b0>,30,15,[ 4 10],31,55,70,24,55
1,<environment.Job instance at 0x7f43003df5f0>,40,12,[5 4],41,57,69,16,57
1,<environment.Job instance at 0x7f43003df780>,42,13,[8 3],43,69,82,26,69
1,<environment.Job instance at 0x7f43003df2d0>,44,1,[1 8],45,70,71,25,70
1,<environment.Job instance at 0x7f430065cd20>,49,12,[6 5],50,71,83,21,71
1,<environment.Job instance at 0x7f430a5e8be0>,51,3,[7 3],52,82,85,30,82
1,<environment.Job instance at 0x7f430141faa0>,38,15,[3 9],39,84,99,45,84
1,<environment.Job instance at 0x7f4301125960>,53,12,[5 3],54,84,96,30,84
1,<environment.Job instance at 0x7f430037c4b0>,57,3,[4 5],58,96,99,38,96
1,<environment.Job instance at 0x7f4300d5a550>,13,13,[9 3],14,100,113,86,100
1,<environment.Job instance at 0x7f4300378a50>,33,18,[ 2 10],34,101,119,67,101
1,<environment.Job instance at 0x7f4300363fa0>,21,17,[8 5],22,113,130,91,113
1,<environment.Job instance at 0x7f4300b27730>,63,14,[7 2],64,119,133,55,119
1,<environment.Job instance at 0x7f4300863870>,69,15,[3 8],70,130,145,60,130
1,<environment.Job instance at 0x7f430037c7d0>,62,14,[9 2],63,133,147,70,133
1,<environment.Job instance at 0x7f4300322a50>,70,14,[4 9],71,146,160,75,146
1,<environment.Job instance at 0x7f4300310690>,73,18,[10  4],74,147,165,73,147
1,<environment.Job instance at 0x7f43015ae550>,1,12,[7 2],2,2,14,0,2
1,<environment.Job instance at 0x7f43015ae410>,2,3,[1 7],3,3,6,0,3
1,<environment.Job instance at 0x7f43015aef00>,3,16,[3 5],4,4,20,0,4
1,<environment.Job instance at 0x7f43015ae280>,4,3,[ 2 11],5,20,23,15,5
1,<environment.Job instance at 0x7f43015ae6e0>,7,3,[6 3],8,14,17,6,8
1,<environment.Job instance at 0x7f43015ae960>,11,1,[ 3 13],12,23,24,11,12
1,<environment.Job instance at 0x7f4309f00550>,16,16,[5 2],17,18,34,1,18
1,<environment.Job instance at 0x7f43015ae500>,15,13,[5 8],16,24,37,8,20
1,<environment.Job instance at 0x7f4309f005f0>,19,12,[7 5],20,34,46,14,20
1,<environment.Job instance at 0x7f4309f00a00>,23,2,[14  4],24,46,48,22,25
1,<environment.Job instance at 0x7f43001ab7d0>,0,21,[4 8],1,1,22,0,1
1,<environment.Job instance at 0x7f43001abf00>,1,12,[7 2],2,2,14,0,2
1,<environment.Job instance at 0x7f43001abb90>,3,16,[3 5],4,4,20,0,4
1,<environment.Job instance at 0x7f43014a4500>,2,3,[1 7],3,20,23,17,20
1,<environment.Job instance at 0x7f43014a4410>,7,3,[6 3],8,22,25,14,22
1,<environment.Job instance at 0x7f4301484d20>,15,13,[5 8],16,23,36,7,23
1,<environment.Job instance at 0x7f430149de60>,19,12,[7 5],20,25,37,5,25
1,<environment.Job instance at 0x7f4301484870>,14,14,[ 4 10],15,36,50,21,36
1,<environment.Job instance at 0x7f430027f910>,24,12,[5 1],25,37,49,12,37
1,<environment.Job instance at 0x7f4301484460>,16,16,[5 2],17,37,53,20,37
1,<environment.Job instance at 0x7f4300273b40>,36,1,[1 9],37,50,51,13,50
1,<environment.Job instance at 0x7f4300273cd0>,38,1,[1 5],39,51,52,12,51
1,<environment.Job instance at 0x7f43002636e0>,39,12,[6 5],40,51,63,11,51
1,<environment.Job instance at 0x7f43001a7820>,9,15,[1 8],10,52,67,42,52
1,<environment.Job instance at 0x7f430149df00>,20,14,[7 5],21,63,77,42,63
1,<environment.Job instance at 0x7f43014757d0>,44,2,[7 4],45,67,69,22,67
1,<environment.Job instance at 0x7f4301068190>,45,2,[2 6],46,69,71,23,69
1,<environment.Job instance at 0x7f430090b140>,46,15,[1 8],47,71,86,24,71
1,<environment.Job instance at 0x7f4300263eb0>,41,15,[9 1],42,77,92,35,77
1,<environment.Job instance at 0x7f43002747d0>,50,14,[5 3],51,77,91,26,77
1,<environment.Job instance at 0x7f430147efa0>,27,17,[1 7],28,86,103,58,86
1,<environment.Job instance at 0x7f430179e820>,58,15,[5 7],59,92,107,33,92
1,<environment.Job instance at 0x7f430105e690>,61,13,[5 4],62,103,116,41,103
1,<environment.Job instance at 0x7f43010849b0>,56,18,[5 3],57,103,121,46,103
1,<environment.Job instance at 0x7f430149d460>,18,15,[ 3 10],19,116,131,97,116
1,<environment.Job instance at 0x7f4301475640>,43,16,[8 4],44,121,137,77,121
1,<environment.Job instance at 0x7f4300553f50>,67,13,[ 2 10],68,131,144,63,131
1,<environment.Job instance at 0x7f4300553b90>,70,13,[6 5],71,137,150,66,137
1,<environment.Job instance at 0x7f43005539b0>,72,3,[9 4],73,144,147,71,144
1,<environment.Job instance at 0x7f43004d3e60>,69,14,[6 2],70,147,161,77,147
1,<environment.Job instance at 0x7f43008c15f0>,1,2,[8 2],2,2,4,0,2
1,<environment.Job instance at 0x7f43008c12d0>,5,15,[7 1],6,6,21,0,6
1,<environment.Job instance at 0x7f43008c1280>,6,1,[8 1],7,7,8,0,7
1,<environment.Job instance at 0x7f43008c1fa0>,7,12,[8 4],8,8,20,0,8
1,<environment.Job instance at 0x7f43008c1a00>,8,2,[4 7],9,20,22,11,9
1,<environment.Job instance at 0x7f43008c1be0>,10,1,[9 5],11,21,22,10,11
1,<environment.Job instance at 0x7f4300e2c690>,3,17,[3 5],4,22,39,18,13
1,<environment.Job instance at 0x7f43008cfbe0>,15,1,[3 9],16,22,23,6,16
1,<environment.Job instance at 0x7f43008cf960>,13,16,[ 1 10],14,23,39,9,18
1,<environment.Job instance at 0x7f43008cf230>,17,16,[1 6],18,39,55,21,27
1,<environment.Job instance at 0x7f43008cfb40>,24,3,[14  3],25,39,42,14,27
1,<environment.Job instance at 0x7f43008cf190>,26,14,[4 7],27,42,56,15,27
1,<environment.Job instance at 0x7f43008fd3c0>,28,1,[3 9],29,56,57,27,29
1,<environment.Job instance at 0x7f43008cfe60>,21,18,[9 3],22,55,73,33,46
1,<environment.Job instance at 0x7f43008fdcd0>,30,3,[12  1],31,73,76,42,54
1,<environment.Job instance at 0x7f43008cf550>,18,12,[2 8],19,72,84,53,72
1,<environment.Job instance at 0x7f43008fd5f0>,31,14,[5 6],32,76,90,44,72
1,<environment.Job instance at 0x7f43008fdc80>,33,1,[3 9],34,84,85,50,72
1,<environment.Job instance at 0x7f43008fdd70>,34,17,[ 5 14],35,90,107,55,78
1,<environment.Job instance at 0x7f43008fde10>,35,3,[8 2],36,85,88,49,81
1,<environment.Job instance at 0x7f43008d16e0>,39,2,[14  1],40,107,109,67,81
1,<environment.Job instance at 0x7f43008d1e60>,40,18,[8 2],41,109,127,68,98
1,<environment.Job instance at 0x7f43008fd460>,32,24,[ 2 12],33,109,133,76,104
1,<environment.Job instance at 0x7f43008d12d0>,42,12,[12  5],43,133,145,90,116
1,<environment.Job instance at 0x7f43008d1960>,43,13,[ 2 10],44,133,146,89,121
1,<environment.Job instance at 0x7f43008d1d20>,45,3,[6 4],46,145,148,99,125
1,<environment.Job instance at 0x7f43008d1dc0>,44,14,[12  2],45,148,162,103,133
1,<environment.Job instance at 0x7f43008d10a0>,46,15,[ 1 12],47,148,163,101,135
1,<environment.Job instance at 0x7f43008d1a00>,41,12,[ 4 12],42,163,175,121,147
1,<environment.Job instance at 0x7f4300de1af0>,1,2,[8 2],2,2,4,0,2
1,<environment.Job instance at 0x7f430097eb40>,3,17,[3 5],4,4,21,0,4
1,<environment.Job instance at 0x7f43003bd9b0>,5,15,[7 1],6,6,21,0,6
1,<environment.Job instance at 0x7f43016a34b0>,8,2,[4 7],9,9,11,0,9
1,<environment.Job instance at 0x7f430022c0a0>,9,22,[4 8],10,11,33,1,11
1,<environment.Job instance at 0x7f4300b9acd0>,6,1,[8 1],7,21,22,14,21
1,<environment.Job instance at 0x7f4300df0aa0>,10,1,[9 5],11,22,23,11,22
1,<environment.Job instance at 0x7f430097e7d0>,7,12,[8 4],8,23,35,15,23
1,<environment.Job instance at 0x7f4301773780>,15,1,[3 9],16,33,34,17,33
1,<environment.Job instance at 0x7f4300828190>,18,12,[2 8],19,34,46,15,34
1,<environment.Job instance at 0x7f43017a1230>,17,16,[1 6],18,35,51,17,35
1,<environment.Job instance at 0x7f430056c1e0>,22,16,[3 8],23,46,62,23,46
1,<environment.Job instance at 0x7f43004c8c80>,23,14,[6 2],24,51,65,27,51
1,<environment.Job instance at 0x7f4301773050>,16,17,[5 4],17,51,68,34,51
1,<environment.Job instance at 0x7f4300cde910>,28,1,[3 9],29,62,63,33,62
1,<environment.Job instance at 0x7f430094f2d0>,26,14,[4 7],27,63,77,36,63
1,<environment.Job instance at 0x7f430097af50>,31,14,[5 6],32,68,82,36,68
1,<environment.Job instance at 0x7f43009788c0>,33,1,[3 9],34,77,78,43,77
1,<environment.Job instance at 0x7f43009595f0>,35,3,[8 2],36,78,81,42,78
1,<environment.Job instance at 0x7f4300550dc0>,38,13,[1 7],39,78,91,39,78
1,<environment.Job instance at 0x7f4300550690>,40,18,[8 2],41,81,99,40,81
1,<environment.Job instance at 0x7f4300978370>,36,16,[3 6],37,82,98,45,82
1,<environment.Job instance at 0x7f43015c1d70>,45,3,[6 4],46,98,101,52,98
1,<environment.Job instance at 0x7f43015c1910>,43,13,[ 2 10],44,99,112,55,99
1,<environment.Job instance at 0x7f43015c1140>,47,15,[9 4],48,101,116,53,101
1,<environment.Job instance at 0x7f4300552a00>,52,3,[5 5],53,112,115,59,112
1,<environment.Job instance at 0x7f43016d0230>,13,16,[ 1 10],14,115,131,101,115
1,<environment.Job instance at 0x7f430018da50>,50,15,[7 4],51,116,131,65,116
1,<environment.Job instance at 0x7f430179a820>,62,3,[5 1],63,132,135,69,132
1,<environment.Job instance at 0x7f430097f370>,56,16,[ 3 10],57,132,148,75,132
1,<environment.Job instance at 0x7f430097fa00>,58,19,[6 4],59,132,151,73,132
1,<environment.Job instance at 0x7f4300933cd0>,66,1,[2 7],67,148,149,81,148
1,<environment.Job instance at 0x7f4300933690>,65,2,[5 6],66,149,151,83,149
1,<environment.Job instance at 0x7f430147dd70>,0,14,[7 5],1,1,15,0,1
1,<environment.Job instance at 0x7f430060ce60>,2,12,[3 9],3,3,15,0,3
1,<environment.Job instance at 0x7f430060c730>,4,1,[6 1],5,15,16,10,5
1,<environment.Job instance at 0x7f430060c3c0>,7,3,[6 1],8,15,18,7,8
1,<environment.Job instance at 0x7f430060caa0>,8,16,[5 5],9,16,32,7,9
1,<environment.Job instance at 0x7f430060cbe0>,9,1,[9 3],10,18,19,8,10
1,<environment.Job instance at 0x7f430119de60>,15,3,[14  5],16,32,35,16,18
1,<environment.Job instance at 0x7f430119d6e0>,16,1,[8 1],17,19,20,2,19
1,<environment.Job instance at 0x7f430159dfa0>,0,14,[7 5],1,1,15,0,1
1,<environment.Job instance at 0x7f430159d550>,2,12,[3 9],3,3,15,0,3
1,<environment.Job instance at 0x7f430159d780>,4,1,[6 1],5,15,16,10,15
1,<environment.Job instance at 0x7f430159d5f0>,9,1,[9 3],10,15,16,5,15
1,<environment.Job instance at 0x7f430159de60>,7,3,[6 1],8,16,19,8,16
1,<environment.Job instance at 0x7f430159deb0>,14,15,[2 8],15,16,31,1,16
1,<environment.Job instance at 0x7f430159d230>,8,16,[5 5],9,16,32,7,16
1,<environment.Job instance at 0x7f430a443f00>,16,1,[8 1],17,19,20,2,19
1,<environment.Job instance at 0x7f4300e766e0>,21,3,[2 9],22,31,34,9,31
1,<environment.Job instance at 0x7f4300fd1550>,19,13,[9 4],20,32,45,12,32
1,<environment.Job instance at 0x7f43019849b0>,27,14,[5 5],28,34,48,6,34
1,<environment.Job instance at 0x7f4300d56c30>,23,16,[1 6],24,34,50,10,34
1,<environment.Job instance at 0x7f4301984cd0>,29,1,[8 3],30,45,46,15,45
1,<environment.Job instance at 0x7f430090f3c0>,34,3,[8 3],35,46,49,11,46
1,<environment.Job instance at 0x7f430159db40>,12,16,[4 6],13,48,64,35,48
1,<environment.Job instance at 0x7f430179a0a0>,39,2,[9 2],40,49,51,9,49
1,<environment.Job instance at 0x7f43015c1a00>,44,15,[3 7],45,51,66,6,51
1,<environment.Job instance at 0x7f4300550f00>,46,15,[7 2],47,51,66,4,51
1,<environment.Job instance at 0x7f43011bf410>,31,3,[ 4 10],32,66,69,34,66
1,<environment.Job instance at 0x7f43016d0230>,48,15,[8 2],49,66,81,17,66
1,<environment.Job instance at 0x7f4300550dc0>,45,15,[6 4],46,69,84,23,69
1,<environment.Job instance at 0x7f4300ac6820>,58,2,[8 4],59,81,83,22,81
1,<environment.Job instance at 0x7f4300ac6f50>,60,3,[6 3],61,83,86,22,83
1,<environment.Job instance at 0x7f430a1192d0>,62,12,[ 5 10],63,84,96,21,84
1,<environment.Job instance at 0x7f4301797aa0>,32,15,[8 2],33,87,102,54,87
1,<environment.Job instance at 0x7f430119d0f0>,61,18,[1 9],62,97,115,35,97
1,<environment.Job instance at 0x7f4300237aa0>,68,3,[4 6],69,102,105,33,102
1,<environment.Job instance at 0x7f4300e76f50>,24,16,[10  1],25,105,121,80,105
1,<environment.Job instance at 0x7f430060cd70>,64,20,[1 5],65,105,125,40,105
1,<environment.Job instance at 0x7f43002375a0>,71,3,[3 8],72,115,118,43,115
1,<environment.Job instance at 0x7f4300237a00>,75,12,[2 6],76,118,130,42,118
1,<environment.Job instance at 0x7f4300237d70>,76,13,[7 2],77,121,134,44,121
1,<environment.Job instance at 0x7f4300237050>,66,20,[6 5],67,125,145,58,125
1,<environment.Job instance at 0x7f4300237be0>,80,2,[4 8],81,134,136,53,134
1,<environment.Job instance at 0x7f4300237410>,74,17,[8 1],75,136,153,61,136
1,<environment.Job instance at 0x7f43000d25a0>,2,2,[8 4],3,3,5,0,3
1,<environment.Job instance at 0x7f43000d2140>,3,14,[ 4 10],4,4,18,0,4
1,<environment.Job instance at 0x7f4300d53500>,10,3,[6 4],11,11,14,0,11
1,<environment.Job instance at 0x7f4300d48b90>,0,18,[5 6],1,1,19,0,1
1,<environment.Job instance at 0x7f4301270eb0>,2,2,[8 4],3,3,5,0,3
1,<environment.Job instance at 0x7f4300c67a50>,5,20,[1 6],6,6,26,0,6
1,<environment.Job instance at 0x7f43012f00f0>,10,3,[6 4],11,19,22,8,19
1,<environment.Job instance at 0x7f4301772870>,13,1,[8 2],14,19,20,5,19
1,<environment.Job instance at 0x7f43012f0be0>,15,14,[7 3],16,20,34,4,20
1,<environment.Job instance at 0x7f430158a0f0>,17,3,[ 2 10],18,26,29,8,26
1,<environment.Job instance at 0x7f4300483910>,3,14,[ 4 10],4,29,43,25,29
1,<environment.Job instance at 0x7f43015aa2d0>,22,13,[6 2],23,34,47,11,34
1,<environment.Job instance at 0x7f430127eaa0>,26,2,[ 1 10],27,43,45,16,43
1,<environment.Job instance at 0x7f430127ef00>,27,1,[4 7],28,45,46,17,45
1,<environment.Job instance at 0x7f4301885d20>,29,15,[8 4],30,46,61,16,46
1,<environment.Job instance at 0x7f4301885550>,30,18,[7 3],31,47,65,16,47
1,<environment.Job instance at 0x7f4300c492d0>,31,17,[1 7],32,61,78,29,61
1,<environment.Job instance at 0x7f43017e7280>,32,14,[7 2],33,61,75,28,61
1,<environment.Job instance at 0x7f43003070a0>,12,15,[9 4],13,75,90,62,75
1,<environment.Job instance at 0x7f43017e7780>,34,18,[4 5],35,78,96,43,78
1,<environment.Job instance at 0x7f4301318500>,35,1,[10  1],36,90,91,54,90
1,<environment.Job instance at 0x7f430083a410>,37,12,[10  1],38,91,103,53,91
1,<environment.Job instance at 0x7f4301318cd0>,38,12,[4 6],39,96,108,57,96
1,<environment.Job instance at 0x7f4301318d70>,40,16,[1 9],41,103,119,62,103
1,<environment.Job instance at 0x7f430130f370>,41,13,[2 6],42,108,121,66,108
1,<environment.Job instance at 0x7f43012edaa0>,43,16,[8 4],44,119,135,75,119
1,<environment.Job instance at 0x7f4301318730>,36,15,[ 3 10],37,121,136,84,121
1,<environment.Job instance at 0x7f430130f460>,44,13,[10  1],45,135,148,90,135
1,<environment.Job instance at 0x7f4301317b40>,47,17,[5 4],48,137,154,89,137
1,<environment.Job instance at 0x7f4301270dc0>,6,18,[3 8],7,149,167,142,149
1,<environment.Job instance at 0x7f4300481230>,0,1,[7 3],1,1,2,0,1
1,<environment.Job instance at 0x7f4300481730>,2,13,[6 3],3,3,16,0,3
1,<environment.Job instance at 0x7f43004810a0>,3,3,[13  4],4,16,19,12,4
1,<environment.Job instance at 0x7f4300481d20>,4,23,[1 9],5,5,28,0,5
1,<environment.Job instance at 0x7f4301012910>,17,23,[6 1],18,19,42,1,18
1,<environment.Job instance at 0x7f43010120a0>,21,13,[5 1],22,22,35,0,22
1,<environment.Job instance at 0x7f4301012820>,22,1,[ 2 11],23,28,29,5,23
1,<environment.Job instance at 0x7f4300829d20>,29,3,[ 3 12],30,30,33,0,30
1,<environment.Job instance at 0x7f4301012230>,27,14,[5 4],28,35,49,7,31
1,<environment.Job instance at 0x7f4300829d70>,33,13,[6 1],34,42,55,8,35
1,<environment.Job instance at 0x7f4300829550>,36,12,[7 4],37,49,61,12,40
1,<environment.Job instance at 0x7f4300829af0>,39,12,[2 9],40,40,52,0,40
1,<environment.Job instance at 0x7f4300829fa0>,40,3,[5 1],41,55,58,14,41
1,<environment.Job instance at 0x7f430083ab40>,42,15,[2 9],43,52,67,9,48
1,<environment.Job instance at 0x7f4300787a00>,0,1,[7 3],1,1,2,0,1
1,<environment.Job instance at 0x7f43007c7e10>,2,13,[6 3],3,3,16,0,3
1,<environment.Job instance at 0x7f43007c7370>,5,18,[ 2 10],6,6,24,0,6
1,<environment.Job instance at 0x7f43007c7eb0>,7,16,[8 2],8,16,32,8,16
1,<environment.Job instance at 0x7f430131eaa0>,18,12,[5 9],19,24,36,5,24
1,<environment.Job instance at 0x7f4300e0f690>,12,13,[10  2],13,32,45,19,32
1,<environment.Job instance at 0x7f43008297d0>,21,13,[5 1],22,36,49,14,36
1,<environment.Job instance at 0x7f4300c5a050>,24,16,[ 3 10],25,45,61,20,45
1,<environment.Job instance at 0x7f4300c6b780>,13,17,[7 3],14,45,62,31,45
1,<environment.Job instance at 0x7f4300c5a3c0>,27,14,[5 4],28,61,75,33,61
1,<environment.Job instance at 0x7f43012711e0>,8,18,[2 5],9,61,79,52,61
1,<environment.Job instance at 0x7f4300481eb0>,36,12,[7 4],37,62,74,25,62
1,<environment.Job instance at 0x7f4300481aa0>,33,13,[6 1],34,74,87,40,74
1,<environment.Job instance at 0x7f43015aa2d0>,11,18,[2 5],12,74,92,62,74
1,<environment.Job instance at 0x7f430100fc80>,40,3,[5 1],41,79,82,38,79
1,<environment.Job instance at 0x7f430100f7d0>,39,12,[2 9],40,82,94,42,82
1,<environment.Job instance at 0x7f43014e3820>,45,14,[10  5],46,92,106,46,92
1,<environment.Job instance at 0x7f43007ee960>,42,15,[2 9],43,94,109,51,94
1,<environment.Job instance at 0x7f4301012500>,19,18,[4 6],20,107,125,87,107
1,<environment.Job instance at 0x7f43013421e0>,48,14,[4 9],49,109,123,60,109
1,<environment.Job instance at 0x7f4300c5acd0>,28,16,[5 9],29,124,140,95,124
1,<environment.Job instance at 0x7f43001535a0>,49,17,[9 1],50,125,142,75,125
1,<environment.Job instance at 0x7f43007eeaa0>,44,18,[1 9],45,142,160,97,142
1,<environment.Job instance at 0x7f4301558f00>,52,20,[5 4],53,143,163,90,143
1,<environment.Job instance at 0x7f4300c95050>,3,25,[10  3],4,5,30,1,5
1,<environment.Job instance at 0x7f4300c953c0>,10,1,[14  3],11,30,31,19,11
1,<environment.Job instance at 0x7f4300c955f0>,16,2,[12  1],17,31,33,14,17
1,<environment.Job instance at 0x7f4300c95870>,15,3,[7 1],16,33,36,17,18
1,<environment.Job instance at 0x7f4300c95a00>,20,12,[6 1],21,33,45,12,21
1,<environment.Job instance at 0x7f4300c95e10>,22,3,[ 2 12],23,23,26,0,23
1,<environment.Job instance at 0x7f4300c9c050>,25,2,[7 2],26,36,38,10,26
1,<environment.Job instance at 0x7f4300c9c0f0>,26,17,[4 5],27,38,55,11,27
1,<environment.Job instance at 0x7f4300c9c280>,27,13,[3 7],28,38,51,10,28
1,<environment.Job instance at 0x7f4300c9c3c0>,28,3,[5 2],29,45,48,16,29
1,<environment.Job instance at 0x7f4300c9c4b0>,29,1,[10  1],30,51,52,21,30
1,<environment.Job instance at 0x7f4300c9c6e0>,31,1,[ 3 14],32,55,56,23,35
1,<environment.Job instance at 0x7f4300c9c8c0>,35,16,[5 5],36,56,72,20,44
1,<environment.Job instance at 0x7f43004e1f50>,1,16,[10  2],2,2,18,0,2
1,<environment.Job instance at 0x7f43007a6460>,7,18,[4 5],8,8,26,0,8
1,<environment.Job instance at 0x7f43018a47d0>,15,3,[7 1],16,18,21,2,18
1,<environment.Job instance at 0x7f43007a6a50>,9,13,[7 4],10,21,34,11,21
1,<environment.Job instance at 0x7f430078c9b0>,13,13,[8 5],14,26,39,12,26
1,<environment.Job instance at 0x7f430177f6e0>,20,12,[6 1],21,34,46,13,34
1,<environment.Job instance at 0x7f43007a6aa0>,6,14,[8 2],7,39,53,32,39
1,<environment.Job instance at 0x7f43003adf00>,24,12,[3 6],25,46,58,21,46
1,<environment.Job instance at 0x7f43003b1870>,25,2,[7 2],26,53,55,27,53
1,<environment.Job instance at 0x7f43014cd8c0>,26,17,[4 5],27,53,70,26,53
1,<environment.Job instance at 0x7f4300497460>,11,16,[7 2],12,55,71,43,55
1,<environment.Job instance at 0x7f43003b1b40>,27,13,[3 7],28,58,71,30,58
1,<environment.Job instance at 0x7f43003b1e60>,28,3,[5 2],29,70,73,41,70
1,<environment.Job instance at 0x7f43014cdeb0>,29,1,[10  1],30,71,72,41,71
1,<environment.Job instance at 0x7f43003a34b0>,33,13,[ 3 10],34,72,85,38,72
1,<environment.Job instance at 0x7f43007a6af0>,5,22,[6 3],6,72,94,66,72
1,<environment.Job instance at 0x7f43010beeb0>,40,12,[5 4],41,85,97,44,85
1,<environment.Job instance at 0x7f43010be500>,41,13,[1 8],42,85,98,43,85
1,<environment.Job instance at 0x7f43003a36e0>,35,16,[5 5],36,97,113,61,97
1,<environment.Job instance at 0x7f430177f820>,23,17,[ 3 10],24,98,115,74,98
1,<environment.Job instance at 0x7f430177f460>,18,18,[5 4],19,113,131,94,113
1,<environment.Job instance at 0x7f43010be8c0>,45,1,[1 7],46,115,116,69,115
1,<environment.Job instance at 0x7f4301435f00>,48,15,[9 4],49,115,130,66,115
1,<environment.Job instance at 0x7f43007baeb0>,50,1,[7 1],51,130,131,79,130
1,<environment.Job instance at 0x7f43010bedc0>,43,17,[ 3 10],44,130,147,86,130
1,<environment.Job instance at 0x7f43007bab90>,53,15,[6 1],54,131,146,77,131
1,<environment.Job instance at 0x7f43010beb40>,49,17,[8 2],50,146,163,96,146
1,<environment.Job instance at 0x7f43007baf00>,52,12,[2 9],53,147,159,94,147
1,<environment.Job instance at 0x7f430154afa0>,60,15,[5 3],61,147,162,86,147
1,<environment.Job instance at 0x7f4301159be0>,2,1,[9 3],3,3,4,0,3
1,<environment.Job instance at 0x7f43002d7820>,4,1,[ 3 10],5,5,6,0,5
1,<environment.Job instance at 0x7f4301159280>,6,1,[5 4],7,7,8,0,7
1,<environment.Job instance at 0x7f43011592d0>,8,2,[7 5],9,9,11,0,9
1,<environment.Job instance at 0x7f43009ed3c0>,12,14,[2 7],13,13,27,0,13
1,<environment.Job instance at 0x7f43011590f0>,15,1,[3 5],16,17,18,1,17
1,<environment.Job instance at 0x7f43009ed640>,17,17,[4 5],18,18,35,0,18
1,<environment.Job instance at 0x7f43009ed6e0>,18,12,[5 8],19,27,39,8,20
1,<environment.Job instance at 0x7f43009edaa0>,20,15,[8 2],21,35,50,14,22
1,<environment.Job instance at 0x7f43009ed050>,16,19,[5 5],17,39,58,22,39
1,<environment.Job instance at 0x7f4300a8ac30>,23,18,[13  4],24,58,76,34,47
1,<environment.Job instance at 0x7f4300a8a280>,24,3,[1 6],25,50,53,25,50
1,<environment.Job instance at 0x7f43009edfa0>,21,15,[ 2 12],22,76,91,54,62
1,<environment.Job instance at 0x7f43009edc30>,14,25,[10  2],15,76,101,61,75
1,<environment.Job instance at 0x7f4300a8a5a0>,27,14,[ 3 10],28,91,105,63,80
1,<environment.Job instance at 0x7f4300a8aaf0>,28,13,[ 4 11],29,105,118,76,90
1,<environment.Job instance at 0x7f4300a8aa50>,29,3,[8 4],30,101,104,71,90
1,<environment.Job instance at 0x7f43009ed780>,19,24,[9 4],20,104,128,84,100
1,<environment.Job instance at 0x7f4300a8a780>,31,3,[11  2],32,128,131,96,102
1,<environment.Job instance at 0x7f4300a8a500>,26,17,[ 3 13],27,128,145,101,120
1,<environment.Job instance at 0x7f4300a8a410>,32,18,[6 1],33,131,149,98,120
1,<environment.Job instance at 0x7f4300a8a960>,33,14,[12  5],34,149,163,115,135
1,<environment.Job instance at 0x7f4300a8a730>,35,3,[1 8],36,145,148,109,135
1,<environment.Job instance at 0x7f4300a8ab40>,36,3,[10  1],37,163,166,126,137
1,<environment.Job instance at 0x7f4300a8a870>,37,12,[1 8],38,148,160,110,140
1,<environment.Job instance at 0x7f4300a8af00>,30,13,[ 5 11],31,163,176,132,147
1,<environment.Job instance at 0x7f4300c9c550>,2,1,[9 3],3,3,4,0,3
1,<environment.Job instance at 0x7f4300af4910>,3,14,[10  4],4,4,18,0,4
1,<environment.Job instance at 0x7f4300c9c910>,4,1,[ 3 10],5,5,6,0,5
1,<environment.Job instance at 0x7f4300ad70f0>,6,1,[5 4],7,7,8,0,7
1,<environment.Job instance at 0x7f4300ad7550>,7,22,[1 8],8,8,30,0,8
1,<environment.Job instance at 0x7f4300c6b780>,15,1,[3 5],16,18,19,2,18
1,<environment.Job instance at 0x7f4300c95640>,8,2,[7 5],9,19,21,10,19
1,<environment.Job instance at 0x7f4300afcf50>,5,13,[6 4],6,21,34,15,21
1,<environment.Job instance at 0x7f4301271be0>,18,12,[5 8],19,30,42,11,30
1,<environment.Job instance at 0x7f4301012cd0>,24,3,[1 6],25,34,37,9,34
1,<environment.Job instance at 0x7f43007c7230>,12,14,[2 7],13,37,51,24,37
1,<environment.Job instance at 0x7f430083a8c0>,29,3,[8 4],30,42,45,12,42
1,<environment.Job instance at 0x7f4301885550>,20,15,[8 2],21,45,60,24,45
1,<environment.Job instance at 0x7f43012711e0>,17,17,[4 5],18,45,62,27,45
1,<environment.Job instance at 0x7f430134c410>,35,3,[1 8],36,51,54,15,51
1,<environment.Job instance at 0x7f43001535a0>,36,3,[10  1],37,60,63,23,60
1,<environment.Job instance at 0x7f4300233410>,37,12,[1 8],38,60,72,22,60
1,<environment.Job instance at 0x7f430136cbe0>,39,17,[7 2],40,63,80,23,63
1,<environment.Job instance at 0x7f430100f190>,32,18,[6 1],33,63,81,30,63
1,<environment.Job instance at 0x7f4301558f00>,40,1,[2 8],41,72,73,31,72
1,<environment.Job instance at 0x7f4300397d70>,45,1,[2 7],46,73,74,27,73
1,<environment.Job instance at 0x7f4300c6ef00>,44,17,[2 8],45,74,91,29,74
1,<environment.Job instance at 0x7f430057a3c0>,50,17,[7 4],51,80,97,29,80
1,<environment.Job instance at 0x7f4300cdeb90>,43,2,[5 8],44,91,93,47,91
1,<environment.Job instance at 0x7f4300fe62d0>,46,12,[8 3],47,93,105,46,93
1,<environment.Job instance at 0x7f4300829320>,27,14,[ 3 10],28,97,111,69,97
1,<environment.Job instance at 0x7f4301597910>,60,1,[8 1],61,105,106,44,105
1,<environment.Job instance at 0x7f43002d38c0>,57,14,[7 2],58,106,120,48,106
1,<environment.Job instance at 0x7f43007ba820>,63,12,[3 6],64,111,123,47,111
1,<environment.Job instance at 0x7f43015975a0>,62,13,[3 7],63,111,124,48,111
1,<environment.Job instance at 0x7f43007bab40>,65,1,[7 5],66,123,124,57,123
1,<environment.Job instance at 0x7f4301597aa0>,59,16,[3 9],60,124,140,64,124
1,<environment.Job instance at 0x7f43007ba1e0>,66,17,[10  1],67,124,141,57,124
1,<environment.Job instance at 0x7f43007baeb0>,67,2,[1 9],68,140,142,72,140
1,<environment.Job instance at 0x7f4301435910>,68,16,[9 3],69,142,158,73,142
1,<environment.Job instance at 0x7f4300ccb410>,71,15,[1 5],72,142,157,70,142
1,<environment.Job instance at 0x7f43010be8c0>,72,12,[1 6],73,142,154,69,142
1,<environment.Job instance at 0x7f4300905a00>,1,1,[6 3],2,2,3,0,2
1,<environment.Job instance at 0x7f42fff88b40>,2,3,[ 2 10],3,3,6,0,3
1,<environment.Job instance at 0x7f42fff88c80>,6,16,[5 5],7,7,23,0,7
1,<environment.Job instance at 0x7f42fff88370>,7,18,[1 5],8,8,26,0,8
1,<environment.Job instance at 0x7f42fff88320>,9,17,[ 2 12],10,26,43,16,14
1,<environment.Job instance at 0x7f42fff887d0>,12,22,[5 1],13,22,44,9,22
1,<environment.Job instance at 0x7f4300959780>,14,14,[5 3],15,43,57,28,28
1,<environment.Job instance at 0x7f43003493c0>,16,1,[9 4],17,44,45,27,28
1,<environment.Job instance at 0x7f4300293910>,27,13,[7 4],28,45,58,17,33
1,<environment.Job instance at 0x7f43002935f0>,29,2,[ 5 11],30,57,59,27,33
1,<environment.Job instance at 0x7f43002f72d0>,36,2,[ 4 12],37,59,61,22,37
1,<environment.Job instance at 0x7f4300424140>,39,3,[3 8],40,45,48,5,40
1,<environment.Job instance at 0x7f430058f640>,41,13,[ 5 13],42,61,74,19,56
1,<environment.Job instance at 0x7f430058faf0>,40,25,[3 5],41,74,99,33,70
1,<environment.Job instance at 0x7f43002bb410>,43,14,[5 2],44,70,84,26,70
1,<environment.Job instance at 0x7f43002bbaa0>,42,26,[3 8],43,74,100,31,72
1,<environment.Job instance at 0x7f43002bb730>,52,3,[5 4],53,99,102,46,76
1,<environment.Job instance at 0x7f4300fd11e0>,54,2,[4 8],55,100,102,45,76
1,<environment.Job instance at 0x7f4300078be0>,60,2,[12  2],61,102,104,41,77
1,<environment.Job instance at 0x7f43007bf9b0>,1,1,[6 3],2,2,3,0,2
1,<environment.Job instance at 0x7f43007bf410>,2,3,[ 2 10],3,3,6,0,3
1,<environment.Job instance at 0x7f43007bf550>,3,18,[8 4],4,4,22,0,4
1,<environment.Job instance at 0x7f4301159d70>,6,16,[5 5],7,7,23,0,7
1,<environment.Job instance at 0x7f43013d00f0>,7,18,[1 5],8,8,26,0,8
1,<environment.Job instance at 0x7f4300a8a690>,10,14,[8 3],11,22,36,11,22
1,<environment.Job instance at 0x7f43007bf320>,11,14,[4 7],12,23,37,11,23
1,<environment.Job instance at 0x7f43003b1e60>,16,1,[9 4],17,36,37,19,36
1,<environment.Job instance at 0x7f430078c9b0>,14,14,[5 3],15,37,51,22,37
1,<environment.Job instance at 0x7f43003b1b90>,17,15,[ 5 10],18,37,52,19,37
1,<environment.Job instance at 0x7f430136cbe0>,20,17,[6 4],21,51,68,30,51
1,<environment.Job instance at 0x7f4300397eb0>,27,13,[7 4],28,52,65,24,52
1,<environment.Job instance at 0x7f430064e7d0>,31,16,[7 3],32,65,81,33,65
1,<environment.Job instance at 0x7f43002f7190>,34,17,[4 6],35,68,85,33,68
1,<environment.Job instance at 0x7f43009fe8c0>,25,17,[8 1],26,81,98,55,81
1,<environment.Job instance at 0x7f43001f4be0>,39,3,[3 8],40,81,84,41,81
1,<environment.Job instance at 0x7f430081ad70>,43,14,[5 2],44,85,99,41,85
1,<environment.Job instance at 0x7f430081a140>,47,15,[5 6],48,98,113,50,98
1,<environment.Job instance at 0x7f4300e0f690>,23,17,[10  1],24,99,116,75,99
1,<environment.Job instance at 0x7f430082e550>,52,3,[5 4],53,113,116,60,113
1,<environment.Job instance at 0x7f430082e5f0>,54,2,[4 8],55,116,118,61,116
1,<environment.Job instance at 0x7f430081a5a0>,53,12,[10  4],54,116,128,62,116
1,<environment.Job instance at 0x7f430082ee60>,58,1,[5 6],59,118,119,59,118
1,<environment.Job instance at 0x7f430082e5a0>,56,13,[6 4],57,128,141,71,128
1,<environment.Job instance at 0x7f4300bca410>,63,12,[8 5],64,128,140,64,128
1,<environment.Job instance at 0x7f4300bca320>,64,2,[8 5],65,140,142,75,140
1,<environment.Job instance at 0x7f4300bca3c0>,66,2,[10  2],67,142,144,75,142
1,<environment.Job instance at 0x7f430082ebe0>,59,16,[8 1],60,144,160,84,144
1,<environment.Job instance at 0x7f4300388b90>,1,2,[8 3],2,2,4,0,2
1,<environment.Job instance at 0x7f4301142b90>,2,1,[3 9],3,3,4,0,3
1,<environment.Job instance at 0x7f4301142d20>,8,1,[5 5],9,9,10,0,9
1,<environment.Job instance at 0x7f4300b833c0>,9,1,[8 3],10,10,11,0,10
1,<environment.Job instance at 0x7f4300e2a730>,10,2,[5 6],11,11,13,0,11
1,<environment.Job instance at 0x7f43019a18c0>,11,12,[ 3 10],12,13,25,1,12
1,<environment.Job instance at 0x7f43019a15f0>,12,2,[8 4],13,13,15,0,13
1,<environment.Job instance at 0x7f430184a870>,14,13,[6 4],15,15,28,0,15
1,<environment.Job instance at 0x7f430184a140>,15,3,[8 3],16,25,28,9,16
1,<environment.Job instance at 0x7f430184abe0>,16,14,[2 7],17,28,42,11,17
1,<environment.Job instance at 0x7f4301629cd0>,18,13,[1 5],19,25,38,6,19
1,<environment.Job instance at 0x7f43013aec80>,20,2,[2 7],21,38,40,17,21
1,<environment.Job instance at 0x7f43015a4dc0>,23,12,[9 3],24,40,52,16,24
1,<environment.Job instance at 0x7f43011425f0>,7,13,[13  1],8,97,110,89,97
1,<environment.Job instance at 0x7f43015a4d70>,25,16,[14  3],26,110,126,84,97
1,<environment.Job instance at 0x7f4301383cd0>,34,13,[8 1],35,126,139,91,110
1,<environment.Job instance at 0x7f4301391730>,38,12,[5 5],39,126,138,87,110
1,<environment.Job instance at 0x7f43013e55a0>,40,2,[ 1 13],41,138,140,97,111
1,<environment.Job instance at 0x7f43013e50a0>,41,2,[ 5 10],42,140,142,98,113
1,<environment.Job instance at 0x7f4301391f50>,39,2,[5 4],40,140,142,100,113
1,<environment.Job instance at 0x7f4309ec64b0>,31,15,[7 3],32,142,157,110,131
1,<environment.Job instance at 0x7f43017daf00>,46,25,[3 5],47,142,167,95,138
1,<environment.Job instance at 0x7f4309f6dbe0>,36,14,[9 2],37,157,171,120,142
1,<environment.Job instance at 0x7f430139fb90>,51,1,[9 1],52,171,172,119,143
1,<environment.Job instance at 0x7f4301984870>,1,2,[8 3],2,2,4,0,2
1,<environment.Job instance at 0x7f4301984820>,2,1,[3 9],3,3,4,0,3
1,<environment.Job instance at 0x7f430031daa0>,4,16,[2 8],5,5,21,0,5
1,<environment.Job instance at 0x7f4301351c80>,8,1,[5 5],9,9,10,0,9
1,<environment.Job instance at 0x7f4301351730>,9,1,[8 3],10,10,11,0,10
1,<environment.Job instance at 0x7f4301351f50>,10,2,[5 6],11,11,13,0,11
1,<environment.Job instance at 0x7f430031d5f0>,12,2,[8 4],13,13,15,0,13
1,<environment.Job instance at 0x7f43013515a0>,14,13,[6 4],15,15,28,0,15
1,<environment.Job instance at 0x7f4301351460>,15,3,[8 3],16,21,24,5,21
1,<environment.Job instance at 0x7f430036b550>,18,13,[1 5],19,21,34,2,21
1,<environment.Job instance at 0x7f4301351370>,19,18,[8 1],20,24,42,4,24
1,<environment.Job instance at 0x7f430002c870>,20,2,[2 7],21,28,30,7,28
1,<environment.Job instance at 0x7f4301351a00>,16,14,[2 7],17,30,44,13,30
1,<environment.Job instance at 0x7f430002cd70>,23,12,[9 3],24,42,54,18,42
1,<environment.Job instance at 0x7f4301351b40>,11,12,[ 3 10],12,44,56,32,44
1,<environment.Job instance at 0x7f430002cb90>,31,15,[7 3],32,54,69,22,54
1,<environment.Job instance at 0x7f43010067d0>,34,13,[8 1],35,56,69,21,56
1,<environment.Job instance at 0x7f4301006500>,35,12,[3 9],36,69,81,33,69
1,<environment.Job instance at 0x7f4301006730>,36,14,[9 2],37,69,83,32,69
1,<environment.Job instance at 0x7f43010068c0>,38,12,[5 5],39,81,93,42,81
1,<environment.Job instance at 0x7f4301006370>,39,2,[5 4],40,83,85,43,83
1,<environment.Job instance at 0x7f430002c5f0>,29,16,[5 6],30,83,99,53,83
1,<environment.Job instance at 0x7f4301006780>,32,15,[5 7],33,93,108,60,93
1,<environment.Job instance at 0x7f430036b3c0>,17,17,[10  2],18,99,116,81,99
1,<environment.Job instance at 0x7f430a2d90a0>,41,2,[ 5 10],42,108,110,66,108
1,<environment.Job instance at 0x7f430146f230>,52,12,[5 3],53,110,122,57,110
1,<environment.Job instance at 0x7f430146f050>,51,1,[9 1],52,116,117,64,116
1,<environment.Job instance at 0x7f430146f730>,53,13,[6 2],54,117,130,63,117
1,<environment.Job instance at 0x7f430146f190>,50,14,[ 4 10],51,117,131,66,117
1,<environment.Job instance at 0x7f430018cd70>,58,15,[9 3],59,130,145,71,130
1,<environment.Job instance at 0x7f430018c8c0>,59,15,[4 8],60,131,146,71,131
1,<environment.Job instance at 0x7f430018c370>,60,1,[7 2],61,145,146,84,145
1,<environment.Job instance at 0x7f430018c2d0>,64,15,[2 9],65,146,161,81,146
1,<environment.Job instance at 0x7f430018c7d0>,65,1,[2 5],66,146,147,80,146
1,<environment.Job instance at 0x7f430146f7d0>,48,17,[7 5],49,147,164,98,147
1,<environment.Job instance at 0x7fc668f606e0>,0,2,[6 2],1,1,3,0,1
1,<environment.Job instance at 0x7fc668f60730>,1,15,[4 5],2,2,17,0,2
1,<environment.Job instance at 0x7fc65f916c80>,3,13,[3 8],4,4,17,0,4
1,<environment.Job instance at 0x7fc65f91b0a0>,11,1,[8 4],12,17,18,5,13
1,<environment.Job instance at 0x7fc65f916f00>,10,14,[1 6],11,17,31,6,15
1,<environment.Job instance at 0x7fc65f91b460>,15,20,[3 5],16,17,37,1,16
1,<environment.Job instance at 0x7fc65f91b280>,13,15,[4 5],14,31,46,17,17
1,<environment.Job instance at 0x7fc65f91b960>,22,3,[4 6],23,37,40,14,24
1,<environment.Job instance at 0x7fc65f91baa0>,24,2,[ 3 12],25,46,48,21,25
1,<environment.Job instance at 0x7fc65f91bbe0>,25,16,[5 3],26,26,42,0,26
1,<environment.Job instance at 0x7fc65f91be10>,28,2,[5 8],29,42,44,13,29
1,<environment.Job instance at 0x7fc65f91bfa0>,30,15,[8 2],31,44,59,13,32
1,<environment.Job instance at 0x7fc65f91d280>,35,3,[9 5],36,59,62,23,36
1,<environment.Job instance at 0x7fc65f91d690>,37,2,[5 1],38,40,42,2,38
1,<environment.Job instance at 0x7fc65f91d5f0>,38,14,[5 5],39,48,62,9,39
1,<environment.Job instance at 0x7fc65f91d8c0>,39,12,[3 6],40,62,74,22,45
1,<environment.Job instance at 0x7fc65f91da00>,41,3,[14  5],42,74,77,32,48
1,<environment.Job instance at 0x7fc65f91d190>,31,13,[4 5],32,77,90,45,61
1,<environment.Job instance at 0x7fc65f920410>,54,2,[5 8],55,62,64,7,61
1,<environment.Job instance at 0x7fc65f920550>,56,17,[6 4],57,77,94,20,65
1,<environment.Job instance at 0x7fc65f9205f0>,57,15,[6 5],58,90,105,32,76
1,<environment.Job instance at 0x7fc65f920730>,59,16,[8 1],60,94,110,34,81
1,<environment.Job instance at 0x7fc65f920690>,58,2,[1 7],59,94,96,35,81
1,<environment.Job instance at 0x7fc65f91b140>,12,13,[ 2 12],13,105,118,92,93
1,<environment.Job instance at 0x7fc65f920b90>,64,20,[9 1],65,119,139,54,119
1,<environment.Job instance at 0x7fc65f9204b0>,55,14,[ 2 10],56,148,162,92,148
1,<environment.Job instance at 0x7fc65f920cd0>,66,12,[6 1],67,153,165,86,153
1,<environment.Job instance at 0x7fc65fa361e0>,0,2,[6 2],1,1,3,0,1
1,<environment.Job instance at 0x7fc65fa36230>,1,15,[4 5],2,2,17,0,2
1,<environment.Job instance at 0x7fc65f91d780>,2,18,[ 3 10],3,3,21,0,3
1,<environment.Job instance at 0x7fc65fa36960>,7,12,[7 2],8,17,29,9,17
1,<environment.Job instance at 0x7fc65f916a50>,11,1,[8 4],12,21,22,9,21
1,<environment.Job instance at 0x7fc65f9201e0>,3,13,[3 8],4,22,35,18,22
1,<environment.Job instance at 0x7fc65f916960>,13,15,[4 5],14,22,37,8,22
1,<environment.Job instance at 0x7fc668f60870>,9,17,[8 1],10,29,46,19,29
1,<environment.Job instance at 0x7fc668f607d0>,10,14,[1 6],11,35,49,24,35
1,<environment.Job instance at 0x7fc65f9d87d0>,18,18,[3 6],19,37,55,18,37
1,<environment.Job instance at 0x7fc65f9d8c30>,22,3,[4 6],23,49,52,26,49
1,<environment.Job instance at 0x7fc65fab7d70>,25,16,[5 3],26,49,65,23,49
1,<environment.Job instance at 0x7fc65f9237d0>,5,18,[7 5],6,52,70,46,52
1,<environment.Job instance at 0x7fc65fac3eb0>,28,2,[5 8],29,66,68,37,66
1,<environment.Job instance at 0x7fc65f9bb960>,31,13,[4 5],32,68,81,36,68
1,<environment.Job instance at 0x7fc65fa110f0>,32,14,[8 3],33,70,84,37,70
1,<environment.Job instance at 0x7fc65f9d8b90>,23,18,[7 4],24,82,100,58,82
1,<environment.Job instance at 0x7fc65fac3870>,30,15,[8 2],31,84,99,53,84
1,<environment.Job instance at 0x7fc65f9d3640>,36,16,[8 1],37,99,115,62,99
1,<environment.Job instance at 0x7fc65f9d32d0>,37,2,[5 1],38,100,102,62,100
1,<environment.Job instance at 0x7fc65f9d3460>,38,14,[5 5],39,102,116,63,102
1,<environment.Job instance at 0x7fc65f9bb410>,35,3,[9 5],36,115,118,79,115
1,<environment.Job instance at 0x7fc65f9d3780>,39,12,[3 6],40,116,128,76,116
1,<environment.Job instance at 0x7fc65fa24500>,44,14,[8 4],45,118,132,73,118
1,<environment.Job instance at 0x7fc65f9a1dc0>,47,16,[6 2],48,128,144,80,128
1,<environment.Job instance at 0x7fc65f9bb320>,33,16,[9 3],34,133,149,99,133
1,<environment.Job instance at 0x7fc65f9d7870>,54,2,[5 8],55,144,146,89,144
1,<environment.Job instance at 0x7fc65f9d7cd0>,55,14,[ 2 10],56,146,160,90,146
1,<environment.Job instance at 0x7fc65f9d3c30>,43,14,[10  1],44,149,163,105,149
1,<environment.Job instance at 0x7fc65f06aeb0>,0,2,[14  2],1,1,3,0,1
1,<environment.Job instance at 0x7fc65f05eeb0>,5,2,[ 1 14],6,6,8,0,6
1,<environment.Job instance at 0x7fc65f05e9b0>,8,13,[1 9],9,9,22,0,9
1,<environment.Job instance at 0x7fc65f05e820>,9,3,[ 5 11],10,22,25,12,10
1,<environment.Job instance at 0x7fc65f068c30>,12,18,[4 6],13,25,43,12,14
1,<environment.Job instance at 0x7fc65f06a050>,2,16,[3 9],3,25,41,22,16
1,<environment.Job instance at 0x7fc65f2010f0>,20,1,[7 4],21,21,22,0,21
1,<environment.Job instance at 0x7fc65f1498c0>,22,14,[4 7],23,41,55,18,26
1,<environment.Job instance at 0x7fc65f1499b0>,26,2,[8 2],27,43,45,16,31
1,<environment.Job instance at 0x7fc65f1bbe10>,33,2,[ 1 10],34,55,57,21,34
1,<environment.Job instance at 0x7fc65f1bbd20>,34,2,[ 1 11],35,57,59,22,35
1,<environment.Job instance at 0x7fc65f1a5460>,15,14,[5 3],16,45,59,29,35
1,<environment.Job instance at 0x7fc65f1bbaf0>,35,3,[8 2],36,59,62,23,36
1,<environment.Job instance at 0x7fc65f1e5960>,37,3,[5 4],38,45,48,7,38
1,<environment.Job instance at 0x7fc65f1e5e60>,36,14,[8 4],37,62,76,25,47
1,<environment.Job instance at 0x7fc65f1b0050>,42,2,[ 3 12],43,59,61,16,47
1,<environment.Job instance at 0x7fc65f1b0780>,43,1,[10  3],44,76,77,32,48
1,<environment.Job instance at 0x7fc65f05e280>,13,16,[3 5],14,61,77,47,60
1,<environment.Job instance at 0x7fc65f1b04b0>,45,24,[12  1],46,77,101,31,72
1,<environment.Job instance at 0x7fc65f1b0190>,46,14,[11  2],47,101,115,54,94
1,<environment.Job instance at 0x7fc65eee8460>,48,17,[10  2],49,115,132,66,113
1,<environment.Job instance at 0x7fc65f1b0280>,44,28,[3 8],45,114,142,69,114
1,<environment.Job instance at 0x7fc65eee8c80>,50,13,[5 1],51,132,145,81,116
1,<environment.Job instance at 0x7fc65eee61e0>,53,2,[11  2],54,145,147,91,118
1,<environment.Job instance at 0x7fc65eee9960>,49,17,[ 5 11],50,147,164,97,144
1,<environment.Job instance at 0x7fc65f140320>,1,17,[3 8],2,2,19,0,2
1,<environment.Job instance at 0x7fc65f122230>,12,18,[4 6],13,13,31,0,13
1,<environment.Job instance at 0x7fc65f122b90>,8,13,[1 9],9,19,32,10,19
1,<environment.Job instance at 0x7fc65f0d03c0>,15,14,[5 3],16,31,45,15,31
1,<environment.Job instance at 0x7fc65f0d8c30>,20,1,[7 4],21,32,33,11,32
1,<environment.Job instance at 0x7fc65f0d02d0>,13,16,[3 5],14,32,48,18,32
1,<environment.Job instance at 0x7fc65f0dbbe0>,22,14,[4 7],23,33,47,10,33
1,<environment.Job instance at 0x7fc65f0d45a0>,26,2,[8 2],27,45,47,18,45
1,<environment.Job instance at 0x7fc65f0db550>,21,13,[ 4 10],22,47,60,25,47
1,<environment.Job instance at 0x7fc65f0d8c80>,17,18,[10  1],18,48,66,30,48
1,<environment.Job instance at 0x7fc65f0e3e60>,33,2,[ 1 10],34,60,62,26,60
1,<environment.Job instance at 0x7fc65f0c48c0>,4,14,[ 4 10],5,62,76,57,62
1,<environment.Job instance at 0x7fc65f225050>,37,3,[5 4],38,66,69,28,66
1,<environment.Job instance at 0x7fc65f0e6370>,35,3,[8 2],36,69,72,33,69
1,<environment.Job instance at 0x7fc65f0e63c0>,36,14,[8 4],37,72,86,35,72
1,<environment.Job instance at 0x7fc65f0df550>,32,15,[3 9],33,76,91,43,76
1,<environment.Job instance at 0x7fc65f0c8370>,43,1,[10  3],44,86,87,42,86
1,<environment.Job instance at 0x7fc65f0e6550>,38,17,[10  5],39,87,104,48,87
1,<environment.Job instance at 0x7fc65f13d0a0>,50,13,[5 1],51,91,104,40,91
1,<environment.Job instance at 0x7fc65f161910>,59,13,[10  1],60,104,117,44,104
1,<environment.Job instance at 0x7fc65f0f0910>,55,15,[3 5],56,104,119,48,104
1,<environment.Job instance at 0x7fc65f0c4190>,2,16,[3 9],3,117,133,114,117
1,<environment.Job instance at 0x7fc65f25e870>,60,16,[7 2],61,119,135,58,119
1,<environment.Job instance at 0x7fc65f120be0>,66,1,[3 8],67,133,134,66,133
1,<environment.Job instance at 0x7fc65f120a00>,67,15,[5 6],68,134,149,66,134
1,<environment.Job instance at 0x7fc65f0f25a0>,69,17,[3 5],70,134,151,64,134
1,<environment.Job instance at 0x7fc65f261c30>,71,1,[7 2],72,149,150,77,149
1,<environment.Job instance at 0x7fc65f089190>,75,2,[6 4],76,150,152,74,150
1,<environment.Job instance at 0x7fc65f120b40>,70,15,[ 5 10],71,152,167,81,152
1,<environment.Job instance at 0x7fc65f0ea280>,48,17,[10  2],49,153,170,104,153
1,<environment.Job instance at 0x7fc6690c9b90>,0,14,[7 1],1,1,15,0,1
1,<environment.Job instance at 0x7fc668f886e0>,3,14,[ 3 10],4,4,18,0,4
1,<environment.Job instance at 0x7fc668f88a50>,7,3,[5 8],8,18,21,10,8
1,<environment.Job instance at 0x7fc668f88460>,12,22,[4 8],13,21,43,8,15
1,<environment.Job instance at 0x7fc66913e3c0>,11,2,[1 7],12,21,23,9,21
1,<environment.Job instance at 0x7fc668f88820>,15,24,[6 1],16,82,106,66,82
1,<environment.Job instance at 0x7fc668f88c30>,16,13,[2 5],17,82,95,65,82
1,<environment.Job instance at 0x7fc668f88050>,17,18,[13  2],18,106,124,88,99
1,<environment.Job instance at 0x7fc668f88b90>,19,28,[3 5],20,124,152,104,123
1,<environment.Job instance at 0x7fc65eed5af0>,20,19,[1 8],21,123,142,102,123
1,<environment.Job instance at 0x7fc65eed5550>,21,12,[4 7],22,142,154,120,137
1,<environment.Job instance at 0x7fc65eed5230>,22,26,[5 3],23,142,168,119,139
1,<environment.Job instance at 0x7fc65eed5f50>,23,18,[11  4],24,168,186,144,157
1,<environment.Job instance at 0x7fc65f43f280>,0,14,[7 1],1,1,15,0,1
1,<environment.Job instance at 0x7fc668e9d7d0>,2,17,[4 8],3,3,20,0,3
1,<environment.Job instance at 0x7fc65f780eb0>,11,2,[1 7],12,15,17,3,15
1,<environment.Job instance at 0x7fc66047f550>,7,3,[5 8],8,20,23,12,20
1,<environment.Job instance at 0x7fc65f6caf00>,16,13,[2 5],17,20,33,3,20
1,<environment.Job instance at 0x7fc65f7720a0>,21,12,[4 7],22,23,35,1,23
1,<environment.Job instance at 0x7fc65f241320>,14,16,[2 8],15,33,49,18,33
1,<environment.Job instance at 0x7fc65f241aa0>,13,13,[ 4 10],14,49,62,35,49
1,<environment.Job instance at 0x7fc66046c730>,28,17,[6 3],29,49,66,20,49
1,<environment.Job instance at 0x7fc65f43faf0>,3,14,[ 3 10],4,62,76,58,62
1,<environment.Job instance at 0x7fc6600f9d70>,34,14,[3 6],35,76,90,41,76
1,<environment.Job instance at 0x7fc65f365f50>,46,3,[5 9],47,76,79,29,76
1,<environment.Job instance at 0x7fc65f3655a0>,47,15,[1 9],48,79,94,31,79
1,<environment.Job instance at 0x7fc65f2251e0>,38,16,[2 6],39,90,106,51,90
1,<environment.Job instance at 0x7fc65f365fa0>,49,3,[2 7],50,94,97,44,94
1,<environment.Job instance at 0x7fc65f266e60>,51,3,[4 7],52,97,100,45,97
1,<environment.Job instance at 0x7fc65f33df50>,31,17,[2 8],32,100,117,68,100
1,<environment.Job instance at 0x7fc65f43cf00>,53,17,[7 1],54,100,117,46,100
1,<environment.Job instance at 0x7fc65f2665a0>,50,13,[ 1 10],51,117,130,66,117
1,<environment.Job instance at 0x7fc65f43ce60>,55,2,[6 3],56,117,119,61,117
1,<environment.Job instance at 0x7fc65f43c910>,59,15,[4 9],60,130,145,70,130
1,<environment.Job instance at 0x7fc65f43c230>,61,14,[3 6],62,130,144,68,130
1,<environment.Job instance at 0x7fc65f43ceb0>,62,3,[9 2],63,144,147,81,144
1,<environment.Job instance at 0x7fc65f43ce10>,63,18,[4 8],64,145,163,81,145
1,<environment.Job instance at 0x7fc65f1a5e60>,64,3,[10  4],65,147,150,82,147
1,<environment.Job instance at 0x7fc65fa65910>,1,12,[5 6],2,2,14,0,2
1,<environment.Job instance at 0x7fc65fa65c30>,2,1,[ 4 10],3,14,15,11,3
1,<environment.Job instance at 0x7fc65f99c7d0>,16,2,[4 9],17,18,20,1,18
1,<environment.Job instance at 0x7fc65f99ca00>,6,1,[8 1],7,18,19,11,18
1,<environment.Job instance at 0x7fc65f99c9b0>,19,18,[6 2],20,20,38,0,20
1,<environment.Job instance at 0x7fc65f99ca50>,18,18,[8 2],19,21,39,2,21
1,<environment.Job instance at 0x7fc65fcd5730>,23,24,[1 9],24,25,49,1,25
1,<environment.Job instance at 0x7fc65fcd5f00>,25,15,[6 5],26,39,54,13,30
1,<environment.Job instance at 0x7fc65fcd5370>,27,2,[13  5],28,54,56,26,30
1,<environment.Job instance at 0x7fc65fcd5c80>,36,13,[1 9],37,49,62,12,37
1,<environment.Job instance at 0x7fc65fcd5320>,37,16,[4 5],38,56,72,18,43
1,<environment.Job instance at 0x7fc6690cce60>,45,1,[4 9],46,62,63,16,46
1,<environment.Job instance at 0x7fc6690cc370>,42,2,[2 5],43,63,65,20,50
1,<environment.Job instance at 0x7fc65f6351e0>,49,1,[10  1],50,56,57,6,51
1,<environment.Job instance at 0x7fc65f635550>,46,15,[5 7],47,65,80,18,53
1,<environment.Job instance at 0x7fc65f321640>,53,15,[ 3 12],54,80,95,26,66
1,<environment.Job instance at 0x7fc65f321e60>,56,13,[10  5],57,95,108,38,80
1,<environment.Job instance at 0x7fc65f3216e0>,61,1,[9 1],62,84,85,22,84
1,<environment.Job instance at 0x7fc65f321370>,62,14,[8 4],63,108,122,45,93
1,<environment.Job instance at 0x7fc65f3219b0>,63,12,[5 9],64,95,107,31,93
1,<environment.Job instance at 0x7fc65f321730>,64,3,[11  3],65,122,125,57,96
1,<environment.Job instance at 0x7fc65f595320>,72,3,[1 6],73,107,110,34,98
1,<environment.Job instance at 0x7fc65f5955f0>,74,3,[4 9],75,110,113,35,98
1,<environment.Job instance at 0x7fc65f595370>,75,12,[ 2 10],76,113,125,37,98
1,<environment.Job instance at 0x7fc65f595410>,76,2,[10  3],77,125,127,48,98
1,<environment.Job instance at 0x7fc65f3215a0>,66,12,[4 7],67,125,137,58,108
1,<environment.Job instance at 0x7fc65f321870>,70,2,[5 5],71,127,129,56,110
1,<environment.Job instance at 0x7fc65f5951e0>,78,16,[2 6],79,129,145,50,116
1,<environment.Job instance at 0x7fc65f595af0>,80,14,[6 4],81,137,151,56,122
1,<environment.Job instance at 0x7fc65f595b90>,77,12,[ 3 13],78,151,163,73,134
1,<environment.Job instance at 0x7fc65f5958c0>,85,18,[ 1 12],86,163,181,77,152
1,<environment.Job instance at 0x7fc65f595aa0>,88,2,[ 3 10],89,181,183,92,154
1,<environment.Job instance at 0x7fc65f5957d0>,89,3,[5 1],90,154,157,64,154
1,<environment.Job instance at 0x7fc65f595910>,90,2,[11  4],91,181,183,90,154
1,<environment.Job instance at 0x7fc65f595cd0>,87,12,[6 1],88,154,166,66,154
1,<environment.Job instance at 0x7fc65f5956e0>,92,1,[5 1],93,157,158,64,154
1,<environment.Job instance at 0x7fc65f474500>,97,2,[ 4 13],98,183,185,85,156
1,<environment.Job instance at 0x7fc65f63d640>,0,21,[5 6],1,1,22,0,1
1,<environment.Job instance at 0x7fc65f63de10>,1,12,[5 6],2,2,14,0,2
1,<environment.Job instance at 0x7fc65f362e60>,9,1,[1 5],10,14,15,4,14
1,<environment.Job instance at 0x7fc65f55a3c0>,6,1,[8 1],7,14,15,7,14
1,<environment.Job instance at 0x7fc65f362370>,10,1,[1 6],11,15,16,4,15
1,<environment.Job instance at 0x7fc65f362460>,8,2,[7 2],9,15,17,6,15
1,<environment.Job instance at 0x7fc65f71ef50>,14,17,[2 5],15,16,33,1,16
1,<environment.Job instance at 0x7fc65f71e0a0>,15,14,[8 2],16,17,31,1,17
1,<environment.Job instance at 0x7fc65f572500>,7,16,[4 5],8,22,38,14,22
1,<environment.Job instance at 0x7fc65f71ea00>,18,18,[8 2],19,31,49,12,31
1,<environment.Job instance at 0x7fc65f5524b0>,2,1,[ 4 10],3,38,39,35,38
1,<environment.Job instance at 0x7fc65f31bb40>,26,1,[2 5],27,39,40,12,39
1,<environment.Job instance at 0x7fc65f31baf0>,21,18,[5 8],22,39,57,17,39
1,<environment.Job instance at 0x7fc65f31baa0>,25,15,[6 5],26,49,64,23,49
1,<environment.Job instance at 0x7fc65f367a50>,16,2,[4 9],17,57,59,40,57
1,<environment.Job instance at 0x7fc660147050>,34,12,[3 8],35,59,71,24,59
1,<environment.Job instance at 0x7fc65f367230>,19,18,[6 2],20,59,77,39,59
1,<environment.Job instance at 0x7fc65f00efa0>,37,16,[4 5],38,64,80,26,64
1,<environment.Job instance at 0x7fc65f00ec80>,33,18,[5 7],34,71,89,37,71
1,<environment.Job instance at 0x7fc65f43ce10>,42,2,[2 5],43,80,82,37,80
1,<environment.Job instance at 0x7fc65f2b72d0>,28,17,[7 3],29,80,97,51,80
1,<environment.Job instance at 0x7fc65f43c7d0>,45,1,[4 9],46,89,90,43,89
1,<environment.Job instance at 0x7fc65f00eb90>,36,13,[1 9],37,90,103,53,90
1,<environment.Job instance at 0x7fc65f43c690>,49,1,[10  1],50,97,98,47,97
1,<environment.Job instance at 0x7fc65f43caf0>,50,12,[8 1],51,98,110,47,98
1,<environment.Job instance at 0x7fc65f43cb40>,46,15,[5 7],47,103,118,56,103
1,<environment.Job instance at 0x7fc6601edaf0>,56,13,[10  5],57,110,123,53,110
1,<environment.Job instance at 0x7fc65f365f00>,54,17,[ 3 10],55,118,135,63,118
1,<environment.Job instance at 0x7fc65f33d280>,61,1,[9 1],62,123,124,61,123
1,<environment.Job instance at 0x7fc66040d7d0>,59,12,[5 5],60,124,136,64,124
1,<environment.Job instance at 0x7fc660203f00>,63,12,[5 9],64,135,147,71,135
1,<environment.Job instance at 0x7fc66046c730>,62,14,[8 4],63,136,150,73,136
1,<environment.Job instance at 0x7fc660203910>,66,12,[4 7],67,147,159,80,147
1,<environment.Job instance at 0x7fc65f366c80>,68,14,[10  4],69,150,164,81,150
1,<environment.Job instance at 0x7fc65fda0500>,0,17,[7 2],1,1,18,0,1
1,<environment.Job instance at 0x7fc65fd6eb90>,3,2,[2 9],4,4,6,0,4
1,<environment.Job instance at 0x7fc65fd6ee60>,4,2,[13  3],5,18,20,13,5
1,<environment.Job instance at 0x7fc65fd68c30>,5,1,[8 1],6,6,7,0,6
1,<environment.Job instance at 0x7fc65fd68550>,13,2,[ 5 13],14,14,16,0,14
1,<environment.Job instance at 0x7fc65fd73d70>,15,1,[4 9],16,16,17,0,16
1,<environment.Job instance at 0x7fc65fd73e60>,16,12,[3 5],17,20,32,3,17
1,<environment.Job instance at 0x7fc65f3938c0>,20,22,[9 1],21,21,43,0,21
1,<environment.Job instance at 0x7fc65fd8daf0>,23,15,[10  1],24,43,58,19,29
1,<environment.Job instance at 0x7fc65f007be0>,27,14,[1 7],28,29,43,1,29
1,<environment.Job instance at 0x7fc65f007230>,28,2,[ 2 10],29,43,45,14,29
1,<environment.Job instance at 0x7fc65f2dee60>,25,13,[1 8],26,45,58,19,31
1,<environment.Job instance at 0x7fc65f7a9190>,40,2,[9 1],41,58,60,17,41
1,<environment.Job instance at 0x7fc65f00c960>,41,14,[1 8],42,58,72,16,43
1,<environment.Job instance at 0x7fc65f79e730>,43,3,[ 1 14],44,72,75,28,46
1,<environment.Job instance at 0x7fc65f2cbf00>,50,3,[1 9],51,75,78,24,51
1,<environment.Job instance at 0x7fc65f7a1500>,48,14,[6 3],49,75,89,26,60
1,<environment.Job instance at 0x7fc65f2cbd70>,55,2,[12  3],56,60,62,4,60
1,<environment.Job instance at 0x7fc65f2c7050>,57,1,[8 4],58,78,79,20,75
1,<environment.Job instance at 0x7fc65f2c7410>,58,13,[12  4],59,89,102,30,75
1,<environment.Job instance at 0x7fc65f2c7b90>,61,18,[ 5 12],62,102,120,40,91
1,<environment.Job instance at 0x7fc65f2c7960>,62,2,[ 2 13],63,120,122,57,96
1,<environment.Job instance at 0x7fc65f302aa0>,73,3,[14  5],74,122,125,48,96
1,<environment.Job instance at 0x7fc65f7186e0>,88,3,[14  3],89,125,128,36,102
1,<environment.Job instance at 0x7fc65f718780>,89,1,[14  5],90,128,129,38,102
1,<environment.Job instance at 0x7fc65f718050>,91,1,[7 2],92,104,105,12,104
1,<environment.Job instance at 0x7fc65f302c80>,76,1,[8 1],77,105,106,28,104
1,<environment.Job instance at 0x7fc65f718500>,85,3,[12  1],86,129,132,43,109
1,<environment.Job instance at 0x7fc65f02d8c0>,21,17,[ 2 12],22,129,146,107,117
1,<environment.Job instance at 0x7fc65f71b960>,109,2,[ 2 13],110,146,148,36,127
1,<environment.Job instance at 0x7fc65f71b690>,106,1,[ 2 11],107,148,149,41,130
1,<environment.Job instance at 0x7fc65f732b40>,135,2,[1 6],136,149,151,13,139
1,<environment.Job instance at 0x7fc65f732550>,133,3,[4 8],134,149,152,15,139
1,<environment.Job instance at 0x7fc65f732aa0>,137,1,[5 1],138,139,140,1,139
1,<environment.Job instance at 0x7fc65f732be0>,136,14,[ 4 12],137,152,166,15,139
1,<environment.Job instance at 0x7fc65f732e60>,139,3,[2 6],140,166,169,26,140
1,<environment.Job instance at 0x7fc65fd92190>,0,17,[7 2],1,1,18,0,1
1,<environment.Job instance at 0x7fc660211870>,3,2,[2 9],4,4,6,0,4
1,<environment.Job instance at 0x7fc65f79e050>,5,1,[8 1],6,6,7,0,6
1,<environment.Job instance at 0x7fc65f7188c0>,8,14,[5 4],9,9,23,0,9
1,<environment.Job instance at 0x7fc65f71be10>,12,17,[2 6],13,13,30,0,13
1,<environment.Job instance at 0x7fc65f9d1b40>,16,12,[3 5],17,18,30,1,18
1,<environment.Job instance at 0x7fc65f302d20>,7,12,[10  3],8,23,35,15,23
1,<environment.Job instance at 0x7fc65f71b320>,15,1,[4 9],16,30,31,14,30
1,<environment.Job instance at 0x7fc65f691050>,19,17,[4 7],20,31,48,11,31
1,<environment.Job instance at 0x7fc65fa60550>,25,13,[1 8],26,35,48,9,35
1,<environment.Job instance at 0x7fc65fa60b40>,24,13,[7 5],25,48,61,23,48
1,<environment.Job instance at 0x7fc65fa08be0>,28,2,[ 2 10],29,48,50,19,48
1,<environment.Job instance at 0x7fc65f907820>,27,14,[1 7],28,50,64,22,50
1,<environment.Job instance at 0x7fc65fa22910>,32,2,[2 6],33,61,63,28,61
1,<environment.Job instance at 0x7fc65f718d70>,9,15,[10  1],10,61,76,51,61
1,<environment.Job instance at 0x7fc65fc4bc80>,36,3,[1 9],37,64,67,27,64
1,<environment.Job instance at 0x7fc65fa25280>,31,18,[ 5 10],32,67,85,35,67
1,<environment.Job instance at 0x7fc65fc4b1e0>,37,15,[10  4],38,76,91,38,76
1,<environment.Job instance at 0x7fc65fa19f50>,38,13,[ 4 10],39,85,98,46,85
1,<environment.Job instance at 0x7fc65fa19640>,40,2,[9 1],41,91,93,50,91
1,<environment.Job instance at 0x7fc65f9da640>,23,15,[10  1],24,93,108,69,93
1,<environment.Job instance at 0x7fc65fa6cb40>,42,12,[5 6],43,98,110,55,98
1,<environment.Job instance at 0x7fc65fa6c140>,44,12,[5 1],45,108,120,63,108
1,<environment.Job instance at 0x7fc65fa6caa0>,41,14,[1 8],42,108,122,66,108
1,<environment.Job instance at 0x7fc65fa6ca00>,48,14,[6 3],49,110,124,61,110
1,<environment.Job instance at 0x7fc65f35e4b0>,50,3,[1 9],51,122,125,71,122
1,<environment.Job instance at 0x7fc65fc4b5f0>,35,16,[9 4],36,124,140,88,124
1,<environment.Job instance at 0x7fc65f9e5cd0>,39,17,[3 9],40,127,144,87,127
1,<environment.Job instance at 0x7fc65fd5ee10>,57,1,[8 4],58,140,141,82,140
1,<environment.Job instance at 0x7fc65fa605f0>,22,16,[10  5],23,141,157,118,141
1,<environment.Job instance at 0x7fc65f904820>,65,12,[1 7],66,144,156,78,144
1,<environment.Job instance at 0x7fc65f2bedc0>,66,15,[3 7],67,156,171,89,156
1,<environment.Job instance at 0x7fc65f474f00>,68,12,[1 8],69,157,169,88,157
1,<environment.Job instance at 0x7fc65f3c2460>,19,2,[9 3],20,20,22,0,20
1,<environment.Job instance at 0x7fc65f3c25f0>,25,1,[10  1],26,26,27,0,26
1,<environment.Job instance at 0x7fc65f79f8c0>,28,2,[5 9],29,29,31,0,29
1,<environment.Job instance at 0x7fc65f79fbe0>,34,18,[4 7],35,36,54,1,36
1,<environment.Job instance at 0x7fc65f79fd20>,33,1,[13  3],34,54,55,20,36
1,<environment.Job instance at 0x7fc65f79f960>,37,12,[7 1],38,38,50,0,38
1,<environment.Job instance at 0x7fc65f79f370>,38,18,[8 3],39,55,73,16,44
1,<environment.Job instance at 0x7fc65f79f3c0>,41,15,[6 2],42,55,70,13,44
1,<environment.Job instance at 0x7fc65f732870>,0,16,[9 4],1,1,17,0,1
1,<environment.Job instance at 0x7fc65f71b410>,2,14,[ 2 10],3,3,17,0,3
1,<environment.Job instance at 0x7fc65f2c75f0>,8,13,[3 9],9,17,30,8,17
1,<environment.Job instance at 0x7fc65f71b870>,6,16,[5 5],7,17,33,10,17
1,<environment.Job instance at 0x7fc65f2c7b40>,9,2,[ 3 10],10,30,32,20,30
1,<environment.Job instance at 0x7fc65f71be10>,4,16,[ 3 10],5,32,48,27,32
1,<environment.Job instance at 0x7fc65f024780>,11,18,[9 5],12,33,51,21,33
1,<environment.Job instance at 0x7fc65f3498c0>,13,3,[1 9],14,48,51,34,48
1,<environment.Job instance at 0x7fc65f79f640>,17,1,[5 8],18,51,52,33,51
1,<environment.Job instance at 0x7fc65fd6b190>,15,12,[2 6],16,51,63,35,51
1,<environment.Job instance at 0x7fc66032e640>,19,2,[9 3],20,52,54,32,52
1,<environment.Job instance at 0x7fc65fd72370>,10,18,[1 5],11,52,70,41,52
1,<environment.Job instance at 0x7fc65fb895a0>,21,1,[5 4],22,54,55,32,54
1,<environment.Job instance at 0x7fc65f8a0dc0>,25,1,[10  1],26,55,56,29,55
1,<environment.Job instance at 0x7fc65f00c820>,20,16,[8 3],21,56,72,35,56
1,<environment.Job instance at 0x7fc65f79faa0>,18,13,[5 5],19,63,76,44,63
1,<environment.Job instance at 0x7fc65f76ad20>,28,2,[5 9],29,72,74,43,72
1,<environment.Job instance at 0x7fc65fb95e60>,31,14,[5 1],32,72,86,40,72
1,<environment.Job instance at 0x7fc65f7eacd0>,34,18,[4 7],35,74,92,39,74
1,<environment.Job instance at 0x7fc65f7188c0>,5,18,[5 5],6,76,94,70,76
1,<environment.Job instance at 0x7fc65f5955a0>,37,12,[7 1],38,92,104,54,92
1,<environment.Job instance at 0x7fc65fd73cd0>,7,17,[ 3 10],8,94,111,86,94
1,<environment.Job instance at 0x7fc65f595640>,36,14,[9 1],37,104,118,67,104
1,<environment.Job instance at 0x7fc65f368500>,41,15,[6 2],42,111,126,69,111
1,<environment.Job instance at 0x7fc65f75f8c0>,45,17,[3 5],46,118,135,72,118
1,<environment.Job instance at 0x7fc660535c80>,27,18,[5 5],28,118,136,90,118
1,<environment.Job instance at 0x7fc65f2ebd70>,42,17,[7 4],43,126,143,83,126
1,<environment.Job instance at 0x7fc65fb9adc0>,48,1,[ 5 10],49,136,137,87,136
1,<environment.Job instance at 0x7fc65fdb00f0>,46,16,[3 9],47,137,153,90,137
1,<environment.Job instance at 0x7fc660328550>,56,1,[6 5],57,143,144,86,143
1,<environment.Job instance at 0x7fc6604950f0>,35,18,[7 1],36,144,162,108,144
1,<environment.Job instance at 0x7fc660328c30>,57,12,[2 8],58,153,165,95,153
1,<environment.Job instance at 0x7fc65f7a1460>,0,2,[ 1 13],1,1,3,0,1
1,<environment.Job instance at 0x7fc65f7ade60>,5,2,[8 2],6,6,8,0,6
1,<environment.Job instance at 0x7fc65f776960>,13,14,[5 5],14,14,28,0,14
1,<environment.Job instance at 0x7fc65f776230>,14,1,[ 2 13],15,28,29,13,15
1,<environment.Job instance at 0x7fc65f776dc0>,20,3,[7 3],21,21,24,0,21
1,<environment.Job instance at 0x7fc65f21b870>,22,1,[3 6],23,23,24,0,23
1,<environment.Job instance at 0x7fc66000c370>,30,1,[ 1 11],31,31,32,0,31
1,<environment.Job instance at 0x7fc65f7aff00>,12,26,[2 9],13,34,60,21,34
1,<environment.Job instance at 0x7fc65ffee230>,34,1,[2 5],35,36,37,1,36
1,<environment.Job instance at 0x7fc65f509960>,36,18,[10  2],37,58,76,21,58
1,<environment.Job instance at 0x7fc65f755d70>,32,22,[ 2 11],33,60,82,27,59
1,<environment.Job instance at 0x7fc65ffee410>,37,3,[5 6],38,82,85,44,75
1,<environment.Job instance at 0x7fc65f79d550>,1,17,[ 1 10],2,2,19,0,2
1,<environment.Job instance at 0x7fc65f79dc30>,4,22,[8 3],5,5,27,0,5
1,<environment.Job instance at 0x7fc65f788af0>,9,16,[1 7],10,19,35,9,19
1,<environment.Job instance at 0x7fc65f2cb190>,5,2,[8 2],6,27,29,21,27
1,<environment.Job instance at 0x7fc66044deb0>,13,14,[5 5],14,27,41,13,27
1,<environment.Job instance at 0x7fc65eeb4870>,20,3,[7 3],21,29,32,8,29
1,<environment.Job instance at 0x7fc65f2800f0>,22,1,[3 6],23,35,36,12,35
1,<environment.Job instance at 0x7fc65f1e95a0>,18,15,[2 5],19,36,51,17,36
1,<environment.Job instance at 0x7fc65fb76960>,34,1,[2 5],35,41,42,6,41
1,<environment.Job instance at 0x7fc65f1e94b0>,19,18,[9 5],20,41,59,21,41
1,<environment.Job instance at 0x7fc65eeaf280>,37,3,[5 6],38,51,54,13,51
1,<environment.Job instance at 0x7fc65f9f9050>,39,15,[5 8],40,54,69,14,54
1,<environment.Job instance at 0x7fc65f280910>,24,17,[2 6],25,59,76,34,59
1,<environment.Job instance at 0x7fc65f280550>,23,16,[1 9],24,69,85,45,69
1,<environment.Job instance at 0x7fc65f3654b0>,41,17,[2 6],42,76,93,34,76
1,<environment.Job instance at 0x7fc65f365c80>,43,2,[1 5],44,85,87,41,85
1,<environment.Job instance at 0x7fc65eeba190>,36,18,[10  2],37,85,103,48,85
1,<environment.Job instance at 0x7fc65f788d70>,11,18,[1 6],12,87,105,75,87
1,<environment.Job instance at 0x7fc65f761280>,46,15,[4 5],47,93,108,46,93
1,<environment.Job instance at 0x7fc65fb9a5f0>,51,1,[4 5],52,105,106,53,105
1,<environment.Job instance at 0x7fc65f08d050>,54,15,[7 4],55,105,120,50,105
1,<environment.Job instance at 0x7fc6602ba960>,48,17,[3 5],49,106,123,57,106
1,<environment.Job instance at 0x7fc65f56a8c0>,57,15,[8 1],58,120,135,62,120
1,<environment.Job instance at 0x7fc65fb9aaa0>,50,15,[5 8],51,124,139,73,124
1,<environment.Job instance at 0x7fc66055ac30>,60,15,[5 5],61,135,150,74,135
1,<environment.Job instance at 0x7fc65f349c30>,61,16,[ 2 10],62,139,155,77,139
1,<environment.Job instance at 0x7fc65fd68230>,65,17,[2 5],66,150,167,84,150
1,<environment.Job instance at 0x7fc65f718d70>,68,3,[9 4],69,156,159,87,156
1,<environment.Job instance at 0x7fc65f732fa0>,69,2,[7 5],70,159,161,89,159
1,<environment.Job instance at 0x7fc65f2ac870>,0,13,[4 5],1,1,14,0,1
1,<environment.Job instance at 0x7fc65f2ac320>,3,15,[5 5],4,4,19,0,4
1,<environment.Job instance at 0x7fc65f2aca00>,8,2,[7 4],9,14,16,5,9
1,<environment.Job instance at 0x7fc65f2ac7d0>,9,2,[4 6],10,16,18,6,10
1,<environment.Job instance at 0x7fc65f2ac4b0>,10,2,[12  2],11,19,21,8,11
1,<environment.Job instance at 0x7fc65f2ac8c0>,12,2,[1 6],13,18,20,5,16
1,<environment.Job instance at 0x7fc65f2ac550>,16,3,[3 6],17,20,23,3,19
1,<environment.Job instance at 0x7fc65ee77c80>,17,3,[2 9],18,21,24,3,20
1,<environment.Job instance at 0x7fc65ee77140>,20,16,[7 3],21,23,39,2,23
1,<environment.Job instance at 0x7fc65ee77780>,23,28,[4 6],24,28,56,4,28
1,<environment.Job instance at 0x7fc65ee77b90>,18,16,[2 7],19,39,55,20,28
1,<environment.Job instance at 0x7fc65ee77550>,25,20,[9 3],26,55,75,29,50
1,<environment.Job instance at 0x7fc65ee77370>,22,16,[1 8],23,56,72,33,51
1,<environment.Job instance at 0x7fc65ee77320>,27,13,[13  5],28,75,88,47,61
1,<environment.Job instance at 0x7fc65ee77730>,28,1,[6 2],29,72,73,43,63
1,<environment.Job instance at 0x7fc65ee77d20>,29,2,[2 5],30,73,75,43,63
1,<environment.Job instance at 0x7fc65ee770a0>,21,12,[8 4],22,88,100,66,72
1,<environment.Job instance at 0x7fc65ee77960>,31,12,[2 7],32,74,86,42,74
1,<environment.Job instance at 0x7fc65ee77500>,32,1,[ 1 13],33,100,101,67,74
1,<environment.Job instance at 0x7fc65ee77a00>,30,17,[5 3],31,101,118,70,91
1,<environment.Job instance at 0x7fc65ee77f00>,24,26,[2 6],25,101,127,76,98
1,<environment.Job instance at 0x7fc65ff31a00>,35,13,[4 6],36,101,114,65,98
1,<environment.Job instance at 0x7fc65ff31e10>,37,12,[1 7],38,118,130,80,101
1,<environment.Job instance at 0x7fc65ff31190>,40,18,[1 7],41,127,145,86,116
1,<environment.Job instance at 0x7fc65ff318c0>,44,24,[1 5],45,130,154,85,125
1,<environment.Job instance at 0x7fc65ff317d0>,45,23,[6 3],46,130,153,84,127
1,<environment.Job instance at 0x7fc65ff310f0>,42,18,[ 1 12],43,154,172,111,146
1,<environment.Job instance at 0x7fc65ff31050>,38,15,[2 6],39,172,187,133,159
1,<environment.Job instance at 0x7fc65efc2eb0>,0,13,[4 5],1,1,14,0,1
1,<environment.Job instance at 0x7fc668b06fa0>,3,15,[5 5],4,4,19,0,4
1,<environment.Job instance at 0x7fc65f0e6370>,4,22,[6 5],5,5,27,0,5
1,<environment.Job instance at 0x7fc65f2e2f50>,8,2,[7 4],9,19,21,10,19
1,<environment.Job instance at 0x7fc65f393640>,12,2,[1 6],13,19,21,6,19
1,<environment.Job instance at 0x7fc65f97a780>,9,2,[4 6],10,21,23,11,21
1,<environment.Job instance at 0x7fc65f393870>,16,3,[3 6],17,23,26,6,23
1,<environment.Job instance at 0x7fc65f393140>,17,3,[2 9],18,26,29,8,26
1,<environment.Job instance at 0x7fc65f9f9e60>,21,12,[8 4],22,27,39,5,27
1,<environment.Job instance at 0x7fc6602ba820>,20,16,[7 3],21,29,45,8,29
1,<environment.Job instance at 0x7fc65f2803c0>,28,1,[6 2],29,39,40,10,39
1,<environment.Job instance at 0x7fc65f1e95a0>,29,2,[2 5],30,39,41,9,39
1,<environment.Job instance at 0x7fc6602ba960>,18,16,[2 7],19,40,56,21,40
1,<environment.Job instance at 0x7fc65f1e94b0>,30,17,[5 3],31,41,58,10,41
1,<environment.Job instance at 0x7fc65f02a230>,37,12,[1 7],38,56,68,18,56
1,<environment.Job instance at 0x7fc65f345870>,31,12,[2 7],32,58,70,26,58
1,<environment.Job instance at 0x7fc6603ba050>,39,13,[10  1],40,58,71,18,58
1,<environment.Job instance at 0x7fc65f02afa0>,38,15,[2 6],39,68,83,29,68
1,<environment.Job instance at 0x7fc65ff7eb40>,22,16,[1 8],23,70,86,47,70
1,<environment.Job instance at 0x7fc65f788aa0>,35,13,[4 6],36,83,96,47,83
1,<environment.Job instance at 0x7fc65ee77460>,41,16,[9 3],42,86,102,44,86
1,<environment.Job instance at 0x7fc668a4b9b0>,52,2,[5 7],53,96,98,43,96
1,<environment.Job instance at 0x7fc65fb89410>,49,14,[ 2 10],50,98,112,48,98
1,<environment.Job instance at 0x7fc65f0b65a0>,56,12,[10  4],57,102,114,45,102
1,<environment.Job instance at 0x7fc65f263460>,60,15,[ 1 10],61,112,127,51,112
1,<environment.Job instance at 0x7fc65fb89230>,55,14,[9 1],56,114,128,58,114
1,<environment.Job instance at 0x7fc65f2ac5f0>,61,17,[5 1],62,114,131,52,114
1,<environment.Job instance at 0x7fc65ee77e60>,40,18,[1 7],41,127,145,86,127
1,<environment.Job instance at 0x7fc65f2ace10>,62,1,[9 3],63,128,129,65,128
1,<environment.Job instance at 0x7fc65f2e99b0>,67,12,[4 7],68,129,141,61,129
1,<environment.Job instance at 0x7fc65f2ac500>,64,16,[3 8],65,141,157,76,141
1,<environment.Job instance at 0x7fc65f56a8c0>,13,16,[4 6],14,145,161,131,145
1,<environment.Job instance at 0x7fc65f2e91e0>,73,12,[1 6],74,157,169,83,157
1,<environment.Job instance at 0x7fc65f2e9640>,66,18,[9 2],67,157,175,90,157
1,<environment.Job instance at 0x7fc65ecd7dc0>,0,1,[7 2],1,1,2,0,1
1,<environment.Job instance at 0x7fc65ecd7c30>,2,2,[8 5],3,3,5,0,3
1,<environment.Job instance at 0x7fc65ecd76e0>,3,3,[10  2],4,5,8,1,4
1,<environment.Job instance at 0x7fc65ecd77d0>,6,2,[5 7],7,7,9,0,7
1,<environment.Job instance at 0x7fc65ecd70f0>,11,3,[6 5],12,12,15,0,12
1,<environment.Job instance at 0x7fc65ecd7190>,12,14,[7 2],13,13,27,0,13
1,<environment.Job instance at 0x7fc65ecaa730>,15,12,[2 6],16,16,28,0,16
1,<environment.Job instance at 0x7fc65ecaa7d0>,17,1,[3 9],18,27,28,9,18
1,<environment.Job instance at 0x7fc65ecaaaa0>,19,18,[2 5],20,28,46,8,20
1,<environment.Job instance at 0x7fc65ecaa870>,23,3,[13  4],24,28,31,4,24
1,<environment.Job instance at 0x7fc65ecaa4b0>,26,16,[1 7],27,31,47,4,27
1,<environment.Job instance at 0x7fc65ecaac80>,29,2,[ 1 10],30,47,49,17,30
1,<environment.Job instance at 0x7fc65ec5de10>,31,17,[6 2],32,33,50,1,33
1,<environment.Job instance at 0x7fc65ecaa6e0>,28,17,[ 5 11],29,49,66,20,42
1,<environment.Job instance at 0x7fc65ecf9fa0>,33,15,[14  3],34,66,81,32,62
1,<environment.Job instance at 0x7fc65ecf9140>,34,15,[8 2],35,81,96,46,69
1,<environment.Job instance at 0x7fc65ecd72d0>,14,24,[1 7],15,69,93,54,69
1,<environment.Job instance at 0x7fc65ecf9500>,36,20,[ 5 12],37,101,121,64,101
1,<environment.Job instance at 0x7fc65ecf9460>,35,17,[12  2],36,157,174,121,157
1,<environment.Job instance at 0x7fc65f4c48c0>,0,1,[7 2],1,1,2,0,1
1,<environment.Job instance at 0x7fc668a4b640>,1,15,[10  1],2,2,17,0,2
1,<environment.Job instance at 0x7fc65f89faa0>,4,16,[5 4],5,5,21,0,5
1,<environment.Job instance at 0x7fc668a4b190>,2,2,[8 5],3,17,19,14,17
1,<environment.Job instance at 0x7fc668ce1190>,6,2,[5 7],7,19,21,12,19
1,<environment.Job instance at 0x7fc668efbb40>,3,3,[10  2],4,21,24,17,21
1,<environment.Job instance at 0x7fc65ff45d20>,17,1,[3 9],18,21,22,3,21
1,<environment.Job instance at 0x7fc65ff54320>,15,12,[2 6],16,22,34,6,22
1,<environment.Job instance at 0x7fc65ff45370>,19,18,[2 5],20,22,40,2,22
1,<environment.Job instance at 0x7fc65ff54730>,12,14,[7 2],13,24,38,11,24
1,<environment.Job instance at 0x7fc65ff54c80>,11,3,[6 5],12,34,37,22,34
1,<environment.Job instance at 0x7fc65ff5b2d0>,26,16,[1 7],27,37,53,10,37
1,<environment.Job instance at 0x7fc65ff352d0>,29,2,[ 1 10],30,53,55,23,53
1,<environment.Job instance at 0x7fc65ff4d4b0>,34,15,[8 2],35,53,68,18,53
1,<environment.Job instance at 0x7fc65ff35fa0>,31,17,[6 2],32,53,70,21,53
1,<environment.Job instance at 0x7fc65ff355a0>,30,17,[5 7],31,68,85,37,68
1,<environment.Job instance at 0x7fc65f694e60>,40,2,[10  2],41,70,72,29,70
1,<environment.Job instance at 0x7fc660393690>,45,2,[5 3],46,72,74,26,72
1,<environment.Job instance at 0x7fc65f891280>,46,18,[4 5],47,72,90,25,72
1,<environment.Job instance at 0x7fc65f891640>,47,1,[6 1],48,74,75,26,74
1,<environment.Job instance at 0x7fc65f891f00>,48,15,[1 5],49,85,100,36,85
1,<environment.Job instance at 0x7fc660369910>,38,16,[10  3],39,85,101,46,85
1,<environment.Job instance at 0x7fc660389dc0>,49,16,[5 6],50,100,116,50,100
1,<environment.Job instance at 0x7fc660389280>,50,3,[9 4],51,101,104,50,101
1,<environment.Job instance at 0x7fc660366280>,53,2,[8 2],54,104,106,50,104
1,<environment.Job instance at 0x7fc660389730>,51,13,[8 2],52,106,119,54,106
1,<environment.Job instance at 0x7fc65fcf4b40>,55,15,[5 1],56,116,131,60,116
1,<environment.Job instance at 0x7fc65fc56dc0>,56,3,[2 7],57,116,119,59,116
1,<environment.Job instance at 0x7fc65fa32b90>,58,3,[10  5],59,119,122,60,119
1,<environment.Job instance at 0x7fc6603667d0>,60,15,[10  4],61,122,137,61,122
1,<environment.Job instance at 0x7fc660366320>,54,16,[4 6],55,131,147,76,131
1,<environment.Job instance at 0x7fc660383c80>,42,17,[9 4],43,137,154,94,137
1,<environment.Job instance at 0x7fc65ff3f640>,68,13,[5 4],69,147,160,78,147
1,<environment.Job instance at 0x7fc65fcd0410>,70,15,[2 6],71,154,169,83,154
1,<environment.Job instance at 0x7fc6604b2a50>,3,1,[ 3 10],4,4,5,0,4
1,<environment.Job instance at 0x7fc6604b2550>,4,16,[6 1],5,5,21,0,5
1,<environment.Job instance at 0x7fc6604b2320>,5,14,[ 4 10],6,6,20,0,6
1,<environment.Job instance at 0x7fc6604b2460>,6,2,[ 1 11],7,20,22,13,7
1,<environment.Job instance at 0x7fc6604b2280>,12,2,[3 5],13,22,24,9,13
1,<environment.Job instance at 0x7fc65fedcd20>,14,2,[1 9],15,22,24,7,15
1,<environment.Job instance at 0x7fc65fedcaa0>,15,1,[3 7],16,24,25,8,16
1,<environment.Job instance at 0x7fc65ef4e230>,20,14,[5 4],21,24,38,3,21
1,<environment.Job instance at 0x7fc65ef4e370>,21,15,[6 4],22,24,39,2,22
1,<environment.Job instance at 0x7fc65ef4e7d0>,22,2,[7 5],23,38,40,15,23
1,<environment.Job instance at 0x7fc65ef4e6e0>,23,2,[ 2 10],24,39,41,15,24
1,<environment.Job instance at 0x7fc65ef4e9b0>,25,1,[11  4],26,40,41,14,26
1,<environment.Job instance at 0x7fc65ef4ee60>,26,3,[ 1 12],27,41,44,14,27
1,<environment.Job instance at 0x7fc65ef4e410>,31,3,[4 5],32,32,35,0,32
1,<environment.Job instance at 0x7fc65ef4e820>,30,13,[4 8],31,44,57,13,32
1,<environment.Job instance at 0x7fc65ef4ec80>,32,2,[ 1 11],33,57,59,24,33
1,<environment.Job instance at 0x7fc668aa0500>,33,1,[3 6],34,35,36,1,34
1,<environment.Job instance at 0x7fc668aa05f0>,37,12,[5 8],38,59,71,21,42
1,<environment.Job instance at 0x7fc65ef4ef00>,27,14,[12  1],28,71,85,43,56
1,<environment.Job instance at 0x7fc668aa0eb0>,39,15,[4 8],40,85,100,45,72
1,<environment.Job instance at 0x7fc668aa0be0>,44,13,[3 5],45,72,85,27,72
1,<environment.Job instance at 0x7fc668aa0fa0>,40,15,[1 6],41,85,100,44,85
1,<environment.Job instance at 0x7fc668aa0910>,45,14,[ 2 11],46,100,114,54,85
1,<environment.Job instance at 0x7fc668aa0320>,43,13,[12  5],44,114,127,70,99
1,<environment.Job instance at 0x7fc668aa0690>,47,14,[3 8],48,114,128,66,99
1,<environment.Job instance at 0x7fc65ef4e5a0>,29,13,[9 4],30,100,113,70,99
1,<environment.Job instance at 0x7fc668aa00a0>,50,14,[10  1],51,127,141,76,119
1,<environment.Job instance at 0x7fc65f7330f0>,0,12,[10  3],1,1,13,0,1
1,<environment.Job instance at 0x7fc668b06fa0>,2,20,[ 4 10],3,3,23,0,3
1,<environment.Job instance at 0x7fc65fe46500>,1,13,[10  4],2,13,26,11,13
1,<environment.Job instance at 0x7fc65f733780>,3,1,[ 3 10],4,23,24,19,23
1,<environment.Job instance at 0x7fc65fcb5550>,12,2,[3 5],13,24,26,11,24
1,<environment.Job instance at 0x7fc65f6a74b0>,15,1,[3 7],16,26,27,10,26
1,<environment.Job instance at 0x7fc65fa32820>,13,12,[3 5],14,26,38,12,26
1,<environment.Job instance at 0x7fc668b06dc0>,4,16,[6 1],5,26,42,21,26
1,<environment.Job instance at 0x7fc65f6a7230>,14,2,[1 9],15,27,29,12,27
1,<environment.Job instance at 0x7fc6603898c0>,20,14,[5 4],21,29,43,8,29
1,<environment.Job instance at 0x7fc668a4b190>,23,2,[ 2 10],24,38,40,14,38
1,<environment.Job instance at 0x7fc6695f8500>,5,14,[ 4 10],6,40,54,34,40
1,<environment.Job instance at 0x7fc65ffa3730>,22,2,[7 5],23,43,45,20,43
1,<environment.Job instance at 0x7fc65fce03c0>,29,13,[9 4],30,45,58,15,45
1,<environment.Job instance at 0x7fc65fce0960>,31,3,[4 5],32,54,57,22,54
1,<environment.Job instance at 0x7fc65ff35230>,28,17,[1 6],29,54,71,25,54
1,<environment.Job instance at 0x7fc65ef3e780>,33,1,[3 6],34,58,59,24,58
1,<environment.Job instance at 0x7fc65ff4d1e0>,37,12,[5 8],38,59,71,21,59
1,<environment.Job instance at 0x7fc65ff35fa0>,30,13,[4 8],31,71,84,40,71
1,<environment.Job instance at 0x7fc660389c30>,21,15,[6 4],22,71,86,49,71
1,<environment.Job instance at 0x7fc65f89f9b0>,44,13,[3 5],45,84,97,39,84
1,<environment.Job instance at 0x7fc65ee77410>,40,15,[1 6],41,84,99,43,84
1,<environment.Job instance at 0x7fc65ed66550>,47,14,[3 8],48,97,111,49,97
1,<environment.Job instance at 0x7fc65f5ef6e0>,50,14,[10  1],51,99,113,48,99
1,<environment.Job instance at 0x7fc6845e7910>,46,17,[1 6],47,99,116,52,99
1,<environment.Job instance at 0x7fc668b317d0>,39,15,[4 8],40,111,126,71,111
1,<environment.Job instance at 0x7fc66040fc80>,53,16,[4 5],54,116,132,62,116
1,<environment.Job instance at 0x7fc66040f3c0>,54,2,[3 8],55,126,128,71,126
1,<environment.Job instance at 0x7fc65edf95f0>,52,3,[4 9],53,128,131,75,128
1,<environment.Job instance at 0x7fc65fb2c370>,60,2,[7 2],61,131,133,70,131
1,<environment.Job instance at 0x7fc65ed9b320>,58,13,[1 5],59,131,144,72,131
1,<environment.Job instance at 0x7fc668a93690>,61,13,[5 6],62,132,145,70,132
1,<environment.Job instance at 0x7fc668b695a0>,57,12,[9 1],58,133,145,75,133
1,<environment.Job instance at 0x7fc65ff3f230>,68,3,[5 7],69,145,148,76,145
1,<environment.Job instance at 0x7fc668ac67d0>,63,13,[9 3],64,145,158,81,145
1,<environment.Job instance at 0x7fc660270190>,74,1,[1 7],75,148,149,73,148
1,<environment.Job instance at 0x7fc668ce1190>,18,16,[4 9],19,149,165,130,149
1,<environment.Job instance at 0x7fc65ff3f640>,73,13,[9 3],74,158,171,84,158
1,<environment.Job instance at 0x7fc65f6a2500>,0,3,[6 5],1,1,4,0,1
1,<environment.Job instance at 0x7fc65ff54aa0>,1,1,[ 2 13],2,4,5,2,2
1,<environment.Job instance at 0x7fc65f7e5460>,2,14,[3 7],3,5,19,2,3
1,<environment.Job instance at 0x7fc65f7e5500>,4,3,[5 2],5,5,8,0,5
1,<environment.Job instance at 0x7fc65f7e5050>,9,12,[4 5],10,10,22,0,10
1,<environment.Job instance at 0x7fc65f7e5a50>,10,12,[7 3],11,11,23,0,11
1,<environment.Job instance at 0x7fc65f7e5190>,12,3,[9 5],13,23,26,10,13
1,<environment.Job instance at 0x7fc65ef0be60>,13,13,[3 9],14,22,35,8,14
1,<environment.Job instance at 0x7fc65ef11780>,16,2,[8 5],17,26,28,9,17
1,<environment.Job instance at 0x7fc65fb1fb90>,19,3,[14  5],20,35,38,15,20
1,<environment.Job instance at 0x7fc65fb1ff00>,22,16,[8 4],23,38,54,15,28
1,<environment.Job instance at 0x7fc65fb1f280>,29,3,[8 5],30,30,33,0,30
1,<environment.Job instance at 0x7fc65fb1f7d0>,26,2,[2 9],27,38,40,11,31
1,<environment.Job instance at 0x7fc65fb1fa00>,30,15,[4 6],31,40,55,9,32
1,<environment.Job instance at 0x7fc65fb1f8c0>,33,3,[4 8],34,54,57,20,37
1,<environment.Job instance at 0x7fc65fb1f3c0>,34,12,[3 8],35,57,69,22,40
1,<environment.Job instance at 0x7fc660514d70>,36,15,[6 2],37,55,70,18,41
1,<environment.Job instance at 0x7fc6605149b0>,38,2,[10  2],39,70,72,31,43
1,<environment.Job instance at 0x7fc660514500>,42,2,[6 5],43,57,59,14,49
1,<environment.Job instance at 0x7fc65fb1f5f0>,31,13,[7 1],32,72,85,40,57
1,<environment.Job instance at 0x7fc660514320>,40,14,[6 2],41,72,86,31,59
1,<environment.Job instance at 0x7fc660514cd0>,49,17,[8 3],50,85,102,35,74
1,<environment.Job instance at 0x7fc660514960>,43,18,[7 1],44,86,104,42,79
1,<environment.Job instance at 0x7fc6602dad70>,51,12,[7 2],52,102,114,50,89
1,<environment.Job instance at 0x7fc6602da5f0>,52,3,[1 7],53,102,105,49,91
1,<environment.Job instance at 0x7fc660514e10>,44,21,[5 3],45,104,125,59,98
1,<environment.Job instance at 0x7fc6602da9b0>,54,3,[ 2 11],55,114,117,59,99
1,<environment.Job instance at 0x7fc6602daa00>,53,16,[3 5],54,117,133,63,107
1,<environment.Job instance at 0x7fc6605142d0>,48,18,[6 3],49,117,135,68,107
1,<environment.Job instance at 0x7fc6602da050>,57,3,[6 3],58,125,128,67,107
1,<environment.Job instance at 0x7fc6602da0f0>,58,28,[5 3],59,128,156,69,127
1,<environment.Job instance at 0x7fc6602da910>,59,15,[1 8],60,133,148,73,127
1,<environment.Job instance at 0x7fc6602da500>,60,20,[4 9],61,148,168,87,140
1,<environment.Job instance at 0x7fc6602da730>,61,1,[ 3 13],62,168,169,106,140
1,<environment.Job instance at 0x7fc6602da870>,65,13,[5 8],66,169,182,103,153
1,<environment.Job instance at 0x7fc6602da8c0>,66,16,[5 2],67,157,173,90,157
1,<environment.Job instance at 0x7fc660453820>,73,2,[14  4],74,182,184,108,158
1,<environment.Job instance at 0x7fc65f2870f0>,74,12,[5 1],75,169,181,94,158
1,<environment.Job instance at 0x7fc65f4a6e10>,0,3,[6 5],1,1,4,0,1
1,<environment.Job instance at 0x7fc65f48b780>,2,14,[3 7],3,3,17,0,3
1,<environment.Job instance at 0x7fc65f4a6370>,4,3,[5 2],5,5,8,0,5
1,<environment.Job instance at 0x7fc65f48b320>,6,14,[10  3],7,8,22,1,8
1,<environment.Job instance at 0x7fc65f48b190>,9,12,[4 5],10,17,29,7,17
1,<environment.Job instance at 0x7fc660491960>,12,3,[9 5],13,22,25,9,22
1,<environment.Job instance at 0x7fc65fcf3050>,10,12,[7 3],11,25,37,14,25
1,<environment.Job instance at 0x7fc65f48b0a0>,7,19,[3 5],8,25,44,17,25
1,<environment.Job instance at 0x7fc65f8884b0>,16,2,[8 5],17,37,39,20,37
1,<environment.Job instance at 0x7fc660491500>,13,13,[3 9],14,39,52,25,39
1,<environment.Job instance at 0x7fc660491690>,21,14,[5 6],22,44,58,22,44
1,<environment.Job instance at 0x7fc65fcde640>,26,2,[2 9],27,52,54,25,52
1,<environment.Job instance at 0x7fc65fcde3c0>,22,16,[8 4],23,54,70,31,54
1,<environment.Job instance at 0x7fc65f8adb40>,20,17,[4 8],21,58,75,37,58
1,<environment.Job instance at 0x7fc6603668c0>,29,3,[8 5],30,70,73,40,70
1,<environment.Job instance at 0x7fc660366230>,28,13,[10  1],29,73,86,44,73
1,<environment.Job instance at 0x7fc660366280>,30,15,[4 6],31,75,90,44,75
1,<environment.Job instance at 0x7fc6603667d0>,33,3,[4 8],34,86,89,52,86
1,<environment.Job instance at 0x7fc660366cd0>,31,13,[7 1],32,86,99,54,86
1,<environment.Job instance at 0x7fc65f708f00>,34,12,[3 8],35,89,101,54,89
1,<environment.Job instance at 0x7fc65f708050>,36,15,[6 2],37,99,114,62,99
1,<environment.Job instance at 0x7fc660491eb0>,15,17,[9 4],16,101,118,85,101
1,<environment.Job instance at 0x7fc65f891280>,39,16,[3 5],40,114,130,74,114
1,<environment.Job instance at 0x7fc65ff4e460>,38,2,[10  2],39,118,120,79,118
1,<environment.Job instance at 0x7fc65f8912d0>,42,2,[6 5],43,120,122,77,120
1,<environment.Job instance at 0x7fc65f891320>,40,14,[6 2],41,120,134,79,120
1,<environment.Job instance at 0x7fc660369960>,44,21,[5 3],45,123,144,78,123
1,<environment.Job instance at 0x7fc660366f50>,27,17,[8 4],28,134,151,106,134
1,<environment.Job instance at 0x7fc660369550>,48,18,[6 3],49,144,162,95,144
1,<environment.Job instance at 0x7fc660393690>,49,17,[8 3],50,152,169,102,152
1,<environment.Job instance at 0x7fc6602038c0>,0,15,[1 5],1,1,16,0,1
1,<environment.Job instance at 0x7fc6602030f0>,2,3,[11  2],3,3,6,0,3
1,<environment.Job instance at 0x7fc660203aa0>,5,14,[7 4],6,6,20,0,6
1,<environment.Job instance at 0x7fc660203f50>,8,1,[ 5 14],9,20,21,11,9
1,<environment.Job instance at 0x7fc660203500>,13,12,[6 2],14,21,33,7,14
1,<environment.Job instance at 0x7fc65ed1d0a0>,15,2,[3 8],16,16,18,0,16
1,<environment.Job instance at 0x7fc65ed1daf0>,19,1,[3 6],20,21,22,1,20
1,<environment.Job instance at 0x7fc65ed1d870>,20,2,[5 5],21,21,23,0,21
1,<environment.Job instance at 0x7fc65ed1de60>,25,3,[4 5],26,26,29,0,26
1,<environment.Job instance at 0x7fc65ed1d370>,33,3,[ 2 14],34,34,37,0,34
1,<environment.Job instance at 0x7fc65ed1dcd0>,34,20,[10  2],35,37,57,2,36
1,<environment.Job instance at 0x7fc65fef3a00>,36,12,[5 1],37,37,49,0,37
1,<environment.Job instance at 0x7fc6602039b0>,12,24,[4 7],13,49,73,36,45
1,<environment.Job instance at 0x7fc65fef3c30>,39,1,[ 3 11],40,73,74,33,45
1,<environment.Job instance at 0x7fc65ed1d410>,32,17,[9 3],33,57,74,24,54
1,<environment.Job instance at 0x7fc65fef3870>,41,2,[8 2],42,74,76,32,55
1,<environment.Job instance at 0x7fc65fef3550>,38,13,[5 5],39,74,87,35,61
1,<environment.Job instance at 0x7fc65fef34b0>,35,14,[1 9],36,76,90,40,63
1,<environment.Job instance at 0x7fc65fef38c0>,43,17,[3 5],44,87,104,43,75
1,<environment.Job instance at 0x7fc65fef3780>,45,15,[7 1],46,76,91,30,75
1,<environment.Job instance at 0x7fc65fef3960>,46,1,[8 1],47,91,92,44,80
1,<environment.Job instance at 0x7fc65fef3b90>,47,12,[8 4],48,92,104,44,81
1,<environment.Job instance at 0x7fc65fef3d20>,48,2,[4 7],49,90,92,41,81
1,<environment.Job instance at 0x7fc65fef3dc0>,49,22,[4 8],50,107,129,57,107
1,<environment.Job instance at 0x7fc65fef3460>,44,23,[ 1 11],45,129,152,84,123
1,<environment.Job instance at 0x7fc65fef32d0>,50,1,[9 5],51,124,125,73,124
1,<environment.Job instance at 0x7fc65fef3af0>,52,22,[4 7],53,152,174,99,149
1,<environment.Job instance at 0x7fc65ffbc550>,0,15,[1 5],1,1,16,0,1
1,<environment.Job instance at 0x7fc65ffbc320>,3,22,[ 4 10],4,4,26,0,4
1,<environment.Job instance at 0x7fc65ffb5c30>,13,12,[6 2],14,16,28,2,16
1,<environment.Job instance at 0x7fc65ffc9460>,15,2,[3 8],16,26,28,10,26
1,<environment.Job instance at 0x7fc65ffe2820>,11,17,[5 5],12,26,43,14,26
1,<environment.Job instance at 0x7fc65ffc9370>,17,12,[10  4],18,28,40,10,28
1,<environment.Job instance at 0x7fc65ffbcaa0>,5,14,[7 4],6,40,54,34,40
1,<environment.Job instance at 0x7fc65ffc9280>,19,1,[3 6],20,40,41,20,40
1,<environment.Job instance at 0x7fc65ffe2500>,9,16,[2 6],10,41,57,31,41
1,<environment.Job instance at 0x7fc65ffbf410>,20,2,[5 5],21,43,45,22,43
1,<environment.Job instance at 0x7fc65fbcc7d0>,25,3,[4 5],26,54,57,28,54
1,<environment.Job instance at 0x7fc65ffbf460>,23,14,[9 2],24,54,68,30,54
1,<environment.Job instance at 0x7fc65fbcc3c0>,27,13,[3 7],28,57,70,29,57
1,<environment.Job instance at 0x7fc65fbd5730>,28,1,[7 2],29,68,69,39,68
1,<environment.Job instance at 0x7fc65ffb55f0>,14,15,[1 8],15,69,84,54,69
1,<environment.Job instance at 0x7fc65f4169b0>,36,12,[5 1],37,70,82,33,70
1,<environment.Job instance at 0x7fc65ffc9be0>,16,15,[9 1],17,70,85,53,70
1,<environment.Job instance at 0x7fc65fba73c0>,38,13,[5 5],39,82,95,43,82
1,<environment.Job instance at 0x7fc65fba76e0>,35,14,[1 9],36,84,98,48,84
1,<environment.Job instance at 0x7fc65fbcbd70>,41,2,[8 2],42,95,97,53,95
1,<environment.Job instance at 0x7fc65ffaa190>,46,1,[8 1],47,97,98,50,97
1,<environment.Job instance at 0x7fc65ffdfe10>,43,17,[3 5],44,97,114,53,97
1,<environment.Job instance at 0x7fc65ffaafa0>,48,2,[4 7],49,98,100,49,98
1,<environment.Job instance at 0x7fc65ffaaf00>,45,15,[7 1],46,98,113,52,98
1,<environment.Job instance at 0x7fc6600d10f0>,50,1,[9 5],51,113,114,62,113
1,<environment.Job instance at 0x7fc65ffaa320>,47,12,[8 4],48,114,126,66,114
1,<environment.Job instance at 0x7fc6603adcd0>,53,16,[ 1 10],54,115,131,61,115
1,<environment.Job instance at 0x7fc65ffc9aa0>,18,15,[10  4],19,126,141,107,126
1,<environment.Job instance at 0x7fc6603ad550>,55,1,[3 9],56,131,132,75,131
1,<environment.Job instance at 0x7fc6603df190>,57,16,[1 6],58,132,148,74,132
1,<environment.Job instance at 0x7fc6603ad9b0>,54,22,[3 5],55,132,154,77,132
1,<environment.Job instance at 0x7fc65ffa9640>,32,17,[9 3],33,141,158,108,141
1,<environment.Job instance at 0x7fc65ffbabe0>,60,20,[1 7],61,149,169,88,149
1,<environment.Job instance at 0x7fc65efb62d0>,56,17,[5 4],57,154,171,97,154
1,<environment.Job instance at 0x7fc65ffbaaa0>,63,14,[6 2],64,158,172,94,158
1,<environment.Job instance at 0x7fc65f949050>,1,1,[7 4],2,2,3,0,2
1,<environment.Job instance at 0x7fc65f9491e0>,2,14,[3 7],3,3,17,0,3
1,<environment.Job instance at 0x7fc65f972730>,4,14,[8 2],5,5,19,0,5
1,<environment.Job instance at 0x7fc65f972960>,8,1,[1 5],9,9,10,0,9
1,<environment.Job instance at 0x7fc65f972b90>,9,1,[14  3],10,19,20,9,10
1,<environment.Job instance at 0x7fc65f972f50>,10,17,[7 1],11,20,37,9,11
1,<environment.Job instance at 0x7fc65f949280>,12,2,[ 2 14],13,20,22,7,13
1,<environment.Job instance at 0x7fc65f978d70>,18,3,[ 5 13],19,22,25,3,19
1,<environment.Job instance at 0x7fc65f9786e0>,20,3,[5 2],21,25,28,4,21
1,<environment.Job instance at 0x7fc65f978dc0>,21,16,[8 1],22,28,44,6,22
1,<environment.Job instance at 0x7fc65f978aa0>,23,13,[8 1],24,44,57,20,28
1,<environment.Job instance at 0x7fc65f9599b0>,32,12,[3 9],33,37,49,4,35
1,<environment.Job instance at 0x7fc65f959b40>,34,1,[6 1],35,49,50,14,35
1,<environment.Job instance at 0x7fc65f978870>,16,17,[7 1],17,50,67,33,38
1,<environment.Job instance at 0x7fc65f959370>,37,3,[6 1],38,57,60,19,38
1,<environment.Job instance at 0x7fc65f9597d0>,38,16,[5 5],39,60,76,21,47
1,<environment.Job instance at 0x7fc65f959f50>,39,1,[9 3],40,67,68,27,47
1,<environment.Job instance at 0x7fc65f978820>,28,17,[3 5],29,68,85,39,58
1,<environment.Job instance at 0x7fc65f9594b0>,42,16,[4 6],43,76,92,33,63
1,<environment.Job instance at 0x7fc65f954d70>,45,3,[14  5],46,92,95,46,67
1,<environment.Job instance at 0x7fc65f954be0>,46,1,[8 1],47,76,77,29,75
1,<environment.Job instance at 0x7fc65f954050>,44,15,[2 8],45,95,110,50,81
1,<environment.Job instance at 0x7fc65f954460>,48,3,[14  5],49,110,113,61,84
1,<environment.Job instance at 0x7fc65f9543c0>,49,13,[9 4],50,95,108,45,86
1,<environment.Job instance at 0x7fc65f963730>,58,2,[11  5],59,108,110,49,95
1,<environment.Job instance at 0x7fc65f9635a0>,59,1,[8 3],60,113,114,53,97
1,<environment.Job instance at 0x7fc65f954550>,57,14,[5 5],58,113,127,55,98
1,<environment.Job instance at 0x7fc65f963690>,61,3,[ 4 10],62,114,117,52,98
1,<environment.Job instance at 0x7fc65f963640>,64,3,[8 3],65,117,120,52,98
1,<environment.Job instance at 0x7fc65f963eb0>,65,1,[ 2 12],66,127,128,61,99
1,<environment.Job instance at 0x7fc65f963230>,69,2,[9 2],70,120,122,50,100
1,<environment.Job instance at 0x7fc65f963cd0>,63,2,[14  3],64,128,130,64,103
1,<environment.Job instance at 0x7fc65f954aa0>,51,3,[2 9],52,122,125,70,105
1,<environment.Job instance at 0x7fc65f957c30>,85,1,[ 1 11],86,128,129,42,109
1,<environment.Job instance at 0x7fc65f957320>,84,18,[10  1],85,130,148,45,120
1,<environment.Job instance at 0x7fc65f957aa0>,88,2,[8 4],89,148,150,59,139
1,<environment.Job instance at 0x7fc65f9576e0>,90,3,[6 3],91,148,151,57,139
1,<environment.Job instance at 0x7fc65f957370>,92,12,[ 5 10],93,150,162,57,139
1,<environment.Job instance at 0x7fc65f957eb0>,95,3,[12  5],96,162,165,66,139
1,<environment.Job instance at 0x7fc65f19a690>,98,3,[4 6],99,141,144,42,141
1,<environment.Job instance at 0x7fc65f957e10>,94,20,[1 5],95,151,171,56,146
1,<environment.Job instance at 0x7fc65f19ad70>,101,3,[3 8],102,165,168,63,146
1,<environment.Job instance at 0x7fc65f19a8c0>,106,13,[7 2],107,165,178,58,149
1,<environment.Job instance at 0x7fc65f19a280>,105,12,[2 6],106,168,180,62,151
1,<environment.Job instance at 0x7fc65f822460>,111,2,[10  3],112,178,180,66,159
1,<environment.Job instance at 0x7fc668ee4b40>,1,1,[7 4],2,2,3,0,2
1,<environment.Job instance at 0x7fc65fe6fe10>,2,14,[3 7],3,3,17,0,3
1,<environment.Job instance at 0x7fc660101f50>,3,15,[4 7],4,4,19,0,4
1,<environment.Job instance at 0x7fc660060d70>,10,17,[7 1],11,11,28,0,11
1,<environment.Job instance at 0x7fc65f821140>,8,1,[1 5],9,17,18,8,17
1,<environment.Job instance at 0x7fc65f6eff00>,4,14,[8 2],5,19,33,14,19
1,<environment.Job instance at 0x7fc6601664b0>,16,17,[7 1],17,28,45,11,28
1,<environment.Job instance at 0x7fc65fa6c370>,20,3,[5 2],21,33,36,12,33
1,<environment.Job instance at 0x7fc66014c4b0>,21,16,[8 1],22,36,52,14,36
1,<environment.Job instance at 0x7fc65f821960>,5,18,[4 9],6,45,63,39,45
1,<environment.Job instance at 0x7fc660060550>,13,12,[10  1],14,52,64,38,52
1,<environment.Job instance at 0x7fc65f7c7190>,28,17,[3 5],29,63,80,34,63
1,<environment.Job instance at 0x7fc65f7adf50>,17,13,[9 3],18,64,77,46,64
1,<environment.Job instance at 0x7fc660435460>,32,12,[3 9],33,77,89,44,77
1,<environment.Job instance at 0x7fc65f42d870>,34,1,[6 1],35,77,78,42,77
1,<environment.Job instance at 0x7fc65edca640>,37,3,[6 1],38,78,81,40,78
1,<environment.Job instance at 0x7fc65edca0a0>,38,16,[5 5],39,80,96,41,80
1,<environment.Job instance at 0x7fc65edcaaa0>,39,1,[9 3],40,89,90,49,89
1,<environment.Job instance at 0x7fc66014c190>,23,13,[8 1],24,90,103,66,90
1,<environment.Job instance at 0x7fc66010e690>,44,15,[2 8],45,90,105,45,90
1,<environment.Job instance at 0x7fc660045410>,42,16,[4 6],43,96,112,53,96
1,<environment.Job instance at 0x7fc66010e730>,46,1,[8 1],47,103,104,56,103
1,<environment.Job instance at 0x7fc668b260a0>,51,3,[2 9],52,105,108,53,105
1,<environment.Job instance at 0x7fc6602ba690>,49,13,[9 4],50,108,121,58,108
1,<environment.Job instance at 0x7fc668b262d0>,53,16,[1 6],54,112,128,58,112
1,<environment.Job instance at 0x7fc66020ec80>,57,14,[5 5],58,112,126,54,112
1,<environment.Job instance at 0x7fc65ec1e870>,59,1,[8 3],60,121,122,61,121
1,<environment.Job instance at 0x7fc65f42d8c0>,30,14,[7 5],31,126,140,95,126
1,<environment.Job instance at 0x7fc66011f550>,61,3,[ 4 10],62,128,131,66,128
1,<environment.Job instance at 0x7fc65f0539b0>,64,3,[8 3],65,131,134,66,131
1,<environment.Job instance at 0x7fc65f0537d0>,62,15,[8 2],63,134,149,71,134
1,<environment.Job instance at 0x7fc66014c2d0>,29,17,[5 8],30,140,157,110,140
1,<environment.Job instance at 0x7fc65f58f2d0>,69,2,[9 2],70,149,151,79,149
1,<environment.Job instance at 0x7fc668aebf50>,76,15,[7 2],77,151,166,74,151
1,<environment.Job instance at 0x7fc668aeb8c0>,78,15,[8 2],79,157,172,78,157
1,<environment.Job instance at 0x7fc668ea4500>,0,13,[1 6],1,1,14,0,1
1,<environment.Job instance at 0x7fc6600cdf00>,1,18,[7 1],2,2,20,0,2
1,<environment.Job instance at 0x7fc65f8c3960>,4,21,[7 1],5,5,26,0,5
1,<environment.Job instance at 0x7fc65f8c3230>,5,1,[6 2],6,20,21,14,6
1,<environment.Job instance at 0x7fc65f49e4b0>,9,2,[1 7],10,14,16,4,10
1,<environment.Job instance at 0x7fc65f49ecd0>,10,15,[6 1],11,21,36,10,11
1,<environment.Job instance at 0x7fc66026cf50>,18,12,[4 7],19,26,38,7,19
1,<environment.Job instance at 0x7fc66026ceb0>,19,1,[11  5],20,36,37,16,20
1,<environment.Job instance at 0x7fc66026c690>,22,2,[8 4],23,37,39,14,23
1,<environment.Job instance at 0x7fc6600cf6e0>,15,15,[1 8],16,38,53,22,24
1,<environment.Job instance at 0x7fc66026c500>,24,16,[13  2],25,39,55,14,30
1,<environment.Job instance at 0x7fc65f239b40>,0,13,[1 6],1,1,14,0,1
1,<environment.Job instance at 0x7fc65f2395a0>,1,18,[7 1],2,2,20,0,2
1,<environment.Job instance at 0x7fc65fdc0320>,4,21,[7 1],5,5,26,0,5
1,<environment.Job instance at 0x7fc6603cc820>,9,2,[1 7],10,14,16,4,14
1,<environment.Job instance at 0x7fc65fdc0960>,5,1,[6 2],6,20,21,14,20
1,<environment.Job instance at 0x7fc6603cc7d0>,7,16,[2 5],8,20,36,12,20
1,<environment.Job instance at 0x7fc6603cc640>,10,15,[6 1],11,21,36,10,21
1,<environment.Job instance at 0x7fc65fbb0c30>,18,12,[4 7],19,26,38,7,26
1,<environment.Job instance at 0x7fc65ed778c0>,22,2,[8 4],23,36,38,13,36
1,<environment.Job instance at 0x7fc65f448be0>,23,14,[ 4 10],24,38,52,14,38
1,<environment.Job instance at 0x7fc65f288730>,8,17,[9 4],9,38,55,29,38
1,<environment.Job instance at 0x7fc66020e6e0>,30,3,[6 4],31,52,55,21,52
1,<environment.Job instance at 0x7fc66020ea50>,33,1,[8 2],34,55,56,21,55
1,<environment.Job instance at 0x7fc668b262d0>,35,14,[7 3],36,55,69,19,55
1,<environment.Job instance at 0x7fc65f8a03c0>,15,15,[1 8],16,56,71,40,56
1,<environment.Job instance at 0x7fc66020e410>,32,15,[9 4],33,69,84,36,69
1,<environment.Job instance at 0x7fc668b260a0>,37,3,[ 2 10],38,71,74,33,71
1,<environment.Job instance at 0x7fc65ec1e690>,26,18,[3 8],27,75,93,48,75
1,<environment.Job instance at 0x7fc65edca0a0>,42,13,[6 2],43,85,98,42,85
1,<environment.Job instance at 0x7fc65edc89b0>,40,22,[1 5],41,85,107,44,85
1,<environment.Job instance at 0x7fc65ed77aa0>,20,18,[5 6],21,93,111,72,93
1,<environment.Job instance at 0x7fc65edcabe0>,47,1,[4 7],48,107,108,59,107
1,<environment.Job instance at 0x7fc66014c320>,49,15,[8 4],50,108,123,58,108
1,<environment.Job instance at 0x7fc65edcaf00>,46,2,[ 1 10],47,111,113,64,111
1,<environment.Job instance at 0x7fc66014c0f0>,51,17,[1 7],52,113,130,61,113
1,<environment.Job instance at 0x7fc65fa6c640>,52,14,[7 2],53,123,137,70,123
1,<environment.Job instance at 0x7fc66014c280>,50,18,[7 3],51,123,141,72,123
1,<environment.Job instance at 0x7fc65fa6c3c0>,53,21,[1 7],54,131,152,77,131
1,<environment.Job instance at 0x7fc6603bd190>,54,18,[4 5],55,137,155,82,137
1,<environment.Job instance at 0x7fc66014c1e0>,55,1,[10  1],56,141,142,85,141
1,<environment.Job instance at 0x7fc66014ca50>,57,12,[10  1],58,142,154,84,142
1,<environment.Job instance at 0x7fc65f6eff00>,58,12,[4 6],59,154,166,95,154
1,<environment.Job instance at 0x7fc65f2df640>,60,16,[1 9],61,155,171,94,155
1,<environment.Job instance at 0x7fc65ef3f690>,1,12,[6 4],2,2,14,0,2
1,<environment.Job instance at 0x7fc65ef3fe10>,3,1,[12  2],4,14,15,10,4
1,<environment.Job instance at 0x7fc65fc9e7d0>,10,1,[7 3],11,12,13,1,12
1,<environment.Job instance at 0x7fc65fc9e820>,13,3,[13  4],14,15,18,1,15
1,<environment.Job instance at 0x7fc65ef3fa00>,5,14,[3 8],6,18,32,12,15
1,<environment.Job instance at 0x7fc65fc9eaa0>,12,13,[6 3],13,18,31,5,17
1,<environment.Job instance at 0x7fc65ef3f140>,7,13,[13  1],8,32,45,24,21
1,<environment.Job instance at 0x7fc65f0daf50>,1,12,[6 4],2,2,14,0,2
1,<environment.Job instance at 0x7fc6600d68c0>,4,17,[8 1],5,5,22,0,5
1,<environment.Job instance at 0x7fc65f0fffa0>,10,1,[7 3],11,14,15,3,14
1,<environment.Job instance at 0x7fc65f3d52d0>,12,13,[6 3],13,15,28,2,15
1,<environment.Job instance at 0x7fc6600d6690>,5,14,[3 8],6,22,36,16,22
1,<environment.Job instance at 0x7fc65f0da6e0>,6,15,[3 7],7,28,43,21,28
1,<environment.Job instance at 0x7fc65f4888c0>,17,16,[8 2],18,36,52,18,36
1,<environment.Job instance at 0x7fc65f4ff140>,18,18,[2 5],19,36,54,17,36
1,<environment.Job instance at 0x7fc6600d59b0>,21,18,[2 5],22,43,61,21,43
1,<environment.Job instance at 0x7fc6600d5a50>,22,13,[10  2],23,52,65,29,52
1,<environment.Job instance at 0x7fc65f3d4b40>,28,12,[5 9],29,61,73,32,61
1,<environment.Job instance at 0x7fc65f59a690>,31,13,[5 1],32,65,78,33,65
1,<environment.Job instance at 0x7fc65f5a7410>,37,14,[5 4],38,73,87,35,73
1,<environment.Job instance at 0x7fc65ebb2320>,34,16,[ 3 10],35,73,89,38,73
1,<environment.Job instance at 0x7fc65f49b640>,23,17,[7 3],24,87,104,63,87
1,<environment.Job instance at 0x7fc65f0fc0a0>,46,12,[7 4],47,89,101,42,89
1,<environment.Job instance at 0x7fc65f0fc190>,49,12,[2 9],50,101,113,51,101
1,<environment.Job instance at 0x7fc65f0c4230>,50,3,[5 1],51,101,104,50,101
1,<environment.Job instance at 0x7fc65f492410>,43,13,[6 1],44,104,117,60,104
1,<environment.Job instance at 0x7fc65fa713c0>,52,15,[2 9],53,113,128,60,113
1,<environment.Job instance at 0x7fc65f0d24b0>,55,14,[10  5],56,117,131,61,117
1,<environment.Job instance at 0x7fc65f0d8c30>,38,16,[5 9],39,128,144,89,128
1,<environment.Job instance at 0x7fc65f3d4be0>,29,18,[4 6],30,132,150,102,132
1,<environment.Job instance at 0x7fc65fefd190>,58,14,[4 9],59,144,158,85,144
1,<environment.Job instance at 0x7fc65f4b9aa0>,59,17,[9 1],60,151,168,91,151
1,<environment.Job instance at 0x7fc65f4b9280>,60,21,[2 5],61,151,172,90,151
1,<environment.Job instance at 0x7fc65f0d2550>,54,18,[1 9],55,158,176,103,158
1,<environment.Job instance at 0x7fc65f4ad7d0>,1,16,[10  2],2,5,21,3,5
1,<environment.Job instance at 0x7fc65f4ad8c0>,10,1,[14  3],11,21,22,10,11
1,<environment.Job instance at 0x7fc65f4ad280>,15,3,[7 1],16,22,25,6,16
1,<environment.Job instance at 0x7fc65f4ade10>,16,2,[12  1],17,25,27,8,17
1,<environment.Job instance at 0x7fc65ec25870>,19,21,[6 5],20,27,48,7,20
1,<environment.Job instance at 0x7fc65ec25370>,20,12,[6 1],21,27,39,6,21
1,<environment.Job instance at 0x7fc65ec25140>,25,2,[7 2],26,39,41,13,26
1,<environment.Job instance at 0x7fc65ec258c0>,24,12,[3 6],25,27,39,2,27
1,<environment.Job instance at 0x7fc65ec254b0>,28,3,[5 2],29,41,44,12,29
1,<environment.Job instance at 0x7fc65ec25320>,29,1,[10  1],30,48,49,18,30
1,<environment.Job instance at 0x7fc65ec25aa0>,31,1,[ 3 14],32,48,49,16,32
1,<environment.Job instance at 0x7fc65f479370>,33,13,[ 3 10],34,49,62,15,34
1,<environment.Job instance at 0x7fc65ec255f0>,26,17,[4 5],27,49,66,22,38
1,<environment.Job instance at 0x7fc65f479230>,40,12,[5 4],41,62,74,21,49
1,<environment.Job instance at 0x7fc65f479d20>,41,13,[1 8],42,66,79,24,54
1,<environment.Job instance at 0x7fc65eba0870>,45,1,[1 7],46,74,75,28,56
1,<environment.Job instance at 0x7fc65f4ad3c0>,21,16,[ 1 14],22,79,95,57,70
1,<environment.Job instance at 0x7fc65f4790f0>,38,24,[5 3],39,95,119,56,90
1,<environment.Job instance at 0x7fc65eba0190>,50,1,[7 1],51,90,91,39,90
1,<environment.Job instance at 0x7fc65eba0f00>,51,26,[4 5],52,95,121,43,92
1,<environment.Job instance at 0x7fc65eba06e0>,53,15,[6 1],54,95,110,41,95
1,<environment.Job instance at 0x7fc65eb9d5f0>,60,15,[5 3],61,110,125,49,100
1,<environment.Job instance at 0x7fc65eba08c0>,52,12,[2 9],53,121,133,68,104
1,<environment.Job instance at 0x7fc65eb9daa0>,62,2,[8 5],63,125,127,62,104
1,<environment.Job instance at 0x7fc65eb9db40>,68,12,[5 5],69,127,139,58,110
1,<environment.Job instance at 0x7fc65eb9d3c0>,72,3,[10  4],73,133,136,60,110
1,<environment.Job instance at 0x7fc65eb9d780>,74,1,[4 7],75,119,120,44,110
1,<environment.Job instance at 0x7fc65f451410>,77,2,[5 7],78,136,138,58,110
1,<environment.Job instance at 0x7fc65f4519b0>,80,2,[ 3 14],81,139,141,58,112
1,<environment.Job instance at 0x7fc65f451af0>,81,1,[ 5 14],82,141,142,59,113
1,<environment.Job instance at 0x7fc65eb9dc30>,75,12,[ 5 13],76,142,154,66,125
1,<environment.Job instance at 0x7fc65f4514b0>,88,1,[ 3 12],89,154,155,65,129
1,<environment.Job instance at 0x7fc66048e1e0>,90,17,[6 1],91,138,155,47,131
1,<environment.Job instance at 0x7fc66048e050>,97,2,[6 2],98,154,156,56,139
1,<environment.Job instance at 0x7fc66048e9b0>,100,1,[4 8],101,155,156,54,139
1,<environment.Job instance at 0x7fc65f0d20a0>,104,14,[3 7],105,156,170,51,141
1,<environment.Job instance at 0x7fc65f0d2870>,106,3,[4 8],107,156,159,49,141
1,<environment.Job instance at 0x7fc66048ecd0>,101,12,[14  3],102,170,182,68,153
1,<environment.Job instance at 0x7fc660051cd0>,1,16,[10  2],2,2,18,0,2
1,<environment.Job instance at 0x7fc66004b050>,7,18,[4 5],8,8,26,0,8
1,<environment.Job instance at 0x7fc65f5a73c0>,15,3,[7 1],16,18,21,2,18
1,<environment.Job instance at 0x7fc65f3966e0>,9,13,[7 4],10,21,34,11,21
1,<environment.Job instance at 0x7fc65f3a9b40>,13,13,[8 5],14,26,39,12,26
1,<environment.Job instance at 0x7fc6600c8280>,20,12,[6 1],21,34,46,13,34
1,<environment.Job instance at 0x7fc66004b140>,6,14,[8 2],7,39,53,32,39
1,<environment.Job instance at 0x7fc65f49b640>,24,12,[3 6],25,46,58,21,46
1,<environment.Job instance at 0x7fc65f49b0a0>,25,2,[7 2],26,53,55,27,53
1,<environment.Job instance at 0x7fc65f49b5a0>,26,17,[4 5],27,53,70,26,53
1,<environment.Job instance at 0x7fc65f396730>,11,16,[7 2],12,55,71,43,55
1,<environment.Job instance at 0x7fc65ec25410>,27,13,[3 7],28,58,71,30,58
1,<environment.Job instance at 0x7fc65f4799b0>,28,3,[5 2],29,70,73,41,70
1,<environment.Job instance at 0x7fc65f4795a0>,29,1,[10  1],30,71,72,41,71
1,<environment.Job instance at 0x7fc65f10ba00>,33,13,[ 3 10],34,72,85,38,72
1,<environment.Job instance at 0x7fc66004b0a0>,5,22,[6 3],6,72,94,66,72
1,<environment.Job instance at 0x7fc65f11b6e0>,40,12,[5 4],41,85,97,44,85
1,<environment.Job instance at 0x7fc66048e0a0>,41,13,[1 8],42,85,98,43,85
1,<environment.Job instance at 0x7fc65f10b2d0>,35,16,[5 5],36,97,113,61,97
1,<environment.Job instance at 0x7fc65fd548c0>,23,17,[ 3 10],24,98,115,74,98
1,<environment.Job instance at 0x7fc65ec33690>,18,18,[5 4],19,113,131,94,113
1,<environment.Job instance at 0x7fc65f0d24b0>,45,1,[1 7],46,115,116,69,115
1,<environment.Job instance at 0x7fc65f0d2d20>,48,15,[9 4],49,115,130,66,115
1,<environment.Job instance at 0x7fc65f493c80>,50,1,[7 1],51,130,131,79,130
1,<environment.Job instance at 0x7fc65f75b7d0>,43,17,[ 3 10],44,130,147,86,130
1,<environment.Job instance at 0x7fc668cabf00>,53,15,[6 1],54,131,146,77,131
1,<environment.Job instance at 0x7fc65f0d2fa0>,49,17,[8 2],50,146,163,96,146
1,<environment.Job instance at 0x7fc65fa7c960>,52,12,[2 9],53,147,159,94,147
1,<environment.Job instance at 0x7fc65f384780>,60,15,[5 3],61,147,162,86,147
1,<environment.Job instance at 0x7fc6602d9fa0>,2,14,[2 7],3,3,17,0,3
1,<environment.Job instance at 0x7fc65fbe5410>,7,17,[4 5],8,10,27,2,10
1,<environment.Job instance at 0x7fc65ee41190>,10,15,[8 2],11,11,26,0,11
1,<environment.Job instance at 0x7fc6602d0f50>,8,12,[5 8],9,26,38,17,12
1,<environment.Job instance at 0x7fc65ee413c0>,13,18,[13  4],14,97,115,83,97
1,<environment.Job instance at 0x7fc65ee41410>,15,23,[11  4],16,128,151,112,128
1,<environment.Job instance at 0x7fc6600d2370>,2,14,[2 7],3,3,17,0,3
1,<environment.Job instance at 0x7fc65f38caa0>,5,1,[3 5],6,6,7,0,6
1,<environment.Job instance at 0x7fc65f395dc0>,6,19,[5 5],7,7,26,0,7
1,<environment.Job instance at 0x7fc65eb8ffa0>,10,15,[8 2],11,11,26,0,11
1,<environment.Job instance at 0x7fc65eb8fa50>,14,3,[1 6],15,17,20,2,17
1,<environment.Job instance at 0x7fc65ec735f0>,19,3,[8 4],20,26,29,6,26
1,<environment.Job instance at 0x7fc65f71b9b0>,25,3,[1 8],26,26,29,0,26
1,<environment.Job instance at 0x7fc65fabe8c0>,22,18,[6 1],23,26,44,3,26
1,<environment.Job instance at 0x7fc65f38c190>,8,12,[5 8],9,29,41,20,29
1,<environment.Job instance at 0x7fc65f390910>,7,17,[4 5],8,29,46,21,29
1,<environment.Job instance at 0x7fc65f4adf50>,30,1,[2 8],31,41,42,10,41
1,<environment.Job instance at 0x7fc65f0d24b0>,33,2,[5 8],34,42,44,8,42
1,<environment.Job instance at 0x7fc668cabf00>,26,3,[10  1],27,44,47,17,44
1,<environment.Job instance at 0x7fc65fabea00>,27,12,[1 8],28,44,56,16,44
1,<environment.Job instance at 0x7fc65f75b280>,35,1,[2 7],36,47,48,11,47
1,<environment.Job instance at 0x7fc65ed572d0>,36,12,[8 3],37,48,60,11,48
1,<environment.Job instance at 0x7fc660089aa0>,17,14,[ 3 10],18,56,70,38,56
1,<environment.Job instance at 0x7fc65f3d4b40>,47,14,[7 2],48,60,74,12,60
1,<environment.Job instance at 0x7fc65f10be60>,49,16,[3 9],50,70,86,20,70
1,<environment.Job instance at 0x7fc65f5a7730>,50,1,[8 1],51,74,75,23,74
1,<environment.Job instance at 0x7fc65f0d2e10>,29,17,[7 2],30,75,92,45,75
1,<environment.Job instance at 0x7fc65f3a9e10>,53,12,[3 6],54,86,98,32,86
1,<environment.Job instance at 0x7fc65ebb2690>,52,13,[3 7],53,86,99,33,86
1,<environment.Job instance at 0x7fc65f3a9b40>,55,1,[7 5],56,98,99,42,98
1,<environment.Job instance at 0x7fc65f3a97d0>,54,17,[1 9],55,99,116,44,99
1,<environment.Job instance at 0x7fc65f11b6e0>,40,17,[7 4],41,99,116,58,99
1,<environment.Job instance at 0x7fc65f3960a0>,57,2,[1 9],58,116,118,58,116
1,<environment.Job instance at 0x7fc65f3966e0>,58,16,[9 3],59,117,133,58,117
1,<environment.Job instance at 0x7fc66004b140>,61,15,[1 5],62,118,133,56,118
1,<environment.Job instance at 0x7fc660051be0>,62,12,[1 6],63,118,130,55,118
1,<environment.Job instance at 0x7fc660051b90>,63,13,[3 5],64,130,143,66,130
1,<environment.Job instance at 0x7fc65f75b7d0>,34,17,[2 8],35,133,150,98,133
1,<environment.Job instance at 0x7fc65f396730>,56,17,[10  1],57,133,150,76,133
1,<environment.Job instance at 0x7fc65f3f43c0>,65,17,[5 8],66,152,169,86,152
1,<environment.Job instance at 0x7fc65fa79730>,71,18,[10  5],72,152,170,80,152
1,<environment.Job instance at 0x7fc65ecee4b0>,0,17,[6 4],1,1,18,0,1
1,<environment.Job instance at 0x7fc65f4a0050>,7,13,[7 4],8,8,21,0,8
1,<environment.Job instance at 0x7fc65f4a0320>,9,2,[ 5 11],10,18,20,8,10
1,<environment.Job instance at 0x7fc65f4a0c30>,16,2,[ 4 12],17,21,23,4,17
1,<environment.Job instance at 0x7fc65f4a07d0>,18,23,[1 8],19,23,46,4,19
1,<environment.Job instance at 0x7fc65f4a0230>,19,3,[3 8],20,46,49,26,20
1,<environment.Job instance at 0x7fc65f4a00f0>,23,14,[5 2],24,24,38,0,24
1,<environment.Job instance at 0x7fc65f4a05a0>,25,18,[8 1],26,29,47,3,29
1,<environment.Job instance at 0x7fc66004ed70>,27,15,[5 6],28,47,62,19,37
1,<environment.Job instance at 0x7fc66004ec30>,28,13,[ 3 13],29,62,75,33,47
1,<environment.Job instance at 0x7fc66004ecd0>,32,3,[5 4],33,49,52,16,47
1,<environment.Job instance at 0x7fc66004eeb0>,40,2,[12  2],41,62,64,21,48
1,<environment.Job instance at 0x7fc66004e960>,44,2,[8 5],45,52,54,7,48
1,<environment.Job instance at 0x7fc66004ee10>,46,2,[10  2],47,54,56,7,48
1,<environment.Job instance at 0x7fc66004e6e0>,34,2,[4 8],35,56,58,21,51
1,<environment.Job instance at 0x7fc6601ddd20>,51,3,[4 7],52,58,61,6,52
1,<environment.Job instance at 0x7fc6601dd7d0>,53,1,[10  4],54,61,62,7,54
1,<environment.Job instance at 0x7fc6601dd3c0>,55,21,[ 4 10],56,75,96,19,68
1,<environment.Job instance at 0x7fc6601ddbe0>,56,3,[14  4],57,96,99,39,70
1,<environment.Job instance at 0x7fc6601dd0a0>,50,18,[7 3],51,99,117,48,88
1,<environment.Job instance at 0x7fc65ee06410>,57,16,[ 4 12],58,99,115,41,88
1,<environment.Job instance at 0x7fc65ee06d70>,58,2,[14  1],59,117,119,58,98
1,<environment.Job instance at 0x7fc66004ed20>,30,23,[ 1 10],31,115,138,84,109
1,<environment.Job instance at 0x7fc65ee06190>,62,2,[9 2],63,119,121,56,109
1,<environment.Job instance at 0x7fc65ee06870>,65,13,[1 6],66,138,151,72,122
1,<environment.Job instance at 0x7fc65ee06370>,75,1,[10  3],76,128,129,52,128
1,<environment.Job instance at 0x7fc65f888370>,78,21,[5 5],79,129,150,50,128
1,<environment.Job instance at 0x7fc65f8885a0>,79,3,[ 4 12],80,151,154,71,128
1,<environment.Job instance at 0x7fc65f8880f0>,84,2,[ 3 10],85,154,156,69,133
1,<environment.Job instance at 0x7fc65f888d70>,83,2,[ 5 11],84,156,158,72,133
1,<environment.Job instance at 0x7fc65f888960>,90,15,[6 1],91,138,153,47,133
1,<environment.Job instance at 0x7fc65f888870>,92,3,[5 8],93,158,161,65,133
1,<environment.Job instance at 0x7fc65f888fa0>,94,13,[5 7],95,158,171,63,142
1,<environment.Job instance at 0x7fc660291190>,106,2,[6 3],107,153,155,46,148
1,<environment.Job instance at 0x7fc660291870>,109,3,[11  5],110,171,174,61,148
1,<environment.Job instance at 0x7fc6602914b0>,105,2,[14  5],106,174,176,68,148
1,<environment.Job instance at 0x7fc6600b6be0>,0,17,[6 4],1,1,18,0,1
1,<environment.Job instance at 0x7fc65f782320>,5,17,[8 1],6,6,23,0,6
1,<environment.Job instance at 0x7fc65f792230>,7,13,[7 4],8,18,31,10,18
1,<environment.Job instance at 0x7fc65f02a140>,19,3,[3 8],20,23,26,3,23
1,<environment.Job instance at 0x7fc6604854b0>,23,14,[5 2],24,26,40,2,26
1,<environment.Job instance at 0x7fc65f039780>,11,16,[7 3],12,31,47,19,31
1,<environment.Job instance at 0x7fc660485f50>,27,15,[5 6],28,40,55,12,40
1,<environment.Job instance at 0x7fc65ed5b550>,3,17,[10  1],4,47,64,43,47
1,<environment.Job instance at 0x7fc65f4dc3c0>,32,3,[5 4],33,55,58,22,55
1,<environment.Job instance at 0x7fc65f4dab90>,34,2,[4 8],35,58,60,23,58
1,<environment.Job instance at 0x7fc65f13d0a0>,14,17,[4 6],15,60,77,45,60
1,<environment.Job instance at 0x7fc660110320>,38,1,[5 6],39,64,65,25,64
1,<environment.Job instance at 0x7fc65f4dac80>,33,12,[10  4],34,65,77,31,65
1,<environment.Job instance at 0x7fc668b321e0>,43,12,[8 5],44,77,89,33,77
1,<environment.Job instance at 0x7fc65f4da050>,36,13,[6 4],37,77,90,40,77
1,<environment.Job instance at 0x7fc65f05f5f0>,44,2,[8 5],45,89,91,44,89
1,<environment.Job instance at 0x7fc668b32e60>,46,2,[10  2],47,91,93,44,91
1,<environment.Job instance at 0x7fc65f8a6c30>,49,16,[10  1],50,93,109,43,93
1,<environment.Job instance at 0x7fc65f4daaf0>,39,16,[8 1],40,109,125,69,109
1,<environment.Job instance at 0x7fc65fff0730>,51,3,[4 7],52,109,112,57,109
1,<environment.Job instance at 0x7fc65f8a6500>,50,18,[7 3],51,112,130,61,112
1,<environment.Job instance at 0x7fc660485e60>,25,18,[8 1],26,125,143,99,125
1,<environment.Job instance at 0x7fc6600f6a50>,60,18,[6 3],61,130,148,69,130
1,<environment.Job instance at 0x7fc6601f4370>,62,2,[9 2],63,143,145,80,143
1,<environment.Job instance at 0x7fc65ec25960>,65,13,[1 6],66,145,158,79,145
1,<environment.Job instance at 0x7fc65f8a6fa0>,53,1,[10  4],54,148,149,94,148
1,<environment.Job instance at 0x7fc65f493140>,4,17,[10  1],5,149,166,144,149
1,<environment.Job instance at 0x7fc65f396550>,73,15,[4 6],74,158,173,84,158
1,<environment.Job instance at 0x7fc66010fbe0>,1,15,[7 3],2,2,17,0,2
1,<environment.Job instance at 0x7fc660103910>,4,13,[8 1],5,5,18,0,5
1,<environment.Job instance at 0x7fc660103aa0>,5,12,[3 9],6,17,29,11,6
1,<environment.Job instance at 0x7fc66040e050>,9,2,[5 4],10,18,20,8,10
1,<environment.Job instance at 0x7fc66040e500>,10,2,[ 1 13],11,29,31,18,11
1,<environment.Job instance at 0x7fc66040e280>,11,2,[ 5 10],12,31,33,19,12
1,<environment.Job instance at 0x7fc65f8a4460>,21,1,[9 1],22,22,23,0,22
1,<environment.Job instance at 0x7fc65f4e80a0>,22,12,[5 3],23,31,43,8,23
1,<environment.Job instance at 0x7fc65fdf6780>,23,13,[6 2],24,33,46,9,24
1,<environment.Job instance at 0x7fc65f70edc0>,30,1,[7 2],31,43,44,12,31
1,<environment.Job instance at 0x7fc65fd21910>,32,2,[ 1 13],33,44,46,11,33
1,<environment.Job instance at 0x7fc65f1fc550>,35,1,[2 5],36,36,37,0,36
1,<environment.Job instance at 0x7fc65f866aa0>,37,1,[6 3],38,46,47,8,38
1,<environment.Job instance at 0x7fc66031bd20>,38,13,[5 6],39,46,59,7,39
1,<environment.Job instance at 0x7fc6600a7190>,40,20,[6 3],41,47,67,6,41
1,<environment.Job instance at 0x7fc65fa477d0>,44,14,[1 8],45,59,73,14,58
1,<environment.Job instance at 0x7fc65f16d2d0>,47,15,[ 4 11],48,104,119,56,104
1,<environment.Job instance at 0x7fc65f16ddc0>,48,20,[6 5],49,119,139,70,116
1,<environment.Job instance at 0x7fc65fc06f50>,1,15,[7 3],2,2,17,0,2
1,<environment.Job instance at 0x7fc6600d2460>,2,15,[5 7],3,3,18,0,3
1,<environment.Job instance at 0x7fc660056140>,9,2,[5 4],10,17,19,7,17
1,<environment.Job instance at 0x7fc65ee06820>,11,2,[ 5 10],12,18,20,6,18
1,<environment.Job instance at 0x7fc6600d2be0>,8,12,[5 5],9,19,31,10,19
1,<environment.Job instance at 0x7fc6600d2410>,5,12,[3 9],6,20,32,14,20
1,<environment.Job instance at 0x7fc6600d2050>,4,13,[8 1],5,31,44,26,31
1,<environment.Job instance at 0x7fc65ec73410>,20,14,[ 4 10],21,32,46,11,32
1,<environment.Job instance at 0x7fc65f78ee10>,21,1,[9 1],22,44,45,22,44
1,<environment.Job instance at 0x7fc65f0d2dc0>,22,12,[5 3],23,45,57,22,45
1,<environment.Job instance at 0x7fc65f0d2550>,23,13,[6 2],24,45,58,21,45
1,<environment.Job instance at 0x7fc65ec33690>,26,16,[2 9],27,46,62,19,46
1,<environment.Job instance at 0x7fc6601ddcd0>,13,19,[6 4],14,57,76,43,57
1,<environment.Job instance at 0x7fc6600d2140>,6,14,[9 2],7,62,76,55,62
1,<environment.Job instance at 0x7fc65f3964b0>,30,1,[7 2],31,76,77,45,76
1,<environment.Job instance at 0x7fc65f10b320>,29,15,[4 8],30,76,91,46,76
1,<environment.Job instance at 0x7fc65f10be60>,28,15,[9 3],29,77,92,48,77
1,<environment.Job instance at 0x7fc65f8c37d0>,37,1,[6 3],38,91,92,53,91
1,<environment.Job instance at 0x7fc65f8c3960>,35,1,[2 5],36,92,93,56,92
1,<environment.Job instance at 0x7fc65f5d9550>,41,12,[5 6],42,92,104,50,92
1,<environment.Job instance at 0x7fc65f8c30f0>,38,13,[5 6],39,93,106,54,93
1,<environment.Job instance at 0x7fc660485fa0>,45,14,[9 1],46,104,118,58,104
1,<environment.Job instance at 0x7fc660485230>,44,14,[1 8],45,104,118,59,104
1,<environment.Job instance at 0x7fc6604854b0>,46,13,[8 3],47,118,131,71,118
1,<environment.Job instance at 0x7fc65f039d20>,49,14,[6 2],50,118,132,68,118
1,<environment.Job instance at 0x7fc65ef21280>,51,15,[1 9],52,118,133,66,118
1,<environment.Job instance at 0x7fc66051af00>,54,2,[5 1],55,132,134,77,132
1,<environment.Job instance at 0x7fc65fc07c80>,18,17,[7 5],19,132,149,113,132
1,<environment.Job instance at 0x7fc65f3965f0>,34,15,[2 9],35,133,148,98,133
1,<environment.Job instance at 0x7fc65f1fc780>,60,14,[5 1],61,148,162,87,148
1,<environment.Job instance at 0x7fc65fd548c0>,27,16,[1 8],28,148,164,120,148
1,<environment.Job instance at 0x7fc65f561410>,63,3,[7 3],64,149,152,85,149
1,<environment.Job instance at 0x7fc6600a79b0>,62,13,[4 6],63,152,165,89,152
1,<environment.Job instance at 0x7fc65f8bb960>,0,15,[6 5],1,1,16,0,1
1,<environment.Job instance at 0x7fc65f8bb410>,1,12,[2 6],2,2,14,0,2
1,<environment.Job instance at 0x7fc65f71b690>,3,1,[ 1 12],4,16,17,12,4
1,<environment.Job instance at 0x7fc65f71bfa0>,9,14,[5 8],10,17,31,7,10
1,<environment.Job instance at 0x7fc65f71bf00>,10,14,[1 5],11,17,31,6,11
1,<environment.Job instance at 0x7fc668fbe5a0>,16,3,[ 4 10],17,31,34,14,17
1,<environment.Job instance at 0x7fc65f723500>,17,12,[3 7],18,34,46,16,18
1,<environment.Job instance at 0x7fc65f723640>,18,3,[1 6],19,34,37,15,19
1,<environment.Job instance at 0x7fc65f723730>,19,3,[2 8],20,37,40,17,21
1,<environment.Job instance at 0x7fc65f723550>,20,13,[9 2],21,23,36,2,23
1,<environment.Job instance at 0x7fc65f723960>,23,1,[6 1],24,36,37,12,25
1,<environment.Job instance at 0x7fc65f723aa0>,25,16,[10  2],26,40,56,14,27
1,<environment.Job instance at 0x7fc65f7233c0>,15,14,[5 4],16,46,60,30,31
1,<environment.Job instance at 0x7fc65f723b90>,24,14,[ 5 11],25,56,70,31,41
1,<environment.Job instance at 0x7fc65f735550>,35,2,[9 5],36,70,72,34,57
1,<environment.Job instance at 0x7fc65f723eb0>,27,16,[1 7],28,70,86,42,57
1,<environment.Job instance at 0x7fc65f735780>,39,2,[2 8],40,72,74,32,57
1,<environment.Job instance at 0x7fc65f735460>,34,17,[8 5],35,74,91,39,71
1,<environment.Job instance at 0x7fc65f723320>,14,15,[ 3 11],15,91,106,76,77
1,<environment.Job instance at 0x7fc65f735230>,32,16,[11  4],33,91,107,58,78
1,<environment.Job instance at 0x7fc65efdb1e0>,0,15,[6 5],1,1,16,0,1
1,<environment.Job instance at 0x7fc65efdbc80>,1,12,[2 6],2,2,14,0,2
1,<environment.Job instance at 0x7fc65ff1dd20>,9,14,[5 8],10,14,28,4,14
1,<environment.Job instance at 0x7fc65ff1d0f0>,10,14,[1 5],11,16,30,5,16
1,<environment.Job instance at 0x7fc65f3ce460>,16,3,[ 4 10],17,28,31,11,28
1,<environment.Job instance at 0x7fc65f3ce9b0>,15,14,[5 4],16,30,44,14,30
1,<environment.Job instance at 0x7fc65f3ce1e0>,18,3,[1 6],19,31,34,12,31
1,<environment.Job instance at 0x7fc65f3cedc0>,20,13,[9 2],21,31,44,10,31
1,<environment.Job instance at 0x7fc65f3ce960>,23,1,[6 1],24,44,45,20,44
1,<environment.Job instance at 0x7fc65f3cecd0>,19,3,[2 8],20,44,47,24,44
1,<environment.Job instance at 0x7fc65efdbeb0>,4,15,[5 6],5,44,59,39,44
1,<environment.Job instance at 0x7fc65f3ce0f0>,17,12,[3 7],18,47,59,29,47
1,<environment.Job instance at 0x7fc65fa88410>,31,13,[ 5 10],32,59,72,27,59
1,<environment.Job instance at 0x7fc65fa88f50>,35,2,[9 5],36,59,61,23,59
1,<environment.Job instance at 0x7fc6690d9fa0>,25,16,[10  2],26,61,77,35,61
1,<environment.Job instance at 0x7fc65fa88eb0>,39,2,[2 8],40,72,74,32,72
1,<environment.Job instance at 0x7fc65fa88cd0>,41,14,[5 1],42,74,88,32,74
1,<environment.Job instance at 0x7fc660281960>,45,16,[1 8],46,77,93,31,77
1,<environment.Job instance at 0x7fc6602810a0>,48,3,[5 3],49,77,80,28,77
1,<environment.Job instance at 0x7fc660281eb0>,49,1,[5 5],50,80,81,30,80
1,<environment.Job instance at 0x7fc65efdbe60>,5,17,[5 5],6,81,98,75,81
1,<environment.Job instance at 0x7fc6602815f0>,50,13,[ 1 10],51,93,106,42,93
1,<environment.Job instance at 0x7fc660281190>,52,2,[2 5],53,98,100,45,98
1,<environment.Job instance at 0x7fc668a96f50>,54,14,[10  2],55,100,114,45,100
1,<environment.Job instance at 0x7fc6690d9780>,27,16,[1 7],28,106,122,78,106
1,<environment.Job instance at 0x7fc668a965a0>,58,13,[7 2],59,114,127,55,114
1,<environment.Job instance at 0x7fc668a960f0>,59,17,[5 3],60,114,131,54,114
1,<environment.Job instance at 0x7fc668a963c0>,62,2,[ 1 10],63,122,124,59,122
1,<environment.Job instance at 0x7fc668a967d0>,61,13,[2 9],62,124,137,62,124
1,<environment.Job instance at 0x7fc668a969b0>,63,17,[8 4],64,131,148,67,131
1,<environment.Job instance at 0x7fc668a96d70>,64,15,[4 8],65,137,152,72,137
1,<environment.Job instance at 0x7fc65fb853c0>,67,3,[9 5],68,148,151,80,148
1,<environment.Job instance at 0x7fc65fb85b90>,68,3,[5 4],69,151,154,82,151
1,<environment.Job instance at 0x7fc65fb856e0>,69,13,[5 1],70,151,164,81,151
1,<environment.Job instance at 0x7fc668a960a0>,65,16,[3 6],66,152,168,86,152
1,<environment.Job instance at 0x7fc65fb85d70>,74,15,[2 7],75,154,169,79,154
1,<environment.Job instance at 0x7feba43596e0>,0,2,[6 2],1,1,3,0,1
1,<environment.Job instance at 0x7feba4359730>,1,15,[4 5],2,2,17,0,2
1,<environment.Job instance at 0x7feb9ad0fc80>,3,13,[3 8],4,4,17,0,4
1,<environment.Job instance at 0x7feba43598c0>,7,12,[7 2],8,13,25,5,13
1,<environment.Job instance at 0x7feb9ad0fe60>,10,14,[1 6],11,17,31,6,14
1,<environment.Job instance at 0x7feb9ad13280>,13,15,[4 5],14,17,32,3,14
1,<environment.Job instance at 0x7feb9ad130a0>,11,1,[8 4],12,25,26,13,17
1,<environment.Job instance at 0x7feb9ad0ffa0>,9,17,[8 1],10,26,43,16,18
1,<environment.Job instance at 0x7feb9ad133c0>,15,20,[3 5],16,31,51,15,22
1,<environment.Job instance at 0x7feb9ad13a00>,22,3,[4 6],23,32,35,9,28
1,<environment.Job instance at 0x7feb9ad13b40>,24,2,[ 3 12],25,51,53,26,30
1,<environment.Job instance at 0x7feb9ad13af0>,25,16,[5 3],26,43,59,17,30
1,<environment.Job instance at 0x7feb9ad13d20>,28,2,[5 8],29,53,55,24,30
1,<environment.Job instance at 0x7feb9ad14230>,30,15,[8 2],31,55,70,24,41
1,<environment.Job instance at 0x7feb9ad145f0>,35,3,[9 5],36,70,73,34,46
1,<environment.Job instance at 0x7feb9ad14730>,37,2,[5 1],38,47,49,9,47
1,<environment.Job instance at 0x7feb9ad14370>,31,13,[4 5],32,59,72,27,47
1,<environment.Job instance at 0x7feb9ad14aa0>,41,3,[14  5],42,73,76,31,47
1,<environment.Job instance at 0x7feb9ad1a460>,54,2,[5 8],55,76,78,21,55
1,<environment.Job instance at 0x7feb9ad1a500>,55,14,[ 2 10],56,78,92,22,63
1,<environment.Job instance at 0x7feb9ad1a820>,58,2,[1 7],59,67,69,8,67
1,<environment.Job instance at 0x7feb9ad14b40>,44,14,[8 4],45,76,90,31,67
1,<environment.Job instance at 0x7feb9ad1a6e0>,63,2,[9 2],64,90,92,26,75
1,<environment.Job instance at 0x7feb9ad1c6e0>,78,13,[1 5],79,92,105,13,80
1,<environment.Job instance at 0x7feb9ad1ab90>,66,12,[6 1],67,92,104,25,81
1,<environment.Job instance at 0x7feb9ad1caf0>,82,2,[10  3],83,104,106,21,83
1,<environment.Job instance at 0x7feb9ad1c4b0>,79,15,[4 7],80,92,107,12,89
1,<environment.Job instance at 0x7feb9ad1a140>,50,13,[12  1],51,107,120,56,91
1,<environment.Job instance at 0x7feb9ad1ce10>,86,12,[ 3 14],87,107,119,20,93
1,<environment.Job instance at 0x7feb9ad20050>,90,2,[5 5],91,120,122,29,104
1,<environment.Job instance at 0x7feb9ad20280>,92,3,[2 8],93,119,122,26,104
1,<environment.Job instance at 0x7feb9ad141e0>,0,2,[6 2],1,1,3,0,1
1,<environment.Job instance at 0x7feb9ad14cd0>,1,15,[4 5],2,2,17,0,2
1,<environment.Job instance at 0x7feb9ad14fa0>,2,18,[ 3 10],3,3,21,0,3
1,<environment.Job instance at 0x7feb9add1910>,7,12,[7 2],8,17,29,9,17
1,<environment.Job instance at 0x7feb9add10f0>,11,1,[8 4],12,21,22,9,21
1,<environment.Job instance at 0x7feb9ad1ab40>,3,13,[3 8],4,22,35,18,22
1,<environment.Job instance at 0x7feb9add14b0>,13,15,[4 5],14,22,37,8,22
1,<environment.Job instance at 0x7feb9add1a00>,9,17,[8 1],10,29,46,19,29
1,<environment.Job instance at 0x7feb9add19b0>,10,14,[1 6],11,35,49,24,35
1,<environment.Job instance at 0x7feb9add1b90>,18,18,[3 6],19,37,55,18,37
1,<environment.Job instance at 0x7feb9ad0fa00>,22,3,[4 6],23,49,52,26,49
1,<environment.Job instance at 0x7feb9ae1b910>,25,16,[5 3],26,49,65,23,49
1,<environment.Job instance at 0x7feb9aebc190>,5,18,[7 5],6,52,70,46,52
1,<environment.Job instance at 0x7feb9ae1b0a0>,28,2,[5 8],29,66,68,37,66
1,<environment.Job instance at 0x7feb9ae1d0a0>,31,13,[4 5],32,68,81,36,68
1,<environment.Job instance at 0x7feb9ada3230>,32,14,[8 3],33,70,84,37,70
1,<environment.Job instance at 0x7feb9ae65550>,23,18,[7 4],24,82,100,58,82
1,<environment.Job instance at 0x7feb9ad9a780>,30,15,[8 2],31,84,99,53,84
1,<environment.Job instance at 0x7feb9ae2f690>,36,16,[8 1],37,99,115,62,99
1,<environment.Job instance at 0x7feb9add0af0>,37,2,[5 1],38,100,102,62,100
1,<environment.Job instance at 0x7feb9add0a50>,38,14,[5 5],39,102,116,63,102
1,<environment.Job instance at 0x7feb9ae2f550>,35,3,[9 5],36,115,118,79,115
1,<environment.Job instance at 0x7feb9add09b0>,39,12,[3 6],40,116,128,76,116
1,<environment.Job instance at 0x7feb9ae01230>,44,14,[8 4],45,118,132,73,118
1,<environment.Job instance at 0x7feb9add0690>,47,16,[6 2],48,128,144,80,128
1,<environment.Job instance at 0x7feb9ada3870>,33,16,[9 3],34,133,149,99,133
1,<environment.Job instance at 0x7feb9adccc30>,54,2,[5 8],55,144,146,89,144
1,<environment.Job instance at 0x7feb9adcc640>,55,14,[ 2 10],56,146,160,90,146
1,<environment.Job instance at 0x7feb9add0c30>,43,14,[10  1],44,149,163,105,149
1,<environment.Job instance at 0x7feb9ae2f1e0>,34,20,[5 3],35,160,180,125,160
1,<environment.Job instance at 0x7feb9adccaf0>,58,2,[1 7],59,163,165,104,163
1,<environment.Job instance at 0x7feb9adcc6e0>,57,15,[6 5],58,163,178,105,163
1,<environment.Job instance at 0x7feb9a463190>,5,14,[5 3],6,6,20,0,6
1,<environment.Job instance at 0x7feb9ad13960>,4,21,[9 1],5,9,30,4,9
1,<environment.Job instance at 0x7feb9a458780>,10,1,[7 4],11,30,31,19,11
1,<environment.Job instance at 0x7feb9a458eb0>,9,25,[3 9],10,20,45,10,16
1,<environment.Job instance at 0x7feb9a461140>,14,12,[ 2 11],15,45,57,30,28
1,<environment.Job instance at 0x7feb9a4613c0>,15,19,[5 1],16,30,49,14,28
1,<environment.Job instance at 0x7feb9a4610a0>,16,2,[8 2],17,45,47,28,28
1,<environment.Job instance at 0x7feb9a545190>,24,2,[ 1 11],25,57,59,32,30
1,<environment.Job instance at 0x7feb9a5b33c0>,25,3,[8 2],26,47,50,21,30
1,<environment.Job instance at 0x7feb9a5b3be0>,27,3,[5 4],28,31,34,3,30
1,<environment.Job instance at 0x7feb9a542050>,33,1,[10  3],34,50,51,16,39
1,<environment.Job instance at 0x7feb9a714050>,20,12,[11  1],21,51,63,30,39
1,<environment.Job instance at 0x7feb9a5424b0>,32,2,[ 3 12],33,59,61,26,39
1,<environment.Job instance at 0x7feb9a4586e0>,11,13,[ 4 10],12,61,74,49,45
1,<environment.Job instance at 0x7feb9a5427d0>,40,13,[5 1],41,63,76,22,50
1,<environment.Job instance at 0x7feb9a461f00>,21,12,[ 5 11],22,74,86,52,60
1,<environment.Job instance at 0x7feb9a542640>,38,17,[10  2],39,76,93,37,66
1,<environment.Job instance at 0x7feb9a5aeb40>,43,2,[11  2],44,93,95,49,70
1,<environment.Job instance at 0x7feba43f9fa0>,45,15,[3 5],46,86,101,40,79
1,<environment.Job instance at 0x7feb9a5ae410>,42,18,[ 2 14],43,101,119,58,95
1,<environment.Job instance at 0x7febbfb2bf00>,46,17,[11  1],47,98,115,51,98
1,<environment.Job instance at 0x7feb9a2e3140>,47,13,[ 4 12],48,119,132,71,105
1,<environment.Job instance at 0x7feb9a3b5820>,56,1,[3 8],57,132,133,75,111
1,<environment.Job instance at 0x7feb9a2c23c0>,61,1,[7 2],62,119,120,57,111
1,<environment.Job instance at 0x7feb9ac1da50>,65,2,[6 4],66,132,134,66,112
1,<environment.Job instance at 0x7feb9a4b1e10>,67,20,[5 2],68,120,140,52,112
1,<environment.Job instance at 0x7feb9a36da00>,76,3,[3 9],77,133,136,56,113
1,<environment.Job instance at 0x7feb9a363640>,83,2,[ 5 11],84,136,138,52,113
1,<environment.Job instance at 0x7feb9a4605f0>,87,3,[8 3],88,138,141,50,113
1,<environment.Job instance at 0x7feb9a332280>,91,2,[5 1],92,115,117,23,113
1,<environment.Job instance at 0x7feb9a331af0>,95,2,[14  3],96,141,143,45,114
1,<environment.Job instance at 0x7feb9a32c960>,110,3,[5 4],111,143,146,32,118
1,<environment.Job instance at 0x7feb9a331e10>,104,1,[8 5],105,143,144,38,119
1,<environment.Job instance at 0x7feb9a32dc30>,114,2,[10  1],115,144,146,29,119
1,<environment.Job instance at 0x7feb9a32caa0>,112,1,[ 5 14],113,146,147,33,123
1,<environment.Job instance at 0x7feb9a460a50>,84,1,[10  4],85,147,148,62,124
1,<environment.Job instance at 0x7feb9a33ba50>,125,3,[5 3],126,147,150,21,126
1,<environment.Job instance at 0x7feb9a32c820>,2,18,[4 6],3,3,21,0,3
1,<environment.Job instance at 0x7feb9a32c8c0>,3,16,[3 5],4,4,20,0,4
1,<environment.Job instance at 0x7feb9a32d1e0>,5,14,[5 3],6,6,20,0,6
1,<environment.Job instance at 0x7feb9ad2d8c0>,10,1,[7 4],11,20,21,9,20
1,<environment.Job instance at 0x7feb9ad2d7d0>,16,2,[8 2],17,21,23,4,21
1,<environment.Job instance at 0x7feb9ad2db90>,11,13,[ 4 10],12,21,34,9,21
1,<environment.Job instance at 0x7feb9a3315f0>,7,18,[10  1],8,23,41,15,23
1,<environment.Job instance at 0x7feb9ad2d230>,23,2,[ 1 10],24,34,36,10,34
1,<environment.Job instance at 0x7feb9ad2da50>,12,14,[4 7],13,36,50,23,36
1,<environment.Job instance at 0x7feb9ad1efa0>,27,3,[5 4],28,41,44,13,41
1,<environment.Job instance at 0x7feb9ad1e8c0>,25,3,[8 2],26,44,47,18,44
1,<environment.Job instance at 0x7feb9ad1ee60>,26,14,[8 4],27,47,61,20,47
1,<environment.Job instance at 0x7feb9ad2d0f0>,22,15,[3 9],23,50,65,27,50
1,<environment.Job instance at 0x7feb9ad1eaf0>,33,1,[10  3],34,61,62,27,61
1,<environment.Job instance at 0x7feb9add1f50>,38,17,[10  2],39,62,79,23,62
1,<environment.Job instance at 0x7feb9add1730>,40,13,[5 1],41,65,78,24,65
1,<environment.Job instance at 0x7feb9add1910>,45,15,[3 5],46,78,93,32,78
1,<environment.Job instance at 0x7feb9ad14e10>,49,13,[10  1],50,79,92,29,79
1,<environment.Job instance at 0x7feb9a59baa0>,50,16,[7 2],51,92,108,41,92
1,<environment.Job instance at 0x7feb9ad1ed70>,29,16,[ 3 10],30,93,109,63,93
1,<environment.Job instance at 0x7feb9ad1ec80>,28,17,[10  5],29,108,125,79,108
1,<environment.Job instance at 0x7feb9a511cd0>,56,1,[3 8],57,109,110,52,109
1,<environment.Job instance at 0x7feb9a5390a0>,57,15,[5 6],58,110,125,52,110
1,<environment.Job instance at 0x7feb9a539690>,61,1,[7 2],62,125,126,63,125
1,<environment.Job instance at 0x7feb9a537500>,65,2,[6 4],66,125,127,59,125
1,<environment.Job instance at 0x7feb9a539960>,60,15,[ 5 10],61,127,142,66,127
1,<environment.Job instance at 0x7feb9a5398c0>,59,17,[3 5],60,127,144,67,127
1,<environment.Job instance at 0x7feb9a4d05a0>,72,16,[7 4],73,143,159,70,143
1,<environment.Job instance at 0x7feb9a56f7d0>,51,18,[ 1 10],52,144,162,92,144
1,<environment.Job instance at 0x7feb9a4c0050>,73,16,[9 4],74,159,175,85,159
1,<environment.Job instance at 0x7feb9a4c9870>,76,3,[3 9],77,162,165,85,162
1,<environment.Job instance at 0x7feb9a4c09b0>,69,20,[6 2],70,166,186,96,166
1,<environment.Job instance at 0x7feb9a3259b0>,1,12,[4 7],2,2,14,0,2
1,<environment.Job instance at 0x7feb9a3255f0>,7,12,[ 3 11],8,14,26,6,8
1,<environment.Job instance at 0x7feb9a325cd0>,13,1,[ 2 11],14,26,27,12,14
1,<environment.Job instance at 0x7feba44c76e0>,17,1,[ 2 11],18,27,28,9,18
1,<environment.Job instance at 0x7feba44c71e0>,18,16,[2 6],19,28,44,9,22
1,<environment.Job instance at 0x7feba44c7820>,22,22,[1 6],23,28,50,5,23
1,<environment.Job instance at 0x7feb9a3b54b0>,23,27,[5 1],24,24,51,0,24
1,<environment.Job instance at 0x7feb9a325050>,19,15,[12  5],20,51,66,31,37
1,<environment.Job instance at 0x7feb9a325dc0>,6,27,[2 8],7,49,76,42,49
1,<environment.Job instance at 0x7feb9a3b5dc0>,26,3,[5 9],27,76,79,49,50
1,<environment.Job instance at 0x7feb9a3b5d20>,24,25,[10  4],25,67,92,42,67
1,<environment.Job instance at 0x7feb9a3b5320>,28,12,[ 2 11],29,79,91,50,67
1,<environment.Job instance at 0x7feb9a3b5370>,29,3,[2 7],30,91,94,61,67
1,<environment.Job instance at 0x7feb9a3b5690>,30,13,[ 1 10],31,94,107,63,78
1,<environment.Job instance at 0x7feb9a3b5a00>,31,3,[4 7],32,107,110,75,81
1,<environment.Job instance at 0x7feba44c75f0>,21,16,[ 3 12],22,110,126,88,99
1,<environment.Job instance at 0x7feb9a3b5910>,32,18,[ 2 10],33,126,144,93,115
1,<environment.Job instance at 0x7feb9a3b50f0>,34,18,[3 8],35,144,162,109,133
1,<environment.Job instance at 0x7feb9a3b5f50>,35,2,[6 3],36,133,135,97,133
1,<environment.Job instance at 0x7feb9a3b5410>,36,24,[3 6],37,144,168,107,139
1,<environment.Job instance at 0x7feb9a3b55f0>,33,17,[7 1],34,139,156,105,139
1,<environment.Job instance at 0x7feb9a3b5500>,37,20,[8 5],38,162,182,124,153
1,<environment.Job instance at 0x7feba44c2d20>,42,3,[9 2],43,182,185,139,156
1,<environment.Job instance at 0x7feba44c2910>,43,18,[4 8],44,168,186,124,157
1,<environment.Job instance at 0x7feba44c2af0>,44,3,[10  4],45,185,188,140,159
1,<environment.Job instance at 0x7feb9a43ee60>,56,2,[14  3],57,188,190,131,168
1,<environment.Job instance at 0x7feb9a43e370>,59,3,[1 6],60,186,189,126,168
1,<environment.Job instance at 0x7feb9aaa9500>,0,19,[1 8],1,1,20,0,1
1,<environment.Job instance at 0x7feb9b6603c0>,1,12,[4 7],2,2,14,0,2
1,<environment.Job instance at 0x7feb9a7bd460>,8,17,[6 3],9,14,31,5,14
1,<environment.Job instance at 0x7feb9b549be0>,5,20,[7 3],6,14,34,8,14
1,<environment.Job instance at 0x7feb9ab1a6e0>,18,16,[2 6],19,20,36,1,20
1,<environment.Job instance at 0x7feb9aac9b40>,14,14,[3 6],15,31,45,16,31
1,<environment.Job instance at 0x7feb9a733cd0>,9,20,[6 2],10,34,54,24,34
1,<environment.Job instance at 0x7feb9a3e3d70>,29,3,[2 7],30,36,39,6,36
1,<environment.Job instance at 0x7feb9aabeb40>,26,3,[5 9],27,45,48,18,45
1,<environment.Job instance at 0x7feb9ac34fa0>,31,3,[4 7],32,48,51,16,48
1,<environment.Job instance at 0x7feb9b1bbf50>,30,13,[ 1 10],31,51,64,20,51
1,<environment.Job instance at 0x7feb9b14ab90>,33,17,[7 1],34,51,68,17,51
1,<environment.Job instance at 0x7feb9aabef50>,27,15,[1 9],28,64,79,36,64
1,<environment.Job instance at 0x7feba3ee4af0>,35,2,[6 3],36,64,66,28,64
1,<environment.Job instance at 0x7feb9a5d3c30>,41,14,[3 6],42,68,82,26,68
1,<environment.Job instance at 0x7feb9a762dc0>,42,3,[9 2],43,79,82,36,79
1,<environment.Job instance at 0x7feb9a5d30f0>,39,15,[4 9],40,82,97,42,82
1,<environment.Job instance at 0x7feb9a762690>,44,3,[10  4],45,82,85,37,82
1,<environment.Job instance at 0x7feb9b5da5f0>,11,17,[2 8],12,97,114,85,97
1,<environment.Job instance at 0x7feb9a7574b0>,50,13,[4 9],51,114,127,63,114
1,<environment.Job instance at 0x7feb9a757f50>,51,12,[8 2],52,114,126,62,114
1,<environment.Job instance at 0x7feb9a65b780>,48,18,[ 3 10],49,128,146,79,128
1,<environment.Job instance at 0x7feb9ab3ad20>,55,22,[7 4],56,129,151,73,129
1,<environment.Job instance at 0x7feb9ab3ab90>,57,17,[8 5],58,146,163,88,146
1,<environment.Job instance at 0x7feb9ab3ad70>,59,3,[1 6],60,151,154,91,151
1,<environment.Job instance at 0x7feb9a596e10>,61,17,[2 6],62,154,171,92,154
1,<environment.Job instance at 0x7feb9a762fa0>,43,18,[4 8],44,163,181,119,163
1,<environment.Job instance at 0x7feb9a2dde60>,4,12,[3 8],5,5,17,0,5
1,<environment.Job instance at 0x7feb9a2dd230>,6,13,[1 9],7,17,30,10,7
1,<environment.Job instance at 0x7feb9a2ddaf0>,7,16,[4 5],8,8,24,0,8
1,<environment.Job instance at 0x7feb9a4b1d70>,12,2,[2 5],13,24,26,11,13
1,<environment.Job instance at 0x7feb9a4b1f50>,15,1,[4 9],16,30,31,14,16
1,<environment.Job instance at 0x7feb9a4b1370>,14,12,[ 2 13],15,31,43,16,17
1,<environment.Job instance at 0x7feb9a4b7640>,19,1,[10  1],20,20,21,0,20
1,<environment.Job instance at 0x7feb9a4b7280>,20,12,[8 1],21,21,33,0,21
1,<environment.Job instance at 0x7feb9a4b75f0>,17,24,[10  2],18,47,71,29,47
1,<environment.Job instance at 0x7feb9a4b7780>,26,13,[10  5],27,71,84,44,67
1,<environment.Job instance at 0x7feb9a75bd20>,1,20,[8 3],2,2,22,0,2
1,<environment.Job instance at 0x7feb9a75ba50>,3,18,[5 7],4,4,22,0,4
1,<environment.Job instance at 0x7feb9a59b960>,12,2,[2 5],13,22,24,9,22
1,<environment.Job instance at 0x7feb9a6ad730>,4,12,[3 8],5,22,34,17,22
1,<environment.Job instance at 0x7feb9a6adeb0>,7,16,[4 5],8,24,40,16,24
1,<environment.Job instance at 0x7feb9a59b2d0>,15,1,[4 9],16,34,35,18,34
1,<environment.Job instance at 0x7feb9a6f3a00>,19,1,[10  1],20,35,36,15,35
1,<environment.Job instance at 0x7feb9a6adf00>,6,13,[1 9],7,35,48,28,35
1,<environment.Job instance at 0x7feb9a6f3d20>,20,12,[8 1],21,36,48,15,36
1,<environment.Job instance at 0x7feb9a59b5f0>,16,15,[5 7],17,48,63,31,48
1,<environment.Job instance at 0x7feb9b882320>,26,13,[10  5],27,48,61,21,48
1,<environment.Job instance at 0x7feb9a73a7d0>,29,12,[5 5],30,61,73,31,61
1,<environment.Job instance at 0x7feb9a73ab40>,31,1,[9 1],32,63,64,31,63
1,<environment.Job instance at 0x7feb9a73a140>,32,14,[8 4],33,64,78,31,64
1,<environment.Job instance at 0x7feb9a73a1e0>,33,12,[5 9],34,73,85,39,73
1,<environment.Job instance at 0x7feb9a59bc80>,13,16,[8 4],14,78,94,64,78
1,<environment.Job instance at 0x7feb9a68e8c0>,36,12,[4 7],37,85,97,48,85
1,<environment.Job instance at 0x7feb9a68eaa0>,38,14,[10  4],39,94,108,55,94
1,<environment.Job instance at 0x7feb9a68e1e0>,40,2,[5 5],41,97,99,56,97
1,<environment.Job instance at 0x7feb9a68e050>,42,3,[1 6],43,99,102,56,99
1,<environment.Job instance at 0x7feb9a68e410>,44,3,[4 9],45,102,105,57,102
1,<environment.Job instance at 0x7feb9a68e7d0>,45,12,[ 2 10],46,105,117,59,105
1,<environment.Job instance at 0x7feb9a6b6e60>,46,2,[10  3],47,108,110,61,108
1,<environment.Job instance at 0x7feb9a59b050>,11,17,[10  4],12,110,127,98,110
1,<environment.Job instance at 0x7feb9a7576e0>,48,16,[2 6],49,117,133,68,117
1,<environment.Job instance at 0x7feb9a6b6050>,50,14,[6 4],51,127,141,76,127
1,<environment.Job instance at 0x7feb9a68e2d0>,35,18,[6 1],36,127,145,91,127
1,<environment.Job instance at 0x7feb9b1bbf50>,53,3,[1 6],54,133,136,79,133
1,<environment.Job instance at 0x7feb9ab5d460>,24,17,[ 3 10],25,136,153,111,136
1,<environment.Job instance at 0x7feb9a762f50>,57,12,[6 1],58,141,153,83,141
1,<environment.Job instance at 0x7feb9aabeb40>,58,2,[ 3 10],59,153,155,94,153
1,<environment.Job instance at 0x7feb9aabefa0>,59,3,[5 1],60,153,156,93,153
1,<environment.Job instance at 0x7feb9ae58d20>,62,1,[5 1],63,153,154,90,153
1,<environment.Job instance at 0x7feb9b5557d0>,69,12,[8 2],70,155,167,85,155
1,<environment.Job instance at 0x7feb9a3e3a00>,56,14,[7 5],57,156,170,99,156
1,<environment.Job instance at 0x7feb9a7bdf50>,76,1,[5 7],77,167,168,90,167
1,<environment.Job instance at 0x7feb9b6603c0>,73,16,[5 5],74,168,184,94,168
1,<environment.Job instance at 0x7feb9ad20b40>,77,18,[1 5],78,168,186,90,168
1,<environment.Job instance at 0x7feb9a993e10>,0,2,[9 1],1,1,3,0,1
1,<environment.Job instance at 0x7feb9a30d0f0>,1,14,[1 8],2,2,16,0,2
1,<environment.Job instance at 0x7feb9ab01b90>,2,12,[5 6],3,3,15,0,3
1,<environment.Job instance at 0x7feb9ab01230>,4,12,[5 1],5,5,17,0,5
1,<environment.Job instance at 0x7feb9ab01aa0>,8,14,[6 3],9,15,29,6,9
1,<environment.Job instance at 0x7feb9ab016e0>,10,3,[1 9],11,16,19,5,11
1,<environment.Job instance at 0x7feb9ab09190>,14,20,[ 2 10],15,19,39,4,15
1,<environment.Job instance at 0x7feb9ab09fa0>,15,2,[12  3],16,29,31,13,16
1,<environment.Job instance at 0x7feb9aaff190>,17,1,[8 4],18,31,32,13,18
1,<environment.Job instance at 0x7feb9aaffe10>,22,2,[ 2 13],23,39,41,16,23
1,<environment.Job instance at 0x7feb9a2e2aa0>,0,2,[9 1],1,1,3,0,1
1,<environment.Job instance at 0x7feb9a2e2280>,1,14,[1 8],2,2,16,0,2
1,<environment.Job instance at 0x7feb9b25c6e0>,2,12,[5 6],3,3,15,0,3
1,<environment.Job instance at 0x7feb9b25ce60>,4,12,[5 1],5,5,17,0,5
1,<environment.Job instance at 0x7feb9a81ff00>,8,14,[6 3],9,15,29,6,15
1,<environment.Job instance at 0x7feba4382870>,10,3,[1 9],11,16,19,5,16
1,<environment.Job instance at 0x7feb9b005640>,17,1,[8 4],18,19,20,1,19
1,<environment.Job instance at 0x7feb9ae81140>,9,17,[4 5],10,20,37,10,20
1,<environment.Job instance at 0x7feb9a89a1e0>,25,12,[1 7],26,26,38,0,26
1,<environment.Job instance at 0x7feb9a877640>,28,12,[1 8],29,37,49,8,37
1,<environment.Job instance at 0x7feb9a89a6e0>,26,15,[3 7],27,38,53,11,38
1,<environment.Job instance at 0x7feb9a877780>,31,14,[4 5],32,49,63,17,49
1,<environment.Job instance at 0x7feb9a877820>,29,16,[5 1],30,49,65,19,49
1,<environment.Job instance at 0x7feb9ae53640>,34,14,[1 7],35,53,67,18,53
1,<environment.Job instance at 0x7feb9af1c820>,20,18,[6 5],21,63,81,42,63
1,<environment.Job instance at 0x7feb9ae535a0>,36,1,[8 1],37,65,66,28,65
1,<environment.Job instance at 0x7feb9ae53aa0>,37,14,[5 7],38,67,81,29,67
1,<environment.Job instance at 0x7feb9ae53280>,38,15,[6 2],39,81,96,42,81
1,<environment.Job instance at 0x7feb9ae53960>,35,15,[ 1 10],36,81,96,45,81
1,<environment.Job instance at 0x7feb9a7d30a0>,39,2,[10  4],40,96,98,56,96
1,<environment.Job instance at 0x7feb9ae53910>,32,18,[2 5],33,96,114,63,96
1,<environment.Job instance at 0x7feb9aae55f0>,51,1,[7 2],52,98,99,46,98
1,<environment.Job instance at 0x7feb9b471e60>,52,2,[3 7],53,98,100,45,98
1,<environment.Job instance at 0x7feb9b05d910>,44,15,[10  3],45,99,114,54,99
1,<environment.Job instance at 0x7feb9b320280>,56,12,[9 1],57,114,126,57,114
1,<environment.Job instance at 0x7feb9a331690>,58,2,[4 7],59,114,116,55,114
1,<environment.Job instance at 0x7feb9aebab90>,14,20,[ 2 10],15,116,136,101,116
1,<environment.Job instance at 0x7feb9ae1d870>,53,16,[9 4],54,126,142,72,126
1,<environment.Job instance at 0x7feb9b4bda00>,65,15,[4 9],66,136,151,70,136
1,<environment.Job instance at 0x7feb9acc23c0>,76,12,[10  1],77,142,154,65,142
1,<environment.Job instance at 0x7feb9a753500>,73,12,[5 8],74,151,163,77,151
1,<environment.Job instance at 0x7feb9a4b7e10>,77,12,[2 7],78,154,166,76,154
1,<environment.Job instance at 0x7feb9a30a960>,75,14,[3 8],76,163,177,87,163
1,<environment.Job instance at 0x7feb9b14ab90>,54,18,[10  1],55,167,185,112,167
1,<environment.Job instance at 0x7feb9a7a9460>,4,18,[1 8],5,5,23,0,5
1,<environment.Job instance at 0x7feb9a7a9e60>,5,18,[2 7],6,6,24,0,6
1,<environment.Job instance at 0x7feb9a79ca00>,6,1,[6 5],7,23,24,16,7
1,<environment.Job instance at 0x7feb9a79caa0>,7,12,[2 8],8,24,36,16,8
1,<environment.Job instance at 0x7feb9a7845f0>,16,1,[10  5],17,24,25,7,18
1,<environment.Job instance at 0x7feb9a7a9050>,9,18,[7 4],10,25,43,15,19
1,<environment.Job instance at 0x7feb9a79c280>,14,13,[12  3],15,43,56,28,32
1,<environment.Job instance at 0x7feb9a784780>,20,16,[ 3 12],21,43,59,22,32
1,<environment.Job instance at 0x7feb9b75ccd0>,24,3,[1 9],25,59,62,34,45
1,<environment.Job instance at 0x7feb9b75cd70>,22,17,[9 2],23,56,73,33,45
1,<environment.Job instance at 0x7feb9a73a1e0>,4,18,[1 8],5,5,23,0,5
1,<environment.Job instance at 0x7feb9a3298c0>,5,18,[2 7],6,6,24,0,6
1,<environment.Job instance at 0x7feb9afd3a50>,6,1,[6 5],7,23,24,16,23
1,<environment.Job instance at 0x7feb9a73a870>,7,12,[2 8],8,24,36,16,24
1,<environment.Job instance at 0x7feb9aeba2d0>,11,14,[1 7],12,24,38,12,24
1,<environment.Job instance at 0x7feb9ab2feb0>,16,1,[10  5],17,36,37,19,36
1,<environment.Job instance at 0x7feb9a79c410>,17,14,[5 3],18,37,51,19,37
1,<environment.Job instance at 0x7feb9b0ce5a0>,12,18,[6 4],13,37,55,24,37
1,<environment.Job instance at 0x7feb9b724c30>,15,14,[3 9],16,51,65,35,51
1,<environment.Job instance at 0x7feb9a7a9500>,23,14,[10  1],24,55,69,31,55
1,<environment.Job instance at 0x7feb9a7a9a50>,24,3,[1 9],25,65,68,40,65
1,<environment.Job instance at 0x7feb9aae5140>,8,14,[ 1 10],9,68,82,59,68
1,<environment.Job instance at 0x7feb9a4b72d0>,25,3,[7 1],26,69,72,43,69
1,<environment.Job instance at 0x7feb9b51eb40>,21,15,[7 3],22,69,84,47,69
1,<environment.Job instance at 0x7feb9a363aa0>,30,13,[4 5],31,82,95,51,82
1,<environment.Job instance at 0x7feb9b050280>,28,17,[3 6],29,82,99,53,82
1,<environment.Job instance at 0x7feb9b050cd0>,29,13,[8 2],30,84,97,54,84
1,<environment.Job instance at 0x7feb9afb9500>,35,14,[5 9],36,97,111,61,97
1,<environment.Job instance at 0x7feb9a7a9af0>,22,17,[9 2],23,99,116,76,99
1,<environment.Job instance at 0x7feb9acb2960>,31,12,[ 4 10],32,111,123,79,111
1,<environment.Job instance at 0x7feb9af63140>,41,13,[8 2],42,116,129,74,116
1,<environment.Job instance at 0x7feb9b7c2690>,44,2,[3 8],45,123,125,78,123
1,<environment.Job instance at 0x7feb9ac0a3c0>,51,16,[7 2],52,125,141,73,125
1,<environment.Job instance at 0x7feb9a40c1e0>,55,2,[3 6],56,129,131,73,129
1,<environment.Job instance at 0x7feb9a6d2f50>,33,16,[ 2 10],34,131,147,97,131
1,<environment.Job instance at 0x7feb9ab16d70>,58,14,[10  2],59,141,155,82,141
1,<environment.Job instance at 0x7feb9afb9910>,38,18,[ 5 10],39,147,165,108,147
1,<environment.Job instance at 0x7feb9aa00af0>,62,13,[7 4],63,155,168,92,155
1,<environment.Job instance at 0x7feb9aa00960>,67,3,[2 7],68,166,169,98,166
1,<environment.Job instance at 0x7feb9a7af370>,69,12,[3 9],70,169,181,99,169
1,<environment.Job instance at 0x7feb9aa00cd0>,63,14,[10  2],64,169,183,105,169
1,<environment.Job instance at 0x7feb9a765e10>,0,15,[5 5],1,1,16,0,1
1,<environment.Job instance at 0x7feb9a2dafa0>,8,3,[9 4],9,9,12,0,9
1,<environment.Job instance at 0x7feb9a2dac80>,9,2,[7 5],10,12,14,2,10
1,<environment.Job instance at 0x7feb9aac5550>,11,12,[10  1],12,14,26,2,13
1,<environment.Job instance at 0x7feb9a2da3c0>,13,19,[ 5 14],14,16,35,2,15
1,<environment.Job instance at 0x7feb9a2d3730>,16,2,[ 4 14],17,35,37,18,17
1,<environment.Job instance at 0x7feb9a2d3410>,19,12,[ 1 10],20,37,49,17,20
1,<environment.Job instance at 0x7feb9a2d3f50>,22,17,[2 5],23,37,54,14,25
1,<environment.Job instance at 0x7feb9a2d3cd0>,21,13,[13  4],22,49,62,27,33
1,<environment.Job instance at 0x7feb9a703190>,32,13,[2 6],33,54,67,21,39
1,<environment.Job instance at 0x7feb9a789500>,36,15,[ 5 12],37,67,82,30,53
1,<environment.Job instance at 0x7feb9a70d910>,38,3,[6 4],39,62,65,23,53
1,<environment.Job instance at 0x7feb9a798e60>,42,2,[12  4],43,65,67,22,60
1,<environment.Job instance at 0x7feb9a2f5c80>,46,2,[5 1],47,62,64,15,60
1,<environment.Job instance at 0x7feb9a2f5a50>,47,16,[11  2],48,82,98,34,69
1,<environment.Job instance at 0x7feb9a7aa960>,50,20,[9 5],51,98,118,47,89
1,<environment.Job instance at 0x7feb9a7aa6e0>,51,15,[ 5 12],52,118,133,66,104
1,<environment.Job instance at 0x7feb9a7aa4b0>,49,13,[13  2],50,133,146,83,125
1,<environment.Job instance at 0x7feb9a7aa050>,52,19,[7 5],53,146,165,93,136
1,<environment.Job instance at 0x7feb9b913140>,54,14,[5 8],55,146,160,91,136
1,<environment.Job instance at 0x7feb9b9130a0>,55,13,[7 2],56,160,173,104,144
1,<environment.Job instance at 0x7feb9b9110f0>,56,3,[8 2],57,165,168,108,144
1,<environment.Job instance at 0x7feb9a2d3b90>,25,17,[ 5 13],26,168,185,142,156
1,<environment.Job instance at 0x7feb9b911370>,58,3,[5 3],59,185,188,126,159
1,<environment.Job instance at 0x7feb9b9110a0>,60,3,[1 9],61,185,188,124,159
1,<environment.Job instance at 0x7feb9b911d20>,64,1,[4 5],65,188,189,123,162
1,<environment.Job instance at 0x7feb9b92d0a0>,80,3,[14  4],81,189,192,108,165
1,<environment.Job instance at 0x7feb9b904e60>,76,3,[7 5],77,192,195,115,166
1,<environment.Job instance at 0x7feb9b92d500>,86,2,[13  2],87,195,197,108,168
1,<environment.Job instance at 0x7feb9b92d3c0>,84,3,[8 5],85,192,195,107,168
1,<environment.Job instance at 0x7feb9b92dd70>,97,1,[2 8],98,188,189,90,168
1,<environment.Job instance at 0x7feb9aa01820>,0,15,[5 5],1,1,16,0,1
1,<environment.Job instance at 0x7feb9aa01a00>,1,16,[ 2 10],2,2,18,0,2
1,<environment.Job instance at 0x7feb9ae73a50>,8,3,[9 4],9,16,19,7,16
1,<environment.Job instance at 0x7feb9ae73c30>,5,17,[2 5],6,18,35,12,18
1,<environment.Job instance at 0x7feb9ae731e0>,9,2,[7 5],10,19,21,9,19
1,<environment.Job instance at 0x7feb9ae73f50>,11,12,[10  1],12,21,33,9,21
1,<environment.Job instance at 0x7feb9ab83230>,15,17,[1 9],16,21,38,5,21
1,<environment.Job instance at 0x7feb9ab835f0>,14,12,[10  1],15,33,45,18,33
1,<environment.Job instance at 0x7feb9b84f820>,22,17,[2 5],23,35,52,12,35
1,<environment.Job instance at 0x7feb9a6e4c30>,23,17,[3 6],24,38,55,14,38
1,<environment.Job instance at 0x7feb9ab323c0>,28,12,[6 3],29,45,57,16,45
1,<environment.Job instance at 0x7feb9b84e460>,31,12,[4 6],32,52,64,20,52
1,<environment.Job instance at 0x7feb9ab32e60>,32,13,[2 6],33,55,68,22,55
1,<environment.Job instance at 0x7feb9a56fb90>,33,13,[10  4],34,64,77,30,64
1,<environment.Job instance at 0x7feb9a6d30f0>,19,12,[ 1 10],20,68,80,48,68
1,<environment.Job instance at 0x7feb9b931500>,38,3,[6 4],39,77,80,38,77
1,<environment.Job instance at 0x7feb9ac0a320>,46,2,[5 1],47,80,82,33,80
1,<environment.Job instance at 0x7feb9a6d6c80>,41,13,[3 9],42,80,93,38,80
1,<environment.Job instance at 0x7feb9ab32910>,34,15,[8 4],35,82,97,47,82
1,<environment.Job instance at 0x7feb9b2ba190>,54,14,[5 8],55,93,107,38,93
1,<environment.Job instance at 0x7feb9acb2230>,55,13,[7 2],56,97,110,41,97
1,<environment.Job instance at 0x7feb9ae63410>,56,3,[8 2],57,107,110,50,107
1,<environment.Job instance at 0x7feb9ae63500>,57,17,[7 2],58,110,127,52,110
1,<environment.Job instance at 0x7feb9b050eb0>,58,3,[5 3],59,110,113,51,110
1,<environment.Job instance at 0x7feb9ae73050>,3,21,[ 2 10],4,110,131,106,110
1,<environment.Job instance at 0x7feb9a2c7370>,53,17,[10  1],54,127,144,73,127
1,<environment.Job instance at 0x7feb9a4b7190>,60,3,[1 9],61,131,134,70,131
1,<environment.Job instance at 0x7feb9aae5f00>,64,1,[4 5],65,131,132,66,131
1,<environment.Job instance at 0x7feb9a4b72d0>,61,13,[4 6],62,134,147,72,134
1,<environment.Job instance at 0x7feb9aeba2d0>,63,12,[7 4],64,146,158,82,146
1,<environment.Job instance at 0x7feb9aa010f0>,4,18,[5 9],5,147,165,142,147
1,<environment.Job instance at 0x7feb9a6ea730>,48,18,[9 5],49,159,177,110,159
1,<environment.Job instance at 0x7feb9a7b06e0>,71,19,[5 5],72,165,184,93,165
1,<environment.Job instance at 0x7feb9b5461e0>,1,14,[4 8],2,2,16,0,2
1,<environment.Job instance at 0x7feb9b546690>,3,12,[1 6],4,4,16,0,4
1,<environment.Job instance at 0x7feb9b546410>,5,14,[8 4],6,16,30,10,6
1,<environment.Job instance at 0x7feb9a75bdc0>,7,1,[ 1 14],8,30,31,22,10
1,<environment.Job instance at 0x7feb9a75bc80>,10,3,[ 2 14],11,31,34,20,11
1,<environment.Job instance at 0x7feb9a75ba50>,17,3,[10  4],18,34,37,16,18
1,<environment.Job instance at 0x7feb9a75b820>,9,2,[3 6],10,20,22,10,20
1,<environment.Job instance at 0x7feb9a75b320>,18,13,[8 4],19,37,50,18,21
1,<environment.Job instance at 0x7feb9a75b140>,23,3,[4 9],24,24,27,0,24
1,<environment.Job instance at 0x7feb9a75b960>,22,13,[ 3 12],23,50,63,27,34
1,<environment.Job instance at 0x7feb9b5d2a00>,26,16,[ 5 11],27,34,50,7,34
1,<environment.Job instance at 0x7feb9b5d2c30>,24,13,[8 2],25,50,63,25,34
1,<environment.Job instance at 0x7feb9b5d2aa0>,32,2,[1 9],33,63,65,30,36
1,<environment.Job instance at 0x7feb9b9161e0>,1,14,[4 8],2,2,16,0,2
1,<environment.Job instance at 0x7feb9ace8dc0>,3,12,[1 6],4,4,16,0,4
1,<environment.Job instance at 0x7feb9a736870>,9,2,[3 6],10,16,18,6,16
1,<environment.Job instance at 0x7feb9b4f28c0>,5,14,[8 4],6,16,30,10,16
1,<environment.Job instance at 0x7feb9b931500>,23,3,[4 9],24,24,27,0,24
1,<environment.Job instance at 0x7feb9a4b7190>,17,3,[10  4],18,30,33,12,30
1,<environment.Job instance at 0x7feb9a75be60>,32,2,[1 9],33,33,35,0,33
1,<environment.Job instance at 0x7feb9b7c2690>,18,13,[8 4],19,33,46,14,33
1,<environment.Job instance at 0x7feb9aa010f0>,33,14,[5 1],34,34,48,0,34
1,<environment.Job instance at 0x7feb9b5d2b40>,37,1,[ 2 10],38,38,39,0,38
1,<environment.Job instance at 0x7feb9aa0a7d0>,24,13,[8 2],25,46,59,21,46
1,<environment.Job instance at 0x7feb9b5d23c0>,41,15,[6 1],42,48,63,6,48
1,<environment.Job instance at 0x7feb9acd3c30>,47,14,[ 4 10],48,59,73,11,59
1,<environment.Job instance at 0x7feb9b866eb0>,48,1,[5 5],49,63,64,14,63
1,<environment.Job instance at 0x7feb9a535870>,11,15,[9 2],12,64,79,52,64
1,<environment.Job instance at 0x7feb9a56fb90>,46,18,[3 5],47,73,91,26,73
1,<environment.Job instance at 0x7feb9ae67690>,53,2,[8 2],54,80,82,26,80
1,<environment.Job instance at 0x7feb9b732690>,56,12,[1 9],57,82,94,25,82
1,<environment.Job instance at 0x7feb9b546190>,40,18,[8 1],41,82,100,41,82
1,<environment.Job instance at 0x7feb9b732550>,57,22,[1 7],58,95,117,37,95
1,<environment.Job instance at 0x7feb9a765820>,50,16,[9 2],51,101,117,50,101
1,<environment.Job instance at 0x7feb9b275e60>,62,16,[6 5],63,117,133,54,117
1,<environment.Job instance at 0x7feb9a961e60>,59,16,[9 4],60,117,133,57,117
1,<environment.Job instance at 0x7feb9b086f50>,63,1,[10  5],64,133,134,69,133
1,<environment.Job instance at 0x7feb9b513c30>,34,17,[9 2],35,134,151,99,134
1,<environment.Job instance at 0x7feb9a683c80>,65,21,[ 1 10],66,134,155,68,134
1,<environment.Job instance at 0x7feb9b0865a0>,64,17,[10  4],65,151,168,86,151
1,<environment.Job instance at 0x7feb9a588d20>,67,19,[3 8],68,156,175,88,156
1,<environment.Job instance at 0x7feb9a5880a0>,68,16,[8 3],69,168,184,99,168
1,<environment.Job instance at 0x7feb9a1f6be0>,2,12,[2 9],3,3,15,0,3
1,<environment.Job instance at 0x7feb9a1f6500>,3,1,[ 4 13],4,15,16,11,4
1,<environment.Job instance at 0x7feb9a1f6230>,6,1,[ 1 14],7,16,17,9,7
1,<environment.Job instance at 0x7feb9a177f50>,8,14,[1 7],9,17,31,8,9
1,<environment.Job instance at 0x7feb9a177d70>,9,3,[8 2],10,10,13,0,10
1,<environment.Job instance at 0x7feb9a177d20>,18,18,[5 6],19,21,39,2,21
1,<environment.Job instance at 0x7feb9a177140>,21,12,[ 1 10],22,39,51,17,22
1,<environment.Job instance at 0x7feb9a177280>,20,15,[ 4 10],21,51,66,30,37
1,<environment.Job instance at 0x7feb9a153140>,28,3,[6 4],29,47,50,18,47
1,<environment.Job instance at 0x7feb9a153e60>,26,13,[3 9],27,66,79,39,50
1,<environment.Job instance at 0x7feb9a1530f0>,31,3,[3 6],32,66,69,34,55
1,<environment.Job instance at 0x7feb9a153cd0>,32,12,[5 8],33,79,91,46,62
1,<environment.Job instance at 0x7feb9b548e60>,2,12,[2 9],3,3,15,0,3
1,<environment.Job instance at 0x7feb9b547f50>,5,13,[10  3],6,6,19,0,6
1,<environment.Job instance at 0x7feb9ac203c0>,8,14,[1 7],9,15,29,6,15
1,<environment.Job instance at 0x7feb9b547aa0>,9,3,[8 2],10,19,22,9,19
1,<environment.Job instance at 0x7feb9b3beaf0>,18,18,[5 6],19,19,37,0,19
1,<environment.Job instance at 0x7feb9ac1a370>,26,13,[3 9],27,29,42,2,29
1,<environment.Job instance at 0x7feb9ae450f0>,15,18,[10  5],16,37,55,21,37
1,<environment.Job instance at 0x7feb9b0c9c30>,21,12,[ 1 10],22,42,54,20,42
1,<environment.Job instance at 0x7feb9b0aef50>,31,3,[3 6],32,54,57,22,54
1,<environment.Job instance at 0x7feb9ac1ae10>,28,3,[6 4],29,55,58,26,55
1,<environment.Job instance at 0x7feb9b0aea00>,33,12,[4 6],34,57,69,23,57
1,<environment.Job instance at 0x7feb9b0aec80>,32,12,[5 8],33,58,70,25,58
1,<environment.Job instance at 0x7feb9ac1a280>,27,15,[2 7],28,69,84,41,69
1,<environment.Job instance at 0x7feb9b0b43c0>,38,1,[7 3],39,70,71,31,70
1,<environment.Job instance at 0x7feb9b0ba5a0>,40,2,[3 7],41,71,73,30,71
1,<environment.Job instance at 0x7feb9b0b4aa0>,37,18,[7 1],38,71,89,33,71
1,<environment.Job instance at 0x7feb9b0ba910>,43,13,[5 8],44,84,97,40,84
1,<environment.Job instance at 0x7feb9b0b5690>,45,22,[8 3],46,90,112,44,90
1,<environment.Job instance at 0x7feb9ad76f50>,41,15,[3 8],42,97,112,55,97
1,<environment.Job instance at 0x7feb9b0b55f0>,46,1,[9 1],47,112,113,65,112
1,<environment.Job instance at 0x7feb9b0b5550>,48,3,[ 4 10],49,113,116,64,113
1,<environment.Job instance at 0x7feb9b0d5c30>,54,12,[7 2],55,113,125,58,113
1,<environment.Job instance at 0x7feb9b0b0960>,20,15,[ 4 10],21,117,132,96,117
1,<environment.Job instance at 0x7feb9b0d5c80>,52,19,[2 5],53,125,144,72,125
1,<environment.Job instance at 0x7feb9a4d18c0>,59,15,[ 3 10],60,133,148,73,133
1,<environment.Job instance at 0x7feb9ac09550>,61,13,[6 2],62,144,157,82,144
1,<environment.Job instance at 0x7feb9ad690a0>,55,20,[6 1],56,144,164,88,144
1,<environment.Job instance at 0x7feb9b0c0960>,35,18,[1 9],36,148,166,112,148
1,<environment.Job instance at 0x7feb9b140e60>,63,17,[5 4],64,158,175,94,158
1,<environment.Job instance at 0x7feb9a53f0f0>,66,19,[8 1],67,164,183,97,164
1,<environment.Job instance at 0x7feb9a3bc5f0>,71,2,[1 7],72,166,168,94,166
1,<environment.Job instance at 0x7feb9ac20aa0>,10,18,[1 9],11,168,186,157,168
1,<environment.Job instance at 0x7feba4281eb0>,1,2,[4 9],2,2,4,0,2
1,<environment.Job instance at 0x7feba4281550>,5,3,[6 5],6,6,9,0,6
1,<environment.Job instance at 0x7feb9b7ad2d0>,13,1,[ 2 13],14,14,15,0,14
1,<environment.Job instance at 0x7feb9b7ad370>,14,1,[1 8],15,15,16,0,15
1,<environment.Job instance at 0x7feb9b7ad9b0>,21,3,[7 3],22,22,25,0,22
1,<environment.Job instance at 0x7feba42816e0>,23,12,[5 3],24,24,36,0,24
1,<environment.Job instance at 0x7feb9b7ad6e0>,27,3,[4 5],28,28,31,0,28
1,<environment.Job instance at 0x7feb9b7ad550>,29,3,[ 2 13],30,36,39,6,30
1,<environment.Job instance at 0x7feb9b7adc30>,28,20,[ 1 10],29,39,59,10,34
1,<environment.Job instance at 0x7feb9a9ad0a0>,34,15,[ 3 11],35,59,74,24,45
1,<environment.Job instance at 0x7feb9a778280>,42,2,[14  1],43,52,54,9,52
1,<environment.Job instance at 0x7feb9a9adc30>,32,14,[9 2],33,54,68,21,53
1,<environment.Job instance at 0x7feb9a778190>,49,2,[ 5 11],50,74,76,24,57
1,<environment.Job instance at 0x7feb9a778c80>,50,1,[8 2],51,68,69,17,57
1,<environment.Job instance at 0x7feb9a778230>,55,12,[5 9],56,76,88,20,59
1,<environment.Job instance at 0x7feb9a7787d0>,59,2,[13  4],60,88,90,28,64
1,<environment.Job instance at 0x7feb9b4d43c0>,62,2,[14  5],63,90,92,27,65
1,<environment.Job instance at 0x7feb9a778af0>,57,15,[1 7],58,88,103,30,74
1,<environment.Job instance at 0x7feb9b4d4230>,70,3,[6 5],71,76,79,5,75
1,<environment.Job instance at 0x7feb9a60f730>,0,15,[ 4 10],1,1,16,0,1
1,<environment.Job instance at 0x7feb9abfedc0>,5,3,[6 5],6,6,9,0,6
1,<environment.Job instance at 0x7feba4256b90>,7,3,[9 1],8,9,12,1,9
1,<environment.Job instance at 0x7feba3e8c5f0>,1,2,[4 9],2,16,18,14,16
1,<environment.Job instance at 0x7feb9abfe6e0>,10,12,[5 4],11,16,28,5,16
1,<environment.Job instance at 0x7feb9b737410>,14,1,[1 8],15,18,19,3,18
1,<environment.Job instance at 0x7feba3ebe2d0>,12,13,[8 3],13,18,31,5,18
1,<environment.Job instance at 0x7feb9ac09550>,21,3,[7 3],22,28,31,6,28
1,<environment.Job instance at 0x7feb9b0b5550>,27,3,[4 5],28,31,34,3,31
1,<environment.Job instance at 0x7feb9ac09c30>,19,12,[6 5],20,31,43,11,31
1,<environment.Job instance at 0x7feb9ac09af0>,23,12,[5 3],24,31,43,7,31
1,<environment.Job instance at 0x7feb9b42f1e0>,32,14,[9 2],33,43,57,10,43
1,<environment.Job instance at 0x7feba43fdc80>,40,14,[4 9],41,43,57,2,43
1,<environment.Job instance at 0x7feb9b66d820>,33,14,[7 2],34,58,72,24,58
1,<environment.Job instance at 0x7feb9aa0e5a0>,39,15,[3 8],40,58,73,18,58
1,<environment.Job instance at 0x7feb9b0ce0f0>,43,18,[10  4],44,72,90,28,72
1,<environment.Job instance at 0x7feb9abfe730>,8,15,[3 9],9,75,90,66,75
1,<environment.Job instance at 0x7febab73dfa0>,3,18,[ 2 10],4,90,108,86,90
1,<environment.Job instance at 0x7feb9aad04b0>,46,20,[4 5],47,90,110,43,90
1,<environment.Job instance at 0x7feb9b371730>,50,1,[8 2],51,108,109,57,108
1,<environment.Job instance at 0x7feb9a9a1cd0>,48,14,[2 6],49,108,122,59,108
1,<environment.Job instance at 0x7feb9a703a50>,52,16,[5 3],53,109,125,56,109
1,<environment.Job instance at 0x7feb9d941eb0>,47,18,[4 6],48,110,128,62,110
1,<environment.Job instance at 0x7feb9a703460>,51,15,[2 7],52,125,140,73,125
1,<environment.Job instance at 0x7feb9aba2910>,53,16,[2 7],54,128,144,74,128
1,<environment.Job instance at 0x7feb9a1f15f0>,57,15,[1 7],58,140,155,82,140
1,<environment.Job instance at 0x7feb9a6eba50>,58,17,[6 2],59,144,161,85,144
1,<environment.Job instance at 0x7feb9af65550>,61,18,[2 5],62,144,162,82,144
1,<environment.Job instance at 0x7feb9aef8690>,70,3,[6 5],71,161,164,90,161
1,<environment.Job instance at 0x7feb9a6b0d70>,55,12,[5 9],56,162,174,106,162
1,<environment.Job instance at 0x7feb9afb1370>,0,14,[5 3],1,1,15,0,1
1,<environment.Job instance at 0x7feb9afb10f0>,11,13,[5 4],12,12,25,0,12
1,<environment.Job instance at 0x7feb9afb1cd0>,12,2,[14  2],13,25,27,12,13
1,<environment.Job instance at 0x7feb9a946910>,2,23,[ 3 11],3,27,50,24,21
1,<environment.Job instance at 0x7feb9d9665f0>,19,14,[6 2],20,27,41,7,24
1,<environment.Job instance at 0x7feb9d966230>,17,13,[ 2 10],18,50,63,32,40
1,<environment.Job instance at 0x7feb9d966b40>,20,13,[6 5],21,50,63,29,40
1,<environment.Job instance at 0x7feb9d966140>,22,3,[9 4],23,46,49,23,46
1,<environment.Job instance at 0x7feb9d966370>,16,20,[ 1 11],17,63,83,46,55
1,<environment.Job instance at 0x7feb9d966be0>,25,12,[12  3],26,63,75,37,55
1,<environment.Job instance at 0x7feb9d966410>,26,21,[7 4],27,75,96,48,67
1,<environment.Job instance at 0x7feb9d966050>,24,18,[ 1 10],25,83,101,58,73
1,<environment.Job instance at 0x7feb9d9661e0>,21,28,[1 5],22,96,124,74,95
1,<environment.Job instance at 0x7feb9afb1460>,14,23,[6 4],15,101,124,86,96
1,<environment.Job instance at 0x7feb9d966a00>,15,17,[5 5],16,101,118,85,96
1,<environment.Job instance at 0x7feb9ab5adc0>,33,14,[12  3],34,124,138,90,112
1,<environment.Job instance at 0x7feb9d9662d0>,27,20,[3 9],28,124,144,96,115
1,<environment.Job instance at 0x7feb9ab5aeb0>,39,16,[ 2 11],40,144,160,104,131
1,<environment.Job instance at 0x7feb9ab5a320>,40,1,[8 4],41,138,139,97,132
1,<environment.Job instance at 0x7feb9b92e500>,45,1,[5 5],46,139,140,93,134
1,<environment.Job instance at 0x7feb9b0c96e0>,0,14,[5 3],1,1,15,0,1
1,<environment.Job instance at 0x7feb9b0c9c30>,1,20,[8 1],2,2,22,0,2
1,<environment.Job instance at 0x7feb9ac20320>,11,13,[5 4],12,15,28,3,15
1,<environment.Job instance at 0x7feb9ac20d20>,8,15,[5 7],9,22,37,13,22
1,<environment.Job instance at 0x7feb9b0aea00>,6,18,[5 3],7,22,40,15,22
1,<environment.Job instance at 0x7feb9ac20eb0>,15,17,[5 5],16,28,45,12,28
1,<environment.Job instance at 0x7feb9b1a4dc0>,20,13,[6 5],21,40,53,19,40
1,<environment.Job instance at 0x7feb9b1a4d70>,22,3,[9 4],23,45,48,22,45
1,<environment.Job instance at 0x7feb9a567320>,17,13,[ 2 10],18,48,61,30,48
1,<environment.Job instance at 0x7feb9b0c0c80>,19,14,[6 2],20,53,67,33,53
1,<environment.Job instance at 0x7feb9b0aebe0>,5,16,[ 5 10],6,61,77,55,61
1,<environment.Job instance at 0x7feb9ac0d550>,35,13,[9 3],36,67,80,31,67
1,<environment.Job instance at 0x7feb9ac0daa0>,38,12,[ 3 10],39,77,89,38,77
1,<environment.Job instance at 0x7feb9ac0eeb0>,40,1,[8 4],41,80,81,39,80
1,<environment.Job instance at 0x7feb9ac0eb90>,43,16,[10  4],44,81,97,37,81
1,<environment.Job instance at 0x7feb9ac0e550>,44,2,[3 9],45,89,91,44,89
1,<environment.Job instance at 0x7feb9ac0ed70>,45,1,[5 5],46,91,92,45,91
1,<environment.Job instance at 0x7feb9ac0edc0>,42,3,[4 8],43,92,95,49,92
1,<environment.Job instance at 0x7feb9ac0e2d0>,47,15,[2 8],48,95,110,47,95
1,<environment.Job instance at 0x7feb9ac1a190>,30,16,[9 5],31,97,113,66,97
1,<environment.Job instance at 0x7feb9ac1a0f0>,24,18,[ 1 10],25,110,128,85,110
1,<environment.Job instance at 0x7feb9ac203c0>,13,16,[9 4],14,113,129,99,113
1,<environment.Job instance at 0x7feb9b06a410>,57,16,[ 2 10],58,128,144,70,128
1,<environment.Job instance at 0x7feb9ac0e5a0>,46,17,[7 1],47,129,146,82,129
1,<environment.Job instance at 0x7feb9b06abe0>,59,15,[5 5],60,144,159,84,144
1,<environment.Job instance at 0x7feb9b06a0f0>,60,15,[1 5],61,144,159,83,144
1,<environment.Job instance at 0x7feb9b0b40f0>,51,17,[9 5],52,146,163,94,146
1,<environment.Job instance at 0x7feb9a562780>,69,16,[2 6],70,159,175,89,159
1,<environment.Job instance at 0x7feb9b0d5050>,65,14,[7 4],66,163,177,97,163
1,<environment.Job instance at 0x7feb9b36bd20>,71,17,[5 5],72,163,180,91,163
1,<environment.Job instance at 0x7feb9a30d8c0>,2,2,[ 4 14],3,3,5,0,3
1,<environment.Job instance at 0x7feb9a30d500>,7,12,[10  1],8,8,20,0,8
1,<environment.Job instance at 0x7feb9a30d5f0>,8,3,[4 6],9,9,12,0,9
1,<environment.Job instance at 0x7feb9b438d20>,12,2,[13  2],13,20,22,7,13
1,<environment.Job instance at 0x7feb9b4388c0>,13,13,[7 4],14,22,35,8,14
1,<environment.Job instance at 0x7feb9b4385a0>,14,1,[7 1],15,22,23,7,15
1,<environment.Job instance at 0x7feb9b438b40>,18,3,[6 1],19,23,26,4,19
1,<environment.Job instance at 0x7feb9a30dc80>,16,21,[1 6],17,21,42,4,21
1,<environment.Job instance at 0x7feb9a30dbe0>,4,15,[13  5],5,35,50,30,22
1,<environment.Job instance at 0x7feb9b438730>,21,18,[5 1],22,50,68,28,39
1,<environment.Job instance at 0x7feb9b438230>,22,15,[2 8],23,42,57,19,39
1,<environment.Job instance at 0x7feb9b438960>,23,3,[ 1 12],24,57,60,33,39
1,<environment.Job instance at 0x7feb9a4b1780>,27,3,[ 5 13],28,60,63,32,39
1,<environment.Job instance at 0x7feb9a4b11e0>,28,12,[5 7],29,63,75,34,46
1,<environment.Job instance at 0x7feb9b438640>,17,14,[8 4],18,68,82,50,57
1,<environment.Job instance at 0x7feb9b4384b0>,19,12,[ 4 14],20,82,94,62,66
1,<environment.Job instance at 0x7feb9a4b1230>,35,3,[8 4],36,94,97,58,71
1,<environment.Job instance at 0x7feb9a9975a0>,41,1,[10  3],42,97,98,55,72
1,<environment.Job instance at 0x7feb9a4b1280>,32,1,[ 4 12],33,97,98,64,73
1,<environment.Job instance at 0x7feb9a997b90>,37,3,[7 1],38,75,78,37,74
1,<environment.Job instance at 0x7feb9a997320>,47,14,[8 1],48,98,112,50,83
1,<environment.Job instance at 0x7feb9a4b1050>,31,22,[1 5],32,98,120,66,91
1,<environment.Job instance at 0x7feb9a997af0>,51,1,[7 4],52,94,95,42,91
1,<environment.Job instance at 0x7feb9a997aa0>,52,14,[3 7],53,98,112,45,91
1,<environment.Job instance at 0x7feb9a997fa0>,53,15,[4 7],54,112,127,58,98
1,<environment.Job instance at 0x7feb9a0fbeb0>,54,14,[8 2],55,112,126,57,98
1,<environment.Job instance at 0x7feb9a997c80>,48,12,[13  4],49,127,139,78,111
1,<environment.Job instance at 0x7feb9a0fb690>,59,1,[14  3],60,139,140,79,111
1,<environment.Job instance at 0x7feb9a0fb3c0>,58,1,[1 5],59,120,121,61,111
1,<environment.Job instance at 0x7feb9aea2910>,3,15,[9 2],4,4,19,0,4
1,<environment.Job instance at 0x7feb9afaaa00>,5,18,[1 6],6,6,24,0,6
1,<environment.Job instance at 0x7feb9afaaa50>,8,3,[4 6],9,9,12,0,9
1,<environment.Job instance at 0x7feb9afaa140>,9,21,[5 3],10,12,33,2,12
1,<environment.Job instance at 0x7feb9a82f8c0>,14,1,[7 1],15,19,20,4,19
1,<environment.Job instance at 0x7feb9af9d9b0>,13,13,[7 4],14,20,33,6,20
1,<environment.Job instance at 0x7feb9aebfc80>,18,3,[6 1],19,33,36,14,33
1,<environment.Job instance at 0x7feb9afc8b40>,17,14,[8 4],18,33,47,15,33
1,<environment.Job instance at 0x7feb9af9c870>,22,15,[2 8],23,36,51,13,36
1,<environment.Job instance at 0x7feb9af9c7d0>,21,18,[5 1],22,36,54,14,36
1,<environment.Job instance at 0x7feb9aea2c30>,7,12,[10  1],8,52,64,44,52
1,<environment.Job instance at 0x7feb9afb0e60>,28,12,[5 7],29,54,66,25,54
1,<environment.Job instance at 0x7feb9afb77d0>,35,3,[8 4],36,64,67,28,64
1,<environment.Job instance at 0x7feb9afb7c80>,37,3,[7 1],38,66,69,28,66
1,<environment.Job instance at 0x7feb9afb7e60>,36,16,[1 7],37,68,84,31,68
1,<environment.Job instance at 0x7feb9b21c460>,34,19,[3 5],35,68,87,33,68
1,<environment.Job instance at 0x7feb9a833c30>,41,1,[10  3],42,69,70,27,69
1,<environment.Job instance at 0x7feb9a833e60>,47,14,[8 1],48,84,98,36,84
1,<environment.Job instance at 0x7feb9a8c7a00>,40,20,[1 7],41,84,104,43,84
1,<environment.Job instance at 0x7feb9a8334b0>,49,16,[6 3],50,87,103,37,87
1,<environment.Job instance at 0x7feb9a8c4870>,51,1,[7 4],52,98,99,46,98
1,<environment.Job instance at 0x7feb9a8339b0>,42,18,[8 4],43,99,117,56,99
1,<environment.Job instance at 0x7feb9a8c4a50>,52,14,[3 7],53,104,118,51,104
1,<environment.Job instance at 0x7feb9a815320>,54,14,[8 2],55,117,131,62,117
1,<environment.Job instance at 0x7feb9a815aa0>,58,1,[1 5],59,117,118,58,117
1,<environment.Job instance at 0x7feb9a8c4eb0>,53,15,[4 7],54,118,133,64,118
1,<environment.Job instance at 0x7feba3e952d0>,61,15,[9 5],62,131,146,69,131
1,<environment.Job instance at 0x7feb9afaa280>,6,17,[ 4 10],7,133,150,126,133
1,<environment.Job instance at 0x7feb9a585050>,63,12,[10  1],64,146,158,82,146
1,<environment.Job instance at 0x7feb9a815b40>,55,18,[4 9],56,150,168,94,150
1,<environment.Job instance at 0x7feb9afba5f0>,70,3,[5 2],71,158,161,87,158
1,<environment.Job instance at 0x7feb9a8bdf00>,67,13,[9 3],68,161,174,93,161
1,<environment.Job instance at 0x7feb9a909fa0>,1,2,[ 5 14],2,2,4,0,2
1,<environment.Job instance at 0x7feb9a909c30>,5,12,[ 5 11],6,6,18,0,6
1,<environment.Job instance at 0x7feb9a909b90>,6,12,[10  3],7,7,19,0,7
1,<environment.Job instance at 0x7feb9a909b40>,8,13,[3 8],9,18,31,9,9
1,<environment.Job instance at 0x7feb9a909460>,3,13,[3 7],4,19,32,15,12
1,<environment.Job instance at 0x7feb9a909690>,10,15,[1 9],11,32,47,21,19
1,<environment.Job instance at 0x7feb9a9091e0>,11,18,[10  4],12,31,49,19,25
1,<environment.Job instance at 0x7feb9ab0d2d0>,16,2,[14  5],17,49,51,32,25
1,<environment.Job instance at 0x7feb9ab0d6e0>,14,2,[14  1],15,51,53,36,30
1,<environment.Job instance at 0x7feb9ab0deb0>,17,15,[ 5 10],18,53,68,35,39
1,<environment.Job instance at 0x7feb9ab0d370>,19,16,[6 1],20,53,69,33,40
1,<environment.Job instance at 0x7feb9ab0d960>,20,2,[ 2 12],21,68,70,47,41
1,<environment.Job instance at 0x7feb9ab0d3c0>,22,2,[3 5],23,47,49,24,41
1,<environment.Job instance at 0x7feb9ab0d050>,23,2,[3 6],24,70,72,46,43
1,<environment.Job instance at 0x7feb9ab0da00>,26,2,[ 3 14],27,72,74,45,52
1,<environment.Job instance at 0x7feb9ab0dc80>,24,13,[5 6],25,74,87,49,58
1,<environment.Job instance at 0x7feb9ab0d5f0>,18,2,[12  5],19,70,72,51,60
1,<environment.Job instance at 0x7feb9ab0d870>,28,17,[1 7],29,74,91,45,62
1,<environment.Job instance at 0x7feb9ab15780>,35,3,[14  4],36,87,90,51,62
1,<environment.Job instance at 0x7feb9ab15f50>,40,13,[1 6],41,90,103,49,74
1,<environment.Job instance at 0x7feb9ab155f0>,41,18,[7 1],42,90,108,48,79
1,<environment.Job instance at 0x7feb9ab155a0>,44,21,[7 1],45,91,112,46,83
1,<environment.Job instance at 0x7feb9ab15640>,45,1,[6 2],46,83,84,37,83
1,<environment.Job instance at 0x7feb9a909050>,13,12,[1 8],14,103,115,89,87
1,<environment.Job instance at 0x7feb9ab0dd70>,27,17,[ 1 11],28,115,132,87,103
1,<environment.Job instance at 0x7feb9ab15730>,48,17,[9 4],49,112,129,63,105
1,<environment.Job instance at 0x7feb9ab15410>,49,2,[1 7],50,132,134,82,105
1,<environment.Job instance at 0x7feb9ab153c0>,46,24,[11  2],47,142,166,95,142
1,<environment.Job instance at 0x7feb9ab2c550>,55,15,[1 8],56,157,172,101,157
1,<environment.Job instance at 0x7feb9a560690>,2,18,[1 8],3,3,21,0,3
1,<environment.Job instance at 0x7feb9a148cd0>,3,13,[3 7],4,4,17,0,4
1,<environment.Job instance at 0x7feb9a560820>,6,12,[10  3],7,17,29,10,17
1,<environment.Job instance at 0x7feb9acac820>,8,13,[3 8],9,21,34,12,21
1,<environment.Job instance at 0x7feb9a5a01e0>,7,16,[5 7],8,29,45,21,29
1,<environment.Job instance at 0x7feb9a73a6e0>,13,12,[1 8],14,34,46,20,34
1,<environment.Job instance at 0x7feb9ac9ee10>,19,16,[6 1],20,45,61,25,45
1,<environment.Job instance at 0x7feb9a4e3050>,21,17,[8 3],22,45,62,23,45
1,<environment.Job instance at 0x7feb9b9087d0>,10,15,[1 9],11,46,61,35,46
1,<environment.Job instance at 0x7feb9a585eb0>,22,2,[3 5],23,61,63,38,61
1,<environment.Job instance at 0x7feb9a58cf50>,23,2,[3 6],24,61,63,37,61
1,<environment.Job instance at 0x7feb9b3c51e0>,24,13,[5 6],25,63,76,38,63
1,<environment.Job instance at 0x7feb9aba8b40>,29,13,[8 2],30,63,76,33,63
1,<environment.Job instance at 0x7feb9aba8640>,28,17,[1 7],29,63,80,34,63
1,<environment.Job instance at 0x7feb9a22c640>,31,13,[10  3],32,76,89,44,76
1,<environment.Job instance at 0x7feb9b22f9b0>,12,14,[ 4 10],13,80,94,67,80
1,<environment.Job instance at 0x7feb9a9973c0>,11,18,[10  4],12,89,107,77,89
1,<environment.Job instance at 0x7feb9b1afb40>,17,15,[ 5 10],18,94,109,76,94
1,<environment.Job instance at 0x7feb9a1c1d70>,41,18,[7 1],42,107,125,65,107
1,<environment.Job instance at 0x7feb9a1c11e0>,40,13,[1 6],41,109,122,68,109
1,<environment.Job instance at 0x7feb9ac51690>,45,1,[6 2],46,109,110,63,109
1,<environment.Job instance at 0x7feb9aecc0f0>,47,16,[2 5],48,110,126,62,110
1,<environment.Job instance at 0x7feb9a5445f0>,39,17,[2 8],40,122,139,82,122
1,<environment.Job instance at 0x7feb9a568410>,50,15,[6 1],51,125,140,74,125
1,<environment.Job instance at 0x7feb9a22c2d0>,32,17,[3 6],33,126,143,93,126
1,<environment.Job instance at 0x7feb9a568500>,49,2,[1 7],50,139,141,89,139
1,<environment.Job instance at 0x7feb9ac68690>,58,12,[4 7],59,141,153,82,141
1,<environment.Job instance at 0x7feb9a7adfa0>,62,2,[8 4],63,143,145,80,143
1,<environment.Job instance at 0x7feb9b240280>,55,15,[1 8],56,145,160,89,145
1,<environment.Job instance at 0x7feb9aecc280>,48,17,[9 4],49,154,171,105,154
1,<environment.Job instance at 0x7feb9a15daa0>,63,14,[ 4 10],64,160,174,96,160
1,<environment.Job instance at 0x7feb9a0145f0>,4,14,[2 9],5,5,19,0,5
1,<environment.Job instance at 0x7feb9a014870>,5,2,[5 1],6,6,8,0,6
1,<environment.Job instance at 0x7feb9aa90230>,7,3,[ 2 10],8,19,22,11,9
1,<environment.Job instance at 0x7feb9a014690>,8,3,[10  5],9,9,12,0,9
1,<environment.Job instance at 0x7feb9a014b40>,9,15,[ 4 11],10,22,37,12,12
1,<environment.Job instance at 0x7feb9a014e60>,13,2,[7 1],14,14,16,0,14
1,<environment.Job instance at 0x7feb9a931190>,14,2,[4 5],15,15,17,0,15
1,<environment.Job instance at 0x7feb9a9317d0>,15,13,[9 1],16,16,29,0,16
1,<environment.Job instance at 0x7feb9a931fa0>,18,15,[3 5],19,37,52,18,23
1,<environment.Job instance at 0x7feb9a014af0>,10,15,[ 1 11],11,52,67,41,38
1,<environment.Job instance at 0x7feb9a9311e0>,29,21,[5 1],30,38,59,8,38
1,<environment.Job instance at 0x7feb9b452320>,33,1,[12  2],34,59,60,25,38
1,<environment.Job instance at 0x7feb9a931d70>,22,3,[ 5 12],23,67,70,44,42
1,<environment.Job instance at 0x7feb9a931410>,31,12,[6 4],32,70,82,38,53
1,<environment.Job instance at 0x7feb9b452a50>,36,15,[3 7],37,70,85,33,56
1,<environment.Job instance at 0x7feb9b452410>,40,1,[7 3],41,56,57,15,56
1,<environment.Job instance at 0x7feb9b4525a0>,43,3,[13  4],44,60,63,16,56
1,<environment.Job instance at 0x7feba3eb1230>,51,18,[2 5],52,82,100,30,71
1,<environment.Job instance at 0x7feb9b4520f0>,48,18,[2 5],49,85,103,36,74
1,<environment.Job instance at 0x7feba3eb1320>,53,17,[7 3],54,82,99,28,74
1,<environment.Job instance at 0x7feba3eb1c30>,55,21,[3 7],56,100,121,44,94
1,<environment.Job instance at 0x7feba3eb15a0>,57,23,[6 1],58,99,122,41,94
1,<environment.Job instance at 0x7feba3eb1e10>,59,18,[4 6],60,103,121,43,99
1,<environment.Job instance at 0x7feba3eb1280>,58,12,[5 9],59,121,133,62,105
1,<environment.Job instance at 0x7feba3eb14b0>,61,13,[5 1],62,122,135,60,106
1,<environment.Job instance at 0x7feba3eb1730>,62,1,[ 2 11],63,133,134,70,106
1,<environment.Job instance at 0x7feba3eb1cd0>,63,19,[ 5 10],64,134,153,70,125
1,<environment.Job instance at 0x7feba3eb1dc0>,60,24,[4 5],61,135,159,74,133
1,<environment.Job instance at 0x7feba3eb11e0>,65,15,[ 1 13],66,159,174,93,145
1,<environment.Job instance at 0x7feb9b4521e0>,39,13,[ 2 14],40,174,187,134,159
1,<environment.Job instance at 0x7feb9a42ab40>,4,14,[2 9],5,5,19,0,5
1,<environment.Job instance at 0x7feb9a2f5e60>,5,2,[5 1],6,6,8,0,6
1,<environment.Job instance at 0x7feb9b546be0>,8,3,[10  5],9,9,12,0,9
1,<environment.Job instance at 0x7feb9a07fb90>,13,2,[7 1],14,14,16,0,14
1,<environment.Job instance at 0x7feb9accb5f0>,14,2,[4 5],15,15,17,0,15
1,<environment.Job instance at 0x7feb9a648af0>,15,13,[9 1],16,16,29,0,16
1,<environment.Job instance at 0x7feb9b5462d0>,7,3,[ 2 10],8,19,22,11,19
1,<environment.Job instance at 0x7feb9a648b90>,18,15,[3 5],19,22,37,3,22
1,<environment.Job instance at 0x7feb9a4895f0>,28,13,[7 2],29,29,42,0,29
1,<environment.Job instance at 0x7feb9accb0f0>,17,17,[5 6],18,29,46,11,29
1,<environment.Job instance at 0x7feb9a58e280>,31,12,[6 4],32,42,54,10,42
1,<environment.Job instance at 0x7feb9a489910>,26,14,[9 2],27,46,60,19,46
1,<environment.Job instance at 0x7feb9b312050>,35,14,[3 8],36,54,68,18,54
1,<environment.Job instance at 0x7feb9a0e0550>,36,15,[3 7],37,60,75,23,60
1,<environment.Job instance at 0x7feb99fdb820>,40,1,[7 3],41,68,69,27,68
1,<environment.Job instance at 0x7feb9aa7fa50>,24,18,[5 3],25,68,86,43,68
1,<environment.Job instance at 0x7feb9b3c51e0>,42,13,[6 3],43,69,82,26,69
1,<environment.Job instance at 0x7feb9a489f50>,27,20,[4 7],28,75,95,47,75
1,<environment.Job instance at 0x7feb9a58c4b0>,47,16,[8 2],48,86,102,38,86
1,<environment.Job instance at 0x7feb9a58cf50>,48,18,[2 5],49,86,104,37,86
1,<environment.Job instance at 0x7feb9a22c640>,51,18,[2 5],52,95,113,43,95
1,<environment.Job instance at 0x7feb9a0fe460>,52,13,[10  2],53,102,115,49,102
1,<environment.Job instance at 0x7feb9a22cb40>,45,18,[ 2 10],46,113,131,67,113
1,<environment.Job instance at 0x7feb9b1afe60>,53,17,[7 3],54,115,132,61,115
1,<environment.Job instance at 0x7feb9ac9ee10>,58,12,[5 9],59,131,143,72,131
1,<environment.Job instance at 0x7feb9a21ee10>,61,13,[5 1],62,132,145,70,132
1,<environment.Job instance at 0x7feb9b452dc0>,67,14,[5 4],68,143,157,75,143
1,<environment.Job instance at 0x7feb9a931cd0>,64,16,[ 3 10],65,143,159,78,143
1,<environment.Job instance at 0x7feb9aa7f2d0>,25,17,[7 5],26,157,174,131,157
1,<environment.Job instance at 0x7feb9a5b3870>,76,12,[7 4],77,159,171,82,159
1,<environment.Job instance at 0x7feb9a0c5460>,2,13,[1 6],3,3,16,0,3
1,<environment.Job instance at 0x7feb9a0c5f50>,3,1,[1 6],4,4,5,0,4
1,<environment.Job instance at 0x7feb9a0c56e0>,5,2,[ 4 10],6,16,18,10,6
1,<environment.Job instance at 0x7feb9a0c55a0>,7,16,[6 1],8,8,24,0,8
1,<environment.Job instance at 0x7feb9a0ee6e0>,13,3,[ 2 14],14,18,21,4,14
1,<environment.Job instance at 0x7feb9a0ee870>,16,24,[7 4],17,21,45,4,17
1,<environment.Job instance at 0x7feb9a0c30a0>,19,1,[7 5],20,24,25,4,20
1,<environment.Job instance at 0x7feb9a0c5eb0>,12,13,[1 8],13,25,38,12,22
1,<environment.Job instance at 0x7feb9a0ee4b0>,14,12,[14  1],15,45,57,30,30
1,<environment.Job instance at 0x7feb9a0c5d70>,8,13,[ 5 13],9,57,70,48,41
1,<environment.Job instance at 0x7feb9a0da640>,29,13,[7 4],30,70,83,40,54
1,<environment.Job instance at 0x7feb9a0daf00>,30,1,[14  3],31,83,84,52,55
1,<environment.Job instance at 0x7feb9a0da370>,31,16,[7 2],32,57,73,25,56
1,<environment.Job instance at 0x7feb9a0dabe0>,36,2,[12  1],37,84,86,47,57
1,<environment.Job instance at 0x7feb9a0dacd0>,35,3,[7 1],36,73,76,37,57
1,<environment.Job instance at 0x7feb9b603af0>,40,12,[6 1],41,86,98,45,69
1,<environment.Job instance at 0x7feb9a0dadc0>,34,28,[5 5],35,105,133,70,105
1,<environment.Job instance at 0x7feb9ad77f50>,0,14,[10  5],1,1,15,0,1
1,<environment.Job instance at 0x7feb9a4118c0>,2,13,[1 6],3,3,16,0,3
1,<environment.Job instance at 0x7feb9a4115f0>,3,1,[1 6],4,15,16,11,15
1,<environment.Job instance at 0x7feb9b0df780>,7,16,[6 1],8,15,31,7,15
1,<environment.Job instance at 0x7feb9b0e8730>,11,18,[7 2],12,15,33,3,15
1,<environment.Job instance at 0x7feb9b31a500>,12,13,[1 8],13,16,29,3,16
1,<environment.Job instance at 0x7feb9a91b230>,19,1,[7 5],20,31,32,11,31
1,<environment.Job instance at 0x7feb9b09cf00>,5,2,[ 4 10],6,32,34,26,32
1,<environment.Job instance at 0x7feb9b109aa0>,26,14,[8 2],27,33,47,6,33
1,<environment.Job instance at 0x7feb9ad36780>,29,13,[7 4],30,34,47,4,34
1,<environment.Job instance at 0x7feb9b1022d0>,21,16,[10  2],22,47,63,25,47
1,<environment.Job instance at 0x7feb9a411140>,10,16,[ 3 10],11,47,63,36,47
1,<environment.Job instance at 0x7feb9a9620f0>,35,3,[7 1],36,63,66,27,63
1,<environment.Job instance at 0x7feb9a962410>,33,13,[8 5],34,63,76,29,63
1,<environment.Job instance at 0x7feb9ad34730>,40,12,[6 1],41,66,78,25,66
1,<environment.Job instance at 0x7feb9b080f50>,31,16,[7 2],32,76,92,44,76
1,<environment.Job instance at 0x7feb9a4131e0>,44,12,[3 6],45,78,90,33,78
1,<environment.Job instance at 0x7feb9a4081e0>,17,18,[5 5],18,78,96,60,78
1,<environment.Job instance at 0x7feb9a4137d0>,45,2,[7 2],46,92,94,46,92
1,<environment.Job instance at 0x7feb9a4134b0>,47,13,[3 7],48,92,105,44,92
1,<environment.Job instance at 0x7feb9a413410>,48,3,[5 2],49,94,97,45,94
1,<environment.Job instance at 0x7feb9a413910>,46,17,[4 5],47,96,113,49,96
1,<environment.Job instance at 0x7feb9a413870>,49,1,[10  1],50,105,106,55,105
1,<environment.Job instance at 0x7feb9a413820>,53,13,[ 3 10],54,106,119,52,106
1,<environment.Job instance at 0x7feb9ad3acd0>,55,16,[5 5],56,113,129,57,113
1,<environment.Job instance at 0x7feb9ad1ad20>,60,12,[5 4],61,119,131,58,119
1,<environment.Job instance at 0x7feb9b1099b0>,27,18,[4 5],28,119,137,91,119
1,<environment.Job instance at 0x7feb9ad345f0>,38,18,[5 4],39,129,147,90,129
1,<environment.Job instance at 0x7feb9ad1acd0>,61,13,[1 8],62,137,150,75,137
1,<environment.Job instance at 0x7feb9a438910>,65,1,[1 7],66,147,148,81,147
1,<environment.Job instance at 0x7feb9a4385a0>,68,15,[9 4],69,148,163,79,148
1,<environment.Job instance at 0x7feb9ad2cb90>,43,17,[ 3 10],44,150,167,106,150
1,<environment.Job instance at 0x7feb9a7968c0>,70,1,[7 1],71,163,164,92,163
1,<environment.Job instance at 0x7feb9a796af0>,69,17,[8 2],70,164,181,94,164
1,<environment.Job instance at 0x7feb9a41e280>,72,12,[2 9],73,167,179,94,167
1,<environment.Job instance at 0x7feb9ad36820>,2,1,[9 3],3,3,4,0,3
1,<environment.Job instance at 0x7feb9ad36d70>,4,1,[ 3 10],5,5,6,0,5
1,<environment.Job instance at 0x7feb9ad36dc0>,5,13,[6 4],6,6,19,0,6
1,<environment.Job instance at 0x7feb9ad36690>,6,1,[5 4],7,7,8,0,7
1,<environment.Job instance at 0x7feb9ad364b0>,8,2,[7 5],9,9,11,0,9
1,<environment.Job instance at 0x7feb9ad36410>,7,22,[1 8],8,18,40,10,18
1,<environment.Job instance at 0x7feb9a211410>,2,1,[9 3],3,3,4,0,3
1,<environment.Job instance at 0x7feb9a2114b0>,3,14,[10  4],4,4,18,0,4
1,<environment.Job instance at 0x7feb9b302e10>,4,1,[ 3 10],5,5,6,0,5
1,<environment.Job instance at 0x7feb9a2111e0>,6,1,[5 4],7,7,8,0,7
1,<environment.Job instance at 0x7feb9a2ed5f0>,7,22,[1 8],8,8,30,0,8
1,<environment.Job instance at 0x7feb9aa000f0>,15,1,[3 5],16,18,19,2,18
1,<environment.Job instance at 0x7feb9a2ed780>,8,2,[7 5],9,19,21,10,19
1,<environment.Job instance at 0x7feb9a2115f0>,5,13,[6 4],6,21,34,15,21
1,<environment.Job instance at 0x7feb9aa00140>,18,12,[5 8],19,30,42,11,30
1,<environment.Job instance at 0x7feb9a7a82d0>,24,3,[1 6],25,34,37,9,34
1,<environment.Job instance at 0x7feb9aa00fa0>,12,14,[2 7],13,37,51,24,37
1,<environment.Job instance at 0x7feb9a793f00>,29,3,[8 4],30,42,45,12,42
1,<environment.Job instance at 0x7feb9aa00b40>,20,15,[8 2],21,45,60,24,45
1,<environment.Job instance at 0x7feb9aa00780>,17,17,[4 5],18,45,62,27,45
1,<environment.Job instance at 0x7feb9a79afa0>,35,3,[1 8],36,51,54,15,51
1,<environment.Job instance at 0x7feb9a79a280>,36,3,[10  1],37,60,63,23,60
1,<environment.Job instance at 0x7feb9a7bbbe0>,37,12,[1 8],38,60,72,22,60
1,<environment.Job instance at 0x7feb9a7bb4b0>,39,17,[7 2],40,63,80,23,63
1,<environment.Job instance at 0x7feb9a2f78c0>,32,18,[6 1],33,63,81,30,63
1,<environment.Job instance at 0x7feb9a7bb5f0>,40,1,[2 8],41,72,73,31,72
1,<environment.Job instance at 0x7feb9ad310f0>,45,1,[2 7],46,73,74,27,73
1,<environment.Job instance at 0x7feb9a7aca00>,44,17,[2 8],45,74,91,29,74
1,<environment.Job instance at 0x7feb9a7a75f0>,50,17,[7 4],51,80,97,29,80
1,<environment.Job instance at 0x7feb9a7ac9b0>,43,2,[5 8],44,91,93,47,91
1,<environment.Job instance at 0x7feb9a7a77d0>,46,12,[8 3],47,93,105,46,93
1,<environment.Job instance at 0x7feb9a2ce730>,27,14,[ 3 10],28,97,111,69,97
1,<environment.Job instance at 0x7feb9ad3a190>,60,1,[8 1],61,105,106,44,105
1,<environment.Job instance at 0x7feb9ad1ae60>,57,14,[7 2],58,106,120,48,106
1,<environment.Job instance at 0x7feb9ad2caf0>,63,12,[3 6],64,111,123,47,111
1,<environment.Job instance at 0x7feb9ad3acd0>,62,13,[3 7],63,111,124,48,111
1,<environment.Job instance at 0x7feb9ad34730>,65,1,[7 5],66,123,124,57,123
1,<environment.Job instance at 0x7feb9ad3a1e0>,59,16,[3 9],60,124,140,64,124
1,<environment.Job instance at 0x7feb9ad34690>,66,17,[10  1],67,124,141,57,124
1,<environment.Job instance at 0x7feb9ad048c0>,67,2,[1 9],68,140,142,72,140
1,<environment.Job instance at 0x7feb9ad04050>,68,16,[9 3],69,142,158,73,142
1,<environment.Job instance at 0x7feb9a962be0>,71,15,[1 5],72,142,157,70,142
1,<environment.Job instance at 0x7feb9b0800f0>,72,12,[1 6],73,142,154,69,142
1,<environment.Job instance at 0x7feb9a94fcd0>,73,13,[3 5],74,154,167,80,154
1,<environment.Job instance at 0x7feb9b05a8c0>,75,17,[5 8],76,158,175,82,158
1,<environment.Job instance at 0x7feb9ad1ad70>,58,18,[10  3],59,167,185,108,167
1,<environment.Job instance at 0x7feb9a4b81e0>,7,13,[7 4],8,8,21,0,8
1,<environment.Job instance at 0x7feb9a4b8460>,9,2,[ 5 11],10,10,12,0,10
1,<environment.Job instance at 0x7feb9a4b8820>,16,2,[ 4 12],17,21,23,4,17
1,<environment.Job instance at 0x7feb9a4b85a0>,19,3,[3 8],20,23,26,3,20
1,<environment.Job instance at 0x7feb9a4b8a00>,18,23,[1 8],19,26,49,7,23
1,<environment.Job instance at 0x7feb9a4b8d20>,23,14,[5 2],24,24,38,0,24
1,<environment.Job instance at 0x7feb9a4b8fa0>,25,18,[8 1],26,26,44,0,26
1,<environment.Job instance at 0x7feb9a4b8370>,11,16,[7 3],12,44,60,32,35
1,<environment.Job instance at 0x7feb9a4b8af0>,20,25,[3 5],21,51,76,30,51
1,<environment.Job instance at 0x7feb9a487190>,28,13,[ 3 13],29,81,94,52,81
1,<environment.Job instance at 0x7feb9a4870a0>,29,15,[11  2],30,102,117,72,102
1,<environment.Job instance at 0x7feb9a487230>,30,23,[ 1 10],31,107,130,76,107
1,<environment.Job instance at 0x7feb9a4b8b40>,27,15,[5 6],28,130,145,102,117
1,<environment.Job instance at 0x7feb9a487370>,32,3,[5 4],33,118,121,85,118
1,<environment.Job instance at 0x7feb9a487410>,33,12,[10  4],34,130,142,96,130
1,<environment.Job instance at 0x7feb9a4874b0>,34,2,[4 8],35,142,144,107,133
1,<environment.Job instance at 0x7feb9a4875f0>,35,24,[4 6],36,144,168,108,143
1,<environment.Job instance at 0x7feb9a4876e0>,36,13,[6 4],37,152,165,115,152
1,<environment.Job instance at 0x7feb9a487730>,37,21,[ 4 13],38,168,189,130,167
1,<environment.Job instance at 0x7feb9a4877d0>,38,1,[5 6],39,189,190,150,168
1,<environment.Job instance at 0x7feb99f8a140>,0,17,[6 4],1,1,18,0,1
1,<environment.Job instance at 0x7feb9a6529b0>,5,17,[8 1],6,6,23,0,6
1,<environment.Job instance at 0x7feb9a0dd550>,7,13,[7 4],8,18,31,10,18
1,<environment.Job instance at 0x7feb9a42c500>,19,3,[3 8],20,23,26,3,23
1,<environment.Job instance at 0x7feb9a42c190>,23,14,[5 2],24,26,40,2,26
1,<environment.Job instance at 0x7feb9b060780>,11,16,[7 3],12,31,47,19,31
1,<environment.Job instance at 0x7feb9a42bbe0>,27,15,[5 6],28,40,55,12,40
1,<environment.Job instance at 0x7feb99f8a960>,3,17,[10  1],4,47,64,43,47
1,<environment.Job instance at 0x7feb9a42b050>,32,3,[5 4],33,55,58,22,55
1,<environment.Job instance at 0x7feb9a42b690>,34,2,[4 8],35,58,60,23,58
1,<environment.Job instance at 0x7feb9a42cc80>,14,17,[4 6],15,60,77,45,60
1,<environment.Job instance at 0x7feb9a42b910>,38,1,[5 6],39,64,65,25,64
1,<environment.Job instance at 0x7feb9a42b190>,33,12,[10  4],34,65,77,31,65
1,<environment.Job instance at 0x7feb9b2fec80>,43,12,[8 5],44,77,89,33,77
1,<environment.Job instance at 0x7feb9a42be60>,36,13,[6 4],37,77,90,40,77
1,<environment.Job instance at 0x7feb9b2fe4b0>,44,2,[8 5],45,89,91,44,89
1,<environment.Job instance at 0x7feb9b2fe050>,46,2,[10  2],47,91,93,44,91
1,<environment.Job instance at 0x7feb9b2feaa0>,49,16,[10  1],50,93,109,43,93
1,<environment.Job instance at 0x7feb9a42bc80>,39,16,[8 1],40,109,125,69,109
1,<environment.Job instance at 0x7feb9b0ef410>,51,3,[4 7],52,109,112,57,109
1,<environment.Job instance at 0x7feb9b0ef3c0>,50,18,[7 3],51,112,130,61,112
1,<environment.Job instance at 0x7feb9a42baf0>,25,18,[8 1],26,125,143,99,125
1,<environment.Job instance at 0x7feb9b0ef140>,60,18,[6 3],61,130,148,69,130
1,<environment.Job instance at 0x7feb9b0ef820>,62,2,[9 2],63,143,145,80,143
1,<environment.Job instance at 0x7feb9ad366e0>,65,13,[1 6],66,145,158,79,145
1,<environment.Job instance at 0x7feb9b0ef190>,53,1,[10  4],54,148,149,94,148
1,<environment.Job instance at 0x7feb9a667c30>,4,17,[10  1],5,149,166,144,149
1,<environment.Job instance at 0x7feb9b05afa0>,73,15,[4 6],74,158,173,84,158
1,<environment.Job instance at 0x7feb9b05a1e0>,75,1,[10  3],76,166,167,90,166
1,<environment.Job instance at 0x7feb9b05a550>,72,14,[10  2],73,167,181,94,167
1,<environment.Job instance at 0x7feb9a4b09b0>,0,2,[ 1 13],1,1,3,0,1
1,<environment.Job instance at 0x7feb9b438410>,1,2,[ 5 10],2,3,5,1,2
1,<environment.Job instance at 0x7feb9b438230>,10,14,[ 4 10],11,11,25,0,11
1,<environment.Job instance at 0x7feb9b438e60>,11,1,[9 1],12,12,13,0,12
1,<environment.Job instance at 0x7feb9b438aa0>,12,12,[5 3],13,13,25,0,13
1,<environment.Job instance at 0x7feb9b438870>,13,13,[6 2],14,14,27,0,14
1,<environment.Job instance at 0x7feb9b438140>,15,24,[1 6],16,25,49,9,21
1,<environment.Job instance at 0x7feb9a1164b0>,20,1,[7 2],21,25,26,4,21
1,<environment.Job instance at 0x7feb9b438460>,14,21,[8 1],15,26,47,11,21
1,<environment.Job instance at 0x7feb9a1165a0>,19,15,[4 8],20,27,42,7,24
1,<environment.Job instance at 0x7feb9a116820>,22,2,[ 1 13],23,49,51,26,31
1,<environment.Job instance at 0x7feb9a1166e0>,27,1,[6 3],28,42,43,14,31
1,<environment.Job instance at 0x7feb9a1169b0>,25,1,[2 5],26,43,44,17,31
1,<environment.Job instance at 0x7feb9a1160f0>,28,13,[5 6],29,51,64,22,35
1,<environment.Job instance at 0x7feb9b21c140>,31,12,[5 6],32,51,63,19,36
1,<environment.Job instance at 0x7feb9a0c05a0>,44,2,[5 1],45,53,55,8,53
1,<environment.Job instance at 0x7feb9a0c0fa0>,45,1,[10  5],46,63,64,17,53
1,<environment.Job instance at 0x7feb9a0c03c0>,49,1,[ 2 14],50,64,65,14,53
1,<environment.Job instance at 0x7feb9a0c0b90>,50,14,[5 1],51,64,78,13,53
1,<environment.Job instance at 0x7feb9a0c0140>,52,13,[4 6],53,65,78,12,53
1,<environment.Job instance at 0x7feb9a10d050>,53,3,[7 3],54,78,81,24,54
1,<environment.Job instance at 0x7feb9a10d780>,54,2,[11  2],55,81,83,26,55
1,<environment.Job instance at 0x7feb9a10d3c0>,58,2,[9 2],59,83,85,24,59
1,<environment.Job instance at 0x7feb9a078c80>,60,3,[ 2 14],61,85,88,24,61
1,<environment.Job instance at 0x7feb9a078690>,62,3,[11  2],63,88,91,25,63
1,<environment.Job instance at 0x7feb9a078190>,63,13,[6 5],64,65,78,1,64
1,<environment.Job instance at 0x7feb9a078140>,64,1,[ 5 14],65,91,92,26,65
1,<environment.Job instance at 0x7feb9adf9730>,69,19,[6 2],70,92,111,22,82
1,<environment.Job instance at 0x7feb9adf9190>,74,16,[8 2],75,92,108,17,82
1,<environment.Job instance at 0x7feb9adf9410>,76,2,[10  2],77,111,113,34,84
1,<environment.Job instance at 0x7feb9a703460>,88,2,[3 8],89,89,91,0,89
1,<environment.Job instance at 0x7feb9a703f50>,90,3,[2 9],91,108,111,17,92
1,<environment.Job instance at 0x7feb9adf9dc0>,85,3,[10  2],86,113,116,27,94
1,<environment.Job instance at 0x7feb9a703c80>,94,14,[2 5],95,111,125,16,96
1,<environment.Job instance at 0x7feb9a703190>,95,12,[10  4],96,116,128,20,102
1,<environment.Job instance at 0x7feb9a703960>,96,16,[5 1],97,125,141,28,113
1,<environment.Job instance at 0x7feb9adf9690>,73,12,[3 8],74,128,140,54,113
1,<environment.Job instance at 0x7feb9a703820>,98,16,[3 6],99,128,144,29,120
1,<environment.Job instance at 0x7feb9a7035a0>,99,14,[ 2 12],100,144,158,44,129
1,<environment.Job instance at 0x7feba40a4eb0>,102,13,[5 2],103,140,153,37,131
1,<environment.Job instance at 0x7feba40a4d70>,105,2,[5 1],106,141,143,35,131
1,<environment.Job instance at 0x7feba40a4c30>,106,3,[10  2],107,153,156,46,131
1,<environment.Job instance at 0x7feb9a997d20>,114,2,[11  1],115,156,158,41,132
1,<environment.Job instance at 0x7feb9aabc0f0>,121,1,[6 2],122,143,144,21,133
1,<environment.Job instance at 0x7feb9b21cc80>,1,2,[ 5 10],2,2,4,0,2
1,<environment.Job instance at 0x7feb9a0c0640>,3,19,[6 4],4,4,23,0,4
1,<environment.Job instance at 0x7feb9a10dd70>,5,20,[8 5],6,6,26,0,6
1,<environment.Job instance at 0x7feb9b00f230>,12,12,[5 3],13,23,35,10,23
1,<environment.Job instance at 0x7feb9a997870>,11,1,[9 1],12,26,27,14,26
1,<environment.Job instance at 0x7feb9b0d50f0>,17,16,[1 8],18,26,42,8,26
1,<environment.Job instance at 0x7feb9a703eb0>,13,13,[6 2],14,27,40,13,27
1,<environment.Job instance at 0x7feb9a078d20>,8,17,[7 5],9,35,52,26,35
1,<environment.Job instance at 0x7feb9a88a6e0>,20,1,[7 2],21,40,41,19,40
1,<environment.Job instance at 0x7feb9adf9e60>,10,14,[ 4 10],11,42,56,31,42
1,<environment.Job instance at 0x7feb9b438050>,18,15,[9 3],19,52,67,33,52
1,<environment.Job instance at 0x7feb9b3fe5a0>,27,1,[6 3],28,56,57,28,56
1,<environment.Job instance at 0x7feb9b3fed20>,25,1,[2 5],26,57,58,31,57
1,<environment.Job instance at 0x7feb9a9e1cd0>,31,12,[5 6],32,58,70,26,58
1,<environment.Job instance at 0x7feb9b3febe0>,28,13,[5 6],29,67,80,38,67
1,<environment.Job instance at 0x7feb9a4b8dc0>,35,14,[9 1],36,70,84,34,70
1,<environment.Job instance at 0x7feb9b302e10>,34,14,[1 8],35,70,84,35,70
1,<environment.Job instance at 0x7feb9a4b8f00>,36,13,[8 3],37,84,97,47,84
1,<environment.Job instance at 0x7feb9a2111e0>,39,14,[6 2],40,84,98,44,84
1,<environment.Job instance at 0x7feb9a2ed690>,41,15,[1 9],42,84,99,42,84
1,<environment.Job instance at 0x7feb9a7a89b0>,44,2,[5 1],45,98,100,53,98
1,<environment.Job instance at 0x7feb9a7a87d0>,45,1,[10  5],46,99,100,53,99
1,<environment.Job instance at 0x7feb9a7a8280>,47,14,[10  3],48,100,114,52,100
1,<environment.Job instance at 0x7feb9a793aa0>,50,14,[5 1],51,100,114,49,100
1,<environment.Job instance at 0x7feb9a793f00>,52,13,[4 6],53,114,127,61,114
1,<environment.Job instance at 0x7feb9a2f78c0>,53,3,[7 3],54,114,117,60,114
1,<environment.Job instance at 0x7feb9a7b3eb0>,55,18,[1 6],56,114,132,58,114
1,<environment.Job instance at 0x7feb9a7a8af0>,48,14,[10  2],49,117,131,68,117
1,<environment.Job instance at 0x7feb9a79a410>,58,2,[9 2],59,131,133,72,131
1,<environment.Job instance at 0x7feb9a498d20>,19,15,[4 8],20,132,147,112,132
1,<environment.Job instance at 0x7feb9a7aca50>,63,13,[6 5],64,133,146,69,133
1,<environment.Job instance at 0x7feb9a79ae60>,57,14,[8 5],58,146,160,88,146
1,<environment.Job instance at 0x7feb9ad310f0>,65,15,[2 9],66,147,162,81,147
1,<environment.Job instance at 0x7feb9a7853c0>,71,13,[10  5],72,160,173,88,160
1,<environment.Job instance at 0x7feb9a7968c0>,73,12,[3 8],74,162,174,88,162
1,<environment.Job instance at 0x7feb9a211370>,3,1,[6 1],4,4,5,0,4
1,<environment.Job instance at 0x7feb9a7e2f00>,11,13,[ 5 10],12,12,25,0,12
1,<environment.Job instance at 0x7feb9a9aa9b0>,15,2,[9 5],16,16,18,0,16
1,<environment.Job instance at 0x7feb9a718f00>,1,17,[ 2 14],2,25,42,23,17
1,<environment.Job instance at 0x7feb9a883e10>,19,2,[2 8],20,42,44,22,20
1,<environment.Job instance at 0x7feb9a883d20>,21,14,[5 1],22,22,36,0,22
1,<environment.Job instance at 0x7feb9a8836e0>,16,15,[ 4 11],17,44,59,27,34
1,<environment.Job instance at 0x7feb9a7e2690>,14,17,[8 5],15,59,76,44,53
1,<environment.Job instance at 0x7feb9a994460>,23,25,[4 9],24,59,84,35,58
1,<environment.Job instance at 0x7feb9a994b90>,25,16,[1 8],26,84,100,58,75
1,<environment.Job instance at 0x7feb9a994f00>,27,2,[ 3 12],28,100,102,72,75
1,<environment.Job instance at 0x7feb9a994050>,28,3,[5 3],29,76,79,47,75
1,<environment.Job instance at 0x7feb9a994780>,29,1,[5 5],30,79,80,49,75
1,<environment.Job instance at 0x7feb9a994280>,26,16,[ 5 10],27,102,118,75,90
1,<environment.Job instance at 0x7feb9a1a5d70>,31,18,[7 4],32,102,120,70,93
1,<environment.Job instance at 0x7feb9a1a5550>,32,2,[2 5],33,93,95,60,93
1,<environment.Job instance at 0x7feb9a994a00>,30,13,[ 1 10],31,118,131,87,102
1,<environment.Job instance at 0x7feb9a599410>,34,14,[10  2],35,120,134,85,106
1,<environment.Job instance at 0x7feb9a599320>,35,13,[ 2 13],36,131,144,95,119
1,<environment.Job instance at 0x7feb9a599230>,33,18,[14  4],34,144,162,110,139
1,<environment.Job instance at 0x7feb9a883640>,20,25,[ 2 12],21,162,187,141,158
1,<environment.Job instance at 0x7feb9b8851e0>,38,13,[7 2],39,162,175,123,158
1,<environment.Job instance at 0x7feb9b885910>,39,17,[5 3],40,175,192,135,165
1,<environment.Job instance at 0x7feb9a519320>,0,13,[9 2],1,1,14,0,1
1,<environment.Job instance at 0x7feb99f57370>,3,1,[6 1],4,4,5,0,4
1,<environment.Job instance at 0x7feb9ad77410>,7,16,[1 7],8,8,24,0,8
1,<environment.Job instance at 0x7feb9b080f50>,5,16,[10  2],6,14,30,8,14
1,<environment.Job instance at 0x7feb9a2c9eb0>,11,13,[ 5 10],12,24,37,12,24
1,<environment.Job instance at 0x7feb9a486410>,15,2,[9 5],16,30,32,14,30
1,<environment.Job instance at 0x7feb9a116aa0>,21,14,[5 1],22,32,46,10,32
1,<environment.Job instance at 0x7feb9a7e26e0>,19,2,[2 8],20,37,39,17,37
1,<environment.Job instance at 0x7feb9a751460>,28,3,[5 3],29,37,40,8,37
1,<environment.Job instance at 0x7feb9ace57d0>,29,1,[5 5],30,39,40,9,39
1,<environment.Job instance at 0x7feb9ace54b0>,30,13,[ 1 10],31,40,53,9,40
1,<environment.Job instance at 0x7feb9a6510a0>,31,18,[7 4],32,40,58,8,40
1,<environment.Job instance at 0x7feb9b00b730>,32,2,[2 5],33,53,55,20,53
1,<environment.Job instance at 0x7feb9b8850f0>,25,16,[1 8],26,55,71,29,55
1,<environment.Job instance at 0x7feb9b262690>,38,13,[7 2],39,58,71,19,58
1,<environment.Job instance at 0x7feb9a193460>,39,17,[5 3],40,58,75,18,58
1,<environment.Job instance at 0x7feb9b262280>,41,13,[2 9],42,71,84,29,71
1,<environment.Job instance at 0x7feb9b349e10>,34,14,[10  2],35,75,89,40,75
1,<environment.Job instance at 0x7feb9ad34780>,42,2,[ 1 10],43,84,86,41,84
1,<environment.Job instance at 0x7feb9a0dadc0>,44,15,[4 8],45,86,101,41,86
1,<environment.Job instance at 0x7feb9a0da910>,45,16,[3 6],46,89,105,43,89
1,<environment.Job instance at 0x7feb9a0da780>,47,3,[9 5],48,101,104,53,101
1,<environment.Job instance at 0x7feb9a0da960>,48,3,[5 4],49,104,107,55,104
1,<environment.Job instance at 0x7feb9a0da6e0>,49,13,[5 1],50,104,117,54,104
1,<environment.Job instance at 0x7feb9a8830f0>,26,16,[ 5 10],27,105,121,78,105
1,<environment.Job instance at 0x7feb9a0daaf0>,50,16,[6 2],51,117,133,66,117
1,<environment.Job instance at 0x7feb9a0da5a0>,54,15,[2 7],55,121,136,66,121
1,<environment.Job instance at 0x7feb9b2901e0>,57,18,[5 3],58,121,139,63,121
1,<environment.Job instance at 0x7feb9b290a00>,60,3,[6 5],61,133,136,72,133
1,<environment.Job instance at 0x7feb9b290e10>,61,13,[9 3],62,136,149,74,136
1,<environment.Job instance at 0x7feb9b4442d0>,63,12,[3 5],64,139,151,75,139
1,<environment.Job instance at 0x7feb9b444230>,64,15,[2 7],65,139,154,74,139
1,<environment.Job instance at 0x7feb9b444690>,65,12,[5 8],66,151,163,85,151
1,<environment.Job instance at 0x7feb9b4441e0>,62,15,[7 4],63,154,169,91,154
1,<environment.Job instance at 0x7feb9b444190>,67,13,[4 9],68,163,176,95,163
1,<environment.Job instance at 0x7feb9b444e10>,70,15,[4 5],71,169,184,98,169
1,<environment.Job instance at 0x7feb9a1c4c30>,0,13,[2 8],1,1,14,0,1
1,<environment.Job instance at 0x7feb9a1c4910>,1,1,[13  2],2,2,3,0,2
1,<environment.Job instance at 0x7feb9aa93d70>,4,14,[3 8],5,14,28,9,5
1,<environment.Job instance at 0x7feb9d95e500>,6,3,[5 5],7,7,10,0,7
1,<environment.Job instance at 0x7feb9a75e1e0>,11,12,[4 5],12,12,24,0,12
1,<environment.Job instance at 0x7feb9a5c4640>,15,1,[10  3],16,24,25,8,16
1,<environment.Job instance at 0x7feba40da140>,17,1,[5 2],18,18,19,0,18
1,<environment.Job instance at 0x7feba3f1f870>,21,12,[5 4],22,25,37,3,22
1,<environment.Job instance at 0x7feb9ad2d320>,22,13,[1 5],23,28,41,5,23
1,<environment.Job instance at 0x7feb9a40e370>,24,15,[7 3],25,25,40,0,25
1,<environment.Job instance at 0x7feb9b4af370>,27,15,[6 1],28,37,52,9,28
1,<environment.Job instance at 0x7feb9aec2280>,29,13,[3 5],30,40,53,10,30
1,<environment.Job instance at 0x7feb9aec2b90>,30,2,[7 5],31,52,54,21,31
1,<environment.Job instance at 0x7feb9b736050>,33,1,[10  1],34,54,55,20,34
1,<environment.Job instance at 0x7feb9a753a00>,37,17,[5 4],38,40,57,2,38
1,<environment.Job instance at 0x7feb9aa60e10>,38,3,[6 3],39,55,58,16,39
1,<environment.Job instance at 0x7feb9aa60b90>,41,3,[8 5],42,57,60,15,42
1,<environment.Job instance at 0x7feb9b87e4b0>,42,1,[3 7],43,55,56,12,44
1,<environment.Job instance at 0x7feb9aa66f50>,43,13,[1 7],44,56,69,12,45
1,<environment.Job instance at 0x7feb9d95ebe0>,9,15,[5 5],10,60,75,50,46
1,<environment.Job instance at 0x7feb9aa66aa0>,40,14,[10  5],41,69,83,28,55
1,<environment.Job instance at 0x7feb9a9d1820>,48,12,[1 7],49,75,87,26,58
1,<environment.Job instance at 0x7feb9a9d14b0>,49,13,[2 5],50,83,96,33,67
1,<environment.Job instance at 0x7feb9a9d13c0>,50,1,[4 6],51,87,88,36,67
1,<environment.Job instance at 0x7feb9a9c9230>,56,3,[8 1],57,83,86,26,67
1,<environment.Job instance at 0x7feb9a9d16e0>,53,16,[2 9],54,88,104,34,78
1,<environment.Job instance at 0x7feb9a9d1aa0>,47,13,[13  2],48,96,109,48,84
1,<environment.Job instance at 0x7feb9a9c98c0>,58,3,[13  3],59,109,112,50,86
1,<environment.Job instance at 0x7feb9a9c9550>,57,13,[ 4 12],58,112,125,54,96
1,<environment.Job instance at 0x7feb9a9d1910>,54,3,[4 5],55,125,128,70,99
1,<environment.Job instance at 0x7feb9a9c95a0>,63,16,[2 9],64,125,141,61,112
1,<environment.Job instance at 0x7feb9a40e0f0>,25,18,[ 4 11],26,141,159,115,131
1,<environment.Job instance at 0x7feb9a9fb5f0>,67,17,[12  1],68,159,176,91,155
1,<environment.Job instance at 0x7feb9a1026e0>,0,13,[2 8],1,1,14,0,1
1,<environment.Job instance at 0x7feb9a102c80>,2,22,[8 3],3,3,25,0,3
1,<environment.Job instance at 0x7feb9a102050>,6,3,[5 5],7,14,17,7,14
1,<environment.Job instance at 0x7feb9accb5f0>,11,12,[4 5],12,17,29,5,17
1,<environment.Job instance at 0x7feb9a1023c0>,5,13,[6 5],6,25,38,19,25
1,<environment.Job instance at 0x7feb9accb140>,9,15,[5 5],10,25,40,15,25
1,<environment.Job instance at 0x7feb9ae690a0>,12,13,[5 6],13,38,51,25,38
1,<environment.Job instance at 0x7feb9ae69af0>,15,1,[10  3],16,40,41,24,40
1,<environment.Job instance at 0x7feb9ae69a50>,17,1,[5 2],18,41,42,23,41
1,<environment.Job instance at 0x7feb9b4fbdc0>,4,14,[3 8],5,42,56,37,42
1,<environment.Job instance at 0x7feb9ae69eb0>,13,14,[9 5],14,51,65,37,51
1,<environment.Job instance at 0x7feb9ae69dc0>,21,12,[5 4],22,56,68,34,56
1,<environment.Job instance at 0x7feb9a0e4f00>,22,13,[1 5],23,56,69,33,56
1,<environment.Job instance at 0x7feb9ae69e10>,14,14,[ 1 10],15,68,82,53,68
1,<environment.Job instance at 0x7feb9a0e4c30>,24,15,[7 3],25,69,84,44,69
1,<environment.Job instance at 0x7feb9a0e4a50>,27,15,[6 1],28,82,97,54,82
1,<environment.Job instance at 0x7feb9accbbe0>,8,15,[2 8],9,82,97,73,82
1,<environment.Job instance at 0x7feb9a0e4960>,29,13,[3 5],30,84,97,54,84
1,<environment.Job instance at 0x7feb9a0e4d70>,30,2,[7 5],31,97,99,66,97
1,<environment.Job instance at 0x7feb9a0e4e10>,32,16,[4 6],33,97,113,64,97
1,<environment.Job instance at 0x7feb9a0e43c0>,33,1,[10  1],34,99,100,65,99
1,<environment.Job instance at 0x7feb9a0e40f0>,34,14,[4 7],35,100,114,65,100
1,<environment.Job instance at 0x7feb9b4e4910>,38,3,[6 3],39,113,116,74,113
1,<environment.Job instance at 0x7feb9b4e4b90>,37,17,[5 4],38,113,130,75,113
1,<environment.Job instance at 0x7feb9a0e4370>,23,16,[3 8],24,114,130,90,114
1,<environment.Job instance at 0x7feb9b4e4dc0>,41,3,[8 5],42,130,133,88,130
1,<environment.Job instance at 0x7feb9b4e4460>,42,1,[3 7],43,130,131,87,130
1,<environment.Job instance at 0x7feb9b4e48c0>,43,13,[1 7],44,131,144,87,131
1,<environment.Job instance at 0x7feb9b4e4a50>,40,14,[10  5],41,133,147,92,133
1,<environment.Job instance at 0x7feb9b4e4690>,48,12,[1 7],49,144,156,95,144
1,<environment.Job instance at 0x7feb9b4e49b0>,49,13,[2 5],50,147,160,97,147
1,<environment.Job instance at 0x7feb9a721960>,50,1,[4 6],51,156,157,105,156
1,<environment.Job instance at 0x7feb9a721c80>,51,14,[ 5 10],52,157,171,105,157
1,<environment.Job instance at 0x7feb9ae69be0>,18,16,[10  5],19,160,176,141,160
1,<environment.Job instance at 0x7fd0f42bc6e0>,0,2,[6 2],1,1,3,0,1
1,<environment.Job instance at 0x7fd0f42bc730>,1,15,[4 5],2,2,17,0,2
1,<environment.Job instance at 0x7fd0eac72c80>,3,13,[3 8],4,4,17,0,4
1,<environment.Job instance at 0x7fd0f42bc8c0>,7,12,[7 2],8,10,22,2,10
1,<environment.Job instance at 0x7fd0eac72fa0>,9,17,[8 1],10,17,34,7,11
1,<environment.Job instance at 0x7fd0eac76230>,11,1,[8 4],12,34,35,22,12
1,<environment.Job instance at 0x7fd0eac76460>,13,15,[4 5],14,22,37,8,14
1,<environment.Job instance at 0x7fd0eac765f0>,15,20,[3 5],16,22,42,6,16
1,<environment.Job instance at 0x7fd0eac76640>,18,18,[3 6],19,37,55,18,26
1,<environment.Job instance at 0x7fd0eac76a50>,22,3,[4 6],23,42,45,19,26
1,<environment.Job instance at 0x7fd0eac76b90>,24,2,[ 3 12],25,55,57,30,28
1,<environment.Job instance at 0x7fd0eac76c30>,25,16,[5 3],26,35,51,9,28
1,<environment.Job instance at 0x7fd0eac76370>,12,13,[ 2 12],13,57,70,44,41
1,<environment.Job instance at 0x7fd0eac769b0>,21,22,[8 2],22,51,73,29,50
1,<environment.Job instance at 0x7fd0eac76e60>,26,20,[4 8],27,70,90,43,61
1,<environment.Job instance at 0x7fd0eac76960>,28,2,[5 8],29,90,92,61,63
1,<environment.Job instance at 0x7fd0eac76d20>,29,24,[5 1],30,73,97,43,68
1,<environment.Job instance at 0x7fd0eac7a190>,30,15,[8 2],31,92,107,61,78
1,<environment.Job instance at 0x7fd0eac7a230>,31,13,[4 5],32,78,91,46,78
1,<environment.Job instance at 0x7fd0eac7a2d0>,32,14,[8 3],33,107,121,74,92
1,<environment.Job instance at 0x7fd0eac7a370>,33,16,[9 3],34,121,137,87,109
1,<environment.Job instance at 0x7fd0eac7a410>,34,20,[5 3],35,109,129,74,109
1,<environment.Job instance at 0x7fd0eac7a4b0>,35,3,[9 5],36,137,140,101,111
1,<environment.Job instance at 0x7fd0eac7a550>,36,16,[8 1],37,140,156,103,127
1,<environment.Job instance at 0x7fd0eac7a5f0>,37,2,[5 1],38,129,131,91,127
1,<environment.Job instance at 0x7fd0eac7a690>,38,14,[5 5],39,131,145,92,127
1,<environment.Job instance at 0x7fd0eac7a730>,39,12,[3 6],40,145,157,105,128
1,<environment.Job instance at 0x7fd0eac7a0a0>,41,3,[14  5],42,157,160,115,131
1,<environment.Job instance at 0x7fd0eac72e60>,19,21,[8 5],20,160,181,140,152
1,<environment.Job instance at 0x7fd0eac76e10>,0,2,[6 2],1,1,3,0,1
1,<environment.Job instance at 0x7fd0eac76dc0>,1,15,[4 5],2,2,17,0,2
1,<environment.Job instance at 0x7fd0eac7db90>,2,18,[ 3 10],3,3,21,0,3
1,<environment.Job instance at 0x7fd0eac7d5f0>,7,12,[7 2],8,17,29,9,17
1,<environment.Job instance at 0x7fd0eac72a50>,11,1,[8 4],12,21,22,9,21
1,<environment.Job instance at 0x7fd0eac82a00>,3,13,[3 8],4,22,35,18,22
1,<environment.Job instance at 0x7fd0eac72960>,13,15,[4 5],14,22,37,8,22
1,<environment.Job instance at 0x7fd0f42bc870>,9,17,[8 1],10,29,46,19,29
1,<environment.Job instance at 0x7fd0f42bc7d0>,10,14,[1 6],11,35,49,24,35
1,<environment.Job instance at 0x7fd0ead349b0>,18,18,[3 6],19,37,55,18,37
1,<environment.Job instance at 0x7fd0ead344b0>,22,3,[4 6],23,49,52,26,49
1,<environment.Job instance at 0x7fd0ead687d0>,25,16,[5 3],26,49,65,23,49
1,<environment.Job instance at 0x7fd0eac6d050>,5,18,[7 5],6,52,70,46,52
1,<environment.Job instance at 0x7fd0ead06230>,28,2,[5 8],29,66,68,37,66
1,<environment.Job instance at 0x7fd0eae1f7d0>,31,13,[4 5],32,68,81,36,68
1,<environment.Job instance at 0x7fd0ead331e0>,32,14,[8 3],33,70,84,37,70
1,<environment.Job instance at 0x7fd0ead34410>,23,18,[7 4],24,82,100,58,82
1,<environment.Job instance at 0x7fd0eae1fcd0>,30,15,[8 2],31,84,99,53,84
1,<environment.Job instance at 0x7fd0ead33370>,36,16,[8 1],37,99,115,62,99
1,<environment.Job instance at 0x7fd0ead33d70>,37,2,[5 1],38,100,102,62,100
1,<environment.Job instance at 0x7fd0ead33870>,38,14,[5 5],39,102,116,63,102
1,<environment.Job instance at 0x7fd0ead339b0>,35,3,[9 5],36,115,118,79,115
1,<environment.Job instance at 0x7fd0ead336e0>,39,12,[3 6],40,116,128,76,116
1,<environment.Job instance at 0x7fd0ead92780>,44,14,[8 4],45,118,132,73,118
1,<environment.Job instance at 0x7fd0ead92500>,47,16,[6 2],48,128,144,80,128
1,<environment.Job instance at 0x7fd0ead33320>,33,16,[9 3],34,133,149,99,133
1,<environment.Job instance at 0x7fd0ead2f500>,54,2,[5 8],55,144,146,89,144
1,<environment.Job instance at 0x7fd0ead2f230>,55,14,[ 2 10],56,146,160,90,146
1,<environment.Job instance at 0x7fd0ead92280>,43,14,[10  1],44,149,163,105,149
1,<environment.Job instance at 0x7fd0ead334b0>,34,20,[5 3],35,160,180,125,160
1,<environment.Job instance at 0x7fd0ead2f820>,58,2,[1 7],59,163,165,104,163
1,<environment.Job instance at 0x7fd0ead2f780>,57,15,[6 5],58,163,178,105,163
1,<environment.Job instance at 0x7fd0ead2f910>,59,16,[8 1],60,178,194,118,178
1,<environment.Job instance at 0x7fd0ead2fe60>,61,14,[ 2 10],62,178,192,116,178
1,<environment.Job instance at 0x7fd0ea3c7230>,0,1,[7 4],1,1,2,0,1
1,<environment.Job instance at 0x7fd0ea3c7f50>,1,13,[ 4 10],2,2,15,0,2
1,<environment.Job instance at 0x7fd0ea3c56e0>,5,19,[5 1],6,6,25,0,6
1,<environment.Job instance at 0x7fd0ea3c5460>,6,2,[8 2],7,15,17,8,7
1,<environment.Job instance at 0x7fd0ea3c6eb0>,13,2,[ 1 10],14,15,17,1,15
1,<environment.Job instance at 0x7fd0ea3c6f50>,15,3,[8 2],16,17,20,1,16
1,<environment.Job instance at 0x7fd0ea3c6a50>,14,2,[ 1 11],15,17,19,2,17
1,<environment.Job instance at 0x7fd0ea3c6730>,16,14,[8 4],17,20,34,3,18
1,<environment.Job instance at 0x7fd0ea3c6140>,17,3,[5 4],18,25,28,7,19
1,<environment.Job instance at 0x7fd0ea3c6d70>,11,12,[ 5 11],12,28,40,16,21
1,<environment.Job instance at 0x7fd0ea4a8690>,22,2,[ 3 12],23,40,42,17,25
1,<environment.Job instance at 0x7fd0ea4a8500>,23,1,[10  3],24,34,35,10,25
1,<environment.Job instance at 0x7fd0ea3c65f0>,19,16,[ 3 10],20,42,58,22,29
1,<environment.Job instance at 0x7fd0ea5f1cd0>,26,14,[11  2],27,40,54,13,29
1,<environment.Job instance at 0x7fd0ea4a5c80>,33,2,[11  2],34,54,56,20,34
1,<environment.Job instance at 0x7fd0ea23feb0>,46,1,[3 8],47,58,59,11,47
1,<environment.Job instance at 0x7fd0ea23fb90>,47,15,[5 6],48,58,73,10,48
1,<environment.Job instance at 0x7fd0ea22d280>,51,1,[7 2],52,56,57,4,52
1,<environment.Job instance at 0x7fd0ea4a5140>,37,13,[ 4 12],38,73,86,35,58
1,<environment.Job instance at 0x7fd0ea3c5f00>,10,12,[11  1],11,73,85,62,63
1,<environment.Job instance at 0x7fd0ea2453c0>,55,2,[6 4],56,63,65,7,63
1,<environment.Job instance at 0x7fd0ea31be60>,56,13,[ 5 13],57,114,127,57,114
1,<environment.Job instance at 0x7fd0ea272190>,59,20,[6 2],60,130,150,70,130
1,<environment.Job instance at 0x7fd0ea234b40>,54,15,[14  3],55,150,165,95,136
1,<environment.Job instance at 0x7fd0ea27b050>,66,3,[3 9],67,137,140,70,137
1,<environment.Job instance at 0x7fd0ea27c8c0>,62,16,[7 4],63,165,181,102,152
1,<environment.Job instance at 0x7fd0ea2aeaf0>,69,21,[6 4],70,165,186,95,157
1,<environment.Job instance at 0x7fd0ea2ae910>,70,17,[2 6],71,170,187,99,170
1,<environment.Job instance at 0x7fd0ea292d20>,74,1,[10  4],75,186,187,111,170
1,<environment.Job instance at 0x7fd0ea292730>,76,12,[ 3 10],77,187,199,110,170
1,<environment.Job instance at 0x7fd0ea292500>,77,3,[8 3],78,187,190,109,170
1,<environment.Job instance at 0x7fd0ea296550>,94,1,[8 5],95,190,191,95,174
1,<environment.Job instance at 0x7fd0ea3c34b0>,87,2,[14  5],88,199,201,111,174
1,<environment.Job instance at 0x7fd0ea295f50>,102,1,[ 5 14],103,201,202,98,174
1,<environment.Job instance at 0x7fd0ea295cd0>,100,3,[5 4],101,181,184,80,174
1,<environment.Job instance at 0x7fd0ea295eb0>,104,2,[10  1],105,191,193,86,174
1,<environment.Job instance at 0x7fd0eac90910>,0,1,[7 4],1,1,2,0,1
1,<environment.Job instance at 0x7fd0eac90870>,1,13,[ 4 10],2,2,15,0,2
1,<environment.Job instance at 0x7fd0eac90410>,5,19,[5 1],6,6,25,0,6
1,<environment.Job instance at 0x7fd0eac90320>,6,2,[8 2],7,15,17,8,15
1,<environment.Job instance at 0x7fd0eac90280>,13,2,[ 1 10],14,15,17,1,15
1,<environment.Job instance at 0x7fd0eac83d70>,15,3,[8 2],16,17,20,1,17
1,<environment.Job instance at 0x7fd0eac90b40>,7,22,[1 7],8,17,39,9,17
1,<environment.Job instance at 0x7fd0eac837d0>,17,3,[5 4],18,20,23,2,20
1,<environment.Job instance at 0x7fd0eac905a0>,2,14,[4 7],3,23,37,20,23
1,<environment.Job instance at 0x7fd0f4302140>,23,1,[10  3],24,37,38,13,37
1,<environment.Job instance at 0x7fd0eac839b0>,16,14,[8 4],17,38,52,21,38
1,<environment.Job instance at 0x7fd0ea591f50>,30,13,[5 1],31,38,51,7,38
1,<environment.Job instance at 0x7fd0eac90190>,12,15,[3 9],13,51,66,38,51
1,<environment.Job instance at 0x7fd0ea465870>,39,13,[10  1],40,52,65,12,52
1,<environment.Job instance at 0x7fd0ea49dfa0>,35,15,[3 5],36,65,80,29,65
1,<environment.Job instance at 0x7fd0eac83960>,19,16,[ 3 10],20,66,82,46,66
1,<environment.Job instance at 0x7fd0ea48d730>,40,16,[7 2],41,80,96,39,80
1,<environment.Job instance at 0x7fd0ea42c4b0>,46,1,[3 8],47,82,83,35,82
1,<environment.Job instance at 0x7fd0ea42cf50>,47,15,[5 6],48,83,98,35,83
1,<environment.Job instance at 0x7fd0ea42fe60>,49,17,[3 5],50,83,100,33,83
1,<environment.Job instance at 0x7fd0ea42f640>,51,1,[7 2],52,98,99,46,98
1,<environment.Job instance at 0x7fd0ea49f690>,55,2,[6 4],56,99,101,43,99
1,<environment.Job instance at 0x7fd0ea42f0a0>,50,15,[ 5 10],51,100,115,49,100
1,<environment.Job instance at 0x7fd0ea432cd0>,62,16,[7 4],63,101,117,38,101
1,<environment.Job instance at 0x7fd0ea442870>,65,16,[7 4],66,115,131,49,115
1,<environment.Job instance at 0x7fd0ea43ed20>,66,3,[3 9],67,117,120,50,117
1,<environment.Job instance at 0x7fd0ea48d050>,41,18,[ 1 10],42,121,139,79,121
1,<environment.Job instance at 0x7fd0ea432be0>,63,16,[9 4],64,131,147,67,131
1,<environment.Job instance at 0x7fd0ea43e140>,70,17,[2 6],71,139,156,68,139
1,<environment.Job instance at 0x7fd0ea48a820>,74,1,[10  4],75,147,148,72,147
1,<environment.Job instance at 0x7fd0ea3a5640>,28,17,[10  2],29,148,165,119,148
1,<environment.Job instance at 0x7fd0ea48abe0>,76,12,[ 3 10],77,156,168,79,156
1,<environment.Job instance at 0x7fd0ea48aeb0>,77,3,[8 3],78,165,168,87,165
1,<environment.Job instance at 0x7fd0ea446190>,79,15,[5 7],80,168,183,88,168
1,<environment.Job instance at 0x7fd0ea446e10>,80,12,[6 2],81,168,180,87,168
1,<environment.Job instance at 0x7fd0ea29c7d0>,2,22,[1 6],3,3,25,0,3
1,<environment.Job instance at 0x7fd0ea29c640>,6,3,[5 9],7,7,10,0,7
1,<environment.Job instance at 0x7fd0ea29c0a0>,9,3,[2 7],10,10,13,0,10
1,<environment.Job instance at 0x7fd0ea28aa00>,8,12,[ 2 11],9,25,37,16,13
1,<environment.Job instance at 0x7fd0ea29c820>,11,3,[4 7],12,14,17,2,14
1,<environment.Job instance at 0x7fd0ea29cfa0>,13,17,[7 1],14,16,33,2,16
1,<environment.Job instance at 0x7fd0ea29ccd0>,12,18,[ 2 10],13,37,55,24,26
1,<environment.Job instance at 0x7fd0ea29cb90>,15,2,[6 3],16,33,35,17,33
1,<environment.Job instance at 0x7fd0ea29c3c0>,7,15,[1 9],8,55,70,47,41
1,<environment.Job instance at 0x7fd0ea28a190>,2,22,[1 6],3,3,25,0,3
1,<environment.Job instance at 0x7fd0ea2fd050>,6,3,[5 9],7,7,10,0,7
1,<environment.Job instance at 0x7fd0ea2fdfa0>,9,3,[2 7],10,10,13,0,10
1,<environment.Job instance at 0x7fd0ea2fd820>,11,3,[4 7],12,13,16,1,13
1,<environment.Job instance at 0x7fd0ea3bb6e0>,13,17,[7 1],14,14,31,0,14
1,<environment.Job instance at 0x7fd0ea3bb0f0>,15,2,[6 3],16,16,18,0,16
1,<environment.Job instance at 0x7fd0ea3bbeb0>,14,18,[3 8],15,18,36,3,18
1,<environment.Job instance at 0x7fd0ea3bbaa0>,21,14,[3 6],22,31,45,9,31
1,<environment.Job instance at 0x7fd0ea3bb8c0>,22,3,[9 2],23,36,39,13,36
1,<environment.Job instance at 0x7fd0ea2fdd70>,7,15,[1 9],8,39,54,31,39
1,<environment.Job instance at 0x7fd0ea270870>,24,3,[10  4],25,45,48,20,45
1,<environment.Job instance at 0x7fd0ea2fd7d0>,10,13,[ 1 10],11,54,67,43,54
1,<environment.Job instance at 0x7fd0ea270aa0>,30,13,[4 9],31,67,80,36,67
1,<environment.Job instance at 0x7fd0ea270f00>,31,12,[8 2],32,67,79,35,67
1,<environment.Job instance at 0x7fd0ea3bb0a0>,19,15,[4 9],20,81,96,61,81
1,<environment.Job instance at 0x7fd0ea26dd20>,37,17,[8 5],38,81,98,43,81
1,<environment.Job instance at 0x7fd0ea26db40>,39,3,[1 6],40,96,99,56,96
1,<environment.Job instance at 0x7fd0ea26ddc0>,41,17,[2 6],42,98,115,56,98
1,<environment.Job instance at 0x7fd0ea2705a0>,23,18,[4 8],24,99,117,75,99
1,<environment.Job instance at 0x7fd0ea26d3c0>,46,14,[9 5],47,115,129,68,115
1,<environment.Job instance at 0x7fd0ea26d2d0>,44,12,[ 1 10],45,117,129,72,117
1,<environment.Job instance at 0x7fd0ea268aa0>,50,2,[1 6],51,129,131,78,129
1,<environment.Job instance at 0x7fd0ea268d70>,51,15,[5 1],52,129,144,77,129
1,<environment.Job instance at 0x7fd0ea268cd0>,49,17,[2 8],50,129,146,79,129
1,<environment.Job instance at 0x7fd0ea2682d0>,54,18,[6 3],55,131,149,76,131
1,<environment.Job instance at 0x7fd0ea26db90>,35,22,[7 4],36,144,166,108,144
1,<environment.Job instance at 0x7fd0ea2688c0>,56,12,[4 7],57,149,161,92,149
1,<environment.Job instance at 0x7fd0ea268370>,57,12,[3 9],58,161,173,103,161
1,<environment.Job instance at 0x7fd0ea268e60>,59,3,[3 5],60,166,169,106,166
1,<environment.Job instance at 0x7fd0ea268280>,55,18,[9 2],56,169,187,113,169
1,<environment.Job instance at 0x7fd0ea268eb0>,60,16,[2 7],61,173,189,112,173
1,<environment.Job instance at 0x7fd0ea8efc80>,1,1,[9 1],2,2,3,0,2
1,<environment.Job instance at 0x7fd0ea8ef910>,2,14,[8 4],3,3,17,0,3
1,<environment.Job instance at 0x7fd0eb119d20>,3,12,[5 9],4,4,16,0,4
1,<environment.Job instance at 0x7fd0eb119370>,4,3,[11  3],5,17,20,12,5
1,<environment.Job instance at 0x7fd0eb119e60>,10,2,[5 5],11,20,22,9,11
1,<environment.Job instance at 0x7fd0eb1196e0>,12,3,[1 6],13,16,19,3,13
1,<environment.Job instance at 0x7fd0eb1192d0>,14,3,[4 9],15,19,22,4,15
1,<environment.Job instance at 0x7fd0eb1195f0>,15,12,[ 2 10],16,22,34,6,16
1,<environment.Job instance at 0x7fd0eb119910>,16,2,[10  3],17,22,24,5,17
1,<environment.Job instance at 0x7fd0eb119870>,20,14,[6 4],21,24,38,3,21
1,<environment.Job instance at 0x7fd0ea8ef1e0>,6,12,[4 7],7,34,46,27,23
1,<environment.Job instance at 0x7fd0eb119cd0>,23,3,[1 6],24,38,41,14,25
1,<environment.Job instance at 0x7fd0eb11d960>,26,14,[7 5],27,41,55,14,29
1,<environment.Job instance at 0x7fd0eb11d6e0>,29,3,[5 1],30,30,33,0,30
1,<environment.Job instance at 0x7fd0eb11d500>,30,2,[11  4],31,55,57,24,31
1,<environment.Job instance at 0x7fd0eb11d3c0>,27,12,[6 1],28,57,69,29,40
1,<environment.Job instance at 0x7fd0eb11da00>,32,1,[5 1],33,46,47,13,42
1,<environment.Job instance at 0x7fd0eb11d2d0>,28,2,[ 3 10],29,47,49,18,42
1,<environment.Job instance at 0x7fd0eb11d280>,24,25,[4 9],25,85,110,60,85
1,<environment.Job instance at 0x7fd0eb11dd20>,37,2,[ 4 13],38,110,112,72,87
1,<environment.Job instance at 0x7fd0eb11d050>,36,24,[10  2],37,114,138,77,114
1,<environment.Job instance at 0x7fd0eb11da50>,25,18,[ 1 12],26,118,136,92,118
1,<environment.Job instance at 0x7fd0ea6575f0>,1,1,[9 1],2,2,3,0,2
1,<environment.Job instance at 0x7fd0ea2efb40>,2,14,[8 4],3,3,17,0,3
1,<environment.Job instance at 0x7fd0ea823f50>,3,12,[5 9],4,4,16,0,4
1,<environment.Job instance at 0x7fd0ea3c90f0>,10,2,[5 5],11,16,18,5,16
1,<environment.Job instance at 0x7fd0ea261fa0>,12,3,[1 6],13,17,20,4,17
1,<environment.Job instance at 0x7fd0ea3c95a0>,5,18,[6 1],6,17,35,11,17
1,<environment.Job instance at 0x7fd0ea2efd70>,6,12,[4 7],7,18,30,11,18
1,<environment.Job instance at 0x7fd0ea261dc0>,18,16,[2 6],19,20,36,1,20
1,<environment.Job instance at 0x7fd0ea261870>,19,18,[3 6],20,30,48,10,30
1,<environment.Job instance at 0x7fd0ea261320>,16,2,[10  3],17,35,37,18,35
1,<environment.Job instance at 0x7fd0ea2617d0>,23,3,[1 6],24,36,39,12,36
1,<environment.Job instance at 0x7fd0ea2618c0>,14,3,[4 9],15,39,42,24,39
1,<environment.Job instance at 0x7fd0eb69f4b0>,27,12,[6 1],28,42,54,14,42
1,<environment.Job instance at 0x7fd0ea261370>,20,14,[6 4],21,42,56,21,42
1,<environment.Job instance at 0x7fd0eaf49410>,28,2,[ 3 10],29,48,50,19,48
1,<environment.Job instance at 0x7fd0ea261c80>,15,12,[ 2 10],16,50,62,34,50
1,<environment.Job instance at 0x7fd0eb119aa0>,32,1,[5 1],33,54,55,21,54
1,<environment.Job instance at 0x7fd0eb119a00>,29,3,[5 1],30,55,58,25,55
1,<environment.Job instance at 0x7fd0eadd1cd0>,39,12,[8 2],40,58,70,18,58
1,<environment.Job instance at 0x7fd0eaca1cd0>,46,1,[5 7],47,62,63,15,62
1,<environment.Job instance at 0x7fd0eaca13c0>,47,18,[1 5],48,62,80,14,62
1,<environment.Job instance at 0x7fd0eaca1aa0>,49,3,[5 3],50,63,66,13,63
1,<environment.Job instance at 0x7fd0eae231e0>,52,12,[4 8],53,66,78,13,66
1,<environment.Job instance at 0x7fd0eae238c0>,53,12,[8 2],54,70,82,16,70
1,<environment.Job instance at 0x7fd0eb11ddc0>,43,16,[5 5],44,78,94,34,78
1,<environment.Job instance at 0x7fd0eae23460>,56,3,[9 1],57,82,85,25,82
1,<environment.Job instance at 0x7fd0eae237d0>,57,1,[7 4],58,85,86,27,85
1,<environment.Job instance at 0x7fd0eacd1780>,58,12,[5 5],59,86,98,27,86
1,<environment.Job instance at 0x7fd0f4363870>,26,14,[7 5],27,94,108,67,94
1,<environment.Job instance at 0x7fd0eb2a65f0>,61,14,[4 9],62,98,112,36,98
1,<environment.Job instance at 0x7fd0ea3c9730>,8,14,[10  4],9,108,122,99,108
1,<environment.Job instance at 0x7fd0eacfd0f0>,67,1,[5 1],68,112,113,44,112
1,<environment.Job instance at 0x7fd0ead97e10>,64,12,[4 8],65,113,125,48,113
1,<environment.Job instance at 0x7fd0eb119460>,31,14,[9 5],32,122,136,90,122
1,<environment.Job instance at 0x7fd0eacaa550>,75,12,[ 3 10],76,125,137,49,125
1,<environment.Job instance at 0x7fd0eacaa230>,77,13,[8 5],78,136,149,58,136
1,<environment.Job instance at 0x7fd0eacaaaf0>,78,13,[3 9],79,137,150,58,137
1,<environment.Job instance at 0x7fd0eacd6460>,80,16,[6 5],81,149,165,68,149
1,<environment.Job instance at 0x7fd0eacd62d0>,81,3,[5 9],82,150,153,68,150
1,<environment.Job instance at 0x7fd0eaf7a140>,82,2,[6 4],83,153,155,70,153
1,<environment.Job instance at 0x7fd0eacd6370>,83,2,[3 5],84,153,155,69,153
1,<environment.Job instance at 0x7fd0eafbcaf0>,84,15,[2 5],85,155,170,70,155
1,<environment.Job instance at 0x7fd0eacaa0f0>,74,16,[5 5],75,155,171,80,155
1,<environment.Job instance at 0x7fd0eacaa460>,76,17,[4 5],77,165,182,88,165
1,<environment.Job instance at 0x7fd0ea77a2d0>,87,2,[2 9],88,171,173,83,171
1,<environment.Job instance at 0x7fd0eb2dacd0>,88,15,[9 1],89,171,186,82,171
1,<environment.Job instance at 0x7fd0eacd1280>,60,17,[2 7],61,173,190,112,173
1,<environment.Job instance at 0x7fd0ea61fdc0>,5,3,[12  1],6,6,9,0,6
1,<environment.Job instance at 0x7fd0eb0c14b0>,11,1,[7 2],12,12,13,0,12
1,<environment.Job instance at 0x7fd0eb0c1f00>,12,2,[3 7],13,13,15,0,13
1,<environment.Job instance at 0x7fd0eb0e0f50>,16,12,[9 1],17,18,30,1,18
1,<environment.Job instance at 0x7fd0eb0bfa50>,18,2,[4 7],19,19,21,0,19
1,<environment.Job instance at 0x7fd0ea7dc960>,4,15,[10  3],5,5,20,0,5
1,<environment.Job instance at 0x7fd0ea8f4460>,12,2,[3 7],13,13,15,0,13
1,<environment.Job instance at 0x7fd0ea8f4aa0>,11,1,[7 2],12,20,21,8,20
1,<environment.Job instance at 0x7fd0eb0792d0>,18,2,[4 7],19,20,22,1,20
1,<environment.Job instance at 0x7fd0ea8f4820>,16,12,[9 1],17,21,33,4,21
1,<environment.Job instance at 0x7fd0f4436320>,25,15,[4 9],26,26,41,0,26
1,<environment.Job instance at 0x7fd0ea8f4cd0>,13,16,[9 4],14,33,49,19,33
1,<environment.Job instance at 0x7fd0eb1e30f0>,33,12,[5 8],34,41,53,7,41
1,<environment.Job instance at 0x7fd0f42e5e10>,37,12,[2 7],38,49,61,11,49
1,<environment.Job instance at 0x7fd0eb359140>,36,12,[10  1],37,53,65,16,53
1,<environment.Job instance at 0x7fd0f42e5780>,38,14,[ 4 10],39,61,75,22,61
1,<environment.Job instance at 0x7fd0ea8f4230>,14,18,[10  1],15,66,84,51,66
1,<environment.Job instance at 0x7fd0eb359910>,35,14,[3 8],36,75,89,39,75
1,<environment.Job instance at 0x7fd0eb1d4b40>,44,13,[7 4],45,84,97,39,84
1,<environment.Job instance at 0x7fd0eb1d4410>,43,16,[3 8],44,89,105,45,89
1,<environment.Job instance at 0x7fd0eb3c9e60>,50,16,[7 2],51,97,113,46,97
1,<environment.Job instance at 0x7fd0eacda2d0>,51,16,[ 3 10],52,105,121,53,105
1,<environment.Job instance at 0x7fd0eae25eb0>,47,16,[6 2],48,113,129,65,113
1,<environment.Job instance at 0x7fd0ead6dfa0>,53,3,[4 8],54,121,124,67,121
1,<environment.Job instance at 0x7fd0ead6d9b0>,54,13,[5 5],55,121,134,66,121
1,<environment.Job instance at 0x7fd0eb3b4280>,55,2,[1 6],56,124,126,68,124
1,<environment.Job instance at 0x7fd0eae25a00>,46,17,[1 8],47,126,143,79,126
1,<environment.Job instance at 0x7fd0eacbb190>,57,1,[5 1],58,129,130,71,129
1,<environment.Job instance at 0x7fd0ead45d70>,59,3,[2 6],60,134,137,74,134
1,<environment.Job instance at 0x7fd0eacda6e0>,52,16,[5 7],53,137,153,84,137
1,<environment.Job instance at 0x7fd0eac6a550>,66,14,[5 1],67,144,158,77,144
1,<environment.Job instance at 0x7fd0f42e55f0>,39,18,[4 6],40,144,162,104,144
1,<environment.Job instance at 0x7fd0ead823c0>,60,19,[2 8],61,153,172,92,153
1,<environment.Job instance at 0x7fd0eb0ab5f0>,68,15,[10  3],69,162,177,93,162
1,<environment.Job instance at 0x7fd0eadbc0f0>,64,12,[ 5 10],65,172,184,107,172
1,<environment.Job instance at 0x7fd0ead7ecd0>,70,14,[7 5],71,177,191,106,177
1,<environment.Job instance at 0x7fd0ea6cdeb0>,1,16,[7 2],2,2,18,0,2
1,<environment.Job instance at 0x7fd0ea6cd0f0>,2,1,[ 1 14],3,18,19,15,3
1,<environment.Job instance at 0x7fd0ea6cdc30>,5,2,[3 6],6,6,8,0,6
1,<environment.Job instance at 0x7fd0eb7a13c0>,10,20,[1 8],11,19,39,8,14
1,<environment.Job instance at 0x7fd0eb7a17d0>,11,22,[7 2],12,40,62,28,40
1,<environment.Job instance at 0x7fd0eb7a1640>,17,3,[2 7],18,40,43,22,40
1,<environment.Job instance at 0x7fd0eb7a1af0>,19,12,[3 9],20,43,55,23,40
1,<environment.Job instance at 0x7fd0eb7a18c0>,25,12,[6 1],26,55,67,29,40
1,<environment.Job instance at 0x7fd0ea705730>,29,1,[7 4],30,62,63,32,44
1,<environment.Job instance at 0x7fd0ea705820>,31,3,[2 7],32,55,58,23,44
1,<environment.Job instance at 0x7fd0ea705dc0>,35,1,[5 1],36,48,49,12,48
1,<environment.Job instance at 0x7fd0ea3795f0>,49,1,[7 3],50,63,64,13,50
1,<environment.Job instance at 0x7fd0ea379eb0>,47,15,[ 1 12],48,64,79,16,51
1,<environment.Job instance at 0x7fd0ea379c80>,54,2,[5 7],55,79,81,24,58
1,<environment.Job instance at 0x7fd0ea645a00>,60,2,[ 1 13],61,81,83,20,61
1,<environment.Job instance at 0x7fd0ea645c30>,65,2,[8 2],66,66,68,0,66
1,<environment.Job instance at 0x7fd0ea645e60>,63,28,[5 1],64,68,96,4,68
1,<environment.Job instance at 0x7fd0eadc0b90>,74,1,[ 2 13],75,83,84,8,75
1,<environment.Job instance at 0x7fd0eaa91640>,1,16,[7 2],2,2,18,0,2
1,<environment.Job instance at 0x7fd0eaa91370>,5,2,[3 6],6,6,8,0,6
1,<environment.Job instance at 0x7fd0eb11ddc0>,10,20,[1 8],11,11,31,0,11
1,<environment.Job instance at 0x7fd0ead21d70>,11,22,[7 2],12,12,34,0,12
1,<environment.Job instance at 0x7fd0eb0c1f50>,12,13,[7 4],13,18,31,5,18
1,<environment.Job instance at 0x7fd0ead399b0>,17,3,[2 7],18,31,34,13,31
1,<environment.Job instance at 0x7fd0eb7a19b0>,19,12,[3 9],20,34,46,14,34
1,<environment.Job instance at 0x7fd0eaa87e10>,8,14,[10  2],9,34,48,25,34
1,<environment.Job instance at 0x7fd0ea705be0>,23,15,[2 8],24,46,61,22,46
1,<environment.Job instance at 0x7fd0ea705e10>,25,12,[6 1],26,48,60,22,48
1,<environment.Job instance at 0x7fd0eb27cfa0>,29,1,[7 4],30,48,49,18,48
1,<environment.Job instance at 0x7fd0eb68e6e0>,22,18,[6 1],23,49,67,26,49
1,<environment.Job instance at 0x7fd0ea379870>,31,3,[2 7],32,61,64,29,61
1,<environment.Job instance at 0x7fd0ea379b40>,30,16,[1 7],31,61,77,30,61
1,<environment.Job instance at 0x7fd0eaada780>,33,15,[4 7],34,64,79,30,64
1,<environment.Job instance at 0x7fd0eadc00f0>,35,1,[5 1],36,67,68,31,67
1,<environment.Job instance at 0x7fd0ead21690>,13,14,[10  2],14,77,91,63,77
1,<environment.Job instance at 0x7fd0eb68e1e0>,21,16,[4 8],22,79,95,57,79
1,<environment.Job instance at 0x7fd0ea6cd9b0>,37,13,[8 2],38,91,104,53,91
1,<environment.Job instance at 0x7fd0eb6caeb0>,43,13,[1 8],44,95,108,51,95
1,<environment.Job instance at 0x7fd0eaec2aa0>,49,1,[7 3],50,104,105,54,104
1,<environment.Job instance at 0x7fd0eb27c550>,28,16,[10  5],29,105,121,76,105
1,<environment.Job instance at 0x7fd0ea200cd0>,54,2,[5 7],55,108,110,53,108
1,<environment.Job instance at 0x7fd0eb0ccbe0>,55,14,[ 4 10],56,110,124,54,110
1,<environment.Job instance at 0x7fd0ea6cd640>,36,16,[9 4],37,121,137,84,121
1,<environment.Job instance at 0x7fd0eb0cc730>,56,15,[4 8],57,124,139,67,124
1,<environment.Job instance at 0x7fd0eaa8e8c0>,51,18,[2 7],52,138,156,86,138
1,<environment.Job instance at 0x7fd0ea20c7d0>,65,2,[8 2],66,139,141,73,139
1,<environment.Job instance at 0x7fd0ea205f00>,53,18,[3 8],54,142,160,88,142
1,<environment.Job instance at 0x7fd0f3e28320>,32,18,[2 7],33,157,175,124,157
1,<environment.Job instance at 0x7fd0ea213370>,69,16,[1 7],70,160,176,90,160
1,<environment.Job instance at 0x7fd0eb3e3500>,67,21,[9 1],68,160,181,92,160
1,<environment.Job instance at 0x7fd0eb0af780>,71,18,[1 6],72,175,193,103,175
1,<environment.Job instance at 0x7fd0ea6fb870>,0,3,[1 9],1,1,4,0,1
1,<environment.Job instance at 0x7fd0ea6fbb90>,1,13,[4 6],2,2,15,0,2
1,<environment.Job instance at 0x7fd0ea42c320>,3,12,[7 4],4,4,16,0,4
1,<environment.Job instance at 0x7fd0ea66e9b0>,4,1,[4 5],5,5,6,0,5
1,<environment.Job instance at 0x7fd0ea66e550>,5,21,[8 1],6,15,36,9,7
1,<environment.Job instance at 0x7fd0ea69f730>,10,13,[ 5 11],11,16,29,5,11
1,<environment.Job instance at 0x7fd0ea691690>,16,3,[7 5],17,29,32,12,17
1,<environment.Job instance at 0x7fd0ea6911e0>,19,3,[ 5 14],20,32,35,12,20
1,<environment.Job instance at 0x7fd0ea691dc0>,20,3,[14  4],21,36,39,15,21
1,<environment.Job instance at 0x7fd0ea691f50>,23,15,[5 5],24,39,54,15,25
1,<environment.Job instance at 0x7fd0eb76d320>,26,2,[13  2],27,54,56,27,27
1,<environment.Job instance at 0x7fd0eb77c190>,31,3,[ 1 10],32,35,38,3,32
1,<environment.Job instance at 0x7fd0eb0897d0>,33,13,[5 5],34,39,52,5,34
1,<environment.Job instance at 0x7fd0eb75c1e0>,35,3,[4 8],36,56,59,20,36
1,<environment.Job instance at 0x7fd0ea66e690>,24,3,[8 5],25,56,59,31,39
1,<environment.Job instance at 0x7fd0eaa3f690>,39,14,[1 7],40,59,73,19,44
1,<environment.Job instance at 0x7fd0eb714140>,37,1,[2 8],38,52,53,14,47
1,<environment.Job instance at 0x7fd0eaa3f460>,40,13,[4 5],41,59,72,18,48
1,<environment.Job instance at 0x7fd0ea56e320>,48,2,[7 4],49,72,74,23,49
1,<environment.Job instance at 0x7fd0eb716820>,49,2,[4 6],50,73,75,23,50
1,<environment.Job instance at 0x7fd0eb7169b0>,50,2,[12  2],51,75,77,24,51
1,<environment.Job instance at 0x7fd0ea56e230>,46,13,[11  4],47,77,90,30,61
1,<environment.Job instance at 0x7fd0eb716c30>,52,2,[1 6],53,74,76,21,61
1,<environment.Job instance at 0x7fd0eb716e10>,53,16,[4 6],54,77,93,23,64
1,<environment.Job instance at 0x7fd0eb716be0>,54,15,[ 5 12],55,93,108,38,79
1,<environment.Job instance at 0x7fd0eb732230>,47,17,[ 3 12],48,108,125,60,96
1,<environment.Job instance at 0x7fd0eb716910>,56,3,[3 6],57,125,128,68,99
1,<environment.Job instance at 0x7fd0eb716550>,57,3,[2 9],58,125,128,67,99
1,<environment.Job instance at 0x7fd0eb716780>,55,19,[ 4 10],56,128,147,72,118
1,<environment.Job instance at 0x7fd0eb71d1e0>,59,25,[10  5],60,134,159,74,134
1,<environment.Job instance at 0x7fd0eb71d3c0>,58,16,[2 7],59,147,163,88,143
1,<environment.Job instance at 0x7fd0eb71d050>,60,16,[7 3],61,159,175,98,146
1,<environment.Job instance at 0x7fd0eb71d2d0>,62,16,[1 8],63,163,179,100,150
1,<environment.Job instance at 0x7fd0eb714b40>,38,23,[3 6],39,175,198,136,169
1,<environment.Job instance at 0x7fd0eb71d730>,61,12,[8 4],62,179,191,117,177
1,<environment.Job instance at 0x7fd0ea711780>,0,3,[1 9],1,1,4,0,1
1,<environment.Job instance at 0x7fd0ea7117d0>,1,13,[4 6],2,2,15,0,2
1,<environment.Job instance at 0x7fd0ea62c140>,3,12,[7 4],4,4,16,0,4
1,<environment.Job instance at 0x7fd0ea6cf280>,4,1,[4 5],5,5,6,0,5
1,<environment.Job instance at 0x7fd0ea702e10>,13,12,[8 1],14,15,27,1,15
1,<environment.Job instance at 0x7fd0ea6cf4b0>,8,18,[7 3],9,16,34,7,16
1,<environment.Job instance at 0x7fd0ea702b40>,16,3,[7 5],17,27,30,10,27
1,<environment.Job instance at 0x7fd0ea702320>,17,14,[4 9],18,30,44,12,30
1,<environment.Job instance at 0x7fd0ea63ae60>,24,3,[8 5],25,34,37,9,34
1,<environment.Job instance at 0x7fd0ea702d70>,14,14,[10  2],15,37,51,22,37
1,<environment.Job instance at 0x7fd0eadcb7d0>,31,3,[ 1 10],32,44,47,12,44
1,<environment.Job instance at 0x7fd0ea63a4b0>,25,12,[ 1 10],26,48,60,22,48
1,<environment.Job instance at 0x7fd0eb7a62d0>,33,13,[5 5],34,51,64,17,51
1,<environment.Job instance at 0x7fd0ea707b40>,35,3,[4 8],36,60,63,24,60
1,<environment.Job instance at 0x7fd0ea7020f0>,22,15,[3 9],23,63,78,40,63
1,<environment.Job instance at 0x7fd0ea707870>,36,17,[7 1],37,63,80,26,63
1,<environment.Job instance at 0x7fd0ea63a0a0>,23,15,[5 5],24,64,79,40,64
1,<environment.Job instance at 0x7fd0ea214140>,37,1,[2 8],38,78,79,40,78
1,<environment.Job instance at 0x7fd0ea214c80>,40,13,[4 5],41,79,92,38,79
1,<environment.Job instance at 0x7fd0ea214280>,39,14,[1 7],40,79,93,39,79
1,<environment.Job instance at 0x7fd0ea7101e0>,27,15,[10  2],28,80,95,52,80
1,<environment.Job instance at 0x7fd0ea204140>,49,2,[4 6],50,92,94,42,92
1,<environment.Job instance at 0x7fd0ea20c5a0>,52,2,[1 6],53,93,95,40,93
1,<environment.Job instance at 0x7fd0ea20c5f0>,53,16,[4 6],54,94,110,40,94
1,<environment.Job instance at 0x7fd0ea204cd0>,48,2,[7 4],49,96,98,47,96
1,<environment.Job instance at 0x7fd0eaec2aa0>,56,3,[3 6],57,98,101,41,98
1,<environment.Job instance at 0x7fd0ea2c3f00>,57,3,[2 9],58,101,104,43,101
1,<environment.Job instance at 0x7fd0eb0af780>,43,15,[5 5],44,104,119,60,104
1,<environment.Job instance at 0x7fd0eb6ca5a0>,60,16,[7 3],61,111,127,50,111
1,<environment.Job instance at 0x7fd0ea2c3500>,58,16,[2 7],59,111,127,52,111
1,<environment.Job instance at 0x7fd0ea31bcd0>,44,22,[6 5],45,119,141,74,119
1,<environment.Job instance at 0x7fd0eb6caeb0>,61,12,[8 4],62,128,140,66,128
1,<environment.Job instance at 0x7fd0eaf49410>,68,1,[6 2],69,140,141,71,140
1,<environment.Job instance at 0x7fd0ead21690>,69,2,[2 5],70,140,142,70,140
1,<environment.Job instance at 0x7fd0eb68df50>,62,16,[1 8],63,141,157,78,141
1,<environment.Job instance at 0x7fd0eb0c1a00>,71,12,[2 7],72,142,154,70,142
1,<environment.Job instance at 0x7fd0eb120d70>,75,13,[4 6],76,154,167,78,154
1,<environment.Job instance at 0x7fd0ea62efa0>,77,12,[1 7],78,157,169,79,157
1,<environment.Job instance at 0x7fd0eb26cdc0>,78,15,[2 6],79,167,182,88,167
1,<environment.Job instance at 0x7fd0eab0d780>,79,13,[10  1],80,167,180,87,167
1,<environment.Job instance at 0x7fd0eaeef140>,80,18,[1 7],81,169,187,88,169
1,<environment.Job instance at 0x7fd0eadbebe0>,0,2,[14  3],1,1,3,0,1
1,<environment.Job instance at 0x7fd0eadbe2d0>,2,1,[5 9],3,4,5,1,4
1,<environment.Job instance at 0x7fd0eadbe4b0>,8,3,[9 5],9,9,12,0,9
1,<environment.Job instance at 0x7fd0eadbe190>,10,3,[8 5],11,12,15,1,12
1,<environment.Job instance at 0x7fd0eadbe550>,3,14,[ 1 10],4,13,27,9,13
1,<environment.Job instance at 0x7fd0eaa65050>,12,16,[7 2],13,15,31,2,14
1,<environment.Job instance at 0x7fd0eaa650a0>,13,12,[3 8],14,27,39,13,15
1,<environment.Job instance at 0x7fd0eaa65b40>,15,14,[8 5],16,31,45,15,16
1,<environment.Job instance at 0x7fd0eaa659b0>,19,14,[1 8],20,39,53,19,24
1,<environment.Job instance at 0x7fd0eaa65a50>,22,2,[8 5],23,45,47,22,24
1,<environment.Job instance at 0x7fd0eaa65640>,26,2,[5 7],27,47,49,20,27
1,<environment.Job instance at 0x7fd0eaa65320>,20,1,[7 2],21,49,50,28,30
1,<environment.Job instance at 0x7fd0eb68e1e0>,2,1,[5 9],3,3,4,0,3
1,<environment.Job instance at 0x7fd0eb68e140>,3,14,[ 1 10],4,4,18,0,4
1,<environment.Job instance at 0x7fd0eab12910>,6,19,[8 3],7,7,26,0,7
1,<environment.Job instance at 0x7fd0eab129b0>,4,16,[1 8],5,18,34,13,18
1,<environment.Job instance at 0x7fd0ea705be0>,8,3,[9 5],9,26,29,17,26
1,<environment.Job instance at 0x7fd0ea7058c0>,10,3,[8 5],11,29,32,18,29
1,<environment.Job instance at 0x7fd0ea6176e0>,15,14,[8 5],16,32,46,16,32
1,<environment.Job instance at 0x7fd0ea4d4820>,13,12,[3 8],14,34,46,20,34
1,<environment.Job instance at 0x7fd0eb8c1820>,20,1,[7 2],21,46,47,25,46
1,<environment.Job instance at 0x7fd0eb420140>,19,14,[1 8],20,46,60,26,46
1,<environment.Job instance at 0x7fd0eb42f140>,12,16,[7 2],13,46,62,33,46
1,<environment.Job instance at 0x7fd0f3ec52d0>,22,2,[8 5],23,60,62,37,60
1,<environment.Job instance at 0x7fd0eb86b5a0>,23,3,[10  2],24,62,65,38,62
1,<environment.Job instance at 0x7fd0eb86bbe0>,24,16,[5 4],25,62,78,37,62
1,<environment.Job instance at 0x7fd0eadf7af0>,26,2,[5 7],27,65,67,38,65
1,<environment.Job instance at 0x7fd0ead399b0>,31,3,[6 5],32,67,70,35,67
1,<environment.Job instance at 0x7fd0eaa4e960>,18,16,[1 6],19,67,83,48,67
1,<environment.Job instance at 0x7fd0ead21690>,32,14,[7 2],33,70,84,37,70
1,<environment.Job instance at 0x7fd0eb68df50>,35,12,[2 6],36,78,90,42,78
1,<environment.Job instance at 0x7fd0ea31bcd0>,39,18,[2 5],40,83,101,43,83
1,<environment.Job instance at 0x7fd0f3de7370>,21,15,[10  1],22,84,99,62,84
1,<environment.Job instance at 0x7fd0eb695730>,37,1,[3 9],38,90,91,52,90
1,<environment.Job instance at 0x7fd0ea6cf410>,44,18,[3 9],45,91,109,46,91
1,<environment.Job instance at 0x7fd0eb743820>,11,17,[8 4],12,101,118,89,101
1,<environment.Job instance at 0x7fd0eb889e10>,49,2,[ 1 10],50,109,111,59,109
1,<environment.Job instance at 0x7fd0ea6cfeb0>,46,16,[1 7],47,111,127,64,111
1,<environment.Job instance at 0x7fd0ea5a0e60>,51,17,[6 2],52,111,128,59,111
1,<environment.Job instance at 0x7fd0ea5a00a0>,54,15,[8 2],55,118,133,63,118
1,<environment.Job instance at 0x7fd0eadf7280>,27,17,[ 4 10],28,128,145,100,128
1,<environment.Job instance at 0x7fd0eadbeeb0>,60,2,[10  2],61,133,135,72,133
1,<environment.Job instance at 0x7fd0eaabdd70>,65,2,[5 3],66,135,137,69,135
1,<environment.Job instance at 0x7fd0ea786e60>,67,1,[6 1],68,135,136,67,135
1,<environment.Job instance at 0x7fd0ea600320>,68,15,[1 5],69,137,152,68,137
1,<environment.Job instance at 0x7fd0eb120cd0>,69,16,[5 6],70,145,161,75,145
1,<environment.Job instance at 0x7fd0ea6ceaf0>,70,3,[9 4],71,145,148,74,145
1,<environment.Job instance at 0x7fd0ea37d0a0>,71,13,[8 2],72,148,161,76,148
1,<environment.Job instance at 0x7fd0eb120780>,73,2,[8 2],74,161,163,87,161
1,<environment.Job instance at 0x7fd0ea4f4690>,74,16,[4 6],75,161,177,86,161
1,<environment.Job instance at 0x7fd0ea4f4820>,75,15,[5 1],76,163,178,87,163
1,<environment.Job instance at 0x7fd0eb120870>,76,3,[2 7],77,163,166,86,163
1,<environment.Job instance at 0x7fd0eb889be0>,50,17,[5 7],51,166,183,115,166
1,<environment.Job instance at 0x7fd0eae5b7d0>,66,18,[4 5],67,177,195,110,177
1,<environment.Job instance at 0x7fd0f3dfad20>,3,1,[ 3 10],4,4,5,0,4
1,<environment.Job instance at 0x7fd0f3dfaf00>,4,16,[6 1],5,5,21,0,5
1,<environment.Job instance at 0x7fd0f3dfaa00>,6,2,[ 1 11],7,7,9,0,7
1,<environment.Job instance at 0x7fd0f3dfa460>,9,24,[4 8],10,10,34,0,10
1,<environment.Job instance at 0x7fd0ea31f410>,12,2,[3 5],13,13,15,0,13
1,<environment.Job instance at 0x7fd0ea31f8c0>,13,12,[3 5],14,15,27,1,14
1,<environment.Job instance at 0x7fd0ea31fe60>,14,2,[1 9],15,34,36,19,15
1,<environment.Job instance at 0x7fd0ea31ff50>,15,1,[3 7],16,27,28,11,16
1,<environment.Job instance at 0x7fd0ea31f9b0>,22,2,[7 5],23,28,30,5,23
1,<environment.Job instance at 0x7fd0eadcc690>,23,2,[ 2 10],24,36,38,12,24
1,<environment.Job instance at 0x7fd0eb84faf0>,25,1,[11  4],26,30,31,4,26
1,<environment.Job instance at 0x7fd0eb84feb0>,26,3,[ 1 12],27,38,41,11,27
1,<environment.Job instance at 0x7fd0eb84f230>,29,13,[9 4],30,41,54,11,30
1,<environment.Job instance at 0x7fd0eb84f050>,31,3,[4 5],32,32,35,0,32
1,<environment.Job instance at 0x7fd0eb84f3c0>,32,2,[ 1 11],33,41,43,8,33
1,<environment.Job instance at 0x7fd0eb84f460>,33,1,[3 6],34,35,36,1,34
1,<environment.Job instance at 0x7fd0eb84faa0>,36,17,[ 5 13],37,80,97,43,80
1,<environment.Job instance at 0x7fd0eb84fdc0>,40,15,[1 6],41,97,112,56,92
1,<environment.Job instance at 0x7fd0eb84f690>,37,12,[5 8],38,104,116,66,104
1,<environment.Job instance at 0x7fd0eb84f960>,42,21,[5 4],43,112,133,69,109
1,<environment.Job instance at 0x7fd0eb84fbe0>,41,26,[2 8],42,116,142,74,115
1,<environment.Job instance at 0x7fd0eb84f190>,43,13,[12  5],44,133,146,89,120
1,<environment.Job instance at 0x7fd0ea12bd70>,44,13,[3 5],45,142,155,97,127
1,<environment.Job instance at 0x7fd0ea12b3c0>,45,14,[ 2 11],46,155,169,109,140
1,<environment.Job instance at 0x7fd0ea12b690>,47,14,[3 8],48,169,183,121,155
1,<environment.Job instance at 0x7fd0ea12b5a0>,46,17,[1 6],47,169,186,122,158
1,<environment.Job instance at 0x7fd0ea5ee0f0>,0,12,[10  3],1,1,13,0,1
1,<environment.Job instance at 0x7fd0ea5eed70>,2,20,[ 4 10],3,3,23,0,3
1,<environment.Job instance at 0x7fd0ea5ee0a0>,1,13,[10  4],2,13,26,11,13
1,<environment.Job instance at 0x7fd0ea5ee7d0>,3,1,[ 3 10],4,23,24,19,23
1,<environment.Job instance at 0x7fd0eb683730>,12,2,[3 5],13,24,26,11,24
1,<environment.Job instance at 0x7fd0eb13d370>,15,1,[3 7],16,26,27,10,26
1,<environment.Job instance at 0x7fd0eb6b9fa0>,13,12,[3 5],14,26,38,12,26
1,<environment.Job instance at 0x7fd0ea5ee730>,4,16,[6 1],5,26,42,21,26
1,<environment.Job instance at 0x7fd0eb86b1e0>,14,2,[1 9],15,27,29,12,27
1,<environment.Job instance at 0x7fd0eb13d9b0>,20,14,[5 4],21,29,43,8,29
1,<environment.Job instance at 0x7fd0eb13d410>,23,2,[ 2 10],24,38,40,14,38
1,<environment.Job instance at 0x7fd0ea5ee5f0>,5,14,[ 4 10],6,40,54,34,40
1,<environment.Job instance at 0x7fd0eb176550>,22,2,[7 5],23,43,45,20,43
1,<environment.Job instance at 0x7fd0eb1781e0>,29,13,[9 4],30,45,58,15,45
1,<environment.Job instance at 0x7fd0eb178af0>,31,3,[4 5],32,54,57,22,54
1,<environment.Job instance at 0x7fd0eb172320>,28,17,[1 6],29,54,71,25,54
1,<environment.Job instance at 0x7fd0eb1784b0>,33,1,[3 6],34,58,59,24,58
1,<environment.Job instance at 0x7fd0ea9f6f00>,37,12,[5 8],38,59,71,21,59
1,<environment.Job instance at 0x7fd0eb1722d0>,30,13,[4 8],31,71,84,40,71
1,<environment.Job instance at 0x7fd0eb13dcd0>,21,15,[6 4],22,71,86,49,71
1,<environment.Job instance at 0x7fd0ea2e6f50>,44,13,[3 5],45,84,97,39,84
1,<environment.Job instance at 0x7fd0eb15b690>,40,15,[1 6],41,84,99,43,84
1,<environment.Job instance at 0x7fd0ea2f86e0>,47,14,[3 8],48,97,111,49,97
1,<environment.Job instance at 0x7fd0ea31c1e0>,50,14,[10  1],51,99,113,48,99
1,<environment.Job instance at 0x7fd0ea2e6be0>,46,17,[1 6],47,99,116,52,99
1,<environment.Job instance at 0x7fd0ea9f6640>,39,15,[4 8],40,111,126,71,111
1,<environment.Job instance at 0x7fd0ea2ee690>,53,16,[4 5],54,116,132,62,116
1,<environment.Job instance at 0x7fd0ea9e20f0>,54,2,[3 8],55,126,128,71,126
1,<environment.Job instance at 0x7fd0ea2ee640>,52,3,[4 9],53,128,131,75,128
1,<environment.Job instance at 0x7fd0eb154c80>,60,2,[7 2],61,131,133,70,131
1,<environment.Job instance at 0x7fd0eb154dc0>,58,13,[1 5],59,131,144,72,131
1,<environment.Job instance at 0x7fd0ea3041e0>,61,13,[5 6],62,132,145,70,132
1,<environment.Job instance at 0x7fd0ea9e2780>,57,12,[9 1],58,133,145,75,133
1,<environment.Job instance at 0x7fd0ea2fa3c0>,68,3,[5 7],69,145,148,76,145
1,<environment.Job instance at 0x7fd0ea304aa0>,63,13,[9 3],64,145,158,81,145
1,<environment.Job instance at 0x7fd0eaa05050>,74,1,[1 7],75,148,149,73,148
1,<environment.Job instance at 0x7fd0eb13daf0>,18,16,[4 9],19,149,165,130,149
1,<environment.Job instance at 0x7fd0eaa05910>,73,13,[9 3],74,158,171,84,158
1,<environment.Job instance at 0x7fd0ea12b780>,78,12,[2 5],79,165,177,86,165
1,<environment.Job instance at 0x7fd0ea2f8a00>,48,17,[4 6],49,165,182,116,165
1,<environment.Job instance at 0x7fd0ea2fad20>,65,15,[7 3],66,171,186,105,171
1,<environment.Job instance at 0x7fd0eb3329b0>,1,14,[5 6],2,2,16,0,2
1,<environment.Job instance at 0x7fd0eb332140>,6,2,[2 9],7,7,9,0,7
1,<environment.Job instance at 0x7fd0eb0dbd70>,9,3,[8 5],10,10,13,0,10
1,<environment.Job instance at 0x7fd0eb0db190>,10,15,[4 6],11,13,28,2,11
1,<environment.Job instance at 0x7fd0eb0db050>,11,13,[7 1],12,16,29,4,12
1,<environment.Job instance at 0x7fd0eb0db780>,13,3,[4 8],14,16,19,2,14
1,<environment.Job instance at 0x7fd0eb0dbf00>,14,12,[3 8],15,19,31,4,15
1,<environment.Job instance at 0x7fd0ea6851e0>,18,2,[10  2],19,29,31,10,19
1,<environment.Job instance at 0x7fd0ea6852d0>,20,14,[6 2],21,31,45,10,21
1,<environment.Job instance at 0x7fd0ea685d20>,22,2,[6 5],23,31,33,8,23
1,<environment.Job instance at 0x7fd0ea685050>,29,17,[8 3],30,33,50,3,30
1,<environment.Job instance at 0x7fd0eac0b730>,32,3,[1 7],33,34,37,1,34
1,<environment.Job instance at 0x7fd0eac0b640>,34,3,[ 2 11],35,45,48,10,35
1,<environment.Job instance at 0x7fd0ea685af0>,30,21,[4 8],31,48,69,17,40
1,<environment.Job instance at 0x7fd0eac0b410>,37,3,[6 3],38,50,53,12,40
1,<environment.Job instance at 0x7fd0ea6856e0>,17,15,[ 2 12],18,69,84,51,55
1,<environment.Job instance at 0x7fd0eac0b550>,41,1,[ 3 13],42,84,85,42,56
1,<environment.Job instance at 0x7fd0ea685a50>,31,12,[7 2],32,58,70,26,58
1,<environment.Job instance at 0x7fd0eb40f820>,44,14,[ 4 10],45,85,99,40,72
1,<environment.Job instance at 0x7fd0eac0b4b0>,33,16,[3 5],34,85,101,51,72
1,<environment.Job instance at 0x7fd0eb1efe60>,0,17,[4 8],1,1,18,0,1
1,<environment.Job instance at 0x7fd0eb1ef140>,1,14,[5 6],2,2,16,0,2
1,<environment.Job instance at 0x7fd0ea17be60>,9,3,[8 5],10,16,19,6,16
1,<environment.Job instance at 0x7fd0eb6bceb0>,6,2,[2 9],7,18,20,11,18
1,<environment.Job instance at 0x7fd0ea17baa0>,11,13,[7 1],12,19,32,7,19
1,<environment.Job instance at 0x7fd0eaa05410>,13,3,[4 8],14,20,23,6,20
1,<environment.Job instance at 0x7fd0ea17b2d0>,10,15,[4 6],11,20,35,9,20
1,<environment.Job instance at 0x7fd0eaa05eb0>,14,12,[3 8],15,23,35,8,23
1,<environment.Job instance at 0x7fd0eb09a230>,15,18,[7 1],16,32,50,16,32
1,<environment.Job instance at 0x7fd0eaa8e780>,16,15,[6 2],17,35,50,18,35
1,<environment.Job instance at 0x7fd0eaa05b90>,18,2,[10  2],19,50,52,31,50
1,<environment.Job instance at 0x7fd0eaa05f00>,19,16,[3 5],20,50,66,30,50
1,<environment.Job instance at 0x7fd0fb426960>,22,2,[6 5],23,52,54,29,52
1,<environment.Job instance at 0x7fd0eaa048c0>,20,14,[6 2],21,52,66,31,52
1,<environment.Job instance at 0x7fd0eafc0a00>,28,18,[6 3],29,54,72,25,54
1,<environment.Job instance at 0x7fd0f41aaf00>,2,16,[8 4],3,66,82,63,66
1,<environment.Job instance at 0x7fd0eacde910>,31,12,[7 2],32,72,84,40,72
1,<environment.Job instance at 0x7fd0eacde730>,32,3,[1 7],33,82,85,49,82
1,<environment.Job instance at 0x7fd0eacde050>,33,16,[3 5],34,82,98,48,82
1,<environment.Job instance at 0x7fd0eb6bc140>,8,13,[10  1],9,84,97,75,84
1,<environment.Job instance at 0x7fd0eafd6820>,37,3,[6 3],38,97,100,59,97
1,<environment.Job instance at 0x7fd0ea304aa0>,39,15,[1 8],40,99,114,59,99
1,<environment.Job instance at 0x7fd0eafc0910>,29,17,[8 3],30,99,116,69,99
1,<environment.Job instance at 0x7fd0eb38f910>,45,13,[5 8],46,114,127,68,114
1,<environment.Job instance at 0x7fd0f41e9460>,46,16,[5 2],47,116,132,69,116
1,<environment.Job instance at 0x7fd0ea304c80>,47,20,[5 4],48,117,137,69,117
1,<environment.Job instance at 0x7fd0ea304c30>,40,20,[4 9],41,127,147,86,127
1,<environment.Job instance at 0x7fd0ea9f40a0>,49,12,[7 5],50,137,149,87,137
1,<environment.Job instance at 0x7fd0eaeebe10>,50,14,[7 5],51,147,161,96,147
1,<environment.Job instance at 0x7fd0ea4145f0>,54,12,[5 1],55,149,161,94,149
1,<environment.Job instance at 0x7fd0ea304d20>,44,14,[ 4 10],45,161,175,116,161
1,<environment.Job instance at 0x7fd0f41f9e10>,7,17,[8 4],8,161,178,153,161
1,<environment.Job instance at 0x7fd0eb2aa460>,66,1,[1 9],67,175,176,108,175
1,<environment.Job instance at 0x7fd0ea164f50>,68,1,[1 5],69,176,177,107,176
1,<environment.Job instance at 0x7fd0f3fbc640>,69,12,[6 5],70,176,188,106,176
1,<environment.Job instance at 0x7fd0f3e628c0>,48,15,[ 3 10],49,178,193,129,178
1,<environment.Job instance at 0x7fd0eade60a0>,1,2,[8 2],2,2,4,0,2
1,<environment.Job instance at 0x7fd0eadcc190>,3,17,[3 5],4,4,21,0,4
1,<environment.Job instance at 0x7fd0eadcc140>,5,15,[7 1],6,6,21,0,6
1,<environment.Job instance at 0x7fd0eadcc730>,8,2,[4 7],9,9,11,0,9
1,<environment.Job instance at 0x7fd0eadcc460>,9,22,[4 8],10,11,33,1,11
1,<environment.Job instance at 0x7fd0eadcc820>,6,1,[8 1],7,21,22,14,21
1,<environment.Job instance at 0x7fd0eadcc960>,10,1,[9 5],11,22,23,11,22
1,<environment.Job instance at 0x7fd0eb63cf50>,7,12,[8 4],8,23,35,15,23
1,<environment.Job instance at 0x7fd0eadcc0f0>,15,1,[3 9],16,33,34,17,33
1,<environment.Job instance at 0x7fd0eafc0910>,18,12,[2 8],19,34,46,15,34
1,<environment.Job instance at 0x7fd0eadccaf0>,17,16,[1 6],18,35,51,17,35
1,<environment.Job instance at 0x7fd0eafc0aa0>,22,16,[3 8],23,46,62,23,46
1,<environment.Job instance at 0x7fd0eafc0870>,23,14,[6 2],24,51,65,27,51
1,<environment.Job instance at 0x7fd0eadcc7d0>,16,17,[5 4],17,51,68,34,51
1,<environment.Job instance at 0x7fd0eafc0140>,28,1,[3 9],29,62,63,33,62
1,<environment.Job instance at 0x7fd0eafc0b40>,26,14,[4 7],27,63,77,36,63
1,<environment.Job instance at 0x7fd0eafc05a0>,31,14,[5 6],32,68,82,36,68
1,<environment.Job instance at 0x7fd0f43600f0>,33,1,[3 9],34,77,78,43,77
1,<environment.Job instance at 0x7fd0f4360190>,35,3,[8 2],36,78,81,42,78
1,<environment.Job instance at 0x7fd0f43604b0>,38,13,[1 7],39,78,91,39,78
1,<environment.Job instance at 0x7fd0f4360280>,40,18,[8 2],41,81,99,40,81
1,<environment.Job instance at 0x7fd0f4360af0>,36,16,[3 6],37,82,98,45,82
1,<environment.Job instance at 0x7fd0eab3b6e0>,45,3,[6 4],46,98,101,52,98
1,<environment.Job instance at 0x7fd0eab3b730>,43,13,[ 2 10],44,99,112,55,99
1,<environment.Job instance at 0x7fd0eab3b7d0>,47,15,[9 4],48,101,116,53,101
1,<environment.Job instance at 0x7fd0eab3b0f0>,52,3,[5 5],53,112,115,59,112
1,<environment.Job instance at 0x7fd0eadcc9b0>,13,16,[ 1 10],14,115,131,101,115
1,<environment.Job instance at 0x7fd0eab3b500>,50,15,[7 4],51,116,131,65,116
1,<environment.Job instance at 0x7fd0eab3b2d0>,62,3,[5 1],63,132,135,69,132
1,<environment.Job instance at 0x7fd0eab3b460>,56,16,[ 3 10],57,132,148,75,132
1,<environment.Job instance at 0x7fd0eab3bbe0>,58,19,[6 4],59,132,151,73,132
1,<environment.Job instance at 0x7fd0eafad230>,66,1,[2 7],67,148,149,81,148
1,<environment.Job instance at 0x7fd0eafad910>,65,2,[5 6],66,149,151,83,149
1,<environment.Job instance at 0x7fd0eafadf00>,68,13,[4 9],69,151,164,82,151
1,<environment.Job instance at 0x7fd0eafad190>,73,15,[9 2],74,151,166,77,151
1,<environment.Job instance at 0x7fd0eadcc690>,11,17,[ 2 10],12,164,181,152,164
1,<environment.Job instance at 0x7fd0eafc0dc0>,21,18,[9 3],22,166,184,144,166
1,<environment.Job instance at 0x7fd0f3e71aa0>,1,3,[ 4 10],2,3,6,1,3
1,<environment.Job instance at 0x7fd0f3e71eb0>,5,1,[ 2 12],6,11,12,5,11
1,<environment.Job instance at 0x7fd0ea156280>,9,2,[9 2],10,12,14,2,12
1,<environment.Job instance at 0x7fd0ea156f50>,12,28,[7 1],13,14,42,1,13
1,<environment.Job instance at 0x7fd0ea156370>,15,15,[6 4],16,41,56,25,41
1,<environment.Job instance at 0x7fd0ea1564b0>,10,16,[ 1 13],11,56,72,45,45
1,<environment.Job instance at 0x7fd0ea61d780>,28,2,[8 4],29,45,47,16,45
1,<environment.Job instance at 0x7fd0f4363cd0>,41,3,[3 8],42,50,53,8,50
1,<environment.Job instance at 0x7fd0f4437500>,38,3,[4 6],39,53,56,14,52
1,<environment.Job instance at 0x7fd0f4363c80>,46,13,[7 2],47,56,69,9,53
1,<environment.Job instance at 0x7fd0f3ec5230>,51,2,[10  3],52,72,74,20,53
1,<environment.Job instance at 0x7fd0ea693d70>,53,3,[10  5],54,74,77,20,54
1,<environment.Job instance at 0x7fd0f3ec5320>,50,2,[4 8],51,72,74,21,55
1,<environment.Job instance at 0x7fd0ea693320>,54,12,[9 2],55,77,89,22,60
1,<environment.Job instance at 0x7fd0ea693e60>,59,3,[9 2],60,69,72,9,66
1,<environment.Job instance at 0x7fd0eb0bae10>,61,2,[ 5 14],62,89,91,27,66
1,<environment.Job instance at 0x7fd0eb0bacd0>,66,12,[10  3],67,91,103,24,74
1,<environment.Job instance at 0x7fd0eab3baa0>,1,3,[ 4 10],2,2,5,0,2
1,<environment.Job instance at 0x7fd0eab3be60>,2,15,[8 2],3,3,18,0,3
1,<environment.Job instance at 0x7fd0eab3b280>,9,2,[9 2],10,18,20,8,18
1,<environment.Job instance at 0x7fd0eadcc8c0>,14,15,[3 7],15,18,33,3,18
1,<environment.Job instance at 0x7fd0eab3b7d0>,4,3,[8 3],5,20,23,15,20
1,<environment.Job instance at 0x7fd0eadccc30>,18,15,[8 2],19,23,38,4,23
1,<environment.Job instance at 0x7fd0eadcc5a0>,15,15,[6 4],16,33,48,17,33
1,<environment.Job instance at 0x7fd0eac80780>,28,2,[8 4],29,38,40,9,38
1,<environment.Job instance at 0x7fd0ea4b6c80>,30,3,[6 3],31,40,43,9,40
1,<environment.Job instance at 0x7fd0eadcc9b0>,16,15,[7 2],17,43,58,26,43
1,<environment.Job instance at 0x7fd0ea60b4b0>,31,18,[1 9],32,43,61,11,43
1,<environment.Job instance at 0x7fd0ea5e4cd0>,38,3,[4 6],39,58,61,19,58
1,<environment.Job instance at 0x7fd0eac78230>,41,3,[3 8],42,61,64,19,61
1,<environment.Job instance at 0x7fd0ea5eb6e0>,45,12,[2 6],46,61,73,15,61
1,<environment.Job instance at 0x7fd0eac715f0>,44,17,[8 1],45,61,78,16,61
1,<environment.Job instance at 0x7fd0eb380780>,50,2,[4 8],51,64,66,13,64
1,<environment.Job instance at 0x7fd0ea60bcd0>,32,12,[ 5 10],33,73,85,40,73
1,<environment.Job instance at 0x7fd0eb380960>,51,2,[10  3],52,78,80,26,78
1,<environment.Job instance at 0x7fd0ea602550>,53,3,[10  5],54,80,83,26,80
1,<environment.Job instance at 0x7fd0ea602500>,54,12,[9 2],55,83,95,28,83
1,<environment.Job instance at 0x7fd0ea6023c0>,55,18,[3 7],56,85,103,29,85
1,<environment.Job instance at 0x7fd0eb360dc0>,58,12,[9 4],59,95,107,36,95
1,<environment.Job instance at 0x7fd0eb360050>,59,3,[9 2],60,107,110,47,107
1,<environment.Job instance at 0x7fd0ea61a5f0>,62,18,[1 8],63,107,125,44,107
1,<environment.Job instance at 0x7fd0eb35a820>,63,13,[3 7],64,110,123,46,110
1,<environment.Job instance at 0x7fd0ea601f50>,66,12,[10  3],67,123,135,56,123
1,<environment.Job instance at 0x7fd0ea6011e0>,67,16,[5 7],68,125,141,57,125
1,<environment.Job instance at 0x7fd0eab14c80>,68,13,[3 8],69,135,148,66,135
1,<environment.Job instance at 0x7fd0ea5eb640>,46,13,[7 2],47,141,154,94,141
1,<environment.Job instance at 0x7fd0ea601dc0>,70,15,[1 9],71,148,163,77,148
1,<environment.Job instance at 0x7fd0eb380910>,52,17,[9 5],53,154,171,101,154
1,<environment.Job instance at 0x7fd0eb379910>,73,12,[1 8],74,163,175,89,163
1,<environment.Job instance at 0x7fd0ea601fa0>,71,18,[10  4],72,171,189,99,171
1,<environment.Job instance at 0x7fd0eb379410>,72,14,[ 4 10],73,175,189,102,175
1,<environment.Job instance at 0x7fd0eacd8460>,1,12,[5 4],2,2,14,0,2
1,<environment.Job instance at 0x7fd0eacd89b0>,3,12,[2 5],4,4,16,0,4
1,<environment.Job instance at 0x7fd0eacd8690>,4,16,[4 5],5,5,21,0,5
1,<environment.Job instance at 0x7fd0eacd8aa0>,9,1,[2 6],10,16,17,6,10
1,<environment.Job instance at 0x7fd0eacd8af0>,6,16,[4 5],7,17,33,10,10
1,<environment.Job instance at 0x7fd0ea383c80>,12,2,[ 5 11],13,33,35,20,13
1,<environment.Job instance at 0x7fd0ea3830f0>,14,14,[2 5],15,17,31,2,15
1,<environment.Job instance at 0x7fd0ea383370>,15,2,[8 2],16,21,23,5,16
1,<environment.Job instance at 0x7fd0ea383eb0>,16,13,[1 8],17,35,48,18,19
1,<environment.Job instance at 0x7fd0eacd8910>,11,12,[3 9],12,48,60,36,31
1,<environment.Job instance at 0x7fd0ea383640>,20,3,[8 2],21,31,34,10,31
1,<environment.Job instance at 0x7fd0ea383af0>,19,20,[9 5],20,36,56,16,36
1,<environment.Job instance at 0x7fd0ea383e10>,13,13,[ 2 13],14,60,73,46,44
1,<environment.Job instance at 0x7fd0ea383320>,29,1,[ 4 10],30,73,74,43,50
1,<environment.Job instance at 0x7fd0eacd7820>,36,2,[ 3 13],37,74,76,37,50
1,<environment.Job instance at 0x7fd0eacd7870>,45,2,[4 5],46,56,58,10,50
1,<environment.Job instance at 0x7fd0eb872050>,47,1,[ 3 12],48,76,77,28,50
1,<environment.Job instance at 0x7fd0eacd73c0>,38,1,[9 4],39,58,59,19,51
1,<environment.Job instance at 0x7fd0eacd7e10>,42,3,[3 7],43,77,80,34,51
1,<environment.Job instance at 0x7fd0eb872a00>,55,2,[5 1],56,59,61,3,59
1,<environment.Job instance at 0x7fd0eb872460>,58,3,[10  5],59,77,80,18,59
1,<environment.Job instance at 0x7fd0eb8720a0>,57,3,[ 2 10],58,80,83,22,60
1,<environment.Job instance at 0x7fd0eafa1b90>,63,2,[7 1],64,64,66,0,64
1,<environment.Job instance at 0x7fd0eafa17d0>,64,2,[4 5],65,80,82,15,65
1,<environment.Job instance at 0x7fd0eb872aa0>,59,15,[ 4 11],60,83,98,23,69
1,<environment.Job instance at 0x7fd0ea383c30>,17,20,[5 2],18,82,102,64,74
1,<environment.Job instance at 0x7fd0eb874b90>,72,3,[ 5 12],73,98,101,25,74
1,<environment.Job instance at 0x7fd0eacd7910>,41,12,[4 7],42,101,113,59,85
1,<environment.Job instance at 0x7fd0eb874a00>,78,13,[7 2],79,102,115,23,86
1,<environment.Job instance at 0x7fd0eb874f50>,81,12,[6 4],82,113,125,31,98
1,<environment.Job instance at 0x7fd0eb874050>,76,14,[9 2],77,115,129,38,106
1,<environment.Job instance at 0x7fd0eb8740a0>,83,1,[12  2],84,129,130,45,106
1,<environment.Job instance at 0x7fd0eb8744b0>,77,20,[4 7],78,130,150,52,121
1,<environment.Job instance at 0x7fd0eb874780>,79,21,[5 1],80,130,151,50,122
1,<environment.Job instance at 0x7fd0eb896870>,86,15,[3 7],87,125,140,38,122
1,<environment.Job instance at 0x7fd0eb874e60>,85,14,[3 8],86,150,164,64,135
1,<environment.Job instance at 0x7fd0eb8742d0>,84,17,[8 1],85,151,168,66,140
1,<environment.Job instance at 0x7fd0eb874190>,82,12,[ 2 14],83,164,176,81,148
1,<environment.Job instance at 0x7fd0eb896500>,87,13,[13  1],88,168,181,80,155
1,<environment.Job instance at 0x7fd0eb896960>,90,1,[7 3],91,181,182,90,158
1,<environment.Job instance at 0x7fd0eb896eb0>,92,13,[6 3],93,181,194,88,165
1,<environment.Job instance at 0x7fd0eb896c30>,93,3,[13  4],94,194,197,100,173
1,<environment.Job instance at 0x7fd0eb896e10>,94,23,[1 9],95,176,199,81,176
1,<environment.Job instance at 0x7fd0eadca460>,1,12,[5 4],2,2,14,0,2
1,<environment.Job instance at 0x7fd0eaf8c1e0>,3,12,[2 5],4,4,16,0,4
1,<environment.Job instance at 0x7fd0eb76b6e0>,4,16,[4 5],5,5,21,0,5
1,<environment.Job instance at 0x7fd0eaf8c7d0>,6,16,[4 5],7,14,30,7,14
1,<environment.Job instance at 0x7fd0eb5f05f0>,14,14,[2 5],15,16,30,1,16
1,<environment.Job instance at 0x7fd0ea361320>,15,2,[8 2],16,21,23,5,21
1,<environment.Job instance at 0x7fd0ea5dd4b0>,8,21,[8 4],9,23,44,14,23
1,<environment.Job instance at 0x7fd0eae03910>,9,1,[2 6],10,30,31,20,30
1,<environment.Job instance at 0x7fd0eadca9b0>,11,12,[3 9],12,31,43,19,31
1,<environment.Job instance at 0x7fd0ea71c3c0>,16,13,[1 8],17,43,56,26,43
1,<environment.Job instance at 0x7fd0eae29be0>,20,3,[8 2],21,44,47,23,44
1,<environment.Job instance at 0x7fd0eb080370>,24,14,[5 5],25,44,58,19,44
1,<environment.Job instance at 0x7fd0eac4cfa0>,26,12,[3 5],27,56,68,29,56
1,<environment.Job instance at 0x7fd0ea2675f0>,18,15,[ 4 10],19,58,73,39,58
1,<environment.Job instance at 0x7fd0eac4c0a0>,25,18,[8 4],26,68,86,42,68
1,<environment.Job instance at 0x7fd0eaeef050>,29,1,[ 4 10],30,73,74,43,73
1,<environment.Job instance at 0x7fd0ea15c050>,5,16,[3 8],6,74,90,68,74
1,<environment.Job instance at 0x7fd0eb868c30>,30,12,[10  5],31,86,98,55,86
1,<environment.Job instance at 0x7fd0eb046f00>,37,15,[5 5],38,90,105,52,90
1,<environment.Job instance at 0x7fd0eac785a0>,38,1,[9 4],39,98,99,59,98
1,<environment.Job instance at 0x7fd0eb881eb0>,41,12,[4 7],42,99,111,57,99
1,<environment.Job instance at 0x7fd0eac78190>,42,3,[3 7],43,105,108,62,105
1,<environment.Job instance at 0x7fd0eb881550>,40,12,[9 4],41,108,120,67,108
1,<environment.Job instance at 0x7fd0ea5563c0>,45,2,[4 5],46,111,113,65,111
1,<environment.Job instance at 0x7fd0eaeef7d0>,28,16,[1 7],29,113,129,84,113
1,<environment.Job instance at 0x7fd0e9f36550>,55,2,[5 1],56,120,122,64,120
1,<environment.Job instance at 0x7fd0eb7e9f00>,31,16,[10  1],32,122,138,90,122
1,<environment.Job instance at 0x7fd0e9f36be0>,57,3,[ 2 10],58,129,132,71,129
1,<environment.Job instance at 0x7fd0e9f36730>,54,14,[2 9],55,132,146,77,132
1,<environment.Job instance at 0x7fd0ead169b0>,64,2,[4 5],65,138,140,73,138
1,<environment.Job instance at 0x7fd0ead16eb0>,63,2,[7 1],64,138,140,74,138
1,<environment.Job instance at 0x7fd0e9f36eb0>,58,3,[10  5],59,140,143,81,140
1,<environment.Job instance at 0x7fd0eac22e10>,65,13,[9 1],66,143,156,77,143
1,<environment.Job instance at 0x7fd0eb297af0>,68,15,[3 5],69,143,158,74,143
1,<environment.Job instance at 0x7fd0eae29410>,22,17,[4 9],23,156,173,133,156
1,<environment.Job instance at 0x7fd0eb717b90>,76,14,[9 2],77,158,172,81,158
1,<environment.Job instance at 0x7fd0eb297dc0>,67,17,[5 6],68,172,189,104,172
1,<environment.Job instance at 0x7fd0ea3771e0>,78,13,[7 2],79,174,187,95,174
1,<environment.Job instance at 0x7fd0eafab1e0>,2,3,[5 1],3,3,6,0,3
1,<environment.Job instance at 0x7fd0eafab500>,3,14,[4 6],4,4,18,0,4
1,<environment.Job instance at 0x7fd0eae2f960>,5,20,[1 5],6,6,26,0,6
1,<environment.Job instance at 0x7fd0eae2f320>,6,3,[7 2],7,7,10,0,7
1,<environment.Job instance at 0x7fd0eae2f5a0>,9,16,[6 3],10,10,26,0,10
1,<environment.Job instance at 0x7fd0eae2f3c0>,14,15,[8 2],15,18,33,3,17
1,<environment.Job instance at 0x7fd0eae29aa0>,17,3,[3 7],18,26,29,8,19
1,<environment.Job instance at 0x7fd0eae2fd70>,13,12,[10  2],14,33,45,19,19
1,<environment.Job instance at 0x7fd0eae293c0>,18,13,[1 9],19,29,42,10,19
1,<environment.Job instance at 0x7fd0eae295f0>,21,18,[ 3 13],22,42,60,20,31
1,<environment.Job instance at 0x7fd0eae291e0>,23,2,[2 8],24,60,62,36,37
1,<environment.Job instance at 0x7fd0eae29960>,27,13,[1 7],28,60,73,32,44
1,<environment.Job instance at 0x7fd0eae29230>,31,14,[6 1],32,45,59,13,44
1,<environment.Job instance at 0x7fd0eae29e10>,30,12,[5 8],31,62,74,31,53
1,<environment.Job instance at 0x7fd0eb1ab190>,35,14,[6 5],36,73,87,37,61
1,<environment.Job instance at 0x7fd0eae2fe10>,16,16,[6 1],17,74,90,57,63
1,<environment.Job instance at 0x7fd0eb1ab780>,36,3,[6 3],37,87,90,50,63
1,<environment.Job instance at 0x7fd0ea0d91e0>,43,1,[1 6],44,74,75,30,73
1,<environment.Job instance at 0x7fd0ea0d9050>,45,2,[ 4 10],46,90,92,44,73
1,<environment.Job instance at 0x7fd0ea0d9dc0>,47,16,[6 1],48,90,106,42,77
1,<environment.Job instance at 0x7fd0ea0d9550>,42,13,[1 6],43,77,90,34,77
1,<environment.Job instance at 0x7fd0ea0d9910>,48,13,[ 5 13],49,92,105,43,77
1,<environment.Job instance at 0x7fd0eb359370>,53,3,[ 2 14],54,105,108,51,85
1,<environment.Job instance at 0x7fd0eb3594b0>,59,1,[7 5],60,108,109,48,86
1,<environment.Job instance at 0x7fd0eb3593c0>,60,19,[ 4 14],61,109,128,48,100
1,<environment.Job instance at 0x7fd0eb1ab7d0>,33,26,[11  3],34,128,154,94,126
1,<environment.Job instance at 0x7fd0ead12730>,61,16,[10  2],62,154,170,92,151
1,<environment.Job instance at 0x7fd0ead121e0>,63,25,[10  3],64,170,195,106,167
1,<environment.Job instance at 0x7fd0f3e28f50>,0,17,[9 5],1,1,18,0,1
1,<environment.Job instance at 0x7fd0ea8923c0>,2,3,[5 1],3,3,6,0,3
1,<environment.Job instance at 0x7fd0ea2c31e0>,3,14,[4 6],4,6,20,2,6
1,<environment.Job instance at 0x7fd0ea4aa0f0>,6,3,[7 2],7,18,21,11,18
1,<environment.Job instance at 0x7fd0ea4aaaf0>,5,20,[1 5],6,18,38,12,18
1,<environment.Job instance at 0x7fd0eaa33d70>,16,16,[6 1],17,20,36,3,20
1,<environment.Job instance at 0x7fd0eaa3e550>,17,3,[3 7],18,21,24,3,21
1,<environment.Job instance at 0x7fd0f3da7c80>,18,13,[1 9],19,24,37,5,24
1,<environment.Job instance at 0x7fd0eb397f00>,13,12,[10  2],14,37,49,23,37
1,<environment.Job instance at 0x7fd0eaa33f00>,15,18,[ 1 10],16,38,56,22,38
1,<environment.Job instance at 0x7fd0eb605730>,22,14,[10  4],23,49,63,26,49
1,<environment.Job instance at 0x7fd0eadbac80>,23,2,[2 8],24,56,58,32,56
1,<environment.Job instance at 0x7fd0eaa8f230>,24,17,[ 2 10],25,58,75,33,58
1,<environment.Job instance at 0x7fd0eb3975a0>,14,15,[8 2],15,63,78,48,63
1,<environment.Job instance at 0x7fd0eb717b90>,27,13,[1 7],28,75,88,47,75
1,<environment.Job instance at 0x7fd0eb397c80>,9,16,[6 3],10,75,91,65,75
1,<environment.Job instance at 0x7fd0eaf5f0f0>,31,14,[6 1],32,78,92,46,78
1,<environment.Job instance at 0x7fd0eb43c320>,32,15,[ 2 10],33,88,103,55,88
1,<environment.Job instance at 0x7fd0eaa3eeb0>,19,16,[7 4],20,91,107,71,91
1,<environment.Job instance at 0x7fd0eb3b18c0>,36,3,[6 3],37,103,106,66,103
1,<environment.Job instance at 0x7fd0eaf5f230>,30,12,[5 8],31,106,118,75,106
1,<environment.Job instance at 0x7fd0eac220f0>,35,14,[6 5],36,107,121,71,107
1,<environment.Job instance at 0x7fd0eac22aa0>,39,16,[6 1],40,118,134,78,118
1,<environment.Job instance at 0x7fd0e9f420f0>,25,18,[2 9],26,118,136,92,118
1,<environment.Job instance at 0x7fd0ea574320>,38,18,[6 5],39,121,139,82,121
1,<environment.Job instance at 0x7fd0eaa6e5a0>,43,1,[1 6],44,136,137,92,136
1,<environment.Job instance at 0x7fd0eaa6e410>,45,2,[ 4 10],46,137,139,91,137
1,<environment.Job instance at 0x7fd0eaa6e6e0>,42,13,[1 6],43,139,152,96,139
1,<environment.Job instance at 0x7fd0e9f36fa0>,40,14,[10  5],41,139,153,98,139
1,<environment.Job instance at 0x7fd0eb7e9aa0>,50,16,[ 3 10],51,152,168,101,152
1,<environment.Job instance at 0x7fd0eaa6ee60>,47,16,[6 1],48,153,169,105,153
1,<environment.Job instance at 0x7fd0eb4d0f00>,52,13,[1 8],53,168,181,115,168
1,<environment.Job instance at 0x7fd0eb5f0e60>,59,1,[7 5],60,168,169,108,168
1,<environment.Job instance at 0x7fd0ea5dd4b0>,61,16,[10  2],62,169,185,107,169
1,<environment.Job instance at 0x7fd0eafd0eb0>,7,1,[13  4],8,12,13,4,12
1,<environment.Job instance at 0x7fd0eafd0190>,9,2,[ 5 11],10,13,15,3,12
1,<environment.Job instance at 0x7fd0eafd0960>,11,12,[2 9],12,15,27,3,14
1,<environment.Job instance at 0x7fd0eafd0140>,14,12,[7 5],15,15,27,0,15
1,<environment.Job instance at 0x7fd0eafd06e0>,17,3,[ 2 11],18,27,30,9,19
1,<environment.Job instance at 0x7fd0eafd0c30>,19,1,[ 5 12],20,30,31,10,21
1,<environment.Job instance at 0x7fd0eb39ddc0>,5,2,[7 1],6,6,8,0,6
1,<environment.Job instance at 0x7fd0eb486780>,6,21,[2 5],7,7,28,0,7
1,<environment.Job instance at 0x7fd0eb486af0>,8,1,[5 9],9,9,10,0,9
1,<environment.Job instance at 0x7fd0eb817550>,11,12,[2 9],12,12,24,0,12
1,<environment.Job instance at 0x7fd0eab2b6e0>,14,12,[7 5],15,24,36,9,24
1,<environment.Job instance at 0x7fd0eaeeaaa0>,12,13,[2 8],13,28,41,15,28
1,<environment.Job instance at 0x7fd0eaaec0a0>,25,1,[10  2],26,36,37,10,36
1,<environment.Job instance at 0x7fd0ea3d7730>,27,14,[5 5],28,37,51,9,37
1,<environment.Job instance at 0x7fd0eaec26e0>,28,2,[5 9],29,41,43,12,41
1,<environment.Job instance at 0x7fd0eb476e10>,32,1,[9 3],33,43,44,10,43
1,<environment.Job instance at 0x7fd0eb476c30>,33,14,[10  4],34,44,58,10,44
1,<environment.Job instance at 0x7fd0eb476dc0>,34,1,[ 3 10],35,51,52,16,51
1,<environment.Job instance at 0x7fd0eaec2820>,29,17,[5 5],30,52,69,22,52
1,<environment.Job instance at 0x7fd0eab0b190>,36,1,[5 4],37,58,59,21,58
1,<environment.Job instance at 0x7fd0eb476910>,38,2,[7 5],39,59,61,20,59
1,<environment.Job instance at 0x7fd0eb4765f0>,35,13,[6 4],36,61,74,25,61
1,<environment.Job instance at 0x7fd0eb3ab190>,42,14,[2 7],43,69,83,26,69
1,<environment.Job instance at 0x7fd0eb3ab1e0>,45,1,[3 5],46,74,75,28,74
1,<environment.Job instance at 0x7fd0eb3ba140>,48,12,[5 8],49,75,87,26,75
1,<environment.Job instance at 0x7fd0eb46c0a0>,50,15,[8 2],51,83,98,32,83
1,<environment.Job instance at 0x7fd0eb46c460>,54,3,[1 6],55,87,90,32,87
1,<environment.Job instance at 0x7fd0eb3baaa0>,47,17,[4 5],48,87,104,39,87
1,<environment.Job instance at 0x7fd0ea5216e0>,59,3,[8 4],60,98,101,38,98
1,<environment.Job instance at 0x7fd0eb3a60a0>,57,14,[ 3 10],58,101,115,43,101
1,<environment.Job instance at 0x7fd0ea477b90>,18,17,[10  5],19,104,121,85,104
1,<environment.Job instance at 0x7fd0ea52a500>,65,3,[1 8],66,115,118,49,115
1,<environment.Job instance at 0x7fd0ea52a460>,67,12,[1 8],68,118,130,50,118
1,<environment.Job instance at 0x7fd0ea52afa0>,66,3,[10  1],67,121,124,54,121
1,<environment.Job instance at 0x7fd0ea5283c0>,69,17,[7 2],70,124,141,54,124
1,<environment.Job instance at 0x7fd0ea521780>,62,18,[6 1],63,124,142,61,124
1,<environment.Job instance at 0x7fd0ea524af0>,70,1,[2 8],71,130,131,59,130
1,<environment.Job instance at 0x7fd0ea53ee60>,75,1,[2 7],76,131,132,55,131
1,<environment.Job instance at 0x7fd0ea54c460>,74,17,[2 8],75,132,149,57,132
1,<environment.Job instance at 0x7fd0eb4673c0>,80,17,[7 4],81,141,158,60,141
1,<environment.Job instance at 0x7fd0eadcbc30>,73,2,[5 8],74,149,151,75,149
1,<environment.Job instance at 0x7fd0ea53ef00>,76,12,[8 3],77,151,163,74,151
1,<environment.Job instance at 0x7fd0eb44fe60>,87,14,[7 2],88,158,172,70,158
1,<environment.Job instance at 0x7fd0eb44faa0>,89,16,[3 9],90,163,179,73,163
1,<environment.Job instance at 0x7fd0eb44f820>,90,1,[8 1],91,173,174,82,173
1,<environment.Job instance at 0x7fd0ea3d9050>,15,17,[10  5],16,174,191,158,174
1,<environment.Job instance at 0x7fd0eb44f6e0>,93,12,[3 6],94,179,191,85,179
1,<environment.Job instance at 0x7fd0eb80e140>,1,1,[6 3],2,2,3,0,2
1,<environment.Job instance at 0x7fd0ea460370>,2,3,[ 2 10],3,3,6,0,3
1,<environment.Job instance at 0x7fd0ea460be0>,6,16,[5 5],7,7,23,0,7
1,<environment.Job instance at 0x7fd0ea460460>,7,18,[1 5],8,8,26,0,8
1,<environment.Job instance at 0x7fd0ea460cd0>,9,17,[ 2 12],10,26,43,16,14
1,<environment.Job instance at 0x7fd0ea460f50>,12,22,[5 1],13,14,36,1,14
1,<environment.Job instance at 0x7fd0ea460b40>,16,1,[9 4],17,23,24,6,17
1,<environment.Job instance at 0x7fd0ea460dc0>,14,14,[5 3],15,36,50,21,21
1,<environment.Job instance at 0x7fd0ea460d20>,10,14,[8 3],11,43,57,32,29
1,<environment.Job instance at 0x7fd0ea3d9cd0>,29,2,[ 5 11],30,50,52,20,36
1,<environment.Job instance at 0x7fd0eaa6a140>,36,2,[ 4 12],37,52,54,15,43
1,<environment.Job instance at 0x7fd0eaa6aa50>,39,3,[3 8],40,54,57,14,43
1,<environment.Job instance at 0x7fd0eaa6a820>,43,14,[5 2],44,57,71,13,44
1,<environment.Job instance at 0x7fd0eaa6a320>,45,18,[8 1],46,57,75,11,46
1,<environment.Job instance at 0x7fd0eadb9190>,47,15,[5 6],48,71,86,23,57
1,<environment.Job instance at 0x7fd0eadb93c0>,48,13,[ 3 13],49,86,99,37,70
1,<environment.Job instance at 0x7fd0eadb9820>,49,15,[11  2],50,86,101,36,76
1,<environment.Job instance at 0x7fd0eadb9500>,50,23,[ 1 10],51,99,122,48,93
1,<environment.Job instance at 0x7fd0ea567410>,1,1,[6 3],2,2,3,0,2
1,<environment.Job instance at 0x7fd0eb80ee60>,2,3,[ 2 10],3,3,6,0,3
1,<environment.Job instance at 0x7fd0ea870af0>,3,18,[8 4],4,4,22,0,4
1,<environment.Job instance at 0x7fd0ea500f00>,6,16,[5 5],7,7,23,0,7
1,<environment.Job instance at 0x7fd0ea500f50>,7,18,[1 5],8,8,26,0,8
1,<environment.Job instance at 0x7fd0ea567190>,10,14,[8 3],11,22,36,11,22
1,<environment.Job instance at 0x7fd0ea3beaa0>,11,14,[4 7],12,23,37,11,23
1,<environment.Job instance at 0x7fd0ea529500>,16,1,[9 4],17,36,37,19,36
1,<environment.Job instance at 0x7fd0eac3c320>,14,14,[5 3],15,37,51,22,37
1,<environment.Job instance at 0x7fd0ea529050>,17,15,[ 5 10],18,37,52,19,37
1,<environment.Job instance at 0x7fd0ea53ee60>,20,17,[6 4],21,51,68,30,51
1,<environment.Job instance at 0x7fd0eb3ab0f0>,27,13,[7 4],28,52,65,24,52
1,<environment.Job instance at 0x7fd0ea460050>,31,16,[7 3],32,65,81,33,65
1,<environment.Job instance at 0x7fd0ea460820>,34,17,[4 6],35,68,85,33,68
1,<environment.Job instance at 0x7fd0ea39aa00>,25,17,[8 1],26,81,98,55,81
1,<environment.Job instance at 0x7fd0ea46fb40>,39,3,[3 8],40,81,84,41,81
1,<environment.Job instance at 0x7fd0ea7b9550>,43,14,[5 2],44,85,99,41,85
1,<environment.Job instance at 0x7fd0ea4e2e10>,47,15,[5 6],48,98,113,50,98
1,<environment.Job instance at 0x7fd0ea4773c0>,23,17,[10  1],24,99,116,75,99
1,<environment.Job instance at 0x7fd0ea7b7280>,52,3,[5 4],53,113,116,60,113
1,<environment.Job instance at 0x7fd0ea7b7230>,54,2,[4 8],55,116,118,61,116
1,<environment.Job instance at 0x7fd0ea4e2320>,53,12,[10  4],54,116,128,62,116
1,<environment.Job instance at 0x7fd0ea898960>,58,1,[5 6],59,118,119,59,118
1,<environment.Job instance at 0x7fd0ea7b7c80>,56,13,[6 4],57,128,141,71,128
1,<environment.Job instance at 0x7fd0ea3cb550>,63,12,[8 5],64,128,140,64,128
1,<environment.Job instance at 0x7fd0ea3cbaa0>,64,2,[8 5],65,140,142,75,140
1,<environment.Job instance at 0x7fd0ea3cbdc0>,66,2,[10  2],67,142,144,75,142
1,<environment.Job instance at 0x7fd0ea898780>,59,16,[8 1],60,144,160,84,144
1,<environment.Job instance at 0x7fd0ea3cb4b0>,69,16,[10  1],70,160,176,90,160
1,<environment.Job instance at 0x7fd0ea49f0f0>,24,17,[10  1],25,176,193,151,176
1,<environment.Job instance at 0x7fd0eab2f8c0>,71,3,[4 7],72,176,179,104,176
1,<environment.Job instance at 0x7fd0eb3baa50>,1,15,[7 3],2,2,17,0,2
1,<environment.Job instance at 0x7fd0eb84ffa0>,4,13,[8 1],5,5,18,0,5
1,<environment.Job instance at 0x7fd0eb84fd70>,5,12,[3 9],6,17,29,11,6
1,<environment.Job instance at 0x7fd0eb84f3c0>,8,12,[5 5],9,18,30,9,9
1,<environment.Job instance at 0x7fd0eb84fe10>,9,2,[5 4],10,29,31,19,10
1,<environment.Job instance at 0x7fd0eb84fdc0>,10,2,[ 1 13],11,31,33,20,11
1,<environment.Job instance at 0x7fd0eb84f500>,11,2,[ 5 10],12,33,35,21,12
1,<environment.Job instance at 0x7fd0eac31dc0>,1,15,[7 3],2,2,17,0,2
1,<environment.Job instance at 0x7fd0eac31c80>,2,15,[5 7],3,3,18,0,3
1,<environment.Job instance at 0x7fd0ea547190>,9,2,[5 4],10,17,19,7,17
1,<environment.Job instance at 0x7fd0eb38ae60>,11,2,[ 5 10],12,18,20,6,18
1,<environment.Job instance at 0x7fd0ea547b40>,8,12,[5 5],9,19,31,10,19
1,<environment.Job instance at 0x7fd0eac31e60>,5,12,[3 9],6,20,32,14,20
1,<environment.Job instance at 0x7fd0ea5470f0>,4,13,[8 1],5,31,44,26,31
1,<environment.Job instance at 0x7fd0ea528960>,20,14,[ 4 10],21,32,46,11,32
1,<environment.Job instance at 0x7fd0eaef3230>,21,1,[9 1],22,44,45,22,44
1,<environment.Job instance at 0x7fd0eaef3410>,22,12,[5 3],23,45,57,22,45
1,<environment.Job instance at 0x7fd0eaef3140>,23,13,[6 2],24,45,58,21,45
1,<environment.Job instance at 0x7fd0ea5385a0>,26,16,[2 9],27,46,62,19,46
1,<environment.Job instance at 0x7fd0ea54cdc0>,13,19,[6 4],14,57,76,43,57
1,<environment.Job instance at 0x7fd0ea547550>,6,14,[9 2],7,62,76,55,62
1,<environment.Job instance at 0x7fd0eab47960>,30,1,[7 2],31,76,77,45,76
1,<environment.Job instance at 0x7fd0eab47230>,29,15,[4 8],30,76,91,46,76
1,<environment.Job instance at 0x7fd0eab47320>,28,15,[9 3],29,77,92,48,77
1,<environment.Job instance at 0x7fd0eac28640>,37,1,[6 3],38,91,92,53,91
1,<environment.Job instance at 0x7fd0ea521140>,35,1,[2 5],36,92,93,56,92
1,<environment.Job instance at 0x7fd0eac28d20>,41,12,[5 6],42,92,104,50,92
1,<environment.Job instance at 0x7fd0eac28870>,38,13,[5 6],39,93,106,54,93
1,<environment.Job instance at 0x7fd0ea52b140>,45,14,[9 1],46,104,118,58,104
1,<environment.Job instance at 0x7fd0ea52bb40>,44,14,[1 8],45,104,118,59,104
1,<environment.Job instance at 0x7fd0ea524af0>,46,13,[8 3],47,118,131,71,118
1,<environment.Job instance at 0x7fd0ea53f050>,49,14,[6 2],50,118,132,68,118
1,<environment.Job instance at 0x7fd0eac5abe0>,51,15,[1 9],52,118,133,66,118
1,<environment.Job instance at 0x7fd0ea52fd70>,54,2,[5 1],55,132,134,77,132
1,<environment.Job instance at 0x7fd0ea528cd0>,18,17,[7 5],19,132,149,113,132
1,<environment.Job instance at 0x7fd0ea521870>,34,15,[2 9],35,133,148,98,133
1,<environment.Job instance at 0x7fd0ea7abfa0>,60,14,[5 1],61,148,162,87,148
1,<environment.Job instance at 0x7fd0ea538eb0>,27,16,[1 8],28,148,164,120,148
1,<environment.Job instance at 0x7fd0eaed5820>,63,3,[7 3],64,149,152,85,149
1,<environment.Job instance at 0x7fd0eaed9410>,62,13,[4 6],63,152,165,89,152
1,<environment.Job instance at 0x7fd0eaecb5a0>,55,1,[10  5],56,164,165,108,164
1,<environment.Job instance at 0x7fd0ea51faa0>,68,2,[9 2],69,165,167,96,165
1,<environment.Job instance at 0x7fd0ea7ab0f0>,65,18,[1 6],66,165,183,99,165
1,<environment.Job instance at 0x7fd0ea7d6aa0>,73,13,[6 5],74,167,180,93,167
1,<environment.Job instance at 0x7fd0eb4a7140>,3,1,[6 1],4,4,5,0,4
1,<environment.Job instance at 0x7fd0eb4a70f0>,7,16,[1 7],8,8,24,0,8
1,<environment.Job instance at 0x7fd0eb4a7780>,11,13,[ 5 10],12,24,37,12,12
1,<environment.Job instance at 0x7fd0eb4a71e0>,14,17,[8 5],15,16,33,1,16
1,<environment.Job instance at 0x7fd0eb3fbf50>,0,13,[9 2],1,1,14,0,1
1,<environment.Job instance at 0x7fd0eb3f12d0>,3,1,[6 1],4,4,5,0,4
1,<environment.Job instance at 0x7fd0eb3f1910>,7,16,[1 7],8,8,24,0,8
1,<environment.Job instance at 0x7fd0eb3f17d0>,5,16,[10  2],6,14,30,8,14
1,<environment.Job instance at 0x7fd0eb3fd230>,11,13,[ 5 10],12,24,37,12,24
1,<environment.Job instance at 0x7fd0eb84f960>,15,2,[9 5],16,30,32,14,30
1,<environment.Job instance at 0x7fd0ea500dc0>,21,14,[5 1],22,32,46,10,32
1,<environment.Job instance at 0x7fd0eaf50050>,19,2,[2 8],20,37,39,17,37
1,<environment.Job instance at 0x7fd0eac3c320>,28,3,[5 3],29,37,40,8,37
1,<environment.Job instance at 0x7fd0eac3c370>,29,1,[5 5],30,39,40,9,39
1,<environment.Job instance at 0x7fd0ea529e10>,30,13,[ 1 10],31,40,53,9,40
1,<environment.Job instance at 0x7fd0ea5297d0>,31,18,[7 4],32,40,58,8,40
1,<environment.Job instance at 0x7fd0eac530f0>,32,2,[2 5],33,53,55,20,53
1,<environment.Job instance at 0x7fd0ea3be870>,25,16,[1 8],26,55,71,29,55
1,<environment.Job instance at 0x7fd0ea861370>,38,13,[7 2],39,58,71,19,58
1,<environment.Job instance at 0x7fd0ea4600a0>,39,17,[5 3],40,58,75,18,58
1,<environment.Job instance at 0x7fd0ea4fb370>,41,13,[2 9],42,71,84,29,71
1,<environment.Job instance at 0x7fd0ea49f0f0>,34,14,[10  2],35,75,89,40,75
1,<environment.Job instance at 0x7fd0ea199230>,42,2,[ 1 10],43,84,86,41,84
1,<environment.Job instance at 0x7fd0ea507dc0>,44,15,[4 8],45,86,101,41,86
1,<environment.Job instance at 0x7fd0ea3d2b90>,45,16,[3 6],46,89,105,43,89
1,<environment.Job instance at 0x7fd0ea46faa0>,47,3,[9 5],48,101,104,53,101
1,<environment.Job instance at 0x7fd0eaa6ac80>,48,3,[5 4],49,104,107,55,104
1,<environment.Job instance at 0x7fd0eae76140>,49,13,[5 1],50,104,117,54,104
1,<environment.Job instance at 0x7fd0ea3beaa0>,26,16,[ 5 10],27,105,121,78,105
1,<environment.Job instance at 0x7fd0eaa6afa0>,50,16,[6 2],51,117,133,66,117
1,<environment.Job instance at 0x7fd0ea7b7410>,54,15,[2 7],55,121,136,66,121
1,<environment.Job instance at 0x7fd0ea3cb550>,57,18,[5 3],58,121,139,63,121
1,<environment.Job instance at 0x7fd0eab2fd70>,60,3,[6 5],61,133,136,72,133
1,<environment.Job instance at 0x7fd0eab2fe60>,61,13,[9 3],62,136,149,74,136
1,<environment.Job instance at 0x7fd0eaba4730>,63,12,[3 5],64,139,151,75,139
1,<environment.Job instance at 0x7fd0eaba4640>,64,15,[2 7],65,139,154,74,139
1,<environment.Job instance at 0x7fd0eaba41e0>,65,12,[5 8],66,151,163,85,151
1,<environment.Job instance at 0x7fd0eab2f370>,62,15,[7 4],63,154,169,91,154
1,<environment.Job instance at 0x7fd0eb392820>,67,13,[4 9],68,163,176,95,163
1,<environment.Job instance at 0x7fd0ea51f2d0>,70,15,[4 5],71,169,184,98,169
1,<environment.Job instance at 0x7fd0eaed9410>,74,3,[10  2],75,176,179,101,176
1,<environment.Job instance at 0x7fd0ea7ab280>,77,2,[7 1],78,179,181,101,179
1,<environment.Job instance at 0x7fd0ea5e46e0>,1,12,[4 5],2,2,14,0,2
1,<environment.Job instance at 0x7fd0eb42f500>,2,13,[5 6],3,3,16,0,3
1,<environment.Job instance at 0x7fd0eb02cf50>,7,1,[5 2],8,8,9,0,8
1,<environment.Job instance at 0x7fd0e9ec0dc0>,5,1,[10  3],6,14,15,8,9
1,<environment.Job instance at 0x7fd0eb66e140>,12,13,[1 5],13,15,28,2,13
1,<environment.Job instance at 0x7fd0eb66edc0>,14,15,[7 3],15,15,30,0,15
1,<environment.Job instance at 0x7fd0eb66e820>,17,15,[6 1],18,18,33,0,18
1,<environment.Job instance at 0x7fd0eb66e7d0>,19,13,[3 5],20,30,43,10,20
1,<environment.Job instance at 0x7fd0eb66e410>,20,2,[7 5],21,33,35,12,21
1,<environment.Job instance at 0x7fd0eb665be0>,23,1,[10  1],24,35,36,11,24
1,<environment.Job instance at 0x7fd0eb6654b0>,28,3,[6 3],29,30,33,1,29
1,<environment.Job instance at 0x7fd0eb6659b0>,31,3,[8 5],32,36,39,4,32
1,<environment.Job instance at 0x7fd0eb665e60>,32,1,[3 7],33,39,40,6,33
1,<environment.Job instance at 0x7fd0ea799820>,33,13,[1 7],34,40,53,6,34
1,<environment.Job instance at 0x7fd0ea799910>,38,12,[1 7],39,43,55,4,39
1,<environment.Job instance at 0x7fd0ea799e10>,39,13,[2 5],40,53,66,13,40
1,<environment.Job instance at 0x7fd0ea900a50>,40,1,[4 6],41,55,56,14,41
1,<environment.Job instance at 0x7fd0ea1d2dc0>,41,14,[ 5 10],42,56,70,14,42
1,<environment.Job instance at 0x7fd0ea1d2be0>,44,3,[4 5],45,66,69,21,45
1,<environment.Job instance at 0x7fd0ea770780>,48,3,[13  3],49,70,73,21,53
1,<environment.Job instance at 0x7fd0ea799280>,46,3,[8 1],47,75,78,28,75
1,<environment.Job instance at 0x7fd0eb02cbe0>,11,12,[5 4],12,76,88,64,76
1,<environment.Job instance at 0x7fd0ea770be0>,50,16,[8 1],51,78,94,27,76
1,<environment.Job instance at 0x7fd0eb665410>,26,12,[ 5 12],27,88,100,61,79
1,<environment.Job instance at 0x7fd0ea770410>,52,17,[7 3],53,94,111,41,82
1,<environment.Job instance at 0x7fd0ea3e7c80>,58,14,[3 5],59,100,114,41,93
1,<environment.Job instance at 0x7fd0e9eae8c0>,61,2,[5 1],62,100,102,38,94
1,<environment.Job instance at 0x7fd0ea3f5eb0>,60,12,[3 9],61,111,123,50,94
1,<environment.Job instance at 0x7fd0eaf81140>,65,15,[6 1],66,111,126,45,97
1,<environment.Job instance at 0x7fd0eb61e280>,70,17,[2 5],71,114,131,43,108
1,<environment.Job instance at 0x7fd0ea28c9b0>,76,18,[1 5],77,123,141,46,112
1,<environment.Job instance at 0x7fd0ea29d370>,74,1,[ 1 10],75,131,132,56,112
1,<environment.Job instance at 0x7fd0eb01beb0>,78,2,[5 4],79,123,125,44,113
1,<environment.Job instance at 0x7fd0eb01bf50>,80,1,[1 8],81,132,133,51,113
1,<environment.Job instance at 0x7fd0eac521e0>,81,2,[ 3 11],82,141,143,59,114
1,<environment.Job instance at 0x7fd0ea1b39b0>,82,3,[9 2],83,126,129,43,114
1,<environment.Job instance at 0x7fd0ea159460>,87,2,[7 5],88,129,131,41,114
1,<environment.Job instance at 0x7fd0ea05f870>,1,12,[4 5],2,2,14,0,2
1,<environment.Job instance at 0x7fd0ea05f9b0>,2,13,[5 6],3,3,16,0,3
1,<environment.Job instance at 0x7fd0eb411a00>,7,1,[5 2],8,8,9,0,8
1,<environment.Job instance at 0x7fd0eb411eb0>,5,1,[10  3],6,14,15,8,14
1,<environment.Job instance at 0x7fd0eb411960>,11,12,[5 4],12,15,27,3,15
1,<environment.Job instance at 0x7fd0eb411050>,12,13,[1 5],13,15,28,2,15
1,<environment.Job instance at 0x7fd0eb411500>,3,14,[9 5],4,16,30,12,16
1,<environment.Job instance at 0x7fd0ea1b8a50>,4,14,[ 1 10],5,28,42,23,28
1,<environment.Job instance at 0x7fd0eb411910>,14,15,[7 3],15,30,45,15,30
1,<environment.Job instance at 0x7fd0eb411b90>,17,15,[6 1],18,30,45,12,30
1,<environment.Job instance at 0x7fd0eb411b40>,10,16,[ 2 10],11,42,58,31,42
1,<environment.Job instance at 0x7fd0ea966500>,20,2,[7 5],21,45,47,24,45
1,<environment.Job instance at 0x7fd0ea9660f0>,19,13,[3 5],20,47,60,27,47
1,<environment.Job instance at 0x7fd0ea966280>,23,1,[10  1],24,58,59,34,58
1,<environment.Job instance at 0x7fd0ea9b8690>,24,14,[4 7],25,59,73,34,59
1,<environment.Job instance at 0x7fd0eaef3aa0>,28,3,[6 3],29,59,62,30,59
1,<environment.Job instance at 0x7fd0ea966690>,27,17,[5 4],28,60,77,32,60
1,<environment.Job instance at 0x7fd0eac28640>,30,14,[10  5],31,73,87,42,73
1,<environment.Job instance at 0x7fd0ea966e10>,22,16,[4 6],23,77,93,54,77
1,<environment.Job instance at 0x7fd0eaecb9b0>,32,1,[3 7],33,87,88,54,87
1,<environment.Job instance at 0x7fd0eaecb5a0>,31,3,[8 5],32,88,91,56,88
1,<environment.Job instance at 0x7fd0eaed9410>,33,13,[1 7],34,91,104,57,91
1,<environment.Job instance at 0x7fd0eaaee050>,38,12,[1 7],39,93,105,54,93
1,<environment.Job instance at 0x7fd0eb3ab050>,39,13,[2 5],40,104,117,64,104
1,<environment.Job instance at 0x7fd0eb3f4870>,40,1,[4 6],41,105,106,64,105
1,<environment.Job instance at 0x7fd0eaf50050>,41,14,[ 5 10],42,106,120,64,106
1,<environment.Job instance at 0x7fd0eb4112d0>,8,16,[10  5],9,117,133,108,117
1,<environment.Job instance at 0x7fd0eb02c4b0>,44,3,[4 5],45,120,123,75,120
1,<environment.Job instance at 0x7fd0eb4113c0>,13,16,[3 8],14,123,139,109,123
1,<environment.Job instance at 0x7fd0eb02cc30>,46,3,[8 1],47,133,136,86,133
1,<environment.Job instance at 0x7fd0eab03d70>,50,16,[8 1],51,136,152,85,136
1,<environment.Job instance at 0x7fd0eac52730>,36,16,[1 7],37,139,155,102,139
1,<environment.Job instance at 0x7fd0eaef3370>,29,18,[6 5],30,139,157,109,139
1,<environment.Job instance at 0x7fd0ea799690>,52,17,[7 3],53,152,169,99,152
1,<environment.Job instance at 0x7fd0ea0dda00>,60,12,[3 9],61,157,169,96,157
1,<environment.Job instance at 0x7fd0ea0dd0f0>,61,2,[5 1],62,157,159,95,157
1,<environment.Job instance at 0x7fd0eb280820>,58,14,[3 5],59,169,183,110,169
1,<environment.Job instance at 0x7fd0ea0dd550>,66,13,[10  2],67,169,182,102,169
1,<environment.Job instance at 0x7fd0ea36dfa0>,0,2,[13  5],1,1,3,0,1
1,<environment.Job instance at 0x7fd0ea36da50>,1,12,[9 4],2,3,15,1,2
1,<environment.Job instance at 0x7fd0eac9b0a0>,3,3,[12  1],4,15,18,11,4
1,<environment.Job instance at 0x7fd0ea05f410>,4,1,[2 7],5,5,6,0,5
1,<environment.Job instance at 0x7fd0eb254230>,5,2,[3 6],6,6,8,0,6
1,<environment.Job instance at 0x7fd0eb254a50>,7,14,[7 5],8,18,32,10,8
1,<environment.Job instance at 0x7fd0eb5625f0>,13,15,[5 5],14,18,33,4,14
1,<environment.Job instance at 0x7fd0eb332410>,15,15,[3 5],16,17,32,1,17
1,<environment.Job instance at 0x7fd0eb332690>,14,14,[ 1 10],15,32,46,17,19
1,<environment.Job instance at 0x7fd0ea216190>,17,18,[3 5],18,33,51,15,22
1,<environment.Job instance at 0x7fd0ead064b0>,22,1,[ 4 10],23,46,47,23,23
1,<environment.Job instance at 0x7fd0ea216f00>,20,15,[2 9],21,47,62,26,34
1,<environment.Job instance at 0x7fd0eb7ebfa0>,25,12,[ 5 13],26,62,74,36,45
1,<environment.Job instance at 0x7fd0eb7eb280>,26,26,[5 2],27,56,82,29,56
1,<environment.Job instance at 0x7fd0eb7ebaf0>,27,18,[1 9],28,74,92,46,63
1,<environment.Job instance at 0x7fd0ea2c1fa0>,29,15,[6 4],30,74,89,44,63
1,<environment.Job instance at 0x7fd0eb7eb550>,30,12,[ 4 11],31,92,104,61,75
1,<environment.Job instance at 0x7fd0eb7eb9b0>,31,13,[3 9],32,104,117,72,88
1,<environment.Job instance at 0x7fd0ea847b40>,32,14,[6 2],33,88,102,55,88
1,<environment.Job instance at 0x7fd0ea847d70>,33,3,[ 3 11],34,117,120,83,91
1,<environment.Job instance at 0x7fd0ea847050>,34,16,[6 1],35,102,118,67,91
1,<environment.Job instance at 0x7fd0ead06870>,24,16,[4 9],25,120,136,95,109
1,<environment.Job instance at 0x7fd0eafb7b90>,39,25,[6 2],40,109,134,69,109
1,<environment.Job instance at 0x7fd0eaa6f5a0>,40,14,[13  2],41,136,150,95,121
1,<environment.Job instance at 0x7fd0eb56a6e0>,36,18,[1 6],37,134,152,97,133
1,<environment.Job instance at 0x7fd0eaa6fc80>,43,16,[8 3],44,150,166,106,144
1,<environment.Job instance at 0x7fd0ea2bd0f0>,44,2,[ 4 11],45,152,154,107,144
1,<environment.Job instance at 0x7fd0ea88a2d0>,1,12,[9 4],2,2,14,0,2
1,<environment.Job instance at 0x7fd0ea88a0a0>,4,1,[2 7],5,5,6,0,5
1,<environment.Job instance at 0x7fd0ea88a190>,5,2,[3 6],6,6,8,0,6
1,<environment.Job instance at 0x7fd0ea88a230>,7,14,[7 5],8,14,28,6,14
1,<environment.Job instance at 0x7fd0e9f7f640>,13,15,[5 5],14,14,29,0,14
1,<environment.Job instance at 0x7fd0ea88a280>,15,15,[3 5],16,16,31,0,16
1,<environment.Job instance at 0x7fd0ea88aa00>,2,18,[7 4],3,28,46,25,28
1,<environment.Job instance at 0x7fd0e9f7fdc0>,17,18,[3 5],18,29,47,11,29
1,<environment.Job instance at 0x7fd0e9f7f140>,22,1,[ 4 10],23,46,47,23,46
1,<environment.Job instance at 0x7fd0e9f7faf0>,14,14,[ 1 10],15,47,61,32,47
1,<environment.Job instance at 0x7fd0eb73de10>,29,15,[6 4],30,47,62,17,47
1,<environment.Job instance at 0x7fd0eb73d410>,31,13,[3 9],32,61,74,29,61
1,<environment.Job instance at 0x7fd0eb73d5a0>,32,14,[6 2],33,61,75,28,61
1,<environment.Job instance at 0x7fd0eb73dd20>,34,16,[6 1],35,62,78,27,62
1,<environment.Job instance at 0x7fd0e9f7fa00>,20,15,[2 9],21,74,89,53,74
1,<environment.Job instance at 0x7fd0eb73d690>,42,17,[5 4],43,75,92,32,75
1,<environment.Job instance at 0x7fd0e9f7fb90>,24,16,[4 9],25,89,105,64,89
1,<environment.Job instance at 0x7fd0eb714500>,45,14,[5 1],46,89,103,43,89
1,<environment.Job instance at 0x7fd0eb714460>,46,15,[8 1],47,103,118,56,103
1,<environment.Job instance at 0x7fd0e9f7fe60>,21,17,[1 9],22,105,122,83,105
1,<environment.Job instance at 0x7fd0eb714d20>,49,15,[5 2],50,105,120,55,105
1,<environment.Job instance at 0x7fd0eb714af0>,47,3,[8 4],48,118,121,70,118
1,<environment.Job instance at 0x7fd0eb714be0>,51,12,[6 3],52,121,133,69,121
1,<environment.Job instance at 0x7fd0eb73daa0>,43,16,[8 3],44,121,137,77,121
1,<environment.Job instance at 0x7fd0eb73ddc0>,36,18,[1 6],37,122,140,85,122
1,<environment.Job instance at 0x7fd0eb714730>,52,15,[5 4],53,133,148,80,133
1,<environment.Job instance at 0x7fd0eb714410>,55,15,[8 2],56,137,152,81,137
1,<environment.Job instance at 0x7fd0eb73d8c0>,27,18,[1 9],28,140,158,112,140
1,<environment.Job instance at 0x7fd0eb7147d0>,58,13,[9 1],59,152,165,93,152
1,<environment.Job instance at 0x7fd0eb7146e0>,60,12,[5 3],61,152,164,91,152
1,<environment.Job instance at 0x7fd0eb7140f0>,57,3,[4 8],58,164,167,106,164
1,<environment.Job instance at 0x7fd0eb7143c0>,50,15,[3 7],51,165,180,114,165
1,<environment.Job instance at 0x7fd0eb2a2eb0>,62,15,[7 1],63,167,182,104,167
1,<environment.Job instance at 0x7fd0eb714c80>,63,16,[1 5],64,167,183,103,167
1,<environment.Job instance at 0x7fabe300c6e0>,0,2,[6 2],1,1,3,0,1
1,<environment.Job instance at 0x7fabe300c730>,1,15,[4 5],2,2,17,0,2
1,<environment.Job instance at 0x7fabd99c2c80>,3,13,[3 8],4,4,17,0,4
1,<environment.Job instance at 0x7fabd99c2e60>,7,12,[7 2],8,8,20,0,8
1,<environment.Job instance at 0x7fabd99c70f0>,10,14,[1 6],11,17,31,6,11
1,<environment.Job instance at 0x7fabd99c7190>,11,1,[8 4],12,20,21,8,12
1,<environment.Job instance at 0x7fabd99c7690>,18,18,[3 6],19,21,39,2,21
1,<environment.Job instance at 0x7fabd99c7a50>,21,22,[8 2],22,22,44,0,22
1,<environment.Job instance at 0x7fabd99c7870>,22,3,[4 6],23,31,34,8,24
1,<environment.Job instance at 0x7fabd99c7960>,24,2,[ 3 12],25,39,41,14,25
1,<environment.Job instance at 0x7fabd99c7c30>,25,16,[5 3],26,41,57,15,28
1,<environment.Job instance at 0x7fabd99c77d0>,26,20,[4 8],27,44,64,17,35
1,<environment.Job instance at 0x7fabd99c2fa0>,19,21,[8 5],20,68,89,48,68
1,<environment.Job instance at 0x7fabd99c2910>,0,2,[6 2],1,1,3,0,1
1,<environment.Job instance at 0x7fabd99ba9b0>,1,15,[4 5],2,2,17,0,2
1,<environment.Job instance at 0x7fabd99bab90>,2,18,[ 3 10],3,3,21,0,3
1,<environment.Job instance at 0x7fabd9a80a00>,7,12,[7 2],8,17,29,9,17
1,<environment.Job instance at 0x7fabd9ad15a0>,11,1,[8 4],12,21,22,9,21
1,<environment.Job instance at 0x7fabd99bacd0>,3,13,[3 8],4,22,35,18,22
1,<environment.Job instance at 0x7fabd9e92b40>,13,15,[4 5],14,22,37,8,22
1,<environment.Job instance at 0x7fabd99ba960>,9,17,[8 1],10,29,46,19,29
1,<environment.Job instance at 0x7fabd9b70230>,10,14,[1 6],11,35,49,24,35
1,<environment.Job instance at 0x7fabd9a4df00>,18,18,[3 6],19,37,55,18,37
1,<environment.Job instance at 0x7fabd9ae7d70>,22,3,[4 6],23,49,52,26,49
1,<environment.Job instance at 0x7fabd9ae7230>,25,16,[5 3],26,49,65,23,49
1,<environment.Job instance at 0x7fabd99ba050>,5,18,[7 5],6,52,70,46,52
1,<environment.Job instance at 0x7fabd9a840f0>,28,2,[5 8],29,66,68,37,66
1,<environment.Job instance at 0x7fabd9a84690>,31,13,[4 5],32,68,81,36,68
1,<environment.Job instance at 0x7fabd9a847d0>,32,14,[8 3],33,70,84,37,70
1,<environment.Job instance at 0x7fabd9a677d0>,23,18,[7 4],24,82,100,58,82
1,<environment.Job instance at 0x7fabd9a84730>,30,15,[8 2],31,84,99,53,84
1,<environment.Job instance at 0x7fabd9b63eb0>,36,16,[8 1],37,99,115,62,99
1,<environment.Job instance at 0x7fabd9a849b0>,37,2,[5 1],38,100,102,62,100
1,<environment.Job instance at 0x7fabd9a84370>,38,14,[5 5],39,102,116,63,102
1,<environment.Job instance at 0x7fabd9b47190>,35,3,[9 5],36,115,118,79,115
1,<environment.Job instance at 0x7fabd9b6f910>,39,12,[3 6],40,116,128,76,116
1,<environment.Job instance at 0x7fabd9ae2b40>,44,14,[8 4],45,118,132,73,118
1,<environment.Job instance at 0x7fabd9ae29b0>,47,16,[6 2],48,128,144,80,128
1,<environment.Job instance at 0x7fabd9a84050>,33,16,[9 3],34,133,149,99,133
1,<environment.Job instance at 0x7fabd9ace4b0>,54,2,[5 8],55,144,146,89,144
1,<environment.Job instance at 0x7fabd9b6a690>,55,14,[ 2 10],56,146,160,90,146
1,<environment.Job instance at 0x7fabd9b6fd70>,43,14,[10  1],44,149,163,105,149
1,<environment.Job instance at 0x7fabd9a84c30>,34,20,[5 3],35,160,180,125,160
1,<environment.Job instance at 0x7fabd9a7f230>,58,2,[1 7],59,163,165,104,163
1,<environment.Job instance at 0x7fabd9b6ad70>,57,15,[6 5],58,163,178,105,163
1,<environment.Job instance at 0x7fabd9a7f6e0>,59,16,[8 1],60,178,194,118,178
1,<environment.Job instance at 0x7fabd9a7f5a0>,61,14,[ 2 10],62,178,192,116,178
1,<environment.Job instance at 0x7fabd9118b90>,2,15,[3 9],3,3,18,0,3
1,<environment.Job instance at 0x7fabd9118230>,3,2,[ 1 10],4,18,20,14,4
1,<environment.Job instance at 0x7fabd9119050>,4,2,[ 1 11],5,20,22,15,5
1,<environment.Job instance at 0x7fabd9115780>,5,3,[8 2],6,6,9,0,6
1,<environment.Job instance at 0x7fabd91154b0>,6,14,[8 4],7,9,23,2,7
1,<environment.Job instance at 0x7fabd91151e0>,7,3,[5 4],8,22,25,14,8
1,<environment.Job instance at 0x7fabd9115c80>,12,2,[ 3 12],13,25,27,12,13
1,<environment.Job instance at 0x7fabd9115cd0>,13,1,[10  3],14,23,24,9,14
1,<environment.Job instance at 0x7fabd910d3c0>,18,17,[10  2],19,24,41,5,22
1,<environment.Job instance at 0x7fabd9115b90>,19,17,[ 5 11],20,57,74,37,57
1,<environment.Job instance at 0x7fabd99deaf0>,2,15,[3 9],3,3,18,0,3
1,<environment.Job instance at 0x7fabd99de4b0>,5,3,[8 2],6,6,9,0,6
1,<environment.Job instance at 0x7fabd99de1e0>,7,3,[5 4],8,9,12,1,9
1,<environment.Job instance at 0x7fabd99de2d0>,6,14,[8 4],7,12,26,5,12
1,<environment.Job instance at 0x7fabd99de9b0>,3,2,[ 1 10],4,18,20,14,18
1,<environment.Job instance at 0x7fabd99de910>,9,16,[ 3 10],10,20,36,10,20
1,<environment.Job instance at 0x7fabd9a84690>,13,1,[10  3],14,26,27,12,26
1,<environment.Job instance at 0x7fabd9a84870>,20,13,[5 1],21,27,40,6,27
1,<environment.Job instance at 0x7fabd91c1190>,30,16,[7 2],31,31,47,0,31
1,<environment.Job instance at 0x7fabd922d910>,25,15,[3 5],26,36,51,10,36
1,<environment.Job instance at 0x7fabd931b5f0>,36,1,[3 8],37,47,48,10,47
1,<environment.Job instance at 0x7fabd91edbe0>,29,13,[10  1],30,48,61,18,48
1,<environment.Job instance at 0x7fabd91738c0>,37,15,[5 6],38,51,66,13,51
1,<environment.Job instance at 0x7fabd9a84e10>,18,17,[10  2],19,61,78,42,61
1,<environment.Job instance at 0x7fabd91773c0>,40,15,[ 5 10],41,66,81,25,66
1,<environment.Job instance at 0x7fabd9177370>,41,1,[7 2],42,78,79,36,78
1,<environment.Job instance at 0x7fabd9183460>,45,2,[6 4],46,79,81,33,79
1,<environment.Job instance at 0x7fabd918ef50>,53,16,[9 4],54,81,97,27,81
1,<environment.Job instance at 0x7fabd9177730>,39,17,[3 5],40,81,98,41,81
1,<environment.Job instance at 0x7fabd9192910>,56,3,[3 9],57,97,100,40,97
1,<environment.Job instance at 0x7fabd918e370>,55,16,[7 4],56,99,115,43,99
1,<environment.Job instance at 0x7fabd91ef1e0>,52,16,[7 4],53,100,116,47,100
1,<environment.Job instance at 0x7fabd917ff00>,60,17,[2 6],61,115,132,54,115
1,<environment.Job instance at 0x7fabd917f190>,59,21,[6 4],60,115,136,55,115
1,<environment.Job instance at 0x7fabd9195460>,66,12,[ 3 10],67,132,144,65,132
1,<environment.Job instance at 0x7fabd9195500>,64,1,[10  4],65,136,137,71,136
1,<environment.Job instance at 0x7fabd91954b0>,67,3,[8 3],68,137,140,69,137
1,<environment.Job instance at 0x7fabd917f320>,62,17,[8 5],63,140,157,77,140
1,<environment.Job instance at 0x7fabd9187a00>,70,12,[6 2],71,144,156,73,144
1,<environment.Job instance at 0x7fabd9187be0>,68,17,[1 7],69,144,161,75,144
1,<environment.Job instance at 0x7fabd918a690>,71,2,[5 1],72,156,158,84,156
1,<environment.Job instance at 0x7fabd918ab90>,74,12,[1 8],75,158,170,83,158
1,<environment.Job instance at 0x7fabd9187af0>,69,15,[5 7],70,161,176,91,161
1,<environment.Job instance at 0x7fabd99de190>,8,17,[10  5],9,171,188,162,171
1,<environment.Job instance at 0x7fabd9199f00>,82,14,[3 5],83,176,190,93,176
1,<environment.Job instance at 0x7fabd936daf0>,79,18,[10  2],80,189,207,109,189
1,<environment.Job instance at 0x7fabd8f8db40>,1,14,[3 6],2,2,16,0,2
1,<environment.Job instance at 0x7fabd8f8d960>,2,3,[9 2],3,3,6,0,3
1,<environment.Job instance at 0x7fabd8f8da00>,4,3,[10  4],5,6,9,1,5
1,<environment.Job instance at 0x7fabd8f8d7d0>,11,12,[8 2],12,12,24,0,12
1,<environment.Job instance at 0x7fabd8f8d4b0>,19,3,[1 6],20,20,23,0,20
1,<environment.Job instance at 0x7fabd8f8d370>,10,13,[4 9],11,23,36,12,22
1,<environment.Job instance at 0x7fabe30355a0>,25,17,[ 4 13],26,36,53,10,26
1,<environment.Job instance at 0x7fabe3035be0>,26,14,[9 5],27,53,67,26,38
1,<environment.Job instance at 0x7fabe30357d0>,24,12,[ 1 10],25,53,65,28,45
1,<environment.Job instance at 0x7fabe30351e0>,30,2,[1 6],31,65,67,34,52
1,<environment.Job instance at 0x7fabe3034410>,36,12,[4 7],37,67,79,30,52
1,<environment.Job instance at 0x7fabe3034cd0>,37,12,[3 9],38,79,91,41,62
1,<environment.Job instance at 0x7fabe3034be0>,39,3,[3 5],40,67,70,27,62
1,<environment.Job instance at 0x7fabe3035640>,28,26,[7 3],29,73,99,44,73
1,<environment.Job instance at 0x7fabe3034370>,40,16,[2 7],41,91,107,50,78
1,<environment.Job instance at 0x7fabe3034050>,43,16,[11  1],44,99,115,55,93
1,<environment.Job instance at 0x7fabe3034d20>,44,2,[2 8],45,107,109,62,93
1,<environment.Job instance at 0x7fabfe71d190>,32,16,[3 9],33,117,133,84,117
1,<environment.Job instance at 0x7fabe3034b90>,45,14,[11  5],46,133,147,87,133
1,<environment.Job instance at 0x7fabd973e690>,1,14,[3 6],2,2,16,0,2
1,<environment.Job instance at 0x7fabda29b820>,2,3,[9 2],3,3,6,0,3
1,<environment.Job instance at 0x7fabda2a0fa0>,4,3,[10  4],5,6,9,1,6
1,<environment.Job instance at 0x7fabd984efa0>,3,18,[4 8],4,9,27,5,9
1,<environment.Job instance at 0x7fabd9404d70>,9,21,[6 1],10,10,31,0,10
1,<environment.Job instance at 0x7fabd9404b40>,11,12,[8 2],12,27,39,15,27
1,<environment.Job instance at 0x7fabd9404cd0>,7,20,[1 9],8,27,47,19,27
1,<environment.Job instance at 0x7fabda2a0eb0>,5,20,[6 4],6,31,51,25,31
1,<environment.Job instance at 0x7fabd9c3b050>,19,3,[1 6],20,47,50,27,47
1,<environment.Job instance at 0x7fabda2a9140>,17,17,[8 5],18,47,64,29,47
1,<environment.Job instance at 0x7fabda170370>,24,12,[ 1 10],25,51,63,26,51
1,<environment.Job instance at 0x7fabd9404a50>,10,13,[4 9],11,63,76,52,63
1,<environment.Job instance at 0x7fabd978b640>,30,2,[1 6],31,64,66,33,64
1,<environment.Job instance at 0x7fabd93e81e0>,26,14,[9 5],27,66,80,39,66
1,<environment.Job instance at 0x7fabd9605aa0>,31,15,[5 1],32,76,91,44,76
1,<environment.Job instance at 0x7fabd978b500>,32,16,[3 9],33,80,96,47,80
1,<environment.Job instance at 0x7fabd94eb320>,34,18,[6 3],35,80,98,45,80
1,<environment.Job instance at 0x7fabda0a9460>,36,12,[4 7],37,96,108,59,96
1,<environment.Job instance at 0x7fabd978bf00>,29,17,[2 8],30,98,115,68,98
1,<environment.Job instance at 0x7fabd9df0d70>,39,3,[3 5],40,108,111,68,108
1,<environment.Job instance at 0x7fabd93e63c0>,35,18,[9 2],36,108,126,72,108
1,<environment.Job instance at 0x7fabd94eb820>,37,12,[3 9],38,115,127,77,115
1,<environment.Job instance at 0x7fabd9c3beb0>,21,17,[2 6],22,126,143,104,126
1,<environment.Job instance at 0x7fabda02f730>,51,1,[5 7],52,127,128,75,127
1,<environment.Job instance at 0x7fabd94d6780>,44,2,[2 8],45,128,130,83,128
1,<environment.Job instance at 0x7fabd9e6c280>,47,3,[5 9],48,130,133,82,130
1,<environment.Job instance at 0x7fabea1761e0>,52,12,[10  3],53,133,145,80,133
1,<environment.Job instance at 0x7fabe32595f0>,56,2,[5 3],57,143,145,86,143
1,<environment.Job instance at 0x7fabd97e5f50>,58,13,[7 1],59,145,158,86,145
1,<environment.Job instance at 0x7fabd97e5cd0>,54,15,[6 4],55,145,160,90,145
1,<environment.Job instance at 0x7fabd981f7d0>,60,3,[ 2 10],61,145,148,84,145
1,<environment.Job instance at 0x7fabd981f8c0>,59,16,[2 6],60,148,164,88,148
1,<environment.Job instance at 0x7fabd93ec870>,64,2,[3 5],65,160,162,95,160
1,<environment.Job instance at 0x7fabd93ec5a0>,62,3,[9 1],63,160,163,97,160
1,<environment.Job instance at 0x7fabd9df0d20>,40,16,[2 7],41,162,178,121,162
1,<environment.Job instance at 0x7fabd9259190>,68,17,[9 1],69,163,180,94,163
1,<environment.Job instance at 0x7fabda15a320>,57,15,[5 7],58,178,193,120,178
1,<environment.Job instance at 0x7fabd9473960>,69,3,[10  3],70,180,183,110,180
1,<environment.Job instance at 0x7fabd931a910>,74,12,[3 5],75,183,195,108,183
1,<environment.Job instance at 0x7fabd93d5a00>,0,2,[11  4],1,1,3,0,1
1,<environment.Job instance at 0x7fabd93d56e0>,2,1,[5 1],3,3,4,0,3
1,<environment.Job instance at 0x7fabd93eb370>,7,2,[ 4 13],8,8,10,0,8
1,<environment.Job instance at 0x7fabd93ebc80>,9,12,[8 2],10,11,23,1,11
1,<environment.Job instance at 0x7fabd93ebfa0>,14,12,[ 4 13],15,16,28,1,16
1,<environment.Job instance at 0x7fabd93eb0f0>,16,1,[5 7],17,28,29,11,17
1,<environment.Job instance at 0x7fabd93eb4b0>,19,3,[5 3],20,28,31,8,20
1,<environment.Job instance at 0x7fabd93eb8c0>,18,3,[12  3],19,31,34,12,20
1,<environment.Job instance at 0x7fabd93ebaf0>,17,18,[1 5],18,28,46,10,21
1,<environment.Job instance at 0x7fabd93ebd20>,22,12,[4 8],23,34,46,11,25
1,<environment.Job instance at 0x7fabd93eb500>,23,12,[8 2],24,34,46,10,28
1,<environment.Job instance at 0x7fabd9411870>,1,14,[9 5],2,2,16,0,2
1,<environment.Job instance at 0x7fabd9411cd0>,2,1,[5 1],3,3,4,0,3
1,<environment.Job instance at 0x7fabda15edc0>,8,19,[ 5 10],9,9,28,0,9
1,<environment.Job instance at 0x7fabda15ef50>,9,12,[8 2],10,16,28,6,16
1,<environment.Job instance at 0x7fabda15e820>,16,1,[5 7],17,28,29,11,28
1,<environment.Job instance at 0x7fabd940de10>,19,3,[5 3],20,28,31,8,28
1,<environment.Job instance at 0x7fabda15ee10>,13,16,[5 5],14,28,44,14,28
1,<environment.Job instance at 0x7fabd940d050>,24,17,[3 7],25,29,46,4,29
1,<environment.Job instance at 0x7fabd99c6730>,27,1,[7 4],28,44,45,16,44
1,<environment.Job instance at 0x7fabd99c6f00>,26,3,[9 1],27,45,48,18,45
1,<environment.Job instance at 0x7fabd936c5a0>,30,17,[2 7],31,45,62,14,45
1,<environment.Job instance at 0x7fabda0df230>,17,18,[1 5],18,46,64,28,46
1,<environment.Job instance at 0x7fabd936e230>,23,12,[8 2],24,48,60,24,48
1,<environment.Job instance at 0x7fabda5fbf00>,37,1,[5 1],38,62,63,24,62
1,<environment.Job instance at 0x7fabd93a7fa0>,34,12,[4 8],35,62,74,27,62
1,<environment.Job instance at 0x7fabd99c6dc0>,28,12,[5 5],29,64,76,35,64
1,<environment.Job instance at 0x7fabd93ec1e0>,45,12,[ 3 10],46,74,86,28,74
1,<environment.Job instance at 0x7fabd9473aa0>,47,13,[8 5],48,76,89,28,76
1,<environment.Job instance at 0x7fabd936ee10>,22,12,[4 8],23,86,98,63,86
1,<environment.Job instance at 0x7fabda15a320>,44,16,[5 5],45,89,105,44,89
1,<environment.Job instance at 0x7fabd97e50a0>,51,3,[5 9],52,98,101,46,98
1,<environment.Job instance at 0x7fabda02fd20>,52,2,[6 4],53,101,103,48,101
1,<environment.Job instance at 0x7fabda1c92d0>,53,2,[3 5],54,101,103,47,101
1,<environment.Job instance at 0x7fabd97e5b40>,48,13,[3 9],49,103,116,54,103
1,<environment.Job instance at 0x7fabd97e5c80>,54,15,[2 5],55,105,120,50,105
1,<environment.Job instance at 0x7fabd93a7eb0>,31,14,[4 9],32,116,130,84,116
1,<environment.Job instance at 0x7fabd94d60a0>,56,16,[9 2],57,120,136,63,120
1,<environment.Job instance at 0x7fabd94d6a00>,57,2,[2 9],58,130,132,72,130
1,<environment.Job instance at 0x7fabe2b7f6e0>,59,1,[3 6],60,132,133,72,132
1,<environment.Job instance at 0x7fabd94d6b90>,60,13,[6 1],61,133,146,72,133
1,<environment.Job instance at 0x7fabd93e6820>,61,13,[1 8],62,136,149,74,136
1,<environment.Job instance at 0x7fabd9a710f0>,50,16,[6 5],51,136,152,85,136
1,<environment.Job instance at 0x7fabda1a2aa0>,64,13,[ 5 10],65,149,162,84,149
1,<environment.Job instance at 0x7fabd94eb4b0>,66,3,[7 4],67,152,155,85,152
1,<environment.Job instance at 0x7fabda19f190>,58,15,[9 1],59,155,170,96,155
1,<environment.Job instance at 0x7fabd94d6d20>,55,14,[4 8],56,162,176,106,162
1,<environment.Job instance at 0x7fabd978b910>,69,12,[10  3],70,170,182,100,170
1,<environment.Job instance at 0x7fabd93e81e0>,73,2,[2 9],74,176,178,102,176
1,<environment.Job instance at 0x7fabd978b870>,68,15,[5 9],69,178,193,109,178
1,<environment.Job instance at 0x7fabd9342b90>,75,1,[8 1],76,182,183,106,182
1,<environment.Job instance at 0x7fabda2a9140>,77,12,[10  3],78,183,195,105,183
1,<environment.Job instance at 0x7fabd952a7d0>,1,20,[5 1],2,2,22,0,2
1,<environment.Job instance at 0x7fabd9e1bc30>,4,13,[7 4],5,5,18,0,5
1,<environment.Job instance at 0x7fabd9e13050>,10,16,[7 2],11,18,34,7,11
1,<environment.Job instance at 0x7fabd9e13910>,13,3,[4 8],14,22,25,8,14
1,<environment.Job instance at 0x7fabd9e13a50>,14,13,[5 5],15,25,38,10,15
1,<environment.Job instance at 0x7fabd9e13870>,15,2,[1 6],16,16,18,0,16
1,<environment.Job instance at 0x7fabd9e38e60>,17,1,[5 1],18,34,35,16,18
1,<environment.Job instance at 0x7fabd9e38500>,19,3,[2 6],20,25,28,5,20
1,<environment.Job instance at 0x7fabd9394960>,24,12,[ 5 10],25,35,47,10,25
1,<environment.Job instance at 0x7fabd9e20e10>,27,15,[7 3],28,38,53,10,30
1,<environment.Job instance at 0x7fabda51a3c0>,26,14,[5 1],27,47,61,20,32
1,<environment.Job instance at 0x7fabda4ed500>,30,14,[7 5],31,53,67,22,46
1,<environment.Job instance at 0x7fabd96babe0>,32,17,[8 1],33,61,78,28,51
1,<environment.Job instance at 0x7fabda512af0>,33,24,[1 9],34,67,91,33,62
1,<environment.Job instance at 0x7fabd9e16af0>,34,12,[6 4],35,67,79,32,64
1,<environment.Job instance at 0x7fabd9e16050>,35,12,[7 4],36,79,91,43,75
1,<environment.Job instance at 0x7fabd9e165f0>,36,3,[ 3 10],37,91,94,54,75
1,<environment.Job instance at 0x7fabda4f0640>,37,1,[7 3],38,91,92,53,75
1,<environment.Job instance at 0x7fabd9393460>,28,15,[10  3],29,92,107,63,85
1,<environment.Job instance at 0x7fabd93fb7d0>,39,14,[4 7],40,94,108,54,85
1,<environment.Job instance at 0x7fabd9410b40>,42,14,[ 2 10],43,108,122,65,93
1,<environment.Job instance at 0x7fabda502460>,49,2,[ 3 10],50,122,124,72,95
1,<environment.Job instance at 0x7fabd93f0460>,53,3,[1 9],54,124,127,70,98
1,<environment.Job instance at 0x7fabd93f03c0>,55,12,[2 6],56,124,136,68,108
1,<environment.Job instance at 0x7fabd93f05a0>,57,1,[5 8],58,127,128,69,108
1,<environment.Job instance at 0x7fabd93f0780>,58,13,[5 5],59,108,121,49,108
1,<environment.Job instance at 0x7fabd93f0d20>,59,2,[9 3],60,121,123,61,108
1,<environment.Job instance at 0x7fabd93f0cd0>,61,1,[5 4],62,123,124,61,108
1,<environment.Job instance at 0x7fabd93f0eb0>,65,1,[10  1],66,128,129,62,108
1,<environment.Job instance at 0x7fabd93f80a0>,68,2,[5 9],69,129,131,60,110
1,<environment.Job instance at 0x7fabd9418b90>,71,14,[5 1],72,131,145,59,116
1,<environment.Job instance at 0x7fabd93f0910>,56,16,[ 2 13],57,136,152,79,123
1,<environment.Job instance at 0x7fabd9418cd0>,73,1,[13  3],74,152,153,78,124
1,<environment.Job instance at 0x7fabd9418d70>,74,18,[4 7],75,153,171,78,142
1,<environment.Job instance at 0x7fabd9418fa0>,75,18,[7 1],76,153,171,77,148
1,<environment.Job instance at 0x7fabd9414eb0>,52,19,[4 5],53,157,176,104,157
1,<environment.Job instance at 0x7fabd9418e10>,76,14,[9 1],77,171,185,94,167
1,<environment.Job instance at 0x7fabda0c48c0>,0,20,[9 4],1,1,21,0,1
1,<environment.Job instance at 0x7fabda0c40a0>,1,20,[5 1],2,2,22,0,2
1,<environment.Job instance at 0x7fabd9b21190>,6,17,[1 8],7,7,24,0,7
1,<environment.Job instance at 0x7fabd9b2ee60>,4,13,[7 4],5,21,34,16,21
1,<environment.Job instance at 0x7fabda0c4be0>,7,16,[6 2],8,22,38,14,22
1,<environment.Job instance at 0x7fabd963fe60>,13,3,[4 8],14,34,37,20,34
1,<environment.Job instance at 0x7fabd963f960>,14,13,[5 5],15,34,47,19,34
1,<environment.Job instance at 0x7fabd963fc80>,15,2,[1 6],16,37,39,21,37
1,<environment.Job instance at 0x7fabd963f500>,17,1,[5 1],18,38,39,20,38
1,<environment.Job instance at 0x7fabd9d198c0>,19,3,[2 6],20,39,42,19,39
1,<environment.Job instance at 0x7fabd9b214b0>,10,16,[7 2],11,39,55,28,39
1,<environment.Job instance at 0x7fabda0c4280>,3,16,[3 8],4,42,58,38,42
1,<environment.Job instance at 0x7fabd9d94320>,26,14,[5 1],27,47,61,20,47
1,<environment.Job instance at 0x7fabd9d94550>,27,15,[7 3],28,55,70,27,55
1,<environment.Job instance at 0x7fabd963f410>,11,16,[ 3 10],12,58,74,46,58
1,<environment.Job instance at 0x7fabd9dc9730>,30,14,[7 5],31,70,84,39,70
1,<environment.Job instance at 0x7fabd9dfa690>,24,12,[ 5 10],25,74,86,49,74
1,<environment.Job instance at 0x7fabd9dc9dc0>,35,12,[7 4],36,84,96,48,84
1,<environment.Job instance at 0x7fabd9dc9b40>,36,3,[ 3 10],37,86,89,49,86
1,<environment.Job instance at 0x7fabd9d3faa0>,37,1,[7 3],38,89,90,51,89
1,<environment.Job instance at 0x7fabd9dc9820>,34,12,[6 4],35,90,102,55,90
1,<environment.Job instance at 0x7fabd9dc9e60>,39,14,[4 7],40,96,110,56,96
1,<environment.Job instance at 0x7fabd9c1cc30>,28,15,[10  3],29,102,117,73,102
1,<environment.Job instance at 0x7fabd9d021e0>,42,14,[ 2 10],43,110,124,67,110
1,<environment.Job instance at 0x7fabd9eda6e0>,40,16,[9 4],41,117,133,76,117
1,<environment.Job instance at 0x7fabd9c227d0>,44,16,[ 3 10],45,124,140,79,124
1,<environment.Job instance at 0x7fabd9f3b320>,46,16,[5 5],47,133,149,86,133
1,<environment.Job instance at 0x7fabd9eda820>,48,13,[3 9],49,140,153,91,140
1,<environment.Job instance at 0x7fabd9dc9320>,32,17,[8 1],33,149,166,116,149
1,<environment.Job instance at 0x7fabd9d45320>,50,18,[1 5],51,149,167,98,149
1,<environment.Job instance at 0x7fabd963f730>,12,16,[5 7],13,153,169,140,153
1,<environment.Job instance at 0x7fabd9f71cd0>,45,18,[5 5],46,167,185,121,167
1,<environment.Job instance at 0x7fabd9a56a50>,49,2,[ 3 10],50,169,171,119,169
1,<environment.Job instance at 0x7fabd9d31910>,57,1,[5 8],58,171,172,113,171
1,<environment.Job instance at 0x7fabda04f140>,53,3,[1 9],54,172,175,118,172
1,<environment.Job instance at 0x7fabd9af65f0>,59,2,[9 3],60,175,177,115,175
1,<environment.Job instance at 0x7fabda223eb0>,55,12,[2 6],56,177,189,121,177
1,<environment.Job instance at 0x7fabd9f7e9b0>,61,1,[5 4],62,177,178,115,177
1,<environment.Job instance at 0x7fabd9b64c30>,60,16,[8 3],61,178,194,117,178
1,<environment.Job instance at 0x7fabd981f4b0>,58,13,[5 5],59,185,198,126,185
1,<environment.Job instance at 0x7fabd937c190>,4,2,[5 7],5,5,7,0,5
1,<environment.Job instance at 0x7fabda51f730>,10,2,[ 1 13],11,12,14,1,12
1,<environment.Job instance at 0x7fabda51f410>,15,2,[8 2],16,16,18,0,16
1,<environment.Job instance at 0x7fabda51fd20>,19,16,[1 7],20,22,38,2,22
1,<environment.Job instance at 0x7fabda51feb0>,21,18,[1 6],22,23,41,1,23
1,<environment.Job instance at 0x7fabda51f4b0>,18,21,[8 2],19,24,45,5,24
1,<environment.Job instance at 0x7fabd944ba00>,24,1,[ 2 13],25,41,42,16,25
1,<environment.Job instance at 0x7fabda51f320>,22,26,[2 9],23,60,86,37,60
1,<environment.Job instance at 0x7fabd9e16190>,0,20,[ 1 10],1,1,21,0,1
1,<environment.Job instance at 0x7fabd9e139b0>,4,2,[5 7],5,21,23,16,21
1,<environment.Job instance at 0x7fabd93a7fa0>,6,15,[4 8],7,21,36,14,21
1,<environment.Job instance at 0x7fabd9e380a0>,1,18,[2 7],2,23,41,21,23
1,<environment.Job instance at 0x7fabd93a7af0>,15,2,[8 2],16,36,38,20,36
1,<environment.Job instance at 0x7fabd944bf00>,19,16,[1 7],20,38,54,18,38
1,<environment.Job instance at 0x7fabd937c500>,21,18,[1 6],22,41,59,19,41
1,<environment.Job instance at 0x7fabd9863910>,23,14,[5 5],24,54,68,30,54
1,<environment.Job instance at 0x7fabd93a7f50>,5,14,[ 4 10],6,59,73,53,59
1,<environment.Job instance at 0x7fabd9f822d0>,30,3,[7 3],31,68,71,37,68
1,<environment.Job instance at 0x7fabd9410dc0>,28,15,[2 5],29,71,86,42,71
1,<environment.Job instance at 0x7fabd9999c80>,32,1,[3 6],33,73,74,40,73
1,<environment.Job instance at 0x7fabd9999140>,33,16,[1 9],34,74,90,40,74
1,<environment.Job instance at 0x7fabd91d1960>,34,17,[2 6],35,86,103,51,86
1,<environment.Job instance at 0x7fabd9c759b0>,44,1,[2 5],45,90,91,45,90
1,<environment.Job instance at 0x7fabda5027d0>,46,18,[10  2],47,90,108,43,90
1,<environment.Job instance at 0x7fabd9c75d70>,47,3,[5 6],48,103,106,55,103
1,<environment.Job instance at 0x7fabd931be10>,49,15,[5 8],50,106,121,56,106
1,<environment.Job instance at 0x7fabda518f50>,51,17,[2 6],52,108,125,56,108
1,<environment.Job instance at 0x7fabd931b190>,50,18,[5 8],51,121,139,70,121
1,<environment.Job instance at 0x7fabd962da50>,53,2,[1 5],54,125,127,71,125
1,<environment.Job instance at 0x7fabd99c6730>,56,15,[4 5],57,127,142,70,127
1,<environment.Job instance at 0x7fabd99c6e60>,60,15,[5 8],61,139,154,78,139
1,<environment.Job instance at 0x7fabd99c69b0>,61,1,[4 5],62,142,143,80,142
1,<environment.Job instance at 0x7fabd99c67d0>,58,17,[3 5],59,143,160,84,143
1,<environment.Job instance at 0x7fabda18dc80>,64,15,[7 4],65,155,170,90,155
1,<environment.Job instance at 0x7fabd9c7f820>,67,15,[8 1],68,160,175,92,160
1,<environment.Job instance at 0x7fabd9ed1d20>,70,15,[5 5],71,170,185,99,170
1,<environment.Job instance at 0x7fabd92c8410>,71,16,[ 2 10],72,175,191,103,175
1,<environment.Job instance at 0x7fabd9e6ec80>,29,18,[9 5],30,185,203,155,185
1,<environment.Job instance at 0x7fabd94568c0>,8,1,[6 2],9,9,10,0,9
1,<environment.Job instance at 0x7fabd9432be0>,9,2,[2 5],10,10,12,0,10
1,<environment.Job instance at 0x7fabd9432a00>,10,17,[5 3],11,11,28,0,11
1,<environment.Job instance at 0x7fabd9432e60>,11,12,[2 7],12,12,24,0,12
1,<environment.Job instance at 0x7fabd9461dc0>,12,1,[ 1 13],13,28,29,15,13
1,<environment.Job instance at 0x7fabd94612d0>,15,13,[4 6],16,29,42,13,16
1,<environment.Job instance at 0x7fabd9690e60>,17,12,[1 7],18,29,41,11,18
1,<environment.Job instance at 0x7fabd96908c0>,19,13,[10  1],20,24,37,4,22
1,<environment.Job instance at 0x7fabd9432960>,20,18,[1 7],21,41,59,20,30
1,<environment.Job instance at 0x7fabd97b0a50>,1,12,[8 4],2,42,54,40,30
1,<environment.Job instance at 0x7fabd9690640>,25,23,[6 3],26,42,65,16,37
1,<environment.Job instance at 0x7fabd9d809b0>,29,14,[ 2 10],30,59,73,29,44
1,<environment.Job instance at 0x7fabd938a280>,0,16,[7 3],1,1,17,0,1
1,<environment.Job instance at 0x7fabd9e39c30>,1,12,[8 4],2,2,14,0,2
1,<environment.Job instance at 0x7fabda4f0e10>,8,1,[6 2],9,14,15,5,14
1,<environment.Job instance at 0x7fabd8f63320>,9,2,[2 5],10,14,16,4,14
1,<environment.Job instance at 0x7fabda4f0550>,11,12,[2 7],12,15,27,3,15
1,<environment.Job instance at 0x7fabda4f0780>,10,17,[5 3],11,16,33,5,16
1,<environment.Job instance at 0x7fabd95823c0>,17,12,[1 7],18,27,39,9,27
1,<environment.Job instance at 0x7fabd9582dc0>,15,13,[4 6],16,33,46,17,33
1,<environment.Job instance at 0x7fabd93ebd70>,19,13,[10  1],20,33,46,13,33
1,<environment.Job instance at 0x7fabd9e396e0>,2,16,[1 8],3,39,55,36,39
1,<environment.Job instance at 0x7fabd9582f00>,18,15,[2 6],19,46,61,27,46
1,<environment.Job instance at 0x7fabd9bb7460>,32,2,[5 7],33,55,57,22,55
1,<environment.Job instance at 0x7fabe2b3f280>,35,14,[9 1],36,57,71,21,57
1,<environment.Job instance at 0x7fabd93ebc30>,20,18,[1 7],21,57,75,36,57
1,<environment.Job instance at 0x7fabd96d0e60>,36,12,[10  4],37,71,83,34,71
1,<environment.Job instance at 0x7fabd92a5e10>,29,14,[ 2 10],30,75,89,45,75
1,<environment.Job instance at 0x7fabd9c7f370>,42,1,[9 3],43,83,84,40,83
1,<environment.Job instance at 0x7fabd9224f00>,21,16,[9 3],22,84,100,62,84
1,<environment.Job instance at 0x7fabd98f44b0>,40,15,[ 1 10],41,89,104,48,89
1,<environment.Job instance at 0x7fabd9c7f820>,41,17,[5 1],42,89,106,47,89
1,<environment.Job instance at 0x7fabd99c66e0>,48,17,[9 4],49,100,117,51,100
1,<environment.Job instance at 0x7fabd9c7f230>,47,12,[4 7],48,106,118,58,106
1,<environment.Job instance at 0x7fabd99c6f00>,53,12,[1 6],54,117,129,63,117
1,<environment.Job instance at 0x7fabd99c6e60>,46,18,[9 2],47,117,135,70,117
1,<environment.Job instance at 0x7fabd99c6b40>,51,14,[4 8],52,129,143,77,129
1,<environment.Job instance at 0x7fabd9c759b0>,59,2,[3 6],60,135,137,75,135
1,<environment.Job instance at 0x7fabda518910>,55,14,[8 4],56,137,151,81,137
1,<environment.Job instance at 0x7fabd9c7fbe0>,44,16,[3 8],45,143,159,98,143
1,<environment.Job instance at 0x7fabd937cbe0>,67,3,[10  4],68,151,154,83,151
1,<environment.Job instance at 0x7fabd937c960>,68,13,[8 4],69,154,167,85,154
1,<environment.Job instance at 0x7fabd93a7500>,73,3,[4 9],74,159,162,85,159
1,<environment.Job instance at 0x7fabd9e24230>,82,2,[1 9],83,162,164,79,162
1,<environment.Job instance at 0x7fabd9e24a00>,83,14,[5 1],84,162,176,78,162
1,<environment.Job instance at 0x7fabd9863730>,87,1,[ 2 10],88,167,168,79,167
1,<environment.Job instance at 0x7fabd93a7eb0>,74,13,[8 2],75,167,180,92,167
1,<environment.Job instance at 0x7fabe2f04eb0>,91,15,[6 1],92,176,191,84,176
1,<environment.Job instance at 0x7fabda391820>,61,15,[9 2],62,181,196,119,181
1,<environment.Job instance at 0x7fabd9ccf6e0>,0,3,[9 4],1,1,4,0,1
1,<environment.Job instance at 0x7fabd9ccf410>,1,13,[8 2],2,4,17,2,2
1,<environment.Job instance at 0x7fabda1a2be0>,3,2,[8 2],4,17,19,13,4
1,<environment.Job instance at 0x7fabda1a29b0>,4,16,[4 6],5,5,21,0,5
1,<environment.Job instance at 0x7fabda1a26e0>,5,15,[5 1],6,19,34,13,6
1,<environment.Job instance at 0x7fabda1a20f0>,6,3,[2 7],7,7,10,0,7
1,<environment.Job instance at 0x7fabda1a2c80>,7,1,[ 4 12],8,21,22,13,8
1,<environment.Job instance at 0x7fabda1a2640>,8,3,[10  5],9,22,25,13,9
1,<environment.Job instance at 0x7fabda1a25f0>,12,3,[13  2],13,34,37,21,13
1,<environment.Job instance at 0x7fabda1a2a00>,19,27,[2 9],20,25,52,5,24
1,<environment.Job instance at 0x7fabda1a2a50>,20,15,[2 6],21,37,52,16,24
1,<environment.Job instance at 0x7fabda1a27d0>,18,13,[5 4],19,52,65,33,37
1,<environment.Job instance at 0x7fabd9ccfe10>,11,16,[ 5 10],12,52,68,40,39
1,<environment.Job instance at 0x7fabda0a7050>,22,18,[10  2],23,65,83,42,65
1,<environment.Job instance at 0x7fabda1a2460>,21,18,[ 5 10],22,70,88,48,70
1,<environment.Job instance at 0x7fabda1a2e60>,14,18,[ 2 14],15,88,106,73,80
1,<environment.Job instance at 0x7fabda0a7b40>,25,22,[8 1],26,104,126,78,104
1,<environment.Job instance at 0x7fabda0a75f0>,32,12,[2 9],33,106,118,73,106
1,<environment.Job instance at 0x7fabda0a7870>,31,17,[ 1 11],32,118,135,86,106
1,<environment.Job instance at 0x7fabda0a75a0>,34,3,[ 5 13],35,149,152,114,149
1,<environment.Job instance at 0x7fabda0a7640>,33,1,[ 4 13],34,152,153,118,149
1,<environment.Job instance at 0x7fabda0a7460>,35,13,[10  3],36,153,166,117,149
1,<environment.Job instance at 0x7fabda0a7960>,28,27,[3 9],29,153,180,124,151
1,<environment.Job instance at 0x7fabda0a79b0>,39,3,[8 2],40,166,169,126,165
1,<environment.Job instance at 0x7fabda0a78c0>,38,14,[1 7],39,180,194,141,165
1,<environment.Job instance at 0x7fabda0a7c30>,40,18,[1 9],41,194,212,153,183
1,<environment.Job instance at 0x7fabda0a7500>,41,16,[13  2],42,185,201,143,185
1,<environment.Job instance at 0x7fabd9380fa0>,0,3,[9 4],1,1,4,0,1
1,<environment.Job instance at 0x7fabd940be10>,3,2,[8 2],4,4,6,0,4
1,<environment.Job instance at 0x7fabd940be60>,4,16,[4 6],5,5,21,0,5
1,<environment.Job instance at 0x7fabd940b2d0>,1,13,[8 2],2,6,19,4,6
1,<environment.Job instance at 0x7fabd940b5a0>,6,3,[2 7],7,7,10,0,7
1,<environment.Job instance at 0x7fabd944b8c0>,8,3,[10  5],9,19,22,10,19
1,<environment.Job instance at 0x7fabd9efbe10>,18,13,[5 4],19,21,34,2,21
1,<environment.Job instance at 0x7fabd944b370>,5,15,[5 1],6,22,37,16,22
1,<environment.Job instance at 0x7fabd93113c0>,20,15,[2 6],21,22,37,1,22
1,<environment.Job instance at 0x7fabd94c3870>,17,20,[4 8],18,34,54,16,34
1,<environment.Job instance at 0x7fabd93793c0>,10,15,[10  4],11,37,52,26,37
1,<environment.Job instance at 0x7fabda18dcd0>,22,18,[10  2],23,52,70,29,52
1,<environment.Job instance at 0x7fabd9e688c0>,32,12,[2 9],33,54,66,21,54
1,<environment.Job instance at 0x7fabd916e870>,38,14,[1 7],39,66,80,27,66
1,<environment.Job instance at 0x7fabd9c759b0>,39,3,[8 2],40,70,73,30,70
1,<environment.Job instance at 0x7fabd9e6ea50>,35,13,[10  3],36,73,86,37,73
1,<environment.Job instance at 0x7fabd9a2ec80>,11,16,[ 5 10],12,80,96,68,80
1,<environment.Job instance at 0x7fabd98f4e60>,45,18,[10  5],46,86,104,40,86
1,<environment.Job instance at 0x7fabd92a5730>,51,12,[ 1 10],52,96,108,44,96
1,<environment.Job instance at 0x7fabd95823c0>,56,13,[3 9],57,108,121,51,108
1,<environment.Job instance at 0x7fabd9119dc0>,48,18,[5 6],49,108,126,59,108
1,<environment.Job instance at 0x7fabd941f5a0>,58,3,[6 4],59,121,124,62,121
1,<environment.Job instance at 0x7fabd90ed410>,61,3,[3 6],62,124,127,62,124
1,<environment.Job instance at 0x7fabd90ed870>,62,12,[5 8],63,126,138,63,126
1,<environment.Job instance at 0x7fabd9e39b90>,63,12,[4 6],64,127,139,63,127
1,<environment.Job instance at 0x7fabd91db690>,57,15,[2 7],58,138,153,80,138
1,<environment.Job instance at 0x7fabda1a2e10>,67,18,[7 1],68,138,156,70,138
1,<environment.Job instance at 0x7fabd90b4b90>,68,1,[7 3],69,153,154,84,153
1,<environment.Job instance at 0x7fabda1a2b90>,65,18,[1 9],66,153,171,87,153
1,<environment.Job instance at 0x7fabd90b4af0>,69,21,[5 5],70,155,176,85,155
1,<environment.Job instance at 0x7fabda0a7370>,70,2,[3 7],71,171,173,100,171
1,<environment.Job instance at 0x7fabd9932320>,73,13,[5 8],74,173,186,99,173
1,<environment.Job instance at 0x7fabd9b2c500>,75,22,[8 3],76,177,199,101,177
1,<environment.Job instance at 0x7fabd90d1eb0>,71,15,[3 8],72,186,201,114,186
1,<environment.Job instance at 0x7fabd8e67190>,2,2,[10  4],3,3,5,0,3
1,<environment.Job instance at 0x7fabd8e67a50>,6,1,[4 9],7,7,8,0,7
1,<environment.Job instance at 0x7fabd8e052d0>,11,2,[4 9],12,12,14,0,12
1,<environment.Job instance at 0x7fabd8e05410>,9,13,[9 5],10,15,28,5,15
1,<environment.Job instance at 0x7fabd8e05af0>,15,3,[6 5],16,16,19,0,16
1,<environment.Job instance at 0x7fabd8e67320>,10,15,[ 4 10],11,19,34,8,18
1,<environment.Job instance at 0x7fabd8e055a0>,17,3,[9 1],18,28,31,10,18
1,<environment.Job instance at 0x7fabd8e05e60>,18,15,[3 9],19,34,49,15,20
1,<environment.Job instance at 0x7fabd8e05cd0>,20,12,[5 4],21,31,43,10,21
1,<environment.Job instance at 0x7fabd8e050a0>,22,13,[8 3],23,43,56,20,30
1,<environment.Job instance at 0x7fabd8e05a50>,23,1,[ 2 13],24,56,57,32,30
1,<environment.Job instance at 0x7fabd8e05dc0>,24,1,[1 8],25,49,50,24,30
1,<environment.Job instance at 0x7fabd8e053c0>,12,28,[1 7],13,60,88,47,60
1,<environment.Job instance at 0x7fabd8e05690>,26,26,[5 4],27,83,109,56,83
1,<environment.Job instance at 0x7fabd8e05460>,27,18,[ 1 11],28,105,123,77,105
1,<environment.Job instance at 0x7fabd9b2c4b0>,1,17,[8 5],2,2,19,0,2
1,<environment.Job instance at 0x7fabd9e45500>,6,1,[4 9],7,7,8,0,7
1,<environment.Job instance at 0x7fabda0a7f00>,8,22,[2 7],9,9,31,0,9
1,<environment.Job instance at 0x7fabda0a7730>,2,2,[10  4],3,19,21,16,19
1,<environment.Job instance at 0x7fabd8ed4140>,15,3,[6 5],16,21,24,5,21
1,<environment.Job instance at 0x7fabd8ed5780>,9,13,[9 5],10,24,37,14,24
1,<environment.Job instance at 0x7fabd8ed59b0>,11,2,[4 9],12,31,33,19,31
1,<environment.Job instance at 0x7fabd94bec80>,18,15,[3 9],19,33,48,14,33
1,<environment.Job instance at 0x7fabd8ed4050>,17,3,[9 1],18,37,40,19,37
1,<environment.Job instance at 0x7fabd8ed4820>,20,12,[5 4],21,40,52,19,40
1,<environment.Job instance at 0x7fabd8ecff00>,24,1,[1 8],25,48,49,23,48
1,<environment.Job instance at 0x7fabd8ecf140>,22,13,[8 3],23,48,61,25,48
1,<environment.Job instance at 0x7fabd8eea690>,31,3,[7 3],32,52,55,20,52
1,<environment.Job instance at 0x7fabd8eeadc0>,29,12,[6 5],30,55,67,25,55
1,<environment.Job instance at 0x7fabe2b82f00>,37,3,[4 5],38,61,64,23,61
1,<environment.Job instance at 0x7fabd8eead20>,33,12,[5 3],34,61,73,27,61
1,<environment.Job instance at 0x7fabe2b93d20>,43,14,[7 2],44,67,81,23,67
1,<environment.Job instance at 0x7fabe2b7ecd0>,49,15,[3 8],50,67,82,17,67
1,<environment.Job instance at 0x7fabe2b93fa0>,42,14,[9 2],43,81,95,38,81
1,<environment.Job instance at 0x7fabe2bb1730>,50,14,[4 9],51,83,97,32,83
1,<environment.Job instance at 0x7fabe2b7eaa0>,53,18,[10  4],54,95,113,41,95
1,<environment.Job instance at 0x7fabea3f0fa0>,10,15,[ 4 10],11,99,114,88,99
1,<environment.Job instance at 0x7fabe2b956e0>,56,20,[4 5],57,113,133,56,113
1,<environment.Job instance at 0x7fabe2b89820>,58,14,[2 6],59,114,128,55,114
1,<environment.Job instance at 0x7fabe2b89d70>,60,1,[8 2],61,114,115,53,114
1,<environment.Job instance at 0x7fabe2b890a0>,61,15,[2 7],62,128,143,66,128
1,<environment.Job instance at 0x7fabe2b891e0>,62,16,[5 3],63,128,144,65,128
1,<environment.Job instance at 0x7fabd9613370>,63,16,[2 7],64,143,159,79,143
1,<environment.Job instance at 0x7fabe2b95550>,57,18,[4 6],58,144,162,86,144
1,<environment.Job instance at 0x7fabd9d6b500>,65,12,[5 9],66,159,171,93,159
1,<environment.Job instance at 0x7fabe2b91460>,64,13,[ 3 10],65,171,184,106,171
1,<environment.Job instance at 0x7fabda5185f0>,68,17,[6 2],69,171,188,102,171
1,<environment.Job instance at 0x7fabd99a8960>,67,15,[1 7],68,184,199,116,184
1,<environment.Job instance at 0x7fabd9d51410>,71,18,[2 5],72,184,202,112,184
1,<environment.Job instance at 0x7fabd92cde10>,1,13,[5 4],2,2,15,0,2
1,<environment.Job instance at 0x7fabd92cda00>,5,17,[5 5],6,6,23,0,6
1,<environment.Job instance at 0x7fabd92cd8c0>,7,13,[ 2 10],8,15,28,7,8
1,<environment.Job instance at 0x7fabd92cdbe0>,9,14,[6 2],10,23,37,13,10
1,<environment.Job instance at 0x7fabd92cd280>,10,13,[6 5],11,28,41,17,12
1,<environment.Job instance at 0x7fabd92cdaa0>,12,3,[9 4],13,37,40,24,13
1,<environment.Job instance at 0x7fabd92cdc80>,14,18,[ 1 10],15,40,58,25,32
1,<environment.Job instance at 0x7fabd92cd1e0>,18,25,[4 5],19,41,66,22,37
1,<environment.Job instance at 0x7fabd92cd4b0>,17,20,[3 9],18,58,78,40,50
1,<environment.Job instance at 0x7fabd92cd550>,15,12,[12  3],16,66,78,50,50
1,<environment.Job instance at 0x7fabd9e3bcd0>,19,25,[10  3],20,163,188,143,163
1,<environment.Job instance at 0x7fabda102cd0>,1,13,[5 4],2,2,15,0,2
1,<environment.Job instance at 0x7fabd99905f0>,3,16,[9 4],4,4,20,0,4
1,<environment.Job instance at 0x7fabd9990cd0>,7,13,[ 2 10],8,15,28,7,15
1,<environment.Job instance at 0x7fabd8ee85a0>,12,3,[9 4],13,20,23,7,20
1,<environment.Job instance at 0x7fabd8ee8230>,10,13,[6 5],11,23,36,12,23
1,<environment.Job instance at 0x7fabd8ee8f00>,9,14,[6 2],10,28,42,18,28
1,<environment.Job instance at 0x7fabd8eda500>,25,13,[9 3],26,36,49,10,36
1,<environment.Job instance at 0x7fabd99a0a50>,5,17,[5 5],6,42,59,36,42
1,<environment.Job instance at 0x7fabd8edab90>,30,1,[8 4],31,49,50,18,49
1,<environment.Job instance at 0x7fabda3d9910>,32,3,[4 8],33,50,53,17,50
1,<environment.Job instance at 0x7fabd998cbe0>,34,2,[3 9],35,53,55,18,53
1,<environment.Job instance at 0x7fabd998c820>,35,1,[5 5],36,55,56,19,55
1,<environment.Job instance at 0x7fabd8eda460>,28,12,[ 3 10],29,56,68,27,56
1,<environment.Job instance at 0x7fabd998c6e0>,33,16,[10  4],34,59,75,25,59
1,<environment.Job instance at 0x7fabd998ccd0>,37,15,[2 8],38,68,83,30,68
1,<environment.Job instance at 0x7fabda21ce60>,20,16,[9 5],21,75,91,54,75
1,<environment.Job instance at 0x7fabd9505fa0>,14,18,[ 1 10],15,83,101,68,83
1,<environment.Job instance at 0x7fabd8edceb0>,41,17,[9 5],42,91,108,49,91
1,<environment.Job instance at 0x7fabd8edccd0>,47,16,[ 2 10],48,101,117,53,101
1,<environment.Job instance at 0x7fabd8edcaa0>,49,15,[5 5],50,108,123,58,108
1,<environment.Job instance at 0x7fabd8edc910>,50,15,[1 5],51,117,132,66,117
1,<environment.Job instance at 0x7fabd998c460>,36,17,[7 1],37,117,134,80,117
1,<environment.Job instance at 0x7fabd940d4b0>,55,14,[7 4],56,123,137,67,123
1,<environment.Job instance at 0x7fabd8edcaf0>,45,18,[1 5],46,132,150,86,132
1,<environment.Job instance at 0x7fabda2098c0>,59,16,[2 6],60,134,150,74,134
1,<environment.Job instance at 0x7fabd8edca00>,43,18,[7 3],44,137,155,93,137
1,<environment.Job instance at 0x7fabda2172d0>,65,2,[3 8],66,150,152,84,150
1,<environment.Job instance at 0x7fabd9748640>,63,12,[6 2],64,152,164,88,152
1,<environment.Job instance at 0x7fabda2175a0>,64,15,[1 8],65,152,167,87,152
1,<environment.Job instance at 0x7fabda4bae60>,61,17,[5 5],62,155,172,93,155
1,<environment.Job instance at 0x7fabd9748190>,66,15,[9 1],67,164,179,97,164
1,<environment.Job instance at 0x7fabda363050>,69,1,[3 6],70,172,173,102,172
1,<environment.Job instance at 0x7fabda363140>,70,2,[5 5],71,173,175,102,173
1,<environment.Job instance at 0x7fabd8edc2d0>,48,18,[3 9],49,175,193,126,175
1,<environment.Job instance at 0x7fabd95fcb90>,75,3,[4 5],76,179,182,103,179
1,<environment.Job instance at 0x7fabd9866d20>,67,12,[10  4],68,182,194,114,182
1,<environment.Job instance at 0x7fabe2bd2b40>,1,22,[1 5],2,2,24,0,2
1,<environment.Job instance at 0x7fabe2bd2640>,2,1,[ 4 12],3,24,25,21,3
1,<environment.Job instance at 0x7fabd955d3c0>,5,3,[8 4],6,6,9,0,6
1,<environment.Job instance at 0x7fabd955dd70>,7,3,[7 1],8,9,12,1,8
1,<environment.Job instance at 0x7fabd955dc80>,9,23,[6 3],10,10,33,0,10
1,<environment.Job instance at 0x7fabd955dc30>,11,1,[10  3],12,33,34,21,12
1,<environment.Job instance at 0x7fabda2205f0>,21,1,[7 4],22,22,23,0,22
1,<environment.Job instance at 0x7fabda220d20>,22,14,[3 7],23,25,39,2,23
1,<environment.Job instance at 0x7fabda220b90>,23,15,[4 7],24,34,49,10,24
1,<environment.Job instance at 0x7fabda220320>,28,1,[1 5],29,29,30,0,29
1,<environment.Job instance at 0x7fabda220e60>,29,1,[14  3],30,49,50,19,30
1,<environment.Job instance at 0x7fabd93c9410>,32,2,[ 2 14],33,50,52,17,33
1,<environment.Job instance at 0x7fabd93c9690>,33,12,[10  1],34,50,62,16,34
1,<environment.Job instance at 0x7fabd93c9a00>,38,3,[ 5 13],39,52,55,13,39
1,<environment.Job instance at 0x7fabd9ecc690>,40,3,[5 2],41,41,44,0,41
1,<environment.Job instance at 0x7fabd9ecc410>,43,13,[8 1],44,62,75,18,46
1,<environment.Job instance at 0x7fabd9ecca00>,50,14,[7 5],51,62,76,11,51
1,<environment.Job instance at 0x7fabd9eccc80>,53,18,[ 2 13],54,76,94,22,65
1,<environment.Job instance at 0x7fabd9eccc30>,54,1,[6 1],55,75,76,20,65
1,<environment.Job instance at 0x7fabd9ecc5f0>,55,17,[11  1],56,76,93,20,66
1,<environment.Job instance at 0x7fabd9ecc820>,57,3,[6 1],58,93,96,35,67
1,<environment.Job instance at 0x7fabd9ecc1e0>,52,12,[3 9],53,94,106,41,78
1,<environment.Job instance at 0x7fabd9eccaa0>,59,1,[9 3],60,96,97,36,78
1,<environment.Job instance at 0x7fabd9ecc140>,58,16,[5 5],59,97,113,38,84
1,<environment.Job instance at 0x7fabd93c90f0>,37,13,[9 3],38,106,119,68,95
1,<environment.Job instance at 0x7fabd9faee10>,62,16,[4 6],63,113,129,50,100
1,<environment.Job instance at 0x7fabd9fae960>,66,1,[8 1],67,119,120,52,104
1,<environment.Job instance at 0x7fabd9fae050>,68,3,[14  5],69,129,132,60,104
1,<environment.Job instance at 0x7fabe2b38190>,71,3,[2 9],72,120,123,48,104
1,<environment.Job instance at 0x7fabd9542230>,78,2,[11  5],79,123,125,44,110
1,<environment.Job instance at 0x7fabd9542690>,81,3,[ 4 10],82,132,135,50,110
1,<environment.Job instance at 0x7fabd9542410>,79,1,[8 3],80,125,126,45,110
1,<environment.Job instance at 0x7fabd9542370>,83,2,[14  3],84,135,137,51,110
1,<environment.Job instance at 0x7fabd9542d20>,85,1,[ 2 12],86,137,138,51,110
1,<environment.Job instance at 0x7fabd9542a50>,89,2,[9 2],90,126,128,36,110
1,<environment.Job instance at 0x7fabd9fae8c0>,65,3,[14  5],66,138,141,72,118
1,<environment.Job instance at 0x7fabd9542e10>,92,28,[7 1],93,142,170,49,142
1,<environment.Job instance at 0x7fabd9542f00>,84,3,[8 3],85,145,148,60,145
1,<environment.Job instance at 0x7fabd9a954b0>,1,22,[1 5],2,2,24,0,2
1,<environment.Job instance at 0x7fabe2b704b0>,3,21,[5 2],4,4,25,0,4
1,<environment.Job instance at 0x7fabe2b70b90>,4,19,[3 5],5,5,24,0,5
1,<environment.Job instance at 0x7fabd964eb40>,11,1,[10  3],12,24,25,12,24
1,<environment.Job instance at 0x7fabe2b70e60>,5,3,[8 4],6,25,28,19,25
1,<environment.Job instance at 0x7fabda285230>,7,3,[7 1],8,25,28,17,25
1,<environment.Job instance at 0x7fabd964ee60>,21,1,[7 4],22,28,29,6,28
1,<environment.Job instance at 0x7fabd932e5f0>,22,14,[3 7],23,28,42,5,28
1,<environment.Job instance at 0x7fabd964ec30>,17,14,[8 1],18,29,43,11,29
1,<environment.Job instance at 0x7fabd932eb90>,23,15,[4 7],24,29,44,5,29
1,<environment.Job instance at 0x7fabe2b70960>,6,16,[1 7],7,42,58,35,42
1,<environment.Job instance at 0x7fabd93fb050>,28,1,[1 5],29,44,45,15,44
1,<environment.Job instance at 0x7fabd932e280>,24,14,[8 2],25,44,58,19,44
1,<environment.Job instance at 0x7fabd964e640>,19,16,[6 3],20,45,61,25,45
1,<environment.Job instance at 0x7fabda45bc30>,31,15,[9 5],32,58,73,26,58
1,<environment.Job instance at 0x7fabd92cda50>,25,18,[4 9],26,61,79,35,61
1,<environment.Job instance at 0x7fabd8eb4370>,33,12,[10  1],34,73,85,39,73
1,<environment.Job instance at 0x7fabd8ed40a0>,40,3,[5 2],41,85,88,44,85
1,<environment.Job instance at 0x7fabd8ed5b90>,37,13,[9 3],38,85,98,47,85
1,<environment.Job instance at 0x7fabd8ecf140>,43,13,[8 1],44,98,111,54,98
1,<environment.Job instance at 0x7fabe3034af0>,30,17,[7 1],31,98,115,67,98
1,<environment.Job instance at 0x7fabd8ed4190>,41,16,[8 1],42,111,127,69,111
1,<environment.Job instance at 0x7fabd8eea410>,50,14,[7 5],51,115,129,64,115
1,<environment.Job instance at 0x7fabd8eeaaa0>,52,12,[3 9],53,127,139,74,127
1,<environment.Job instance at 0x7fabd985e550>,54,1,[6 1],55,129,130,74,129
1,<environment.Job instance at 0x7fabe2b82730>,57,3,[6 1],58,129,132,71,129
1,<environment.Job instance at 0x7fabe2b74780>,58,16,[5 5],59,130,146,71,130
1,<environment.Job instance at 0x7fabea3f0fa0>,36,17,[7 1],37,132,149,95,132
1,<environment.Job instance at 0x7fabd8eead70>,48,17,[3 5],49,139,156,90,139
1,<environment.Job instance at 0x7fabe2bb1d20>,62,16,[4 6],63,146,162,83,146
1,<environment.Job instance at 0x7fabe2b7eaa0>,66,1,[8 1],67,149,150,82,149
1,<environment.Job instance at 0x7fabd964efa0>,12,18,[8 4],13,150,168,137,150
1,<environment.Job instance at 0x7fabe2b899b0>,71,3,[2 9],72,162,165,90,162
1,<environment.Job instance at 0x7fabe2b7eaf0>,64,15,[2 8],65,165,180,100,165
1,<environment.Job instance at 0x7fabe2b74640>,59,1,[9 3],60,168,169,108,168
1,<environment.Job instance at 0x7fabe2b95550>,69,13,[9 4],70,169,182,99,169
1,<environment.Job instance at 0x7fabe2b913c0>,77,14,[5 5],78,180,194,102,180
1,<environment.Job instance at 0x7fabe2b89910>,73,16,[1 6],74,180,196,106,180
1,<environment.Job instance at 0x7fabda5185f0>,79,1,[8 3],80,182,183,102,182
1,<environment.Job instance at 0x7fabd9866eb0>,84,3,[8 3],85,183,186,98,183
1,<environment.Job instance at 0x7fabd97566e0>,82,15,[8 2],83,186,201,103,186
1,<environment.Job instance at 0x7fabda3dcdc0>,0,15,[6 1],1,1,16,0,1
1,<environment.Job instance at 0x7fabda3dc280>,8,12,[4 7],9,9,21,0,9
1,<environment.Job instance at 0x7fabda3dcd70>,9,1,[11  5],10,16,17,6,10
1,<environment.Job instance at 0x7fabe2b93e60>,12,2,[8 4],13,17,19,4,13
1,<environment.Job instance at 0x7fabe2b93c30>,15,20,[1 6],16,19,39,3,16
1,<environment.Job instance at 0x7fabda3dc190>,5,15,[1 8],6,25,40,19,25
1,<environment.Job instance at 0x7fabe2b93140>,13,14,[ 4 10],14,40,54,26,27
1,<environment.Job instance at 0x7fabe2b93870>,20,3,[6 4],21,39,42,18,29
1,<environment.Job instance at 0x7fabda0a9690>,23,1,[8 2],24,39,40,15,31
1,<environment.Job instance at 0x7fabda0a97d0>,24,3,[14  3],25,54,57,29,31
1,<environment.Job instance at 0x7fabda0a96e0>,27,3,[ 2 10],28,57,60,29,36
1,<environment.Job instance at 0x7fabd983eb40>,30,22,[1 5],31,42,64,11,38
1,<environment.Job instance at 0x7fabd9619cd0>,37,1,[4 7],38,60,61,22,38
1,<environment.Job instance at 0x7fabd9619aa0>,38,3,[13  3],39,61,64,22,39
1,<environment.Job instance at 0x7fabd9619370>,36,2,[ 1 10],37,64,66,27,43
1,<environment.Job instance at 0x7fabd96190a0>,45,1,[10  1],46,60,61,14,46
1,<environment.Job instance at 0x7fabd9619500>,42,14,[7 2],43,64,78,21,49
1,<environment.Job instance at 0x7fabd9619730>,48,12,[4 6],49,66,78,17,52
1,<environment.Job instance at 0x7fabd9619e60>,50,16,[1 9],51,78,94,27,65
1,<environment.Job instance at 0x7fabd9619050>,51,13,[2 6],52,99,112,47,99
1,<environment.Job instance at 0x7fabda091d20>,0,15,[6 1],1,1,16,0,1
1,<environment.Job instance at 0x7fabd9e93eb0>,5,15,[1 8],6,6,21,0,6
1,<environment.Job instance at 0x7fabd9e8ddc0>,10,18,[5 6],11,11,29,0,11
1,<environment.Job instance at 0x7fabd9e8da50>,12,2,[8 4],13,21,23,8,21
1,<environment.Job instance at 0x7fabd9c777d0>,20,3,[6 4],21,23,26,2,23
1,<environment.Job instance at 0x7fabd9e8d640>,8,12,[4 7],9,26,38,17,26
1,<environment.Job instance at 0x7fabd9ebb820>,23,1,[8 2],24,29,30,5,29
1,<environment.Job instance at 0x7fabd9ebbaf0>,25,14,[7 3],26,30,44,4,30
1,<environment.Job instance at 0x7fabd9e8b410>,27,3,[ 2 10],28,38,41,10,38
1,<environment.Job instance at 0x7fabd9c71550>,13,14,[ 4 10],14,41,55,27,41
1,<environment.Job instance at 0x7fabd9e8b550>,22,15,[9 4],23,46,61,23,46
1,<environment.Job instance at 0x7fabd9ea5640>,32,13,[6 2],33,55,68,22,55
1,<environment.Job instance at 0x7fabd9c71e60>,16,18,[3 8],17,61,79,44,61
1,<environment.Job instance at 0x7fabd9ea1730>,30,22,[1 5],31,61,83,30,61
1,<environment.Job instance at 0x7fabd9ea40f0>,37,1,[4 7],38,79,80,41,79
1,<environment.Job instance at 0x7fabd9ea4be0>,36,2,[ 1 10],37,80,82,43,80
1,<environment.Job instance at 0x7fabda092960>,39,15,[8 4],40,82,97,42,82
1,<environment.Job instance at 0x7fabd9ea4a00>,41,17,[1 7],42,83,100,41,83
1,<environment.Job instance at 0x7fabd9ec3960>,42,14,[7 2],43,97,111,54,97
1,<environment.Job instance at 0x7fabd9ea4140>,40,18,[7 3],41,97,115,56,97
1,<environment.Job instance at 0x7fabd9ec3870>,43,21,[1 7],44,101,122,57,101
1,<environment.Job instance at 0x7fabd9ec3dc0>,44,18,[4 5],45,111,129,66,111
1,<environment.Job instance at 0x7fabd9ec3a00>,45,1,[10  1],46,115,116,69,115
1,<environment.Job instance at 0x7fabd9ea3230>,47,12,[10  1],48,116,128,68,116
1,<environment.Job instance at 0x7fabd9ea3c30>,48,12,[4 6],49,128,140,79,128
1,<environment.Job instance at 0x7fabd9ea3dc0>,50,16,[1 9],51,129,145,78,129
1,<environment.Job instance at 0x7fabd94fbcd0>,51,13,[2 6],52,140,153,88,140
1,<environment.Job instance at 0x7fabda55baf0>,53,16,[8 4],54,145,161,91,145
1,<environment.Job instance at 0x7fabd9ea3140>,46,15,[ 3 10],47,153,168,106,153
1,<environment.Job instance at 0x7fabda55bbe0>,54,13,[10  1],55,161,174,106,161
1,<environment.Job instance at 0x7fabd9ea7140>,57,17,[5 4],58,169,186,111,169
1,<environment.Job instance at 0x7fabd9ea4190>,35,18,[ 2 10],36,175,193,139,175
1,<environment.Job instance at 0x7fabd9e9b320>,59,2,[10  4],60,186,188,126,186
1,<environment.Job instance at 0x7fabd9e9bdc0>,60,2,[7 3],61,188,190,127,188
1,<environment.Job instance at 0x7fabd9b005a0>,3,13,[6 1],4,6,19,2,6
1,<environment.Job instance at 0x7fabd9b00500>,6,12,[7 4],7,7,19,0,7
1,<environment.Job instance at 0x7fabd9b00640>,10,3,[5 1],11,19,22,8,11
1,<environment.Job instance at 0x7fabd9b00cd0>,9,12,[2 9],10,14,26,4,14
1,<environment.Job instance at 0x7fabd9b00280>,8,22,[6 5],9,19,41,10,14
1,<environment.Job instance at 0x7fabda54ae60>,14,18,[1 9],15,26,44,11,15
1,<environment.Job instance at 0x7fabda54a0f0>,15,14,[10  5],16,41,55,25,26
1,<environment.Job instance at 0x7fabda54a230>,17,13,[ 2 13],18,55,68,37,39
1,<environment.Job instance at 0x7fabda54a640>,11,16,[ 1 12],12,68,84,56,55
1,<environment.Job instance at 0x7fabd9b00e60>,12,15,[2 9],13,84,99,71,77
1,<environment.Job instance at 0x7fabda54ab40>,13,27,[7 4],14,84,111,70,82
1,<environment.Job instance at 0x7fabda5e7690>,27,2,[ 5 11],28,99,101,71,84
1,<environment.Job instance at 0x7fabda5e7cd0>,31,12,[9 3],32,111,123,79,94
1,<environment.Job instance at 0x7fabda54a190>,20,21,[2 5],21,101,122,80,94
1,<environment.Job instance at 0x7fabda5e7b90>,33,21,[4 5],34,101,122,67,101
1,<environment.Job instance at 0x7fabda5e7af0>,34,12,[13  2],35,123,135,88,106
1,<environment.Job instance at 0x7fabda5e79b0>,35,18,[ 4 10],36,135,153,99,128
1,<environment.Job instance at 0x7fabda5e7e10>,36,12,[12  4],37,153,165,116,136
1,<environment.Job instance at 0x7fabda5e70a0>,37,13,[7 3],38,136,149,98,136
1,<environment.Job instance at 0x7fabda5e7730>,25,25,[6 5],26,165,190,139,163
1,<environment.Job instance at 0x7fabd92b3f50>,38,27,[8 5],39,165,192,126,163
1,<environment.Job instance at 0x7fabd92b3230>,39,15,[12  4],40,192,207,152,184
1,<environment.Job instance at 0x7fabd9b00d20>,7,25,[3 9],8,190,215,182,189
1,<environment.Job instance at 0x7fabda5bed70>,3,13,[6 1],4,4,17,0,4
1,<environment.Job instance at 0x7fabda075190>,6,12,[7 4],7,7,19,0,7
1,<environment.Job instance at 0x7fabda012aa0>,9,12,[2 9],10,10,22,0,10
1,<environment.Job instance at 0x7fabd8f34500>,10,3,[5 1],11,17,20,6,17
1,<environment.Job instance at 0x7fabd9fd8960>,15,14,[10  5],16,20,34,4,20
1,<environment.Job instance at 0x7fabe3042690>,18,14,[4 9],19,22,36,3,22
1,<environment.Job instance at 0x7fabd91385a0>,19,17,[9 1],20,34,51,14,34
1,<environment.Job instance at 0x7fabda5e6f50>,12,15,[2 9],13,36,51,23,36
1,<environment.Job instance at 0x7fabd9613fa0>,31,12,[9 3],32,51,63,19,51
1,<environment.Job instance at 0x7fabd9fd8820>,14,18,[1 9],15,51,69,36,51
1,<environment.Job instance at 0x7fabda18ddc0>,37,13,[7 3],38,63,76,25,63
1,<environment.Job instance at 0x7fabd9f46370>,40,12,[3 8],41,70,82,29,70
1,<environment.Job instance at 0x7fabd98db230>,44,19,[2 5],45,77,96,32,77
1,<environment.Job instance at 0x7fabda03eb40>,46,12,[3 7],47,82,94,35,82
1,<environment.Job instance at 0x7fabd9c3bbe0>,16,21,[10  3],17,82,103,65,82
1,<environment.Job instance at 0x7fabd96b1b90>,47,17,[1 7],48,94,111,46,94
1,<environment.Job instance at 0x7fabd9141e10>,52,16,[8 3],53,104,120,51,104
1,<environment.Job instance at 0x7fabda012a50>,8,22,[6 5],9,104,126,95,104
1,<environment.Job instance at 0x7fabd916aeb0>,55,13,[ 4 10],56,120,133,64,120
1,<environment.Job instance at 0x7fabd9f0ce10>,56,15,[10  3],57,126,141,69,126
1,<environment.Job instance at 0x7fabd9f0cf50>,57,1,[1 9],58,134,135,76,134
1,<environment.Job instance at 0x7fabd8c70460>,35,18,[ 4 10],36,136,154,100,136
1,<environment.Job instance at 0x7fabd96c85a0>,60,17,[9 5],61,141,158,80,141
1,<environment.Job instance at 0x7fabd96c86e0>,62,3,[5 1],63,154,157,91,154
1,<environment.Job instance at 0x7fabd96c8730>,63,14,[4 6],64,157,171,93,157
1,<environment.Job instance at 0x7fabd96c81e0>,59,19,[3 9],60,159,178,99,159
1,<environment.Job instance at 0x7fabd96c82d0>,66,3,[7 2],67,171,174,104,171
1,<environment.Job instance at 0x7fabda3fac80>,69,16,[6 3],70,174,190,104,174
1,<environment.Job instance at 0x7fabd96c8e60>,65,20,[1 5],66,179,199,113,179
1,<environment.Job instance at 0x7fabda3fa5a0>,71,19,[3 7],72,180,199,108,180
1,<environment.Job instance at 0x7fabe2f022d0>,2,3,[10  4],3,3,6,0,3
1,<environment.Job instance at 0x7fabe2f028c0>,4,1,[4 7],5,5,6,0,5
1,<environment.Job instance at 0x7fabe2f02780>,7,2,[5 7],8,8,10,0,8
1,<environment.Job instance at 0x7fabd96d4d20>,2,3,[10  4],3,3,6,0,3
1,<environment.Job instance at 0x7fabd9375fa0>,4,1,[4 7],5,5,6,0,5
1,<environment.Job instance at 0x7fabd9132be0>,7,2,[5 7],8,8,10,0,8
1,<environment.Job instance at 0x7fabd9132c80>,14,16,[6 3],15,15,31,0,15
1,<environment.Job instance at 0x7fabd9132cd0>,15,16,[6 5],16,16,32,0,16
1,<environment.Job instance at 0x7fabd9a4df50>,19,14,[1 6],20,20,34,0,20
1,<environment.Job instance at 0x7fabd95f12d0>,20,17,[6 1],21,31,48,10,31
1,<environment.Job instance at 0x7fabda1fc6e0>,27,2,[6 2],28,32,34,4,32
1,<environment.Job instance at 0x7fabda518320>,30,1,[4 8],31,34,35,3,34
1,<environment.Job instance at 0x7fabda1fc460>,28,21,[5 2],29,34,55,5,34
1,<environment.Job instance at 0x7fabd8cfbdc0>,34,14,[3 7],35,35,49,0,35
1,<environment.Job instance at 0x7fabda1fc3c0>,24,16,[7 3],25,48,64,23,48
1,<environment.Job instance at 0x7fabd91ec3c0>,35,15,[2 9],36,49,64,13,49
1,<environment.Job instance at 0x7fabd91ecaa0>,36,3,[4 8],37,64,67,27,64
1,<environment.Job instance at 0x7fabd9aa9730>,46,14,[5 5],47,64,78,17,64
1,<environment.Job instance at 0x7fabd914c820>,49,12,[7 2],50,67,79,17,67
1,<environment.Job instance at 0x7fabd9aa9c80>,47,12,[1 8],48,67,79,19,67
1,<environment.Job instance at 0x7fabd914ca50>,55,2,[7 1],56,78,80,22,78
1,<environment.Job instance at 0x7fabd914caa0>,58,1,[5 9],59,79,80,20,79
1,<environment.Job instance at 0x7fabd8e49d70>,61,12,[2 9],62,80,92,18,80
1,<environment.Job instance at 0x7fabd9dfbeb0>,64,12,[7 5],65,80,92,15,80
1,<environment.Job instance at 0x7fabd8e49c30>,62,13,[2 8],63,92,105,29,92
1,<environment.Job instance at 0x7fabd9d529b0>,39,16,[5 7],40,92,108,52,92
1,<environment.Job instance at 0x7fabda1f3d70>,65,17,[10  5],66,105,122,39,105
1,<environment.Job instance at 0x7fabd9141e10>,74,17,[4 9],75,108,125,33,108
1,<environment.Job instance at 0x7fabd96c8410>,75,1,[10  2],76,122,123,46,122
1,<environment.Job instance at 0x7fabd916aa00>,77,14,[5 5],78,123,137,45,123
1,<environment.Job instance at 0x7fabda03eb40>,78,2,[5 9],79,125,127,46,125
1,<environment.Job instance at 0x7fabd8d60870>,82,1,[9 3],83,127,128,44,127
1,<environment.Job instance at 0x7fabd92e16e0>,83,14,[10  4],84,128,142,44,128
1,<environment.Job instance at 0x7fabd9613730>,84,1,[ 3 10],85,137,138,52,137
1,<environment.Job instance at 0x7fabd96b1b90>,79,17,[5 5],80,138,155,58,138
1,<environment.Job instance at 0x7fabd96138c0>,86,1,[5 4],87,142,143,55,142
1,<environment.Job instance at 0x7fabd9fdc0a0>,88,2,[7 5],89,143,145,54,143
1,<environment.Job instance at 0x7fabd9613960>,85,13,[6 4],86,145,158,59,145
1,<environment.Job instance at 0x7fabd93c3eb0>,92,14,[2 7],93,155,169,62,155
1,<environment.Job instance at 0x7fabd9a4d730>,17,18,[7 3],18,155,173,137,155
1,<environment.Job instance at 0x7fabd8f34500>,95,1,[3 5],96,158,159,62,158
1,<environment.Job instance at 0x7fabd96e7e60>,97,17,[4 5],98,159,176,61,159
1,<environment.Job instance at 0x7fabd9c77b90>,104,3,[1 6],105,173,176,68,173
1,<environment.Job instance at 0x7fabda012aa0>,100,15,[8 2],101,173,188,72,173
1,<environment.Job instance at 0x7fabda012f00>,98,12,[5 8],99,176,188,77,176
1,<environment.Job instance at 0x7fabd94f65f0>,109,3,[8 4],110,188,191,78,188
1,<environment.Job instance at 0x7fabd9cec640>,0,18,[5 2],1,1,19,0,1
1,<environment.Job instance at 0x7fabd9ceca50>,3,3,[6 4],4,4,7,0,4
1,<environment.Job instance at 0x7fabd97debe0>,2,18,[5 4],3,7,25,4,4
1,<environment.Job instance at 0x7fabd97de730>,4,15,[6 1],5,19,34,14,5
1,<environment.Job instance at 0x7fabd97dec30>,6,1,[8 4],7,25,26,18,7
1,<environment.Job instance at 0x7fabd90be1e0>,9,3,[14  5],10,34,37,24,10
1,<environment.Job instance at 0x7fabd90be410>,14,3,[ 4 14],15,26,29,11,15
1,<environment.Job instance at 0x7fabd97dedc0>,8,14,[5 5],9,37,51,28,22
1,<environment.Job instance at 0x7fabd90be5a0>,15,16,[5 2],16,37,53,21,26
1,<environment.Job instance at 0x7fabd9e5a960>,19,12,[11  5],20,53,65,33,36
1,<environment.Job instance at 0x7fabd9e5aa00>,21,3,[ 1 12],22,65,68,43,39
1,<environment.Job instance at 0x7fabd9e5ac30>,20,16,[ 5 13],21,68,84,47,55
1,<environment.Job instance at 0x7fabd90d30f0>,24,3,[5 4],25,84,87,59,58
1,<environment.Job instance at 0x7fabd90d3730>,23,2,[ 1 10],24,58,60,34,58
1,<environment.Job instance at 0x7fabd90d33c0>,26,14,[ 1 12],27,87,101,60,72
1,<environment.Job instance at 0x7fabd9e5a9b0>,18,24,[12  3],19,87,111,68,82
1,<environment.Job instance at 0x7fabd9e7c870>,30,15,[5 2],31,111,126,80,97
1,<environment.Job instance at 0x7fabd9e7c780>,29,19,[1 7],30,106,125,76,106
1,<environment.Job instance at 0x7fabd9e7c5f0>,33,13,[5 2],34,111,124,77,108
1,<environment.Job instance at 0x7fabd9e7c960>,34,2,[6 3],35,124,126,89,110
1,<environment.Job instance at 0x7fabd9e7c230>,31,24,[2 7],32,125,149,93,125
1,<environment.Job instance at 0x7fabd9e7c730>,36,15,[2 8],37,126,141,89,126
1,<environment.Job instance at 0x7fabd9e7cc80>,37,16,[3 8],38,141,157,103,134
1,<environment.Job instance at 0x7fabd9e7c9b0>,35,15,[7 4],36,149,164,113,139
1,<environment.Job instance at 0x7fabd90be320>,16,17,[ 1 14],17,164,181,147,153
1,<environment.Job instance at 0x7fabd9e7ce10>,41,1,[6 3],42,157,158,115,153
1,<environment.Job instance at 0x7fabd9e7cf00>,42,3,[ 2 10],43,158,161,115,153
1,<environment.Job instance at 0x7fabd9e7c690>,47,18,[1 5],48,181,199,133,170
1,<environment.Job instance at 0x7fabd8c77910>,51,14,[4 7],52,181,195,129,170
1,<environment.Job instance at 0x7fabda315500>,54,14,[5 3],55,181,195,126,170
1,<environment.Job instance at 0x7fabda315d20>,56,1,[9 4],57,195,196,138,170
1,<environment.Job instance at 0x7fabda315730>,60,17,[6 4],61,196,213,135,184
1,<environment.Job instance at 0x7fabda3154b0>,69,2,[ 5 11],70,199,201,129,184
1,<environment.Job instance at 0x7fabd9e5b0f0>,76,2,[ 4 12],77,213,215,136,189
1,<environment.Job instance at 0x7fabd9cec280>,0,18,[5 2],1,1,19,0,1
1,<environment.Job instance at 0x7fabd9cec7d0>,2,18,[5 4],3,3,21,0,3
1,<environment.Job instance at 0x7fabd932f910>,8,14,[5 5],9,9,23,0,9
1,<environment.Job instance at 0x7fabd9eca820>,6,1,[8 4],7,21,22,14,21
1,<environment.Job instance at 0x7fabea3f0fa0>,3,3,[6 4],4,22,25,18,22
1,<environment.Job instance at 0x7fabd9cece10>,4,15,[6 1],5,23,38,18,23
1,<environment.Job instance at 0x7fabda08ea00>,23,2,[ 1 10],24,25,27,1,25
1,<environment.Job instance at 0x7fabd8df0690>,24,3,[5 4],25,25,28,0,25
1,<environment.Job instance at 0x7fabd98a60a0>,13,15,[5 9],14,28,43,14,28
1,<environment.Job instance at 0x7fabd9cec780>,7,12,[10  3],8,38,50,30,38
1,<environment.Job instance at 0x7fabd9450910>,33,13,[5 2],34,43,56,9,43
1,<environment.Job instance at 0x7fabd9dfa780>,34,2,[6 3],35,50,52,15,50
1,<environment.Job instance at 0x7fabd9561a00>,30,15,[5 2],31,52,67,21,52
1,<environment.Job instance at 0x7fabd9ecb280>,36,15,[2 8],37,52,67,15,52
1,<environment.Job instance at 0x7fabd9de9500>,35,15,[7 4],36,56,71,20,56
1,<environment.Job instance at 0x7fabd9ef2be0>,41,1,[6 3],42,67,68,25,67
1,<environment.Job instance at 0x7fabd915ff50>,42,3,[ 2 10],43,68,71,25,68
1,<environment.Job instance at 0x7fabda074550>,15,16,[5 2],16,71,87,55,71
1,<environment.Job instance at 0x7fabd8fd1cd0>,46,16,[5 5],47,71,87,24,71
1,<environment.Job instance at 0x7fabd9af82d0>,37,16,[3 8],38,71,87,33,71
1,<environment.Job instance at 0x7fabd9dedeb0>,50,14,[8 3],51,87,101,36,87
1,<environment.Job instance at 0x7fabd9ded1e0>,51,14,[4 7],52,87,101,35,87
1,<environment.Job instance at 0x7fabd94f76e0>,47,18,[1 5],48,87,105,39,87
1,<environment.Job instance at 0x7fabd92ff7d0>,54,14,[5 3],55,101,115,46,101
1,<environment.Job instance at 0x7fabd9450280>,25,17,[7 4],26,101,118,75,101
1,<environment.Job instance at 0x7fabd944a780>,57,15,[ 5 10],58,115,130,57,115
1,<environment.Job instance at 0x7fabd944a690>,56,1,[9 4],57,118,119,61,118
1,<environment.Job instance at 0x7fabd9448c80>,63,17,[10  1],64,119,136,55,119
1,<environment.Job instance at 0x7fabd9448140>,64,17,[10  1],65,136,153,71,136
1,<environment.Job instance at 0x7fabd9448b40>,65,17,[8 1],66,153,170,87,153
1,<environment.Job instance at 0x7fabd9447280>,67,13,[7 4],68,153,166,85,153
1,<environment.Job instance at 0x7fabd9460b90>,71,16,[7 3],72,166,182,94,166
1,<environment.Job instance at 0x7fabd9301780>,74,17,[4 6],75,170,187,95,170
1,<environment.Job instance at 0x7fabd8df9e60>,60,17,[6 4],61,182,199,121,182
1,<environment.Job instance at 0x7fabda079730>,79,3,[3 8],80,187,190,107,187
1,<environment.Job instance at 0x7fabd96bc730>,83,14,[5 2],84,187,201,103,187
1,<environment.Job instance at 0x7fabd9aa79b0>,1,2,[8 3],2,2,4,0,2
1,<environment.Job instance at 0x7fabd9519550>,2,1,[3 9],3,3,4,0,3
1,<environment.Job instance at 0x7fabd95199b0>,8,1,[5 5],9,9,10,0,9
1,<environment.Job instance at 0x7fabd95194b0>,9,1,[8 3],10,10,11,0,10
1,<environment.Job instance at 0x7fabd9519140>,10,2,[5 6],11,11,13,0,11
1,<environment.Job instance at 0x7fabd95190a0>,11,12,[ 3 10],12,13,25,1,12
1,<environment.Job instance at 0x7fabd9519b40>,12,2,[8 4],13,13,15,0,13
1,<environment.Job instance at 0x7fabd9519460>,14,13,[6 4],15,15,28,0,15
1,<environment.Job instance at 0x7fabd9519690>,15,3,[8 3],16,25,28,9,16
1,<environment.Job instance at 0x7fabd915f230>,16,14,[2 7],17,28,42,11,17
1,<environment.Job instance at 0x7fabd915f3c0>,18,13,[1 5],19,25,38,6,19
1,<environment.Job instance at 0x7fabd915faa0>,20,2,[2 7],21,38,40,17,21
1,<environment.Job instance at 0x7fabd915f6e0>,31,15,[7 3],32,40,55,8,33
1,<environment.Job instance at 0x7fabd8fd1e60>,34,13,[8 1],35,42,55,7,35
1,<environment.Job instance at 0x7fabd8fd1a00>,35,12,[3 9],36,55,67,19,38
1,<environment.Job instance at 0x7fabd915f0a0>,23,12,[9 3],24,55,67,31,49
1,<environment.Job instance at 0x7fabd8fd1870>,38,12,[5 5],39,67,79,28,62
1,<environment.Job instance at 0x7fabd9bd8fa0>,1,2,[8 3],2,2,4,0,2
1,<environment.Job instance at 0x7fabd95cdcd0>,2,1,[3 9],3,3,4,0,3
1,<environment.Job instance at 0x7fabd95cdb40>,4,16,[2 8],5,5,21,0,5
1,<environment.Job instance at 0x7fabd8e2cbe0>,8,1,[5 5],9,9,10,0,9
1,<environment.Job instance at 0x7fabd8e2cfa0>,9,1,[8 3],10,10,11,0,10
1,<environment.Job instance at 0x7fabd95e9870>,10,2,[5 6],11,11,13,0,11
1,<environment.Job instance at 0x7fabd95c7be0>,12,2,[8 4],13,13,15,0,13
1,<environment.Job instance at 0x7fabd95b4550>,14,13,[6 4],15,15,28,0,15
1,<environment.Job instance at 0x7fabd8e2c9b0>,15,3,[8 3],16,21,24,5,21
1,<environment.Job instance at 0x7fabd96c1780>,18,13,[1 5],19,21,34,2,21
1,<environment.Job instance at 0x7fabd96c1870>,19,18,[8 1],20,24,42,4,24
1,<environment.Job instance at 0x7fabd96c1190>,20,2,[2 7],21,28,30,7,28
1,<environment.Job instance at 0x7fabd95b44b0>,16,14,[2 7],17,30,44,13,30
1,<environment.Job instance at 0x7fabd9434690>,23,12,[9 3],24,42,54,18,42
1,<environment.Job instance at 0x7fabd95c7c80>,11,12,[ 3 10],12,44,56,32,44
1,<environment.Job instance at 0x7fabda093d70>,31,15,[7 3],32,54,69,22,54
1,<environment.Job instance at 0x7fabda08ea00>,34,13,[8 1],35,56,69,21,56
1,<environment.Job instance at 0x7fabd8e0e5a0>,35,12,[3 9],36,69,81,33,69
1,<environment.Job instance at 0x7fabd956b370>,36,14,[9 2],37,69,83,32,69
1,<environment.Job instance at 0x7fabda07ee10>,38,12,[5 5],39,81,93,42,81
1,<environment.Job instance at 0x7fabd8df6a50>,39,2,[5 4],40,83,85,43,83
1,<environment.Job instance at 0x7fabd9447050>,29,16,[5 6],30,83,99,53,83
1,<environment.Job instance at 0x7fabd9ecb7d0>,32,15,[5 7],33,93,108,60,93
1,<environment.Job instance at 0x7fabd95b4870>,17,17,[10  2],18,99,116,81,99
1,<environment.Job instance at 0x7fabd96cf640>,41,2,[ 5 10],42,108,110,66,108
1,<environment.Job instance at 0x7fabd95e2460>,52,12,[5 3],53,110,122,57,110
1,<environment.Job instance at 0x7fabd95e2640>,51,1,[9 1],52,116,117,64,116
1,<environment.Job instance at 0x7fabd9d9a190>,53,13,[6 2],54,117,130,63,117
1,<environment.Job instance at 0x7fabd9241280>,50,14,[ 4 10],51,117,131,66,117
1,<environment.Job instance at 0x7fabd8fd1960>,58,15,[9 3],59,130,145,71,130
1,<environment.Job instance at 0x7fabd9af82d0>,59,15,[4 8],60,131,146,71,131
1,<environment.Job instance at 0x7fabd9af85f0>,60,1,[7 2],61,145,146,84,145
1,<environment.Job instance at 0x7fabd9cece10>,64,15,[2 9],65,146,161,81,146
1,<environment.Job instance at 0x7fabd9cec7d0>,65,1,[2 5],66,146,147,80,146
1,<environment.Job instance at 0x7fabd93656e0>,48,17,[7 5],49,147,164,98,147
1,<environment.Job instance at 0x7fabd9cec280>,67,1,[6 3],68,161,162,93,161
1,<environment.Job instance at 0x7fabd9519b90>,71,12,[5 6],72,162,174,90,162
1,<environment.Job instance at 0x7fabd9cecb40>,68,13,[5 6],69,164,177,95,164
1,<environment.Job instance at 0x7fabd9598730>,75,14,[9 1],76,174,188,98,174
1,<environment.Job instance at 0x7fabd973deb0>,74,14,[1 8],75,174,188,99,174
1,<environment.Job instance at 0x7fabda0e4550>,76,13,[8 3],77,189,202,112,189
1,<environment.Job instance at 0x7fabd9594730>,79,14,[6 2],80,189,203,109,189
1,<environment.Job instance at 0x7fabd936d2d0>,81,15,[1 9],82,189,204,107,189
1,<environment.Job instance at 0x7fabd95cfdc0>,0,15,[6 5],1,1,16,0,1
1,<environment.Job instance at 0x7fabd95cfa50>,1,12,[2 6],2,2,14,0,2
1,<environment.Job instance at 0x7fabd91c6af0>,3,1,[ 1 12],4,16,17,12,4
1,<environment.Job instance at 0x7fabd91c6e60>,9,14,[5 8],10,17,31,7,10
1,<environment.Job instance at 0x7fabd91c6f00>,10,14,[1 5],11,17,31,6,11
1,<environment.Job instance at 0x7fabd91de320>,15,14,[5 4],16,31,45,15,16
1,<environment.Job instance at 0x7fabd91de3c0>,16,3,[ 4 10],17,31,34,14,17
1,<environment.Job instance at 0x7fabd91de5f0>,18,3,[1 6],19,34,37,15,19
1,<environment.Job instance at 0x7fabd91de5a0>,19,3,[2 8],20,37,40,17,20
1,<environment.Job instance at 0x7fabd91de960>,24,14,[ 5 11],25,40,54,15,25
1,<environment.Job instance at 0x7fabd91de870>,23,1,[6 1],24,26,27,2,26
1,<environment.Job instance at 0x7fabd96db500>,0,15,[6 5],1,1,16,0,1
1,<environment.Job instance at 0x7fabd96dbd20>,1,12,[2 6],2,2,14,0,2
1,<environment.Job instance at 0x7fabd96be410>,9,14,[5 8],10,14,28,4,14
1,<environment.Job instance at 0x7fabd96de730>,10,14,[1 5],11,16,30,5,16
1,<environment.Job instance at 0x7fabd96eda00>,16,3,[ 4 10],17,28,31,11,28
1,<environment.Job instance at 0x7fabda110dc0>,15,14,[5 4],16,30,44,14,30
1,<environment.Job instance at 0x7fabd96edbe0>,18,3,[1 6],19,31,34,12,31
1,<environment.Job instance at 0x7fabd9aa7c80>,20,13,[9 2],21,31,44,10,31
1,<environment.Job instance at 0x7fabd96dfeb0>,23,1,[6 1],24,44,45,20,44
1,<environment.Job instance at 0x7fabd9aa7280>,19,3,[2 8],20,44,47,24,44
1,<environment.Job instance at 0x7fabd96beaf0>,4,15,[5 6],5,44,59,39,44
1,<environment.Job instance at 0x7fabd96edb40>,17,12,[3 7],18,47,59,29,47
1,<environment.Job instance at 0x7fabd9eca960>,31,13,[ 5 10],32,59,72,27,59
1,<environment.Job instance at 0x7fabd96dfc80>,35,2,[9 5],36,59,61,23,59
1,<environment.Job instance at 0x7fabd96df0f0>,25,16,[10  2],26,61,77,35,61
1,<environment.Job instance at 0x7fabd9bd7dc0>,39,2,[2 8],40,72,74,32,72
1,<environment.Job instance at 0x7fabd9a9e1e0>,41,14,[5 1],42,74,88,32,74
1,<environment.Job instance at 0x7fabda08b640>,45,16,[1 8],46,77,93,31,77
1,<environment.Job instance at 0x7fabd957ae60>,48,3,[5 3],49,77,80,28,77
1,<environment.Job instance at 0x7fabd957a320>,49,1,[5 5],50,80,81,30,80
1,<environment.Job instance at 0x7fabd96be2d0>,5,17,[5 5],6,81,98,75,81
1,<environment.Job instance at 0x7fabd957a3c0>,50,13,[ 1 10],51,93,106,42,93
1,<environment.Job instance at 0x7fabd957a140>,52,2,[2 5],53,98,100,45,98
1,<environment.Job instance at 0x7fabd957a370>,54,14,[10  2],55,100,114,45,100
1,<environment.Job instance at 0x7fabd96dfb90>,27,16,[1 7],28,106,122,78,106
1,<environment.Job instance at 0x7fabd9578280>,58,13,[7 2],59,114,127,55,114
1,<environment.Job instance at 0x7fabd9578f00>,59,17,[5 3],60,114,131,54,114
1,<environment.Job instance at 0x7fabe2b97730>,62,2,[ 1 10],63,122,124,59,122
1,<environment.Job instance at 0x7fabe2b97af0>,61,13,[2 9],62,124,137,62,124
1,<environment.Job instance at 0x7fabda0f4a50>,63,17,[8 4],64,131,148,67,131
1,<environment.Job instance at 0x7fabda0f4c80>,64,15,[4 8],65,137,152,72,137
1,<environment.Job instance at 0x7fabd923c190>,67,3,[9 5],68,148,151,80,148
1,<environment.Job instance at 0x7fabd923cbe0>,68,3,[5 4],69,151,154,82,151
1,<environment.Job instance at 0x7fabd923ccd0>,69,13,[5 1],70,151,164,81,151
1,<environment.Job instance at 0x7fabda0f40a0>,65,16,[3 6],66,152,168,86,152
1,<environment.Job instance at 0x7fabd9ca1a50>,74,15,[2 7],75,154,169,79,154
1,<environment.Job instance at 0x7fabd923c640>,70,16,[6 2],71,164,180,93,164
1,<environment.Job instance at 0x7fabd9c6f5a0>,77,18,[5 3],78,168,186,90,168
1,<environment.Job instance at 0x7fabd9bb85a0>,80,3,[6 5],81,180,183,99,180
1,<environment.Job instance at 0x7fabd9bcc690>,81,13,[9 3],82,183,196,101,183
1,<environment.Job instance at 0x7fabd9bcc5f0>,83,12,[3 5],84,186,198,102,186
1,<environment.Job instance at 0x7fabd9bccaf0>,84,15,[2 7],85,186,201,101,186
1,<environment.Job instance at 0x7fabd9016cd0>,0,13,[2 8],1,1,14,0,1
1,<environment.Job instance at 0x7fabd9016e60>,1,1,[13  2],2,2,3,0,2
1,<environment.Job instance at 0x7fabd954c410>,4,14,[3 8],5,14,28,9,5
1,<environment.Job instance at 0x7fabd954c370>,5,13,[6 5],6,6,19,0,6
1,<environment.Job instance at 0x7fabda5949b0>,6,3,[5 5],7,19,22,12,7
1,<environment.Job instance at 0x7fabda594140>,11,12,[4 5],12,22,34,10,12
1,<environment.Job instance at 0x7fabda5940a0>,12,13,[5 6],13,28,41,15,13
1,<environment.Job instance at 0x7fabda594d70>,17,1,[5 2],18,18,19,0,18
1,<environment.Job instance at 0x7fabda5944b0>,21,12,[5 4],22,28,40,6,22
1,<environment.Job instance at 0x7fabd9967500>,27,15,[6 1],28,40,55,12,28
1,<environment.Job instance at 0x7fabd9967eb0>,29,13,[3 5],30,34,47,4,30
1,<environment.Job instance at 0x7fabd9967f50>,30,2,[7 5],31,47,49,16,31
1,<environment.Job instance at 0x7fabd9967190>,33,1,[10  1],34,55,56,21,34
1,<environment.Job instance at 0x7fabd99675f0>,34,14,[4 7],35,49,63,14,35
1,<environment.Job instance at 0x7fabd9967a00>,38,3,[6 3],39,41,44,2,39
1,<environment.Job instance at 0x7fabd994a9b0>,41,3,[8 5],42,56,59,14,42
1,<environment.Job instance at 0x7fabd994a5f0>,42,1,[3 7],43,44,45,1,43
1,<environment.Job instance at 0x7fabd994a190>,43,13,[1 7],44,59,72,15,44
1,<environment.Job instance at 0x7fabd994ab90>,49,13,[2 5],50,63,76,13,50
1,<environment.Job instance at 0x7fabd994ad20>,50,1,[4 6],51,51,52,0,51
1,<environment.Job instance at 0x7fabd994ae60>,48,12,[1 7],49,72,84,23,55
1,<environment.Job instance at 0x7fabd994abe0>,46,16,[1 7],47,76,92,29,63
1,<environment.Job instance at 0x7fabd96bcd70>,9,15,[5 5],10,84,99,74,77
1,<environment.Job instance at 0x7fabd994ad70>,51,14,[ 5 10],52,92,106,40,77
1,<environment.Job instance at 0x7fabd994a960>,54,3,[4 5],55,99,102,44,77
1,<environment.Job instance at 0x7fabd945a9b0>,56,3,[8 1],57,77,80,20,77
1,<environment.Job instance at 0x7fabd945acd0>,58,3,[13  3],59,106,109,47,80
1,<environment.Job instance at 0x7fabd994a780>,53,16,[2 9],54,106,122,52,93
1,<environment.Job instance at 0x7fabd945a230>,68,14,[3 5],69,109,123,40,94
1,<environment.Job instance at 0x7fabd945a910>,70,12,[3 9],71,122,134,51,105
1,<environment.Job instance at 0x7fabd945a5a0>,71,2,[5 1],72,109,111,37,105
1,<environment.Job instance at 0x7fabd945aeb0>,64,16,[11  4],65,123,139,58,110
1,<environment.Job instance at 0x7fabd994a2d0>,52,19,[1 9],53,134,153,81,125
1,<environment.Job instance at 0x7fabe2b3f230>,75,15,[6 1],76,139,154,63,125
1,<environment.Job instance at 0x7fabd945ac30>,67,17,[12  1],68,154,171,86,143
1,<environment.Job instance at 0x7fabd994a870>,45,16,[ 5 14],46,171,187,125,167
1,<environment.Job instance at 0x7fabd9967af0>,35,17,[ 5 13],36,187,204,151,186
1,<environment.Job instance at 0x7fabd99e03c0>,0,13,[2 8],1,1,14,0,1
1,<environment.Job instance at 0x7fabd99e0b90>,2,22,[8 3],3,3,25,0,3
1,<environment.Job instance at 0x7fabd99d1370>,6,3,[5 5],7,14,17,7,14
1,<environment.Job instance at 0x7fabd91c67d0>,11,12,[4 5],12,17,29,5,17
1,<environment.Job instance at 0x7fabd99d1690>,5,13,[6 5],6,25,38,19,25
1,<environment.Job instance at 0x7fabd99b7230>,9,15,[5 5],10,25,40,15,25
1,<environment.Job instance at 0x7fabd91c6870>,12,13,[5 6],13,38,51,25,38
1,<environment.Job instance at 0x7fabd91dec30>,15,1,[10  3],16,40,41,24,40
1,<environment.Job instance at 0x7fabd90275f0>,17,1,[5 2],18,41,42,23,41
1,<environment.Job instance at 0x7fabd91cd410>,4,14,[3 8],5,42,56,37,42
1,<environment.Job instance at 0x7fabd91c69b0>,13,14,[9 5],14,51,65,37,51
1,<environment.Job instance at 0x7fabd9bd8190>,21,12,[5 4],22,56,68,34,56
1,<environment.Job instance at 0x7fabd9aa4730>,22,13,[1 5],23,56,69,33,56
1,<environment.Job instance at 0x7fabd91deb40>,14,14,[ 1 10],15,68,82,53,68
1,<environment.Job instance at 0x7fabd9bd8a00>,24,15,[7 3],25,69,84,44,69
1,<environment.Job instance at 0x7fabd8e2c3c0>,27,15,[6 1],28,82,97,54,82
1,<environment.Job instance at 0x7fabd99d14b0>,8,15,[2 8],9,82,97,73,82
1,<environment.Job instance at 0x7fabd95e9820>,29,13,[3 5],30,84,97,54,84
1,<environment.Job instance at 0x7fabd8e2cfa0>,30,2,[7 5],31,97,99,66,97
1,<environment.Job instance at 0x7fabd95b4550>,32,16,[4 6],33,97,113,64,97
1,<environment.Job instance at 0x7fabd95b4b90>,33,1,[10  1],34,99,100,65,99
1,<environment.Job instance at 0x7fabd95b4230>,34,14,[4 7],35,100,114,65,100
1,<environment.Job instance at 0x7fabd9460c30>,38,3,[6 3],39,113,116,74,113
1,<environment.Job instance at 0x7fabd96c1910>,37,17,[5 4],38,113,130,75,113
1,<environment.Job instance at 0x7fabd9aa4910>,23,16,[3 8],24,114,130,90,114
1,<environment.Job instance at 0x7fabd9eddc80>,41,3,[8 5],42,130,133,88,130
1,<environment.Job instance at 0x7fabda08ea00>,42,1,[3 7],43,130,131,87,130
1,<environment.Job instance at 0x7fabd9edd320>,43,13,[1 7],44,131,144,87,131
1,<environment.Job instance at 0x7fabd945d690>,40,14,[10  5],41,133,147,92,133
1,<environment.Job instance at 0x7fabd8df6a50>,48,12,[1 7],49,144,156,95,144
1,<environment.Job instance at 0x7fabea3f0fa0>,49,13,[2 5],50,147,160,97,147
1,<environment.Job instance at 0x7fabd96cf6e0>,50,1,[4 6],51,156,157,105,156
1,<environment.Job instance at 0x7fabd96cf550>,51,14,[ 5 10],52,157,171,105,157
1,<environment.Job instance at 0x7fabd9027190>,18,16,[10  5],19,160,176,141,160
1,<environment.Job instance at 0x7fabda0a55f0>,54,3,[4 5],55,171,174,116,171
1,<environment.Job instance at 0x7fabd9bd8320>,20,16,[ 2 10],21,174,190,153,174
1,<environment.Job instance at 0x7fabd9aad1e0>,56,3,[8 1],57,176,179,119,176
1,<environment.Job instance at 0x7fabd973deb0>,60,16,[8 1],61,179,195,118,179
1,<environment.Job instance at 0x7fabda39b960>,0,2,[13  5],1,1,3,0,1
1,<environment.Job instance at 0x7fabda39b9b0>,1,12,[9 4],2,3,15,1,2
1,<environment.Job instance at 0x7fabd9a0f460>,3,3,[12  1],4,15,18,11,5
1,<environment.Job instance at 0x7fabd8bfdf50>,5,2,[3 6],6,6,8,0,6
1,<environment.Job instance at 0x7fabd8e55230>,4,1,[2 7],5,8,9,3,6
1,<environment.Job instance at 0x7fabd8f1fdc0>,7,14,[7 5],8,18,32,10,8
1,<environment.Job instance at 0x7fabd8f1f7d0>,17,18,[3 5],18,18,36,0,18
1,<environment.Job instance at 0x7fabda594cd0>,1,12,[9 4],2,2,14,0,2
1,<environment.Job instance at 0x7fabd9b6c5f0>,4,1,[2 7],5,5,6,0,5
1,<environment.Job instance at 0x7fabd9b6cd70>,5,2,[3 6],6,6,8,0,6
1,<environment.Job instance at 0x7fabda594780>,7,14,[7 5],8,14,28,6,14
1,<environment.Job instance at 0x7fabd95e2640>,13,15,[5 5],14,14,29,0,14
1,<environment.Job instance at 0x7fabda07ee10>,15,15,[3 5],16,16,31,0,16
1,<environment.Job instance at 0x7fabda594be0>,2,18,[7 4],3,28,46,25,28
1,<environment.Job instance at 0x7fabd96c17d0>,17,18,[3 5],18,29,47,11,29
1,<environment.Job instance at 0x7fabda047a50>,22,1,[ 4 10],23,46,47,23,46
1,<environment.Job instance at 0x7fabd95e2460>,14,14,[ 1 10],15,47,61,32,47
1,<environment.Job instance at 0x7fabda482e60>,29,15,[6 4],30,47,62,17,47
1,<environment.Job instance at 0x7fabd946a4b0>,31,13,[3 9],32,61,74,29,61
1,<environment.Job instance at 0x7fabd946ab40>,32,14,[6 2],33,61,75,28,61
1,<environment.Job instance at 0x7fabd946a140>,34,16,[6 1],35,62,78,27,62
1,<environment.Job instance at 0x7fabd8cb4f00>,20,15,[2 9],21,74,89,53,74
1,<environment.Job instance at 0x7fabda3240f0>,42,17,[5 4],43,75,92,32,75
1,<environment.Job instance at 0x7fabd96c1910>,24,16,[4 9],25,89,105,64,89
1,<environment.Job instance at 0x7fabda324280>,45,14,[5 1],46,89,103,43,89
1,<environment.Job instance at 0x7fabda3248c0>,46,15,[8 1],47,103,118,56,103
1,<environment.Job instance at 0x7fabd8ffcb40>,21,17,[1 9],22,105,122,83,105
1,<environment.Job instance at 0x7fabda324b40>,49,15,[5 2],50,105,120,55,105
1,<environment.Job instance at 0x7fabda324f00>,47,3,[8 4],48,118,121,70,118
1,<environment.Job instance at 0x7fabda324a00>,51,12,[6 3],52,121,133,69,121
1,<environment.Job instance at 0x7fabda324cd0>,43,16,[8 3],44,121,137,77,121
1,<environment.Job instance at 0x7fabda3242d0>,36,18,[1 6],37,122,140,85,122
1,<environment.Job instance at 0x7fabda324780>,52,15,[5 4],53,133,148,80,133
1,<environment.Job instance at 0x7fabd8d99870>,55,15,[8 2],56,137,152,81,137
1,<environment.Job instance at 0x7fabda482c80>,27,18,[1 9],28,140,158,112,140
1,<environment.Job instance at 0x7fabd8d99820>,58,13,[9 1],59,152,165,93,152
1,<environment.Job instance at 0x7fabd8d99b40>,60,12,[5 3],61,152,164,91,152
1,<environment.Job instance at 0x7fabd8d99c30>,57,3,[4 8],58,164,167,106,164
1,<environment.Job instance at 0x7fabda324960>,50,15,[3 7],51,165,180,114,165
1,<environment.Job instance at 0x7fabda33bd20>,62,15,[7 1],63,167,182,104,167
1,<environment.Job instance at 0x7fabd8d99640>,63,16,[1 5],64,167,183,103,167
1,<environment.Job instance at 0x7fabda33b230>,64,2,[6 1],65,180,182,115,180
1,<environment.Job instance at 0x7fabd8d990f0>,61,12,[5 9],62,182,194,120,182
1,<environment.Job instance at 0x7fabda33b5f0>,65,13,[9 4],66,183,196,117,183
1,<environment.Job instance at 0x7fabd96ae050>,0,12,[ 3 10],1,1,13,0,1
1,<environment.Job instance at 0x7fabd96ae0a0>,1,16,[7 3],2,2,18,0,2
1,<environment.Job instance at 0x7fabd9cf7b90>,7,13,[3 7],8,13,26,5,8
1,<environment.Job instance at 0x7fabd9cf7960>,8,13,[8 1],9,18,31,9,9
1,<environment.Job instance at 0x7fabd9cf7410>,11,3,[9 2],12,31,34,19,14
1,<environment.Job instance at 0x7fabd9cf4550>,9,12,[8 1],10,34,46,24,17
1,<environment.Job instance at 0x7fabd9653b40>,10,13,[7 2],11,34,47,23,18
1,<environment.Job instance at 0x7fabd9e7cd20>,13,16,[5 3],14,46,62,32,33
1,<environment.Job instance at 0x7fabd96a2140>,15,16,[7 3],16,47,63,31,34
1,<environment.Job instance at 0x7fabd9e7c050>,16,16,[12  2],17,63,79,46,50
1,<environment.Job instance at 0x7fabda176b40>,14,15,[4 9],15,79,94,64,69
1,<environment.Job instance at 0x7fabda0df6e0>,18,18,[11  2],19,79,97,60,69
1,<environment.Job instance at 0x7fabda0df1e0>,21,1,[7 2],22,97,98,75,69
1,<environment.Job instance at 0x7fabda0df870>,22,13,[14  1],23,98,111,75,82
1,<environment.Job instance at 0x7fabe2f499b0>,28,3,[9 2],29,111,114,82,87
1,<environment.Job instance at 0x7fabda204f00>,31,3,[11  5],32,114,117,82,88
1,<environment.Job instance at 0x7fabda3913c0>,32,3,[3 6],33,94,97,61,88
1,<environment.Job instance at 0x7fabd9ceccd0>,37,2,[8 5],38,117,119,79,90
1,<environment.Job instance at 0x7fabd9cec0f0>,38,1,[11  5],39,119,120,80,91
1,<environment.Job instance at 0x7fabd8d189b0>,40,21,[6 1],41,120,141,79,113
1,<environment.Job instance at 0x7fabd9ecfaa0>,41,12,[2 8],42,113,125,71,113
1,<environment.Job instance at 0x7fabda363280>,34,15,[5 6],35,120,135,85,113
1,<environment.Job instance at 0x7fabd9c60e10>,48,3,[3 8],49,125,128,76,113
1,<environment.Job instance at 0x7fabd9c5c960>,43,15,[1 6],44,131,146,87,131
1,<environment.Job instance at 0x7fabd998eeb0>,0,12,[ 3 10],1,1,13,0,1
1,<environment.Job instance at 0x7fabd96830f0>,1,16,[7 3],2,2,18,0,2
1,<environment.Job instance at 0x7fabd9683fa0>,9,12,[8 1],10,13,25,3,13
1,<environment.Job instance at 0x7fabd9e5f960>,10,13,[7 2],11,18,31,7,18
1,<environment.Job instance at 0x7fabd9683f50>,7,13,[3 7],8,25,38,17,25
1,<environment.Job instance at 0x7fabd9e5ff50>,13,16,[5 3],14,25,41,11,25
1,<environment.Job instance at 0x7fabd9e5f230>,11,3,[9 2],12,38,41,26,38
1,<environment.Job instance at 0x7fabd9abd1e0>,21,1,[7 2],22,41,42,19,41
1,<environment.Job instance at 0x7fabd9683410>,8,13,[8 1],9,41,54,32,41
1,<environment.Job instance at 0x7fabd9abd280>,24,14,[3 9],25,42,56,17,42
1,<environment.Job instance at 0x7fabd9e5fc80>,12,15,[10  3],13,54,69,41,54
1,<environment.Job instance at 0x7fabd9e5feb0>,14,15,[4 9],15,56,71,41,56
1,<environment.Job instance at 0x7fabd9abd640>,28,3,[9 2],29,69,72,40,69
1,<environment.Job instance at 0x7fabd9fefbe0>,32,3,[3 6],33,71,74,38,71
1,<environment.Job instance at 0x7fabd9abdbe0>,30,13,[7 5],31,72,85,41,72
1,<environment.Job instance at 0x7fabd9fefaf0>,34,15,[5 6],35,74,89,39,74
1,<environment.Job instance at 0x7fabd9fef0a0>,37,2,[8 5],38,85,87,47,85
1,<environment.Job instance at 0x7fabd9abdb40>,26,15,[9 2],27,87,102,60,87
1,<environment.Job instance at 0x7fabd9fef960>,41,12,[2 8],42,89,101,47,89
1,<environment.Job instance at 0x7fabd9fef320>,43,15,[1 6],44,101,116,57,101
1,<environment.Job instance at 0x7fabd9e5f500>,15,16,[7 3],16,102,118,86,102
1,<environment.Job instance at 0x7fabd94f38c0>,46,16,[ 5 10],47,116,132,69,116
1,<environment.Job instance at 0x7fabd94f35a0>,42,18,[8 2],43,118,136,75,118
1,<environment.Job instance at 0x7fabd94f30a0>,48,3,[3 8],49,132,135,83,132
1,<environment.Job instance at 0x7fabd94f32d0>,47,13,[5 8],48,135,148,87,135
1,<environment.Job instance at 0x7fabd94f3910>,53,2,[5 5],54,136,138,82,136
1,<environment.Job instance at 0x7fabd94f3be0>,49,13,[9 1],50,138,151,88,138
1,<environment.Job instance at 0x7fabd92f8dc0>,56,13,[5 9],57,148,161,91,148
1,<environment.Job instance at 0x7fabd92f86e0>,57,15,[2 6],58,151,166,93,151
1,<environment.Job instance at 0x7fabd92f82d0>,58,13,[3 5],59,161,174,102,161
1,<environment.Job instance at 0x7fabd92f8a50>,55,16,[7 4],56,161,177,105,161
1,<environment.Job instance at 0x7fabd92f8b40>,60,13,[1 6],61,166,179,105,166
1,<environment.Job instance at 0x7fabd92f8d70>,62,13,[5 2],63,174,187,111,174
1,<environment.Job instance at 0x7fabd8dc0730>,63,3,[6 2],64,177,180,113,177
1,<environment.Job instance at 0x7fabd92f8910>,61,2,[ 4 10],62,179,181,117,179
1,<environment.Job instance at 0x7fabd8dc0690>,65,13,[2 5],66,181,194,115,181
1,<environment.Job instance at 0x7fabd8dc05f0>,68,1,[3 7],69,181,182,112,181
1,<environment.Job instance at 0x7fabd8dc0e10>,64,16,[2 7],65,182,198,117,182
