iteration,job object,job ID,job Length,job ressource requirement,job enter time,job start time,job finish time,job waiting time,current time
1,<environment.Job instance at 0x14f740e1d500>,6,18,[8 1],7,7,25,0,7
1,<environment.Job instance at 0x14f73f3feb40>,1,13,[2 8],2,2,15,0,2
1,<environment.Job instance at 0x14f73f646230>,1,17,[6 1],3,3,20,0,3
1,<environment.Job instance at 0x14f71defd3c0>,1,12,[ 1 10],2,2,14,0,2
1,<environment.Job instance at 0x14f71defd460>,5,2,[2 7],7,14,16,7,7
1,<environment.Job instance at 0x14f71defd230>,6,16,[10  2],9,16,32,7,9
1,<environment.Job instance at 0x14f740b59960>,1,3,[2 9],2,2,5,0,2
1,<environment.Job instance at 0x14f745f376e0>,1,3,[1 5],2,2,5,0,2
1,<environment.Job instance at 0x14f741af9cd0>,3,16,[8 2],6,6,22,0,6
1,<environment.Job instance at 0x14f741af9640>,4,12,[9 1],8,22,34,14,8
1,<environment.Job instance at 0x14f71df3ce60>,2,2,[2 5],5,5,7,0,5
1,<environment.Job instance at 0x14f740d64f00>,3,16,[2 5],6,6,22,0,6
1,<environment.Job instance at 0x14f73febbc30>,0,15,[2 9],2,2,17,0,2
1,<environment.Job instance at 0x14f71df9a370>,2,17,[8 1],6,6,23,0,6
1,<environment.Job instance at 0x14f73c2a4640>,0,12,[9 1],1,1,13,0,1
1,<environment.Job instance at 0x14f740d94230>,7,3,[2 9],9,13,16,4,9
1,<environment.Job instance at 0x14f7417980f0>,0,13,[7 2],2,2,15,0,2
1,<environment.Job instance at 0x14f745f19eb0>,1,14,[7 1],2,2,16,0,2
1,<environment.Job instance at 0x14f73f351eb0>,3,12,[2 8],5,5,17,0,5
1,<environment.Job instance at 0x14f740bcc4b0>,2,1,[1 5],3,3,4,0,3
1,<environment.Job instance at 0x14f740bcc5f0>,6,15,[7 1],9,9,24,0,9
1,<environment.Job instance at 0x14f740b69780>,1,3,[2 8],2,2,5,0,2
1,<environment.Job instance at 0x14f7468b8730>,2,12,[9 2],4,5,17,1,4
1,<environment.Job instance at 0x14f740b69280>,3,15,[10  2],5,17,32,12,5
1,<environment.Job instance at 0x14f73feb6410>,4,15,[5 1],5,8,23,3,8
1,<environment.Job instance at 0x14f74693a1e0>,0,3,[1 7],1,1,4,0,1
1,<environment.Job instance at 0x14f74182a690>,1,15,[1 7],5,5,20,0,5
1,<environment.Job instance at 0x14f741706fa0>,2,15,[2 7],3,3,18,0,3
1,<environment.Job instance at 0x14f71d839140>,5,17,[ 2 10],6,18,35,12,7
1,<environment.Job instance at 0x14f71d839960>,6,19,[ 1 10],8,35,54,27,30
1,<environment.Job instance at 0x14f0ee915640>,0,12,[2 5],1,1,13,0,1
1,<environment.Job instance at 0x14f0e6dae7d0>,6,18,[8 1],7,7,25,0,7
1,<environment.Job instance at 0x14f0e6daecd0>,8,13,[6 1],9,25,38,16,12
1,<environment.Job instance at 0x14f0e6afc320>,1,17,[6 1],3,3,20,0,3
1,<environment.Job instance at 0x14f0e55a6fa0>,8,12,[ 1 10],12,20,32,8,12
1,<environment.Job instance at 0x14f0e55a6c30>,13,16,[10  2],19,32,48,13,19
1,<environment.Job instance at 0x14f09fe91870>,3,16,[8 2],6,6,22,0,6
1,<environment.Job instance at 0x14f09fe915a0>,4,12,[9 1],8,22,34,14,8
1,<environment.Job instance at 0x14f09ff1a0a0>,9,16,[2 5],16,34,50,18,21
1,<environment.Job instance at 0x14f09fe99e10>,0,15,[2 9],2,2,17,0,2
1,<environment.Job instance at 0x14f09f9c9f50>,2,17,[8 1],6,6,23,0,6
1,<environment.Job instance at 0x14f09f9c90a0>,6,12,[9 1],11,23,35,12,11
1,<environment.Job instance at 0x14f09fa202d0>,0,13,[7 2],2,2,15,0,2
1,<environment.Job instance at 0x14f09fb5f500>,7,3,[7 2],11,15,18,4,11
1,<environment.Job instance at 0x14f09fb5f280>,8,14,[7 1],12,18,32,6,12
1,<environment.Job instance at 0x14f09fb5fc30>,10,12,[2 8],15,15,27,0,15
1,<environment.Job instance at 0x14f0e55ce4b0>,2,1,[1 5],3,3,4,0,3
1,<environment.Job instance at 0x14f0e6d43640>,6,15,[7 1],9,9,24,0,9
1,<environment.Job instance at 0x14f0e6d43a50>,11,15,[10  2],15,24,39,9,15
1,<environment.Job instance at 0x14f09fb505f0>,4,15,[5 1],5,6,21,1,6
1,<environment.Job instance at 0x14f09f9832d0>,11,12,[6 1],16,21,33,5,21
1,<environment.Job instance at 0x14f09f983960>,12,28,[2 8],19,27,55,8,27
1,<environment.Job instance at 0x14f0e6c44780>,4,3,[7 2],8,166,169,158,166
1,<environment.Job instance at 0x14f09f99a1e0>,0,3,[5 1],3,3,6,0,3
1,<environment.Job instance at 0x14f09f99a140>,1,15,[1 7],5,5,20,0,5
1,<environment.Job instance at 0x14f0ec7cea50>,6,15,[2 7],13,20,35,7,13
1,<environment.Job instance at 0x14f0e6b090f0>,9,17,[ 2 10],16,35,52,19,23
1,<environment.Job instance at 0x14f0e7625550>,1,13,[ 2 10],2,2,15,0,2
1,<environment.Job instance at 0x14f0e6a89640>,4,15,[1 7],5,15,30,10,5
1,<environment.Job instance at 0x14f09f9fb7d0>,6,14,[10  1],9,30,44,21,15
1,<environment.Job instance at 0x14f09f9fbc30>,14,18,[8 1],18,44,62,26,39
1,<environment.Job instance at 0x14f09ff68b40>,0,17,[1 6],1,2,19,1,2
1,<environment.Job instance at 0x14f09f9fbd20>,3,16,[9 1],6,6,22,0,6
1,<environment.Job instance at 0x14f0e00e3410>,4,15,[9 2],10,22,37,12,10
1,<environment.Job instance at 0x14f0ee8b4c30>,3,2,[1 6],7,7,9,0,7
1,<environment.Job instance at 0x14f0e00e32d0>,4,18,[7 2],9,9,27,0,9
1,<environment.Job instance at 0x14f0e01841e0>,6,18,[10  1],16,27,45,11,16
1,<environment.Job instance at 0x14f09f859c80>,5,15,[2 8],8,8,23,0,8
1,<environment.Job instance at 0x14f0ec0f9f50>,2,18,[5 2],3,3,21,0,3
1,<environment.Job instance at 0x14f0e6d4a460>,5,18,[8 1],7,21,39,14,10
1,<environment.Job instance at 0x14f0ec7817d0>,13,12,[7 1],18,39,51,21,28
1,<environment.Job instance at 0x14f0e6d4a820>,8,3,[1 7],10,98,101,88,98
1,<environment.Job instance at 0x14f0eddabb90>,0,17,[7 1],2,2,19,0,2
1,<environment.Job instance at 0x14f0e6b215a0>,3,12,[7 2],7,19,31,12,7
1,<environment.Job instance at 0x14f0e6b218c0>,6,14,[8 2],12,31,45,19,16
1,<environment.Job instance at 0x14f0e508d820>,0,13,[5 2],1,3,16,2,3
1,<environment.Job instance at 0x14f0e508d640>,5,12,[7 1],11,16,28,5,11
1,<environment.Job instance at 0x14f0e768bdc0>,6,20,[8 2],12,28,48,16,19
1,<environment.Job instance at 0x14f0e505d050>,3,16,[7 2],4,4,20,0,4
1,<environment.Job instance at 0x14f0e768bdc0>,5,18,[5 2],7,20,38,13,10
1,<environment.Job instance at 0x14f09ff23aa0>,8,12,[2 9],13,38,50,25,21
1,<environment.Job instance at 0x14f09ff16c80>,1,3,[2 7],3,3,6,0,3
1,<environment.Job instance at 0x14f09f7760f0>,2,16,[9 1],3,3,19,0,3
1,<environment.Job instance at 0x14f0ebec67d0>,5,14,[7 2],7,19,33,12,7
1,<environment.Job instance at 0x14f0ebec6c30>,10,18,[6 2],16,33,51,17,22
1,<environment.Job instance at 0x14f15f622c30>,0,12,[2 5],1,1,13,0,1
1,<environment.Job instance at 0x14f157a923c0>,6,18,[8 1],7,7,25,0,7
1,<environment.Job instance at 0x14f157a925a0>,10,13,[2 8],12,13,26,1,12
1,<environment.Job instance at 0x14f157a87eb0>,17,17,[6 1],23,25,42,2,23
1,<environment.Job instance at 0x14f155d9f410>,1,12,[ 1 10],2,2,14,0,2
1,<environment.Job instance at 0x14f156016460>,6,16,[10  2],9,14,30,5,9
1,<environment.Job instance at 0x14f156016c30>,7,15,[2 9],10,30,45,20,16
1,<environment.Job instance at 0x14f1541e7be0>,3,16,[8 2],6,6,22,0,6
1,<environment.Job instance at 0x14f1541e7500>,4,12,[9 1],8,22,34,14,8
1,<environment.Job instance at 0x14f154254190>,12,15,[2 9],22,34,49,12,22
1,<environment.Job instance at 0x14f154254410>,14,17,[8 1],26,34,51,8,26
1,<environment.Job instance at 0x14f154255e60>,0,12,[9 1],1,1,13,0,1
1,<environment.Job instance at 0x14f154255fa0>,7,3,[2 9],9,13,16,4,9
1,<environment.Job instance at 0x14f154165500>,8,13,[7 2],12,16,29,4,12
1,<environment.Job instance at 0x14f154165280>,16,14,[7 1],22,29,43,7,22
1,<environment.Job instance at 0x14f1541959b0>,18,12,[2 8],25,25,37,0,25
1,<environment.Job instance at 0x14f14473a820>,2,1,[1 5],3,3,4,0,3
1,<environment.Job instance at 0x14f14473ae60>,5,1,[2 5],8,8,9,0,8
1,<environment.Job instance at 0x14f14473abe0>,6,15,[7 1],9,9,24,0,9
1,<environment.Job instance at 0x14f14473a730>,10,12,[9 2],14,24,36,10,14
1,<environment.Job instance at 0x14f14473a870>,11,15,[10  2],15,36,51,21,22
1,<environment.Job instance at 0x14f144736f50>,20,15,[5 1],25,60,75,35,60
1,<environment.Job instance at 0x14f1448ce910>,3,1,[8 1],4,1387,1388,1383,1387
1,<environment.Job instance at 0x14f157828dc0>,1,15,[1 7],5,5,20,0,5
1,<environment.Job instance at 0x14f15416dd20>,6,15,[2 7],13,20,35,7,13
1,<environment.Job instance at 0x14f15416d4b0>,9,17,[ 2 10],16,35,52,19,23
1,<environment.Job instance at 0x14f15779aeb0>,17,15,[1 7],25,52,67,27,38
1,<environment.Job instance at 0x14f15416d9b0>,13,2,[ 1 10],21,95,97,74,95
1,<environment.Job instance at 0x14f154234550>,2,2,[2 5],3,3,5,0,3
1,<environment.Job instance at 0x14f144913730>,5,3,[ 2 10],7,7,10,0,7
1,<environment.Job instance at 0x14f15ead3d70>,6,18,[8 1],8,10,28,2,8
1,<environment.Job instance at 0x14f15ead3370>,7,16,[1 6],9,10,26,1,9
1,<environment.Job instance at 0x14f1542b61e0>,8,17,[1 6],11,26,43,15,15
1,<environment.Job instance at 0x14f15ead3870>,11,16,[9 1],16,28,44,12,16
1,<environment.Job instance at 0x14f144705780>,12,15,[9 2],20,44,59,24,30
1,<environment.Job instance at 0x14f1447f9280>,1,3,[2 8],5,5,8,0,5
1,<environment.Job instance at 0x14f144905870>,4,18,[7 2],9,9,27,0,9
1,<environment.Job instance at 0x14f1446539b0>,6,18,[10  1],16,27,45,11,16
1,<environment.Job instance at 0x14f144653730>,9,14,[2 8],19,45,59,26,30
1,<environment.Job instance at 0x14f144653e10>,15,15,[2 8],28,59,74,31,52
1,<environment.Job instance at 0x14f1445e1b40>,3,16,[1 7],4,414,430,410,414
1,<environment.Job instance at 0x14f14459cd20>,0,17,[7 1],2,2,19,0,2
1,<environment.Job instance at 0x14f1446ba640>,3,12,[7 2],7,19,31,12,7
1,<environment.Job instance at 0x14f14477daf0>,6,14,[8 2],12,31,45,19,16
1,<environment.Job instance at 0x14f15eae01e0>,0,12,[7 1],1,1,13,0,1
1,<environment.Job instance at 0x14f15eae0b40>,4,3,[1 8],8,8,11,0,8
1,<environment.Job instance at 0x14f14481d5a0>,1,20,[8 2],2,13,33,11,9
1,<environment.Job instance at 0x14f15cb538c0>,8,16,[7 2],14,33,49,19,20
1,<environment.Job instance at 0x14f15cb6dfa0>,1,3,[2 7],3,3,6,0,3
1,<environment.Job instance at 0x14f158401640>,2,18,[6 2],6,6,24,0,6
1,<environment.Job instance at 0x14f1577ca320>,5,14,[1 6],12,12,26,0,12
1,<environment.Job instance at 0x14f1577ca8c0>,13,3,[1 7],23,26,29,3,23
1,<environment.Job instance at 0x14f1541ba0f0>,16,3,[1 7],28,29,32,1,28
1,<environment.Job instance at 0x14f1541ba460>,17,14,[1 6],29,32,46,3,29
1,<environment.Job instance at 0x14f1541ba230>,1,26,[9 1],4,4,30,0,4
1,<environment.Job instance at 0x14f144583140>,10,15,[2 8],18,30,45,12,18
1,<environment.Job instance at 0x14f1445832d0>,11,16,[2 8],19,45,61,26,32
1,<environment.Job instance at 0x14f144583a00>,15,2,[8 1],26,68,70,42,68
1,<environment.Job instance at 0x14f144694b90>,1,3,[2 8],2,2,5,0,2
1,<environment.Job instance at 0x14f144694320>,3,16,[2 6],6,6,22,0,6
1,<environment.Job instance at 0x14f144694690>,6,14,[9 1],10,22,36,12,10
1,<environment.Job instance at 0x14f15ee86c80>,9,15,[1 5],13,22,37,9,13
1,<environment.Job instance at 0x14f15f787aa0>,13,15,[10  1],19,37,52,18,23
1,<environment.Job instance at 0x14f15f787280>,2,18,[8 2],3,3,21,0,3
1,<environment.Job instance at 0x14f157a4fa00>,4,16,[1 5],5,5,21,0,5
1,<environment.Job instance at 0x14f1577a0e60>,6,17,[2 9],7,21,38,14,9
1,<environment.Job instance at 0x14f15779d460>,11,3,[2 8],12,38,41,26,12
1,<environment.Job instance at 0x14f15779d410>,13,3,[5 2],16,38,41,22,16
1,<environment.Job instance at 0x14f1578b3dc0>,14,1,[6 2],18,41,42,23,18
1,<environment.Job instance at 0x14f1578b3f00>,15,2,[2 8],19,41,43,22,19
1,<environment.Job instance at 0x14f14491ae60>,0,3,[2 5],1,1,4,0,1
1,<environment.Job instance at 0x14f155d82500>,1,12,[6 1],2,3,15,1,3
1,<environment.Job instance at 0x14f15876ffa0>,8,15,[1 8],12,12,27,0,12
1,<environment.Job instance at 0x14f158753870>,13,1,[6 2],19,1109,1110,1090,1109
1,<environment.Job instance at 0x14f158753870>,2,17,[2 7],4,4,21,0,4
1,<environment.Job instance at 0x14f1562eb140>,3,14,[1 6],5,21,35,16,9
1,<environment.Job instance at 0x14f1562eb2d0>,8,12,[9 2],10,21,33,11,10
1,<environment.Job instance at 0x14f1562eb690>,12,16,[10  2],14,35,51,21,22
1,<environment.Job instance at 0x14f157891370>,19,14,[6 1],23,51,65,28,43
1,<environment.Job instance at 0x14f157891050>,24,13,[10  1],28,65,78,37,49
1,<environment.Job instance at 0x14f154372aa0>,2,3,[2 8],7,7,10,0,7
1,<environment.Job instance at 0x14f154372f50>,4,16,[10  1],9,10,26,1,9
1,<environment.Job instance at 0x14f15cacad70>,12,18,[2 6],24,26,44,2,24
1,<environment.Job instance at 0x14f15cacac80>,15,14,[2 5],28,44,58,16,29
1,<environment.Job instance at 0x1476c3a0d640>,0,12,[2 5],1,1,13,0,1
1,<environment.Job instance at 0x1476bbe9ac80>,6,18,[8 1],7,7,25,0,7
1,<environment.Job instance at 0x1476bbe9ae60>,8,13,[6 1],9,25,38,16,10
1,<environment.Job instance at 0x1476c3a0db40>,10,13,[2 8],12,13,26,1,12
1,<environment.Job instance at 0x1476bbc67500>,17,17,[6 1],23,38,55,15,26
1,<environment.Job instance at 0x1476bbdeb910>,24,12,[ 1 10],32,55,67,23,38
1,<environment.Job instance at 0x1476bbe70370>,29,16,[10  2],39,67,83,28,54
1,<environment.Job instance at 0x1476ba18d370>,0,15,[2 9],2,2,17,0,2
1,<environment.Job instance at 0x1476c1956b90>,2,17,[8 1],6,6,23,0,6
1,<environment.Job instance at 0x1476c19560a0>,6,12,[9 1],11,23,35,12,12
1,<environment.Job instance at 0x1476c1956280>,14,13,[7 2],22,35,48,13,25
1,<environment.Job instance at 0x1476a8c4c960>,6,15,[7 1],9,9,24,0,9
1,<environment.Job instance at 0x1476c39af4b0>,12,13,[ 1 10],16,24,37,8,16
1,<environment.Job instance at 0x1476c38ae050>,13,16,[8 1],17,37,53,20,24
1,<environment.Job instance at 0x14770a942230>,10,12,[9 2],14,2600,2612,2586,2600
1,<environment.Job instance at 0x1476a8afb6e0>,1,13,[ 2 10],2,2,15,0,2
1,<environment.Job instance at 0x1476b82c1640>,4,15,[1 7],5,15,30,10,5
1,<environment.Job instance at 0x1476b82c1af0>,6,14,[10  1],9,30,44,21,15
1,<environment.Job instance at 0x1476b82c1b90>,9,3,[8 1],12,20,23,8,20
1,<environment.Job instance at 0x1476baf108c0>,19,16,[9 1],26,44,60,18,31
1,<environment.Job instance at 0x1476bbd680f0>,1,3,[2 8],5,5,8,0,5
1,<environment.Job instance at 0x1476b81a7320>,4,18,[7 2],9,9,27,0,9
1,<environment.Job instance at 0x1476a8fbbd20>,6,18,[10  1],16,27,45,11,16
1,<environment.Job instance at 0x1476b80472d0>,9,14,[2 8],19,45,59,26,30
1,<environment.Job instance at 0x1476b8285f00>,2,18,[5 2],3,3,21,0,3
1,<environment.Job instance at 0x1476a8b899b0>,4,3,[1 7],6,6,9,0,6
1,<environment.Job instance at 0x1476a8b89320>,5,18,[8 1],7,21,39,14,10
1,<environment.Job instance at 0x1476c1983dc0>,19,12,[7 2],27,39,51,12,32
1,<environment.Job instance at 0x1476c18b4410>,25,14,[8 1],36,51,65,15,36
1,<environment.Job instance at 0x1476b82068c0>,8,3,[1 7],10,51,54,41,51
1,<environment.Job instance at 0x1476c187a320>,0,13,[5 2],1,2,15,1,2
1,<environment.Job instance at 0x1476a899daf0>,5,12,[7 1],11,15,27,4,11
1,<environment.Job instance at 0x1476a899db90>,6,20,[8 2],12,27,47,15,20
1,<environment.Job instance at 0x1476a899f5a0>,13,16,[7 2],24,47,63,23,34
1,<environment.Job instance at 0x1476a899ff00>,21,15,[8 2],36,63,78,27,49
1,<environment.Job instance at 0x1476a89a12d0>,1,3,[2 7],3,3,6,0,3
1,<environment.Job instance at 0x1476bbc0b5f0>,0,14,[1 6],2,2,16,0,2
1,<environment.Job instance at 0x1476bbc0b050>,8,3,[1 7],13,16,19,3,13
1,<environment.Job instance at 0x1476bc7190a0>,11,3,[1 7],18,19,22,1,18
1,<environment.Job instance at 0x1476ba427190>,12,14,[1 6],19,22,36,3,19
1,<environment.Job instance at 0x1476a8cdb9b0>,13,14,[1 9],20,36,50,16,21
1,<environment.Job instance at 0x1476a8ab0190>,15,26,[9 1],24,24,50,0,24
1,<environment.Job instance at 0x1476bcb272d0>,18,16,[2 9],27,50,66,23,45
1,<environment.Job instance at 0x1476bcb27500>,0,13,[ 2 10],2,2,15,0,2
1,<environment.Job instance at 0x1476c1909c80>,6,3,[1 5],10,15,18,5,10
1,<environment.Job instance at 0x1476c19098c0>,8,3,[2 8],12,18,21,6,12
1,<environment.Job instance at 0x1476c1909870>,10,16,[2 6],16,21,37,5,16
1,<environment.Job instance at 0x1476c1932460>,13,14,[9 1],20,37,51,17,22
1,<environment.Job instance at 0x1476c1932c30>,20,15,[10  1],29,51,66,22,37
1,<environment.Job instance at 0x1476c1932c80>,2,18,[8 2],3,3,21,0,3
1,<environment.Job instance at 0x1476c11f2aa0>,9,3,[6 1],10,21,24,11,10
1,<environment.Job instance at 0x1476b802bc80>,10,2,[1 8],11,16,18,5,16
1,<environment.Job instance at 0x1476c11f2370>,6,17,[2 9],7,21,38,14,17
1,<environment.Job instance at 0x1476a8796a00>,19,2,[10  1],24,38,40,14,24
1,<environment.Job instance at 0x1476a8796780>,20,2,[2 7],26,40,42,14,26
1,<environment.Job instance at 0x1476a8796dc0>,21,1,[5 2],27,40,41,13,27
1,<environment.Job instance at 0x1476a87966e0>,22,1,[2 5],28,42,43,14,28
1,<environment.Job instance at 0x1476a8f5bbe0>,23,2,[ 1 10],30,43,45,13,30
1,<environment.Job instance at 0x1476a8f5b7d0>,24,3,[2 5],31,45,48,14,31
1,<environment.Job instance at 0x1476a8f5b910>,25,12,[6 1],32,45,57,13,32
1,<environment.Job instance at 0x1476a8f5be10>,26,2,[5 2],33,41,43,8,33
1,<environment.Job instance at 0x1476bbcaf5f0>,0,15,[1 8],2,2,17,0,2
1,<environment.Job instance at 0x1476c0f44910>,0,13,[5 1],1,3,16,2,3
1,<environment.Job instance at 0x1476ba1682d0>,4,14,[2 8],5,5,19,0,5
1,<environment.Job instance at 0x1476ba168410>,7,13,[10  1],8,19,32,11,8
1,<environment.Job instance at 0x1476a8752be0>,0,12,[1 5],1,1,13,0,1
1,<environment.Job instance at 0x1476ba173370>,1,13,[7 2],2,3,16,1,3
1,<environment.Job instance at 0x1476ba3c08c0>,4,18,[1 5],7,13,31,6,7
1,<environment.Job instance at 0x1476ba3c00f0>,7,3,[2 9],14,31,34,17,14
1,<environment.Job instance at 0x1476ba3c07d0>,10,26,[2 8],18,34,60,16,31
1,<environment.Job instance at 0x1476ba3b2eb0>,18,3,[10  2],34,60,63,26,34
1,<environment.Job instance at 0x1476ba3b2aa0>,19,3,[5 1],38,38,41,0,38
1,<environment.Job instance at 0x1476ba3c0d70>,13,3,[10  2],23,63,66,40,57
1,<environment.Job instance at 0x1476c2a3cb90>,2,14,[2 8],3,3,17,0,3
1,<environment.Job instance at 0x1476ba4685a0>,6,17,[2 8],7,17,34,10,7
1,<environment.Job instance at 0x1476ba6a75a0>,0,3,[1 9],1,1,4,0,1
1,<environment.Job instance at 0x1476ba3b1fa0>,3,12,[7 1],6,6,18,0,6
1,<environment.Job instance at 0x1476a8b82730>,0,14,[1 5],1,1,15,0,1
1,<environment.Job instance at 0x1476a8b82910>,1,12,[2 6],3,15,27,12,3
1,<environment.Job instance at 0x1476b9f22140>,3,17,[2 8],6,27,44,21,17
1,<environment.Job instance at 0x1476a8e77730>,12,16,[1 9],19,44,60,25,41
1,<environment.Job instance at 0x1476ba46d3c0>,22,3,[6 2],32,94,97,62,94
1,<environment.Job instance at 0x1476a8e77460>,7,2,[10  2],13,114,116,101,114
1,<environment.Job instance at 0x1476c0fe5410>,4,16,[ 2 10],5,5,21,0,5
1,<environment.Job instance at 0x1476c0fe5370>,6,14,[8 2],7,21,35,14,7
1,<environment.Job instance at 0x1476c0fe59b0>,10,13,[2 8],13,21,34,8,13
1,<environment.Job instance at 0x1476c0fe5af0>,15,17,[10  1],20,35,52,15,23
1,<environment.Job instance at 0x1476c0fd46e0>,20,15,[5 2],26,54,69,28,54
1,<environment.Job instance at 0x14b02863c640>,0,12,[2 5],1,1,13,0,1
1,<environment.Job instance at 0x14b020ae10a0>,6,18,[8 1],7,7,25,0,7
1,<environment.Job instance at 0x14b020ae1d70>,8,13,[6 1],9,25,38,16,9
1,<environment.Job instance at 0x14b020ae1a00>,10,13,[2 8],12,13,26,1,12
1,<environment.Job instance at 0x14b020ab1320>,17,17,[6 1],23,38,55,15,26
1,<environment.Job instance at 0x14b020aa1b90>,29,16,[10  2],39,55,71,16,42
1,<environment.Job instance at 0x14b020aac050>,23,2,[8 1],31,71,73,40,53
1,<environment.Job instance at 0x14b01eb57230>,1,3,[1 5],2,2,5,0,2
1,<environment.Job instance at 0x14b01c0dcf50>,0,13,[7 2],2,2,15,0,2
1,<environment.Job instance at 0x14b01c0def00>,6,3,[2 9],10,15,18,5,10
1,<environment.Job instance at 0x14b01c0de7d0>,8,14,[7 1],12,15,29,3,12
1,<environment.Job instance at 0x14b01c0de0a0>,10,12,[2 8],15,18,30,3,15
1,<environment.Job instance at 0x14b01c0dd730>,20,15,[7 1],29,29,44,0,29
1,<environment.Job instance at 0x14b01c0daeb0>,25,15,[10  2],35,44,59,9,35
1,<environment.Job instance at 0x14b01c0dbf00>,34,15,[5 1],45,59,74,14,56
1,<environment.Job instance at 0x14affd6f9cd0>,1,13,[ 2 10],2,2,15,0,2
1,<environment.Job instance at 0x14affd6f9190>,4,15,[1 7],5,15,30,10,5
1,<environment.Job instance at 0x14affd6f9960>,6,14,[10  1],9,30,44,21,15
1,<environment.Job instance at 0x14affd82e460>,14,18,[8 1],18,44,62,26,33
1,<environment.Job instance at 0x14b0209a1d70>,19,16,[9 1],26,62,78,36,49
1,<environment.Job instance at 0x14b0209a1c80>,20,15,[9 2],30,78,93,48,64
1,<environment.Job instance at 0x14b0209a1050>,33,18,[7 2],49,93,111,44,82
1,<environment.Job instance at 0x14b01eb38280>,1,18,[10  1],6,6,24,0,6
1,<environment.Job instance at 0x14b021736d70>,9,14,[6 1],17,24,38,7,17
1,<environment.Job instance at 0x14b021736910>,10,15,[2 8],18,24,39,6,18
1,<environment.Job instance at 0x14affd8d4e10>,0,17,[7 1],2,2,19,0,2
1,<environment.Job instance at 0x14b01c2449b0>,3,12,[7 2],7,19,31,12,7
1,<environment.Job instance at 0x14b01c1391e0>,6,14,[8 2],12,31,45,19,16
1,<environment.Job instance at 0x14affdb165f0>,13,13,[5 2],21,45,58,24,29
1,<environment.Job instance at 0x14affd7c6550>,26,16,[7 2],44,58,74,14,45
1,<environment.Job instance at 0x14b028605f50>,28,18,[5 2],47,74,92,27,64
1,<environment.Job instance at 0x14affd7206e0>,0,12,[2 9],3,3,15,0,3
1,<environment.Job instance at 0x14b01f08ad20>,3,15,[8 2],6,15,30,9,6
1,<environment.Job instance at 0x14b01f0c0910>,4,17,[10  1],8,30,47,22,18
1,<environment.Job instance at 0x14b0209c5eb0>,20,16,[9 1],33,47,63,14,34
1,<environment.Job instance at 0x14affd94baa0>,23,14,[7 2],37,63,77,26,48
1,<environment.Job instance at 0x14b01c0220f0>,28,18,[6 2],46,77,95,31,73
1,<environment.Job instance at 0x14affd960050>,0,14,[1 6],2,2,16,0,2
1,<environment.Job instance at 0x14affd5e5230>,8,3,[1 7],13,16,19,3,13
1,<environment.Job instance at 0x14affd5e55a0>,11,3,[1 7],18,19,22,1,18
1,<environment.Job instance at 0x14affd5e5690>,12,14,[1 6],19,22,36,3,19
1,<environment.Job instance at 0x14affd5e5a50>,15,26,[9 1],24,24,50,0,24
1,<environment.Job instance at 0x14affd5e5e60>,18,16,[2 9],27,50,66,23,37
1,<environment.Job instance at 0x14affd5e7500>,24,15,[2 8],38,66,81,28,60
1,<environment.Job instance at 0x14affd5e7320>,1,3,[2 8],2,2,5,0,2
1,<environment.Job instance at 0x14affd8db4b0>,3,16,[2 6],6,6,22,0,6
1,<environment.Job instance at 0x14affd8db640>,6,14,[9 1],10,22,36,12,10
1,<environment.Job instance at 0x14affd8b1410>,13,15,[10  1],19,36,51,17,22
1,<environment.Job instance at 0x14affd8b15f0>,23,18,[8 2],33,51,69,18,40
1,<environment.Job instance at 0x14affd73b7d0>,2,27,[ 2 10],3,6,33,3,6
1,<environment.Job instance at 0x14affd73bdc0>,9,12,[6 1],12,33,45,21,17
1,<environment.Job instance at 0x14b027ada9b0>,18,19,[2 9],26,33,52,7,26
1,<environment.Job instance at 0x14b0276835a0>,3,16,[10  2],4,4,20,0,4
1,<environment.Job instance at 0x14b01c2a1500>,6,15,[2 6],9,20,35,11,9
1,<environment.Job instance at 0x14b025b92640>,8,13,[5 1],11,20,33,9,13
1,<environment.Job instance at 0x14b025b92b40>,12,14,[2 8],15,35,49,20,20
1,<environment.Job instance at 0x14b025b765a0>,22,16,[10  1],29,49,65,20,36
1,<environment.Job instance at 0x14b025b765f0>,25,12,[7 1],34,36,48,2,36
1,<environment.Job instance at 0x14b025b76f50>,30,18,[2 6],44,65,83,21,61
1,<environment.Job instance at 0x14b025b70280>,0,12,[1 5],1,1,13,0,1
1,<environment.Job instance at 0x14b025b70230>,1,13,[7 2],2,3,16,1,3
1,<environment.Job instance at 0x14b01c2fcb40>,4,18,[1 5],7,13,31,6,7
1,<environment.Job instance at 0x14b01c2fcaa0>,5,16,[1 5],11,16,32,5,11
1,<environment.Job instance at 0x14b01c2e5370>,14,2,[1 6],27,32,34,5,27
1,<environment.Job instance at 0x14b01c2e5be0>,15,3,[1 9],28,34,37,6,28
1,<environment.Job instance at 0x14b01c2e5dc0>,16,16,[2 7],31,37,53,6,31
1,<environment.Job instance at 0x14affdb929b0>,23,3,[9 1],42,53,56,11,42
1,<environment.Job instance at 0x14affdb92d20>,24,14,[2 8],43,56,70,13,43
1,<environment.Job instance at 0x14affdb926e0>,25,2,[5 2],44,44,46,0,44
1,<environment.Job instance at 0x14affdb920a0>,26,27,[1 7],45,70,97,25,68
1,<environment.Job instance at 0x14affd708eb0>,1,2,[5 1],3,3,5,0,3
1,<environment.Job instance at 0x14b025b8e460>,2,17,[1 9],4,4,21,0,4
1,<environment.Job instance at 0x14b025b8eeb0>,5,15,[2 8],12,21,36,9,12
1,<environment.Job instance at 0x14b025b8e7d0>,7,13,[10  1],15,36,49,21,20
1,<environment.Job instance at 0x14b027ae3aa0>,19,12,[7 1],36,144,156,108,144
1,<environment.Job instance at 0x14b027ae3280>,1,17,[9 2],3,3,20,0,3
1,<environment.Job instance at 0x14affd7cdd20>,7,13,[2 5],9,20,33,11,9
1,<environment.Job instance at 0x14affdaaf910>,14,14,[1 5],21,21,35,0,21
1,<environment.Job instance at 0x14affdaafb90>,15,12,[2 6],23,35,47,12,23
1,<environment.Job instance at 0x14affdaafc30>,17,17,[2 8],26,47,64,21,35
1,<environment.Job instance at 0x14affdaaf820>,23,14,[9 2],36,64,78,28,49
1,<environment.Job instance at 0x14b02489eaa0>,30,13,[1 9],44,78,91,34,62
1,<environment.Job instance at 0x14b02489e960>,32,12,[1 7],47,64,76,17,62
1,<environment.Job instance at 0x14b01f0b7e10>,0,17,[2 9],1,1,18,0,1
1,<environment.Job instance at 0x14b01f0b7be0>,3,17,[5 2],4,18,35,14,7
1,<environment.Job instance at 0x14b01efd0c30>,11,2,[2 7],14,18,20,4,14
1,<environment.Job instance at 0x14b01efd0230>,12,16,[ 2 10],15,35,51,20,22
1,<environment.Job instance at 0x14b01efd0820>,18,13,[2 8],23,51,64,28,35
1,<environment.Job instance at 0x14b01efd0280>,15,2,[1 9],19,64,66,45,37
1,<environment.Job instance at 0x14affdbcca00>,24,25,[9 1],31,82,107,51,82
1,<environment.Job instance at 0x14affd919230>,3,17,[9 1],6,6,23,0,6
1,<environment.Job instance at 0x14affd908e10>,7,3,[2 6],11,23,26,12,11
1,<environment.Job instance at 0x14b02094a550>,9,13,[6 1],14,23,36,9,15
1,<environment.Job instance at 0x14b0214c6190>,14,13,[2 6],19,26,39,7,19
1,<environment.Job instance at 0x14b02646fd20>,0,3,[2 8],1,1,4,0,1
1,<environment.Job instance at 0x14b020a8cd70>,2,13,[7 2],4,4,17,0,4
1,<environment.Job instance at 0x14b026581af0>,7,17,[1 7],10,11,28,1,11
1,<environment.Job instance at 0x14b026592370>,11,18,[6 1],15,17,35,2,15
1,<environment.Job instance at 0x14b026592910>,16,16,[6 2],21,35,51,14,22
1,<environment.Job instance at 0x14b026592be0>,19,19,[1 5],26,28,47,2,28
1,<environment.Job instance at 0x14affdba7cd0>,2,17,[1 8],8,10,27,2,10
1,<environment.Job instance at 0x14affd404320>,4,17,[1 6],11,27,44,16,16
1,<environment.Job instance at 0x14affd404dc0>,8,3,[2 8],18,44,47,26,18
1,<environment.Job instance at 0x14affd410050>,12,15,[10  1],23,47,62,24,33
1,<environment.Job instance at 0x14affd4101e0>,21,12,[6 2],33,67,79,34,67
1,<environment.Job instance at 0x14b02085d780>,29,16,[1 8],42,72,88,30,72
1,<environment.Job instance at 0x14affd410cd0>,15,2,[ 1 10],26,214,216,188,214
1,<environment.Job instance at 0x150cde585640>,0,12,[2 5],1,1,13,0,1
1,<environment.Job instance at 0x150cd69efa00>,6,18,[8 1],7,7,25,0,7
1,<environment.Job instance at 0x150cd69ef460>,8,13,[6 1],9,25,38,16,9
1,<environment.Job instance at 0x150cdc51b050>,17,17,[6 1],23,38,55,15,26
1,<environment.Job instance at 0x150cd695ef00>,29,16,[10  2],39,55,71,16,42
1,<environment.Job instance at 0x150cd4f8a9b0>,3,16,[8 2],6,6,22,0,6
1,<environment.Job instance at 0x150cd4f8ae10>,4,12,[9 1],8,22,34,14,8
1,<environment.Job instance at 0x150cd4f8a190>,9,16,[2 5],16,34,50,18,21
1,<environment.Job instance at 0x150cd4a87b90>,12,15,[2 9],22,50,65,28,42
1,<environment.Job instance at 0x150cd521a4b0>,34,14,[7 1],52,59,73,7,59
1,<environment.Job instance at 0x150cd4a87f00>,15,3,[1 5],27,103,106,76,103
1,<environment.Job instance at 0x150cd0016730>,2,1,[1 5],3,3,4,0,3
1,<environment.Job instance at 0x150cd00160a0>,6,15,[7 1],9,9,24,0,9
1,<environment.Job instance at 0x150cd00141e0>,10,12,[9 2],14,24,36,10,14
1,<environment.Job instance at 0x150cd0014b90>,11,15,[10  2],15,36,51,21,24
1,<environment.Job instance at 0x150cd5a7daf0>,28,15,[9 2],37,51,66,14,38
1,<environment.Job instance at 0x150cdc44eaf0>,0,3,[5 1],3,3,6,0,3
1,<environment.Job instance at 0x150cdc44e550>,1,15,[1 7],5,5,20,0,5
1,<environment.Job instance at 0x150cd01a1f50>,6,15,[2 7],13,20,35,7,13
1,<environment.Job instance at 0x150cd01a1410>,8,2,[2 9],15,35,37,20,15
1,<environment.Job instance at 0x150cd01a1190>,9,17,[ 2 10],16,37,54,21,25
1,<environment.Job instance at 0x150cd01c5730>,17,15,[1 7],25,54,69,29,40
1,<environment.Job instance at 0x150cd01c5b90>,13,2,[ 1 10],21,69,71,48,50
1,<environment.Job instance at 0x150cd01a6a50>,29,17,[1 6],41,71,88,30,65
1,<environment.Job instance at 0x150cd00f0eb0>,37,1,[9 1],55,65,66,10,65
1,<environment.Job instance at 0x150cd00f03c0>,38,2,[8 1],56,66,68,10,65
1,<environment.Job instance at 0x150cd00f0b90>,39,1,[ 1 10],57,88,89,31,65
1,<environment.Job instance at 0x150cd00f0730>,40,2,[1 5],59,89,91,30,65
1,<environment.Job instance at 0x150cd73d67d0>,1,3,[2 8],5,5,8,0,5
1,<environment.Job instance at 0x150ccb631fa0>,4,18,[7 2],9,9,27,0,9
1,<environment.Job instance at 0x150ccb631d20>,6,18,[10  1],16,27,45,11,16
1,<environment.Job instance at 0x150cd6988c80>,15,15,[2 8],28,45,60,17,31
1,<environment.Job instance at 0x150cd6988280>,21,3,[ 2 10],35,60,63,25,37
1,<environment.Job instance at 0x150cde678870>,0,17,[7 1],2,2,19,0,2
1,<environment.Job instance at 0x150cd6711500>,3,12,[7 2],7,19,31,12,7
1,<environment.Job instance at 0x150cd6711d20>,6,14,[8 2],12,31,45,19,16
1,<environment.Job instance at 0x150cd76f6fa0>,18,12,[7 1],31,45,57,14,31
1,<environment.Job instance at 0x150cd76f6640>,19,20,[8 2],32,57,77,25,48
1,<environment.Job instance at 0x150cdbb2e370>,1,3,[2 7],3,3,6,0,3
1,<environment.Job instance at 0x150cdc4b95f0>,0,3,[6 1],3,3,6,0,3
1,<environment.Job instance at 0x150cdc4beaf0>,1,26,[9 1],4,6,32,2,4
1,<environment.Job instance at 0x150ccb692460>,10,15,[2 8],18,32,47,14,18
1,<environment.Job instance at 0x150ccb759820>,22,16,[2 6],36,47,63,11,36
1,<environment.Job instance at 0x150cd02a0870>,25,14,[9 1],40,63,77,23,48
1,<environment.Job instance at 0x150cdc4d7eb0>,28,15,[1 5],43,63,78,20,49
1,<environment.Job instance at 0x150ccb64cc80>,32,15,[10  1],49,78,93,29,64
1,<environment.Job instance at 0x150ccb734690>,1,1,[1 5],2,2,3,0,2
1,<environment.Job instance at 0x150cd00b34b0>,2,18,[8 2],3,3,21,0,3
1,<environment.Job instance at 0x150ccb51d5f0>,6,17,[2 9],7,21,38,14,9
1,<environment.Job instance at 0x150ccb51f5a0>,19,2,[10  1],24,38,40,14,24
1,<environment.Job instance at 0x150ccb51f6e0>,20,2,[2 7],26,40,42,14,26
1,<environment.Job instance at 0x150ccb51f7d0>,21,1,[5 2],27,40,41,13,27
1,<environment.Job instance at 0x150ccb51f960>,22,1,[2 5],28,42,43,14,28
1,<environment.Job instance at 0x150ccb51faa0>,23,2,[ 1 10],30,43,45,13,30
1,<environment.Job instance at 0x150ccb51fb90>,24,3,[2 5],31,45,48,14,31
1,<environment.Job instance at 0x150ccb51fd20>,25,12,[6 1],32,45,57,13,32
1,<environment.Job instance at 0x150ccb521640>,32,15,[1 8],42,48,63,6,42
1,<environment.Job instance at 0x150ccb521730>,33,3,[1 7],43,63,66,20,43
1,<environment.Job instance at 0x150ccb4a6be0>,1,3,[1 7],3,3,6,0,3
1,<environment.Job instance at 0x150ccb524370>,2,17,[2 7],4,6,23,2,4
1,<environment.Job instance at 0x150cdc4b9aa0>,3,14,[1 6],5,23,37,18,8
1,<environment.Job instance at 0x150ccb2c6910>,8,12,[9 2],10,23,35,13,10
1,<environment.Job instance at 0x150ccb2f8cd0>,12,16,[10  2],14,37,53,23,24
1,<environment.Job instance at 0x150ccb2fe8c0>,31,16,[10  1],39,53,69,14,40
1,<environment.Job instance at 0x150ccb2edc80>,34,12,[7 1],44,81,93,37,81
1,<environment.Job instance at 0x150ccb66ce10>,0,12,[1 5],1,1,13,0,1
1,<environment.Job instance at 0x150ccb51f820>,1,13,[7 2],2,3,16,1,3
1,<environment.Job instance at 0x150ccb66c050>,4,18,[1 5],7,13,31,6,7
1,<environment.Job instance at 0x150ccb66c140>,5,16,[1 5],11,16,32,5,11
1,<environment.Job instance at 0x150cd7402500>,13,3,[10  2],23,32,35,9,23
1,<environment.Job instance at 0x150cd74025a0>,14,2,[1 6],27,35,37,8,27
1,<environment.Job instance at 0x150ccb6cb640>,15,3,[1 9],28,37,40,9,28
1,<environment.Job instance at 0x150ccb6cb370>,16,16,[2 7],31,40,56,9,31
1,<environment.Job instance at 0x150ccb2f7f50>,24,14,[2 8],43,56,70,13,43
1,<environment.Job instance at 0x150ccb2f70f0>,25,2,[5 2],44,44,46,0,44
1,<environment.Job instance at 0x150cd67975f0>,30,2,[ 1 10],50,70,72,20,50
1,<environment.Job instance at 0x150cd896d500>,31,3,[9 2],52,72,75,20,52
1,<environment.Job instance at 0x150cd896d870>,32,2,[5 1],53,53,55,0,53
1,<environment.Job instance at 0x150cd896d550>,33,17,[1 9],54,76,93,22,76
1,<environment.Job instance at 0x150cd69ba8c0>,29,2,[6 1],49,1582,1584,1533,1582
1,<environment.Job instance at 0x150cdbafd910>,0,15,[2 8],2,2,17,0,2
1,<environment.Job instance at 0x150ccb32cfa0>,2,13,[10  1],5,17,30,12,5
1,<environment.Job instance at 0x150cd02f20f0>,6,15,[2 7],10,30,45,20,16
1,<environment.Job instance at 0x150cd02f2b40>,14,12,[7 1],26,94,106,68,94
1,<environment.Job instance at 0x150cd02f2c80>,16,3,[9 2],28,221,224,193,221
1,<environment.Job instance at 0x150ccb9d3be0>,0,14,[1 5],1,1,15,0,1
1,<environment.Job instance at 0x150cd02f2b90>,1,12,[2 6],3,15,27,12,3
1,<environment.Job instance at 0x150ccb9d3280>,3,17,[2 8],6,27,44,21,22
1,<environment.Job instance at 0x150ccb6e7cd0>,18,12,[1 7],27,44,56,17,32
1,<environment.Job instance at 0x150ccb6e74b0>,22,3,[6 2],32,50,53,18,50
1,<environment.Job instance at 0x150ccba58870>,29,3,[8 2],41,53,56,12,50
1,<environment.Job instance at 0x150ccba58b40>,33,16,[ 2 10],45,56,72,11,50
1,<environment.Job instance at 0x150ccba58140>,35,14,[8 2],47,72,86,25,57
1,<environment.Job instance at 0x150ccba58aa0>,36,2,[1 9],49,86,88,37,59
1,<environment.Job instance at 0x150ccba58af0>,37,2,[7 2],50,88,90,38,61
1,<environment.Job instance at 0x150ccba4f7d0>,39,13,[2 8],53,72,85,19,62
1,<environment.Job instance at 0x150ccba4f050>,40,1,[8 1],54,86,87,32,62
1,<environment.Job instance at 0x150ccba4f230>,41,1,[1 5],56,85,86,29,62
1,<environment.Job instance at 0x150ccba4fc80>,42,1,[10  1],58,90,91,32,62
1,<environment.Job instance at 0x150ccba4ff00>,43,1,[5 2],59,91,92,32,63
1,<environment.Job instance at 0x150ccb9d3e60>,7,2,[10  2],13,127,129,114,127
1,<environment.Job instance at 0x150cdba912d0>,0,25,[9 1],1,1,26,0,1
1,<environment.Job instance at 0x150cdbb4efa0>,4,15,[5 2],6,26,41,20,12
1,<environment.Job instance at 0x150ccb510be0>,10,16,[1 8],13,13,29,0,13
1,<environment.Job instance at 0x150ccb6a30f0>,13,17,[2 5],17,29,46,12,17
1,<environment.Job instance at 0x150ccb6a3aa0>,15,15,[9 2],20,46,61,26,38
1,<environment.Job instance at 0x150ccbb034b0>,30,13,[2 6],39,71,84,32,71
1,<environment.Job instance at 0x150cd5a83eb0>,0,14,[2 9],1,1,15,0,1
1,<environment.Job instance at 0x150cd7407dc0>,7,17,[1 8],8,2114,2131,2106,2114
1,<environment.Job instance at 0x150cd4fbb2d0>,0,17,[1 6],1,3,20,2,3
1,<environment.Job instance at 0x150cd4fbb3c0>,2,13,[2 9],6,20,33,14,6
1,<environment.Job instance at 0x150ccb62bbe0>,8,15,[10  1],13,33,48,20,19
1,<environment.Job instance at 0x150ccb62bdc0>,9,28,[5 2],14,81,109,67,81
1,<environment.Job instance at 0x150cdba3ec80>,32,26,[1 6],41,111,137,70,111
1,<environment.Job instance at 0x150cdba3ebe0>,38,1,[8 2],49,111,112,62,111
1,<environment.Job instance at 0x150cdba3ea00>,39,2,[7 2],51,112,114,61,111
1,<environment.Job instance at 0x150cdba3e640>,40,3,[6 1],53,114,117,61,111
1,<environment.Job instance at 0x150cdba3e690>,42,1,[9 1],55,117,118,62,111
1,<environment.Job instance at 0x150ccb9b00f0>,43,3,[5 1],56,118,121,62,111
1,<environment.Job instance at 0x150ccb9b02d0>,44,3,[1 6],57,137,140,80,111
1,<environment.Job instance at 0x150cdda1abe0>,2,13,[2 5],8,8,21,0,8
1,<environment.Job instance at 0x150ccba61a50>,3,15,[1 9],6,6,21,0,6
1,<environment.Job instance at 0x150ccba4c640>,13,15,[6 1],22,22,37,0,22
1,<environment.Job instance at 0x150ccbfc3550>,15,17,[10  1],26,37,54,11,26
1,<environment.Job instance at 0x150cd4fc95f0>,2,3,[2 8],5,5,8,0,5
1,<environment.Job instance at 0x150cd4fb4b40>,4,28,[1 6],7,25,53,18,25
1,<environment.Job instance at 0x150ccb69fdc0>,18,12,[9 1],27,27,39,0,27
1,<environment.Job instance at 0x150ccb6a4190>,23,1,[9 2],34,39,40,5,35
1,<environment.Job instance at 0x150ccb6a4460>,22,15,[6 1],33,40,55,7,36
1,<environment.Job instance at 0x150ccb6a4dc0>,30,14,[ 1 10],44,55,69,11,44
1,<environment.Job instance at 0x150ccb68e460>,35,18,[2 9],50,69,87,19,58
1,<environment.Job instance at 0x150ccb68e230>,39,17,[5 1],54,69,86,15,58
1,<environment.Job instance at 0x150ccb68ed20>,44,3,[2 5],59,87,90,28,62
1,<environment.Job instance at 0x154484116640>,0,12,[2 5],1,1,13,0,1
1,<environment.Job instance at 0x15447c5a7f00>,6,18,[8 1],7,7,25,0,7
1,<environment.Job instance at 0x15447c5a7fa0>,8,13,[6 1],9,25,38,16,9
1,<environment.Job instance at 0x15447c5a0460>,12,3,[1 8],14,14,17,0,14
1,<environment.Job instance at 0x15447c5a00a0>,13,2,[8 1],17,38,40,21,17
1,<environment.Job instance at 0x15447c57bdc0>,17,17,[6 1],23,40,57,17,37
1,<environment.Job instance at 0x15447c5815f0>,29,16,[10  2],39,57,73,18,44
1,<environment.Job instance at 0x15447a613690>,49,16,[8 2],66,73,89,7,66
1,<environment.Job instance at 0x15447aaf5500>,3,16,[2 5],6,6,22,0,6
1,<environment.Job instance at 0x15447aaf5460>,6,15,[2 9],12,22,37,10,12
1,<environment.Job instance at 0x15447aaf5fa0>,8,17,[8 1],16,16,33,0,16
1,<environment.Job instance at 0x15447ab15d70>,19,3,[2 9],29,37,40,8,29
1,<environment.Job instance at 0x15447ab1ae10>,20,13,[7 2],32,40,53,8,32
1,<environment.Job instance at 0x15447a629eb0>,27,3,[7 2],41,53,56,12,41
1,<environment.Job instance at 0x15447a629d20>,28,14,[7 1],42,56,70,14,42
1,<environment.Job instance at 0x15447a629aa0>,30,12,[2 8],45,45,57,0,45
1,<environment.Job instance at 0x15447ada9aa0>,40,15,[7 1],59,75,90,16,75
1,<environment.Job instance at 0x15447ada9c30>,45,15,[10  2],65,90,105,25,76
1,<environment.Job instance at 0x154481fd6af0>,4,15,[5 1],5,6,21,1,6
1,<environment.Job instance at 0x15447816c140>,3,3,[6 1],4,4,7,0,4
1,<environment.Job instance at 0x15447816c640>,6,18,[8 1],8,8,26,0,8
1,<environment.Job instance at 0x15447816c7d0>,7,16,[1 6],9,9,25,0,9
1,<environment.Job instance at 0x15447816c8c0>,8,17,[1 6],11,25,42,14,13
1,<environment.Job instance at 0x154478059460>,11,16,[9 1],16,26,42,10,16
1,<environment.Job instance at 0x154478059b40>,12,15,[9 2],20,42,57,22,28
1,<environment.Job instance at 0x1544615b6780>,25,18,[7 2],39,57,75,18,47
1,<environment.Job instance at 0x15446137a3c0>,30,14,[2 8],49,57,71,8,49
1,<environment.Job instance at 0x15446137a7d0>,35,14,[6 1],57,75,89,18,67
1,<environment.Job instance at 0x15446137aaf0>,41,16,[1 7],64,71,87,7,67
1,<environment.Job instance at 0x1544780598c0>,2,18,[5 2],3,3,21,0,3
1,<environment.Job instance at 0x1544611b1eb0>,5,18,[8 1],7,21,39,14,10
1,<environment.Job instance at 0x1544611b14b0>,13,12,[7 1],18,39,51,21,31
1,<environment.Job instance at 0x1544611b6550>,22,14,[8 2],32,51,65,19,36
1,<environment.Job instance at 0x15447cec1460>,29,13,[5 2],41,65,78,24,49
1,<environment.Job instance at 0x1544611b1370>,8,3,[1 7],10,52,55,42,52
1,<environment.Job instance at 0x1544613128c0>,42,16,[7 2],64,78,94,14,65
1,<environment.Job instance at 0x1544613129b0>,44,18,[5 2],67,94,112,27,83
1,<environment.Job instance at 0x154483fab370>,0,12,[2 9],3,3,15,0,3
1,<environment.Job instance at 0x15446150ec30>,3,15,[8 2],6,15,30,9,6
1,<environment.Job instance at 0x154461312370>,4,17,[10  1],8,30,47,22,18
1,<environment.Job instance at 0x154461305b40>,15,18,[ 1 10],26,205,223,179,205
1,<environment.Job instance at 0x1544613a5820>,21,1,[6 2],35,223,224,188,219
1,<environment.Job instance at 0x1544613a56e0>,29,16,[1 5],48,223,239,175,220
1,<environment.Job instance at 0x154482023780>,41,1,[7 2],66,255,256,189,255
1,<environment.Job instance at 0x154482023140>,42,3,[1 7],68,255,258,187,255
1,<environment.Job instance at 0x154482023f50>,43,14,[1 6],69,258,272,189,255
1,<environment.Job instance at 0x1544816c6780>,1,26,[9 1],4,4,30,0,4
1,<environment.Job instance at 0x1544781aa370>,10,15,[2 8],18,30,45,12,18
1,<environment.Job instance at 0x15447815b230>,11,16,[2 8],19,45,61,26,32
1,<environment.Job instance at 0x154478158960>,17,1,[5 1],29,32,33,3,32
1,<environment.Job instance at 0x154461368d70>,19,2,[1 9],31,61,63,30,35
1,<environment.Job instance at 0x1544781588c0>,20,3,[2 8],32,63,66,31,37
1,<environment.Job instance at 0x15447c38f500>,22,16,[2 6],36,66,82,30,53
1,<environment.Job instance at 0x15447cf0d280>,42,18,[8 2],63,63,81,0,63
1,<environment.Job instance at 0x15447c523500>,44,16,[1 5],65,82,98,17,80
1,<environment.Job instance at 0x1544611cd8c0>,1,3,[2 8],2,2,5,0,2
1,<environment.Job instance at 0x1544613681e0>,8,27,[ 2 10],13,21,48,8,21
1,<environment.Job instance at 0x154481f84730>,15,12,[6 1],22,48,60,26,36
1,<environment.Job instance at 0x15447c4b3140>,0,13,[5 1],1,3,16,2,3
1,<environment.Job instance at 0x1544610a3be0>,4,14,[2 8],5,5,19,0,5
1,<environment.Job instance at 0x1544610a3eb0>,6,3,[7 1],7,16,19,9,7
1,<environment.Job instance at 0x1544610a3d20>,7,13,[10  1],8,19,32,11,8
1,<environment.Job instance at 0x15446102c500>,0,16,[2 7],1,1,17,0,1
1,<environment.Job instance at 0x15448160fb90>,8,14,[2 8],13,17,31,4,13
1,<environment.Job instance at 0x15447c411e60>,15,3,[9 2],22,31,34,9,22
1,<environment.Job instance at 0x15447a620c80>,17,17,[1 9],24,34,51,10,24
1,<environment.Job instance at 0x15447a620320>,20,15,[2 8],32,51,66,19,37
1,<environment.Job instance at 0x154481f5afa0>,26,15,[2 7],40,66,81,26,54
1,<environment.Job instance at 0x154461203e60>,1,17,[9 2],3,3,20,0,3
1,<environment.Job instance at 0x1544612035f0>,3,12,[2 8],5,20,32,15,5
1,<environment.Job instance at 0x1544831339b0>,7,13,[2 5],9,32,45,23,16
1,<environment.Job instance at 0x1544781fa460>,14,14,[1 5],21,32,46,11,21
1,<environment.Job instance at 0x1544781fa6e0>,15,12,[2 6],23,46,58,23,29
1,<environment.Job instance at 0x1544781faa00>,19,16,[8 1],30,45,61,15,32
1,<environment.Job instance at 0x1544781fa820>,10,1,[6 2],16,61,62,45,39
1,<environment.Job instance at 0x154484116aa0>,20,16,[1 6],31,58,74,27,45
1,<environment.Job instance at 0x15446178ec80>,26,16,[1 9],39,74,90,35,61
1,<environment.Job instance at 0x15447cf8fb40>,34,19,[2 5],50,90,109,40,82
1,<environment.Job instance at 0x1544614c3730>,49,14,[8 2],67,90,104,23,82
1,<environment.Job instance at 0x154461620d70>,1,13,[2 8],3,3,16,0,3
1,<environment.Job instance at 0x15447aaea910>,6,17,[10  1],10,16,33,6,10
1,<environment.Job instance at 0x15447aaeae10>,9,21,[ 2 10],14,33,54,19,31
1,<environment.Job instance at 0x15447ab18230>,26,17,[9 1],36,54,71,18,42
1,<environment.Job instance at 0x15448038bc30>,49,13,[2 9],63,71,84,8,63
1,<environment.Job instance at 0x154461197190>,53,13,[10  1],69,84,97,15,69
1,<environment.Job instance at 0x15447c4952d0>,0,14,[2 9],1,1,15,0,1
1,<environment.Job instance at 0x15447c495cd0>,3,3,[6 1],4,4,7,0,4
1,<environment.Job instance at 0x15447c39ab40>,7,17,[1 8],8,15,32,7,8
1,<environment.Job instance at 0x15447c39ad20>,10,3,[2 8],11,32,35,21,11
1,<environment.Job instance at 0x15447c39ac80>,12,13,[7 2],14,15,28,1,14
1,<environment.Job instance at 0x1544613fae60>,17,17,[1 7],20,35,52,15,23
1,<environment.Job instance at 0x1544613fa8c0>,21,18,[6 1],25,28,46,3,25
1,<environment.Job instance at 0x1544613fadc0>,19,2,[2 9],22,52,54,30,32
1,<environment.Job instance at 0x154481ffb820>,26,16,[6 2],31,54,70,23,41
1,<environment.Job instance at 0x154460f4deb0>,39,17,[1 7],50,54,71,4,52
1,<environment.Job instance at 0x154460eebaa0>,40,15,[10  2],54,71,86,17,57
1,<environment.Job instance at 0x1544613fa5a0>,23,2,[10  1],27,86,88,59,61
1,<environment.Job instance at 0x1544614a9c30>,43,14,[5 2],59,88,102,29,86
1,<environment.Job instance at 0x15447cf688c0>,2,3,[2 5],4,4,7,0,4
1,<environment.Job instance at 0x154460eeb730>,3,25,[6 1],5,5,30,0,5
1,<environment.Job instance at 0x15447adab5a0>,31,2,[8 2],50,50,52,0,50
1,<environment.Job instance at 0x15447c4132d0>,32,17,[1 6],51,51,68,0,51
1,<environment.Job instance at 0x15447c413050>,33,3,[1 9],52,68,71,16,52
1,<environment.Job instance at 0x15447c413c30>,34,13,[2 9],56,71,84,15,56
1,<environment.Job instance at 0x15447c301640>,1,12,[6 2],3,3,15,0,3
1,<environment.Job instance at 0x15446135beb0>,5,14,[7 1],8,15,29,7,8
1,<environment.Job instance at 0x15446135be60>,6,14,[ 2 10],9,29,43,20,14
1,<environment.Job instance at 0x154461346140>,12,16,[7 1],15,43,59,28,37
1,<environment.Job instance at 0x154461331280>,28,3,[1 6],37,43,46,6,37
1,<environment.Job instance at 0x154461342be0>,0,15,[ 2 10],2,2,17,0,2
1,<environment.Job instance at 0x1544613a9a50>,9,21,[5 1],12,17,38,5,12
1,<environment.Job instance at 0x1544614c1370>,17,13,[7 1],22,38,51,16,22
1,<environment.Job instance at 0x154481fad280>,27,15,[1 9],36,37,52,1,37
1,<environment.Job instance at 0x1544616396e0>,36,3,[8 1],48,51,54,3,48
1,<environment.Job instance at 0x154461639640>,37,15,[6 1],52,54,69,2,52
1,<environment.Job instance at 0x154461639140>,39,17,[10  1],56,69,86,13,57
1,<environment.Job instance at 0x154461639730>,42,21,[6 1],60,101,122,41,101
1,<environment.Job instance at 0x15447c43ff50>,0,12,[2 8],1,1,13,0,1
1,<environment.Job instance at 0x154481fada50>,1,27,[5 2],2,3,30,1,3
1,<environment.Job instance at 0x15447c28fd70>,5,12,[2 8],8,13,25,5,8
1,<environment.Job instance at 0x15447ce2d780>,8,18,[9 1],13,30,48,17,19
1,<environment.Job instance at 0x15447821b910>,20,21,[9 1],31,48,69,17,40
1,<environment.Job instance at 0x1544815ee280>,3,17,[5 1],4,4,21,0,4
1,<environment.Job instance at 0x15447c26ddc0>,12,17,[7 2],13,21,38,8,13
1,<environment.Job instance at 0x15447c26dd20>,13,16,[5 2],14,38,54,24,25
1,<environment.Job instance at 0x15447c25e3c0>,19,16,[5 2],23,38,54,15,25
1,<environment.Job instance at 0x15447cf4ca00>,0,16,[7 1],1,1,17,0,1
1,<environment.Job instance at 0x15447c2689b0>,2,14,[1 8],3,3,17,0,3
1,<environment.Job instance at 0x15447a8708c0>,5,1,[1 6],6,17,18,11,6
1,<environment.Job instance at 0x15447a870730>,6,3,[2 6],7,18,21,11,7
1,<environment.Job instance at 0x15447a8707d0>,8,3,[6 1],9,17,20,8,9
1,<environment.Job instance at 0x15447cf4ce60>,9,15,[6 1],15,20,35,5,16
1,<environment.Job instance at 0x15447a870050>,11,17,[8 1],17,35,52,18,23
1,<environment.Job instance at 0x154461497a00>,20,3,[5 2],28,52,55,24,28
1,<environment.Job instance at 0x1544816e2e10>,21,15,[8 1],29,55,70,26,41
1,<environment.Job instance at 0x15446148efa0>,14,3,[9 1],20,70,73,50,52
1,<environment.Job instance at 0x1544816e22d0>,35,17,[1 5],52,52,69,0,52
1,<environment.Job instance at 0x1544614b4690>,43,18,[1 7],66,69,87,3,66
1,<environment.Job instance at 0x154461228320>,3,1,[1 9],5,5,6,0,5
1,<environment.Job instance at 0x15447d214d20>,4,3,[6 2],6,6,9,0,6
1,<environment.Job instance at 0x14e2d0610c30>,0,12,[2 5],1,1,13,0,1
1,<environment.Job instance at 0x14e2c8a5bb90>,6,18,[8 1],7,7,25,0,7
1,<environment.Job instance at 0x14e2c8ab9230>,8,13,[6 1],9,25,38,16,9
1,<environment.Job instance at 0x14e2c8a75b90>,17,17,[6 1],23,38,55,15,27
1,<environment.Job instance at 0x14e2c8a7b6e0>,24,12,[ 1 10],32,55,67,23,38
1,<environment.Job instance at 0x14e2c89a7cd0>,29,16,[10  2],39,67,83,28,54
1,<environment.Job instance at 0x14e2c6d906e0>,49,16,[8 2],66,91,107,25,91
1,<environment.Job instance at 0x14e2c6b0dc30>,55,16,[2 5],76,101,117,25,101
1,<environment.Job instance at 0x14e2c6d88dc0>,0,15,[2 9],2,2,17,0,2
1,<environment.Job instance at 0x14e2c6d88730>,2,17,[8 1],6,6,23,0,6
1,<environment.Job instance at 0x14e2c6d88820>,6,12,[9 1],11,23,35,12,11
1,<environment.Job instance at 0x14e2c6d8f780>,14,13,[7 2],22,35,48,13,22
1,<environment.Job instance at 0x14e2c8874550>,22,14,[7 1],32,48,62,16,33
1,<environment.Job instance at 0x14e2c8874f00>,24,12,[2 8],35,35,47,0,35
1,<environment.Job instance at 0x14e2c6ff15a0>,34,15,[7 1],49,62,77,13,49
1,<environment.Job instance at 0x14e2c7014c80>,49,18,[1 8],66,66,84,0,66
1,<environment.Job instance at 0x14e2ce45e4b0>,4,3,[7 2],8,13,16,5,13
1,<environment.Job instance at 0x14e2ce45e910>,11,12,[6 1],16,17,29,1,17
1,<environment.Job instance at 0x14e2ce4d0820>,13,3,[5 1],23,29,32,6,23
1,<environment.Job instance at 0x14e2ce4d0190>,14,15,[1 7],25,25,40,0,25
1,<environment.Job instance at 0x14e2ce4d07d0>,15,3,[ 2 10],26,40,43,14,26
1,<environment.Job instance at 0x14e2ce4d0c80>,17,2,[ 2 10],31,43,45,12,31
1,<environment.Job instance at 0x14e2ce4d0be0>,18,3,[5 2],32,32,35,0,32
1,<environment.Job instance at 0x14e2ce4d04b0>,19,15,[2 7],33,45,60,12,33
1,<environment.Job instance at 0x14e2ce4d0d70>,20,2,[ 2 10],34,60,62,26,34
1,<environment.Job instance at 0x14e2ce4d05a0>,21,2,[2 9],35,62,64,27,35
1,<environment.Job instance at 0x14e2ce4d0410>,22,17,[ 2 10],36,64,81,28,59
1,<environment.Job instance at 0x14e2c703d0f0>,42,17,[1 6],61,81,98,20,75
1,<environment.Job instance at 0x14e2c703d9b0>,48,12,[1 5],72,98,110,26,81
1,<environment.Job instance at 0x14e2c703da00>,49,2,[6 2],73,438,440,365,438
1,<environment.Job instance at 0x14e2c423b870>,1,3,[2 8],5,5,8,0,5
1,<environment.Job instance at 0x14e2c423b370>,4,18,[7 2],9,9,27,0,9
1,<environment.Job instance at 0x14e2a57cb3c0>,6,18,[10  1],16,27,45,11,16
1,<environment.Job instance at 0x14e2a57cb0f0>,14,14,[6 1],27,52,66,25,52
1,<environment.Job instance at 0x14e2c42bd280>,27,18,[5 2],43,66,84,23,55
1,<environment.Job instance at 0x14e2c42bd050>,30,18,[8 1],47,84,102,37,73
1,<environment.Job instance at 0x14e2c4285500>,47,14,[8 2],72,102,116,30,87
1,<environment.Job instance at 0x14e2c42bdf50>,18,2,[6 2],32,1251,1253,1219,1251
1,<environment.Job instance at 0x14e2a5701f50>,0,13,[5 2],1,2,15,1,2
1,<environment.Job instance at 0x14e2a56fe820>,5,12,[7 1],11,15,27,4,11
1,<environment.Job instance at 0x14e2a56fe410>,6,20,[8 2],12,27,47,15,18
1,<environment.Job instance at 0x14e2a56fb500>,13,16,[7 2],24,47,63,23,34
1,<environment.Job instance at 0x14e2a56f8c80>,21,15,[8 2],36,63,78,27,49
1,<environment.Job instance at 0x14e2a56fbc30>,16,1,[1 8],28,304,305,276,304
1,<environment.Job instance at 0x14e2cdb5ec80>,0,14,[1 6],2,2,16,0,2
1,<environment.Job instance at 0x14e2c433a730>,8,3,[1 7],13,16,19,3,13
1,<environment.Job instance at 0x14e2c433acd0>,10,1,[7 2],16,16,17,0,16
1,<environment.Job instance at 0x14e2c433afa0>,11,3,[1 7],18,19,22,1,18
1,<environment.Job instance at 0x14e2a5888eb0>,12,14,[1 6],19,22,36,3,19
1,<environment.Job instance at 0x14e2a58885f0>,14,3,[6 1],23,23,26,0,23
1,<environment.Job instance at 0x14e2a5888690>,15,26,[9 1],24,26,52,2,24
1,<environment.Job instance at 0x14e2a5892230>,24,15,[2 8],38,52,67,14,48
1,<environment.Job instance at 0x14e2c8878370>,39,14,[9 1],60,67,81,7,61
1,<environment.Job instance at 0x14e2a58922d0>,26,13,[ 2 10],42,126,139,84,126
1,<environment.Job instance at 0x14e2a5814d70>,42,15,[1 5],63,139,154,76,126
1,<environment.Job instance at 0x14e2d0510870>,2,18,[8 2],3,3,21,0,3
1,<environment.Job instance at 0x14e2cfa77140>,6,17,[2 9],7,21,38,14,9
1,<environment.Job instance at 0x14e2d05059b0>,11,3,[2 8],12,12,15,0,12
1,<environment.Job instance at 0x14e2d051a320>,13,3,[5 2],16,38,41,22,17
1,<environment.Job instance at 0x14e2c88fe230>,40,3,[2 7],52,52,55,0,52
1,<environment.Job instance at 0x14e2cfab1910>,44,15,[7 1],57,57,72,0,57
1,<environment.Job instance at 0x14e2a599b5a0>,49,17,[2 7],64,64,81,0,64
1,<environment.Job instance at 0x14e2caa08a50>,50,14,[1 6],65,81,95,16,66
1,<environment.Job instance at 0x14e2a599be60>,51,17,[9 1],66,81,98,15,69
1,<environment.Job instance at 0x14e2cdb62550>,55,12,[9 2],70,98,110,28,98
1,<environment.Job instance at 0x14e2a5b15230>,20,2,[2 7],26,780,782,754,780
1,<environment.Job instance at 0x14e2a5704140>,0,13,[5 1],1,3,16,2,3
1,<environment.Job instance at 0x14e2a5b15230>,4,14,[2 8],5,5,19,0,5
1,<environment.Job instance at 0x14e2c89177d0>,6,3,[7 1],7,16,19,9,7
1,<environment.Job instance at 0x14e2a5a8fa50>,7,13,[10  1],8,19,32,11,8
1,<environment.Job instance at 0x14e2c4267730>,14,16,[10  1],19,32,48,13,19
1,<environment.Job instance at 0x14e2c4267b90>,17,12,[7 1],24,48,60,24,31
1,<environment.Job instance at 0x14e2c42d9460>,22,18,[2 6],34,48,66,14,37
1,<environment.Job instance at 0x14e2a5a0e910>,31,18,[1 5],47,66,84,19,57
1,<environment.Job instance at 0x14e2c433c9b0>,42,3,[1 9],68,84,87,16,68
1,<environment.Job instance at 0x14e2c42589b0>,43,16,[2 7],71,87,103,16,74
1,<environment.Job instance at 0x14e2c8a109b0>,45,3,[10  2],74,103,106,29,77
1,<environment.Job instance at 0x14e2a59f5690>,46,3,[5 1],78,78,81,0,78
1,<environment.Job instance at 0x14e2c89933c0>,47,1,[2 8],79,106,107,27,79
1,<environment.Job instance at 0x14e2c72b2d20>,2,14,[2 8],3,3,17,0,3
1,<environment.Job instance at 0x14e2a55a78c0>,6,17,[2 8],7,17,34,10,7
1,<environment.Job instance at 0x14e2a55a7e60>,11,17,[1 9],14,34,51,20,23
1,<environment.Job instance at 0x14e2a55a96e0>,16,13,[10  1],25,51,64,26,35
1,<environment.Job instance at 0x14e2a5530d70>,0,14,[1 5],1,1,15,0,1
1,<environment.Job instance at 0x14e2a5530dc0>,1,12,[2 6],3,15,27,12,3
1,<environment.Job instance at 0x14e2a55ad0a0>,3,17,[2 8],6,27,44,21,15
1,<environment.Job instance at 0x14e2ce48c9b0>,9,14,[9 2],16,44,58,28,29
1,<environment.Job instance at 0x14e2c8865280>,16,13,[1 9],24,58,71,34,42
1,<environment.Job instance at 0x14e2a56b7050>,24,17,[5 2],34,71,88,37,59
1,<environment.Job instance at 0x14e2c8774e10>,44,17,[10  1],60,88,105,28,76
1,<environment.Job instance at 0x14e2c8774b90>,45,25,[9 1],61,105,130,44,101
1,<environment.Job instance at 0x14e2c8774d20>,52,15,[6 1],70,130,145,60,116
1,<environment.Job instance at 0x14e2a5596640>,56,14,[2 6],75,130,144,55,116
1,<environment.Job instance at 0x14e2a5709f00>,58,17,[2 5],77,144,161,67,132
1,<environment.Job instance at 0x14e2ce48cc30>,7,2,[10  2],13,302,304,289,302
1,<environment.Job instance at 0x14e2c93e2c30>,3,17,[9 1],6,6,23,0,6
1,<environment.Job instance at 0x14e2c41bb500>,9,13,[6 1],14,23,36,9,14
1,<environment.Job instance at 0x14e2cdbc7280>,14,13,[2 6],19,23,36,4,19
1,<environment.Job instance at 0x14e2c4355730>,0,17,[1 6],1,1,18,0,1
1,<environment.Job instance at 0x14e2c4355140>,2,13,[2 9],6,18,31,12,6
1,<environment.Job instance at 0x14e2a5793b90>,9,28,[5 2],14,31,59,17,30
1,<environment.Job instance at 0x14e2c4284b90>,25,16,[1 8],32,32,48,0,32
1,<environment.Job instance at 0x14e2c4284eb0>,28,16,[7 1],35,59,75,24,46
1,<environment.Job instance at 0x14e2c886dc80>,33,16,[2 9],42,59,75,17,46
1,<environment.Job instance at 0x14e2c886d230>,40,3,[6 1],53,75,78,22,53
1,<environment.Job instance at 0x14e2c8871370>,43,3,[5 1],56,56,59,0,56
1,<environment.Job instance at 0x14e2c8871f00>,46,20,[8 1],60,78,98,18,69
1,<environment.Job instance at 0x14e2a5793780>,6,2,[2 9],11,594,596,583,594
1,<environment.Job instance at 0x14e2a56f0460>,2,16,[9 1],4,4,20,0,4
1,<environment.Job instance at 0x14e2c72c07d0>,3,12,[7 2],6,20,32,14,13
1,<environment.Job instance at 0x14e2a582ebe0>,11,16,[2 9],20,32,48,12,20
1,<environment.Job instance at 0x14e2c87d29b0>,21,13,[7 1],32,37,50,5,37
1,<environment.Job instance at 0x14e2c8a0da50>,31,15,[1 9],46,48,63,2,46
1,<environment.Job instance at 0x14e2c8835140>,36,2,[10  2],53,63,65,10,53
1,<environment.Job instance at 0x14e2a548c550>,41,15,[6 1],62,65,80,3,62
1,<environment.Job instance at 0x14e2c9332c80>,43,17,[10  1],66,80,97,14,68
1,<environment.Job instance at 0x14e2a53c4fa0>,0,12,[2 8],1,1,13,0,1
1,<environment.Job instance at 0x14e2c42c7870>,1,27,[5 2],2,3,30,1,3
1,<environment.Job instance at 0x14e2c42c72d0>,5,12,[2 8],8,13,25,5,8
1,<environment.Job instance at 0x14e2c40dd0a0>,8,18,[9 1],13,30,48,17,19
1,<environment.Job instance at 0x14e2c40c4410>,22,15,[10  2],33,48,63,15,34
1,<environment.Job instance at 0x14e2c40b1820>,34,16,[9 2],50,63,79,13,50
1,<environment.Job instance at 0x14e2c40b5500>,49,18,[2 9],70,79,97,9,71
1,<environment.Job instance at 0x14e2c40e11e0>,0,27,[6 1],1,1,28,0,1
1,<environment.Job instance at 0x14e2a59f1370>,9,16,[5 2],13,28,44,15,25
1,<environment.Job instance at 0x14e2a54a24b0>,15,15,[6 2],22,44,59,22,30
1,<environment.Job instance at 0x14e2a595c3c0>,0,16,[2 5],1,1,17,0,1
1,<environment.Job instance at 0x14e2a56f9320>,2,12,[ 1 10],3,17,29,14,3
1,<environment.Job instance at 0x14e2a56f9a50>,6,15,[8 1],9,29,44,20,15
1,<environment.Job instance at 0x14e2a56f98c0>,9,14,[2 9],17,29,43,12,17
1,<environment.Job instance at 0x14e2a5460eb0>,11,13,[7 2],20,44,57,24,28
1,<environment.Job instance at 0x14e2a5460dc0>,20,17,[1 5],32,43,60,11,32
1,<environment.Job instance at 0x14e2c8abb410>,28,18,[1 7],46,60,78,14,53
1,<environment.Job instance at 0x14e2c93be230>,2,25,[9 1],3,3,28,0,3
1,<environment.Job instance at 0x14e2c93d6730>,17,15,[6 1],23,28,43,5,23
1,<environment.Job instance at 0x14e2c93d6c30>,21,17,[10  1],28,43,60,15,31
1,<environment.Job instance at 0x14e2c939d7d0>,31,2,[7 1],40,60,62,20,40
1,<environment.Job instance at 0x14e2c939d8c0>,32,14,[5 2],44,62,76,18,47
1,<environment.Job instance at 0x14e2c939dd70>,36,3,[2 7],49,60,63,11,49
1,<environment.Job instance at 0x14e2c939deb0>,37,21,[10  2],52,76,97,24,68
1,<environment.Job instance at 0x14e2c939d780>,1,18,[8 1],8,8,26,0,8
1,<environment.Job instance at 0x14e2a5b362d0>,6,12,[2 9],17,17,29,0,17
1,<environment.Job instance at 0x14e2a5b36460>,10,17,[6 2],22,29,46,7,22
1,<environment.Job instance at 0x14e2a5b53d20>,20,13,[2 8],33,33,46,0,33
1,<environment.Job instance at 0x14e2c8803320>,25,14,[ 2 10],40,46,60,6,40
1,<environment.Job instance at 0x14e2c94534b0>,2,16,[1 7],3,3,19,0,3
1,<environment.Job instance at 0x14e2c94277d0>,3,17,[5 2],5,7,24,2,7
1,<environment.Job instance at 0x14e2c7003320>,6,17,[8 1],9,24,41,15,12
1,<environment.Job instance at 0x14e2c7003c80>,15,19,[5 2],21,41,60,20,34
1,<environment.Job instance at 0x14e833a33640>,0,12,[2 5],1,1,13,0,1
1,<environment.Job instance at 0x14e82bebd460>,6,18,[8 1],7,7,25,0,7
1,<environment.Job instance at 0x14e82bebddc0>,8,13,[6 1],9,25,38,16,10
1,<environment.Job instance at 0x14e82be93b40>,10,13,[2 8],12,13,26,1,12
1,<environment.Job instance at 0x14e82bdca280>,17,17,[6 1],23,38,55,15,26
1,<environment.Job instance at 0x14e82be10eb0>,29,16,[10  2],39,55,71,16,42
1,<environment.Job instance at 0x14e82be14aa0>,23,2,[8 1],31,71,73,40,52
1,<environment.Job instance at 0x14e82a1b3be0>,0,12,[9 1],1,1,13,0,1
1,<environment.Job instance at 0x14e829f2fdc0>,8,13,[7 2],12,13,26,1,12
1,<environment.Job instance at 0x14e82a6c8af0>,15,3,[7 2],21,26,29,5,21
1,<environment.Job instance at 0x14e82a6c8e10>,16,14,[7 1],22,29,43,7,22
1,<environment.Job instance at 0x14e82a6c8c80>,18,12,[2 8],25,25,37,0,25
1,<environment.Job instance at 0x14e82a6f0cd0>,28,15,[7 1],39,43,58,4,39
1,<environment.Job instance at 0x14e82a6f0780>,33,15,[10  2],45,58,73,13,45
1,<environment.Job instance at 0x14e82a6f0370>,34,13,[ 1 10],46,73,86,27,57
1,<environment.Job instance at 0x14e82a4b5910>,42,15,[5 1],55,105,120,50,105
1,<environment.Job instance at 0x14e82a4b56e0>,50,15,[9 2],67,120,135,53,106
1,<environment.Job instance at 0x14e82a4b5640>,51,18,[2 6],68,135,153,67,129
1,<environment.Job instance at 0x14e82c8bc6e0>,63,3,[1 9],84,153,156,69,130
1,<environment.Job instance at 0x14e818cfdeb0>,64,2,[7 2],85,136,138,51,136
1,<environment.Job instance at 0x14e83187ddc0>,65,12,[6 1],86,148,160,62,148
1,<environment.Job instance at 0x14e82a6f02d0>,1,15,[1 7],5,5,20,0,5
1,<environment.Job instance at 0x14e83187f9b0>,6,15,[2 7],13,20,35,7,13
1,<environment.Job instance at 0x14e83187fe10>,8,2,[2 9],15,35,37,20,15
1,<environment.Job instance at 0x14e83187f780>,9,17,[ 2 10],16,37,54,21,25
1,<environment.Job instance at 0x14e82a446280>,17,15,[1 7],25,54,69,29,40
1,<environment.Job instance at 0x14e82a44f5a0>,29,17,[1 6],41,69,86,28,61
1,<environment.Job instance at 0x14e82a414140>,35,12,[1 5],52,86,98,34,69
1,<environment.Job instance at 0x14e82a460820>,41,3,[1 5],60,86,89,26,69
1,<environment.Job instance at 0x14e82a460550>,46,18,[7 2],69,89,107,20,78
1,<environment.Job instance at 0x14e83187e7d0>,48,18,[10  1],76,107,125,31,96
1,<environment.Job instance at 0x14e83187e0f0>,51,14,[2 8],79,125,139,46,120
1,<environment.Job instance at 0x14e8318f5c80>,58,16,[1 7],89,139,155,50,136
1,<environment.Job instance at 0x14e82828ccd0>,3,16,[1 7],4,671,687,667,671
1,<environment.Job instance at 0x14e831933e10>,1,3,[2 7],3,3,6,0,3
1,<environment.Job instance at 0x14e818af3c80>,7,3,[1 8],14,76,79,62,76
1,<environment.Job instance at 0x14e8282f0320>,1,3,[2 8],2,2,5,0,2
1,<environment.Job instance at 0x14e818d15460>,3,16,[2 6],6,6,22,0,6
1,<environment.Job instance at 0x14e818d15d20>,6,14,[9 1],10,22,36,12,10
1,<environment.Job instance at 0x14e830fbb550>,13,15,[10  1],19,36,51,17,22
1,<environment.Job instance at 0x14e818fa4f50>,23,18,[8 2],33,51,69,18,40
1,<environment.Job instance at 0x14e8282a9f00>,46,12,[6 1],62,69,81,7,62
1,<environment.Job instance at 0x14e82a6f27d0>,48,1,[7 1],66,81,82,15,66
1,<environment.Job instance at 0x14e818a15e10>,49,2,[7 1],67,82,84,15,67
1,<environment.Job instance at 0x14e830fe3aa0>,51,3,[10  2],69,84,87,15,69
1,<environment.Job instance at 0x14e828328280>,53,15,[1 8],72,87,102,15,73
1,<environment.Job instance at 0x14e828328870>,55,19,[2 9],76,129,148,53,129
1,<environment.Job instance at 0x14e83124e410>,2,17,[2 7],4,4,21,0,4
1,<environment.Job instance at 0x14e8332877d0>,11,2,[10  2],13,21,23,8,13
1,<environment.Job instance at 0x14e82bcb9d70>,12,16,[10  2],14,23,39,9,14
1,<environment.Job instance at 0x14e818f558c0>,17,13,[5 1],21,39,52,18,33
1,<environment.Job instance at 0x14e82bde31e0>,24,13,[10  1],28,52,65,24,36
1,<environment.Job instance at 0x14e8189f92d0>,31,16,[10  1],39,65,81,26,52
1,<environment.Job instance at 0x14e818e3da50>,39,18,[2 6],54,81,99,27,70
1,<environment.Job instance at 0x14e82a442e10>,48,18,[1 5],67,99,117,32,88
1,<environment.Job instance at 0x14e818de8550>,56,16,[ 2 10],82,117,133,35,104
1,<environment.Job instance at 0x14e818b1e190>,0,16,[2 7],1,1,17,0,1
1,<environment.Job instance at 0x14e82bdb17d0>,6,2,[6 2],11,11,13,0,11
1,<environment.Job instance at 0x14e82bcd3320>,8,14,[2 8],13,17,31,4,13
1,<environment.Job instance at 0x14e828024500>,11,21,[1 8],16,31,52,15,31
1,<environment.Job instance at 0x14e82a47f3c0>,20,15,[2 8],32,52,67,20,38
1,<environment.Job instance at 0x14e8280332d0>,22,13,[10  1],35,67,80,32,51
1,<environment.Job instance at 0x14e82bcaff50>,15,3,[9 2],22,80,83,58,62
1,<environment.Job instance at 0x14e818fe1eb0>,36,3,[9 2],58,83,86,25,62
1,<environment.Job instance at 0x14e82835c640>,0,14,[1 5],1,1,15,0,1
1,<environment.Job instance at 0x14e82802daf0>,1,12,[2 6],3,15,27,12,3
1,<environment.Job instance at 0x14e8189e3140>,6,16,[1 6],11,30,46,19,30
1,<environment.Job instance at 0x14e8189e5910>,26,12,[ 1 10],37,46,58,9,37
1,<environment.Job instance at 0x14e8189e5f50>,32,2,[2 7],44,58,60,14,44
1,<environment.Job instance at 0x14e8189e7280>,33,16,[ 2 10],45,60,76,15,47
1,<environment.Job instance at 0x14e8189e7460>,35,14,[8 2],47,76,90,29,67
1,<environment.Job instance at 0x14e818969460>,49,15,[5 2],66,90,105,24,85
1,<environment.Job instance at 0x14e818969780>,52,15,[6 1],70,105,120,35,98
1,<environment.Job instance at 0x14e818969cd0>,60,15,[9 2],80,120,135,40,106
1,<environment.Job instance at 0x14e818969e60>,61,2,[5 2],81,135,137,54,114
1,<environment.Job instance at 0x14e81896f870>,0,3,[2 6],1,1,4,0,1
1,<environment.Job instance at 0x14e8189e3820>,2,13,[6 1],4,5,18,1,5
1,<environment.Job instance at 0x14e82bcf1c80>,7,13,[2 6],9,9,22,0,9
1,<environment.Job instance at 0x14e82bcf1a00>,1,16,[1 8],2,2,18,0,2
1,<environment.Job instance at 0x14e82a6e72d0>,4,16,[7 1],5,5,21,0,5
1,<environment.Job instance at 0x14e82a6e7820>,9,16,[2 9],12,18,34,6,12
1,<environment.Job instance at 0x14e82a6e7be0>,11,23,[9 1],16,34,57,18,28
1,<environment.Job instance at 0x14e8187df370>,3,15,[1 9],6,6,21,0,6
1,<environment.Job instance at 0x14e818732910>,13,15,[6 1],22,22,37,0,22
1,<environment.Job instance at 0x14e818732730>,15,17,[10  1],26,37,54,11,26
1,<environment.Job instance at 0x14e8187af1e0>,25,12,[2 8],41,54,66,13,41
1,<environment.Job instance at 0x14e8187eddc0>,30,12,[2 8],48,66,78,18,52
1,<environment.Job instance at 0x14e8187ed7d0>,31,3,[ 1 10],51,78,81,27,52
1,<environment.Job instance at 0x14e8187f3140>,33,18,[9 1],53,81,99,28,70
1,<environment.Job instance at 0x14e8187f33c0>,35,13,[8 2],56,99,112,43,85
1,<environment.Job instance at 0x14e818f31b40>,46,16,[1 6],72,92,108,20,92
1,<environment.Job instance at 0x14e8187af3c0>,22,2,[2 8],35,138,140,103,138
1,<environment.Job instance at 0x14e818ef20a0>,1,15,[6 1],3,3,18,0,3
1,<environment.Job instance at 0x14e82fc84d20>,9,14,[ 1 10],14,18,32,4,14
1,<environment.Job instance at 0x14e8187e2be0>,14,18,[2 9],20,32,50,12,21
1,<environment.Job instance at 0x14e8282a2500>,18,17,[5 1],24,32,49,8,25
1,<environment.Job instance at 0x14e833299640>,26,21,[9 2],32,50,71,18,42
1,<environment.Job instance at 0x14e8332994b0>,32,17,[ 2 10],39,80,97,41,80
1,<environment.Job instance at 0x14e82c80eeb0>,44,16,[2 7],57,97,113,40,84
1,<environment.Job instance at 0x14e82cb76460>,52,1,[ 1 10],67,113,114,46,85
1,<environment.Job instance at 0x14e82bd34230>,55,17,[5 2],70,138,155,68,138
1,<environment.Job instance at 0x14e818f13190>,67,16,[8 2],85,156,172,71,156
1,<environment.Job instance at 0x14e832a42050>,0,16,[7 1],1,1,17,0,1
1,<environment.Job instance at 0x14e8282f0960>,2,14,[1 8],3,3,17,0,3
1,<environment.Job instance at 0x14e818fd4f50>,9,15,[6 1],15,17,32,2,15
1,<environment.Job instance at 0x14e818fd0780>,11,17,[8 1],17,32,49,15,20
1,<environment.Job instance at 0x14e818fbc640>,24,14,[2 9],37,37,51,0,37
1,<environment.Job instance at 0x14e818fbc870>,26,13,[7 2],40,51,64,11,44
1,<environment.Job instance at 0x14e818fb94b0>,35,17,[1 5],52,52,69,0,52
1,<environment.Job instance at 0x14e818fb9f00>,43,18,[1 7],66,69,87,3,68
1,<environment.Job instance at 0x14e818e0a8c0>,1,3,[2 7],2,2,5,0,2
1,<environment.Job instance at 0x14e82bea9500>,9,25,[9 1],13,13,38,0,13
1,<environment.Job instance at 0x14e8282379b0>,13,13,[10  1],18,38,51,20,22
1,<environment.Job instance at 0x14e8283bdaa0>,24,15,[6 1],33,51,66,18,39
1,<environment.Job instance at 0x14e8283cd870>,39,14,[5 2],54,66,80,12,54
1,<environment.Job instance at 0x14e8283cdc30>,44,21,[10  2],62,80,101,18,72
1,<environment.Job instance at 0x14e818937eb0>,16,1,[6 2],21,1824,1825,1803,1824
1,<environment.Job instance at 0x14e8339385f0>,1,18,[8 1],8,8,26,0,8
1,<environment.Job instance at 0x14e818946280>,6,12,[2 9],17,17,29,0,17
1,<environment.Job instance at 0x14e818946c80>,10,17,[6 2],22,29,46,7,22
1,<environment.Job instance at 0x14e82bbd9b90>,25,14,[ 2 10],40,46,60,6,40
1,<environment.Job instance at 0x14e82c7d1140>,0,13,[1 9],1,1,14,0,1
1,<environment.Job instance at 0x14e81899fb40>,2,15,[9 1],4,4,19,0,4
1,<environment.Job instance at 0x14e83190e320>,7,19,[5 2],11,19,38,8,13
1,<environment.Job instance at 0x14e82cacbf00>,5,3,[2 9],10,10,13,0,10
1,<environment.Job instance at 0x1547d5672640>,0,12,[2 5],1,1,13,0,1
1,<environment.Job instance at 0x1547cdb03640>,6,18,[8 1],7,7,25,0,7
1,<environment.Job instance at 0x1547cdb03280>,10,13,[2 8],12,13,26,1,12
1,<environment.Job instance at 0x1547cbdf1370>,16,1,[2 5],21,26,27,5,21
1,<environment.Job instance at 0x1547cdad7aa0>,17,17,[6 1],23,25,42,2,23
1,<environment.Job instance at 0x1547cdae60a0>,24,12,[ 1 10],32,42,54,10,32
1,<environment.Job instance at 0x1547cda0a3c0>,29,16,[10  2],39,54,70,15,41
1,<environment.Job instance at 0x1547cbb85aa0>,0,13,[7 2],2,2,15,0,2
1,<environment.Job instance at 0x1547cbb85230>,7,3,[7 2],11,15,18,4,11
1,<environment.Job instance at 0x1547cbb85f00>,8,14,[7 1],12,18,32,6,12
1,<environment.Job instance at 0x1547cbb854b0>,10,12,[2 8],15,15,27,0,15
1,<environment.Job instance at 0x1547cc053230>,20,15,[7 1],29,32,47,3,29
1,<environment.Job instance at 0x1547cbb6f6e0>,25,15,[10  2],35,47,62,12,35
1,<environment.Job instance at 0x1547cbb6f460>,26,13,[ 1 10],36,62,75,26,46
1,<environment.Job instance at 0x15479e993960>,1,13,[ 2 10],2,2,15,0,2
1,<environment.Job instance at 0x1547c820f820>,4,15,[1 7],5,15,30,10,6
1,<environment.Job instance at 0x1547ce444820>,6,14,[10  1],9,30,44,21,15
1,<environment.Job instance at 0x1547c820fb90>,9,3,[8 1],12,21,24,9,21
1,<environment.Job instance at 0x1547c8298c80>,19,16,[9 1],26,44,60,18,41
1,<environment.Job instance at 0x1547c8204dc0>,33,18,[7 2],49,60,78,11,52
1,<environment.Job instance at 0x1547c82042d0>,35,18,[10  1],56,78,96,22,67
1,<environment.Job instance at 0x1547c8204910>,38,14,[2 8],59,96,110,37,81
1,<environment.Job instance at 0x1547c831fb90>,0,17,[7 1],2,2,19,0,2
1,<environment.Job instance at 0x1547c831fd20>,3,12,[7 2],7,19,31,12,7
1,<environment.Job instance at 0x1547c831fe10>,9,14,[8 1],16,31,45,15,17
1,<environment.Job instance at 0x15479e88b960>,18,12,[7 1],31,45,57,14,31
1,<environment.Job instance at 0x1547c81c9d70>,26,16,[7 2],44,57,73,13,47
1,<environment.Job instance at 0x1547c81c9870>,31,12,[2 9],53,73,85,20,56
1,<environment.Job instance at 0x1547c83168c0>,35,17,[10  1],58,85,102,27,73
1,<environment.Job instance at 0x15479e6f9a00>,0,14,[1 6],2,2,16,0,2
1,<environment.Job instance at 0x1547c83b6eb0>,7,2,[5 2],12,12,14,0,12
1,<environment.Job instance at 0x1547c83b6320>,8,3,[1 7],13,16,19,3,13
1,<environment.Job instance at 0x1547c83b64b0>,11,3,[1 7],18,19,22,1,18
1,<environment.Job instance at 0x1547c83b6280>,12,14,[1 6],19,22,36,3,19
1,<environment.Job instance at 0x1547cd990eb0>,13,14,[1 9],20,36,50,16,21
1,<environment.Job instance at 0x1547cd990230>,15,26,[9 1],24,24,50,0,24
1,<environment.Job instance at 0x15479e9016e0>,24,15,[2 8],38,50,65,12,38
1,<environment.Job instance at 0x15479e901b90>,25,16,[2 8],39,65,81,26,52
1,<environment.Job instance at 0x1547cc0bd2d0>,32,3,[1 5],50,81,84,31,55
1,<environment.Job instance at 0x1547cc0bdbe0>,34,3,[2 8],52,84,87,32,58
1,<environment.Job instance at 0x1547ce466f50>,36,16,[2 6],56,87,103,31,76
1,<environment.Job instance at 0x15479e9a0780>,2,27,[ 2 10],3,4,31,1,4
1,<environment.Job instance at 0x15479e9a0690>,9,12,[6 1],12,31,43,19,20
1,<environment.Job instance at 0x1547cc0005a0>,18,19,[2 9],26,31,50,5,26
1,<environment.Job instance at 0x1547cd91bc80>,0,12,[1 5],1,1,13,0,1
1,<environment.Job instance at 0x1547cd91b4b0>,1,13,[7 2],2,3,16,1,3
1,<environment.Job instance at 0x1547d2c2ebe0>,4,18,[1 5],7,13,31,6,7
1,<environment.Job instance at 0x1547d2c2ee10>,5,16,[1 5],11,18,34,7,18
1,<environment.Job instance at 0x1547d2c2e910>,12,16,[ 2 10],22,34,50,12,22
1,<environment.Job instance at 0x1547ce4c5af0>,16,16,[2 7],31,50,66,19,37
1,<environment.Job instance at 0x1547d18e2870>,24,14,[2 8],43,66,80,23,51
1,<environment.Job instance at 0x1547d18e25f0>,28,17,[2 8],47,80,97,33,68
1,<environment.Job instance at 0x1547c8133d70>,38,13,[10  1],65,97,110,32,81
1,<environment.Job instance at 0x1547cd890640>,45,3,[6 2],77,83,86,6,83
1,<environment.Job instance at 0x1547cd890230>,47,3,[1 9],81,110,113,29,84
1,<environment.Job instance at 0x15479eb48d20>,50,12,[7 1],86,110,122,24,93
1,<environment.Job instance at 0x15479e8e6050>,1,17,[9 2],3,3,20,0,3
1,<environment.Job instance at 0x1547d35a9820>,3,12,[2 8],5,20,32,15,5
1,<environment.Job instance at 0x1547cd802c80>,6,3,[2 7],8,32,35,24,8
1,<environment.Job instance at 0x1547cd7f9550>,7,13,[2 5],9,35,48,26,19
1,<environment.Job instance at 0x1547cd7f9d70>,14,14,[1 5],21,35,49,14,21
1,<environment.Job instance at 0x1547cd803320>,15,12,[2 6],23,49,61,26,32
1,<environment.Job instance at 0x1547cd803cd0>,17,17,[2 8],26,67,84,41,67
1,<environment.Job instance at 0x1547d4b00e60>,28,12,[2 9],42,84,96,42,67
1,<environment.Job instance at 0x15479eb68960>,30,13,[1 9],44,96,109,52,80
1,<environment.Job instance at 0x1547cfa42230>,36,3,[6 2],52,80,83,28,80
1,<environment.Job instance at 0x1547cfa42460>,37,2,[6 2],53,109,111,56,82
1,<environment.Job instance at 0x1547cfa42cd0>,38,17,[5 2],54,111,128,57,99
1,<environment.Job instance at 0x1547cfa42aa0>,43,3,[8 2],61,128,131,67,102
1,<environment.Job instance at 0x1547cfa420f0>,46,2,[2 7],64,109,111,45,102
1,<environment.Job instance at 0x1547cfa422d0>,47,16,[ 2 10],65,131,147,66,118
1,<environment.Job instance at 0x15479eb3e910>,52,3,[5 2],72,118,121,46,118
1,<environment.Job instance at 0x1547d18c7b90>,53,13,[2 8],73,147,160,74,131
1,<environment.Job instance at 0x1547cd8f2a00>,61,21,[ 2 10],84,197,218,113,197
1,<environment.Job instance at 0x1547cd7f9820>,10,1,[6 2],16,242,243,226,242
1,<environment.Job instance at 0x1547c81057d0>,3,17,[9 1],6,6,23,0,6
1,<environment.Job instance at 0x15479e5f2eb0>,9,13,[6 1],14,23,36,9,14
1,<environment.Job instance at 0x15479e5f45a0>,14,13,[2 6],19,23,36,4,19
1,<environment.Job instance at 0x1547c8072a00>,2,23,[2 6],4,4,27,0,4
1,<environment.Job instance at 0x15479e654c30>,3,23,[9 1],6,27,50,21,21
1,<environment.Job instance at 0x1547ccb57460>,12,3,[1 6],17,27,30,10,21
1,<environment.Job instance at 0x1547ce743fa0>,0,15,[6 1],2,2,17,0,2
1,<environment.Job instance at 0x1547ccb67410>,2,17,[10  1],6,17,34,11,6
1,<environment.Job instance at 0x15479e662730>,0,27,[6 1],1,1,28,0,1
1,<environment.Job instance at 0x15479e662140>,3,16,[5 2],4,28,44,24,17
1,<environment.Job instance at 0x15479e4030a0>,3,3,[2 6],5,5,8,0,5
1,<environment.Job instance at 0x1547c810ef00>,6,26,[2 5],9,11,37,2,11
1,<environment.Job instance at 0x1547c810e230>,8,17,[1 5],12,12,29,0,12
1,<environment.Job instance at 0x1547ce4660a0>,10,1,[1 8],15,37,38,22,15
1,<environment.Job instance at 0x1547ce7adcd0>,13,1,[1 5],21,29,30,8,21
1,<environment.Job instance at 0x1547d5501870>,16,18,[1 7],26,38,56,12,28
1,<environment.Job instance at 0x15479ea084b0>,21,15,[ 2 10],34,56,71,22,52
1,<environment.Job instance at 0x15479e994280>,57,15,[6 1],83,83,98,0,83
1,<environment.Job instance at 0x1547cc0693c0>,61,17,[10  1],88,98,115,10,88
1,<environment.Job instance at 0x1547cdb28640>,22,1,[1 9],35,95,96,60,95
1,<environment.Job instance at 0x1547cc0690f0>,62,26,[5 2],89,115,141,26,112
1,<environment.Job instance at 0x15479e5965a0>,0,14,[5 2],4,7,21,3,7
1,<environment.Job instance at 0x1547cfa58b90>,5,21,[10  2],12,21,42,9,13
1,<environment.Job instance at 0x15479e3c6230>,8,14,[2 5],17,42,56,25,27
1,<environment.Job instance at 0x15479e3c6500>,14,13,[2 9],27,56,69,29,40
1,<environment.Job instance at 0x15479e3c6dc0>,15,12,[5 2],29,42,54,13,40
1,<environment.Job instance at 0x15479e3c62d0>,17,20,[9 1],31,69,89,38,60
1,<environment.Job instance at 0x15479e3cf5a0>,2,16,[ 2 10],3,3,19,0,3
1,<environment.Job instance at 0x15479ea4d2d0>,6,17,[9 2],9,19,36,10,9
1,<environment.Job instance at 0x15479ea4d820>,13,13,[1 9],20,36,49,16,20
1,<environment.Job instance at 0x1547c838c7d0>,22,13,[1 9],31,49,62,18,33
1,<environment.Job instance at 0x1547c838c230>,24,15,[9 1],34,36,51,2,34
1,<environment.Job instance at 0x1547cc05eaa0>,29,19,[5 2],41,62,81,21,56
1,<environment.Job instance at 0x15479ea3d6e0>,40,16,[1 5],53,62,78,9,60
1,<environment.Job instance at 0x1547c827a280>,0,16,[5 1],1,1,17,0,1
1,<environment.Job instance at 0x15479e9a9230>,2,13,[1 5],4,4,17,0,4
1,<environment.Job instance at 0x1547c827ad70>,3,15,[5 1],6,17,32,11,7
1,<environment.Job instance at 0x15479e789c30>,6,18,[8 2],9,32,50,23,21
1,<environment.Job instance at 0x1547cd7c8cd0>,14,18,[1 6],18,21,39,3,21
1,<environment.Job instance at 0x1547cc0dfbe0>,5,13,[2 5],7,7,20,0,7
1,<environment.Job instance at 0x1547cc0df3c0>,7,16,[6 1],10,10,26,0,10
1,<environment.Job instance at 0x15479e7f1dc0>,11,3,[1 5],17,20,23,3,17
1,<environment.Job instance at 0x15479e7f1190>,16,3,[1 7],23,23,26,0,23
1,<environment.Job instance at 0x1547ce7c8550>,18,17,[1 5],26,26,43,0,26
1,<environment.Job instance at 0x1547cd8f8190>,26,3,[2 5],34,34,37,0,34
1,<environment.Job instance at 0x1547cd8f8370>,27,18,[10  1],35,43,61,8,35
1,<environment.Job instance at 0x1547ce46fd20>,37,14,[9 2],49,61,75,12,49
1,<environment.Job instance at 0x1547c8060140>,49,18,[5 2],63,75,93,12,69
1,<environment.Job instance at 0x1547c8060e10>,59,12,[7 2],77,93,105,16,77
1,<environment.Job instance at 0x15479ea70d20>,61,17,[6 2],81,105,122,24,98
1,<environment.Job instance at 0x15479ea703c0>,74,22,[5 1],96,123,145,27,123
1,<environment.Job instance at 0x1547c80601e0>,50,2,[1 8],65,238,240,173,238
1,<environment.Job instance at 0x1547cd929460>,0,16,[8 2],1,1,17,0,1
1,<environment.Job instance at 0x1547d2bfffa0>,3,13,[8 1],5,17,30,12,7
1,<environment.Job instance at 0x1547cd8d5af0>,14,17,[ 2 10],18,30,47,12,20
1,<environment.Job instance at 0x14ea59064640>,0,12,[2 5],1,1,13,0,1
1,<environment.Job instance at 0x14ea514ee050>,6,18,[8 1],7,7,25,0,7
1,<environment.Job instance at 0x14ea514aff00>,10,13,[2 8],12,13,26,1,12
1,<environment.Job instance at 0x14ea4fd21280>,17,17,[6 1],23,25,42,2,23
1,<environment.Job instance at 0x14ea514cfbe0>,24,12,[ 1 10],32,42,54,10,32
1,<environment.Job instance at 0x14ea51441a50>,29,16,[10  2],39,54,70,15,41
1,<environment.Job instance at 0x14ea51ea2fa0>,1,14,[7 1],2,2,16,0,2
1,<environment.Job instance at 0x14ea51ea2b40>,3,12,[2 8],5,5,17,0,5
1,<environment.Job instance at 0x14ea4fcfb280>,9,1,[1 5],13,17,18,4,13
1,<environment.Job instance at 0x14ea4fcfb320>,13,15,[7 1],19,19,34,0,19
1,<environment.Job instance at 0x14ea4fcfbb40>,17,12,[9 2],24,34,46,10,24
1,<environment.Job instance at 0x14ea4fcfbc80>,18,15,[10  2],25,46,61,21,32
1,<environment.Job instance at 0x14ea1ab0e910>,0,17,[1 6],1,2,19,1,2
1,<environment.Job instance at 0x14ea1ab0edc0>,3,16,[9 1],6,6,22,0,6
1,<environment.Job instance at 0x14ea1ab0e280>,4,15,[9 2],10,22,37,12,10
1,<environment.Job instance at 0x14ea4c0920a0>,17,18,[7 2],29,37,55,8,30
1,<environment.Job instance at 0x14ea4c092910>,19,18,[10  1],36,55,73,19,47
1,<environment.Job instance at 0x14ea1a8c2190>,0,12,[7 1],1,1,13,0,1
1,<environment.Job instance at 0x14ea1a8c2f00>,1,20,[8 2],2,13,33,11,4
1,<environment.Job instance at 0x14ea1a6aa730>,8,16,[7 2],14,33,49,19,28
1,<environment.Job instance at 0x14ea1a66acd0>,0,13,[ 2 10],2,2,15,0,2
1,<environment.Job instance at 0x14ea1a555320>,6,3,[1 5],10,15,18,5,10
1,<environment.Job instance at 0x14ea1a555af0>,8,3,[2 8],12,18,21,6,12
1,<environment.Job instance at 0x14ea1a555b90>,10,16,[2 6],16,21,37,5,16
1,<environment.Job instance at 0x14ea1a551460>,13,14,[9 1],20,37,51,17,22
1,<environment.Job instance at 0x14ea1a551e60>,20,15,[10  1],29,51,66,22,37
1,<environment.Job instance at 0x14ea514af690>,36,16,[2 8],49,66,82,17,53
1,<environment.Job instance at 0x14ea5651dc30>,46,27,[ 2 10],63,82,109,19,82
1,<environment.Job instance at 0x14ea1a5010a0>,61,3,[1 7],83,109,112,26,83
1,<environment.Job instance at 0x14ea1a551b40>,22,1,[8 2],31,1418,1419,1387,1418
1,<environment.Job instance at 0x14ea4f7e4aa0>,3,16,[10  2],4,4,20,0,4
1,<environment.Job instance at 0x14ea4f7e4500>,4,16,[ 2 10],5,20,36,15,7
1,<environment.Job instance at 0x14ea4f7e4820>,6,15,[2 6],9,36,51,27,29
1,<environment.Job instance at 0x14ea56520a00>,24,23,[1 6],31,63,86,32,63
1,<environment.Job instance at 0x14ea56520f00>,32,2,[5 1],47,63,65,16,63
1,<environment.Job instance at 0x14ea565200f0>,33,14,[2 5],48,86,100,38,71
1,<environment.Job instance at 0x14ea56520a50>,35,12,[1 5],51,86,98,35,71
1,<environment.Job instance at 0x14ea56520550>,36,13,[7 2],52,71,84,19,71
1,<environment.Job instance at 0x14ea50546050>,45,26,[2 8],68,100,126,32,97
1,<environment.Job instance at 0x14ea56f6df00>,57,2,[6 2],91,98,100,7,97
1,<environment.Job instance at 0x14ea1a7e31e0>,59,14,[2 8],93,126,140,33,113
1,<environment.Job instance at 0x14ea4fa20640>,63,17,[2 8],97,140,157,43,135
1,<environment.Job instance at 0x14ea56502550>,0,15,[2 8],2,2,17,0,2
1,<environment.Job instance at 0x14ea1a7e0be0>,2,13,[10  1],5,17,30,12,5
1,<environment.Job instance at 0x14ea1a7e0550>,6,15,[2 7],10,30,45,20,16
1,<environment.Job instance at 0x14ea1a518050>,14,12,[7 1],26,69,81,43,69
1,<environment.Job instance at 0x14ea56fbd780>,40,14,[1 5],61,69,83,8,69
1,<environment.Job instance at 0x14ea1a403500>,44,25,[8 1],69,81,106,12,77
1,<environment.Job instance at 0x14ea5131d0a0>,45,16,[8 1],70,106,122,36,93
1,<environment.Job instance at 0x14ea1aa38fa0>,54,12,[2 9],82,93,105,11,93
1,<environment.Job instance at 0x14ea1aa38190>,56,13,[1 9],84,105,118,21,93
1,<environment.Job instance at 0x14ea1a7ae640>,58,12,[1 7],87,118,130,31,101
1,<environment.Job instance at 0x14ea1a7ae5f0>,60,19,[2 5],90,159,178,69,159
1,<environment.Job instance at 0x14ea552dd0a0>,16,3,[9 2],28,240,243,212,240
1,<environment.Job instance at 0x14ea1a9b97d0>,1,13,[2 8],3,3,16,0,3
1,<environment.Job instance at 0x14ea56f262d0>,6,17,[10  1],10,16,33,6,10
1,<environment.Job instance at 0x14ea5136caf0>,18,14,[2 6],25,33,47,8,25
1,<environment.Job instance at 0x14ea1a51f230>,20,17,[2 5],27,47,64,20,45
1,<environment.Job instance at 0x14ea56ed2370>,41,17,[2 7],55,75,92,20,75
1,<environment.Job instance at 0x14ea1a573460>,49,13,[2 9],63,92,105,29,76
1,<environment.Job instance at 0x14ea565fb370>,53,13,[10  1],69,105,118,36,89
1,<environment.Job instance at 0x14ea1a3770f0>,1,16,[1 8],2,2,18,0,2
1,<environment.Job instance at 0x14ea1a377140>,4,16,[7 1],5,5,21,0,5
1,<environment.Job instance at 0x14ea51e91500>,10,23,[2 6],14,18,41,4,14
1,<environment.Job instance at 0x14ea51299b40>,11,23,[9 1],16,41,64,25,35
1,<environment.Job instance at 0x14ea513f5910>,22,20,[8 1],30,64,84,34,55
1,<environment.Job instance at 0x14ea5653c4b0>,36,15,[ 2 10],62,84,99,22,70
1,<environment.Job instance at 0x14ea552a8910>,43,16,[2 9],70,125,141,55,125
1,<environment.Job instance at 0x14ea51299cd0>,14,1,[8 2],19,160,161,141,160
1,<environment.Job instance at 0x14ea552a8b90>,45,21,[5 1],72,163,184,91,163
1,<environment.Job instance at 0x14ea4c1e0640>,0,15,[6 1],2,2,17,0,2
1,<environment.Job instance at 0x14ea56533780>,2,17,[10  1],6,17,34,11,6
1,<environment.Job instance at 0x14ea521bceb0>,1,16,[5 2],3,3,19,0,3
1,<environment.Job instance at 0x14ea5147a820>,3,18,[1 7],6,8,26,2,8
1,<environment.Job instance at 0x14ea1a2e6640>,8,15,[ 2 10],14,31,46,17,31
1,<environment.Job instance at 0x14ea565a9780>,33,13,[10  1],48,62,75,14,62
1,<environment.Job instance at 0x14ea1a871280>,44,15,[6 1],63,75,90,12,70
1,<environment.Job instance at 0x14ea1a871820>,49,26,[5 2],69,90,116,21,87
1,<environment.Job instance at 0x14ea1a843320>,64,21,[10  2],92,116,137,24,108
1,<environment.Job instance at 0x14ea5146ba50>,73,13,[2 9],107,137,150,30,121
1,<environment.Job instance at 0x14ea1a2e6be0>,9,1,[1 9],15,177,178,162,177
1,<environment.Job instance at 0x14ea5650c230>,0,20,[9 1],1,1,21,0,1
1,<environment.Job instance at 0x14ea4c0ed9b0>,9,18,[8 1],18,21,39,3,18
1,<environment.Job instance at 0x14ea1a1f01e0>,14,12,[2 9],27,27,39,0,27
1,<environment.Job instance at 0x14ea52113320>,18,17,[6 2],32,39,56,7,36
1,<environment.Job instance at 0x14ea4c089b90>,28,13,[2 8],43,43,56,0,43
1,<environment.Job instance at 0x14ea51240280>,33,14,[ 2 10],50,56,70,6,50
1,<environment.Job instance at 0x14ea1a1fe0a0>,47,16,[ 2 10],73,87,103,14,87
1,<environment.Job instance at 0x14ea520f4190>,51,17,[9 2],79,103,120,24,101
1,<environment.Job instance at 0x14ea5216b320>,55,15,[7 1],87,120,135,33,116
1,<environment.Job instance at 0x14ea4c081a00>,62,17,[5 2],95,141,158,46,141
1,<environment.Job instance at 0x14ea56543eb0>,0,19,[5 2],1,2,21,1,2
1,<environment.Job instance at 0x14ea1a2e6be0>,6,15,[8 2],7,21,36,14,7
1,<environment.Job instance at 0x14ea1a8f0960>,1,14,[6 1],3,3,17,0,3
1,<environment.Job instance at 0x14ea1ab5a870>,6,14,[1 6],11,11,25,0,11
1,<environment.Job instance at 0x14ea1ab5a190>,7,12,[1 7],14,25,37,11,14
1,<environment.Job instance at 0x14ea1ab5a1e0>,10,17,[5 2],20,20,37,0,20
1,<environment.Job instance at 0x14ea1ab638c0>,20,2,[10  1],35,40,42,5,40
1,<environment.Job instance at 0x14ea1ab63370>,23,2,[2 5],38,42,44,4,42
1,<environment.Job instance at 0x14ea1a7aa410>,1,17,[6 1],2,2,19,0,2
1,<environment.Job instance at 0x14ea5656ddc0>,5,17,[2 7],8,8,25,0,8
1,<environment.Job instance at 0x14ea5656d870>,6,12,[5 1],9,19,31,10,15
1,<environment.Job instance at 0x14ea511a9500>,12,12,[5 2],19,25,37,6,19
1,<environment.Job instance at 0x14ea51d390a0>,18,15,[8 1],26,37,52,11,26
1,<environment.Job instance at 0x14ea51d39d20>,23,2,[2 5],31,31,33,0,31
1,<environment.Job instance at 0x14ea51d39dc0>,24,15,[7 2],32,52,67,20,38
1,<environment.Job instance at 0x14ea56561b40>,34,17,[7 2],46,67,84,21,55
1,<environment.Job instance at 0x14ea511ab960>,41,3,[1 5],57,57,60,0,57
1,<environment.Job instance at 0x14ea511ab050>,43,3,[8 1],60,84,87,24,60
1,<environment.Job instance at 0x14ea1aa741e0>,46,3,[1 7],63,63,66,0,63
1,<environment.Job instance at 0x14ea1a8ec3c0>,47,2,[5 1],64,87,89,23,64
1,<environment.Job instance at 0x14ea1a8ec230>,48,17,[1 5],66,66,83,0,66
1,<environment.Job instance at 0x14ea56e915f0>,50,1,[1 5],68,83,84,15,68
1,<environment.Job instance at 0x14ea56e918c0>,51,1,[8 2],69,89,90,20,69
1,<environment.Job instance at 0x14ea56e91190>,52,2,[7 1],70,90,92,20,70
1,<environment.Job instance at 0x14ea56e91370>,53,1,[10  1],71,92,93,21,71
1,<environment.Job instance at 0x14ea56e91cd0>,54,2,[ 1 10],72,93,95,21,72
1,<environment.Job instance at 0x14ea56e912d0>,55,2,[1 8],73,84,86,11,73
1,<environment.Job instance at 0x14ea56f16140>,56,3,[2 5],74,86,89,12,74
1,<environment.Job instance at 0x14ea1a38e050>,57,18,[10  1],75,95,113,20,84
1,<environment.Job instance at 0x14ea56561c80>,36,2,[6 1],49,542,544,493,542
1,<environment.Job instance at 0x14ea59033280>,4,12,[7 2],7,7,19,0,7
1,<environment.Job instance at 0x14ea56635e60>,6,17,[6 2],11,19,36,8,11
1,<environment.Job instance at 0x14ea5661a4b0>,11,18,[10  1],16,36,54,20,25
1,<environment.Job instance at 0x14ea56611fa0>,35,17,[ 2 10],48,54,71,6,48
1,<environment.Job instance at 0x14ea5661d370>,37,18,[2 5],50,71,89,21,63
1,<environment.Job instance at 0x14ea5663b410>,48,17,[6 2],64,71,88,7,64
1,<environment.Job instance at 0x14ea56634d20>,50,15,[10  2],66,89,104,23,75
1,<environment.Job instance at 0x14ea566342d0>,57,14,[2 5],76,104,118,28,89
1,<environment.Job instance at 0x14ea521715a0>,69,17,[2 9],93,118,135,25,106
1,<environment.Job instance at 0x14ea1a3af5f0>,0,3,[2 5],1,1,4,0,1
1,<environment.Job instance at 0x14ea51ea68c0>,1,16,[7 2],2,2,18,0,2
1,<environment.Job instance at 0x14ea1a3af190>,10,13,[1 8],18,18,31,0,18
1,<environment.Job instance at 0x14ea1a3afaa0>,12,26,[5 2],22,24,50,2,24
1,<environment.Job instance at 0x14ea1a3af550>,14,12,[2 8],25,31,43,6,25
1,<environment.Job instance at 0x14ea1a3a6820>,15,14,[10  2],26,50,64,24,36
1,<environment.Job instance at 0x14ea1a79a280>,35,3,[2 5],58,64,67,6,58
1,<environment.Job instance at 0x14ea1a79ae10>,36,2,[5 1],59,64,66,5,64
1,<environment.Job instance at 0x14ea1a716460>,41,3,[2 9],67,67,70,0,67
1,<environment.Job instance at 0x14ea1a716d70>,43,18,[7 2],70,71,89,1,71
1,<environment.Job instance at 0x14ea9ff99230>,2,3,[1 9],4,4,7,0,4
1,<environment.Job instance at 0x14ea1aa8af00>,3,17,[ 1 10],5,7,24,2,7
1,<environment.Job instance at 0x14ea1aab02d0>,6,13,[7 2],11,24,37,13,11
1,<environment.Job instance at 0x14ea1aab09b0>,12,14,[6 2],20,37,51,17,27
1,<environment.Job instance at 0x14ea1aa95910>,25,15,[7 1],37,54,69,17,54
1,<environment.Job instance at 0x14ea1aab08c0>,15,3,[1 5],23,56,59,33,56
1,<environment.Job instance at 0x14ea1aa95eb0>,31,17,[6 2],55,69,86,14,59
1,<environment.Job instance at 0x14ea1aa9d690>,36,17,[1 9],61,86,103,25,75
1,<environment.Job instance at 0x14ea1aa9dc80>,45,18,[2 8],78,103,121,25,92
1,<environment.Job instance at 0x14ea1aa9a550>,60,18,[8 2],102,116,134,14,116
1,<environment.Job instance at 0x14ea1aa9d2d0>,33,3,[8 2],58,179,182,121,179
1,<environment.Job instance at 0x145da1ee0640>,0,12,[2 5],1,1,13,0,1
1,<environment.Job instance at 0x145d9a32bd70>,6,18,[8 1],7,7,25,0,7
1,<environment.Job instance at 0x145d9a32ba50>,8,13,[6 1],9,25,38,16,9
1,<environment.Job instance at 0x145d9a32baf0>,10,13,[2 8],12,13,26,1,12
1,<environment.Job instance at 0x145d9889cf50>,17,17,[6 1],23,38,55,15,26
1,<environment.Job instance at 0x145d9a2bb690>,29,16,[10  2],39,55,71,16,42
1,<environment.Job instance at 0x145d9893b3c0>,40,3,[1 6],53,71,74,18,53
1,<environment.Job instance at 0x145d988c85f0>,2,1,[1 5],3,3,4,0,3
1,<environment.Job instance at 0x145d988c8640>,5,1,[2 5],8,8,9,0,8
1,<environment.Job instance at 0x145d988c8c30>,6,15,[7 1],9,9,24,0,9
1,<environment.Job instance at 0x145d9a2bb910>,10,12,[9 2],14,24,36,10,14
1,<environment.Job instance at 0x145d9a2bb960>,11,15,[10  2],15,36,51,21,22
1,<environment.Job instance at 0x145d988bffa0>,28,15,[9 2],37,51,66,14,37
1,<environment.Job instance at 0x145d98b75140>,1,3,[2 8],5,5,8,0,5
1,<environment.Job instance at 0x145d5b0b80f0>,4,18,[7 2],9,9,27,0,9
1,<environment.Job instance at 0x145d9fdb0190>,6,18,[10  1],16,27,45,11,16
1,<environment.Job instance at 0x145d9fdb05f0>,9,14,[2 8],19,45,59,26,31
1,<environment.Job instance at 0x145d9fdb0500>,16,16,[1 7],29,128,144,99,128
1,<environment.Job instance at 0x145d5b6fa730>,1,3,[2 7],3,3,6,0,3
1,<environment.Job instance at 0x145d5b68ba50>,7,3,[1 8],14,31,34,17,31
1,<environment.Job instance at 0x145d5b68b780>,15,1,[6 2],25,71,72,46,71
1,<environment.Job instance at 0x145d5b0f3c30>,18,2,[ 1 10],29,2269,2271,2240,2269
1,<environment.Job instance at 0x145d5b002f50>,0,2,[1 7],1,1,3,0,1
1,<environment.Job instance at 0x145d5afbc780>,2,18,[8 2],3,3,21,0,3
1,<environment.Job instance at 0x145d5affc320>,4,16,[1 5],5,5,21,0,5
1,<environment.Job instance at 0x145d5affcb40>,6,17,[2 9],7,21,38,14,9
1,<environment.Job instance at 0x145d5affc690>,11,3,[2 8],12,38,41,26,12
1,<environment.Job instance at 0x145d9fe01550>,13,3,[5 2],16,38,41,22,16
1,<environment.Job instance at 0x145d9fe01690>,14,1,[6 2],18,41,42,23,18
1,<environment.Job instance at 0x145d9fe017d0>,15,2,[2 8],19,41,43,22,19
1,<environment.Job instance at 0x145d9fe01c80>,16,1,[6 2],21,42,43,21,21
1,<environment.Job instance at 0x145d9fe01b90>,18,27,[ 2 10],23,43,70,20,42
1,<environment.Job instance at 0x145d5b43f7d0>,33,3,[1 7],43,70,73,27,44
1,<environment.Job instance at 0x145d9fd71be0>,34,19,[2 9],46,196,215,150,196
1,<environment.Job instance at 0x145d5af84a00>,64,13,[5 1],81,196,209,115,196
1,<environment.Job instance at 0x145d5b7cc500>,68,14,[2 8],85,215,229,130,200
1,<environment.Job instance at 0x145d5b78c500>,71,13,[10  1],88,229,242,141,213
1,<environment.Job instance at 0x145d5b445d20>,0,12,[1 5],1,1,13,0,1
1,<environment.Job instance at 0x145d5b4458c0>,1,13,[7 2],2,2,15,0,2
1,<environment.Job instance at 0x145d9889ceb0>,4,18,[1 5],7,13,31,6,8
1,<environment.Job instance at 0x145d9889c7d0>,5,16,[1 5],11,15,31,4,11
1,<environment.Job instance at 0x145d9889ccd0>,10,26,[2 8],18,31,57,13,29
1,<environment.Job instance at 0x145d9886bc80>,16,16,[2 7],31,57,73,26,50
1,<environment.Job instance at 0x145da1387500>,33,17,[1 9],54,73,90,19,61
1,<environment.Job instance at 0x145d5b087f50>,45,3,[6 2],77,90,93,13,77
1,<environment.Job instance at 0x145d98963320>,50,12,[7 1],86,93,105,7,86
1,<environment.Job instance at 0x145d9acdb230>,0,14,[1 5],1,1,15,0,1
1,<environment.Job instance at 0x145d9acdb910>,1,12,[2 6],3,15,27,12,3
1,<environment.Job instance at 0x145d9acdb780>,3,17,[2 8],6,27,44,21,15
1,<environment.Job instance at 0x145d9fd6c2d0>,9,14,[9 2],16,44,58,28,29
1,<environment.Job instance at 0x145d9fd6c5a0>,18,12,[1 7],27,44,56,17,34
1,<environment.Job instance at 0x145d9fd6c320>,20,19,[2 5],30,61,80,31,61
1,<environment.Job instance at 0x145da1384dc0>,33,16,[ 2 10],45,80,96,35,73
1,<environment.Job instance at 0x145da13a1d20>,58,17,[2 5],77,111,128,34,111
1,<environment.Job instance at 0x145d9f4412d0>,60,15,[9 2],80,128,143,48,114
1,<environment.Job instance at 0x145d5b06ef00>,64,17,[9 1],86,143,160,57,131
1,<environment.Job instance at 0x145d5b0545f0>,0,14,[2 9],1,1,15,0,1
1,<environment.Job instance at 0x145d9f43beb0>,7,17,[1 8],8,15,32,7,8
1,<environment.Job instance at 0x145d9a02ab40>,10,3,[2 8],11,32,35,21,11
1,<environment.Job instance at 0x145d9a02a370>,11,2,[2 5],12,35,37,23,12
1,<environment.Job instance at 0x145d5afb8230>,12,13,[7 2],14,15,28,1,14
1,<environment.Job instance at 0x145d5b09faa0>,15,3,[10  2],17,37,40,20,17
1,<environment.Job instance at 0x145d9a0507d0>,16,3,[2 5],19,40,43,21,19
1,<environment.Job instance at 0x145d5b0eb8c0>,17,17,[1 7],20,43,60,23,31
1,<environment.Job instance at 0x145d98b7b140>,26,16,[6 2],31,40,56,9,31
1,<environment.Job instance at 0x145d5b079370>,29,19,[1 5],36,60,79,24,57
1,<environment.Job instance at 0x145d9a0cfe10>,43,14,[5 2],59,60,74,1,60
1,<environment.Job instance at 0x145d9afa9cd0>,0,17,[1 6],1,2,19,1,2
1,<environment.Job instance at 0x145d9afa9230>,2,13,[2 9],6,19,32,13,6
1,<environment.Job instance at 0x145d5ae7b0f0>,8,15,[10  1],13,32,47,19,18
1,<environment.Job instance at 0x145d5adfde10>,32,26,[1 6],41,47,73,6,44
1,<environment.Job instance at 0x145d5adfdeb0>,34,23,[2 6],44,73,96,29,68
1,<environment.Job instance at 0x145d5ae06c80>,0,2,[6 2],1,1,3,0,1
1,<environment.Job instance at 0x145d9f42e820>,3,15,[1 9],6,6,21,0,6
1,<environment.Job instance at 0x145da133fa50>,13,15,[6 1],22,22,37,0,22
1,<environment.Job instance at 0x145d5b347140>,15,17,[10  1],26,37,54,11,26
1,<environment.Job instance at 0x145d9abfb190>,23,1,[1 7],38,118,119,80,118
1,<environment.Job instance at 0x145d9a1ff690>,0,27,[6 1],1,1,28,0,1
1,<environment.Job instance at 0x145d9a1ffbe0>,1,21,[9 2],2,28,49,26,20
1,<environment.Job instance at 0x145d5b61daf0>,9,16,[5 2],13,49,65,36,36
1,<environment.Job instance at 0x145d9fddc5a0>,19,16,[2 7],27,49,65,22,36
1,<environment.Job instance at 0x145d9fd09aa0>,25,17,[5 2],34,228,245,194,228
1,<environment.Job instance at 0x145d9b052d20>,34,14,[1 9],46,267,281,221,267
1,<environment.Job instance at 0x145d9f3b8c80>,63,12,[ 1 10],83,288,300,205,288
1,<environment.Job instance at 0x145d5b76f820>,68,3,[2 7],90,310,313,220,310
1,<environment.Job instance at 0x145d5b740e10>,80,3,[1 9],111,313,316,202,310
1,<environment.Job instance at 0x145d5b740dc0>,81,17,[1 5],112,316,333,204,313
1,<environment.Job instance at 0x145d5b740640>,83,1,[1 8],115,341,342,226,341
1,<environment.Job instance at 0x145d5b436fa0>,6,3,[7 2],8,681,684,673,681
1,<environment.Job instance at 0x145d5b162b40>,3,18,[1 7],6,8,26,2,8
1,<environment.Job instance at 0x145d9404d280>,8,15,[ 2 10],14,31,46,17,31
1,<environment.Job instance at 0x145d94054b90>,57,16,[2 6],78,95,111,17,95
1,<environment.Job instance at 0x145d940544b0>,59,14,[5 2],84,104,118,20,104
1,<environment.Job instance at 0x145d9a08a230>,67,14,[2 5],97,111,125,14,104
1,<environment.Job instance at 0x145d9a063fa0>,68,13,[1 5],101,118,131,17,114
1,<environment.Job instance at 0x145d5af130a0>,74,12,[5 2],109,174,186,65,174
1,<environment.Job instance at 0x145d9404d410>,1,18,[8 1],8,8,26,0,8
1,<environment.Job instance at 0x145d988d45a0>,6,12,[2 9],17,17,29,0,17
1,<environment.Job instance at 0x145d5af4df00>,10,17,[6 2],22,29,46,7,22
1,<environment.Job instance at 0x145d5af4da00>,12,2,[2 5],25,29,31,4,25
1,<environment.Job instance at 0x145d5af4db40>,14,3,[1 7],27,31,34,4,27
1,<environment.Job instance at 0x145d5b7e5eb0>,16,20,[7 2],29,46,66,17,38
1,<environment.Job instance at 0x145d9abef690>,0,3,[1 9],1,1,4,0,1
1,<environment.Job instance at 0x145d5af52460>,1,15,[9 1],2,2,17,0,2
1,<environment.Job instance at 0x145d993fbb90>,2,12,[6 1],3,17,29,14,4
1,<environment.Job instance at 0x145d9b05d1e0>,7,14,[ 2 10],8,29,43,21,14
1,<environment.Job instance at 0x145d5b638a50>,15,17,[1 8],22,43,60,21,31
1,<environment.Job instance at 0x145d9afba8c0>,25,16,[7 2],34,43,59,9,34
1,<environment.Job instance at 0x145d9b05d910>,10,3,[ 2 10],12,60,63,48,37
1,<environment.Job instance at 0x145d9fd82410>,29,13,[1 7],40,63,76,23,49
1,<environment.Job instance at 0x145d5b340b40>,0,3,[1 7],3,3,6,0,3
1,<environment.Job instance at 0x145d989103c0>,1,1,[8 2],4,4,5,0,4
1,<environment.Job instance at 0x145d5b17f780>,4,16,[10  2],7,7,23,0,7
1,<environment.Job instance at 0x145d5b17fe60>,11,16,[5 2],16,23,39,7,18
1,<environment.Job instance at 0x145d5b1ab8c0>,4,17,[7 2],6,6,23,0,6
1,<environment.Job instance at 0x145d5b39a460>,5,13,[2 5],7,7,20,0,7
1,<environment.Job instance at 0x145d5b39af00>,7,16,[6 1],10,23,39,13,10
1,<environment.Job instance at 0x145d5b3a45a0>,18,17,[1 5],26,27,44,1,27
1,<environment.Job instance at 0x145d5b3a4320>,27,18,[10  1],35,44,62,9,35
1,<environment.Job instance at 0x145d9fdb04b0>,37,14,[9 2],49,62,76,13,49
1,<environment.Job instance at 0x145d9a1f0a00>,47,14,[ 2 10],61,76,90,15,61
1,<environment.Job instance at 0x145d5b3b4a00>,49,18,[5 2],63,90,108,27,79
1,<environment.Job instance at 0x145d9a0f3820>,61,17,[6 2],81,108,125,27,99
1,<environment.Job instance at 0x145da02ae1e0>,76,16,[8 2],101,125,141,24,116
1,<environment.Job instance at 0x145d5b194e10>,90,17,[ 2 10],118,141,158,23,129
1,<environment.Job instance at 0x145d5b3b4460>,52,3,[2 6],68,419,422,351,419
1,<environment.Job instance at 0x145d9ad2ceb0>,0,3,[2 7],1,1,4,0,1
1,<environment.Job instance at 0x145d9ad6a0f0>,6,1,[6 1],7,880,881,873,880
1,<environment.Job instance at 0x145d5aefa230>,0,18,[2 9],1,2,20,1,2
1,<environment.Job instance at 0x145d9f4655a0>,1,13,[2 8],3,20,33,17,6
1,<environment.Job instance at 0x145d98b8fe10>,5,3,[6 1],9,9,12,0,9
1,<environment.Job instance at 0x145d5b0aa9b0>,6,18,[7 2],10,20,38,10,10
1,<environment.Job instance at 0x145d5b0aadc0>,7,15,[2 7],11,33,48,22,33
1,<environment.Job instance at 0x145d5b0ba140>,13,13,[6 1],18,191,204,173,191
1,<environment.Job instance at 0x145d5b0ba5f0>,20,14,[2 8],28,209,223,181,209
1,<environment.Job instance at 0x145d5b0ae050>,37,13,[ 1 10],57,223,236,166,220
1,<environment.Job instance at 0x145d5b0ae410>,39,13,[7 2],61,236,249,175,228
1,<environment.Job instance at 0x145d988bd7d0>,1,17,[6 1],3,3,20,0,3
1,<environment.Job instance at 0x145d5b670a50>,4,18,[2 8],8,12,30,4,12
1,<environment.Job instance at 0x145d5b677870>,12,2,[2 5],24,30,32,6,24
1,<environment.Job instance at 0x145d5b677460>,13,16,[5 2],25,25,41,0,25
1,<environment.Job instance at 0x145d5b677550>,17,3,[2 9],30,41,44,11,32
1,<environment.Job instance at 0x145d5b6770a0>,20,2,[5 1],33,34,36,1,34
1,<environment.Job instance at 0x145da1332a00>,22,1,[6 1],35,86,87,51,86
1,<environment.Job instance at 0x145d5b677370>,1,16,[ 1 10],3,3,19,0,3
1,<environment.Job instance at 0x145d98910d20>,2,20,[10  2],4,19,39,15,10
1,<environment.Job instance at 0x145d5ae9caf0>,8,3,[10  2],13,39,42,26,13
1,<environment.Job instance at 0x145d5ae9c820>,10,15,[7 2],16,42,57,26,34
1,<environment.Job instance at 0x145d5aeb4e60>,24,14,[ 1 10],38,57,71,19,47
1,<environment.Job instance at 0x145d5aeb1280>,29,16,[6 2],45,71,87,26,67
1,<environment.Job instance at 0x145d5aeb1d20>,40,12,[5 2],64,87,99,23,70
1,<environment.Job instance at 0x145d5ae99190>,41,16,[2 6],65,71,87,6,70
1,<environment.Job instance at 0x145d5ae99f00>,51,13,[1 5],87,87,100,0,87
1,<environment.Job instance at 0x145d9fe26870>,56,18,[1 8],93,100,118,7,94
1,<environment.Job instance at 0x145d9fe26960>,57,17,[10  2],95,118,135,23,106
1,<environment.Job instance at 0x145d9fe26dc0>,64,17,[2 7],108,135,152,27,124
1,<environment.Job instance at 0x145d5ae9c780>,6,3,[ 2 10],10,172,175,162,172
1,<environment.Job instance at 0x14f817f8bc30>,0,12,[2 5],1,1,13,0,1
1,<environment.Job instance at 0x14f8103d0af0>,6,18,[8 1],7,7,25,0,7
1,<environment.Job instance at 0x14f8103d0460>,8,13,[6 1],9,25,38,16,9
1,<environment.Job instance at 0x14f8103d0a50>,10,13,[2 8],12,13,26,1,12
1,<environment.Job instance at 0x14f817f318c0>,17,17,[6 1],23,38,55,15,26
1,<environment.Job instance at 0x14f810320cd0>,29,16,[10  2],39,55,71,16,42
1,<environment.Job instance at 0x14f8103f9780>,23,2,[8 1],31,71,73,40,53
1,<environment.Job instance at 0x14f8103ee320>,35,2,[1 8],45,71,73,26,61
1,<environment.Job instance at 0x14f80e7020a0>,1,3,[2 8],2,2,5,0,2
1,<environment.Job instance at 0x14f80e7025f0>,2,12,[9 2],4,5,17,1,4
1,<environment.Job instance at 0x14f80e7020f0>,3,15,[10  2],5,17,32,12,5
1,<environment.Job instance at 0x14f80e49b320>,20,15,[9 2],27,32,47,5,27
1,<environment.Job instance at 0x14f80e49bf00>,21,18,[2 6],28,47,65,19,36
1,<environment.Job instance at 0x14f810364af0>,1,1,[7 2],3,3,4,0,3
1,<environment.Job instance at 0x14f7f55fc690>,2,2,[5 2],4,4,6,0,4
1,<environment.Job instance at 0x14f7f5652460>,5,15,[2 8],8,8,23,0,8
1,<environment.Job instance at 0x14f7f5652a50>,6,16,[1 7],9,23,39,14,10
1,<environment.Job instance at 0x14f7f56528c0>,10,16,[1 7],14,2079,2095,2065,2079
1,<environment.Job instance at 0x14f7f577c4b0>,2,18,[6 2],6,6,24,0,6
1,<environment.Job instance at 0x14f7f577c5a0>,3,16,[1 5],8,8,24,0,8
1,<environment.Job instance at 0x14f7f577c3c0>,5,14,[1 6],12,24,38,12,12
1,<environment.Job instance at 0x14f80c041780>,13,3,[1 7],23,38,41,15,23
1,<environment.Job instance at 0x14f80c041e10>,17,14,[1 6],29,41,55,12,29
1,<environment.Job instance at 0x14f7f54594b0>,18,14,[1 9],30,55,69,25,40
1,<environment.Job instance at 0x14f7f505eaa0>,0,15,[1 8],2,2,17,0,2
1,<environment.Job instance at 0x14f7f54153c0>,1,2,[5 1],3,3,5,0,3
1,<environment.Job instance at 0x14f7f53ab0a0>,2,17,[1 9],4,4,21,0,4
1,<environment.Job instance at 0x14f81740a960>,5,15,[2 8],12,21,36,9,12
1,<environment.Job instance at 0x14f81740a730>,7,13,[10  1],15,36,49,21,25
1,<environment.Job instance at 0x14f7f51755a0>,19,12,[7 1],36,49,61,13,36
1,<environment.Job instance at 0x14f7f5537af0>,0,25,[9 1],1,1,26,0,1
1,<environment.Job instance at 0x14f811034af0>,4,15,[5 2],6,26,41,20,12
1,<environment.Job instance at 0x14f811034730>,10,16,[1 8],13,13,29,0,13
1,<environment.Job instance at 0x14f811034320>,11,14,[2 6],15,29,43,14,15
1,<environment.Job instance at 0x14f80c1174b0>,15,15,[9 2],20,43,58,23,34
1,<environment.Job instance at 0x14f81543a1e0>,30,13,[2 6],39,58,71,19,42
1,<environment.Job instance at 0x14f7f549bcd0>,33,17,[7 1],44,68,85,24,68
1,<environment.Job instance at 0x14f80f46efa0>,55,17,[1 8],68,103,120,35,103
1,<environment.Job instance at 0x14f7f56ad050>,69,18,[6 1],85,146,164,61,146
1,<environment.Job instance at 0x14f7f535bc30>,77,19,[1 5],96,161,180,65,161
1,<environment.Job instance at 0x14f7f5604d20>,88,15,[10  2],114,180,195,66,166
1,<environment.Job instance at 0x14f81103f870>,91,14,[5 2],119,491,505,372,491
1,<environment.Job instance at 0x14f811034820>,7,15,[6 1],10,613,628,603,613
1,<environment.Job instance at 0x14f811034820>,2,3,[2 5],4,4,7,0,4
1,<environment.Job instance at 0x14f81039bdc0>,3,25,[6 1],5,5,30,0,5
1,<environment.Job instance at 0x14f810d9e230>,33,3,[1 9],52,56,59,4,56
1,<environment.Job instance at 0x14f810dc7cd0>,34,13,[2 9],56,59,72,3,56
1,<environment.Job instance at 0x14f7f518a9b0>,40,15,[10  1],63,72,87,9,63
1,<environment.Job instance at 0x14f7f502ce10>,2,16,[9 1],4,4,20,0,4
1,<environment.Job instance at 0x14f7f4f2b3c0>,4,15,[ 2 10],12,20,35,8,12
1,<environment.Job instance at 0x14f7f4f2bdc0>,14,3,[2 8],23,35,38,12,23
1,<environment.Job instance at 0x14f7f4f2bf00>,15,3,[8 2],25,35,38,10,25
1,<environment.Job instance at 0x14f7f4f2ba50>,16,1,[ 2 10],26,38,39,12,26
1,<environment.Job instance at 0x14f7f4f2b960>,17,2,[1 6],27,39,41,12,27
1,<environment.Job instance at 0x14f7f4ead320>,18,2,[8 1],28,39,41,11,28
1,<environment.Job instance at 0x14f7f4ead460>,19,1,[2 7],30,41,42,11,30
1,<environment.Job instance at 0x14f7f4ead6e0>,21,13,[7 1],32,41,54,9,32
1,<environment.Job instance at 0x14f7f4eaf190>,31,15,[1 9],46,46,61,0,46
1,<environment.Job instance at 0x14f7f4eafa00>,37,1,[5 1],54,54,55,0,54
1,<environment.Job instance at 0x14f7f4eafc80>,39,1,[6 1],56,56,57,0,56
1,<environment.Job instance at 0x14f7f4eafeb0>,41,15,[6 1],62,63,78,1,63
1,<environment.Job instance at 0x14f7f4eaf910>,43,17,[10  1],66,78,95,12,66
1,<environment.Job instance at 0x14f7f4eba500>,0,3,[ 2 10],1,1,4,0,1
1,<environment.Job instance at 0x14f7f4eb36e0>,1,15,[6 1],3,4,19,1,3
1,<environment.Job instance at 0x14f8102bb0a0>,9,14,[ 1 10],14,19,33,5,14
1,<environment.Job instance at 0x14f8102bbaf0>,14,18,[2 9],20,33,51,13,22
1,<environment.Job instance at 0x14f81029fd70>,18,17,[5 1],24,33,50,9,24
1,<environment.Job instance at 0x14f81029f8c0>,22,26,[8 1],28,50,76,22,47
1,<environment.Job instance at 0x14f810256050>,32,17,[ 2 10],39,76,93,37,64
1,<environment.Job instance at 0x14f7f562c870>,42,17,[1 8],55,93,110,38,82
1,<environment.Job instance at 0x14f816f9e780>,53,1,[2 7],68,110,111,42,82
1,<environment.Job instance at 0x14f816f9e820>,55,17,[5 2],70,93,110,23,82
1,<environment.Job instance at 0x14f80e4b3910>,59,14,[1 9],76,111,125,35,96
1,<environment.Job instance at 0x14f80e4b3c80>,61,18,[10  2],78,125,143,47,114
1,<environment.Job instance at 0x14f7f534c140>,71,16,[7 1],91,143,159,52,137
1,<environment.Job instance at 0x14f7f4ef5e10>,86,16,[2 5],111,143,159,32,137
1,<environment.Job instance at 0x14f7f4fc20f0>,92,15,[8 1],119,159,174,40,145
1,<environment.Job instance at 0x14f8110859b0>,3,3,[2 6],5,5,8,0,5
1,<environment.Job instance at 0x14f8110855a0>,6,26,[2 5],9,11,37,2,11
1,<environment.Job instance at 0x14f811085280>,8,17,[1 5],12,12,29,0,12
1,<environment.Job instance at 0x14f7f5416190>,16,18,[1 7],26,37,55,11,27
1,<environment.Job instance at 0x14f80c09e690>,21,15,[ 2 10],34,55,70,21,51
1,<environment.Job instance at 0x14f80c09e500>,22,1,[1 9],35,109,110,74,109
1,<environment.Job instance at 0x14f810369a50>,70,16,[2 6],98,115,131,17,115
1,<environment.Job instance at 0x14f8110227d0>,78,22,[2 9],113,209,231,96,209
1,<environment.Job instance at 0x14f7f549cd20>,0,20,[9 1],1,1,21,0,1
1,<environment.Job instance at 0x14f7f4f8e140>,5,3,[8 1],7,513,516,506,513
1,<environment.Job instance at 0x14f7f4e80fa0>,1,15,[9 1],2,2,17,0,2
1,<environment.Job instance at 0x14f7f4f8e0f0>,2,12,[6 1],3,17,29,14,4
1,<environment.Job instance at 0x14f7f4e8a870>,7,14,[ 2 10],8,29,43,21,14
1,<environment.Job instance at 0x14f810d81690>,15,17,[1 8],22,43,60,21,34
1,<environment.Job instance at 0x14f8102c2be0>,0,3,[2 9],2,2,5,0,2
1,<environment.Job instance at 0x14f810e08410>,3,16,[5 2],6,8,24,2,8
1,<environment.Job instance at 0x14f8101c0c80>,2,3,[1 7],3,3,6,0,3
1,<environment.Job instance at 0x14f7f53acd70>,4,17,[1 5],6,6,23,0,6
1,<environment.Job instance at 0x14f7f53b9af0>,12,3,[2 5],14,14,17,0,14
1,<environment.Job instance at 0x14f7f53b90f0>,13,18,[10  1],15,23,41,8,15
1,<environment.Job instance at 0x14f7f53b91e0>,15,15,[2 7],17,41,56,24,27
1,<environment.Job instance at 0x14f7f53eb140>,23,14,[9 2],29,56,70,27,41
1,<environment.Job instance at 0x14f7f53d65a0>,39,14,[10  1],49,70,84,21,55
1,<environment.Job instance at 0x14f7f53d6f00>,47,17,[6 2],61,84,101,23,72
1,<environment.Job instance at 0x14f7f53d6eb0>,48,13,[ 2 10],62,101,114,39,85
1,<environment.Job instance at 0x14f7f53bc230>,51,1,[8 1],65,114,115,49,86
1,<environment.Job instance at 0x14f7f53bc2d0>,52,18,[10  1],66,115,133,49,104
1,<environment.Job instance at 0x14f7f53c1460>,76,17,[ 2 10],98,133,150,35,122
1,<environment.Job instance at 0x14f8103a90a0>,6,2,[6 2],10,10,12,0,10
1,<environment.Job instance at 0x14f8103a97d0>,8,17,[2 9],13,13,30,0,13
1,<environment.Job instance at 0x14f8103a9320>,14,1,[1 5],20,30,31,10,21
1,<environment.Job instance at 0x14f810d714b0>,18,17,[ 1 10],26,31,48,5,26
1,<environment.Job instance at 0x14f810d71eb0>,19,3,[1 6],29,48,51,19,43
1,<environment.Job instance at 0x14f810d61690>,31,13,[1 8],48,52,65,4,52
1,<environment.Job instance at 0x14f810d61b40>,34,2,[7 2],54,55,57,1,55
1,<environment.Job instance at 0x14f810d61280>,36,14,[10  2],56,65,79,9,56
1,<environment.Job instance at 0x14f8103e2e10>,37,3,[2 6],57,79,82,22,57
1,<environment.Job instance at 0x14f8103e2870>,38,12,[6 1],60,79,91,19,62
1,<environment.Job instance at 0x14f815dca140>,40,14,[9 2],63,91,105,28,76
1,<environment.Job instance at 0x14f815dca050>,46,18,[1 7],72,83,101,11,83
1,<environment.Job instance at 0x14f7f5403c30>,58,18,[2 9],91,105,123,14,94
1,<environment.Job instance at 0x14f7f50cf820>,61,3,[2 7],96,123,126,27,97
1,<environment.Job instance at 0x14f7f4eac640>,63,3,[6 1],99,105,108,6,102
1,<environment.Job instance at 0x14f817424320>,65,15,[2 7],101,139,154,38,139
1,<environment.Job instance at 0x14f7f530a5f0>,70,2,[6 2],107,309,311,202,309
1,<environment.Job instance at 0x14f810d71820>,16,12,[7 2],22,467,479,445,467
1,<environment.Job instance at 0x14f81235e6e0>,7,17,[ 1 10],15,15,32,0,15
1,<environment.Job instance at 0x14f81235e140>,8,13,[ 1 10],17,32,45,15,17
1,<environment.Job instance at 0x14f81235e0f0>,10,13,[7 2],21,359,372,338,359
1,<environment.Job instance at 0x14f7f4d65b40>,17,1,[5 2],31,2395,2396,2364,2395
1,<environment.Job instance at 0x14f810ce3190>,2,3,[2 6],3,3,6,0,3
1,<environment.Job instance at 0x14f80c03c820>,3,2,[1 6],4,6,8,2,4
1,<environment.Job instance at 0x14f7f5220b90>,9,1,[9 2],10,10,11,0,10
1,<environment.Job instance at 0x14f7f5220f00>,12,14,[8 2],15,15,29,0,15
1,<environment.Job instance at 0x14f7f534da50>,0,3,[1 6],2,2,5,0,2
1,<environment.Job instance at 0x14f7f534d320>,2,12,[5 2],4,5,17,1,5
1,<environment.Job instance at 0x14f7f534d2d0>,5,3,[1 8],8,8,11,0,8
1,<environment.Job instance at 0x14f7f534d050>,6,3,[2 9],12,17,20,5,12
1,<environment.Job instance at 0x14f7f54280f0>,8,3,[7 1],16,17,20,1,16
1,<environment.Job instance at 0x14f811108550>,9,3,[ 2 10],19,20,23,1,19
1,<environment.Job instance at 0x14f8111083c0>,12,3,[1 6],26,26,29,0,26
1,<environment.Job instance at 0x14f811108690>,13,13,[1 5],27,29,42,2,27
1,<environment.Job instance at 0x14f7f53f1820>,18,18,[1 8],33,42,60,9,35
1,<environment.Job instance at 0x14f7f53f18c0>,21,12,[8 1],37,37,49,0,37
1,<environment.Job instance at 0x14f7f53f1460>,23,16,[ 2 10],43,60,76,17,47
1,<environment.Job instance at 0x14f7f53f1960>,26,17,[2 7],48,76,93,28,64
1,<environment.Job instance at 0x14f80c045050>,40,15,[10  1],66,93,108,27,79
1,<environment.Job instance at 0x14f7f53f1550>,27,1,[2 9],49,108,109,59,93
1,<environment.Job instance at 0x14f80c060050>,60,2,[8 2],93,109,111,16,93
1,<environment.Job instance at 0x14f80c0608c0>,51,16,[7 1],81,111,127,30,108
1,<environment.Job instance at 0x14f80c060dc0>,64,14,[9 1],99,127,141,28,120
1,<environment.Job instance at 0x14f7f4fdf730>,69,15,[7 2],106,141,156,35,138
1,<environment.Job instance at 0x14f7f4fdf3c0>,79,2,[6 2],121,391,393,270,391
1,<environment.Job instance at 0x14f80c060870>,1,3,[2 8],3,3,6,0,3
1,<environment.Job instance at 0x14f8103d9870>,4,17,[6 2],6,6,23,0,6
1,<environment.Job instance at 0x14f80c060960>,6,12,[1 7],9,9,21,0,9
1,<environment.Job instance at 0x14f8103d9e60>,10,15,[5 2],13,23,38,10,13
1,<environment.Job instance at 0x14f8103fbaf0>,20,3,[2 7],31,31,34,0,31
1,<environment.Job instance at 0x14f8103fbd70>,24,15,[2 8],38,38,53,0,38
1,<environment.Job instance at 0x14f810401320>,26,12,[8 1],40,40,52,0,40
1,<environment.Job instance at 0x14f810401460>,27,12,[7 1],41,52,64,11,43
1,<environment.Job instance at 0x14f810401910>,31,16,[1 9],46,53,69,7,46
1,<environment.Job instance at 0x14f8103ca730>,48,3,[6 2],73,121,124,48,121
1,<environment.Job instance at 0x14f8103ca5a0>,51,18,[2 7],79,121,139,42,121
1,<environment.Job instance at 0x14b5cdc69c30>,0,12,[2 5],1,1,13,0,1
1,<environment.Job instance at 0x14b5cdc698c0>,2,1,[2 5],3,3,4,0,3
1,<environment.Job instance at 0x14b5c60d3500>,6,18,[8 1],7,7,25,0,7
1,<environment.Job instance at 0x14b5cdc69b40>,8,13,[6 1],9,25,38,16,9
1,<environment.Job instance at 0x14b5c60fd0a0>,10,13,[2 8],12,13,26,1,12
1,<environment.Job instance at 0x14b5c60dc1e0>,17,17,[6 1],23,38,55,15,26
1,<environment.Job instance at 0x14b5c5fff730>,24,12,[ 1 10],32,55,67,23,38
1,<environment.Job instance at 0x14b5c60cc780>,29,16,[10  2],39,67,83,28,54
1,<environment.Job instance at 0x14b5c6042af0>,27,2,[2 7],36,83,85,47,64
1,<environment.Job instance at 0x14b5c60cc410>,35,2,[1 8],45,85,87,40,65
1,<environment.Job instance at 0x14b5c60ccd20>,36,3,[10  2],48,87,90,39,68
1,<environment.Job instance at 0x14b5c43e9370>,4,15,[5 1],5,5,20,0,5
1,<environment.Job instance at 0x14b5cbad2cd0>,2,18,[5 2],3,3,21,0,3
1,<environment.Job instance at 0x14b5cbad22d0>,5,18,[8 1],7,21,39,14,10
1,<environment.Job instance at 0x14b5c6975190>,13,12,[7 1],18,39,51,21,27
1,<environment.Job instance at 0x14b5c6dc25f0>,22,14,[8 2],32,51,65,19,48
1,<environment.Job instance at 0x14b5cbbd0690>,42,16,[7 2],64,65,81,1,64
1,<environment.Job instance at 0x14b5c6dda0a0>,44,18,[5 2],67,81,99,14,70
1,<environment.Job instance at 0x14b5c6ddaaf0>,47,12,[2 9],73,99,111,26,82
1,<environment.Job instance at 0x14b5cd1100a0>,50,15,[8 2],76,111,126,35,97
1,<environment.Job instance at 0x14b5cbad2460>,8,3,[1 7],10,142,145,132,142
1,<environment.Job instance at 0x14b5c6d20dc0>,68,1,[6 2],105,1039,1040,934,1039
1,<environment.Job instance at 0x14b58edffe10>,1,26,[9 1],4,4,30,0,4
1,<environment.Job instance at 0x14b58edffd70>,5,12,[5 2],8,30,42,22,13
1,<environment.Job instance at 0x14b58edff320>,10,15,[2 8],18,30,45,12,18
1,<environment.Job instance at 0x14b58edff0f0>,12,13,[ 2 10],22,45,58,23,29
1,<environment.Job instance at 0x14b5c5fb6910>,20,3,[2 8],32,58,61,26,32
1,<environment.Job instance at 0x14b58f3eb8c0>,22,16,[2 6],36,61,77,25,52
1,<environment.Job instance at 0x14b5cbbbe2d0>,37,3,[10  1],56,77,80,21,56
1,<environment.Job instance at 0x14b5cbbbed20>,38,3,[10  2],57,80,83,23,57
1,<environment.Job instance at 0x14b5c6aa63c0>,42,18,[8 2],63,83,101,20,72
1,<environment.Job instance at 0x14b5c6aa65a0>,46,17,[2 9],67,101,118,34,89
1,<environment.Job instance at 0x14b5c6aa6b40>,47,15,[7 2],68,118,133,50,105
1,<environment.Job instance at 0x14b58f3a7be0>,64,3,[2 5],91,118,121,27,106
1,<environment.Job instance at 0x14b58f3a7280>,65,12,[6 1],92,133,145,41,116
1,<environment.Job instance at 0x14b58f22d550>,0,13,[5 1],1,2,15,1,2
1,<environment.Job instance at 0x14b58eef7e10>,2,14,[6 1],3,15,29,12,3
1,<environment.Job instance at 0x14b58ed593c0>,4,14,[2 8],5,5,19,0,5
1,<environment.Job instance at 0x14b5c013e8c0>,14,16,[10  1],19,29,45,10,19
1,<environment.Job instance at 0x14b58ed51690>,25,14,[2 5],38,45,59,7,38
1,<environment.Job instance at 0x14b58ed51c30>,26,3,[5 2],40,45,48,5,40
1,<environment.Job instance at 0x14b5c6062e60>,27,12,[1 5],41,48,60,7,41
1,<environment.Job instance at 0x14b5c6062b40>,28,13,[7 2],42,59,72,17,43
1,<environment.Job instance at 0x14b58ee72910>,39,16,[ 2 10],62,72,88,10,62
1,<environment.Job instance at 0x14b58f20a550>,43,16,[2 7],71,88,104,17,76
1,<environment.Job instance at 0x14b58ecb6b90>,51,14,[2 8],83,104,118,21,89
1,<environment.Job instance at 0x14b58ec1c2d0>,55,17,[2 8],87,118,135,31,106
1,<environment.Job instance at 0x14b58ec63c30>,69,15,[2 7],110,135,150,25,129
1,<environment.Job instance at 0x14b58ed11910>,84,28,[5 1],136,197,225,61,197
1,<environment.Job instance at 0x14b58f1e0870>,45,3,[10  2],74,247,250,173,247
1,<environment.Job instance at 0x14b5cbae9820>,1,17,[9 2],3,3,20,0,3
1,<environment.Job instance at 0x14b5c69c57d0>,6,3,[2 7],8,20,23,12,8
1,<environment.Job instance at 0x14b5c46947d0>,7,13,[2 5],9,23,36,14,9
1,<environment.Job instance at 0x14b5c4694050>,9,2,[5 1],11,20,22,9,11
1,<environment.Job instance at 0x14b5cb44d690>,14,14,[1 5],21,23,37,2,21
1,<environment.Job instance at 0x14b5cb44d370>,15,12,[2 6],23,37,49,14,23
1,<environment.Job instance at 0x14b5cb44da50>,17,17,[2 8],26,49,66,23,41
1,<environment.Job instance at 0x14b58eeca9b0>,28,12,[2 9],42,66,78,24,53
1,<environment.Job instance at 0x14b5c5eafc80>,40,12,[ 1 10],57,78,90,21,63
1,<environment.Job instance at 0x14b5c5eaf820>,47,16,[ 2 10],65,90,106,25,87
1,<environment.Job instance at 0x14b5cb131fa0>,63,15,[5 2],86,106,121,20,101
1,<environment.Job instance at 0x14b58f0c6370>,65,15,[7 2],89,121,136,32,107
1,<environment.Job instance at 0x14b58f3b9550>,66,15,[6 1],90,151,166,61,151
1,<environment.Job instance at 0x14b5c5f965a0>,78,17,[9 1],106,166,183,60,154
1,<environment.Job instance at 0x14b58edade60>,79,1,[6 2],107,183,184,76,155
1,<environment.Job instance at 0x14b5c4925410>,80,1,[5 1],108,184,185,76,156
1,<environment.Job instance at 0x14b58ee0afa0>,81,1,[2 6],110,156,157,46,156
1,<environment.Job instance at 0x14b58ee3a690>,82,3,[2 6],111,157,160,46,156
1,<environment.Job instance at 0x14b5c4925190>,83,2,[9 1],112,185,187,73,158
1,<environment.Job instance at 0x14b58ee3a0a0>,84,13,[6 1],114,187,200,73,182
1,<environment.Job instance at 0x14b5c60464b0>,98,1,[7 1],130,200,201,70,197
1,<environment.Job instance at 0x14b5cb2204b0>,0,14,[2 9],1,1,15,0,1
1,<environment.Job instance at 0x14b5cb220f00>,3,3,[6 1],4,4,7,0,4
1,<environment.Job instance at 0x14b58f34c640>,6,1,[5 1],7,7,8,0,7
1,<environment.Job instance at 0x14b58f34ce60>,7,17,[1 8],8,15,32,7,8
1,<environment.Job instance at 0x14b5cd7430f0>,12,13,[7 2],14,15,28,1,14
1,<environment.Job instance at 0x14b58ef8bdc0>,16,3,[2 5],19,32,35,13,19
1,<environment.Job instance at 0x14b5c00d4730>,17,17,[1 7],20,35,52,15,25
1,<environment.Job instance at 0x14b5c601ab40>,22,15,[2 9],26,52,67,26,40
1,<environment.Job instance at 0x14b5c46d36e0>,1,12,[6 2],3,3,15,0,3
1,<environment.Job instance at 0x14b5cbada730>,5,14,[7 1],8,15,29,7,8
1,<environment.Job instance at 0x14b5cbadafa0>,7,14,[9 2],10,29,43,19,14
1,<environment.Job instance at 0x14b58ed26be0>,20,14,[ 1 10],27,43,57,16,28
1,<environment.Job instance at 0x14b5c6ab39b0>,27,3,[5 1],36,57,60,21,36
1,<environment.Job instance at 0x14b5cd132b40>,28,3,[1 6],37,37,40,0,37
1,<environment.Job instance at 0x14b5cbae6370>,10,1,[6 1],13,2038,2039,2025,2038
1,<environment.Job instance at 0x14b5c610c4b0>,0,12,[2 8],1,1,13,0,1
1,<environment.Job instance at 0x14b5cbae60f0>,1,27,[5 2],2,3,30,1,3
1,<environment.Job instance at 0x14b58ed1f050>,5,12,[2 8],8,13,25,5,8
1,<environment.Job instance at 0x14b58eb7a550>,8,18,[9 1],13,30,48,17,19
1,<environment.Job instance at 0x14b58eb7c550>,20,21,[9 1],31,49,70,18,49
1,<environment.Job instance at 0x14b58eb7e820>,34,16,[9 2],50,70,86,20,57
1,<environment.Job instance at 0x14b58eb80b40>,49,18,[2 9],70,86,104,16,75
1,<environment.Job instance at 0x14b58eb7a9b0>,11,1,[7 1],17,98,99,81,98
1,<environment.Job instance at 0x14b58eb826e0>,57,26,[8 1],78,105,131,27,105
1,<environment.Job instance at 0x14b58eb8deb0>,0,16,[7 1],1,1,17,0,1
1,<environment.Job instance at 0x14b58ee23280>,2,14,[1 8],3,3,17,0,3
1,<environment.Job instance at 0x14b5c6aa01e0>,8,3,[6 1],9,17,20,8,9
1,<environment.Job instance at 0x14b5c60209b0>,9,15,[6 1],15,20,35,5,15
1,<environment.Job instance at 0x14b5c60485f0>,11,17,[8 1],17,37,54,20,37
1,<environment.Job instance at 0x14b5cd0e9230>,26,13,[7 2],40,54,67,14,44
1,<environment.Job instance at 0x14b58f19c140>,35,17,[1 5],52,52,69,0,52
1,<environment.Job instance at 0x14b58efeba00>,47,28,[2 5],73,105,133,32,105
1,<environment.Job instance at 0x14b58ebc0fa0>,73,13,[10  1],108,133,146,25,117
1,<environment.Job instance at 0x14b58f17e550>,84,15,[6 1],123,174,189,51,174
1,<environment.Job instance at 0x14b58eb84910>,0,14,[5 2],4,7,21,3,7
1,<environment.Job instance at 0x14b5c6ae6140>,5,21,[10  2],12,21,42,9,13
1,<environment.Job instance at 0x14b58f2e4c80>,12,1,[10  2],25,42,43,17,25
1,<environment.Job instance at 0x14b58efea690>,14,13,[2 9],27,43,56,16,27
1,<environment.Job instance at 0x14b58f2102d0>,26,18,[8 1],48,48,66,0,48
1,<environment.Job instance at 0x14b5cbba8c80>,31,12,[2 9],57,57,69,0,57
1,<environment.Job instance at 0x14b5cbba8d70>,35,17,[6 2],62,69,86,7,63
1,<environment.Job instance at 0x14b58edb2c30>,41,20,[7 2],69,86,106,17,79
1,<environment.Job instance at 0x14b5c6d65f00>,0,19,[5 2],1,2,21,1,2
1,<environment.Job instance at 0x14b5cbb66320>,3,2,[6 1],4,21,23,17,4
1,<environment.Job instance at 0x14b58ed26370>,6,15,[8 2],7,23,38,16,9
1,<environment.Job instance at 0x14b5c43e0e10>,0,3,[1 7],3,3,6,0,3
1,<environment.Job instance at 0x14b5c43e0550>,4,16,[10  2],7,7,23,0,7
1,<environment.Job instance at 0x14b5c6aae960>,8,3,[2 9],12,23,26,11,12
1,<environment.Job instance at 0x14b5c6d6d050>,10,1,[7 2],15,26,27,11,15
1,<environment.Job instance at 0x14b5c6d6d5a0>,11,16,[5 2],16,27,43,11,18
1,<environment.Job instance at 0x14b5c6d45410>,4,17,[1 5],6,7,24,1,7
1,<environment.Job instance at 0x14b5cd0e4fa0>,12,3,[2 5],14,14,17,0,14
1,<environment.Job instance at 0x14b58e940af0>,13,18,[10  1],15,24,42,9,15
1,<environment.Job instance at 0x14b5cd0e4190>,15,15,[2 7],17,45,60,28,45
1,<environment.Job instance at 0x14b58ed6a4b0>,27,16,[8 1],34,52,68,18,52
1,<environment.Job instance at 0x14b5c5f86f50>,35,18,[5 2],43,353,371,310,353
1,<environment.Job instance at 0x14b58f10daf0>,47,17,[6 2],61,387,404,326,387
1,<environment.Job instance at 0x14b5cb135d20>,62,16,[8 2],81,409,425,328,409
1,<environment.Job instance at 0x14b5cb135910>,65,13,[8 1],85,438,451,353,438
1,<environment.Job instance at 0x14b5cbb6f960>,78,18,[2 5],100,438,456,338,438
1,<environment.Job instance at 0x14b58e981140>,19,2,[2 5],23,2167,2169,2144,2167
1,<environment.Job instance at 0x14b58f10b190>,1,17,[2 9],3,3,20,0,3
1,<environment.Job instance at 0x14b58e96d820>,9,12,[7 2],12,20,32,8,12
1,<environment.Job instance at 0x14b58e96db40>,11,17,[ 1 10],16,32,49,16,27
1,<environment.Job instance at 0x14b58e953cd0>,25,3,[5 1],40,49,52,9,40
1,<environment.Job instance at 0x14b58e953dc0>,26,26,[5 2],42,49,75,7,46
1,<environment.Job instance at 0x14b58e9461e0>,32,18,[1 6],51,52,70,1,51
1,<environment.Job instance at 0x14b58e9465f0>,33,14,[9 2],53,75,89,22,60
1,<environment.Job instance at 0x14b58e946c30>,38,14,[10  1],61,89,103,28,74
1,<environment.Job instance at 0x14b58e946e60>,43,12,[5 1],68,103,115,35,86
1,<environment.Job instance at 0x14b58e951d70>,53,3,[1 9],84,103,106,19,86
1,<environment.Job instance at 0x14b58e9515f0>,54,3,[2 7],86,106,109,20,86
1,<environment.Job instance at 0x14b58e951640>,55,3,[2 9],87,109,112,22,87
1,<environment.Job instance at 0x14b58e966460>,57,18,[7 2],90,115,133,25,108
1,<environment.Job instance at 0x14b5c491c230>,71,14,[2 8],108,126,140,18,126
1,<environment.Job instance at 0x14b5c491c7d0>,76,18,[8 1],117,133,151,16,130
1,<environment.Job instance at 0x14b58e957500>,87,17,[ 1 10],135,151,168,16,147
1,<environment.Job instance at 0x14b5c4910dc0>,0,13,[7 2],1,1,14,0,1
1,<environment.Job instance at 0x14b5c0132f50>,8,18,[10  2],12,14,32,2,12
1,<environment.Job instance at 0x14b58eb41e60>,12,12,[5 2],17,32,44,15,24
1,<environment.Job instance at 0x14b58eb6da50>,17,17,[7 1],25,44,61,19,32
1,<environment.Job instance at 0x14b58eb6daf0>,20,13,[5 2],33,61,74,28,45
1,<environment.Job instance at 0x14b58ece1b90>,28,14,[10  2],49,74,88,25,59
1,<environment.Job instance at 0x14b58f3977d0>,0,17,[10  2],1,1,18,0,1
1,<environment.Job instance at 0x14b5cb114320>,20,16,[10  1],26,26,42,0,26
1,<environment.Job instance at 0x14b5cbab0aa0>,0,16,[ 2 10],3,3,19,0,3
1,<environment.Job instance at 0x14b5cb114e10>,1,13,[8 1],4,19,32,15,12
1,<environment.Job instance at 0x14b5c014e280>,8,13,[1 9],14,19,32,5,14
1,<environment.Job instance at 0x14b5c014ed20>,18,17,[6 1],28,32,49,4,29
1,<environment.Job instance at 0x14b5c016e370>,20,15,[5 2],30,49,64,19,35
1,<environment.Job instance at 0x14b5c016e9b0>,25,12,[5 2],36,49,61,13,36
1,<environment.Job instance at 0x14b5c016eaf0>,26,14,[2 8],38,61,75,23,54
1,<environment.Job instance at 0x14b5c00bc7d0>,38,14,[2 8],54,75,89,21,60
1,<environment.Job instance at 0x14b5c00d34b0>,46,15,[7 2],66,66,81,0,66
1,<environment.Job instance at 0x14b5c015d1e0>,48,13,[6 1],68,81,94,13,75
1,<environment.Job instance at 0x14b5c0162be0>,55,16,[8 1],80,94,110,14,83
1,<environment.Job instance at 0x14b5c0162190>,58,3,[2 8],86,89,92,3,86
1,<environment.Job instance at 0x14b5cbaeb1e0>,60,3,[2 6],88,92,95,4,88
1,<environment.Job instance at 0x14b5c5e4e690>,63,3,[2 8],93,95,98,2,93
1,<environment.Job instance at 0x14b58f23ccd0>,66,17,[6 2],96,110,127,14,99
1,<environment.Job instance at 0x14b5c5e6c050>,71,23,[2 9],102,137,160,35,137
1,<environment.Job instance at 0x14b5cb1147d0>,4,1,[2 9],9,777,778,768,777
1,<environment.Job instance at 0x14b5c5e7ef50>,1,1,[10  1],5,5,6,0,5
1,<environment.Job instance at 0x14b5c5e7ed70>,6,14,[ 1 10],13,13,27,0,13
1,<environment.Job instance at 0x14b5c5e7e370>,8,14,[2 9],18,27,41,9,18
1,<environment.Job instance at 0x14b58ee1b690>,2,2,[5 2],3,3,5,0,3
1,<environment.Job instance at 0x14b58f358fa0>,3,1,[5 1],4,4,5,0,4
1,<environment.Job instance at 0x14b5c011d0a0>,6,13,[1 9],7,7,20,0,7
1,<environment.Job instance at 0x14b5c011da50>,12,3,[ 2 10],16,20,23,4,16
1,<environment.Job instance at 0x14b5c011db90>,13,3,[2 6],17,23,26,6,17
1,<environment.Job instance at 0x14b5c0106190>,18,1,[1 7],22,26,27,4,22
1,<environment.Job instance at 0x14b5c01064b0>,20,13,[8 2],24,24,37,0,24
1,<environment.Job instance at 0x14b5c0125410>,32,13,[ 1 10],41,41,54,0,41
1,<environment.Job instance at 0x14b5c0125690>,34,22,[2 8],44,54,76,10,50
1,<environment.Job instance at 0x14b5c0125c80>,40,18,[1 6],54,76,94,22,65
1,<environment.Job instance at 0x14b5c0125fa0>,45,16,[5 1],59,65,81,6,65
1,<environment.Job instance at 0x14b5c00f80a0>,47,13,[2 5],62,94,107,32,78
1,<environment.Job instance at 0x14b5c00f8460>,50,2,[8 1],67,81,83,14,80
1,<environment.Job instance at 0x14b5c00f8640>,52,13,[2 5],72,94,107,22,80
1,<environment.Job instance at 0x14b5c00f8870>,53,12,[2 7],73,107,119,34,90
1,<environment.Job instance at 0x14b5c00f8910>,54,13,[7 2],74,107,120,33,91
1,<environment.Job instance at 0x14b5c012e0a0>,62,14,[2 5],82,119,133,37,104
1,<environment.Job instance at 0x14b5c012e410>,67,15,[9 2],90,133,148,43,119
1,<environment.Job instance at 0x14b5c012eb90>,70,16,[8 1],95,148,164,53,135
1,<environment.Job instance at 0x14b5c00fb280>,77,12,[2 8],106,148,160,42,135
1,<environment.Job instance at 0x14b5c00fb320>,78,13,[9 2],108,164,177,56,148
1,<environment.Job instance at 0x14b5c00fb5f0>,81,15,[5 2],112,177,192,65,163
1,<environment.Job instance at 0x14b5c00fb8c0>,87,12,[5 2],118,177,189,59,163
1,<environment.Job instance at 0x14b58f352af0>,91,14,[6 1],126,192,206,66,177
1,<environment.Job instance at 0x14b58f352f50>,92,12,[2 8],127,189,201,62,177
1,<environment.Job instance at 0x14b58f352a50>,93,2,[2 6],129,201,203,72,177
1,<environment.Job instance at 0x14b58ed74be0>,94,3,[1 6],130,203,206,73,177
1,<environment.Job instance at 0x14b58f352b40>,95,3,[1 9],131,206,209,75,180
1,<environment.Job instance at 0x14b5c0125a00>,39,1,[10  2],49,215,216,166,215
1,<environment.Job instance at 0x1491cedf0c30>,0,12,[2 5],1,1,13,0,1
1,<environment.Job instance at 0x1491c723ba00>,6,18,[8 1],7,7,25,0,7
1,<environment.Job instance at 0x1491c7299af0>,10,13,[2 8],12,13,26,1,12
1,<environment.Job instance at 0x1491ced968c0>,17,17,[6 1],23,25,42,2,23
1,<environment.Job instance at 0x1491c725b050>,23,2,[8 1],31,42,44,11,31
1,<environment.Job instance at 0x1491c725b5f0>,24,12,[ 1 10],32,44,56,12,32
1,<environment.Job instance at 0x1491c71d3500>,29,16,[10  2],39,56,72,17,43
1,<environment.Job instance at 0x1491c71d3f50>,3,1,[8 1],4,19,20,15,19
1,<environment.Job instance at 0x1491bc0f82d0>,0,17,[7 1],2,2,19,0,2
1,<environment.Job instance at 0x1491c40ad5f0>,3,12,[7 2],7,19,31,12,9
1,<environment.Job instance at 0x1491c40ad910>,6,14,[8 2],12,31,45,19,16
1,<environment.Job instance at 0x1491c4162f50>,13,13,[5 2],21,45,58,24,34
1,<environment.Job instance at 0x1491c40e46e0>,26,16,[7 2],44,58,74,14,45
1,<environment.Job instance at 0x1491c410c140>,35,17,[10  1],58,74,91,16,62
1,<environment.Job instance at 0x1491c4162460>,20,2,[10  1],33,148,150,115,148
1,<environment.Job instance at 0x1491c4124910>,1,3,[2 8],2,2,5,0,2
1,<environment.Job instance at 0x1491c4124500>,3,16,[2 6],6,6,22,0,6
1,<environment.Job instance at 0x1491c4124410>,6,14,[9 1],10,22,36,12,10
1,<environment.Job instance at 0x1491c42348c0>,13,15,[10  1],19,36,51,17,22
1,<environment.Job instance at 0x1491c4174960>,23,18,[8 2],33,51,69,18,40
1,<environment.Job instance at 0x1491c4174fa0>,29,16,[2 8],39,52,68,13,52
1,<environment.Job instance at 0x1491c4236e10>,44,2,[ 1 10],60,69,71,9,62
1,<environment.Job instance at 0x1491c4236a50>,45,3,[2 5],61,71,74,10,62
1,<environment.Job instance at 0x1491c41730f0>,46,12,[6 1],62,71,83,9,62
1,<environment.Job instance at 0x1491c4173460>,47,2,[5 2],63,83,85,20,63
1,<environment.Job instance at 0x1491c41736e0>,53,15,[1 8],72,74,89,2,72
1,<environment.Job instance at 0x1491bc0dd1e0>,55,19,[2 9],76,89,108,13,85
1,<environment.Job instance at 0x1491c4163be0>,65,15,[7 1],87,87,102,0,87
1,<environment.Job instance at 0x14919fd91a00>,71,14,[1 6],95,108,122,13,95
1,<environment.Job instance at 0x14919fe3f960>,72,17,[9 1],96,108,125,12,96
1,<environment.Job instance at 0x14919fda8460>,76,12,[9 2],100,125,137,25,108
1,<environment.Job instance at 0x14919fe365f0>,80,16,[10  2],104,137,153,33,124
1,<environment.Job instance at 0x14919fe909b0>,92,13,[10  1],118,153,166,35,137
1,<environment.Job instance at 0x14919feec910>,99,16,[10  1],129,166,182,37,153
1,<environment.Job instance at 0x1491c7100d20>,110,14,[2 5],148,182,196,34,167
1,<environment.Job instance at 0x14919fd912d0>,0,12,[1 5],1,1,13,0,1
1,<environment.Job instance at 0x1491bc089320>,1,13,[7 2],2,3,16,1,3
1,<environment.Job instance at 0x14919fe94280>,4,18,[1 5],7,13,31,6,7
1,<environment.Job instance at 0x14919fe94370>,5,16,[1 5],11,18,34,7,18
1,<environment.Job instance at 0x14919fe91be0>,12,16,[ 2 10],22,34,50,12,22
1,<environment.Job instance at 0x14919fe91b40>,16,16,[2 7],31,50,66,19,37
1,<environment.Job instance at 0x14919fe875f0>,24,14,[2 8],43,66,80,23,51
1,<environment.Job instance at 0x14919fe934b0>,28,17,[2 8],47,80,97,33,68
1,<environment.Job instance at 0x14919fe3f280>,38,13,[10  1],65,97,110,32,81
1,<environment.Job instance at 0x1491c42161e0>,50,12,[7 1],86,110,122,24,93
1,<environment.Job instance at 0x1491bc0da550>,0,17,[2 9],1,1,18,0,1
1,<environment.Job instance at 0x1491c43200f0>,3,17,[5 2],4,18,35,14,6
1,<environment.Job instance at 0x1491c4320dc0>,6,3,[2 7],9,18,21,9,9
1,<environment.Job instance at 0x14919ffdd4b0>,12,16,[ 2 10],15,50,66,35,50
1,<environment.Job instance at 0x1491c57ddf50>,30,15,[7 2],39,66,81,27,56
1,<environment.Job instance at 0x1491c57dd640>,37,17,[2 5],47,66,83,19,56
1,<environment.Job instance at 0x1491c57ddd20>,39,15,[9 2],50,83,98,33,71
1,<environment.Job instance at 0x1491c4222730>,0,15,[ 2 10],2,2,17,0,2
1,<environment.Job instance at 0x1491c708efa0>,5,1,[6 2],8,17,18,9,8
1,<environment.Job instance at 0x1491c708ef50>,7,16,[2 9],10,18,34,8,10
1,<environment.Job instance at 0x1491c7f14cd0>,21,2,[10  2],28,34,36,6,28
1,<environment.Job instance at 0x14919fe88460>,22,2,[1 7],29,36,38,7,29
1,<environment.Job instance at 0x1491c4221370>,23,3,[2 8],30,38,41,8,30
1,<environment.Job instance at 0x14919ffc1a50>,24,2,[6 2],31,36,38,5,31
1,<environment.Job instance at 0x1491c422dc80>,26,2,[5 2],35,38,40,3,35
1,<environment.Job instance at 0x1491c422ddc0>,27,15,[1 9],36,41,56,5,36
1,<environment.Job instance at 0x1491c70eb9b0>,28,3,[6 1],37,40,43,3,37
1,<environment.Job instance at 0x1491c70eb820>,32,2,[10  2],43,56,58,13,43
1,<environment.Job instance at 0x1491c70eb050>,33,1,[5 1],44,44,45,0,44
1,<environment.Job instance at 0x1491c70e99b0>,34,2,[8 2],45,58,60,13,45
1,<environment.Job instance at 0x1491c70e9870>,36,3,[8 1],48,48,51,0,48
1,<environment.Job instance at 0x1491c70e9230>,37,15,[6 1],52,60,75,8,54
1,<environment.Job instance at 0x1491c70a2b90>,13,2,[1 6],17,58,60,41,58
1,<environment.Job instance at 0x1491c438e4b0>,39,17,[10  1],56,75,92,19,63
1,<environment.Job instance at 0x1491c438ef50>,44,14,[2 6],63,92,106,29,81
1,<environment.Job instance at 0x14919fe8a2d0>,56,1,[8 2],82,92,93,10,82
1,<environment.Job instance at 0x1491c70a8690>,57,18,[9 1],83,106,124,23,95
1,<environment.Job instance at 0x1491c424dfa0>,70,16,[1 6],102,113,129,11,113
1,<environment.Job instance at 0x14919fd90870>,0,27,[6 1],1,1,28,0,1
1,<environment.Job instance at 0x1491c70a2140>,1,21,[9 2],2,28,49,26,20
1,<environment.Job instance at 0x14919fd3b690>,9,16,[5 2],13,1309,1325,1296,1309
1,<environment.Job instance at 0x14919fd3dfa0>,41,17,[7 1],54,1325,1342,1271,1321
1,<environment.Job instance at 0x14919fd3de60>,42,16,[8 2],55,1342,1358,1287,1330
1,<environment.Job instance at 0x14919fcc0640>,52,3,[2 6],67,1330,1333,1263,1330
1,<environment.Job instance at 0x14919fcc0780>,54,3,[6 1],69,1358,1361,1289,1332
1,<environment.Job instance at 0x14919fcc00f0>,55,15,[6 1],75,1390,1405,1315,1390
1,<environment.Job instance at 0x14919fcc0dc0>,64,2,[1 7],84,1392,1394,1308,1392
1,<environment.Job instance at 0x14919fcc3410>,72,13,[7 2],100,1405,1418,1305,1392
1,<environment.Job instance at 0x14919fcc3500>,76,3,[2 6],105,1394,1397,1289,1392
1,<environment.Job instance at 0x14919fcc3870>,79,26,[2 5],109,1397,1423,1288,1394
1,<environment.Job instance at 0x14919fcc38c0>,81,17,[1 5],112,1466,1483,1354,1466
1,<environment.Job instance at 0x14919fcc55a0>,102,3,[2 5],145,1479,1482,1334,1479
1,<environment.Job instance at 0x14919fcc5460>,103,18,[5 2],147,1494,1512,1347,1494
1,<environment.Job instance at 0x14919fd3b4b0>,6,3,[7 2],8,2064,2067,2056,2064
1,<environment.Job instance at 0x14919fccf3c0>,1,3,[2 7],2,2,5,0,2
1,<environment.Job instance at 0x1491ccd2d780>,5,3,[1 5],9,9,12,0,9
1,<environment.Job instance at 0x1491ccd2d640>,9,25,[9 1],13,13,38,0,13
1,<environment.Job instance at 0x1491c5ab1910>,13,13,[10  1],18,38,51,20,22
1,<environment.Job instance at 0x14919fd80050>,28,17,[10  1],38,51,68,13,39
1,<environment.Job instance at 0x14919fdaf3c0>,37,16,[2 6],48,68,84,20,55
1,<environment.Job instance at 0x14919fdaf050>,44,21,[10  2],62,84,105,22,76
1,<environment.Job instance at 0x14919fdaf410>,47,14,[2 5],67,105,119,38,90
1,<environment.Job instance at 0x1491c5309410>,53,13,[2 9],77,119,132,42,103
1,<environment.Job instance at 0x1491c70a70a0>,54,12,[5 2],79,142,154,63,142
1,<environment.Job instance at 0x1491ccd713c0>,65,18,[8 1],98,154,172,56,144
1,<environment.Job instance at 0x14919fc01370>,70,12,[2 9],107,154,166,47,144
1,<environment.Job instance at 0x14919fd89a50>,23,3,[9 1],32,172,175,140,146
1,<environment.Job instance at 0x1491c7eed640>,74,17,[6 2],112,175,192,63,171
1,<environment.Job instance at 0x1491c433bd20>,2,16,[ 2 10],3,3,19,0,3
1,<environment.Job instance at 0x1491c7ed3190>,6,17,[9 2],9,19,36,10,9
1,<environment.Job instance at 0x1491c91d60f0>,16,16,[1 7],23,23,39,0,23
1,<environment.Job instance at 0x1491c6f3b280>,17,17,[5 2],25,38,55,13,38
1,<environment.Job instance at 0x1491bc0b6820>,29,19,[5 2],41,47,66,6,47
1,<environment.Job instance at 0x1491c7bc8f50>,40,16,[1 5],53,61,77,8,61
1,<environment.Job instance at 0x1491ce656820>,47,15,[9 1],62,66,81,4,62
1,<environment.Job instance at 0x1491ce656910>,48,12,[6 1],63,81,93,18,75
1,<environment.Job instance at 0x1491c41d9910>,61,17,[1 8],82,82,99,0,82
1,<environment.Job instance at 0x1491c41d9730>,62,15,[10  1],83,99,114,16,85
1,<environment.Job instance at 0x14919fdcbeb0>,1,14,[6 1],3,3,17,0,3
1,<environment.Job instance at 0x1491c7ebf7d0>,6,14,[1 6],11,11,25,0,11
1,<environment.Job instance at 0x1491c7ebf6e0>,7,12,[1 7],14,25,37,11,14
1,<environment.Job instance at 0x1491c7ef17d0>,5,13,[2 5],7,7,20,0,7
1,<environment.Job instance at 0x1491c7ef18c0>,7,16,[6 1],10,17,33,7,17
1,<environment.Job instance at 0x1491c7ed68c0>,16,3,[1 7],23,23,26,0,23
1,<environment.Job instance at 0x14919fdd6d70>,18,17,[1 5],26,26,43,0,26
1,<environment.Job instance at 0x14919fdd6c80>,26,3,[2 5],34,34,37,0,34
1,<environment.Job instance at 0x14919fdd6d20>,27,18,[10  1],35,43,61,8,35
1,<environment.Job instance at 0x14919fd5c230>,6,2,[6 2],10,10,12,0,10
1,<environment.Job instance at 0x14919fb050f0>,8,17,[2 9],13,13,30,0,13
1,<environment.Job instance at 0x1491c408e410>,19,3,[1 6],29,2634,2637,2605,2634
1,<environment.Job instance at 0x1491c7c10d70>,0,13,[7 2],1,1,14,0,1
1,<environment.Job instance at 0x14919fca1500>,35,3,[10  2],62,62,65,0,62
1,<environment.Job instance at 0x14919fca1640>,36,17,[6 1],63,65,82,2,63
1,<environment.Job instance at 0x14919fca1910>,39,18,[2 8],68,68,86,0,68
1,<environment.Job instance at 0x14919fca1c80>,40,13,[7 2],71,82,95,11,77
1,<environment.Job instance at 0x14919fc90460>,46,2,[1 7],83,86,88,3,83
1,<environment.Job instance at 0x14919fc906e0>,48,16,[5 2],85,95,111,10,85
1,<environment.Job instance at 0x14919fc88690>,2,2,[1 7],3,3,5,0,3
1,<environment.Job instance at 0x14919ff336e0>,3,3,[1 7],4,5,8,1,4
1,<environment.Job instance at 0x14919ff33a50>,6,3,[1 9],7,8,11,1,7
1,<environment.Job instance at 0x14919ff33550>,10,1,[9 1],13,13,14,0,13
1,<environment.Job instance at 0x14919ff33d20>,11,3,[1 7],14,14,17,0,14
1,<environment.Job instance at 0x14919ff11a00>,13,16,[10  1],16,17,33,1,16
1,<environment.Job instance at 0x1491c4070550>,2,1,[1 5],5,5,6,0,5
1,<environment.Job instance at 0x1491c4070f00>,3,15,[10  1],6,6,21,0,6
1,<environment.Job instance at 0x1491c4070370>,6,15,[5 2],10,21,36,11,10
1,<environment.Job instance at 0x1491c4070a00>,7,13,[6 2],11,36,49,25,20
1,<environment.Job instance at 0x1491cde32460>,12,14,[2 8],18,21,35,3,20
1,<environment.Job instance at 0x1491cde32c80>,14,16,[7 1],21,49,65,28,36
1,<environment.Job instance at 0x1491cde32aa0>,18,15,[2 9],27,49,64,22,36
1,<environment.Job instance at 0x1491bc28ab90>,27,14,[9 1],39,65,79,26,51
1,<environment.Job instance at 0x1491bc28a8c0>,32,15,[7 2],46,79,94,33,65
1,<environment.Job instance at 0x1491cde2ac30>,37,15,[2 8],52,79,94,27,65
1,<environment.Job instance at 0x1491cde2a410>,41,16,[8 1],60,98,114,38,98
1,<environment.Job instance at 0x1491c7bd6460>,72,15,[2 8],108,108,123,0,108
1,<environment.Job instance at 0x1491c7bd6aa0>,74,12,[8 1],110,114,126,4,110
1,<environment.Job instance at 0x1491bc1b8af0>,79,16,[1 9],116,123,139,7,116
1,<environment.Job instance at 0x1491bc093690>,0,13,[ 1 10],1,1,14,0,1
1,<environment.Job instance at 0x1491c57c9690>,2,22,[2 8],4,14,36,10,7
1,<environment.Job instance at 0x14919fd0f2d0>,6,2,[7 1],8,14,16,6,8
1,<environment.Job instance at 0x14919fd0fbe0>,8,18,[1 6],14,36,54,22,32
1,<environment.Job instance at 0x1491ccd0aaf0>,21,12,[2 7],33,54,66,21,37
1,<environment.Job instance at 0x1491ccd08e60>,23,14,[7 1],35,37,51,2,37
1,<environment.Job instance at 0x1491ccd08fa0>,30,14,[2 5],42,66,80,24,52
1,<environment.Job instance at 0x1491ccd81140>,38,16,[8 1],55,56,72,1,56
1,<environment.Job instance at 0x14919fd3e690>,43,18,[5 2],60,72,90,12,66
1,<environment.Job instance at 0x14919fd3ee10>,46,13,[9 2],68,90,103,22,74
1,<environment.Job instance at 0x1491cc2f0f50>,9,3,[10  2],15,103,106,88,85
1,<environment.Job instance at 0x14919fd3e280>,49,15,[5 2],72,106,121,34,92
1,<environment.Job instance at 0x1491cc305d70>,55,12,[5 2],78,106,118,28,92
1,<environment.Job instance at 0x1491cc305690>,4,17,[8 1],6,8,25,2,8
1,<environment.Job instance at 0x14ab50474640>,0,12,[2 5],1,1,13,0,1
1,<environment.Job instance at 0x14ab50474460>,1,3,[1 9],2,13,16,11,2
1,<environment.Job instance at 0x14ab4891df50>,6,18,[8 1],7,7,25,0,7
1,<environment.Job instance at 0x14ab48908c30>,8,13,[6 1],9,25,38,16,12
1,<environment.Job instance at 0x14ab488d9aa0>,17,17,[6 1],23,38,55,15,26
1,<environment.Job instance at 0x14ab488e8730>,24,12,[ 1 10],32,55,67,23,38
1,<environment.Job instance at 0x14ab488df690>,29,16,[10  2],39,67,83,28,54
1,<environment.Job instance at 0x14ab46eebaf0>,32,14,[10  1],49,134,148,85,134
1,<environment.Job instance at 0x14ab46eebe10>,41,16,[1 6],59,148,164,89,140
1,<environment.Job instance at 0x14ab46eebf50>,42,17,[1 6],61,168,185,107,168
1,<environment.Job instance at 0x14ab47107f00>,50,1,[9 1],75,168,169,93,168
1,<environment.Job instance at 0x14ab47107960>,52,1,[ 1 10],77,185,186,108,168
1,<environment.Job instance at 0x14ab471075f0>,53,2,[1 5],79,186,188,107,168
1,<environment.Job instance at 0x14ab47107500>,54,3,[1 5],80,186,189,106,168
1,<environment.Job instance at 0x14ab47107410>,55,2,[10  2],81,189,191,108,168
1,<environment.Job instance at 0x14ab4880c0f0>,56,3,[2 8],85,191,194,106,168
1,<environment.Job instance at 0x14ab4880c9b0>,57,1,[2 6],86,194,195,108,168
1,<environment.Job instance at 0x14ab4880ce10>,58,2,[1 6],87,195,197,108,168
1,<environment.Job instance at 0x14ab46ea4690>,59,18,[7 2],89,212,230,123,212
1,<environment.Job instance at 0x14ab48850af0>,75,16,[1 7],114,212,228,98,212
1,<environment.Job instance at 0x14ab48850b90>,76,3,[ 2 10],115,230,233,115,215
1,<environment.Job instance at 0x14ab25b04960>,0,13,[5 2],1,2,15,1,2
1,<environment.Job instance at 0x14ab25b05d70>,5,12,[7 1],11,15,27,4,11
1,<environment.Job instance at 0x14ab25b05410>,13,16,[7 2],24,27,43,3,24
1,<environment.Job instance at 0x14ab492c0960>,15,18,[5 2],27,43,61,16,32
1,<environment.Job instance at 0x14ab492c0aa0>,18,12,[2 9],33,61,73,28,44
1,<environment.Job instance at 0x14ab492c0190>,21,15,[8 2],36,652,667,616,652
1,<environment.Job instance at 0x14ab440a7230>,2,18,[8 2],3,3,21,0,3
1,<environment.Job instance at 0x14ab259ac7d0>,7,15,[7 2],8,21,36,13,8
1,<environment.Job instance at 0x14ab259ac460>,8,16,[2 8],9,18,34,9,18
1,<environment.Job instance at 0x14ab259ac500>,11,3,[2 8],12,34,37,22,27
1,<environment.Job instance at 0x14ab440ad0a0>,18,27,[ 2 10],23,37,64,14,36
1,<environment.Job instance at 0x14ab256e6960>,32,15,[1 8],42,64,79,22,50
1,<environment.Job instance at 0x14ab25b3a3c0>,44,15,[7 1],57,64,79,7,57
1,<environment.Job instance at 0x14ab25b3aa50>,49,17,[2 7],64,235,252,171,235
1,<environment.Job instance at 0x14ab25bd3410>,64,13,[5 1],81,422,435,341,422
1,<environment.Job instance at 0x14ab2548daa0>,103,16,[ 2 10],142,435,451,293,422
1,<environment.Job instance at 0x14ab2546e690>,105,2,[1 6],147,422,424,275,422
1,<environment.Job instance at 0x14ab2547ebe0>,106,3,[1 9],148,424,427,276,422
1,<environment.Job instance at 0x14ab25457140>,107,16,[2 7],151,451,467,300,445
1,<environment.Job instance at 0x14ab440adc80>,25,12,[6 1],32,468,480,436,468
1,<environment.Job instance at 0x14ab25529fa0>,2,14,[2 8],3,3,17,0,3
1,<environment.Job instance at 0x14ab25557730>,6,17,[2 8],7,17,34,10,7
1,<environment.Job instance at 0x14ab25557be0>,9,3,[9 2],12,34,37,22,12
1,<environment.Job instance at 0x14ab25557190>,11,17,[1 9],14,37,54,23,25
1,<environment.Job instance at 0x14ab25542af0>,20,15,[2 7],30,54,69,24,40
1,<environment.Job instance at 0x14ab25542c30>,23,3,[6 2],37,54,57,17,40
1,<environment.Job instance at 0x14ab25542370>,24,1,[8 1],39,40,41,1,40
1,<environment.Job instance at 0x14ab25780190>,28,12,[7 1],46,72,84,26,72
1,<environment.Job instance at 0x14ab4e2abb90>,46,3,[2 7],68,72,75,4,72
1,<environment.Job instance at 0x14ab4e2abbe0>,47,13,[2 5],69,75,88,6,72
1,<environment.Job instance at 0x14ab48775050>,54,14,[1 5],81,84,98,3,81
1,<environment.Job instance at 0x14ab495b4fa0>,55,12,[2 6],83,98,110,15,83
1,<environment.Job instance at 0x14ab25473230>,57,17,[2 8],86,110,127,24,98
1,<environment.Job instance at 0x14ab2547e2d0>,63,14,[9 2],96,127,141,31,112
1,<environment.Job instance at 0x14ab2545d3c0>,72,12,[1 7],107,127,139,20,127
1,<environment.Job instance at 0x14ab2545d6e0>,75,17,[2 9],111,141,158,30,133
1,<environment.Job instance at 0x14ab254a0140>,87,16,[ 2 10],125,158,174,33,145
1,<environment.Job instance at 0x14ab254a0050>,89,14,[8 2],127,174,188,47,161
1,<environment.Job instance at 0x14ab258fb9b0>,102,21,[2 5],145,174,195,29,168
1,<environment.Job instance at 0x14ab441760f0>,105,15,[7 2],149,188,203,39,186
1,<environment.Job instance at 0x14ab25542a50>,21,2,[8 2],35,468,470,433,468
1,<environment.Job instance at 0x14ab25542320>,3,17,[9 1],6,6,23,0,6
1,<environment.Job instance at 0x14ab256d8f00>,9,13,[6 1],14,23,36,9,15
1,<environment.Job instance at 0x14ab479740a0>,14,13,[2 6],19,23,36,4,19
1,<environment.Job instance at 0x14ab25ba3eb0>,0,17,[1 6],1,2,19,1,2
1,<environment.Job instance at 0x14ab25ba3730>,2,13,[2 9],6,19,32,13,6
1,<environment.Job instance at 0x14ab25ba3370>,8,15,[10  1],13,32,47,19,19
1,<environment.Job instance at 0x14ab4f907f00>,9,28,[5 2],14,231,259,217,231
1,<environment.Job instance at 0x14ab48714910>,35,23,[9 1],46,259,282,213,253
1,<environment.Job instance at 0x14ab25ba3500>,6,2,[2 9],11,1498,1500,1487,1498
1,<environment.Job instance at 0x14ab48706fa0>,0,12,[2 8],1,1,13,0,1
1,<environment.Job instance at 0x14ab4da352d0>,5,12,[2 8],8,13,25,5,8
1,<environment.Job instance at 0x14ab48711f00>,8,18,[9 1],13,25,43,12,14
1,<environment.Job instance at 0x14ab48713500>,22,15,[10  2],33,43,58,10,33
1,<environment.Job instance at 0x14ab4e409f50>,32,12,[9 1],47,58,70,11,51
1,<environment.Job instance at 0x14ab4e409730>,36,15,[6 1],53,78,93,25,78
1,<environment.Job instance at 0x14ab4e3a0910>,58,3,[2 5],79,79,82,0,79
1,<environment.Job instance at 0x14ab4e3a0f00>,62,17,[7 2],83,96,113,13,96
1,<environment.Job instance at 0x14ab4e3a0870>,69,16,[5 2],93,113,129,20,100
1,<environment.Job instance at 0x14ab487785f0>,0,16,[2 5],1,1,17,0,1
1,<environment.Job instance at 0x14ab4e4095a0>,4,1,[6 2],7,7,8,0,7
1,<environment.Job instance at 0x14ab253b28c0>,5,3,[5 2],8,8,11,0,8
1,<environment.Job instance at 0x14ab253b29b0>,6,15,[8 1],9,11,26,2,9
1,<environment.Job instance at 0x14ab253b25a0>,9,14,[2 9],17,17,31,0,17
1,<environment.Job instance at 0x14ab253b2eb0>,11,13,[7 2],20,31,44,11,23
1,<environment.Job instance at 0x14ab253b63c0>,28,18,[1 7],46,46,64,0,46
1,<environment.Job instance at 0x14ab253b6870>,33,15,[ 2 10],54,64,79,10,54
1,<environment.Job instance at 0x14ab253b6b40>,35,3,[6 2],56,56,59,0,56
1,<environment.Job instance at 0x14ab253b6140>,31,3,[7 2],51,2493,2496,2442,2493
1,<environment.Job instance at 0x14ab253c48c0>,1,18,[8 1],8,8,26,0,8
1,<environment.Job instance at 0x14ab4407d230>,6,12,[2 9],17,17,29,0,17
1,<environment.Job instance at 0x14ab46971be0>,10,17,[6 2],22,29,46,7,22
1,<environment.Job instance at 0x14ab46ee0280>,20,13,[2 8],33,33,46,0,33
1,<environment.Job instance at 0x14ab44068b90>,25,14,[ 2 10],40,46,60,6,40
1,<environment.Job instance at 0x14ab25ac75f0>,0,16,[5 1],1,3,19,2,3
1,<environment.Job instance at 0x14ab25ac7050>,2,13,[1 5],4,4,17,0,4
1,<environment.Job instance at 0x14ab25ac7be0>,3,15,[5 1],6,17,32,11,7
1,<environment.Job instance at 0x14ab25ac7500>,6,18,[8 2],9,32,50,23,21
1,<environment.Job instance at 0x14ab2549c780>,14,18,[1 6],18,21,39,3,21
1,<environment.Job instance at 0x14ab25b551e0>,0,2,[1 8],1,1,3,0,1
1,<environment.Job instance at 0x14ab4d979a50>,1,17,[6 1],2,2,19,0,2
1,<environment.Job instance at 0x14ab25acb410>,5,17,[2 7],8,8,25,0,8
1,<environment.Job instance at 0x14ab25acb500>,6,12,[5 1],9,19,31,10,11
1,<environment.Job instance at 0x14ab25acb960>,9,17,[6 1],15,31,48,16,19
1,<environment.Job instance at 0x14ab25acbeb0>,17,3,[2 9],24,25,28,1,24
1,<environment.Job instance at 0x14ab25ac2320>,18,15,[8 1],26,48,63,22,34
1,<environment.Job instance at 0x14ab25ad06e0>,34,17,[7 2],46,63,80,17,51
1,<environment.Job instance at 0x14ab2565f730>,48,17,[1 5],66,66,83,0,66
1,<environment.Job instance at 0x14ab4401c190>,56,3,[2 5],74,80,83,6,74
1,<environment.Job instance at 0x14ab49537690>,57,18,[10  1],75,83,101,8,75
1,<environment.Job instance at 0x14ab49528a00>,67,14,[9 2],89,101,115,12,89
1,<environment.Job instance at 0x14ab4952e190>,77,14,[ 2 10],101,115,129,14,101
1,<environment.Job instance at 0x14ab2563ad70>,79,18,[5 2],103,129,147,26,120
1,<environment.Job instance at 0x14ab4952d2d0>,91,17,[6 2],121,147,164,26,135
1,<environment.Job instance at 0x14ab495305a0>,96,18,[10  1],126,164,182,38,153
1,<environment.Job instance at 0x14ab49530640>,105,14,[9 2],139,182,196,43,167
1,<environment.Job instance at 0x14ab49530050>,112,12,[9 1],148,196,208,48,179
1,<environment.Job instance at 0x14ab25669500>,120,17,[ 2 10],158,208,225,50,197
1,<environment.Job instance at 0x14ab25acbb40>,12,12,[5 2],19,265,277,246,265
1,<environment.Job instance at 0x14ab4403ea50>,0,3,[2 7],1,1,4,0,1
1,<environment.Job instance at 0x14ab47105050>,6,1,[6 1],7,12,13,5,12
1,<environment.Job instance at 0x14ab47105370>,8,1,[5 1],9,72,73,63,72
1,<environment.Job instance at 0x14ab4871d8c0>,7,17,[ 1 10],15,21,38,6,21
1,<environment.Job instance at 0x14ab4e2a7d20>,16,14,[6 2],30,38,52,8,30
1,<environment.Job instance at 0x14ab4865bf00>,18,18,[10  2],32,52,70,20,41
1,<environment.Job instance at 0x14ab495c4640>,27,17,[7 1],45,70,87,25,58
1,<environment.Job instance at 0x14ab253b8e10>,33,14,[7 1],59,87,101,28,72
1,<environment.Job instance at 0x14ab491963c0>,49,18,[2 8],88,98,116,10,98
1,<environment.Job instance at 0x14ab4e82d230>,54,3,[1 5],100,116,119,16,100
1,<environment.Job instance at 0x14ab4e82de60>,58,16,[5 2],105,105,121,0,105
1,<environment.Job instance at 0x14ab440f85a0>,0,17,[10  2],1,1,18,0,1
1,<environment.Job instance at 0x14ab2517b960>,1,12,[1 7],2,18,30,16,2
1,<environment.Job instance at 0x14ab440b5500>,19,2,[1 8],25,61,63,36,61
1,<environment.Job instance at 0x14ab440b5690>,20,16,[10  1],26,63,79,37,61
1,<environment.Job instance at 0x14ab440a0be0>,6,3,[1 6],10,129,132,119,129
1,<environment.Job instance at 0x14ab48834640>,1,1,[7 1],4,4,5,0,4
1,<environment.Job instance at 0x14ab25424320>,3,15,[10  1],6,6,21,0,6
1,<environment.Job instance at 0x14ab4e3bbcd0>,11,12,[5 2],16,21,33,5,16
1,<environment.Job instance at 0x14ab4e3bba50>,12,14,[2 8],18,21,35,3,18
1,<environment.Job instance at 0x14ab4e3bb730>,14,16,[7 1],21,33,49,12,21
1,<environment.Job instance at 0x14ab4e3bbf00>,18,15,[2 9],27,35,50,8,27
1,<environment.Job instance at 0x14ab440d4820>,24,14,[2 8],34,50,64,16,40
1,<environment.Job instance at 0x14ab44062370>,32,15,[7 2],46,50,65,4,46
1,<environment.Job instance at 0x14ab44062af0>,38,17,[8 1],53,65,82,12,53
1,<environment.Job instance at 0x14ab44062a50>,41,16,[8 1],60,82,98,22,75
1,<environment.Job instance at 0x14ab2540b280>,52,17,[6 2],76,98,115,22,86
1,<environment.Job instance at 0x14ab257f2eb0>,72,15,[2 8],108,108,123,0,108
1,<environment.Job instance at 0x14ab257f26e0>,74,12,[8 1],110,124,136,14,124
1,<environment.Job instance at 0x14ab44092aa0>,89,14,[ 1 10],133,136,150,3,133
1,<environment.Job instance at 0x14ab25765dc0>,91,14,[2 9],138,150,164,12,141
1,<environment.Job instance at 0x14ab4dc73500>,99,18,[2 7],149,2429,2447,2280,2429
1,<environment.Job instance at 0x14ab4403d140>,1,16,[9 2],2,2,18,0,2
1,<environment.Job instance at 0x14ab4403db40>,9,14,[2 7],10,18,32,8,10
1,<environment.Job instance at 0x14ab44176190>,11,23,[5 2],14,30,53,16,30
1,<environment.Job instance at 0x14ab258472d0>,30,17,[2 5],43,44,61,1,44
1,<environment.Job instance at 0x14ab4953a190>,35,16,[10  2],50,61,77,11,50
1,<environment.Job instance at 0x14ab4953a8c0>,43,16,[10  1],60,77,93,17,68
1,<environment.Job instance at 0x14ab25beb6e0>,55,21,[2 7],74,93,114,19,92
1,<environment.Job instance at 0x14ab253d3190>,63,13,[1 6],82,171,184,89,171
1,<environment.Job instance at 0x14ab255bfdc0>,89,2,[7 1],120,299,301,179,299
1,<environment.Job instance at 0x14ab4e3b1a00>,0,13,[2 5],2,2,15,0,2
1,<environment.Job instance at 0x14ab254934b0>,5,13,[2 5],12,12,25,0,12
1,<environment.Job instance at 0x14ab25493460>,6,12,[2 7],13,25,37,12,13
1,<environment.Job instance at 0x14ab25493690>,7,13,[7 2],14,15,28,1,14
1,<environment.Job instance at 0x14ab254935a0>,8,14,[7 1],15,28,42,13,16
1,<environment.Job instance at 0x14ab25493e60>,15,14,[2 5],22,37,51,15,22
1,<environment.Job instance at 0x14ab2547c690>,20,15,[9 2],30,51,66,21,37
1,<environment.Job instance at 0x14ab2547ceb0>,28,18,[5 2],40,66,84,26,60
1,<environment.Job instance at 0x14ab25492820>,40,12,[5 2],58,66,78,8,60
1,<environment.Job instance at 0x14ab25497410>,45,12,[2 8],67,78,90,11,73
1,<environment.Job instance at 0x14ab486206e0>,52,3,[2 7],80,90,93,10,80
1,<environment.Job instance at 0x14ab485fe2d0>,53,3,[6 2],82,84,87,2,82
1,<environment.Job instance at 0x14ab440caeb0>,54,3,[2 5],84,93,96,9,84
1,<environment.Job instance at 0x14ab440f3820>,60,2,[7 2],92,92,94,0,92
1,<environment.Job instance at 0x14ab44023230>,62,15,[10  2],94,96,111,2,94
1,<environment.Job instance at 0x14ab2559b1e0>,69,18,[1 7],104,111,129,7,104
1,<environment.Job instance at 0x14ab44108410>,70,16,[9 1],106,111,127,5,106
1,<environment.Job instance at 0x14ab4861a910>,77,16,[6 2],114,127,143,13,123
1,<environment.Job instance at 0x14ab255880f0>,89,13,[2 7],128,129,142,1,128
1,<environment.Job instance at 0x14ab25b520f0>,0,3,[1 9],1,1,4,0,1
1,<environment.Job instance at 0x14ab4da09c80>,1,22,[1 7],2,6,28,4,6
1,<environment.Job instance at 0x14ab25b52320>,4,3,[8 1],7,7,10,0,7
1,<environment.Job instance at 0x14ab25b385f0>,12,15,[5 1],16,16,31,0,16
1,<environment.Job instance at 0x14ab25b30910>,15,13,[ 2 10],19,31,44,12,19
1,<environment.Job instance at 0x14ab25b30aa0>,17,17,[1 7],21,44,61,23,32
1,<environment.Job instance at 0x14ab25b2fc30>,24,12,[ 1 10],34,61,73,27,44
1,<environment.Job instance at 0x14ab4e36ecd0>,31,12,[1 8],42,73,85,31,56
1,<environment.Job instance at 0x14ab4e36ee60>,37,3,[2 9],50,85,88,35,59
1,<environment.Job instance at 0x14ab4e36e500>,38,3,[1 6],51,88,91,37,62
1,<environment.Job instance at 0x14ab4400c230>,50,15,[10  1],65,91,106,26,79
1,<environment.Job instance at 0x14ab4e3b6820>,64,13,[6 1],84,106,119,22,98
1,<environment.Job instance at 0x14ab4413e5a0>,71,14,[2 7],93,106,120,13,98
1,<environment.Job instance at 0x14ab4413e0a0>,72,12,[ 1 10],96,120,132,24,113
1,<environment.Job instance at 0x14ab488ab0a0>,88,2,[6 2],120,132,134,12,130
1,<environment.Job instance at 0x14ab25a2cd70>,92,3,[7 2],125,134,137,9,130
1,<environment.Job instance at 0x14ab258e02d0>,99,16,[1 5],137,137,153,0,137
1,<environment.Job instance at 0x14ab4d9222d0>,2,16,[10  1],4,4,20,0,4
1,<environment.Job instance at 0x14ab487e84b0>,14,3,[1 6],23,32,35,9,32
1,<environment.Job instance at 0x14ab487e8500>,15,13,[2 9],25,35,48,10,32
1,<environment.Job instance at 0x14ab487e8640>,16,12,[10  1],26,48,60,22,32
1,<environment.Job instance at 0x14ab487c4550>,26,3,[2 9],37,60,63,23,37
1,<environment.Job instance at 0x14ab487c4690>,27,17,[1 9],38,63,80,25,51
1,<environment.Job instance at 0x14ab487c4730>,28,3,[2 8],39,80,83,41,54
1,<environment.Job instance at 0x14ab487c4870>,30,17,[9 1],41,63,80,22,54
1,<environment.Job instance at 0x14f1eb526c30>,0,12,[2 5],1,1,13,0,1
1,<environment.Job instance at 0x14f1e39b75f0>,6,18,[8 1],7,7,25,0,7
1,<environment.Job instance at 0x14f1e39b7820>,8,13,[6 1],9,25,38,16,9
1,<environment.Job instance at 0x14f1e398b640>,17,17,[6 1],23,38,55,15,26
1,<environment.Job instance at 0x14f1e38bd550>,29,16,[10  2],39,55,71,16,42
1,<environment.Job instance at 0x14f1e38f9e60>,0,3,[1 7],1,1,4,0,1
1,<environment.Job instance at 0x14f1e21b91e0>,3,16,[7 2],4,4,20,0,4
1,<environment.Job instance at 0x14f1e9372280>,5,18,[5 2],7,20,38,13,10
1,<environment.Job instance at 0x14f1e21b9b40>,8,12,[2 9],13,38,50,25,21
1,<environment.Job instance at 0x14f1e1f45780>,28,16,[9 1],43,50,66,7,43
1,<environment.Job instance at 0x14f1e1f458c0>,31,14,[7 2],47,66,80,19,58
1,<environment.Job instance at 0x14f1e1f2e690>,39,14,[1 6],62,62,76,0,62
1,<environment.Job instance at 0x14f1e1f52280>,52,14,[1 9],80,80,94,0,80
1,<environment.Job instance at 0x14f1e1f42050>,54,26,[9 1],84,87,113,3,87
1,<environment.Job instance at 0x14f1e21bbaa0>,62,27,[1 7],95,127,154,32,127
1,<environment.Job instance at 0x14f1e21bb500>,71,3,[1 5],110,154,157,44,128
1,<environment.Job instance at 0x14f1e21bbf00>,74,1,[1 8],115,157,158,42,131
1,<environment.Job instance at 0x14f1e1f64820>,76,3,[1 6],117,158,161,41,132
1,<environment.Job instance at 0x14f1e1f64910>,77,2,[8 2],118,132,134,14,132
1,<environment.Job instance at 0x14f1e1f64780>,78,14,[9 1],120,134,148,14,132
1,<environment.Job instance at 0x14f1e1f64f50>,81,15,[1 5],123,161,176,38,155
1,<environment.Job instance at 0x14f1e21b9910>,11,15,[8 2],16,2773,2788,2757,2773
1,<environment.Job instance at 0x14f1d06d2af0>,0,3,[2 5],1,1,4,0,1
1,<environment.Job instance at 0x14f1d06d2280>,1,12,[6 1],2,2,14,0,2
1,<environment.Job instance at 0x14f1d06d2aa0>,7,2,[5 2],10,14,16,4,10
1,<environment.Job instance at 0x14f1d06d2b90>,8,15,[1 8],12,12,27,0,12
1,<environment.Job instance at 0x14f1d05cf050>,3,12,[7 1],6,6,18,0,6
1,<environment.Job instance at 0x14f1e0166320>,2,13,[7 2],4,4,17,0,4
1,<environment.Job instance at 0x14f1e3900320>,6,3,[2 5],9,9,12,0,9
1,<environment.Job instance at 0x14f1e3900e60>,7,17,[1 7],10,12,29,2,11
1,<environment.Job instance at 0x14f1e943f0f0>,11,18,[6 1],15,17,35,2,16
1,<environment.Job instance at 0x14f1e943f960>,16,16,[6 2],21,35,51,14,22
1,<environment.Job instance at 0x14f1d0b98c80>,2,13,[2 5],8,8,21,0,8
1,<environment.Job instance at 0x14f1e94c0be0>,3,17,[5 1],4,4,21,0,4
1,<environment.Job instance at 0x14f1d0786780>,10,27,[6 1],11,31,58,20,31
1,<environment.Job instance at 0x14f1e0119050>,19,16,[5 2],23,262,278,239,262
1,<environment.Job instance at 0x14f1d07860f0>,13,16,[5 2],14,827,843,813,827
1,<environment.Job instance at 0x14f1d09d9190>,2,25,[9 1],3,3,28,0,3
1,<environment.Job instance at 0x14f1d0a9da00>,6,13,[10  1],8,28,41,20,12
1,<environment.Job instance at 0x14f1d046c370>,17,15,[6 1],23,41,56,18,29
1,<environment.Job instance at 0x14f1d046c5f0>,20,3,[2 8],27,41,44,14,29
1,<environment.Job instance at 0x14f1d046c780>,21,17,[10  1],28,56,73,28,44
1,<environment.Job instance at 0x14f1d046c0a0>,15,1,[7 2],21,73,74,52,45
1,<environment.Job instance at 0x14f1d046c690>,22,26,[5 2],29,858,884,829,858
1,<environment.Job instance at 0x14f1d047ea00>,0,13,[1 9],1,1,14,0,1
1,<environment.Job instance at 0x14f1d046cbe0>,2,15,[9 1],4,4,19,0,4
1,<environment.Job instance at 0x14f1d0a86500>,7,19,[5 2],11,19,38,8,11
1,<environment.Job instance at 0x14f1e1f94550>,13,15,[8 2],17,38,53,21,25
1,<environment.Job instance at 0x14f1e42575f0>,0,3,[5 1],1,1,4,0,1
1,<environment.Job instance at 0x14f1e4257550>,4,12,[7 2],7,7,19,0,7
1,<environment.Job instance at 0x14f1e00d6780>,6,17,[6 2],11,19,36,8,11
1,<environment.Job instance at 0x14f1d05e0af0>,20,14,[9 2],29,36,50,7,29
1,<environment.Job instance at 0x14f1d02ad140>,21,16,[8 2],31,50,66,19,38
1,<environment.Job instance at 0x14f1d02dbf00>,0,18,[2 9],1,3,21,2,3
1,<environment.Job instance at 0x14f1e1c9e370>,2,3,[1 9],4,21,24,17,4
1,<environment.Job instance at 0x14f1e1c9ee60>,3,3,[2 7],6,24,27,18,6
1,<environment.Job instance at 0x14f1e1c9e780>,4,3,[2 9],7,27,30,20,7
1,<environment.Job instance at 0x14f1e1c9e870>,5,3,[6 1],9,9,12,0,9
1,<environment.Job instance at 0x14f1e1c9eb90>,6,18,[7 2],10,30,48,20,19
1,<environment.Job instance at 0x14f1ead8a2d0>,18,17,[9 1],24,48,65,24,36
1,<environment.Job instance at 0x14f1ead8a870>,22,17,[7 2],31,65,82,34,53
1,<environment.Job instance at 0x14f1e7777a00>,37,13,[ 1 10],57,82,95,25,66
1,<environment.Job instance at 0x14f1e0178730>,45,14,[6 2],70,95,109,25,80
1,<environment.Job instance at 0x14f1d0243870>,56,17,[7 1],85,109,126,24,97
1,<environment.Job instance at 0x14f1e38cafa0>,67,14,[10  2],109,126,140,17,111
1,<environment.Job instance at 0x14f1ea995af0>,75,17,[6 1],123,140,157,17,128
1,<environment.Job instance at 0x14f1eb4f5be0>,79,13,[7 2],131,157,170,26,141
1,<environment.Job instance at 0x14f1e38fd230>,2,3,[2 6],3,3,6,0,3
1,<environment.Job instance at 0x14f1d0a98140>,3,2,[1 6],4,6,8,2,4
1,<environment.Job instance at 0x14f1e461f550>,8,2,[7 2],9,9,11,0,9
1,<environment.Job instance at 0x14f1d099ac30>,12,14,[8 2],15,15,29,0,15
1,<environment.Job instance at 0x14f1e467a640>,0,16,[ 2 10],3,3,19,0,3
1,<environment.Job instance at 0x14f1e0145190>,1,13,[8 1],4,19,32,15,5
1,<environment.Job instance at 0x14f1d0654af0>,3,17,[2 7],8,19,36,11,8
1,<environment.Job instance at 0x14f1d03be690>,17,15,[10  1],26,36,51,10,26
1,<environment.Job instance at 0x14f1d03be050>,14,3,[8 1],22,32,35,10,31
1,<environment.Job instance at 0x14f1d03bed70>,23,2,[6 2],34,51,53,17,35
1,<environment.Job instance at 0x14f1d03beaf0>,20,15,[5 2],30,53,68,23,39
1,<environment.Job instance at 0x14f1d03bf4b0>,28,16,[7 1],41,68,84,27,55
1,<environment.Job instance at 0x14f1d03bd370>,40,16,[5 1],58,84,100,26,76
1,<environment.Job instance at 0x14f1d03bdc80>,51,15,[2 8],72,76,91,4,76
1,<environment.Job instance at 0x14f1d03bde10>,52,17,[8 1],73,100,117,27,88
1,<environment.Job instance at 0x14f1d03aab90>,71,23,[2 9],102,119,142,17,119
1,<environment.Job instance at 0x14f1d0b37960>,81,2,[8 1],120,120,122,0,120
1,<environment.Job instance at 0x14f1d0b37be0>,82,3,[2 7],121,142,145,21,121
1,<environment.Job instance at 0x14f1d0ae7fa0>,83,1,[1 6],122,145,146,23,122
1,<environment.Job instance at 0x14f1d0b4d190>,86,15,[2 8],128,146,161,18,132
1,<environment.Job instance at 0x14f1d0b5d640>,93,16,[1 9],136,161,177,25,148
1,<environment.Job instance at 0x14f1d03c8320>,103,14,[ 1 10],153,177,191,24,164
1,<environment.Job instance at 0x14f1d03c8aa0>,110,3,[6 2],163,191,194,28,188
1,<environment.Job instance at 0x14f1d09f6690>,0,13,[2 5],2,2,15,0,2
1,<environment.Job instance at 0x14f1d09c4d20>,5,13,[2 5],12,12,25,0,12
1,<environment.Job instance at 0x14f1d09c43c0>,6,12,[2 7],13,25,37,12,13
1,<environment.Job instance at 0x14f1d09c4f50>,7,13,[7 2],14,15,28,1,14
1,<environment.Job instance at 0x14f1d09c4690>,8,14,[7 1],15,28,42,13,17
1,<environment.Job instance at 0x14f1e21dc190>,15,14,[2 5],22,37,51,15,22
1,<environment.Job instance at 0x14f1e21dca00>,19,2,[5 1],28,42,44,14,28
1,<environment.Job instance at 0x14f1d08d2780>,20,15,[9 2],30,51,66,21,37
1,<environment.Job instance at 0x14f1d0835960>,28,18,[5 2],40,75,93,35,75
1,<environment.Job instance at 0x14f1d08359b0>,33,18,[2 6],51,85,103,34,85
1,<environment.Job instance at 0x14f1e1a57c80>,4,15,[5 1],6,9,24,3,9
1,<environment.Job instance at 0x14f1e1a576e0>,9,17,[1 7],11,11,28,0,11
1,<environment.Job instance at 0x14f1e1a57be0>,13,22,[5 2],19,24,46,5,21
1,<environment.Job instance at 0x14f1e1a4f960>,20,13,[5 2],29,29,42,0,29
1,<environment.Job instance at 0x14f1e1a4fd70>,25,17,[1 8],35,42,59,7,35
1,<environment.Job instance at 0x14f1e1a36780>,34,21,[10  1],45,59,80,14,51
1,<environment.Job instance at 0x14f1e1a34190>,42,15,[10  1],55,80,95,25,66
1,<environment.Job instance at 0x14f1e1a34780>,49,1,[1 6],67,95,96,28,80
1,<environment.Job instance at 0x14f1e43875a0>,56,13,[6 1],74,95,108,21,80
1,<environment.Job instance at 0x14f1e4387550>,59,3,[2 8],77,96,99,19,80
1,<environment.Job instance at 0x14f1e4387190>,61,3,[1 8],80,99,102,19,80
1,<environment.Job instance at 0x14f1d067a8c0>,63,14,[2 7],83,102,116,19,87
1,<environment.Job instance at 0x14f1d0a133c0>,64,12,[ 1 10],86,116,128,30,99
1,<environment.Job instance at 0x14f1d0a017d0>,67,2,[5 2],91,108,110,17,99
1,<environment.Job instance at 0x14f1d0a015a0>,69,21,[5 2],94,128,149,34,122
1,<environment.Job instance at 0x14f1d0a1fa00>,1,3,[1 6],3,3,6,0,3
1,<environment.Job instance at 0x14f1e21b1960>,2,13,[2 9],5,6,19,1,5
1,<environment.Job instance at 0x14f1d067aa50>,3,12,[10  1],6,19,31,13,6
1,<environment.Job instance at 0x14f1d067a460>,6,3,[1 6],9,31,34,22,9
1,<environment.Job instance at 0x14f1d0674050>,12,20,[6 1],15,31,51,16,22
1,<environment.Job instance at 0x14f1d06779b0>,17,17,[9 1],21,51,68,30,39
1,<environment.Job instance at 0x14f1d06a1b40>,21,3,[2 8],28,39,42,11,39
1,<environment.Job instance at 0x14f1d06a8820>,32,1,[5 1],42,68,69,26,42
1,<environment.Job instance at 0x14f1ea9bdcd0>,33,15,[1 8],44,44,59,0,44
1,<environment.Job instance at 0x14f1ea9bd5f0>,38,18,[2 7],55,68,86,13,60
1,<environment.Job instance at 0x14f1e376eeb0>,42,17,[2 7],63,86,103,23,78
1,<environment.Job instance at 0x14f1ea9d23c0>,56,16,[5 2],83,83,99,0,83
1,<environment.Job instance at 0x14f1e378a2d0>,62,3,[7 2],90,99,102,9,90
1,<environment.Job instance at 0x14f1e378a320>,63,3,[2 6],91,103,106,12,91
1,<environment.Job instance at 0x14f1e378a5a0>,65,2,[5 2],94,102,104,8,94
1,<environment.Job instance at 0x14f1e378a7d0>,66,1,[7 2],95,104,105,9,95
1,<environment.Job instance at 0x14f1e378a3c0>,67,15,[10  2],96,106,121,10,96
1,<environment.Job instance at 0x14f1d0677230>,15,3,[2 8],19,121,124,102,100
1,<environment.Job instance at 0x14f1e3787820>,71,14,[6 1],100,2284,2298,2184,2284
1,<environment.Job instance at 0x14f1e0007960>,2,1,[10  2],3,3,4,0,3
1,<environment.Job instance at 0x14f1d06c82d0>,3,3,[1 5],5,5,8,0,5
1,<environment.Job instance at 0x14f1e4267e10>,5,3,[2 7],7,8,11,1,7
1,<environment.Job instance at 0x14f1e42540a0>,9,1,[7 2],14,1172,1173,1158,1172
1,<environment.Job instance at 0x14777daee640>,0,12,[2 5],1,1,13,0,1
1,<environment.Job instance at 0x14777daeeaa0>,2,1,[2 5],3,3,4,0,3
1,<environment.Job instance at 0x147775f782d0>,6,18,[8 1],7,7,25,0,7
1,<environment.Job instance at 0x147775f93550>,10,13,[2 8],12,13,26,1,12
1,<environment.Job instance at 0x147775f5ed70>,16,1,[2 5],21,26,27,5,21
1,<environment.Job instance at 0x147775f5e6e0>,17,17,[6 1],23,25,42,2,23
1,<environment.Job instance at 0x147775f53a50>,24,12,[ 1 10],32,42,54,10,32
1,<environment.Job instance at 0x147775ec9c80>,29,16,[10  2],39,54,70,15,41
1,<environment.Job instance at 0x147773feccd0>,1,15,[1 7],5,5,20,0,5
1,<environment.Job instance at 0x1477744d5e10>,6,15,[2 7],13,20,35,7,13
1,<environment.Job instance at 0x1477744d5f00>,9,17,[ 2 10],16,35,52,19,23
1,<environment.Job instance at 0x14777426a910>,17,15,[1 7],25,52,67,27,38
1,<environment.Job instance at 0x14777426a6e0>,19,14,[10  1],29,67,81,38,52
1,<environment.Job instance at 0x1477744ec500>,28,16,[1 6],39,81,97,42,68
1,<environment.Job instance at 0x1477744ec3c0>,32,16,[9 1],46,81,97,35,68
1,<environment.Job instance at 0x1477744ec2d0>,33,15,[9 2],50,97,112,47,89
1,<environment.Job instance at 0x14777426ab40>,13,2,[ 1 10],21,112,114,91,92
1,<environment.Job instance at 0x14777af8bcd0>,56,14,[6 1],87,114,128,27,108
1,<environment.Job instance at 0x147732df0780>,1,3,[2 7],3,3,6,0,3
1,<environment.Job instance at 0x14777b309370>,48,27,[1 7],75,80,107,5,80
1,<environment.Job instance at 0x14777b309640>,51,13,[ 2 10],82,107,120,25,91
1,<environment.Job instance at 0x14777b3090f0>,54,2,[8 1],86,91,93,5,91
1,<environment.Job instance at 0x14777b309050>,57,3,[1 5],90,120,123,30,94
1,<environment.Job instance at 0x147774505c30>,59,3,[2 8],92,123,126,31,97
1,<environment.Job instance at 0x14777450c3c0>,60,1,[1 8],95,421,422,326,421
1,<environment.Job instance at 0x1477333684b0>,0,1,[2 6],1,1,2,0,1
1,<environment.Job instance at 0x147733368820>,1,3,[1 7],3,3,6,0,3
1,<environment.Job instance at 0x147733368730>,2,17,[2 7],4,6,23,2,4
1,<environment.Job instance at 0x1477333682d0>,3,14,[1 6],5,23,37,18,8
1,<environment.Job instance at 0x147733363550>,8,12,[9 2],10,23,35,13,10
1,<environment.Job instance at 0x1477332db230>,12,16,[10  2],14,37,53,23,24
1,<environment.Job instance at 0x147732cd2af0>,21,14,[2 8],25,53,67,28,38
1,<environment.Job instance at 0x147732cd2d20>,22,2,[7 1],26,53,55,27,38
1,<environment.Job instance at 0x147732cd2960>,23,3,[7 1],27,55,58,28,38
1,<environment.Job instance at 0x147732cd2910>,24,13,[10  1],28,67,80,39,54
1,<environment.Job instance at 0x147776c428c0>,34,12,[7 1],44,80,92,36,68
1,<environment.Job instance at 0x147775e28780>,42,14,[2 5],58,80,94,22,69
1,<environment.Job instance at 0x147776ba9af0>,48,18,[1 5],67,92,110,25,89
1,<environment.Job instance at 0x1477747867d0>,56,16,[ 2 10],82,110,126,28,97
1,<environment.Job instance at 0x14777b989320>,57,3,[10  2],83,126,129,43,100
1,<environment.Job instance at 0x1477332d25f0>,68,14,[2 8],103,129,143,26,114
1,<environment.Job instance at 0x1477332810a0>,69,2,[5 2],104,129,131,25,114
1,<environment.Job instance at 0x1477332d2cd0>,70,27,[1 7],105,145,172,40,145
1,<environment.Job instance at 0x147732abc870>,79,2,[2 9],117,172,174,55,148
1,<environment.Job instance at 0x147732beb640>,86,15,[2 7],130,174,189,44,160
1,<environment.Job instance at 0x147732b86a00>,94,12,[7 1],146,163,175,17,163
1,<environment.Job instance at 0x147732b52d20>,0,14,[1 5],1,1,15,0,1
1,<environment.Job instance at 0x147732b525a0>,1,12,[2 6],3,15,27,12,3
1,<environment.Job instance at 0x147732b5fa50>,3,17,[2 8],6,27,44,21,15
1,<environment.Job instance at 0x147732b94e10>,9,14,[9 2],16,44,58,28,29
1,<environment.Job instance at 0x147732b94a50>,16,13,[1 9],24,58,71,34,44
1,<environment.Job instance at 0x147732b96d70>,24,17,[5 2],34,71,88,37,59
1,<environment.Job instance at 0x147732b52af0>,35,14,[8 2],47,88,102,41,73
1,<environment.Job instance at 0x147775c72d70>,39,13,[2 8],53,73,86,20,73
1,<environment.Job instance at 0x14777b9384b0>,44,17,[10  1],60,102,119,42,90
1,<environment.Job instance at 0x147776b7e1e0>,47,21,[ 2 10],64,125,146,61,125
1,<environment.Job instance at 0x147732abc410>,75,13,[2 6],99,146,159,47,138
1,<environment.Job instance at 0x147732abc0f0>,78,17,[7 1],104,149,166,45,149
1,<environment.Job instance at 0x147732b35cd0>,81,16,[6 1],107,166,182,59,153
1,<environment.Job instance at 0x147775e2b5a0>,87,13,[2 9],113,159,172,46,153
1,<environment.Job instance at 0x147732ace410>,91,13,[10  1],119,182,195,63,166
1,<environment.Job instance at 0x147732aac730>,93,14,[2 9],121,195,209,74,180
1,<environment.Job instance at 0x147732ad8550>,96,3,[6 1],124,195,198,71,180
1,<environment.Job instance at 0x1477332e2e10>,100,17,[1 8],128,209,226,81,207
1,<environment.Job instance at 0x147775cba780>,117,22,[2 6],149,226,248,77,220
1,<environment.Job instance at 0x147733367140>,123,1,[8 1],157,220,221,63,220
1,<environment.Job instance at 0x147775deff00>,124,1,[5 1],159,221,222,62,220
1,<environment.Job instance at 0x14777b989be0>,125,2,[7 2],160,222,224,62,220
1,<environment.Job instance at 0x147732ee1050>,3,15,[1 9],6,6,21,0,6
1,<environment.Job instance at 0x1477331e7cd0>,13,15,[6 1],22,22,37,0,22
1,<environment.Job instance at 0x147775d8d230>,15,17,[10  1],26,37,54,11,26
1,<environment.Job instance at 0x147732ecc730>,18,21,[6 1],30,54,75,24,51
1,<environment.Job instance at 0x14773321e370>,30,12,[2 8],48,54,66,6,51
1,<environment.Job instance at 0x14773321e5f0>,31,3,[ 1 10],51,75,78,24,51
1,<environment.Job instance at 0x14773321eb40>,33,18,[9 1],53,78,96,25,67
1,<environment.Job instance at 0x14773321eb90>,35,13,[8 2],56,96,109,40,80
1,<environment.Job instance at 0x147732b0c0f0>,57,12,[9 1],87,109,121,22,92
1,<environment.Job instance at 0x147732ca56e0>,59,16,[9 2],90,121,137,31,108
1,<environment.Job instance at 0x147776933280>,61,15,[6 1],93,137,152,44,126
1,<environment.Job instance at 0x1477331a37d0>,78,17,[5 1],114,171,188,57,171
1,<environment.Job instance at 0x14777b0bbaf0>,94,16,[5 2],133,171,187,38,171
1,<environment.Job instance at 0x147732ded6e0>,0,16,[7 1],1,1,17,0,1
1,<environment.Job instance at 0x14777006fd20>,2,14,[1 8],3,3,17,0,3
1,<environment.Job instance at 0x147775e129b0>,6,3,[2 6],7,17,20,10,7
1,<environment.Job instance at 0x147775e121e0>,8,3,[6 1],9,17,20,8,9
1,<environment.Job instance at 0x147775e12c30>,9,15,[6 1],15,20,35,5,15
1,<environment.Job instance at 0x14777ba35230>,11,17,[8 1],17,35,52,18,23
1,<environment.Job instance at 0x147732b870a0>,17,12,[ 1 10],23,52,64,29,35
1,<environment.Job instance at 0x147732b87410>,21,15,[8 1],29,64,79,35,50
1,<environment.Job instance at 0x147732cf8500>,26,13,[7 2],40,79,92,39,63
1,<environment.Job instance at 0x147775f56410>,35,17,[1 5],52,64,81,12,63
1,<environment.Job instance at 0x147775f63730>,43,18,[1 7],66,81,99,15,71
1,<environment.Job instance at 0x1477700740f0>,14,3,[9 1],20,160,163,140,160
1,<environment.Job instance at 0x14777423c410>,70,3,[2 7],104,738,741,634,738
1,<environment.Job instance at 0x14777423c640>,1,18,[8 1],8,8,26,0,8
1,<environment.Job instance at 0x147732a37e10>,6,12,[2 9],17,17,29,0,17
1,<environment.Job instance at 0x1477329ba3c0>,10,17,[6 2],22,29,46,7,22
1,<environment.Job instance at 0x1477329bab90>,16,20,[7 2],29,46,66,17,40
1,<environment.Job instance at 0x1477329bcd20>,35,18,[10  2],59,66,84,7,59
1,<environment.Job instance at 0x1477329beb40>,43,17,[9 2],69,84,101,15,72
1,<environment.Job instance at 0x1477329bec30>,47,15,[7 1],77,101,116,24,87
1,<environment.Job instance at 0x1477329c0320>,53,16,[1 7],83,87,103,4,87
1,<environment.Job instance at 0x1477329c0460>,54,17,[5 2],85,116,133,31,104
1,<environment.Job instance at 0x1477329c05f0>,55,3,[10  1],87,133,136,46,107
1,<environment.Job instance at 0x1477329c0b90>,57,17,[8 1],89,136,153,47,124
1,<environment.Job instance at 0x147775f13730>,4,17,[7 2],6,6,23,0,6
1,<environment.Job instance at 0x147775f13050>,5,13,[2 5],7,7,20,0,7
1,<environment.Job instance at 0x147732b80190>,7,16,[6 1],10,23,39,13,13
1,<environment.Job instance at 0x14773317f6e0>,18,17,[1 5],26,26,43,0,26
1,<environment.Job instance at 0x1477333e7280>,26,3,[2 5],34,39,42,5,34
1,<environment.Job instance at 0x147732b86cd0>,27,18,[10  1],35,43,61,8,35
1,<environment.Job instance at 0x147732b86280>,29,15,[2 7],37,61,76,24,47
1,<environment.Job instance at 0x147732e3abe0>,37,14,[9 2],49,76,90,27,61
1,<environment.Job instance at 0x147732e3aeb0>,32,2,[1 9],42,90,92,48,79
1,<environment.Job instance at 0x147775e97aa0>,41,16,[8 1],54,90,106,36,82
1,<environment.Job instance at 0x14777b07eb90>,64,23,[1 5],84,132,155,48,132
1,<environment.Job instance at 0x147732cb9410>,0,3,[2 5],1,1,4,0,1
1,<environment.Job instance at 0x14777beb9730>,1,16,[7 2],2,2,18,0,2
1,<environment.Job instance at 0x147732f34960>,9,2,[10  1],17,18,20,1,17
1,<environment.Job instance at 0x147732f34a50>,10,13,[1 8],18,20,33,2,18
1,<environment.Job instance at 0x147732f34c80>,12,26,[5 2],22,25,51,3,25
1,<environment.Job instance at 0x147732f34e10>,15,14,[10  2],26,51,65,25,45
1,<environment.Job instance at 0x147732c8da50>,37,18,[2 9],61,65,83,4,63
1,<environment.Job instance at 0x147732cb0910>,43,18,[7 2],70,167,185,97,167
1,<environment.Job instance at 0x14777b018820>,76,13,[7 2],121,199,212,78,199
1,<environment.Job instance at 0x1477327e9870>,1,17,[6 1],3,3,20,0,3
1,<environment.Job instance at 0x1477327b7460>,4,18,[2 8],8,8,26,0,8
1,<environment.Job instance at 0x1477327b7be0>,5,13,[7 2],11,20,33,9,12
1,<environment.Job instance at 0x1477327b9230>,12,2,[2 5],24,26,28,2,24
1,<environment.Job instance at 0x1477327b93c0>,13,16,[5 2],25,33,49,8,25
1,<environment.Job instance at 0x1477327863c0>,0,3,[1 6],2,2,5,0,2
1,<environment.Job instance at 0x1477327866e0>,2,12,[5 2],4,5,17,1,5
1,<environment.Job instance at 0x14773307d500>,5,3,[1 8],8,8,11,0,8
1,<environment.Job instance at 0x14773307d730>,6,3,[2 9],12,17,20,5,12
1,<environment.Job instance at 0x1477333d5f00>,8,3,[7 1],16,17,20,1,16
1,<environment.Job instance at 0x14773307dc30>,9,3,[ 2 10],19,20,23,1,19
1,<environment.Job instance at 0x1477331707d0>,12,3,[1 6],26,26,29,0,26
1,<environment.Job instance at 0x1477331f4780>,13,13,[1 5],27,29,42,2,27
1,<environment.Job instance at 0x14777b0b4b40>,18,18,[1 8],33,42,60,9,35
1,<environment.Job instance at 0x14773277a3c0>,20,3,[9 2],36,36,39,0,36
1,<environment.Job instance at 0x147775ec9f00>,21,12,[8 1],37,39,51,2,37
1,<environment.Job instance at 0x1477747a30a0>,23,16,[ 2 10],43,60,76,17,47
1,<environment.Job instance at 0x1477747a3cd0>,26,17,[2 7],48,76,93,28,64
1,<environment.Job instance at 0x1477330e3960>,41,17,[6 1],68,76,93,8,70
1,<environment.Job instance at 0x147732fb02d0>,44,13,[6 2],71,93,106,22,77
1,<environment.Job instance at 0x14777b06e9b0>,55,15,[2 9],87,106,121,19,92
1,<environment.Job instance at 0x14777b06e7d0>,56,15,[7 2],88,121,136,33,107
1,<environment.Job instance at 0x14777b06e0a0>,63,16,[5 1],98,139,155,41,139
1,<environment.Job instance at 0x147774782b90>,78,16,[8 1],120,155,171,35,142
1,<environment.Job instance at 0x147776815960>,89,17,[6 2],136,171,188,35,159
1,<environment.Job instance at 0x1477747a3370>,27,1,[2 9],49,188,189,139,171
1,<environment.Job instance at 0x1477327ede10>,95,15,[5 2],143,189,204,46,175
1,<environment.Job instance at 0x14773281bc30>,109,15,[2 8],168,189,204,21,175
1,<environment.Job instance at 0x1477327edfa0>,96,2,[7 1],144,278,280,134,278
1,<environment.Job instance at 0x14777ba75af0>,2,1,[7 2],6,6,7,0,6
1,<environment.Job instance at 0x14777ba75690>,3,3,[1 7],7,7,10,0,7
1,<environment.Job instance at 0x1477330e5dc0>,5,3,[1 8],10,10,13,0,10
1,<environment.Job instance at 0x1477328ff5f0>,6,14,[ 1 10],13,13,27,0,13
1,<environment.Job instance at 0x1477328ff230>,8,14,[2 9],18,27,41,9,18
1,<environment.Job instance at 0x1477328ffa50>,14,1,[9 2],27,63,64,36,63
1,<environment.Job instance at 0x1477328ffc80>,11,26,[ 2 10],21,66,92,45,66
1,<environment.Job instance at 0x14773290e5f0>,28,2,[2 7],45,92,94,47,68
1,<environment.Job instance at 0x14773290e910>,33,14,[2 7],50,94,108,44,79
1,<environment.Job instance at 0x14773290e320>,34,1,[10  1],52,108,109,56,80
1,<environment.Job instance at 0x14773290e9b0>,35,23,[5 2],54,114,137,60,114
1,<environment.Job instance at 0x14773290af50>,54,17,[2 5],83,115,132,32,115
1,<environment.Job instance at 0x147732900780>,59,16,[10  2],90,137,153,47,124
1,<environment.Job instance at 0x147732900f00>,67,16,[10  1],100,153,169,53,140
1,<environment.Job instance at 0x1477329295f0>,79,21,[2 7],114,169,190,55,166
1,<environment.Job instance at 0x147732929cd0>,81,3,[1 7],116,190,193,74,166
1,<environment.Job instance at 0x14773292f190>,85,27,[2 7],120,193,220,73,193
1,<environment.Job instance at 0x1477330c0d20>,105,3,[5 1],151,196,199,45,196
1,<environment.Job instance at 0x1477330c0640>,107,3,[1 9],154,220,223,66,196
1,<environment.Job instance at 0x1477330f31e0>,108,2,[1 9],155,223,225,68,196
1,<environment.Job instance at 0x1477330f3370>,109,3,[ 2 10],156,225,228,69,199
1,<environment.Job instance at 0x1477330e0c30>,110,3,[2 6],157,228,231,71,202
1,<environment.Job instance at 0x14777ba47fa0>,0,13,[ 1 10],1,1,14,0,1
1,<environment.Job instance at 0x14773290e280>,2,22,[2 8],4,14,36,10,7
1,<environment.Job instance at 0x14777ba47690>,6,2,[7 1],8,14,16,6,8
1,<environment.Job instance at 0x14777ba47af0>,7,1,[10  2],9,36,37,27,9
1,<environment.Job instance at 0x1477331ed690>,13,16,[5 1],19,37,53,18,24
1,<environment.Job instance at 0x1477331ed280>,15,13,[2 5],22,37,50,15,24
1,<environment.Job instance at 0x1477331edf00>,17,3,[1 7],25,50,53,25,25
1,<environment.Job instance at 0x14777424a6e0>,30,14,[2 5],42,53,67,11,42
1,<environment.Job instance at 0x14777424ac30>,31,1,[10  2],45,67,68,22,45
1,<environment.Job instance at 0x14777424afa0>,32,1,[5 1],46,53,54,7,46
1,<environment.Job instance at 0x14777424a550>,33,3,[1 8],47,68,71,21,47
1,<environment.Job instance at 0x14777423ddc0>,34,2,[5 1],48,54,56,6,48
1,<environment.Job instance at 0x14777423dd20>,35,15,[9 2],50,68,83,18,54
1,<environment.Job instance at 0x14777ba476e0>,9,3,[10  2],15,83,86,68,59
1,<environment.Job instance at 0x14777423dcd0>,43,18,[5 2],60,86,104,26,83
1,<environment.Job instance at 0x1477331a7960>,59,14,[6 1],86,104,118,18,101
1,<environment.Job instance at 0x14777cf638c0>,67,3,[2 7],100,101,104,1,101
1,<environment.Job instance at 0x14777d353af0>,69,3,[2 5],104,104,107,0,104
1,<environment.Job instance at 0x14777686a870>,70,21,[1 9],105,108,129,3,108
1,<environment.Job instance at 0x14777684f0a0>,73,16,[ 1 10],110,129,145,19,116
1,<environment.Job instance at 0x14777d986d20>,74,18,[10  1],111,145,163,34,134
1,<environment.Job instance at 0x14777d986690>,77,15,[10  2],114,163,178,49,149
1,<environment.Job instance at 0x14777cfbd500>,85,16,[9 1],126,178,194,52,165
1,<environment.Job instance at 0x147732dcca50>,104,13,[2 7],148,194,207,46,178
1,<environment.Job instance at 0x1477332febe0>,109,18,[8 2],153,194,212,41,183
1,<environment.Job instance at 0x1477332fe8c0>,111,17,[8 1],156,212,229,56,204
1,<environment.Job instance at 0x147775ccc7d0>,125,18,[1 9],178,235,253,57,235
1,<environment.Job instance at 0x14777423d0f0>,39,3,[8 2],56,358,361,302,358
1,<environment.Job instance at 0x147732b54500>,1,22,[1 7],2,6,28,4,6
1,<environment.Job instance at 0x147732eb9d20>,4,3,[8 1],7,7,10,0,7
1,<environment.Job instance at 0x147779d63640>,12,15,[5 1],16,16,31,0,16
1,<environment.Job instance at 0x147779d63cd0>,15,13,[ 2 10],19,31,44,12,19
1,<environment.Job instance at 0x147779d632d0>,16,3,[ 1 10],20,44,47,24,20
1,<environment.Job instance at 0x147779d63b40>,17,17,[1 7],21,47,64,26,35
1,<environment.Job instance at 0x147775e1bfa0>,26,13,[6 1],37,47,60,10,37
1,<environment.Job instance at 0x147775e1b500>,27,19,[7 2],38,60,79,22,52
1,<environment.Job instance at 0x14777aff8960>,35,25,[7 2],48,79,104,31,76
1,<environment.Job instance at 0x147732c38a00>,42,21,[10  1],55,104,125,49,96
1,<environment.Job instance at 0x147732ba2d20>,71,14,[2 7],93,125,139,32,110
1,<environment.Job instance at 0x147776bebbe0>,72,12,[ 1 10],96,139,151,43,122
1,<environment.Job instance at 0x1477329e2410>,73,1,[ 2 10],97,151,152,54,123
1,<environment.Job instance at 0x147774028cd0>,74,2,[1 9],99,152,154,53,125
1,<environment.Job instance at 0x147732f9af00>,75,2,[5 2],101,125,127,24,125
1,<environment.Job instance at 0x147779d635a0>,20,1,[5 1],28,127,128,99,127
1,<environment.Job instance at 0x147775cee730>,77,21,[5 2],104,157,178,53,157
1,<environment.Job instance at 0x147732e5ae10>,106,12,[9 1],147,178,190,31,161
1,<environment.Job instance at 0x147732dc23c0>,112,15,[2 6],156,163,178,7,163
1,<environment.Job instance at 0x147732dc2140>,113,12,[2 6],157,190,202,33,173
1,<environment.Job instance at 0x1477328485f0>,117,16,[10  1],164,202,218,38,189
1,<environment.Job instance at 0x147732848820>,121,25,[1 7],169,218,243,49,216
1,<environment.Job instance at 0x1477329be910>,78,2,[ 1 10],105,381,383,276,381
1,<environment.Job instance at 0x1477329fd960>,2,13,[2 9],5,5,18,0,5
1,<environment.Job instance at 0x1477332db320>,3,12,[10  1],6,18,30,12,6
1,<environment.Job instance at 0x14777b2d9730>,14,17,[1 9],18,30,47,12,26
1,<environment.Job instance at 0x14777b2d9dc0>,21,3,[2 8],28,47,50,19,28
1,<environment.Job instance at 0x14777b2d9eb0>,22,1,[5 1],29,30,31,1,29
1,<environment.Job instance at 0x14777b2d9960>,17,17,[9 1],21,60,77,39,60
1,<environment.Job instance at 0x14777b2cbbe0>,44,13,[9 2],65,77,90,12,65
1,<environment.Job instance at 0x14777b300960>,48,17,[8 1],72,90,107,18,78
1,<environment.Job instance at 0x14777b3005a0>,50,18,[2 7],75,90,108,15,79
1,<environment.Job instance at 0x14777b300a50>,51,16,[1 8],76,342,358,266,342
1,<environment.Job instance at 0x147732e7c460>,71,14,[6 1],100,395,409,295,395
1,<environment.Job instance at 0x147732e22140>,1,20,[1 9],2,2,22,0,2
1,<environment.Job instance at 0x147732e29af0>,6,15,[5 1],11,12,27,1,12
1,<environment.Job instance at 0x147732e293c0>,12,23,[10  2],18,27,50,9,21
1,<environment.Job instance at 0x14777b094c30>,30,18,[9 2],46,72,90,26,72
1,<environment.Job instance at 0x14777ba0fc30>,36,14,[7 1],55,90,104,35,80
1,<environment.Job instance at 0x147776b80820>,51,17,[5 1],84,104,121,20,92
1,<environment.Job instance at 0x147776b800f0>,54,16,[2 6],91,92,108,1,92
1,<environment.Job instance at 0x14777685efa0>,1,18,[6 2],3,3,21,0,3
1,<environment.Job instance at 0x147775eed0a0>,3,13,[1 9],6,21,34,15,6
1,<environment.Job instance at 0x14777479d410>,4,13,[ 2 10],8,34,47,26,18
1,<environment.Job instance at 0x14777683f5f0>,11,13,[6 2],19,47,60,28,31
1,<environment.Job instance at 0x14777683f910>,16,13,[2 7],24,47,60,23,31
1,<environment.Job instance at 0x14777683fa00>,17,17,[9 1],25,60,77,35,48
1,<environment.Job instance at 0x14777683fb40>,18,15,[2 9],27,77,92,50,63
1,<environment.Job instance at 0x14777686c230>,23,1,[10  1],34,92,93,58,64
1,<environment.Job instance at 0x14777686c1e0>,24,24,[2 7],36,93,117,57,92
1,<environment.Job instance at 0x14777686ce60>,40,1,[1 7],61,117,118,56,92
1,<environment.Job instance at 0x147776858050>,42,1,[5 1],66,93,94,27,92
1,<environment.Job instance at 0x1477768580a0>,43,15,[7 1],67,94,109,27,92
1,<environment.Job instance at 0x14777683a190>,56,16,[6 2],90,109,125,19,103
1,<environment.Job instance at 0x14777683ad70>,62,15,[5 2],98,125,140,27,111
1,<environment.Job instance at 0x147776866320>,72,17,[7 1],112,140,157,28,136
1,<environment.Job instance at 0x1477768620a0>,79,15,[9 2],126,157,172,31,143
1,<environment.Job instance at 0x147775efc9b0>,95,14,[1 7],148,159,173,11,159
1,<environment.Job instance at 0x147775ef4230>,96,15,[8 2],149,172,187,23,159
1,<environment.Job instance at 0x147733077460>,98,15,[7 1],152,187,202,35,173
1,<environment.Job instance at 0x147775cf4820>,107,19,[1 8],164,173,192,9,173
1,<environment.Job instance at 0x1489531acc30>,0,12,[2 5],1,1,13,0,1
1,<environment.Job instance at 0x14894b64b690>,6,18,[8 1],7,7,25,0,7
1,<environment.Job instance at 0x14894b655230>,8,13,[6 1],9,25,38,16,9
1,<environment.Job instance at 0x14894b6550f0>,10,13,[2 8],12,13,26,1,12
1,<environment.Job instance at 0x14894b621550>,17,17,[6 1],23,38,55,15,26
1,<environment.Job instance at 0x14894b611190>,29,16,[10  2],39,55,71,16,42
1,<environment.Job instance at 0x1489496afeb0>,2,15,[2 7],3,3,18,0,3
1,<environment.Job instance at 0x1489496aac30>,3,2,[ 2 10],4,18,20,14,4
1,<environment.Job instance at 0x1489496aa820>,5,17,[ 2 10],6,20,37,14,8
1,<environment.Job instance at 0x1489496aad20>,8,3,[5 2],10,10,13,0,10
1,<environment.Job instance at 0x1489496aa460>,9,2,[ 1 10],11,37,39,26,11
1,<environment.Job instance at 0x1489496aaf00>,10,13,[ 2 10],12,39,52,27,23
1,<environment.Job instance at 0x148949b8c140>,15,14,[10  1],19,52,66,33,37
1,<environment.Job instance at 0x148949b8c730>,23,18,[8 1],28,66,84,38,64
1,<environment.Job instance at 0x1489499284b0>,44,18,[10  1],66,84,102,18,73
1,<environment.Job instance at 0x148950779690>,65,18,[5 2],93,153,171,60,153
1,<environment.Job instance at 0x14894b5d1aa0>,92,13,[5 2],131,156,169,25,156
1,<environment.Job instance at 0x148950691410>,97,12,[7 1],141,171,183,30,157
1,<environment.Job instance at 0x148950691140>,98,20,[8 2],142,335,355,193,335
1,<environment.Job instance at 0x148949b8c370>,2,16,[9 1],3,3,19,0,3
1,<environment.Job instance at 0x14894c02d4b0>,5,14,[7 2],7,19,33,12,8
1,<environment.Job instance at 0x148949bc73c0>,10,18,[6 2],16,33,51,17,22
1,<environment.Job instance at 0x148949bd8820>,25,14,[1 6],39,39,53,0,39
1,<environment.Job instance at 0x148949bd8c80>,26,14,[1 9],40,53,67,13,41
1,<environment.Job instance at 0x1489496cf410>,28,26,[9 1],44,55,81,11,55
1,<environment.Job instance at 0x1489496cf960>,38,16,[2 8],59,81,97,22,81
1,<environment.Job instance at 0x148949c266e0>,73,17,[2 9],107,108,125,1,108
1,<environment.Job instance at 0x148949c26be0>,74,15,[7 2],108,125,140,17,111
1,<environment.Job instance at 0x148948065190>,75,16,[2 8],109,125,141,16,112
1,<environment.Job instance at 0x1489480659b0>,78,3,[2 8],112,141,144,29,115
1,<environment.Job instance at 0x14894806a0a0>,80,3,[5 2],116,140,143,24,140
1,<environment.Job instance at 0x1489480ac7d0>,99,15,[1 8],142,144,159,2,142
1,<environment.Job instance at 0x148948080c80>,100,3,[1 7],143,159,162,16,146
1,<environment.Job instance at 0x1489481425f0>,2,3,[2 8],7,7,10,0,7
1,<environment.Job instance at 0x1489482724b0>,4,16,[10  1],9,10,26,1,9
1,<environment.Job instance at 0x14894040cf00>,12,18,[2 6],24,26,44,2,24
1,<environment.Job instance at 0x1489480da7d0>,15,14,[2 5],28,44,58,16,29
1,<environment.Job instance at 0x1489480daaf0>,17,12,[1 5],31,44,56,13,31
1,<environment.Job instance at 0x1489480da960>,18,13,[7 2],32,56,69,24,50
1,<environment.Job instance at 0x148948122e10>,29,16,[ 2 10],52,69,85,17,66
1,<environment.Job instance at 0x1489481975f0>,50,17,[1 9],84,85,102,1,85
1,<environment.Job instance at 0x1489403fc230>,53,15,[2 8],92,102,117,10,92
1,<environment.Job instance at 0x14894bfc8a00>,55,13,[10  1],95,117,130,22,101
1,<environment.Job instance at 0x14894019bc80>,77,15,[6 1],129,149,164,20,149
1,<environment.Job instance at 0x1489402d6960>,85,3,[2 7],138,215,218,77,215
1,<environment.Job instance at 0x14894b5b3410>,109,13,[1 9],174,218,231,44,215
1,<environment.Job instance at 0x14894027dbe0>,110,2,[1 8],175,306,308,131,306
1,<environment.Job instance at 0x148940270730>,4,16,[ 2 10],5,5,21,0,5
1,<environment.Job instance at 0x1489402a0a50>,6,14,[8 2],7,21,35,14,7
1,<environment.Job instance at 0x1489402a0690>,10,13,[2 8],13,21,34,8,13
1,<environment.Job instance at 0x1489402a0410>,15,17,[10  1],20,35,52,15,23
1,<environment.Job instance at 0x148940241c80>,20,15,[5 2],26,52,67,26,49
1,<environment.Job instance at 0x148940538cd0>,35,17,[9 1],46,67,84,21,55
1,<environment.Job instance at 0x148950991050>,50,17,[2 7],65,84,101,19,72
1,<environment.Job instance at 0x1489509b4f50>,58,13,[2 9],73,101,114,28,88
1,<environment.Job instance at 0x1489482799b0>,66,3,[10  1],83,114,117,31,88
1,<environment.Job instance at 0x1489482795a0>,67,3,[6 1],84,88,91,4,88
1,<environment.Job instance at 0x1489481d5780>,69,3,[2 7],86,117,120,31,91
1,<environment.Job instance at 0x148940241b90>,22,15,[7 2],29,117,132,88,103
1,<environment.Job instance at 0x1489481d5960>,71,17,[1 8],88,123,140,35,123
1,<environment.Job instance at 0x1489401cd8c0>,90,16,[6 2],111,132,148,21,127
1,<environment.Job instance at 0x14894018fd70>,103,17,[1 7],130,144,161,14,144
1,<environment.Job instance at 0x1489404880f0>,107,14,[5 2],139,153,167,14,153
1,<environment.Job instance at 0x1489401c9820>,119,25,[6 1],155,167,192,12,163
1,<environment.Job instance at 0x148940293640>,124,3,[9 2],163,192,195,29,166
1,<environment.Job instance at 0x148940293280>,126,1,[8 2],167,195,196,28,167
1,<environment.Job instance at 0x1489402822d0>,134,15,[2 5],179,195,210,16,181
1,<environment.Job instance at 0x148940282dc0>,135,14,[7 1],180,196,210,16,181
1,<environment.Job instance at 0x148940282c80>,139,14,[9 1],184,210,224,26,207
1,<environment.Job instance at 0x1489506a9aa0>,2,17,[1 8],8,10,27,2,10
1,<environment.Job instance at 0x148940433fa0>,4,17,[1 6],11,27,44,16,16
1,<environment.Job instance at 0x1489401b7e10>,2,3,[2 8],5,5,8,0,5
1,<environment.Job instance at 0x1489401b7f50>,4,28,[1 6],7,12,40,5,12
1,<environment.Job instance at 0x1489403f9e10>,8,15,[10  2],13,40,55,27,26
1,<environment.Job instance at 0x148949b752d0>,35,18,[2 9],50,55,73,5,51
1,<environment.Job instance at 0x1489507650a0>,11,3,[5 1],17,67,70,50,67
1,<environment.Job instance at 0x1489407c4fa0>,39,17,[5 1],54,81,98,27,81
1,<environment.Job instance at 0x1489481040a0>,55,16,[5 2],73,85,101,12,85
1,<environment.Job instance at 0x14894b5d20f0>,0,3,[7 2],1,1,4,0,1
1,<environment.Job instance at 0x1489506ea500>,3,1,[1 9],5,5,6,0,5
1,<environment.Job instance at 0x14895074c280>,4,3,[6 2],6,6,9,0,6
1,<environment.Job instance at 0x148949e6b3c0>,8,2,[2 8],11,68,70,57,68
1,<environment.Job instance at 0x14894b622410>,2,16,[1 7],3,3,19,0,3
1,<environment.Job instance at 0x14894b469500>,3,17,[5 2],5,7,24,2,7
1,<environment.Job instance at 0x1489400e8dc0>,6,17,[8 1],9,24,41,15,12
1,<environment.Job instance at 0x1489400e8d20>,9,2,[10  2],12,41,43,29,22
1,<environment.Job instance at 0x1489400e8b40>,10,15,[9 1],14,43,58,29,29
1,<environment.Job instance at 0x1489400ec550>,2,2,[8 1],4,4,6,0,4
1,<environment.Job instance at 0x1489400ec780>,3,3,[2 8],7,7,10,0,7
1,<environment.Job instance at 0x148948270730>,5,3,[2 9],10,10,13,0,10
1,<environment.Job instance at 0x148948270960>,8,3,[ 1 10],14,14,17,0,14
1,<environment.Job instance at 0x1489482685a0>,15,3,[6 1],24,1044,1047,1020,1044
1,<environment.Job instance at 0x1489510d1d70>,0,16,[8 2],1,1,17,0,1
1,<environment.Job instance at 0x1489510d1dc0>,1,3,[1 5],2,2,5,0,2
1,<environment.Job instance at 0x1489510d1f00>,3,13,[8 1],5,17,30,12,5
1,<environment.Job instance at 0x1489481d19b0>,14,17,[ 2 10],18,30,47,12,18
1,<environment.Job instance at 0x148948154be0>,16,18,[2 5],20,47,65,27,37
1,<environment.Job instance at 0x14894c019b90>,3,17,[ 1 10],5,5,22,0,5
1,<environment.Job instance at 0x14894c019dc0>,4,13,[ 1 10],7,22,35,15,7
1,<environment.Job instance at 0x14894c019780>,6,13,[7 2],11,370,383,359,370
1,<environment.Job instance at 0x1489481eea00>,45,18,[2 8],78,756,774,678,756
1,<environment.Job instance at 0x14894f41c2d0>,13,1,[5 2],21,899,900,878,899
1,<environment.Job instance at 0x1489481f4410>,1,16,[ 1 10],3,3,19,0,3
1,<environment.Job instance at 0x148940162d20>,2,20,[10  2],4,19,39,15,10
1,<environment.Job instance at 0x1489482b1a50>,10,15,[7 2],16,39,54,23,25
1,<environment.Job instance at 0x148940618d70>,22,18,[6 1],36,54,72,18,45
1,<environment.Job instance at 0x148948065f00>,29,16,[6 2],45,72,88,27,59
1,<environment.Job instance at 0x1489400e8730>,36,3,[2 7],56,59,62,3,59
1,<environment.Job instance at 0x14894064ed20>,50,3,[1 6],86,86,89,0,86
1,<environment.Job instance at 0x14894b58edc0>,51,13,[1 5],87,89,102,2,87
1,<environment.Job instance at 0x14894b58ec80>,53,2,[2 5],89,89,91,0,89
1,<environment.Job instance at 0x14894b58e2d0>,54,3,[1 8],90,102,105,12,90
1,<environment.Job instance at 0x148948196a50>,6,3,[ 2 10],10,105,108,95,90
1,<environment.Job instance at 0x14894b58e3c0>,55,1,[10  2],91,108,109,17,91
1,<environment.Job instance at 0x148940414410>,56,18,[1 8],93,109,127,16,103
1,<environment.Job instance at 0x14895075c500>,62,13,[8 1],104,109,122,5,104
1,<environment.Job instance at 0x14895075c9b0>,64,17,[2 7],108,127,144,19,115
1,<environment.Job instance at 0x14895075c140>,69,13,[1 9],114,144,157,30,128
1,<environment.Job instance at 0x1489506dfeb0>,78,15,[10  1],126,157,172,31,143
1,<environment.Job instance at 0x14894038d280>,93,15,[2 9],147,172,187,25,158
1,<environment.Job instance at 0x148949e5b960>,94,15,[7 2],148,187,202,39,177
1,<environment.Job instance at 0x14894037adc0>,105,3,[1 7],164,187,190,23,177
1,<environment.Job instance at 0x14894037a780>,107,15,[7 2],166,202,217,36,188
1,<environment.Job instance at 0x148951126410>,113,17,[8 1],173,217,234,44,205
1,<environment.Job instance at 0x14894c25baf0>,1,3,[2 8],3,3,6,0,3
1,<environment.Job instance at 0x1489405d3320>,4,17,[6 2],6,6,23,0,6
1,<environment.Job instance at 0x1489405d3410>,6,12,[1 7],9,9,21,0,9
1,<environment.Job instance at 0x14895266f6e0>,9,23,[2 9],12,23,46,11,17
1,<environment.Job instance at 0x148950654780>,24,15,[2 8],38,46,61,8,38
1,<environment.Job instance at 0x148950654550>,26,12,[8 1],40,40,52,0,40
1,<environment.Job instance at 0x148950654960>,27,12,[7 1],41,52,64,11,41
1,<environment.Job instance at 0x148949c0a1e0>,35,3,[1 8],54,61,64,7,54
1,<environment.Job instance at 0x148949c0afa0>,37,1,[7 2],56,64,65,8,56
1,<environment.Job instance at 0x148949c0a820>,38,3,[1 7],57,64,67,7,57
1,<environment.Job instance at 0x14894bee6690>,40,3,[1 8],60,67,70,7,60
1,<environment.Job instance at 0x14894be88870>,41,14,[ 1 10],63,70,84,7,63
1,<environment.Job instance at 0x14894be883c0>,43,14,[2 9],68,84,98,16,69
1,<environment.Job instance at 0x14895157a4b0>,45,3,[1 6],70,98,101,28,72
1,<environment.Job instance at 0x14895157a0a0>,48,3,[6 2],73,98,101,25,73
1,<environment.Job instance at 0x1489402683c0>,53,3,[6 2],85,101,104,16,86
1,<environment.Job instance at 0x1489402682d0>,51,18,[2 7],79,101,119,22,90
1,<environment.Job instance at 0x14894be81190>,60,16,[9 2],92,119,135,27,106
1,<environment.Job instance at 0x14894b46c5a0>,73,17,[2 6],108,135,152,27,123
1,<environment.Job instance at 0x14894b31faf0>,80,14,[9 1],116,160,174,44,160
1,<environment.Job instance at 0x1488ffe86370>,94,16,[10  2],140,174,190,34,161
1,<environment.Job instance at 0x1488ffe86910>,97,12,[1 5],143,161,173,18,161
1,<environment.Job instance at 0x1488ffe868c0>,102,16,[10  1],150,190,206,40,184
1,<environment.Job instance at 0x1488ffe86730>,106,15,[8 2],154,206,221,52,202
1,<environment.Job instance at 0x14894031e320>,114,21,[2 7],164,1284,1305,1120,1284
1,<environment.Job instance at 0x1489521e4460>,55,2,[5 2],87,1313,1315,1226,1313
1,<environment.Job instance at 0x1489521e4190>,1,2,[1 6],2,2,4,0,2
1,<environment.Job instance at 0x148940417cd0>,3,1,[5 1],4,4,5,0,4
1,<environment.Job instance at 0x148949b72460>,6,13,[1 9],7,7,20,0,7
1,<environment.Job instance at 0x148949b72870>,9,2,[5 1],13,13,15,0,13
1,<environment.Job instance at 0x148949b72960>,10,3,[1 9],14,20,23,6,14
1,<environment.Job instance at 0x148949b72d70>,13,3,[2 6],17,23,26,6,17
1,<environment.Job instance at 0x148949b93960>,20,13,[8 2],24,24,37,0,24
1,<environment.Job instance at 0x148949b93320>,25,2,[2 7],32,32,34,0,32
1,<environment.Job instance at 0x148949b93eb0>,26,1,[2 7],33,34,35,1,33
1,<environment.Job instance at 0x148949b934b0>,27,2,[5 1],34,37,39,3,34
1,<environment.Job instance at 0x148949ba54b0>,31,1,[1 7],40,40,41,0,40
1,<environment.Job instance at 0x148949ba55f0>,32,13,[ 1 10],41,41,54,0,41
1,<environment.Job instance at 0x148949ba5870>,34,22,[2 8],44,54,76,10,47
1,<environment.Job instance at 0x148949ba5c30>,38,2,[7 1],48,54,56,6,48
1,<environment.Job instance at 0x148949ba5eb0>,40,18,[1 6],54,76,94,22,66
1,<environment.Job instance at 0x148949ba4cd0>,51,3,[9 2],68,76,79,8,68
1,<environment.Job instance at 0x148949b82a50>,62,14,[2 5],82,94,108,12,86
1,<environment.Job instance at 0x148949b82fa0>,67,15,[9 2],90,108,123,18,94
1,<environment.Job instance at 0x148949b73410>,70,16,[8 1],95,123,139,28,110
1,<environment.Job instance at 0x148949b730f0>,75,18,[5 2],100,149,167,49,149
1,<environment.Job instance at 0x148949b9fa50>,87,12,[5 2],118,149,161,31,149
1,<environment.Job instance at 0x148949b89a50>,4,17,[8 1],6,6,23,0,6
1,<environment.Job instance at 0x148940720cd0>,5,18,[1 6],7,8,26,1,8
1,<environment.Job instance at 0x1489481d4140>,1,1,[6 2],3,3,4,0,3
1,<environment.Job instance at 0x14894d584e10>,2,16,[10  1],4,4,20,0,4
1,<environment.Job instance at 0x14894d584550>,7,3,[8 2],10,20,23,10,10
1,<environment.Job instance at 0x1489506d2dc0>,14,3,[1 6],23,23,26,0,23
1,<environment.Job instance at 0x14894bf72af0>,15,13,[2 9],25,26,39,1,25
1,<environment.Job instance at 0x14894bf72a00>,16,12,[10  1],26,39,51,13,26
1,<environment.Job instance at 0x14894bf72230>,17,3,[1 8],27,51,54,24,27
1,<environment.Job instance at 0x148948340c80>,19,3,[1 6],29,54,57,25,29
1,<environment.Job instance at 0x14894b3e6550>,28,3,[2 8],39,57,60,18,39
1,<environment.Job instance at 0x1489403b0730>,30,17,[9 1],41,60,77,19,48
1,<environment.Job instance at 0x14894bf1bfa0>,36,25,[ 1 10],51,77,102,26,76
1,<environment.Job instance at 0x148949b8a320>,53,3,[6 2],78,102,105,24,78
1,<environment.Job instance at 0x148949b8a1e0>,55,17,[2 7],83,102,119,19,95
1,<environment.Job instance at 0x1489499235a0>,3,3,[1 5],5,5,8,0,5
1,<environment.Job instance at 0x1489496cd730>,5,3,[2 7],7,8,11,1,7
1,<environment.Job instance at 0x1489496cd9b0>,9,1,[7 2],14,427,428,413,427
1,<environment.Job instance at 0x14894bf035f0>,1,18,[6 2],3,3,21,0,3
1,<environment.Job instance at 0x14894bf03370>,3,13,[1 9],6,21,34,15,6
1,<environment.Job instance at 0x1489481ecf00>,4,13,[ 2 10],8,34,47,26,18
1,<environment.Job instance at 0x1489481ec280>,7,1,[1 8],12,47,48,35,27
1,<environment.Job instance at 0x1489481ee320>,11,13,[6 2],19,47,60,28,31
1,<environment.Job instance at 0x1489481ee050>,17,17,[9 1],25,60,77,35,56
1,<environment.Job instance at 0x1489481ee690>,15,3,[8 2],23,77,80,54,60
1,<environment.Job instance at 0x1489481eec80>,21,16,[ 1 10],32,80,96,48,71
1,<environment.Job instance at 0x14894041a050>,27,18,[2 5],39,96,114,57,85
1,<environment.Job instance at 0x1489496d7f00>,43,15,[7 1],67,96,111,29,94
1,<environment.Job instance at 0x1489481e3410>,56,16,[6 2],90,111,127,21,99
1,<environment.Job instance at 0x1489481d8b90>,62,15,[5 2],98,127,142,29,113
1,<environment.Job instance at 0x1489496e1d20>,67,3,[ 2 10],104,142,145,38,116
1,<environment.Job instance at 0x1489496c7b40>,71,18,[6 1],111,145,163,34,134
1,<environment.Job instance at 0x1489496c7910>,72,17,[7 1],112,163,180,51,151
1,<environment.Job instance at 0x1489481f2cd0>,91,15,[6 2],141,180,195,39,166
1,<environment.Job instance at 0x1489403e6050>,95,14,[1 7],148,166,180,18,166
1,<environment.Job instance at 0x1489403e6d70>,96,15,[8 2],149,195,210,46,181
1,<environment.Job instance at 0x1489403e6af0>,98,15,[7 1],152,210,225,58,196
1,<environment.Job instance at 0x14894b346aa0>,106,1,[2 5],163,198,199,35,198
1,<environment.Job instance at 0x148950658410>,107,19,[1 8],164,199,218,35,198
1,<environment.Job instance at 0x14894a695cd0>,1,1,[5 2],3,3,4,0,3
1,<environment.Job instance at 0x1489481b1c80>,3,1,[5 2],6,6,7,0,6
1,<environment.Job instance at 0x148940613fa0>,4,13,[1 7],7,7,20,0,7
1,<environment.Job instance at 0x148940613eb0>,5,15,[5 1],10,14,29,4,14
1,<environment.Job instance at 0x14894b4d4140>,8,14,[5 1],16,20,34,4,16
1,<environment.Job instance at 0x14894b4d4820>,11,16,[6 1],19,34,50,15,21
1,<environment.Job instance at 0x14894b4d4b40>,14,16,[9 1],23,50,66,27,37
1,<environment.Job instance at 0x14894b4afd20>,29,14,[10  1],45,66,80,21,51
1,<environment.Job instance at 0x14894b4afd70>,32,18,[5 1],48,80,98,32,69
1,<environment.Job instance at 0x14894b4cc8c0>,51,18,[5 1],83,87,105,4,87
1,<environment.Job instance at 0x14894b4d8320>,59,3,[6 2],93,105,108,12,93
1,<environment.Job instance at 0x14894b4d8d20>,67,3,[5 2],105,108,111,3,105
1,<environment.Job instance at 0x14894b4d8e10>,69,3,[9 2],107,111,114,4,107
1,<environment.Job instance at 0x14894b4c6460>,72,12,[8 2],110,114,126,4,110
1,<environment.Job instance at 0x14894b4c65a0>,73,16,[2 5],111,120,136,9,120
1,<environment.Job instance at 0x1489405e4640>,82,13,[2 5],122,126,139,4,122
1,<environment.Job instance at 0x148940451dc0>,86,22,[6 2],126,152,174,26,152
1,<environment.Job instance at 0x1489481d9aa0>,94,18,[2 8],137,166,184,29,166
1,<environment.Job instance at 0x1489481f6820>,104,12,[2 7],151,184,196,33,167
1,<environment.Job instance at 0x1489403f5500>,107,17,[1 5],154,196,213,42,188
1,<environment.Job instance at 0x1489481f1af0>,117,16,[1 8],170,213,229,43,200
1,<environment.Job instance at 0x1489481f17d0>,118,3,[2 5],172,200,203,28,200
1,<environment.Job instance at 0x1457708d2640>,0,12,[2 5],1,1,13,0,1
1,<environment.Job instance at 0x1457708d2aa0>,2,1,[2 5],3,3,4,0,3
1,<environment.Job instance at 0x145768d63c30>,6,18,[8 1],7,7,25,0,7
1,<environment.Job instance at 0x145768d630f0>,8,13,[6 1],9,25,38,16,11
1,<environment.Job instance at 0x145768d63cd0>,10,13,[2 8],12,13,26,1,12
1,<environment.Job instance at 0x145768d460f0>,17,17,[6 1],23,38,55,15,26
1,<environment.Job instance at 0x145768cb6c80>,29,16,[10  2],39,55,71,16,42
1,<environment.Job instance at 0x145766dcecd0>,1,13,[ 2 10],2,2,15,0,2
1,<environment.Job instance at 0x145766dce0f0>,4,15,[1 7],5,15,30,10,5
1,<environment.Job instance at 0x145766dce410>,6,14,[10  1],9,30,44,21,15
1,<environment.Job instance at 0x145767565cd0>,14,18,[8 1],18,44,62,26,33
1,<environment.Job instance at 0x145767565870>,17,17,[7 1],22,62,79,40,50
1,<environment.Job instance at 0x145767565fa0>,19,16,[9 1],26,79,95,53,66
1,<environment.Job instance at 0x145767565550>,20,15,[9 2],30,95,110,65,81
1,<environment.Job instance at 0x145767565a50>,22,12,[1 5],32,81,93,49,81
1,<environment.Job instance at 0x145766dce9b0>,9,3,[8 1],12,110,113,98,93
1,<environment.Job instance at 0x145767331820>,33,18,[7 2],49,113,131,64,109
1,<environment.Job instance at 0x145768d1dfa0>,0,14,[1 6],2,2,16,0,2
1,<environment.Job instance at 0x145764108e60>,8,3,[1 7],13,16,19,3,13
1,<environment.Job instance at 0x14576406baf0>,11,3,[1 7],18,19,22,1,18
1,<environment.Job instance at 0x14576406b230>,12,14,[1 6],19,22,36,3,19
1,<environment.Job instance at 0x14576406b5f0>,15,26,[9 1],24,24,50,0,24
1,<environment.Job instance at 0x14576406be60>,18,16,[2 9],27,50,66,23,37
1,<environment.Job instance at 0x1457641938c0>,36,16,[2 6],56,66,82,10,56
1,<environment.Job instance at 0x14576410e190>,39,14,[9 1],60,82,96,22,67
1,<environment.Job instance at 0x14576410e780>,42,15,[1 5],63,82,97,19,69
1,<environment.Job instance at 0x14576410e690>,46,15,[10  1],69,97,112,28,83
1,<environment.Job instance at 0x145764190820>,0,12,[1 5],1,1,13,0,1
1,<environment.Job instance at 0x145764190b90>,1,13,[7 2],2,6,19,4,6
1,<environment.Job instance at 0x145764190eb0>,5,16,[1 5],11,13,29,2,12
1,<environment.Job instance at 0x14576408d410>,15,3,[1 9],28,29,32,1,28
1,<environment.Job instance at 0x14576408d320>,16,16,[2 7],31,32,48,1,31
1,<environment.Job instance at 0x14576410a780>,24,14,[2 8],43,48,62,5,43
1,<environment.Job instance at 0x14576410bc30>,28,17,[2 8],47,62,79,15,50
1,<environment.Job instance at 0x14576410b500>,32,2,[5 1],53,53,55,0,53
1,<environment.Job instance at 0x14576410b780>,38,13,[10  1],65,79,92,14,65
1,<environment.Job instance at 0x1457640eccd0>,42,15,[2 7],70,92,107,22,78
1,<environment.Job instance at 0x14576412cf00>,47,3,[1 9],81,107,110,26,81
1,<environment.Job instance at 0x14576412c5a0>,50,12,[7 1],86,92,104,6,86
1,<environment.Job instance at 0x1457459cc410>,3,17,[9 1],6,6,23,0,6
1,<environment.Job instance at 0x1457459c8500>,9,13,[6 1],14,23,36,9,16
1,<environment.Job instance at 0x1457459c5690>,14,13,[2 6],19,23,36,4,19
1,<environment.Job instance at 0x14576fd7d7d0>,0,26,[1 6],1,2,28,1,2
1,<environment.Job instance at 0x145745bcebe0>,4,14,[ 1 10],7,28,42,21,13
1,<environment.Job instance at 0x145745f4b5a0>,12,3,[1 6],17,42,45,25,17
1,<environment.Job instance at 0x145745bcedc0>,6,1,[8 2],9,211,212,202,211
1,<environment.Job instance at 0x145745b2c410>,24,3,[1 8],41,2035,2038,1994,2035
1,<environment.Job instance at 0x145745f72dc0>,0,27,[6 1],1,1,28,0,1
1,<environment.Job instance at 0x14576fd394b0>,6,3,[7 2],8,28,31,20,19
1,<environment.Job instance at 0x145745f72a50>,1,21,[9 2],2,31,52,29,23
1,<environment.Job instance at 0x14576704a7d0>,19,16,[2 7],27,52,68,25,39
1,<environment.Job instance at 0x14576704ad20>,25,17,[5 2],34,52,69,18,40
1,<environment.Job instance at 0x14576704aa50>,30,17,[5 2],40,264,281,224,264
1,<environment.Job instance at 0x14576e7a0500>,34,14,[1 9],46,281,295,235,266
1,<environment.Job instance at 0x14576e7a0230>,42,16,[8 2],55,299,315,244,299
1,<environment.Job instance at 0x14576e7a0870>,48,14,[1 8],63,302,316,239,302
1,<environment.Job instance at 0x145745c90e10>,59,2,[2 5],79,316,318,237,311
1,<environment.Job instance at 0x145745c90c30>,62,1,[5 1],82,315,316,233,311
1,<environment.Job instance at 0x145745c900a0>,65,1,[6 2],87,316,317,229,311
1,<environment.Job instance at 0x145745c90aa0>,66,3,[5 2],88,317,320,229,311
1,<environment.Job instance at 0x145745c90960>,67,15,[8 1],89,320,335,231,311
1,<environment.Job instance at 0x1457696ddd70>,69,2,[8 2],92,335,337,243,311
1,<environment.Job instance at 0x145745c906e0>,70,14,[2 9],97,320,334,223,311
1,<environment.Job instance at 0x145745c904b0>,71,1,[5 2],99,318,319,219,311
1,<environment.Job instance at 0x145745e2e140>,79,26,[2 5],109,341,367,232,341
1,<environment.Job instance at 0x1457640dfeb0>,93,28,[2 5],133,542,570,409,542
1,<environment.Job instance at 0x14576fd39c30>,10,1,[6 1],15,1295,1296,1280,1295
1,<environment.Job instance at 0x145745f19aa0>,0,14,[5 2],4,5,19,1,5
1,<environment.Job instance at 0x145745e52190>,5,21,[10  2],12,19,40,7,12
1,<environment.Job instance at 0x145745e8dc80>,8,14,[2 5],17,40,54,23,25
1,<environment.Job instance at 0x145768a5baf0>,14,13,[2 9],27,54,67,27,38
1,<environment.Job instance at 0x145768a5b7d0>,17,20,[9 1],31,67,87,36,60
1,<environment.Job instance at 0x145768b55fa0>,26,18,[8 1],48,87,105,39,85
1,<environment.Job instance at 0x145768a19190>,41,20,[7 2],69,105,125,36,102
1,<environment.Job instance at 0x145745b1aaa0>,54,12,[2 9],84,125,137,41,108
1,<environment.Job instance at 0x14576ac90690>,0,16,[5 1],1,3,19,2,3
1,<environment.Job instance at 0x14576ac90a50>,2,13,[1 5],4,4,17,0,4
1,<environment.Job instance at 0x145768a50dc0>,3,15,[5 1],6,17,32,11,7
1,<environment.Job instance at 0x1457457f71e0>,6,18,[8 2],9,32,50,23,21
1,<environment.Job instance at 0x1457457f78c0>,14,18,[1 6],18,21,39,3,21
1,<environment.Job instance at 0x1457457f79b0>,4,17,[7 2],6,6,23,0,6
1,<environment.Job instance at 0x1457640a48c0>,5,13,[2 5],7,7,20,0,7
1,<environment.Job instance at 0x1457640a4960>,7,16,[6 1],10,23,39,13,13
1,<environment.Job instance at 0x145769712f50>,3,1,[8 1],4,39,40,35,26
1,<environment.Job instance at 0x1457641b5910>,18,17,[1 5],26,26,43,0,26
1,<environment.Job instance at 0x14576cb108c0>,26,3,[2 5],34,40,43,6,34
1,<environment.Job instance at 0x14576cb105a0>,27,18,[10  1],35,43,61,8,35
1,<environment.Job instance at 0x14576cb10370>,29,15,[2 7],37,61,76,24,47
1,<environment.Job instance at 0x14576e796eb0>,37,14,[9 2],49,76,90,27,61
1,<environment.Job instance at 0x14576e796cd0>,47,14,[ 2 10],61,90,104,29,75
1,<environment.Job instance at 0x14576411d050>,59,12,[7 2],77,104,116,27,93
1,<environment.Job instance at 0x145768bcef50>,61,17,[6 2],81,162,179,81,162
1,<environment.Job instance at 0x145764117140>,62,13,[ 2 10],82,179,192,97,163
1,<environment.Job instance at 0x145768a72f50>,64,23,[1 5],84,199,222,115,199
1,<environment.Job instance at 0x1457640874b0>,93,3,[2 7],121,222,225,101,199
1,<environment.Job instance at 0x145768c6ff50>,0,26,[5 2],2,3,29,1,3
1,<environment.Job instance at 0x14576cb27050>,3,14,[10  2],6,29,43,23,14
1,<environment.Job instance at 0x14574565f2d0>,23,3,[2 5],38,43,46,5,39
1,<environment.Job instance at 0x145745d4a870>,24,2,[5 1],39,45,47,6,45
1,<environment.Job instance at 0x1457672d1640>,28,3,[2 7],46,46,49,0,46
1,<environment.Job instance at 0x1457672d14b0>,29,3,[2 9],47,49,52,2,47
1,<environment.Job instance at 0x1457672d15a0>,30,3,[6 1],49,49,52,0,49
1,<environment.Job instance at 0x1457672d1280>,31,18,[7 2],50,52,70,2,50
1,<environment.Job instance at 0x1457672d1320>,32,15,[2 7],51,63,78,12,63
1,<environment.Job instance at 0x14576dd99be0>,43,17,[9 1],64,78,95,14,66
1,<environment.Job instance at 0x145768bfeaa0>,45,14,[2 8],68,95,109,27,80
1,<environment.Job instance at 0x14576e80ad70>,75,2,[1 8],116,116,118,0,116
1,<environment.Job instance at 0x14576e80ae10>,76,12,[5 2],117,117,129,0,117
1,<environment.Job instance at 0x1457640af9b0>,84,13,[5 2],133,172,185,39,172
1,<environment.Job instance at 0x145769a06050>,99,3,[10  2],162,185,188,23,172
1,<environment.Job instance at 0x14576998a8c0>,108,3,[1 5],180,180,183,0,180
1,<environment.Job instance at 0x14576cb13dc0>,112,16,[5 2],185,188,204,3,185
1,<environment.Job instance at 0x1457459a0500>,0,3,[2 5],4,4,7,0,4
1,<environment.Job instance at 0x145769981eb0>,3,18,[7 2],9,9,27,0,9
1,<environment.Job instance at 0x145745662f50>,17,14,[8 2],25,27,41,2,25
1,<environment.Job instance at 0x145768d13c80>,3,15,[10  1],6,6,21,0,6
1,<environment.Job instance at 0x145768d13b90>,4,17,[6 1],8,21,38,13,9
1,<environment.Job instance at 0x145745ae0f00>,12,14,[2 8],18,21,35,3,21
1,<environment.Job instance at 0x145745ae04b0>,14,16,[7 1],21,38,54,17,28
1,<environment.Job instance at 0x145745ad1410>,22,24,[9 2],31,54,78,23,49
1,<environment.Job instance at 0x145745ae8af0>,32,15,[7 2],46,78,93,32,64
1,<environment.Job instance at 0x145745ae8f00>,37,15,[2 8],52,78,93,26,64
1,<environment.Job instance at 0x145745ae8eb0>,38,17,[8 1],53,93,110,40,81
1,<environment.Job instance at 0x14576e7a9e10>,61,2,[6 2],87,110,112,23,88
1,<environment.Job instance at 0x145745ab37d0>,68,3,[2 7],101,101,104,0,101
1,<environment.Job instance at 0x145745ab35a0>,71,1,[10  1],107,112,113,5,107
1,<environment.Job instance at 0x145745ab3780>,72,15,[2 8],108,113,128,5,108
1,<environment.Job instance at 0x145745bcc1e0>,75,12,[7 1],111,205,217,94,205
1,<environment.Job instance at 0x145768d13370>,85,1,[7 2],126,217,218,91,205
1,<environment.Job instance at 0x145768ceb370>,86,3,[1 7],127,205,208,78,205
1,<environment.Job instance at 0x14576413acd0>,88,3,[1 8],130,208,211,78,205
1,<environment.Job instance at 0x1457672bfa50>,89,14,[ 1 10],133,218,232,85,205
1,<environment.Job instance at 0x1457697059b0>,91,14,[2 9],138,232,246,94,217
1,<environment.Job instance at 0x145745e257d0>,99,18,[2 7],149,467,485,318,467
1,<environment.Job instance at 0x145745f0d410>,0,17,[2 5],3,3,20,0,3
1,<environment.Job instance at 0x145745f0ddc0>,1,18,[ 2 10],4,20,38,16,10
1,<environment.Job instance at 0x145768b57280>,6,12,[1 9],11,38,50,27,21
1,<environment.Job instance at 0x1457456cc820>,11,3,[6 2],17,50,53,33,24
1,<environment.Job instance at 0x14576970d4b0>,13,16,[10  1],20,53,69,33,40
1,<environment.Job instance at 0x145745600cd0>,31,27,[2 7],40,72,99,32,72
1,<environment.Job instance at 0x145745e92460>,49,13,[1 9],67,99,112,32,89
1,<environment.Job instance at 0x145745fbe5a0>,75,13,[ 1 10],101,112,125,11,101
1,<environment.Job instance at 0x145745fbe0a0>,77,22,[2 8],104,131,153,27,131
1,<environment.Job instance at 0x1457459b8eb0>,95,13,[2 5],132,153,166,21,137
1,<environment.Job instance at 0x145769703b90>,105,14,[2 5],142,153,167,11,142
1,<environment.Job instance at 0x14574587d5a0>,110,15,[9 2],150,167,182,17,156
1,<environment.Job instance at 0x14574587ddc0>,124,15,[5 2],172,182,197,10,172
1,<environment.Job instance at 0x14574587de60>,125,13,[1 6],173,173,186,0,173
1,<environment.Job instance at 0x145745f31a00>,130,12,[5 2],178,186,198,8,178
1,<environment.Job instance at 0x1457672b1050>,1,3,[2 5],4,4,7,0,4
1,<environment.Job instance at 0x1457696ecd70>,2,21,[1 9],5,8,29,3,8
1,<environment.Job instance at 0x14574594b9b0>,5,16,[ 1 10],10,29,45,19,21
1,<environment.Job instance at 0x145745955690>,16,18,[1 7],24,45,63,21,34
1,<environment.Job instance at 0x145745955a00>,23,3,[6 1],33,45,48,12,34
1,<environment.Job instance at 0x145745955b40>,24,16,[6 2],34,48,64,14,35
1,<environment.Job instance at 0x14574596d690>,41,18,[8 2],53,64,82,11,53
1,<environment.Job instance at 0x14574596d9b0>,43,17,[8 1],56,82,99,26,70
1,<environment.Job instance at 0x1457641d9c80>,10,16,[1 5],17,17,33,0,17
1,<environment.Job instance at 0x145768b78550>,12,27,[6 1],19,20,47,1,20
1,<environment.Job instance at 0x1457457b85a0>,2,21,[5 1],4,4,25,0,4
1,<environment.Job instance at 0x1457459464b0>,5,15,[2 6],8,8,23,0,8
1,<environment.Job instance at 0x14576975caf0>,11,24,[2 7],21,23,47,2,21
1,<environment.Job instance at 0x14576975cfa0>,14,15,[6 2],27,29,44,2,29
1,<environment.Job instance at 0x145767273e10>,21,3,[2 7],37,47,50,10,37
1,<environment.Job instance at 0x145767583910>,2,13,[7 1],4,4,17,0,4
1,<environment.Job instance at 0x14576e7ab190>,9,15,[9 2],13,17,32,4,13
1,<environment.Job instance at 0x1457641c9190>,15,25,[9 2],20,34,59,14,34
1,<environment.Job instance at 0x145745f44d20>,27,13,[6 2],39,59,72,20,55
1,<environment.Job instance at 0x1457459268c0>,33,17,[9 1],45,72,89,27,60
1,<environment.Job instance at 0x145745926410>,37,16,[ 1 10],52,92,108,40,92
1,<environment.Job instance at 0x145745bdc370>,52,3,[2 5],76,111,114,35,111
1,<environment.Job instance at 0x145745c301e0>,56,1,[1 7],81,116,117,35,116
1,<environment.Job instance at 0x145767569730>,65,3,[7 2],102,116,119,14,116
1,<environment.Job instance at 0x14576998ae60>,97,2,[1 8],148,170,172,22,170
1,<environment.Job instance at 0x14576998a7d0>,98,3,[5 1],149,170,173,21,170
1,<environment.Job instance at 0x1457642036e0>,100,18,[1 8],152,172,190,20,170
1,<environment.Job instance at 0x14576734f5f0>,101,17,[7 1],153,176,193,23,176
1,<environment.Job instance at 0x14576734f6e0>,104,14,[7 1],158,193,207,35,183
1,<environment.Job instance at 0x14576725d730>,111,14,[1 7],168,190,204,22,183
1,<environment.Job instance at 0x145745f9b780>,112,15,[8 2],169,207,222,38,193
1,<environment.Job instance at 0x145768a87fa0>,119,15,[2 8],177,204,219,27,194
1,<environment.Job instance at 0x14576964efa0>,123,19,[1 8],184,226,245,42,226
1,<environment.Job instance at 0x145745ad3050>,2,18,[8 1],8,8,26,0,8
1,<environment.Job instance at 0x1457695a30f0>,8,13,[1 7],17,17,30,0,17
1,<environment.Job instance at 0x1457695a3dc0>,9,15,[5 1],20,26,41,6,23
1,<environment.Job instance at 0x1457641fffa0>,12,14,[5 1],26,30,44,4,27
1,<environment.Job instance at 0x14576413ce10>,15,16,[6 1],29,44,60,15,31
1,<environment.Job instance at 0x14576413cb90>,18,16,[9 1],33,60,76,27,47
1,<environment.Job instance at 0x145745f000a0>,33,14,[10  1],55,76,90,21,61
1,<environment.Job instance at 0x145745db1730>,41,18,[10  2],67,90,108,23,79
1,<environment.Job instance at 0x145745a13410>,63,3,[6 2],103,108,111,5,103
1,<environment.Job instance at 0x1457641ad960>,65,2,[2 5],105,108,110,3,105
1,<environment.Job instance at 0x1457641ad0a0>,66,2,[ 2 10],106,111,113,5,106
1,<environment.Job instance at 0x1457641ada00>,71,3,[5 2],115,115,118,0,115
1,<environment.Job instance at 0x1457641138c0>,72,2,[2 8],116,116,118,0,116
1,<environment.Job instance at 0x145764113190>,73,3,[9 2],117,118,121,1,117
1,<environment.Job instance at 0x145764113780>,74,1,[9 1],118,121,122,3,118
1,<environment.Job instance at 0x14576964e460>,75,1,[1 9],119,121,122,2,119
1,<environment.Job instance at 0x145745f4d4b0>,76,12,[8 2],120,122,134,2,120
1,<environment.Job instance at 0x145745f4d730>,77,16,[2 5],121,122,138,1,121
1,<environment.Job instance at 0x145770872730>,79,3,[2 7],123,138,141,15,123
1,<environment.Job instance at 0x145770872c30>,80,14,[2 7],124,141,155,17,126
1,<environment.Job instance at 0x145745600d20>,82,17,[2 9],126,809,826,683,809
1,<environment.Job instance at 0x1457459453c0>,94,17,[1 5],142,826,843,684,816
1,<environment.Job instance at 0x145745945f50>,98,18,[2 8],147,2312,2330,2165,2312
1,<environment.Job instance at 0x145745945e10>,113,1,[8 1],168,2312,2313,2144,2312
1,<environment.Job instance at 0x145745945dc0>,114,14,[8 2],171,2313,2327,2142,2312
1,<environment.Job instance at 0x145745945aa0>,117,2,[1 6],175,2330,2332,2155,2312
1,<environment.Job instance at 0x145745dc85a0>,118,28,[1 5],177,2332,2360,2155,2332
1,<environment.Job instance at 0x145745dc8280>,126,28,[1 9],188,2368,2396,2180,2368
1,<environment.Job instance at 0x145745b951e0>,134,12,[2 7],197,2396,2408,2199,2379
1,<environment.Job instance at 0x145745b95910>,135,13,[10  1],198,2408,2421,2210,2392
1,<environment.Job instance at 0x14576fd7e820>,0,13,[10  2],1,1,14,0,1
1,<environment.Job instance at 0x14576dd992d0>,1,16,[2 5],2,14,30,12,10
1,<environment.Job instance at 0x14576409d780>,13,16,[2 8],16,30,46,14,17
1,<environment.Job instance at 0x145764082690>,19,2,[2 5],26,26,28,0,26
1,<environment.Job instance at 0x145764077a00>,20,17,[8 1],28,28,45,0,28
1,<environment.Job instance at 0x145764077690>,22,15,[1 7],30,46,61,16,32
1,<environment.Job instance at 0x145764080af0>,29,13,[5 2],38,45,58,7,38
