iteration,job object,job ID,job Length,job ressource requirement,job enter time,job start time,job finish time,job waiting time,current time
1,<environment.Job instance at 0x14caf4234e10>,2,1,[2 7],3,3,4,0,3
1,<environment.Job instance at 0x14cafda93a00>,5,3,[10  2],8,2515,2518,2507,2515
1,<environment.Job instance at 0x14caf8994870>,0,1,[8 1],1,2,3,1,2
1,<environment.Job instance at 0x14cad56300a0>,5,3,[7 2],7,17,20,10,17
1,<environment.Job instance at 0x14caffa99410>,3,25,[12  2],4,27,52,23,27
1,<environment.Job instance at 0x14cad5630f50>,6,3,[1 8],8,35,38,27,35
1,<environment.Job instance at 0x14caf41b7e10>,2,1,[2 9],5,6,7,1,6
1,<environment.Job instance at 0x14caf41b7fa0>,5,2,[8 2],9,9,11,0,9
1,<environment.Job instance at 0x14caf41b71e0>,3,16,[8 2],6,17,33,11,17
1,<environment.Job instance at 0x14caf6ff0050>,1,1,[1 9],5,5,6,0,5
1,<environment.Job instance at 0x14caf6f98c80>,3,1,[13  1],4,6,7,2,6
1,<environment.Job instance at 0x14caf6f98d70>,5,1,[2 5],6,22,23,16,22
1,<environment.Job instance at 0x14caf42390a0>,3,1,[1 6],7,7,8,0,7
1,<environment.Job instance at 0x14cad551ef00>,4,1,[10  1],7,7,8,0,7
1,<environment.Job instance at 0x14caf7220460>,2,1,[1 5],3,3,4,0,3
1,<environment.Job instance at 0x14cad5a163c0>,1,1,[ 2 10],2,2,3,0,2
1,<environment.Job instance at 0x14cad5ae4c30>,2,1,[ 2 14],3,5,6,2,5
1,<environment.Job instance at 0x14cad5a16960>,3,1,[8 2],4,6,7,2,5
1,<environment.Job instance at 0x14cad5a16a50>,4,15,[5 1],5,5,20,0,5
1,<environment.Job instance at 0x14caf93a3c80>,4,3,[5 2],6,27,30,21,27
1,<environment.Job instance at 0x14caf93a37d0>,3,1,[8 1],4,1405,1406,1401,1405
1,<environment.Job instance at 0x14caf93a3410>,5,15,[9 2],7,1425,1440,1418,1425
1,<environment.Job instance at 0x14cad5b8d5f0>,0,3,[11  2],1,2475,2478,2474,2475
1,<environment.Job instance at 0x14cad55b6370>,4,3,[7 2],8,279,282,271,279
1,<environment.Job instance at 0x14cad55b6eb0>,5,2,[1 8],9,310,312,301,310
1,<environment.Job instance at 0x14cad55b60f0>,1,3,[12  1],4,581,584,577,581
1,<environment.Job instance at 0x14caf416c5f0>,5,12,[6 1],6,193,205,187,193
1,<environment.Job instance at 0x14caf416c7d0>,4,2,[7 2],5,262,264,257,262
1,<environment.Job instance at 0x14caf416c2d0>,3,3,[1 9],4,1277,1280,1273,1277
1,<environment.Job instance at 0x147083f6aaa0>,2,1,[2 5],3,3,4,0,3
1,<environment.Job instance at 0x14707c3d54b0>,3,1,[6 2],4,4,5,0,4
1,<environment.Job instance at 0x14707c38fc30>,0,1,[2 5],1,2,3,1,2
1,<environment.Job instance at 0x14707c38ff50>,7,2,[8 1],11,18,20,7,18
1,<environment.Job instance at 0x14707c38f050>,10,1,[2 7],15,25,26,10,25
1,<environment.Job instance at 0x14707c38fe10>,4,2,[ 1 13],7,26,28,19,25
1,<environment.Job instance at 0x14707c38ff00>,9,2,[2 8],14,28,30,14,28
1,<environment.Job instance at 0x14707c38fd20>,11,2,[2 7],16,30,32,14,30
1,<environment.Job instance at 0x14707c38fbe0>,6,1,[2 7],10,49,50,39,49
1,<environment.Job instance at 0x14707c38f0a0>,8,12,[ 1 10],12,52,64,40,52
1,<environment.Job instance at 0x1470615f2fa0>,2,1,[2 7],3,4,5,1,4
1,<environment.Job instance at 0x1470615f2f00>,4,2,[1 8],5,5,7,0,5
1,<environment.Job instance at 0x1470615f2d20>,6,2,[ 1 10],10,10,12,0,10
1,<environment.Job instance at 0x1470615f2b90>,7,1,[8 1],11,11,12,0,11
1,<environment.Job instance at 0x1470615f2280>,8,3,[1 5],12,12,15,0,12
1,<environment.Job instance at 0x1470615f25a0>,9,3,[1 6],13,14,17,1,14
1,<environment.Job instance at 0x1470615f2c30>,11,1,[10  1],16,16,17,0,16
1,<environment.Job instance at 0x1470615f28c0>,12,3,[7 2],17,17,20,0,17
1,<environment.Job instance at 0x1470615f2500>,13,3,[1 8],18,18,21,0,18
1,<environment.Job instance at 0x1470615f2dc0>,10,25,[12  2],14,20,45,6,18
1,<environment.Job instance at 0x1470615f4e10>,3,15,[11  1],4,317,332,313,317
1,<environment.Job instance at 0x1470617a8640>,1,1,[1 6],3,5,6,2,5
1,<environment.Job instance at 0x1470617a8320>,5,2,[8 2],9,9,11,0,9
1,<environment.Job instance at 0x147060f93f50>,9,1,[13  1],14,14,15,0,14
1,<environment.Job instance at 0x147081747b90>,11,1,[10  1],17,17,18,0,17
1,<environment.Job instance at 0x147081747370>,12,2,[ 1 10],18,18,20,0,18
1,<environment.Job instance at 0x14707801fdc0>,5,2,[ 1 10],9,26,28,17,26
1,<environment.Job instance at 0x1470614a9a00>,5,1,[2 5],8,8,9,0,8
1,<environment.Job instance at 0x147061715e10>,2,1,[1 5],3,27,28,24,27
1,<environment.Job instance at 0x1470614a9d70>,7,2,[14  1],10,27,29,17,27
1,<environment.Job instance at 0x1470614a9690>,8,1,[5 1],11,29,30,18,27
1,<environment.Job instance at 0x1470611bb050>,13,16,[8 1],17,29,45,12,27
1,<environment.Job instance at 0x14707c2120a0>,9,3,[2 8],12,42,45,30,42
1,<environment.Job instance at 0x1470611c1140>,10,12,[9 2],14,71,83,57,71
1,<environment.Job instance at 0x1470611220a0>,2,1,[ 2 14],3,3,4,0,3
1,<environment.Job instance at 0x147061122d70>,1,1,[ 2 10],2,5,6,3,5
1,<environment.Job instance at 0x1470615500f0>,7,3,[11  2],11,19,22,8,19
1,<environment.Job instance at 0x1470610554b0>,14,1,[1 6],19,33,34,14,33
1,<environment.Job instance at 0x1470615502d0>,11,3,[5 2],16,34,37,18,34
1,<environment.Job instance at 0x147061550960>,9,3,[2 5],13,37,40,24,37
1,<environment.Job instance at 0x147061550b40>,10,1,[8 1],14,37,38,23,37
1,<environment.Job instance at 0x147060fef5f0>,8,27,[1 8],13,34,61,21,34
1,<environment.Job instance at 0x147060fef6e0>,9,3,[1 9],14,61,64,47,49
1,<environment.Job instance at 0x147060fef500>,10,2,[7 2],15,90,92,75,90
1,<environment.Job instance at 0x147060fef910>,11,12,[6 1],16,90,102,74,90
1,<environment.Job instance at 0x147060fef280>,5,2,[1 8],9,150,152,141,150
1,<environment.Job instance at 0x147060fef780>,12,28,[2 8],19,155,183,136,155
1,<environment.Job instance at 0x1470617c9d20>,4,3,[7 2],8,1603,1606,1595,1603
1,<environment.Job instance at 0x14707c302d20>,3,2,[1 9],8,8,10,0,8
1,<environment.Job instance at 0x1470615784b0>,3,1,[2 9],4,4,5,0,4
1,<environment.Job instance at 0x147082f87050>,13,3,[ 2 10],17,17,20,0,17
1,<environment.Job instance at 0x147082f87f50>,14,18,[8 1],18,18,36,0,18
1,<environment.Job instance at 0x147081e29410>,2,1,[2 6],6,7,8,1,7
1,<environment.Job instance at 0x14706152a730>,5,1,[2 8],12,12,13,0,12
1,<environment.Job instance at 0x14707c32f5a0>,7,2,[7 2],17,17,19,0,17
1,<environment.Job instance at 0x14707c32f7d0>,8,2,[2 5],18,18,20,0,18
1,<environment.Job instance at 0x14707abf5320>,3,2,[ 2 12],6,7,9,1,7
1,<environment.Job instance at 0x14707d0e71e0>,13,3,[1 5],19,590,593,571,590
1,<environment.Job instance at 0x14707d0e7dc0>,11,3,[ 2 10],15,2924,2927,2909,2924
1,<environment.Job instance at 0x147060f8a230>,1,1,[7 1],2,3,4,1,3
1,<environment.Job instance at 0x147060f8aa50>,3,2,[8 2],5,5,7,0,5
1,<environment.Job instance at 0x1470612d5960>,7,1,[1 8],9,9,10,0,9
1,<environment.Job instance at 0x14706165a820>,6,1,[5 2],8,10,11,2,10
1,<environment.Job instance at 0x14707a9037d0>,11,2,[5 2],15,15,17,0,15
1,<environment.Job instance at 0x14707a903af0>,13,12,[7 1],18,18,30,0,18
1,<environment.Job instance at 0x147060f1a280>,2,18,[5 2],3,88,106,85,88
1,<environment.Job instance at 0x1470612b7a00>,8,1,[ 2 10],15,20,21,5,20
1,<environment.Job instance at 0x1470612b79b0>,9,14,[8 1],16,53,67,37,53
1,<environment.Job instance at 0x1470814f0050>,0,2,[2 7],1,1,3,0,1
1,<environment.Job instance at 0x147060f6ee10>,10,2,[ 2 10],15,15,17,0,15
1,<environment.Job instance at 0x147060f82c30>,0,1,[6 2],1,1,2,0,1
1,<environment.Job instance at 0x147081e698c0>,7,3,[1 8],14,59,62,45,59
1,<environment.Job instance at 0x147081e69460>,5,2,[1 6],12,63,65,51,63
1,<environment.Job instance at 0x147081e694b0>,6,1,[1 9],13,127,128,114,127
1,<environment.Job instance at 0x14707a6e1e60>,0,1,[7 2],1,2,3,1,2
1,<environment.Job instance at 0x14707c34c730>,3,1,[6 2],5,5,6,0,5
1,<environment.Job instance at 0x1478762d68c0>,2,1,[2 5],3,4,5,1,4
1,<environment.Job instance at 0x14786e73bbe0>,20,2,[ 1 13],27,27,29,0,27
1,<environment.Job instance at 0x14786e73b9b0>,21,3,[6 1],29,29,32,0,29
1,<environment.Job instance at 0x14786ccda140>,3,1,[2 7],5,6,7,1,6
1,<environment.Job instance at 0x14786ca555a0>,10,1,[2 7],13,13,14,0,13
1,<environment.Job instance at 0x14786ca55f50>,15,1,[8 1],21,75,76,54,75
1,<environment.Job instance at 0x14786ca558c0>,18,25,[12  2],24,76,101,52,75
1,<environment.Job instance at 0x14786ca55190>,17,3,[1 6],23,157,160,134,157
1,<environment.Job instance at 0x14786ca55d20>,20,3,[7 2],27,160,163,133,160
1,<environment.Job instance at 0x14786ca55690>,21,3,[1 8],28,351,354,323,351
1,<environment.Job instance at 0x14786ca559b0>,19,1,[10  1],26,658,659,632,658
1,<environment.Job instance at 0x14786cccaeb0>,1,1,[1 6],3,4,5,1,4
1,<environment.Job instance at 0x14786cf6d190>,2,1,[2 9],5,5,6,0,5
1,<environment.Job instance at 0x147827acecd0>,11,22,[1 5],20,20,42,0,20
1,<environment.Job instance at 0x147827520c30>,3,1,[13  1],4,7,8,3,7
1,<environment.Job instance at 0x147873867780>,19,1,[10  1],27,27,28,0,27
1,<environment.Job instance at 0x14782738b8c0>,2,1,[1 5],3,3,4,0,3
1,<environment.Job instance at 0x14782738b910>,4,1,[2 7],7,7,8,0,7
1,<environment.Job instance at 0x14782738bcd0>,5,1,[2 5],8,8,9,0,8
1,<environment.Job instance at 0x14782738b780>,7,2,[14  1],10,11,13,1,11
1,<environment.Job instance at 0x14782738b0f0>,8,1,[5 1],11,59,60,48,59
1,<environment.Job instance at 0x147827384cd0>,19,1,[8 2],24,59,60,35,59
1,<environment.Job instance at 0x147827384500>,18,1,[ 2 14],23,93,94,70,93
1,<environment.Job instance at 0x147827384fa0>,20,15,[5 1],25,93,108,68,93
1,<environment.Job instance at 0x14782738ba00>,13,16,[8 1],17,246,262,229,246
1,<environment.Job instance at 0x14782738bd70>,12,13,[ 1 10],16,287,300,271,287
1,<environment.Job instance at 0x1478273e1aa0>,0,3,[11  2],1,59,62,58,59
1,<environment.Job instance at 0x1478274ae690>,6,18,[2 6],8,59,77,51,59
1,<environment.Job instance at 0x1478274aeeb0>,7,1,[1 6],9,59,60,50,59
1,<environment.Job instance at 0x1478274ae230>,8,1,[1 7],10,60,61,50,59
1,<environment.Job instance at 0x1478274ae0f0>,9,3,[9 1],13,62,65,49,59
1,<environment.Job instance at 0x1478274ae780>,10,3,[12  1],14,65,68,51,59
1,<environment.Job instance at 0x1478274ae910>,11,1,[1 8],16,62,63,46,59
1,<environment.Job instance at 0x1478273e1820>,4,3,[5 2],6,68,71,62,59
1,<environment.Job instance at 0x1478274aeaf0>,15,3,[1 7],21,63,66,42,63
1,<environment.Job instance at 0x1478273e12d0>,2,3,[2 5],3,222,225,219,222
1,<environment.Job instance at 0x1478274ae410>,19,2,[7 2],25,222,224,197,222
1,<environment.Job instance at 0x1478273e1500>,3,1,[8 1],4,282,283,278,282
1,<environment.Job instance at 0x1478278b0c30>,8,2,[2 9],15,15,17,0,15
1,<environment.Job instance at 0x1478278b0be0>,11,2,[9 1],19,19,21,0,19
1,<environment.Job instance at 0x14786e674550>,13,2,[ 1 10],21,21,23,0,21
1,<environment.Job instance at 0x14786e6741e0>,19,14,[10  1],29,58,72,29,58
1,<environment.Job instance at 0x147827895190>,8,17,[1 6],11,21,38,10,21
1,<environment.Job instance at 0x14786f41d190>,15,2,[6 2],23,23,25,0,23
1,<environment.Job instance at 0x14786f41daa0>,16,1,[9 1],25,25,26,0,25
1,<environment.Job instance at 0x14786e42f960>,17,2,[8 1],26,26,28,0,26
1,<environment.Job instance at 0x14786e476870>,18,1,[ 1 10],27,38,39,11,27
1,<environment.Job instance at 0x14786e45b690>,19,2,[1 5],29,29,31,0,29
1,<environment.Job instance at 0x14786f4226e0>,12,15,[9 2],20,81,96,61,81
1,<environment.Job instance at 0x147827272e10>,11,1,[7 2],23,23,24,0,23
1,<environment.Job instance at 0x147827272730>,12,2,[5 2],24,25,27,1,25
1,<environment.Job instance at 0x1478272750f0>,13,2,[ 2 12],26,27,29,1,27
1,<environment.Job instance at 0x147827275eb0>,2,1,[1 5],3,7,8,4,7
1,<environment.Job instance at 0x14786e71fe60>,5,3,[ 1 13],6,18,21,12,18
1,<environment.Job instance at 0x147827275500>,6,3,[1 5],9,28,31,19,28
1,<environment.Job instance at 0x14786e71fd20>,7,21,[ 2 13],10,31,52,21,31
1,<environment.Job instance at 0x14786e71f370>,8,1,[2 8],11,52,53,41,43
1,<environment.Job instance at 0x14786e71f190>,9,1,[7 1],12,51,52,39,51
1,<environment.Job instance at 0x14786e71f500>,10,18,[5 2],13,52,70,39,51
1,<environment.Job instance at 0x1478272ee1e0>,11,2,[8 2],15,58,60,43,58
1,<environment.Job instance at 0x1478272eefa0>,12,3,[1 7],16,66,69,50,66
1,<environment.Job instance at 0x1478272eee10>,13,18,[8 1],17,66,84,49,66
1,<environment.Job instance at 0x1478272ee320>,14,1,[5 2],18,70,71,52,68
1,<environment.Job instance at 0x1478272ee780>,15,1,[1 8],19,70,71,51,70
1,<environment.Job instance at 0x1478272eedc0>,16,3,[1 7],20,74,77,54,74
1,<environment.Job instance at 0x14786f448b40>,17,2,[5 2],22,74,76,52,74
1,<environment.Job instance at 0x14786f448c30>,18,2,[1 7],24,77,79,53,77
1,<environment.Job instance at 0x14786f448230>,19,2,[5 2],25,78,80,53,78
1,<environment.Job instance at 0x14786f448140>,20,1,[1 6],27,79,80,52,78
1,<environment.Job instance at 0x14786f448c80>,21,12,[7 1],28,80,92,52,78
1,<environment.Job instance at 0x14786f448190>,22,2,[10  1],29,92,94,63,81
1,<environment.Job instance at 0x14786e71f5a0>,4,3,[ 2 10],5,2175,2178,2170,2175
1,<environment.Job instance at 0x147827bb4730>,10,2,[ 1 10],17,17,19,0,17
1,<environment.Job instance at 0x1478278f4a00>,12,21,[7 2],20,20,41,0,20
1,<environment.Job instance at 0x147827ab7870>,16,3,[5 1],24,39,42,15,39
1,<environment.Job instance at 0x147827ab7690>,15,1,[6 1],23,64,65,41,64
1,<environment.Job instance at 0x147827bb40f0>,9,14,[8 1],16,92,106,76,92
1,<environment.Job instance at 0x1478272a1910>,8,16,[7 2],14,31,47,17,31
1,<environment.Job instance at 0x1478272b7190>,16,15,[8 2],26,36,51,10,36
1,<environment.Job instance at 0x1478272b7050>,17,17,[10  1],28,51,68,23,41
1,<environment.Job instance at 0x147827481e10>,0,1,[6 2],1,3,4,2,3
1,<environment.Job instance at 0x147827481500>,3,2,[8 1],8,23,25,15,23
1,<environment.Job instance at 0x1478706b70f0>,6,1,[1 9],13,39,40,26,39
1,<environment.Job instance at 0x1478706b74b0>,11,3,[ 2 10],20,41,44,21,41
1,<environment.Job instance at 0x1478706b72d0>,7,3,[1 8],14,44,47,30,41
1,<environment.Job instance at 0x1478706b70a0>,15,1,[6 2],25,41,42,16,41
1,<environment.Job instance at 0x1478706b7550>,16,3,[2 7],26,44,47,18,41
1,<environment.Job instance at 0x1478272b7230>,2,15,[ 1 11],7,47,62,40,41
1,<environment.Job instance at 0x1478706b7280>,17,14,[7 2],27,47,61,20,41
1,<environment.Job instance at 0x1478706b7910>,13,3,[9 1],22,61,64,39,50
1,<environment.Job instance at 0x1478706b79b0>,14,16,[9 1],23,81,97,58,81
1,<environment.Job instance at 0x1478274812d0>,5,2,[1 6],12,83,85,71,83
1,<environment.Job instance at 0x1478273693c0>,6,2,[5 1],13,13,15,0,13
1,<environment.Job instance at 0x14782775a500>,7,1,[2 7],14,14,15,0,14
1,<environment.Job instance at 0x14782775a1e0>,15,1,[7 2],26,26,27,0,26
1,<environment.Job instance at 0x1478272df190>,3,2,[2 5],6,6,8,0,6
1,<environment.Job instance at 0x14786e574b90>,8,1,[10  1],14,14,15,0,14
1,<environment.Job instance at 0x14786e574dc0>,9,27,[1 7],15,15,42,0,15
1,<environment.Job instance at 0x147873774410>,17,1,[5 1],29,40,41,11,40
1,<environment.Job instance at 0x14786e574870>,13,1,[2 6],23,44,45,21,44
1,<environment.Job instance at 0x147827be8b40>,1,1,[1 5],2,3,4,1,3
1,<environment.Job instance at 0x147827be8d70>,5,2,[ 1 10],6,6,8,0,6
1,<environment.Job instance at 0x147873777aa0>,21,1,[5 2],27,39,40,12,39
1,<environment.Job instance at 0x14786efe6f50>,22,1,[2 5],28,101,102,73,101
1,<environment.Job instance at 0x14787572b550>,3,1,[7 1],6,6,7,0,6
1,<environment.Job instance at 0x147874189690>,10,19,[2 9],16,17,36,1,17
1,<environment.Job instance at 0x147874189eb0>,17,2,[1 5],23,23,25,0,23
1,<environment.Job instance at 0x147874189fa0>,18,1,[1 9],25,36,37,11,25
1,<environment.Job instance at 0x147874189a00>,19,1,[2 5],26,26,27,0,26
1,<environment.Job instance at 0x1478741a2d70>,21,1,[2 6],28,28,29,0,28
1,<environment.Job instance at 0x147874189410>,11,13,[12  2],17,564,577,547,564
1,<environment.Job instance at 0x14786f437fa0>,5,3,[5 1],7,7,10,0,7
1,<environment.Job instance at 0x14786f437460>,6,1,[10  1],8,8,9,0,8
1,<environment.Job instance at 0x14786f437960>,7,1,[1 8],9,9,10,0,9
1,<environment.Job instance at 0x1478741794b0>,11,2,[10  2],13,13,15,0,13
1,<environment.Job instance at 0x1478680303c0>,25,25,[12  1],29,47,72,18,47
1,<environment.Job instance at 0x14782762b320>,15,15,[2 6],19,69,84,50,69
1,<environment.Job instance at 0x14782762bd20>,16,2,[7 2],20,72,74,52,70
1,<environment.Job instance at 0x14782762beb0>,14,2,[1 6],17,76,78,59,76
1,<environment.Job instance at 0x1478273e1eb0>,6,23,[1 6],11,11,34,0,11
1,<environment.Job instance at 0x1527fb5571e0>,7,1,[2 6],8,8,9,0,8
1,<environment.Job instance at 0x1527fb51db90>,15,1,[ 1 10],20,20,21,0,20
1,<environment.Job instance at 0x152803052280>,16,1,[2 5],21,23,24,2,23
1,<environment.Job instance at 0x1527fb521230>,18,2,[10  1],25,25,27,0,25
1,<environment.Job instance at 0x152801032320>,17,17,[6 1],23,27,44,4,26
1,<environment.Job instance at 0x1527fb516e10>,23,2,[8 1],31,38,40,7,38
1,<environment.Job instance at 0x1527fb516a50>,27,2,[2 7],36,41,43,5,41
1,<environment.Job instance at 0x1527fb521320>,20,2,[ 1 13],27,43,45,16,41
1,<environment.Job instance at 0x1527fb516460>,28,2,[2 7],37,46,48,9,46
1,<environment.Job instance at 0x1527f9ab1f00>,2,1,[2 7],3,3,4,0,3
1,<environment.Job instance at 0x1527f9a9b370>,7,1,[8 1],11,970,971,959,970
1,<environment.Job instance at 0x1527f9a9b960>,10,25,[12  2],14,1372,1397,1358,1372
1,<environment.Job instance at 0x1527f9a9bd20>,1,1,[1 9],5,5,6,0,5
1,<environment.Job instance at 0x1527f9a82190>,9,1,[13  1],14,14,15,0,14
1,<environment.Job instance at 0x1527f9a82910>,11,1,[2 5],16,16,17,0,16
1,<environment.Job instance at 0x15280101ad70>,25,1,[10  1],37,37,38,0,37
1,<environment.Job instance at 0x15280101abe0>,26,2,[ 1 10],38,38,40,0,38
1,<environment.Job instance at 0x1528020c6cd0>,4,1,[2 7],7,9,10,2,9
1,<environment.Job instance at 0x152800564fa0>,5,1,[2 5],8,11,12,3,11
1,<environment.Job instance at 0x15280059c370>,7,2,[14  1],10,13,15,3,13
1,<environment.Job instance at 0x1527f062b8c0>,19,1,[8 2],24,28,29,4,28
1,<environment.Job instance at 0x1527f062b370>,20,15,[5 1],25,28,43,3,28
1,<environment.Job instance at 0x1527f062b190>,21,18,[1 8],26,28,46,2,28
1,<environment.Job instance at 0x1527f062b410>,18,1,[ 2 14],23,58,59,35,58
1,<environment.Job instance at 0x1527f062b320>,23,3,[11  2],31,64,67,33,64
1,<environment.Job instance at 0x1527f0636af0>,26,1,[8 1],34,67,68,33,64
1,<environment.Job instance at 0x1527f06367d0>,27,3,[5 2],36,67,70,31,64
1,<environment.Job instance at 0x1527f062b4b0>,15,13,[2 9],20,68,81,48,68
1,<environment.Job instance at 0x1528020c6410>,6,15,[7 1],9,70,85,61,70
1,<environment.Job instance at 0x1528020c6820>,8,1,[5 1],11,74,75,63,74
1,<environment.Job instance at 0x1527f00d5230>,1,3,[12  1],4,130,133,126,130
1,<environment.Job instance at 0x1527f0194aa0>,20,2,[ 2 10],34,130,132,96,130
1,<environment.Job instance at 0x1527f0194c30>,23,19,[ 1 10],38,136,155,98,136
1,<environment.Job instance at 0x1527f01945f0>,4,3,[7 2],8,150,153,142,150
1,<environment.Job instance at 0x1527f01940f0>,7,13,[ 1 14],12,198,211,186,198
1,<environment.Job instance at 0x1527f03a46e0>,2,1,[1 7],3,3,4,0,3
1,<environment.Job instance at 0x1527f03bfc30>,3,1,[2 9],4,4,5,0,4
1,<environment.Job instance at 0x1527f0390a00>,17,17,[7 1],22,26,43,4,26
1,<environment.Job instance at 0x1527f0390be0>,21,1,[9 1],31,43,44,12,31
1,<environment.Job instance at 0x1527f0390d70>,22,12,[1 5],32,33,45,1,33
1,<environment.Job instance at 0x1527f8205a00>,24,1,[9 1],35,44,45,9,35
1,<environment.Job instance at 0x1527f8205e10>,25,2,[8 1],36,45,47,9,36
1,<environment.Job instance at 0x1527f82056e0>,26,1,[ 1 10],37,45,46,8,37
1,<environment.Job instance at 0x1527f8205370>,27,2,[1 5],39,39,41,0,39
1,<environment.Job instance at 0x1527f03902d0>,19,16,[9 1],26,53,69,27,53
1,<environment.Job instance at 0x1527f0390e10>,23,2,[6 2],33,55,57,22,55
1,<environment.Job instance at 0x1527fb24b960>,2,1,[2 6],6,7,8,1,7
1,<environment.Job instance at 0x1527f81640a0>,11,1,[7 2],23,23,24,0,23
1,<environment.Job instance at 0x1527f8164410>,13,2,[ 2 12],26,26,28,0,26
1,<environment.Job instance at 0x1527f8164d70>,19,1,[1 5],33,578,579,545,578
1,<environment.Job instance at 0x1527f8027a00>,23,3,[1 5],39,1439,1442,1400,1439
1,<environment.Job instance at 0x1527fc1fa500>,20,2,[7 2],29,29,31,0,29
1,<environment.Job instance at 0x1527f0059e60>,6,20,[8 2],12,13,33,1,13
1,<environment.Job instance at 0x1527f005bd20>,22,17,[10  1],38,74,91,36,74
1,<environment.Job instance at 0x1527f005d0f0>,0,1,[6 2],1,2,3,1,2
1,<environment.Job instance at 0x1527f9d62e10>,5,2,[1 6],12,17,19,5,17
1,<environment.Job instance at 0x1527f9d62690>,8,1,[9 2],15,18,19,3,18
1,<environment.Job instance at 0x1527f9d62550>,6,1,[1 9],13,94,95,81,94
1,<environment.Job instance at 0x1527f9d62aa0>,7,3,[1 8],14,356,359,342,356
1,<environment.Job instance at 0x1528020f0eb0>,2,1,[2 7],4,4,5,0,4
1,<environment.Job instance at 0x1527f009c690>,4,2,[6 1],6,7,9,1,7
1,<environment.Job instance at 0x1527f80be500>,10,1,[7 2],16,16,17,0,16
1,<environment.Job instance at 0x1527fbe9c4b0>,16,2,[2 9],25,25,27,0,25
1,<environment.Job instance at 0x1527fbe9c6e0>,20,3,[8 1],29,29,32,0,29
1,<environment.Job instance at 0x1527f0559fa0>,22,1,[10  1],34,34,35,0,34
1,<environment.Job instance at 0x1527f016a690>,23,27,[1 7],35,35,62,0,35
1,<environment.Job instance at 0x15280059ca50>,1,1,[2 6],3,3,4,0,3
1,<environment.Job instance at 0x1527ff0fc780>,2,2,[1 5],5,6,8,1,6
1,<environment.Job instance at 0x1527f05976e0>,15,2,[1 7],22,22,24,0,22
1,<environment.Job instance at 0x1527f0597aa0>,18,2,[1 8],26,26,28,0,26
1,<environment.Job instance at 0x1527f0597870>,23,14,[14  1],32,70,84,38,70
1,<environment.Job instance at 0x1527f0596050>,25,3,[10  1],36,84,87,48,71
1,<environment.Job instance at 0x1527f0597e10>,24,2,[6 1],34,87,89,53,78
1,<environment.Job instance at 0x1527f0596280>,26,3,[10  2],37,89,92,52,79
1,<environment.Job instance at 0x1527f059b410>,1,1,[1 5],2,3,4,1,3
1,<environment.Job instance at 0x1527afe08fa0>,7,15,[7 2],8,11,26,3,11
1,<environment.Job instance at 0x1528005b3690>,9,3,[6 1],10,59,62,49,59
1,<environment.Job instance at 0x1528005b3cd0>,10,2,[1 8],11,85,87,74,85
1,<environment.Job instance at 0x1527f820d5f0>,7,1,[1 7],11,57,58,46,57
1,<environment.Job instance at 0x1527f004c9b0>,8,3,[2 7],12,812,815,800,812
1,<environment.Job instance at 0x1527fbe75370>,14,1,[2 8],20,1132,1133,1112,1132
1,<environment.Job instance at 0x1527afdfa690>,12,3,[2 8],17,17,20,0,17
1,<environment.Job instance at 0x1527afdfab90>,13,3,[1 9],18,20,23,2,18
1,<environment.Job instance at 0x1527fb3c2190>,8,25,[12  1],9,27,52,18,27
1,<environment.Job instance at 0x1527afdfa780>,9,1,[ 2 10],10,59,60,49,59
1,<environment.Job instance at 0x1527afdfa870>,16,23,[1 6],21,79,102,58,79
1,<environment.Job instance at 0x1527afdfa730>,10,2,[10  2],12,87,89,75,87
1,<environment.Job instance at 0x1527f03e01e0>,6,1,[1 9],12,12,13,0,12
1,<environment.Job instance at 0x1527f03e0dc0>,9,1,[5 2],16,16,17,0,16
1,<environment.Job instance at 0x1527f03e06e0>,10,26,[2 8],18,18,44,0,18
1,<environment.Job instance at 0x1527f017fd20>,4,27,[1 7],5,5,32,0,5
1,<environment.Job instance at 0x1527f017fe60>,5,21,[1 8],6,6,27,0,6
1,<environment.Job instance at 0x1527f95b3190>,13,2,[2 9],17,32,34,15,22
1,<environment.Job instance at 0x1527f95b36e0>,15,1,[5 1],23,27,28,4,23
1,<environment.Job instance at 0x1527f95b3550>,16,13,[10  1],25,28,41,3,26
1,<environment.Job instance at 0x1527f95b32d0>,17,2,[1 8],27,34,36,7,28
1,<environment.Job instance at 0x1527f95b3c30>,14,15,[2 8],22,89,104,67,89
1,<environment.Job instance at 0x1527f95b3780>,22,1,[ 1 12],36,111,112,75,111
1,<environment.Job instance at 0x1527f95b3780>,1,1,[2 9],4,4,5,0,4
1,<environment.Job instance at 0x1527f07a6500>,2,2,[7 2],5,6,8,1,6
1,<environment.Job instance at 0x1528008936e0>,3,12,[7 1],6,6,18,0,6
1,<environment.Job instance at 0x1527f821d550>,6,2,[7 1],11,252,254,241,252
1,<environment.Job instance at 0x1527f821daa0>,9,1,[8 1],15,575,576,560,575
1,<environment.Job instance at 0x1527f821daf0>,10,28,[5 1],16,580,608,564,580
1,<environment.Job instance at 0x1527f821dbe0>,11,13,[8 2],17,869,882,852,869
1,<environment.Job instance at 0x1527f821dc80>,12,18,[5 1],18,978,996,960,978
1,<environment.Job instance at 0x1527f821dd20>,13,15,[6 1],19,1318,1333,1299,1318
1,<environment.Job instance at 0x1527f821ddc0>,14,3,[6 2],20,1608,1611,1588,1608
1,<environment.Job instance at 0x1527f821de60>,15,1,[6 2],21,1806,1807,1785,1806
1,<environment.Job instance at 0x1527f821de10>,16,17,[9 2],23,1830,1847,1807,1830
1,<environment.Job instance at 0x1527f80e2690>,2,1,[9 1],5,5,6,0,5
1,<environment.Job instance at 0x1527f8236190>,4,25,[8 1],9,9,34,0,9
1,<environment.Job instance at 0x1527f075c0f0>,10,1,[10  2],17,34,35,17,22
1,<environment.Job instance at 0x1527f075ceb0>,15,3,[9 2],23,35,38,12,23
1,<environment.Job instance at 0x15280064f0f0>,20,19,[2 5],30,35,54,5,35
1,<environment.Job instance at 0x15280064fd20>,27,3,[2 7],39,55,58,16,55
1,<environment.Job instance at 0x1527f075ccd0>,11,2,[7 2],18,79,81,61,79
1,<environment.Job instance at 0x1527f075c460>,12,16,[1 9],19,79,95,60,79
1,<environment.Job instance at 0x15280064f4b0>,1,1,[1 7],2,2,3,0,2
1,<environment.Job instance at 0x1527f075c5f0>,2,1,[6 2],3,3,4,0,3
1,<environment.Job instance at 0x1527f9a63730>,5,3,[7 1],6,7,10,1,7
1,<environment.Job instance at 0x1527f9a638c0>,7,2,[1 9],9,9,11,0,9
1,<environment.Job instance at 0x1527f9a63820>,8,2,[7 2],10,10,12,0,10
1,<environment.Job instance at 0x1527f9a63690>,9,3,[5 2],12,12,15,0,12
1,<environment.Job instance at 0x1527f9a63cd0>,11,1,[8 1],14,14,15,0,14
1,<environment.Job instance at 0x1527f9a63e10>,12,1,[1 5],16,16,17,0,16
1,<environment.Job instance at 0x1527f9a63f00>,13,1,[10  1],18,18,19,0,18
1,<environment.Job instance at 0x1527f9a63fa0>,14,1,[5 2],19,19,20,0,19
1,<environment.Job instance at 0x1527f9a392d0>,16,25,[9 1],21,21,46,0,21
1,<environment.Job instance at 0x1527f9a394b0>,17,1,[10  2],23,46,47,23,23
1,<environment.Job instance at 0x1527f9a395f0>,18,21,[ 2 10],24,24,45,0,24
1,<environment.Job instance at 0x1527f9a39730>,19,21,[2 5],25,45,66,20,37
1,<environment.Job instance at 0x1527f9a39cd0>,28,1,[9 1],36,47,48,11,38
1,<environment.Job instance at 0x1527f9a39780>,21,3,[2 7],28,79,82,51,79
1,<environment.Job instance at 0x1527f9a39910>,22,15,[7 2],29,95,110,66,95
1,<environment.Job instance at 0x14ecfb426aa0>,2,1,[2 5],3,3,4,0,3
1,<environment.Job instance at 0x14ecf38b7fa0>,3,1,[6 2],4,4,5,0,4
1,<environment.Job instance at 0x14ecf38cfeb0>,15,1,[ 1 10],20,20,21,0,20
1,<environment.Job instance at 0x14ecfb3cc230>,16,1,[2 5],21,21,22,0,21
1,<environment.Job instance at 0x14ecf3891be0>,21,3,[6 1],29,29,32,0,29
1,<environment.Job instance at 0x14ecf3891e10>,22,1,[2 7],30,30,31,0,30
1,<environment.Job instance at 0x14ecf3891b90>,23,2,[8 1],31,31,33,0,31
1,<environment.Job instance at 0x14ecf3803280>,28,2,[2 7],37,37,39,0,37
1,<environment.Job instance at 0x14ecf38072d0>,33,1,[2 7],43,43,44,0,43
1,<environment.Job instance at 0x14ecf3807230>,32,3,[2 9],42,1606,1609,1564,1606
1,<environment.Job instance at 0x14ecf97f1d20>,35,2,[1 8],45,2872,2874,2827,2872
1,<environment.Job instance at 0x14ecf1929230>,4,1,[10  1],6,32,33,26,32
1,<environment.Job instance at 0x14ecf19292d0>,7,3,[2 8],10,66,69,56,66
1,<environment.Job instance at 0x14ecf1929370>,8,2,[2 8],11,79,81,68,79
1,<environment.Job instance at 0x14ecf1929140>,6,3,[1 8],8,84,87,76,84
1,<environment.Job instance at 0x14ecf1929320>,9,1,[1 6],13,84,85,71,84
1,<environment.Job instance at 0x14ecf1929820>,10,1,[2 9],15,87,88,72,84
1,<environment.Job instance at 0x14ecf1929b90>,11,16,[8 2],16,85,101,69,85
1,<environment.Job instance at 0x14ecf1929c80>,13,2,[8 2],19,101,103,82,96
1,<environment.Job instance at 0x14ecf19296e0>,14,2,[1 7],22,98,100,76,98
1,<environment.Job instance at 0x14ecf19297d0>,12,12,[9 1],18,103,115,85,100
1,<environment.Job instance at 0x14ecf1929190>,15,3,[6 1],23,108,111,85,108
1,<environment.Job instance at 0x14ecf19294b0>,18,1,[10  2],29,122,123,93,122
1,<environment.Job instance at 0x14ecf1939550>,19,22,[1 5],30,122,144,92,122
1,<environment.Job instance at 0x14ecf1929eb0>,16,2,[2 5],25,406,408,381,406
1,<environment.Job instance at 0x14ecf19395a0>,22,17,[8 1],36,1077,1094,1041,1077
1,<environment.Job instance at 0x14ecf1939730>,30,3,[1 9],45,1077,1080,1032,1077
1,<environment.Job instance at 0x14ecf1939140>,31,1,[2 5],46,1121,1122,1075,1121
1,<environment.Job instance at 0x14ecf1939eb0>,32,2,[ 2 10],47,1132,1134,1085,1132
1,<environment.Job instance at 0x14ecf19390f0>,33,3,[2 9],49,1232,1235,1183,1232
1,<environment.Job instance at 0x14ecd8ab0af0>,3,1,[1 6],7,7,8,0,7
1,<environment.Job instance at 0x14ecf41349b0>,13,1,[7 2],20,20,21,0,20
1,<environment.Job instance at 0x14ecf4134050>,16,1,[1 5],23,23,24,0,23
1,<environment.Job instance at 0x14ecf41345f0>,18,1,[2 7],27,27,28,0,27
1,<environment.Job instance at 0x14ecf1e42e60>,19,1,[2 5],28,29,30,1,29
1,<environment.Job instance at 0x14ecf1e427d0>,21,2,[14  1],30,30,32,0,30
1,<environment.Job instance at 0x14ecf1e420f0>,22,1,[5 1],31,32,33,1,31
1,<environment.Job instance at 0x14ecf1e425a0>,20,15,[7 1],29,32,47,3,31
1,<environment.Job instance at 0x14ecf1e44d20>,33,1,[8 2],44,52,53,8,52
1,<environment.Job instance at 0x14ecf1e42500>,31,1,[ 2 10],42,75,76,33,75
1,<environment.Job instance at 0x14ecf1e42f50>,30,1,[2 8],41,82,83,41,82
1,<environment.Job instance at 0x14ecf1e424b0>,32,1,[ 2 14],43,101,102,58,101
1,<environment.Job instance at 0x14ecf1e44320>,35,18,[1 8],46,110,128,64,110
1,<environment.Job instance at 0x14ecf00b5500>,0,3,[11  2],1,16,19,15,16
1,<environment.Job instance at 0x14ecf003cf00>,8,1,[1 7],10,16,17,6,16
1,<environment.Job instance at 0x14ecf00b5320>,3,1,[8 1],4,480,481,476,480
1,<environment.Job instance at 0x14ecf00b5a00>,4,3,[5 2],6,815,818,809,815
1,<environment.Job instance at 0x14ecf003c960>,17,27,[1 8],23,1361,1388,1338,1361
1,<environment.Job instance at 0x14ecf003c280>,18,3,[1 9],24,1705,1708,1681,1705
1,<environment.Job instance at 0x14ecf003cd20>,19,2,[7 2],25,2348,2350,2323,2348
1,<environment.Job instance at 0x14ecf003c4b0>,20,12,[6 1],26,2712,2724,2686,2712
1,<environment.Job instance at 0x14ecd84f0c30>,2,1,[1 7],3,3,4,0,3
1,<environment.Job instance at 0x14ecd84f0af0>,3,1,[2 9],4,4,5,0,4
1,<environment.Job instance at 0x14ecd84f07d0>,10,2,[2 5],13,13,15,0,13
1,<environment.Job instance at 0x14ecd84f0d20>,11,3,[6 1],14,14,17,0,14
1,<environment.Job instance at 0x14ecd84f0f50>,12,2,[10  1],15,17,19,2,15
1,<environment.Job instance at 0x14ecd84e72d0>,21,1,[9 1],31,45,46,14,45
1,<environment.Job instance at 0x14ecd84e7370>,23,2,[6 2],33,45,47,12,45
1,<environment.Job instance at 0x14ecd84e7870>,24,1,[9 1],35,46,47,11,45
1,<environment.Job instance at 0x14ecd84e7780>,25,2,[8 1],36,47,49,11,45
1,<environment.Job instance at 0x14ecd84e7be0>,26,1,[ 1 10],37,47,48,10,45
1,<environment.Job instance at 0x14ecd84e7460>,27,2,[1 5],39,48,50,9,45
1,<environment.Job instance at 0x14ecd84e75a0>,28,3,[1 5],40,48,51,8,45
1,<environment.Job instance at 0x14ecd84e7500>,30,3,[2 8],45,50,53,5,45
1,<environment.Job instance at 0x14ecd893e550>,31,1,[2 6],46,51,52,5,46
1,<environment.Job instance at 0x14ecf8905050>,32,2,[1 6],47,52,54,5,47
1,<environment.Job instance at 0x14ecd890a0a0>,33,18,[7 2],49,53,71,4,49
1,<environment.Job instance at 0x14ecd84e7960>,17,17,[7 1],22,75,92,53,75
1,<environment.Job instance at 0x14ecd84e7fa0>,18,1,[2 6],23,77,78,54,77
1,<environment.Job instance at 0x14ecd84e7140>,19,16,[9 1],26,92,108,66,84
1,<environment.Job instance at 0x14ecd8a0ac30>,0,1,[2 8],2,2,3,0,2
1,<environment.Job instance at 0x14ecf89c5820>,6,1,[7 2],13,13,14,0,13
1,<environment.Job instance at 0x14ecf89c5550>,7,2,[5 2],14,14,16,0,14
1,<environment.Job instance at 0x14ecf89c5d70>,8,2,[ 2 12],16,16,18,0,16
1,<environment.Job instance at 0x14ecf89c5f50>,16,3,[ 2 10],25,234,237,209,234
1,<environment.Job instance at 0x14ecf89c5320>,18,3,[1 5],29,660,663,631,660
1,<environment.Job instance at 0x14ecf89c5e10>,19,21,[ 2 13],30,728,749,698,728
1,<environment.Job instance at 0x14ecf89c55a0>,20,1,[2 8],31,948,949,917,948
1,<environment.Job instance at 0x14ecf89c57d0>,14,1,[1 5],23,1047,1048,1024,1047
1,<environment.Job instance at 0x14ecf89b9aa0>,21,1,[7 1],32,1589,1590,1557,1589
1,<environment.Job instance at 0x14ecf89b9fa0>,23,2,[8 2],35,1838,1840,1803,1838
1,<environment.Job instance at 0x14ecf89b9a50>,24,3,[1 7],36,1963,1966,1927,1963
1,<environment.Job instance at 0x14ecf89b9eb0>,22,18,[5 2],33,2041,2059,2008,2041
1,<environment.Job instance at 0x14ecf89b9140>,25,18,[8 1],37,2358,2376,2321,2358
1,<environment.Job instance at 0x14ecf89b97d0>,27,1,[1 8],39,2363,2364,2324,2363
1,<environment.Job instance at 0x14ecf89b9c30>,28,3,[1 7],40,2444,2447,2404,2444
1,<environment.Job instance at 0x14ecf89b9e60>,29,2,[5 2],42,2733,2735,2691,2733
1,<environment.Job instance at 0x14ecf89b9820>,30,2,[1 7],44,2923,2925,2879,2923
1,<environment.Job instance at 0x14ecf89b9f50>,31,2,[5 2],45,2925,2927,2880,2925
1,<environment.Job instance at 0x14ecf89b9910>,32,1,[1 6],47,2937,2938,2890,2937
1,<environment.Job instance at 0x14ecf4508aa0>,12,21,[7 2],20,20,41,0,20
1,<environment.Job instance at 0x14ecf89abdc0>,19,20,[8 2],32,32,52,0,32
1,<environment.Job instance at 0x14ecf3838dc0>,25,3,[5 2],43,44,47,1,44
1,<environment.Job instance at 0x14ecd854ffa0>,27,1,[ 2 10],45,45,46,0,45
1,<environment.Job instance at 0x14ecf4562a50>,29,1,[1 8],48,48,49,0,48
1,<environment.Job instance at 0x14ecd8650190>,9,2,[8 1],18,18,20,0,18
1,<environment.Job instance at 0x14ecd8650a50>,10,2,[1 9],21,21,23,0,21
1,<environment.Job instance at 0x14ecd8662550>,11,2,[1 6],22,22,24,0,22
1,<environment.Job instance at 0x14ecd8662eb0>,12,1,[1 9],23,23,24,0,23
1,<environment.Job instance at 0x14ecd84b9730>,14,1,[9 2],25,25,26,0,25
1,<environment.Job instance at 0x14ecd84b91e0>,16,2,[1 6],28,28,30,0,28
1,<environment.Job instance at 0x14ecf1eab870>,18,1,[7 2],31,31,32,0,31
1,<environment.Job instance at 0x14ecf92c40f0>,21,1,[6 2],35,37,38,2,37
1,<environment.Job instance at 0x14ecf92cbcd0>,23,14,[7 2],37,37,51,0,37
1,<environment.Job instance at 0x14ecf424b410>,24,2,[ 1 10],39,39,41,0,39
1,<environment.Job instance at 0x14ecf425c320>,26,2,[2 9],41,42,44,1,42
1,<environment.Job instance at 0x14ecd8701c30>,29,16,[1 5],48,53,69,5,53
1,<environment.Job instance at 0x14ecd86507d0>,6,1,[6 2],11,79,80,68,79
1,<environment.Job instance at 0x14ecd84d78c0>,5,2,[ 2 12],10,82,84,72,82
1,<environment.Job instance at 0x14ecd8650780>,7,3,[2 7],13,84,87,71,84
1,<environment.Job instance at 0x14ecd8650550>,8,15,[ 1 11],17,90,105,73,90
1,<environment.Job instance at 0x14ecd83dd960>,14,3,[6 1],23,24,27,1,24
1,<environment.Job instance at 0x14ecd83ddb40>,16,2,[2 9],25,25,27,0,25
1,<environment.Job instance at 0x14ecd83dd870>,15,26,[9 1],24,27,53,3,25
1,<environment.Job instance at 0x14ecd83df460>,23,27,[1 7],35,35,62,0,35
1,<environment.Job instance at 0x14ecd83df050>,22,1,[10  1],34,60,61,26,60
1,<environment.Job instance at 0x14ecd83df730>,28,2,[1 5],45,63,65,18,63
1,<environment.Job instance at 0x14ecd83df640>,27,1,[2 6],43,71,72,28,71
1,<environment.Job instance at 0x14ecf00a72d0>,8,2,[1 7],12,12,14,0,12
1,<environment.Job instance at 0x14ecf00a7460>,11,2,[1 8],16,16,18,0,16
1,<environment.Job instance at 0x14ecf00a7eb0>,17,2,[6 1],24,24,26,0,24
1,<environment.Job instance at 0x14ecf00a7d20>,15,1,[8 2],21,91,92,70,91
1,<environment.Job instance at 0x14ecf3673eb0>,23,18,[8 2],33,95,113,62,95
1,<environment.Job instance at 0x14ecf36731e0>,20,3,[ 2 11],30,326,329,296,326
1,<environment.Job instance at 0x14ecf00a7d70>,14,1,[2 8],20,329,330,309,326
1,<environment.Job instance at 0x14ecfa437eb0>,28,15,[7 2],38,326,341,288,326
1,<environment.Job instance at 0x14ecf36730a0>,24,3,[1 6],34,339,342,305,339
1,<environment.Job instance at 0x14ecf00a7be0>,16,14,[14  1],22,341,355,319,341
1,<environment.Job instance at 0x14ecf92508c0>,2,27,[ 2 10],3,3,30,0,3
1,<environment.Job instance at 0x14ecd8aeb460>,18,19,[2 9],26,30,49,4,27
1,<environment.Job instance at 0x14ecd8aeb870>,21,1,[6 2],29,29,30,0,29
1,<environment.Job instance at 0x14ecf0074870>,22,2,[1 5],30,30,32,0,30
1,<environment.Job instance at 0x14ecf1e05eb0>,23,1,[1 7],31,49,50,18,31
1,<environment.Job instance at 0x14ecf8965960>,25,2,[1 5],33,33,35,0,33
1,<environment.Job instance at 0x14ecf89653c0>,26,1,[1 9],35,50,51,15,35
1,<environment.Job instance at 0x14ecf8965690>,27,1,[2 5],36,36,37,0,36
1,<environment.Job instance at 0x14ecf8965a50>,28,15,[7 1],37,37,52,0,37
1,<environment.Job instance at 0x14ecf0169d70>,29,1,[2 6],38,49,50,11,38
1,<environment.Job instance at 0x14ecf0169870>,30,1,[2 8],40,51,52,11,40
1,<environment.Job instance at 0x14ecf01690f0>,31,1,[2 6],41,51,52,10,41
1,<environment.Job instance at 0x14ecf0169aa0>,32,3,[1 7],43,52,55,9,43
1,<environment.Job instance at 0x14ecf01693c0>,38,1,[1 8],49,60,61,11,60
1,<environment.Job instance at 0x14ecf0169dc0>,37,1,[10  1],48,84,85,36,84
1,<environment.Job instance at 0x14ecf0169a00>,36,3,[5 1],47,360,363,313,360
1,<environment.Job instance at 0x14ecd8aebdc0>,19,13,[12  2],27,698,711,671,698
1,<environment.Job instance at 0x14ecf0102550>,7,2,[7 2],10,11,13,1,11
1,<environment.Job instance at 0x14ecf0102410>,9,2,[1 8],12,12,14,0,12
1,<environment.Job instance at 0x14ecf01023c0>,10,14,[6 1],13,19,33,6,19
1,<environment.Job instance at 0x14ecf0102b40>,17,1,[ 2 10],20,20,21,0,20
1,<environment.Job instance at 0x14ecf0102c30>,18,2,[10  2],22,33,35,11,22
1,<environment.Job instance at 0x14ecf00e62d0>,19,3,[7 1],26,26,29,0,26
1,<environment.Job instance at 0x14ecf00e6460>,20,3,[2 8],27,27,30,0,27
1,<environment.Job instance at 0x14ecf00e65a0>,21,3,[1 9],28,30,33,2,28
1,<environment.Job instance at 0x14ecf00e6820>,23,3,[2 9],30,33,36,3,30
1,<environment.Job instance at 0x14ecf00e6960>,24,23,[1 6],31,35,58,4,31
1,<environment.Job instance at 0x14ecf00e6af0>,26,3,[10  1],37,37,40,0,37
1,<environment.Job instance at 0x14ecf00e6d20>,27,3,[6 1],39,40,43,1,39
1,<environment.Job instance at 0x14ecf00e6e10>,28,3,[8 1],40,40,43,0,40
1,<environment.Job instance at 0x14ecf00e6fa0>,29,2,[7 1],42,43,45,1,42
1,<environment.Job instance at 0x14ecf00cf230>,31,1,[7 1],46,46,47,0,46
1,<environment.Job instance at 0x14ecf00cf370>,32,2,[5 1],47,47,49,0,47
1,<environment.Job instance at 0x14ecf00cf500>,33,14,[2 5],48,48,62,0,48
1,<environment.Job instance at 0x14ecf0102e60>,15,13,[10  1],18,72,85,54,72
1,<environment.Job instance at 0x14ecf0102f00>,16,25,[12  1],19,85,110,66,83
1,<environment.Job instance at 0x14ecf891f9b0>,8,1,[10  2],15,15,16,0,15
1,<environment.Job instance at 0x14ecf891f870>,10,26,[2 8],18,18,44,0,18
1,<environment.Job instance at 0x14ecd86e3190>,11,2,[ 1 10],20,44,46,24,20
1,<environment.Job instance at 0x14ecf41370f0>,19,3,[5 1],38,38,41,0,38
1,<environment.Job instance at 0x14ecf4137dc0>,20,1,[2 8],39,46,47,7,39
1,<environment.Job instance at 0x14ecf41373c0>,21,2,[7 2],40,40,42,0,40
1,<environment.Job instance at 0x14ecf4137910>,25,2,[5 2],44,44,46,0,44
1,<environment.Job instance at 0x14ecf4137640>,26,27,[1 7],45,56,83,11,56
1,<environment.Job instance at 0x14ecf4137eb0>,29,2,[6 1],49,64,66,15,64
1,<environment.Job instance at 0x14ecd8914f50>,9,1,[10  2],18,18,19,0,18
1,<environment.Job instance at 0x14ecd8914eb0>,13,1,[ 1 12],26,26,27,0,26
1,<environment.Job instance at 0x14ecd8b62960>,15,1,[8 1],29,29,30,0,29
1,<environment.Job instance at 0x14ecf35c8eb0>,2,1,[7 1],4,4,5,0,4
1,<environment.Job instance at 0x14ecd8b82dc0>,10,1,[6 2],16,16,17,0,16
1,<environment.Job instance at 0x14ecd8b82320>,11,1,[1 9],17,17,18,0,17
1,<environment.Job instance at 0x14ecd8511960>,16,1,[9 1],25,25,26,0,25
1,<environment.Job instance at 0x14ecd8511190>,18,25,[8 1],29,29,54,0,29
1,<environment.Job instance at 0x14ecd83a00f0>,20,16,[1 6],31,38,54,7,38
1,<environment.Job instance at 0x14ecf01b7410>,27,3,[1 5],40,40,43,0,40
1,<environment.Job instance at 0x14ecf01b7280>,29,3,[9 2],43,54,57,11,43
1,<environment.Job instance at 0x14ecf01b75a0>,31,2,[1 8],45,45,47,0,45
1,<environment.Job instance at 0x14ecd8532d20>,33,1,[ 1 10],49,55,56,6,55
1,<environment.Job instance at 0x14ecd83a0320>,23,14,[9 2],36,134,148,98,134
1,<environment.Job instance at 0x14ecd83a0dc0>,25,2,[7 2],38,148,150,110,136
1,<environment.Job instance at 0x14ecd83a0f50>,24,1,[10  2],37,150,151,113,140
1,<environment.Job instance at 0x14ecd8724640>,7,1,[1 6],10,10,11,0,10
1,<environment.Job instance at 0x14ecd87249b0>,9,1,[1 7],12,12,13,0,12
1,<environment.Job instance at 0x14ecd8724820>,10,1,[6 2],13,13,14,0,13
1,<environment.Job instance at 0x14ecf42501e0>,13,3,[7 1],16,17,20,1,17
1,<environment.Job instance at 0x14ecf4250a50>,15,2,[1 9],19,19,21,0,19
1,<environment.Job instance at 0x14ecf89cf6e0>,16,2,[7 2],20,20,22,0,20
1,<environment.Job instance at 0x14ecf42509b0>,14,14,[8 2],17,25,39,8,25
1,<environment.Job instance at 0x14ecf89cf2d0>,19,1,[8 1],24,39,40,15,25
1,<environment.Job instance at 0x14ecf89cfd70>,22,1,[5 2],29,29,30,0,29
1,<environment.Job instance at 0x14ecf89cf5f0>,25,1,[10  2],33,40,41,7,34
1,<environment.Job instance at 0x14ecd8828500>,27,21,[2 5],35,35,56,0,35
1,<environment.Job instance at 0x14ecd8828550>,28,15,[5 2],36,41,56,5,36
1,<environment.Job instance at 0x14ecd87a3f50>,29,3,[2 7],38,39,42,1,39
1,<environment.Job instance at 0x14ecd87a3410>,31,15,[6 1],40,41,56,1,40
1,<environment.Job instance at 0x14ecd87a32d0>,32,2,[2 9],41,56,58,15,41
1,<environment.Job instance at 0x14ecd87a3e60>,33,2,[1 5],42,42,44,0,42
1,<environment.Job instance at 0x14ecf89cf870>,26,21,[ 2 10],34,78,99,44,78
1,<environment.Job instance at 0x14ecd87a3c30>,30,15,[7 2],39,129,144,90,129
1,<environment.Job instance at 0x14ecf360ed20>,5,1,[5 1],8,8,9,0,8
1,<environment.Job instance at 0x14ecd87c6eb0>,16,1,[8 2],23,1731,1732,1708,1731
1,<environment.Job instance at 0x14ecd87a3320>,3,22,[8 1],5,5,27,0,5
1,<environment.Job instance at 0x14ecf00b34b0>,13,2,[10  1],17,27,29,10,21
1,<environment.Job instance at 0x14ecf00b3a00>,20,1,[8 1],27,65,66,38,65
1,<environment.Job instance at 0x14ecf00b3dc0>,24,3,[1 8],33,93,96,60,93
1,<environment.Job instance at 0x14ecf00b3d20>,25,1,[ 2 10],34,96,97,62,93
1,<environment.Job instance at 0x14ecf00b3e10>,26,2,[7 2],36,93,95,57,93
1,<environment.Job instance at 0x14ecf00b3e60>,27,1,[6 1],37,93,94,56,93
1,<environment.Job instance at 0x14ecf008f1e0>,28,2,[6 1],39,94,96,55,94
1,<environment.Job instance at 0x14ecf00b30a0>,14,22,[2 6],19,165,187,146,165
1,<environment.Job instance at 0x14ecf008f410>,31,2,[7 2],45,225,227,180,225
1,<environment.Job instance at 0x14ecf00b3500>,15,1,[ 1 14],20,302,303,282,302
1,<environment.Job instance at 0x14ecf00b3b90>,23,3,[ 2 14],32,2033,2036,2001,2033
1,<environment.Job instance at 0x14ecd8559e60>,4,1,[2 9],6,1267,1268,1261,1267
1,<environment.Job instance at 0x14ecd8559dc0>,7,1,[7 2],12,2546,2547,2534,2546
1,<environment.Job instance at 0x14ecd85598c0>,10,25,[6 1],15,2940,2965,2925,2940
1,<environment.Job instance at 0x14ecf41a20f0>,7,2,[ 1 11],17,18,20,1,18
1,<environment.Job instance at 0x14ecf41a2460>,9,1,[1 8],20,20,21,0,20
1,<environment.Job instance at 0x14ecf3606af0>,14,1,[8 2],25,26,27,1,26
1,<environment.Job instance at 0x14ecf36062d0>,18,2,[2 6],29,29,31,0,29
1,<environment.Job instance at 0x14ecf3606820>,19,1,[8 1],30,30,31,0,30
1,<environment.Job instance at 0x14ecf3606500>,20,1,[7 2],32,32,33,0,32
1,<environment.Job instance at 0x14ecf88cfdc0>,28,1,[1 9],41,58,59,17,58
1,<environment.Job instance at 0x14ecf88cf2d0>,32,16,[7 1],45,74,90,29,74
1,<environment.Job instance at 0x14ecf36068c0>,16,3,[ 2 14],27,88,91,61,88
1,<environment.Job instance at 0x14ecf3606050>,15,2,[ 1 10],26,105,107,79,105
1,<environment.Job instance at 0x14c2d8dc3050>,7,1,[2 6],8,9,10,1,9
1,<environment.Job instance at 0x14c2d8db8c30>,15,1,[ 1 10],20,20,21,0,20
1,<environment.Job instance at 0x14c2d8d8de60>,16,1,[2 5],21,23,24,2,23
1,<environment.Job instance at 0x14c2d8d8d370>,17,17,[6 1],23,24,41,1,24
1,<environment.Job instance at 0x14c2d8d82d20>,22,1,[2 7],30,37,38,7,37
1,<environment.Job instance at 0x14c2d8d82a50>,26,1,[2 7],35,37,38,2,37
1,<environment.Job instance at 0x14c2d8d82a00>,27,2,[2 7],36,42,44,6,42
1,<environment.Job instance at 0x14c2d8d822d0>,28,2,[2 7],37,43,45,6,43
1,<environment.Job instance at 0x14c2d8d005f0>,29,16,[10  2],39,44,60,5,44
1,<environment.Job instance at 0x14c2d8d8d280>,20,2,[ 1 13],27,61,63,34,61
1,<environment.Job instance at 0x14c2d8cfaf50>,37,2,[ 1 10],50,63,65,13,61
1,<environment.Job instance at 0x14c2d8cb4b90>,30,15,[2 9],40,65,80,25,63
1,<environment.Job instance at 0x14c2d72d9f00>,42,1,[10  1],56,68,69,12,68
1,<environment.Job instance at 0x14c2d7086960>,43,3,[7 2],57,69,72,12,68
1,<environment.Job instance at 0x14c2d8d3cfa0>,44,3,[1 8],58,80,83,22,70
1,<environment.Job instance at 0x14c2d72afb90>,41,25,[12  2],54,96,121,42,96
1,<environment.Job instance at 0x14c2d8cb4c80>,34,15,[11  1],44,286,301,242,286
1,<environment.Job instance at 0x14c2d8d82c30>,24,12,[ 1 10],32,293,305,261,293
1,<environment.Job instance at 0x14c2d8d82910>,25,2,[2 8],34,305,307,271,299
1,<environment.Job instance at 0x14c2d75b2780>,2,1,[2 9],5,5,6,0,5
1,<environment.Job instance at 0x14c2d709ebe0>,22,3,[1 9],35,35,38,0,35
1,<environment.Job instance at 0x14c2d6e3ae10>,23,1,[2 5],36,36,37,0,36
1,<environment.Job instance at 0x14c2d6e3a460>,24,2,[ 2 10],37,38,40,1,37
1,<environment.Job instance at 0x14c2d6e3ab40>,29,1,[1 6],47,50,51,3,50
1,<environment.Job instance at 0x14c2d709eaa0>,19,3,[2 9],32,77,80,45,77
1,<environment.Job instance at 0x14c2d709e050>,20,3,[1 9],33,137,140,104,137
1,<environment.Job instance at 0x14c2d709e820>,21,1,[13  1],34,137,138,103,137
1,<environment.Job instance at 0x14c2de766820>,2,1,[1 5],3,5,6,2,5
1,<environment.Job instance at 0x14c2de766aa0>,4,1,[2 7],7,9,10,2,9
1,<environment.Job instance at 0x14c2de766c80>,7,2,[14  1],10,11,13,1,11
1,<environment.Job instance at 0x14c2de766370>,6,15,[7 1],9,13,28,4,11
1,<environment.Job instance at 0x14c2d7360460>,23,3,[11  2],31,157,160,126,157
1,<environment.Job instance at 0x14c2d7360820>,16,1,[2 8],21,157,158,136,157
1,<environment.Job instance at 0x14c2d7360910>,18,1,[ 2 14],23,177,178,154,177
1,<environment.Job instance at 0x14c2d7360050>,17,1,[ 2 10],22,209,210,187,209
1,<environment.Job instance at 0x14c2ddeca2d0>,31,1,[1 7],40,210,211,170,209
1,<environment.Job instance at 0x14c2d99d6fa0>,36,3,[7 2],48,209,212,161,209
1,<environment.Job instance at 0x14c2d99d66e0>,37,2,[1 8],49,212,214,163,212
1,<environment.Job instance at 0x14c2d99d65f0>,35,15,[1 6],47,227,242,180,227
1,<environment.Job instance at 0x14c2d99d6aa0>,38,3,[1 7],51,227,230,176,227
1,<environment.Job instance at 0x14c2d99d6280>,43,12,[6 1],56,256,268,200,256
1,<environment.Job instance at 0x14c2d99d6230>,40,27,[1 8],53,275,302,222,275
1,<environment.Job instance at 0x14c2d99d6960>,34,1,[1 8],46,778,779,732,778
1,<environment.Job instance at 0x14c2d99d60f0>,39,13,[ 1 14],52,1876,1889,1824,1876
1,<environment.Job instance at 0x14c2d99d6460>,33,3,[12  1],44,1902,1905,1858,1902
1,<environment.Job instance at 0x14c2b5af8a00>,8,2,[2 9],15,15,17,0,15
1,<environment.Job instance at 0x14c2d414a9b0>,11,2,[9 1],19,19,21,0,19
1,<environment.Job instance at 0x14c2b5af8c30>,10,19,[ 1 10],18,19,38,1,19
1,<environment.Job instance at 0x14c2d414a0f0>,16,1,[2 9],24,38,39,14,24
1,<environment.Job instance at 0x14c2b5d74190>,21,2,[8 2],31,31,33,0,31
1,<environment.Job instance at 0x14c2b5d74050>,23,2,[2 5],33,33,35,0,33
1,<environment.Job instance at 0x14c2b5d74be0>,25,2,[10  1],35,35,37,0,35
1,<environment.Job instance at 0x14c2dc96d8c0>,30,17,[7 1],42,47,64,5,47
1,<environment.Job instance at 0x14c2dc96dd20>,31,1,[2 6],43,47,48,4,47
1,<environment.Job instance at 0x14c2ddeca960>,36,2,[6 2],53,61,63,8,61
1,<environment.Job instance at 0x14c2ddeca190>,37,1,[9 1],55,64,65,9,61
1,<environment.Job instance at 0x14c2e07a3f50>,38,2,[8 1],56,65,67,9,61
1,<environment.Job instance at 0x14c2e07a3b40>,39,1,[ 1 10],57,61,62,4,61
1,<environment.Job instance at 0x14c2e07a3a50>,40,2,[1 5],59,62,64,3,61
1,<environment.Job instance at 0x14c2d414a6e0>,18,3,[ 2 10],27,92,95,65,92
1,<environment.Job instance at 0x14c2d414a780>,19,14,[10  1],29,101,115,72,101
1,<environment.Job instance at 0x14c2b5d74820>,28,16,[1 6],39,115,131,76,115
1,<environment.Job instance at 0x14c2b5d74820>,2,1,[2 6],6,6,7,0,6
1,<environment.Job instance at 0x14c2b59f95f0>,7,2,[7 2],17,17,19,0,17
1,<environment.Job instance at 0x14c2b59f92d0>,8,2,[2 5],18,18,20,0,18
1,<environment.Job instance at 0x14c2b59f6e10>,11,1,[7 2],23,23,24,0,23
1,<environment.Job instance at 0x14c2b59f66e0>,13,2,[ 2 12],26,27,29,1,27
1,<environment.Job instance at 0x14c2b59f25a0>,20,16,[1 7],34,650,666,616,650
1,<environment.Job instance at 0x14c2b59f2050>,23,3,[1 5],39,998,1001,959,998
1,<environment.Job instance at 0x14c2b59f2fa0>,24,21,[ 2 13],40,1017,1038,977,1017
1,<environment.Job instance at 0x14c2b59f2320>,25,1,[2 8],41,1514,1515,1473,1514
1,<environment.Job instance at 0x14c2b59f2690>,26,1,[7 1],42,1692,1693,1650,1692
1,<environment.Job instance at 0x14c2b59f2af0>,28,2,[8 2],45,1851,1853,1806,1851
1,<environment.Job instance at 0x14c2b59f29b0>,29,3,[1 7],46,2197,2200,2151,2197
1,<environment.Job instance at 0x14c2b59f22d0>,30,18,[8 1],47,2272,2290,2225,2272
1,<environment.Job instance at 0x14c2b59f2a00>,31,1,[5 2],48,2432,2433,2384,2432
1,<environment.Job instance at 0x14c2b59f2230>,32,1,[1 8],49,2473,2474,2424,2473
1,<environment.Job instance at 0x14c2b5a6e1e0>,33,3,[1 7],50,2497,2500,2447,2497
1,<environment.Job instance at 0x14c2b5a6ee60>,34,2,[5 2],52,2542,2544,2490,2542
1,<environment.Job instance at 0x14c2b5a6ee10>,35,2,[1 7],54,2542,2544,2488,2542
1,<environment.Job instance at 0x14c2b5a6e690>,36,2,[5 2],55,2607,2609,2552,2607
1,<environment.Job instance at 0x14c2b5a6e910>,37,1,[1 6],57,2724,2725,2667,2724
1,<environment.Job instance at 0x14c2b5a6ed20>,38,12,[7 1],58,2728,2740,2670,2728
1,<environment.Job instance at 0x14c2b5a6ec30>,39,2,[10  1],59,2758,2760,2699,2758
1,<environment.Job instance at 0x14c2b59f65f0>,19,1,[1 5],33,2888,2889,2855,2888
1,<environment.Job instance at 0x14c2d424cb90>,12,21,[7 2],20,21,42,1,21
1,<environment.Job instance at 0x14c2d8c23fa0>,21,3,[1 9],34,36,39,2,36
1,<environment.Job instance at 0x14c2d8c23eb0>,27,1,[ 2 10],45,45,46,0,45
1,<environment.Job instance at 0x14c2d8c727d0>,35,17,[10  1],58,67,84,9,67
1,<environment.Job instance at 0x14c2d8c72a00>,34,15,[8 2],56,84,99,28,82
1,<environment.Job instance at 0x14c2d8c72be0>,29,1,[1 8],48,85,86,37,85
1,<environment.Job instance at 0x14c2d8cd3690>,7,3,[1 8],14,23,26,9,23
1,<environment.Job instance at 0x14c2d8cd3780>,5,2,[1 6],12,26,28,14,26
1,<environment.Job instance at 0x14c2d8cd3730>,6,1,[1 9],13,334,335,321,334
1,<environment.Job instance at 0x14c2d8cd39b0>,8,1,[9 2],15,376,377,361,376
1,<environment.Job instance at 0x14c2dddfe690>,14,2,[1 5],25,1539,1541,1514,1539
1,<environment.Job instance at 0x14c2b58a9230>,18,27,[ 2 10],23,26,53,3,26
1,<environment.Job instance at 0x14c2b58a96e0>,22,1,[2 5],28,28,29,0,28
1,<environment.Job instance at 0x14c2b58a9190>,19,2,[10  1],24,43,45,19,43
1,<environment.Job instance at 0x14c2b58ab780>,34,19,[2 9],46,53,72,7,47
1,<environment.Job instance at 0x14c2b58abaa0>,37,1,[6 2],49,49,50,0,49
1,<environment.Job instance at 0x14c2b58abbe0>,38,2,[1 5],50,50,52,0,50
1,<environment.Job instance at 0x14c2b58abd20>,39,1,[1 7],51,72,73,21,51
1,<environment.Job instance at 0x14c2b58abfa0>,41,2,[1 5],53,54,56,1,54
1,<environment.Job instance at 0x14c2b58abf50>,42,1,[1 9],55,73,74,18,55
1,<environment.Job instance at 0x14c2b58ae230>,43,1,[2 5],56,56,57,0,56
1,<environment.Job instance at 0x14c2b58ae3c0>,44,15,[7 1],57,57,72,0,57
1,<environment.Job instance at 0x14c2b58ae500>,45,1,[2 6],58,72,73,14,58
1,<environment.Job instance at 0x14c2b58a7dc0>,15,2,[2 8],19,672,674,653,672
1,<environment.Job instance at 0x14c2d8a91370>,11,2,[10  2],13,13,15,0,13
1,<environment.Job instance at 0x14c2b5e86cd0>,14,2,[1 6],17,109,111,92,109
1,<environment.Job instance at 0x14c2b5e86a50>,26,1,[ 2 10],30,132,133,102,132
1,<environment.Job instance at 0x14c2b5e86af0>,27,2,[10  2],32,379,381,347,379
1,<environment.Job instance at 0x14c2b5e86370>,28,3,[7 1],36,538,541,502,538
1,<environment.Job instance at 0x14c2dfdbda00>,29,3,[2 8],37,817,820,780,817
1,<environment.Job instance at 0x14c2dfdbd690>,31,16,[10  1],39,817,833,778,817
1,<environment.Job instance at 0x14c2dfdbdbe0>,32,3,[2 9],40,820,823,780,820
1,<environment.Job instance at 0x14c2dfdbd550>,33,23,[1 6],41,823,846,782,820
1,<environment.Job instance at 0x14c2dfdbda50>,34,12,[7 1],44,835,847,791,835
1,<environment.Job instance at 0x14c2dfdbd190>,35,3,[10  1],47,847,850,800,841
1,<environment.Job instance at 0x14c2dfdbdaf0>,36,3,[6 1],49,842,845,793,842
1,<environment.Job instance at 0x14c2d75de0f0>,37,3,[8 1],50,850,853,800,842
1,<environment.Job instance at 0x14c2d8bdd690>,38,2,[7 1],52,845,847,793,842
1,<environment.Job instance at 0x14c2dfdbdc80>,39,18,[2 6],54,847,865,793,846
1,<environment.Job instance at 0x14c2d8bdddc0>,40,1,[7 1],56,853,854,797,846
1,<environment.Job instance at 0x14c2d8bdd140>,41,2,[5 1],57,850,852,793,847
1,<environment.Job instance at 0x14c2d8bddbe0>,42,14,[2 5],58,852,866,794,847
1,<environment.Job instance at 0x14c2b5e86b40>,25,25,[12  1],29,942,967,913,942
1,<environment.Job instance at 0x14c2b5e867d0>,15,15,[2 6],19,1074,1089,1055,1074
1,<environment.Job instance at 0x14c2b5e86280>,16,2,[7 2],20,1077,1079,1057,1077
1,<environment.Job instance at 0x14c2b595fcd0>,10,26,[2 8],18,18,44,0,18
1,<environment.Job instance at 0x14c2b58cbbe0>,20,1,[2 8],39,44,45,5,39
1,<environment.Job instance at 0x14c2d72d1140>,26,27,[1 7],45,45,72,0,45
1,<environment.Job instance at 0x14c2d72d1910>,29,2,[6 1],49,73,75,24,73
1,<environment.Job instance at 0x14c2d72d1410>,30,2,[ 1 10],50,94,96,44,94
1,<environment.Job instance at 0x14c2d72d1730>,31,3,[9 2],52,113,116,61,113
1,<environment.Job instance at 0x14c2d72d1820>,1,1,[5 1],3,3,4,0,3
1,<environment.Job instance at 0x14c2b5b59fa0>,4,1,[10  2],8,8,9,0,8
1,<environment.Job instance at 0x14c2b5b59f50>,5,3,[2 8],9,9,12,0,9
1,<environment.Job instance at 0x14c2b5b4a3c0>,8,1,[ 1 12],16,16,17,0,16
1,<environment.Job instance at 0x14c2b5b4abe0>,14,12,[7 1],26,27,39,1,27
1,<environment.Job instance at 0x14c2b5b4af00>,17,2,[7 1],31,31,33,0,31
1,<environment.Job instance at 0x14c2b5b4aeb0>,19,3,[2 5],34,34,37,0,34
1,<environment.Job instance at 0x14c2b5b382d0>,20,1,[8 1],35,37,38,2,35
1,<environment.Job instance at 0x14c2b5b38460>,21,28,[5 1],36,38,66,2,37
1,<environment.Job instance at 0x14c2b5b380a0>,22,13,[8 2],37,71,84,34,71
1,<environment.Job instance at 0x14c2b5b38b40>,30,3,[ 1 10],46,71,74,25,71
1,<environment.Job instance at 0x14c2b5b38be0>,31,3,[1 5],47,74,77,27,71
1,<environment.Job instance at 0x14c2b5b38c80>,32,3,[2 7],48,74,77,26,71
1,<environment.Job instance at 0x14c2b5b38d20>,33,13,[2 5],49,77,90,28,76
1,<environment.Job instance at 0x14c2b5b38dc0>,34,2,[2 8],50,77,79,27,76
1,<environment.Job instance at 0x14c2b5b38e60>,35,2,[5 1],51,79,81,28,76
1,<environment.Job instance at 0x14c2b5b38960>,36,1,[6 2],56,84,85,28,76
1,<environment.Job instance at 0x14c2b5b38fa0>,37,1,[1 9],57,85,86,28,76
1,<environment.Job instance at 0x14c2b5b38730>,38,3,[7 1],58,84,87,26,76
1,<environment.Job instance at 0x14c2b5b38e10>,39,3,[7 2],59,87,90,28,76
1,<environment.Job instance at 0x14c2b5b4aa50>,15,13,[13  2],27,157,170,130,157
1,<environment.Job instance at 0x14c2b5b38a00>,28,1,[7 1],44,170,171,126,159
1,<environment.Job instance at 0x14c2b5b38820>,25,3,[6 2],40,170,173,130,159
1,<environment.Job instance at 0x14c2b5b388c0>,26,1,[6 2],41,171,172,130,159
1,<environment.Job instance at 0x14c2b564beb0>,36,2,[1 9],49,91,93,42,91
1,<environment.Job instance at 0x14c2b564d870>,37,2,[7 2],50,91,93,41,91
1,<environment.Job instance at 0x14c2b564de10>,40,1,[8 1],54,93,94,39,91
1,<environment.Job instance at 0x14c2b563f140>,41,1,[1 5],56,93,94,37,91
1,<environment.Job instance at 0x14c2b563f460>,42,1,[10  1],58,94,95,36,91
1,<environment.Job instance at 0x14c2b563f6e0>,43,1,[5 2],59,91,92,32,91
1,<environment.Job instance at 0x14c2d4171960>,11,2,[7 2],18,119,121,101,119
1,<environment.Job instance at 0x14c2d4171320>,10,1,[10  2],17,124,125,107,124
1,<environment.Job instance at 0x14c2b5b28320>,12,16,[1 9],19,137,153,118,137
1,<environment.Job instance at 0x14c2d979c640>,3,21,[2 5],5,5,26,0,5
1,<environment.Job instance at 0x14c2d8dab410>,18,1,[1 7],23,46,47,23,46
1,<environment.Job instance at 0x14c2d962d230>,28,3,[5 1],37,70,73,33,70
1,<environment.Job instance at 0x14c2de789f50>,32,1,[8 2],43,73,74,30,73
1,<environment.Job instance at 0x14c2b5e810a0>,33,17,[7 1],44,73,90,29,73
1,<environment.Job instance at 0x14c2b5e81e60>,34,17,[2 7],45,78,95,33,78
1,<environment.Job instance at 0x14c2dfef7eb0>,36,16,[6 1],47,88,104,41,88
1,<environment.Job instance at 0x14c2dfef7dc0>,37,1,[8 2],48,95,96,47,88
1,<environment.Job instance at 0x14c2b5ba34b0>,38,1,[5 2],49,90,91,41,88
1,<environment.Job instance at 0x14c2b5ba30f0>,39,1,[7 1],50,91,92,41,88
1,<environment.Job instance at 0x14c2b5ba3eb0>,40,1,[1 8],51,95,96,44,88
1,<environment.Job instance at 0x14c2b5ba31e0>,41,2,[6 2],52,92,94,40,88
1,<environment.Job instance at 0x14c2b5ba3b40>,43,1,[6 2],55,94,95,39,88
1,<environment.Job instance at 0x14c2b5ce8410>,44,3,[8 2],56,96,99,40,88
1,<environment.Job instance at 0x14c2b5ce8aa0>,45,2,[ 1 10],58,96,98,38,88
1,<environment.Job instance at 0x14c2b5f771e0>,46,13,[10  1],59,104,117,45,90
1,<environment.Job instance at 0x14c2d979cb40>,7,15,[6 1],10,119,134,109,119
1,<environment.Job instance at 0x14c2d979c050>,6,15,[7 2],9,158,173,149,158
1,<environment.Job instance at 0x14c2de789c30>,31,17,[12  1],40,184,201,144,184
1,<environment.Job instance at 0x14c2d9a0aa50>,4,1,[13  1],5,11,12,6,11
1,<environment.Job instance at 0x14c2d96cb640>,13,22,[8 1],15,15,37,0,15
1,<environment.Job instance at 0x14c2d96de410>,24,22,[2 6],29,40,62,11,40
1,<environment.Job instance at 0x14c2d96deeb0>,33,3,[ 2 14],42,62,65,20,58
1,<environment.Job instance at 0x14c2d96deb40>,35,1,[ 2 10],44,65,66,21,58
1,<environment.Job instance at 0x14c2d96defa0>,36,2,[7 2],46,58,60,12,58
1,<environment.Job instance at 0x14c2d96aa0f0>,37,1,[6 1],47,58,59,11,58
1,<environment.Job instance at 0x14c2d96de870>,38,2,[6 1],49,59,61,10,58
1,<environment.Job instance at 0x14c2d96caf00>,6,1,[5 1],7,60,61,53,58
1,<environment.Job instance at 0x14c2d96aa320>,40,15,[10  2],54,65,80,11,58
1,<environment.Job instance at 0x14c2d96aa280>,42,1,[1 5],57,60,61,3,58
1,<environment.Job instance at 0x14c2d96aa2d0>,41,2,[7 2],55,80,82,25,58
1,<environment.Job instance at 0x14c2d96de4b0>,25,1,[ 1 14],30,91,92,61,91
1,<environment.Job instance at 0x14c2d96caf50>,10,3,[2 8],11,95,98,84,95
1,<environment.Job instance at 0x14c2b58b1960>,10,25,[6 1],15,2114,2139,2099,2114
1,<environment.Job instance at 0x14c2d8b432d0>,3,2,[ 1 11],7,13,15,6,13
1,<environment.Job instance at 0x14c2d72d9c30>,9,28,[5 2],14,14,42,0,14
1,<environment.Job instance at 0x14c2d72d9640>,10,1,[8 2],15,15,16,0,15
1,<environment.Job instance at 0x14c2d72d9a00>,11,2,[ 1 10],16,16,18,0,16
1,<environment.Job instance at 0x14c2d8b43960>,7,2,[8 2],12,19,21,7,19
1,<environment.Job instance at 0x14c2d72d9870>,12,3,[ 2 14],17,42,45,25,20
1,<environment.Job instance at 0x14c2d72d9730>,14,2,[2 6],19,20,22,1,20
1,<environment.Job instance at 0x14c2d72d9aa0>,15,1,[8 1],20,21,22,1,20
1,<environment.Job instance at 0x14c2d72d9190>,16,1,[7 2],22,22,23,0,22
1,<environment.Job instance at 0x14c2d7371be0>,18,3,[1 7],24,24,27,0,24
1,<environment.Job instance at 0x14c2d73716e0>,19,2,[6 2],26,26,28,0,26
1,<environment.Job instance at 0x14c2d7371a50>,24,1,[1 9],31,31,32,0,31
1,<environment.Job instance at 0x14c2dc970870>,28,16,[7 1],35,47,63,12,47
1,<environment.Job instance at 0x14c2dc970500>,30,1,[9 2],37,63,64,26,47
1,<environment.Job instance at 0x14c2dc970fa0>,32,26,[1 6],41,47,73,6,47
1,<environment.Job instance at 0x14c2b597bf00>,34,23,[2 6],44,47,70,3,47
1,<environment.Job instance at 0x14c2d8b43230>,5,1,[1 8],10,70,71,60,66
1,<environment.Job instance at 0x14c2d962f230>,38,1,[8 2],49,71,72,22,70
1,<environment.Job instance at 0x14c2d8b435a0>,6,2,[2 9],11,197,199,186,197
1,<environment.Job instance at 0x14c2d72d9be0>,13,1,[5 1],18,288,289,270,288
1,<environment.Job instance at 0x14c2d962ff00>,45,3,[12  1],59,502,505,443,502
1,<environment.Job instance at 0x14c2d8bd26e0>,11,16,[9 1],24,843,859,819,843
1,<environment.Job instance at 0x14c2d8bd2960>,12,12,[7 2],26,1426,1438,1400,1426
1,<environment.Job instance at 0x14c2d8bd2af0>,13,15,[ 2 10],32,1677,1692,1645,1677
1,<environment.Job instance at 0x14c2d8bd2aa0>,14,2,[5 2],33,2422,2424,2389,2422
1,<environment.Job instance at 0x14c2b58e1910>,1,1,[7 1],4,4,5,0,4
1,<environment.Job instance at 0x14c2b5d39af0>,6,1,[7 1],9,9,10,0,9
1,<environment.Job instance at 0x14c2d8ba5140>,7,1,[2 6],12,12,13,0,12
1,<environment.Job instance at 0x14c2b5d39280>,9,1,[5 1],14,14,15,0,14
1,<environment.Job instance at 0x14c2b5d39cd0>,11,1,[6 1],16,16,17,0,16
1,<environment.Job instance at 0x14c2b59cc460>,18,21,[6 1],30,30,51,0,30
1,<environment.Job instance at 0x14c2b59cce10>,21,1,[ 2 10],34,239,240,205,239
1,<environment.Job instance at 0x14c2b59ccdc0>,19,3,[ 2 13],32,289,292,257,289
1,<environment.Job instance at 0x14c2b592a960>,34,2,[8 1],55,289,291,234,289
1,<environment.Job instance at 0x14c2b592a280>,33,18,[9 1],53,291,309,238,289
1,<environment.Job instance at 0x14c2b59cc550>,22,2,[2 8],35,310,312,275,310
1,<environment.Job instance at 0x14c2d72e3410>,12,1,[1 9],19,19,20,0,19
1,<environment.Job instance at 0x14c2d72e3140>,13,1,[2 7],20,20,21,0,20
1,<environment.Job instance at 0x14c2d72e3550>,14,2,[1 8],21,21,23,0,21
1,<environment.Job instance at 0x14c2d72e3690>,15,1,[1 9],23,23,24,0,23
1,<environment.Job instance at 0x14c2d72c0460>,43,26,[8 1],58,66,92,8,66
1,<environment.Job instance at 0x14c2d72e4e60>,11,3,[5 1],17,91,94,74,91
1,<environment.Job instance at 0x14c2d72e4d20>,9,2,[5 1],15,133,135,118,133
1,<environment.Job instance at 0x14c2d72e3050>,10,2,[ 2 10],16,404,406,388,404
1,<environment.Job instance at 0x148a0f63baa0>,2,1,[2 5],3,3,4,0,3
1,<environment.Job instance at 0x148a07adf1e0>,3,1,[6 2],4,4,5,0,4
1,<environment.Job instance at 0x148a07acb050>,15,1,[ 1 10],20,20,21,0,20
1,<environment.Job instance at 0x148a07aae0f0>,16,1,[2 5],21,22,23,1,22
1,<environment.Job instance at 0x148a07aa9190>,23,2,[8 1],31,39,41,8,39
1,<environment.Job instance at 0x148a07a9e820>,26,1,[2 7],35,43,44,8,43
1,<environment.Job instance at 0x148a07a9e780>,27,2,[2 7],36,46,48,10,46
1,<environment.Job instance at 0x148a07a9e9b0>,28,2,[2 7],37,50,52,13,50
1,<environment.Job instance at 0x148a07a9e2d0>,29,16,[10  2],39,50,66,11,50
1,<environment.Job instance at 0x148a07aa9dc0>,20,2,[ 1 13],27,57,59,30,57
1,<environment.Job instance at 0x148a07a10eb0>,38,1,[8 1],51,66,67,15,62
1,<environment.Job instance at 0x148a07a14aa0>,30,15,[2 9],40,77,92,37,77
1,<environment.Job instance at 0x148a06018f50>,42,1,[10  1],56,82,83,26,82
1,<environment.Job instance at 0x148a079d0d70>,43,3,[7 2],57,83,86,26,82
1,<environment.Job instance at 0x148a05ffb640>,44,3,[1 8],58,92,95,34,84
1,<environment.Job instance at 0x148a05da2dc0>,45,3,[2 8],60,95,98,35,88
1,<environment.Job instance at 0x148a05d9e690>,46,2,[2 8],61,98,100,37,88
1,<environment.Job instance at 0x148a05d9e6e0>,47,1,[1 6],63,88,89,25,88
1,<environment.Job instance at 0x148a05db6460>,48,1,[2 9],65,100,101,35,88
1,<environment.Job instance at 0x148a05db6960>,49,16,[8 2],66,89,105,23,88
1,<environment.Job instance at 0x148a05db6d20>,50,12,[9 1],68,105,117,37,88
1,<environment.Job instance at 0x148a05db6780>,51,2,[8 2],69,117,119,48,91
1,<environment.Job instance at 0x148a07a16be0>,41,25,[12  2],54,119,144,65,118
1,<environment.Job instance at 0x148a07a1c5a0>,34,15,[11  1],44,349,364,305,349
1,<environment.Job instance at 0x148a07a9e410>,24,12,[ 1 10],32,381,393,349,381
1,<environment.Job instance at 0x148a07a9ed70>,25,2,[2 8],34,393,395,359,386
1,<environment.Job instance at 0x148a06030190>,5,22,[1 5],10,10,32,0,10
1,<environment.Job instance at 0x148a07a19780>,15,1,[13  1],24,29,30,5,29
1,<environment.Job instance at 0x148a062d0960>,41,2,[14  1],60,95,97,35,95
1,<environment.Job instance at 0x148a062d0c80>,47,16,[8 1],67,97,113,30,96
1,<environment.Job instance at 0x148a07a19500>,18,2,[ 2 10],27,117,119,90,117
1,<environment.Job instance at 0x148a07a19dc0>,17,1,[2 5],26,121,122,95,121
1,<environment.Job instance at 0x148a07a19b90>,16,3,[1 9],25,122,125,97,122
1,<environment.Job instance at 0x148a0d4eb0a0>,1,1,[ 2 10],2,2,3,0,2
1,<environment.Job instance at 0x148a0846bf00>,2,1,[ 2 14],3,3,4,0,3
1,<environment.Job instance at 0x148a041b1370>,3,1,[8 2],4,5,6,1,5
1,<environment.Job instance at 0x148a041b11e0>,6,2,[ 1 10],10,10,12,0,10
1,<environment.Job instance at 0x148a041b1a50>,7,3,[11  2],11,11,14,0,11
1,<environment.Job instance at 0x148a041b1820>,10,1,[8 1],14,14,15,0,14
1,<environment.Job instance at 0x148a041565a0>,18,1,[1 8],26,93,94,67,93
1,<environment.Job instance at 0x148a041562d0>,24,27,[1 8],33,188,215,155,188
1,<environment.Job instance at 0x148a04134b90>,25,3,[1 9],34,229,232,195,229
1,<environment.Job instance at 0x148a041348c0>,26,2,[7 2],35,242,244,207,242
1,<environment.Job instance at 0x148a04134960>,27,12,[6 1],36,286,298,250,286
1,<environment.Job instance at 0x148a04134870>,28,28,[2 8],39,610,638,571,610
1,<environment.Job instance at 0x148a041340a0>,29,3,[5 1],43,660,663,617,660
1,<environment.Job instance at 0x148a04134140>,30,15,[1 7],45,774,789,729,774
1,<environment.Job instance at 0x148a041346e0>,31,3,[ 2 10],46,915,918,869,915
1,<environment.Job instance at 0x148a04134e10>,32,2,[1 9],48,1023,1025,975,1023
1,<environment.Job instance at 0x148a04134f00>,33,2,[ 2 10],51,1035,1037,984,1035
1,<environment.Job instance at 0x148a04134af0>,34,3,[5 2],52,1054,1057,1002,1054
1,<environment.Job instance at 0x148a04134d20>,35,15,[2 7],53,1213,1228,1160,1213
1,<environment.Job instance at 0x148a04134910>,36,2,[ 2 10],54,1236,1238,1182,1236
1,<environment.Job instance at 0x148a04134aa0>,37,2,[2 9],55,1262,1264,1207,1262
1,<environment.Job instance at 0x148a04134a50>,38,17,[ 2 10],56,1484,1501,1428,1484
1,<environment.Job instance at 0x148a04134e60>,39,19,[ 1 10],58,1841,1860,1783,1841
1,<environment.Job instance at 0x148a04134730>,40,2,[9 1],59,1901,1903,1842,1901
1,<environment.Job instance at 0x148a04134640>,41,3,[5 2],60,1919,1922,1859,1919
1,<environment.Job instance at 0x148a04277d20>,42,2,[ 1 10],61,2030,2032,1969,2030
1,<environment.Job instance at 0x148a04277eb0>,43,13,[ 2 10],62,2035,2048,1973,2035
1,<environment.Job instance at 0x148a042772d0>,44,1,[1 7],63,2093,2094,2030,2093
1,<environment.Job instance at 0x148a042777d0>,45,1,[2 9],64,2143,2144,2079,2143
1,<environment.Job instance at 0x148a04277410>,46,15,[1 7],65,2457,2472,2392,2457
1,<environment.Job instance at 0x148a04277910>,47,3,[ 2 10],67,2485,2488,2418,2485
1,<environment.Job instance at 0x148a04277a50>,48,14,[10  1],69,2489,2503,2420,2489
1,<environment.Job instance at 0x148a041b17d0>,9,3,[2 5],13,2525,2528,2512,2525
1,<environment.Job instance at 0x148a041a1190>,8,17,[1 6],11,21,38,10,21
1,<environment.Job instance at 0x148a041ec370>,15,2,[6 2],23,23,25,0,23
1,<environment.Job instance at 0x148a041ec910>,16,1,[9 1],25,25,26,0,25
1,<environment.Job instance at 0x148a041ec780>,17,2,[8 1],26,26,28,0,26
1,<environment.Job instance at 0x148a041eccd0>,18,1,[ 1 10],27,38,39,11,27
1,<environment.Job instance at 0x148a041ec640>,19,2,[1 5],29,29,31,0,29
1,<environment.Job instance at 0x148a041ecf00>,20,3,[1 5],30,31,34,1,30
1,<environment.Job instance at 0x148a041ec9b0>,21,2,[10  2],31,31,33,0,31
1,<environment.Job instance at 0x148a041ecb90>,22,3,[2 8],35,35,38,0,35
1,<environment.Job instance at 0x148a041ec0a0>,23,1,[2 6],36,39,40,3,36
1,<environment.Job instance at 0x148a041ec820>,24,2,[1 6],37,39,41,2,37
1,<environment.Job instance at 0x148a041eceb0>,26,1,[2 8],42,42,43,0,42
1,<environment.Job instance at 0x148a042f6aa0>,28,2,[7 2],47,47,49,0,47
1,<environment.Job instance at 0x148a042f6cd0>,29,2,[2 5],48,48,50,0,48
1,<environment.Job instance at 0x148a042f6d70>,32,1,[7 2],53,53,54,0,53
1,<environment.Job instance at 0x148a042f6dc0>,33,2,[5 2],54,54,56,0,54
1,<environment.Job instance at 0x148a042f6190>,34,2,[ 2 12],56,57,59,1,57
1,<environment.Job instance at 0x148a041a1640>,13,1,[9 1],21,234,235,213,234
1,<environment.Job instance at 0x148a0d4f46e0>,42,3,[ 2 10],65,279,282,214,279
1,<environment.Job instance at 0x148a042f6fa0>,38,13,[ 1 11],61,380,393,319,380
1,<environment.Job instance at 0x148a0d4f4230>,43,3,[ 1 13],66,496,499,430,496
1,<environment.Job instance at 0x1489ec6f05f0>,1,1,[7 1],2,2,3,0,2
1,<environment.Job instance at 0x1489ec8bbe10>,11,2,[5 2],15,15,17,0,15
1,<environment.Job instance at 0x1489ec8bbf00>,12,1,[1 6],17,17,18,0,17
1,<environment.Job instance at 0x148a078ee0f0>,28,21,[7 2],40,40,61,0,40
1,<environment.Job instance at 0x148a04039190>,34,12,[7 1],51,53,65,2,53
1,<environment.Job instance at 0x1489ec83da00>,36,2,[10  1],53,65,67,12,53
1,<environment.Job instance at 0x1489ec83d8c0>,37,3,[1 9],54,54,57,0,54
1,<environment.Job instance at 0x1489ec83db40>,38,3,[1 8],58,58,61,0,58
1,<environment.Job instance at 0x148a0cb42820>,39,2,[2 7],61,61,63,0,61
1,<environment.Job instance at 0x1489ec68d0f0>,40,2,[9 2],62,67,69,5,62
1,<environment.Job instance at 0x1489ec68d550>,41,3,[5 2],63,63,66,0,63
1,<environment.Job instance at 0x1489ec8d4910>,24,1,[ 2 10],35,73,74,38,73
1,<environment.Job instance at 0x148a0cbd6780>,45,1,[1 8],68,95,96,27,95
1,<environment.Job instance at 0x1489ec68d9b0>,44,18,[5 2],67,96,114,29,96
1,<environment.Job instance at 0x148a04297460>,30,3,[1 9],42,96,99,54,96
1,<environment.Job instance at 0x1489ec8d4be0>,25,14,[8 1],36,105,119,69,105
1,<environment.Job instance at 0x1489ecb41e10>,9,2,[8 1],18,19,21,1,19
1,<environment.Job instance at 0x1489ecb41910>,12,1,[1 9],23,23,24,0,23
1,<environment.Job instance at 0x1489ecb41d20>,14,1,[9 2],25,25,26,0,25
1,<environment.Job instance at 0x1489ecb41aa0>,16,2,[1 6],28,29,31,1,29
1,<environment.Job instance at 0x1489ecb41af0>,6,1,[6 2],11,30,31,19,30
1,<environment.Job instance at 0x1489ecb41a00>,18,1,[7 2],31,31,32,0,31
1,<environment.Job instance at 0x148a0f7a0aa0>,23,14,[7 2],37,37,51,0,37
1,<environment.Job instance at 0x148a0cb03730>,24,2,[ 1 10],39,39,41,0,39
1,<environment.Job instance at 0x148a0cb038c0>,25,3,[10  2],40,51,54,11,40
1,<environment.Job instance at 0x148a0cb03c80>,26,2,[2 9],41,41,43,0,41
1,<environment.Job instance at 0x148a0f7a0af0>,21,1,[6 2],35,63,64,28,63
1,<environment.Job instance at 0x148a0cb03410>,32,2,[5 1],53,64,66,11,64
1,<environment.Job instance at 0x148a0cb03be0>,33,1,[2 7],54,64,65,10,64
1,<environment.Job instance at 0x148a0cb03af0>,34,2,[10  2],55,65,67,10,64
1,<environment.Job instance at 0x148a0cb03a00>,35,2,[6 1],56,67,69,11,64
1,<environment.Job instance at 0x148a0cb03500>,37,3,[6 2],61,67,70,6,64
1,<environment.Job instance at 0x148a09a23280>,40,2,[9 2],65,69,71,4,65
1,<environment.Job instance at 0x148a09a23550>,41,1,[7 2],66,71,72,5,66
1,<environment.Job instance at 0x148a0cb03960>,30,3,[5 1],50,70,73,20,67
1,<environment.Job instance at 0x148a04098410>,5,2,[ 2 12],10,86,88,76,86
1,<environment.Job instance at 0x148a07a3e5a0>,7,3,[2 7],13,88,91,75,87
1,<environment.Job instance at 0x1489ecb41140>,8,15,[ 1 11],17,95,110,78,95
1,<environment.Job instance at 0x148a0871e960>,2,2,[2 9],5,5,7,0,5
1,<environment.Job instance at 0x1489ecb41140>,3,2,[2 5],6,6,8,0,6
1,<environment.Job instance at 0x148a0780c230>,28,15,[1 5],43,52,67,9,52
1,<environment.Job instance at 0x148a09a1bf00>,33,1,[2 8],50,52,53,2,52
1,<environment.Job instance at 0x148a07926780>,34,1,[8 2],51,52,53,1,52
1,<environment.Job instance at 0x148a079f4a50>,4,1,[6 2],8,9,10,1,9
1,<environment.Job instance at 0x148a079f4a00>,6,1,[6 2],11,11,12,0,11
1,<environment.Job instance at 0x1489eca319b0>,7,1,[2 9],12,12,13,0,12
1,<environment.Job instance at 0x148a079f9f50>,8,27,[ 2 10],13,13,40,0,13
1,<environment.Job instance at 0x148a079f9460>,12,1,[2 5],18,20,21,2,20
1,<environment.Job instance at 0x148a078bdf50>,25,13,[12  2],37,37,50,0,37
1,<environment.Job instance at 0x148a078c5050>,24,19,[2 9],36,40,59,4,38
1,<environment.Job instance at 0x148a078b5a50>,29,1,[1 7],41,59,60,18,41
1,<environment.Job instance at 0x1489ec7bbd70>,31,2,[1 5],43,50,52,7,43
1,<environment.Job instance at 0x1489ec7bb8c0>,32,1,[1 9],45,60,61,15,45
1,<environment.Job instance at 0x1489ec7bbc80>,33,1,[2 5],46,52,53,6,46
1,<environment.Job instance at 0x148a078d4aa0>,35,1,[2 6],48,53,54,5,48
1,<environment.Job instance at 0x148a078d4f00>,36,1,[2 8],50,59,60,9,50
1,<environment.Job instance at 0x148a078d4820>,37,1,[2 6],51,54,55,3,51
1,<environment.Job instance at 0x1489ec7ce690>,47,3,[9 2],62,62,65,0,62
1,<environment.Job instance at 0x1489ec7ce3c0>,48,2,[10  2],63,65,67,2,63
1,<environment.Job instance at 0x148a078c4f50>,52,15,[2 6],69,81,96,12,81
1,<environment.Job instance at 0x1489ec5ded70>,5,2,[7 1],6,6,8,0,6
1,<environment.Job instance at 0x1489ec5deb40>,8,25,[12  1],9,11,36,2,11
1,<environment.Job instance at 0x1489ec5e3c80>,33,1,[1 9],52,59,60,7,59
1,<environment.Job instance at 0x1489ec5e3dc0>,35,1,[10  2],55,62,63,7,62
1,<environment.Job instance at 0x1489ec5e3c30>,37,26,[2 8],58,62,88,4,62
1,<environment.Job instance at 0x1489ec5e12d0>,10,2,[10  2],12,82,84,70,82
1,<environment.Job instance at 0x1489ec5decd0>,9,1,[ 2 10],10,114,115,104,114
1,<environment.Job instance at 0x1489ec5e10a0>,16,23,[1 6],21,119,142,98,119
1,<environment.Job instance at 0x1489ec566230>,1,1,[6 2],2,2,3,0,2
1,<environment.Job instance at 0x1489ec701190>,4,1,[2 8],9,9,10,0,9
1,<environment.Job instance at 0x148a0ec66500>,10,27,[1 7],15,15,42,0,15
1,<environment.Job instance at 0x148a0797fa50>,24,1,[10  2],38,53,54,15,53
1,<environment.Job instance at 0x148a0797f960>,28,1,[ 1 12],46,87,88,41,87
1,<environment.Job instance at 0x148a0797f9b0>,30,1,[8 1],49,87,88,38,87
1,<environment.Job instance at 0x148a0797fc30>,33,2,[7 2],55,88,90,33,87
1,<environment.Job instance at 0x148a08348d70>,0,1,[6 2],1,1,2,0,1
1,<environment.Job instance at 0x1489ec815460>,10,1,[6 2],16,16,17,0,16
1,<environment.Job instance at 0x148a0d4c3a00>,11,1,[1 9],17,17,18,0,17
1,<environment.Job instance at 0x148a07863280>,18,25,[8 1],29,29,54,0,29
1,<environment.Job instance at 0x148a0ce1d370>,25,2,[7 2],38,38,40,0,38
1,<environment.Job instance at 0x148a0ce1de10>,24,1,[10  2],37,74,75,37,74
1,<environment.Job instance at 0x148a087555a0>,45,1,[6 2],63,91,92,28,91
1,<environment.Job instance at 0x148a08755690>,50,2,[1 9],69,110,112,41,110
1,<environment.Job instance at 0x148a0b6a40f0>,38,17,[5 2],54,138,155,84,138
1,<environment.Job instance at 0x148a0ce1de60>,28,12,[2 9],42,138,150,96,138
1,<environment.Job instance at 0x148a0ce1d5f0>,27,3,[1 5],40,150,153,110,138
1,<environment.Job instance at 0x148a0ce1f550>,2,1,[8 1],4,4,5,0,4
1,<environment.Job instance at 0x148a0ce1faf0>,3,1,[1 5],6,6,7,0,6
1,<environment.Job instance at 0x148a0415daa0>,4,1,[10  1],8,8,9,0,8
1,<environment.Job instance at 0x148a0415db90>,5,1,[5 2],9,9,10,0,9
1,<environment.Job instance at 0x148a0415dcd0>,7,25,[9 1],11,11,36,0,11
1,<environment.Job instance at 0x148a0415de10>,10,21,[2 5],15,19,40,4,19
1,<environment.Job instance at 0x1489ec6c2c30>,24,2,[5 1],32,36,38,4,34
1,<environment.Job instance at 0x1489ec6c2be0>,25,1,[1 7],33,34,35,1,34
1,<environment.Job instance at 0x1489ec6c6230>,26,17,[9 1],36,38,55,2,37
1,<environment.Job instance at 0x1489ec6c6320>,27,1,[6 2],37,37,38,0,37
1,<environment.Job instance at 0x1489ec6f8af0>,4,1,[13  1],5,5,6,0,5
1,<environment.Job instance at 0x1489ec6c6dc0>,6,1,[5 1],7,7,8,0,7
1,<environment.Job instance at 0x148a08719640>,13,22,[8 1],15,15,37,0,15
1,<environment.Job instance at 0x148a0f530b40>,25,1,[ 1 14],30,35,36,5,35
1,<environment.Job instance at 0x1489ec46ae10>,27,1,[6 1],32,36,37,4,35
1,<environment.Job instance at 0x148a0ce1f7d0>,44,27,[5 1],60,104,131,44,104
1,<environment.Job instance at 0x148a07a4f370>,23,2,[10  1],27,142,144,115,142
1,<environment.Job instance at 0x148a0ce1f730>,46,2,[1 9],62,145,147,83,145
1,<environment.Job instance at 0x1489ec46a0f0>,33,3,[ 2 14],42,176,179,134,176
1,<environment.Job instance at 0x148a0ce1f2d0>,48,1,[1 8],64,179,180,115,176
1,<environment.Job instance at 0x148a07971e60>,49,1,[2 9],66,180,181,114,176
1,<environment.Job instance at 0x148a0ce1faa0>,45,15,[14  1],61,181,196,120,178
1,<environment.Job instance at 0x148a0ce1fb90>,47,14,[1 6],63,235,249,172,235
1,<environment.Job instance at 0x148a0f530820>,24,22,[2 6],29,263,285,234,263
1,<environment.Job instance at 0x1489ec4632d0>,0,1,[7 2],2,2,3,0,2
1,<environment.Job instance at 0x148a0f530820>,3,25,[6 1],5,5,30,0,5
1,<environment.Job instance at 0x148a05fd7050>,10,1,[8 2],17,17,18,0,17
1,<environment.Job instance at 0x148a06b2e910>,11,22,[2 5],19,19,41,0,19
1,<environment.Job instance at 0x1489ec775820>,16,3,[6 2],26,26,29,0,26
1,<environment.Job instance at 0x148a042d6af0>,17,2,[12  1],27,30,32,3,27
1,<environment.Job instance at 0x148a042d6960>,18,15,[2 5],29,32,47,3,29
1,<environment.Job instance at 0x148a0d4c36e0>,19,14,[7 1],30,32,46,2,30
1,<environment.Job instance at 0x148a0d501640>,14,26,[ 2 13],23,47,73,24,44
1,<environment.Job instance at 0x148a083fb780>,22,2,[10  2],33,76,78,43,76
1,<environment.Job instance at 0x1489ec588a00>,37,1,[1 8],60,78,79,18,78
1,<environment.Job instance at 0x1489ec588be0>,38,2,[2 9],61,79,81,18,78
1,<environment.Job instance at 0x148a0877a320>,20,2,[7 1],31,78,80,47,78
1,<environment.Job instance at 0x1489ec5880f0>,39,2,[8 2],62,80,82,18,78
1,<environment.Job instance at 0x1489ec78bf00>,41,28,[5 2],64,78,106,14,78
1,<environment.Job instance at 0x1489ec78b410>,44,3,[ 2 14],67,106,109,39,93
1,<environment.Job instance at 0x1489ecbcc280>,46,2,[2 6],69,109,111,40,107
1,<environment.Job instance at 0x1489ec78b3c0>,40,15,[10  1],63,109,124,46,109
1,<environment.Job instance at 0x1489ec732230>,21,1,[8 1],32,124,125,92,109
1,<environment.Job instance at 0x1489ec5882d0>,35,2,[ 1 11],57,111,113,54,109
1,<environment.Job instance at 0x1489ecb725a0>,0,1,[7 2],2,3,4,1,3
1,<environment.Job instance at 0x1489ec3b5e10>,3,2,[6 2],6,6,8,0,6
1,<environment.Job instance at 0x148a0404b1e0>,8,1,[1 9],11,11,12,0,11
1,<environment.Job instance at 0x148a0404b6e0>,16,26,[1 6],21,24,50,3,24
1,<environment.Job instance at 0x148a0404b370>,13,2,[8 2],16,24,26,8,24
1,<environment.Job instance at 0x148a0404b820>,18,23,[2 6],24,25,48,1,25
1,<environment.Job instance at 0x148a0404b640>,15,2,[1 7],18,70,72,52,70
1,<environment.Job instance at 0x148a040574b0>,31,2,[7 1],41,71,73,30,71
1,<environment.Job instance at 0x148a0404b3c0>,14,1,[9 2],17,133,134,116,133
1,<environment.Job instance at 0x148a04057d20>,36,2,[9 2],53,215,217,162,215
1,<environment.Job instance at 0x148a04057c80>,39,13,[ 2 11],60,606,619,546,606
1,<environment.Job instance at 0x148a04057960>,32,3,[9 1],46,838,841,792,838
1,<environment.Job instance at 0x148a04057f00>,40,3,[1 8],61,863,866,802,863
1,<environment.Job instance at 0x148a040350a0>,42,16,[9 1],64,897,913,833,897
1,<environment.Job instance at 0x148a04035190>,41,1,[8 1],63,954,955,891,954
1,<environment.Job instance at 0x148a040351e0>,43,12,[7 2],66,963,975,897,963
1,<environment.Job instance at 0x148a04057eb0>,38,3,[11  1],59,2576,2579,2517,2576
1,<environment.Job instance at 0x148a04057320>,29,3,[12  1],39,2702,2705,2663,2702
1,<environment.Job instance at 0x1489ec40a870>,5,1,[6 2],8,8,9,0,8
1,<environment.Job instance at 0x1489ec40ad70>,6,2,[ 1 12],9,84,86,75,84
1,<environment.Job instance at 0x1489ec40a1e0>,12,1,[ 2 10],16,86,87,70,84
1,<environment.Job instance at 0x1489ec40aaa0>,10,3,[2 8],13,87,90,74,84
1,<environment.Job instance at 0x1489ec40acd0>,8,2,[5 2],11,84,86,73,84
1,<environment.Job instance at 0x1489ec40a9b0>,13,2,[1 6],17,87,89,70,84
1,<environment.Job instance at 0x1489ec40aeb0>,19,2,[2 7],26,89,91,63,84
1,<environment.Job instance at 0x1489ec3fd550>,20,22,[ 2 10],27,91,113,64,84
1,<environment.Job instance at 0x1489ecaaa280>,31,1,[2 6],42,90,91,48,84
1,<environment.Job instance at 0x1489ecaaae10>,35,1,[6 1],46,84,85,38,84
1,<environment.Job instance at 0x1489ecaaa5f0>,38,2,[8 2],53,90,92,37,84
1,<environment.Job instance at 0x1489ecaaaeb0>,40,3,[2 6],57,113,116,56,101
1,<environment.Job instance at 0x1489ecaaa910>,41,2,[7 1],58,101,103,43,101
1,<environment.Job instance at 0x1489ecaaa820>,42,21,[6 1],60,101,122,41,101
1,<environment.Job instance at 0x1489ec40aaf0>,15,1,[2 7],20,157,158,137,157
1,<environment.Job instance at 0x1489ec40a690>,9,21,[5 1],12,171,192,159,171
1,<environment.Job instance at 0x148a04072fa0>,47,1,[1 7],68,190,191,122,190
1,<environment.Job instance at 0x1489ecaaa460>,45,1,[ 2 10],64,199,200,135,199
1,<environment.Job instance at 0x1489ecaaaa50>,43,3,[ 2 13],62,454,457,392,454
1,<environment.Job instance at 0x148a08310280>,1,27,[5 2],2,2,29,0,2
1,<environment.Job instance at 0x148a0d4c5960>,2,27,[1 9],3,4,31,1,4
1,<environment.Job instance at 0x1489ec6f67d0>,12,1,[2 6],19,29,30,10,19
1,<environment.Job instance at 0x1489ec6f66e0>,15,1,[1 7],24,31,32,7,24
1,<environment.Job instance at 0x148a077d90f0>,18,28,[1 6],27,30,58,3,29
1,<environment.Job instance at 0x148a077d9af0>,26,1,[1 9],39,39,40,0,39
1,<environment.Job instance at 0x148a077d9e10>,27,1,[2 7],40,40,41,0,40
1,<environment.Job instance at 0x148a09a235f0>,33,20,[ 2 11],48,58,78,10,49
1,<environment.Job instance at 0x148a077d93c0>,22,15,[10  2],33,81,96,48,81
1,<environment.Job instance at 0x1489ec6f6910>,11,1,[7 1],17,96,97,79,90
1,<environment.Job instance at 0x1489ec8c45a0>,2,1,[10  1],3,4,5,1,4
1,<environment.Job instance at 0x1489ec6cf5f0>,4,1,[7 1],5,5,6,0,5
1,<environment.Job instance at 0x148a0402e500>,3,17,[5 1],4,5,22,1,5
1,<environment.Job instance at 0x1489ec6cfcd0>,10,27,[6 1],11,11,38,0,11
1,<environment.Job instance at 0x1489ec6cff50>,13,16,[5 2],14,22,38,8,18
1,<environment.Job instance at 0x1489ec6e4690>,21,28,[14  1],28,39,67,11,39
1,<environment.Job instance at 0x1489ec6cf4b0>,15,13,[2 8],17,97,110,80,97
1,<environment.Job instance at 0x148a0609e2d0>,36,2,[2 6],46,106,108,60,106
1,<environment.Job instance at 0x1489ec6e4230>,16,3,[7 2],18,108,111,90,106
1,<environment.Job instance at 0x148a0609e780>,39,2,[2 6],49,118,120,69,118
1,<environment.Job instance at 0x148a0609e500>,38,1,[2 7],48,131,132,83,131
1,<environment.Job instance at 0x148a0609ec30>,45,1,[2 8],57,156,157,99,156
1,<environment.Job instance at 0x148a0609eb40>,46,18,[10  2],58,171,189,113,171
1,<environment.Job instance at 0x148a0609ec80>,47,12,[2 9],59,2794,2806,2735,2794
1,<environment.Job instance at 0x1489ec8a81e0>,1,1,[1 6],2,2,3,0,2
1,<environment.Job instance at 0x1489ec8c5820>,5,1,[1 6],6,6,7,0,6
1,<environment.Job instance at 0x148a08738e60>,23,2,[8 2],32,37,39,5,37
1,<environment.Job instance at 0x148a08738a00>,25,1,[5 2],39,39,40,0,39
1,<environment.Job instance at 0x148a087380f0>,28,1,[2 8],43,62,63,19,62
1,<environment.Job instance at 0x148a043a3d70>,32,1,[ 1 10],48,63,64,15,62
1,<environment.Job instance at 0x148a043a3e60>,33,26,[2 5],49,62,88,13,62
1,<environment.Job instance at 0x148a043b0050>,45,2,[ 2 13],69,88,90,19,77
1,<environment.Job instance at 0x1489ec8c5c80>,13,2,[2 5],19,90,92,71,87
1,<environment.Job instance at 0x1489ec8c5320>,12,1,[ 2 13],18,92,93,74,91
1,<environment.Job instance at 0x1489ec8c5eb0>,14,3,[9 1],20,91,94,71,91
1,<environment.Job instance at 0x1489ec8c5500>,15,16,[2 5],21,102,118,81,102
1,<environment.Job instance at 0x1489eca4feb0>,7,1,[1 5],10,11,12,1,11
1,<environment.Job instance at 0x1489eca3c5a0>,11,18,[5 2],17,17,35,0,17
1,<environment.Job instance at 0x1489eca3c730>,14,2,[6 2],21,23,25,2,23
1,<environment.Job instance at 0x1489eca3c230>,9,24,[2 9],12,30,54,18,30
1,<environment.Job instance at 0x1489eca5c140>,22,1,[1 8],32,54,55,22,40
1,<environment.Job instance at 0x1489eca5c050>,23,25,[9 1],33,40,65,7,40
1,<environment.Job instance at 0x1489eca5c230>,24,3,[2 7],34,58,61,24,58
1,<environment.Job instance at 0x1489eca5c4b0>,28,3,[2 6],39,78,81,39,78
1,<environment.Job instance at 0x1489eca5c910>,33,3,[10  2],47,78,81,31,78
1,<environment.Job instance at 0x1489eca5c9b0>,34,1,[2 7],48,78,79,30,78
1,<environment.Job instance at 0x1489eca5cb40>,35,2,[ 1 14],50,81,83,31,79
1,<environment.Job instance at 0x1489eca3cc80>,18,2,[6 1],28,81,83,53,81
1,<environment.Job instance at 0x1489eca5cb90>,36,1,[7 2],51,83,84,32,82
1,<environment.Job instance at 0x1489eca3c140>,8,2,[2 8],11,83,85,72,82
1,<environment.Job instance at 0x1489eca5cc30>,39,1,[2 5],54,83,84,29,82
1,<environment.Job instance at 0x1489eca5cf50>,41,3,[2 8],57,85,88,28,82
1,<environment.Job instance at 0x1489eca5c730>,42,17,[10  1],58,84,101,26,82
1,<environment.Job instance at 0x1489eca2e460>,43,26,[5 2],59,88,114,29,85
1,<environment.Job instance at 0x1489eca2e410>,44,1,[8 2],60,101,102,41,98
1,<environment.Job instance at 0x1489eca5cbe0>,37,3,[9 1],52,106,109,54,106
1,<environment.Job instance at 0x1489eca2e050>,45,2,[2 6],61,109,111,48,109
1,<environment.Job instance at 0x1489eca2e640>,48,3,[2 9],65,111,114,46,109
1,<environment.Job instance at 0x1489eca2e730>,49,2,[6 1],66,109,111,43,109
1,<environment.Job instance at 0x1489eca5cfa0>,40,2,[1 5],56,123,125,67,123
1,<environment.Job instance at 0x1489eca2e8c0>,50,1,[5 1],67,339,340,272,339
1,<environment.Job instance at 0x152315afad20>,9,2,[6 1],11,11,13,0,11
1,<environment.Job instance at 0x152315afae10>,13,2,[8 1],17,17,19,0,17
1,<environment.Job instance at 0x152315afd3c0>,14,2,[ 1 10],18,18,20,0,18
1,<environment.Job instance at 0x152315afdaa0>,15,1,[ 1 10],20,20,21,0,20
1,<environment.Job instance at 0x15231d613230>,16,1,[2 5],21,21,22,0,21
1,<environment.Job instance at 0x152315adb280>,25,2,[2 8],34,34,36,0,34
1,<environment.Job instance at 0x152315a4b050>,26,1,[2 7],35,35,36,0,35
1,<environment.Job instance at 0x152315ad08c0>,28,2,[2 7],37,37,39,0,37
1,<environment.Job instance at 0x152315ad0780>,33,1,[2 7],43,43,44,0,43
1,<environment.Job instance at 0x152315adb6e0>,23,2,[8 1],31,178,180,147,178
1,<environment.Job instance at 0x152315a4aaa0>,35,2,[1 8],45,652,654,607,652
1,<environment.Job instance at 0x152315adb050>,21,3,[6 1],29,1348,1351,1319,1348
1,<environment.Job instance at 0x152315a4a7d0>,37,2,[ 1 10],50,1391,1393,1341,1391
1,<environment.Job instance at 0x15231d60f4b0>,38,1,[8 1],51,1503,1504,1452,1503
1,<environment.Job instance at 0x152314024320>,36,3,[10  2],48,1523,1526,1475,1523
1,<environment.Job instance at 0x15231d60f1e0>,39,3,[1 5],52,1636,1639,1584,1636
1,<environment.Job instance at 0x1523142fe320>,41,25,[12  2],54,1636,1661,1582,1636
1,<environment.Job instance at 0x15231400be60>,40,3,[1 6],53,1697,1700,1644,1697
1,<environment.Job instance at 0x152313dd4dc0>,43,3,[7 2],57,1804,1807,1747,1804
1,<environment.Job instance at 0x152314009d70>,44,3,[1 8],58,2649,2652,2591,2649
1,<environment.Job instance at 0x152313dd4190>,45,3,[2 8],60,2676,2679,2616,2676
1,<environment.Job instance at 0x152315a479b0>,1,1,[1 9],5,5,6,0,5
1,<environment.Job instance at 0x152315a47690>,9,1,[13  1],14,15,16,1,15
1,<environment.Job instance at 0x152313b6fc80>,11,1,[2 5],16,16,17,0,16
1,<environment.Job instance at 0x152313b6fd70>,15,2,[6 2],23,23,25,0,23
1,<environment.Job instance at 0x152313b6f370>,17,1,[1 6],27,27,28,0,27
1,<environment.Job instance at 0x152315a49e10>,25,1,[10  1],37,37,38,0,37
1,<environment.Job instance at 0x152315a49a00>,27,1,[7 2],40,40,41,0,40
1,<environment.Job instance at 0x152315a49cd0>,30,1,[1 5],43,43,44,0,43
1,<environment.Job instance at 0x152314062690>,36,1,[5 1],51,51,52,0,51
1,<environment.Job instance at 0x152314304cd0>,44,1,[2 8],61,71,72,10,71
1,<environment.Job instance at 0x152314304910>,45,1,[ 2 10],62,72,73,10,71
1,<environment.Job instance at 0x152314304640>,46,1,[ 2 14],63,73,74,10,72
1,<environment.Job instance at 0x1523143044b0>,39,15,[10  2],55,84,99,29,84
1,<environment.Job instance at 0x152314304b40>,50,2,[ 1 10],70,84,86,14,84
1,<environment.Job instance at 0x152314304730>,51,3,[11  2],71,105,108,34,105
1,<environment.Job instance at 0x15231406bcd0>,58,1,[1 6],79,105,106,26,105
1,<environment.Job instance at 0x152314304410>,41,16,[8 1],57,124,140,67,124
1,<environment.Job instance at 0x152314062d20>,40,13,[ 1 10],56,134,147,78,134
1,<environment.Job instance at 0x1523140620a0>,35,2,[14  1],50,149,151,99,149
1,<environment.Job instance at 0x15231031b3c0>,2,1,[2 6],6,7,8,1,7
1,<environment.Job instance at 0x15231031b140>,5,1,[2 8],12,12,13,0,12
1,<environment.Job instance at 0x15231031b190>,7,2,[7 2],17,17,19,0,17
1,<environment.Job instance at 0x15231031b5a0>,8,2,[2 5],18,18,20,0,18
1,<environment.Job instance at 0x15231031bdc0>,10,3,[8 1],22,22,25,0,22
1,<environment.Job instance at 0x152310319370>,11,1,[7 2],23,23,24,0,23
1,<environment.Job instance at 0x1523103193c0>,14,14,[6 1],27,46,60,19,46
1,<environment.Job instance at 0x152310319eb0>,16,16,[1 7],29,534,550,505,534
1,<environment.Job instance at 0x152310319730>,15,15,[2 8],28,726,741,698,726
1,<environment.Job instance at 0x152310319230>,23,3,[1 5],39,729,732,690,729
1,<environment.Job instance at 0x152310319870>,25,1,[2 8],41,764,765,723,764
1,<environment.Job instance at 0x152310319c30>,24,21,[ 2 13],40,781,802,741,781
1,<environment.Job instance at 0x1523103190f0>,27,18,[5 2],43,801,819,758,801
1,<environment.Job instance at 0x152310319dc0>,28,2,[8 2],45,813,815,768,813
1,<environment.Job instance at 0x152310319410>,29,3,[1 7],46,833,836,787,833
1,<environment.Job instance at 0x152310319550>,30,18,[8 1],47,833,851,786,833
1,<environment.Job instance at 0x1523103190a0>,31,1,[5 2],48,854,855,806,854
1,<environment.Job instance at 0x1523103196e0>,26,1,[7 1],42,861,862,819,861
1,<environment.Job instance at 0x1522e28cf320>,33,3,[1 7],50,861,864,811,861
1,<environment.Job instance at 0x1522e28cf5f0>,32,1,[1 8],49,875,876,826,875
1,<environment.Job instance at 0x1522e28cf190>,34,2,[5 2],52,886,888,834,886
1,<environment.Job instance at 0x1522e28cf870>,36,2,[5 2],55,886,888,831,886
1,<environment.Job instance at 0x1522e28cfe60>,35,2,[1 7],54,905,907,851,905
1,<environment.Job instance at 0x1522e28cf780>,37,1,[1 6],57,906,907,849,906
1,<environment.Job instance at 0x1522e28cf050>,38,12,[7 1],58,912,924,854,912
1,<environment.Job instance at 0x1522e28cfa00>,40,3,[2 7],60,993,996,933,993
1,<environment.Job instance at 0x1522e28cf4b0>,41,17,[7 1],62,1001,1018,939,1001
1,<environment.Job instance at 0x1522e28cf6e0>,42,1,[2 5],64,1015,1016,951,1015
1,<environment.Job instance at 0x1522e28cf9b0>,39,2,[10  1],59,1025,1027,966,1025
1,<environment.Job instance at 0x1522e28cf7d0>,43,3,[1 8],65,1037,1040,972,1037
1,<environment.Job instance at 0x1522e28cfcd0>,45,2,[7 2],69,1063,1065,994,1063
1,<environment.Job instance at 0x1522e28cff00>,46,3,[ 2 10],71,1107,1110,1036,1107
1,<environment.Job instance at 0x1522e28cf8c0>,47,14,[8 2],72,1119,1133,1047,1119
1,<environment.Job instance at 0x1522e28cf410>,48,2,[2 5],74,1135,1137,1061,1135
1,<environment.Job instance at 0x1522e28cfeb0>,49,1,[ 2 10],75,1145,1146,1070,1145
1,<environment.Job instance at 0x1522e28cff50>,50,14,[8 1],76,1154,1168,1078,1154
1,<environment.Job instance at 0x1522e282bb40>,51,2,[ 1 10],77,1173,1175,1096,1173
1,<environment.Job instance at 0x1522e282b050>,52,3,[7 2],78,1202,1205,1124,1202
1,<environment.Job instance at 0x1522e28cfa50>,44,12,[7 2],67,1279,1291,1212,1279
1,<environment.Job instance at 0x1523103198c0>,13,2,[ 2 12],26,1726,1728,1700,1726
1,<environment.Job instance at 0x152310319820>,22,3,[ 1 13],36,1823,1826,1787,1823
1,<environment.Job instance at 0x1523103755f0>,42,2,[ 1 10],69,80,82,11,80
1,<environment.Job instance at 0x1523102d1780>,44,2,[2 9],71,83,85,12,83
1,<environment.Job instance at 0x1522e273ec30>,24,1,[6 2],41,118,119,77,118
1,<environment.Job instance at 0x1522e273e640>,22,17,[10  1],38,422,439,384,422
1,<environment.Job instance at 0x1522e273e8c0>,23,2,[ 2 12],40,761,763,721,761
1,<environment.Job instance at 0x1522e2855eb0>,2,1,[2 7],4,4,5,0,4
1,<environment.Job instance at 0x1523166fe870>,10,1,[7 2],16,17,18,1,17
1,<environment.Job instance at 0x1523166fefa0>,15,26,[9 1],24,25,51,1,25
1,<environment.Job instance at 0x15231676e2d0>,17,1,[2 9],22,22,23,0,22
1,<environment.Job instance at 0x15231676e1e0>,18,27,[ 2 10],23,26,53,3,26
1,<environment.Job instance at 0x15231d505870>,43,1,[2 5],56,1233,1234,1177,1233
1,<environment.Job instance at 0x1522e2bbef50>,8,25,[12  1],9,9,34,0,9
1,<environment.Job instance at 0x1522e2708320>,19,3,[6 1],29,34,37,5,31
1,<environment.Job instance at 0x15231b60c8c0>,20,3,[8 1],30,34,37,4,31
1,<environment.Job instance at 0x1523167940a0>,21,2,[7 1],32,37,39,5,32
1,<environment.Job instance at 0x1523164a8eb0>,23,1,[7 1],36,37,38,1,36
1,<environment.Job instance at 0x152315921500>,24,2,[5 1],37,38,40,1,37
1,<environment.Job instance at 0x15231b585960>,10,2,[10  2],12,44,46,32,44
1,<environment.Job instance at 0x1522e2bdb640>,33,1,[1 9],52,52,53,0,52
1,<environment.Job instance at 0x1522e2bdb0f0>,35,1,[10  2],55,55,56,0,55
1,<environment.Job instance at 0x1523102c1d20>,36,1,[5 2],56,56,57,0,56
1,<environment.Job instance at 0x1523102c1230>,37,26,[2 8],58,58,84,0,58
1,<environment.Job instance at 0x1523102c1cd0>,40,3,[10  2],63,63,66,0,63
1,<environment.Job instance at 0x15231b5fa4b0>,44,1,[6 2],72,72,73,0,72
1,<environment.Job instance at 0x1522e2b5f640>,47,1,[2 8],79,84,85,5,79
1,<environment.Job instance at 0x1522e2708730>,16,23,[1 6],21,111,134,90,111
1,<environment.Job instance at 0x1522e27083c0>,17,12,[7 1],24,124,136,100,124
1,<environment.Job instance at 0x1522e25ef9b0>,4,27,[1 7],5,5,32,0,5
1,<environment.Job instance at 0x1522e25ef780>,7,2,[6 1],9,14,16,5,14
1,<environment.Job instance at 0x1522e25f1cd0>,22,1,[ 1 12],36,50,51,14,50
1,<environment.Job instance at 0x1522e25f1af0>,26,1,[2 9],44,51,52,7,50
1,<environment.Job instance at 0x15231d577280>,4,25,[8 1],9,9,34,0,9
1,<environment.Job instance at 0x15231d7d2f00>,13,3,[1 5],20,20,23,0,20
1,<environment.Job instance at 0x15231031e690>,11,2,[7 2],18,41,43,23,41
1,<environment.Job instance at 0x1522e272c960>,22,3,[6 2],32,41,44,9,41
1,<environment.Job instance at 0x1522e272caf0>,23,2,[6 2],33,54,56,21,54
1,<environment.Job instance at 0x1522e272ca00>,25,1,[6 1],36,56,57,20,56
1,<environment.Job instance at 0x1522e2abb230>,28,1,[1 6],40,56,57,16,56
1,<environment.Job instance at 0x152310314cd0>,30,1,[1 7],42,56,57,14,56
1,<environment.Job instance at 0x152310338190>,27,3,[2 7],39,57,60,18,56
1,<environment.Job instance at 0x152310314050>,32,2,[2 7],44,57,59,13,56
1,<environment.Job instance at 0x1522e2afa4b0>,46,1,[10  2],63,88,89,25,88
1,<environment.Job instance at 0x15231d770c80>,47,21,[ 2 10],64,88,109,24,88
1,<environment.Job instance at 0x15231d770cd0>,48,21,[2 5],65,89,110,24,88
1,<environment.Job instance at 0x15231031e0a0>,12,16,[1 9],19,169,185,150,169
1,<environment.Job instance at 0x1523164a20a0>,15,3,[9 2],23,177,180,154,177
1,<environment.Job instance at 0x152314044b90>,1,2,[5 1],2,6,8,4,6
1,<environment.Job instance at 0x15231cb4a6e0>,4,1,[6 2],7,7,8,0,7
1,<environment.Job instance at 0x1522e273ddc0>,5,1,[5 1],8,8,9,0,8
1,<environment.Job instance at 0x1522e290b5a0>,6,1,[2 6],10,10,11,0,10
1,<environment.Job instance at 0x1522e273daa0>,7,3,[2 6],11,11,14,0,11
1,<environment.Job instance at 0x1522e273d1e0>,8,2,[9 1],12,12,14,0,12
1,<environment.Job instance at 0x1522e273d410>,13,2,[ 1 10],18,19,21,1,19
1,<environment.Job instance at 0x15231005cbe0>,17,17,[7 1],24,28,45,4,28
1,<environment.Job instance at 0x15231005caa0>,20,16,[6 1],27,89,105,62,89
1,<environment.Job instance at 0x15231005c460>,21,1,[8 2],28,125,126,97,125
1,<environment.Job instance at 0x1523196a9be0>,23,1,[7 1],30,125,126,95,125
1,<environment.Job instance at 0x15231b56e410>,24,1,[1 8],31,127,128,96,127
1,<environment.Job instance at 0x15231b56e050>,25,2,[6 2],32,145,147,113,145
1,<environment.Job instance at 0x1522e27a9960>,0,3,[ 2 14],2,205,208,203,205
1,<environment.Job instance at 0x1523140e0370>,8,2,[7 2],15,208,210,193,205
1,<environment.Job instance at 0x1523140e0320>,9,1,[1 5],17,208,209,191,205
1,<environment.Job instance at 0x15231b56e050>,11,27,[5 1],20,205,232,185,205
1,<environment.Job instance at 0x15231ab7ff00>,3,2,[ 1 11],7,18,20,11,18
1,<environment.Job instance at 0x15231ab7fd70>,11,2,[ 1 10],16,20,22,4,18
1,<environment.Job instance at 0x15231ab7f0f0>,12,3,[ 2 14],17,22,25,5,18
1,<environment.Job instance at 0x15231ab7fd20>,13,1,[5 1],18,18,19,0,18
1,<environment.Job instance at 0x15231ab7f460>,14,2,[2 6],19,25,27,6,19
1,<environment.Job instance at 0x1522e29bb690>,15,1,[8 1],20,20,21,0,20
1,<environment.Job instance at 0x1522e29bb550>,16,1,[7 2],22,25,26,3,22
1,<environment.Job instance at 0x1523100a1cd0>,24,1,[1 9],31,43,44,12,43
1,<environment.Job instance at 0x152314311cd0>,26,1,[6 1],33,43,44,10,43
1,<environment.Job instance at 0x1523100a3370>,34,23,[2 6],44,71,94,27,71
1,<environment.Job instance at 0x1523100a3640>,37,1,[5 2],48,90,91,42,90
1,<environment.Job instance at 0x1523100a34b0>,38,1,[8 2],49,90,91,41,90
1,<environment.Job instance at 0x1523100a38c0>,42,1,[9 1],55,91,92,36,90
1,<environment.Job instance at 0x15231432ea50>,46,20,[8 1],60,294,314,234,294
1,<environment.Job instance at 0x15231ab7faf0>,6,2,[2 9],11,329,331,318,329
1,<environment.Job instance at 0x15231432e140>,51,1,[2 6],70,330,331,260,330
1,<environment.Job instance at 0x15231432ea00>,52,2,[9 2],73,338,340,265,338
1,<environment.Job instance at 0x15231432e0f0>,53,1,[ 2 10],77,346,347,269,346
1,<environment.Job instance at 0x15231ab7fa00>,7,2,[8 2],12,346,348,334,346
1,<environment.Job instance at 0x15231432e460>,54,3,[11  1],79,351,354,272,351
1,<environment.Job instance at 0x15231ab7f7d0>,5,1,[1 8],10,489,490,479,489
1,<environment.Job instance at 0x15231432e190>,45,3,[12  1],59,503,506,444,503
1,<environment.Job instance at 0x1523100a0aa0>,5,2,[5 2],13,16,18,3,16
1,<environment.Job instance at 0x1523100a0640>,8,1,[ 2 10],17,17,18,0,17
1,<environment.Job instance at 0x152315854f00>,9,1,[6 2],18,18,19,0,18
1,<environment.Job instance at 0x1522e23ca230>,10,2,[ 1 12],19,43,45,24,43
1,<environment.Job instance at 0x152315a177d0>,12,2,[5 2],21,43,45,22,43
1,<environment.Job instance at 0x1523167916e0>,19,1,[2 7],30,45,46,15,43
1,<environment.Job instance at 0x1522e2b8a960>,24,22,[ 2 10],37,46,68,9,43
1,<environment.Job instance at 0x152316465280>,20,2,[1 8],31,68,70,37,56
1,<environment.Job instance at 0x152315a17190>,13,21,[5 1],22,56,77,34,56
1,<environment.Job instance at 0x152315a17140>,14,3,[2 8],23,72,75,49,72
1,<environment.Job instance at 0x15231ab35e10>,50,2,[2 8],75,75,77,0,75
1,<environment.Job instance at 0x15231ab359b0>,51,1,[1 7],78,78,79,0,78
1,<environment.Job instance at 0x15231ab4b500>,49,1,[ 2 10],74,99,100,25,99
1,<environment.Job instance at 0x152313b80280>,47,3,[ 2 13],72,100,103,28,99
1,<environment.Job instance at 0x15231ab4b1e0>,48,14,[2 6],73,120,134,47,120
1,<environment.Job instance at 0x152313b805f0>,45,2,[7 1],68,122,124,54,122
1,<environment.Job instance at 0x152313b80fa0>,1,27,[5 2],2,2,29,0,2
1,<environment.Job instance at 0x152310188f00>,3,1,[9 1],4,4,5,0,4
1,<environment.Job instance at 0x152313b805f0>,4,1,[ 2 10],5,5,6,0,5
1,<environment.Job instance at 0x1523101b17d0>,12,1,[2 6],19,19,20,0,19
1,<environment.Job instance at 0x1523101b18c0>,13,3,[1 5],20,20,23,0,20
1,<environment.Job instance at 0x1523101b1c30>,15,1,[1 7],24,24,25,0,24
1,<environment.Job instance at 0x1523101b1f50>,18,28,[1 6],27,29,57,2,29
1,<environment.Job instance at 0x1523101ac2d0>,20,21,[9 1],31,32,53,1,32
1,<environment.Job instance at 0x1523101ac690>,23,2,[5 1],35,36,38,1,36
1,<environment.Job instance at 0x1523101ac870>,25,3,[5 1],37,38,41,1,38
1,<environment.Job instance at 0x1523101aca50>,26,1,[1 9],39,53,54,14,39
1,<environment.Job instance at 0x1523101acb90>,27,1,[2 7],40,44,45,4,44
1,<environment.Job instance at 0x1523101acf50>,30,2,[ 2 10],45,57,59,12,47
1,<environment.Job instance at 0x1523143252d0>,33,20,[ 2 11],48,59,79,11,50
1,<environment.Job instance at 0x152314325050>,34,16,[9 2],50,54,70,4,51
1,<environment.Job instance at 0x152314304d70>,54,1,[7 1],75,76,77,1,76
1,<environment.Job instance at 0x152314304be0>,56,2,[1 8],77,79,81,2,77
1,<environment.Job instance at 0x152314304f00>,57,26,[8 1],78,78,104,0,78
1,<environment.Job instance at 0x152314304820>,52,1,[10  1],73,104,105,31,94
1,<environment.Job instance at 0x1523101b16e0>,11,1,[7 1],17,100,101,83,100
1,<environment.Job instance at 0x152314318190>,0,27,[6 1],1,1,28,0,1
1,<environment.Job instance at 0x152314006730>,6,3,[7 2],8,19,22,11,19
1,<environment.Job instance at 0x1523140063c0>,4,2,[2 9],5,31,33,26,31
1,<environment.Job instance at 0x1522e26361e0>,13,3,[7 1],20,31,34,11,31
1,<environment.Job instance at 0x152314006c30>,14,1,[6 1],21,31,32,10,31
1,<environment.Job instance at 0x152314006460>,11,28,[14  1],18,34,62,16,33
1,<environment.Job instance at 0x1522e2636b40>,27,1,[ 1 10],37,66,67,29,66
1,<environment.Job instance at 0x1522e2636370>,18,2,[11  2],26,85,87,59,85
1,<environment.Job instance at 0x1522e26369b0>,15,15,[6 2],22,107,122,85,107
1,<environment.Job instance at 0x1522e263a5f0>,36,18,[10  2],48,122,140,74,111
1,<environment.Job instance at 0x1522e263ab90>,41,17,[7 1],54,154,171,100,154
1,<environment.Job instance at 0x1522e263a230>,46,16,[7 1],61,164,180,103,164
1,<environment.Job instance at 0x15231cb0ae60>,55,15,[6 1],75,185,200,110,185
1,<environment.Job instance at 0x1522e263afa0>,33,2,[12  1],45,200,202,155,188
1,<environment.Job instance at 0x152314006c80>,12,2,[1 7],19,189,191,170,189
1,<environment.Job instance at 0x152314006a00>,5,13,[2 8],7,217,230,210,217
1,<environment.Job instance at 0x15231cb0a5f0>,58,1,[ 2 13],78,238,239,160,238
1,<environment.Job instance at 0x152315896050>,4,1,[6 2],7,7,8,0,7
1,<environment.Job instance at 0x152310256460>,10,1,[5 2],19,20,21,1,20
1,<environment.Job instance at 0x152310256d70>,12,1,[7 2],22,22,23,0,22
1,<environment.Job instance at 0x152310256500>,13,1,[2 8],23,23,24,0,23
1,<environment.Job instance at 0x152310256280>,14,2,[2 9],24,24,26,0,24
1,<environment.Job instance at 0x1523196dd7d0>,16,2,[7 1],27,27,29,0,27
1,<environment.Job instance at 0x1523196ddaa0>,17,1,[ 1 10],28,28,29,0,28
1,<environment.Job instance at 0x1522e2a3be60>,18,26,[2 5],29,29,55,0,29
1,<environment.Job instance at 0x1522e2830460>,30,2,[ 2 13],49,55,57,6,53
1,<environment.Job instance at 0x15231b5781e0>,40,24,[2 9],62,66,90,4,66
1,<environment.Job instance at 0x15231b578aa0>,43,1,[1 6],68,76,77,8,76
1,<environment.Job instance at 0x15231b578d70>,45,2,[6 2],71,77,79,6,77
1,<environment.Job instance at 0x152317a2da00>,47,1,[10  1],76,79,80,3,77
1,<environment.Job instance at 0x1522e254c780>,49,2,[6 1],78,80,82,2,78
1,<environment.Job instance at 0x15231ced2f50>,50,3,[1 5],79,79,82,0,79
1,<environment.Job instance at 0x15231b4c87d0>,32,28,[2 5],53,107,135,54,107
1,<environment.Job instance at 0x15231b578500>,38,1,[1 5],60,133,134,73,133
1,<environment.Job instance at 0x15231b5785a0>,37,1,[2 6],58,590,591,532,590
1,<environment.Job instance at 0x1522e2b30a50>,0,1,[9 1],1,1,2,0,1
1,<environment.Job instance at 0x15231b578690>,1,1,[1 8],2,2,3,0,2
1,<environment.Job instance at 0x152316385eb0>,11,1,[2 5],14,14,15,0,14
1,<environment.Job instance at 0x1523163805f0>,19,2,[1 5],26,36,38,10,36
1,<environment.Job instance at 0x1523163802d0>,14,2,[ 1 14],20,41,43,21,41
1,<environment.Job instance at 0x152316380410>,16,3,[9 1],22,41,44,19,41
1,<environment.Job instance at 0x1523163806e0>,22,26,[5 2],29,43,69,14,41
1,<environment.Job instance at 0x152315a2a230>,38,22,[2 9],53,57,79,4,57
1,<environment.Job instance at 0x152315a2a190>,42,2,[6 1],63,63,65,0,63
1,<environment.Job instance at 0x152315a40b40>,43,1,[ 1 12],64,79,80,15,64
1,<environment.Job instance at 0x152315a402d0>,44,1,[10  2],65,69,70,4,65
1,<environment.Job instance at 0x152315a404b0>,48,1,[9 1],70,73,74,3,73
1,<environment.Job instance at 0x152315a40320>,49,20,[9 1],71,74,94,3,73
1,<environment.Job instance at 0x152315a40500>,51,2,[13  1],74,94,96,20,90
1,<environment.Job instance at 0x152315a40870>,53,1,[5 1],76,90,91,14,90
1,<environment.Job instance at 0x1523102f4c80>,55,2,[6 2],78,91,93,13,90
1,<environment.Job instance at 0x1523102f4640>,52,1,[12  2],75,96,97,21,94
1,<environment.Job instance at 0x152316380960>,23,1,[8 2],30,97,98,67,96
1,<environment.Job instance at 0x152316380320>,17,15,[6 1],23,101,116,78,101
1,<environment.Job instance at 0x1523163807d0>,21,17,[10  1],28,116,133,88,105
1,<environment.Job instance at 0x1523140b0a50>,9,1,[7 2],20,22,23,2,22
1,<environment.Job instance at 0x1523140b0f50>,13,1,[1 9],26,26,27,0,26
1,<environment.Job instance at 0x1523140b07d0>,15,1,[1 8],28,28,29,0,28
1,<environment.Job instance at 0x15231abaef50>,21,1,[8 1],36,36,37,0,36
1,<environment.Job instance at 0x15231abaeaf0>,24,1,[2 5],39,39,40,0,39
1,<environment.Job instance at 0x15231abae6e0>,28,1,[5 2],43,89,90,46,89
1,<environment.Job instance at 0x15231abaeeb0>,26,1,[ 1 13],41,91,92,50,91
1,<environment.Job instance at 0x15231abae870>,30,1,[11  1],53,93,94,40,93
1,<environment.Job instance at 0x1522e260ccd0>,36,1,[6 1],60,94,95,34,93
1,<environment.Job instance at 0x1522e260cbe0>,37,1,[2 9],61,93,94,32,93
1,<environment.Job instance at 0x1522e260c2d0>,38,1,[1 5],62,93,94,31,93
1,<environment.Job instance at 0x1522e260c050>,41,3,[1 7],65,94,97,29,93
1,<environment.Job instance at 0x1522e28d28c0>,44,2,[9 2],71,95,97,24,93
1,<environment.Job instance at 0x1522e28d2820>,45,2,[2 7],75,97,99,22,93
1,<environment.Job instance at 0x1522e28d20a0>,46,1,[8 1],76,94,95,18,93
1,<environment.Job instance at 0x1522e28d2960>,47,15,[7 1],77,97,112,20,93
1,<environment.Job instance at 0x1522e28d2dc0>,48,1,[1 8],78,99,100,21,93
1,<environment.Job instance at 0x15231abae730>,31,2,[5 1],54,120,122,66,120
1,<environment.Job instance at 0x15231abae0f0>,29,12,[2 9],44,172,184,128,172
1,<environment.Job instance at 0x15231abae230>,1,1,[ 2 10],2,2,3,0,2
1,<environment.Job instance at 0x15231b4b9190>,15,19,[5 2],21,27,46,6,27
1,<environment.Job instance at 0x15231b4bc730>,22,1,[10  1],28,28,29,0,28
1,<environment.Job instance at 0x15231b4bc870>,23,2,[8 2],30,30,32,0,30
1,<environment.Job instance at 0x15231b4bc960>,24,1,[1 6],31,31,32,0,31
1,<environment.Job instance at 0x15231b4bcaf0>,25,3,[6 1],32,32,35,0,32
1,<environment.Job instance at 0x15231b4b94b0>,11,1,[1 5],15,34,35,19,34
1,<environment.Job instance at 0x15231b49d1e0>,31,2,[2 5],40,491,493,451,491
1,<environment.Job instance at 0x15231b49d3c0>,33,15,[9 1],42,706,721,664,706
1,<environment.Job instance at 0x15231b49d550>,35,13,[8 1],44,721,734,677,715
1,<environment.Job instance at 0x15231b49d5f0>,36,3,[2 8],45,769,772,724,769
1,<environment.Job instance at 0x15231b49d690>,37,2,[1 7],46,796,798,750,796
1,<environment.Job instance at 0x15231b4b9e60>,13,2,[1 7],19,814,816,795,814
1,<environment.Job instance at 0x15231b49d730>,38,2,[1 6],47,2033,2035,1986,2033
1,<environment.Job instance at 0x15231b49d7d0>,39,14,[ 2 10],48,2108,2122,2060,2108
1,<environment.Job instance at 0x15231b49d960>,42,3,[ 2 10],52,2438,2441,2386,2438
1,<environment.Job instance at 0x15231b49d8c0>,43,2,[9 1],54,2507,2509,2453,2507
1,<environment.Job instance at 0x15521fd3f7d0>,7,1,[2 6],8,8,9,0,8
1,<environment.Job instance at 0x15521fd3f0a0>,9,2,[6 1],11,11,13,0,11
1,<environment.Job instance at 0x15521fd2bd70>,15,1,[ 1 10],20,20,21,0,20
1,<environment.Job instance at 0x15522783a280>,16,1,[2 5],21,21,22,0,21
1,<environment.Job instance at 0x15521fcfeaf0>,20,2,[ 1 13],27,28,30,1,28
1,<environment.Job instance at 0x15521fcfec30>,22,1,[2 7],30,30,31,0,30
1,<environment.Job instance at 0x15521fc42a00>,33,1,[2 7],43,43,44,0,43
1,<environment.Job instance at 0x15521fc3cb40>,34,15,[11  1],44,57,72,13,57
1,<environment.Job instance at 0x15521e0022d0>,42,1,[10  1],56,72,73,16,57
1,<environment.Job instance at 0x15521e52e0f0>,43,3,[7 2],57,73,76,16,57
1,<environment.Job instance at 0x15521e0165a0>,44,3,[1 8],58,58,61,0,58
1,<environment.Job instance at 0x15521e016960>,45,3,[2 8],60,61,64,1,60
1,<environment.Job instance at 0x15521e016780>,46,2,[2 8],61,64,66,3,61
1,<environment.Job instance at 0x15521e016eb0>,47,1,[1 6],63,63,64,0,63
1,<environment.Job instance at 0x15521dd975a0>,48,1,[2 9],65,66,67,1,65
1,<environment.Job instance at 0x15521e24dd70>,35,2,[1 8],45,67,69,22,67
1,<environment.Job instance at 0x15521fc70870>,31,3,[9 2],41,76,79,35,69
1,<environment.Job instance at 0x15521dd971e0>,51,2,[8 2],69,73,75,4,69
1,<environment.Job instance at 0x15521e01bbe0>,52,2,[1 7],72,75,77,3,72
1,<environment.Job instance at 0x15521e01bd20>,53,3,[6 1],73,77,80,4,73
1,<environment.Job instance at 0x15521e01b500>,54,2,[2 5],75,75,77,0,75
1,<environment.Job instance at 0x15521e01b640>,55,16,[2 5],76,79,95,3,76
1,<environment.Job instance at 0x15521e01b280>,56,1,[10  2],79,80,81,1,79
1,<environment.Job instance at 0x15521e01b820>,57,22,[1 5],80,80,102,0,80
1,<environment.Job instance at 0x15521e018f00>,59,1,[1 9],85,95,96,10,85
1,<environment.Job instance at 0x15521e018fa0>,60,17,[8 1],86,86,103,0,86
1,<environment.Job instance at 0x15521e0180f0>,61,3,[1 5],87,96,99,9,87
1,<environment.Job instance at 0x15521e018960>,62,3,[9 2],88,103,106,15,88
1,<environment.Job instance at 0x15521e018780>,63,3,[10  1],89,106,109,17,89
1,<environment.Job instance at 0x15521e01b190>,58,15,[2 9],82,100,115,18,100
1,<environment.Job instance at 0x15521e52e280>,41,25,[12  2],54,124,149,70,124
1,<environment.Job instance at 0x15521dd97960>,50,12,[9 1],68,149,161,81,136
1,<environment.Job instance at 0x15521fc31aa0>,32,3,[2 9],42,144,147,102,144
1,<environment.Job instance at 0x15521e52e2d0>,3,1,[13  1],4,8,9,4,8
1,<environment.Job instance at 0x15521ddb6af0>,19,1,[10  1],27,27,28,0,27
1,<environment.Job instance at 0x15521ddb6be0>,21,1,[7 2],30,30,31,0,30
1,<environment.Job instance at 0x15521e299410>,30,1,[5 1],41,70,71,29,70
1,<environment.Job instance at 0x15521ddb65a0>,29,2,[14  1],40,77,79,37,77
1,<environment.Job instance at 0x15521e299a50>,38,1,[2 8],51,79,80,28,79
1,<environment.Job instance at 0x15521e2994b0>,40,1,[ 2 14],53,80,81,27,79
1,<environment.Job instance at 0x15521e299f00>,45,3,[11  2],61,588,591,527,588
1,<environment.Job instance at 0x15521e28c0a0>,48,1,[8 1],64,591,592,527,588
1,<environment.Job instance at 0x15521e28ce10>,49,3,[5 2],66,591,594,525,588
1,<environment.Job instance at 0x15521e2990f0>,32,12,[9 2],44,603,615,559,603
1,<environment.Job instance at 0x15521e01b410>,56,1,[1 8],76,705,706,629,705
1,<environment.Job instance at 0x15521ddb6b90>,62,27,[1 8],83,715,742,632,715
1,<environment.Job instance at 0x15521e237730>,5,1,[2 5],6,799,800,793,799
1,<environment.Job instance at 0x15521e237370>,6,2,[ 2 10],7,800,802,793,800
1,<environment.Job instance at 0x155224e6f6e0>,63,3,[1 9],84,802,805,718,800
1,<environment.Job instance at 0x15522507c0a0>,66,28,[2 8],89,808,836,719,808
1,<environment.Job instance at 0x15521e01a370>,65,12,[6 1],86,998,1010,912,998
1,<environment.Job instance at 0x15521c154fa0>,10,19,[ 1 10],18,21,40,3,21
1,<environment.Job instance at 0x15521c04deb0>,27,18,[8 1],38,40,58,2,40
1,<environment.Job instance at 0x15521c04dc30>,31,1,[2 6],43,51,52,8,51
1,<environment.Job instance at 0x15521c04d2d0>,32,16,[9 1],46,58,74,12,56
1,<environment.Job instance at 0x15521c04d7d0>,34,1,[9 1],51,74,75,23,56
1,<environment.Job instance at 0x15521c04dcd0>,35,12,[1 5],52,66,78,14,66
1,<environment.Job instance at 0x15521c0d25a0>,44,1,[2 6],66,66,67,0,66
1,<environment.Job instance at 0x15521c0d22d0>,45,2,[1 6],67,67,69,0,67
1,<environment.Job instance at 0x15521c0d2690>,47,1,[2 8],72,72,73,0,72
1,<environment.Job instance at 0x15521c0d2b40>,49,2,[7 2],77,77,79,0,77
1,<environment.Job instance at 0x15521c0d2cd0>,50,2,[2 5],78,78,80,0,78
1,<environment.Job instance at 0x15521c0d2af0>,51,14,[2 8],79,79,93,0,79
1,<environment.Job instance at 0x15521c0d2dc0>,52,3,[8 1],82,82,85,0,82
1,<environment.Job instance at 0x15521c0d25f0>,53,1,[7 2],83,85,86,2,83
1,<environment.Job instance at 0x15521c0645f0>,55,2,[ 2 12],86,93,95,7,87
1,<environment.Job instance at 0x15521c0c2280>,19,14,[10  1],29,105,119,76,105
1,<environment.Job instance at 0x15521c0c25f0>,22,3,[8 1],32,119,122,87,116
1,<environment.Job instance at 0x15521c0c2f50>,21,2,[8 2],31,122,124,91,121
1,<environment.Job instance at 0x15521c157be0>,2,1,[1 5],3,4,5,1,4
1,<environment.Job instance at 0x15521c0c29b0>,4,3,[ 2 10],5,53,56,48,53
1,<environment.Job instance at 0x15521c157140>,6,3,[1 5],9,61,64,52,61
1,<environment.Job instance at 0x15521c157500>,7,21,[ 2 13],10,70,91,60,70
1,<environment.Job instance at 0x15521c1576e0>,8,1,[2 8],11,91,92,80,72
1,<environment.Job instance at 0x15521c1577d0>,9,1,[7 1],12,76,77,64,76
1,<environment.Job instance at 0x15521c157dc0>,10,18,[5 2],13,80,98,67,80
1,<environment.Job instance at 0x15521c157f50>,11,2,[8 2],15,91,93,76,84
1,<environment.Job instance at 0x15521c157230>,12,3,[1 7],16,92,95,76,92
1,<environment.Job instance at 0x15521c157a50>,13,18,[8 1],17,93,111,76,92
1,<environment.Job instance at 0x15521c157d20>,14,1,[5 2],18,99,100,81,99
1,<environment.Job instance at 0x15521c0d11e0>,16,3,[1 7],20,103,106,83,103
1,<environment.Job instance at 0x15521c0d1410>,18,2,[1 7],24,107,109,83,107
1,<environment.Job instance at 0x15521c0d1a50>,19,2,[5 2],25,107,109,82,107
1,<environment.Job instance at 0x15521c0d1730>,20,1,[1 6],27,109,110,82,107
1,<environment.Job instance at 0x15521c0d16e0>,21,12,[7 1],28,110,122,82,107
1,<environment.Job instance at 0x15521c0d12d0>,22,2,[10  1],29,122,124,93,108
1,<environment.Job instance at 0x15521c0d1050>,23,3,[2 7],30,116,119,86,116
1,<environment.Job instance at 0x15521c0d1280>,24,17,[7 1],32,124,141,92,116
1,<environment.Job instance at 0x15521c0d1690>,25,1,[2 5],34,128,129,94,128
1,<environment.Job instance at 0x15521c0d1b40>,26,3,[1 8],35,137,140,102,137
1,<environment.Job instance at 0x15521c0d18c0>,28,2,[7 2],39,137,139,98,137
1,<environment.Job instance at 0x15521c0d1820>,29,3,[ 2 10],41,140,143,99,137
1,<environment.Job instance at 0x15521c0d1dc0>,30,14,[8 2],42,141,155,99,137
1,<environment.Job instance at 0x15521c0d1e10>,31,2,[2 5],44,143,145,99,142
1,<environment.Job instance at 0x15521c0d5eb0>,32,1,[ 2 10],45,145,146,100,142
1,<environment.Job instance at 0x15521c0d50f0>,33,14,[8 1],46,155,169,109,142
1,<environment.Job instance at 0x15521c0d5cd0>,34,2,[ 1 10],47,146,148,99,144
1,<environment.Job instance at 0x15521c0d52d0>,35,3,[7 2],48,148,151,100,145
1,<environment.Job instance at 0x15521c0d5050>,36,21,[7 2],50,151,172,101,145
1,<environment.Job instance at 0x15521c0d5aa0>,37,13,[5 2],51,169,182,118,164
1,<environment.Job instance at 0x15521c0d59b0>,40,3,[5 1],54,172,175,118,165
1,<environment.Job instance at 0x15521c0d5e10>,41,3,[1 7],59,169,172,110,167
1,<environment.Job instance at 0x15521c0d5fa0>,42,12,[7 1],61,175,187,114,167
1,<environment.Job instance at 0x15521c0d5b90>,43,20,[8 2],62,182,202,120,173
1,<environment.Job instance at 0x15521c0d5140>,44,2,[10  1],63,202,204,139,178
1,<environment.Job instance at 0x15521c0d55a0>,45,3,[1 9],64,178,181,114,178
1,<environment.Job instance at 0x15520cd9ea00>,46,3,[1 8],68,187,190,119,184
1,<environment.Job instance at 0x15520cd9edc0>,47,2,[2 7],71,190,192,119,185
1,<environment.Job instance at 0x15520cd9ef00>,48,2,[9 2],72,204,206,132,185
1,<environment.Job instance at 0x15520cd9e1e0>,49,3,[5 2],73,193,196,120,193
1,<environment.Job instance at 0x15520cd9e910>,50,16,[7 2],74,206,222,132,193
1,<environment.Job instance at 0x15520cd9eb90>,51,1,[ 2 10],75,211,212,136,211
1,<environment.Job instance at 0x15520cd9e5f0>,52,18,[5 2],77,211,229,134,211
1,<environment.Job instance at 0x15520cd9e2d0>,53,1,[1 8],78,218,219,140,218
1,<environment.Job instance at 0x15521c0c2f50>,5,3,[ 1 13],6,541,544,535,541
1,<environment.Job instance at 0x15521c157190>,3,16,[1 7],4,2441,2457,2437,2441
1,<environment.Job instance at 0x15520c97b9b0>,4,2,[1 9],11,180,182,169,180
1,<environment.Job instance at 0x15520c97bdc0>,6,1,[1 9],13,194,195,181,194
1,<environment.Job instance at 0x15520c978aa0>,18,2,[ 1 10],29,197,199,168,197
1,<environment.Job instance at 0x15520c978af0>,19,3,[10  2],30,198,201,168,198
1,<environment.Job instance at 0x15520c978f00>,20,2,[2 9],31,199,201,168,198
1,<environment.Job instance at 0x15520c978d70>,13,3,[9 1],22,201,204,179,200
1,<environment.Job instance at 0x15520c97b1e0>,5,2,[1 6],12,201,203,189,200
1,<environment.Job instance at 0x15520c978d20>,22,18,[6 2],36,203,221,167,201
1,<environment.Job instance at 0x15520c978dc0>,21,3,[9 1],34,219,222,185,219
1,<environment.Job instance at 0x15520c971b40>,40,26,[9 1],64,225,251,161,225
1,<environment.Job instance at 0x15520c9785a0>,23,16,[1 5],38,243,259,205,243
1,<environment.Job instance at 0x15520c9710f0>,45,3,[8 1],69,251,254,182,243
1,<environment.Job instance at 0x15520c971960>,46,3,[8 1],73,254,257,181,250
1,<environment.Job instance at 0x15520c971640>,47,1,[10  1],74,257,258,183,250
1,<environment.Job instance at 0x15520c971dc0>,38,14,[1 9],60,294,308,234,294
1,<environment.Job instance at 0x15520c975780>,24,3,[5 1],40,309,312,269,309
1,<environment.Job instance at 0x15520c971f50>,2,1,[1 8],5,5,6,0,5
1,<environment.Job instance at 0x155224e29a50>,8,2,[1 7],12,12,14,0,12
1,<environment.Job instance at 0x15521e228aa0>,11,2,[1 8],16,16,18,0,16
1,<environment.Job instance at 0x15521e2288c0>,14,1,[2 8],20,20,21,0,20
1,<environment.Job instance at 0x15521e2280a0>,15,1,[8 2],21,21,22,0,21
1,<environment.Job instance at 0x155226d3c1e0>,23,18,[8 2],33,761,779,728,761
1,<environment.Job instance at 0x155226d3c7d0>,24,3,[1 6],34,851,854,817,851
1,<environment.Job instance at 0x155224d43730>,0,1,[2 6],1,1,2,0,1
1,<environment.Job instance at 0x155224d43f00>,9,2,[2 6],11,429,431,418,429
1,<environment.Job instance at 0x155224d437d0>,6,1,[10  1],8,483,484,475,483
1,<environment.Job instance at 0x15520ce1a0f0>,28,3,[7 1],36,492,495,456,492
1,<environment.Job instance at 0x15520ce1a3c0>,25,25,[12  1],29,496,521,467,496
1,<environment.Job instance at 0x15520ce1a550>,32,3,[2 9],40,496,499,456,496
1,<environment.Job instance at 0x15520cf00c80>,33,23,[1 6],41,499,522,458,496
1,<environment.Job instance at 0x155227841230>,48,18,[1 5],67,508,526,441,508
1,<environment.Job instance at 0x15520ce1a0a0>,26,1,[ 2 10],30,523,524,493,523
1,<environment.Job instance at 0x15520cf7e640>,54,26,[2 8],78,530,556,452,530
1,<environment.Job instance at 0x155224d430a0>,7,1,[1 8],9,559,560,550,559
1,<environment.Job instance at 0x15520c93c6e0>,50,1,[1 9],72,566,567,494,566
1,<environment.Job instance at 0x15522572e690>,1,1,[6 2],2,2,3,0,2
1,<environment.Job instance at 0x15520c9466e0>,4,1,[2 8],9,9,10,0,9
1,<environment.Job instance at 0x15520cd6dc80>,24,1,[10  2],38,45,46,7,45
1,<environment.Job instance at 0x15521fb5de10>,28,1,[ 1 12],46,97,98,51,97
1,<environment.Job instance at 0x155225832eb0>,30,1,[8 1],49,97,98,48,97
1,<environment.Job instance at 0x15520c820fa0>,2,1,[9 1],5,5,6,0,5
1,<environment.Job instance at 0x15521fc46960>,4,25,[8 1],9,10,35,1,10
1,<environment.Job instance at 0x15520c825410>,25,1,[6 1],36,38,39,2,38
1,<environment.Job instance at 0x15520c827320>,40,1,[8 1],54,69,70,15,69
1,<environment.Job instance at 0x15520c8276e0>,41,1,[1 5],56,69,70,13,69
1,<environment.Job instance at 0x15520c8275f0>,42,1,[10  1],58,70,71,12,69
1,<environment.Job instance at 0x15520c827730>,43,1,[5 2],59,69,70,10,69
1,<environment.Job instance at 0x15520c8250f0>,19,1,[ 1 10],29,78,79,49,78
1,<environment.Job instance at 0x15520c8278c0>,44,17,[10  1],60,78,95,18,78
1,<environment.Job instance at 0x15520c8279b0>,47,21,[ 2 10],64,79,100,15,78
1,<environment.Job instance at 0x15520c827a50>,48,21,[2 5],65,95,116,30,87
1,<environment.Job instance at 0x15520c8277d0>,46,1,[10  2],63,100,101,37,97
1,<environment.Job instance at 0x15520c7a9640>,53,2,[2 9],71,101,103,30,97
1,<environment.Job instance at 0x15520c7a96e0>,54,2,[1 5],72,103,105,31,97
1,<environment.Job instance at 0x15520c825050>,20,19,[2 5],30,152,171,122,152
1,<environment.Job instance at 0x15520c825280>,21,17,[2 9],31,220,237,189,220
1,<environment.Job instance at 0x1552205c4aa0>,10,17,[7 1],14,56,73,42,56
1,<environment.Job instance at 0x1552205c4c80>,13,16,[6 1],17,91,107,74,91
1,<environment.Job instance at 0x1552205c4fa0>,14,1,[8 2],18,106,107,88,106
1,<environment.Job instance at 0x1552205c49b0>,15,1,[5 2],19,112,113,93,112
1,<environment.Job instance at 0x1552207169b0>,16,1,[7 1],20,115,116,95,115
1,<environment.Job instance at 0x155220716c30>,17,1,[1 8],21,120,121,99,120
1,<environment.Job instance at 0x155220716e60>,18,2,[6 2],22,125,127,103,125
1,<environment.Job instance at 0x15520c5dd460>,10,25,[6 1],15,2973,2998,2958,2973
1,<environment.Job instance at 0x15520c5dd460>,2,1,[6 1],3,4,5,1,4
1,<environment.Job instance at 0x15521c191370>,6,1,[9 2],7,7,8,0,7
1,<environment.Job instance at 0x15520c61f370>,8,26,[1 6],11,11,37,0,11
1,<environment.Job instance at 0x15521c18c050>,22,20,[8 1],30,229,249,199,229
1,<environment.Job instance at 0x15521c191910>,15,2,[7 2],21,229,231,208,229
1,<environment.Job instance at 0x15521c18c410>,24,3,[9 1],36,249,252,213,229
1,<environment.Job instance at 0x15521c18c460>,25,13,[2 5],38,231,244,193,229
1,<environment.Job instance at 0x15521c1912d0>,14,1,[8 2],19,252,253,233,248
1,<environment.Job instance at 0x15521c18c550>,28,2,[9 2],43,253,255,210,253
1,<environment.Job instance at 0x15521c18c820>,29,1,[ 2 10],47,256,257,209,256
1,<environment.Job instance at 0x15521c191690>,13,1,[5 2],18,257,258,239,257
1,<environment.Job instance at 0x15521c18c7d0>,32,3,[1 8],51,321,324,270,321
1,<environment.Job instance at 0x15521c18ca00>,33,1,[8 1],53,324,325,271,324
1,<environment.Job instance at 0x15521c18c910>,34,16,[9 1],54,325,341,271,325
1,<environment.Job instance at 0x15521c18ca50>,35,12,[7 2],56,341,353,285,331
1,<environment.Job instance at 0x15521c18ca50>,1,1,[7 1],4,4,5,0,4
1,<environment.Job instance at 0x15521fcf7f50>,2,2,[5 2],5,5,7,0,5
1,<environment.Job instance at 0x15521fcf73c0>,9,1,[5 1],14,15,16,1,15
1,<environment.Job instance at 0x15521fcf7c80>,11,1,[6 1],16,16,17,0,16
1,<environment.Job instance at 0x15521fcf7820>,10,2,[8 2],15,20,22,5,20
1,<environment.Job instance at 0x15520c618910>,14,2,[8 2],23,23,25,0,23
1,<environment.Job instance at 0x15520c618c80>,17,2,[7 1],28,28,30,0,28
1,<environment.Job instance at 0x15520c620550>,18,21,[6 1],30,30,51,0,30
1,<environment.Job instance at 0x15520c959a50>,22,2,[2 8],35,188,190,153,188
1,<environment.Job instance at 0x15520c959dc0>,21,1,[ 2 10],34,190,191,156,190
1,<environment.Job instance at 0x15520c959aa0>,26,27,[5 2],42,190,217,148,190
1,<environment.Job instance at 0x15520c95bbe0>,33,18,[9 1],53,223,241,170,223
1,<environment.Job instance at 0x15520c959410>,23,1,[1 7],38,576,577,538,576
1,<environment.Job instance at 0x15520c5e8410>,19,3,[ 2 13],32,626,629,594,626
1,<environment.Job instance at 0x15520c95b640>,48,2,[5 1],75,626,628,551,626
1,<environment.Job instance at 0x15520c95ba50>,49,2,[ 2 10],76,629,631,553,626
1,<environment.Job instance at 0x15520c95b690>,50,3,[5 1],77,626,629,549,626
1,<environment.Job instance at 0x15520c95ba00>,51,1,[1 9],79,631,632,552,626
1,<environment.Job instance at 0x15520c95b9b0>,52,1,[2 7],80,632,633,552,626
1,<environment.Job instance at 0x15520c95b8c0>,53,2,[1 8],81,632,634,551,626
1,<environment.Job instance at 0x15520c95b460>,54,1,[1 9],83,634,635,551,626
1,<environment.Job instance at 0x155220a26910>,55,2,[ 2 10],85,635,637,550,626
1,<environment.Job instance at 0x155220a26aa0>,56,3,[9 1],86,629,632,543,626
1,<environment.Job instance at 0x155220a266e0>,58,20,[ 2 11],88,637,657,549,628
1,<environment.Job instance at 0x15520c959500>,27,27,[1 9],43,657,684,614,655
1,<environment.Job instance at 0x15520c959550>,25,12,[2 8],41,686,698,645,686
1,<environment.Job instance at 0x15520c95b910>,45,21,[9 1],71,748,769,677,748
1,<environment.Job instance at 0x15521e23b780>,4,1,[5 1],6,7,8,1,7
1,<environment.Job instance at 0x1552256dfa00>,16,1,[1 6],22,22,23,0,22
1,<environment.Job instance at 0x1552257b57d0>,17,1,[10  1],23,23,24,0,23
1,<environment.Job instance at 0x1552205a9230>,22,26,[8 1],28,28,54,0,28
1,<environment.Job instance at 0x15520c632e60>,25,27,[6 1],31,32,59,1,32
1,<environment.Job instance at 0x15520cab3d70>,36,28,[14  1],48,59,87,11,58
1,<environment.Job instance at 0x15520ccae410>,39,1,[6 1],51,87,88,36,70
1,<environment.Job instance at 0x15521c0e90a0>,45,2,[1 8],59,109,111,50,109
1,<environment.Job instance at 0x15520c62a050>,43,2,[11  2],56,112,114,56,112
1,<environment.Job instance at 0x1552257fe730>,51,2,[2 6],66,112,114,46,112
1,<environment.Job instance at 0x1552257fe460>,52,1,[ 1 10],67,114,115,47,112
1,<environment.Job instance at 0x1552257fea50>,53,1,[2 7],68,112,113,44,112
1,<environment.Job instance at 0x1552257fe550>,54,2,[2 6],69,115,117,46,112
1,<environment.Job instance at 0x15520c97a370>,30,13,[2 8],37,122,135,85,122
1,<environment.Job instance at 0x155220715e10>,60,1,[2 8],77,135,136,58,122
1,<environment.Job instance at 0x15520ce66fa0>,58,2,[12  1],75,153,155,78,153
1,<environment.Job instance at 0x15520c97aeb0>,29,2,[2 9],35,186,188,151,186
1,<environment.Job instance at 0x15520c7d9870>,59,14,[1 9],76,190,204,114,190
1,<environment.Job instance at 0x15521fc26730>,15,16,[2 5],21,22,38,1,22
1,<environment.Job instance at 0x15521fc26a50>,18,2,[1 7],24,24,26,0,24
1,<environment.Job instance at 0x15521fc26b90>,19,1,[6 2],27,27,28,0,27
1,<environment.Job instance at 0x15521fc26dc0>,25,1,[5 2],39,45,46,6,45
1,<environment.Job instance at 0x15521fc26f50>,27,1,[7 2],42,48,49,6,48
1,<environment.Job instance at 0x15521fc322d0>,28,1,[2 8],43,48,49,5,48
1,<environment.Job instance at 0x15521fc32320>,29,2,[2 9],44,49,51,5,48
1,<environment.Job instance at 0x15521fc32410>,30,3,[2 6],45,49,52,4,48
1,<environment.Job instance at 0x15521fc32780>,31,2,[7 1],47,51,53,4,48
1,<environment.Job instance at 0x15521fc32870>,32,1,[ 1 10],48,52,53,4,48
1,<environment.Job instance at 0x15521fc32d70>,33,26,[2 5],49,53,79,4,50
1,<environment.Job instance at 0x15521fc51c80>,45,2,[ 2 13],69,79,81,10,76
1,<environment.Job instance at 0x15521fc51730>,47,28,[2 5],73,81,109,8,80
1,<environment.Job instance at 0x15521fc26550>,13,2,[2 5],19,104,106,85,104
1,<environment.Job instance at 0x15521fc485f0>,52,1,[2 6],78,106,107,28,104
1,<environment.Job instance at 0x15521fc265f0>,14,3,[9 1],20,109,112,89,109
1,<environment.Job instance at 0x15521fc48d70>,54,2,[2 8],81,110,112,29,110
1,<environment.Job instance at 0x15521fc481e0>,53,1,[1 5],80,110,111,30,110
1,<environment.Job instance at 0x15521fc48f50>,56,3,[2 5],85,111,114,26,110
1,<environment.Job instance at 0x15521fc48a00>,57,18,[5 2],87,112,130,25,110
1,<environment.Job instance at 0x15521fc48960>,58,1,[1 6],88,112,113,24,111
1,<environment.Job instance at 0x15521fc267d0>,16,1,[5 1],22,795,796,773,795
1,<environment.Job instance at 0x15521fc48aa0>,55,24,[2 9],82,1274,1298,1192,1274
1,<environment.Job instance at 0x15520caf6780>,11,1,[7 1],15,15,16,0,15
1,<environment.Job instance at 0x15520caf6fa0>,17,1,[9 1],22,22,23,0,22
1,<environment.Job instance at 0x15520caf6c80>,18,1,[2 5],24,24,25,0,24
1,<environment.Job instance at 0x15520cb20960>,20,1,[2 7],28,28,29,0,28
1,<environment.Job instance at 0x155226d61500>,21,2,[ 1 14],30,33,35,3,33
1,<environment.Job instance at 0x155226d61e10>,25,1,[2 5],34,35,36,1,34
1,<environment.Job instance at 0x155226d61cd0>,26,2,[1 5],36,36,38,0,36
1,<environment.Job instance at 0x155226d613c0>,29,26,[5 2],39,39,65,0,39
1,<environment.Job instance at 0x15520ca0faf0>,30,1,[8 2],40,40,41,0,40
1,<environment.Job instance at 0x15520ca0f9b0>,31,2,[2 6],41,41,43,0,41
1,<environment.Job instance at 0x15520ca0fcd0>,32,3,[1 9],42,43,46,1,42
1,<environment.Job instance at 0x15520ca0f410>,33,2,[1 7],44,46,48,2,44
1,<environment.Job instance at 0x15520ca0f280>,35,2,[6 1],46,46,48,0,46
1,<environment.Job instance at 0x15520ca09780>,50,1,[ 1 12],74,77,78,3,77
1,<environment.Job instance at 0x15520caf6cd0>,15,2,[8 1],20,134,136,114,134
1,<environment.Job instance at 0x15521e559e60>,60,1,[5 1],86,136,137,50,136
1,<environment.Job instance at 0x1552205d0be0>,59,1,[12  2],85,137,138,52,136
1,<environment.Job instance at 0x15520caf6f50>,16,1,[6 2],21,136,137,115,136
1,<environment.Job instance at 0x15521e559190>,61,3,[8 1],87,138,141,51,136
1,<environment.Job instance at 0x15521e551d70>,5,3,[1 5],9,136,139,127,136
1,<environment.Job instance at 0x15521e559cd0>,58,2,[13  1],84,141,143,57,136
1,<environment.Job instance at 0x15521e559140>,63,3,[9 2],89,143,146,54,142
1,<environment.Job instance at 0x15521e243050>,3,1,[7 1],13,14,15,1,14
1,<environment.Job instance at 0x15521e2436e0>,9,1,[7 2],20,20,21,0,20
1,<environment.Job instance at 0x15520cd30780>,16,20,[7 2],29,31,51,2,31
1,<environment.Job instance at 0x1552206af5f0>,28,1,[5 2],43,102,103,59,102
1,<environment.Job instance at 0x1552206afaf0>,31,2,[5 1],54,104,106,50,104
1,<environment.Job instance at 0x1552206afa50>,32,2,[1 6],55,105,107,50,105
1,<environment.Job instance at 0x1552206af320>,30,1,[11  1],53,109,110,56,109
1,<environment.Job instance at 0x1552206af230>,26,1,[ 1 13],41,109,110,68,109
1,<environment.Job instance at 0x15520c8b7410>,36,1,[6 1],60,110,111,50,109
1,<environment.Job instance at 0x15520c8b7fa0>,37,1,[2 9],61,110,111,49,109
1,<environment.Job instance at 0x15520c8b7730>,38,1,[1 5],62,110,111,48,109
1,<environment.Job instance at 0x15520c8b7910>,41,3,[1 7],65,111,114,46,109
1,<environment.Job instance at 0x15520c8b7be0>,44,2,[9 2],71,111,113,40,109
1,<environment.Job instance at 0x15520c8b7d70>,45,2,[2 7],75,113,115,38,109
1,<environment.Job instance at 0x15520c8b7230>,46,1,[8 1],76,113,114,37,109
1,<environment.Job instance at 0x15520c8b7640>,47,15,[7 1],77,114,129,37,109
1,<environment.Job instance at 0x15520c8b7f50>,48,1,[1 8],78,115,116,37,111
1,<environment.Job instance at 0x15520c8b7500>,33,2,[1 8],56,171,173,115,171
1,<environment.Job instance at 0x1552206af460>,29,12,[2 9],44,207,219,163,207
1,<environment.Job instance at 0x15521fa58190>,3,1,[1 5],5,5,6,0,5
1,<environment.Job instance at 0x15520c822410>,15,2,[8 2],20,2151,2153,2131,2151
1,<environment.Job instance at 0x15520c822a50>,26,12,[6 1],33,2156,2168,2123,2156
1,<environment.Job instance at 0x15520c81c230>,27,13,[8 1],34,2166,2179,2132,2166
1,<environment.Job instance at 0x15521c136410>,3,3,[2 5],5,2814,2817,2809,2814
1,<environment.Job instance at 0x15520cf27370>,10,1,[7 2],16,16,17,0,16
1,<environment.Job instance at 0x15520cf27500>,13,2,[1 7],21,26,28,5,26
1,<environment.Job instance at 0x15520cf27820>,18,3,[6 1],28,28,31,0,28
1,<environment.Job instance at 0x15520cf27c80>,20,15,[7 1],30,30,45,0,30
1,<environment.Job instance at 0x15520cef9190>,24,3,[2 9],35,41,44,6,41
1,<environment.Job instance at 0x15520cf06370>,39,1,[8 1],53,53,54,0,53
1,<environment.Job instance at 0x15520cf11550>,56,1,[2 7],77,91,92,14,91
1,<environment.Job instance at 0x15520cf11640>,57,1,[7 2],78,91,92,13,91
1,<environment.Job instance at 0x15520cf11410>,58,25,[1 7],79,92,117,13,91
1,<environment.Job instance at 0x15520cf11aa0>,63,1,[1 8],86,104,105,18,104
1,<environment.Job instance at 0x15520cf064b0>,40,3,[1 6],54,127,130,73,127
1,<environment.Job instance at 0x15520cf27320>,12,3,[14  2],18,128,131,110,128
1,<environment.Job instance at 0x15520cf27780>,16,16,[ 2 10],25,1537,1553,1512,1537
1,<environment.Job instance at 0x15520cef92d0>,25,3,[2 5],36,1542,1545,1506,1542
1,<environment.Job instance at 0x154c0e6b87d0>,15,1,[ 1 10],20,20,21,0,20
1,<environment.Job instance at 0x154c161d18c0>,16,1,[2 5],21,21,22,0,21
1,<environment.Job instance at 0x154c0e699280>,20,2,[ 1 13],27,49,51,22,49
1,<environment.Job instance at 0x154c0e5c6050>,35,2,[1 8],45,55,57,10,55
1,<environment.Job instance at 0x154c0e609500>,36,3,[10  2],48,55,58,7,55
1,<environment.Job instance at 0x154c0e607be0>,37,2,[ 1 10],50,57,59,7,55
1,<environment.Job instance at 0x154c0cbddd70>,38,1,[8 1],51,58,59,7,55
1,<environment.Job instance at 0x154c0cec0190>,39,3,[1 5],52,59,62,7,55
1,<environment.Job instance at 0x154c0e6077d0>,40,3,[1 6],53,59,62,6,55
1,<environment.Job instance at 0x154c0cec03c0>,41,25,[12  2],54,59,84,5,55
1,<environment.Job instance at 0x154c0c9a6eb0>,46,2,[2 8],61,62,64,1,62
1,<environment.Job instance at 0x154c0c9a6820>,47,1,[1 6],63,64,65,1,63
1,<environment.Job instance at 0x154c0c727140>,48,1,[2 9],65,65,66,0,65
1,<environment.Job instance at 0x154c0c7278c0>,50,12,[9 1],68,84,96,16,81
1,<environment.Job instance at 0x154c0c7270a0>,51,2,[8 2],69,96,98,27,81
1,<environment.Job instance at 0x154c0c727320>,53,3,[6 1],73,84,87,11,83
1,<environment.Job instance at 0x154c0e36fa50>,54,2,[2 5],75,87,89,12,85
1,<environment.Job instance at 0x154c0c7271e0>,56,1,[10  2],79,98,99,19,86
1,<environment.Job instance at 0x154c0c9ab820>,57,22,[1 5],80,87,109,7,86
1,<environment.Job instance at 0x154c0c9ab140>,59,1,[1 9],85,89,90,4,88
1,<environment.Job instance at 0x154c0c9a8550>,65,3,[2 9],92,92,95,0,92
1,<environment.Job instance at 0x154c0c9aa230>,66,3,[1 9],93,99,102,6,93
1,<environment.Job instance at 0x154c0c9aa6e0>,67,1,[13  1],94,99,100,5,94
1,<environment.Job instance at 0x154c0c9aac80>,69,1,[2 5],96,96,97,0,96
1,<environment.Job instance at 0x154c0c9aad20>,70,2,[ 2 10],97,102,104,5,97
1,<environment.Job instance at 0x154c0e6005a0>,34,15,[11  1],44,146,161,102,146
1,<environment.Job instance at 0x154c0e68e8c0>,22,1,[2 7],30,149,150,119,149
1,<environment.Job instance at 0x154c0e68ed20>,23,2,[8 1],31,161,163,130,152
1,<environment.Job instance at 0x154c0e699320>,21,3,[6 1],29,167,170,138,167
1,<environment.Job instance at 0x154c0cc30d20>,13,1,[7 2],20,20,21,0,20
1,<environment.Job instance at 0x154c0cc30aa0>,16,1,[1 5],23,23,24,0,23
1,<environment.Job instance at 0x154c0cc30780>,18,1,[2 7],27,27,28,0,27
1,<environment.Job instance at 0x154c0cc302d0>,19,1,[2 5],28,28,29,0,28
1,<environment.Job instance at 0x154c0cc30f00>,21,2,[14  1],30,31,33,1,31
1,<environment.Job instance at 0x154c0e5c4140>,30,1,[2 8],41,45,46,4,45
1,<environment.Job instance at 0x154c0e5c4cd0>,31,1,[ 2 10],42,46,47,4,45
1,<environment.Job instance at 0x154c0e5c4fa0>,32,1,[ 2 14],43,47,48,4,45
1,<environment.Job instance at 0x154c0e5c4dc0>,33,1,[8 2],44,45,46,1,45
1,<environment.Job instance at 0x154c0e5c4730>,34,15,[5 1],45,45,60,0,45
1,<environment.Job instance at 0x154c0e60ab40>,35,18,[1 8],46,48,66,2,46
1,<environment.Job instance at 0x154c0e5c4550>,22,1,[5 1],31,77,78,46,77
1,<environment.Job instance at 0x154c0e608c30>,39,3,[2 5],53,104,107,51,104
1,<environment.Job instance at 0x154c0e608e10>,40,1,[8 1],54,105,106,51,105
1,<environment.Job instance at 0x154c0e6084b0>,41,3,[5 2],56,109,112,53,109
1,<environment.Job instance at 0x154c0e608cd0>,42,15,[9 2],57,115,130,58,115
1,<environment.Job instance at 0x154c0e5c4500>,26,13,[ 1 10],36,1372,1385,1336,1372
1,<environment.Job instance at 0x154c0e608dc0>,48,1,[1 8],66,1493,1494,1427,1493
1,<environment.Job instance at 0x154c0e6085f0>,49,15,[1 6],67,1684,1699,1617,1684
1,<environment.Job instance at 0x154c0e608050>,50,3,[7 2],68,1752,1755,1684,1752
1,<environment.Job instance at 0x154c0e608730>,47,3,[12  1],64,1989,1992,1925,1989
1,<environment.Job instance at 0x154c0e5c45a0>,27,16,[8 1],37,2222,2238,2185,2222
1,<environment.Job instance at 0x154c0e5c4be0>,2,1,[1 7],3,3,4,0,3
1,<environment.Job instance at 0x154c140fb780>,3,1,[2 9],4,4,5,0,4
1,<environment.Job instance at 0x154c080bf0f0>,10,2,[2 5],13,13,15,0,13
1,<environment.Job instance at 0x154c080bf230>,11,3,[6 1],14,14,17,0,14
1,<environment.Job instance at 0x154c080bf410>,12,2,[10  1],15,17,19,2,15
1,<environment.Job instance at 0x154c080b25f0>,31,1,[2 6],46,46,47,0,46
1,<environment.Job instance at 0x154c080b2d20>,32,2,[1 6],47,47,49,0,47
1,<environment.Job instance at 0x154c080b2280>,33,18,[7 2],49,56,74,7,56
1,<environment.Job instance at 0x154c080f4820>,36,2,[7 2],57,57,59,0,57
1,<environment.Job instance at 0x154c0811b550>,37,2,[2 5],58,59,61,1,58
1,<environment.Job instance at 0x154c0811bd20>,39,3,[8 1],62,62,65,0,62
1,<environment.Job instance at 0x154c0811b410>,40,1,[7 2],63,65,66,2,63
1,<environment.Job instance at 0x154c0811b230>,41,2,[5 2],64,66,68,2,64
1,<environment.Job instance at 0x154c080ff5f0>,42,2,[ 2 12],66,68,70,2,66
1,<environment.Job instance at 0x154c080bf780>,9,3,[8 1],12,70,73,58,67
1,<environment.Job instance at 0x154c08217cd0>,17,17,[7 1],22,339,356,317,339
1,<environment.Job instance at 0x154c081d1fa0>,52,3,[1 5],79,2168,2171,2089,2168
1,<environment.Job instance at 0x154c083245a0>,1,1,[2 5],4,5,6,1,5
1,<environment.Job instance at 0x154c082d58c0>,4,2,[7 2],9,9,11,0,9
1,<environment.Job instance at 0x154c082d56e0>,12,21,[7 2],20,20,41,0,20
1,<environment.Job instance at 0x154c081f5a50>,18,12,[7 1],31,32,44,1,32
1,<environment.Job instance at 0x154c081f58c0>,20,2,[10  1],33,44,46,11,33
1,<environment.Job instance at 0x154c081f5280>,21,3,[1 9],34,34,37,0,34
1,<environment.Job instance at 0x154c081f5960>,22,3,[1 8],38,38,41,0,38
1,<environment.Job instance at 0x154c081f5af0>,23,2,[2 7],41,41,43,0,41
1,<environment.Job instance at 0x154c081f55f0>,24,2,[9 2],42,46,48,4,42
1,<environment.Job instance at 0x154c082d5500>,8,1,[ 2 10],15,44,45,29,44
1,<environment.Job instance at 0x154c0822f5f0>,27,1,[ 2 10],45,46,47,1,46
1,<environment.Job instance at 0x154c0822f500>,37,1,[6 2],61,67,68,6,67
1,<environment.Job instance at 0x154c0822feb0>,33,2,[ 2 10],55,108,110,53,108
1,<environment.Job instance at 0x154c082331e0>,42,2,[1 6],72,117,119,45,117
1,<environment.Job instance at 0x154c082334b0>,48,3,[ 2 10],80,125,128,45,125
1,<environment.Job instance at 0x154c082330a0>,49,1,[7 2],81,126,127,45,126
1,<environment.Job instance at 0x154c08233910>,50,3,[9 1],82,127,130,45,127
1,<environment.Job instance at 0x154c08233870>,51,16,[9 1],83,130,146,47,127
1,<environment.Job instance at 0x154c08233640>,52,1,[6 2],85,128,129,43,127
1,<environment.Job instance at 0x154c08233fa0>,53,3,[2 7],86,136,139,50,136
1,<environment.Job instance at 0x154c08233190>,58,3,[9 1],94,146,149,52,136
1,<environment.Job instance at 0x154c08233500>,59,18,[6 2],96,139,157,43,136
1,<environment.Job instance at 0x154c0822f190>,36,2,[ 2 12],60,152,154,92,152
1,<environment.Job instance at 0x154c08233a50>,60,16,[1 5],98,165,181,67,165
1,<environment.Job instance at 0x154c0822fc80>,34,15,[8 2],56,257,272,201,257
1,<environment.Job instance at 0x154c0822f1e0>,1,2,[5 1],3,3,5,0,3
1,<environment.Job instance at 0x154bcf31b8c0>,2,1,[2 7],4,4,5,0,4
1,<environment.Job instance at 0x154bcf31b4b0>,4,2,[6 1],6,6,8,0,6
1,<environment.Job instance at 0x154bcf317230>,10,1,[7 2],16,16,17,0,16
1,<environment.Job instance at 0x154bcf317910>,16,2,[2 9],25,25,27,0,25
1,<environment.Job instance at 0x154bcf62e1e0>,17,2,[2 5],26,26,28,0,26
1,<environment.Job instance at 0x154c08126af0>,0,1,[6 2],1,1,2,0,1
1,<environment.Job instance at 0x154bcf3283c0>,9,1,[5 2],16,16,17,0,16
1,<environment.Job instance at 0x154c1631faa0>,10,26,[2 8],18,20,46,2,20
1,<environment.Job instance at 0x154bcf67cc80>,20,1,[2 8],39,46,47,7,39
1,<environment.Job instance at 0x154bcf282410>,21,2,[7 2],40,40,42,0,40
1,<environment.Job instance at 0x154c0f0627d0>,22,2,[6 2],41,41,43,0,41
1,<environment.Job instance at 0x154c156cc820>,25,2,[5 2],44,44,46,0,44
1,<environment.Job instance at 0x154c140b3a00>,17,1,[6 2],32,44,45,12,44
1,<environment.Job instance at 0x154c140ab460>,26,27,[1 7],45,46,73,1,46
1,<environment.Job instance at 0x154c080c7050>,41,3,[2 8],69,76,79,7,76
1,<environment.Job instance at 0x154c0e41a5a0>,46,1,[8 1],79,93,94,14,93
1,<environment.Job instance at 0x154c0ef179b0>,48,1,[2 9],84,93,94,9,93
1,<environment.Job instance at 0x154c140ab730>,19,3,[5 1],38,1495,1498,1457,1495
1,<environment.Job instance at 0x154c0e4a7af0>,27,21,[1 8],46,1716,1737,1670,1716
1,<environment.Job instance at 0x154c0d72e2d0>,52,3,[9 2],88,1755,1758,1667,1755
1,<environment.Job instance at 0x154c0d72ed20>,54,16,[ 1 10],92,2560,2576,2468,2560
1,<environment.Job instance at 0x154bcf7a0550>,0,1,[6 2],1,1,2,0,1
1,<environment.Job instance at 0x154bcf29a370>,11,1,[1 9],17,17,18,0,17
1,<environment.Job instance at 0x154c082f25f0>,18,25,[8 1],29,30,55,1,30
1,<environment.Job instance at 0x154c0cbf63c0>,21,2,[10  2],33,75,77,42,75
1,<environment.Job instance at 0x154c0cc19960>,37,2,[6 2],53,77,79,24,75
1,<environment.Job instance at 0x154c0cc195f0>,38,17,[5 2],54,75,92,21,75
1,<environment.Job instance at 0x154c141c6460>,39,1,[6 1],56,93,94,37,93
1,<environment.Job instance at 0x154c0cc0c410>,56,1,[10  1],78,117,118,39,117
1,<environment.Job instance at 0x154bcf402d70>,59,25,[9 1],81,118,143,37,117
1,<environment.Job instance at 0x154bcf386280>,62,21,[2 5],85,139,160,54,139
1,<environment.Job instance at 0x154c0e37f0a0>,22,3,[1 7],34,183,186,149,183
1,<environment.Job instance at 0x154c0cc289b0>,2,1,[1 7],3,3,4,0,3
1,<environment.Job instance at 0x154bcf1b8a50>,6,1,[2 6],10,11,12,1,11
1,<environment.Job instance at 0x154bcf1bb820>,17,17,[7 1],24,32,49,8,32
1,<environment.Job instance at 0x154bcf1bba00>,20,16,[6 1],27,74,90,47,74
1,<environment.Job instance at 0x154bcf1bbaa0>,21,1,[8 2],28,104,105,76,104
1,<environment.Job instance at 0x154bcf1bbb40>,22,1,[5 2],29,117,118,88,117
1,<environment.Job instance at 0x154bcf1bbbe0>,23,1,[7 1],30,117,118,87,117
1,<environment.Job instance at 0x154bcf1bbc80>,24,1,[1 8],31,117,118,86,117
1,<environment.Job instance at 0x154bcf1bbd20>,25,2,[6 2],32,118,120,86,117
1,<environment.Job instance at 0x154c080b3cd0>,4,1,[2 9],6,2314,2315,2308,2314
1,<environment.Job instance at 0x154c080b3be0>,10,25,[6 1],15,2749,2774,2734,2749
1,<environment.Job instance at 0x154bcf6f9c80>,2,23,[2 6],4,4,27,0,4
1,<environment.Job instance at 0x154bcf343730>,5,1,[5 2],8,8,9,0,8
1,<environment.Job instance at 0x154c0efb0f00>,6,1,[8 2],9,9,10,0,9
1,<environment.Job instance at 0x154bcf3436e0>,7,2,[7 2],11,11,13,0,11
1,<environment.Job instance at 0x154c0efb0a00>,10,1,[9 1],15,15,16,0,15
1,<environment.Job instance at 0x154c0efb0280>,13,3,[12  1],19,21,24,2,21
1,<environment.Job instance at 0x154bcf2ccd20>,15,2,[7 1],21,24,26,3,24
1,<environment.Job instance at 0x154c0efb0cd0>,14,20,[8 1],20,26,46,6,24
1,<environment.Job instance at 0x154c1411d5a0>,21,1,[ 2 10],37,37,38,0,37
1,<environment.Job instance at 0x154bcf374500>,26,16,[9 1],44,2107,2123,2063,2107
1,<environment.Job instance at 0x154bcf2dec80>,4,2,[7 1],8,8,10,0,8
1,<environment.Job instance at 0x154bcf55c0a0>,5,21,[6 1],10,10,31,0,10
1,<environment.Job instance at 0x154bcf2de870>,12,12,[2 8],21,361,373,340,361
1,<environment.Job instance at 0x154bcf2deb40>,6,3,[ 2 13],12,373,376,361,373
1,<environment.Job instance at 0x154bcf2de910>,21,2,[8 1],35,373,375,338,373
1,<environment.Job instance at 0x154bcf2ded70>,23,1,[7 1],37,375,376,338,373
1,<environment.Job instance at 0x154bcf2de9b0>,24,1,[2 6],39,376,377,337,373
1,<environment.Job instance at 0x154bcf2f5050>,25,3,[1 5],40,376,379,336,373
1,<environment.Job instance at 0x154bcf2f52d0>,26,3,[8 2],43,376,379,333,373
1,<environment.Job instance at 0x154bcf2f5280>,27,1,[1 7],44,377,378,333,373
1,<environment.Job instance at 0x154bcf2f5230>,28,3,[2 8],45,378,381,333,373
1,<environment.Job instance at 0x154bcf2f51e0>,29,2,[7 1],46,379,381,333,373
1,<environment.Job instance at 0x154bcf2f53c0>,30,28,[1 6],47,379,407,332,378
1,<environment.Job instance at 0x154bcf2f5500>,31,1,[1 7],50,381,382,331,378
1,<environment.Job instance at 0x154bcf2f55f0>,32,21,[9 1],51,381,402,330,378
1,<environment.Job instance at 0x154bcf2de690>,19,1,[8 2],32,402,403,370,379
1,<environment.Job instance at 0x154bcf2f59b0>,38,1,[1 9],59,403,404,344,384
1,<environment.Job instance at 0x154bcf2f58c0>,39,1,[2 7],60,384,385,324,384
1,<environment.Job instance at 0x154bcf2f5730>,35,2,[5 1],55,385,387,330,384
1,<environment.Job instance at 0x154bcf2f5d70>,45,20,[ 2 11],68,407,427,339,398
1,<environment.Job instance at 0x154bcf2cbdc0>,49,1,[9 2],74,404,405,330,400
1,<environment.Job instance at 0x154bcf2f5f50>,50,1,[2 8],75,400,401,325,400
1,<environment.Job instance at 0x154bcf2cb5f0>,51,1,[5 1],76,401,402,325,400
1,<environment.Job instance at 0x154bcf2cb460>,52,1,[8 1],78,405,406,327,400
1,<environment.Job instance at 0x154bcf2cb910>,53,1,[1 8],80,405,406,325,400
1,<environment.Job instance at 0x154bcf2cb230>,54,1,[2 9],81,406,407,325,400
1,<environment.Job instance at 0x154bcf2cba50>,57,1,[7 2],85,407,408,322,401
1,<environment.Job instance at 0x154bcf2cbe60>,58,1,[10  1],86,408,409,322,401
1,<environment.Job instance at 0x154bcf2cb7d0>,59,3,[2 5],88,427,430,339,404
1,<environment.Job instance at 0x154bcf2cb140>,60,2,[6 2],89,409,411,320,404
1,<environment.Job instance at 0x154bcf2f5c30>,42,2,[ 2 10],65,427,429,362,415
1,<environment.Job instance at 0x154bcf2de050>,11,1,[1 7],20,429,430,409,416
1,<environment.Job instance at 0x154bcf2defa0>,9,2,[2 8],15,430,432,415,416
1,<environment.Job instance at 0x154bcf2cbf00>,64,1,[10  1],93,416,417,323,416
1,<environment.Job instance at 0x154bcf2cb9b0>,65,17,[5 1],94,429,446,335,417
1,<environment.Job instance at 0x154bcf2cb4b0>,69,26,[8 1],98,430,456,332,427
1,<environment.Job instance at 0x154bcf2f5c80>,46,16,[9 2],70,461,477,391,461
1,<environment.Job instance at 0x154bcf2cb370>,63,1,[1 6],92,462,463,370,462
1,<environment.Job instance at 0x154c0cbfb0f0>,0,27,[6 1],1,1,28,0,1
1,<environment.Job instance at 0x154c0e5e7f00>,11,28,[14  1],18,28,56,10,27
1,<environment.Job instance at 0x154c0cca6c80>,14,1,[6 1],21,127,128,106,127
1,<environment.Job instance at 0x154c0cca6820>,18,2,[11  2],26,128,130,102,127
1,<environment.Job instance at 0x154c0cca6640>,22,1,[1 5],31,127,128,96,127
1,<environment.Job instance at 0x154bcefb2d70>,23,2,[9 1],32,130,132,98,127
1,<environment.Job instance at 0x154bcefb2b90>,26,2,[2 6],36,127,129,91,127
1,<environment.Job instance at 0x154bcefb2460>,27,1,[ 1 10],37,129,130,92,127
1,<environment.Job instance at 0x154bcefb2960>,28,1,[2 7],38,128,129,90,127
1,<environment.Job instance at 0x154c0e623820>,29,2,[2 6],39,130,132,91,127
1,<environment.Job instance at 0x154c0e623a00>,35,1,[2 8],47,131,132,84,131
1,<environment.Job instance at 0x154c0cca6b40>,21,2,[1 5],30,167,169,137,167
1,<environment.Job instance at 0x154c0e4c9780>,39,3,[1 6],51,169,172,118,169
1,<environment.Job instance at 0x154c0e4c9eb0>,40,2,[1 8],53,169,171,116,169
1,<environment.Job instance at 0x154c0e4c9fa0>,46,16,[7 1],61,181,197,120,181
1,<environment.Job instance at 0x154c0e4c99b0>,42,16,[8 2],55,185,201,130,185
1,<environment.Job instance at 0x154c0e4c9e60>,47,1,[1 6],62,197,198,135,189
1,<environment.Job instance at 0x154c0e5e75f0>,13,3,[7 1],20,198,201,178,190
1,<environment.Job instance at 0x154c0e4c92d0>,58,1,[ 2 13],78,201,202,123,194
1,<environment.Job instance at 0x154c0e4c93c0>,59,2,[2 5],79,202,204,123,195
1,<environment.Job instance at 0x154c0e615b40>,62,1,[5 1],82,197,198,115,197
1,<environment.Job instance at 0x154c1418e500>,65,1,[6 2],87,203,204,116,203
1,<environment.Job instance at 0x154c1418e190>,71,1,[5 2],99,219,220,120,219
1,<environment.Job instance at 0x154c0e623c80>,33,2,[12  1],45,224,226,179,224
1,<environment.Job instance at 0x154c0e4c9b90>,52,3,[2 6],67,236,239,169,236
1,<environment.Job instance at 0x154c0e5e73c0>,12,2,[1 7],19,237,239,218,237
1,<environment.Job instance at 0x154c0e4c9a00>,48,14,[1 8],63,239,253,176,238
1,<environment.Job instance at 0x154bcf7a3a00>,1,1,[2 8],3,3,4,0,3
1,<environment.Job instance at 0x154c0e5d5d20>,4,2,[7 1],7,8,10,1,8
1,<environment.Job instance at 0x154c0e4a8f50>,6,26,[2 5],9,9,35,0,9
1,<environment.Job instance at 0x154c08384e10>,18,2,[ 2 13],29,35,37,6,32
1,<environment.Job instance at 0x154c141a4c30>,20,28,[2 5],33,37,65,4,36
1,<environment.Job instance at 0x154c140dcfa0>,22,1,[1 9],35,66,67,31,66
1,<environment.Job instance at 0x154c0e47e730>,42,25,[9 1],63,68,93,5,68
1,<environment.Job instance at 0x154c081b2320>,25,1,[2 6],38,106,107,68,106
1,<environment.Job instance at 0x154c14163a00>,54,2,[ 1 14],80,112,114,32,112
1,<environment.Job instance at 0x154bcf011eb0>,61,17,[10  1],88,112,129,24,112
1,<environment.Job instance at 0x154c1525a550>,28,24,[2 9],42,114,138,72,113
1,<environment.Job instance at 0x154bcf011820>,63,1,[8 2],90,129,130,39,116
1,<environment.Job instance at 0x154bcf011870>,64,2,[2 6],91,130,132,39,118
1,<environment.Job instance at 0x154bcf011cd0>,65,3,[1 9],92,138,141,46,119
1,<environment.Job instance at 0x154bcf0118c0>,66,2,[1 7],94,141,143,47,119
1,<environment.Job instance at 0x154bcefc7190>,26,1,[1 5],40,121,122,81,121
1,<environment.Job instance at 0x154bcf0110f0>,67,3,[2 9],95,143,146,48,126
1,<environment.Job instance at 0x154bcf011460>,69,1,[5 1],97,129,130,32,127
1,<environment.Job instance at 0x154c0f2fd0a0>,55,1,[7 2],81,193,194,112,193
1,<environment.Job instance at 0x154bcf011aa0>,68,2,[6 1],96,211,213,115,211
1,<environment.Job instance at 0x154bcf395be0>,6,22,[2 9],13,13,35,0,13
1,<environment.Job instance at 0x154bcf389460>,11,1,[ 1 12],24,35,36,11,24
1,<environment.Job instance at 0x154bcf389c30>,17,20,[9 1],31,42,62,11,42
1,<environment.Job instance at 0x154bcf396d70>,34,1,[7 2],60,62,63,2,60
1,<environment.Job instance at 0x154bcf3b3230>,37,2,[2 5],65,67,69,2,67
1,<environment.Job instance at 0x154bcf3b32d0>,38,1,[1 9],66,67,68,1,67
1,<environment.Job instance at 0x154bcf3b3730>,40,1,[1 8],68,68,69,0,68
1,<environment.Job instance at 0x154bcf3b3870>,41,20,[7 2],69,82,102,13,82
1,<environment.Job instance at 0x154bcf3b3aa0>,46,1,[8 1],76,83,84,7,83
1,<environment.Job instance at 0x154bcf3b3cd0>,49,1,[2 5],79,84,85,5,83
1,<environment.Job instance at 0x154bcf3b3dc0>,51,1,[ 1 13],81,85,86,4,83
1,<environment.Job instance at 0x154bcf389fa0>,22,3,[8 1],37,106,109,69,106
1,<environment.Job instance at 0x154bcf389e60>,21,1,[5 1],36,113,114,77,113
1,<environment.Job instance at 0x154bcf389d70>,20,1,[12  2],35,114,115,79,114
1,<environment.Job instance at 0x154bcf39d730>,55,1,[11  1],93,115,116,22,114
1,<environment.Job instance at 0x154bcf39d820>,56,2,[5 1],94,116,118,22,116
1,<environment.Job instance at 0x154bcf39d960>,57,2,[1 6],95,128,130,33,128
1,<environment.Job instance at 0x154bcf39d9b0>,58,2,[1 8],96,128,130,32,128
1,<environment.Job instance at 0x154bcf39da00>,59,1,[6 1],97,130,131,33,130
1,<environment.Job instance at 0x154bcf39daa0>,60,18,[10  2],99,131,149,32,130
1,<environment.Job instance at 0x154bcf39d050>,53,1,[5 2],83,158,159,75,158
1,<environment.Job instance at 0x154bcf39d780>,54,12,[2 9],84,2782,2794,2698,2782
1,<environment.Job instance at 0x154bcf390230>,0,1,[2 9],1,1,2,0,1
1,<environment.Job instance at 0x154c08133c30>,7,2,[9 2],11,12,14,1,12
1,<environment.Job instance at 0x154c0e3a7640>,17,17,[5 2],25,29,46,4,29
1,<environment.Job instance at 0x154c0e3a7aa0>,21,2,[1 5],30,30,32,0,30
1,<environment.Job instance at 0x154c0e3a70a0>,23,2,[10  2],32,32,34,0,32
1,<environment.Job instance at 0x154c0e3a7af0>,27,2,[1 7],39,39,41,0,39
1,<environment.Job instance at 0x154c0e3a75a0>,28,3,[1 8],40,41,44,1,40
1,<environment.Job instance at 0x154c0e3a75f0>,26,2,[1 9],36,44,46,8,41
1,<environment.Job instance at 0x154c08140e60>,35,15,[8 2],47,52,67,5,52
1,<environment.Job instance at 0x154bcf5d67d0>,41,3,[2 5],54,56,59,2,56
1,<environment.Job instance at 0x154bcf5d6cd0>,40,16,[1 5],53,606,622,553,606
1,<environment.Job instance at 0x154c08133fa0>,14,2,[7 2],21,1211,1213,1190,1211
1,<environment.Job instance at 0x154bcf5d61e0>,45,2,[2 5],60,1291,1293,1231,1291
1,<environment.Job instance at 0x154bcf5d6730>,44,3,[1 8],58,2269,2272,2211,2269
1,<environment.Job instance at 0x154c0f345b90>,4,23,[2 5],7,7,30,0,7
1,<environment.Job instance at 0x154c0e56d820>,23,3,[6 1],34,53,56,19,53
1,<environment.Job instance at 0x154c0e56d870>,22,2,[2 6],32,475,477,443,475
1,<environment.Job instance at 0x154c0e56daf0>,27,1,[10  1],39,584,585,545,584
1,<environment.Job instance at 0x154c08042960>,0,1,[14  1],1,1,2,0,1
1,<environment.Job instance at 0x154bcf34b780>,28,2,[7 1],36,36,38,0,36
1,<environment.Job instance at 0x154bcf34bf00>,33,2,[2 5],43,80,82,37,80
1,<environment.Job instance at 0x154bcf34baa0>,34,3,[1 5],46,116,119,70,116
1,<environment.Job instance at 0x154bcf34b640>,32,2,[1 9],42,118,120,76,118
1,<environment.Job instance at 0x154bcf34beb0>,38,2,[5 2],50,141,143,91,141
1,<environment.Job instance at 0x154bcf34b140>,37,14,[9 2],49,145,159,96,145
1,<environment.Job instance at 0x154bcf34b230>,41,16,[8 1],54,159,175,105,159
1,<environment.Job instance at 0x154bcf34bd20>,42,14,[2 8],55,161,175,106,161
1,<environment.Job instance at 0x154bcf34b1e0>,43,15,[8 2],56,175,190,119,173
1,<environment.Job instance at 0x154bcf1d7960>,47,14,[ 2 10],61,184,198,123,184
1,<environment.Job instance at 0x154bcf34b7d0>,31,3,[ 1 11],41,198,201,157,196
1,<environment.Job instance at 0x154bcf1d7230>,48,1,[1 9],62,202,203,140,202
1,<environment.Job instance at 0x154bcf1d7aa0>,56,2,[8 1],73,202,204,129,202
1,<environment.Job instance at 0x154bcf1d7f00>,57,3,[9 1],74,204,207,130,202
1,<environment.Job instance at 0x154bcf1d75a0>,55,3,[5 1],71,227,230,156,227
1,<environment.Job instance at 0x154bcf1d7780>,60,2,[2 7],79,227,229,148,227
1,<environment.Job instance at 0x154bcf33d0f0>,63,2,[1 9],83,229,231,146,228
1,<environment.Job instance at 0x154bcf33d370>,64,23,[1 5],84,228,251,144,228
1,<environment.Job instance at 0x154bcf33d5a0>,67,1,[8 2],87,231,232,144,230
1,<environment.Job instance at 0x154bcf33dd20>,68,2,[7 1],88,232,234,144,230
1,<environment.Job instance at 0x154bcf33d230>,69,1,[5 1],89,230,231,141,230
1,<environment.Job instance at 0x154bcf33df00>,70,2,[2 8],90,231,233,141,230
1,<environment.Job instance at 0x154bcf33d410>,71,3,[7 1],91,233,236,142,230
1,<environment.Job instance at 0x154bcf33d910>,73,2,[10  1],94,236,238,142,230
1,<environment.Job instance at 0x154bcf33d460>,74,22,[5 1],96,238,260,142,231
1,<environment.Job instance at 0x154bcf34b410>,40,1,[1 5],53,259,260,206,259
1,<environment.Job instance at 0x154bcf35e9b0>,21,1,[8 2],29,260,261,231,260
1,<environment.Job instance at 0x154bcf33dcd0>,61,17,[6 2],81,261,278,180,261
1,<environment.Job instance at 0x154bcf1d75f0>,54,3,[ 1 14],70,295,298,225,295
1,<environment.Job instance at 0x154c0f0a4550>,4,1,[7 2],6,6,7,0,6
1,<environment.Job instance at 0x154c0f0a4b40>,11,2,[5 2],15,15,17,0,15
1,<environment.Job instance at 0x154c0f0a4cd0>,12,2,[8 1],16,16,18,0,16
1,<environment.Job instance at 0x154c0f0a2280>,19,2,[1 6],23,290,292,267,290
1,<environment.Job instance at 0x154c0f0a2e60>,32,1,[8 2],39,320,321,281,320
1,<environment.Job instance at 0x154bf946bb40>,2,1,[2 5],3,3,4,0,3
1,<environment.Job instance at 0x154bf18f8910>,3,1,[6 2],4,4,5,0,4
1,<environment.Job instance at 0x154bf18ce2d0>,26,1,[2 7],35,35,36,0,35
1,<environment.Job instance at 0x154bf18403c0>,31,3,[9 2],41,43,46,2,43
1,<environment.Job instance at 0x154bf1840a00>,32,3,[2 9],42,45,48,3,45
1,<environment.Job instance at 0x154bf1801d70>,33,1,[2 7],43,48,49,5,45
1,<environment.Job instance at 0x154bf18d9140>,21,3,[6 1],29,138,141,109,138
1,<environment.Job instance at 0x154bf18ceaf0>,23,2,[8 1],31,1009,1011,978,1009
1,<environment.Job instance at 0x154bf18128c0>,36,3,[10  2],48,1313,1316,1265,1313
1,<environment.Job instance at 0x154bf1815460>,37,2,[ 1 10],50,1837,1839,1787,1837
1,<environment.Job instance at 0x154befe0a500>,38,1,[8 1],51,1897,1898,1846,1897
1,<environment.Job instance at 0x154bf18476e0>,39,3,[1 5],52,1935,1938,1883,1935
1,<environment.Job instance at 0x154befe22320>,40,3,[1 6],53,2828,2831,2775,2828
1,<environment.Job instance at 0x154befe48910>,4,1,[10  1],7,7,8,0,7
1,<environment.Job instance at 0x154befe5d140>,9,1,[1 5],13,13,14,0,13
1,<environment.Job instance at 0x154befe5dc30>,12,1,[2 5],18,18,19,0,18
1,<environment.Job instance at 0x154befe5deb0>,14,2,[14  1],20,28,30,8,28
1,<environment.Job instance at 0x154bef97e870>,23,1,[2 8],31,31,32,0,31
1,<environment.Job instance at 0x154bef97e730>,24,1,[ 2 10],32,32,33,0,32
1,<environment.Job instance at 0x154bef97e6e0>,25,1,[ 2 14],33,33,34,0,33
1,<environment.Job instance at 0x154bef97ec30>,26,1,[8 2],34,34,35,0,34
1,<environment.Job instance at 0x154befe5de10>,18,15,[10  2],25,390,405,365,390
1,<environment.Job instance at 0x154bef97ea50>,30,3,[11  2],41,405,408,364,399
1,<environment.Job instance at 0x154bef96dd70>,41,1,[1 8],56,420,421,364,420
1,<environment.Job instance at 0x154befe5daf0>,19,13,[ 1 10],26,463,476,437,463
1,<environment.Job instance at 0x154bef96d410>,47,27,[1 8],63,476,503,413,476
1,<environment.Job instance at 0x154bef96d2d0>,48,3,[1 9],64,503,506,439,491
1,<environment.Job instance at 0x154bef96dd20>,34,3,[5 2],46,648,651,602,648
1,<environment.Job instance at 0x154bef96ddc0>,49,2,[7 2],65,693,695,628,693
1,<environment.Job instance at 0x154befe5d690>,16,3,[2 8],22,888,891,866,888
1,<environment.Job instance at 0x154bef96d780>,51,28,[2 8],69,930,958,861,930
1,<environment.Job instance at 0x154bef96d550>,53,15,[1 7],75,1129,1144,1054,1129
1,<environment.Job instance at 0x154bef96d7d0>,54,3,[ 2 10],76,1189,1192,1113,1189
1,<environment.Job instance at 0x154bef96d5f0>,50,12,[6 1],66,1231,1243,1165,1231
1,<environment.Job instance at 0x154bf9411230>,55,2,[1 9],78,1259,1261,1181,1259
1,<environment.Job instance at 0x154bef96d870>,56,2,[ 2 10],81,1282,1284,1201,1282
1,<environment.Job instance at 0x154bef96da50>,52,3,[5 1],73,1283,1286,1210,1283
1,<environment.Job instance at 0x154befec45a0>,59,2,[ 2 10],84,1284,1286,1200,1284
1,<environment.Job instance at 0x154befec4f00>,60,2,[2 9],85,1286,1288,1201,1286
1,<environment.Job instance at 0x154befec4230>,57,3,[5 2],82,2758,2761,2676,2758
1,<environment.Job instance at 0x154bbe68a820>,1,17,[7 1],2,6,23,4,6
1,<environment.Job instance at 0x154bbeac9af0>,5,1,[9 1],11,23,24,12,11
1,<environment.Job instance at 0x154bbeac9aa0>,10,1,[ 1 10],17,22,23,5,22
1,<environment.Job instance at 0x154bbeac8370>,18,1,[2 8],32,32,33,0,32
1,<environment.Job instance at 0x154bbeac8cd0>,20,2,[7 2],37,37,39,0,37
1,<environment.Job instance at 0x154bbeac8960>,21,2,[2 5],38,38,40,0,38
1,<environment.Job instance at 0x154bbeac8460>,24,1,[7 2],43,43,44,0,43
1,<environment.Job instance at 0x154bbeac75f0>,26,2,[ 2 12],46,47,49,1,47
1,<environment.Job instance at 0x154bbeac7b90>,33,16,[1 7],54,1406,1422,1352,1406
1,<environment.Job instance at 0x154bbeac7a50>,36,3,[1 5],59,1419,1422,1360,1419
1,<environment.Job instance at 0x154bbeac7af0>,37,21,[ 2 13],60,1467,1488,1407,1467
1,<environment.Job instance at 0x154bbeac57d0>,38,1,[2 8],61,1976,1977,1915,1976
1,<environment.Job instance at 0x154bbeac53c0>,39,1,[7 1],62,2058,2059,1996,2058
1,<environment.Job instance at 0x154bbeac5320>,40,18,[5 2],63,2071,2089,2008,2071
1,<environment.Job instance at 0x154bbeac56e0>,41,2,[8 2],65,2158,2160,2093,2158
1,<environment.Job instance at 0x154bbeac5c80>,42,3,[1 7],66,2174,2177,2108,2174
1,<environment.Job instance at 0x154bbeac5870>,43,18,[8 1],67,2207,2225,2140,2207
1,<environment.Job instance at 0x154bbeac5af0>,44,1,[5 2],68,2583,2584,2515,2583
1,<environment.Job instance at 0x154bbeac5e10>,45,1,[1 8],69,2893,2894,2824,2893
1,<environment.Job instance at 0x154bbeac5550>,46,3,[1 7],70,2899,2902,2829,2899
1,<environment.Job instance at 0x154bec11e230>,16,15,[8 2],26,29,44,3,29
1,<environment.Job instance at 0x154bec11ecd0>,18,2,[ 2 12],30,30,32,0,30
1,<environment.Job instance at 0x154bbe5d91e0>,19,1,[6 2],31,32,33,1,31
1,<environment.Job instance at 0x154bbe5d9870>,24,2,[1 6],42,137,139,95,137
1,<environment.Job instance at 0x154bbe8bef50>,30,3,[ 2 10],50,145,148,95,145
1,<environment.Job instance at 0x154bbe5d9050>,22,2,[8 1],38,147,149,109,147
1,<environment.Job instance at 0x154bbe8be640>,34,1,[6 2],55,148,149,93,147
1,<environment.Job instance at 0x154bbe8be500>,32,3,[9 1],52,149,152,97,147
1,<environment.Job instance at 0x154bbe8beb40>,35,3,[2 7],56,149,152,93,147
1,<environment.Job instance at 0x154bbe8bee60>,38,3,[10  2],60,152,155,92,148
1,<environment.Job instance at 0x154bbe8be050>,39,2,[2 9],61,152,154,91,150
1,<environment.Job instance at 0x154bbeb931e0>,41,18,[6 2],66,155,173,89,150
1,<environment.Job instance at 0x154bbe8be1e0>,36,14,[7 2],57,168,182,111,168
1,<environment.Job instance at 0x154bec03baa0>,59,26,[9 1],94,198,224,104,198
1,<environment.Job instance at 0x154bbe5d9a50>,21,15,[ 1 11],37,218,233,181,218
1,<environment.Job instance at 0x154bbeb93460>,42,16,[1 5],68,233,249,165,220
1,<environment.Job instance at 0x154bbeb93a50>,49,3,[9 2],78,250,253,172,250
1,<environment.Job instance at 0x154bbe5d9820>,23,2,[1 9],41,262,264,221,262
1,<environment.Job instance at 0x154bbe5426e0>,18,2,[1 8],26,27,29,1,27
1,<environment.Job instance at 0x154bbe540b40>,19,2,[1 5],28,29,31,1,29
1,<environment.Job instance at 0x154bbe540fa0>,21,1,[2 8],30,30,31,0,30
1,<environment.Job instance at 0x154bbe5403c0>,22,1,[8 2],31,31,32,0,31
1,<environment.Job instance at 0x154bbe540910>,26,3,[10  2],37,249,252,212,249
1,<environment.Job instance at 0x154bbe540730>,28,2,[1 7],41,324,326,283,324
1,<environment.Job instance at 0x154bbe540320>,29,1,[1 5],42,343,344,301,343
1,<environment.Job instance at 0x154bbe540c80>,30,18,[8 2],43,502,520,459,502
1,<environment.Job instance at 0x154bbe540aa0>,31,3,[1 6],44,726,729,682,726
1,<environment.Job instance at 0x154bbe540e10>,32,16,[1 5],45,956,972,911,956
1,<environment.Job instance at 0x154bbe540640>,33,2,[ 1 10],46,1422,1424,1376,1422
1,<environment.Job instance at 0x154bbe540870>,34,17,[2 9],47,1710,1727,1663,1710
1,<environment.Job instance at 0x154bbe53b9b0>,35,15,[7 2],48,1777,1792,1729,1777
1,<environment.Job instance at 0x154bbe540410>,24,2,[6 1],34,1798,1800,1764,1798
1,<environment.Job instance at 0x154bbe53ba00>,36,16,[2 8],49,1892,1908,1843,1892
1,<environment.Job instance at 0x154bbe53b870>,37,3,[6 1],50,2234,2237,2184,2234
1,<environment.Job instance at 0x154bbe53b8c0>,38,2,[1 8],51,2669,2671,2618,2669
1,<environment.Job instance at 0x154bbe53b780>,40,2,[2 8],53,2680,2682,2627,2680
1,<environment.Job instance at 0x154bf6c7a0a0>,11,1,[2 5],14,16,17,2,16
1,<environment.Job instance at 0x154bf6c7a960>,14,3,[7 1],17,17,20,0,17
1,<environment.Job instance at 0x154bf6c7a550>,15,13,[10  1],18,20,33,2,18
1,<environment.Job instance at 0x154bf6a27320>,17,1,[ 2 10],20,20,21,0,20
1,<environment.Job instance at 0x154bf6a27f00>,18,2,[10  2],22,33,35,11,22
1,<environment.Job instance at 0x154bf6a27780>,19,3,[7 1],26,35,38,9,26
1,<environment.Job instance at 0x154bf6a31dc0>,20,3,[2 8],27,29,32,2,29
1,<environment.Job instance at 0x154bf6a315a0>,21,3,[1 9],28,32,35,4,29
1,<environment.Job instance at 0x154bf6a313c0>,22,16,[10  1],29,38,54,9,29
1,<environment.Job instance at 0x154bf6a31910>,23,3,[2 9],30,35,38,5,33
1,<environment.Job instance at 0x154bf6a31c30>,24,23,[1 6],31,38,61,7,34
1,<environment.Job instance at 0x154bf6a31820>,25,12,[7 1],34,54,66,20,37
1,<environment.Job instance at 0x154bbe8fa7d0>,26,3,[10  1],37,66,69,29,42
1,<environment.Job instance at 0x154bbe8fa690>,27,3,[6 1],39,54,57,15,43
1,<environment.Job instance at 0x154bbe8fa5f0>,28,3,[8 1],40,61,64,21,43
1,<environment.Job instance at 0x154bbe8fabe0>,29,2,[7 1],42,57,59,15,43
1,<environment.Job instance at 0x154bf18040f0>,30,18,[2 6],44,64,82,20,53
1,<environment.Job instance at 0x154bbe747e60>,31,1,[7 1],46,70,71,24,70
1,<environment.Job instance at 0x154bbe7474b0>,32,2,[5 1],47,71,73,24,71
1,<environment.Job instance at 0x154bbe7479b0>,33,14,[2 5],48,71,85,23,71
1,<environment.Job instance at 0x154bbe7470f0>,34,3,[5 2],50,74,77,24,74
1,<environment.Job instance at 0x154bbe747550>,35,12,[1 5],51,82,94,31,78
1,<environment.Job instance at 0x154bbe747410>,36,13,[7 2],52,79,92,27,79
1,<environment.Job instance at 0x154bbe747a50>,37,3,[8 1],53,92,95,39,81
1,<environment.Job instance at 0x154bbe747190>,38,3,[2 6],56,85,88,29,83
1,<environment.Job instance at 0x154bbe747960>,39,18,[1 5],57,88,106,31,83
1,<environment.Job instance at 0x154bbe7475a0>,40,16,[1 5],61,94,110,33,89
1,<environment.Job instance at 0x154bf7337c80>,41,1,[1 9],62,106,107,44,89
1,<environment.Job instance at 0x154bf7337550>,42,3,[2 9],64,107,110,43,101
1,<environment.Job instance at 0x154bf7337050>,43,1,[10  2],65,101,102,36,101
1,<environment.Job instance at 0x154bf7337a50>,44,1,[5 2],66,102,103,36,101
1,<environment.Job instance at 0x154bf7337910>,45,26,[2 8],68,110,136,42,107
1,<environment.Job instance at 0x154bf7337140>,46,2,[ 1 10],70,136,138,66,109
1,<environment.Job instance at 0x154bf6a27370>,16,25,[12  1],19,151,176,132,151
1,<environment.Job instance at 0x154bec0eb820>,47,16,[ 2 10],72,220,236,148,220
1,<environment.Job instance at 0x154bf6c7a140>,13,2,[7 1],16,303,305,287,303
1,<environment.Job instance at 0x154bf6c7a280>,12,14,[2 8],15,537,551,522,537
1,<environment.Job instance at 0x154bbe45a820>,1,1,[5 1],3,3,4,0,3
1,<environment.Job instance at 0x154bbe45a4b0>,4,1,[10  2],8,8,9,0,8
1,<environment.Job instance at 0x154bef986e60>,8,1,[ 1 12],16,16,17,0,16
1,<environment.Job instance at 0x154bbebc3cd0>,12,1,[2 9],24,24,25,0,24
1,<environment.Job instance at 0x154bf692fdc0>,13,2,[7 2],25,25,27,0,25
1,<environment.Job instance at 0x154bbebbdeb0>,17,2,[7 1],31,1541,1543,1510,1541
1,<environment.Job instance at 0x154bef986410>,20,1,[8 1],35,2444,2445,2409,2444
1,<environment.Job instance at 0x154bbebd7230>,22,13,[8 2],37,2445,2458,2408,2444
1,<environment.Job instance at 0x154bbe503690>,23,18,[5 1],38,2444,2462,2406,2444
1,<environment.Job instance at 0x154bf16d3370>,24,15,[6 1],39,2458,2473,2419,2448
1,<environment.Job instance at 0x154bf16de640>,25,3,[6 2],40,2466,2469,2426,2466
1,<environment.Job instance at 0x154bf16d3500>,26,1,[6 2],41,2469,2470,2428,2466
1,<environment.Job instance at 0x154bf16a82d0>,27,17,[9 2],43,2470,2487,2427,2466
1,<environment.Job instance at 0x154bf2294b90>,28,1,[7 1],44,2487,2488,2443,2479
1,<environment.Job instance at 0x154bf2294fa0>,29,12,[2 8],45,2589,2601,2544,2589
1,<environment.Job instance at 0x154bf22946e0>,30,3,[ 1 10],46,2601,2604,2555,2596
1,<environment.Job instance at 0x154bf22944b0>,31,3,[1 5],47,2600,2603,2553,2600
1,<environment.Job instance at 0x154bf2294230>,32,3,[2 7],48,2604,2607,2556,2602
1,<environment.Job instance at 0x154bbe521730>,33,13,[2 5],49,2603,2616,2554,2603
1,<environment.Job instance at 0x154bbe521af0>,34,2,[2 8],50,2607,2609,2557,2603
1,<environment.Job instance at 0x154bbe521a50>,35,2,[5 1],51,2604,2606,2553,2603
1,<environment.Job instance at 0x154bf15cdbe0>,36,1,[6 2],56,2604,2605,2548,2603
1,<environment.Job instance at 0x154bbe521370>,37,1,[1 9],57,2609,2610,2552,2603
1,<environment.Job instance at 0x154bbebb6dc0>,38,3,[7 1],58,2606,2609,2548,2604
1,<environment.Job instance at 0x154bbebb60a0>,39,3,[7 2],59,2610,2613,2551,2610
1,<environment.Job instance at 0x154bbebb6e10>,40,14,[1 5],61,2610,2624,2549,2610
1,<environment.Job instance at 0x154bf25de0f0>,41,12,[2 6],63,2634,2646,2571,2634
1,<environment.Job instance at 0x154bf2156e10>,42,1,[9 1],65,2636,2637,2571,2636
1,<environment.Job instance at 0x154bbe54a870>,2,1,[8 1],4,4,5,0,4
1,<environment.Job instance at 0x154bf17f4230>,3,1,[1 5],6,6,7,0,6
1,<environment.Job instance at 0x154bbe4f2aa0>,4,1,[10  1],8,8,9,0,8
1,<environment.Job instance at 0x154bbe4f22d0>,5,1,[5 2],9,10,11,1,10
1,<environment.Job instance at 0x154bbe530c80>,7,25,[9 1],11,11,36,0,11
1,<environment.Job instance at 0x154bbe530320>,8,1,[10  2],13,36,37,23,13
1,<environment.Job instance at 0x154bbe5309b0>,9,21,[ 2 10],14,14,35,0,14
1,<environment.Job instance at 0x154bbe530d70>,10,21,[2 5],15,35,56,20,27
1,<environment.Job instance at 0x154bbe4e3730>,23,2,[5 2],31,49,51,18,49
1,<environment.Job instance at 0x154bec146370>,24,2,[5 1],32,49,51,17,49
1,<environment.Job instance at 0x154bf72ed370>,25,1,[1 7],33,49,50,16,49
1,<environment.Job instance at 0x154bbe6850f0>,26,17,[9 1],36,51,68,15,50
1,<environment.Job instance at 0x154bbe4c2190>,27,1,[6 2],37,56,57,19,50
1,<environment.Job instance at 0x154bbe689500>,28,1,[5 1],38,57,58,19,50
1,<environment.Job instance at 0x154bbe4c2870>,29,1,[2 6],40,50,51,10,50
1,<environment.Job instance at 0x154bbe530b40>,11,15,[5 2],16,320,335,304,320
1,<environment.Job instance at 0x154bbebcc640>,39,1,[8 2],53,1661,1662,1608,1661
1,<environment.Job instance at 0x154bbe3f50f0>,4,1,[6 1],7,12,13,5,12
1,<environment.Job instance at 0x154bf1675aa0>,0,3,[ 2 14],2,67,70,65,67
1,<environment.Job instance at 0x154bbe3f5460>,8,2,[7 2],15,70,72,55,67
1,<environment.Job instance at 0x154bbe3f53c0>,9,1,[1 5],17,70,71,53,67
1,<environment.Job instance at 0x154bbe3f5320>,11,27,[5 1],20,67,94,47,67
1,<environment.Job instance at 0x154bbe67d4b0>,2,1,[ 2 10],4,123,124,119,123
1,<environment.Job instance at 0x154bbe3f5690>,13,2,[1 9],22,124,126,102,124
1,<environment.Job instance at 0x154bbe3f5be0>,22,25,[6 1],35,2541,2566,2506,2541
1,<environment.Job instance at 0x154bbe3f5c30>,8,26,[1 6],11,11,37,0,11
1,<environment.Job instance at 0x154bbe728640>,10,23,[2 6],14,14,37,0,14
1,<environment.Job instance at 0x154bf16f7be0>,21,3,[12  1],29,30,33,1,30
1,<environment.Job instance at 0x154bf16f70a0>,23,2,[7 1],31,33,35,2,31
1,<environment.Job instance at 0x154bf16f79b0>,22,20,[8 1],30,35,55,5,34
1,<environment.Job instance at 0x154bf16f7f50>,27,1,[2 6],40,40,41,0,40
1,<environment.Job instance at 0x154bf01045a0>,29,1,[ 2 10],47,47,48,0,47
1,<environment.Job instance at 0x154bf732f370>,15,2,[7 2],21,162,164,141,162
1,<environment.Job instance at 0x154bf0104370>,32,3,[1 8],51,792,795,741,792
1,<environment.Job instance at 0x154bf0104a00>,33,1,[8 1],53,1629,1630,1576,1629
1,<environment.Job instance at 0x154bf0104c30>,35,12,[7 2],56,1658,1670,1602,1658
1,<environment.Job instance at 0x154bf0104730>,36,15,[ 2 10],62,1666,1681,1604,1666
1,<environment.Job instance at 0x154bf0104a50>,37,2,[5 2],63,1776,1778,1713,1776
1,<environment.Job instance at 0x154bf0104550>,38,2,[7 2],64,2289,2291,2225,2289
1,<environment.Job instance at 0x154bf01048c0>,39,2,[5 2],66,2369,2371,2303,2369
1,<environment.Job instance at 0x154bf0104cd0>,40,1,[ 2 10],67,2397,2398,2330,2397
1,<environment.Job instance at 0x154bf0104b40>,41,1,[6 2],68,2580,2581,2512,2580
1,<environment.Job instance at 0x154bf01040a0>,42,2,[ 1 12],69,2621,2623,2552,2621
1,<environment.Job instance at 0x154bf22b00f0>,4,2,[7 1],8,8,10,0,8
1,<environment.Job instance at 0x154bbe4a1b40>,5,21,[6 1],10,10,31,0,10
1,<environment.Job instance at 0x154bf22b0640>,8,1,[ 2 10],14,261,262,247,261
1,<environment.Job instance at 0x154bf17b0460>,13,27,[5 2],22,261,288,239,261
1,<environment.Job instance at 0x154bbe73ed20>,20,18,[9 1],33,281,299,248,281
1,<environment.Job instance at 0x154bf7336e10>,32,21,[9 1],51,304,325,253,304
1,<environment.Job instance at 0x154befed9870>,6,3,[ 2 13],12,321,324,309,321
1,<environment.Job instance at 0x154bf7336dc0>,35,2,[5 1],55,324,326,269,321
1,<environment.Job instance at 0x154bf7336280>,36,2,[ 2 10],56,325,327,269,321
1,<environment.Job instance at 0x154bf7336d20>,37,3,[5 1],57,325,328,268,321
1,<environment.Job instance at 0x154bf7336550>,38,1,[1 9],59,324,325,265,321
1,<environment.Job instance at 0x154bf73362d0>,39,1,[2 7],60,327,328,267,321
1,<environment.Job instance at 0x154bf73365f0>,40,2,[1 8],61,328,330,267,321
1,<environment.Job instance at 0x154bf7336eb0>,41,1,[1 9],63,330,331,267,321
1,<environment.Job instance at 0x154bbe5d0910>,42,2,[ 2 10],65,331,333,266,321
1,<environment.Job instance at 0x154bbe5d05a0>,43,3,[9 1],66,328,331,262,321
1,<environment.Job instance at 0x154bf897ae10>,45,20,[ 2 11],68,333,353,265,324
1,<environment.Job instance at 0x154bf897ac80>,47,3,[ 2 10],71,353,356,282,328
1,<environment.Job instance at 0x154bf6a06460>,65,17,[5 1],94,371,388,277,371
1,<environment.Job instance at 0x154bf6a06820>,69,26,[8 1],98,371,397,273,371
1,<environment.Job instance at 0x154bf6a065a0>,72,27,[6 1],101,388,415,287,386
1,<environment.Job instance at 0x154bf6a06aa0>,73,21,[9 2],102,397,418,295,389
1,<environment.Job instance at 0x154bbe4a12d0>,9,2,[2 8],15,415,417,400,414
1,<environment.Job instance at 0x154bf17b0a00>,10,1,[1 7],18,417,418,399,414
1,<environment.Job instance at 0x154bbe529820>,14,27,[1 9],23,454,481,431,454
1,<environment.Job instance at 0x154bbe73ec80>,0,1,[1 8],2,3,4,1,3
1,<environment.Job instance at 0x154bbe529820>,2,1,[6 1],5,5,6,0,5
1,<environment.Job instance at 0x154bf25ebbe0>,4,2,[1 7],9,10,12,1,10
1,<environment.Job instance at 0x154bf25ebb40>,6,1,[6 1],11,12,13,1,12
1,<environment.Job instance at 0x154bf88eaf50>,3,28,[14  1],8,16,44,8,16
1,<environment.Job instance at 0x154bf25ebd20>,10,2,[11  2],16,143,145,127,143
1,<environment.Job instance at 0x154bf25cf230>,13,2,[1 5],20,143,145,123,143
1,<environment.Job instance at 0x154bf25cf410>,14,1,[1 5],21,143,144,122,143
1,<environment.Job instance at 0x154bf25cf500>,19,1,[ 1 10],27,145,146,118,143
1,<environment.Job instance at 0x154bf25cf820>,20,1,[2 7],28,144,145,116,143
1,<environment.Job instance at 0x154bf25cf730>,21,2,[2 6],29,146,148,117,143
1,<environment.Job instance at 0x154bf25cf640>,23,2,[5 1],32,145,147,113,143
1,<environment.Job instance at 0x154bf25cf9b0>,24,2,[8 2],33,145,147,112,143
1,<environment.Job instance at 0x154bf25cf910>,25,2,[12  1],35,147,149,112,143
1,<environment.Job instance at 0x154bf25cfc80>,27,1,[2 8],37,148,149,111,147
1,<environment.Job instance at 0x154bf25cfcd0>,29,12,[2 9],39,152,164,113,152
1,<environment.Job instance at 0x154bf25cfd70>,30,15,[2 5],40,152,167,112,152
1,<environment.Job instance at 0x154bf25cfe10>,31,3,[1 6],41,164,167,123,152
1,<environment.Job instance at 0x154bf25cfb40>,32,2,[1 8],43,167,169,124,152
1,<environment.Job instance at 0x154bf25cff50>,33,17,[7 1],44,153,170,109,153
1,<environment.Job instance at 0x154bf25ebdc0>,7,15,[6 2],12,177,192,165,177
1,<environment.Job instance at 0x154bf25ea4b0>,41,2,[5 1],54,178,180,124,178
1,<environment.Job instance at 0x154bf25ea550>,42,2,[7 2],55,180,182,125,178
1,<environment.Job instance at 0x154bf25ea5f0>,43,1,[1 6],56,178,179,122,178
1,<environment.Job instance at 0x154bf25eaa50>,49,17,[8 1],67,193,210,126,193
1,<environment.Job instance at 0x154bf25ea370>,39,1,[1 6],52,215,216,163,215
1,<environment.Job instance at 0x154bf25eacd0>,54,1,[5 1],72,220,221,148,220
1,<environment.Job instance at 0x154bf25ead70>,55,12,[ 1 10],73,220,232,147,220
1,<environment.Job instance at 0x154bf25d3190>,63,1,[5 2],89,224,225,135,224
1,<environment.Job instance at 0x154bf25d32d0>,66,1,[2 8],93,234,235,141,234
1,<environment.Job instance at 0x154bf25d3730>,70,1,[ 1 10],98,235,236,137,235
1,<environment.Job instance at 0x154bf25d38c0>,71,26,[2 5],99,235,261,136,235
1,<environment.Job instance at 0x154bf25eaeb0>,57,1,[6 2],77,255,256,178,255
1,<environment.Job instance at 0x154bf25ebaf0>,5,3,[7 1],10,255,258,245,255
1,<environment.Job instance at 0x154bf25eaaa0>,50,1,[ 2 13],68,261,262,193,260
1,<environment.Job instance at 0x154bbea42cd0>,2,1,[2 8],4,14,15,10,14
1,<environment.Job instance at 0x154bbea42f00>,9,1,[1 9],15,15,16,0,15
1,<environment.Job instance at 0x154bbea42280>,10,3,[6 2],16,16,19,0,16
1,<environment.Job instance at 0x154bec157c30>,29,25,[9 1],43,166,191,123,166
1,<environment.Job instance at 0x154bf72f74b0>,12,1,[2 6],18,200,201,182,200
1,<environment.Job instance at 0x154bbea42870>,8,15,[ 2 10],14,863,878,849,863
1,<environment.Job instance at 0x154bbe1d3050>,42,1,[7 2],61,871,872,810,871
1,<environment.Job instance at 0x154bbe1d3b90>,43,3,[9 1],62,883,886,821,883
1,<environment.Job instance at 0x154bbe1d3e10>,45,1,[2 5],64,883,884,819,883
1,<environment.Job instance at 0x154bbe1d3c30>,46,2,[1 5],66,885,887,819,885
1,<environment.Job instance at 0x154bbe231be0>,47,3,[2 8],67,903,906,836,903
1,<environment.Job instance at 0x154bbe2319b0>,48,17,[10  1],68,910,927,842,910
1,<environment.Job instance at 0x154bbe231fa0>,49,26,[5 2],69,914,940,845,914
1,<environment.Job instance at 0x154bbe2314b0>,50,1,[8 2],70,930,931,860,930
1,<environment.Job instance at 0x154bbe2318c0>,51,2,[2 6],71,950,952,879,950
1,<environment.Job instance at 0x154bbe231320>,52,3,[1 9],72,966,969,894,966
1,<environment.Job instance at 0x154bbea42eb0>,5,2,[ 2 13],9,970,972,961,970
1,<environment.Job instance at 0x154bf72b7a50>,60,1,[ 1 10],85,975,976,890,975
1,<environment.Job instance at 0x154bf16d9780>,65,22,[2 9],93,981,1003,888,981
1,<environment.Job instance at 0x154bf16d9370>,70,1,[ 1 12],104,1003,1004,899,1002
1,<environment.Job instance at 0x154bf16d9690>,71,1,[10  2],105,1003,1004,898,1003
1,<environment.Job instance at 0x154bbe1d3af0>,44,15,[6 1],63,1012,1027,949,1012
1,<environment.Job instance at 0x154bbe231910>,53,2,[1 7],74,1028,1030,954,1028
1,<environment.Job instance at 0x154bbe1d3aa0>,41,2,[ 1 14],60,1094,1096,1034,1094
1,<environment.Job instance at 0x154bbe1d3aa0>,5,3,[8 1],7,14,17,7,14
1,<environment.Job instance at 0x154bbe1fd7d0>,7,3,[9 2],9,20,23,11,20
1,<environment.Job instance at 0x154bbe1fdc80>,6,2,[6 2],8,22,24,14,22
1,<environment.Job instance at 0x154bbe1fd2d0>,9,18,[8 1],18,72,90,54,72
1,<environment.Job instance at 0x154bf225b320>,11,1,[7 1],23,81,82,58,81
1,<environment.Job instance at 0x154bbe1fde60>,12,2,[2 6],24,101,103,77,101
1,<environment.Job instance at 0x154bbe1fdd20>,8,2,[1 6],16,116,118,100,116
1,<environment.Job instance at 0x154bbe1fde10>,10,2,[2 8],20,116,118,96,116
1,<environment.Job instance at 0x154bf225bc80>,15,2,[5 1],28,116,118,88,116
1,<environment.Job instance at 0x154bf7295c30>,16,3,[9 1],29,118,121,89,116
1,<environment.Job instance at 0x154bbe6302d0>,17,1,[7 2],30,121,122,91,116
1,<environment.Job instance at 0x154bf165c500>,18,17,[6 2],32,118,135,86,116
1,<environment.Job instance at 0x154bf7295eb0>,19,3,[9 2],34,128,131,94,128
1,<environment.Job instance at 0x154bf72956e0>,20,2,[2 5],35,131,133,96,129
1,<environment.Job instance at 0x154bf72954b0>,21,1,[1 9],36,133,134,97,129
1,<environment.Job instance at 0x154bbeac5a50>,22,3,[1 7],37,134,137,97,130
1,<environment.Job instance at 0x154bbeac54b0>,23,1,[1 8],38,131,132,93,130
1,<environment.Job instance at 0x154bf177fd70>,24,20,[7 2],39,132,152,93,130
1,<environment.Job instance at 0x154bf177fa50>,25,1,[1 9],40,140,141,100,140
1,<environment.Job instance at 0x154bf177f410>,26,2,[2 6],41,146,148,105,146
1,<environment.Job instance at 0x154bf225b2d0>,13,3,[6 2],26,147,150,121,147
1,<environment.Job instance at 0x154bf22e2f50>,27,3,[ 2 10],42,150,153,108,150
1,<environment.Job instance at 0x154befebdc30>,29,1,[8 1],46,152,153,106,150
1,<environment.Job instance at 0x154bbe1a2960>,30,3,[1 6],47,153,156,106,151
1,<environment.Job instance at 0x154bf184a730>,31,2,[1 6],48,153,155,105,151
1,<environment.Job instance at 0x154befebd0a0>,32,1,[2 5],49,155,156,106,151
1,<environment.Job instance at 0x154bf225beb0>,14,12,[2 9],27,1751,1763,1724,1751
1,<environment.Job instance at 0x154bbe982aa0>,34,1,[ 1 13],51,1800,1801,1749,1800
1,<environment.Job instance at 0x154bf09531e0>,36,1,[5 2],53,1809,1810,1756,1809
1,<environment.Job instance at 0x154bf2158320>,37,12,[2 9],54,2505,2517,2451,2505
1,<environment.Job instance at 0x154bbeb14370>,38,1,[11  1],63,2518,2519,2455,2518
1,<environment.Job instance at 0x154bf257bf50>,39,2,[5 1],64,2526,2528,2462,2526
1,<environment.Job instance at 0x154bf54db550>,40,2,[1 6],65,2555,2557,2490,2555
1,<environment.Job instance at 0x154bf184a820>,28,13,[2 8],43,2719,2732,2676,2719
1,<environment.Job instance at 0x154bf2158be0>,41,2,[1 8],66,2732,2734,2666,2731
1,<environment.Job instance at 0x154bf8916500>,43,18,[10  2],69,2758,2776,2689,2758
1,<environment.Job instance at 0x154bf89163c0>,42,1,[6 1],67,2776,2777,2709,2770
1,<environment.Job instance at 0x154bf89164b0>,44,1,[6 1],70,2790,2791,2720,2790
1,<environment.Job instance at 0x154bf8916870>,46,1,[1 5],72,2808,2809,2736,2808
1,<environment.Job instance at 0x154bbe982960>,35,12,[ 1 14],52,2947,2959,2895,2947
1,<environment.Job instance at 0x154bf8916780>,48,3,[5 1],74,2947,2950,2873,2947
1,<environment.Job instance at 0x154bf6a12a00>,49,3,[1 7],75,2959,2962,2884,2948
1,<environment.Job instance at 0x154bf6a12230>,50,3,[10  2],77,2959,2962,2882,2948
1,<environment.Job instance at 0x154bf6a12960>,51,17,[9 2],79,2962,2979,2883,2950
1,<environment.Job instance at 0x154bf6a25d70>,7,1,[10  1],8,8,9,0,8
1,<environment.Job instance at 0x154bf6a0d0f0>,9,1,[1 6],11,11,12,0,11
1,<environment.Job instance at 0x154bf6a0d9b0>,15,3,[1 8],18,445,448,427,445
1,<environment.Job instance at 0x154bf6a0dcd0>,20,13,[8 1],24,448,461,424,448
1,<environment.Job instance at 0x154bf6a0daf0>,17,3,[1 9],21,498,501,477,498
1,<environment.Job instance at 0x154bf6a0dd70>,21,3,[2 8],25,1176,1179,1151,1176
1,<environment.Job instance at 0x154bf2549fa0>,5,1,[8 1],9,10,11,1,10
1,<environment.Job instance at 0x154bbe8b6f00>,18,3,[1 7],33,116,119,83,116
1,<environment.Job instance at 0x154bbe8b6870>,22,16,[10  2],37,116,132,79,116
1,<environment.Job instance at 0x154bbe8b66e0>,23,2,[2 5],38,122,124,84,122
1,<environment.Job instance at 0x154bbe8b6780>,24,1,[1 7],39,122,123,83,122
1,<environment.Job instance at 0x154bbe8b65f0>,26,3,[2 9],42,124,127,82,123
1,<environment.Job instance at 0x154bbe8b6c30>,20,2,[10  1],35,132,134,97,123
1,<environment.Job instance at 0x154bbe8b68c0>,29,16,[5 2],46,127,143,81,123
1,<environment.Job instance at 0x154bbe5a7aa0>,35,1,[9 1],54,134,135,80,127
1,<environment.Job instance at 0x154bbe5a75f0>,31,1,[10  2],49,218,219,169,218
1,<environment.Job instance at 0x154bbe5a7640>,54,2,[1 7],81,266,268,185,266
1,<environment.Job instance at 0x154bbe8b6550>,19,1,[8 2],34,274,275,240,274
1,<environment.Job instance at 0x154bbe5b3550>,56,3,[6 1],84,732,735,648,732
1,<environment.Job instance at 0x154bbe5a72d0>,36,13,[ 2 11],55,825,838,770,825
1,<environment.Job instance at 0x154bbe5b3c30>,58,2,[5 1],87,825,827,738,825
1,<environment.Job instance at 0x154bbe5b3410>,59,3,[6 1],88,826,829,738,826
1,<environment.Job instance at 0x154bbe5b3140>,60,1,[10  1],89,829,830,740,826
1,<environment.Job instance at 0x154bbe5b35a0>,61,15,[7 1],90,830,845,740,826
1,<environment.Job instance at 0x154bbe5b3230>,62,3,[ 2 10],91,838,841,747,831
1,<environment.Job instance at 0x154bbe5b35f0>,55,2,[2 6],82,841,843,759,835
1,<environment.Job instance at 0x154bbe5b3820>,63,17,[2 9],93,964,981,871,964
1,<environment.Job instance at 0x154bbe5b34b0>,65,3,[2 9],95,981,984,886,968
1,<environment.Job instance at 0x154bbe5b3960>,66,3,[2 5],96,968,971,872,968
1,<environment.Job instance at 0x154bbe5b3500>,67,3,[1 7],97,984,987,887,969
1,<environment.Job instance at 0x154bbe5b32d0>,68,2,[2 6],98,971,973,873,969
1,<environment.Job instance at 0x154bbe5b30f0>,69,2,[5 2],99,973,975,874,971
1,<environment.Job instance at 0x154bbe5b37d0>,70,12,[ 1 10],100,996,1008,896,996
1,<environment.Job instance at 0x154bbe5b3dc0>,71,2,[1 5],101,996,998,895,996
1,<environment.Job instance at 0x154bbe5b31e0>,72,12,[5 1],102,998,1010,896,996
1,<environment.Job instance at 0x154bbe5b3640>,73,1,[10  1],103,1008,1009,905,997
1,<environment.Job instance at 0x154bbe5b3910>,74,3,[1 7],105,1009,1012,904,1001
1,<environment.Job instance at 0x154bbe5b3370>,75,1,[10  2],107,1010,1011,903,1001
1,<environment.Job instance at 0x154bbe5b3af0>,76,1,[6 1],109,1001,1002,892,1001
1,<environment.Job instance at 0x154bbe150690>,14,1,[1 5],21,21,22,0,21
1,<environment.Job instance at 0x154bbe150c30>,15,26,[2 7],22,22,48,0,22
1,<environment.Job instance at 0x154bf6941370>,33,1,[8 1],44,71,72,27,71
1,<environment.Job instance at 0x154bf69414b0>,30,1,[14  1],41,72,73,31,71
1,<environment.Job instance at 0x154bbe150e60>,19,1,[2 7],27,78,79,51,78
1,<environment.Job instance at 0x154bf6941230>,37,16,[6 1],50,83,99,33,83
1,<environment.Job instance at 0x154bf6941410>,38,1,[ 1 10],52,83,84,31,83
1,<environment.Job instance at 0x154bf6941fa0>,40,1,[8 2],56,83,84,27,83
1,<environment.Job instance at 0x154bf6941550>,41,3,[1 5],57,87,90,30,87
1,<environment.Job instance at 0x154bf6941dc0>,42,1,[10  1],59,99,100,40,87
1,<environment.Job instance at 0x154bf6941140>,43,3,[8 1],60,87,90,27,87
1,<environment.Job instance at 0x154bf6941c80>,44,2,[8 1],61,90,92,29,87
1,<environment.Job instance at 0x154bf6941500>,45,1,[5 2],62,92,93,30,87
1,<environment.Job instance at 0x154bbe9260a0>,51,1,[8 2],69,93,94,24,89
1,<environment.Job instance at 0x154bbe926d20>,52,2,[7 1],70,94,96,24,90
1,<environment.Job instance at 0x154bbe926f50>,53,1,[10  1],71,100,101,29,90
1,<environment.Job instance at 0x154bbe926910>,55,2,[1 8],73,90,92,17,90
1,<environment.Job instance at 0x154bbe926690>,58,2,[7 1],76,101,103,25,100
1,<environment.Job instance at 0x154bf738e910>,63,2,[2 5],83,112,114,29,112
1,<environment.Job instance at 0x154bf738ec30>,65,1,[8 1],87,112,113,25,112
1,<environment.Job instance at 0x154bbe54a140>,68,2,[5 2],90,125,127,35,125
1,<environment.Job instance at 0x154bf73e8e60>,70,1,[1 5],93,125,126,32,125
1,<environment.Job instance at 0x154bbe7f49b0>,78,1,[1 9],102,152,153,50,152
1,<environment.Job instance at 0x154bbe7f4640>,80,2,[1 8],105,173,175,68,173
1,<environment.Job instance at 0x154bf69413c0>,36,2,[6 1],49,199,201,150,199
1,<environment.Job instance at 0x154bbe150f50>,11,2,[9 1],18,210,212,192,210
1,<environment.Job instance at 0x154bbe55bcd0>,61,3,[ 1 11],81,259,262,178,259
1,<environment.Job instance at 0x154bbe19b1e0>,9,23,[1 5],14,14,37,0,14
1,<environment.Job instance at 0x154bbe19b780>,19,22,[5 1],26,27,49,1,27
1,<environment.Job instance at 0x154bbe1ab190>,25,1,[7 2],36,49,50,13,49
1,<environment.Job instance at 0x154bbe1ab0a0>,26,2,[2 8],37,49,51,12,49
1,<environment.Job instance at 0x154bbe1ab5f0>,29,1,[ 2 10],41,53,54,12,53
1,<environment.Job instance at 0x154bbe1ab640>,30,2,[6 2],42,53,55,11,53
1,<environment.Job instance at 0x154bbe1ab7d0>,32,2,[5 2],45,53,55,8,53
1,<environment.Job instance at 0x154bbe1ab820>,33,2,[8 1],46,55,57,9,53
1,<environment.Job instance at 0x154bbe1ab910>,34,2,[8 1],47,57,59,10,53
1,<environment.Job instance at 0x154bbe19b050>,12,1,[8 2],17,63,64,46,63
1,<environment.Job instance at 0x154bbe1abcd0>,38,3,[2 7],51,70,73,19,70
1,<environment.Job instance at 0x154bbe1abeb0>,40,2,[1 6],53,70,72,17,70
1,<environment.Job instance at 0x154bbe19b500>,14,1,[5 1],19,123,124,104,123
1,<environment.Job instance at 0x154bbe19b460>,13,2,[7 1],18,123,125,105,123
1,<environment.Job instance at 0x154bbe195690>,44,1,[6 1],57,125,126,68,125
1,<environment.Job instance at 0x154bbe1955f0>,43,13,[8 1],56,209,222,153,209
1,<environment.Job instance at 0x154bbe195910>,46,1,[5 1],59,315,316,256,315
1,<environment.Job instance at 0x154bbe1959b0>,47,3,[5 2],60,326,329,266,326
1,<environment.Job instance at 0x154bbe195640>,45,2,[ 1 10],58,400,402,342,400
1,<environment.Job instance at 0x154bbe195b90>,49,3,[5 2],65,507,510,442,507
1,<environment.Job instance at 0x154bbe195a50>,48,17,[6 2],64,508,525,444,508
1,<environment.Job instance at 0x154bbe195cd0>,51,2,[8 2],67,527,529,460,527
1,<environment.Job instance at 0x154bbe195c30>,50,15,[10  2],66,553,568,487,553
1,<environment.Job instance at 0x154bbe195d70>,52,2,[11  1],68,596,598,528,596
1,<environment.Job instance at 0x154bbe195eb0>,54,12,[1 8],70,608,620,538,608
1,<environment.Job instance at 0x154bbe195e10>,53,1,[8 2],69,758,759,689,758
1,<environment.Job instance at 0x154bbe18f410>,56,3,[9 1],74,871,874,797,871
1,<environment.Job instance at 0x154bbe182be0>,57,14,[2 5],76,932,946,856,932
1,<environment.Job instance at 0x154bbe182d20>,58,2,[1 8],77,1132,1134,1055,1132
1,<environment.Job instance at 0x154bbe182a50>,59,1,[5 1],78,1330,1331,1252,1330
1,<environment.Job instance at 0x154bbe195460>,41,16,[1 9],54,2248,2264,2194,2248
1,<environment.Job instance at 0x154bbe182af0>,61,2,[8 1],81,2248,2250,2167,2248
1,<environment.Job instance at 0x154bbe182a00>,62,2,[6 2],83,2248,2250,2165,2248
1,<environment.Job instance at 0x154bbe1820f0>,63,2,[1 5],84,2250,2252,2166,2249
1,<environment.Job instance at 0x154bbe1823c0>,64,2,[9 2],85,2252,2254,2167,2249
1,<environment.Job instance at 0x154bbe182aa0>,65,1,[9 1],88,2250,2251,2162,2249
1,<environment.Job instance at 0x154bbe182370>,66,2,[9 1],89,2254,2256,2165,2249
1,<environment.Job instance at 0x154bbe182500>,67,2,[6 2],90,2256,2258,2166,2249
1,<environment.Job instance at 0x154bbe182230>,68,2,[2 9],92,2264,2266,2172,2249
1,<environment.Job instance at 0x154bbe182870>,69,17,[2 9],93,2540,2557,2447,2540
1,<environment.Job instance at 0x154bec090050>,70,3,[7 1],94,2541,2544,2447,2541
1,<environment.Job instance at 0x154bec090d70>,71,2,[ 1 10],95,2557,2559,2462,2542
1,<environment.Job instance at 0x154bbe578c30>,72,2,[ 1 11],97,2559,2561,2462,2543
1,<environment.Job instance at 0x154bbe8cbaa0>,73,2,[1 8],98,2561,2563,2463,2543
1,<environment.Job instance at 0x154bbeb33d20>,55,28,[ 2 10],71,2633,2661,2562,2633
1,<environment.Job instance at 0x154bf69c0af0>,75,1,[1 5],100,2666,2667,2566,2666
1,<environment.Job instance at 0x154bbe8cbf50>,74,16,[ 1 12],99,2668,2684,2569,2668
1,<environment.Job instance at 0x154bf54a7f00>,77,12,[7 2],102,2668,2680,2566,2668
1,<environment.Job instance at 0x154bf69b9690>,78,1,[2 5],104,2684,2685,2580,2669
1,<environment.Job instance at 0x154bbe427be0>,79,17,[ 1 10],106,2717,2734,2611,2717
1,<environment.Job instance at 0x154bbe522f00>,80,3,[1 6],109,2734,2737,2625,2720
1,<environment.Job instance at 0x154bbe40efa0>,3,3,[7 2],5,6,9,1,6
1,<environment.Job instance at 0x154bf69a2140>,12,26,[5 2],22,23,49,1,23
1,<environment.Job instance at 0x154bf69a21e0>,17,12,[6 1],30,32,44,2,32
1,<environment.Job instance at 0x154bbe53f730>,27,2,[1 5],44,57,59,13,57
1,<environment.Job instance at 0x154bbe5444b0>,46,2,[14  2],74,133,135,59,133
1,<environment.Job instance at 0x154bbe544370>,48,1,[14  2],76,135,136,59,133
1,<environment.Job instance at 0x154bbe544190>,49,2,[6 2],77,136,138,59,133
1,<environment.Job instance at 0x154bbe53f2d0>,22,1,[9 1],38,136,137,98,133
1,<environment.Job instance at 0x154bef96d640>,52,3,[6 2],80,137,140,57,133
1,<environment.Job instance at 0x154bbe864410>,53,3,[5 2],82,138,141,56,133
1,<environment.Job instance at 0x154bbe864a50>,54,2,[1 8],83,133,135,50,133
1,<environment.Job instance at 0x154bbe864140>,56,2,[2 8],87,137,139,50,134
1,<environment.Job instance at 0x154bbe864550>,57,14,[2 8],88,139,153,51,134
1,<environment.Job instance at 0x154bbe864cd0>,60,13,[8 1],94,140,153,46,134
1,<environment.Job instance at 0x154bbe864910>,61,2,[10  1],95,153,155,58,134
1,<environment.Job instance at 0x154bbe864e60>,62,18,[8 1],97,155,173,58,144
1,<environment.Job instance at 0x154bbe864be0>,63,1,[6 2],98,155,156,57,144
1,<environment.Job instance at 0x154bbe864e10>,64,1,[6 1],99,156,157,57,144
1,<environment.Job instance at 0x154bbe8640a0>,65,1,[8 1],100,173,174,73,145
1,<environment.Job instance at 0x154bbe3a9aa0>,66,1,[5 1],103,145,146,42,145
1,<environment.Job instance at 0x154bbe3a9870>,67,2,[1 9],104,153,155,49,145
1,<environment.Job instance at 0x154bbe3a90a0>,69,2,[7 1],108,157,159,49,145
1,<environment.Job instance at 0x154bbe864fa0>,59,17,[7 2],91,159,176,68,159
1,<environment.Job instance at 0x154bef96d140>,51,2,[1 9],79,174,176,95,159
1,<environment.Job instance at 0x154bbe53f460>,21,1,[5 2],37,174,175,137,163
1,<environment.Job instance at 0x154bbe53f6e0>,23,23,[9 1],40,176,199,136,171
1,<environment.Job instance at 0x154bbe53f1e0>,1,1,[ 2 10],2,2,3,0,2
1,<environment.Job instance at 0x154bbe464280>,5,2,[ 1 10],10,10,12,0,10
1,<environment.Job instance at 0x154bbe4641e0>,7,1,[1 6],12,12,13,0,12
1,<environment.Job instance at 0x154bbe4643c0>,8,1,[1 8],13,13,14,0,13
1,<environment.Job instance at 0x154bbe464870>,11,2,[14  1],17,22,24,5,22
1,<environment.Job instance at 0x154bbe464e10>,17,2,[1 8],26,26,28,0,26
1,<environment.Job instance at 0x154bbe43d190>,20,1,[10  2],29,29,30,0,29
1,<environment.Job instance at 0x154bbe464fa0>,19,1,[2 9],28,33,34,5,33
1,<environment.Job instance at 0x154bbe43dd20>,29,14,[7 1],49,51,65,2,51
1,<environment.Job instance at 0x154bf19225f0>,36,17,[1 9],61,61,78,0,61
1,<environment.Job instance at 0x154bf19227d0>,38,1,[8 1],63,65,66,2,65
1,<environment.Job instance at 0x154bf1922870>,39,1,[6 1],64,65,66,1,65
1,<environment.Job instance at 0x154bf1922af0>,40,1,[1 9],68,78,79,10,68
1,<environment.Job instance at 0x154bf19226e0>,37,3,[1 6],62,143,146,81,143
1,<environment.Job instance at 0x154bbe4648c0>,13,1,[5 2],21,190,191,169,190
1,<environment.Job instance at 0x154bbe464a00>,14,18,[10  2],22,211,229,189,211
1,<environment.Job instance at 0x15253a893cd0>,3,1,[6 2],4,4,5,0,4
1,<environment.Job instance at 0x15253a8f17d0>,9,2,[6 1],11,11,13,0,11
1,<environment.Job instance at 0x15253a8d9e10>,15,1,[ 1 10],20,20,21,0,20
1,<environment.Job instance at 0x152538de7c80>,16,1,[2 5],21,21,22,0,21
1,<environment.Job instance at 0x15253a82d280>,26,1,[2 7],35,35,36,0,35
1,<environment.Job instance at 0x15253a7e0af0>,27,2,[2 7],36,38,40,2,38
1,<environment.Job instance at 0x15253a8bc0f0>,28,2,[2 7],37,38,40,1,38
1,<environment.Job instance at 0x15253a8b3c30>,33,1,[2 7],43,45,46,2,45
1,<environment.Job instance at 0x15253a8bc050>,23,2,[8 1],31,369,371,338,369
1,<environment.Job instance at 0x15253a8237d0>,35,2,[1 8],45,576,578,531,576
1,<environment.Job instance at 0x152538dec8c0>,36,3,[10  2],48,621,624,573,621
1,<environment.Job instance at 0x15253a827640>,37,2,[ 1 10],50,785,787,735,785
1,<environment.Job instance at 0x152538e01fa0>,38,1,[8 1],51,1164,1165,1113,1164
1,<environment.Job instance at 0x15253a591b40>,39,3,[1 5],52,1507,1510,1455,1507
1,<environment.Job instance at 0x1525390db410>,40,3,[1 6],53,1673,1676,1620,1673
1,<environment.Job instance at 0x152538e092d0>,41,25,[12  2],54,1731,1756,1677,1731
1,<environment.Job instance at 0x152538de9cd0>,42,1,[10  1],56,1798,1799,1742,1798
1,<environment.Job instance at 0x15253a8bc2d0>,21,3,[6 1],29,1825,1828,1796,1825
1,<environment.Job instance at 0x152538ba2780>,43,3,[7 2],57,2404,2407,2347,2404
1,<environment.Job instance at 0x152538bc0d20>,2,1,[1 5],3,4,5,1,4
1,<environment.Job instance at 0x152538bc0910>,7,2,[14  1],10,34,36,24,34
1,<environment.Job instance at 0x152538bc03c0>,9,3,[2 8],12,36,39,24,34
1,<environment.Job instance at 0x152538e3c230>,17,1,[ 2 10],22,39,40,17,37
1,<environment.Job instance at 0x152538e3c460>,18,1,[ 2 14],23,40,41,17,37
1,<environment.Job instance at 0x152538bc00f0>,10,12,[9 2],14,1576,1588,1562,1576
1,<environment.Job instance at 0x15253a82c0a0>,34,1,[1 8],46,2187,2188,2141,2187
1,<environment.Job instance at 0x152538bc08c0>,11,15,[10  2],15,2222,2237,2207,2222
1,<environment.Job instance at 0x15253a82c9b0>,36,3,[7 2],48,2344,2347,2296,2344
1,<environment.Job instance at 0x15253a82c6e0>,35,15,[1 6],47,2677,2692,2630,2677
1,<environment.Job instance at 0x15253a82c280>,37,2,[1 8],49,2927,2929,2878,2927
1,<environment.Job instance at 0x1524f3b75dc0>,5,1,[2 8],12,12,13,0,12
1,<environment.Job instance at 0x1524f3bea9b0>,8,2,[2 5],18,18,20,0,18
1,<environment.Job instance at 0x1524f3bea5a0>,11,1,[7 2],23,23,24,0,23
1,<environment.Job instance at 0x1524f3bea780>,12,2,[5 2],24,24,26,0,24
1,<environment.Job instance at 0x1524f3bea6e0>,17,13,[ 1 11],31,304,317,273,304
1,<environment.Job instance at 0x1524f3bea1e0>,23,3,[1 5],39,319,322,280,319
1,<environment.Job instance at 0x15253406bb40>,24,21,[ 2 13],40,351,372,311,351
1,<environment.Job instance at 0x15253406b2d0>,25,1,[2 8],41,393,394,352,393
1,<environment.Job instance at 0x15253406bd70>,26,1,[7 1],42,445,446,403,445
1,<environment.Job instance at 0x15253406b230>,27,18,[5 2],43,469,487,426,469
1,<environment.Job instance at 0x15253406b960>,28,2,[8 2],45,479,481,434,479
1,<environment.Job instance at 0x15253406b500>,29,3,[1 7],46,524,527,478,524
1,<environment.Job instance at 0x15253406b9b0>,30,18,[8 1],47,525,543,478,525
1,<environment.Job instance at 0x15253406b460>,31,1,[5 2],48,541,542,493,541
1,<environment.Job instance at 0x1524f3beaf00>,18,2,[6 2],32,550,552,518,550
1,<environment.Job instance at 0x15253406ba50>,32,1,[1 8],49,597,598,548,597
1,<environment.Job instance at 0x15253406beb0>,34,2,[5 2],52,609,611,557,609
1,<environment.Job instance at 0x15253406b870>,35,2,[1 7],54,630,632,576,630
1,<environment.Job instance at 0x15253406ba00>,36,2,[5 2],55,633,635,578,633
1,<environment.Job instance at 0x1524f3beac30>,13,2,[ 2 12],26,649,651,623,649
1,<environment.Job instance at 0x1524f3bead20>,22,3,[ 1 13],36,651,654,615,650
1,<environment.Job instance at 0x15253406bdc0>,41,17,[7 1],62,650,667,588,650
1,<environment.Job instance at 0x152534061b90>,53,21,[7 2],80,655,676,575,655
1,<environment.Job instance at 0x152534061230>,56,1,[6 1],83,667,668,584,659
1,<environment.Job instance at 0x1525340611e0>,57,3,[5 1],84,668,671,584,659
1,<environment.Job instance at 0x152534061d20>,58,3,[1 7],89,659,662,570,659
1,<environment.Job instance at 0x1525340616e0>,59,12,[7 1],91,671,683,580,659
1,<environment.Job instance at 0x152534061c30>,61,2,[10  1],93,683,685,590,659
1,<environment.Job instance at 0x152534061460>,62,3,[1 9],94,662,665,568,659
1,<environment.Job instance at 0x1525340c4c30>,63,3,[1 8],98,665,668,567,659
1,<environment.Job instance at 0x1525340c4dc0>,64,2,[2 7],101,668,670,567,659
1,<environment.Job instance at 0x1525340c4d20>,65,2,[9 2],102,685,687,583,659
1,<environment.Job instance at 0x1525340c4960>,66,3,[5 2],103,676,679,573,659
1,<environment.Job instance at 0x1525340619b0>,60,20,[8 2],92,687,707,595,678
1,<environment.Job instance at 0x15253406b0f0>,38,12,[7 1],58,703,715,645,703
1,<environment.Job instance at 0x15253406b410>,33,3,[1 7],50,707,710,657,706
1,<environment.Job instance at 0x15253406b820>,37,1,[1 6],57,761,762,704,761
1,<environment.Job instance at 0x1525340c40f0>,76,17,[10  1],118,845,862,727,845
1,<environment.Job instance at 0x15257b77f8c0>,0,1,[6 2],1,3,4,2,3
1,<environment.Job instance at 0x152542342f50>,5,2,[1 6],12,185,187,173,185
1,<environment.Job instance at 0x1525423488c0>,11,3,[ 2 10],20,201,204,181,201
1,<environment.Job instance at 0x15253f8f6d70>,18,2,[ 1 10],29,205,207,176,205
1,<environment.Job instance at 0x152542348910>,6,1,[1 9],13,207,208,194,207
1,<environment.Job instance at 0x15253f8f6190>,19,3,[10  2],30,210,213,180,210
1,<environment.Job instance at 0x15253f8f6aa0>,22,18,[6 2],36,213,231,177,210
1,<environment.Job instance at 0x152541c9cc30>,40,26,[9 1],64,249,275,185,249
1,<environment.Job instance at 0x152542348820>,7,3,[1 8],14,354,357,340,354
1,<environment.Job instance at 0x15253f8f6370>,23,16,[1 5],38,355,371,317,355
1,<environment.Job instance at 0x15253f9e3dc0>,55,3,[2 9],87,367,370,280,367
1,<environment.Job instance at 0x152541992cd0>,59,3,[2 8],92,370,373,278,369
1,<environment.Job instance at 0x152541992dc0>,60,1,[1 8],95,373,374,278,370
1,<environment.Job instance at 0x15253f8f6870>,20,2,[2 9],31,410,412,379,410
1,<environment.Job instance at 0x1524f3959910>,75,2,[6 1],114,420,422,306,420
1,<environment.Job instance at 0x1524f3959370>,76,3,[10  1],116,432,435,316,432
1,<environment.Job instance at 0x1524f3959f00>,77,3,[10  2],117,435,438,318,435
1,<environment.Job instance at 0x15253f9e3550>,53,2,[1 5],85,456,458,371,456
1,<environment.Job instance at 0x15253f97f0a0>,2,15,[ 1 11],7,2295,2310,2288,2295
1,<environment.Job instance at 0x1524f3959dc0>,74,14,[14  1],112,2305,2319,2193,2305
1,<environment.Job instance at 0x152541992fa0>,1,1,[1 5],2,2,3,0,2
1,<environment.Job instance at 0x1524f3559b90>,23,2,[ 1 10],30,1346,1348,1316,1346
1,<environment.Job instance at 0x1524f36ec960>,47,1,[2 6],61,2729,2730,2668,2729
1,<environment.Job instance at 0x15253b29ba00>,8,1,[10  2],15,15,16,0,15
1,<environment.Job instance at 0x15253408ee10>,12,16,[ 2 10],22,61,77,39,61
1,<environment.Job instance at 0x1524f371bfa0>,31,3,[9 2],52,61,64,9,61
1,<environment.Job instance at 0x1524f371baa0>,32,2,[5 1],53,64,66,11,61
1,<environment.Job instance at 0x1524f371bc80>,29,2,[6 1],49,757,759,708,757
1,<environment.Job instance at 0x1524f38fc230>,2,1,[9 1],5,5,6,0,5
1,<environment.Job instance at 0x1524f35028c0>,4,25,[8 1],9,9,34,0,9
1,<environment.Job instance at 0x1524f3502280>,10,1,[10  2],17,34,35,17,33
1,<environment.Job instance at 0x15254037ce10>,19,1,[ 1 10],29,33,34,4,33
1,<environment.Job instance at 0x15253a5a8e60>,20,19,[2 5],30,36,55,6,36
1,<environment.Job instance at 0x152538bbfd20>,40,1,[8 1],54,79,80,25,79
1,<environment.Job instance at 0x152534061050>,42,1,[10  1],58,80,81,22,79
1,<environment.Job instance at 0x1525340611e0>,45,25,[9 1],61,94,119,33,94
1,<environment.Job instance at 0x152542356dc0>,48,21,[2 5],65,95,116,30,95
1,<environment.Job instance at 0x15254234d370>,53,2,[2 9],71,121,123,50,121
1,<environment.Job instance at 0x1525340eb5a0>,54,2,[1 5],72,121,123,49,121
1,<environment.Job instance at 0x1524f3802050>,57,1,[9 1],76,130,131,54,130
1,<environment.Job instance at 0x152538ec3eb0>,58,17,[2 5],77,130,147,53,130
1,<environment.Job instance at 0x1524f34f1f50>,61,2,[5 2],81,131,133,50,130
1,<environment.Job instance at 0x1524f34f1730>,62,2,[5 1],82,131,133,49,130
1,<environment.Job instance at 0x15254254baf0>,63,1,[1 7],83,130,131,47,130
1,<environment.Job instance at 0x1524f3b94140>,72,2,[9 2],96,149,151,53,149
1,<environment.Job instance at 0x1524f38570a0>,73,3,[5 1],97,149,152,52,149
1,<environment.Job instance at 0x1524f3a81280>,74,2,[ 1 10],98,149,151,51,149
1,<environment.Job instance at 0x1524f3857370>,75,13,[2 6],99,151,164,52,151
1,<environment.Job instance at 0x1525422cf320>,77,1,[8 2],103,151,152,48,151
1,<environment.Job instance at 0x152534033b90>,78,17,[7 1],104,152,169,48,151
1,<environment.Job instance at 0x1525390d7730>,79,17,[2 7],105,152,169,47,151
1,<environment.Job instance at 0x15253f8f05f0>,81,16,[6 1],107,164,180,57,159
1,<environment.Job instance at 0x1524f352f190>,82,1,[8 2],108,169,170,61,159
1,<environment.Job instance at 0x1524f3ac90a0>,83,1,[5 2],109,170,171,61,159
1,<environment.Job instance at 0x1524f352f550>,84,1,[7 1],110,171,172,61,159
1,<environment.Job instance at 0x1524f3ac9c30>,85,1,[1 8],111,169,170,58,159
1,<environment.Job instance at 0x15253b20da00>,86,2,[6 2],112,172,174,60,159
1,<environment.Job instance at 0x15253b20d910>,88,1,[6 2],115,174,175,59,170
1,<environment.Job instance at 0x15253a8da6e0>,89,3,[8 2],116,175,178,59,170
1,<environment.Job instance at 0x15253995f9b0>,90,2,[ 1 10],118,170,172,52,170
1,<environment.Job instance at 0x152541a735a0>,23,2,[6 2],33,852,854,819,852
1,<environment.Job instance at 0x1524f3857a00>,76,17,[12  1],100,1256,1273,1156,1256
1,<environment.Job instance at 0x1524f3502cd0>,11,2,[7 2],18,1273,1275,1255,1266
1,<environment.Job instance at 0x1524f34d1410>,4,1,[13  1],5,6,7,1,6
1,<environment.Job instance at 0x15253a6c1190>,6,1,[5 1],7,7,8,0,7
1,<environment.Job instance at 0x1525402c5960>,13,22,[8 1],15,15,37,0,15
1,<environment.Job instance at 0x1525418e96e0>,23,2,[10  1],27,37,39,10,36
1,<environment.Job instance at 0x152538e8d7d0>,30,1,[8 1],37,39,40,2,37
1,<environment.Job instance at 0x15254039daf0>,29,19,[1 5],36,37,56,1,37
1,<environment.Job instance at 0x152538e58370>,35,1,[ 2 10],44,66,67,22,66
1,<environment.Job instance at 0x152538e589b0>,36,2,[7 2],46,69,71,23,69
1,<environment.Job instance at 0x152538e58c80>,37,1,[6 1],47,71,72,24,71
1,<environment.Job instance at 0x152538e58320>,38,2,[6 1],49,73,75,24,73
1,<environment.Job instance at 0x15253b4e62d0>,44,27,[5 1],60,111,138,51,111
1,<environment.Job instance at 0x1525403a6aa0>,25,1,[ 1 14],30,129,130,99,129
1,<environment.Job instance at 0x1525402bfb40>,24,22,[2 6],29,130,152,101,129
1,<environment.Job instance at 0x152538e58410>,33,3,[ 2 14],42,162,165,120,162
1,<environment.Job instance at 0x1524f3536280>,48,1,[1 8],64,165,166,101,162
1,<environment.Job instance at 0x152538e7f2d0>,49,1,[2 9],66,166,167,100,162
1,<environment.Job instance at 0x1524f3751320>,51,1,[6 1],70,162,163,92,162
1,<environment.Job instance at 0x152538e5c780>,52,1,[7 2],72,165,166,93,163
1,<environment.Job instance at 0x1524f35362d0>,47,14,[1 6],63,166,180,103,164
1,<environment.Job instance at 0x152538e5c280>,53,2,[2 7],73,167,169,94,164
1,<environment.Job instance at 0x1524f36abf00>,55,25,[6 1],75,167,192,92,164
1,<environment.Job instance at 0x1524f36ab870>,54,3,[2 5],74,201,204,127,201
1,<environment.Job instance at 0x1524f3536910>,46,2,[1 9],62,208,210,146,208
1,<environment.Job instance at 0x15253a70c4b0>,58,3,[10  1],81,253,256,172,253
1,<environment.Job instance at 0x15253a70c370>,57,1,[10  1],78,284,285,206,284
1,<environment.Job instance at 0x1524f36b4fa0>,60,3,[9 2],83,365,368,282,365
1,<environment.Job instance at 0x1524f35785a0>,62,1,[8 2],87,368,369,281,367
1,<environment.Job instance at 0x15253b4e02d0>,63,22,[2 5],89,367,389,278,367
1,<environment.Job instance at 0x152538e88e60>,66,26,[ 2 13],93,389,415,296,386
1,<environment.Job instance at 0x1524f36b4f50>,61,1,[1 9],84,415,416,331,408
1,<environment.Job instance at 0x152538e5faf0>,69,2,[12  1],97,412,414,315,412
1,<environment.Job instance at 0x152538e5dd70>,73,1,[8 1],102,414,415,312,413
1,<environment.Job instance at 0x152538e5d230>,77,1,[6 2],107,415,416,308,413
1,<environment.Job instance at 0x152538e5dcd0>,78,2,[ 1 10],108,416,418,308,413
1,<environment.Job instance at 0x152538e5d870>,79,2,[2 7],109,418,420,309,413
1,<environment.Job instance at 0x152538e5d280>,81,3,[10  1],112,416,419,304,413
1,<environment.Job instance at 0x152538e5dd20>,82,17,[1 8],118,419,436,301,413
1,<environment.Job instance at 0x152538e5ff50>,70,15,[2 5],99,432,447,333,432
1,<environment.Job instance at 0x1524f36b4050>,59,2,[ 2 10],82,436,438,354,436
1,<environment.Job instance at 0x15253b4e61e0>,45,15,[14  1],61,450,465,389,450
1,<environment.Job instance at 0x15253b4e69b0>,3,2,[ 1 11],7,9,11,2,9
1,<environment.Job instance at 0x1524f33f9e10>,5,1,[1 8],10,11,12,1,10
1,<environment.Job instance at 0x1524f33fd280>,9,28,[5 2],14,18,46,4,18
1,<environment.Job instance at 0x1524f337f050>,24,1,[1 9],31,32,33,1,32
1,<environment.Job instance at 0x1524f337f780>,26,1,[6 1],33,33,34,0,33
1,<environment.Job instance at 0x1524f337f960>,27,3,[5 2],34,34,37,0,34
1,<environment.Job instance at 0x1524f337faa0>,28,16,[7 1],35,37,53,2,35
1,<environment.Job instance at 0x1524f337fbe0>,29,2,[8 2],36,46,48,10,36
1,<environment.Job instance at 0x1524f337fd20>,30,1,[9 2],37,53,54,16,37
1,<environment.Job instance at 0x1524f337fe60>,31,2,[1 7],38,40,42,2,40
1,<environment.Job instance at 0x1524f337ffa0>,32,26,[1 6],41,48,74,7,45
1,<environment.Job instance at 0x1524f337feb0>,34,23,[2 6],44,49,72,5,49
1,<environment.Job instance at 0x1524f3381230>,35,23,[9 1],46,54,77,8,49
1,<environment.Job instance at 0x1524f33810f0>,38,1,[8 2],49,77,78,28,49
1,<environment.Job instance at 0x1524f3381a00>,41,2,[10  1],54,78,80,24,54
1,<environment.Job instance at 0x1524f3381c80>,42,1,[9 1],55,80,81,25,55
1,<environment.Job instance at 0x1524f33fdaf0>,17,12,[6 2],23,101,113,78,101
1,<environment.Job instance at 0x1524f33fd820>,12,3,[ 2 14],17,128,131,111,128
1,<environment.Job instance at 0x1524f3381d70>,45,3,[12  1],59,164,167,105,164
1,<environment.Job instance at 0x1524f33fd5f0>,13,1,[5 1],18,167,168,149,164
1,<environment.Job instance at 0x1524f3383320>,51,1,[2 6],70,164,165,94,164
1,<environment.Job instance at 0x1524f33835a0>,53,1,[ 2 10],77,165,166,88,164
1,<environment.Job instance at 0x1524f3381d20>,46,20,[8 1],60,211,231,151,211
1,<environment.Job instance at 0x1524f3383550>,56,3,[1 8],81,236,239,155,236
1,<environment.Job instance at 0x1524f3383780>,57,1,[8 1],83,260,261,177,260
1,<environment.Job instance at 0x1524f33fd910>,15,1,[8 1],20,282,283,262,282
1,<environment.Job instance at 0x1524f3383690>,58,16,[9 1],84,296,312,212,296
1,<environment.Job instance at 0x1524f3383960>,60,15,[ 2 10],92,329,344,237,329
1,<environment.Job instance at 0x1524f3383910>,61,2,[5 2],93,369,371,276,369
1,<environment.Job instance at 0x1524f3383870>,62,2,[7 2],94,419,421,325,419
1,<environment.Job instance at 0x1524f3383af0>,63,2,[5 2],96,447,449,351,447
1,<environment.Job instance at 0x1524f3383b40>,64,1,[ 2 10],97,479,480,382,479
1,<environment.Job instance at 0x1524f3383be0>,65,1,[6 2],98,522,523,424,522
1,<environment.Job instance at 0x1524f3383b90>,66,2,[ 1 12],99,538,540,439,538
1,<environment.Job instance at 0x1524f3383d20>,67,16,[2 9],100,599,615,499,599
1,<environment.Job instance at 0x1524f3383c30>,68,2,[5 2],101,710,712,609,710
1,<environment.Job instance at 0x1524f33832d0>,52,2,[9 2],73,746,748,673,746
1,<environment.Job instance at 0x1524f3383e10>,69,21,[5 1],102,842,863,740,842
1,<environment.Job instance at 0x1524f3383eb0>,71,3,[8 2],105,915,918,810,915
1,<environment.Job instance at 0x1524f33837d0>,59,12,[7 2],86,926,938,840,926
1,<environment.Job instance at 0x1524f33850f0>,72,1,[ 2 10],106,1014,1015,908,1014
1,<environment.Job instance at 0x1524f3385190>,74,2,[8 1],108,1015,1017,907,1015
1,<environment.Job instance at 0x1524f3385230>,75,1,[2 7],110,1062,1063,952,1062
1,<environment.Job instance at 0x1524f3385370>,76,2,[1 8],111,1100,1102,989,1100
1,<environment.Job instance at 0x1524f3385460>,77,13,[7 1],112,1171,1184,1059,1171
1,<environment.Job instance at 0x1524f33854b0>,78,3,[ 2 10],115,1185,1188,1070,1185
1,<environment.Job instance at 0x1524f3385640>,79,2,[2 7],116,1289,1291,1173,1289
1,<environment.Job instance at 0x1524f3385550>,80,22,[ 2 10],117,1457,1479,1340,1457
1,<environment.Job instance at 0x1524f33855f0>,81,2,[10  2],118,1564,1566,1446,1564
1,<environment.Job instance at 0x1524f3385730>,82,2,[1 7],119,1573,1575,1454,1573
1,<environment.Job instance at 0x1524f33850a0>,73,2,[1 6],107,1999,2001,1892,1999
1,<environment.Job instance at 0x1524f33850a0>,1,1,[7 1],4,4,5,0,4
1,<environment.Job instance at 0x1524f338aaf0>,4,3,[6 1],7,8,11,1,8
1,<environment.Job instance at 0x1524f3b0c410>,6,1,[7 1],9,9,10,0,9
1,<environment.Job instance at 0x15253a7a65f0>,7,1,[2 6],12,12,13,0,12
1,<environment.Job instance at 0x1524f3b0ce10>,9,1,[5 1],14,14,15,0,14
1,<environment.Job instance at 0x1524f3b0c4b0>,11,1,[6 1],16,16,17,0,16
1,<environment.Job instance at 0x1524f3b0caa0>,16,3,[2 6],27,27,30,0,27
1,<environment.Job instance at 0x1524f3b0ca50>,17,2,[7 1],28,28,30,0,28
1,<environment.Job instance at 0x1524f368faf0>,18,21,[6 1],30,30,51,0,30
1,<environment.Job instance at 0x1524f389d5f0>,23,1,[1 7],38,220,221,182,220
1,<environment.Job instance at 0x1524f368f0f0>,21,1,[ 2 10],34,222,223,188,222
1,<environment.Job instance at 0x1524f368f0a0>,19,3,[ 2 13],32,223,226,191,223
1,<environment.Job instance at 0x15253b1a6aa0>,34,2,[8 1],55,223,225,168,223
1,<environment.Job instance at 0x15253b1a6780>,36,1,[7 1],57,225,226,168,223
1,<environment.Job instance at 0x15253b1a6dc0>,37,1,[2 6],59,226,227,167,223
1,<environment.Job instance at 0x1524f36758c0>,38,3,[1 5],60,226,229,166,223
1,<environment.Job instance at 0x1524f3675690>,40,1,[1 7],64,227,228,163,223
1,<environment.Job instance at 0x1524f3675280>,41,3,[2 8],65,228,231,163,223
1,<environment.Job instance at 0x1524f3675460>,42,2,[7 1],66,226,228,160,223
1,<environment.Job instance at 0x1524f3594190>,43,28,[1 6],67,229,257,162,228
1,<environment.Job instance at 0x15253b2b7b40>,51,1,[1 9],79,243,244,164,243
1,<environment.Job instance at 0x15253b2b7be0>,52,1,[2 7],80,244,245,164,243
1,<environment.Job instance at 0x15253b2b7e10>,54,1,[1 9],83,245,246,162,243
1,<environment.Job instance at 0x15253a7b3410>,70,1,[7 2],105,287,288,182,287
1,<environment.Job instance at 0x1525418e9320>,82,26,[8 1],118,311,337,193,311
1,<environment.Job instance at 0x15253b1a6cd0>,30,12,[2 8],48,492,504,444,492
1,<environment.Job instance at 0x15253b1a6230>,31,3,[ 1 10],51,2459,2462,2408,2459
1,<environment.Job instance at 0x1524f39ee280>,0,27,[6 1],1,1,28,0,1
1,<environment.Job instance at 0x152540365780>,8,1,[1 8],12,12,13,0,12
1,<environment.Job instance at 0x1524f320a550>,9,16,[5 2],13,18,34,5,18
1,<environment.Job instance at 0x15253f97ba50>,12,2,[1 7],19,19,21,0,19
1,<environment.Job instance at 0x1524f3720550>,13,3,[7 1],20,28,31,8,20
1,<environment.Job instance at 0x1524f3720f00>,14,1,[6 1],21,31,32,10,21
1,<environment.Job instance at 0x152534161b40>,15,15,[6 2],22,32,47,10,27
1,<environment.Job instance at 0x1524f3720eb0>,16,3,[2 9],23,27,30,4,27
1,<environment.Job instance at 0x152540365f00>,4,2,[2 9],5,30,32,25,27
1,<environment.Job instance at 0x1524f3720c30>,18,2,[11  2],26,47,49,21,27
1,<environment.Job instance at 0x152539106640>,11,28,[14  1],18,49,77,31,48
1,<environment.Job instance at 0x1524f351d3c0>,58,1,[ 2 13],78,133,134,55,133
1,<environment.Job instance at 0x15253b542fa0>,79,26,[2 5],109,191,217,82,191
1,<environment.Job instance at 0x1524f3bf9910>,33,2,[12  1],45,225,227,180,225
1,<environment.Job instance at 0x152540365e10>,6,3,[7 2],8,342,345,334,342
1,<environment.Job instance at 0x1525403653c0>,5,13,[2 8],7,426,439,419,426
1,<environment.Job instance at 0x1524f395daf0>,0,1,[1 5],1,1,2,0,1
1,<environment.Job instance at 0x1524f3876eb0>,2,1,[2 8],4,4,5,0,4
1,<environment.Job instance at 0x1524f39abf00>,6,3,[7 2],11,11,14,0,11
1,<environment.Job instance at 0x1524f39861e0>,7,28,[2 5],13,13,41,0,13
1,<environment.Job instance at 0x1524f39863c0>,9,1,[1 9],15,22,23,7,22
1,<environment.Job instance at 0x1524f3986a00>,15,24,[2 9],22,25,49,3,25
1,<environment.Job instance at 0x1524f3986780>,18,1,[1 6],28,41,42,13,35
1,<environment.Job instance at 0x1524f3986cd0>,20,2,[6 2],31,42,44,11,35
1,<environment.Job instance at 0x1524f3999320>,22,1,[10  1],36,36,37,0,36
1,<environment.Job instance at 0x1524f39995a0>,24,2,[6 1],38,38,40,0,38
1,<environment.Job instance at 0x1524f3999820>,26,2,[10  2],40,44,46,4,40
1,<environment.Job instance at 0x1524f3999960>,27,1,[9 1],41,46,47,5,41
1,<environment.Job instance at 0x1524f3999aa0>,28,1,[1 8],42,49,50,7,42
1,<environment.Job instance at 0x1524f3999be0>,29,25,[9 1],43,47,72,4,44
1,<environment.Job instance at 0x1524f39ae780>,38,1,[2 5],54,54,55,0,54
1,<environment.Job instance at 0x1524f39ae910>,40,1,[2 7],58,59,60,1,59
1,<environment.Job instance at 0x1524f39aeb40>,41,2,[ 1 14],60,63,65,3,63
1,<environment.Job instance at 0x1524f39aeeb0>,45,1,[2 5],64,65,66,1,64
1,<environment.Job instance at 0x1524f39aed20>,46,2,[1 5],66,66,68,0,66
1,<environment.Job instance at 0x1524f39a53c0>,49,26,[5 2],69,81,107,12,81
1,<environment.Job instance at 0x1524f3988230>,50,1,[8 2],70,81,82,11,81
1,<environment.Job instance at 0x1524f3988c80>,60,1,[ 1 10],85,94,95,9,94
1,<environment.Job instance at 0x1525403c9410>,62,2,[9 2],88,94,96,6,94
1,<environment.Job instance at 0x1524f3aa2d20>,65,22,[2 9],93,115,137,22,115
1,<environment.Job instance at 0x1524f39860a0>,11,16,[ 1 11],17,137,153,120,128
1,<environment.Job instance at 0x1524f360a870>,69,2,[6 1],103,129,131,26,129
1,<environment.Job instance at 0x1524f3879500>,70,1,[ 1 12],104,153,154,49,129
1,<environment.Job instance at 0x1524f390c500>,71,1,[10  2],105,131,132,26,130
1,<environment.Job instance at 0x15253a8d6820>,75,1,[9 1],110,142,143,32,142
1,<environment.Job instance at 0x15253a8d64b0>,76,20,[9 1],111,149,169,38,149
1,<environment.Job instance at 0x15253a74e0a0>,78,2,[13  1],114,169,171,55,150
1,<environment.Job instance at 0x15253a74e730>,79,1,[12  2],115,171,172,56,150
1,<environment.Job instance at 0x1524f368e5a0>,80,1,[5 1],116,150,151,34,150
1,<environment.Job instance at 0x1524f39abe60>,5,2,[ 2 13],9,157,159,148,157
1,<environment.Job instance at 0x1524f390c780>,68,13,[1 5],101,159,172,58,158
1,<environment.Job instance at 0x1524f3986050>,10,3,[6 2],16,172,175,156,161
1,<environment.Job instance at 0x1524f39bd910>,9,1,[7 2],20,20,21,0,20
1,<environment.Job instance at 0x1524f39bda00>,13,1,[1 9],26,26,27,0,26
1,<environment.Job instance at 0x15253a8e2f00>,21,1,[8 1],36,36,37,0,36
1,<environment.Job instance at 0x15253a8e2190>,23,2,[1 6],38,38,40,0,38
1,<environment.Job instance at 0x15253a8e2910>,24,1,[2 5],39,39,40,0,39
1,<environment.Job instance at 0x15253a8e2e10>,26,1,[ 1 13],41,41,42,0,41
1,<environment.Job instance at 0x15253a8e2820>,20,13,[2 8],33,204,217,171,204
1,<environment.Job instance at 0x15253a8e2b90>,31,2,[5 1],54,209,211,155,209
1,<environment.Job instance at 0x15253a8e2f50>,32,2,[1 6],55,242,244,187,242
1,<environment.Job instance at 0x15253a8e2dc0>,33,2,[1 8],56,245,247,189,245
1,<environment.Job instance at 0x15253a8e2730>,34,1,[6 1],57,256,257,199,256
1,<environment.Job instance at 0x15253a8c4dc0>,18,2,[2 6],31,277,279,246,277
1,<environment.Job instance at 0x1524f32ea370>,36,1,[6 1],60,288,289,228,288
1,<environment.Job instance at 0x1524f32ea690>,35,18,[10  2],59,289,307,230,289
1,<environment.Job instance at 0x1524f32eaa50>,38,1,[1 5],62,308,309,246,308
1,<environment.Job instance at 0x1524f32ea460>,37,1,[2 9],61,314,315,253,314
1,<environment.Job instance at 0x1524f32ea280>,39,16,[ 2 10],63,322,338,259,322
1,<environment.Job instance at 0x15253a8c4e60>,19,3,[ 2 10],32,357,360,325,357
1,<environment.Job instance at 0x1524f32ea0f0>,41,3,[1 7],65,369,372,304,369
1,<environment.Job instance at 0x1524f32ea870>,43,17,[9 2],69,376,393,307,376
1,<environment.Job instance at 0x1524f32eaaa0>,44,2,[9 2],71,393,395,322,387
1,<environment.Job instance at 0x1524f32eaf50>,45,2,[2 7],75,397,399,322,397
1,<environment.Job instance at 0x1524f32eaaf0>,46,1,[8 1],76,397,398,321,397
1,<environment.Job instance at 0x1524f32ea730>,47,15,[7 1],77,402,417,325,402
1,<environment.Job instance at 0x1524f32ea500>,42,3,[10  2],67,425,428,358,425
1,<environment.Job instance at 0x1524f32ead70>,48,1,[1 8],78,429,430,351,429
1,<environment.Job instance at 0x1524f32eab40>,50,13,[1 9],80,454,467,374,454
1,<environment.Job instance at 0x1524f32ea3c0>,49,12,[7 2],79,465,477,386,465
1,<environment.Job instance at 0x1524f32eacd0>,51,2,[7 2],81,467,469,386,467
1,<environment.Job instance at 0x1524f3688dc0>,53,16,[1 7],83,503,519,420,503
1,<environment.Job instance at 0x1524f36885f0>,54,17,[5 2],85,514,531,429,514
1,<environment.Job instance at 0x1524f3688640>,55,3,[10  1],87,556,559,469,556
1,<environment.Job instance at 0x1524f32ea640>,40,3,[5 1],64,556,559,492,556
1,<environment.Job instance at 0x1524f3688820>,56,1,[9 2],88,562,563,474,562
1,<environment.Job instance at 0x1524f3688f00>,58,2,[1 5],90,566,568,476,566
1,<environment.Job instance at 0x1524f3688050>,57,17,[8 1],89,570,587,481,570
1,<environment.Job instance at 0x1524f3688cd0>,59,13,[1 9],91,580,593,489,580
1,<environment.Job instance at 0x1524f3688f50>,60,2,[10  2],92,594,596,502,594
1,<environment.Job instance at 0x1524f36886e0>,52,1,[ 2 10],82,612,613,530,612
1,<environment.Job instance at 0x1524f3688b90>,61,15,[9 1],94,615,630,521,615
1,<environment.Job instance at 0x1524f3688190>,64,2,[1 7],99,620,622,521,620
1,<environment.Job instance at 0x1524f3688370>,65,3,[1 8],100,624,627,524,624
1,<environment.Job instance at 0x1524f3688960>,62,1,[1 5],95,631,632,536,631
1,<environment.Job instance at 0x1524f36884b0>,66,19,[5 2],101,637,656,536,637
1,<environment.Job instance at 0x1524f3688730>,67,2,[2 8],102,663,665,561,663
1,<environment.Job instance at 0x1524f3688780>,68,3,[1 7],103,677,680,574,677
1,<environment.Job instance at 0x1524f3688870>,70,3,[7 2],105,686,689,581,686
1,<environment.Job instance at 0x1524f3688be0>,63,2,[1 9],96,696,698,600,696
1,<environment.Job instance at 0x1524f36888c0>,72,15,[8 2],107,700,715,593,700
1,<environment.Job instance at 0x1524f3688280>,73,1,[10  1],108,715,716,607,705
1,<environment.Job instance at 0x1524f3698e10>,74,2,[8 2],110,726,728,616,726
1,<environment.Job instance at 0x1524f3698aa0>,75,1,[1 6],111,728,729,617,728
1,<environment.Job instance at 0x1524f36880f0>,69,2,[6 1],104,730,732,626,730
1,<environment.Job instance at 0x1524f36885a0>,71,2,[8 1],106,742,744,636,742
1,<environment.Job instance at 0x1524f3698e60>,78,3,[2 5],114,745,748,631,745
1,<environment.Job instance at 0x1524f3698190>,77,16,[1 5],113,745,761,632,745
1,<environment.Job instance at 0x1524f3698eb0>,79,3,[2 8],116,751,754,635,751
1,<environment.Job instance at 0x1524f36980f0>,80,17,[12  1],117,758,775,641,758
1,<environment.Job instance at 0x1524f3698550>,81,3,[1 8],118,770,773,652,770
1,<environment.Job instance at 0x1524f3698460>,76,3,[6 1],112,824,827,712,824
1,<environment.Job instance at 0x15253a7cd870>,8,1,[2 7],10,10,11,0,10
1,<environment.Job instance at 0x152534141f00>,12,1,[2 5],15,15,16,0,15
1,<environment.Job instance at 0x15253f96ed70>,23,2,[8 2],31,31,33,0,31
1,<environment.Job instance at 0x1524f39805a0>,24,2,[8 1],32,33,35,1,32
1,<environment.Job instance at 0x1524f390c460>,31,3,[2 5],43,43,46,0,43
1,<environment.Job instance at 0x15253b2b8a50>,26,1,[ 2 10],35,48,49,13,48
1,<environment.Job instance at 0x1525403025a0>,35,1,[6 1],48,49,50,1,49
1,<environment.Job instance at 0x152540302e10>,36,18,[8 2],49,55,73,6,55
1,<environment.Job instance at 0x1524f37bcaf0>,9,1,[9 2],13,13,14,0,13
1,<environment.Job instance at 0x1524f37bcdc0>,13,1,[10  2],19,19,20,0,19
1,<environment.Job instance at 0x1524f37832d0>,14,2,[7 1],20,20,22,0,20
1,<environment.Job instance at 0x1524f3783e10>,25,2,[8 1],34,78,80,44,78
1,<environment.Job instance at 0x1524f3783d20>,26,3,[2 8],37,136,139,99,136
1,<environment.Job instance at 0x1524f37a90a0>,31,3,[ 1 10],44,142,145,98,142
1,<environment.Job instance at 0x1524f37a9320>,33,1,[7 2],46,147,148,101,147
1,<environment.Job instance at 0x1524f37a9230>,36,2,[1 7],51,219,221,168,219
1,<environment.Job instance at 0x1524f37a95f0>,37,2,[2 6],52,238,240,186,238
1,<environment.Job instance at 0x1524f37a9640>,38,3,[6 1],54,249,252,195,249
1,<environment.Job instance at 0x1524f37a9730>,39,16,[ 2 10],55,265,281,210,265
1,<environment.Job instance at 0x1524f37a97d0>,40,2,[5 1],57,303,305,246,303
1,<environment.Job instance at 0x1524f37a9870>,41,3,[6 1],58,312,315,254,312
1,<environment.Job instance at 0x1524f37a98c0>,42,1,[10  1],59,328,329,269,328
1,<environment.Job instance at 0x1524f37a99b0>,43,15,[7 1],60,372,387,312,372
1,<environment.Job instance at 0x1524f3783b40>,23,3,[ 2 10],32,406,409,374,406
1,<environment.Job instance at 0x1524f3783b90>,22,2,[5 1],30,407,409,377,407
1,<environment.Job instance at 0x1524f37a9b90>,46,1,[9 2],64,411,412,347,411
1,<environment.Job instance at 0x1524f37a9be0>,47,3,[2 9],65,430,433,365,430
1,<environment.Job instance at 0x1524f37a9a50>,44,3,[ 2 10],61,450,453,389,450
1,<environment.Job instance at 0x1524f37a9cd0>,48,3,[2 5],66,454,457,388,454
1,<environment.Job instance at 0x1524f37a9e10>,50,2,[2 6],68,456,458,388,456
1,<environment.Job instance at 0x1524f37a9eb0>,51,2,[5 2],69,473,475,404,473
1,<environment.Job instance at 0x1524f37a9d70>,49,3,[1 7],67,498,501,431,498
1,<environment.Job instance at 0x1524f37a9f00>,53,2,[1 5],71,869,871,798,869
1,<environment.Job instance at 0x1524f37a9050>,54,12,[5 1],72,1785,1797,1713,1785
1,<environment.Job instance at 0x152538e46460>,0,1,[14  1],1,6,7,5,6
1,<environment.Job instance at 0x152538e46c30>,3,1,[8 1],4,25,26,21,25
1,<environment.Job instance at 0x152538e461e0>,2,3,[10  1],3,26,29,23,26
1,<environment.Job instance at 0x1524f35cb280>,20,1,[1 5],28,28,29,0,28
1,<environment.Job instance at 0x152538e46f00>,4,17,[7 2],6,29,46,23,28
1,<environment.Job instance at 0x152538e1de10>,28,2,[7 1],36,36,38,0,36
1,<environment.Job instance at 0x152538e4a8c0>,35,1,[8 1],47,78,79,31,78
1,<environment.Job instance at 0x152538e4af50>,37,14,[9 2],49,102,116,53,102
1,<environment.Job instance at 0x152538e4a870>,39,3,[1 5],51,115,118,64,115
1,<environment.Job instance at 0x152538e4aa50>,34,3,[1 5],46,126,129,80,126
1,<environment.Job instance at 0x152538e4a7d0>,33,2,[2 5],43,126,128,83,126
1,<environment.Job instance at 0x152538e4a2d0>,43,15,[8 2],56,126,141,70,126
1,<environment.Job instance at 0x152538e4a0f0>,44,3,[1 7],58,131,134,73,131
1,<environment.Job instance at 0x152538e4ac80>,45,3,[7 1],59,134,137,75,131
1,<environment.Job instance at 0x152538e4a6e0>,46,2,[2 7],60,137,139,77,132
1,<environment.Job instance at 0x152538e4a820>,42,14,[2 8],55,1207,1221,1152,1207
1,<environment.Job instance at 0x152538e1d780>,31,3,[ 1 11],41,1241,1244,1200,1241
1,<environment.Job instance at 0x152538dfac30>,57,3,[9 1],74,1241,1244,1167,1241
1,<environment.Job instance at 0x152538dfa460>,60,2,[2 7],79,1248,1250,1169,1248
1,<environment.Job instance at 0x152538dfa870>,63,2,[1 9],83,1258,1260,1175,1258
1,<environment.Job instance at 0x152538dfaeb0>,64,23,[1 5],84,1258,1281,1174,1258
1,<environment.Job instance at 0x152538e4a910>,41,16,[8 1],54,1258,1274,1204,1258
1,<environment.Job instance at 0x1524f3a81910>,74,22,[5 1],96,1260,1282,1164,1258
1,<environment.Job instance at 0x1524f3a81280>,77,3,[1 5],102,1290,1293,1188,1290
1,<environment.Job instance at 0x1524f37b6b90>,78,2,[5 2],103,1290,1292,1187,1290
1,<environment.Job instance at 0x152538e4aa00>,55,3,[5 1],71,1308,1311,1237,1308
1,<environment.Job instance at 0x1524f3a81640>,80,1,[7 2],106,1308,1309,1202,1308
1,<environment.Job instance at 0x15253a7967d0>,84,1,[ 2 10],111,1316,1317,1205,1316
1,<environment.Job instance at 0x15253b157230>,85,2,[6 2],112,1316,1318,1204,1316
1,<environment.Job instance at 0x1525418c9690>,86,1,[1 5],114,1317,1318,1203,1316
1,<environment.Job instance at 0x1524f3a3b460>,87,2,[5 2],115,1316,1318,1201,1316
1,<environment.Job instance at 0x15253a75af50>,88,2,[8 1],116,1318,1320,1202,1316
1,<environment.Job instance at 0x1524f3566b40>,91,3,[10  2],119,1324,1327,1205,1324
1,<environment.Job instance at 0x152538dfa5f0>,66,18,[10  1],86,1330,1348,1244,1330
1,<environment.Job instance at 0x152538e4a1e0>,54,3,[ 1 14],70,1344,1347,1274,1344
1,<environment.Job instance at 0x1524f3a81550>,81,2,[2 8],107,1347,1349,1240,1344
1,<environment.Job instance at 0x152538e4a3c0>,56,2,[8 1],73,1365,1367,1292,1365
1,<environment.Job instance at 0x1524f3a03500>,7,2,[ 1 10],8,160,162,152,160
1,<environment.Job instance at 0x1524f3a03050>,8,1,[5 1],9,161,162,152,161
1,<environment.Job instance at 0x1524f3a03690>,9,3,[5 2],10,161,164,151,161
1,<environment.Job instance at 0x1524f3a03410>,10,17,[6 2],14,162,179,148,161
1,<environment.Job instance at 0x1524f3a03cd0>,6,1,[6 1],7,164,165,157,164
1,<environment.Job instance at 0x1524f3a036e0>,11,3,[5 2],15,165,168,150,165
1,<environment.Job instance at 0x1524f3a03280>,13,2,[8 2],17,168,170,151,166
1,<environment.Job instance at 0x1524f3a03730>,14,2,[11  1],18,179,181,161,167
1,<environment.Job instance at 0x1524f3a03140>,15,1,[8 2],19,170,171,151,168
1,<environment.Job instance at 0x1524f3a03af0>,12,15,[10  2],16,185,200,169,185
1,<environment.Job instance at 0x1524f3a03dc0>,17,28,[ 2 10],21,198,226,177,198
1,<environment.Job instance at 0x1524f3a031e0>,18,3,[9 1],24,246,249,222,246
1,<environment.Job instance at 0x15253b572410>,19,14,[2 5],26,314,328,288,314
1,<environment.Job instance at 0x1524f3a03be0>,5,13,[8 1],6,345,358,339,345
1,<environment.Job instance at 0x15253b572fa0>,21,1,[5 1],28,345,346,317,345
1,<environment.Job instance at 0x15253b572b90>,20,2,[1 8],27,345,347,318,345
1,<environment.Job instance at 0x15253b572280>,23,2,[8 1],31,358,360,327,347
1,<environment.Job instance at 0x1524f3a03f00>,16,12,[1 8],20,372,384,352,372
1,<environment.Job instance at 0x15253b572640>,25,2,[1 5],34,372,374,338,372
1,<environment.Job instance at 0x15253b572690>,26,2,[9 2],35,372,374,337,372
1,<environment.Job instance at 0x15253b572730>,27,1,[9 1],38,374,375,336,372
1,<environment.Job instance at 0x15253b572870>,28,2,[9 1],39,375,377,336,372
1,<environment.Job instance at 0x15253b572500>,29,2,[6 2],40,377,379,337,372
1,<environment.Job instance at 0x15253b572f00>,30,2,[2 9],42,384,386,342,372
1,<environment.Job instance at 0x15253b5723c0>,31,17,[2 9],43,409,426,366,409
1,<environment.Job instance at 0x15253b572050>,32,3,[7 1],44,409,412,365,409
1,<environment.Job instance at 0x15253b572190>,33,2,[ 1 10],45,426,428,381,409
1,<environment.Job instance at 0x15253b5729b0>,34,2,[ 1 11],47,428,430,381,409
1,<environment.Job instance at 0x152541899500>,35,2,[1 8],48,430,432,382,409
1,<environment.Job instance at 0x15253b5721e0>,24,2,[6 2],33,473,475,440,473
1,<environment.Job instance at 0x15253b572c30>,36,16,[ 1 12],49,513,529,464,513
1,<environment.Job instance at 0x1525418999b0>,38,3,[2 8],51,529,532,478,513
1,<environment.Job instance at 0x152541899d20>,39,12,[7 2],52,513,525,461,513
1,<environment.Job instance at 0x152541899e60>,40,1,[2 5],54,529,530,475,513
1,<environment.Job instance at 0x152541899140>,41,17,[ 1 10],56,532,549,476,522
1,<environment.Job instance at 0x152541899960>,42,3,[1 6],59,549,552,490,527
1,<environment.Job instance at 0x152541899780>,43,3,[2 6],60,549,552,489,537
1,<environment.Job instance at 0x152541899be0>,44,3,[2 5],61,539,542,478,539
1,<environment.Job instance at 0x152541899640>,45,16,[7 2],62,542,558,480,539
1,<environment.Job instance at 0x1525418990f0>,46,12,[9 1],63,558,570,495,541
1,<environment.Job instance at 0x152541899a00>,47,3,[7 2],65,555,558,490,555
1,<environment.Job instance at 0x152541899c30>,48,3,[1 6],67,556,559,489,556
1,<environment.Job instance at 0x1525418996e0>,49,2,[1 6],69,558,560,489,556
1,<environment.Job instance at 0x152541899460>,50,2,[8 1],73,570,572,497,556
1,<environment.Job instance at 0x152541899fa0>,51,3,[9 2],74,572,575,498,558
1,<environment.Job instance at 0x1525418990a0>,52,1,[2 8],76,559,560,483,558
1,<environment.Job instance at 0x152541899dc0>,53,2,[10  1],77,575,577,498,558
1,<environment.Job instance at 0x152541899190>,54,13,[1 8],78,601,614,523,601
1,<environment.Job instance at 0x152541899cd0>,55,3,[5 1],80,601,604,521,601
1,<environment.Job instance at 0x15253a6fa640>,56,26,[5 2],82,601,627,519,601
1,<environment.Job instance at 0x15253a6fa9b0>,57,2,[7 2],84,604,606,520,601
1,<environment.Job instance at 0x15253a6fac30>,58,12,[2 8],85,653,665,568,653
1,<environment.Job instance at 0x15253a6fab90>,59,14,[10  2],86,653,667,567,653
1,<environment.Job instance at 0x15253a6fa280>,60,3,[2 6],87,665,668,578,653
1,<environment.Job instance at 0x15253a6fafa0>,61,12,[6 1],90,667,679,577,653
1,<environment.Job instance at 0x15253a6faa00>,62,18,[1 6],91,667,685,576,667
1,<environment.Job instance at 0x15253a6faaa0>,63,14,[9 2],93,679,693,586,667
1,<environment.Job instance at 0x15253a6fa5a0>,64,3,[1 9],96,685,688,589,667
1,<environment.Job instance at 0x15253a6fa780>,65,1,[5 2],97,667,668,570,667
1,<environment.Job instance at 0x15253a6faaf0>,66,1,[9 1],98,693,694,595,667
1,<environment.Job instance at 0x15253a6faf00>,67,23,[9 1],100,694,717,594,688
1,<environment.Job instance at 0x15253a6fa4b0>,68,14,[10  1],101,717,731,616,702
1,<environment.Job instance at 0x15253a6fa960>,69,18,[1 7],102,820,838,718,820
1,<environment.Job instance at 0x15253a6fa190>,70,16,[9 2],103,820,836,717,820
1,<environment.Job instance at 0x15253a6fa690>,71,2,[1 5],104,820,822,716,820
1,<environment.Job instance at 0x1524f3980190>,72,1,[2 5],105,822,823,717,821
1,<environment.Job instance at 0x1524f3980b40>,73,12,[5 1],108,823,835,715,821
1,<environment.Job instance at 0x1524f3980cd0>,74,1,[10  1],110,836,837,726,821
1,<environment.Job instance at 0x1524f39801e0>,75,1,[7 1],111,837,838,726,821
1,<environment.Job instance at 0x1524f39806e0>,76,2,[10  1],112,838,840,726,822
1,<environment.Job instance at 0x1524f39803c0>,77,1,[6 2],113,837,838,724,822
1,<environment.Job instance at 0x1524f3980b90>,78,3,[6 2],114,840,843,726,823
1,<environment.Job instance at 0x1524f3980870>,79,3,[2 5],118,838,841,720,828
1,<environment.Job instance at 0x1524f3980410>,80,2,[5 1],119,840,842,721,828
1,<environment.Job instance at 0x152541899370>,37,1,[1 5],50,2147,2148,2097,2147
1,<environment.Job instance at 0x15253a6d4910>,9,2,[14  2],14,17,19,3,17
1,<environment.Job instance at 0x15253a6d6370>,13,13,[6 1],18,24,37,6,24
1,<environment.Job instance at 0x15253a6d6af0>,19,2,[2 8],27,27,29,0,27
1,<environment.Job instance at 0x15253a6d6e60>,24,2,[10  1],35,37,39,2,37
1,<environment.Job instance at 0x15253a6d68c0>,25,18,[8 1],37,39,57,2,37
1,<environment.Job instance at 0x15253a6e7370>,26,1,[6 2],38,39,40,1,38
1,<environment.Job instance at 0x15253a6e74b0>,27,1,[6 1],39,40,41,1,39
1,<environment.Job instance at 0x15253a6e75f0>,28,1,[8 1],40,57,58,17,40
1,<environment.Job instance at 0x15253a6e7730>,29,1,[5 1],43,43,44,0,43
1,<environment.Job instance at 0x15253a6e7780>,30,2,[1 9],44,44,46,0,44
1,<environment.Job instance at 0x15253a6e7aa0>,32,2,[7 1],48,48,50,0,48
1,<environment.Job instance at 0x15253a6e7be0>,33,2,[ 1 10],51,51,53,0,51
1,<environment.Job instance at 0x15253a6e7c80>,34,1,[ 2 10],52,53,54,1,52
1,<environment.Job instance at 0x15253a6d4f50>,11,1,[14  2],16,58,59,42,54
1,<environment.Job instance at 0x15253a6e7eb0>,35,3,[1 9],54,54,57,0,54
1,<environment.Job instance at 0x15253a6c6c80>,48,3,[1 5],73,92,95,19,92
1,<environment.Job instance at 0x15253a6c6b90>,50,2,[1 8],76,95,97,19,95
1,<environment.Job instance at 0x15253a6d6dc0>,23,13,[8 1],34,128,141,94,128
1,<environment.Job instance at 0x15253a6dd5a0>,61,1,[1 7],97,162,163,65,162
1,<environment.Job instance at 0x15253a802640>,71,1,[8 1],113,211,212,98,211
1,<environment.Job instance at 0x15253b20fb40>,73,1,[1 9],118,212,213,94,212
1,<environment.Job instance at 0x15253a6d60a0>,12,2,[6 2],17,228,230,211,228
1,<environment.Job instance at 0x15253a6db2d0>,57,1,[7 2],86,278,279,192,278
1,<environment.Job instance at 0x15253a6c6a50>,44,2,[14  1],67,289,291,222,289
1,<environment.Job instance at 0x1524f3b8fe10>,15,2,[10  1],27,145,147,118,145
1,<environment.Job instance at 0x1524f3b8fdc0>,17,3,[2 9],30,146,149,116,146
1,<environment.Job instance at 0x1524f3b8f820>,20,2,[5 1],33,148,150,115,148
1,<environment.Job instance at 0x1524f3b8f780>,22,1,[6 1],35,148,149,113,148
1,<environment.Job instance at 0x1524f3b8fc30>,23,1,[5 2],37,149,150,112,148
1,<environment.Job instance at 0x1524f3bb9410>,24,1,[6 1],38,150,151,112,148
1,<environment.Job instance at 0x1524f3bb9e60>,25,3,[2 5],44,149,152,105,148
1,<environment.Job instance at 0x1524f3bb9320>,26,2,[2 5],46,150,152,104,150
1,<environment.Job instance at 0x1524f3bb93c0>,27,1,[2 9],47,152,153,105,150
1,<environment.Job instance at 0x1524f3bb9af0>,28,18,[7 2],49,154,172,105,154
1,<environment.Job instance at 0x1524f3b8f6e0>,21,3,[2 5],34,168,171,134,168
1,<environment.Job instance at 0x1524f3bb9fa0>,33,2,[1 6],54,170,172,116,170
1,<environment.Job instance at 0x1524f3bb99b0>,34,1,[2 5],55,173,174,118,173
1,<environment.Job instance at 0x1524f3b8ffa0>,16,2,[8 1],28,175,177,147,175
1,<environment.Job instance at 0x1524f3bb9a50>,35,1,[2 8],56,176,177,120,176
1,<environment.Job instance at 0x1524f3b8cf00>,42,14,[8 2],65,177,191,112,176
1,<environment.Job instance at 0x1524f3b8c140>,43,3,[2 9],66,186,189,120,186
1,<environment.Job instance at 0x1524f3b8cb90>,45,3,[ 2 12],70,189,192,119,187
1,<environment.Job instance at 0x1524f34f7230>,46,3,[9 1],71,191,194,120,190
1,<environment.Job instance at 0x1524f3b8f870>,14,13,[ 1 13],26,221,234,195,221
1,<environment.Job instance at 0x1524f3b8ce10>,47,3,[1 8],73,234,237,161,221
1,<environment.Job instance at 0x1524f3bb9f00>,31,2,[6 2],52,221,223,169,221
1,<environment.Job instance at 0x15253a81ba50>,56,27,[9 2],88,223,250,135,221
1,<environment.Job instance at 0x15253a81b910>,57,2,[7 1],89,250,252,161,223
1,<environment.Job instance at 0x15253a81ba00>,58,3,[1 6],90,237,240,147,223
1,<environment.Job instance at 0x15253a81bcd0>,59,1,[6 1],91,240,241,149,223
1,<environment.Job instance at 0x15253a81bd20>,60,1,[1 5],92,234,235,142,223
1,<environment.Job instance at 0x15253a81b690>,61,2,[1 7],93,237,239,144,223
1,<environment.Job instance at 0x15253a81b1e0>,62,3,[1 7],94,241,244,147,223
1,<environment.Job instance at 0x15253a81be10>,63,1,[1 8],95,244,245,149,223
1,<environment.Job instance at 0x15253a81b500>,64,2,[2 5],96,235,237,139,223
1,<environment.Job instance at 0x15253a81baa0>,65,3,[1 9],97,245,248,148,223
1,<environment.Job instance at 0x15253a81b640>,66,3,[8 1],98,250,253,152,224
1,<environment.Job instance at 0x15253a81b550>,67,1,[2 9],99,248,249,149,224
1,<environment.Job instance at 0x15253a81b6e0>,68,3,[1 9],102,252,255,150,226
1,<environment.Job instance at 0x15253a81b2d0>,69,1,[9 1],103,253,254,150,226
1,<environment.Job instance at 0x15253a81b9b0>,70,3,[1 7],104,255,258,151,229
1,<environment.Job instance at 0x15253a81beb0>,71,2,[1 8],105,255,257,150,229
1,<environment.Job instance at 0x15253a81b050>,73,3,[5 1],108,241,244,133,229
1,<environment.Job instance at 0x15253a81b730>,74,3,[9 2],109,257,260,148,231
1,<environment.Job instance at 0x15253a81b8c0>,55,3,[9 1],87,287,290,200,287
1,<environment.Job instance at 0x1524f3b8ca00>,39,1,[9 2],60,290,291,230,287
1,<environment.Job instance at 0x15253a81b3c0>,54,2,[11  1],84,320,322,236,320
1,<environment.Job instance at 0x1524f3bf8aa0>,7,1,[6 2],11,11,12,0,11
1,<environment.Job instance at 0x1524f3bf8e60>,13,21,[6 2],22,25,46,3,25
1,<environment.Job instance at 0x1524f3be2050>,15,1,[8 2],25,26,27,1,26
1,<environment.Job instance at 0x1524f3be2370>,16,2,[ 2 10],26,27,29,1,26
1,<environment.Job instance at 0x1524f3be25f0>,17,1,[1 6],27,29,30,2,27
1,<environment.Job instance at 0x1524f3be2730>,18,1,[ 1 10],32,32,33,0,32
1,<environment.Job instance at 0x1524f3be2b90>,21,1,[ 1 10],35,35,36,0,35
1,<environment.Job instance at 0x1524f3be2eb0>,26,27,[7 1],41,43,70,2,43
1,<environment.Job instance at 0x1524f34e6370>,4,1,[1 5],7,91,92,84,91
1,<environment.Job instance at 0x1524f3be91e0>,42,23,[1 9],66,97,120,31,97
1,<environment.Job instance at 0x1524f3780140>,72,2,[13  1],118,143,145,25,143
1,<environment.Job instance at 0x1524f3780320>,73,2,[1 7],119,145,147,26,145
1,<environment.Job instance at 0x1524f3bf8870>,6,3,[ 2 10],10,163,166,153,163
1,<environment.Job instance at 0x1524f3bf8730>,5,1,[7 2],8,171,172,163,171
1,<environment.Job instance at 0x15154e77ab40>,2,1,[2 5],3,3,4,0,3
1,<environment.Job instance at 0x151546c19320>,4,2,[7 2],5,5,7,0,5
1,<environment.Job instance at 0x151546c195a0>,7,1,[2 6],8,8,9,0,8
1,<environment.Job instance at 0x151546bd9b40>,15,1,[ 1 10],20,20,21,0,20
1,<environment.Job instance at 0x151546bea230>,20,2,[ 1 13],27,27,29,0,27
1,<environment.Job instance at 0x151546bea5f0>,22,1,[2 7],30,30,31,0,30
1,<environment.Job instance at 0x151546bdf140>,26,1,[2 7],35,35,36,0,35
1,<environment.Job instance at 0x1515451589b0>,0,1,[5 1],1,2,3,1,2
1,<environment.Job instance at 0x15154517d1e0>,11,1,[8 2],14,229,230,215,229
1,<environment.Job instance at 0x15154517d5f0>,16,3,[ 2 10],22,424,427,402,424
1,<environment.Job instance at 0x151544c7d5f0>,17,3,[2 5],23,664,667,641,664
1,<environment.Job instance at 0x151544c7d230>,18,1,[8 1],24,679,680,655,679
1,<environment.Job instance at 0x151544c7daf0>,19,3,[5 2],26,820,823,794,820
1,<environment.Job instance at 0x151544c7d460>,20,15,[9 2],27,1032,1047,1005,1032
1,<environment.Job instance at 0x151544c7dfa0>,21,18,[2 6],28,1061,1079,1033,1061
1,<environment.Job instance at 0x15154517d0a0>,12,15,[5 1],15,1066,1081,1051,1066
1,<environment.Job instance at 0x151544c7d9b0>,23,1,[1 7],30,1188,1189,1158,1188
1,<environment.Job instance at 0x151544c7d870>,22,1,[1 6],29,1189,1190,1160,1189
1,<environment.Job instance at 0x151544c7d5a0>,25,3,[12  1],34,1329,1332,1295,1329
1,<environment.Job instance at 0x151544c7d550>,26,1,[1 8],36,1374,1375,1338,1374
1,<environment.Job instance at 0x151544c7d780>,24,3,[9 1],33,1518,1521,1485,1518
1,<environment.Job instance at 0x151544c7d820>,28,3,[7 2],38,1768,1771,1730,1768
1,<environment.Job instance at 0x151544c7d640>,27,15,[1 6],37,1994,2009,1957,1994
1,<environment.Job instance at 0x151544c7d0f0>,30,3,[1 7],41,2052,2055,2011,2052
1,<environment.Job instance at 0x1514ffdd5320>,3,2,[ 2 12],6,7,9,1,7
1,<environment.Job instance at 0x1514ffdd5140>,9,1,[1 5],13,14,15,1,14
1,<environment.Job instance at 0x1514ffdd3730>,11,3,[ 2 10],15,65,68,50,65
1,<environment.Job instance at 0x1514ffdd3b40>,13,3,[1 5],19,68,71,49,68
1,<environment.Job instance at 0x1514ffdd3320>,14,21,[ 2 13],20,73,94,53,73
1,<environment.Job instance at 0x1514ffdd3190>,15,1,[2 8],21,98,99,77,98
1,<environment.Job instance at 0x1514ffdd3e10>,16,1,[7 1],22,98,99,76,98
1,<environment.Job instance at 0x1514ffdd3230>,17,18,[5 2],23,99,117,76,99
1,<environment.Job instance at 0x1514ffdd35f0>,18,2,[8 2],25,110,112,85,110
1,<environment.Job instance at 0x1514ffdd3640>,19,3,[1 7],26,127,130,101,127
1,<environment.Job instance at 0x1514ffdd38c0>,20,18,[8 1],27,127,145,100,127
1,<environment.Job instance at 0x1514ffdd3780>,21,1,[5 2],28,133,134,105,133
1,<environment.Job instance at 0x1514ffdd3690>,22,1,[1 8],29,133,134,104,133
1,<environment.Job instance at 0x1514ffdd3c80>,23,3,[1 7],30,138,141,108,138
1,<environment.Job instance at 0x1514ffdd3d70>,24,2,[5 2],32,138,140,106,138
1,<environment.Job instance at 0x1514ffdd37d0>,25,2,[1 7],34,141,143,107,141
1,<environment.Job instance at 0x1514ffdd35a0>,26,2,[5 2],35,142,144,107,142
1,<environment.Job instance at 0x1514ffdd3eb0>,28,12,[7 1],38,144,156,106,142
1,<environment.Job instance at 0x1514ffdd3c30>,29,2,[10  1],39,156,158,117,147
1,<environment.Job instance at 0x1514ffdd3fa0>,30,3,[2 7],40,153,156,113,153
1,<environment.Job instance at 0x1514ffdd3050>,31,17,[7 1],42,158,175,116,153
1,<environment.Job instance at 0x1514ffdd30a0>,32,1,[2 5],44,159,160,115,159
1,<environment.Job instance at 0x1514ffdd4eb0>,33,3,[1 8],45,159,162,114,159
1,<environment.Job instance at 0x1514ffdd4aa0>,34,12,[7 2],47,161,173,114,161
1,<environment.Job instance at 0x1514ffdd4fa0>,35,2,[7 2],49,173,175,124,163
1,<environment.Job instance at 0x1514ffdd4960>,36,3,[ 2 10],51,175,178,124,168
1,<environment.Job instance at 0x1514ffdd4b40>,37,14,[8 2],52,175,189,123,168
1,<environment.Job instance at 0x1514ffdd4b90>,38,2,[2 5],54,181,183,127,181
1,<environment.Job instance at 0x1514ffdd42d0>,39,1,[ 2 10],55,183,184,128,181
1,<environment.Job instance at 0x1514ffdd43c0>,40,14,[8 1],56,189,203,133,181
1,<environment.Job instance at 0x1514ffdd4cd0>,41,2,[ 1 10],57,187,189,130,187
1,<environment.Job instance at 0x1514ffdd4910>,42,3,[7 2],58,191,194,133,191
1,<environment.Job instance at 0x1514ffdd49b0>,43,21,[7 2],60,194,215,134,191
1,<environment.Job instance at 0x1514ffdd4f00>,44,13,[5 2],61,203,216,142,195
1,<environment.Job instance at 0x1514ffdd4500>,45,3,[1 9],62,204,207,142,204
1,<environment.Job instance at 0x1514ffdd4410>,46,1,[6 1],63,215,216,152,204
1,<environment.Job instance at 0x1514ffdd40a0>,47,3,[5 1],64,216,219,152,205
1,<environment.Job instance at 0x1514ffdd1a00>,48,3,[1 7],69,208,211,139,208
1,<environment.Job instance at 0x1514ffdd1c80>,49,12,[7 1],71,216,228,145,208
1,<environment.Job instance at 0x1514ffdd17d0>,50,20,[8 2],72,219,239,147,211
1,<environment.Job instance at 0x1514ffdd1460>,51,2,[10  1],73,239,241,166,224
1,<environment.Job instance at 0x1514ffdd1690>,52,3,[1 9],74,229,232,155,229
1,<environment.Job instance at 0x1514ffdd1910>,53,3,[1 8],78,232,235,154,232
1,<environment.Job instance at 0x1514ffdd1780>,54,2,[2 7],81,235,237,154,235
1,<environment.Job instance at 0x1514ffdd1f00>,55,2,[9 2],82,241,243,159,235
1,<environment.Job instance at 0x1514ffdd1410>,56,3,[5 2],83,235,238,152,235
1,<environment.Job instance at 0x1514ffdd15f0>,57,16,[7 2],84,243,259,159,235
1,<environment.Job instance at 0x1514ffdd1dc0>,58,1,[ 2 10],85,246,247,161,246
1,<environment.Job instance at 0x1514ffdd1af0>,59,18,[5 2],87,248,266,161,248
1,<environment.Job instance at 0x1514ffdd1eb0>,60,1,[1 8],88,257,258,169,257
1,<environment.Job instance at 0x1514ffdd39b0>,12,3,[ 1 13],16,1829,1832,1813,1829
1,<environment.Job instance at 0x1514ffdd2e60>,68,1,[6 2],101,2496,2497,2395,2496
1,<environment.Job instance at 0x1514ffdd1e60>,61,13,[1 7],90,2928,2941,2838,2928
1,<environment.Job instance at 0x15154513c960>,7,1,[2 7],14,14,15,0,14
1,<environment.Job instance at 0x1514ffe45190>,9,2,[6 1],16,16,18,0,16
1,<environment.Job instance at 0x1514fff00a50>,21,2,[2 9],35,35,37,0,35
1,<environment.Job instance at 0x1515475ce5a0>,22,2,[2 5],36,36,38,0,36
1,<environment.Job instance at 0x1514ff8540f0>,4,17,[9 2],8,8,25,0,8
1,<environment.Job instance at 0x1514ff854b40>,5,1,[6 2],9,9,10,0,9
1,<environment.Job instance at 0x1514ff854140>,7,1,[1 7],11,11,12,0,11
1,<environment.Job instance at 0x1514ff854a50>,9,2,[1 5],13,13,15,0,13
1,<environment.Job instance at 0x1514ff854c80>,10,1,[1 9],15,15,16,0,15
1,<environment.Job instance at 0x1514ff851cd0>,11,1,[2 5],16,16,17,0,16
1,<environment.Job instance at 0x1514ff851dc0>,13,1,[2 6],18,18,19,0,18
1,<environment.Job instance at 0x1514ff851eb0>,14,1,[2 8],20,20,21,0,20
1,<environment.Job instance at 0x1514ff8512d0>,15,1,[2 6],21,21,22,0,21
1,<environment.Job instance at 0x1514ff851fa0>,16,3,[1 7],23,23,26,0,23
1,<environment.Job instance at 0x1514ff854be0>,6,2,[1 5],10,26,28,16,26
1,<environment.Job instance at 0x1514ff84df50>,22,1,[1 8],29,30,31,1,30
1,<environment.Job instance at 0x1514ff84d7d0>,24,2,[2 6],31,42,44,11,42
1,<environment.Job instance at 0x1514ff84d2d0>,25,3,[9 2],32,42,45,10,42
1,<environment.Job instance at 0x1514ff84deb0>,26,2,[10  2],33,45,47,12,42
1,<environment.Job instance at 0x1514ff84d5f0>,29,2,[1 6],37,58,60,21,58
1,<environment.Job instance at 0x1514ff84daf0>,31,2,[7 2],40,60,62,20,60
1,<environment.Job instance at 0x1514ff84ddc0>,32,13,[5 1],41,60,73,19,60
1,<environment.Job instance at 0x1514ff84d1e0>,33,2,[1 8],42,60,62,18,60
1,<environment.Job instance at 0x15154a9cb5a0>,34,14,[6 1],43,62,76,19,62
1,<environment.Job instance at 0x1514ff7acd70>,35,1,[2 5],44,62,63,18,62
1,<environment.Job instance at 0x1515469dd5f0>,37,2,[7 1],46,74,76,28,74
1,<environment.Job instance at 0x1515469dd280>,38,3,[7 1],47,76,79,29,74
1,<environment.Job instance at 0x1515469dd6e0>,40,25,[12  1],49,79,104,30,75
1,<environment.Job instance at 0x1515469dd780>,41,1,[ 2 10],50,75,76,25,75
1,<environment.Job instance at 0x1515469dd050>,42,2,[10  2],52,104,106,52,78
1,<environment.Job instance at 0x151544ed85a0>,47,3,[2 9],60,88,91,28,88
1,<environment.Job instance at 0x1514ffc6b690>,48,23,[1 6],61,91,114,30,88
1,<environment.Job instance at 0x1514ffc6b960>,49,12,[7 1],64,106,118,42,90
1,<environment.Job instance at 0x1514ffc6b5f0>,50,3,[10  1],67,118,121,51,92
1,<environment.Job instance at 0x15154bc73f50>,51,3,[6 1],69,106,109,37,92
1,<environment.Job instance at 0x15154bf6aa50>,52,3,[8 1],70,114,117,44,92
1,<environment.Job instance at 0x151544ee2050>,53,2,[7 1],72,109,111,37,92
1,<environment.Job instance at 0x1514ff84d870>,20,3,[5 1],27,111,114,84,111
1,<environment.Job instance at 0x1514ff805a50>,55,1,[7 1],76,117,118,41,111
1,<environment.Job instance at 0x1514ffc7ee60>,56,2,[5 1],77,118,120,41,111
1,<environment.Job instance at 0x1514ffe47280>,57,14,[2 5],78,120,134,42,116
1,<environment.Job instance at 0x1514fff37b40>,58,3,[5 2],80,121,124,41,116
1,<environment.Job instance at 0x1514ffc54370>,61,3,[8 1],83,132,135,49,132
1,<environment.Job instance at 0x15154bf598c0>,63,18,[1 5],87,132,150,45,132
1,<environment.Job instance at 0x15154bcf4b90>,65,1,[1 9],92,134,135,42,132
1,<environment.Job instance at 0x1514ff77d190>,67,1,[10  2],95,135,136,40,132
1,<environment.Job instance at 0x1514ff77d640>,68,1,[5 2],96,136,137,40,132
1,<environment.Job instance at 0x1514ff77d320>,69,26,[2 8],98,135,161,37,132
1,<environment.Job instance at 0x1514ff769550>,73,2,[1 6],107,150,152,43,132
1,<environment.Job instance at 0x1514ff7e0c80>,59,12,[1 5],81,152,164,71,135
1,<environment.Job instance at 0x1514ff769870>,76,1,[6 2],112,137,138,25,135
1,<environment.Job instance at 0x1514ff806190>,77,3,[10  2],114,138,141,24,135
1,<environment.Job instance at 0x1514ff806a50>,78,3,[5 1],118,141,144,23,135
1,<environment.Job instance at 0x1514ff804d70>,79,1,[2 8],119,161,162,42,135
1,<environment.Job instance at 0x1514ff8044b0>,80,2,[7 2],120,144,146,24,138
1,<environment.Job instance at 0x1514ff804cd0>,81,2,[6 2],121,146,148,25,138
1,<environment.Job instance at 0x1514ff804370>,82,3,[9 1],122,148,151,26,139
1,<environment.Job instance at 0x1514ff804b90>,85,27,[1 7],125,162,189,37,160
1,<environment.Job instance at 0x1514ff804640>,86,21,[1 8],126,164,185,38,160
1,<environment.Job instance at 0x1514ff804190>,88,2,[6 1],129,160,162,31,160
1,<environment.Job instance at 0x1514ff851190>,18,14,[1 6],25,185,199,160,178
1,<environment.Job instance at 0x1514ff84d960>,21,1,[10  1],28,201,202,173,201
1,<environment.Job instance at 0x1514ff854eb0>,3,13,[12  2],7,962,975,955,962
1,<environment.Job instance at 0x15154bc920f0>,8,2,[1 8],17,17,19,0,17
1,<environment.Job instance at 0x15154bc92190>,9,1,[10  2],18,18,19,0,18
1,<environment.Job instance at 0x1514ffc0dd20>,12,2,[8 2],25,25,27,0,25
1,<environment.Job instance at 0x1514ffc0d370>,13,1,[ 1 12],26,26,27,0,26
1,<environment.Job instance at 0x1514ffc0deb0>,15,1,[8 1],29,29,30,0,29
1,<environment.Job instance at 0x1514ffc0dcd0>,17,1,[2 9],34,34,35,0,34
1,<environment.Job instance at 0x1514ffde28c0>,1,1,[10  2],3,3,4,0,3
1,<environment.Job instance at 0x1514ffde2be0>,2,21,[ 2 10],4,4,25,0,4
1,<environment.Job instance at 0x1514ffd92820>,12,1,[9 1],16,18,19,2,18
1,<environment.Job instance at 0x15154bc84aa0>,19,17,[9 1],26,26,43,0,26
1,<environment.Job instance at 0x1514ffe37870>,22,1,[2 6],30,30,31,0,30
1,<environment.Job instance at 0x1514ffe37640>,32,1,[8 2],43,50,51,7,50
1,<environment.Job instance at 0x1514ffe37a00>,33,17,[7 1],44,50,67,6,50
1,<environment.Job instance at 0x1514ffe37e10>,36,16,[6 1],47,55,71,8,55
1,<environment.Job instance at 0x1514ffe37dc0>,37,1,[8 2],48,67,68,19,55
1,<environment.Job instance at 0x1514ffddddc0>,38,1,[5 2],49,68,69,19,55
1,<environment.Job instance at 0x1514ffdddf00>,39,1,[7 1],50,69,70,19,55
1,<environment.Job instance at 0x1514ffe12f50>,40,1,[1 8],51,55,56,4,55
1,<environment.Job instance at 0x1514ffe127d0>,41,2,[6 2],52,70,72,18,55
1,<environment.Job instance at 0x1514ffe12a00>,43,1,[6 2],55,73,74,18,73
1,<environment.Job instance at 0x15154696da50>,44,3,[8 2],56,73,76,17,73
1,<environment.Job instance at 0x15154696dc80>,45,2,[ 1 10],58,73,75,15,73
1,<environment.Job instance at 0x15154696db40>,47,1,[5 1],60,74,75,14,73
1,<environment.Job instance at 0x15154696de10>,48,14,[2 9],61,75,89,14,73
1,<environment.Job instance at 0x15154696d6e0>,49,2,[7 2],62,76,78,14,73
1,<environment.Job instance at 0x15154c719410>,50,3,[10  1],63,78,81,15,73
1,<environment.Job instance at 0x1514ffc55eb0>,51,3,[6 1],64,81,84,17,73
1,<environment.Job instance at 0x1514ffc66be0>,52,1,[13  1],65,84,85,19,73
1,<environment.Job instance at 0x151546af7960>,53,3,[2 7],66,89,92,23,73
1,<environment.Job instance at 0x1514fff18c80>,54,1,[5 1],67,75,76,8,73
1,<environment.Job instance at 0x15154c5f35a0>,55,17,[1 8],68,89,106,21,77
1,<environment.Job instance at 0x15154e77d050>,57,2,[8 2],70,85,87,15,77
1,<environment.Job instance at 0x15154696d9b0>,59,2,[2 5],72,78,80,6,78
1,<environment.Job instance at 0x1514ffbfd500>,61,22,[8 1],75,92,114,17,85
1,<environment.Job instance at 0x1514ff8108c0>,65,17,[1 7],80,106,123,26,102
1,<environment.Job instance at 0x1514ff8e3190>,66,3,[7 2],81,114,117,33,102
1,<environment.Job instance at 0x1514ff8e34b0>,67,2,[2 9],82,123,125,41,102
1,<environment.Job instance at 0x15154789d4b0>,68,2,[2 7],83,106,108,23,102
1,<environment.Job instance at 0x15154789deb0>,69,18,[6 1],85,108,126,23,105
1,<environment.Job instance at 0x1514ffcce0a0>,71,2,[10  1],87,126,128,39,116
1,<environment.Job instance at 0x1514ffcce690>,72,22,[2 6],89,125,147,36,118
1,<environment.Job instance at 0x1514ffcce780>,73,1,[ 1 14],90,147,148,57,120
1,<environment.Job instance at 0x1514ffc6daa0>,78,1,[8 1],97,120,121,23,120
1,<environment.Job instance at 0x1514ffc6de10>,79,1,[5 1],99,121,122,22,120
1,<environment.Job instance at 0x1514fff91eb0>,81,3,[ 2 14],102,148,151,46,135
1,<environment.Job instance at 0x15154bc52320>,82,3,[1 8],103,135,138,32,135
1,<environment.Job instance at 0x15154c5c2320>,83,1,[ 2 10],104,151,152,47,135
1,<environment.Job instance at 0x15154c5c24b0>,84,2,[7 2],106,138,140,32,135
1,<environment.Job instance at 0x15154c5c2e60>,85,1,[6 1],107,135,136,28,135
1,<environment.Job instance at 0x15154c5c2140>,86,2,[6 1],109,136,138,27,135
1,<environment.Job instance at 0x1514ffd92b40>,6,15,[7 2],9,151,166,142,137
1,<environment.Job instance at 0x1514ffd92a50>,11,14,[2 6],15,152,166,137,137
1,<environment.Job instance at 0x15154c5c2eb0>,89,2,[7 2],115,166,168,51,149
1,<environment.Job instance at 0x15154c5c2870>,88,15,[10  2],114,168,183,54,154
1,<environment.Job instance at 0x1514ff928500>,92,27,[5 1],120,164,191,44,164
1,<environment.Job instance at 0x1514ff9284b0>,91,14,[5 2],119,185,199,66,185
1,<environment.Job instance at 0x1514ff9b5e60>,94,2,[1 9],122,199,201,77,199
1,<environment.Job instance at 0x15154c5c2280>,90,1,[1 5],117,259,260,142,259
1,<environment.Job instance at 0x1514ff9b54b0>,96,1,[1 8],124,281,282,157,281
1,<environment.Job instance at 0x1514ffde2f50>,7,15,[6 1],10,297,312,287,297
1,<environment.Job instance at 0x1514ff8e58c0>,97,1,[2 9],126,316,317,190,316
1,<environment.Job instance at 0x1514ffce3c30>,98,2,[10  2],127,542,544,415,542
1,<environment.Job instance at 0x1514ffc3cd70>,95,14,[1 6],123,2067,2081,1944,2067
1,<environment.Job instance at 0x1514ffc3cf00>,93,15,[14  1],121,2191,2206,2070,2191
1,<environment.Job instance at 0x1514ffe37730>,31,17,[12  1],40,2620,2637,2580,2620
1,<environment.Job instance at 0x1514ffc6a2d0>,0,1,[7 2],2,3,4,1,3
1,<environment.Job instance at 0x15154c5f22d0>,3,25,[6 1],5,5,30,0,5
1,<environment.Job instance at 0x1514ff83f7d0>,11,22,[2 5],19,19,41,0,19
1,<environment.Job instance at 0x15154c5e87d0>,16,3,[6 2],26,26,29,0,26
1,<environment.Job instance at 0x1514ffc43550>,17,2,[12  1],27,30,32,3,27
1,<environment.Job instance at 0x1514fff31cd0>,14,26,[ 2 13],23,41,67,18,38
1,<environment.Job instance at 0x15154c60a280>,21,1,[8 1],32,38,39,6,38
1,<environment.Job instance at 0x15154bcf7c30>,20,2,[7 1],31,39,41,8,38
1,<environment.Job instance at 0x15154c60a0f0>,22,2,[10  2],33,41,43,8,38
1,<environment.Job instance at 0x15154c60af00>,25,1,[6 2],37,39,40,2,38
1,<environment.Job instance at 0x15154c60acd0>,23,14,[9 1],34,47,61,13,47
1,<environment.Job instance at 0x151544eed500>,31,2,[8 2],50,61,63,11,50
1,<environment.Job instance at 0x151544eeddc0>,36,3,[2 8],58,67,70,9,58
1,<environment.Job instance at 0x1514fface500>,39,2,[8 2],62,63,65,1,62
1,<environment.Job instance at 0x1514fface820>,41,28,[5 2],64,70,98,6,70
1,<environment.Job instance at 0x1515451a5be0>,37,1,[1 8],60,102,103,42,102
1,<environment.Job instance at 0x1514ffcea690>,19,14,[7 1],30,137,151,107,137
1,<environment.Job instance at 0x151545c636e0>,46,2,[2 6],69,145,147,76,145
1,<environment.Job instance at 0x151544eed0f0>,35,2,[ 1 11],57,156,158,99,156
1,<environment.Job instance at 0x1514fface230>,44,3,[ 2 14],67,158,161,91,158
1,<environment.Job instance at 0x1514ff9f9230>,60,16,[7 1],85,163,179,78,163
1,<environment.Job instance at 0x1514ff9f92d0>,61,2,[8 2],86,163,165,77,163
1,<environment.Job instance at 0x1514ff9f93c0>,62,1,[9 2],87,179,180,92,163
1,<environment.Job instance at 0x1514ff9f9f50>,63,2,[1 7],88,165,167,77,163
1,<environment.Job instance at 0x1514fff13f00>,64,26,[1 6],91,165,191,74,163
1,<environment.Job instance at 0x1514ff84ad70>,67,23,[9 1],96,180,203,84,174
1,<environment.Job instance at 0x151544ef6e10>,73,2,[10  1],104,203,205,99,184
1,<environment.Job instance at 0x151544ef6140>,74,1,[9 1],105,205,206,100,184
1,<environment.Job instance at 0x151544ef6870>,78,20,[8 1],110,211,231,101,211
1,<environment.Job instance at 0x151544ef6820>,77,3,[12  1],109,231,234,122,215
1,<environment.Job instance at 0x151544ef6aa0>,84,2,[9 2],123,234,236,111,217
1,<environment.Job instance at 0x151544ef60f0>,85,1,[ 2 10],127,217,218,90,217
1,<environment.Job instance at 0x151545c63c80>,45,1,[5 1],68,229,230,161,229
1,<environment.Job instance at 0x151544ef6780>,86,3,[11  1],129,236,239,107,233
1,<environment.Job instance at 0x151545c63320>,47,1,[8 1],70,245,246,175,245
1,<environment.Job instance at 0x1514ffc435a0>,1,1,[8 1],3,3,4,0,3
1,<environment.Job instance at 0x1514ff6ff140>,5,2,[5 2],13,14,16,1,14
1,<environment.Job instance at 0x1514ff6ff1e0>,7,2,[5 2],16,16,18,0,16
1,<environment.Job instance at 0x1514ff6ff500>,8,1,[ 2 10],17,17,18,0,17
1,<environment.Job instance at 0x1514ff6ff4b0>,9,1,[6 2],18,18,19,0,18
1,<environment.Job instance at 0x1514ff6ff8c0>,10,2,[ 1 12],19,95,97,76,95
1,<environment.Job instance at 0x1514ff6fff00>,24,22,[ 2 10],37,97,119,60,95
1,<environment.Job instance at 0x1514ff681eb0>,45,2,[7 1],68,117,119,49,117
1,<environment.Job instance at 0x1514ff681b90>,46,21,[6 1],70,117,138,47,117
1,<environment.Job instance at 0x1514ff6ff9b0>,13,21,[5 1],22,143,164,121,143
1,<environment.Job instance at 0x1514ff6ff910>,12,2,[5 2],21,156,158,135,156
1,<environment.Job instance at 0x1514ff681f50>,49,1,[ 2 10],74,159,160,85,159
1,<environment.Job instance at 0x1514ff684140>,50,2,[2 8],75,177,179,102,177
1,<environment.Job instance at 0x1514ff684230>,51,1,[1 7],78,177,178,99,177
1,<environment.Job instance at 0x1514ff684050>,52,1,[1 7],80,181,182,101,181
1,<environment.Job instance at 0x1514ff684a00>,61,18,[9 1],93,359,377,266,359
1,<environment.Job instance at 0x1514ff6873c0>,73,21,[9 1],111,588,609,477,588
1,<environment.Job instance at 0x1514ff681f00>,48,14,[2 6],73,774,788,701,774
1,<environment.Job instance at 0x1514ff681fa0>,47,3,[ 2 13],72,788,791,716,776
1,<environment.Job instance at 0x1514ff687d20>,86,20,[ 2 11],128,791,811,663,786
1,<environment.Job instance at 0x1514ff6ffa50>,14,3,[2 8],23,811,814,788,796
1,<environment.Job instance at 0x1514ff6874b0>,76,2,[5 1],115,808,810,693,808
1,<environment.Job instance at 0x1514ff7e0be0>,6,1,[1 8],10,10,11,0,10
1,<environment.Job instance at 0x1514ff7e0e60>,7,1,[2 9],11,11,12,0,11
1,<environment.Job instance at 0x1514ff7e0190>,10,1,[7 2],15,15,16,0,15
1,<environment.Job instance at 0x1514ff7e0640>,11,1,[10  1],16,17,18,1,17
1,<environment.Job instance at 0x1514ffe62320>,22,26,[8 1],28,28,54,0,28
1,<environment.Job instance at 0x1514ffe62e60>,25,27,[6 1],31,32,59,1,32
1,<environment.Job instance at 0x1515469c5e10>,28,16,[5 2],34,54,70,20,45
1,<environment.Job instance at 0x1514ffbb7230>,31,3,[7 2],38,59,62,21,45
1,<environment.Job instance at 0x1515400966e0>,37,2,[1 7],49,66,68,17,66
1,<environment.Job instance at 0x151540096be0>,39,1,[6 1],51,67,68,16,67
1,<environment.Job instance at 0x151540096a50>,36,28,[14  1],48,76,104,28,76
1,<environment.Job instance at 0x1515469c5190>,29,2,[2 9],35,243,245,208,243
1,<environment.Job instance at 0x15154c5c31e0>,60,1,[2 8],77,311,312,234,311
1,<environment.Job instance at 0x1514ff9a74b0>,61,18,[10  2],78,325,343,247,325
1,<environment.Job instance at 0x1515469c5a50>,30,13,[2 8],37,2862,2875,2825,2862
1,<environment.Job instance at 0x15154758dd20>,0,1,[7 2],2,3,4,1,3
1,<environment.Job instance at 0x1514ff76e730>,5,1,[ 1 10],8,8,9,0,8
1,<environment.Job instance at 0x1514ffa3f820>,6,26,[2 5],9,9,35,0,9
1,<environment.Job instance at 0x15154bd0d7d0>,10,1,[1 8],15,15,16,0,15
1,<environment.Job instance at 0x15154516b1e0>,6,2,[6 2],8,43,45,35,43
1,<environment.Job instance at 0x1514ffbe0870>,2,2,[13  1],4,52,54,48,52
1,<environment.Job instance at 0x15154516b140>,5,3,[8 1],7,54,57,47,52
1,<environment.Job instance at 0x1515451ccf50>,3,1,[12  2],5,57,58,52,53
1,<environment.Job instance at 0x15154516b410>,8,2,[1 6],16,53,55,37,53
1,<environment.Job instance at 0x15154516b5f0>,11,1,[7 1],23,55,56,32,53
1,<environment.Job instance at 0x1515451cc190>,4,1,[5 1],6,54,55,48,53
1,<environment.Job instance at 0x15154516b870>,15,2,[5 1],28,58,60,30,53
1,<environment.Job instance at 0x15154516b8c0>,17,1,[7 2],30,56,57,26,53
1,<environment.Job instance at 0x15154516b6e0>,18,17,[6 2],32,58,75,26,53
1,<environment.Job instance at 0x15154516bdc0>,25,1,[1 9],40,57,58,17,53
1,<environment.Job instance at 0x15154516bf00>,29,1,[8 1],46,60,61,14,54
1,<environment.Job instance at 0x1514ffb172d0>,31,2,[1 6],48,58,60,10,55
1,<environment.Job instance at 0x1514ffb17320>,32,1,[2 5],49,58,59,9,55
1,<environment.Job instance at 0x1514ffb17500>,34,1,[ 1 13],51,61,62,10,55
1,<environment.Job instance at 0x15154516b460>,13,3,[6 2],26,62,65,36,59
1,<environment.Job instance at 0x1514ffb17730>,36,1,[5 2],53,65,66,12,59
1,<environment.Job instance at 0x15154516b050>,9,18,[8 1],18,182,200,164,182
1,<environment.Job instance at 0x15154516b370>,7,3,[9 2],9,274,277,265,274
1,<environment.Job instance at 0x1514ffb29a00>,39,2,[5 1],64,807,809,743,807
1,<environment.Job instance at 0x1514ffb29b40>,41,2,[1 8],66,823,825,757,823
1,<environment.Job instance at 0x1514ffb29aa0>,40,2,[1 6],65,960,962,895,960
1,<environment.Job instance at 0x1514ffb29b90>,43,18,[10  2],69,1081,1099,1012,1081
1,<environment.Job instance at 0x1514ffb29d20>,44,1,[6 1],70,1292,1293,1222,1292
1,<environment.Job instance at 0x1514ffb29be0>,42,1,[6 1],67,1329,1330,1262,1329
1,<environment.Job instance at 0x1514ffb29e60>,46,1,[1 5],72,1423,1424,1351,1423
1,<environment.Job instance at 0x1514ffb29d70>,45,1,[2 9],71,1662,1663,1591,1662
1,<environment.Job instance at 0x1514ffb29230>,37,12,[2 9],54,1831,1843,1777,1831
1,<environment.Job instance at 0x1514ffb29c80>,49,3,[1 7],75,1843,1846,1768,1837
1,<environment.Job instance at 0x1514ffb297d0>,50,3,[10  2],77,1837,1840,1760,1837
1,<environment.Job instance at 0x1514ffb041e0>,51,17,[9 2],79,1840,1857,1761,1837
1,<environment.Job instance at 0x1514ffb04280>,52,2,[9 2],81,1857,1859,1776,1848
1,<environment.Job instance at 0x1514ffb042d0>,53,2,[2 7],85,1849,1851,1764,1849
1,<environment.Job instance at 0x1514ffb04370>,54,1,[8 1],86,1859,1860,1773,1849
1,<environment.Job instance at 0x1514ffb040a0>,55,15,[7 1],87,1859,1874,1772,1850
1,<environment.Job instance at 0x1514ffb04190>,56,1,[1 8],88,1860,1861,1772,1860
1,<environment.Job instance at 0x1514ffb04410>,57,12,[7 2],89,1860,1872,1771,1860
1,<environment.Job instance at 0x1514ffb29fa0>,48,3,[5 1],74,2756,2759,2682,2756
1,<environment.Job instance at 0x1514ff523320>,8,1,[2 7],10,13,14,3,13
1,<environment.Job instance at 0x1514ff523780>,11,2,[9 1],14,14,16,0,14
1,<environment.Job instance at 0x1514ff525aa0>,12,1,[2 5],15,15,16,0,15
1,<environment.Job instance at 0x1514ff5238c0>,7,14,[ 2 10],8,21,35,13,21
1,<environment.Job instance at 0x1514ff518be0>,22,2,[2 9],30,35,37,5,30
1,<environment.Job instance at 0x1514ff518500>,23,2,[8 2],31,31,33,0,31
1,<environment.Job instance at 0x1514ff5eaeb0>,34,23,[2 5],47,66,89,19,66
1,<environment.Job instance at 0x1514ffc864b0>,40,1,[5 2],53,81,82,28,81
1,<environment.Job instance at 0x15154a9d1c80>,2,1,[7 2],5,5,6,0,5
1,<environment.Job instance at 0x15154bc57c30>,15,3,[ 2 10],22,150,153,128,150
1,<environment.Job instance at 0x151545434eb0>,23,3,[ 1 10],34,252,255,218,252
1,<environment.Job instance at 0x15154c5c1050>,28,2,[1 7],41,382,384,341,382
1,<environment.Job instance at 0x1514ff84d550>,29,2,[2 6],42,473,475,431,473
1,<environment.Job instance at 0x1514ff5a4b90>,30,3,[6 1],44,487,490,443,487
1,<environment.Job instance at 0x151547500820>,31,16,[ 2 10],45,494,510,449,494
1,<environment.Job instance at 0x1514ffab7460>,32,2,[5 1],47,568,570,521,568
1,<environment.Job instance at 0x15154bc88d70>,33,3,[6 1],48,595,598,547,595
1,<environment.Job instance at 0x15154c5c1320>,34,1,[10  1],49,620,621,571,620
1,<environment.Job instance at 0x1514ffdbeb40>,35,15,[7 1],50,628,643,578,628
1,<environment.Job instance at 0x1514ffa3bdc0>,36,3,[ 2 10],51,713,716,662,713
1,<environment.Job instance at 0x1514ffa3b4b0>,37,17,[2 9],53,822,839,769,822
1,<environment.Job instance at 0x1514ffa3b910>,38,1,[9 2],54,998,999,944,998
1,<environment.Job instance at 0x1514ffa3b0f0>,39,3,[2 9],55,1034,1037,979,1034
1,<environment.Job instance at 0x1514fff26aa0>,40,3,[2 5],56,1241,1244,1185,1241
1,<environment.Job instance at 0x1514fff26640>,41,3,[1 7],57,1250,1253,1193,1250
1,<environment.Job instance at 0x1514fff26550>,42,2,[2 6],58,1430,1432,1372,1430
1,<environment.Job instance at 0x1514fff265a0>,43,2,[5 2],59,1454,1456,1395,1454
1,<environment.Job instance at 0x1514fff26fa0>,44,12,[ 1 10],60,1531,1543,1471,1531
1,<environment.Job instance at 0x1514fff26b40>,45,2,[1 5],61,1552,1554,1491,1552
1,<environment.Job instance at 0x1514fff262d0>,46,12,[5 1],62,1595,1607,1533,1595
1,<environment.Job instance at 0x15154bc57780>,14,2,[5 1],20,1605,1607,1585,1605
1,<environment.Job instance at 0x1514fff264b0>,47,1,[10  1],63,1612,1613,1549,1612
1,<environment.Job instance at 0x1514ffa2e730>,49,1,[10  2],67,1704,1705,1637,1704
1,<environment.Job instance at 0x1514ffa2eaf0>,50,1,[6 1],69,1713,1714,1644,1713
1,<environment.Job instance at 0x1515478d29b0>,51,13,[1 6],70,1730,1743,1660,1730
1,<environment.Job instance at 0x1514ffa2ef00>,52,2,[1 8],71,1753,1755,1682,1753
1,<environment.Job instance at 0x1514ffa2e640>,53,17,[6 1],72,1847,1864,1775,1847
1,<environment.Job instance at 0x1514ffa2e960>,54,1,[8 1],73,1860,1861,1787,1860
1,<environment.Job instance at 0x15154a9bbaf0>,55,3,[1 6],74,1906,1909,1832,1906
1,<environment.Job instance at 0x15154a9bb190>,56,2,[1 9],77,1991,1993,1914,1991
1,<environment.Job instance at 0x15154a9bbf00>,57,17,[2 7],78,2084,2101,2006,2084
1,<environment.Job instance at 0x15154a9bb370>,58,12,[5 1],79,2124,2136,2045,2124
1,<environment.Job instance at 0x1515454087d0>,59,16,[1 7],81,2130,2146,2049,2130
1,<environment.Job instance at 0x1514ffa2e0a0>,48,3,[1 7],65,2243,2246,2178,2243
1,<environment.Job instance at 0x1515454084b0>,60,3,[2 6],82,2285,2288,2203,2285
1,<environment.Job instance at 0x151545408460>,62,3,[2 8],86,2377,2380,2291,2377
1,<environment.Job instance at 0x151545408730>,63,2,[9 1],88,2428,2430,2340,2428
1,<environment.Job instance at 0x15154dda5550>,64,12,[5 2],89,2429,2441,2340,2429
1,<environment.Job instance at 0x15154dda5640>,65,1,[1 9],90,2503,2504,2413,2503
1,<environment.Job instance at 0x1514ff8a3d70>,66,1,[1 5],91,2680,2681,2589,2680
1,<environment.Job instance at 0x15154c6f3dc0>,8,2,[7 1],10,10,12,0,10
1,<environment.Job instance at 0x15154c6f3aa0>,9,1,[10  1],11,12,13,1,11
1,<environment.Job instance at 0x15154c707a50>,16,1,[2 5],18,18,19,0,18
1,<environment.Job instance at 0x15154c707aa0>,19,2,[2 5],23,36,38,13,36
1,<environment.Job instance at 0x15154c707d70>,21,1,[8 1],27,45,46,18,45
1,<environment.Job instance at 0x15154c707d20>,23,14,[9 2],29,78,92,49,78
1,<environment.Job instance at 0x15154c707f00>,25,3,[1 5],31,109,112,78,109
1,<environment.Job instance at 0x15154c70f0a0>,27,16,[8 1],34,133,149,99,133
1,<environment.Job instance at 0x15154c707b90>,17,3,[ 1 11],21,137,140,116,137
1,<environment.Job instance at 0x15154c70f2d0>,30,3,[1 7],38,140,143,102,137
1,<environment.Job instance at 0x15154c70f3c0>,31,3,[7 1],39,143,146,104,137
1,<environment.Job instance at 0x15154c70f460>,32,2,[2 7],40,140,142,100,137
1,<environment.Job instance at 0x15154c70f050>,28,14,[2 8],35,146,160,111,137
1,<environment.Job instance at 0x15154c70fa00>,41,3,[5 1],51,155,158,104,155
1,<environment.Job instance at 0x15154c70faa0>,42,2,[8 1],53,155,157,102,155
1,<environment.Job instance at 0x15154c70fcd0>,44,3,[8 2],55,157,160,102,155
1,<environment.Job instance at 0x15154c70f5f0>,34,1,[1 9],42,160,161,118,159
1,<environment.Job instance at 0x15154c70feb0>,46,2,[2 7],59,165,167,106,165
1,<environment.Job instance at 0x15154c707cd0>,20,3,[1 5],26,171,174,145,171
1,<environment.Job instance at 0x15154c707be0>,22,2,[8 2],28,171,173,143,171
1,<environment.Job instance at 0x15154c71a0a0>,50,23,[1 5],64,171,194,107,171
1,<environment.Job instance at 0x15154c71a050>,51,1,[8 1],65,173,174,108,171
1,<environment.Job instance at 0x15154c70ff00>,49,2,[1 9],63,174,176,111,171
1,<environment.Job instance at 0x15154c71a280>,53,1,[8 2],67,176,177,109,171
1,<environment.Job instance at 0x15154c71a1e0>,54,2,[7 1],68,174,176,106,171
1,<environment.Job instance at 0x15154c71a3c0>,55,1,[5 1],69,171,172,102,171
1,<environment.Job instance at 0x15154c71a460>,56,2,[2 8],70,176,178,106,171
1,<environment.Job instance at 0x15154c71a500>,57,3,[7 1],71,177,180,106,174
1,<environment.Job instance at 0x15154c71a870>,60,22,[5 1],76,184,206,108,184
1,<environment.Job instance at 0x15154c71a5a0>,58,3,[8 2],72,195,198,123,195
1,<environment.Job instance at 0x15154c71a7d0>,63,3,[1 5],82,195,198,113,195
1,<environment.Job instance at 0x15154c71a8c0>,64,2,[5 2],83,201,203,118,201
1,<environment.Job instance at 0x15154c71ab40>,66,1,[7 2],86,203,204,117,202
1,<environment.Job instance at 0x15154c71acd0>,67,2,[2 8],87,202,204,115,202
1,<environment.Job instance at 0x15154c71ac80>,68,12,[9 1],88,204,216,116,204
1,<environment.Job instance at 0x15154c71ad20>,69,3,[9 2],90,216,219,126,212
1,<environment.Job instance at 0x15154c71ae60>,70,1,[ 2 10],91,212,213,121,212
1,<environment.Job instance at 0x15154c71af00>,71,2,[6 2],92,213,215,121,212
1,<environment.Job instance at 0x15154c71afa0>,72,1,[1 5],94,215,216,121,213
1,<environment.Job instance at 0x15154c715140>,75,2,[8 1],97,219,221,122,213
1,<environment.Job instance at 0x15154c715050>,73,2,[5 2],95,215,217,120,213
1,<environment.Job instance at 0x15154c7151e0>,77,3,[10  2],99,221,224,122,213
1,<environment.Job instance at 0x15154c715320>,78,18,[2 5],100,217,235,117,213
1,<environment.Job instance at 0x15154c715460>,79,3,[2 7],101,217,220,116,217
1,<environment.Job instance at 0x15154c7156e0>,83,2,[ 1 13],105,282,284,177,282
1,<environment.Job instance at 0x15154c70fa50>,40,3,[ 1 14],50,300,303,250,300
1,<environment.Job instance at 0x15154c7153c0>,80,18,[ 2 11],102,431,449,329,431
1,<environment.Job instance at 0x15154c715dc0>,93,2,[11  1],118,1138,1140,1020,1138
1,<environment.Job instance at 0x15154c70fdc0>,48,13,[ 2 10],62,1211,1224,1149,1211
1,<environment.Job instance at 0x15154c70ff50>,47,17,[6 2],61,1213,1230,1152,1213
1,<environment.Job instance at 0x1514ff974d20>,11,2,[ 1 11],17,36,38,19,36
1,<environment.Job instance at 0x1514ff974f00>,6,2,[6 2],10,36,38,26,36
1,<environment.Job instance at 0x15154c65e410>,12,2,[1 8],18,192,194,174,192
1,<environment.Job instance at 0x1514ffbcac80>,70,2,[6 2],107,192,194,85,192
1,<environment.Job instance at 0x15154c65ec80>,13,16,[ 1 12],19,194,210,175,194
1,<environment.Job instance at 0x1514ffdf0640>,73,3,[6 2],110,202,205,92,202
1,<environment.Job instance at 0x1514ffbca5a0>,71,13,[6 1],108,208,221,100,208
1,<environment.Job instance at 0x15154e71d140>,69,1,[14  2],106,221,222,115,209
1,<environment.Job instance at 0x1514ffd2ec80>,79,1,[10  2],119,222,223,103,213
1,<environment.Job instance at 0x1514ffd956e0>,74,3,[5 2],112,231,234,119,231
1,<environment.Job instance at 0x1514ffbb0370>,83,18,[8 1],127,232,250,105,232
1,<environment.Job instance at 0x1515475a6500>,84,1,[6 2],128,234,235,106,232
1,<environment.Job instance at 0x1514ffe2c6e0>,85,1,[6 1],129,235,236,106,232
1,<environment.Job instance at 0x151546af4c80>,75,2,[1 8],113,249,251,136,249
1,<environment.Job instance at 0x1514ffe4a1e0>,82,2,[10  1],125,274,276,149,274
1,<environment.Job instance at 0x151546a67140>,67,2,[14  2],104,282,284,178,282
1,<environment.Job instance at 0x1514ff635550>,0,1,[5 1],3,3,4,0,3
1,<environment.Job instance at 0x1514ff635a50>,5,1,[ 2 10],12,12,13,0,12
1,<environment.Job instance at 0x1515451f5140>,9,2,[ 1 10],20,21,23,1,21
1,<environment.Job instance at 0x1515451f5870>,11,1,[1 6],22,23,24,1,22
1,<environment.Job instance at 0x1515451f5050>,12,1,[1 8],23,23,24,0,23
1,<environment.Job instance at 0x1515451f5820>,13,1,[8 2],25,25,26,0,25
1,<environment.Job instance at 0x1515451f5460>,14,2,[10  2],26,26,28,0,26
1,<environment.Job instance at 0x1515451f58c0>,15,2,[14  1],27,28,30,1,27
1,<environment.Job instance at 0x15154bf582d0>,32,1,[1 7],57,84,85,27,84
1,<environment.Job instance at 0x15154bf58050>,34,3,[6 2],60,84,87,24,84
1,<environment.Job instance at 0x15154d7a2140>,21,2,[1 8],36,101,103,65,101
1,<environment.Job instance at 0x15154bf58dc0>,41,3,[1 6],72,109,112,37,109
1,<environment.Job instance at 0x1514ffd3e8c0>,47,1,[2 8],84,118,119,34,118
1,<environment.Job instance at 0x1514ffd3e190>,45,3,[10  2],82,118,121,36,118
1,<environment.Job instance at 0x1514fffca960>,50,13,[7 2],91,121,134,30,118
1,<environment.Job instance at 0x1514fffcaeb0>,52,3,[5 2],97,119,122,22,118
1,<environment.Job instance at 0x1514fffcac30>,55,1,[9 1],101,134,135,33,118
1,<environment.Job instance at 0x151546b57a00>,57,2,[2 5],104,121,123,17,118
1,<environment.Job instance at 0x1514ffa5d690>,68,1,[5 2],117,152,153,35,152
1,<environment.Job instance at 0x1514fffca3c0>,51,2,[6 2],92,193,195,101,193
1,<environment.Job instance at 0x15154d7a20a0>,22,12,[5 2],37,249,261,212,249
1,<environment.Job instance at 0x15154bf58730>,28,1,[7 2],46,283,284,237,283
1,<environment.Job instance at 0x1515478c06e0>,4,1,[2 5],5,6,7,1,6
1,<environment.Job instance at 0x1515478c0960>,9,1,[9 2],10,10,11,0,10
1,<environment.Job instance at 0x1514ffdb7280>,15,3,[ 2 12],20,421,424,401,421
1,<environment.Job instance at 0x1514ffdb7640>,23,12,[1 7],32,424,436,392,421
1,<environment.Job instance at 0x1514ffdb7780>,24,2,[11  1],34,423,425,389,423
1,<environment.Job instance at 0x1514ffdb7910>,25,3,[9 1],37,425,428,388,423
1,<environment.Job instance at 0x1514ffdb72d0>,16,3,[9 1],21,428,431,407,426
1,<environment.Job instance at 0x1514ffdb7a50>,26,27,[9 2],38,431,458,393,429
1,<environment.Job instance at 0x1514ffdb7af0>,28,3,[1 6],40,429,432,389,429
1,<environment.Job instance at 0x1514ffdb7960>,29,1,[6 1],41,436,437,395,429
1,<environment.Job instance at 0x1514ffdb7b90>,30,1,[1 5],42,432,433,390,429
1,<environment.Job instance at 0x1514ffdb7c80>,31,2,[1 7],43,437,439,394,429
1,<environment.Job instance at 0x1514ffdb7dc0>,33,1,[1 8],45,439,440,394,429
1,<environment.Job instance at 0x1514ffdb7f00>,34,2,[2 5],46,433,435,387,429
1,<environment.Job instance at 0x1514ffdb7fa0>,35,3,[1 9],47,440,443,393,429
1,<environment.Job instance at 0x1514ffd8b0f0>,36,3,[8 1],48,458,461,410,432
1,<environment.Job instance at 0x1514ffd8b0a0>,37,1,[2 9],49,443,444,394,432
1,<environment.Job instance at 0x1514ffd8b280>,38,3,[1 9],52,444,447,392,432
1,<environment.Job instance at 0x1514ffd8b370>,39,1,[9 1],53,461,462,408,433
1,<environment.Job instance at 0x1514ffd8b2d0>,40,3,[1 7],54,447,450,393,433
1,<environment.Job instance at 0x1514ffd8b320>,41,2,[1 8],55,450,452,395,433
1,<environment.Job instance at 0x1514ffd8b500>,43,3,[5 1],58,437,440,379,433
1,<environment.Job instance at 0x1514ffd8b5a0>,44,3,[9 2],59,462,465,403,436
1,<environment.Job instance at 0x1514ffdb79b0>,27,2,[7 1],39,473,475,434,473
1,<environment.Job instance at 0x1514ffd8bc30>,53,1,[5 2],70,473,474,403,473
1,<environment.Job instance at 0x1514ffdb7500>,19,1,[2 5],28,473,474,445,473
1,<environment.Job instance at 0x1514ffd8bcd0>,54,3,[1 8],72,474,477,402,473
1,<environment.Job instance at 0x1514ffd9d550>,67,21,[6 2],92,520,541,428,520
1,<environment.Job instance at 0x1514ffd9da50>,76,18,[6 1],106,564,582,458,564
1,<environment.Job instance at 0x1514ffd9dc80>,80,27,[7 1],111,591,618,480,591
1,<environment.Job instance at 0x1514ffd8bc80>,55,16,[ 1 10],73,1319,1335,1246,1319
1,<environment.Job instance at 0x1514ffdb70a0>,17,3,[1 8],23,1970,1973,1947,1970
1,<environment.Job instance at 0x15154697f690>,4,23,[1 9],6,6,29,0,6
1,<environment.Job instance at 0x151544cb4500>,14,1,[2 7],28,29,30,1,28
1,<environment.Job instance at 0x151546beb230>,25,2,[2 6],45,48,50,3,48
1,<environment.Job instance at 0x151546bebd20>,26,17,[2 7],48,48,65,0,48
1,<environment.Job instance at 0x151546beb460>,27,1,[2 9],49,65,66,16,49
1,<environment.Job instance at 0x151546beb500>,28,1,[2 6],50,50,51,0,50
1,<environment.Job instance at 0x151546beb280>,29,2,[1 8],51,51,53,0,51
1,<environment.Job instance at 0x151546beb0a0>,30,1,[8 2],53,53,54,0,53
1,<environment.Job instance at 0x151544c870a0>,32,2,[2 8],56,56,58,0,56
1,<environment.Job instance at 0x151544c87cd0>,33,2,[7 2],57,58,60,1,57
1,<environment.Job instance at 0x151544c87370>,34,2,[13  1],58,60,62,2,60
1,<environment.Job instance at 0x151544c87f50>,38,1,[7 1],64,64,65,0,64
1,<environment.Job instance at 0x151544c878c0>,39,1,[1 5],65,65,66,0,65
1,<environment.Job instance at 0x151544c879b0>,41,17,[6 1],68,78,95,10,78
1,<environment.Job instance at 0x1514fff9ab40>,46,2,[6 2],74,78,80,4,78
1,<environment.Job instance at 0x1514fff9a460>,50,1,[6 2],80,80,81,0,80
1,<environment.Job instance at 0x1514fff9b780>,56,15,[7 2],88,96,111,8,96
1,<environment.Job instance at 0x1514fff9b7d0>,58,2,[1 6],90,96,98,6,96
1,<environment.Job instance at 0x1514fff9b640>,59,24,[9 2],91,111,135,20,106
1,<environment.Job instance at 0x1514fff9b050>,62,2,[6 2],95,117,119,22,117
1,<environment.Job instance at 0x1514fff9b910>,65,1,[1 9],100,119,120,19,117
1,<environment.Job instance at 0x1514fff9b6e0>,66,1,[10  2],101,135,136,34,117
1,<environment.Job instance at 0x1514fff9b500>,68,1,[6 2],105,122,123,17,122
1,<environment.Job instance at 0x151546beb780>,24,13,[8 1],44,136,149,92,131
1,<environment.Job instance at 0x1514ff72b4b0>,73,2,[6 1],110,137,139,27,137
1,<environment.Job instance at 0x1514ff72bd70>,78,16,[8 1],120,149,165,29,143
1,<environment.Job instance at 0x1514ff72beb0>,79,2,[6 2],121,143,145,22,143
1,<environment.Job instance at 0x1514ff72bb40>,80,1,[2 5],122,145,146,23,143
1,<environment.Job instance at 0x15154789d460>,81,3,[2 8],126,145,148,19,143
1,<environment.Job instance at 0x151544ec5fa0>,82,2,[1 9],127,143,145,16,143
1,<environment.Job instance at 0x1514ffa28e60>,83,3,[2 6],128,146,149,18,143
1,<environment.Job instance at 0x1514ffd00d20>,84,2,[5 2],129,148,150,19,143
1,<environment.Job instance at 0x1514ff72baf0>,77,2,[2 8],118,164,166,46,164
1,<environment.Job instance at 0x1514ff72b690>,72,2,[1 5],109,168,170,59,168
1,<environment.Job instance at 0x151546beb5f0>,22,2,[6 2],38,170,172,132,170
1,<environment.Job instance at 0x151546bebc30>,21,12,[8 1],37,187,199,150,187
1,<environment.Job instance at 0x151546bebc30>,2,1,[2 5],4,5,6,1,5
1,<environment.Job instance at 0x1514ffa58870>,7,1,[7 1],10,10,11,0,10
1,<environment.Job instance at 0x1514ffa58f00>,9,23,[2 9],12,12,35,0,12
1,<environment.Job instance at 0x1514ffa4bf50>,22,1,[8 1],36,36,37,0,36
1,<environment.Job instance at 0x1514ffa74a50>,30,2,[2 8],45,45,47,0,45
1,<environment.Job instance at 0x1514ffa74cd0>,32,3,[13  1],47,48,51,1,48
1,<environment.Job instance at 0x1514ffa74eb0>,34,1,[2 9],49,49,50,0,49
1,<environment.Job instance at 0x1514ffa74c80>,36,1,[10  1],55,55,56,0,55
1,<environment.Job instance at 0x151546b852d0>,37,1,[7 2],56,56,57,0,56
1,<environment.Job instance at 0x151546b85550>,39,1,[2 9],58,58,59,0,58
1,<environment.Job instance at 0x151546b85960>,42,1,[1 6],66,66,67,0,66
1,<environment.Job instance at 0x151546b85c30>,45,3,[1 6],70,71,74,1,71
1,<environment.Job instance at 0x151546b85910>,48,3,[6 2],73,73,76,0,73
1,<environment.Job instance at 0x151546b85fa0>,50,1,[2 9],78,78,79,0,78
1,<environment.Job instance at 0x151546b78370>,51,18,[2 7],79,1782,1800,1703,1782
1,<environment.Job instance at 0x151546b78780>,57,1,[8 2],89,1787,1788,1698,1787
1,<environment.Job instance at 0x151546b78820>,58,1,[1 6],90,1788,1789,1698,1788
1,<environment.Job instance at 0x151546b788c0>,59,2,[1 8],91,1789,1791,1698,1789
1,<environment.Job instance at 0x151546b78960>,60,16,[9 2],92,1791,1807,1699,1789
1,<environment.Job instance at 0x151546b78a00>,61,15,[ 1 10],93,1813,1828,1720,1813
1,<environment.Job instance at 0x151546b78aa0>,62,1,[5 1],94,1814,1815,1720,1814
1,<environment.Job instance at 0x151546b78b40>,63,2,[2 7],95,1828,1830,1733,1817
1,<environment.Job instance at 0x151546b78be0>,64,2,[9 1],96,1818,1820,1722,1818
1,<environment.Job instance at 0x151546b78c80>,65,1,[1 8],97,1828,1829,1731,1819
1,<environment.Job instance at 0x151546b78d20>,66,2,[10  2],98,1820,1822,1722,1819
1,<environment.Job instance at 0x151546b78dc0>,67,1,[9 2],99,1822,1823,1723,1819
1,<environment.Job instance at 0x151546b78e60>,68,14,[2 7],100,1829,1843,1729,1829
1,<environment.Job instance at 0x151546b78320>,69,1,[10  1],102,1832,1833,1730,1832
1,<environment.Job instance at 0x151546b78f00>,70,23,[5 2],104,1833,1856,1729,1832
1,<environment.Job instance at 0x151546b78fa0>,71,2,[2 9],106,1843,1845,1737,1836
1,<environment.Job instance at 0x151546b9d1e0>,72,3,[9 1],107,1845,1848,1738,1836
1,<environment.Job instance at 0x151546b9d2d0>,73,17,[2 6],108,1848,1865,1740,1844
1,<environment.Job instance at 0x151546b9d230>,74,1,[1 6],109,1848,1849,1739,1848
1,<environment.Job instance at 0x14f792858b90>,7,1,[2 6],8,8,9,0,8
1,<environment.Job instance at 0x14f792823aa0>,26,1,[2 7],35,35,36,0,35
1,<environment.Job instance at 0x14f792798370>,31,3,[9 2],41,45,48,4,45
1,<environment.Job instance at 0x14f792758b40>,32,3,[2 9],42,45,48,3,45
1,<environment.Job instance at 0x14f7927a05f0>,33,1,[2 7],43,48,49,5,45
1,<environment.Job instance at 0x14f792823cd0>,23,2,[8 1],31,166,168,135,166
1,<environment.Job instance at 0x14f79279f6e0>,35,2,[1 8],45,305,307,260,305
1,<environment.Job instance at 0x14f792797af0>,36,3,[10  2],48,479,482,431,479
1,<environment.Job instance at 0x14f7927611e0>,37,2,[ 1 10],50,597,599,547,597
1,<environment.Job instance at 0x14f79a3601e0>,38,1,[8 1],51,875,876,824,875
1,<environment.Job instance at 0x14f79282ed20>,21,3,[6 1],29,1077,1080,1048,1077
1,<environment.Job instance at 0x14f792797640>,39,3,[1 5],52,1460,1463,1408,1460
1,<environment.Job instance at 0x14f790b11be0>,41,25,[12  2],54,1776,1801,1722,1776
1,<environment.Job instance at 0x14f791056eb0>,42,1,[10  1],56,2555,2556,2499,2555
1,<environment.Job instance at 0x14f790b3e730>,1,1,[ 2 10],2,2,3,0,2
1,<environment.Job instance at 0x14f790b3ebe0>,2,1,[ 2 14],3,4,5,1,4
1,<environment.Job instance at 0x14f790d9cf50>,17,3,[12  1],24,162,165,138,162
1,<environment.Job instance at 0x14f790d9caf0>,15,1,[1 7],20,189,190,169,189
1,<environment.Job instance at 0x14f791056aa0>,24,27,[1 8],33,192,219,159,192
1,<environment.Job instance at 0x14f7910560a0>,25,3,[1 9],34,219,222,185,203
1,<environment.Job instance at 0x14f790d9cdc0>,14,1,[1 6],19,221,222,202,221
1,<environment.Job instance at 0x14f791056230>,26,2,[7 2],35,222,224,187,221
1,<environment.Job instance at 0x14f790d9c5f0>,18,1,[1 8],26,238,239,212,238
1,<environment.Job instance at 0x14f791056c30>,28,28,[2 8],39,265,293,226,265
1,<environment.Job instance at 0x14f791056be0>,30,15,[1 7],45,358,373,313,358
1,<environment.Job instance at 0x14f791056320>,31,3,[ 2 10],46,373,376,327,371
1,<environment.Job instance at 0x14f791056d20>,32,2,[1 9],48,442,444,394,442
1,<environment.Job instance at 0x14f791056640>,33,2,[ 2 10],51,457,459,406,457
1,<environment.Job instance at 0x14f791056f50>,34,3,[5 2],52,511,514,459,511
1,<environment.Job instance at 0x14f7910569b0>,35,15,[2 7],53,534,549,481,534
1,<environment.Job instance at 0x14f791056d70>,36,2,[ 2 10],54,549,551,495,548
1,<environment.Job instance at 0x14f791056b90>,37,2,[2 9],55,551,553,496,551
1,<environment.Job instance at 0x14f791056050>,38,17,[ 2 10],56,553,570,497,551
1,<environment.Job instance at 0x14f7910560f0>,39,19,[ 1 10],58,622,641,564,622
1,<environment.Job instance at 0x14f791056c80>,27,12,[6 1],36,661,673,625,661
1,<environment.Job instance at 0x14f790db4d20>,40,2,[9 1],59,706,708,647,706
1,<environment.Job instance at 0x14f7910564b0>,29,3,[5 1],43,708,711,665,708
1,<environment.Job instance at 0x14f790db4870>,42,2,[ 1 10],61,729,731,668,729
1,<environment.Job instance at 0x14f791056410>,41,3,[5 2],60,787,790,727,787
1,<environment.Job instance at 0x14f790db4a50>,44,1,[1 7],63,862,863,799,862
1,<environment.Job instance at 0x14f797866820>,0,1,[2 8],1,1,2,0,1
1,<environment.Job instance at 0x14f74b6ecdc0>,1,1,[7 1],2,3,4,1,3
1,<environment.Job instance at 0x14f7982296e0>,3,2,[8 2],5,5,7,0,5
1,<environment.Job instance at 0x14f798229e60>,7,1,[1 8],9,9,10,0,9
1,<environment.Job instance at 0x14f7982290a0>,9,2,[5 2],12,12,14,0,12
1,<environment.Job instance at 0x14f798207e60>,12,1,[1 6],17,17,18,0,17
1,<environment.Job instance at 0x14f79824a6e0>,27,3,[7 2],38,41,44,3,41
1,<environment.Job instance at 0x14f79824a640>,28,21,[7 2],40,41,62,1,41
1,<environment.Job instance at 0x14f79824a280>,26,2,[ 1 10],37,173,175,136,173
1,<environment.Job instance at 0x14f79824a910>,25,14,[8 1],36,178,192,142,178
1,<environment.Job instance at 0x14f79824a5f0>,24,1,[ 2 10],35,180,181,145,180
1,<environment.Job instance at 0x14f7930cb280>,56,2,[8 1],88,192,194,104,180
1,<environment.Job instance at 0x14f7930cbfa0>,57,2,[1 9],91,181,183,90,181
1,<environment.Job instance at 0x14f793476690>,58,2,[1 6],92,183,185,91,181
1,<environment.Job instance at 0x14f793476460>,59,1,[1 9],93,185,186,92,181
1,<environment.Job instance at 0x14f7934767d0>,60,3,[1 8],94,188,191,94,188
1,<environment.Job instance at 0x14f7934763c0>,64,3,[ 2 10],100,191,194,91,190
1,<environment.Job instance at 0x14f7934764b0>,65,1,[7 2],101,194,195,93,190
1,<environment.Job instance at 0x14f793476c80>,66,3,[9 1],102,195,198,93,190
1,<environment.Job instance at 0x14f793476b40>,67,16,[9 1],103,198,214,95,190
1,<environment.Job instance at 0x14f793476be0>,68,1,[6 2],105,198,199,93,198
1,<environment.Job instance at 0x14f793476a50>,70,14,[7 2],107,214,228,107,200
1,<environment.Job instance at 0x14f793476e60>,72,3,[10  2],110,228,231,118,202
1,<environment.Job instance at 0x14f793476140>,73,2,[2 9],111,202,204,91,202
1,<environment.Job instance at 0x14f793476910>,74,3,[9 1],114,231,234,117,205
1,<environment.Job instance at 0x14f793476f00>,76,16,[1 5],118,205,221,87,205
1,<environment.Job instance at 0x14f793476e10>,77,3,[5 1],120,205,208,85,205
1,<environment.Job instance at 0x14f7930cb460>,53,1,[6 2],81,233,234,152,233
1,<environment.Job instance at 0x14f7930cbf50>,55,15,[ 1 11],87,243,258,156,243
1,<environment.Job instance at 0x14f7930cbf00>,52,2,[ 2 12],80,488,490,408,488
1,<environment.Job instance at 0x14f74bbded20>,2,2,[2 9],5,5,7,0,5
1,<environment.Job instance at 0x14f74bbde5f0>,8,1,[10  1],14,14,15,0,14
1,<environment.Job instance at 0x14f74bbdeaf0>,9,27,[1 7],15,15,42,0,15
1,<environment.Job instance at 0x14f78c012910>,17,1,[5 1],29,29,30,0,29
1,<environment.Job instance at 0x14f78c0121e0>,18,3,[1 5],30,30,33,0,30
1,<environment.Job instance at 0x14f78c012be0>,19,2,[1 9],31,42,44,11,31
1,<environment.Job instance at 0x14f78c0120f0>,21,1,[1 8],35,35,36,0,35
1,<environment.Job instance at 0x14f74bbdbeb0>,28,15,[1 5],43,49,64,6,49
1,<environment.Job instance at 0x14f74bbdb4b0>,29,3,[1 9],44,49,52,5,49
1,<environment.Job instance at 0x14f74bbdb190>,30,2,[1 8],46,52,54,6,49
1,<environment.Job instance at 0x14f74bbdba00>,31,2,[1 5],48,54,56,6,49
1,<environment.Job instance at 0x14f78c0baaf0>,36,2,[6 1],54,71,73,17,71
1,<environment.Job instance at 0x14f78c0baeb0>,37,3,[10  1],56,73,76,17,71
1,<environment.Job instance at 0x14f78c0ba4b0>,38,3,[10  2],57,76,79,19,71
1,<environment.Job instance at 0x14f78c0baa50>,39,3,[ 2 11],60,71,74,11,71
1,<environment.Job instance at 0x14f78c0ba5f0>,40,2,[1 7],61,74,76,13,71
1,<environment.Job instance at 0x14f798276c30>,41,1,[1 5],62,74,75,12,71
1,<environment.Job instance at 0x14f798276dc0>,42,18,[8 2],63,82,100,19,82
1,<environment.Job instance at 0x14f78c012c80>,14,2,[1 5],25,92,94,67,92
1,<environment.Job instance at 0x14f798276af0>,47,15,[7 2],68,96,111,28,96
1,<environment.Job instance at 0x14f7982764b0>,50,2,[1 8],71,136,138,65,136
1,<environment.Job instance at 0x14f74b88ca50>,52,2,[2 8],73,147,149,74,147
1,<environment.Job instance at 0x14f7982705a0>,53,3,[5 2],76,148,151,72,148
1,<environment.Job instance at 0x14f7982706e0>,54,1,[6 2],78,148,149,70,148
1,<environment.Job instance at 0x14f798270550>,55,2,[2 8],79,150,152,71,150
1,<environment.Job instance at 0x14f7982703c0>,56,1,[6 2],81,150,151,69,150
1,<environment.Job instance at 0x14f798270eb0>,57,1,[2 9],82,152,153,70,150
1,<environment.Job instance at 0x14f798270190>,58,27,[ 2 10],83,153,180,70,151
1,<environment.Job instance at 0x14f798270820>,60,2,[2 7],86,180,182,94,154
1,<environment.Job instance at 0x14f798270f00>,61,1,[5 2],87,154,155,67,154
1,<environment.Job instance at 0x14f798270910>,62,1,[2 5],88,155,156,67,155
1,<environment.Job instance at 0x14f798270d70>,63,2,[ 1 10],90,182,184,92,155
1,<environment.Job instance at 0x14f78c032b90>,67,1,[7 1],96,156,157,60,156
1,<environment.Job instance at 0x14f74bb20280>,71,2,[5 2],100,167,169,67,167
1,<environment.Job instance at 0x14f74bb20500>,74,19,[2 9],106,198,217,92,198
1,<environment.Job instance at 0x14f74bbdb500>,27,2,[1 7],42,346,348,304,346
1,<environment.Job instance at 0x14f78c012cd0>,15,2,[8 1],26,699,701,673,699
1,<environment.Job instance at 0x14f74bb20f00>,76,17,[9 2],108,788,805,680,788
1,<environment.Job instance at 0x14f7998cd550>,78,2,[1 5],110,824,826,714,824
1,<environment.Job instance at 0x14f78c07e5f0>,79,1,[1 7],111,1443,1444,1332,1443
1,<environment.Job instance at 0x14f78c0e8d70>,80,3,[2 7],112,1549,1552,1437,1549
1,<environment.Job instance at 0x14f74bb7a050>,81,2,[1 5],113,1794,1796,1681,1794
1,<environment.Job instance at 0x14f78c076e10>,82,1,[1 9],115,2540,2541,2425,2540
1,<environment.Job instance at 0x14f74b4d5e60>,83,1,[2 5],116,2670,2671,2554,2670
1,<environment.Job instance at 0x14f74b5e7a00>,84,15,[7 1],117,2796,2811,2679,2796
1,<environment.Job instance at 0x14f7926cd5a0>,3,1,[2 5],4,4,5,0,4
1,<environment.Job instance at 0x14f7926cdcd0>,11,3,[7 1],16,16,19,0,16
1,<environment.Job instance at 0x14f7926cd5f0>,12,3,[2 8],17,17,20,0,17
1,<environment.Job instance at 0x14f7926cd6e0>,13,3,[1 9],18,20,23,2,18
1,<environment.Job instance at 0x14f7926cd410>,9,1,[ 2 10],10,23,24,13,20
1,<environment.Job instance at 0x14f74b5e7a00>,8,25,[12  1],9,21,46,12,21
1,<environment.Job instance at 0x14f79824f5f0>,20,3,[8 1],30,46,49,16,30
1,<environment.Job instance at 0x14f79824f320>,21,2,[7 1],32,46,48,14,32
1,<environment.Job instance at 0x14f79824fdc0>,22,18,[2 6],34,48,66,14,43
1,<environment.Job instance at 0x14f798209d70>,35,1,[10  2],55,55,56,0,55
1,<environment.Job instance at 0x14f798209d20>,36,1,[5 2],56,56,57,0,56
1,<environment.Job instance at 0x14f798209c30>,37,26,[2 8],58,58,84,0,58
1,<environment.Job instance at 0x14f792599050>,47,1,[2 8],79,84,85,5,79
1,<environment.Job instance at 0x14f790d610a0>,48,2,[7 2],80,81,83,1,81
1,<environment.Job instance at 0x14f7926cdfa0>,16,23,[1 6],21,100,123,79,100
1,<environment.Job instance at 0x14f7926cdc80>,10,2,[10  2],12,158,160,146,158
1,<environment.Job instance at 0x14f74b474a50>,73,1,[8 1],119,160,161,41,158
1,<environment.Job instance at 0x14f74b474320>,75,1,[2 9],124,158,159,34,158
1,<environment.Job instance at 0x14f74b4745a0>,71,1,[ 1 12],116,162,163,46,162
1,<environment.Job instance at 0x14f74b3f1820>,82,3,[2 5],134,167,170,33,167
1,<environment.Job instance at 0x14f74b3f13c0>,84,28,[5 1],136,167,195,31,167
1,<environment.Job instance at 0x14f74b38f230>,77,12,[7 1],126,167,179,41,167
1,<environment.Job instance at 0x14f74b3a0b90>,85,13,[8 2],137,179,192,42,168
1,<environment.Job instance at 0x14f74b3a0280>,87,15,[6 1],139,192,207,53,178
1,<environment.Job instance at 0x14f74b474e60>,74,3,[1 9],121,193,196,72,193
1,<environment.Job instance at 0x14f7926cd870>,15,3,[2 9],20,199,202,179,199
1,<environment.Job instance at 0x14f74b38f2d0>,78,13,[13  2],127,281,294,154,281
1,<environment.Job instance at 0x14f74bac8730>,0,1,[6 2],1,1,2,0,1
1,<environment.Job instance at 0x14f74b93e280>,9,2,[5 1],11,11,13,0,11
1,<environment.Job instance at 0x14f74b93e2d0>,10,1,[6 2],16,16,17,0,16
1,<environment.Job instance at 0x14f74b93e870>,11,1,[1 9],17,17,18,0,17
1,<environment.Job instance at 0x14f74b849f50>,25,2,[7 2],38,44,46,6,44
1,<environment.Job instance at 0x14f7947b6dc0>,39,1,[6 1],56,100,101,44,100
1,<environment.Job instance at 0x14f7947b6500>,42,1,[1 6],60,101,102,41,101
1,<environment.Job instance at 0x14f79983f640>,44,1,[1 7],62,107,108,45,107
1,<environment.Job instance at 0x14f79983f3c0>,45,1,[6 2],63,107,108,44,107
1,<environment.Job instance at 0x14f79983fa00>,57,1,[5 2],79,133,134,54,133
1,<environment.Job instance at 0x14f79983feb0>,59,25,[9 1],81,133,158,52,133
1,<environment.Job instance at 0x14f79983fc80>,60,1,[10  2],83,158,159,75,136
1,<environment.Job instance at 0x14f78c0222d0>,61,21,[ 2 10],84,136,157,52,136
1,<environment.Job instance at 0x14f79822c0a0>,62,21,[2 5],85,157,178,72,149
1,<environment.Job instance at 0x14f7978a3af0>,67,2,[2 9],91,159,161,68,154
1,<environment.Job instance at 0x14f7978a3cd0>,68,2,[1 5],92,157,159,65,154
1,<environment.Job instance at 0x14f78c0b5410>,71,1,[9 1],96,170,171,74,170
1,<environment.Job instance at 0x14f79797d690>,76,2,[5 1],102,186,188,84,186
1,<environment.Job instance at 0x14f790dc1050>,77,1,[1 7],103,186,187,83,186
1,<environment.Job instance at 0x14f74b849be0>,22,3,[1 7],34,269,272,235,269
1,<environment.Job instance at 0x14f78c032820>,91,1,[8 2],123,1413,1414,1290,1413
1,<environment.Job instance at 0x14f78c06c460>,4,1,[13  1],5,5,6,0,5
1,<environment.Job instance at 0x14f78c06cc80>,6,1,[5 1],7,7,8,0,7
1,<environment.Job instance at 0x14f790d77f00>,13,22,[8 1],15,15,37,0,15
1,<environment.Job instance at 0x14f790d68500>,25,1,[ 1 14],30,36,37,6,36
1,<environment.Job instance at 0x14f74b44c1e0>,19,2,[2 9],22,51,53,29,51
1,<environment.Job instance at 0x14f790d672d0>,30,1,[8 1],37,51,52,14,51
1,<environment.Job instance at 0x14f790d689b0>,31,1,[5 1],39,51,52,12,51
1,<environment.Job instance at 0x14f7931f54b0>,32,2,[7 2],40,52,54,12,51
1,<environment.Job instance at 0x14f790d67050>,33,3,[ 2 14],42,54,57,12,51
1,<environment.Job instance at 0x14f79984c3c0>,34,3,[1 8],43,57,60,14,51
1,<environment.Job instance at 0x14f79984c7d0>,35,1,[ 2 10],44,53,54,9,51
1,<environment.Job instance at 0x14f7a2c85f00>,36,2,[7 2],46,57,59,11,51
1,<environment.Job instance at 0x14f74ba645a0>,37,1,[6 1],47,52,53,5,51
1,<environment.Job instance at 0x14f74ba64640>,38,2,[6 1],49,53,55,4,51
1,<environment.Job instance at 0x14f799c75410>,44,27,[5 1],60,69,96,9,69
1,<environment.Job instance at 0x14f74b9478c0>,48,1,[1 8],64,86,87,22,86
1,<environment.Job instance at 0x14f797ba3230>,49,1,[2 9],66,87,88,21,86
1,<environment.Job instance at 0x14f797ba35f0>,51,1,[6 1],70,86,87,16,86
1,<environment.Job instance at 0x14f74b75fb90>,55,25,[6 1],75,88,113,13,88
1,<environment.Job instance at 0x14f7926fbe10>,62,1,[8 2],87,97,98,10,97
1,<environment.Job instance at 0x14f792560e60>,63,22,[2 5],89,98,120,9,97
1,<environment.Job instance at 0x14f792560370>,65,1,[10  1],91,113,114,22,97
1,<environment.Job instance at 0x14f74bb080f0>,39,17,[1 7],50,112,129,62,112
1,<environment.Job instance at 0x14f74ba527d0>,67,13,[7 2],94,114,127,20,112
1,<environment.Job instance at 0x14f79320f690>,68,3,[6 2],96,120,123,24,112
1,<environment.Job instance at 0x14f74b8358c0>,69,2,[12  1],97,127,129,30,112
1,<environment.Job instance at 0x14f74b90f690>,70,15,[2 5],99,123,138,24,112
1,<environment.Job instance at 0x14f74b91a640>,71,14,[7 1],100,129,143,29,114
1,<environment.Job instance at 0x14f74b91a3c0>,72,2,[7 1],101,138,140,37,114
1,<environment.Job instance at 0x14f7934ab370>,73,1,[8 1],102,140,141,38,114
1,<environment.Job instance at 0x14f78c037fa0>,74,2,[10  2],103,143,145,40,116
1,<environment.Job instance at 0x14f78c037dc0>,75,14,[9 1],104,145,159,41,130
1,<environment.Job instance at 0x14f78c037aa0>,76,3,[9 2],105,159,162,54,133
1,<environment.Job instance at 0x14f78c037e10>,77,1,[6 2],107,133,134,26,133
1,<environment.Job instance at 0x14f78c037690>,78,2,[ 1 10],108,138,140,30,133
1,<environment.Job instance at 0x14f78c037c80>,79,2,[2 7],109,134,136,25,133
1,<environment.Job instance at 0x14f79a2c8230>,80,3,[9 2],111,162,165,51,136
1,<environment.Job instance at 0x14f74ba7e370>,81,3,[10  1],112,165,168,53,139
1,<environment.Job instance at 0x14f74bbdca50>,82,17,[1 8],118,143,160,25,143
1,<environment.Job instance at 0x14f74bbdc460>,83,2,[8 2],120,168,170,48,143
1,<environment.Job instance at 0x14f74bbdcc80>,84,17,[1 6],121,160,177,39,148
1,<environment.Job instance at 0x14f74bbdcd20>,85,3,[1 9],122,170,173,48,148
1,<environment.Job instance at 0x14f74bbdc050>,86,13,[2 9],126,173,186,47,157
1,<environment.Job instance at 0x14f79827de10>,87,2,[ 1 11],127,186,188,59,159
1,<environment.Job instance at 0x14f79827d410>,88,3,[2 8],128,165,168,37,159
1,<environment.Job instance at 0x14f79316d230>,89,1,[1 8],130,188,189,58,160
1,<environment.Job instance at 0x14f79316da00>,90,2,[2 9],131,189,191,58,162
1,<environment.Job instance at 0x14f79316dd70>,91,2,[8 2],132,177,179,45,162
1,<environment.Job instance at 0x14f79316daa0>,92,15,[10  1],133,179,194,46,165
1,<environment.Job instance at 0x14f79316d780>,93,28,[5 2],134,191,219,57,190
1,<environment.Job instance at 0x14f79316d3c0>,94,1,[8 2],135,194,195,59,190
1,<environment.Job instance at 0x14f79316d9b0>,95,2,[ 1 10],136,194,196,58,190
1,<environment.Job instance at 0x14f79826fd70>,96,3,[ 2 14],137,219,222,82,193
1,<environment.Job instance at 0x14f79826f280>,97,1,[5 1],138,195,196,57,193
1,<environment.Job instance at 0x14f79826fbe0>,98,2,[2 6],139,196,198,57,193
1,<environment.Job instance at 0x14f74b5a0050>,66,26,[ 2 13],93,223,249,130,223
1,<environment.Job instance at 0x14f74b801640>,45,15,[14  1],61,255,270,194,255
1,<environment.Job instance at 0x14f74bb70640>,22,15,[2 9],26,680,695,654,680
1,<environment.Job instance at 0x14f74bb70500>,23,2,[10  1],27,684,686,657,684
1,<environment.Job instance at 0x14f7925d1280>,30,20,[8 1],40,89,109,49,89
1,<environment.Job instance at 0x14f78c03f6e0>,14,1,[9 2],17,166,167,149,166
1,<environment.Job instance at 0x14f793228460>,40,3,[1 8],61,832,835,771,832
1,<environment.Job instance at 0x14f793228d20>,41,1,[8 1],63,847,848,784,847
1,<environment.Job instance at 0x14f79785fc30>,42,16,[9 1],64,848,864,784,848
1,<environment.Job instance at 0x14f7932284b0>,38,3,[11  1],59,866,869,807,866
1,<environment.Job instance at 0x14f793228320>,43,12,[7 2],66,870,882,804,870
1,<environment.Job instance at 0x14f79785fbe0>,46,2,[7 2],74,875,877,801,875
1,<environment.Job instance at 0x14f79785f9b0>,47,2,[5 2],76,879,881,803,879
1,<environment.Job instance at 0x14f79785f410>,48,1,[ 2 10],77,879,880,802,879
1,<environment.Job instance at 0x14f79785faf0>,49,1,[6 2],78,881,882,803,879
1,<environment.Job instance at 0x14f79785fe10>,50,2,[ 1 12],79,882,884,803,881
1,<environment.Job instance at 0x14f798315460>,53,21,[5 1],82,900,921,818,900
1,<environment.Job instance at 0x14f7925d1730>,29,3,[12  1],39,1246,1249,1207,1246
1,<environment.Job instance at 0x14f793450c80>,85,2,[7 1],128,1249,1251,1121,1247
1,<environment.Job instance at 0x14f793450cd0>,86,21,[6 1],130,1249,1270,1119,1247
1,<environment.Job instance at 0x14f797866190>,1,27,[5 2],2,4,31,2,4
1,<environment.Job instance at 0x14f793450460>,4,1,[ 2 10],5,5,6,0,5
1,<environment.Job instance at 0x14f74b2fe910>,7,1,[8 2],12,13,14,1,13
1,<environment.Job instance at 0x14f74b2fe9b0>,9,2,[8 1],15,15,17,0,15
1,<environment.Job instance at 0x14f74b2fec80>,11,1,[7 1],17,17,18,0,17
1,<environment.Job instance at 0x14f74b2fedc0>,12,1,[2 6],19,19,20,0,19
1,<environment.Job instance at 0x14f74b2feeb0>,13,3,[1 5],20,20,23,0,20
1,<environment.Job instance at 0x14f74b2fec30>,14,3,[8 2],23,23,26,0,23
1,<environment.Job instance at 0x14f74b2fee10>,15,1,[1 7],24,24,25,0,24
1,<environment.Job instance at 0x14f74b300460>,17,2,[7 1],26,26,28,0,26
1,<environment.Job instance at 0x14f74b3005a0>,18,28,[1 6],27,27,55,0,27
1,<environment.Job instance at 0x14f74b300dc0>,26,1,[1 9],39,39,40,0,39
1,<environment.Job instance at 0x14f74b300f00>,27,1,[2 7],40,40,41,0,40
1,<environment.Job instance at 0x14f74b300c30>,28,2,[1 8],41,41,43,0,41
1,<environment.Job instance at 0x14f74b300eb0>,29,1,[1 9],43,43,44,0,43
1,<environment.Job instance at 0x14f74b3022d0>,30,2,[ 2 10],45,55,57,10,45
1,<environment.Job instance at 0x14f74b302410>,31,3,[9 1],46,46,49,0,46
1,<environment.Job instance at 0x14f74b3025a0>,32,12,[9 1],47,49,61,2,47
1,<environment.Job instance at 0x14f74b3026e0>,33,20,[ 2 11],48,57,77,9,48
1,<environment.Job instance at 0x14f74b302fa0>,45,1,[7 2],65,74,75,9,74
1,<environment.Job instance at 0x14f74b3064b0>,60,27,[6 1],81,97,124,16,97
1,<environment.Job instance at 0x14f74b306640>,61,21,[9 2],82,102,123,20,102
1,<environment.Job instance at 0x14f74b306a50>,66,3,[7 2],88,123,126,35,120
1,<environment.Job instance at 0x14f74b306be0>,67,17,[ 2 10],89,123,140,34,122
1,<environment.Job instance at 0x14f74b3069b0>,70,1,[6 1],95,124,125,29,122
1,<environment.Job instance at 0x14f74b300a50>,23,2,[5 1],35,142,144,107,142
1,<environment.Job instance at 0x14f74b306fa0>,72,2,[1 7],99,145,147,46,145
1,<environment.Job instance at 0x14f74b308190>,73,3,[7 1],100,145,148,45,145
1,<environment.Job instance at 0x14f74b308230>,74,1,[6 1],101,145,146,44,145
1,<environment.Job instance at 0x14f74b3082d0>,75,15,[6 2],102,146,161,44,145
1,<environment.Job instance at 0x14f74b310d70>,1,1,[1 6],2,2,3,0,2
1,<environment.Job instance at 0x14f74b88d7d0>,5,1,[1 6],6,6,7,0,6
1,<environment.Job instance at 0x14f797913640>,18,2,[1 7],24,24,26,0,24
1,<environment.Job instance at 0x14f797913370>,19,1,[6 2],27,27,28,0,27
1,<environment.Job instance at 0x14f797913230>,23,2,[8 2],32,37,39,5,37
1,<environment.Job instance at 0x14f797913d20>,25,1,[5 2],39,40,41,1,40
1,<environment.Job instance at 0x14f7931cc640>,27,1,[7 2],42,49,50,7,49
1,<environment.Job instance at 0x14f74b8c1cd0>,28,1,[2 8],43,49,50,6,49
1,<environment.Job instance at 0x14f7931cc870>,29,2,[2 9],44,50,52,6,49
1,<environment.Job instance at 0x14f74b8c10a0>,30,3,[2 6],45,50,53,5,49
1,<environment.Job instance at 0x14f74b8c1140>,31,2,[7 1],47,52,54,5,49
1,<environment.Job instance at 0x14f74b8c1870>,32,1,[ 1 10],48,53,54,5,49
1,<environment.Job instance at 0x14f74b8c1be0>,33,26,[2 5],49,54,80,5,51
1,<environment.Job instance at 0x14f74bbc2690>,45,2,[ 2 13],69,80,82,11,71
1,<environment.Job instance at 0x14f74b84abe0>,47,28,[2 5],73,82,110,9,81
1,<environment.Job instance at 0x14f74b88d820>,13,2,[2 5],19,104,106,85,104
1,<environment.Job instance at 0x14f74b84a1e0>,52,1,[2 6],78,106,107,28,106
1,<environment.Job instance at 0x14f74b84a690>,53,1,[1 5],80,108,109,28,108
1,<environment.Job instance at 0x14f7979137d0>,16,1,[5 1],22,108,109,86,108
1,<environment.Job instance at 0x14f74b84adc0>,54,2,[2 8],81,109,111,28,109
1,<environment.Job instance at 0x14f78c041410>,55,24,[2 9],82,115,139,33,115
1,<environment.Job instance at 0x14f74ba84d70>,56,3,[2 5],85,141,144,56,141
1,<environment.Job instance at 0x14f74b9ae280>,58,1,[1 6],88,141,142,53,141
1,<environment.Job instance at 0x14f74b9aea00>,59,2,[2 6],90,143,145,53,143
1,<environment.Job instance at 0x14f74b9ae690>,60,2,[6 2],91,143,145,52,143
1,<environment.Job instance at 0x14f78c04abe0>,57,18,[5 2],87,147,165,60,147
1,<environment.Job instance at 0x14f74b9aec80>,62,1,[10  1],96,167,168,71,167
1,<environment.Job instance at 0x14f79824a4b0>,63,3,[10  1],97,168,171,71,167
1,<environment.Job instance at 0x14f74bbcccd0>,64,2,[6 1],98,171,173,73,169
1,<environment.Job instance at 0x14f79824aa00>,65,3,[1 5],99,172,175,73,172
1,<environment.Job instance at 0x14f74b88d4b0>,14,3,[9 1],20,173,176,153,172
1,<environment.Job instance at 0x14f74b363e10>,67,1,[9 1],101,178,179,77,178
1,<environment.Job instance at 0x14f74b9ae500>,61,3,[2 7],92,181,184,89,181
1,<environment.Job instance at 0x14f74b4f8e10>,69,25,[9 1],103,181,206,78,181
1,<environment.Job instance at 0x14f79824aa50>,66,2,[10  2],100,212,214,112,212
1,<environment.Job instance at 0x14f74b7cbc80>,70,3,[2 7],104,213,216,109,213
1,<environment.Job instance at 0x14f798279a00>,72,2,[7 2],106,214,216,108,213
1,<environment.Job instance at 0x14f79257be60>,73,13,[10  1],108,216,229,108,213
1,<environment.Job instance at 0x14f74b266c80>,71,1,[7 1],105,229,230,124,213
1,<environment.Job instance at 0x14f792537e60>,75,2,[8 1],110,229,231,119,219
1,<environment.Job instance at 0x14f74b9f10a0>,76,1,[6 2],111,230,231,119,224
1,<environment.Job instance at 0x14f79824a640>,68,1,[1 8],102,237,238,135,237
1,<environment.Job instance at 0x14f7931fb960>,77,1,[9 1],112,239,240,127,239
1,<environment.Job instance at 0x14f79274be10>,79,3,[10  2],117,240,243,123,239
1,<environment.Job instance at 0x14f7926a9cd0>,78,1,[2 5],114,243,244,129,243
1,<environment.Job instance at 0x14f74b349cd0>,74,3,[2 6],109,267,270,158,267
1,<environment.Job instance at 0x14f74b6892d0>,82,1,[7 2],121,267,268,146,267
1,<environment.Job instance at 0x14f78c07ca50>,83,3,[9 1],122,280,283,158,280
1,<environment.Job instance at 0x14f74b5b6370>,84,15,[6 1],123,280,295,157,280
1,<environment.Job instance at 0x14f79274bd20>,80,1,[2 7],118,283,284,165,280
1,<environment.Job instance at 0x14f74b6c0b40>,85,1,[2 5],124,283,284,159,281
1,<environment.Job instance at 0x14f74b88eaa0>,86,2,[1 5],126,285,287,159,285
1,<environment.Job instance at 0x14f74b6c04b0>,87,3,[2 8],127,285,288,158,285
1,<environment.Job instance at 0x14f79982c140>,89,26,[5 2],129,287,313,158,285
1,<environment.Job instance at 0x14f79982c230>,90,1,[8 2],130,295,296,165,288
1,<environment.Job instance at 0x14f74b6c0050>,88,17,[10  1],128,296,313,168,288
1,<environment.Job instance at 0x14f79982cc80>,92,3,[1 9],132,313,316,181,300
1,<environment.Job instance at 0x14f79982c550>,91,2,[2 6],131,313,315,182,302
1,<environment.Job instance at 0x14f79982c7d0>,94,3,[2 9],135,316,319,181,312
1,<environment.Job instance at 0x14f79982cdc0>,95,2,[6 1],136,315,317,179,314
1,<environment.Job instance at 0x14f798289230>,96,1,[5 1],137,315,316,178,315
1,<environment.Job instance at 0x14f78c07c320>,81,2,[ 1 14],120,352,354,232,352
1,<environment.Job instance at 0x14f79982ce10>,93,2,[1 7],134,698,700,564,698
1,<environment.Job instance at 0x14f74b88d0f0>,12,1,[ 2 13],18,2407,2408,2389,2407
1,<environment.Job instance at 0x14f79662ebe0>,6,22,[2 9],13,13,35,0,13
1,<environment.Job instance at 0x14f74b794f50>,11,1,[ 1 12],24,35,36,11,24
1,<environment.Job instance at 0x14f74b527910>,12,1,[10  2],25,25,26,0,25
1,<environment.Job instance at 0x14f7926ec0f0>,19,2,[13  1],34,45,47,11,45
1,<environment.Job instance at 0x14f74bbe2be0>,21,1,[5 1],36,47,48,11,45
1,<environment.Job instance at 0x14f74b5270f0>,17,20,[9 1],31,47,67,16,46
1,<environment.Job instance at 0x14f74b4c3780>,40,1,[1 8],68,69,70,1,69
1,<environment.Job instance at 0x14f74b13ab40>,41,20,[7 2],69,69,89,0,69
1,<environment.Job instance at 0x14f74b789370>,46,1,[8 1],76,76,77,0,76
1,<environment.Job instance at 0x14f74b0cf460>,51,1,[ 1 13],81,81,82,0,81
1,<environment.Job instance at 0x14f74b527dc0>,16,1,[9 1],30,106,107,76,106
1,<environment.Job instance at 0x14f74b88b460>,56,2,[5 1],94,108,110,14,108
1,<environment.Job instance at 0x14f74b88bb90>,57,2,[1 6],95,108,110,13,108
1,<environment.Job instance at 0x14f78c0c90a0>,58,2,[1 8],96,114,116,18,114
1,<environment.Job instance at 0x14f790dc16e0>,59,1,[6 1],97,117,118,20,117
1,<environment.Job instance at 0x14f790dc10f0>,60,18,[10  2],99,118,136,19,118
1,<environment.Job instance at 0x14f7931f27d0>,61,1,[6 1],100,136,137,36,127
1,<environment.Job instance at 0x14f7931f2e10>,62,1,[2 9],101,135,136,34,135
1,<environment.Job instance at 0x14f74b6ac550>,63,1,[1 5],102,141,142,39,141
1,<environment.Job instance at 0x14f74b527cd0>,20,1,[12  2],35,338,339,303,338
1,<environment.Job instance at 0x14f79107b6e0>,8,2,[8 2],10,10,12,0,10
1,<environment.Job instance at 0x14f79107b640>,9,1,[1 6],11,11,12,0,11
1,<environment.Job instance at 0x14f79107beb0>,16,2,[2 5],20,397,399,377,397
1,<environment.Job instance at 0x14f791084280>,20,13,[8 1],24,403,416,379,403
1,<environment.Job instance at 0x14f79107bfa0>,18,15,[9 1],22,447,462,425,447
1,<environment.Job instance at 0x14f791084320>,21,3,[2 8],25,475,478,450,475
1,<environment.Job instance at 0x14f7910841e0>,1,1,[8 2],4,4,5,0,4
1,<environment.Job instance at 0x14f74b86cdc0>,6,1,[1 7],9,9,10,0,9
1,<environment.Job instance at 0x14f74b3bb3c0>,13,1,[10  2],19,19,20,0,19
1,<environment.Job instance at 0x14f792541370>,16,1,[1 7],22,22,23,0,22
1,<environment.Job instance at 0x14f74b487e60>,24,2,[2 8],33,155,157,122,155
1,<environment.Job instance at 0x14f74b4621e0>,35,3,[14  2],48,160,163,112,160
1,<environment.Job instance at 0x14f74b487820>,22,2,[5 1],30,390,392,360,390
1,<environment.Job instance at 0x14f78c012370>,38,3,[6 1],54,437,440,383,437
1,<environment.Job instance at 0x14f74b2d9b40>,55,1,[10  1],73,448,449,375,448
1,<environment.Job instance at 0x14f74b2d9500>,57,1,[10  2],77,740,741,663,740
1,<environment.Job instance at 0x14f74b2f2820>,75,26,[2 7],102,1305,1331,1203,1305
1,<environment.Job instance at 0x14f74b2f5b90>,91,3,[10  1],122,1349,1352,1227,1349
1,<environment.Job instance at 0x14f74b2d5820>,92,3,[10  1],123,1379,1382,1256,1379
1,<environment.Job instance at 0x14f74b2c63c0>,48,3,[2 5],66,1392,1395,1326,1392
1,<environment.Job instance at 0x14f74b2d5d20>,93,1,[8 1],124,1394,1395,1270,1394
1,<environment.Job instance at 0x14f74b487780>,23,3,[ 2 10],32,1437,1440,1405,1437
1,<environment.Job instance at 0x14f74b2d5fa0>,95,13,[2 5],127,1439,1452,1312,1439
1,<environment.Job instance at 0x14f74b2d5f00>,97,16,[6 1],130,1449,1465,1319,1449
1,<environment.Job instance at 0x14f74b2d56e0>,98,1,[ 1 10],132,1495,1496,1363,1495
1,<environment.Job instance at 0x14f74b2d5960>,99,3,[9 1],134,1497,1500,1363,1497
1,<environment.Job instance at 0x14f798241cd0>,100,1,[8 2],136,1530,1531,1394,1530
1,<environment.Job instance at 0x14f798241af0>,101,3,[1 5],137,1566,1569,1429,1566
1,<environment.Job instance at 0x14f798241eb0>,102,1,[10  1],139,1566,1567,1427,1566
1,<environment.Job instance at 0x14f74b2d55a0>,96,2,[6 1],129,1674,1676,1545,1674
1,<environment.Job instance at 0x14f74b2d5780>,94,17,[7 2],126,1846,1863,1720,1846
1,<environment.Job instance at 0x14f74b682280>,1,1,[5 2],2,2,3,0,2
1,<environment.Job instance at 0x14f792537320>,20,3,[1 5],26,125,128,99,125
1,<environment.Job instance at 0x14f7926b2870>,21,1,[8 1],27,171,172,144,171
1,<environment.Job instance at 0x14f74b376f00>,22,2,[8 2],28,350,352,322,350
1,<environment.Job instance at 0x14f79797aa00>,23,14,[9 2],29,397,411,368,397
1,<environment.Job instance at 0x14f74ba73550>,17,3,[ 1 11],21,539,542,518,539
1,<environment.Job instance at 0x14f7934d6cd0>,31,3,[7 1],39,539,542,500,539
1,<environment.Job instance at 0x14f7934d6d20>,32,2,[2 7],40,542,544,502,539
1,<environment.Job instance at 0x14f7934d6af0>,33,14,[ 2 10],41,544,558,503,542
1,<environment.Job instance at 0x14f74b95d8c0>,36,2,[1 8],45,542,544,497,542
1,<environment.Job instance at 0x14f796602190>,38,3,[2 6],48,558,561,510,548
1,<environment.Job instance at 0x14f796602b40>,40,3,[ 1 14],50,561,564,511,548
1,<environment.Job instance at 0x14f7966023c0>,41,3,[5 1],51,548,551,497,548
1,<environment.Job instance at 0x14f74b635b40>,42,2,[8 1],53,548,550,495,548
1,<environment.Job instance at 0x14f74b635190>,43,3,[9 1],54,551,554,497,548
1,<environment.Job instance at 0x14f74b635c80>,44,3,[8 2],55,554,557,499,548
1,<environment.Job instance at 0x14f792812c80>,50,23,[1 5],64,568,591,504,568
1,<environment.Job instance at 0x14f7928123c0>,53,1,[8 2],67,587,588,520,587
1,<environment.Job instance at 0x14f7928129b0>,55,1,[5 1],69,587,588,518,587
1,<environment.Job instance at 0x14f792619370>,59,2,[10  1],74,588,590,514,587
1,<environment.Job instance at 0x14f798243d70>,60,22,[5 1],76,590,612,514,587
1,<environment.Job instance at 0x14f74b3761e0>,24,2,[5 2],30,605,607,575,605
1,<environment.Job instance at 0x14f7931d4be0>,67,2,[2 8],87,605,607,518,605
1,<environment.Job instance at 0x14f74b9c7640>,68,12,[9 1],88,607,619,519,605
1,<environment.Job instance at 0x14f7931d40f0>,69,3,[9 2],90,619,622,529,605
1,<environment.Job instance at 0x14f7934fe140>,70,1,[ 2 10],91,612,613,521,605
1,<environment.Job instance at 0x14f7934fe5f0>,71,2,[6 2],92,613,615,521,605
1,<environment.Job instance at 0x14f7934fedc0>,72,1,[1 5],94,607,608,513,605
1,<environment.Job instance at 0x14f790d62780>,73,2,[5 2],95,615,617,520,605
1,<environment.Job instance at 0x14f74b12a050>,74,2,[8 1],96,622,624,526,605
1,<environment.Job instance at 0x14f74b3cbcd0>,75,2,[8 1],97,624,626,527,605
1,<environment.Job instance at 0x14f74b2ea5f0>,83,2,[ 1 13],105,639,641,534,639
1,<environment.Job instance at 0x14f79254bc30>,85,1,[6 1],107,639,640,532,639
1,<environment.Job instance at 0x14f74b9c7780>,66,1,[7 2],86,884,885,798,884
1,<environment.Job instance at 0x14f7925738c0>,94,1,[8 2],119,2322,2323,2203,2322
1,<environment.Job instance at 0x14f7925738c0>,4,2,[ 1 11],7,33,35,26,33
1,<environment.Job instance at 0x14f7978b5230>,19,2,[1 6],29,35,37,6,33
1,<environment.Job instance at 0x14f7978b5550>,22,1,[2 8],36,38,39,2,38
1,<environment.Job instance at 0x14f7978b5c80>,26,26,[5 2],42,42,68,0,42
1,<environment.Job instance at 0x14f7978a7870>,39,18,[1 7],62,67,85,5,67
1,<environment.Job instance at 0x14f7978a2690>,8,3,[2 8],11,147,150,136,147
1,<environment.Job instance at 0x14f7978a2370>,7,1,[1 5],10,189,190,179,189
1,<environment.Job instance at 0x14f7978a81e0>,64,13,[6 1],98,212,225,114,212
1,<environment.Job instance at 0x14f7978a86e0>,65,2,[1 9],99,229,231,130,229
1,<environment.Job instance at 0x14f7978a85f0>,66,3,[6 2],100,242,245,142,242
1,<environment.Job instance at 0x14f7978a8780>,67,3,[5 2],102,244,247,142,244
1,<environment.Job instance at 0x14f7978a87d0>,68,2,[1 8],103,265,267,162,265
1,<environment.Job instance at 0x14f7978a8870>,69,17,[9 1],104,268,285,164,268
1,<environment.Job instance at 0x14f7978a80f0>,63,2,[6 2],97,289,291,192,289
1,<environment.Job instance at 0x14f7978a8be0>,70,2,[2 8],107,406,408,299,406
1,<environment.Job instance at 0x14f7978a8dc0>,72,1,[10  2],109,425,426,316,425
1,<environment.Job instance at 0x14f7978a8b90>,73,17,[7 2],111,465,482,354,465
1,<environment.Job instance at 0x14f7978a8c80>,71,14,[2 8],108,472,486,364,472
1,<environment.Job instance at 0x14f7978a8e60>,74,13,[8 1],114,502,515,388,502
1,<environment.Job instance at 0x14f7978a8fa0>,75,2,[10  1],115,515,517,400,503
1,<environment.Job instance at 0x14f7978a8f00>,76,18,[8 1],117,523,541,406,523
1,<environment.Job instance at 0x14f7978a8d70>,78,1,[6 1],119,544,545,425,544
1,<environment.Job instance at 0x14f7978bf1e0>,79,1,[8 1],120,552,553,432,552
1,<environment.Job instance at 0x14f7978bf190>,80,1,[5 1],123,568,569,445,568
1,<environment.Job instance at 0x14f7978bf500>,81,2,[1 9],124,568,570,444,568
1,<environment.Job instance at 0x14f7978bf4b0>,82,3,[ 2 10],126,620,623,494,620
1,<environment.Job instance at 0x14f7978bf640>,83,2,[7 1],128,644,646,516,644
1,<environment.Job instance at 0x14f7978bf730>,84,2,[ 1 10],131,660,662,529,660
1,<environment.Job instance at 0x14f7978bf870>,85,1,[ 2 10],132,693,694,561,693
1,<environment.Job instance at 0x14f7978bf780>,86,3,[1 9],134,711,714,577,711
1,<environment.Job instance at 0x14f7978bf910>,87,17,[ 1 10],135,893,910,758,893
1,<environment.Job instance at 0x14f7978bf8c0>,88,13,[ 1 10],137,1276,1289,1139,1276
1,<environment.Job instance at 0x14f7978bf0f0>,77,1,[6 2],118,1353,1354,1235,1353
1,<environment.Job instance at 0x14f74ba5ef00>,5,2,[14  1],7,11,13,4,11
1,<environment.Job instance at 0x14f74ba5ea50>,11,2,[1 8],16,17,19,1,17
1,<environment.Job instance at 0x14f74ba5e280>,13,1,[2 9],18,19,20,1,18
1,<environment.Job instance at 0x14f74ba5e690>,14,1,[10  2],19,19,20,0,19
1,<environment.Job instance at 0x14f74ba5e410>,15,2,[5 2],22,22,24,0,22
1,<environment.Job instance at 0x14f74ba5eb40>,17,17,[7 1],25,25,42,0,25
1,<environment.Job instance at 0x14f7982a8fa0>,22,1,[1 7],37,37,38,0,37
1,<environment.Job instance at 0x14f78c05cf50>,32,1,[8 1],53,59,60,6,59
1,<environment.Job instance at 0x14f78c05cfa0>,33,1,[6 1],54,59,60,5,59
1,<environment.Job instance at 0x14f74ba5e640>,7,1,[5 2],11,103,104,92,103
1,<environment.Job instance at 0x14f74ba66410>,50,2,[10  1],87,103,105,16,103
1,<environment.Job instance at 0x14f797906d70>,51,2,[8 1],88,105,107,17,103
1,<environment.Job instance at 0x14f79791e320>,52,3,[2 9],90,104,107,14,103
1,<environment.Job instance at 0x14f7931fefa0>,53,1,[1 9],91,107,108,16,103
1,<environment.Job instance at 0x14f79791e370>,54,18,[8 2],92,107,125,15,103
1,<environment.Job instance at 0x14f792600640>,55,2,[5 1],93,109,111,16,109
1,<environment.Job instance at 0x14f792600cd0>,56,3,[2 5],94,122,125,28,122
1,<environment.Job instance at 0x14f7926009b0>,58,1,[5 2],97,123,124,26,123
1,<environment.Job instance at 0x14f792600c30>,59,1,[6 1],98,125,126,27,124
1,<environment.Job instance at 0x14f7927ccd20>,60,3,[2 5],104,127,130,23,127
1,<environment.Job instance at 0x14f792600320>,61,2,[2 5],106,127,129,21,127
1,<environment.Job instance at 0x14f792600280>,62,1,[2 9],107,129,130,22,129
1,<environment.Job instance at 0x14f797911320>,63,18,[7 2],109,130,148,21,129
1,<environment.Job instance at 0x14f792600af0>,64,15,[1 5],110,137,152,27,137
1,<environment.Job instance at 0x14f7927e6050>,65,2,[2 9],111,148,150,37,147
1,<environment.Job instance at 0x14f74b8e1a50>,66,2,[6 2],112,150,152,38,149
1,<environment.Job instance at 0x14f78c059eb0>,67,3,[2 6],113,151,154,38,151
1,<environment.Job instance at 0x14f7934b86e0>,68,2,[1 6],114,152,154,38,152
1,<environment.Job instance at 0x14f7927e6e10>,69,1,[2 5],115,154,155,39,152
1,<environment.Job instance at 0x14f7931eb640>,70,1,[2 8],116,154,155,38,153
1,<environment.Job instance at 0x14f74bb465f0>,71,2,[10  1],117,154,156,37,154
1,<environment.Job instance at 0x14f74bbe9910>,72,2,[7 1],118,156,158,38,154
1,<environment.Job instance at 0x14f797904370>,73,2,[7 2],119,156,158,37,154
1,<environment.Job instance at 0x14f74b52f1e0>,74,1,[9 2],120,158,159,38,155
1,<environment.Job instance at 0x14f7978d78c0>,75,2,[9 1],121,159,161,38,157
1,<environment.Job instance at 0x14f74ba58a00>,76,3,[9 1],123,161,164,38,158
1,<environment.Job instance at 0x14f7925b4e60>,77,14,[8 2],125,164,178,39,158
1,<environment.Job instance at 0x14f74b5270a0>,78,3,[2 9],126,170,173,44,170
1,<environment.Job instance at 0x14f7979006e0>,79,2,[1 9],128,173,175,45,171
1,<environment.Job instance at 0x14f74b4b5b90>,80,3,[ 2 12],130,175,178,45,175
1,<environment.Job instance at 0x14f7934a2e60>,81,3,[9 1],131,178,181,47,175
1,<environment.Job instance at 0x14f74b4b5a50>,82,3,[1 8],133,178,181,45,177
1,<environment.Job instance at 0x14f74b3e31e0>,83,2,[5 1],137,178,180,41,178
1,<environment.Job instance at 0x14f74b3e30a0>,84,1,[2 5],138,180,181,42,178
1,<environment.Job instance at 0x14f7908e8eb0>,85,2,[1 8],139,181,183,42,178
1,<environment.Job instance at 0x14f7931071e0>,3,3,[9 1],7,8,11,1,8
1,<environment.Job instance at 0x14f74bb136e0>,2,2,[11  1],4,11,13,7,8
1,<environment.Job instance at 0x14f793107410>,5,2,[7 1],9,13,15,4,9
1,<environment.Job instance at 0x14f793107af0>,6,3,[1 6],10,10,13,0,10
1,<environment.Job instance at 0x14f793107780>,7,1,[6 1],11,13,14,2,11
1,<environment.Job instance at 0x14f7931075a0>,8,1,[1 5],12,12,13,0,12
1,<environment.Job instance at 0x14f793107230>,9,2,[1 7],13,14,16,1,14
1,<environment.Job instance at 0x14f793107500>,10,3,[1 7],14,14,17,0,14
1,<environment.Job instance at 0x14f793107e10>,11,1,[1 8],15,16,17,1,15
1,<environment.Job instance at 0x14f793107cd0>,4,27,[9 2],8,17,44,9,15
1,<environment.Job instance at 0x14f7931e7be0>,19,2,[1 8],25,26,28,1,26
1,<environment.Job instance at 0x14f7931e7d20>,21,3,[5 1],28,28,31,0,28
1,<environment.Job instance at 0x14f7931e7050>,22,3,[9 2],29,44,47,15,29
1,<environment.Job instance at 0x14f7931e7320>,26,2,[1 5],33,35,37,2,35
1,<environment.Job instance at 0x14f7931e7870>,24,2,[ 1 10],31,37,39,6,35
1,<environment.Job instance at 0x14f799829eb0>,28,3,[7 2],36,66,69,30,66
1,<environment.Job instance at 0x14f799829f00>,31,1,[5 2],40,67,68,27,67
1,<environment.Job instance at 0x14f799829f50>,32,3,[1 8],42,146,149,104,146
1,<environment.Job instance at 0x14f799829140>,34,20,[10  2],44,150,170,106,150
1,<environment.Job instance at 0x14f790b0ee10>,45,21,[6 2],62,170,191,108,170
1,<environment.Job instance at 0x14f79661de60>,58,27,[7 1],81,245,272,164,245
1,<environment.Job instance at 0x14f799829280>,27,1,[6 2],34,287,288,253,287
1,<environment.Job instance at 0x14f7931e7550>,25,1,[9 1],32,368,369,336,368
1,<environment.Job instance at 0x14f74b14d320>,90,3,[9 2],136,684,687,548,684
1,<environment.Job instance at 0x14f7925621e0>,73,16,[2 6],105,705,721,600,705
1,<environment.Job instance at 0x14f74b56c280>,5,1,[2 6],10,10,11,0,10
1,<environment.Job instance at 0x14f74b56c410>,6,2,[1 8],11,11,13,0,11
1,<environment.Job instance at 0x14f74b56c190>,7,1,[8 2],13,13,14,0,13
1,<environment.Job instance at 0x14f74b56c8c0>,10,2,[7 2],17,17,19,0,17
1,<environment.Job instance at 0x14f74b56ca50>,11,2,[13  1],18,19,21,1,19
1,<environment.Job instance at 0x14f74b56ce60>,15,1,[7 1],24,24,25,0,24
1,<environment.Job instance at 0x14f74b56caa0>,16,1,[1 5],25,25,26,0,25
1,<environment.Job instance at 0x14f74b55ee10>,31,2,[ 1 10],46,66,68,20,66
1,<environment.Job instance at 0x14f74b549280>,36,24,[9 2],51,81,105,30,81
1,<environment.Job instance at 0x14f74b549320>,39,2,[6 2],55,83,85,28,83
1,<environment.Job instance at 0x14f74b549a50>,47,2,[7 2],67,106,108,39,106
1,<environment.Job instance at 0x14f74b549e60>,52,17,[8 1],73,113,130,40,113
1,<environment.Job instance at 0x14f74b5420f0>,55,16,[8 1],80,130,146,50,118
1,<environment.Job instance at 0x14f74b1955f0>,57,1,[2 5],82,118,119,36,118
1,<environment.Job instance at 0x14f74b57db40>,62,2,[ 2 10],92,122,124,30,122
1,<environment.Job instance at 0x14f74b57db90>,67,1,[9 1],97,146,147,49,123
1,<environment.Job instance at 0x14f74b57d870>,69,1,[7 1],100,125,126,25,125
1,<environment.Job instance at 0x14f74b57d5a0>,71,23,[2 9],102,127,150,25,127
1,<environment.Job instance at 0x14f74b57d280>,74,1,[1 6],106,147,148,41,127
1,<environment.Job instance at 0x14f79261e4b0>,75,2,[6 2],107,148,150,41,127
1,<environment.Job instance at 0x14f78c11ee10>,76,2,[10  2],109,150,152,41,127
1,<environment.Job instance at 0x14f797940b40>,79,1,[8 2],116,152,153,36,131
1,<environment.Job instance at 0x14f79792bf50>,83,1,[1 6],122,150,151,28,132
1,<environment.Job instance at 0x14f7925d5cd0>,84,1,[8 1],126,153,154,27,132
1,<environment.Job instance at 0x14f7925d5b90>,85,1,[10  1],127,154,155,27,132
1,<environment.Job instance at 0x14f7926141e0>,87,2,[9 1],129,155,157,26,136
1,<environment.Job instance at 0x14f797948e60>,94,3,[13  1],137,176,179,39,176
1,<environment.Job instance at 0x14f797948730>,96,1,[2 9],139,176,177,37,176
1,<environment.Job instance at 0x14f74b55e550>,21,13,[6 2],31,179,192,148,179
1,<environment.Job instance at 0x14f74b55e500>,22,2,[5 2],33,201,203,168,201
1,<environment.Job instance at 0x14f78c125cd0>,2,1,[7 2],6,6,7,0,6
1,<environment.Job instance at 0x14f790d49fa0>,11,26,[ 2 10],21,21,47,0,21
1,<environment.Job instance at 0x14f79280bd20>,19,1,[1 8],36,425,426,389,425
1,<environment.Job instance at 0x14f79280b370>,21,19,[8 1],38,492,511,454,492
1,<environment.Job instance at 0x14f74b42bd70>,26,15,[ 1 10],43,529,544,486,529
1,<environment.Job instance at 0x14f79280be60>,20,2,[5 2],37,970,972,933,970
1,<environment.Job instance at 0x14f74b42b960>,27,1,[5 1],44,1550,1551,1506,1550
1,<environment.Job instance at 0x14f74b3fe050>,37,3,[9 1],57,1691,1694,1634,1691
1,<environment.Job instance at 0x14f79794da50>,3,1,[5 1],4,5,6,1,5
1,<environment.Job instance at 0x14f74b58efa0>,18,1,[1 7],22,23,24,1,23
1,<environment.Job instance at 0x14f74b584460>,34,22,[2 8],44,45,67,1,45
1,<environment.Job instance at 0x14f74b584870>,40,18,[1 6],54,61,79,7,61
1,<environment.Job instance at 0x14f74b584780>,37,2,[ 1 12],47,79,81,32,72
1,<environment.Job instance at 0x14f74b5849b0>,43,1,[ 1 10],57,81,82,24,72
1,<environment.Job instance at 0x14f74b584af0>,44,1,[10  2],58,72,73,14,72
1,<environment.Job instance at 0x14f74b584c30>,46,3,[6 1],60,73,76,13,72
1,<environment.Job instance at 0x14f74b597be0>,55,14,[7 1],75,75,89,0,75
1,<environment.Job instance at 0x14f74b597dc0>,56,3,[2 6],76,76,79,0,76
1,<environment.Job instance at 0x14f74b597f00>,57,3,[8 1],77,82,85,5,77
1,<environment.Job instance at 0x14f74b597eb0>,58,1,[6 1],78,79,80,1,78
1,<environment.Job instance at 0x14f74b584910>,41,3,[10  2],55,97,100,42,97
1,<environment.Job instance at 0x14f74b5b9960>,69,1,[ 1 10],93,100,101,7,100
1,<environment.Job instance at 0x14f74b5b9c30>,70,16,[8 1],95,100,116,5,100
1,<environment.Job instance at 0x14f74b5b9d20>,72,1,[2 8],97,101,102,4,100
1,<environment.Job instance at 0x14f74b5b9eb0>,73,1,[5 1],98,100,101,2,100
1,<environment.Job instance at 0x14f74b5b9f00>,74,3,[5 1],99,101,104,2,100
1,<environment.Job instance at 0x14f74b5c2a00>,76,2,[6 2],105,105,107,0,105
1,<environment.Job instance at 0x14f74b5c2500>,79,18,[ 1 10],110,110,128,0,110
1,<environment.Job instance at 0x14f74b5c27d0>,80,18,[2 6],111,128,146,17,118
1,<environment.Job instance at 0x14f79318bf50>,83,2,[8 1],114,120,122,6,120
1,<environment.Job instance at 0x14f74b427910>,84,1,[10  1],115,122,123,7,120
1,<environment.Job instance at 0x14f79318ba00>,85,2,[5 1],116,120,122,4,120
1,<environment.Job instance at 0x14f79318b460>,86,1,[1 6],117,128,129,11,120
1,<environment.Job instance at 0x14f79266a3c0>,87,12,[5 2],118,123,135,5,120
1,<environment.Job instance at 0x14f74ba0dbe0>,88,3,[9 2],120,123,126,3,120
1,<environment.Job instance at 0x14f74b5b97d0>,68,2,[2 8],92,187,189,95,187
1,<environment.Job instance at 0x14f7925bfd70>,95,3,[1 9],131,194,197,63,194
1,<environment.Job instance at 0x14f74b5847d0>,39,1,[10  2],49,194,195,145,194
1,<environment.Job instance at 0x14f74b5845a0>,38,2,[7 1],48,208,210,160,208
1,<environment.Job instance at 0x1543f7102d70>,3,1,[6 2],4,4,5,0,4
1,<environment.Job instance at 0x1543f70dc320>,16,1,[2 5],21,21,22,0,21
1,<environment.Job instance at 0x1543f70cc320>,26,1,[2 7],35,45,46,10,45
1,<environment.Job instance at 0x1543f70d7dc0>,20,2,[ 1 13],27,51,53,24,51
1,<environment.Job instance at 0x1543f70ccc30>,22,1,[2 7],30,53,54,23,51
1,<environment.Job instance at 0x1543f704d690>,33,1,[2 7],43,53,54,10,52
1,<environment.Job instance at 0x1543f704c0f0>,31,3,[9 2],41,1280,1283,1239,1280
1,<environment.Job instance at 0x1543f6ffeaa0>,36,3,[10  2],48,1866,1869,1818,1866
1,<environment.Job instance at 0x1543f6ffea50>,37,2,[ 1 10],50,1941,1943,1891,1941
1,<environment.Job instance at 0x1543f70cc960>,28,2,[2 7],37,2001,2003,1964,2001
1,<environment.Job instance at 0x1543f5900140>,39,3,[1 5],52,2649,2652,2597,2649
1,<environment.Job instance at 0x1543f5623230>,40,3,[1 6],53,2684,2687,2631,2684
1,<environment.Job instance at 0x1543f7047aa0>,38,1,[8 1],51,2807,2808,2756,2807
1,<environment.Job instance at 0x1543f53e4a50>,0,3,[11  2],1,15,18,14,15
1,<environment.Job instance at 0x1543f53e4550>,2,3,[2 5],3,15,18,12,15
1,<environment.Job instance at 0x1543f53e4910>,4,3,[5 2],6,18,21,12,15
1,<environment.Job instance at 0x1543f53e4190>,8,1,[1 7],10,50,51,40,50
1,<environment.Job instance at 0x1543f53e45f0>,7,1,[1 6],9,53,54,44,53
1,<environment.Job instance at 0x1543f704de60>,12,15,[1 6],17,233,248,216,233
1,<environment.Job instance at 0x1543fcb23f50>,11,3,[7 2],18,18,21,0,18
1,<environment.Job instance at 0x1543fcb23460>,12,21,[7 2],20,20,41,0,20
1,<environment.Job instance at 0x1543f569d2d0>,25,3,[5 2],43,44,47,1,44
1,<environment.Job instance at 0x1543f569d190>,27,1,[ 2 10],45,45,46,0,45
1,<environment.Job instance at 0x1543f569d8c0>,29,1,[1 8],48,54,55,6,54
1,<environment.Job instance at 0x1543f5687c80>,36,2,[ 2 12],60,72,74,12,72
1,<environment.Job instance at 0x1543f569dd70>,37,1,[6 2],61,72,73,11,72
1,<environment.Job instance at 0x1543f5687f00>,38,3,[2 7],63,74,77,11,72
1,<environment.Job instance at 0x1543f56871e0>,39,15,[ 1 11],67,77,92,10,72
1,<environment.Job instance at 0x1543f5687910>,40,2,[8 1],68,73,75,5,72
1,<environment.Job instance at 0x1543f5687640>,41,2,[1 9],71,92,94,21,72
1,<environment.Job instance at 0x1543f5687f50>,42,2,[1 6],72,74,76,2,72
1,<environment.Job instance at 0x1543f56e3910>,43,1,[1 9],73,94,95,21,73
1,<environment.Job instance at 0x1543f56e0500>,44,3,[1 8],74,95,98,21,74
1,<environment.Job instance at 0x1543f56e0870>,45,1,[9 2],75,75,76,0,75
1,<environment.Job instance at 0x1543f56e0c80>,46,18,[ 1 10],76,98,116,22,88
1,<environment.Job instance at 0x1543fca9c500>,52,1,[6 2],85,88,89,3,88
1,<environment.Job instance at 0x1543fca9c780>,53,3,[2 7],86,95,98,9,88
1,<environment.Job instance at 0x1543fca9c050>,55,2,[ 1 10],89,116,118,27,93
1,<environment.Job instance at 0x1543f56a5cd0>,63,2,[5 1],103,107,109,4,107
1,<environment.Job instance at 0x1543f56a5a00>,64,1,[2 7],104,118,119,14,107
1,<environment.Job instance at 0x1543f56a5c30>,65,2,[10  2],105,109,111,4,107
1,<environment.Job instance at 0x1543f56a5460>,69,2,[5 2],112,112,114,0,112
1,<environment.Job instance at 0x1543f7ddfa50>,72,1,[7 2],116,116,117,0,116
1,<environment.Job instance at 0x1543ec2f71e0>,78,2,[2 9],125,138,140,13,138
1,<environment.Job instance at 0x1543ec2f7e60>,79,2,[2 5],126,138,140,12,138
1,<environment.Job instance at 0x1543ec3b4780>,81,12,[5 2],128,141,153,13,141
1,<environment.Job instance at 0x1543ec2f7690>,82,3,[8 1],129,141,144,12,141
1,<environment.Job instance at 0x1543ec2fe320>,83,3,[8 1],133,144,147,11,141
1,<environment.Job instance at 0x1543f401d640>,84,1,[10  1],134,147,148,13,141
1,<environment.Job instance at 0x1543ec36bb90>,85,27,[1 7],135,148,175,13,146
1,<environment.Job instance at 0x1543ec2f8690>,89,1,[2 6],143,166,167,23,166
1,<environment.Job instance at 0x1543ec0c6460>,90,2,[1 5],145,167,169,22,166
1,<environment.Job instance at 0x1543ec2aa910>,91,2,[8 1],146,166,168,20,166
1,<environment.Job instance at 0x1543ec1c7640>,93,1,[5 1],149,169,170,20,169
1,<environment.Job instance at 0x1543fcb23960>,16,3,[5 1],24,188,191,164,188
1,<environment.Job instance at 0x1543fcb23690>,14,3,[1 9],22,192,195,170,192
1,<environment.Job instance at 0x1543fcb23e10>,15,1,[6 1],23,206,207,183,206
1,<environment.Job instance at 0x1543f4133370>,17,2,[6 1],24,24,26,0,24
1,<environment.Job instance at 0x1543f41332d0>,18,3,[10  1],26,26,29,0,26
1,<environment.Job instance at 0x1543f41330f0>,15,1,[8 2],21,155,156,134,155
1,<environment.Job instance at 0x1543f412de10>,23,18,[8 2],33,156,174,123,155
1,<environment.Job instance at 0x1543f4133b90>,16,14,[14  1],22,174,188,152,160
1,<environment.Job instance at 0x1543f412d5a0>,25,16,[1 5],35,171,187,136,171
1,<environment.Job instance at 0x1543f412d550>,31,2,[1 8],41,172,174,131,172
1,<environment.Job instance at 0x1543f412d6e0>,32,3,[2 8],42,196,199,154,196
1,<environment.Job instance at 0x1543f412d320>,33,2,[2 8],43,199,201,156,198
1,<environment.Job instance at 0x1543f412d960>,34,3,[5 2],46,198,201,152,198
1,<environment.Job instance at 0x1543f40ac2d0>,35,1,[6 2],48,199,200,151,199
1,<environment.Job instance at 0x1543f40ac320>,37,1,[6 2],51,200,201,149,199
1,<environment.Job instance at 0x1543f40ac410>,38,1,[2 9],52,201,202,149,199
1,<environment.Job instance at 0x1543f40aceb0>,39,27,[ 2 10],53,202,229,149,201
1,<environment.Job instance at 0x1543f40ac460>,40,2,[10  1],54,216,218,162,216
1,<environment.Job instance at 0x1543f40ac6e0>,41,2,[2 7],56,229,231,173,225
1,<environment.Job instance at 0x1543f40ace60>,42,1,[5 2],57,225,226,168,225
1,<environment.Job instance at 0x1543f40ac5f0>,43,1,[2 5],58,226,227,168,225
1,<environment.Job instance at 0x1543f40ac140>,44,2,[ 1 10],60,231,233,171,225
1,<environment.Job instance at 0x1543f40acb90>,45,3,[2 5],61,227,230,166,225
1,<environment.Job instance at 0x1543f40ac910>,46,12,[6 1],62,229,241,167,225
1,<environment.Job instance at 0x1543f40acaf0>,47,2,[5 2],63,229,231,166,229
1,<environment.Job instance at 0x1543f40acd70>,48,1,[7 1],66,231,232,165,230
1,<environment.Job instance at 0x1543f40ac1e0>,49,2,[7 1],67,232,234,165,231
1,<environment.Job instance at 0x1543f40ac870>,50,1,[7 2],68,234,235,166,231
1,<environment.Job instance at 0x1543f40ac4b0>,51,3,[10  2],69,241,244,172,235
1,<environment.Job instance at 0x1543f40acb40>,52,2,[5 2],70,236,238,166,236
1,<environment.Job instance at 0x1543f412daf0>,21,2,[1 7],31,591,593,560,591
1,<environment.Job instance at 0x1543f412dbe0>,29,16,[2 8],39,1354,1370,1315,1354
1,<environment.Job instance at 0x1543f409e370>,58,1,[6 2],79,1393,1394,1314,1393
1,<environment.Job instance at 0x1543f409ed70>,59,2,[1 5],80,1447,1449,1367,1447
1,<environment.Job instance at 0x1543f409e140>,60,1,[1 7],81,1492,1493,1411,1492
1,<environment.Job instance at 0x1543f409ef50>,61,3,[2 7],82,1516,1519,1434,1516
1,<environment.Job instance at 0x1543f409e410>,62,2,[1 5],83,1524,1526,1441,1524
1,<environment.Job instance at 0x1543f409e7d0>,63,1,[1 9],85,1583,1584,1498,1583
1,<environment.Job instance at 0x1543f412d0f0>,20,3,[ 2 11],30,1592,1595,1562,1592
1,<environment.Job instance at 0x1543f409ea50>,57,17,[9 2],78,1592,1609,1514,1592
1,<environment.Job instance at 0x1543f409e190>,67,1,[2 8],90,1595,1596,1505,1592
1,<environment.Job instance at 0x1543f409e730>,68,1,[2 6],91,1596,1597,1505,1594
1,<environment.Job instance at 0x1543f409eb90>,64,1,[2 5],86,1629,1630,1543,1629
1,<environment.Job instance at 0x1543f409ef00>,73,3,[5 1],97,1635,1638,1538,1635
1,<environment.Job instance at 0x1543f40aaf50>,74,1,[10  1],98,1635,1636,1537,1635
1,<environment.Job instance at 0x1543cfdc0d70>,75,1,[1 8],99,1636,1637,1537,1635
1,<environment.Job instance at 0x1543cfdc0550>,77,2,[2 6],101,1636,1638,1535,1635
1,<environment.Job instance at 0x1543cfdc0280>,79,2,[10  2],103,1638,1640,1535,1635
1,<environment.Job instance at 0x1543cfdc0e60>,82,2,[1 6],107,1648,1650,1541,1648
1,<environment.Job instance at 0x1543cfdc0050>,84,2,[7 2],110,1659,1661,1549,1659
1,<environment.Job instance at 0x1543cfdc01e0>,88,1,[2 5],114,1685,1686,1571,1685
1,<environment.Job instance at 0x1543f53b5050>,93,25,[12  1],119,1705,1730,1586,1705
1,<environment.Job instance at 0x1543f53b5fa0>,101,23,[1 6],131,1728,1751,1597,1728
1,<environment.Job instance at 0x1543f40ae1e0>,104,3,[6 1],139,1730,1733,1591,1730
1,<environment.Job instance at 0x1543f40ae3c0>,105,3,[8 1],140,1730,1733,1590,1730
1,<environment.Job instance at 0x1543f40aee60>,106,2,[7 1],142,1733,1735,1591,1730
1,<environment.Job instance at 0x1543f40ae2d0>,108,1,[7 1],146,1752,1753,1606,1752
1,<environment.Job instance at 0x1543f40aeb90>,109,2,[5 1],147,1752,1754,1605,1752
1,<environment.Job instance at 0x1543f409e780>,56,13,[12  2],77,1778,1791,1701,1778
1,<environment.Job instance at 0x1543f409ed20>,71,14,[1 6],95,1792,1806,1697,1792
1,<environment.Job instance at 0x1543f409eb40>,66,1,[2 6],88,1831,1832,1743,1831
1,<environment.Job instance at 0x1543cfd10c30>,8,1,[10  2],15,15,16,0,15
1,<environment.Job instance at 0x1543cfd10370>,9,1,[5 2],16,16,17,0,16
1,<environment.Job instance at 0x1543cfd101e0>,10,26,[2 8],18,18,44,0,18
1,<environment.Job instance at 0x1543cfd13c80>,20,1,[2 8],39,44,45,5,39
1,<environment.Job instance at 0x1543f41a0050>,26,27,[1 7],45,45,72,0,45
1,<environment.Job instance at 0x1543fc166a50>,40,1,[10  2],68,69,70,1,69
1,<environment.Job instance at 0x1543fc105370>,44,1,[ 1 12],76,121,122,45,121
1,<environment.Job instance at 0x1543fc166e10>,37,1,[5 1],63,688,689,625,688
1,<environment.Job instance at 0x1543cffbdcd0>,4,1,[6 1],6,6,7,0,6
1,<environment.Job instance at 0x1543f7a5e4b0>,7,1,[1 6],10,10,11,0,10
1,<environment.Job instance at 0x1543f7a5e460>,10,1,[6 2],13,13,14,0,13
1,<environment.Job instance at 0x1543f7a5e410>,13,3,[7 1],16,17,20,1,17
1,<environment.Job instance at 0x1543f40d0910>,15,2,[1 9],19,19,21,0,19
1,<environment.Job instance at 0x1543f40d0140>,16,2,[7 2],20,20,22,0,20
1,<environment.Job instance at 0x1543f40d0d70>,17,3,[5 2],22,22,25,0,22
1,<environment.Job instance at 0x1543f40d0d20>,19,1,[8 1],24,24,25,0,24
1,<environment.Job instance at 0x1543f40d0870>,20,1,[1 5],26,26,27,0,26
1,<environment.Job instance at 0x1543f40d0b90>,21,1,[10  1],28,28,29,0,28
1,<environment.Job instance at 0x1543f40d0960>,22,1,[5 2],29,29,30,0,29
1,<environment.Job instance at 0x1543f6e91410>,25,1,[10  2],33,33,34,0,33
1,<environment.Job instance at 0x1543f6e91e10>,26,21,[ 2 10],34,34,55,0,34
1,<environment.Job instance at 0x1543f6e91230>,27,21,[2 5],35,35,56,0,35
1,<environment.Job instance at 0x1543f7ae6a00>,36,1,[9 1],46,58,59,12,58
1,<environment.Job instance at 0x1543fcac4e60>,38,2,[10  2],48,59,61,11,59
1,<environment.Job instance at 0x1543cfd117d0>,37,17,[2 5],47,59,76,12,59
1,<environment.Job instance at 0x1543fcac4d20>,40,2,[5 2],51,61,63,10,59
1,<environment.Job instance at 0x1543fcac4320>,41,2,[5 1],52,61,63,9,59
1,<environment.Job instance at 0x1543fcac4b90>,42,1,[1 7],53,59,60,6,59
1,<environment.Job instance at 0x1543f40d0780>,24,25,[9 1],31,63,88,32,59
1,<environment.Job instance at 0x1543fcac40a0>,45,1,[5 1],58,76,77,18,64
1,<environment.Job instance at 0x1543fcac4230>,46,1,[2 6],60,64,65,4,64
1,<environment.Job instance at 0x1543f6f54550>,47,3,[2 6],61,65,68,4,64
1,<environment.Job instance at 0x1543f6f54a00>,48,2,[9 1],62,88,90,26,64
1,<environment.Job instance at 0x1543f6f54730>,49,13,[6 1],64,77,90,13,64
1,<environment.Job instance at 0x1543fcab3690>,50,2,[7 2],65,90,92,25,65
1,<environment.Job instance at 0x1543cfed1dc0>,51,2,[9 2],66,92,94,26,66
1,<environment.Job instance at 0x1543cfeb3050>,52,3,[5 1],67,90,93,23,67
1,<environment.Job instance at 0x1543f6f97230>,53,2,[ 1 10],68,90,92,22,68
1,<environment.Job instance at 0x1543ec03bdc0>,56,1,[8 2],73,94,95,21,87
1,<environment.Job instance at 0x1543fc166820>,57,17,[7 1],74,94,111,20,87
1,<environment.Job instance at 0x1543fcac4eb0>,44,1,[6 2],57,93,94,36,88
1,<environment.Job instance at 0x1543fe10a640>,61,1,[8 2],78,127,128,49,127
1,<environment.Job instance at 0x1543f7a5d0f0>,62,1,[5 2],79,127,128,48,127
1,<environment.Job instance at 0x1543ec35d730>,63,1,[7 1],80,128,129,48,127
1,<environment.Job instance at 0x1543fcab2370>,64,1,[1 8],81,127,128,46,127
1,<environment.Job instance at 0x1543fc449370>,65,2,[6 2],82,128,130,46,127
1,<environment.Job instance at 0x1543fc4490f0>,67,1,[6 2],85,129,130,44,128
1,<environment.Job instance at 0x1543ec038a00>,68,3,[8 2],86,130,133,44,128
1,<environment.Job instance at 0x1543fc1052d0>,69,2,[ 1 10],88,128,130,40,128
1,<environment.Job instance at 0x1543feaf65a0>,71,1,[5 1],90,130,131,40,128
1,<environment.Job instance at 0x1543feaf6910>,73,2,[7 2],92,153,155,61,153
1,<environment.Job instance at 0x1543f4188910>,74,3,[10  1],93,155,158,62,153
1,<environment.Job instance at 0x1543f41880a0>,75,3,[6 1],94,158,161,64,153
1,<environment.Job instance at 0x1543f4188cd0>,76,1,[13  1],95,161,162,66,153
1,<environment.Job instance at 0x1543cfe3a820>,78,1,[5 1],97,154,155,57,154
1,<environment.Job instance at 0x1543fc12dbe0>,55,17,[12  1],70,162,179,92,157
1,<environment.Job instance at 0x1543ec202910>,85,22,[8 1],105,179,201,74,172
1,<environment.Job instance at 0x1543ec202320>,97,1,[ 1 14],120,191,192,71,191
1,<environment.Job instance at 0x1543ec202690>,102,1,[8 1],127,208,209,81,208
1,<environment.Job instance at 0x1543fc147780>,103,1,[5 1],129,208,209,79,208
1,<environment.Job instance at 0x1543fc147dc0>,104,2,[7 2],130,209,211,79,208
1,<environment.Job instance at 0x1543f6e91370>,29,3,[2 7],38,259,262,221,259
1,<environment.Job instance at 0x1543fc147230>,105,3,[ 2 14],132,262,265,130,262
1,<environment.Job instance at 0x1543fc147500>,114,1,[1 5],147,265,266,118,262
1,<environment.Job instance at 0x1543fc147fa0>,113,2,[7 2],145,267,269,122,267
1,<environment.Job instance at 0x1543f6e91aa0>,31,15,[6 1],40,322,337,282,322
1,<environment.Job instance at 0x1543f7979730>,10,25,[6 1],15,1360,1385,1345,1360
1,<environment.Job instance at 0x1543cfd31690>,4,1,[ 2 10],7,7,8,0,7
1,<environment.Job instance at 0x1543f7a8d7d0>,5,1,[6 2],8,8,9,0,8
1,<environment.Job instance at 0x1543cfd31780>,6,2,[ 1 12],9,9,11,0,9
1,<environment.Job instance at 0x1543cfe515f0>,9,21,[5 1],12,12,33,0,12
1,<environment.Job instance at 0x1543cfd21cd0>,12,1,[ 2 10],16,17,18,1,17
1,<environment.Job instance at 0x1543cfcd2e60>,16,2,[1 8],21,22,24,1,22
1,<environment.Job instance at 0x1543cfcd21e0>,19,2,[2 7],26,26,28,0,26
1,<environment.Job instance at 0x1543cfcd2f00>,20,22,[ 2 10],27,28,50,1,27
1,<environment.Job instance at 0x1543f41fc8c0>,30,1,[7 1],39,39,40,0,39
1,<environment.Job instance at 0x1543f41fc140>,31,1,[2 6],42,50,51,8,42
1,<environment.Job instance at 0x1543ec397c30>,32,2,[10  2],43,43,45,0,43
1,<environment.Job instance at 0x1543ec397f00>,33,1,[5 1],44,45,46,1,44
1,<environment.Job instance at 0x1543f41f4960>,34,2,[8 2],45,45,47,0,45
1,<environment.Job instance at 0x1543ec3840a0>,35,1,[6 1],46,47,48,1,46
1,<environment.Job instance at 0x1543ec384dc0>,36,3,[8 1],48,48,51,0,48
1,<environment.Job instance at 0x1543cfcd2b90>,17,13,[7 1],22,51,64,29,51
1,<environment.Job instance at 0x1543f565f3c0>,40,3,[2 6],57,57,60,0,57
1,<environment.Job instance at 0x1543f565fdc0>,41,2,[7 1],58,60,62,2,58
1,<environment.Job instance at 0x1543ec385c30>,42,21,[6 1],60,62,83,2,60
1,<environment.Job instance at 0x1543f58f4230>,46,2,[2 8],65,316,318,251,316
1,<environment.Job instance at 0x1543f58f4f50>,45,1,[ 2 10],64,318,319,254,316
1,<environment.Job instance at 0x1543f590da00>,52,1,[9 1],74,316,317,242,316
1,<environment.Job instance at 0x1543f5919050>,53,1,[ 2 10],75,319,320,244,316
1,<environment.Job instance at 0x1543f590d370>,51,27,[1 9],73,323,350,250,323
1,<environment.Job instance at 0x1543f40d5410>,47,1,[1 7],68,350,351,282,339
1,<environment.Job instance at 0x1543f590c230>,59,13,[8 2],86,347,360,261,347
1,<environment.Job instance at 0x1543f40ce3c0>,69,21,[9 1],101,405,426,304,405
1,<environment.Job instance at 0x1543f58fe640>,43,3,[ 2 13],62,422,425,360,422
1,<environment.Job instance at 0x1543f40ced70>,72,2,[5 1],105,425,427,320,422
1,<environment.Job instance at 0x1543f40ce9b0>,73,2,[ 2 10],106,426,428,320,422
1,<environment.Job instance at 0x1543f40ce190>,74,3,[5 1],107,426,429,319,422
1,<environment.Job instance at 0x1543f40cef00>,75,1,[1 9],109,425,426,316,422
1,<environment.Job instance at 0x1543f40ce730>,76,1,[2 7],110,428,429,318,422
1,<environment.Job instance at 0x1543f40ce050>,77,2,[1 8],111,429,431,318,422
1,<environment.Job instance at 0x1543f40d3aa0>,78,1,[1 9],113,431,432,318,422
1,<environment.Job instance at 0x1543f40d3f50>,79,2,[ 2 10],115,432,434,317,423
1,<environment.Job instance at 0x1543f40d3e10>,82,20,[ 2 11],118,434,454,316,425
1,<environment.Job instance at 0x1543f40ca190>,106,26,[8 1],148,483,509,335,483
1,<environment.Job instance at 0x1543f6ffdc80>,58,2,[8 1],85,513,515,428,513
1,<environment.Job instance at 0x1543f40ce460>,62,3,[1 5],90,544,547,454,544
1,<environment.Job instance at 0x1543cfecc5f0>,0,27,[6 1],1,1,28,0,1
1,<environment.Job instance at 0x1543cfb833c0>,9,16,[5 2],13,26,42,13,26
1,<environment.Job instance at 0x1543cfb83730>,14,1,[6 1],21,28,29,7,26
1,<environment.Job instance at 0x1543cfb837d0>,16,3,[2 9],23,36,39,13,36
1,<environment.Job instance at 0x1543cfb83870>,17,17,[1 8],25,39,56,14,36
1,<environment.Job instance at 0x1543cfb83910>,18,2,[11  2],26,42,44,16,36
1,<environment.Job instance at 0x1543cfb83c30>,20,2,[1 8],29,56,58,27,37
1,<environment.Job instance at 0x1543cfb83be0>,21,2,[1 5],30,39,41,9,37
1,<environment.Job instance at 0x1543cfb83cd0>,22,1,[1 5],31,41,42,10,37
1,<environment.Job instance at 0x1543cfb83e60>,23,2,[9 1],32,44,46,12,37
1,<environment.Job instance at 0x1543cfb83d70>,24,3,[9 2],33,46,49,13,37
1,<environment.Job instance at 0x1543cfb83140>,8,1,[1 8],12,58,59,46,47
1,<environment.Job instance at 0x1543cfb83690>,11,28,[14  1],18,49,77,31,48
1,<environment.Job instance at 0x1543cfb85a50>,33,2,[12  1],45,77,79,32,50
1,<environment.Job instance at 0x1543cfb87780>,39,3,[1 6],51,63,66,12,63
1,<environment.Job instance at 0x1543cfb87460>,40,2,[1 8],53,66,68,13,63
1,<environment.Job instance at 0x1543cfb877d0>,41,17,[7 1],54,79,96,25,67
1,<environment.Job instance at 0x1543cfb87870>,43,3,[1 5],58,71,74,13,71
1,<environment.Job instance at 0x1543cfb87820>,44,1,[10  1],59,96,97,37,71
1,<environment.Job instance at 0x1543cfb879b0>,45,1,[10  2],60,97,98,37,71
1,<environment.Job instance at 0x1543cfb87b90>,46,16,[7 1],61,79,95,18,72
1,<environment.Job instance at 0x1543cfb87c30>,47,1,[1 6],62,74,75,12,72
1,<environment.Job instance at 0x1543cfb89230>,54,3,[6 1],69,98,101,29,79
1,<environment.Job instance at 0x1543cfb896e0>,56,2,[7 1],76,98,100,22,80
1,<environment.Job instance at 0x1543cfb89c30>,58,1,[ 2 13],78,95,96,17,80
1,<environment.Job instance at 0x1543cfb89d70>,59,2,[2 5],79,96,98,17,80
1,<environment.Job instance at 0x1543cfb89d20>,60,3,[9 1],80,100,103,20,80
1,<environment.Job instance at 0x1543cfb8a910>,69,2,[8 2],92,103,105,11,95
1,<environment.Job instance at 0x1543cfb8c0a0>,73,1,[7 2],102,106,107,4,106
1,<environment.Job instance at 0x1543cfb8c280>,74,1,[2 8],103,106,107,3,106
1,<environment.Job instance at 0x1543cfb8c3c0>,75,2,[2 9],104,107,109,3,106
1,<environment.Job instance at 0x1543cfb8c960>,77,2,[7 1],107,107,109,0,107
1,<environment.Job instance at 0x1543cfb8caa0>,78,1,[ 1 10],108,109,110,1,108
1,<environment.Job instance at 0x1543cfb8cbe0>,79,26,[2 5],109,109,135,0,109
1,<environment.Job instance at 0x1543cfb83b40>,26,2,[2 6],36,155,157,119,155
1,<environment.Job instance at 0x1543f7097a50>,8,1,[1 8],12,13,14,1,13
1,<environment.Job instance at 0x1543f7097e60>,9,25,[9 1],13,14,39,1,14
1,<environment.Job instance at 0x1543cfe10910>,20,1,[2 7],28,28,29,0,28
1,<environment.Job instance at 0x1543cfe10410>,21,2,[ 1 14],30,33,35,3,33
1,<environment.Job instance at 0x1543cfe10e10>,25,1,[2 5],34,35,36,1,34
1,<environment.Job instance at 0x1543ec3ac910>,26,2,[1 5],36,36,38,0,36
1,<environment.Job instance at 0x1543cfe104b0>,23,3,[9 1],32,39,42,7,36
1,<environment.Job instance at 0x1543ec3acc80>,29,26,[5 2],39,39,65,0,39
1,<environment.Job instance at 0x1543f7a10dc0>,50,1,[ 1 12],74,74,75,0,74
1,<environment.Job instance at 0x1543f6f6b550>,56,20,[9 1],81,120,140,39,120
1,<environment.Job instance at 0x1543f7a10fa0>,55,1,[9 1],80,140,141,60,138
1,<environment.Job instance at 0x1543cfe02d20>,60,1,[5 1],86,138,139,52,138
1,<environment.Job instance at 0x1543cfe025f0>,58,2,[13  1],84,141,143,57,140
1,<environment.Job instance at 0x1543fcb03280>,61,3,[8 1],87,143,146,56,140
1,<environment.Job instance at 0x1543cfe9eb90>,65,18,[8 1],98,146,164,48,141
1,<environment.Job instance at 0x1543cfeabe10>,77,1,[1 9],116,150,151,34,150
1,<environment.Job instance at 0x1543f6ee2550>,79,1,[1 8],118,151,152,33,150
1,<environment.Job instance at 0x1543f6ee2e10>,80,20,[7 2],119,153,173,34,153
1,<environment.Job instance at 0x1543f6f4d7d0>,88,1,[2 5],129,164,165,35,158
1,<environment.Job instance at 0x1543f6f4d050>,90,1,[ 1 13],131,165,166,34,165
1,<environment.Job instance at 0x1543cfb8a690>,62,2,[6 2],88,168,170,80,168
1,<environment.Job instance at 0x1543f56208c0>,92,1,[5 2],133,171,172,38,171
1,<environment.Job instance at 0x1543cfc5ee60>,49,2,[6 1],73,172,174,99,172
1,<environment.Job instance at 0x1543f79f5410>,94,1,[11  1],143,174,175,31,173
1,<environment.Job instance at 0x1543f70a8190>,67,1,[7 1],103,202,203,99,202
1,<environment.Job instance at 0x1543f5620500>,93,12,[2 9],134,205,217,71,205
1,<environment.Job instance at 0x1543cfda1550>,96,2,[1 6],145,221,223,76,221
1,<environment.Job instance at 0x1543f70c6d20>,97,2,[1 8],146,236,238,90,236
1,<environment.Job instance at 0x1543f70c6c80>,99,18,[10  2],149,240,258,91,240
1,<environment.Job instance at 0x1543f70c6f50>,98,1,[6 1],147,258,259,111,256
1,<environment.Job instance at 0x1543cfda1870>,95,2,[5 1],144,372,374,228,372
1,<environment.Job instance at 0x1543cfcd29b0>,32,2,[6 1],44,46,48,2,46
1,<environment.Job instance at 0x1543cfcd2d20>,34,2,[8 1],46,46,48,0,46
1,<environment.Job instance at 0x1543cfcd2140>,36,1,[10  1],48,50,51,2,50
1,<environment.Job instance at 0x1543cfcd2e60>,37,2,[8 2],50,51,53,1,50
1,<environment.Job instance at 0x1543f704d0a0>,38,1,[1 6],51,51,52,0,51
1,<environment.Job instance at 0x1543cfd03690>,40,16,[1 5],53,57,73,4,57
1,<environment.Job instance at 0x1543cfd031e0>,45,2,[2 5],60,60,62,0,60
1,<environment.Job instance at 0x1543ec0f7230>,17,17,[5 2],25,118,135,93,118
1,<environment.Job instance at 0x1543f6e58640>,54,1,[2 7],70,128,129,58,128
1,<environment.Job instance at 0x1543f703e5f0>,57,2,[9 1],74,129,131,55,129
1,<environment.Job instance at 0x1543ec06e460>,58,1,[2 5],75,131,132,56,129
1,<environment.Job instance at 0x1543f6f819b0>,60,2,[2 8],80,131,133,51,129
1,<environment.Job instance at 0x1543cf965c30>,61,17,[1 8],82,135,152,53,135
1,<environment.Job instance at 0x1543f6ded190>,68,2,[2 9],90,152,154,62,145
1,<environment.Job instance at 0x1543cf985f50>,69,2,[8 2],91,145,147,54,145
1,<environment.Job instance at 0x1543fe4bdb90>,70,2,[8 1],92,147,149,55,146
1,<environment.Job instance at 0x1543cf985a00>,72,1,[ 2 10],95,154,155,59,146
1,<environment.Job instance at 0x1543f7018550>,49,13,[8 1],64,181,194,117,181
1,<environment.Job instance at 0x1543ec0f7f00>,20,17,[8 1],29,445,462,416,445
1,<environment.Job instance at 0x1543f4050c80>,76,16,[5 1],101,664,680,563,664
1,<environment.Job instance at 0x1543f411e320>,75,13,[1 7],100,735,748,635,735
1,<environment.Job instance at 0x1543ec2fa8c0>,77,3,[2 5],103,769,772,666,769
1,<environment.Job instance at 0x1543f40507d0>,78,13,[1 5],104,780,793,676,780
1,<environment.Job instance at 0x1543f7d6fa50>,80,23,[2 5],107,782,805,675,782
1,<environment.Job instance at 0x1543f7d6ff00>,81,1,[6 1],108,792,793,684,792
1,<environment.Job instance at 0x1543f7d6fb90>,82,18,[8 2],109,803,821,694,803
1,<environment.Job instance at 0x1543cfd5f640>,13,13,[1 9],20,821,834,801,821
1,<environment.Job instance at 0x1543cf987eb0>,84,3,[2 6],111,821,824,710,821
1,<environment.Job instance at 0x1543cf987280>,85,3,[2 6],112,824,827,712,821
1,<environment.Job instance at 0x1543cfedb140>,86,1,[5 2],113,827,828,714,821
1,<environment.Job instance at 0x1543cfedb2d0>,87,3,[7 1],114,827,830,713,821
1,<environment.Job instance at 0x1543cfedb280>,88,2,[2 6],115,830,832,715,821
1,<environment.Job instance at 0x1543cfedba50>,89,3,[2 7],117,834,837,717,822
1,<environment.Job instance at 0x1543fdca6410>,90,18,[1 6],118,832,850,714,828
1,<environment.Job instance at 0x1543fdca65a0>,91,3,[1 5],120,837,840,717,828
1,<environment.Job instance at 0x1543fdca6e60>,92,2,[2 8],121,840,842,719,828
1,<environment.Job instance at 0x1543fcb615a0>,93,17,[11  2],122,842,859,720,830
1,<environment.Job instance at 0x1543ec31a780>,94,15,[1 5],123,842,857,719,839
1,<environment.Job instance at 0x1543ec31ab40>,95,3,[2 5],125,850,853,725,840
1,<environment.Job instance at 0x1543ec31aaa0>,96,2,[6 2],126,859,861,733,847
1,<environment.Job instance at 0x1543f4050b90>,79,15,[5 1],106,1020,1035,914,1020
1,<environment.Job instance at 0x1543ec31ad70>,97,16,[2 8],128,1105,1121,977,1105
1,<environment.Job instance at 0x1543ec04b5f0>,99,18,[2 5],130,1105,1123,975,1105
1,<environment.Job instance at 0x1543ec04ba50>,100,3,[10  2],131,1107,1110,976,1107
1,<environment.Job instance at 0x1543ec04bcd0>,101,1,[6 1],134,1110,1111,976,1108
1,<environment.Job instance at 0x1543ec04b730>,102,3,[10  1],135,1111,1114,976,1109
1,<environment.Job instance at 0x1543ec04bfa0>,103,3,[6 2],136,1114,1117,978,1109
1,<environment.Job instance at 0x1543f7ad6960>,104,18,[ 1 14],137,1160,1178,1023,1160
1,<environment.Job instance at 0x1543f7ad6fa0>,105,2,[7 1],138,1161,1163,1023,1161
1,<environment.Job instance at 0x1543f7ad6640>,106,3,[10  1],139,1163,1166,1024,1163
1,<environment.Job instance at 0x1543f7ad6280>,107,1,[6 1],140,1166,1167,1026,1163
1,<environment.Job instance at 0x1543ec31a0a0>,98,2,[9 1],129,1183,1185,1054,1183
1,<environment.Job instance at 0x1543f7ad6aa0>,109,1,[2 7],142,1315,1316,1173,1315
1,<environment.Job instance at 0x1543f7ad63c0>,108,18,[1 9],141,1382,1400,1241,1382
1,<environment.Job instance at 0x1543f7cf95f0>,111,1,[8 2],144,1383,1384,1239,1383
1,<environment.Job instance at 0x1543f7a24c30>,112,28,[ 2 10],146,1400,1428,1254,1399
1,<environment.Job instance at 0x1543f7ad6d70>,110,3,[7 1],143,1425,1428,1282,1425
1,<environment.Job instance at 0x1543f7a245a0>,113,15,[1 8],147,1682,1697,1535,1682
1,<environment.Job instance at 0x1543f70aee60>,115,13,[6 1],149,1682,1695,1533,1682
1,<environment.Job instance at 0x1543f70ae140>,114,2,[8 2],148,1842,1844,1694,1842
1,<environment.Job instance at 0x1543cfcc3dc0>,13,19,[ 2 14],25,44,63,19,44
1,<environment.Job instance at 0x1543cfcd5460>,23,2,[2 5],38,63,65,25,44
1,<environment.Job instance at 0x1543cfcd54b0>,24,1,[1 7],39,63,64,24,44
1,<environment.Job instance at 0x1543cfcd5550>,25,1,[2 9],40,64,65,24,44
1,<environment.Job instance at 0x1543cfcd5690>,26,3,[2 9],42,65,68,23,44
1,<environment.Job instance at 0x1543cfcd5730>,27,1,[9 2],43,63,64,20,44
1,<environment.Job instance at 0x1543cfcd5e60>,28,1,[7 2],45,65,66,20,45
1,<environment.Job instance at 0x1543cfcd4230>,31,1,[10  2],49,66,67,17,49
1,<environment.Job instance at 0x1543cfcd43c0>,32,2,[7 1],50,50,52,0,50
1,<environment.Job instance at 0x1543cfcd4500>,33,2,[10  1],51,52,54,1,51
1,<environment.Job instance at 0x1543cfcd4640>,34,1,[1 7],52,68,69,16,52
1,<environment.Job instance at 0x1543cfcd4780>,35,1,[9 1],54,54,55,0,54
1,<environment.Job instance at 0x1543cfcd50f0>,20,2,[10  1],35,175,177,140,175
1,<environment.Job instance at 0x1543cfcd4d70>,43,2,[8 1],64,198,200,134,198
1,<environment.Job instance at 0x1543cfc0faa0>,54,2,[1 7],81,209,211,128,209
1,<environment.Job instance at 0x1543cfcd1e10>,55,2,[2 6],82,217,219,135,217
1,<environment.Job instance at 0x1543cfcd19b0>,56,3,[6 1],84,269,272,185,269
1,<environment.Job instance at 0x1543cfcd1050>,57,16,[ 2 10],85,313,329,228,313
1,<environment.Job instance at 0x1543cfcd1a00>,58,2,[5 1],87,432,434,345,432
1,<environment.Job instance at 0x1543cfe04370>,59,3,[6 1],88,432,435,344,432
1,<environment.Job instance at 0x1543cfcd5320>,19,1,[8 2],34,456,457,422,456
1,<environment.Job instance at 0x1543fc463c30>,60,1,[10  1],89,545,546,456,545
1,<environment.Job instance at 0x1543cfaf89b0>,62,3,[ 2 10],91,550,553,459,550
1,<environment.Job instance at 0x1543cfd735f0>,63,17,[2 9],93,642,659,549,642
1,<environment.Job instance at 0x1543fcb667d0>,64,1,[9 2],94,656,657,562,656
1,<environment.Job instance at 0x1543fc478640>,65,3,[2 9],95,781,784,686,781
1,<environment.Job instance at 0x1543cfaf9280>,66,3,[2 5],96,789,792,693,789
1,<environment.Job instance at 0x1543f6155e10>,67,3,[1 7],97,877,880,780,877
1,<environment.Job instance at 0x1543cfdca3c0>,68,2,[2 6],98,933,935,835,933
1,<environment.Job instance at 0x1543f7004b40>,69,2,[5 2],99,1053,1055,954,1053
1,<environment.Job instance at 0x1543cfdf28c0>,70,12,[ 1 10],100,1169,1181,1069,1169
1,<environment.Job instance at 0x1543cfdf2c30>,71,2,[1 5],101,1185,1187,1084,1185
1,<environment.Job instance at 0x1543f7004c80>,72,12,[5 1],102,1258,1270,1156,1258
1,<environment.Job instance at 0x1543cf9c4050>,73,1,[10  1],103,1321,1322,1218,1321
1,<environment.Job instance at 0x1543cf9c4fa0>,74,3,[1 7],105,1378,1381,1273,1378
1,<environment.Job instance at 0x1543cf9c4190>,75,1,[10  2],107,1441,1442,1334,1441
1,<environment.Job instance at 0x1543cf9c4be0>,76,1,[6 1],109,1485,1486,1376,1485
1,<environment.Job instance at 0x1543cf9c4b40>,77,13,[1 6],110,1651,1664,1541,1651
1,<environment.Job instance at 0x1543cf9c4e10>,78,2,[1 8],111,1688,1690,1577,1688
1,<environment.Job instance at 0x1543f7020190>,79,17,[6 1],112,1782,1799,1670,1782
1,<environment.Job instance at 0x1543f41eac30>,61,15,[7 1],90,1798,1813,1708,1798
1,<environment.Job instance at 0x1543fcb1c960>,80,1,[8 1],113,1889,1890,1776,1889
1,<environment.Job instance at 0x1543cffd45a0>,82,2,[1 9],117,1995,1997,1878,1995
1,<environment.Job instance at 0x1543cf9c4280>,83,17,[2 7],118,2018,2035,1900,2018
1,<environment.Job instance at 0x1543cf9c4e60>,84,12,[5 1],119,2057,2069,1938,2057
1,<environment.Job instance at 0x1543cfd435a0>,85,16,[1 7],121,2186,2202,2065,2186
1,<environment.Job instance at 0x1543cfd43820>,86,3,[2 6],122,2192,2195,2070,2192
1,<environment.Job instance at 0x1543cfd550a0>,81,3,[1 6],114,2323,2326,2209,2323
1,<environment.Job instance at 0x1543cfd6a7d0>,87,17,[6 1],125,2508,2525,2383,2508
1,<environment.Job instance at 0x1543cfd437d0>,89,2,[9 1],128,2526,2528,2398,2526
1,<environment.Job instance at 0x1543cfd72230>,90,12,[5 2],129,2601,2613,2472,2601
1,<environment.Job instance at 0x1543cfd72d20>,91,1,[1 9],130,2644,2645,2514,2644
1,<environment.Job instance at 0x1543f41e5320>,92,1,[1 5],131,2656,2657,2525,2656
1,<environment.Job instance at 0x1543cfd728c0>,93,26,[2 7],132,2703,2729,2571,2703
1,<environment.Job instance at 0x1543cfd72730>,94,3,[2 8],133,2729,2732,2596,2729
1,<environment.Job instance at 0x1543cfd726e0>,95,3,[2 9],134,2741,2744,2607,2741
1,<environment.Job instance at 0x1543cfd72c30>,96,15,[8 1],136,2756,2771,2620,2756
1,<environment.Job instance at 0x1543cffdebe0>,97,1,[2 7],137,2773,2774,2636,2773
1,<environment.Job instance at 0x1543cffdef00>,98,1,[7 2],138,2838,2839,2700,2838
1,<environment.Job instance at 0x1543cf9e6140>,0,1,[14  1],1,2,3,1,2
1,<environment.Job instance at 0x1543cffcc960>,8,1,[ 1 10],12,12,13,0,12
1,<environment.Job instance at 0x1543cffcc0f0>,10,1,[8 2],16,16,17,0,16
1,<environment.Job instance at 0x1543cfffe960>,15,1,[5 2],22,22,23,0,22
1,<environment.Job instance at 0x1543cffde730>,31,3,[ 1 11],41,82,85,41,82
1,<environment.Job instance at 0x1543cffde640>,40,1,[1 5],53,85,86,32,82
1,<environment.Job instance at 0x1543cffde460>,48,1,[1 9],62,91,92,29,91
1,<environment.Job instance at 0x1543cfd6ae60>,50,2,[1 8],65,92,94,27,91
1,<environment.Job instance at 0x1543cfd6ab40>,51,16,[1 6],66,99,115,33,99
1,<environment.Job instance at 0x1543cfd6acd0>,54,3,[ 1 14],70,115,118,45,99
1,<environment.Job instance at 0x1543cfd6a230>,55,3,[5 1],71,99,102,28,99
1,<environment.Job instance at 0x1543cfd6a050>,56,2,[8 1],73,99,101,26,99
1,<environment.Job instance at 0x1543cfd6a5f0>,57,3,[9 1],74,101,104,27,100
1,<environment.Job instance at 0x1543cfd6a730>,58,3,[8 2],75,104,107,29,100
1,<environment.Job instance at 0x1543cffdec80>,34,3,[1 5],46,121,124,75,121
1,<environment.Job instance at 0x1543cfce9960>,63,2,[1 9],83,122,124,39,122
1,<environment.Job instance at 0x1543cfce9820>,64,23,[1 5],84,124,147,40,122
1,<environment.Job instance at 0x1543cffde5a0>,33,2,[2 5],43,124,126,81,122
1,<environment.Job instance at 0x1543cfd50640>,66,18,[10  1],86,122,140,36,122
1,<environment.Job instance at 0x1543cfd50eb0>,67,1,[8 2],87,140,141,53,122
1,<environment.Job instance at 0x1543cfd50fa0>,68,2,[7 1],88,141,143,53,122
1,<environment.Job instance at 0x1543cfd50730>,70,2,[2 8],90,126,128,36,126
1,<environment.Job instance at 0x1543cfd50410>,75,14,[9 2],99,143,157,44,128
1,<environment.Job instance at 0x1543cf9e2730>,78,2,[5 2],103,140,142,37,136
1,<environment.Job instance at 0x1543cf9e2af0>,84,1,[ 2 10],111,148,149,37,148
1,<environment.Job instance at 0x1543cf9e2690>,85,2,[6 2],112,149,151,37,148
1,<environment.Job instance at 0x1543cf9e2910>,86,1,[1 5],114,151,152,37,148
1,<environment.Job instance at 0x1543cf9e2820>,87,2,[5 2],115,151,153,36,148
1,<environment.Job instance at 0x1543cf9e2230>,88,2,[8 1],116,157,159,41,149
1,<environment.Job instance at 0x1543cf9e26e0>,89,2,[8 1],117,159,161,42,149
1,<environment.Job instance at 0x1543cfd505f0>,76,16,[8 2],101,161,177,60,154
1,<environment.Job instance at 0x1543cfd7f730>,91,3,[10  2],119,177,180,58,162
1,<environment.Job instance at 0x1543cfe05140>,107,2,[11  1],138,242,244,104,242
1,<environment.Job instance at 0x1543cffdeaa0>,35,1,[8 1],47,244,245,197,242
1,<environment.Job instance at 0x1543cfea3500>,94,18,[ 2 11],122,242,260,120,242
1,<environment.Job instance at 0x1543f7db0d70>,111,3,[9 1],144,245,248,101,242
1,<environment.Job instance at 0x1543f7d1d7d0>,112,14,[2 5],146,260,274,114,245
1,<environment.Job instance at 0x1543fc4508c0>,113,2,[1 8],147,260,262,113,245
1,<environment.Job instance at 0x1543cfd28c30>,114,1,[5 1],148,248,249,100,245
1,<environment.Job instance at 0x1543f4203c30>,97,2,[ 1 13],125,274,276,149,265
1,<environment.Job instance at 0x1543cfd6a500>,62,13,[ 2 10],82,295,308,213,295
1,<environment.Job instance at 0x1543f6f27460>,109,12,[1 8],140,308,320,168,296
1,<environment.Job instance at 0x1543fcab2410>,12,2,[1 8],18,360,362,342,360
1,<environment.Job instance at 0x1543fc13f1e0>,16,12,[7 2],22,360,372,338,360
1,<environment.Job instance at 0x1543fc13fe60>,17,1,[2 5],24,362,363,338,362
1,<environment.Job instance at 0x1543f53e0410>,11,2,[ 1 11],17,367,369,350,367
1,<environment.Job instance at 0x1543cfdbc140>,23,12,[9 1],33,374,386,341,374
1,<environment.Job instance at 0x1543fcba18c0>,32,3,[5 1],50,378,381,328,378
1,<environment.Job instance at 0x1543cfac8f50>,34,2,[7 2],54,386,388,332,378
1,<environment.Job instance at 0x1543cfeecc80>,37,3,[2 6],57,386,389,329,386
1,<environment.Job instance at 0x1543cfac8cd0>,33,26,[5 2],52,386,412,334,386
1,<environment.Job instance at 0x1543f70a8870>,44,23,[9 1],70,399,422,329,399
1,<environment.Job instance at 0x1543cfda1640>,52,1,[7 1],81,433,434,352,433
1,<environment.Job instance at 0x1543cfda1af0>,54,1,[6 2],83,440,441,357,440
1,<environment.Job instance at 0x1543f7069050>,70,2,[6 2],107,504,506,397,504
1,<environment.Job instance at 0x1543f70692d0>,69,1,[14  2],106,506,507,400,504
1,<environment.Job instance at 0x1543f7ae67d0>,71,13,[6 1],108,507,520,399,506
1,<environment.Job instance at 0x1543ec10da00>,79,1,[10  2],119,520,521,401,508
1,<environment.Job instance at 0x1543cfaeed20>,92,1,[ 2 10],142,542,543,400,542
1,<environment.Job instance at 0x1543fcb1b1e0>,77,2,[2 8],117,547,549,430,547
1,<environment.Job instance at 0x1543cfc3dfa0>,14,1,[1 5],20,610,611,590,610
1,<environment.Job instance at 0x1543cfd69780>,13,16,[ 1 12],19,718,734,699,718
1,<environment.Job instance at 0x1543f7069780>,67,2,[14  2],104,804,806,700,804
1,<environment.Job instance at 0x1543f6e4dc30>,5,2,[14  1],7,12,14,5,12
1,<environment.Job instance at 0x1543f6e4dc80>,11,2,[1 8],16,16,18,0,16
1,<environment.Job instance at 0x1543f6e46550>,13,1,[2 9],18,18,19,0,18
1,<environment.Job instance at 0x1543f6e46690>,14,1,[10  2],19,19,20,0,19
1,<environment.Job instance at 0x1543f6e467d0>,15,2,[5 2],22,22,24,0,22
1,<environment.Job instance at 0x1543f6e4ddc0>,6,14,[6 2],10,23,37,13,23
1,<environment.Job instance at 0x1543f6e4de10>,7,1,[5 2],11,28,29,17,28
1,<environment.Job instance at 0x1543f6e551e0>,22,1,[1 7],37,37,38,0,37
1,<environment.Job instance at 0x1543f6e4dfa0>,8,18,[10  2],12,42,60,30,42
1,<environment.Job instance at 0x1543f6e559b0>,29,2,[2 6],50,50,52,0,50
1,<environment.Job instance at 0x1543f6e55cd0>,31,3,[1 6],52,52,55,0,52
1,<environment.Job instance at 0x1543f6e55e10>,32,1,[8 1],53,60,61,7,53
1,<environment.Job instance at 0x1543f6e55f50>,33,1,[6 1],54,60,61,6,54
1,<environment.Job instance at 0x1543f6e40f50>,46,2,[1 7],83,83,85,0,83
1,<environment.Job instance at 0x1543f6e40fa0>,47,2,[2 5],84,84,86,0,84
1,<environment.Job instance at 0x1543f6e527d0>,57,1,[6 1],95,114,115,19,114
1,<environment.Job instance at 0x1543f6e52780>,58,1,[5 2],97,114,115,17,114
1,<environment.Job instance at 0x1543f6e52910>,59,1,[6 1],98,115,116,17,114
1,<environment.Job instance at 0x1543f6e52b90>,62,1,[2 9],107,114,115,7,114
1,<environment.Job instance at 0x1543f6e40870>,41,2,[6 2],72,1213,1215,1141,1213
1,<environment.Job instance at 0x1543cfc385a0>,81,3,[9 1],131,1625,1628,1494,1625
1,<environment.Job instance at 0x1543cfc10730>,1,1,[1 5],2,3,4,1,3
1,<environment.Job instance at 0x1543fc475dc0>,4,1,[1 8],5,5,6,0,5
1,<environment.Job instance at 0x1543fc475730>,8,1,[2 9],9,9,10,0,9
1,<environment.Job instance at 0x1543f7ad4370>,19,2,[1 5],23,72,74,49,72
1,<environment.Job instance at 0x1543f7ad4280>,16,14,[ 1 12],20,190,204,170,190
1,<environment.Job instance at 0x1543f7ad40a0>,29,1,[1 5],37,204,205,167,190
1,<environment.Job instance at 0x1543f7ad47d0>,30,1,[7 2],38,190,191,152,190
1,<environment.Job instance at 0x1543f7ad4b90>,31,3,[ 2 10],40,204,207,164,190
1,<environment.Job instance at 0x1543cfba7cd0>,32,1,[6 2],41,191,192,150,190
1,<environment.Job instance at 0x1543f7ad43c0>,33,3,[10  2],43,192,195,149,190
1,<environment.Job instance at 0x1543cfba7960>,34,3,[2 7],45,207,210,162,190
1,<environment.Job instance at 0x1543cfba7500>,38,21,[6 2],52,205,226,153,199
1,<environment.Job instance at 0x1543cfba7730>,42,1,[1 6],57,210,211,153,210
1,<environment.Job instance at 0x1543cfba7320>,43,1,[ 1 10],62,211,212,149,210
1,<environment.Job instance at 0x1543cfba7e10>,46,1,[ 1 10],65,212,213,147,210
1,<environment.Job instance at 0x1543cfba7a50>,51,27,[7 1],71,223,250,152,223
1,<environment.Job instance at 0x1543cfe2a550>,64,1,[2 7],93,247,248,154,247
1,<environment.Job instance at 0x1543f7ad4410>,22,13,[1 6],27,290,303,263,290
1,<environment.Job instance at 0x1543cfbcbeb0>,97,2,[13  1],148,343,345,195,343
1,<environment.Job instance at 0x1543cfbcb550>,98,2,[1 7],149,347,349,198,347
1,<environment.Job instance at 0x1543f7ad41e0>,21,3,[7 2],26,354,357,328,354
1,<environment.Job instance at 0x1543f7ad4f00>,25,3,[1 8],32,355,358,323,355
1,<environment.Job instance at 0x1543cfee6eb0>,82,17,[10  2],125,360,377,235,360
1,<environment.Job instance at 0x1543cfee6d70>,1,1,[7 1],4,5,6,1,5
1,<environment.Job instance at 0x1543cfef9280>,14,16,[7 1],21,25,41,4,25
1,<environment.Job instance at 0x1543cfeeff50>,13,1,[6 2],20,25,26,5,25
1,<environment.Job instance at 0x1543fcaf7af0>,9,2,[6 2],14,26,28,12,25
1,<environment.Job instance at 0x1543cfef9640>,22,24,[9 2],31,41,65,10,36
1,<environment.Job instance at 0x1543ec384e60>,29,1,[10  2],41,69,70,28,69
1,<environment.Job instance at 0x1543ec384910>,35,2,[1 5],49,84,86,35,84
1,<environment.Job instance at 0x1543cf9e5be0>,39,1,[ 2 10],55,101,102,46,101
1,<environment.Job instance at 0x1543cfd940a0>,43,1,[2 5],62,117,118,55,117
1,<environment.Job instance at 0x1543cfd94d70>,44,3,[2 8],66,117,120,51,117
1,<environment.Job instance at 0x1543cfd94cd0>,45,2,[1 9],67,120,122,53,117
1,<environment.Job instance at 0x1543cfd945f0>,46,3,[2 6],68,118,121,50,117
1,<environment.Job instance at 0x1543cfd94780>,47,2,[5 2],69,121,123,52,117
1,<environment.Job instance at 0x1543cfd94410>,48,2,[ 2 10],72,122,124,50,117
1,<environment.Job instance at 0x1543cf9eba00>,50,1,[2 5],74,123,124,49,117
1,<environment.Job instance at 0x1543cf9eb2d0>,51,2,[5 1],75,117,119,42,117
1,<environment.Job instance at 0x1543fc1c7460>,61,2,[6 2],87,146,148,59,146
1,<environment.Job instance at 0x1543fc1c7a00>,65,1,[8 2],96,147,148,51,147
1,<environment.Job instance at 0x1543fc1c7870>,70,1,[8 1],106,149,150,43,149
1,<environment.Job instance at 0x1543cfc620a0>,82,1,[2 9],119,188,189,69,188
1,<environment.Job instance at 0x1543ec2579b0>,80,3,[13  1],117,191,194,74,191
1,<environment.Job instance at 0x1543cfc62140>,85,1,[7 2],126,194,195,68,191
1,<environment.Job instance at 0x1543cfc62410>,84,1,[10  1],125,195,196,70,192
1,<environment.Job instance at 0x1543f79c0b40>,87,1,[2 9],128,192,193,64,192
1,<environment.Job instance at 0x1543cfeefa50>,10,3,[2 5],15,194,197,179,194
1,<environment.Job instance at 0x1543cff0baa0>,90,1,[1 6],136,194,195,58,194
1,<environment.Job instance at 0x1543f7dc44b0>,98,1,[2 9],148,201,202,53,201
1,<environment.Job instance at 0x1543cfb8cfa0>,89,14,[ 1 10],133,211,225,78,211
1,<environment.Job instance at 0x1543cfef92d0>,21,2,[1 6],30,263,265,233,263
1,<environment.Job instance at 0x1543cfd4d230>,2,1,[1 8],6,615,616,609,615
1,<environment.Job instance at 0x1543cfb13140>,2,22,[2 8],4,4,26,0,4
1,<environment.Job instance at 0x1543ec0d3d20>,7,1,[10  2],9,21,22,12,21
1,<environment.Job instance at 0x1543f7a3ee10>,10,13,[9 1],16,22,35,6,21
1,<environment.Job instance at 0x1543f7a3e320>,11,1,[ 1 10],17,26,27,9,23
1,<environment.Job instance at 0x1543f7a3e7d0>,12,1,[10  2],18,35,36,17,24
1,<environment.Job instance at 0x1543f7a3eeb0>,9,3,[10  2],15,36,39,21,30
1,<environment.Job instance at 0x1543f7a3ea00>,13,16,[5 1],19,33,49,14,33
1,<environment.Job instance at 0x1543f7a3ee60>,18,2,[8 1],27,39,41,12,36
1,<environment.Job instance at 0x1543f7a3e820>,19,3,[9 2],28,45,48,17,45
1,<environment.Job instance at 0x1543f7a3e190>,16,2,[2 8],23,70,72,47,70
1,<environment.Job instance at 0x1543f7a3e8c0>,23,14,[7 1],35,91,105,56,91
1,<environment.Job instance at 0x1543ec0d3fa0>,5,2,[ 1 12],7,115,117,108,115
1,<environment.Job instance at 0x1543ec0c2820>,37,1,[ 1 10],53,117,118,64,115
1,<environment.Job instance at 0x1543ec0c2140>,40,1,[2 8],57,118,119,61,116
1,<environment.Job instance at 0x1543ec0c23c0>,41,1,[5 1],58,116,117,58,116
1,<environment.Job instance at 0x1543ec0d3aa0>,8,18,[1 6],14,370,388,356,370
1,<environment.Job instance at 0x1543f6faae10>,75,2,[7 2],112,463,465,351,463
1,<environment.Job instance at 0x1543f6faac30>,77,15,[10  2],114,907,922,793,907
1,<environment.Job instance at 0x1543f7a3e730>,22,13,[7 2],34,1016,1029,982,1016
1,<environment.Job instance at 0x1543cffda370>,78,3,[7 2],116,1081,1084,965,1081
1,<environment.Job instance at 0x1543f7a5beb0>,79,16,[1 8],117,1472,1488,1355,1472
1,<environment.Job instance at 0x1543f7a5b870>,81,1,[2 9],121,1690,1691,1569,1690
1,<environment.Job instance at 0x1543f7a5baf0>,82,1,[5 2],122,2092,2093,1970,2092
1,<environment.Job instance at 0x1543f7a5b370>,83,3,[6 2],123,2745,2748,2622,2745
1,<environment.Job instance at 0x1543f7a5b730>,80,3,[5 1],119,2777,2780,2658,2777
1,<environment.Job instance at 0x1543f7a5b690>,86,1,[1 9],127,2876,2877,2749,2876
1,<environment.Job instance at 0x1543f7a5bb90>,1,1,[11  2],2,2,3,0,2
1,<environment.Job instance at 0x14f68ea3f2d0>,9,2,[6 1],11,11,13,0,11
1,<environment.Job instance at 0x14f68ea48c30>,11,3,[1 8],13,13,16,0,13
1,<environment.Job instance at 0x14f68ea48f00>,13,2,[8 1],17,17,19,0,17
1,<environment.Job instance at 0x14f68ea48960>,15,1,[ 1 10],20,20,21,0,20
1,<environment.Job instance at 0x14f68e9ffdc0>,16,1,[2 5],21,21,22,0,21
1,<environment.Job instance at 0x14f68ea1e280>,20,2,[ 1 13],27,31,33,4,31
1,<environment.Job instance at 0x14f68e98f5a0>,26,1,[2 7],35,35,36,0,35
1,<environment.Job instance at 0x14f68ea1e0a0>,23,2,[8 1],31,36,38,5,36
1,<environment.Job instance at 0x14f68d244d70>,33,1,[2 7],43,43,44,0,43
1,<environment.Job instance at 0x14f68ea1e230>,21,3,[6 1],29,166,169,137,166
1,<environment.Job instance at 0x14f68cff8d20>,32,3,[2 9],42,752,755,710,752
1,<environment.Job instance at 0x14f68ea13960>,37,2,[ 1 10],50,827,829,777,827
1,<environment.Job instance at 0x14f68ea13d70>,38,1,[8 1],51,887,888,836,887
1,<environment.Job instance at 0x14f68ea13320>,39,3,[1 5],52,1535,1538,1483,1535
1,<environment.Job instance at 0x14f68ea13aa0>,40,3,[1 6],53,1570,1573,1517,1570
1,<environment.Job instance at 0x14f68ea13c30>,41,25,[12  2],54,2013,2038,1959,2013
1,<environment.Job instance at 0x14f68ea132d0>,43,3,[7 2],57,2061,2064,2004,2061
1,<environment.Job instance at 0x14f68ea13370>,44,3,[1 8],58,2209,2212,2151,2209
1,<environment.Job instance at 0x14f68ea13af0>,45,3,[2 8],60,2258,2261,2198,2258
1,<environment.Job instance at 0x14f68cd07780>,46,2,[2 8],61,2385,2387,2324,2385
1,<environment.Job instance at 0x14f68d2425a0>,47,1,[1 6],63,2596,2597,2533,2596
1,<environment.Job instance at 0x14f68cd16aa0>,49,16,[8 2],66,2632,2648,2566,2632
1,<environment.Job instance at 0x14f68ea13a00>,36,3,[10  2],48,2871,2874,2823,2871
1,<environment.Job instance at 0x14f68cf8caa0>,5,2,[1 8],9,1138,1140,1129,1138
1,<environment.Job instance at 0x14f68803f910>,2,1,[6 1],3,3,4,0,3
1,<environment.Job instance at 0x14f6880de730>,25,3,[2 7],43,215,218,172,215
1,<environment.Job instance at 0x14f6880deb40>,27,2,[8 1],48,282,284,234,282
1,<environment.Job instance at 0x14f6880de8c0>,24,1,[6 2],41,296,297,255,296
1,<environment.Job instance at 0x14f6880de5a0>,29,2,[1 6],52,322,324,270,322
1,<environment.Job instance at 0x14f6880de370>,28,2,[1 9],51,407,409,356,407
1,<environment.Job instance at 0x14f6880b1f50>,32,1,[9 2],55,414,415,359,414
1,<environment.Job instance at 0x14f6880b1410>,33,18,[ 1 10],56,414,432,358,414
1,<environment.Job instance at 0x14f6880b1b90>,34,2,[1 6],58,432,434,374,425
1,<environment.Job instance at 0x14f6880b10a0>,31,3,[1 8],54,432,435,378,425
1,<environment.Job instance at 0x14f6880b1fa0>,36,1,[7 2],61,429,430,368,429
1,<environment.Job instance at 0x14f6880b1a50>,37,3,[9 1],62,434,437,372,434
1,<environment.Job instance at 0x14f6880b1640>,38,16,[9 1],63,437,453,374,435
1,<environment.Job instance at 0x14f6880b1730>,35,3,[ 2 10],60,443,446,383,443
1,<environment.Job instance at 0x14f6880b1e10>,40,3,[2 7],66,446,449,380,443
1,<environment.Job instance at 0x14f6880b1190>,41,14,[7 2],67,453,467,386,443
1,<environment.Job instance at 0x14f6880b10f0>,42,2,[ 1 10],69,449,451,380,448
1,<environment.Job instance at 0x14f6880b1e60>,39,1,[6 2],65,451,452,386,449
1,<environment.Job instance at 0x14f68804f640>,44,2,[2 9],71,455,457,384,455
1,<environment.Job instance at 0x14f68804f910>,45,3,[9 1],74,467,470,393,457
1,<environment.Job instance at 0x14f6880de500>,30,1,[1 9],53,457,458,404,457
1,<environment.Job instance at 0x14f68804f8c0>,46,18,[6 2],76,457,475,381,457
1,<environment.Job instance at 0x14f68804f730>,48,3,[5 1],80,470,473,390,460
1,<environment.Job instance at 0x14f68804f7d0>,43,3,[10  2],70,498,501,428,498
1,<environment.Job instance at 0x14f68804fbe0>,49,14,[1 6],82,521,535,439,521
1,<environment.Job instance at 0x14f68804f5f0>,51,1,[2 7],84,521,522,437,521
1,<environment.Job instance at 0x14f68804fd20>,52,2,[10  2],85,521,523,436,521
1,<environment.Job instance at 0x14f68804f4b0>,53,2,[6 1],86,523,525,437,521
1,<environment.Job instance at 0x14f68804fc80>,54,3,[9 2],88,525,528,437,521
1,<environment.Job instance at 0x14f68804fe10>,55,3,[6 2],91,528,531,437,521
1,<environment.Job instance at 0x14f68804fcd0>,56,2,[5 2],92,523,525,431,521
1,<environment.Job instance at 0x14f68804f280>,57,3,[1 7],93,525,528,432,521
1,<environment.Job instance at 0x14f68804faf0>,58,2,[9 2],95,531,533,436,521
1,<environment.Job instance at 0x14f68804f0a0>,59,1,[7 2],96,528,529,432,521
1,<environment.Job instance at 0x14f68804f190>,60,3,[1 7],98,529,532,431,521
1,<environment.Job instance at 0x14f68804ff00>,50,2,[5 1],83,566,568,483,566
1,<environment.Job instance at 0x14f68804fc30>,61,14,[1 6],99,704,718,605,704
1,<environment.Job instance at 0x14f6881b9a50>,63,3,[6 1],103,704,707,601,704
1,<environment.Job instance at 0x14f6881b94b0>,64,26,[9 1],104,707,733,603,704
1,<environment.Job instance at 0x14f6881b9820>,65,2,[2 9],105,720,722,615,720
1,<environment.Job instance at 0x14f6881b9a00>,66,2,[2 5],106,722,724,616,722
1,<environment.Job instance at 0x14f68804f0f0>,62,14,[1 9],100,984,998,884,984
1,<environment.Job instance at 0x14f68804f460>,47,16,[1 5],78,1159,1175,1081,1159
1,<environment.Job instance at 0x14f6881b95f0>,69,3,[8 1],109,1219,1222,1110,1219
1,<environment.Job instance at 0x14f6881b9500>,70,3,[8 1],113,1232,1235,1119,1232
1,<environment.Job instance at 0x14f6881b9410>,68,12,[5 2],108,1332,1344,1224,1332
1,<environment.Job instance at 0x14f6881b9c80>,72,27,[1 7],115,1587,1614,1472,1587
1,<environment.Job instance at 0x14f6881b9cd0>,71,1,[10  1],114,1732,1733,1618,1732
1,<environment.Job instance at 0x14f6881b99b0>,73,15,[2 8],118,2063,2078,1945,2063
1,<environment.Job instance at 0x14f647a2c640>,18,27,[ 2 10],23,23,50,0,23
1,<environment.Job instance at 0x14f6882509b0>,28,2,[7 1],37,37,39,0,37
1,<environment.Job instance at 0x14f6881f7410>,34,19,[2 9],46,50,69,4,48
1,<environment.Job instance at 0x14f6881f70a0>,38,2,[1 5],50,50,52,0,50
1,<environment.Job instance at 0x14f6881f7280>,42,1,[1 9],55,69,70,14,55
1,<environment.Job instance at 0x14f6881f7be0>,36,17,[9 2],48,55,72,7,55
1,<environment.Job instance at 0x14f6881f9b90>,45,1,[2 6],58,70,71,12,58
1,<environment.Job instance at 0x14f6881f95a0>,46,1,[2 8],60,71,72,11,60
1,<environment.Job instance at 0x14f6881f92d0>,47,1,[2 6],61,70,71,9,61
1,<environment.Job instance at 0x14f6881f90f0>,53,1,[10  1],68,89,90,21,89
1,<environment.Job instance at 0x14f6881f9230>,54,1,[1 8],69,89,90,20,89
1,<environment.Job instance at 0x14f6881f99b0>,56,2,[2 6],71,89,91,18,89
1,<environment.Job instance at 0x14f6881f9640>,57,3,[9 2],72,90,93,18,89
1,<environment.Job instance at 0x14f6881b8f00>,58,2,[10  2],73,93,95,20,89
1,<environment.Job instance at 0x14f6881b83c0>,61,2,[1 6],77,103,105,26,103
1,<environment.Job instance at 0x14f6880fcdc0>,63,2,[7 2],80,128,130,48,128
1,<environment.Job instance at 0x14f6880fcd20>,65,2,[1 8],82,128,130,46,128
1,<environment.Job instance at 0x14f6880fc730>,67,1,[2 5],84,131,132,47,131
1,<environment.Job instance at 0x14f647798be0>,69,2,[7 1],86,134,136,48,134
1,<environment.Job instance at 0x14f6880fc410>,70,3,[7 1],87,134,137,47,134
1,<environment.Job instance at 0x14f6880fcb40>,72,25,[12  1],89,142,167,53,142
1,<environment.Job instance at 0x14f6880fce60>,73,1,[ 2 10],90,142,143,52,142
1,<environment.Job instance at 0x14f6477d5be0>,79,3,[2 9],100,155,158,55,155
1,<environment.Job instance at 0x14f68825c500>,80,23,[1 6],101,158,181,57,155
1,<environment.Job instance at 0x14f6881eab40>,81,12,[7 1],104,167,179,63,156
1,<environment.Job instance at 0x14f6881d40a0>,82,3,[10  1],107,179,182,72,156
1,<environment.Job instance at 0x14f6881d4870>,83,3,[6 1],109,167,170,58,156
1,<environment.Job instance at 0x14f6881d4960>,84,3,[8 1],110,182,185,72,156
1,<environment.Job instance at 0x14f6881d4e60>,85,2,[7 1],112,170,172,58,156
1,<environment.Job instance at 0x14f6881d48c0>,87,1,[7 1],116,172,173,56,167
1,<environment.Job instance at 0x14f6881d4140>,88,2,[5 1],117,173,175,56,170
1,<environment.Job instance at 0x14f6881ca2d0>,90,3,[5 2],120,225,228,105,225
1,<environment.Job instance at 0x14f6881f7730>,35,13,[12  2],47,228,241,181,227
1,<environment.Job instance at 0x14f6475f4d70>,97,1,[1 9],132,227,228,95,227
1,<environment.Job instance at 0x14f6476a85a0>,100,1,[5 2],136,227,228,91,227
1,<environment.Job instance at 0x14f647572cd0>,101,26,[2 8],138,228,254,90,227
1,<environment.Job instance at 0x14f693d92050>,111,1,[2 8],159,254,255,95,244
1,<environment.Job instance at 0x14f6881f9460>,51,17,[9 1],66,266,283,200,266
1,<environment.Job instance at 0x14f6881f9e60>,52,3,[5 1],67,274,277,207,274
1,<environment.Job instance at 0x14f64764e280>,4,27,[1 7],5,5,32,0,5
1,<environment.Job instance at 0x14f64764e0f0>,14,15,[2 8],22,29,44,7,29
1,<environment.Job instance at 0x14f64764ec30>,17,2,[1 8],27,44,46,17,29
1,<environment.Job instance at 0x14f64764e9b0>,18,1,[10  2],28,32,33,4,29
1,<environment.Job instance at 0x14f64764ef50>,19,3,[2 8],29,46,49,17,29
1,<environment.Job instance at 0x14f6478539b0>,22,1,[ 1 12],36,49,50,13,36
1,<environment.Job instance at 0x14f6478538c0>,24,1,[8 1],39,39,40,0,39
1,<environment.Job instance at 0x14f647853820>,25,3,[1 9],41,50,53,9,41
1,<environment.Job instance at 0x14f647788af0>,26,1,[2 9],44,53,54,9,44
1,<environment.Job instance at 0x14f647788e60>,27,2,[7 2],45,45,47,0,45
1,<environment.Job instance at 0x14f64764e4b0>,15,1,[5 1],23,212,213,189,212
1,<environment.Job instance at 0x14f68cabee10>,31,2,[7 1],51,218,220,167,218
1,<environment.Job instance at 0x14f64764ea50>,12,3,[9 2],15,629,632,614,629
1,<environment.Job instance at 0x14f64764e820>,7,2,[6 1],9,629,631,620,629
1,<environment.Job instance at 0x14f68e987460>,37,18,[5 1],58,631,649,573,629
1,<environment.Job instance at 0x14f68e987e10>,38,15,[6 1],59,638,653,579,638
1,<environment.Job instance at 0x14f68cd2ea50>,39,3,[6 2],60,649,652,589,642
1,<environment.Job instance at 0x14f68cd2ed20>,40,1,[6 2],61,652,653,591,648
1,<environment.Job instance at 0x14f68cd2e640>,41,17,[9 2],63,653,670,590,648
1,<environment.Job instance at 0x14f647667aa0>,42,1,[7 1],64,670,671,606,660
1,<environment.Job instance at 0x14f647a3f960>,2,1,[1 7],3,6,7,3,6
1,<environment.Job instance at 0x14f647a3fa50>,4,1,[6 2],7,7,8,0,7
1,<environment.Job instance at 0x14f647a3fd70>,5,1,[5 1],8,8,9,0,8
1,<environment.Job instance at 0x14f647a3fbe0>,6,1,[2 6],10,10,11,0,10
1,<environment.Job instance at 0x14f647a3f910>,7,3,[2 6],11,11,14,0,11
1,<environment.Job instance at 0x14f647a3f500>,8,2,[9 1],12,12,14,0,12
1,<environment.Job instance at 0x14f647a0c730>,17,17,[7 1],24,64,81,40,64
1,<environment.Job instance at 0x14f647a0c410>,20,16,[6 1],27,140,156,113,140
1,<environment.Job instance at 0x14f647a0c9b0>,21,1,[8 2],28,170,171,142,170
1,<environment.Job instance at 0x14f647a0cb40>,22,1,[5 2],29,178,179,149,178
1,<environment.Job instance at 0x14f6882a39b0>,23,1,[7 1],30,189,190,159,189
1,<environment.Job instance at 0x14f6882a3280>,24,1,[1 8],31,196,197,165,196
1,<environment.Job instance at 0x14f6882a34b0>,25,2,[6 2],32,196,198,164,196
1,<environment.Job instance at 0x14f647b34c30>,3,2,[ 1 11],7,14,16,7,14
1,<environment.Job instance at 0x14f688061050>,9,28,[5 2],14,17,45,3,17
1,<environment.Job instance at 0x14f6880617d0>,13,1,[5 1],18,18,19,0,18
1,<environment.Job instance at 0x14f688061d20>,15,1,[8 1],20,20,21,0,20
1,<environment.Job instance at 0x14f647941af0>,16,1,[7 2],22,22,23,0,22
1,<environment.Job instance at 0x14f688061c80>,19,2,[6 2],26,31,33,5,31
1,<environment.Job instance at 0x14f688221af0>,24,1,[1 9],31,58,59,27,58
1,<environment.Job instance at 0x14f647bc7d70>,26,1,[6 1],33,58,59,25,58
1,<environment.Job instance at 0x14f6944221e0>,27,3,[5 2],34,58,61,24,58
1,<environment.Job instance at 0x14f6944202d0>,30,1,[9 2],37,73,74,36,73
1,<environment.Job instance at 0x14f68e7b7190>,31,2,[1 7],38,73,75,35,73
1,<environment.Job instance at 0x14f68e9025f0>,32,26,[1 6],41,73,99,32,73
1,<environment.Job instance at 0x14f647b34a50>,5,1,[1 8],10,75,76,65,73
1,<environment.Job instance at 0x14f688306730>,35,23,[9 1],46,74,97,28,73
1,<environment.Job instance at 0x14f688061460>,6,2,[2 9],11,520,522,509,520
1,<environment.Job instance at 0x14f694475050>,46,20,[8 1],60,560,580,500,560
1,<environment.Job instance at 0x14f6944756e0>,47,2,[7 1],61,569,571,508,569
1,<environment.Job instance at 0x14f647a83a50>,48,3,[9 1],66,638,641,572,638
1,<environment.Job instance at 0x14f647a832d0>,49,13,[2 5],68,956,969,888,956
1,<environment.Job instance at 0x14f647a83280>,50,2,[1 8],69,1045,1047,976,1045
1,<environment.Job instance at 0x14f647a83370>,51,1,[2 6],70,1125,1126,1055,1125
1,<environment.Job instance at 0x14f647a838c0>,52,2,[9 2],73,1156,1158,1083,1156
1,<environment.Job instance at 0x14f647abd320>,53,1,[ 2 10],77,1246,1247,1169,1246
1,<environment.Job instance at 0x14f647abd640>,54,3,[11  1],79,1275,1278,1196,1275
1,<environment.Job instance at 0x14f68e977960>,18,28,[1 6],27,30,58,3,30
1,<environment.Job instance at 0x14f6477fbd70>,26,1,[1 9],39,55,56,16,55
1,<environment.Job instance at 0x14f6479bc370>,27,1,[2 7],40,56,57,16,55
1,<environment.Job instance at 0x14f68e96cb90>,29,1,[1 9],43,57,58,14,55
1,<environment.Job instance at 0x14f68e99fd20>,54,1,[7 1],75,115,116,40,115
1,<environment.Job instance at 0x14f69452de60>,57,26,[8 1],78,115,141,37,115
1,<environment.Job instance at 0x14f68e984410>,59,2,[8 1],80,141,143,61,116
1,<environment.Job instance at 0x14f68e9841e0>,60,27,[6 1],81,116,143,35,116
1,<environment.Job instance at 0x14f69441b1e0>,9,2,[8 1],15,337,339,322,337
1,<environment.Job instance at 0x14f68831eb40>,72,2,[1 7],99,1069,1071,970,1069
1,<environment.Job instance at 0x14f647671640>,73,3,[7 1],100,1111,1114,1011,1111
1,<environment.Job instance at 0x14f68e9723c0>,74,1,[6 1],101,1123,1124,1022,1123
1,<environment.Job instance at 0x14f68e905c80>,75,15,[6 2],102,1295,1310,1193,1295
1,<environment.Job instance at 0x14f68e96acd0>,4,1,[6 2],7,7,8,0,7
1,<environment.Job instance at 0x14f6474c1be0>,10,1,[5 2],19,19,20,0,19
1,<environment.Job instance at 0x14f6474c3a50>,22,1,[1 8],35,35,36,0,35
1,<environment.Job instance at 0x14f6474c3e60>,25,1,[1 5],41,41,42,0,41
1,<environment.Job instance at 0x14f6474c3d70>,27,1,[2 8],44,44,45,0,44
1,<environment.Job instance at 0x14f6474c1820>,8,2,[8 2],12,46,48,34,46
1,<environment.Job instance at 0x14f6474c5370>,29,3,[10  1],48,48,51,0,48
1,<environment.Job instance at 0x14f6474c54b0>,30,2,[ 2 13],49,49,51,0,49
1,<environment.Job instance at 0x14f6474c5640>,31,3,[7 2],51,51,54,0,51
1,<environment.Job instance at 0x14f6474c5730>,32,28,[2 5],53,53,81,0,53
1,<environment.Job instance at 0x14f6474c5b90>,37,1,[2 6],58,72,73,14,72
1,<environment.Job instance at 0x14f6474c58c0>,38,1,[1 5],60,73,74,13,72
1,<environment.Job instance at 0x14f6474c5d70>,39,2,[2 8],61,76,78,15,76
1,<environment.Job instance at 0x14f6474c5e10>,40,24,[2 9],62,78,102,16,76
1,<environment.Job instance at 0x14f6474c5fa0>,41,3,[2 5],65,92,95,27,92
1,<environment.Job instance at 0x14f6474c5af0>,42,18,[5 2],67,95,113,28,92
1,<environment.Job instance at 0x14f6474c7050>,43,1,[1 6],68,102,103,34,101
1,<environment.Job instance at 0x14f6474c7190>,44,2,[2 6],70,103,105,33,103
1,<environment.Job instance at 0x14f6474c7280>,45,2,[6 2],71,103,105,32,103
1,<environment.Job instance at 0x14f6474c71e0>,46,3,[2 7],72,113,116,41,113
1,<environment.Job instance at 0x14f6474c75a0>,47,1,[10  1],76,113,114,37,113
1,<environment.Job instance at 0x14f6474c7780>,48,3,[10  1],77,114,117,37,113
1,<environment.Job instance at 0x14f6474c7690>,49,2,[6 1],78,117,119,39,113
1,<environment.Job instance at 0x14f6474c76e0>,50,3,[1 5],79,113,116,34,113
1,<environment.Job instance at 0x14f6474c77d0>,51,2,[10  2],80,119,121,39,113
1,<environment.Job instance at 0x14f6474c7870>,52,1,[9 1],81,117,118,36,113
1,<environment.Job instance at 0x14f6474c7910>,53,1,[1 8],82,116,117,34,114
1,<environment.Job instance at 0x14f6474c79b0>,54,25,[9 1],83,121,146,38,117
1,<environment.Job instance at 0x14f6474c7a50>,55,3,[2 7],84,133,136,49,133
1,<environment.Job instance at 0x14f6474c7af0>,56,1,[7 1],85,146,147,61,133
1,<environment.Job instance at 0x14f6474c7b90>,57,2,[7 2],86,146,148,60,133
1,<environment.Job instance at 0x14f6474c7c30>,58,13,[10  1],88,148,161,60,134
1,<environment.Job instance at 0x14f6474c7cd0>,59,3,[2 6],89,147,150,58,147
1,<environment.Job instance at 0x14f6474c7d70>,60,2,[8 1],90,161,163,71,148
1,<environment.Job instance at 0x14f6474c7f00>,61,1,[6 2],91,161,162,70,148
1,<environment.Job instance at 0x14f6474c7e10>,62,1,[9 1],92,163,164,71,151
1,<environment.Job instance at 0x14f6474c90a0>,63,1,[2 5],94,152,153,58,152
1,<environment.Job instance at 0x14f6474c91e0>,64,3,[10  2],97,164,167,67,152
1,<environment.Job instance at 0x14f6474c9190>,65,1,[2 7],98,157,158,59,157
1,<environment.Job instance at 0x14f6474c93c0>,66,2,[ 1 14],100,158,160,58,157
1,<environment.Job instance at 0x14f6474c9410>,67,1,[7 2],101,162,163,61,161
1,<environment.Job instance at 0x14f6474c9640>,68,3,[9 1],102,167,170,65,162
1,<environment.Job instance at 0x14f6474c95f0>,69,15,[6 1],103,167,182,64,163
1,<environment.Job instance at 0x14f6474c98c0>,70,1,[2 5],104,164,165,60,164
1,<environment.Job instance at 0x14f6474c9690>,71,2,[1 5],106,170,172,64,168
1,<environment.Job instance at 0x14f6474c9730>,72,3,[2 8],107,170,173,63,168
1,<environment.Job instance at 0x14f6474c9910>,73,17,[10  1],108,182,199,74,170
1,<environment.Job instance at 0x14f6474c9aa0>,74,26,[5 2],109,172,198,63,170
1,<environment.Job instance at 0x14f6474c99b0>,75,1,[8 2],110,199,200,89,183
1,<environment.Job instance at 0x14f6474c9af0>,76,2,[2 6],111,198,200,87,184
1,<environment.Job instance at 0x14f6474c9b90>,77,3,[1 9],112,200,203,88,184
1,<environment.Job instance at 0x14f6474cc230>,78,2,[1 7],114,198,200,84,188
1,<environment.Job instance at 0x14f6474cc320>,79,3,[2 9],115,203,206,88,188
1,<environment.Job instance at 0x14f6474cc460>,80,2,[6 1],116,200,202,84,189
1,<environment.Job instance at 0x14f6474cc500>,81,1,[5 1],117,200,201,83,190
1,<environment.Job instance at 0x14f6474cc910>,89,21,[10  2],132,202,223,70,201
1,<environment.Job instance at 0x14f6474c3500>,19,3,[1 9],31,265,268,234,265
1,<environment.Job instance at 0x14f6474ccb90>,96,1,[10  2],145,275,276,130,275
1,<environment.Job instance at 0x14f6474c3280>,15,3,[2 6],25,363,366,338,363
1,<environment.Job instance at 0x14f6474cc640>,82,16,[2 6],118,493,509,375,493
1,<environment.Job instance at 0x14f647639be0>,99,12,[5 2],149,493,505,344,493
1,<environment.Job instance at 0x14f647639eb0>,100,1,[9 1],150,505,506,355,493
1,<environment.Job instance at 0x14f64760b6e0>,101,20,[9 1],151,506,526,355,497
1,<environment.Job instance at 0x14f647533fa0>,102,3,[5 1],153,498,501,345,498
1,<environment.Job instance at 0x14f64751ff50>,103,2,[13  1],154,526,528,372,504
1,<environment.Job instance at 0x14f64751f0f0>,104,1,[12  2],155,528,529,373,506
1,<environment.Job instance at 0x14f647533f50>,105,1,[5 1],156,512,513,356,512
1,<environment.Job instance at 0x14f647539b40>,106,3,[8 1],157,529,532,372,512
1,<environment.Job instance at 0x14f6475394b0>,107,2,[6 2],158,513,515,355,512
1,<environment.Job instance at 0x14f647539690>,108,3,[9 2],159,532,535,373,512
1,<environment.Job instance at 0x14f6474cc2d0>,95,1,[ 1 12],144,535,536,391,535
1,<environment.Job instance at 0x14f6474ce050>,97,3,[2 9],146,719,722,573,719
1,<environment.Job instance at 0x14f68e9eb190>,3,1,[7 1],13,14,15,1,14
1,<environment.Job instance at 0x14f68e9ebc30>,9,1,[7 2],20,20,21,0,20
1,<environment.Job instance at 0x14f64791af00>,13,1,[1 9],26,26,27,0,26
1,<environment.Job instance at 0x14f64791a050>,16,20,[7 2],29,32,52,3,32
1,<environment.Job instance at 0x14f694454d20>,24,1,[2 5],39,39,40,0,39
1,<environment.Job instance at 0x14f694454a50>,26,1,[ 1 13],41,41,42,0,41
1,<environment.Job instance at 0x14f694454af0>,31,2,[5 1],54,244,246,190,244
1,<environment.Job instance at 0x14f68daaed70>,33,2,[1 8],56,310,312,254,310
1,<environment.Job instance at 0x14f68daaee10>,34,1,[6 1],57,357,358,300,357
1,<environment.Job instance at 0x14f68daae9b0>,35,18,[10  2],59,534,552,475,534
1,<environment.Job instance at 0x14f68daae780>,36,1,[6 1],60,598,599,538,598
1,<environment.Job instance at 0x14f694454c30>,32,2,[1 6],55,949,951,894,949
1,<environment.Job instance at 0x14f68daae690>,38,1,[1 5],62,1046,1047,984,1046
1,<environment.Job instance at 0x14f68daaea00>,39,16,[ 2 10],63,1240,1256,1177,1240
1,<environment.Job instance at 0x14f68daae230>,40,3,[5 1],64,1292,1295,1228,1292
1,<environment.Job instance at 0x14f68daaefa0>,37,1,[2 9],61,1478,1479,1417,1478
1,<environment.Job instance at 0x14f68daae5a0>,42,3,[10  2],67,1508,1511,1441,1508
1,<environment.Job instance at 0x14f68daae820>,41,3,[1 7],65,1517,1520,1452,1517
1,<environment.Job instance at 0x14f68daaeb90>,43,17,[9 2],69,1554,1571,1485,1554
1,<environment.Job instance at 0x14f68daae050>,44,2,[9 2],71,2151,2153,2080,2151
1,<environment.Job instance at 0x14f68daaee60>,46,1,[8 1],76,2279,2280,2203,2279
1,<environment.Job instance at 0x14f68daae7d0>,47,15,[7 1],77,2394,2409,2317,2394
1,<environment.Job instance at 0x14f68daaedc0>,48,1,[1 8],78,2547,2548,2469,2547
1,<environment.Job instance at 0x14f68daae1e0>,49,12,[7 2],79,2619,2631,2540,2619
1,<environment.Job instance at 0x14f68daae4b0>,45,2,[2 7],75,2876,2878,2801,2876
1,<environment.Job instance at 0x14f6475ba1e0>,51,2,[7 2],81,2904,2906,2823,2904
1,<environment.Job instance at 0x14f647b73730>,12,2,[2 6],15,15,17,0,15
1,<environment.Job instance at 0x14f693a892d0>,21,25,[1 7],29,97,122,68,97
1,<environment.Job instance at 0x14f693a89d70>,30,1,[14  1],41,167,168,126,167
1,<environment.Job instance at 0x14f693aba050>,33,1,[8 1],44,168,169,124,167
1,<environment.Job instance at 0x14f693abadc0>,49,2,[5 2],67,173,175,106,173
1,<environment.Job instance at 0x14f693abae10>,50,1,[1 5],68,173,174,105,173
1,<environment.Job instance at 0x14f693abaf00>,51,1,[8 2],69,173,174,104,173
1,<environment.Job instance at 0x14f693abafa0>,52,2,[7 1],70,174,176,104,173
1,<environment.Job instance at 0x14f693aba910>,53,1,[10  1],71,176,177,105,173
1,<environment.Job instance at 0x14f693aba690>,54,2,[ 1 10],72,174,176,102,173
1,<environment.Job instance at 0x14f693abad20>,55,2,[1 8],73,176,178,103,173
1,<environment.Job instance at 0x14f693a92280>,56,3,[2 5],74,177,180,103,177
1,<environment.Job instance at 0x14f693a923c0>,58,2,[7 1],76,177,179,101,177
1,<environment.Job instance at 0x14f693a92460>,59,15,[2 7],77,178,193,101,177
1,<environment.Job instance at 0x14f693a92500>,60,1,[2 5],78,180,181,102,177
1,<environment.Job instance at 0x14f693a92050>,61,3,[ 1 11],81,193,196,112,177
1,<environment.Job instance at 0x14f693a92640>,62,2,[1 9],82,196,198,114,177
1,<environment.Job instance at 0x14f693a925f0>,63,2,[2 5],83,181,183,98,177
1,<environment.Job instance at 0x14f693a920f0>,64,3,[1 5],86,183,186,97,177
1,<environment.Job instance at 0x14f693a92820>,65,1,[8 1],87,179,180,92,177
1,<environment.Job instance at 0x14f693a927d0>,66,2,[8 2],88,180,182,92,177
1,<environment.Job instance at 0x14f693a92a00>,68,2,[5 2],90,190,192,100,190
1,<environment.Job instance at 0x14f693a92a50>,70,1,[1 5],93,190,191,97,190
1,<environment.Job instance at 0x14f693a92be0>,71,16,[8 1],94,192,208,98,192
1,<environment.Job instance at 0x14f693a5e9b0>,74,3,[1 7],98,198,201,100,192
1,<environment.Job instance at 0x14f693aa94b0>,75,3,[7 1],99,201,204,102,192
1,<environment.Job instance at 0x14f693aa9370>,76,2,[2 7],100,198,200,98,192
1,<environment.Job instance at 0x14f693aa90f0>,77,14,[ 2 10],101,204,218,103,194
1,<environment.Job instance at 0x14f693aa9870>,80,2,[1 8],105,218,220,113,194
1,<environment.Job instance at 0x14f68e867780>,81,16,[1 6],106,218,234,112,206
1,<environment.Job instance at 0x14f68e8674b0>,82,3,[2 6],108,220,223,112,206
1,<environment.Job instance at 0x14f68e876730>,83,14,[10  1],109,208,222,99,206
1,<environment.Job instance at 0x14f68f2d4370>,84,3,[ 1 14],110,234,237,124,210
1,<environment.Job instance at 0x14f694471a00>,85,3,[5 1],111,222,225,111,210
1,<environment.Job instance at 0x14f68e8766e0>,86,2,[8 1],113,223,225,110,210
1,<environment.Job instance at 0x14f688236be0>,87,3,[9 1],114,225,228,111,210
1,<environment.Job instance at 0x14f6881f8be0>,93,2,[1 9],123,228,230,105,226
1,<environment.Job instance at 0x14f688196640>,94,23,[1 5],124,237,260,113,231
1,<environment.Job instance at 0x14f68e868140>,103,2,[10  1],134,231,233,97,231
1,<environment.Job instance at 0x14f64771bc80>,104,22,[5 1],136,233,255,97,231
1,<environment.Job instance at 0x14f647705dc0>,106,16,[8 2],141,244,260,103,244
1,<environment.Job instance at 0x14f647705780>,107,3,[1 5],142,244,247,102,244
1,<environment.Job instance at 0x14f647705cd0>,108,2,[5 2],143,255,257,112,244
1,<environment.Job instance at 0x14f647705960>,109,13,[8 1],145,260,273,115,244
1,<environment.Job instance at 0x14f647714640>,110,1,[7 2],146,260,261,114,244
1,<environment.Job instance at 0x14f6477058c0>,111,2,[2 8],147,257,259,110,244
1,<environment.Job instance at 0x14f693a89050>,19,1,[2 7],27,282,283,255,282
1,<environment.Job instance at 0x14f693a89e10>,31,3,[10  1],42,313,316,271,313
1,<environment.Job instance at 0x14f68cf762d0>,14,2,[11  1],18,895,897,877,895
1,<environment.Job instance at 0x14f68e882640>,35,2,[1 8],48,1778,1780,1730,1778
1,<environment.Job instance at 0x14f69445f2d0>,0,1,[5 1],3,4,5,1,4
1,<environment.Job instance at 0x14f68e9c9370>,3,2,[7 1],8,8,10,0,8
1,<environment.Job instance at 0x14f64731deb0>,5,1,[ 2 10],12,12,13,0,12
1,<environment.Job instance at 0x14f6943fc1e0>,11,1,[1 6],22,22,23,0,22
1,<environment.Job instance at 0x14f68f369640>,12,1,[1 8],23,23,24,0,23
1,<environment.Job instance at 0x14f6882562d0>,13,1,[8 2],25,25,26,0,25
1,<environment.Job instance at 0x14f68f35f460>,15,2,[14  1],27,30,32,3,30
1,<environment.Job instance at 0x14f68e76beb0>,17,1,[5 2],31,32,33,1,31
1,<environment.Job instance at 0x14f694420a00>,19,3,[1 5],33,40,43,7,40
1,<environment.Job instance at 0x14f6472e36e0>,28,1,[7 2],46,47,48,1,47
1,<environment.Job instance at 0x14f6472e3410>,32,1,[1 7],57,57,58,0,57
1,<environment.Job instance at 0x14f694547dc0>,23,1,[2 9],38,58,59,20,57
1,<environment.Job instance at 0x14f68cabd5f0>,39,2,[2 6],70,73,75,3,73
1,<environment.Job instance at 0x14f68cabdaf0>,42,1,[8 1],73,78,79,5,78
1,<environment.Job instance at 0x14f64734ffa0>,43,1,[6 1],74,78,79,4,78
1,<environment.Job instance at 0x14f6475639b0>,44,1,[1 9],78,78,79,0,78
1,<environment.Job instance at 0x14f6476cba50>,67,1,[6 1],115,129,130,14,129
1,<environment.Job instance at 0x14f68f6c81e0>,29,15,[7 1],47,220,235,173,220
1,<environment.Job instance at 0x14f688181cd0>,91,3,[9 1],151,2015,2018,1864,2015
1,<environment.Job instance at 0x14f6881819b0>,92,3,[1 8],153,2357,2360,2204,2357
1,<environment.Job instance at 0x14f6881819b0>,2,2,[11  1],4,8,10,4,8
1,<environment.Job instance at 0x14f6479b6be0>,5,2,[7 1],9,10,12,1,9
1,<environment.Job instance at 0x14f6479b6f50>,7,1,[6 1],11,11,12,0,11
1,<environment.Job instance at 0x14f6479b6e10>,8,1,[1 5],12,12,13,0,12
1,<environment.Job instance at 0x14f64798d050>,9,2,[1 7],13,14,16,1,14
1,<environment.Job instance at 0x14f64798d230>,11,1,[1 8],15,15,16,0,15
1,<environment.Job instance at 0x14f6479b6b40>,10,3,[1 7],14,16,19,2,15
1,<environment.Job instance at 0x14f6479b6c80>,4,27,[9 2],8,16,43,8,15
1,<environment.Job instance at 0x14f6479ae460>,25,1,[9 1],32,181,182,149,181
1,<environment.Job instance at 0x14f6479ae640>,31,1,[5 2],40,181,182,141,181
1,<environment.Job instance at 0x14f6479aeaf0>,32,3,[1 8],42,181,184,139,181
1,<environment.Job instance at 0x14f64797e370>,45,21,[6 2],62,244,265,182,244
1,<environment.Job instance at 0x14f64797e3c0>,58,27,[7 1],81,319,346,238,319
1,<environment.Job instance at 0x14f6479ae5a0>,27,1,[6 2],34,566,567,532,566
1,<environment.Job instance at 0x14f647979820>,105,2,[1 7],159,893,895,734,893
1,<environment.Job instance at 0x14f647979870>,1,1,[7 1],4,5,6,1,5
1,<environment.Job instance at 0x14f68816fb90>,26,16,[5 1],38,74,90,36,74
1,<environment.Job instance at 0x14f68816f460>,28,1,[1 9],40,74,75,34,74
1,<environment.Job instance at 0x14f68816feb0>,29,1,[10  2],41,75,76,34,74
1,<environment.Job instance at 0x14f68816ff00>,30,3,[1 7],44,76,79,32,74
1,<environment.Job instance at 0x14f6944692d0>,31,1,[6 2],45,74,75,29,74
1,<environment.Job instance at 0x14f694469b90>,36,2,[6 1],50,88,90,38,88
1,<environment.Job instance at 0x14f694469b40>,37,15,[2 8],52,89,104,37,89
1,<environment.Job instance at 0x14f6944690a0>,39,1,[ 2 10],55,104,105,49,89
1,<environment.Job instance at 0x14f694469730>,40,2,[2 8],58,105,107,47,89
1,<environment.Job instance at 0x14f694469c30>,41,16,[8 1],60,92,108,32,92
1,<environment.Job instance at 0x14f694469eb0>,42,2,[6 2],61,107,109,46,92
1,<environment.Job instance at 0x14f6944696e0>,43,1,[2 5],62,92,93,30,92
1,<environment.Job instance at 0x14f694469230>,44,3,[2 8],66,108,111,42,92
1,<environment.Job instance at 0x14f694469c80>,45,2,[1 9],67,111,113,44,92
1,<environment.Job instance at 0x14f694469190>,46,3,[2 6],68,93,96,25,92
1,<environment.Job instance at 0x14f694469780>,47,2,[5 2],69,96,98,27,92
1,<environment.Job instance at 0x14f6944699b0>,48,2,[ 2 10],72,113,115,41,92
1,<environment.Job instance at 0x14f694469820>,49,3,[2 8],73,115,118,42,92
1,<environment.Job instance at 0x14f68e8ec280>,50,1,[2 5],74,98,99,24,92
1,<environment.Job instance at 0x14f68e8eca00>,51,2,[5 1],75,99,101,24,92
1,<environment.Job instance at 0x14f68e8ec820>,60,1,[1 6],86,120,121,34,120
1,<environment.Job instance at 0x14f6944d6d70>,61,2,[6 2],87,120,122,33,120
1,<environment.Job instance at 0x14f6475b3780>,62,2,[10  2],89,122,124,33,120
1,<environment.Job instance at 0x14f6477332d0>,64,3,[8 1],94,124,127,30,120
1,<environment.Job instance at 0x14f68e9210f0>,65,1,[8 2],96,120,121,24,120
1,<environment.Job instance at 0x14f6479f9370>,67,2,[8 1],100,127,129,27,120
1,<environment.Job instance at 0x14f693dadb90>,69,1,[1 6],102,121,122,19,120
1,<environment.Job instance at 0x14f68815d140>,70,1,[8 1],106,121,122,15,120
1,<environment.Job instance at 0x14f695a72370>,71,1,[10  1],107,129,130,22,120
1,<environment.Job instance at 0x14f6944a60f0>,73,2,[9 1],109,130,132,21,120
1,<environment.Job instance at 0x14f68e9140a0>,74,12,[8 1],110,132,144,22,121
1,<environment.Job instance at 0x14f647b6da00>,76,3,[10  1],112,144,147,32,121
1,<environment.Job instance at 0x14f693a75af0>,77,3,[7 1],113,124,127,11,121
1,<environment.Job instance at 0x14f693a751e0>,78,2,[2 8],115,122,124,7,121
1,<environment.Job instance at 0x14f647b588c0>,82,1,[2 9],119,146,147,27,146
1,<environment.Job instance at 0x14f68816fa00>,17,2,[ 1 10],26,147,149,121,146
1,<environment.Job instance at 0x14f69448f190>,87,1,[2 9],128,149,150,21,147
1,<environment.Job instance at 0x14f68e8ca280>,92,2,[6 2],139,155,157,16,155
1,<environment.Job instance at 0x14f6944890a0>,94,26,[ 2 10],141,156,182,15,156
1,<environment.Job instance at 0x14f6944882d0>,84,1,[10  1],125,187,188,62,187
1,<environment.Job instance at 0x14f6476ee460>,100,14,[13  1],153,190,204,37,190
1,<environment.Job instance at 0x14f6476eeb90>,102,1,[1 8],156,192,193,36,192
1,<environment.Job instance at 0x14f68816f690>,16,2,[1 8],23,194,196,171,194
1,<environment.Job instance at 0x14f68e8b8050>,104,19,[8 1],158,204,223,46,201
1,<environment.Job instance at 0x14f6476eef50>,101,3,[6 2],155,219,222,64,219
1,<environment.Job instance at 0x14f647b587d0>,80,3,[13  1],117,223,226,106,222
1,<environment.Job instance at 0x14f68f666730>,3,1,[5 1],4,4,5,0,4
1,<environment.Job instance at 0x14f647ab21e0>,4,2,[2 7],5,5,7,0,5
1,<environment.Job instance at 0x14f693b651e0>,8,1,[9 2],9,9,10,0,9
1,<environment.Job instance at 0x14f68f6df050>,23,28,[5 2],29,50,78,21,50
1,<environment.Job instance at 0x14f69280d960>,45,26,[2 6],62,109,135,47,109
1,<environment.Job instance at 0x14f69280d910>,50,1,[ 2 10],67,135,136,68,111
1,<environment.Job instance at 0x14f6882d5230>,55,21,[2 7],74,136,157,62,129
1,<environment.Job instance at 0x14f693b65410>,17,3,[ 2 12],22,157,160,135,139
1,<environment.Job instance at 0x14f647be4e60>,71,21,[1 5],99,160,181,61,160
1,<environment.Job instance at 0x14f68e8612d0>,88,2,[1 8],119,183,185,64,183
1,<environment.Job instance at 0x14f647be4140>,68,3,[ 2 13],94,185,188,91,183
1,<environment.Job instance at 0x14f693b36b40>,90,2,[2 9],121,188,190,67,184
1,<environment.Job instance at 0x14f693b65d70>,18,12,[11  1],23,184,196,161,184
1,<environment.Job instance at 0x14f68f691fa0>,92,2,[7 1],123,196,198,73,184
1,<environment.Job instance at 0x14f693b369b0>,91,1,[1 7],122,190,191,68,185
1,<environment.Job instance at 0x14f6477cc320>,99,1,[2 7],133,190,191,57,186
1,<environment.Job instance at 0x14f6477ccb90>,101,1,[2 9],136,191,192,55,187
1,<environment.Job instance at 0x14f647b84a00>,110,2,[ 1 12],147,241,243,94,241
1,<environment.Job instance at 0x14f647b845f0>,116,1,[ 1 10],157,243,244,86,241
1,<environment.Job instance at 0x14f647605a00>,117,1,[10  2],158,241,242,83,241
1,<environment.Job instance at 0x14f68f6df780>,19,18,[2 9],24,264,282,240,264
1,<environment.Job instance at 0x14f68e727410>,63,13,[1 6],82,276,289,194,276
1,<environment.Job instance at 0x14f68f691aa0>,93,13,[8 2],124,283,296,159,283
1,<environment.Job instance at 0x14f68cfdb9b0>,10,3,[8 1],17,17,20,0,17
1,<environment.Job instance at 0x14f68cfdbaf0>,11,1,[6 1],18,18,19,0,18
1,<environment.Job instance at 0x14f68cfdbf00>,16,1,[10  2],25,25,26,0,25
1,<environment.Job instance at 0x14f68cff0820>,36,2,[8 1],54,549,551,495,549
1,<environment.Job instance at 0x14f68cff08c0>,37,1,[10  1],55,900,901,845,900
1,<environment.Job instance at 0x14f6880aaf00>,62,15,[10  2],94,2698,2713,2604,2698
1,<environment.Job instance at 0x14f68cfdca00>,1,22,[1 7],2,7,29,5,7
1,<environment.Job instance at 0x14f6944724b0>,20,1,[5 1],28,28,29,0,28
1,<environment.Job instance at 0x14f694472730>,21,22,[5 2],29,29,51,0,29
1,<environment.Job instance at 0x14f694472370>,22,1,[5 1],30,38,39,8,38
1,<environment.Job instance at 0x14f647a7dc80>,30,1,[2 6],41,49,50,8,49
1,<environment.Job instance at 0x14f647a7d0a0>,32,1,[2 5],43,49,50,6,49
1,<environment.Job instance at 0x14f647a7d5f0>,25,1,[ 1 11],36,63,64,27,63
1,<environment.Job instance at 0x14f647a7d3c0>,35,25,[7 2],48,63,88,15,63
1,<environment.Job instance at 0x14f68d012dc0>,45,2,[7 1],59,77,79,18,77
1,<environment.Job instance at 0x14f68d012550>,46,1,[9 2],60,88,89,28,77
1,<environment.Job instance at 0x14f647705cd0>,62,1,[ 2 12],82,224,225,142,224
1,<environment.Job instance at 0x14f68cff28c0>,1,1,[6 2],3,4,5,1,4
1,<environment.Job instance at 0x14f694481960>,3,2,[2 8],5,5,7,0,5
1,<environment.Job instance at 0x14f68831ecd0>,4,1,[10  2],6,6,7,0,6
1,<environment.Job instance at 0x14f694481640>,5,1,[12  1],8,8,9,0,8
1,<environment.Job instance at 0x14f68831ef00>,6,25,[1 7],9,9,34,0,9
1,<environment.Job instance at 0x14f68832b1e0>,9,1,[ 1 11],14,34,35,20,14
1,<environment.Job instance at 0x14f68832b3c0>,11,1,[ 2 10],19,35,36,16,19
1,<environment.Job instance at 0x14f68832b460>,12,1,[6 1],20,20,21,0,20
1,<environment.Job instance at 0x14f68832b690>,13,1,[1 6],21,21,22,0,21
1,<environment.Job instance at 0x14f68832bcd0>,18,1,[2 8],28,28,29,0,28
1,<environment.Job instance at 0x14f68832beb0>,23,2,[8 1],33,33,35,0,33
1,<environment.Job instance at 0x14f68832bf50>,20,26,[1 7],30,36,62,6,33
1,<environment.Job instance at 0x14f68832bfa0>,21,3,[6 1],31,34,37,3,34
1,<environment.Job instance at 0x14f688315190>,25,20,[6 1],35,35,55,0,35
1,<environment.Job instance at 0x14f688315460>,26,3,[2 9],37,62,65,25,44
1,<environment.Job instance at 0x14f6883155a0>,28,3,[2 8],39,55,58,16,44
1,<environment.Job instance at 0x14f6883150f0>,29,1,[8 1],40,44,45,4,44
1,<environment.Job instance at 0x14f688315730>,30,17,[9 1],41,58,75,17,46
1,<environment.Job instance at 0x14f688315640>,31,2,[6 1],42,46,48,4,46
1,<environment.Job instance at 0x14f688315820>,32,1,[6 1],44,48,49,4,46
1,<environment.Job instance at 0x14f688315be0>,33,2,[2 5],46,51,53,5,51
1,<environment.Job instance at 0x14f688325320>,37,3,[13  1],52,75,78,23,52
1,<environment.Job instance at 0x14f6883254b0>,38,3,[ 2 10],53,65,68,12,53
1,<environment.Job instance at 0x14f6883255f0>,39,1,[8 2],55,78,79,23,55
1,<environment.Job instance at 0x14f6883256e0>,40,2,[8 1],57,79,81,22,57
1,<environment.Job instance at 0x14f688325820>,41,1,[1 5],58,58,59,0,58
1,<environment.Job instance at 0x14f6883259b0>,42,3,[9 1],59,81,84,22,64
1,<environment.Job instance at 0x14f68832bdc0>,22,1,[6 2],32,68,69,36,66
1,<environment.Job instance at 0x14f6882f34b0>,49,2,[2 7],72,72,74,0,72
1,<environment.Job instance at 0x14f6882f3eb0>,59,1,[1 9],88,94,95,6,94
1,<environment.Job instance at 0x14f688315500>,27,17,[1 9],38,211,228,173,211
1,<environment.Job instance at 0x14f6882f44b0>,65,3,[13  1],97,225,228,128,225
1,<environment.Job instance at 0x14f6882f3c80>,58,3,[8 2],87,228,231,141,225
1,<environment.Job instance at 0x14f6882f3aa0>,56,1,[ 1 10],84,228,229,144,225
1,<environment.Job instance at 0x14f6882f4a50>,74,2,[6 1],108,228,230,120,225
1,<environment.Job instance at 0x14f6882f4be0>,76,3,[2 6],111,230,233,119,225
1,<environment.Job instance at 0x14f6882f4d70>,78,2,[5 2],114,230,232,116,225
1,<environment.Job instance at 0x14f6882f4e60>,79,1,[7 2],115,231,232,116,225
1,<environment.Job instance at 0x14f6882f4e10>,81,3,[1 6],117,232,235,115,225
1,<environment.Job instance at 0x14f688330050>,82,2,[2 7],118,233,235,115,225
1,<environment.Job instance at 0x14f6883301e0>,83,3,[7 1],119,232,235,113,225
1,<environment.Job instance at 0x14f688330140>,84,14,[6 1],120,235,249,115,225
1,<environment.Job instance at 0x14f6883306e0>,92,2,[2 5],135,236,238,101,236
1,<environment.Job instance at 0x14f688330870>,93,2,[1 6],136,236,238,100,236
1,<environment.Job instance at 0x14f688330780>,94,12,[ 1 10],138,238,250,100,237
1,<environment.Job instance at 0x14f6883309b0>,95,3,[9 1],139,249,252,110,237
1,<environment.Job instance at 0x14f688330960>,96,17,[2 8],140,250,267,110,238
1,<environment.Job instance at 0x14f688330500>,91,14,[10  1],133,252,266,119,250
1,<environment.Job instance at 0x14f6882f45a0>,68,3,[11  1],102,274,277,172,274
1,<environment.Job instance at 0x14f68f6bda00>,99,25,[ 2 14],143,281,306,138,281
1,<environment.Job instance at 0x14f68e8038c0>,108,22,[7 2],156,334,356,178,334
1,<environment.Job instance at 0x14f68e8040a0>,100,1,[1 8],144,519,520,375,519
1,<environment.Job instance at 0x14f6882f4870>,71,1,[2 6],105,696,697,591,696
1,<environment.Job instance at 0x14ec877d8b40>,2,1,[2 5],3,3,4,0,3
1,<environment.Job instance at 0x14ec7fc4c140>,26,1,[2 7],35,35,36,0,35
1,<environment.Job instance at 0x14ec7fb70b40>,31,3,[9 2],41,42,45,1,42
1,<environment.Job instance at 0x14ec7fc43be0>,32,3,[2 9],42,42,45,0,42
1,<environment.Job instance at 0x14ec7fc43820>,33,1,[2 7],43,45,46,2,43
1,<environment.Job instance at 0x14ec7fc3d640>,21,3,[6 1],29,238,241,209,238
1,<environment.Job instance at 0x14ec7fc4c780>,23,2,[8 1],31,488,490,457,488
1,<environment.Job instance at 0x14ec7df2bc30>,36,3,[10  2],48,1315,1318,1267,1315
1,<environment.Job instance at 0x14ec7fbaf8c0>,35,2,[1 8],45,1575,1577,1530,1575
1,<environment.Job instance at 0x14ec7fb75550>,37,2,[ 1 10],50,1923,1925,1873,1923
1,<environment.Job instance at 0x14ec7e46f960>,39,3,[1 5],52,2032,2035,1980,2032
1,<environment.Job instance at 0x14ec7fbb5280>,40,3,[1 6],53,2340,2343,2287,2340
1,<environment.Job instance at 0x14ec7fbb59b0>,41,25,[12  2],54,2492,2517,2438,2492
1,<environment.Job instance at 0x14ec7e18bfa0>,42,1,[10  1],56,2827,2828,2771,2827
1,<environment.Job instance at 0x14ec85624af0>,5,12,[6 1],6,285,297,279,285
1,<environment.Job instance at 0x14ec85624690>,11,2,[ 2 10],21,1087,1089,1066,1087
1,<environment.Job instance at 0x14ec7e1634b0>,34,18,[8 1],48,1088,1106,1040,1088
1,<environment.Job instance at 0x14ec7e488550>,33,3,[ 2 10],47,1186,1189,1139,1186
1,<environment.Job instance at 0x14ec84cb74b0>,38,1,[2 6],53,1197,1198,1144,1197
1,<environment.Job instance at 0x14ec85624fa0>,4,2,[7 2],5,1203,1205,1198,1203
1,<environment.Job instance at 0x14ec84d88cd0>,3,3,[1 9],4,1205,1208,1201,1205
1,<environment.Job instance at 0x14ec7fabc1e0>,43,2,[6 2],63,1205,1207,1142,1205
1,<environment.Job instance at 0x14ec7fabc2d0>,44,1,[9 1],65,1207,1208,1142,1205
1,<environment.Job instance at 0x14ec7df581e0>,41,1,[9 1],61,1208,1209,1147,1205
1,<environment.Job instance at 0x14ec7fabc9b0>,45,2,[8 1],66,1205,1207,1139,1205
1,<environment.Job instance at 0x14ec7e1c55a0>,47,2,[1 5],69,1207,1209,1138,1205
1,<environment.Job instance at 0x14ec7e1c5cd0>,48,3,[1 5],70,1208,1211,1138,1205
1,<environment.Job instance at 0x14ec7e1c5d70>,49,2,[10  2],71,1209,1211,1138,1208
1,<environment.Job instance at 0x14ec7e46d410>,50,3,[2 8],75,1220,1223,1145,1220
1,<environment.Job instance at 0x14ec7e46d8c0>,53,18,[7 2],79,1220,1238,1141,1220
1,<environment.Job instance at 0x14ec7e46d730>,54,1,[2 8],82,1223,1224,1141,1220
1,<environment.Job instance at 0x14ec7e46dd20>,55,18,[10  1],86,1238,1256,1152,1227
1,<environment.Job instance at 0x14ec7e46de60>,56,2,[7 2],87,1256,1258,1169,1245
1,<environment.Job instance at 0x14ec7e46d9b0>,57,2,[2 5],88,1254,1256,1166,1254
1,<environment.Job instance at 0x14ec7e46d190>,61,2,[5 2],94,1256,1258,1162,1254
1,<environment.Job instance at 0x14ec7e46d230>,62,2,[ 2 12],96,1259,1261,1163,1259
1,<environment.Job instance at 0x14ec7e46dcd0>,63,14,[6 1],97,1262,1276,1165,1262
1,<environment.Job instance at 0x14ec84c80a00>,4,1,[ 2 10],5,6,7,1,6
1,<environment.Job instance at 0x14ec86c6fb90>,10,2,[ 2 10],15,15,17,0,15
1,<environment.Job instance at 0x14ec8094eb40>,14,1,[6 2],21,50,51,29,50
1,<environment.Job instance at 0x14ec86c6f460>,9,3,[5 2],14,54,57,40,54
1,<environment.Job instance at 0x14ec8094ea50>,18,2,[1 9],31,58,60,27,58
1,<environment.Job instance at 0x14ec8094e690>,19,2,[1 6],32,58,60,26,58
1,<environment.Job instance at 0x14ec8094e870>,20,1,[1 9],33,60,61,27,60
1,<environment.Job instance at 0x14ec8094e190>,21,3,[1 8],34,67,70,33,67
1,<environment.Job instance at 0x14ec8094e960>,22,1,[9 2],35,69,70,34,69
1,<environment.Job instance at 0x14ec86c6fa00>,12,17,[10  1],18,182,199,164,182
1,<environment.Job instance at 0x14ec8094e230>,24,2,[1 6],38,238,240,200,238
1,<environment.Job instance at 0x14ec8094d370>,25,3,[ 2 10],40,649,652,609,649
1,<environment.Job instance at 0x14ec8094edc0>,17,2,[8 1],28,740,742,712,740
1,<environment.Job instance at 0x14ec8094d6e0>,26,1,[7 2],41,893,894,852,893
1,<environment.Job instance at 0x14ec8094d140>,28,16,[9 1],43,914,930,871,914
1,<environment.Job instance at 0x14ec8094d780>,29,1,[6 2],45,974,975,929,974
1,<environment.Job instance at 0x14ec8094dbe0>,30,3,[2 7],46,987,990,941,987
1,<environment.Job instance at 0x14ec8094d960>,27,3,[9 1],42,1087,1090,1045,1087
1,<environment.Job instance at 0x14ec8094da00>,31,14,[7 2],47,1163,1177,1116,1163
1,<environment.Job instance at 0x14ec8094d410>,32,2,[ 1 10],49,1286,1288,1237,1286
1,<environment.Job instance at 0x14ec8094d870>,33,3,[10  2],50,1323,1326,1273,1323
1,<environment.Job instance at 0x14ec8094d550>,34,2,[2 9],51,1339,1341,1288,1339
1,<environment.Job instance at 0x14ec8094d1e0>,35,3,[9 1],54,1454,1457,1400,1454
1,<environment.Job instance at 0x14ec84c79dc0>,36,18,[6 2],56,1483,1501,1427,1483
1,<environment.Job instance at 0x14ec84c79780>,38,3,[5 1],60,1553,1556,1493,1553
1,<environment.Job instance at 0x14ec84c79b90>,39,14,[1 6],62,1811,1825,1749,1811
1,<environment.Job instance at 0x14ec84c794b0>,40,2,[5 1],63,1812,1814,1749,1812
1,<environment.Job instance at 0x14ec84c79050>,41,1,[2 7],64,1963,1964,1899,1963
1,<environment.Job instance at 0x14ec84c795f0>,37,16,[1 5],58,1980,1996,1922,1980
1,<environment.Job instance at 0x14ec84c79550>,42,2,[10  2],65,2080,2082,2015,2080
1,<environment.Job instance at 0x14ec84c826e0>,44,3,[9 2],68,2115,2118,2047,2115
1,<environment.Job instance at 0x14ec84c82690>,45,3,[6 2],71,2135,2138,2064,2135
1,<environment.Job instance at 0x14ec84c79f50>,43,2,[6 1],66,2330,2332,2264,2330
1,<environment.Job instance at 0x14ec84c82d20>,46,2,[5 2],72,2462,2464,2390,2462
1,<environment.Job instance at 0x14ec84c82190>,48,2,[9 2],75,2565,2567,2490,2565
1,<environment.Job instance at 0x14ec85697c80>,49,1,[7 2],76,2611,2612,2535,2611
1,<environment.Job instance at 0x14ec84c820a0>,47,3,[1 7],73,2718,2721,2645,2718
1,<environment.Job instance at 0x14ec6cfaf5f0>,2,2,[5 2],3,3,5,0,3
1,<environment.Job instance at 0x14ec6cfaf6e0>,3,1,[7 1],6,6,7,0,6
1,<environment.Job instance at 0x14ec6cfaf550>,5,1,[7 2],8,8,9,0,8
1,<environment.Job instance at 0x14ec83a23f50>,10,19,[2 9],16,17,36,1,17
1,<environment.Job instance at 0x14ec84c98050>,13,1,[6 2],19,19,20,0,19
1,<environment.Job instance at 0x14ec84c98cd0>,14,2,[1 5],20,20,22,0,20
1,<environment.Job instance at 0x14ec84c98690>,15,1,[1 7],21,36,37,15,21
1,<environment.Job instance at 0x14ec84c98280>,17,2,[1 5],23,23,25,0,23
1,<environment.Job instance at 0x14ec84c98820>,18,1,[1 9],25,37,38,12,25
1,<environment.Job instance at 0x14ec8765cd70>,19,1,[2 5],26,26,27,0,26
1,<environment.Job instance at 0x14ec8765cc30>,22,1,[2 8],30,36,37,6,30
1,<environment.Job instance at 0x14ec8e7ff7d0>,23,1,[2 6],31,31,32,0,31
1,<environment.Job instance at 0x14ec86e030a0>,29,1,[10  1],38,38,39,0,38
1,<environment.Job instance at 0x14ec856010a0>,30,1,[1 8],39,39,40,0,39
1,<environment.Job instance at 0x14ec85601140>,32,2,[2 6],41,41,43,0,41
1,<environment.Job instance at 0x14ec85601640>,33,3,[9 2],42,42,45,0,42
1,<environment.Job instance at 0x14ec85601550>,34,2,[10  2],43,45,47,2,43
1,<environment.Job instance at 0x14ec85601410>,36,16,[ 2 10],45,49,65,4,49
1,<environment.Job instance at 0x14ec856011e0>,37,2,[1 6],47,65,67,18,49
1,<environment.Job instance at 0x14ec85601af0>,38,15,[2 6],49,65,80,16,51
1,<environment.Job instance at 0x14ec86c57f50>,39,2,[7 2],50,51,53,1,51
1,<environment.Job instance at 0x14ec86c577d0>,42,14,[6 1],53,73,87,20,73
1,<environment.Job instance at 0x14ec86c573c0>,43,1,[2 5],54,73,74,19,73
1,<environment.Job instance at 0x14ec86c57c30>,45,2,[7 1],56,74,76,18,73
1,<environment.Job instance at 0x14ec86c57a00>,46,3,[7 1],57,76,79,19,73
1,<environment.Job instance at 0x14ec86c572d0>,48,25,[12  1],59,87,112,28,83
1,<environment.Job instance at 0x14ec86c579b0>,49,1,[ 2 10],60,83,84,23,83
1,<environment.Job instance at 0x14ec86c57870>,51,3,[7 1],66,83,86,17,83
1,<environment.Job instance at 0x14ec87797a00>,56,23,[1 6],71,84,107,13,84
1,<environment.Job instance at 0x14ec87670910>,58,3,[10  1],77,112,115,35,90
1,<environment.Job instance at 0x14ec87670190>,59,3,[6 1],79,115,118,36,90
1,<environment.Job instance at 0x14ec87670aa0>,60,3,[8 1],80,115,118,35,90
1,<environment.Job instance at 0x14ec87670780>,61,2,[7 1],82,118,120,36,91
1,<environment.Job instance at 0x14ec6ca7c780>,63,1,[7 1],86,118,119,32,98
1,<environment.Job instance at 0x14ec6cfb6870>,64,2,[5 1],87,112,114,25,98
1,<environment.Job instance at 0x14ec6cf4d050>,68,13,[7 2],92,119,132,27,111
1,<environment.Job instance at 0x14ec6cf4d690>,69,3,[8 1],93,120,123,27,111
1,<environment.Job instance at 0x14ec6cf4d8c0>,70,3,[2 6],96,123,126,27,111
1,<environment.Job instance at 0x14ec876e6b40>,71,18,[1 5],97,123,141,26,112
1,<environment.Job instance at 0x14ec7c041af0>,72,16,[1 5],101,126,142,25,115
1,<environment.Job instance at 0x14ec84cc39b0>,73,1,[1 9],102,115,116,13,115
1,<environment.Job instance at 0x14ec84c76c80>,74,3,[2 9],104,141,144,37,115
1,<environment.Job instance at 0x14ec6c7a8cd0>,75,1,[10  2],105,132,133,27,115
1,<environment.Job instance at 0x14ec6c7acc80>,76,1,[5 2],106,123,124,17,115
1,<environment.Job instance at 0x14ec8765caf0>,21,1,[2 6],28,142,143,114,120
1,<environment.Job instance at 0x14ec6cc6a4b0>,78,2,[ 1 10],110,144,146,34,120
1,<environment.Job instance at 0x14ec6c7c62d0>,84,1,[6 2],122,150,151,28,150
1,<environment.Job instance at 0x14ec6c87c0a0>,86,3,[5 1],128,152,155,24,152
1,<environment.Job instance at 0x14ec6c87c0f0>,87,1,[2 8],129,152,153,23,152
1,<environment.Job instance at 0x14ec6c7ca5f0>,88,2,[7 2],130,155,157,25,155
1,<environment.Job instance at 0x14ec6c87c7d0>,89,2,[6 2],131,155,157,24,155
1,<environment.Job instance at 0x14ec6c7bbeb0>,92,2,[5 2],134,168,170,34,168
1,<environment.Job instance at 0x14ec6c7bbe60>,93,27,[1 7],135,168,195,33,168
1,<environment.Job instance at 0x14ec6c817370>,99,2,[5 1],143,179,181,36,179
1,<environment.Job instance at 0x14ec6c817960>,101,3,[9 2],145,184,187,39,184
1,<environment.Job instance at 0x14ec6c8171e0>,102,2,[2 9],147,195,197,48,184
1,<environment.Job instance at 0x14ec83a23b90>,11,13,[12  2],17,232,245,215,232
1,<environment.Job instance at 0x14ec6c83efa0>,104,1,[5 1],153,245,246,92,232
1,<environment.Job instance at 0x14ec6c823370>,110,2,[8 2],165,245,247,80,239
1,<environment.Job instance at 0x14ec86e037d0>,27,17,[9 1],36,247,264,211,241
1,<environment.Job instance at 0x14ec6c823780>,113,1,[8 1],169,264,265,95,255
1,<environment.Job instance at 0x14ec6c87e140>,111,1,[ 1 12],166,316,317,150,316
1,<environment.Job instance at 0x14ec86e03140>,28,3,[5 1],37,342,345,305,342
1,<environment.Job instance at 0x14ec6c791820>,1,1,[2 9],4,4,5,0,4
1,<environment.Job instance at 0x14ec6c8b5960>,6,2,[7 1],11,11,13,0,11
1,<environment.Job instance at 0x14ec6c8b5460>,10,28,[5 1],16,16,44,0,16
1,<environment.Job instance at 0x14ec7fb2ebe0>,14,3,[6 2],20,25,28,5,25
1,<environment.Job instance at 0x14ec7fb2e5a0>,15,1,[6 2],21,28,29,7,25
1,<environment.Job instance at 0x14ec6c8b5c80>,13,15,[6 1],19,42,57,23,42
1,<environment.Job instance at 0x14ec7fb2ed20>,19,3,[ 1 10],26,42,45,16,42
1,<environment.Job instance at 0x14ec7fb2e500>,20,3,[1 5],27,45,48,18,42
1,<environment.Job instance at 0x14ec7fb2e8c0>,22,13,[2 5],29,45,58,16,43
1,<environment.Job instance at 0x14ec7fb2e190>,23,2,[2 8],30,48,50,18,43
1,<environment.Job instance at 0x14ec7fb2e820>,24,2,[5 1],31,44,46,13,43
1,<environment.Job instance at 0x14ec7fb2edc0>,25,1,[6 2],36,46,47,10,43
1,<environment.Job instance at 0x14ec6c8b1d20>,26,1,[1 9],37,50,51,13,43
1,<environment.Job instance at 0x14ec6c8b15a0>,27,3,[7 1],38,51,54,13,43
1,<environment.Job instance at 0x14ec6c8b14b0>,28,3,[7 2],39,54,57,15,43
1,<environment.Job instance at 0x14ec6c8b1a00>,29,14,[1 5],41,57,71,16,44
1,<environment.Job instance at 0x14ec8567cf00>,31,1,[9 1],45,57,58,12,50
1,<environment.Job instance at 0x14ec856d4aa0>,33,25,[8 1],49,58,83,9,58
1,<environment.Job instance at 0x14ec856450a0>,39,1,[10  2],57,83,84,26,73
1,<environment.Job instance at 0x14ec85645140>,40,2,[7 2],58,73,75,15,73
1,<environment.Job instance at 0x14ec7fafc230>,41,16,[1 9],59,75,91,16,73
1,<environment.Job instance at 0x14ec7fafcb90>,42,3,[1 5],60,75,78,15,73
1,<environment.Job instance at 0x14ec7fafcc80>,44,3,[9 2],63,84,87,21,80
1,<environment.Job instance at 0x14ec7fafc9b0>,46,2,[1 8],65,91,93,26,83
1,<environment.Job instance at 0x14ec7fb2e870>,17,1,[7 1],24,87,88,63,83
1,<environment.Job instance at 0x14ec7fafcc30>,49,19,[2 5],70,90,109,20,90
1,<environment.Job instance at 0x14ec7fafca00>,52,2,[6 2],73,92,94,19,92
1,<environment.Job instance at 0x14ec87777be0>,54,1,[6 1],76,107,108,31,107
1,<environment.Job instance at 0x14ec6c87f460>,55,12,[ 1 10],77,108,120,31,107
1,<environment.Job instance at 0x14ec85622af0>,57,1,[1 6],80,107,108,27,107
1,<environment.Job instance at 0x14ec6ca532d0>,58,3,[8 2],81,109,112,28,107
1,<environment.Job instance at 0x14ec6c7ce4b0>,59,1,[1 7],82,120,121,38,107
1,<environment.Job instance at 0x14ec6c7ce870>,60,1,[6 2],83,107,108,24,107
1,<environment.Job instance at 0x14ec6c84d230>,61,2,[2 7],84,120,122,36,107
1,<environment.Job instance at 0x14ec6c894960>,63,3,[7 1],86,112,115,26,111
1,<environment.Job instance at 0x14ec6c894c80>,65,2,[1 9],89,131,133,42,131
1,<environment.Job instance at 0x14ec6c882aa0>,66,2,[7 2],90,131,133,41,131
1,<environment.Job instance at 0x14ec6c87af50>,69,1,[8 1],94,133,134,39,133
1,<environment.Job instance at 0x14ec6c87ad70>,70,1,[1 5],96,133,134,37,133
1,<environment.Job instance at 0x14ec6c87a870>,71,1,[10  1],98,134,135,36,133
1,<environment.Job instance at 0x14ec6c87a4b0>,72,1,[5 2],99,133,134,34,133
1,<environment.Job instance at 0x14ec6c87a640>,74,25,[9 1],101,138,163,37,138
1,<environment.Job instance at 0x14ec6c87acd0>,75,1,[10  2],103,163,164,60,138
1,<environment.Job instance at 0x14ec6ceab0a0>,76,21,[ 2 10],104,138,159,34,138
1,<environment.Job instance at 0x14ec6ceabb90>,77,21,[2 5],105,159,180,54,151
1,<environment.Job instance at 0x14ec6c85dc30>,81,15,[6 1],110,184,199,74,184
1,<environment.Job instance at 0x14ec6c85d8c0>,82,2,[2 9],111,184,186,73,184
1,<environment.Job instance at 0x14ec6c85d050>,83,2,[1 5],112,185,187,73,185
1,<environment.Job instance at 0x14ec6c8a15f0>,86,1,[9 1],116,187,188,71,185
1,<environment.Job instance at 0x14ec6c8a1eb0>,88,2,[10  2],118,199,201,81,188
1,<environment.Job instance at 0x14ec6c8a11e0>,90,2,[5 2],121,212,214,91,212
1,<environment.Job instance at 0x14ec6c8a1780>,91,2,[5 1],122,212,214,90,212
1,<environment.Job instance at 0x14ec6c8a1500>,92,1,[1 7],123,212,213,89,212
1,<environment.Job instance at 0x14ec6c8a1fa0>,93,17,[9 1],126,216,233,90,216
1,<environment.Job instance at 0x14ec6c8a1cd0>,94,1,[6 2],127,216,217,89,216
1,<environment.Job instance at 0x14ec6c8a1a50>,95,1,[5 1],128,217,218,89,216
1,<environment.Job instance at 0x14ec6ca7afa0>,98,2,[9 1],132,233,235,101,216
1,<environment.Job instance at 0x14ec6c87e8c0>,99,13,[6 1],134,223,236,89,223
1,<environment.Job instance at 0x14ec6c87ee10>,100,2,[7 2],135,235,237,100,223
1,<environment.Job instance at 0x14ec6c8ca280>,101,2,[9 2],136,237,239,101,223
1,<environment.Job instance at 0x14ec6c8ca500>,102,3,[5 1],137,236,239,99,223
1,<environment.Job instance at 0x14ec6c87e230>,103,2,[ 1 10],138,235,237,97,223
1,<environment.Job instance at 0x14ec6ccfe050>,48,1,[ 1 10],69,237,238,168,230
1,<environment.Job instance at 0x14ec6cd935f0>,106,1,[8 2],143,239,240,96,230
1,<environment.Job instance at 0x14ec6cd93870>,107,17,[7 1],144,239,256,95,230
1,<environment.Job instance at 0x14ec6cd93b40>,110,16,[6 1],147,244,260,97,244
1,<environment.Job instance at 0x14ec6cfb6280>,111,1,[8 2],148,256,257,108,244
1,<environment.Job instance at 0x14ec6cfb6690>,112,1,[5 2],149,257,258,108,244
1,<environment.Job instance at 0x14ec6c8c1eb0>,113,1,[7 1],150,258,259,108,244
1,<environment.Job instance at 0x14ec6c8c1870>,114,1,[1 8],151,244,245,93,244
1,<environment.Job instance at 0x14ec7c054690>,115,2,[6 2],152,259,261,107,244
1,<environment.Job instance at 0x14ec7c054550>,117,1,[6 2],155,260,261,105,256
1,<environment.Job instance at 0x14ec7c054910>,118,3,[8 2],156,261,264,105,256
1,<environment.Job instance at 0x14ec7c0545f0>,119,2,[ 1 10],158,256,258,98,256
1,<environment.Job instance at 0x14ec6cc7b9b0>,121,1,[5 1],160,261,262,101,256
1,<environment.Job instance at 0x14ec6c865140>,123,2,[7 2],162,262,264,100,256
1,<environment.Job instance at 0x14ec6c865280>,124,3,[10  1],163,264,267,101,256
1,<environment.Job instance at 0x14ec6c8655a0>,125,3,[6 1],164,267,270,103,256
1,<environment.Job instance at 0x14ec6c865460>,126,1,[13  1],165,270,271,105,256
1,<environment.Job instance at 0x14ec6c865e60>,127,3,[2 7],166,258,261,92,258
1,<environment.Job instance at 0x14ec6c865320>,128,1,[5 1],167,264,265,97,258
1,<environment.Job instance at 0x14ec6c865230>,129,17,[1 8],168,265,282,97,260
1,<environment.Job instance at 0x14ec6c865fa0>,130,3,[5 2],169,267,270,98,260
1,<environment.Job instance at 0x14ec6c8b5f00>,9,1,[8 1],15,454,455,439,454
1,<environment.Job instance at 0x14ec6c8b5b40>,5,3,[9 2],8,1111,1114,1103,1111
1,<environment.Job instance at 0x14ec6c8b5730>,4,13,[13  2],7,1838,1851,1831,1838
1,<environment.Job instance at 0x14ec6cd935a0>,105,17,[12  1],140,1851,1868,1711,1840
1,<environment.Job instance at 0x14ec7fa36500>,3,22,[8 1],5,5,27,0,5
1,<environment.Job instance at 0x14ec6caa93c0>,15,1,[ 1 14],20,23,24,3,23
1,<environment.Job instance at 0x14ec6cc7d5a0>,25,1,[ 2 10],34,271,272,237,271
1,<environment.Job instance at 0x14ec6cc7de60>,17,1,[6 1],22,273,274,251,273
1,<environment.Job instance at 0x14ec6cc7dd20>,23,3,[ 2 14],32,273,276,241,273
1,<environment.Job instance at 0x14ec6cc7d960>,31,2,[7 2],45,276,278,231,273
1,<environment.Job instance at 0x14ec6cc7d9b0>,32,1,[1 5],47,276,277,229,273
1,<environment.Job instance at 0x14ec6cc7d6e0>,28,2,[6 1],39,274,276,235,273
1,<environment.Job instance at 0x14ec6cc79e10>,36,2,[1 9],52,277,279,225,274
1,<environment.Job instance at 0x14ec6cc79e60>,34,27,[5 1],50,276,303,226,276
1,<environment.Job instance at 0x14ec6cc7d870>,29,17,[1 7],40,2106,2123,2066,2106
1,<environment.Job instance at 0x14ec804a9fa0>,4,1,[2 6],10,10,11,0,10
1,<environment.Job instance at 0x14ec856265a0>,6,1,[ 2 10],17,17,18,0,17
1,<environment.Job instance at 0x14ec85626140>,11,16,[9 1],24,1789,1805,1765,1789
1,<environment.Job instance at 0x14ec81bac190>,12,12,[7 2],26,2691,2703,2665,2691
1,<environment.Job instance at 0x14ec7fae3cd0>,1,1,[1 6],2,2,3,0,2
1,<environment.Job instance at 0x14ec7c068b40>,7,26,[8 1],8,9,35,1,9
1,<environment.Job instance at 0x14ec806199b0>,10,27,[6 1],11,12,39,1,12
1,<environment.Job instance at 0x14ec806038c0>,16,3,[7 2],18,35,38,17,26
1,<environment.Job instance at 0x14ec805fe6e0>,21,28,[14  1],28,39,67,11,38
1,<environment.Job instance at 0x14ec7c045a50>,23,3,[7 1],30,67,70,37,53
1,<environment.Job instance at 0x14ec6cfdbb40>,18,1,[1 8],22,149,150,127,149
1,<environment.Job instance at 0x14ec80603320>,17,17,[ 2 10],19,674,691,655,674
1,<environment.Job instance at 0x14ec6cbce6e0>,44,14,[1 9],56,726,740,670,726
1,<environment.Job instance at 0x14ec6c88b3c0>,28,2,[11  2],36,776,778,740,776
1,<environment.Job instance at 0x14ec6cbce460>,43,2,[12  1],55,785,787,730,785
1,<environment.Job instance at 0x14ec85723f50>,50,2,[1 8],63,785,787,722,785
1,<environment.Job instance at 0x14ec7e224280>,51,17,[7 1],64,787,804,723,785
1,<environment.Job instance at 0x14ec7e224550>,49,3,[1 6],61,785,788,724,785
1,<environment.Job instance at 0x14ec7e224dc0>,53,3,[1 5],68,787,790,719,785
1,<environment.Job instance at 0x14ec7e2372d0>,54,1,[10  1],69,804,805,735,785
1,<environment.Job instance at 0x14ec7e237f00>,55,1,[10  2],70,805,806,735,785
1,<environment.Job instance at 0x14ec8090b5f0>,56,16,[7 1],71,788,804,717,785
1,<environment.Job instance at 0x14ec8090b1e0>,57,1,[1 6],72,790,791,718,785
1,<environment.Job instance at 0x14ec7fafd730>,63,3,[1 9],78,791,794,713,785
1,<environment.Job instance at 0x14ec7e249e60>,66,2,[7 1],86,806,808,720,785
1,<environment.Job instance at 0x14ec7e2446e0>,67,17,[8 1],87,806,823,719,794
1,<environment.Job instance at 0x14ec7e2442d0>,68,1,[ 2 13],88,804,805,716,794
1,<environment.Job instance at 0x14ec7e244af0>,69,2,[2 5],89,808,810,719,795
1,<environment.Job instance at 0x14ec7f96b1e0>,83,1,[7 2],112,821,822,709,821
1,<environment.Job instance at 0x14ec7f96bbe0>,84,1,[2 8],113,822,823,709,821
1,<environment.Job instance at 0x14ec7f96ba00>,86,3,[2 6],115,822,825,707,821
1,<environment.Job instance at 0x14ec7f96bb90>,87,2,[7 1],117,823,825,706,821
1,<environment.Job instance at 0x14ec7f96b960>,88,1,[ 1 10],118,825,826,707,821
1,<environment.Job instance at 0x14ec7f96b910>,89,26,[2 5],119,823,849,704,821
1,<environment.Job instance at 0x14ec6cfb4730>,46,18,[10  2],58,828,846,770,828
1,<environment.Job instance at 0x14ec7f96beb0>,92,3,[8 1],124,846,849,722,832
1,<environment.Job instance at 0x14ec85778230>,96,1,[1 5],131,834,835,703,834
1,<environment.Job instance at 0x14ec857783c0>,97,3,[7 2],133,849,852,716,834
1,<environment.Job instance at 0x14ec857787d0>,98,1,[2 8],134,835,836,701,834
1,<environment.Job instance at 0x14ec85778140>,94,1,[10  2],129,852,853,723,836
1,<environment.Job instance at 0x14ec85778820>,102,3,[7 2],141,849,852,708,840
1,<environment.Job instance at 0x14ec857785f0>,99,18,[1 7],136,841,859,705,841
1,<environment.Job instance at 0x14ec85778320>,101,2,[ 2 13],139,859,861,720,847
1,<environment.Job instance at 0x14ec808e78c0>,108,1,[2 6],148,857,858,709,857
1,<environment.Job instance at 0x14ec808e7050>,109,1,[1 5],150,858,859,708,858
1,<environment.Job instance at 0x14ec808e7960>,111,24,[2 9],152,861,885,709,861
1,<environment.Job instance at 0x14ec808e7460>,114,1,[1 6],158,870,871,712,870
1,<environment.Job instance at 0x14ec808e7eb0>,115,2,[2 6],160,871,873,711,870
1,<environment.Job instance at 0x14ec7e22afa0>,116,2,[6 2],161,873,875,712,870
1,<environment.Job instance at 0x14ec7e22a9b0>,117,3,[2 7],162,885,888,723,870
1,<environment.Job instance at 0x14ec7e22a460>,118,1,[10  1],166,875,876,709,870
1,<environment.Job instance at 0x14ec7e22a190>,120,2,[6 1],168,873,875,705,870
1,<environment.Job instance at 0x14ec7e22a550>,121,3,[1 5],169,875,878,706,870
1,<environment.Job instance at 0x14ec6cbce2d0>,45,1,[2 8],57,887,888,830,887
1,<environment.Job instance at 0x14ec85778280>,103,28,[2 5],143,936,964,793,936
1,<environment.Job instance at 0x14ec7c142a50>,35,17,[5 2],44,1017,1034,973,1017
1,<environment.Job instance at 0x14ec7c142460>,1,1,[1 8],2,2,3,0,2
1,<environment.Job instance at 0x14ec6c6ec730>,4,1,[7 1],5,5,6,0,5
1,<environment.Job instance at 0x14ec6c6ecdc0>,11,1,[2 5],14,14,15,0,14
1,<environment.Job instance at 0x14ec6c6eca50>,13,1,[2 7],18,18,19,0,18
1,<environment.Job instance at 0x14ec6c6ecb40>,14,2,[ 1 14],20,20,22,0,20
1,<environment.Job instance at 0x14ec6c6ee2d0>,15,1,[7 2],21,22,23,1,21
1,<environment.Job instance at 0x14ec6c6ee640>,17,15,[6 1],23,28,43,5,28
1,<environment.Job instance at 0x14ec6c6eebe0>,22,26,[5 2],29,29,55,0,29
1,<environment.Job instance at 0x14ec6c6eed20>,23,1,[8 2],30,43,44,13,30
1,<environment.Job instance at 0x14ec6c6eee60>,24,2,[2 6],31,31,33,0,31
1,<environment.Job instance at 0x14ec6c6f26e0>,43,1,[ 1 12],64,88,89,24,88
1,<environment.Job instance at 0x14ec6c6f2870>,47,12,[5 2],69,88,100,19,88
1,<environment.Job instance at 0x14ec6c6f29b0>,50,3,[5 1],73,88,91,15,88
1,<environment.Job instance at 0x14ec6c6f2be0>,51,2,[13  1],74,100,102,26,88
1,<environment.Job instance at 0x14ec6c6f2c30>,52,1,[12  2],75,102,103,27,88
1,<environment.Job instance at 0x14ec6c6f2d20>,53,1,[5 1],76,89,90,13,88
1,<environment.Job instance at 0x14ec6c6f2dc0>,54,3,[8 1],77,91,94,14,88
1,<environment.Job instance at 0x14ec6c6f2e60>,55,2,[6 2],78,94,96,16,88
1,<environment.Job instance at 0x14ec6c6f2f00>,56,3,[9 2],79,96,99,17,88
1,<environment.Job instance at 0x14ec6c6f2eb0>,57,2,[1 6],86,90,92,4,88
1,<environment.Job instance at 0x14ec6c6f2b40>,58,18,[8 1],88,103,121,15,92
1,<environment.Job instance at 0x14ec6c6f4aa0>,59,2,[2 8],90,92,94,2,92
1,<environment.Job instance at 0x14ec6c6f4af0>,60,1,[7 1],93,99,100,6,93
1,<environment.Job instance at 0x14ec6c6f4dc0>,61,2,[2 6],94,94,96,0,94
1,<environment.Job instance at 0x14ec6c6f4f00>,62,3,[6 2],96,103,106,7,96
1,<environment.Job instance at 0x14ec6c6f4d70>,64,2,[5 1],98,106,108,8,98
1,<environment.Job instance at 0x14ec6c6f6230>,66,1,[7 2],100,108,109,8,101
1,<environment.Job instance at 0x14ec6c6f66e0>,69,2,[2 5],105,109,111,4,107
1,<environment.Job instance at 0x14ec6c6f6730>,70,1,[1 9],106,107,108,1,107
1,<environment.Job instance at 0x14ec6c6f6820>,71,3,[1 7],107,109,112,2,107
1,<environment.Job instance at 0x14ec6c6f6be0>,72,1,[1 8],108,112,113,4,108
1,<environment.Job instance at 0x14ec6c6f6d20>,73,20,[7 2],109,113,133,4,109
1,<environment.Job instance at 0x14ec6c6f6e60>,74,1,[1 9],110,121,122,11,110
1,<environment.Job instance at 0x14ec6c6f6fa0>,75,2,[2 6],111,111,113,0,111
1,<environment.Job instance at 0x14ec6c6f7460>,78,1,[8 1],116,122,123,6,116
1,<environment.Job instance at 0x14ec6c74a050>,81,1,[2 5],119,123,124,4,119
1,<environment.Job instance at 0x14ec6c6ecbe0>,8,2,[8 1],10,175,177,165,175
1,<environment.Job instance at 0x14ec6c764780>,85,1,[5 2],123,179,180,56,179
1,<environment.Job instance at 0x14ec6c6ecd70>,10,1,[9 1],12,202,203,190,202
1,<environment.Job instance at 0x14ec6c6eccd0>,9,1,[6 2],11,458,459,447,458
1,<environment.Job instance at 0x14ec6c7642d0>,87,1,[11  1],133,467,468,334,467
1,<environment.Job instance at 0x14ec6c764280>,89,2,[1 6],135,491,493,356,491
1,<environment.Job instance at 0x14ec6c764870>,88,2,[5 1],134,679,681,545,679
1,<environment.Job instance at 0x14ec6c7645f0>,90,2,[1 8],136,688,690,552,688
1,<environment.Job instance at 0x14ec6c83a4b0>,91,1,[6 1],137,816,817,679,816
1,<environment.Job instance at 0x14ec6c74e0f0>,92,18,[10  2],139,943,961,804,943
1,<environment.Job instance at 0x14ec6c83c6e0>,94,1,[2 9],141,976,977,835,976
1,<environment.Job instance at 0x14ec6c828820>,95,1,[1 5],142,1226,1227,1084,1226
1,<environment.Job instance at 0x14ec6c8285f0>,96,16,[ 2 10],143,1250,1266,1107,1250
1,<environment.Job instance at 0x14ec6c83cc30>,93,1,[6 1],140,1422,1423,1282,1422
1,<environment.Job instance at 0x14ec6c75ceb0>,97,3,[5 1],144,1459,1462,1315,1459
1,<environment.Job instance at 0x14ec6c751370>,98,3,[1 7],145,1512,1515,1367,1512
1,<environment.Job instance at 0x14ec6c759910>,100,17,[9 2],149,1566,1583,1417,1566
1,<environment.Job instance at 0x14ec6c75f9b0>,99,3,[10  2],147,1669,1672,1522,1669
1,<environment.Job instance at 0x14ec6c7593c0>,101,2,[9 2],151,1687,1689,1536,1687
1,<environment.Job instance at 0x14ec6c759050>,102,2,[2 7],155,1896,1898,1741,1896
1,<environment.Job instance at 0x14ec6c759460>,103,1,[8 1],156,1953,1954,1797,1953
1,<environment.Job instance at 0x14ec6c6f7370>,105,1,[1 8],158,2106,2107,1948,2106
1,<environment.Job instance at 0x14ec6c7596e0>,104,15,[7 1],157,2116,2131,1959,2116
1,<environment.Job instance at 0x14ec6c6f7410>,107,13,[1 9],160,2573,2586,2413,2573
1,<environment.Job instance at 0x14ec6c6f77d0>,108,2,[7 2],161,2637,2639,2476,2637
1,<environment.Job instance at 0x14ec7c09b190>,3,1,[1 5],5,5,6,0,5
1,<environment.Job instance at 0x14ec7fb90aa0>,16,1,[1 6],21,26,27,5,26
1,<environment.Job instance at 0x14ec7e16a9b0>,14,1,[10  1],18,175,176,157,175
1,<environment.Job instance at 0x14ec80928960>,23,2,[2 5],30,614,616,584,614
1,<environment.Job instance at 0x14ec80928550>,22,3,[1 8],28,1195,1198,1167,1195
1,<environment.Job instance at 0x14ec80928a50>,25,15,[9 1],32,1570,1585,1538,1570
1,<environment.Job instance at 0x14ec6cdd49b0>,63,15,[8 1],86,546,561,460,546
1,<environment.Job instance at 0x14ec856dc0a0>,22,2,[2 6],32,902,904,870,902
1,<environment.Job instance at 0x14ec804c5d70>,76,3,[10  1],102,1280,1283,1178,1280
1,<environment.Job instance at 0x14ec804c5f00>,77,3,[10  1],103,1349,1352,1246,1349
1,<environment.Job instance at 0x14ec804c5140>,78,1,[8 1],104,1847,1848,1743,1847
1,<environment.Job instance at 0x14ec804c52d0>,79,17,[7 2],106,2147,2164,2041,2147
1,<environment.Job instance at 0x14ec6cb22e60>,9,23,[1 5],14,14,37,0,14
1,<environment.Job instance at 0x14ec6caeb140>,18,2,[10  1],24,26,28,2,26
1,<environment.Job instance at 0x14ec6caeb730>,19,22,[5 1],26,28,50,2,26
1,<environment.Job instance at 0x14ec6cb03410>,28,3,[9 2],40,48,51,8,48
1,<environment.Job instance at 0x14ec6cb03050>,29,1,[ 2 10],41,50,51,9,48
1,<environment.Job instance at 0x14ec6cb035f0>,30,2,[6 2],42,51,53,9,48
1,<environment.Job instance at 0x14ec6cb03780>,31,1,[1 5],44,48,49,4,48
1,<environment.Job instance at 0x14ec6cb03690>,32,2,[5 2],45,51,53,6,48
1,<environment.Job instance at 0x14ec6cb037d0>,33,2,[8 1],46,53,55,7,48
1,<environment.Job instance at 0x14ec6cb03960>,34,2,[8 1],47,55,57,8,48
1,<environment.Job instance at 0x14ec6cb03870>,35,17,[ 2 10],48,51,68,3,48
1,<environment.Job instance at 0x14ec6caeb550>,15,2,[2 8],20,648,650,628,648
1,<environment.Job instance at 0x14ec6caff730>,44,1,[6 1],57,670,671,613,670
1,<environment.Job instance at 0x14ec6caff7d0>,45,2,[ 1 10],58,938,940,880,938
1,<environment.Job instance at 0x14ec6caff870>,46,1,[5 1],59,1251,1252,1192,1251
1,<environment.Job instance at 0x14ec6caff910>,47,3,[5 2],60,1319,1322,1259,1319
1,<environment.Job instance at 0x14ec6caeb4b0>,14,1,[5 1],19,1352,1353,1333,1352
1,<environment.Job instance at 0x14ec6caff500>,48,17,[6 2],64,1476,1493,1412,1476
1,<environment.Job instance at 0x14ec6caffc80>,50,15,[10  2],66,1853,1868,1787,1853
1,<environment.Job instance at 0x14ec6caffd70>,51,2,[8 2],67,1868,1870,1801,1859
1,<environment.Job instance at 0x14ec6caffe10>,52,2,[11  1],68,1890,1892,1822,1890
1,<environment.Job instance at 0x14ec6caffeb0>,53,1,[8 2],69,1896,1897,1827,1896
1,<environment.Job instance at 0x14ec6cafff50>,54,12,[1 8],70,1971,1983,1901,1971
1,<environment.Job instance at 0x14ec6cafffa0>,55,28,[ 2 10],71,1992,2020,1921,1992
1,<environment.Job instance at 0x14ec6caffd20>,56,3,[9 1],74,2239,2242,2165,2239
1,<environment.Job instance at 0x14ec6cb241e0>,57,14,[2 5],76,2276,2290,2200,2276
1,<environment.Job instance at 0x14ec6cb242d0>,58,2,[1 8],77,2387,2389,2310,2387
1,<environment.Job instance at 0x14ec6cb243c0>,59,1,[5 1],78,2625,2626,2547,2625
1,<environment.Job instance at 0x14ec6cb24320>,60,14,[1 7],79,2774,2788,2695,2774
1,<environment.Job instance at 0x14ec6cb24190>,61,2,[8 1],81,2831,2833,2750,2831
1,<environment.Job instance at 0x14ec6cb24410>,62,2,[6 2],83,2889,2891,2806,2889
1,<environment.Job instance at 0x14ec85703910>,14,2,[1 9],19,32,34,13,32
1,<environment.Job instance at 0x14ec857036e0>,15,3,[6 2],20,32,35,12,32
1,<environment.Job instance at 0x14ec857037d0>,12,2,[6 2],17,32,34,15,32
1,<environment.Job instance at 0x14ec85703640>,16,3,[5 2],22,34,37,12,32
1,<environment.Job instance at 0x14ec6ccd2fa0>,26,1,[6 2],38,88,89,50,88
1,<environment.Job instance at 0x14ec6ccd2500>,27,1,[6 1],39,88,89,49,88
1,<environment.Job instance at 0x14ec6ccd2be0>,28,1,[8 1],40,89,90,49,88
1,<environment.Job instance at 0x14ec6ccd2d70>,29,1,[5 1],43,89,90,46,88
1,<environment.Job instance at 0x14ec7fbe8050>,33,2,[ 1 10],51,88,90,37,88
1,<environment.Job instance at 0x14ec7fbe80a0>,34,1,[ 2 10],52,90,91,38,88
1,<environment.Job instance at 0x14ec7fbe82d0>,40,1,[1 6],62,110,111,48,110
1,<environment.Job instance at 0x14ec84ccad70>,41,1,[1 8],63,110,111,47,110
1,<environment.Job instance at 0x14ec84ccaf00>,42,1,[8 2],65,111,112,46,110
1,<environment.Job instance at 0x14ec84ccaaa0>,44,2,[14  1],67,112,114,45,111
1,<environment.Job instance at 0x14ec84cca1e0>,48,3,[1 5],73,142,145,69,142
1,<environment.Job instance at 0x14ec84cca280>,50,2,[1 8],76,145,147,69,145
1,<environment.Job instance at 0x14ec85703140>,9,2,[14  2],14,170,172,156,170
1,<environment.Job instance at 0x14ec84ccab40>,54,2,[5 2],82,172,174,90,170
1,<environment.Job instance at 0x14ec84cca460>,57,1,[7 2],86,172,173,86,171
1,<environment.Job instance at 0x14ec84cca410>,58,15,[7 1],87,173,188,86,171
1,<environment.Job instance at 0x14ec84cd2d70>,61,1,[1 7],97,181,182,84,181
1,<environment.Job instance at 0x14ec804a91e0>,17,2,[1 8],23,199,201,176,199
1,<environment.Job instance at 0x14ec84cd26e0>,65,2,[8 1],106,199,201,93,199
1,<environment.Job instance at 0x14ec84cca7d0>,55,2,[10  1],83,225,227,142,225
1,<environment.Job instance at 0x14ec6caee960>,71,1,[8 1],113,227,228,114,225
1,<environment.Job instance at 0x14ec6caeedc0>,72,1,[6 1],114,227,228,113,225
1,<environment.Job instance at 0x14ec6caeef50>,73,1,[1 9],118,225,226,107,225
1,<environment.Job instance at 0x14ec6caee8c0>,76,1,[2 8],124,233,234,109,233
1,<environment.Job instance at 0x14ec6caee3c0>,77,2,[9 1],127,233,235,106,233
1,<environment.Job instance at 0x14ec6caeed20>,78,18,[2 8],128,234,252,106,234
1,<environment.Job instance at 0x14ec6caeebe0>,70,3,[1 6],112,263,266,151,263
1,<environment.Job instance at 0x14ec85706820>,81,3,[5 2],137,264,267,127,264
1,<environment.Job instance at 0x14ec857067d0>,82,3,[ 2 10],138,266,269,128,265
1,<environment.Job instance at 0x14ec85706fa0>,83,3,[1 5],140,267,270,127,266
1,<environment.Job instance at 0x14ec85706640>,84,1,[9 1],141,269,270,128,266
1,<environment.Job instance at 0x14ec84cd2820>,66,3,[8 2],108,270,273,162,270
1,<environment.Job instance at 0x14ec84cd8fa0>,88,13,[ 1 13],146,270,283,124,270
1,<environment.Job instance at 0x14ec84cd85f0>,89,2,[10  1],147,277,279,130,277
1,<environment.Job instance at 0x14ec85703730>,11,1,[14  2],16,281,282,265,281
1,<environment.Job instance at 0x14ec85706550>,85,2,[1 7],143,283,285,140,281
1,<environment.Job instance at 0x14ec84cd8e60>,94,2,[5 1],153,282,284,129,281
1,<environment.Job instance at 0x14ec84cd8cd0>,101,1,[2 9],167,285,286,118,281
1,<environment.Job instance at 0x14ec84cd8320>,99,3,[2 5],164,283,286,119,281
1,<environment.Job instance at 0x14ec857039b0>,8,2,[9 1],12,294,296,282,294
1,<environment.Job instance at 0x14ec84cd8a50>,98,1,[6 1],158,320,321,162,320
1,<environment.Job instance at 0x14ec6c89ac80>,19,1,[2 5],28,33,34,5,33
1,<environment.Job instance at 0x14ec856dc690>,15,3,[ 2 12],20,36,39,16,36
1,<environment.Job instance at 0x14ec6cc715f0>,24,2,[11  1],34,36,38,2,36
1,<environment.Job instance at 0x14ec6caffb90>,25,3,[9 1],37,38,41,1,37
1,<environment.Job instance at 0x14ec6caff7d0>,26,27,[9 2],38,41,68,3,39
1,<environment.Job instance at 0x14ec6ccb13c0>,41,2,[1 8],55,56,58,1,56
1,<environment.Job instance at 0x14ec808d9af0>,43,3,[5 1],58,58,61,0,58
1,<environment.Job instance at 0x14ec808d9a00>,44,3,[9 2],59,68,71,9,59
1,<environment.Job instance at 0x14ec81bbd500>,17,3,[1 8],23,138,141,115,138
1,<environment.Job instance at 0x14ec7fbb7f50>,53,1,[5 2],70,140,141,70,140
1,<environment.Job instance at 0x14ec7fbb7410>,54,3,[1 8],72,335,338,263,335
1,<environment.Job instance at 0x14ec6cb6c410>,67,21,[6 2],92,382,403,290,382
1,<environment.Job instance at 0x14ec6cccff50>,21,17,[1 6],30,418,435,388,418
1,<environment.Job instance at 0x14ec6cb0d460>,80,27,[7 1],111,453,480,342,453
1,<environment.Job instance at 0x14ec6cb0d820>,77,3,[2 9],107,546,549,439,546
1,<environment.Job instance at 0x14ec7fa76eb0>,101,3,[ 2 10],149,890,893,741,890
1,<environment.Job instance at 0x14ec6c4c3e10>,18,2,[5 1],27,1000,1002,973,1000
1,<environment.Job instance at 0x14ec6cb6ea00>,7,1,[8 2],13,13,14,0,13
1,<environment.Job instance at 0x14ec6cb6efa0>,11,2,[13  1],18,26,28,8,26
1,<environment.Job instance at 0x14ec6cb857d0>,18,17,[6 1],28,28,45,0,28
1,<environment.Job instance at 0x14ec6cb858c0>,19,21,[2 6],29,29,50,0,29
1,<environment.Job instance at 0x14ec6cb85cd0>,22,2,[5 2],33,33,35,0,33
1,<environment.Job instance at 0x14ec6cb85dc0>,23,2,[6 2],34,35,37,1,34
1,<environment.Job instance at 0x14ec6cba2910>,36,24,[9 2],51,70,94,19,70
1,<environment.Job instance at 0x14ec6cba2be0>,40,16,[5 1],58,85,101,27,85
1,<environment.Job instance at 0x14ec6cba2640>,42,1,[1 9],60,85,86,25,85
1,<environment.Job instance at 0x14ec6cba2f00>,43,1,[10  2],61,94,95,33,85
1,<environment.Job instance at 0x14ec6cb6a050>,45,1,[6 2],65,95,96,30,85
1,<environment.Job instance at 0x14ec6cb6a1e0>,47,2,[7 2],67,96,98,29,89
1,<environment.Job instance at 0x14ec6cb6a3c0>,48,13,[6 1],68,98,111,30,90
1,<environment.Job instance at 0x14ec6cb6a280>,49,2,[1 5],69,90,92,21,90
1,<environment.Job instance at 0x14ec6cb6a460>,50,2,[6 1],70,101,103,31,90
1,<environment.Job instance at 0x14ec6cb6a690>,52,17,[8 1],73,103,120,30,91
1,<environment.Job instance at 0x14ec6cb6ab40>,53,1,[ 2 10],75,95,96,20,91
1,<environment.Job instance at 0x14ec6cb6a6e0>,54,2,[2 8],78,96,98,18,91
1,<environment.Job instance at 0x14ec6cb7e0f0>,61,2,[5 2],89,111,113,22,105
1,<environment.Job instance at 0x14ec6cb7eaf0>,62,2,[ 2 10],92,111,113,19,105
1,<environment.Job instance at 0x14ec6cb7e910>,64,1,[2 5],94,113,114,19,105
1,<environment.Job instance at 0x14ec6cb7ee10>,65,2,[5 1],95,113,115,18,105
1,<environment.Job instance at 0x14ec6cba3820>,94,3,[13  1],137,198,201,61,198
1,<environment.Job instance at 0x14ec7fb79500>,98,1,[10  1],145,201,202,56,198
1,<environment.Job instance at 0x14ec6cb85140>,13,3,[6 2],20,203,206,183,203
1,<environment.Job instance at 0x14ec6cb89af0>,106,2,[6 2],159,203,205,44,203
1,<environment.Job instance at 0x14ec6cb89960>,107,3,[1 6],160,203,206,43,203
1,<environment.Job instance at 0x14ec6cb89910>,112,1,[2 9],168,206,207,38,203
1,<environment.Job instance at 0x14ec6cb89dc0>,108,26,[ 2 10],161,207,233,46,204
1,<environment.Job instance at 0x14ec6cb851e0>,16,1,[1 5],25,230,231,205,230
1,<environment.Job instance at 0x14ec6cb85e10>,26,14,[2 8],38,238,252,200,238
1,<environment.Job instance at 0x14ec805a8cd0>,4,19,[8 1],8,280,299,272,280
1,<environment.Job instance at 0x14ec805a8190>,5,1,[8 2],9,761,762,752,761
1,<environment.Job instance at 0x14ec805a8b90>,6,1,[1 6],10,929,930,919,929
1,<environment.Job instance at 0x14ec805a8640>,8,16,[9 2],12,944,960,932,944
1,<environment.Job instance at 0x14ec805a85f0>,9,15,[ 1 10],13,1213,1228,1200,1213
1,<environment.Job instance at 0x14ec805a84b0>,12,2,[9 1],16,1442,1444,1426,1442
1,<environment.Job instance at 0x14ec805a82d0>,13,1,[1 8],17,1691,1692,1674,1691
1,<environment.Job instance at 0x14ec805a8820>,14,2,[10  2],18,1760,1762,1742,1760
1,<environment.Job instance at 0x14ec805a8a50>,15,1,[9 2],19,2017,2018,1998,2017
1,<environment.Job instance at 0x14ec6c6836e0>,2,1,[1 8],6,2529,2530,2523,2529
1,<environment.Job instance at 0x14ec805a8c80>,19,2,[2 9],26,2530,2532,2504,2530
1,<environment.Job instance at 0x14ec805a81e0>,20,3,[9 1],27,2531,2534,2504,2531
1,<environment.Job instance at 0x14ec7f97a960>,16,1,[10  2],25,25,26,0,25
1,<environment.Job instance at 0x14ec7f97a910>,17,1,[5 1],26,26,27,0,26
1,<environment.Job instance at 0x14ec7f97a820>,19,2,[5 1],28,29,31,1,29
1,<environment.Job instance at 0x14ec7f97acd0>,21,2,[2 8],32,32,34,0,32
1,<environment.Job instance at 0x14ec7f97abe0>,22,1,[ 1 10],33,34,35,1,33
1,<environment.Job instance at 0x14ec7f97aa00>,28,18,[5 2],40,249,267,209,249
1,<environment.Job instance at 0x14ec85b8b410>,44,14,[6 1],66,329,343,263,329
1,<environment.Job instance at 0x14ec85b8b8c0>,49,2,[7 2],72,334,336,262,334
1,<environment.Job instance at 0x14ec81bb0e10>,51,2,[2 6],78,354,356,276,354
1,<environment.Job instance at 0x14ec7f97af00>,25,1,[2 8],37,367,368,330,367
1,<environment.Job instance at 0x14ec81bb0870>,57,2,[9 1],88,705,707,617,705
1,<environment.Job instance at 0x14ec7f97a410>,26,1,[5 1],38,1563,1564,1525,1563
1,<environment.Job instance at 0x14ec7fb86be0>,62,15,[10  2],94,2091,2106,1997,2091
1,<environment.Job instance at 0x14ec804e7a50>,64,16,[1 8],97,2546,2562,2449,2546
1,<environment.Job instance at 0x14ec6ca93a50>,63,3,[7 2],96,2664,2667,2568,2664
1,<environment.Job instance at 0x14ec7c129aa0>,12,1,[5 1],18,18,19,0,18
1,<environment.Job instance at 0x14ec7c129f50>,15,2,[1 6],22,22,24,0,22
1,<environment.Job instance at 0x14ec7c129f00>,17,1,[ 1 11],26,28,29,2,28
1,<environment.Job instance at 0x14ec7c1089b0>,27,25,[7 2],38,46,71,8,46
1,<environment.Job instance at 0x14ec7c108960>,31,18,[ 1 12],42,58,76,16,58
1,<environment.Job instance at 0x14ec7c108230>,18,13,[6 1],27,58,71,31,58
1,<environment.Job instance at 0x14ec6cfbc0a0>,36,3,[7 2],48,71,74,23,58
1,<environment.Job instance at 0x14ec6cfbc500>,37,2,[7 1],49,71,73,22,58
1,<environment.Job instance at 0x14ec6cfbc5a0>,38,1,[9 2],50,74,75,24,58
1,<environment.Job instance at 0x14ec6cfbc640>,39,2,[5 1],51,73,75,22,58
1,<environment.Job instance at 0x14ec6cfbc4b0>,41,3,[1 5],54,76,79,22,59
1,<environment.Job instance at 0x14ec7c108c80>,34,21,[10  1],45,75,96,30,70
1,<environment.Job instance at 0x14ec805cfbe0>,69,21,[5 2],94,116,137,22,116
1,<environment.Job instance at 0x14ec7c1080f0>,19,19,[7 2],28,143,162,115,143
1,<environment.Job instance at 0x14ec805d0410>,93,27,[6 1],129,164,191,35,164
1,<environment.Job instance at 0x14ec7c108690>,22,1,[2 6],31,177,178,146,177
1,<environment.Job instance at 0x14ec805d0b90>,98,12,[9 1],137,494,506,357,494
1,<environment.Job instance at 0x14ec7c12b4b0>,88,1,[5 2],121,819,820,698,819
1,<environment.Job instance at 0x14ec805d0cd0>,99,1,[2 7],138,1385,1386,1247,1385
1,<environment.Job instance at 0x14ec805d0190>,101,15,[ 2 10],141,2157,2172,2016,2157
1,<environment.Job instance at 0x14ec7c122d70>,102,2,[12  2],144,2210,2212,2066,2210
1,<environment.Job instance at 0x14ec7c122690>,103,13,[7 1],145,2881,2894,2736,2881
1,<environment.Job instance at 0x14ec86c515f0>,0,1,[1 6],1,1,2,0,1
1,<environment.Job instance at 0x14ec86c51140>,5,1,[2 8],8,8,9,0,8
1,<environment.Job instance at 0x14ec86c51500>,7,26,[1 7],10,10,36,0,10
1,<environment.Job instance at 0x14ec86c51e10>,13,3,[2 9],17,36,39,19,18
1,<environment.Job instance at 0x14ec7f98b230>,15,3,[2 8],19,19,22,0,19
1,<environment.Job instance at 0x14ec7f98ba00>,16,1,[8 1],20,22,23,2,20
1,<environment.Job instance at 0x14ec7f98b3c0>,17,17,[9 1],21,23,40,2,21
1,<environment.Job instance at 0x14ec7f98b7d0>,18,2,[6 1],22,39,41,17,22
1,<environment.Job instance at 0x14ec7f98b140>,19,1,[6 1],24,40,41,16,24
1,<environment.Job instance at 0x14ec7f98b0a0>,20,2,[2 5],26,26,28,0,26
1,<environment.Job instance at 0x14ec7f98bc30>,21,3,[2 8],28,40,43,12,28
1,<environment.Job instance at 0x14ec7f98b640>,22,1,[5 1],29,29,30,0,29
1,<environment.Job instance at 0x14ec86c51320>,12,20,[6 1],15,41,61,26,36
1,<environment.Job instance at 0x14ec7f98b1e0>,23,25,[ 1 10],31,43,68,12,39
1,<environment.Job instance at 0x14ec7f98be60>,26,1,[8 2],35,43,44,8,39
1,<environment.Job instance at 0x14ec7f98b5a0>,27,2,[8 1],37,44,46,7,39
1,<environment.Job instance at 0x14ec7f98bb90>,28,1,[1 5],38,40,41,2,39
1,<environment.Job instance at 0x14ec7f98bcd0>,29,3,[9 1],39,61,64,22,39
1,<environment.Job instance at 0x14ec86c49b90>,30,2,[5 1],40,41,43,1,40
1,<environment.Job instance at 0x14ec86c49230>,31,3,[1 9],41,68,71,27,42
1,<environment.Job instance at 0x14ec86c497d0>,32,1,[5 1],42,46,47,4,42
1,<environment.Job instance at 0x14ec7f98b690>,24,3,[13  1],32,1731,1734,1699,1731
1,<environment.Job instance at 0x14ec6c81d690>,56,16,[5 2],83,2467,2483,2384,2467
1,<environment.Job instance at 0x14ec6c81d690>,2,1,[10  2],3,5,6,2,5
1,<environment.Job instance at 0x14ec7e476c30>,7,2,[8 1],11,12,14,1,12
1,<environment.Job instance at 0x14ec7e476e60>,9,1,[7 2],14,14,15,0,14
1,<environment.Job instance at 0x14ec7e1b3190>,10,1,[5 1],15,16,17,1,16
1,<environment.Job instance at 0x14ec7e1b3050>,11,2,[5 1],18,18,20,0,18
1,<environment.Job instance at 0x14ec7e1b3410>,12,2,[2 7],19,19,21,0,19
1,<environment.Job instance at 0x14ec7e1b35f0>,13,15,[5 1],21,23,38,2,23
1,<environment.Job instance at 0x14ec7e1b3370>,15,3,[2 8],23,27,30,4,27
1,<environment.Job instance at 0x14ec7e1b3820>,16,1,[2 8],25,30,31,5,27
1,<environment.Job instance at 0x14ec7e1b3500>,17,1,[6 2],26,28,29,2,28
1,<environment.Job instance at 0x14ec7e1b3780>,18,2,[1 7],27,33,35,6,33
1,<environment.Job instance at 0x14ec7e1b3aa0>,19,23,[10  2],28,35,58,7,33
1,<environment.Job instance at 0x14ec7e1b3b40>,20,3,[6 1],29,58,61,29,40
1,<environment.Job instance at 0x14ec7e1b39b0>,21,2,[13  2],32,61,63,29,45
1,<environment.Job instance at 0x14ec7e1b3d70>,22,2,[5 1],33,52,54,19,52
1,<environment.Job instance at 0x14ec7e1b3e60>,23,1,[8 2],35,58,59,23,52
1,<environment.Job instance at 0x14ec7e1c0370>,26,19,[8 1],42,63,82,21,57
1,<environment.Job instance at 0x14ec7e1b3fa0>,24,25,[2 7],37,82,107,45,82
1,<environment.Job instance at 0x14ec7e1c0230>,31,1,[2 6],48,86,87,38,86
1,<environment.Job instance at 0x14ec7e1c04b0>,32,2,[2 7],49,92,94,43,92
1,<environment.Job instance at 0x14ec7e1c05a0>,33,1,[1 7],50,94,95,44,92
1,<environment.Job instance at 0x14ec7e1c0780>,34,1,[1 7],53,95,96,42,92
1,<environment.Job instance at 0x14ec7e1c07d0>,35,3,[6 2],54,96,99,42,92
1,<environment.Job instance at 0x14ec7e1c09b0>,36,1,[8 2],55,99,100,44,93
1,<environment.Job instance at 0x14ec7e1c0910>,37,18,[9 2],56,100,118,44,94
1,<environment.Job instance at 0x14ec7e1c0a00>,38,3,[8 1],57,118,121,61,113
1,<environment.Job instance at 0x14ec7e1c0dc0>,39,3,[5 1],58,115,118,57,115
1,<environment.Job instance at 0x14ec7e1c0b40>,40,2,[9 1],59,121,123,62,115
1,<environment.Job instance at 0x14ec7e1c0e10>,41,3,[7 1],61,123,126,62,122
1,<environment.Job instance at 0x14ec7e1d00a0>,42,1,[1 9],64,122,123,58,122
1,<environment.Job instance at 0x14ec7e1d0190>,43,14,[7 1],65,123,137,58,122
1,<environment.Job instance at 0x14ec7e1d00f0>,44,3,[ 2 10],67,138,141,71,138
1,<environment.Job instance at 0x14ec7e1d02d0>,45,3,[6 2],68,141,144,73,141
1,<environment.Job instance at 0x14ec7e1d0370>,46,3,[6 1],70,143,146,73,143
1,<environment.Job instance at 0x14ec7e1d0550>,47,3,[6 1],75,144,147,69,144
1,<environment.Job instance at 0x14ec7e1d03c0>,48,3,[7 2],76,146,149,70,144
1,<environment.Job instance at 0x14ec7e1d0500>,49,15,[8 1],77,147,162,70,144
1,<environment.Job instance at 0x14ec7e1d0730>,50,3,[1 7],79,186,189,107,186
1,<environment.Job instance at 0x14ec7e1d08c0>,52,2,[7 1],83,186,188,103,186
1,<environment.Job instance at 0x14ec7e1d0820>,53,15,[7 1],84,186,201,102,186
1,<environment.Job instance at 0x14ec7e1d0af0>,55,2,[6 1],87,188,190,101,187
1,<environment.Job instance at 0x14ec7e1d0c30>,56,1,[10  2],88,201,202,113,188
1,<environment.Job instance at 0x14ec7e1d0b40>,57,3,[1 6],89,192,195,103,192
1,<environment.Job instance at 0x14ec7e1a8050>,58,17,[5 1],94,193,210,99,193
1,<environment.Job instance at 0x14ec7e1a8280>,59,2,[1 5],96,196,198,100,196
1,<environment.Job instance at 0x14ec7e1a8370>,60,1,[7 2],100,202,203,102,196
1,<environment.Job instance at 0x14ec7e476b90>,8,20,[1 9],12,1040,1060,1028,1040
1,<environment.Job instance at 0x14ec7e1a8730>,68,3,[14  1],112,1217,1220,1105,1217
1,<environment.Job instance at 0x14ec7e476f50>,6,3,[14  2],8,1220,1223,1212,1217
1,<environment.Job instance at 0x14ec7e1a1140>,78,22,[7 2],128,1223,1245,1095,1217
1,<environment.Job instance at 0x14ec7e1a13c0>,82,2,[ 2 10],133,1226,1228,1093,1226
1,<environment.Job instance at 0x14ec7e1a1550>,83,21,[2 7],135,1228,1249,1093,1226
1,<environment.Job instance at 0x14ec7e1a1e10>,92,1,[8 1],147,1245,1246,1098,1242
1,<environment.Job instance at 0x14ec7e1a1d70>,93,3,[2 9],148,1249,1252,1101,1242
1,<environment.Job instance at 0x14ec7e1a1f00>,94,18,[2 5],149,1242,1260,1093,1242
1,<environment.Job instance at 0x14ec7e1c8190>,97,15,[2 6],153,1252,1267,1099,1244
1,<environment.Job instance at 0x14ec7e1c82d0>,99,15,[9 1],155,1246,1261,1091,1245
1,<environment.Job instance at 0x14ec7e1c8280>,100,1,[5 1],156,1261,1262,1105,1245
1,<environment.Job instance at 0x14ec7e1c8460>,101,3,[2 6],159,1260,1263,1101,1245
1,<environment.Job instance at 0x14ec7e1a8870>,70,18,[5 1],118,1261,1279,1143,1251
1,<environment.Job instance at 0x14ec7e1c8500>,103,3,[9 1],162,1267,1270,1105,1254
1,<environment.Job instance at 0x14ec7e1c87d0>,107,2,[9 2],166,1270,1272,1104,1260
1,<environment.Job instance at 0x14ec7e1c86e0>,108,2,[2 8],167,1263,1265,1096,1260
1,<environment.Job instance at 0x14ec7e1c88c0>,109,1,[1 5],169,1265,1266,1096,1260
1,<environment.Job instance at 0x14ec7e1a8a50>,69,2,[2 7],115,1635,1637,1520,1635
1,<environment.Job instance at 0x14ec7e1c8640>,104,3,[2 6],163,1680,1683,1517,1680
1,<environment.Job instance at 0x14ec7e1c8690>,106,12,[10  2],165,2631,2643,2466,2631
1,<environment.Job instance at 0x14ec7e1b34b0>,14,3,[5 2],22,2634,2637,2612,2634
1,<environment.Job instance at 0x1509d31298c0>,2,1,[2 5],3,5,6,2,5
1,<environment.Job instance at 0x1509cb5976e0>,20,2,[ 1 13],27,27,29,0,27
1,<environment.Job instance at 0x1509cb4bf2d0>,21,3,[6 1],29,29,32,0,29
1,<environment.Job instance at 0x1509cb597280>,22,1,[2 7],30,30,31,0,30
1,<environment.Job instance at 0x1509cb597690>,23,2,[8 1],31,31,33,0,31
1,<environment.Job instance at 0x1509cb507cd0>,26,1,[2 7],35,35,36,0,35
1,<environment.Job instance at 0x1509c98a85a0>,22,3,[8 1],32,48,51,16,48
1,<environment.Job instance at 0x1509c9b27fa0>,23,2,[2 5],33,48,50,15,48
1,<environment.Job instance at 0x1509c9b27870>,24,3,[6 1],34,50,53,16,48
1,<environment.Job instance at 0x1509c9b27280>,25,2,[10  1],35,53,55,18,48
1,<environment.Job instance at 0x1509c9b27a50>,30,17,[7 1],42,68,85,26,68
1,<environment.Job instance at 0x1509c98a71e0>,39,1,[ 1 10],57,82,83,25,82
1,<environment.Job instance at 0x1509c9b11410>,46,18,[7 2],69,93,111,24,93
1,<environment.Job instance at 0x1509c9b11320>,49,2,[7 2],77,93,95,16,93
1,<environment.Job instance at 0x1509c9b11280>,50,2,[2 5],78,95,97,17,93
1,<environment.Job instance at 0x1509c9b6a7d0>,52,3,[8 1],82,97,100,15,96
1,<environment.Job instance at 0x1509c9b57820>,53,1,[7 2],83,100,101,17,96
1,<environment.Job instance at 0x1509c9b57780>,54,2,[5 2],84,101,103,17,96
1,<environment.Job instance at 0x1509c9b57960>,55,2,[ 2 12],86,103,105,17,96
1,<environment.Job instance at 0x1509c98a8960>,15,1,[1 7],23,96,97,73,96
1,<environment.Job instance at 0x1509c07c1190>,5,2,[1 6],12,191,193,179,191
1,<environment.Job instance at 0x1509c07c10a0>,6,1,[1 9],13,193,194,180,193
1,<environment.Job instance at 0x1509c07c0a50>,11,3,[ 2 10],20,194,197,174,193
1,<environment.Job instance at 0x1509c07c0730>,15,1,[6 2],25,193,194,168,193
1,<environment.Job instance at 0x1509c07c0370>,16,3,[2 7],26,197,200,171,194
1,<environment.Job instance at 0x1509c07c05a0>,7,3,[1 8],14,197,200,183,195
1,<environment.Job instance at 0x1509c07c02d0>,17,14,[7 2],27,200,214,173,195
1,<environment.Job instance at 0x1509c07c09b0>,18,2,[ 1 10],29,200,202,171,200
1,<environment.Job instance at 0x1509c07c0410>,19,3,[10  2],30,214,217,184,203
1,<environment.Job instance at 0x1509c07c0910>,20,2,[2 9],31,204,206,173,204
1,<environment.Job instance at 0x1509c07c0960>,24,3,[5 1],40,207,210,167,207
1,<environment.Job instance at 0x1509c07c0190>,22,18,[6 2],36,217,235,181,214
1,<environment.Job instance at 0x1509c07bfdc0>,40,26,[9 1],64,236,262,172,236
1,<environment.Job instance at 0x1509c07c01e0>,25,14,[1 6],42,255,269,213,255
1,<environment.Job instance at 0x1509c07bc050>,45,3,[8 1],69,265,268,196,265
1,<environment.Job instance at 0x1509c07bc370>,48,27,[1 7],75,322,349,247,322
1,<environment.Job instance at 0x1509c07bdaa0>,64,14,[9 1],100,347,361,247,347
1,<environment.Job instance at 0x1509c07bc550>,60,1,[1 8],95,367,368,272,367
1,<environment.Job instance at 0x1509c07bd050>,71,15,[10  1],109,367,382,258,367
1,<environment.Job instance at 0x1509cbf974b0>,2,15,[ 1 11],7,371,386,364,371
1,<environment.Job instance at 0x1509c07bd320>,75,2,[6 1],114,382,384,268,371
1,<environment.Job instance at 0x1509c07bd280>,78,3,[ 2 11],120,386,389,266,372
1,<environment.Job instance at 0x1509c07bd870>,79,2,[1 7],121,389,391,268,372
1,<environment.Job instance at 0x1509c07bd7d0>,80,1,[1 5],122,389,390,267,372
1,<environment.Job instance at 0x1509c9de50a0>,82,3,[1 6],124,390,393,266,372
1,<environment.Job instance at 0x1509c9de5690>,83,16,[1 5],125,391,407,266,380
1,<environment.Job instance at 0x1509c9de5460>,84,2,[ 1 10],126,393,395,267,380
1,<environment.Job instance at 0x1509c9de5910>,85,17,[2 9],127,397,414,270,397
1,<environment.Job instance at 0x1509d0ff42d0>,89,2,[1 8],131,414,416,283,397
1,<environment.Job instance at 0x1509d0ff43c0>,91,2,[2 8],133,416,418,283,398
1,<environment.Job instance at 0x1509d0ff4410>,92,3,[5 2],136,407,410,271,400
1,<environment.Job instance at 0x1509d0ff47d0>,93,1,[6 2],138,407,408,269,400
1,<environment.Job instance at 0x1509d0ff4d20>,94,2,[2 8],139,418,420,279,400
1,<environment.Job instance at 0x1509d0ff4690>,95,1,[6 2],141,408,409,267,400
1,<environment.Job instance at 0x1509d0ff4dc0>,96,1,[2 9],142,420,421,278,400
1,<environment.Job instance at 0x1509d0ff4730>,97,27,[ 2 10],143,421,448,278,419
1,<environment.Job instance at 0x1509d0ff4c30>,100,1,[5 2],147,420,421,273,420
1,<environment.Job instance at 0x1509d0ff41e0>,101,1,[2 5],148,421,422,273,420
1,<environment.Job instance at 0x1509d0ff4c80>,102,2,[ 1 10],150,448,450,298,421
1,<environment.Job instance at 0x1509d0ff45a0>,105,2,[5 2],153,422,424,269,422
1,<environment.Job instance at 0x1509cbf77fa0>,106,1,[7 1],156,422,423,266,422
1,<environment.Job instance at 0x1509cbf77a00>,107,2,[7 1],157,423,425,266,422
1,<environment.Job instance at 0x1509cbf77730>,108,1,[7 2],158,425,426,267,422
1,<environment.Job instance at 0x1509cbf77a50>,109,3,[10  2],159,426,429,267,423
1,<environment.Job instance at 0x1509cbf77b90>,110,2,[5 2],160,424,426,264,423
1,<environment.Job instance at 0x1509c07c0280>,23,16,[1 5],38,437,453,399,437
1,<environment.Job instance at 0x1509cbf77690>,114,13,[12  2],167,450,463,283,437
1,<environment.Job instance at 0x1509cbf77960>,116,1,[6 2],169,463,464,294,437
1,<environment.Job instance at 0x1509cbf77e60>,118,1,[1 7],171,450,451,279,437
1,<environment.Job instance at 0x1509cbf77f50>,122,1,[2 5],176,451,452,275,446
1,<environment.Job instance at 0x1509cbf774b0>,123,15,[7 1],177,463,478,286,451
1,<environment.Job instance at 0x1509cbf77500>,124,1,[2 6],178,452,453,274,451
1,<environment.Job instance at 0x1509c07bdf00>,74,14,[14  1],112,478,492,366,476
1,<environment.Job instance at 0x1509cbf77e10>,115,17,[9 2],168,492,509,324,480
1,<environment.Job instance at 0x1509c07bd3c0>,70,2,[1 5],108,491,493,383,491
1,<environment.Job instance at 0x1509c07c0b90>,13,3,[9 1],22,509,512,487,501
1,<environment.Job instance at 0x1509c8057eb0>,7,1,[1 8],9,9,10,0,9
1,<environment.Job instance at 0x1509c02d5320>,17,13,[5 1],21,24,37,3,24
1,<environment.Job instance at 0x1509c02d50a0>,20,1,[2 5],24,24,25,0,24
1,<environment.Job instance at 0x1509c02d5410>,22,2,[7 1],26,33,35,7,33
1,<environment.Job instance at 0x1509c02d56e0>,25,25,[12  1],29,37,62,8,35
1,<environment.Job instance at 0x1509c02d5cd0>,26,1,[ 2 10],30,35,36,5,35
1,<environment.Job instance at 0x1509c02d5c30>,27,2,[10  2],32,62,64,30,35
1,<environment.Job instance at 0x1509c02d0d70>,28,3,[7 1],36,64,67,28,38
1,<environment.Job instance at 0x1509c02d01e0>,29,3,[2 8],37,38,41,1,38
1,<environment.Job instance at 0x1509c02d0460>,30,3,[1 9],38,41,44,3,38
1,<environment.Job instance at 0x1509c02d0320>,33,23,[1 6],41,51,74,10,51
1,<environment.Job instance at 0x1509c8057b90>,14,2,[1 6],17,94,96,77,94
1,<environment.Job instance at 0x1509d297da00>,55,2,[ 1 10],80,96,98,16,94
1,<environment.Job instance at 0x1509d3033320>,56,16,[ 2 10],82,105,121,23,105
1,<environment.Job instance at 0x1509d05d4dc0>,57,3,[10  2],83,105,108,22,105
1,<environment.Job instance at 0x1509d05d40a0>,58,2,[1 6],87,121,123,34,105
1,<environment.Job instance at 0x1509d05d4640>,59,3,[1 9],88,121,124,33,118
1,<environment.Job instance at 0x1509c813ec80>,62,3,[10  2],94,118,121,24,118
1,<environment.Job instance at 0x1509c03c9e10>,63,3,[5 1],98,123,126,25,118
1,<environment.Job instance at 0x1509c05f87d0>,64,1,[2 8],99,124,125,25,118
1,<environment.Job instance at 0x1509c05f8af0>,65,2,[7 2],100,123,125,23,118
1,<environment.Job instance at 0x1509c05f8eb0>,66,2,[6 2],101,125,127,24,118
1,<environment.Job instance at 0x1509c03e4b90>,67,3,[9 1],102,126,129,24,118
1,<environment.Job instance at 0x1509c01fda50>,92,1,[2 9],144,195,196,51,195
1,<environment.Job instance at 0x1509c0255780>,88,1,[ 1 12],136,196,197,60,196
1,<environment.Job instance at 0x1509c01fd190>,93,2,[7 2],145,196,198,51,196
1,<environment.Job instance at 0x1509c021daf0>,4,25,[8 1],9,9,34,0,9
1,<environment.Job instance at 0x1509c01f8820>,25,1,[6 1],36,54,55,18,54
1,<environment.Job instance at 0x1509cb3ce190>,41,1,[1 5],56,88,89,32,88
1,<environment.Job instance at 0x1509d067bd20>,42,1,[10  1],58,88,89,30,88
1,<environment.Job instance at 0x1509d067b960>,43,1,[5 2],59,89,90,30,89
1,<environment.Job instance at 0x1509d067b780>,45,25,[9 1],61,105,130,44,105
1,<environment.Job instance at 0x1509d067b320>,47,21,[ 2 10],64,119,140,55,119
1,<environment.Job instance at 0x1509cb534c80>,62,2,[5 1],82,144,146,62,144
1,<environment.Job instance at 0x1509c81710f0>,65,1,[6 2],87,144,145,57,144
1,<environment.Job instance at 0x1509c9b06d20>,66,1,[5 1],88,145,146,57,144
1,<environment.Job instance at 0x1509c011bfa0>,67,1,[2 6],90,144,145,54,144
1,<environment.Job instance at 0x1509d0908690>,68,3,[2 6],91,148,151,57,148
1,<environment.Job instance at 0x1509c04cb6e0>,69,2,[9 1],92,148,150,56,148
1,<environment.Job instance at 0x1509c01382d0>,71,2,[7 2],95,150,152,55,150
1,<environment.Job instance at 0x1509c0138640>,72,2,[9 2],96,152,154,56,150
1,<environment.Job instance at 0x1509c0138e60>,73,3,[5 1],97,150,153,53,150
1,<environment.Job instance at 0x1509c0110690>,74,2,[ 1 10],98,151,153,53,150
1,<environment.Job instance at 0x1509c0110e60>,77,1,[8 2],103,218,219,115,218
1,<environment.Job instance at 0x1509c01fb500>,18,12,[1 7],27,219,231,192,219
1,<environment.Job instance at 0x1509c014c230>,78,17,[7 1],104,230,247,126,230
1,<environment.Job instance at 0x1509c014c140>,79,17,[2 7],105,255,272,150,255
1,<environment.Job instance at 0x1509c01bc410>,83,1,[5 2],109,255,256,146,255
1,<environment.Job instance at 0x1509c01bccd0>,85,1,[1 8],111,257,258,146,257
1,<environment.Job instance at 0x1509c01bc0f0>,86,2,[6 2],112,258,260,146,257
1,<environment.Job instance at 0x1509c01febe0>,88,1,[6 2],115,258,259,143,257
1,<environment.Job instance at 0x1509c01feb40>,89,3,[8 2],116,260,263,144,257
1,<environment.Job instance at 0x1509c01fe370>,90,2,[ 1 10],118,272,274,154,257
1,<environment.Job instance at 0x1509c01fe640>,92,1,[5 1],120,259,260,139,259
1,<environment.Job instance at 0x1509c01feb90>,93,14,[2 9],121,274,288,153,259
1,<environment.Job instance at 0x1509c01feaa0>,94,2,[7 2],122,263,265,141,259
1,<environment.Job instance at 0x1509c9af6aa0>,95,3,[10  1],123,265,268,142,259
1,<environment.Job instance at 0x1509c010be60>,96,3,[6 1],124,268,271,144,259
1,<environment.Job instance at 0x1509c010b410>,97,1,[13  1],125,271,272,146,259
1,<environment.Job instance at 0x1509c010be10>,98,3,[2 7],126,265,268,139,259
1,<environment.Job instance at 0x1509c010b640>,99,1,[5 1],127,260,261,133,259
1,<environment.Job instance at 0x1509c00fa280>,101,3,[5 2],129,268,271,139,268
1,<environment.Job instance at 0x1509c00fa5a0>,102,2,[8 2],130,272,274,142,268
1,<environment.Job instance at 0x1509c00fab40>,103,3,[2 8],131,288,291,157,268
1,<environment.Job instance at 0x1509c0159d70>,104,2,[2 5],132,268,270,136,268
1,<environment.Job instance at 0x1509c01bcdc0>,82,1,[8 2],108,298,299,190,298
1,<environment.Job instance at 0x1509c0159960>,106,22,[8 1],135,359,381,224,359
1,<environment.Job instance at 0x1509c0114370>,109,3,[2 5],139,369,372,230,369
1,<environment.Job instance at 0x1509c0159b40>,111,3,[7 2],141,374,377,233,374
1,<environment.Job instance at 0x1509c010e690>,112,2,[2 9],142,377,379,235,374
1,<environment.Job instance at 0x1509c010e780>,113,2,[2 7],143,379,381,236,374
1,<environment.Job instance at 0x1509c01fb6e0>,17,2,[1 8],25,381,383,356,380
1,<environment.Job instance at 0x1509c01ff320>,117,22,[2 6],149,382,404,233,382
1,<environment.Job instance at 0x1509c01985f0>,118,1,[ 1 14],150,404,405,254,391
1,<environment.Job instance at 0x1509c01b98c0>,120,1,[6 1],152,393,394,241,393
1,<environment.Job instance at 0x1509c03fafa0>,123,1,[8 1],157,395,396,238,395
1,<environment.Job instance at 0x1509c823c690>,124,1,[5 1],159,395,396,236,395
1,<environment.Job instance at 0x1509c02f2f50>,125,2,[7 2],160,396,398,236,395
1,<environment.Job instance at 0x1509c02f2dc0>,126,3,[ 2 14],162,427,430,265,427
1,<environment.Job instance at 0x1509c02f2460>,128,1,[ 2 10],164,430,431,266,428
1,<environment.Job instance at 0x1509c03f1c80>,130,1,[6 1],167,428,429,261,428
1,<environment.Job instance at 0x1509c01fbb40>,14,12,[2 9],22,431,443,409,428
1,<environment.Job instance at 0x1509d0639960>,135,1,[1 5],177,430,431,253,428
1,<environment.Job instance at 0x1509c01cd640>,134,2,[7 2],175,431,433,256,428
1,<environment.Job instance at 0x1509c01167d0>,136,14,[5 2],179,431,445,252,431
1,<environment.Job instance at 0x1509c0110910>,76,17,[12  1],100,1027,1044,927,1027
1,<environment.Job instance at 0x1509cb355730>,10,25,[6 1],15,1892,1917,1877,1892
1,<environment.Job instance at 0x1509cb355e60>,4,1,[2 9],6,2942,2943,2936,2942
1,<environment.Job instance at 0x1509c9dc0870>,6,1,[7 1],9,9,10,0,9
1,<environment.Job instance at 0x1509c9dc0af0>,7,1,[2 6],12,12,13,0,12
1,<environment.Job instance at 0x1509c9dc0eb0>,8,2,[10  2],13,13,15,0,13
1,<environment.Job instance at 0x1509c07bfc80>,11,1,[6 1],16,16,17,0,16
1,<environment.Job instance at 0x1509c06f4780>,17,2,[7 1],28,28,30,0,28
1,<environment.Job instance at 0x1509c06f4b40>,18,21,[6 1],30,30,51,0,30
1,<environment.Job instance at 0x1509c8021cd0>,21,1,[ 2 10],34,205,206,171,205
1,<environment.Job instance at 0x1509c8021b40>,26,27,[5 2],42,205,232,163,205
1,<environment.Job instance at 0x1509c80216e0>,19,3,[ 2 13],32,212,215,180,212
1,<environment.Job instance at 0x1509c8021730>,34,2,[8 1],55,215,217,160,212
1,<environment.Job instance at 0x1509c8021910>,36,1,[7 1],57,217,218,160,212
1,<environment.Job instance at 0x1509c8021a50>,37,1,[2 6],59,215,216,156,212
1,<environment.Job instance at 0x1509cb3e8050>,38,3,[1 5],60,216,219,156,212
1,<environment.Job instance at 0x1509cb3e8a00>,40,1,[1 7],64,216,217,152,213
1,<environment.Job instance at 0x1509cb3e8500>,42,2,[7 1],66,218,220,152,213
1,<environment.Job instance at 0x1509cb3e8550>,43,28,[1 6],67,217,245,150,216
1,<environment.Job instance at 0x1509cb3e80f0>,44,1,[1 7],70,220,221,150,216
1,<environment.Job instance at 0x1509cb3e8aa0>,45,21,[9 1],71,221,242,150,216
1,<environment.Job instance at 0x1509cb3e8370>,46,16,[1 6],72,232,248,160,229
1,<environment.Job instance at 0x1509cb3e8c30>,48,2,[5 1],75,242,244,167,229
1,<environment.Job instance at 0x1509cb3e8460>,49,2,[ 2 10],76,248,250,172,229
1,<environment.Job instance at 0x1509cb3e8960>,50,3,[5 1],77,242,245,165,229
1,<environment.Job instance at 0x1509c809e9b0>,51,1,[1 9],79,245,246,166,229
1,<environment.Job instance at 0x1509c809e280>,52,1,[2 7],80,246,247,166,229
1,<environment.Job instance at 0x1509c809ef50>,53,2,[1 8],81,250,252,169,229
1,<environment.Job instance at 0x1509c809e0f0>,54,1,[1 9],83,247,248,164,229
1,<environment.Job instance at 0x1509c809ef00>,55,2,[ 2 10],85,252,254,167,229
1,<environment.Job instance at 0x1509c809e6e0>,56,3,[9 1],86,248,251,162,229
1,<environment.Job instance at 0x1509c809e320>,58,20,[ 2 11],88,254,274,166,245
1,<environment.Job instance at 0x1509c8181550>,77,1,[10  1],113,266,267,153,266
1,<environment.Job instance at 0x1509c0600be0>,78,17,[5 1],114,272,289,158,272
1,<environment.Job instance at 0x1509c05ec0a0>,82,26,[8 1],118,272,298,154,272
1,<environment.Job instance at 0x1509cb3aa5a0>,85,27,[6 1],121,289,316,168,287
1,<environment.Job instance at 0x1509cc264820>,86,21,[9 2],122,298,319,176,290
1,<environment.Job instance at 0x1509cb42f870>,84,2,[8 1],120,319,321,199,292
1,<environment.Job instance at 0x1509c0602aa0>,89,2,[2 9],125,316,318,191,293
1,<environment.Job instance at 0x1509cb4ca5a0>,96,28,[14  1],138,321,349,183,320
1,<environment.Job instance at 0x1509c064db40>,98,3,[7 1],140,349,352,209,323
1,<environment.Job instance at 0x1509c05fdc30>,103,2,[11  2],146,352,354,206,343
1,<environment.Job instance at 0x1509c05fd730>,106,2,[1 5],150,343,345,193,343
1,<environment.Job instance at 0x1509c8150640>,108,2,[9 1],152,354,356,202,343
1,<environment.Job instance at 0x1509c8021be0>,23,1,[1 7],38,345,346,307,343
1,<environment.Job instance at 0x1509c8150f50>,110,17,[5 2],154,354,371,200,343
1,<environment.Job instance at 0x1509c07b9050>,120,1,[2 8],167,358,359,191,358
1,<environment.Job instance at 0x1509c9b455a0>,125,2,[1 8],173,387,389,214,387
1,<environment.Job instance at 0x1509c0608780>,126,17,[7 1],174,389,406,215,389
1,<environment.Job instance at 0x1509c07b94b0>,112,1,[ 1 10],157,391,392,234,391
1,<environment.Job instance at 0x1509c8021e60>,22,2,[2 8],35,398,400,363,398
1,<environment.Job instance at 0x1509d30160a0>,118,2,[12  1],165,417,419,252,417
1,<environment.Job instance at 0x1509c05ef190>,16,1,[5 1],22,22,23,0,22
1,<environment.Job instance at 0x1509d106a280>,19,1,[6 2],27,27,28,0,27
1,<environment.Job instance at 0x1509c9acbf00>,23,2,[8 2],32,36,38,4,36
1,<environment.Job instance at 0x1509d25e9690>,25,1,[5 2],39,39,40,0,39
1,<environment.Job instance at 0x1509cb2e6230>,27,1,[7 2],42,47,48,5,47
1,<environment.Job instance at 0x1509c8159190>,28,1,[2 8],43,47,48,4,47
1,<environment.Job instance at 0x1509c0510460>,31,2,[7 1],47,48,50,1,47
1,<environment.Job instance at 0x1509c0510d70>,32,1,[ 1 10],48,48,49,0,48
1,<environment.Job instance at 0x1509c0510b90>,33,26,[2 5],49,49,75,0,49
1,<environment.Job instance at 0x1509c05efa00>,15,16,[2 5],21,62,78,41,62
1,<environment.Job instance at 0x1509c05f33c0>,45,2,[ 2 13],69,78,80,9,75
1,<environment.Job instance at 0x1509c05efd20>,13,2,[2 5],19,76,78,57,76
1,<environment.Job instance at 0x1509d10d0370>,47,28,[2 5],73,80,108,7,79
1,<environment.Job instance at 0x1509c9ab7780>,52,1,[2 6],78,316,317,238,316
1,<environment.Job instance at 0x1509cc238780>,53,1,[1 5],80,318,319,238,318
1,<environment.Job instance at 0x1509cc238c30>,54,2,[2 8],81,325,327,244,325
1,<environment.Job instance at 0x1509cd4e9e60>,55,24,[2 9],82,327,351,245,326
1,<environment.Job instance at 0x1509c05f3aa0>,46,3,[7 2],71,348,351,277,348
1,<environment.Job instance at 0x1509cd4e9cd0>,56,3,[2 5],85,355,358,270,355
1,<environment.Job instance at 0x1509c05efcd0>,14,3,[9 1],20,355,358,335,355
1,<environment.Job instance at 0x1509cd4e9be0>,59,2,[2 6],90,355,357,265,355
1,<environment.Job instance at 0x1509cd4e9910>,60,2,[6 2],91,358,360,267,357
1,<environment.Job instance at 0x1509cd4e90a0>,58,1,[1 6],88,359,360,271,359
1,<environment.Job instance at 0x1509cd4e93c0>,62,1,[10  1],96,360,361,264,360
1,<environment.Job instance at 0x1509cd4e9370>,57,18,[5 2],87,360,378,273,360
1,<environment.Job instance at 0x1509cd4e9d20>,64,2,[6 1],98,362,364,264,362
1,<environment.Job instance at 0x1509cd4e90f0>,63,3,[10  1],97,366,369,269,366
1,<environment.Job instance at 0x1509cd4e9280>,66,2,[10  2],100,369,371,269,366
1,<environment.Job instance at 0x1509cd4e9550>,67,1,[9 1],101,371,372,270,368
1,<environment.Job instance at 0x1509cd4e98c0>,68,1,[1 8],102,371,372,269,368
1,<environment.Job instance at 0x1509cd4e9c30>,69,25,[9 1],103,372,397,269,368
1,<environment.Job instance at 0x1509cd4e9f00>,65,3,[1 5],99,386,389,287,386
1,<environment.Job instance at 0x1509cd4e97d0>,70,3,[2 7],104,388,391,284,388
1,<environment.Job instance at 0x1509cd4e9500>,72,2,[7 2],106,397,399,291,389
1,<environment.Job instance at 0x1509cd4e9eb0>,73,13,[10  1],108,399,412,291,389
1,<environment.Job instance at 0x1509cd4e95f0>,71,1,[7 1],105,397,398,292,397
1,<environment.Job instance at 0x1509cd4e9730>,74,3,[2 6],109,406,409,297,406
1,<environment.Job instance at 0x1509cd5112d0>,76,1,[6 2],111,412,413,301,406
1,<environment.Job instance at 0x1509cd4e9aa0>,75,2,[8 1],110,412,414,302,408
1,<environment.Job instance at 0x1509cd5114b0>,77,1,[9 1],112,414,415,302,408
1,<environment.Job instance at 0x1509cd5110a0>,78,1,[2 5],114,411,412,297,411
1,<environment.Job instance at 0x1509cd511e60>,80,1,[2 7],118,419,420,301,419
1,<environment.Job instance at 0x1509cd5115f0>,81,2,[ 1 14],120,420,422,300,419
1,<environment.Job instance at 0x1509cd511550>,82,1,[7 2],121,422,423,301,420
1,<environment.Job instance at 0x1509cd511f00>,83,3,[9 1],122,423,426,301,423
1,<environment.Job instance at 0x1509cd511320>,79,3,[10  2],117,426,429,309,423
1,<environment.Job instance at 0x1509cd511aa0>,85,1,[2 5],124,424,425,300,424
1,<environment.Job instance at 0x1509cd511f50>,86,2,[1 5],126,428,430,302,428
1,<environment.Job instance at 0x1509cd5113c0>,87,3,[2 8],127,429,432,302,429
1,<environment.Job instance at 0x1509cd5116e0>,88,17,[10  1],128,429,446,301,429
1,<environment.Job instance at 0x1509cd511050>,89,26,[5 2],129,432,458,303,430
1,<environment.Job instance at 0x1509cd511fa0>,84,15,[6 1],123,446,461,323,436
1,<environment.Job instance at 0x1509cd511910>,90,1,[8 2],130,458,459,328,445
1,<environment.Job instance at 0x1509cd511dc0>,91,2,[2 6],131,462,464,331,462
1,<environment.Job instance at 0x1509cd511870>,92,3,[1 9],132,462,465,330,462
1,<environment.Job instance at 0x1509cd511eb0>,94,3,[2 9],135,465,468,330,463
1,<environment.Job instance at 0x1509cd5118c0>,95,2,[6 1],136,466,468,330,466
1,<environment.Job instance at 0x1509cd511af0>,93,2,[1 7],134,468,470,334,466
1,<environment.Job instance at 0x1509cd511c30>,97,16,[2 6],138,468,484,330,466
1,<environment.Job instance at 0x1509cd511410>,96,1,[5 1],137,475,476,338,475
1,<environment.Job instance at 0x1509cf1992d0>,99,14,[5 2],144,475,489,331,475
1,<environment.Job instance at 0x1509cf199410>,100,1,[ 1 10],145,484,485,339,477
1,<environment.Job instance at 0x1509cf199d20>,101,3,[1 9],146,485,488,339,483
1,<environment.Job instance at 0x1509cf199140>,102,2,[9 2],148,484,486,336,483
1,<environment.Job instance at 0x1509cf1990a0>,103,3,[2 7],149,496,499,347,496
1,<environment.Job instance at 0x1509cf199460>,104,21,[10  2],152,496,517,344,496
1,<environment.Job instance at 0x1509cb59c960>,12,1,[ 2 13],18,515,516,497,515
1,<environment.Job instance at 0x1509cf1995f0>,98,2,[7 1],140,517,519,377,516
1,<environment.Job instance at 0x1509cf199eb0>,110,1,[ 1 12],164,520,521,356,520
1,<environment.Job instance at 0x1509cf1994b0>,114,12,[5 2],169,522,534,353,522
1,<environment.Job instance at 0x1509cf199c30>,111,1,[10  2],165,524,525,359,524
1,<environment.Job instance at 0x1509cd4e99b0>,61,3,[2 7],92,555,558,463,555
1,<environment.Job instance at 0x1509cd50f500>,119,1,[12  2],175,581,582,406,581
1,<environment.Job instance at 0x1509cd50fa50>,120,1,[5 1],176,589,590,413,589
1,<environment.Job instance at 0x1509cf199050>,116,20,[9 1],171,605,625,434,605
1,<environment.Job instance at 0x1509cd50f820>,121,3,[8 1],177,633,636,456,633
1,<environment.Job instance at 0x1509cd50f1e0>,123,3,[9 2],179,662,665,483,662
1,<environment.Job instance at 0x1509cd50faa0>,122,2,[6 2],178,713,715,535,713
1,<environment.Job instance at 0x1509cd50fc30>,118,2,[13  1],174,962,964,788,962
1,<environment.Job instance at 0x1509c9ac8460>,0,2,[1 6],6,8,10,2,8
1,<environment.Job instance at 0x1509c9b15a50>,1,18,[8 1],8,9,27,1,9
1,<environment.Job instance at 0x1509c0068f00>,9,1,[7 2],20,20,21,0,20
1,<environment.Job instance at 0x1509c006a640>,15,1,[1 8],28,28,29,0,28
1,<environment.Job instance at 0x1509c006a820>,16,20,[7 2],29,30,50,1,30
1,<environment.Job instance at 0x1509c006ae60>,21,1,[8 1],36,36,37,0,36
1,<environment.Job instance at 0x1509c006c190>,24,1,[2 5],39,39,40,0,39
1,<environment.Job instance at 0x1509c006c640>,28,1,[5 2],43,69,70,26,69
1,<environment.Job instance at 0x1509c006c820>,31,2,[5 1],54,79,81,25,79
1,<environment.Job instance at 0x1509c006c7d0>,32,2,[1 6],55,97,99,42,97
1,<environment.Job instance at 0x1509c006c960>,33,2,[1 8],56,170,172,114,170
1,<environment.Job instance at 0x1509c006ca00>,34,1,[6 1],57,177,178,120,177
1,<environment.Job instance at 0x1509c006c9b0>,35,18,[10  2],59,178,196,119,177
1,<environment.Job instance at 0x1509c006cb40>,36,1,[6 1],60,196,197,136,187
1,<environment.Job instance at 0x1509c006cb90>,37,1,[2 9],61,187,188,126,187
1,<environment.Job instance at 0x1509c006c500>,26,1,[ 1 13],41,188,189,147,187
1,<environment.Job instance at 0x1509c006e230>,46,1,[8 1],76,196,197,120,194
1,<environment.Job instance at 0x1509c006e3c0>,48,1,[1 8],78,212,213,134,212
1,<environment.Job instance at 0x1509c006e640>,51,2,[7 2],81,213,215,132,213
1,<environment.Job instance at 0x1509c006e6e0>,52,1,[ 2 10],82,213,214,131,213
1,<environment.Job instance at 0x1509c006eaa0>,58,2,[1 5],90,243,245,153,243
1,<environment.Job instance at 0x1509c0071500>,73,1,[10  1],108,277,278,169,277
1,<environment.Job instance at 0x1509c00714b0>,74,2,[8 2],110,278,280,168,277
1,<environment.Job instance at 0x1509c0071640>,75,1,[1 6],111,277,278,166,277
1,<environment.Job instance at 0x1509c0071690>,76,3,[6 1],112,278,281,166,277
1,<environment.Job instance at 0x1509c006cc80>,38,1,[1 5],62,277,278,215,277
1,<environment.Job instance at 0x1509c04fb320>,0,1,[14  1],1,4,5,3,4
1,<environment.Job instance at 0x1509c023fe60>,20,1,[1 5],28,28,29,0,28
1,<environment.Job instance at 0x150983ed58c0>,23,1,[10  1],31,31,32,0,31
1,<environment.Job instance at 0x1509d1010190>,28,2,[7 1],36,36,38,0,36
1,<environment.Job instance at 0x1509d1010aa0>,33,2,[2 5],43,182,184,139,182
1,<environment.Job instance at 0x1509d05e7550>,41,16,[8 1],54,194,210,140,194
1,<environment.Job instance at 0x1509d1010050>,32,2,[1 9],42,205,207,163,205
1,<environment.Job instance at 0x1509c04fb8c0>,2,3,[10  1],3,237,240,234,237
1,<environment.Job instance at 0x1509d05e7910>,43,15,[8 2],56,245,260,189,245
1,<environment.Job instance at 0x1509d05e70a0>,46,2,[2 7],60,296,298,236,296
1,<environment.Job instance at 0x1509d05e7780>,45,3,[7 1],59,297,300,238,297
1,<environment.Job instance at 0x1509d05e7d20>,48,1,[1 9],62,298,299,236,297
1,<environment.Job instance at 0x1509d05e7be0>,49,18,[5 2],63,297,315,234,297
1,<environment.Job instance at 0x1509d05e72d0>,50,2,[1 8],65,299,301,234,297
1,<environment.Job instance at 0x1509d05e7230>,42,14,[2 8],55,845,859,790,845
1,<environment.Job instance at 0x1509c9b34910>,12,26,[5 2],22,22,48,0,22
1,<environment.Job instance at 0x1509c9b4c7d0>,27,2,[1 5],44,48,50,4,48
1,<environment.Job instance at 0x1509c9b4c870>,28,1,[2 5],45,48,49,3,48
1,<environment.Job instance at 0x1509c9b4c910>,29,12,[5 1],48,48,60,0,48
1,<environment.Job instance at 0x1509c9b4cdc0>,30,1,[10  1],50,50,51,0,50
1,<environment.Job instance at 0x1509c9b4ceb0>,31,1,[7 1],51,51,52,0,51
1,<environment.Job instance at 0x1509c9b4c8c0>,32,2,[10  1],52,52,54,0,52
1,<environment.Job instance at 0x1509c9b4ce10>,33,1,[6 2],53,54,55,1,53
1,<environment.Job instance at 0x1509c9b39320>,34,3,[6 2],54,55,58,1,54
1,<environment.Job instance at 0x1509c9b39460>,35,3,[2 5],58,58,61,0,58
1,<environment.Job instance at 0x1509c9b395a0>,36,2,[5 1],59,59,61,0,59
1,<environment.Job instance at 0x1509c9b396e0>,37,18,[2 9],61,62,80,1,62
1,<environment.Job instance at 0x1509c9b39d20>,42,3,[6 1],69,69,72,0,69
1,<environment.Job instance at 0x1509c9b39f50>,45,2,[9 1],72,72,74,0,72
1,<environment.Job instance at 0x1509c9b5f0a0>,46,2,[14  2],74,80,82,6,74
1,<environment.Job instance at 0x1509d06b1d70>,47,3,[ 1 10],75,80,83,5,75
1,<environment.Job instance at 0x1509c9b37780>,48,1,[14  2],76,82,83,6,76
1,<environment.Job instance at 0x1509c9b575a0>,49,2,[6 2],77,77,79,0,77
1,<environment.Job instance at 0x1509c9b57aa0>,51,2,[1 9],79,83,85,4,79
1,<environment.Job instance at 0x1509c9b57be0>,52,3,[6 2],80,83,86,3,80
1,<environment.Job instance at 0x1509c9b370a0>,53,3,[5 2],82,83,86,1,82
1,<environment.Job instance at 0x1509c9b57820>,54,2,[1 8],83,85,87,2,83
1,<environment.Job instance at 0x1509c9b57a50>,55,17,[9 1],84,86,103,2,86
1,<environment.Job instance at 0x1509c9b57190>,56,2,[2 8],87,87,89,0,87
1,<environment.Job instance at 0x1509c9b57d70>,58,1,[10  2],89,103,104,14,89
1,<environment.Job instance at 0x1509c06f1aa0>,61,2,[10  1],95,104,106,9,103
1,<environment.Job instance at 0x1509c9b4c370>,25,18,[1 7],42,104,122,62,104
1,<environment.Job instance at 0x1509cb43f0f0>,62,18,[8 1],97,121,139,24,121
1,<environment.Job instance at 0x1509cb44dbe0>,64,1,[6 1],99,121,122,22,121
1,<environment.Job instance at 0x1509cb44df50>,65,1,[8 1],100,139,140,39,121
1,<environment.Job instance at 0x150983e8b5a0>,75,2,[ 1 10],120,127,129,7,127
1,<environment.Job instance at 0x1509cb44de10>,63,1,[6 2],98,135,136,37,135
1,<environment.Job instance at 0x150983ea91e0>,83,1,[5 2],131,153,154,22,153
1,<environment.Job instance at 0x150983ea9730>,87,2,[1 8],136,171,173,35,171
1,<environment.Job instance at 0x150983ea9d70>,89,1,[2 9],138,182,183,44,182
1,<environment.Job instance at 0x150983ea9e60>,90,1,[10  2],139,182,183,43,182
1,<environment.Job instance at 0x1509cb4547d0>,91,2,[5 2],142,183,185,41,182
1,<environment.Job instance at 0x1509cb45f410>,92,2,[10  1],143,183,185,40,182
1,<environment.Job instance at 0x1509cb454a00>,93,17,[7 1],145,185,202,40,183
1,<environment.Job instance at 0x150983ebf140>,94,1,[7 2],146,185,186,39,183
1,<environment.Job instance at 0x1509d101bd20>,78,1,[1 8],123,201,202,78,201
1,<environment.Job instance at 0x150983ebf0a0>,96,13,[5 2],153,207,220,54,207
1,<environment.Job instance at 0x150983ebf640>,97,3,[1 9],154,211,214,57,211
1,<environment.Job instance at 0x150983ebf500>,98,1,[1 7],157,214,215,57,211
1,<environment.Job instance at 0x150983ebf320>,99,14,[7 1],159,223,237,64,223
1,<environment.Job instance at 0x1509c9b4c410>,22,1,[9 1],38,238,239,200,238
1,<environment.Job instance at 0x1509c9b4c3c0>,21,1,[5 2],37,239,240,202,239
1,<environment.Job instance at 0x150983e94820>,110,1,[1 9],178,239,240,61,239
1,<environment.Job instance at 0x150983ea92d0>,81,2,[14  1],127,241,243,114,241
1,<environment.Job instance at 0x150983ebfdc0>,102,2,[8 1],166,769,771,603,769
1,<environment.Job instance at 0x150983ebfb90>,106,17,[1 9],171,786,803,615,786
1,<environment.Job instance at 0x1509c9b639b0>,34,1,[2 5],55,60,61,5,60
1,<environment.Job instance at 0x1509c9b634b0>,35,1,[2 8],56,60,61,4,60
1,<environment.Job instance at 0x1509c9b631e0>,39,1,[9 2],60,60,61,0,60
1,<environment.Job instance at 0x1509d06e0b40>,21,3,[2 5],34,547,550,513,547
1,<environment.Job instance at 0x150983eb8690>,46,3,[9 1],71,1110,1113,1039,1110
1,<environment.Job instance at 0x150983eb87d0>,47,3,[1 8],73,1985,1988,1912,1985
1,<environment.Job instance at 0x150983eb8780>,48,2,[5 1],77,2013,2015,1936,2013
1,<environment.Job instance at 0x150983eb85a0>,49,1,[2 5],78,2255,2256,2177,2255
1,<environment.Job instance at 0x150983eb8be0>,50,2,[1 8],79,2474,2476,2395,2474
1,<environment.Job instance at 0x150983eb8af0>,51,17,[1 6],80,2646,2663,2566,2646
1,<environment.Job instance at 0x1509cbf78aa0>,1,1,[2 7],3,4,5,1,4
1,<environment.Job instance at 0x1509cbf78dc0>,4,23,[1 9],6,6,29,0,6
1,<environment.Job instance at 0x1509c0508960>,7,1,[8 2],14,14,15,0,14
1,<environment.Job instance at 0x1509c073bb40>,14,1,[2 7],28,29,30,1,28
1,<environment.Job instance at 0x1509c8260be0>,24,13,[8 1],44,49,62,5,49
1,<environment.Job instance at 0x1509c068ee10>,28,1,[2 6],50,50,51,0,50
1,<environment.Job instance at 0x1509c068e960>,29,2,[1 8],51,51,53,0,51
1,<environment.Job instance at 0x1509d0ff7640>,30,1,[8 2],53,62,63,9,53
1,<environment.Job instance at 0x1509c03f0d70>,38,1,[7 1],64,64,65,0,64
1,<environment.Job instance at 0x1509c03f0960>,39,1,[1 5],65,65,66,0,65
1,<environment.Job instance at 0x150983ed5280>,42,21,[2 6],69,92,113,23,92
1,<environment.Job instance at 0x1509ca63da50>,23,16,[ 2 10],43,113,129,70,106
1,<environment.Job instance at 0x1509c006c870>,50,1,[6 2],80,122,123,42,122
1,<environment.Job instance at 0x1509c006ccd0>,52,1,[1 7],82,130,131,48,130
1,<environment.Job instance at 0x1509d0fb45f0>,60,2,[8 2],93,171,173,78,171
1,<environment.Job instance at 0x1509cbeec8c0>,62,2,[6 2],95,183,185,88,183
1,<environment.Job instance at 0x1509c077f6e0>,44,13,[6 2],71,201,214,130,201
1,<environment.Job instance at 0x1509d105e6e0>,68,1,[6 2],105,201,202,96,201
1,<environment.Job instance at 0x1509d105e050>,70,2,[7 2],107,205,207,98,205
1,<environment.Job instance at 0x1509cb3ea690>,34,2,[13  1],58,225,227,167,225
1,<environment.Job instance at 0x1509c0199050>,72,2,[1 5],109,225,227,116,225
1,<environment.Job instance at 0x1509c8027230>,76,1,[ 2 10],115,227,228,112,225
1,<environment.Job instance at 0x1509c8027370>,77,2,[2 8],118,228,230,110,225
1,<environment.Job instance at 0x1509d105e870>,64,14,[9 1],99,227,241,128,225
1,<environment.Job instance at 0x150983eb8af0>,80,1,[2 5],122,228,229,106,225
1,<environment.Job instance at 0x1509c0648c80>,81,3,[2 8],126,230,233,104,225
1,<environment.Job instance at 0x1509c06487d0>,82,2,[1 9],127,225,227,98,225
1,<environment.Job instance at 0x1509c0648320>,83,3,[2 6],128,229,232,101,229
1,<environment.Job instance at 0x1509cc242c80>,87,1,[2 5],134,232,233,98,229
1,<environment.Job instance at 0x1509cc242640>,88,2,[5 1],135,233,235,98,229
1,<environment.Job instance at 0x1509d1062e60>,102,1,[8 2],156,259,260,103,259
1,<environment.Job instance at 0x1509d1062910>,104,2,[8 1],160,260,262,100,259
1,<environment.Job instance at 0x1509cd520780>,106,1,[1 6],162,261,262,99,261
1,<environment.Job instance at 0x1509cd520eb0>,107,1,[8 1],166,262,263,96,261
1,<environment.Job instance at 0x1509cd520410>,105,3,[2 7],161,261,264,100,261
1,<environment.Job instance at 0x1509c0648e60>,79,2,[6 2],121,263,265,142,261
1,<environment.Job instance at 0x1509c9657e10>,114,3,[7 1],173,276,279,103,276
1,<environment.Job instance at 0x1509c9657410>,115,2,[2 8],175,276,278,101,276
1,<environment.Job instance at 0x1509c9657370>,117,3,[13  1],177,279,282,102,277
1,<environment.Job instance at 0x1509c96575a0>,118,3,[2 9],178,279,282,101,279
1,<environment.Job instance at 0x1509d1013aa0>,119,1,[2 9],179,282,283,103,280
1,<environment.Job instance at 0x1509d106a8c0>,22,2,[6 2],38,305,307,267,305
1,<environment.Job instance at 0x1509cd520b40>,110,2,[9 1],169,337,339,168,337
1,<environment.Job instance at 0x1509cb565640>,21,12,[8 1],37,359,371,322,359
1,<environment.Job instance at 0x150983fa4b90>,4,1,[2 9],8,9,10,1,9
1,<environment.Job instance at 0x150983fa4dc0>,7,1,[1 6],16,16,17,0,16
1,<environment.Job instance at 0x150983f96410>,11,26,[ 2 10],21,21,47,0,21
1,<environment.Job instance at 0x150983f96be0>,20,2,[5 2],37,190,192,153,190
1,<environment.Job instance at 0x150983f96e60>,22,1,[8 2],39,195,196,156,195
1,<environment.Job instance at 0x150983f96d20>,24,2,[1 8],41,222,224,181,222
1,<environment.Job instance at 0x150983f96fa0>,23,1,[1 6],40,224,225,184,224
1,<environment.Job instance at 0x150983fa11e0>,27,1,[5 1],44,225,226,181,225
1,<environment.Job instance at 0x150983fa1140>,26,15,[ 1 10],43,238,253,195,238
1,<environment.Job instance at 0x150983fa1280>,28,2,[2 7],45,253,255,208,249
1,<environment.Job instance at 0x150983fa13c0>,30,1,[1 8],47,253,254,206,249
1,<environment.Job instance at 0x150983fa1460>,31,2,[10  2],48,254,256,206,253
1,<environment.Job instance at 0x150983fa1320>,29,2,[9 1],46,934,936,888,934
1,<environment.Job instance at 0x150983fa1c30>,42,12,[11  1],63,1261,1273,1198,1261
1,<environment.Job instance at 0x150983fa1960>,2,22,[2 8],4,5,27,1,5
1,<environment.Job instance at 0x1509d068cb90>,5,2,[ 1 12],7,34,36,27,34
1,<environment.Job instance at 0x1509d068c6e0>,11,1,[ 1 10],17,36,37,19,34
1,<environment.Job instance at 0x1509cb3af640>,12,1,[10  2],18,34,35,16,34
1,<environment.Job instance at 0x1509cb3af410>,14,3,[6 1],20,35,38,15,34
1,<environment.Job instance at 0x1509cb3af230>,16,2,[2 8],23,37,39,14,34
1,<environment.Job instance at 0x1509cb3af370>,18,2,[8 1],27,35,37,8,34
1,<environment.Job instance at 0x1509cb3d6640>,25,3,[8 1],37,49,52,12,49
1,<environment.Job instance at 0x1509cb3d69b0>,26,1,[6 1],38,49,50,11,49
1,<environment.Job instance at 0x1509cb3d6e60>,27,3,[6 1],39,50,53,11,49
1,<environment.Job instance at 0x1509cb3d65a0>,31,1,[10  2],45,55,56,10,55
1,<environment.Job instance at 0x1509cb3d6fa0>,32,1,[5 1],46,55,56,9,55
1,<environment.Job instance at 0x1509cb3d6f50>,34,2,[5 1],48,56,58,8,56
1,<environment.Job instance at 0x1509c9b5beb0>,36,2,[2 8],52,60,62,8,60
1,<environment.Job instance at 0x1509c9b5b4b0>,37,1,[ 1 10],53,62,63,9,60
1,<environment.Job instance at 0x1509c9b5b5a0>,38,16,[8 1],55,63,79,8,63
1,<environment.Job instance at 0x1509c9b5b730>,39,3,[8 2],56,79,82,23,63
1,<environment.Job instance at 0x1509c9b5bfa0>,40,1,[2 8],57,63,64,6,63
1,<environment.Job instance at 0x1509c9b5b370>,41,1,[5 1],58,63,64,5,63
1,<environment.Job instance at 0x1509c9b5b230>,42,3,[5 1],59,64,67,5,63
1,<environment.Job instance at 0x1509c9b5b460>,43,18,[5 2],60,76,94,16,76
1,<environment.Job instance at 0x1509c9debe10>,47,18,[ 1 10],70,82,100,12,82
1,<environment.Job instance at 0x1509d068c5f0>,8,18,[1 6],14,192,210,178,192
1,<environment.Job instance at 0x1509d068c8c0>,6,2,[7 1],8,206,208,198,206
1,<environment.Job instance at 0x1509c9b47d20>,62,3,[1 6],90,210,213,120,210
1,<environment.Job instance at 0x1509c9b47280>,63,3,[1 9],91,477,480,386,477
1,<environment.Job instance at 0x1509cb3b8370>,75,2,[7 2],112,477,479,365,477
1,<environment.Job instance at 0x1509cb3b89b0>,76,2,[13  2],113,479,481,366,478
1,<environment.Job instance at 0x1509cb3b80f0>,77,15,[10  2],114,481,496,367,478
1,<environment.Job instance at 0x1509cb3b8e10>,66,2,[2 6],98,538,540,440,538
1,<environment.Job instance at 0x1509cb3b85a0>,78,3,[7 2],116,538,541,422,538
1,<environment.Job instance at 0x1509cb3b8cd0>,86,1,[1 9],127,540,541,413,538
1,<environment.Job instance at 0x1509cb3b8dc0>,87,1,[8 1],128,541,542,413,538
1,<environment.Job instance at 0x1509c049c7d0>,89,1,[1 6],131,538,539,407,538
1,<environment.Job instance at 0x1509c049cb90>,88,2,[9 1],130,542,544,412,538
1,<environment.Job instance at 0x1509c049c0a0>,90,2,[1 5],132,541,543,409,539
1,<environment.Job instance at 0x1509c049c410>,92,16,[6 2],134,543,559,409,539
1,<environment.Job instance at 0x1509c049caf0>,91,3,[6 1],133,562,565,429,562
1,<environment.Job instance at 0x1509c049c050>,93,2,[1 7],136,568,570,432,568
1,<environment.Job instance at 0x1509c049cf00>,99,1,[2 8],143,572,573,429,572
1,<environment.Job instance at 0x1509c049cdc0>,100,3,[7 2],144,579,582,435,579
1,<environment.Job instance at 0x1509c049c5a0>,98,14,[10  2],142,582,596,440,582
1,<environment.Job instance at 0x1509c049c500>,104,13,[2 7],148,678,691,530,678
1,<environment.Job instance at 0x1509c049c9b0>,109,18,[8 2],153,687,705,534,687
1,<environment.Job instance at 0x1509c049c640>,110,2,[2 9],154,711,713,557,711
1,<environment.Job instance at 0x1509d105e460>,111,17,[8 1],156,761,778,605,761
1,<environment.Job instance at 0x1509c8116f00>,112,18,[1 6],157,770,788,613,770
1,<environment.Job instance at 0x1509c049c8c0>,113,3,[9 1],158,790,793,632,790
1,<environment.Job instance at 0x1509d068ca00>,7,1,[10  2],9,821,822,812,821
1,<environment.Job instance at 0x1509c81165f0>,114,3,[9 1],159,822,825,663,822
1,<environment.Job instance at 0x1509cd4f3e10>,116,1,[7 1],161,825,826,664,822
1,<environment.Job instance at 0x1509cb56eb90>,117,14,[1 8],163,860,874,697,860
1,<environment.Job instance at 0x1509c049cfa0>,102,3,[2 7],146,864,867,718,864
1,<environment.Job instance at 0x1509c80edf50>,118,3,[10  1],165,942,945,777,942
1,<environment.Job instance at 0x1509c0274280>,119,3,[ 1 10],167,944,947,777,944
1,<environment.Job instance at 0x1509cbe63640>,115,15,[14  1],160,1427,1442,1267,1427
1,<environment.Job instance at 0x1509c9b4e050>,122,12,[5 1],173,1450,1462,1277,1450
1,<environment.Job instance at 0x1509cb46aaa0>,120,1,[7 1],168,1461,1462,1293,1461
1,<environment.Job instance at 0x1509cb3a0f50>,124,3,[8 1],176,1563,1566,1387,1563
1,<environment.Job instance at 0x1509cb55e910>,16,3,[ 1 10],20,49,52,29,49
1,<environment.Job instance at 0x150983e88e10>,27,19,[7 2],38,50,69,12,50
1,<environment.Job instance at 0x1509cb2a7d20>,26,13,[6 1],37,50,63,13,50
1,<environment.Job instance at 0x1509cb2a7c80>,25,1,[ 1 11],36,52,53,16,52
1,<environment.Job instance at 0x150983e881e0>,32,1,[2 5],43,53,54,10,52
1,<environment.Job instance at 0x150983e88370>,35,25,[7 2],48,63,88,15,59
1,<environment.Job instance at 0x1509c0076e10>,45,2,[7 1],59,94,96,35,94
1,<environment.Job instance at 0x1509c00761e0>,46,1,[9 2],60,96,97,36,94
1,<environment.Job instance at 0x1509c00760f0>,47,2,[5 1],61,94,96,33,94
1,<environment.Job instance at 0x1509cb2a7780>,22,1,[5 1],30,194,195,164,194
1,<environment.Job instance at 0x150983f89460>,62,1,[ 2 12],82,218,219,136,218
1,<environment.Job instance at 0x150983f89870>,63,2,[ 1 10],83,270,272,187,270
1,<environment.Job instance at 0x1509d2992230>,100,1,[10  2],138,821,822,683,821
1,<environment.Job instance at 0x150983f6b690>,106,12,[9 1],147,1886,1898,1739,1886
1,<environment.Job instance at 0x1509c81f4e10>,0,1,[1 6],1,3,4,2,3
1,<environment.Job instance at 0x1509c02c6cd0>,7,26,[1 7],10,10,36,0,10
1,<environment.Job instance at 0x1509c9db5a00>,13,3,[2 9],17,36,39,19,17
1,<environment.Job instance at 0x1509c9db5050>,17,17,[9 1],21,112,129,91,112
1,<environment.Job instance at 0x1509d102b8c0>,52,3,[13  1],77,129,132,52,127
1,<environment.Job instance at 0x1509d102b820>,54,2,[8 2],81,132,134,51,128
1,<environment.Job instance at 0x1509c057cfa0>,24,3,[13  1],32,189,192,157,189
1,<environment.Job instance at 0x1509d102bdc0>,55,3,[11  1],82,192,195,110,189
1,<environment.Job instance at 0x1509d102b640>,50,18,[2 7],75,189,207,114,189
1,<environment.Job instance at 0x1509d102b230>,60,2,[8 1],87,195,197,108,189
1,<environment.Job instance at 0x1509d1014e10>,61,2,[6 1],88,197,199,109,189
1,<environment.Job instance at 0x1509d102bfa0>,59,26,[1 6],86,192,218,106,189
1,<environment.Job instance at 0x1509c05935f0>,66,1,[7 2],95,199,200,104,189
1,<environment.Job instance at 0x1509c00df460>,68,3,[1 6],97,207,210,110,189
1,<environment.Job instance at 0x1509cb4c3550>,69,2,[2 7],98,210,212,112,189
1,<environment.Job instance at 0x1509c0382140>,70,3,[7 1],99,200,203,101,189
1,<environment.Job instance at 0x1509d14e27d0>,71,14,[6 1],100,203,217,103,189
1,<environment.Job instance at 0x1509cf17a8c0>,64,1,[ 2 10],92,262,263,170,262
1,<environment.Job instance at 0x1509d2166f00>,48,17,[8 1],72,265,282,193,265
1,<environment.Job instance at 0x1509c0686320>,88,3,[8 2],127,342,345,215,342
1,<environment.Job instance at 0x1509d069c140>,87,1,[1 8],124,484,485,360,484
1,<environment.Job instance at 0x1509cc202910>,90,3,[9 1],130,593,596,463,593
1,<environment.Job instance at 0x1509c022e820>,89,3,[2 5],128,705,708,577,705
1,<environment.Job instance at 0x1509cc202fa0>,91,2,[8 2],131,764,766,633,764
1,<environment.Job instance at 0x1509c07cfb40>,92,1,[8 1],132,779,780,647,779
1,<environment.Job instance at 0x1509c07cf8c0>,94,22,[5 2],134,779,801,645,779
1,<environment.Job instance at 0x1509c0628eb0>,95,22,[7 2],136,780,802,644,779
1,<environment.Job instance at 0x1509c06282d0>,96,2,[2 9],137,956,958,819,956
1,<environment.Job instance at 0x1509cbf66780>,93,23,[7 1],133,1097,1120,964,1097
1,<environment.Job instance at 0x1509c06284b0>,98,1,[2 7],139,1871,1872,1732,1871
1,<environment.Job instance at 0x1509c06280a0>,99,2,[ 2 10],142,2066,2068,1924,2066
1,<environment.Job instance at 0x1509c0628870>,100,2,[8 1],143,2074,2076,1931,2074
1,<environment.Job instance at 0x1509c0628be0>,101,21,[5 1],144,2389,2410,2245,2389
1,<environment.Job instance at 0x1509d213c730>,102,3,[9 1],145,2563,2566,2418,2563
1,<environment.Job instance at 0x1509c0628e60>,103,1,[9 2],146,2791,2792,2645,2791
1,<environment.Job instance at 0x1509c0628e60>,3,1,[5 1],5,5,6,0,5
1,<environment.Job instance at 0x1509c0650aa0>,5,2,[2 7],9,9,11,0,9
1,<environment.Job instance at 0x1509cb499820>,6,15,[5 1],11,11,26,0,11
1,<environment.Job instance at 0x1509c0650eb0>,9,1,[2 8],15,15,16,0,15
1,<environment.Job instance at 0x1509cc20bf00>,17,25,[2 7],27,28,53,1,28
1,<environment.Job instance at 0x1509cb45ca50>,19,19,[8 1],32,43,62,11,43
1,<environment.Job instance at 0x1509cb29b730>,16,1,[8 2],25,62,63,37,53
1,<environment.Job instance at 0x1509cb29b1e0>,15,2,[5 1],23,53,55,30,53
1,<environment.Job instance at 0x1509d0635370>,40,3,[6 1],65,65,68,0,65
1,<environment.Job instance at 0x1509c0340550>,63,18,[5 1],108,115,133,7,115
1,<environment.Job instance at 0x1509cb54d320>,64,3,[6 2],110,157,160,47,157
1,<environment.Job instance at 0x1509cbe5a280>,65,2,[10  2],111,178,180,67,178
1,<environment.Job instance at 0x1509d09312d0>,66,2,[1 6],112,307,309,195,307
1,<environment.Job instance at 0x1509c824dcd0>,71,22,[7 2],118,309,331,191,309
1,<environment.Job instance at 0x1509c824dc30>,70,13,[8 2],117,313,326,196,313
1,<environment.Job instance at 0x1509cb541550>,74,13,[6 1],121,450,463,329,450
1,<environment.Job instance at 0x1509c012b960>,39,3,[6 1],60,760,763,700,760
1,<environment.Job instance at 0x1509cbf3e050>,61,3,[14  1],102,767,770,665,767
1,<environment.Job instance at 0x1509c060cd70>,84,2,[5 1],136,770,772,634,767
1,<environment.Job instance at 0x1509c05cdd70>,85,1,[8 1],137,770,771,633,767
1,<environment.Job instance at 0x1509c060c550>,86,3,[2 9],138,770,773,632,767
1,<environment.Job instance at 0x1509cb2a4dc0>,87,18,[2 5],139,771,789,632,767
1,<environment.Job instance at 0x1509cb29b500>,14,2,[13  2],22,773,775,751,767
1,<environment.Job instance at 0x1509c963f320>,89,1,[6 1],141,772,773,631,767
1,<environment.Job instance at 0x1509d101b460>,109,3,[ 2 13],168,830,833,662,830
1,<environment.Job instance at 0x1509cb4e1230>,115,28,[7 2],175,833,861,658,833
1,<environment.Job instance at 0x1509c9bae3c0>,81,3,[7 1],131,867,870,736,867
1,<environment.Job instance at 0x1509c9bae050>,77,3,[2 8],126,880,883,754,880
1,<environment.Job instance at 0x1509c81c3dc0>,10,2,[ 1 10],18,22,24,4,22
1,<environment.Job instance at 0x1509c81a9280>,13,19,[2 7],21,196,215,175,196
1,<environment.Job instance at 0x1509c81a0b40>,50,1,[13  1],83,216,217,133,216
1,<environment.Job instance at 0x1509c81a0910>,51,3,[2 7],84,216,219,132,216
1,<environment.Job instance at 0x1509c81b53c0>,46,1,[ 1 12],71,219,220,148,217
1,<environment.Job instance at 0x1509cbef4190>,66,1,[ 1 10],103,239,240,136,239
1,<environment.Job instance at 0x1509cbf3deb0>,68,2,[8 1],105,240,242,135,240
1,<environment.Job instance at 0x1509cbf3daf0>,69,3,[9 2],107,245,248,138,245
1,<environment.Job instance at 0x1509cbf3abe0>,72,17,[7 1],112,248,265,136,246
1,<environment.Job instance at 0x1509c81a0960>,54,2,[2 7],88,258,260,170,258
1,<environment.Job instance at 0x1509cbf3ab40>,71,18,[6 1],111,258,276,147,258
1,<environment.Job instance at 0x1509cbf68b90>,94,1,[9 1],147,298,299,151,298
1,<environment.Job instance at 0x1509c81a9af0>,14,2,[1 6],22,1022,1024,1000,1022
1,<environment.Job instance at 0x1458ae39ba50>,15,1,[ 1 10],20,20,21,0,20
1,<environment.Job instance at 0x1458af04daf0>,16,1,[2 5],21,21,22,0,21
1,<environment.Job instance at 0x1458ae361500>,20,2,[ 1 13],27,27,29,0,27
1,<environment.Job instance at 0x1458ae370320>,21,3,[6 1],29,29,32,0,29
1,<environment.Job instance at 0x1458ae370960>,22,1,[2 7],30,30,31,0,30
1,<environment.Job instance at 0x1458b33d90f0>,9,2,[ 1 10],11,11,13,0,11
1,<environment.Job instance at 0x1458b33d9230>,11,1,[1 7],13,57,58,44,57
1,<environment.Job instance at 0x1458ae2997d0>,27,1,[2 6],33,58,59,25,58
1,<environment.Job instance at 0x1458ac67b2d0>,26,17,[7 1],32,58,75,26,58
1,<environment.Job instance at 0x1458acbab0f0>,30,1,[9 1],41,75,76,34,58
1,<environment.Job instance at 0x1458ae2dab90>,36,2,[1 5],49,72,74,23,72
1,<environment.Job instance at 0x1458ae2da690>,40,1,[2 6],56,72,73,16,72
1,<environment.Job instance at 0x1458ae2daa50>,43,1,[2 8],62,73,74,11,72
1,<environment.Job instance at 0x1458ac3ff960>,45,2,[7 2],67,80,82,13,80
1,<environment.Job instance at 0x1458ac3ff7d0>,46,2,[2 5],68,80,82,12,80
1,<environment.Job instance at 0x1458ac3ff3c0>,47,14,[2 8],69,81,95,12,81
1,<environment.Job instance at 0x1458aed69050>,52,14,[6 1],77,82,96,5,81
1,<environment.Job instance at 0x1458aed69a50>,53,15,[2 8],78,95,110,17,84
1,<environment.Job instance at 0x1458ac8ddd70>,28,16,[9 1],36,138,154,102,138
1,<environment.Job instance at 0x1458b33d9370>,13,15,[1 7],15,204,219,189,204
1,<environment.Job instance at 0x1458aed12c80>,57,1,[1 5],83,215,216,132,215
1,<environment.Job instance at 0x1458aed12230>,56,2,[6 2],82,244,246,162,244
1,<environment.Job instance at 0x1458aed128c0>,58,16,[1 7],84,263,279,179,263
1,<environment.Job instance at 0x1458aed120a0>,59,3,[ 2 10],85,292,295,207,292
1,<environment.Job instance at 0x1458aed12e60>,60,3,[ 1 13],86,302,305,216,302
1,<environment.Job instance at 0x1458ac9316e0>,12,1,[2 9],14,307,308,293,307
1,<environment.Job instance at 0x1458aed12eb0>,61,3,[1 5],89,325,328,236,325
1,<environment.Job instance at 0x1458aed12730>,64,1,[7 1],92,326,327,234,326
1,<environment.Job instance at 0x1458ae1bb550>,65,18,[5 2],93,328,346,235,328
1,<environment.Job instance at 0x1458aed120f0>,62,21,[ 2 13],90,339,360,249,339
1,<environment.Job instance at 0x1458aed7a500>,67,3,[1 7],96,362,365,266,362
1,<environment.Job instance at 0x1458aed7a4b0>,66,2,[8 2],95,366,368,271,366
1,<environment.Job instance at 0x1458aed7a0f0>,69,1,[5 2],98,368,369,270,368
1,<environment.Job instance at 0x1458aed7a5a0>,70,1,[1 8],99,371,372,272,371
1,<environment.Job instance at 0x1458aed7a050>,68,18,[8 1],97,374,392,277,374
1,<environment.Job instance at 0x1458aed45140>,72,2,[5 2],102,381,383,279,381
1,<environment.Job instance at 0x1458aed45be0>,73,2,[1 7],104,386,388,282,386
1,<environment.Job instance at 0x1458aed455f0>,74,2,[5 2],105,391,393,286,391
1,<environment.Job instance at 0x1458aed45820>,75,1,[1 6],107,399,400,292,399
1,<environment.Job instance at 0x1458aed45f00>,76,12,[7 1],108,410,422,302,410
1,<environment.Job instance at 0x1458aed45af0>,77,2,[10  1],109,423,425,314,423
1,<environment.Job instance at 0x1458aed111e0>,78,3,[2 7],110,450,453,340,450
1,<environment.Job instance at 0x1458aed115f0>,79,17,[7 1],112,450,467,338,450
1,<environment.Job instance at 0x1458aed11500>,80,1,[2 5],114,470,471,356,470
1,<environment.Job instance at 0x1458aed11820>,81,3,[1 8],115,509,512,394,509
1,<environment.Job instance at 0x1458aed11230>,82,12,[7 2],117,509,521,392,509
1,<environment.Job instance at 0x1458aed112d0>,83,2,[7 2],119,514,516,395,514
1,<environment.Job instance at 0x1458aed11a00>,84,3,[ 2 10],121,516,519,395,514
1,<environment.Job instance at 0x1458aed11460>,85,14,[8 2],122,538,552,416,538
1,<environment.Job instance at 0x1458aed110a0>,86,2,[2 5],124,582,584,458,582
1,<environment.Job instance at 0x1458aed11f50>,87,1,[ 2 10],125,599,600,474,599
1,<environment.Job instance at 0x1458aed114b0>,88,14,[8 1],126,619,633,493,619
1,<environment.Job instance at 0x1458aed7ac30>,71,3,[1 7],100,640,643,540,640
1,<environment.Job instance at 0x1458aed11f00>,89,2,[ 1 10],127,643,645,516,640
1,<environment.Job instance at 0x1458aecda280>,91,21,[7 2],130,645,666,515,645
1,<environment.Job instance at 0x1458aed12280>,63,1,[2 8],91,657,658,566,657
1,<environment.Job instance at 0x1458aed78b90>,92,13,[5 2],131,664,677,533,664
1,<environment.Job instance at 0x1458aecda410>,90,3,[7 2],128,669,672,541,669
1,<environment.Job instance at 0x1458aecdae10>,93,3,[1 9],132,682,685,550,682
1,<environment.Job instance at 0x1458aec9f550>,95,3,[5 1],134,682,685,548,682
1,<environment.Job instance at 0x1458aec9f190>,97,12,[7 1],141,682,694,541,682
1,<environment.Job instance at 0x1458aec9fa50>,98,20,[8 2],142,685,705,543,682
1,<environment.Job instance at 0x1458aecda780>,94,1,[6 1],133,697,698,564,697
1,<environment.Job instance at 0x1458aec9f5f0>,99,2,[10  1],143,714,716,571,714
1,<environment.Job instance at 0x1458aec9faf0>,100,3,[1 9],144,739,742,595,739
1,<environment.Job instance at 0x1458aecf3140>,102,2,[2 7],151,742,744,591,741
1,<environment.Job instance at 0x1458aecf3c80>,103,2,[9 2],152,741,743,589,741
1,<environment.Job instance at 0x1458aecf38c0>,104,3,[5 2],153,759,762,606,759
1,<environment.Job instance at 0x1458aec9feb0>,96,3,[1 7],139,766,769,627,766
1,<environment.Job instance at 0x1458aecf33c0>,105,16,[7 2],154,770,786,616,770
1,<environment.Job instance at 0x1458aecf30f0>,107,18,[5 2],157,788,806,631,788
1,<environment.Job instance at 0x1458aecf30a0>,101,3,[1 8],148,796,799,648,796
1,<environment.Job instance at 0x1458aecf3960>,108,1,[1 8],158,1075,1076,917,1075
1,<environment.Job instance at 0x1458aecf3be0>,106,1,[ 2 10],155,1424,1425,1269,1424
1,<environment.Job instance at 0x1458aed51690>,111,3,[5 2],164,1556,1559,1392,1556
1,<environment.Job instance at 0x1458aed51050>,110,12,[2 9],163,1605,1617,1442,1605
1,<environment.Job instance at 0x1458aed51b90>,113,15,[8 2],166,1626,1641,1460,1626
1,<environment.Job instance at 0x1458aed51c80>,114,17,[10  1],168,1807,1824,1639,1807
1,<environment.Job instance at 0x1458aed513c0>,115,2,[ 2 12],170,1997,1999,1827,1997
1,<environment.Job instance at 0x1458aed51f00>,112,2,[ 2 10],165,2217,2219,2052,2217
1,<environment.Job instance at 0x1458aed51550>,117,3,[2 7],173,2319,2322,2146,2319
1,<environment.Job instance at 0x1458aed51500>,116,1,[6 2],171,2732,2733,2561,2732
1,<environment.Job instance at 0x1458aed51500>,3,1,[6 2],5,5,6,0,5
1,<environment.Job instance at 0x14586f63aaa0>,12,3,[5 1],20,47,50,27,47
1,<environment.Job instance at 0x14586f689a00>,33,3,[8 1],49,61,64,12,61
1,<environment.Job instance at 0x14586f689fa0>,34,3,[8 1],53,64,67,11,61
1,<environment.Job instance at 0x14586f689c80>,35,1,[10  1],54,67,68,13,61
1,<environment.Job instance at 0x14586f689140>,36,27,[1 7],55,61,88,6,61
1,<environment.Job instance at 0x14586f5915f0>,30,2,[2 5],46,87,89,41,87
1,<environment.Job instance at 0x14586f5b3d20>,42,2,[8 1],66,89,91,23,89
1,<environment.Job instance at 0x14586f525b90>,47,3,[2 8],72,91,94,19,91
1,<environment.Job instance at 0x14586f6a6dc0>,51,2,[8 2],78,91,93,13,91
1,<environment.Job instance at 0x14586f6a6730>,52,14,[9 1],80,93,107,13,91
1,<environment.Job instance at 0x14586f60a6e0>,53,3,[10  1],81,107,110,26,91
1,<environment.Job instance at 0x14586f60a690>,54,2,[1 7],82,94,96,12,91
1,<environment.Job instance at 0x14586f598820>,60,1,[2 8],90,106,107,16,106
1,<environment.Job instance at 0x14586f5b6e60>,61,1,[8 2],91,110,111,19,106
1,<environment.Job instance at 0x14586f7195f0>,55,15,[1 5],83,1475,1490,1392,1475
1,<environment.Job instance at 0x14586f595e60>,63,2,[6 1],94,1525,1527,1431,1525
1,<environment.Job instance at 0x14586f5969b0>,64,3,[10  1],96,2580,2583,2484,2580
1,<environment.Job instance at 0x14586f0d14b0>,6,23,[1 6],11,11,34,0,11
1,<environment.Job instance at 0x1458aed2a5f0>,27,26,[2 8],48,49,75,1,49
1,<environment.Job instance at 0x1458b53a3e60>,23,1,[1 9],42,75,76,33,57
1,<environment.Job instance at 0x14586f600960>,35,3,[10  2],64,69,72,5,69
1,<environment.Job instance at 0x14586f3c1a50>,39,2,[6 2],71,72,74,1,72
1,<environment.Job instance at 0x14586f32ab90>,42,2,[5 2],74,74,76,0,74
1,<environment.Job instance at 0x14586f32a410>,43,27,[1 7],75,76,103,1,75
1,<environment.Job instance at 0x1458b3dc60f0>,44,21,[1 8],76,87,108,11,87
1,<environment.Job instance at 0x1458b3dc6550>,52,2,[2 9],87,108,110,21,91
1,<environment.Job instance at 0x14586f490870>,57,1,[10  2],98,104,105,6,104
1,<environment.Job instance at 0x1458b3dc6f50>,46,2,[6 1],79,105,107,26,105
1,<environment.Job instance at 0x14586f670870>,63,1,[8 1],109,119,120,10,119
1,<environment.Job instance at 0x1458b5ea1cd0>,65,1,[2 9],114,121,122,7,121
1,<environment.Job instance at 0x14586f600e60>,37,1,[2 8],69,1313,1314,1244,1313
1,<environment.Job instance at 0x14586ef02370>,1,1,[1 7],2,2,3,0,2
1,<environment.Job instance at 0x14586f027690>,2,1,[6 2],3,3,4,0,3
1,<environment.Job instance at 0x14586efe87d0>,11,1,[8 1],14,14,15,0,14
1,<environment.Job instance at 0x14586efe8820>,12,1,[1 5],16,16,17,0,16
1,<environment.Job instance at 0x14586ef10cd0>,13,1,[10  1],18,18,19,0,18
1,<environment.Job instance at 0x14586eefd9b0>,16,25,[9 1],21,21,46,0,21
1,<environment.Job instance at 0x14586ef07d20>,18,21,[ 2 10],24,30,51,6,30
1,<environment.Job instance at 0x14586efca820>,20,15,[5 2],26,49,64,23,49
1,<environment.Job instance at 0x1458b3e06820>,34,1,[1 7],43,52,53,9,52
1,<environment.Job instance at 0x1458b36e2280>,36,1,[6 2],47,52,53,5,52
1,<environment.Job instance at 0x1458b36e2d20>,37,1,[5 1],48,53,54,5,52
1,<environment.Job instance at 0x14586f1b3c80>,29,17,[2 5],37,53,70,16,53
1,<environment.Job instance at 0x1458b36e2eb0>,39,3,[2 6],51,53,56,2,53
1,<environment.Job instance at 0x1458b53e2460>,40,2,[9 1],52,64,66,12,53
1,<environment.Job instance at 0x1458b36e2500>,38,1,[2 6],50,56,57,6,55
1,<environment.Job instance at 0x14586f1b90a0>,43,2,[9 2],56,66,68,10,56
1,<environment.Job instance at 0x14586f74a820>,44,3,[5 1],57,57,60,0,57
1,<environment.Job instance at 0x14586f763640>,45,2,[ 1 10],58,68,70,10,58
1,<environment.Job instance at 0x1458b53e2140>,42,2,[7 2],55,60,62,5,60
1,<environment.Job instance at 0x14586f757050>,48,1,[8 2],63,70,71,7,64
1,<environment.Job instance at 0x1458b3da1eb0>,49,17,[7 1],64,70,87,6,64
1,<environment.Job instance at 0x14586ee428c0>,9,1,[1 8],20,20,21,0,20
1,<environment.Job instance at 0x14586ee42960>,15,2,[ 1 10],26,27,29,1,27
1,<environment.Job instance at 0x14586ee42cd0>,16,3,[ 2 14],27,29,32,2,27
1,<environment.Job instance at 0x14586ee42e10>,17,1,[5 1],28,28,29,0,28
1,<environment.Job instance at 0x14586ee44320>,18,2,[2 6],29,32,34,3,29
1,<environment.Job instance at 0x14586ee44460>,19,1,[8 1],30,30,31,0,30
1,<environment.Job instance at 0x14586ee445a0>,20,1,[7 2],32,32,33,0,32
1,<environment.Job instance at 0x14586ee44a50>,28,1,[1 9],41,69,70,28,69
1,<environment.Job instance at 0x14586ee44b90>,30,1,[6 1],43,69,70,26,69
1,<environment.Job instance at 0x14586ee44c30>,31,3,[5 2],44,69,72,25,69
1,<environment.Job instance at 0x14586ee44cd0>,32,16,[7 1],45,70,86,25,69
1,<environment.Job instance at 0x14586ee44d70>,33,2,[8 2],46,72,74,26,69
1,<environment.Job instance at 0x14586ee44e10>,34,1,[9 2],47,86,87,39,69
1,<environment.Job instance at 0x14586ee46320>,36,26,[1 6],51,74,100,23,71
1,<environment.Job instance at 0x14586ee46280>,38,23,[2 6],54,83,106,29,83
1,<environment.Job instance at 0x14586ee46640>,41,1,[5 2],58,97,98,39,97
1,<environment.Job instance at 0x14586ee464b0>,42,1,[8 2],59,98,99,39,97
1,<environment.Job instance at 0x14586ee46370>,43,2,[7 2],61,99,101,38,97
1,<environment.Job instance at 0x14586ee46870>,45,2,[10  1],64,101,103,37,97
1,<environment.Job instance at 0x14586ee46960>,46,1,[9 1],65,103,104,38,97
1,<environment.Job instance at 0x14586ee46a50>,47,3,[5 1],66,104,107,38,97
1,<environment.Job instance at 0x14586ee42c30>,14,1,[8 2],25,127,128,102,127
1,<environment.Job instance at 0x14586ee46a00>,49,3,[12  1],69,134,137,65,134
1,<environment.Job instance at 0x14586ee48050>,50,20,[8 1],70,137,157,67,134
1,<environment.Job instance at 0x14586ee48640>,55,1,[2 6],80,165,166,85,165
1,<environment.Job instance at 0x14586ee42820>,13,28,[5 2],24,244,272,220,244
1,<environment.Job instance at 0x14586ee48870>,58,3,[11  1],89,280,283,191,280
1,<environment.Job instance at 0x14586ee48be0>,61,1,[8 1],93,283,284,190,280
1,<environment.Job instance at 0x14586ee4a410>,65,2,[5 2],103,290,292,187,290
1,<environment.Job instance at 0x14586ee4a190>,66,2,[7 2],104,290,292,186,290
1,<environment.Job instance at 0x14586ee4a5a0>,67,2,[5 2],106,292,294,186,290
1,<environment.Job instance at 0x14586ee4a4b0>,68,1,[ 2 10],107,290,291,183,290
1,<environment.Job instance at 0x14586ee4a640>,69,1,[6 2],108,292,293,184,290
1,<environment.Job instance at 0x14586ee4a5f0>,70,2,[ 1 12],109,293,295,184,290
1,<environment.Job instance at 0x14586ee4a690>,72,2,[5 2],111,294,296,183,290
1,<environment.Job instance at 0x14586ee4a7d0>,73,21,[5 1],112,293,314,181,290
1,<environment.Job instance at 0x14586ee4ab40>,77,2,[1 6],117,297,299,180,297
1,<environment.Job instance at 0x14586ee4aaf0>,78,2,[8 1],118,298,300,180,298
1,<environment.Job instance at 0x14586ee4ab90>,79,1,[2 7],120,299,300,179,298
1,<environment.Job instance at 0x14586ee4aeb0>,84,22,[ 2 10],127,301,323,174,301
1,<environment.Job instance at 0x14586ee4ccd0>,95,1,[2 6],142,323,324,181,309
1,<environment.Job instance at 0x14586ee4cd20>,97,1,[5 1],144,309,310,165,309
1,<environment.Job instance at 0x14586ee4f050>,102,2,[8 2],153,329,331,176,329
1,<environment.Job instance at 0x14586ee4f320>,104,3,[2 6],157,340,343,183,340
1,<environment.Job instance at 0x14586ee4f230>,105,2,[7 1],158,340,342,182,340
1,<environment.Job instance at 0x14586ee4f410>,106,21,[6 1],160,340,361,180,340
1,<environment.Job instance at 0x14586ee4f500>,107,3,[ 2 13],162,419,422,257,419
1,<environment.Job instance at 0x14586ee4f5a0>,109,1,[ 2 10],164,422,423,258,419
1,<environment.Job instance at 0x14586f1e0730>,111,1,[1 7],168,423,424,255,419
1,<environment.Job instance at 0x14586f56c140>,112,1,[1 7],170,423,424,253,419
1,<environment.Job instance at 0x14586eeba730>,114,27,[5 2],172,424,451,252,422
1,<environment.Job instance at 0x14586ee42320>,8,3,[2 8],18,426,429,408,426
1,<environment.Job instance at 0x14586eeba550>,116,1,[9 1],174,429,430,255,426
1,<environment.Job instance at 0x14586eeba3c0>,117,1,[ 2 10],175,430,431,255,426
1,<environment.Job instance at 0x14586ee42550>,7,2,[ 1 11],17,472,474,455,472
1,<environment.Job instance at 0x14586ee48a50>,60,3,[1 8],91,480,483,389,480
1,<environment.Job instance at 0x14586ee488c0>,59,13,[ 2 11],90,507,520,417,507
1,<environment.Job instance at 0x1458aecb01e0>,15,1,[1 9],23,23,24,0,23
1,<environment.Job instance at 0x1458b3dfbaf0>,9,2,[5 1],15,40,42,25,40
1,<environment.Job instance at 0x14586f4e8500>,21,3,[ 2 10],31,41,44,10,41
1,<environment.Job instance at 0x14586f4e8af0>,22,15,[6 1],33,41,56,8,41
1,<environment.Job instance at 0x14586f4e8550>,23,1,[9 2],34,44,45,10,42
1,<environment.Job instance at 0x14586f4e80a0>,24,1,[2 8],35,45,46,10,42
1,<environment.Job instance at 0x14586f4e8780>,25,1,[5 1],36,42,43,6,42
1,<environment.Job instance at 0x14586f4e81e0>,26,1,[8 1],38,46,47,8,43
1,<environment.Job instance at 0x14586f4e8c80>,27,1,[1 8],40,46,47,6,43
1,<environment.Job instance at 0x14586f4e85f0>,28,1,[2 9],41,47,48,6,43
1,<environment.Job instance at 0x14586f4e8320>,29,3,[1 9],42,49,52,7,49
1,<environment.Job instance at 0x1458ae28c780>,43,26,[8 1],58,102,128,44,102
1,<environment.Job instance at 0x1458ae27a780>,46,27,[6 1],61,115,142,54,115
1,<environment.Job instance at 0x1458ae266af0>,19,20,[ 2 11],28,136,156,108,136
1,<environment.Job instance at 0x1458ae27a0a0>,57,28,[14  1],78,159,187,81,159
1,<environment.Job instance at 0x1458ae28ae10>,64,2,[11  2],86,205,207,119,205
1,<environment.Job instance at 0x1458b3dfb370>,10,2,[ 2 10],16,205,207,189,205
1,<environment.Job instance at 0x1458ae1873c0>,74,1,[2 7],98,207,208,109,205
1,<environment.Job instance at 0x1458ae187c30>,75,2,[2 6],99,207,209,108,205
1,<environment.Job instance at 0x1458ae28a820>,69,2,[9 1],92,207,209,115,205
1,<environment.Job instance at 0x14586f1c10f0>,81,1,[2 8],107,210,211,103,210
1,<environment.Job instance at 0x1458aecb5500>,86,2,[1 8],113,243,245,130,243
1,<environment.Job instance at 0x1458ae266500>,20,16,[9 2],30,243,259,213,243
1,<environment.Job instance at 0x14586ee9bbe0>,91,1,[10  2],120,259,260,139,246
1,<environment.Job instance at 0x1458aec8d140>,88,16,[8 2],115,260,276,145,252
1,<environment.Job instance at 0x14586f1f5be0>,95,2,[5 1],124,260,262,136,260
1,<environment.Job instance at 0x1458ae24f910>,96,2,[7 2],125,262,264,137,260
1,<environment.Job instance at 0x1458b3429410>,97,1,[1 6],126,260,261,134,260
1,<environment.Job instance at 0x14586ee8de60>,98,3,[2 6],127,264,267,137,261
1,<environment.Job instance at 0x14586f425230>,104,1,[ 2 13],138,300,301,162,300
1,<environment.Job instance at 0x1458ae18faa0>,71,17,[5 2],94,316,333,222,316
1,<environment.Job instance at 0x14586f773be0>,117,1,[5 2],159,340,341,181,340
1,<environment.Job instance at 0x14586f324910>,125,26,[2 5],169,360,386,191,360
1,<environment.Job instance at 0x14586ef5d190>,93,1,[1 6],122,380,381,258,380
1,<environment.Job instance at 0x14586eefde60>,108,1,[5 1],142,383,384,241,383
1,<environment.Job instance at 0x14586f7a3f50>,137,2,[ 2 13],189,476,478,287,476
1,<environment.Job instance at 0x1458ae187690>,79,2,[12  1],105,478,480,373,478
1,<environment.Job instance at 0x1458b5df6f50>,1,28,[2 5],3,3,31,0,3
1,<environment.Job instance at 0x14586f4452d0>,7,1,[1 5],10,24,25,14,24
1,<environment.Job instance at 0x14586f52a320>,10,3,[2 5],15,28,31,13,28
1,<environment.Job instance at 0x14586f5b9410>,11,18,[5 2],17,29,47,12,29
1,<environment.Job instance at 0x14586f530c80>,12,1,[1 6],18,39,40,21,39
1,<environment.Job instance at 0x14586f343e60>,13,2,[2 6],20,43,45,23,43
1,<environment.Job instance at 0x14586f69b820>,14,2,[6 2],21,48,50,27,48
1,<environment.Job instance at 0x1458ae225fa0>,17,3,[10  1],27,58,61,31,58
1,<environment.Job instance at 0x1458ae2255a0>,24,3,[2 7],34,58,61,24,58
1,<environment.Job instance at 0x1458ae2255f0>,25,1,[7 1],35,61,62,26,58
1,<environment.Job instance at 0x1458ae225af0>,26,2,[7 2],36,61,63,25,58
1,<environment.Job instance at 0x1458ae225910>,23,25,[9 1],33,63,88,30,59
1,<environment.Job instance at 0x1458ae225d70>,27,13,[10  1],38,88,101,50,84
1,<environment.Job instance at 0x14586f6c89b0>,36,1,[7 2],51,101,102,50,92
1,<environment.Job instance at 0x1458ae143820>,37,3,[9 1],52,102,105,50,101
1,<environment.Job instance at 0x14586f6c8780>,38,15,[6 1],53,101,116,48,101
1,<environment.Job instance at 0x1458b53a7f00>,39,1,[2 5],54,105,106,51,105
1,<environment.Job instance at 0x1458b53a70a0>,40,2,[1 5],56,105,107,49,105
1,<environment.Job instance at 0x1458b53a7960>,41,3,[2 8],57,115,118,58,115
1,<environment.Job instance at 0x1458b53a7aa0>,42,17,[10  1],58,116,133,58,115
1,<environment.Job instance at 0x1458b53a7f50>,43,26,[5 2],59,120,146,61,120
1,<environment.Job instance at 0x1458ac89eb90>,44,1,[8 2],60,136,137,76,136
1,<environment.Job instance at 0x1458ac89e730>,45,2,[2 6],61,141,143,80,141
1,<environment.Job instance at 0x1458ac89ec80>,46,3,[1 9],62,143,146,81,142
1,<environment.Job instance at 0x1458ac89eaa0>,47,2,[1 7],64,149,151,85,149
1,<environment.Job instance at 0x1458ac89ecd0>,48,3,[2 9],65,153,156,88,153
1,<environment.Job instance at 0x1458ac89efa0>,49,2,[6 1],66,154,156,88,154
1,<environment.Job instance at 0x1458ac89e050>,50,1,[5 1],67,156,157,89,156
1,<environment.Job instance at 0x14586f5b91e0>,8,2,[2 8],11,295,297,284,295
1,<environment.Job instance at 0x1458ac89e370>,52,2,[7 1],70,329,331,259,329
1,<environment.Job instance at 0x14586f5a2d70>,9,24,[2 9],12,607,631,595,607
1,<environment.Job instance at 0x1458ac89ee10>,54,1,[ 1 10],75,680,681,605,680
1,<environment.Job instance at 0x1458ac89edc0>,53,14,[5 2],74,742,756,668,742
1,<environment.Job instance at 0x1458ac89e1e0>,56,2,[9 2],78,783,785,705,783
1,<environment.Job instance at 0x14586f5a2960>,5,16,[ 1 11],7,803,819,796,803
1,<environment.Job instance at 0x14586f59db90>,59,22,[2 9],83,819,841,736,812
1,<environment.Job instance at 0x14586f76c460>,64,1,[ 1 12],94,841,842,747,830
1,<environment.Job instance at 0x14586f76c870>,65,1,[10  2],95,830,831,735,830
1,<environment.Job instance at 0x1458aed42140>,71,3,[5 1],103,872,875,769,872
1,<environment.Job instance at 0x1458ac91cb40>,72,2,[13  1],104,875,877,771,872
1,<environment.Job instance at 0x1458ac91c500>,73,1,[12  2],105,877,878,772,872
1,<environment.Job instance at 0x1458ac8fb5f0>,74,1,[5 1],106,872,873,766,872
1,<environment.Job instance at 0x14586ecac7d0>,75,3,[8 1],107,878,881,771,872
1,<environment.Job instance at 0x1458b3dc4f50>,76,2,[6 2],108,873,875,765,872
1,<environment.Job instance at 0x14586f2a36e0>,77,3,[9 2],109,881,884,772,872
1,<environment.Job instance at 0x14586ecacaa0>,78,2,[1 6],116,872,874,756,872
1,<environment.Job instance at 0x14586f290eb0>,81,1,[7 1],123,897,898,774,897
1,<environment.Job instance at 0x14586f405f50>,85,2,[5 1],128,903,905,775,903
1,<environment.Job instance at 0x14586f405cd0>,87,1,[7 2],130,904,905,774,904
1,<environment.Job instance at 0x1458ae080a50>,90,2,[2 5],135,929,931,794,929
1,<environment.Job instance at 0x1458ae0805a0>,91,1,[1 9],136,929,930,793,929
1,<environment.Job instance at 0x14586f34aaf0>,93,1,[1 8],138,930,931,792,929
1,<environment.Job instance at 0x14586ec23c80>,94,20,[7 2],139,930,950,791,929
1,<environment.Job instance at 0x14586f503af0>,99,1,[8 1],146,940,941,794,940
1,<environment.Job instance at 0x14586f503dc0>,101,2,[1 6],148,944,946,796,944
1,<environment.Job instance at 0x14586f5032d0>,102,1,[2 5],149,944,945,795,944
1,<environment.Job instance at 0x14586f641aa0>,104,1,[ 1 13],151,948,949,797,948
1,<environment.Job instance at 0x1458ae045820>,57,3,[2 7],79,966,969,887,966
1,<environment.Job instance at 0x14586f6415a0>,106,1,[5 2],153,991,992,838,991
1,<environment.Job instance at 0x1458ac89ee60>,55,3,[1 9],76,1089,1092,1013,1089
1,<environment.Job instance at 0x1458ac89e500>,51,16,[2 6],68,1314,1330,1246,1314
1,<environment.Job instance at 0x1458ac8a12d0>,109,2,[5 1],164,1318,1320,1154,1318
1,<environment.Job instance at 0x1458ac8a1d20>,110,2,[1 6],165,1318,1320,1153,1318
1,<environment.Job instance at 0x1458acbbbcd0>,111,2,[1 8],166,1324,1326,1158,1324
1,<environment.Job instance at 0x1458acbbb6e0>,112,1,[6 1],167,1324,1325,1157,1324
1,<environment.Job instance at 0x1458acbbb2d0>,113,18,[10  2],169,1326,1344,1157,1325
1,<environment.Job instance at 0x14586f651d70>,114,1,[6 1],170,1344,1345,1174,1333
1,<environment.Job instance at 0x14586f651280>,115,1,[2 9],171,1336,1337,1165,1336
1,<environment.Job instance at 0x14586f651230>,116,1,[1 5],172,1337,1338,1165,1337
1,<environment.Job instance at 0x14586f485820>,108,1,[11  1],163,2566,2567,2403,2566
1,<environment.Job instance at 0x1458ac8a1be0>,1,1,[ 2 10],2,2,3,0,2
1,<environment.Job instance at 0x14586efb1780>,5,1,[9 2],8,9,10,1,9
1,<environment.Job instance at 0x14586efb1b90>,7,2,[1 5],10,10,12,0,10
1,<environment.Job instance at 0x14586efb1c30>,9,2,[10  2],12,12,14,0,12
1,<environment.Job instance at 0x14586efb1d20>,11,1,[1 5],15,15,16,0,15
1,<environment.Job instance at 0x14586efb17d0>,12,2,[1 9],16,16,18,0,16
1,<environment.Job instance at 0x14586ef85320>,13,2,[1 7],19,19,21,0,19
1,<environment.Job instance at 0x14586ef855a0>,15,19,[5 2],21,29,48,8,29
1,<environment.Job instance at 0x14586ef85d70>,24,1,[1 6],31,31,32,0,31
1,<environment.Job instance at 0x14586ef85fa0>,25,3,[6 1],32,32,35,0,32
1,<environment.Job instance at 0x14586efa7640>,28,3,[2 8],36,37,40,1,37
1,<environment.Job instance at 0x14586efa7820>,30,3,[1 8],38,40,43,2,38
1,<environment.Job instance at 0x14586efa7960>,31,2,[2 5],40,40,42,0,40
1,<environment.Job instance at 0x14586efa7a50>,32,3,[1 9],41,43,46,2,41
1,<environment.Job instance at 0x14586efa7d20>,34,12,[6 1],43,43,55,0,43
1,<environment.Job instance at 0x14586efa7e60>,35,13,[8 1],44,48,61,4,44
1,<environment.Job instance at 0x14586efa7fa0>,36,3,[2 8],45,55,58,10,45
1,<environment.Job instance at 0x14586efa7f50>,37,2,[1 7],46,46,48,0,46
1,<environment.Job instance at 0x1458b3e6d190>,38,2,[1 6],47,48,50,1,47
1,<environment.Job instance at 0x1458b3e6d500>,40,1,[2 7],50,58,59,8,50
1,<environment.Job instance at 0x1458b3e6d5f0>,41,3,[8 2],51,61,64,10,51
1,<environment.Job instance at 0x1458b3e6d780>,42,3,[ 2 10],52,59,62,7,52
1,<environment.Job instance at 0x1458b3e6d8c0>,43,2,[9 1],54,64,66,10,54
1,<environment.Job instance at 0x1458b3e6d9b0>,44,1,[2 5],55,55,56,0,55
1,<environment.Job instance at 0x1458b3e6db40>,45,3,[1 8],57,62,65,5,57
1,<environment.Job instance at 0x14586efa10a0>,46,2,[2 8],60,65,67,5,60
1,<environment.Job instance at 0x14586ef9abe0>,47,17,[1 8],62,67,84,5,62
1,<environment.Job instance at 0x14586ef9a6e0>,53,3,[1 8],69,84,87,15,71
1,<environment.Job instance at 0x14586ef9a730>,54,2,[2 9],70,87,89,17,71
1,<environment.Job instance at 0x14586ef9a140>,55,2,[8 2],71,71,73,0,71
1,<environment.Job instance at 0x14586f247230>,56,2,[8 1],72,73,75,1,72
1,<environment.Job instance at 0x14586f2bc730>,58,1,[ 2 10],75,89,90,14,75
1,<environment.Job instance at 0x1458b3d9daf0>,59,3,[ 2 10],77,90,93,13,77
1,<environment.Job instance at 0x14586ef9a9b0>,52,3,[10  1],68,96,99,28,96
1,<environment.Job instance at 0x14586ef85a00>,22,1,[10  1],28,101,102,73,101
1,<environment.Job instance at 0x1458ae07b280>,62,16,[5 1],81,102,118,21,102
1,<environment.Job instance at 0x1458b42afbe0>,63,3,[2 5],83,110,113,27,110
1,<environment.Job instance at 0x14586f2cd050>,61,13,[1 7],80,125,138,45,125
1,<environment.Job instance at 0x1458aec4caa0>,64,13,[1 5],84,175,188,91,175
1,<environment.Job instance at 0x1458b53c2d20>,66,23,[2 5],87,175,198,88,175
1,<environment.Job instance at 0x14586f362eb0>,67,1,[6 1],88,187,188,99,187
1,<environment.Job instance at 0x1458b535c460>,68,18,[8 2],89,188,206,99,187
1,<environment.Job instance at 0x14586ef9a370>,51,3,[8 1],67,219,222,152,219
1,<environment.Job instance at 0x14586f094460>,70,3,[2 6],91,236,239,145,236
1,<environment.Job instance at 0x14586f2650a0>,71,3,[2 6],92,306,309,214,306
1,<environment.Job instance at 0x14586f2c3dc0>,72,1,[5 2],93,316,317,223,316
1,<environment.Job instance at 0x14586f2c33c0>,73,3,[7 1],94,337,340,243,337
1,<environment.Job instance at 0x14586f2c3e60>,74,2,[2 6],95,338,340,243,338
1,<environment.Job instance at 0x14586f2db2d0>,75,3,[2 7],97,342,345,245,342
1,<environment.Job instance at 0x14586f2db0f0>,76,18,[1 6],98,344,362,246,344
1,<environment.Job instance at 0x1458b53c2b40>,65,15,[5 1],86,400,415,314,400
1,<environment.Job instance at 0x14586f2db230>,77,3,[1 5],100,420,423,320,420
1,<environment.Job instance at 0x1458aec52a00>,79,17,[11  2],102,498,515,396,498
1,<environment.Job instance at 0x1458aec522d0>,80,15,[1 5],103,518,533,415,518
1,<environment.Job instance at 0x1458aec52230>,81,3,[2 5],105,527,530,422,527
1,<environment.Job instance at 0x1458aec52e10>,82,2,[6 2],106,546,548,440,546
1,<environment.Job instance at 0x1458ae0778c0>,69,16,[2 9],90,950,966,860,950
1,<environment.Job instance at 0x1458aec524b0>,84,2,[9 1],109,950,952,841,950
1,<environment.Job instance at 0x1458aec52050>,85,18,[2 5],110,950,968,840,950
1,<environment.Job instance at 0x1458aec52dc0>,86,3,[10  2],111,966,969,855,950
1,<environment.Job instance at 0x1458aec52c80>,87,1,[6 1],114,953,954,839,953
1,<environment.Job instance at 0x1458aec52b40>,88,3,[10  1],115,954,957,839,953
1,<environment.Job instance at 0x1458aec52be0>,89,3,[6 2],116,969,972,853,955
1,<environment.Job instance at 0x1458aec52fa0>,90,18,[ 1 14],117,1008,1026,891,1008
1,<environment.Job instance at 0x1458aec521e0>,91,2,[7 1],118,1008,1010,890,1008
1,<environment.Job instance at 0x1458aec525f0>,92,3,[10  1],119,1010,1013,891,1009
1,<environment.Job instance at 0x1458aec52d20>,93,1,[6 1],120,1013,1014,893,1009
1,<environment.Job instance at 0x1458aec52960>,78,2,[2 8],101,1048,1050,947,1048
1,<environment.Job instance at 0x14586efa75f0>,29,17,[12  1],37,1103,1120,1066,1103
1,<environment.Job instance at 0x1458aec52780>,95,1,[2 7],122,1276,1277,1154,1276
1,<environment.Job instance at 0x14586eebaeb0>,10,1,[7 2],16,16,17,0,16
1,<environment.Job instance at 0x14586eebad70>,15,3,[6 1],24,25,28,1,25
1,<environment.Job instance at 0x14586f077550>,18,3,[6 1],28,28,31,0,28
1,<environment.Job instance at 0x14586f077e10>,20,15,[7 1],30,30,45,0,30
1,<environment.Job instance at 0x14586eec6d70>,37,2,[1 8],51,55,57,4,55
1,<environment.Job instance at 0x14586ee4f870>,68,3,[10  1],92,271,274,179,271
1,<environment.Job instance at 0x14586ee4fbe0>,69,3,[10  1],93,274,277,181,271
1,<environment.Job instance at 0x14586ee4fe60>,70,1,[8 1],94,277,278,183,271
1,<environment.Job instance at 0x14586ee4fb90>,71,17,[7 2],96,277,294,181,271
1,<environment.Job instance at 0x14586f1f5dc0>,72,13,[2 5],97,288,301,191,288
1,<environment.Job instance at 0x14586f1f5320>,73,2,[6 1],99,288,290,189,288
1,<environment.Job instance at 0x14586f1f5910>,74,16,[6 1],100,290,306,190,288
1,<environment.Job instance at 0x14586f1f51e0>,75,1,[ 1 10],102,301,302,199,288
1,<environment.Job instance at 0x14586f1f5820>,76,3,[9 1],104,302,305,198,291
1,<environment.Job instance at 0x14586f1f59b0>,77,1,[8 2],106,301,302,195,291
1,<environment.Job instance at 0x14586f1f5280>,78,3,[1 5],107,294,297,187,292
1,<environment.Job instance at 0x14586f1f5d20>,79,1,[10  1],109,306,307,197,293
1,<environment.Job instance at 0x14586f1f5b90>,80,3,[8 1],110,307,310,197,293
1,<environment.Job instance at 0x14586f1d45f0>,81,2,[8 1],111,310,312,199,293
1,<environment.Job instance at 0x14586f1d46e0>,82,1,[5 2],112,294,295,182,293
1,<environment.Job instance at 0x14586ee4f2d0>,67,1,[14  1],91,312,313,221,300
1,<environment.Job instance at 0x14586f1d42d0>,83,3,[1 7],113,305,308,192,300
1,<environment.Job instance at 0x14586f1d4230>,86,2,[5 2],117,307,309,190,300
1,<environment.Job instance at 0x14586f1d4640>,88,1,[8 2],119,305,306,186,300
1,<environment.Job instance at 0x14586f1d4410>,90,1,[10  1],121,313,314,192,300
1,<environment.Job instance at 0x14586ec49fa0>,97,1,[2 5],128,308,309,180,308
1,<environment.Job instance at 0x14586f1d4f50>,91,2,[ 1 10],122,332,334,210,332
1,<environment.Job instance at 0x1458b33a8be0>,99,2,[1 9],132,334,336,202,333
1,<environment.Job instance at 0x1458aefd8910>,100,2,[2 5],133,337,339,204,337
1,<environment.Job instance at 0x14586ecadd70>,101,3,[1 5],136,341,344,205,341
1,<environment.Job instance at 0x14586ecad780>,102,1,[8 1],137,341,342,204,341
1,<environment.Job instance at 0x14586ecade10>,103,2,[8 2],138,343,345,205,343
1,<environment.Job instance at 0x14586ecad910>,104,14,[9 2],139,350,364,211,350
1,<environment.Job instance at 0x14586ecadf00>,105,2,[5 2],140,350,352,210,350
1,<environment.Job instance at 0x1458ac90f5f0>,106,3,[1 5],141,358,361,217,358
1,<environment.Job instance at 0x14586ecadaf0>,107,1,[1 5],143,361,362,218,361
1,<environment.Job instance at 0x1458af04d410>,108,16,[8 1],144,364,380,220,361
1,<environment.Job instance at 0x14586ecd81e0>,45,3,[2 6],62,818,821,756,818
1,<environment.Job instance at 0x14586eebae60>,16,16,[ 2 10],25,1236,1252,1211,1236
1,<environment.Job instance at 0x1458aec31640>,111,3,[1 7],148,1353,1356,1205,1353
1,<environment.Job instance at 0x1458af04d4b0>,112,3,[7 1],149,1401,1404,1252,1401
1,<environment.Job instance at 0x1458aecb3690>,113,2,[2 7],150,1865,1867,1715,1865
1,<environment.Job instance at 0x1458aefa60f0>,8,1,[ 2 10],11,11,12,0,11
1,<environment.Job instance at 0x1458ae047820>,10,1,[1 5],14,14,15,0,14
1,<environment.Job instance at 0x1458ae295aa0>,17,3,[2 7],21,23,26,2,23
1,<environment.Job instance at 0x1458af050fa0>,22,13,[8 1],26,26,39,0,26
1,<environment.Job instance at 0x1458ac91cc30>,23,1,[6 1],27,27,28,0,27
1,<environment.Job instance at 0x14586efa7410>,24,2,[ 1 10],28,28,30,0,28
1,<environment.Job instance at 0x1458b3dc4eb0>,25,1,[5 1],29,29,30,0,29
1,<environment.Job instance at 0x1458b3dc4c30>,26,3,[5 2],30,30,33,0,30
1,<environment.Job instance at 0x14586ecd39b0>,27,17,[6 2],34,34,51,0,34
1,<environment.Job instance at 0x14586f794c80>,30,2,[8 2],37,43,45,6,43
1,<environment.Job instance at 0x14586f794230>,32,1,[8 2],39,48,49,9,48
1,<environment.Job instance at 0x14586f794a50>,34,28,[ 2 10],41,49,77,8,49
1,<environment.Job instance at 0x14586ed03460>,37,2,[1 8],47,77,79,30,52
1,<environment.Job instance at 0x14586ed03d70>,38,1,[5 1],48,52,53,4,52
1,<environment.Job instance at 0x14586f794e10>,31,2,[11  1],38,260,262,222,260
1,<environment.Job instance at 0x14586f794190>,33,12,[1 8],40,294,306,254,294
1,<environment.Job instance at 0x14586f66ea00>,18,18,[ 2 11],22,338,356,316,338
1,<environment.Job instance at 0x1458acbb2a00>,54,1,[1 5],70,357,358,287,357
1,<environment.Job instance at 0x14586f77f910>,55,3,[2 8],71,362,365,291,362
1,<environment.Job instance at 0x14586f499230>,51,2,[ 1 11],67,366,368,299,366
1,<environment.Job instance at 0x14586f77f820>,56,12,[7 2],72,373,385,301,373
1,<environment.Job instance at 0x1458b535c460>,73,26,[5 2],102,388,414,286,388
1,<environment.Job instance at 0x1458aec526e0>,84,23,[9 1],120,435,458,315,435
1,<environment.Job instance at 0x1458b3d970f0>,52,2,[1 8],68,505,507,437,505
1,<environment.Job instance at 0x1458b53c2be0>,58,17,[ 1 10],76,1622,1639,1546,1622
1,<environment.Job instance at 0x1458ae077730>,109,1,[14  2],156,1646,1647,1490,1646
1,<environment.Job instance at 0x1458ae077320>,110,2,[6 2],157,1656,1658,1499,1656
1,<environment.Job instance at 0x1458ae0775a0>,111,13,[6 1],158,1664,1677,1506,1664
1,<environment.Job instance at 0x1458ae077b90>,112,2,[1 9],159,1672,1674,1513,1672
1,<environment.Job instance at 0x1458aec4c730>,113,3,[6 2],160,1692,1695,1532,1692
1,<environment.Job instance at 0x1458aec4c190>,114,3,[5 2],162,1724,1727,1562,1724
1,<environment.Job instance at 0x1458ae0776e0>,108,3,[ 1 10],155,1739,1742,1584,1739
1,<environment.Job instance at 0x1458ae077fa0>,107,2,[14  2],154,1741,1743,1587,1741
1,<environment.Job instance at 0x1458aec4ca50>,115,2,[1 8],163,1742,1744,1579,1742
1,<environment.Job instance at 0x1458aec4c4b0>,116,17,[9 1],164,1782,1799,1618,1782
1,<environment.Job instance at 0x14586f66e050>,21,2,[ 1 13],25,1834,1836,1809,1834
1,<environment.Job instance at 0x1458b3e83cd0>,53,16,[ 1 12],69,1853,1869,1784,1853
1,<environment.Job instance at 0x1458aec4c690>,118,14,[2 8],168,2509,2523,2341,2509
1,<environment.Job instance at 0x14586f39df50>,1,1,[ 2 10],2,3,4,1,3
1,<environment.Job instance at 0x14586f3b4870>,11,2,[14  1],17,47,49,30,47
1,<environment.Job instance at 0x14586f3b4d70>,19,1,[2 9],28,49,50,21,47
1,<environment.Job instance at 0x14586f3b4fa0>,23,17,[7 1],35,51,68,16,51
1,<environment.Job instance at 0x14586ee6a050>,35,2,[2 6],60,77,79,17,77
1,<environment.Job instance at 0x14586ee6a370>,36,17,[1 9],61,80,97,19,80
1,<environment.Job instance at 0x14586ee6a3c0>,38,1,[8 1],63,80,81,17,80
1,<environment.Job instance at 0x14586ee6a690>,39,1,[6 1],64,80,81,16,80
1,<environment.Job instance at 0x14586ee6a730>,40,1,[1 9],68,97,98,29,80
1,<environment.Job instance at 0x14586ee6a820>,42,17,[6 1],73,81,98,8,80
1,<environment.Job instance at 0x14586ee6a8c0>,43,1,[2 8],74,98,99,24,80
1,<environment.Job instance at 0x14586f3b4a00>,14,18,[10  2],22,98,116,76,91
1,<environment.Job instance at 0x14586ee554b0>,48,3,[5 2],87,92,95,5,92
1,<environment.Job instance at 0x14586ee555f0>,50,3,[1 5],90,95,98,5,94
1,<environment.Job instance at 0x14586ee55690>,51,1,[9 1],91,116,117,25,94
1,<environment.Job instance at 0x14586ee553c0>,52,2,[1 7],93,99,101,6,94
1,<environment.Job instance at 0x14586ee559b0>,53,2,[2 5],94,98,100,4,94
1,<environment.Job instance at 0x14586ee5f370>,60,18,[8 2],102,117,135,15,114
1,<environment.Job instance at 0x14586ee5fb90>,69,18,[7 2],119,142,160,23,142
1,<environment.Job instance at 0x14586ee551e0>,47,2,[6 2],82,206,208,124,206
1,<environment.Job instance at 0x14586ee65730>,84,3,[2 9],136,208,211,72,208
1,<environment.Job instance at 0x14586ee656e0>,85,2,[1 9],138,214,216,76,214
1,<environment.Job instance at 0x14586f3b48c0>,13,1,[5 2],21,233,234,212,233
1,<environment.Job instance at 0x14586f3b4550>,12,14,[6 2],20,243,257,223,243
1,<environment.Job instance at 0x14586ee65b90>,87,3,[9 1],141,253,256,112,253
1,<environment.Job instance at 0x14586ee65aa0>,88,3,[1 8],143,256,259,113,255
1,<environment.Job instance at 0x14586ee65eb0>,90,1,[2 5],148,256,257,108,256
1,<environment.Job instance at 0x14586ee65f00>,92,17,[1 6],150,291,308,141,291
1,<environment.Job instance at 0x14586ee65d70>,93,17,[10  2],151,305,322,154,305
1,<environment.Job instance at 0x14586ee65c80>,94,12,[1 7],152,315,327,163,315
1,<environment.Job instance at 0x14586ee65d20>,89,2,[5 1],147,329,331,182,329
1,<environment.Job instance at 0x14586ee69050>,96,3,[9 1],157,360,363,203,360
1,<environment.Job instance at 0x14586ee69320>,97,27,[9 2],158,363,390,205,361
1,<environment.Job instance at 0x14586ee69140>,95,2,[11  1],154,390,392,236,382
1,<environment.Job instance at 0x14586ee694b0>,99,3,[1 6],160,383,386,223,383
1,<environment.Job instance at 0x14586ee69550>,100,1,[6 1],161,386,387,225,385
1,<environment.Job instance at 0x14586ee695f0>,101,1,[1 5],162,392,393,230,392
1,<environment.Job instance at 0x14586f3627d0>,102,2,[1 7],163,401,403,238,401
1,<environment.Job instance at 0x14586f3b11e0>,103,3,[1 7],164,414,417,250,414
1,<environment.Job instance at 0x14586f3b1190>,104,1,[1 8],165,420,421,255,420
1,<environment.Job instance at 0x14586f3b1410>,105,2,[2 5],166,425,427,259,425
1,<environment.Job instance at 0x14586ee69280>,98,2,[7 1],159,437,439,278,437
1,<environment.Job instance at 0x14586f3b1870>,106,3,[1 9],167,439,442,272,439
1,<environment.Job instance at 0x14586f2105f0>,108,1,[2 9],169,460,461,291,460
1,<environment.Job instance at 0x14586f210500>,107,3,[8 1],168,464,467,296,464
1,<environment.Job instance at 0x14586f1fd0f0>,109,3,[1 9],172,465,468,293,465
1,<environment.Job instance at 0x14586ec30a00>,111,3,[1 7],174,469,472,295,469
1,<environment.Job instance at 0x14586ee65f50>,91,2,[1 8],149,472,474,323,472
1,<environment.Job instance at 0x14586ec304b0>,110,1,[9 1],173,473,474,300,473
1,<environment.Job instance at 0x14586ee0ba50>,114,3,[5 1],178,479,482,301,479
1,<environment.Job instance at 0x14586ee0f6e0>,113,16,[10  1],176,481,497,305,481
1,<environment.Job instance at 0x14586f3ae370>,115,3,[9 2],179,497,500,318,488
1,<environment.Job instance at 0x14586f3ae9b0>,117,2,[ 1 10],181,491,493,310,491
1,<environment.Job instance at 0x14586f3aef00>,118,1,[9 1],182,500,501,318,493
1,<environment.Job instance at 0x14586f3aea00>,119,2,[1 5],183,494,496,311,494
1,<environment.Job instance at 0x14586f3ae960>,120,1,[6 2],184,497,498,313,494
1,<environment.Job instance at 0x14586f3ae690>,121,3,[7 2],186,501,504,315,495
1,<environment.Job instance at 0x14586ee0bf00>,112,2,[1 8],175,1148,1150,973,1148
1,<environment.Job instance at 0x14586f3aeaa0>,123,19,[5 1],188,1257,1276,1069,1257
1,<environment.Job instance at 0x14586f3aea50>,122,13,[1 6],187,2721,2734,2534,2721
1,<environment.Job instance at 0x14586f602be0>,12,1,[1 5],21,25,26,4,25
1,<environment.Job instance at 0x14586f602b40>,13,21,[6 2],22,25,46,3,25
1,<environment.Job instance at 0x14586eeab7d0>,22,18,[6 1],36,45,63,9,45
1,<environment.Job instance at 0x14586eeab730>,26,27,[7 1],41,56,83,15,56
1,<environment.Job instance at 0x14586eeab410>,30,2,[2 6],46,68,70,22,68
1,<environment.Job instance at 0x14586eeab0a0>,31,2,[9 1],48,83,85,35,68
1,<environment.Job instance at 0x14586eeab550>,32,2,[8 1],50,70,72,20,68
1,<environment.Job instance at 0x14586eeab230>,33,1,[ 1 10],53,72,73,19,68
1,<environment.Job instance at 0x14586f7a2820>,34,1,[8 1],54,73,74,19,68
1,<environment.Job instance at 0x14586f7a2730>,35,1,[8 1],55,74,75,19,68
1,<environment.Job instance at 0x14586f7a22d0>,39,1,[2 7],63,68,69,5,68
1,<environment.Job instance at 0x14586f7a2140>,43,3,[1 8],68,75,78,7,74
1,<environment.Job instance at 0x14586f7747d0>,44,3,[2 9],72,78,81,6,75
1,<environment.Job instance at 0x14586f774050>,45,1,[8 2],74,81,82,7,75
1,<environment.Job instance at 0x14586f774dc0>,46,3,[7 1],76,85,88,9,76
1,<environment.Job instance at 0x14586ec30690>,65,1,[2 9],109,129,130,20,129
1,<environment.Job instance at 0x1458ac92cbe0>,66,1,[2 6],110,129,130,19,129
1,<environment.Job instance at 0x1458ae19c640>,68,1,[8 2],113,130,131,17,129
1,<environment.Job instance at 0x14586f7b63c0>,72,2,[13  1],118,295,297,177,295
1,<environment.Job instance at 0x14586f39a460>,74,3,[6 2],120,297,300,177,295
1,<environment.Job instance at 0x14586f6027d0>,6,3,[ 2 10],10,295,298,285,295
1,<environment.Job instance at 0x14586f6026e0>,5,1,[7 2],8,297,298,289,295
1,<environment.Job instance at 0x1458b33a5a00>,76,1,[7 1],124,301,302,177,301
1,<environment.Job instance at 0x14586f3b1cd0>,84,2,[6 2],134,306,308,172,306
1,<environment.Job instance at 0x14586f3b1d20>,88,1,[6 2],140,318,319,178,318
1,<environment.Job instance at 0x14586f080aa0>,90,1,[1 7],142,321,322,179,321
1,<environment.Job instance at 0x14586ecc1fa0>,92,2,[ 1 10],146,322,324,176,321
1,<environment.Job instance at 0x14586ecc1e60>,97,24,[9 2],151,342,366,191,342
1,<environment.Job instance at 0x14586ecbedc0>,100,2,[6 2],155,344,346,189,344
1,<environment.Job instance at 0x14586ecbe780>,101,16,[5 1],158,352,368,194,352
1,<environment.Job instance at 0x14586ecbe870>,103,1,[1 9],160,352,353,192,352
1,<environment.Job instance at 0x14586ecbe460>,104,1,[10  2],161,366,367,205,352
1,<environment.Job instance at 0x14586ecbe280>,105,3,[1 7],164,353,356,189,352
1,<environment.Job instance at 0x1458b37040a0>,106,1,[6 2],165,367,368,202,352
1,<environment.Job instance at 0x14586ecbed20>,108,2,[7 2],167,368,370,201,359
1,<environment.Job instance at 0x14586ecc5a50>,109,13,[6 1],168,368,381,200,359
1,<environment.Job instance at 0x14586ecc5cd0>,110,2,[1 5],169,359,361,190,359
1,<environment.Job instance at 0x14586ecc5d70>,111,2,[6 1],170,370,372,200,359
1,<environment.Job instance at 0x14586ecc5690>,112,15,[2 8],172,367,382,195,360
1,<environment.Job instance at 0x14586ecc5410>,113,17,[8 1],173,381,398,208,375
1,<environment.Job instance at 0x14586ecc5230>,118,1,[2 5],182,375,376,193,375
1,<environment.Job instance at 0x14586f614230>,122,2,[5 2],189,377,379,188,377
1,<environment.Job instance at 0x1458ae294460>,116,16,[8 1],180,398,414,218,396
1,<environment.Job instance at 0x14586f602190>,4,1,[1 5],7,403,404,396,403
1,<environment.Job instance at 0x1458ae1f7780>,77,1,[1 5],125,405,406,280,405
1,<environment.Job instance at 0x14586ecd7320>,81,15,[5 2],130,430,445,300,430
1,<environment.Job instance at 0x1458ac40f190>,2,1,[2 5],4,4,5,0,4
1,<environment.Job instance at 0x14586f290e60>,9,23,[2 9],12,13,36,1,13
1,<environment.Job instance at 0x14586efc5320>,23,1,[10  1],37,37,38,0,37
1,<environment.Job instance at 0x1458b3d6e5f0>,35,3,[1 8],54,205,208,151,205
1,<environment.Job instance at 0x1458b3d6e9b0>,37,1,[7 2],56,231,232,175,231
1,<environment.Job instance at 0x1458b3d6e960>,34,1,[2 9],49,298,299,249,298
1,<environment.Job instance at 0x1458ae210aa0>,50,1,[2 9],78,299,300,221,298
1,<environment.Job instance at 0x1458b3d6ee60>,33,3,[2 9],48,300,303,252,298
1,<environment.Job instance at 0x1458ae210910>,52,14,[13  1],83,298,312,215,298
1,<environment.Job instance at 0x1458ae2100a0>,53,3,[6 2],85,312,315,227,300
1,<environment.Job instance at 0x1458ae210140>,54,1,[1 8],86,303,304,217,301
1,<environment.Job instance at 0x1458ae210190>,55,2,[5 2],87,312,314,225,303
1,<environment.Job instance at 0x1458ae210fa0>,56,19,[8 1],88,314,333,226,304
1,<environment.Job instance at 0x1458ae2103c0>,57,1,[8 2],89,333,334,244,319
1,<environment.Job instance at 0x1458ae2104b0>,58,1,[1 6],90,320,321,230,320
1,<environment.Job instance at 0x1458ae210050>,59,2,[1 8],91,324,326,233,324
1,<environment.Job instance at 0x1458ae210460>,60,16,[9 2],92,334,350,242,324
1,<environment.Job instance at 0x14586f7780a0>,70,23,[5 2],104,358,381,254,358
1,<environment.Job instance at 0x1458ae210870>,51,18,[2 7],79,1818,1836,1739,1818
1,<environment.Job instance at 0x1458ae22e9b0>,77,12,[11  1],113,2053,2065,1940,2053
1,<environment.Job instance at 0x1458ae22ebe0>,79,2,[2 8],115,2167,2169,2052,2167
1,<environment.Job instance at 0x1458ae22e5f0>,80,14,[9 1],116,2406,2420,2290,2406
1,<environment.Job instance at 0x1458b42ca320>,81,16,[5 1],118,2617,2633,2499,2617
1,<environment.Job instance at 0x1458ae22e6e0>,82,28,[5 2],119,2619,2647,2500,2619
1,<environment.Job instance at 0x1458ae22e500>,83,3,[7 2],121,2699,2702,2578,2699
1,<environment.Job instance at 0x1458ae22eb40>,84,2,[2 7],122,2734,2736,2612,2734
1,<environment.Job instance at 0x1458ae124190>,85,3,[2 9],124,2887,2890,2763,2887
1,<environment.Job instance at 0x1458b53c5be0>,86,1,[10  2],125,2901,2902,2776,2901
1,<environment.Job instance at 0x1458b33b5140>,3,1,[5 1],4,6,7,2,6
1,<environment.Job instance at 0x14586f464870>,18,1,[1 7],22,22,23,0,22
1,<environment.Job instance at 0x14586f449320>,26,1,[2 7],33,33,34,0,33
1,<environment.Job instance at 0x14586f4496e0>,29,1,[ 1 10],38,38,39,0,38
1,<environment.Job instance at 0x14586f449d70>,34,22,[2 8],44,44,66,0,44
1,<environment.Job instance at 0x14586f449f50>,37,2,[ 1 12],47,152,154,105,152
1,<environment.Job instance at 0x14586f467550>,43,1,[ 1 10],57,154,155,97,152
1,<environment.Job instance at 0x14586f4675a0>,44,1,[10  2],58,152,153,94,152
1,<environment.Job instance at 0x14586f467b90>,60,3,[9 1],80,166,169,86,166
1,<environment.Job instance at 0x14586f43ee60>,63,1,[10  2],85,169,170,84,166
1,<environment.Job instance at 0x14586f43eeb0>,64,1,[5 1],86,166,167,80,166
1,<environment.Job instance at 0x1458b3e5d320>,65,3,[1 8],87,166,169,79,166
1,<environment.Job instance at 0x14586ecf78c0>,66,2,[5 1],88,167,169,79,166
1,<environment.Job instance at 0x14586ecf7b40>,68,2,[2 8],92,177,179,85,177
1,<environment.Job instance at 0x14586ecf7730>,69,1,[ 1 10],93,179,180,86,177
1,<environment.Job instance at 0x14586ecf71e0>,70,16,[8 1],95,179,195,84,179
1,<environment.Job instance at 0x14586ecf7280>,72,1,[2 8],97,180,181,83,179
1,<environment.Job instance at 0x14586ecf7780>,73,1,[5 1],98,179,180,81,179
1,<environment.Job instance at 0x14586ecf76e0>,75,18,[5 2],100,181,199,81,181
1,<environment.Job instance at 0x1458b3e3d910>,79,18,[ 1 10],110,181,199,71,181
1,<environment.Job instance at 0x14586f7a46e0>,80,18,[2 6],111,199,217,88,198
1,<environment.Job instance at 0x14586f6aed70>,83,2,[8 1],114,198,200,84,198
1,<environment.Job instance at 0x14586f7a4910>,84,1,[10  1],115,200,201,85,198
1,<environment.Job instance at 0x1458ae1710f0>,85,2,[5 1],116,201,203,85,198
1,<environment.Job instance at 0x14586f7a4aa0>,86,1,[1 6],117,199,200,82,198
1,<environment.Job instance at 0x14586eff92d0>,88,3,[9 2],120,203,206,83,198
1,<environment.Job instance at 0x14586f465870>,5,3,[10  1],6,216,219,210,216
1,<environment.Job instance at 0x14586f467280>,41,3,[10  2],55,270,273,215,270
1,<environment.Job instance at 0x14586f495370>,107,2,[7 2],152,273,275,121,273
1,<environment.Job instance at 0x14586f4671e0>,39,1,[10  2],49,291,292,242,291
1,<environment.Job instance at 0x14586f495320>,110,3,[7 2],156,430,433,274,430
1,<environment.Job instance at 0x14586f495c30>,108,2,[13  2],153,496,498,343,496
1,<environment.Job instance at 0x1458ae1bc960>,1,1,[11  2],2,3,4,1,3
1,<environment.Job instance at 0x14586ec05a50>,3,2,[2 9],4,4,6,0,4
1,<environment.Job instance at 0x14586ec05c30>,5,18,[1 6],7,504,522,497,504
1,<environment.Job instance at 0x14586ec05730>,12,3,[ 1 10],17,1218,1221,1201,1218
1,<environment.Job instance at 0x14586ec05f00>,13,1,[7 1],18,1249,1250,1231,1249
1,<environment.Job instance at 0x14586f021b90>,0,1,[9 2],1,1,2,0,1
1,<environment.Job instance at 0x14586ec05dc0>,1,1,[6 2],3,4,5,1,4
1,<environment.Job instance at 0x14586f01e6e0>,3,2,[2 8],5,5,7,0,5
1,<environment.Job instance at 0x1458aec375a0>,4,1,[10  2],6,6,7,0,6
1,<environment.Job instance at 0x14586f01efa0>,5,1,[12  1],8,8,9,0,8
1,<environment.Job instance at 0x1458aec377d0>,6,25,[1 7],9,9,34,0,9
1,<environment.Job instance at 0x1458aec37960>,8,2,[8 1],13,13,15,0,13
1,<environment.Job instance at 0x1458aec373c0>,9,1,[ 1 11],14,34,35,20,14
1,<environment.Job instance at 0x1458aec37c30>,11,1,[ 2 10],19,35,36,16,19
1,<environment.Job instance at 0x1458aec37cd0>,12,1,[6 1],20,20,21,0,20
1,<environment.Job instance at 0x1458aec37f00>,13,1,[1 6],21,21,22,0,21
1,<environment.Job instance at 0x1458aec37dc0>,14,3,[1 6],23,23,26,0,23
1,<environment.Job instance at 0x1458aec102d0>,16,12,[10  1],26,26,38,0,26
1,<environment.Job instance at 0x1458aec10460>,17,3,[1 8],27,36,39,9,27
1,<environment.Job instance at 0x1458aec105a0>,18,1,[2 8],28,39,40,11,28
1,<environment.Job instance at 0x1458aec106e0>,19,3,[1 6],29,29,32,0,29
1,<environment.Job instance at 0x1458aec10820>,20,26,[1 7],30,38,64,8,35
1,<environment.Job instance at 0x1458aec10550>,21,3,[6 1],31,40,43,9,35
1,<environment.Job instance at 0x1458aec10a50>,25,20,[6 1],35,40,60,5,35
1,<environment.Job instance at 0x1458aec10dc0>,26,3,[2 9],37,64,67,27,38
1,<environment.Job instance at 0x1458aec2ebe0>,37,3,[13  1],52,169,172,117,169
1,<environment.Job instance at 0x1458aec2beb0>,61,17,[8 1],92,172,189,80,172
1,<environment.Job instance at 0x1458aec10910>,23,2,[8 1],33,288,290,255,288
1,<environment.Job instance at 0x1458aec10870>,22,1,[6 2],32,504,505,472,504
1,<environment.Job instance at 0x1458aec08500>,69,16,[5 2],103,531,547,428,531
1,<environment.Job instance at 0x1458aec08550>,70,12,[7 2],104,578,590,474,578
1,<environment.Job instance at 0x1458aec085f0>,72,26,[1 6],106,1062,1088,956,1062
1,<environment.Job instance at 0x1458aec082d0>,71,1,[2 6],105,1085,1086,980,1085
1,<environment.Job instance at 0x1458aec08690>,73,2,[8 1],107,1545,1547,1438,1545
1,<environment.Job instance at 0x1458aec08730>,74,2,[6 1],108,1545,1547,1437,1545
1,<environment.Job instance at 0x1458aec08a00>,76,3,[2 6],111,1547,1550,1436,1547
1,<environment.Job instance at 0x1458aec08a50>,77,1,[ 2 10],112,1550,1551,1438,1547
1,<environment.Job instance at 0x1458aec08910>,78,2,[5 2],114,1563,1565,1449,1563
1,<environment.Job instance at 0x1458aec08e10>,80,15,[10  2],116,1563,1578,1447,1563
1,<environment.Job instance at 0x1458aec08b90>,79,1,[7 2],115,1578,1579,1463,1567
1,<environment.Job instance at 0x1458aec08fa0>,82,2,[2 7],118,1576,1578,1458,1576
1,<environment.Job instance at 0x1458aec08d70>,81,3,[1 6],117,1578,1581,1461,1578
1,<environment.Job instance at 0x1458aec1a0f0>,84,14,[6 1],120,1592,1606,1472,1592
1,<environment.Job instance at 0x1458aec08870>,75,3,[7 2],110,1593,1596,1483,1593
1,<environment.Job instance at 0x1458aec1a190>,86,2,[8 1],123,1596,1598,1473,1593
1,<environment.Job instance at 0x1458aec1a460>,87,3,[ 2 10],125,1694,1697,1569,1694
1,<environment.Job instance at 0x1458aec1a550>,88,1,[1 6],129,1705,1706,1576,1705
1,<environment.Job instance at 0x1458aec08cd0>,83,3,[7 1],119,1765,1768,1646,1765
1,<environment.Job instance at 0x1458aec1a3c0>,89,3,[1 8],130,1795,1798,1665,1795
1,<environment.Job instance at 0x1458aec1a4b0>,91,14,[10  1],133,1795,1809,1662,1795
1,<environment.Job instance at 0x1458aec1a640>,90,2,[2 7],132,1805,1807,1673,1805
1,<environment.Job instance at 0x1458aec1a690>,92,2,[2 5],135,1850,1852,1715,1850
1,<environment.Job instance at 0x1458aec1a7d0>,93,2,[1 6],136,2130,2132,1994,2130
1,<environment.Job instance at 0x14586eecc5f0>,19,23,[10  2],28,45,68,17,45
1,<environment.Job instance at 0x1458ae201960>,12,2,[2 7],19,280,282,261,280
1,<environment.Job instance at 0x1458af030d70>,22,2,[5 1],33,284,286,251,284
1,<environment.Job instance at 0x14586f7f1a00>,23,1,[8 2],35,288,289,253,288
1,<environment.Job instance at 0x14586f7f1c30>,24,25,[2 7],37,343,368,306,343
1,<environment.Job instance at 0x1458af0302d0>,21,2,[13  2],32,453,455,421,453
1,<environment.Job instance at 0x14586f15c910>,26,19,[8 1],42,455,474,413,453
1,<environment.Job instance at 0x14586f7a0230>,6,3,[14  2],8,474,477,466,458
1,<environment.Job instance at 0x14586eebbcd0>,39,3,[5 1],58,458,461,400,458
1,<environment.Job instance at 0x14586eebb640>,40,2,[9 1],59,477,479,418,458
1,<environment.Job instance at 0x14586ee430a0>,47,3,[6 1],75,465,468,390,465
1,<environment.Job instance at 0x1458b3dbf460>,50,3,[1 7],79,468,471,389,468
1,<environment.Job instance at 0x1458b3dbf9b0>,51,2,[8 1],80,479,481,399,468
1,<environment.Job instance at 0x1458b3dbf140>,52,2,[7 1],83,471,473,388,468
1,<environment.Job instance at 0x1458b3dbf690>,53,15,[7 1],84,479,494,395,472
1,<environment.Job instance at 0x14586f1c5b90>,59,2,[1 5],96,484,486,388,484
1,<environment.Job instance at 0x1458ad3fcaa0>,78,22,[7 2],128,531,553,403,531
1,<environment.Job instance at 0x1458ad3fc1e0>,83,21,[2 7],135,580,601,445,580
1,<environment.Job instance at 0x1458ad3fc5f0>,87,1,[2 6],140,596,597,456,596
1,<environment.Job instance at 0x1458b3dbab90>,25,3,[1 7],39,606,609,567,606
1,<environment.Job instance at 0x1458af087c80>,93,3,[2 9],148,609,612,461,606
1,<environment.Job instance at 0x14586f07f410>,8,20,[1 9],12,612,632,600,607
1,<environment.Job instance at 0x1458af087230>,96,1,[6 1],151,607,608,456,607
1,<environment.Job instance at 0x1458af087640>,97,15,[2 6],153,608,623,455,608
1,<environment.Job instance at 0x1458af087f00>,98,21,[10  2],154,623,644,469,615
1,<environment.Job instance at 0x1458af087370>,99,15,[9 1],155,644,659,489,630
1,<environment.Job instance at 0x1458af087f50>,100,1,[5 1],156,632,633,476,630
1,<environment.Job instance at 0x1458af0875f0>,101,3,[2 6],159,633,636,474,630
1,<environment.Job instance at 0x14586f275c30>,109,1,[1 5],169,653,654,484,653
1,<environment.Job instance at 0x1458af087460>,94,18,[2 5],149,655,673,506,655
1,<environment.Job instance at 0x14586f2755a0>,112,1,[2 6],173,723,724,550,723
1,<environment.Job instance at 0x14586f275230>,117,15,[8 1],179,883,898,704,883
1,<environment.Job instance at 0x1458ae2016e0>,16,1,[2 8],25,1840,1841,1815,1840
1,<environment.Job instance at 0x14586f2750f0>,118,3,[1 8],180,1890,1893,1710,1890
1,<environment.Job instance at 0x14586f275c80>,120,15,[9 2],183,2104,2119,1921,2104
1,<environment.Job instance at 0x14586f2756e0>,121,17,[5 1],184,2303,2320,2119,2303
1,<environment.Job instance at 0x14586f275320>,122,28,[7 2],185,2317,2345,2132,2317
1,<environment.Job instance at 0x14586f275280>,123,1,[10  2],186,2729,2730,2543,2729
1,<environment.Job instance at 0x1458aed7af50>,0,2,[6 1],2,3,5,1,3
1,<environment.Job instance at 0x1458aed7a7d0>,7,1,[1 8],12,12,13,0,12
1,<environment.Job instance at 0x1458aed7ac30>,8,2,[8 1],16,16,18,0,16
1,<environment.Job instance at 0x1458aed7a320>,10,2,[ 1 10],18,18,20,0,18
1,<environment.Job instance at 0x1458ae176230>,14,2,[1 6],22,54,56,32,54
1,<environment.Job instance at 0x1458ae176dc0>,24,24,[2 7],36,63,87,27,63
1,<environment.Job instance at 0x1458b53ba9b0>,40,1,[1 7],61,101,102,40,101
1,<environment.Job instance at 0x1458b53bad20>,41,1,[9 1],65,101,102,36,101
1,<environment.Job instance at 0x1458aed45e60>,47,1,[8 1],74,117,118,43,117
1,<environment.Job instance at 0x1458aed457d0>,50,1,[13  1],83,119,120,36,119
1,<environment.Job instance at 0x1458ae1f2f50>,53,3,[2 9],87,120,123,33,120
1,<environment.Job instance at 0x1458ae1f2320>,60,1,[10  2],95,135,136,40,135
1,<environment.Job instance at 0x14586efd4730>,70,1,[2 9],110,162,163,52,162
1,<environment.Job instance at 0x1458b3de3e10>,80,3,[7 1],127,197,200,70,197
1,<environment.Job instance at 0x1458b02f46e0>,81,2,[1 8],128,198,200,70,198
1,<environment.Job instance at 0x14586ed7fc30>,83,1,[1 9],130,200,201,70,198
1,<environment.Job instance at 0x1458ae176320>,15,3,[8 2],23,224,227,201,224
1,<environment.Job instance at 0x1458b5762a50>,85,17,[7 1],133,225,242,92,225
1,<environment.Job instance at 0x14586f7b2d70>,102,1,[10  1],156,267,268,111,267
1,<environment.Job instance at 0x1458aed45730>,46,1,[ 1 12],71,269,270,198,269
1,<environment.Job instance at 0x14586ee9b550>,109,3,[ 2 12],166,301,304,135,301
1,<environment.Job instance at 0x1458b3e3a370>,117,3,[9 1],178,301,304,123,301
1,<environment.Job instance at 0x1458b3e3a780>,116,20,[10  2],177,304,324,127,302
1,<environment.Job instance at 0x14586f4052d0>,87,2,[ 1 10],137,339,341,202,339
1,<environment.Job instance at 0x1458ae1762d0>,16,13,[2 7],24,380,393,356,380
1,<environment.Job instance at 0x1458ae1762d0>,3,1,[5 2],6,6,7,0,6
1,<environment.Job instance at 0x1458b3e0f820>,16,2,[7 2],26,28,30,2,28
1,<environment.Job instance at 0x1458b3e0fcd0>,20,1,[2 6],32,32,33,0,32
1,<environment.Job instance at 0x14586ed19be0>,35,2,[2 5],55,64,66,9,64
1,<environment.Job instance at 0x14586ed19460>,46,25,[2 9],75,102,127,27,102
1,<environment.Job instance at 0x14586f15a4b0>,57,1,[7 1],90,126,127,36,126
1,<environment.Job instance at 0x14586f15a7d0>,58,1,[ 2 12],91,127,128,36,126
1,<environment.Job instance at 0x14586f7e3230>,60,1,[5 2],94,127,128,33,127
1,<environment.Job instance at 0x14586ed22f50>,63,1,[8 1],97,127,128,30,127
1,<environment.Job instance at 0x14586ed22be0>,64,1,[5 1],98,128,129,30,127
1,<environment.Job instance at 0x1458a804a320>,65,1,[5 1],99,128,129,29,127
1,<environment.Job instance at 0x14586ed22d70>,67,3,[5 2],105,128,131,23,128
1,<environment.Job instance at 0x1458b3e76460>,70,1,[9 1],108,129,130,21,128
1,<environment.Job instance at 0x1458b55271e0>,71,1,[1 9],109,129,130,20,128
1,<environment.Job instance at 0x14586f005e60>,24,2,[5 2],39,255,257,216,255
1,<environment.Job instance at 0x14586ed650a0>,85,1,[2 7],125,619,620,494,619
1,<environment.Job instance at 0x1458b3e15fa0>,86,22,[6 2],126,1871,1893,1745,1871
1,<environment.Job instance at 0x1458ae139410>,87,14,[ 2 10],128,2596,2610,2468,2596
1,<environment.Job instance at 0x1458b3dfefa0>,88,12,[1 6],129,2783,2795,2654,2783
1,<environment.Job instance at 0x147379ea4aa0>,2,1,[2 5],3,3,4,0,3
1,<environment.Job instance at 0x1473723387d0>,3,1,[6 2],4,4,5,0,4
1,<environment.Job instance at 0x147372314370>,4,2,[7 2],5,5,7,0,5
1,<environment.Job instance at 0x147372318500>,22,1,[2 7],30,30,31,0,30
1,<environment.Job instance at 0x147372318870>,23,2,[8 1],31,31,33,0,31
1,<environment.Job instance at 0x1473703bf320>,10,2,[2 5],13,13,15,0,13
1,<environment.Job instance at 0x1473703bf960>,11,3,[6 1],14,14,17,0,14
1,<environment.Job instance at 0x1473703bfd70>,12,2,[10  1],15,17,19,2,15
1,<environment.Job instance at 0x1473703b7b90>,28,3,[1 5],40,54,57,14,54
1,<environment.Job instance at 0x1473703b7af0>,29,2,[10  2],41,54,56,13,54
1,<environment.Job instance at 0x1473703b7c30>,31,1,[2 6],46,54,55,8,54
1,<environment.Job instance at 0x1473703b7870>,32,2,[1 6],47,55,57,8,54
1,<environment.Job instance at 0x1473703b7eb0>,33,18,[7 2],49,56,74,7,56
1,<environment.Job instance at 0x147379e464b0>,36,2,[7 2],57,57,59,0,57
1,<environment.Job instance at 0x14737088c1e0>,37,2,[2 5],58,59,61,1,58
1,<environment.Job instance at 0x14737082fd20>,17,17,[7 1],22,215,232,193,215
1,<environment.Job instance at 0x1473708980a0>,47,2,[6 2],72,231,233,159,231
1,<environment.Job instance at 0x14737082fb90>,18,1,[2 6],23,231,232,208,231
1,<environment.Job instance at 0x147370898460>,48,1,[1 5],73,320,321,247,320
1,<environment.Job instance at 0x147370898c30>,49,16,[1 7],74,322,338,248,322
1,<environment.Job instance at 0x1473708984b0>,51,3,[ 1 13],76,371,374,295,371
1,<environment.Job instance at 0x147370898af0>,50,3,[ 2 10],75,445,448,370,445
1,<environment.Job instance at 0x147370898b40>,53,21,[ 2 13],80,448,469,368,448
1,<environment.Job instance at 0x147372351370>,54,1,[2 8],81,561,562,480,561
1,<environment.Job instance at 0x147370898050>,52,3,[1 5],79,584,587,505,584
1,<environment.Job instance at 0x1473773a1cd0>,55,1,[7 1],82,603,604,521,603
1,<environment.Job instance at 0x147370898a00>,57,2,[8 2],85,671,673,586,671
1,<environment.Job instance at 0x1473708987d0>,58,3,[1 7],86,686,689,600,686
1,<environment.Job instance at 0x147377690af0>,56,18,[5 2],83,756,774,673,756
1,<environment.Job instance at 0x147370898d70>,59,18,[8 1],87,853,871,766,853
1,<environment.Job instance at 0x14737744d4b0>,60,1,[5 2],88,866,867,778,866
1,<environment.Job instance at 0x147337235280>,62,3,[1 7],90,974,977,884,974
1,<environment.Job instance at 0x147377471a50>,61,1,[1 8],89,1171,1172,1082,1171
1,<environment.Job instance at 0x147372c76500>,63,2,[5 2],92,1247,1249,1155,1247
1,<environment.Job instance at 0x147337156b40>,65,2,[5 2],95,1315,1317,1220,1315
1,<environment.Job instance at 0x147372cf08c0>,66,1,[1 6],97,1343,1344,1246,1343
1,<environment.Job instance at 0x147372cf03c0>,67,12,[7 1],98,1356,1368,1258,1356
1,<environment.Job instance at 0x147377688aa0>,68,2,[10  1],99,1429,1431,1330,1429
1,<environment.Job instance at 0x1473776885f0>,69,3,[2 7],100,1521,1524,1421,1521
1,<environment.Job instance at 0x147377d74370>,64,2,[1 7],94,1607,1609,1513,1607
1,<environment.Job instance at 0x147377693c80>,70,17,[7 1],102,1716,1733,1614,1716
1,<environment.Job instance at 0x147377693f00>,73,12,[7 2],107,1740,1752,1633,1740
1,<environment.Job instance at 0x147372cf8b90>,71,1,[2 5],104,1752,1753,1648,1752
1,<environment.Job instance at 0x14737742b910>,74,2,[7 2],109,1768,1770,1659,1768
1,<environment.Job instance at 0x14737742b370>,72,3,[1 8],105,1777,1780,1672,1777
1,<environment.Job instance at 0x14737742bf00>,76,14,[8 2],112,1777,1791,1665,1777
1,<environment.Job instance at 0x14737742b550>,77,2,[2 5],114,1780,1782,1666,1780
1,<environment.Job instance at 0x1473703a0a00>,78,1,[ 2 10],115,1783,1784,1668,1783
1,<environment.Job instance at 0x1473703a0be0>,80,2,[ 1 10],117,1784,1786,1667,1783
1,<environment.Job instance at 0x1473703a0e60>,79,14,[8 1],116,1791,1805,1675,1788
1,<environment.Job instance at 0x147377ceb780>,82,21,[7 2],120,1788,1809,1668,1788
1,<environment.Job instance at 0x147377cebe10>,81,3,[7 2],118,1829,1832,1711,1829
1,<environment.Job instance at 0x147377ceb410>,84,3,[1 9],122,1854,1857,1732,1854
1,<environment.Job instance at 0x147377ceb5a0>,85,1,[6 1],123,1866,1867,1743,1866
1,<environment.Job instance at 0x147377cebd70>,86,3,[5 1],124,1884,1887,1760,1884
1,<environment.Job instance at 0x147377ceb320>,87,3,[1 7],129,1895,1898,1766,1895
1,<environment.Job instance at 0x147377ceb370>,88,12,[7 1],131,1903,1915,1772,1903
1,<environment.Job instance at 0x147377cebaf0>,89,20,[8 2],132,1910,1930,1778,1910
1,<environment.Job instance at 0x147377ceb820>,90,2,[10  1],133,1949,1951,1816,1949
1,<environment.Job instance at 0x147377cebe60>,91,3,[1 9],134,1951,1954,1817,1951
1,<environment.Job instance at 0x147377cebf50>,83,13,[5 2],121,1963,1976,1842,1963
1,<environment.Job instance at 0x147377cebfa0>,93,2,[2 7],141,1980,1982,1839,1980
1,<environment.Job instance at 0x147377ceb640>,94,2,[9 2],142,1986,1988,1844,1986
1,<environment.Job instance at 0x147377ceb140>,95,3,[5 2],143,1988,1991,1845,1988
1,<environment.Job instance at 0x147377ceb280>,92,3,[1 8],138,1990,1993,1852,1990
1,<environment.Job instance at 0x147377ceb960>,96,16,[7 2],144,1993,2009,1849,1993
1,<environment.Job instance at 0x14737742b9b0>,75,3,[ 2 10],111,1998,2001,1887,1998
1,<environment.Job instance at 0x147377ceb460>,97,1,[ 2 10],145,2001,2002,1856,2000
1,<environment.Job instance at 0x147377ceb910>,98,18,[5 2],147,2025,2043,1878,2025
1,<environment.Job instance at 0x1473773d7730>,99,1,[1 8],148,2118,2119,1970,2118
1,<environment.Job instance at 0x1473773d7960>,100,13,[1 7],150,2284,2297,2134,2284
1,<environment.Job instance at 0x1473773d7f50>,103,2,[ 2 10],155,2315,2317,2160,2315
1,<environment.Job instance at 0x1473773d76e0>,104,15,[8 2],156,2349,2364,2193,2349
1,<environment.Job instance at 0x1473773d7140>,105,17,[10  1],158,2564,2581,2406,2564
1,<environment.Job instance at 0x1473773d7820>,102,3,[5 2],154,2635,2638,2481,2635
1,<environment.Job instance at 0x14733751aa50>,10,1,[7 2],16,18,19,2,18
1,<environment.Job instance at 0x147337519b90>,20,3,[8 1],29,29,32,0,29
1,<environment.Job instance at 0x147337519cd0>,22,1,[10  1],34,34,35,0,34
1,<environment.Job instance at 0x147337519960>,23,27,[1 7],35,35,62,0,35
1,<environment.Job instance at 0x147337517d70>,35,1,[1 8],55,55,56,0,55
1,<environment.Job instance at 0x147337517cd0>,41,2,[1 7],62,206,208,144,206
1,<environment.Job instance at 0x147377d6d910>,54,2,[1 7],81,221,223,140,221
1,<environment.Job instance at 0x147377d6d7d0>,55,1,[1 5],82,225,226,143,225
1,<environment.Job instance at 0x147377d6de60>,56,18,[8 2],83,229,247,146,229
1,<environment.Job instance at 0x147377d6d4b0>,57,3,[1 6],84,249,252,165,249
1,<environment.Job instance at 0x147377d6d410>,58,16,[1 5],85,251,267,166,251
1,<environment.Job instance at 0x147377d6d730>,59,2,[ 1 10],86,289,291,203,289
1,<environment.Job instance at 0x147377d6d8c0>,60,17,[2 9],87,319,336,232,319
1,<environment.Job instance at 0x147377d6d640>,53,3,[ 2 11],80,336,339,256,336
1,<environment.Job instance at 0x147372c260a0>,64,2,[1 8],91,362,364,271,362
1,<environment.Job instance at 0x147372c26190>,65,3,[2 8],92,364,367,272,364
1,<environment.Job instance at 0x147372c26a00>,66,2,[2 8],93,367,369,274,364
1,<environment.Job instance at 0x147372c26640>,68,1,[6 2],98,364,365,266,364
1,<environment.Job instance at 0x147372c26cd0>,69,2,[2 8],99,369,371,270,365
1,<environment.Job instance at 0x147372c26e10>,70,1,[6 2],101,365,366,264,365
1,<environment.Job instance at 0x147372c26960>,71,1,[2 9],102,371,372,269,365
1,<environment.Job instance at 0x147372bb2e10>,72,27,[ 2 10],103,372,399,269,370
1,<environment.Job instance at 0x147372bb2fa0>,73,2,[10  1],104,372,374,268,372
1,<environment.Job instance at 0x147372bb2f00>,74,2,[2 7],106,399,401,293,372
1,<environment.Job instance at 0x147372bb2550>,75,1,[5 2],107,374,375,267,372
1,<environment.Job instance at 0x147372bb2500>,76,1,[2 5],108,375,376,267,372
1,<environment.Job instance at 0x147372bb2280>,80,2,[5 2],113,391,393,278,391
1,<environment.Job instance at 0x147372bb22d0>,81,1,[7 1],116,391,392,275,391
1,<environment.Job instance at 0x147372bb2050>,82,2,[7 1],117,392,394,275,391
1,<environment.Job instance at 0x147377d6d140>,61,15,[7 2],88,394,409,306,391
1,<environment.Job instance at 0x1473708c05a0>,85,2,[5 2],120,398,400,278,398
1,<environment.Job instance at 0x1473708c0910>,87,3,[1 7],123,415,418,292,415
1,<environment.Job instance at 0x1473708c0dc0>,88,19,[2 9],126,418,437,292,415
1,<environment.Job instance at 0x147377d6df50>,46,15,[10  1],69,485,500,416,485
1,<environment.Job instance at 0x147377d57140>,90,17,[9 2],128,538,555,410,538
1,<environment.Job instance at 0x147377d57c80>,91,1,[6 2],129,755,756,626,755
1,<environment.Job instance at 0x147377d575a0>,92,2,[1 5],130,805,807,675,805
1,<environment.Job instance at 0x147377d576e0>,93,1,[1 7],131,910,911,779,910
1,<environment.Job instance at 0x147377d571e0>,94,3,[2 7],132,967,970,835,967
1,<environment.Job instance at 0x147377d579b0>,95,2,[1 5],133,990,992,857,990
1,<environment.Job instance at 0x147377d57e10>,96,1,[1 9],135,1338,1339,1203,1338
1,<environment.Job instance at 0x147377d57820>,97,1,[2 5],136,1836,1837,1700,1836
1,<environment.Job instance at 0x147377d57c30>,98,15,[7 1],137,1855,1870,1718,1855
1,<environment.Job instance at 0x147377d57320>,99,1,[2 6],138,1912,1913,1774,1912
1,<environment.Job instance at 0x147377d57780>,100,1,[2 8],140,2259,2260,2119,2259
1,<environment.Job instance at 0x147377d577d0>,101,1,[2 6],141,2378,2379,2237,2378
1,<environment.Job instance at 0x147377d570f0>,102,3,[1 7],143,2754,2757,2611,2754
1,<environment.Job instance at 0x147377d57eb0>,103,17,[2 7],144,2896,2913,2752,2896
1,<environment.Job instance at 0x1473792f9af0>,8,1,[10  2],15,15,16,0,15
1,<environment.Job instance at 0x1473792f97d0>,9,1,[5 2],16,16,17,0,16
1,<environment.Job instance at 0x1473792f92d0>,10,26,[2 8],18,25,51,7,25
1,<environment.Job instance at 0x147378eb5be0>,30,2,[ 1 10],50,2717,2719,2667,2717
1,<environment.Job instance at 0x147378eb5e60>,1,2,[5 1],2,2,4,0,2
1,<environment.Job instance at 0x147379332b40>,2,1,[1 7],3,3,4,0,3
1,<environment.Job instance at 0x147378eb5be0>,6,1,[2 6],10,10,11,0,10
1,<environment.Job instance at 0x1473370dc870>,2,23,[2 6],4,4,27,0,4
1,<environment.Job instance at 0x1473370dc190>,5,1,[5 2],8,8,9,0,8
1,<environment.Job instance at 0x1473774433c0>,6,1,[8 2],9,9,10,0,9
1,<environment.Job instance at 0x1473774430f0>,10,1,[9 1],15,15,16,0,15
1,<environment.Job instance at 0x147377443c30>,11,3,[5 1],16,16,19,0,16
1,<environment.Job instance at 0x147377443a50>,13,3,[12  1],19,20,23,1,20
1,<environment.Job instance at 0x147377443820>,14,20,[8 1],20,23,43,3,20
1,<environment.Job instance at 0x1473370fecd0>,21,1,[ 2 10],37,37,38,0,37
1,<environment.Job instance at 0x147372fe39b0>,26,16,[9 1],44,251,267,207,251
1,<environment.Job instance at 0x147372fe3e60>,27,12,[7 2],46,1071,1083,1025,1071
1,<environment.Job instance at 0x147372fe3230>,28,15,[ 2 10],52,1968,1983,1916,1968
1,<environment.Job instance at 0x147372fe3fa0>,29,2,[5 2],53,2300,2302,2247,2300
1,<environment.Job instance at 0x147372fe35f0>,30,2,[7 2],54,2926,2928,2872,2926
1,<environment.Job instance at 0x147372fda550>,0,27,[6 1],1,1,28,0,1
1,<environment.Job instance at 0x147337775370>,9,16,[5 2],13,18,34,5,18
1,<environment.Job instance at 0x147370b5df00>,12,2,[1 7],19,19,21,0,19
1,<environment.Job instance at 0x147370b5deb0>,13,3,[7 1],20,28,31,8,20
1,<environment.Job instance at 0x147370b5da00>,14,1,[6 1],21,31,32,10,21
1,<environment.Job instance at 0x1473371f3fa0>,16,3,[2 9],23,31,34,8,31
1,<environment.Job instance at 0x147337775820>,11,28,[14  1],18,36,64,18,36
1,<environment.Job instance at 0x14737216a320>,33,2,[12  1],45,64,66,19,64
1,<environment.Job instance at 0x14737216ac30>,39,3,[1 6],51,72,75,21,72
1,<environment.Job instance at 0x14737216aaa0>,40,2,[1 8],53,72,74,19,72
1,<environment.Job instance at 0x1473376a5af0>,41,17,[7 1],54,74,91,20,74
1,<environment.Job instance at 0x147337422690>,44,1,[10  1],59,91,92,32,76
1,<environment.Job instance at 0x147337422370>,45,1,[10  2],60,92,93,32,76
1,<environment.Job instance at 0x1473376c0aa0>,58,1,[ 2 13],78,105,106,27,105
1,<environment.Job instance at 0x147371fdda50>,74,1,[2 8],103,129,130,26,129
1,<environment.Job instance at 0x1473773d7690>,88,1,[2 8],124,144,145,20,144
1,<environment.Job instance at 0x147370917410>,6,22,[2 9],13,13,35,0,13
1,<environment.Job instance at 0x147336e53640>,11,1,[ 1 12],24,35,36,11,24
1,<environment.Job instance at 0x147336ee72d0>,17,20,[9 1],31,32,52,1,32
1,<environment.Job instance at 0x147336f73e60>,19,2,[13  1],34,52,54,18,44
1,<environment.Job instance at 0x147336f73280>,22,3,[8 1],37,54,57,17,45
1,<environment.Job instance at 0x147336f73190>,21,1,[5 1],36,54,55,18,52
1,<environment.Job instance at 0x147336f73550>,20,1,[12  2],35,57,58,22,56
1,<environment.Job instance at 0x147336e6a050>,26,18,[8 1],48,58,76,10,56
1,<environment.Job instance at 0x147372150aa0>,37,2,[2 5],65,65,67,0,65
1,<environment.Job instance at 0x1473374192d0>,38,1,[1 9],66,66,67,0,66
1,<environment.Job instance at 0x14737211d4b0>,40,1,[1 8],68,68,69,0,68
1,<environment.Job instance at 0x147337145a50>,41,20,[7 2],69,78,98,9,78
1,<environment.Job instance at 0x14737210cdc0>,53,1,[5 2],83,90,91,7,90
1,<environment.Job instance at 0x1473703bf9b0>,55,1,[11  1],93,98,99,5,93
1,<environment.Job instance at 0x147377e49960>,56,2,[5 1],94,94,96,0,94
1,<environment.Job instance at 0x147337041730>,57,2,[1 6],95,96,98,1,96
1,<environment.Job instance at 0x147377e49f00>,58,2,[1 8],96,110,112,14,110
1,<environment.Job instance at 0x1473703a3960>,59,1,[6 1],97,110,111,13,110
1,<environment.Job instance at 0x1473703a3820>,60,18,[10  2],99,111,129,12,110
1,<environment.Job instance at 0x14733776f320>,61,1,[6 1],100,129,130,29,119
1,<environment.Job instance at 0x14733776fa00>,62,1,[2 9],101,124,125,23,124
1,<environment.Job instance at 0x147337426e60>,63,1,[1 5],102,125,126,23,124
1,<environment.Job instance at 0x147337426050>,65,3,[5 1],104,344,347,240,344
1,<environment.Job instance at 0x147337426d70>,66,3,[1 7],105,351,354,246,351
1,<environment.Job instance at 0x147377437910>,67,3,[10  2],107,351,354,244,351
1,<environment.Job instance at 0x147377437820>,68,17,[9 2],109,354,371,245,351
1,<environment.Job instance at 0x1473774377d0>,69,2,[9 2],111,371,373,260,354
1,<environment.Job instance at 0x147377437fa0>,70,2,[2 7],115,359,361,244,359
1,<environment.Job instance at 0x1473373f4140>,71,1,[8 1],116,373,374,257,361
1,<environment.Job instance at 0x1473373f4c80>,72,15,[7 1],117,373,388,256,361
1,<environment.Job instance at 0x1473373f4910>,73,1,[1 8],118,374,375,256,374
1,<environment.Job instance at 0x1473373f43c0>,74,12,[7 2],119,375,387,256,375
1,<environment.Job instance at 0x147336f73b40>,23,2,[6 2],38,856,858,818,856
1,<environment.Job instance at 0x1473373f4050>,76,2,[7 2],121,1295,1297,1174,1295
1,<environment.Job instance at 0x1473373f4a00>,77,1,[ 2 10],122,1901,1902,1779,1901
1,<environment.Job instance at 0x147336ddde60>,5,1,[6 1],8,8,9,0,8
1,<environment.Job instance at 0x147337711730>,0,1,[14  1],1,6,7,5,6
1,<environment.Job instance at 0x147336c76d20>,6,2,[6 1],9,9,11,0,9
1,<environment.Job instance at 0x147336c6dc30>,8,1,[ 1 10],12,12,13,0,12
1,<environment.Job instance at 0x147337716fa0>,22,2,[7 1],30,30,32,0,30
1,<environment.Job instance at 0x147336dd76e0>,28,2,[7 1],36,36,38,0,36
1,<environment.Job instance at 0x147336dd71e0>,30,1,[2 5],38,38,39,0,38
1,<environment.Job instance at 0x147336dd7140>,34,3,[1 5],46,73,76,27,73
1,<environment.Job instance at 0x147336dd7370>,36,2,[8 2],48,78,80,30,78
1,<environment.Job instance at 0x147336dd78c0>,31,3,[ 1 11],41,82,85,41,82
1,<environment.Job instance at 0x147336dd72d0>,39,3,[1 5],51,85,88,34,82
1,<environment.Job instance at 0x147377d8b2d0>,40,1,[1 5],53,85,86,32,82
1,<environment.Job instance at 0x147377d8b730>,45,3,[7 1],59,84,87,25,84
1,<environment.Job instance at 0x147377d8b690>,46,2,[2 7],60,86,88,26,84
1,<environment.Job instance at 0x147377d8b230>,54,3,[ 1 14],70,111,114,41,111
1,<environment.Job instance at 0x147377d8bb40>,55,3,[5 1],71,111,114,40,111
1,<environment.Job instance at 0x147377d8ba50>,56,2,[8 1],73,114,116,41,111
1,<environment.Job instance at 0x147336f2bfa0>,57,3,[9 1],74,116,119,42,111
1,<environment.Job instance at 0x147336f2b4b0>,58,3,[8 2],75,119,122,44,111
1,<environment.Job instance at 0x147336f2b3c0>,60,2,[2 7],79,114,116,35,112
1,<environment.Job instance at 0x147336f2b1e0>,61,17,[6 2],81,116,133,35,113
1,<environment.Job instance at 0x147336e29cd0>,65,1,[8 1],85,125,126,40,125
1,<environment.Job instance at 0x147336e29d20>,67,1,[8 2],87,142,143,55,142
1,<environment.Job instance at 0x147336e294b0>,68,2,[7 1],88,142,144,54,142
1,<environment.Job instance at 0x147336e29640>,69,1,[5 1],89,143,144,54,142
1,<environment.Job instance at 0x147336e15be0>,74,22,[5 1],96,144,166,48,142
1,<environment.Job instance at 0x147336dfe4b0>,88,2,[8 1],116,185,187,69,185
1,<environment.Job instance at 0x147336dfe3c0>,89,2,[8 1],117,187,189,70,185
1,<environment.Job instance at 0x147336f87eb0>,92,18,[2 5],120,191,209,71,191
1,<environment.Job instance at 0x147336dd7eb0>,32,2,[1 9],42,214,216,172,214
1,<environment.Job instance at 0x147372021320>,98,13,[8 1],126,214,227,88,214
1,<environment.Job instance at 0x147372289e10>,99,1,[6 1],127,214,215,87,214
1,<environment.Job instance at 0x147337386c30>,100,2,[ 1 10],128,216,218,88,214
1,<environment.Job instance at 0x147337451910>,101,1,[5 1],129,215,216,86,214
1,<environment.Job instance at 0x1473720c9c80>,102,3,[5 2],130,216,219,86,214
1,<environment.Job instance at 0x147372043d70>,103,17,[6 2],134,219,236,85,215
1,<environment.Job instance at 0x1473720431e0>,104,3,[5 2],135,227,230,92,225
1,<environment.Job instance at 0x147372043050>,105,15,[10  2],136,236,251,100,225
1,<environment.Job instance at 0x147336dd73c0>,38,2,[5 2],50,238,240,188,238
1,<environment.Job instance at 0x147372043870>,107,2,[11  1],138,251,253,113,239
1,<environment.Job instance at 0x147372043410>,106,2,[8 2],137,253,255,116,239
1,<environment.Job instance at 0x147336dd7910>,33,2,[2 5],43,338,340,295,338
1,<environment.Job instance at 0x1473708bc870>,109,12,[1 8],140,338,350,198,338
1,<environment.Job instance at 0x147379709e60>,111,3,[9 1],144,338,341,194,338
1,<environment.Job instance at 0x1473722f4870>,112,14,[2 5],146,340,354,194,338
1,<environment.Job instance at 0x147377d4f500>,113,2,[1 8],147,350,352,203,338
1,<environment.Job instance at 0x147370866a00>,114,1,[5 1],148,341,342,193,338
1,<environment.Job instance at 0x1473720432d0>,108,1,[8 2],139,348,349,209,348
1,<environment.Job instance at 0x1473375e5960>,115,14,[1 7],149,355,369,206,355
1,<environment.Job instance at 0x1473372d6f00>,117,2,[6 2],153,355,357,202,355
1,<environment.Job instance at 0x1473773f6500>,118,2,[1 5],154,355,357,201,355
1,<environment.Job instance at 0x1473372c60a0>,119,2,[9 2],155,357,359,202,355
1,<environment.Job instance at 0x147337618e60>,120,1,[9 1],158,359,360,201,355
1,<environment.Job instance at 0x1473374c17d0>,121,2,[9 1],159,360,362,201,355
1,<environment.Job instance at 0x147337618410>,122,2,[6 2],160,362,364,202,355
1,<environment.Job instance at 0x147337647aa0>,123,2,[2 9],162,369,371,207,355
1,<environment.Job instance at 0x147336de18c0>,124,17,[2 9],163,371,388,208,359
1,<environment.Job instance at 0x147337647f00>,125,3,[7 1],164,362,365,198,359
1,<environment.Job instance at 0x1473373d4af0>,126,2,[ 1 10],165,388,390,223,361
1,<environment.Job instance at 0x147337769dc0>,127,2,[ 1 11],167,390,392,223,363
1,<environment.Job instance at 0x1473703b7500>,128,2,[1 8],168,365,367,197,363
1,<environment.Job instance at 0x1473377695a0>,129,16,[ 1 12],169,392,408,223,387
1,<environment.Job instance at 0x1473703b74b0>,130,1,[1 5],170,387,388,217,387
1,<environment.Job instance at 0x1473703b7140>,131,3,[2 8],171,408,411,237,387
1,<environment.Job instance at 0x1473703b7370>,132,12,[7 2],172,388,400,216,387
1,<environment.Job instance at 0x1473374d4f00>,133,1,[2 5],174,408,409,234,387
1,<environment.Job instance at 0x147370602b90>,134,17,[ 1 10],176,411,428,235,405
1,<environment.Job instance at 0x147372c11af0>,135,3,[1 6],179,428,431,249,405
1,<environment.Job instance at 0x147370b5c8c0>,136,3,[2 6],180,428,431,248,405
1,<environment.Job instance at 0x1473705fe140>,137,3,[2 5],181,409,412,228,405
1,<environment.Job instance at 0x1473705fe0f0>,138,16,[7 2],182,412,428,230,405
1,<environment.Job instance at 0x1473797090f0>,116,2,[8 1],151,407,409,256,407
1,<environment.Job instance at 0x1473705fea50>,139,12,[9 1],183,428,440,245,412
1,<environment.Job instance at 0x147336f9e230>,141,3,[1 6],187,431,434,244,416
1,<environment.Job instance at 0x147336f9e6e0>,142,2,[1 6],189,431,433,242,417
1,<environment.Job instance at 0x147377431d70>,143,2,[8 1],193,440,442,247,417
1,<environment.Job instance at 0x1473774607d0>,144,3,[9 2],194,442,445,248,417
1,<environment.Job instance at 0x14733774d870>,145,1,[2 8],196,433,434,237,417
1,<environment.Job instance at 0x147372191960>,146,2,[10  1],197,445,447,248,418
1,<environment.Job instance at 0x147377430780>,147,13,[1 8],198,434,447,236,433
1,<environment.Job instance at 0x147372043e10>,110,28,[ 2 10],141,1827,1855,1686,1827
1,<environment.Job instance at 0x1473705fedc0>,140,3,[7 2],185,1827,1830,1642,1827
1,<environment.Job instance at 0x147336d246e0>,97,2,[ 1 13],125,2145,2147,2020,2145
1,<environment.Job instance at 0x14733742af00>,8,3,[1 9],16,16,19,0,16
1,<environment.Job instance at 0x1473371eee60>,9,1,[5 2],17,17,18,0,17
1,<environment.Job instance at 0x147377e04c30>,10,1,[9 1],18,18,19,0,18
1,<environment.Job instance at 0x1473372c5640>,11,23,[9 1],20,21,44,1,21
1,<environment.Job instance at 0x1473721cbcd0>,13,18,[1 7],22,33,51,11,33
1,<environment.Job instance at 0x147372199c80>,18,1,[10  1],30,44,45,14,33
1,<environment.Job instance at 0x14733733ffa0>,19,1,[7 1],31,45,46,14,33
1,<environment.Job instance at 0x147377df90a0>,20,2,[10  1],32,46,48,14,33
1,<environment.Job instance at 0x147377d0f9b0>,21,1,[6 2],33,45,46,12,33
1,<environment.Job instance at 0x1473370b7e10>,22,3,[6 2],34,48,51,14,34
1,<environment.Job instance at 0x1473720b7500>,23,3,[2 5],38,38,41,0,38
1,<environment.Job instance at 0x1473374fa870>,24,2,[5 1],39,41,43,2,39
1,<environment.Job instance at 0x147337045d70>,33,2,[9 1],52,55,57,3,55
1,<environment.Job instance at 0x147337045050>,34,2,[14  2],54,69,71,15,69
1,<environment.Job instance at 0x147337045410>,36,1,[14  2],56,71,72,15,70
1,<environment.Job instance at 0x147337045d20>,37,2,[6 2],57,72,74,15,70
1,<environment.Job instance at 0x1473373d78c0>,44,2,[2 8],67,77,79,10,77
1,<environment.Job instance at 0x147377433320>,50,18,[8 1],77,85,103,8,85
1,<environment.Job instance at 0x147372213730>,59,1,[ 2 10],92,92,93,0,92
1,<environment.Job instance at 0x147372213b90>,60,3,[1 9],94,94,97,0,94
1,<environment.Job instance at 0x147336eda780>,66,1,[1 8],103,118,119,15,118
1,<environment.Job instance at 0x147336eda1e0>,65,1,[1 6],102,118,119,16,118
1,<environment.Job instance at 0x147336eda140>,67,1,[8 2],105,119,120,14,119
1,<environment.Job instance at 0x147336edad20>,69,2,[14  1],107,121,123,14,121
1,<environment.Job instance at 0x147377378fa0>,71,1,[5 2],111,123,124,12,121
1,<environment.Job instance at 0x147377378050>,73,3,[1 5],113,127,130,14,127
1,<environment.Job instance at 0x147377378eb0>,74,14,[1 7],114,128,142,14,128
1,<environment.Job instance at 0x147377378370>,75,2,[1 8],116,130,132,14,128
1,<environment.Job instance at 0x147377378b90>,81,17,[7 1],125,146,163,21,146
1,<environment.Job instance at 0x1473371f3be0>,85,3,[1 9],134,154,157,20,154
1,<environment.Job instance at 0x1473371f34b0>,86,1,[1 7],137,157,158,20,154
1,<environment.Job instance at 0x1473371f35f0>,87,14,[7 1],139,157,171,18,157
1,<environment.Job instance at 0x1473377f2b40>,90,2,[8 1],146,163,165,17,157
1,<environment.Job instance at 0x1473377f2730>,91,3,[8 2],148,165,168,17,157
1,<environment.Job instance at 0x1473377f2cd0>,93,2,[2 6],150,173,175,23,173
1,<environment.Job instance at 0x1473377f20f0>,89,17,[6 2],145,176,193,31,176
1,<environment.Job instance at 0x1473374c0be0>,98,1,[1 9],158,176,177,18,176
1,<environment.Job instance at 0x1473374c0f00>,101,1,[2 8],164,178,179,14,178
1,<environment.Job instance at 0x1473374c0b90>,102,2,[9 1],167,179,181,12,179
1,<environment.Job instance at 0x147377e4b780>,111,2,[2 5],184,202,204,18,202
1,<environment.Job instance at 0x147377e4b8c0>,117,1,[1 9],191,210,211,19,210
1,<environment.Job instance at 0x147377e049b0>,15,2,[1 5],24,310,312,286,310
1,<environment.Job instance at 0x1473773810a0>,16,1,[2 5],25,602,603,577,602
1,<environment.Job instance at 0x147337431820>,2,1,[2 9],7,8,9,1,8
1,<environment.Job instance at 0x147372ce9050>,10,1,[2 8],16,16,17,0,16
1,<environment.Job instance at 0x147372ce9870>,14,1,[9 2],20,20,21,0,20
1,<environment.Job instance at 0x147372cedaf0>,25,2,[1 8],39,683,685,644,683
1,<environment.Job instance at 0x147372ced0a0>,27,17,[10  2],41,894,911,853,894
1,<environment.Job instance at 0x147372ced2d0>,30,3,[9 1],47,911,914,864,898
1,<environment.Job instance at 0x147372cedfa0>,31,27,[9 2],48,915,942,867,915
1,<environment.Job instance at 0x147372cedd70>,32,2,[7 1],49,942,944,893,932
1,<environment.Job instance at 0x147372ced690>,24,1,[2 5],38,939,940,901,939
1,<environment.Job instance at 0x147372ced410>,34,1,[6 1],51,960,961,909,960
1,<environment.Job instance at 0x147372ced870>,33,3,[1 6],50,961,964,911,961
1,<environment.Job instance at 0x147372cedcd0>,35,1,[1 5],52,961,962,909,961
1,<environment.Job instance at 0x147372ced550>,37,3,[1 7],54,975,978,921,975
1,<environment.Job instance at 0x147372cedbe0>,36,2,[1 7],53,983,985,930,983
1,<environment.Job instance at 0x147372cedb90>,38,1,[1 8],55,989,990,934,989
1,<environment.Job instance at 0x147372ced280>,39,2,[2 5],56,1046,1048,990,1046
1,<environment.Job instance at 0x147372ced9b0>,40,3,[1 9],57,1055,1058,998,1055
1,<environment.Job instance at 0x147372ced1e0>,42,1,[2 9],59,1066,1067,1007,1066
1,<environment.Job instance at 0x147372ceda50>,43,3,[1 9],62,1080,1083,1018,1080
1,<environment.Job instance at 0x147372cedeb0>,41,3,[8 1],58,1084,1087,1026,1084
1,<environment.Job instance at 0x147372ced8c0>,44,1,[9 1],63,1096,1097,1033,1096
1,<environment.Job instance at 0x147372ced320>,45,3,[1 7],64,1098,1101,1034,1098
1,<environment.Job instance at 0x147372cb0050>,47,16,[10  1],66,1120,1136,1054,1120
1,<environment.Job instance at 0x147372cb0140>,48,3,[5 1],68,1138,1141,1070,1138
1,<environment.Job instance at 0x147372cb01e0>,49,3,[9 2],69,1145,1148,1076,1145
1,<environment.Job instance at 0x147372cb02d0>,50,14,[ 1 12],70,1155,1169,1085,1155
1,<environment.Job instance at 0x147372cb0280>,51,2,[ 1 10],71,1169,1171,1098,1158
1,<environment.Job instance at 0x147372cb0410>,52,1,[9 1],72,1171,1172,1099,1171
1,<environment.Job instance at 0x147372ced230>,46,2,[1 8],65,1176,1178,1111,1176
1,<environment.Job instance at 0x147372cb0460>,54,1,[6 2],74,1179,1180,1105,1179
1,<environment.Job instance at 0x147372cb05a0>,55,3,[7 2],76,1185,1188,1109,1185
1,<environment.Job instance at 0x147372cb0320>,53,2,[1 5],73,1190,1192,1117,1190
1,<environment.Job instance at 0x147372ced780>,23,2,[5 1],37,1215,1217,1178,1215
1,<environment.Job instance at 0x147372cb0870>,58,1,[5 2],80,1228,1229,1148,1228
1,<environment.Job instance at 0x147372cb0730>,57,19,[5 1],78,1334,1353,1256,1334
1,<environment.Job instance at 0x147372cb08c0>,60,16,[ 1 10],83,1400,1416,1317,1400
1,<environment.Job instance at 0x147372cb09b0>,61,20,[10  2],84,1456,1476,1372,1456
1,<environment.Job instance at 0x147372cb0910>,59,3,[1 8],82,1567,1570,1485,1567
1,<environment.Job instance at 0x147372cb0a50>,62,15,[2 8],85,1599,1614,1514,1599
1,<environment.Job instance at 0x147372cb0960>,63,1,[1 5],87,1649,1650,1562,1649
1,<environment.Job instance at 0x147372cb0b40>,64,1,[7 2],88,1701,1702,1613,1701
1,<environment.Job instance at 0x147372cb0d70>,66,1,[6 2],91,1720,1721,1629,1720
1,<environment.Job instance at 0x147372cb0be0>,65,3,[ 2 10],90,1734,1737,1644,1734
1,<environment.Job instance at 0x147372cb0c80>,67,3,[10  2],93,1736,1739,1643,1736
1,<environment.Job instance at 0x147372cb0dc0>,69,15,[7 2],96,1739,1754,1643,1739
1,<environment.Job instance at 0x147372cb0640>,56,13,[1 6],77,1901,1914,1824,1901
1,<environment.Job instance at 0x147372cb0f50>,71,1,[1 5],101,1967,1968,1866,1967
1,<environment.Job instance at 0x147372cd80a0>,72,21,[6 2],102,1969,1990,1867,1969
1,<environment.Job instance at 0x147372cb0fa0>,70,13,[ 2 10],98,2129,2142,2031,2129
1,<environment.Job instance at 0x147372cd8190>,73,16,[6 1],104,2150,2166,2046,2150
1,<environment.Job instance at 0x147372cd8230>,74,1,[8 2],105,2171,2172,2066,2171
1,<environment.Job instance at 0x147372cd8370>,75,2,[ 2 10],106,2195,2197,2089,2195
1,<environment.Job instance at 0x147372cd8320>,76,1,[1 6],107,2197,2198,2090,2197
1,<environment.Job instance at 0x147372cd83c0>,79,3,[7 1],114,2205,2208,2091,2205
1,<environment.Job instance at 0x147372cd85a0>,80,1,[ 1 10],115,2209,2210,2094,2209
1,<environment.Job instance at 0x147372cd8730>,81,18,[6 1],116,2209,2227,2093,2209
1,<environment.Job instance at 0x147372cd8640>,82,3,[2 9],117,2223,2226,2106,2223
1,<environment.Job instance at 0x147372cd66e0>,1,1,[7 1],4,4,5,0,4
1,<environment.Job instance at 0x147372cd8640>,2,1,[1 5],5,6,7,1,6
1,<environment.Job instance at 0x1473722bf9b0>,5,21,[2 6],9,9,30,0,9
1,<environment.Job instance at 0x1473722bf190>,8,2,[5 2],13,13,15,0,13
1,<environment.Job instance at 0x1473722bfdc0>,9,2,[6 2],14,14,16,0,14
1,<environment.Job instance at 0x1473722c5f50>,13,1,[6 2],20,20,21,0,20
1,<environment.Job instance at 0x1473722c50f0>,14,16,[7 1],21,26,42,5,26
1,<environment.Job instance at 0x147336e0dd20>,26,16,[5 1],38,40,56,2,40
1,<environment.Job instance at 0x147336e0d5a0>,27,14,[9 1],39,57,71,18,57
1,<environment.Job instance at 0x147370836f50>,35,2,[1 5],49,57,59,8,57
1,<environment.Job instance at 0x147370836730>,36,2,[6 1],50,59,61,9,57
1,<environment.Job instance at 0x1473722bb7d0>,20,13,[9 1],29,71,84,42,65
1,<environment.Job instance at 0x147370836be0>,40,2,[2 8],58,65,67,7,65
1,<environment.Job instance at 0x147370836cd0>,41,16,[8 1],60,84,100,24,71
1,<environment.Job instance at 0x147370836230>,43,1,[2 5],62,74,75,12,74
1,<environment.Job instance at 0x147370836dc0>,39,1,[ 2 10],55,82,83,27,82
1,<environment.Job instance at 0x14737220fa00>,57,23,[2 9],82,83,106,1,83
1,<environment.Job instance at 0x147372023780>,63,2,[2 7],93,106,108,13,93
1,<environment.Job instance at 0x1473375c1140>,64,3,[8 1],94,100,103,6,94
1,<environment.Job instance at 0x147336cce0f0>,65,1,[8 2],96,103,104,7,96
1,<environment.Job instance at 0x147337154d70>,67,2,[8 1],100,104,106,4,100
1,<environment.Job instance at 0x147379d31b40>,69,1,[1 6],102,106,107,4,102
1,<environment.Job instance at 0x147372058780>,70,1,[8 1],106,106,107,0,106
1,<environment.Job instance at 0x147337150230>,71,1,[10  1],107,107,108,0,107
1,<environment.Job instance at 0x1473722ba320>,73,2,[9 1],109,109,111,0,109
1,<environment.Job instance at 0x1473722bb230>,21,2,[1 6],30,306,308,276,306
1,<environment.Job instance at 0x147336e0d2d0>,22,24,[9 2],31,318,342,287,318
1,<environment.Job instance at 0x147336fdc730>,85,1,[7 2],126,346,347,220,346
1,<environment.Job instance at 0x14737084ac30>,80,3,[13  1],117,457,460,340,457
1,<environment.Job instance at 0x14737084ad70>,81,3,[2 9],118,457,460,339,457
1,<environment.Job instance at 0x147336febfa0>,95,3,[ 2 10],142,460,463,318,457
1,<environment.Job instance at 0x147337141b40>,96,3,[6 2],143,460,463,317,457
1,<environment.Job instance at 0x147336feb1e0>,97,1,[9 2],147,463,464,316,457
1,<environment.Job instance at 0x147336fd0410>,98,1,[2 9],148,463,464,315,457
1,<environment.Job instance at 0x147336feba00>,94,26,[ 2 10],141,464,490,323,461
1,<environment.Job instance at 0x147336fd0c30>,102,1,[1 8],156,490,491,334,462
1,<environment.Job instance at 0x147336feb500>,90,1,[1 6],136,490,491,354,464
1,<environment.Job instance at 0x147336fd05a0>,105,1,[8 2],159,464,465,305,464
1,<environment.Job instance at 0x147336fd0b40>,106,1,[1 6],160,491,492,331,464
1,<environment.Job instance at 0x14733776e5a0>,110,1,[5 1],164,466,467,302,466
1,<environment.Job instance at 0x14733776ed70>,113,1,[1 8],167,491,492,324,466
1,<environment.Job instance at 0x147336c0f8c0>,114,2,[10  2],168,467,469,299,466
1,<environment.Job instance at 0x14733776e550>,115,1,[9 2],169,469,470,300,466
1,<environment.Job instance at 0x147336fe5050>,117,1,[10  1],172,483,484,311,483
1,<environment.Job instance at 0x147336fe59b0>,118,23,[5 2],174,492,515,318,486
1,<environment.Job instance at 0x147336fe5820>,124,3,[ 2 12],182,510,513,328,510
1,<environment.Job instance at 0x147336fdc140>,83,3,[1 8],124,554,557,430,554
1,<environment.Job instance at 0x147336fd0870>,104,19,[8 1],158,639,658,481,639
1,<environment.Job instance at 0x147337141cd0>,99,18,[2 7],149,650,668,501,650
1,<environment.Job instance at 0x147336d7ce60>,128,14,[9 1],186,658,672,472,651
1,<environment.Job instance at 0x147336d7c1e0>,129,16,[5 1],188,668,684,480,658
1,<environment.Job instance at 0x147336e24f00>,130,28,[5 2],189,672,700,483,671
1,<environment.Job instance at 0x147336e24a50>,131,3,[7 2],191,684,687,493,672
1,<environment.Job instance at 0x147336fffaf0>,132,2,[2 7],192,682,684,490,682
1,<environment.Job instance at 0x147336e24320>,133,3,[2 9],194,685,688,491,685
1,<environment.Job instance at 0x14737224d8c0>,134,1,[10  2],195,688,689,493,686
1,<environment.Job instance at 0x14737224de10>,135,2,[ 1 10],198,689,691,491,686
1,<environment.Job instance at 0x1473377b61e0>,136,1,[9 2],199,689,690,490,688
1,<environment.Job instance at 0x147336c3b050>,127,2,[2 8],185,1779,1781,1594,1779
1,<environment.Job instance at 0x14737734ea50>,7,1,[7 2],12,12,13,0,12
1,<environment.Job instance at 0x14737734e4b0>,17,15,[8 2],24,28,43,4,28
1,<environment.Job instance at 0x147372cb7c80>,25,21,[2 7],34,51,72,17,51
1,<environment.Job instance at 0x14737734e190>,14,3,[2 8],21,53,56,32,53
1,<environment.Job instance at 0x147372cb7730>,32,1,[1 9],41,72,73,31,54
1,<environment.Job instance at 0x147372cb70f0>,33,13,[1 6],42,59,72,17,59
1,<environment.Job instance at 0x147372cb7d20>,34,3,[5 1],43,59,62,16,59
1,<environment.Job instance at 0x147372cb7a50>,35,15,[7 2],44,62,77,18,59
1,<environment.Job instance at 0x14733728b910>,36,2,[1 6],47,73,75,26,62
1,<environment.Job instance at 0x14737734e9b0>,15,26,[2 6],22,228,254,206,228
1,<environment.Job instance at 0x14737734e960>,16,1,[2 6],23,247,248,224,247
1,<environment.Job instance at 0x14733729b5a0>,58,2,[1 8],79,265,267,186,265
1,<environment.Job instance at 0x14733728b5f0>,38,3,[ 2 13],54,267,270,213,267
1,<environment.Job instance at 0x147372d25c30>,72,1,[ 1 10],98,270,271,172,267
1,<environment.Job instance at 0x147372cf9be0>,74,1,[1 7],100,271,272,171,267
1,<environment.Job instance at 0x147372cf9d20>,76,2,[9 2],102,269,271,167,269
1,<environment.Job instance at 0x147372d25910>,71,1,[2 9],96,272,273,176,269
1,<environment.Job instance at 0x147372cf98c0>,77,22,[2 8],104,273,295,169,269
1,<environment.Job instance at 0x147372cf93c0>,80,2,[ 1 12],107,295,297,188,286
1,<environment.Job instance at 0x147372cf9f00>,86,1,[ 1 10],117,297,298,180,286
1,<environment.Job instance at 0x147372cf9b40>,87,1,[10  2],118,286,287,168,286
1,<environment.Job instance at 0x147372d25d70>,69,1,[2 7],93,287,288,194,286
1,<environment.Job instance at 0x147377463960>,91,2,[2 8],123,298,300,175,286
1,<environment.Job instance at 0x147372cf9320>,93,2,[8 1],127,288,290,161,287
1,<environment.Job instance at 0x14737223c410>,100,3,[8 1],137,311,314,174,311
1,<environment.Job instance at 0x14737970a4b0>,103,3,[9 1],140,314,317,174,311
1,<environment.Job instance at 0x14737970ad70>,105,14,[2 5],142,319,333,177,319
1,<environment.Job instance at 0x147372c98190>,111,2,[2 8],152,319,321,167,319
1,<environment.Job instance at 0x14737934df00>,112,1,[ 1 10],153,321,322,168,319
1,<environment.Job instance at 0x147336ef7b90>,114,3,[8 2],156,322,325,166,319
1,<environment.Job instance at 0x147336eecfa0>,115,1,[2 8],157,322,323,165,319
1,<environment.Job instance at 0x147336ef76e0>,116,1,[5 1],158,319,320,161,319
1,<environment.Job instance at 0x147337077190>,117,3,[5 1],159,323,326,164,319
1,<environment.Job instance at 0x147336ec6730>,118,18,[5 2],160,325,343,165,320
1,<environment.Job instance at 0x147336ec6460>,119,2,[6 2],165,326,328,161,320
1,<environment.Job instance at 0x147336ef6870>,89,3,[6 1],120,331,334,211,331
1,<environment.Job instance at 0x147336e373c0>,124,15,[5 2],172,344,359,172,344
1,<environment.Job instance at 0x1473371cfcd0>,127,1,[10  1],175,344,345,169,344
1,<environment.Job instance at 0x147372cf9d70>,78,13,[1 5],105,412,425,307,412
1,<environment.Job instance at 0x147336e378c0>,122,18,[ 1 10],170,495,513,325,495
1,<environment.Job instance at 0x147336e5aa50>,55,3,[ 2 10],76,548,551,472,548
1,<environment.Job instance at 0x147337386eb0>,4,2,[9 1],8,8,10,0,8
1,<environment.Job instance at 0x1473373fbd20>,2,21,[1 9],5,11,32,6,11
1,<environment.Job instance at 0x14733739b230>,8,2,[13  2],13,21,23,8,21
1,<environment.Job instance at 0x147337398280>,21,1,[1 6],31,34,35,3,34
1,<environment.Job instance at 0x1473373985f0>,24,16,[6 2],34,34,50,0,34
1,<environment.Job instance at 0x1473373b51e0>,33,1,[2 8],45,45,46,0,45
1,<environment.Job instance at 0x1473373b54b0>,35,1,[10  2],47,50,51,3,47
1,<environment.Job instance at 0x14733739b0f0>,10,3,[7 2],16,2221,2224,2205,2221
1,<environment.Job instance at 0x147337586460>,4,2,[6 2],7,7,9,0,7
1,<environment.Job instance at 0x147337581280>,11,1,[10  2],18,18,19,0,18
1,<environment.Job instance at 0x147337581e60>,12,27,[6 1],19,20,47,1,20
1,<environment.Job instance at 0x147372bc11e0>,18,1,[2 7],28,30,31,2,30
1,<environment.Job instance at 0x147372bc1960>,21,2,[12  2],34,925,927,891,925
1,<environment.Job instance at 0x147336e4bd70>,32,25,[1 7],49,1236,1261,1187,1236
1,<environment.Job instance at 0x147373003b40>,2,21,[5 1],4,5,26,1,5
1,<environment.Job instance at 0x147336fe4fa0>,11,24,[2 7],21,28,52,7,28
1,<environment.Job instance at 0x147336e4bd70>,3,3,[9 1],5,48,51,43,48
1,<environment.Job instance at 0x147336fe4910>,8,3,[ 1 12],15,54,57,39,54
1,<environment.Job instance at 0x147336fe0230>,15,18,[8 1],28,54,72,26,54
1,<environment.Job instance at 0x147336fe4960>,10,24,[5 2],18,147,171,129,147
1,<environment.Job instance at 0x147336ffa280>,35,23,[10  2],58,186,209,128,186
1,<environment.Job instance at 0x147336fe0910>,26,1,[5 1],45,357,358,312,357
1,<environment.Job instance at 0x147336ffa730>,38,2,[5 1],63,469,471,406,469
1,<environment.Job instance at 0x147336ffa6e0>,39,1,[8 2],65,469,470,404,469
1,<environment.Job instance at 0x147336ffa780>,41,3,[1 7],69,497,500,428,497
1,<environment.Job instance at 0x147336ffa9b0>,42,19,[8 1],72,497,516,425,497
1,<environment.Job instance at 0x147336ffab90>,43,3,[10  2],74,516,519,442,506
1,<environment.Job instance at 0x147336ffaaa0>,44,1,[9 1],75,519,520,444,506
1,<environment.Job instance at 0x147336ffac30>,45,2,[8 2],76,520,522,444,509
1,<environment.Job instance at 0x147336ffac80>,46,2,[6 1],77,509,511,432,509
1,<environment.Job instance at 0x147336ffad70>,47,1,[2 6],78,511,512,433,509
1,<environment.Job instance at 0x147336ffacd0>,48,2,[2 7],79,514,516,435,514
1,<environment.Job instance at 0x147336ffadc0>,49,1,[1 7],80,519,520,439,519
1,<environment.Job instance at 0x147336ffaf00>,50,1,[1 7],83,520,521,437,520
1,<environment.Job instance at 0x147336ffae60>,51,3,[6 2],84,520,523,436,520
1,<environment.Job instance at 0x147336fee050>,52,1,[8 2],85,522,523,437,520
1,<environment.Job instance at 0x147336fee140>,53,18,[9 2],86,523,541,437,520
1,<environment.Job instance at 0x147336fe4eb0>,12,3,[1 8],22,523,526,501,523
1,<environment.Job instance at 0x147336fee190>,54,3,[8 1],87,541,544,454,534
1,<environment.Job instance at 0x147336fee280>,56,2,[9 1],89,544,546,455,537
1,<environment.Job instance at 0x147336fee3c0>,57,3,[7 1],91,546,549,455,543
1,<environment.Job instance at 0x147336fee500>,58,1,[1 9],94,543,544,449,543
1,<environment.Job instance at 0x147336fee5f0>,59,14,[7 1],95,546,560,451,543
1,<environment.Job instance at 0x147336fee690>,60,3,[ 2 10],97,564,567,467,564
1,<environment.Job instance at 0x147336fee1e0>,55,3,[5 1],88,565,568,477,565
1,<environment.Job instance at 0x147336fee6e0>,61,3,[6 2],98,565,568,467,565
1,<environment.Job instance at 0x147336fee7d0>,63,3,[6 1],105,568,571,463,565
1,<environment.Job instance at 0x147336fee870>,64,3,[7 2],106,568,571,462,565
1,<environment.Job instance at 0x147336fee820>,65,15,[8 1],107,571,586,464,565
1,<environment.Job instance at 0x147336feea50>,66,3,[1 7],109,571,574,462,571
1,<environment.Job instance at 0x147336fee8c0>,67,2,[8 1],110,586,588,476,573
1,<environment.Job instance at 0x147336feec30>,68,2,[7 1],113,574,576,461,574
1,<environment.Job instance at 0x147336feebe0>,69,15,[7 1],114,576,591,462,575
1,<environment.Job instance at 0x147336feeb40>,70,3,[1 6],116,588,591,472,575
1,<environment.Job instance at 0x147336feed20>,71,2,[6 1],117,588,590,471,575
1,<environment.Job instance at 0x147336feec80>,72,1,[10  2],118,591,592,473,575
1,<environment.Job instance at 0x147336feed70>,73,3,[1 6],119,588,591,469,579
1,<environment.Job instance at 0x147336feef50>,74,17,[5 1],124,590,607,466,579
1,<environment.Job instance at 0x147336feedc0>,75,2,[1 5],126,592,594,466,579
1,<environment.Job instance at 0x147336fcd280>,76,1,[7 2],130,592,593,462,579
1,<environment.Job instance at 0x147336ffa870>,40,25,[2 7],67,813,838,746,813
1,<environment.Job instance at 0x147336fcd0f0>,78,1,[7 2],133,950,951,817,950
1,<environment.Job instance at 0x147336fcd370>,79,1,[10  2],134,999,1000,865,999
1,<environment.Job instance at 0x147336fcd320>,80,13,[1 8],135,1727,1740,1592,1727
1,<environment.Job instance at 0x147336fcd2d0>,81,3,[8 1],136,1784,1787,1648,1784
1,<environment.Job instance at 0x147336fcd4b0>,82,3,[6 1],137,1911,1914,1774,1911
1,<environment.Job instance at 0x147336fcd690>,83,2,[6 2],141,2088,2090,1947,2088
1,<environment.Job instance at 0x147336fcd5f0>,84,3,[14  1],142,2100,2103,1958,2100
1,<environment.Job instance at 0x147336fcd6e0>,85,2,[2 7],145,2342,2344,2197,2342
1,<environment.Job instance at 0x147336fcd870>,86,18,[5 1],148,2679,2697,2531,2679
1,<environment.Job instance at 0x147336fcd3c0>,87,3,[6 2],150,2736,2739,2586,2736
1,<environment.Job instance at 0x147336fcd9b0>,88,2,[10  2],151,2762,2764,2611,2762
1,<environment.Job instance at 0x147336fcdaf0>,89,2,[1 6],152,2781,2783,2629,2781
1,<environment.Job instance at 0x147336fee730>,62,3,[6 1],100,2812,2815,2712,2812
1,<environment.Job instance at 0x147336fcdc80>,91,3,[1 9],155,2873,2876,2718,2873
1,<environment.Job instance at 0x147336fcde10>,93,13,[8 2],157,2895,2908,2738,2895
1,<environment.Job instance at 0x147336fcdf50>,94,22,[7 2],158,2895,2917,2737,2895
1,<environment.Job instance at 0x1473375e74b0>,1,1,[2 6],3,4,5,1,4
1,<environment.Job instance at 0x147336fd6870>,2,13,[7 1],4,5,18,1,5
1,<environment.Job instance at 0x147377ced2d0>,5,3,[ 2 13],8,19,22,11,19
1,<environment.Job instance at 0x147377d67230>,12,1,[10  2],16,19,20,3,19
1,<environment.Job instance at 0x147372ffc320>,15,25,[9 2],20,20,45,0,20
1,<environment.Job instance at 0x147377d0f3c0>,16,2,[6 1],22,22,24,0,22
1,<environment.Job instance at 0x147336d64d20>,7,3,[1 8],10,141,144,131,141
1,<environment.Job instance at 0x1473373bc140>,56,1,[1 7],81,159,160,78,159
1,<environment.Job instance at 0x1473373bcfa0>,57,1,[9 1],85,159,160,74,159
1,<environment.Job instance at 0x147379325f00>,58,1,[5 1],86,159,160,73,159
1,<environment.Job instance at 0x1473793255f0>,61,1,[1 5],90,173,174,83,173
1,<environment.Job instance at 0x147379325190>,62,1,[ 1 12],91,174,175,83,173
1,<environment.Job instance at 0x147379325280>,63,1,[8 1],94,173,174,79,173
1,<environment.Job instance at 0x147379325c80>,64,3,[8 1],96,174,177,78,173
1,<environment.Job instance at 0x147379325690>,65,3,[7 2],102,175,178,73,173
1,<environment.Job instance at 0x147379325370>,66,1,[13  1],103,178,179,75,173
1,<environment.Job instance at 0x147379325500>,67,3,[2 7],104,177,180,73,173
1,<environment.Job instance at 0x147379325eb0>,68,2,[10  2],106,179,181,73,173
1,<environment.Job instance at 0x147379325cd0>,70,2,[2 7],108,180,182,72,173
1,<environment.Job instance at 0x14737216a7d0>,71,2,[9 2],109,181,183,72,173
1,<environment.Job instance at 0x147336e5f140>,92,1,[2 7],140,234,235,94,234
1,<environment.Job instance at 0x147336e5ff00>,96,3,[7 1],147,246,249,99,246
1,<environment.Job instance at 0x147336e5f820>,97,2,[1 8],148,246,248,98,246
1,<environment.Job instance at 0x147336e5f960>,98,3,[5 1],149,246,249,97,246
1,<environment.Job instance at 0x147336e5f870>,99,1,[1 9],150,248,249,98,246
1,<environment.Job instance at 0x147336e5fcd0>,101,17,[7 1],153,249,266,96,247
1,<environment.Job instance at 0x147336e5fb90>,102,2,[10  1],156,266,268,110,247
1,<environment.Job instance at 0x147336e5fdc0>,103,2,[ 1 10],157,249,251,92,247
1,<environment.Job instance at 0x147336e5f500>,104,14,[7 1],158,249,263,91,248
1,<environment.Job instance at 0x1473375fd870>,105,13,[5 2],159,263,276,104,252
1,<environment.Job instance at 0x1473375fd050>,108,16,[1 5],164,271,287,107,271
1,<environment.Job instance at 0x1473375fdfa0>,113,1,[2 5],171,271,272,100,271
1,<environment.Job instance at 0x1473375fd690>,114,15,[7 1],172,271,286,99,271
1,<environment.Job instance at 0x1473375fdcd0>,115,3,[1 5],173,272,275,99,271
1,<environment.Job instance at 0x147370608f00>,117,1,[2 9],175,276,277,101,271
1,<environment.Job instance at 0x1473706087d0>,118,1,[10  1],176,286,287,110,271
1,<environment.Job instance at 0x147370608c80>,120,3,[1 6],178,277,280,99,272
1,<environment.Job instance at 0x147370608aa0>,121,2,[5 1],179,277,279,98,272
1,<environment.Job instance at 0x147336e8db90>,122,1,[2 5],183,275,276,92,272
1,<environment.Job instance at 0x147337425e10>,52,3,[2 5],76,280,283,204,272
1,<environment.Job instance at 0x147336e8d2d0>,123,19,[1 8],184,283,302,99,273
1,<environment.Job instance at 0x147336e8d910>,124,2,[9 1],185,287,289,102,287
1,<environment.Job instance at 0x147377d67690>,10,17,[5 1],14,329,346,315,329
1,<environment.Job instance at 0x147336e8df50>,129,13,[6 1],192,354,367,162,354
1,<environment.Job instance at 0x147377de7550>,132,20,[10  2],197,448,468,251,448
1,<environment.Job instance at 0x147336e8d3c0>,126,2,[1 7],187,476,478,289,476
1,<environment.Job instance at 0x147336d64370>,9,15,[9 2],13,478,493,465,478
1,<environment.Job instance at 0x147336e8deb0>,125,3,[ 2 12],186,2769,2772,2583,2769
1,<environment.Job instance at 0x147336fc0370>,0,22,[1 5],1,1,23,0,1
1,<environment.Job instance at 0x147336fc0640>,5,1,[5 2],13,13,14,0,13
1,<environment.Job instance at 0x1473713bfc80>,18,16,[9 1],33,34,50,1,34
1,<environment.Job instance at 0x1473713bfa00>,15,16,[6 1],29,63,79,34,63
1,<environment.Job instance at 0x1473773d15a0>,28,2,[5 2],49,208,210,159,208
1,<environment.Job instance at 0x1473773d14b0>,33,14,[10  1],55,216,230,161,216
1,<environment.Job instance at 0x147337097500>,26,12,[ 1 13],46,218,230,172,218
1,<environment.Job instance at 0x14733752b960>,51,1,[7 2],87,230,231,143,218
1,<environment.Job instance at 0x14733752b780>,54,2,[5 1],92,230,232,138,218
1,<environment.Job instance at 0x1473376037d0>,58,2,[6 2],97,231,233,134,218
1,<environment.Job instance at 0x147337603aa0>,59,3,[10  2],98,233,236,135,218
1,<environment.Job instance at 0x1473376034b0>,61,1,[7 1],100,232,233,132,218
1,<environment.Job instance at 0x147337603f50>,62,1,[ 2 12],101,230,231,129,218
1,<environment.Job instance at 0x147370879230>,63,3,[6 2],103,236,239,133,219
1,<environment.Job instance at 0x147370879f00>,64,1,[5 2],104,233,234,129,219
1,<environment.Job instance at 0x147370879870>,65,2,[2 5],105,231,233,126,219
1,<environment.Job instance at 0x1473708797d0>,67,1,[8 1],107,236,237,129,223
1,<environment.Job instance at 0x147370879a50>,68,1,[5 1],108,234,235,126,223
1,<environment.Job instance at 0x147370879460>,69,1,[5 1],109,235,236,126,223
1,<environment.Job instance at 0x147370879a00>,70,1,[10  2],110,239,240,129,223
1,<environment.Job instance at 0x147370879b40>,71,3,[5 2],115,237,240,122,223
1,<environment.Job instance at 0x147370879aa0>,72,2,[2 8],116,237,239,121,224
1,<environment.Job instance at 0x1473708796e0>,73,3,[9 2],117,240,243,123,224
1,<environment.Job instance at 0x1473720dd550>,74,1,[9 1],118,243,244,125,224
1,<environment.Job instance at 0x147372c05af0>,75,1,[1 9],119,236,237,117,224
1,<environment.Job instance at 0x147336e14eb0>,78,3,[1 6],122,240,243,118,232
1,<environment.Job instance at 0x147336e14e10>,81,1,[10  2],125,244,245,119,241
1,<environment.Job instance at 0x147336e14dc0>,82,17,[2 9],126,243,260,117,243
1,<environment.Job instance at 0x147372cb4370>,83,2,[1 7],129,260,262,131,243
1,<environment.Job instance at 0x147336e14640>,84,3,[2 6],130,245,248,115,244
1,<environment.Job instance at 0x147336e14140>,85,1,[8 2],131,248,249,117,244
1,<environment.Job instance at 0x147336e14a50>,87,2,[9 1],133,249,251,116,245
1,<environment.Job instance at 0x147370b56a50>,90,22,[6 2],136,251,273,115,250
1,<environment.Job instance at 0x14737211c5a0>,93,3,[2 7],141,276,279,135,276
1,<environment.Job instance at 0x147337536b40>,96,18,[5 1],145,294,312,149,294
1,<environment.Job instance at 0x147372bb4be0>,99,1,[7 1],148,313,314,165,313
1,<environment.Job instance at 0x147336e14c80>,88,3,[ 2 13],134,313,316,179,313
1,<environment.Job instance at 0x147336d7d5a0>,101,1,[6 2],150,314,315,164,313
1,<environment.Job instance at 0x14733752b690>,50,25,[2 9],85,316,341,231,313
1,<environment.Job instance at 0x147372d20410>,104,3,[6 1],156,315,318,159,313
1,<environment.Job instance at 0x147372cafeb0>,105,1,[9 1],158,318,319,160,313
1,<environment.Job instance at 0x147336e55be0>,107,2,[2 5],160,316,318,156,313
1,<environment.Job instance at 0x1473377bac80>,109,2,[1 9],162,341,343,179,314
1,<environment.Job instance at 0x1473372a4690>,110,1,[2 6],163,319,320,156,314
1,<environment.Job instance at 0x147372cbc5f0>,103,1,[1 6],154,320,321,166,314
1,<environment.Job instance at 0x1473760f5280>,112,1,[9 1],166,321,322,155,314
1,<environment.Job instance at 0x147378ee10a0>,113,1,[8 1],168,322,323,154,314
1,<environment.Job instance at 0x147336e68fa0>,114,14,[8 2],171,323,337,152,314
1,<environment.Job instance at 0x147377d6bfa0>,111,17,[1 5],164,337,354,173,325
1,<environment.Job instance at 0x147336e680f0>,116,1,[10  1],173,337,338,164,325
1,<environment.Job instance at 0x147336ce5690>,117,2,[1 6],175,343,345,168,325
1,<environment.Job instance at 0x147336ce51e0>,118,28,[1 5],177,345,373,168,344
1,<environment.Job instance at 0x14733752bf50>,46,13,[10  1],77,344,357,267,344
1,<environment.Job instance at 0x147336e68960>,115,3,[2 6],172,392,395,220,392
1,<environment.Job instance at 0x147377d95f00>,124,1,[1 6],185,393,394,208,393
1,<environment.Job instance at 0x147370606af0>,4,2,[12  1],5,8,10,3,8
1,<environment.Job instance at 0x147370606e10>,7,1,[9 2],9,10,11,1,9
1,<environment.Job instance at 0x1473706068c0>,9,1,[6 2],12,12,13,0,12
1,<environment.Job instance at 0x147370606190>,11,1,[6 1],14,15,16,1,15
1,<environment.Job instance at 0x14733772adc0>,15,1,[8 1],18,18,19,0,18
1,<environment.Job instance at 0x14733772a6e0>,16,1,[ 1 12],19,19,20,0,19
1,<environment.Job instance at 0x14733772a870>,18,2,[ 2 10],21,23,25,2,23
1,<environment.Job instance at 0x14733772a7d0>,21,2,[1 7],29,29,31,0,29
1,<environment.Job instance at 0x147377d46140>,28,1,[5 2],37,39,40,2,39
1,<environment.Job instance at 0x147336cc1280>,35,18,[1 8],44,987,1005,943,987
1,<environment.Job instance at 0x147370846190>,48,1,[1 7],69,2929,2930,2860,2929
