iteration,job object,job ID,job Length,job ressource requirement,job enter time,job start time,job finish time,job waiting time,current time
1,<environment.Job instance at 0x151eb7d4aaa0>,8,13,[6 1],9,15,28,6,15
1,<environment.Job instance at 0x151eb9933870>,1,13,[2 8],2,2,15,0,2
1,<environment.Job instance at 0x151eb88abaa0>,0,16,[5 2],1,1,17,0,1
1,<environment.Job instance at 0x151eb99df050>,3,13,[6 2],4,21,34,17,21
1,<environment.Job instance at 0x151e82c2cf50>,0,20,[2 8],2,2,22,0,2
1,<environment.Job instance at 0x151e82c2cbe0>,4,16,[10  2],7,22,38,15,10
1,<environment.Job instance at 0x151eb9bb04b0>,0,2,[9 1],1,1,3,0,1
1,<environment.Job instance at 0x151e827b59b0>,0,17,[ 2 10],2,2,19,0,2
1,<environment.Job instance at 0x151eba4cd7d0>,0,13,[7 2],2,2,15,0,2
1,<environment.Job instance at 0x151e82bb5140>,4,15,[5 1],7,8,23,1,8
1,<environment.Job instance at 0x151e82849be0>,1,21,[5 2],2,7,28,5,7
1,<environment.Job instance at 0x151e82a37140>,0,14,[10  1],1,1,15,0,1
1,<environment.Job instance at 0x151e82a145f0>,1,17,[1 6],3,3,20,0,3
1,<environment.Job instance at 0x151eba5ee370>,2,17,[7 1],4,4,21,0,4
1,<environment.Job instance at 0x151e824bbbe0>,4,16,[9 1],8,21,37,13,8
1,<environment.Job instance at 0x151e82a23d70>,0,15,[9 2],2,2,17,0,2
1,<environment.Job instance at 0x151eb418ed20>,4,12,[7 1],7,42,54,35,42
1,<environment.Job instance at 0x151eba5f4c30>,0,20,[7 2],1,1,21,0,1
1,<environment.Job instance at 0x151eb99cf780>,0,17,[2 8],1,1,18,0,1
1,<environment.Job instance at 0x151e827bc5a0>,0,25,[1 8],1,3,28,2,3
1,<environment.Job instance at 0x151e82a26af0>,2,17,[8 2],5,5,22,0,5
1,<environment.Job instance at 0x151e82a27780>,0,16,[2 9],1,1,17,0,1
1,<environment.Job instance at 0x151eb9a86050>,0,25,[10  1],1,1,26,0,1
1,<environment.Job instance at 0x151e82a52690>,5,18,[8 2],8,26,44,18,24
1,<environment.Job instance at 0x151e82bb4410>,2,15,[7 2],3,3,18,0,3
1,<environment.Job instance at 0x151eba8877d0>,3,24,[5 2],6,17,41,11,17
1,<environment.Job instance at 0x151e824a5690>,1,2,[1 8],2,2,4,0,2
1,<environment.Job instance at 0x151eba8764b0>,7,15,[2 5],9,13,28,4,13
1,<environment.Job instance at 0x151e8256d1e0>,4,17,[2 7],7,7,24,0,7
1,<environment.Job instance at 0x151e8256d2d0>,5,14,[1 6],8,24,38,16,14
1,<environment.Job instance at 0x151e8256db40>,0,19,[10  1],1,1,20,0,1
1,<environment.Job instance at 0x151e8256db90>,2,12,[9 2],3,20,32,17,7
1,<environment.Job instance at 0x151e823d5dc0>,7,16,[ 2 10],8,32,48,24,32
1,<environment.Job instance at 0x151ec0cb49b0>,0,15,[2 6],2,2,17,0,2
1,<environment.Job instance at 0x151eb99f3870>,2,13,[10  2],8,8,21,0,8
1,<environment.Job instance at 0x151e8253faa0>,3,16,[10  1],4,4,20,0,4
1,<environment.Job instance at 0x151eb9b7e0a0>,2,3,[5 2],5,5,8,0,5
1,<environment.Job instance at 0x151e82ea3280>,1,18,[1 5],2,2,20,0,2
1,<environment.Job instance at 0x151e82ea3320>,2,16,[1 5],6,10,26,4,10
1,<environment.Job instance at 0x151eb8886cd0>,0,27,[1 7],1,3,30,2,3
1,<environment.Job instance at 0x151e82c95410>,0,13,[10  1],1,1,14,0,1
1,<environment.Job instance at 0x151e824d21e0>,0,19,[2 6],1,1,20,0,1
1,<environment.Job instance at 0x151e82d47b90>,0,2,[6 1],1,1,3,0,1
1,<environment.Job instance at 0x151eb4160690>,4,18,[2 8],5,5,23,0,5
1,<environment.Job instance at 0x151e82b918c0>,0,17,[2 8],1,1,18,0,1
1,<environment.Job instance at 0x151e82edf410>,1,12,[1 7],3,3,15,0,3
1,<environment.Job instance at 0x151e82ac8af0>,6,28,[6 2],9,358,386,349,358
1,<environment.Job instance at 0x151e827a3820>,0,18,[9 1],2,2,20,0,2
1,<environment.Job instance at 0x151ebec6e0a0>,0,15,[5 2],1,1,16,0,1
1,<environment.Job instance at 0x151e82f62c30>,2,19,[9 1],3,3,22,0,3
1,<environment.Job instance at 0x151e82d6d690>,0,17,[9 1],3,3,20,0,3
1,<environment.Job instance at 0x151e826a2910>,0,13,[6 1],1,1,14,0,1
1,<environment.Job instance at 0x151e826a2690>,5,13,[2 6],6,15,28,9,15
1,<environment.Job instance at 0x151e8233f690>,0,17,[7 1],1,1,18,0,1
1,<environment.Job instance at 0x151e8233fbe0>,1,17,[2 7],2,49,66,47,49
1,<environment.Job instance at 0x151e8233f2d0>,0,15,[1 7],2,3,18,1,3
1,<environment.Job instance at 0x151eba842960>,2,28,[6 2],4,527,555,523,527
1,<environment.Job instance at 0x151e82338fa0>,4,25,[10  1],5,5,30,0,5
1,<environment.Job instance at 0x151e825cca00>,6,15,[5 2],8,38,53,30,38
1,<environment.Job instance at 0x151eb81fe410>,1,19,[ 1 10],3,4,23,1,4
1,<environment.Job instance at 0x151e82760140>,2,25,[2 8],3,4,29,1,4
1,<environment.Job instance at 0x151e827601e0>,6,17,[5 2],7,28,45,21,28
1,<environment.Job instance at 0x151ec19af370>,0,1,[6 1],1,2,3,1,2
1,<environment.Job instance at 0x151e82d8e370>,1,14,[5 2],3,4,18,1,4
1,<environment.Job instance at 0x151e828955f0>,0,25,[10  1],3,3,28,0,3
1,<environment.Job instance at 0x151e82c91780>,1,21,[10  1],3,3,24,0,3
1,<environment.Job instance at 0x151e82c91af0>,2,17,[1 8],9,24,41,15,20
1,<environment.Job instance at 0x151e82e35a00>,5,17,[5 2],9,11,28,2,11
1,<environment.Job instance at 0x151e82e35a00>,3,19,[7 2],4,5,24,1,5
1,<environment.Job instance at 0x151e82dcad70>,5,13,[8 1],6,24,37,18,22
1,<environment.Job instance at 0x151eb40f7eb0>,0,3,[2 8],1,1,4,0,1
1,<environment.Job instance at 0x151eb88a9410>,1,19,[8 1],2,3,22,1,3
1,<environment.Job instance at 0x151ebf68b140>,2,16,[1 8],4,4,20,0,4
1,<environment.Job instance at 0x151e829b3410>,3,23,[9 1],8,11,34,3,11
1,<environment.Job instance at 0x151eb8204550>,1,17,[2 7],3,4,21,1,4
1,<environment.Job instance at 0x151ec1844f50>,4,12,[7 2],8,19,31,11,19
1,<environment.Job instance at 0x151ec0c65a00>,0,13,[10  1],1,1,14,0,1
1,<environment.Job instance at 0x151e8283daf0>,1,1,[6 1],2,2,3,0,2
1,<environment.Job instance at 0x151e82dcdeb0>,0,20,[8 2],1,1,21,0,1
1,<environment.Job instance at 0x151e82984f00>,0,12,[2 8],1,1,13,0,1
1,<environment.Job instance at 0x151ec17d60f0>,0,16,[1 6],1,1,17,0,1
1,<environment.Job instance at 0x151ec17d6eb0>,1,15,[10  2],2,17,32,15,3
1,<environment.Job instance at 0x151eb9b8cc30>,5,13,[1 5],7,33,46,26,33
1,<environment.Job instance at 0x151e82ee1be0>,6,16,[9 1],7,7,23,0,7
1,<environment.Job instance at 0x151e82ed5870>,1,1,[5 1],3,3,4,0,3
1,<environment.Job instance at 0x151e82e27500>,0,14,[ 1 10],1,1,15,0,1
1,<environment.Job instance at 0x151e82482aa0>,0,13,[2 8],1,1,14,0,1
1,<environment.Job instance at 0x151e82e100a0>,1,19,[2 8],5,49,68,44,49
1,<environment.Job instance at 0x151eb9ae6fa0>,2,3,[9 2],3,3,6,0,3
1,<environment.Job instance at 0x151eb9ae6b90>,3,17,[5 2],4,6,23,2,5
1,<environment.Job instance at 0x151e822f8be0>,5,19,[ 1 10],7,23,42,16,17
1,<environment.Job instance at 0x151ebf6bbb40>,0,15,[6 1],3,17,32,14,17
1,<environment.Job instance at 0x151ebf6bb460>,5,14,[9 1],8,32,46,24,23
1,<environment.Job instance at 0x151eb823ea50>,4,15,[8 1],7,8,23,1,8
1,<environment.Job instance at 0x151e827d5d70>,3,15,[1 7],4,4,19,0,4
1,<environment.Job instance at 0x151e82fc6d20>,0,21,[10  2],2,2,23,0,2
1,<environment.Job instance at 0x151ec05d0640>,0,18,[5 2],2,4,22,2,4
1,<environment.Job instance at 0x151e823d7a00>,2,13,[10  1],4,4,17,0,4
1,<environment.Job instance at 0x151e829c1690>,1,2,[6 1],2,5,7,3,5
1,<environment.Job instance at 0x151ebf625f50>,4,2,[7 1],6,7,9,1,6
1,<environment.Job instance at 0x151e82fad5a0>,0,3,[1 7],1,1,4,0,1
1,<environment.Job instance at 0x151eba52f820>,2,13,[2 9],3,3,16,0,3
1,<environment.Job instance at 0x151eba52f7d0>,3,12,[5 2],5,29,41,24,29
1,<environment.Job instance at 0x151e8268c320>,1,18,[8 1],4,4,22,0,4
1,<environment.Job instance at 0x151e8285ac80>,2,2,[2 8],6,6,8,0,6
1,<environment.Job instance at 0x151e82eb1f50>,0,14,[10  2],2,2,16,0,2
1,<environment.Job instance at 0x151e8239e8c0>,1,15,[9 1],3,3,18,0,3
1,<environment.Job instance at 0x151eba887280>,4,20,[1 7],8,63,83,55,63
1,<environment.Job instance at 0x151e823a01e0>,0,3,[8 2],1,1,4,0,1
1,<environment.Job instance at 0x151e82d77640>,1,13,[1 5],2,2,15,0,2
1,<environment.Job instance at 0x151e82d77730>,2,15,[5 1],4,15,30,11,15
1,<environment.Job instance at 0x151eb9c06320>,2,16,[2 8],5,5,21,0,5
1,<environment.Job instance at 0x151e824c7b40>,0,1,[6 1],1,1,2,0,1
1,<environment.Job instance at 0x151e82dc32d0>,0,25,[2 7],1,1,26,0,1
1,<environment.Job instance at 0x151eb99cadc0>,0,2,[7 2],1,2,4,1,2
1,<environment.Job instance at 0x151eb99ca4b0>,2,3,[2 5],4,4,7,0,4
1,<environment.Job instance at 0x151ec0c68d70>,3,12,[9 2],5,7,19,2,5
1,<environment.Job instance at 0x151e82ddd410>,0,25,[10  2],2,2,27,0,2
1,<environment.Job instance at 0x151ebed59960>,0,14,[5 2],1,1,15,0,1
1,<environment.Job instance at 0x151eba4fa500>,5,16,[ 2 10],8,15,31,7,8
1,<environment.Job instance at 0x151eb823c640>,0,3,[6 1],1,1,4,0,1
1,<environment.Job instance at 0x151e826045a0>,4,12,[5 1],5,44,56,39,44
1,<environment.Job instance at 0x151eb9b90a50>,2,26,[10  1],4,4,30,0,4
1,<environment.Job instance at 0x151ebec6b2d0>,1,3,[7 2],3,3,6,0,3
1,<environment.Job instance at 0x151e82355e60>,0,19,[1 6],1,2,21,1,2
1,<environment.Job instance at 0x151e82848550>,1,17,[7 2],3,3,20,0,3
1,<environment.Job instance at 0x151eb9bc63c0>,4,16,[6 1],7,26,42,19,26
1,<environment.Job instance at 0x151eb9c02d70>,0,19,[5 2],1,3,22,2,3
1,<environment.Job instance at 0x151eb4105410>,3,17,[7 2],5,47,64,42,47
1,<environment.Job instance at 0x151e82a6a230>,3,14,[2 8],6,6,20,0,6
1,<environment.Job instance at 0x151eb405c6e0>,1,14,[10  1],2,2,16,0,2
1,<environment.Job instance at 0x151e8291abe0>,2,13,[ 2 10],4,4,17,0,4
1,<environment.Job instance at 0x151eba8afe60>,4,12,[10  1],7,10,22,3,10
1,<environment.Job instance at 0x151eb7f93d70>,1,23,[ 2 10],2,5,28,3,5
1,<environment.Job instance at 0x151e8276e6e0>,7,17,[ 2 10],9,28,45,19,17
1,<environment.Job instance at 0x151eb9c14140>,0,3,[5 2],1,2,5,1,2
1,<environment.Job instance at 0x151eb8898b90>,1,17,[6 2],5,5,22,0,5
1,<environment.Job instance at 0x151e8285e370>,5,12,[6 2],9,28,40,19,28
1,<environment.Job instance at 0x151e82a88e10>,1,16,[2 9],4,4,20,0,4
1,<environment.Job instance at 0x151e829908c0>,4,15,[9 1],7,20,35,13,7
1,<environment.Job instance at 0x151eb9beab90>,2,17,[2 9],4,4,21,0,4
1,<environment.Job instance at 0x151e82870dc0>,1,12,[2 8],3,3,15,0,3
1,<environment.Job instance at 0x151eb8881820>,2,14,[10  2],4,15,29,11,5
1,<environment.Job instance at 0x151e82e9aa00>,5,19,[2 8],7,29,48,22,20
1,<environment.Job instance at 0x151e82d98910>,0,12,[5 1],2,2,14,0,2
1,<environment.Job instance at 0x151e829a85a0>,2,18,[2 9],5,5,23,0,5
1,<environment.Job instance at 0x151eba4e5640>,1,19,[10  2],3,3,22,0,3
1,<environment.Job instance at 0x151e82fa88c0>,0,18,[8 1],1,1,19,0,1
1,<environment.Job instance at 0x151ebed633c0>,1,3,[6 2],4,4,7,0,4
1,<environment.Job instance at 0x151e822b1910>,1,13,[7 2],4,5,18,1,5
1,<environment.Job instance at 0x151e82ac85f0>,1,14,[6 2],3,3,17,0,3
1,<environment.Job instance at 0x151ebf73ab90>,1,17,[6 1],2,3,20,1,3
1,<environment.Job instance at 0x151ebf6f86e0>,4,18,[2 8],7,16,34,9,16
1,<environment.Job instance at 0x151e82af2cd0>,0,15,[7 2],1,1,16,0,1
1,<environment.Job instance at 0x151eb41779b0>,1,25,[2 9],2,21,46,19,21
1,<environment.Job instance at 0x151e82fb3410>,2,14,[7 1],3,3,17,0,3
1,<environment.Job instance at 0x151e82929960>,1,20,[9 2],3,3,23,0,3
1,<environment.Job instance at 0x151eba9318c0>,0,14,[1 6],1,1,15,0,1
1,<environment.Job instance at 0x151ebed87dc0>,3,19,[2 9],4,15,34,11,11
1,<environment.Job instance at 0x151ebec535a0>,0,16,[10  1],1,1,17,0,1
1,<environment.Job instance at 0x151eb81e7730>,0,15,[7 2],1,1,16,0,1
1,<environment.Job instance at 0x151eb81e7500>,4,16,[6 1],9,50,66,41,50
1,<environment.Job instance at 0x151e8274fe60>,1,14,[2 9],3,3,17,0,3
1,<environment.Job instance at 0x151ebed740a0>,2,18,[8 1],4,6,24,2,6
1,<environment.Job instance at 0x151ebecb8960>,0,13,[1 5],1,1,14,0,1
1,<environment.Job instance at 0x151ebecb8640>,4,15,[1 9],6,14,29,8,7
1,<environment.Job instance at 0x151e82cdae60>,0,2,[2 6],1,1,3,0,1
1,<environment.Job instance at 0x151eba8d7410>,0,20,[2 8],2,3,23,1,3
1,<environment.Job instance at 0x151eb4105870>,4,15,[5 2],6,7,22,1,7
1,<environment.Job instance at 0x151eb7d5ed20>,0,3,[6 1],3,3,6,0,3
1,<environment.Job instance at 0x151eb4069c80>,1,14,[2 5],4,4,18,0,4
1,<environment.Job instance at 0x151e82b77d70>,5,12,[1 7],7,7,19,0,7
1,<environment.Job instance at 0x151eb9bf0690>,0,1,[8 1],4,7,8,3,7
1,<environment.Job instance at 0x151ebf5faaa0>,4,1,[8 1],8,8,9,0,8
1,<environment.Job instance at 0x151e82381780>,0,3,[7 1],1,1,4,0,1
1,<environment.Job instance at 0x151ebf6920f0>,1,1,[2 9],5,5,6,0,5
1,<environment.Job instance at 0x151e826612d0>,2,18,[2 7],6,6,24,0,6
1,<environment.Job instance at 0x151eb7d57e60>,3,19,[8 1],5,15,34,10,15
1,<environment.Job instance at 0x151eb40d2aa0>,0,17,[5 2],1,1,18,0,1
1,<environment.Job instance at 0x151eb404fcd0>,0,25,[2 8],3,7,32,4,7
1,<environment.Job instance at 0x151e82f14eb0>,0,13,[1 6],1,1,14,0,1
1,<environment.Job instance at 0x151e829329b0>,0,2,[6 2],1,1,3,0,1
1,<environment.Job instance at 0x151eb95131e0>,2,18,[8 1],5,28,46,23,28
1,<environment.Job instance at 0x151ebec9d7d0>,0,17,[7 2],1,1,18,0,1
1,<environment.Job instance at 0x151eb9bc27d0>,1,16,[5 1],2,2,18,0,2
1,<environment.Job instance at 0x151e82ecdb40>,1,14,[2 5],2,3,17,1,3
1,<environment.Job instance at 0x151eb9a22c80>,0,24,[10  1],2,2,26,0,2
1,<environment.Job instance at 0x151e823d44b0>,0,20,[9 1],2,2,22,0,2
1,<environment.Job instance at 0x151e823d4e60>,2,18,[10  1],5,22,40,17,11
1,<environment.Job instance at 0x151e82d33910>,0,16,[1 8],1,1,17,0,1
1,<environment.Job instance at 0x151eb9abc3c0>,0,1,[8 1],2,4,5,2,4
1,<environment.Job instance at 0x151e82d7f6e0>,0,3,[6 1],1,1,4,0,1
1,<environment.Job instance at 0x151e82d7f5a0>,5,13,[2 7],6,6,19,0,6
1,<environment.Job instance at 0x151ec1073dc0>,0,18,[8 2],1,1,19,0,1
1,<environment.Job instance at 0x151e822ee780>,3,18,[1 6],4,57,75,53,57
1,<environment.Job instance at 0x151ec0c40e10>,0,3,[10  1],2,2,5,0,2
1,<environment.Job instance at 0x151ec0c40eb0>,1,22,[9 2],3,3,25,0,3
1,<environment.Job instance at 0x151e825701e0>,3,19,[1 6],5,52,71,47,52
1,<environment.Job instance at 0x151eb9baa0f0>,2,19,[8 2],6,6,25,0,6
1,<environment.Job instance at 0x151e826a7d70>,4,16,[10  1],6,6,22,0,6
1,<environment.Job instance at 0x151ebf6e5500>,1,12,[ 1 10],4,4,16,0,4
1,<environment.Job instance at 0x151eba5f47d0>,3,13,[6 1],7,16,29,9,11
1,<environment.Job instance at 0x151eba5f4b40>,1,12,[1 8],2,2,14,0,2
1,<environment.Job instance at 0x151ebf5fa0f0>,0,25,[10  2],1,1,26,0,1
1,<environment.Job instance at 0x151eb7f75e10>,1,17,[1 9],2,2,19,0,2
1,<environment.Job instance at 0x151eb820d690>,2,28,[1 7],3,16,44,13,16
1,<environment.Job instance at 0x151eb7f91f50>,7,13,[6 1],9,63,76,54,63
1,<environment.Job instance at 0x151eb7f75690>,3,2,[7 2],4,87,89,83,87
1,<environment.Job instance at 0x151e824520a0>,0,12,[ 1 10],1,1,13,0,1
1,<environment.Job instance at 0x151ebec7e4b0>,0,17,[7 2],1,1,18,0,1
1,<environment.Job instance at 0x151e8248f960>,0,18,[8 2],2,2,20,0,2
1,<environment.Job instance at 0x151ebec56050>,6,16,[9 2],9,9,25,0,9
1,<environment.Job instance at 0x151e826eabe0>,3,13,[1 8],7,7,20,0,7
1,<environment.Job instance at 0x151ebf64d410>,1,2,[1 6],2,2,4,0,2
1,<environment.Job instance at 0x151e825c3a00>,3,16,[9 2],4,4,20,0,4
1,<environment.Job instance at 0x151e825c3be0>,1,20,[5 2],4,7,27,3,7
1,<environment.Job instance at 0x151eba4e7eb0>,5,13,[7 1],9,33,46,24,33
1,<environment.Job instance at 0x151eb415a780>,0,14,[2 9],1,1,15,0,1
1,<environment.Job instance at 0x151eba8c6b40>,6,15,[10  2],8,8,23,0,8
1,<environment.Job instance at 0x151e8231da50>,2,18,[6 2],4,25,43,21,25
1,<environment.Job instance at 0x151ebf65bd20>,0,17,[8 2],1,1,18,0,1
1,<environment.Job instance at 0x151e82f81fa0>,1,20,[8 2],3,4,24,1,4
1,<environment.Job instance at 0x151eba4e7230>,0,17,[6 1],1,4,21,3,4
1,<environment.Job instance at 0x151eba8fdaf0>,0,19,[2 8],1,1,20,0,1
1,<environment.Job instance at 0x151eba8fd640>,2,20,[1 9],5,20,40,15,19
1,<environment.Job instance at 0x151ebecef870>,0,23,[10  2],1,1,24,0,1
1,<environment.Job instance at 0x151eb9994dc0>,4,18,[8 1],9,9,27,0,9
1,<environment.Job instance at 0x151e82c8f230>,1,15,[7 1],2,20,35,18,20
1,<environment.Job instance at 0x151e824f0780>,0,17,[5 1],5,8,25,3,8
1,<environment.Job instance at 0x151e82502b90>,0,15,[1 5],1,1,16,0,1
1,<environment.Job instance at 0x151e82502af0>,1,18,[1 9],2,102,120,100,102
1,<environment.Job instance at 0x151e828626e0>,0,13,[1 7],2,2,15,0,2
1,<environment.Job instance at 0x151e82862460>,0,15,[1 6],2,2,17,0,2
1,<environment.Job instance at 0x151eba846640>,0,2,[2 8],1,2,4,1,2
1,<environment.Job instance at 0x151eb9967be0>,0,22,[10  1],1,1,23,0,1
1,<environment.Job instance at 0x151eb9c26230>,4,15,[2 6],9,23,38,14,10
1,<environment.Job instance at 0x151eb40eda00>,0,16,[10  2],1,1,17,0,1
1,<environment.Job instance at 0x151ebed60190>,0,19,[8 2],1,1,20,0,1
1,<environment.Job instance at 0x151eba4d35f0>,1,17,[6 1],2,42,59,40,42
1,<environment.Job instance at 0x151eba869d20>,6,15,[9 2],8,59,74,51,51
1,<environment.Job instance at 0x151eba869500>,7,17,[5 1],9,75,92,66,75
1,<environment.Job instance at 0x151e823968c0>,0,19,[10  2],1,1,20,0,1
1,<environment.Job instance at 0x151e82825820>,0,15,[2 9],2,2,17,0,2
1,<environment.Job instance at 0x151eb81c54b0>,1,14,[5 2],3,3,17,0,3
1,<environment.Job instance at 0x151ebd816aa0>,1,16,[6 2],2,2,18,0,2
1,<environment.Job instance at 0x151eba93cc80>,0,18,[6 1],1,3,21,2,3
1,<environment.Job instance at 0x151e827640f0>,0,15,[6 2],1,1,16,0,1
1,<environment.Job instance at 0x151ebf6bc870>,1,16,[1 5],4,11,27,7,11
1,<environment.Job instance at 0x151eb99706e0>,3,15,[ 2 10],4,4,19,0,4
1,<environment.Job instance at 0x151eb404d910>,1,19,[1 8],4,47,66,43,47
1,<environment.Job instance at 0x151ebecae910>,4,20,[10  2],7,7,27,0,7
1,<environment.Job instance at 0x151ebecaec30>,6,15,[1 9],9,27,42,18,23
1,<environment.Job instance at 0x151eb9a5ff00>,3,13,[1 7],5,5,18,0,5
1,<environment.Job instance at 0x151e82856230>,5,16,[6 1],7,121,137,114,121
1,<environment.Job instance at 0x151e8285f910>,0,16,[9 1],1,1,17,0,1
1,<environment.Job instance at 0x151e8227c370>,3,16,[2 7],7,7,23,0,7
1,<environment.Job instance at 0x151e8286ba00>,5,17,[2 7],8,8,25,0,8
1,<environment.Job instance at 0x151eb9bf07d0>,0,3,[10  1],1,1,4,0,1
1,<environment.Job instance at 0x151e8249c7d0>,3,18,[5 1],6,7,25,1,7
1,<environment.Job instance at 0x151e8249c780>,5,12,[2 7],9,11,23,2,11
1,<environment.Job instance at 0x151eb4160f00>,0,25,[10  2],1,1,26,0,1
1,<environment.Job instance at 0x151e82d57500>,0,26,[10  2],1,1,27,0,1
1,<environment.Job instance at 0x151e825037d0>,3,18,[ 1 10],5,5,23,0,5
1,<environment.Job instance at 0x151ebecf0140>,0,18,[5 1],1,1,19,0,1
1,<environment.Job instance at 0x151e827644b0>,2,18,[2 8],3,3,21,0,3
1,<environment.Job instance at 0x151eb99caf50>,0,22,[ 1 10],1,12,34,11,12
1,<environment.Job instance at 0x151eb99ca5a0>,6,17,[1 5],9,34,51,25,25
1,<environment.Job instance at 0x151eb94fbeb0>,0,19,[9 1],1,1,20,0,1
1,<environment.Job instance at 0x151eba8716e0>,0,17,[6 1],1,2,19,1,2
1,<environment.Job instance at 0x151eb88977d0>,2,18,[ 1 10],4,19,37,15,8
1,<environment.Job instance at 0x151eba8a3fa0>,6,16,[7 1],9,44,60,35,44
1,<environment.Job instance at 0x151eb7d46cd0>,2,25,[1 8],4,28,53,24,28
1,<environment.Job instance at 0x151e829a8550>,0,19,[9 2],1,1,20,0,1
1,<environment.Job instance at 0x151e829a8be0>,1,18,[2 9],4,4,22,0,4
1,<environment.Job instance at 0x151ec0cf47d0>,0,14,[1 6],1,1,15,0,1
1,<environment.Job instance at 0x151ec0cf4dc0>,4,18,[8 2],6,8,26,2,8
1,<environment.Job instance at 0x151e82746370>,0,18,[7 1],1,1,19,0,1
1,<environment.Job instance at 0x151e82746b40>,4,14,[2 9],6,8,22,2,8
1,<environment.Job instance at 0x151e82321370>,2,14,[1 5],5,5,19,0,5
1,<environment.Job instance at 0x151e82321b40>,3,17,[5 1],6,26,43,20,26
1,<environment.Job instance at 0x151e82a8a2d0>,1,16,[1 9],2,3,19,1,3
1,<environment.Job instance at 0x151e823e1870>,0,14,[7 1],3,3,17,0,3
1,<environment.Job instance at 0x151e8259c320>,5,3,[2 6],9,9,12,0,9
1,<environment.Job instance at 0x151eb9944870>,0,12,[2 5],1,1,13,0,1
1,<environment.Job instance at 0x151e82f16410>,0,12,[2 7],1,1,13,0,1
1,<environment.Job instance at 0x151eb411eb90>,2,14,[1 8],5,5,19,0,5
1,<environment.Job instance at 0x151eb411a050>,0,18,[1 7],1,1,19,0,1
1,<environment.Job instance at 0x151eb9513640>,3,1,[5 2],4,4,5,0,4
1,<environment.Job instance at 0x151eba91db90>,5,3,[ 2 10],6,6,9,0,6
1,<environment.Job instance at 0x151eba91dbe0>,7,25,[1 8],9,22,47,13,22
1,<environment.Job instance at 0x151eba9288c0>,0,27,[ 1 10],1,6,33,5,6
1,<environment.Job instance at 0x151e82704320>,0,12,[2 5],1,1,13,0,1
1,<environment.Job instance at 0x151eba615eb0>,0,20,[7 2],1,1,21,0,1
1,<environment.Job instance at 0x151e82575870>,0,14,[8 2],2,2,16,0,2
1,<environment.Job instance at 0x151eba5c8780>,5,17,[1 6],6,7,24,1,7
1,<environment.Job instance at 0x151eba5c3690>,0,18,[1 7],1,1,19,0,1
1,<environment.Job instance at 0x151eba485230>,2,20,[6 2],3,6,26,3,6
1,<environment.Job instance at 0x151eba485be0>,1,1,[1 5],6,6,7,0,6
1,<environment.Job instance at 0x151eba52f820>,6,3,[1 8],9,97,100,88,97
1,<environment.Job instance at 0x151e8289efa0>,0,16,[9 1],2,2,18,0,2
1,<environment.Job instance at 0x151e8289e8c0>,4,17,[2 8],8,18,35,10,14
1,<environment.Job instance at 0x151e82e86c30>,1,12,[2 5],5,5,17,0,5
1,<environment.Job instance at 0x151ec0c44230>,3,28,[ 2 10],5,5,33,0,5
1,<environment.Job instance at 0x151eb9c5a280>,0,17,[6 1],1,5,22,4,5
1,<environment.Job instance at 0x151e82cc70f0>,0,25,[9 1],1,1,26,0,1
1,<environment.Job instance at 0x151eb405aeb0>,5,17,[2 6],6,31,48,25,31
1,<environment.Job instance at 0x151eb405a4b0>,0,3,[1 6],2,2,5,0,2
1,<environment.Job instance at 0x151eb405a410>,1,15,[10  2],4,5,20,1,4
1,<environment.Job instance at 0x151e82ce6500>,1,15,[6 2],2,5,20,3,5
1,<environment.Job instance at 0x151e82d1baa0>,1,26,[10  1],2,2,28,0,2
1,<environment.Job instance at 0x151ebf686140>,6,17,[7 2],9,28,45,19,26
1,<environment.Job instance at 0x151e82a55500>,4,3,[1 7],5,418,421,413,418
1,<environment.Job instance at 0x151eb8274550>,0,12,[1 7],1,1,13,0,1
1,<environment.Job instance at 0x151e82c29cd0>,4,16,[2 5],6,13,29,7,6
1,<environment.Job instance at 0x151e82c3b820>,0,22,[2 8],1,33,55,32,33
1,<environment.Job instance at 0x151eb9a90050>,0,16,[6 2],1,1,17,0,1
1,<environment.Job instance at 0x151eb7f982d0>,1,14,[ 1 10],2,17,31,15,2
1,<environment.Job instance at 0x151eb9b67460>,0,18,[1 7],1,1,19,0,1
1,<environment.Job instance at 0x151eb9b180a0>,0,25,[2 9],1,2,27,1,2
1,<environment.Job instance at 0x151e829cab40>,0,3,[6 1],1,2,5,1,2
1,<environment.Job instance at 0x151e829ca9b0>,1,13,[2 9],3,3,16,0,3
1,<environment.Job instance at 0x151ebf6fd4b0>,2,15,[2 8],5,16,31,11,5
1,<environment.Job instance at 0x151e82580a00>,0,18,[5 1],1,7,25,6,7
1,<environment.Job instance at 0x151e8273baa0>,1,23,[10  2],6,6,29,0,6
1,<environment.Job instance at 0x151eb9afdaa0>,2,13,[6 2],7,29,42,22,28
1,<environment.Job instance at 0x151eb9af9050>,0,15,[ 1 10],1,1,16,0,1
1,<environment.Job instance at 0x151eb9b21e60>,1,13,[10  1],2,16,29,14,2
1,<environment.Job instance at 0x151e82cab780>,6,22,[10  2],7,29,51,22,24
1,<environment.Job instance at 0x151e82864e60>,0,14,[2 8],3,3,17,0,3
1,<environment.Job instance at 0x151e82afea00>,0,14,[5 2],2,3,17,1,3
1,<environment.Job instance at 0x151eb9b018c0>,2,13,[6 1],4,4,17,0,4
1,<environment.Job instance at 0x151eb8244370>,3,17,[9 1],5,5,22,0,5
1,<environment.Job instance at 0x151e82a210a0>,0,16,[9 2],1,1,17,0,1
1,<environment.Job instance at 0x151e82a21780>,1,12,[9 1],2,17,29,15,8
1,<environment.Job instance at 0x151e82a214b0>,1,15,[9 2],3,3,18,0,3
1,<environment.Job instance at 0x151eb7d4d2d0>,0,2,[ 1 10],1,1,3,0,1
1,<environment.Job instance at 0x151eb9a35af0>,1,22,[8 2],5,7,29,2,7
1,<environment.Job instance at 0x151e82804dc0>,0,12,[5 2],2,2,14,0,2
1,<environment.Job instance at 0x151e82804be0>,1,15,[1 6],4,4,19,0,4
1,<environment.Job instance at 0x151e82804780>,2,19,[6 1],9,16,35,7,16
1,<environment.Job instance at 0x151e823e2c30>,0,12,[1 5],2,3,15,1,3
1,<environment.Job instance at 0x151eb81f2460>,3,23,[10  1],6,15,38,9,9
1,<environment.Job instance at 0x151eba4a13c0>,2,19,[8 2],3,3,22,0,3
1,<environment.Job instance at 0x151eb7f93eb0>,0,2,[ 1 10],1,1,3,0,1
1,<environment.Job instance at 0x151eb40897d0>,1,3,[10  1],4,4,7,0,4
1,<environment.Job instance at 0x151e8246f500>,1,22,[10  1],2,2,24,0,2
1,<environment.Job instance at 0x151eb41b9a00>,1,22,[10  1],2,3,25,1,3
1,<environment.Job instance at 0x151eba4a1a50>,0,13,[6 1],1,1,14,0,1
1,<environment.Job instance at 0x151eb9b20eb0>,3,17,[8 2],4,14,31,10,4
1,<environment.Job instance at 0x151e82653a00>,1,13,[6 1],2,4,17,2,4
1,<environment.Job instance at 0x151e82aa9f00>,0,13,[10  1],4,4,17,0,4
1,<environment.Job instance at 0x151ec18b9230>,6,3,[2 5],9,44,47,35,44
1,<environment.Job instance at 0x151eb9c0e9b0>,0,18,[1 6],1,3,21,2,3
1,<environment.Job instance at 0x151eba4c8d20>,1,17,[10  2],2,2,19,0,2
1,<environment.Job instance at 0x151eb9970e10>,0,3,[10  2],2,2,5,0,2
1,<environment.Job instance at 0x151e82d83050>,6,18,[7 2],9,42,60,33,42
1,<environment.Job instance at 0x151ebec874b0>,1,16,[5 1],2,127,143,125,127
1,<environment.Job instance at 0x151eb81e7c30>,0,2,[2 8],2,2,4,0,2
1,<environment.Job instance at 0x151eb41270f0>,1,27,[10  2],3,3,30,0,3
1,<environment.Job instance at 0x151eba8c0b40>,0,15,[ 2 10],1,1,16,0,1
1,<environment.Job instance at 0x151e82ea2730>,1,18,[6 1],2,3,21,1,3
1,<environment.Job instance at 0x151e82ea2fa0>,2,21,[10  2],4,21,42,17,16
1,<environment.Job instance at 0x151eb419f820>,0,13,[7 2],1,1,14,0,1
1,<environment.Job instance at 0x151e823d9be0>,0,1,[7 2],1,2,3,1,2
1,<environment.Job instance at 0x151e823d9d70>,3,19,[ 2 10],4,4,23,0,4
1,<environment.Job instance at 0x151e823a5730>,2,18,[2 9],5,41,59,36,41
1,<environment.Job instance at 0x151e8273aaa0>,4,17,[6 1],5,5,22,0,5
1,<environment.Job instance at 0x151e82bde140>,2,14,[2 7],4,4,18,0,4
1,<environment.Job instance at 0x151e822b0e60>,0,14,[2 8],2,2,16,0,2
1,<environment.Job instance at 0x151e82bde410>,1,14,[5 1],3,43,57,40,43
1,<environment.Job instance at 0x151e8267bf00>,0,18,[7 1],1,5,23,4,5
1,<environment.Job instance at 0x151e825a3e10>,4,18,[1 6],6,6,24,0,6
1,<environment.Job instance at 0x151eb9b67280>,0,19,[6 2],1,11,30,10,11
1,<environment.Job instance at 0x151ec0c43960>,0,17,[9 1],3,3,20,0,3
1,<environment.Job instance at 0x151eb9bfb6e0>,0,22,[2 9],1,4,26,3,4
1,<environment.Job instance at 0x151ec0c402d0>,0,15,[7 2],1,1,16,0,1
1,<environment.Job instance at 0x151eb9c1ba00>,0,14,[2 6],1,1,15,0,1
1,<environment.Job instance at 0x151eb9c1b690>,1,15,[8 2],2,13,28,11,13
1,<environment.Job instance at 0x151eba8afb90>,0,18,[10  2],1,1,19,0,1
1,<environment.Job instance at 0x151eba5a3230>,1,16,[10  2],3,5,21,2,5
1,<environment.Job instance at 0x151e8232c780>,0,18,[1 9],1,1,19,0,1
1,<environment.Job instance at 0x151eba5a3a50>,0,16,[5 2],3,4,20,1,4
1,<environment.Job instance at 0x151eba5810f0>,3,13,[2 9],7,20,33,13,7
1,<environment.Job instance at 0x151e82491be0>,6,20,[10  2],8,9,29,1,9
1,<environment.Job instance at 0x151e82ae6f50>,0,26,[10  1],2,2,28,0,2
1,<environment.Job instance at 0x151e822b1190>,0,16,[8 2],4,4,20,0,4
1,<environment.Job instance at 0x151eb8896a50>,0,25,[1 8],1,5,30,4,5
1,<environment.Job instance at 0x151e8240f6e0>,0,21,[10  2],1,1,22,0,1
1,<environment.Job instance at 0x151e8255e6e0>,2,12,[6 2],4,22,34,18,22
1,<environment.Job instance at 0x151eba8af730>,1,18,[6 1],2,25,43,23,25
1,<environment.Job instance at 0x151eba4ddb90>,0,20,[1 7],2,9,29,7,9
1,<environment.Job instance at 0x151ebbb98af0>,0,14,[9 1],1,1,15,0,1
1,<environment.Job instance at 0x151ebbb985a0>,2,16,[2 6],5,15,31,10,7
1,<environment.Job instance at 0x151eb7d623c0>,0,16,[9 2],1,1,17,0,1
1,<environment.Job instance at 0x151eb7d62aa0>,1,18,[8 1],2,17,35,15,6
1,<environment.Job instance at 0x151e82daae60>,0,15,[8 1],2,2,17,0,2
1,<environment.Job instance at 0x151e82daafa0>,1,17,[8 2],4,17,34,13,5
1,<environment.Job instance at 0x151ec1952370>,5,18,[ 1 10],8,34,52,26,29
1,<environment.Job instance at 0x151ebec58410>,7,12,[9 1],8,19,31,11,19
1,<environment.Job instance at 0x151eb81b6d70>,2,25,[8 2],3,3,28,0,3
1,<environment.Job instance at 0x151e82b5f820>,0,14,[1 9],1,1,15,0,1
1,<environment.Job instance at 0x151eb9c238c0>,3,13,[ 1 10],4,4,17,0,4
1,<environment.Job instance at 0x151ebed71d20>,0,16,[2 8],2,2,18,0,2
1,<environment.Job instance at 0x151e824d30a0>,0,24,[ 1 10],1,6,30,5,6
1,<environment.Job instance at 0x151e825efa00>,0,14,[1 8],1,1,15,0,1
1,<environment.Job instance at 0x151e824d3e10>,1,23,[9 2],2,12,35,10,12
1,<environment.Job instance at 0x151eb889d280>,0,18,[1 6],3,4,22,1,4
1,<environment.Job instance at 0x151e82b6ce10>,1,16,[9 1],3,3,19,0,3
1,<environment.Job instance at 0x151e82f1b8c0>,0,16,[8 1],1,1,17,0,1
1,<environment.Job instance at 0x151ebec880f0>,0,19,[8 1],1,1,20,0,1
1,<environment.Job instance at 0x151e82f19d70>,0,17,[1 7],1,1,18,0,1
1,<environment.Job instance at 0x151eb4127af0>,1,24,[9 1],2,2,26,0,2
1,<environment.Job instance at 0x151e8284c5a0>,2,18,[2 5],3,66,84,63,66
1,<environment.Job instance at 0x151e82760190>,0,1,[2 5],1,2,3,1,2
1,<environment.Job instance at 0x151eb40ef870>,2,18,[2 8],3,3,21,0,3
1,<environment.Job instance at 0x151eb40ef690>,1,13,[1 5],3,4,17,1,4
1,<environment.Job instance at 0x151e82564870>,1,1,[6 1],3,4,5,1,4
1,<environment.Job instance at 0x151e82564320>,2,15,[ 1 10],5,5,20,0,5
1,<environment.Job instance at 0x151ebeca2690>,0,26,[10  2],1,1,27,0,1
1,<environment.Job instance at 0x151ebeca22d0>,1,12,[9 1],3,27,39,24,24
1,<environment.Job instance at 0x151eb9977690>,6,16,[7 1],8,39,55,31,38
1,<environment.Job instance at 0x151e826a8eb0>,4,18,[10  2],9,9,27,0,9
1,<environment.Job instance at 0x151e82564d20>,1,16,[10  2],2,2,18,0,2
1,<environment.Job instance at 0x151e82bfc370>,1,14,[10  2],4,4,18,0,4
1,<environment.Job instance at 0x151e82b64230>,1,19,[6 1],2,3,22,1,3
1,<environment.Job instance at 0x151e8239ab40>,0,18,[1 5],2,2,20,0,2
1,<environment.Job instance at 0x151ec18b9320>,1,17,[1 8],3,20,37,17,12
1,<environment.Job instance at 0x151eb9b23960>,0,21,[1 8],1,2,23,1,2
1,<environment.Job instance at 0x151e82dd2cd0>,1,26,[1 8],2,6,32,4,6
1,<environment.Job instance at 0x151e82f99960>,3,16,[6 1],5,6,22,1,6
1,<environment.Job instance at 0x151e82bc2aa0>,0,27,[1 8],2,79,106,77,79
1,<environment.Job instance at 0x151e82b529b0>,1,12,[8 1],2,2,14,0,2
1,<environment.Job instance at 0x151e82f61a00>,0,16,[2 6],1,1,17,0,1
1,<environment.Job instance at 0x151e82f61fa0>,2,18,[10  1],7,17,35,10,7
1,<environment.Job instance at 0x151e824fb500>,0,24,[8 2],3,5,29,2,5
1,<environment.Job instance at 0x151e82a1f410>,0,24,[9 2],1,1,25,0,1
1,<environment.Job instance at 0x151eb418faa0>,0,14,[1 6],1,1,15,0,1
1,<environment.Job instance at 0x151eb418feb0>,1,18,[10  2],2,15,33,13,5
1,<environment.Job instance at 0x151e8235e460>,2,14,[2 7],6,33,47,27,32
1,<environment.Job instance at 0x151e823439b0>,2,16,[2 5],3,3,19,0,3
1,<environment.Job instance at 0x151eba8e7fa0>,1,14,[2 8],3,3,17,0,3
1,<environment.Job instance at 0x151e82b40550>,1,21,[9 2],5,5,26,0,5
1,<environment.Job instance at 0x151e82fc88c0>,1,1,[6 2],2,3,4,1,3
1,<environment.Job instance at 0x151e82f595f0>,2,2,[ 2 10],6,6,8,0,6
1,<environment.Job instance at 0x151ec0cbc410>,4,21,[9 1],9,9,30,0,9
1,<environment.Job instance at 0x151ec0cbca50>,0,16,[2 5],1,1,17,0,1
1,<environment.Job instance at 0x151eb81f7370>,0,18,[7 1],1,3,21,2,3
1,<environment.Job instance at 0x151eba52c640>,1,14,[10  1],4,21,35,17,6
1,<environment.Job instance at 0x151eba4d3b40>,2,14,[7 2],7,35,49,28,33
1,<environment.Job instance at 0x151e829e10a0>,1,23,[2 8],3,31,54,28,31
1,<environment.Job instance at 0x151e823dc7d0>,0,17,[2 9],1,1,18,0,1
1,<environment.Job instance at 0x151eb9983a00>,2,18,[ 1 10],4,11,29,7,11
1,<environment.Job instance at 0x151e82ae4af0>,0,18,[7 2],3,5,23,2,5
1,<environment.Job instance at 0x151e82ae4280>,4,17,[ 1 10],8,24,41,16,24
1,<environment.Job instance at 0x151eb9c0ea00>,1,17,[1 7],3,4,21,1,4
1,<environment.Job instance at 0x151e82a6f370>,1,19,[1 9],2,2,21,0,2
1,<environment.Job instance at 0x151e82f5f1e0>,0,15,[ 2 10],1,1,16,0,1
1,<environment.Job instance at 0x151e82790370>,7,20,[2 9],8,53,73,45,53
1,<environment.Job instance at 0x151eb9b16a50>,0,23,[9 1],1,1,24,0,1
1,<environment.Job instance at 0x151eba537230>,1,17,[9 1],3,3,20,0,3
1,<environment.Job instance at 0x151e82864190>,2,13,[9 1],4,20,33,16,4
1,<environment.Job instance at 0x151e828dd0a0>,0,13,[8 2],1,1,14,0,1
1,<environment.Job instance at 0x151eba5095a0>,2,13,[2 9],3,14,27,11,3
1,<environment.Job instance at 0x151eb40b1960>,1,19,[2 8],3,3,22,0,3
1,<environment.Job instance at 0x151eb40b17d0>,2,17,[ 1 10],7,22,39,15,13
1,<environment.Job instance at 0x151eb9b3c4b0>,3,3,[8 1],7,7,10,0,7
1,<environment.Job instance at 0x151eb9b33730>,1,14,[5 1],5,5,19,0,5
1,<environment.Job instance at 0x151eb9b330f0>,2,3,[9 1],8,19,22,11,8
1,<environment.Job instance at 0x151eb4072550>,3,18,[2 8],9,22,40,13,20
1,<environment.Job instance at 0x151eb4072f00>,1,14,[8 1],3,5,19,2,5
1,<environment.Job instance at 0x151eb9b483c0>,4,19,[2 9],6,16,35,10,16
1,<environment.Job instance at 0x151e82e78e10>,0,28,[9 1],1,2,30,1,2
1,<environment.Job instance at 0x151eb99ad690>,0,23,[ 1 10],2,3,26,1,3
1,<environment.Job instance at 0x151e824b5140>,0,12,[2 7],1,1,13,0,1
1,<environment.Job instance at 0x151e824b5e60>,4,13,[7 2],7,7,20,0,7
1,<environment.Job instance at 0x151e8241afa0>,0,26,[9 2],1,1,27,0,1
1,<environment.Job instance at 0x151e82c0eb40>,1,14,[2 9],4,4,18,0,4
1,<environment.Job instance at 0x151eb407c5a0>,4,12,[1 8],8,18,30,10,9
1,<environment.Job instance at 0x151e82516820>,2,18,[9 1],6,6,24,0,6
1,<environment.Job instance at 0x151e82fc6e10>,0,15,[2 9],2,2,17,0,2
1,<environment.Job instance at 0x151ec0c2c870>,5,12,[2 5],8,65,77,57,65
1,<environment.Job instance at 0x151ebf6c3f00>,4,24,[2 9],6,6,30,0,6
1,<environment.Job instance at 0x151eba4e5870>,0,17,[1 5],1,3,20,2,3
1,<environment.Job instance at 0x151e82b40eb0>,0,18,[1 5],2,3,21,1,3
1,<environment.Job instance at 0x151e82ca3dc0>,0,16,[10  2],1,1,17,0,1
1,<environment.Job instance at 0x151eba566640>,0,14,[2 5],2,2,16,0,2
1,<environment.Job instance at 0x151eba566b40>,2,16,[10  1],7,16,32,9,7
1,<environment.Job instance at 0x151e8285bbe0>,1,21,[ 1 10],2,5,26,3,5
1,<environment.Job instance at 0x151e823a3c30>,4,14,[8 1],7,26,40,19,20
1,<environment.Job instance at 0x151e82913cd0>,4,16,[5 1],6,6,22,0,6
1,<environment.Job instance at 0x151e8276e910>,1,20,[7 2],5,5,25,0,5
1,<environment.Job instance at 0x151e823450f0>,0,25,[9 1],1,1,26,0,1
1,<environment.Job instance at 0x151ebf6bb780>,0,17,[ 1 10],4,4,21,0,4
1,<environment.Job instance at 0x151eba4a1d20>,1,15,[2 5],3,8,23,5,8
1,<environment.Job instance at 0x151e8278e4b0>,0,2,[5 2],1,3,5,2,3
1,<environment.Job instance at 0x151e82bc9730>,4,19,[ 1 10],7,7,26,0,7
1,<environment.Job instance at 0x151e825606e0>,1,23,[9 2],2,2,25,0,2
1,<environment.Job instance at 0x151e82f759b0>,0,12,[1 8],1,1,13,0,1
1,<environment.Job instance at 0x151e82e6d410>,0,3,[6 2],1,1,4,0,1
1,<environment.Job instance at 0x151eb996da50>,0,15,[2 9],1,1,16,0,1
1,<environment.Job instance at 0x151e82533640>,0,12,[ 1 10],1,1,13,0,1
1,<environment.Job instance at 0x151e828cf0a0>,0,22,[2 6],2,8,30,6,8
1,<environment.Job instance at 0x151e828cfeb0>,5,25,[8 2],8,31,56,23,31
1,<environment.Job instance at 0x151eb9ae5500>,0,13,[8 1],1,1,14,0,1
1,<environment.Job instance at 0x151e82d90d20>,1,15,[7 2],2,14,29,12,10
1,<environment.Job instance at 0x151e823881e0>,3,12,[5 2],4,4,16,0,4
1,<environment.Job instance at 0x151e82388c30>,4,18,[2 8],6,8,26,2,8
1,<environment.Job instance at 0x151e8255c410>,7,18,[8 1],9,25,43,16,25
1,<environment.Job instance at 0x151e8255cb90>,0,14,[9 1],1,1,15,0,1
1,<environment.Job instance at 0x151e82273320>,3,21,[9 2],6,15,36,9,9
1,<environment.Job instance at 0x151eba604b40>,0,14,[5 1],1,13,27,12,13
1,<environment.Job instance at 0x151eb81c7be0>,2,12,[ 1 10],5,5,17,0,5
1,<environment.Job instance at 0x151ebf657a00>,0,13,[2 7],2,2,15,0,2
1,<environment.Job instance at 0x151eb4093e60>,2,24,[ 2 10],4,6,30,2,6
1,<environment.Job instance at 0x151eba87f780>,6,12,[5 2],8,30,42,22,25
1,<environment.Job instance at 0x151e82d44780>,1,3,[2 7],2,2,5,0,2
1,<environment.Job instance at 0x151e82c27be0>,0,16,[7 1],2,3,19,1,3
1,<environment.Job instance at 0x151e82d446e0>,2,14,[1 9],4,4,18,0,4
1,<environment.Job instance at 0x151e82a7a690>,0,19,[1 7],1,4,23,3,4
1,<environment.Job instance at 0x151ec1847820>,1,17,[2 6],4,4,21,0,4
1,<environment.Job instance at 0x151e8240f280>,3,3,[6 2],6,48,51,42,48
1,<environment.Job instance at 0x151e82321c30>,0,16,[8 2],1,1,17,0,1
1,<environment.Job instance at 0x151eb9b65a00>,0,18,[8 1],1,1,19,0,1
1,<environment.Job instance at 0x151eb9b656e0>,2,16,[6 2],3,29,45,26,29
1,<environment.Job instance at 0x151eb9b65730>,1,12,[2 9],4,4,16,0,4
1,<environment.Job instance at 0x151e82711690>,4,14,[7 2],9,33,47,24,33
1,<environment.Job instance at 0x151eb40b0190>,1,13,[1 8],2,2,15,0,2
1,<environment.Job instance at 0x151eba578a00>,2,14,[5 1],3,12,26,9,12
1,<environment.Job instance at 0x151e8293b4b0>,2,21,[ 2 10],3,11,32,8,11
1,<environment.Job instance at 0x151e82cbf190>,1,26,[9 1],3,3,29,0,3
1,<environment.Job instance at 0x151e82811eb0>,0,17,[5 1],1,3,20,2,3
1,<environment.Job instance at 0x151ec05cebe0>,0,15,[2 7],1,1,16,0,1
1,<environment.Job instance at 0x151e82b4f550>,0,25,[10  2],1,1,26,0,1
1,<environment.Job instance at 0x151e829c3690>,4,3,[ 1 10],5,5,8,0,5
1,<environment.Job instance at 0x151e829022d0>,0,19,[1 9],1,1,20,0,1
1,<environment.Job instance at 0x151e82b403c0>,0,15,[1 5],1,1,16,0,1
1,<environment.Job instance at 0x151eb998d0f0>,0,3,[1 9],2,2,5,0,2
1,<environment.Job instance at 0x151e82347e10>,0,13,[8 1],1,1,14,0,1
1,<environment.Job instance at 0x151e82e9f460>,5,18,[1 6],9,9,27,0,9
1,<environment.Job instance at 0x151e82bf95a0>,2,19,[10  2],6,6,25,0,6
1,<environment.Job instance at 0x151ebbba00f0>,4,14,[2 7],8,25,39,17,22
1,<environment.Job instance at 0x151eb413c730>,0,12,[9 2],4,4,16,0,4
1,<environment.Job instance at 0x151e82a52f50>,3,12,[9 2],5,5,17,0,5
1,<environment.Job instance at 0x151e82a52320>,1,16,[2 9],2,2,18,0,2
1,<environment.Job instance at 0x151e82875410>,0,18,[2 8],5,5,23,0,5
1,<environment.Job instance at 0x151eb7d5e320>,3,3,[1 9],6,6,9,0,6
1,<environment.Job instance at 0x151e82ff45f0>,0,20,[5 1],1,5,25,4,5
1,<environment.Job instance at 0x151e82ff4b40>,4,19,[2 9],6,11,30,5,11
1,<environment.Job instance at 0x151ebec51640>,0,3,[1 6],1,1,4,0,1
1,<environment.Job instance at 0x151e8282b5f0>,3,17,[2 5],5,124,141,119,124
1,<environment.Job instance at 0x151ec0ce8f00>,0,2,[1 6],2,2,4,0,2
1,<environment.Job instance at 0x151eb81f8fa0>,3,12,[8 2],6,6,18,0,6
1,<environment.Job instance at 0x151eb8211230>,1,28,[10  1],2,2,30,0,2
1,<environment.Job instance at 0x151eba846640>,5,17,[2 5],8,30,47,22,28
1,<environment.Job instance at 0x151eba5ef3c0>,5,12,[1 9],8,8,20,0,8
1,<environment.Job instance at 0x151e82d72320>,0,23,[ 1 10],1,10,33,9,10
1,<environment.Job instance at 0x151eb9bacb40>,0,23,[ 2 10],1,2,25,1,2
1,<environment.Job instance at 0x151ec0c40050>,0,21,[10  2],1,1,22,0,1
1,<environment.Job instance at 0x151eb9b76320>,1,14,[6 2],3,22,36,19,19
1,<environment.Job instance at 0x151eb416de10>,0,16,[10  1],1,1,17,0,1
1,<environment.Job instance at 0x151e8233f230>,0,27,[10  2],2,2,29,0,2
1,<environment.Job instance at 0x151ebec58410>,5,18,[2 6],9,29,47,20,27
1,<environment.Job instance at 0x151e82a674b0>,0,26,[9 1],1,2,28,1,2
1,<environment.Job instance at 0x151ebed3be60>,0,15,[10  1],1,1,16,0,1
1,<environment.Job instance at 0x151eba84a7d0>,1,13,[1 6],3,16,29,13,3
1,<environment.Job instance at 0x151e82d7a1e0>,2,18,[9 2],4,16,34,12,5
1,<environment.Job instance at 0x151e82ce8cd0>,0,16,[1 8],3,3,19,0,3
1,<environment.Job instance at 0x151eb81cc8c0>,2,14,[2 8],5,19,33,14,10
1,<environment.Job instance at 0x151e82c9dfa0>,5,15,[5 1],8,43,58,35,43
1,<environment.Job instance at 0x151e826fdd20>,2,18,[5 2],3,3,21,0,3
1,<environment.Job instance at 0x151eb40b0690>,0,16,[5 2],1,1,17,0,1
1,<environment.Job instance at 0x151e829c6500>,0,15,[1 8],2,2,17,0,2
1,<environment.Job instance at 0x151e82db0550>,2,16,[9 2],4,4,20,0,4
1,<environment.Job instance at 0x151eb9be7730>,0,2,[8 2],1,1,3,0,1
1,<environment.Job instance at 0x151e8231f320>,3,19,[2 7],7,9,28,2,9
1,<environment.Job instance at 0x151ebd7e8460>,4,18,[10  1],9,9,27,0,9
1,<environment.Job instance at 0x151e82835910>,4,12,[10  2],8,8,20,0,8
1,<environment.Job instance at 0x151e8263d960>,3,12,[7 2],6,8,20,2,8
1,<environment.Job instance at 0x151e82cfde60>,0,13,[8 2],1,1,14,0,1
1,<environment.Job instance at 0x151eb419a0a0>,0,18,[6 2],1,3,21,2,3
1,<environment.Job instance at 0x151e8253e0a0>,0,13,[5 1],2,2,15,0,2
1,<environment.Job instance at 0x151eba56ecd0>,1,14,[6 1],3,3,17,0,3
1,<environment.Job instance at 0x151ec0ce8550>,0,18,[2 7],1,1,19,0,1
1,<environment.Job instance at 0x151ebed579b0>,1,16,[2 6],2,19,35,17,12
1,<environment.Job instance at 0x151ebed573c0>,2,12,[5 1],3,3,15,0,3
1,<environment.Job instance at 0x151e82251b90>,0,18,[1 7],1,1,19,0,1
1,<environment.Job instance at 0x151e82f0e3c0>,1,3,[2 8],3,3,6,0,3
1,<environment.Job instance at 0x151ec05d4050>,2,26,[2 8],5,89,115,84,89
1,<environment.Job instance at 0x151eb9b7eaf0>,2,1,[9 1],6,7,8,1,7
1,<environment.Job instance at 0x151e82d0eb40>,1,24,[ 1 10],4,4,28,0,4
1,<environment.Job instance at 0x151eb9b7e0a0>,2,14,[1 6],5,28,42,23,19
1,<environment.Job instance at 0x151e82896230>,1,25,[9 2],2,2,27,0,2
1,<environment.Job instance at 0x151e82b10fa0>,0,19,[6 1],1,2,21,1,2
1,<environment.Job instance at 0x151e82552140>,0,28,[9 1],1,1,29,0,1
1,<environment.Job instance at 0x151eb4130690>,8,19,[10  1],9,29,48,20,19
1,<environment.Job instance at 0x151ec107e460>,0,22,[2 8],1,6,28,5,6
1,<environment.Job instance at 0x151eb999a0f0>,0,26,[1 6],2,4,30,2,4
1,<environment.Job instance at 0x151e82e10e60>,3,18,[10  1],7,30,48,23,19
1,<environment.Job instance at 0x151e82a24140>,1,15,[7 2],4,4,19,0,4
1,<environment.Job instance at 0x151eb4138190>,0,18,[1 9],1,1,19,0,1
1,<environment.Job instance at 0x151ebed9b280>,3,13,[5 2],4,24,37,20,24
1,<environment.Job instance at 0x151eb408a820>,0,15,[2 9],1,1,16,0,1
1,<environment.Job instance at 0x151e82a26730>,0,13,[2 5],1,1,14,0,1
1,<environment.Job instance at 0x151e82273a50>,0,27,[1 8],1,1,28,0,1
1,<environment.Job instance at 0x151eb9a2ce10>,2,2,[8 1],3,3,5,0,3
1,<environment.Job instance at 0x151eb9a2c8c0>,3,13,[5 1],4,18,31,14,18
1,<environment.Job instance at 0x151eba84e280>,1,15,[6 1],4,25,40,21,25
1,<environment.Job instance at 0x151ebbb985a0>,0,18,[10  1],1,1,19,0,1
1,<environment.Job instance at 0x151ec0c44500>,5,17,[6 2],8,8,25,0,8
1,<environment.Job instance at 0x151ebf651370>,1,16,[6 2],4,4,20,0,4
1,<environment.Job instance at 0x151e822d46e0>,3,14,[ 2 10],7,20,34,13,10
1,<environment.Job instance at 0x151eb41725a0>,0,14,[9 2],1,1,15,0,1
1,<environment.Job instance at 0x151e82d1f0a0>,2,22,[8 2],3,3,25,0,3
1,<environment.Job instance at 0x151e8288f460>,5,23,[5 2],6,116,139,110,116
1,<environment.Job instance at 0x151eb99b7320>,5,15,[5 2],7,12,27,5,12
1,<environment.Job instance at 0x151e82ba5190>,0,26,[9 1],1,1,27,0,1
1,<environment.Job instance at 0x151e822ac0a0>,7,20,[1 8],9,33,53,24,33
1,<environment.Job instance at 0x151e82f441e0>,5,12,[7 2],9,9,21,0,9
1,<environment.Job instance at 0x151eba5f4cd0>,3,13,[10  2],9,10,23,1,10
1,<environment.Job instance at 0x151e82807460>,0,16,[2 8],3,3,19,0,3
1,<environment.Job instance at 0x151e827ab3c0>,0,21,[10  1],2,2,23,0,2
1,<environment.Job instance at 0x151e827ab230>,2,13,[6 1],5,26,39,21,26
1,<environment.Job instance at 0x151e82f64b90>,6,13,[7 2],9,35,48,26,35
1,<environment.Job instance at 0x151e82f64aa0>,0,19,[1 8],3,5,24,2,5
1,<environment.Job instance at 0x151e8252e8c0>,4,25,[10  1],9,24,49,15,21
1,<environment.Job instance at 0x151e8252e460>,0,18,[2 5],1,1,19,0,1
1,<environment.Job instance at 0x151eb9bc40a0>,0,22,[10  2],1,1,23,0,1
1,<environment.Job instance at 0x151eb7f98cd0>,0,25,[10  2],3,3,28,0,3
1,<environment.Job instance at 0x151e82566c30>,0,1,[10  1],2,4,5,2,4
1,<environment.Job instance at 0x151eb9a701e0>,0,16,[1 7],1,1,17,0,1
1,<environment.Job instance at 0x151e82d61d20>,0,27,[ 1 10],2,2,29,0,2
1,<environment.Job instance at 0x151eb9a70cd0>,1,17,[5 1],3,31,48,28,31
1,<environment.Job instance at 0x151e8228b6e0>,0,16,[10  1],2,2,18,0,2
1,<environment.Job instance at 0x151e8228b730>,3,24,[9 2],5,18,42,13,14
1,<environment.Job instance at 0x151eb9ac7780>,0,20,[ 1 10],5,5,25,0,5
1,<environment.Job instance at 0x151eb4077cd0>,0,14,[7 2],1,2,16,1,2
1,<environment.Job instance at 0x151ebf6a7a00>,0,17,[7 2],1,1,18,0,1
1,<environment.Job instance at 0x151e82c29b90>,1,14,[7 1],2,18,32,16,16
1,<environment.Job instance at 0x151ec0cb4870>,0,1,[2 9],1,1,2,0,1
1,<environment.Job instance at 0x151ec0cb4370>,1,18,[9 2],2,2,20,0,2
1,<environment.Job instance at 0x151ec0cb4050>,6,16,[2 9],9,22,38,13,22
1,<environment.Job instance at 0x151eb40f8050>,1,13,[ 2 10],2,2,15,0,2
1,<environment.Job instance at 0x151eb81c3410>,1,3,[7 2],3,3,6,0,3
1,<environment.Job instance at 0x151eb82307d0>,2,3,[6 2],6,6,9,0,6
1,<environment.Job instance at 0x151e82e62140>,0,17,[9 2],1,1,18,0,1
1,<environment.Job instance at 0x151e82e88f50>,0,16,[9 2],1,1,17,0,1
1,<environment.Job instance at 0x151e82e88550>,1,14,[7 1],2,17,31,15,4
1,<environment.Job instance at 0x151e829208c0>,0,14,[6 2],1,3,17,2,3
1,<environment.Job instance at 0x151ec17d34b0>,1,1,[9 2],3,3,4,0,3
1,<environment.Job instance at 0x151e82aa7d70>,2,13,[1 7],4,4,17,0,4
1,<environment.Job instance at 0x151eb9c02550>,3,12,[2 7],5,17,29,12,5
1,<environment.Job instance at 0x151eb94e1550>,0,20,[2 9],1,1,21,0,1
1,<environment.Job instance at 0x151e8290d370>,2,16,[6 2],4,5,21,1,5
1,<environment.Job instance at 0x151e8248baa0>,1,25,[2 9],2,39,64,37,39
1,<environment.Job instance at 0x151e82906f50>,2,3,[1 6],5,5,8,0,5
1,<environment.Job instance at 0x151ebf6bc410>,5,15,[ 1 10],9,10,25,1,10
1,<environment.Job instance at 0x151ebf6bcb90>,0,3,[5 1],1,2,5,1,2
1,<environment.Job instance at 0x151eb99426e0>,0,18,[10  1],1,1,19,0,1
1,<environment.Job instance at 0x151eb9942730>,1,18,[2 6],2,19,37,17,8
1,<environment.Job instance at 0x151e828e44b0>,0,16,[2 7],1,1,17,0,1
1,<environment.Job instance at 0x151e827417d0>,3,19,[9 2],6,17,36,11,7
1,<environment.Job instance at 0x151eb9931190>,1,24,[2 9],2,6,30,4,6
1,<environment.Job instance at 0x151eb9518c80>,6,2,[1 6],8,30,32,22,8
1,<environment.Job instance at 0x151eb9518e60>,7,1,[6 2],9,30,31,21,9
1,<environment.Job instance at 0x151eb9518370>,1,19,[5 1],8,11,30,3,11
1,<environment.Job instance at 0x151eb998d230>,0,17,[1 9],2,2,19,0,2
1,<environment.Job instance at 0x151eba532870>,0,1,[1 9],1,2,3,1,2
1,<environment.Job instance at 0x151ebed39e10>,5,14,[1 7],6,7,21,1,7
1,<environment.Job instance at 0x151ec0c29820>,1,24,[2 8],3,5,29,2,5
1,<environment.Job instance at 0x151e82875eb0>,0,2,[6 2],2,2,4,0,2
1,<environment.Job instance at 0x151e82f737d0>,3,15,[2 6],6,6,21,0,6
1,<environment.Job instance at 0x151e825df5f0>,4,17,[10  1],6,6,23,0,6
1,<environment.Job instance at 0x151e824e14b0>,0,19,[2 5],1,3,22,2,3
1,<environment.Job instance at 0x151e8232ee10>,3,12,[1 5],5,5,17,0,5
1,<environment.Job instance at 0x151e8232eeb0>,4,22,[9 1],6,6,28,0,6
1,<environment.Job instance at 0x151eb40c27d0>,1,15,[9 2],2,2,17,0,2
1,<environment.Job instance at 0x151eb40c2d20>,4,19,[2 8],6,6,25,0,6
1,<environment.Job instance at 0x151eb40c8c30>,7,2,[9 1],9,48,50,39,48
1,<environment.Job instance at 0x151eb40f66e0>,0,22,[10  1],1,2,24,1,2
1,<environment.Job instance at 0x151eb9c01fa0>,0,17,[9 2],1,1,18,0,1
1,<environment.Job instance at 0x151e82911d70>,0,28,[2 7],1,16,44,15,16
1,<environment.Job instance at 0x151e827575f0>,6,3,[5 1],7,44,47,37,44
1,<environment.Job instance at 0x151e82757690>,7,3,[2 7],8,48,51,40,48
1,<environment.Job instance at 0x151eb825b8c0>,0,14,[5 1],1,1,15,0,1
1,<environment.Job instance at 0x151e8231f6e0>,0,19,[1 6],2,2,21,0,2
1,<environment.Job instance at 0x151e8231f1e0>,1,16,[6 2],3,16,32,13,16
1,<environment.Job instance at 0x151e8227eaa0>,0,13,[8 1],3,3,16,0,3
1,<environment.Job instance at 0x151eba49b320>,2,15,[1 7],3,3,18,0,3
1,<environment.Job instance at 0x151e82de9550>,3,18,[ 2 10],4,4,22,0,4
1,<environment.Job instance at 0x151e82c729b0>,7,18,[ 2 10],9,22,40,13,21
1,<environment.Job instance at 0x151ebecb9500>,0,12,[8 2],1,1,13,0,1
1,<environment.Job instance at 0x151ebf6f2a00>,2,19,[8 2],4,4,23,0,4
1,<environment.Job instance at 0x151ebec63550>,0,13,[1 6],1,1,14,0,1
1,<environment.Job instance at 0x151eb7f75280>,1,17,[1 6],2,2,19,0,2
1,<environment.Job instance at 0x151eb7f75640>,2,17,[1 6],3,19,36,16,12
1,<environment.Job instance at 0x151eb7d3bf50>,0,3,[1 8],1,1,4,0,1
1,<environment.Job instance at 0x151eb7d3b5f0>,1,13,[1 9],2,4,17,2,2
1,<environment.Job instance at 0x151ec0c4ec30>,4,21,[10  2],5,5,26,0,5
1,<environment.Job instance at 0x151eb7f71370>,4,13,[1 8],6,6,19,0,6
1,<environment.Job instance at 0x151eba4dd5f0>,0,27,[9 1],1,1,28,0,1
1,<environment.Job instance at 0x151eb8235c30>,0,19,[2 8],1,1,20,0,1
1,<environment.Job instance at 0x151e8256f0a0>,1,3,[2 5],5,5,8,0,5
1,<environment.Job instance at 0x151e82729dc0>,2,20,[9 1],6,8,28,2,6
1,<environment.Job instance at 0x151ebbb7be10>,0,3,[7 2],1,1,4,0,1
1,<environment.Job instance at 0x151ebd7ec910>,0,1,[10  1],1,2,3,1,2
1,<environment.Job instance at 0x151ebd7ec690>,3,1,[10  2],4,4,5,0,4
