iteration,job object,job ID,job Length,job ressource requirement,job enter time,job start time,job finish time,job waiting time,current time
1,<environment.Job instance at 0x151eb7d4ac80>,4,20,[7 2],5,7,27,2,7
1,<environment.Job instance at 0x151eb7d4ad70>,7,1,[2 6],8,8,9,0,8
1,<environment.Job instance at 0x151eb9a48f50>,5,2,[ 1 10],8,49,51,41,49
1,<environment.Job instance at 0x151eb9a485a0>,2,3,[ 1 14],3,135,138,132,135
1,<environment.Job instance at 0x151eb9a48fa0>,4,2,[8 1],7,170,172,163,170
1,<environment.Job instance at 0x151eb7d4d690>,1,27,[13  1],2,2,29,0,2
1,<environment.Job instance at 0x151eb9a48fa0>,2,1,[ 2 10],3,3,4,0,3
1,<environment.Job instance at 0x151eb88ab5a0>,4,2,[ 1 13],5,32,34,27,32
1,<environment.Job instance at 0x151eb99df870>,6,1,[2 7],8,34,35,26,32
1,<environment.Job instance at 0x151eb99df7d0>,7,2,[8 1],9,36,38,27,36
1,<environment.Job instance at 0x151eb99df0f0>,5,3,[6 1],7,39,42,32,39
1,<environment.Job instance at 0x151e82c1cf50>,6,26,[9 2],9,31,57,22,31
1,<environment.Job instance at 0x151eb40b8140>,0,1,[2 7],1,2,3,1,2
1,<environment.Job instance at 0x151eb40b8410>,1,15,[11  1],2,3,18,1,3
1,<environment.Job instance at 0x151eb40b8fa0>,3,25,[10  2],6,18,43,12,14
1,<environment.Job instance at 0x151eb40b8320>,5,1,[8 1],9,43,44,34,18
1,<environment.Job instance at 0x151eb40b8550>,4,2,[ 1 10],8,34,36,26,34
1,<environment.Job instance at 0x151eb40b8be0>,2,24,[ 1 14],3,72,96,69,72
1,<environment.Job instance at 0x151eb40f4640>,0,2,[12  2],1,3,5,2,3
1,<environment.Job instance at 0x151eb40be2d0>,1,18,[12  2],2,5,23,3,3
1,<environment.Job instance at 0x151eb40b8be0>,3,21,[7 2],5,23,44,18,15
1,<environment.Job instance at 0x151e82fd89b0>,6,26,[ 1 14],9,381,407,372,381
1,<environment.Job instance at 0x151eb9b8f6e0>,3,17,[14  2],8,9,26,1,9
1,<environment.Job instance at 0x151eb9b8f190>,2,26,[1 7],4,19,45,15,19
1,<environment.Job instance at 0x151eb9b8f410>,4,22,[8 2],9,26,48,17,19
1,<environment.Job instance at 0x151eb9be5f50>,4,22,[1 5],7,12,34,5,12
1,<environment.Job instance at 0x151eb9b8ff50>,1,23,[ 1 13],2,478,501,476,478
1,<environment.Job instance at 0x151eb9be5be0>,0,1,[ 1 11],2,3,4,1,3
1,<environment.Job instance at 0x151eb9be4fa0>,1,17,[8 1],3,4,21,1,4
1,<environment.Job instance at 0x151eb9be40a0>,2,21,[ 1 14],4,5,26,1,5
1,<environment.Job instance at 0x151eb9b8f050>,4,23,[1 6],6,26,49,20,21
1,<environment.Job instance at 0x151e827154b0>,5,18,[12  1],7,46,64,39,46
1,<environment.Job instance at 0x151e8274b8c0>,4,24,[7 2],6,28,52,22,28
1,<environment.Job instance at 0x151e8274bc30>,3,12,[12  2],5,808,820,803,808
1,<environment.Job instance at 0x151e8274f960>,6,14,[2 8],9,1197,1211,1188,1197
1,<environment.Job instance at 0x151eb9938780>,5,3,[13  2],8,19,22,11,19
1,<environment.Job instance at 0x151eb9938460>,4,3,[2 9],7,131,134,124,131
1,<environment.Job instance at 0x151eb99388c0>,2,1,[10  1],4,4,5,0,4
1,<environment.Job instance at 0x151e82d5bc30>,0,21,[ 2 12],1,4,25,3,4
1,<environment.Job instance at 0x151e826cff50>,6,2,[ 2 12],9,27,29,18,27
1,<environment.Job instance at 0x151e826cff00>,4,1,[13  2],7,34,35,27,34
1,<environment.Job instance at 0x151e82d5b230>,3,2,[ 1 12],5,38,40,33,38
1,<environment.Job instance at 0x151e826c9960>,0,2,[1 9],3,5,7,2,5
1,<environment.Job instance at 0x151e826c98c0>,1,1,[2 7],4,7,8,3,6
1,<environment.Job instance at 0x151e826c90a0>,3,2,[ 2 11],9,18,20,9,18
1,<environment.Job instance at 0x151e826c9a50>,2,26,[2 7],5,61,87,56,61
1,<environment.Job instance at 0x151eba4cd230>,4,12,[ 1 10],6,71,83,65,71
1,<environment.Job instance at 0x151eb41a4410>,5,12,[10  2],9,538,550,529,538
1,<environment.Job instance at 0x151e827bc550>,0,1,[ 2 14],3,3,4,0,3
1,<environment.Job instance at 0x151eb41a4fa0>,1,1,[ 2 10],4,4,5,0,4
1,<environment.Job instance at 0x151e82bb53c0>,2,1,[ 2 14],5,6,7,1,6
1,<environment.Job instance at 0x151eb7d3ce60>,3,3,[2 5],5,19,22,14,19
1,<environment.Job instance at 0x151e822dd3c0>,5,19,[5 2],8,30,49,22,30
1,<environment.Job instance at 0x151eb405db40>,2,3,[ 2 10],4,30,33,26,30
1,<environment.Job instance at 0x151e82da3280>,6,15,[11  2],9,49,64,40,45
1,<environment.Job instance at 0x151e82bb5230>,0,24,[ 1 12],2,58,82,56,58
1,<environment.Job instance at 0x151eb7d3c780>,4,1,[8 1],6,81,82,75,81
1,<environment.Job instance at 0x151eb7d3c550>,1,3,[11  2],3,188,191,185,188
1,<environment.Job instance at 0x151e82f61190>,1,1,[ 1 13],2,2,3,0,2
1,<environment.Job instance at 0x151e82f61370>,5,15,[1 6],9,30,45,21,30
1,<environment.Job instance at 0x151e82f61280>,2,3,[11  1],5,511,514,506,511
1,<environment.Job instance at 0x151e82f61410>,4,1,[1 8],8,525,526,517,525
1,<environment.Job instance at 0x151e82f61640>,3,3,[12  1],6,530,533,524,530
1,<environment.Job instance at 0x151e82b270a0>,2,13,[ 1 14],4,26,39,22,26
1,<environment.Job instance at 0x151e82be3be0>,6,12,[6 1],8,26,38,18,26
1,<environment.Job instance at 0x151e82afc410>,4,3,[1 9],6,39,42,33,29
1,<environment.Job instance at 0x151eb7d4d870>,1,21,[1 7],3,65,86,62,65
1,<environment.Job instance at 0x151e82be3b40>,5,2,[7 2],7,97,99,90,97
1,<environment.Job instance at 0x151e82bee460>,0,28,[2 8],1,7,35,6,7
1,<environment.Job instance at 0x151e82849f00>,5,17,[ 2 10],8,15,32,7,15
1,<environment.Job instance at 0x151e82849d70>,4,2,[2 9],7,32,34,25,15
1,<environment.Job instance at 0x151e82849190>,0,2,[ 2 12],3,40,42,37,40
1,<environment.Job instance at 0x151e82849960>,3,2,[ 2 12],6,45,47,39,45
1,<environment.Job instance at 0x151e82a226e0>,6,15,[1 7],7,46,61,39,46
1,<environment.Job instance at 0x151e82a22640>,5,1,[2 9],6,61,62,55,48
1,<environment.Job instance at 0x151ebed066e0>,6,24,[12  1],7,13,37,6,13
1,<environment.Job instance at 0x151eba5ee370>,7,22,[2 9],9,1216,1238,1207,1216
1,<environment.Job instance at 0x151e82a14320>,3,27,[ 2 12],5,7,34,2,7
1,<environment.Job instance at 0x151e824bbd20>,1,1,[9 1],3,3,4,0,3
1,<environment.Job instance at 0x151eba51baf0>,6,1,[ 1 10],9,22,23,13,22
1,<environment.Job instance at 0x151e82d6dfa0>,3,22,[1 6],7,7,29,0,7
1,<environment.Job instance at 0x151e82d6de10>,4,25,[11  2],8,2767,2792,2759,2767
1,<environment.Job instance at 0x151eba575320>,2,1,[2 8],4,26,27,22,26
1,<environment.Job instance at 0x151e82e17f50>,3,18,[10  1],8,35,53,27,35
1,<environment.Job instance at 0x151ebec95e60>,4,2,[7 2],9,173,175,164,173
1,<environment.Job instance at 0x151eba575dc0>,0,2,[14  1],2,175,177,173,173
1,<environment.Job instance at 0x151e82515190>,1,20,[9 1],2,3,23,1,3
1,<environment.Job instance at 0x151ebf657dc0>,2,23,[7 2],3,23,46,20,18
1,<environment.Job instance at 0x151eb99cae10>,5,3,[ 1 13],6,232,235,226,232
1,<environment.Job instance at 0x151e829a2af0>,0,1,[2 8],1,1,2,0,1
1,<environment.Job instance at 0x151e829a2a00>,1,1,[7 1],2,3,4,1,3
1,<environment.Job instance at 0x151eb9a54a00>,5,18,[14  1],7,7,25,0,7
1,<environment.Job instance at 0x151eb9a54550>,3,2,[14  2],5,25,27,20,8
1,<environment.Job instance at 0x151eb9a54780>,7,1,[1 8],9,9,10,0,9
1,<environment.Job instance at 0x151eb9a547d0>,4,3,[1 7],6,23,26,17,23
1,<environment.Job instance at 0x151eb9a54af0>,6,27,[5 2],8,27,54,19,25
1,<environment.Job instance at 0x151eb418eaf0>,5,27,[13  2],8,8,35,0,8
1,<environment.Job instance at 0x151eba5ba780>,2,26,[8 2],8,16,42,8,16
1,<environment.Job instance at 0x151eba5baf00>,3,3,[13  1],9,91,94,82,91
1,<environment.Job instance at 0x151eba5bacd0>,1,3,[ 2 12],3,4,7,1,4
1,<environment.Job instance at 0x151eba5f4780>,3,20,[2 5],6,7,27,1,6
1,<environment.Job instance at 0x151e82fcad20>,4,1,[ 2 10],7,7,8,0,7
1,<environment.Job instance at 0x151e82631c30>,0,21,[7 2],2,2,23,0,2
1,<environment.Job instance at 0x151e82631f00>,4,3,[5 1],6,2214,2217,2208,2214
1,<environment.Job instance at 0x151eba537960>,0,27,[2 6],1,4,31,3,4
1,<environment.Job instance at 0x151e823d5f50>,4,17,[9 1],7,933,950,926,933
1,<environment.Job instance at 0x151e8268d500>,2,23,[ 2 13],4,13,36,9,13
1,<environment.Job instance at 0x151ebecf8910>,5,18,[11  2],7,13,31,6,13
1,<environment.Job instance at 0x151ebecf8c80>,6,26,[2 8],8,36,62,28,33
1,<environment.Job instance at 0x151e8268d410>,3,18,[2 6],5,36,54,31,33
1,<environment.Job instance at 0x151ebeda2870>,0,2,[13  1],2,81,83,79,81
1,<environment.Job instance at 0x151ebecf8320>,4,2,[ 2 10],6,81,83,75,81
1,<environment.Job instance at 0x151e8268d8c0>,1,2,[11  2],3,93,95,90,93
1,<environment.Job instance at 0x151e828407d0>,5,16,[1 6],9,77,93,68,77
1,<environment.Job instance at 0x151e82802c80>,0,1,[5 1],1,3,4,2,3
1,<environment.Job instance at 0x151e828024b0>,3,27,[6 1],6,7,34,1,7
1,<environment.Job instance at 0x151e828020f0>,5,3,[ 1 13],8,88,91,80,88
1,<environment.Job instance at 0x151e828020f0>,3,2,[ 1 12],5,6,8,1,6
1,<environment.Job instance at 0x151e827bc190>,4,25,[ 2 10],7,12,37,5,12
1,<environment.Job instance at 0x151e82cb6be0>,2,14,[7 2],4,29,43,25,29
1,<environment.Job instance at 0x151ebf5f40a0>,5,3,[8 1],8,31,34,23,31
1,<environment.Job instance at 0x151ebf5f4140>,6,18,[9 1],9,43,61,34,34
1,<environment.Job instance at 0x151e82cb6870>,3,22,[ 1 13],6,337,359,331,337
1,<environment.Job instance at 0x151ebf5f40f0>,4,1,[6 1],7,658,659,651,658
1,<environment.Job instance at 0x151ec0c44f00>,0,27,[12  2],2,1725,1752,1723,1725
1,<environment.Job instance at 0x151e82a267d0>,4,1,[13  2],8,619,620,611,619
1,<environment.Job instance at 0x151e82a26a00>,3,3,[14  1],7,1479,1482,1472,1479
1,<environment.Job instance at 0x151e82a27190>,1,21,[2 5],2,2,23,0,2
1,<environment.Job instance at 0x151e824c7dc0>,6,14,[10  2],9,29,43,20,29
1,<environment.Job instance at 0x151e824c7f00>,5,2,[8 2],8,68,70,60,68
1,<environment.Job instance at 0x151e82a26a00>,2,3,[ 1 11],5,1169,1172,1164,1169
1,<environment.Job instance at 0x151ebed74550>,2,2,[ 2 11],7,9,11,2,9
1,<environment.Job instance at 0x151ebed745f0>,3,14,[2 5],9,11,25,2,11
1,<environment.Job instance at 0x151e82f1faf0>,0,2,[12  2],4,39,41,35,39
1,<environment.Job instance at 0x151ebed74780>,1,3,[ 1 12],6,41,44,35,41
1,<environment.Job instance at 0x151e82cbc410>,3,1,[2 9],5,22,23,17,22
1,<environment.Job instance at 0x151e82cbcc80>,4,3,[ 1 11],6,24,27,18,24
1,<environment.Job instance at 0x151e82e313c0>,5,1,[6 1],7,335,336,328,335
1,<environment.Job instance at 0x151e82e31e10>,6,3,[7 2],8,2873,2876,2865,2873
1,<environment.Job instance at 0x151e826ad8c0>,0,2,[14  2],1,54,56,53,54
1,<environment.Job instance at 0x151e82ca1be0>,2,23,[5 1],5,7,30,2,7
1,<environment.Job instance at 0x151e824785a0>,0,2,[13  2],1,30,32,29,26
1,<environment.Job instance at 0x151e826adaf0>,5,3,[2 8],8,31,34,23,31
1,<environment.Job instance at 0x151e82ca1960>,4,2,[ 1 11],7,37,39,30,37
1,<environment.Job instance at 0x151ec0c2cf50>,3,3,[1 5],6,40,43,34,40
1,<environment.Job instance at 0x151eb9b203c0>,3,20,[8 2],4,4,24,0,4
1,<environment.Job instance at 0x151eb9b20370>,0,27,[1 8],1,7,34,6,7
1,<environment.Job instance at 0x151ec05d0a50>,6,2,[ 1 13],8,34,36,26,8
1,<environment.Job instance at 0x151ec05d0cd0>,7,15,[1 5],9,13,28,4,13
1,<environment.Job instance at 0x151ec05d00a0>,5,21,[10  1],7,28,49,21,28
1,<environment.Job instance at 0x151e82e4baa0>,1,3,[10  2],2,2,5,0,2
1,<environment.Job instance at 0x151eb9a86230>,2,3,[ 2 11],5,5,8,0,5
1,<environment.Job instance at 0x151e82e4b0a0>,3,2,[ 1 13],6,8,10,2,6
1,<environment.Job instance at 0x151e82a52780>,4,23,[1 5],7,10,33,3,7
1,<environment.Job instance at 0x151e82bb4690>,6,26,[14  2],7,55,81,48,55
1,<environment.Job instance at 0x151eba8877d0>,8,2,[13  1],9,795,797,786,795
1,<environment.Job instance at 0x151eba887f50>,0,23,[7 1],2,2,25,0,2
1,<environment.Job instance at 0x151eba887af0>,1,1,[2 8],3,4,5,1,4
1,<environment.Job instance at 0x151e82e7a140>,6,20,[2 9],9,18,38,9,18
1,<environment.Job instance at 0x151e82e7a9b0>,4,2,[ 2 11],7,42,44,35,42
1,<environment.Job instance at 0x151ebf73aaf0>,1,1,[5 2],3,4,5,1,4
1,<environment.Job instance at 0x151ebf73aa00>,2,27,[5 2],4,5,32,1,5
1,<environment.Job instance at 0x151ebf73a320>,5,1,[2 9],8,36,37,28,36
1,<environment.Job instance at 0x151ebf73ae10>,6,13,[9 1],9,51,64,42,51
1,<environment.Job instance at 0x151e82e7ac30>,4,1,[ 1 11],7,79,80,72,79
1,<environment.Job instance at 0x151e824a5d70>,0,1,[ 2 13],1,1,2,0,1
1,<environment.Job instance at 0x151ebf5fb820>,2,27,[5 2],4,6,33,2,6
1,<environment.Job instance at 0x151ebf5f0aa0>,5,1,[6 2],7,7,8,0,7
1,<environment.Job instance at 0x151ec0c29dc0>,0,1,[2 6],1,3,4,2,3
1,<environment.Job instance at 0x151eb9c5ad20>,2,1,[2 6],4,5,6,1,5
1,<environment.Job instance at 0x151ec0c29230>,6,17,[11  1],9,34,51,25,34
1,<environment.Job instance at 0x151e8256d5a0>,1,1,[ 1 14],2,2,3,0,2
1,<environment.Job instance at 0x151e82d9b500>,5,2,[12  2],6,47,49,41,47
1,<environment.Job instance at 0x151e82d9bc30>,6,16,[12  2],7,72,88,65,72
1,<environment.Job instance at 0x151ec0cb47d0>,5,1,[ 2 14],7,2950,2951,2943,2950
1,<environment.Job instance at 0x151ec0cb4780>,1,1,[12  1],6,6,7,0,6
1,<environment.Job instance at 0x151eb99f33c0>,3,24,[9 1],9,9,33,0,9
1,<environment.Job instance at 0x151e8253faf0>,2,21,[1 9],3,3,24,0,3
1,<environment.Job instance at 0x151e8253f1e0>,5,23,[1 6],6,6,29,0,6
1,<environment.Job instance at 0x151e8253f6e0>,3,2,[7 1],7,8,10,1,8
1,<environment.Job instance at 0x151e82a52dc0>,0,20,[5 1],2,3,23,1,3
1,<environment.Job instance at 0x151e82a52b40>,3,12,[1 5],6,7,19,1,7
1,<environment.Job instance at 0x151e82ea3460>,5,21,[8 1],8,8,29,0,8
1,<environment.Job instance at 0x151eb81c3e60>,0,1,[5 2],1,1,2,0,1
1,<environment.Job instance at 0x151ebf5f5820>,2,2,[ 1 10],5,5,7,0,5
1,<environment.Job instance at 0x151ebf5f50f0>,4,3,[10  2],8,8,11,0,8
1,<environment.Job instance at 0x151eb81c3690>,1,26,[2 8],3,8,34,5,8
1,<environment.Job instance at 0x151e825e8dc0>,0,28,[6 1],2,2,30,0,2
1,<environment.Job instance at 0x151e82e021e0>,2,28,[6 2],7,14,42,7,14
1,<environment.Job instance at 0x151e82713870>,4,26,[10  1],8,8,34,0,8
1,<environment.Job instance at 0x151ebbba0fa0>,3,2,[12  2],7,108,110,101,108
1,<environment.Job instance at 0x151e828e24b0>,4,28,[ 1 10],6,12,40,6,12
1,<environment.Job instance at 0x151e828e2690>,5,3,[9 2],8,17,20,9,17
1,<environment.Job instance at 0x151e828e2c80>,6,2,[5 1],9,21,23,12,21
1,<environment.Job instance at 0x151e82c95280>,2,1,[10  2],4,4,5,0,4
1,<environment.Job instance at 0x151e82ff75a0>,3,26,[8 2],5,9,35,4,9
1,<environment.Job instance at 0x151e82c22910>,4,27,[ 2 10],8,8,35,0,8
1,<environment.Job instance at 0x151eb41605f0>,5,13,[5 1],6,9,22,3,9
1,<environment.Job instance at 0x151eb4160fa0>,7,2,[7 2],8,60,62,52,60
1,<environment.Job instance at 0x151eb9a90910>,0,24,[1 7],1,2,26,1,2
1,<environment.Job instance at 0x151e82850f50>,4,17,[9 2],8,15,32,7,15
1,<environment.Job instance at 0x151eb9a907d0>,1,2,[ 1 12],4,26,28,22,24
1,<environment.Job instance at 0x151eb4173aa0>,5,23,[13  1],9,35,58,26,35
1,<environment.Job instance at 0x151eb9a90460>,3,1,[6 2],6,62,63,56,62
1,<environment.Job instance at 0x151e82ae4c80>,2,21,[2 7],3,4,25,1,4
1,<environment.Job instance at 0x151e82baf460>,4,2,[ 2 14],5,29,31,24,29
1,<environment.Job instance at 0x151ec0c43b90>,5,2,[5 1],6,110,112,104,110
1,<environment.Job instance at 0x151ebbb8d410>,2,3,[13  1],3,4,7,1,4
1,<environment.Job instance at 0x151ebbb8d550>,0,27,[6 2],1,7,34,6,5
1,<environment.Job instance at 0x151e82ae4690>,3,21,[7 2],4,7,28,3,5
1,<environment.Job instance at 0x151eba62d780>,1,25,[8 1],4,5,30,1,5
1,<environment.Job instance at 0x151e82746320>,3,16,[1 6],6,8,24,2,8
1,<environment.Job instance at 0x151e82746370>,5,3,[ 1 14],9,24,27,15,10
1,<environment.Job instance at 0x151eb823c780>,2,1,[ 1 12],5,5,6,0,5
1,<environment.Job instance at 0x151eb9bcc780>,2,3,[ 2 13],5,24,27,19,24
1,<environment.Job instance at 0x151eb9bccfa0>,0,23,[12  1],2,24,47,22,24
1,<environment.Job instance at 0x151eb9bccf50>,3,1,[ 1 12],6,27,28,21,26
1,<environment.Job instance at 0x151eb9bccbe0>,6,1,[6 2],9,47,48,38,33
1,<environment.Job instance at 0x151eb9bccc30>,4,3,[8 2],7,65,68,58,65
1,<environment.Job instance at 0x151eb81f4780>,4,28,[7 2],6,6,34,0,6
1,<environment.Job instance at 0x151eb81f4550>,6,2,[2 8],9,2258,2260,2249,2258
1,<environment.Job instance at 0x151ebed859b0>,1,1,[10  1],3,3,4,0,3
1,<environment.Job instance at 0x151eb81f4f00>,2,27,[5 2],4,5,32,1,5
1,<environment.Job instance at 0x151ec18b4c80>,4,25,[9 1],6,6,31,0,6
1,<environment.Job instance at 0x151ec18b4780>,5,1,[10  2],8,31,32,23,8
1,<environment.Job instance at 0x151ec18b4cd0>,6,21,[ 2 10],9,32,53,23,24
1,<environment.Job instance at 0x151eba4d4d20>,1,27,[5 2],3,5,32,2,5
1,<environment.Job instance at 0x151ebec6e1e0>,3,27,[10  2],8,10,37,2,10
1,<environment.Job instance at 0x151e82f62b90>,3,17,[2 5],4,7,24,3,7
1,<environment.Job instance at 0x151e822d4e10>,6,2,[5 2],8,8,10,0,8
1,<environment.Job instance at 0x151e82c1c6e0>,7,2,[5 1],9,9,11,0,9
1,<environment.Job instance at 0x151e82c1c190>,1,1,[6 2],4,4,5,0,4
1,<environment.Job instance at 0x151ebecb3370>,2,1,[11  1],5,5,6,0,5
1,<environment.Job instance at 0x151ebecfb5f0>,3,27,[2 6],7,8,35,1,8
1,<environment.Job instance at 0x151e826a28c0>,6,17,[12  1],7,20,37,13,20
1,<environment.Job instance at 0x151e8233f5f0>,2,13,[ 2 14],3,205,218,202,205
1,<environment.Job instance at 0x151eba4a1960>,3,16,[14  2],4,218,234,214,207
1,<environment.Job instance at 0x151e8292abe0>,5,2,[12  2],8,282,284,274,282
1,<environment.Job instance at 0x151e8290c320>,0,25,[ 1 10],1,2,27,1,2
1,<environment.Job instance at 0x151e8290c370>,5,3,[6 1],6,6,9,0,6
1,<environment.Job instance at 0x151e823380a0>,6,1,[13  1],7,9,10,2,7
1,<environment.Job instance at 0x151e82338f00>,7,3,[2 7],8,27,30,19,8
1,<environment.Job instance at 0x151e823385f0>,8,1,[5 1],9,10,11,1,9
1,<environment.Job instance at 0x151e82338690>,3,1,[2 6],5,5,6,0,5
1,<environment.Job instance at 0x151e82ec6690>,5,21,[2 5],7,7,28,0,7
1,<environment.Job instance at 0x151eb8200280>,7,2,[ 1 13],9,46,48,37,46
1,<environment.Job instance at 0x151ebf5d8320>,0,1,[9 2],1,2,3,1,2
1,<environment.Job instance at 0x151ebf5d8b90>,4,23,[13  2],7,1619,1642,1612,1619
1,<environment.Job instance at 0x151e82760870>,4,24,[1 6],5,6,30,1,6
1,<environment.Job instance at 0x151e8252e410>,3,2,[5 2],6,6,8,0,6
1,<environment.Job instance at 0x151ebd80a780>,4,2,[8 1],7,7,9,0,7
1,<environment.Job instance at 0x151eba530eb0>,5,1,[ 2 10],8,8,9,0,8
1,<environment.Job instance at 0x151ebf632e10>,0,23,[1 9],1,69,92,68,69
1,<environment.Job instance at 0x151eb9b823c0>,1,2,[12  1],3,34,36,31,34
1,<environment.Job instance at 0x151e82da1870>,4,2,[7 2],9,45,47,36,45
1,<environment.Job instance at 0x151eb9b82cd0>,3,15,[10  2],8,58,73,50,58
1,<environment.Job instance at 0x151e82d8e500>,0,1,[1 5],1,1,2,0,1
1,<environment.Job instance at 0x151ebec5a780>,6,25,[6 1],7,96,121,89,96
1,<environment.Job instance at 0x151ebec5ae10>,4,2,[2 7],5,96,98,91,96
1,<environment.Job instance at 0x151ebec5acd0>,5,3,[2 5],6,113,116,107,113
1,<environment.Job instance at 0x151e8235c4b0>,3,18,[5 1],4,780,798,776,780
1,<environment.Job instance at 0x151ebec5a280>,1,28,[1 7],4,4,32,0,4
1,<environment.Job instance at 0x151eba4cba00>,5,22,[2 5],9,30,52,21,30
1,<environment.Job instance at 0x151e82cbfb40>,2,13,[7 2],4,4,17,0,4
1,<environment.Job instance at 0x151e82cbf9b0>,4,24,[12  1],7,17,41,10,12
1,<environment.Job instance at 0x151ebec5afa0>,1,26,[ 2 13],3,30,56,27,30
1,<environment.Job instance at 0x151e82cbfeb0>,5,15,[2 5],9,82,97,73,82
1,<environment.Job instance at 0x151e822cd3c0>,3,14,[9 1],5,17,31,12,17
1,<environment.Job instance at 0x151eb81ee0a0>,5,1,[6 2],8,34,35,26,34
1,<environment.Job instance at 0x151eb81eaa50>,6,2,[ 1 10],9,36,38,27,36
1,<environment.Job instance at 0x151eb81ee140>,4,3,[9 2],6,72,75,66,72
1,<environment.Job instance at 0x151e822cd0f0>,0,2,[13  1],1,95,97,94,95
1,<environment.Job instance at 0x151e82374230>,0,22,[1 8],1,8,30,7,8
1,<environment.Job instance at 0x151ebed74870>,0,27,[6 2],1,3,30,2,3
1,<environment.Job instance at 0x151eb88a9cd0>,7,2,[ 1 12],8,22,24,14,22
1,<environment.Job instance at 0x151eb88a9050>,8,25,[ 1 10],9,24,49,15,24
1,<environment.Job instance at 0x151eb40df820>,6,3,[11  2],7,146,149,139,146
1,<environment.Job instance at 0x151e8272f1e0>,2,19,[7 2],4,5,24,1,5
1,<environment.Job instance at 0x151eb99a8550>,4,23,[ 2 13],6,6,29,0,6
1,<environment.Job instance at 0x151ebf68b190>,5,2,[12  2],7,24,26,17,7
1,<environment.Job instance at 0x151ebf63edc0>,6,1,[ 1 10],8,15,16,7,15
1,<environment.Job instance at 0x151ebf68b370>,5,16,[13  1],7,45,61,38,45
1,<environment.Job instance at 0x151ebf63e5f0>,7,2,[9 1],9,75,77,66,75
1,<environment.Job instance at 0x151ebf63e050>,4,3,[11  2],6,1303,1306,1297,1303
1,<environment.Job instance at 0x151e829b3be0>,0,26,[1 6],3,6,32,3,6
1,<environment.Job instance at 0x151eb9a2e730>,0,21,[ 2 11],1,2,23,1,2
1,<environment.Job instance at 0x151eb9a2e9b0>,4,2,[13  1],6,454,456,448,454
1,<environment.Job instance at 0x151eb81f7960>,5,14,[2 8],7,1042,1056,1035,1042
1,<environment.Job instance at 0x151eb81f7a00>,6,24,[2 6],8,1258,1282,1250,1258
1,<environment.Job instance at 0x151e829b3190>,1,21,[12  2],3,1948,1969,1945,1948
1,<environment.Job instance at 0x151eb994ee10>,4,26,[2 8],6,8,34,2,8
1,<environment.Job instance at 0x151ebf6df460>,5,1,[ 2 12],7,34,35,27,34
1,<environment.Job instance at 0x151eb994eb40>,0,27,[ 2 12],4,5,32,1,5
1,<environment.Job instance at 0x151ebf5f29b0>,2,1,[ 2 10],4,4,5,0,4
1,<environment.Job instance at 0x151ebf5f2be0>,0,2,[13  2],1,5,7,4,5
1,<environment.Job instance at 0x151ebf5f2d70>,3,19,[13  2],5,7,26,2,6
1,<environment.Job instance at 0x151ec1844f50>,2,27,[13  2],3,13,40,10,13
1,<environment.Job instance at 0x151ebf61ab40>,4,1,[12  1],6,2894,2895,2888,2894
1,<environment.Job instance at 0x151ebf61a280>,4,24,[2 7],5,6,30,1,6
1,<environment.Job instance at 0x151e8284c7d0>,6,2,[12  2],7,27,29,20,27
1,<environment.Job instance at 0x151e8284c550>,5,22,[ 2 10],6,30,52,24,27
1,<environment.Job instance at 0x151e8284c4b0>,7,2,[1 7],8,52,54,44,32
1,<environment.Job instance at 0x151e8284c690>,8,3,[2 8],9,52,55,43,38
1,<environment.Job instance at 0x151ebf61ab40>,3,22,[ 1 12],4,55,77,51,48
1,<environment.Job instance at 0x151e82876280>,0,27,[7 1],3,3,30,0,3
1,<environment.Job instance at 0x151eb9a50f00>,4,23,[6 2],7,8,31,1,8
1,<environment.Job instance at 0x151eb9a503c0>,5,3,[1 7],8,122,125,114,122
1,<environment.Job instance at 0x151eb82353c0>,2,2,[ 2 13],3,3,5,0,3
1,<environment.Job instance at 0x151eb4091e10>,3,2,[ 2 14],4,5,7,1,4
1,<environment.Job instance at 0x151eb4091e60>,4,28,[7 1],6,6,34,0,6
1,<environment.Job instance at 0x151eb4091d70>,1,22,[ 2 10],2,13,35,11,13
1,<environment.Job instance at 0x151e82dcdb40>,3,2,[14  1],8,9,11,1,9
1,<environment.Job instance at 0x151eb9a13fa0>,3,2,[2 8],5,43,45,38,43
1,<environment.Job instance at 0x151eb9a13f00>,4,1,[1 7],8,1301,1302,1293,1301
1,<environment.Job instance at 0x151e829840a0>,3,1,[9 1],4,6,7,2,6
1,<environment.Job instance at 0x151ebf5ee3c0>,6,3,[13  2],7,8,11,1,8
1,<environment.Job instance at 0x151eb9a13f00>,2,1,[ 1 11],3,22,23,19,22
1,<environment.Job instance at 0x151e82984dc0>,4,19,[ 2 14],5,35,54,30,35
1,<environment.Job instance at 0x151eb9a13a50>,1,27,[14  1],2,117,144,115,117
1,<environment.Job instance at 0x151ebf5ee910>,5,27,[10  2],6,144,171,138,143
1,<environment.Job instance at 0x151e826b5eb0>,0,1,[ 2 13],1,1,2,0,1
1,<environment.Job instance at 0x151e826b5780>,4,1,[7 1],6,37,38,31,37
1,<environment.Job instance at 0x151e826b5460>,6,3,[1 5],9,38,41,29,38
1,<environment.Job instance at 0x151e826b5370>,5,1,[2 6],8,68,69,60,68
1,<environment.Job instance at 0x151ebf5ee910>,2,2,[14  1],4,106,108,102,106
1,<environment.Job instance at 0x151ebf5ee690>,1,3,[ 1 11],2,178,181,176,178
1,<environment.Job instance at 0x151e826b56e0>,3,13,[8 2],5,232,245,227,232
1,<environment.Job instance at 0x151e826ff2d0>,1,26,[7 1],3,3,29,0,3
1,<environment.Job instance at 0x151eba5bdc80>,4,28,[ 1 12],6,98,126,92,98
1,<environment.Job instance at 0x151ec17d6140>,2,2,[5 1],4,4,6,0,4
1,<environment.Job instance at 0x151ec17d64b0>,3,26,[2 7],5,5,31,0,5
1,<environment.Job instance at 0x151ec17d6640>,4,2,[13  1],6,6,8,0,6
1,<environment.Job instance at 0x151eb9b66320>,6,1,[14  1],8,33,34,25,33
1,<environment.Job instance at 0x151eb9b66870>,7,18,[10  1],9,35,53,26,35
1,<environment.Job instance at 0x151eba88f410>,1,18,[8 1],2,2,20,0,2
1,<environment.Job instance at 0x151eba842b40>,0,1,[ 2 12],1,4,5,3,4
1,<environment.Job instance at 0x151eb823aeb0>,3,24,[7 1],4,5,29,1,4
1,<environment.Job instance at 0x151e82ee1a50>,7,3,[14  2],8,351,354,343,351
1,<environment.Job instance at 0x151eb9998550>,5,3,[1 9],9,40,43,31,40
1,<environment.Job instance at 0x151eb99986e0>,2,1,[14  1],5,68,69,63,68
1,<environment.Job instance at 0x151eb9998500>,4,1,[2 9],8,72,73,64,72
1,<environment.Job instance at 0x151e82614eb0>,2,1,[12  1],3,5,6,2,5
1,<environment.Job instance at 0x151e826142d0>,4,3,[ 2 13],6,1007,1010,1001,1007
1,<environment.Job instance at 0x151e82614d70>,5,3,[12  2],9,1063,1066,1054,1063
1,<environment.Job instance at 0x151e82482f50>,1,28,[ 2 10],2,6,34,4,6
1,<environment.Job instance at 0x151e824b85a0>,5,26,[8 1],9,12,38,3,12
1,<environment.Job instance at 0x151e82614370>,3,21,[9 2],7,38,59,31,32
1,<environment.Job instance at 0x151e824824b0>,2,1,[ 1 14],4,60,61,56,60
1,<environment.Job instance at 0x151e82e10550>,2,21,[9 2],3,3,24,0,3
1,<environment.Job instance at 0x151e82e10500>,5,2,[2 9],6,9,11,3,9
1,<environment.Job instance at 0x151e82e10280>,1,27,[12  1],2,274,301,272,274
1,<environment.Job instance at 0x151e82e10320>,6,13,[2 8],8,276,289,268,276
1,<environment.Job instance at 0x151e82e10f50>,7,3,[7 2],9,301,304,292,287
1,<environment.Job instance at 0x151e82e108c0>,0,22,[5 1],3,3,25,0,3
1,<environment.Job instance at 0x151ebed31d20>,3,28,[14  1],9,25,53,16,24
1,<environment.Job instance at 0x151e8272fa00>,2,15,[6 2],3,848,863,845,848
1,<environment.Job instance at 0x151e82924500>,4,1,[13  2],5,76,77,71,76
1,<environment.Job instance at 0x151e82924c80>,6,16,[5 2],7,77,93,70,76
1,<environment.Job instance at 0x151e82924d70>,5,28,[2 9],6,270,298,264,270
1,<environment.Job instance at 0x151eb9a8f690>,2,24,[2 5],3,3,27,0,3
1,<environment.Job instance at 0x151eb9a8f370>,0,26,[2 5],1,3,29,2,3
1,<environment.Job instance at 0x151e82a1ffa0>,3,1,[11  2],4,4,5,0,4
1,<environment.Job instance at 0x151e829fa140>,7,2,[1 9],9,27,29,18,13
1,<environment.Job instance at 0x151e829fa0a0>,4,19,[1 7],5,29,48,24,24
1,<environment.Job instance at 0x151e829fa230>,1,24,[5 1],2,2,26,0,2
1,<environment.Job instance at 0x151e829fabe0>,2,28,[7 2],3,10,38,7,10
1,<environment.Job instance at 0x151ebf6bbdc0>,3,26,[6 2],6,23,49,17,23
1,<environment.Job instance at 0x151ebf6bb2d0>,6,2,[12  2],9,49,51,40,23
1,<environment.Job instance at 0x151ebf6bbf00>,1,2,[13  1],4,51,53,47,33
1,<environment.Job instance at 0x151ebf6bb9b0>,4,26,[1 8],7,43,69,36,43
1,<environment.Job instance at 0x151ebf6bb370>,2,17,[8 1],5,53,70,48,52
1,<environment.Job instance at 0x151e82f8b500>,0,26,[5 2],1,4,30,3,4
1,<environment.Job instance at 0x151e8295d320>,0,1,[2 8],1,3,4,2,3
1,<environment.Job instance at 0x151e8295daa0>,4,1,[ 1 10],5,5,6,0,5
1,<environment.Job instance at 0x151eb4043500>,5,26,[2 5],6,6,32,0,6
1,<environment.Job instance at 0x151e829fa140>,4,12,[13  1],8,21,33,13,21
1,<environment.Job instance at 0x151eb4043550>,1,3,[13  1],3,33,36,30,29
1,<environment.Job instance at 0x151eba8ab640>,2,1,[1 8],4,4,5,0,4
1,<environment.Job instance at 0x151eba8ab5f0>,3,2,[7 2],5,5,7,0,5
1,<environment.Job instance at 0x151eba8ab2d0>,5,3,[11  2],7,126,129,119,126
1,<environment.Job instance at 0x151eba8421e0>,4,2,[ 2 14],6,17,19,11,17
1,<environment.Job instance at 0x151eb7d4c500>,2,23,[2 6],3,19,42,16,18
1,<environment.Job instance at 0x151eba8425a0>,5,24,[2 9],7,1183,1207,1176,1183
1,<environment.Job instance at 0x151e82d47c30>,2,20,[ 2 12],5,8,28,3,8
1,<environment.Job instance at 0x151e82510230>,4,27,[6 1],5,5,32,0,5
1,<environment.Job instance at 0x151eba842a50>,3,26,[5 2],4,6,32,2,6
1,<environment.Job instance at 0x151e823d7320>,6,23,[2 6],7,7,30,0,7
1,<environment.Job instance at 0x151e823d7370>,7,3,[12  1],8,32,35,24,30
1,<environment.Job instance at 0x151e82510550>,5,15,[11  1],6,35,50,29,35
1,<environment.Job instance at 0x151e82510690>,2,2,[12  1],3,90,92,87,90
1,<environment.Job instance at 0x151e826fd780>,1,28,[7 2],2,3,31,1,3
1,<environment.Job instance at 0x151e82b3bfa0>,5,15,[6 1],9,15,30,6,15
1,<environment.Job instance at 0x151e822d24b0>,3,1,[13  2],7,30,31,23,23
1,<environment.Job instance at 0x151e823d7780>,2,24,[ 1 14],6,57,81,51,57
1,<environment.Job instance at 0x151e82b47780>,0,2,[1 5],2,4,6,2,4
1,<environment.Job instance at 0x151e828b7910>,3,26,[5 2],5,5,31,0,5
1,<environment.Job instance at 0x151e828b7190>,4,1,[8 2],6,6,7,0,6
1,<environment.Job instance at 0x151e828b73c0>,6,3,[ 1 11],8,339,342,331,339
1,<environment.Job instance at 0x151ebf731fa0>,3,3,[2 7],5,25,28,20,25
1,<environment.Job instance at 0x151ebf7310f0>,2,2,[9 2],4,25,27,21,25
1,<environment.Job instance at 0x151ebf7312d0>,5,22,[2 9],9,34,56,25,34
1,<environment.Job instance at 0x151ebf731370>,0,1,[ 1 12],1,59,60,58,59
1,<environment.Job instance at 0x151ebf731320>,4,21,[10  2],8,96,117,88,96
1,<environment.Job instance at 0x151eb9ae8460>,5,20,[9 1],7,9,29,2,9
1,<environment.Job instance at 0x151eb9ae87d0>,6,3,[11  1],9,144,147,135,144
1,<environment.Job instance at 0x151eb889de10>,1,23,[5 1],2,2,25,0,2
1,<environment.Job instance at 0x151e82cb5910>,0,1,[12  2],1,25,26,24,7
1,<environment.Job instance at 0x151eb9ae87d0>,3,2,[6 2],4,56,58,52,56
1,<environment.Job instance at 0x151e8268c870>,3,22,[7 1],9,9,31,0,9
1,<environment.Job instance at 0x151e82ff48c0>,0,3,[12  2],2,16,19,14,16
1,<environment.Job instance at 0x151e82ff4910>,6,18,[ 1 12],9,16,34,7,16
1,<environment.Job instance at 0x151e82ff4a00>,5,17,[13  2],8,36,53,28,36
1,<environment.Job instance at 0x151e82ff49b0>,2,20,[5 1],4,53,73,49,48
1,<environment.Job instance at 0x151e82ff4960>,3,3,[9 1],5,53,56,48,49
1,<environment.Job instance at 0x151e82ff4640>,4,1,[7 2],6,88,89,82,88
1,<environment.Job instance at 0x151eba9022d0>,1,2,[ 2 11],3,4,6,1,4
1,<environment.Job instance at 0x151e82eb1500>,1,1,[1 9],4,4,5,0,4
1,<environment.Job instance at 0x151e82eb1820>,2,1,[1 8],5,5,6,0,5
1,<environment.Job instance at 0x151e82eb1a00>,3,20,[ 1 12],8,9,29,1,9
1,<environment.Job instance at 0x151e82eb1140>,4,23,[2 5],9,29,52,20,29
1,<environment.Job instance at 0x151ebec58690>,0,1,[ 1 13],1,1,2,0,1
1,<environment.Job instance at 0x151e82864c30>,0,1,[11  1],3,3,4,0,3
1,<environment.Job instance at 0x151e82864050>,1,24,[5 1],4,4,28,0,4
1,<environment.Job instance at 0x151e828648c0>,3,23,[9 2],6,6,29,0,6
1,<environment.Job instance at 0x151e82864550>,6,1,[6 1],9,28,29,19,9
1,<environment.Job instance at 0x151e82864820>,2,20,[ 1 12],5,37,57,32,37
1,<environment.Job instance at 0x151eba4a1230>,3,28,[2 7],4,8,36,4,8
1,<environment.Job instance at 0x151e828daa00>,0,24,[2 7],4,5,29,1,5
1,<environment.Job instance at 0x151eb998c8c0>,4,1,[9 2],7,54,55,47,54
1,<environment.Job instance at 0x151e8239e280>,6,2,[1 5],9,126,128,117,126
1,<environment.Job instance at 0x151eb998cd70>,5,17,[8 1],8,276,293,268,276
1,<environment.Job instance at 0x151e82f02e10>,2,17,[11  2],4,1176,1193,1172,1176
1,<environment.Job instance at 0x151ebbb986e0>,2,1,[1 5],4,4,5,0,4
1,<environment.Job instance at 0x151ebecf0190>,2,19,[9 1],3,3,22,0,3
1,<environment.Job instance at 0x151ebecf0dc0>,0,2,[ 2 14],1,5,7,4,5
1,<environment.Job instance at 0x151e82d44a00>,4,17,[12  1],7,16,33,9,16
1,<environment.Job instance at 0x151e82347c80>,5,3,[1 8],8,37,40,29,37
1,<environment.Job instance at 0x151e82c820a0>,2,3,[ 2 13],3,1065,1068,1062,1065
1,<environment.Job instance at 0x151e8233e190>,0,25,[1 9],1,2,27,1,2
1,<environment.Job instance at 0x151e82fbee10>,7,14,[ 2 10],8,581,595,573,581
1,<environment.Job instance at 0x151e82fbe190>,5,2,[ 1 13],6,2395,2397,2389,2395
1,<environment.Job instance at 0x151e82fbe190>,3,1,[2 5],4,6,7,2,6
1,<environment.Job instance at 0x151e823a00f0>,2,2,[11  1],3,9,11,6,9
1,<environment.Job instance at 0x151eb99a53c0>,4,3,[1 8],6,259,262,253,259
1,<environment.Job instance at 0x151e82fbec80>,1,21,[1 9],2,270,291,268,270
1,<environment.Job instance at 0x151e8241a820>,5,28,[2 8],9,597,625,588,597
1,<environment.Job instance at 0x151ec0c341e0>,4,3,[8 1],6,40,43,34,40
1,<environment.Job instance at 0x151ec0c344b0>,5,23,[7 1],7,612,635,605,612
1,<environment.Job instance at 0x151e82957d20>,3,3,[ 2 10],5,18,21,13,18
1,<environment.Job instance at 0x151e82957280>,4,12,[ 2 11],6,21,33,15,20
1,<environment.Job instance at 0x151e82c9a910>,1,1,[13  1],2,30,31,28,30
1,<environment.Job instance at 0x151e82c9a230>,2,3,[14  2],3,34,37,31,34
1,<environment.Job instance at 0x151e829570f0>,5,13,[1 7],8,106,119,98,106
1,<environment.Job instance at 0x151e82957c80>,6,16,[5 1],9,116,132,107,116
1,<environment.Job instance at 0x151eb9983410>,3,22,[7 1],5,7,29,2,7
1,<environment.Job instance at 0x151eb9c62730>,4,17,[ 2 14],6,23,40,17,23
1,<environment.Job instance at 0x151eb9c628c0>,5,2,[9 1],7,46,48,39,46
1,<environment.Job instance at 0x151eb9947fa0>,0,1,[11  2],1,48,49,47,47
1,<environment.Job instance at 0x151e823470f0>,6,2,[2 8],8,55,57,47,55
1,<environment.Job instance at 0x151eba848f50>,7,17,[11  2],9,56,73,47,56
1,<environment.Job instance at 0x151e82d776e0>,1,3,[14  1],2,755,758,753,755
1,<environment.Job instance at 0x151e824c7640>,5,19,[5 2],6,13,32,7,13
1,<environment.Job instance at 0x151e824c7a50>,6,22,[8 2],7,16,38,9,16
1,<environment.Job instance at 0x151e824c7e10>,7,3,[7 1],9,483,486,474,483
1,<environment.Job instance at 0x151e824c7cd0>,3,18,[ 1 14],4,1562,1580,1558,1562
1,<environment.Job instance at 0x151e82cf11e0>,4,2,[13  1],5,1604,1606,1599,1604
1,<environment.Job instance at 0x151e825726e0>,2,2,[10  1],3,3,5,0,3
1,<environment.Job instance at 0x151eb9a1d370>,3,28,[9 2],4,5,33,1,4
1,<environment.Job instance at 0x151e824c70a0>,1,22,[2 5],2,5,27,3,5
1,<environment.Job instance at 0x151eba5c74b0>,6,22,[13  1],8,80,102,72,80
1,<environment.Job instance at 0x151eba5c7640>,7,3,[12  1],9,129,132,120,129
1,<environment.Job instance at 0x151eba5c7d20>,0,1,[ 1 10],3,5,6,2,5
1,<environment.Job instance at 0x151ebec9cdc0>,4,12,[6 1],6,6,18,0,6
1,<environment.Job instance at 0x151e8267bcd0>,0,19,[ 2 14],1,7,26,6,7
1,<environment.Job instance at 0x151e82ae4c30>,7,3,[ 1 14],9,26,29,17,9
1,<environment.Job instance at 0x151eb99caeb0>,1,1,[1 7],3,3,4,0,3
1,<environment.Job instance at 0x151e82ae4dc0>,4,2,[ 1 11],7,9,11,2,9
1,<environment.Job instance at 0x151ec0c68320>,5,27,[14  1],8,9,36,1,9
1,<environment.Job instance at 0x151ec0c689b0>,6,23,[7 2],9,36,59,27,34
1,<environment.Job instance at 0x151e82833be0>,0,27,[ 1 10],1,5,32,4,5
1,<environment.Job instance at 0x151eb7d624b0>,6,27,[7 1],8,8,35,0,8
1,<environment.Job instance at 0x151e8248f5a0>,4,26,[1 7],6,32,58,26,29
1,<environment.Job instance at 0x151eb7d62eb0>,5,3,[ 2 11],7,63,66,56,63
1,<environment.Job instance at 0x151eb7d620f0>,1,3,[ 1 12],3,3,6,0,3
1,<environment.Job instance at 0x151ec0c34a50>,2,2,[5 1],4,4,6,0,4
1,<environment.Job instance at 0x151ec0c342d0>,3,3,[ 2 12],6,81,84,75,81
1,<environment.Job instance at 0x151e82418500>,6,17,[7 1],9,21,38,12,21
1,<environment.Job instance at 0x151eb8229820>,3,26,[12  1],5,5,31,0,5
1,<environment.Job instance at 0x151eb8229aa0>,1,1,[14  2],2,31,32,29,13
1,<environment.Job instance at 0x151eba5d0820>,5,3,[12  2],7,32,35,25,24
1,<environment.Job instance at 0x151eba5d08c0>,6,3,[1 6],8,44,47,36,44
1,<environment.Job instance at 0x151eba5d9280>,1,2,[5 2],2,2,4,0,2
1,<environment.Job instance at 0x151eba5d9320>,0,22,[2 6],1,2,24,1,2
1,<environment.Job instance at 0x151e82604d70>,6,3,[ 1 13],8,56,59,48,56
1,<environment.Job instance at 0x151e82604dc0>,0,26,[6 2],2,3,29,1,3
1,<environment.Job instance at 0x151eba85df50>,3,20,[8 2],7,7,27,0,7
1,<environment.Job instance at 0x151eb9b90be0>,3,16,[13  1],5,150,166,145,150
1,<environment.Job instance at 0x151eb9b906e0>,3,1,[7 1],6,6,7,0,6
1,<environment.Job instance at 0x151ebf61a640>,4,3,[7 1],7,7,10,0,7
1,<environment.Job instance at 0x151ebf61a780>,5,3,[1 7],9,9,12,0,9
1,<environment.Job instance at 0x151eba848870>,1,28,[ 1 11],2,77,105,75,77
1,<environment.Job instance at 0x151ebf6d4870>,5,12,[ 2 14],8,102,114,94,102
1,<environment.Job instance at 0x151ebf6d4a50>,6,24,[10  1],9,122,146,113,122
1,<environment.Job instance at 0x151ebec6bc80>,2,3,[ 1 11],5,560,563,555,560
1,<environment.Job instance at 0x151eb9953e10>,3,22,[ 1 10],5,6,28,1,6
1,<environment.Job instance at 0x151e82848410>,5,23,[14  1],8,127,150,119,127
1,<environment.Job instance at 0x151e82848b40>,0,1,[8 1],1,1,2,0,1
1,<environment.Job instance at 0x151eba4d4410>,2,25,[1 5],4,4,29,0,4
1,<environment.Job instance at 0x151ec05dab90>,0,1,[6 1],1,5,6,4,5
1,<environment.Job instance at 0x151ec05da3c0>,5,28,[14  1],7,7,35,0,7
1,<environment.Job instance at 0x151ec05daaf0>,3,27,[1 5],5,28,55,23,28
1,<environment.Job instance at 0x151e82dc6190>,1,22,[8 1],3,4,26,1,4
1,<environment.Job instance at 0x151e82dc64b0>,2,25,[12  1],4,26,51,22,22
1,<environment.Job instance at 0x151eb4105fa0>,4,3,[11  2],6,99,102,93,99
1,<environment.Job instance at 0x151eb4103320>,1,2,[ 1 11],4,5,7,1,5
1,<environment.Job instance at 0x151eb4103fa0>,2,24,[5 2],5,5,29,0,5
1,<environment.Job instance at 0x151eb4103dc0>,0,21,[ 1 11],3,20,41,17,20
1,<environment.Job instance at 0x151e82a6a820>,0,1,[ 1 10],1,2,3,1,2
1,<environment.Job instance at 0x151e82a6acd0>,2,16,[8 1],5,5,21,0,5
1,<environment.Job instance at 0x151ebed065f0>,4,18,[11  2],6,25,43,19,25
1,<environment.Job instance at 0x151ebed062d0>,6,16,[1 6],9,50,66,41,50
1,<environment.Job instance at 0x151e8235b6e0>,0,2,[ 1 13],1,70,72,69,70
1,<environment.Job instance at 0x151ebed06140>,3,1,[1 9],5,72,73,67,72
1,<environment.Job instance at 0x151ebed06410>,5,2,[1 8],8,90,92,82,90
1,<environment.Job instance at 0x151e823d15f0>,2,3,[ 1 14],3,4,7,1,4
1,<environment.Job instance at 0x151e823d1910>,4,2,[13  1],6,6,8,0,6
1,<environment.Job instance at 0x151e823d1a50>,5,3,[2 8],7,7,10,0,7
1,<environment.Job instance at 0x151e823d1cd0>,6,26,[ 1 10],8,10,36,2,8
1,<environment.Job instance at 0x151e823d16e0>,7,19,[7 1],9,9,28,0,9
1,<environment.Job instance at 0x151e82af9fa0>,0,2,[ 2 13],1,3,5,2,3
1,<environment.Job instance at 0x151e8248ba00>,4,23,[1 5],6,6,29,0,6
1,<environment.Job instance at 0x151e8248b910>,5,27,[9 1],7,8,35,1,8
1,<environment.Job instance at 0x151e824a2140>,1,28,[1 7],4,4,32,0,4
1,<environment.Job instance at 0x151e824a2230>,0,25,[1 5],1,4,29,3,4
1,<environment.Job instance at 0x151e824a2190>,2,1,[12  1],5,6,7,1,6
1,<environment.Job instance at 0x151eba8afaa0>,6,12,[6 2],9,18,30,9,18
1,<environment.Job instance at 0x151eba8afb40>,3,18,[14  2],6,35,53,29,35
1,<environment.Job instance at 0x151eb94df460>,2,2,[6 2],3,3,5,0,3
1,<environment.Job instance at 0x151e8276ee60>,0,25,[2 5],1,1,26,0,1
1,<environment.Job instance at 0x151eb88986e0>,6,13,[8 1],7,49,62,42,49
1,<environment.Job instance at 0x151eb8898230>,8,20,[ 1 10],9,194,214,185,194
1,<environment.Job instance at 0x151eb8898e60>,7,1,[12  1],8,650,651,642,650
1,<environment.Job instance at 0x151eb8898b90>,5,2,[ 1 13],6,2948,2950,2942,2948
1,<environment.Job instance at 0x151e8276eb90>,2,27,[2 7],6,6,33,0,6
1,<environment.Job instance at 0x151eb9c14410>,3,28,[6 2],7,8,36,1,8
1,<environment.Job instance at 0x151e82990f00>,2,1,[12  2],5,6,7,1,6
1,<environment.Job instance at 0x151e82990e10>,5,27,[12  2],9,9,36,0,9
1,<environment.Job instance at 0x151e822c4a00>,3,2,[9 2],6,18,20,12,18
1,<environment.Job instance at 0x151eb9bea870>,2,2,[1 5],5,35,37,30,35
1,<environment.Job instance at 0x151e822b2280>,0,2,[14  1],2,36,38,34,36
1,<environment.Job instance at 0x151e822c4be0>,1,2,[12  2],4,39,41,35,39
1,<environment.Job instance at 0x151ebbb70050>,5,2,[ 1 11],8,18,20,10,18
1,<environment.Job instance at 0x151ebbb70320>,6,2,[1 8],9,20,22,11,20
1,<environment.Job instance at 0x151eb9bea7d0>,3,3,[13  1],5,1269,1272,1264,1269
1,<environment.Job instance at 0x151eb8256b40>,1,21,[9 2],2,2,23,0,2
1,<environment.Job instance at 0x151e828700a0>,0,24,[14  1],1,23,47,22,23
1,<environment.Job instance at 0x151e82870af0>,5,21,[11  1],8,47,68,39,39
1,<environment.Job instance at 0x151e82870690>,3,2,[10  1],5,72,74,67,72
1,<environment.Job instance at 0x151eba8a64b0>,2,23,[9 1],4,5,28,1,5
1,<environment.Job instance at 0x151eba8a6f50>,7,1,[ 2 11],9,9,10,0,9
1,<environment.Job instance at 0x151e82e963c0>,4,18,[1 7],6,21,39,15,21
1,<environment.Job instance at 0x151eba857f50>,4,19,[6 2],7,7,26,0,7
1,<environment.Job instance at 0x151eba857fa0>,2,1,[13  1],5,26,27,21,16
1,<environment.Job instance at 0x151e825d8b40>,5,3,[6 2],8,104,107,96,104
1,<environment.Job instance at 0x151e829a8aa0>,5,22,[5 2],9,13,35,4,13
1,<environment.Job instance at 0x151eb410d690>,0,25,[6 1],2,3,28,1,3
1,<environment.Job instance at 0x151eb410ddc0>,4,28,[14  2],7,28,56,21,27
1,<environment.Job instance at 0x151ec0cf9320>,6,26,[10  2],9,114,140,105,114
1,<environment.Job instance at 0x151eba4e5370>,2,25,[6 2],3,3,28,0,3
1,<environment.Job instance at 0x151ebec9ad20>,4,2,[ 1 14],6,28,30,22,7
1,<environment.Job instance at 0x151ebec9a1e0>,5,17,[9 1],7,8,25,1,8
1,<environment.Job instance at 0x151eba4e5500>,0,25,[ 1 12],1,30,55,29,27
1,<environment.Job instance at 0x151e82a6b280>,0,1,[ 2 13],1,1,2,0,1
1,<environment.Job instance at 0x151e82a6bfa0>,2,17,[7 2],5,11,28,6,11
1,<environment.Job instance at 0x151e82fa8910>,1,1,[6 2],2,2,3,0,2
1,<environment.Job instance at 0x151eb9bf97d0>,2,1,[6 1],3,3,4,0,3
1,<environment.Job instance at 0x151e82fa80f0>,3,1,[8 1],4,4,5,0,4
1,<environment.Job instance at 0x151e82acdc30>,5,2,[14  2],9,65,67,56,65
1,<environment.Job instance at 0x151e8293daa0>,2,1,[11  2],4,5,6,1,5
1,<environment.Job instance at 0x151e82fa0aa0>,3,3,[ 1 12],6,6,9,0,6
1,<environment.Job instance at 0x151e82fa02d0>,2,26,[1 5],5,9,35,4,6
1,<environment.Job instance at 0x151e8255e910>,6,2,[1 7],9,250,252,241,250
1,<environment.Job instance at 0x151e825d8e10>,0,20,[2 5],1,2,22,1,2
1,<environment.Job instance at 0x151e8255eb40>,2,1,[9 1],3,4,5,1,4
1,<environment.Job instance at 0x151e8255e910>,3,23,[1 7],6,8,31,2,8
1,<environment.Job instance at 0x151e825d8b90>,5,3,[6 2],9,18,21,9,18
1,<environment.Job instance at 0x151e825d8e60>,1,13,[14  1],2,34,47,32,34
1,<environment.Job instance at 0x151e825d84b0>,4,14,[7 1],8,52,66,44,52
1,<environment.Job instance at 0x151ebf73aaa0>,1,1,[8 1],2,2,3,0,2
1,<environment.Job instance at 0x151e82bb0d70>,3,1,[ 1 11],7,16,17,9,16
1,<environment.Job instance at 0x151ebf73a370>,2,19,[6 1],3,25,44,22,25
1,<environment.Job instance at 0x151ebf683370>,3,2,[9 1],6,6,8,0,6
1,<environment.Job instance at 0x151eba5a74b0>,0,20,[6 2],1,160,180,159,160
1,<environment.Job instance at 0x151eba5a71e0>,2,3,[ 2 12],7,184,187,177,184
1,<environment.Job instance at 0x151eba5a7870>,3,3,[1 5],9,203,206,194,203
1,<environment.Job instance at 0x151e82d39af0>,1,20,[2 5],3,4,24,1,4
1,<environment.Job instance at 0x151e82c95780>,5,28,[8 1],7,7,35,0,7
1,<environment.Job instance at 0x151e82c950a0>,4,28,[10  1],6,35,63,29,34
1,<environment.Job instance at 0x151e82c95370>,6,22,[14  2],9,63,85,54,56
1,<environment.Job instance at 0x151e82c95640>,1,2,[ 2 11],2,2,4,0,2
1,<environment.Job instance at 0x151e82c95370>,4,17,[6 2],8,8,25,0,8
1,<environment.Job instance at 0x151e8286b550>,0,1,[ 1 13],1,14,15,13,14
1,<environment.Job instance at 0x151e8286bb90>,2,3,[ 1 12],5,26,29,21,26
1,<environment.Job instance at 0x151eba927aa0>,3,1,[ 2 11],6,6,7,0,6
1,<environment.Job instance at 0x151eba927dc0>,4,1,[ 2 13],7,7,8,0,7
1,<environment.Job instance at 0x151eb40c2d20>,5,20,[ 2 12],8,14,34,6,14
1,<environment.Job instance at 0x151ebed92be0>,1,1,[ 2 10],3,3,4,0,3
1,<environment.Job instance at 0x151ebed92f50>,0,21,[ 2 11],1,8,29,7,8
1,<environment.Job instance at 0x151e82fb3cd0>,0,26,[6 1],1,1,27,0,1
1,<environment.Job instance at 0x151e82fb3230>,1,1,[6 2],2,2,3,0,2
1,<environment.Job instance at 0x151e82fb3eb0>,3,23,[6 1],5,5,28,0,5
1,<environment.Job instance at 0x151e82fb37d0>,7,27,[5 1],9,27,54,18,25
1,<environment.Job instance at 0x151e82fb3640>,5,25,[1 7],7,47,72,40,47
1,<environment.Job instance at 0x151e82929c80>,0,1,[1 9],1,1,2,0,1
1,<environment.Job instance at 0x151e82929b40>,2,28,[11  1],6,7,35,1,7
1,<environment.Job instance at 0x151e82929aa0>,3,21,[1 9],9,14,35,5,14
1,<environment.Job instance at 0x151e82a69aa0>,0,1,[1 5],1,2,3,1,2
1,<environment.Job instance at 0x151eb99591e0>,2,22,[2 6],4,6,28,2,6
1,<environment.Job instance at 0x151eb9959910>,3,1,[ 1 10],6,28,29,22,10
1,<environment.Job instance at 0x151eba911eb0>,5,14,[7 2],8,11,25,3,11
1,<environment.Job instance at 0x151e8253fb90>,4,1,[ 2 13],7,29,30,22,24
1,<environment.Job instance at 0x151e82929500>,1,25,[ 2 12],3,56,81,53,56
1,<environment.Job instance at 0x151eba911f50>,6,3,[ 2 11],9,81,84,72,60
1,<environment.Job instance at 0x151ebec53870>,6,2,[ 1 11],8,10,12,2,10
1,<environment.Job instance at 0x151ebec53c80>,5,23,[5 2],7,21,44,14,21
1,<environment.Job instance at 0x151ebec53f50>,7,1,[6 2],9,109,110,100,109
1,<environment.Job instance at 0x151e8277db40>,6,20,[12  2],9,17,37,8,17
1,<environment.Job instance at 0x151eb403bd20>,3,1,[5 2],5,37,38,32,18
1,<environment.Job instance at 0x151eb403b140>,0,3,[13  2],1,38,41,37,20
1,<environment.Job instance at 0x151eb403b5f0>,2,19,[5 1],3,41,60,38,37
1,<environment.Job instance at 0x151e8277daa0>,4,3,[1 8],7,42,45,35,42
1,<environment.Job instance at 0x151e827a8370>,0,1,[1 5],2,2,3,0,2
1,<environment.Job instance at 0x151e827a82d0>,1,1,[13  1],3,5,6,2,5
1,<environment.Job instance at 0x151eb81e70a0>,3,21,[6 2],7,7,28,0,7
1,<environment.Job instance at 0x151ebd8168c0>,1,1,[1 6],2,2,3,0,2
1,<environment.Job instance at 0x151ebd816640>,0,28,[ 2 10],1,3,31,2,3
1,<environment.Job instance at 0x151e82b96190>,2,1,[ 1 10],7,31,32,24,7
1,<environment.Job instance at 0x151e825f2460>,4,27,[7 1],6,7,34,1,7
1,<environment.Job instance at 0x151ebed747d0>,5,18,[8 1],7,54,72,47,54
1,<environment.Job instance at 0x151e8274f140>,0,22,[ 1 10],1,1,23,0,1
1,<environment.Job instance at 0x151e82792a50>,4,17,[14  2],7,8,25,1,8
1,<environment.Job instance at 0x151e82792cd0>,5,14,[2 6],8,25,39,17,12
1,<environment.Job instance at 0x151e82792d20>,3,3,[ 2 11],6,39,42,33,21
1,<environment.Job instance at 0x151ebed747d0>,2,21,[1 8],5,42,63,37,40
1,<environment.Job instance at 0x151e822d46e0>,0,23,[ 1 10],1,3,26,2,3
1,<environment.Job instance at 0x151e823744b0>,4,1,[ 2 14],7,26,27,19,7
1,<environment.Job instance at 0x151e823745f0>,5,23,[ 1 10],8,27,50,19,22
1,<environment.Job instance at 0x151eb410d820>,0,21,[ 1 14],2,37,58,35,37
1,<environment.Job instance at 0x151ebecb8af0>,1,1,[ 2 13],2,2,3,0,2
1,<environment.Job instance at 0x151ebf6fae60>,5,2,[ 1 10],7,27,29,20,27
1,<environment.Job instance at 0x151e824bd6e0>,2,2,[13  1],4,227,229,223,227
1,<environment.Job instance at 0x151ebeca8c30>,5,3,[14  1],8,311,314,303,311
1,<environment.Job instance at 0x151ebbb96500>,0,1,[1 5],1,2,3,1,2
1,<environment.Job instance at 0x151ebbb964b0>,2,17,[6 1],4,5,22,1,5
1,<environment.Job instance at 0x151e82fde140>,6,2,[5 2],9,9,11,0,9
1,<environment.Job instance at 0x151eb4105e10>,3,21,[2 6],5,409,430,404,409
1,<environment.Job instance at 0x151e82ee1e10>,0,21,[2 5],1,1,22,0,1
1,<environment.Job instance at 0x151e82ee1e10>,3,3,[8 2],5,7,10,2,7
1,<environment.Job instance at 0x151e82978d20>,6,23,[1 8],8,8,31,0,8
1,<environment.Job instance at 0x151e82978b40>,4,25,[ 2 11],6,38,63,32,38
1,<environment.Job instance at 0x151ebd7f9eb0>,0,1,[ 1 13],1,63,64,62,47
1,<environment.Job instance at 0x151eb81e7c30>,5,23,[1 9],7,103,126,96,103
1,<environment.Job instance at 0x151e829a0460>,0,1,[ 1 10],1,1,2,0,1
1,<environment.Job instance at 0x151e829a04b0>,1,27,[8 2],3,5,32,2,5
1,<environment.Job instance at 0x151e82cfab90>,3,3,[14  2],7,32,35,25,24
1,<environment.Job instance at 0x151eb7d65320>,4,2,[2 6],8,25,27,17,25
1,<environment.Job instance at 0x151eb7d65e10>,5,28,[12  2],9,35,63,26,34
1,<environment.Job instance at 0x151eb40695f0>,2,28,[ 2 10],5,8,36,3,8
1,<environment.Job instance at 0x151eb4069280>,3,16,[11  1],6,37,53,31,37
1,<environment.Job instance at 0x151eb7d465f0>,1,2,[ 1 11],5,13,15,8,13
1,<environment.Job instance at 0x151eb7d46c30>,0,3,[ 2 14],4,16,19,12,16
1,<environment.Job instance at 0x151eb7d461e0>,2,21,[2 6],6,82,103,76,82
1,<environment.Job instance at 0x151eb7d46af0>,3,2,[5 2],7,82,84,75,82
1,<environment.Job instance at 0x151eb7d46f00>,1,1,[2 5],2,2,3,0,2
1,<environment.Job instance at 0x151ebec7ad20>,2,2,[5 1],3,4,6,1,4
1,<environment.Job instance at 0x151e825802d0>,4,1,[9 1],5,5,6,0,5
1,<environment.Job instance at 0x151e82580190>,6,1,[7 1],8,8,9,0,8
1,<environment.Job instance at 0x151eb7d46af0>,3,17,[6 2],4,9,26,5,9
1,<environment.Job instance at 0x151e825809b0>,7,28,[2 7],9,19,47,10,19
1,<environment.Job instance at 0x151e82f7f500>,2,23,[8 2],4,6,29,2,6
1,<environment.Job instance at 0x151eb8263f50>,4,20,[9 1],6,7,27,1,7
1,<environment.Job instance at 0x151eb8263fa0>,5,15,[2 7],7,424,439,417,424
1,<environment.Job instance at 0x151ebecd4c80>,3,3,[13  1],5,500,503,495,500
1,<environment.Job instance at 0x151eb8274a00>,0,2,[ 1 14],1,7,9,6,7
1,<environment.Job instance at 0x151ec18365f0>,2,3,[1 7],4,10,13,6,10
1,<environment.Job instance at 0x151ec18362d0>,4,3,[1 8],7,16,19,9,16
1,<environment.Job instance at 0x151ebf692eb0>,5,22,[6 2],9,12,34,3,12
1,<environment.Job instance at 0x151ebf6928c0>,3,3,[ 1 12],7,28,31,21,28
1,<environment.Job instance at 0x151eb7d57820>,1,1,[1 8],3,4,5,1,4
1,<environment.Job instance at 0x151eb7d57230>,2,28,[5 2],4,5,33,1,5
1,<environment.Job instance at 0x151eb7d57e10>,4,22,[7 2],6,6,28,0,6
1,<environment.Job instance at 0x151eb826beb0>,3,1,[14  1],6,20,21,14,20
1,<environment.Job instance at 0x151eb9afec30>,6,12,[7 2],9,46,58,37,46
1,<environment.Job instance at 0x151eb826b5f0>,4,25,[1 8],7,52,77,45,52
1,<environment.Job instance at 0x151eb40d29b0>,1,1,[1 9],2,2,3,0,2
1,<environment.Job instance at 0x151eb40d2e10>,2,26,[2 8],3,4,30,1,4
1,<environment.Job instance at 0x151eb40d2d70>,8,12,[11  1],9,18,30,9,18
1,<environment.Job instance at 0x151eb40d2690>,7,3,[ 2 12],8,32,35,24,32
1,<environment.Job instance at 0x151eb40d23c0>,5,24,[12  1],6,78,102,72,78
1,<environment.Job instance at 0x151eb94e8dc0>,0,2,[ 2 14],1,2,4,1,2
1,<environment.Job instance at 0x151ebd814140>,3,28,[5 2],5,9,37,4,9
1,<environment.Job instance at 0x151ebd814870>,4,25,[7 2],7,1866,1891,1859,1866
1,<environment.Job instance at 0x151ebf683410>,2,1,[11  2],5,8,9,3,8
1,<environment.Job instance at 0x151e82b8baf0>,1,24,[ 1 10],4,9,33,5,9
1,<environment.Job instance at 0x151e82870d20>,2,1,[2 6],4,8,9,4,8
1,<environment.Job instance at 0x151e82b5f0a0>,3,16,[12  2],6,12,28,6,12
1,<environment.Job instance at 0x151ebf683050>,6,12,[1 5],9,16,28,7,16
1,<environment.Job instance at 0x151eb40e3410>,4,12,[1 9],7,28,40,21,26
1,<environment.Job instance at 0x151eb9a82690>,1,1,[ 2 12],3,41,42,38,41
1,<environment.Job instance at 0x151eb40e35a0>,5,1,[7 2],8,65,66,57,65
1,<environment.Job instance at 0x151e823a6cd0>,0,19,[ 1 12],2,118,137,116,118
1,<environment.Job instance at 0x151eb404f690>,0,1,[5 1],1,2,3,1,2
1,<environment.Job instance at 0x151e82b2af00>,1,1,[12  1],5,5,6,0,5
1,<environment.Job instance at 0x151e82b2af50>,2,24,[2 6],7,46,70,39,46
1,<environment.Job instance at 0x151e82f140f0>,7,1,[1 6],8,16,17,8,16
1,<environment.Job instance at 0x151e82f35e60>,6,28,[7 1],7,19,47,12,19
1,<environment.Job instance at 0x151e82b2a780>,4,3,[ 1 13],5,135,138,130,135
1,<environment.Job instance at 0x151e82f35f50>,5,2,[9 2],6,149,151,143,149
1,<environment.Job instance at 0x151e82f140a0>,8,27,[2 7],9,162,189,153,162
1,<environment.Job instance at 0x151e82802500>,4,2,[8 1],5,19,21,14,19
1,<environment.Job instance at 0x151e82f32460>,7,28,[2 8],9,21,49,12,21
1,<environment.Job instance at 0x151e82802820>,5,25,[1 8],6,81,106,75,81
1,<environment.Job instance at 0x151e82f14230>,1,3,[13  1],2,1493,1496,1491,1493
1,<environment.Job instance at 0x151e82802e10>,6,3,[ 2 13],8,1498,1501,1490,1498
1,<environment.Job instance at 0x151e82f32960>,1,22,[6 2],4,4,26,0,4
1,<environment.Job instance at 0x151e828027d0>,0,21,[1 5],3,5,26,2,5
1,<environment.Job instance at 0x151e82802410>,3,2,[ 1 12],6,26,28,20,6
1,<environment.Job instance at 0x151e825a3730>,4,2,[13  1],7,26,28,19,8
1,<environment.Job instance at 0x151e825a3640>,6,22,[13  1],9,28,50,19,24
1,<environment.Job instance at 0x151e82f32370>,5,3,[ 1 14],8,47,50,39,47
1,<environment.Job instance at 0x151e8227db90>,2,25,[9 2],3,3,28,0,3
1,<environment.Job instance at 0x151e8227d320>,5,22,[10  1],7,40,62,33,40
1,<environment.Job instance at 0x151e8227dc80>,6,19,[9 2],8,152,171,144,152
1,<environment.Job instance at 0x151e82c8f640>,7,1,[2 5],9,156,157,147,156
1,<environment.Job instance at 0x151e8227d730>,3,3,[13  1],4,1509,1512,1505,1509
1,<environment.Job instance at 0x151e825a3820>,4,13,[11  1],6,1851,1864,1845,1851
1,<environment.Job instance at 0x151e826a2c80>,4,28,[2 9],5,276,304,271,276
1,<environment.Job instance at 0x151e826a2c30>,5,25,[ 1 12],7,401,426,394,401
1,<environment.Job instance at 0x151eb99595f0>,4,1,[2 7],7,7,8,0,7
1,<environment.Job instance at 0x151eb82354b0>,1,3,[ 1 11],2,17,20,15,17
1,<environment.Job instance at 0x151eba566f50>,0,1,[ 1 10],2,3,4,1,3
1,<environment.Job instance at 0x151eb410dc80>,1,25,[10  1],3,3,28,0,3
1,<environment.Job instance at 0x151e824c3280>,5,15,[11  2],9,33,48,24,33
1,<environment.Job instance at 0x151eb82354b0>,3,2,[14  2],7,113,115,106,113
1,<environment.Job instance at 0x151e8227d690>,3,24,[1 5],5,5,29,0,5
1,<environment.Job instance at 0x151e82d00140>,5,2,[ 2 11],7,30,32,23,30
1,<environment.Job instance at 0x151e82d00320>,7,1,[2 7],9,33,34,24,33
1,<environment.Job instance at 0x151e82546690>,3,14,[7 1],5,41,55,36,41
1,<environment.Job instance at 0x151eb9b8ba00>,7,3,[6 1],9,81,84,72,81
1,<environment.Job instance at 0x151e82ddae60>,4,3,[ 2 12],6,312,315,306,312
1,<environment.Job instance at 0x151e82d00af0>,2,1,[10  2],5,6,7,1,6
1,<environment.Job instance at 0x151e82ecdb90>,4,2,[5 2],8,8,10,0,8
1,<environment.Job instance at 0x151e82ecd230>,3,25,[11  2],6,11,36,5,11
1,<environment.Job instance at 0x151e82d74190>,1,18,[8 1],3,3,21,0,3
1,<environment.Job instance at 0x151eba5b4820>,3,1,[1 8],6,8,9,2,8
1,<environment.Job instance at 0x151eba5b4a00>,2,2,[2 5],4,9,11,5,9
1,<environment.Job instance at 0x151e82d74e60>,0,21,[13  1],1,42,63,41,42
1,<environment.Job instance at 0x151e82d74370>,4,24,[11  1],7,63,87,56,60
1,<environment.Job instance at 0x151e829c2960>,3,21,[13  1],5,5,26,0,5
1,<environment.Job instance at 0x151e829c2910>,5,2,[5 1],7,26,28,19,22
1,<environment.Job instance at 0x151e829c22d0>,7,12,[5 2],9,85,97,76,85
1,<environment.Job instance at 0x151e829c2b90>,6,23,[1 6],8,218,241,210,218
1,<environment.Job instance at 0x151e82f61c80>,0,2,[ 2 11],1,273,275,272,273
1,<environment.Job instance at 0x151e829c2550>,4,1,[12  1],6,275,276,269,275
1,<environment.Job instance at 0x151ec05de820>,2,20,[8 1],5,5,25,0,5
1,<environment.Job instance at 0x151ec05de550>,4,15,[6 2],8,21,36,13,21
1,<environment.Job instance at 0x151ec05de910>,1,13,[ 1 14],2,379,392,377,379
1,<environment.Job instance at 0x151eb823a6e0>,3,13,[6 1],7,386,399,379,386
1,<environment.Job instance at 0x151ec05de3c0>,0,27,[ 1 11],1,392,419,391,391
1,<environment.Job instance at 0x151ec05ded70>,2,27,[11  1],6,6,33,0,6
1,<environment.Job instance at 0x151e8280bfa0>,1,1,[11  2],5,33,34,28,13
1,<environment.Job instance at 0x151e8282d4b0>,1,2,[ 2 13],2,2,4,0,2
1,<environment.Job instance at 0x151e8282d1e0>,0,20,[1 6],1,8,28,7,8
1,<environment.Job instance at 0x151eb4063050>,5,15,[12  2],8,31,46,23,31
1,<environment.Job instance at 0x151eb4063910>,4,2,[13  2],7,67,69,60,67
1,<environment.Job instance at 0x151e82d33190>,4,22,[2 9],7,8,30,1,8
1,<environment.Job instance at 0x151eb9abfb40>,5,3,[5 1],9,13,16,4,13
1,<environment.Job instance at 0x151e823d49b0>,3,1,[11  2],6,88,89,82,88
1,<environment.Job instance at 0x151e82d339b0>,2,1,[ 2 11],5,142,143,137,142
1,<environment.Job instance at 0x151eb40631e0>,1,3,[11  1],3,316,319,313,316
1,<environment.Job instance at 0x151eb9abc320>,1,1,[8 1],6,8,9,2,8
1,<environment.Job instance at 0x151e82d7f5a0>,2,2,[ 1 13],4,613,615,609,613
1,<environment.Job instance at 0x151e827643c0>,3,3,[ 2 13],4,14,17,10,14
1,<environment.Job instance at 0x151e827642d0>,7,2,[7 1],8,30,32,22,30
1,<environment.Job instance at 0x151e8293efa0>,1,3,[13  2],2,112,115,110,112
1,<environment.Job instance at 0x151e82764780>,2,1,[2 8],3,113,114,110,113
1,<environment.Job instance at 0x151e822ee7d0>,1,25,[6 2],2,3,28,1,3
1,<environment.Job instance at 0x151e822eedc0>,6,15,[14  1],7,28,43,21,22
1,<environment.Job instance at 0x151e822eeaa0>,7,1,[7 1],8,75,76,67,75
1,<environment.Job instance at 0x151e82a6f4b0>,2,22,[1 7],4,4,26,0,4
1,<environment.Job instance at 0x151e825703c0>,4,2,[13  1],6,40,42,34,40
1,<environment.Job instance at 0x151eb9a92640>,5,22,[ 1 11],8,173,195,165,173
1,<environment.Job instance at 0x151e826a70f0>,2,1,[2 7],4,5,6,1,5
1,<environment.Job instance at 0x151e826a75a0>,5,1,[6 2],7,7,8,0,7
1,<environment.Job instance at 0x151e826a75a0>,3,22,[5 2],9,9,31,0,9
1,<environment.Job instance at 0x151e82d177d0>,2,26,[ 1 14],7,39,65,32,39
1,<environment.Job instance at 0x151eba5f4d20>,2,1,[ 1 11],6,6,7,0,6
1,<environment.Job instance at 0x151eb9a9e730>,0,1,[2 6],1,1,2,0,1
1,<environment.Job instance at 0x151ebf5e7960>,5,25,[7 2],8,8,33,0,8
1,<environment.Job instance at 0x151ec0c43c80>,2,24,[12  2],3,3,27,0,3
1,<environment.Job instance at 0x151ec0c43a00>,4,3,[10  1],9,2043,2046,2034,2043
1,<environment.Job instance at 0x151ec0c43a50>,1,2,[1 7],2,2,4,0,2
1,<environment.Job instance at 0x151ec0c43a00>,2,2,[9 2],4,4,6,0,4
1,<environment.Job instance at 0x151ebf5faf50>,3,2,[5 1],5,5,7,0,5
1,<environment.Job instance at 0x151ebf5fabe0>,5,21,[ 1 13],8,8,29,0,8
1,<environment.Job instance at 0x151eb7f75fa0>,5,18,[7 1],9,12,30,3,12
1,<environment.Job instance at 0x151eb7f756e0>,2,1,[11  1],3,74,75,71,74
1,<environment.Job instance at 0x151eb7f75820>,3,3,[12  1],4,104,107,100,104
1,<environment.Job instance at 0x151eb7f75a00>,4,3,[14  2],7,131,134,124,131
1,<environment.Job instance at 0x151eb9bf9820>,4,2,[14  2],5,8,10,3,8
1,<environment.Job instance at 0x151eb7f91d70>,6,2,[ 1 10],8,47,49,39,47
1,<environment.Job instance at 0x151eb7f91c30>,5,1,[ 2 12],7,77,78,70,77
1,<environment.Job instance at 0x151eb820de10>,1,2,[14  2],2,134,136,132,134
1,<environment.Job instance at 0x151eb7f7d870>,1,26,[14  2],2,2,28,0,2
1,<environment.Job instance at 0x151e82fac550>,4,14,[7 1],7,28,42,21,26
1,<environment.Job instance at 0x151eb7f7d910>,0,27,[ 1 12],1,136,163,135,136
1,<environment.Job instance at 0x151e82d56230>,5,14,[ 2 13],8,203,217,195,203
1,<environment.Job instance at 0x151eb7f7d960>,2,3,[13  1],3,281,284,278,281
1,<environment.Job instance at 0x151e82ca3b40>,5,19,[7 1],7,19,38,12,19
1,<environment.Job instance at 0x151e824524b0>,2,2,[ 1 14],4,34,36,30,34
1,<environment.Job instance at 0x151ebec7ef00>,1,1,[7 2],3,3,4,0,3
1,<environment.Job instance at 0x151e82ca3190>,2,26,[2 8],4,4,30,0,4
1,<environment.Job instance at 0x151ebf693a50>,5,21,[2 7],7,8,29,1,8
1,<environment.Job instance at 0x151ebf6938c0>,7,23,[1 8],9,30,53,21,26
1,<environment.Job instance at 0x151ebf68a410>,1,24,[8 1],2,3,27,1,3
1,<environment.Job instance at 0x151e82a31b90>,5,3,[ 1 11],6,18,21,12,18
1,<environment.Job instance at 0x151e82f33500>,4,2,[ 1 12],5,21,23,16,20
1,<environment.Job instance at 0x151e82a31f00>,7,20,[6 2],9,20,40,11,20
1,<environment.Job instance at 0x151e82f337d0>,3,2,[ 2 11],4,33,35,29,33
1,<environment.Job instance at 0x151ebf68a320>,2,23,[1 5],3,37,60,34,37
1,<environment.Job instance at 0x151e82a312d0>,6,3,[7 2],7,40,43,33,40
1,<environment.Job instance at 0x151e8293b690>,0,1,[1 7],1,2,3,1,2
1,<environment.Job instance at 0x151e82a31dc0>,2,24,[7 1],4,12,36,8,12
1,<environment.Job instance at 0x151eba52caf0>,6,27,[12  1],9,37,64,28,37
1,<environment.Job instance at 0x151e8248f4b0>,2,23,[8 2],3,3,26,0,3
1,<environment.Job instance at 0x151e8248faa0>,6,24,[10  2],7,26,50,19,21
1,<environment.Job instance at 0x151e8248f320>,7,24,[2 5],8,25,49,17,25
1,<environment.Job instance at 0x151eba52caf0>,4,23,[13  1],5,50,73,45,44
1,<environment.Job instance at 0x151e8248fc80>,5,19,[ 2 11],6,84,103,78,84
1,<environment.Job instance at 0x151e8248f7d0>,0,3,[11  1],1,933,936,932,933
1,<environment.Job instance at 0x151e8295d230>,2,2,[5 2],5,18,20,13,18
1,<environment.Job instance at 0x151e82b9d500>,3,23,[11  2],8,129,152,121,129
1,<environment.Job instance at 0x151e8295d410>,4,1,[1 5],9,972,973,963,972
1,<environment.Job instance at 0x151e82b9dbe0>,0,28,[13  2],2,2118,2146,2116,2118
1,<environment.Job instance at 0x151e82aba050>,0,2,[7 1],1,2,4,1,2
1,<environment.Job instance at 0x151e82abaf50>,2,1,[8 1],3,3,4,0,3
1,<environment.Job instance at 0x151e82b9dbe0>,3,1,[ 2 10],4,4,5,0,4
1,<environment.Job instance at 0x151e826ea1e0>,4,3,[5 2],5,5,8,0,5
1,<environment.Job instance at 0x151e826ea190>,5,1,[7 2],6,6,7,0,6
1,<environment.Job instance at 0x151e82a86dc0>,2,25,[8 1],6,6,31,0,6
1,<environment.Job instance at 0x151ebf64de60>,0,1,[1 5],1,1,2,0,1
1,<environment.Job instance at 0x151e825c3820>,4,3,[ 2 14],5,599,602,594,599
1,<environment.Job instance at 0x151e825c3c80>,6,1,[9 1],8,608,609,600,608
1,<environment.Job instance at 0x151eba4e7fa0>,4,25,[ 1 11],8,8,33,0,8
1,<environment.Job instance at 0x151eba4c2190>,0,25,[ 2 10],2,3,28,1,3
1,<environment.Job instance at 0x151e82839870>,0,26,[8 1],1,1,27,0,1
1,<environment.Job instance at 0x151e828399b0>,4,2,[ 2 13],6,13,15,7,13
1,<environment.Job instance at 0x151e82f2ae10>,5,2,[2 7],7,17,19,10,17
1,<environment.Job instance at 0x151eb81dfb40>,3,24,[13  1],4,118,142,114,118
1,<environment.Job instance at 0x151e82f2a730>,6,23,[14  1],9,145,168,136,145
1,<environment.Job instance at 0x151ec0df5190>,5,26,[9 2],9,9,35,0,9
1,<environment.Job instance at 0x151eb415acd0>,3,2,[11  1],6,58,60,52,58
1,<environment.Job instance at 0x151e8250b960>,3,17,[8 1],6,6,23,0,6
1,<environment.Job instance at 0x151eba4e5d20>,1,23,[ 1 11],2,14,37,12,14
1,<environment.Job instance at 0x151e8250b500>,1,16,[12  2],2,2,18,0,2
1,<environment.Job instance at 0x151e82dc8820>,6,2,[1 6],8,47,49,39,47
1,<environment.Job instance at 0x151e8250b230>,3,2,[8 1],4,47,49,43,47
1,<environment.Job instance at 0x151e825ac280>,7,3,[5 1],9,49,52,40,49
1,<environment.Job instance at 0x151e8250bb40>,0,26,[12  1],1,162,188,161,162
1,<environment.Job instance at 0x151e824cd460>,4,16,[8 1],6,188,204,182,176
1,<environment.Job instance at 0x151e82dc84b0>,5,3,[2 7],7,202,205,195,202
1,<environment.Job instance at 0x151ec0c65500>,1,21,[7 2],2,2,23,0,2
1,<environment.Job instance at 0x151e82e5d820>,0,2,[ 2 13],1,2,4,1,2
1,<environment.Job instance at 0x151eb4160410>,2,22,[8 2],3,4,26,1,4
1,<environment.Job instance at 0x151eba8c6d70>,7,3,[1 6],9,23,26,14,9
1,<environment.Job instance at 0x151ebbb73b40>,5,19,[13  2],7,26,45,19,24
1,<environment.Job instance at 0x151ebed60320>,2,25,[9 1],6,6,31,0,6
1,<environment.Job instance at 0x151eba8be500>,0,25,[14  1],1,317,342,316,317
1,<environment.Job instance at 0x151e8231daf0>,0,2,[ 1 12],1,1,3,0,1
1,<environment.Job instance at 0x151e8231df00>,1,24,[7 1],3,3,27,0,3
1,<environment.Job instance at 0x151ebf65bc80>,3,22,[9 2],4,5,27,1,5
1,<environment.Job instance at 0x151e8248bd20>,4,2,[5 2],5,2455,2457,2450,2455
1,<environment.Job instance at 0x151e82f81960>,4,22,[11  2],6,6,28,0,6
1,<environment.Job instance at 0x151e82f81a50>,5,22,[13  2],8,28,50,20,21
1,<environment.Job instance at 0x151e82f81780>,3,23,[13  1],5,50,73,45,45
1,<environment.Job instance at 0x151e82faaaf0>,6,2,[2 9],9,91,93,82,91
1,<environment.Job instance at 0x151e82453820>,0,1,[2 7],1,1,2,0,1
1,<environment.Job instance at 0x151e82453050>,3,21,[5 1],6,6,27,0,6
1,<environment.Job instance at 0x151e82831960>,5,1,[11  2],8,27,28,19,19
1,<environment.Job instance at 0x151e82831960>,2,3,[ 1 12],7,655,658,648,655
1,<environment.Job instance at 0x151e8258c640>,1,26,[13  1],4,4,30,0,4
1,<environment.Job instance at 0x151e8258ccd0>,0,24,[2 7],3,19,43,16,19
1,<environment.Job instance at 0x151e8258c0a0>,4,3,[1 7],8,30,33,22,19
1,<environment.Job instance at 0x151e8258c8c0>,2,3,[ 1 14],5,43,46,38,38
1,<environment.Job instance at 0x151e8258c230>,3,16,[14  2],7,54,70,47,54
1,<environment.Job instance at 0x151e8258c550>,5,2,[6 2],9,70,72,61,65
1,<environment.Job instance at 0x151eba4e72d0>,1,1,[12  1],2,4,5,2,4
1,<environment.Job instance at 0x151e827bc230>,5,1,[2 8],8,12,13,4,12
1,<environment.Job instance at 0x151e827bc1e0>,6,19,[6 2],9,12,31,3,12
1,<environment.Job instance at 0x151e827bc5a0>,3,3,[5 2],5,13,16,8,13
1,<environment.Job instance at 0x151e827bc7d0>,4,3,[2 8],6,20,23,14,20
1,<environment.Job instance at 0x151eb998d410>,2,15,[5 1],4,31,46,27,31
1,<environment.Job instance at 0x151eb998d3c0>,0,2,[13  1],1,50,52,49,50
1,<environment.Job instance at 0x151ebecef6e0>,1,21,[6 1],2,2,23,0,2
1,<environment.Job instance at 0x151e829cbdc0>,2,2,[13  2],5,23,25,18,7
1,<environment.Job instance at 0x151ebecef3c0>,4,1,[8 2],8,8,9,0,8
1,<environment.Job instance at 0x151ebecef690>,3,2,[11  1],6,50,52,44,50
1,<environment.Job instance at 0x151e82a86f00>,3,2,[12  2],6,20,22,14,20
1,<environment.Job instance at 0x151e82a86af0>,2,15,[10  2],5,25,40,20,25
1,<environment.Job instance at 0x151ebecef690>,6,12,[1 8],9,40,52,31,40
1,<environment.Job instance at 0x151e82a86730>,4,21,[11  1],7,116,137,109,116
1,<environment.Job instance at 0x151e826a0050>,0,26,[7 2],1,1,27,0,1
1,<environment.Job instance at 0x151e824cea00>,4,21,[8 2],7,9,30,2,9
1,<environment.Job instance at 0x151e824ce280>,5,18,[9 2],8,72,90,64,72
1,<environment.Job instance at 0x151e824ce320>,6,25,[8 1],9,373,398,364,373
1,<environment.Job instance at 0x151eb41216e0>,2,1,[ 1 13],6,8,9,2,8
1,<environment.Job instance at 0x151e824ce320>,3,19,[14  2],8,8,27,0,8
1,<environment.Job instance at 0x151eb9994cd0>,3,16,[7 2],5,5,21,0,5
1,<environment.Job instance at 0x151eb9994dc0>,2,26,[ 1 13],4,9,35,5,9
1,<environment.Job instance at 0x151e82628a00>,6,26,[9 2],9,22,48,13,22
1,<environment.Job instance at 0x151e82c8f140>,0,28,[7 1],1,1,29,0,1
1,<environment.Job instance at 0x151e824f04b0>,4,19,[ 1 11],6,271,290,265,271
1,<environment.Job instance at 0x151eba4dddc0>,0,22,[6 1],1,2,24,1,2
1,<environment.Job instance at 0x151e82864b90>,4,20,[13  1],8,24,44,16,15
1,<environment.Job instance at 0x151e82502190>,5,28,[1 9],9,16,44,7,16
1,<environment.Job instance at 0x151eba4dde60>,2,3,[ 1 14],6,44,47,38,18
1,<environment.Job instance at 0x151eb82679b0>,4,3,[12  2],8,215,218,207,215
1,<environment.Job instance at 0x151e82f64f50>,4,22,[7 2],6,10,32,4,10
1,<environment.Job instance at 0x151e82f64aa0>,1,28,[ 1 10],4,5,33,1,5
1,<environment.Job instance at 0x151eba869fa0>,5,22,[6 1],9,10,32,1,10
1,<environment.Job instance at 0x151e82f64230>,3,3,[12  2],7,32,35,25,29
1,<environment.Job instance at 0x151eba869d20>,4,3,[ 1 12],8,50,53,42,50
1,<environment.Job instance at 0x151e8251fe60>,3,27,[7 1],4,4,31,0,4
1,<environment.Job instance at 0x151e8251fe10>,1,1,[2 8],3,3,4,0,3
1,<environment.Job instance at 0x151eb9967aa0>,2,1,[2 7],5,5,6,0,5
1,<environment.Job instance at 0x151e82f12230>,1,27,[13  1],2,10,37,8,10
1,<environment.Job instance at 0x151ec05cef00>,2,1,[2 8],4,4,5,0,4
1,<environment.Job instance at 0x151eb950f320>,3,24,[2 5],6,6,30,0,6
1,<environment.Job instance at 0x151eb950f910>,4,19,[ 2 13],7,1404,1423,1397,1404
1,<environment.Job instance at 0x151eba869730>,4,3,[6 1],5,91,94,86,91
1,<environment.Job instance at 0x151ec13ed230>,2,1,[13  2],3,96,97,93,96
1,<environment.Job instance at 0x151eba869e10>,5,1,[7 2],6,107,108,101,107
1,<environment.Job instance at 0x151e8286bc80>,1,13,[8 2],3,5,18,2,5
1,<environment.Job instance at 0x151eba4d3550>,4,2,[6 1],7,7,9,0,7
1,<environment.Job instance at 0x151e829bbb90>,3,2,[1 6],6,67,69,61,67
1,<environment.Job instance at 0x151e829bb820>,4,1,[ 1 13],7,960,961,953,960
1,<environment.Job instance at 0x151e828250f0>,2,2,[ 1 11],4,5,7,1,5
1,<environment.Job instance at 0x151e82825e10>,3,22,[6 2],5,5,27,0,5
1,<environment.Job instance at 0x151eba4dd230>,6,28,[ 2 13],9,2764,2792,2755,2764
1,<environment.Job instance at 0x151e828250a0>,0,19,[ 2 14],1,2875,2894,2874,2875
1,<environment.Job instance at 0x151e828250a0>,4,2,[ 2 13],7,18,20,11,18
1,<environment.Job instance at 0x151e82b285f0>,5,1,[ 2 14],8,105,106,97,105
1,<environment.Job instance at 0x151e82b28730>,6,2,[9 2],9,123,125,114,123
1,<environment.Job instance at 0x151e82825050>,1,24,[13  2],3,1143,1167,1140,1143
1,<environment.Job instance at 0x151eb81c8730>,0,22,[1 7],1,3,25,2,3
1,<environment.Job instance at 0x151eb81c82d0>,4,27,[6 2],9,19,46,10,19
1,<environment.Job instance at 0x151e8289e050>,3,1,[1 5],7,10,11,3,10
1,<environment.Job instance at 0x151e8289edc0>,4,18,[5 1],8,26,44,18,26
1,<environment.Job instance at 0x151e8289e190>,5,15,[7 1],9,153,168,144,153
1,<environment.Job instance at 0x151e8289e730>,1,28,[12  1],2,287,315,285,287
1,<environment.Job instance at 0x151e82437690>,0,21,[7 2],4,4,25,0,4
1,<environment.Job instance at 0x151ebd7ec6e0>,1,1,[13  1],5,25,26,20,13
1,<environment.Job instance at 0x151ec188cf50>,3,23,[10  2],8,26,49,18,22
1,<environment.Job instance at 0x151eb418f4b0>,4,20,[9 1],9,49,69,40,40
1,<environment.Job instance at 0x151e823bf190>,7,15,[5 2],9,21,36,12,21
1,<environment.Job instance at 0x151eb9a537d0>,4,3,[1 9],5,253,256,248,253
1,<environment.Job instance at 0x151e823c4e60>,6,17,[11  2],8,255,272,247,255
1,<environment.Job instance at 0x151e823c4f00>,5,1,[6 2],6,997,998,991,997
1,<environment.Job instance at 0x151e82d94af0>,2,25,[12  2],3,1527,1552,1524,1527
1,<environment.Job instance at 0x151e823bfbe0>,1,1,[14  2],2,3,4,1,3
1,<environment.Job instance at 0x151ebf6bffa0>,5,19,[8 1],8,8,27,0,8
1,<environment.Job instance at 0x151ebf6bfa00>,2,19,[ 1 12],4,1181,1200,1177,1181
1,<environment.Job instance at 0x151e82e9fbe0>,0,2,[14  1],2,6,8,4,6
1,<environment.Job instance at 0x151eba93cb40>,3,3,[7 1],7,8,11,1,7
1,<environment.Job instance at 0x151e826798c0>,4,2,[1 8],8,8,10,0,8
1,<environment.Job instance at 0x151e82679b90>,5,3,[5 1],9,9,12,0,9
1,<environment.Job instance at 0x151e8268d230>,2,20,[12  1],6,6,26,0,6
1,<environment.Job instance at 0x151e8268d280>,4,14,[7 1],8,26,40,18,22
1,<environment.Job instance at 0x151ebf6bcc30>,3,2,[ 1 10],7,84,86,77,84
1,<environment.Job instance at 0x151e8268d1e0>,1,17,[13  1],3,96,113,93,96
1,<environment.Job instance at 0x151ebf6bc870>,5,13,[5 2],9,133,146,124,133
1,<environment.Job instance at 0x151e82764e10>,3,27,[9 1],7,7,34,0,7
1,<environment.Job instance at 0x151e82933be0>,5,15,[8 2],9,34,49,25,32
1,<environment.Job instance at 0x151e82ca75a0>,0,1,[ 2 13],1,2,3,1,2
1,<environment.Job instance at 0x151eb9970190>,2,1,[8 1],3,3,4,0,3
1,<environment.Job instance at 0x151eb99634b0>,4,2,[1 7],7,11,13,4,11
1,<environment.Job instance at 0x151e82c88d70>,5,24,[10  1],9,13,37,4,13
1,<environment.Job instance at 0x151eb99708c0>,3,3,[ 2 12],6,42,45,36,42
1,<environment.Job instance at 0x151ebf63ed20>,1,13,[6 1],2,2,15,0,2
1,<environment.Job instance at 0x151ebf63efa0>,0,21,[1 5],1,3,24,2,3
1,<environment.Job instance at 0x151ebecaeb40>,3,1,[6 2],4,4,5,0,4
1,<environment.Job instance at 0x151e82c89d70>,0,22,[1 5],1,1,23,0,1
1,<environment.Job instance at 0x151e82c89320>,2,22,[5 2],5,5,27,0,5
1,<environment.Job instance at 0x151e82490be0>,1,20,[ 2 11],3,34,54,31,34
1,<environment.Job instance at 0x151eba529a00>,1,19,[2 6],2,19,38,17,19
1,<environment.Job instance at 0x151e82856d20>,3,24,[5 1],5,5,29,0,5
1,<environment.Job instance at 0x151ec05ce500>,0,21,[ 1 10],1,6,27,5,6
1,<environment.Job instance at 0x151e828569b0>,7,2,[12  2],9,140,142,131,140
1,<environment.Job instance at 0x151e8285fa00>,1,24,[10  1],2,3,27,1,3
1,<environment.Job instance at 0x151e8285faf0>,3,2,[12  1],4,27,29,23,4
1,<environment.Job instance at 0x151e8227c190>,8,2,[ 2 10],9,25,27,16,25
1,<environment.Job instance at 0x151e8227c370>,7,2,[5 1],8,660,662,652,660
1,<environment.Job instance at 0x151e8227cb40>,0,1,[14  1],1,5,6,4,5
1,<environment.Job instance at 0x151e8227c1e0>,2,1,[12  2],6,6,7,0,6
1,<environment.Job instance at 0x151e826534b0>,4,28,[6 2],8,8,36,0,8
1,<environment.Job instance at 0x151e82653b40>,5,3,[11  1],9,217,220,208,217
1,<environment.Job instance at 0x151e8286b370>,1,3,[14  2],2,4,7,2,4
1,<environment.Job instance at 0x151e8286bfa0>,3,3,[11  1],6,7,10,1,6
1,<environment.Job instance at 0x151e8286b410>,4,22,[9 2],7,10,32,3,7
1,<environment.Job instance at 0x151eb9bf0410>,3,16,[10  2],7,12,28,5,12
1,<environment.Job instance at 0x151eb9bf0dc0>,4,25,[2 9],8,23,48,15,23
1,<environment.Job instance at 0x151e82510460>,3,1,[ 2 12],4,4,5,0,4
1,<environment.Job instance at 0x151e8249c780>,4,22,[8 2],6,6,28,0,6
1,<environment.Job instance at 0x151e82d64d20>,6,2,[ 2 12],8,18,20,10,18
1,<environment.Job instance at 0x151e82d57550>,1,1,[ 2 13],2,2,3,0,2
1,<environment.Job instance at 0x151e82d57460>,2,1,[5 1],4,4,5,0,4
1,<environment.Job instance at 0x151eba8af730>,3,1,[10  2],5,5,6,0,5
1,<environment.Job instance at 0x151ec1073d70>,1,23,[2 7],2,3,26,1,3
1,<environment.Job instance at 0x151e82cf81e0>,4,26,[ 1 10],6,40,66,34,40
1,<environment.Job instance at 0x151ebecb9690>,0,21,[5 2],1,3,24,2,3
1,<environment.Job instance at 0x151e82b6c690>,1,22,[6 2],2,2,24,0,2
1,<environment.Job instance at 0x151e82b6c1e0>,4,22,[5 2],7,7,29,0,7
1,<environment.Job instance at 0x151e82b6ce10>,0,27,[2 7],1,9,36,8,9
1,<environment.Job instance at 0x151e827644b0>,6,2,[ 2 11],9,37,39,28,37
1,<environment.Job instance at 0x151ebecf0050>,1,1,[6 2],2,2,3,0,2
1,<environment.Job instance at 0x151eb40eb190>,7,26,[2 9],9,26,52,17,26
1,<environment.Job instance at 0x151eb99cac30>,3,26,[ 1 10],5,43,69,38,43
1,<environment.Job instance at 0x151eb99ca870>,4,2,[1 9],7,69,71,62,57
1,<environment.Job instance at 0x151eb99ca190>,1,1,[12  1],3,78,79,75,78
1,<environment.Job instance at 0x151eb94fbe10>,1,19,[1 6],3,3,22,0,3
1,<environment.Job instance at 0x151e82cf6870>,0,28,[1 5],2,2,30,0,2
1,<environment.Job instance at 0x151e827dd140>,6,1,[2 6],9,52,53,43,52
1,<environment.Job instance at 0x151e828ff910>,3,2,[6 2],5,517,519,512,517
1,<environment.Job instance at 0x151eb88977d0>,0,3,[ 2 11],3,53,56,50,53
1,<environment.Job instance at 0x151eba871a50>,4,2,[12  1],6,8,10,2,8
1,<environment.Job instance at 0x151eba8718c0>,5,25,[1 7],8,25,50,17,25
1,<environment.Job instance at 0x151eba8a34b0>,1,27,[13  2],3,5,32,2,5
1,<environment.Job instance at 0x151e82ad56e0>,0,3,[ 2 14],1,32,35,31,20
1,<environment.Job instance at 0x151e82ad5050>,2,25,[ 2 11],5,289,314,284,289
1,<environment.Job instance at 0x151ebf619aa0>,3,2,[ 2 10],5,5,7,0,5
1,<environment.Job instance at 0x151e82a05320>,0,23,[ 1 13],1,7,30,6,7
1,<environment.Job instance at 0x151e82864c30>,0,22,[5 2],1,2,24,1,2
1,<environment.Job instance at 0x151e82864a50>,6,28,[2 6],8,122,150,114,122
1,<environment.Job instance at 0x151e82864fa0>,4,18,[ 2 13],6,359,377,353,359
1,<environment.Job instance at 0x151e82864730>,7,18,[1 8],9,960,978,951,960
1,<environment.Job instance at 0x151e82864190>,2,27,[13  2],3,1170,1197,1167,1170
1,<environment.Job instance at 0x151eb7d46320>,5,18,[9 2],9,9,27,0,9
1,<environment.Job instance at 0x151e8248bc30>,1,20,[1 9],2,4,24,2,4
1,<environment.Job instance at 0x151ebf74a280>,3,1,[ 1 11],5,24,25,19,5
1,<environment.Job instance at 0x151ebf74adc0>,5,28,[ 2 14],8,42,70,34,42
1,<environment.Job instance at 0x151ebed5b820>,0,1,[2 9],2,2,3,0,2
1,<environment.Job instance at 0x151e82d442d0>,4,1,[7 2],8,8,9,0,8
1,<environment.Job instance at 0x151ec0cf4be0>,7,23,[2 6],9,9,32,0,9
1,<environment.Job instance at 0x151ec0cf4b90>,6,3,[7 2],8,27,30,19,27
1,<environment.Job instance at 0x151ec0cf4aa0>,5,1,[1 9],7,37,38,30,37
1,<environment.Job instance at 0x151e82746a00>,1,1,[7 1],3,3,4,0,3
1,<environment.Job instance at 0x151e82546e60>,7,1,[1 7],9,9,10,0,9
1,<environment.Job instance at 0x151e827469b0>,0,2,[5 2],2,2,4,0,2
1,<environment.Job instance at 0x151e82ddd4b0>,2,25,[12  2],4,4,29,0,4
1,<environment.Job instance at 0x151e82d6c370>,4,28,[14  1],8,29,57,21,28
1,<environment.Job instance at 0x151e82546410>,1,21,[2 8],3,57,78,54,49
1,<environment.Job instance at 0x151e82d6c2d0>,5,24,[9 1],9,57,81,48,55
1,<environment.Job instance at 0x151e82d6c050>,0,24,[6 2],1,4,28,3,4
1,<environment.Job instance at 0x151e82a8af00>,0,25,[1 5],1,1,26,0,1
1,<environment.Job instance at 0x151e82beedc0>,6,12,[10  2],8,68,80,60,68
1,<environment.Job instance at 0x151e82a8ad20>,3,3,[12  1],4,477,480,473,477
1,<environment.Job instance at 0x151e823e15a0>,4,18,[7 1],9,18,36,9,18
1,<environment.Job instance at 0x151e823e11e0>,2,1,[11  1],7,530,531,523,530
1,<environment.Job instance at 0x151e82bee370>,1,3,[13  1],5,1097,1100,1092,1097
1,<environment.Job instance at 0x151e823e1320>,1,1,[5 1],2,2,3,0,2
1,<environment.Job instance at 0x151e82b9b9b0>,2,23,[5 1],4,4,27,0,4
1,<environment.Job instance at 0x151e8259c8c0>,3,2,[13  1],5,27,29,22,8
1,<environment.Job instance at 0x151e8259c2d0>,4,15,[11  1],6,40,55,34,40
1,<environment.Job instance at 0x151e8292a5a0>,1,27,[5 1],3,3,30,0,3
1,<environment.Job instance at 0x151eb9981e10>,2,28,[8 1],4,6,34,2,6
1,<environment.Job instance at 0x151eb9981870>,4,2,[1 9],7,7,9,0,7
1,<environment.Job instance at 0x151eb9981c30>,5,2,[8 1],8,34,36,26,8
1,<environment.Job instance at 0x151eb99818c0>,3,23,[12  2],6,36,59,30,30
1,<environment.Job instance at 0x151eb99819b0>,6,25,[9 1],9,59,84,50,55
1,<environment.Job instance at 0x151eb99ae230>,6,21,[8 1],8,11,32,3,11
1,<environment.Job instance at 0x151e82d90690>,2,21,[ 2 14],4,11,32,7,11
1,<environment.Job instance at 0x151eb9981aa0>,3,15,[2 9],5,32,47,27,31
1,<environment.Job instance at 0x151eba887460>,4,3,[9 2],6,59,62,53,59
1,<environment.Job instance at 0x151ebf6c6b40>,0,3,[12  1],1,545,548,544,545
1,<environment.Job instance at 0x151e82c87730>,5,27,[10  1],6,6,33,0,6
1,<environment.Job instance at 0x151ec1067460>,4,21,[1 7],5,29,50,24,29
1,<environment.Job instance at 0x151e82c87140>,6,28,[1 8],7,37,65,30,37
1,<environment.Job instance at 0x151e82c87550>,7,20,[2 7],8,99,119,91,99
1,<environment.Job instance at 0x151e82825cd0>,1,20,[ 2 11],2,170,190,168,170
1,<environment.Job instance at 0x151e82ef5cd0>,0,1,[6 2],2,3,4,1,3
1,<environment.Job instance at 0x151e82c88eb0>,2,12,[9 1],7,14,26,7,14
1,<environment.Job instance at 0x151e82c88780>,3,22,[1 6],8,24,46,16,24
1,<environment.Job instance at 0x151e82c88550>,4,1,[12  2],9,165,166,156,165
1,<environment.Job instance at 0x151e82c88a00>,1,3,[12  1],6,2863,2866,2857,2863
1,<environment.Job instance at 0x151e82f16d20>,2,18,[9 2],4,6,24,2,6
1,<environment.Job instance at 0x151e82f16d70>,3,23,[6 2],6,6,29,0,6
1,<environment.Job instance at 0x151e825db460>,5,19,[2 5],8,96,115,88,96
1,<environment.Job instance at 0x151eb411e960>,0,25,[6 1],1,2,27,1,2
1,<environment.Job instance at 0x151e82555cd0>,3,13,[13  2],4,1441,1454,1437,1441
1,<environment.Job instance at 0x151ebed0fe60>,2,3,[14  1],3,11,14,8,11
1,<environment.Job instance at 0x151e82bb88c0>,4,1,[2 6],7,71,72,64,71
1,<environment.Job instance at 0x151e82bb80f0>,3,14,[ 1 10],6,95,109,89,95
1,<environment.Job instance at 0x151ebed0f140>,0,2,[12  1],1,122,124,121,122
1,<environment.Job instance at 0x151e82f0e780>,1,25,[8 2],4,4,29,0,4
1,<environment.Job instance at 0x151e82804690>,4,22,[10  2],7,29,51,22,22
1,<environment.Job instance at 0x151eb9977230>,6,3,[7 1],9,23,26,14,23
1,<environment.Job instance at 0x151eb9977190>,5,15,[1 5],8,73,88,65,73
1,<environment.Job instance at 0x151ebed0f3c0>,2,2,[13  2],5,1289,1291,1284,1289
1,<environment.Job instance at 0x151e82804640>,3,1,[12  1],6,1586,1587,1580,1586
1,<environment.Job instance at 0x151e82f0ecd0>,0,3,[ 1 11],1,1814,1817,1813,1814
1,<environment.Job instance at 0x151eb95135a0>,0,20,[2 7],2,4,24,2,4
1,<environment.Job instance at 0x151eb9513640>,3,3,[ 2 13],6,536,539,530,536
1,<environment.Job instance at 0x151eba91db40>,4,1,[2 6],5,5,6,0,5
1,<environment.Job instance at 0x151eba928820>,1,2,[ 1 11],2,2,4,0,2
1,<environment.Job instance at 0x151e82e77c80>,4,2,[13  1],8,34,36,26,34
1,<environment.Job instance at 0x151e82e77280>,5,18,[12  2],9,48,66,39,48
1,<environment.Job instance at 0x151eba615230>,4,16,[ 2 12],7,19,35,12,19
1,<environment.Job instance at 0x151eba615820>,3,14,[14  1],5,35,49,30,23
1,<environment.Job instance at 0x151eba615a00>,1,3,[ 1 13],2,385,388,383,385
1,<environment.Job instance at 0x151eb410b460>,2,1,[ 2 10],5,5,6,0,5
1,<environment.Job instance at 0x151e82b10910>,3,3,[ 1 14],6,35,38,29,35
1,<environment.Job instance at 0x151eb9baf8c0>,0,24,[7 1],1,1,25,0,1
1,<environment.Job instance at 0x151eba5c8c80>,8,26,[ 2 10],9,12,38,3,12
1,<environment.Job instance at 0x151ebf6cc4b0>,6,3,[14  2],9,53,56,44,53
1,<environment.Job instance at 0x151ebf6cc8c0>,2,3,[ 2 14],3,673,676,670,673
1,<environment.Job instance at 0x151ebf6cc9b0>,4,3,[14  1],6,738,741,732,738
1,<environment.Job instance at 0x151eba485dc0>,6,1,[1 9],7,7,8,0,7
1,<environment.Job instance at 0x151eba485320>,5,3,[8 1],6,11,14,5,11
1,<environment.Job instance at 0x151eba4854b0>,3,1,[ 2 11],4,29,30,25,29
1,<environment.Job instance at 0x151eba4855a0>,0,1,[1 5],4,4,5,0,4
1,<environment.Job instance at 0x151e82b5e820>,3,27,[12  2],4,4,31,0,4
1,<environment.Job instance at 0x151e82b5edc0>,6,3,[ 1 14],9,34,37,25,34
1,<environment.Job instance at 0x151e82b5e960>,0,2,[12  1],1,44,46,43,44
1,<environment.Job instance at 0x151e82b5e320>,2,25,[ 1 13],3,154,179,151,154
1,<environment.Job instance at 0x151ebedb2820>,0,1,[5 2],2,2,3,0,2
1,<environment.Job instance at 0x151e82b5e320>,4,2,[9 1],6,74,76,68,74
1,<environment.Job instance at 0x151eba52f460>,5,15,[ 1 10],8,76,91,68,76
1,<environment.Job instance at 0x151e82ee4320>,3,2,[13  1],5,87,89,82,87
1,<environment.Job instance at 0x151e8289e9b0>,2,27,[1 8],5,5,32,0,5
1,<environment.Job instance at 0x151eb9c0d5a0>,5,1,[ 1 10],9,9,10,0,9
1,<environment.Job instance at 0x151eb9c0d5a0>,2,1,[ 2 11],3,3,4,0,3
1,<environment.Job instance at 0x151eb997ea50>,7,23,[2 6],9,35,58,26,35
1,<environment.Job instance at 0x151ec0c44690>,4,3,[13  1],6,245,248,239,245
1,<environment.Job instance at 0x151e8233f140>,3,24,[5 1],6,6,30,0,6
1,<environment.Job instance at 0x151e82cd4e60>,4,17,[ 1 10],7,8,25,1,8
1,<environment.Job instance at 0x151eb40b1c80>,2,20,[5 1],3,3,23,0,3
1,<environment.Job instance at 0x151e82cc7370>,1,26,[10  1],2,5,31,3,5
1,<environment.Job instance at 0x151eb405ae60>,7,14,[5 2],8,23,37,15,15
1,<environment.Job instance at 0x151eb405a780>,4,20,[11  1],5,37,57,32,28
1,<environment.Job instance at 0x151eb405a5f0>,6,19,[8 2],7,57,76,50,53
1,<environment.Job instance at 0x151eb405aa00>,8,24,[14  1],9,78,102,69,78
1,<environment.Job instance at 0x151ebed71d70>,2,1,[ 1 10],5,5,6,0,5
1,<environment.Job instance at 0x151ebed717d0>,4,19,[9 2],7,8,27,1,8
1,<environment.Job instance at 0x151ebed711e0>,6,21,[2 5],9,9,30,0,9
1,<environment.Job instance at 0x151e829e30a0>,0,1,[ 2 14],1,3,4,2,3
1,<environment.Job instance at 0x151e829e3960>,2,1,[10  1],6,9,10,3,9
1,<environment.Job instance at 0x151e82ce65a0>,4,25,[1 5],6,6,31,0,6
1,<environment.Job instance at 0x151e82d1bcd0>,0,28,[2 5],1,1,29,0,1
1,<environment.Job instance at 0x151ebed6e780>,2,19,[7 2],3,4,23,1,4
1,<environment.Job instance at 0x151e82d1b8c0>,4,2,[14  2],5,29,31,24,5
1,<environment.Job instance at 0x151ebf6860f0>,5,2,[6 2],8,8,10,0,8
1,<environment.Job instance at 0x151e82a552d0>,3,22,[9 1],4,4,26,0,4
1,<environment.Job instance at 0x151e82a55960>,6,2,[5 2],7,128,130,121,128
1,<environment.Job instance at 0x151ebf686140>,2,2,[13  1],3,273,275,270,273
1,<environment.Job instance at 0x151ebf686c80>,1,23,[14  2],2,381,404,379,381
1,<environment.Job instance at 0x151e82a55370>,5,1,[7 1],6,404,405,398,381
1,<environment.Job instance at 0x151e82a55aa0>,7,1,[6 2],9,404,405,395,393
1,<environment.Job instance at 0x151e827be4b0>,1,22,[14  1],2,2,24,0,2
1,<environment.Job instance at 0x151e82e774b0>,6,2,[5 2],7,2266,2268,2259,2266
1,<environment.Job instance at 0x151e82e77370>,7,2,[11  1],9,2429,2431,2420,2429
1,<environment.Job instance at 0x151e8238d0a0>,2,1,[2 7],3,3,4,0,3
1,<environment.Job instance at 0x151e82c29d20>,5,24,[2 9],8,12,36,4,12
1,<environment.Job instance at 0x151e827557d0>,1,3,[2 8],4,4,7,0,4
1,<environment.Job instance at 0x151ec0c1e0f0>,3,18,[8 2],6,6,24,0,6
1,<environment.Job instance at 0x151e82c29370>,5,2,[2 5],9,369,371,360,369
1,<environment.Job instance at 0x151eb7f98af0>,3,26,[6 2],5,6,32,1,6
1,<environment.Job instance at 0x151eb7f98aa0>,5,22,[ 2 14],9,32,54,23,29
1,<environment.Job instance at 0x151ebf68e9b0>,4,3,[13  2],8,80,83,72,80
1,<environment.Job instance at 0x151ebf68e9b0>,2,22,[13  1],8,8,30,0,8
1,<environment.Job instance at 0x151ebed925f0>,0,22,[ 2 11],6,21,43,15,21
1,<environment.Job instance at 0x151e82f4d9b0>,3,1,[11  1],9,44,45,35,44
1,<environment.Job instance at 0x151e82eb6140>,0,20,[5 1],1,2,22,1,2
1,<environment.Job instance at 0x151e829b8be0>,3,1,[7 1],5,5,6,0,5
1,<environment.Job instance at 0x151e829b8c80>,4,3,[ 2 14],6,8,11,2,8
1,<environment.Job instance at 0x151e8280d460>,1,23,[7 1],2,2,25,0,2
1,<environment.Job instance at 0x151e829b8b40>,2,1,[ 2 13],3,4,5,1,4
1,<environment.Job instance at 0x151e82df1460>,3,23,[1 5],5,5,28,0,5
1,<environment.Job instance at 0x151e82df1910>,6,22,[ 2 13],9,30,52,21,30
1,<environment.Job instance at 0x151e82df1280>,4,25,[5 1],6,32,57,26,32
1,<environment.Job instance at 0x151ebf632690>,3,14,[5 1],4,24,38,20,24
1,<environment.Job instance at 0x151e82df1280>,5,2,[ 1 12],9,95,97,86,95
1,<environment.Job instance at 0x151ebf6320f0>,2,2,[1 6],3,2481,2483,2478,2481
1,<environment.Job instance at 0x151ec0c1d0a0>,2,27,[7 2],3,3,30,0,3
1,<environment.Job instance at 0x151ec0c1dd20>,5,3,[9 2],7,52,55,45,52
1,<environment.Job instance at 0x151ec0c1d8c0>,7,2,[6 1],9,113,115,104,113
1,<environment.Job instance at 0x151ec0c1da00>,6,16,[6 1],8,1375,1391,1367,1375
1,<environment.Job instance at 0x151ec0c1da50>,1,2,[14  1],2,1403,1405,1401,1403
1,<environment.Job instance at 0x151ebecfb370>,4,21,[ 2 11],7,9,30,2,9
1,<environment.Job instance at 0x151ec0c03b40>,5,3,[14  1],9,30,33,21,21
1,<environment.Job instance at 0x151eba4a1550>,1,2,[ 1 11],2,30,32,28,29
1,<environment.Job instance at 0x151ebecfbc80>,3,3,[ 1 13],5,40,43,35,40
1,<environment.Job instance at 0x151eb9b677d0>,2,3,[ 2 12],3,53,56,50,53
1,<environment.Job instance at 0x151e823e1e10>,0,2,[2 6],1,3,5,2,3
1,<environment.Job instance at 0x151e82783730>,3,25,[7 2],6,6,31,0,6
1,<environment.Job instance at 0x151eb9b00910>,4,19,[8 1],8,27,46,19,27
1,<environment.Job instance at 0x151ebf6fd8c0>,2,22,[1 5],3,3,25,0,3
1,<environment.Job instance at 0x151e829ca550>,3,1,[2 5],6,8,9,2,8
1,<environment.Job instance at 0x151e82580820>,4,2,[2 8],7,975,977,968,975
1,<environment.Job instance at 0x151eb9afddc0>,2,1,[8 1],3,3,4,0,3
1,<environment.Job instance at 0x151eb9b21cd0>,3,1,[2 8],4,4,5,0,4
1,<environment.Job instance at 0x151e82cab280>,4,1,[13  1],5,5,6,0,5
1,<environment.Job instance at 0x151e82cab460>,5,21,[11  1],6,6,27,0,6
1,<environment.Job instance at 0x151eb41b7af0>,3,12,[8 2],6,7,19,1,7
1,<environment.Job instance at 0x151eb41b7820>,4,28,[ 2 10],7,9,37,2,9
1,<environment.Job instance at 0x151e82cab910>,1,22,[6 1],2,19,41,17,12
1,<environment.Job instance at 0x151eb41b7f00>,6,3,[ 2 14],9,37,40,28,28
1,<environment.Job instance at 0x151e82cab780>,2,3,[ 2 14],3,50,53,47,50
1,<environment.Job instance at 0x151eb41b7370>,5,3,[7 1],8,51,54,43,51
1,<environment.Job instance at 0x151e825125f0>,0,1,[14  2],3,5,6,2,5
1,<environment.Job instance at 0x151eb41b7370>,1,26,[6 1],8,8,34,0,8
1,<environment.Job instance at 0x151e829de500>,4,24,[ 2 10],9,68,92,59,68
1,<environment.Job instance at 0x151e829de7d0>,2,20,[ 1 11],5,155,175,150,155
1,<environment.Job instance at 0x151e829de230>,3,3,[1 6],8,738,741,730,738
1,<environment.Job instance at 0x151e829de410>,0,25,[14  1],2,755,780,753,755
1,<environment.Job instance at 0x151ec0ce8410>,1,3,[14  2],6,568,571,562,568
1,<environment.Job instance at 0x151e82957a50>,2,3,[ 1 13],9,569,572,560,569
1,<environment.Job instance at 0x151e8231f870>,3,2,[7 2],8,20,22,12,20
1,<environment.Job instance at 0x151e82e5c0a0>,0,3,[ 2 12],5,104,107,99,104
1,<environment.Job instance at 0x151e8231f370>,2,13,[6 2],7,148,161,141,148
1,<environment.Job instance at 0x151e8233f190>,6,2,[13  1],8,1843,1845,1835,1843
1,<environment.Job instance at 0x151eba91bc80>,4,3,[11  2],5,13,16,8,13
1,<environment.Job instance at 0x151ebf65b9b0>,7,23,[2 9],8,13,36,5,13
1,<environment.Job instance at 0x151ebf65bb40>,8,3,[2 5],9,16,19,7,14
1,<environment.Job instance at 0x151ebf65baa0>,5,28,[10  1],6,49,77,43,49
1,<environment.Job instance at 0x151eba91bf00>,2,3,[ 1 14],3,245,248,242,245
1,<environment.Job instance at 0x151ebf735c80>,2,28,[10  1],6,6,34,0,6
1,<environment.Job instance at 0x151ebf695820>,1,20,[2 5],5,8,28,3,8
1,<environment.Job instance at 0x151ebf735910>,4,28,[6 2],8,34,62,26,34
1,<environment.Job instance at 0x151eb9b01320>,0,22,[5 1],1,1,23,0,1
1,<environment.Job instance at 0x151e822a10f0>,6,25,[1 6],8,12,37,4,12
1,<environment.Job instance at 0x151e82cfe960>,4,2,[8 1],6,22,24,16,22
1,<environment.Job instance at 0x151eba537780>,7,1,[6 1],9,30,31,21,30
1,<environment.Job instance at 0x151e822a1e10>,5,1,[ 1 12],7,37,38,30,34
1,<environment.Job instance at 0x151ebf735910>,2,1,[14  1],4,53,54,49,53
1,<environment.Job instance at 0x151eb9b010f0>,3,3,[5 1],5,72,75,67,72
1,<environment.Job instance at 0x151e827fe2d0>,5,2,[14  2],7,7,9,0,7
1,<environment.Job instance at 0x151e82a21a00>,5,3,[ 2 13],9,17,20,8,17
1,<environment.Job instance at 0x151e82a21a00>,4,26,[14  1],8,8,34,0,8
1,<environment.Job instance at 0x151e828ade10>,5,22,[11  1],9,34,56,25,27
1,<environment.Job instance at 0x151e82358a50>,2,26,[ 2 10],5,82,108,77,82
1,<environment.Job instance at 0x151e822e1e60>,3,12,[ 2 13],5,5,17,0,5
1,<environment.Job instance at 0x151e822e1d20>,2,24,[1 8],4,17,41,13,13
1,<environment.Job instance at 0x151e822e1cd0>,4,17,[1 6],7,25,42,18,25
1,<environment.Job instance at 0x151e82744280>,0,2,[13  2],1,41,43,40,34
1,<environment.Job instance at 0x151e82744910>,1,2,[ 2 14],2,44,46,42,44
1,<environment.Job instance at 0x151e822e1910>,5,14,[1 6],8,46,60,38,44
1,<environment.Job instance at 0x151e829f5960>,6,2,[13  1],7,157,159,150,157
1,<environment.Job instance at 0x151e829f5a00>,7,1,[6 2],8,851,852,843,851
1,<environment.Job instance at 0x151e829f5c80>,1,1,[2 8],2,2,3,0,2
1,<environment.Job instance at 0x151eb9a350a0>,5,1,[7 1],6,124,125,118,124
1,<environment.Job instance at 0x151eb9a350f0>,6,14,[ 2 13],8,202,216,194,202
1,<environment.Job instance at 0x151ec0c64140>,3,2,[14  2],4,247,249,243,247
1,<environment.Job instance at 0x151eb9a35320>,7,3,[2 5],9,256,259,247,256
1,<environment.Job instance at 0x151e82cb93c0>,3,2,[ 2 13],4,16,18,12,16
1,<environment.Job instance at 0x151e82cb9230>,8,27,[10  2],9,18,45,9,18
1,<environment.Job instance at 0x151e82cb9280>,5,3,[2 8],6,19,22,13,19
1,<environment.Job instance at 0x151e82cb9460>,4,2,[ 2 12],5,55,57,50,55
1,<environment.Job instance at 0x151eb9a35b40>,0,3,[ 2 14],1,470,473,469,470
1,<environment.Job instance at 0x151e824fb3c0>,2,26,[7 1],8,8,34,0,8
1,<environment.Job instance at 0x151eb7d4d640>,3,3,[14  2],9,187,190,178,187
1,<environment.Job instance at 0x151eb40655f0>,2,3,[12  1],3,2365,2368,2362,2365
1,<environment.Job instance at 0x151e82490640>,4,24,[ 2 12],6,36,60,30,36
1,<environment.Job instance at 0x151ebf6a7230>,6,23,[ 2 11],9,78,101,69,78
1,<environment.Job instance at 0x151e82b10aa0>,0,2,[ 1 13],1,101,103,100,78
1,<environment.Job instance at 0x151e82490370>,5,20,[5 2],8,95,115,87,95
1,<environment.Job instance at 0x151e824a8c80>,2,26,[1 5],4,4,30,0,4
1,<environment.Job instance at 0x151eb40ffc30>,4,2,[ 1 14],7,33,35,26,33
1,<environment.Job instance at 0x151eb40ffaf0>,6,3,[1 9],9,35,38,26,34
1,<environment.Job instance at 0x151eb40ffaa0>,5,12,[8 1],8,55,67,47,55
1,<environment.Job instance at 0x151eba4a1a00>,5,3,[9 1],7,72,75,65,72
1,<environment.Job instance at 0x151eba4a13c0>,4,19,[12  2],6,525,544,519,525
1,<environment.Job instance at 0x151eb7f80be0>,1,26,[8 1],2,2,28,0,2
1,<environment.Job instance at 0x151e826a7dc0>,7,3,[9 1],8,28,31,20,27
1,<environment.Job instance at 0x151e826a7690>,4,3,[ 2 13],5,47,50,42,47
1,<environment.Job instance at 0x151e826a7640>,5,1,[14  1],6,50,51,44,48
1,<environment.Job instance at 0x151eba4a1870>,6,17,[12  1],7,51,68,44,48
1,<environment.Job instance at 0x151eb40897d0>,8,3,[6 2],9,68,71,59,64
1,<environment.Job instance at 0x151e8246ff50>,2,1,[5 2],4,4,5,0,4
1,<environment.Job instance at 0x151e8246f3c0>,3,23,[9 2],7,7,30,0,7
1,<environment.Job instance at 0x151e8246f6e0>,4,1,[11  1],8,30,31,22,8
1,<environment.Job instance at 0x151eb41b9050>,0,1,[5 1],1,1,2,0,1
1,<environment.Job instance at 0x151e8246f5a0>,3,21,[ 2 10],5,5,26,0,5
1,<environment.Job instance at 0x151e82b64af0>,4,2,[11  1],6,275,277,269,275
1,<environment.Job instance at 0x151e82b64b40>,5,3,[11  1],7,399,402,392,399
1,<environment.Job instance at 0x151ebed30d20>,1,2,[14  1],2,4,6,2,4
1,<environment.Job instance at 0x151ebed30820>,4,1,[5 1],6,6,7,0,6
1,<environment.Job instance at 0x151ebed30550>,0,20,[1 5],1,7,27,6,7
1,<environment.Job instance at 0x151ebed30320>,2,12,[5 1],4,11,23,7,11
1,<environment.Job instance at 0x151e82b64b40>,7,14,[2 8],9,19,33,10,19
1,<environment.Job instance at 0x151ebed30500>,6,22,[1 6],8,27,49,19,20
1,<environment.Job instance at 0x151ebed30960>,5,1,[11  1],7,48,49,41,48
1,<environment.Job instance at 0x151e82b69f50>,0,1,[1 6],1,2,3,1,2
1,<environment.Job instance at 0x151e82b694b0>,3,22,[6 2],4,4,26,0,4
1,<environment.Job instance at 0x151eba4a1870>,4,2,[2 6],5,5,7,0,5
1,<environment.Job instance at 0x151eba60dc80>,3,23,[2 5],5,5,28,0,5
1,<environment.Job instance at 0x151eba924550>,6,21,[11  2],8,8,29,0,8
1,<environment.Job instance at 0x151e82861050>,4,28,[8 1],6,29,57,23,29
1,<environment.Job instance at 0x151e82861c30>,0,28,[5 2],2,3,31,1,3
1,<environment.Job instance at 0x151e82861b90>,3,26,[10  2],7,7,33,0,7
1,<environment.Job instance at 0x151ebec6b960>,5,13,[10  2],9,33,46,24,26
1,<environment.Job instance at 0x151ebec6b140>,4,2,[ 1 13],8,65,67,57,65
1,<environment.Job instance at 0x151e82861460>,1,3,[13  2],4,82,85,78,82
1,<environment.Job instance at 0x151e82e938c0>,0,22,[6 1],1,3,25,2,3
1,<environment.Job instance at 0x151eba4e57d0>,0,1,[1 8],2,4,5,2,4
1,<environment.Job instance at 0x151e828f5280>,1,2,[ 1 12],4,5,7,1,5
1,<environment.Job instance at 0x151e828f5820>,3,3,[ 2 14],7,7,10,0,7
1,<environment.Job instance at 0x151e828f53c0>,2,23,[2 7],5,10,33,5,9
1,<environment.Job instance at 0x151e823d9a00>,4,13,[12  1],8,33,46,25,33
1,<environment.Job instance at 0x151e823d9b90>,5,28,[ 2 12],9,54,82,45,54
1,<environment.Job instance at 0x151e82aa9d20>,2,23,[6 1],4,10,33,6,10
1,<environment.Job instance at 0x151e82aa9eb0>,3,27,[8 2],5,240,267,235,240
1,<environment.Job instance at 0x151e827b4a00>,3,16,[8 1],8,789,805,781,789
1,<environment.Job instance at 0x151e823435f0>,2,21,[5 1],5,5,26,0,5
1,<environment.Job instance at 0x151e82343140>,4,18,[8 2],7,8,26,1,8
1,<environment.Job instance at 0x151e823438c0>,5,19,[7 1],8,26,45,18,20
1,<environment.Job instance at 0x151e82343870>,1,2,[ 2 11],4,23,25,19,23
1,<environment.Job instance at 0x151eb9c0e910>,2,28,[13  2],3,3,31,0,3
1,<environment.Job instance at 0x151eb9c0e140>,7,16,[6 1],8,580,596,572,580
1,<environment.Job instance at 0x151eba4c8f50>,0,1,[ 1 10],1,1,2,0,1
1,<environment.Job instance at 0x151eb4179fa0>,2,1,[1 6],3,3,4,0,3
1,<environment.Job instance at 0x151e82d7cc80>,3,27,[ 1 14],4,4,31,0,4
1,<environment.Job instance at 0x151eba4c8190>,4,15,[7 2],6,31,46,25,18
1,<environment.Job instance at 0x151e826a27d0>,7,23,[11  2],9,46,69,37,42
1,<environment.Job instance at 0x151eb40668c0>,0,24,[9 1],3,4,28,1,4
1,<environment.Job instance at 0x151e826a27d0>,3,1,[ 1 10],7,23,24,16,23
1,<environment.Job instance at 0x151eb99700f0>,1,28,[8 1],4,4,32,0,4
1,<environment.Job instance at 0x151eb9970f50>,4,27,[5 1],7,9,36,2,9
1,<environment.Job instance at 0x151eb9970af0>,0,21,[6 1],3,3,24,0,3
1,<environment.Job instance at 0x151ebf5d8d20>,3,24,[2 9],6,15,39,9,15
1,<environment.Job instance at 0x151e82b14a00>,0,24,[12  1],2,30,54,28,30
1,<environment.Job instance at 0x151e82aa95f0>,2,24,[11  1],6,6,30,0,6
1,<environment.Job instance at 0x151eba8eb320>,1,22,[ 2 14],2,7,29,5,7
1,<environment.Job instance at 0x151e82fb45f0>,4,1,[8 2],8,30,31,22,8
1,<environment.Job instance at 0x151e82d54690>,2,22,[9 1],5,5,27,0,5
1,<environment.Job instance at 0x151e82d83140>,5,16,[11  1],8,27,43,19,17
1,<environment.Job instance at 0x151e82e778c0>,3,1,[2 5],6,422,423,416,422
1,<environment.Job instance at 0x151e82e77500>,4,20,[1 6],8,898,918,890,898
1,<environment.Job instance at 0x151ebec87370>,0,28,[2 5],1,1,29,0,1
1,<environment.Job instance at 0x151e82e777d0>,4,1,[ 1 11],6,66,67,60,66
1,<environment.Job instance at 0x151e827dd190>,6,28,[10  2],9,66,94,57,66
1,<environment.Job instance at 0x151e82e77500>,3,2,[ 1 12],5,167,169,162,167
1,<environment.Job instance at 0x151ebec87a50>,2,14,[12  2],4,260,274,256,260
1,<environment.Job instance at 0x151e827dddc0>,5,13,[11  2],8,292,305,284,292
1,<environment.Job instance at 0x151eb9c226e0>,0,22,[5 1],1,4,26,3,4
1,<environment.Job instance at 0x151eb9c22e60>,3,19,[10  1],4,412,431,408,412
1,<environment.Job instance at 0x151eba600460>,1,26,[5 2],4,6,32,2,6
1,<environment.Job instance at 0x151eba5fa730>,2,3,[2 7],4,4,7,0,4
1,<environment.Job instance at 0x151eb4127780>,3,3,[ 2 13],6,7,10,1,6
1,<environment.Job instance at 0x151eba8c0f50>,3,24,[12  2],5,5,29,0,5
1,<environment.Job instance at 0x151ebf5dad70>,5,3,[6 2],7,364,367,357,364
1,<environment.Job instance at 0x151ebf5dafa0>,6,21,[5 2],8,412,433,404,412
1,<environment.Job instance at 0x151ebf5da140>,7,3,[5 1],9,1108,1111,1099,1108
1,<environment.Job instance at 0x151eb999cbe0>,3,2,[9 1],6,482,484,476,482
1,<environment.Job instance at 0x151eb999caf0>,2,1,[2 7],5,1032,1033,1027,1032
1,<environment.Job instance at 0x151ebf6f9690>,5,3,[ 2 14],8,1738,1741,1730,1738
1,<environment.Job instance at 0x151e82ea2640>,3,22,[8 2],5,5,27,0,5
1,<environment.Job instance at 0x151e82ea2af0>,4,21,[5 1],6,6,27,0,6
1,<environment.Job instance at 0x151e82ea2690>,6,18,[10  1],8,27,45,19,16
1,<environment.Job instance at 0x151e82ea21e0>,5,3,[ 2 11],7,45,48,38,45
1,<environment.Job instance at 0x151eb4127690>,2,1,[1 8],5,5,6,0,5
1,<environment.Job instance at 0x151e829ad960>,4,1,[14  2],9,12,13,3,12
1,<environment.Job instance at 0x151e82ea21e0>,1,21,[ 1 13],4,20,41,16,20
1,<environment.Job instance at 0x151e82ea21e0>,2,1,[ 1 10],3,3,4,0,3
1,<environment.Job instance at 0x151e824520f0>,0,1,[14  1],1,2,3,1,2
1,<environment.Job instance at 0x151e82452d70>,3,1,[2 5],4,16,17,12,16
1,<environment.Job instance at 0x151ebed9cdc0>,6,15,[9 1],9,16,31,7,16
1,<environment.Job instance at 0x151ebed9c780>,4,18,[2 9],6,27,45,21,27
1,<environment.Job instance at 0x151ebed9cb90>,5,3,[1 6],7,281,284,274,281
1,<environment.Job instance at 0x151e823a58c0>,1,17,[7 1],4,4,21,0,4
1,<environment.Job instance at 0x151e823a5460>,5,2,[ 2 12],9,14,16,5,14
1,<environment.Job instance at 0x151e823a5370>,4,16,[13  1],8,27,43,19,27
1,<environment.Job instance at 0x151eb410dbe0>,1,12,[9 1],2,3,15,1,3
1,<environment.Job instance at 0x151eb410dcd0>,2,21,[2 5],3,3,24,0,3
1,<environment.Job instance at 0x151e823a5550>,3,24,[10  1],4,15,39,11,10
1,<environment.Job instance at 0x151e82529280>,7,1,[13  2],9,39,40,30,34
1,<environment.Job instance at 0x151ebf646820>,4,2,[6 1],5,40,42,35,34
1,<environment.Job instance at 0x151e825291e0>,6,17,[11  2],8,42,59,34,40
1,<environment.Job instance at 0x151e82529230>,5,2,[1 6],7,245,247,238,245
1,<environment.Job instance at 0x151eb410dc80>,0,23,[11  1],1,275,298,274,275
1,<environment.Job instance at 0x151eb410d730>,3,1,[1 5],4,4,5,0,4
1,<environment.Job instance at 0x151e82bdec30>,3,27,[6 1],5,5,32,0,5
1,<environment.Job instance at 0x151e82bdef50>,4,3,[ 1 14],7,26,29,19,26
1,<environment.Job instance at 0x151e82bdef50>,2,26,[11  1],7,10,36,3,10
1,<environment.Job instance at 0x151e82a5fc30>,3,12,[14  1],8,97,109,89,97
1,<environment.Job instance at 0x151e829bc820>,3,2,[ 1 14],9,76,78,67,76
1,<environment.Job instance at 0x151e82a5f280>,1,2,[12  2],5,78,80,73,76
1,<environment.Job instance at 0x151e82e7faa0>,5,3,[11  2],9,31,34,22,31
1,<environment.Job instance at 0x151e82a5f280>,4,1,[1 8],8,38,39,30,38
1,<environment.Job instance at 0x151e82358320>,2,13,[12  1],4,402,415,398,402
1,<environment.Job instance at 0x151e825a3870>,3,13,[9 2],5,5,18,0,5
1,<environment.Job instance at 0x151e82585460>,2,1,[ 2 13],4,7,8,3,7
1,<environment.Job instance at 0x151e82585c80>,0,2,[12  1],1,18,20,17,8
1,<environment.Job instance at 0x151e825a3190>,6,1,[ 1 11],9,9,10,0,9
1,<environment.Job instance at 0x151e82585280>,1,12,[14  2],2,24,36,22,24
1,<environment.Job instance at 0x151e825a3230>,4,1,[10  1],6,36,37,30,25
1,<environment.Job instance at 0x151e825a3af0>,5,24,[1 6],7,52,76,45,52
1,<environment.Job instance at 0x151e825a3c80>,3,20,[6 2],4,19,39,15,19
1,<environment.Job instance at 0x151eb7d627d0>,5,1,[12  1],7,56,57,49,56
1,<environment.Job instance at 0x151e825a3af0>,6,3,[10  2],8,57,60,49,56
1,<environment.Job instance at 0x151eb7d62a50>,7,2,[10  2],9,86,88,77,86
1,<environment.Job instance at 0x151e8267b910>,2,1,[1 9],3,142,143,139,142
1,<environment.Job instance at 0x151e824e2c80>,2,1,[12  1],6,6,7,0,6
1,<environment.Job instance at 0x151eb9b67280>,3,1,[2 8],8,8,9,0,8
1,<environment.Job instance at 0x151eb9bfbb90>,1,16,[5 1],2,2,18,0,2
1,<environment.Job instance at 0x151ebbb830a0>,6,3,[5 2],8,123,126,115,123
1,<environment.Job instance at 0x151ebbb83370>,4,2,[13  2],6,802,804,796,802
1,<environment.Job instance at 0x151ebbb83e60>,5,15,[1 5],7,1157,1172,1150,1157
1,<environment.Job instance at 0x151e82ba9230>,2,24,[9 2],3,4,28,1,4
1,<environment.Job instance at 0x151e82ba96e0>,3,18,[2 9],4,18,36,14,18
1,<environment.Job instance at 0x151eba8b1370>,6,2,[ 2 14],7,761,763,754,761
1,<environment.Job instance at 0x151e82ba9cd0>,4,13,[11  1],5,999,1012,994,999
1,<environment.Job instance at 0x151eba8b14b0>,8,23,[13  1],9,1012,1035,1003,1006
1,<environment.Job instance at 0x151eba8b12d0>,7,17,[13  1],8,1035,1052,1027,1026
1,<environment.Job instance at 0x151ebbb83e60>,5,24,[8 2],6,1220,1244,1214,1220
1,<environment.Job instance at 0x151eba8b1d70>,1,22,[10  1],2,2,24,0,2
1,<environment.Job instance at 0x151e82e86550>,4,1,[13  2],6,24,25,18,20
1,<environment.Job instance at 0x151e82553410>,4,2,[2 9],9,214,216,205,214
1,<environment.Job instance at 0x151e82f94320>,4,22,[1 9],7,49,71,42,49
1,<environment.Job instance at 0x151e82f941e0>,5,23,[6 2],8,1001,1024,993,1001
1,<environment.Job instance at 0x151e82f94500>,3,2,[1 8],4,2860,2862,2856,2860
1,<environment.Job instance at 0x151e82e5db90>,5,1,[8 1],8,20,21,12,20
1,<environment.Job instance at 0x151eba8fe320>,3,3,[13  2],4,142,145,138,142
1,<environment.Job instance at 0x151eb9c1b4b0>,4,2,[14  2],6,176,178,170,176
1,<environment.Job instance at 0x151e82e5d500>,1,16,[ 2 14],3,6,22,3,6
1,<environment.Job instance at 0x151eba5b6dc0>,5,26,[10  1],7,7,33,0,7
1,<environment.Job instance at 0x151e82c99e10>,4,28,[8 1],6,33,61,27,32
1,<environment.Job instance at 0x151eba5a3320>,0,21,[8 2],1,1,22,0,1
1,<environment.Job instance at 0x151e82bbf960>,7,3,[8 2],9,22,25,13,18
1,<environment.Job instance at 0x151e82bc22d0>,4,23,[ 1 10],6,18,41,12,18
1,<environment.Job instance at 0x151e82bbf780>,5,2,[11  1],7,41,43,34,41
1,<environment.Job instance at 0x151e8283f870>,4,2,[8 1],7,12,14,5,12
1,<environment.Job instance at 0x151e8283fa50>,5,3,[2 8],8,15,18,7,15
1,<environment.Job instance at 0x151e8232c960>,1,2,[12  1],2,21,23,19,21
1,<environment.Job instance at 0x151e826a8460>,6,24,[6 1],9,23,47,14,21
1,<environment.Job instance at 0x151eb8241320>,1,24,[1 6],2,2,26,0,2
1,<environment.Job instance at 0x151eb8241190>,3,1,[11  2],5,27,28,22,27
1,<environment.Job instance at 0x151e824e89b0>,5,3,[13  1],7,83,86,76,83
1,<environment.Job instance at 0x151eba581730>,2,27,[14  1],6,6,33,0,6
1,<environment.Job instance at 0x151eba5810a0>,4,2,[8 2],8,33,35,25,8
1,<environment.Job instance at 0x151e82502320>,1,1,[12  1],2,4,5,2,4
1,<environment.Job instance at 0x151eba581280>,4,1,[1 6],5,5,6,0,5
1,<environment.Job instance at 0x151e82502460>,3,13,[7 1],4,5,18,1,5
1,<environment.Job instance at 0x151e824918c0>,1,24,[9 2],3,3,27,0,3
1,<environment.Job instance at 0x151eba4c75a0>,2,3,[1 7],4,4,7,0,4
1,<environment.Job instance at 0x151e822b1e10>,3,22,[6 1],8,8,30,0,8
1,<environment.Job instance at 0x151e822e1a00>,3,26,[9 2],6,6,32,0,6
1,<environment.Job instance at 0x151e82628320>,5,23,[5 1],8,42,65,34,42
1,<environment.Job instance at 0x151eba8cd910>,2,2,[11  2],4,16,18,12,16
1,<environment.Job instance at 0x151eb94fb690>,0,21,[ 2 10],1,27,48,26,27
1,<environment.Job instance at 0x151e82b65280>,3,1,[7 1],6,30,31,24,30
1,<environment.Job instance at 0x151e82628320>,5,2,[7 2],9,31,33,22,30
1,<environment.Job instance at 0x151eba8489b0>,1,28,[7 1],3,3,31,0,3
1,<environment.Job instance at 0x151eba848320>,2,15,[13  1],5,31,46,26,30
1,<environment.Job instance at 0x151e82e6a050>,4,28,[12  1],8,46,74,38,45
1,<environment.Job instance at 0x151e82e6a460>,5,3,[6 2],9,252,255,243,252
1,<environment.Job instance at 0x151eba8482d0>,3,26,[1 6],7,782,808,775,782
1,<environment.Job instance at 0x151e8273a8c0>,2,26,[ 2 11],9,1128,1154,1119,1128
1,<environment.Job instance at 0x151eb8896910>,2,1,[2 7],3,3,4,0,3
1,<environment.Job instance at 0x151e82531b90>,4,13,[12  2],8,38,51,30,38
1,<environment.Job instance at 0x151e82531af0>,5,27,[7 1],7,25,52,18,25
1,<environment.Job instance at 0x151eb410ccd0>,6,3,[7 2],9,144,147,135,144
1,<environment.Job instance at 0x151e82659730>,3,21,[ 2 12],5,624,645,619,624
1,<environment.Job instance at 0x151ebbb91050>,3,1,[ 1 10],8,8,9,0,8
1,<environment.Job instance at 0x151ebf71c3c0>,2,28,[9 2],5,6,34,1,6
1,<environment.Job instance at 0x151ebf64d960>,2,1,[ 1 13],5,5,6,0,5
1,<environment.Job instance at 0x151e82439b90>,0,23,[2 9],1,7,30,6,7
1,<environment.Job instance at 0x151eb9a5b0f0>,3,3,[1 5],6,9,12,3,9
1,<environment.Job instance at 0x151eb9a90c80>,4,14,[ 1 11],7,12,26,5,12
1,<environment.Job instance at 0x151e82439460>,1,21,[ 1 13],2,26,47,24,24
1,<environment.Job instance at 0x151eb9a5baa0>,2,1,[13  1],3,47,48,44,47
1,<environment.Job instance at 0x151eb9a45780>,2,25,[8 2],6,6,31,0,6
1,<environment.Job instance at 0x151eb9a45050>,4,25,[10  2],9,31,56,22,27
1,<environment.Job instance at 0x151ebf6d05f0>,2,1,[1 8],4,4,5,0,4
1,<environment.Job instance at 0x151ebf6d0d70>,3,3,[ 1 14],5,6,9,1,6
1,<environment.Job instance at 0x151eb4064230>,6,25,[6 1],9,9,34,0,9
1,<environment.Job instance at 0x151ebf6d0dc0>,0,22,[2 8],1,29,51,28,29
1,<environment.Job instance at 0x151eb9a45910>,4,3,[1 5],6,33,36,27,33
1,<environment.Job instance at 0x151e8267e5a0>,3,12,[ 1 11],4,327,339,323,327
1,<environment.Job instance at 0x151ebf686f00>,6,21,[5 1],8,376,397,368,376
1,<environment.Job instance at 0x151ebf686230>,7,22,[12  1],9,428,450,419,428
1,<environment.Job instance at 0x151eb4064320>,5,3,[5 2],7,2978,2981,2971,2978
1,<environment.Job instance at 0x151e82cc5a00>,4,28,[2 5],6,8,36,2,8
1,<environment.Job instance at 0x151eb9a39eb0>,5,19,[2 8],7,37,56,30,37
1,<environment.Job instance at 0x151eb9a39eb0>,2,28,[12  2],3,4,32,1,4
1,<environment.Job instance at 0x151eb9aeb5a0>,6,3,[5 1],9,32,35,23,9
1,<environment.Job instance at 0x151eb9aeb640>,5,1,[1 9],6,31,32,25,31
1,<environment.Job instance at 0x151eb9aebbe0>,3,22,[5 1],4,37,59,33,37
1,<environment.Job instance at 0x151e82daa3c0>,3,3,[ 1 12],6,7,10,1,7
1,<environment.Job instance at 0x151e82daa050>,4,27,[14  1],7,8,35,1,8
1,<environment.Job instance at 0x151e82fd8be0>,0,1,[9 1],1,2,3,1,2
1,<environment.Job instance at 0x151e82fd8960>,1,17,[9 1],2,3,20,1,2
1,<environment.Job instance at 0x151eb81b6690>,5,26,[ 2 12],6,6,32,0,6
1,<environment.Job instance at 0x151eb81b6960>,8,20,[10  1],9,21,41,12,21
1,<environment.Job instance at 0x151eb40ac1e0>,3,3,[ 1 11],4,74,77,70,74
1,<environment.Job instance at 0x151e82a8f050>,0,1,[2 9],1,2,3,1,2
1,<environment.Job instance at 0x151e82a8fc30>,3,26,[1 8],4,4,30,0,4
1,<environment.Job instance at 0x151e82b46f00>,4,1,[10  1],5,5,6,0,5
1,<environment.Job instance at 0x151e82b5f050>,5,20,[2 6],6,6,26,0,6
1,<environment.Job instance at 0x151eb9c02780>,5,19,[13  1],7,15,34,8,15
1,<environment.Job instance at 0x151e82b5f370>,2,24,[1 9],4,61,85,57,61
1,<environment.Job instance at 0x151eb9c02410>,6,13,[ 1 13],8,139,152,131,139
1,<environment.Job instance at 0x151e82b5f870>,3,3,[12  1],5,432,435,427,432
1,<environment.Job instance at 0x151eb9c02b90>,4,3,[ 2 12],6,436,439,430,436
1,<environment.Job instance at 0x151eba50a960>,1,2,[13  2],2,11,13,9,11
1,<environment.Job instance at 0x151eba9051e0>,5,24,[10  2],9,13,37,4,11
1,<environment.Job instance at 0x151eba50abe0>,2,14,[5 2],3,13,27,10,11
1,<environment.Job instance at 0x151eba50aaf0>,3,27,[7 1],4,94,121,90,94
1,<environment.Job instance at 0x151eba9055a0>,4,17,[7 2],7,238,255,231,238
1,<environment.Job instance at 0x151eba50aa00>,0,26,[14  2],1,2135,2161,2134,2135
1,<environment.Job instance at 0x151e8232f960>,2,2,[ 2 10],4,14,16,10,14
1,<environment.Job instance at 0x151e82406910>,6,1,[11  1],9,14,15,5,14
1,<environment.Job instance at 0x151e8232fc30>,3,17,[ 2 14],5,16,33,11,15
1,<environment.Job instance at 0x151eb9c02500>,0,3,[ 1 14],2,33,36,31,15
1,<environment.Job instance at 0x151e82406820>,5,23,[14  2],7,36,59,29,34
1,<environment.Job instance at 0x151e8232f910>,4,1,[2 5],6,59,60,53,51
1,<environment.Job instance at 0x151e82d512d0>,0,1,[ 1 14],1,1,2,0,1
1,<environment.Job instance at 0x151e82b40780>,4,1,[2 6],8,18,19,10,18
1,<environment.Job instance at 0x151e82b40a50>,2,23,[ 1 12],5,19,42,14,19
1,<environment.Job instance at 0x151e82b40190>,3,13,[7 1],7,26,39,19,26
1,<environment.Job instance at 0x151e82d51230>,1,25,[ 1 11],4,101,126,97,101
1,<environment.Job instance at 0x151eb4177f00>,3,28,[2 9],4,4,32,0,4
1,<environment.Job instance at 0x151e82b402d0>,5,22,[ 2 11],7,32,54,25,26
1,<environment.Job instance at 0x151eba582aa0>,7,1,[5 1],9,34,35,25,34
1,<environment.Job instance at 0x151eba5828c0>,2,1,[ 1 14],3,3,4,0,3
1,<environment.Job instance at 0x151eba5825a0>,5,3,[ 1 13],7,17,20,10,17
1,<environment.Job instance at 0x151eba4eb550>,1,1,[1 9],4,5,6,1,5
1,<environment.Job instance at 0x151eba4eb2d0>,2,1,[2 5],6,6,7,0,6
1,<environment.Job instance at 0x151eba4ebb90>,5,1,[1 6],9,16,17,7,16
1,<environment.Job instance at 0x151eba4eb960>,3,24,[11  1],7,116,140,109,116
1,<environment.Job instance at 0x151eb8265140>,1,1,[ 2 11],5,6,7,1,6
1,<environment.Job instance at 0x151ebbb98d70>,2,1,[14  2],6,12,13,6,12
1,<environment.Job instance at 0x151ec05da190>,3,28,[2 9],7,25,53,18,25
1,<environment.Job instance at 0x151eba596050>,2,27,[2 7],7,8,35,1,8
1,<environment.Job instance at 0x151e8227ee10>,5,21,[1 5],8,22,43,14,22
1,<environment.Job instance at 0x151e824d3230>,4,27,[8 1],5,5,32,0,5
1,<environment.Job instance at 0x151e824d3dc0>,6,2,[13  1],7,32,34,25,30
1,<environment.Job instance at 0x151e82355960>,3,27,[1 5],4,5,32,1,5
1,<environment.Job instance at 0x151eb40b3640>,0,20,[6 2],1,6,26,5,6
1,<environment.Job instance at 0x151e823581e0>,3,3,[ 1 12],5,21,24,16,21
1,<environment.Job instance at 0x151eb4043410>,5,27,[2 5],7,24,51,17,24
1,<environment.Job instance at 0x151eb4043b40>,6,1,[7 1],8,24,25,16,24
1,<environment.Job instance at 0x151eb4043e10>,7,1,[1 5],9,45,46,36,45
1,<environment.Job instance at 0x151eb4043370>,4,1,[2 5],6,212,213,206,212
1,<environment.Job instance at 0x151eb4043370>,2,26,[6 1],6,6,32,0,6
1,<environment.Job instance at 0x151eb889d8c0>,0,23,[6 1],1,2,25,1,2
1,<environment.Job instance at 0x151ec0c1db40>,4,18,[10  1],8,25,43,17,14
1,<environment.Job instance at 0x151eb889db90>,2,26,[12  2],3,2567,2593,2564,2567
1,<environment.Job instance at 0x151e82b6c960>,0,26,[8 1],1,2,28,1,2
1,<environment.Job instance at 0x151e82b6c190>,3,19,[1 6],5,6,25,1,6
1,<environment.Job instance at 0x151eb996d460>,6,1,[ 2 11],9,25,26,16,10
1,<environment.Job instance at 0x151ebed10a00>,4,25,[10  2],7,14,39,7,14
1,<environment.Job instance at 0x151ebed10dc0>,3,3,[ 2 14],5,481,484,476,481
1,<environment.Job instance at 0x151eb7f938c0>,0,3,[12  2],1,1270,1273,1269,1270
1,<environment.Job instance at 0x151ec0c45780>,1,1,[1 9],3,4,5,1,4
1,<environment.Job instance at 0x151ec0c45050>,3,2,[2 9],5,5,7,0,5
1,<environment.Job instance at 0x151ec0c45550>,4,28,[5 2],9,9,37,0,9
1,<environment.Job instance at 0x151eb418fe10>,0,26,[ 1 11],2,61,87,59,61
1,<environment.Job instance at 0x151ec0c45e10>,2,21,[ 1 12],4,88,109,84,88
1,<environment.Job instance at 0x151eb9aeb370>,0,1,[2 7],1,1,2,0,1
1,<environment.Job instance at 0x151ec0c45690>,2,28,[ 1 12],3,5,33,2,5
1,<environment.Job instance at 0x151e82d78640>,4,2,[8 2],5,6,8,1,6
1,<environment.Job instance at 0x151e82d785a0>,7,3,[13  1],9,148,151,139,148
1,<environment.Job instance at 0x151e82f1bcd0>,2,23,[9 2],4,4,27,0,4
1,<environment.Job instance at 0x151eb9c185f0>,5,18,[8 1],7,27,45,20,20
1,<environment.Job instance at 0x151e82f1b500>,1,26,[ 1 10],2,51,77,49,51
1,<environment.Job instance at 0x151eb9c18550>,6,1,[8 2],8,101,102,93,101
1,<environment.Job instance at 0x151e82d78190>,3,12,[11  1],5,213,225,208,213
1,<environment.Job instance at 0x151ebec88f00>,3,20,[1 7],7,25,45,18,25
1,<environment.Job instance at 0x151ebf687910>,0,1,[13  1],1,1,2,0,1
1,<environment.Job instance at 0x151eb41653c0>,3,1,[2 9],4,4,5,0,4
1,<environment.Job instance at 0x151ebec88690>,1,26,[ 2 13],2,5,31,3,4
1,<environment.Job instance at 0x151e82ad3870>,5,2,[1 6],8,31,33,23,8
1,<environment.Job instance at 0x151ebed8bd70>,4,21,[ 2 12],6,33,54,27,26
1,<environment.Job instance at 0x151ebed8bd20>,1,24,[ 2 14],2,2,26,0,2
1,<environment.Job instance at 0x151e8284c140>,4,2,[12  1],5,117,119,112,117
1,<environment.Job instance at 0x151e828cf960>,0,1,[14  2],1,2,3,1,2
1,<environment.Job instance at 0x151e828cf640>,1,16,[7 1],2,3,19,1,2
1,<environment.Job instance at 0x151e82478f50>,4,27,[2 7],5,5,32,0,5
1,<environment.Job instance at 0x151ec05d4d20>,3,27,[2 5],4,29,56,25,29
1,<environment.Job instance at 0x151ec05d4d20>,2,2,[2 9],4,6,8,2,6
1,<environment.Job instance at 0x151e823d9e60>,3,26,[2 5],6,6,32,0,6
1,<environment.Job instance at 0x151eb40bd5f0>,4,21,[13  1],7,8,29,1,8
1,<environment.Job instance at 0x151e828cfaf0>,1,3,[14  2],3,32,35,29,24
1,<environment.Job instance at 0x151eb7f86d70>,5,20,[5 2],8,35,55,27,30
1,<environment.Job instance at 0x151e82624280>,4,1,[ 2 10],6,199,200,193,199
1,<environment.Job instance at 0x151e82624e10>,6,26,[9 1],9,199,225,190,199
1,<environment.Job instance at 0x151e82c0e5a0>,4,20,[6 2],6,6,26,0,6
1,<environment.Job instance at 0x151eb9a794b0>,1,25,[ 2 13],2,17,42,15,17
1,<environment.Job instance at 0x151e82d61820>,7,12,[12  1],9,46,58,37,46
1,<environment.Job instance at 0x151eba4a19b0>,3,3,[2 6],4,61,64,57,61
1,<environment.Job instance at 0x151e82d4d690>,0,1,[6 1],1,2,3,1,2
1,<environment.Job instance at 0x151eb40efaa0>,4,21,[7 1],5,5,26,0,5
1,<environment.Job instance at 0x151e82750fa0>,4,19,[ 1 11],8,363,382,355,363
1,<environment.Job instance at 0x151e82750c30>,2,15,[7 1],4,4,19,0,4
1,<environment.Job instance at 0x151eb4105f50>,0,26,[1 7],2,6,32,4,6
1,<environment.Job instance at 0x151e82564aa0>,0,1,[ 1 13],1,2,3,1,2
1,<environment.Job instance at 0x151ebf686c30>,4,1,[7 2],6,115,116,109,115
1,<environment.Job instance at 0x151ec0c04aa0>,5,1,[2 8],7,2273,2274,2266,2273
1,<environment.Job instance at 0x151e8277eb90>,4,3,[1 7],6,8,11,2,8
1,<environment.Job instance at 0x151ec0c04aa0>,3,2,[ 2 12],5,11,13,6,9
1,<environment.Job instance at 0x151eb9b60730>,7,23,[ 2 11],9,13,36,4,11
1,<environment.Job instance at 0x151eb9b60640>,5,3,[12  1],7,22,25,15,22
1,<environment.Job instance at 0x151eb9b606e0>,6,13,[ 1 11],8,36,49,28,27
1,<environment.Job instance at 0x151e82812550>,1,3,[14  1],2,120,123,118,120
1,<environment.Job instance at 0x151e82c9fe60>,5,3,[7 2],6,2280,2283,2274,2280
1,<environment.Job instance at 0x151e82c9f870>,1,1,[ 2 14],2,2,3,0,2
1,<environment.Job instance at 0x151e82c9fe60>,2,21,[10  2],4,4,25,0,4
1,<environment.Job instance at 0x151eba90e730>,0,21,[1 5],1,4,25,3,4
1,<environment.Job instance at 0x151eba90e9b0>,3,26,[8 1],6,25,51,19,22
1,<environment.Job instance at 0x151e82ff6640>,1,1,[ 2 13],6,7,8,1,7
1,<environment.Job instance at 0x151e826a8af0>,2,24,[10  2],7,8,32,1,8
1,<environment.Job instance at 0x151ec10eea00>,0,1,[1 9],2,2,3,0,2
1,<environment.Job instance at 0x151e82564cd0>,4,12,[8 2],9,14,26,5,14
1,<environment.Job instance at 0x151eba58d730>,1,27,[ 1 10],5,21,48,16,21
1,<environment.Job instance at 0x151e82564550>,2,3,[ 1 14],7,48,51,41,48
1,<environment.Job instance at 0x151e82564370>,3,3,[13  2],8,82,85,74,82
1,<environment.Job instance at 0x151eba4b1140>,5,1,[1 6],8,80,81,72,80
1,<environment.Job instance at 0x151eba4b1c30>,6,21,[10  2],9,1636,1657,1627,1636
1,<environment.Job instance at 0x151e82e6ac80>,0,1,[ 1 14],2,3,4,1,3
1,<environment.Job instance at 0x151e82bfce60>,2,1,[8 1],5,5,6,0,5
1,<environment.Job instance at 0x151eba89a730>,3,28,[7 2],9,9,37,0,9
1,<environment.Job instance at 0x151eb9c02960>,1,25,[8 1],4,4,29,0,4
1,<environment.Job instance at 0x151eb9c02fa0>,2,22,[6 1],7,20,42,13,20
1,<environment.Job instance at 0x151e82e6ab40>,3,1,[11  2],8,42,43,34,42
1,<environment.Job instance at 0x151e827b5e60>,4,20,[1 6],6,6,26,0,6
1,<environment.Job instance at 0x151e827b53c0>,7,3,[2 6],9,32,35,23,32
1,<environment.Job instance at 0x151e827b5820>,5,24,[ 1 10],7,41,65,34,41
1,<environment.Job instance at 0x151e827b5050>,6,24,[ 1 12],8,222,246,214,222
1,<environment.Job instance at 0x151e82a8a5a0>,0,1,[7 2],1,2,3,1,2
1,<environment.Job instance at 0x151e82a8a9b0>,1,2,[2 7],2,4,6,2,4
1,<environment.Job instance at 0x151eb7f7a960>,6,28,[8 1],9,9,37,0,9
1,<environment.Job instance at 0x151eb7f7a6e0>,4,20,[2 7],7,39,59,32,39
1,<environment.Job instance at 0x151e829710a0>,3,25,[2 8],7,179,204,172,179
1,<environment.Job instance at 0x151ebf7478c0>,4,13,[6 2],9,231,244,222,231
1,<environment.Job instance at 0x151e82971190>,1,1,[ 1 12],3,524,525,521,524
1,<environment.Job instance at 0x151ebbb8d910>,5,27,[8 2],8,9,36,1,9
1,<environment.Job instance at 0x151ebbb8dc30>,1,3,[2 9],3,3,6,0,3
1,<environment.Job instance at 0x151e82f61be0>,4,1,[1 6],8,16,17,8,16
1,<environment.Job instance at 0x151ec18b9320>,2,1,[12  2],5,19,20,14,19
1,<environment.Job instance at 0x151e8244d140>,5,22,[ 2 12],9,60,82,51,60
1,<environment.Job instance at 0x151e82f610a0>,0,25,[ 1 11],1,82,107,81,80
1,<environment.Job instance at 0x151e82f61a00>,3,1,[7 1],6,92,93,86,92
1,<environment.Job instance at 0x151eb9b23a00>,4,16,[1 5],7,86,102,79,86
1,<environment.Job instance at 0x151eb9b23460>,2,28,[11  1],5,104,132,99,104
1,<environment.Job instance at 0x151eb9b23280>,6,3,[13  1],9,255,258,246,255
1,<environment.Job instance at 0x151eb9b23370>,5,1,[9 2],8,2803,2804,2795,2803
1,<environment.Job instance at 0x151eb950bd20>,4,23,[2 8],6,26,49,20,26
1,<environment.Job instance at 0x151ebed12320>,3,1,[11  1],6,30,31,24,30
1,<environment.Job instance at 0x151ebed12dc0>,5,13,[7 2],8,54,67,46,54
1,<environment.Job instance at 0x151e82bebaf0>,6,20,[14  1],9,72,92,63,72
1,<environment.Job instance at 0x151ebed12e60>,4,2,[8 1],7,93,95,86,93
1,<environment.Job instance at 0x151eb9c0ef00>,0,3,[ 2 11],1,2122,2125,2121,2122
1,<environment.Job instance at 0x151ebed12870>,2,3,[11  2],4,2417,2420,2413,2417
1,<environment.Job instance at 0x151e82bb8910>,1,21,[ 2 13],3,541,562,538,541
1,<environment.Job instance at 0x151e82ace7d0>,3,1,[2 7],6,604,605,598,604
1,<environment.Job instance at 0x151e82bb8690>,2,2,[10  1],5,653,655,648,653
1,<environment.Job instance at 0x151e82bb85a0>,4,2,[ 1 10],7,1287,1289,1280,1287
1,<environment.Job instance at 0x151eb8244460>,0,25,[12  2],2,2181,2206,2179,2181
1,<environment.Job instance at 0x151e8276e280>,2,26,[14  1],9,9,35,0,9
1,<environment.Job instance at 0x151ebbb916e0>,0,2,[ 2 14],5,35,37,30,24
1,<environment.Job instance at 0x151ebbb91640>,1,21,[1 7],2,2,23,0,2
1,<environment.Job instance at 0x151ebbb916e0>,3,27,[1 5],5,6,33,1,6
1,<environment.Job instance at 0x151ebed1fc30>,5,2,[ 2 11],8,33,35,25,32
1,<environment.Job instance at 0x151ebed1fd20>,4,26,[11  2],7,1547,1573,1540,1547
1,<environment.Job instance at 0x151eb40a3640>,0,21,[2 7],2,3,24,1,3
1,<environment.Job instance at 0x151e82804190>,2,21,[1 6],5,6,27,1,6
1,<environment.Job instance at 0x151e8275deb0>,4,1,[ 2 14],7,27,28,20,7
1,<environment.Job instance at 0x151e8275de10>,5,12,[5 1],8,10,22,2,10
1,<environment.Job instance at 0x151e82744820>,1,28,[1 7],2,4,32,2,4
1,<environment.Job instance at 0x151e828ac5f0>,3,1,[14  1],4,31,32,27,31
1,<environment.Job instance at 0x151e829ca640>,2,23,[11  1],5,5,28,0,5
1,<environment.Job instance at 0x151e829ca050>,4,26,[2 5],7,101,127,94,101
1,<environment.Job instance at 0x151ebf7318c0>,1,20,[14  2],8,348,368,340,348
1,<environment.Job instance at 0x151e82dd2230>,2,1,[2 9],3,3,4,0,3
1,<environment.Job instance at 0x151e82dd2370>,4,3,[5 2],6,38,41,32,38
1,<environment.Job instance at 0x151eb99a8a00>,5,2,[12  2],8,17,19,9,17
1,<environment.Job instance at 0x151e82faccd0>,6,2,[14  1],9,70,72,61,70
1,<environment.Job instance at 0x151e82faca00>,2,25,[8 2],4,4,29,0,4
1,<environment.Job instance at 0x151eb9a925a0>,3,2,[13  1],5,29,31,24,29
1,<environment.Job instance at 0x151e828ab640>,4,1,[14  2],7,79,80,72,79
1,<environment.Job instance at 0x151ebecf8910>,3,17,[8 1],5,278,295,273,278
1,<environment.Job instance at 0x151e826e4500>,1,23,[9 1],2,2,25,0,2
1,<environment.Job instance at 0x151e826e4050>,2,18,[1 7],3,7,25,4,7
1,<environment.Job instance at 0x151e826e41e0>,6,17,[7 2],8,25,42,17,13
1,<environment.Job instance at 0x151e826e4c80>,5,24,[9 2],7,42,66,35,37
1,<environment.Job instance at 0x151e82b522d0>,0,1,[1 6],1,1,2,0,1
1,<environment.Job instance at 0x151e82b52640>,4,27,[12  1],6,9,36,3,9
1,<environment.Job instance at 0x151e82ee24b0>,5,21,[ 2 13],8,132,153,124,132
1,<environment.Job instance at 0x151e824fb280>,3,18,[1 6],6,6,24,0,6
1,<environment.Job instance at 0x151eb412c820>,2,12,[6 1],5,21,33,16,21
1,<environment.Job instance at 0x151eb412c370>,6,28,[2 7],9,25,53,16,25
1,<environment.Job instance at 0x151eb412c050>,3,13,[1 5],6,25,38,19,25
1,<environment.Job instance at 0x151eb412c690>,4,24,[10  2],7,107,131,100,107
1,<environment.Job instance at 0x151e82a1fd70>,1,22,[2 5],2,2,24,0,2
1,<environment.Job instance at 0x151e82a1faf0>,2,23,[8 2],5,7,30,2,7
1,<environment.Job instance at 0x151e82a1f730>,5,3,[ 1 13],8,68,71,60,68
1,<environment.Job instance at 0x151eb81f7f50>,3,3,[ 1 11],8,52,55,44,52
1,<environment.Job instance at 0x151ebf63d690>,4,2,[14  1],9,76,78,67,76
1,<environment.Job instance at 0x151e82723e10>,5,1,[2 6],6,2589,2590,2583,2589
1,<environment.Job instance at 0x151e82626a00>,5,22,[6 1],8,15,37,7,15
1,<environment.Job instance at 0x151e826263c0>,6,28,[9 1],9,15,43,6,15
1,<environment.Job instance at 0x151e82626cd0>,3,18,[ 1 14],6,37,55,31,29
1,<environment.Job instance at 0x151e82727960>,0,2,[14  2],2,55,57,53,48
1,<environment.Job instance at 0x151e82626c80>,4,1,[ 1 13],7,55,56,48,49
1,<environment.Job instance at 0x151e827278c0>,2,20,[ 1 13],5,919,939,914,919
1,<environment.Job instance at 0x151eb8273c80>,4,23,[9 2],6,6,29,0,6
1,<environment.Job instance at 0x151eb8273190>,3,23,[ 1 11],5,8,31,3,8
1,<environment.Job instance at 0x151eb8273870>,6,23,[10  1],8,29,52,21,23
1,<environment.Job instance at 0x151e82ea30a0>,0,1,[ 2 11],1,1,2,0,1
1,<environment.Job instance at 0x151eb8273870>,3,20,[7 1],9,9,29,0,9
1,<environment.Job instance at 0x151e82ea3730>,2,3,[ 1 12],6,217,220,211,217
1,<environment.Job instance at 0x151e82b40aa0>,3,2,[1 9],8,8,10,0,8
1,<environment.Job instance at 0x151eba5a37d0>,4,25,[2 9],9,10,35,1,9
1,<environment.Job instance at 0x151e8299a9b0>,1,1,[9 1],3,4,5,1,4
1,<environment.Job instance at 0x151e8299a280>,4,3,[ 1 13],6,97,100,91,97
1,<environment.Job instance at 0x151eba5a3050>,3,3,[14  1],5,170,173,165,170
1,<environment.Job instance at 0x151e82fc8b90>,2,1,[2 6],4,4,5,0,4
1,<environment.Job instance at 0x151e82fc8410>,5,3,[9 2],8,401,404,393,401
1,<environment.Job instance at 0x151e82f598c0>,0,1,[ 2 10],1,1,2,0,1
1,<environment.Job instance at 0x151ebf5f0960>,1,22,[2 8],4,5,27,1,5
1,<environment.Job instance at 0x151ebf6a7870>,5,2,[7 1],7,9,11,2,9
1,<environment.Job instance at 0x151ebf6a75f0>,6,3,[6 2],8,23,26,15,23
1,<environment.Job instance at 0x151ebf6a7e60>,7,20,[13  1],9,88,108,79,88
1,<environment.Job instance at 0x151e829e1050>,2,22,[10  1],6,6,28,0,6
1,<environment.Job instance at 0x151e82325a00>,4,27,[9 2],8,22,49,14,22
1,<environment.Job instance at 0x151e82c6a140>,4,17,[8 1],8,117,134,109,117
1,<environment.Job instance at 0x151e82c6acd0>,3,3,[6 2],7,1727,1730,1720,1727
1,<environment.Job instance at 0x151e824bdc80>,4,25,[9 1],7,7,32,0,7
1,<environment.Job instance at 0x151e824bd960>,3,25,[2 9],6,27,52,21,27
1,<environment.Job instance at 0x151e824bd6e0>,5,1,[11  1],8,46,47,38,46
1,<environment.Job instance at 0x151e824bd910>,6,3,[8 2],9,65,68,56,65
1,<environment.Job instance at 0x151e829201e0>,1,22,[ 1 10],3,3,25,0,3
1,<environment.Job instance at 0x151eb9983eb0>,5,27,[14  2],7,17,44,10,17
1,<environment.Job instance at 0x151eb9983140>,7,1,[10  1],9,44,45,35,23
1,<environment.Job instance at 0x151e82920aa0>,3,19,[14  2],5,45,64,40,42
1,<environment.Job instance at 0x151eb9983230>,6,2,[10  2],8,64,66,56,47
1,<environment.Job instance at 0x151e82d74640>,2,22,[6 1],3,5,27,2,5
1,<environment.Job instance at 0x151eb7f7a870>,5,2,[6 2],6,569,571,563,569
1,<environment.Job instance at 0x151ebd801eb0>,3,16,[ 2 10],4,1004,1020,1000,1004
1,<environment.Job instance at 0x151ebd8015a0>,4,1,[2 5],5,1059,1060,1054,1059
1,<environment.Job instance at 0x151ebec9db40>,7,3,[ 2 14],8,1137,1140,1129,1137
1,<environment.Job instance at 0x151e82a09550>,1,16,[7 1],5,20,36,15,20
1,<environment.Job instance at 0x151e82693370>,2,1,[8 2],6,42,43,36,42
1,<environment.Job instance at 0x151e82693e60>,3,21,[5 1],7,106,127,99,106
1,<environment.Job instance at 0x151e82692910>,0,26,[8 1],1,1,27,0,1
1,<environment.Job instance at 0x151e823999b0>,5,22,[9 1],6,6,28,0,6
1,<environment.Job instance at 0x151ebecae690>,1,2,[ 2 14],2,9,11,7,9
1,<environment.Job instance at 0x151e82399730>,7,22,[7 1],9,28,50,19,21
1,<environment.Job instance at 0x151e82d041e0>,5,3,[13  2],9,469,472,460,469
1,<environment.Job instance at 0x151eb9ac7960>,1,19,[13  2],3,3,22,0,3
1,<environment.Job instance at 0x151e82546320>,0,28,[ 1 13],2,7,35,5,7
1,<environment.Job instance at 0x151eb9ac7f00>,5,2,[1 5],8,35,37,27,8
1,<environment.Job instance at 0x151eb9ac72d0>,3,28,[8 2],5,22,50,17,21
1,<environment.Job instance at 0x151eb9ac7af0>,6,28,[1 7],9,43,71,34,43
1,<environment.Job instance at 0x151e82d041e0>,4,14,[7 2],6,68,82,62,68
1,<environment.Job instance at 0x151ebec51af0>,2,27,[2 6],5,5,32,0,5
1,<environment.Job instance at 0x151eb7d46a50>,4,20,[5 1],7,97,117,90,97
1,<environment.Job instance at 0x151eb7d46960>,6,3,[12  1],9,217,220,208,217
1,<environment.Job instance at 0x151e82f5f960>,1,21,[2 9],2,6,27,4,6
1,<environment.Job instance at 0x151e82790500>,6,1,[5 2],7,7,8,0,7
1,<environment.Job instance at 0x151eba5b6be0>,2,12,[11  2],3,31,43,28,31
1,<environment.Job instance at 0x151e82790c30>,4,1,[12  1],5,43,44,38,31
1,<environment.Job instance at 0x151e82790b90>,5,27,[6 1],6,72,99,66,72
1,<environment.Job instance at 0x151e82790aa0>,2,24,[6 2],4,4,28,0,4
1,<environment.Job instance at 0x151e82790230>,1,24,[ 1 12],2,24,48,22,24
1,<environment.Job instance at 0x151ebec6b0a0>,5,2,[7 2],7,28,30,21,28
1,<environment.Job instance at 0x151eba5210a0>,1,25,[14  2],3,3,28,0,3
1,<environment.Job instance at 0x151ec0c43b40>,4,3,[ 1 13],6,43,46,37,43
1,<environment.Job instance at 0x151ec0c43730>,6,2,[ 1 10],9,1445,1447,1436,1445
1,<environment.Job instance at 0x151e82a2f410>,4,1,[5 1],7,8,9,1,8
1,<environment.Job instance at 0x151e82a2f5a0>,5,26,[7 2],8,8,34,0,8
1,<environment.Job instance at 0x151e82a2f190>,1,2,[5 1],3,3,5,0,3
1,<environment.Job instance at 0x151e827feaa0>,2,1,[2 6],4,4,5,0,4
1,<environment.Job instance at 0x151eb9b16780>,4,1,[9 1],8,8,9,0,8
1,<environment.Job instance at 0x151e82d10e60>,5,21,[ 2 12],9,11,32,2,11
1,<environment.Job instance at 0x151e82d11140>,1,26,[10  1],2,2,28,0,2
1,<environment.Job instance at 0x151e82ca7e10>,3,27,[ 1 11],6,17,44,11,17
1,<environment.Job instance at 0x151e82ca7190>,0,2,[11  2],1,724,726,723,724
1,<environment.Job instance at 0x151e82ca7640>,4,1,[14  2],7,738,739,731,738
1,<environment.Job instance at 0x151e82ca79b0>,2,3,[2 9],5,758,761,753,758
1,<environment.Job instance at 0x151ebf6cbbe0>,0,1,[2 5],1,1,2,0,1
1,<environment.Job instance at 0x151ebf6cb370>,2,26,[7 1],4,4,30,0,4
1,<environment.Job instance at 0x151ebf6cb730>,1,14,[7 1],3,26,40,23,26
1,<environment.Job instance at 0x151e824f0be0>,1,23,[7 1],3,3,26,0,3
1,<environment.Job instance at 0x151e824f04b0>,0,27,[2 9],1,13,40,12,13
1,<environment.Job instance at 0x151e82864460>,3,2,[11  2],5,5,7,0,5
1,<environment.Job instance at 0x151e82864550>,5,26,[9 2],8,8,34,0,8
1,<environment.Job instance at 0x151e82864500>,3,28,[5 2],4,4,32,0,4
1,<environment.Job instance at 0x151e828b85f0>,6,25,[6 2],9,23,48,14,23
1,<environment.Job instance at 0x151e822a40f0>,6,1,[13  2],8,25,26,17,25
1,<environment.Job instance at 0x151e822a40a0>,7,3,[ 1 10],9,28,31,19,28
1,<environment.Job instance at 0x151eb40b1190>,4,1,[ 1 14],8,8,9,0,8
1,<environment.Job instance at 0x151eb7f89640>,0,1,[1 8],1,1,2,0,1
1,<environment.Job instance at 0x151eb7f89b40>,2,22,[8 2],4,4,26,0,4
1,<environment.Job instance at 0x151e82cd5e10>,6,19,[2 7],8,28,47,20,28
1,<environment.Job instance at 0x151e82cd5d70>,7,14,[ 1 10],9,47,61,38,36
1,<environment.Job instance at 0x151e82cd5d70>,3,3,[7 1],4,7,10,3,7
1,<environment.Job instance at 0x151eb99adc30>,6,25,[6 1],7,7,32,0,7
1,<environment.Job instance at 0x151e82cd5370>,4,16,[2 7],5,16,32,11,16
1,<environment.Job instance at 0x151e82e78690>,2,1,[ 2 11],3,32,33,29,17
1,<environment.Job instance at 0x151eb99add70>,5,13,[2 5],6,83,96,77,83
1,<environment.Job instance at 0x151eb99ada00>,7,23,[ 1 12],9,544,567,535,544
1,<environment.Job instance at 0x151e828ffe10>,3,20,[1 6],7,13,33,6,13
1,<environment.Job instance at 0x151ebed30190>,3,15,[6 2],7,27,42,20,27
1,<environment.Job instance at 0x151eba5c3e60>,5,1,[10  2],9,42,43,33,35
1,<environment.Job instance at 0x151eba5c7f50>,1,19,[14  1],4,59,78,55,59
1,<environment.Job instance at 0x151ebed303c0>,4,17,[ 2 11],8,383,400,375,383
1,<environment.Job instance at 0x151e82e4b7d0>,0,1,[ 1 10],1,3,4,2,3
1,<environment.Job instance at 0x151ebed37d70>,4,1,[1 6],5,5,6,0,5
1,<environment.Job instance at 0x151e824b5af0>,3,2,[1 8],5,6,8,1,6
1,<environment.Job instance at 0x151e824b59b0>,1,1,[2 9],4,4,5,0,4
1,<environment.Job instance at 0x151e8241a5a0>,2,23,[10  2],5,5,28,0,5
1,<environment.Job instance at 0x151e824b5e60>,3,1,[1 5],7,7,8,0,7
1,<environment.Job instance at 0x151e82fd8eb0>,3,1,[5 1],6,7,8,1,7
1,<environment.Job instance at 0x151e82ca4d70>,6,2,[9 1],8,63,65,55,63
1,<environment.Job instance at 0x151e82ca4690>,7,1,[ 2 10],9,791,792,782,791
1,<environment.Job instance at 0x151e825162d0>,4,16,[6 1],6,1399,1415,1393,1399
1,<environment.Job instance at 0x151eba871230>,2,14,[10  2],6,650,664,644,650
1,<environment.Job instance at 0x151e82fc60a0>,1,28,[ 2 10],3,6,34,3,6
1,<environment.Job instance at 0x151ec0c2c6e0>,4,1,[5 1],7,7,8,0,7
1,<environment.Job instance at 0x151ec0c2c550>,6,1,[9 2],9,32,33,23,32
1,<environment.Job instance at 0x151e82fc6550>,2,18,[13  2],5,48,66,43,48
1,<environment.Job instance at 0x151ec0c2c320>,3,14,[11  1],6,81,95,75,81
1,<environment.Job instance at 0x151e82d585a0>,1,20,[6 1],5,5,25,0,5
1,<environment.Job instance at 0x151eb418e780>,3,1,[ 1 13],8,13,14,5,13
1,<environment.Job instance at 0x151eb418eeb0>,4,16,[12  1],9,25,41,16,13
1,<environment.Job instance at 0x151eba931190>,0,21,[8 1],1,1,22,0,1
1,<environment.Job instance at 0x151ebbb86780>,2,1,[11  1],4,22,23,18,5
1,<environment.Job instance at 0x151e82e71190>,4,2,[10  1],6,23,25,17,6
1,<environment.Job instance at 0x151e82e713c0>,5,2,[2 7],7,8,10,1,8
1,<environment.Job instance at 0x151eba931870>,3,17,[9 1],5,25,42,20,13
1,<environment.Job instance at 0x151eb418eeb0>,6,19,[10  1],8,42,61,34,33
1,<environment.Job instance at 0x151e82e71c30>,0,28,[5 2],4,5,33,1,5
1,<environment.Job instance at 0x151e82e71460>,2,25,[ 1 10],6,6,31,0,6
1,<environment.Job instance at 0x151ebed57410>,3,3,[6 2],7,7,10,0,7
1,<environment.Job instance at 0x151ebed57500>,4,27,[13  1],8,60,87,52,60
1,<environment.Job instance at 0x151e82ca3640>,3,17,[8 1],6,902,919,896,902
1,<environment.Job instance at 0x151eb824a6e0>,0,1,[9 2],2,3,4,1,3
1,<environment.Job instance at 0x151e82c99500>,2,3,[1 8],4,4,7,0,4
1,<environment.Job instance at 0x151e82ca32d0>,3,18,[2 5],6,6,24,0,6
1,<environment.Job instance at 0x151e82a78c80>,5,21,[13  2],8,354,375,346,354
1,<environment.Job instance at 0x151eb824a550>,2,1,[2 5],3,3,4,0,3
1,<environment.Job instance at 0x151e82aa05f0>,1,26,[1 5],2,3,29,1,3
1,<environment.Job instance at 0x151ebf6c3fa0>,5,2,[8 1],7,7,9,0,7
1,<environment.Job instance at 0x151ebf6c3050>,7,2,[14  2],9,19,21,10,19
1,<environment.Job instance at 0x151ebf6c3eb0>,1,2,[2 7],2,2,4,0,2
1,<environment.Job instance at 0x151e825160a0>,0,22,[2 5],1,5,27,4,5
1,<environment.Job instance at 0x151e82c55c30>,3,19,[8 1],4,8,27,4,8
1,<environment.Job instance at 0x151eba4e5410>,6,2,[9 1],9,27,29,18,9
1,<environment.Job instance at 0x151e8227ebe0>,1,1,[9 2],2,6,7,4,6
1,<environment.Job instance at 0x151eba4e5410>,2,16,[7 1],6,7,23,1,6
1,<environment.Job instance at 0x151e82da8690>,4,1,[2 6],7,67,68,60,67
1,<environment.Job instance at 0x151eba8ed8c0>,5,3,[ 2 13],9,79,82,70,79
1,<environment.Job instance at 0x151ebeca01e0>,3,3,[2 5],4,6,9,2,6
1,<environment.Job instance at 0x151ebeca0690>,2,2,[8 2],3,7,9,4,7
1,<environment.Job instance at 0x151ebeca0050>,6,2,[10  2],7,13,15,6,13
1,<environment.Job instance at 0x151ebeca09b0>,7,27,[10  1],8,15,42,7,13
1,<environment.Job instance at 0x151ebeca0d20>,5,15,[ 1 14],6,18,33,12,18
1,<environment.Job instance at 0x151ebeca0c80>,0,2,[ 1 12],1,33,35,32,18
1,<environment.Job instance at 0x151ebeca0780>,4,14,[5 2],5,35,49,30,23
1,<environment.Job instance at 0x151e822a79b0>,4,18,[1 6],5,14,32,9,14
1,<environment.Job instance at 0x151e822a74b0>,6,17,[1 8],7,21,38,14,21
1,<environment.Job instance at 0x151e822a7f50>,7,2,[8 2],8,32,34,24,21
1,<environment.Job instance at 0x151e822a7f00>,3,3,[6 2],4,32,35,28,28
1,<environment.Job instance at 0x151e822a71e0>,8,20,[1 7],9,35,55,26,28
1,<environment.Job instance at 0x151e822a7b40>,5,1,[ 1 14],6,55,56,49,54
1,<environment.Job instance at 0x151e82ca3960>,1,3,[11  1],2,520,523,518,520
1,<environment.Job instance at 0x151e82ca3960>,3,24,[ 2 13],8,8,32,0,8
1,<environment.Job instance at 0x151e8285bd20>,0,23,[5 1],1,1,24,0,1
1,<environment.Job instance at 0x151e8285b1e0>,3,21,[ 2 14],4,36,57,32,36
1,<environment.Job instance at 0x151e8285baf0>,4,12,[7 1],5,53,65,48,53
1,<environment.Job instance at 0x151e8285b820>,5,18,[12  1],7,65,83,58,58
1,<environment.Job instance at 0x151e8285b640>,6,2,[6 2],9,493,495,484,493
1,<environment.Job instance at 0x151e8285b500>,2,24,[14  2],3,2708,2732,2705,2708
1,<environment.Job instance at 0x151e822632d0>,0,1,[2 5],1,1,2,0,1
1,<environment.Job instance at 0x151e823a3c30>,5,1,[1 6],7,7,8,0,7
1,<environment.Job instance at 0x151e829137d0>,6,1,[2 8],9,9,10,0,9
1,<environment.Job instance at 0x151eba49d190>,3,23,[13  1],5,5,28,0,5
1,<environment.Job instance at 0x151eba49d280>,4,2,[1 7],6,18,20,12,18
1,<environment.Job instance at 0x151eba49d640>,5,1,[5 2],9,28,29,19,22
1,<environment.Job instance at 0x151e829bca50>,0,3,[ 2 12],1,93,96,92,93
1,<environment.Job instance at 0x151e829bc5f0>,2,1,[7 1],3,102,103,99,102
1,<environment.Job instance at 0x151eba49de10>,0,1,[2 5],4,4,5,0,4
1,<environment.Job instance at 0x151eba49d690>,1,2,[ 1 11],2,2,4,0,2
1,<environment.Job instance at 0x151e82fb32d0>,2,27,[2 8],6,8,35,2,8
1,<environment.Job instance at 0x151ebf6bb280>,5,3,[ 1 10],9,23,26,14,23
1,<environment.Job instance at 0x151e82cdaf00>,3,1,[ 2 14],6,84,85,78,84
1,<environment.Job instance at 0x151e82cda870>,4,17,[7 1],7,107,124,100,107
1,<environment.Job instance at 0x151e82717a50>,2,1,[9 1],6,6,7,0,6
1,<environment.Job instance at 0x151e82717b90>,3,2,[12  1],7,761,763,754,761
1,<environment.Job instance at 0x151eba4a1460>,6,3,[8 2],9,15,18,6,15
1,<environment.Job instance at 0x151eba4a19b0>,2,13,[13  1],4,20,33,16,20
1,<environment.Job instance at 0x151eba4a1b40>,4,1,[14  1],7,33,34,26,22
1,<environment.Job instance at 0x151eba4a1eb0>,5,1,[1 6],8,139,140,131,139
1,<environment.Job instance at 0x151eba4a1b90>,3,23,[1 6],6,301,324,295,301
1,<environment.Job instance at 0x151e8278e820>,2,1,[1 8],3,13,14,10,13
1,<environment.Job instance at 0x151e82bd7050>,1,3,[13  1],2,15,18,13,15
1,<environment.Job instance at 0x151e8279abe0>,7,3,[2 9],9,15,18,6,15
1,<environment.Job instance at 0x151e8279a140>,6,28,[ 2 12],8,56,84,48,56
1,<environment.Job instance at 0x151eba4a1b90>,4,27,[7 1],5,56,83,51,56
1,<environment.Job instance at 0x151e8278e8c0>,5,20,[1 9],6,102,122,96,102
1,<environment.Job instance at 0x151eba4a1910>,3,27,[11  1],4,220,247,216,220
1,<environment.Job instance at 0x151e82f4d1e0>,4,1,[14  1],7,52,53,45,52
1,<environment.Job instance at 0x151e82896d20>,0,28,[7 1],1,1,29,0,1
1,<environment.Job instance at 0x151eb9ba8960>,4,2,[6 2],5,10,12,5,10
1,<environment.Job instance at 0x151eb9ba81e0>,6,28,[2 9],8,12,40,4,12
1,<environment.Job instance at 0x151e828964b0>,1,1,[ 1 11],2,40,41,38,16
1,<environment.Job instance at 0x151eb9ba8230>,7,2,[ 1 13],9,41,43,32,26
1,<environment.Job instance at 0x151eb9ba8370>,5,1,[ 1 12],6,43,44,37,31
1,<environment.Job instance at 0x151eb9ba8eb0>,3,2,[9 2],4,45,47,41,45
1,<environment.Job instance at 0x151eba510eb0>,1,23,[6 1],2,3,26,1,3
1,<environment.Job instance at 0x151eb9ba8f00>,3,28,[2 5],4,4,32,0,4
1,<environment.Job instance at 0x151e8296e5f0>,5,2,[ 1 11],9,32,34,23,28
1,<environment.Job instance at 0x151eb9ba8eb0>,4,26,[9 2],8,29,55,21,29
1,<environment.Job instance at 0x151e82560d20>,0,1,[1 5],1,1,2,0,1
1,<environment.Job instance at 0x151e825609b0>,3,26,[8 2],7,7,33,0,7
1,<environment.Job instance at 0x151e825604b0>,5,1,[10  2],9,2402,2403,2393,2402
1,<environment.Job instance at 0x151e8258cf00>,1,22,[6 1],3,3,25,0,3
1,<environment.Job instance at 0x151e8258cc80>,4,2,[9 2],6,7,9,1,7
1,<environment.Job instance at 0x151e82c0bd20>,6,24,[1 8],8,14,38,6,14
1,<environment.Job instance at 0x151e8258c780>,7,1,[1 9],9,38,39,29,32
1,<environment.Job instance at 0x151e8258c960>,0,2,[ 1 13],1,39,41,38,34
1,<environment.Job instance at 0x151e8258ca00>,2,3,[14  2],4,48,51,44,48
1,<environment.Job instance at 0x151e8258c190>,5,2,[1 6],7,94,96,87,94
1,<environment.Job instance at 0x151e8258ccd0>,3,24,[ 1 11],5,810,834,805,810
1,<environment.Job instance at 0x151e824dcd20>,3,2,[13  1],4,5,7,1,5
1,<environment.Job instance at 0x151e8258ccd0>,5,1,[14  2],6,7,8,1,6
1,<environment.Job instance at 0x151e82f753c0>,8,1,[11  2],9,88,89,79,88
1,<environment.Job instance at 0x151e8266fb40>,4,3,[ 1 12],6,20,23,14,20
1,<environment.Job instance at 0x151e8266faf0>,5,3,[11  2],7,678,681,671,678
1,<environment.Job instance at 0x151e8266f4b0>,6,2,[1 9],9,711,713,702,711
1,<environment.Job instance at 0x151e82f75a00>,2,26,[14  2],3,1075,1101,1072,1075
1,<environment.Job instance at 0x151eba5d1af0>,5,2,[2 5],7,11,13,4,11
1,<environment.Job instance at 0x151eba5d10f0>,6,25,[2 9],8,12,37,4,12
1,<environment.Job instance at 0x151eb996d690>,2,24,[ 1 12],4,37,61,33,37
1,<environment.Job instance at 0x151eba5d1780>,4,3,[11  1],6,97,100,91,97
1,<environment.Job instance at 0x151ebec6beb0>,4,3,[2 5],6,228,231,222,228
1,<environment.Job instance at 0x151ebec6b6e0>,0,2,[ 1 13],1,300,302,299,300
1,<environment.Job instance at 0x151eba4c8730>,6,1,[13  2],8,309,310,301,309
1,<environment.Job instance at 0x151eba4c8320>,7,26,[8 2],9,349,375,340,349
1,<environment.Job instance at 0x151eba4c85f0>,5,18,[1 8],7,474,492,467,474
1,<environment.Job instance at 0x151eba5d1780>,2,12,[12  2],4,840,852,836,840
1,<environment.Job instance at 0x151eb9967c80>,4,17,[2 7],6,281,298,275,281
1,<environment.Job instance at 0x151ebed57a00>,0,22,[6 2],3,8,30,5,8
1,<environment.Job instance at 0x151e82a5bb40>,3,23,[6 1],9,9,32,0,9
1,<environment.Job instance at 0x151e825330a0>,1,2,[ 1 13],2,21,23,19,21
1,<environment.Job instance at 0x151e82629f50>,0,1,[14  1],1,2,3,1,2
1,<environment.Job instance at 0x151e82629a50>,5,1,[ 2 11],9,9,10,0,9
1,<environment.Job instance at 0x151e82629a00>,1,2,[2 8],2,13,15,11,13
1,<environment.Job instance at 0x151e82629c80>,1,20,[13  1],3,3,23,0,3
1,<environment.Job instance at 0x151e82618aa0>,2,19,[7 2],5,23,42,18,13
1,<environment.Job instance at 0x151e82629a00>,3,3,[1 7],6,60,63,54,60
1,<environment.Job instance at 0x151e82618550>,0,28,[12  1],1,118,146,117,118
1,<environment.Job instance at 0x151eb408e370>,5,2,[1 5],8,122,124,114,122
1,<environment.Job instance at 0x151e82629730>,4,3,[14  2],7,146,149,139,122
1,<environment.Job instance at 0x151e828cfeb0>,2,26,[14  1],3,17,43,14,17
1,<environment.Job instance at 0x151eb9ae5f00>,4,1,[2 8],8,43,44,35,22
1,<environment.Job instance at 0x151e828cfdc0>,3,3,[2 6],7,131,134,124,131
1,<environment.Job instance at 0x151eba5d1500>,2,25,[8 2],6,6,31,0,6
1,<environment.Job instance at 0x151e82388eb0>,1,22,[8 1],2,2,24,0,2
1,<environment.Job instance at 0x151e82b25a50>,4,1,[10  1],6,24,25,18,20
1,<environment.Job instance at 0x151e82b25fa0>,6,2,[6 1],8,28,30,20,28
1,<environment.Job instance at 0x151e82b25460>,7,3,[8 1],9,31,34,22,31
1,<environment.Job instance at 0x151e82388870>,0,2,[ 1 14],1,33,35,32,33
1,<environment.Job instance at 0x151e82b254b0>,5,2,[1 5],7,37,39,30,37
1,<environment.Job instance at 0x151eba48c550>,3,2,[2 5],5,52,54,47,52
1,<environment.Job instance at 0x151e823881e0>,2,22,[ 2 14],3,1455,1477,1452,1455
1,<environment.Job instance at 0x151eba48c500>,2,22,[13  2],3,3,25,0,3
1,<environment.Job instance at 0x151ebf600d20>,0,2,[5 1],1,25,27,24,3
1,<environment.Job instance at 0x151e8255c500>,1,2,[12  2],2,5,7,3,5
1,<environment.Job instance at 0x151e8255c410>,2,15,[14  2],4,7,22,3,7
1,<environment.Job instance at 0x151e8255e9b0>,5,1,[13  1],8,22,23,14,15
1,<environment.Job instance at 0x151e82273050>,4,26,[2 6],7,101,127,94,101
1,<environment.Job instance at 0x151e82d7a0f0>,3,17,[10  2],8,15,32,7,15
1,<environment.Job instance at 0x151e82d7ab40>,4,13,[5 2],9,23,36,14,23
1,<environment.Job instance at 0x151eba6043c0>,1,3,[ 2 12],4,32,35,28,29
1,<environment.Job instance at 0x151e82d7a7d0>,0,1,[ 1 14],2,3,4,1,3
1,<environment.Job instance at 0x151eb9982b90>,3,1,[ 1 12],7,7,8,0,7
1,<environment.Job instance at 0x151e82d7ae10>,5,26,[5 2],9,9,35,0,9
1,<environment.Job instance at 0x151eb4100370>,1,26,[2 7],2,4,30,2,4
1,<environment.Job instance at 0x151eb4100f50>,5,20,[7 2],6,6,26,0,6
1,<environment.Job instance at 0x151eb4100dc0>,4,26,[6 2],5,14,40,9,14
1,<environment.Job instance at 0x151eb4100280>,8,26,[2 5],9,30,56,21,30
1,<environment.Job instance at 0x151eb81c79b0>,5,2,[ 2 14],8,16,18,8,16
1,<environment.Job instance at 0x151eb81c7730>,6,1,[14  1],9,18,19,9,16
1,<environment.Job instance at 0x151ebf6574b0>,2,1,[ 2 10],6,6,7,0,6
1,<environment.Job instance at 0x151ebed74730>,4,2,[ 1 13],8,15,17,7,15
1,<environment.Job instance at 0x151e82802b90>,5,1,[ 1 13],9,17,18,8,17
1,<environment.Job instance at 0x151e82802b90>,3,17,[5 1],5,6,23,1,6
1,<environment.Job instance at 0x151e828e2190>,4,28,[ 1 12],6,39,67,33,39
1,<environment.Job instance at 0x151e828e2190>,6,20,[7 2],8,8,28,0,8
1,<environment.Job instance at 0x151e82d44dc0>,5,20,[2 5],6,9,29,3,9
1,<environment.Job instance at 0x151e8258d1e0>,5,1,[12  1],8,182,183,174,182
1,<environment.Job instance at 0x151e8258d280>,3,21,[14  2],5,1938,1959,1933,1938
1,<environment.Job instance at 0x151e82a7a550>,2,28,[11  1],7,11,39,4,11
1,<environment.Job instance at 0x151ec1847eb0>,5,14,[11  2],8,9,23,1,9
1,<environment.Job instance at 0x151e829a9230>,1,20,[ 2 14],2,241,261,239,241
1,<environment.Job instance at 0x151ec1847d20>,3,25,[ 2 12],5,729,754,724,729
1,<environment.Job instance at 0x151ec1847b90>,0,26,[7 1],2,2,28,0,2
1,<environment.Job instance at 0x151e82dd71e0>,1,25,[11  1],2,2,27,0,2
1,<environment.Job instance at 0x151e82dd7230>,0,22,[ 1 12],1,9,31,8,9
1,<environment.Job instance at 0x151e82dd7050>,6,1,[ 1 14],8,31,32,23,31
1,<environment.Job instance at 0x151e82dd7500>,7,3,[1 9],9,41,44,32,41
1,<environment.Job instance at 0x151e8240f7d0>,5,3,[1 9],8,8,11,0,8
1,<environment.Job instance at 0x151e8240f8c0>,6,19,[1 9],9,15,34,6,15
1,<environment.Job instance at 0x151eba5ffe10>,0,2,[ 2 14],1,34,36,33,17
1,<environment.Job instance at 0x151e8240faa0>,4,1,[12  2],7,17,18,10,17
1,<environment.Job instance at 0x151e82e71690>,0,23,[11  2],4,125,148,121,125
1,<environment.Job instance at 0x151e82e71230>,1,1,[6 1],2,2,3,0,2
1,<environment.Job instance at 0x151e8225a910>,5,22,[ 2 14],6,139,161,133,139
1,<environment.Job instance at 0x151e82253050>,0,22,[ 2 12],1,5,27,4,5
1,<environment.Job instance at 0x151e82ce62d0>,4,1,[ 2 13],6,27,28,21,6
1,<environment.Job instance at 0x151e82ce64b0>,5,1,[11  2],7,7,8,0,7
1,<environment.Job instance at 0x151e82ce6550>,2,12,[12  2],4,30,42,26,30
1,<environment.Job instance at 0x151e82ce6a50>,3,24,[5 2],5,43,67,38,43
1,<environment.Job instance at 0x151e82ce6eb0>,1,24,[ 2 14],2,2,26,0,2
1,<environment.Job instance at 0x151e825858c0>,3,24,[2 8],8,8,32,0,8
1,<environment.Job instance at 0x151ebf722b90>,4,25,[1 9],7,14,39,7,14
1,<environment.Job instance at 0x151eb9bc3140>,0,2,[ 2 11],1,39,41,38,27
1,<environment.Job instance at 0x151eb40b0370>,5,2,[ 2 12],8,55,57,47,55
1,<environment.Job instance at 0x151eb9bc3af0>,3,3,[ 2 11],6,67,70,61,67
1,<environment.Job instance at 0x151eb4172c80>,5,15,[11  2],9,12,27,3,12
1,<environment.Job instance at 0x151eb4172c30>,3,3,[ 1 13],7,171,174,164,171
1,<environment.Job instance at 0x151e825f7a00>,3,2,[10  1],6,27,29,21,27
1,<environment.Job instance at 0x151e825f7c30>,4,2,[8 1],9,1863,1865,1854,1863
1,<environment.Job instance at 0x151eba5032d0>,3,3,[5 1],6,2948,2951,2942,2948
1,<environment.Job instance at 0x151e8273b0f0>,1,3,[ 2 14],3,16,19,13,16
1,<environment.Job instance at 0x151eb9bfba50>,2,1,[ 2 12],4,108,109,104,108
1,<environment.Job instance at 0x151ebed0afa0>,4,1,[8 2],8,497,498,489,497
1,<environment.Job instance at 0x151eb9bfb870>,3,1,[1 9],6,521,522,515,521
1,<environment.Job instance at 0x151e8235cd70>,4,1,[12  2],6,6,7,0,6
1,<environment.Job instance at 0x151e8235c640>,5,3,[7 2],7,7,10,0,7
1,<environment.Job instance at 0x151e8235c0f0>,6,24,[2 9],9,9,33,0,9
1,<environment.Job instance at 0x151eb9bfb870>,3,27,[ 2 14],5,38,65,33,38
1,<environment.Job instance at 0x151eba578730>,0,24,[6 2],1,2,26,1,2
1,<environment.Job instance at 0x151e8235ca00>,5,21,[8 2],9,32,53,23,32
1,<environment.Job instance at 0x151e82f2ba50>,5,2,[ 2 10],6,59,61,53,59
1,<environment.Job instance at 0x151e82f2ba00>,6,3,[14  1],8,367,370,359,367
1,<environment.Job instance at 0x151eba55bcd0>,5,1,[2 7],9,493,494,484,493
1,<environment.Job instance at 0x151e82abf820>,0,20,[ 1 11],2,156,176,154,156
1,<environment.Job instance at 0x151e82cbf370>,0,25,[2 6],2,2,27,0,2
1,<environment.Job instance at 0x151e82cbfaf0>,2,1,[13  2],4,4,5,0,4
1,<environment.Job instance at 0x151eba4d4820>,5,22,[8 1],7,9,31,2,9
1,<environment.Job instance at 0x151e82a6af00>,3,16,[7 1],6,1381,1397,1375,1381
1,<environment.Job instance at 0x151e82a6aaa0>,3,16,[2 5],4,4,20,0,4
1,<environment.Job instance at 0x151eba8ef780>,4,3,[1 9],5,5,8,0,5
1,<environment.Job instance at 0x151eba8ef5a0>,5,3,[2 7],6,8,11,2,6
1,<environment.Job instance at 0x151eba8ef6e0>,7,2,[13  2],8,11,13,3,8
1,<environment.Job instance at 0x151eba8c9320>,2,20,[8 1],3,3,23,0,3
1,<environment.Job instance at 0x151eba8c91e0>,1,24,[5 2],2,6,30,4,6
1,<environment.Job instance at 0x151eb9c22be0>,4,2,[2 9],9,9,11,0,9
1,<environment.Job instance at 0x151eba8c9140>,3,27,[6 1],6,23,50,17,21
1,<environment.Job instance at 0x151ec1076280>,1,21,[6 2],2,2,23,0,2
1,<environment.Job instance at 0x151e824c70f0>,3,1,[ 1 11],4,19,20,15,19
1,<environment.Job instance at 0x151ec0c43050>,0,23,[2 8],1,20,43,19,19
1,<environment.Job instance at 0x151e824c7b40>,5,2,[7 2],6,19,21,13,19
1,<environment.Job instance at 0x151e824c7c30>,6,14,[2 5],7,54,68,47,54
1,<environment.Job instance at 0x151e82b4fd20>,1,19,[1 5],2,2,21,0,2
1,<environment.Job instance at 0x151e824c7c30>,2,2,[2 9],4,4,6,0,4
1,<environment.Job instance at 0x151e823ab410>,5,2,[2 6],9,9,11,0,9
1,<environment.Job instance at 0x151e823ab0a0>,1,15,[5 1],2,3,18,1,3
1,<environment.Job instance at 0x151e823ab8c0>,2,14,[14  2],3,18,32,15,6
1,<environment.Job instance at 0x151e823ab410>,4,16,[2 9],5,32,48,27,25
1,<environment.Job instance at 0x151e823840a0>,5,18,[10  1],6,32,50,26,26
1,<environment.Job instance at 0x151e823ab0f0>,0,2,[ 2 13],1,48,50,47,45
1,<environment.Job instance at 0x151ebf5ec780>,5,2,[ 1 14],6,756,758,750,756
1,<environment.Job instance at 0x151e829dfeb0>,1,28,[6 1],2,2,30,0,2
1,<environment.Job instance at 0x151e82aeb550>,6,2,[10  2],9,867,869,858,867
1,<environment.Job instance at 0x151e82555690>,6,24,[2 6],8,14,38,6,14
1,<environment.Job instance at 0x151e825552d0>,7,2,[7 1],9,15,17,6,15
1,<environment.Job instance at 0x151e82902550>,2,2,[12  1],4,59,61,55,59
1,<environment.Job instance at 0x151e82c0ef50>,1,22,[8 1],7,7,29,0,7
1,<environment.Job instance at 0x151eb99ca550>,2,3,[ 1 14],8,53,56,45,53
1,<environment.Job instance at 0x151eb4044460>,2,2,[ 1 12],3,8,10,5,8
1,<environment.Job instance at 0x151eb99a8c80>,5,2,[2 5],6,25,27,19,25
1,<environment.Job instance at 0x151e8256d960>,7,18,[14  2],8,40,58,32,40
1,<environment.Job instance at 0x151e82354c30>,3,27,[7 2],6,6,33,0,6
1,<environment.Job instance at 0x151e82b40410>,1,1,[11  1],2,5,6,3,5
1,<environment.Job instance at 0x151e82390690>,5,18,[11  1],9,25,43,16,25
1,<environment.Job instance at 0x151e82aa71e0>,1,15,[5 1],3,5,20,2,5
1,<environment.Job instance at 0x151e82aa7c30>,3,22,[2 5],5,6,28,1,6
1,<environment.Job instance at 0x151e82aa7280>,2,21,[13  2],4,30,51,26,30
1,<environment.Job instance at 0x151e82aa7730>,5,2,[1 9],9,47,49,38,47
1,<environment.Job instance at 0x151e82aa7730>,2,21,[10  2],5,17,38,12,17
1,<environment.Job instance at 0x151ebed1b910>,4,12,[1 6],6,105,117,99,105
1,<environment.Job instance at 0x151ebed1bfa0>,6,13,[12  1],9,142,155,133,142
1,<environment.Job instance at 0x151ebed1bbe0>,5,21,[5 2],7,155,176,148,151
1,<environment.Job instance at 0x151ebed1b820>,3,21,[11  2],5,487,508,482,487
1,<environment.Job instance at 0x151e8251ff50>,2,1,[2 6],5,6,7,1,6
1,<environment.Job instance at 0x151eba56e960>,3,1,[5 1],7,7,8,0,7
1,<environment.Job instance at 0x151ebbba0a50>,2,18,[13  2],5,7,25,2,7
1,<environment.Job instance at 0x151ec0c03a00>,0,16,[ 2 12],1,16,32,15,16
1,<environment.Job instance at 0x151ebbba00f0>,3,27,[2 5],7,43,70,36,43
1,<environment.Job instance at 0x151eb413c550>,1,3,[11  1],5,8,11,3,8
1,<environment.Job instance at 0x151e82a52640>,2,1,[ 1 12],4,4,5,0,4
1,<environment.Job instance at 0x151e82a52f00>,4,1,[7 1],8,8,9,0,8
1,<environment.Job instance at 0x151e82875370>,3,24,[9 1],8,8,32,0,8
1,<environment.Job instance at 0x151ebf698960>,6,23,[7 2],9,9,32,0,9
1,<environment.Job instance at 0x151ebf698910>,4,1,[13  1],7,32,33,25,27
1,<environment.Job instance at 0x151ebf698a00>,2,24,[8 2],4,4,28,0,4
1,<environment.Job instance at 0x151e829b84b0>,5,3,[12  2],7,28,31,21,19
1,<environment.Job instance at 0x151ebf6984b0>,1,3,[ 1 11],3,23,26,20,23
1,<environment.Job instance at 0x151e825fed70>,4,2,[8 2],6,33,35,27,33
1,<environment.Job instance at 0x151e825fe5a0>,3,12,[14  1],5,38,50,33,38
1,<environment.Job instance at 0x151e829b8730>,6,18,[14  2],8,73,91,65,73
1,<environment.Job instance at 0x151e829b86e0>,1,1,[7 1],3,4,5,1,4
1,<environment.Job instance at 0x151eb99d7370>,5,1,[13  1],7,15,16,8,15
1,<environment.Job instance at 0x151eb99d7960>,6,3,[9 2],9,28,31,19,28
1,<environment.Job instance at 0x151e82d4c870>,1,2,[5 1],3,4,6,1,4
1,<environment.Job instance at 0x151e82251960>,5,3,[12  2],7,135,138,128,135
1,<environment.Job instance at 0x151e8285b140>,2,19,[9 2],3,3,22,0,3
1,<environment.Job instance at 0x151e8285b550>,3,25,[1 6],4,7,32,3,7
1,<environment.Job instance at 0x151e8292a7d0>,6,25,[1 7],9,15,40,6,15
1,<environment.Job instance at 0x151eb8222460>,4,2,[ 1 13],6,40,42,34,40
1,<environment.Job instance at 0x151e8292a910>,5,2,[2 8],7,50,52,43,50
1,<environment.Job instance at 0x151ec0ce8c30>,2,26,[6 1],5,6,32,1,6
1,<environment.Job instance at 0x151eb8211190>,3,1,[1 8],5,5,6,0,5
1,<environment.Job instance at 0x151e82e77c80>,4,20,[2 8],8,51,71,43,51
1,<environment.Job instance at 0x151e82e77910>,3,3,[1 7],7,123,126,116,123
1,<environment.Job instance at 0x151e82982b40>,0,18,[ 2 13],3,458,476,455,458
1,<environment.Job instance at 0x151e82e77eb0>,1,14,[12  1],4,503,517,499,503
1,<environment.Job instance at 0x151e82e77780>,2,1,[10  2],6,517,518,511,515
1,<environment.Job instance at 0x151e82fe2b40>,0,21,[6 1],1,3,24,2,3
1,<environment.Job instance at 0x151e82e77780>,3,2,[ 1 14],4,6,8,2,6
1,<environment.Job instance at 0x151e82bf7f00>,0,1,[1 9],1,1,2,0,1
1,<environment.Job instance at 0x151e82bf7be0>,1,26,[1 6],2,3,29,1,3
1,<environment.Job instance at 0x151e82ace370>,6,20,[13  2],8,9,29,1,9
1,<environment.Job instance at 0x151e82ace9b0>,7,13,[7 2],9,29,42,20,18
1,<environment.Job instance at 0x151e82ace5f0>,4,2,[ 1 13],6,37,39,31,37
1,<environment.Job instance at 0x151eba4d5870>,5,2,[11  2],7,42,44,35,41
1,<environment.Job instance at 0x151e82a1f0a0>,1,25,[10  1],3,3,28,0,3
1,<environment.Job instance at 0x151e82510af0>,4,18,[1 9],8,16,34,8,16
1,<environment.Job instance at 0x151e826a2f00>,0,2,[13  2],1,123,125,122,123
1,<environment.Job instance at 0x151e82aceb40>,2,1,[11  2],4,143,144,139,143
1,<environment.Job instance at 0x151e82e1f410>,2,2,[ 1 10],5,5,7,0,5
1,<environment.Job instance at 0x151e82e1f3c0>,1,3,[ 1 11],4,7,10,3,7
1,<environment.Job instance at 0x151eb8235be0>,5,28,[6 2],8,8,36,0,8
1,<environment.Job instance at 0x151eb8235e60>,4,25,[5 2],7,9,34,2,9
1,<environment.Job instance at 0x151eb82352d0>,3,21,[1 6],6,24,45,18,24
1,<environment.Job instance at 0x151e82d72140>,4,21,[11  2],8,8,29,0,8
1,<environment.Job instance at 0x151eb9baccd0>,4,18,[11  1],5,20,38,15,20
1,<environment.Job instance at 0x151eb9b99960>,6,2,[ 1 10],7,54,56,47,54
1,<environment.Job instance at 0x151e82d72320>,3,2,[2 8],4,57,59,53,57
1,<environment.Job instance at 0x151eb9b99a00>,7,20,[13  2],8,61,81,53,61
1,<environment.Job instance at 0x151e82cec8c0>,6,27,[ 1 13],8,31,58,23,31
1,<environment.Job instance at 0x151eb416d550>,1,1,[2 7],3,3,4,0,3
1,<environment.Job instance at 0x151e82cecf00>,2,28,[12  1],5,5,33,0,5
1,<environment.Job instance at 0x151eb416deb0>,3,26,[ 1 10],6,7,33,1,7
1,<environment.Job instance at 0x151ebf5f6b40>,4,2,[1 8],7,34,36,27,34
1,<environment.Job instance at 0x151e829359b0>,4,26,[11  2],7,7,33,0,7
1,<environment.Job instance at 0x151e829354b0>,6,1,[10  2],9,33,34,24,25
1,<environment.Job instance at 0x151e8233f4b0>,1,2,[12  2],3,3,5,0,3
1,<environment.Job instance at 0x151ebec585a0>,2,23,[5 2],4,5,28,1,4
1,<environment.Job instance at 0x151ebec58be0>,4,24,[2 6],7,7,31,0,7
1,<environment.Job instance at 0x151e82ce8410>,4,25,[ 2 10],6,6,31,0,6
1,<environment.Job instance at 0x151e82ce83c0>,6,2,[2 6],8,31,33,23,8
1,<environment.Job instance at 0x151eb4113aa0>,0,28,[8 2],1,1,29,0,1
1,<environment.Job instance at 0x151e82ad6e60>,3,24,[6 2],5,5,29,0,5
1,<environment.Job instance at 0x151e82ad6d70>,7,22,[6 1],9,24,46,15,24
1,<environment.Job instance at 0x151e82ad6f50>,5,2,[14  1],7,177,179,170,177
1,<environment.Job instance at 0x151e82ad6cd0>,4,3,[ 2 11],6,418,421,412,418
1,<environment.Job instance at 0x151eb9b2cdc0>,4,22,[6 2],8,12,34,4,12
1,<environment.Job instance at 0x151eb9b2c3c0>,3,3,[1 7],5,17,20,12,17
1,<environment.Job instance at 0x151eb9b2cd20>,0,2,[12  2],1,34,36,33,18
1,<environment.Job instance at 0x151ebf692820>,1,3,[ 2 12],3,34,37,31,34
1,<environment.Job instance at 0x151eb9b2c870>,2,1,[11  1],4,49,50,45,49
1,<environment.Job instance at 0x151ebf632910>,0,2,[5 1],1,2,4,1,2
1,<environment.Job instance at 0x151ebf6321e0>,2,21,[5 2],5,5,26,0,5
1,<environment.Job instance at 0x151eb4127c80>,3,20,[ 1 10],6,8,28,2,8
1,<environment.Job instance at 0x151eb41277d0>,6,24,[5 2],9,9,33,0,9
1,<environment.Job instance at 0x151e822ffeb0>,3,1,[1 8],4,4,5,0,4
1,<environment.Job instance at 0x151e826fd050>,4,24,[1 5],5,5,29,0,5
1,<environment.Job instance at 0x151e826fd780>,5,1,[11  1],6,7,8,1,7
1,<environment.Job instance at 0x151e826fd870>,6,21,[8 2],7,13,34,6,13
1,<environment.Job instance at 0x151eba49d050>,7,25,[ 2 13],9,29,54,20,26
1,<environment.Job instance at 0x151eba49ddc0>,1,1,[1 8],2,2,3,0,2
1,<environment.Job instance at 0x151e826fdb40>,2,3,[14  2],3,8,11,5,8
1,<environment.Job instance at 0x151e829f7d70>,7,2,[ 2 13],9,11,13,2,9
1,<environment.Job instance at 0x151e82cf8730>,4,17,[10  2],5,26,43,21,26
1,<environment.Job instance at 0x151e829c6460>,1,2,[ 1 13],4,4,6,0,4
1,<environment.Job instance at 0x151e82db0be0>,5,25,[13  2],7,7,32,0,7
1,<environment.Job instance at 0x151eb9a34b40>,0,25,[6 2],1,2,27,1,2
1,<environment.Job instance at 0x151eb9bd2e60>,5,2,[ 2 10],6,18,20,12,18
1,<environment.Job instance at 0x151e82db0b40>,4,13,[7 1],5,20,33,15,20
1,<environment.Job instance at 0x151e82db0dc0>,3,18,[14  2],4,33,51,29,29
1,<environment.Job instance at 0x151eb9bd2dc0>,7,2,[1 9],8,50,52,42,50
1,<environment.Job instance at 0x151eb9bd2fa0>,6,21,[5 2],7,51,72,44,50
1,<environment.Job instance at 0x151e8231faf0>,2,2,[2 8],6,6,8,0,6
1,<environment.Job instance at 0x151eb9be7780>,1,24,[ 1 14],3,8,32,5,6
1,<environment.Job instance at 0x151e82a8df50>,3,28,[ 2 11],6,6,34,0,6
1,<environment.Job instance at 0x151e82a8dc80>,2,2,[8 1],4,12,14,8,12
1,<environment.Job instance at 0x151e82a8d320>,0,2,[11  1],1,20,22,19,20
1,<environment.Job instance at 0x151e82a8d820>,1,1,[1 5],3,34,35,31,27
1,<environment.Job instance at 0x151eb996c050>,5,14,[6 1],9,31,45,22,31
1,<environment.Job instance at 0x151e82a8d500>,4,27,[1 7],8,34,61,26,32
1,<environment.Job instance at 0x151eb41b70f0>,4,1,[2 9],9,15,16,6,15
1,<environment.Job instance at 0x151ebd7e8960>,2,1,[2 9],5,5,6,0,5
1,<environment.Job instance at 0x151ebd7e8a50>,3,3,[5 1],6,6,9,0,6
1,<environment.Job instance at 0x151ebd7e8140>,0,24,[ 2 13],3,7,31,4,7
1,<environment.Job instance at 0x151eb9b90eb0>,0,1,[5 2],1,2,3,1,2
1,<environment.Job instance at 0x151e82ea0280>,2,3,[13  1],4,4,7,0,4
1,<environment.Job instance at 0x151e82ea0140>,3,3,[2 9],5,5,8,0,5
1,<environment.Job instance at 0x151eb7d57190>,1,28,[7 2],2,3,31,1,3
1,<environment.Job instance at 0x151e82ef55a0>,2,21,[8 2],3,21,42,18,21
1,<environment.Job instance at 0x151ebf74afa0>,1,24,[11  1],5,54,78,49,54
1,<environment.Job instance at 0x151ebf7265a0>,4,1,[ 1 14],9,57,58,48,57
1,<environment.Job instance at 0x151e82881e10>,2,3,[14  1],6,80,83,74,80
1,<environment.Job instance at 0x151e82881500>,3,14,[9 1],7,92,106,85,92
1,<environment.Job instance at 0x151e8263dfa0>,1,1,[7 2],3,5,6,2,5
1,<environment.Job instance at 0x151e8263d870>,6,2,[2 5],9,9,11,0,9
1,<environment.Job instance at 0x151e82cfdaf0>,1,19,[1 6],3,5,24,2,5
1,<environment.Job instance at 0x151eb9aa0910>,3,1,[5 2],6,6,7,0,6
1,<environment.Job instance at 0x151ec0c6db90>,3,28,[9 1],5,6,34,1,6
1,<environment.Job instance at 0x151ebed669b0>,5,24,[ 1 10],8,8,32,0,8
1,<environment.Job instance at 0x151e8253efa0>,3,2,[1 6],6,22,24,16,22
1,<environment.Job instance at 0x151eba56e780>,4,3,[7 1],9,823,826,814,823
1,<environment.Job instance at 0x151ebed669b0>,2,22,[12  2],5,2296,2318,2291,2296
1,<environment.Job instance at 0x151eba56e0a0>,2,1,[2 8],6,6,7,0,6
1,<environment.Job instance at 0x151ebed575f0>,4,26,[1 7],8,14,40,6,14
1,<environment.Job instance at 0x151ec0ce8a50>,2,1,[ 1 13],3,41,42,38,41
1,<environment.Job instance at 0x151e82835b40>,0,20,[ 2 13],1,2,22,1,2
1,<environment.Job instance at 0x151ec0ce8a50>,3,1,[ 2 13],4,22,23,18,4
1,<environment.Job instance at 0x151eb9ac8370>,4,2,[10  2],5,5,7,0,5
1,<environment.Job instance at 0x151eb9ac85f0>,5,3,[1 7],6,23,26,17,6
1,<environment.Job instance at 0x151eb40aa3c0>,6,2,[ 2 10],7,58,60,51,58
1,<environment.Job instance at 0x151eb40aac30>,8,25,[1 5],9,58,83,49,58
1,<environment.Job instance at 0x151eb40aaa50>,7,25,[8 1],8,318,343,310,318
1,<environment.Job instance at 0x151e82e213c0>,0,26,[5 1],1,2,28,1,2
1,<environment.Job instance at 0x151e82f0ec30>,3,25,[7 1],5,5,30,0,5
1,<environment.Job instance at 0x151e82e21d70>,2,2,[11  2],3,30,32,27,12
1,<environment.Job instance at 0x151e82f0e7d0>,4,1,[14  2],6,32,33,26,28
1,<environment.Job instance at 0x151e82f0ed20>,5,13,[10  2],8,63,76,55,63
1,<environment.Job instance at 0x151e82db8e60>,4,3,[13  2],7,206,209,199,206
1,<environment.Job instance at 0x151e82dbc690>,0,1,[1 5],1,3,4,2,3
1,<environment.Job instance at 0x151eb9b7e410>,4,27,[8 1],8,8,35,0,8
1,<environment.Job instance at 0x151eba8b3be0>,4,20,[7 2],7,7,27,0,7
1,<environment.Job instance at 0x151ebec7aaa0>,5,1,[ 1 13],8,20,21,12,20
1,<environment.Job instance at 0x151e82d0e690>,6,1,[ 1 11],9,28,29,19,28
1,<environment.Job instance at 0x151eba8b3820>,2,1,[6 2],3,3,4,0,3
1,<environment.Job instance at 0x151eb9b67640>,3,1,[5 1],4,5,6,1,5
1,<environment.Job instance at 0x151e82896050>,5,1,[1 8],9,9,10,0,9
1,<environment.Job instance at 0x151eb9b67c30>,4,27,[ 2 11],8,23,50,15,23
1,<environment.Job instance at 0x151ebf64d910>,2,1,[ 1 14],3,3,4,0,3
1,<environment.Job instance at 0x151ebf64da00>,4,18,[5 1],6,9,27,3,9
1,<environment.Job instance at 0x151e82f5f780>,1,1,[11  1],2,6,7,4,6
1,<environment.Job instance at 0x151e82b40370>,3,28,[13  1],7,7,35,0,7
1,<environment.Job instance at 0x151e82f5fa00>,0,24,[ 1 13],1,8,32,7,8
1,<environment.Job instance at 0x151e822dc1e0>,5,25,[8 1],9,35,60,26,31
1,<environment.Job instance at 0x151e82f5fc30>,2,26,[2 9],6,290,316,284,290
1,<environment.Job instance at 0x151e82f5fc30>,3,2,[ 2 12],4,4,6,0,4
1,<environment.Job instance at 0x151eba8c92d0>,4,1,[ 1 12],6,6,7,0,6
1,<environment.Job instance at 0x151eba88dbe0>,4,28,[2 6],6,1064,1092,1058,1064
1,<environment.Job instance at 0x151eb404f730>,0,20,[ 2 13],1,22,42,21,22
1,<environment.Job instance at 0x151e82835730>,3,13,[14  2],7,67,80,60,67
1,<environment.Job instance at 0x151e82835c30>,1,1,[ 2 13],2,2,3,0,2
1,<environment.Job instance at 0x151eb4130af0>,5,17,[ 1 13],6,6,23,0,6
1,<environment.Job instance at 0x151eb4130140>,6,13,[6 2],7,46,59,39,46
1,<environment.Job instance at 0x151e828354b0>,4,2,[ 2 11],5,164,166,159,164
1,<environment.Job instance at 0x151eb999dfa0>,2,25,[13  1],4,5,30,1,5
1,<environment.Job instance at 0x151eb999d280>,4,28,[ 1 11],6,18,46,12,18
1,<environment.Job instance at 0x151e826e22d0>,7,20,[ 2 14],9,133,153,124,133
1,<environment.Job instance at 0x151eb999dd70>,3,24,[ 1 10],5,222,246,217,222
1,<environment.Job instance at 0x151eb41306e0>,5,16,[13  2],7,272,288,265,272
1,<environment.Job instance at 0x151eb4130dc0>,0,22,[11  1],1,288,310,287,281
1,<environment.Job instance at 0x151eb4130b90>,1,22,[6 2],2,2,24,0,2
1,<environment.Job instance at 0x151e82f56410>,0,2,[ 1 14],1,24,26,23,6
1,<environment.Job instance at 0x151eb9980140>,6,16,[9 1],8,8,24,0,8
1,<environment.Job instance at 0x151ebec51b40>,7,2,[ 1 13],9,26,28,17,9
1,<environment.Job instance at 0x151eb9980460>,5,27,[1 9],7,47,74,40,47
1,<environment.Job instance at 0x151e82f56d70>,4,1,[8 2],5,57,58,52,57
1,<environment.Job instance at 0x151e82f56f50>,3,27,[ 2 14],4,114,141,110,114
1,<environment.Job instance at 0x151ec107e910>,2,1,[2 8],3,3,4,0,3
1,<environment.Job instance at 0x151ec107e140>,4,24,[13  2],7,13,37,6,13
1,<environment.Job instance at 0x151ec107e550>,5,1,[8 2],8,43,44,35,43
1,<environment.Job instance at 0x151ebec53320>,0,1,[2 5],1,1,2,0,1
1,<environment.Job instance at 0x151e82b25820>,5,2,[8 2],9,38,40,29,38
1,<environment.Job instance at 0x151e82e10690>,4,1,[2 5],8,57,58,49,57
1,<environment.Job instance at 0x151eb41ad280>,0,25,[2 8],1,3,28,2,3
1,<environment.Job instance at 0x151eb4115500>,4,26,[ 2 13],6,28,54,22,25
1,<environment.Job instance at 0x151e828c1690>,2,1,[ 2 10],3,3,4,0,3
1,<environment.Job instance at 0x151e82629140>,1,21,[7 2],2,2,23,0,2
1,<environment.Job instance at 0x151e82b06370>,6,2,[8 1],7,28,30,21,28
1,<environment.Job instance at 0x151e82b065a0>,7,3,[7 2],8,28,31,20,28
1,<environment.Job instance at 0x151e82b065a0>,2,25,[ 2 10],5,6,31,1,6
1,<environment.Job instance at 0x151e82a1f140>,3,25,[5 1],5,5,30,0,5
1,<environment.Job instance at 0x151e82a1fb90>,4,1,[1 5],6,35,36,29,35
1,<environment.Job instance at 0x151e82a1fd70>,2,1,[ 2 11],4,350,351,346,350
1,<environment.Job instance at 0x151e82a1f190>,0,3,[ 2 13],1,497,500,496,497
1,<environment.Job instance at 0x151e829b5050>,1,1,[12  2],3,503,504,500,503
1,<environment.Job instance at 0x151e82b4ecd0>,7,3,[ 2 11],9,40,43,31,40
1,<environment.Job instance at 0x151e824c7f00>,2,1,[ 1 12],3,3,4,0,3
1,<environment.Job instance at 0x151e824c7b90>,4,1,[14  2],5,7,8,2,7
1,<environment.Job instance at 0x151e824c7370>,6,2,[6 1],7,8,10,1,7
1,<environment.Job instance at 0x151e824c7550>,8,25,[ 1 14],9,19,44,10,19
1,<environment.Job instance at 0x151e824c7550>,2,1,[2 6],4,5,6,1,5
1,<environment.Job instance at 0x151e82bdedc0>,5,28,[1 5],8,8,36,0,8
1,<environment.Job instance at 0x151e822a4460>,3,1,[ 1 14],6,35,36,29,35
1,<environment.Job instance at 0x151eb7d4b4b0>,5,3,[10  1],8,47,50,39,47
1,<environment.Job instance at 0x151eb7d4b5a0>,4,12,[10  1],7,63,75,56,63
1,<environment.Job instance at 0x151eb40996e0>,3,3,[ 2 12],5,8,11,3,8
1,<environment.Job instance at 0x151eb4099b90>,5,24,[7 2],9,9,33,0,9
1,<environment.Job instance at 0x151e82f0b730>,1,2,[14  2],3,38,40,35,38
1,<environment.Job instance at 0x151eb9a2c0f0>,3,2,[2 7],7,40,42,33,39
1,<environment.Job instance at 0x151eb9a2c780>,4,3,[1 8],9,50,53,41,50
1,<environment.Job instance at 0x151eba84e0a0>,6,1,[11  1],7,48,49,41,48
1,<environment.Job instance at 0x151eba84e0a0>,2,23,[6 1],5,5,28,0,5
1,<environment.Job instance at 0x151eba84eb90>,1,1,[ 2 11],3,3,4,0,3
1,<environment.Job instance at 0x151eba84e280>,3,18,[5 1],5,5,23,0,5
1,<environment.Job instance at 0x151eb4104820>,5,3,[ 1 10],7,9,12,2,9
1,<environment.Job instance at 0x151e82b4d320>,6,3,[13  2],8,23,26,15,9
1,<environment.Job instance at 0x151eb4104b90>,2,27,[ 2 10],4,12,39,8,10
1,<environment.Job instance at 0x151e82b4d910>,4,26,[14  2],6,39,65,33,36
1,<environment.Job instance at 0x151e82b4d550>,7,17,[2 6],9,65,82,56,54
1,<environment.Job instance at 0x151e82b4d8c0>,1,1,[7 2],3,4,5,1,4
1,<environment.Job instance at 0x151eb99812d0>,3,2,[7 1],6,17,19,11,17
1,<environment.Job instance at 0x151eb9981e10>,4,3,[8 1],8,24,27,16,24
1,<environment.Job instance at 0x151eb9981a50>,0,3,[ 2 11],2,662,665,660,662
1,<environment.Job instance at 0x151e82beb500>,2,23,[14  2],7,7,30,0,7
1,<environment.Job instance at 0x151e82beb5f0>,1,23,[2 9],2,2,25,0,2
1,<environment.Job instance at 0x151ec0c1d9b0>,2,18,[1 5],3,3,21,0,3
1,<environment.Job instance at 0x151e82e5deb0>,3,24,[ 2 14],4,25,49,21,22
1,<environment.Job instance at 0x151eb9ba6dc0>,8,1,[5 2],9,49,50,40,41
1,<environment.Job instance at 0x151eb9ba6af0>,5,2,[ 1 11],6,85,87,79,85
1,<environment.Job instance at 0x151eb9ba6be0>,7,12,[12  2],8,139,151,131,139
1,<environment.Job instance at 0x151eb9b9ba00>,1,26,[8 2],3,3,29,0,3
1,<environment.Job instance at 0x151eb9b9b9b0>,0,23,[1 9],2,10,33,8,10
1,<environment.Job instance at 0x151eba5ee460>,2,3,[2 7],3,16,19,13,16
1,<environment.Job instance at 0x151eba5ee280>,5,28,[11  1],9,16,44,7,16
1,<environment.Job instance at 0x151eba5ee640>,3,26,[ 1 12],4,19,45,15,18
1,<environment.Job instance at 0x151eba5ee320>,4,1,[9 1],6,326,327,320,326
1,<environment.Job instance at 0x151eb94ec370>,2,21,[7 1],5,5,26,0,5
1,<environment.Job instance at 0x151eb94ec050>,3,23,[6 2],6,6,29,0,6
1,<environment.Job instance at 0x151eba5eeeb0>,0,1,[ 1 14],3,29,30,26,8
1,<environment.Job instance at 0x151e82547820>,5,1,[10  1],9,29,30,20,9
1,<environment.Job instance at 0x151eba5ee320>,4,12,[7 2],8,30,42,22,20
1,<environment.Job instance at 0x151ebf6519b0>,3,2,[ 2 10],5,135,137,130,135
1,<environment.Job instance at 0x151eba5ee320>,5,27,[11  2],8,162,189,154,162
1,<environment.Job instance at 0x151ec0c449b0>,1,2,[ 1 11],2,4,6,2,4
1,<environment.Job instance at 0x151ec0c444b0>,4,1,[11  1],5,6,7,1,6
1,<environment.Job instance at 0x151ec0c44640>,3,3,[ 2 11],4,30,33,26,30
1,<environment.Job instance at 0x151eb9a54320>,4,3,[ 1 13],6,369,372,363,369
1,<environment.Job instance at 0x151e822d45f0>,6,15,[11  2],9,402,417,393,402
1,<environment.Job instance at 0x151e822d4f00>,5,3,[5 1],8,504,507,496,504
1,<environment.Job instance at 0x151e82ea21e0>,0,1,[1 5],2,2,3,0,2
1,<environment.Job instance at 0x151ebec7a9b0>,0,1,[8 2],3,3,4,0,3
1,<environment.Job instance at 0x151eba87c050>,1,28,[2 6],4,4,32,0,4
1,<environment.Job instance at 0x151e82667cd0>,4,26,[1 6],7,52,78,45,52
1,<environment.Job instance at 0x151e82667c30>,5,18,[7 2],8,52,70,44,52
1,<environment.Job instance at 0x151e82667af0>,2,26,[11  2],5,595,621,590,595
1,<environment.Job instance at 0x151e8281c280>,3,2,[1 5],5,29,31,24,29
1,<environment.Job instance at 0x151e82452280>,0,2,[ 1 13],1,34,36,33,34
1,<environment.Job instance at 0x151e8281c5f0>,5,2,[12  2],7,34,36,27,34
1,<environment.Job instance at 0x151e8281ca50>,7,3,[8 1],9,36,39,27,34
1,<environment.Job instance at 0x151e8281c550>,6,1,[5 2],8,38,39,30,38
1,<environment.Job instance at 0x151e8281c3c0>,4,24,[8 2],6,67,91,61,67
1,<environment.Job instance at 0x151e82452370>,2,1,[7 1],4,92,93,88,92
1,<environment.Job instance at 0x151e8281c780>,1,27,[8 2],3,3,30,0,3
1,<environment.Job instance at 0x151e8268adc0>,4,1,[6 1],9,9,10,0,9
1,<environment.Job instance at 0x151eb4172f00>,3,26,[1 5],8,20,46,12,20
1,<environment.Job instance at 0x151e826820a0>,1,3,[1 7],2,2,5,0,2
1,<environment.Job instance at 0x151e82682190>,3,23,[13  1],4,4,27,0,4
1,<environment.Job instance at 0x151e82ef4d20>,6,22,[8 1],9,27,49,18,22
1,<environment.Job instance at 0x151e82ef4050>,4,22,[ 2 12],5,108,130,103,108
1,<environment.Job instance at 0x151e82682140>,0,28,[ 1 13],1,544,572,543,544
1,<environment.Job instance at 0x151e82efd370>,4,24,[7 1],5,5,29,0,5
1,<environment.Job instance at 0x151e82efd5a0>,7,3,[ 1 13],9,276,279,267,276
1,<environment.Job instance at 0x151e8288fa50>,6,3,[8 2],7,370,373,363,370
1,<environment.Job instance at 0x151eb99b70f0>,0,1,[ 1 12],1,1,2,0,1
1,<environment.Job instance at 0x151ebf63dc30>,1,25,[5 1],2,3,28,1,3
1,<environment.Job instance at 0x151eb99b78c0>,3,24,[5 1],5,5,29,0,5
1,<environment.Job instance at 0x151eb99b74b0>,4,1,[5 1],6,6,7,0,6
1,<environment.Job instance at 0x151eb9aa8c30>,5,21,[9 2],7,20,41,13,20
1,<environment.Job instance at 0x151ebf746050>,3,22,[2 8],4,31,53,27,31
1,<environment.Job instance at 0x151e822ff780>,0,3,[12  1],1,82,85,81,82
1,<environment.Job instance at 0x151eb9aa84b0>,6,13,[11  2],9,91,104,82,91
1,<environment.Job instance at 0x151eb9981500>,4,15,[ 1 10],6,120,135,114,120
1,<environment.Job instance at 0x151ebf746280>,2,13,[1 5],3,257,270,254,257
1,<environment.Job instance at 0x151eb9aa8730>,1,2,[2 5],3,3,5,0,3
1,<environment.Job instance at 0x151ebed17870>,4,22,[ 1 10],6,6,28,0,6
1,<environment.Job instance at 0x151ebed17960>,5,27,[6 1],7,7,34,0,7
1,<environment.Job instance at 0x151ebed232d0>,2,23,[1 6],4,4,27,0,4
1,<environment.Job instance at 0x151ebed23eb0>,0,22,[2 6],1,4,26,3,4
1,<environment.Job instance at 0x151e82ca3320>,3,16,[12  2],5,9,25,4,9
1,<environment.Job instance at 0x151e82ca3eb0>,6,1,[1 5],9,10,11,1,10
1,<environment.Job instance at 0x151e82ca39b0>,4,25,[ 1 11],6,13,38,7,13
1,<environment.Job instance at 0x151e82c29b90>,1,27,[11  2],3,115,142,112,115
1,<environment.Job instance at 0x151e82ca3410>,5,2,[1 5],8,134,136,126,134
1,<environment.Job instance at 0x151e82c29910>,1,26,[13  2],2,2,28,0,2
1,<environment.Job instance at 0x151e82ba8550>,1,20,[6 1],2,2,22,0,2
1,<environment.Job instance at 0x151e82ba82d0>,0,25,[1 7],1,6,31,5,6
1,<environment.Job instance at 0x151e822ac4b0>,6,19,[1 5],8,8,27,0,8
1,<environment.Job instance at 0x151e822b5e10>,0,19,[6 2],2,7,26,5,7
1,<environment.Job instance at 0x151ebed39fa0>,0,1,[13  1],2,69,70,67,69
1,<environment.Job instance at 0x151eb9bd20f0>,1,24,[5 2],2,2,26,0,2
1,<environment.Job instance at 0x151ec0c68d70>,4,27,[2 6],7,88,115,81,88
1,<environment.Job instance at 0x151ec0c680a0>,5,21,[2 7],8,88,109,80,88
1,<environment.Job instance at 0x151ec0c68500>,3,3,[11  2],5,150,153,145,150
1,<environment.Job instance at 0x151eb9bd2f00>,0,24,[12  2],1,1149,1173,1148,1149
1,<environment.Job instance at 0x151eb4127910>,0,1,[7 2],3,4,5,1,4
1,<environment.Job instance at 0x151eb40da6e0>,2,28,[8 2],5,5,33,0,5
1,<environment.Job instance at 0x151e8281c730>,4,1,[ 2 12],7,7,8,0,7
1,<environment.Job instance at 0x151eba5f4cd0>,5,25,[1 7],9,11,36,2,11
1,<environment.Job instance at 0x151e827abdc0>,1,21,[2 6],3,3,24,0,3
1,<environment.Job instance at 0x151e82dc4b90>,0,2,[1 7],1,2,4,1,2
1,<environment.Job instance at 0x151e827ab230>,3,1,[1 9],5,5,6,0,5
1,<environment.Job instance at 0x151e82dc4b40>,2,26,[1 9],4,8,34,4,8
1,<environment.Job instance at 0x151e82f64b90>,2,28,[7 1],7,7,35,0,7
1,<environment.Job instance at 0x151ec1065e10>,1,19,[10  2],2,7,26,5,7
1,<environment.Job instance at 0x151eb9bc4d70>,6,1,[6 1],8,26,27,18,8
1,<environment.Job instance at 0x151eb7f98e60>,1,23,[ 1 12],5,5,28,0,5
1,<environment.Job instance at 0x151e82555a50>,2,2,[2 7],9,28,30,19,9
1,<environment.Job instance at 0x151e82c19b90>,0,1,[ 1 14],2,18,19,16,18
1,<environment.Job instance at 0x151e82c19190>,3,1,[5 2],6,19,20,13,18
1,<environment.Job instance at 0x151e82c19820>,4,15,[1 9],8,108,123,100,108
1,<environment.Job instance at 0x151e82c19f50>,1,24,[ 1 13],4,501,525,497,501
1,<environment.Job instance at 0x151e82c19230>,2,2,[10  2],5,525,527,520,525
1,<environment.Job instance at 0x151e82895e60>,1,15,[8 1],3,6,21,3,6
1,<environment.Job instance at 0x151eb40ef460>,0,22,[11  2],2,21,43,19,15
1,<environment.Job instance at 0x151ebf61da50>,3,2,[10  1],5,43,45,38,22
1,<environment.Job instance at 0x151ebf61d230>,2,2,[ 1 14],4,43,45,39,37
1,<environment.Job instance at 0x151e823995f0>,4,1,[ 1 12],6,45,46,39,45
1,<environment.Job instance at 0x151e82566c80>,2,1,[9 1],4,75,76,71,75
1,<environment.Job instance at 0x151e82b251e0>,5,14,[ 2 14],8,238,252,230,238
1,<environment.Job instance at 0x151e82b25960>,6,3,[2 7],9,703,706,694,703
1,<environment.Job instance at 0x151eb9a70c30>,1,26,[5 1],6,6,32,0,6
1,<environment.Job instance at 0x151e8229cd20>,6,19,[6 1],9,19,38,10,19
1,<environment.Job instance at 0x151eba8582d0>,5,12,[9 1],8,100,112,92,100
1,<environment.Job instance at 0x151eba624500>,4,3,[12  1],6,6,9,0,6
1,<environment.Job instance at 0x151eba4c78c0>,6,23,[8 2],9,11,34,2,11
1,<environment.Job instance at 0x151e82e2a9b0>,0,1,[1 7],1,1,2,0,1
1,<environment.Job instance at 0x151eb88b6a00>,4,26,[6 1],7,7,33,0,7
1,<environment.Job instance at 0x151eb88b6190>,5,27,[1 6],8,20,47,12,20
1,<environment.Job instance at 0x151e8258dd70>,3,21,[5 2],8,286,307,278,286
1,<environment.Job instance at 0x151e8258d910>,4,27,[ 1 13],9,2215,2242,2206,2215
1,<environment.Job instance at 0x151e8258db40>,5,1,[ 1 12],7,9,10,2,9
1,<environment.Job instance at 0x151e8260a2d0>,0,3,[12  1],1,10,13,9,10
1,<environment.Job instance at 0x151e8258dc80>,3,2,[1 6],4,22,24,18,22
1,<environment.Job instance at 0x151e8232e5a0>,4,2,[12  2],6,28,30,22,28
1,<environment.Job instance at 0x151e82edfd20>,4,2,[ 1 13],7,13,15,6,13
1,<environment.Job instance at 0x151e82edfb90>,6,2,[ 2 10],9,18,20,9,18
1,<environment.Job instance at 0x151e82edff00>,5,1,[ 1 10],8,20,21,12,18
1,<environment.Job instance at 0x151ec0cb13c0>,3,1,[1 5],6,487,488,481,487
1,<environment.Job instance at 0x151ec1076fa0>,1,3,[13  2],4,1070,1073,1066,1070
1,<environment.Job instance at 0x151ebf600a00>,2,20,[11  1],4,4,24,0,4
1,<environment.Job instance at 0x151ec0cb1b90>,1,2,[5 1],3,24,26,21,5
1,<environment.Job instance at 0x151ec1076fa0>,4,3,[7 2],6,24,27,18,6
1,<environment.Job instance at 0x151e823b5af0>,5,2,[8 1],7,26,28,19,7
1,<environment.Job instance at 0x151e823b58c0>,6,2,[ 2 10],8,8,10,0,8
1,<environment.Job instance at 0x151e823b5b90>,7,19,[ 1 13],9,521,540,512,521
1,<environment.Job instance at 0x151eba4eb7d0>,3,3,[2 9],8,334,337,326,334
1,<environment.Job instance at 0x151eba4ebaf0>,4,3,[9 1],9,679,682,670,679
1,<environment.Job instance at 0x151e8237f3c0>,2,26,[13  2],6,1076,1102,1070,1076
1,<environment.Job instance at 0x151eb9ac7c80>,1,1,[14  1],8,13,14,5,13
1,<environment.Job instance at 0x151ebecfe730>,2,1,[ 2 14],9,20,21,11,20
1,<environment.Job instance at 0x151ebecfe730>,2,1,[12  1],4,6,7,2,6
1,<environment.Job instance at 0x151ec0c29f50>,2,27,[5 1],4,5,32,1,5
1,<environment.Job instance at 0x151eba4c1370>,4,20,[10  1],6,12,32,6,12
1,<environment.Job instance at 0x151eba4c1e60>,6,18,[8 1],8,32,50,24,24
1,<environment.Job instance at 0x151eba4c14b0>,3,18,[5 2],5,32,50,27,31
1,<environment.Job instance at 0x151eba4c16e0>,7,12,[10  2],9,50,62,41,48
1,<environment.Job instance at 0x151ec0c29820>,0,2,[14  1],2,62,64,60,57
1,<environment.Job instance at 0x151eba4c1870>,5,28,[ 2 13],7,71,99,64,71
1,<environment.Job instance at 0x151e82c29190>,1,24,[7 1],3,4,28,1,4
1,<environment.Job instance at 0x151ebf6a7a50>,7,23,[2 9],9,16,39,7,16
1,<environment.Job instance at 0x151ebf6a7870>,5,13,[8 2],6,24,37,18,24
1,<environment.Job instance at 0x151ebf6a72d0>,3,1,[11  1],4,37,38,33,35
1,<environment.Job instance at 0x151ebf6a7eb0>,6,3,[2 5],7,37,40,30,35
1,<environment.Job instance at 0x151ebf6a7e60>,4,25,[1 6],5,92,117,87,92
1,<environment.Job instance at 0x151ec0cb4a00>,2,19,[7 2],3,5,24,2,5
1,<environment.Job instance at 0x151ec0cb4fa0>,5,3,[9 1],8,24,27,16,8
1,<environment.Job instance at 0x151eb40f8eb0>,4,18,[12  2],5,15,33,10,15
1,<environment.Job instance at 0x151eb8230410>,7,3,[ 2 10],9,19,22,10,19
1,<environment.Job instance at 0x151eb8230550>,3,17,[7 1],4,33,50,29,25
1,<environment.Job instance at 0x151eb8230be0>,6,3,[ 1 12],8,25,28,17,25
1,<environment.Job instance at 0x151eb82307d0>,5,1,[6 1],7,68,69,61,68
1,<environment.Job instance at 0x151ebec58640>,0,1,[9 2],1,1,2,0,1
1,<environment.Job instance at 0x151e82e62280>,1,28,[9 1],2,2,30,0,2
1,<environment.Job instance at 0x151e82cf2410>,1,1,[1 6],5,15,16,10,15
1,<environment.Job instance at 0x151e82e88820>,3,1,[11  1],8,634,635,626,634
1,<environment.Job instance at 0x151e82cf2960>,2,21,[ 2 10],7,1257,1278,1250,1257
1,<environment.Job instance at 0x151e82cf2be0>,4,2,[ 1 12],9,1407,1409,1398,1407
1,<environment.Job instance at 0x151e82e3a5a0>,7,2,[8 2],9,901,903,892,901
1,<environment.Job instance at 0x151e82e3a4b0>,6,3,[10  2],8,2417,2420,2409,2417
1,<environment.Job instance at 0x151e82640dc0>,1,26,[6 2],4,5,31,1,5
1,<environment.Job instance at 0x151e82640690>,2,28,[9 1],5,28,56,23,28
1,<environment.Job instance at 0x151e8296a5a0>,0,1,[1 6],1,1,2,0,1
1,<environment.Job instance at 0x151e82640690>,3,1,[1 8],4,4,5,0,4
1,<environment.Job instance at 0x151e82681e10>,4,1,[8 2],5,6,7,1,6
1,<environment.Job instance at 0x151e8296a230>,2,3,[1 5],3,8,11,5,8
1,<environment.Job instance at 0x151e826404b0>,1,1,[11  2],2,9,10,7,9
1,<environment.Job instance at 0x151e82681a00>,7,1,[14  1],9,14,15,5,14
1,<environment.Job instance at 0x151e827e8dc0>,5,3,[2 8],6,34,37,28,34
1,<environment.Job instance at 0x151e829205f0>,5,2,[5 1],7,1280,1282,1273,1280
1,<environment.Job instance at 0x151e82920230>,4,14,[11  2],6,1464,1478,1458,1464
1,<environment.Job instance at 0x151e826b0910>,2,13,[7 1],4,4,17,0,4
1,<environment.Job instance at 0x151e826b0a00>,0,2,[11  2],2,26,28,24,26
1,<environment.Job instance at 0x151ec0c1e050>,3,1,[1 7],5,12,13,7,12
1,<environment.Job instance at 0x151ec17d3d70>,4,14,[2 7],9,23,37,14,23
1,<environment.Job instance at 0x151eb9c02550>,1,3,[ 2 14],2,308,311,306,308
1,<environment.Job instance at 0x151e82aa7dc0>,4,3,[6 1],7,10,13,3,10
1,<environment.Job instance at 0x151e82e1e640>,2,27,[11  1],7,14,41,7,14
1,<environment.Job instance at 0x151e82e1e280>,4,22,[7 2],9,2901,2923,2892,2901
1,<environment.Job instance at 0x151ebf6c6eb0>,5,26,[9 2],8,9,35,1,9
1,<environment.Job instance at 0x151ebf6c6e10>,3,3,[12  2],4,1060,1063,1056,1060
1,<environment.Job instance at 0x151ebf6c61e0>,4,1,[11  1],6,6,7,0,6
1,<environment.Job instance at 0x151eb4103550>,2,15,[14  1],5,5,20,0,5
1,<environment.Job instance at 0x151eb7d4d910>,3,2,[7 1],6,20,22,14,8
1,<environment.Job instance at 0x151eb7d4da00>,4,15,[1 7],8,17,32,9,17
1,<environment.Job instance at 0x151eb9b57280>,1,23,[ 2 13],3,32,55,29,29
1,<environment.Job instance at 0x151eb9b579b0>,0,22,[ 1 14],1,55,77,54,52
1,<environment.Job instance at 0x151ebf69f550>,2,17,[11  1],5,153,170,148,153
1,<environment.Job instance at 0x151ebf69fb90>,3,19,[12  2],7,170,189,163,160
1,<environment.Job instance at 0x151eb88a9140>,4,3,[14  2],8,1653,1656,1645,1653
1,<environment.Job instance at 0x151e82a24cd0>,1,19,[7 2],4,5,24,1,5
1,<environment.Job instance at 0x151e82a24be0>,5,2,[14  1],9,24,26,15,14
1,<environment.Job instance at 0x151e82a24190>,2,19,[1 5],5,57,76,52,57
1,<environment.Job instance at 0x151e82bf6b90>,5,22,[8 1],7,7,29,0,7
1,<environment.Job instance at 0x151e82bf68c0>,3,3,[1 7],5,9,12,4,9
1,<environment.Job instance at 0x151e82bf6a00>,7,14,[13  2],9,29,43,20,14
1,<environment.Job instance at 0x151e82bf6d70>,0,3,[13  1],2,43,46,41,18
1,<environment.Job instance at 0x151e82bf6dc0>,4,1,[8 2],6,46,47,40,41
1,<environment.Job instance at 0x151e82bf6e60>,2,12,[11  2],4,178,190,174,178
1,<environment.Job instance at 0x151e8248b050>,0,2,[ 2 12],1,1,3,0,1
1,<environment.Job instance at 0x151e82bf6e60>,2,16,[14  1],4,4,20,0,4
1,<environment.Job instance at 0x151e82a200a0>,3,20,[10  1],5,20,40,15,11
1,<environment.Job instance at 0x151e82a20d20>,5,2,[5 1],9,27,29,18,27
1,<environment.Job instance at 0x151e82f14cd0>,0,1,[1 7],1,1,2,0,1
1,<environment.Job instance at 0x151e82f140a0>,4,2,[ 2 10],5,8,10,3,8
1,<environment.Job instance at 0x151e8248b0f0>,2,2,[ 1 13],3,12,14,9,12
1,<environment.Job instance at 0x151e8284a190>,3,2,[8 1],4,166,168,162,166
1,<environment.Job instance at 0x151e82e62320>,8,1,[1 6],9,183,184,174,183
1,<environment.Job instance at 0x151ec183eb90>,0,1,[5 2],2,3,4,1,3
1,<environment.Job instance at 0x151e82e62190>,2,2,[2 7],5,5,7,0,5
1,<environment.Job instance at 0x151eb4065be0>,1,22,[1 5],4,5,27,1,5
1,<environment.Job instance at 0x151e82906f50>,4,22,[2 9],9,15,37,6,15
1,<environment.Job instance at 0x151ec183ecd0>,0,24,[5 1],2,4,28,2,4
1,<environment.Job instance at 0x151e825b7190>,3,2,[8 2],6,7,9,1,7
1,<environment.Job instance at 0x151e825b7fa0>,4,2,[ 2 11],7,20,22,13,20
1,<environment.Job instance at 0x151ebf6bc460>,2,1,[11  2],4,4,5,0,4
1,<environment.Job instance at 0x151e8280a410>,4,22,[7 2],6,6,28,0,6
1,<environment.Job instance at 0x151e8280afa0>,5,1,[ 1 11],7,14,15,7,14
1,<environment.Job instance at 0x151e8280a230>,6,2,[14  2],8,28,30,20,28
1,<environment.Job instance at 0x151e82744dc0>,0,27,[2 5],2,2,29,0,2
1,<environment.Job instance at 0x151e82280f00>,4,3,[12  2],9,37,40,28,37
1,<environment.Job instance at 0x151e8280a230>,1,3,[13  1],5,1261,1264,1256,1261
1,<environment.Job instance at 0x151eb9bdf550>,2,3,[14  2],5,14,17,9,14
1,<environment.Job instance at 0x151eb9bdf4b0>,4,12,[1 5],8,14,26,6,14
1,<environment.Job instance at 0x151eb9bdf320>,5,27,[12  1],9,17,44,8,16
1,<environment.Job instance at 0x151eb9bdfcd0>,0,3,[ 1 14],3,314,317,311,314
1,<environment.Job instance at 0x151ebf6a7fa0>,1,16,[7 1],4,4,20,0,4
1,<environment.Job instance at 0x151ebf6e9870>,5,25,[ 2 14],9,2453,2478,2444,2453
1,<environment.Job instance at 0x151eb7f93410>,3,1,[ 2 14],5,5,6,0,5
1,<environment.Job instance at 0x151eb7f93d70>,2,27,[ 2 13],3,7,34,4,7
1,<environment.Job instance at 0x151eb9952e10>,5,26,[6 2],7,7,33,0,7
1,<environment.Job instance at 0x151eb9942640>,2,1,[ 1 12],3,15,16,12,15
1,<environment.Job instance at 0x151e828e45f0>,1,25,[7 2],2,2,27,0,2
1,<environment.Job instance at 0x151e82741320>,4,26,[ 1 10],8,9,35,1,9
1,<environment.Job instance at 0x151eba932aa0>,0,28,[ 2 14],1,4,32,3,4
1,<environment.Job instance at 0x151e82cecd20>,6,1,[1 8],9,249,250,240,249
1,<environment.Job instance at 0x151e82cecd70>,4,3,[12  2],6,799,802,793,799
1,<environment.Job instance at 0x151e82741320>,2,1,[14  2],4,802,803,798,802
1,<environment.Job instance at 0x151eb9931460>,0,1,[ 2 10],1,1,2,0,1
1,<environment.Job instance at 0x151eb9518370>,3,17,[ 2 13],4,2012,2029,2008,2012
1,<environment.Job instance at 0x151ebed39eb0>,7,27,[8 2],8,13,40,5,13
1,<environment.Job instance at 0x151eb998db90>,3,2,[14  2],4,43,45,39,43
1,<environment.Job instance at 0x151ec0c29b90>,0,22,[2 7],3,8,30,5,8
1,<environment.Job instance at 0x151ec0c29b90>,2,2,[2 6],5,5,7,0,5
1,<environment.Job instance at 0x151e82ae7870>,3,23,[9 1],6,9,32,3,9
1,<environment.Job instance at 0x151e82f73d70>,4,3,[ 1 13],8,186,189,178,186
1,<environment.Job instance at 0x151eba8fbd70>,2,3,[12  2],3,5,8,2,5
1,<environment.Job instance at 0x151eba8fbeb0>,5,16,[5 1],8,8,24,0,8
1,<environment.Job instance at 0x151eba8fb190>,6,1,[ 1 11],9,10,11,1,10
1,<environment.Job instance at 0x151eba8fb0f0>,3,17,[ 2 12],4,65,82,61,65
1,<environment.Job instance at 0x151eba8fbe10>,0,1,[11  1],1,84,85,83,84
1,<environment.Job instance at 0x151eba8fb780>,4,25,[2 8],5,94,119,89,94
1,<environment.Job instance at 0x151eba8fba00>,1,1,[7 2],3,4,5,1,4
1,<environment.Job instance at 0x151e82590500>,3,1,[ 1 10],5,5,6,0,5
1,<environment.Job instance at 0x151e82590c80>,2,1,[1 8],4,18,19,14,18
1,<environment.Job instance at 0x151e82bbe460>,1,25,[7 1],3,3,28,0,3
1,<environment.Job instance at 0x151ec0c29050>,0,27,[2 7],2,5,32,3,5
1,<environment.Job instance at 0x151e82bbe0a0>,3,26,[ 1 11],6,32,58,26,30
1,<environment.Job instance at 0x151e828697d0>,1,19,[14  2],5,9,28,4,9
1,<environment.Job instance at 0x151e825fe4b0>,3,21,[10  2],9,28,49,19,20
1,<environment.Job instance at 0x151e825feeb0>,0,3,[ 2 11],1,844,847,843,844
1,<environment.Job instance at 0x151e82db80f0>,5,26,[12  2],7,671,697,664,671
1,<environment.Job instance at 0x151e8232ed20>,0,1,[2 8],1,1,2,0,1
1,<environment.Job instance at 0x151e82db8d20>,1,1,[14  1],2,3,4,1,3
1,<environment.Job instance at 0x151e8232e230>,5,2,[14  2],7,7,9,0,7
1,<environment.Job instance at 0x151e8232e820>,6,1,[9 1],9,9,10,0,9
1,<environment.Job instance at 0x151eb40eff50>,3,23,[ 1 11],4,5,28,1,5
1,<environment.Job instance at 0x151eb40efcd0>,5,1,[1 9],6,28,29,22,6
1,<environment.Job instance at 0x151eb40c2d20>,6,17,[1 5],8,28,45,20,17
1,<environment.Job instance at 0x151ebf748af0>,1,1,[13  1],2,4,5,2,4
1,<environment.Job instance at 0x151eb40c8dc0>,5,2,[13  2],7,11,13,4,11
1,<environment.Job instance at 0x151e825d85a0>,2,2,[13  1],3,3,5,0,3
1,<environment.Job instance at 0x151eb9c01500>,1,1,[5 1],3,3,4,0,3
1,<environment.Job instance at 0x151e829325a0>,1,23,[8 1],2,2,25,0,2
1,<environment.Job instance at 0x151e82911460>,4,25,[ 1 12],5,51,76,46,51
1,<environment.Job instance at 0x151e82757460>,5,1,[1 9],6,76,77,70,68
1,<environment.Job instance at 0x151e82911690>,2,2,[11  1],3,106,108,103,106
1,<environment.Job instance at 0x151e82757730>,8,2,[ 1 13],9,110,112,101,110
1,<environment.Job instance at 0x151e822085f0>,4,13,[7 2],5,13,26,8,13
1,<environment.Job instance at 0x151e82208b40>,3,2,[8 2],4,285,287,281,285
1,<environment.Job instance at 0x151e82762410>,2,3,[ 1 13],3,2883,2886,2880,2883
1,<environment.Job instance at 0x151e82762410>,2,22,[5 2],4,6,28,2,6
1,<environment.Job instance at 0x151eb9aa8910>,5,1,[2 5],8,163,164,155,163
1,<environment.Job instance at 0x151e82dbb910>,6,12,[2 5],9,680,692,671,680
1,<environment.Job instance at 0x151eb825b2d0>,1,28,[8 1],3,3,31,0,3
1,<environment.Job instance at 0x151eb8238f00>,5,1,[ 1 13],7,20,21,13,20
1,<environment.Job instance at 0x151e825df500>,6,1,[2 7],8,32,33,24,32
1,<environment.Job instance at 0x151eb8238820>,1,26,[5 2],4,7,33,3,7
1,<environment.Job instance at 0x151e82787690>,2,24,[9 2],4,4,28,0,4
1,<environment.Job instance at 0x151e82787320>,0,26,[ 1 14],1,30,56,29,30
1,<environment.Job instance at 0x151ebf705050>,2,21,[5 1],3,3,24,0,3
1,<environment.Job instance at 0x151eb9942a50>,5,20,[8 1],7,14,34,7,14
1,<environment.Job instance at 0x151eb99426e0>,6,17,[11  2],8,36,53,28,36
1,<environment.Job instance at 0x151eb9942370>,7,3,[14  2],9,123,126,114,123
1,<environment.Job instance at 0x151e823248c0>,0,24,[5 1],1,1,25,0,1
1,<environment.Job instance at 0x151eb9942370>,2,23,[2 9],6,7,30,1,7
1,<environment.Job instance at 0x151e82e9d460>,3,26,[7 2],4,4,30,0,4
1,<environment.Job instance at 0x151e82e9d320>,4,25,[1 5],5,5,30,0,5
1,<environment.Job instance at 0x151ebf72fa50>,1,1,[1 9],2,2,3,0,2
1,<environment.Job instance at 0x151e82d8db40>,1,2,[1 7],3,3,5,0,3
1,<environment.Job instance at 0x151eb9b68b90>,0,23,[1 6],2,3,26,1,3
1,<environment.Job instance at 0x151e82d8d5a0>,6,19,[7 2],9,15,34,6,15
1,<environment.Job instance at 0x151e822f8e10>,0,20,[2 5],2,3,23,1,3
1,<environment.Job instance at 0x151e82bb58c0>,4,1,[12  1],8,22,23,14,22
1,<environment.Job instance at 0x151e82e6a050>,1,2,[6 1],2,2,4,0,2
1,<environment.Job instance at 0x151ec0c794b0>,5,18,[12  1],6,19,37,13,19
1,<environment.Job instance at 0x151ec0c79690>,7,3,[1 7],9,20,23,11,20
1,<environment.Job instance at 0x151ec0c795f0>,6,3,[5 1],8,91,94,83,91
1,<environment.Job instance at 0x151e82e6ab90>,3,1,[ 1 11],4,583,584,579,583
1,<environment.Job instance at 0x151e82e6a5f0>,4,1,[2 5],5,1874,1875,1869,1874
1,<environment.Job instance at 0x151e82cd8500>,6,2,[ 1 14],9,9,11,0,9
1,<environment.Job instance at 0x151e82cd8320>,3,23,[2 7],6,11,34,5,9
1,<environment.Job instance at 0x151e82d588c0>,0,1,[7 2],1,1,2,0,1
1,<environment.Job instance at 0x151eb7f75aa0>,6,3,[1 9],9,27,30,18,27
1,<environment.Job instance at 0x151eb7f753c0>,4,3,[14  1],7,149,152,142,149
1,<environment.Job instance at 0x151eb7d3bbe0>,4,1,[ 1 12],8,9,10,1,9
1,<environment.Job instance at 0x151eb41a22d0>,0,1,[9 1],1,1,2,0,1
1,<environment.Job instance at 0x151ebf659460>,4,22,[13  1],5,143,165,138,143
1,<environment.Job instance at 0x151ebf659f50>,5,1,[9 2],6,2462,2463,2456,2462
1,<environment.Job instance at 0x151e82c04370>,2,21,[10  1],3,3,24,0,3
1,<environment.Job instance at 0x151ebf659f00>,1,1,[11  2],2,24,25,22,4
1,<environment.Job instance at 0x151e82662410>,5,2,[2 9],7,7,9,0,7
1,<environment.Job instance at 0x151eb7f710f0>,0,20,[1 6],1,2,22,1,2
1,<environment.Job instance at 0x151e82662410>,2,3,[ 2 10],3,22,25,19,3
1,<environment.Job instance at 0x151eb7f71e60>,3,1,[10  1],4,4,5,0,4
1,<environment.Job instance at 0x151e8273bdc0>,2,18,[14  1],3,3,21,0,3
1,<environment.Job instance at 0x151e8273b8c0>,4,22,[11  1],7,21,43,14,14
1,<environment.Job instance at 0x151e8273b5f0>,5,13,[2 6],9,21,34,12,15
1,<environment.Job instance at 0x151ec0c1ddc0>,3,2,[ 1 12],5,18,20,13,18
1,<environment.Job instance at 0x151ec0c1d550>,0,21,[13  2],1,1244,1265,1243,1244
1,<environment.Job instance at 0x151ebbb7bc80>,2,1,[2 5],4,4,5,0,4
1,<environment.Job instance at 0x151ebec53910>,3,16,[9 1],7,7,23,0,7
1,<environment.Job instance at 0x151eb9b67f00>,1,25,[ 2 11],2,50,75,48,50
1,<environment.Job instance at 0x151ebec53a00>,1,16,[ 1 12],2,3,19,1,3
1,<environment.Job instance at 0x151eba8cd280>,3,2,[5 1],4,4,6,0,4
1,<environment.Job instance at 0x151e8231bc30>,4,14,[1 7],5,19,33,14,5
1,<environment.Job instance at 0x151e8231bd20>,5,12,[ 1 11],6,33,45,27,16
1,<environment.Job instance at 0x151e8231bd70>,7,16,[5 1],8,30,46,22,30
1,<environment.Job instance at 0x151e8231beb0>,8,3,[7 2],9,31,34,22,31
1,<environment.Job instance at 0x151eb9b67f00>,6,12,[9 2],7,45,57,38,45
1,<environment.Job instance at 0x151e8232baa0>,1,1,[ 1 11],3,3,4,0,3
1,<environment.Job instance at 0x151e82839aa0>,2,27,[ 1 10],4,5,32,1,5
1,<environment.Job instance at 0x151e82839d20>,4,2,[5 1],6,6,8,0,6
1,<environment.Job instance at 0x151e82839af0>,5,2,[ 2 13],7,32,34,25,7
1,<environment.Job instance at 0x151e82839870>,6,1,[10  1],8,8,9,0,8
1,<environment.Job instance at 0x151e82839410>,7,27,[1 9],9,34,61,25,32
1,<environment.Job instance at 0x151e82f29e10>,2,1,[1 6],5,5,6,0,5
1,<environment.Job instance at 0x151e82f29aa0>,0,27,[ 1 13],1,6,33,5,6
1,<environment.Job instance at 0x151e82f29af0>,4,24,[9 2],8,8,32,0,8
1,<environment.Job instance at 0x151e82f29230>,5,23,[6 2],9,32,55,23,27
1,<environment.Job instance at 0x151e82f293c0>,3,2,[14  2],6,55,57,49,54
1,<environment.Job instance at 0x151eb8265be0>,1,22,[10  1],4,4,26,0,4
1,<environment.Job instance at 0x151e823e8f00>,5,1,[ 2 14],9,18,19,9,18
1,<environment.Job instance at 0x151e82c69640>,0,25,[11  2],1,466,491,465,466
1,<environment.Job instance at 0x151e8256f2d0>,3,27,[9 1],8,16,43,8,16
1,<environment.Job instance at 0x151e8256fdc0>,0,2,[ 1 14],2,3,5,1,3
1,<environment.Job instance at 0x151eb9aba550>,0,21,[7 2],1,1,22,0,1
1,<environment.Job instance at 0x151eb9aba410>,4,3,[ 1 13],6,6,9,0,6
1,<environment.Job instance at 0x151eb9abaeb0>,1,26,[1 9],2,9,35,7,7
1,<environment.Job instance at 0x151eb9abafa0>,7,1,[11  2],9,22,23,13,9
1,<environment.Job instance at 0x151e827abb40>,2,26,[9 1],4,104,130,100,104
1,<environment.Job instance at 0x151e827bc4b0>,2,2,[1 9],3,4,6,1,4
1,<environment.Job instance at 0x151e82a752d0>,1,27,[5 2],2,18,45,16,18
1,<environment.Job instance at 0x151ebedb2d70>,3,22,[6 1],6,6,28,0,6
1,<environment.Job instance at 0x151eb413f550>,2,21,[ 2 10],5,7,28,2,7
1,<environment.Job instance at 0x151ebedb2c80>,4,25,[12  1],7,28,53,21,25
