iteration,job object,job ID,job Length,job ressource requirement,job enter time,job start time,job finish time,job waiting time,current time
1,<environment.Job instance at 0x151ec19afb40>,2,1,[2 5],3,5,6,2,3
1,<environment.Job instance at 0x151eb7d4ab40>,5,3,[9 2],6,6,9,0,6
1,<environment.Job instance at 0x151eb7d4af00>,6,18,[8 1],7,9,27,2,9
1,<environment.Job instance at 0x151eb88b0780>,0,2,[6 1],1,1,3,0,1
1,<environment.Job instance at 0x151eb7d4d140>,3,25,[1 8],4,134,159,130,134
1,<environment.Job instance at 0x151e82c2c0f0>,1,1,[2 7],3,3,4,0,3
1,<environment.Job instance at 0x151e82c2c410>,2,2,[2 7],4,4,6,0,4
1,<environment.Job instance at 0x151e82c2c4b0>,3,2,[2 7],5,6,8,1,5
1,<environment.Job instance at 0x151e82c1ca50>,5,15,[2 9],8,8,23,0,8
1,<environment.Job instance at 0x151eb40f4f50>,2,1,[10  1],4,4,5,0,4
1,<environment.Job instance at 0x151e82953410>,4,3,[1 8],6,6,9,0,6
1,<environment.Job instance at 0x151eb40b86e0>,5,3,[2 8],8,9,12,1,9
1,<environment.Job instance at 0x151eb9b8f5a0>,0,2,[6 1],1,1,3,0,1
1,<environment.Job instance at 0x151eb9b8f9b0>,1,2,[1 5],2,2,4,0,2
1,<environment.Job instance at 0x151eb9b8f410>,2,16,[2 5],3,5,21,2,5
1,<environment.Job instance at 0x151eb9be51e0>,3,1,[10  2],6,21,22,15,6
1,<environment.Job instance at 0x151eb9bf9eb0>,5,15,[2 9],9,455,470,446,455
1,<environment.Job instance at 0x151eb9be46e0>,3,3,[9 2],5,5,8,0,5
1,<environment.Job instance at 0x151e82715500>,6,17,[1 8],9,60,77,51,60
1,<environment.Job instance at 0x151e82b35be0>,1,27,[2 5],3,3,30,0,3
1,<environment.Job instance at 0x151e8274f960>,2,27,[2 5],4,16,43,12,16
1,<environment.Job instance at 0x151eb9938870>,6,14,[7 1],9,19,33,10,19
1,<environment.Job instance at 0x151e8274f500>,1,12,[2 8],2,2,14,0,2
1,<environment.Job instance at 0x151e826c9190>,5,20,[1 8],8,79,99,71,79
1,<environment.Job instance at 0x151eb41a4410>,3,1,[8 2],6,6,7,0,6
1,<environment.Job instance at 0x151e82f61960>,0,1,[1 6],1,1,2,0,1
1,<environment.Job instance at 0x151eb7f9aaa0>,0,2,[1 8],1,1,3,0,1
1,<environment.Job instance at 0x151e82f61640>,3,27,[1 8],5,173,200,168,173
1,<environment.Job instance at 0x151e82425be0>,1,3,[5 1],5,5,8,0,5
1,<environment.Job instance at 0x151e82bee4b0>,2,15,[1 7],7,7,22,0,7
1,<environment.Job instance at 0x151e82bf7e10>,3,3,[ 2 10],8,22,25,14,8
1,<environment.Job instance at 0x151e82849820>,1,3,[5 2],4,5,8,1,5
1,<environment.Job instance at 0x151e82849870>,2,15,[2 7],5,38,53,33,38
1,<environment.Job instance at 0x151ebf6307d0>,0,2,[9 1],1,1,3,0,1
1,<environment.Job instance at 0x151ebf630870>,2,24,[ 1 10],3,3,27,0,3
1,<environment.Job instance at 0x151e82a22730>,7,3,[ 2 10],9,27,30,18,10
1,<environment.Job instance at 0x151ebf5faf50>,3,13,[ 2 10],4,30,43,26,14
1,<environment.Job instance at 0x151e82849960>,4,27,[1 7],5,178,205,173,178
1,<environment.Job instance at 0x151e82a370a0>,2,20,[8 2],3,3,23,0,3
1,<environment.Job instance at 0x151ebed065a0>,3,3,[8 1],4,23,26,19,4
1,<environment.Job instance at 0x151ebed06050>,4,2,[2 5],5,20,22,15,20
1,<environment.Job instance at 0x151e82a146e0>,0,3,[1 6],1,1,4,0,1
1,<environment.Job instance at 0x151e824bbbe0>,3,2,[6 2],5,5,7,0,5
1,<environment.Job instance at 0x151eba51b140>,4,1,[9 1],7,7,8,0,7
1,<environment.Job instance at 0x151eba51bcd0>,5,2,[8 1],8,8,10,0,8
1,<environment.Job instance at 0x151eb9a74500>,2,12,[1 5],4,9,21,5,9
1,<environment.Job instance at 0x151e82d6d870>,0,2,[1 5],1,2,4,1,2
1,<environment.Job instance at 0x151e82d6d820>,2,2,[10  2],3,4,6,1,3
1,<environment.Job instance at 0x151e82d6dd70>,1,3,[1 5],2,6,9,4,5
1,<environment.Job instance at 0x151eba5751e0>,1,21,[ 1 10],3,171,192,168,171
1,<environment.Job instance at 0x151ebf657320>,3,2,[5 2],4,4,6,0,4
1,<environment.Job instance at 0x151eba5d1af0>,1,2,[6 2],2,2,4,0,2
1,<environment.Job instance at 0x151eb99cad70>,2,1,[1 5],3,18,19,15,18
1,<environment.Job instance at 0x151eb99ca7d0>,6,3,[1 5],9,28,31,19,28
1,<environment.Job instance at 0x151e829a2fa0>,2,18,[5 2],3,4,22,1,4
1,<environment.Job instance at 0x151e82b9be10>,0,2,[5 2],1,2,4,1,2
1,<environment.Job instance at 0x151eb9a54c80>,1,2,[1 7],3,3,5,0,3
1,<environment.Job instance at 0x151eb9a54af0>,2,2,[5 2],4,6,8,2,6
1,<environment.Job instance at 0x151e82b9be60>,3,1,[1 6],6,6,7,0,6
1,<environment.Job instance at 0x151eb41b8280>,0,3,[2 7],1,2,5,1,2
1,<environment.Job instance at 0x151eb41b8190>,1,3,[2 9],7,7,10,0,7
1,<environment.Job instance at 0x151e82793230>,2,14,[8 2],4,4,18,0,4
1,<environment.Job instance at 0x151e82fcafa0>,6,2,[ 1 10],9,18,20,9,9
1,<environment.Job instance at 0x151e82fcac80>,5,14,[8 1],8,20,34,12,13
1,<environment.Job instance at 0x151e82fcac80>,2,3,[1 9],4,515,518,511,515
1,<environment.Job instance at 0x151eba564fa0>,1,14,[10  2],4,5,19,1,5
1,<environment.Job instance at 0x151e823d56e0>,3,27,[ 2 10],6,28,55,22,28
1,<environment.Job instance at 0x151e8268d8c0>,2,2,[7 1],5,5,7,0,5
1,<environment.Job instance at 0x151e82802870>,1,1,[6 1],2,2,3,0,2
1,<environment.Job instance at 0x151e82802410>,2,1,[10  1],3,3,4,0,3
1,<environment.Job instance at 0x151e82802960>,4,27,[10  2],7,8,35,1,8
1,<environment.Job instance at 0x151e82802f50>,6,28,[1 6],9,88,116,79,88
1,<environment.Job instance at 0x151eba62fd70>,1,1,[9 2],2,2,3,0,2
1,<environment.Job instance at 0x151e82802550>,2,18,[ 1 10],3,3,21,0,3
1,<environment.Job instance at 0x151e827bcc30>,5,1,[7 2],8,21,22,13,8
1,<environment.Job instance at 0x151eba5f1f00>,6,3,[9 1],9,22,25,13,9
1,<environment.Job instance at 0x151e82cb6500>,1,3,[2 7],3,31,34,28,31
1,<environment.Job instance at 0x151ebf5f4a50>,0,3,[6 1],1,1,4,0,1
1,<environment.Job instance at 0x151ebf5f4aa0>,1,2,[5 2],3,4,6,1,3
1,<environment.Job instance at 0x151e82a27e10>,3,2,[7 2],6,9,11,3,9
1,<environment.Job instance at 0x151e82cbc460>,1,15,[1 5],3,30,45,27,30
1,<environment.Job instance at 0x151eba5e45a0>,1,15,[2 8],3,4,19,1,4
1,<environment.Job instance at 0x151e826ad0f0>,3,13,[ 2 10],7,19,32,12,7
1,<environment.Job instance at 0x151eb9ba7b40>,4,23,[2 6],8,32,55,24,28
1,<environment.Job instance at 0x151e826ad960>,2,16,[2 8],4,55,71,51,52
1,<environment.Job instance at 0x151ebed12af0>,1,14,[2 9],3,26,40,23,26
1,<environment.Job instance at 0x151eb9b202d0>,1,16,[2 6],2,2,18,0,2
1,<environment.Job instance at 0x151eb9947690>,2,3,[1 6],3,18,21,15,4
1,<environment.Job instance at 0x151eb9947af0>,4,14,[9 1],6,18,32,12,6
1,<environment.Job instance at 0x151eb9a7b050>,0,2,[1 8],2,4,6,2,4
1,<environment.Job instance at 0x151eb9a7b960>,1,2,[1 5],4,6,8,2,4
1,<environment.Job instance at 0x151eb9a7b780>,3,1,[2 8],6,34,35,28,34
1,<environment.Job instance at 0x151eb9a7b780>,6,3,[1 6],9,9,12,0,9
1,<environment.Job instance at 0x151e82bb4fa0>,0,2,[ 1 10],1,2,4,1,2
1,<environment.Job instance at 0x151e82a44050>,1,17,[2 9],2,4,21,2,4
1,<environment.Job instance at 0x151e82b9fe60>,2,3,[5 1],4,4,7,0,4
1,<environment.Job instance at 0x151e82e7ac30>,5,18,[1 9],8,51,69,43,51
1,<environment.Job instance at 0x151ebf73a050>,0,2,[1 7],1,5,7,4,5
1,<environment.Job instance at 0x151ebf73bc30>,1,18,[1 9],3,1614,1632,1611,1614
1,<environment.Job instance at 0x151ec0dc15a0>,5,20,[1 9],8,1848,1868,1840,1848
1,<environment.Job instance at 0x151ebf5f0fa0>,3,3,[1 8],5,5,8,0,5
1,<environment.Job instance at 0x151ebf5f0f00>,4,23,[2 8],6,8,31,2,6
1,<environment.Job instance at 0x151eba8768c0>,6,1,[5 1],8,8,9,0,8
1,<environment.Job instance at 0x151eb9a11e60>,1,1,[2 8],3,3,4,0,3
1,<environment.Job instance at 0x151e8256d280>,3,3,[1 7],6,6,9,0,6
1,<environment.Job instance at 0x151ec0c29230>,3,2,[2 6],4,4,6,0,4
1,<environment.Job instance at 0x151e82d9b1e0>,4,3,[9 2],5,6,9,1,5
1,<environment.Job instance at 0x151ec0cb42d0>,1,2,[7 2],3,3,5,0,3
1,<environment.Job instance at 0x151e823d5f00>,0,1,[7 1],3,4,5,1,4
1,<environment.Job instance at 0x151e8253fe60>,0,3,[7 1],1,1,4,0,1
1,<environment.Job instance at 0x151e8253f870>,1,3,[2 8],2,2,5,0,2
1,<environment.Job instance at 0x151e8253fc80>,4,3,[2 9],5,5,8,0,5
1,<environment.Job instance at 0x151e8253f6e0>,6,12,[7 1],9,9,21,0,9
1,<environment.Job instance at 0x151eb9b82550>,0,3,[10  1],2,2,5,0,2
1,<environment.Job instance at 0x151ebf69ab40>,1,3,[6 1],4,5,8,1,4
1,<environment.Job instance at 0x151eb9b7e9b0>,2,3,[8 1],5,8,11,3,5
1,<environment.Job instance at 0x151e82a520f0>,1,14,[2 5],3,3,17,0,3
1,<environment.Job instance at 0x151e82a52140>,4,13,[7 2],7,10,23,3,10
1,<environment.Job instance at 0x151e82ea39b0>,0,3,[2 6],1,1,4,0,1
1,<environment.Job instance at 0x151eba85bf00>,3,1,[1 9],7,7,8,0,7
1,<environment.Job instance at 0x151eba85b7d0>,4,3,[2 9],9,9,12,0,9
1,<environment.Job instance at 0x151eb9930870>,3,16,[ 2 10],7,7,23,0,7
1,<environment.Job instance at 0x151eb81c33c0>,1,1,[8 1],5,6,7,1,6
1,<environment.Job instance at 0x151e82e02320>,3,1,[6 2],8,8,9,0,8
1,<environment.Job instance at 0x151ebbba0910>,0,3,[5 1],4,5,8,1,5
1,<environment.Job instance at 0x151ebbba00f0>,2,2,[7 2],6,8,10,2,6
1,<environment.Job instance at 0x151ebbba0640>,1,1,[2 8],5,7,8,2,7
1,<environment.Job instance at 0x151ebbba0370>,5,16,[2 8],9,108,124,99,108
1,<environment.Job instance at 0x151eb8886230>,1,21,[1 8],2,2,23,0,2
1,<environment.Job instance at 0x151eb88866e0>,3,2,[6 1],5,5,7,0,5
1,<environment.Job instance at 0x151eb88868c0>,2,17,[2 8],3,23,40,20,11
1,<environment.Job instance at 0x151e82b5c050>,0,3,[9 2],1,2,5,1,2
1,<environment.Job instance at 0x151e82b5cd70>,1,2,[2 9],3,5,7,2,4
1,<environment.Job instance at 0x151e82b5caa0>,3,19,[5 1],9,11,30,2,11
1,<environment.Job instance at 0x151e82c950a0>,1,2,[1 8],3,3,5,0,3
1,<environment.Job instance at 0x151e82ff7b90>,4,2,[7 1],6,6,8,0,6
1,<environment.Job instance at 0x151e82ff74b0>,5,3,[10  1],7,8,11,1,7
1,<environment.Job instance at 0x151e82ff7140>,6,3,[7 1],9,11,14,2,9
1,<environment.Job instance at 0x151e82ff7a00>,1,1,[8 1],2,2,3,0,2
1,<environment.Job instance at 0x151e82ff75a0>,3,1,[2 9],7,7,8,0,7
1,<environment.Job instance at 0x151e826cf910>,2,21,[1 9],4,8,29,4,7
1,<environment.Job instance at 0x151e82d47d20>,1,3,[1 7],2,2,5,0,2
1,<environment.Job instance at 0x151e82d478c0>,2,3,[10  1],3,5,8,2,4
1,<environment.Job instance at 0x151e82c22730>,3,3,[2 6],4,8,11,4,5
1,<environment.Job instance at 0x151eb4160f00>,6,27,[10  1],7,11,38,4,9
1,<environment.Job instance at 0x151eb9a90730>,2,3,[6 2],5,18,21,13,18
1,<environment.Job instance at 0x151e82ae44b0>,0,3,[ 1 10],1,1,4,0,1
1,<environment.Job instance at 0x151e82ae4dc0>,1,3,[1 5],2,4,7,2,2
1,<environment.Job instance at 0x151e82ae43c0>,3,13,[2 5],4,28,41,24,28
1,<environment.Job instance at 0x151e82de1280>,1,23,[1 9],2,2,25,0,2
1,<environment.Job instance at 0x151eba6291e0>,5,12,[2 6],8,25,37,17,8
1,<environment.Job instance at 0x151e827465a0>,2,16,[8 1],5,6,22,1,6
1,<environment.Job instance at 0x151e82746af0>,4,2,[10  2],8,22,24,14,8
1,<environment.Job instance at 0x151e82edf320>,0,3,[5 1],1,1,4,0,1
1,<environment.Job instance at 0x151e829c26e0>,1,1,[10  2],3,4,5,1,3
1,<environment.Job instance at 0x151e82edffa0>,2,2,[7 2],4,5,7,1,5
1,<environment.Job instance at 0x151e82edf050>,4,3,[1 5],6,6,9,0,6
1,<environment.Job instance at 0x151e82edf910>,5,12,[2 9],8,9,21,1,8
1,<environment.Job instance at 0x151eb823c410>,0,2,[1 8],1,1,3,0,1
1,<environment.Job instance at 0x151e825f96e0>,3,19,[2 5],6,7,26,1,7
1,<environment.Job instance at 0x151e82ac8960>,5,3,[6 2],8,8,11,0,8
1,<environment.Job instance at 0x151eb9bccd70>,1,12,[ 1 10],3,24,36,21,24
1,<environment.Job instance at 0x151eb9bcc730>,5,1,[1 7],8,36,37,28,31
1,<environment.Job instance at 0x151eba615e10>,1,3,[7 1],2,2,5,0,2
1,<environment.Job instance at 0x151eb9bcc640>,2,14,[8 2],3,5,19,2,3
1,<environment.Job instance at 0x151eb9bccc30>,3,2,[1 9],5,19,21,14,5
1,<environment.Job instance at 0x151eb81f4460>,5,19,[8 1],8,19,38,11,9
1,<environment.Job instance at 0x151eb81f4550>,3,17,[10  1],5,10,27,5,10
1,<environment.Job instance at 0x151ebec6e320>,2,22,[2 7],5,5,27,0,5
1,<environment.Job instance at 0x151eba556640>,4,16,[6 2],9,10,26,1,10
1,<environment.Job instance at 0x151ebecfbf50>,0,1,[6 2],1,2,3,1,2
1,<environment.Job instance at 0x151ebecfbc30>,1,14,[2 6],2,4,18,2,4
1,<environment.Job instance at 0x151e822d4230>,4,2,[10  2],5,18,20,13,5
1,<environment.Job instance at 0x151e822d4aa0>,5,15,[9 2],7,20,35,13,7
1,<environment.Job instance at 0x151eb9c673c0>,4,3,[2 6],8,8,11,0,8
1,<environment.Job instance at 0x151eb9c675a0>,5,2,[9 1],9,11,13,2,9
1,<environment.Job instance at 0x151e826a24b0>,1,2,[7 2],2,2,4,0,2
1,<environment.Job instance at 0x151e826a2050>,2,2,[9 2],3,4,6,1,3
1,<environment.Job instance at 0x151e826a2460>,3,3,[5 1],4,6,9,2,4
1,<environment.Job instance at 0x151e826a2af0>,4,2,[ 1 10],5,9,11,4,5
1,<environment.Job instance at 0x151eba842be0>,1,1,[1 8],3,4,5,1,4
1,<environment.Job instance at 0x151e8290c280>,2,14,[2 9],3,3,17,0,3
1,<environment.Job instance at 0x151e82338f50>,3,2,[7 2],4,17,19,13,4
1,<environment.Job instance at 0x151e82fe4690>,1,13,[5 1],2,19,32,17,5
1,<environment.Job instance at 0x151e82346cd0>,0,3,[ 2 10],1,1,4,0,1
1,<environment.Job instance at 0x151e82fd08c0>,1,2,[1 9],3,4,6,1,4
1,<environment.Job instance at 0x151e823385f0>,2,3,[2 7],4,6,9,2,5
1,<environment.Job instance at 0x151e82fd0b40>,4,2,[1 6],6,9,11,3,6
1,<environment.Job instance at 0x151ebf5d83c0>,2,3,[1 7],5,5,8,0,5
1,<environment.Job instance at 0x151ebf5d8a50>,3,3,[ 1 10],6,8,11,2,6
1,<environment.Job instance at 0x151e82871d20>,0,1,[10  1],1,1,2,0,1
1,<environment.Job instance at 0x151e82871370>,1,2,[2 5],2,2,4,0,2
1,<environment.Job instance at 0x151e82871410>,3,13,[2 9],4,5,18,1,5
1,<environment.Job instance at 0x151e82760230>,5,2,[1 8],6,18,20,12,7
1,<environment.Job instance at 0x151e82760d20>,7,1,[10  2],8,20,21,12,8
1,<environment.Job instance at 0x151ebf632230>,1,2,[5 2],2,2,4,0,2
1,<environment.Job instance at 0x151ebd7fdf00>,2,21,[2 9],5,5,26,0,5
1,<environment.Job instance at 0x151eb9b82320>,2,17,[1 7],4,33,50,29,33
1,<environment.Job instance at 0x151e82db7cd0>,2,27,[5 1],4,4,31,0,4
1,<environment.Job instance at 0x151e82db7640>,4,2,[1 9],6,7,9,1,7
1,<environment.Job instance at 0x151e82db7a50>,6,1,[1 8],8,338,339,330,338
1,<environment.Job instance at 0x151e8235c410>,0,3,[10  1],1,2,5,1,2
1,<environment.Job instance at 0x151e8235c550>,1,25,[1 6],2,96,121,94,96
1,<environment.Job instance at 0x151ebec5a7d0>,7,12,[5 2],9,96,108,87,96
1,<environment.Job instance at 0x151e8235c4b0>,3,18,[10  1],6,6,24,0,6
1,<environment.Job instance at 0x151eba4e9f50>,0,1,[10  1],1,1,2,0,1
1,<environment.Job instance at 0x151e82cbf7d0>,3,3,[6 2],6,6,9,0,6
1,<environment.Job instance at 0x151eba4e9550>,1,13,[2 6],2,62,75,60,62
1,<environment.Job instance at 0x151e822cd4b0>,2,2,[10  2],4,107,109,103,107
1,<environment.Job instance at 0x151e82c91140>,0,3,[9 2],2,2,5,0,2
1,<environment.Job instance at 0x151eb7f89b40>,1,3,[6 2],3,3,6,0,3
1,<environment.Job instance at 0x151eb7f89230>,2,2,[1 7],4,4,6,0,4
1,<environment.Job instance at 0x151e826b73c0>,3,22,[2 8],7,7,29,0,7
1,<environment.Job instance at 0x151e82e35820>,4,3,[2 9],8,29,32,21,9
1,<environment.Job instance at 0x151e82e2f370>,1,2,[2 6],2,2,4,0,2
1,<environment.Job instance at 0x151e82e35190>,2,2,[2 8],3,4,6,1,3
1,<environment.Job instance at 0x151eb40df500>,4,26,[1 7],5,6,32,1,5
1,<environment.Job instance at 0x151ebf68d730>,3,12,[6 2],5,5,17,0,5
1,<environment.Job instance at 0x151ebf68b370>,6,3,[9 1],8,17,20,9,8
1,<environment.Job instance at 0x151ebf68b820>,0,2,[2 5],1,3,5,2,3
1,<environment.Job instance at 0x151eb9513b90>,3,1,[6 1],5,5,6,0,5
1,<environment.Job instance at 0x151ebf68b780>,1,1,[1 9],3,15,16,12,15
1,<environment.Job instance at 0x151e829b38c0>,1,16,[2 9],4,4,20,0,4
1,<environment.Job instance at 0x151e829b3230>,2,23,[2 6],6,20,43,14,16
1,<environment.Job instance at 0x151e829b3cd0>,4,14,[ 1 10],9,43,57,34,41
1,<environment.Job instance at 0x151e829b3cd0>,2,13,[6 2],4,4,17,0,4
1,<environment.Job instance at 0x151eb9a2e500>,3,17,[ 2 10],5,305,322,300,305
1,<environment.Job instance at 0x151eb81f7aa0>,7,14,[1 6],9,476,490,467,476
1,<environment.Job instance at 0x151eb8204500>,0,2,[1 7],2,2,4,0,2
1,<environment.Job instance at 0x151e824985a0>,2,13,[10  1],4,4,17,0,4
1,<environment.Job instance at 0x151ebf6dfd20>,3,13,[2 5],5,17,30,12,5
1,<environment.Job instance at 0x151eb9c4c280>,1,12,[7 2],3,8,20,5,8
1,<environment.Job instance at 0x151eb9c4cdc0>,2,15,[ 2 10],9,104,119,95,104
1,<environment.Job instance at 0x151ebf5f2b40>,1,2,[5 2],3,4,6,1,4
1,<environment.Job instance at 0x151ebf61a320>,6,27,[8 2],8,13,40,5,13
1,<environment.Job instance at 0x151ebf61af50>,7,12,[9 1],9,40,52,31,23
1,<environment.Job instance at 0x151eb996f410>,0,1,[6 2],1,2,3,1,2
1,<environment.Job instance at 0x151ebf68de60>,2,3,[1 6],3,3,6,0,3
1,<environment.Job instance at 0x151e828762d0>,1,2,[5 2],4,4,6,0,4
1,<environment.Job instance at 0x151eb8235eb0>,0,2,[10  2],1,1,3,0,1
1,<environment.Job instance at 0x151eb40912d0>,5,2,[1 9],7,7,9,0,7
1,<environment.Job instance at 0x151eb4091d70>,1,17,[10  1],4,6,23,2,6
1,<environment.Job instance at 0x151e826ffd20>,0,3,[8 2],2,2,5,0,2
1,<environment.Job instance at 0x151e826ffcd0>,2,3,[2 8],4,4,7,0,4
1,<environment.Job instance at 0x151ebf683820>,3,2,[7 1],5,6,8,1,6
1,<environment.Job instance at 0x151ebf683500>,5,1,[1 7],9,9,10,0,9
1,<environment.Job instance at 0x151ebec87e10>,4,1,[7 1],5,5,6,0,5
1,<environment.Job instance at 0x151e82ee1b90>,5,2,[1 8],6,6,8,0,6
1,<environment.Job instance at 0x151eb41a5c30>,2,1,[1 9],3,8,9,5,6
1,<environment.Job instance at 0x151e82ee1aa0>,8,1,[8 1],9,20,21,11,20
1,<environment.Job instance at 0x151e82ed5820>,0,3,[10  2],1,1,4,0,1
1,<environment.Job instance at 0x151eb99983c0>,3,23,[1 8],7,68,91,61,68
1,<environment.Job instance at 0x151e82e27d20>,1,1,[7 2],2,2,3,0,2
1,<environment.Job instance at 0x151e82e27af0>,3,22,[5 2],5,10,32,5,10
1,<environment.Job instance at 0x151e82614d70>,4,2,[1 8],8,91,93,83,91
1,<environment.Job instance at 0x151e82e10a00>,0,2,[8 1],1,1,3,0,1
1,<environment.Job instance at 0x151e82e103c0>,3,17,[7 2],4,4,21,0,4
1,<environment.Job instance at 0x151e82e10960>,4,16,[5 2],5,21,37,16,12
1,<environment.Job instance at 0x151ebed31a50>,2,3,[2 7],6,6,9,0,6
1,<environment.Job instance at 0x151e8272f190>,1,1,[6 1],2,553,554,551,553
1,<environment.Job instance at 0x151e8250b8c0>,0,1,[1 5],1,2,3,1,2
1,<environment.Job instance at 0x151e8250bd20>,1,2,[9 1],2,4,6,2,4
1,<environment.Job instance at 0x151eb9ae6c80>,4,2,[2 6],6,6,8,0,6
1,<environment.Job instance at 0x151e8250b3c0>,6,1,[2 7],8,8,9,0,8
1,<environment.Job instance at 0x151e822f8960>,7,26,[ 1 10],9,9,35,0,9
1,<environment.Job instance at 0x151e82924af0>,0,2,[1 7],1,2,4,1,2
1,<environment.Job instance at 0x151e829247d0>,2,1,[6 2],3,3,4,0,3
1,<environment.Job instance at 0x151e82924190>,1,12,[1 8],2,72,84,70,72
1,<environment.Job instance at 0x151e829249b0>,7,1,[10  2],9,84,85,75,76
1,<environment.Job instance at 0x151e82ca7eb0>,1,17,[ 2 10],2,2,19,0,2
1,<environment.Job instance at 0x151e82924d70>,5,3,[9 1],6,19,22,13,6
1,<environment.Job instance at 0x151e829fa3c0>,6,24,[10  2],7,22,46,15,17
1,<environment.Job instance at 0x151e829fab90>,0,3,[2 9],1,1,4,0,1
1,<environment.Job instance at 0x151e829fa0a0>,3,1,[1 6],4,4,5,0,4
1,<environment.Job instance at 0x151eb7f71e60>,4,3,[2 6],5,5,8,0,5
1,<environment.Job instance at 0x151eb7f71410>,5,3,[1 9],6,8,11,2,6
1,<environment.Job instance at 0x151eb7f71eb0>,6,3,[6 1],7,7,10,0,7
1,<environment.Job instance at 0x151ebf6bb3c0>,1,28,[1 7],2,2,30,0,2
1,<environment.Job instance at 0x151e82f8b460>,2,1,[6 2],5,5,6,0,5
1,<environment.Job instance at 0x151ebf6bb370>,3,3,[5 2],6,6,9,0,6
1,<environment.Job instance at 0x151ebf6bb1e0>,5,3,[2 7],8,30,33,22,8
1,<environment.Job instance at 0x151eb8265140>,1,1,[5 2],7,16,17,9,16
1,<environment.Job instance at 0x151e8295dcd0>,1,2,[2 9],2,7,9,5,7
1,<environment.Job instance at 0x151eb4043a00>,6,3,[1 9],8,9,12,1,8
1,<environment.Job instance at 0x151e829faa50>,0,3,[10  1],2,2,5,0,2
1,<environment.Job instance at 0x151eb4043a00>,2,12,[2 5],4,20,32,16,20
1,<environment.Job instance at 0x151e829faf50>,3,2,[6 1],5,43,45,38,43
1,<environment.Job instance at 0x151e82fc6aa0>,1,3,[8 2],3,3,6,0,3
1,<environment.Job instance at 0x151eba8abe60>,4,3,[9 1],6,6,9,0,6
1,<environment.Job instance at 0x151e82fc6a00>,6,2,[2 5],8,9,11,1,9
1,<environment.Job instance at 0x151e82e778c0>,7,15,[ 2 10],9,121,136,112,121
1,<environment.Job instance at 0x151eb7d4c190>,0,3,[6 2],1,2,5,1,2
1,<environment.Job instance at 0x151e82a2fbe0>,1,1,[1 6],3,4,5,1,4
1,<environment.Job instance at 0x151e82e0c9b0>,3,2,[6 2],6,6,8,0,6
1,<environment.Job instance at 0x151e825f4640>,4,25,[2 7],7,7,32,0,7
1,<environment.Job instance at 0x151e825108c0>,1,3,[10  1],2,3,6,1,3
1,<environment.Job instance at 0x151e82510870>,0,1,[10  1],1,6,7,5,3
1,<environment.Job instance at 0x151e826fd9b0>,0,1,[7 1],1,1,2,0,1
1,<environment.Job instance at 0x151e826fd5a0>,3,3,[2 6],5,5,8,0,5
1,<environment.Job instance at 0x151e822d2cd0>,4,2,[8 1],6,6,8,0,6
1,<environment.Job instance at 0x151e822d2190>,5,1,[6 2],7,8,9,1,7
1,<environment.Job instance at 0x151e822d2c30>,6,1,[9 1],8,9,10,1,8
1,<environment.Job instance at 0x151ebbb86a50>,0,3,[10  2],3,3,6,0,3
1,<environment.Job instance at 0x151ebbb86640>,1,1,[2 7],4,6,7,2,5
1,<environment.Job instance at 0x151e822d2c30>,4,3,[9 1],8,89,92,81,89
1,<environment.Job instance at 0x151e82b477d0>,1,3,[2 8],3,3,6,0,3
1,<environment.Job instance at 0x151e82b47280>,2,17,[10  1],4,7,24,3,7
1,<environment.Job instance at 0x151e828b75f0>,5,2,[2 6],7,24,26,17,7
1,<environment.Job instance at 0x151e829c17d0>,0,3,[2 9],1,1,4,0,1
1,<environment.Job instance at 0x151e828b73c0>,2,1,[5 1],3,4,5,1,4
1,<environment.Job instance at 0x151ebf731aa0>,1,21,[1 9],2,64,85,62,64
1,<environment.Job instance at 0x151e826b5410>,2,13,[1 5],7,11,24,4,11
1,<environment.Job instance at 0x151eb4091730>,0,1,[10  2],1,2,3,1,2
1,<environment.Job instance at 0x151eba4f90f0>,1,3,[2 9],2,5,8,3,5
1,<environment.Job instance at 0x151eba4f9960>,4,19,[9 1],6,8,27,2,6
1,<environment.Job instance at 0x151ebf5f2370>,2,3,[8 1],3,4,7,1,4
1,<environment.Job instance at 0x151e82eb5c30>,4,3,[9 2],5,7,10,2,5
1,<environment.Job instance at 0x151e82e92050>,0,2,[1 6],2,3,5,1,3
1,<environment.Job instance at 0x151e82ff40f0>,1,12,[2 9],3,16,28,13,16
1,<environment.Job instance at 0x151e82ff40a0>,0,2,[6 1],2,3,5,1,3
1,<environment.Job instance at 0x151e82ff4640>,2,1,[8 1],5,5,6,0,5
1,<environment.Job instance at 0x151eba902910>,3,3,[1 6],7,7,10,0,7
1,<environment.Job instance at 0x151e828ac5f0>,4,3,[2 6],9,10,13,1,9
1,<environment.Job instance at 0x151eb9bb3730>,2,1,[5 2],3,4,5,1,4
1,<environment.Job instance at 0x151e82864410>,4,2,[1 7],7,7,9,0,7
1,<environment.Job instance at 0x151e828644b0>,5,18,[10  2],8,9,27,1,8
1,<environment.Job instance at 0x151e82abf1e0>,0,1,[1 5],1,2,3,1,2
1,<environment.Job instance at 0x151e82abff00>,2,3,[5 1],3,3,6,0,3
1,<environment.Job instance at 0x151e82ff47d0>,1,16,[ 2 10],2,6,22,4,4
1,<environment.Job instance at 0x151e82abfd20>,4,3,[10  2],6,22,25,16,6
1,<environment.Job instance at 0x151eba4a1e10>,5,17,[9 2],8,25,42,17,25
1,<environment.Job instance at 0x151e82f02a00>,1,1,[8 1],5,5,6,0,5
1,<environment.Job instance at 0x151e82f02730>,2,15,[7 1],6,7,22,1,7
1,<environment.Job instance at 0x151e82f02780>,3,1,[1 8],7,8,9,1,8
1,<environment.Job instance at 0x151e82f02820>,4,12,[7 2],8,22,34,14,9
1,<environment.Job instance at 0x151e82f02e10>,5,13,[1 9],9,34,47,25,28
1,<environment.Job instance at 0x151ebed9e370>,0,1,[ 2 10],1,1,2,0,1
1,<environment.Job instance at 0x151e826c57d0>,0,2,[10  2],1,1,3,0,1
1,<environment.Job instance at 0x151e8295c280>,3,2,[1 9],5,5,7,0,5
1,<environment.Job instance at 0x151e8295c500>,5,3,[1 8],9,9,12,0,9
1,<environment.Job instance at 0x151ebeccde60>,1,3,[1 7],2,4,7,2,4
1,<environment.Job instance at 0x151e82d44a00>,4,17,[8 1],5,9,26,4,9
1,<environment.Job instance at 0x151e82c828c0>,0,3,[6 1],1,2,5,1,2
1,<environment.Job instance at 0x151ebecf0aa0>,1,16,[1 5],2,14,30,12,14
1,<environment.Job instance at 0x151e82d44e60>,3,3,[2 8],6,364,367,358,364
1,<environment.Job instance at 0x151e8233e230>,1,15,[9 1],2,3,18,1,3
1,<environment.Job instance at 0x151e82fbe230>,3,13,[8 1],4,18,31,14,6
1,<environment.Job instance at 0x151e82fbeb90>,6,28,[1 6],7,22,50,15,22
1,<environment.Job instance at 0x151ec0c34500>,1,15,[10  1],2,2,17,0,2
1,<environment.Job instance at 0x151e8241a820>,2,21,[1 8],4,17,38,13,11
1,<environment.Job instance at 0x151ec0c34dc0>,6,2,[2 5],8,38,40,30,12
1,<environment.Job instance at 0x151ec0c343c0>,7,13,[2 7],9,40,53,31,25
1,<environment.Job instance at 0x151e82c9a2d0>,0,1,[9 2],1,1,2,0,1
1,<environment.Job instance at 0x151e82d77230>,0,3,[2 5],1,1,4,0,1
1,<environment.Job instance at 0x151e82d77f50>,3,23,[2 5],5,5,28,0,5
1,<environment.Job instance at 0x151e82d77dc0>,4,1,[6 1],6,6,7,0,6
1,<environment.Job instance at 0x151e82d77370>,5,18,[8 2],7,7,25,0,7
1,<environment.Job instance at 0x151eba848cd0>,6,16,[2 9],8,28,44,20,15
1,<environment.Job instance at 0x151eba848f50>,7,3,[2 6],9,125,128,116,125
1,<environment.Job instance at 0x151eba4c8550>,2,13,[2 6],3,651,664,648,651
1,<environment.Job instance at 0x151eb9c062d0>,0,3,[2 5],2,2,5,0,2
1,<environment.Job instance at 0x151eb9c06230>,1,2,[6 2],3,3,5,0,3
1,<environment.Job instance at 0x151e82cf1190>,3,2,[9 1],6,6,8,0,6
1,<environment.Job instance at 0x151e82cf11e0>,5,3,[10  2],8,8,11,0,8
1,<environment.Job instance at 0x151eb9a1dfa0>,1,3,[10  1],2,2,5,0,2
1,<environment.Job instance at 0x151e824c7f00>,2,3,[6 2],3,5,8,2,3
1,<environment.Job instance at 0x151e825720a0>,0,2,[7 2],1,1,3,0,1
1,<environment.Job instance at 0x151e82cf11e0>,5,2,[5 2],7,7,9,0,7
1,<environment.Job instance at 0x151eba5c7370>,4,2,[2 8],5,8,10,3,8
1,<environment.Job instance at 0x151eba5c7c80>,1,1,[5 2],4,4,5,0,4
1,<environment.Job instance at 0x151eba5c7d70>,2,1,[8 1],5,5,6,0,5
1,<environment.Job instance at 0x151eba5c7d20>,1,3,[10  2],4,4,7,0,4
1,<environment.Job instance at 0x151e82dc3870>,3,21,[8 2],7,7,28,0,7
1,<environment.Job instance at 0x151e8267b1e0>,1,1,[8 1],2,2,3,0,2
1,<environment.Job instance at 0x151e8267b6e0>,2,19,[9 2],3,3,22,0,3
1,<environment.Job instance at 0x151e82ae4780>,3,1,[1 9],4,22,23,18,4
1,<environment.Job instance at 0x151e82ae4910>,6,3,[6 2],8,23,26,15,8
1,<environment.Job instance at 0x151e82ae4960>,5,3,[2 8],7,26,29,19,26
1,<environment.Job instance at 0x151ebed10aa0>,1,1,[10  2],3,3,4,0,3
1,<environment.Job instance at 0x151e8248f960>,2,2,[7 1],4,4,6,0,4
1,<environment.Job instance at 0x151eb7d628c0>,3,2,[10  1],5,6,8,1,5
1,<environment.Job instance at 0x151eb9b04d70>,4,2,[2 8],7,8,10,1,8
1,<environment.Job instance at 0x151eb9b04c80>,5,2,[8 1],8,28,30,20,28
1,<environment.Job instance at 0x151eb9af2460>,0,3,[2 8],1,1,4,0,1
1,<environment.Job instance at 0x151eb9af23c0>,1,3,[9 1],2,4,7,2,3
1,<environment.Job instance at 0x151eba615460>,3,3,[10  1],6,7,10,1,7
1,<environment.Job instance at 0x151eb9c17550>,1,2,[6 2],2,2,4,0,2
1,<environment.Job instance at 0x151e82418dc0>,2,2,[1 7],4,4,6,0,4
1,<environment.Job instance at 0x151eba4faa50>,3,2,[2 6],5,6,8,1,5
1,<environment.Job instance at 0x151eba4fabe0>,4,3,[6 1],7,7,10,0,7
1,<environment.Job instance at 0x151eba4fa3c0>,2,18,[2 7],3,11,29,8,11
1,<environment.Job instance at 0x151eba5d0960>,7,3,[10  1],9,29,32,20,11
1,<environment.Job instance at 0x151eba4fa500>,4,15,[ 2 10],6,46,61,40,46
1,<environment.Job instance at 0x151eba5d9370>,2,12,[ 1 10],3,3,15,0,3
1,<environment.Job instance at 0x151eb9aedcd0>,3,2,[1 5],4,15,17,11,4
1,<environment.Job instance at 0x151eb9aedc30>,5,1,[10  1],6,17,18,11,6
1,<environment.Job instance at 0x151e82604cd0>,1,3,[9 2],5,5,8,0,5
1,<environment.Job instance at 0x151eba85df00>,2,1,[1 7],6,9,10,3,9
1,<environment.Job instance at 0x151e82ec15a0>,4,3,[8 2],9,9,12,0,9
1,<environment.Job instance at 0x151ec196ef50>,1,2,[2 6],3,149,151,146,149
1,<environment.Job instance at 0x151eb9b90140>,5,2,[2 5],9,154,156,145,154
1,<environment.Job instance at 0x151eba848aa0>,0,20,[1 7],1,2,22,1,2
1,<environment.Job instance at 0x151ebec6be60>,0,3,[2 8],2,2,5,0,2
1,<environment.Job instance at 0x151ebf6d45a0>,3,13,[1 8],6,15,28,9,15
1,<environment.Job instance at 0x151ebf6d4aa0>,4,18,[2 8],7,113,131,106,113
1,<environment.Job instance at 0x151eb9953a00>,1,12,[1 8],3,3,15,0,3
1,<environment.Job instance at 0x151ebec6bc80>,2,2,[1 7],4,15,17,11,4
1,<environment.Job instance at 0x151ebf6d45f0>,4,2,[1 6],6,17,19,11,6
1,<environment.Job instance at 0x151e82848320>,6,3,[10  1],9,19,22,10,9
1,<environment.Job instance at 0x151e82cec7d0>,2,13,[2 5],4,6,19,2,6
1,<environment.Job instance at 0x151e82848be0>,3,2,[6 1],6,7,9,1,7
1,<environment.Job instance at 0x151eb9bc67d0>,5,1,[ 1 10],9,19,20,10,9
1,<environment.Job instance at 0x151eb9c02820>,1,1,[8 2],3,3,4,0,3
1,<environment.Job instance at 0x151ebec9cfa0>,3,1,[10  1],6,6,7,0,6
1,<environment.Job instance at 0x151ebec9ceb0>,4,3,[8 1],7,7,10,0,7
1,<environment.Job instance at 0x151ebec9c640>,5,2,[8 1],8,10,12,2,8
1,<environment.Job instance at 0x151ebec9cd20>,6,1,[5 2],9,12,13,3,9
1,<environment.Job instance at 0x151ebec9c5a0>,1,3,[6 2],2,3,6,1,3
1,<environment.Job instance at 0x151ec05dae60>,2,3,[6 1],3,6,9,3,4
1,<environment.Job instance at 0x151e82dd3cd0>,4,1,[8 2],6,9,10,3,7
1,<environment.Job instance at 0x151e82dc6460>,0,3,[8 2],2,2,5,0,2
1,<environment.Job instance at 0x151eb4103140>,3,1,[2 5],6,6,7,0,6
1,<environment.Job instance at 0x151ebed71820>,4,2,[6 2],7,7,9,0,7
1,<environment.Job instance at 0x151ebed718c0>,5,14,[2 8],8,8,22,0,8
1,<environment.Job instance at 0x151eb9c5a0f0>,6,3,[7 2],9,9,12,0,9
1,<environment.Job instance at 0x151eb4103550>,1,1,[1 5],4,5,6,1,5
1,<environment.Job instance at 0x151e82a6ae60>,5,16,[2 7],8,8,24,0,8
1,<environment.Job instance at 0x151e8235b640>,1,2,[2 7],3,3,5,0,3
1,<environment.Job instance at 0x151ebed06500>,2,14,[ 2 10],4,70,84,66,70
1,<environment.Job instance at 0x151eb405cc80>,0,3,[2 6],1,1,4,0,1
1,<environment.Job instance at 0x151eb405c3c0>,3,21,[5 1],4,29,50,25,29
1,<environment.Job instance at 0x151eb405c4b0>,3,2,[1 9],5,5,7,0,5
1,<environment.Job instance at 0x151eb9a48d70>,1,17,[6 2],3,7,24,4,7
1,<environment.Job instance at 0x151e8248b870>,6,14,[1 6],8,8,22,0,8
1,<environment.Job instance at 0x151eba8af280>,5,3,[1 6],8,37,40,29,37
1,<environment.Job instance at 0x151eb7f93230>,1,3,[1 5],3,230,233,227,230
1,<environment.Job instance at 0x151eb94df2d0>,0,3,[9 2],1,1,4,0,1
1,<environment.Job instance at 0x151e8276e370>,4,2,[5 2],6,6,8,0,6
1,<environment.Job instance at 0x151e8276e320>,5,2,[8 1],7,8,10,1,7
1,<environment.Job instance at 0x151ebf61ea00>,3,1,[1 5],5,7,8,2,7
1,<environment.Job instance at 0x151e8276e460>,6,2,[8 1],8,10,12,2,8
1,<environment.Job instance at 0x151e8276e780>,1,3,[2 7],2,2,5,0,2
1,<environment.Job instance at 0x151e8276e6e0>,3,2,[1 6],4,5,7,1,5
1,<environment.Job instance at 0x151eb8898190>,4,16,[1 9],5,2947,2963,2942,2947
1,<environment.Job instance at 0x151e8285eb40>,4,2,[1 6],8,8,10,0,8
1,<environment.Job instance at 0x151e823c25f0>,0,2,[2 5],2,3,5,1,3
1,<environment.Job instance at 0x151e8285e370>,3,17,[5 2],6,7,24,1,7
1,<environment.Job instance at 0x151eb9bea7d0>,4,1,[9 1],9,45,46,36,45
1,<environment.Job instance at 0x151e827aeaa0>,0,2,[6 2],1,3,5,2,3
1,<environment.Job instance at 0x151e827ae0a0>,1,2,[2 9],3,5,7,2,4
1,<environment.Job instance at 0x151ebbb70870>,4,2,[ 1 10],6,15,17,9,15
1,<environment.Job instance at 0x151eb9a0f0a0>,0,1,[1 5],1,2,3,1,2
1,<environment.Job instance at 0x151ebd80dd70>,1,25,[2 8],2,2431,2456,2429,2431
1,<environment.Job instance at 0x151e8233ff50>,0,3,[2 6],1,1,4,0,1
1,<environment.Job instance at 0x151ebd80d460>,1,3,[2 5],2,4,7,2,2
1,<environment.Job instance at 0x151e823f21e0>,3,3,[2 9],4,43,46,39,43
1,<environment.Job instance at 0x151e82870d70>,2,1,[2 8],4,5,6,1,5
1,<environment.Job instance at 0x151e828705f0>,4,13,[1 8],6,17,30,11,17
1,<environment.Job instance at 0x151e82870b90>,0,2,[7 2],2,2,4,0,2
1,<environment.Job instance at 0x151e82e9a910>,4,2,[9 1],6,6,8,0,6
1,<environment.Job instance at 0x151e82870690>,3,22,[2 7],5,8,30,3,7
1,<environment.Job instance at 0x151e82e9aaf0>,6,3,[2 7],8,30,33,22,8
1,<environment.Job instance at 0x151e82e9a960>,7,23,[1 8],9,33,56,24,28
1,<environment.Job instance at 0x151e82e96460>,0,1,[5 2],1,1,2,0,1
1,<environment.Job instance at 0x151e82e964b0>,1,1,[9 1],2,3,4,1,3
1,<environment.Job instance at 0x151eba8a6c80>,3,14,[10  1],5,6,20,1,6
1,<environment.Job instance at 0x151e823431e0>,5,16,[9 2],7,20,36,13,7
1,<environment.Job instance at 0x151e82343b90>,6,24,[1 5],8,20,44,12,16
1,<environment.Job instance at 0x151e82343140>,1,1,[10  1],4,4,5,0,4
1,<environment.Job instance at 0x151eba857c80>,3,2,[10  1],6,8,10,2,8
1,<environment.Job instance at 0x151e829a8f50>,1,2,[5 1],3,3,5,0,3
1,<environment.Job instance at 0x151e829a8140>,0,3,[2 5],2,4,7,2,4
1,<environment.Job instance at 0x151e825d8fa0>,3,13,[2 8],7,8,21,1,8
1,<environment.Job instance at 0x151e829a8190>,4,20,[1 6],8,21,41,13,12
1,<environment.Job instance at 0x151eb410d4b0>,1,18,[7 2],3,4,22,1,4
1,<environment.Job instance at 0x151ec0cf95f0>,3,2,[9 1],5,22,24,17,5
1,<environment.Job instance at 0x151eba4e50f0>,1,20,[1 7],2,2,22,0,2
1,<environment.Job instance at 0x151ec0cf9320>,3,3,[5 2],5,5,8,0,5
1,<environment.Job instance at 0x151ec0c1ea50>,3,13,[8 1],8,8,21,0,8
1,<environment.Job instance at 0x151e82fa8460>,4,2,[10  1],9,21,23,12,9
1,<environment.Job instance at 0x151eb9bf9460>,4,1,[5 1],7,8,9,1,8
1,<environment.Job instance at 0x151ebf63b690>,5,28,[1 9],8,19,47,11,19
1,<environment.Job instance at 0x151ebed631e0>,0,3,[10  2],3,3,6,0,3
1,<environment.Job instance at 0x151ebf63b780>,2,2,[9 2],6,6,8,0,6
1,<environment.Job instance at 0x151e822b1b90>,3,1,[7 2],8,9,10,1,9
1,<environment.Job instance at 0x151ebed63e10>,0,2,[ 1 10],3,3,5,0,3
1,<environment.Job instance at 0x151e822bc730>,2,1,[1 6],5,6,7,1,6
1,<environment.Job instance at 0x151e822b1b90>,4,1,[8 2],8,8,9,0,8
1,<environment.Job instance at 0x151e822bcfa0>,3,27,[1 8],6,8,35,2,8
1,<environment.Job instance at 0x151e82ac85a0>,0,3,[1 5],1,1,4,0,1
1,<environment.Job instance at 0x151e8293dbe0>,4,3,[1 5],6,6,9,0,6
1,<environment.Job instance at 0x151e8293daf0>,3,18,[10  2],5,9,27,4,7
1,<environment.Job instance at 0x151e8293df50>,6,2,[1 8],9,27,29,18,10
1,<environment.Job instance at 0x151e82b39280>,1,1,[10  2],2,5,6,3,5
1,<environment.Job instance at 0x151e8293df50>,4,17,[2 7],7,28,45,21,28
1,<environment.Job instance at 0x151e8283f9b0>,1,2,[8 1],5,470,472,465,470
1,<environment.Job instance at 0x151e82bb0870>,0,3,[1 6],1,1,4,0,1
1,<environment.Job instance at 0x151ebf683190>,0,3,[10  2],1,1,4,0,1
1,<environment.Job instance at 0x151ebf683730>,2,23,[2 8],3,4,27,1,3
1,<environment.Job instance at 0x151eba5a7b40>,1,3,[5 2],6,6,9,0,6
1,<environment.Job instance at 0x151e82d39370>,0,2,[1 7],2,2,4,0,2
1,<environment.Job instance at 0x151e82d39d20>,2,16,[5 2],4,4,20,0,4
1,<environment.Job instance at 0x151e82c95370>,3,13,[8 2],5,26,39,21,26
1,<environment.Job instance at 0x151e8286b500>,1,1,[8 2],3,5,6,2,5
1,<environment.Job instance at 0x151eba9275f0>,3,1,[1 9],6,8,9,2,8
1,<environment.Job instance at 0x151eba927e10>,5,27,[2 6],9,14,41,5,14
1,<environment.Job instance at 0x151eb4177140>,0,2,[8 2],1,1,3,0,1
1,<environment.Job instance at 0x151e8286bb90>,2,13,[2 6],5,6,19,1,6
1,<environment.Job instance at 0x151eb41779b0>,2,16,[5 1],6,6,22,0,6
1,<environment.Job instance at 0x151e82fb3550>,4,3,[9 2],6,6,9,0,6
1,<environment.Job instance at 0x151e82fb3e60>,6,27,[2 9],8,9,36,1,8
1,<environment.Job instance at 0x151eba931910>,1,3,[8 1],2,2,5,0,2
1,<environment.Job instance at 0x151eba931820>,2,2,[8 1],3,5,7,2,3
1,<environment.Job instance at 0x151e82cd8280>,4,3,[1 9],7,7,10,0,7
1,<environment.Job instance at 0x151ebed87910>,5,1,[9 1],8,8,9,0,8
1,<environment.Job instance at 0x151ebed87230>,6,3,[1 7],9,10,13,1,9
1,<environment.Job instance at 0x151ebec53460>,2,3,[9 2],4,4,7,0,4
1,<environment.Job instance at 0x151ebed87730>,1,3,[5 1],3,7,10,4,4
1,<environment.Job instance at 0x151ebec537d0>,4,24,[ 1 10],6,10,34,4,9
1,<environment.Job instance at 0x151ebed876e0>,1,13,[1 6],2,13,26,11,13
1,<environment.Job instance at 0x151e8277da50>,5,16,[ 1 10],8,26,42,18,17
1,<environment.Job instance at 0x151e827a83c0>,2,17,[10  2],5,322,339,317,322
1,<environment.Job instance at 0x151e82278f00>,1,13,[ 2 10],3,6,19,3,6
1,<environment.Job instance at 0x151eb81e7960>,2,23,[1 5],6,19,42,13,13
1,<environment.Job instance at 0x151ebd816050>,4,3,[7 1],9,9,12,0,9
1,<environment.Job instance at 0x151e828c5dc0>,1,3,[2 9],2,2,5,0,2
1,<environment.Job instance at 0x151e828c5d70>,2,14,[ 1 10],3,5,19,2,3
1,<environment.Job instance at 0x151e828c5b90>,0,18,[6 1],1,50,68,49,50
1,<environment.Job instance at 0x151e828c1730>,1,13,[7 2],3,4,17,1,4
1,<environment.Job instance at 0x151e82581780>,3,3,[1 6],6,6,9,0,6
1,<environment.Job instance at 0x151e82374500>,6,3,[6 1],9,17,20,8,9
1,<environment.Job instance at 0x151eb410da50>,1,3,[2 9],6,6,9,0,6
1,<environment.Job instance at 0x151eb410d6e0>,2,1,[8 2],8,9,10,1,8
1,<environment.Job instance at 0x151e822f8050>,0,3,[ 2 10],3,3,6,0,3
1,<environment.Job instance at 0x151eb410d910>,1,3,[7 2],5,6,9,1,5
1,<environment.Job instance at 0x151e82e67c30>,2,3,[9 2],7,9,12,2,8
1,<environment.Job instance at 0x151e82e67c30>,2,22,[1 6],3,4,26,1,4
1,<environment.Job instance at 0x151ebecb8c80>,3,17,[1 6],4,26,43,22,20
1,<environment.Job instance at 0x151ebf707640>,1,3,[9 2],2,288,291,286,288
1,<environment.Job instance at 0x151eba4dd820>,2,23,[2 9],5,6,29,1,6
1,<environment.Job instance at 0x151e82e90c80>,4,2,[1 8],7,29,31,22,8
1,<environment.Job instance at 0x151e8254d140>,1,2,[7 2],3,4,6,1,4
1,<environment.Job instance at 0x151ebeca80a0>,3,2,[1 7],5,6,8,1,6
1,<environment.Job instance at 0x151e82e90c80>,4,3,[6 2],6,88,91,82,88
1,<environment.Job instance at 0x151ebbb96050>,1,15,[10  1],2,5,20,3,5
1,<environment.Job instance at 0x151eb41056e0>,5,13,[6 2],7,20,33,13,7
1,<environment.Job instance at 0x151e82f27f00>,1,2,[9 1],2,2,4,0,2
1,<environment.Job instance at 0x151eb81e7820>,2,27,[2 6],3,61,88,58,61
1,<environment.Job instance at 0x151e82cfab40>,2,16,[2 9],5,5,21,0,5
1,<environment.Job instance at 0x151e8235caa0>,1,1,[ 2 10],3,1860,1861,1857,1860
1,<environment.Job instance at 0x151e82b77c80>,0,3,[2 8],1,1,4,0,1
1,<environment.Job instance at 0x151e82f7f780>,1,2,[7 1],2,379,381,377,379
1,<environment.Job instance at 0x151e823b40f0>,0,2,[2 7],1,1,3,0,1
1,<environment.Job instance at 0x151e823b40a0>,1,3,[8 1],2,2,5,0,2
1,<environment.Job instance at 0x151eb9953d70>,3,3,[8 2],6,6,9,0,6
1,<environment.Job instance at 0x151eb99536e0>,4,2,[8 1],8,9,11,1,8
1,<environment.Job instance at 0x151eb9953190>,5,3,[2 7],9,9,12,0,9
1,<environment.Job instance at 0x151ebecae1e0>,1,2,[2 8],3,4,6,1,4
1,<environment.Job instance at 0x151e82ff7eb0>,2,16,[1 9],4,20,36,16,20
1,<environment.Job instance at 0x151eb82740a0>,6,17,[1 8],9,480,497,471,480
1,<environment.Job instance at 0x151eb8274960>,1,1,[7 2],3,4,5,1,4
1,<environment.Job instance at 0x151ec1836320>,3,1,[2 9],5,7,8,2,7
1,<environment.Job instance at 0x151ec183c870>,0,1,[1 6],3,5,6,2,5
1,<environment.Job instance at 0x151ebf692d20>,2,2,[6 2],6,6,8,0,6
1,<environment.Job instance at 0x151ec183ceb0>,1,14,[2 9],5,10,24,5,10
1,<environment.Job instance at 0x151ebf692410>,4,26,[ 2 10],8,588,614,580,588
1,<environment.Job instance at 0x151ebf5f50f0>,0,1,[9 2],4,4,5,0,4
1,<environment.Job instance at 0x151eb7d578c0>,0,3,[6 2],2,2,5,0,2
1,<environment.Job instance at 0x151e82b69fa0>,5,3,[7 1],7,7,10,0,7
1,<environment.Job instance at 0x151eb7d570f0>,6,1,[6 1],9,10,11,1,9
1,<environment.Job instance at 0x151eb826b9b0>,0,3,[ 2 10],1,1,4,0,1
1,<environment.Job instance at 0x151eb826bc80>,2,21,[6 2],5,53,74,48,53
1,<environment.Job instance at 0x151eb40d20f0>,3,2,[6 2],4,4,6,0,4
1,<environment.Job instance at 0x151eb40d2050>,4,2,[1 8],5,5,7,0,5
1,<environment.Job instance at 0x151eb40d2e60>,6,1,[9 1],7,7,8,0,7
1,<environment.Job instance at 0x151eb94e8af0>,1,14,[9 1],2,43,57,41,43
1,<environment.Job instance at 0x151e82b8b5f0>,0,1,[10  2],1,1,2,0,1
1,<environment.Job instance at 0x151ebf6830a0>,3,17,[2 5],9,42,59,33,42
1,<environment.Job instance at 0x151e823a69b0>,1,3,[6 2],3,3,6,0,3
1,<environment.Job instance at 0x151eb404f280>,2,2,[2 7],4,5,7,1,5
1,<environment.Job instance at 0x151e823a6cd0>,4,16,[6 2],7,33,49,26,33
1,<environment.Job instance at 0x151e823a6cd0>,3,2,[1 5],8,8,10,0,8
1,<environment.Job instance at 0x151e82b2aa00>,1,1,[1 9],2,2,3,0,2
1,<environment.Job instance at 0x151ebf6dbf50>,0,1,[9 1],1,3,4,2,3
1,<environment.Job instance at 0x151ebf6db050>,3,3,[8 2],4,4,7,0,4
1,<environment.Job instance at 0x151ebf6db0f0>,2,21,[2 7],3,135,156,132,135
1,<environment.Job instance at 0x151e82f140a0>,2,1,[2 7],3,17,18,14,17
1,<environment.Job instance at 0x151e82f14f00>,3,3,[2 6],4,442,445,438,442
1,<environment.Job instance at 0x151e82f32780>,2,12,[10  1],5,5,17,0,5
1,<environment.Job instance at 0x151e82af58c0>,1,16,[8 1],2,2,18,0,2
1,<environment.Job instance at 0x151e82932780>,2,15,[ 2 10],3,17,32,14,17
1,<environment.Job instance at 0x151e826a2af0>,6,2,[8 2],8,32,34,24,21
1,<environment.Job instance at 0x151e826a2320>,7,3,[2 6],9,41,44,32,41
1,<environment.Job instance at 0x151e82397730>,0,3,[6 2],1,2,5,1,2
1,<environment.Job instance at 0x151eb9b89280>,2,3,[1 7],4,4,7,0,4
1,<environment.Job instance at 0x151e82f0b230>,3,2,[2 7],6,7,9,1,6
1,<environment.Job instance at 0x151ebec577d0>,5,2,[5 1],8,8,10,0,8
1,<environment.Job instance at 0x151e824c3be0>,4,3,[9 2],8,64,67,56,64
1,<environment.Job instance at 0x151e824cd2d0>,1,3,[7 1],3,3,6,0,3
1,<environment.Job instance at 0x151ebec7e2d0>,2,3,[1 5],4,4,7,0,4
1,<environment.Job instance at 0x151e8227deb0>,5,3,[10  2],8,8,11,0,8
1,<environment.Job instance at 0x151e8227d910>,6,13,[9 1],9,11,24,2,9
1,<environment.Job instance at 0x151eb9bc2910>,0,1,[10  2],1,1,2,0,1
1,<environment.Job instance at 0x151eb9bc2500>,2,3,[6 1],3,3,6,0,3
1,<environment.Job instance at 0x151eb9bc2b90>,3,13,[2 5],5,6,19,1,6
1,<environment.Job instance at 0x151e82d00aa0>,4,26,[2 6],6,19,45,13,18
1,<environment.Job instance at 0x151e82d00460>,6,13,[ 2 10],8,45,58,37,41
1,<environment.Job instance at 0x151e82dda460>,1,12,[2 7],3,19,31,16,19
1,<environment.Job instance at 0x151eb9b8b8c0>,5,3,[8 1],7,25,28,18,25
1,<environment.Job instance at 0x151eb9b8b960>,6,1,[6 1],8,41,42,33,41
1,<environment.Job instance at 0x151e82ecdc80>,0,3,[2 9],1,1,4,0,1
1,<environment.Job instance at 0x151e82ecdcd0>,1,2,[1 6],4,4,6,0,4
1,<environment.Job instance at 0x151eb9a22370>,2,3,[1 5],5,6,9,1,5
1,<environment.Job instance at 0x151eb9a22fa0>,3,3,[1 5],6,6,9,0,6
1,<environment.Job instance at 0x151eba5b4820>,4,3,[2 9],7,9,12,2,7
1,<environment.Job instance at 0x151e82f61dc0>,1,15,[5 2],3,4,19,1,4
1,<environment.Job instance at 0x151e829c2af0>,2,13,[1 6],4,273,286,269,273
1,<environment.Job instance at 0x151eb820d960>,0,2,[8 1],2,2,4,0,2
1,<environment.Job instance at 0x151ec05de3c0>,3,2,[2 6],9,21,23,12,21
1,<environment.Job instance at 0x151e8282d500>,2,13,[5 2],5,5,18,0,5
1,<environment.Job instance at 0x151ebed5b050>,3,1,[10  2],9,18,19,9,9
1,<environment.Job instance at 0x151e823d4050>,1,16,[ 1 10],4,4,20,0,4
1,<environment.Job instance at 0x151eb4063410>,3,2,[7 2],6,29,31,23,29
1,<environment.Job instance at 0x151eb9b67140>,2,2,[9 1],8,8,10,0,8
1,<environment.Job instance at 0x151eb9b671e0>,3,1,[1 6],9,9,10,0,9
1,<environment.Job instance at 0x151e82764d70>,0,1,[2 8],1,4,5,3,4
1,<environment.Job instance at 0x151e82d7f5f0>,4,1,[10  2],5,5,6,0,5
1,<environment.Job instance at 0x151eb7d67e60>,6,2,[8 1],7,8,10,1,8
1,<environment.Job instance at 0x151eb7d67910>,8,3,[9 1],9,10,13,1,9
1,<environment.Job instance at 0x151eb7d672d0>,2,17,[8 1],3,4,21,1,4
1,<environment.Job instance at 0x151e822ee0f0>,4,3,[9 1],5,21,24,16,5
1,<environment.Job instance at 0x151e822ee320>,5,3,[9 1],6,24,27,18,6
1,<environment.Job instance at 0x151eba8a6230>,2,1,[7 1],5,32,33,27,32
1,<environment.Job instance at 0x151e82570690>,0,3,[9 2],1,1,4,0,1
1,<environment.Job instance at 0x151eb9baac30>,0,2,[ 2 10],1,2,4,1,2
1,<environment.Job instance at 0x151eb9baae60>,1,3,[2 8],4,4,7,0,4
1,<environment.Job instance at 0x151eb9baad20>,3,3,[6 2],8,8,11,0,8
1,<environment.Job instance at 0x151e826a7af0>,0,2,[9 1],1,1,3,0,1
1,<environment.Job instance at 0x151e826a7140>,1,1,[5 1],3,3,4,0,3
1,<environment.Job instance at 0x151e82d17190>,0,2,[1 9],1,4,6,3,4
1,<environment.Job instance at 0x151e826a7550>,1,3,[1 7],5,6,9,1,5
1,<environment.Job instance at 0x151ebf6e5320>,0,2,[1 6],2,2,4,0,2
1,<environment.Job instance at 0x151eba5f45f0>,4,19,[7 2],8,8,27,0,8
1,<environment.Job instance at 0x151eba5f4640>,5,13,[5 2],9,27,40,18,11
1,<environment.Job instance at 0x151eba5f47d0>,2,1,[2 5],3,4,5,1,4
1,<environment.Job instance at 0x151eb9a9edc0>,4,2,[10  1],6,6,8,0,6
1,<environment.Job instance at 0x151ebf5e7320>,3,17,[1 8],5,8,25,3,8
1,<environment.Job instance at 0x151ebf5e73c0>,6,1,[ 2 10],9,25,26,16,9
1,<environment.Job instance at 0x151ebf5fa780>,4,14,[2 9],6,7,21,1,7
1,<environment.Job instance at 0x151eb7f753c0>,0,3,[1 6],1,1,4,0,1
1,<environment.Job instance at 0x151eb820d140>,0,1,[1 6],1,2,3,1,2
1,<environment.Job instance at 0x151e82fac3c0>,3,3,[2 7],6,281,284,275,281
1,<environment.Job instance at 0x151e82452d70>,1,1,[ 2 10],2,2,3,0,2
1,<environment.Job instance at 0x151e82ca3f50>,3,2,[ 1 10],5,8,10,3,8
1,<environment.Job instance at 0x151e82ca39b0>,6,12,[ 2 10],9,19,31,10,19
1,<environment.Job instance at 0x151e82ca3190>,4,3,[ 2 10],6,46,49,40,46
1,<environment.Job instance at 0x151ebec7e280>,3,2,[7 1],5,5,7,0,5
1,<environment.Job instance at 0x151ebf693960>,4,2,[9 1],6,7,9,1,6
1,<environment.Job instance at 0x151ebec7ef50>,6,18,[1 8],8,8,26,0,8
1,<environment.Job instance at 0x151ebf68a3c0>,0,1,[5 2],1,1,2,0,1
1,<environment.Job instance at 0x151eba87bbe0>,1,19,[1 7],2,9,28,7,9
1,<environment.Job instance at 0x151eba52c3c0>,3,14,[1 5],4,725,739,721,725
1,<environment.Job instance at 0x151e8280ca00>,2,3,[ 2 10],8,8,11,0,8
1,<environment.Job instance at 0x151e82b9d460>,1,2,[2 9],4,13,15,9,13
1,<environment.Job instance at 0x151ec183e8c0>,1,14,[10  2],2,2,16,0,2
1,<environment.Job instance at 0x151e826eac80>,0,1,[2 5],2,2,3,0,2
1,<environment.Job instance at 0x151e826ea550>,1,1,[5 1],5,6,7,1,6
1,<environment.Job instance at 0x151e82d92d20>,4,1,[1 8],8,8,9,0,8
1,<environment.Job instance at 0x151e82d92eb0>,5,2,[8 2],9,9,11,0,9
1,<environment.Job instance at 0x151ebf64d5a0>,2,3,[2 9],3,3,6,0,3
1,<environment.Job instance at 0x151e82d92f50>,5,16,[7 2],7,8,24,1,8
1,<environment.Job instance at 0x151e825c30f0>,7,20,[2 9],9,467,487,458,467
1,<environment.Job instance at 0x151e82352780>,0,1,[2 6],1,2,3,1,2
1,<environment.Job instance at 0x151ebf64deb0>,2,2,[2 5],5,5,7,0,5
1,<environment.Job instance at 0x151e823529b0>,3,20,[2 9],7,7,27,0,7
1,<environment.Job instance at 0x151eb81df910>,1,1,[8 2],4,4,5,0,4
1,<environment.Job instance at 0x151eba4c2550>,2,2,[8 1],6,6,8,0,6
1,<environment.Job instance at 0x151eb81dfd70>,3,1,[1 5],7,7,8,0,7
1,<environment.Job instance at 0x151eb81df280>,4,3,[9 1],8,8,11,0,8
1,<environment.Job instance at 0x151eb81dfaa0>,5,2,[5 1],9,11,13,2,9
1,<environment.Job instance at 0x151e82c00e10>,1,22,[1 5],2,3,25,1,3
1,<environment.Job instance at 0x151eb81dfaa0>,2,16,[ 1 10],3,25,41,22,12
1,<environment.Job instance at 0x151eb405b5f0>,1,2,[9 1],2,2,4,0,2
1,<environment.Job instance at 0x151e82f2a730>,2,1,[9 1],4,4,5,0,4
1,<environment.Job instance at 0x151eb415ad20>,4,2,[7 1],7,8,10,1,8
1,<environment.Job instance at 0x151eba4e59b0>,0,3,[8 2],1,1,4,0,1
1,<environment.Job instance at 0x151eba4e5230>,2,3,[7 1],4,4,7,0,4
1,<environment.Job instance at 0x151e8250b320>,4,16,[1 8],7,8,24,1,8
1,<environment.Job instance at 0x151e8250b460>,5,18,[2 7],9,24,42,15,13
1,<environment.Job instance at 0x151e824cd690>,2,17,[1 8],3,46,63,43,46
1,<environment.Job instance at 0x151eba8c6af0>,3,2,[2 5],5,5,7,0,5
1,<environment.Job instance at 0x151eba8c6aa0>,4,2,[5 2],6,7,9,1,7
1,<environment.Job instance at 0x151eba8be5f0>,1,14,[5 1],4,4,18,0,4
1,<environment.Job instance at 0x151ebed60f00>,3,1,[ 1 10],7,18,19,11,7
1,<environment.Job instance at 0x151eba8be460>,4,14,[1 8],9,19,33,10,12
1,<environment.Job instance at 0x151e8231d550>,3,14,[1 7],5,5,19,0,5
1,<environment.Job instance at 0x151e8231da00>,4,2,[6 2],7,7,9,0,7
1,<environment.Job instance at 0x151e8231d140>,5,18,[ 1 10],8,19,37,11,8
1,<environment.Job instance at 0x151e8231d500>,6,16,[6 2],9,37,53,28,24
1,<environment.Job instance at 0x151e82f81dc0>,0,3,[9 1],2,2,5,0,2
1,<environment.Job instance at 0x151e82f81c30>,2,1,[8 1],4,5,6,1,4
1,<environment.Job instance at 0x151e82faaaf0>,2,2,[8 1],5,5,7,0,5
1,<environment.Job instance at 0x151e824537d0>,1,2,[ 2 10],4,7,9,3,5
1,<environment.Job instance at 0x151e82831460>,4,3,[9 1],7,9,12,2,7
1,<environment.Job instance at 0x151ebed6e1e0>,0,3,[7 2],2,2,5,0,2
1,<environment.Job instance at 0x151e82831a50>,1,2,[ 2 10],3,5,7,2,3
1,<environment.Job instance at 0x151eb9983dc0>,3,1,[10  1],9,11,12,2,11
1,<environment.Job instance at 0x151eba4e7a50>,1,22,[ 2 10],3,3,25,0,3
1,<environment.Job instance at 0x151e82e20280>,3,1,[7 2],7,7,8,0,7
1,<environment.Job instance at 0x151eb9989e10>,4,1,[5 1],8,8,9,0,8
1,<environment.Job instance at 0x151eb998d230>,1,28,[1 7],2,12,40,10,12
1,<environment.Job instance at 0x151e82a86c30>,1,1,[1 5],4,7,8,3,7
1,<environment.Job instance at 0x151e824ce460>,1,1,[1 7],2,2,3,0,2
1,<environment.Job instance at 0x151e826a00a0>,2,1,[1 7],5,5,6,0,5
1,<environment.Job instance at 0x151eb4121b90>,0,2,[9 1],1,2,4,1,2
1,<environment.Job instance at 0x151e825ceb90>,1,3,[7 1],3,4,7,1,3
1,<environment.Job instance at 0x151e82628b90>,0,2,[1 8],1,3,5,2,3
1,<environment.Job instance at 0x151e826282d0>,1,2,[7 2],2,3,5,1,3
1,<environment.Job instance at 0x151e826285a0>,4,1,[ 2 10],6,6,7,0,6
1,<environment.Job instance at 0x151e82628a50>,5,26,[1 6],7,7,33,0,7
1,<environment.Job instance at 0x151e82c8f780>,2,22,[1 5],4,4,26,0,4
1,<environment.Job instance at 0x151e824f0230>,3,12,[ 2 10],5,26,38,21,9
1,<environment.Job instance at 0x151e826c18c0>,1,2,[1 5],7,7,9,0,7
1,<environment.Job instance at 0x151e824f0050>,1,1,[2 9],3,3,4,0,3
1,<environment.Job instance at 0x151e824f0780>,3,20,[5 2],7,44,64,37,44
1,<environment.Job instance at 0x151e82502140>,2,28,[2 7],3,3,31,0,3
1,<environment.Job instance at 0x151eb8267960>,3,18,[5 1],6,6,24,0,6
1,<environment.Job instance at 0x151e82862050>,5,2,[10  2],9,192,194,183,192
1,<environment.Job instance at 0x151e82f64b90>,1,3,[1 9],3,3,6,0,3
1,<environment.Job instance at 0x151e82f640a0>,2,3,[8 2],4,6,9,2,4
1,<environment.Job instance at 0x151e82f64f50>,2,17,[5 1],5,5,22,0,5
1,<environment.Job instance at 0x151eba8465a0>,1,2,[10  1],2,2,4,0,2
1,<environment.Job instance at 0x151ec0c44500>,2,1,[8 2],3,4,5,1,4
1,<environment.Job instance at 0x151e8251fc30>,4,1,[2 8],9,9,10,0,9
1,<environment.Job instance at 0x151eb9967cd0>,3,1,[6 1],7,7,8,0,7
1,<environment.Job instance at 0x151ec05cef00>,5,13,[2 7],7,18,31,11,18
1,<environment.Job instance at 0x151eb40edbe0>,1,2,[1 5],3,3,5,0,3
1,<environment.Job instance at 0x151eb40ed190>,5,3,[2 9],8,8,11,0,8
1,<environment.Job instance at 0x151eba869c80>,3,17,[1 6],4,94,111,90,94
1,<environment.Job instance at 0x151eba869e10>,2,16,[1 8],4,4,20,0,4
1,<environment.Job instance at 0x151eba4e7460>,3,25,[9 2],5,8,33,3,8
1,<environment.Job instance at 0x151eb9a46aa0>,6,14,[1 9],9,485,499,476,485
1,<environment.Job instance at 0x151eb9a441e0>,1,13,[ 2 10],3,14,27,11,14
1,<environment.Job instance at 0x151e82825190>,1,2,[6 1],3,3,5,0,3
1,<environment.Job instance at 0x151eba4ddd70>,4,12,[ 1 10],6,6,18,0,6
1,<environment.Job instance at 0x151eba4ddb40>,5,1,[9 1],7,18,19,11,7
1,<environment.Job instance at 0x151e82824550>,2,1,[2 7],4,4,5,0,4
1,<environment.Job instance at 0x151e82824410>,3,2,[7 2],5,5,7,0,5
1,<environment.Job instance at 0x151eb81c8870>,1,3,[2 6],2,2,5,0,2
1,<environment.Job instance at 0x151eb81c8f50>,2,18,[2 5],3,5,23,2,3
1,<environment.Job instance at 0x151eb81c8550>,4,12,[6 2],5,5,17,0,5
1,<environment.Job instance at 0x151eb81c82d0>,5,17,[ 1 10],7,40,57,33,40
1,<environment.Job instance at 0x151eb81c5280>,0,2,[6 2],1,1,3,0,1
1,<environment.Job instance at 0x151eba905870>,2,2,[1 7],4,4,6,0,4
1,<environment.Job instance at 0x151e8289e690>,0,2,[1 6],1,1,3,0,1
1,<environment.Job instance at 0x151e822a8cd0>,2,3,[2 6],5,14,17,9,14
1,<environment.Job instance at 0x151e826ff500>,0,3,[1 5],1,1,4,0,1
1,<environment.Job instance at 0x151e826ff0f0>,1,1,[1 5],2,3,4,1,3
1,<environment.Job instance at 0x151ebd7ec230>,3,1,[8 1],6,6,7,0,6
1,<environment.Job instance at 0x151ebd7ec550>,4,3,[8 1],8,8,11,0,8
1,<environment.Job instance at 0x151e82d94af0>,2,3,[2 7],6,47,50,41,47
1,<environment.Job instance at 0x151e82802d70>,0,2,[9 2],1,1,3,0,1
1,<environment.Job instance at 0x151ebd7ec550>,3,26,[2 9],4,9,35,5,9
1,<environment.Job instance at 0x151e823bfb90>,0,3,[10  2],1,1,4,0,1
1,<environment.Job instance at 0x151ebf6bfeb0>,3,22,[2 6],5,5,27,0,5
1,<environment.Job instance at 0x151e823bfaf0>,4,3,[8 1],6,6,9,0,6
1,<environment.Job instance at 0x151eba93c730>,1,17,[7 1],2,2,19,0,2
1,<environment.Job instance at 0x151eba93cb40>,2,15,[ 1 10],6,19,34,13,9
1,<environment.Job instance at 0x151eb7d45500>,1,3,[ 1 10],4,4,7,0,4
1,<environment.Job instance at 0x151e82e9f9b0>,2,15,[9 2],6,7,22,1,6
1,<environment.Job instance at 0x151e82764780>,2,20,[2 5],6,6,26,0,6
1,<environment.Job instance at 0x151e8282d870>,4,14,[1 7],8,26,40,18,12
1,<environment.Job instance at 0x151eb9970910>,4,1,[2 8],5,5,6,0,5
1,<environment.Job instance at 0x151eb9970320>,5,1,[10  1],6,6,7,0,6
1,<environment.Job instance at 0x151e82ca70f0>,1,2,[2 7],2,7,9,5,7
1,<environment.Job instance at 0x151eb9970e10>,0,1,[2 5],3,3,4,0,3
1,<environment.Job instance at 0x151eb99631e0>,2,20,[9 1],5,5,25,0,5
1,<environment.Job instance at 0x151ebecae640>,2,3,[7 2],3,4,7,1,4
1,<environment.Job instance at 0x151ebecae6e0>,5,3,[9 1],8,8,11,0,8
1,<environment.Job instance at 0x151e82c89230>,3,12,[6 2],6,6,18,0,6
1,<environment.Job instance at 0x151e8258c230>,4,1,[10  2],9,18,19,9,9
1,<environment.Job instance at 0x151eba5293c0>,0,1,[5 2],1,2,3,1,2
1,<environment.Job instance at 0x151eba529910>,2,1,[5 2],4,4,5,0,4
1,<environment.Job instance at 0x151eb9a5fd70>,4,15,[5 1],8,8,23,0,8
1,<environment.Job instance at 0x151ec05cea50>,1,2,[6 1],2,2,4,0,2
1,<environment.Job instance at 0x151ec05ce2d0>,2,14,[5 1],4,4,18,0,4
1,<environment.Job instance at 0x151e828566e0>,4,2,[1 5],6,6,8,0,6
1,<environment.Job instance at 0x151e82856640>,6,15,[2 9],8,8,23,0,8
1,<environment.Job instance at 0x151e828569b0>,2,19,[1 7],3,3,22,0,3
1,<environment.Job instance at 0x151e8227c280>,4,14,[9 1],5,6,20,1,6
1,<environment.Job instance at 0x151e8227c2d0>,6,15,[2 9],7,22,37,15,12
1,<environment.Job instance at 0x151e8227caa0>,1,18,[9 2],5,6,24,1,6
1,<environment.Job instance at 0x151e82653460>,1,1,[1 7],2,1239,1240,1237,1239
1,<environment.Job instance at 0x151e8286baa0>,0,2,[2 5],1,1,3,0,1
1,<environment.Job instance at 0x151e8286b730>,2,18,[10  2],3,4,22,1,4
1,<environment.Job instance at 0x151e8286b960>,6,15,[2 8],9,22,37,13,9
1,<environment.Job instance at 0x151e8249cfa0>,0,3,[2 9],1,1,4,0,1
1,<environment.Job instance at 0x151e82855be0>,1,2,[2 6],4,5,7,1,5
1,<environment.Job instance at 0x151e8249c6e0>,2,2,[5 1],5,6,8,1,6
1,<environment.Job instance at 0x151e8249ce10>,4,3,[9 2],8,8,11,0,8
1,<environment.Job instance at 0x151e8249c960>,1,3,[1 9],2,3,6,1,3
1,<environment.Job instance at 0x151e82b2faf0>,2,1,[7 1],3,6,7,3,6
1,<environment.Job instance at 0x151e82d64a00>,5,2,[10  1],7,7,9,0,7
1,<environment.Job instance at 0x151e82503fa0>,0,2,[2 8],1,1,3,0,1
1,<environment.Job instance at 0x151eba8afb90>,2,16,[10  1],3,5,21,2,5
1,<environment.Job instance at 0x151e82cf82d0>,5,12,[2 7],8,21,33,13,8
1,<environment.Job instance at 0x151e82cf8730>,6,2,[8 1],9,21,23,12,9
1,<environment.Job instance at 0x151e82cf8b40>,1,26,[1 8],2,2,28,0,2
1,<environment.Job instance at 0x151ebecb98c0>,2,12,[8 2],3,194,206,191,194
1,<environment.Job instance at 0x151e82b6cd70>,2,14,[ 2 10],4,4,18,0,4
1,<environment.Job instance at 0x151e82b6c6e0>,3,12,[1 6],5,18,30,13,5
1,<environment.Job instance at 0x151e82b6c320>,5,1,[8 1],8,18,19,10,8
1,<environment.Job instance at 0x151e823d10a0>,3,1,[7 1],4,4,5,0,4
1,<environment.Job instance at 0x151e82f17e60>,4,17,[10  1],5,6,23,1,6
1,<environment.Job instance at 0x151eb40eb0f0>,6,2,[8 1],8,23,25,15,8
1,<environment.Job instance at 0x151ebecf0a50>,5,21,[2 9],6,23,44,17,15
1,<environment.Job instance at 0x151eb99cab40>,5,1,[2 6],8,18,19,10,18
1,<environment.Job instance at 0x151eb99ca370>,2,15,[2 8],4,76,91,72,76
1,<environment.Job instance at 0x151eb94fbdc0>,3,3,[2 6],7,8,11,1,8
1,<environment.Job instance at 0x151e82cf6460>,1,3,[5 1],3,3,6,0,3
1,<environment.Job instance at 0x151e824cdcd0>,2,27,[1 6],4,5,32,1,5
1,<environment.Job instance at 0x151eba510aa0>,4,3,[2 5],7,32,35,25,7
1,<environment.Job instance at 0x151eb7d350f0>,3,16,[1 8],5,2844,2860,2839,2844
1,<environment.Job instance at 0x151e82cf6c30>,1,28,[1 9],3,17,45,14,17
1,<environment.Job instance at 0x151e827dd0a0>,5,26,[ 2 10],8,45,71,37,44
1,<environment.Job instance at 0x151e827dd8c0>,1,1,[1 8],6,11,12,5,11
1,<environment.Job instance at 0x151ec17c3820>,1,1,[1 8],2,4,5,2,4
1,<environment.Job instance at 0x151eba871e60>,3,24,[2 7],5,10,34,5,10
1,<environment.Job instance at 0x151e82ad5be0>,3,3,[9 2],6,6,9,0,6
1,<environment.Job instance at 0x151eba8a35a0>,4,2,[6 1],8,9,11,1,8
1,<environment.Job instance at 0x151e82a02c80>,5,20,[2 6],9,13,33,4,13
1,<environment.Job instance at 0x151e82a05280>,1,2,[9 2],3,3,5,0,3
1,<environment.Job instance at 0x151ebf619780>,2,18,[1 8],4,4,22,0,4
1,<environment.Job instance at 0x151eb40505f0>,1,2,[1 7],3,1537,1539,1534,1537
1,<environment.Job instance at 0x151e82864cd0>,1,13,[5 2],2,2,15,0,2
1,<environment.Job instance at 0x151e82864960>,3,3,[7 1],5,15,18,10,5
1,<environment.Job instance at 0x151e828646e0>,5,21,[1 7],7,1281,1302,1274,1281
1,<environment.Job instance at 0x151eb7d46a50>,0,2,[2 7],2,2,4,0,2
1,<environment.Job instance at 0x151eb7d46640>,1,3,[1 5],3,4,7,1,3
1,<environment.Job instance at 0x151eb7d462d0>,3,1,[7 1],7,7,8,0,7
1,<environment.Job instance at 0x151eb7d46b90>,4,3,[1 9],8,9,12,1,9
1,<environment.Job instance at 0x151eba4e7f00>,2,18,[ 1 10],4,4,22,0,4
1,<environment.Job instance at 0x151e829a8b40>,4,2,[10  1],6,22,24,16,6
1,<environment.Job instance at 0x151e826466e0>,6,1,[1 7],9,24,25,15,10
1,<environment.Job instance at 0x151e82d44a00>,2,2,[1 9],5,5,7,0,5
1,<environment.Job instance at 0x151ebf74adc0>,3,3,[10  1],6,7,10,1,6
1,<environment.Job instance at 0x151e82fe5410>,5,2,[6 1],9,10,12,1,9
1,<environment.Job instance at 0x151ec0cf4820>,1,3,[8 1],2,2,5,0,2
1,<environment.Job instance at 0x151ec0cf4af0>,2,15,[1 7],3,4,19,1,4
1,<environment.Job instance at 0x151ec0cf4e60>,3,18,[ 2 10],4,19,37,15,8
1,<environment.Job instance at 0x151e82746fa0>,2,3,[2 7],4,4,7,0,4
1,<environment.Job instance at 0x151e827462d0>,3,3,[1 5],5,7,10,2,5
1,<environment.Job instance at 0x151e827466e0>,5,19,[5 1],7,7,26,0,7
1,<environment.Job instance at 0x151e825462d0>,6,3,[5 1],8,10,13,2,8
1,<environment.Job instance at 0x151e82546e60>,3,1,[ 2 10],7,7,8,0,7
1,<environment.Job instance at 0x151e82d6c0a0>,1,2,[6 1],3,3,5,0,3
1,<environment.Job instance at 0x151e82d6c410>,4,3,[2 5],7,7,10,0,7
1,<environment.Job instance at 0x151e82321690>,5,16,[8 1],8,8,24,0,8
1,<environment.Job instance at 0x151e82321b40>,2,20,[9 2],3,3,23,0,3
1,<environment.Job instance at 0x151e82321e10>,4,14,[2 5],6,23,37,17,9
1,<environment.Job instance at 0x151e82beec80>,5,18,[ 2 10],7,175,193,168,175
1,<environment.Job instance at 0x151e823e19b0>,3,2,[2 7],8,177,179,169,177
1,<environment.Job instance at 0x151e82b9bc80>,0,2,[6 1],1,1,3,0,1
1,<environment.Job instance at 0x151e8292ab40>,0,2,[6 1],1,1,3,0,1
1,<environment.Job instance at 0x151e82d902d0>,1,2,[9 2],3,7,9,4,7
1,<environment.Job instance at 0x151eb9961cd0>,5,2,[1 9],7,11,13,4,11
1,<environment.Job instance at 0x151eb99819b0>,7,1,[5 1],9,29,30,20,29
1,<environment.Job instance at 0x151eb99448c0>,1,1,[10  2],2,3,4,1,3
1,<environment.Job instance at 0x151e82c6ae10>,2,1,[9 2],4,4,5,0,4
1,<environment.Job instance at 0x151ec10670a0>,0,2,[10  1],1,1,3,0,1
1,<environment.Job instance at 0x151e82c6ae10>,2,15,[2 9],3,3,18,0,3
1,<environment.Job instance at 0x151ec10673c0>,3,23,[1 7],4,18,41,14,12
1,<environment.Job instance at 0x151e82c87780>,8,13,[ 1 10],9,41,54,32,25
1,<environment.Job instance at 0x151e82f030f0>,2,3,[2 5],5,772,775,767,772
1,<environment.Job instance at 0x151e825dbb40>,4,2,[6 2],7,7,9,0,7
1,<environment.Job instance at 0x151eb411ebe0>,1,22,[2 7],2,2,24,0,2
1,<environment.Job instance at 0x151e825554b0>,4,2,[ 1 10],9,24,26,15,9
1,<environment.Job instance at 0x151e82555050>,1,3,[2 7],2,38,41,36,38
1,<environment.Job instance at 0x151ebed0f870>,1,3,[1 9],2,11,14,9,11
1,<environment.Job instance at 0x151e82bb8b40>,5,14,[2 8],8,122,136,114,122
1,<environment.Job instance at 0x151eb9977b90>,1,3,[9 1],2,2,5,0,2
1,<environment.Job instance at 0x151eb9977c30>,2,2,[7 1],4,5,7,1,4
1,<environment.Job instance at 0x151e82ece0a0>,4,3,[8 1],7,7,10,0,7
1,<environment.Job instance at 0x151e82ecec80>,3,17,[2 8],5,8,25,3,8
1,<environment.Job instance at 0x151e82ecea00>,5,26,[ 1 10],8,25,51,17,23
1,<environment.Job instance at 0x151eb9513b40>,1,14,[2 6],3,3,17,0,3
1,<environment.Job instance at 0x151eb9513280>,2,3,[2 8],4,17,20,13,4
1,<environment.Job instance at 0x151eb9513a50>,4,1,[ 1 10],8,31,32,23,31
1,<environment.Job instance at 0x151eb9b195a0>,0,2,[1 5],1,2,4,1,2
1,<environment.Job instance at 0x151eb9bc94b0>,1,3,[5 2],2,2,5,0,2
1,<environment.Job instance at 0x151eb9b19b40>,2,1,[10  2],3,5,6,2,3
1,<environment.Job instance at 0x151eb9513be0>,6,2,[5 2],8,8,10,0,8
1,<environment.Job instance at 0x151e82e778c0>,2,23,[ 2 10],3,3,26,0,3
1,<environment.Job instance at 0x151eba928910>,3,27,[ 1 10],6,28,55,22,28
1,<environment.Job instance at 0x151eba4c5410>,1,1,[2 5],6,67,68,61,67
1,<environment.Job instance at 0x151eba615a50>,2,3,[5 1],3,7,10,4,7
1,<environment.Job instance at 0x151eba615190>,5,1,[10  2],9,10,11,1,9
1,<environment.Job instance at 0x151e825755a0>,1,3,[1 6],4,4,7,0,4
1,<environment.Job instance at 0x151e82b105a0>,4,1,[2 6],8,8,9,0,8
1,<environment.Job instance at 0x151e82b102d0>,5,23,[2 7],9,28,51,19,28
1,<environment.Job instance at 0x151e82b10820>,1,2,[2 9],2,3,5,1,3
1,<environment.Job instance at 0x151ebd81e5a0>,2,3,[2 9],3,5,8,2,3
1,<environment.Job instance at 0x151e82b10910>,3,2,[2 5],4,8,10,4,4
1,<environment.Job instance at 0x151eba5c8910>,4,3,[6 1],5,5,8,0,5
1,<environment.Job instance at 0x151eba5c8a50>,7,3,[9 1],8,10,13,2,8
1,<environment.Job instance at 0x151eb408f550>,6,3,[2 8],7,13,16,6,9
1,<environment.Job instance at 0x151eba5c35f0>,1,2,[9 2],2,2,4,0,2
1,<environment.Job instance at 0x151eba5c35a0>,3,14,[8 2],5,6,20,1,6
1,<environment.Job instance at 0x151eb81c8960>,5,24,[1 6],7,53,77,46,53
1,<environment.Job instance at 0x151eba485370>,0,3,[9 1],1,1,4,0,1
1,<environment.Job instance at 0x151eba485820>,1,2,[8 1],2,4,6,2,2
1,<environment.Job instance at 0x151eba485870>,7,2,[1 6],9,9,11,0,9
1,<environment.Job instance at 0x151ebbb96410>,2,2,[1 5],9,11,13,2,11
1,<environment.Job instance at 0x151e82b5e190>,1,1,[1 6],2,6,7,4,6
1,<environment.Job instance at 0x151ebedb2be0>,4,1,[ 1 10],7,7,8,0,7
1,<environment.Job instance at 0x151ebedb2960>,5,12,[ 2 10],8,9,21,1,9
1,<environment.Job instance at 0x151e82b5e5a0>,1,1,[7 2],3,4,5,1,4
1,<environment.Job instance at 0x151e82ee4e10>,2,16,[2 7],4,74,90,70,74
1,<environment.Job instance at 0x151eba52f910>,1,3,[9 1],4,4,7,0,4
1,<environment.Job instance at 0x151e8289ef00>,3,3,[10  2],6,7,10,1,6
1,<environment.Job instance at 0x151e8289e0f0>,0,2,[8 1],3,3,5,0,3
1,<environment.Job instance at 0x151e8289e8c0>,2,3,[10  1],6,6,9,0,6
1,<environment.Job instance at 0x151e8289e460>,3,3,[5 2],7,9,12,2,7
1,<environment.Job instance at 0x151eb81f7b40>,4,3,[1 6],8,9,12,1,8
1,<environment.Job instance at 0x151eb9c0deb0>,0,2,[10  2],1,1,3,0,1
1,<environment.Job instance at 0x151e82b69a00>,1,3,[2 6],2,3,6,1,2
1,<environment.Job instance at 0x151eb7d62aa0>,5,16,[2 7],7,35,51,28,35
1,<environment.Job instance at 0x151eb997e410>,6,2,[8 1],8,87,89,79,87
1,<environment.Job instance at 0x151e82e9f960>,1,3,[10  1],3,3,6,0,3
1,<environment.Job instance at 0x151e82b693c0>,2,13,[7 2],5,7,20,2,7
1,<environment.Job instance at 0x151eb405a320>,3,15,[8 2],4,4,19,0,4
1,<environment.Job instance at 0x151ebed715a0>,3,2,[10  1],6,6,8,0,6
1,<environment.Job instance at 0x151ebed71280>,5,27,[9 2],8,8,35,0,8
1,<environment.Job instance at 0x151ebed711e0>,1,3,[2 6],5,5,8,0,5
1,<environment.Job instance at 0x151e82e11370>,3,16,[9 2],9,14,30,5,14
1,<environment.Job instance at 0x151e82ce6910>,0,3,[1 6],1,1,4,0,1
1,<environment.Job instance at 0x151e82ce6690>,2,3,[7 1],4,4,7,0,4
1,<environment.Job instance at 0x151e82ce69b0>,3,2,[7 1],5,7,9,2,5
1,<environment.Job instance at 0x151e82ce6870>,5,2,[6 1],7,9,11,2,7
1,<environment.Job instance at 0x151ebed6e050>,6,3,[2 7],8,8,11,0,8
1,<environment.Job instance at 0x151ebed6e780>,7,1,[2 7],9,11,12,2,9
1,<environment.Job instance at 0x151e82d1b460>,3,14,[7 2],4,4,18,0,4
1,<environment.Job instance at 0x151e82a55f00>,0,3,[1 7],1,1,4,0,1
1,<environment.Job instance at 0x151e827be3c0>,0,1,[6 1],1,2,3,1,2
1,<environment.Job instance at 0x151ec0cf4be0>,1,2,[1 7],2,2,4,0,2
1,<environment.Job instance at 0x151e8238de10>,3,3,[1 9],5,5,8,0,5
1,<environment.Job instance at 0x151e82c290f0>,6,3,[6 1],9,9,12,0,9
1,<environment.Job instance at 0x151eba4fe370>,2,3,[ 2 10],5,5,8,0,5
1,<environment.Job instance at 0x151eb7f98370>,0,2,[2 9],1,1,3,0,1
1,<environment.Job instance at 0x151eb7f980a0>,1,3,[ 1 10],3,3,6,0,3
1,<environment.Job instance at 0x151eb7f98c30>,2,1,[7 1],4,6,7,2,4
1,<environment.Job instance at 0x151eb7f98960>,4,3,[9 2],7,7,10,0,7
1,<environment.Job instance at 0x151ebf68eaf0>,3,14,[6 1],7,7,21,0,7
1,<environment.Job instance at 0x151eb9a90be0>,2,2,[1 9],4,14,16,10,14
1,<environment.Job instance at 0x151e82f4d2d0>,1,3,[2 7],7,7,10,0,7
1,<environment.Job instance at 0x151e82eb60a0>,1,15,[1 8],2,2,17,0,2
1,<environment.Job instance at 0x151e82eb6190>,2,3,[8 2],4,4,7,0,4
1,<environment.Job instance at 0x151e829b8640>,5,16,[5 1],7,7,23,0,7
1,<environment.Job instance at 0x151e829b8b40>,6,3,[ 2 10],9,23,26,14,9
1,<environment.Job instance at 0x151e8280df00>,0,2,[6 2],1,1,3,0,1
1,<environment.Job instance at 0x151e8280d780>,5,2,[ 1 10],7,7,9,0,7
1,<environment.Job instance at 0x151ebf632230>,1,1,[1 8],2,4,5,2,4
1,<environment.Job instance at 0x151e82df1820>,4,1,[2 9],5,11,12,6,11
1,<environment.Job instance at 0x151ec0c1d190>,0,3,[6 1],1,1,4,0,1
1,<environment.Job instance at 0x151ec0c1d960>,4,17,[2 9],6,1403,1420,1397,1403
1,<environment.Job instance at 0x151eb9b67280>,2,3,[6 2],4,4,7,0,4
1,<environment.Job instance at 0x151ebec531e0>,1,2,[1 5],3,7,9,4,7
1,<environment.Job instance at 0x151eb9b00960>,5,2,[2 5],9,9,11,0,9
1,<environment.Job instance at 0x151ebed3bf00>,3,1,[5 1],4,4,5,0,4
1,<environment.Job instance at 0x151ebed3b960>,4,3,[5 2],5,5,8,0,5
1,<environment.Job instance at 0x151ebf6fdf00>,5,1,[8 1],6,8,9,2,6
1,<environment.Job instance at 0x151ebed3b8c0>,6,28,[1 8],8,8,36,0,8
1,<environment.Job instance at 0x151eb9b18140>,1,15,[1 5],2,36,51,34,25
1,<environment.Job instance at 0x151e829ca2d0>,4,15,[7 1],7,7,22,0,7
1,<environment.Job instance at 0x151e829ca3c0>,1,18,[5 1],4,4,22,0,4
1,<environment.Job instance at 0x151e8273b460>,5,2,[ 1 10],8,22,24,14,8
1,<environment.Job instance at 0x151e8273bb40>,0,3,[10  2],1,1,4,0,1
1,<environment.Job instance at 0x151e8273b370>,3,1,[ 1 10],8,8,9,0,8
1,<environment.Job instance at 0x151eb9afdbe0>,4,2,[5 2],9,9,11,0,9
1,<environment.Job instance at 0x151eb99bbcd0>,7,12,[ 1 10],9,9,21,0,9
1,<environment.Job instance at 0x151eb41b7550>,0,3,[6 2],1,1,4,0,1
1,<environment.Job instance at 0x151e825128c0>,2,15,[1 5],9,10,25,1,10
1,<environment.Job instance at 0x151e829debe0>,1,1,[9 2],3,8,9,5,8
1,<environment.Job instance at 0x151e8231fc80>,1,3,[1 5],6,8,11,2,8
1,<environment.Job instance at 0x151e8231f690>,4,2,[9 1],9,10,12,1,10
1,<environment.Job instance at 0x151e82afefa0>,1,2,[1 5],3,3,5,0,3
1,<environment.Job instance at 0x151e82afec80>,2,3,[2 9],4,5,8,1,4
1,<environment.Job instance at 0x151e82afebe0>,4,3,[6 2],6,8,11,2,6
1,<environment.Job instance at 0x151e82afeb90>,5,19,[1 9],7,11,30,4,7
1,<environment.Job instance at 0x151eba91b190>,0,1,[9 2],1,2,3,1,2
1,<environment.Job instance at 0x151e8233f320>,1,3,[2 8],2,13,16,11,13
1,<environment.Job instance at 0x151ebf65ba50>,6,19,[8 2],7,19,38,12,19
1,<environment.Job instance at 0x151e8233feb0>,3,2,[1 7],4,186,188,182,186
1,<environment.Job instance at 0x151ebf6957d0>,0,3,[2 6],3,3,6,0,3
1,<environment.Job instance at 0x151ebf735f50>,3,1,[2 6],7,7,8,0,7
1,<environment.Job instance at 0x151eb9b01280>,1,1,[2 8],3,6,7,3,6
1,<environment.Job instance at 0x151e827fe5f0>,0,2,[2 5],1,2,4,1,2
1,<environment.Job instance at 0x151e827fec30>,1,13,[1 5],2,4,17,2,4
1,<environment.Job instance at 0x151e827feaf0>,3,3,[6 1],5,5,8,0,5
1,<environment.Job instance at 0x151e827fe8c0>,4,3,[2 9],6,17,20,11,6
1,<environment.Job instance at 0x151eb8244eb0>,0,2,[ 2 10],1,3,5,2,3
1,<environment.Job instance at 0x151e827fe870>,1,1,[2 5],2,5,6,3,4
1,<environment.Job instance at 0x151eb8244f00>,4,2,[8 1],6,7,9,1,7
1,<environment.Job instance at 0x151e827fedc0>,5,17,[2 6],7,7,24,0,7
1,<environment.Job instance at 0x151eb8244f50>,2,12,[1 7],3,24,36,21,20
1,<environment.Job instance at 0x151e82a216e0>,2,1,[ 1 10],5,5,6,0,5
1,<environment.Job instance at 0x151e82a21d20>,3,18,[9 2],6,6,24,0,6
1,<environment.Job instance at 0x151e82a213c0>,4,1,[5 1],7,24,25,17,7
1,<environment.Job instance at 0x151eb9b8fcd0>,0,1,[9 2],2,2,3,0,2
1,<environment.Job instance at 0x151ebf6cb460>,3,1,[10  1],6,6,7,0,6
1,<environment.Job instance at 0x151e829f5e10>,0,2,[1 9],1,1,3,0,1
1,<environment.Job instance at 0x151e822e1a00>,1,2,[1 6],2,3,5,1,2
1,<environment.Job instance at 0x151e822e1910>,3,23,[5 2],4,4,27,0,4
1,<environment.Job instance at 0x151e829f5c30>,4,16,[1 8],5,28,44,23,28
1,<environment.Job instance at 0x151e829f5cd0>,8,28,[2 9],9,46,74,37,46
1,<environment.Job instance at 0x151e82b5ec30>,0,2,[7 2],1,1,3,0,1
1,<environment.Job instance at 0x151e82b5edc0>,2,3,[ 2 10],3,3,6,0,3
1,<environment.Job instance at 0x151e829f5a00>,4,13,[ 2 10],5,195,208,190,195
1,<environment.Job instance at 0x151eb9a35aa0>,1,3,[1 6],2,16,19,14,16
1,<environment.Job instance at 0x151e82cb9dc0>,6,2,[9 2],7,17,19,10,17
1,<environment.Job instance at 0x151e82cb99b0>,7,1,[8 1],8,19,20,11,18
1,<environment.Job instance at 0x151eb9a35b90>,2,1,[9 1],3,131,132,128,131
1,<environment.Job instance at 0x151eb4065cd0>,1,2,[10  2],2,3,5,1,3
1,<environment.Job instance at 0x151eb4065910>,3,2,[6 1],4,5,7,1,4
1,<environment.Job instance at 0x151eb414baa0>,4,13,[9 1],6,7,20,1,7
1,<environment.Job instance at 0x151eb4065c30>,5,3,[10  1],8,20,23,12,8
1,<environment.Job instance at 0x151eb4065280>,6,16,[2 5],9,23,39,14,14
1,<environment.Job instance at 0x151e82b104b0>,1,3,[9 1],2,2,5,0,2
1,<environment.Job instance at 0x151e82490960>,2,16,[ 1 10],3,78,94,75,78
1,<environment.Job instance at 0x151e82490eb0>,3,3,[8 1],4,161,164,157,161
1,<environment.Job instance at 0x151eb81f2e60>,1,1,[2 5],3,6,7,3,6
1,<environment.Job instance at 0x151eb4121460>,0,2,[9 1],1,1,3,0,1
1,<environment.Job instance at 0x151eb41214b0>,1,1,[ 1 10],2,4,5,2,4
1,<environment.Job instance at 0x151eb41213c0>,2,16,[1 8],4,24,40,20,24
1,<environment.Job instance at 0x151e826a7500>,0,1,[10  2],1,2,3,1,2
1,<environment.Job instance at 0x151e826a7be0>,3,13,[1 7],4,4,17,0,4
1,<environment.Job instance at 0x151eba4a15a0>,3,17,[6 1],8,20,37,12,20
1,<environment.Job instance at 0x151e8246f7d0>,0,2,[8 2],1,1,3,0,1
1,<environment.Job instance at 0x151e8246f6e0>,2,1,[2 5],3,5,6,2,5
1,<environment.Job instance at 0x151e82b64b90>,6,1,[6 2],9,76,77,67,76
1,<environment.Job instance at 0x151e82b646e0>,3,13,[ 1 10],5,5,18,0,5
1,<environment.Job instance at 0x151e82b69870>,2,2,[8 1],3,3,5,0,3
1,<environment.Job instance at 0x151e82b69be0>,1,15,[6 2],2,5,20,3,3
1,<environment.Job instance at 0x151e82b69050>,4,3,[2 7],5,5,8,0,5
1,<environment.Job instance at 0x151e82b69af0>,5,2,[2 9],6,20,22,14,6
1,<environment.Job instance at 0x151e82b69640>,6,15,[1 8],8,22,37,14,8
1,<environment.Job instance at 0x151e82b698c0>,1,2,[6 1],2,3,5,1,3
1,<environment.Job instance at 0x151eba4a13c0>,2,1,[6 2],3,5,6,2,4
1,<environment.Job instance at 0x151eba60dc80>,5,17,[2 8],6,11,28,5,11
1,<environment.Job instance at 0x151e82653870>,0,1,[1 5],1,1,2,0,1
1,<environment.Job instance at 0x151e82875fa0>,2,12,[1 7],4,6,18,2,6
1,<environment.Job instance at 0x151e828612d0>,5,20,[2 9],7,18,38,11,9
1,<environment.Job instance at 0x151e82861460>,7,15,[1 7],9,48,63,39,48
1,<environment.Job instance at 0x151e82861c80>,2,28,[1 5],5,72,100,67,72
1,<environment.Job instance at 0x151e823a5be0>,1,1,[9 1],2,2,3,0,2
1,<environment.Job instance at 0x151e82e93910>,2,2,[9 2],4,4,6,0,4
1,<environment.Job instance at 0x151e82e93f00>,3,2,[1 7],6,6,8,0,6
1,<environment.Job instance at 0x151e82e930f0>,4,1,[1 8],9,9,10,0,9
1,<environment.Job instance at 0x151e82343190>,0,3,[1 6],2,2,5,0,2
1,<environment.Job instance at 0x151e823437d0>,3,25,[2 7],6,21,46,15,21
1,<environment.Job instance at 0x151ec18b9230>,3,2,[6 2],4,4,6,0,4
1,<environment.Job instance at 0x151eb9c0ec30>,4,2,[ 1 10],5,6,8,1,5
1,<environment.Job instance at 0x151eba84eeb0>,5,21,[6 2],7,7,28,0,7
1,<environment.Job instance at 0x151eba84e370>,6,15,[9 1],8,28,43,20,18
1,<environment.Job instance at 0x151ec0c65140>,1,17,[5 1],4,5,22,1,5
1,<environment.Job instance at 0x151e826fda50>,2,16,[1 8],6,7,23,1,7
1,<environment.Job instance at 0x151eb9970230>,2,1,[8 1],5,5,6,0,5
1,<environment.Job instance at 0x151eb9970d70>,3,3,[6 1],6,6,9,0,6
1,<environment.Job instance at 0x151eb9970820>,5,17,[9 2],9,9,26,0,9
1,<environment.Job instance at 0x151eb9970c80>,1,1,[1 5],4,5,6,1,5
1,<environment.Job instance at 0x151eb9970f50>,2,3,[8 1],5,6,9,1,6
1,<environment.Job instance at 0x151ebf5d8140>,4,2,[6 1],7,9,11,2,7
1,<environment.Job instance at 0x151ebf5d8640>,5,1,[1 6],9,10,11,1,10
1,<environment.Job instance at 0x151e82b140a0>,1,2,[6 1],3,3,5,0,3
1,<environment.Job instance at 0x151ebf5d8d20>,2,1,[1 5],6,10,11,4,10
1,<environment.Job instance at 0x151eba8eb2d0>,0,2,[6 2],1,1,3,0,1
1,<environment.Job instance at 0x151e82aa90a0>,3,13,[10  1],7,7,20,0,7
1,<environment.Job instance at 0x151e82fb4140>,5,3,[5 2],9,20,23,11,9
1,<environment.Job instance at 0x151e82fb4960>,0,3,[8 1],3,3,6,0,3
1,<environment.Job instance at 0x151e82fb4050>,1,1,[ 2 10],4,6,7,2,5
1,<environment.Job instance at 0x151e82fb4140>,3,2,[1 6],6,8,10,2,8
1,<environment.Job instance at 0x151e82d54140>,4,2,[2 5],7,10,12,3,9
1,<environment.Job instance at 0x151e82e77d20>,1,2,[2 6],3,10,12,7,10
1,<environment.Job instance at 0x151e82e772d0>,5,1,[1 8],9,34,35,25,34
1,<environment.Job instance at 0x151eb9c221e0>,1,3,[7 2],2,2,5,0,2
1,<environment.Job instance at 0x151e82abf2d0>,2,27,[2 5],6,6,33,0,6
1,<environment.Job instance at 0x151e82abfaf0>,4,3,[1 9],8,315,318,307,315
1,<environment.Job instance at 0x151eb4127230>,0,2,[ 2 10],2,2,4,0,2
1,<environment.Job instance at 0x151eba5fa640>,5,2,[ 2 10],8,8,10,0,8
1,<environment.Job instance at 0x151e82bc9e10>,2,2,[2 8],4,4,6,0,4
1,<environment.Job instance at 0x151e82ea2e60>,0,2,[1 9],1,1,3,0,1
1,<environment.Job instance at 0x151eb419f690>,3,1,[6 1],8,8,9,0,8
1,<environment.Job instance at 0x151eb4127320>,1,1,[8 2],2,2,3,0,2
1,<environment.Job instance at 0x151e82ea2190>,4,2,[2 8],7,7,9,0,7
1,<environment.Job instance at 0x151e823d9280>,5,3,[10  1],8,9,12,1,8
1,<environment.Job instance at 0x151e82452eb0>,1,2,[1 9],2,16,18,14,16
1,<environment.Job instance at 0x151e823a5910>,0,1,[1 8],2,4,5,2,4
1,<environment.Job instance at 0x151e8283fa50>,3,19,[ 1 10],7,7,26,0,7
1,<environment.Job instance at 0x151e82529dc0>,0,3,[1 6],1,1,4,0,1
1,<environment.Job instance at 0x151eb410dc80>,2,2,[9 2],3,3,5,0,3
1,<environment.Job instance at 0x151e82529d20>,1,2,[2 5],2,5,7,3,3
1,<environment.Job instance at 0x151e8273ae10>,5,3,[1 7],7,7,10,0,7
1,<environment.Job instance at 0x151e8273a5a0>,6,2,[ 1 10],8,10,12,2,9
1,<environment.Job instance at 0x151e8273a0a0>,7,3,[1 6],9,12,15,3,10
1,<environment.Job instance at 0x151e82bde230>,0,3,[6 2],2,3,6,1,3
1,<environment.Job instance at 0x151e82bde550>,1,26,[1 7],3,5,31,2,5
1,<environment.Job instance at 0x151e822b0c30>,5,22,[1 7],8,31,53,23,26
1,<environment.Job instance at 0x151e829bc1e0>,0,3,[ 1 10],1,1,4,0,1
1,<environment.Job instance at 0x151e829bc280>,2,25,[1 8],6,75,100,69,75
1,<environment.Job instance at 0x151e82358410>,1,2,[6 2],3,5,7,2,5
1,<environment.Job instance at 0x151eb9a90f50>,1,2,[8 1],3,3,5,0,3
1,<environment.Job instance at 0x151e82cd4c80>,2,15,[1 8],4,4,19,0,4
1,<environment.Job instance at 0x151e82cd4320>,3,1,[8 1],7,7,8,0,7
1,<environment.Job instance at 0x151e82cd41e0>,4,14,[2 5],9,19,33,10,9
1,<environment.Job instance at 0x151eb9b677d0>,1,3,[2 7],4,4,7,0,4
1,<environment.Job instance at 0x151eb9bfbd70>,2,3,[2 9],3,4,7,1,4
1,<environment.Job instance at 0x151eb994b0a0>,3,3,[1 8],5,7,10,2,6
1,<environment.Job instance at 0x151eb9bfb370>,4,3,[6 2],7,7,10,0,7
1,<environment.Job instance at 0x151eb9bfb050>,6,18,[10  2],9,10,28,1,10
1,<environment.Job instance at 0x151ebbb83640>,0,2,[8 1],1,1,3,0,1
1,<environment.Job instance at 0x151ebbb83050>,1,1,[ 2 10],2,4,5,2,4
1,<environment.Job instance at 0x151ebbb83910>,2,17,[1 8],4,5,22,1,5
1,<environment.Job instance at 0x151eb81c84b0>,0,2,[6 2],1,2,4,1,2
1,<environment.Job instance at 0x151eba8b1230>,2,1,[1 9],4,5,6,1,5
1,<environment.Job instance at 0x151e82e86050>,3,27,[2 7],5,7,34,2,7
1,<environment.Job instance at 0x151e82e86dc0>,6,2,[2 6],8,34,36,26,8
1,<environment.Job instance at 0x151e82e86780>,5,16,[2 9],7,43,59,36,43
1,<environment.Job instance at 0x151e82e86500>,0,3,[10  2],1,1,4,0,1
1,<environment.Job instance at 0x151e82e86780>,2,19,[1 8],4,14,33,10,14
1,<environment.Job instance at 0x151e82f94280>,0,3,[2 6],1,1,4,0,1
1,<environment.Job instance at 0x151eba4d7410>,2,16,[1 6],3,22,38,19,22
1,<environment.Job instance at 0x151ec0c40230>,1,1,[1 5],2,2,3,0,2
1,<environment.Job instance at 0x151ec0c40730>,2,15,[1 6],4,6,21,2,6
1,<environment.Job instance at 0x151eba89a640>,3,12,[2 6],6,21,33,15,8
1,<environment.Job instance at 0x151eba89ac80>,5,2,[2 6],9,33,35,24,9
1,<environment.Job instance at 0x151eba8fe370>,2,1,[2 7],3,3,4,0,3
1,<environment.Job instance at 0x151eb9b67b90>,2,17,[8 2],4,4,21,0,4
1,<environment.Job instance at 0x151e82bc2230>,2,3,[6 2],4,4,7,0,4
1,<environment.Job instance at 0x151e82c99e10>,3,2,[1 6],5,5,7,0,5
1,<environment.Job instance at 0x151e82bbf5f0>,6,3,[6 1],8,97,100,89,97
1,<environment.Job instance at 0x151e8232c910>,2,3,[7 1],3,5,8,2,5
1,<environment.Job instance at 0x151e8283f0f0>,3,1,[9 2],6,10,11,4,10
1,<environment.Job instance at 0x151eb8241960>,0,3,[1 6],1,1,4,0,1
1,<environment.Job instance at 0x151e826a8460>,2,3,[2 9],4,4,7,0,4
1,<environment.Job instance at 0x151eb82410f0>,4,3,[5 2],6,19,22,13,19
1,<environment.Job instance at 0x151eba581320>,1,23,[7 1],4,4,27,0,4
1,<environment.Job instance at 0x151e82502820>,0,2,[10  1],1,1,3,0,1
1,<environment.Job instance at 0x151eba5810a0>,2,2,[2 8],3,4,6,1,4
1,<environment.Job instance at 0x151e82491aa0>,5,2,[10  1],7,7,9,0,7
1,<environment.Job instance at 0x151eba4c7320>,4,25,[2 8],9,9,34,0,9
1,<environment.Job instance at 0x151e822b1af0>,1,1,[2 8],6,6,7,0,6
1,<environment.Job instance at 0x151e822b1280>,2,3,[8 1],7,7,10,0,7
1,<environment.Job instance at 0x151ec183e2d0>,1,3,[ 1 10],3,3,6,0,3
1,<environment.Job instance at 0x151e82b4f4b0>,1,2,[8 2],2,2,4,0,2
1,<environment.Job instance at 0x151eba848320>,4,3,[1 7],7,31,34,24,31
1,<environment.Job instance at 0x151e82fc3550>,0,1,[8 2],1,2,3,1,2
1,<environment.Job instance at 0x151e82fc3320>,1,2,[6 1],8,9,11,1,9
1,<environment.Job instance at 0x151e8273a550>,1,14,[1 5],2,2,16,0,2
1,<environment.Job instance at 0x151eb88967d0>,3,2,[1 5],4,4,6,0,4
1,<environment.Job instance at 0x151e82412c30>,4,2,[8 2],5,6,8,1,5
1,<environment.Job instance at 0x151e82412cd0>,6,18,[5 1],8,8,26,0,8
1,<environment.Job instance at 0x151e82412e60>,7,3,[1 6],9,16,19,7,9
1,<environment.Job instance at 0x151e8240f730>,1,3,[1 7],3,3,6,0,3
1,<environment.Job instance at 0x151e8255ec80>,3,1,[ 2 10],7,7,8,0,7
1,<environment.Job instance at 0x151e8255e820>,5,27,[1 8],9,45,72,36,45
1,<environment.Job instance at 0x151eba8af3c0>,0,2,[1 8],1,1,3,0,1
1,<environment.Job instance at 0x151eba8af280>,2,17,[7 2],3,3,20,0,3
1,<environment.Job instance at 0x151eb410ce10>,4,15,[2 8],6,104,119,98,104
1,<environment.Job instance at 0x151eba4dd0a0>,1,14,[2 9],4,4,18,0,4
1,<environment.Job instance at 0x151e82659730>,2,13,[9 2],6,18,31,12,6
1,<environment.Job instance at 0x151ebbb91d70>,4,3,[1 8],9,18,21,9,9
1,<environment.Job instance at 0x151ebf71c690>,1,2,[7 1],4,4,6,0,4
1,<environment.Job instance at 0x151ebf71cf50>,4,3,[5 2],8,11,14,3,11
1,<environment.Job instance at 0x151e824394b0>,1,3,[5 2],4,4,7,0,4
1,<environment.Job instance at 0x151ebf64d9b0>,3,2,[8 2],6,7,9,1,7
1,<environment.Job instance at 0x151eba5ee7d0>,0,3,[1 8],1,1,4,0,1
1,<environment.Job instance at 0x151ebbb982d0>,1,3,[ 1 10],4,4,7,0,4
1,<environment.Job instance at 0x151eb88a9280>,3,2,[1 9],7,7,9,0,7
1,<environment.Job instance at 0x151eb9bf6af0>,4,3,[5 2],8,9,12,1,9
1,<environment.Job instance at 0x151eb9bf6c30>,1,3,[7 1],5,6,9,1,6
1,<environment.Job instance at 0x151eb9bf6910>,3,21,[ 2 10],8,9,30,1,9
1,<environment.Job instance at 0x151eb9bf6140>,1,1,[8 2],3,3,4,0,3
1,<environment.Job instance at 0x151eb4064410>,5,15,[5 1],8,8,23,0,8
1,<environment.Job instance at 0x151eb4064c30>,1,1,[7 1],2,4,5,2,4
1,<environment.Job instance at 0x151eb823b0f0>,0,1,[7 2],2,2,3,0,2
1,<environment.Job instance at 0x151eb4064320>,2,1,[1 8],4,4,5,0,4
1,<environment.Job instance at 0x151eb9a3e3c0>,1,17,[6 1],3,12,29,9,12
1,<environment.Job instance at 0x151eb9aebd70>,4,23,[1 5],5,5,28,0,5
1,<environment.Job instance at 0x151e82daaf00>,2,3,[10  2],5,5,8,0,5
1,<environment.Job instance at 0x151e82daacd0>,6,27,[9 2],9,11,38,2,11
1,<environment.Job instance at 0x151e82fd8c80>,2,1,[7 1],3,6,7,3,6
1,<environment.Job instance at 0x151eb81b6230>,6,3,[2 7],7,7,10,0,7
1,<environment.Job instance at 0x151eba842a00>,4,14,[1 6],5,77,91,72,77
1,<environment.Job instance at 0x151e82622d70>,1,1,[2 8],2,2,3,0,2
1,<environment.Job instance at 0x151e82b5f370>,6,2,[2 6],7,7,9,0,7
1,<environment.Job instance at 0x151e82b5f0a0>,1,1,[2 5],3,3,4,0,3
1,<environment.Job instance at 0x151e8232f190>,1,3,[2 5],3,14,17,11,14
1,<environment.Job instance at 0x151e82b402d0>,5,1,[2 5],9,102,103,93,102
1,<environment.Job instance at 0x151eba4fe370>,1,19,[10  1],2,2,21,0,2
1,<environment.Job instance at 0x151eb4177c30>,0,3,[1 7],1,21,24,20,3
1,<environment.Job instance at 0x151eba582f00>,4,3,[ 1 10],5,24,27,19,5
1,<environment.Job instance at 0x151eb4177e10>,2,18,[1 7],3,27,45,24,16
1,<environment.Job instance at 0x151eba5825a0>,6,28,[ 2 10],8,68,96,60,68
1,<environment.Job instance at 0x151e82dbe780>,0,2,[8 1],1,1,3,0,1
1,<environment.Job instance at 0x151e82dbe3c0>,1,2,[ 2 10],2,3,5,1,2
1,<environment.Job instance at 0x151eb9c23780>,4,3,[6 1],5,5,8,0,5
1,<environment.Job instance at 0x151eba4eba00>,0,3,[10  1],3,3,6,0,3
1,<environment.Job instance at 0x151eba4ebc30>,4,16,[2 8],8,12,28,4,12
1,<environment.Job instance at 0x151e82b5f6e0>,0,2,[1 6],3,3,5,0,3
1,<environment.Job instance at 0x151ebbb98f00>,1,2,[ 2 10],3,3,5,0,3
1,<environment.Job instance at 0x151eba596cd0>,3,13,[2 7],8,8,21,0,8
1,<environment.Job instance at 0x151ec05da190>,4,1,[6 1],9,9,10,0,9
1,<environment.Job instance at 0x151eba8de960>,0,3,[10  1],1,1,4,0,1
1,<environment.Job instance at 0x151e82294be0>,2,3,[8 2],4,4,7,0,4
1,<environment.Job instance at 0x151e824d33c0>,1,2,[5 2],2,2,4,0,2
1,<environment.Job instance at 0x151e824d3f50>,2,3,[5 1],3,4,7,1,4
1,<environment.Job instance at 0x151e824d3320>,5,2,[8 1],6,7,9,1,6
1,<environment.Job instance at 0x151e824d3c80>,7,3,[8 2],8,9,12,1,8
1,<environment.Job instance at 0x151e824d35f0>,3,13,[2 7],4,30,43,26,30
1,<environment.Job instance at 0x151eb40b35a0>,1,1,[1 6],2,2,3,0,2
1,<environment.Job instance at 0x151e82355730>,2,26,[2 7],3,3,29,0,3
1,<environment.Job instance at 0x151e82355500>,4,12,[5 2],6,6,18,0,6
1,<environment.Job instance at 0x151eb40b3690>,5,3,[2 9],7,29,32,22,7
1,<environment.Job instance at 0x151eb889df00>,1,12,[10  2],4,4,16,0,4
1,<environment.Job instance at 0x151eb889dd20>,4,1,[7 2],9,16,17,7,9
1,<environment.Job instance at 0x151eb889de60>,1,2,[1 5],2,2,4,0,2
1,<environment.Job instance at 0x151eb889d9b0>,3,2,[2 9],6,8,10,2,8
1,<environment.Job instance at 0x151e82b6ca00>,2,3,[5 2],4,4,7,0,4
1,<environment.Job instance at 0x151e82b6c6e0>,4,16,[2 8],6,6,22,0,6
1,<environment.Job instance at 0x151e824d2eb0>,5,3,[6 2],8,8,11,0,8
1,<environment.Job instance at 0x151e82bc99b0>,1,1,[5 1],2,2,3,0,2
1,<environment.Job instance at 0x151eb996d460>,2,3,[1 7],4,20,23,16,20
1,<environment.Job instance at 0x151ec0c45e10>,1,2,[2 9],2,2,4,0,2
1,<environment.Job instance at 0x151eb9aebb90>,3,2,[1 9],4,6,8,2,6
1,<environment.Job instance at 0x151e82d788c0>,5,17,[ 1 10],6,8,25,2,7
1,<environment.Job instance at 0x151e82d78500>,6,3,[ 1 10],8,25,28,17,9
1,<environment.Job instance at 0x151e82d785a0>,4,14,[2 6],6,225,239,219,225
1,<environment.Job instance at 0x151ebec88640>,1,3,[1 7],2,2,5,0,2
1,<environment.Job instance at 0x151ebec88eb0>,2,3,[6 2],3,3,6,0,3
1,<environment.Job instance at 0x151ebec886e0>,4,2,[8 2],8,8,10,0,8
1,<environment.Job instance at 0x151ebf6872d0>,2,26,[1 9],3,3,29,0,3
1,<environment.Job instance at 0x151ebed8b5a0>,6,12,[ 2 10],9,29,41,20,13
1,<environment.Job instance at 0x151ebed8bd70>,2,1,[5 2],4,4,5,0,4
1,<environment.Job instance at 0x151e82f19320>,4,2,[2 9],6,6,8,0,6
1,<environment.Job instance at 0x151e82f197d0>,5,3,[1 7],8,8,11,0,8
1,<environment.Job instance at 0x151e82f19e10>,6,14,[1 7],9,18,32,9,18
1,<environment.Job instance at 0x151eb4127aa0>,0,3,[2 9],1,1,4,0,1
1,<environment.Job instance at 0x151eb41270f0>,3,12,[ 1 10],4,4,16,0,4
1,<environment.Job instance at 0x151e8284c500>,5,3,[ 2 10],6,117,120,111,117
1,<environment.Job instance at 0x151e82b246e0>,2,2,[2 7],3,4,6,1,4
1,<environment.Job instance at 0x151eb7f933c0>,5,2,[7 2],9,9,11,0,9
1,<environment.Job instance at 0x151eb40da190>,6,2,[1 5],9,10,12,1,10
1,<environment.Job instance at 0x151eb40daaa0>,1,17,[5 2],2,199,216,197,199
1,<environment.Job instance at 0x151e82982320>,0,3,[1 6],1,2,5,1,2
1,<environment.Job instance at 0x151eba4a19b0>,2,25,[5 2],7,46,71,39,46
1,<environment.Job instance at 0x151eb9a79fa0>,0,2,[6 2],1,1,3,0,1
1,<environment.Job instance at 0x151eb9a79550>,2,3,[1 8],3,4,7,1,4
1,<environment.Job instance at 0x151e82d619b0>,5,2,[5 2],7,7,9,0,7
1,<environment.Job instance at 0x151e82d618c0>,6,2,[6 1],8,9,11,1,8
1,<environment.Job instance at 0x151e82d4d5a0>,1,16,[6 2],2,3,19,1,3
1,<environment.Job instance at 0x151e82d4d5f0>,3,2,[1 9],4,19,21,15,4
1,<environment.Job instance at 0x151eb40ef0f0>,0,3,[2 7],2,2,5,0,2
1,<environment.Job instance at 0x151ec17d3190>,2,3,[10  1],4,5,8,1,4
1,<environment.Job instance at 0x151eb40efaa0>,3,3,[1 7],6,8,11,2,6
1,<environment.Job instance at 0x151ebf692320>,1,1,[9 2],3,3,4,0,3
1,<environment.Job instance at 0x151ebf6920a0>,4,2,[2 6],7,7,9,0,7
1,<environment.Job instance at 0x151e82564a50>,5,2,[5 2],8,8,10,0,8
1,<environment.Job instance at 0x151e82564140>,4,28,[10  2],8,11,39,3,11
1,<environment.Job instance at 0x151e82a90320>,7,27,[1 5],9,177,204,168,177
1,<environment.Job instance at 0x151e8277e730>,0,3,[2 7],1,1,4,0,1
1,<environment.Job instance at 0x151ebeca2d70>,2,2,[6 1],4,10,12,6,10
1,<environment.Job instance at 0x151eb9b3e190>,0,1,[1 6],1,2,3,1,2
1,<environment.Job instance at 0x151ec1836d70>,2,1,[1 9],3,3,4,0,3
1,<environment.Job instance at 0x151ec1836230>,3,2,[2 6],4,4,6,0,4
1,<environment.Job instance at 0x151eb9b3e0f0>,1,15,[1 6],2,475,490,473,475
1,<environment.Job instance at 0x151e82ff6410>,4,25,[1 6],7,8,33,1,8
1,<environment.Job instance at 0x151e82ff6690>,6,2,[7 2],9,9,11,0,9
1,<environment.Job instance at 0x151e82ff6640>,5,2,[2 9],8,105,107,97,105
1,<environment.Job instance at 0x151ebedacc30>,0,2,[2 9],3,3,5,0,3
1,<environment.Job instance at 0x151e826a87d0>,3,3,[7 1],8,8,11,0,8
1,<environment.Job instance at 0x151e825645a0>,0,3,[9 2],1,1,4,0,1
1,<environment.Job instance at 0x151eb4091b90>,0,1,[2 7],3,4,5,1,4
1,<environment.Job instance at 0x151e82b64190>,0,3,[2 8],1,1,4,0,1
1,<environment.Job instance at 0x151e827b5640>,2,12,[2 7],4,5,17,1,5
1,<environment.Job instance at 0x151e82b64050>,3,3,[2 5],5,17,20,12,7
1,<environment.Job instance at 0x151e827b5190>,2,3,[2 8],5,5,8,0,5
1,<environment.Job instance at 0x151eb7f7adc0>,3,3,[1 8],6,8,11,2,6
1,<environment.Job instance at 0x151e827b5050>,5,23,[ 1 10],8,11,34,3,8
1,<environment.Job instance at 0x151ec18b9280>,2,1,[2 8],4,4,5,0,4
1,<environment.Job instance at 0x151ebbb8d6e0>,3,21,[5 1],5,5,26,0,5
1,<environment.Job instance at 0x151ebbb8de60>,4,2,[ 1 10],6,26,28,20,6
1,<environment.Job instance at 0x151eb9b23f50>,0,1,[10  2],2,3,4,1,3
1,<environment.Job instance at 0x151e82fe1500>,2,1,[ 1 10],4,4,5,0,4
1,<environment.Job instance at 0x151eb9b233c0>,3,1,[ 1 10],5,5,6,0,5
1,<environment.Job instance at 0x151e82fe1af0>,1,19,[1 8],3,6,25,3,6
1,<environment.Job instance at 0x151eb950b140>,5,3,[ 1 10],7,25,28,18,7
1,<environment.Job instance at 0x151eb9c0eaf0>,1,15,[2 6],3,72,87,69,72
1,<environment.Job instance at 0x151e823934b0>,5,1,[6 2],9,542,543,533,542
1,<environment.Job instance at 0x151ebbb91730>,1,3,[8 1],7,7,10,0,7
1,<environment.Job instance at 0x151ebed1fd70>,0,3,[6 1],1,1,4,0,1
1,<environment.Job instance at 0x151ebed1f3c0>,2,2,[9 2],3,4,6,1,3
1,<environment.Job instance at 0x151ebed1f4b0>,1,1,[ 2 10],4,4,5,0,4
1,<environment.Job instance at 0x151ebed1fd20>,3,28,[7 2],6,6,34,0,6
1,<environment.Job instance at 0x151e828049b0>,6,17,[1 8],9,10,27,1,10
1,<environment.Job instance at 0x151e827448c0>,0,3,[1 5],1,1,4,0,1
1,<environment.Job instance at 0x151e82744140>,2,1,[9 2],3,3,4,0,3
1,<environment.Job instance at 0x151e828ac500>,4,2,[9 1],5,6,8,1,6
1,<environment.Job instance at 0x151e82a20f00>,5,1,[9 1],7,8,9,1,8
1,<environment.Job instance at 0x151e82a204b0>,6,1,[8 1],9,10,11,1,10
1,<environment.Job instance at 0x151e82a20910>,0,1,[9 2],2,5,6,3,5
1,<environment.Job instance at 0x151e829ca230>,1,1,[9 2],3,599,600,596,599
1,<environment.Job instance at 0x151e82dd22d0>,0,12,[2 8],1,1,13,0,1
1,<environment.Job instance at 0x151e82550c30>,5,1,[9 2],8,13,14,5,8
1,<environment.Job instance at 0x151e825500f0>,6,1,[5 2],9,9,10,0,9
1,<environment.Job instance at 0x151e82864eb0>,3,27,[1 8],4,24,51,20,24
1,<environment.Job instance at 0x151ebeca8b40>,0,2,[1 6],1,1,3,0,1
1,<environment.Job instance at 0x151ebeca8e10>,1,1,[5 1],2,2,3,0,2
1,<environment.Job instance at 0x151ec0cf49b0>,2,2,[10  2],4,4,6,0,4
1,<environment.Job instance at 0x151eb99a8e60>,4,23,[ 2 10],6,15,38,9,15
1,<environment.Job instance at 0x151e8231ff00>,1,3,[1 9],3,3,6,0,3
1,<environment.Job instance at 0x151e826e4730>,0,3,[1 9],1,1,4,0,1
1,<environment.Job instance at 0x151e826e4370>,3,20,[5 2],4,4,24,0,4
1,<environment.Job instance at 0x151e826e4b40>,4,3,[5 1],6,6,9,0,6
1,<environment.Job instance at 0x151e82f61140>,1,1,[ 2 10],4,4,5,0,4
1,<environment.Job instance at 0x151e824fb730>,1,1,[7 1],4,4,5,0,4
1,<environment.Job instance at 0x151e824fb0a0>,2,3,[9 1],5,5,8,0,5
1,<environment.Job instance at 0x151e82d5c9b0>,4,3,[2 7],7,8,11,1,7
1,<environment.Job instance at 0x151e82d5ca50>,6,2,[6 2],9,9,11,0,9
1,<environment.Job instance at 0x151e824fba00>,5,15,[1 9],8,12,27,4,12
1,<environment.Job instance at 0x151e82e19e60>,1,3,[1 5],4,10,13,6,10
1,<environment.Job instance at 0x151eb412c6e0>,5,25,[2 6],8,21,46,13,21
1,<environment.Job instance at 0x151e82a1ff00>,3,3,[6 2],6,6,9,0,6
1,<environment.Job instance at 0x151e82a1fbe0>,4,13,[1 7],7,7,20,0,7
1,<environment.Job instance at 0x151e82a1f370>,6,14,[2 8],9,64,78,55,64
1,<environment.Job instance at 0x151ebf5fae60>,0,1,[10  2],1,2,3,1,2
1,<environment.Job instance at 0x151e827279b0>,1,16,[2 6],3,15,31,12,15
1,<environment.Job instance at 0x151eba8e7aa0>,0,1,[2 6],1,1,2,0,1
1,<environment.Job instance at 0x151eb82730f0>,2,1,[ 2 10],4,4,5,0,4
1,<environment.Job instance at 0x151eb8273d70>,5,18,[2 8],7,8,26,1,8
1,<environment.Job instance at 0x151eb8273730>,1,3,[8 2],2,2,5,0,2
1,<environment.Job instance at 0x151e82b40af0>,0,2,[1 7],1,2,4,1,2
1,<environment.Job instance at 0x151e82b400a0>,2,3,[8 1],7,7,10,0,7
1,<environment.Job instance at 0x151e8299afa0>,0,3,[8 1],1,1,4,0,1
1,<environment.Job instance at 0x151eba5a37d0>,2,16,[9 1],4,6,22,2,6
1,<environment.Job instance at 0x151e8264e5f0>,5,3,[1 5],7,9,12,2,9
1,<environment.Job instance at 0x151e82fc8050>,0,2,[6 2],1,1,3,0,1
1,<environment.Job instance at 0x151e8264e6e0>,4,21,[1 8],6,25,46,19,25
1,<environment.Job instance at 0x151ec0cbc050>,3,3,[6 1],7,8,11,1,8
1,<environment.Job instance at 0x151eba49b690>,1,1,[2 6],2,2,3,0,2
1,<environment.Job instance at 0x151ec0cbcc30>,2,1,[ 2 10],4,4,5,0,4
1,<environment.Job instance at 0x151eba8d0b90>,3,24,[1 7],5,9,33,4,9
1,<environment.Job instance at 0x151ebf748870>,3,1,[1 9],8,8,9,0,8
1,<environment.Job instance at 0x151ebed425f0>,4,2,[1 9],9,9,11,0,9
1,<environment.Job instance at 0x151eba4d85f0>,0,2,[1 5],2,2,4,0,2
1,<environment.Job instance at 0x151e829e1410>,3,2,[ 2 10],7,7,9,0,7
1,<environment.Job instance at 0x151e829e1780>,4,3,[8 1],8,9,12,1,8
1,<environment.Job instance at 0x151e822f5780>,0,3,[5 1],1,1,4,0,1
1,<environment.Job instance at 0x151e829e1be0>,2,1,[9 2],4,507,508,503,507
1,<environment.Job instance at 0x151e823dc0f0>,6,3,[1 9],9,859,862,850,859
1,<environment.Job instance at 0x151e829e1d20>,0,2,[1 9],4,4,6,0,4
1,<environment.Job instance at 0x151e824bdaf0>,0,1,[7 2],1,3,4,2,3
1,<environment.Job instance at 0x151e824bd460>,2,2,[6 1],4,4,6,0,4
1,<environment.Job instance at 0x151e824bddc0>,1,17,[ 2 10],3,6,23,3,6
1,<environment.Job instance at 0x151e82920370>,0,2,[6 2],2,2,4,0,2
1,<environment.Job instance at 0x151eb9983370>,4,17,[1 8],6,52,69,46,52
1,<environment.Job instance at 0x151e82ae4e60>,1,3,[9 2],4,4,7,0,4
1,<environment.Job instance at 0x151e82ae49b0>,3,2,[2 6],6,7,9,1,6
1,<environment.Job instance at 0x151eb7f7adc0>,2,1,[ 1 10],5,9,10,4,8
1,<environment.Job instance at 0x151eb7d67550>,1,23,[2 6],2,16,39,14,16
1,<environment.Job instance at 0x151e82ae4280>,6,3,[9 1],7,39,42,32,16
1,<environment.Job instance at 0x151e82693640>,5,1,[2 5],9,23,24,14,23
1,<environment.Job instance at 0x151ebecae4b0>,1,1,[2 5],2,2,3,0,2
1,<environment.Job instance at 0x151e82a2fbe0>,0,3,[2 7],1,1,4,0,1
1,<environment.Job instance at 0x151ebecae4b0>,2,24,[1 8],3,4,28,1,4
1,<environment.Job instance at 0x151e823998c0>,4,2,[7 2],5,5,7,0,5
1,<environment.Job instance at 0x151eb825eb40>,6,3,[2 9],8,28,31,20,9
1,<environment.Job instance at 0x151e826922d0>,3,15,[1 6],4,61,76,57,61
1,<environment.Job instance at 0x151e82a20410>,0,2,[ 1 10],2,2,4,0,2
1,<environment.Job instance at 0x151eb9c0ee60>,2,1,[8 1],4,4,5,0,4
1,<environment.Job instance at 0x151eb9c0ea50>,3,2,[ 1 10],5,5,7,0,5
1,<environment.Job instance at 0x151eb825e370>,4,2,[8 2],7,7,9,0,7
1,<environment.Job instance at 0x151e82d04910>,2,15,[2 8],4,4,19,0,4
1,<environment.Job instance at 0x151e82a6f410>,0,2,[1 6],1,1,3,0,1
1,<environment.Job instance at 0x151eb7d46230>,3,1,[6 2],6,6,7,0,6
1,<environment.Job instance at 0x151eb7d46cd0>,5,3,[9 1],8,8,11,0,8
1,<environment.Job instance at 0x151e82790640>,8,2,[8 2],9,31,33,22,31
1,<environment.Job instance at 0x151e82790aa0>,3,19,[2 7],4,84,103,80,84
1,<environment.Job instance at 0x151e824f03c0>,0,1,[8 1],1,1,2,0,1
1,<environment.Job instance at 0x151ebec6ba50>,3,1,[6 1],5,5,6,0,5
1,<environment.Job instance at 0x151eba521230>,4,18,[2 8],6,7,25,1,7
1,<environment.Job instance at 0x151eba5215a0>,6,3,[7 1],8,8,11,0,8
1,<environment.Job instance at 0x151ec0c43cd0>,2,1,[9 2],4,6,7,2,6
1,<environment.Job instance at 0x151e82fc41e0>,1,3,[5 1],2,2,5,0,2
1,<environment.Job instance at 0x151ec0c43f00>,2,3,[10  1],4,5,8,1,4
1,<environment.Job instance at 0x151e82a2f1e0>,0,2,[5 2],1,8,10,7,6
1,<environment.Job instance at 0x151eb9b16500>,3,2,[1 6],5,5,7,0,5
1,<environment.Job instance at 0x151e82d11370>,0,1,[ 2 10],1,2,3,1,2
1,<environment.Job instance at 0x151e82d113c0>,2,2,[ 2 10],5,5,7,0,5
1,<environment.Job instance at 0x151eba5329b0>,3,3,[1 8],9,9,12,0,9
1,<environment.Job instance at 0x151ebf6cb2d0>,3,17,[2 9],5,5,22,0,5
1,<environment.Job instance at 0x151ebf6cb280>,4,2,[6 1],7,7,9,0,7
1,<environment.Job instance at 0x151ebf6cbf00>,5,3,[5 1],8,9,12,1,8
1,<environment.Job instance at 0x151e824f0870>,2,3,[1 9],4,4,7,0,4
1,<environment.Job instance at 0x151e824f0c30>,3,14,[ 1 10],5,7,21,2,5
1,<environment.Job instance at 0x151e824f06e0>,4,3,[10  2],6,21,24,15,6
1,<environment.Job instance at 0x151ec0dc1690>,5,3,[6 1],7,24,27,17,7
1,<environment.Job instance at 0x151eba5374b0>,0,2,[8 2],2,2,4,0,2
1,<environment.Job instance at 0x151eba5375f0>,4,3,[2 9],6,6,9,0,6
1,<environment.Job instance at 0x151eb9b8cc80>,0,3,[6 2],1,1,4,0,1
1,<environment.Job instance at 0x151eba4f56e0>,2,3,[1 5],3,3,6,0,3
1,<environment.Job instance at 0x151eba4f50a0>,1,27,[2 7],2,7,34,5,7
1,<environment.Job instance at 0x151e828b8910>,5,1,[6 1],8,8,9,0,8
1,<environment.Job instance at 0x151eb997e910>,4,18,[2 9],7,34,52,27,23
1,<environment.Job instance at 0x151e828dd140>,1,3,[1 9],2,2,5,0,2
1,<environment.Job instance at 0x151e822a49b0>,4,3,[7 1],6,6,9,0,6
1,<environment.Job instance at 0x151eba509190>,3,1,[2 6],5,7,8,2,7
1,<environment.Job instance at 0x151e822a43c0>,5,25,[2 7],7,24,49,17,24
1,<environment.Job instance at 0x151eb40b1780>,0,1,[1 6],2,2,3,0,2
1,<environment.Job instance at 0x151eb40b1cd0>,3,1,[9 2],9,9,10,0,9
1,<environment.Job instance at 0x151e82fa7fa0>,1,2,[10  2],4,4,6,0,4
1,<environment.Job instance at 0x151e82b52780>,0,3,[5 1],3,6,9,3,4
1,<environment.Job instance at 0x151e82fa7370>,2,3,[7 2],5,9,12,4,5
1,<environment.Job instance at 0x151eb9b336e0>,0,3,[2 6],4,4,7,0,4
1,<environment.Job instance at 0x151eb9b48d70>,3,25,[2 8],5,5,30,0,5
1,<environment.Job instance at 0x151e82cd5820>,5,25,[2 8],7,30,55,23,26
1,<environment.Job instance at 0x151e82e78820>,1,23,[1 7],2,14,37,12,14
1,<environment.Job instance at 0x151eb99ada50>,1,13,[2 6],5,6,19,1,6
1,<environment.Job instance at 0x151e828ff2d0>,2,20,[1 6],6,19,39,13,10
1,<environment.Job instance at 0x151e82e140f0>,1,1,[10  2],2,2,3,0,2
1,<environment.Job instance at 0x151ebed30230>,2,14,[9 2],3,4,18,1,4
1,<environment.Job instance at 0x151ebed37c30>,5,12,[2 5],6,18,30,12,7
1,<environment.Job instance at 0x151e824b5d70>,1,2,[8 1],2,3,5,1,3
1,<environment.Job instance at 0x151e824b55f0>,2,1,[5 1],4,5,6,1,4
1,<environment.Job instance at 0x151e82c0ec80>,0,1,[1 6],3,3,4,0,3
1,<environment.Job instance at 0x151e82fd81e0>,2,1,[9 1],5,5,6,0,5
1,<environment.Job instance at 0x151e82516500>,0,2,[ 1 10],1,1,3,0,1
1,<environment.Job instance at 0x151e82516910>,1,1,[10  2],2,3,4,1,3
1,<environment.Job instance at 0x151e825165f0>,3,2,[8 1],7,7,9,0,7
1,<environment.Job instance at 0x151ebed571e0>,0,2,[1 7],1,2,4,1,2
1,<environment.Job instance at 0x151ebed57230>,1,3,[1 5],3,4,7,1,3
1,<environment.Job instance at 0x151e82516370>,3,1,[9 1],5,6,7,1,6
1,<environment.Job instance at 0x151e82ca4cd0>,5,3,[1 5],7,9,12,2,9
1,<environment.Job instance at 0x151eba8715f0>,1,16,[9 1],5,77,93,72,77
1,<environment.Job instance at 0x151eba871050>,5,2,[1 5],9,584,586,575,584
1,<environment.Job instance at 0x151e82d585f0>,2,19,[2 5],7,7,26,0,7
1,<environment.Job instance at 0x151eba8fe550>,1,1,[ 2 10],2,2,3,0,2
1,<environment.Job instance at 0x151e82e71c80>,1,14,[10  2],5,5,19,0,5
1,<environment.Job instance at 0x151e82c99a00>,1,18,[9 2],3,4,22,1,4
1,<environment.Job instance at 0x151e82a78dc0>,4,3,[10  1],7,22,25,15,7
1,<environment.Job instance at 0x151eb4165b40>,0,2,[1 8],1,1,3,0,1
1,<environment.Job instance at 0x151e82aa0500>,3,2,[6 2],4,4,6,0,4
1,<environment.Job instance at 0x151ebf6c35f0>,6,3,[1 9],8,8,11,0,8
1,<environment.Job instance at 0x151ebf6c3550>,3,2,[2 6],6,6,8,0,6
1,<environment.Job instance at 0x151ebf6c3050>,4,2,[7 1],7,7,9,0,7
1,<environment.Job instance at 0x151eb9b1df50>,5,3,[6 1],8,9,12,1,8
1,<environment.Job instance at 0x151e82c55c30>,6,1,[6 2],9,12,13,3,9
1,<environment.Job instance at 0x151eba4e5280>,1,2,[10  1],2,2,4,0,2
1,<environment.Job instance at 0x151e82c55410>,2,14,[5 1],3,4,18,1,3
1,<environment.Job instance at 0x151eba4e5af0>,4,17,[2 9],6,6,23,0,6
1,<environment.Job instance at 0x151eba4e5820>,5,18,[6 1],8,18,36,10,9
1,<environment.Job instance at 0x151e8227efa0>,0,3,[ 1 10],1,1,4,0,1
1,<environment.Job instance at 0x151e82da8460>,4,2,[7 2],8,8,10,0,8
1,<environment.Job instance at 0x151e82da8b40>,3,2,[5 1],7,10,12,3,8
1,<environment.Job instance at 0x151e82da8690>,5,1,[2 9],9,10,11,1,10
1,<environment.Job instance at 0x151e82790960>,1,3,[1 9],3,3,6,0,3
1,<environment.Job instance at 0x151e82fa8640>,2,25,[ 2 10],4,11,36,7,11
1,<environment.Job instance at 0x151ebeca03c0>,1,3,[2 7],2,18,21,16,18
1,<environment.Job instance at 0x151e82ca39b0>,2,3,[5 2],3,22,25,19,22
1,<environment.Job instance at 0x151e822a7cd0>,1,3,[2 7],4,4,7,0,4
1,<environment.Job instance at 0x151eba8735f0>,4,1,[6 2],9,9,10,0,9
1,<environment.Job instance at 0x151e8285bf00>,1,1,[2 7],2,2,3,0,2
1,<environment.Job instance at 0x151e82263d20>,2,2,[5 2],3,3,5,0,3
1,<environment.Job instance at 0x151eb40b8460>,3,3,[1 5],5,5,8,0,5
1,<environment.Job instance at 0x151e82913fa0>,0,1,[7 2],1,3,4,2,3
1,<environment.Job instance at 0x151e823a35f0>,2,15,[2 7],4,4,19,0,4
1,<environment.Job instance at 0x151e82913550>,3,3,[2 5],5,19,22,14,5
1,<environment.Job instance at 0x151e82913c80>,1,12,[1 9],3,22,34,19,6
1,<environment.Job instance at 0x151e829bceb0>,1,3,[ 2 10],2,20,23,18,20
1,<environment.Job instance at 0x151e8276e5a0>,2,3,[2 9],7,7,10,0,7
1,<environment.Job instance at 0x151eba598320>,3,2,[1 9],8,10,12,2,8
1,<environment.Job instance at 0x151eba5987d0>,4,2,[5 1],9,10,12,1,10
1,<environment.Job instance at 0x151e82fb3af0>,0,1,[5 1],1,2,3,1,2
1,<environment.Job instance at 0x151eba5987d0>,3,12,[9 1],8,8,20,0,8
1,<environment.Job instance at 0x151e82345140>,2,3,[10  1],3,3,6,0,3
1,<environment.Job instance at 0x151ebf6bb9b0>,3,16,[1 6],7,9,25,2,9
1,<environment.Job instance at 0x151ebf6bb5a0>,1,13,[1 9],2,11,24,9,11
1,<environment.Job instance at 0x151e82cda4b0>,5,3,[6 2],9,24,27,15,12
1,<environment.Job instance at 0x151e82cda050>,1,2,[1 5],5,5,7,0,5
1,<environment.Job instance at 0x151e82cda870>,4,1,[6 2],8,13,14,5,13
1,<environment.Job instance at 0x151eba4a1410>,0,1,[ 1 10],2,2,3,0,2
1,<environment.Job instance at 0x151e82f4d0f0>,1,1,[1 9],3,4,5,1,4
1,<environment.Job instance at 0x151e82f4d410>,3,12,[1 8],6,8,20,2,8
1,<environment.Job instance at 0x151e82f4d3c0>,5,1,[10  1],9,20,21,11,9
1,<environment.Job instance at 0x151e82bc9050>,0,2,[6 2],2,3,5,1,3
1,<environment.Job instance at 0x151e82bc9780>,2,3,[2 5],4,4,7,0,4
1,<environment.Job instance at 0x151e82bc9aa0>,3,3,[1 9],5,7,10,2,5
1,<environment.Job instance at 0x151e82bc9dc0>,1,1,[1 5],3,10,11,7,7
1,<environment.Job instance at 0x151eb9b23870>,5,2,[5 2],8,10,12,2,9
1,<environment.Job instance at 0x151eb9b233c0>,6,20,[1 8],9,17,37,8,17
1,<environment.Job instance at 0x151e82896410>,2,2,[1 8],3,31,33,28,31
1,<environment.Job instance at 0x151ec05d4e10>,0,3,[10  2],1,1,4,0,1
1,<environment.Job instance at 0x151eba848230>,2,2,[1 7],3,8,10,5,8
1,<environment.Job instance at 0x151e825602d0>,2,20,[ 2 10],3,11,31,8,11
1,<environment.Job instance at 0x151e824dc5f0>,0,2,[1 7],1,1,3,0,1
1,<environment.Job instance at 0x151e8258cd20>,1,3,[9 1],2,2,5,0,2
1,<environment.Job instance at 0x151e82c0bb90>,2,3,[1 5],3,3,6,0,3
1,<environment.Job instance at 0x151e82f75230>,1,1,[ 2 10],2,2,3,0,2
1,<environment.Job instance at 0x151e82f753c0>,3,1,[1 7],4,5,6,1,5
1,<environment.Job instance at 0x151eb996d870>,1,1,[10  1],3,3,4,0,3
1,<environment.Job instance at 0x151eb996d730>,3,1,[ 1 10],5,5,6,0,5
1,<environment.Job instance at 0x151eba5d14b0>,1,3,[7 1],2,2,5,0,2
1,<environment.Job instance at 0x151eba5d1cd0>,3,16,[ 1 10],5,744,760,739,744
1,<environment.Job instance at 0x151eb889d960>,0,3,[5 2],1,1,4,0,1
1,<environment.Job instance at 0x151ebf5f2550>,2,20,[2 6],3,17,37,14,17
1,<environment.Job instance at 0x151eb950b8c0>,1,1,[8 2],6,6,7,0,6
1,<environment.Job instance at 0x151e826095a0>,2,12,[9 1],7,7,19,0,7
1,<environment.Job instance at 0x151e82533370>,2,2,[10  1],4,5,7,1,5
1,<environment.Job instance at 0x151e82533960>,3,1,[10  2],7,8,9,1,8
1,<environment.Job instance at 0x151e82533e10>,4,23,[2 6],9,19,42,10,19
1,<environment.Job instance at 0x151e82629fa0>,2,2,[1 8],3,3,5,0,3
1,<environment.Job instance at 0x151e82629be0>,3,2,[1 6],4,5,7,1,4
1,<environment.Job instance at 0x151e82629230>,4,3,[6 1],7,7,10,0,7
1,<environment.Job instance at 0x151eba5d10f0>,0,2,[ 2 10],3,3,5,0,3
1,<environment.Job instance at 0x151eb9ae5370>,1,25,[2 8],5,7,32,2,7
1,<environment.Job instance at 0x151eba5d1550>,4,1,[10  1],9,32,33,23,9
1,<environment.Job instance at 0x151eba5d1870>,3,18,[ 2 10],7,33,51,26,22
1,<environment.Job instance at 0x151ec05d4f50>,0,2,[10  1],1,1,3,0,1
1,<environment.Job instance at 0x151ec05d4870>,2,3,[5 2],4,196,199,192,196
1,<environment.Job instance at 0x151eba602820>,1,14,[2 5],2,2,16,0,2
1,<environment.Job instance at 0x151e8255c1e0>,5,2,[7 2],7,7,9,0,7
1,<environment.Job instance at 0x151e8255c050>,6,25,[1 5],8,9,34,1,8
1,<environment.Job instance at 0x151e82d7ae10>,2,3,[1 9],6,58,61,52,58
1,<environment.Job instance at 0x151eb9982c30>,1,1,[6 2],3,4,5,1,4
1,<environment.Job instance at 0x151eb4100aa0>,0,2,[10  2],1,1,3,0,1
1,<environment.Job instance at 0x151eb4100d20>,2,1,[2 9],3,3,4,0,3
1,<environment.Job instance at 0x151eb4100910>,3,3,[6 1],4,4,7,0,4
1,<environment.Job instance at 0x151eb4100960>,6,1,[1 9],7,7,8,0,7
1,<environment.Job instance at 0x151eb4100820>,7,12,[ 2 10],8,8,20,0,8
1,<environment.Job instance at 0x151eba62e8c0>,0,3,[2 8],1,1,4,0,1
1,<environment.Job instance at 0x151eba62eaf0>,1,3,[6 1],2,2,5,0,2
1,<environment.Job instance at 0x151eb94e8e60>,1,1,[ 1 10],2,776,777,774,776
1,<environment.Job instance at 0x151eb81c7140>,0,2,[ 1 10],1,1,3,0,1
1,<environment.Job instance at 0x151eb81c70a0>,1,2,[6 1],3,3,5,0,3
1,<environment.Job instance at 0x151eb81c75f0>,3,2,[1 7],6,6,8,0,6
1,<environment.Job instance at 0x151eb81c7370>,4,1,[6 1],7,7,8,0,7
1,<environment.Job instance at 0x151ebf657c80>,1,1,[7 2],3,3,4,0,3
1,<environment.Job instance at 0x151eb4093280>,3,3,[2 5],7,7,10,0,7
1,<environment.Job instance at 0x151e82ca7eb0>,0,20,[2 6],1,2,22,1,2
1,<environment.Job instance at 0x151eba87f410>,5,3,[6 1],7,7,10,0,7
1,<environment.Job instance at 0x151e82d44230>,0,3,[ 1 10],1,1,4,0,1
1,<environment.Job instance at 0x151e82d44a00>,2,3,[10  1],3,4,7,1,3
1,<environment.Job instance at 0x151e82d44370>,3,3,[9 2],4,7,10,3,4
1,<environment.Job instance at 0x151e82d44730>,4,2,[10  1],5,10,12,5,5
1,<environment.Job instance at 0x151e82d44910>,7,18,[7 2],9,12,30,3,9
1,<environment.Job instance at 0x151e82cecc30>,1,13,[2 8],3,3,16,0,3
1,<environment.Job instance at 0x151e82cec320>,4,13,[2 6],7,16,29,9,10
1,<environment.Job instance at 0x151e82d44190>,1,12,[6 2],3,3,15,0,3
1,<environment.Job instance at 0x151e8258d280>,3,2,[6 2],9,15,17,6,10
1,<environment.Job instance at 0x151e829a9280>,0,2,[1 6],1,1,3,0,1
1,<environment.Job instance at 0x151ebed71fa0>,2,3,[1 8],4,5,8,1,5
1,<environment.Job instance at 0x151ebed71b90>,4,3,[1 6],7,8,11,1,7
1,<environment.Job instance at 0x151e82e537d0>,2,23,[1 6],6,11,34,5,11
1,<environment.Job instance at 0x151e82e53af0>,2,1,[2 6],3,3,4,0,3
1,<environment.Job instance at 0x151e82dd7410>,3,1,[ 2 10],4,4,5,0,4
1,<environment.Job instance at 0x151e82dd7460>,4,19,[2 6],5,5,24,0,5
1,<environment.Job instance at 0x151e82e537d0>,5,1,[10  1],7,24,25,17,7
1,<environment.Job instance at 0x151eba5ff0a0>,1,3,[5 1],2,2,5,0,2
1,<environment.Job instance at 0x151eba5ff460>,2,3,[ 2 10],4,15,18,11,15
1,<environment.Job instance at 0x151e82e71be0>,1,14,[2 8],6,120,134,114,120
1,<environment.Job instance at 0x151e82e71320>,2,22,[1 8],9,418,440,409,418
1,<environment.Job instance at 0x151e82e71320>,3,1,[1 8],4,13,14,9,13
1,<environment.Job instance at 0x151e822530a0>,1,12,[2 7],2,2,14,0,2
1,<environment.Job instance at 0x151e82ce6a50>,3,3,[7 2],4,4,7,0,4
1,<environment.Job instance at 0x151eb9b65b40>,4,1,[10  1],6,7,8,1,6
1,<environment.Job instance at 0x151eb9b65820>,5,2,[9 2],9,9,11,0,9
1,<environment.Job instance at 0x151e82eda2d0>,0,3,[7 1],2,2,5,0,2
1,<environment.Job instance at 0x151e82585690>,2,3,[2 8],7,7,10,0,7
1,<environment.Job instance at 0x151eb40b0870>,0,2,[10  2],1,1,3,0,1
1,<environment.Job instance at 0x151eb40b0cd0>,2,3,[1 8],3,3,6,0,3
1,<environment.Job instance at 0x151eb40b0370>,4,17,[6 2],5,61,78,56,61
1,<environment.Job instance at 0x151eb40b07d0>,1,22,[ 2 10],2,6,28,4,6
1,<environment.Job instance at 0x151eb40b0af0>,6,27,[ 2 10],9,28,55,19,27
1,<environment.Job instance at 0x151eb9bc3be0>,2,27,[2 9],5,251,278,246,251
1,<environment.Job instance at 0x151e82618320>,0,2,[2 9],4,4,6,0,4
1,<environment.Job instance at 0x151e82618b40>,1,2,[9 1],5,6,8,1,5
1,<environment.Job instance at 0x151eb9bc3190>,2,2,[9 1],6,8,10,2,6
1,<environment.Job instance at 0x151eb9bc3be0>,4,15,[9 1],8,10,25,2,9
1,<environment.Job instance at 0x151eb7d434b0>,1,3,[5 1],2,201,204,199,201
1,<environment.Job instance at 0x151eba503140>,5,1,[8 2],9,241,242,232,241
1,<environment.Job instance at 0x151ebeda44b0>,0,1,[8 1],1,2,3,1,2
1,<environment.Job instance at 0x151ebeda4410>,2,3,[9 2],3,3,6,0,3
1,<environment.Job instance at 0x151ebeda4230>,1,26,[2 9],2,6,32,4,5
1,<environment.Job instance at 0x151eba578820>,1,12,[10  1],2,3,15,1,3
1,<environment.Job instance at 0x151eba578230>,3,22,[10  2],4,15,37,11,11
1,<environment.Job instance at 0x151eba578f50>,4,3,[2 7],8,57,60,49,57
1,<environment.Job instance at 0x151e8293bc80>,0,3,[8 2],1,2,5,1,2
1,<environment.Job instance at 0x151eba578910>,1,14,[2 8],2,3,17,1,3
1,<environment.Job instance at 0x151e82f2bc80>,7,3,[8 1],9,11,14,2,11
1,<environment.Job instance at 0x151eba5788c0>,4,14,[1 6],5,2628,2642,2623,2628
1,<environment.Job instance at 0x151eb4165050>,0,3,[8 2],1,1,4,0,1
1,<environment.Job instance at 0x151eb41653c0>,2,2,[2 5],3,1850,1852,1847,1850
1,<environment.Job instance at 0x151e82cbfcd0>,1,15,[2 5],3,4,19,1,4
1,<environment.Job instance at 0x151e82cbf690>,2,2,[1 5],5,5,7,0,5
1,<environment.Job instance at 0x151e82cbff00>,3,14,[1 8],7,19,33,12,7
1,<environment.Job instance at 0x151eba4d4780>,3,3,[7 1],5,5,8,0,5
1,<environment.Job instance at 0x151eba4d40f0>,4,2,[ 1 10],6,8,10,2,6
1,<environment.Job instance at 0x151e82a6ad70>,1,3,[10  1],3,161,164,158,161
1,<environment.Job instance at 0x151eb4103550>,1,3,[2 5],2,2,5,0,2
1,<environment.Job instance at 0x151e82811b90>,2,17,[7 1],3,3,20,0,3
1,<environment.Job instance at 0x151eba8ef5f0>,6,3,[ 2 10],7,20,23,13,7
1,<environment.Job instance at 0x151e825b3a00>,2,25,[7 2],3,3,28,0,3
1,<environment.Job instance at 0x151e824c7f50>,7,3,[9 1],8,28,31,20,19
1,<environment.Job instance at 0x151e825b39b0>,4,17,[1 8],5,35,52,30,35
1,<environment.Job instance at 0x151e82b4f6e0>,4,15,[6 1],6,6,21,0,6
1,<environment.Job instance at 0x151e82b4f1e0>,3,14,[ 1 10],5,21,35,16,6
1,<environment.Job instance at 0x151e823ab4b0>,3,17,[1 5],4,7,24,3,7
1,<environment.Job instance at 0x151e82384c30>,7,15,[2 5],9,12,27,3,12
1,<environment.Job instance at 0x151e82384dc0>,6,19,[1 8],7,67,86,60,67
1,<environment.Job instance at 0x151e829c3550>,0,3,[2 8],1,1,4,0,1
1,<environment.Job instance at 0x151e829c35f0>,1,1,[2 9],2,4,5,2,2
1,<environment.Job instance at 0x151e823849b0>,2,1,[10  1],3,5,6,2,4
1,<environment.Job instance at 0x151e829c3910>,3,12,[ 2 10],4,6,18,2,4
1,<environment.Job instance at 0x151ebf5ec280>,2,16,[9 1],4,4,20,0,4
1,<environment.Job instance at 0x151e82aeb320>,3,2,[10  2],5,20,22,15,5
1,<environment.Job instance at 0x151e82aebeb0>,4,2,[5 2],6,22,24,16,6
1,<environment.Job instance at 0x151e82aeb640>,5,18,[6 2],8,24,42,16,13
1,<environment.Job instance at 0x151e82902140>,1,1,[2 8],2,2,3,0,2
1,<environment.Job instance at 0x151e82555910>,3,13,[6 2],5,6,19,1,6
1,<environment.Job instance at 0x151e82555af0>,5,1,[ 2 10],7,19,20,12,7
1,<environment.Job instance at 0x151e82555190>,4,25,[2 7],6,57,82,51,57
1,<environment.Job instance at 0x151ebed5bb90>,0,3,[1 7],6,6,9,0,6
1,<environment.Job instance at 0x151eb99a8a50>,0,2,[2 7],1,2,4,1,2
1,<environment.Job instance at 0x151e82c0ecd0>,1,1,[1 8],2,4,5,2,4
1,<environment.Job instance at 0x151e8256d910>,4,1,[1 5],5,6,7,1,6
1,<environment.Job instance at 0x151e8256daf0>,6,18,[8 2],7,7,25,0,7
1,<environment.Job instance at 0x151e826a5e60>,3,15,[2 9],4,77,92,73,77
1,<environment.Job instance at 0x151e8253d820>,0,1,[5 2],1,3,4,2,3
1,<environment.Job instance at 0x151e8253d780>,1,1,[2 6],3,4,5,1,4
1,<environment.Job instance at 0x151e82354dc0>,2,2,[9 2],5,5,7,0,5
1,<environment.Job instance at 0x151e823541e0>,4,1,[10  1],7,7,8,0,7
1,<environment.Job instance at 0x151e82b40f00>,2,3,[6 1],8,8,11,0,8
1,<environment.Job instance at 0x151e82b40be0>,3,1,[1 8],9,9,10,0,9
1,<environment.Job instance at 0x151e82b40370>,1,2,[ 1 10],3,3,5,0,3
1,<environment.Job instance at 0x151e82b40be0>,3,1,[10  1],6,11,12,5,11
1,<environment.Job instance at 0x151e82aa7500>,0,3,[2 9],2,3,6,1,3
1,<environment.Job instance at 0x151e82aa7a00>,4,1,[2 6],8,9,10,1,9
1,<environment.Job instance at 0x151ebed1b3c0>,1,3,[5 2],2,4,7,2,4
1,<environment.Job instance at 0x151e8251f190>,0,3,[6 1],1,1,4,0,1
1,<environment.Job instance at 0x151e8251f1e0>,1,2,[2 6],2,2,4,0,2
1,<environment.Job instance at 0x151e82e9f4b0>,3,13,[8 2],6,6,19,0,6
1,<environment.Job instance at 0x151e82e9f190>,4,3,[10  1],8,19,22,11,8
1,<environment.Job instance at 0x151e82862460>,1,3,[5 2],4,4,7,0,4
1,<environment.Job instance at 0x151e82862690>,0,17,[1 9],2,7,24,5,4
1,<environment.Job instance at 0x151eba56ee10>,5,16,[2 5],9,24,40,15,11
1,<environment.Job instance at 0x151ebbba00a0>,1,2,[ 1 10],4,4,6,0,4
1,<environment.Job instance at 0x151e827a10a0>,4,19,[6 1],8,8,27,0,8
1,<environment.Job instance at 0x151eb413c780>,2,17,[8 1],8,11,28,3,11
1,<environment.Job instance at 0x151e82a52410>,0,3,[6 2],1,2,5,1,2
1,<environment.Job instance at 0x151e8280adc0>,0,2,[5 1],1,1,3,0,1
1,<environment.Job instance at 0x151e82a52f00>,2,3,[1 6],3,3,6,0,3
1,<environment.Job instance at 0x151e8280a0f0>,3,2,[1 7],6,6,8,0,6
1,<environment.Job instance at 0x151e8285dc80>,4,3,[1 6],7,8,11,1,7
1,<environment.Job instance at 0x151e8285de60>,5,3,[2 7],9,11,14,2,9
1,<environment.Job instance at 0x151e82875460>,1,2,[7 2],6,6,8,0,6
1,<environment.Job instance at 0x151e82ecd460>,2,2,[2 7],7,7,9,0,7
1,<environment.Job instance at 0x151e82ecd8c0>,4,1,[6 1],9,9,10,0,9
1,<environment.Job instance at 0x151e82add1e0>,0,2,[9 2],2,2,4,0,2
1,<environment.Job instance at 0x151eb7d5e730>,2,2,[7 2],5,5,7,0,5
1,<environment.Job instance at 0x151e82adda50>,1,2,[2 7],4,5,7,1,5
1,<environment.Job instance at 0x151ebf698a00>,5,25,[ 1 10],8,32,57,24,32
1,<environment.Job instance at 0x151e825fe500>,0,3,[9 2],1,2,5,1,2
1,<environment.Job instance at 0x151e829b80a0>,0,2,[2 9],1,1,3,0,1
1,<environment.Job instance at 0x151eb99d7dc0>,2,2,[10  2],4,4,6,0,4
1,<environment.Job instance at 0x151e829b8730>,3,2,[7 1],5,6,8,1,6
1,<environment.Job instance at 0x151eb99d7870>,4,3,[1 6],6,11,14,5,11
1,<environment.Job instance at 0x151e82ff40f0>,1,2,[2 9],2,2,4,0,2
1,<environment.Job instance at 0x151e82ff4500>,2,1,[6 1],3,3,4,0,3
1,<environment.Job instance at 0x151e82ff4cd0>,3,1,[7 1],5,5,6,0,5
1,<environment.Job instance at 0x151e82ff4d20>,5,2,[7 1],7,7,9,0,7
1,<environment.Job instance at 0x151e82920aa0>,2,14,[5 1],4,4,18,0,4
1,<environment.Job instance at 0x151e82692fa0>,4,3,[ 2 10],6,18,21,12,6
1,<environment.Job instance at 0x151eb8222820>,0,3,[1 8],1,1,4,0,1
1,<environment.Job instance at 0x151e8285b4b0>,1,1,[10  1],2,4,5,2,3
1,<environment.Job instance at 0x151ec0ce8eb0>,1,2,[9 1],4,4,6,0,4
1,<environment.Job instance at 0x151eb9aa1f50>,0,2,[2 6],1,1,3,0,1
1,<environment.Job instance at 0x151ec0ce8c30>,2,1,[10  2],5,5,6,0,5
1,<environment.Job instance at 0x151eb9aa17d0>,1,2,[8 2],4,6,8,2,5
1,<environment.Job instance at 0x151eb8211190>,5,17,[ 1 10],9,11,28,2,11
1,<environment.Job instance at 0x151eb82117d0>,0,3,[1 8],1,1,4,0,1
1,<environment.Job instance at 0x151eb8211820>,2,3,[8 2],3,4,7,1,4
1,<environment.Job instance at 0x151ec1844fa0>,4,3,[9 1],7,7,10,0,7
1,<environment.Job instance at 0x151e8293c6e0>,1,17,[ 2 10],2,493,510,491,493
1,<environment.Job instance at 0x151e82fe2e10>,1,2,[1 8],2,2,4,0,2
1,<environment.Job instance at 0x151e82fe25f0>,2,3,[8 2],3,3,6,0,3
1,<environment.Job instance at 0x151eba5efc30>,4,15,[10  2],6,8,23,2,8
1,<environment.Job instance at 0x151eba5ef050>,6,3,[10  1],9,23,26,14,9
1,<environment.Job instance at 0x151eba4d57d0>,2,1,[1 9],4,4,5,0,4
1,<environment.Job instance at 0x151ebf6cb1e0>,3,1,[1 7],5,5,6,0,5
1,<environment.Job instance at 0x151eba4d5870>,3,3,[5 2],6,53,56,47,53
1,<environment.Job instance at 0x151e82e1f2d0>,0,1,[5 2],3,4,5,1,4
1,<environment.Job instance at 0x151e828b7230>,1,1,[ 2 10],2,2,3,0,2
1,<environment.Job instance at 0x151e82d726e0>,2,24,[2 9],4,4,28,0,4
1,<environment.Job instance at 0x151e82d72aa0>,3,3,[9 1],5,28,31,23,5
1,<environment.Job instance at 0x151e825cfb40>,5,3,[5 2],9,31,34,22,9
1,<environment.Job instance at 0x151e82cecf50>,2,1,[6 2],4,4,5,0,4
1,<environment.Job instance at 0x151e82cec730>,3,1,[8 1],5,5,6,0,5
1,<environment.Job instance at 0x151e82cec960>,4,12,[2 7],6,6,18,0,6
1,<environment.Job instance at 0x151e82cecc80>,5,17,[10  2],7,18,35,11,7
1,<environment.Job instance at 0x151e82cecf00>,7,27,[1 9],9,314,341,305,314
1,<environment.Job instance at 0x151e829356e0>,1,1,[7 1],3,3,4,0,3
1,<environment.Job instance at 0x151e829350a0>,2,3,[8 2],5,5,8,0,5
1,<environment.Job instance at 0x151e82935910>,5,3,[1 6],8,1759,1762,1751,1759
1,<environment.Job instance at 0x151e8233f550>,3,3,[6 2],6,6,9,0,6
1,<environment.Job instance at 0x151e82982af0>,2,21,[10  2],4,4,25,0,4
1,<environment.Job instance at 0x151e82ce82d0>,5,3,[2 9],7,7,10,0,7
1,<environment.Job instance at 0x151eb403ba00>,3,1,[ 2 10],5,10,11,5,9
1,<environment.Job instance at 0x151eb81cc0a0>,1,1,[9 1],4,4,5,0,4
1,<environment.Job instance at 0x151e82ce8230>,3,27,[2 5],8,8,35,0,8
1,<environment.Job instance at 0x151eb81e2820>,4,2,[5 2],9,9,11,0,9
1,<environment.Job instance at 0x151eb4113140>,1,3,[7 1],2,2,5,0,2
1,<environment.Job instance at 0x151eb4113dc0>,2,3,[10  2],5,5,8,0,5
1,<environment.Job instance at 0x151e82c9d9b0>,3,2,[ 1 10],6,8,10,2,6
1,<environment.Job instance at 0x151e82c9d230>,4,3,[2 9],7,10,13,3,7
1,<environment.Job instance at 0x151e82c9d2d0>,6,13,[1 7],9,13,26,4,9
1,<environment.Job instance at 0x151eb403b8c0>,0,1,[1 9],1,2,3,1,2
1,<environment.Job instance at 0x151eb403be60>,2,1,[6 2],3,3,4,0,3
1,<environment.Job instance at 0x151eb403b410>,3,2,[2 5],4,4,6,0,4
1,<environment.Job instance at 0x151e82c9d550>,4,3,[2 5],6,6,9,0,6
1,<environment.Job instance at 0x151e82632050>,5,2,[2 9],7,9,11,2,7
1,<environment.Job instance at 0x151eb4113960>,1,16,[ 1 10],2,14,30,12,14
1,<environment.Job instance at 0x151e8260a550>,0,2,[10  2],1,1,3,0,1
1,<environment.Job instance at 0x151e8260a5a0>,1,2,[10  1],2,3,5,1,2
1,<environment.Job instance at 0x151e8260a140>,2,1,[2 5],4,5,6,1,5
1,<environment.Job instance at 0x151e82ad6af0>,6,28,[2 9],8,72,100,64,72
1,<environment.Job instance at 0x151e82dd2370>,1,2,[1 9],2,419,421,417,419
1,<environment.Job instance at 0x151ebf632230>,1,16,[8 1],2,2,18,0,2
1,<environment.Job instance at 0x151eb4127b40>,4,1,[7 1],7,18,19,11,7
1,<environment.Job instance at 0x151eb41276e0>,5,20,[1 8],8,8,28,0,8
1,<environment.Job instance at 0x151ec18bdf00>,0,2,[5 1],1,2,4,1,2
1,<environment.Job instance at 0x151ec18900a0>,1,17,[2 8],2,3,20,1,3
1,<environment.Job instance at 0x151eba49d050>,3,1,[1 6],4,5,6,1,5
1,<environment.Job instance at 0x151e829f7af0>,5,1,[1 5],6,7,8,1,7
1,<environment.Job instance at 0x151e829f7b90>,6,15,[8 1],8,8,23,0,8
1,<environment.Job instance at 0x151e825df3c0>,3,2,[7 1],7,7,9,0,7
1,<environment.Job instance at 0x151e825df410>,2,1,[1 9],6,7,8,1,7
1,<environment.Job instance at 0x151e82db0370>,0,3,[2 5],1,1,4,0,1
1,<environment.Job instance at 0x151e82db06e0>,1,3,[1 7],2,4,7,2,3
1,<environment.Job instance at 0x151e82db00a0>,3,3,[2 9],5,7,10,2,5
1,<environment.Job instance at 0x151e82db0b40>,6,15,[7 2],8,10,25,2,8
1,<environment.Job instance at 0x151eb9a34730>,1,18,[1 6],2,2,20,0,2
1,<environment.Job instance at 0x151eb81b6af0>,0,2,[10  1],4,5,7,1,5
1,<environment.Job instance at 0x151eb41b7eb0>,2,1,[ 2 10],6,7,8,1,6
1,<environment.Job instance at 0x151eb41b7cd0>,1,15,[1 6],5,12,27,7,12
1,<environment.Job instance at 0x151ebd7e8780>,1,24,[1 7],4,4,28,0,4
1,<environment.Job instance at 0x151e82835500>,1,17,[5 2],2,3,20,1,3
1,<environment.Job instance at 0x151e82ef5190>,3,18,[2 6],5,15,33,10,15
1,<environment.Job instance at 0x151ebf722d20>,6,3,[7 2],9,22,25,13,22
1,<environment.Job instance at 0x151ebf726690>,0,3,[7 2],4,4,7,0,4
1,<environment.Job instance at 0x151e82347190>,0,2,[8 1],2,2,4,0,2
1,<environment.Job instance at 0x151e82347f50>,2,2,[2 8],4,6,8,2,6
1,<environment.Job instance at 0x151e8263d230>,4,2,[10  2],7,8,10,1,7
1,<environment.Job instance at 0x151e8263d5a0>,5,1,[1 7],8,10,11,2,8
1,<environment.Job instance at 0x151e8263d870>,2,20,[2 7],4,4,24,0,4
1,<environment.Job instance at 0x151e8263d640>,4,2,[2 5],8,24,26,16,8
1,<environment.Job instance at 0x151ec0c6d690>,0,2,[7 1],1,1,3,0,1
1,<environment.Job instance at 0x151ec0c6d910>,2,3,[1 5],4,358,361,354,358
1,<environment.Job instance at 0x151ec0c6daa0>,6,24,[1 6],8,2833,2857,2825,2833
1,<environment.Job instance at 0x151ec0c6db90>,7,13,[6 1],9,2953,2966,2944,2953
1,<environment.Job instance at 0x151eb4066140>,1,2,[1 6],3,3,5,0,3
1,<environment.Job instance at 0x151eb419a910>,2,3,[8 1],4,4,7,0,4
1,<environment.Job instance at 0x151ec0c6d5a0>,4,14,[5 2],6,7,21,1,6
1,<environment.Job instance at 0x151e8223ba50>,1,1,[ 1 10],4,4,5,0,4
1,<environment.Job instance at 0x151eba56e0f0>,0,2,[8 1],1,1,3,0,1
1,<environment.Job instance at 0x151e828ca410>,1,15,[7 1],2,2,17,0,2
1,<environment.Job instance at 0x151e82251b40>,1,2,[1 8],2,2,4,0,2
1,<environment.Job instance at 0x151e82251050>,3,2,[9 2],4,4,6,0,4
1,<environment.Job instance at 0x151e82e21dc0>,1,17,[1 7],2,2,19,0,2
1,<environment.Job instance at 0x151e82f0e6e0>,0,1,[ 2 10],2,2,3,0,2
1,<environment.Job instance at 0x151ec05d4320>,3,1,[10  2],6,6,7,0,6
1,<environment.Job instance at 0x151e82f0ed20>,5,3,[2 9],8,166,169,158,166
1,<environment.Job instance at 0x151eb9b7ed20>,1,2,[9 2],4,5,7,1,5
1,<environment.Job instance at 0x151e82dbc6e0>,3,3,[5 1],7,7,10,0,7
1,<environment.Job instance at 0x151eb9b7e0a0>,5,12,[1 8],9,10,22,1,10
1,<environment.Job instance at 0x151e82d0e3c0>,0,2,[6 1],1,1,3,0,1
1,<environment.Job instance at 0x151e82d0ef00>,3,1,[ 1 10],6,6,7,0,6
1,<environment.Job instance at 0x151eb9b67730>,0,2,[9 2],1,1,3,0,1
1,<environment.Job instance at 0x151eb9b67c80>,1,3,[2 7],2,3,6,1,2
1,<environment.Job instance at 0x151e82896730>,0,3,[2 5],1,1,4,0,1
1,<environment.Job instance at 0x151e82896460>,3,3,[10  1],5,5,8,0,5
1,<environment.Job instance at 0x151ebf64d0a0>,5,1,[5 2],7,8,9,1,7
1,<environment.Job instance at 0x151ebf64ddc0>,6,3,[1 6],8,8,11,0,8
1,<environment.Job instance at 0x151ebf64db90>,7,16,[6 2],9,9,25,0,9
1,<environment.Job instance at 0x151ebf61e5f0>,4,16,[9 1],8,37,53,29,37
1,<environment.Job instance at 0x151eb9adf6e0>,1,24,[1 6],2,2,26,0,2
1,<environment.Job instance at 0x151e82d0d5f0>,2,3,[1 9],3,26,29,23,3
1,<environment.Job instance at 0x151eb99861e0>,0,3,[1 9],1,1,4,0,1
1,<environment.Job instance at 0x151eba579eb0>,2,1,[2 8],3,1431,1432,1428,1431
1,<environment.Job instance at 0x151e828e45f0>,1,2,[9 1],3,3,5,0,3
1,<environment.Job instance at 0x151eba579820>,2,2,[5 1],5,5,7,0,5
1,<environment.Job instance at 0x151eb404fbe0>,2,20,[2 8],3,7,27,4,7
1,<environment.Job instance at 0x151eb4130d20>,7,1,[9 2],8,27,28,19,8
1,<environment.Job instance at 0x151e822ce050>,1,18,[2 9],3,16,34,13,16
1,<environment.Job instance at 0x151eb999d780>,6,24,[2 8],8,220,244,212,220
1,<environment.Job instance at 0x151eb41307d0>,2,18,[1 9],3,6,24,3,6
1,<environment.Job instance at 0x151ec107e1e0>,1,14,[1 7],2,2,16,0,2
1,<environment.Job instance at 0x151ec107e730>,3,21,[2 9],4,16,37,12,10
1,<environment.Job instance at 0x151ebec53500>,1,3,[2 8],2,2,5,0,2
1,<environment.Job instance at 0x151eb9adf1e0>,3,3,[7 2],7,7,10,0,7
1,<environment.Job instance at 0x151e82e101e0>,2,14,[2 6],6,6,20,0,6
1,<environment.Job instance at 0x151e826af140>,1,28,[1 7],4,47,75,43,47
1,<environment.Job instance at 0x151e826af640>,1,3,[9 1],3,3,6,0,3
1,<environment.Job instance at 0x151e82f36f00>,2,12,[2 8],4,6,18,2,4
1,<environment.Job instance at 0x151eb4115a50>,3,3,[2 5],5,18,21,13,5
1,<environment.Job instance at 0x151e82b25f50>,5,27,[ 1 10],8,21,48,13,19
1,<environment.Job instance at 0x151e82f0b7d0>,0,3,[10  2],1,1,4,0,1
1,<environment.Job instance at 0x151e82f0b730>,1,3,[2 8],2,4,7,2,2
1,<environment.Job instance at 0x151e82f0b6e0>,4,16,[1 8],5,752,768,747,752
1,<environment.Job instance at 0x151e82b06690>,2,27,[7 2],3,4,31,1,4
1,<environment.Job instance at 0x151e82b06910>,4,2,[ 1 10],5,31,33,26,5
1,<environment.Job instance at 0x151e82a240f0>,0,1,[9 2],1,2,3,1,2
1,<environment.Job instance at 0x151e82a24730>,3,2,[6 1],6,6,8,0,6
1,<environment.Job instance at 0x151e82984d70>,5,3,[8 1],9,10,13,1,10
1,<environment.Job instance at 0x151e82a1f410>,1,1,[10  1],2,2,3,0,2
1,<environment.Job instance at 0x151eba56a7d0>,2,3,[2 8],3,3,6,0,3
1,<environment.Job instance at 0x151eb4138690>,4,14,[7 1],5,5,19,0,5
1,<environment.Job instance at 0x151e829b5050>,5,2,[2 6],7,7,9,0,7
1,<environment.Job instance at 0x151e82b72730>,6,2,[1 9],8,9,11,1,8
1,<environment.Job instance at 0x151e8284cd20>,1,1,[8 1],2,2,3,0,2
1,<environment.Job instance at 0x151e824c78c0>,3,3,[7 1],4,4,7,0,4
1,<environment.Job instance at 0x151e8284c370>,5,2,[5 2],6,7,9,1,7
1,<environment.Job instance at 0x151e824c7690>,7,27,[1 6],8,12,39,4,12
1,<environment.Job instance at 0x151e824c7910>,1,3,[8 2],2,2,5,0,2
1,<environment.Job instance at 0x151e82a265f0>,3,1,[1 6],5,6,7,1,6
1,<environment.Job instance at 0x151e82a26460>,4,3,[1 8],6,7,10,1,6
1,<environment.Job instance at 0x151ebeca27d0>,6,3,[6 2],9,9,12,0,9
1,<environment.Job instance at 0x151ebd801550>,0,3,[1 9],2,2,5,0,2
1,<environment.Job instance at 0x151ebd801460>,1,3,[1 9],4,5,8,1,4
1,<environment.Job instance at 0x151e822a46e0>,3,2,[6 1],7,7,9,0,7
1,<environment.Job instance at 0x151e822a4460>,4,17,[10  1],8,9,26,1,8
1,<environment.Job instance at 0x151ebbb8d910>,1,3,[7 2],2,3,6,1,3
1,<environment.Job instance at 0x151eba49b3c0>,2,18,[1 8],3,35,53,32,35
1,<environment.Job instance at 0x151eb825b690>,1,1,[6 1],3,3,4,0,3
1,<environment.Job instance at 0x151eb825b6e0>,0,2,[2 6],1,3,5,2,3
1,<environment.Job instance at 0x151eb825b5f0>,2,3,[5 2],4,4,7,0,4
1,<environment.Job instance at 0x151eb825bdc0>,4,13,[9 2],7,8,21,1,8
1,<environment.Job instance at 0x151eb9a2cf00>,0,3,[7 1],1,1,4,0,1
1,<environment.Job instance at 0x151eb9a2c960>,2,18,[1 7],5,38,56,33,38
1,<environment.Job instance at 0x151eb9a2c730>,0,3,[1 6],1,2,5,1,2
1,<environment.Job instance at 0x151eb825b500>,1,2,[1 5],2,5,7,3,4
1,<environment.Job instance at 0x151eb9a2c820>,4,3,[8 2],5,5,8,0,5
1,<environment.Job instance at 0x151eba84ce60>,5,3,[2 6],6,7,10,1,6
1,<environment.Job instance at 0x151eba84cf00>,7,14,[2 9],8,39,53,31,39
1,<environment.Job instance at 0x151eba84ec30>,0,3,[10  2],1,1,4,0,1
1,<environment.Job instance at 0x151eba84ec80>,3,2,[1 7],7,7,9,0,7
1,<environment.Job instance at 0x151eb4104dc0>,4,12,[2 9],8,9,21,1,8
1,<environment.Job instance at 0x151eb998db90>,0,3,[ 2 10],2,2,5,0,2
1,<environment.Job instance at 0x151e8250b230>,0,2,[ 1 10],1,1,3,0,1
1,<environment.Job instance at 0x151e8250bb40>,2,3,[9 2],5,6,9,1,6
1,<environment.Job instance at 0x151e8250b8c0>,4,3,[7 2],7,9,12,2,7
1,<environment.Job instance at 0x151eb9981460>,1,3,[2 8],3,14,17,11,14
1,<environment.Job instance at 0x151eb99817d0>,2,2,[9 1],4,305,307,301,305
1,<environment.Job instance at 0x151e82951640>,1,17,[5 1],3,6,23,3,6
1,<environment.Job instance at 0x151e82beb640>,3,3,[1 5],8,9,12,1,9
1,<environment.Job instance at 0x151e82beb640>,4,3,[ 1 10],5,6,9,1,6
1,<environment.Job instance at 0x151eb9ba6d20>,6,13,[1 5],7,9,22,2,7
1,<environment.Job instance at 0x151e82e9f640>,2,2,[8 2],4,4,6,0,4
1,<environment.Job instance at 0x151e82e9faa0>,3,2,[10  2],5,6,8,1,5
1,<environment.Job instance at 0x151eb9b9b910>,4,22,[2 6],7,8,30,1,7
1,<environment.Job instance at 0x151e82e9fd70>,5,15,[9 2],9,30,45,21,20
1,<environment.Job instance at 0x151eb94ec1e0>,1,2,[6 2],4,6,8,2,6
1,<environment.Job instance at 0x151e8277c230>,1,26,[2 5],3,5,31,2,5
1,<environment.Job instance at 0x151ebf651550>,4,3,[9 1],6,31,34,25,10
1,<environment.Job instance at 0x151ebed9c9b0>,6,1,[ 1 10],9,34,35,25,21
1,<environment.Job instance at 0x151ec0c447d0>,0,3,[7 2],1,1,4,0,1
1,<environment.Job instance at 0x151ebed9cc30>,2,1,[ 2 10],3,5,6,2,5
1,<environment.Job instance at 0x151eba84e1e0>,0,2,[2 9],3,3,5,0,3
1,<environment.Job instance at 0x151eba84eaa0>,1,3,[10  1],5,5,8,0,5
1,<environment.Job instance at 0x151eba49bd20>,3,2,[1 6],7,666,668,659,666
1,<environment.Job instance at 0x151eb9a542d0>,1,23,[2 9],3,4,27,1,4
1,<environment.Job instance at 0x151ebec84190>,2,2,[1 6],5,5,7,0,5
1,<environment.Job instance at 0x151eba87c230>,4,3,[10  2],9,9,12,0,9
1,<environment.Job instance at 0x151eba87c140>,3,12,[2 5],6,8,20,2,8
1,<environment.Job instance at 0x151eb40b39b0>,6,2,[10  1],9,20,22,11,9
1,<environment.Job instance at 0x151e82452730>,1,24,[1 9],2,34,58,32,34
1,<environment.Job instance at 0x151ec0c040a0>,2,15,[2 8],4,8,23,4,8
1,<environment.Job instance at 0x151e82ecaa00>,2,22,[1 5],3,3,25,0,3
1,<environment.Job instance at 0x151e82d1f320>,0,1,[2 9],1,2,3,1,2
1,<environment.Job instance at 0x151e82d1fd20>,3,3,[1 7],4,4,7,0,4
1,<environment.Job instance at 0x151e8288fa50>,2,12,[9 2],3,3,15,0,3
1,<environment.Job instance at 0x151eb99b7230>,6,1,[6 2],8,15,16,7,8
1,<environment.Job instance at 0x151ecaedeb90>,7,3,[10  2],9,16,19,7,9
1,<environment.Job instance at 0x151e824e9be0>,0,3,[7 1],1,1,4,0,1
1,<environment.Job instance at 0x151e824e95a0>,1,3,[1 5],2,2,5,0,2
1,<environment.Job instance at 0x151e824e91e0>,3,23,[5 1],4,5,28,1,5
1,<environment.Job instance at 0x151eba56eb90>,1,13,[1 8],2,20,33,18,20
1,<environment.Job instance at 0x151e82b0aa00>,2,12,[ 2 10],4,5,17,1,5
1,<environment.Job instance at 0x151ebf746280>,6,3,[6 1],9,17,20,8,9
1,<environment.Job instance at 0x151ebed23960>,1,16,[2 6],3,3,19,0,3
1,<environment.Job instance at 0x151ebed236e0>,4,2,[7 2],7,397,399,390,397
1,<environment.Job instance at 0x151e82c29c30>,0,1,[1 5],1,1,2,0,1
1,<environment.Job instance at 0x151e82ca3870>,2,14,[2 9],4,9,23,5,9
1,<environment.Job instance at 0x151e825cd050>,0,2,[6 1],1,2,4,1,2
1,<environment.Job instance at 0x151e825cd0a0>,2,2,[5 2],3,4,6,1,3
1,<environment.Job instance at 0x151e82ca35a0>,3,3,[1 9],8,8,11,0,8
1,<environment.Job instance at 0x151e822acfa0>,2,1,[2 6],3,3,4,0,3
1,<environment.Job instance at 0x151e82ba8320>,3,3,[2 5],5,5,8,0,5
1,<environment.Job instance at 0x151e822ac960>,5,1,[1 7],7,8,9,1,7
1,<environment.Job instance at 0x151e822ac690>,4,20,[2 5],6,9,29,3,8
1,<environment.Job instance at 0x151eb9abc550>,1,3,[2 6],3,3,6,0,3
1,<environment.Job instance at 0x151eb9abc960>,2,3,[5 1],4,4,7,0,4
1,<environment.Job instance at 0x151e824a0230>,3,18,[1 6],6,6,24,0,6
1,<environment.Job instance at 0x151e82f442d0>,4,18,[9 2],7,9,27,2,9
1,<environment.Job instance at 0x151ebed39500>,1,3,[1 6],3,3,6,0,3
1,<environment.Job instance at 0x151ebed39c30>,2,1,[7 1],6,7,8,1,7
1,<environment.Job instance at 0x151e82480410>,4,17,[7 2],8,8,25,0,8
1,<environment.Job instance at 0x151e82480870>,5,24,[ 1 10],9,25,49,16,20
1,<environment.Job instance at 0x151e82480be0>,3,15,[ 1 10],7,68,83,61,68
1,<environment.Job instance at 0x151ec0c68320>,2,2,[2 5],3,3,5,0,3
1,<environment.Job instance at 0x151eb40da780>,1,3,[6 2],4,4,7,0,4
1,<environment.Job instance at 0x151e8295c780>,0,3,[2 8],1,1,4,0,1
1,<environment.Job instance at 0x151e822f8aa0>,2,1,[ 1 10],5,5,6,0,5
1,<environment.Job instance at 0x151e824b5780>,1,2,[2 8],3,6,8,3,5
1,<environment.Job instance at 0x151eba5f44b0>,3,1,[10  2],6,8,9,2,6
1,<environment.Job instance at 0x151e822a6d20>,2,23,[7 2],8,8,31,0,8
1,<environment.Job instance at 0x151e822a62d0>,3,3,[2 5],9,10,13,1,10
1,<environment.Job instance at 0x151e827ab820>,1,3,[10  2],2,2,5,0,2
1,<environment.Job instance at 0x151e827ab280>,4,20,[2 8],7,7,27,0,7
1,<environment.Job instance at 0x151e82f64550>,5,13,[8 2],8,9,22,1,9
1,<environment.Job instance at 0x151e82f64a00>,1,1,[1 8],5,5,6,0,5
1,<environment.Job instance at 0x151e8252eeb0>,3,3,[ 2 10],8,8,11,0,8
1,<environment.Job instance at 0x151e8252ec30>,1,3,[7 2],2,2,5,0,2
1,<environment.Job instance at 0x151e82f642d0>,2,3,[1 5],3,3,6,0,3
1,<environment.Job instance at 0x151e8252e230>,3,1,[9 2],5,5,6,0,5
1,<environment.Job instance at 0x151e82634d70>,4,1,[5 1],8,8,9,0,8
1,<environment.Job instance at 0x151e82634910>,5,2,[5 2],9,9,11,0,9
1,<environment.Job instance at 0x151e82634910>,2,1,[7 2],3,3,4,0,3
1,<environment.Job instance at 0x151eb9bc4910>,3,15,[10  1],4,4,19,0,4
1,<environment.Job instance at 0x151eb9bc4aa0>,4,2,[10  2],6,19,21,13,6
1,<environment.Job instance at 0x151eb9bc46e0>,5,13,[7 2],7,21,34,14,7
1,<environment.Job instance at 0x151e82c193c0>,5,20,[6 2],7,7,27,0,7
1,<environment.Job instance at 0x151e82c19230>,6,2,[6 1],9,27,29,18,9
1,<environment.Job instance at 0x151e82fb3500>,1,2,[2 5],3,4,6,1,4
1,<environment.Job instance at 0x151e82b25370>,4,1,[8 1],7,13,14,6,13
1,<environment.Job instance at 0x151eb9a70460>,2,3,[8 2],9,9,12,0,9
1,<environment.Job instance at 0x151eb9a70460>,2,21,[2 7],5,5,26,0,5
1,<environment.Job instance at 0x151eba8584b0>,3,2,[2 8],6,26,28,20,6
1,<environment.Job instance at 0x151e8229cbe0>,4,17,[9 2],7,28,45,21,16
1,<environment.Job instance at 0x151ec107e0a0>,1,16,[1 6],3,4,20,1,4
1,<environment.Job instance at 0x151ec0c40280>,2,22,[2 7],4,20,42,16,13
1,<environment.Job instance at 0x151eba4c7370>,5,3,[5 1],7,60,63,53,60
1,<environment.Job instance at 0x151e82ec10a0>,1,2,[2 9],2,2,4,0,2
1,<environment.Job instance at 0x151eba4c7370>,2,1,[2 7],4,6,7,2,6
1,<environment.Job instance at 0x151e82ec14b0>,3,3,[8 2],6,6,9,0,6
1,<environment.Job instance at 0x151e8260a230>,1,16,[1 9],2,6,22,4,6
1,<environment.Job instance at 0x151e8258d3c0>,2,25,[ 1 10],3,34,59,31,34
1,<environment.Job instance at 0x151eb9a70f00>,0,1,[1 5],1,1,2,0,1
1,<environment.Job instance at 0x151ec0cb1f50>,2,1,[2 6],5,22,23,17,22
1,<environment.Job instance at 0x151e82ea0a00>,0,3,[6 2],2,2,5,0,2
1,<environment.Job instance at 0x151ebec58c80>,3,18,[7 1],5,5,23,0,5
1,<environment.Job instance at 0x151e8237f4b0>,0,1,[9 1],2,3,4,1,3
1,<environment.Job instance at 0x151e8237f5a0>,1,14,[1 7],3,72,86,69,72
1,<environment.Job instance at 0x151ebecfe5a0>,1,2,[1 7],2,6,8,4,6
1,<environment.Job instance at 0x151eb4077c80>,5,15,[7 1],9,18,33,9,18
1,<environment.Job instance at 0x151ec0c29a50>,1,14,[2 8],3,31,45,28,31
1,<environment.Job instance at 0x151e82c29190>,2,3,[7 2],3,3,6,0,3
1,<environment.Job instance at 0x151ec0cb4730>,3,2,[5 2],4,4,6,0,4
1,<environment.Job instance at 0x151ec0cb45a0>,4,15,[10  2],5,6,21,1,5
1,<environment.Job instance at 0x151eb40f8640>,0,2,[1 5],1,1,3,0,1
1,<environment.Job instance at 0x151eb82302d0>,2,2,[9 1],3,3,5,0,3
1,<environment.Job instance at 0x151eb81c32d0>,3,1,[1 7],8,8,9,0,8
1,<environment.Job instance at 0x151e82eba190>,2,2,[6 2],3,3,5,0,3
1,<environment.Job instance at 0x151e82eba460>,3,1,[10  2],9,9,10,0,9
1,<environment.Job instance at 0x151e82e88640>,2,19,[10  2],3,3,22,0,3
1,<environment.Job instance at 0x151e82e88e60>,4,25,[ 2 10],6,91,116,85,91
1,<environment.Job instance at 0x151e82640500>,3,17,[7 2],6,8,25,2,8
1,<environment.Job instance at 0x151e827e8410>,6,3,[6 2],9,25,28,16,11
1,<environment.Job instance at 0x151e82681870>,6,26,[2 8],7,485,511,478,485
1,<environment.Job instance at 0x151e82985320>,1,15,[1 9],3,33,48,30,33
1,<environment.Job instance at 0x151e826b0230>,1,3,[2 5],3,4,7,1,4
1,<environment.Job instance at 0x151e826b0690>,3,1,[1 8],9,11,12,2,11
1,<environment.Job instance at 0x151ec17d3280>,0,2,[1 7],1,1,3,0,1
1,<environment.Job instance at 0x151e8293e370>,2,3,[2 7],4,12,15,8,12
1,<environment.Job instance at 0x151eb99470f0>,0,2,[1 8],1,1,3,0,1
1,<environment.Job instance at 0x151e82b5a460>,5,2,[ 1 10],8,8,10,0,8
1,<environment.Job instance at 0x151e82b5a3c0>,6,17,[6 1],9,10,27,1,9
1,<environment.Job instance at 0x151e82b5acd0>,1,2,[2 9],5,19,21,14,19
1,<environment.Job instance at 0x151eb94e1410>,1,2,[7 2],2,2,4,0,2
1,<environment.Job instance at 0x151ebf6c67d0>,2,2,[1 5],3,3,5,0,3
1,<environment.Job instance at 0x151eb94e1910>,4,3,[7 1],7,8,11,1,8
1,<environment.Job instance at 0x151ebf6c6aa0>,0,2,[2 9],2,3,5,1,3
1,<environment.Job instance at 0x151e8290db90>,1,12,[9 2],3,5,17,2,4
1,<environment.Job instance at 0x151ebf6c6e10>,3,2,[2 5],5,17,19,12,5
1,<environment.Job instance at 0x151eba8dfdc0>,5,3,[1 8],7,7,10,0,7
1,<environment.Job instance at 0x151ebf69fcd0>,1,25,[1 7],4,71,96,67,71
1,<environment.Job instance at 0x151eb88a9550>,5,17,[1 7],9,148,165,139,148
1,<environment.Job instance at 0x151e82a24d20>,0,1,[8 1],3,7,8,4,7
1,<environment.Job instance at 0x151e82a245a0>,4,2,[10  2],8,8,10,0,8
1,<environment.Job instance at 0x151e82a240f0>,3,21,[ 1 10],7,14,35,7,14
1,<environment.Job instance at 0x151e82bf67d0>,1,16,[1 6],3,7,23,4,7
1,<environment.Job instance at 0x151e82bf60f0>,6,21,[8 1],8,15,36,7,15
1,<environment.Job instance at 0x151e82a203c0>,4,13,[2 8],6,42,55,36,42
1,<environment.Job instance at 0x151e82a20140>,1,1,[10  2],2,2,3,0,2
1,<environment.Job instance at 0x151e82a203c0>,3,2,[ 2 10],4,5,7,1,5
1,<environment.Job instance at 0x151e8284baf0>,5,3,[2 9],8,8,11,0,8
1,<environment.Job instance at 0x151e82d761e0>,1,3,[1 7],2,6,9,4,6
1,<environment.Job instance at 0x151eba52d2d0>,5,24,[1 5],6,9,33,3,7
1,<environment.Job instance at 0x151eba52dd20>,6,1,[1 6],7,33,34,26,14
1,<environment.Job instance at 0x151eb40651e0>,3,1,[9 1],6,7,8,1,7
1,<environment.Job instance at 0x151e825b7960>,1,16,[ 2 10],3,3,19,0,3
1,<environment.Job instance at 0x151ebf6bcaf0>,1,3,[ 2 10],2,2,5,0,2
1,<environment.Job instance at 0x151e8280acd0>,3,1,[7 1],5,6,7,1,6
1,<environment.Job instance at 0x151e82744370>,2,2,[2 6],6,10,12,4,10
1,<environment.Job instance at 0x151e822805f0>,3,16,[2 8],7,37,53,30,37
1,<environment.Job instance at 0x151eb9bdf910>,1,1,[8 1],4,5,6,1,5
1,<environment.Job instance at 0x151eb9bdf780>,3,15,[2 5],6,14,29,8,14
1,<environment.Job instance at 0x151ebf6a70a0>,0,1,[8 2],2,4,5,2,4
1,<environment.Job instance at 0x151ebf6e91e0>,3,3,[2 5],6,131,134,125,131
1,<environment.Job instance at 0x151eb7f939b0>,0,1,[9 1],1,2,3,1,2
1,<environment.Job instance at 0x151eb81f7960>,1,25,[2 8],2,3,28,1,3
1,<environment.Job instance at 0x151eb9952f50>,4,14,[2 6],6,28,42,22,18
1,<environment.Job instance at 0x151e82ef4500>,4,3,[7 2],9,11,14,2,11
1,<environment.Job instance at 0x151e82ef4eb0>,3,18,[1 7],8,12,30,4,12
1,<environment.Job instance at 0x151e828e4f00>,2,1,[1 7],4,4,5,0,4
1,<environment.Job instance at 0x151e82741e10>,5,2,[2 5],9,9,11,0,9
1,<environment.Job instance at 0x151e82741640>,1,19,[1 5],2,2,21,0,2
1,<environment.Job instance at 0x151eba932a50>,3,1,[5 1],5,5,6,0,5
1,<environment.Job instance at 0x151eba932820>,5,15,[1 8],7,238,253,231,238
1,<environment.Job instance at 0x151eb99313c0>,2,1,[1 6],3,4,5,1,4
1,<environment.Job instance at 0x151eb95189b0>,4,12,[2 8],5,5,17,0,5
1,<environment.Job instance at 0x151eb95180f0>,5,17,[10  1],6,17,34,11,6
1,<environment.Job instance at 0x151eb95188c0>,0,3,[1 6],3,3,6,0,3
1,<environment.Job instance at 0x151ebbb91820>,2,2,[ 2 10],9,9,11,0,9
1,<environment.Job instance at 0x151eb9518230>,1,1,[9 2],3,3,4,0,3
1,<environment.Job instance at 0x151eba532640>,1,3,[9 1],2,4,7,2,4
1,<environment.Job instance at 0x151eba532730>,2,2,[9 1],3,7,9,4,4
1,<environment.Job instance at 0x151ebed39a00>,4,3,[1 7],5,5,8,0,5
1,<environment.Job instance at 0x151ebed39cd0>,6,23,[1 7],7,8,31,1,7
1,<environment.Job instance at 0x151ec0c29370>,1,3,[2 9],6,6,9,0,6
1,<environment.Job instance at 0x151eb40ef9b0>,2,3,[2 5],7,9,12,2,7
1,<environment.Job instance at 0x151e82cda0a0>,0,3,[2 9],2,2,5,0,2
1,<environment.Job instance at 0x151e82ae7820>,4,1,[5 2],7,7,8,0,7
1,<environment.Job instance at 0x151e82875460>,5,3,[9 1],8,8,11,0,8
1,<environment.Job instance at 0x151e828755f0>,6,12,[8 2],9,11,23,2,9
1,<environment.Job instance at 0x151e82875f00>,1,3,[1 8],4,4,7,0,4
1,<environment.Job instance at 0x151e828752d0>,2,2,[7 1],5,5,7,0,5
1,<environment.Job instance at 0x151e82c86960>,5,1,[8 1],9,10,11,1,10
1,<environment.Job instance at 0x151eba8fb280>,1,18,[1 5],2,84,102,82,84
1,<environment.Job instance at 0x151e823999b0>,0,3,[2 8],2,2,5,0,2
1,<environment.Job instance at 0x151e82bbebe0>,2,13,[9 1],5,5,18,0,5
1,<environment.Job instance at 0x151e82bbef00>,4,1,[5 2],9,18,19,9,9
1,<environment.Job instance at 0x151e825fe230>,2,13,[1 5],6,88,101,82,88
1,<environment.Job instance at 0x151e824e1460>,1,3,[ 2 10],2,2,5,0,2
1,<environment.Job instance at 0x151e824e1730>,2,1,[2 6],3,5,6,2,3
1,<environment.Job instance at 0x151e824e1320>,3,1,[1 7],5,6,7,1,6
1,<environment.Job instance at 0x151e82db8190>,4,25,[ 1 10],6,7,32,1,7
1,<environment.Job instance at 0x151e82db80f0>,2,1,[2 5],3,3,4,0,3
1,<environment.Job instance at 0x151eb40c25a0>,0,1,[ 1 10],1,1,2,0,1
1,<environment.Job instance at 0x151eb40efb90>,2,2,[5 1],3,3,5,0,3
1,<environment.Job instance at 0x151eb40efeb0>,4,15,[9 1],5,5,20,0,5
1,<environment.Job instance at 0x151eb4178320>,0,3,[2 9],1,1,4,0,1
1,<environment.Job instance at 0x151e82790140>,2,2,[10  1],3,4,6,1,3
1,<environment.Job instance at 0x151e82bec2d0>,3,3,[5 1],4,6,9,2,4
1,<environment.Job instance at 0x151eb40c8a50>,6,13,[9 2],8,11,24,3,11
1,<environment.Job instance at 0x151eb40f6640>,1,2,[5 2],2,4,6,2,4
1,<environment.Job instance at 0x151eb9c015a0>,3,19,[2 8],4,136,155,132,136
1,<environment.Job instance at 0x151e82762320>,1,2,[2 5],2,16,18,14,16
1,<environment.Job instance at 0x151e82ded870>,1,20,[9 2],2,2,22,0,2
1,<environment.Job instance at 0x151eb825bb90>,2,3,[1 8],4,4,7,0,4
1,<environment.Job instance at 0x151eb825b280>,4,21,[6 1],6,6,27,0,6
1,<environment.Job instance at 0x151eb825b5a0>,5,18,[5 1],7,27,45,20,16
1,<environment.Job instance at 0x151e8231fb40>,2,2,[8 2],4,4,6,0,4
1,<environment.Job instance at 0x151e8231fa00>,3,3,[1 6],5,5,8,0,5
1,<environment.Job instance at 0x151eb8238370>,4,1,[1 6],6,8,9,2,6
1,<environment.Job instance at 0x151e826af190>,2,15,[8 2],7,7,22,0,7
1,<environment.Job instance at 0x151ebf760140>,4,13,[2 8],9,9,22,0,9
1,<environment.Job instance at 0x151eb9977690>,3,18,[1 6],8,22,40,14,17
1,<environment.Job instance at 0x151e82787730>,1,3,[1 6],3,3,6,0,3
1,<environment.Job instance at 0x151e82d616e0>,3,3,[9 1],5,5,8,0,5
1,<environment.Job instance at 0x151e82d61d70>,4,22,[1 5],7,7,29,0,7
1,<environment.Job instance at 0x151e82d650a0>,5,1,[9 2],8,8,9,0,8
1,<environment.Job instance at 0x151e82d653c0>,6,22,[2 9],9,29,51,20,22
1,<environment.Job instance at 0x151eb998d5a0>,0,2,[7 2],1,1,3,0,1
1,<environment.Job instance at 0x151eb998deb0>,1,2,[10  1],2,3,5,1,3
1,<environment.Job instance at 0x151eb998db90>,3,2,[7 2],4,5,7,1,4
1,<environment.Job instance at 0x151eb9942e10>,4,2,[8 2],5,7,9,2,5
1,<environment.Job instance at 0x151eb9942730>,1,2,[1 7],2,2,4,0,2
1,<environment.Job instance at 0x151e82324190>,3,2,[9 1],7,7,9,0,7
1,<environment.Job instance at 0x151eba49b140>,5,2,[9 1],9,10,12,1,10
1,<environment.Job instance at 0x151e827894b0>,0,2,[10  2],1,1,3,0,1
1,<environment.Job instance at 0x151eba49b640>,1,1,[1 6],2,3,4,1,2
1,<environment.Job instance at 0x151eb7d62370>,4,2,[7 1],5,5,7,0,5
1,<environment.Job instance at 0x151eb7d62320>,5,2,[1 6],6,6,8,0,6
1,<environment.Job instance at 0x151e82e9d320>,6,15,[2 8],9,10,25,1,10
1,<environment.Job instance at 0x151e82de9d70>,0,2,[7 1],1,2,4,1,2
1,<environment.Job instance at 0x151eb7d62640>,2,1,[1 9],3,3,4,0,3
1,<environment.Job instance at 0x151e82f943c0>,1,16,[2 8],2,4,20,2,4
1,<environment.Job instance at 0x151e82933fa0>,5,2,[1 5],6,20,22,14,6
1,<environment.Job instance at 0x151e82de9910>,6,1,[6 1],8,8,9,0,8
1,<environment.Job instance at 0x151ebf72fcd0>,3,21,[1 9],5,1048,1069,1043,1048
1,<environment.Job instance at 0x151e82d8d410>,3,2,[9 1],5,5,7,0,5
1,<environment.Job instance at 0x151e82d8da00>,4,2,[ 2 10],6,7,9,1,6
1,<environment.Job instance at 0x151e82d8dd20>,5,16,[1 7],7,9,25,2,7
1,<environment.Job instance at 0x151e82bb5820>,1,2,[ 1 10],4,4,6,0,4
1,<environment.Job instance at 0x151e822f8c30>,2,2,[1 9],5,6,8,1,5
1,<environment.Job instance at 0x151e822f8730>,3,1,[8 1],6,6,7,0,6
1,<environment.Job instance at 0x151e82e6a7d0>,0,3,[1 7],1,1,4,0,1
1,<environment.Job instance at 0x151e82cd8f00>,1,3,[5 1],2,2,5,0,2
1,<environment.Job instance at 0x151ec0cf90a0>,2,1,[7 2],5,5,6,0,5
1,<environment.Job instance at 0x151e82cd8c30>,4,2,[2 9],7,7,9,0,7
1,<environment.Job instance at 0x151e82cd80a0>,5,3,[5 1],8,8,11,0,8
1,<environment.Job instance at 0x151e82d58870>,3,2,[5 1],5,5,7,0,5
1,<environment.Job instance at 0x151eb7f75230>,5,1,[10  1],8,41,42,33,41
1,<environment.Job instance at 0x151eb7f754b0>,2,2,[8 2],3,3,5,0,3
1,<environment.Job instance at 0x151eb7d3beb0>,3,2,[2 6],4,4,6,0,4
1,<environment.Job instance at 0x151eb419dc30>,5,14,[7 2],9,12,26,3,12
1,<environment.Job instance at 0x151eb41a2230>,2,28,[1 8],3,13,41,10,13
1,<environment.Job instance at 0x151ebf6595f0>,6,12,[10  1],7,41,53,34,24
1,<environment.Job instance at 0x151ebf659a50>,7,2,[5 2],8,53,55,45,40
1,<environment.Job instance at 0x151ebf659870>,8,3,[1 8],9,53,56,44,43
1,<environment.Job instance at 0x151e82c04550>,0,3,[8 1],1,1,4,0,1
1,<environment.Job instance at 0x151ebf659f50>,3,17,[10  2],4,4,21,0,4
1,<environment.Job instance at 0x151eb7f71870>,1,15,[9 2],2,2,17,0,2
1,<environment.Job instance at 0x151eb7f71550>,5,2,[9 1],7,17,19,10,7
1,<environment.Job instance at 0x151eb7f71af0>,6,13,[1 9],8,17,30,9,8
1,<environment.Job instance at 0x151ec0c1d280>,1,3,[ 2 10],2,2,5,0,2
1,<environment.Job instance at 0x151ebbb7bbe0>,0,3,[1 9],1,1,4,0,1
1,<environment.Job instance at 0x151eba8cda00>,4,1,[1 5],9,9,10,0,9
1,<environment.Job instance at 0x151e82ebae10>,2,26,[8 1],3,7,33,4,7
1,<environment.Job instance at 0x151e8232ba50>,0,1,[ 2 10],1,1,2,0,1
1,<environment.Job instance at 0x151e828399b0>,3,17,[10  1],5,9,26,4,9
1,<environment.Job instance at 0x151e82f29910>,1,28,[2 8],3,4,32,1,4
1,<environment.Job instance at 0x151e82f29eb0>,2,1,[8 2],6,6,7,0,6
1,<environment.Job instance at 0x151e82c69820>,3,13,[9 1],7,7,20,0,7
1,<environment.Job instance at 0x151e823e8aa0>,4,1,[2 7],8,20,21,12,8
1,<environment.Job instance at 0x151eb8235230>,1,1,[2 8],5,5,6,0,5
1,<environment.Job instance at 0x151e8256f910>,2,2,[1 6],7,7,9,0,7
1,<environment.Job instance at 0x151e827291e0>,3,3,[10  1],7,7,10,0,7
1,<environment.Job instance at 0x151e827291e0>,2,2,[7 2],3,4,6,1,4
1,<environment.Job instance at 0x151eb9aba6e0>,3,1,[10  2],5,6,7,1,6
1,<environment.Job instance at 0x151eb9aba780>,5,16,[1 8],7,7,23,0,7
1,<environment.Job instance at 0x151eb9abad20>,6,3,[2 8],8,23,26,15,8
1,<environment.Job instance at 0x151ebd7ecbe0>,1,2,[8 2],2,3,5,1,3
1,<environment.Job instance at 0x151eb9b33b90>,4,2,[1 5],7,8,10,1,8
1,<environment.Job instance at 0x151e82e77460>,5,13,[5 2],8,14,27,6,14
1,<environment.Job instance at 0x151e82e4bdc0>,0,3,[9 2],2,2,5,0,2
1,<environment.Job instance at 0x151eb413f5f0>,1,1,[7 1],3,5,6,2,3
