iteration,job object,job ID,job Length,job ressource requirement,job enter time,job start time,job finish time,job waiting time,current time
1,<environment.Job instance at 0x1459bf524870>,6,18,[8 1],7,7,25,0,7
1,<environment.Job instance at 0x1459bf5243c0>,8,13,[6 1],9,25,38,16,13
1,<environment.Job instance at 0x1459bfc5a5a0>,17,17,[6 1],23,38,55,15,26
1,<environment.Job instance at 0x1459bfcc0500>,1,3,[1 5],2,2,5,0,2
1,<environment.Job instance at 0x1459bf521e10>,2,3,[1 6],3,5,8,2,3
1,<environment.Job instance at 0x1459bfc2de10>,0,13,[7 2],2,2,15,0,2
1,<environment.Job instance at 0x1459c1c4dfa0>,7,3,[7 2],11,15,18,4,11
1,<environment.Job instance at 0x1459c3107050>,8,14,[7 1],12,18,32,6,12
1,<environment.Job instance at 0x1459c3107fa0>,10,12,[2 8],15,15,27,0,15
1,<environment.Job instance at 0x1459c30e51e0>,16,1,[1 5],23,27,28,4,23
1,<environment.Job instance at 0x1459c31d41e0>,18,1,[2 7],27,28,29,1,27
1,<environment.Job instance at 0x1459c31d40f0>,20,15,[7 1],29,32,47,3,29
1,<environment.Job instance at 0x145a044160a0>,0,2,[ 1 10],1,2,4,1,2
1,<environment.Job instance at 0x145a04416e10>,2,1,[1 7],3,4,5,1,3
1,<environment.Job instance at 0x1459bfc85eb0>,3,1,[2 9],4,5,6,1,4
1,<environment.Job instance at 0x1459bfc85050>,4,15,[1 7],5,6,21,1,5
1,<environment.Job instance at 0x1459bfc857d0>,6,14,[10  1],9,21,35,12,10
1,<environment.Job instance at 0x1459bef9f910>,10,2,[2 5],13,109,111,96,109
1,<environment.Job instance at 0x1459bf4fdfa0>,11,3,[6 1],14,425,428,411,425
1,<environment.Job instance at 0x145a15d47230>,1,18,[10  1],6,6,24,0,6
1,<environment.Job instance at 0x1459bfd5ea50>,11,16,[1 7],19,24,40,5,24
1,<environment.Job instance at 0x1459cd4661e0>,0,17,[7 1],2,2,19,0,2
1,<environment.Job instance at 0x1459bef24370>,3,12,[7 2],7,19,31,12,7
1,<environment.Job instance at 0x1459bef243c0>,6,14,[8 2],12,31,45,19,16
1,<environment.Job instance at 0x1459beeeb370>,13,13,[5 2],21,72,85,51,72
1,<environment.Job instance at 0x1459ce13dc80>,0,12,[2 9],3,3,15,0,3
1,<environment.Job instance at 0x1459cd54f280>,3,15,[8 2],6,15,30,9,8
1,<environment.Job instance at 0x1459bec09cd0>,0,14,[1 6],2,2,16,0,2
1,<environment.Job instance at 0x1459bf04d7d0>,6,3,[6 2],11,11,14,0,11
1,<environment.Job instance at 0x1459bf465050>,8,3,[1 7],13,16,19,3,13
1,<environment.Job instance at 0x1459bfc2bf50>,11,3,[1 7],18,19,22,1,18
1,<environment.Job instance at 0x1459bfc2bd20>,12,14,[1 6],19,22,36,3,19
1,<environment.Job instance at 0x1459beb6ad20>,15,26,[9 1],24,24,50,0,24
1,<environment.Job instance at 0x1459c1e6e730>,19,12,[5 2],28,50,62,22,33
1,<environment.Job instance at 0x1459bfd26af0>,23,27,[1 7],35,36,63,1,35
1,<environment.Job instance at 0x145a041b05f0>,24,15,[2 8],38,63,78,25,57
1,<environment.Job instance at 0x1459ce1a9730>,2,1,[1 8],5,5,6,0,5
1,<environment.Job instance at 0x1459bf782640>,3,16,[2 6],6,6,22,0,6
1,<environment.Job instance at 0x1459cc106fa0>,6,14,[9 1],10,22,36,12,10
1,<environment.Job instance at 0x1459c322ec80>,13,15,[10  1],19,36,51,17,30
1,<environment.Job instance at 0x1459c312cfa0>,1,1,[2 9],2,3,4,1,3
1,<environment.Job instance at 0x1459cc0fbc80>,3,2,[10  1],4,4,6,0,4
1,<environment.Job instance at 0x1459bedbf640>,4,2,[2 7],6,6,8,0,6
1,<environment.Job instance at 0x1459bedbf690>,6,1,[2 5],8,8,9,0,8
1,<environment.Job instance at 0x1459bedbf140>,7,2,[ 1 10],10,10,12,0,10
1,<environment.Job instance at 0x1459bedbfb90>,8,3,[2 5],11,12,15,1,11
1,<environment.Job instance at 0x1459bedd9190>,9,12,[6 1],12,12,24,0,12
1,<environment.Job instance at 0x1459cc00e7d0>,18,19,[2 9],26,26,45,0,26
1,<environment.Job instance at 0x1459cd4add20>,3,16,[10  2],4,4,20,0,4
1,<environment.Job instance at 0x1459c20144b0>,10,14,[6 1],13,20,34,7,13
1,<environment.Job instance at 0x1459c1e1da00>,12,14,[2 8],15,20,34,5,15
1,<environment.Job instance at 0x1459bf48ca00>,15,13,[10  1],18,34,47,16,21
1,<environment.Job instance at 0x1459bf138820>,25,12,[7 1],34,69,81,35,69
1,<environment.Job instance at 0x1459bf4c8370>,0,12,[1 5],1,1,13,0,1
1,<environment.Job instance at 0x145a0449ff00>,1,13,[7 2],2,7,20,5,7
1,<environment.Job instance at 0x1459bf06e320>,9,1,[5 2],16,20,21,4,16
1,<environment.Job instance at 0x1459bf06e280>,10,26,[2 8],18,18,44,0,18
1,<environment.Job instance at 0x1459c1d82e60>,14,2,[1 6],27,44,46,17,27
1,<environment.Job instance at 0x1459c1d82a50>,15,3,[1 9],28,46,49,18,28
1,<environment.Job instance at 0x1459c1d826e0>,16,16,[2 7],31,49,65,18,36
1,<environment.Job instance at 0x1459c1d49050>,19,3,[5 1],38,38,41,0,38
1,<environment.Job instance at 0x1459c1d49b90>,2,17,[1 9],4,4,21,0,4
1,<environment.Job instance at 0x145a0402b140>,6,1,[5 1],13,13,14,0,13
1,<environment.Job instance at 0x145a0402b910>,7,13,[10  1],15,21,34,6,15
1,<environment.Job instance at 0x1459cd559780>,17,1,[2 9],34,1566,1567,1532,1566
1,<environment.Job instance at 0x1459cd559460>,1,17,[9 2],3,3,20,0,3
1,<environment.Job instance at 0x1459bf11df50>,3,12,[2 8],5,20,32,15,5
1,<environment.Job instance at 0x1459c208ceb0>,4,3,[ 1 10],6,32,35,26,9
1,<environment.Job instance at 0x1459c208c820>,14,14,[1 5],21,35,49,14,23
1,<environment.Job instance at 0x1459ce199410>,16,1,[9 1],25,35,36,10,27
1,<environment.Job instance at 0x1459ce1993c0>,18,25,[8 1],29,36,61,7,32
1,<environment.Job instance at 0x1459ce199fa0>,23,14,[9 2],36,61,75,25,46
1,<environment.Job instance at 0x1459ce1990f0>,27,3,[1 5],40,49,52,9,46
1,<environment.Job instance at 0x1459ce199370>,28,12,[2 9],42,75,87,33,58
1,<environment.Job instance at 0x1459ce1990a0>,30,13,[1 9],44,87,100,43,71
1,<environment.Job instance at 0x1459ce199a50>,31,2,[1 8],45,100,102,55,99
1,<environment.Job instance at 0x1459cd53b410>,0,17,[2 9],1,1,18,0,1
1,<environment.Job instance at 0x1459cd53ba50>,3,17,[5 2],4,18,35,14,9
1,<environment.Job instance at 0x1459c1eaed70>,14,14,[8 2],17,35,49,18,20
1,<environment.Job instance at 0x1459ce083960>,17,3,[5 2],22,22,25,0,22
1,<environment.Job instance at 0x1459c1d9c460>,18,13,[2 8],23,25,38,2,23
1,<environment.Job instance at 0x1459bed75370>,23,17,[10  1],30,61,78,31,61
1,<environment.Job instance at 0x1459c353a6e0>,35,14,[2 6],45,78,92,33,63
1,<environment.Job instance at 0x1459c353a780>,37,17,[2 5],47,92,109,45,80
1,<environment.Job instance at 0x1459bef5d2d0>,3,17,[9 1],6,6,23,0,6
1,<environment.Job instance at 0x1459cc163f00>,9,13,[6 1],14,23,36,9,19
1,<environment.Job instance at 0x1459bf7825a0>,0,3,[2 8],1,1,4,0,1
1,<environment.Job instance at 0x1459c307d8c0>,2,13,[7 2],4,4,17,0,4
1,<environment.Job instance at 0x145a04138320>,7,17,[1 7],10,16,33,6,16
1,<environment.Job instance at 0x1459bea15910>,2,17,[1 8],8,8,25,0,8
1,<environment.Job instance at 0x1459cd536aa0>,4,17,[1 6],11,25,42,14,13
1,<environment.Job instance at 0x1459c1f8ea00>,6,13,[2 9],16,53,66,37,53
1,<environment.Job instance at 0x150679385640>,0,12,[2 5],1,1,13,0,1
1,<environment.Job instance at 0x150622b0ebe0>,6,18,[8 1],7,7,25,0,7
1,<environment.Job instance at 0x150622b0e8c0>,8,13,[6 1],9,25,38,16,13
1,<environment.Job instance at 0x1506231decd0>,17,17,[6 1],23,38,55,15,26
1,<environment.Job instance at 0x15062326d690>,2,1,[2 9],5,6,7,1,6
1,<environment.Job instance at 0x150622d71f50>,4,12,[9 1],8,8,20,0,8
1,<environment.Job instance at 0x1506252a0cd0>,13,1,[1 9],25,141,142,116,141
1,<environment.Job instance at 0x1506252a0af0>,7,3,[6 1],13,462,465,449,462
1,<environment.Job instance at 0x150622d71140>,3,16,[8 2],6,516,532,510,516
1,<environment.Job instance at 0x15062530ba50>,2,1,[1 5],3,3,4,0,3
1,<environment.Job instance at 0x15062319eb40>,6,15,[7 1],9,9,24,0,9
1,<environment.Job instance at 0x1506255c1e10>,0,3,[5 1],3,3,6,0,3
1,<environment.Job instance at 0x150625343f00>,2,3,[ 2 10],6,6,9,0,6
1,<environment.Job instance at 0x15062334baa0>,5,3,[5 2],12,12,15,0,12
1,<environment.Job instance at 0x15062334ba00>,6,15,[2 7],13,13,28,0,13
1,<environment.Job instance at 0x15062334b8c0>,10,19,[ 1 10],18,28,47,10,18
1,<environment.Job instance at 0x150625601be0>,1,3,[2 8],5,5,8,0,5
1,<environment.Job instance at 0x1506256e32d0>,4,18,[7 2],9,9,27,0,9
1,<environment.Job instance at 0x150622ac94b0>,6,18,[10  1],16,27,45,11,16
1,<environment.Job instance at 0x15062321bf00>,0,17,[7 1],2,2,19,0,2
1,<environment.Job instance at 0x15065179bbe0>,3,12,[7 2],7,19,31,12,13
1,<environment.Job instance at 0x1506226f0870>,9,14,[8 1],16,31,45,15,16
1,<environment.Job instance at 0x15062262f230>,13,13,[5 2],21,120,133,99,120
1,<environment.Job instance at 0x150622784050>,1,3,[2 7],3,3,6,0,3
1,<environment.Job instance at 0x1506252e1a00>,0,3,[6 1],3,3,6,0,3
1,<environment.Job instance at 0x150626795370>,1,26,[9 1],4,6,32,2,4
1,<environment.Job instance at 0x1506500bc500>,5,12,[5 2],8,67,79,59,67
1,<environment.Job instance at 0x1506500c0910>,1,1,[1 5],2,2,3,0,2
1,<environment.Job instance at 0x15065013c6e0>,2,18,[8 2],3,3,21,0,3
1,<environment.Job instance at 0x150622123690>,6,17,[2 9],7,21,38,14,9
1,<environment.Job instance at 0x1506232b03c0>,9,3,[6 1],10,21,24,11,10
1,<environment.Job instance at 0x150622123aa0>,11,3,[2 8],12,12,15,0,12
1,<environment.Job instance at 0x1506255d1640>,13,3,[5 2],16,38,41,22,16
1,<environment.Job instance at 0x1506221bde10>,17,1,[2 9],22,42,43,20,42
1,<environment.Job instance at 0x15062567c9b0>,33,3,[1 7],43,43,46,0,43
1,<environment.Job instance at 0x15062567c780>,34,19,[2 9],46,46,65,0,46
1,<environment.Job instance at 0x150650116820>,1,3,[1 7],3,3,6,0,3
1,<environment.Job instance at 0x15065339ea50>,2,17,[2 7],4,6,23,2,4
1,<environment.Job instance at 0x150653e74dc0>,4,17,[9 1],6,102,119,96,102
1,<environment.Job instance at 0x1506255127d0>,42,14,[2 5],58,119,133,61,107
1,<environment.Job instance at 0x1506252d4fa0>,5,3,[5 1],7,156,159,149,156
1,<environment.Job instance at 0x1506267eee10>,0,12,[1 5],1,1,13,0,1
1,<environment.Job instance at 0x150650a8c870>,1,13,[7 2],2,2,15,0,2
1,<environment.Job instance at 0x1506267ee730>,5,16,[1 5],11,13,29,2,11
1,<environment.Job instance at 0x1506231bb190>,26,27,[1 7],45,52,79,7,52
1,<environment.Job instance at 0x1506516edf00>,28,17,[2 8],47,79,96,32,67
1,<environment.Job instance at 0x150622847230>,0,15,[2 8],2,2,17,0,2
1,<environment.Job instance at 0x150653a060f0>,2,13,[10  1],5,112,125,107,112
1,<environment.Job instance at 0x150625608140>,0,14,[1 5],1,1,15,0,1
1,<environment.Job instance at 0x1506256080f0>,1,12,[2 6],3,15,27,12,3
1,<environment.Job instance at 0x1506252c3be0>,4,25,[8 1],9,9,34,0,9
1,<environment.Job instance at 0x1506252c3c80>,5,16,[8 1],10,34,50,24,33
1,<environment.Job instance at 0x1506252d6e10>,20,19,[2 5],30,33,52,3,33
1,<environment.Job instance at 0x1506252d6eb0>,21,17,[2 9],31,58,75,27,58
1,<environment.Job instance at 0x1506252c3280>,10,1,[10  2],17,161,162,144,161
1,<environment.Job instance at 0x150622424c80>,0,25,[9 1],1,1,26,0,1
1,<environment.Job instance at 0x150625640dc0>,4,15,[5 2],6,34,49,28,34
1,<environment.Job instance at 0x150651757be0>,25,13,[6 1],34,118,131,84,118
1,<environment.Job instance at 0x1506253274b0>,0,14,[2 9],1,1,15,0,1
1,<environment.Job instance at 0x1506247f3eb0>,0,17,[1 6],1,1,18,0,1
1,<environment.Job instance at 0x150651439b90>,2,13,[2 5],8,8,21,0,8
1,<environment.Job instance at 0x1506228096e0>,3,15,[1 9],6,6,21,0,6
1,<environment.Job instance at 0x15062297b9b0>,13,15,[6 1],22,22,37,0,22
1,<environment.Job instance at 0x150653162910>,15,17,[10  1],26,37,54,11,26
1,<environment.Job instance at 0x150625327140>,20,14,[2 6],33,542,556,509,542
1,<environment.Job instance at 0x1506500d6690>,2,3,[2 8],5,5,8,0,5
1,<environment.Job instance at 0x1506500d6370>,4,28,[1 6],7,8,36,1,7
1,<environment.Job instance at 0x1506500d64b0>,7,16,[1 6],12,69,85,57,69
1,<environment.Job instance at 0x1506500d6730>,9,2,[5 1],15,1167,1169,1152,1167
1,<environment.Job instance at 0x1530700c5640>,0,12,[2 5],1,1,13,0,1
1,<environment.Job instance at 0x1530197f06e0>,6,18,[8 1],7,7,25,0,7
1,<environment.Job instance at 0x1530197f0460>,8,13,[6 1],9,25,38,16,13
1,<environment.Job instance at 0x15301a02dd70>,17,17,[6 1],23,38,55,15,26
1,<environment.Job instance at 0x153019ec9fa0>,3,16,[2 5],6,6,22,0,6
1,<environment.Job instance at 0x15301bffac30>,11,3,[10  1],19,22,25,3,19
1,<environment.Job instance at 0x15301bffafa0>,12,12,[9 1],21,25,37,4,21
1,<environment.Job instance at 0x15301bffa690>,13,3,[2 9],22,37,40,15,22
1,<environment.Job instance at 0x15301bffa3c0>,14,3,[1 9],23,25,28,2,23
1,<environment.Job instance at 0x15301bf3cdc0>,4,15,[5 1],5,5,20,0,5
1,<environment.Job instance at 0x15301bf3c1e0>,5,18,[1 8],6,6,24,0,6
1,<environment.Job instance at 0x15302025bbe0>,5,3,[ 2 10],7,7,10,0,7
1,<environment.Job instance at 0x153019f52e60>,6,18,[8 1],8,10,28,2,8
1,<environment.Job instance at 0x153019f52aa0>,8,17,[1 6],11,11,28,0,11
1,<environment.Job instance at 0x153019f521e0>,9,17,[7 1],12,28,45,16,16
1,<environment.Job instance at 0x153019f528c0>,12,15,[9 2],20,137,152,117,137
1,<environment.Job instance at 0x15302813bb40>,2,18,[5 2],3,3,21,0,3
1,<environment.Job instance at 0x1530201b65a0>,4,3,[1 7],6,6,9,0,6
1,<environment.Job instance at 0x153019a4b500>,5,18,[8 1],7,21,39,14,10
1,<environment.Job instance at 0x1530280e5d70>,13,12,[7 1],18,104,116,86,104
1,<environment.Job instance at 0x15302005f6e0>,0,12,[2 9],3,3,15,0,3
1,<environment.Job instance at 0x1530308f1d70>,3,15,[8 2],6,15,30,9,6
1,<environment.Job instance at 0x1530308f1550>,15,18,[ 1 10],26,30,48,4,29
1,<environment.Job instance at 0x15301945ac30>,20,16,[9 1],33,86,102,53,86
1,<environment.Job instance at 0x15302020a280>,1,26,[9 1],4,4,30,0,4
1,<environment.Job instance at 0x15301926bf00>,5,12,[5 2],8,30,42,22,13
1,<environment.Job instance at 0x15301b4c4b90>,9,27,[1 7],15,18,45,3,18
1,<environment.Job instance at 0x153032281410>,15,12,[6 1],22,143,155,121,143
1,<environment.Job instance at 0x153032281690>,16,2,[5 2],23,160,162,137,160
1,<environment.Job instance at 0x15302809e370>,0,13,[5 1],1,1,14,0,1
1,<environment.Job instance at 0x15302019d640>,2,14,[6 1],3,14,28,11,6
1,<environment.Job instance at 0x153019ea8460>,7,13,[10  1],8,79,92,71,79
1,<environment.Job instance at 0x15301958d960>,38,2,[ 1 10],60,139,141,79,139
1,<environment.Job instance at 0x153019ffd2d0>,0,16,[2 7],1,1,17,0,1
1,<environment.Job instance at 0x153032b394b0>,8,14,[2 8],13,17,31,4,13
1,<environment.Job instance at 0x153032b42460>,11,21,[1 8],16,31,52,15,23
1,<environment.Job instance at 0x1530191b1a50>,20,15,[2 8],32,52,67,20,46
1,<environment.Job instance at 0x1530197eeaa0>,1,17,[9 2],3,3,20,0,3
1,<environment.Job instance at 0x153018d25e10>,3,12,[2 8],5,20,32,15,5
1,<environment.Job instance at 0x153032b395a0>,6,3,[2 7],8,32,35,24,8
1,<environment.Job instance at 0x153032b39370>,7,13,[2 5],9,35,48,26,19
1,<environment.Job instance at 0x1530305cb870>,17,17,[2 8],26,53,70,27,53
1,<environment.Job instance at 0x15301bffa320>,0,3,[5 2],2,2,5,0,2
1,<environment.Job instance at 0x15301bffad70>,1,13,[2 8],3,3,16,0,3
1,<environment.Job instance at 0x153019103eb0>,6,17,[10  1],10,16,33,6,10
1,<environment.Job instance at 0x153028182910>,9,21,[ 2 10],14,155,176,141,155
1,<environment.Job instance at 0x15301925c910>,0,14,[2 9],1,1,15,0,1
1,<environment.Job instance at 0x1530215830f0>,2,3,[2 5],4,4,7,0,4
1,<environment.Job instance at 0x1530192bec80>,4,12,[5 2],7,8,20,1,8
1,<environment.Job instance at 0x153018fc0820>,1,12,[6 2],3,3,15,0,3
1,<environment.Job instance at 0x1530202cc6e0>,5,14,[7 1],8,15,29,7,8
1,<environment.Job instance at 0x1530202ccd20>,7,14,[9 2],10,29,43,19,14
1,<environment.Job instance at 0x1530203d0820>,12,16,[7 1],15,43,59,28,30
1,<environment.Job instance at 0x1530201d7410>,19,23,[9 1],26,111,134,85,111
1,<environment.Job instance at 0x1530201d76e0>,16,26,[1 6],21,138,164,117,138
1,<environment.Job instance at 0x153019054af0>,0,15,[ 2 10],2,2,17,0,2
1,<environment.Job instance at 0x1530203661e0>,0,12,[2 8],1,1,13,0,1
1,<environment.Job instance at 0x1530190b8410>,4,1,[ 2 10],5,13,14,8,8
1,<environment.Job instance at 0x1530190cc0a0>,6,3,[ 1 10],11,14,17,3,11
1,<environment.Job instance at 0x1530190b8c80>,7,1,[8 2],12,17,18,5,13
1,<environment.Job instance at 0x1530190d9a50>,9,2,[8 1],15,28,30,13,28
1,<environment.Job instance at 0x15302bc8e550>,19,1,[1 7],30,30,31,0,30
1,<environment.Job instance at 0x1530190d84b0>,20,21,[9 1],31,31,52,0,31
1,<environment.Job instance at 0x1530309b2370>,32,12,[9 1],47,94,106,47,94
1,<environment.Job instance at 0x15301a0189b0>,0,3,[2 9],1,1,4,0,1
1,<environment.Job instance at 0x15302bd8be10>,3,17,[5 1],4,4,21,0,4
1,<environment.Job instance at 0x15301a01fb90>,10,27,[6 1],11,46,73,35,46
1,<environment.Job instance at 0x153030131b40>,0,16,[7 1],1,1,17,0,1
1,<environment.Job instance at 0x153030131f00>,3,2,[5 1],4,17,19,13,4
1,<environment.Job instance at 0x1530301314b0>,4,2,[7 2],5,19,21,14,5
1,<environment.Job instance at 0x153030131cd0>,6,3,[2 6],7,7,10,0,7
1,<environment.Job instance at 0x153028024f50>,8,3,[6 1],9,21,24,12,9
1,<environment.Job instance at 0x1530301311e0>,9,15,[6 1],15,24,39,9,15
1,<environment.Job instance at 0x153028024820>,11,17,[8 1],17,39,56,22,27
1,<environment.Job instance at 0x15301a0200a0>,19,1,[6 2],27,56,57,29,28
1,<environment.Job instance at 0x153032514aa0>,21,15,[8 1],29,106,121,77,106
1,<environment.Job instance at 0x1530280240a0>,1,28,[2 5],3,3,31,0,3
1,<environment.Job instance at 0x153019ff2140>,3,1,[1 9],5,31,32,26,5
1,<environment.Job instance at 0x1530308f3550>,4,3,[6 2],6,6,9,0,6
1,<environment.Job instance at 0x15137ed52640>,0,12,[2 5],1,1,13,0,1
1,<environment.Job instance at 0x15132850d7d0>,6,18,[8 1],7,7,25,0,7
1,<environment.Job instance at 0x15132850d460>,8,13,[6 1],9,25,38,16,11
1,<environment.Job instance at 0x151328be60f0>,10,13,[2 8],12,13,26,1,12
1,<environment.Job instance at 0x151328bf8550>,17,17,[6 1],23,38,55,15,26
1,<environment.Job instance at 0x151328c4b140>,0,15,[2 9],2,2,17,0,2
1,<environment.Job instance at 0x151328521af0>,2,17,[8 1],6,6,23,0,6
1,<environment.Job instance at 0x151328521cd0>,6,12,[9 1],11,165,177,154,165
1,<environment.Job instance at 0x15132ad09640>,10,3,[1 9],15,2364,2367,2349,2364
1,<environment.Job instance at 0x151332415820>,1,3,[2 8],5,5,8,0,5
1,<environment.Job instance at 0x15135dfc1be0>,4,18,[7 2],9,9,27,0,9
1,<environment.Job instance at 0x15132c569460>,6,18,[10  1],16,27,45,11,16
1,<environment.Job instance at 0x151328509c80>,0,13,[5 2],1,1,14,0,1
1,<environment.Job instance at 0x151327ee5910>,3,3,[5 1],4,4,7,0,4
1,<environment.Job instance at 0x15132d455b90>,4,3,[1 7],9,9,12,0,9
1,<environment.Job instance at 0x151327ee5050>,5,12,[7 1],11,14,26,3,11
1,<environment.Job instance at 0x151327ee5d70>,6,20,[8 2],12,26,46,14,17
1,<environment.Job instance at 0x151327ee5c80>,8,3,[1 9],14,2838,2841,2824,2838
1,<environment.Job instance at 0x15132ac87b40>,0,14,[1 6],2,2,16,0,2
1,<environment.Job instance at 0x1513281a40f0>,11,3,[1 7],18,18,21,0,18
1,<environment.Job instance at 0x1513281a4af0>,12,14,[1 6],19,21,35,2,19
1,<environment.Job instance at 0x15132ae92320>,14,3,[6 1],23,23,26,0,23
1,<environment.Job instance at 0x15132ae925a0>,15,26,[9 1],24,26,52,2,24
1,<environment.Job instance at 0x15132ae925f0>,19,12,[5 2],28,52,64,24,38
1,<environment.Job instance at 0x1513330eac80>,25,16,[2 8],39,52,68,13,39
1,<environment.Job instance at 0x1513330eaf50>,26,13,[ 2 10],42,68,81,26,52
1,<environment.Job instance at 0x1513330eaf00>,29,2,[8 1],46,116,118,70,116
1,<environment.Job instance at 0x1513330eae60>,23,27,[1 7],35,921,948,886,921
1,<environment.Job instance at 0x1513330ea5f0>,1,1,[1 5],2,2,3,0,2
1,<environment.Job instance at 0x151332474f50>,2,18,[8 2],3,3,21,0,3
1,<environment.Job instance at 0x1513323d7140>,6,17,[2 9],7,21,38,14,9
1,<environment.Job instance at 0x151333111460>,9,3,[6 1],10,21,24,11,10
1,<environment.Job instance at 0x15135d4140a0>,13,3,[5 2],16,38,41,22,16
1,<environment.Job instance at 0x1513330d4190>,15,2,[2 8],19,19,21,0,19
1,<environment.Job instance at 0x1513330d4910>,16,1,[6 2],21,41,42,20,21
1,<environment.Job instance at 0x151327ed00a0>,17,1,[2 9],22,145,146,123,145
1,<environment.Job instance at 0x15132c50d960>,0,13,[5 1],1,1,14,0,1
1,<environment.Job instance at 0x151327b5fa50>,2,14,[6 1],3,14,28,11,5
1,<environment.Job instance at 0x151327ee2e10>,7,13,[10  1],8,28,41,20,12
1,<environment.Job instance at 0x15132c0a80a0>,11,3,[7 1],16,84,87,68,84
1,<environment.Job instance at 0x15132afddaf0>,38,2,[ 1 10],60,159,161,99,159
1,<environment.Job instance at 0x15132afddaf0>,2,14,[2 8],3,3,17,0,3
1,<environment.Job instance at 0x151327b645f0>,5,21,[1 8],6,17,38,11,12
1,<environment.Job instance at 0x151332486320>,11,17,[1 9],14,38,55,24,26
1,<environment.Job instance at 0x151328d10140>,0,14,[1 5],1,1,15,0,1
1,<environment.Job instance at 0x15132d43a370>,3,17,[2 8],6,15,32,9,6
1,<environment.Job instance at 0x15132d43a050>,5,16,[8 1],10,213,229,203,213
1,<environment.Job instance at 0x15132b109fa0>,3,17,[9 1],6,6,23,0,6
1,<environment.Job instance at 0x151327d4e910>,9,13,[6 1],14,23,36,9,17
1,<environment.Job instance at 0x15135dfc29b0>,0,17,[1 6],1,1,18,0,1
1,<environment.Job instance at 0x15135dfc2fa0>,2,13,[2 9],6,18,31,12,6
1,<environment.Job instance at 0x15135cae5230>,0,3,[1 8],1,1,4,0,1
1,<environment.Job instance at 0x15135d5a0dc0>,2,16,[9 1],4,4,20,0,4
1,<environment.Job instance at 0x151327a891e0>,3,12,[7 2],6,20,32,14,12
1,<environment.Job instance at 0x151327a89370>,5,2,[5 2],13,32,34,19,13
1,<environment.Job instance at 0x1513325804b0>,0,12,[2 8],1,1,13,0,1
1,<environment.Job instance at 0x151331daa2d0>,4,1,[ 2 10],5,167,168,162,167
1,<environment.Job instance at 0x1513323d1870>,0,27,[6 1],1,1,28,0,1
1,<environment.Job instance at 0x1513323d1a00>,2,17,[7 2],3,28,45,25,16
1,<environment.Job instance at 0x15132ac76fa0>,7,17,[ 2 10],9,45,62,36,41
1,<environment.Job instance at 0x15132ac605f0>,16,3,[2 9],23,171,174,148,171
1,<environment.Job instance at 0x15132ae0e5a0>,0,16,[2 5],1,1,17,0,1
1,<environment.Job instance at 0x15132ae0e5f0>,6,15,[8 1],9,9,24,0,9
1,<environment.Job instance at 0x15132d442640>,9,14,[2 9],17,17,31,0,17
1,<environment.Job instance at 0x1513331704b0>,11,13,[7 2],20,31,44,11,25
1,<environment.Job instance at 0x151327f0d460>,20,17,[1 5],32,32,49,0,32
1,<environment.Job instance at 0x15132833b730>,27,1,[2 8],44,49,50,5,44
1,<environment.Job instance at 0x15132833bd20>,28,18,[1 7],46,50,68,4,46
1,<environment.Job instance at 0x15135d403410>,1,1,[1 8],2,162,163,160,162
1,<environment.Job instance at 0x151327b958c0>,1,18,[8 1],8,8,26,0,8
1,<environment.Job instance at 0x15132822dd20>,10,17,[6 2],22,26,43,4,22
1,<environment.Job instance at 0x1513330ebbe0>,25,14,[ 2 10],40,43,57,3,43
1,<environment.Job instance at 0x151333176690>,29,12,[2 9],44,57,69,13,49
1,<environment.Job instance at 0x15132c4e3230>,1,1,[ 2 10],2,3,4,1,3
1,<environment.Job instance at 0x15132accdaa0>,3,17,[5 2],5,5,22,0,5
1,<environment.Job instance at 0x151328c7a910>,4,3,[10  1],7,22,25,15,7
1,<environment.Job instance at 0x151328c7a1e0>,6,17,[8 1],9,25,42,16,13
1,<environment.Job instance at 0x151328c7ac30>,10,15,[9 1],14,42,57,28,28
1,<environment.Job instance at 0x151328c7a960>,14,3,[1 8],20,28,31,8,28
1,<environment.Job instance at 0x151328c7a3c0>,15,19,[5 2],21,57,76,36,47
1,<environment.Job instance at 0x151328c7a190>,17,3,[1 7],23,47,50,24,47
1,<environment.Job instance at 0x15132b0ad500>,21,15,[8 2],27,76,91,49,62
1,<environment.Job instance at 0x151328c3a870>,57,16,[7 2],74,143,159,69,143
1,<environment.Job instance at 0x15248c5a6640>,0,12,[2 5],1,1,13,0,1
1,<environment.Job instance at 0x152435d7eeb0>,6,18,[8 1],7,7,25,0,7
1,<environment.Job instance at 0x152435d7e7d0>,8,13,[6 1],9,25,38,16,12
1,<environment.Job instance at 0x1524364dd4b0>,16,1,[2 5],21,21,22,0,21
1,<environment.Job instance at 0x1524364b9e60>,17,17,[6 1],23,38,55,15,26
1,<environment.Job instance at 0x152435d94be0>,0,12,[9 1],1,1,13,0,1
1,<environment.Job instance at 0x15243878fb40>,0,3,[5 1],3,3,6,0,3
1,<environment.Job instance at 0x15243878f910>,2,3,[ 2 10],6,6,9,0,6
1,<environment.Job instance at 0x15243878fe10>,3,2,[1 9],8,9,11,1,8
1,<environment.Job instance at 0x15243878f0a0>,4,2,[ 2 10],11,11,13,0,11
1,<environment.Job instance at 0x15243878fd70>,5,3,[5 2],12,13,16,1,12
1,<environment.Job instance at 0x15243878f690>,6,15,[2 7],13,13,28,0,13
1,<environment.Job instance at 0x15243879a3c0>,9,17,[ 2 10],16,28,45,12,16
1,<environment.Job instance at 0x15243879a9b0>,12,3,[5 2],20,20,23,0,20
1,<environment.Job instance at 0x15243879a320>,14,13,[ 2 10],22,175,188,153,175
1,<environment.Job instance at 0x152435970820>,1,3,[2 7],3,3,6,0,3
1,<environment.Job instance at 0x15243acd1870>,2,1,[1 8],5,5,6,0,5
1,<environment.Job instance at 0x15245097a6e0>,3,16,[2 6],6,6,22,0,6
1,<environment.Job instance at 0x15245097a5f0>,6,14,[9 1],10,22,36,12,18
1,<environment.Job instance at 0x1524387ff5f0>,13,15,[10  1],19,36,51,17,24
1,<environment.Job instance at 0x1524389f86e0>,1,3,[1 7],3,3,6,0,3
1,<environment.Job instance at 0x152438531f00>,2,17,[2 7],4,6,23,2,4
1,<environment.Job instance at 0x1524385319b0>,4,17,[9 1],6,23,40,17,11
1,<environment.Job instance at 0x1524355da4b0>,12,16,[10  2],14,146,162,132,146
1,<environment.Job instance at 0x152439d9e230>,55,2,[ 1 10],80,162,164,82,155
1,<environment.Job instance at 0x1524389b98c0>,57,3,[10  2],83,164,167,81,156
1,<environment.Job instance at 0x1524365885f0>,0,16,[2 7],1,1,17,0,1
1,<environment.Job instance at 0x152439a47a50>,8,14,[2 8],13,17,31,4,13
1,<environment.Job instance at 0x152439a54230>,11,21,[1 8],16,31,52,15,23
1,<environment.Job instance at 0x152437a63640>,20,15,[2 8],32,52,67,20,38
1,<environment.Job instance at 0x152439a683c0>,22,13,[10  1],35,67,80,32,51
1,<environment.Job instance at 0x15243fca4cd0>,31,3,[1 9],51,80,83,29,70
1,<environment.Job instance at 0x152435803280>,0,14,[1 5],1,1,15,0,1
1,<environment.Job instance at 0x152435bf2b40>,4,25,[8 1],9,9,34,0,9
1,<environment.Job instance at 0x1524359f41e0>,5,16,[8 1],10,34,50,24,21
1,<environment.Job instance at 0x152435767b40>,13,3,[1 5],20,21,24,1,21
1,<environment.Job instance at 0x152435553be0>,14,12,[2 9],22,24,36,2,22
1,<environment.Job instance at 0x1524523bb7d0>,18,12,[1 7],27,36,48,9,32
1,<environment.Job instance at 0x1524357b9500>,20,19,[2 5],30,48,67,18,38
1,<environment.Job instance at 0x15243570c0a0>,35,14,[8 2],47,176,190,129,176
1,<environment.Job instance at 0x152438589eb0>,0,3,[2 6],1,1,4,0,1
1,<environment.Job instance at 0x152436545550>,2,13,[6 1],4,4,17,0,4
1,<environment.Job instance at 0x1524509f3460>,7,13,[2 6],9,9,22,0,9
1,<environment.Job instance at 0x152435c70050>,3,3,[5 2],4,4,7,0,4
1,<environment.Job instance at 0x152435c70730>,4,16,[7 1],5,7,23,2,5
1,<environment.Job instance at 0x152435c70be0>,8,26,[1 6],11,11,37,0,11
1,<environment.Job instance at 0x152435c625a0>,11,23,[9 1],16,23,46,7,17
1,<environment.Job instance at 0x152438956140>,1,1,[7 1],4,4,5,0,4
1,<environment.Job instance at 0x1524387c8820>,3,15,[1 9],6,6,21,0,6
1,<environment.Job instance at 0x152438517e10>,13,15,[6 1],22,22,37,0,22
1,<environment.Job instance at 0x1524523bb6e0>,15,17,[10  1],26,37,54,11,26
1,<environment.Job instance at 0x1524399afeb0>,0,3,[ 2 10],1,1,4,0,1
1,<environment.Job instance at 0x152438934aa0>,1,15,[6 1],3,4,19,1,3
1,<environment.Job instance at 0x15243701f9b0>,9,14,[ 1 10],14,19,33,5,14
1,<environment.Job instance at 0x152435c5fc80>,18,17,[5 1],24,33,50,9,24
1,<environment.Job instance at 0x15243642ae10>,22,26,[8 1],28,92,118,64,92
1,<environment.Job instance at 0x152439972dc0>,66,17,[7 1],84,174,191,90,174
1,<environment.Job instance at 0x152439a72b90>,0,16,[7 1],1,1,17,0,1
1,<environment.Job instance at 0x152436488aa0>,3,2,[5 1],4,17,19,13,4
1,<environment.Job instance at 0x1524364887d0>,6,3,[2 6],7,7,10,0,7
1,<environment.Job instance at 0x152439a72230>,9,15,[6 1],15,19,34,4,15
1,<environment.Job instance at 0x15243649a960>,21,15,[8 1],29,34,49,5,29
1,<environment.Job instance at 0x15243649af50>,24,14,[2 9],37,37,51,0,37
1,<environment.Job instance at 0x152439e17dc0>,26,13,[7 2],40,51,64,11,40
1,<environment.Job instance at 0x152439984050>,33,26,[2 5],49,52,78,3,52
1,<environment.Job instance at 0x1524359c48c0>,42,1,[2 8],64,78,79,14,64
1,<environment.Job instance at 0x1524359c4d20>,43,18,[1 7],66,79,97,13,68
1,<environment.Job instance at 0x15243649a1e0>,1,3,[2 7],2,2,5,0,2
1,<environment.Job instance at 0x152436497fa0>,5,3,[1 5],9,9,12,0,9
1,<environment.Job instance at 0x15243c51f190>,9,25,[9 1],13,13,38,0,13
1,<environment.Job instance at 0x15243c51f370>,13,13,[10  1],18,38,51,20,22
1,<environment.Job instance at 0x152438771eb0>,1,18,[8 1],8,8,26,0,8
1,<environment.Job instance at 0x152439999960>,6,12,[2 9],17,17,29,0,17
1,<environment.Job instance at 0x152439999cd0>,10,17,[6 2],22,29,46,7,23
1,<environment.Job instance at 0x152437a739b0>,35,18,[10  2],59,73,91,14,73
1,<environment.Job instance at 0x1524506e1d70>,43,17,[9 2],69,128,145,59,128
1,<environment.Job instance at 0x152439aadb40>,0,13,[1 9],1,1,14,0,1
1,<environment.Job instance at 0x15245002bd70>,2,15,[9 1],4,4,19,0,4
1,<environment.Job instance at 0x152439d9ef00>,6,3,[1 8],10,14,17,4,10
1,<environment.Job instance at 0x1524386e0e10>,7,19,[5 2],11,19,38,8,12
1,<environment.Job instance at 0x1524355fd690>,13,15,[8 2],17,38,53,21,24
1,<environment.Job instance at 0x1524357605f0>,3,3,[2 8],7,7,10,0,7
1,<environment.Job instance at 0x152439e5c370>,5,3,[2 9],10,10,13,0,10
1,<environment.Job instance at 0x152435c5aa00>,8,3,[ 1 10],14,14,17,0,14
1,<environment.Job instance at 0x1471582a7640>,0,12,[2 5],1,1,13,0,1
1,<environment.Job instance at 0x147101a747d0>,6,18,[8 1],7,7,25,0,7
1,<environment.Job instance at 0x147101a74730>,8,13,[6 1],9,25,38,16,12
1,<environment.Job instance at 0x147102104a00>,11,3,[1 8],13,13,16,0,13
1,<environment.Job instance at 0x1471582a7a50>,12,3,[1 8],14,16,19,2,14
1,<environment.Job instance at 0x1471022a8190>,15,1,[ 1 10],20,38,39,18,20
1,<environment.Job instance at 0x1471022a80a0>,16,1,[2 5],21,21,22,0,21
1,<environment.Job instance at 0x1471021afe60>,17,17,[6 1],23,174,191,151,174
1,<environment.Job instance at 0x147102191b90>,0,13,[7 2],2,2,15,0,2
1,<environment.Job instance at 0x14710432d3c0>,7,3,[7 2],11,15,18,4,11
1,<environment.Job instance at 0x14710432d8c0>,8,14,[7 1],12,18,32,6,12
1,<environment.Job instance at 0x147104260910>,19,1,[2 5],28,28,29,0,28
1,<environment.Job instance at 0x147104260a50>,20,15,[7 1],29,32,47,3,29
1,<environment.Job instance at 0x147104451640>,0,2,[ 1 10],1,2,4,1,2
1,<environment.Job instance at 0x14710444b230>,3,1,[2 9],4,4,5,0,4
1,<environment.Job instance at 0x14710444b0f0>,4,15,[1 7],5,5,20,0,5
1,<environment.Job instance at 0x14710444bcd0>,6,14,[10  1],9,20,34,11,9
1,<environment.Job instance at 0x14710444be60>,7,12,[7 1],10,259,271,249,259
1,<environment.Job instance at 0x14710f9ab5f0>,0,17,[7 1],2,2,19,0,2
1,<environment.Job instance at 0x14710455c410>,3,12,[7 2],7,19,31,12,12
1,<environment.Job instance at 0x1471059f8be0>,9,14,[8 1],16,31,45,15,16
1,<environment.Job instance at 0x147105ab6a00>,13,13,[5 2],21,226,239,205,226
1,<environment.Job instance at 0x1471203cfb40>,0,14,[1 6],2,2,16,0,2
1,<environment.Job instance at 0x1471019a8870>,11,3,[1 7],18,18,21,0,18
1,<environment.Job instance at 0x1471019a8140>,12,14,[1 6],19,21,35,2,19
1,<environment.Job instance at 0x1471019a8af0>,15,26,[9 1],24,24,50,0,24
1,<environment.Job instance at 0x147101a8a500>,19,12,[5 2],28,50,62,22,33
1,<environment.Job instance at 0x147101ce6640>,22,1,[10  1],34,62,63,28,34
1,<environment.Job instance at 0x147101a9b550>,23,27,[1 7],35,35,62,0,35
1,<environment.Job instance at 0x147101a8e960>,24,15,[2 8],38,63,78,25,50
1,<environment.Job instance at 0x147101a6f4b0>,30,3,[2 9],47,78,81,31,52
1,<environment.Job instance at 0x147101a3eb40>,31,1,[5 1],49,63,64,14,52
1,<environment.Job instance at 0x147101a3ef00>,32,3,[1 5],50,81,84,31,55
1,<environment.Job instance at 0x147101a3e5a0>,33,2,[1 9],51,84,86,33,57
1,<environment.Job instance at 0x147101a3ea00>,34,3,[2 8],52,86,89,34,60
1,<environment.Job instance at 0x147101a3eb90>,35,1,[1 8],55,89,90,34,61
1,<environment.Job instance at 0x147101a3e960>,37,3,[1 6],57,90,93,33,64
1,<environment.Job instance at 0x147101a3e0f0>,38,2,[8 2],58,64,66,6,64
1,<environment.Job instance at 0x147101a3e730>,39,14,[9 1],60,162,176,102,162
1,<environment.Job instance at 0x147101a6fc30>,1,1,[2 9],2,241,242,239,241
1,<environment.Job instance at 0x1471057a5fa0>,0,12,[1 5],1,1,13,0,1
1,<environment.Job instance at 0x1471207b1af0>,1,13,[7 2],2,5,18,3,5
1,<environment.Job instance at 0x1471016afdc0>,10,26,[2 8],18,18,44,0,18
1,<environment.Job instance at 0x1471206a4f50>,16,16,[2 7],31,44,60,13,39
1,<environment.Job instance at 0x147103769370>,26,27,[1 7],45,60,87,15,58
1,<environment.Job instance at 0x14710425ffa0>,29,2,[6 1],49,58,60,9,58
1,<environment.Job instance at 0x14710425f960>,30,2,[ 1 10],50,87,89,37,60
1,<environment.Job instance at 0x14710425fb90>,31,3,[9 2],52,60,63,8,60
1,<environment.Job instance at 0x14710425fc80>,32,2,[5 1],53,63,65,10,60
1,<environment.Job instance at 0x14710425f460>,35,2,[2 9],57,89,91,32,73
1,<environment.Job instance at 0x14710435d9b0>,36,15,[2 8],62,91,106,29,77
1,<environment.Job instance at 0x1471206a4cd0>,18,3,[10  2],34,517,520,483,517
1,<environment.Job instance at 0x1471206a42d0>,1,17,[9 2],3,3,20,0,3
1,<environment.Job instance at 0x1471056f1eb0>,6,3,[2 7],8,20,23,12,8
1,<environment.Job instance at 0x14710dca9690>,12,3,[7 1],18,20,23,2,18
1,<environment.Job instance at 0x1471021aae60>,13,3,[7 2],19,23,26,4,19
1,<environment.Job instance at 0x14710dca94b0>,14,14,[1 5],21,23,37,2,21
1,<environment.Job instance at 0x14710f9cf370>,15,12,[2 6],23,37,49,14,23
1,<environment.Job instance at 0x1471206f3640>,18,25,[8 1],29,29,54,0,29
1,<environment.Job instance at 0x1471056fed70>,19,16,[8 1],30,54,70,24,41
1,<environment.Job instance at 0x1471042af7d0>,26,16,[1 9],39,49,65,10,41
1,<environment.Job instance at 0x147101243cd0>,38,17,[5 2],54,70,87,16,61
1,<environment.Job instance at 0x14710571a280>,49,14,[8 2],67,87,101,20,75
1,<environment.Job instance at 0x1471013b7870>,58,17,[10  1],80,101,118,21,89
1,<environment.Job instance at 0x14710429fa00>,20,16,[1 6],31,184,200,153,184
1,<environment.Job instance at 0x1471013b1280>,2,1,[1 7],3,3,4,0,3
1,<environment.Job instance at 0x14710698d820>,3,17,[9 1],6,6,23,0,6
1,<environment.Job instance at 0x147100ebc0f0>,9,13,[6 1],14,23,36,9,19
1,<environment.Job instance at 0x1471056688c0>,0,26,[1 6],1,1,27,0,1
1,<environment.Job instance at 0x147105668280>,2,23,[2 6],4,27,50,23,21
1,<environment.Job instance at 0x1471013bb910>,7,2,[7 2],11,56,58,45,56
1,<environment.Job instance at 0x14710452a0a0>,28,15,[ 2 10],52,58,73,6,56
1,<environment.Job instance at 0x1471207e4cd0>,29,2,[5 2],53,123,125,70,123
1,<environment.Job instance at 0x1471229e4410>,0,15,[6 1],2,2,17,0,2
1,<environment.Job instance at 0x147101659eb0>,2,17,[10  1],6,17,34,11,6
1,<environment.Job instance at 0x147101492a50>,1,21,[9 2],2,2,23,0,2
1,<environment.Job instance at 0x1471206e79b0>,2,17,[7 2],3,23,40,20,15
1,<environment.Job instance at 0x1471045cffa0>,8,17,[1 5],12,12,29,0,12
1,<environment.Job instance at 0x147122076050>,0,14,[5 2],4,4,18,0,4
1,<environment.Job instance at 0x1471229e4be0>,5,21,[10  2],12,18,39,6,12
1,<environment.Job instance at 0x14710f9d5dc0>,7,3,[1 7],15,15,18,0,15
1,<environment.Job instance at 0x1471019c35a0>,8,14,[2 5],17,39,53,22,24
1,<environment.Job instance at 0x1471046e6050>,14,13,[2 9],27,53,66,26,52
1,<environment.Job instance at 0x14710217fb40>,54,12,[2 9],84,107,119,23,107
1,<environment.Job instance at 0x1471015d37d0>,16,1,[9 1],30,374,375,344,374
1,<environment.Job instance at 0x14710f9517d0>,0,1,[2 9],1,3,4,2,3
1,<environment.Job instance at 0x14710c20b280>,3,3,[5 1],4,4,7,0,4
1,<environment.Job instance at 0x1471046e6320>,4,3,[1 7],5,5,8,0,5
1,<environment.Job instance at 0x1471046e65a0>,5,3,[10  2],7,8,11,1,7
1,<environment.Job instance at 0x1471041e0d20>,6,17,[9 2],9,11,28,2,9
1,<environment.Job instance at 0x1471041e0690>,9,1,[8 1],16,28,29,12,16
1,<environment.Job instance at 0x1471041e08c0>,10,15,[7 1],17,29,44,12,17
1,<environment.Job instance at 0x1471222ff870>,12,12,[7 2],19,137,149,118,137
1,<environment.Job instance at 0x14710567f7d0>,71,16,[7 2],94,149,165,55,144
1,<environment.Job instance at 0x1471056840f0>,0,16,[5 1],1,1,17,0,1
1,<environment.Job instance at 0x1471056843c0>,2,13,[1 5],4,4,17,0,4
1,<environment.Job instance at 0x1471057a5f50>,3,15,[5 1],6,17,32,11,9
1,<environment.Job instance at 0x14710dc96640>,7,16,[2 9],10,17,33,7,10
1,<environment.Job instance at 0x1471041ada50>,8,3,[2 6],11,33,36,22,11
1,<environment.Job instance at 0x147122940050>,9,3,[2 6],12,36,39,24,12
1,<environment.Job instance at 0x147122940c80>,13,3,[2 7],17,39,42,22,17
1,<environment.Job instance at 0x147104597730>,14,18,[1 6],18,42,60,24,42
1,<environment.Job instance at 0x147101752fa0>,0,16,[8 2],1,1,17,0,1
1,<environment.Job instance at 0x147100fdf190>,3,13,[8 1],5,17,30,12,11
1,<environment.Job instance at 0x14712061b410>,14,17,[ 2 10],18,30,47,12,18
1,<environment.Job instance at 0x14712061bdc0>,16,18,[2 5],20,92,110,72,92
1,<environment.Job instance at 0x147120752b90>,56,12,[7 2],72,218,230,146,218
1,<environment.Job instance at 0x152b3f2f3640>,0,12,[2 5],1,1,13,0,1
1,<environment.Job instance at 0x152ae8adbeb0>,6,18,[8 1],7,7,25,0,7
1,<environment.Job instance at 0x152ae8adb190>,8,13,[6 1],9,25,38,16,12
1,<environment.Job instance at 0x152ae9d5da00>,11,3,[1 8],13,13,16,0,13
1,<environment.Job instance at 0x152ae91695a0>,12,3,[1 8],14,16,19,2,14
1,<environment.Job instance at 0x152ae8af7cd0>,0,3,[7 2],1,1,4,0,1
1,<environment.Job instance at 0x152ae9211140>,1,14,[7 1],2,4,18,2,3
1,<environment.Job instance at 0x152aeb26d550>,5,2,[ 1 10],8,18,20,10,8
1,<environment.Job instance at 0x152aeb26d320>,10,2,[1 9],16,16,18,0,16
1,<environment.Job instance at 0x152aeb3eae10>,13,15,[7 1],19,20,35,1,19
1,<environment.Job instance at 0x152aec842a50>,0,17,[1 6],1,1,18,0,1
1,<environment.Job instance at 0x152aeb2c6050>,3,16,[9 1],6,18,34,12,18
1,<environment.Job instance at 0x152aec77f2d0>,17,18,[7 2],29,34,52,5,29
1,<environment.Job instance at 0x152aec77fd70>,18,1,[2 8],32,363,364,331,363
1,<environment.Job instance at 0x152b15a65af0>,0,12,[7 1],1,1,13,0,1
1,<environment.Job instance at 0x152b1532a1e0>,8,16,[7 2],14,17,33,3,17
1,<environment.Job instance at 0x152b1532ab40>,11,1,[1 8],18,20,21,2,20
1,<environment.Job instance at 0x152af23552d0>,13,12,[2 9],23,33,45,10,23
1,<environment.Job instance at 0x152af0d1b910>,14,3,[5 2],24,174,177,150,174
1,<environment.Job instance at 0x152b1532af50>,12,13,[1 7],20,618,631,598,618
1,<environment.Job instance at 0x152aecb7e640>,0,13,[ 2 10],2,2,15,0,2
1,<environment.Job instance at 0x152aeb6c2cd0>,4,3,[2 9],7,15,18,8,7
1,<environment.Job instance at 0x152aeb6c2f00>,8,3,[2 8],12,18,21,6,12
1,<environment.Job instance at 0x152ae8af6aa0>,11,3,[1 6],17,21,24,4,17
1,<environment.Job instance at 0x152ae8af6dc0>,13,14,[9 1],20,21,35,1,20
1,<environment.Job instance at 0x152ae8b0b2d0>,20,15,[10  1],29,35,50,6,29
1,<environment.Job instance at 0x152aec600280>,21,1,[2 8],30,50,51,20,30
1,<environment.Job instance at 0x152aeb480b90>,3,16,[10  2],4,4,20,0,4
1,<environment.Job instance at 0x152ae8620140>,5,2,[1 6],7,20,22,13,7
1,<environment.Job instance at 0x152b15333910>,6,15,[2 6],9,22,37,13,9
1,<environment.Job instance at 0x152ae91d9640>,8,13,[5 1],11,222,235,211,222
1,<environment.Job instance at 0x152b1532a050>,1,1,[5 1],3,3,4,0,3
1,<environment.Job instance at 0x152b15acaaf0>,2,13,[10  1],5,5,18,0,5
1,<environment.Job instance at 0x152b1532afa0>,3,2,[1 8],7,18,20,11,7
1,<environment.Job instance at 0x152b14006640>,6,15,[2 7],10,20,35,10,10
1,<environment.Job instance at 0x152ae8122410>,0,3,[5 2],2,2,5,0,2
1,<environment.Job instance at 0x152ae897f550>,1,13,[2 8],3,3,16,0,3
1,<environment.Job instance at 0x152aeb6faaa0>,6,17,[10  1],10,16,33,6,10
1,<environment.Job instance at 0x152aeb6fa5f0>,8,1,[10  2],13,272,273,259,272
1,<environment.Job instance at 0x152af37a1640>,0,1,[1 9],1,2,3,1,2
1,<environment.Job instance at 0x152af37a1820>,2,1,[6 1],3,3,4,0,3
1,<environment.Job instance at 0x152aec69c460>,3,3,[5 2],4,4,7,0,4
1,<environment.Job instance at 0x152ae866b230>,4,16,[7 1],5,7,23,2,5
1,<environment.Job instance at 0x152aecae0c80>,8,26,[1 6],11,11,37,0,11
1,<environment.Job instance at 0x152b15a1cb40>,11,23,[9 1],16,59,82,43,59
1,<environment.Job instance at 0x152aeb575190>,0,15,[6 1],2,2,17,0,2
1,<environment.Job instance at 0x152aeb6ce5f0>,2,17,[10  1],6,17,34,11,6
1,<environment.Job instance at 0x152ae85208c0>,7,14,[2 6],13,544,558,531,544
1,<environment.Job instance at 0x152aeb6c6820>,0,1,[1 8],2,4,5,2,4
1,<environment.Job instance at 0x152ae8520d70>,2,1,[6 1],5,5,6,0,5
1,<environment.Job instance at 0x152aeb273be0>,0,1,[1 5],1,1,2,0,1
1,<environment.Job instance at 0x152aec7049b0>,1,3,[7 2],3,3,6,0,3
1,<environment.Job instance at 0x152aeb61a550>,3,18,[1 7],6,6,24,0,6
1,<environment.Job instance at 0x152af29cb6e0>,0,20,[9 1],1,1,21,0,1
1,<environment.Job instance at 0x152b15e09640>,0,19,[5 2],1,1,20,0,1
1,<environment.Job instance at 0x152aeb3ab870>,1,14,[6 1],3,3,17,0,3
1,<environment.Job instance at 0x152ae8531960>,7,12,[1 7],14,14,26,0,14
1,<environment.Job instance at 0x152ae92be280>,8,3,[2 7],15,26,29,11,15
1,<environment.Job instance at 0x152ae8840730>,9,3,[10  2],18,29,32,11,18
1,<environment.Job instance at 0x152ae92beaa0>,10,17,[5 2],20,32,49,12,20
1,<environment.Job instance at 0x152ae88f7af0>,1,17,[6 1],2,2,19,0,2
1,<environment.Job instance at 0x152af29cb910>,6,12,[5 1],9,19,31,10,9
1,<environment.Job instance at 0x152af29cb320>,7,16,[1 7],11,11,27,0,11
1,<environment.Job instance at 0x152aec638500>,9,17,[6 1],15,31,48,16,19
1,<environment.Job instance at 0x152af36a7af0>,17,3,[2 9],24,28,31,4,28
1,<environment.Job instance at 0x152af36a7960>,18,15,[8 1],26,48,63,22,34
1,<environment.Job instance at 0x152af36a7820>,19,1,[2 7],27,34,35,7,34
1,<environment.Job instance at 0x152aea7c4c80>,21,25,[1 7],29,35,60,6,34
1,<environment.Job instance at 0x152b1598ef50>,24,15,[7 2],32,63,78,31,49
1,<environment.Job instance at 0x152aec638870>,10,3,[2 8],16,564,567,548,564
1,<environment.Job instance at 0x152aeca9bd20>,0,3,[5 1],1,1,4,0,1
1,<environment.Job instance at 0x152b15101500>,4,12,[7 2],7,7,19,0,7
1,<environment.Job instance at 0x152b15101b90>,6,17,[6 2],11,19,36,8,12
1,<environment.Job instance at 0x152ae83f45a0>,9,23,[1 5],14,16,39,2,16
1,<environment.Job instance at 0x152ae853b410>,19,22,[5 1],26,146,168,120,146
1,<environment.Job instance at 0x152aec837370>,77,12,[7 2],102,168,180,66,166
1,<environment.Job instance at 0x152aec73e640>,79,17,[ 1 10],106,180,197,74,168
1,<environment.Job instance at 0x152aecb29d70>,80,3,[1 6],109,168,171,59,168
1,<environment.Job instance at 0x152ae83f41e0>,11,18,[10  1],16,2247,2265,2231,2247
1,<environment.Job instance at 0x152aec7d2730>,0,3,[2 5],1,1,4,0,1
1,<environment.Job instance at 0x152aec7d2910>,1,16,[7 2],2,2,18,0,2
1,<environment.Job instance at 0x152aec6e5230>,10,13,[1 8],18,18,31,0,18
1,<environment.Job instance at 0x152aec6e5500>,15,14,[10  2],26,31,45,5,26
1,<environment.Job instance at 0x152aeb566f00>,17,12,[6 1],30,206,218,176,206
1,<environment.Job instance at 0x152aeb566f00>,3,17,[ 1 10],5,5,22,0,5
1,<environment.Job instance at 0x152af0cef5a0>,6,13,[7 2],11,22,35,11,11
1,<environment.Job instance at 0x154b46412640>,0,12,[2 5],1,1,13,0,1
1,<environment.Job instance at 0x154aefbf44b0>,6,18,[8 1],7,7,25,0,7
1,<environment.Job instance at 0x154af027fa00>,8,13,[6 1],9,25,38,16,12
1,<environment.Job instance at 0x154af032e5f0>,17,17,[6 1],23,38,55,15,26
1,<environment.Job instance at 0x154aefc12f50>,2,1,[1 5],3,3,4,0,3
1,<environment.Job instance at 0x154af23fe780>,4,1,[2 7],7,7,8,0,7
1,<environment.Job instance at 0x154af23fe9b0>,6,15,[7 1],9,9,24,0,9
1,<environment.Job instance at 0x154af2503be0>,1,3,[2 8],5,5,8,0,5
1,<environment.Job instance at 0x154af24975f0>,4,18,[7 2],9,9,27,0,9
1,<environment.Job instance at 0x154af37f6b40>,6,18,[10  1],16,27,45,11,16
1,<environment.Job instance at 0x154af37f6190>,9,14,[2 8],19,45,59,26,30
1,<environment.Job instance at 0x154af38159b0>,14,14,[6 1],27,58,72,31,58
1,<environment.Job instance at 0x154af23a9410>,27,18,[5 2],43,82,100,39,82
1,<environment.Job instance at 0x154af384c870>,41,17,[7 1],62,116,133,54,116
1,<environment.Job instance at 0x154aef8ed690>,1,3,[2 7],3,3,6,0,3
1,<environment.Job instance at 0x154afdab9f50>,1,1,[1 5],2,2,3,0,2
1,<environment.Job instance at 0x154afdc83a50>,2,18,[8 2],3,3,21,0,3
1,<environment.Job instance at 0x154b2c109500>,6,17,[2 9],7,21,38,14,9
1,<environment.Job instance at 0x154aefc24af0>,11,3,[2 8],12,12,15,0,12
1,<environment.Job instance at 0x154aefc22820>,13,3,[5 2],16,38,41,22,16
1,<environment.Job instance at 0x154af0e73d20>,33,3,[1 7],43,43,46,0,43
1,<environment.Job instance at 0x154aefc284b0>,34,19,[2 9],46,46,65,0,46
1,<environment.Job instance at 0x154af02ef2d0>,0,12,[1 5],1,1,13,0,1
1,<environment.Job instance at 0x154af02efb40>,1,13,[7 2],2,5,18,3,5
1,<environment.Job instance at 0x154aef999690>,4,18,[1 5],7,13,31,6,7
1,<environment.Job instance at 0x154aef999d70>,10,26,[2 8],18,31,57,13,28
1,<environment.Job instance at 0x154af0e86500>,22,2,[6 2],41,68,70,27,68
1,<environment.Job instance at 0x154afe7bbaf0>,29,2,[6 1],49,70,72,21,70
1,<environment.Job instance at 0x154af286aaa0>,33,17,[1 9],54,70,87,16,70
1,<environment.Job instance at 0x154af02e46e0>,38,13,[10  1],65,89,102,24,89
1,<environment.Job instance at 0x154aefa2cb90>,0,14,[1 5],1,1,15,0,1
1,<environment.Job instance at 0x154aefa2cf50>,1,12,[2 6],3,15,27,12,3
1,<environment.Job instance at 0x154aef6b6230>,5,16,[8 1],10,57,73,47,57
1,<environment.Job instance at 0x154b2c241500>,24,17,[5 2],34,88,105,54,88
1,<environment.Job instance at 0x154af2639370>,78,17,[7 1],104,243,260,139,243
1,<environment.Job instance at 0x154af378a050>,82,1,[8 2],108,314,315,206,314
1,<environment.Job instance at 0x154aef6b6820>,10,1,[10  2],17,315,316,298,314
1,<environment.Job instance at 0x154b2c0a25f0>,9,14,[9 2],16,316,330,300,316
1,<environment.Job instance at 0x154af2770e10>,0,14,[2 9],1,1,15,0,1
1,<environment.Job instance at 0x154af27bf410>,0,17,[1 6],1,1,18,0,1
1,<environment.Job instance at 0x154af269f550>,4,3,[6 1],7,7,10,0,7
1,<environment.Job instance at 0x154af269fc80>,5,2,[ 1 10],8,10,12,2,8
1,<environment.Job instance at 0x154aef20cdc0>,7,1,[2 6],12,12,13,0,12
1,<environment.Job instance at 0x154af269f190>,9,1,[5 1],14,14,15,0,14
1,<environment.Job instance at 0x154af63a21e0>,11,1,[6 1],16,16,17,0,16
1,<environment.Job instance at 0x154aef984370>,12,3,[8 1],18,18,21,0,18
1,<environment.Job instance at 0x154b2c12f820>,13,15,[6 1],22,22,37,0,22
1,<environment.Job instance at 0x154aefbc7410>,15,17,[10  1],26,37,54,11,26
1,<environment.Job instance at 0x154af23ffc30>,1,21,[9 2],2,2,23,0,2
1,<environment.Job instance at 0x154afdaed3c0>,2,17,[7 2],3,23,40,20,11
1,<environment.Job instance at 0x154af273e0f0>,9,16,[5 2],13,207,223,194,207
1,<environment.Job instance at 0x154aef38acd0>,1,3,[7 2],3,3,6,0,3
1,<environment.Job instance at 0x154af273e0f0>,3,18,[1 7],6,6,24,0,6
1,<environment.Job instance at 0x154af23d4870>,1,18,[8 1],8,8,26,0,8
1,<environment.Job instance at 0x154aef4bc500>,6,12,[2 9],17,17,29,0,17
1,<environment.Job instance at 0x154af0298b90>,10,17,[6 2],22,29,46,7,22
1,<environment.Job instance at 0x154aef0a2050>,25,14,[ 2 10],40,46,60,6,40
1,<environment.Job instance at 0x154af3b6faf0>,0,3,[1 9],1,1,4,0,1
1,<environment.Job instance at 0x154af3b6f230>,1,15,[9 1],2,2,17,0,2
1,<environment.Job instance at 0x154aef241370>,2,12,[6 1],3,17,29,14,8
1,<environment.Job instance at 0x154aefb00f50>,10,3,[ 2 10],12,29,32,17,12
1,<environment.Job instance at 0x154b2cb08a50>,13,3,[1 8],17,17,20,0,17
1,<environment.Job instance at 0x154afe77ff00>,15,17,[1 8],22,32,49,10,22
1,<environment.Job instance at 0x154af18b0af0>,16,15,[10  1],23,63,78,40,63
1,<environment.Job instance at 0x154b2cb0ae10>,36,18,[8 2],49,78,96,29,71
1,<environment.Job instance at 0x154aefb17cd0>,0,3,[1 7],3,3,6,0,3
1,<environment.Job instance at 0x154af3ccc7d0>,4,16,[10  2],7,7,23,0,7
1,<environment.Job instance at 0x154af3ccc190>,11,16,[5 2],16,23,39,7,21
1,<environment.Job instance at 0x154b2c0465a0>,0,3,[2 7],1,1,4,0,1
1,<environment.Job instance at 0x154aefa28730>,0,18,[2 9],1,1,19,0,1
1,<environment.Job instance at 0x154b2cacbc80>,6,18,[7 2],10,19,37,9,10
1,<environment.Job instance at 0x154af27710a0>,1,17,[6 1],3,3,20,0,3
1,<environment.Job instance at 0x154afdb8abe0>,5,13,[7 2],11,20,33,9,11
1,<environment.Job instance at 0x154afc0430a0>,13,16,[5 2],25,33,49,8,25
1,<environment.Job instance at 0x154aef3b9280>,0,3,[1 8],2,2,5,0,2
1,<environment.Job instance at 0x154af3c33640>,2,20,[10  2],4,5,25,1,4
1,<environment.Job instance at 0x154af2816640>,3,15,[2 8],5,25,40,20,11
1,<environment.Job instance at 0x154af3780a50>,9,3,[2 7],15,40,43,25,15
1,<environment.Job instance at 0x154af3780f00>,10,15,[7 2],16,25,40,9,18
1,<environment.Job instance at 0x154af3780460>,14,16,[6 1],24,70,86,46,70
1,<environment.Job instance at 0x154af24b6820>,56,18,[1 8],93,93,111,0,93
1,<environment.Job instance at 0x154af24b64b0>,57,17,[10  2],95,111,128,16,99
1,<environment.Job instance at 0x154b2c0d00a0>,62,13,[8 1],104,128,141,24,112
1,<environment.Job instance at 0x147be0728c30>,0,12,[2 5],1,1,13,0,1
1,<environment.Job instance at 0x147b89f02640>,6,18,[8 1],7,7,25,0,7
1,<environment.Job instance at 0x147b8a5d27d0>,17,17,[6 1],23,25,42,2,23
1,<environment.Job instance at 0x147b89f02190>,1,3,[2 8],2,2,5,0,2
1,<environment.Job instance at 0x147b89f253c0>,2,12,[9 2],4,5,17,1,4
1,<environment.Job instance at 0x147b8a61f320>,3,15,[10  2],5,17,32,12,5
1,<environment.Job instance at 0x147b8c7b1820>,4,13,[ 1 10],6,32,45,26,16
1,<environment.Job instance at 0x147b8c7b1b90>,9,1,[ 2 10],12,73,74,61,73
1,<environment.Job instance at 0x147b8c6f8eb0>,33,3,[1 9],44,74,77,30,73
1,<environment.Job instance at 0x147b8c6f8640>,34,2,[7 2],45,77,79,32,75
1,<environment.Job instance at 0x147b8c6f8320>,35,12,[6 1],46,79,91,33,75
1,<environment.Job instance at 0x147b8c6fec30>,36,28,[2 8],49,77,105,28,76
1,<environment.Job instance at 0x147b8c8dca50>,37,3,[5 1],53,105,108,52,105
1,<environment.Job instance at 0x147b8ca7cb40>,47,19,[ 1 10],68,108,127,40,105
1,<environment.Job instance at 0x147b8ca7c820>,48,2,[9 1],69,134,136,65,134
1,<environment.Job instance at 0x147b8ca7caf0>,52,1,[1 7],73,134,135,61,134
1,<environment.Job instance at 0x147b8ca7cdc0>,53,1,[2 9],74,203,204,129,203
1,<environment.Job instance at 0x147b8c79eaa0>,70,15,[9 2],100,204,219,104,203
1,<environment.Job instance at 0x147b8c79efa0>,71,1,[9 1],101,219,220,118,219
1,<environment.Job instance at 0x147b8c6eeaf0>,84,1,[2 8],122,220,221,98,220
1,<environment.Job instance at 0x147b8c8df280>,85,18,[10  1],126,221,239,95,220
1,<environment.Job instance at 0x147b8c8de370>,86,2,[7 2],127,243,245,116,243
1,<environment.Job instance at 0x147b8c9baeb0>,4,14,[6 1],7,7,21,0,7
1,<environment.Job instance at 0x147b8c9ba640>,6,16,[1 7],9,9,25,0,9
1,<environment.Job instance at 0x147ba6dd4230>,2,18,[6 2],6,6,24,0,6
1,<environment.Job instance at 0x147ba6dd48c0>,5,14,[1 6],12,12,26,0,12
1,<environment.Job instance at 0x147b8df31320>,16,3,[1 7],28,28,31,0,28
1,<environment.Job instance at 0x147b8df31a50>,17,14,[1 6],29,31,45,2,29
1,<environment.Job instance at 0x147b8df31780>,19,3,[6 1],33,33,36,0,33
1,<environment.Job instance at 0x147b8df317d0>,20,26,[9 1],34,36,62,2,34
1,<environment.Job instance at 0x147b8df31550>,24,12,[5 2],38,62,74,24,50
1,<environment.Job instance at 0x147b8c736a00>,31,13,[ 2 10],52,74,87,22,58
1,<environment.Job instance at 0x147b8caa1320>,1,3,[1 7],3,3,6,0,3
1,<environment.Job instance at 0x147b8c736e10>,2,19,[2 9],6,6,25,0,6
1,<environment.Job instance at 0x147b8dac8140>,2,17,[1 9],4,4,21,0,4
1,<environment.Job instance at 0x147b8c9d4910>,6,1,[5 1],13,13,14,0,13
1,<environment.Job instance at 0x147b8c9d45f0>,7,13,[10  1],15,21,34,6,15
1,<environment.Job instance at 0x147b93ff6b40>,11,15,[2 7],20,34,49,14,20
1,<environment.Job instance at 0x147b89bd87d0>,0,25,[9 1],1,1,26,0,1
1,<environment.Job instance at 0x147b93f0e280>,4,15,[5 2],6,27,42,21,27
1,<environment.Job instance at 0x147b897a33c0>,46,13,[10  1],59,128,141,69,128
1,<environment.Job instance at 0x147b93f0efa0>,7,15,[6 1],10,323,338,313,323
1,<environment.Job instance at 0x147b8c6730a0>,6,15,[7 2],9,416,431,407,416
1,<environment.Job instance at 0x147b897e6780>,2,3,[2 5],4,4,7,0,4
1,<environment.Job instance at 0x147b8def9280>,4,12,[5 2],7,206,218,199,206
1,<environment.Job instance at 0x147b9379cb40>,67,23,[9 1],96,219,242,123,219
1,<environment.Job instance at 0x147b8cb6feb0>,0,3,[1 8],1,1,4,0,1
1,<environment.Job instance at 0x147b8cb6fe10>,2,16,[9 1],4,4,20,0,4
1,<environment.Job instance at 0x147be0625500>,3,12,[7 2],6,20,32,14,12
1,<environment.Job instance at 0x147b8cb83cd0>,0,3,[ 2 10],1,1,4,0,1
1,<environment.Job instance at 0x147b8cb83a50>,1,15,[6 1],3,4,19,1,3
1,<environment.Job instance at 0x147b8da64050>,9,14,[ 1 10],14,19,33,5,14
1,<environment.Job instance at 0x147b8953ff00>,14,18,[2 9],20,33,51,13,22
1,<environment.Job instance at 0x147b8a58ddc0>,18,17,[5 1],24,33,50,9,24
1,<environment.Job instance at 0x147b89696550>,25,27,[6 1],31,74,101,43,74
1,<environment.Job instance at 0x147b8c7130a0>,40,15,[6 2],52,249,264,197,249
1,<environment.Job instance at 0x147b8cabf780>,2,2,[2 9],4,4,6,0,4
1,<environment.Job instance at 0x147b8db34410>,3,3,[2 6],5,6,9,1,5
1,<environment.Job instance at 0x147b8dc20410>,6,26,[2 5],9,9,35,0,9
1,<environment.Job instance at 0x147b89e4b640>,9,3,[8 1],14,14,17,0,14
1,<environment.Job instance at 0x147b89e4b730>,11,1,[10  2],19,35,36,16,19
1,<environment.Job instance at 0x147b89e4b320>,12,2,[2 6],20,36,38,16,20
1,<environment.Job instance at 0x147b8b181410>,13,1,[1 5],21,21,22,0,21
1,<environment.Job instance at 0x147ba679ac80>,16,18,[1 7],26,38,56,12,27
1,<environment.Job instance at 0x147b8ca446e0>,0,20,[9 1],1,1,21,0,1
1,<environment.Job instance at 0x147ba4aa3050>,0,3,[1 9],1,1,4,0,1
1,<environment.Job instance at 0x147b89716d70>,1,15,[9 1],2,2,17,0,2
1,<environment.Job instance at 0x147b89ddce60>,2,12,[6 1],3,17,29,14,4
1,<environment.Job instance at 0x147b8c970e60>,15,17,[1 8],22,22,39,0,22
1,<environment.Job instance at 0x147b8c9df3c0>,16,15,[10  1],23,39,54,16,25
1,<environment.Job instance at 0x147b89f336e0>,18,12,[1 7],26,54,66,28,37
1,<environment.Job instance at 0x147b8dc58f00>,40,1,[5 2],53,252,253,199,252
1,<environment.Job instance at 0x147b8def01e0>,0,3,[2 9],2,2,5,0,2
1,<environment.Job instance at 0x147b8c624730>,3,16,[5 2],6,6,22,0,6
1,<environment.Job instance at 0x147b8df30050>,2,3,[1 7],3,3,6,0,3
1,<environment.Job instance at 0x147b8987fbe0>,4,17,[1 5],6,6,23,0,6
1,<environment.Job instance at 0x147b89e03f00>,12,3,[2 5],14,14,17,0,14
1,<environment.Job instance at 0x147b89a33af0>,13,18,[10  1],15,23,41,8,15
1,<environment.Job instance at 0x147ba6dfd820>,23,14,[9 2],29,846,860,817,846
1,<environment.Job instance at 0x147b8b182b90>,8,17,[2 9],13,13,30,0,13
1,<environment.Job instance at 0x147b93f61870>,2,3,[2 6],3,3,6,0,3
1,<environment.Job instance at 0x147ba64f8e10>,12,14,[8 2],15,15,29,0,15
1,<environment.Job instance at 0x147ba67a2aa0>,0,3,[1 6],2,2,5,0,2
1,<environment.Job instance at 0x147ba67a2d20>,2,12,[5 2],4,4,16,0,4
1,<environment.Job instance at 0x147b89f0a140>,4,23,[1 9],6,16,39,10,16
1,<environment.Job instance at 0x147b8ca04d70>,12,3,[1 6],26,256,259,230,256
1,<environment.Job instance at 0x147b89f0a0a0>,6,3,[2 9],12,361,364,349,361
1,<environment.Job instance at 0x147ba67a2410>,5,3,[1 8],8,364,367,356,364
1,<environment.Job instance at 0x147b89f0a8c0>,1,3,[2 8],3,3,6,0,3
1,<environment.Job instance at 0x147b8dac8280>,4,17,[6 2],6,6,23,0,6
1,<environment.Job instance at 0x147b8dac8910>,7,1,[7 1],10,23,24,13,10
1,<environment.Job instance at 0x147b8dac8e10>,8,2,[2 7],11,11,13,0,11
1,<environment.Job instance at 0x147b8df3e2d0>,9,23,[2 9],12,23,46,11,17
1,<environment.Job instance at 0x147ba64f80f0>,26,12,[8 1],40,266,278,226,266
1,<environment.Job instance at 0x1456a05e9640>,0,12,[2 5],1,1,13,0,1
1,<environment.Job instance at 0x145649db8870>,6,18,[8 1],7,7,25,0,7
1,<environment.Job instance at 0x145649db83c0>,8,13,[6 1],9,25,38,16,12
1,<environment.Job instance at 0x14564a5e9320>,17,17,[6 1],23,38,55,15,26
1,<environment.Job instance at 0x145649ddd960>,4,15,[5 1],5,6,21,1,6
1,<environment.Job instance at 0x14564c5987d0>,6,2,[ 1 10],10,21,23,11,10
1,<environment.Job instance at 0x14564c5ae370>,2,18,[5 2],3,3,21,0,3
1,<environment.Job instance at 0x14565ca41a50>,4,3,[1 7],6,6,9,0,6
1,<environment.Job instance at 0x14564dad4a50>,5,18,[8 1],7,21,39,14,10
1,<environment.Job instance at 0x14564d9a4a00>,13,12,[7 1],18,213,225,195,213
1,<environment.Job instance at 0x14564d9a4dc0>,1,26,[9 1],4,4,30,0,4
1,<environment.Job instance at 0x145654079460>,5,12,[5 2],8,30,42,22,13
1,<environment.Job instance at 0x145654079aa0>,9,27,[1 7],15,18,45,3,18
1,<environment.Job instance at 0x145654141640>,17,1,[5 1],29,42,43,13,42
1,<environment.Job instance at 0x14565ca2fe60>,64,3,[2 5],91,126,129,35,126
1,<environment.Job instance at 0x14565ca2fe10>,65,12,[6 1],92,126,138,34,126
1,<environment.Job instance at 0x14564c9b3320>,71,2,[5 2],100,138,140,38,138
1,<environment.Job instance at 0x14565ca1d410>,73,3,[1 7],103,138,141,35,138
1,<environment.Job instance at 0x14565ca1d910>,74,19,[2 9],106,141,160,35,138
1,<environment.Job instance at 0x14564a5ad050>,0,13,[5 1],1,1,14,0,1
1,<environment.Job instance at 0x14564a5ad190>,2,14,[6 1],3,14,28,11,3
1,<environment.Job instance at 0x145649d60780>,4,14,[2 8],5,5,19,0,5
1,<environment.Job instance at 0x145649bea820>,7,13,[10  1],8,28,41,20,17
1,<environment.Job instance at 0x145649972cd0>,17,12,[7 1],24,79,91,55,79
1,<environment.Job instance at 0x14564ca39a50>,38,2,[ 1 10],60,294,296,234,294
1,<environment.Job instance at 0x14564ca39a50>,1,17,[9 2],3,3,20,0,3
1,<environment.Job instance at 0x14564a5a45a0>,7,13,[2 5],9,20,33,11,9
1,<environment.Job instance at 0x1456497f8230>,13,3,[7 2],19,20,23,1,19
1,<environment.Job instance at 0x1456497f8be0>,14,14,[1 5],21,23,37,2,21
1,<environment.Job instance at 0x14564db20af0>,15,12,[2 6],23,37,49,14,23
1,<environment.Job instance at 0x14564db20dc0>,18,25,[8 1],29,33,58,4,29
1,<environment.Job instance at 0x14564db20690>,19,16,[8 1],30,58,74,28,45
1,<environment.Job instance at 0x14564db201e0>,27,3,[1 5],40,49,52,9,45
1,<environment.Job instance at 0x14564db20aa0>,28,12,[2 9],42,52,64,10,45
1,<environment.Job instance at 0x14564da5e230>,34,19,[2 5],50,65,84,15,65
1,<environment.Job instance at 0x14564c9d7e60>,49,14,[8 2],67,78,92,11,78
1,<environment.Job instance at 0x145649c47410>,58,17,[10  1],80,92,109,12,80
1,<environment.Job instance at 0x145649c47690>,59,25,[9 1],81,168,193,87,168
1,<environment.Job instance at 0x14565c9ef5a0>,0,14,[2 9],1,1,15,0,1
1,<environment.Job instance at 0x1456498fc500>,1,12,[6 2],3,3,15,0,3
1,<environment.Job instance at 0x14564baa4f50>,5,14,[7 1],8,15,29,7,9
1,<environment.Job instance at 0x14564baa4280>,7,14,[9 2],10,29,43,19,14
1,<environment.Job instance at 0x14564baa2190>,12,16,[7 1],15,43,59,28,30
1,<environment.Job instance at 0x14564ba98e60>,16,26,[1 6],21,30,56,9,30
1,<environment.Job instance at 0x14564d8ddc30>,19,23,[9 1],26,75,98,49,75
1,<environment.Job instance at 0x14565409d0a0>,81,15,[6 1],122,131,146,9,131
1,<environment.Job instance at 0x14565409d780>,83,17,[10  1],126,146,163,20,134
1,<environment.Job instance at 0x14565409db90>,86,21,[6 1],130,163,184,33,157
1,<environment.Job instance at 0x1456540b7aa0>,0,12,[2 8],1,1,13,0,1
1,<environment.Job instance at 0x1456540b78c0>,5,12,[2 8],8,13,25,5,8
1,<environment.Job instance at 0x14564a5ea230>,8,18,[9 1],13,25,43,12,14
1,<environment.Job instance at 0x14564c4f4910>,10,13,[8 2],16,43,56,27,27
1,<environment.Job instance at 0x14565ec81af0>,22,15,[10  2],33,56,71,23,42
1,<environment.Job instance at 0x145649b1ffa0>,32,12,[9 1],47,306,318,259,306
1,<environment.Job instance at 0x145649b17280>,0,16,[7 1],1,1,17,0,1
1,<environment.Job instance at 0x14564941eaf0>,5,1,[1 6],6,6,7,0,6
1,<environment.Job instance at 0x1456545580a0>,6,3,[2 6],7,7,10,0,7
1,<environment.Job instance at 0x14564c69c5f0>,9,15,[6 1],15,17,32,2,15
1,<environment.Job instance at 0x14565c9b8870>,11,17,[8 1],17,32,49,15,20
1,<environment.Job instance at 0x14564959b640>,21,15,[8 1],29,49,64,20,35
1,<environment.Job instance at 0x14564c530c30>,24,14,[2 9],37,37,51,0,37
1,<environment.Job instance at 0x14564c530be0>,26,13,[7 2],40,73,86,33,73
1,<environment.Job instance at 0x145657d1e780>,0,14,[5 2],4,4,18,0,4
1,<environment.Job instance at 0x1456496050a0>,5,21,[10  2],12,18,39,6,12
1,<environment.Job instance at 0x145649605c80>,7,3,[1 7],15,15,18,0,15
1,<environment.Job instance at 0x145649605910>,8,14,[2 5],17,39,53,22,24
1,<environment.Job instance at 0x14565c70e050>,14,13,[2 9],27,53,66,26,37
1,<environment.Job instance at 0x1456a058f230>,54,12,[2 9],84,110,122,26,110
1,<environment.Job instance at 0x1456498bbf50>,10,2,[6 1],23,508,510,485,508
1,<environment.Job instance at 0x14565456c3c0>,0,19,[5 2],1,1,20,0,1
1,<environment.Job instance at 0x145649b175f0>,6,15,[8 2],7,20,35,13,7
1,<environment.Job instance at 0x14564ca3cbe0>,0,3,[1 7],3,3,6,0,3
1,<environment.Job instance at 0x1456495f57d0>,4,16,[10  2],7,7,23,0,7
1,<environment.Job instance at 0x14564c529a00>,11,16,[5 2],16,24,40,8,24
1,<environment.Job instance at 0x145649d14320>,2,3,[1 7],3,3,6,0,3
1,<environment.Job instance at 0x14565c9913c0>,4,17,[1 5],6,6,23,0,6
1,<environment.Job instance at 0x1456497d9550>,13,18,[10  1],15,23,41,8,15
1,<environment.Job instance at 0x1456497d95a0>,1,17,[2 9],3,3,20,0,3
1,<environment.Job instance at 0x14565c9ebd20>,0,13,[7 2],1,1,14,0,1
1,<environment.Job instance at 0x1456495c4b90>,7,1,[5 2],11,1712,1713,1701,1712
1,<environment.Job instance at 0x145649ca6c30>,0,17,[10  2],1,1,18,0,1
1,<environment.Job instance at 0x145654049050>,1,13,[8 1],4,4,17,0,4
1,<environment.Job instance at 0x14565407b5f0>,3,17,[2 7],8,8,25,0,8
1,<environment.Job instance at 0x145649a37a00>,0,3,[1 8],4,4,7,0,4
1,<environment.Job instance at 0x14565c0bdbe0>,3,3,[1 7],7,7,10,0,7
1,<environment.Job instance at 0x145657d58780>,5,3,[1 8],10,10,13,0,10
1,<environment.Job instance at 0x145657d5c050>,6,14,[ 1 10],13,13,27,0,13
1,<environment.Job instance at 0x14564d8d77d0>,10,3,[1 6],20,27,30,7,20
1,<environment.Job instance at 0x14564d8d7be0>,11,26,[ 2 10],21,30,56,9,27
1,<environment.Job instance at 0x145649856140>,45,14,[9 1],66,193,207,127,193
1,<environment.Job instance at 0x1456492005f0>,79,21,[2 7],114,207,228,93,206
1,<environment.Job instance at 0x14564d8d7410>,13,3,[6 2],23,278,281,255,278
1,<environment.Job instance at 0x14565c0ac780>,2,2,[5 2],3,3,5,0,3
1,<environment.Job instance at 0x14565c0aceb0>,4,3,[8 1],5,5,8,0,5
1,<environment.Job instance at 0x14565c0acaf0>,6,13,[1 9],7,7,20,0,7
1,<environment.Job instance at 0x14564c8aa8c0>,13,3,[2 6],17,20,23,3,17
1,<environment.Job instance at 0x14564c8aa050>,15,2,[1 8],19,23,25,4,19
1,<environment.Job instance at 0x14564c8aa820>,17,2,[2 9],21,25,27,4,21
1,<environment.Job instance at 0x145649406230>,18,1,[1 7],22,27,28,5,22
1,<environment.Job instance at 0x145649406aa0>,20,13,[8 2],24,27,40,3,24
1,<environment.Job instance at 0x14565ec81640>,24,3,[1 7],30,30,33,0,30
1,<environment.Job instance at 0x145649990460>,29,1,[ 1 10],38,41,42,3,41
1,<environment.Job instance at 0x1456540aa7d0>,34,22,[2 8],44,44,66,0,44
1,<environment.Job instance at 0x1456540aa190>,35,13,[1 5],45,66,79,21,50
1,<environment.Job instance at 0x145649dd6500>,54,13,[7 2],74,208,221,134,208
1,<environment.Job instance at 0x1551c32c6c30>,0,12,[2 5],1,1,13,0,1
1,<environment.Job instance at 0x15516ca19eb0>,6,18,[8 1],7,7,25,0,7
1,<environment.Job instance at 0x15516ca19190>,8,13,[6 1],9,25,38,16,12
1,<environment.Job instance at 0x15516ca195f0>,11,3,[1 8],13,13,16,0,13
1,<environment.Job instance at 0x15516d0f23c0>,12,3,[1 8],14,16,19,2,14
1,<environment.Job instance at 0x15516d1de050>,14,2,[ 1 10],18,38,40,20,18
1,<environment.Job instance at 0x15516d1de0a0>,15,1,[ 1 10],20,40,41,20,23
1,<environment.Job instance at 0x15516d14f280>,16,1,[2 5],21,289,290,268,289
1,<environment.Job instance at 0x1551747bb910>,0,17,[7 1],2,2,19,0,2
1,<environment.Job instance at 0x15516f3f75a0>,3,12,[7 2],7,19,31,12,11
1,<environment.Job instance at 0x1551746852d0>,6,14,[8 2],12,31,45,19,16
1,<environment.Job instance at 0x1551746b5910>,13,13,[5 2],21,269,282,248,269
1,<environment.Job instance at 0x1551746b5cd0>,1,3,[2 8],2,2,5,0,2
1,<environment.Job instance at 0x1551746b5140>,2,1,[1 8],5,6,7,1,6
1,<environment.Job instance at 0x15516c4b10f0>,4,3,[1 6],7,7,10,0,7
1,<environment.Job instance at 0x15516c4b1dc0>,5,2,[8 2],8,8,10,0,8
1,<environment.Job instance at 0x15516c4b1910>,6,14,[9 1],10,10,24,0,10
1,<environment.Job instance at 0x15516c4b1f50>,9,15,[1 5],13,13,28,0,13
1,<environment.Job instance at 0x15516c3674b0>,13,15,[10  1],19,28,43,9,19
1,<environment.Job instance at 0x15518e9c1f50>,0,12,[1 5],1,1,13,0,1
1,<environment.Job instance at 0x15518e9c1af0>,1,13,[7 2],2,7,20,5,7
1,<environment.Job instance at 0x15516f1d4910>,5,16,[1 5],11,13,29,2,11
1,<environment.Job instance at 0x15516f1d43c0>,10,26,[2 8],18,29,55,11,26
1,<environment.Job instance at 0x15516f250c80>,14,2,[1 6],27,55,57,28,28
1,<environment.Job instance at 0x15516f500690>,16,16,[2 7],31,57,73,26,44
1,<environment.Job instance at 0x155174b43a00>,17,1,[6 2],32,85,86,53,85
1,<environment.Job instance at 0x15516d0fffa0>,34,3,[9 2],55,86,89,31,85
1,<environment.Job instance at 0x15516d0ff3c0>,35,2,[2 9],57,89,91,32,86
1,<environment.Job instance at 0x15516d0ff0a0>,36,15,[2 8],62,91,106,29,86
1,<environment.Job instance at 0x15516f2ab2d0>,0,17,[2 9],1,1,18,0,1
1,<environment.Job instance at 0x15516c5ce4b0>,3,17,[5 2],4,18,35,14,9
1,<environment.Job instance at 0x15516ca32e10>,14,14,[8 2],17,35,49,18,20
1,<environment.Job instance at 0x15516d1a4640>,18,13,[2 8],23,24,37,1,24
1,<environment.Job instance at 0x15516d1a4280>,23,17,[10  1],30,49,66,19,37
1,<environment.Job instance at 0x15516d1a41e0>,28,15,[5 2],36,338,353,302,338
1,<environment.Job instance at 0x15516d1a4e60>,16,2,[7 2],20,353,355,333,353
1,<environment.Job instance at 0x15518f5e9fa0>,0,15,[ 2 10],2,2,17,0,2
1,<environment.Job instance at 0x15518e9c5960>,2,17,[7 2],3,3,20,0,3
1,<environment.Job instance at 0x1551747aac30>,1,3,[2 7],2,2,5,0,2
1,<environment.Job instance at 0x1551747be050>,5,3,[1 5],9,9,12,0,9
1,<environment.Job instance at 0x15516f1741e0>,8,1,[1 8],12,13,14,1,13
1,<environment.Job instance at 0x15516f1740f0>,10,3,[2 7],14,14,17,0,14
1,<environment.Job instance at 0x15516f174cd0>,11,1,[7 1],15,338,339,323,338
1,<environment.Job instance at 0x1551740bb9b0>,3,3,[5 1],4,4,7,0,4
1,<environment.Job instance at 0x15518f7305f0>,4,3,[1 7],5,5,8,0,5
1,<environment.Job instance at 0x15518f7300f0>,5,3,[10  2],7,8,11,1,7
1,<environment.Job instance at 0x15518f730190>,6,17,[9 2],9,11,28,2,9
1,<environment.Job instance at 0x155174757b90>,10,15,[7 1],17,28,43,11,18
1,<environment.Job instance at 0x15516c52b370>,12,12,[7 2],19,368,380,349,368
1,<environment.Job instance at 0x15516d1fa3c0>,0,3,[10  1],1,1,4,0,1
1,<environment.Job instance at 0x15516d1fa460>,1,14,[6 1],3,4,18,1,3
1,<environment.Job instance at 0x15516c954870>,7,12,[1 7],14,14,26,0,14
1,<environment.Job instance at 0x15516c9542d0>,9,3,[10  2],18,26,29,8,18
1,<environment.Job instance at 0x15516c954550>,10,17,[5 2],20,29,46,9,21
1,<environment.Job instance at 0x15516bf62b40>,2,2,[1 5],4,4,6,0,4
1,<environment.Job instance at 0x15516f312d70>,8,17,[2 9],13,13,30,0,13
1,<environment.Job instance at 0x15516f537280>,0,13,[7 2],1,1,14,0,1
1,<environment.Job instance at 0x15516c198be0>,7,1,[5 2],11,240,241,229,240
1,<environment.Job instance at 0x155174a06460>,3,3,[1 7],4,4,7,0,4
1,<environment.Job instance at 0x15516c198f50>,6,3,[1 9],7,7,10,0,7
1,<environment.Job instance at 0x15518f619960>,11,3,[1 7],14,14,17,0,14
1,<environment.Job instance at 0x15518f6193c0>,13,16,[10  1],16,17,33,1,16
1,<environment.Job instance at 0x15517597d9b0>,3,15,[10  1],6,6,21,0,6
1,<environment.Job instance at 0x15517597d780>,4,17,[6 1],8,21,38,13,9
1,<environment.Job instance at 0x15516c4f06e0>,6,15,[5 2],10,38,53,28,24
1,<environment.Job instance at 0x15518f5da3c0>,19,15,[7 2],28,53,68,25,39
1,<environment.Job instance at 0x155174a9b6e0>,20,13,[9 1],29,68,81,39,52
1,<environment.Job instance at 0x15518f66b9b0>,26,16,[5 1],38,211,227,173,211
1,<environment.Job instance at 0x15516c696a50>,99,18,[2 7],149,216,234,67,216
1,<environment.Job instance at 0x15516f3a1280>,0,13,[ 1 10],1,1,14,0,1
1,<environment.Job instance at 0x1545e0463640>,0,12,[2 5],1,1,13,0,1
1,<environment.Job instance at 0x154589c34eb0>,6,18,[8 1],7,7,25,0,7
1,<environment.Job instance at 0x154589c347d0>,8,13,[6 1],9,25,38,16,12
1,<environment.Job instance at 0x15458a4679b0>,17,17,[6 1],23,38,55,15,26
1,<environment.Job instance at 0x15458d8e4370>,0,13,[5 2],1,1,14,0,1
1,<environment.Job instance at 0x15458c5781e0>,5,12,[7 1],11,14,26,3,12
1,<environment.Job instance at 0x15458c727a00>,12,3,[5 2],23,26,29,3,25
1,<environment.Job instance at 0x15458c727550>,15,18,[5 2],27,27,45,0,27
1,<environment.Job instance at 0x15458c6e4370>,18,12,[2 9],33,45,57,12,45
1,<environment.Job instance at 0x15458c360aa0>,2,18,[8 2],3,3,21,0,3
1,<environment.Job instance at 0x15458b8fd2d0>,6,17,[2 9],7,21,38,14,9
1,<environment.Job instance at 0x154589702a50>,9,3,[6 1],10,21,24,11,10
1,<environment.Job instance at 0x154589702eb0>,10,2,[1 8],11,11,13,0,11
1,<environment.Job instance at 0x1545897023c0>,11,3,[2 8],12,13,16,1,12
1,<environment.Job instance at 0x154589702b90>,12,2,[2 8],13,16,18,3,14
1,<environment.Job instance at 0x154589702e60>,13,3,[5 2],16,38,41,22,16
1,<environment.Job instance at 0x154589702370>,14,1,[6 2],18,41,42,23,18
1,<environment.Job instance at 0x15458c56b730>,15,2,[2 8],19,19,21,0,19
1,<environment.Job instance at 0x15458c56bc80>,16,1,[6 2],21,42,43,21,21
1,<environment.Job instance at 0x15458c56b820>,17,1,[2 9],22,43,44,21,22
1,<environment.Job instance at 0x1545aabe5140>,18,27,[ 2 10],23,44,71,21,42
1,<environment.Job instance at 0x154589742550>,34,19,[2 9],46,71,90,25,61
1,<environment.Job instance at 0x1545897cd4b0>,45,1,[2 6],58,90,91,32,89
1,<environment.Job instance at 0x15458c4c6500>,56,2,[2 6],71,91,93,20,90
1,<environment.Job instance at 0x15458c4c61e0>,57,3,[9 2],72,93,96,21,92
1,<environment.Job instance at 0x15458c4c6320>,58,2,[10  2],73,163,165,90,163
1,<environment.Job instance at 0x1545896fb5f0>,73,1,[ 2 10],90,264,265,174,264
1,<environment.Job instance at 0x1545a886fd70>,104,3,[10  2],143,271,274,128,271
1,<environment.Job instance at 0x154595e756e0>,106,3,[1 9],148,274,277,126,272
1,<environment.Job instance at 0x1545a898a230>,107,16,[2 7],151,277,293,126,277
1,<environment.Job instance at 0x1545aafa5910>,1,3,[9 1],2,2,5,0,2
1,<environment.Job instance at 0x1545aafa5960>,2,14,[2 8],3,5,19,2,3
1,<environment.Job instance at 0x1545896d6500>,5,21,[1 8],6,19,40,13,11
1,<environment.Job instance at 0x1545896e14b0>,9,3,[9 2],12,19,22,7,12
1,<environment.Job instance at 0x1545896e1550>,10,2,[5 1],13,13,15,0,13
1,<environment.Job instance at 0x1545896e1140>,11,17,[1 9],14,40,57,26,28
1,<environment.Job instance at 0x15458d93ab90>,3,17,[9 1],6,6,23,0,6
1,<environment.Job instance at 0x15458c712a00>,9,13,[6 1],14,23,36,9,20
1,<environment.Job instance at 0x1545a88ad140>,17,17,[7 1],24,36,53,12,24
1,<environment.Job instance at 0x1545a88ad3c0>,18,17,[2 7],25,25,42,0,25
1,<environment.Job instance at 0x1545a88ada00>,19,13,[2 8],26,42,55,16,26
1,<environment.Job instance at 0x1545a88ad5f0>,20,16,[6 1],27,62,78,35,62
1,<environment.Job instance at 0x15458a2d9aa0>,48,3,[2 5],59,62,65,3,62
1,<environment.Job instance at 0x15458a2d9af0>,49,17,[1 7],60,65,82,5,62
1,<environment.Job instance at 0x15459413e690>,103,14,[7 1],140,286,300,146,286
1,<environment.Job instance at 0x1545941685f0>,0,17,[1 6],1,1,18,0,1
1,<environment.Job instance at 0x154594168d70>,2,13,[2 9],6,18,31,12,6
1,<environment.Job instance at 0x154589a59d70>,5,1,[1 8],10,310,311,300,310
1,<environment.Job instance at 0x1545e0408e10>,0,12,[2 8],1,1,13,0,1
1,<environment.Job instance at 0x15458b903410>,4,1,[ 2 10],5,13,14,8,5
1,<environment.Job instance at 0x154589a59730>,5,12,[2 8],8,14,26,6,8
1,<environment.Job instance at 0x15458b903d20>,8,18,[9 1],13,26,44,13,15
1,<environment.Job instance at 0x154589309f50>,10,13,[8 2],16,199,212,183,199
1,<environment.Job instance at 0x15458900cfa0>,75,15,[6 2],102,341,356,239,341
1,<environment.Job instance at 0x15458a40e1e0>,0,16,[2 5],1,1,17,0,1
1,<environment.Job instance at 0x15458953daa0>,6,15,[8 1],9,9,24,0,9
1,<environment.Job instance at 0x15458953dc30>,9,14,[2 9],17,17,31,0,17
1,<environment.Job instance at 0x1545898ee9b0>,11,13,[7 2],20,31,44,11,24
1,<environment.Job instance at 0x1545899d5a50>,18,26,[2 5],29,1284,1310,1255,1284
1,<environment.Job instance at 0x1545898199b0>,1,18,[8 1],8,8,26,0,8
1,<environment.Job instance at 0x15458c7c55f0>,10,17,[6 2],22,26,43,4,22
1,<environment.Job instance at 0x1545a80fcd20>,13,1,[1 9],26,43,44,17,26
1,<environment.Job instance at 0x1545a80fc960>,14,3,[1 7],27,27,30,0,27
1,<environment.Job instance at 0x1545a87d60a0>,20,13,[2 8],33,44,57,11,33
1,<environment.Job instance at 0x1545a891a2d0>,0,16,[5 1],1,1,17,0,1
1,<environment.Job instance at 0x1545974d60f0>,3,15,[5 1],6,7,22,1,7
1,<environment.Job instance at 0x15459403a3c0>,6,18,[8 2],9,22,40,13,11
1,<environment.Job instance at 0x15458c3a8af0>,14,18,[1 6],18,18,36,0,18
1,<environment.Job instance at 0x15458c3a80a0>,1,17,[6 1],2,2,19,0,2
1,<environment.Job instance at 0x1545a87eab40>,3,3,[1 6],4,4,7,0,4
1,<environment.Job instance at 0x1545a87ea870>,5,17,[2 7],8,8,25,0,8
1,<environment.Job instance at 0x154589bb2b40>,6,12,[5 1],9,19,31,10,13
1,<environment.Job instance at 0x154589bb20a0>,9,17,[6 1],15,31,48,16,19
1,<environment.Job instance at 0x154589309500>,14,1,[1 5],21,25,26,4,21
1,<environment.Job instance at 0x154589309e60>,15,26,[2 7],22,26,52,4,23
1,<environment.Job instance at 0x154589309780>,18,15,[8 1],26,289,304,263,289
1,<environment.Job instance at 0x1545897b5d20>,21,25,[1 7],29,435,460,406,435
1,<environment.Job instance at 0x1545893998c0>,0,3,[2 7],1,1,4,0,1
1,<environment.Job instance at 0x15458c8a01e0>,2,3,[ 2 10],6,6,9,0,6
1,<environment.Job instance at 0x1545940c2eb0>,0,17,[10  2],1,1,18,0,1
1,<environment.Job instance at 0x15458c365be0>,3,15,[10  1],6,6,21,0,6
1,<environment.Job instance at 0x1545a8073cd0>,4,17,[6 1],8,21,38,13,9
1,<environment.Job instance at 0x154595e40140>,6,15,[5 2],10,38,53,28,26
1,<environment.Job instance at 0x154589846f00>,19,15,[7 2],28,276,291,248,276
1,<environment.Job instance at 0x154588edfd20>,1,16,[9 2],2,2,18,0,2
1,<environment.Job instance at 0x15458948fa00>,9,14,[2 7],10,18,32,8,10
1,<environment.Job instance at 0x154589260d70>,16,17,[1 9],21,32,49,11,24
1,<environment.Job instance at 0x154589a46690>,0,13,[2 5],2,2,15,0,2
1,<environment.Job instance at 0x154594107d70>,5,13,[2 5],12,12,25,0,12
1,<environment.Job instance at 0x154589a04960>,7,13,[7 2],14,15,28,1,14
1,<environment.Job instance at 0x15458d8e6c30>,8,14,[7 1],15,28,42,13,15
1,<environment.Job instance at 0x1545941af460>,15,14,[2 5],22,25,39,3,22
1,<environment.Job instance at 0x1545894c4910>,20,15,[9 2],30,42,57,12,30
1,<environment.Job instance at 0x154589c3e5f0>,23,16,[8 1],35,57,73,22,45
1,<environment.Job instance at 0x1545896aa4b0>,31,13,[9 2],48,73,86,25,57
1,<environment.Job instance at 0x1545896aa5a0>,36,2,[8 1],54,86,88,32,59
1,<environment.Job instance at 0x15458a36adc0>,37,1,[10  1],55,88,89,33,60
1,<environment.Job instance at 0x15458a36af50>,38,2,[5 1],56,89,91,33,62
1,<environment.Job instance at 0x15458a36aa00>,41,3,[9 2],60,91,94,31,65
1,<environment.Job instance at 0x15458c602aa0>,0,3,[1 9],1,1,4,0,1
1,<environment.Job instance at 0x15458c602dc0>,3,28,[2 9],6,6,34,0,6
1,<environment.Job instance at 0x15458a2c2370>,12,15,[5 1],16,20,35,4,20
1,<environment.Job instance at 0x15458c5e0140>,17,17,[1 7],21,34,51,13,22
1,<environment.Job instance at 0x15458c5e0500>,19,3,[1 7],26,51,54,25,26
1,<environment.Job instance at 0x15458c5e08c0>,22,1,[5 1],30,297,298,267,297
1,<environment.Job instance at 0x15458c5e0c80>,24,12,[ 1 10],34,305,317,271,305
1,<environment.Job instance at 0x1545893f1d20>,2,16,[10  1],4,4,20,0,4
1,<environment.Job instance at 0x1545aabedc30>,8,2,[8 1],13,1544,1546,1531,1544
1,<environment.Job instance at 0x14cd2e220c30>,0,12,[2 5],1,1,13,0,1
1,<environment.Job instance at 0x14ccd79ef4b0>,6,18,[8 1],7,7,25,0,7
1,<environment.Job instance at 0x14ccd814b0a0>,8,13,[6 1],9,25,38,16,13
1,<environment.Job instance at 0x14ccd812daf0>,17,17,[6 1],23,38,55,15,26
1,<environment.Job instance at 0x14ccd7a1d3c0>,0,3,[1 7],1,1,4,0,1
1,<environment.Job instance at 0x14ccda2a4140>,2,3,[5 2],3,3,6,0,3
1,<environment.Job instance at 0x14ccda2a4410>,3,16,[7 2],4,6,22,2,4
1,<environment.Job instance at 0x14ccdb668d20>,5,18,[5 2],7,22,40,15,11
1,<environment.Job instance at 0x14ccda2030f0>,8,12,[2 9],13,40,52,27,23
1,<environment.Job instance at 0x14ccda3cbb90>,12,17,[10  1],18,52,69,34,48
1,<environment.Job instance at 0x14ccdb5f1c80>,28,16,[9 1],43,106,122,63,106
1,<environment.Job instance at 0x14ccd81df500>,75,16,[2 6],116,154,170,38,154
1,<environment.Job instance at 0x14ccd81c1870>,78,14,[9 1],120,215,229,95,215
1,<environment.Job instance at 0x14ccdb75c140>,100,15,[7 2],148,232,247,84,232
1,<environment.Job instance at 0x14ccda360af0>,115,1,[2 5],168,243,244,75,243
1,<environment.Job instance at 0x14ccda203dc0>,7,13,[1 7],10,318,331,308,318
1,<environment.Job instance at 0x14ccd96d4230>,0,3,[2 5],1,1,4,0,1
1,<environment.Job instance at 0x14ccd7366af0>,1,12,[6 1],2,3,15,1,3
1,<environment.Job instance at 0x14ccd7442aa0>,9,3,[1 7],13,13,16,0,13
1,<environment.Job instance at 0x14cd0661a0f0>,10,19,[2 9],16,16,35,0,16
1,<environment.Job instance at 0x14cd0527fe60>,0,3,[1 9],1,1,4,0,1
1,<environment.Job instance at 0x14ccd79da320>,3,12,[7 1],6,6,18,0,6
1,<environment.Job instance at 0x14ccd7652820>,0,3,[2 8],1,1,4,0,1
1,<environment.Job instance at 0x14ccda61db90>,2,13,[7 2],4,4,17,0,4
1,<environment.Job instance at 0x14ccd73b10a0>,4,15,[ 2 10],6,27,42,21,27
1,<environment.Job instance at 0x14ccda395050>,1,3,[9 1],6,6,9,0,6
1,<environment.Job instance at 0x14cd05a0e690>,2,13,[2 5],8,9,22,1,8
1,<environment.Job instance at 0x14ccda5654b0>,0,3,[2 9],1,1,4,0,1
1,<environment.Job instance at 0x14ccda5ff910>,3,17,[5 1],4,4,21,0,4
1,<environment.Job instance at 0x14ccda3d2e60>,11,21,[9 2],12,21,42,9,14
1,<environment.Job instance at 0x14ccd7850190>,15,13,[2 8],17,42,55,25,26
1,<environment.Job instance at 0x14ccd735a640>,18,1,[1 8],22,55,56,33,55
1,<environment.Job instance at 0x14ccd70480f0>,26,3,[2 9],33,56,59,23,55
1,<environment.Job instance at 0x14ccd7048e60>,27,17,[1 8],35,59,76,24,55
1,<environment.Job instance at 0x14ccd8c59cd0>,1,1,[1 8],2,850,851,848,850
1,<environment.Job instance at 0x14ccd6ca7aa0>,0,13,[1 9],1,1,14,0,1
1,<environment.Job instance at 0x14ccd6ca7320>,2,15,[9 1],4,4,19,0,4
1,<environment.Job instance at 0x14ccdc931910>,7,19,[5 2],11,19,38,8,11
1,<environment.Job instance at 0x14ccd6fc7780>,13,15,[8 2],17,38,53,21,24
1,<environment.Job instance at 0x14cd059c0d70>,0,3,[5 1],1,1,4,0,1
1,<environment.Job instance at 0x14cd059c0320>,4,12,[7 2],7,7,19,0,7
1,<environment.Job instance at 0x14cd059c09b0>,6,17,[6 2],11,19,36,8,11
1,<environment.Job instance at 0x14cd063422d0>,11,18,[10  1],16,36,54,20,29
1,<environment.Job instance at 0x14ccd8c902d0>,21,16,[8 2],31,82,98,51,82
1,<environment.Job instance at 0x14ccda6260f0>,0,18,[2 9],1,1,19,0,1
1,<environment.Job instance at 0x14ccda350f00>,6,18,[7 2],10,19,37,9,10
1,<environment.Job instance at 0x14ccd75b9b90>,2,3,[2 6],3,3,6,0,3
1,<environment.Job instance at 0x14ccd73744b0>,12,14,[8 2],15,15,29,0,15
1,<environment.Job instance at 0x14cd14041910>,0,16,[ 2 10],3,3,19,0,3
1,<environment.Job instance at 0x14ccd812fb40>,1,13,[8 1],4,19,32,15,11
1,<environment.Job instance at 0x14ccdba5b820>,0,13,[2 5],2,2,15,0,2
1,<environment.Job instance at 0x14ccda347be0>,5,13,[2 5],12,12,25,0,12
1,<environment.Job instance at 0x14cd05a1ad70>,7,13,[7 2],14,15,28,1,14
1,<environment.Job instance at 0x14ccd71c6b40>,8,14,[7 1],15,28,42,13,17
1,<environment.Job instance at 0x14cd06555960>,15,14,[2 5],22,25,39,3,22
1,<environment.Job instance at 0x14cd066faa00>,20,15,[9 2],30,42,57,12,30
1,<environment.Job instance at 0x14ccda3e08c0>,28,18,[5 2],40,57,75,17,46
1,<environment.Job instance at 0x14ccd80a1b90>,31,13,[9 2],48,75,88,27,59
1,<environment.Job instance at 0x14ccda3d4c80>,39,1,[1 6],57,60,61,3,60
1,<environment.Job instance at 0x14ccda3d4780>,40,12,[5 2],58,61,73,3,60
1,<environment.Job instance at 0x14ccdb6dc140>,4,15,[5 1],6,6,21,0,6
1,<environment.Job instance at 0x14ccdb6dc550>,7,13,[ 2 10],9,21,34,12,9
1,<environment.Job instance at 0x14cd1490b190>,16,12,[ 1 10],24,34,46,10,24
1,<environment.Job instance at 0x14ccd73ba050>,1,3,[1 6],3,3,6,0,3
1,<environment.Job instance at 0x14cd2c0ea050>,2,13,[2 9],5,6,19,1,5
1,<environment.Job instance at 0x14ccd7311640>,17,17,[9 1],21,27,44,6,27
1,<environment.Job instance at 0x14ccdb5323c0>,38,18,[2 7],55,56,74,1,56
1,<environment.Job instance at 0x14ccda387640>,42,17,[2 7],63,74,91,11,67
1,<environment.Job instance at 0x14ccdb54e640>,44,13,[9 2],65,343,356,278,343
1,<environment.Job instance at 0x14ccd7901d20>,0,3,[6 2],1,1,4,0,1
1,<environment.Job instance at 0x14cd0660acd0>,3,3,[1 5],5,5,8,0,5
1,<environment.Job instance at 0x151082435640>,0,12,[2 5],1,1,13,0,1
1,<environment.Job instance at 0x15102bbf4780>,6,18,[8 1],7,7,25,0,7
1,<environment.Job instance at 0x151082435a50>,8,13,[6 1],9,25,38,16,17
1,<environment.Job instance at 0x15102c282be0>,17,17,[6 1],23,38,55,15,26
1,<environment.Job instance at 0x15102c300e10>,0,3,[5 1],3,3,6,0,3
1,<environment.Job instance at 0x15102bc245f0>,2,3,[ 2 10],6,6,9,0,6
1,<environment.Job instance at 0x15102bc24500>,3,2,[1 9],8,9,11,1,8
1,<environment.Job instance at 0x15102e3fe9b0>,4,2,[ 2 10],11,11,13,0,11
1,<environment.Job instance at 0x15102e3fe500>,5,3,[5 2],12,13,16,1,12
1,<environment.Job instance at 0x15102e3fe320>,6,15,[2 7],13,13,28,0,13
1,<environment.Job instance at 0x15102e3febe0>,9,17,[ 2 10],16,28,45,12,16
1,<environment.Job instance at 0x15102e3ff820>,63,3,[ 2 10],95,170,173,75,170
1,<environment.Job instance at 0x15106804fa50>,1,3,[2 7],3,3,6,0,3
1,<environment.Job instance at 0x1510682410f0>,1,3,[1 7],3,3,6,0,3
1,<environment.Job instance at 0x15102e59f0f0>,2,17,[2 7],4,6,23,2,4
1,<environment.Job instance at 0x15103947bfa0>,4,17,[9 1],6,59,76,53,59
1,<environment.Job instance at 0x15102fca7a50>,67,3,[9 1],102,166,169,64,166
1,<environment.Job instance at 0x15102fca70f0>,68,14,[2 8],103,169,183,66,166
1,<environment.Job instance at 0x15102e6e1be0>,70,27,[1 7],105,184,211,79,184
1,<environment.Job instance at 0x15102be624b0>,86,15,[2 7],130,219,234,89,219
1,<environment.Job instance at 0x15102b9b0f50>,94,12,[7 1],146,298,310,152,298
1,<environment.Job instance at 0x151038006820>,0,14,[1 5],1,1,15,0,1
1,<environment.Job instance at 0x151038006460>,4,25,[8 1],9,9,34,0,9
1,<environment.Job instance at 0x151068116190>,9,14,[9 2],16,34,48,18,30
1,<environment.Job instance at 0x15102e52f190>,14,12,[2 9],22,48,60,26,31
1,<environment.Job instance at 0x15102b7e56e0>,91,13,[10  1],119,412,425,293,412
1,<environment.Job instance at 0x15102b3ff640>,3,15,[1 9],6,6,21,0,6
1,<environment.Job instance at 0x1510680a7460>,13,15,[6 1],22,22,37,0,22
1,<environment.Job instance at 0x15102c349140>,15,17,[10  1],26,37,54,11,26
1,<environment.Job instance at 0x151068067550>,20,14,[2 6],33,637,651,604,637
1,<environment.Job instance at 0x15102b921550>,0,16,[7 1],1,1,17,0,1
1,<environment.Job instance at 0x15102b9213c0>,2,14,[1 8],3,3,17,0,3
1,<environment.Job instance at 0x15102b3ad320>,8,3,[6 1],9,17,20,8,9
1,<environment.Job instance at 0x15102b921d70>,9,15,[6 1],15,20,35,5,20
1,<environment.Job instance at 0x1510680c6820>,15,16,[2 5],21,21,37,0,21
1,<environment.Job instance at 0x15102b100410>,16,1,[5 1],22,101,102,79,101
1,<environment.Job instance at 0x15102b659050>,48,15,[ 2 10],74,102,117,28,101
1,<environment.Job instance at 0x15102b3fbf50>,11,17,[8 1],17,1095,1112,1078,1095
1,<environment.Job instance at 0x15102b8ef190>,1,18,[8 1],8,8,26,0,8
1,<environment.Job instance at 0x15102af05870>,10,17,[6 2],22,26,43,4,22
1,<environment.Job instance at 0x15102b8cd0a0>,13,1,[1 9],26,43,44,17,26
1,<environment.Job instance at 0x15102b8cf730>,14,3,[1 7],27,27,30,0,27
1,<environment.Job instance at 0x15102b8cfeb0>,15,1,[1 8],28,380,381,352,380
1,<environment.Job instance at 0x15102b62b500>,2,3,[10  1],3,1068,1071,1065,1068
1,<environment.Job instance at 0x15102afd8d20>,0,3,[2 5],1,1,4,0,1
1,<environment.Job instance at 0x151082345be0>,1,16,[7 2],2,2,18,0,2
1,<environment.Job instance at 0x15102afd8780>,2,12,[9 1],3,18,30,15,5
1,<environment.Job instance at 0x15102af875a0>,14,12,[2 8],25,30,42,5,25
1,<environment.Job instance at 0x15102af87f00>,15,14,[10  2],26,42,56,16,42
1,<environment.Job instance at 0x15102f7ffc30>,24,14,[10  1],41,72,86,31,72
1,<environment.Job instance at 0x15102b672780>,43,18,[7 2],70,86,104,16,75
1,<environment.Job instance at 0x15102b672eb0>,44,15,[2 7],71,86,101,15,80
1,<environment.Job instance at 0x151039aff8c0>,1,17,[6 1],3,3,20,0,3
1,<environment.Job instance at 0x15102e665050>,4,18,[2 8],8,8,26,0,8
1,<environment.Job instance at 0x15102f7c1190>,5,13,[7 2],11,20,33,9,17
1,<environment.Job instance at 0x15102b013f50>,9,3,[1 5],20,26,29,6,20
1,<environment.Job instance at 0x15102b013b90>,13,16,[5 2],25,47,63,22,47
1,<environment.Job instance at 0x15102b106eb0>,28,18,[7 2],49,63,81,14,52
1,<environment.Job instance at 0x15102baf5b40>,42,14,[8 2],65,81,95,16,66
1,<environment.Job instance at 0x15102bab60a0>,15,2,[10  1],27,2496,2498,2469,2496
1,<environment.Job instance at 0x151068ae6960>,0,3,[1 6],2,2,5,0,2
1,<environment.Job instance at 0x151068ae6be0>,2,12,[5 2],4,5,17,1,5
1,<environment.Job instance at 0x15102b2484b0>,4,23,[1 9],6,17,40,11,12
1,<environment.Job instance at 0x15102b117140>,0,3,[1 8],4,4,7,0,4
1,<environment.Job instance at 0x15102f9579b0>,3,3,[1 7],7,7,10,0,7
1,<environment.Job instance at 0x151039c9a140>,5,3,[1 8],10,10,13,0,10
1,<environment.Job instance at 0x15102f9578c0>,6,14,[ 1 10],13,13,27,0,13
1,<environment.Job instance at 0x15102b875b40>,8,14,[2 9],18,27,41,9,18
1,<environment.Job instance at 0x15102b86b0a0>,12,3,[ 2 10],22,41,44,19,22
1,<environment.Job instance at 0x15102b8750f0>,13,3,[6 2],23,44,47,21,23
1,<environment.Job instance at 0x15102c427500>,16,18,[2 7],29,44,62,15,33
1,<environment.Job instance at 0x15102c4272d0>,18,3,[6 2],35,150,153,115,150
1,<environment.Job instance at 0x15102b4bb690>,60,12,[1 9],91,153,165,62,150
1,<environment.Job instance at 0x15102c3a28c0>,61,1,[7 2],92,231,232,139,231
1,<environment.Job instance at 0x15102be4d4b0>,86,1,[1 9],121,336,337,215,336
1,<environment.Job instance at 0x15102af0a320>,0,13,[ 1 10],1,1,14,0,1
1,<environment.Job instance at 0x15102be4d4b0>,3,13,[1 5],5,14,27,9,5
1,<environment.Job instance at 0x15102e8614b0>,0,3,[1 9],1,1,4,0,1
1,<environment.Job instance at 0x15102e8619b0>,3,28,[2 9],6,6,34,0,6
1,<environment.Job instance at 0x15102fca6050>,12,15,[5 1],16,17,32,1,17
1,<environment.Job instance at 0x15102fca6a00>,15,13,[ 2 10],19,34,47,15,19
1,<environment.Job instance at 0x15102fca6960>,16,3,[ 1 10],20,47,50,27,23
1,<environment.Job instance at 0x15102aeaee60>,1,3,[1 6],3,3,6,0,3
1,<environment.Job instance at 0x15102aeaedc0>,2,13,[2 9],5,6,19,1,5
1,<environment.Job instance at 0x15102aeaec30>,3,12,[10  1],6,257,269,251,257
1,<environment.Job instance at 0x15102aeae640>,1,20,[1 9],2,2,22,0,2
1,<environment.Job instance at 0x15102fca0690>,6,15,[5 1],11,23,38,12,23
1,<environment.Job instance at 0x151039ba0af0>,19,19,[8 1],32,42,61,10,42
1,<environment.Job instance at 0x151068b0bc30>,27,1,[1 7],43,361,362,318,361
1,<environment.Job instance at 0x151030b0e410>,1,18,[6 2],3,3,21,0,3
1,<environment.Job instance at 0x151080304910>,4,13,[ 2 10],8,21,34,13,8
1,<environment.Job instance at 0x15102b7af2d0>,11,13,[6 2],19,34,47,15,19
1,<environment.Job instance at 0x15102c2c46e0>,21,16,[ 1 10],32,47,63,15,37
1,<environment.Job instance at 0x151039ac66e0>,28,13,[9 1],40,309,322,269,309
1,<environment.Job instance at 0x14e438ace640>,0,12,[2 5],1,1,13,0,1
1,<environment.Job instance at 0x14e3e2282eb0>,6,18,[8 1],7,7,25,0,7
1,<environment.Job instance at 0x14e3e2282050>,8,13,[6 1],9,25,38,16,23
1,<environment.Job instance at 0x14e3e29bd0a0>,17,17,[6 1],23,577,594,554,577
1,<environment.Job instance at 0x14e3e298d230>,1,3,[5 2],2,2,5,0,2
1,<environment.Job instance at 0x14e3e2abf3c0>,3,2,[ 2 10],4,5,7,1,4
1,<environment.Job instance at 0x14e3e4ab9960>,5,17,[ 2 10],6,7,24,1,6
1,<environment.Job instance at 0x14e3e4ab9fa0>,6,19,[ 1 10],8,24,43,16,14
1,<environment.Job instance at 0x14e3e4aa75f0>,15,14,[10  1],19,72,86,53,72
1,<environment.Job instance at 0x14e3f4eeb910>,2,16,[9 1],3,3,19,0,3
1,<environment.Job instance at 0x14e3e29c0be0>,5,14,[7 2],7,19,33,12,7
1,<environment.Job instance at 0x14e3e29c0050>,10,18,[6 2],16,33,51,17,22
1,<environment.Job instance at 0x14e3e2205460>,21,3,[1 7],33,33,36,0,33
1,<environment.Job instance at 0x14e3e22055a0>,24,3,[1 7],38,38,41,0,38
1,<environment.Job instance at 0x14e3e4a0f500>,25,14,[1 6],39,41,55,2,39
1,<environment.Job instance at 0x14e3e4a0f8c0>,26,14,[1 9],40,55,69,15,40
1,<environment.Job instance at 0x14e3e4a0f730>,27,3,[6 1],43,61,64,18,61
1,<environment.Job instance at 0x14e3e4a0faa0>,37,15,[2 8],58,69,84,11,61
1,<environment.Job instance at 0x14e3e4a7e1e0>,44,1,[5 1],69,449,450,380,449
1,<environment.Job instance at 0x14e3e2205140>,13,14,[1 6],22,1548,1562,1526,1548
1,<environment.Job instance at 0x14e3e20d5af0>,2,3,[2 8],7,7,10,0,7
1,<environment.Job instance at 0x14e3f4e66410>,4,16,[10  1],9,10,26,1,9
1,<environment.Job instance at 0x14e3f4e66640>,7,12,[7 1],14,26,38,12,23
1,<environment.Job instance at 0x14e3f4e83730>,12,18,[2 6],24,26,44,2,24
1,<environment.Job instance at 0x14e3e5f4b6e0>,18,13,[7 2],32,38,51,6,34
1,<environment.Job instance at 0x14e3e5fac7d0>,21,18,[1 5],37,44,62,7,37
1,<environment.Job instance at 0x14e3e5fac320>,22,16,[1 5],41,51,67,10,41
1,<environment.Job instance at 0x14e3e5f78280>,27,26,[2 8],48,67,93,19,64
1,<environment.Job instance at 0x14e3e4ce4230>,46,2,[6 1],79,99,101,20,99
1,<environment.Job instance at 0x14e3e5f923c0>,114,17,[2 9],181,318,335,137,318
1,<environment.Job instance at 0x14e3e5f92b90>,117,17,[5 2],184,335,352,151,323
1,<environment.Job instance at 0x14e3e4d7d320>,4,16,[ 2 10],5,5,21,0,5
1,<environment.Job instance at 0x14e3e4d7dfa0>,6,14,[8 2],7,153,167,146,153
1,<environment.Job instance at 0x14e3e24eb5a0>,62,13,[10  1],79,187,200,108,187
1,<environment.Job instance at 0x14e3e2299f50>,77,22,[8 1],95,225,247,130,225
1,<environment.Job instance at 0x14e3e625e3c0>,7,2,[1 9],9,2020,2022,2011,2020
1,<environment.Job instance at 0x14e3e625e3c0>,2,17,[1 8],8,8,25,0,8
1,<environment.Job instance at 0x14e3e1c1bc80>,6,13,[2 9],16,25,38,9,16
1,<environment.Job instance at 0x14e3e1f5d050>,2,3,[2 8],5,5,8,0,5
1,<environment.Job instance at 0x14e3e1f5db90>,5,1,[1 7],10,10,11,0,10
1,<environment.Job instance at 0x14e3e1f5da00>,6,21,[9 1],11,11,32,0,11
1,<environment.Job instance at 0x14e3f7181500>,7,16,[1 6],12,12,28,0,12
1,<environment.Job instance at 0x14e3f4be8d70>,8,15,[10  2],13,32,47,19,18
1,<environment.Job instance at 0x14e3e1932be0>,18,12,[9 1],27,379,391,352,379
1,<environment.Job instance at 0x14e3e1644f50>,11,3,[5 1],17,1362,1365,1345,1362
1,<environment.Job instance at 0x14e3f41dfdc0>,0,3,[7 2],1,1,4,0,1
1,<environment.Job instance at 0x14e3f407e1e0>,7,1,[1 5],10,866,867,856,866
1,<environment.Job instance at 0x14e3e15361e0>,3,17,[5 2],5,5,22,0,5
1,<environment.Job instance at 0x14e3e24ddb90>,6,17,[8 1],9,22,39,13,10
1,<environment.Job instance at 0x14e3f415e2d0>,10,15,[9 1],14,39,54,25,25
1,<environment.Job instance at 0x14e3e1fe4820>,15,19,[5 2],21,276,295,255,276
1,<environment.Job instance at 0x14e3e5f110f0>,101,13,[6 1],129,391,404,262,391
1,<environment.Job instance at 0x14e3f415eb90>,11,1,[1 5],15,414,415,399,414
1,<environment.Job instance at 0x14e3f6877af0>,0,3,[ 2 10],2,2,5,0,2
1,<environment.Job instance at 0x14e3f415edc0>,3,3,[2 8],7,7,10,0,7
1,<environment.Job instance at 0x14e3f4bf40a0>,5,3,[2 9],10,10,13,0,10
1,<environment.Job instance at 0x14e3f4bf4730>,8,3,[ 1 10],14,14,17,0,14
1,<environment.Job instance at 0x14e3f4066820>,0,16,[8 2],1,1,17,0,1
1,<environment.Job instance at 0x14e3f4066690>,3,13,[8 1],5,17,30,12,11
1,<environment.Job instance at 0x14e3e4a9a1e0>,14,17,[ 2 10],18,30,47,12,20
1,<environment.Job instance at 0x14e3e1e9cfa0>,0,3,[1 8],2,2,5,0,2
1,<environment.Job instance at 0x14e3f414d320>,2,20,[10  2],4,5,25,1,4
1,<environment.Job instance at 0x14e3f414dbe0>,8,3,[10  2],13,25,28,12,13
1,<environment.Job instance at 0x14e3e4eaff00>,9,3,[2 7],15,28,31,13,15
1,<environment.Job instance at 0x14e3e29c5910>,10,15,[7 2],16,28,43,12,19
1,<environment.Job instance at 0x14e3e4e0dd70>,14,16,[6 1],24,43,59,19,32
1,<environment.Job instance at 0x14e3e4e0d370>,19,14,[2 7],33,40,54,7,40
1,<environment.Job instance at 0x14e3f4166690>,25,18,[2 8],39,54,72,15,43
1,<environment.Job instance at 0x14e3f4166780>,26,27,[7 1],41,77,104,36,77
1,<environment.Job instance at 0x14e3e1ea4910>,51,13,[1 5],87,104,117,17,104
1,<environment.Job instance at 0x14e3f4234eb0>,60,2,[6 2],98,461,463,363,461
1,<environment.Job instance at 0x14e3f4166190>,21,1,[ 1 10],35,678,679,643,678
1,<environment.Job instance at 0x14e3f41660a0>,1,3,[2 8],3,3,6,0,3
1,<environment.Job instance at 0x14e3e4ed5a50>,4,17,[6 2],6,6,23,0,6
1,<environment.Job instance at 0x14e3e2a17190>,16,3,[8 1],24,24,27,0,24
1,<environment.Job instance at 0x14e3e2205f00>,18,3,[8 2],28,28,31,0,28
1,<environment.Job instance at 0x14e3e2205aa0>,20,3,[2 7],31,31,34,0,31
1,<environment.Job instance at 0x14e3f40fdc30>,22,1,[8 1],36,36,37,0,36
1,<environment.Job instance at 0x14e3f40fdcd0>,24,15,[2 8],38,38,53,0,38
1,<environment.Job instance at 0x14e3e5f0bbe0>,26,12,[8 1],40,40,52,0,40
1,<environment.Job instance at 0x14e3e5f0b050>,27,12,[7 1],41,52,64,11,41
1,<environment.Job instance at 0x14e3f4297e10>,2,2,[5 2],3,3,5,0,3
1,<environment.Job instance at 0x14e3e15a2050>,6,13,[1 9],7,7,20,0,7
1,<environment.Job instance at 0x14e3f4be8960>,13,3,[2 6],17,20,23,3,17
1,<environment.Job instance at 0x14e3f4ecdfa0>,42,13,[9 1],56,56,69,0,56
1,<environment.Job instance at 0x14e3e5e68eb0>,45,16,[5 1],59,339,355,280,339
1,<environment.Job instance at 0x14e3f4f70be0>,2,16,[10  1],4,4,20,0,4
1,<environment.Job instance at 0x14e3e1ca05f0>,7,3,[8 2],10,2807,2810,2797,2807
1,<environment.Job instance at 0x14e3e1d95730>,6,25,[1 7],9,2822,2847,2813,2822
1,<environment.Job instance at 0x14e3e62917d0>,3,3,[1 5],5,5,8,0,5
1,<environment.Job instance at 0x14e3e5dc6280>,1,18,[6 2],3,3,21,0,3
1,<environment.Job instance at 0x14e3e49e4780>,4,13,[ 2 10],8,21,34,13,8
1,<environment.Job instance at 0x14e3f4336280>,11,13,[6 2],19,34,47,15,21
1,<environment.Job instance at 0x14e3e1d03320>,24,24,[2 7],36,36,60,0,36
1,<environment.Job instance at 0x14e3e290f2d0>,26,13,[1 6],38,60,73,22,44
1,<environment.Job instance at 0x14e3e5f0a640>,28,13,[9 1],40,60,73,20,44
1,<environment.Job instance at 0x14e3e5f0a870>,29,17,[2 8],45,73,90,28,61
1,<environment.Job instance at 0x14e3e5f0a370>,32,3,[ 2 10],49,90,93,41,64
1,<environment.Job instance at 0x14e3e5f0a820>,33,2,[1 8],50,93,95,43,66
1,<environment.Job instance at 0x14e3e5f0a190>,34,12,[2 9],51,95,107,44,78
1,<environment.Job instance at 0x14e3e5f0ab40>,35,18,[7 2],53,125,143,72,125
1,<environment.Job instance at 0x14e3f4313a00>,70,1,[2 9],110,316,317,206,316
1,<environment.Job instance at 0x14e3e24c3410>,4,13,[1 7],7,7,20,0,7
1,<environment.Job instance at 0x14e3e24c3190>,5,15,[5 1],10,16,31,6,16
1,<environment.Job instance at 0x14e3e4abbe60>,11,16,[6 1],19,31,47,12,19
1,<environment.Job instance at 0x14e3e4abb910>,14,16,[9 1],23,47,63,24,34
