iteration,job object,job ID,job Length,job ressource requirement,job enter time,job start time,job finish time,job waiting time,current time
1,<environment.Job instance at 0x1459bfd35370>,23,2,[8 1],31,36,38,5,36
1,<environment.Job instance at 0x1459bfd569b0>,24,12,[ 1 10],32,37,49,5,36
1,<environment.Job instance at 0x1459bfc35e60>,25,2,[2 8],34,49,51,15,37
1,<environment.Job instance at 0x1459bfc35320>,26,1,[2 7],35,49,50,14,37
1,<environment.Job instance at 0x1459bfc35d20>,27,2,[2 7],36,50,52,14,37
1,<environment.Job instance at 0x1459bfc9a050>,28,2,[2 7],37,51,53,14,37
1,<environment.Job instance at 0x1459bfc2f0f0>,29,16,[10  2],39,52,68,13,39
1,<environment.Job instance at 0x1459bfc2fd20>,30,15,[2 9],40,53,68,13,40
1,<environment.Job instance at 0x1459bfc2fcd0>,31,3,[9 2],41,41,44,0,41
1,<environment.Job instance at 0x1459bfc796e0>,32,3,[2 9],42,68,71,26,42
1,<environment.Job instance at 0x1459bfc2f5a0>,33,1,[2 7],43,71,72,28,43
1,<environment.Job instance at 0x1459bfc415f0>,34,15,[11  1],44,68,83,24,54
1,<environment.Job instance at 0x1459bfc41550>,35,2,[1 8],45,72,74,27,54
1,<environment.Job instance at 0x1459bfc41910>,36,3,[10  2],48,83,86,35,57
1,<environment.Job instance at 0x1459bfc77e60>,19,3,[6 2],26,86,89,60,82
1,<environment.Job instance at 0x1459bfd563c0>,20,2,[ 1 13],27,107,109,80,107
1,<environment.Job instance at 0x1459bfcc02d0>,21,3,[6 1],29,140,143,111,140
1,<environment.Job instance at 0x1459c1c3edc0>,25,15,[10  2],35,35,50,0,35
1,<environment.Job instance at 0x1459c1c3ec30>,26,13,[ 1 10],36,36,49,0,36
1,<environment.Job instance at 0x1459c1c3e370>,27,16,[8 1],37,50,66,13,37
1,<environment.Job instance at 0x1459c1c3efa0>,28,17,[1 9],39,49,66,10,39
1,<environment.Job instance at 0x1459c1c3e230>,29,13,[2 9],40,66,79,26,50
1,<environment.Job instance at 0x1459c1c3e870>,30,1,[2 8],41,79,80,38,51
1,<environment.Job instance at 0x1459c1c3e280>,31,1,[ 2 10],42,80,81,38,52
1,<environment.Job instance at 0x1459c1c3e7d0>,32,1,[ 2 14],43,81,82,38,53
1,<environment.Job instance at 0x1459c1c3e190>,33,1,[8 2],44,66,67,22,53
1,<environment.Job instance at 0x1459c1c3ea50>,34,15,[5 1],45,53,68,8,53
1,<environment.Job instance at 0x1459c1c3ef00>,35,18,[1 8],46,82,100,36,71
1,<environment.Job instance at 0x1459cc0e40a0>,4,3,[5 2],6,49,52,43,49
1,<environment.Job instance at 0x1459cc0e4190>,5,15,[9 2],7,49,64,42,49
1,<environment.Job instance at 0x1459cc0e4960>,6,18,[2 6],8,52,70,44,49
1,<environment.Job instance at 0x1459cc0e41e0>,7,1,[1 6],9,50,51,41,50
1,<environment.Job instance at 0x1459cc0e4f50>,8,1,[1 7],10,51,52,41,50
1,<environment.Job instance at 0x1459cc0e4230>,9,3,[9 1],13,64,67,51,50
1,<environment.Job instance at 0x1459cc0e4be0>,10,3,[12  1],14,67,70,53,50
1,<environment.Job instance at 0x1459cc0e4690>,11,1,[1 8],16,64,65,48,50
1,<environment.Job instance at 0x1459cc0e4050>,12,15,[1 6],17,65,80,48,51
1,<environment.Job instance at 0x1459cc0e4d20>,13,3,[7 2],18,70,73,52,51
1,<environment.Job instance at 0x1459cc0e49b0>,14,2,[1 8],19,73,75,54,51
1,<environment.Job instance at 0x1459cc0e42d0>,15,3,[1 7],21,52,55,31,51
1,<environment.Job instance at 0x1459cc0e45a0>,16,13,[ 1 14],22,80,93,58,64
1,<environment.Job instance at 0x1459cc0e4910>,17,27,[1 8],23,95,122,72,95
1,<environment.Job instance at 0x1459cc0e4aa0>,18,3,[1 9],24,122,125,98,104
1,<environment.Job instance at 0x1459cc0e4cd0>,19,2,[7 2],25,107,109,82,107
1,<environment.Job instance at 0x1459cc0e48c0>,20,12,[6 1],26,107,119,81,107
1,<environment.Job instance at 0x1459cc0ec140>,21,28,[2 8],29,132,160,103,132
1,<environment.Job instance at 0x1459cc0ec820>,22,3,[5 1],33,141,144,108,141
1,<environment.Job instance at 0x1459cc0ece60>,23,15,[1 7],35,144,159,109,141
1,<environment.Job instance at 0x1459cc0ecf50>,24,3,[ 2 10],36,160,163,124,141
1,<environment.Job instance at 0x1459cc0ec960>,25,2,[1 9],38,163,165,125,143
1,<environment.Job instance at 0x1459cc0ecc80>,26,2,[ 2 10],41,165,167,124,146
1,<environment.Job instance at 0x1459cc0ec050>,27,3,[5 2],42,159,162,117,147
1,<environment.Job instance at 0x1459cc0ec640>,28,15,[2 7],43,167,182,124,153
1,<environment.Job instance at 0x1459cc0ec6e0>,29,2,[ 2 10],44,182,184,138,162
1,<environment.Job instance at 0x1459cc0ecaf0>,30,2,[2 9],45,184,186,139,177
1,<environment.Job instance at 0x1459cc0ec9b0>,31,17,[ 2 10],46,186,203,140,177
1,<environment.Job instance at 0x1459cc0ecc30>,32,19,[ 1 10],48,203,222,155,193
1,<environment.Job instance at 0x1459cc0ec0a0>,33,2,[9 1],49,204,206,155,204
1,<environment.Job instance at 0x1459bf0c5b90>,13,3,[ 2 10],17,17,20,0,17
1,<environment.Job instance at 0x1459bf4fd820>,14,18,[8 1],18,18,36,0,18
1,<environment.Job instance at 0x1459bfc5b0a0>,15,16,[1 6],19,20,36,1,19
1,<environment.Job instance at 0x1459c11e0500>,16,17,[1 6],21,21,38,0,21
1,<environment.Job instance at 0x1459bfc5bdc0>,17,17,[7 1],22,36,53,14,24
1,<environment.Job instance at 0x1459bfc5b2d0>,18,1,[2 6],23,36,37,13,24
1,<environment.Job instance at 0x1459bfc31050>,19,16,[9 1],26,53,69,27,40
1,<environment.Job instance at 0x1459bf77f690>,20,15,[9 2],30,69,84,39,55
1,<environment.Job instance at 0x1459bf77fe60>,21,1,[9 1],31,84,85,53,56
1,<environment.Job instance at 0x1459bf79a5f0>,22,12,[1 5],32,56,68,24,56
1,<environment.Job instance at 0x1459bf79a870>,23,2,[6 2],33,68,70,35,56
1,<environment.Job instance at 0x1459bfc318c0>,24,1,[9 1],35,85,86,50,57
1,<environment.Job instance at 0x1459bf521be0>,25,2,[8 1],36,86,88,50,59
1,<environment.Job instance at 0x1459bf5214b0>,26,1,[ 1 10],37,70,71,33,59
1,<environment.Job instance at 0x1459bfc4ca50>,27,2,[1 5],39,59,61,20,59
1,<environment.Job instance at 0x1459bfc4ce10>,28,3,[1 5],40,61,64,21,59
1,<environment.Job instance at 0x1459bfc4caf0>,29,2,[10  2],41,88,90,47,61
1,<environment.Job instance at 0x1459bfc4c910>,30,3,[2 8],45,64,67,19,61
1,<environment.Job instance at 0x1459bfc7d5a0>,31,1,[2 6],46,67,68,21,61
1,<environment.Job instance at 0x1459bfc7d190>,32,2,[1 6],47,71,73,24,61
1,<environment.Job instance at 0x1459bfc7d0f0>,33,18,[7 2],49,90,108,41,79
1,<environment.Job instance at 0x145a15d47230>,12,2,[10  1],15,614,616,599,614
1,<environment.Job instance at 0x1459bf0776e0>,0,1,[2 8],2,2,3,0,2
1,<environment.Job instance at 0x1459bfd5e230>,8,2,[ 2 12],16,17,19,1,17
1,<environment.Job instance at 0x1459bfd5e2d0>,15,16,[1 7],24,24,40,0,24
1,<environment.Job instance at 0x1459bf3a90a0>,18,3,[1 5],29,36,39,7,36
1,<environment.Job instance at 0x1459bf3a9fa0>,19,21,[ 2 13],30,40,61,10,36
1,<environment.Job instance at 0x1459c1e5bf00>,20,1,[2 8],31,61,62,30,42
1,<environment.Job instance at 0x1459c1e5bdc0>,21,1,[7 1],32,44,45,12,44
1,<environment.Job instance at 0x1459c1e5b500>,22,18,[5 2],33,45,63,12,44
1,<environment.Job instance at 0x1459c1e5b690>,23,2,[8 2],35,61,63,26,44
1,<environment.Job instance at 0x1459c1e5b370>,24,3,[1 7],36,62,65,26,44
1,<environment.Job instance at 0x1459c1e5bd20>,25,18,[8 1],37,63,81,26,52
1,<environment.Job instance at 0x1459c3111a50>,26,1,[5 2],38,63,64,25,57
1,<environment.Job instance at 0x1459c31119b0>,27,1,[1 8],39,65,66,26,57
1,<environment.Job instance at 0x1459c31110f0>,28,3,[1 7],40,66,69,26,57
1,<environment.Job instance at 0x1459c31114b0>,29,2,[5 2],42,64,66,22,57
1,<environment.Job instance at 0x1459c3111140>,30,2,[1 7],44,66,68,22,57
1,<environment.Job instance at 0x1459c3111f00>,31,2,[5 2],45,68,70,23,57
1,<environment.Job instance at 0x1459c3111640>,32,1,[1 6],47,69,70,22,57
1,<environment.Job instance at 0x1459c31118c0>,33,12,[7 1],48,70,82,22,57
1,<environment.Job instance at 0x1459c3111870>,34,2,[10  1],49,82,84,33,57
1,<environment.Job instance at 0x1459bfd5eaa0>,13,2,[6 2],22,121,123,99,121
1,<environment.Job instance at 0x1459bef24e10>,12,21,[7 2],20,20,41,0,20
1,<environment.Job instance at 0x145a041675f0>,15,1,[6 1],23,23,24,0,23
1,<environment.Job instance at 0x1459beeb5050>,16,3,[5 1],24,24,27,0,24
1,<environment.Job instance at 0x1459c1cfcaf0>,19,20,[8 2],32,32,52,0,32
1,<environment.Job instance at 0x1459beeeb2d0>,20,2,[10  1],33,52,54,19,33
1,<environment.Job instance at 0x1459cc1795f0>,21,3,[1 9],34,41,44,7,34
1,<environment.Job instance at 0x1459cc0dd780>,22,3,[1 8],38,44,47,6,38
1,<environment.Job instance at 0x1459c1f33280>,23,2,[2 7],41,47,49,6,41
1,<environment.Job instance at 0x1459c1213c80>,24,2,[9 2],42,54,56,12,42
1,<environment.Job instance at 0x1459cd5ba7d0>,25,3,[5 2],43,43,46,0,43
1,<environment.Job instance at 0x1459cd5bae10>,26,16,[7 2],44,56,72,12,44
1,<environment.Job instance at 0x1459c0788190>,27,1,[ 2 10],45,49,50,4,45
1,<environment.Job instance at 0x1459c078baf0>,28,18,[5 2],47,47,65,0,47
1,<environment.Job instance at 0x1459c078b0a0>,29,1,[1 8],48,50,51,2,48
1,<environment.Job instance at 0x1459cd416b40>,6,1,[6 2],11,26,27,15,26
1,<environment.Job instance at 0x1459cd416af0>,8,15,[ 1 11],17,26,41,9,26
1,<environment.Job instance at 0x1459cd416500>,10,2,[1 9],21,41,43,20,26
1,<environment.Job instance at 0x1459cd416870>,11,2,[1 6],22,41,43,19,26
1,<environment.Job instance at 0x1459cd416910>,12,1,[1 9],23,43,44,20,26
1,<environment.Job instance at 0x1459cc181280>,13,3,[1 8],24,44,47,20,26
1,<environment.Job instance at 0x1459c303e9b0>,14,1,[9 2],25,27,28,2,26
1,<environment.Job instance at 0x1459cd416be0>,15,18,[ 1 10],26,47,65,21,36
1,<environment.Job instance at 0x1459c1dc20a0>,16,2,[1 6],28,43,45,15,36
1,<environment.Job instance at 0x1459cd416eb0>,17,3,[ 2 10],30,65,68,35,39
1,<environment.Job instance at 0x1459c3524f00>,18,1,[7 2],31,39,40,8,39
1,<environment.Job instance at 0x1459c1d59910>,19,3,[9 1],32,44,47,12,39
1,<environment.Job instance at 0x1459c11e0550>,20,16,[9 1],33,47,63,14,39
1,<environment.Job instance at 0x145a15c88280>,21,1,[6 2],35,39,40,4,39
1,<environment.Job instance at 0x1459c1c63d70>,22,3,[2 7],36,68,71,32,42
1,<environment.Job instance at 0x1459c11e0af0>,23,14,[7 2],37,63,77,26,49
1,<environment.Job instance at 0x1459c1c63820>,24,2,[ 1 10],39,71,73,32,49
1,<environment.Job instance at 0x1459befadeb0>,25,3,[10  2],40,77,80,37,51
1,<environment.Job instance at 0x1459c34c5be0>,26,2,[2 9],41,73,75,32,51
1,<environment.Job instance at 0x1459c11ed3c0>,27,3,[9 1],44,80,83,36,54
1,<environment.Job instance at 0x1459c11ed690>,28,18,[6 2],46,80,98,34,69
1,<environment.Job instance at 0x1459c11ed280>,29,16,[1 5],48,83,99,35,70
1,<environment.Job instance at 0x1459cd416e60>,9,2,[8 1],18,116,118,98,116
1,<environment.Job instance at 0x1459c20e4eb0>,5,2,[ 2 12],10,128,130,118,128
1,<environment.Job instance at 0x1459bf782e10>,29,2,[8 1],46,57,59,11,57
1,<environment.Job instance at 0x1459bf782870>,27,1,[2 6],43,74,75,31,74
1,<environment.Job instance at 0x1459bf546b40>,19,3,[10  2],27,27,30,0,27
1,<environment.Job instance at 0x1459c1ffc0a0>,20,3,[ 2 11],30,30,33,0,30
1,<environment.Job instance at 0x1459bfc1f820>,23,18,[8 2],33,33,51,0,33
1,<environment.Job instance at 0x1459c1f243c0>,24,3,[1 6],34,34,37,0,34
1,<environment.Job instance at 0x1459c32308c0>,25,16,[1 5],35,35,51,0,35
1,<environment.Job instance at 0x1459c1f248c0>,26,2,[ 1 10],36,51,53,15,36
1,<environment.Job instance at 0x1459ce16f0a0>,27,17,[2 9],37,53,70,16,41
1,<environment.Job instance at 0x1459ce16ffa0>,28,15,[7 2],38,51,66,13,41
1,<environment.Job instance at 0x1459ce16f9b0>,29,16,[2 8],39,70,86,31,57
1,<environment.Job instance at 0x1459ce16f780>,30,3,[6 1],40,57,60,17,57
1,<environment.Job instance at 0x1459cc10d0a0>,31,2,[1 8],41,86,88,45,59
1,<environment.Job instance at 0x1459c3179a50>,32,3,[2 8],42,88,91,46,62
1,<environment.Job instance at 0x1459bf498aa0>,17,2,[6 1],24,768,770,744,768
1,<environment.Job instance at 0x1459bf48ceb0>,17,1,[ 2 10],20,20,21,0,20
1,<environment.Job instance at 0x145a140513c0>,20,3,[2 8],27,27,30,0,27
1,<environment.Job instance at 0x145a140511e0>,21,3,[1 9],28,30,33,2,28
1,<environment.Job instance at 0x1459c078b2d0>,22,16,[10  1],29,29,45,0,29
1,<environment.Job instance at 0x1459c078bb90>,23,3,[2 9],30,33,36,3,30
1,<environment.Job instance at 0x1459c078bf00>,24,23,[1 6],31,36,59,5,31
1,<environment.Job instance at 0x1459bf1381e0>,26,3,[10  1],37,45,48,8,37
1,<environment.Job instance at 0x1459bf138d70>,27,3,[6 1],39,48,51,9,39
1,<environment.Job instance at 0x1459bf138550>,28,3,[8 1],40,48,51,8,40
1,<environment.Job instance at 0x1459bf1385a0>,29,2,[7 1],42,51,53,9,42
1,<environment.Job instance at 0x1459bf1387d0>,30,18,[2 6],44,51,69,7,44
1,<environment.Job instance at 0x1459bf1380f0>,31,1,[7 1],46,53,54,7,46
1,<environment.Job instance at 0x1459bf1386e0>,32,2,[5 1],47,51,53,4,47
1,<environment.Job instance at 0x1459bf2bdf00>,33,14,[2 5],48,59,73,11,48
1,<environment.Job instance at 0x1459c1d49fa0>,22,2,[6 2],41,41,43,0,41
1,<environment.Job instance at 0x1459c1d49870>,23,3,[9 1],42,42,45,0,42
1,<environment.Job instance at 0x1459c1d492d0>,24,14,[2 8],43,43,57,0,43
1,<environment.Job instance at 0x1459c1d497d0>,25,2,[5 2],44,45,47,1,44
1,<environment.Job instance at 0x1459c1d49a00>,26,27,[1 7],45,47,74,2,45
1,<environment.Job instance at 0x1459c1d49e10>,27,21,[1 8],46,57,78,11,50
1,<environment.Job instance at 0x1459c1d494b0>,17,1,[6 2],32,92,93,60,92
1,<environment.Job instance at 0x145a040c4320>,15,1,[8 1],29,31,32,2,31
1,<environment.Job instance at 0x1459cd559280>,18,2,[7 2],35,35,37,0,35
1,<environment.Job instance at 0x1459befc7370>,19,12,[7 1],36,36,48,0,36
1,<environment.Job instance at 0x1459cc034820>,21,3,[9 2],38,48,51,10,38
1,<environment.Job instance at 0x1459cc034960>,22,2,[7 1],41,41,43,0,41
1,<environment.Job instance at 0x1459befae410>,23,16,[ 1 10],42,42,58,0,42
1,<environment.Job instance at 0x1459befae870>,24,3,[2 5],44,51,54,7,44
1,<environment.Job instance at 0x1459befa3eb0>,25,1,[8 1],45,54,55,9,45
1,<environment.Job instance at 0x1459befa3b90>,26,28,[5 1],46,54,82,8,53
1,<environment.Job instance at 0x1459befa3c80>,27,13,[8 2],47,55,68,8,53
1,<environment.Job instance at 0x1459bf3dcf00>,28,18,[5 1],48,68,86,20,57
1,<environment.Job instance at 0x1459bf3dccd0>,29,15,[6 1],49,82,97,33,68
1,<environment.Job instance at 0x1459cd559690>,20,13,[13  2],37,97,110,60,97
1,<environment.Job instance at 0x145a0402b4b0>,13,1,[ 1 12],26,1565,1566,1539,1565
1,<environment.Job instance at 0x1459ce199780>,20,16,[1 6],31,71,87,40,71
1,<environment.Job instance at 0x1459bf774820>,33,1,[ 1 10],49,87,88,38,71
1,<environment.Job instance at 0x1459bed75c30>,24,25,[9 1],31,34,59,3,34
1,<environment.Job instance at 0x1459ce163690>,25,1,[10  2],33,59,60,26,34
1,<environment.Job instance at 0x1459ce1632d0>,26,21,[ 2 10],34,34,55,0,34
1,<environment.Job instance at 0x1459ce163230>,27,21,[2 5],35,55,76,20,47
1,<environment.Job instance at 0x1459ce163d20>,28,15,[5 2],36,60,75,24,47
1,<environment.Job instance at 0x1459c353a140>,29,3,[2 7],38,55,58,17,47
1,<environment.Job instance at 0x1459c353a370>,30,15,[7 2],39,60,75,21,47
1,<environment.Job instance at 0x1459c353aaa0>,31,15,[6 1],40,80,95,40,80
1,<environment.Job instance at 0x145a044db640>,15,2,[1 9],19,175,177,156,175
1,<environment.Job instance at 0x1459c1d9cf00>,16,2,[7 2],20,359,361,339,359
1,<environment.Job instance at 0x1459cc1112d0>,3,22,[8 1],5,5,27,0,5
1,<environment.Job instance at 0x145a041388c0>,12,15,[2 9],16,16,31,0,16
1,<environment.Job instance at 0x1459bee73690>,15,1,[ 1 14],20,31,32,11,20
1,<environment.Job instance at 0x1459bee73730>,16,16,[6 2],21,32,48,11,21
1,<environment.Job instance at 0x1459bee73050>,17,1,[6 1],22,27,28,5,22
1,<environment.Job instance at 0x1459be9e0820>,18,2,[9 1],24,28,30,4,24
1,<environment.Job instance at 0x1459c1c45870>,19,19,[1 5],26,32,51,6,26
1,<environment.Job instance at 0x1459bee73cd0>,20,1,[8 1],27,30,31,3,27
1,<environment.Job instance at 0x1459c3180960>,21,1,[5 1],29,30,31,1,29
1,<environment.Job instance at 0x1459bec09640>,22,2,[7 2],30,32,34,2,30
1,<environment.Job instance at 0x1459bf463190>,23,3,[ 2 14],32,51,54,19,32
1,<environment.Job instance at 0x1459c1c51d70>,26,2,[7 2],36,36,38,0,36
1,<environment.Job instance at 0x1459bf01b3c0>,27,1,[6 1],37,38,39,1,37
1,<environment.Job instance at 0x1459c1e903c0>,28,2,[6 1],39,39,41,0,39
1,<environment.Job instance at 0x1459c1e901e0>,29,17,[1 7],40,54,71,14,42
1,<environment.Job instance at 0x1459c1e90b40>,30,15,[10  2],44,54,69,10,44
1,<environment.Job instance at 0x1459c1e90280>,31,2,[7 2],45,45,47,0,45
1,<environment.Job instance at 0x1459c1e90dc0>,32,1,[1 5],47,47,48,0,47
1,<environment.Job instance at 0x1459c1e90780>,33,14,[5 2],49,69,83,20,54
1,<environment.Job instance at 0x145a04138780>,9,2,[2 9],12,79,81,67,79
1,<environment.Job instance at 0x1459c1f8e140>,10,2,[2 9],21,21,23,0,21
1,<environment.Job instance at 0x1459c1f8e410>,11,2,[8 2],22,22,24,0,22
1,<environment.Job instance at 0x1459c1f8e0a0>,12,15,[10  1],23,24,39,1,23
1,<environment.Job instance at 0x1459bf31a370>,13,28,[5 2],24,24,52,0,24
1,<environment.Job instance at 0x1459bf46caf0>,14,1,[8 2],25,39,40,14,25
1,<environment.Job instance at 0x1459bfd0a500>,15,2,[ 1 10],26,39,41,13,26
1,<environment.Job instance at 0x1459cd4bedc0>,16,3,[ 2 14],27,52,55,25,27
1,<environment.Job instance at 0x1459ce0e2fa0>,17,1,[5 1],28,40,41,12,28
1,<environment.Job instance at 0x1459c1f8ed20>,18,2,[2 6],29,41,43,12,29
1,<environment.Job instance at 0x1459bee75a50>,19,1,[8 1],30,41,42,11,30
1,<environment.Job instance at 0x1459c3187be0>,20,1,[7 2],32,42,43,10,32
1,<environment.Job instance at 0x1459bf456a00>,21,12,[6 2],33,55,67,22,38
1,<environment.Job instance at 0x145a0465b3c0>,22,3,[1 7],34,43,46,9,38
1,<environment.Job instance at 0x1459c316d230>,23,2,[6 2],36,43,45,7,38
1,<environment.Job instance at 0x1459beef7190>,24,3,[9 1],37,45,48,8,38
1,<environment.Job instance at 0x1459beef7550>,25,14,[7 1],38,48,62,10,38
1,<environment.Job instance at 0x1459c208cc30>,26,14,[ 2 10],39,55,69,16,40
1,<environment.Job instance at 0x1459ce0e1690>,27,14,[9 2],40,67,81,27,52
1,<environment.Job instance at 0x1459bf1dc5a0>,28,1,[1 9],41,69,70,28,52
1,<environment.Job instance at 0x1459bf1dc9b0>,29,16,[1 8],42,70,86,28,57
1,<environment.Job instance at 0x1459bf1dc460>,31,3,[5 2],44,62,65,18,57
1,<environment.Job instance at 0x1459bec363c0>,32,16,[7 1],45,81,97,36,68
1,<environment.Job instance at 0x1459c1f8ebe0>,7,2,[ 1 11],17,105,107,88,105
1,<environment.Job instance at 0x15062326a9b0>,24,12,[ 1 10],32,43,55,11,43
1,<environment.Job instance at 0x15062322b640>,25,2,[2 8],34,55,57,21,48
1,<environment.Job instance at 0x15062322b4b0>,26,1,[2 7],35,55,56,20,49
1,<environment.Job instance at 0x15062322baf0>,27,2,[2 7],36,56,58,20,50
1,<environment.Job instance at 0x15062322bbe0>,28,2,[2 7],37,57,59,20,50
1,<environment.Job instance at 0x15062322b780>,29,16,[10  2],39,58,74,19,50
1,<environment.Job instance at 0x15062322b7d0>,30,15,[2 9],40,59,74,19,50
1,<environment.Job instance at 0x15062322bb90>,31,3,[9 2],41,50,53,9,50
1,<environment.Job instance at 0x15062322bd70>,32,3,[2 9],42,74,77,32,50
1,<environment.Job instance at 0x15062322b370>,33,1,[2 7],43,77,78,34,50
1,<environment.Job instance at 0x150623284370>,34,15,[11  1],44,74,89,30,60
1,<environment.Job instance at 0x150623284460>,35,2,[1 8],45,78,80,33,60
1,<environment.Job instance at 0x15062322bcd0>,36,3,[10  2],48,89,92,41,63
1,<environment.Job instance at 0x150623219d70>,37,2,[ 1 10],50,80,82,30,63
1,<environment.Job instance at 0x15062321fc80>,38,1,[8 1],51,92,93,41,64
1,<environment.Job instance at 0x15062321f460>,39,3,[1 5],52,74,77,22,64
1,<environment.Job instance at 0x15062321f5a0>,40,3,[1 6],53,77,80,24,64
1,<environment.Job instance at 0x15062321f230>,41,25,[12  2],54,93,118,39,89
1,<environment.Job instance at 0x150623299eb0>,42,1,[10  1],56,118,119,62,90
1,<environment.Job instance at 0x15062321fcd0>,43,3,[7 2],57,119,122,62,93
1,<environment.Job instance at 0x1506232ce820>,44,3,[1 8],58,93,96,35,93
1,<environment.Job instance at 0x15062334baa0>,22,1,[2 7],30,120,121,90,120
1,<environment.Job instance at 0x15062326a730>,20,2,[ 1 13],27,122,124,95,122
1,<environment.Job instance at 0x15062326d690>,23,2,[8 1],31,141,143,110,141
1,<environment.Job instance at 0x15062334b690>,1,1,[1 6],3,3,4,0,3
1,<environment.Job instance at 0x1506252a0370>,9,16,[2 5],16,16,32,0,16
1,<environment.Job instance at 0x1506252a01e0>,10,1,[10  2],19,19,20,0,19
1,<environment.Job instance at 0x1506252a0f00>,11,22,[1 5],20,20,42,0,20
1,<environment.Job instance at 0x1506252a02d0>,12,15,[2 9],22,32,47,10,22
1,<environment.Job instance at 0x1506252a0140>,14,17,[8 1],26,26,43,0,26
1,<environment.Job instance at 0x1506252a04b0>,15,3,[1 5],27,42,45,15,27
1,<environment.Job instance at 0x150625318fa0>,16,3,[9 2],28,45,48,17,28
1,<environment.Job instance at 0x150625318dc0>,17,3,[10  1],29,48,51,19,29
1,<environment.Job instance at 0x1506253188c0>,18,12,[9 1],31,51,63,20,34
1,<environment.Job instance at 0x1506253180f0>,19,3,[2 9],32,47,50,15,34
1,<environment.Job instance at 0x150625318cd0>,20,3,[1 9],33,50,53,17,34
1,<environment.Job instance at 0x150625318d70>,21,1,[13  1],34,63,64,29,35
1,<environment.Job instance at 0x1506253186e0>,22,3,[1 9],35,53,56,18,35
1,<environment.Job instance at 0x1506253195a0>,23,1,[2 5],36,48,49,12,36
1,<environment.Job instance at 0x150625319870>,24,2,[ 2 10],37,56,58,19,37
1,<environment.Job instance at 0x150625319820>,25,3,[2 9],39,58,61,19,39
1,<environment.Job instance at 0x1506253193c0>,26,13,[7 2],42,64,77,22,48
1,<environment.Job instance at 0x1506253191e0>,27,2,[6 2],43,61,63,18,48
1,<environment.Job instance at 0x1506253190a0>,28,3,[6 2],46,64,67,18,48
1,<environment.Job instance at 0x150625319500>,29,1,[1 6],47,63,64,16,48
1,<environment.Job instance at 0x150625319370>,30,2,[2 5],48,49,51,1,48
1,<environment.Job instance at 0x150625319e60>,31,2,[ 1 10],49,64,66,15,49
1,<environment.Job instance at 0x1506253f0e60>,32,3,[2 9],50,66,69,16,50
1,<environment.Job instance at 0x1506253f0410>,33,3,[7 2],51,69,72,18,51
1,<environment.Job instance at 0x1506253f05f0>,34,14,[7 1],52,72,86,20,57
1,<environment.Job instance at 0x1506253f0e10>,35,3,[ 2 10],54,77,80,23,57
1,<environment.Job instance at 0x1506253b1460>,36,12,[2 8],55,80,92,25,63
1,<environment.Job instance at 0x1506253b10a0>,37,1,[10  1],57,86,87,29,63
1,<environment.Job instance at 0x1506253b1780>,38,2,[ 1 10],58,69,71,11,63
1,<environment.Job instance at 0x150625558280>,10,12,[9 2],14,24,36,10,24
1,<environment.Job instance at 0x1506255589b0>,11,15,[10  2],15,36,51,21,24
1,<environment.Job instance at 0x150625558460>,12,13,[ 1 10],16,24,37,8,24
1,<environment.Job instance at 0x150625558910>,13,16,[8 1],17,51,67,34,40
1,<environment.Job instance at 0x150625228f00>,14,17,[1 9],19,40,57,21,40
1,<environment.Job instance at 0x150625228190>,15,13,[2 9],20,57,70,37,41
1,<environment.Job instance at 0x150625228e60>,16,1,[2 8],21,70,71,49,46
1,<environment.Job instance at 0x150625228d20>,17,1,[ 2 10],22,71,72,49,46
1,<environment.Job instance at 0x150625228e10>,18,1,[ 2 14],23,72,73,49,46
1,<environment.Job instance at 0x150625228370>,19,1,[8 2],24,67,68,43,46
1,<environment.Job instance at 0x15062683df00>,20,15,[5 1],25,51,66,26,46
1,<environment.Job instance at 0x150625228c30>,21,18,[1 8],26,73,91,47,62
1,<environment.Job instance at 0x1506267c14b0>,22,2,[ 1 10],30,91,93,61,86
1,<environment.Job instance at 0x1506267c1f00>,23,3,[11  2],31,88,91,57,88
1,<environment.Job instance at 0x1506267c1960>,24,3,[ 2 10],32,93,96,61,88
1,<environment.Job instance at 0x1506267c1730>,25,3,[2 5],33,98,101,65,98
1,<environment.Job instance at 0x1506267c1280>,26,1,[8 1],34,98,99,64,98
1,<environment.Job instance at 0x1506267c1910>,27,3,[5 2],36,98,101,62,98
1,<environment.Job instance at 0x1506254a6fa0>,28,15,[9 2],37,101,116,64,98
1,<environment.Job instance at 0x1506267c10a0>,29,18,[2 6],38,99,117,61,99
1,<environment.Job instance at 0x1506254a64b0>,30,1,[1 6],39,112,113,73,112
1,<environment.Job instance at 0x1506254a61e0>,31,1,[1 7],40,446,447,406,446
1,<environment.Job instance at 0x150626777960>,32,3,[9 1],43,654,657,611,654
1,<environment.Job instance at 0x1506267778c0>,33,3,[12  1],44,657,660,613,654
1,<environment.Job instance at 0x1506267773c0>,34,1,[1 8],46,654,655,608,654
1,<environment.Job instance at 0x1506253430f0>,35,15,[1 6],47,678,693,631,678
1,<environment.Job instance at 0x150625343e60>,36,3,[7 2],48,689,692,641,689
1,<environment.Job instance at 0x150625343f00>,37,2,[1 8],49,2127,2129,2078,2127
1,<environment.Job instance at 0x150625601410>,17,15,[1 7],25,25,40,0,25
1,<environment.Job instance at 0x150625601820>,18,3,[ 2 10],27,40,43,13,27
1,<environment.Job instance at 0x150625601140>,19,14,[10  1],29,29,43,0,29
1,<environment.Job instance at 0x150625601280>,20,12,[7 1],30,43,55,13,30
1,<environment.Job instance at 0x150625601190>,21,2,[8 2],31,43,45,12,31
1,<environment.Job instance at 0x150625601910>,23,2,[2 5],33,33,35,0,33
1,<environment.Job instance at 0x1506256014b0>,24,3,[6 1],34,45,48,11,34
1,<environment.Job instance at 0x150625601b90>,25,2,[10  1],35,55,57,20,35
1,<environment.Job instance at 0x150623da7e10>,26,3,[ 2 10],37,45,48,8,37
1,<environment.Job instance at 0x150623da7f50>,27,18,[8 1],38,57,75,19,46
1,<environment.Job instance at 0x150623da7370>,28,16,[1 6],39,48,64,9,46
1,<environment.Job instance at 0x150623da7c80>,29,17,[1 6],41,48,65,7,46
1,<environment.Job instance at 0x150623da7fa0>,30,17,[7 1],42,65,82,23,53
1,<environment.Job instance at 0x150623da79b0>,31,1,[2 6],43,64,65,21,53
1,<environment.Job instance at 0x150623da7050>,32,16,[9 1],46,82,98,36,69
1,<environment.Job instance at 0x150623da7e60>,33,15,[9 2],50,98,113,48,84
1,<environment.Job instance at 0x150623da77d0>,34,1,[9 1],51,113,114,62,85
1,<environment.Job instance at 0x150623da7640>,35,12,[1 5],52,85,97,33,85
1,<environment.Job instance at 0x150623da7be0>,36,2,[6 2],53,97,99,44,85
1,<environment.Job instance at 0x1506252b0c30>,37,1,[9 1],55,114,115,59,86
1,<environment.Job instance at 0x1506252b07d0>,38,2,[8 1],56,115,117,59,88
1,<environment.Job instance at 0x1506252b0960>,39,1,[ 1 10],57,99,100,42,88
1,<environment.Job instance at 0x1506252b0fa0>,40,2,[1 5],59,88,90,29,88
1,<environment.Job instance at 0x1506255f1910>,17,13,[ 1 11],31,31,44,0,31
1,<environment.Job instance at 0x150625593d20>,18,2,[6 2],32,32,34,0,32
1,<environment.Job instance at 0x150625593140>,19,1,[1 5],33,44,45,11,33
1,<environment.Job instance at 0x150625407370>,20,16,[1 7],34,44,60,10,34
1,<environment.Job instance at 0x150623203230>,21,3,[ 2 10],35,60,63,25,39
1,<environment.Job instance at 0x150625407dc0>,22,3,[ 1 13],36,63,66,27,41
1,<environment.Job instance at 0x150626b07550>,23,3,[1 5],39,45,48,6,41
1,<environment.Job instance at 0x150626b079b0>,24,21,[ 2 13],40,66,87,26,58
1,<environment.Job instance at 0x150626b07af0>,25,1,[2 8],41,58,59,17,58
1,<environment.Job instance at 0x15062555d230>,26,1,[7 1],42,59,60,17,58
1,<environment.Job instance at 0x15067826b960>,27,18,[5 2],43,59,77,16,58
1,<environment.Job instance at 0x15067826b9b0>,28,2,[8 2],45,60,62,15,58
1,<environment.Job instance at 0x15067826b050>,29,3,[1 7],46,87,90,41,61
1,<environment.Job instance at 0x15067826b870>,30,18,[8 1],47,77,95,30,68
1,<environment.Job instance at 0x15067826b1e0>,31,1,[5 2],48,87,88,39,68
1,<environment.Job instance at 0x15067826b7d0>,32,1,[1 8],49,90,91,41,68
1,<environment.Job instance at 0x15067826b6e0>,33,3,[1 7],50,91,94,41,68
1,<environment.Job instance at 0x15067826b2d0>,34,2,[5 2],52,88,90,36,68
1,<environment.Job instance at 0x15067826beb0>,35,2,[1 7],54,91,93,37,68
1,<environment.Job instance at 0x15067826b0f0>,36,2,[5 2],55,93,95,38,68
1,<environment.Job instance at 0x150623daf7d0>,37,1,[1 6],57,90,91,33,68
1,<environment.Job instance at 0x15067826ba00>,38,12,[7 1],58,95,107,37,78
1,<environment.Job instance at 0x150623246050>,39,2,[10  1],59,107,109,48,80
1,<environment.Job instance at 0x150626ac3c30>,14,14,[6 1],27,109,123,82,108
1,<environment.Job instance at 0x15062262ff00>,12,21,[7 2],20,20,41,0,20
1,<environment.Job instance at 0x15062262f4b0>,18,12,[7 1],31,31,43,0,31
1,<environment.Job instance at 0x15062262f0a0>,19,20,[8 2],32,41,61,9,32
1,<environment.Job instance at 0x15062262fcd0>,20,2,[10  1],33,61,63,28,34
1,<environment.Job instance at 0x15062262f550>,21,3,[1 9],34,34,37,0,34
1,<environment.Job instance at 0x15062262f460>,22,3,[1 8],38,38,41,0,38
1,<environment.Job instance at 0x15062262f7d0>,23,2,[2 7],41,43,45,2,41
1,<environment.Job instance at 0x1506253e4c80>,24,2,[9 2],42,63,65,21,42
1,<environment.Job instance at 0x1506253e4e60>,25,3,[5 2],43,43,46,0,43
1,<environment.Job instance at 0x150625600fa0>,26,16,[7 2],44,65,81,21,52
1,<environment.Job instance at 0x150625600c30>,27,1,[ 2 10],45,52,53,7,52
1,<environment.Job instance at 0x150625600870>,28,18,[5 2],47,52,70,5,52
1,<environment.Job instance at 0x150625600960>,29,1,[1 8],48,53,54,5,52
1,<environment.Job instance at 0x150625600f50>,30,13,[1 7],50,63,76,13,52
1,<environment.Job instance at 0x1506227e0640>,31,12,[2 9],53,76,88,23,59
1,<environment.Job instance at 0x1506227e0410>,32,3,[5 2],54,70,73,16,59
1,<environment.Job instance at 0x1506227e0c80>,33,2,[ 2 10],55,59,61,4,59
1,<environment.Job instance at 0x1506227e08c0>,34,15,[8 2],56,81,96,25,67
1,<environment.Job instance at 0x1506227e0780>,35,17,[10  1],58,96,113,38,84
1,<environment.Job instance at 0x15062262f730>,16,3,[5 1],24,142,145,118,142
1,<environment.Job instance at 0x1506501216e0>,6,1,[1 9],13,13,14,0,13
1,<environment.Job instance at 0x150650121a00>,7,3,[1 8],14,14,17,0,14
1,<environment.Job instance at 0x150650121780>,8,1,[9 2],15,20,21,5,20
1,<environment.Job instance at 0x150650121190>,9,18,[ 1 10],16,20,38,4,20
1,<environment.Job instance at 0x150650121460>,10,2,[1 6],18,38,40,20,20
1,<environment.Job instance at 0x1506252b05f0>,11,3,[ 2 10],20,40,43,20,22
1,<environment.Job instance at 0x150650121230>,12,1,[7 2],21,24,25,3,24
1,<environment.Job instance at 0x150653a5bf50>,13,3,[9 1],22,25,28,3,24
1,<environment.Job instance at 0x150650b570f0>,14,16,[9 1],23,28,44,5,24
1,<environment.Job instance at 0x150650190500>,15,1,[6 2],25,43,44,18,25
1,<environment.Job instance at 0x1506256ebaa0>,16,3,[2 7],26,44,47,18,26
1,<environment.Job instance at 0x15065144cfa0>,17,14,[7 2],27,44,58,17,29
1,<environment.Job instance at 0x15065144c410>,18,2,[ 1 10],29,47,49,18,29
1,<environment.Job instance at 0x15062536cdc0>,19,3,[10  2],30,58,61,28,32
1,<environment.Job instance at 0x15062536ceb0>,20,2,[2 9],31,49,51,18,32
1,<environment.Job instance at 0x15062536c870>,21,3,[9 1],34,61,64,27,35
1,<environment.Job instance at 0x1506257090f0>,22,18,[6 2],36,61,79,25,50
1,<environment.Job instance at 0x150625709460>,23,16,[1 5],38,64,80,26,51
1,<environment.Job instance at 0x1506517dc780>,24,3,[5 1],40,58,61,18,58
1,<environment.Job instance at 0x1506517dc550>,25,14,[1 6],42,64,78,22,58
1,<environment.Job instance at 0x1506517dc9b0>,26,2,[5 1],43,64,66,21,60
1,<environment.Job instance at 0x1506517dcd20>,27,1,[2 7],44,78,79,34,60
1,<environment.Job instance at 0x1506517dc6e0>,28,2,[10  2],45,79,81,34,60
1,<environment.Job instance at 0x1506517dce60>,29,2,[6 1],46,66,68,20,60
1,<environment.Job instance at 0x1506517dca50>,30,3,[9 2],48,81,84,33,60
1,<environment.Job instance at 0x1506517dc410>,31,3,[6 2],51,68,71,17,60
1,<environment.Job instance at 0x1506517dc5f0>,32,2,[5 2],52,71,73,19,60
1,<environment.Job instance at 0x1506517dc500>,33,3,[1 7],53,79,82,26,60
1,<environment.Job instance at 0x1506517dcbe0>,34,2,[9 2],55,84,86,29,60
1,<environment.Job instance at 0x1506517dc0a0>,35,1,[7 2],56,73,74,17,60
1,<environment.Job instance at 0x1506517dc8c0>,36,3,[1 7],58,82,85,24,60
1,<environment.Job instance at 0x1506517dc370>,37,14,[1 6],59,80,94,21,65
1,<environment.Job instance at 0x150626795b90>,4,2,[1 9],11,383,385,372,383
1,<environment.Job instance at 0x1506782bf230>,12,13,[ 2 10],22,22,35,0,22
1,<environment.Job instance at 0x1506500c0870>,13,1,[2 6],23,35,36,12,23
1,<environment.Job instance at 0x15065014d3c0>,14,2,[1 5],25,25,27,0,25
1,<environment.Job instance at 0x150650b10f50>,15,2,[8 1],26,27,29,1,26
1,<environment.Job instance at 0x1506226f03c0>,16,3,[2 9],27,35,38,8,27
1,<environment.Job instance at 0x1506500d4c30>,17,1,[5 1],29,29,30,0,29
1,<environment.Job instance at 0x1506267ff5a0>,18,3,[1 5],30,30,33,0,30
1,<environment.Job instance at 0x150622a884b0>,19,2,[1 9],31,38,40,7,31
1,<environment.Job instance at 0x150625360870>,20,3,[2 8],32,40,43,8,32
1,<environment.Job instance at 0x1506266fde60>,21,1,[1 8],35,43,44,8,35
1,<environment.Job instance at 0x15062289b460>,22,16,[2 6],36,36,52,0,36
1,<environment.Job instance at 0x15062289b140>,23,3,[1 6],37,44,47,7,37
1,<environment.Job instance at 0x15062289b6e0>,24,2,[8 2],38,44,46,6,38
1,<environment.Job instance at 0x150625223280>,25,14,[9 1],40,46,60,6,40
1,<environment.Job instance at 0x1506252236e0>,26,3,[10  1],41,41,44,0,41
1,<environment.Job instance at 0x150625223460>,27,2,[1 7],42,47,49,5,42
1,<environment.Job instance at 0x1506252230f0>,28,15,[1 5],43,49,64,6,43
1,<environment.Job instance at 0x1506252238c0>,29,3,[1 9],44,52,55,8,44
1,<environment.Job instance at 0x150625223370>,30,2,[1 8],46,55,57,9,46
1,<environment.Job instance at 0x150625223eb0>,31,2,[1 5],48,57,59,9,48
1,<environment.Job instance at 0x1506500a8910>,32,15,[10  1],49,60,75,11,49
1,<environment.Job instance at 0x1506500a82d0>,33,1,[2 8],50,59,60,9,50
1,<environment.Job instance at 0x1506500a8be0>,34,1,[8 2],51,75,76,24,51
1,<environment.Job instance at 0x15062525c6e0>,35,14,[14  1],52,76,90,24,61
1,<environment.Job instance at 0x15062525c870>,36,2,[6 1],54,90,92,36,63
1,<environment.Job instance at 0x15062525c780>,37,3,[10  1],56,92,95,36,66
1,<environment.Job instance at 0x15062525cbe0>,38,3,[10  2],57,95,98,38,69
1,<environment.Job instance at 0x1506500c09b0>,9,27,[1 7],15,98,125,83,98
1,<environment.Job instance at 0x1506228025a0>,20,2,[2 7],26,26,28,0,26
1,<environment.Job instance at 0x1506228021e0>,21,1,[5 2],27,27,28,0,27
1,<environment.Job instance at 0x1506255d1fa0>,22,1,[2 5],28,28,29,0,28
1,<environment.Job instance at 0x150622169230>,23,2,[ 1 10],30,30,32,0,30
1,<environment.Job instance at 0x15062278e640>,24,3,[2 5],31,31,34,0,31
1,<environment.Job instance at 0x1506533a6640>,25,12,[6 1],32,32,44,0,32
1,<environment.Job instance at 0x150626aa7fa0>,26,2,[5 2],33,33,35,0,33
1,<environment.Job instance at 0x150626aa7b90>,27,1,[7 1],36,36,37,0,36
1,<environment.Job instance at 0x150626aa7050>,28,2,[7 1],37,37,39,0,37
1,<environment.Job instance at 0x150650191320>,29,1,[7 2],38,39,40,1,38
1,<environment.Job instance at 0x15062567c230>,30,3,[10  2],39,44,47,5,39
1,<environment.Job instance at 0x15062567c370>,31,2,[5 2],40,40,42,0,40
1,<environment.Job instance at 0x15062567caa0>,32,15,[1 8],42,42,57,0,42
1,<environment.Job instance at 0x150623310550>,36,17,[9 2],48,48,65,0,48
1,<environment.Job instance at 0x1506267be690>,37,1,[6 2],49,57,58,8,49
1,<environment.Job instance at 0x15062567c6e0>,38,2,[1 5],50,50,52,0,50
1,<environment.Job instance at 0x15065339e190>,39,1,[1 7],51,58,59,7,51
1,<environment.Job instance at 0x15065339e6e0>,40,3,[2 7],52,59,62,7,52
1,<environment.Job instance at 0x15065339ea50>,41,2,[1 5],53,53,55,0,53
1,<environment.Job instance at 0x150653e740f0>,8,12,[9 2],10,10,22,0,10
1,<environment.Job instance at 0x150653e74b40>,9,2,[2 6],11,11,13,0,11
1,<environment.Job instance at 0x150653e74be0>,10,3,[9 2],12,22,25,10,12
1,<environment.Job instance at 0x150653e741e0>,11,2,[10  2],13,25,27,12,13
1,<environment.Job instance at 0x150653e748c0>,12,16,[10  2],14,27,43,13,14
1,<environment.Job instance at 0x150653e74370>,13,16,[ 2 10],15,15,31,0,15
1,<environment.Job instance at 0x150653e74f50>,14,2,[1 6],17,31,33,14,17
1,<environment.Job instance at 0x150626750f00>,15,15,[2 6],19,31,46,12,19
1,<environment.Job instance at 0x150622419d70>,16,2,[7 2],20,43,45,23,20
1,<environment.Job instance at 0x15065177e460>,17,13,[5 1],21,43,56,22,27
1,<environment.Job instance at 0x15065177ea50>,18,2,[1 8],22,45,47,23,27
1,<environment.Job instance at 0x15065177ea00>,19,14,[6 1],23,46,60,23,31
1,<environment.Job instance at 0x1506222e2730>,20,1,[2 5],24,33,34,9,31
1,<environment.Job instance at 0x1506222e2870>,21,14,[2 8],25,47,61,22,32
1,<environment.Job instance at 0x150622487500>,22,2,[7 1],26,56,58,30,32
1,<environment.Job instance at 0x150625588730>,23,3,[7 1],27,58,61,31,32
1,<environment.Job instance at 0x1506222e28c0>,24,13,[10  1],28,61,74,33,45
1,<environment.Job instance at 0x150622730c80>,25,25,[12  1],29,74,99,45,70
1,<environment.Job instance at 0x150650031780>,26,1,[ 2 10],30,70,71,40,70
1,<environment.Job instance at 0x1506516a1c80>,27,2,[10  2],32,99,101,67,72
1,<environment.Job instance at 0x15062215a780>,28,3,[7 1],36,101,104,65,75
1,<environment.Job instance at 0x15065004b460>,29,3,[2 8],37,75,78,38,75
1,<environment.Job instance at 0x1506267a27d0>,30,3,[1 9],38,78,81,40,75
1,<environment.Job instance at 0x15065004bb90>,31,16,[10  1],39,104,120,65,91
1,<environment.Job instance at 0x15062217bd20>,32,3,[2 9],40,91,94,51,91
1,<environment.Job instance at 0x15062217b140>,33,23,[1 6],41,94,117,53,91
1,<environment.Job instance at 0x15062217b7d0>,34,12,[7 1],44,120,132,76,111
1,<environment.Job instance at 0x150653e74870>,6,1,[10  1],8,158,159,150,158
1,<environment.Job instance at 0x150650aefaf0>,10,26,[2 8],18,21,47,3,21
1,<environment.Job instance at 0x1506225dd190>,19,3,[5 1],38,42,45,4,42
1,<environment.Job instance at 0x150625437910>,20,1,[2 8],39,47,48,8,42
1,<environment.Job instance at 0x1506539f63c0>,21,2,[7 2],40,42,44,2,42
1,<environment.Job instance at 0x150622b30550>,22,2,[6 2],41,44,46,3,43
1,<environment.Job instance at 0x150625437be0>,23,3,[9 1],42,46,49,4,43
1,<environment.Job instance at 0x150625437460>,24,14,[2 8],43,48,62,5,43
1,<environment.Job instance at 0x1506231d6e10>,25,2,[5 2],44,49,51,5,44
1,<environment.Job instance at 0x150622928730>,17,1,[6 2],32,67,68,35,67
1,<environment.Job instance at 0x1506501215f0>,30,2,[ 1 10],50,67,69,17,67
1,<environment.Job instance at 0x1506231bb280>,31,3,[9 2],52,68,71,16,67
1,<environment.Job instance at 0x150650121690>,32,2,[5 1],53,67,69,14,67
1,<environment.Job instance at 0x1506231bb640>,27,21,[1 8],46,69,90,23,67
1,<environment.Job instance at 0x150650b9bc80>,34,3,[9 2],55,71,74,16,67
1,<environment.Job instance at 0x150650b9baf0>,35,2,[2 9],57,90,92,33,67
1,<environment.Job instance at 0x150653a05500>,11,2,[ 1 10],20,92,94,72,92
1,<environment.Job instance at 0x1506247dd0a0>,6,15,[2 7],10,10,25,0,10
1,<environment.Job instance at 0x1506247ddaf0>,7,2,[8 2],15,15,17,0,15
1,<environment.Job instance at 0x1506247dd730>,8,1,[ 1 12],16,25,26,9,16
1,<environment.Job instance at 0x1506247dd4b0>,9,3,[6 2],17,17,20,0,17
1,<environment.Job instance at 0x1506247dd460>,10,1,[8 1],19,20,21,1,19
1,<environment.Job instance at 0x1506247ddcd0>,11,3,[1 9],21,26,29,5,21
1,<environment.Job instance at 0x1506247ddfa0>,12,1,[2 9],24,29,30,5,24
1,<environment.Job instance at 0x1506247dd320>,13,2,[7 2],25,25,27,0,25
1,<environment.Job instance at 0x1506247ddc80>,14,12,[7 1],26,26,38,0,26
1,<environment.Job instance at 0x1506247dd140>,15,13,[13  2],27,38,51,11,27
1,<environment.Job instance at 0x1506247dd3c0>,16,3,[9 2],28,51,54,23,28
1,<environment.Job instance at 0x150625363730>,17,2,[7 1],31,31,33,0,31
1,<environment.Job instance at 0x150625363be0>,18,16,[ 1 10],32,32,48,0,32
1,<environment.Job instance at 0x150625363050>,19,3,[2 5],34,48,51,14,34
1,<environment.Job instance at 0x150650a69550>,20,1,[8 1],35,54,55,19,35
1,<environment.Job instance at 0x150650a69cd0>,21,28,[5 1],36,51,79,15,50
1,<environment.Job instance at 0x150650a69eb0>,22,13,[8 2],37,55,68,18,50
1,<environment.Job instance at 0x150650a69820>,23,18,[5 1],38,68,86,30,57
1,<environment.Job instance at 0x150650a69fa0>,24,15,[6 1],39,79,94,40,65
1,<environment.Job instance at 0x150622b0b500>,25,3,[6 2],40,86,89,46,65
1,<environment.Job instance at 0x150622b0b550>,26,1,[6 2],41,89,90,48,65
1,<environment.Job instance at 0x150626600730>,27,17,[9 2],43,90,107,47,78
1,<environment.Job instance at 0x1506220b7c80>,28,1,[7 1],44,107,108,63,79
1,<environment.Job instance at 0x1506220b79b0>,29,12,[2 8],45,94,106,49,79
1,<environment.Job instance at 0x1506220b73c0>,30,3,[ 1 10],46,79,82,33,79
1,<environment.Job instance at 0x1506220b7cd0>,31,3,[1 5],47,82,85,35,79
1,<environment.Job instance at 0x1506220b7140>,32,3,[2 7],48,82,85,34,79
1,<environment.Job instance at 0x1506220b7a00>,33,13,[2 5],49,94,107,45,79
1,<environment.Job instance at 0x1506223bf230>,34,2,[2 8],50,85,87,35,79
1,<environment.Job instance at 0x150625512910>,35,2,[5 1],51,107,109,56,80
1,<environment.Job instance at 0x150625512a00>,36,1,[6 2],56,108,109,52,80
1,<environment.Job instance at 0x150625512410>,37,1,[1 9],57,87,88,30,80
1,<environment.Job instance at 0x1506255126e0>,38,3,[7 1],58,109,112,51,83
1,<environment.Job instance at 0x1506255127d0>,39,3,[7 2],59,109,112,50,83
1,<environment.Job instance at 0x1506247ddf50>,4,1,[10  2],8,121,122,113,121
1,<environment.Job instance at 0x1506252d6550>,12,16,[1 9],19,19,35,0,19
1,<environment.Job instance at 0x1506252d6230>,13,3,[1 5],20,20,23,0,20
1,<environment.Job instance at 0x1506252d6b90>,14,12,[2 9],22,35,47,13,22
1,<environment.Job instance at 0x1506252d6f00>,15,3,[9 2],23,23,26,0,23
1,<environment.Job instance at 0x1506252d65f0>,16,13,[1 9],24,47,60,23,31
1,<environment.Job instance at 0x1506252d6730>,17,2,[1 8],25,60,62,35,42
1,<environment.Job instance at 0x1506252d67d0>,22,3,[6 2],32,42,45,10,42
1,<environment.Job instance at 0x1506252d6fa0>,23,2,[6 2],33,42,44,9,42
1,<environment.Job instance at 0x150622828d70>,24,17,[5 2],34,44,61,10,42
1,<environment.Job instance at 0x150622828eb0>,25,1,[6 1],36,45,46,9,42
1,<environment.Job instance at 0x1506228283c0>,26,12,[ 1 10],37,62,74,25,45
1,<environment.Job instance at 0x150622828c80>,27,3,[2 7],39,74,77,35,48
1,<environment.Job instance at 0x150622828230>,28,1,[1 6],40,61,62,21,48
1,<environment.Job instance at 0x150622828a50>,29,3,[8 2],41,48,51,7,48
1,<environment.Job instance at 0x1506228284b0>,30,1,[1 7],42,74,75,32,48
1,<environment.Job instance at 0x150622828640>,31,1,[6 2],43,51,52,8,48
1,<environment.Job instance at 0x150622828550>,32,2,[2 7],44,75,77,31,48
1,<environment.Job instance at 0x150622828820>,33,16,[ 2 10],45,77,93,32,64
1,<environment.Job instance at 0x1506252a6140>,35,14,[8 2],47,77,91,30,64
1,<environment.Job instance at 0x1506252a6320>,36,2,[1 9],49,93,95,44,66
1,<environment.Job instance at 0x1506252a6550>,37,2,[7 2],50,66,68,16,66
1,<environment.Job instance at 0x1506252a6fa0>,38,3,[5 2],52,66,69,14,66
1,<environment.Job instance at 0x1506252a6820>,39,13,[2 8],53,95,108,42,79
1,<environment.Job instance at 0x1506252d6d70>,11,2,[7 2],18,290,292,272,290
1,<environment.Job instance at 0x150625640280>,3,21,[2 5],5,5,26,0,5
1,<environment.Job instance at 0x1506256407d0>,8,2,[2 9],11,11,13,0,11
1,<environment.Job instance at 0x150622a84320>,9,2,[1 5],12,13,15,1,12
1,<environment.Job instance at 0x150622a84fa0>,10,16,[1 8],13,15,31,2,13
1,<environment.Job instance at 0x150622a84820>,11,14,[2 6],15,26,40,11,15
1,<environment.Job instance at 0x150625651370>,12,1,[9 1],16,16,17,0,16
1,<environment.Job instance at 0x150625651780>,13,17,[2 5],17,31,48,14,19
1,<environment.Job instance at 0x150625651500>,14,2,[10  2],18,19,21,1,19
1,<environment.Job instance at 0x150651747910>,15,15,[9 2],20,31,46,11,20
1,<environment.Job instance at 0x1506227d7d20>,16,2,[5 2],21,21,23,0,21
1,<environment.Job instance at 0x1506226a3be0>,17,2,[5 1],22,23,25,1,22
1,<environment.Job instance at 0x150625651690>,18,1,[1 7],23,40,41,17,23
1,<environment.Job instance at 0x1506256515a0>,19,17,[9 1],26,46,63,20,34
1,<environment.Job instance at 0x150651773be0>,26,2,[7 2],35,63,65,28,36
1,<environment.Job instance at 0x150651773730>,27,2,[9 2],36,65,67,29,38
1,<environment.Job instance at 0x150651773c80>,28,3,[5 1],37,48,51,11,38
1,<environment.Job instance at 0x150651773870>,29,2,[ 1 10],38,48,50,10,38
1,<environment.Job instance at 0x150651773f00>,30,13,[2 6],39,51,64,12,39
1,<environment.Job instance at 0x1506232ade10>,31,17,[12  1],40,67,84,27,55
1,<environment.Job instance at 0x150651777460>,32,1,[8 2],43,64,65,21,55
1,<environment.Job instance at 0x150651777960>,33,17,[7 1],44,84,101,40,72
1,<environment.Job instance at 0x150651777fa0>,34,17,[2 7],45,72,89,27,72
1,<environment.Job instance at 0x1506517777d0>,35,13,[2 8],46,89,102,43,73
1,<environment.Job instance at 0x150651777050>,36,16,[6 1],47,84,100,37,73
1,<environment.Job instance at 0x150651777f50>,37,1,[8 2],48,101,102,53,73
1,<environment.Job instance at 0x150651777d70>,38,1,[5 2],49,100,101,51,73
1,<environment.Job instance at 0x150651777aa0>,39,1,[7 1],50,102,103,52,74
1,<environment.Job instance at 0x150651777a00>,40,1,[1 8],51,102,103,51,74
1,<environment.Job instance at 0x150651777f00>,41,2,[6 2],52,102,104,50,75
1,<environment.Job instance at 0x1506232ab5a0>,42,13,[2 9],53,103,116,50,87
1,<environment.Job instance at 0x1506232ab5f0>,43,1,[6 2],55,103,104,48,87
1,<environment.Job instance at 0x15062687da50>,44,3,[8 2],56,104,107,48,87
1,<environment.Job instance at 0x15062687db90>,45,2,[ 1 10],58,116,118,58,89
1,<environment.Job instance at 0x1506227efb40>,46,13,[10  1],59,107,120,48,91
1,<environment.Job instance at 0x150622424dc0>,5,3,[2 7],8,135,138,127,135
1,<environment.Job instance at 0x1506256400a0>,6,15,[7 2],9,1250,1265,1241,1250
1,<environment.Job instance at 0x150622335af0>,8,3,[5 2],9,9,12,0,9
1,<environment.Job instance at 0x150622335820>,9,2,[8 2],10,10,12,0,10
1,<environment.Job instance at 0x150622335320>,10,3,[2 8],11,11,14,0,11
1,<environment.Job instance at 0x1506223353c0>,6,1,[5 1],7,12,13,5,12
1,<environment.Job instance at 0x150622335dc0>,11,2,[2 5],12,13,15,1,13
1,<environment.Job instance at 0x150622335690>,13,22,[8 1],15,15,37,0,15
1,<environment.Job instance at 0x150622335f50>,14,15,[ 2 10],16,16,31,0,16
1,<environment.Job instance at 0x150622335640>,15,3,[10  2],17,37,40,20,17
1,<environment.Job instance at 0x1506223355f0>,16,3,[2 5],19,31,34,12,19
1,<environment.Job instance at 0x1506223350a0>,17,17,[1 7],20,31,48,11,20
1,<environment.Job instance at 0x150651447af0>,18,3,[7 2],21,40,43,19,21
1,<environment.Job instance at 0x150651447a50>,19,2,[2 9],22,48,50,26,22
1,<environment.Job instance at 0x150651447f00>,20,2,[2 7],23,34,36,11,23
1,<environment.Job instance at 0x150651447190>,21,18,[6 1],25,40,58,15,29
1,<environment.Job instance at 0x150651447640>,22,15,[2 9],26,50,65,24,36
1,<environment.Job instance at 0x150651447b40>,23,2,[10  1],27,58,60,31,36
1,<environment.Job instance at 0x150651447cd0>,24,22,[2 6],29,60,82,31,53
1,<environment.Job instance at 0x150651447410>,25,1,[ 1 14],30,82,83,52,54
1,<environment.Job instance at 0x150651447d70>,26,16,[6 2],31,65,81,34,54
1,<environment.Job instance at 0x150651447c30>,27,1,[6 1],32,54,55,22,54
1,<environment.Job instance at 0x150651447550>,28,2,[9 1],34,81,83,47,54
1,<environment.Job instance at 0x150651447870>,29,19,[1 5],36,83,102,47,73
1,<environment.Job instance at 0x150651447e60>,30,1,[8 1],37,83,84,46,73
1,<environment.Job instance at 0x1506514475f0>,31,1,[5 1],39,73,74,34,73
1,<environment.Job instance at 0x150626ac1370>,32,2,[7 2],40,74,76,34,73
1,<environment.Job instance at 0x150626ac1e60>,33,3,[ 2 14],42,102,105,60,76
1,<environment.Job instance at 0x150626ac1410>,34,3,[1 8],43,83,86,40,76
1,<environment.Job instance at 0x150626ac1960>,35,1,[ 2 10],44,86,87,42,76
1,<environment.Job instance at 0x150626ac1140>,36,2,[7 2],46,76,78,30,76
1,<environment.Job instance at 0x150626ac1640>,37,1,[6 1],47,78,79,31,76
1,<environment.Job instance at 0x150626ac1820>,38,2,[6 1],49,79,81,30,76
1,<environment.Job instance at 0x150626ac1730>,39,17,[1 7],50,105,122,55,93
1,<environment.Job instance at 0x150626ac15a0>,40,15,[10  2],54,105,120,51,93
1,<environment.Job instance at 0x150626ac1460>,41,2,[7 2],55,93,95,38,93
1,<environment.Job instance at 0x150626ac1fa0>,42,1,[1 5],57,93,94,36,93
1,<environment.Job instance at 0x150626ac1af0>,43,14,[5 2],59,120,134,61,105
1,<environment.Job instance at 0x15062687b9b0>,5,3,[2 7],6,791,794,785,791
1,<environment.Job instance at 0x150626734f00>,7,2,[8 2],12,12,14,0,12
1,<environment.Job instance at 0x150626734eb0>,5,1,[1 8],10,13,14,3,13
1,<environment.Job instance at 0x150650b13dc0>,9,28,[5 2],14,14,42,0,14
1,<environment.Job instance at 0x150626734a00>,8,15,[10  1],13,14,29,1,14
1,<environment.Job instance at 0x150650b130a0>,11,2,[ 1 10],16,29,31,13,16
1,<environment.Job instance at 0x150650b13e10>,12,3,[ 2 14],17,42,45,25,17
1,<environment.Job instance at 0x150650b13d20>,13,1,[5 1],18,29,30,11,18
1,<environment.Job instance at 0x150650b13af0>,14,2,[2 6],19,31,33,12,19
1,<environment.Job instance at 0x150650b13780>,15,1,[8 1],20,30,31,10,20
1,<environment.Job instance at 0x150650b08640>,16,1,[7 2],22,31,32,9,22
1,<environment.Job instance at 0x150650b10190>,17,12,[6 2],23,45,57,22,28
1,<environment.Job instance at 0x150650b10230>,18,3,[1 7],24,32,35,8,28
1,<environment.Job instance at 0x150650b100f0>,19,2,[6 2],26,33,35,7,28
1,<environment.Job instance at 0x150650b102d0>,20,3,[9 1],27,35,38,8,28
1,<environment.Job instance at 0x150650b10370>,21,14,[7 1],28,38,52,10,28
1,<environment.Job instance at 0x15062679a640>,22,14,[ 2 10],29,45,59,16,30
1,<environment.Job instance at 0x15065013caa0>,23,14,[9 2],30,57,71,27,42
1,<environment.Job instance at 0x150650b17af0>,24,1,[1 9],31,59,60,28,42
1,<environment.Job instance at 0x15062666baf0>,25,16,[1 8],32,60,76,28,47
1,<environment.Job instance at 0x150650b17d20>,26,1,[6 1],33,52,53,19,47
1,<environment.Job instance at 0x15062286a4b0>,27,3,[5 2],34,53,56,19,48
1,<environment.Job instance at 0x1506500f0370>,28,16,[7 1],35,71,87,36,58
1,<environment.Job instance at 0x150651850730>,29,2,[8 2],36,76,78,40,58
1,<environment.Job instance at 0x150651850370>,30,1,[9 2],37,87,88,50,59
1,<environment.Job instance at 0x1506530fca00>,31,2,[1 7],38,78,80,40,59
1,<environment.Job instance at 0x150623daf690>,32,26,[1 6],41,78,104,37,75
1,<environment.Job instance at 0x150623daf820>,33,16,[2 9],42,88,104,46,75
1,<environment.Job instance at 0x150650af2f00>,34,23,[2 6],44,104,127,60,98
1,<environment.Job instance at 0x1506256d50a0>,35,23,[9 1],46,104,127,58,98
1,<environment.Job instance at 0x1506256d51e0>,36,14,[ 1 10],47,127,141,80,112
1,<environment.Job instance at 0x1506256d5c80>,37,1,[5 2],48,127,128,79,112
1,<environment.Job instance at 0x1506256af370>,38,1,[8 2],49,127,128,78,112
1,<environment.Job instance at 0x1506256af1e0>,39,2,[7 2],51,128,130,77,112
1,<environment.Job instance at 0x1506256af230>,40,3,[6 1],53,128,131,75,112
1,<environment.Job instance at 0x1506256afa00>,41,2,[10  1],54,131,133,77,112
1,<environment.Job instance at 0x1506256af8c0>,42,1,[9 1],55,133,134,78,112
1,<environment.Job instance at 0x1506256af690>,43,3,[5 1],56,133,136,77,112
1,<environment.Job instance at 0x1506256af9b0>,44,3,[1 6],57,112,115,55,112
1,<environment.Job instance at 0x1506256afb90>,45,3,[12  1],59,136,139,77,112
1,<environment.Job instance at 0x150626734cd0>,10,1,[8 2],15,139,140,124,139
1,<environment.Job instance at 0x1506517d5190>,3,2,[ 1 11],7,141,143,134,139
1,<environment.Job instance at 0x150626734c80>,6,2,[2 9],11,910,912,899,910
1,<environment.Job instance at 0x15062268eaa0>,18,21,[6 1],30,30,51,0,30
1,<environment.Job instance at 0x150621f8f640>,23,1,[1 7],38,136,137,98,136
1,<environment.Job instance at 0x150621f8f2d0>,24,1,[1 7],40,193,194,153,193
1,<environment.Job instance at 0x1506500c0eb0>,25,12,[2 8],41,476,488,435,476
1,<environment.Job instance at 0x1506500c0aa0>,26,27,[5 2],42,476,503,434,476
1,<environment.Job instance at 0x1506500c0820>,27,27,[1 9],43,488,515,445,486
1,<environment.Job instance at 0x150650b750f0>,28,1,[9 1],44,496,497,452,496
1,<environment.Job instance at 0x150622a7bc80>,29,1,[ 2 10],45,515,516,470,496
1,<environment.Job instance at 0x1506226b48c0>,30,12,[2 8],48,516,528,468,499
1,<environment.Job instance at 0x1506226b4730>,31,3,[ 1 10],51,528,531,477,510
1,<environment.Job instance at 0x15062572b5a0>,32,1,[8 2],52,511,512,459,511
1,<environment.Job instance at 0x15062572b4b0>,33,18,[9 1],53,512,530,459,511
1,<environment.Job instance at 0x1506539ee870>,34,2,[8 1],55,530,532,475,511
1,<environment.Job instance at 0x15062572b050>,35,13,[8 2],56,532,545,476,516
1,<environment.Job instance at 0x15062572ba00>,36,1,[7 1],57,531,532,474,516
1,<environment.Job instance at 0x15062572beb0>,37,1,[2 6],59,516,517,457,516
1,<environment.Job instance at 0x150623250be0>,21,1,[ 2 10],34,570,571,536,570
1,<environment.Job instance at 0x1506500a35f0>,19,3,[ 2 13],32,2367,2370,2335,2367
1,<environment.Job instance at 0x1506500d6820>,6,21,[9 1],11,11,32,0,11
1,<environment.Job instance at 0x1506500d60f0>,11,3,[5 1],17,17,20,0,17
1,<environment.Job instance at 0x1506224b4b90>,12,1,[1 9],19,19,20,0,19
1,<environment.Job instance at 0x1506224b4280>,13,1,[2 7],20,20,21,0,20
1,<environment.Job instance at 0x1506224b4aa0>,14,2,[1 8],21,21,23,0,21
1,<environment.Job instance at 0x150625395780>,15,1,[1 9],23,23,24,0,23
1,<environment.Job instance at 0x150622300d70>,16,2,[ 2 10],25,25,27,0,25
1,<environment.Job instance at 0x1506539c7230>,17,3,[9 1],26,32,35,6,26
1,<environment.Job instance at 0x150625583fa0>,18,12,[9 1],27,35,47,8,27
1,<environment.Job instance at 0x150650bfe3c0>,19,20,[ 2 11],28,28,48,0,28
1,<environment.Job instance at 0x1506268754b0>,20,16,[9 2],30,47,63,17,34
1,<environment.Job instance at 0x15062240dd20>,21,3,[ 2 10],31,48,51,17,34
1,<environment.Job instance at 0x15065013cb40>,22,15,[6 1],33,51,66,18,37
1,<environment.Job instance at 0x150626b29050>,23,1,[9 2],34,63,64,29,37
1,<environment.Job instance at 0x1506501733c0>,24,1,[2 8],35,64,65,29,37
1,<environment.Job instance at 0x150625652320>,25,1,[5 1],36,64,65,28,37
1,<environment.Job instance at 0x1506252f6780>,26,1,[8 1],38,65,66,27,38
1,<environment.Job instance at 0x150621fcaeb0>,27,1,[1 8],40,65,66,25,40
1,<environment.Job instance at 0x150626843cd0>,28,1,[2 9],41,66,67,25,41
1,<environment.Job instance at 0x1506268438c0>,29,3,[1 9],42,67,70,25,42
1,<environment.Job instance at 0x150622159be0>,30,14,[ 1 10],44,70,84,26,55
1,<environment.Job instance at 0x150622159d70>,31,1,[7 2],45,66,67,21,55
1,<environment.Job instance at 0x1506221592d0>,32,1,[10  1],46,67,68,21,55
1,<environment.Job instance at 0x150622159dc0>,33,3,[2 5],48,67,70,19,55
1,<environment.Job instance at 0x1506222ce190>,34,2,[6 2],49,70,72,21,55
1,<environment.Job instance at 0x1506222ce690>,35,18,[2 9],50,84,102,34,73
1,<environment.Job instance at 0x150622714870>,37,1,[1 6],52,84,85,32,73
1,<environment.Job instance at 0x1506232501e0>,39,17,[5 1],54,85,102,31,73
1,<environment.Job instance at 0x1506227140a0>,40,1,[7 1],55,73,74,18,73
1,<environment.Job instance at 0x1506226775a0>,41,3,[9 2],56,74,77,18,73
1,<environment.Job instance at 0x1506253b3320>,42,2,[1 8],57,102,104,45,75
1,<environment.Job instance at 0x150626750320>,43,26,[8 1],58,85,111,27,82
1,<environment.Job instance at 0x150626750730>,44,3,[2 5],59,102,105,43,82
1,<environment.Job instance at 0x15301a024190>,22,1,[2 7],30,45,46,15,45
1,<environment.Job instance at 0x153019f4a0a0>,23,2,[8 1],31,45,47,14,45
1,<environment.Job instance at 0x15301a0241e0>,24,12,[ 1 10],32,46,58,14,45
1,<environment.Job instance at 0x15301a024aa0>,25,2,[2 8],34,58,60,24,45
1,<environment.Job instance at 0x153019f0d190>,26,1,[2 7],35,45,46,10,45
1,<environment.Job instance at 0x153019f0da50>,27,2,[2 7],36,58,60,22,45
1,<environment.Job instance at 0x153019f0db90>,28,2,[2 7],37,60,62,23,45
1,<environment.Job instance at 0x153019f0d500>,29,16,[10  2],39,60,76,21,47
1,<environment.Job instance at 0x153019f0d870>,30,15,[2 9],40,62,77,22,48
1,<environment.Job instance at 0x153019f0de60>,31,3,[9 2],41,48,51,7,48
1,<environment.Job instance at 0x153019f0d8c0>,32,3,[2 9],42,77,80,35,51
1,<environment.Job instance at 0x153019f0dcd0>,33,1,[2 7],43,80,81,37,52
1,<environment.Job instance at 0x153019f0d370>,34,15,[11  1],44,76,91,32,62
1,<environment.Job instance at 0x153019f0d730>,35,2,[1 8],45,81,83,36,62
1,<environment.Job instance at 0x153019f780f0>,36,3,[10  2],48,91,94,43,65
1,<environment.Job instance at 0x153019f78550>,37,2,[ 1 10],50,83,85,33,65
1,<environment.Job instance at 0x153019f788c0>,38,1,[8 1],51,94,95,43,66
1,<environment.Job instance at 0x153019f78e10>,39,3,[1 5],52,76,79,24,66
1,<environment.Job instance at 0x153019f01e60>,40,3,[1 6],53,80,83,27,66
1,<environment.Job instance at 0x153019f01af0>,41,25,[12  2],54,95,120,41,91
1,<environment.Job instance at 0x153019f01460>,42,1,[10  1],56,120,121,64,92
1,<environment.Job instance at 0x153019f014b0>,43,3,[7 2],57,121,124,64,95
1,<environment.Job instance at 0x153019f01e10>,44,3,[1 8],58,95,98,37,95
1,<environment.Job instance at 0x153019f01f50>,45,3,[2 8],60,98,101,38,95
1,<environment.Job instance at 0x153019fa2730>,46,2,[2 8],61,101,103,40,95
1,<environment.Job instance at 0x153019f015a0>,47,1,[1 6],63,103,104,40,95
1,<environment.Job instance at 0x153019f18640>,48,1,[2 9],65,104,105,39,95
1,<environment.Job instance at 0x153019f18f50>,49,16,[8 2],66,121,137,55,108
1,<environment.Job instance at 0x153019f18910>,50,12,[9 1],68,137,149,69,120
1,<environment.Job instance at 0x153019f73140>,51,2,[8 2],69,149,151,80,122
1,<environment.Job instance at 0x153019f52b90>,19,3,[6 2],26,150,153,124,150
1,<environment.Job instance at 0x153019f52280>,20,2,[ 1 13],27,156,158,129,156
1,<environment.Job instance at 0x1530197fafa0>,0,2,[1 7],2,2,4,0,2
1,<environment.Job instance at 0x15301bffa780>,10,3,[9 2],18,18,21,0,18
1,<environment.Job instance at 0x15301bffab40>,7,1,[1 9],15,18,19,3,18
1,<environment.Job instance at 0x15301bffa870>,17,1,[2 5],26,37,38,11,37
1,<environment.Job instance at 0x15302012f5a0>,18,2,[ 2 10],27,37,39,10,37
1,<environment.Job instance at 0x15302012f410>,19,3,[2 9],29,39,42,10,37
1,<environment.Job instance at 0x15302012f460>,20,13,[7 2],32,38,51,6,37
1,<environment.Job instance at 0x15302012f140>,21,2,[6 2],33,38,40,5,37
1,<environment.Job instance at 0x15302012f050>,22,3,[6 2],36,40,43,4,37
1,<environment.Job instance at 0x1530200dae60>,23,1,[1 6],37,42,43,5,37
1,<environment.Job instance at 0x1530200dadc0>,24,2,[2 5],38,43,45,5,38
1,<environment.Job instance at 0x1530200e0280>,25,2,[ 1 10],39,45,47,6,39
1,<environment.Job instance at 0x1530200e0690>,26,3,[2 9],40,47,50,7,40
1,<environment.Job instance at 0x1530200e05a0>,27,3,[7 2],41,50,53,9,41
1,<environment.Job instance at 0x1530200e0370>,28,14,[7 1],42,51,65,9,42
1,<environment.Job instance at 0x1530200e0500>,29,3,[ 2 10],44,53,56,9,44
1,<environment.Job instance at 0x1530200e0050>,30,12,[2 8],45,56,68,11,45
1,<environment.Job instance at 0x1530200e4870>,31,1,[10  1],47,65,66,18,47
1,<environment.Job instance at 0x1530200e4960>,32,2,[ 1 10],48,50,52,2,48
1,<environment.Job instance at 0x1530200e43c0>,33,1,[7 2],50,66,67,16,50
1,<environment.Job instance at 0x1530200e44b0>,34,2,[1 8],51,68,70,17,51
1,<environment.Job instance at 0x1530200e41e0>,35,2,[2 6],52,56,58,4,52
1,<environment.Job instance at 0x1530200e4e10>,36,1,[1 5],53,58,59,5,53
1,<environment.Job instance at 0x1530200e4af0>,37,2,[1 9],56,70,72,14,56
1,<environment.Job instance at 0x15302005cdc0>,38,1,[2 7],57,67,68,10,57
1,<environment.Job instance at 0x1530200e49b0>,39,1,[2 5],58,59,60,1,58
1,<environment.Job instance at 0x15302020d960>,40,15,[7 1],59,68,83,9,59
1,<environment.Job instance at 0x153020256050>,41,2,[14  1],60,83,85,23,61
1,<environment.Job instance at 0x153020256cd0>,42,1,[5 1],61,63,64,2,63
1,<environment.Job instance at 0x1530202565f0>,43,3,[2 8],62,72,75,10,63
1,<environment.Job instance at 0x153020256280>,44,12,[9 2],64,85,97,21,68
1,<environment.Job instance at 0x15301bfec5f0>,45,15,[10  2],65,97,112,32,83
1,<environment.Job instance at 0x15301bfec3c0>,46,13,[ 1 10],66,83,96,17,83
1,<environment.Job instance at 0x15301bfec910>,47,16,[8 1],67,112,128,45,99
1,<environment.Job instance at 0x15301bfecf00>,48,17,[1 9],69,99,116,30,99
1,<environment.Job instance at 0x15301bfec640>,2,1,[ 2 14],3,4,5,1,4
1,<environment.Job instance at 0x15302025baf0>,11,3,[5 2],16,20,23,4,20
1,<environment.Job instance at 0x15302025b460>,12,15,[9 2],17,20,35,3,20
1,<environment.Job instance at 0x15302025b2d0>,13,18,[2 6],18,23,41,5,20
1,<environment.Job instance at 0x15302025b640>,14,1,[1 6],19,20,21,1,20
1,<environment.Job instance at 0x15302025bb40>,15,1,[1 7],20,21,22,1,20
1,<environment.Job instance at 0x1530202dd0a0>,16,3,[9 1],23,35,38,12,24
1,<environment.Job instance at 0x1530202e4f50>,17,3,[12  1],24,38,41,14,24
1,<environment.Job instance at 0x1530202e4690>,18,1,[1 8],26,35,36,9,26
1,<environment.Job instance at 0x1530202e42d0>,19,15,[1 6],27,36,51,9,27
1,<environment.Job instance at 0x15302030abe0>,20,3,[7 2],28,41,44,13,31
1,<environment.Job instance at 0x15302030af50>,21,2,[1 8],29,44,46,15,31
1,<environment.Job instance at 0x15302030af00>,22,3,[1 7],31,31,34,0,31
1,<environment.Job instance at 0x15302030a780>,23,13,[ 1 14],32,51,64,19,35
1,<environment.Job instance at 0x15302030a3c0>,24,27,[1 8],33,64,91,31,64
1,<environment.Job instance at 0x1530202e33c0>,25,3,[1 9],34,91,94,57,72
1,<environment.Job instance at 0x1530202e3f00>,26,2,[7 2],35,76,78,41,76
1,<environment.Job instance at 0x1530202e3690>,27,12,[6 1],36,76,88,40,76
1,<environment.Job instance at 0x1530202e3eb0>,28,28,[2 8],39,100,128,61,100
1,<environment.Job instance at 0x1530202e35a0>,29,3,[5 1],43,109,112,66,109
1,<environment.Job instance at 0x1530202e3dc0>,30,15,[1 7],45,112,127,67,109
1,<environment.Job instance at 0x1530202e3370>,31,3,[ 2 10],46,128,131,82,109
1,<environment.Job instance at 0x1530202e36e0>,32,2,[1 9],48,131,133,83,109
1,<environment.Job instance at 0x1530201b02d0>,33,2,[ 2 10],51,133,135,82,110
1,<environment.Job instance at 0x1530201b0e60>,34,3,[5 2],52,127,130,75,115
1,<environment.Job instance at 0x1530201b0730>,35,15,[2 7],53,135,150,82,121
1,<environment.Job instance at 0x1530201b01e0>,36,2,[ 2 10],54,150,152,96,130
1,<environment.Job instance at 0x1530201b0d70>,37,2,[2 9],55,152,154,97,144
1,<environment.Job instance at 0x1530201b0c80>,38,17,[ 2 10],56,154,171,98,144
1,<environment.Job instance at 0x1530201b0b40>,39,19,[ 1 10],58,171,190,113,162
1,<environment.Job instance at 0x1530201b0b90>,40,2,[9 1],59,181,183,122,181
1,<environment.Job instance at 0x1530201b0aa0>,41,3,[5 2],60,183,186,123,183
1,<environment.Job instance at 0x15302030eaf0>,42,2,[ 1 10],61,190,192,129,184
1,<environment.Job instance at 0x15302030efa0>,43,13,[ 2 10],62,192,205,130,184
1,<environment.Job instance at 0x15302030ef50>,44,1,[1 7],63,205,206,142,187
1,<environment.Job instance at 0x1530202dc8c0>,45,1,[2 9],64,206,207,142,200
1,<environment.Job instance at 0x1530202dc960>,46,15,[1 7],65,207,222,142,200
1,<environment.Job instance at 0x1530202dce60>,47,3,[ 2 10],67,222,225,155,203
1,<environment.Job instance at 0x1530202dcf00>,48,14,[10  1],69,203,217,134,203
1,<environment.Job instance at 0x1530201b6aa0>,23,1,[2 6],36,36,37,0,36
1,<environment.Job instance at 0x1530201b66e0>,24,2,[1 6],37,37,39,0,37
1,<environment.Job instance at 0x1530201b6d20>,25,18,[7 2],39,39,57,0,39
1,<environment.Job instance at 0x1530201b6fa0>,26,1,[2 8],42,42,43,0,42
1,<environment.Job instance at 0x153020480690>,27,18,[10  1],46,57,75,11,46
1,<environment.Job instance at 0x153020480d70>,28,2,[7 2],47,47,49,0,47
1,<environment.Job instance at 0x1530197cb6e0>,29,2,[2 5],48,49,51,1,48
1,<environment.Job instance at 0x1530197cb9b0>,30,14,[2 8],49,49,63,0,49
1,<environment.Job instance at 0x1530197cb140>,31,3,[8 1],52,75,78,23,52
1,<environment.Job instance at 0x1530197cbd20>,32,1,[7 2],53,75,76,22,53
1,<environment.Job instance at 0x1530197cba50>,33,2,[5 2],54,54,56,0,54
1,<environment.Job instance at 0x1530197cbc80>,34,2,[ 2 12],56,63,65,7,56
1,<environment.Job instance at 0x1530197cb050>,35,14,[6 1],57,76,90,19,61
1,<environment.Job instance at 0x1530197cb8c0>,36,15,[2 8],58,78,93,20,64
1,<environment.Job instance at 0x1530197cb0a0>,37,16,[1 7],59,90,106,31,77
1,<environment.Job instance at 0x1530197cb280>,38,13,[ 1 11],61,106,119,45,90
1,<environment.Job instance at 0x1530197c1b90>,39,2,[6 2],62,93,95,31,90
1,<environment.Job instance at 0x1530197c1230>,40,1,[1 5],63,93,94,30,90
1,<environment.Job instance at 0x1530197c11e0>,41,16,[1 7],64,119,135,55,106
1,<environment.Job instance at 0x1530197c1410>,42,3,[ 2 10],65,135,138,70,109
1,<environment.Job instance at 0x1530197c1910>,43,3,[ 1 13],66,138,141,72,112
1,<environment.Job instance at 0x1530197c1e60>,44,3,[1 5],69,119,122,50,112
1,<environment.Job instance at 0x1530201b6af0>,20,3,[1 5],30,817,820,787,817
1,<environment.Job instance at 0x15302005f780>,0,1,[2 8],1,1,2,0,1
1,<environment.Job instance at 0x15301bf7dc80>,17,1,[2 5],24,24,25,0,24
1,<environment.Job instance at 0x153019f7baa0>,18,3,[1 8],25,25,28,0,25
1,<environment.Job instance at 0x15301aa8ecd0>,19,12,[7 2],27,27,39,0,27
1,<environment.Job instance at 0x1530215985a0>,20,2,[7 2],29,29,31,0,29
1,<environment.Job instance at 0x15301981f3c0>,21,3,[ 2 10],31,31,34,0,31
1,<environment.Job instance at 0x153019f29b40>,22,14,[8 2],32,34,48,2,32
1,<environment.Job instance at 0x1530197d8c30>,23,2,[2 5],34,39,41,5,34
1,<environment.Job instance at 0x1530197d8e10>,24,1,[ 2 10],35,41,42,6,35
1,<environment.Job instance at 0x153021350a50>,25,14,[8 1],36,48,62,12,36
1,<environment.Job instance at 0x15302151dfa0>,26,2,[ 1 10],37,42,44,5,37
1,<environment.Job instance at 0x153028134c30>,27,3,[7 2],38,44,47,6,38
1,<environment.Job instance at 0x153028134e60>,28,21,[7 2],40,47,68,7,40
1,<environment.Job instance at 0x153020106780>,29,13,[5 2],41,62,75,21,46
1,<environment.Job instance at 0x1530201065a0>,30,3,[1 9],42,62,65,20,46
1,<environment.Job instance at 0x153020106cd0>,31,1,[6 1],43,68,69,25,46
1,<environment.Job instance at 0x1530201065f0>,32,3,[5 1],44,69,72,25,46
1,<environment.Job instance at 0x153020106f00>,33,3,[1 7],49,65,68,16,49
1,<environment.Job instance at 0x153020106d20>,34,12,[7 1],51,72,84,21,55
1,<environment.Job instance at 0x15301a0345f0>,35,20,[8 2],52,75,95,23,66
1,<environment.Job instance at 0x15301a0346e0>,36,2,[10  1],53,95,97,42,68
1,<environment.Job instance at 0x15301a034b90>,37,3,[1 9],54,68,71,14,68
1,<environment.Job instance at 0x153019efb410>,38,3,[1 8],58,71,74,13,68
1,<environment.Job instance at 0x15301a0347d0>,39,2,[2 7],61,84,86,23,68
1,<environment.Job instance at 0x15301a034c30>,40,2,[9 2],62,97,99,35,70
1,<environment.Job instance at 0x1530197aa3c0>,41,3,[5 2],63,84,87,21,70
1,<environment.Job instance at 0x1530197aaf00>,42,16,[7 2],64,99,115,35,86
1,<environment.Job instance at 0x153032b720f0>,43,1,[ 2 10],65,86,87,21,86
1,<environment.Job instance at 0x153019804b40>,44,18,[5 2],67,87,105,20,86
1,<environment.Job instance at 0x1530308756e0>,45,1,[1 8],68,87,88,19,86
1,<environment.Job instance at 0x1530308f1280>,8,15,[ 1 11],17,17,32,0,17
1,<environment.Job instance at 0x1530308f1460>,9,2,[8 1],18,18,20,0,18
1,<environment.Job instance at 0x15301945a640>,16,2,[1 6],28,32,34,4,29
1,<environment.Job instance at 0x15301945a7d0>,21,1,[6 2],35,35,36,0,35
1,<environment.Job instance at 0x15301945a5f0>,22,3,[2 7],36,36,39,0,36
1,<environment.Job instance at 0x15301945af00>,23,14,[7 2],37,37,51,0,37
1,<environment.Job instance at 0x15301945ac80>,24,2,[ 1 10],39,39,41,0,39
1,<environment.Job instance at 0x15301945a9b0>,25,3,[10  2],40,51,54,11,40
1,<environment.Job instance at 0x15301945a2d0>,26,2,[2 9],41,41,43,0,41
1,<environment.Job instance at 0x15301945a960>,27,3,[9 1],44,54,57,10,44
1,<environment.Job instance at 0x15301b4dfd20>,28,18,[6 2],46,54,72,8,46
1,<environment.Job instance at 0x15301b4df2d0>,29,16,[1 5],48,57,73,9,48
1,<environment.Job instance at 0x15301b4df460>,30,3,[5 1],50,50,53,0,50
1,<environment.Job instance at 0x153030995cd0>,31,14,[1 6],52,57,71,5,52
1,<environment.Job instance at 0x153030995dc0>,32,2,[5 1],53,57,59,4,53
1,<environment.Job instance at 0x1530309956e0>,33,1,[2 7],54,71,72,17,54
1,<environment.Job instance at 0x1530309953c0>,34,2,[10  2],55,72,74,17,55
1,<environment.Job instance at 0x1530309951e0>,35,2,[6 1],56,59,61,3,56
1,<environment.Job instance at 0x153030995aa0>,36,3,[9 2],58,74,77,16,58
1,<environment.Job instance at 0x153030995370>,37,3,[6 2],61,61,64,0,61
1,<environment.Job instance at 0x153030995c80>,38,2,[5 2],62,64,66,2,62
1,<environment.Job instance at 0x153030995a00>,39,3,[1 7],63,72,75,9,63
1,<environment.Job instance at 0x153030995870>,40,2,[9 2],65,77,79,12,65
1,<environment.Job instance at 0x153030995a50>,41,1,[7 2],66,66,67,0,66
1,<environment.Job instance at 0x153030995550>,42,3,[1 7],68,75,78,7,68
1,<environment.Job instance at 0x15302bcb97d0>,43,14,[1 6],69,73,87,4,69
1,<environment.Job instance at 0x1530308f1af0>,6,1,[6 2],11,86,87,75,86
1,<environment.Job instance at 0x1530308f17d0>,5,2,[ 2 12],10,99,101,89,99
1,<environment.Job instance at 0x1530308f10f0>,7,3,[2 7],13,444,447,431,444
1,<environment.Job instance at 0x1530196660a0>,16,3,[2 9],27,41,44,14,41
1,<environment.Job instance at 0x1530204221e0>,18,3,[1 5],30,41,44,11,41
1,<environment.Job instance at 0x153020422780>,19,2,[1 9],31,44,46,13,41
1,<environment.Job instance at 0x153021524f50>,20,3,[2 8],32,46,49,14,41
1,<environment.Job instance at 0x153019eeb730>,21,1,[1 8],35,49,50,14,41
1,<environment.Job instance at 0x153021512fa0>,22,16,[2 6],36,44,60,8,41
1,<environment.Job instance at 0x153020422d20>,23,3,[1 6],37,50,53,13,41
1,<environment.Job instance at 0x153021512d20>,24,2,[8 2],38,50,52,12,41
1,<environment.Job instance at 0x1530195a5140>,25,14,[9 1],40,52,66,12,41
1,<environment.Job instance at 0x1530214b56e0>,26,3,[10  1],41,41,44,0,41
1,<environment.Job instance at 0x15302801d9b0>,27,2,[1 7],42,53,55,11,42
1,<environment.Job instance at 0x15302801dc30>,28,15,[1 5],43,55,70,12,43
1,<environment.Job instance at 0x15302801d910>,29,3,[1 9],44,60,63,16,44
1,<environment.Job instance at 0x15302801d690>,30,2,[1 8],46,63,65,17,46
1,<environment.Job instance at 0x15302043bf00>,31,2,[1 5],48,65,67,17,48
1,<environment.Job instance at 0x15302043b4b0>,32,15,[10  1],49,66,81,17,52
1,<environment.Job instance at 0x15302043b780>,33,1,[2 8],50,67,68,17,52
1,<environment.Job instance at 0x15302043beb0>,34,1,[8 2],51,81,82,30,53
1,<environment.Job instance at 0x15302043b640>,35,14,[14  1],52,82,96,30,67
1,<environment.Job instance at 0x15302043bfa0>,36,2,[6 1],54,96,98,42,69
1,<environment.Job instance at 0x15302043b5a0>,37,3,[10  1],56,98,101,42,72
1,<environment.Job instance at 0x15302043b320>,38,3,[10  2],57,101,104,44,75
1,<environment.Job instance at 0x15302043b960>,39,3,[ 2 11],60,75,78,15,75
1,<environment.Job instance at 0x15302043b870>,40,2,[1 7],61,78,80,17,75
1,<environment.Job instance at 0x15302043b460>,41,1,[1 5],62,78,79,16,75
1,<environment.Job instance at 0x15302043bc80>,42,18,[8 2],63,104,122,41,93
1,<environment.Job instance at 0x1530202dd5f0>,43,3,[1 6],64,93,96,29,93
1,<environment.Job instance at 0x15302043b8c0>,44,16,[1 5],65,96,112,31,93
1,<environment.Job instance at 0x153019573870>,45,2,[ 1 10],66,112,114,46,93
1,<environment.Job instance at 0x1530195736e0>,46,17,[2 9],67,114,131,47,102
1,<environment.Job instance at 0x153021503aa0>,47,15,[7 2],68,122,137,54,108
1,<environment.Job instance at 0x1530215034b0>,48,16,[2 8],69,131,147,62,118
1,<environment.Job instance at 0x153020422fa0>,13,1,[2 6],23,149,150,126,149
1,<environment.Job instance at 0x1530201b4730>,8,27,[ 2 10],13,13,40,0,13
1,<environment.Job instance at 0x15301aa62d70>,18,2,[7 1],27,27,29,0,27
1,<environment.Job instance at 0x15302019da50>,19,1,[7 2],28,29,30,1,28
1,<environment.Job instance at 0x153032281c30>,20,3,[10  2],29,30,33,1,29
1,<environment.Job instance at 0x15302018faf0>,21,2,[5 2],30,33,35,3,30
1,<environment.Job instance at 0x15302bc73140>,22,15,[1 8],32,40,55,8,32
1,<environment.Job instance at 0x15302018fd70>,23,3,[1 7],33,40,43,7,33
1,<environment.Job instance at 0x1530202e2dc0>,24,19,[2 9],36,55,74,19,45
1,<environment.Job instance at 0x15302018f050>,25,13,[12  2],37,45,58,8,45
1,<environment.Job instance at 0x15302018fa50>,26,17,[9 2],38,58,75,20,46
1,<environment.Job instance at 0x15302018f3c0>,27,1,[6 2],39,74,75,35,46
1,<environment.Job instance at 0x1530280a7f50>,28,2,[1 5],40,46,48,6,46
1,<environment.Job instance at 0x1530280a70a0>,29,1,[1 7],41,75,76,34,47
1,<environment.Job instance at 0x1530280a7870>,30,3,[2 7],42,75,78,33,49
1,<environment.Job instance at 0x153028098910>,31,2,[1 5],43,49,51,6,49
1,<environment.Job instance at 0x1530280a7500>,32,1,[1 9],45,78,79,33,50
1,<environment.Job instance at 0x1530200c9230>,33,1,[2 5],46,51,52,5,50
1,<environment.Job instance at 0x1530200c9c80>,34,15,[7 1],47,75,90,28,61
1,<environment.Job instance at 0x1530200c9870>,35,1,[2 6],48,76,77,28,61
1,<environment.Job instance at 0x1530200c96e0>,36,1,[2 8],50,79,80,29,61
1,<environment.Job instance at 0x1530200c9190>,37,1,[2 6],51,77,78,26,61
1,<environment.Job instance at 0x1530200c9af0>,38,3,[1 7],53,80,83,27,61
1,<environment.Job instance at 0x1530200c9cd0>,39,17,[2 7],54,80,97,26,68
1,<environment.Job instance at 0x1530200c9fa0>,40,14,[1 6],55,83,97,28,68
1,<environment.Job instance at 0x1530200c9b40>,41,17,[9 1],56,90,107,34,78
1,<environment.Job instance at 0x15302019eeb0>,42,3,[5 1],57,83,86,26,78
1,<environment.Job instance at 0x1530200c9f00>,43,1,[10  1],58,107,108,49,79
1,<environment.Job instance at 0x15302019ea50>,44,1,[1 8],59,97,98,38,79
1,<environment.Job instance at 0x1530308f3730>,45,12,[9 2],60,108,120,48,91
1,<environment.Job instance at 0x1530308f3aa0>,46,2,[2 6],61,97,99,36,91
1,<environment.Job instance at 0x1530200eceb0>,47,3,[9 2],62,120,123,58,94
1,<environment.Job instance at 0x1530200ec460>,48,2,[10  2],63,123,125,60,96
1,<environment.Job instance at 0x1530200df690>,49,16,[10  2],64,125,141,61,112
1,<environment.Job instance at 0x1530200df730>,50,16,[ 2 10],65,112,128,47,112
1,<environment.Job instance at 0x1530200dfdc0>,51,2,[1 6],67,128,130,61,112
1,<environment.Job instance at 0x1530200df3c0>,52,15,[2 6],69,128,143,59,114
1,<environment.Job instance at 0x1530196ff780>,11,3,[7 1],16,16,19,0,16
1,<environment.Job instance at 0x1530196ffb90>,12,3,[2 8],17,17,20,0,17
1,<environment.Job instance at 0x153030826d70>,13,3,[1 9],18,20,23,2,18
1,<environment.Job instance at 0x153030826cd0>,14,16,[10  1],19,19,35,0,19
1,<environment.Job instance at 0x153030826780>,15,3,[2 9],20,23,26,3,20
1,<environment.Job instance at 0x153030826a00>,16,23,[1 6],21,26,49,5,21
1,<environment.Job instance at 0x153030826820>,17,12,[7 1],24,35,47,11,24
1,<environment.Job instance at 0x1530308263c0>,18,3,[10  1],27,47,50,20,27
1,<environment.Job instance at 0x15302022faf0>,19,3,[6 1],29,35,38,6,29
1,<environment.Job instance at 0x15302022f410>,20,3,[8 1],30,50,53,20,30
1,<environment.Job instance at 0x15301943dd70>,21,2,[7 1],32,38,40,6,32
1,<environment.Job instance at 0x15301bf7d960>,22,18,[2 6],34,40,58,6,34
1,<environment.Job instance at 0x153019046b90>,23,1,[7 1],36,53,54,17,36
1,<environment.Job instance at 0x15301bf7daf0>,24,2,[5 1],37,40,42,3,37
1,<environment.Job instance at 0x153030865f00>,25,14,[2 5],38,49,63,11,38
1,<environment.Job instance at 0x153021472e10>,26,3,[5 2],40,42,45,2,40
1,<environment.Job instance at 0x153018e474b0>,27,12,[1 5],41,58,70,17,41
1,<environment.Job instance at 0x15301942c870>,28,13,[7 2],42,54,67,12,42
1,<environment.Job instance at 0x15301942c0f0>,29,3,[8 1],43,67,70,24,43
1,<environment.Job instance at 0x15301942c910>,30,3,[2 6],46,63,66,17,46
1,<environment.Job instance at 0x15301942c730>,31,18,[1 5],47,66,84,19,55
1,<environment.Job instance at 0x15301942c9b0>,32,16,[1 5],51,70,86,19,57
1,<environment.Job instance at 0x153018ea3a50>,33,1,[1 9],52,84,85,32,57
1,<environment.Job instance at 0x15301942c0a0>,34,3,[2 9],54,85,88,31,59
1,<environment.Job instance at 0x153018ea3550>,35,1,[10  2],55,70,71,15,59
1,<environment.Job instance at 0x153021583140>,36,1,[5 2],56,59,60,3,59
1,<environment.Job instance at 0x1530215839b0>,37,26,[2 8],58,88,114,30,85
1,<environment.Job instance at 0x15301958dfa0>,39,16,[ 2 10],62,114,130,52,101
1,<environment.Job instance at 0x15301958d7d0>,40,3,[10  2],63,101,104,38,101
1,<environment.Job instance at 0x15301958d2d0>,41,2,[1 6],67,104,106,37,101
1,<environment.Job instance at 0x15301958d780>,42,3,[1 9],68,130,133,62,104
1,<environment.Job instance at 0x1530200bda50>,9,1,[ 2 10],10,135,136,125,135
1,<environment.Job instance at 0x15303013c8c0>,15,3,[9 2],22,49,52,27,49
1,<environment.Job instance at 0x153018d9f320>,23,2,[1 8],37,49,51,12,49
1,<environment.Job instance at 0x153018d9f190>,24,1,[10  2],38,52,53,14,49
1,<environment.Job instance at 0x153018d9f5a0>,25,3,[2 8],39,51,54,12,49
1,<environment.Job instance at 0x153018d9fb40>,26,15,[2 7],40,53,68,13,49
1,<environment.Job instance at 0x153018d9f780>,27,2,[8 2],45,54,56,9,49
1,<environment.Job instance at 0x153018d9f820>,28,1,[ 1 12],46,68,69,22,49
1,<environment.Job instance at 0x153018d9f230>,29,3,[6 2],47,56,59,9,49
1,<environment.Job instance at 0x153028017370>,30,1,[8 1],49,59,60,10,49
1,<environment.Job instance at 0x153018ca5190>,31,3,[1 9],51,69,72,18,51
1,<environment.Job instance at 0x153028067280>,33,2,[7 2],55,56,58,1,55
1,<environment.Job instance at 0x153028067af0>,34,12,[7 1],56,60,72,4,56
1,<environment.Job instance at 0x153028067be0>,35,13,[13  2],57,72,85,15,57
1,<environment.Job instance at 0x153028067230>,36,3,[9 2],58,85,88,27,59
1,<environment.Job instance at 0x1530203a4be0>,37,2,[7 1],61,68,70,7,61
1,<environment.Job instance at 0x1530203a4280>,38,16,[ 1 10],62,72,88,10,62
1,<environment.Job instance at 0x1530203a4b90>,39,3,[2 5],64,64,67,0,64
1,<environment.Job instance at 0x1530203a4c80>,40,1,[8 1],65,88,89,23,65
1,<environment.Job instance at 0x1530203a45f0>,41,28,[5 1],66,85,113,19,84
1,<environment.Job instance at 0x1530203a4e10>,42,13,[8 2],67,89,102,22,84
1,<environment.Job instance at 0x15302bc3ff00>,43,18,[5 1],68,102,120,34,91
1,<environment.Job instance at 0x15302bc3f910>,44,15,[6 1],69,113,128,44,99
1,<environment.Job instance at 0x153020414aa0>,13,2,[6 1],19,126,128,107,126
1,<environment.Job instance at 0x15303013cc80>,14,2,[ 1 10],20,990,992,970,990
1,<environment.Job instance at 0x15302bc65d20>,11,1,[1 9],17,19,20,2,19
1,<environment.Job instance at 0x153030032910>,21,2,[10  2],33,33,35,0,33
1,<environment.Job instance at 0x15301bf3be60>,22,3,[1 7],34,34,37,0,34
1,<environment.Job instance at 0x153030876320>,23,14,[9 2],36,36,50,0,36
1,<environment.Job instance at 0x1530202a9a50>,24,1,[10  2],37,50,51,13,37
1,<environment.Job instance at 0x153019533f00>,25,2,[7 2],38,51,53,13,38
1,<environment.Job instance at 0x153030876e10>,26,16,[1 9],39,39,55,0,39
1,<environment.Job instance at 0x15301939e9b0>,27,3,[1 5],40,53,56,13,40
1,<environment.Job instance at 0x153032b6f820>,28,12,[2 9],42,55,67,13,42
1,<environment.Job instance at 0x153032b6f640>,29,3,[9 2],43,56,59,13,43
1,<environment.Job instance at 0x15302811d8c0>,30,13,[1 9],44,67,80,23,51
1,<environment.Job instance at 0x153019405640>,31,2,[1 8],45,80,82,35,53
1,<environment.Job instance at 0x1530194058c0>,32,12,[1 7],47,80,92,33,63
1,<environment.Job instance at 0x153032bf2e10>,34,19,[2 5],50,82,101,32,72
1,<environment.Job instance at 0x153019405eb0>,35,17,[2 9],51,92,109,41,80
1,<environment.Job instance at 0x153020048640>,36,3,[6 2],52,82,85,30,80
1,<environment.Job instance at 0x153032bf2370>,37,2,[6 2],53,85,87,32,80
1,<environment.Job instance at 0x15302147faa0>,38,17,[5 2],54,101,118,47,89
1,<environment.Job instance at 0x153021461be0>,39,1,[6 1],56,89,90,33,89
1,<environment.Job instance at 0x1530309da550>,40,12,[ 1 10],57,109,121,52,92
1,<environment.Job instance at 0x153018d4b550>,41,3,[2 7],59,121,124,62,95
1,<environment.Job instance at 0x153019f84dc0>,42,1,[1 6],60,121,122,61,95
1,<environment.Job instance at 0x15302bc7d960>,43,3,[8 2],61,101,104,40,95
1,<environment.Job instance at 0x1530300b6960>,44,1,[1 7],62,122,123,60,95
1,<environment.Job instance at 0x153021328cd0>,45,1,[6 2],63,104,105,41,95
1,<environment.Job instance at 0x153021328c30>,46,2,[2 7],64,123,125,59,96
1,<environment.Job instance at 0x153021328d70>,47,16,[ 2 10],65,125,141,60,112
1,<environment.Job instance at 0x153021328280>,48,3,[7 1],66,112,115,46,112
1,<environment.Job instance at 0x153021328320>,49,14,[8 2],67,124,138,57,112
1,<environment.Job instance at 0x153021328640>,50,2,[1 9],69,141,143,72,114
1,<environment.Job instance at 0x153019087c30>,19,16,[8 1],30,142,158,112,142
1,<environment.Job instance at 0x15303009e960>,18,25,[8 1],29,158,183,129,157
1,<environment.Job instance at 0x15302147d410>,7,25,[9 1],11,11,36,0,11
1,<environment.Job instance at 0x1530309f0500>,13,15,[7 2],19,36,51,17,22
1,<environment.Job instance at 0x15301a02a5a0>,14,15,[6 1],20,22,37,2,22
1,<environment.Job instance at 0x1530194550a0>,15,2,[2 9],21,36,38,15,22
1,<environment.Job instance at 0x153019455c80>,16,2,[1 5],22,38,40,16,22
1,<environment.Job instance at 0x153021345320>,17,16,[1 8],23,38,54,15,25
1,<environment.Job instance at 0x153021345550>,18,14,[2 6],25,51,65,26,36
1,<environment.Job instance at 0x153021345370>,19,1,[9 1],26,51,52,25,36
1,<environment.Job instance at 0x153018f9f5a0>,20,17,[2 5],27,54,71,27,42
1,<environment.Job instance at 0x153018f9f550>,21,2,[10  2],28,54,56,26,42
1,<environment.Job instance at 0x153018f9fa50>,22,15,[9 2],30,56,71,26,42
1,<environment.Job instance at 0x153018f9f690>,23,2,[5 2],31,42,44,11,42
1,<environment.Job instance at 0x153018f9fa00>,24,2,[5 1],32,44,46,12,42
1,<environment.Job instance at 0x153018f9f0a0>,25,1,[1 7],33,65,66,32,42
1,<environment.Job instance at 0x1530337ca500>,26,17,[9 1],36,71,88,35,59
1,<environment.Job instance at 0x1530194b19b0>,27,1,[6 2],37,71,72,34,59
1,<environment.Job instance at 0x15301aa57a50>,28,1,[5 1],38,72,73,34,59
1,<environment.Job instance at 0x153018fc2690>,29,1,[2 6],40,66,67,26,59
1,<environment.Job instance at 0x153018fa6640>,30,3,[2 6],41,67,70,26,59
1,<environment.Job instance at 0x153028151aa0>,31,2,[9 1],42,88,90,46,61
1,<environment.Job instance at 0x153032bd7e10>,32,13,[6 1],44,73,86,29,61
1,<environment.Job instance at 0x1530193a18c0>,33,2,[7 2],45,90,92,45,63
1,<environment.Job instance at 0x15302bd71230>,34,2,[9 2],46,92,94,46,65
1,<environment.Job instance at 0x1530280a9b90>,35,3,[5 1],47,86,89,39,65
1,<environment.Job instance at 0x1530280a9b40>,36,2,[ 1 10],48,86,88,38,65
1,<environment.Job instance at 0x1530280a9af0>,37,13,[2 6],49,89,102,40,73
1,<environment.Job instance at 0x1530214295f0>,38,17,[12  1],50,94,111,44,82
1,<environment.Job instance at 0x15306ffd17d0>,39,1,[8 2],53,111,112,58,83
1,<environment.Job instance at 0x15306ffd15f0>,40,17,[7 1],54,111,128,57,99
1,<environment.Job instance at 0x1530214297d0>,41,17,[2 7],55,112,129,57,100
1,<environment.Job instance at 0x153021584be0>,42,13,[2 8],56,128,141,72,112
1,<environment.Job instance at 0x1530215849b0>,43,16,[6 1],57,112,128,55,112
1,<environment.Job instance at 0x153021584aa0>,44,1,[8 2],58,129,130,71,112
1,<environment.Job instance at 0x1530215840a0>,45,1,[5 2],59,129,130,70,112
1,<environment.Job instance at 0x15302803cd20>,46,1,[7 1],60,130,131,70,112
1,<environment.Job instance at 0x1530190a43c0>,47,1,[1 8],61,141,142,80,113
1,<environment.Job instance at 0x1530214dccd0>,48,2,[6 2],62,130,132,68,113
1,<environment.Job instance at 0x1530214dc460>,49,13,[2 9],63,142,155,79,126
1,<environment.Job instance at 0x1530214dc6e0>,50,1,[6 2],65,131,132,66,126
1,<environment.Job instance at 0x1530214dc140>,51,3,[8 2],66,132,135,66,126
1,<environment.Job instance at 0x153019435870>,52,2,[ 1 10],68,155,157,87,128
1,<environment.Job instance at 0x1530200943c0>,53,13,[10  1],69,135,148,66,128
1,<environment.Job instance at 0x153028182870>,10,21,[2 5],15,170,191,155,170
1,<environment.Job instance at 0x1530309f0dc0>,11,15,[5 2],16,830,845,814,830
1,<environment.Job instance at 0x153028182780>,12,3,[2 7],18,1817,1820,1799,1817
1,<environment.Job instance at 0x1530200bde10>,8,3,[5 2],9,9,12,0,9
1,<environment.Job instance at 0x1530192fc280>,9,2,[8 2],10,10,12,0,10
1,<environment.Job instance at 0x15302bcdb960>,10,3,[2 8],11,11,14,0,11
1,<environment.Job instance at 0x153032b7b690>,11,2,[2 5],12,13,15,1,13
1,<environment.Job instance at 0x153030059aa0>,12,13,[7 2],14,14,27,0,14
1,<environment.Job instance at 0x15302bcdbd70>,13,22,[8 1],15,15,37,0,15
1,<environment.Job instance at 0x15302048de10>,14,15,[ 2 10],16,27,42,11,16
1,<environment.Job instance at 0x15302bc6bc30>,15,3,[10  2],17,37,40,20,17
1,<environment.Job instance at 0x1530214a05f0>,16,3,[2 5],19,40,43,21,19
1,<environment.Job instance at 0x1530305d25a0>,17,17,[1 7],20,42,59,22,30
1,<environment.Job instance at 0x153032be5820>,18,3,[7 2],21,42,45,21,30
1,<environment.Job instance at 0x153019726730>,19,2,[2 9],22,59,61,37,32
1,<environment.Job instance at 0x15302814df00>,20,2,[2 7],23,45,47,22,32
1,<environment.Job instance at 0x1530305d2730>,21,18,[6 1],25,43,61,18,32
1,<environment.Job instance at 0x1530195c9b90>,22,15,[2 9],26,61,76,35,47
1,<environment.Job instance at 0x1530305d2370>,23,2,[10  1],27,61,63,34,47
1,<environment.Job instance at 0x1530195c95f0>,24,22,[2 6],29,63,85,34,56
1,<environment.Job instance at 0x15301903e280>,25,1,[ 1 14],30,85,86,55,57
1,<environment.Job instance at 0x15301bf92e10>,26,16,[6 2],31,86,102,55,73
1,<environment.Job instance at 0x15301bf92050>,27,1,[6 1],32,76,77,44,73
1,<environment.Job instance at 0x153032278aa0>,28,2,[9 1],34,77,79,43,73
1,<environment.Job instance at 0x153032278af0>,29,19,[1 5],36,86,105,50,76
1,<environment.Job instance at 0x153032278280>,30,1,[8 1],37,79,80,42,76
1,<environment.Job instance at 0x153032278d20>,31,1,[5 1],39,76,77,37,76
1,<environment.Job instance at 0x153032278820>,32,2,[7 2],40,80,82,40,76
1,<environment.Job instance at 0x153032278cd0>,33,3,[ 2 14],42,105,108,63,79
1,<environment.Job instance at 0x15301bf0a730>,34,3,[1 8],43,82,85,39,79
1,<environment.Job instance at 0x1530322785a0>,35,1,[ 2 10],44,102,103,58,79
1,<environment.Job instance at 0x15301bf0ae60>,36,2,[7 2],46,86,88,40,79
1,<environment.Job instance at 0x15301bf0a5a0>,37,1,[6 1],47,80,81,33,79
1,<environment.Job instance at 0x15301bf0ad70>,38,2,[6 1],49,81,83,32,79
1,<environment.Job instance at 0x15301bf0a870>,39,17,[1 7],50,108,125,58,96
1,<environment.Job instance at 0x153032504550>,40,15,[10  2],54,108,123,54,96
1,<environment.Job instance at 0x15303085be10>,41,2,[7 2],55,96,98,41,96
1,<environment.Job instance at 0x15301bf0a0a0>,42,1,[1 5],57,96,97,39,96
1,<environment.Job instance at 0x15301bf0afa0>,43,14,[5 2],59,123,137,64,108
1,<environment.Job instance at 0x15301bf38eb0>,44,27,[5 1],60,123,150,63,121
1,<environment.Job instance at 0x153019062af0>,45,15,[14  1],61,150,165,89,136
1,<environment.Job instance at 0x15301bf38af0>,46,2,[1 9],62,136,138,74,136
1,<environment.Job instance at 0x1530196066e0>,47,14,[1 6],63,138,152,75,136
1,<environment.Job instance at 0x1530201b8e10>,48,1,[1 8],64,138,139,74,136
1,<environment.Job instance at 0x1530201b8aa0>,49,1,[2 9],66,165,166,99,137
1,<environment.Job instance at 0x1530322de6e0>,50,2,[10  2],67,165,167,98,138
1,<environment.Job instance at 0x153030098190>,6,1,[5 1],7,174,175,167,174
1,<environment.Job instance at 0x1530203f04b0>,5,3,[2 7],6,350,353,344,350
1,<environment.Job instance at 0x153021583190>,3,25,[6 1],5,5,30,0,5
1,<environment.Job instance at 0x153020429d20>,11,22,[2 5],19,19,41,0,19
1,<environment.Job instance at 0x1530201d7e10>,18,23,[2 6],24,34,57,10,34
1,<environment.Job instance at 0x1530201d7280>,20,14,[ 1 10],27,57,71,30,42
1,<environment.Job instance at 0x1530201d7d70>,21,1,[5 2],28,42,43,14,42
1,<environment.Job instance at 0x1530201d7780>,22,1,[8 2],29,42,43,13,42
1,<environment.Job instance at 0x153019f9daa0>,23,2,[7 2],31,43,45,12,42
1,<environment.Job instance at 0x153019f9d1e0>,24,3,[6 1],33,43,46,10,42
1,<environment.Job instance at 0x153019f9d8c0>,25,2,[10  1],34,46,48,12,42
1,<environment.Job instance at 0x153019f9deb0>,26,1,[9 1],35,48,49,13,42
1,<environment.Job instance at 0x153019f9d460>,27,3,[5 1],36,49,52,13,42
1,<environment.Job instance at 0x153019f9dc80>,28,3,[1 6],37,45,48,8,42
1,<environment.Job instance at 0x153019f9d9b0>,29,3,[12  1],39,52,55,13,42
1,<environment.Job instance at 0x153019f010f0>,30,20,[8 1],40,55,75,15,46
1,<environment.Job instance at 0x153019f01730>,31,2,[7 1],41,49,51,8,46
1,<environment.Job instance at 0x153019f011e0>,32,3,[9 1],46,75,78,29,49
1,<environment.Job instance at 0x153019f01500>,33,13,[2 5],48,71,84,23,55
1,<environment.Job instance at 0x153019f01460>,34,2,[1 8],49,55,57,6,55
1,<environment.Job instance at 0x153019f01820>,35,1,[2 6],50,71,72,21,55
1,<environment.Job instance at 0x153019f01c30>,36,2,[9 2],53,78,80,25,55
1,<environment.Job instance at 0x153019f01410>,37,1,[ 2 10],57,80,81,23,57
1,<environment.Job instance at 0x1530305cf0f0>,38,3,[11  1],59,81,84,22,59
1,<environment.Job instance at 0x1530305cf190>,39,13,[ 2 11],60,84,97,24,68
1,<environment.Job instance at 0x1530305cfb90>,40,3,[1 8],61,72,75,11,68
1,<environment.Job instance at 0x1530305cff00>,41,1,[8 1],63,84,85,21,68
1,<environment.Job instance at 0x1530305cf500>,42,16,[9 1],64,85,101,21,72
1,<environment.Job instance at 0x1530305cf960>,43,12,[7 2],66,101,113,35,84
1,<environment.Job instance at 0x1530202ccdc0>,10,1,[6 1],13,160,161,147,160
1,<environment.Job instance at 0x153018d24b40>,9,21,[5 1],12,12,33,0,12
1,<environment.Job instance at 0x15303097d550>,12,1,[ 2 10],16,16,17,0,16
1,<environment.Job instance at 0x1530300b6230>,13,2,[1 6],17,17,19,0,17
1,<environment.Job instance at 0x1530300b60a0>,14,2,[8 1],18,18,20,0,18
1,<environment.Job instance at 0x1530308a3820>,15,1,[2 7],20,20,21,0,20
1,<environment.Job instance at 0x153019300550>,16,2,[1 8],21,21,23,0,21
1,<environment.Job instance at 0x153021503f00>,17,13,[7 1],22,22,35,0,22
1,<environment.Job instance at 0x153019f210a0>,18,3,[ 2 10],25,25,28,0,25
1,<environment.Job instance at 0x1530193078c0>,19,2,[2 7],26,28,30,2,26
1,<environment.Job instance at 0x153032275960>,20,22,[ 2 10],27,30,52,3,27
1,<environment.Job instance at 0x1530322753c0>,21,2,[10  2],28,35,37,7,28
1,<environment.Job instance at 0x153032275370>,22,2,[1 7],29,52,54,23,29
1,<environment.Job instance at 0x153032275550>,23,3,[2 8],30,52,55,22,30
1,<environment.Job instance at 0x153032275e10>,24,2,[6 2],31,33,35,2,31
1,<environment.Job instance at 0x153032275190>,25,1,[7 1],34,37,38,3,34
1,<environment.Job instance at 0x1530193f5d20>,26,2,[5 2],35,37,39,2,35
1,<environment.Job instance at 0x1530193f5d70>,27,15,[1 9],36,55,70,19,41
1,<environment.Job instance at 0x1530193f5870>,28,3,[6 1],37,41,44,4,41
1,<environment.Job instance at 0x1530193f5910>,29,2,[ 1 10],38,70,72,32,43
1,<environment.Job instance at 0x1530193f5aa0>,30,1,[7 1],39,43,44,4,43
1,<environment.Job instance at 0x15301921cb40>,31,1,[2 6],42,54,55,12,43
1,<environment.Job instance at 0x15301921c230>,32,2,[10  2],43,44,46,1,43
1,<environment.Job instance at 0x15301933c960>,33,1,[5 1],44,46,47,2,44
1,<environment.Job instance at 0x15301933cfa0>,34,2,[8 2],45,46,48,1,45
1,<environment.Job instance at 0x153019359eb0>,35,1,[6 1],46,48,49,2,46
1,<environment.Job instance at 0x153019359730>,36,3,[8 1],48,49,52,1,48
1,<environment.Job instance at 0x153019359460>,37,15,[6 1],52,54,69,2,52
1,<environment.Job instance at 0x153021572550>,38,2,[8 2],53,55,57,2,53
1,<environment.Job instance at 0x153021572500>,39,17,[10  1],56,69,86,13,57
1,<environment.Job instance at 0x153021572af0>,40,3,[2 6],57,72,75,15,57
1,<environment.Job instance at 0x153021572640>,41,2,[7 1],58,58,60,0,58
1,<environment.Job instance at 0x15302132beb0>,42,21,[6 1],60,86,107,26,78
1,<environment.Job instance at 0x1530193eda50>,43,3,[ 2 13],62,78,81,16,78
1,<environment.Job instance at 0x15301bf3b410>,44,14,[2 6],63,81,95,18,78
1,<environment.Job instance at 0x15301bf3bb40>,45,1,[ 2 10],64,95,96,31,78
1,<environment.Job instance at 0x15301bf3b1e0>,46,2,[2 8],65,81,83,16,78
1,<environment.Job instance at 0x15301bf3b960>,47,1,[1 7],68,83,84,15,78
1,<environment.Job instance at 0x15303097d190>,10,3,[2 8],13,984,987,971,984
1,<environment.Job instance at 0x15303097d910>,6,2,[ 1 12],9,990,992,981,990
1,<environment.Job instance at 0x153019405780>,1,27,[5 2],2,2,29,0,2
1,<environment.Job instance at 0x1530190d9af0>,10,13,[8 2],16,16,29,0,16
1,<environment.Job instance at 0x1530190d9dc0>,11,1,[7 1],17,29,30,12,17
1,<environment.Job instance at 0x1530190d9370>,12,1,[2 6],19,19,20,0,19
1,<environment.Job instance at 0x1530190d9e60>,13,3,[1 5],20,20,23,0,20
1,<environment.Job instance at 0x15302bc76640>,14,3,[8 2],23,29,32,6,23
1,<environment.Job instance at 0x1530190d9730>,15,1,[1 7],24,24,25,0,24
1,<environment.Job instance at 0x1530190d5e10>,16,3,[2 8],25,25,28,0,25
1,<environment.Job instance at 0x1530190d8550>,17,2,[7 1],26,30,32,4,26
1,<environment.Job instance at 0x1530190d8690>,18,28,[1 6],27,32,60,5,32
1,<environment.Job instance at 0x1530190d82d0>,23,2,[5 1],35,40,42,5,40
1,<environment.Job instance at 0x153030990cd0>,29,1,[1 9],43,43,44,0,43
1,<environment.Job instance at 0x1530309b2460>,33,20,[ 2 11],48,60,80,12,51
1,<environment.Job instance at 0x15301950f780>,34,16,[9 2],50,51,67,1,51
1,<environment.Job instance at 0x15301950fa50>,35,3,[ 2 10],51,80,83,29,54
1,<environment.Job instance at 0x15301950f4b0>,36,15,[6 1],53,67,82,14,54
1,<environment.Job instance at 0x15301950fc80>,37,1,[9 2],54,82,83,28,54
1,<environment.Job instance at 0x15301950fd70>,38,1,[2 8],55,83,84,28,55
1,<environment.Job instance at 0x15301950f9b0>,39,1,[5 1],56,56,57,0,56
1,<environment.Job instance at 0x15301950ff00>,40,1,[8 1],58,83,84,25,58
1,<environment.Job instance at 0x1530194fa5a0>,41,1,[1 8],60,84,85,24,60
1,<environment.Job instance at 0x1530194fa140>,42,1,[2 9],61,85,86,24,61
1,<environment.Job instance at 0x1530194ef050>,43,3,[1 9],62,86,89,24,62
1,<environment.Job instance at 0x1530194ef730>,44,14,[ 1 10],64,89,103,25,74
1,<environment.Job instance at 0x15302bc6e1e0>,45,1,[7 2],65,74,75,9,74
1,<environment.Job instance at 0x15302bc6e7d0>,46,1,[10  1],66,84,85,18,74
1,<environment.Job instance at 0x15302bc6ed70>,47,3,[2 5],68,83,86,15,74
1,<environment.Job instance at 0x153019f2ad70>,48,2,[6 2],69,75,77,6,74
1,<environment.Job instance at 0x153019405230>,3,1,[9 1],4,1097,1098,1093,1097
1,<environment.Job instance at 0x15302bd8b190>,7,26,[8 1],8,8,34,0,8
1,<environment.Job instance at 0x153021449190>,14,2,[2 9],15,15,17,0,15
1,<environment.Job instance at 0x153021449960>,15,13,[2 8],17,17,30,0,17
1,<environment.Job instance at 0x153021449500>,16,3,[7 2],18,30,33,12,18
1,<environment.Job instance at 0x153018db9910>,17,17,[ 2 10],19,33,50,14,21
1,<environment.Job instance at 0x153018db9cd0>,18,1,[1 8],22,50,51,28,22
1,<environment.Job instance at 0x153018db9500>,19,16,[5 2],23,33,49,10,23
1,<environment.Job instance at 0x153018db94b0>,20,1,[6 1],25,34,35,9,25
1,<environment.Job instance at 0x15302814dfa0>,21,28,[14  1],28,50,78,22,49
1,<environment.Job instance at 0x1530196590f0>,23,3,[7 1],30,78,81,48,52
1,<environment.Job instance at 0x153019659f50>,24,1,[6 1],31,78,79,47,52
1,<environment.Job instance at 0x153032281320>,25,15,[6 2],32,79,94,47,65
1,<environment.Job instance at 0x1530309008c0>,26,3,[2 9],33,78,81,45,65
1,<environment.Job instance at 0x153032281eb0>,27,17,[1 8],35,81,98,46,69
1,<environment.Job instance at 0x153020059320>,28,2,[11  2],36,94,96,58,69
1,<environment.Job instance at 0x153020059f00>,29,16,[2 7],37,96,112,59,83
1,<environment.Job instance at 0x153020059aa0>,30,2,[1 8],39,98,100,59,83
1,<environment.Job instance at 0x153019ea8c30>,31,2,[1 5],40,83,85,43,83
1,<environment.Job instance at 0x1530200594b0>,32,1,[1 5],41,85,86,44,83
1,<environment.Job instance at 0x153019ea8910>,33,2,[9 1],42,100,102,58,83
1,<environment.Job instance at 0x153019ea8500>,34,3,[9 2],43,102,105,59,83
1,<environment.Job instance at 0x153019ea8b90>,35,17,[5 2],44,105,122,61,93
1,<environment.Job instance at 0x153019ea8460>,36,2,[2 6],46,100,102,54,93
1,<environment.Job instance at 0x153019ea8780>,37,1,[ 1 10],47,112,113,65,93
1,<environment.Job instance at 0x153019ea8e10>,38,1,[2 7],48,113,114,65,93
1,<environment.Job instance at 0x1530192d2b40>,39,2,[2 6],49,102,104,53,93
1,<environment.Job instance at 0x1530192d2230>,40,17,[5 2],50,105,122,55,93
1,<environment.Job instance at 0x1530192d2050>,41,2,[5 1],52,114,116,62,93
1,<environment.Job instance at 0x1530192d2410>,42,2,[8 2],53,122,124,69,95
1,<environment.Job instance at 0x1530192d2140>,43,2,[12  1],55,124,126,69,97
1,<environment.Job instance at 0x1530192d27d0>,44,14,[1 9],56,116,130,60,101
1,<environment.Job instance at 0x1530192d21e0>,45,1,[2 8],57,130,131,73,102
1,<environment.Job instance at 0x1530192d2460>,46,18,[10  2],58,126,144,68,115
1,<environment.Job instance at 0x1530192d2190>,47,12,[2 9],59,131,143,72,115
1,<environment.Job instance at 0x1530192d25f0>,48,15,[2 5],60,143,158,83,129
1,<environment.Job instance at 0x1530192d2d70>,49,3,[1 6],61,143,146,82,129
1,<environment.Job instance at 0x1530192d2910>,50,2,[1 8],63,146,148,83,129
1,<environment.Job instance at 0x15303093d5a0>,51,17,[7 1],64,144,161,80,132
1,<environment.Job instance at 0x1530192d2e10>,52,16,[8 2],65,158,174,93,145
1,<environment.Job instance at 0x153018e2d050>,53,3,[1 5],68,148,151,80,145
1,<environment.Job instance at 0x153020422780>,54,1,[10  1],69,174,175,105,146
1,<environment.Job instance at 0x15302031a500>,11,21,[9 2],12,175,196,163,174
1,<environment.Job instance at 0x15302bd8bc80>,12,17,[7 2],13,206,223,193,206
1,<environment.Job instance at 0x153028024960>,15,16,[2 5],21,41,57,20,41
1,<environment.Job instance at 0x1530214838c0>,22,3,[2 7],30,41,44,11,41
1,<environment.Job instance at 0x153021483a50>,23,2,[8 2],32,41,43,9,41
1,<environment.Job instance at 0x153018d0cf50>,24,14,[2 9],37,44,58,7,41
1,<environment.Job instance at 0x15301bf125f0>,25,1,[5 2],39,43,44,4,41
1,<environment.Job instance at 0x15302155e280>,26,13,[7 2],40,57,70,17,41
1,<environment.Job instance at 0x153018f3b0f0>,27,1,[7 2],42,58,59,16,42
1,<environment.Job instance at 0x153018f3b2d0>,28,1,[2 8],43,59,60,16,43
1,<environment.Job instance at 0x1530213a27d0>,29,2,[2 9],44,60,62,16,44
1,<environment.Job instance at 0x1530213a20a0>,30,3,[2 6],45,62,65,17,45
1,<environment.Job instance at 0x15301949eb40>,31,2,[7 1],47,47,49,0,47
1,<environment.Job instance at 0x1530213a25f0>,32,1,[ 1 10],48,58,59,10,48
1,<environment.Job instance at 0x1530213be0a0>,33,26,[2 5],49,62,88,13,59
1,<environment.Job instance at 0x1530213be0f0>,34,3,[1 9],51,70,73,19,59
1,<environment.Job instance at 0x1530213be690>,35,17,[1 5],52,73,90,21,61
1,<environment.Job instance at 0x1530213be3c0>,36,3,[8 1],54,70,73,16,61
1,<environment.Job instance at 0x1530213beb40>,37,1,[1 8],55,65,66,10,61
1,<environment.Job instance at 0x1530213be870>,38,1,[10  2],59,73,74,14,61
1,<environment.Job instance at 0x1530213be820>,39,2,[2 6],60,66,68,6,61
1,<environment.Job instance at 0x153019e92eb0>,40,1,[1 5],61,68,69,7,61
1,<environment.Job instance at 0x153019e92370>,41,3,[7 2],63,74,77,11,63
1,<environment.Job instance at 0x153030195780>,42,1,[2 8],64,69,70,5,64
1,<environment.Job instance at 0x153019e92b40>,43,18,[1 7],66,88,106,22,77
1,<environment.Job instance at 0x1530190b8730>,44,3,[10  1],68,77,80,9,77
1,<environment.Job instance at 0x15302805d5f0>,45,2,[ 2 13],69,106,108,37,79
1,<environment.Job instance at 0x153028024280>,14,3,[9 1],20,115,118,95,115
1,<environment.Job instance at 0x153028024140>,12,1,[ 2 13],18,120,121,102,120
1,<environment.Job instance at 0x1530280246e0>,13,2,[2 5],19,124,126,105,124
1,<environment.Job instance at 0x1530308f3190>,9,24,[2 9],12,12,36,0,12
1,<environment.Job instance at 0x1530308f3be0>,10,3,[2 5],15,74,77,59,74
1,<environment.Job instance at 0x1530308f3050>,11,18,[5 2],17,74,92,57,74
1,<environment.Job instance at 0x1530308f3e10>,12,1,[1 6],18,74,75,56,74
1,<environment.Job instance at 0x1530308f3140>,13,2,[2 6],20,75,77,55,75
1,<environment.Job instance at 0x15301933c6e0>,14,2,[6 2],21,169,171,148,169
1,<environment.Job instance at 0x15301933c320>,15,3,[2 7],22,196,199,174,196
1,<environment.Job instance at 0x15301933cc80>,16,1,[10  1],26,196,197,170,196
1,<environment.Job instance at 0x15301933c8c0>,17,3,[10  1],27,197,200,170,196
1,<environment.Job instance at 0x1530192a5500>,18,2,[6 1],28,200,202,172,196
1,<environment.Job instance at 0x15301933c1e0>,19,3,[1 5],29,196,199,167,196
1,<environment.Job instance at 0x1530200a93c0>,20,2,[10  2],30,202,204,172,196
1,<environment.Job instance at 0x15301933cdc0>,21,1,[9 1],31,200,201,169,196
1,<environment.Job instance at 0x15301933ca50>,22,1,[1 8],32,199,200,167,197
1,<environment.Job instance at 0x153032bdf730>,23,25,[9 1],33,204,229,171,200
1,<environment.Job instance at 0x153030965f50>,24,3,[2 7],34,201,204,167,200
1,<environment.Job instance at 0x153019f7f140>,25,1,[7 1],35,201,202,166,200
1,<environment.Job instance at 0x153019642b90>,26,2,[7 2],36,229,231,193,202
1,<environment.Job instance at 0x153019f7fb40>,27,13,[10  1],38,231,244,193,215
1,<environment.Job instance at 0x15301926c910>,28,3,[2 6],39,215,218,176,215
1,<environment.Job instance at 0x1530195d7500>,29,2,[8 1],40,229,231,189,215
1,<environment.Job instance at 0x15301926c5a0>,30,1,[6 2],41,218,219,177,215
1,<environment.Job instance at 0x1530204073c0>,31,1,[9 1],42,244,245,202,216
1,<environment.Job instance at 0x153020407dc0>,32,1,[2 5],44,216,217,172,216
1,<environment.Job instance at 0x153028163050>,33,3,[10  2],47,245,248,198,219
1,<environment.Job instance at 0x153028163c80>,34,1,[2 7],48,220,221,172,220
1,<environment.Job instance at 0x153028163820>,35,2,[ 1 14],50,222,224,172,222
1,<environment.Job instance at 0x15301a0242d0>,36,1,[7 2],51,248,249,197,224
1,<environment.Job instance at 0x15301a024b40>,37,3,[9 1],52,249,252,197,224
1,<environment.Job instance at 0x1530280692d0>,38,15,[6 1],53,248,263,195,234
1,<environment.Job instance at 0x15301a024960>,39,1,[2 5],54,235,236,181,235
1,<environment.Job instance at 0x153019ecd280>,40,2,[1 5],56,235,237,179,235
1,<environment.Job instance at 0x15301a024780>,41,3,[2 8],57,236,239,179,235
1,<environment.Job instance at 0x1530200b65a0>,42,17,[10  1],58,263,280,205,251
1,<environment.Job instance at 0x1530200b6a50>,43,26,[5 2],59,252,278,193,251
1,<environment.Job instance at 0x15301912b910>,44,1,[8 2],60,280,281,220,252
1,<environment.Job instance at 0x1530195c8c80>,45,2,[2 6],61,259,261,198,259
1,<environment.Job instance at 0x1530195c8f00>,46,3,[1 9],62,278,281,216,259
1,<environment.Job instance at 0x1530195c8eb0>,47,2,[1 7],64,281,283,217,263
1,<environment.Job instance at 0x1530281666e0>,48,3,[2 9],65,283,286,218,266
1,<environment.Job instance at 0x1530308f3780>,7,1,[1 5],10,448,449,438,448
1,<environment.Job instance at 0x1530281660f0>,50,1,[5 1],67,450,451,383,450
1,<environment.Job instance at 0x151328d4aa00>,23,2,[8 1],31,35,37,4,35
1,<environment.Job instance at 0x151328d4ad70>,24,12,[ 1 10],32,35,47,3,35
1,<environment.Job instance at 0x151328c1e370>,25,2,[2 8],34,47,49,13,36
1,<environment.Job instance at 0x151328c1ec80>,26,1,[2 7],35,47,48,12,40
1,<environment.Job instance at 0x151328c1ef00>,27,2,[2 7],36,48,50,12,40
1,<environment.Job instance at 0x151328c1e910>,28,2,[2 7],37,49,51,12,40
1,<environment.Job instance at 0x151328c1ee10>,29,16,[10  2],39,50,66,11,40
1,<environment.Job instance at 0x151328c1e6e0>,30,15,[2 9],40,51,66,11,40
1,<environment.Job instance at 0x151328c194b0>,31,3,[9 2],41,41,44,0,41
1,<environment.Job instance at 0x151328c19730>,32,3,[2 9],42,66,69,24,42
1,<environment.Job instance at 0x151328c195a0>,33,1,[2 7],43,69,70,26,43
1,<environment.Job instance at 0x151328c19140>,34,15,[11  1],44,66,81,22,52
1,<environment.Job instance at 0x151328c19690>,35,2,[1 8],45,70,72,25,52
1,<environment.Job instance at 0x151328c191e0>,36,3,[10  2],48,81,84,33,55
1,<environment.Job instance at 0x151328c19050>,37,2,[ 1 10],50,72,74,22,55
1,<environment.Job instance at 0x151328c18f00>,38,1,[8 1],51,84,85,33,56
1,<environment.Job instance at 0x151328c18cd0>,39,3,[1 5],52,66,69,14,56
1,<environment.Job instance at 0x151328c18280>,40,3,[1 6],53,69,72,16,56
1,<environment.Job instance at 0x151328c181e0>,41,25,[12  2],54,85,110,31,81
1,<environment.Job instance at 0x151328cd4c30>,42,1,[10  1],56,110,111,54,82
1,<environment.Job instance at 0x151328c90c80>,43,3,[7 2],57,111,114,54,85
1,<environment.Job instance at 0x151328c905a0>,44,3,[1 8],58,85,88,27,85
1,<environment.Job instance at 0x151328c90eb0>,45,3,[2 8],60,88,91,28,85
1,<environment.Job instance at 0x151328c358c0>,46,2,[2 8],61,91,93,30,85
1,<environment.Job instance at 0x151328c35320>,47,1,[1 6],63,93,94,30,85
1,<environment.Job instance at 0x151328c35460>,48,1,[2 9],65,94,95,29,85
1,<environment.Job instance at 0x151328c35eb0>,49,16,[8 2],66,111,127,45,98
1,<environment.Job instance at 0x151328c35140>,50,12,[9 1],68,127,139,59,110
1,<environment.Job instance at 0x151328cd1780>,21,3,[6 1],29,114,117,85,112
1,<environment.Job instance at 0x151328c35c30>,51,2,[8 2],69,139,141,70,112
1,<environment.Job instance at 0x151328c35cd0>,53,3,[6 1],73,117,120,44,112
1,<environment.Job instance at 0x151328c359b0>,54,2,[2 5],75,120,122,45,112
1,<environment.Job instance at 0x151328c354b0>,55,16,[2 5],76,120,136,44,112
1,<environment.Job instance at 0x151328c95d70>,56,1,[10  2],79,141,142,62,113
1,<environment.Job instance at 0x151328c35be0>,52,2,[1 7],72,142,144,70,142
1,<environment.Job instance at 0x151328d3ffa0>,20,2,[ 1 13],27,147,149,120,147
1,<environment.Job instance at 0x15132ad09d20>,12,2,[ 2 10],17,17,19,0,17
1,<environment.Job instance at 0x15132ad09280>,13,3,[2 9],19,19,22,0,19
1,<environment.Job instance at 0x15132ad09f00>,14,13,[7 2],22,22,35,0,22
1,<environment.Job instance at 0x15132ad09550>,15,2,[6 2],23,23,25,0,23
1,<environment.Job instance at 0x15132ad0af00>,16,3,[6 2],26,26,29,0,26
1,<environment.Job instance at 0x15132ad0abe0>,17,1,[1 6],27,27,28,0,27
1,<environment.Job instance at 0x15132ad0a640>,18,2,[2 5],28,28,30,0,28
1,<environment.Job instance at 0x15132ad0a3c0>,19,2,[ 1 10],29,30,32,1,29
1,<environment.Job instance at 0x15132ad0a5f0>,20,3,[2 9],30,32,35,2,30
1,<environment.Job instance at 0x15132ac9fb40>,21,3,[7 2],31,35,38,4,31
1,<environment.Job instance at 0x15132ac9fcd0>,22,14,[7 1],32,35,49,3,32
1,<environment.Job instance at 0x15132ac9f140>,23,3,[ 2 10],34,38,41,4,34
1,<environment.Job instance at 0x15132ac9faa0>,24,12,[2 8],35,41,53,6,35
1,<environment.Job instance at 0x15132ac9f0f0>,25,1,[10  1],37,49,50,12,37
1,<environment.Job instance at 0x15132ac9f320>,26,2,[ 1 10],38,53,55,15,38
1,<environment.Job instance at 0x15132ac9fa50>,27,1,[7 2],40,50,51,10,40
1,<environment.Job instance at 0x15132ac9f0a0>,28,2,[1 8],41,55,57,14,41
1,<environment.Job instance at 0x15132ac9f1e0>,29,2,[2 6],42,42,44,0,42
1,<environment.Job instance at 0x15132ac9f820>,30,1,[1 5],43,44,45,1,43
1,<environment.Job instance at 0x15132aca57d0>,31,2,[1 9],46,57,59,11,46
1,<environment.Job instance at 0x15132aca5370>,32,1,[2 7],47,51,52,4,47
1,<environment.Job instance at 0x15132aca5fa0>,33,1,[2 5],48,48,49,0,48
1,<environment.Job instance at 0x15132aca5b90>,34,15,[7 1],49,52,67,3,49
1,<environment.Job instance at 0x15132aca5550>,35,2,[14  1],50,67,69,17,50
1,<environment.Job instance at 0x15132aca5f00>,36,1,[5 1],51,52,53,1,51
1,<environment.Job instance at 0x15132aca5910>,37,3,[2 8],52,59,62,7,52
1,<environment.Job instance at 0x15132aca5320>,38,12,[9 2],54,69,81,15,54
1,<environment.Job instance at 0x15132aca5b40>,39,15,[10  2],55,81,96,26,67
1,<environment.Job instance at 0x15132ae1cc30>,40,13,[ 1 10],56,67,80,11,67
1,<environment.Job instance at 0x15132ae1cf00>,41,16,[8 1],57,96,112,39,83
1,<environment.Job instance at 0x15132ae1cd20>,42,17,[1 9],59,83,100,24,83
1,<environment.Job instance at 0x15132ada5140>,43,13,[2 9],60,100,113,40,84
1,<environment.Job instance at 0x15132ada50a0>,44,1,[2 8],61,113,114,52,85
1,<environment.Job instance at 0x15132ae1c500>,45,1,[ 2 10],62,114,115,52,86
1,<environment.Job instance at 0x15132ada52d0>,46,1,[ 2 14],63,115,116,52,87
1,<environment.Job instance at 0x15132adbce10>,47,1,[8 2],64,112,113,48,87
1,<environment.Job instance at 0x15132adbc2d0>,48,15,[5 1],65,96,111,31,87
1,<environment.Job instance at 0x15132adbc9b0>,49,18,[1 8],66,116,134,50,105
1,<environment.Job instance at 0x15132adbcf00>,50,2,[ 1 10],70,134,136,64,107
1,<environment.Job instance at 0x15132adbce60>,51,3,[11  2],71,116,119,45,107
1,<environment.Job instance at 0x15132adbc5f0>,52,3,[ 2 10],72,136,139,64,110
1,<environment.Job instance at 0x15132adbcb40>,53,3,[2 5],73,116,119,43,110
1,<environment.Job instance at 0x15132adbc460>,54,1,[8 1],74,113,114,39,110
1,<environment.Job instance at 0x15132adbc820>,55,3,[5 2],76,111,114,35,110
1,<environment.Job instance at 0x15132adbca50>,56,15,[9 2],77,119,134,42,110
1,<environment.Job instance at 0x15132adbcf50>,57,18,[2 6],78,139,157,61,128
1,<environment.Job instance at 0x15132adbc910>,58,1,[1 6],79,139,140,60,128
1,<environment.Job instance at 0x15132ad09e60>,9,1,[13  1],14,2615,2616,2601,2615
1,<environment.Job instance at 0x15132ad09b40>,11,1,[2 5],16,2700,2701,2684,2700
1,<environment.Job instance at 0x15132ecbbd70>,17,13,[ 1 11],31,32,45,1,32
1,<environment.Job instance at 0x15132eca4410>,18,2,[6 2],32,33,35,1,33
1,<environment.Job instance at 0x15132ecbb1e0>,19,1,[1 5],33,45,46,12,33
1,<environment.Job instance at 0x15135cb2f3c0>,20,16,[1 7],34,45,61,11,34
1,<environment.Job instance at 0x151330717eb0>,21,3,[ 2 10],35,61,64,26,35
1,<environment.Job instance at 0x1513323f4aa0>,22,3,[ 1 13],36,64,67,28,38
1,<environment.Job instance at 0x15132ecae640>,23,3,[1 5],39,46,49,7,39
1,<environment.Job instance at 0x15132ecae1e0>,24,21,[ 2 13],40,67,88,27,59
1,<environment.Job instance at 0x15132c5e4c80>,25,1,[2 8],41,59,60,18,59
1,<environment.Job instance at 0x15135c084e10>,26,1,[7 1],42,60,61,18,59
1,<environment.Job instance at 0x15135c084b40>,27,18,[5 2],43,60,78,17,59
1,<environment.Job instance at 0x15135c084050>,28,2,[8 2],45,61,63,16,59
1,<environment.Job instance at 0x15132adb7eb0>,29,3,[1 7],46,88,91,42,62
1,<environment.Job instance at 0x15132adb7730>,30,18,[8 1],47,78,96,31,67
1,<environment.Job instance at 0x15132adb70f0>,31,1,[5 2],48,88,89,40,67
1,<environment.Job instance at 0x151328037140>,32,1,[1 8],49,91,92,42,67
1,<environment.Job instance at 0x15132c19a870>,33,3,[1 7],50,92,95,42,67
1,<environment.Job instance at 0x151328037050>,34,2,[5 2],52,89,91,37,67
1,<environment.Job instance at 0x15132adb7780>,35,2,[1 7],54,92,94,38,67
1,<environment.Job instance at 0x15132823ed20>,36,2,[5 2],55,94,96,39,67
1,<environment.Job instance at 0x15132823e8c0>,37,1,[1 6],57,91,92,34,67
1,<environment.Job instance at 0x15132823e140>,38,12,[7 1],58,96,108,38,79
1,<environment.Job instance at 0x15132823ef50>,39,2,[10  1],59,108,110,49,81
1,<environment.Job instance at 0x15132823e550>,40,3,[2 7],60,95,98,35,81
1,<environment.Job instance at 0x15132823e7d0>,41,17,[7 1],62,110,127,48,98
1,<environment.Job instance at 0x15132823eb40>,42,1,[2 5],64,98,99,34,98
1,<environment.Job instance at 0x15132ac848c0>,43,3,[1 8],65,98,101,33,98
1,<environment.Job instance at 0x15135cd9bfa0>,44,12,[7 2],67,110,122,43,98
1,<environment.Job instance at 0x15132ac84190>,45,2,[7 2],69,99,101,30,98
1,<environment.Job instance at 0x15132d429410>,46,3,[ 2 10],71,101,104,30,98
1,<environment.Job instance at 0x15132d4290a0>,47,14,[8 2],72,122,136,50,107
1,<environment.Job instance at 0x15132d429f50>,48,2,[2 5],74,107,109,33,107
1,<environment.Job instance at 0x15132c58bfa0>,49,1,[ 2 10],75,109,110,34,107
1,<environment.Job instance at 0x1513323ee050>,50,14,[8 1],76,136,150,60,121
1,<environment.Job instance at 0x15132c58b0a0>,51,2,[ 1 10],77,127,129,50,121
1,<environment.Job instance at 0x15135dfca910>,52,3,[7 2],78,129,132,51,121
1,<environment.Job instance at 0x15132d455870>,14,14,[6 1],27,136,150,109,136
1,<environment.Job instance at 0x151327ee5410>,12,3,[5 2],23,23,26,0,23
1,<environment.Job instance at 0x151328bfa500>,13,16,[7 2],24,24,40,0,24
1,<environment.Job instance at 0x151328c8b0f0>,14,1,[ 2 10],25,25,26,0,25
1,<environment.Job instance at 0x151327ee5370>,15,18,[5 2],27,27,45,0,27
1,<environment.Job instance at 0x151328bfa690>,16,1,[1 8],28,28,29,0,28
1,<environment.Job instance at 0x1513284d6960>,17,13,[1 7],30,30,43,0,30
1,<environment.Job instance at 0x1513284d6280>,18,12,[2 9],33,43,55,10,33
1,<environment.Job instance at 0x151328783640>,19,3,[5 2],34,40,43,6,34
1,<environment.Job instance at 0x151328783af0>,20,2,[ 2 10],35,55,57,20,35
1,<environment.Job instance at 0x1513287836e0>,21,15,[8 2],36,43,58,7,36
1,<environment.Job instance at 0x1513284e77d0>,22,17,[10  1],38,58,75,20,46
1,<environment.Job instance at 0x1513284e7dc0>,23,2,[ 2 12],40,57,59,17,46
1,<environment.Job instance at 0x151328c90f00>,24,1,[6 2],41,75,76,34,47
1,<environment.Job instance at 0x151328c90c80>,25,3,[2 7],43,59,62,16,47
1,<environment.Job instance at 0x1513284cf280>,26,15,[ 1 11],47,62,77,15,48
1,<environment.Job instance at 0x1513284cf9b0>,27,2,[8 1],48,75,77,27,48
1,<environment.Job instance at 0x15132848c870>,28,2,[1 9],51,77,79,26,51
1,<environment.Job instance at 0x15132848ccd0>,29,2,[1 6],52,59,61,7,52
1,<environment.Job instance at 0x15132848cbe0>,30,1,[1 9],53,79,80,26,53
1,<environment.Job instance at 0x15132848ce60>,31,3,[1 8],54,80,83,26,54
1,<environment.Job instance at 0x15132848c9b0>,32,1,[9 2],55,77,78,22,55
1,<environment.Job instance at 0x15132848c6e0>,33,18,[ 1 10],56,83,101,27,72
1,<environment.Job instance at 0x15132848cf00>,34,2,[1 6],58,78,80,20,72
1,<environment.Job instance at 0x151327ee2230>,35,3,[ 2 10],60,101,104,41,75
1,<environment.Job instance at 0x151327ee20f0>,36,1,[7 2],61,80,81,19,75
1,<environment.Job instance at 0x1513284d15f0>,37,3,[9 1],62,81,84,19,75
1,<environment.Job instance at 0x1513284d1870>,38,16,[9 1],63,84,100,21,75
1,<environment.Job instance at 0x151328521d70>,39,1,[6 2],65,76,77,11,75
1,<environment.Job instance at 0x151327ecc910>,40,3,[2 7],66,104,107,38,78
1,<environment.Job instance at 0x151328521780>,41,14,[7 2],67,100,114,33,85
1,<environment.Job instance at 0x151327ecc410>,42,2,[ 1 10],69,107,109,38,85
1,<environment.Job instance at 0x151327ecc690>,43,3,[10  2],70,114,117,44,88
1,<environment.Job instance at 0x151327ecce10>,44,2,[2 9],71,109,111,38,88
1,<environment.Job instance at 0x151327ecc640>,45,3,[9 1],74,117,120,43,91
1,<environment.Job instance at 0x15132acc1dc0>,46,18,[6 2],76,117,135,41,106
1,<environment.Job instance at 0x1513331df190>,47,16,[1 5],78,120,136,42,107
1,<environment.Job instance at 0x151328c3b7d0>,11,2,[9 2],22,2840,2842,2818,2840
1,<environment.Job instance at 0x1513330ea550>,28,2,[1 5],45,52,54,7,52
1,<environment.Job instance at 0x1513330ea050>,30,3,[2 9],47,52,55,5,52
1,<environment.Job instance at 0x1513330eac30>,31,1,[5 1],49,52,53,3,52
1,<environment.Job instance at 0x1513330ea280>,32,3,[1 5],50,54,57,4,52
1,<environment.Job instance at 0x1513330ea870>,33,2,[1 9],51,55,57,4,52
1,<environment.Job instance at 0x1513330ea6e0>,34,3,[2 8],52,57,60,5,52
1,<environment.Job instance at 0x1513330ea5a0>,35,1,[1 8],55,60,61,5,55
1,<environment.Job instance at 0x1513330ea7d0>,36,16,[2 6],56,57,73,1,56
1,<environment.Job instance at 0x15132c2377d0>,37,3,[1 6],57,61,64,4,57
1,<environment.Job instance at 0x15132c237550>,38,2,[8 2],58,61,63,3,58
1,<environment.Job instance at 0x15132c2370f0>,39,14,[9 1],60,63,77,3,60
1,<environment.Job instance at 0x15132c237690>,40,3,[10  1],61,77,80,16,61
1,<environment.Job instance at 0x15132c237460>,41,2,[1 7],62,64,66,2,62
1,<environment.Job instance at 0x15132c237730>,42,15,[1 5],63,66,81,3,63
1,<environment.Job instance at 0x15132c237f00>,43,3,[1 9],64,73,76,9,64
1,<environment.Job instance at 0x15132c2375f0>,44,2,[1 8],66,76,78,10,66
1,<environment.Job instance at 0x15132c237d20>,45,2,[1 5],68,78,80,10,68
1,<environment.Job instance at 0x15132c237870>,46,15,[10  1],69,80,95,11,69
1,<environment.Job instance at 0x15132c237e60>,47,1,[2 8],70,80,81,10,70
1,<environment.Job instance at 0x15132c2374b0>,48,1,[8 2],71,95,96,24,71
1,<environment.Job instance at 0x1513330bebe0>,49,14,[14  1],72,96,110,24,81
1,<environment.Job instance at 0x1513330bedc0>,50,2,[6 1],74,110,112,36,83
1,<environment.Job instance at 0x1513330beeb0>,51,3,[10  1],76,112,115,36,86
1,<environment.Job instance at 0x1513330befa0>,52,3,[10  2],77,115,118,38,89
1,<environment.Job instance at 0x151327ed0730>,20,2,[2 7],26,26,28,0,26
1,<environment.Job instance at 0x151327ed02d0>,21,1,[5 2],27,27,28,0,27
1,<environment.Job instance at 0x151327ed0690>,22,1,[2 5],28,28,29,0,28
1,<environment.Job instance at 0x151327ed0190>,23,2,[ 1 10],30,30,32,0,30
1,<environment.Job instance at 0x151327f4a8c0>,24,3,[2 5],31,31,34,0,31
1,<environment.Job instance at 0x15132979a7d0>,25,12,[6 1],32,32,44,0,32
1,<environment.Job instance at 0x15135c052230>,26,2,[5 2],33,33,35,0,33
1,<environment.Job instance at 0x15133255c9b0>,27,1,[7 1],36,36,37,0,36
1,<environment.Job instance at 0x15132b11da00>,28,2,[7 1],37,37,39,0,37
1,<environment.Job instance at 0x15132b11db90>,29,1,[7 2],38,39,40,1,38
1,<environment.Job instance at 0x15133308ef50>,30,3,[10  2],39,44,47,5,39
1,<environment.Job instance at 0x15133308e910>,31,2,[5 2],40,40,42,0,40
1,<environment.Job instance at 0x15133308e320>,32,15,[1 8],42,42,57,0,42
1,<environment.Job instance at 0x15133308e0f0>,33,3,[1 7],43,47,50,4,43
1,<environment.Job instance at 0x15133308eaa0>,34,19,[2 9],46,57,76,11,47
1,<environment.Job instance at 0x15133308ec30>,35,13,[12  2],47,50,63,3,47
1,<environment.Job instance at 0x15133308e730>,36,17,[9 2],48,63,80,15,51
1,<environment.Job instance at 0x15133314f280>,37,1,[6 2],49,76,77,27,51
1,<environment.Job instance at 0x15133314f1e0>,38,2,[1 5],50,51,53,1,51
1,<environment.Job instance at 0x15133314f460>,39,1,[1 7],51,77,78,26,51
1,<environment.Job instance at 0x151332594280>,40,3,[2 7],52,78,81,26,52
1,<environment.Job instance at 0x1513325940a0>,41,2,[1 5],53,53,55,0,53
1,<environment.Job instance at 0x15132b180370>,42,1,[1 9],55,81,82,26,55
1,<environment.Job instance at 0x15132b161e10>,43,1,[2 5],56,56,57,0,56
1,<environment.Job instance at 0x15132800fe10>,44,15,[7 1],57,80,95,23,66
1,<environment.Job instance at 0x15132800f4b0>,45,1,[2 6],58,77,78,19,66
1,<environment.Job instance at 0x15132800f780>,46,1,[2 8],60,82,83,22,66
1,<environment.Job instance at 0x15132800fd20>,47,1,[2 6],61,78,79,17,66
1,<environment.Job instance at 0x15132800f6e0>,48,3,[1 7],63,83,86,20,66
1,<environment.Job instance at 0x15132800f0a0>,49,17,[2 7],64,83,100,19,71
1,<environment.Job instance at 0x15132c10feb0>,50,14,[1 6],65,86,100,21,71
1,<environment.Job instance at 0x15132800ffa0>,51,17,[9 1],66,95,112,29,83
1,<environment.Job instance at 0x1513280a1500>,52,3,[5 1],67,86,89,19,83
1,<environment.Job instance at 0x1513280a1eb0>,53,1,[10  1],68,112,113,44,84
1,<environment.Job instance at 0x1513280a1af0>,54,1,[1 8],69,100,101,31,84
1,<environment.Job instance at 0x15132c52ba50>,55,12,[9 2],70,113,125,43,96
1,<environment.Job instance at 0x15132c52b0f0>,56,2,[2 6],71,100,102,29,96
1,<environment.Job instance at 0x15132c13f550>,57,3,[9 2],72,125,128,53,99
1,<environment.Job instance at 0x15132ad0a730>,58,2,[10  2],73,128,130,55,101
1,<environment.Job instance at 0x15132c52be10>,59,16,[10  2],74,130,146,56,117
1,<environment.Job instance at 0x15132d442820>,60,16,[ 2 10],75,117,133,42,117
1,<environment.Job instance at 0x15132a1d20a0>,61,2,[1 6],77,133,135,56,117
1,<environment.Job instance at 0x15132a1d2aa0>,62,15,[2 6],79,133,148,54,119
1,<environment.Job instance at 0x151327ee2500>,12,3,[2 8],17,17,20,0,17
1,<environment.Job instance at 0x15132c089d70>,13,3,[1 9],18,20,23,2,18
1,<environment.Job instance at 0x15132c089f50>,14,16,[10  1],19,19,35,0,19
1,<environment.Job instance at 0x151327ee2a00>,15,3,[2 9],20,23,26,3,20
1,<environment.Job instance at 0x1513281fe500>,16,23,[1 6],21,26,49,5,21
1,<environment.Job instance at 0x15132c0813c0>,17,12,[7 1],24,35,47,11,24
1,<environment.Job instance at 0x15135d85b460>,18,3,[10  1],27,47,50,20,27
1,<environment.Job instance at 0x15135d85b280>,19,3,[6 1],29,35,38,6,29
1,<environment.Job instance at 0x15132d4605f0>,20,3,[8 1],30,50,53,20,30
1,<environment.Job instance at 0x15132ecb1b90>,21,2,[7 1],32,38,40,6,32
1,<environment.Job instance at 0x15132ecb1be0>,22,18,[2 6],34,40,58,6,34
1,<environment.Job instance at 0x15132afef870>,23,1,[7 1],36,53,54,17,36
1,<environment.Job instance at 0x15132afef140>,24,2,[5 1],37,40,42,3,37
1,<environment.Job instance at 0x15132afef2d0>,25,14,[2 5],38,49,63,11,38
1,<environment.Job instance at 0x15132afe8190>,26,3,[5 2],40,42,45,2,40
1,<environment.Job instance at 0x15132afe8500>,27,12,[1 5],41,58,70,17,41
1,<environment.Job instance at 0x15132afe80f0>,28,13,[7 2],42,54,67,12,42
1,<environment.Job instance at 0x15132afe81e0>,29,3,[8 1],43,67,70,24,43
1,<environment.Job instance at 0x15132afe8910>,30,3,[2 6],46,63,66,17,46
1,<environment.Job instance at 0x15132afe8c80>,31,18,[1 5],47,66,84,19,55
1,<environment.Job instance at 0x15132afe8b40>,32,16,[1 5],51,70,86,19,57
1,<environment.Job instance at 0x15132afdd960>,33,1,[1 9],52,84,85,32,57
1,<environment.Job instance at 0x15132afe8550>,34,3,[2 9],54,85,88,31,59
1,<environment.Job instance at 0x15132afddd20>,35,1,[10  2],55,70,71,15,59
1,<environment.Job instance at 0x15132afdd730>,36,1,[5 2],56,59,60,3,59
1,<environment.Job instance at 0x15132afddf50>,37,26,[2 8],58,88,114,30,85
1,<environment.Job instance at 0x15132afddc30>,39,16,[ 2 10],62,114,130,52,101
1,<environment.Job instance at 0x151327f04a50>,40,3,[10  2],63,101,104,38,101
1,<environment.Job instance at 0x151327f04410>,41,2,[1 6],67,104,106,37,101
1,<environment.Job instance at 0x151327f049b0>,42,3,[1 9],68,130,133,62,104
1,<environment.Job instance at 0x151327f04af0>,43,16,[2 7],71,133,149,62,120
1,<environment.Job instance at 0x1513281a44b0>,44,1,[6 2],72,120,121,48,120
1,<environment.Job instance at 0x151327f04eb0>,45,3,[10  2],74,121,124,47,120
1,<environment.Job instance at 0x15135d42ad70>,46,3,[5 1],78,124,127,46,120
1,<environment.Job instance at 0x15135d42a190>,47,1,[2 8],79,133,134,54,120
1,<environment.Job instance at 0x151327ee2d20>,9,1,[ 2 10],10,149,150,139,149
1,<environment.Job instance at 0x151327bc1a50>,9,3,[9 2],12,35,38,23,35
1,<environment.Job instance at 0x151327a49be0>,15,1,[5 1],23,35,36,12,35
1,<environment.Job instance at 0x151327a49f00>,16,13,[10  1],25,38,51,13,35
1,<environment.Job instance at 0x15135c0b5be0>,17,2,[1 8],27,35,37,8,35
1,<environment.Job instance at 0x151332478be0>,19,3,[2 8],29,37,40,8,35
1,<environment.Job instance at 0x151327cb03c0>,20,15,[2 7],30,40,55,10,35
1,<environment.Job instance at 0x151327a491e0>,21,2,[8 2],35,51,53,16,35
1,<environment.Job instance at 0x15135c03c500>,22,1,[ 1 12],36,55,56,19,36
1,<environment.Job instance at 0x1513282fbb90>,23,3,[6 2],37,53,56,16,37
1,<environment.Job instance at 0x151327af8d20>,24,1,[8 1],39,55,56,16,39
1,<environment.Job instance at 0x15137ec2feb0>,25,3,[1 9],41,56,59,15,41
1,<environment.Job instance at 0x1513325018c0>,26,1,[2 9],44,59,60,15,44
1,<environment.Job instance at 0x1513325017d0>,27,2,[7 2],45,53,55,8,45
1,<environment.Job instance at 0x15135d5a0e60>,28,12,[7 1],46,56,68,10,46
1,<environment.Job instance at 0x15135d5a05f0>,29,13,[13  2],47,68,81,21,52
1,<environment.Job instance at 0x15132843e500>,30,3,[9 2],48,81,84,33,55
1,<environment.Job instance at 0x15132843e870>,31,2,[7 1],51,56,58,5,55
1,<environment.Job instance at 0x15132843e820>,32,16,[ 1 10],52,60,76,8,55
1,<environment.Job instance at 0x15132843ed20>,33,3,[2 5],54,76,79,22,55
1,<environment.Job instance at 0x15132843e550>,34,1,[8 1],55,84,85,29,56
1,<environment.Job instance at 0x15132843ec30>,35,28,[5 1],56,81,109,25,80
1,<environment.Job instance at 0x1513324af460>,36,13,[8 2],57,85,98,28,80
1,<environment.Job instance at 0x1513324af190>,37,18,[5 1],58,98,116,40,87
1,<environment.Job instance at 0x1513324afb40>,38,15,[6 1],59,109,124,50,95
1,<environment.Job instance at 0x1513324af320>,39,3,[6 2],60,116,119,56,95
1,<environment.Job instance at 0x1513324af2d0>,40,1,[6 2],61,119,120,58,95
1,<environment.Job instance at 0x1513324afdc0>,41,17,[9 2],63,120,137,57,108
1,<environment.Job instance at 0x1513324affa0>,42,1,[7 1],64,137,138,73,109
1,<environment.Job instance at 0x1513324af820>,43,12,[2 8],65,124,136,59,109
1,<environment.Job instance at 0x1513324af230>,44,3,[ 1 10],66,109,112,43,109
1,<environment.Job instance at 0x1513324af050>,45,3,[1 5],67,112,115,45,109
1,<environment.Job instance at 0x1513324af1e0>,46,3,[2 7],68,112,115,44,109
1,<environment.Job instance at 0x15132d437fa0>,47,13,[2 5],69,124,137,55,109
1,<environment.Job instance at 0x1513324af6e0>,48,2,[2 8],70,115,117,45,109
1,<environment.Job instance at 0x15132c52d410>,49,2,[5 1],71,137,139,66,110
1,<environment.Job instance at 0x15132c508b90>,50,1,[6 2],76,138,139,62,110
1,<environment.Job instance at 0x15132c5085a0>,51,1,[1 9],77,117,118,40,110
1,<environment.Job instance at 0x15132c5087d0>,52,3,[7 1],78,139,142,61,113
1,<environment.Job instance at 0x15132c508a50>,53,3,[7 2],79,139,142,60,113
1,<environment.Job instance at 0x151328241cd0>,7,2,[6 1],9,162,164,153,162
1,<environment.Job instance at 0x15132d43a820>,4,25,[8 1],9,9,34,0,9
1,<environment.Job instance at 0x15132d43a960>,9,14,[9 2],16,34,48,18,19
1,<environment.Job instance at 0x15132d43a500>,10,1,[10  2],17,48,49,31,20
1,<environment.Job instance at 0x15132d43a690>,11,2,[7 2],18,20,22,2,20
1,<environment.Job instance at 0x15135dfc2cd0>,12,16,[1 9],19,22,38,3,20
1,<environment.Job instance at 0x15135dfc29b0>,13,3,[1 5],20,22,25,2,20
1,<environment.Job instance at 0x15132af801e0>,14,12,[2 9],22,38,50,16,22
1,<environment.Job instance at 0x15135dfc27d0>,15,3,[9 2],23,49,52,26,23
1,<environment.Job instance at 0x15132814ae10>,16,13,[1 9],24,50,63,26,34
1,<environment.Job instance at 0x15135dfc2780>,17,2,[1 8],25,63,65,38,36
1,<environment.Job instance at 0x15132800fc30>,18,12,[1 7],27,63,75,36,46
1,<environment.Job instance at 0x15132800fd70>,19,1,[ 1 10],29,75,76,46,47
1,<environment.Job instance at 0x15132c4e34b0>,20,19,[2 5],30,65,84,35,55
1,<environment.Job instance at 0x15132af8db40>,21,17,[2 9],31,76,93,45,64
1,<environment.Job instance at 0x151327f49500>,22,3,[6 2],32,65,68,33,64
1,<environment.Job instance at 0x151327f49d20>,23,2,[6 2],33,68,70,35,64
1,<environment.Job instance at 0x15132c592e60>,24,17,[5 2],34,84,101,50,72
1,<environment.Job instance at 0x1513282cbc80>,25,1,[6 1],36,72,73,36,72
1,<environment.Job instance at 0x1513323ffa00>,26,12,[ 1 10],37,93,105,56,76
1,<environment.Job instance at 0x1513323fff50>,27,3,[2 7],39,105,108,66,79
1,<environment.Job instance at 0x15135d49b3c0>,28,1,[1 6],40,105,106,65,79
1,<environment.Job instance at 0x151331db02d0>,29,3,[8 2],41,84,87,43,79
1,<environment.Job instance at 0x151331db0b40>,30,1,[1 7],42,106,107,64,79
1,<environment.Job instance at 0x151331db05a0>,31,1,[6 2],43,87,88,44,79
1,<environment.Job instance at 0x15132b049910>,32,2,[2 7],44,107,109,63,80
1,<environment.Job instance at 0x15132b0497d0>,33,16,[ 2 10],45,109,125,64,96
1,<environment.Job instance at 0x15132b0238c0>,34,3,[7 1],46,96,99,50,96
1,<environment.Job instance at 0x15133256bd70>,35,14,[8 2],47,108,122,61,96
1,<environment.Job instance at 0x15133256b820>,36,2,[1 9],49,125,127,76,98
1,<environment.Job instance at 0x15133256b3c0>,37,2,[7 2],50,99,101,49,98
1,<environment.Job instance at 0x15133256bfa0>,38,3,[5 2],52,101,104,49,98
1,<environment.Job instance at 0x15133256bb40>,39,13,[2 8],53,127,140,74,111
1,<environment.Job instance at 0x15133256b190>,40,1,[8 1],54,122,123,68,111
1,<environment.Job instance at 0x15132afbe050>,41,1,[1 5],56,123,124,67,111
1,<environment.Job instance at 0x15132afbed20>,42,1,[10  1],58,124,125,66,111
1,<environment.Job instance at 0x15132afbe320>,43,1,[5 2],59,111,112,52,111
1,<environment.Job instance at 0x15132afbe410>,44,17,[10  1],60,125,142,65,113
1,<environment.Job instance at 0x15132afbe1e0>,45,25,[9 1],61,142,167,81,138
1,<environment.Job instance at 0x15132afbe8c0>,46,1,[10  2],63,167,168,104,139
1,<environment.Job instance at 0x15132c0b4550>,47,21,[ 2 10],64,140,161,76,139
1,<environment.Job instance at 0x151330751960>,48,21,[2 5],65,161,182,96,153
1,<environment.Job instance at 0x151330751c80>,49,15,[5 2],66,168,183,102,154
1,<environment.Job instance at 0x151330751370>,50,3,[2 7],68,161,164,93,154
1,<environment.Job instance at 0x151330751d70>,51,15,[7 2],69,168,183,99,154
1,<environment.Job instance at 0x151330751730>,52,15,[6 1],70,183,198,113,169
1,<environment.Job instance at 0x151330751140>,53,2,[2 9],71,182,184,111,169
1,<environment.Job instance at 0x151330751aa0>,54,2,[1 5],72,169,171,97,169
1,<environment.Job instance at 0x15132c1992d0>,55,16,[1 8],73,184,200,111,171
1,<environment.Job instance at 0x15132c199f00>,56,14,[2 6],75,184,198,109,171
1,<environment.Job instance at 0x15132c199eb0>,57,1,[9 1],76,198,199,122,171
1,<environment.Job instance at 0x15132c199aa0>,58,17,[2 5],77,198,215,121,186
1,<environment.Job instance at 0x15132c199910>,59,2,[10  2],78,199,201,121,186
1,<environment.Job instance at 0x15132d43afa0>,7,2,[10  2],13,234,236,221,234
1,<environment.Job instance at 0x15132d43a870>,8,3,[1 7],14,894,897,880,894
1,<environment.Job instance at 0x15135d40d8c0>,2,1,[ 2 10],4,78,79,74,78
1,<environment.Job instance at 0x15132b0024b0>,5,2,[6 1],9,175,177,166,175
1,<environment.Job instance at 0x151332406500>,8,15,[10  1],13,13,28,0,13
1,<environment.Job instance at 0x1513297a2280>,9,28,[5 2],14,14,42,0,14
1,<environment.Job instance at 0x1513297a2b90>,10,1,[8 2],15,28,29,13,15
1,<environment.Job instance at 0x1513297a2b40>,11,2,[ 1 10],16,28,30,12,16
1,<environment.Job instance at 0x151330721640>,12,3,[ 2 14],17,42,45,25,17
1,<environment.Job instance at 0x1513324dcfa0>,13,1,[5 1],18,29,30,11,18
1,<environment.Job instance at 0x151331d8b6e0>,14,2,[2 6],19,30,32,11,19
1,<environment.Job instance at 0x1513297a6f50>,15,1,[8 1],20,30,31,10,20
1,<environment.Job instance at 0x15135caf5c80>,16,1,[7 2],22,31,32,9,22
1,<environment.Job instance at 0x151327be2b40>,17,12,[6 2],23,45,57,22,28
1,<environment.Job instance at 0x151327be2780>,18,3,[1 7],24,32,35,8,28
1,<environment.Job instance at 0x151327be2c30>,19,2,[6 2],26,32,34,6,28
1,<environment.Job instance at 0x15135cae7aa0>,20,3,[9 1],27,34,37,7,28
1,<environment.Job instance at 0x15135cae7410>,21,14,[7 1],28,37,51,9,28
1,<environment.Job instance at 0x15135caeceb0>,22,14,[ 2 10],29,45,59,16,30
1,<environment.Job instance at 0x15135caecfa0>,23,14,[9 2],30,57,71,27,42
1,<environment.Job instance at 0x15137ed119b0>,24,1,[1 9],31,59,60,28,42
1,<environment.Job instance at 0x15137ed11f50>,25,16,[1 8],32,60,76,28,47
1,<environment.Job instance at 0x15132847f410>,26,1,[6 1],33,51,52,18,47
1,<environment.Job instance at 0x15132847f280>,27,3,[5 2],34,52,55,18,47
1,<environment.Job instance at 0x1513284df550>,28,16,[7 1],35,71,87,36,58
1,<environment.Job instance at 0x1513284df640>,29,2,[8 2],36,76,78,40,58
1,<environment.Job instance at 0x1513284df910>,30,1,[9 2],37,87,88,50,59
1,<environment.Job instance at 0x1513284dfb90>,31,2,[1 7],38,78,80,40,59
1,<environment.Job instance at 0x151332406c30>,6,2,[2 9],11,80,82,69,69
1,<environment.Job instance at 0x1513284df5a0>,32,26,[1 6],41,82,108,41,79
1,<environment.Job instance at 0x1513284dfd20>,34,23,[2 6],44,82,105,38,79
1,<environment.Job instance at 0x151327f315f0>,35,23,[9 1],46,88,111,42,82
1,<environment.Job instance at 0x151327f315a0>,36,14,[ 1 10],47,108,122,61,93
1,<environment.Job instance at 0x151327f31b40>,37,1,[5 2],48,105,106,57,93
1,<environment.Job instance at 0x151327f31410>,38,1,[8 2],49,111,112,62,93
1,<environment.Job instance at 0x15132afc9be0>,39,2,[7 2],51,112,114,61,93
1,<environment.Job instance at 0x151327f31780>,40,3,[6 1],53,111,114,58,93
1,<environment.Job instance at 0x151327f31dc0>,41,2,[10  1],54,114,116,60,93
1,<environment.Job instance at 0x151327dcce10>,42,1,[9 1],55,116,117,61,93
1,<environment.Job instance at 0x151327dcc9b0>,43,3,[5 1],56,106,109,50,93
1,<environment.Job instance at 0x151327f31a00>,44,3,[1 6],57,122,125,65,96
1,<environment.Job instance at 0x15133250f6e0>,45,3,[12  1],59,117,120,58,96
1,<environment.Job instance at 0x151332427230>,46,20,[8 1],60,120,140,60,111
1,<environment.Job instance at 0x151332427280>,47,2,[7 1],61,125,127,64,111
1,<environment.Job instance at 0x15133250f820>,48,3,[9 1],66,140,143,74,114
1,<environment.Job instance at 0x151327b805f0>,49,13,[2 5],68,127,140,59,114
1,<environment.Job instance at 0x151327b80960>,50,2,[1 8],69,122,124,53,114
1,<environment.Job instance at 0x151327b80a00>,51,1,[2 6],70,124,125,54,114
1,<environment.Job instance at 0x151327b80460>,52,2,[9 2],73,143,145,70,116
1,<environment.Job instance at 0x15132ac6b280>,53,1,[ 2 10],77,140,141,63,116
1,<environment.Job instance at 0x15132ac6ba50>,54,3,[11  1],79,145,148,66,119
1,<environment.Job instance at 0x1513324062d0>,5,1,[1 8],10,155,156,145,155
1,<environment.Job instance at 0x151327b53780>,14,3,[2 8],23,23,26,0,23
1,<environment.Job instance at 0x151327b53370>,15,3,[8 2],25,25,28,0,25
1,<environment.Job instance at 0x151328017730>,12,2,[5 2],21,27,29,6,27
1,<environment.Job instance at 0x151327b53460>,18,2,[8 1],28,31,33,3,31
1,<environment.Job instance at 0x151327b534b0>,19,1,[2 7],30,31,32,1,31
1,<environment.Job instance at 0x151327f9a960>,20,2,[1 8],31,32,34,1,31
1,<environment.Job instance at 0x151327b53820>,16,1,[ 2 10],26,34,35,8,31
1,<environment.Job instance at 0x151327f9a140>,21,13,[7 1],32,40,53,8,40
1,<environment.Job instance at 0x151327f9a2d0>,22,3,[ 2 10],35,40,43,5,40
1,<environment.Job instance at 0x151327f9a320>,24,22,[ 2 10],37,43,65,6,40
1,<environment.Job instance at 0x151327f9a7d0>,25,2,[10  2],38,53,55,15,40
1,<environment.Job instance at 0x151327f9a870>,26,2,[1 7],39,65,67,26,40
1,<environment.Job instance at 0x151327f9a0a0>,27,3,[2 8],40,65,68,25,40
1,<environment.Job instance at 0x151327f9a730>,28,2,[6 2],41,41,43,0,41
1,<environment.Job instance at 0x151327f9afa0>,29,1,[7 1],44,55,56,11,45
1,<environment.Job instance at 0x151327f9a230>,30,2,[5 2],45,45,47,0,45
1,<environment.Job instance at 0x151327f9aa00>,31,15,[1 9],46,68,83,22,54
1,<environment.Job instance at 0x151327dba4b0>,32,3,[6 1],47,55,58,8,55
1,<environment.Job instance at 0x151327dba230>,33,2,[ 1 10],48,83,85,35,56
1,<environment.Job instance at 0x151327dba690>,34,1,[7 1],49,56,57,7,56
1,<environment.Job instance at 0x151327dba320>,35,1,[2 6],52,67,68,15,56
1,<environment.Job instance at 0x151327dba370>,36,2,[10  2],53,59,61,6,59
1,<environment.Job instance at 0x151327dba0f0>,37,1,[5 1],54,61,62,7,59
1,<environment.Job instance at 0x151327dbab90>,38,2,[8 2],55,61,63,6,59
1,<environment.Job instance at 0x151327dbadc0>,39,1,[6 1],56,63,64,7,59
1,<environment.Job instance at 0x151327dba780>,40,3,[8 1],58,67,70,9,59
1,<environment.Job instance at 0x151327dbac30>,41,15,[6 1],62,68,83,6,62
1,<environment.Job instance at 0x151327dba550>,42,2,[8 2],63,70,72,7,63
1,<environment.Job instance at 0x151327dbaeb0>,43,17,[10  1],66,83,100,17,71
1,<environment.Job instance at 0x151328c6aa00>,44,3,[2 6],67,85,88,18,71
1,<environment.Job instance at 0x151328c6a050>,45,2,[7 1],68,72,74,4,71
1,<environment.Job instance at 0x151328c6a9b0>,46,21,[6 1],70,100,121,30,92
1,<environment.Job instance at 0x151328c6a4b0>,47,3,[ 2 13],72,92,95,20,92
1,<environment.Job instance at 0x151328c6a460>,48,14,[2 6],73,95,109,22,92
1,<environment.Job instance at 0x151328c6a280>,49,1,[ 2 10],74,109,110,35,92
1,<environment.Job instance at 0x151328c6adc0>,50,2,[2 8],75,95,97,20,92
1,<environment.Job instance at 0x151328c6a500>,51,1,[1 7],78,97,98,19,92
1,<environment.Job instance at 0x151327f9a780>,23,2,[2 7],36,113,115,77,113
1,<environment.Job instance at 0x1513325803c0>,1,27,[5 2],2,2,29,0,2
1,<environment.Job instance at 0x151331daa730>,7,1,[8 2],12,12,13,0,12
1,<environment.Job instance at 0x151331daa8c0>,8,18,[9 1],13,13,31,0,13
1,<environment.Job instance at 0x15132b0ac5f0>,9,2,[8 1],15,31,33,16,15
1,<environment.Job instance at 0x151331daa140>,10,13,[8 2],16,33,46,17,17
1,<environment.Job instance at 0x15132820a190>,11,1,[7 1],17,31,32,14,17
1,<environment.Job instance at 0x151331daa690>,12,1,[2 6],19,29,30,10,19
1,<environment.Job instance at 0x151332419500>,13,3,[1 5],20,20,23,0,20
1,<environment.Job instance at 0x151332419a50>,14,3,[8 2],23,46,49,23,23
1,<environment.Job instance at 0x15132c13de60>,15,1,[1 7],24,24,25,0,24
1,<environment.Job instance at 0x15135dfca3c0>,16,3,[2 8],25,32,35,7,25
1,<environment.Job instance at 0x15135c02c230>,17,2,[7 1],26,35,37,9,26
1,<environment.Job instance at 0x15132c13d050>,18,28,[1 6],27,37,65,10,36
1,<environment.Job instance at 0x15132c13daf0>,19,1,[1 7],30,37,38,7,36
1,<environment.Job instance at 0x15132c0ed140>,20,21,[9 1],31,49,70,18,41
1,<environment.Job instance at 0x151333143870>,21,16,[1 6],32,41,57,9,41
1,<environment.Job instance at 0x15135d4112d0>,22,15,[10  2],33,70,85,37,56
1,<environment.Job instance at 0x15132c0ed0a0>,23,2,[5 1],35,57,59,22,56
1,<environment.Job instance at 0x15132c0edeb0>,24,2,[ 2 10],36,65,67,29,56
1,<environment.Job instance at 0x15135d55a500>,25,3,[5 1],37,59,62,22,56
1,<environment.Job instance at 0x15132c0ede60>,26,1,[1 9],39,67,68,28,56
1,<environment.Job instance at 0x151327fa3fa0>,27,1,[2 7],40,62,63,22,56
1,<environment.Job instance at 0x15135d55a460>,28,2,[1 8],41,63,65,22,56
1,<environment.Job instance at 0x151327fa33c0>,29,1,[1 9],43,68,69,25,56
1,<environment.Job instance at 0x15132c4cab90>,30,2,[ 2 10],45,69,71,24,56
1,<environment.Job instance at 0x15132c4cabe0>,31,3,[9 1],46,85,88,39,59
1,<environment.Job instance at 0x15132c4ca190>,32,12,[9 1],47,88,100,41,71
1,<environment.Job instance at 0x15132c4ca7d0>,33,20,[ 2 11],48,71,91,23,71
1,<environment.Job instance at 0x15132c4ca2d0>,34,16,[9 2],50,100,116,50,87
1,<environment.Job instance at 0x15132c4cac30>,35,3,[ 2 10],51,91,94,40,87
1,<environment.Job instance at 0x15132c4cad70>,36,15,[6 1],53,94,109,41,87
1,<environment.Job instance at 0x15132c4ca1e0>,37,1,[9 2],54,116,117,62,88
1,<environment.Job instance at 0x15132c4cad20>,38,1,[2 8],55,109,110,54,88
1,<environment.Job instance at 0x15132c4ca780>,39,1,[5 1],56,110,111,54,88
1,<environment.Job instance at 0x15132c00acd0>,40,1,[8 1],58,117,118,59,89
1,<environment.Job instance at 0x1513280055f0>,41,1,[1 8],60,110,111,50,89
1,<environment.Job instance at 0x1513280051e0>,42,1,[2 9],61,111,112,50,89
1,<environment.Job instance at 0x1513280050a0>,43,3,[1 9],62,112,115,50,89
1,<environment.Job instance at 0x15132c0df2d0>,44,14,[ 1 10],64,115,129,51,100
1,<environment.Job instance at 0x15132c0df5a0>,45,1,[7 2],65,118,119,53,100
1,<environment.Job instance at 0x15132c0dfa50>,46,1,[10  1],66,119,120,53,100
1,<environment.Job instance at 0x15132c0dfe60>,47,3,[2 5],68,120,123,52,100
1,<environment.Job instance at 0x15132c0dfc80>,48,2,[6 2],69,117,119,48,100
1,<environment.Job instance at 0x15132c0df370>,49,18,[2 9],70,129,147,59,118
1,<environment.Job instance at 0x15132c046cd0>,50,3,[2 9],71,147,150,76,121
1,<environment.Job instance at 0x15132c0460a0>,51,1,[1 6],72,129,130,57,121
1,<environment.Job instance at 0x15132c046690>,52,1,[10  1],73,123,124,50,121
1,<environment.Job instance at 0x15132c046550>,53,17,[5 1],74,130,147,56,121
1,<environment.Job instance at 0x151328229230>,54,1,[7 1],75,124,125,49,121
1,<environment.Job instance at 0x151328247c30>,55,3,[9 2],76,125,128,49,121
1,<environment.Job instance at 0x1513282479b0>,56,2,[1 8],77,150,152,73,123
1,<environment.Job instance at 0x15132c1ab690>,57,26,[8 1],78,130,156,52,127
1,<environment.Job instance at 0x15132c1abc30>,58,3,[2 5],79,147,150,68,127
1,<environment.Job instance at 0x151332580320>,3,1,[9 1],4,174,175,170,174
1,<environment.Job instance at 0x151331daa190>,1,21,[9 2],2,2,23,0,2
1,<environment.Job instance at 0x15132ac766e0>,6,3,[7 2],8,23,26,15,16
1,<environment.Job instance at 0x15132ac76460>,8,1,[1 8],12,16,17,4,16
1,<environment.Job instance at 0x15132ac76370>,9,16,[5 2],13,16,32,3,16
1,<environment.Job instance at 0x15132ac76be0>,10,1,[6 1],15,26,27,11,16
1,<environment.Job instance at 0x15132ac76640>,11,28,[14  1],18,32,60,14,31
1,<environment.Job instance at 0x15132ac60af0>,12,2,[1 7],19,31,33,12,31
1,<environment.Job instance at 0x15132ac60230>,13,3,[7 1],20,60,63,40,34
1,<environment.Job instance at 0x15132ac60370>,14,1,[6 1],21,60,61,39,34
1,<environment.Job instance at 0x15132ac60190>,15,15,[6 2],22,61,76,39,47
1,<environment.Job instance at 0x15132ac60b90>,17,17,[1 8],25,47,64,22,47
1,<environment.Job instance at 0x15132ac602d0>,18,2,[11  2],26,76,78,50,49
1,<environment.Job instance at 0x15132ac60cd0>,19,16,[2 7],27,64,80,37,51
1,<environment.Job instance at 0x15132ac607d0>,20,2,[1 8],29,78,80,49,51
1,<environment.Job instance at 0x15132eca4e60>,21,2,[1 5],30,63,65,33,51
1,<environment.Job instance at 0x15132ac7ae10>,22,1,[1 5],31,60,61,29,51
1,<environment.Job instance at 0x15132ac7aa00>,23,2,[9 1],32,80,82,48,53
1,<environment.Job instance at 0x15132ac842d0>,24,3,[9 2],33,82,85,49,56
1,<environment.Job instance at 0x15132977f4b0>,25,17,[5 2],34,80,97,46,68
1,<environment.Job instance at 0x15132c027e10>,26,2,[2 6],36,68,70,32,68
1,<environment.Job instance at 0x15132ac84190>,27,1,[ 1 10],37,80,81,43,68
1,<environment.Job instance at 0x15132ac84640>,28,1,[2 7],38,85,86,47,68
1,<environment.Job instance at 0x1513325f7460>,29,2,[2 6],39,70,72,31,68
1,<environment.Job instance at 0x1513325f7be0>,30,17,[5 2],40,85,102,45,73
1,<environment.Job instance at 0x151328baf460>,31,2,[5 1],42,73,75,31,73
1,<environment.Job instance at 0x15135d40d910>,32,2,[8 2],43,97,99,54,73
1,<environment.Job instance at 0x15132c06bc80>,33,2,[12  1],45,102,104,57,75
1,<environment.Job instance at 0x15135caf01e0>,34,14,[1 9],46,86,100,40,75
1,<environment.Job instance at 0x15135caf0730>,35,1,[2 8],47,100,101,53,75
1,<environment.Job instance at 0x15132b17fcd0>,36,18,[10  2],48,104,122,56,93
1,<environment.Job instance at 0x15132ae160a0>,37,12,[2 9],49,101,113,52,93
1,<environment.Job instance at 0x15135caf0050>,38,15,[2 5],50,113,128,63,99
1,<environment.Job instance at 0x15135d4677d0>,39,3,[1 6],51,113,116,62,99
1,<environment.Job instance at 0x15132874c870>,40,2,[1 8],53,116,118,63,99
1,<environment.Job instance at 0x15132874c320>,41,17,[7 1],54,122,139,68,110
1,<environment.Job instance at 0x15132874c690>,42,16,[8 2],55,128,144,73,115
1,<environment.Job instance at 0x15132874c5f0>,43,3,[1 5],58,118,121,60,115
1,<environment.Job instance at 0x15132874ca00>,44,1,[10  1],59,144,145,85,116
1,<environment.Job instance at 0x15132874c4b0>,45,1,[10  2],60,145,146,85,117
1,<environment.Job instance at 0x15132874c460>,46,16,[7 1],61,146,162,85,133
1,<environment.Job instance at 0x15132874ce60>,47,1,[1 6],62,139,140,77,133
1,<environment.Job instance at 0x15132874c730>,48,14,[1 8],63,140,154,77,133
1,<environment.Job instance at 0x15132874ca50>,49,2,[5 1],64,139,141,75,133
1,<environment.Job instance at 0x15132874c6e0>,50,2,[7 2],65,146,148,81,133
1,<environment.Job instance at 0x15132874c500>,51,1,[1 6],66,139,140,73,133
1,<environment.Job instance at 0x15132874ddc0>,52,3,[2 6],67,148,151,81,133
1,<environment.Job instance at 0x15132874de10>,53,3,[1 9],68,154,157,86,133
1,<environment.Job instance at 0x15132874d230>,54,3,[6 1],69,141,144,72,133
1,<environment.Job instance at 0x15132874d2d0>,55,15,[6 1],75,151,166,76,137
1,<environment.Job instance at 0x15132c0c0460>,56,2,[7 1],76,162,164,86,137
1,<environment.Job instance at 0x151328777d20>,57,17,[8 1],77,164,181,87,152
1,<environment.Job instance at 0x1513287779b0>,58,1,[ 2 13],78,157,158,79,152
1,<environment.Job instance at 0x151328777370>,59,2,[2 5],79,158,160,79,152
1,<environment.Job instance at 0x151332580aa0>,3,16,[5 2],4,247,263,243,247
1,<environment.Job instance at 0x151327c381e0>,4,2,[2 9],5,247,249,242,247
1,<environment.Job instance at 0x15135d3ed3c0>,34,1,[1 9],55,55,56,0,55
1,<environment.Job instance at 0x151327eed9b0>,35,3,[6 2],56,56,59,0,56
1,<environment.Job instance at 0x151327eed140>,36,16,[ 1 11],57,57,73,0,57
1,<environment.Job instance at 0x151327eed3c0>,37,1,[2 6],58,73,74,15,58
1,<environment.Job instance at 0x151327eed870>,38,1,[1 5],60,73,74,13,60
1,<environment.Job instance at 0x151327eed690>,39,2,[2 8],61,74,76,13,61
1,<environment.Job instance at 0x151327eed370>,40,24,[2 9],62,76,100,14,71
1,<environment.Job instance at 0x151328b986e0>,41,3,[2 5],65,74,77,9,71
1,<environment.Job instance at 0x15132979bb90>,42,18,[5 2],67,77,95,10,71
1,<environment.Job instance at 0x15132979b280>,43,1,[1 6],68,95,96,27,71
1,<environment.Job instance at 0x15132979bcd0>,44,2,[2 6],70,96,98,26,71
1,<environment.Job instance at 0x15132979b6e0>,45,2,[6 2],71,71,73,0,71
1,<environment.Job instance at 0x15132979b780>,46,3,[2 7],72,100,103,28,74
1,<environment.Job instance at 0x15132c242370>,47,1,[10  1],76,76,77,0,76
1,<environment.Job instance at 0x151328277730>,48,3,[10  1],77,98,101,21,77
1,<environment.Job instance at 0x15132ecd06e0>,49,2,[6 1],78,78,80,0,78
1,<environment.Job instance at 0x1513282c2780>,50,3,[1 5],79,98,101,19,79
1,<environment.Job instance at 0x151327f9eb90>,32,28,[2 5],53,101,129,48,100
1,<environment.Job instance at 0x15135dfd3230>,31,3,[7 2],51,269,272,218,269
1,<environment.Job instance at 0x1513279d1d70>,5,2,[7 2],6,6,8,0,6
1,<environment.Job instance at 0x15132c0dfa50>,6,13,[10  1],8,8,21,0,8
1,<environment.Job instance at 0x15132c0df8c0>,7,3,[2 6],9,9,12,0,9
1,<environment.Job instance at 0x1513325997d0>,8,2,[8 1],10,21,23,11,10
1,<environment.Job instance at 0x15132834b9b0>,9,1,[6 2],11,21,22,10,11
1,<environment.Job instance at 0x1513324bf5f0>,10,1,[9 1],12,23,24,11,12
1,<environment.Job instance at 0x15132b16e370>,11,1,[2 5],14,14,15,0,14
1,<environment.Job instance at 0x15132adfdeb0>,12,3,[10  2],17,24,27,7,17
1,<environment.Job instance at 0x1513330c1e10>,13,1,[2 7],18,18,19,0,18
1,<environment.Job instance at 0x1513330c1fa0>,14,2,[ 1 14],20,22,24,2,20
1,<environment.Job instance at 0x1513330aae10>,15,1,[7 2],21,27,28,6,21
1,<environment.Job instance at 0x1513330aa140>,16,3,[9 1],22,28,31,6,22
1,<environment.Job instance at 0x1513331d21e0>,17,15,[6 1],23,27,42,4,23
1,<environment.Job instance at 0x1513331d2410>,18,1,[2 5],24,24,25,0,24
1,<environment.Job instance at 0x15132877ec30>,19,2,[1 5],26,26,28,0,26
1,<environment.Job instance at 0x1513331d2960>,20,3,[2 8],27,31,34,4,27
1,<environment.Job instance at 0x151327da30f0>,21,17,[10  1],28,42,59,14,30
1,<environment.Job instance at 0x15132c032dc0>,22,26,[5 2],29,31,57,2,30
1,<environment.Job instance at 0x15132c032b40>,23,1,[8 2],30,59,60,29,31
1,<environment.Job instance at 0x15132c032050>,24,2,[2 6],31,34,36,3,31
1,<environment.Job instance at 0x1513325192d0>,25,3,[1 9],32,36,39,4,32
1,<environment.Job instance at 0x151332519b90>,26,2,[1 7],34,39,41,5,34
1,<environment.Job instance at 0x151332519370>,27,3,[2 9],35,57,60,22,35
1,<environment.Job instance at 0x151327e04190>,28,2,[6 1],36,60,62,24,36
1,<environment.Job instance at 0x151327e04d70>,29,1,[5 1],37,59,60,22,37
1,<environment.Job instance at 0x151327e04780>,30,16,[2 6],38,60,76,22,47
1,<environment.Job instance at 0x151327e04230>,31,2,[7 1],40,60,62,20,47
1,<environment.Job instance at 0x151327e044b0>,32,14,[5 2],44,62,76,18,47
1,<environment.Job instance at 0x151327e04d20>,33,1,[ 1 10],45,76,77,31,48
1,<environment.Job instance at 0x15137ec5e1e0>,34,3,[1 9],46,77,80,31,51
1,<environment.Job instance at 0x15132b187b40>,35,2,[9 2],48,76,78,28,51
1,<environment.Job instance at 0x15132c532640>,36,3,[2 7],49,62,65,13,51
1,<environment.Job instance at 0x15132ae41320>,37,21,[10  2],52,78,99,26,70
1,<environment.Job instance at 0x15132ae41d20>,38,22,[2 9],53,80,102,27,73
1,<environment.Job instance at 0x15132ae414b0>,39,3,[1 7],55,73,76,18,73
1,<environment.Job instance at 0x15132ae41230>,40,14,[2 5],57,99,113,42,84
1,<environment.Job instance at 0x15132ae41aa0>,41,13,[1 5],61,102,115,41,86
1,<environment.Job instance at 0x15132ae41e60>,42,2,[6 1],63,99,101,36,86
1,<environment.Job instance at 0x151328d41550>,43,1,[ 1 12],64,115,116,51,87
1,<environment.Job instance at 0x151328d41690>,44,1,[10  2],65,102,103,37,87
1,<environment.Job instance at 0x151328d41500>,45,3,[2 9],66,116,119,50,90
1,<environment.Job instance at 0x151328d415a0>,46,13,[2 9],67,119,132,52,103
1,<environment.Job instance at 0x151327cfcfa0>,47,12,[5 2],69,103,115,34,103
1,<environment.Job instance at 0x15132804ff50>,48,1,[9 1],70,113,114,43,103
1,<environment.Job instance at 0x15132804f4b0>,49,20,[9 1],71,114,134,43,105
1,<environment.Job instance at 0x15132804f550>,50,3,[5 1],73,105,108,32,105
1,<environment.Job instance at 0x151327aa7aa0>,51,2,[13  1],74,134,136,60,107
1,<environment.Job instance at 0x151327aa74b0>,52,1,[12  2],75,136,137,61,108
1,<environment.Job instance at 0x151327aa7280>,53,1,[5 1],76,108,109,32,108
1,<environment.Job instance at 0x151327aa77d0>,54,3,[8 1],77,137,140,60,111
1,<environment.Job instance at 0x151327aa7f50>,55,2,[6 2],78,111,113,33,111
1,<environment.Job instance at 0x15132ae0a960>,56,3,[9 2],79,140,143,61,114
1,<environment.Job instance at 0x15133241f3c0>,16,20,[7 2],29,29,49,0,29
1,<environment.Job instance at 0x151327d425a0>,31,2,[5 1],54,54,56,0,54
1,<environment.Job instance at 0x151327d42e10>,32,2,[1 6],55,55,57,0,55
1,<environment.Job instance at 0x15132b153af0>,33,2,[1 8],56,56,58,0,56
1,<environment.Job instance at 0x15132b153460>,34,1,[6 1],57,57,58,0,57
1,<environment.Job instance at 0x15132b153fa0>,35,18,[10  2],59,59,77,0,59
1,<environment.Job instance at 0x15132b153780>,36,1,[6 1],60,77,78,17,60
1,<environment.Job instance at 0x15132b153550>,37,1,[2 9],61,61,62,0,61
1,<environment.Job instance at 0x15132b153730>,38,1,[1 5],62,62,63,0,62
1,<environment.Job instance at 0x151328bd9320>,39,16,[ 2 10],63,63,79,0,63
1,<environment.Job instance at 0x151328bd97d0>,40,3,[5 1],64,77,80,13,64
1,<environment.Job instance at 0x15132b109b90>,41,3,[1 7],65,79,82,14,65
1,<environment.Job instance at 0x15132b109c30>,42,3,[10  2],67,80,83,13,67
1,<environment.Job instance at 0x15132aca8500>,43,17,[9 2],69,83,100,14,71
1,<environment.Job instance at 0x15132b18e6e0>,44,2,[9 2],71,100,102,29,73
1,<environment.Job instance at 0x151328312320>,45,2,[2 7],75,82,84,7,75
1,<environment.Job instance at 0x15132ae75500>,46,1,[8 1],76,78,79,2,76
1,<environment.Job instance at 0x15132b109550>,47,15,[7 1],77,102,117,25,88
1,<environment.Job instance at 0x15135cb2c050>,48,1,[1 8],78,88,89,10,88
1,<environment.Job instance at 0x1513324416e0>,49,12,[7 2],79,102,114,23,88
1,<environment.Job instance at 0x15132accdaa0>,26,1,[ 1 13],41,131,132,90,131
1,<environment.Job instance at 0x151328c7a730>,11,1,[1 5],15,62,63,47,62
1,<environment.Job instance at 0x15132850fb90>,25,3,[6 1],32,62,65,30,62
1,<environment.Job instance at 0x15132850fe60>,26,16,[1 5],33,62,78,29,62
1,<environment.Job instance at 0x15132850f7d0>,27,3,[2 5],34,63,66,29,62
1,<environment.Job instance at 0x15132850f410>,28,3,[2 8],36,66,69,30,62
1,<environment.Job instance at 0x15132850f640>,29,17,[12  1],37,65,82,28,62
1,<environment.Job instance at 0x15132850f2d0>,30,3,[1 8],38,69,72,31,62
1,<environment.Job instance at 0x15132850f500>,31,2,[2 5],40,72,74,32,62
1,<environment.Job instance at 0x15132850f0a0>,32,3,[1 9],41,74,77,33,62
1,<environment.Job instance at 0x15132850f280>,33,15,[9 1],42,82,97,40,68
1,<environment.Job instance at 0x15132850feb0>,34,12,[6 1],43,82,94,39,68
1,<environment.Job instance at 0x15132850f3c0>,35,13,[8 1],44,97,110,53,81
1,<environment.Job instance at 0x15132850f370>,36,3,[2 8],45,94,97,49,81
1,<environment.Job instance at 0x151327b06280>,37,2,[1 7],46,97,99,51,81
1,<environment.Job instance at 0x151327b063c0>,38,2,[1 6],47,94,96,47,81
1,<environment.Job instance at 0x151327b06f00>,39,14,[ 2 10],48,99,113,51,84
1,<environment.Job instance at 0x151327c52320>,40,1,[2 7],50,97,98,47,84
1,<environment.Job instance at 0x151327b06500>,41,3,[8 2],51,110,113,59,84
1,<environment.Job instance at 0x1513284f4aa0>,42,3,[ 2 10],52,113,116,61,87
1,<environment.Job instance at 0x1513284f4a50>,43,2,[9 1],54,113,115,59,87
1,<environment.Job instance at 0x1513284f4280>,44,1,[2 5],55,96,97,41,87
1,<environment.Job instance at 0x1513284f4f00>,45,3,[1 8],57,116,119,59,90
1,<environment.Job instance at 0x1513284f4500>,46,2,[2 8],60,119,121,59,92
1,<environment.Job instance at 0x1513284f4820>,47,17,[1 8],62,121,138,59,109
1,<environment.Job instance at 0x151328c3a0a0>,48,15,[10  1],63,115,130,52,109
1,<environment.Job instance at 0x151328c3a140>,49,3,[1 8],65,138,141,73,112
1,<environment.Job instance at 0x151328c3ae60>,50,12,[1 7],66,130,142,64,113
1,<environment.Job instance at 0x151328c3a190>,51,3,[8 1],67,141,144,74,115
1,<environment.Job instance at 0x151328c3a640>,58,1,[ 2 10],75,142,143,67,115
1,<environment.Job instance at 0x151328c3a2d0>,59,3,[ 2 10],77,143,146,66,117
1,<environment.Job instance at 0x151328c3a1e0>,60,12,[ 2 11],78,146,158,68,129
1,<environment.Job instance at 0x1524364b4aa0>,22,1,[2 7],30,30,31,0,30
1,<environment.Job instance at 0x1524364df820>,23,2,[8 1],31,31,33,0,31
1,<environment.Job instance at 0x1524364df5a0>,24,12,[ 1 10],32,36,48,4,36
1,<environment.Job instance at 0x15243649baf0>,25,2,[2 8],34,48,50,14,48
1,<environment.Job instance at 0x15243649b050>,26,1,[2 7],35,48,49,13,48
1,<environment.Job instance at 0x15243649bf00>,27,2,[2 7],36,49,51,13,48
1,<environment.Job instance at 0x15243649b730>,28,2,[2 7],37,50,52,13,48
1,<environment.Job instance at 0x15243649b910>,29,16,[10  2],39,51,67,12,48
1,<environment.Job instance at 0x15243649bb40>,30,15,[2 9],40,52,67,12,48
1,<environment.Job instance at 0x15243649b230>,31,3,[9 2],41,67,70,26,48
1,<environment.Job instance at 0x15243649b820>,32,3,[2 9],42,67,70,25,48
1,<environment.Job instance at 0x15243649bcd0>,33,1,[2 7],43,70,71,27,50
1,<environment.Job instance at 0x15243658f4b0>,34,15,[11  1],44,70,85,26,56
1,<environment.Job instance at 0x15243649b2d0>,35,2,[1 8],45,71,73,26,56
1,<environment.Job instance at 0x15243648bd20>,36,3,[10  2],48,85,88,37,59
1,<environment.Job instance at 0x15243648aa50>,37,2,[ 1 10],50,73,75,23,59
1,<environment.Job instance at 0x15243648a9b0>,38,1,[8 1],51,88,89,37,60
1,<environment.Job instance at 0x15243648ae60>,39,3,[1 5],52,70,73,18,60
1,<environment.Job instance at 0x15243648a550>,40,3,[1 6],53,75,78,22,60
1,<environment.Job instance at 0x15243648a460>,41,25,[12  2],54,89,114,35,85
1,<environment.Job instance at 0x1524364d17d0>,42,1,[10  1],56,114,115,58,86
1,<environment.Job instance at 0x1524365bb320>,43,3,[7 2],57,115,118,58,89
1,<environment.Job instance at 0x1524364fc640>,44,3,[1 8],58,89,92,31,89
1,<environment.Job instance at 0x152436542320>,45,3,[2 8],60,92,95,32,89
1,<environment.Job instance at 0x1524364872d0>,46,2,[2 8],61,95,97,34,89
1,<environment.Job instance at 0x152436487640>,47,1,[1 6],63,97,98,34,89
1,<environment.Job instance at 0x1524364874b0>,48,1,[2 9],65,98,99,33,89
1,<environment.Job instance at 0x1524364875a0>,49,16,[8 2],66,115,131,49,102
1,<environment.Job instance at 0x152436487960>,50,12,[9 1],68,131,143,63,114
1,<environment.Job instance at 0x1524364a3230>,51,2,[8 2],69,143,145,74,116
1,<environment.Job instance at 0x1524364a3870>,52,2,[1 7],72,118,120,46,116
1,<environment.Job instance at 0x1524364a3a50>,53,3,[6 1],73,118,121,45,116
1,<environment.Job instance at 0x1524364a36e0>,54,2,[2 5],75,121,123,46,116
1,<environment.Job instance at 0x1524364a3d20>,55,16,[2 5],76,121,137,45,116
1,<environment.Job instance at 0x1524364a3cd0>,56,1,[10  2],79,145,146,66,117
1,<environment.Job instance at 0x1524364a60a0>,57,22,[1 5],80,123,145,43,117
1,<environment.Job instance at 0x1524364a6cd0>,58,15,[2 9],82,145,160,63,131
1,<environment.Job instance at 0x1524364a6190>,59,1,[1 9],85,137,138,52,131
1,<environment.Job instance at 0x1524364a6af0>,60,17,[8 1],86,146,163,60,134
1,<environment.Job instance at 0x1524364a6c30>,61,3,[1 5],87,138,141,51,134
1,<environment.Job instance at 0x1524364a6500>,62,3,[9 2],88,163,166,75,140
1,<environment.Job instance at 0x1524364a65a0>,63,3,[10  1],89,166,169,77,140
1,<environment.Job instance at 0x1524364b47d0>,19,3,[6 2],26,169,172,143,168
1,<environment.Job instance at 0x1524365b1820>,20,2,[ 1 13],27,194,196,167,194
1,<environment.Job instance at 0x15243857b0a0>,7,3,[2 9],9,23,26,14,23
1,<environment.Job instance at 0x15243857bcd0>,8,13,[7 2],12,26,39,14,26
1,<environment.Job instance at 0x15243857b9b0>,9,2,[6 2],13,27,29,14,27
1,<environment.Job instance at 0x15243857b550>,10,3,[6 2],16,30,33,14,30
1,<environment.Job instance at 0x15243857b5f0>,11,1,[1 6],17,47,48,30,47
1,<environment.Job instance at 0x15243857b780>,12,2,[2 5],18,50,52,32,50
1,<environment.Job instance at 0x15243857ba50>,13,2,[ 1 10],19,52,54,33,52
1,<environment.Job instance at 0x15243857b370>,14,3,[2 9],20,54,57,34,52
1,<environment.Job instance at 0x15243857b320>,15,3,[7 2],21,55,58,34,55
1,<environment.Job instance at 0x15243857b460>,16,14,[7 1],22,57,71,35,55
1,<environment.Job instance at 0x15243857b3c0>,17,3,[ 2 10],24,58,61,34,55
1,<environment.Job instance at 0x15243857b2d0>,18,12,[2 8],25,61,73,36,55
1,<environment.Job instance at 0x15243857bfa0>,19,1,[10  1],27,71,72,44,55
1,<environment.Job instance at 0x15243857b7d0>,20,2,[ 1 10],28,73,75,45,55
1,<environment.Job instance at 0x15243857b8c0>,21,1,[7 2],30,72,73,42,55
1,<environment.Job instance at 0x15243857bf00>,22,2,[1 8],31,75,77,44,55
1,<environment.Job instance at 0x152438516fa0>,23,2,[2 6],32,61,63,29,55
1,<environment.Job instance at 0x1524385167d0>,24,1,[1 5],33,57,58,24,55
1,<environment.Job instance at 0x152438516230>,25,2,[1 9],36,77,79,41,55
1,<environment.Job instance at 0x152438516be0>,26,1,[2 7],37,75,76,38,55
1,<environment.Job instance at 0x1524385165a0>,27,1,[2 5],38,63,64,25,55
1,<environment.Job instance at 0x152438516640>,28,15,[7 1],39,76,91,37,62
1,<environment.Job instance at 0x152438516af0>,29,2,[14  1],40,73,75,33,62
1,<environment.Job instance at 0x152438516910>,30,1,[5 1],41,64,65,23,62
1,<environment.Job instance at 0x152438516e60>,31,3,[2 8],42,79,82,37,62
1,<environment.Job instance at 0x152438516320>,32,12,[9 2],44,91,103,47,74
1,<environment.Job instance at 0x152438516f50>,33,15,[10  2],45,103,118,58,89
1,<environment.Job instance at 0x152438516050>,34,13,[ 1 10],46,89,102,43,89
1,<environment.Job instance at 0x152438516d70>,35,16,[8 1],47,118,134,71,105
1,<environment.Job instance at 0x1524385169b0>,36,17,[1 9],49,105,122,56,105
1,<environment.Job instance at 0x152438516cd0>,37,13,[2 9],50,122,135,72,106
1,<environment.Job instance at 0x1524385168c0>,38,1,[2 8],51,135,136,84,108
1,<environment.Job instance at 0x1524385162d0>,39,1,[ 2 10],52,136,137,84,117
1,<environment.Job instance at 0x15243868de10>,40,1,[ 2 14],53,137,138,84,117
1,<environment.Job instance at 0x15243868d2d0>,41,1,[8 2],54,134,135,80,118
1,<environment.Job instance at 0x15243868dcd0>,42,15,[5 1],55,118,133,63,118
1,<environment.Job instance at 0x15243862daa0>,43,18,[1 8],56,138,156,82,127
1,<environment.Job instance at 0x15243862db40>,44,2,[ 1 10],60,156,158,96,151
1,<environment.Job instance at 0x15243862d4b0>,45,3,[11  2],61,151,154,90,151
1,<environment.Job instance at 0x15243862db90>,46,3,[ 2 10],62,158,161,96,151
1,<environment.Job instance at 0x152438633280>,47,3,[2 5],63,154,157,91,154
1,<environment.Job instance at 0x1524386330f0>,48,1,[8 1],64,155,156,91,155
1,<environment.Job instance at 0x1524386330a0>,49,3,[5 2],66,157,160,91,155
1,<environment.Job instance at 0x152438633140>,50,15,[9 2],67,160,175,93,155
1,<environment.Job instance at 0x152438633550>,51,18,[2 6],68,161,179,93,155
1,<environment.Job instance at 0x152438633820>,52,1,[1 6],69,161,162,92,155
1,<environment.Job instance at 0x152438633370>,53,1,[1 7],70,162,163,92,155
1,<environment.Job instance at 0x1524386333c0>,54,3,[9 1],73,175,178,102,155
1,<environment.Job instance at 0x152438637280>,55,3,[12  1],74,178,181,104,155
1,<environment.Job instance at 0x1524386370a0>,56,1,[1 8],76,175,176,99,155
1,<environment.Job instance at 0x1524386375a0>,57,15,[1 6],77,176,191,99,162
1,<environment.Job instance at 0x1524386376e0>,58,3,[7 2],78,181,184,103,162
1,<environment.Job instance at 0x152438637230>,59,2,[1 8],79,179,181,100,162
1,<environment.Job instance at 0x1524386370f0>,60,3,[1 7],81,163,166,82,162
1,<environment.Job instance at 0x152438637d70>,61,13,[ 1 14],82,191,204,109,175
1,<environment.Job instance at 0x1524386372d0>,62,27,[1 8],83,204,231,121,204
1,<environment.Job instance at 0x152438637730>,63,3,[1 9],84,231,234,147,225
1,<environment.Job instance at 0x152438637dc0>,64,2,[7 2],85,278,280,193,278
1,<environment.Job instance at 0x152438637640>,65,12,[6 1],86,278,290,192,278
1,<environment.Job instance at 0x152438637820>,66,28,[2 8],89,278,306,189,278
1,<environment.Job instance at 0x152439a31190>,18,3,[ 2 10],27,27,30,0,27
1,<environment.Job instance at 0x152439a31f50>,19,14,[10  1],29,29,43,0,29
1,<environment.Job instance at 0x152439a31c80>,20,12,[7 1],30,43,55,13,30
1,<environment.Job instance at 0x152439a31c30>,21,2,[8 2],31,43,45,12,31
1,<environment.Job instance at 0x152439a316e0>,22,3,[8 1],32,45,48,13,32
1,<environment.Job instance at 0x152439a31960>,23,2,[2 5],33,33,35,0,33
1,<environment.Job instance at 0x152438709cd0>,24,3,[6 1],34,48,51,14,34
1,<environment.Job instance at 0x1524388700f0>,25,2,[10  1],35,55,57,20,35
1,<environment.Job instance at 0x152438870aa0>,26,3,[ 2 10],37,37,40,0,37
1,<environment.Job instance at 0x152438870050>,27,18,[8 1],38,57,75,19,46
1,<environment.Job instance at 0x152438870410>,28,16,[1 6],39,48,64,9,46
1,<environment.Job instance at 0x152438870a50>,29,17,[1 6],41,48,65,7,46
1,<environment.Job instance at 0x152438870d70>,30,17,[7 1],42,65,82,23,53
1,<environment.Job instance at 0x152438870d20>,31,1,[2 6],43,64,65,21,53
1,<environment.Job instance at 0x1524388705f0>,32,16,[9 1],46,82,98,36,69
1,<environment.Job instance at 0x1524388372d0>,33,15,[9 2],50,98,113,48,84
1,<environment.Job instance at 0x152438837500>,34,1,[9 1],51,113,114,62,85
1,<environment.Job instance at 0x152438837870>,35,12,[1 5],52,85,97,33,85
1,<environment.Job instance at 0x1524388375f0>,36,2,[6 2],53,97,99,44,85
1,<environment.Job instance at 0x1524388312d0>,37,1,[9 1],55,114,115,59,86
1,<environment.Job instance at 0x1524388311e0>,38,2,[8 1],56,115,117,59,88
1,<environment.Job instance at 0x1524388314b0>,39,1,[ 1 10],57,99,100,42,88
1,<environment.Job instance at 0x152438831cd0>,40,2,[1 5],59,88,90,29,88
1,<environment.Job instance at 0x1524388313c0>,41,3,[1 5],60,90,93,30,88
1,<environment.Job instance at 0x152438831500>,42,2,[10  2],61,117,119,56,90
1,<environment.Job instance at 0x1524388316e0>,43,3,[2 8],65,93,96,28,90
1,<environment.Job instance at 0x1524388310f0>,44,1,[2 6],66,96,97,30,90
1,<environment.Job instance at 0x152438831c80>,45,2,[1 6],67,100,102,33,90
1,<environment.Job instance at 0x1524387ab9b0>,46,18,[7 2],69,119,137,50,108
1,<environment.Job instance at 0x1524387abbe0>,47,1,[2 8],72,108,109,36,108
1,<environment.Job instance at 0x1524387ab6e0>,48,18,[10  1],76,137,155,61,126
1,<environment.Job instance at 0x1524387ab690>,49,2,[7 2],77,126,128,49,126
1,<environment.Job instance at 0x1524387ab500>,50,2,[2 5],78,128,130,50,126
1,<environment.Job instance at 0x1524387abc80>,51,14,[2 8],79,128,142,49,126
1,<environment.Job instance at 0x1524387ab320>,52,3,[8 1],82,155,158,73,129
1,<environment.Job instance at 0x1524387ab190>,53,1,[7 2],83,155,156,72,129
1,<environment.Job instance at 0x1524387abe10>,54,2,[5 2],84,130,132,46,129
1,<environment.Job instance at 0x1524387c8280>,55,2,[ 2 12],86,142,144,56,129
1,<environment.Job instance at 0x1524387c8eb0>,56,14,[6 1],87,156,170,69,141
1,<environment.Job instance at 0x1524387c8aa0>,57,15,[2 8],88,158,173,70,144
1,<environment.Job instance at 0x1524387cd0a0>,58,16,[1 7],89,170,186,81,157
1,<environment.Job instance at 0x15243879a640>,15,1,[1 7],23,187,188,164,187
1,<environment.Job instance at 0x152439a31320>,16,1,[2 9],24,189,190,165,189
1,<environment.Job instance at 0x1524356c5fa0>,4,3,[ 2 10],5,99,102,94,99
1,<environment.Job instance at 0x1524356c5aa0>,5,3,[ 1 13],6,238,241,232,238
1,<environment.Job instance at 0x1524384f30f0>,6,3,[1 5],9,274,277,265,274
1,<environment.Job instance at 0x15243fc5bc30>,7,21,[ 2 13],10,307,328,297,307
1,<environment.Job instance at 0x15243c54d4b0>,8,1,[2 8],11,328,329,317,307
1,<environment.Job instance at 0x15243c54d6e0>,9,1,[7 1],12,309,310,297,309
1,<environment.Job instance at 0x152452c5f960>,10,18,[5 2],13,310,328,297,309
1,<environment.Job instance at 0x152452c5ffa0>,11,2,[8 2],15,328,330,313,309
1,<environment.Job instance at 0x152452c5f500>,12,3,[1 7],16,329,332,313,309
1,<environment.Job instance at 0x152450b1f550>,13,18,[8 1],17,330,348,313,319
1,<environment.Job instance at 0x152452c5fb40>,14,1,[5 2],18,328,329,310,319
1,<environment.Job instance at 0x15243aca43c0>,15,1,[1 8],19,332,333,313,319
1,<environment.Job instance at 0x15243fcb6af0>,16,3,[1 7],20,333,336,313,319
1,<environment.Job instance at 0x15243dfa5780>,17,2,[5 2],22,329,331,307,319
1,<environment.Job instance at 0x15243acc6f50>,18,2,[1 7],24,333,335,309,319
1,<environment.Job instance at 0x152452c5fa50>,19,2,[5 2],25,331,333,306,319
1,<environment.Job instance at 0x15243f60c8c0>,20,1,[1 6],27,335,336,308,319
1,<environment.Job instance at 0x15243acc2370>,21,12,[7 1],28,336,348,308,319
1,<environment.Job instance at 0x152450aa0320>,22,2,[10  1],29,348,350,319,321
1,<environment.Job instance at 0x15243acc2eb0>,23,3,[2 7],30,348,351,318,322
1,<environment.Job instance at 0x15243acc2460>,24,17,[7 1],32,350,367,318,338
1,<environment.Job instance at 0x15248c4b2e10>,25,1,[2 5],34,348,349,314,338
1,<environment.Job instance at 0x15248c4b2550>,26,3,[1 8],35,351,354,316,338
1,<environment.Job instance at 0x152439a22a50>,27,12,[7 2],37,351,363,314,338
1,<environment.Job instance at 0x152439a22af0>,28,2,[7 2],39,363,365,324,338
1,<environment.Job instance at 0x1524509e7b40>,29,3,[ 2 10],41,365,368,324,339
1,<environment.Job instance at 0x15243fc48230>,30,14,[8 2],42,367,381,325,352
1,<environment.Job instance at 0x15243f618870>,31,2,[2 5],44,368,370,324,352
1,<environment.Job instance at 0x15243dfa0f00>,32,1,[ 2 10],45,370,371,325,352
1,<environment.Job instance at 0x1524523da730>,33,14,[8 1],46,381,395,335,366
1,<environment.Job instance at 0x15243f5f43c0>,34,2,[ 1 10],47,371,373,324,366
1,<environment.Job instance at 0x152450b10c80>,35,3,[7 2],48,373,376,325,366
1,<environment.Job instance at 0x152450b10c30>,36,21,[7 2],50,376,397,326,368
1,<environment.Job instance at 0x152452ca58c0>,37,13,[5 2],51,395,408,344,379
1,<environment.Job instance at 0x152435fcd690>,38,3,[1 9],52,395,398,343,379
1,<environment.Job instance at 0x152435fcdbe0>,39,1,[6 1],53,397,398,344,379
1,<environment.Job instance at 0x152452ca5aa0>,40,3,[5 1],54,398,401,344,379
1,<environment.Job instance at 0x1524359985a0>,41,3,[1 7],59,398,401,339,379
1,<environment.Job instance at 0x152435998820>,42,12,[7 1],61,401,413,340,384
1,<environment.Job instance at 0x1524359988c0>,43,20,[8 2],62,408,428,346,399
1,<environment.Job instance at 0x152435998190>,44,2,[10  1],63,428,430,365,401
1,<environment.Job instance at 0x152435998af0>,45,3,[1 9],64,401,404,337,401
1,<environment.Job instance at 0x152435998780>,46,3,[1 8],68,404,407,336,401
1,<environment.Job instance at 0x152435998a00>,47,2,[2 7],71,413,415,342,401
1,<environment.Job instance at 0x152435998f50>,48,2,[9 2],72,430,432,358,403
1,<environment.Job instance at 0x152435998050>,49,3,[5 2],73,413,416,340,403
1,<environment.Job instance at 0x152435998a50>,50,16,[7 2],74,432,448,358,419
1,<environment.Job instance at 0x152435998c80>,51,1,[ 2 10],75,419,420,344,419
1,<environment.Job instance at 0x152435998230>,52,18,[5 2],77,419,437,342,419
1,<environment.Job instance at 0x152435998f00>,53,1,[1 8],78,420,421,342,419
1,<environment.Job instance at 0x152435998460>,54,13,[1 7],80,430,443,350,419
1,<environment.Job instance at 0x152435fd4aa0>,55,12,[2 9],83,443,455,360,426
1,<environment.Job instance at 0x152435fd4550>,56,3,[5 2],84,437,440,353,426
1,<environment.Job instance at 0x152435fd4fa0>,57,2,[ 2 10],85,426,428,341,426
1,<environment.Job instance at 0x15243fc72190>,58,15,[8 2],86,448,463,362,434
1,<environment.Job instance at 0x15243fc76690>,59,17,[10  1],88,463,480,375,451
1,<environment.Job instance at 0x1524364b60f0>,1,2,[6 2],2,1159,1161,1157,1159
1,<environment.Job instance at 0x152435fecd20>,6,1,[1 9],13,22,23,9,22
1,<environment.Job instance at 0x152435fec5a0>,7,3,[1 8],14,23,26,9,23
1,<environment.Job instance at 0x152435fec780>,8,1,[9 2],15,23,24,8,23
1,<environment.Job instance at 0x152435fec640>,9,18,[ 1 10],16,26,44,10,23
1,<environment.Job instance at 0x152435fec370>,10,2,[1 6],18,44,46,26,32
1,<environment.Job instance at 0x152435fec230>,11,3,[ 2 10],20,46,49,26,34
1,<environment.Job instance at 0x152435fec140>,12,1,[7 2],21,41,42,20,41
1,<environment.Job instance at 0x152435fec280>,13,3,[9 1],22,42,45,20,41
1,<environment.Job instance at 0x152435fec820>,14,16,[9 1],23,45,61,22,41
1,<environment.Job instance at 0x152435fec190>,15,1,[6 2],25,41,42,16,41
1,<environment.Job instance at 0x152439d33910>,16,3,[2 7],26,49,52,23,41
1,<environment.Job instance at 0x152439d33c30>,17,14,[7 2],27,61,75,34,46
1,<environment.Job instance at 0x152439d33eb0>,18,2,[ 1 10],29,52,54,23,46
1,<environment.Job instance at 0x152435d94d20>,19,3,[10  2],30,75,78,45,49
1,<environment.Job instance at 0x152435d94f50>,20,2,[2 9],31,54,56,23,49
1,<environment.Job instance at 0x152435d940a0>,21,3,[9 1],34,78,81,44,52
1,<environment.Job instance at 0x1524359636e0>,22,18,[6 2],36,56,74,20,52
1,<environment.Job instance at 0x152435963780>,23,16,[1 5],38,61,77,23,52
1,<environment.Job instance at 0x152437a58370>,24,3,[5 1],40,77,80,37,52
1,<environment.Job instance at 0x152436fe22d0>,25,14,[1 6],42,61,75,19,52
1,<environment.Job instance at 0x15243896deb0>,26,2,[5 1],43,52,54,9,52
1,<environment.Job instance at 0x152437007e10>,27,1,[2 7],44,75,76,31,52
1,<environment.Job instance at 0x152437007690>,28,2,[10  2],45,81,83,36,54
1,<environment.Job instance at 0x152435ae0f50>,29,2,[6 1],46,83,85,37,56
1,<environment.Job instance at 0x152435ae0cd0>,30,3,[9 2],48,83,86,35,57
1,<environment.Job instance at 0x1524384ae640>,31,3,[6 2],51,85,88,34,59
1,<environment.Job instance at 0x1524509eee60>,32,2,[5 2],52,80,82,28,59
1,<environment.Job instance at 0x152437a63eb0>,33,3,[1 7],53,78,81,25,59
1,<environment.Job instance at 0x152437a638c0>,34,2,[9 2],55,86,88,31,59
1,<environment.Job instance at 0x152437a63780>,35,1,[7 2],56,88,89,32,60
1,<environment.Job instance at 0x1524509ce5f0>,36,3,[1 7],58,88,91,30,62
1,<environment.Job instance at 0x1524509ce280>,37,14,[1 6],59,88,102,29,73
1,<environment.Job instance at 0x152437a3a410>,38,14,[1 9],60,91,105,31,76
1,<environment.Job instance at 0x152437a3a910>,39,3,[6 1],63,102,105,39,76
1,<environment.Job instance at 0x152437a3acd0>,40,26,[9 1],64,105,131,41,102
1,<environment.Job instance at 0x152436fe54b0>,41,2,[2 9],65,105,107,40,102
1,<environment.Job instance at 0x152436fe5e60>,42,2,[2 5],66,102,104,36,102
1,<environment.Job instance at 0x1524384f0f00>,43,16,[2 9],67,107,123,40,102
1,<environment.Job instance at 0x1524384f0690>,44,12,[5 2],68,123,135,55,106
1,<environment.Job instance at 0x152438984af0>,45,3,[8 1],69,131,134,62,106
1,<environment.Job instance at 0x152438984550>,46,3,[8 1],73,134,137,61,108
1,<environment.Job instance at 0x152435d43410>,47,1,[10  1],74,137,138,63,109
1,<environment.Job instance at 0x152435d43fa0>,48,27,[1 7],75,123,150,48,121
1,<environment.Job instance at 0x152435dab2d0>,49,15,[2 8],78,138,153,60,124
1,<environment.Job instance at 0x152435db2410>,50,16,[2 8],79,153,169,74,141
1,<environment.Job instance at 0x152435db2690>,51,13,[ 2 10],82,169,182,87,153
1,<environment.Job instance at 0x152435d7b190>,52,1,[2 6],83,162,163,79,162
1,<environment.Job instance at 0x152435d7ba50>,53,2,[1 5],85,163,165,78,163
1,<environment.Job instance at 0x15243596f2d0>,54,2,[8 1],86,163,165,77,163
1,<environment.Job instance at 0x152435d7b2d0>,55,3,[2 9],87,182,185,95,163
1,<environment.Job instance at 0x15243596faa0>,56,1,[5 1],89,166,167,77,166
1,<environment.Job instance at 0x152450098500>,4,2,[1 9],11,316,318,305,316
1,<environment.Job instance at 0x1524387ff8c0>,11,2,[1 8],16,16,18,0,16
1,<environment.Job instance at 0x1524387ffcd0>,12,2,[1 5],18,19,21,1,19
1,<environment.Job instance at 0x1524509a6780>,17,2,[6 1],24,24,26,0,24
1,<environment.Job instance at 0x1524509a65a0>,21,2,[1 7],31,44,46,13,44
1,<environment.Job instance at 0x1524509a6500>,22,1,[1 5],32,45,46,13,45
1,<environment.Job instance at 0x1524509a6cd0>,23,18,[8 2],33,47,65,14,47
1,<environment.Job instance at 0x1524509a6460>,24,3,[1 6],34,47,50,13,47
1,<environment.Job instance at 0x1524509a6550>,25,16,[1 5],35,47,63,12,47
1,<environment.Job instance at 0x152438801be0>,26,2,[ 1 10],36,63,65,27,47
1,<environment.Job instance at 0x152438801af0>,27,17,[2 9],37,65,82,28,53
1,<environment.Job instance at 0x152438801aa0>,28,15,[7 2],38,65,80,27,53
1,<environment.Job instance at 0x152438801c80>,29,16,[2 8],39,82,98,43,69
1,<environment.Job instance at 0x152438801f50>,30,3,[6 1],40,69,72,29,69
1,<environment.Job instance at 0x1524388018c0>,31,2,[1 8],41,98,100,57,71
1,<environment.Job instance at 0x152438801460>,32,3,[2 8],42,100,103,58,77
1,<environment.Job instance at 0x152438801280>,33,2,[2 8],43,103,105,60,78
1,<environment.Job instance at 0x152438801230>,34,3,[5 2],46,78,81,32,78
1,<environment.Job instance at 0x152438801190>,35,1,[6 2],48,80,81,32,78
1,<environment.Job instance at 0x152438801780>,36,2,[2 8],49,105,107,56,78
1,<environment.Job instance at 0x152438801b40>,37,1,[6 2],51,81,82,30,78
1,<environment.Job instance at 0x152438801690>,38,1,[2 9],52,107,108,55,79
1,<environment.Job instance at 0x152438801910>,39,27,[ 2 10],53,661,688,608,661
1,<environment.Job instance at 0x152438801f00>,40,2,[10  1],54,661,663,607,661
1,<environment.Job instance at 0x152438801d70>,41,2,[2 7],56,688,690,632,661
1,<environment.Job instance at 0x152450a47b40>,42,1,[5 2],57,663,664,606,661
1,<environment.Job instance at 0x152450a47460>,43,1,[2 5],58,664,665,606,661
1,<environment.Job instance at 0x152450a476e0>,44,2,[ 1 10],60,690,692,630,665
1,<environment.Job instance at 0x152450a475a0>,45,3,[2 5],61,668,671,607,668
1,<environment.Job instance at 0x152450a47e10>,46,12,[6 1],62,671,683,609,668
1,<environment.Job instance at 0x1524509d9be0>,47,2,[5 2],63,671,673,608,668
1,<environment.Job instance at 0x1524509d9cd0>,48,1,[7 1],66,673,674,607,668
1,<environment.Job instance at 0x1524509d9690>,49,2,[7 1],67,674,676,607,668
1,<environment.Job instance at 0x1524509d9550>,50,1,[7 2],68,676,677,608,668
1,<environment.Job instance at 0x1524509d90a0>,51,3,[10  2],69,683,686,614,668
1,<environment.Job instance at 0x1524509d9f00>,52,2,[5 2],70,677,679,607,668
1,<environment.Job instance at 0x1524389f8910>,53,15,[1 8],72,692,707,620,678
1,<environment.Job instance at 0x1524389f8230>,54,3,[1 7],73,692,695,619,678
1,<environment.Job instance at 0x1524358a2be0>,8,12,[9 2],10,14,26,4,14
1,<environment.Job instance at 0x15243c522a00>,13,16,[ 2 10],15,15,31,0,15
1,<environment.Job instance at 0x1524355da780>,14,2,[1 6],17,31,33,14,17
1,<environment.Job instance at 0x1524358a2dc0>,15,15,[2 6],19,31,46,12,19
1,<environment.Job instance at 0x152435bc42d0>,16,2,[7 2],20,26,28,6,20
1,<environment.Job instance at 0x152452c3f730>,17,13,[5 1],21,26,39,5,21
1,<environment.Job instance at 0x152435bc4a50>,18,2,[1 8],22,33,35,11,22
1,<environment.Job instance at 0x1524355a8410>,19,14,[6 1],23,35,49,12,23
1,<environment.Job instance at 0x1524355a8960>,20,1,[2 5],24,35,36,11,24
1,<environment.Job instance at 0x1524359e8640>,21,14,[2 8],25,39,53,14,25
1,<environment.Job instance at 0x152435853320>,22,2,[7 1],26,28,30,2,26
1,<environment.Job instance at 0x1524359e8230>,23,3,[7 1],27,30,33,3,27
1,<environment.Job instance at 0x1524389b1be0>,24,13,[10  1],28,49,62,21,33
1,<environment.Job instance at 0x1524389b1c30>,25,25,[12  1],29,62,87,33,58
1,<environment.Job instance at 0x1524389b16e0>,26,1,[ 2 10],30,58,59,28,58
1,<environment.Job instance at 0x1524389b1f50>,27,2,[10  2],32,87,89,55,60
1,<environment.Job instance at 0x15243850ccd0>,28,3,[7 1],36,89,92,53,63
1,<environment.Job instance at 0x15243850c0a0>,29,3,[2 8],37,63,66,26,63
1,<environment.Job instance at 0x15243850c6e0>,30,3,[1 9],38,66,69,28,63
1,<environment.Job instance at 0x15243850cf00>,31,16,[10  1],39,92,108,53,79
1,<environment.Job instance at 0x15243850cd70>,32,3,[2 9],40,79,82,39,79
1,<environment.Job instance at 0x152450925780>,33,23,[1 6],41,82,105,41,79
1,<environment.Job instance at 0x152450925410>,34,12,[7 1],44,108,120,64,91
1,<environment.Job instance at 0x152450925fa0>,35,3,[10  1],47,120,123,73,94
1,<environment.Job instance at 0x152450925550>,36,3,[6 1],49,108,111,59,94
1,<environment.Job instance at 0x1524509257d0>,37,3,[8 1],50,111,114,61,94
1,<environment.Job instance at 0x1524509259b0>,38,2,[7 1],52,114,116,62,94
1,<environment.Job instance at 0x152450925f00>,39,18,[2 6],54,116,134,62,105
1,<environment.Job instance at 0x152450925dc0>,40,1,[7 1],56,123,124,67,105
1,<environment.Job instance at 0x1524509255f0>,41,2,[5 1],57,105,107,48,105
1,<environment.Job instance at 0x152450925aa0>,42,14,[2 5],58,116,130,58,105
1,<environment.Job instance at 0x152450925460>,43,3,[5 2],60,124,127,64,105
1,<environment.Job instance at 0x152450925cd0>,44,12,[1 5],61,130,142,69,113
1,<environment.Job instance at 0x152450925370>,45,13,[7 2],62,127,140,65,113
1,<environment.Job instance at 0x1524357bcaa0>,46,3,[8 1],63,140,143,77,114
1,<environment.Job instance at 0x1524357bc910>,47,3,[2 6],66,134,137,68,114
1,<environment.Job instance at 0x15243fdaa190>,48,18,[1 5],67,137,155,70,126
1,<environment.Job instance at 0x15243fdaad20>,49,16,[1 5],71,142,158,71,129
1,<environment.Job instance at 0x15243fdaa410>,50,1,[1 9],72,155,156,83,129
1,<environment.Job instance at 0x15243fdaa730>,51,3,[2 9],74,156,159,82,130
1,<environment.Job instance at 0x152450030a00>,52,1,[10  2],75,143,144,68,130
1,<environment.Job instance at 0x152450030f50>,53,1,[5 2],76,130,131,54,130
1,<environment.Job instance at 0x1524358a25f0>,6,1,[10  1],8,155,156,147,155
1,<environment.Job instance at 0x1524500301e0>,54,26,[2 8],78,159,185,81,156
1,<environment.Job instance at 0x152438524f50>,59,3,[1 9],88,185,188,97,159
1,<environment.Job instance at 0x152439a478c0>,13,2,[6 1],19,71,73,52,71
1,<environment.Job instance at 0x15243dfbaeb0>,33,2,[7 2],55,72,74,17,72
1,<environment.Job instance at 0x15243f5ff730>,9,14,[9 2],16,22,36,6,22
1,<environment.Job instance at 0x152438747690>,16,13,[1 9],24,24,37,0,24
1,<environment.Job instance at 0x1524357b94b0>,19,1,[ 1 10],29,37,38,8,32
1,<environment.Job instance at 0x1524357b9b40>,21,17,[2 9],31,38,55,7,32
1,<environment.Job instance at 0x1524357b9d20>,22,3,[6 2],32,36,39,4,32
1,<environment.Job instance at 0x15243892dc30>,23,2,[6 2],33,36,38,3,33
1,<environment.Job instance at 0x15243522a320>,24,17,[5 2],34,38,55,4,34
1,<environment.Job instance at 0x15243522a6e0>,25,1,[6 1],36,39,40,3,38
1,<environment.Job instance at 0x1524399cfbe0>,31,1,[6 2],43,43,44,0,43
1,<environment.Job instance at 0x1524399cf230>,32,2,[2 7],44,55,57,11,44
1,<environment.Job instance at 0x1524399cf910>,33,16,[ 2 10],45,57,73,12,45
1,<environment.Job instance at 0x15243570c3c0>,36,2,[1 9],49,73,75,24,49
1,<environment.Job instance at 0x15243570c140>,37,2,[7 2],50,50,52,0,50
1,<environment.Job instance at 0x15243570cc30>,38,3,[5 2],52,52,55,0,52
1,<environment.Job instance at 0x152439d91c80>,39,13,[2 8],53,75,88,22,59
1,<environment.Job instance at 0x152439d91960>,40,1,[8 1],54,59,60,5,59
1,<environment.Job instance at 0x1524353bb550>,41,1,[1 5],56,60,61,4,59
1,<environment.Job instance at 0x1524353bbb90>,42,1,[10  1],58,61,62,3,59
1,<environment.Job instance at 0x1524353bb730>,43,1,[5 2],59,59,60,0,59
1,<environment.Job instance at 0x15243c5491e0>,44,17,[10  1],60,62,79,2,60
1,<environment.Job instance at 0x152435432140>,45,25,[9 1],61,79,104,18,75
1,<environment.Job instance at 0x1524354325f0>,46,1,[10  2],63,104,105,41,76
1,<environment.Job instance at 0x152435432460>,47,21,[ 2 10],64,88,109,24,80
1,<environment.Job instance at 0x152435432190>,48,21,[2 5],65,105,126,40,97
1,<environment.Job instance at 0x152435432050>,49,15,[5 2],66,109,124,43,97
1,<environment.Job instance at 0x152435432be0>,50,3,[2 7],68,109,112,41,97
1,<environment.Job instance at 0x152435432f00>,51,15,[7 2],69,112,127,43,98
1,<environment.Job instance at 0x15243592e280>,52,15,[6 1],70,124,139,54,110
1,<environment.Job instance at 0x1524506d7fa0>,53,2,[2 9],71,126,128,55,110
1,<environment.Job instance at 0x1524506d7910>,54,2,[1 5],72,112,114,40,110
1,<environment.Job instance at 0x15243853eb40>,55,16,[1 8],73,128,144,55,115
1,<environment.Job instance at 0x1524506d7c30>,56,14,[2 6],75,128,142,53,115
1,<environment.Job instance at 0x15243567de10>,57,1,[9 1],76,139,140,63,115
1,<environment.Job instance at 0x1524365839b0>,58,17,[2 5],77,142,159,65,130
1,<environment.Job instance at 0x1524358c62d0>,59,2,[10  2],78,142,144,64,130
1,<environment.Job instance at 0x152436583d20>,60,15,[9 2],80,144,159,64,130
1,<environment.Job instance at 0x1524365830a0>,61,2,[5 2],81,159,161,78,132
1,<environment.Job instance at 0x152436583050>,62,2,[5 1],82,140,142,58,132
1,<environment.Job instance at 0x15243561c690>,63,1,[1 7],83,144,145,61,132
1,<environment.Job instance at 0x1524385a3e10>,64,17,[9 1],86,159,176,73,147
1,<environment.Job instance at 0x1524385a37d0>,65,1,[6 2],87,161,162,74,147
1,<environment.Job instance at 0x152437a4b6e0>,66,1,[5 1],88,162,163,74,147
1,<environment.Job instance at 0x15243f5fffa0>,7,2,[10  2],13,185,187,172,185
1,<environment.Job instance at 0x152435c703c0>,10,23,[2 6],14,15,38,1,15
1,<environment.Job instance at 0x15243999f820>,24,3,[9 1],36,44,47,8,44
1,<environment.Job instance at 0x15243999ffa0>,25,13,[2 5],38,491,504,453,491
1,<environment.Job instance at 0x15243999f960>,26,2,[1 8],39,493,495,454,493
1,<environment.Job instance at 0x15243999f410>,27,1,[2 6],40,523,524,483,523
1,<environment.Job instance at 0x15243999f1e0>,28,2,[9 2],43,585,587,542,585
1,<environment.Job instance at 0x15243999f320>,29,1,[ 2 10],47,588,589,541,588
1,<environment.Job instance at 0x15243999f370>,30,3,[11  1],49,621,624,572,621
1,<environment.Job instance at 0x15243999fb40>,31,13,[ 2 11],50,664,677,614,664
1,<environment.Job instance at 0x15243999feb0>,32,3,[1 8],51,680,683,629,680
1,<environment.Job instance at 0x15243999f7d0>,33,1,[8 1],53,704,705,651,704
1,<environment.Job instance at 0x15243999fb90>,34,16,[9 1],54,831,847,777,831
1,<environment.Job instance at 0x15243999fd20>,35,12,[7 2],56,847,859,791,832
1,<environment.Job instance at 0x15243999f3c0>,36,15,[ 2 10],62,832,847,770,832
1,<environment.Job instance at 0x15243999f140>,37,2,[5 2],63,847,849,784,832
1,<environment.Job instance at 0x15243999f910>,38,2,[7 2],64,849,851,785,832
1,<environment.Job instance at 0x15243999f0f0>,39,2,[5 2],66,851,853,785,832
1,<environment.Job instance at 0x15243999fcd0>,40,1,[ 2 10],67,847,848,780,832
1,<environment.Job instance at 0x15243999f460>,41,1,[6 2],68,853,854,785,832
1,<environment.Job instance at 0x15243999f5f0>,42,2,[ 1 12],69,854,856,785,832
1,<environment.Job instance at 0x15243999f190>,43,16,[2 9],70,856,872,786,843
1,<environment.Job instance at 0x15243999fdc0>,44,2,[5 2],71,856,858,785,843
1,<environment.Job instance at 0x152450ae6550>,45,21,[5 1],72,858,879,786,850
1,<environment.Job instance at 0x152450ae6e60>,46,3,[2 8],73,851,854,778,850
1,<environment.Job instance at 0x152450ae6a00>,47,3,[8 2],75,859,862,784,850
1,<environment.Job instance at 0x152450ae6690>,48,1,[ 2 10],76,872,873,796,850
1,<environment.Job instance at 0x152450ae6460>,49,2,[1 6],77,873,875,796,850
1,<environment.Job instance at 0x152450ae6d70>,50,2,[8 1],78,862,864,784,850
1,<environment.Job instance at 0x152450ae6410>,51,1,[2 7],80,873,874,793,850
1,<environment.Job instance at 0x152439acb280>,52,2,[1 8],81,874,876,793,850
1,<environment.Job instance at 0x152439acb9b0>,53,13,[7 1],82,875,888,793,859
1,<environment.Job instance at 0x152439acbf50>,54,3,[ 2 10],85,876,879,791,859
1,<environment.Job instance at 0x152435bf08c0>,55,2,[2 7],86,879,881,793,859
1,<environment.Job instance at 0x152435bf05f0>,56,22,[ 2 10],87,881,903,794,874
1,<environment.Job instance at 0x152435bf0690>,57,2,[10  2],88,888,890,800,874
1,<environment.Job instance at 0x15243899f0f0>,58,2,[1 7],89,879,881,790,874
1,<environment.Job instance at 0x152435afe230>,18,21,[6 1],30,30,51,0,30
1,<environment.Job instance at 0x152439a24af0>,23,1,[1 7],38,57,58,19,57
1,<environment.Job instance at 0x152439a24c80>,24,1,[1 7],40,82,83,42,82
1,<environment.Job instance at 0x152437a525a0>,25,12,[2 8],41,83,95,42,83
1,<environment.Job instance at 0x152437a52d20>,26,27,[5 2],42,147,174,105,147
1,<environment.Job instance at 0x152437a52550>,27,27,[1 9],43,155,182,112,155
1,<environment.Job instance at 0x152437a52a50>,28,1,[9 1],44,162,163,118,162
1,<environment.Job instance at 0x152452c827d0>,29,1,[ 2 10],45,182,183,137,163
1,<environment.Job instance at 0x152437a52870>,30,12,[2 8],48,183,195,135,166
1,<environment.Job instance at 0x152437a52280>,31,3,[ 1 10],51,195,198,144,175
1,<environment.Job instance at 0x1524509c5500>,32,1,[8 2],52,175,176,123,175
1,<environment.Job instance at 0x1524509c53c0>,33,18,[9 1],53,176,194,123,175
1,<environment.Job instance at 0x1524509c5b90>,34,2,[8 1],55,194,196,139,175
1,<environment.Job instance at 0x1524389f09b0>,35,13,[8 2],56,196,209,140,180
1,<environment.Job instance at 0x1524389f0410>,36,1,[7 1],57,198,199,141,180
1,<environment.Job instance at 0x1524389f0370>,37,1,[2 6],59,183,184,124,180
1,<environment.Job instance at 0x1524389f0af0>,38,3,[1 5],60,184,187,124,180
1,<environment.Job instance at 0x1524389f03c0>,39,3,[8 2],63,209,212,146,183
1,<environment.Job instance at 0x1524389f0e10>,40,1,[1 7],64,199,200,135,183
1,<environment.Job instance at 0x1524389f0fa0>,41,3,[2 8],65,200,203,135,183
1,<environment.Job instance at 0x1524389f0dc0>,42,2,[7 1],66,203,205,137,183
1,<environment.Job instance at 0x1524389f0910>,43,28,[1 6],67,205,233,138,204
1,<environment.Job instance at 0x1524389f0a50>,44,1,[1 7],70,206,207,136,206
1,<environment.Job instance at 0x1524389f0be0>,45,21,[9 1],71,212,233,141,206
1,<environment.Job instance at 0x1524389f0c80>,46,16,[1 6],72,207,223,135,206
1,<environment.Job instance at 0x1524389f0c30>,47,15,[10  2],73,233,248,160,220
1,<environment.Job instance at 0x152437a4baa0>,48,2,[5 1],75,223,225,148,220
1,<environment.Job instance at 0x152437a4b5a0>,49,2,[ 2 10],76,233,235,157,220
1,<environment.Job instance at 0x152437a4baf0>,50,3,[5 1],77,225,228,148,220
1,<environment.Job instance at 0x152435b47550>,51,1,[1 9],79,235,236,156,220
1,<environment.Job instance at 0x1524389c4320>,52,1,[2 7],80,228,229,148,220
1,<environment.Job instance at 0x1524389c4eb0>,53,2,[1 8],81,229,231,148,220
1,<environment.Job instance at 0x152437a5fc80>,54,1,[1 9],83,236,237,153,220
1,<environment.Job instance at 0x152437a5f050>,55,2,[ 2 10],85,237,239,152,220
1,<environment.Job instance at 0x15243861cb40>,56,3,[9 1],86,248,251,162,222
1,<environment.Job instance at 0x15243861ca50>,57,12,[9 1],87,251,263,164,234
1,<environment.Job instance at 0x15243861cdc0>,58,20,[ 2 11],88,239,259,151,234
1,<environment.Job instance at 0x1524389c7fa0>,21,1,[ 2 10],34,384,385,350,384
1,<environment.Job instance at 0x1524389c7460>,19,3,[ 2 13],32,532,535,500,532
1,<environment.Job instance at 0x15243642a230>,26,21,[9 2],32,40,61,8,40
1,<environment.Job instance at 0x15243642ae60>,27,17,[7 2],33,61,78,28,49
1,<environment.Job instance at 0x15243642a780>,28,16,[5 2],34,49,65,15,49
1,<environment.Job instance at 0x15243642a1e0>,29,2,[2 9],35,61,63,26,49
1,<environment.Job instance at 0x152438850b40>,30,13,[2 8],37,63,76,26,49
1,<environment.Job instance at 0x152438850410>,31,3,[7 2],38,76,79,38,50
1,<environment.Job instance at 0x152438850320>,32,17,[ 2 10],39,78,95,39,66
1,<environment.Job instance at 0x1524388506e0>,33,1,[1 8],42,76,77,34,66
1,<environment.Job instance at 0x152438850b90>,34,16,[5 2],43,78,94,35,66
1,<environment.Job instance at 0x1524388500a0>,35,1,[6 1],45,66,67,21,66
1,<environment.Job instance at 0x1524365325f0>,36,28,[14  1],48,95,123,47,94
1,<environment.Job instance at 0x152435d5b230>,38,3,[7 1],50,123,126,73,97
1,<environment.Job instance at 0x152435d5b140>,39,1,[6 1],51,123,124,72,97
1,<environment.Job instance at 0x152435d5bbe0>,40,15,[6 2],52,124,139,72,110
1,<environment.Job instance at 0x152435d5baf0>,41,3,[2 9],53,123,126,70,110
1,<environment.Job instance at 0x1524509aa370>,42,17,[1 8],55,126,143,71,114
1,<environment.Job instance at 0x1524509aa640>,43,2,[11  2],56,139,141,83,114
1,<environment.Job instance at 0x1524509aa460>,44,16,[2 7],57,141,157,84,128
1,<environment.Job instance at 0x1524509aab40>,45,2,[1 8],59,143,145,84,128
1,<environment.Job instance at 0x1524359eef50>,46,2,[1 5],60,128,130,68,128
1,<environment.Job instance at 0x1524359eea50>,47,1,[1 5],61,130,131,69,128
1,<environment.Job instance at 0x1524359ee140>,48,2,[9 1],62,145,147,83,128
1,<environment.Job instance at 0x1524359eeb90>,49,3,[9 2],63,147,150,84,128
1,<environment.Job instance at 0x1524359eec30>,50,17,[5 2],64,150,167,86,138
1,<environment.Job instance at 0x1524359ee5f0>,51,2,[2 6],66,145,147,79,138
1,<environment.Job instance at 0x152436521320>,52,1,[ 1 10],67,157,158,90,138
1,<environment.Job instance at 0x152436521fa0>,53,1,[2 7],68,158,159,90,138
1,<environment.Job instance at 0x1524365215a0>,54,2,[2 6],69,147,149,78,138
1,<environment.Job instance at 0x152436521820>,55,17,[5 2],70,150,167,80,138
1,<environment.Job instance at 0x1524365212d0>,56,2,[5 1],72,159,161,87,138
1,<environment.Job instance at 0x15243f608c30>,57,2,[8 2],73,167,169,94,140
1,<environment.Job instance at 0x15243f608eb0>,58,2,[12  1],75,169,171,94,142
1,<environment.Job instance at 0x152435a34b90>,59,14,[1 9],76,161,175,85,146
1,<environment.Job instance at 0x152435a34140>,60,1,[2 8],77,175,176,98,147
1,<environment.Job instance at 0x152435a34dc0>,61,18,[10  2],78,171,189,93,160
1,<environment.Job instance at 0x1524509f3410>,62,12,[2 9],79,176,188,97,160
1,<environment.Job instance at 0x1524509f30f0>,63,15,[2 5],80,188,203,108,174
1,<environment.Job instance at 0x1524509f3370>,64,3,[1 6],81,188,191,107,174
1,<environment.Job instance at 0x152439972af0>,68,3,[1 5],88,191,194,103,174
1,<environment.Job instance at 0x152439972550>,69,1,[10  1],89,189,190,100,174
1,<environment.Job instance at 0x15243642a5a0>,24,2,[8 1],30,203,205,173,203
1,<environment.Job instance at 0x15243642a820>,25,27,[6 1],31,2674,2701,2643,2674
1,<environment.Job instance at 0x15243649aaa0>,17,12,[ 1 10],23,26,38,3,26
1,<environment.Job instance at 0x152439984910>,34,3,[1 9],51,64,67,13,64
1,<environment.Job instance at 0x1524359c4730>,44,3,[10  1],68,68,71,0,68
1,<environment.Job instance at 0x1524359c4dc0>,46,3,[7 2],71,71,74,0,71
1,<environment.Job instance at 0x1524359c4cd0>,47,28,[2 5],73,73,101,0,73
1,<environment.Job instance at 0x1524359c4190>,48,15,[ 2 10],74,76,91,2,76
1,<environment.Job instance at 0x1524359c45a0>,49,1,[1 9],75,91,92,16,83
1,<environment.Job instance at 0x152439d2a5a0>,50,3,[6 2],76,92,95,16,84
1,<environment.Job instance at 0x152439d2ae60>,51,16,[ 1 11],77,101,117,24,89
1,<environment.Job instance at 0x152439d2ad70>,52,1,[2 6],78,98,99,20,98
1,<environment.Job instance at 0x152439d2adc0>,53,1,[1 5],80,99,100,19,98
1,<environment.Job instance at 0x152439d2a6e0>,54,2,[2 8],81,117,119,36,98
1,<environment.Job instance at 0x152439d2ae10>,55,24,[2 9],82,119,143,37,114
1,<environment.Job instance at 0x152439d2ad20>,56,3,[2 5],85,117,120,32,114
1,<environment.Job instance at 0x152439d2af50>,57,18,[5 2],87,120,138,33,114
1,<environment.Job instance at 0x152439d2a460>,58,1,[1 6],88,138,139,50,114
1,<environment.Job instance at 0x1524364889b0>,13,2,[2 5],19,139,141,120,136
1,<environment.Job instance at 0x1524359c4f00>,45,2,[ 2 13],69,152,154,83,152
1,<environment.Job instance at 0x152436488c30>,12,1,[ 2 13],18,154,155,136,152
1,<environment.Job instance at 0x15243c51feb0>,8,1,[1 8],12,12,13,0,12
1,<environment.Job instance at 0x152435756fa0>,22,1,[7 2],31,32,33,1,32
1,<environment.Job instance at 0x1524384e8870>,24,15,[6 1],33,33,48,0,33
1,<environment.Job instance at 0x152435676e60>,16,1,[6 2],21,41,42,20,41
1,<environment.Job instance at 0x1524384e8370>,25,1,[2 5],34,41,42,7,41
1,<environment.Job instance at 0x152438771be0>,28,17,[10  1],38,48,65,10,41
1,<environment.Job instance at 0x152438771230>,29,26,[5 2],39,42,68,3,41
1,<environment.Job instance at 0x152438771820>,30,1,[8 2],40,65,66,25,41
1,<environment.Job instance at 0x152438771730>,31,2,[2 6],41,42,44,1,41
1,<environment.Job instance at 0x1524387f6190>,32,3,[1 9],42,44,47,2,42
1,<environment.Job instance at 0x1524387f6f00>,33,2,[1 7],44,65,67,21,44
1,<environment.Job instance at 0x1524387f6d20>,34,3,[2 9],45,67,70,22,45
1,<environment.Job instance at 0x1524359d0280>,35,2,[6 1],46,66,68,20,46
1,<environment.Job instance at 0x1524387f6640>,36,1,[5 1],47,68,69,21,47
1,<environment.Job instance at 0x1524387f6f50>,37,16,[2 6],48,69,85,21,56
1,<environment.Job instance at 0x152438496870>,38,2,[7 1],50,70,72,20,56
1,<environment.Job instance at 0x152438570fa0>,39,14,[5 2],54,70,84,16,56
1,<environment.Job instance at 0x152438570140>,40,1,[ 1 10],55,85,86,30,57
1,<environment.Job instance at 0x152438570d70>,41,3,[1 9],56,86,89,30,60
1,<environment.Job instance at 0x15243fdc71e0>,42,2,[9 2],58,84,86,26,60
1,<environment.Job instance at 0x15243fdc7c30>,43,3,[2 7],59,72,75,13,60
1,<environment.Job instance at 0x15243fdc7370>,44,21,[10  2],62,86,107,24,78
1,<environment.Job instance at 0x152435744a00>,45,22,[2 9],63,89,111,26,82
1,<environment.Job instance at 0x15243fdc7140>,46,3,[1 7],65,82,85,17,82
1,<environment.Job instance at 0x152435744c30>,47,14,[2 5],67,107,121,40,92
1,<environment.Job instance at 0x152435744be0>,48,13,[1 5],71,111,124,40,95
1,<environment.Job instance at 0x15243fd5c230>,49,2,[6 1],73,107,109,34,95
1,<environment.Job instance at 0x152435d87780>,50,1,[ 1 12],74,124,125,50,96
1,<environment.Job instance at 0x152435744960>,51,1,[10  2],75,111,112,36,96
1,<environment.Job instance at 0x152435d87aa0>,52,3,[2 9],76,121,124,45,96
1,<environment.Job instance at 0x152435d87e10>,53,13,[2 9],77,125,138,48,109
1,<environment.Job instance at 0x152438587230>,54,12,[5 2],79,124,136,45,109
1,<environment.Job instance at 0x1524352ba140>,55,1,[9 1],80,109,110,29,109
1,<environment.Job instance at 0x152435d876e0>,56,20,[9 1],81,136,156,55,127
1,<environment.Job instance at 0x152439948050>,57,3,[5 1],83,127,130,44,127
1,<environment.Job instance at 0x152450093190>,58,2,[13  1],84,156,158,72,129
1,<environment.Job instance at 0x152452c54550>,59,1,[12  2],85,158,159,73,130
1,<environment.Job instance at 0x15243f621280>,60,1,[5 1],86,130,131,44,130
1,<environment.Job instance at 0x152435d7bcd0>,61,3,[8 1],87,131,134,44,130
1,<environment.Job instance at 0x15243895b0a0>,62,2,[6 2],88,134,136,46,130
1,<environment.Job instance at 0x152439a3e8c0>,63,3,[9 2],89,159,162,70,133
1,<environment.Job instance at 0x152438771140>,27,3,[2 8],37,166,169,129,166
1,<environment.Job instance at 0x1524389850f0>,21,2,[ 1 14],30,199,201,169,199
1,<environment.Job instance at 0x1524385e8a00>,17,1,[9 1],22,201,202,179,201
1,<environment.Job instance at 0x1524359e00a0>,26,2,[1 5],36,203,205,167,203
1,<environment.Job instance at 0x1524399999b0>,16,20,[7 2],29,29,49,0,29
1,<environment.Job instance at 0x1524523ab9b0>,21,1,[8 1],36,36,37,0,36
1,<environment.Job instance at 0x1524523ab5a0>,22,3,[1 6],37,37,40,0,37
1,<environment.Job instance at 0x15243648be10>,23,2,[1 6],38,38,40,0,38
1,<environment.Job instance at 0x152452c99fa0>,24,1,[2 5],39,40,41,1,39
1,<environment.Job instance at 0x1524523ab780>,25,14,[ 2 10],40,41,55,1,40
1,<environment.Job instance at 0x1524523ab0f0>,26,1,[ 1 13],41,55,56,14,41
1,<environment.Job instance at 0x1524509e03c0>,27,12,[ 1 14],42,56,68,14,42
1,<environment.Job instance at 0x1524509e0af0>,28,1,[5 2],43,43,44,0,43
1,<environment.Job instance at 0x1524509e0c80>,29,12,[2 9],44,68,80,24,51
1,<environment.Job instance at 0x1524509e0370>,30,1,[11  1],53,53,54,0,53
1,<environment.Job instance at 0x1524509e0550>,31,2,[5 1],54,54,56,0,54
1,<environment.Job instance at 0x1524509e0780>,32,2,[1 6],55,68,70,13,55
1,<environment.Job instance at 0x152437a73be0>,33,2,[1 8],56,80,82,24,56
1,<environment.Job instance at 0x152437a73aa0>,34,1,[6 1],57,57,58,0,57
1,<environment.Job instance at 0x152437a73730>,36,1,[6 1],60,60,61,0,60
1,<environment.Job instance at 0x152452c5f4b0>,37,1,[2 9],61,82,83,21,61
1,<environment.Job instance at 0x152437a73fa0>,38,1,[1 5],62,70,71,8,62
1,<environment.Job instance at 0x152437a3a500>,39,16,[ 2 10],63,83,99,20,70
1,<environment.Job instance at 0x152437a3abe0>,40,3,[5 1],64,70,73,6,70
1,<environment.Job instance at 0x152437a3a370>,41,3,[1 7],65,99,102,34,73
1,<environment.Job instance at 0x152437a3a820>,42,3,[10  2],67,73,76,6,73
1,<environment.Job instance at 0x1524506e1aa0>,44,2,[9 2],71,76,78,5,73
1,<environment.Job instance at 0x1524506e1230>,45,2,[2 7],75,80,82,5,75
1,<environment.Job instance at 0x15243fc89550>,46,1,[8 1],76,78,79,2,76
1,<environment.Job instance at 0x152452cf3d20>,47,15,[7 1],77,82,97,5,77
1,<environment.Job instance at 0x152452cf3320>,48,1,[1 8],78,99,100,21,78
1,<environment.Job instance at 0x152452cf30f0>,49,12,[7 2],79,100,112,21,83
1,<environment.Job instance at 0x152452cf3af0>,50,13,[1 9],80,102,115,22,86
1,<environment.Job instance at 0x152452cf35f0>,51,2,[7 2],81,97,99,16,86
1,<environment.Job instance at 0x152452cf36e0>,52,1,[ 2 10],82,115,116,33,87
1,<environment.Job instance at 0x152450a59640>,53,16,[1 7],83,116,132,33,103
1,<environment.Job instance at 0x152450a59e60>,54,17,[5 2],85,103,120,18,103
1,<environment.Job instance at 0x152450a59e10>,55,3,[10  1],87,120,123,33,103
1,<environment.Job instance at 0x15243c53ec30>,56,1,[9 2],88,112,113,24,103
1,<environment.Job instance at 0x15243c53e4b0>,57,17,[8 1],89,123,140,34,111
1,<environment.Job instance at 0x15248805e370>,18,2,[2 6],31,146,148,115,146
1,<environment.Job instance at 0x152437a40a00>,25,15,[9 1],32,33,48,1,33
1,<environment.Job instance at 0x15243596a550>,26,12,[6 1],33,33,45,0,33
1,<environment.Job instance at 0x15243999b0f0>,27,13,[8 1],34,48,61,14,34
1,<environment.Job instance at 0x15243999bdc0>,28,3,[2 8],35,45,48,10,35
1,<environment.Job instance at 0x15243999b050>,29,2,[1 7],36,48,50,12,36
1,<environment.Job instance at 0x15243999ba50>,30,2,[1 6],37,45,47,8,37
1,<environment.Job instance at 0x1524525f9370>,31,14,[ 2 10],38,50,64,12,38
1,<environment.Job instance at 0x1524525f95f0>,32,1,[2 7],40,48,49,8,40
1,<environment.Job instance at 0x1524525f9140>,33,3,[8 2],41,61,64,20,41
1,<environment.Job instance at 0x1524525f94b0>,34,3,[ 2 10],42,64,67,22,42
1,<environment.Job instance at 0x1524356915a0>,35,2,[9 1],44,64,66,20,44
1,<environment.Job instance at 0x1524356917d0>,36,1,[2 5],45,47,48,2,45
1,<environment.Job instance at 0x15243567d8c0>,37,3,[1 8],47,67,70,20,47
1,<environment.Job instance at 0x15243567de60>,38,2,[2 8],50,70,72,20,50
1,<environment.Job instance at 0x15243567da00>,39,17,[1 8],52,72,89,20,60
1,<environment.Job instance at 0x15243567db40>,40,15,[10  1],53,66,81,13,60
1,<environment.Job instance at 0x15243567d960>,41,3,[1 8],55,89,92,34,63
1,<environment.Job instance at 0x15243567d0f0>,42,12,[1 7],56,81,93,25,64
1,<environment.Job instance at 0x15243567d550>,43,3,[8 1],57,92,95,35,66
1,<environment.Job instance at 0x1524384f6550>,44,3,[10  1],58,95,98,37,73
1,<environment.Job instance at 0x1524384f60f0>,45,3,[1 8],59,93,96,34,74
1,<environment.Job instance at 0x1524384f6f00>,46,2,[2 9],60,96,98,36,76
1,<environment.Job instance at 0x1524384f60a0>,47,2,[8 2],61,98,100,37,76
1,<environment.Job instance at 0x1524384f6fa0>,48,2,[8 1],62,100,102,38,78
1,<environment.Job instance at 0x15243fce66e0>,49,16,[7 2],64,98,114,34,85
1,<environment.Job instance at 0x15243fce62d0>,50,1,[ 2 10],65,102,103,37,85
1,<environment.Job instance at 0x15243fce6370>,51,3,[ 2 10],67,103,106,36,85
1,<environment.Job instance at 0x1524354599b0>,52,12,[ 2 11],68,106,118,38,89
1,<environment.Job instance at 0x15243590deb0>,53,13,[1 7],70,118,131,48,103
1,<environment.Job instance at 0x15243fce6af0>,54,16,[5 1],71,103,119,32,103
1,<environment.Job instance at 0x15243fce6a00>,55,3,[2 5],73,118,121,45,103
1,<environment.Job instance at 0x15243acb3d70>,56,13,[1 5],74,121,134,47,106
1,<environment.Job instance at 0x1524523de690>,57,15,[5 1],76,114,129,38,107
1,<environment.Job instance at 0x1524359b9870>,58,23,[2 5],77,131,154,54,126
1,<environment.Job instance at 0x152435af6d20>,59,1,[6 1],78,126,127,48,126
1,<environment.Job instance at 0x15243993eeb0>,60,18,[8 2],79,127,145,48,126
1,<environment.Job instance at 0x15243993eaa0>,61,16,[2 9],80,145,161,65,132
1,<environment.Job instance at 0x152435ae91e0>,62,3,[2 6],81,134,137,53,132
1,<environment.Job instance at 0x152435ae9a50>,63,3,[2 6],82,137,140,55,132
1,<environment.Job instance at 0x152435ae9820>,64,1,[5 2],83,140,141,57,132
1,<environment.Job instance at 0x152450a97690>,65,3,[7 1],84,145,148,61,132
1,<environment.Job instance at 0x152450a97410>,66,2,[2 6],85,141,143,56,132
1,<environment.Job instance at 0x152438595050>,67,3,[2 7],87,161,164,74,135
1,<environment.Job instance at 0x152439d2ca00>,16,16,[ 2 10],25,96,112,71,96
1,<environment.Job instance at 0x1524354a7a00>,17,2,[5 1],27,106,108,79,106
1,<environment.Job instance at 0x152439e0e410>,18,3,[6 1],28,106,109,78,106
1,<environment.Job instance at 0x152439e0e2d0>,19,1,[10  1],29,109,110,80,106
1,<environment.Job instance at 0x152450929230>,20,15,[7 1],30,110,125,80,106
1,<environment.Job instance at 0x152450929640>,21,3,[ 2 10],31,112,115,81,106
1,<environment.Job instance at 0x152450929280>,22,17,[2 9],33,115,132,82,106
1,<environment.Job instance at 0x15243519a370>,23,1,[9 2],34,125,126,91,106
1,<environment.Job instance at 0x15243519a320>,24,3,[2 9],35,132,135,97,106
1,<environment.Job instance at 0x15243519a5a0>,25,3,[2 5],36,115,118,79,106
1,<environment.Job instance at 0x1524354e4190>,26,3,[1 7],37,135,138,98,109
1,<environment.Job instance at 0x1524354e4370>,27,2,[2 6],38,126,128,88,109
1,<environment.Job instance at 0x152435a15870>,28,2,[5 2],39,110,112,71,109
1,<environment.Job instance at 0x152435a15960>,29,12,[ 1 10],40,138,150,98,121
1,<environment.Job instance at 0x152435a15690>,30,2,[1 5],41,129,131,88,129
1,<environment.Job instance at 0x152435a15fa0>,31,12,[5 1],42,129,141,87,129
1,<environment.Job instance at 0x152435a15230>,32,1,[10  1],43,141,142,98,129
1,<environment.Job instance at 0x152435a15780>,33,3,[1 7],45,135,138,90,129
1,<environment.Job instance at 0x152435a151e0>,34,1,[10  2],47,142,143,95,129
1,<environment.Job instance at 0x152435a15280>,35,1,[6 1],49,131,132,82,129
1,<environment.Job instance at 0x152435a15c80>,36,13,[1 6],50,150,163,100,134
1,<environment.Job instance at 0x152435a150f0>,37,2,[1 8],51,151,153,100,151
1,<environment.Job instance at 0x152435a15d70>,38,17,[6 1],52,153,170,101,153
1,<environment.Job instance at 0x152435a15a00>,39,1,[8 1],53,153,154,100,153
1,<environment.Job instance at 0x152435a15730>,40,3,[1 6],54,154,157,100,153
1,<environment.Job instance at 0x152435a15c30>,41,2,[1 9],57,163,165,106,153
1,<environment.Job instance at 0x152435a155a0>,42,17,[2 7],58,165,182,107,153
1,<environment.Job instance at 0x152435a15910>,43,12,[5 1],59,162,174,103,162
1,<environment.Job instance at 0x152435a15f00>,44,16,[1 7],61,170,186,109,162
1,<environment.Job instance at 0x152435a158c0>,45,3,[2 6],62,166,169,104,166
1,<environment.Job instance at 0x152435a15d20>,46,17,[6 1],65,174,191,109,166
1,<environment.Job instance at 0x152435cd1730>,47,3,[2 8],66,186,189,120,166
1,<environment.Job instance at 0x152435cd1dc0>,48,2,[9 1],68,189,191,121,167
1,<environment.Job instance at 0x152435cd1910>,49,12,[5 2],69,191,203,122,174
1,<environment.Job instance at 0x152435cd19b0>,50,1,[1 9],70,191,192,121,174
1,<environment.Job instance at 0x152435cd1190>,51,1,[1 5],71,182,183,111,175
1,<environment.Job instance at 0x152436553d70>,52,26,[2 7],72,192,218,120,189
1,<environment.Job instance at 0x152436553c80>,53,3,[2 8],73,203,206,130,199
1,<environment.Job instance at 0x1524359a9050>,54,3,[2 9],74,218,221,144,199
1,<environment.Job instance at 0x1524359a9280>,55,15,[8 1],76,206,221,130,201
1,<environment.Job instance at 0x15243525f410>,56,1,[2 7],77,206,207,129,201
1,<environment.Job instance at 0x15243525f870>,57,1,[7 2],78,201,202,123,201
1,<environment.Job instance at 0x15243525f3c0>,58,25,[1 7],79,221,246,142,217
1,<environment.Job instance at 0x152452387780>,59,1,[ 2 10],80,246,247,166,240
1,<environment.Job instance at 0x152452387460>,60,2,[2 5],81,240,242,159,240
1,<environment.Job instance at 0x152435405aa0>,61,15,[7 2],82,240,255,158,240
1,<environment.Job instance at 0x1524354055a0>,62,1,[7 2],85,242,243,157,240
1,<environment.Job instance at 0x152450af0370>,63,1,[1 8],86,247,248,161,240
1,<environment.Job instance at 0x1524358003c0>,64,2,[1 7],87,248,250,161,240
1,<environment.Job instance at 0x152452387230>,65,22,[ 1 10],88,250,272,162,243
1,<environment.Job instance at 0x1524358007d0>,66,2,[1 6],89,272,274,183,253
1,<environment.Job instance at 0x147102191a00>,22,1,[2 7],30,30,31,0,30
1,<environment.Job instance at 0x147102191050>,23,2,[8 1],31,31,33,0,31
1,<environment.Job instance at 0x147102191f00>,24,12,[ 1 10],32,32,44,0,32
1,<environment.Job instance at 0x14710223bf00>,25,2,[2 8],34,44,46,10,34
1,<environment.Job instance at 0x1471021911e0>,26,1,[2 7],35,44,45,9,35
1,<environment.Job instance at 0x147102191a50>,27,2,[2 7],36,45,47,9,36
1,<environment.Job instance at 0x1471021d00f0>,28,2,[2 7],37,46,48,9,37
1,<environment.Job instance at 0x1471021f7d20>,29,16,[10  2],39,47,63,8,39
1,<environment.Job instance at 0x1471021f7aa0>,30,15,[2 9],40,48,63,8,40
1,<environment.Job instance at 0x147102238230>,31,3,[9 2],41,41,44,0,41
1,<environment.Job instance at 0x147102285230>,32,3,[2 9],42,63,66,21,42
1,<environment.Job instance at 0x1471021f2f00>,33,1,[2 7],43,66,67,23,43
1,<environment.Job instance at 0x1471021d5230>,34,15,[11  1],44,63,78,19,49
1,<environment.Job instance at 0x1471021d5be0>,35,2,[1 8],45,67,69,22,49
1,<environment.Job instance at 0x1471021f2410>,36,3,[10  2],48,78,81,30,52
1,<environment.Job instance at 0x147102185b40>,37,2,[ 1 10],50,69,71,19,52
1,<environment.Job instance at 0x1471021851e0>,38,1,[8 1],51,81,82,30,53
1,<environment.Job instance at 0x147102185aa0>,39,3,[1 5],52,63,66,11,53
1,<environment.Job instance at 0x147102185820>,40,3,[1 6],53,66,69,13,53
1,<environment.Job instance at 0x1471021995f0>,41,25,[12  2],54,82,107,28,78
1,<environment.Job instance at 0x1471021990f0>,42,1,[10  1],56,107,108,51,79
1,<environment.Job instance at 0x147102199c30>,43,3,[7 2],57,108,111,51,82
1,<environment.Job instance at 0x1471021999b0>,44,3,[1 8],58,82,85,24,82
1,<environment.Job instance at 0x147102199050>,45,3,[2 8],60,85,88,25,82
1,<environment.Job instance at 0x147102199cd0>,46,2,[2 8],61,88,90,27,82
1,<environment.Job instance at 0x147102199a50>,47,1,[1 6],63,90,91,27,82
1,<environment.Job instance at 0x14710219c500>,48,1,[2 9],65,91,92,26,82
1,<environment.Job instance at 0x14710219ca50>,49,16,[8 2],66,108,124,42,95
1,<environment.Job instance at 0x14710219c1e0>,50,12,[9 1],68,124,136,56,107
1,<environment.Job instance at 0x14710219caf0>,51,2,[8 2],69,136,138,67,109
1,<environment.Job instance at 0x14710219cfa0>,52,2,[1 7],72,111,113,39,109
1,<environment.Job instance at 0x14710219c870>,53,3,[6 1],73,111,114,38,109
1,<environment.Job instance at 0x14710219ceb0>,54,2,[2 5],75,114,116,39,109
1,<environment.Job instance at 0x147102180a50>,55,16,[2 5],76,114,130,38,109
1,<environment.Job instance at 0x14710219c320>,56,1,[10  2],79,138,139,59,110
1,<environment.Job instance at 0x1471021ac1e0>,57,22,[1 5],80,116,138,36,110
1,<environment.Job instance at 0x1471021acaa0>,58,15,[2 9],82,138,153,56,124
1,<environment.Job instance at 0x14710217f050>,59,1,[1 9],85,130,131,45,124
1,<environment.Job instance at 0x14710217faa0>,60,17,[8 1],86,139,156,53,127
1,<environment.Job instance at 0x14710217fe10>,61,3,[1 5],87,131,134,44,127
1,<environment.Job instance at 0x14710217fc30>,62,3,[9 2],88,156,159,68,130
1,<environment.Job instance at 0x14710217f6e0>,63,3,[10  1],89,159,162,70,133
1,<environment.Job instance at 0x1471021abcd0>,64,12,[9 1],91,162,174,71,145
1,<environment.Job instance at 0x14710217f910>,65,3,[2 9],92,153,156,61,145
1,<environment.Job instance at 0x14710217f230>,66,3,[1 9],93,156,159,63,145
1,<environment.Job instance at 0x14710217fcd0>,67,1,[13  1],94,174,175,80,146
1,<environment.Job instance at 0x147101ce25f0>,68,3,[1 9],95,159,162,64,146
1,<environment.Job instance at 0x147101cd25a0>,69,1,[2 5],96,146,147,50,146
1,<environment.Job instance at 0x147101ce6fa0>,70,2,[ 2 10],97,162,164,65,146
1,<environment.Job instance at 0x147101ce61e0>,71,3,[2 9],99,164,167,65,146
1,<environment.Job instance at 0x1471022a7960>,20,2,[ 1 13],27,187,189,160,187
1,<environment.Job instance at 0x147102191370>,21,3,[6 1],29,831,834,802,831
1,<environment.Job instance at 0x147104260e60>,25,15,[10  2],35,35,50,0,35
1,<environment.Job instance at 0x147104260320>,26,13,[ 1 10],36,36,49,0,36
1,<environment.Job instance at 0x147104260780>,27,16,[8 1],37,50,66,13,37
1,<environment.Job instance at 0x1471042609b0>,28,17,[1 9],39,49,66,10,39
1,<environment.Job instance at 0x1471044515a0>,29,13,[2 9],40,66,79,26,50
1,<environment.Job instance at 0x147104451be0>,30,1,[2 8],41,79,80,38,51
1,<environment.Job instance at 0x147104451410>,31,1,[ 2 10],42,80,81,38,52
1,<environment.Job instance at 0x14710449d2d0>,32,1,[ 2 14],43,81,82,38,53
1,<environment.Job instance at 0x14710449deb0>,33,1,[8 2],44,66,67,22,53
1,<environment.Job instance at 0x14710449df00>,34,15,[5 1],45,53,68,8,53
1,<environment.Job instance at 0x14710449d820>,35,18,[1 8],46,82,100,36,71
1,<environment.Job instance at 0x14710426ad70>,36,2,[ 1 10],50,100,102,50,73
1,<environment.Job instance at 0x14710426a640>,37,3,[11  2],51,73,76,22,73
1,<environment.Job instance at 0x14710426a550>,38,3,[ 2 10],52,102,105,50,76
1,<environment.Job instance at 0x14710426aaf0>,39,3,[2 5],53,76,79,23,76
1,<environment.Job instance at 0x14710426a460>,40,1,[8 1],54,76,77,22,76
1,<environment.Job instance at 0x14710426a4b0>,41,3,[5 2],56,82,85,26,76
1,<environment.Job instance at 0x14710426afa0>,42,15,[9 2],57,82,97,25,76
1,<environment.Job instance at 0x14710426a3c0>,43,18,[2 6],58,105,123,47,94
1,<environment.Job instance at 0x14710426ae10>,44,1,[1 6],59,97,98,38,94
1,<environment.Job instance at 0x14710426a690>,45,1,[1 7],60,98,99,38,94
1,<environment.Job instance at 0x1471042c0a00>,46,3,[9 1],63,99,102,36,94
1,<environment.Job instance at 0x1471042c04b0>,47,3,[12  1],64,102,105,38,94
1,<environment.Job instance at 0x1471042c02d0>,48,1,[1 8],66,105,106,39,94
1,<environment.Job instance at 0x1471042c0f00>,49,15,[1 6],67,106,121,39,94
1,<environment.Job instance at 0x1471042c0910>,50,3,[7 2],68,106,109,38,94
1,<environment.Job instance at 0x14710425f460>,51,2,[1 8],69,121,123,52,94
1,<environment.Job instance at 0x14710425f820>,52,3,[1 7],71,123,126,52,97
1,<environment.Job instance at 0x14710425fdc0>,53,13,[ 1 14],72,126,139,54,110
1,<environment.Job instance at 0x14710425fcd0>,54,27,[1 8],73,139,166,66,137
1,<environment.Job instance at 0x14710425f5a0>,55,3,[1 9],74,166,169,92,140
1,<environment.Job instance at 0x14710425f870>,56,2,[7 2],75,140,142,65,140
1,<environment.Job instance at 0x14710425f8c0>,57,12,[6 1],76,140,152,64,140
1,<environment.Job instance at 0x14710425f640>,58,28,[2 8],79,169,197,90,168
1,<environment.Job instance at 0x14710436e550>,59,3,[5 1],83,168,171,85,168
1,<environment.Job instance at 0x14710436e230>,60,15,[1 7],85,171,186,86,168
1,<environment.Job instance at 0x14710436e370>,61,3,[ 2 10],86,197,200,111,171
1,<environment.Job instance at 0x14710436e3c0>,62,2,[1 9],88,200,202,112,173
1,<environment.Job instance at 0x14710436ebe0>,63,2,[ 2 10],91,202,204,111,175
1,<environment.Job instance at 0x14710436e910>,64,3,[5 2],92,186,189,94,175
1,<environment.Job instance at 0x14710436e780>,65,15,[2 7],93,204,219,111,190
1,<environment.Job instance at 0x14710436e190>,66,2,[ 2 10],94,219,221,125,192
1,<environment.Job instance at 0x1471043100f0>,67,2,[2 9],95,221,223,126,194
1,<environment.Job instance at 0x147104310c80>,68,17,[ 2 10],96,223,240,127,211
1,<environment.Job instance at 0x147104259af0>,69,19,[ 1 10],98,240,259,142,230
1,<environment.Job instance at 0x147104259690>,70,2,[9 1],99,231,233,132,231
1,<environment.Job instance at 0x147103736aa0>,14,18,[8 1],18,18,36,0,18
1,<environment.Job instance at 0x1471037367d0>,15,16,[1 6],19,19,35,0,19
1,<environment.Job instance at 0x1471057644b0>,16,17,[1 6],21,21,38,0,21
1,<environment.Job instance at 0x1471022173c0>,17,17,[7 1],22,36,53,14,24
1,<environment.Job instance at 0x1471041d9f50>,18,1,[2 6],23,35,36,12,24
1,<environment.Job instance at 0x1471041d90a0>,19,16,[9 1],26,53,69,27,40
1,<environment.Job instance at 0x1471041d9370>,20,15,[9 2],30,69,84,39,55
1,<environment.Job instance at 0x1471041d9a00>,21,1,[9 1],31,84,85,53,56
1,<environment.Job instance at 0x1471041d90f0>,22,12,[1 5],32,56,68,24,56
1,<environment.Job instance at 0x1471041d9c30>,23,2,[6 2],33,68,70,35,56
1,<environment.Job instance at 0x147105796550>,24,1,[9 1],35,85,86,50,57
1,<environment.Job instance at 0x147105796820>,25,2,[8 1],36,86,88,50,59
1,<environment.Job instance at 0x147105796d20>,26,1,[ 1 10],37,70,71,33,59
1,<environment.Job instance at 0x147105796b40>,27,2,[1 5],39,59,61,20,59
1,<environment.Job instance at 0x147105796370>,28,3,[1 5],40,61,64,21,59
1,<environment.Job instance at 0x147105727780>,29,2,[10  2],41,88,90,47,61
1,<environment.Job instance at 0x147105727f50>,30,3,[2 8],45,64,67,19,61
1,<environment.Job instance at 0x1471057278c0>,31,1,[2 6],46,67,68,21,61
1,<environment.Job instance at 0x1471057275f0>,32,2,[1 6],47,71,73,24,61
1,<environment.Job instance at 0x1471057277d0>,33,18,[7 2],49,90,108,41,79
1,<environment.Job instance at 0x1471056d6f50>,34,1,[2 8],52,79,80,27,79
1,<environment.Job instance at 0x1471056d6a00>,35,18,[10  1],56,108,126,52,97
1,<environment.Job instance at 0x1471056d6c30>,36,2,[7 2],57,97,99,40,97
1,<environment.Job instance at 0x1471056d60f0>,37,2,[2 5],58,99,101,41,97
1,<environment.Job instance at 0x1471056d6910>,38,14,[2 8],59,99,113,40,97
1,<environment.Job instance at 0x14710563ebe0>,39,3,[8 1],62,126,129,64,100
1,<environment.Job instance at 0x14710563e870>,40,1,[7 2],63,126,127,63,100
1,<environment.Job instance at 0x14710563eaf0>,41,2,[5 2],64,101,103,37,100
1,<environment.Job instance at 0x14710563e8c0>,42,2,[ 2 12],66,113,115,47,100
1,<environment.Job instance at 0x14710563ed20>,43,14,[6 1],67,127,141,60,112
1,<environment.Job instance at 0x14710563e280>,44,15,[2 8],68,129,144,61,115
1,<environment.Job instance at 0x14710563e460>,45,16,[1 7],69,141,157,72,128
1,<environment.Job instance at 0x14710563e5a0>,46,13,[ 1 11],71,157,170,86,141
1,<environment.Job instance at 0x14710563e960>,47,2,[6 2],72,144,146,72,141
1,<environment.Job instance at 0x14710563eb40>,48,1,[1 5],73,144,145,71,141
1,<environment.Job instance at 0x1471021b2870>,49,16,[1 7],74,170,186,96,157
1,<environment.Job instance at 0x1471021b25a0>,50,3,[ 2 10],75,186,189,111,160
1,<environment.Job instance at 0x1471021b28c0>,51,3,[ 1 13],76,189,192,113,163
1,<environment.Job instance at 0x1471021b2960>,52,3,[1 5],79,170,173,91,163
1,<environment.Job instance at 0x1471021b21e0>,53,21,[ 2 13],80,192,213,112,184
1,<environment.Job instance at 0x14710424cdc0>,54,1,[2 8],81,184,185,103,184
1,<environment.Job instance at 0x14710424c050>,55,1,[7 1],82,185,186,103,184
1,<environment.Job instance at 0x14710424c320>,56,18,[5 2],83,185,203,102,184
1,<environment.Job instance at 0x1471044015a0>,57,2,[8 2],85,186,188,101,184
1,<environment.Job instance at 0x147104401c30>,58,3,[1 7],86,213,216,127,187
1,<environment.Job instance at 0x147104401f00>,59,18,[8 1],87,203,221,116,192
1,<environment.Job instance at 0x147104401050>,60,1,[5 2],88,213,214,125,192
1,<environment.Job instance at 0x147104401c80>,61,1,[1 8],89,216,217,127,192
1,<environment.Job instance at 0x1471044010a0>,62,3,[1 7],90,217,220,127,192
1,<environment.Job instance at 0x147104401a00>,63,2,[5 2],92,214,216,122,192
1,<environment.Job instance at 0x1471044dee60>,64,2,[1 7],94,217,219,123,192
1,<environment.Job instance at 0x1471044dec80>,65,2,[5 2],95,219,221,124,192
1,<environment.Job instance at 0x1471044de0a0>,66,1,[1 6],97,216,217,119,192
1,<environment.Job instance at 0x1471044de0f0>,67,12,[7 1],98,221,233,123,204
1,<environment.Job instance at 0x147104553f50>,68,2,[10  1],99,233,235,134,206
1,<environment.Job instance at 0x1471042aa190>,12,2,[10  1],15,264,266,249,264
1,<environment.Job instance at 0x1471059f8e60>,12,21,[7 2],20,20,41,0,20
1,<environment.Job instance at 0x14710f311dc0>,18,12,[7 1],31,31,43,0,31
1,<environment.Job instance at 0x14710f99bd20>,19,20,[8 2],32,41,61,9,32
1,<environment.Job instance at 0x1471069c7d20>,20,2,[10  1],33,61,63,28,34
1,<environment.Job instance at 0x1471069c4460>,21,3,[1 9],34,34,37,0,34
1,<environment.Job instance at 0x14710f9879b0>,22,3,[1 8],38,38,41,0,38
1,<environment.Job instance at 0x1471057db230>,23,2,[2 7],41,43,45,2,41
1,<environment.Job instance at 0x14710c2374b0>,24,2,[9 2],42,63,65,21,42
1,<environment.Job instance at 0x147105a4aaa0>,25,3,[5 2],43,43,46,0,43
1,<environment.Job instance at 0x147101776d70>,26,16,[7 2],44,65,81,21,52
1,<environment.Job instance at 0x147105abd0a0>,27,1,[ 2 10],45,52,53,7,52
1,<environment.Job instance at 0x1471014b86e0>,28,18,[5 2],47,52,70,5,52
1,<environment.Job instance at 0x14710428da00>,29,1,[1 8],48,53,54,5,52
1,<environment.Job instance at 0x14710428d3c0>,30,13,[1 7],50,63,76,13,52
1,<environment.Job instance at 0x14710452e410>,31,12,[2 9],53,76,88,23,59
1,<environment.Job instance at 0x1471207cf2d0>,32,3,[5 2],54,70,73,16,59
1,<environment.Job instance at 0x1471207cf370>,33,2,[ 2 10],55,59,61,4,59
1,<environment.Job instance at 0x1471045dcfa0>,34,15,[8 2],56,81,96,25,67
1,<environment.Job instance at 0x1471045dcaf0>,35,17,[10  1],58,96,113,38,84
1,<environment.Job instance at 0x147102172f50>,36,2,[ 2 12],60,88,90,28,84
1,<environment.Job instance at 0x1471021725a0>,37,1,[6 2],61,90,91,29,84
1,<environment.Job instance at 0x147102172d20>,38,3,[2 7],63,91,94,28,84
1,<environment.Job instance at 0x1471021723c0>,39,15,[ 1 11],67,94,109,27,84
1,<environment.Job instance at 0x147102172460>,40,2,[8 1],68,113,115,45,86
1,<environment.Job instance at 0x147102172370>,41,2,[1 9],71,109,111,38,86
1,<environment.Job instance at 0x147102172870>,42,2,[1 6],72,90,92,18,86
1,<environment.Job instance at 0x147102172280>,43,1,[1 9],73,111,112,38,86
1,<environment.Job instance at 0x147102172a50>,44,3,[1 8],74,112,115,38,86
1,<environment.Job instance at 0x147102172eb0>,45,1,[9 2],75,115,116,40,87
1,<environment.Job instance at 0x147105a9d5a0>,46,18,[ 1 10],76,115,133,39,104
1,<environment.Job instance at 0x147105a9d2d0>,47,2,[1 6],78,112,114,34,104
1,<environment.Job instance at 0x147105a9d730>,48,3,[ 2 10],80,133,136,53,107
1,<environment.Job instance at 0x147105a9d410>,49,1,[7 2],81,116,117,35,107
1,<environment.Job instance at 0x14710f3028c0>,50,3,[9 1],82,117,120,35,107
1,<environment.Job instance at 0x14710f302960>,51,16,[9 1],83,120,136,37,107
1,<environment.Job instance at 0x14710f2f9640>,52,1,[6 2],85,114,115,29,107
1,<environment.Job instance at 0x14710f2f95a0>,53,3,[2 7],86,136,139,50,110
1,<environment.Job instance at 0x1471069ad3c0>,54,14,[7 2],87,136,150,49,121
1,<environment.Job instance at 0x147101925320>,55,2,[ 1 10],89,139,141,50,121
1,<environment.Job instance at 0x147105577280>,56,3,[10  2],90,150,153,60,124
1,<environment.Job instance at 0x1471022ae140>,57,2,[2 9],91,141,143,50,124
1,<environment.Job instance at 0x1471055d67d0>,58,3,[9 1],94,153,156,59,127
1,<environment.Job instance at 0x147104400d70>,59,18,[6 2],96,153,171,57,142
1,<environment.Job instance at 0x1471057c10a0>,60,16,[1 5],98,156,172,58,143
1,<environment.Job instance at 0x14710f97cf00>,16,3,[5 1],24,295,298,271,295
1,<environment.Job instance at 0x14710f3118c0>,17,3,[1 7],29,1412,1415,1383,1412
1,<environment.Job instance at 0x147101a8eb40>,28,2,[1 5],45,72,74,27,72
1,<environment.Job instance at 0x147104329eb0>,40,3,[10  1],61,72,75,11,72
1,<environment.Job instance at 0x1471015c6690>,41,2,[1 7],62,72,74,10,72
1,<environment.Job instance at 0x1471015c6be0>,42,15,[1 5],63,74,89,11,72
1,<environment.Job instance at 0x147101a39140>,43,3,[1 9],64,74,77,10,72
1,<environment.Job instance at 0x147102cdf910>,44,2,[1 8],66,77,79,11,72
1,<environment.Job instance at 0x1471015bf2d0>,45,2,[1 5],68,79,81,11,72
1,<environment.Job instance at 0x1471015bf640>,46,15,[10  1],69,75,90,6,72
1,<environment.Job instance at 0x1471015bf6e0>,47,1,[2 8],70,81,82,11,72
1,<environment.Job instance at 0x147101a740a0>,48,1,[8 2],71,90,91,19,72
1,<environment.Job instance at 0x147101a747d0>,49,14,[14  1],72,91,105,19,76
1,<environment.Job instance at 0x1471044542d0>,50,2,[6 1],74,105,107,31,78
1,<environment.Job instance at 0x14710578a320>,51,3,[10  1],76,107,110,31,81
1,<environment.Job instance at 0x14710578a870>,52,3,[10  2],77,110,113,33,84
1,<environment.Job instance at 0x14710578aaf0>,53,3,[ 2 11],80,105,108,25,84
1,<environment.Job instance at 0x147102239370>,54,2,[1 7],81,84,86,3,84
1,<environment.Job instance at 0x147104558b40>,55,1,[1 5],82,86,87,4,84
1,<environment.Job instance at 0x14710f30a9b0>,56,18,[8 2],83,113,131,30,102
1,<environment.Job instance at 0x147105b64190>,57,3,[1 6],84,102,105,18,102
1,<environment.Job instance at 0x1471045b60f0>,58,16,[1 5],85,108,124,23,102
1,<environment.Job instance at 0x1471045b6730>,59,2,[ 1 10],86,124,126,38,102
1,<environment.Job instance at 0x1471055d3460>,60,17,[2 9],87,126,143,39,114
1,<environment.Job instance at 0x1471055d3f00>,61,15,[7 2],88,131,146,43,117
1,<environment.Job instance at 0x1471069a1be0>,62,16,[2 8],89,143,159,54,130
1,<environment.Job instance at 0x1471069a1640>,63,3,[6 1],90,131,134,41,130
1,<environment.Job instance at 0x1471069a1dc0>,64,2,[1 8],91,159,161,68,132
1,<environment.Job instance at 0x1471021bcc30>,65,3,[2 8],92,161,164,69,135
1,<environment.Job instance at 0x14710c21ffa0>,66,2,[2 8],93,164,166,71,137
1,<environment.Job instance at 0x1471021bc870>,67,3,[5 2],96,137,140,41,137
1,<environment.Job instance at 0x1471021bcd70>,68,1,[6 2],98,140,141,42,137
1,<environment.Job instance at 0x147105b4a8c0>,69,2,[2 8],99,166,168,67,139
1,<environment.Job instance at 0x147101a30e60>,21,3,[8 1],33,504,507,471,504
1,<environment.Job instance at 0x147101a6f500>,27,1,[2 6],43,591,592,548,591
1,<environment.Job instance at 0x14710182c960>,5,1,[5 2],7,7,8,0,7
1,<environment.Job instance at 0x147101a6f500>,3,2,[10  1],4,8,10,4,8
1,<environment.Job instance at 0x14710182c690>,6,1,[2 5],8,8,9,0,8
1,<environment.Job instance at 0x14710182c1e0>,8,3,[2 5],11,11,14,0,11
1,<environment.Job instance at 0x14710182c5f0>,9,12,[6 1],12,12,24,0,12
1,<environment.Job instance at 0x14710182c140>,10,2,[5 2],13,13,15,0,13
1,<environment.Job instance at 0x14710182c5a0>,11,1,[7 1],16,16,17,0,16
1,<environment.Job instance at 0x14710182ce60>,12,2,[7 1],17,17,19,0,17
1,<environment.Job instance at 0x14710182c320>,13,1,[7 2],18,19,20,1,18
1,<environment.Job instance at 0x14710182ca00>,14,3,[10  2],19,24,27,5,19
1,<environment.Job instance at 0x14710182c370>,15,2,[5 2],20,20,22,0,20
1,<environment.Job instance at 0x14710182c9b0>,16,15,[1 8],22,22,37,0,22
1,<environment.Job instance at 0x14710182cb90>,17,3,[1 7],23,27,30,4,23
1,<environment.Job instance at 0x14710182c230>,18,19,[2 9],26,37,56,11,27
1,<environment.Job instance at 0x1471012bb140>,19,13,[12  2],27,30,43,3,27
1,<environment.Job instance at 0x1471012bbc80>,20,17,[9 2],28,43,60,15,31
1,<environment.Job instance at 0x1471012bbe60>,21,1,[6 2],29,56,57,27,31
1,<environment.Job instance at 0x1471012bbd20>,22,2,[1 5],30,31,33,1,31
1,<environment.Job instance at 0x1471012bb5a0>,23,1,[1 7],31,57,58,26,31
1,<environment.Job instance at 0x1471012bb820>,24,3,[2 7],32,58,61,26,32
1,<environment.Job instance at 0x1471012bb910>,25,2,[1 5],33,33,35,0,33
1,<environment.Job instance at 0x1471012bb640>,26,1,[1 9],35,61,62,26,35
1,<environment.Job instance at 0x1471012bbaa0>,27,1,[2 5],36,36,37,0,36
1,<environment.Job instance at 0x14710131f140>,28,15,[7 1],37,60,75,23,46
1,<environment.Job instance at 0x14710131fd20>,29,1,[2 6],38,57,58,19,46
1,<environment.Job instance at 0x14710131fe10>,30,1,[2 8],40,62,63,22,46
1,<environment.Job instance at 0x14710131f3c0>,31,1,[2 6],41,58,59,17,46
1,<environment.Job instance at 0x14710131fb40>,32,3,[1 7],43,63,66,20,46
1,<environment.Job instance at 0x14710131fd70>,33,17,[2 7],44,63,80,19,51
1,<environment.Job instance at 0x14710131f910>,34,14,[1 6],45,66,80,21,51
1,<environment.Job instance at 0x14710131ffa0>,35,17,[9 1],46,75,92,29,63
1,<environment.Job instance at 0x14710131f050>,36,3,[5 1],47,66,69,19,63
1,<environment.Job instance at 0x14710131f690>,37,1,[10  1],48,92,93,44,64
1,<environment.Job instance at 0x14710131ff50>,38,1,[1 8],49,80,81,31,64
1,<environment.Job instance at 0x14710131f320>,39,12,[9 2],50,93,105,43,76
1,<environment.Job instance at 0x14710131f230>,40,2,[2 6],51,80,82,29,76
1,<environment.Job instance at 0x14710131f550>,41,3,[9 2],52,105,108,53,79
1,<environment.Job instance at 0x14710131f4b0>,42,2,[10  2],53,108,110,55,81
1,<environment.Job instance at 0x14710131fb90>,43,16,[10  2],54,110,126,56,97
1,<environment.Job instance at 0x14710170bdc0>,44,16,[ 2 10],55,97,113,42,97
1,<environment.Job instance at 0x14710170baf0>,45,2,[1 6],57,113,115,56,97
1,<environment.Job instance at 0x14710170b460>,46,15,[2 6],59,113,128,54,99
1,<environment.Job instance at 0x14710170b0f0>,47,2,[7 2],60,126,128,66,99
1,<environment.Job instance at 0x14710170bd20>,48,13,[5 1],61,126,139,65,110
1,<environment.Job instance at 0x14710170bf00>,49,2,[1 8],62,128,130,66,110
1,<environment.Job instance at 0x14710170ba00>,50,14,[6 1],63,128,142,65,113
1,<environment.Job instance at 0x14710170be60>,51,1,[2 5],64,115,116,51,113
1,<environment.Job instance at 0x14710170b690>,52,14,[2 8],65,130,144,65,115
1,<environment.Job instance at 0x14710170b500>,53,2,[7 1],66,139,141,73,115
1,<environment.Job instance at 0x14710170b6e0>,54,3,[7 1],67,141,144,74,115
1,<environment.Job instance at 0x14710170b190>,55,13,[10  1],68,144,157,76,128
1,<environment.Job instance at 0x14710170b050>,56,25,[12  1],69,157,182,88,153
1,<environment.Job instance at 0x14710170b870>,57,1,[ 2 10],70,153,154,83,153
1,<environment.Job instance at 0x14710170b230>,58,2,[10  2],72,182,184,110,155
1,<environment.Job instance at 0x14710170b370>,59,3,[7 1],76,184,187,108,158
1,<environment.Job instance at 0x14710170beb0>,60,3,[2 8],77,158,161,81,158
1,<environment.Job instance at 0x14710160c640>,61,3,[1 9],78,161,164,83,158
1,<environment.Job instance at 0x14710160c460>,62,16,[10  1],79,187,203,108,174
1,<environment.Job instance at 0x14710160cd70>,63,3,[2 9],80,174,177,94,174
1,<environment.Job instance at 0x14710160cf00>,64,23,[1 6],81,177,200,96,174
1,<environment.Job instance at 0x14710160ce60>,65,12,[7 1],84,203,215,119,186
1,<environment.Job instance at 0x14710160cbe0>,66,3,[10  1],87,215,218,128,189
1,<environment.Job instance at 0x14710160cdc0>,67,3,[6 1],89,203,206,114,189
1,<environment.Job instance at 0x14710160c4b0>,68,3,[8 1],90,206,209,116,189
1,<environment.Job instance at 0x14710160c320>,69,2,[7 1],92,209,211,117,189
1,<environment.Job instance at 0x14710160cd20>,70,18,[2 6],94,211,229,117,200
1,<environment.Job instance at 0x14710160c370>,71,1,[7 1],96,218,219,122,200
1,<environment.Job instance at 0x14710160cfa0>,72,2,[5 1],97,200,202,103,200
1,<environment.Job instance at 0x14710160caf0>,73,14,[2 5],98,211,225,113,200
1,<environment.Job instance at 0x14710182ce10>,7,2,[ 1 10],10,237,239,227,237
1,<environment.Job instance at 0x1471016ef2d0>,4,2,[2 7],6,411,413,405,411
1,<environment.Job instance at 0x1471206a4460>,20,1,[2 8],39,39,40,0,39
1,<environment.Job instance at 0x1471013700f0>,25,2,[5 2],44,44,46,0,44
1,<environment.Job instance at 0x147103769500>,27,21,[1 8],46,46,67,0,46
1,<environment.Job instance at 0x14710425f8c0>,28,17,[2 8],47,73,90,26,73
1,<environment.Job instance at 0x14710425ff50>,34,3,[9 2],55,77,80,22,77
1,<environment.Job instance at 0x14710435db40>,38,13,[10  1],65,80,93,15,77
1,<environment.Job instance at 0x14710435d320>,39,2,[1 8],67,90,92,23,77
1,<environment.Job instance at 0x14710435dd20>,40,1,[10  2],68,93,94,25,77
1,<environment.Job instance at 0x14710435d280>,41,3,[2 8],69,92,95,23,77
1,<environment.Job instance at 0x14710435d870>,42,15,[2 7],70,94,109,24,80
1,<environment.Job instance at 0x14710465bb90>,43,2,[8 2],75,95,97,20,80
1,<environment.Job instance at 0x1471016ca460>,44,1,[ 1 12],76,109,110,33,81
1,<environment.Job instance at 0x1471046936e0>,45,3,[6 2],77,97,100,20,81
1,<environment.Job instance at 0x147120701910>,46,1,[8 1],79,100,101,21,81
1,<environment.Job instance at 0x1471207013c0>,47,3,[1 9],81,110,113,29,84
1,<environment.Job instance at 0x147120611410>,48,1,[2 9],84,113,114,29,85
1,<environment.Job instance at 0x147102cfa050>,49,2,[7 2],85,97,99,12,85
1,<environment.Job instance at 0x1471046e0e60>,50,12,[7 1],86,101,113,15,86
1,<environment.Job instance at 0x1471046afe60>,51,13,[13  2],87,113,126,26,97
1,<environment.Job instance at 0x1471069b26e0>,52,3,[9 2],88,126,129,38,100
1,<environment.Job instance at 0x1471200afe60>,53,2,[7 1],91,109,111,18,100
1,<environment.Job instance at 0x1471056ff5a0>,54,16,[ 1 10],92,114,130,22,101
1,<environment.Job instance at 0x1471046e0280>,55,3,[2 5],94,101,104,7,101
1,<environment.Job instance at 0x1471057cb550>,56,1,[8 1],95,129,130,34,101
1,<environment.Job instance at 0x1471056ffb40>,57,28,[5 1],96,126,154,30,125
1,<environment.Job instance at 0x1471057cb640>,58,13,[8 2],97,130,143,33,125
1,<environment.Job instance at 0x1471057cbfa0>,59,18,[5 1],98,143,161,45,132
1,<environment.Job instance at 0x1471057cb730>,60,15,[6 1],99,154,169,55,140
1,<environment.Job instance at 0x1471206a4f00>,19,3,[5 1],38,523,526,485,523
1,<environment.Job instance at 0x14710698d6e0>,23,14,[9 2],36,41,55,5,41
1,<environment.Job instance at 0x1471042921e0>,31,2,[1 8],45,45,47,0,45
1,<environment.Job instance at 0x147104292410>,32,12,[1 7],47,47,59,0,47
1,<environment.Job instance at 0x147104292230>,33,1,[ 1 10],49,59,60,10,49
1,<environment.Job instance at 0x147104292320>,34,19,[2 5],50,50,69,0,50
1,<environment.Job instance at 0x14710176e1e0>,35,17,[2 9],51,60,77,9,51
1,<environment.Job instance at 0x147154161c30>,36,3,[6 2],52,55,58,3,55
1,<environment.Job instance at 0x147101243dc0>,39,1,[6 1],56,56,57,0,56
1,<environment.Job instance at 0x147120620fa0>,40,12,[ 1 10],57,77,89,20,60
1,<environment.Job instance at 0x1471206200a0>,41,3,[2 7],59,89,92,30,75
1,<environment.Job instance at 0x14710571a730>,51,2,[7 2],70,76,78,6,76
1,<environment.Job instance at 0x14710571ad70>,52,3,[5 2],72,77,80,5,77
1,<environment.Job instance at 0x14710571a230>,53,13,[2 8],73,89,102,16,77
1,<environment.Job instance at 0x14710571a820>,54,1,[8 1],74,78,79,4,77
1,<environment.Job instance at 0x1471013b7730>,59,25,[9 1],81,92,117,11,89
1,<environment.Job instance at 0x1471013b7460>,62,21,[2 5],85,92,113,7,89
1,<environment.Job instance at 0x1471013b7050>,63,15,[5 2],86,113,128,27,99
1,<environment.Job instance at 0x1471013b7e10>,64,3,[2 7],88,102,105,14,99
1,<environment.Job instance at 0x1471013b7690>,65,15,[7 2],89,117,132,28,103
1,<environment.Job instance at 0x1471013b76e0>,66,15,[6 1],90,128,143,38,114
1,<environment.Job instance at 0x1471013b70a0>,67,2,[2 9],91,117,119,26,114
1,<environment.Job instance at 0x1471013ca230>,68,2,[1 5],92,114,116,22,114
1,<environment.Job instance at 0x1471013ca280>,69,16,[1 8],93,119,135,26,114
1,<environment.Job instance at 0x1471013ca1e0>,70,14,[2 6],95,132,146,37,117
1,<environment.Job instance at 0x1471013ca4b0>,71,1,[9 1],96,143,144,47,117
1,<environment.Job instance at 0x1471013ca140>,72,17,[2 5],97,135,152,38,123
1,<environment.Job instance at 0x1471013ca500>,73,2,[10  2],98,144,146,46,123
1,<environment.Job instance at 0x1471013b7780>,61,21,[ 2 10],84,146,167,62,146
1,<environment.Job instance at 0x1471056fe870>,21,2,[10  2],33,201,203,168,201
1,<environment.Job instance at 0x14710698d190>,22,3,[1 7],34,1102,1105,1068,1102
1,<environment.Job instance at 0x1471013bb870>,6,1,[8 2],9,21,22,12,21
1,<environment.Job instance at 0x1471013b6af0>,8,3,[6 1],13,21,24,8,21
1,<environment.Job instance at 0x1471013b61e0>,9,2,[10  1],14,24,26,10,21
1,<environment.Job instance at 0x1471013b6dc0>,10,1,[9 1],15,22,23,7,21
1,<environment.Job instance at 0x1471013b6140>,11,3,[5 1],16,23,26,7,21
1,<environment.Job instance at 0x1471013b6b40>,12,3,[1 6],17,26,29,9,21
1,<environment.Job instance at 0x1471013b6eb0>,13,3,[12  1],19,26,29,7,21
1,<environment.Job instance at 0x1471013b6370>,14,20,[8 1],20,29,49,9,21
1,<environment.Job instance at 0x1471013b6f00>,15,2,[7 1],21,29,31,8,21
1,<environment.Job instance at 0x1471013b6320>,16,3,[9 1],26,49,52,23,26
1,<environment.Job instance at 0x147101833e10>,17,13,[2 5],28,31,44,3,28
1,<environment.Job instance at 0x14710129b730>,18,2,[1 8],29,31,33,2,29
1,<environment.Job instance at 0x147101833320>,19,1,[2 6],30,33,34,3,30
1,<environment.Job instance at 0x14712062a500>,20,2,[9 2],33,52,54,19,33
1,<environment.Job instance at 0x14712006e9b0>,21,1,[ 2 10],37,44,45,7,37
1,<environment.Job instance at 0x1471016eefa0>,22,3,[11  1],39,54,57,15,39
1,<environment.Job instance at 0x1471016fa280>,23,13,[ 2 11],40,45,58,5,40
1,<environment.Job instance at 0x14710452a960>,24,3,[1 8],41,41,44,0,41
1,<environment.Job instance at 0x14710452a320>,25,1,[8 1],43,57,58,14,43
1,<environment.Job instance at 0x14710452a1e0>,26,16,[9 1],44,58,74,14,45
1,<environment.Job instance at 0x14710452adc0>,27,12,[7 2],46,74,86,28,57
1,<environment.Job instance at 0x14710452a9b0>,30,2,[7 2],54,74,76,20,57
1,<environment.Job instance at 0x1471207e4910>,31,2,[5 2],56,57,59,1,57
1,<environment.Job instance at 0x1471042279b0>,32,1,[ 2 10],57,59,60,2,57
1,<environment.Job instance at 0x147104227910>,33,1,[6 2],58,60,61,2,58
1,<environment.Job instance at 0x14710f955960>,34,2,[ 1 12],59,61,63,2,59
1,<environment.Job instance at 0x14710f955fa0>,35,16,[2 9],60,76,92,16,63
1,<environment.Job instance at 0x147120085f00>,36,2,[5 2],61,63,65,2,63
1,<environment.Job instance at 0x1471200856e0>,37,21,[5 1],62,76,97,14,68
1,<environment.Job instance at 0x147120085320>,38,3,[2 8],63,68,71,5,68
1,<environment.Job instance at 0x14710162f820>,39,3,[8 2],65,86,89,21,68
1,<environment.Job instance at 0x1471021105a0>,40,1,[ 2 10],66,71,72,5,68
1,<environment.Job instance at 0x1471012b6780>,41,2,[1 6],67,68,70,1,68
1,<environment.Job instance at 0x147101972af0>,42,2,[8 1],68,89,91,21,68
1,<environment.Job instance at 0x1471021c71e0>,43,1,[2 7],70,72,73,2,70
1,<environment.Job instance at 0x1471021c7be0>,44,2,[1 8],71,73,75,2,71
1,<environment.Job instance at 0x1471021c7c30>,45,13,[7 1],72,91,104,19,75
1,<environment.Job instance at 0x1471046abaa0>,46,3,[ 2 10],75,92,95,17,75
1,<environment.Job instance at 0x14710198d2d0>,47,2,[2 7],76,95,97,19,76
1,<environment.Job instance at 0x14710198d730>,48,22,[ 2 10],77,97,119,20,90
1,<environment.Job instance at 0x1471046ab0f0>,49,2,[10  2],78,104,106,26,90
1,<environment.Job instance at 0x14710431d280>,50,2,[1 7],79,119,121,40,92
1,<environment.Job instance at 0x1471043315a0>,51,3,[2 8],80,119,122,39,93
1,<environment.Job instance at 0x147104331b90>,52,2,[6 2],81,97,99,16,93
1,<environment.Job instance at 0x14710132c9b0>,53,1,[7 1],84,106,107,22,93
1,<environment.Job instance at 0x14710132ca50>,54,2,[5 2],85,99,101,14,93
1,<environment.Job instance at 0x14710132cb40>,55,15,[1 9],86,122,137,36,108
1,<environment.Job instance at 0x14710132c0a0>,56,3,[6 1],87,108,111,21,108
1,<environment.Job instance at 0x147101620dc0>,57,2,[ 1 10],88,137,139,49,110
1,<environment.Job instance at 0x147101620f50>,58,1,[7 1],89,110,111,21,110
1,<environment.Job instance at 0x147101620be0>,59,1,[2 6],92,121,122,29,110
1,<environment.Job instance at 0x147101620b40>,60,2,[10  2],93,111,113,18,110
1,<environment.Job instance at 0x147101620d20>,61,1,[5 1],94,113,114,19,110
1,<environment.Job instance at 0x147101620690>,62,2,[8 2],95,113,115,18,110
1,<environment.Job instance at 0x147101620d70>,63,1,[6 1],96,115,116,19,110
1,<environment.Job instance at 0x147101620050>,64,3,[8 1],98,116,119,18,110
1,<environment.Job instance at 0x147101659eb0>,3,23,[9 1],6,523,546,517,523
1,<environment.Job instance at 0x1471229e43c0>,5,21,[6 1],10,10,31,0,10
1,<environment.Job instance at 0x1471229e4460>,10,1,[1 7],18,40,41,22,40
1,<environment.Job instance at 0x1471229e4190>,11,1,[1 7],20,44,45,24,44
1,<environment.Job instance at 0x1471229e40f0>,12,12,[2 8],21,44,56,23,44
1,<environment.Job instance at 0x1471229e4370>,13,27,[5 2],22,45,72,23,44
1,<environment.Job instance at 0x1471229e47d0>,14,27,[1 9],23,56,83,33,54
1,<environment.Job instance at 0x1471229e4820>,15,1,[9 1],24,56,57,32,54
1,<environment.Job instance at 0x147105a88820>,16,1,[ 2 10],25,83,84,58,55
1,<environment.Job instance at 0x147105a88960>,17,12,[2 8],28,84,96,56,67
1,<environment.Job instance at 0x147105a88190>,18,3,[ 1 10],31,96,99,65,76
1,<environment.Job instance at 0x147105a88730>,19,1,[8 2],32,79,80,47,79
1,<environment.Job instance at 0x147105a88230>,20,18,[9 1],33,80,98,47,79
1,<environment.Job instance at 0x147105a88dc0>,21,2,[8 1],35,98,100,63,79
1,<environment.Job instance at 0x147105a88460>,22,13,[8 2],36,100,113,64,84
1,<environment.Job instance at 0x147105a886e0>,23,1,[7 1],37,99,100,62,84
1,<environment.Job instance at 0x147105a88320>,24,1,[2 6],39,85,86,46,85
1,<environment.Job instance at 0x147105a88370>,25,3,[1 5],40,86,89,46,85
1,<environment.Job instance at 0x147105a88690>,26,3,[8 2],43,113,116,70,87
1,<environment.Job instance at 0x147105a880f0>,27,1,[1 7],44,100,101,56,87
1,<environment.Job instance at 0x147105a88e10>,28,3,[2 8],45,101,104,56,87
1,<environment.Job instance at 0x147105a88280>,29,2,[7 1],46,104,106,58,87
1,<environment.Job instance at 0x147105a88fa0>,30,28,[1 6],47,106,134,59,105
1,<environment.Job instance at 0x147105a88050>,31,1,[1 7],50,106,107,56,106
1,<environment.Job instance at 0x147105a88550>,32,21,[9 1],51,116,137,65,108
1,<environment.Job instance at 0x147105a880a0>,33,16,[1 6],52,108,124,56,108
1,<environment.Job instance at 0x147105a881e0>,34,15,[10  2],53,137,152,84,123
1,<environment.Job instance at 0x147104597c80>,35,2,[5 1],55,124,126,69,123
1,<environment.Job instance at 0x147104597500>,36,2,[ 2 10],56,134,136,78,123
1,<environment.Job instance at 0x147104597eb0>,37,3,[5 1],57,126,129,69,123
1,<environment.Job instance at 0x147104597e60>,38,1,[1 9],59,136,137,77,123
1,<environment.Job instance at 0x147104597910>,39,1,[2 7],60,129,130,69,123
1,<environment.Job instance at 0x1471045971e0>,40,2,[1 8],61,130,132,69,123
1,<environment.Job instance at 0x147104597c30>,41,1,[1 9],63,137,138,74,123
1,<environment.Job instance at 0x1471045978c0>,42,2,[ 2 10],65,138,140,73,123
1,<environment.Job instance at 0x147104597be0>,43,3,[9 1],66,152,155,86,126
1,<environment.Job instance at 0x1471045970f0>,44,12,[9 1],67,155,167,88,138
1,<environment.Job instance at 0x147104597140>,45,20,[ 2 11],68,140,160,72,138
1,<environment.Job instance at 0x1471045976e0>,46,16,[9 2],70,167,183,97,154
1,<environment.Job instance at 0x147104597cd0>,47,3,[ 2 10],71,160,163,89,154
1,<environment.Job instance at 0x147104597460>,48,15,[6 1],73,163,178,90,154
1,<environment.Job instance at 0x147104597370>,49,1,[9 2],74,183,184,109,155
1,<environment.Job instance at 0x147104597190>,50,1,[2 8],75,178,179,103,155
1,<environment.Job instance at 0x147104597230>,51,1,[5 1],76,179,180,103,155
1,<environment.Job instance at 0x147104597550>,52,1,[8 1],78,184,185,106,156
1,<environment.Job instance at 0x1471206db460>,53,1,[1 8],80,179,180,99,156
1,<environment.Job instance at 0x1471206db8c0>,54,1,[2 9],81,180,181,99,156
1,<environment.Job instance at 0x1471206db320>,55,3,[1 9],82,181,184,99,156
1,<environment.Job instance at 0x1471206dbaa0>,56,14,[ 1 10],84,184,198,100,169
1,<environment.Job instance at 0x1471206db7d0>,57,1,[7 2],85,185,186,100,169
1,<environment.Job instance at 0x14710467c870>,58,1,[10  1],86,186,187,100,169
1,<environment.Job instance at 0x14710467ce60>,59,3,[2 5],88,187,190,99,169
1,<environment.Job instance at 0x14710467c8c0>,60,2,[6 2],89,184,186,95,169
1,<environment.Job instance at 0x14710467c1e0>,61,18,[2 9],90,198,216,108,187
1,<environment.Job instance at 0x14710467c910>,62,3,[2 9],91,216,219,125,196
1,<environment.Job instance at 0x14710c243f00>,63,1,[1 6],92,200,201,108,200
1,<environment.Job instance at 0x14710c2437d0>,64,1,[10  1],93,201,202,108,200
1,<environment.Job instance at 0x14710c243c80>,65,17,[5 1],94,202,219,108,200
1,<environment.Job instance at 0x14710c2439b0>,66,1,[7 1],95,202,203,107,200
1,<environment.Job instance at 0x14710c243820>,67,3,[9 2],96,219,222,123,200
1,<environment.Job instance at 0x14710c243190>,68,2,[1 8],97,219,221,122,200
1,<environment.Job instance at 0x14710c243320>,69,26,[8 1],98,222,248,124,219
1,<environment.Job instance at 0x14710c243d70>,70,3,[2 5],99,219,222,120,219
1,<environment.Job instance at 0x1471229e4280>,8,1,[ 2 10],14,506,507,492,506
1,<environment.Job instance at 0x1471229e48c0>,6,3,[ 2 13],12,1665,1668,1653,1665
1,<environment.Job instance at 0x14710f9dc1e0>,0,27,[6 1],1,1,28,0,1
1,<environment.Job instance at 0x1471206e7960>,8,1,[1 8],12,929,930,917,929
1,<environment.Job instance at 0x1471045cf7d0>,5,1,[ 1 10],8,8,9,0,8
1,<environment.Job instance at 0x1471045cf2d0>,6,26,[2 5],9,9,35,0,9
1,<environment.Job instance at 0x1471017e6320>,16,18,[1 7],26,26,44,0,26
1,<environment.Job instance at 0x1471017e6a00>,17,3,[10  1],28,28,31,0,28
1,<environment.Job instance at 0x1471207425a0>,19,3,[7 2],31,32,35,1,32
1,<environment.Job instance at 0x147120742e60>,20,28,[2 5],33,35,63,2,34
1,<environment.Job instance at 0x1471207429b0>,21,15,[ 2 10],34,44,59,10,34
1,<environment.Job instance at 0x1471015c78c0>,22,1,[1 9],35,59,60,24,35
1,<environment.Job instance at 0x1471015c7e60>,23,3,[6 2],36,36,39,0,36
1,<environment.Job instance at 0x1471220a3780>,24,16,[ 1 11],37,63,79,26,50
1,<environment.Job instance at 0x1471220a3140>,25,1,[2 6],38,60,61,22,50
1,<environment.Job instance at 0x1471220a3280>,26,1,[1 5],40,61,62,21,50
1,<environment.Job instance at 0x1471013449b0>,27,2,[2 8],41,79,81,38,52
1,<environment.Job instance at 0x147101344500>,28,24,[2 9],42,81,105,39,76
1,<environment.Job instance at 0x147101344460>,29,3,[2 5],45,79,82,34,76
1,<environment.Job instance at 0x1471013443c0>,30,18,[5 2],47,82,100,35,76
1,<environment.Job instance at 0x1471013440f0>,31,1,[1 6],48,100,101,52,76
1,<environment.Job instance at 0x1471013444b0>,32,2,[2 6],50,101,103,51,76
1,<environment.Job instance at 0x147101344f00>,33,2,[6 2],51,76,78,25,76
1,<environment.Job instance at 0x147101344c80>,34,3,[2 7],52,105,108,53,79
1,<environment.Job instance at 0x147101344c30>,35,1,[10  1],56,79,80,23,79
1,<environment.Job instance at 0x147101344730>,36,3,[10  1],57,103,106,46,79
1,<environment.Job instance at 0x147101344be0>,37,2,[6 1],58,80,82,22,79
1,<environment.Job instance at 0x147101344690>,38,3,[1 5],59,103,106,44,79
1,<environment.Job instance at 0x147103730a00>,39,2,[10  2],60,106,108,46,79
1,<environment.Job instance at 0x147101344410>,40,1,[9 1],61,108,109,47,80
1,<environment.Job instance at 0x147101344640>,41,1,[1 8],62,108,109,46,80
1,<environment.Job instance at 0x147101344550>,42,25,[9 1],63,109,134,46,105
1,<environment.Job instance at 0x147101213a00>,43,3,[2 7],64,109,112,45,105
1,<environment.Job instance at 0x1471012132d0>,44,1,[7 1],65,134,135,69,106
1,<environment.Job instance at 0x147101213960>,45,2,[7 2],66,134,136,68,107
1,<environment.Job instance at 0x147101213910>,46,13,[10  1],68,136,149,68,120
1,<environment.Job instance at 0x147101213b40>,47,3,[2 6],69,120,123,51,120
1,<environment.Job instance at 0x147101213c30>,48,2,[8 1],70,149,151,79,122
1,<environment.Job instance at 0x1471012131e0>,49,1,[6 2],71,123,124,52,122
1,<environment.Job instance at 0x147101213280>,50,1,[9 1],72,151,152,79,123
1,<environment.Job instance at 0x147101213140>,51,1,[2 5],74,124,125,50,123
1,<environment.Job instance at 0x147101213500>,52,3,[10  2],77,152,155,75,126
1,<environment.Job instance at 0x1471012139b0>,53,1,[2 7],78,126,127,48,126
1,<environment.Job instance at 0x147122de3050>,54,2,[ 1 14],80,127,129,47,126
1,<environment.Job instance at 0x147122de31e0>,55,1,[7 2],81,135,136,54,126
1,<environment.Job instance at 0x147122de3960>,56,3,[9 1],82,155,158,73,129
1,<environment.Job instance at 0x1471019c3be0>,57,15,[6 1],83,155,170,72,141
1,<environment.Job instance at 0x1471019c3280>,58,1,[2 5],84,141,142,57,141
1,<environment.Job instance at 0x1471019c30f0>,59,2,[1 5],86,141,143,55,141
1,<environment.Job instance at 0x1471019c32d0>,60,3,[2 8],87,142,145,55,141
1,<environment.Job instance at 0x1471019c38c0>,61,17,[10  1],88,170,187,82,158
1,<environment.Job instance at 0x1471019c3cd0>,62,26,[5 2],89,158,184,69,158
1,<environment.Job instance at 0x1471019c3870>,63,1,[8 2],90,187,188,97,159
1,<environment.Job instance at 0x1471019c3a50>,64,2,[2 6],91,159,161,68,159
1,<environment.Job instance at 0x1471019c3f00>,65,3,[1 9],92,161,164,69,159
1,<environment.Job instance at 0x1471019c3d20>,66,2,[1 7],94,164,166,70,159
1,<environment.Job instance at 0x1471019c3690>,67,3,[2 9],95,166,169,71,159
1,<environment.Job instance at 0x1471019c3eb0>,68,2,[6 1],96,187,189,91,160
1,<environment.Job instance at 0x1471017c0780>,69,1,[5 1],97,184,185,87,160
1,<environment.Job instance at 0x1471017c0eb0>,70,16,[2 6],98,188,204,90,175
1,<environment.Job instance at 0x1471017e6910>,18,2,[ 2 13],29,218,220,189,218
1,<environment.Job instance at 0x1471206e7960>,4,2,[7 1],7,419,421,412,419
1,<environment.Job instance at 0x14710f9e1cd0>,10,2,[6 1],23,24,26,1,24
1,<environment.Job instance at 0x1471015d35f0>,17,20,[9 1],31,34,54,3,34
1,<environment.Job instance at 0x147100fdc320>,18,3,[5 1],33,34,37,1,34
1,<environment.Job instance at 0x1471015d3fa0>,19,2,[13  1],34,54,56,20,34
1,<environment.Job instance at 0x1471541759b0>,20,1,[12  2],35,56,57,21,35
1,<environment.Job instance at 0x1471042e1190>,21,1,[5 1],36,37,38,1,36
1,<environment.Job instance at 0x14710f2eadc0>,22,3,[8 1],37,57,60,20,37
1,<environment.Job instance at 0x14710f2ea7d0>,23,2,[6 2],38,38,40,0,38
1,<environment.Job instance at 0x1471015d3f50>,24,3,[9 2],39,60,63,21,39
1,<environment.Job instance at 0x14710f3182d0>,25,2,[1 6],46,46,48,0,46
1,<environment.Job instance at 0x14710f318280>,26,18,[8 1],48,63,81,15,52
1,<environment.Job instance at 0x1471069bc280>,28,1,[7 1],53,57,58,4,53
1,<environment.Job instance at 0x1471069bcd20>,29,2,[2 6],54,54,56,0,54
1,<environment.Job instance at 0x1471069bcdc0>,30,3,[6 2],56,58,61,2,56
1,<environment.Job instance at 0x1471069bca00>,31,12,[2 9],57,61,73,4,57
1,<environment.Job instance at 0x1471069bc870>,32,2,[5 1],58,63,65,5,58
1,<environment.Job instance at 0x14710102a640>,33,3,[9 1],59,81,84,22,59
1,<environment.Job instance at 0x1471069bc820>,34,1,[7 2],60,73,74,13,60
1,<environment.Job instance at 0x14710112c1e0>,35,17,[6 2],62,74,91,12,62
1,<environment.Job instance at 0x14710112ce60>,36,3,[9 2],64,84,87,20,64
1,<environment.Job instance at 0x14710112c500>,37,2,[2 5],65,65,67,0,65
1,<environment.Job instance at 0x147100fb3730>,38,1,[1 9],66,74,75,8,66
1,<environment.Job instance at 0x147100fb3410>,39,3,[1 7],67,75,78,8,67
1,<environment.Job instance at 0x147100fb30f0>,40,1,[1 8],68,78,79,10,68
1,<environment.Job instance at 0x147100fb3550>,41,20,[7 2],69,87,107,18,78
1,<environment.Job instance at 0x147100eb9b40>,42,1,[1 9],70,79,80,9,78
1,<environment.Job instance at 0x147100eb94b0>,43,2,[2 6],71,87,89,16,78
1,<environment.Job instance at 0x147100eb9230>,44,3,[ 2 10],72,89,92,17,78
1,<environment.Job instance at 0x147100eb9190>,45,13,[2 8],73,92,105,19,78
1,<environment.Job instance at 0x147100eb9320>,46,1,[8 1],76,105,106,29,78
1,<environment.Job instance at 0x147120629730>,47,3,[1 6],77,106,109,29,80
1,<environment.Job instance at 0x147120629e60>,48,2,[1 6],78,106,108,28,80
1,<environment.Job instance at 0x14710100b690>,49,1,[2 5],79,92,93,13,80
1,<environment.Job instance at 0x147101590a50>,50,14,[ 2 10],80,109,123,29,94
1,<environment.Job instance at 0x147104237be0>,51,1,[ 1 13],81,123,124,42,95
1,<environment.Job instance at 0x14715414b2d0>,52,12,[ 1 14],82,124,136,42,107
1,<environment.Job instance at 0x147120601eb0>,53,1,[5 2],83,116,117,33,116
1,<environment.Job instance at 0x1471043037d0>,56,2,[5 1],94,116,118,22,116
1,<environment.Job instance at 0x147104303870>,57,2,[1 6],95,136,138,41,116
1,<environment.Job instance at 0x147104303140>,58,2,[1 8],96,136,138,40,118
1,<environment.Job instance at 0x147104303d70>,59,1,[6 1],97,119,120,22,119
1,<environment.Job instance at 0x1471043038c0>,60,18,[10  2],99,138,156,39,127
1,<environment.Job instance at 0x1471207ca500>,55,1,[11  1],93,364,365,271,364
1,<environment.Job instance at 0x1471046e65a0>,11,1,[ 1 12],24,849,850,825,849
1,<environment.Job instance at 0x1471055cfaa0>,1,1,[1 5],2,5,6,3,5
1,<environment.Job instance at 0x1471021169b0>,17,17,[5 2],25,25,42,0,25
1,<environment.Job instance at 0x147101811d70>,18,3,[10  1],27,27,30,0,27
1,<environment.Job instance at 0x14710f9cf7d0>,20,17,[8 1],29,30,47,1,29
1,<environment.Job instance at 0x1471222ff910>,21,2,[1 5],30,30,32,0,30
1,<environment.Job instance at 0x1471013cadc0>,22,13,[1 9],31,32,45,1,31
1,<environment.Job instance at 0x14710f9cf870>,23,2,[10  2],32,47,49,15,32
1,<environment.Job instance at 0x1471013ca050>,24,15,[9 1],34,49,64,15,35
1,<environment.Job instance at 0x1471015c6050>,25,1,[1 5],35,42,43,7,35
1,<environment.Job instance at 0x147100feb960>,26,2,[1 9],36,45,47,9,36
1,<environment.Job instance at 0x14710567e910>,27,2,[1 7],39,47,49,8,39
1,<environment.Job instance at 0x1471203c7870>,28,3,[1 8],40,49,52,9,40
1,<environment.Job instance at 0x1471222f1370>,29,19,[5 2],41,49,68,8,41
1,<environment.Job instance at 0x1471222f1050>,30,2,[2 8],42,64,66,22,42
1,<environment.Job instance at 0x1471222f1320>,31,3,[1 7],43,52,55,9,43
1,<environment.Job instance at 0x1471222f12d0>,32,2,[6 1],44,44,46,0,44
1,<environment.Job instance at 0x1471222f1640>,33,3,[7 2],45,64,67,19,45
1,<environment.Job instance at 0x1471222f1b40>,34,2,[8 1],46,67,69,21,46
1,<environment.Job instance at 0x1471222f1be0>,35,15,[8 2],47,69,84,22,55
1,<environment.Job instance at 0x1471222f1f00>,36,1,[10  1],48,84,85,36,56
1,<environment.Job instance at 0x1471222f19b0>,37,2,[8 2],50,85,87,35,58
1,<environment.Job instance at 0x147122310910>,38,1,[1 6],51,58,59,7,58
1,<environment.Job instance at 0x1471222f1fa0>,39,3,[6 1],52,68,71,16,58
1,<environment.Job instance at 0x1471222f1960>,40,16,[1 5],53,66,82,13,58
1,<environment.Job instance at 0x147122318f50>,41,3,[2 5],54,71,74,17,58
1,<environment.Job instance at 0x147122318e10>,42,3,[2 8],56,74,77,18,58
1,<environment.Job instance at 0x147122318320>,43,17,[12  1],57,87,104,30,75
1,<environment.Job instance at 0x147122318dc0>,44,3,[1 8],58,77,80,19,75
1,<environment.Job instance at 0x14712232a2d0>,45,2,[2 5],60,80,82,20,75
1,<environment.Job instance at 0x14712232a500>,46,3,[1 9],61,82,85,21,75
1,<environment.Job instance at 0x14712232a5f0>,47,15,[9 1],62,104,119,42,90
1,<environment.Job instance at 0x14712232a3c0>,48,12,[6 1],63,104,116,41,90
1,<environment.Job instance at 0x14710c231640>,49,13,[8 1],64,119,132,55,103
1,<environment.Job instance at 0x14710c231c80>,50,3,[2 8],65,116,119,51,103
1,<environment.Job instance at 0x147105688c80>,51,2,[1 7],66,119,121,53,103
1,<environment.Job instance at 0x1471056882d0>,52,2,[1 6],67,116,118,49,103
1,<environment.Job instance at 0x1471056885a0>,53,14,[ 2 10],68,121,135,53,106
1,<environment.Job instance at 0x147105688910>,54,1,[2 7],70,119,120,49,106
1,<environment.Job instance at 0x14710f302a00>,55,3,[8 2],71,132,135,61,106
1,<environment.Job instance at 0x1471056883c0>,56,3,[ 2 10],72,135,138,63,109
1,<environment.Job instance at 0x14710f3024b0>,57,2,[9 1],74,135,137,61,109
1,<environment.Job instance at 0x14710f95be10>,58,1,[2 5],75,118,119,43,109
1,<environment.Job instance at 0x1471220b9e60>,59,3,[1 8],77,138,141,61,112
1,<environment.Job instance at 0x1471220b9c30>,60,2,[2 8],80,141,143,61,114
1,<environment.Job instance at 0x1471220b9780>,61,17,[1 8],82,143,160,61,131
1,<environment.Job instance at 0x1471200acd70>,62,15,[10  1],83,137,152,54,131
1,<environment.Job instance at 0x1471055d9aa0>,63,3,[1 8],85,160,163,75,134
1,<environment.Job instance at 0x1471200ace10>,64,12,[1 7],86,152,164,66,135
1,<environment.Job instance at 0x1471200ac780>,65,3,[8 1],87,163,166,76,137
1,<environment.Job instance at 0x1471206aedc0>,66,3,[10  1],88,166,169,78,140
1,<environment.Job instance at 0x1471206ae2d0>,68,2,[2 9],90,164,166,74,140
1,<environment.Job instance at 0x14710567f230>,69,2,[8 2],91,169,171,78,142
1,<environment.Job instance at 0x14710567f5a0>,70,2,[8 1],92,171,173,79,144
1,<environment.Job instance at 0x14710567f690>,72,1,[ 2 10],95,166,167,71,144
1,<environment.Job instance at 0x14710567f320>,73,3,[ 2 10],97,167,170,70,144
1,<environment.Job instance at 0x14710567f500>,74,12,[ 2 11],98,170,182,72,153
1,<environment.Job instance at 0x1471057a5f50>,19,1,[9 2],28,173,174,145,171
1,<environment.Job instance at 0x147101532280>,19,3,[2 5],25,26,29,1,26
1,<environment.Job instance at 0x14710dc82a50>,20,2,[6 2],26,26,28,0,26
1,<environment.Job instance at 0x147101551dc0>,21,16,[2 8],28,28,44,0,28
1,<environment.Job instance at 0x147105a707d0>,22,2,[9 1],29,29,31,0,29
1,<environment.Job instance at 0x14710573a3c0>,23,18,[2 5],30,30,48,0,30
1,<environment.Job instance at 0x147105759730>,24,3,[10  2],31,31,34,0,31
1,<environment.Job instance at 0x1471022081e0>,25,1,[6 1],34,34,35,0,34
1,<environment.Job instance at 0x147101583910>,26,3,[10  1],35,35,38,0,35
1,<environment.Job instance at 0x14710140c8c0>,27,3,[6 2],36,38,41,2,36
1,<environment.Job instance at 0x14710140c4b0>,28,18,[ 1 14],37,48,66,11,37
1,<environment.Job instance at 0x147120601910>,29,2,[7 1],38,41,43,3,38
1,<environment.Job instance at 0x1471206015a0>,30,3,[10  1],39,43,46,4,39
1,<environment.Job instance at 0x147120601960>,31,1,[6 1],40,46,47,6,40
1,<environment.Job instance at 0x1471206018c0>,32,18,[1 9],41,66,84,25,55
1,<environment.Job instance at 0x1471019bb780>,34,3,[7 1],43,55,58,12,55
1,<environment.Job instance at 0x1471019bbbe0>,35,1,[8 2],44,66,67,22,55
1,<environment.Job instance at 0x1471019bb730>,36,28,[ 2 10],46,84,112,38,83
1,<environment.Job instance at 0x1471019bb500>,37,15,[1 8],47,112,127,65,98
1,<environment.Job instance at 0x1471019bb4b0>,38,2,[8 2],48,98,100,50,98
1,<environment.Job instance at 0x1471019bb3c0>,39,13,[6 1],49,100,113,51,98
1,<environment.Job instance at 0x1471019bb050>,40,3,[10  1],51,113,116,62,98
1,<environment.Job instance at 0x1471019bb2d0>,41,14,[6 1],53,116,130,63,101
1,<environment.Job instance at 0x1471019bb230>,42,2,[10  1],54,130,132,76,103
1,<environment.Job instance at 0x1471019bb870>,43,1,[ 1 10],57,127,128,70,103
1,<environment.Job instance at 0x1471206e3050>,44,1,[5 2],58,103,104,45,103
1,<environment.Job instance at 0x1471018102d0>,45,1,[8 1],59,112,113,53,103
1,<environment.Job instance at 0x1471206e3e10>,46,14,[1 6],61,113,127,52,103
1,<environment.Job instance at 0x1471206e3550>,47,12,[1 7],64,128,140,64,111
1,<environment.Job instance at 0x1471206e31e0>,48,3,[2 7],65,128,131,63,111
1,<environment.Job instance at 0x147101375280>,49,3,[10  2],68,132,135,64,111
1,<environment.Job instance at 0x1471013754b0>,50,17,[5 2],70,135,152,65,123
1,<environment.Job instance at 0x147101375e60>,51,3,[8 2],71,135,138,64,123
1,<environment.Job instance at 0x147101375960>,52,2,[2 5],74,131,133,57,123
1,<environment.Job instance at 0x147101375140>,53,19,[ 2 14],75,152,171,77,142
1,<environment.Job instance at 0x147101375820>,54,1,[8 1],76,142,143,66,142
1,<environment.Job instance at 0x147120628a50>,55,3,[9 1],77,143,146,66,142
1,<environment.Job instance at 0x147101375370>,56,2,[9 1],79,146,148,67,142
1,<environment.Job instance at 0x14710186b870>,57,17,[2 6],80,171,188,91,159
1,<environment.Job instance at 0x14710186bd70>,58,3,[1 7],83,171,174,88,159
1,<environment.Job instance at 0x1471042d0640>,59,1,[8 2],84,171,172,87,159
1,<environment.Job instance at 0x1471042d06e0>,60,2,[10  1],85,159,161,74,159
1,<environment.Job instance at 0x1471042161e0>,61,2,[10  1],86,161,163,75,159
1,<environment.Job instance at 0x1471042160f0>,62,16,[10  2],87,172,188,85,159
1,<environment.Job instance at 0x1471042160a0>,63,2,[2 5],88,174,176,86,159
1,<environment.Job instance at 0x1471042165f0>,64,1,[1 7],89,176,177,87,159
1,<environment.Job instance at 0x1471220d8960>,65,1,[2 9],90,188,189,98,160
1,<environment.Job instance at 0x1471042166e0>,66,3,[2 9],92,189,192,97,163
1,<environment.Job instance at 0x14710f96d6e0>,67,1,[9 2],93,188,189,95,163
1,<environment.Job instance at 0x147104216e60>,68,1,[7 2],95,189,190,94,163
1,<environment.Job instance at 0x1471220d16e0>,69,16,[5 2],96,189,205,93,176
1,<environment.Job instance at 0x14710f96d280>,70,3,[10  2],98,192,195,94,176
1,<environment.Job instance at 0x1471220d1b90>,71,1,[10  2],99,195,196,96,176
1,<environment.Job instance at 0x14710457a410>,16,2,[2 8],21,204,206,183,204
1,<environment.Job instance at 0x14710457a140>,17,17,[11  2],22,211,228,189,211
1,<environment.Job instance at 0x14710156d140>,1,1,[1 7],2,2,3,0,2
1,<environment.Job instance at 0x1471011b4780>,7,2,[5 1],10,249,251,239,249
1,<environment.Job instance at 0x1471011b4d70>,8,3,[ 2 10],12,1120,1123,1108,1120
1,<environment.Job instance at 0x1471011c4a00>,9,2,[2 8],13,1506,1508,1493,1506
1,<environment.Job instance at 0x1471011c4780>,10,2,[8 1],14,1691,1693,1677,1691
1,<environment.Job instance at 0x1471011c4f00>,11,3,[2 8],17,2144,2147,2127,2144
1,<environment.Job instance at 0x1471011c4b90>,12,3,[9 1],18,2225,2228,2207,2225
1,<environment.Job instance at 0x1471011c4050>,13,3,[2 9],20,2421,2424,2401,2421
1,<environment.Job instance at 0x1471011c4a50>,14,2,[10  2],21,2475,2477,2454,2475
1,<environment.Job instance at 0x1471011c4190>,15,2,[ 1 10],22,2548,2550,2526,2548
1,<environment.Job instance at 0x1471011c4140>,16,3,[ 1 10],24,2788,2791,2764,2788
1,<environment.Job instance at 0x1471011c4c80>,17,1,[9 2],25,2918,2919,2893,2918
1,<environment.Job instance at 0x147101590af0>,4,17,[7 2],6,6,23,0,6
1,<environment.Job instance at 0x1471011c4640>,5,13,[2 5],7,7,20,0,7
1,<environment.Job instance at 0x1471045b69b0>,6,2,[6 1],9,9,11,0,9
1,<environment.Job instance at 0x1471011c4c80>,7,16,[6 1],10,11,27,1,10
1,<environment.Job instance at 0x147104424870>,8,1,[ 1 10],12,20,21,8,12
1,<environment.Job instance at 0x1471045aa280>,9,3,[9 1],14,23,26,9,14
1,<environment.Job instance at 0x1471045aa780>,10,1,[8 2],16,26,27,10,16
1,<environment.Job instance at 0x1471045aac30>,11,3,[1 5],17,26,29,9,17
1,<environment.Job instance at 0x14710467a140>,12,1,[10  1],19,27,28,8,19
1,<environment.Job instance at 0x14710467a8c0>,13,3,[8 1],20,28,31,8,20
1,<environment.Job instance at 0x147120124500>,14,2,[8 1],21,31,33,10,21
1,<environment.Job instance at 0x1471201247d0>,15,1,[5 2],22,28,29,6,22
1,<environment.Job instance at 0x147120124a00>,16,3,[1 7],23,27,30,4,23
1,<environment.Job instance at 0x14710467a960>,17,2,[5 1],24,29,31,5,24
1,<environment.Job instance at 0x147101a3c690>,18,17,[1 5],26,29,46,3,26
1,<environment.Job instance at 0x14710157fb90>,19,2,[5 2],27,31,33,4,27
1,<environment.Job instance at 0x1471041e82d0>,20,1,[1 5],28,30,31,2,28
1,<environment.Job instance at 0x14710f9daf50>,21,1,[8 2],29,33,34,4,29
1,<environment.Job instance at 0x147100ef9640>,22,2,[7 1],30,34,36,4,30
1,<environment.Job instance at 0x14710133be60>,23,1,[10  1],31,36,37,5,31
1,<environment.Job instance at 0x14710f9c7640>,24,2,[ 1 10],32,37,39,5,32
1,<environment.Job instance at 0x14710f9ccfa0>,25,2,[1 8],33,33,35,0,33
1,<environment.Job instance at 0x14710f9ec690>,26,3,[2 5],34,39,42,5,34
1,<environment.Job instance at 0x1471021b6460>,27,18,[10  1],35,39,57,4,35
1,<environment.Job instance at 0x147100fdcaa0>,28,2,[7 1],36,57,59,21,36
1,<environment.Job instance at 0x1471203c6eb0>,29,15,[2 7],37,42,57,5,37
1,<environment.Job instance at 0x1471203c6b40>,30,1,[2 5],38,46,47,8,38
1,<environment.Job instance at 0x147101132c30>,31,3,[ 1 11],41,57,60,16,41
1,<environment.Job instance at 0x1471011322d0>,32,2,[1 9],42,60,62,18,42
1,<environment.Job instance at 0x147101132b40>,33,2,[2 5],43,47,49,4,43
1,<environment.Job instance at 0x14712018f410>,34,3,[1 5],46,49,52,3,46
1,<environment.Job instance at 0x14712018faa0>,35,1,[8 1],47,59,60,12,47
1,<environment.Job instance at 0x14712018ff00>,36,2,[8 2],48,60,62,12,48
1,<environment.Job instance at 0x14712018f820>,37,14,[9 2],49,62,76,13,49
1,<environment.Job instance at 0x147101659280>,38,2,[5 2],50,57,59,7,50
1,<environment.Job instance at 0x147101659e10>,39,3,[1 5],51,52,55,1,51
1,<environment.Job instance at 0x14710f9ba8c0>,40,1,[1 5],53,55,56,2,53
1,<environment.Job instance at 0x14710f9ba9b0>,41,16,[8 1],54,76,92,22,63
1,<environment.Job instance at 0x14710f9badc0>,42,14,[2 8],55,63,77,8,63
1,<environment.Job instance at 0x14710dca9320>,43,15,[8 2],56,92,107,36,78
1,<environment.Job instance at 0x1471010f4a50>,44,3,[1 7],58,78,81,20,78
1,<environment.Job instance at 0x147122a1c730>,45,3,[7 1],59,81,84,22,78
1,<environment.Job instance at 0x147122a1ce10>,46,2,[2 7],60,78,80,18,78
1,<environment.Job instance at 0x147122a1cc30>,47,14,[ 2 10],61,84,98,23,78
1,<environment.Job instance at 0x14710dca9910>,48,1,[1 9],62,98,99,36,78
1,<environment.Job instance at 0x1471019dfe10>,49,18,[5 2],63,84,102,21,78
1,<environment.Job instance at 0x1471019cc460>,50,2,[1 8],65,99,101,34,78
1,<environment.Job instance at 0x1471019b1b90>,51,16,[1 6],66,101,117,35,88
1,<environment.Job instance at 0x1471019b1cd0>,52,3,[2 6],68,102,105,34,88
1,<environment.Job instance at 0x1471021ac320>,53,14,[10  1],69,107,121,38,92
1,<environment.Job instance at 0x1471021acbe0>,54,3,[ 1 14],70,117,120,47,92
1,<environment.Job instance at 0x1471021ac870>,55,3,[5 1],71,120,123,49,94
1,<environment.Job instance at 0x1471021ac0f0>,56,2,[8 1],73,121,123,48,94
1,<environment.Job instance at 0x1471021ac780>,57,3,[9 1],74,123,126,49,97
1,<environment.Job instance at 0x1471021ac820>,58,3,[8 2],75,126,129,51,100
1,<environment.Job instance at 0x1471021acb90>,59,12,[7 2],77,126,138,49,109
1,<environment.Job instance at 0x1471021ac370>,60,2,[2 7],79,109,111,30,109
1,<environment.Job instance at 0x1471021ac050>,61,17,[6 2],81,129,146,48,117
1,<environment.Job instance at 0x1471021aca50>,62,13,[ 2 10],82,129,142,47,117
1,<environment.Job instance at 0x1471021acdc0>,63,2,[1 9],83,121,123,38,117
1,<environment.Job instance at 0x1471021ac7d0>,64,23,[1 5],84,142,165,58,136
1,<environment.Job instance at 0x1471041b2550>,65,1,[8 1],85,145,146,60,145
1,<environment.Job instance at 0x1471041b2460>,66,18,[10  1],86,146,164,60,145
1,<environment.Job instance at 0x1471041b20f0>,67,1,[8 2],87,164,165,77,145
1,<environment.Job instance at 0x1471041b2f50>,68,2,[7 1],88,165,167,77,145
1,<environment.Job instance at 0x1471041b2280>,69,1,[5 1],89,164,165,75,145
1,<environment.Job instance at 0x1471041b2a00>,70,2,[2 8],90,146,148,56,145
1,<environment.Job instance at 0x1471041b21e0>,71,3,[7 1],91,165,168,74,145
1,<environment.Job instance at 0x1471041b24b0>,72,3,[8 2],92,167,170,75,145
1,<environment.Job instance at 0x1471041b2190>,73,2,[10  1],94,170,172,76,145
1,<environment.Job instance at 0x147101718b40>,74,22,[5 1],96,168,190,72,161
1,<environment.Job instance at 0x1471017186e0>,75,14,[9 2],99,172,186,73,161
1,<environment.Job instance at 0x14712061b820>,21,2,[ 1 13],25,25,27,0,25
1,<environment.Job instance at 0x14712061b5f0>,22,13,[8 1],26,27,40,1,27
1,<environment.Job instance at 0x1471016d56e0>,23,1,[6 1],27,27,28,0,27
1,<environment.Job instance at 0x1471016d5fa0>,24,2,[ 1 10],28,28,30,0,28
1,<environment.Job instance at 0x1471016d5e60>,25,1,[5 1],29,29,30,0,29
1,<environment.Job instance at 0x1471016d5500>,26,3,[5 2],30,30,33,0,30
1,<environment.Job instance at 0x1471012b3050>,27,17,[6 2],34,34,51,0,34
1,<environment.Job instance at 0x1471012b31e0>,28,3,[5 2],35,40,43,5,35
1,<environment.Job instance at 0x1471012b3460>,29,15,[10  2],36,51,66,15,37
1,<environment.Job instance at 0x1471012b3dc0>,30,2,[8 2],37,43,45,6,37
1,<environment.Job instance at 0x1471012b3d20>,31,2,[11  1],38,66,68,28,39
1,<environment.Job instance at 0x1471012b3a50>,32,1,[8 2],39,45,46,6,39
1,<environment.Job instance at 0x1471012b3780>,33,12,[1 8],40,40,52,0,40
1,<environment.Job instance at 0x1471012b3fa0>,34,28,[ 2 10],41,52,80,11,51
1,<environment.Job instance at 0x1471012b34b0>,35,3,[9 1],44,68,71,24,51
1,<environment.Job instance at 0x1471012b3640>,36,14,[2 5],46,71,85,25,56
1,<environment.Job instance at 0x14710422cd70>,37,2,[1 8],47,80,82,33,56
1,<environment.Job instance at 0x14710422ccd0>,38,1,[5 1],48,80,81,32,56
1,<environment.Job instance at 0x14710422c8c0>,39,14,[1 7],49,82,96,33,67
1,<environment.Job instance at 0x14710422c2d0>,40,2,[8 1],51,81,83,30,67
1,<environment.Job instance at 0x14710422cf50>,41,2,[6 2],53,83,85,30,67
1,<environment.Job instance at 0x14710422c4b0>,42,2,[1 5],54,85,87,31,67
1,<environment.Job instance at 0x14710422c820>,43,2,[9 2],55,85,87,30,67
1,<environment.Job instance at 0x14710422c190>,44,1,[9 1],58,87,88,29,67
1,<environment.Job instance at 0x14710422c910>,45,2,[9 1],59,88,90,29,67
1,<environment.Job instance at 0x14710422c550>,46,2,[6 2],60,90,92,30,67
1,<environment.Job instance at 0x14710422c780>,47,2,[2 9],62,96,98,34,69
1,<environment.Job instance at 0x147120752050>,48,17,[2 9],63,98,115,35,86
1,<environment.Job instance at 0x14710422cfa0>,49,3,[7 1],64,90,93,26,86
1,<environment.Job instance at 0x147120752a00>,50,2,[ 1 10],65,115,117,50,88
1,<environment.Job instance at 0x1471207527d0>,51,2,[ 1 11],67,117,119,50,90
1,<environment.Job instance at 0x147120752140>,52,2,[1 8],68,93,95,25,90
1,<environment.Job instance at 0x1471207521e0>,53,16,[ 1 12],69,119,135,50,106
1,<environment.Job instance at 0x147120752370>,57,1,[2 5],74,106,107,32,106
1,<environment.Job instance at 0x147120752910>,58,17,[ 1 10],76,135,152,59,123
1,<environment.Job instance at 0x147120752be0>,59,3,[1 6],79,152,155,73,126
1,<environment.Job instance at 0x147120752280>,60,3,[2 6],80,152,155,72,126
1,<environment.Job instance at 0x1471207520a0>,61,3,[2 5],81,135,138,54,126
1,<environment.Job instance at 0x14712006e320>,62,16,[7 2],82,138,154,56,126
1,<environment.Job instance at 0x14712006ec30>,63,12,[9 1],83,154,166,71,137
1,<environment.Job instance at 0x14712006e910>,64,3,[7 2],85,138,141,53,137
1,<environment.Job instance at 0x14712006e6e0>,65,3,[1 6],87,155,158,68,137
1,<environment.Job instance at 0x14712006e4b0>,66,2,[1 6],89,155,157,66,137
1,<environment.Job instance at 0x147101aaccd0>,67,2,[8 1],93,166,168,73,139
1,<environment.Job instance at 0x147101aaca00>,68,3,[9 2],94,168,171,74,142
1,<environment.Job instance at 0x147101aac780>,69,1,[2 8],96,157,158,61,142
1,<environment.Job instance at 0x147101aaca50>,70,2,[10  1],97,171,173,74,144
1,<environment.Job instance at 0x147101aacd20>,71,13,[1 8],98,158,171,60,144
1,<environment.Job instance at 0x152ae9238fa0>,17,17,[6 1],23,23,40,0,23
1,<environment.Job instance at 0x152ae9315aa0>,18,2,[10  1],25,40,42,15,27
1,<environment.Job instance at 0x152ae9211230>,21,3,[6 1],29,31,34,2,31
1,<environment.Job instance at 0x152ae92115a0>,23,2,[8 1],31,34,36,3,32
1,<environment.Job instance at 0x152ae923b4b0>,25,2,[2 8],34,36,38,2,34
1,<environment.Job instance at 0x152ae92a2280>,26,1,[2 7],35,38,39,3,35
1,<environment.Job instance at 0x152ae91e64b0>,27,2,[2 7],36,38,40,2,36
1,<environment.Job instance at 0x152ae91e6a00>,28,2,[2 7],37,39,41,2,37
1,<environment.Job instance at 0x152ae91e6d70>,29,16,[10  2],39,42,58,3,39
1,<environment.Job instance at 0x152ae9263370>,30,15,[2 9],40,41,56,1,40
1,<environment.Job instance at 0x152ae9263690>,31,3,[9 2],41,58,61,17,41
1,<environment.Job instance at 0x152ae92639b0>,32,3,[2 9],42,56,59,14,42
1,<environment.Job instance at 0x152ae9263640>,33,1,[2 7],43,59,60,16,43
1,<environment.Job instance at 0x152ae91f8730>,34,15,[11  1],44,61,76,17,47
1,<environment.Job instance at 0x152ae91f8410>,35,2,[1 8],45,60,62,15,47
1,<environment.Job instance at 0x152ae91f8870>,36,3,[10  2],48,76,79,28,50
1,<environment.Job instance at 0x152ae91f8140>,37,2,[ 1 10],50,62,64,12,50
1,<environment.Job instance at 0x152ae91f8f00>,38,1,[8 1],51,79,80,28,51
1,<environment.Job instance at 0x152ae91f8b90>,39,3,[1 5],52,59,62,7,52
1,<environment.Job instance at 0x152ae9203a00>,40,3,[1 6],53,64,67,11,53
1,<environment.Job instance at 0x152ae92039b0>,41,25,[12  2],54,80,105,26,76
1,<environment.Job instance at 0x152ae9203370>,42,1,[10  1],56,105,106,49,77
1,<environment.Job instance at 0x152ae9203230>,43,3,[7 2],57,106,109,49,80
1,<environment.Job instance at 0x152ae9203f00>,44,3,[1 8],58,80,83,22,80
1,<environment.Job instance at 0x152ae9203e60>,45,3,[2 8],60,83,86,23,80
1,<environment.Job instance at 0x152ae9203c30>,46,2,[2 8],61,86,88,25,80
1,<environment.Job instance at 0x152ae92035a0>,47,1,[1 6],63,88,89,25,80
1,<environment.Job instance at 0x152ae91ec5a0>,48,1,[2 9],65,89,90,24,80
1,<environment.Job instance at 0x152ae91ecaa0>,49,16,[8 2],66,106,122,40,93
1,<environment.Job instance at 0x152ae91ec140>,50,12,[9 1],68,122,134,54,105
1,<environment.Job instance at 0x152ae91ec230>,51,2,[8 2],69,134,136,65,107
1,<environment.Job instance at 0x152ae91ecf50>,52,2,[1 7],72,109,111,37,107
1,<environment.Job instance at 0x152ae91ecc30>,53,3,[6 1],73,109,112,36,107
1,<environment.Job instance at 0x152ae91ec870>,54,2,[2 5],75,112,114,37,107
1,<environment.Job instance at 0x152ae91ec1e0>,55,16,[2 5],76,112,128,36,107
1,<environment.Job instance at 0x152ae9200c30>,56,1,[10  2],79,136,137,57,108
1,<environment.Job instance at 0x152ae9200f50>,57,22,[1 5],80,114,136,34,108
1,<environment.Job instance at 0x152ae9210a00>,58,15,[2 9],82,136,151,54,122
1,<environment.Job instance at 0x152ae92109b0>,59,1,[1 9],85,128,129,43,122
1,<environment.Job instance at 0x152ae9210500>,60,17,[8 1],86,137,154,51,125
1,<environment.Job instance at 0x152ae8d3cb40>,61,3,[1 5],87,129,132,42,125
1,<environment.Job instance at 0x152ae9210b90>,62,3,[9 2],88,154,157,66,129
1,<environment.Job instance at 0x152ae8d36d70>,63,3,[10  1],89,157,160,68,131
1,<environment.Job instance at 0x152ae8d4dc80>,64,12,[9 1],91,160,172,69,143
1,<environment.Job instance at 0x152ae8d4daf0>,65,3,[2 9],92,151,154,59,143
1,<environment.Job instance at 0x152ae8d4d780>,66,3,[1 9],93,154,157,61,143
1,<environment.Job instance at 0x152ae8d4dc30>,67,1,[13  1],94,172,173,78,144
1,<environment.Job instance at 0x152ae8d3e140>,68,3,[1 9],95,157,160,62,144
1,<environment.Job instance at 0x152ae8d399b0>,69,1,[2 5],96,144,145,48,144
1,<environment.Job instance at 0x152ae8d390f0>,70,2,[ 2 10],97,160,162,63,144
1,<environment.Job instance at 0x152ae8d310a0>,71,3,[2 9],99,162,165,63,144
1,<environment.Job instance at 0x152ae8d49320>,72,13,[7 2],102,173,186,71,157
1,<environment.Job instance at 0x152ae8d49eb0>,73,2,[6 2],103,165,167,62,157
1,<environment.Job instance at 0x152ae8d505f0>,74,3,[6 2],106,167,170,61,157
1,<environment.Job instance at 0x152ae8d50aa0>,75,1,[1 6],107,170,171,63,157
1,<environment.Job instance at 0x152ae92597d0>,76,2,[2 5],108,157,159,49,157
1,<environment.Job instance at 0x152ae9209c80>,77,2,[ 1 10],109,171,173,62,157
1,<environment.Job instance at 0x152ae9238780>,16,1,[2 5],21,208,209,187,208
1,<environment.Job instance at 0x152ae91abfa0>,20,2,[ 1 13],27,238,240,211,238
1,<environment.Job instance at 0x152aeb38aeb0>,18,15,[10  2],25,25,40,0,25
1,<environment.Job instance at 0x152aeb38ae60>,19,13,[ 1 10],26,26,39,0,26
1,<environment.Job instance at 0x152aeb38a4b0>,20,16,[8 1],27,40,56,13,27
1,<environment.Job instance at 0x152aeb38ab40>,21,17,[1 9],29,39,56,10,29
1,<environment.Job instance at 0x152aeb38a780>,22,13,[2 9],30,56,69,26,40
1,<environment.Job instance at 0x152aeb38a460>,23,1,[2 8],31,69,70,38,41
1,<environment.Job instance at 0x152aeb38ab90>,24,1,[ 2 10],32,70,71,38,42
1,<environment.Job instance at 0x152aeb390f00>,25,1,[ 2 14],33,71,72,38,43
1,<environment.Job instance at 0x152aeb390280>,26,1,[8 2],34,56,57,22,43
1,<environment.Job instance at 0x152aeb390140>,27,15,[5 1],35,43,58,8,43
1,<environment.Job instance at 0x152aeb390e10>,28,18,[1 8],36,72,90,36,61
1,<environment.Job instance at 0x152aeb390460>,29,2,[ 1 10],40,90,92,50,66
1,<environment.Job instance at 0x152aeb390a00>,30,3,[11  2],41,66,69,25,66
1,<environment.Job instance at 0x152aeb3900a0>,31,3,[ 2 10],42,92,95,50,68
1,<environment.Job instance at 0x152aeb394960>,32,3,[2 5],43,72,75,29,68
1,<environment.Job instance at 0x152aeb394320>,33,1,[8 1],44,69,70,25,68
1,<environment.Job instance at 0x152aeb3946e0>,34,3,[5 2],46,72,75,26,68
1,<environment.Job instance at 0x152aeb394140>,35,15,[9 2],47,75,90,28,68
1,<environment.Job instance at 0x152aeb394d70>,36,18,[2 6],48,95,113,47,84
1,<environment.Job instance at 0x152aeb394690>,37,1,[1 6],49,95,96,46,84
1,<environment.Job instance at 0x152aeb394dc0>,38,1,[1 7],50,96,97,46,84
1,<environment.Job instance at 0x152aeb394460>,39,3,[9 1],53,90,93,37,84
1,<environment.Job instance at 0x152aeb394640>,40,3,[12  1],54,93,96,39,84
1,<environment.Job instance at 0x152aeb394230>,41,1,[1 8],56,97,98,41,84
1,<environment.Job instance at 0x152aeb394820>,42,15,[1 6],57,98,113,41,84
1,<environment.Job instance at 0x152aeb394a50>,43,3,[7 2],58,98,101,40,84
1,<environment.Job instance at 0x152aeb3947d0>,44,2,[1 8],59,113,115,54,86
1,<environment.Job instance at 0x152aeb394aa0>,45,3,[1 7],61,113,116,52,87
1,<environment.Job instance at 0x152aeb2bb050>,46,13,[ 1 14],62,116,129,54,100
1,<environment.Job instance at 0x152aeb2bb870>,47,27,[1 8],63,129,156,66,127
1,<environment.Job instance at 0x152aeb2bb410>,48,3,[1 9],64,156,159,92,130
1,<environment.Job instance at 0x152aeb2bbf00>,49,2,[7 2],65,130,132,65,130
1,<environment.Job instance at 0x152aeb2bb0a0>,50,12,[6 1],66,130,142,64,130
1,<environment.Job instance at 0x152aeb2bb370>,51,28,[2 8],69,159,187,90,158
1,<environment.Job instance at 0x152aeb2bb820>,52,3,[5 1],73,161,164,88,161
1,<environment.Job instance at 0x152aeb2bb730>,53,15,[1 7],75,164,179,89,161
1,<environment.Job instance at 0x152aeb2bb500>,54,3,[ 2 10],76,187,190,111,161
1,<environment.Job instance at 0x152aeb2bba00>,55,2,[1 9],78,190,192,112,163
1,<environment.Job instance at 0x152aeb2d7dc0>,56,2,[ 2 10],81,192,194,111,165
1,<environment.Job instance at 0x152aeb2d7320>,57,3,[5 2],82,179,182,97,165
1,<environment.Job instance at 0x152aeb2d7a50>,58,15,[2 7],83,194,209,111,180
1,<environment.Job instance at 0x152aeb2d74b0>,59,2,[ 2 10],84,209,211,125,183
1,<environment.Job instance at 0x152aeb2d77d0>,60,2,[2 9],85,211,213,126,184
1,<environment.Job instance at 0x152aeb377c80>,61,17,[ 2 10],86,213,230,127,201
1,<environment.Job instance at 0x152aeb377fa0>,62,19,[ 1 10],88,230,249,142,220
1,<environment.Job instance at 0x152aeb377b40>,63,2,[9 1],89,220,222,131,220
1,<environment.Job instance at 0x152aeb377910>,64,3,[5 2],90,222,225,132,220
1,<environment.Job instance at 0x152aeb377eb0>,65,2,[ 1 10],91,249,251,158,222
1,<environment.Job instance at 0x152aeb3770f0>,66,13,[ 2 10],92,251,264,159,235
1,<environment.Job instance at 0x152aeb377320>,67,1,[1 7],93,264,265,171,236
1,<environment.Job instance at 0x152aeb377cd0>,68,1,[2 9],94,265,266,171,238
1,<environment.Job instance at 0x152aeb377460>,69,15,[1 7],95,266,281,171,252
1,<environment.Job instance at 0x152aeb5ac780>,70,3,[ 2 10],97,281,284,184,258
1,<environment.Job instance at 0x152aeb5acf50>,71,14,[10  1],99,258,272,159,258
1,<environment.Job instance at 0x152aeb4b8820>,72,12,[7 1],100,272,284,172,258
1,<environment.Job instance at 0x152aeb4be230>,73,2,[8 2],101,284,286,183,258
1,<environment.Job instance at 0x152aeb4be500>,74,3,[8 1],102,286,289,184,260
1,<environment.Job instance at 0x152aeb2c6730>,75,2,[2 5],103,264,266,161,260
1,<environment.Job instance at 0x152aeb2c68c0>,76,3,[6 1],104,272,275,168,260
1,<environment.Job instance at 0x152aeb2c6460>,77,2,[10  1],105,289,291,184,262
1,<environment.Job instance at 0x152aeb2c6230>,78,3,[ 2 10],107,284,287,177,262
1,<environment.Job instance at 0x152aeb2c6410>,79,18,[8 1],108,291,309,183,280
1,<environment.Job instance at 0x152aeb2c6280>,80,16,[1 6],109,287,303,178,280
1,<environment.Job instance at 0x152aec842f50>,1,17,[7 1],2,2,19,0,2
1,<environment.Job instance at 0x152aec7832d0>,7,2,[6 2],13,13,15,0,13
1,<environment.Job instance at 0x152aec783910>,8,1,[9 1],15,19,20,4,15
1,<environment.Job instance at 0x152aec783c30>,9,2,[8 1],16,16,18,0,16
1,<environment.Job instance at 0x152aec6e9730>,10,1,[ 1 10],17,18,19,1,17
1,<environment.Job instance at 0x152aec6e9190>,16,2,[1 6],27,27,29,0,27
1,<environment.Job instance at 0x152aec77fa50>,19,18,[10  1],36,36,54,0,36
1,<environment.Job instance at 0x152aec77f7d0>,20,2,[7 2],37,54,56,17,37
1,<environment.Job instance at 0x152aec77ffa0>,21,2,[2 5],38,38,40,0,38
1,<environment.Job instance at 0x152aec7adf50>,22,14,[2 8],39,39,53,0,39
1,<environment.Job instance at 0x152aec7ad410>,23,3,[8 1],42,54,57,12,42
1,<environment.Job instance at 0x152aec7ad050>,24,1,[7 2],43,56,57,13,43
1,<environment.Job instance at 0x152aec7adbe0>,25,2,[5 2],44,57,59,13,44
1,<environment.Job instance at 0x152aec6e7690>,26,2,[ 2 12],46,57,59,11,46
1,<environment.Job instance at 0x152aec6e7e10>,27,14,[6 1],47,57,71,10,47
1,<environment.Job instance at 0x152aec6e7050>,28,15,[2 8],48,59,74,11,48
1,<environment.Job instance at 0x152aec6e7500>,29,16,[1 7],49,71,87,22,58
1,<environment.Job instance at 0x152aec6e7be0>,30,13,[ 1 11],51,87,100,36,71
1,<environment.Job instance at 0x152aeb5d3aa0>,31,2,[6 2],52,74,76,22,71
1,<environment.Job instance at 0x152aeb5d3190>,32,1,[1 5],53,74,75,21,71
1,<environment.Job instance at 0x152aec78e7d0>,33,16,[1 7],54,100,116,46,87
1,<environment.Job instance at 0x152aec78e140>,34,3,[ 2 10],55,116,119,61,90
1,<environment.Job instance at 0x152aec78e280>,35,3,[ 1 13],56,119,122,63,93
1,<environment.Job instance at 0x152aec78e4b0>,36,3,[1 5],59,100,103,41,93
1,<environment.Job instance at 0x152aec78ef00>,37,21,[ 2 13],60,122,143,62,114
1,<environment.Job instance at 0x152aec78b230>,38,1,[2 8],61,114,115,53,114
1,<environment.Job instance at 0x152aec78b550>,39,1,[7 1],62,115,116,53,114
1,<environment.Job instance at 0x152aec78bc80>,40,18,[5 2],63,115,133,52,114
1,<environment.Job instance at 0x152aec78b3c0>,41,2,[8 2],65,116,118,51,114
1,<environment.Job instance at 0x152aec78ba50>,42,3,[1 7],66,143,146,77,117
1,<environment.Job instance at 0x152aec78b730>,43,18,[8 1],67,133,151,66,122
1,<environment.Job instance at 0x152aec78b8c0>,44,1,[5 2],68,143,144,75,122
1,<environment.Job instance at 0x152aec78b0f0>,45,1,[1 8],69,146,147,77,122
1,<environment.Job instance at 0x152aeb64a0a0>,46,3,[1 7],70,147,150,77,122
1,<environment.Job instance at 0x152aeb5cd910>,47,2,[5 2],72,144,146,72,122
1,<environment.Job instance at 0x152aeb5cd320>,48,2,[1 7],74,147,149,73,122
1,<environment.Job instance at 0x152aeb5cd410>,49,2,[5 2],75,149,151,74,122
1,<environment.Job instance at 0x152aeb5cdb40>,50,1,[1 6],77,146,147,69,122
1,<environment.Job instance at 0x152aeb5cdd70>,51,12,[7 1],78,151,163,73,134
1,<environment.Job instance at 0x152aeb5cd500>,52,2,[10  1],79,163,165,84,136
1,<environment.Job instance at 0x152aeb5cda50>,53,3,[2 7],80,150,153,70,136
1,<environment.Job instance at 0x152aeb5cd050>,54,17,[7 1],82,165,182,83,153
1,<environment.Job instance at 0x152aeb5cd820>,55,1,[2 5],84,153,154,69,153
1,<environment.Job instance at 0x152aeb5cd370>,56,3,[1 8],85,153,156,68,153
1,<environment.Job instance at 0x152aeb5cdaf0>,57,12,[7 2],87,165,177,78,153
1,<environment.Job instance at 0x152aeb310d70>,58,2,[7 2],89,154,156,65,153
1,<environment.Job instance at 0x152ae92ad690>,59,3,[ 2 10],91,156,159,65,153
1,<environment.Job instance at 0x152aeb310370>,60,14,[8 2],92,177,191,85,162
1,<environment.Job instance at 0x152ae92ad4b0>,61,2,[2 5],94,162,164,68,162
1,<environment.Job instance at 0x152ae92ad0f0>,62,1,[ 2 10],95,164,165,69,162
1,<environment.Job instance at 0x152ae92ad5f0>,63,14,[8 1],96,191,205,95,176
1,<environment.Job instance at 0x152ae92adcd0>,64,2,[ 1 10],97,182,184,85,176
1,<environment.Job instance at 0x152ae92ad5a0>,65,3,[7 2],98,184,187,86,176
1,<environment.Job instance at 0x152ae92ad640>,66,21,[7 2],100,187,208,87,179
1,<environment.Job instance at 0x152ae92ade10>,67,13,[5 2],101,205,218,104,189
1,<environment.Job instance at 0x152ae92adc30>,68,3,[1 9],102,205,208,103,189
1,<environment.Job instance at 0x152ae92ad550>,69,1,[6 1],103,208,209,105,189
1,<environment.Job instance at 0x152ae92ada50>,70,3,[5 1],104,209,212,105,189
1,<environment.Job instance at 0x152ae92ad050>,71,3,[1 7],109,208,211,99,189
1,<environment.Job instance at 0x152aec783d20>,5,1,[9 1],11,217,218,206,217
1,<environment.Job instance at 0x152aec783a00>,4,15,[9 2],10,386,401,376,386
1,<environment.Job instance at 0x152aec7830f0>,6,12,[1 5],12,753,765,741,753
1,<environment.Job instance at 0x152aeda265a0>,1,20,[8 2],2,2,22,0,2
1,<environment.Job instance at 0x152af0d1b780>,16,15,[8 2],26,26,41,0,26
1,<environment.Job instance at 0x152af237e820>,17,17,[10  1],28,41,58,13,29
1,<environment.Job instance at 0x152b15a15730>,18,2,[ 2 12],30,30,32,0,30
1,<environment.Job instance at 0x152aecb595a0>,19,1,[6 2],31,32,33,1,31
1,<environment.Job instance at 0x152af0d10780>,20,3,[2 7],33,33,36,0,33
1,<environment.Job instance at 0x152aef2a3280>,21,15,[ 1 11],37,37,52,0,37
1,<environment.Job instance at 0x152aeb52ae60>,22,2,[8 1],38,58,60,20,38
1,<environment.Job instance at 0x152af23840f0>,23,2,[1 9],41,52,54,11,41
1,<environment.Job instance at 0x152af2384190>,24,2,[1 6],42,54,56,12,42
1,<environment.Job instance at 0x152af0d184b0>,25,1,[1 9],43,56,57,13,43
1,<environment.Job instance at 0x152ae8b0af00>,26,3,[1 8],44,57,60,13,44
1,<environment.Job instance at 0x152aed9fd6e0>,27,1,[9 2],45,60,61,15,45
1,<environment.Job instance at 0x152af29b7dc0>,28,18,[ 1 10],46,60,78,14,49
1,<environment.Job instance at 0x152aeb500870>,29,2,[1 6],48,54,56,6,49
1,<environment.Job instance at 0x152aeb500460>,30,3,[ 2 10],50,78,81,28,52
1,<environment.Job instance at 0x152aeb500280>,31,1,[7 2],51,61,62,10,52
1,<environment.Job instance at 0x152aeb500320>,32,3,[9 1],52,62,65,10,52
1,<environment.Job instance at 0x152aeb500780>,33,16,[9 1],53,65,81,12,53
1,<environment.Job instance at 0x152aeb500690>,34,1,[6 2],55,58,59,3,55
1,<environment.Job instance at 0x152aeb4e3960>,35,3,[2 7],56,81,84,25,56
1,<environment.Job instance at 0x152aeb4e3550>,36,14,[7 2],57,81,95,24,66
1,<environment.Job instance at 0x152aeb4e3b40>,37,2,[ 1 10],59,84,86,25,66
1,<environment.Job instance at 0x152af29bc960>,38,3,[10  2],60,95,98,35,69
1,<environment.Job instance at 0x152ae86a1870>,39,2,[2 9],61,86,88,25,69
1,<environment.Job instance at 0x152aeb4e30f0>,40,3,[9 1],64,98,101,34,72
1,<environment.Job instance at 0x152aeda14d20>,41,18,[6 2],66,98,116,32,87
1,<environment.Job instance at 0x152af29cd500>,42,16,[1 5],68,101,117,33,88
1,<environment.Job instance at 0x152af29ef780>,43,3,[5 1],70,88,91,18,88
1,<environment.Job instance at 0x152af238caa0>,44,14,[1 6],72,101,115,29,88
1,<environment.Job instance at 0x152af2b00460>,45,2,[5 1],73,91,93,18,88
1,<environment.Job instance at 0x152af2b002d0>,46,1,[2 7],74,88,89,14,88
1,<environment.Job instance at 0x152aeda1ff50>,47,2,[10  2],75,116,118,41,89
1,<environment.Job instance at 0x152af2a05460>,48,2,[6 1],76,93,95,17,89
1,<environment.Job instance at 0x152af2a05a00>,49,3,[9 2],78,118,121,40,92
1,<environment.Job instance at 0x152b150eec80>,50,3,[6 2],81,101,104,20,92
1,<environment.Job instance at 0x152b150ee050>,51,2,[5 2],82,95,97,13,92
1,<environment.Job instance at 0x152b150f1aa0>,52,3,[1 7],83,92,95,9,92
1,<environment.Job instance at 0x152b150f1dc0>,53,2,[9 2],85,121,123,36,94
1,<environment.Job instance at 0x152b153269b0>,54,1,[7 2],86,104,105,18,94
1,<environment.Job instance at 0x152b150f19b0>,55,3,[1 7],88,115,118,27,94
1,<environment.Job instance at 0x152af2365780>,56,14,[1 6],89,117,131,28,102
1,<environment.Job instance at 0x152aeb353e10>,57,14,[1 9],90,123,137,33,108
1,<environment.Job instance at 0x152b150e1050>,58,3,[6 1],93,108,111,15,108
1,<environment.Job instance at 0x152ae89aeb90>,59,26,[9 1],94,131,157,37,128
1,<environment.Job instance at 0x152aeca7e910>,60,2,[2 9],95,137,139,42,128
1,<environment.Job instance at 0x152af29e3870>,61,2,[2 5],96,131,133,35,128
1,<environment.Job instance at 0x152aeb4de370>,62,16,[2 9],97,139,155,42,128
1,<environment.Job instance at 0x152ae8918050>,63,12,[5 2],98,155,167,57,138
1,<environment.Job instance at 0x152af29c2230>,64,3,[8 1],99,157,160,58,138
1,<environment.Job instance at 0x152ae89180a0>,65,3,[8 1],103,160,163,57,138
1,<environment.Job instance at 0x152aecaf9f50>,66,1,[10  1],104,163,164,59,138
1,<environment.Job instance at 0x152ae84667d0>,67,27,[1 7],105,164,191,59,162
1,<environment.Job instance at 0x152af2a06c30>,68,15,[2 8],108,167,182,59,162
1,<environment.Job instance at 0x152af2a06730>,69,16,[2 8],109,182,198,73,169
1,<environment.Job instance at 0x152ae8af4fa0>,27,3,[ 2 11],40,298,301,258,298
1,<environment.Job instance at 0x152ae91d9500>,18,2,[10  2],22,22,24,0,22
1,<environment.Job instance at 0x152ae91d9140>,19,3,[7 1],26,26,29,0,26
1,<environment.Job instance at 0x152ae91d97d0>,20,3,[2 8],27,27,30,0,27
1,<environment.Job instance at 0x152ae91d9410>,21,3,[1 9],28,30,33,2,28
1,<environment.Job instance at 0x152ae85f6e60>,22,16,[10  1],29,29,45,0,29
1,<environment.Job instance at 0x152ae85f6550>,23,3,[2 9],30,33,36,3,30
1,<environment.Job instance at 0x152ae85f6f00>,24,23,[1 6],31,36,59,5,31
1,<environment.Job instance at 0x152ae85f6820>,25,12,[7 1],34,45,57,11,34
1,<environment.Job instance at 0x152ae85f6a50>,26,3,[10  1],37,57,60,20,37
1,<environment.Job instance at 0x152ae85f6eb0>,27,3,[6 1],39,45,48,6,39
1,<environment.Job instance at 0x152ae85f60a0>,28,3,[8 1],40,60,63,20,40
1,<environment.Job instance at 0x152ae85f68c0>,29,2,[7 1],42,48,50,6,42
1,<environment.Job instance at 0x152ae85f6f50>,30,18,[2 6],44,50,68,6,44
1,<environment.Job instance at 0x152ae85f6050>,31,1,[7 1],46,63,64,17,46
1,<environment.Job instance at 0x152ae85f66e0>,32,2,[5 1],47,50,52,3,47
1,<environment.Job instance at 0x152ae85f6500>,33,14,[2 5],48,59,73,11,48
1,<environment.Job instance at 0x152af3711280>,34,3,[5 2],50,52,55,2,50
1,<environment.Job instance at 0x152af37114b0>,35,12,[1 5],51,68,80,17,51
1,<environment.Job instance at 0x152af3711e60>,36,13,[7 2],52,64,77,12,52
1,<environment.Job instance at 0x152af3407820>,37,3,[8 1],53,77,80,24,53
1,<environment.Job instance at 0x152af3407b40>,38,3,[2 6],56,73,76,17,56
1,<environment.Job instance at 0x152af34074b0>,39,18,[1 5],57,76,94,19,65
1,<environment.Job instance at 0x152af3407230>,40,16,[1 5],61,80,96,19,67
1,<environment.Job instance at 0x152af3407050>,41,1,[1 9],62,94,95,32,67
1,<environment.Job instance at 0x152af3407d70>,42,3,[2 9],64,95,98,31,69
1,<environment.Job instance at 0x152af3407320>,43,1,[10  2],65,80,81,15,69
1,<environment.Job instance at 0x152af3407e10>,44,1,[5 2],66,69,70,3,69
1,<environment.Job instance at 0x152af3407910>,45,26,[2 8],68,98,124,30,95
1,<environment.Job instance at 0x152af3407140>,46,2,[ 1 10],70,124,126,54,97
1,<environment.Job instance at 0x152af3407640>,47,16,[ 2 10],72,126,142,54,113
1,<environment.Job instance at 0x152af0cf5eb0>,48,3,[10  2],73,113,116,40,113
1,<environment.Job instance at 0x152af0cf5a50>,49,2,[1 6],77,116,118,39,113
1,<environment.Job instance at 0x152af0cf5050>,50,3,[1 9],78,142,145,64,116
1,<environment.Job instance at 0x152af0cf5320>,51,16,[2 7],81,145,161,64,132
1,<environment.Job instance at 0x152af0cf5d70>,52,1,[6 2],82,132,133,50,132
1,<environment.Job instance at 0x152af0cf5550>,53,3,[10  2],84,133,136,49,132
1,<environment.Job instance at 0x152af0cf5a00>,54,3,[5 1],88,136,139,48,132
1,<environment.Job instance at 0x152af0cf5c30>,55,1,[2 8],89,145,146,56,132
1,<environment.Job instance at 0x152af0cf5b90>,56,2,[7 2],90,136,138,46,132
1,<environment.Job instance at 0x152af0cf5be0>,57,2,[6 2],91,138,140,47,132
1,<environment.Job instance at 0x152af0cf5dc0>,58,3,[9 1],92,140,143,48,132
1,<environment.Job instance at 0x152af0cf55a0>,59,14,[2 8],93,146,160,53,132
1,<environment.Job instance at 0x152af0cf55f0>,60,2,[5 2],94,142,144,48,132
1,<environment.Job instance at 0x152af0cf5f00>,61,27,[1 7],95,160,187,65,158
1,<environment.Job instance at 0x152af0cf5c80>,62,21,[1 8],96,161,182,65,158
1,<environment.Job instance at 0x152af0cf5500>,63,17,[2 8],97,182,199,85,170
1,<environment.Job instance at 0x152af0cf50f0>,64,2,[6 1],99,187,189,88,170
1,<environment.Job instance at 0x152af0cf5aa0>,65,2,[ 1 10],100,199,201,99,172
1,<environment.Job instance at 0x152af0cf5280>,66,3,[9 2],102,189,192,87,172
1,<environment.Job instance at 0x152af0cf56e0>,67,2,[5 1],103,187,189,84,172
1,<environment.Job instance at 0x152af0cf5fa0>,68,17,[1 9],104,201,218,97,189
1,<environment.Job instance at 0x152aec766280>,69,3,[9 2],105,192,195,87,189
1,<environment.Job instance at 0x152aec766b40>,70,2,[2 9],107,218,220,111,191
1,<environment.Job instance at 0x152ae91d9a00>,16,25,[12  1],19,1576,1601,1557,1576
1,<environment.Job instance at 0x152ae897fd20>,13,2,[7 2],25,25,27,0,25
1,<environment.Job instance at 0x152ae897f870>,14,12,[7 1],26,26,38,0,26
1,<environment.Job instance at 0x152ae897f4b0>,15,13,[13  2],27,38,51,11,27
1,<environment.Job instance at 0x152ae897fd70>,16,3,[9 2],28,51,54,23,28
1,<environment.Job instance at 0x152aecb8fc80>,17,2,[7 1],31,31,33,0,31
1,<environment.Job instance at 0x152ae86c1190>,18,16,[ 1 10],32,32,48,0,32
1,<environment.Job instance at 0x152aecaee410>,19,3,[2 5],34,48,51,14,34
1,<environment.Job instance at 0x152ae86c1be0>,20,1,[8 1],35,54,55,19,35
1,<environment.Job instance at 0x152aecaee4b0>,21,28,[5 1],36,51,79,15,50
1,<environment.Job instance at 0x152aec7b4be0>,22,13,[8 2],37,55,68,18,50
1,<environment.Job instance at 0x152af37160f0>,23,18,[5 1],38,68,86,30,57
1,<environment.Job instance at 0x152af37165a0>,24,15,[6 1],39,79,94,40,65
1,<environment.Job instance at 0x152ae87cbe60>,25,3,[6 2],40,86,89,46,65
1,<environment.Job instance at 0x152af365d410>,26,1,[6 2],41,89,90,48,65
1,<environment.Job instance at 0x152af3702910>,27,17,[9 2],43,90,107,47,78
1,<environment.Job instance at 0x152ae87cb550>,28,1,[7 1],44,107,108,63,79
1,<environment.Job instance at 0x152aeda010f0>,29,12,[2 8],45,94,106,49,79
1,<environment.Job instance at 0x152aeda01410>,30,3,[ 1 10],46,79,82,33,79
1,<environment.Job instance at 0x152aec70d690>,31,3,[1 5],47,82,85,35,79
1,<environment.Job instance at 0x152aeb26db90>,32,3,[2 7],48,82,85,34,79
1,<environment.Job instance at 0x152aeb26d0a0>,33,13,[2 5],49,94,107,45,79
1,<environment.Job instance at 0x152ae84a3c30>,34,2,[2 8],50,85,87,35,79
1,<environment.Job instance at 0x152ae84a3280>,35,2,[5 1],51,107,109,56,80
1,<environment.Job instance at 0x152af3658640>,36,1,[6 2],56,108,109,52,80
1,<environment.Job instance at 0x152af36585a0>,37,1,[1 9],57,87,88,30,80
1,<environment.Job instance at 0x152af3658050>,38,3,[7 1],58,109,112,51,83
1,<environment.Job instance at 0x152ae880f780>,39,3,[7 2],59,109,112,50,83
1,<environment.Job instance at 0x152ae880f910>,40,14,[1 5],61,106,120,45,91
1,<environment.Job instance at 0x152ae880f460>,41,12,[2 6],63,112,124,49,95
1,<environment.Job instance at 0x152ae880ff00>,42,1,[9 1],65,112,113,47,95
1,<environment.Job instance at 0x152ae92ec140>,43,17,[2 8],66,120,137,54,108
1,<environment.Job instance at 0x152ae92ecd70>,44,25,[8 1],69,113,138,44,109
1,<environment.Job instance at 0x152ae92ec870>,45,16,[8 1],70,138,154,68,125
1,<environment.Job instance at 0x152ae92ec2d0>,46,16,[1 6],71,125,141,54,125
1,<environment.Job instance at 0x152ae92ecc30>,47,2,[10  2],73,154,156,81,127
1,<environment.Job instance at 0x152ae92ec370>,48,3,[1 7],74,137,140,63,127
1,<environment.Job instance at 0x152ae92ec820>,49,14,[9 2],76,156,170,80,141
1,<environment.Job instance at 0x152ae92ecaa0>,50,1,[10  2],77,170,171,93,142
1,<environment.Job instance at 0x152ae92ec0a0>,51,2,[7 2],78,142,144,64,142
1,<environment.Job instance at 0x152ae92eca00>,52,16,[1 9],79,144,160,65,142
1,<environment.Job instance at 0x152ae86c5320>,53,3,[1 5],80,144,147,64,142
1,<environment.Job instance at 0x152ae86031e0>,54,12,[2 9],82,160,172,78,143
1,<environment.Job instance at 0x152ae8603640>,55,3,[9 2],83,171,174,88,145
1,<environment.Job instance at 0x152aec7b1500>,56,13,[1 9],84,172,185,88,156
1,<environment.Job instance at 0x152aec7b15a0>,57,2,[1 8],85,185,187,100,158
1,<environment.Job instance at 0x152aec7b1640>,58,12,[1 7],87,185,197,98,168
1,<environment.Job instance at 0x152aec7b1dc0>,59,1,[ 1 10],89,197,198,108,169
1,<environment.Job instance at 0x152aec7b1c80>,60,19,[2 5],90,187,206,97,177
1,<environment.Job instance at 0x152aec7b1820>,61,17,[2 9],91,198,215,107,186
1,<environment.Job instance at 0x152af3657870>,62,3,[6 2],92,187,190,95,186
1,<environment.Job instance at 0x152af3657dc0>,63,2,[6 2],93,190,192,97,186
1,<environment.Job instance at 0x152aec7b1d70>,64,17,[5 2],94,206,223,112,194
1,<environment.Job instance at 0x152ae9237320>,65,1,[6 1],96,194,195,98,194
1,<environment.Job instance at 0x152ae9237870>,66,12,[ 1 10],97,215,227,118,198
1,<environment.Job instance at 0x152ae92371e0>,67,3,[2 7],99,227,230,128,201
1,<environment.Job instance at 0x152ae9237c80>,68,1,[1 6],100,227,228,127,201
1,<environment.Job instance at 0x152ae92d3c80>,69,3,[8 2],101,206,209,105,201
1,<environment.Job instance at 0x152aef27f320>,70,1,[1 7],102,228,229,126,201
1,<environment.Job instance at 0x152ae83ea0f0>,71,1,[6 2],103,209,210,106,201
1,<environment.Job instance at 0x152ae91d69b0>,72,2,[2 7],104,229,231,125,202
1,<environment.Job instance at 0x152af235c910>,73,16,[ 2 10],105,231,247,126,218
1,<environment.Job instance at 0x152ae91d6910>,74,3,[7 1],106,218,221,112,218
1,<environment.Job instance at 0x152aeb46bbe0>,75,14,[8 2],107,230,244,123,218
1,<environment.Job instance at 0x152aeb46b190>,76,2,[1 9],109,247,249,138,220
1,<environment.Job instance at 0x152b140061e0>,11,3,[1 9],21,1439,1442,1418,1439
1,<environment.Job instance at 0x152b14006320>,8,1,[ 1 12],16,1445,1446,1429,1445
1,<environment.Job instance at 0x152aeb6facd0>,7,25,[9 1],11,11,36,0,11
1,<environment.Job instance at 0x152aeb573be0>,12,3,[2 7],18,18,21,0,18
1,<environment.Job instance at 0x152aeb5738c0>,13,15,[7 2],19,36,51,17,22
1,<environment.Job instance at 0x152aeb573640>,14,15,[6 1],20,22,37,2,22
1,<environment.Job instance at 0x152aeb71b410>,15,2,[2 9],21,36,38,15,22
1,<environment.Job instance at 0x152aec6e8e10>,16,2,[1 5],22,38,40,16,22
1,<environment.Job instance at 0x152aec843f00>,17,16,[1 8],23,38,54,15,25
1,<environment.Job instance at 0x152aec8435a0>,18,14,[2 6],25,51,65,26,36
1,<environment.Job instance at 0x152aeb71b5a0>,19,1,[9 1],26,51,52,25,36
1,<environment.Job instance at 0x152aeb71b2d0>,20,17,[2 5],27,54,71,27,42
1,<environment.Job instance at 0x152aeb57dd20>,21,2,[10  2],28,54,56,26,42
1,<environment.Job instance at 0x152aeb57daf0>,22,15,[9 2],30,56,71,26,42
1,<environment.Job instance at 0x152aeb57d370>,23,2,[5 2],31,42,44,11,42
1,<environment.Job instance at 0x152af23513c0>,24,2,[5 1],32,44,46,12,42
1,<environment.Job instance at 0x152aeb57da00>,25,1,[1 7],33,65,66,32,42
1,<environment.Job instance at 0x152af3639410>,26,17,[9 1],36,71,88,35,59
1,<environment.Job instance at 0x152aeb57d0a0>,27,1,[6 2],37,71,72,34,59
1,<environment.Job instance at 0x152aeb57d5f0>,28,1,[5 1],38,72,73,34,59
1,<environment.Job instance at 0x152ae8adb280>,29,1,[2 6],40,66,67,26,59
1,<environment.Job instance at 0x152b1405c6e0>,30,3,[2 6],41,67,70,26,59
1,<environment.Job instance at 0x152ae8adb370>,31,2,[9 1],42,88,90,46,61
1,<environment.Job instance at 0x152aecaf45f0>,32,13,[6 1],44,73,86,29,61
1,<environment.Job instance at 0x152aecaf44b0>,33,2,[7 2],45,90,92,45,63
1,<environment.Job instance at 0x152aecaf4960>,34,2,[9 2],46,92,94,46,65
1,<environment.Job instance at 0x152aecaf4690>,35,3,[5 1],47,86,89,39,65
1,<environment.Job instance at 0x152aecaf4820>,36,2,[ 1 10],48,86,88,38,65
1,<environment.Job instance at 0x152aecaf4050>,37,13,[2 6],49,89,102,40,73
1,<environment.Job instance at 0x152aecaf40f0>,38,17,[12  1],50,94,111,44,82
1,<environment.Job instance at 0x152aecaf4640>,39,1,[8 2],53,111,112,58,83
1,<environment.Job instance at 0x152aecaf4be0>,40,17,[7 1],54,111,128,57,99
1,<environment.Job instance at 0x152aecaf4140>,41,17,[2 7],55,112,129,57,100
1,<environment.Job instance at 0x152aecaf4500>,42,13,[2 8],56,128,141,72,112
1,<environment.Job instance at 0x152aecaf4cd0>,43,16,[6 1],57,112,128,55,112
1,<environment.Job instance at 0x152aecaf4410>,44,1,[8 2],58,129,130,71,112
1,<environment.Job instance at 0x152aecaf41e0>,45,1,[5 2],59,129,130,70,112
1,<environment.Job instance at 0x152aeb7271e0>,46,1,[7 1],60,130,131,70,112
1,<environment.Job instance at 0x152aeb70cdc0>,47,1,[1 8],61,141,142,80,113
1,<environment.Job instance at 0x152aeb70ca00>,48,2,[6 2],62,130,132,68,113
1,<environment.Job instance at 0x152aeb70c730>,49,13,[2 9],63,142,155,79,126
1,<environment.Job instance at 0x152aecae9af0>,50,1,[6 2],65,131,132,66,126
1,<environment.Job instance at 0x152aecae9280>,51,3,[8 2],66,132,135,66,126
1,<environment.Job instance at 0x152aecaed910>,52,2,[ 1 10],68,155,157,87,128
1,<environment.Job instance at 0x152aecaed550>,53,13,[10  1],69,135,148,66,128
1,<environment.Job instance at 0x152aecaed320>,54,1,[5 1],70,132,133,62,128
1,<environment.Job instance at 0x152aecaed3c0>,55,14,[2 9],71,157,171,86,142
1,<environment.Job instance at 0x152ae9d7c230>,56,2,[7 2],72,148,150,76,142
1,<environment.Job instance at 0x152aecaed870>,57,3,[10  1],73,150,153,77,142
1,<environment.Job instance at 0x152aeb729230>,58,3,[6 1],74,153,156,79,142
1,<environment.Job instance at 0x152aec7a7320>,59,1,[13  1],75,156,157,81,142
1,<environment.Job instance at 0x152aeb729550>,60,3,[2 7],76,171,174,95,145
1,<environment.Job instance at 0x152b159953c0>,61,1,[5 1],77,148,149,71,145
1,<environment.Job instance at 0x152b159956e0>,62,17,[1 8],78,171,188,93,159
1,<environment.Job instance at 0x152b15995b90>,63,3,[5 2],79,159,162,80,159
1,<environment.Job instance at 0x152b15995a50>,64,2,[8 2],80,159,161,79,159
1,<environment.Job instance at 0x152aef29b8c0>,65,3,[2 8],81,188,191,107,162
1,<environment.Job instance at 0x152ae91663c0>,66,2,[2 5],82,162,164,80,162
1,<environment.Job instance at 0x152af2b68b90>,67,13,[7 2],84,174,187,90,162
1,<environment.Job instance at 0x152af2b680a0>,68,22,[8 1],85,187,209,102,180
1,<environment.Job instance at 0x152af2b685a0>,69,15,[ 2 10],86,191,206,105,180
1,<environment.Job instance at 0x152aef28df50>,70,3,[10  2],87,209,212,122,183
1,<environment.Job instance at 0x152aea7a00f0>,71,3,[2 5],89,183,186,94,183
1,<environment.Job instance at 0x152af3405460>,72,17,[1 7],90,206,223,116,194
1,<environment.Job instance at 0x152af3405320>,73,3,[7 2],91,212,215,121,194
1,<environment.Job instance at 0x152af34055a0>,74,2,[2 9],92,223,225,131,196
1,<environment.Job instance at 0x152aeb70f910>,75,2,[2 7],93,206,208,113,196
1,<environment.Job instance at 0x152aeb70f4b0>,76,18,[6 1],95,212,230,117,201
1,<environment.Job instance at 0x152aeb70f140>,77,15,[2 9],96,225,240,129,211
1,<environment.Job instance at 0x152aeb70f820>,78,2,[10  1],97,230,232,133,211
1,<environment.Job instance at 0x152aeb70f370>,79,22,[2 6],99,232,254,133,225
1,<environment.Job instance at 0x152aeb70f690>,80,1,[ 1 14],100,254,255,154,226
1,<environment.Job instance at 0x152aeb70f870>,81,16,[6 2],101,255,271,154,242
1,<environment.Job instance at 0x152aeb70f190>,82,1,[6 1],102,242,243,140,242
1,<environment.Job instance at 0x152aeb70f640>,83,2,[9 1],104,243,245,139,242
1,<environment.Job instance at 0x152aeb70f8c0>,84,19,[1 5],106,255,274,149,245
1,<environment.Job instance at 0x152aeb70fa50>,85,1,[8 1],107,245,246,138,245
1,<environment.Job instance at 0x152aeb70f0f0>,86,1,[5 1],109,245,246,136,245
1,<environment.Job instance at 0x152aeb573320>,9,21,[ 2 10],14,272,293,258,272
1,<environment.Job instance at 0x152aeb573960>,10,21,[2 5],15,291,312,276,291
1,<environment.Job instance at 0x152aeb233dc0>,2,1,[ 2 10],4,76,77,72,76
1,<environment.Job instance at 0x152aec69c0f0>,5,2,[6 1],9,327,329,318,327
1,<environment.Job instance at 0x152aeb46b280>,10,23,[2 6],14,14,37,0,14
1,<environment.Job instance at 0x152ae8435b90>,15,2,[7 2],21,21,23,0,21
1,<environment.Job instance at 0x152aec79ef50>,16,3,[6 1],23,23,26,0,23
1,<environment.Job instance at 0x152aec79e5a0>,17,2,[10  1],24,26,28,2,24
1,<environment.Job instance at 0x152aec79eb40>,18,1,[9 1],25,28,29,3,25
1,<environment.Job instance at 0x152aec79e640>,19,3,[5 1],26,29,32,3,26
1,<environment.Job instance at 0x152aec79e410>,20,3,[1 6],27,27,30,0,27
1,<environment.Job instance at 0x152aec79e0a0>,21,3,[12  1],29,32,35,3,29
1,<environment.Job instance at 0x152aec79e280>,22,20,[8 1],30,35,55,5,30
1,<environment.Job instance at 0x152aeb26d460>,23,2,[7 1],31,37,39,6,31
1,<environment.Job instance at 0x152aeb26da50>,24,3,[9 1],36,55,58,19,36
1,<environment.Job instance at 0x152af2a6ad70>,25,13,[2 5],38,39,52,1,38
1,<environment.Job instance at 0x152af2a6ab40>,26,2,[1 8],39,39,41,0,39
1,<environment.Job instance at 0x152af2a6a230>,27,1,[2 6],40,41,42,1,40
1,<environment.Job instance at 0x152af2a6ac80>,28,2,[9 2],43,58,60,15,43
1,<environment.Job instance at 0x152aec783320>,29,1,[ 2 10],47,52,53,5,47
1,<environment.Job instance at 0x152aec783f50>,30,3,[11  1],49,60,63,11,49
1,<environment.Job instance at 0x152aec783fa0>,31,13,[ 2 11],50,53,66,3,50
1,<environment.Job instance at 0x152aec783c80>,32,3,[1 8],51,66,69,15,51
1,<environment.Job instance at 0x152aec783eb0>,33,1,[8 1],53,63,64,10,53
1,<environment.Job instance at 0x152af3400dc0>,34,16,[9 1],54,64,80,10,54
1,<environment.Job instance at 0x152af2b32550>,35,12,[7 2],56,80,92,24,63
1,<environment.Job instance at 0x152aea7d0460>,43,16,[2 9],70,70,86,0,70
1,<environment.Job instance at 0x152aea7d0410>,44,2,[5 2],71,80,82,9,71
1,<environment.Job instance at 0x152ae85ee2d0>,45,21,[5 1],72,82,103,10,74
1,<environment.Job instance at 0x152ae85eedc0>,46,3,[2 8],73,86,89,13,74
1,<environment.Job instance at 0x152ae85eebe0>,47,3,[8 2],75,92,95,17,75
1,<environment.Job instance at 0x152b14006320>,48,1,[ 2 10],76,89,90,13,76
1,<environment.Job instance at 0x152ae85ee4b0>,49,2,[1 6],77,90,92,13,78
1,<environment.Job instance at 0x152aec830370>,50,2,[8 1],78,95,97,17,78
1,<environment.Job instance at 0x152af29d16e0>,51,1,[2 7],80,92,93,12,80
1,<environment.Job instance at 0x152aeb2b7960>,52,2,[1 8],81,93,95,12,81
1,<environment.Job instance at 0x152ae837de60>,53,13,[7 1],82,97,110,15,82
1,<environment.Job instance at 0x152aeb2b75f0>,54,3,[ 2 10],85,95,98,10,85
1,<environment.Job instance at 0x152aecb7f320>,55,2,[2 7],86,98,100,12,86
1,<environment.Job instance at 0x152ae83f0690>,56,22,[ 2 10],87,100,122,13,93
1,<environment.Job instance at 0x152af2ae7500>,57,2,[10  2],88,110,112,22,93
1,<environment.Job instance at 0x152af2ae7a00>,58,2,[1 7],89,122,124,33,95
1,<environment.Job instance at 0x152ae9180e60>,59,3,[2 8],90,122,125,32,96
1,<environment.Job instance at 0x152aeb58ef00>,60,2,[6 2],91,103,105,12,96
1,<environment.Job instance at 0x152af29b8a50>,61,1,[7 1],94,112,113,18,96
1,<environment.Job instance at 0x152af29b84b0>,62,2,[5 2],95,105,107,10,96
1,<environment.Job instance at 0x152aeca68d70>,63,15,[1 9],96,125,140,29,111
1,<environment.Job instance at 0x152ae845e6e0>,64,3,[6 1],97,118,121,21,118
1,<environment.Job instance at 0x152af2a42be0>,65,2,[ 1 10],98,140,142,42,118
1,<environment.Job instance at 0x152b3c1c9910>,66,1,[7 1],99,119,120,20,119
1,<environment.Job instance at 0x152b3c1c9fa0>,67,1,[2 6],102,124,125,22,120
1,<environment.Job instance at 0x152b3c1c99b0>,68,2,[10  2],103,125,127,22,120
1,<environment.Job instance at 0x152aecb5fa50>,69,1,[5 1],104,120,121,16,120
1,<environment.Job instance at 0x152aecb5f5a0>,70,2,[8 2],105,127,129,22,120
1,<environment.Job instance at 0x152aecb5f0a0>,71,1,[6 1],106,121,122,15,120
1,<environment.Job instance at 0x152aecb5fe60>,72,3,[8 1],108,129,132,21,120
1,<environment.Job instance at 0x152af365a460>,13,1,[5 2],18,139,140,121,139
1,<environment.Job instance at 0x152aea7d0690>,42,2,[ 1 12],69,151,153,82,151
1,<environment.Job instance at 0x152ae819f690>,5,21,[6 1],10,10,31,0,10
1,<environment.Job instance at 0x152ae85209b0>,10,1,[1 7],18,37,38,19,37
1,<environment.Job instance at 0x152aeb2b72d0>,11,1,[1 7],20,73,74,53,73
1,<environment.Job instance at 0x152aeb2b7fa0>,12,12,[2 8],21,161,173,140,161
1,<environment.Job instance at 0x152aeb2b7460>,13,27,[5 2],22,161,188,139,161
1,<environment.Job instance at 0x152aeb2b7730>,14,27,[1 9],23,173,200,150,171
1,<environment.Job instance at 0x152aeb2b7af0>,15,1,[9 1],24,173,174,149,171
1,<environment.Job instance at 0x152aeb2b7140>,16,1,[ 2 10],25,200,201,175,172
1,<environment.Job instance at 0x152aeb2b7050>,17,12,[2 8],28,201,213,173,184
1,<environment.Job instance at 0x152aeb2b78c0>,18,3,[ 1 10],31,213,216,182,194
1,<environment.Job instance at 0x152aeb2b7dc0>,19,1,[8 2],32,196,197,164,196
1,<environment.Job instance at 0x152aeb2b7370>,20,18,[9 1],33,197,215,164,196
1,<environment.Job instance at 0x152ae84ba730>,21,2,[8 1],35,215,217,180,196
1,<environment.Job instance at 0x152ae84ba6e0>,22,13,[8 2],36,217,230,181,201
1,<environment.Job instance at 0x152ae84bad70>,23,1,[7 1],37,216,217,179,201
1,<environment.Job instance at 0x152ae808bf00>,24,1,[2 6],39,201,202,162,201
1,<environment.Job instance at 0x152ae916a640>,25,3,[1 5],40,202,205,162,201
1,<environment.Job instance at 0x152af29ee050>,26,3,[8 2],43,230,233,187,204
1,<environment.Job instance at 0x152ae84bad20>,27,1,[1 7],44,217,218,173,204
1,<environment.Job instance at 0x152af0d02d70>,28,3,[2 8],45,218,221,173,204
1,<environment.Job instance at 0x152aeb498a50>,29,2,[7 1],46,221,223,175,204
1,<environment.Job instance at 0x152aeb498690>,30,28,[1 6],47,223,251,176,222
1,<environment.Job instance at 0x152ae831bcd0>,31,1,[1 7],50,223,224,173,222
1,<environment.Job instance at 0x152ae831b960>,32,21,[9 1],51,233,254,182,225
1,<environment.Job instance at 0x152af340f690>,33,16,[1 6],52,225,241,173,225
1,<environment.Job instance at 0x152ae88029b0>,34,15,[10  2],53,254,269,201,240
1,<environment.Job instance at 0x152ae8aaa320>,35,2,[5 1],55,241,243,186,240
1,<environment.Job instance at 0x152ae8aaa0a0>,36,2,[ 2 10],56,251,253,195,240
1,<environment.Job instance at 0x152ae8aaaf00>,37,3,[5 1],57,243,246,186,240
1,<environment.Job instance at 0x152aeb55b690>,38,1,[1 9],59,253,254,194,240
1,<environment.Job instance at 0x152ae88404b0>,39,1,[2 7],60,246,247,186,240
1,<environment.Job instance at 0x152aeb3004b0>,40,2,[1 8],61,247,249,186,240
1,<environment.Job instance at 0x152ae8a30dc0>,41,1,[1 9],63,254,255,191,240
1,<environment.Job instance at 0x152ae8a305a0>,42,2,[ 2 10],65,255,257,190,240
1,<environment.Job instance at 0x152ae8a1e730>,43,3,[9 1],66,269,272,203,243
1,<environment.Job instance at 0x152aeb55b960>,44,12,[9 1],67,272,284,205,255
1,<environment.Job instance at 0x152aecb23230>,45,20,[ 2 11],68,257,277,189,255
1,<environment.Job instance at 0x152aecb23cd0>,46,16,[9 2],70,284,300,214,271
1,<environment.Job instance at 0x152af2af7d20>,47,3,[ 2 10],71,277,280,206,271
1,<environment.Job instance at 0x152aeb64f550>,48,15,[6 1],73,280,295,207,271
1,<environment.Job instance at 0x152ae85db190>,49,1,[9 2],74,300,301,226,272
1,<environment.Job instance at 0x152ae8906d20>,50,1,[2 8],75,295,296,220,272
1,<environment.Job instance at 0x152aeb36d0a0>,51,1,[5 1],76,296,297,220,272
1,<environment.Job instance at 0x152b15e09e10>,52,1,[8 1],78,301,302,223,273
1,<environment.Job instance at 0x152ae7fc4b40>,53,1,[1 8],80,296,297,216,273
1,<environment.Job instance at 0x152af2a3c410>,54,1,[2 9],81,297,298,216,273
1,<environment.Job instance at 0x152aecb8d140>,55,3,[1 9],82,298,301,216,273
1,<environment.Job instance at 0x152ae8779b90>,56,14,[ 1 10],84,301,315,217,286
1,<environment.Job instance at 0x152ae8779050>,57,1,[7 2],85,302,303,217,286
1,<environment.Job instance at 0x152ae8779e60>,58,1,[10  1],86,303,304,217,286
1,<environment.Job instance at 0x152aeb34e050>,59,3,[2 5],88,304,307,216,286
1,<environment.Job instance at 0x152aeb3791e0>,60,2,[6 2],89,301,303,212,286
1,<environment.Job instance at 0x152aeb34ee60>,61,18,[2 9],90,315,333,225,307
1,<environment.Job instance at 0x152ae8902af0>,62,3,[2 9],91,333,336,242,313
1,<environment.Job instance at 0x152ae89028c0>,63,1,[1 6],92,316,317,224,316
1,<environment.Job instance at 0x152ae89e80a0>,64,1,[10  1],93,317,318,224,317
1,<environment.Job instance at 0x152ae89e87d0>,65,17,[5 1],94,318,335,224,317
1,<environment.Job instance at 0x152ae89e8e10>,66,1,[7 1],95,318,319,223,317
1,<environment.Job instance at 0x152ae89e8b90>,67,3,[9 2],96,335,338,239,317
1,<environment.Job instance at 0x152aeb489190>,68,2,[1 8],97,336,338,239,317
1,<environment.Job instance at 0x152aeb489d70>,69,26,[8 1],98,338,364,240,335
1,<environment.Job instance at 0x152aeb489a50>,70,3,[2 5],99,336,339,237,335
1,<environment.Job instance at 0x152aeb489820>,71,2,[8 1],100,364,366,264,338
1,<environment.Job instance at 0x152aeb489370>,72,27,[6 1],101,339,366,238,338
1,<environment.Job instance at 0x152ae8719410>,73,21,[9 2],102,366,387,264,358
1,<environment.Job instance at 0x152ae84629b0>,74,17,[7 2],103,387,404,284,375
1,<environment.Job instance at 0x152ae84d5960>,75,16,[5 2],104,375,391,271,375
1,<environment.Job instance at 0x152ae8462960>,76,2,[2 9],105,387,389,282,375
1,<environment.Job instance at 0x152ae83f3cd0>,77,13,[2 8],107,389,402,282,375
1,<environment.Job instance at 0x152aeb312d20>,78,3,[7 2],108,402,405,294,376
1,<environment.Job instance at 0x152ae842fb90>,79,17,[ 2 10],109,404,421,295,392
1,<environment.Job instance at 0x152ae8520d70>,8,1,[ 2 10],14,601,602,587,601
1,<environment.Job instance at 0x152af37057d0>,9,1,[1 9],15,15,16,0,15
1,<environment.Job instance at 0x152aecaf7370>,10,3,[6 2],16,16,19,0,16
1,<environment.Job instance at 0x152aecaf79b0>,11,16,[ 1 11],17,17,33,0,17
1,<environment.Job instance at 0x152ae88e7a50>,12,1,[2 6],18,33,34,15,18
1,<environment.Job instance at 0x152b159df5a0>,13,1,[1 5],20,33,34,13,20
1,<environment.Job instance at 0x152aecaf7870>,14,2,[2 8],21,34,36,13,21
1,<environment.Job instance at 0x152af370d2d0>,15,24,[2 9],22,36,60,14,31
1,<environment.Job instance at 0x152aec804960>,16,3,[2 5],25,34,37,9,31
1,<environment.Job instance at 0x152ae84eba00>,17,18,[5 2],27,37,55,10,31
1,<environment.Job instance at 0x152aecad2a50>,18,1,[1 6],28,55,56,27,31
1,<environment.Job instance at 0x152aecad2e60>,19,2,[2 6],30,56,58,26,31
1,<environment.Job instance at 0x152af2ad0820>,20,2,[6 2],31,31,33,0,31
1,<environment.Job instance at 0x152af2ad0370>,21,3,[2 7],32,60,63,28,34
1,<environment.Job instance at 0x152af0d0cf50>,22,1,[10  1],36,36,37,0,36
1,<environment.Job instance at 0x152ae830ed20>,23,3,[10  1],37,58,61,21,37
1,<environment.Job instance at 0x152ae8696d70>,24,2,[6 1],38,38,40,0,38
1,<environment.Job instance at 0x152ae8696a00>,25,3,[1 5],39,58,61,19,39
1,<environment.Job instance at 0x152ae929e5f0>,26,2,[10  2],40,61,63,21,40
1,<environment.Job instance at 0x152ae883eaa0>,27,1,[9 1],41,63,64,22,41
1,<environment.Job instance at 0x152ae883eaf0>,28,1,[1 8],42,63,64,21,42
1,<environment.Job instance at 0x152ae883e0a0>,29,25,[9 1],43,64,89,21,60
1,<environment.Job instance at 0x152ae883efa0>,30,3,[2 7],44,64,67,20,60
1,<environment.Job instance at 0x152ae883e640>,31,1,[7 1],45,89,90,44,61
1,<environment.Job instance at 0x152ae883e140>,32,2,[7 2],46,89,91,43,62
1,<environment.Job instance at 0x152ae883ea00>,33,13,[10  1],48,91,104,43,75
1,<environment.Job instance at 0x152ae883e2d0>,34,3,[2 6],49,75,78,26,75
1,<environment.Job instance at 0x152ae86204b0>,35,2,[8 1],50,104,106,54,77
1,<environment.Job instance at 0x152ae8620320>,36,1,[6 2],51,78,79,27,77
1,<environment.Job instance at 0x152ae8620a50>,37,1,[9 1],52,106,107,54,78
1,<environment.Job instance at 0x152ae84e2050>,38,1,[2 5],54,79,80,25,78
1,<environment.Job instance at 0x152ae84e2f00>,39,3,[10  2],57,107,110,50,81
1,<environment.Job instance at 0x152ae84e2140>,40,1,[2 7],58,81,82,23,81
1,<environment.Job instance at 0x152ae84e2e60>,41,2,[ 1 14],60,82,84,22,81
1,<environment.Job instance at 0x152aecb839b0>,42,1,[7 2],61,90,91,29,81
1,<environment.Job instance at 0x152ae84e23c0>,43,3,[9 1],62,110,113,48,84
1,<environment.Job instance at 0x152af29e4aa0>,44,15,[6 1],63,110,125,47,96
1,<environment.Job instance at 0x152af29e40f0>,45,1,[2 5],64,96,97,32,96
1,<environment.Job instance at 0x152ae82ecaa0>,46,2,[1 5],66,96,98,30,96
1,<environment.Job instance at 0x152ae834e550>,47,3,[2 8],67,97,100,30,96
1,<environment.Job instance at 0x152ae834e2d0>,48,17,[10  1],68,125,142,57,113
1,<environment.Job instance at 0x152ae834eb40>,49,26,[5 2],69,113,139,44,113
1,<environment.Job instance at 0x152ae834e910>,50,1,[8 2],70,142,143,72,114
1,<environment.Job instance at 0x152aeb325870>,51,2,[2 6],71,114,116,43,114
1,<environment.Job instance at 0x152aeb3256e0>,52,3,[1 9],72,116,119,44,114
1,<environment.Job instance at 0x152ae89ad690>,53,2,[1 7],74,119,121,45,114
1,<environment.Job instance at 0x152aeb761dc0>,54,3,[2 9],75,121,124,46,114
1,<environment.Job instance at 0x152af2ab1460>,55,2,[6 1],76,142,144,66,115
1,<environment.Job instance at 0x152af2ab1960>,56,1,[5 1],77,139,140,62,115
1,<environment.Job instance at 0x152aeb28e410>,57,16,[2 6],78,143,159,65,130
1,<environment.Job instance at 0x152af2b8b280>,58,2,[7 1],80,143,145,63,130
1,<environment.Job instance at 0x152aeb2686e0>,59,14,[5 2],84,144,158,60,130
1,<environment.Job instance at 0x152ae8536730>,60,1,[ 1 10],85,140,141,55,130
1,<environment.Job instance at 0x152ae8a72dc0>,61,3,[1 9],86,158,161,72,132
1,<environment.Job instance at 0x152aeb458500>,62,2,[9 2],88,159,161,71,132
1,<environment.Job instance at 0x152ae8a72870>,63,3,[2 7],89,145,148,56,132
1,<environment.Job instance at 0x152af29f8cd0>,64,21,[10  2],92,161,182,69,153
1,<environment.Job instance at 0x152af29f8780>,65,22,[2 9],93,161,183,68,154
1,<environment.Job instance at 0x152aeb52ad20>,66,3,[1 7],95,154,157,59,154
1,<environment.Job instance at 0x152ae9294320>,67,14,[2 5],97,182,196,85,167
1,<environment.Job instance at 0x152ae9294eb0>,68,13,[1 5],101,183,196,82,167
1,<environment.Job instance at 0x152aed9f4370>,69,2,[6 1],103,182,184,79,167
1,<environment.Job instance at 0x152aecbb57d0>,70,1,[ 1 12],104,196,197,92,168
1,<environment.Job instance at 0x152af3639c30>,71,1,[10  2],105,184,185,79,168
1,<environment.Job instance at 0x152af3639af0>,72,3,[2 9],106,197,200,91,171
1,<environment.Job instance at 0x152aecb55cd0>,73,13,[2 9],107,200,213,93,184
1,<environment.Job instance at 0x152aecb555a0>,74,12,[5 2],109,185,197,76,184
1,<environment.Job instance at 0x152af3705f00>,7,28,[2 5],13,210,238,197,210
1,<environment.Job instance at 0x152aecaee370>,6,3,[7 2],11,238,241,227,238
1,<environment.Job instance at 0x152aef2868c0>,6,2,[6 2],8,25,27,17,25
1,<environment.Job instance at 0x152aeb29e0f0>,7,3,[9 2],9,25,28,16,25
1,<environment.Job instance at 0x152aeb29ef00>,8,2,[1 6],16,27,29,11,25
1,<environment.Job instance at 0x152ae91f8870>,9,18,[8 1],18,28,46,10,25
1,<environment.Job instance at 0x152ae91f85f0>,10,2,[2 8],20,28,30,8,25
1,<environment.Job instance at 0x152ae86901e0>,11,1,[7 1],23,30,31,7,25
1,<environment.Job instance at 0x152aeb35fbe0>,12,2,[2 6],24,31,33,7,25
1,<environment.Job instance at 0x152aeb362780>,13,3,[6 2],26,33,36,7,26
1,<environment.Job instance at 0x152ae91f8aa0>,14,12,[2 9],27,36,48,9,27
1,<environment.Job instance at 0x152aeb730cd0>,15,2,[5 1],28,31,33,3,28
1,<environment.Job instance at 0x152ae84466e0>,16,3,[9 1],29,46,49,17,29
1,<environment.Job instance at 0x152ae8446550>,17,1,[7 2],30,49,50,19,30
1,<environment.Job instance at 0x152aeb348e10>,18,17,[6 2],32,48,65,16,36
1,<environment.Job instance at 0x152aec6d9f50>,19,3,[9 2],34,50,53,16,36
1,<environment.Job instance at 0x152aec6d92d0>,20,2,[2 5],35,36,38,1,36
1,<environment.Job instance at 0x152aec6d99b0>,21,1,[1 9],36,49,50,13,36
1,<environment.Job instance at 0x152aec6d9e10>,22,3,[1 7],37,53,56,16,37
1,<environment.Job instance at 0x152aeb594c80>,23,1,[1 8],38,56,57,18,38
1,<environment.Job instance at 0x152b159a07d0>,24,20,[7 2],39,53,73,14,44
1,<environment.Job instance at 0x152b159a0b90>,25,1,[1 9],40,57,58,17,44
1,<environment.Job instance at 0x152b159a0820>,26,2,[2 6],41,58,60,17,44
1,<environment.Job instance at 0x152b159a06e0>,27,3,[ 2 10],42,60,63,18,44
1,<environment.Job instance at 0x152b159a0230>,28,13,[2 8],43,63,76,20,47
1,<environment.Job instance at 0x152b159a08c0>,29,1,[8 1],46,73,74,27,47
1,<environment.Job instance at 0x152b159a0550>,30,3,[1 6],47,73,76,26,47
1,<environment.Job instance at 0x152aec7354b0>,31,2,[1 6],48,76,78,28,49
1,<environment.Job instance at 0x152aec735dc0>,32,1,[2 5],49,65,66,16,49
1,<environment.Job instance at 0x152aeb3408c0>,33,14,[ 2 10],50,78,92,28,63
1,<environment.Job instance at 0x152aec7351e0>,34,1,[ 1 13],51,92,93,41,73
1,<environment.Job instance at 0x152aec735b90>,35,12,[ 1 14],52,93,105,41,76
1,<environment.Job instance at 0x152ae85a09b0>,36,1,[5 2],53,76,77,23,76
1,<environment.Job instance at 0x152ae85a08c0>,37,12,[2 9],54,105,117,51,88
1,<environment.Job instance at 0x152ae85a0280>,38,1,[11  1],63,97,98,34,97
1,<environment.Job instance at 0x152ae85a0dc0>,39,2,[5 1],64,99,101,35,99
1,<environment.Job instance at 0x152ae85a0050>,40,2,[1 6],65,105,107,40,99
1,<environment.Job instance at 0x152ae85a0a50>,41,2,[1 8],66,117,119,51,99
1,<environment.Job instance at 0x152ae85a0550>,42,1,[6 1],67,101,102,34,100
1,<environment.Job instance at 0x152ae85a0500>,43,18,[10  2],69,107,125,38,100
1,<environment.Job instance at 0x152aeb350d20>,44,1,[6 1],70,102,103,32,100
1,<environment.Job instance at 0x152aeb3508c0>,45,1,[2 9],71,119,120,48,100
1,<environment.Job instance at 0x152aeb350c30>,46,1,[1 5],72,117,118,45,100
1,<environment.Job instance at 0x152aeb350410>,47,16,[ 2 10],73,120,136,47,107
1,<environment.Job instance at 0x152aeb350eb0>,48,3,[5 1],74,125,128,51,107
1,<environment.Job instance at 0x152aeb5b5410>,49,3,[1 7],75,136,139,61,110
1,<environment.Job instance at 0x152ae920d910>,50,3,[10  2],77,128,131,51,110
1,<environment.Job instance at 0x152ae920d870>,51,17,[9 2],79,131,148,52,119
1,<environment.Job instance at 0x152ae8040410>,52,2,[9 2],81,148,150,67,121
1,<environment.Job instance at 0x152ae920b280>,53,2,[2 7],85,139,141,54,121
1,<environment.Job instance at 0x152ae920b6e0>,54,1,[8 1],86,125,126,39,121
1,<environment.Job instance at 0x152ae920bf00>,55,15,[7 1],87,150,165,63,136
1,<environment.Job instance at 0x152ae920bd70>,56,1,[1 8],88,141,142,53,136
1,<environment.Job instance at 0x152aec18ca50>,57,12,[7 2],89,150,162,61,136
1,<environment.Job instance at 0x152b3c1ade60>,58,13,[1 9],90,142,155,52,136
1,<environment.Job instance at 0x152ae8555eb0>,59,2,[7 2],91,162,164,71,136
1,<environment.Job instance at 0x152af29d0910>,60,1,[ 2 10],92,164,165,72,136
1,<environment.Job instance at 0x152ae853ea00>,61,16,[1 7],93,165,181,72,152
1,<environment.Job instance at 0x152aecb90550>,62,17,[5 2],95,164,181,69,161
1,<environment.Job instance at 0x152ae8947500>,63,3,[10  1],97,181,184,84,161
1,<environment.Job instance at 0x152ae88ea410>,64,1,[9 2],98,165,166,67,161
1,<environment.Job instance at 0x152ae88ea960>,65,17,[8 1],99,184,201,85,172
1,<environment.Job instance at 0x152aeda0c0f0>,66,2,[1 5],100,172,174,72,172
1,<environment.Job instance at 0x152aeda0c7d0>,67,13,[1 9],101,181,194,80,172
1,<environment.Job instance at 0x152aeda0c780>,68,2,[10  2],102,201,203,99,174
1,<environment.Job instance at 0x152aeda0c1e0>,69,15,[9 1],104,203,218,99,189
1,<environment.Job instance at 0x152aeda0cc30>,70,1,[1 5],105,189,190,84,189
1,<environment.Job instance at 0x152aeda0c370>,71,2,[1 9],106,194,196,88,189
1,<environment.Job instance at 0x152aeda0cf00>,72,2,[1 7],109,196,198,87,189
1,<environment.Job instance at 0x152ae8296e10>,17,17,[2 6],30,30,47,0,30
1,<environment.Job instance at 0x152aeb5b37d0>,18,3,[1 7],33,40,43,7,40
1,<environment.Job instance at 0x152aec666870>,19,1,[8 2],34,40,41,6,40
1,<environment.Job instance at 0x152aeb24f460>,20,2,[10  1],35,41,43,6,40
1,<environment.Job instance at 0x152ae7f31c30>,21,2,[10  1],36,43,45,7,40
1,<environment.Job instance at 0x152ae8874af0>,22,16,[10  2],37,45,61,8,40
1,<environment.Job instance at 0x152aeb493b90>,23,2,[2 5],38,43,45,5,40
1,<environment.Job instance at 0x152af3405410>,24,1,[1 7],39,45,46,6,40
1,<environment.Job instance at 0x152ae83d9eb0>,25,1,[2 9],40,47,48,7,40
1,<environment.Job instance at 0x152ae7fb2e10>,26,3,[2 9],42,48,51,6,42
1,<environment.Job instance at 0x152ae7fb2190>,27,1,[9 2],43,61,62,18,43
1,<environment.Job instance at 0x152ae7fb2a00>,28,1,[7 2],45,62,63,17,45
1,<environment.Job instance at 0x152aec784410>,29,16,[5 2],46,51,67,5,46
1,<environment.Job instance at 0x152aec784500>,30,3,[10  2],48,63,66,15,48
1,<environment.Job instance at 0x152aec784280>,31,1,[10  2],49,66,67,17,49
1,<environment.Job instance at 0x152aec784550>,32,2,[7 1],50,67,69,17,50
1,<environment.Job instance at 0x152aec784c80>,33,2,[10  1],51,69,71,18,51
1,<environment.Job instance at 0x152af2a7dfa0>,34,1,[1 7],52,61,62,9,52
1,<environment.Job instance at 0x152ae8779a00>,35,1,[9 1],54,71,72,17,54
1,<environment.Job instance at 0x152af2a7dc30>,36,13,[ 2 11],55,67,80,12,55
1,<environment.Job instance at 0x152af37d6550>,37,3,[9 2],56,72,75,16,56
1,<environment.Job instance at 0x152af37d6140>,38,3,[10  2],58,75,78,17,58
1,<environment.Job instance at 0x152af37d6b90>,39,3,[ 1 10],59,80,83,21,59
1,<environment.Job instance at 0x152af0ceff00>,40,2,[5 1],60,67,69,7,60
1,<environment.Job instance at 0x152ae8528d20>,41,3,[ 2 10],62,83,86,21,62
1,<environment.Job instance at 0x152af0cefd70>,42,2,[2 8],63,86,88,23,64
1,<environment.Job instance at 0x152af0cef2d0>,43,2,[8 1],64,78,80,14,64
1,<environment.Job instance at 0x152aeb60f780>,44,3,[2 8],67,88,91,21,67
1,<environment.Job instance at 0x152aeb60f410>,45,3,[9 1],68,80,83,12,68
1,<environment.Job instance at 0x152ae7faa280>,46,3,[2 9],70,91,94,21,70
1,<environment.Job instance at 0x152ae7faadc0>,47,2,[10  2],71,83,85,12,71
1,<environment.Job instance at 0x152ae7faae60>,48,2,[ 1 10],72,94,96,22,72
1,<environment.Job instance at 0x152ae7faa190>,49,3,[ 1 10],74,96,99,22,74
1,<environment.Job instance at 0x152aec6514b0>,50,1,[9 2],75,85,86,10,75
1,<environment.Job instance at 0x152ae916e0a0>,51,1,[7 2],76,86,87,10,79
1,<environment.Job instance at 0x152af37c90a0>,52,2,[5 2],77,79,81,2,79
1,<environment.Job instance at 0x152aecb53aa0>,53,3,[14  2],78,94,97,16,79
1,<environment.Job instance at 0x152af2bc8320>,54,2,[1 7],81,87,89,6,81
1,<environment.Job instance at 0x152af2bc8500>,55,2,[2 6],82,89,91,7,82
1,<environment.Job instance at 0x152af2bc81e0>,56,3,[6 1],84,89,92,5,84
1,<environment.Job instance at 0x152af2bc8a50>,57,16,[ 2 10],85,99,115,14,86
1,<environment.Job instance at 0x152af2bc8410>,58,2,[5 1],87,97,99,10,95
1,<environment.Job instance at 0x152af2bc80a0>,59,3,[6 1],88,97,100,9,95
1,<environment.Job instance at 0x152af2bc80f0>,60,1,[10  1],89,100,101,11,95
1,<environment.Job instance at 0x152af2bc8dc0>,61,15,[7 1],90,101,116,11,95
1,<environment.Job instance at 0x152af2bc86e0>,62,3,[ 2 10],91,115,118,24,95
1,<environment.Job instance at 0x152af2bc8b40>,63,17,[2 9],93,118,135,25,106
1,<environment.Job instance at 0x152af2bc8c30>,64,1,[9 2],94,116,117,22,107
1,<environment.Job instance at 0x152af2bc8780>,65,3,[2 9],95,135,138,40,109
1,<environment.Job instance at 0x152ae88f7960>,66,3,[2 5],96,117,120,21,109
1,<environment.Job instance at 0x152ae88f7500>,67,3,[1 7],97,138,141,41,115
1,<environment.Job instance at 0x152ae88f75a0>,68,2,[2 6],98,120,122,22,115
1,<environment.Job instance at 0x152ae88f7460>,69,2,[5 2],99,122,124,23,115
1,<environment.Job instance at 0x152ae88f7fa0>,70,12,[ 1 10],100,141,153,41,124
1,<environment.Job instance at 0x152ae88f7370>,71,2,[1 5],101,124,126,23,124
1,<environment.Job instance at 0x152ae88f7d20>,72,12,[5 1],102,124,136,22,124
1,<environment.Job instance at 0x152ae88f7f50>,73,1,[10  1],103,136,137,33,124
1,<environment.Job instance at 0x152ae88f73c0>,74,3,[1 7],105,138,141,33,124
1,<environment.Job instance at 0x152ae88f7550>,75,1,[10  2],107,137,138,30,124
1,<environment.Job instance at 0x152ae88f7f00>,76,1,[6 1],109,126,127,17,124
1,<environment.Job instance at 0x152b3c22d9b0>,16,3,[2 8],23,77,80,54,77
1,<environment.Job instance at 0x152aeda19a50>,31,3,[10  1],42,77,80,35,77
1,<environment.Job instance at 0x152aeda19c30>,32,3,[10  1],43,80,83,37,77
1,<environment.Job instance at 0x152aef28db90>,33,1,[8 1],44,83,84,39,77
1,<environment.Job instance at 0x152aef28d2d0>,34,17,[7 2],46,83,100,37,77
1,<environment.Job instance at 0x152aef28dd20>,35,13,[2 5],47,84,97,37,77
1,<environment.Job instance at 0x152aef28dbe0>,36,2,[6 1],49,84,86,35,77
1,<environment.Job instance at 0x152aef28d370>,37,16,[6 1],50,86,102,36,77
1,<environment.Job instance at 0x152aef28d280>,38,1,[ 1 10],52,80,81,28,77
1,<environment.Job instance at 0x152ae9d5a0a0>,39,3,[9 1],54,100,103,46,77
1,<environment.Job instance at 0x152ae9d5af00>,40,1,[8 2],56,103,104,47,77
1,<environment.Job instance at 0x152ae9d5ac80>,41,3,[1 5],57,77,80,20,77
1,<environment.Job instance at 0x152ae9d5ae10>,42,1,[10  1],59,104,105,45,77
1,<environment.Job instance at 0x152ae9d5a5f0>,43,3,[8 1],60,105,108,45,79
1,<environment.Job instance at 0x152ae9d5a9b0>,44,2,[8 1],61,108,110,47,81
1,<environment.Job instance at 0x152ae9d5a230>,45,1,[5 2],62,81,82,19,81
1,<environment.Job instance at 0x152ae9d5a640>,46,3,[1 7],63,97,100,34,81
1,<environment.Job instance at 0x152ae8af1be0>,47,2,[5 1],64,102,104,38,81
1,<environment.Job instance at 0x152ae8af1d20>,48,17,[1 5],66,102,119,36,90
1,<environment.Job instance at 0x152ae8af1780>,49,2,[5 2],67,105,107,38,90
1,<environment.Job instance at 0x152ae8af1c30>,50,1,[1 5],68,97,98,29,90
1,<environment.Job instance at 0x152aeb46b460>,51,1,[8 2],69,110,111,41,90
1,<environment.Job instance at 0x152aeb46b230>,52,2,[7 1],70,111,113,41,90
1,<environment.Job instance at 0x152af3649f00>,53,1,[10  1],71,113,114,42,90
1,<environment.Job instance at 0x152af3649d20>,54,2,[ 1 10],72,114,116,42,90
1,<environment.Job instance at 0x152aeb46b1e0>,55,2,[1 8],73,107,109,34,90
1,<environment.Job instance at 0x152ae7f35dc0>,56,3,[2 5],74,109,112,35,90
1,<environment.Job instance at 0x152af3662b90>,57,18,[10  1],75,116,134,41,105
1,<environment.Job instance at 0x152ae7f35e60>,58,2,[7 1],76,134,136,58,107
1,<environment.Job instance at 0x152af36620a0>,59,15,[2 7],77,116,131,39,107
1,<environment.Job instance at 0x152ae929e500>,60,1,[2 5],78,112,113,34,107
1,<environment.Job instance at 0x152aeb74d690>,61,3,[ 1 11],81,131,134,50,107
1,<environment.Job instance at 0x152aecab40a0>,62,2,[1 9],82,134,136,52,107
1,<environment.Job instance at 0x152aecab48c0>,63,2,[2 5],83,119,121,36,107
1,<environment.Job instance at 0x152aecab4a00>,64,3,[1 5],86,121,124,35,107
1,<environment.Job instance at 0x152aecab4dc0>,65,1,[8 1],87,136,137,49,108
1,<environment.Job instance at 0x152aecab4b90>,66,2,[8 2],88,137,139,49,110
1,<environment.Job instance at 0x152aecab4190>,67,14,[9 2],89,139,153,50,124
1,<environment.Job instance at 0x152aecab4500>,68,2,[5 2],90,134,136,44,124
1,<environment.Job instance at 0x152aecab4140>,69,3,[1 5],91,124,127,33,124
1,<environment.Job instance at 0x152aecab4f00>,70,1,[1 5],93,127,128,34,124
1,<environment.Job instance at 0x152aecab4e60>,71,16,[8 1],94,153,169,59,140
1,<environment.Job instance at 0x152aecab4410>,72,14,[2 8],95,140,154,45,140
1,<environment.Job instance at 0x152aecabd2d0>,73,15,[8 2],96,169,184,73,155
1,<environment.Job instance at 0x152aecabd0f0>,74,3,[1 7],98,155,158,57,155
1,<environment.Job instance at 0x152aecabd3c0>,75,3,[7 1],99,158,161,59,155
1,<environment.Job instance at 0x152aecabd4b0>,76,2,[2 7],100,155,157,55,155
1,<environment.Job instance at 0x152aecabd550>,77,14,[ 2 10],101,161,175,60,155
1,<environment.Job instance at 0x152aecabd5f0>,78,1,[1 9],102,175,176,73,155
1,<environment.Job instance at 0x152aecabd690>,79,18,[5 2],103,161,179,58,155
1,<environment.Job instance at 0x152aecabd230>,80,2,[1 8],105,176,178,71,155
1,<environment.Job instance at 0x152aecabd870>,81,16,[1 6],106,178,194,72,165
1,<environment.Job instance at 0x152aecabd820>,82,3,[2 6],108,179,182,71,165
1,<environment.Job instance at 0x152aecabdeb0>,83,14,[10  1],109,184,198,75,169
1,<environment.Job instance at 0x152af29cb6e0>,11,2,[9 1],18,471,473,453,471
1,<environment.Job instance at 0x152aeda197d0>,30,1,[14  1],41,562,563,521,562
1,<environment.Job instance at 0x152af36a7dc0>,12,12,[5 2],19,2137,2149,2118,2137
1,<environment.Job instance at 0x152aec635140>,20,14,[9 2],29,29,43,0,29
1,<environment.Job instance at 0x152aecb6cb40>,21,16,[8 2],31,43,59,12,31
1,<environment.Job instance at 0x152ae7fb6dc0>,22,3,[1 5],32,32,35,0,32
1,<environment.Job instance at 0x152ae7fb6fa0>,23,2,[5 2],33,33,35,0,33
1,<environment.Job instance at 0x152aec80e730>,24,13,[8 1],35,59,72,24,43
1,<environment.Job instance at 0x152aec80e870>,25,1,[7 2],36,43,44,7,43
1,<environment.Job instance at 0x152aec80e230>,26,2,[2 8],37,44,46,7,43
1,<environment.Job instance at 0x152aec80eb40>,27,12,[9 1],38,72,84,34,55
1,<environment.Job instance at 0x152aec80ef50>,28,3,[9 2],40,84,87,44,58
1,<environment.Job instance at 0x152aecabbe10>,29,1,[ 2 10],41,58,59,17,58
1,<environment.Job instance at 0x152ae81af0a0>,30,2,[6 2],42,59,61,17,58
1,<environment.Job instance at 0x152b150f6f00>,31,1,[1 5],44,59,60,15,58
1,<environment.Job instance at 0x152b150f68c0>,32,2,[5 2],45,61,63,16,58
1,<environment.Job instance at 0x152b150f6c80>,33,2,[8 1],46,87,89,41,60
1,<environment.Job instance at 0x152b150f6190>,34,2,[8 1],47,89,91,42,62
1,<environment.Job instance at 0x152b150f60a0>,35,17,[ 2 10],48,62,79,14,62
1,<environment.Job instance at 0x152b150f6230>,36,3,[10  2],49,91,94,42,65
1,<environment.Job instance at 0x152b150f6640>,37,18,[2 5],50,79,97,29,68
1,<environment.Job instance at 0x152aeb3dfc30>,38,3,[2 7],51,79,82,28,68
1,<environment.Job instance at 0x152aeb3dff00>,39,18,[ 2 11],52,97,115,45,86
1,<environment.Job instance at 0x152aeb3dfaf0>,40,2,[1 6],53,86,88,33,86
1,<environment.Job instance at 0x152aeb3df780>,41,16,[1 9],54,115,131,61,102
1,<environment.Job instance at 0x152aeb3df230>,42,2,[ 1 13],55,131,133,76,104
1,<environment.Job instance at 0x152aeb3df820>,43,13,[8 1],56,104,117,48,104
1,<environment.Job instance at 0x152aeb3dfeb0>,44,1,[6 1],57,115,116,58,104
1,<environment.Job instance at 0x152aeb3dfb90>,45,2,[ 1 10],58,133,135,75,106
1,<environment.Job instance at 0x152aeb5827d0>,46,1,[5 1],59,106,107,47,106
1,<environment.Job instance at 0x152aec81b730>,47,3,[5 2],60,107,110,47,106
1,<environment.Job instance at 0x152ae91d78c0>,48,17,[6 2],64,116,133,52,106
1,<environment.Job instance at 0x152aec7495a0>,49,3,[5 2],65,110,113,45,106
1,<environment.Job instance at 0x152aec7498c0>,50,15,[10  2],66,133,148,67,119
1,<environment.Job instance at 0x152aeb4e65a0>,51,2,[8 2],67,119,121,52,119
1,<environment.Job instance at 0x152aec749f50>,52,2,[11  1],68,148,150,80,121
1,<environment.Job instance at 0x152ae8a7faa0>,53,1,[8 2],69,121,122,52,121
1,<environment.Job instance at 0x152ae8a7f730>,54,12,[1 8],70,135,147,65,121
1,<environment.Job instance at 0x152ae8a7fcd0>,55,28,[ 2 10],71,147,175,76,146
1,<environment.Job instance at 0x152aeb317b40>,57,14,[2 5],76,155,169,79,155
1,<environment.Job instance at 0x152aec8379b0>,72,2,[ 1 11],97,175,177,78,155
1,<environment.Job instance at 0x152aec837f00>,73,2,[1 8],98,177,179,79,155
1,<environment.Job instance at 0x152ae9172640>,74,16,[ 1 12],99,179,195,80,166
1,<environment.Job instance at 0x152aec837c80>,75,1,[1 5],100,169,170,69,166
1,<environment.Job instance at 0x152aec837410>,76,3,[2 8],101,195,198,94,169
1,<environment.Job instance at 0x152aea7af9b0>,12,26,[5 2],22,22,48,0,22
1,<environment.Job instance at 0x152af2a12e60>,22,1,[9 1],38,38,39,0,38
1,<environment.Job instance at 0x152af2b430a0>,23,23,[9 1],40,40,63,0,40
1,<environment.Job instance at 0x152af3713320>,24,14,[10  1],41,63,77,22,48
1,<environment.Job instance at 0x152af29f2910>,25,18,[1 7],42,48,66,6,48
1,<environment.Job instance at 0x152ae8991370>,26,16,[9 2],43,77,93,34,64
1,<environment.Job instance at 0x152af3713aa0>,27,2,[1 5],44,64,66,20,64
1,<environment.Job instance at 0x152ae920e910>,28,1,[2 5],45,66,67,21,64
1,<environment.Job instance at 0x152ae88804b0>,29,12,[5 1],48,67,79,19,64
1,<environment.Job instance at 0x152ae88f7280>,30,1,[10  1],50,93,94,43,65
1,<environment.Job instance at 0x152ae8880460>,31,1,[7 1],51,94,95,43,66
1,<environment.Job instance at 0x152ae8880410>,32,2,[10  1],52,95,97,43,68
1,<environment.Job instance at 0x152ae8880d70>,33,1,[6 2],53,79,80,26,68
1,<environment.Job instance at 0x152aeb571a00>,34,3,[6 2],54,80,83,26,68
1,<environment.Job instance at 0x152ae886fb40>,35,3,[2 5],58,83,86,25,68
1,<environment.Job instance at 0x152ae8015230>,36,2,[5 1],59,86,88,27,68
1,<environment.Job instance at 0x152ae886f960>,37,18,[2 9],61,88,106,27,77
1,<environment.Job instance at 0x152ae8015410>,38,13,[2 8],63,106,119,43,90
1,<environment.Job instance at 0x152ae8015af0>,39,3,[1 9],64,119,122,55,93
1,<environment.Job instance at 0x152ae812b0f0>,40,3,[2 7],66,106,109,40,93
1,<environment.Job instance at 0x152ae812bbe0>,41,3,[2 9],67,122,125,55,96
1,<environment.Job instance at 0x152ae812b780>,42,3,[6 1],69,97,100,28,96
1,<environment.Job instance at 0x152ae851fdc0>,43,18,[7 2],70,109,127,39,98
1,<environment.Job instance at 0x152af2b32a50>,44,15,[2 7],71,125,140,54,111
1,<environment.Job instance at 0x152af2b32aa0>,45,2,[9 1],72,127,129,55,111
1,<environment.Job instance at 0x152af2b326e0>,46,2,[14  2],74,140,142,66,113
1,<environment.Job instance at 0x152af37458c0>,47,3,[ 1 10],75,140,143,65,114
1,<environment.Job instance at 0x152af3745b90>,48,1,[14  2],76,142,143,66,114
1,<environment.Job instance at 0x152af3745f50>,49,2,[6 2],77,114,116,37,114
1,<environment.Job instance at 0x152af3745be0>,50,13,[6 1],78,143,156,65,127
1,<environment.Job instance at 0x152aeb2cf5a0>,51,2,[1 9],79,143,145,64,127
1,<environment.Job instance at 0x152aeb2cf730>,52,3,[6 2],80,129,132,49,127
1,<environment.Job instance at 0x152aeb2cfaa0>,53,3,[5 2],82,129,132,47,127
1,<environment.Job instance at 0x152af2b23280>,54,2,[1 8],83,132,134,49,127
1,<environment.Job instance at 0x152af2b23730>,55,17,[9 1],84,145,162,61,133
1,<environment.Job instance at 0x152af2b234b0>,56,2,[2 8],87,134,136,47,133
1,<environment.Job instance at 0x152af2b23cd0>,57,14,[2 8],88,156,170,68,141
1,<environment.Job instance at 0x152af2b23a00>,58,1,[10  2],89,162,163,73,141
1,<environment.Job instance at 0x152af2b23050>,59,17,[7 2],91,163,180,72,151
1,<environment.Job instance at 0x152af29d0550>,60,13,[8 1],94,170,183,76,154
1,<environment.Job instance at 0x152af29d0320>,61,2,[10  1],95,183,185,88,156
1,<environment.Job instance at 0x152af29d06e0>,62,18,[8 1],97,185,203,88,174
1,<environment.Job instance at 0x152af29d0eb0>,63,1,[6 2],98,180,181,82,174
1,<environment.Job instance at 0x152ae89b1780>,64,1,[6 1],99,181,182,82,174
1,<environment.Job instance at 0x152ae82246e0>,65,1,[8 1],100,203,204,103,175
1,<environment.Job instance at 0x152aeb259320>,66,1,[5 1],103,182,183,79,175
1,<environment.Job instance at 0x152b150eec30>,67,2,[1 9],104,180,182,76,175
1,<environment.Job instance at 0x152aeb4635f0>,68,3,[ 2 10],106,182,185,76,175
1,<environment.Job instance at 0x152b150ee140>,69,2,[7 1],108,185,187,77,175
1,<environment.Job instance at 0x152ae7f245a0>,0,2,[ 1 10],1,1,3,0,1
1,<environment.Job instance at 0x152aeb566460>,1,1,[ 2 10],2,4,5,2,4
1,<environment.Job instance at 0x152ae88bd3c0>,15,3,[1 5],23,23,26,0,23
1,<environment.Job instance at 0x152af2ba0910>,16,14,[1 7],24,24,38,0,24
1,<environment.Job instance at 0x152b150d2dc0>,17,2,[1 8],26,31,33,5,31
1,<environment.Job instance at 0x152ae812dcd0>,18,12,[5 2],27,33,45,6,31
1,<environment.Job instance at 0x152ae812de60>,19,1,[2 9],28,38,39,10,31
1,<environment.Job instance at 0x152aeb37e730>,20,1,[10  2],29,39,40,10,31
1,<environment.Job instance at 0x152ae8238a50>,21,2,[5 2],32,33,35,1,32
1,<environment.Job instance at 0x152aeb533c80>,22,2,[10  1],33,40,42,7,33
1,<environment.Job instance at 0x152ae80361e0>,23,17,[7 1],35,42,59,7,35
1,<environment.Job instance at 0x152ae82388c0>,24,1,[7 2],36,36,37,0,36
1,<environment.Job instance at 0x152ae837e7d0>,25,15,[7 1],37,45,60,8,37
1,<environment.Job instance at 0x152ae92980f0>,26,13,[5 2],43,59,72,16,43
1,<environment.Job instance at 0x152ae8036e60>,27,3,[1 9],44,44,47,0,44
1,<environment.Job instance at 0x152ae851f370>,28,1,[1 7],47,47,48,0,47
1,<environment.Job instance at 0x152aeb475b90>,29,14,[7 1],49,60,74,11,49
1,<environment.Job instance at 0x152aeb475280>,30,3,[6 2],50,72,75,22,50
1,<environment.Job instance at 0x152aecb97320>,31,17,[6 2],55,74,91,19,62
1,<environment.Job instance at 0x152aecb97aa0>,32,2,[8 1],56,75,77,19,62
1,<environment.Job instance at 0x152aecb97870>,33,3,[8 2],58,77,80,19,62
1,<environment.Job instance at 0x152aecb97910>,34,14,[10  2],59,91,105,32,76
1,<environment.Job instance at 0x152aecb979b0>,35,2,[2 6],60,80,82,20,76
1,<environment.Job instance at 0x152aecb97140>,36,17,[1 9],61,82,99,21,76
1,<environment.Job instance at 0x152aecb97370>,37,3,[1 6],62,76,79,14,76
1,<environment.Job instance at 0x152aecb97a00>,38,1,[8 1],63,82,83,19,76
1,<environment.Job instance at 0x152af370ce10>,39,1,[6 1],64,80,81,16,76
1,<environment.Job instance at 0x152af370c5f0>,40,1,[1 9],68,79,80,11,76
1,<environment.Job instance at 0x152af370c5a0>,41,3,[10  2],72,105,108,33,79
1,<environment.Job instance at 0x152ae85e8b40>,42,17,[6 1],73,108,125,35,96
1,<environment.Job instance at 0x152af0ce9dc0>,43,1,[2 8],74,99,100,25,96
1,<environment.Job instance at 0x152ae8620aa0>,44,2,[9 1],77,108,110,31,96
1,<environment.Job instance at 0x152ae81532d0>,45,18,[2 8],78,110,128,32,99
1,<environment.Job instance at 0x152ae8310f00>,46,13,[7 2],81,110,123,29,99
1,<environment.Job instance at 0x152ae8310500>,47,2,[6 2],82,123,125,41,99
1,<environment.Job instance at 0x152ae80f1eb0>,48,3,[5 2],87,100,103,13,99
1,<environment.Job instance at 0x152ae80f1c80>,49,3,[ 2 10],88,103,106,15,99
1,<environment.Job instance at 0x152ae83105f0>,50,3,[1 5],90,125,128,35,99
1,<environment.Job instance at 0x152ae87f5500>,51,1,[9 1],91,125,126,34,99
1,<environment.Job instance at 0x152ae87f5d70>,52,2,[1 7],93,106,108,13,99
1,<environment.Job instance at 0x152ae87f5dc0>,53,2,[2 5],94,106,108,12,99
1,<environment.Job instance at 0x152ae87f58c0>,54,16,[5 2],95,126,142,31,113
1,<environment.Job instance at 0x152aeb2fa050>,55,13,[ 1 13],96,128,141,32,113
1,<environment.Job instance at 0x152aeb2fa280>,56,2,[10  1],97,141,143,44,114
1,<environment.Job instance at 0x152aeb2fa820>,57,2,[8 1],98,143,145,45,116
1,<environment.Job instance at 0x152aeb2fa4b0>,58,3,[2 9],100,142,145,42,116
1,<environment.Job instance at 0x152aeb2fa3c0>,59,1,[1 9],101,145,146,44,117
1,<environment.Job instance at 0x152aeb2fae60>,60,18,[8 2],102,145,163,43,134
1,<environment.Job instance at 0x152aeb2fa140>,61,2,[5 1],103,143,145,40,134
1,<environment.Job instance at 0x152aeb2fad70>,62,3,[2 5],104,146,149,42,134
1,<environment.Job instance at 0x152aeb2fa640>,63,1,[6 1],105,145,146,40,134
1,<environment.Job instance at 0x152aeb313780>,64,1,[5 2],107,146,147,39,134
1,<environment.Job instance at 0x152aeb313460>,65,1,[6 1],108,149,150,41,134
1,<environment.Job instance at 0x152aeb3ab6e0>,13,1,[5 2],21,560,561,539,560
1,<environment.Job instance at 0x152b151108c0>,11,2,[14  1],17,1624,1626,1607,1624
1,<environment.Job instance at 0x154af0427d70>,23,2,[8 1],31,51,53,20,51
1,<environment.Job instance at 0x154af0372c30>,24,12,[ 1 10],32,51,63,19,51
1,<environment.Job instance at 0x154af0401d20>,25,2,[2 8],34,63,65,29,52
1,<environment.Job instance at 0x154af0428c80>,26,1,[2 7],35,63,64,28,53
1,<environment.Job instance at 0x154af0428b40>,27,2,[2 7],36,64,66,28,53
1,<environment.Job instance at 0x154af0428aa0>,28,2,[2 7],37,65,67,28,54
1,<environment.Job instance at 0x154af031cfa0>,29,16,[10  2],39,66,82,27,54
1,<environment.Job instance at 0x154af031c410>,30,15,[2 9],40,67,82,27,54
1,<environment.Job instance at 0x154af031ca00>,31,3,[9 2],41,54,57,13,54
1,<environment.Job instance at 0x154af031ca50>,32,3,[2 9],42,82,85,40,56
1,<environment.Job instance at 0x154af031c960>,33,1,[2 7],43,85,86,42,57
1,<environment.Job instance at 0x154af031c460>,34,15,[11  1],44,82,97,38,68
1,<environment.Job instance at 0x154af031c230>,35,2,[1 8],45,86,88,41,68
1,<environment.Job instance at 0x154af031c870>,36,3,[10  2],48,97,100,49,71
1,<environment.Job instance at 0x154af036ac30>,37,2,[ 1 10],50,88,90,38,71
1,<environment.Job instance at 0x154af036aaf0>,38,1,[8 1],51,100,101,49,72
1,<environment.Job instance at 0x154af02ff500>,39,3,[1 5],52,82,85,30,72
1,<environment.Job instance at 0x154af02ffd20>,40,3,[1 6],53,85,88,32,72
1,<environment.Job instance at 0x154af02ff550>,41,25,[12  2],54,101,126,47,97
1,<environment.Job instance at 0x154af02ffbe0>,42,1,[10  1],56,126,127,70,98
1,<environment.Job instance at 0x154af0305780>,43,3,[7 2],57,127,130,70,101
1,<environment.Job instance at 0x154af03056e0>,44,3,[1 8],58,101,104,43,101
1,<environment.Job instance at 0x154af03059b0>,45,3,[2 8],60,104,107,44,101
1,<environment.Job instance at 0x154af0305aa0>,46,2,[2 8],61,107,109,46,101
1,<environment.Job instance at 0x154af0305c30>,47,1,[1 6],63,109,110,46,101
1,<environment.Job instance at 0x154af03051e0>,48,1,[2 9],65,110,111,45,101
1,<environment.Job instance at 0x154af0305b40>,49,16,[8 2],66,127,143,61,114
1,<environment.Job instance at 0x154af0305d70>,50,12,[9 1],68,143,155,75,126
1,<environment.Job instance at 0x154af0301cd0>,51,2,[8 2],69,155,157,86,128
1,<environment.Job instance at 0x154af0301370>,52,2,[1 7],72,130,132,58,128
1,<environment.Job instance at 0x154af03013c0>,53,3,[6 1],73,130,133,57,128
1,<environment.Job instance at 0x154af0301fa0>,54,2,[2 5],75,133,135,58,128
1,<environment.Job instance at 0x154af0319dc0>,55,16,[2 5],76,133,149,57,128
1,<environment.Job instance at 0x154af0319370>,56,1,[10  2],79,157,158,78,129
1,<environment.Job instance at 0x154af0319870>,57,22,[1 5],80,135,157,55,129
1,<environment.Job instance at 0x154af0319eb0>,58,15,[2 9],82,157,172,75,143
1,<environment.Job instance at 0x154af0319780>,59,1,[1 9],85,149,150,64,144
1,<environment.Job instance at 0x154af0319e60>,60,17,[8 1],86,158,175,72,146
1,<environment.Job instance at 0x154af0319910>,61,3,[1 5],87,150,153,63,146
1,<environment.Job instance at 0x154af0377550>,62,3,[9 2],88,175,178,87,150
1,<environment.Job instance at 0x154af0319fa0>,63,3,[10  1],89,178,181,89,152
1,<environment.Job instance at 0x154af0319b40>,64,12,[9 1],91,181,193,90,164
1,<environment.Job instance at 0x154af0325820>,65,3,[2 9],92,172,175,80,164
1,<environment.Job instance at 0x154af0325280>,66,3,[1 9],93,175,178,82,164
1,<environment.Job instance at 0x154af0325460>,67,1,[13  1],94,193,194,99,165
1,<environment.Job instance at 0x154af0325780>,68,3,[1 9],95,178,181,83,165
1,<environment.Job instance at 0x154af0329aa0>,69,1,[2 5],96,165,166,69,165
1,<environment.Job instance at 0x154af03174b0>,70,2,[ 2 10],97,181,183,84,165
1,<environment.Job instance at 0x154aefe62dc0>,71,3,[2 9],99,183,186,84,165
1,<environment.Job instance at 0x154aefe66370>,72,13,[7 2],102,194,207,92,178
1,<environment.Job instance at 0x154aefe66cd0>,73,2,[6 2],103,186,188,83,178
1,<environment.Job instance at 0x154aefe66b40>,74,3,[6 2],106,188,191,82,178
1,<environment.Job instance at 0x154aefe66460>,75,1,[1 6],107,191,192,84,178
1,<environment.Job instance at 0x154aefe4adc0>,76,2,[2 5],108,178,180,70,178
1,<environment.Job instance at 0x154af032d4b0>,77,2,[ 1 10],109,192,194,83,178
1,<environment.Job instance at 0x154af032d6e0>,78,3,[2 9],110,194,197,84,178
1,<environment.Job instance at 0x154aefe698c0>,79,3,[7 2],111,197,200,86,178
1,<environment.Job instance at 0x154aefe69c80>,80,14,[7 1],112,200,214,88,185
1,<environment.Job instance at 0x154af03b8140>,81,3,[ 2 10],114,207,210,93,185
1,<environment.Job instance at 0x154aefe69820>,82,12,[2 8],115,210,222,95,193
1,<environment.Job instance at 0x154aefe69b90>,83,1,[10  1],117,214,215,97,193
1,<environment.Job instance at 0x154af0322b90>,84,2,[ 1 10],118,197,199,79,193
1,<environment.Job instance at 0x154af02c48c0>,21,3,[6 1],29,215,218,186,215
1,<environment.Job instance at 0x154af032a1e0>,20,2,[ 1 13],27,222,224,195,216
1,<environment.Job instance at 0x154af2393c30>,11,15,[10  2],15,15,30,0,15
1,<environment.Job instance at 0x154af2393730>,12,13,[ 1 10],16,16,29,0,16
1,<environment.Job instance at 0x154af2393500>,13,16,[8 1],17,30,46,13,17
1,<environment.Job instance at 0x154af2393870>,14,17,[1 9],19,29,46,10,19
1,<environment.Job instance at 0x154af2393640>,15,13,[2 9],20,46,59,26,30
1,<environment.Job instance at 0x154af23935a0>,16,1,[2 8],21,59,60,38,31
1,<environment.Job instance at 0x154af2393eb0>,17,1,[ 2 10],22,60,61,38,32
1,<environment.Job instance at 0x154af2393550>,18,1,[ 2 14],23,61,62,38,33
1,<environment.Job instance at 0x154af2393460>,19,1,[8 2],24,46,47,22,33
1,<environment.Job instance at 0x154af2393dc0>,20,15,[5 1],25,33,48,8,33
1,<environment.Job instance at 0x154af2393370>,21,18,[1 8],26,62,80,36,51
1,<environment.Job instance at 0x154af2393960>,22,2,[ 1 10],30,80,82,50,53
1,<environment.Job instance at 0x154af2393f00>,23,3,[11  2],31,53,56,22,53
1,<environment.Job instance at 0x154af2386c30>,24,3,[ 2 10],32,82,85,50,56
1,<environment.Job instance at 0x154af23860f0>,25,3,[2 5],33,56,59,23,56
1,<environment.Job instance at 0x154af23860a0>,26,1,[8 1],34,56,57,22,56
1,<environment.Job instance at 0x154af2386280>,27,3,[5 2],36,62,65,26,56
1,<environment.Job instance at 0x154af2386dc0>,28,15,[9 2],37,62,77,25,56
1,<environment.Job instance at 0x154af23867d0>,29,18,[2 6],38,85,103,47,74
1,<environment.Job instance at 0x154af2386be0>,30,1,[1 6],39,77,78,38,74
1,<environment.Job instance at 0x154af2386690>,31,1,[1 7],40,78,79,38,74
1,<environment.Job instance at 0x154af23869b0>,32,3,[9 1],43,79,82,36,74
1,<environment.Job instance at 0x154af2386550>,33,3,[12  1],44,82,85,38,74
1,<environment.Job instance at 0x154af2386640>,34,1,[1 8],46,85,86,39,74
1,<environment.Job instance at 0x154af23f1eb0>,35,15,[1 6],47,86,101,39,74
1,<environment.Job instance at 0x154af23f1690>,36,3,[7 2],48,86,89,38,74
1,<environment.Job instance at 0x154af23f1be0>,37,2,[1 8],49,101,103,52,74
1,<environment.Job instance at 0x154af23f1960>,38,3,[1 7],51,103,106,52,77
1,<environment.Job instance at 0x154af23f1550>,39,13,[ 1 14],52,106,119,54,90
1,<environment.Job instance at 0x154af23f1870>,40,27,[1 8],53,119,146,66,117
1,<environment.Job instance at 0x154af23f15a0>,41,3,[1 9],54,146,149,92,120
1,<environment.Job instance at 0x154af23f1500>,42,2,[7 2],55,120,122,65,120
1,<environment.Job instance at 0x154af23f1410>,43,12,[6 1],56,120,132,64,120
1,<environment.Job instance at 0x154af23f19b0>,44,28,[2 8],59,149,177,90,148
1,<environment.Job instance at 0x154af23f1280>,45,3,[5 1],63,148,151,85,148
1,<environment.Job instance at 0x154af23ff0f0>,46,15,[1 7],65,151,166,86,148
1,<environment.Job instance at 0x154af23ff320>,47,3,[ 2 10],66,177,180,111,151
1,<environment.Job instance at 0x154af23ffaa0>,48,2,[1 9],68,180,182,112,154
1,<environment.Job instance at 0x154af23ff190>,49,2,[ 2 10],71,182,184,111,155
1,<environment.Job instance at 0x154af23ffaf0>,50,3,[5 2],72,166,169,94,155
1,<environment.Job instance at 0x154af23ff6e0>,51,15,[2 7],73,184,199,111,170
1,<environment.Job instance at 0x154af23ff820>,52,2,[ 2 10],74,199,201,125,172
1,<environment.Job instance at 0x154af23ffeb0>,53,2,[2 9],75,201,203,126,174
1,<environment.Job instance at 0x154af23ff050>,54,17,[ 2 10],76,203,220,127,191
1,<environment.Job instance at 0x154af24250a0>,55,19,[ 1 10],78,220,239,142,210
1,<environment.Job instance at 0x154af2425e10>,56,2,[9 1],79,210,212,131,210
1,<environment.Job instance at 0x154af2425eb0>,57,3,[5 2],80,212,215,132,210
1,<environment.Job instance at 0x154af2425820>,58,2,[ 1 10],81,239,241,158,212
1,<environment.Job instance at 0x154af24251e0>,59,13,[ 2 10],82,241,254,159,225
1,<environment.Job instance at 0x154af24254b0>,60,1,[1 7],83,254,255,171,226
1,<environment.Job instance at 0x154af24253c0>,61,1,[2 9],84,255,256,171,233
1,<environment.Job instance at 0x154af2425aa0>,62,15,[1 7],85,256,271,171,242
1,<environment.Job instance at 0x154af2425960>,63,3,[ 2 10],87,271,274,184,245
1,<environment.Job instance at 0x154af2425280>,64,14,[10  1],89,245,259,156,245
1,<environment.Job instance at 0x154af238c5f0>,65,12,[7 1],90,259,271,169,245
1,<environment.Job instance at 0x154af238cc30>,66,2,[8 2],91,271,273,180,245
1,<environment.Job instance at 0x154af238cf50>,67,3,[8 1],92,273,276,181,247
1,<environment.Job instance at 0x154af238ca00>,68,2,[2 5],93,254,256,161,247
1,<environment.Job instance at 0x154af238c2d0>,69,3,[6 1],94,259,262,165,247
1,<environment.Job instance at 0x154af238c730>,70,2,[10  1],95,276,278,181,249
1,<environment.Job instance at 0x154af238c960>,71,3,[ 2 10],97,274,277,177,249
1,<environment.Job instance at 0x154af238c780>,72,18,[8 1],98,278,296,180,267
1,<environment.Job instance at 0x154af238c4b0>,73,16,[1 6],99,277,293,178,267
1,<environment.Job instance at 0x154af238c0a0>,74,17,[1 6],101,277,294,176,267
1,<environment.Job instance at 0x154af238caf0>,75,17,[7 1],102,294,311,192,282
1,<environment.Job instance at 0x154af238cb40>,76,1,[2 6],103,293,294,190,282
1,<environment.Job instance at 0x154af238c460>,77,16,[9 1],106,311,327,205,298
1,<environment.Job instance at 0x154af238ce10>,78,15,[9 2],110,327,342,217,313
1,<environment.Job instance at 0x154af238c1e0>,79,1,[9 1],111,342,343,231,314
1,<environment.Job instance at 0x154af238c8c0>,80,12,[1 5],112,314,326,202,314
1,<environment.Job instance at 0x154af238c230>,81,2,[6 2],113,326,328,213,314
1,<environment.Job instance at 0x154af2497690>,82,1,[9 1],115,343,344,228,315
1,<environment.Job instance at 0x154af2497730>,83,2,[8 1],116,344,346,228,317
1,<environment.Job instance at 0x154af24972d0>,84,1,[ 1 10],117,328,329,211,317
1,<environment.Job instance at 0x154af24975f0>,85,2,[1 5],119,317,319,198,317
1,<environment.Job instance at 0x154af3815f50>,13,2,[ 2 12],26,30,32,4,30
1,<environment.Job instance at 0x154af3815f00>,15,15,[2 8],28,32,47,4,30
1,<environment.Job instance at 0x154af3815820>,16,16,[1 7],29,32,48,3,30
1,<environment.Job instance at 0x154af23b7cd0>,17,13,[ 1 11],31,48,61,17,32
1,<environment.Job instance at 0x154af23b70f0>,18,2,[6 2],32,47,49,15,32
1,<environment.Job instance at 0x154af23825a0>,19,1,[1 5],33,47,48,14,33
1,<environment.Job instance at 0x154af2382410>,20,16,[1 7],34,61,77,27,48
1,<environment.Job instance at 0x154af2382910>,21,3,[ 2 10],35,77,80,42,51
1,<environment.Job instance at 0x154af23824b0>,22,3,[ 1 13],36,80,83,44,54
1,<environment.Job instance at 0x154af2382460>,23,3,[1 5],39,61,64,22,54
1,<environment.Job instance at 0x154af23a9eb0>,24,21,[ 2 13],40,83,104,43,75
1,<environment.Job instance at 0x154af23a9730>,28,2,[8 2],45,75,77,30,75
1,<environment.Job instance at 0x154af37e3320>,29,3,[1 7],46,104,107,58,78
1,<environment.Job instance at 0x154af37e3460>,30,18,[8 1],47,78,96,31,78
1,<environment.Job instance at 0x154af37e3690>,31,1,[5 2],48,78,79,30,78
1,<environment.Job instance at 0x154af26e3e60>,32,1,[1 8],49,104,105,55,78
1,<environment.Job instance at 0x154af26e3190>,33,3,[1 7],50,105,108,55,79
1,<environment.Job instance at 0x154af26e3320>,34,2,[5 2],52,96,98,44,79
1,<environment.Job instance at 0x154af26e3370>,35,2,[1 7],54,107,109,53,80
1,<environment.Job instance at 0x154af37ffbe0>,36,2,[5 2],55,98,100,43,80
1,<environment.Job instance at 0x154af37ff640>,37,1,[1 6],57,108,109,51,80
1,<environment.Job instance at 0x154af384c460>,38,12,[7 1],58,105,117,47,88
1,<environment.Job instance at 0x154af384c140>,42,1,[2 5],64,109,110,45,88
1,<environment.Job instance at 0x154af384ca50>,43,3,[1 8],65,109,112,44,88
1,<environment.Job instance at 0x154af384c9b0>,44,12,[7 2],67,110,122,43,93
1,<environment.Job instance at 0x154af384c410>,45,2,[7 2],69,100,102,31,93
1,<environment.Job instance at 0x154af384c3c0>,46,3,[ 2 10],71,117,120,46,93
1,<environment.Job instance at 0x154af26e60a0>,47,14,[8 2],72,120,134,48,105
1,<environment.Job instance at 0x154af384c690>,48,2,[2 5],74,122,124,48,105
1,<environment.Job instance at 0x154af261fc30>,49,1,[ 2 10],75,124,125,49,105
1,<environment.Job instance at 0x154af261f0a0>,50,14,[8 1],76,134,148,58,119
1,<environment.Job instance at 0x154af261f9b0>,52,3,[7 2],78,125,128,47,119
1,<environment.Job instance at 0x154af39160f0>,53,21,[7 2],80,128,149,48,120
1,<environment.Job instance at 0x154af3916870>,54,13,[5 2],81,148,161,67,132
1,<environment.Job instance at 0x154af3916640>,55,3,[1 9],82,148,151,66,132
1,<environment.Job instance at 0x154af3916280>,56,1,[6 1],83,149,150,66,132
1,<environment.Job instance at 0x154af39163c0>,57,3,[5 1],84,150,153,66,132
1,<environment.Job instance at 0x154af26e4a50>,58,3,[1 7],89,151,154,62,132
1,<environment.Job instance at 0x154af26e4fa0>,59,12,[7 1],91,153,165,62,136
1,<environment.Job instance at 0x154af26e4230>,60,20,[8 2],92,161,181,69,152
1,<environment.Job instance at 0x154af37f6500>,11,1,[7 2],23,165,166,142,152
1,<environment.Job instance at 0x154af26e4640>,61,2,[10  1],93,181,183,88,154
1,<environment.Job instance at 0x154af25603c0>,63,3,[1 8],98,154,157,56,154
1,<environment.Job instance at 0x154af2560500>,64,2,[2 7],101,157,159,56,154
1,<environment.Job instance at 0x154af2560780>,65,2,[9 2],102,183,185,81,156
1,<environment.Job instance at 0x154af25600a0>,66,3,[5 2],103,166,169,63,156
1,<environment.Job instance at 0x154af26e0230>,67,16,[7 2],104,185,201,81,172
1,<environment.Job instance at 0x154af26e0e10>,68,1,[ 2 10],105,172,173,67,172
1,<environment.Job instance at 0x154af26e08c0>,69,18,[5 2],107,172,190,65,172
1,<environment.Job instance at 0x154af26e0730>,70,1,[1 8],108,173,174,65,172
1,<environment.Job instance at 0x154af26e0dc0>,71,13,[1 7],110,183,196,73,172
1,<environment.Job instance at 0x154af26e0a00>,72,12,[2 9],113,196,208,83,179
1,<environment.Job instance at 0x154af26e0550>,73,3,[5 2],114,190,193,76,179
1,<environment.Job instance at 0x154af26e0be0>,74,2,[ 2 10],115,179,181,64,179
1,<environment.Job instance at 0x154af26e0370>,75,15,[8 2],116,201,216,85,187
1,<environment.Job instance at 0x154af26e0b40>,76,17,[10  1],118,216,233,98,204
1,<environment.Job instance at 0x154af63c3690>,6,1,[1 9],13,15,16,2,15
1,<environment.Job instance at 0x154af63c3910>,7,3,[1 8],14,16,19,2,16
1,<environment.Job instance at 0x154af63c3960>,8,1,[9 2],15,20,21,5,20
1,<environment.Job instance at 0x154af63c3e10>,9,18,[ 1 10],16,20,38,4,20
1,<environment.Job instance at 0x154af63c3be0>,10,2,[1 6],18,38,40,20,20
1,<environment.Job instance at 0x154aef806190>,11,3,[ 2 10],20,40,43,20,20
1,<environment.Job instance at 0x154afd48c960>,12,1,[7 2],21,24,25,3,24
1,<environment.Job instance at 0x154b2c479960>,13,3,[9 1],22,25,28,3,24
1,<environment.Job instance at 0x154afc034320>,14,16,[9 1],23,28,44,5,24
1,<environment.Job instance at 0x154af3c76140>,15,1,[6 2],25,43,44,18,25
1,<environment.Job instance at 0x154afd490820>,16,3,[2 7],26,44,47,18,26
1,<environment.Job instance at 0x154afd490050>,17,14,[7 2],27,44,58,17,29
1,<environment.Job instance at 0x154af3bd0460>,18,2,[ 1 10],29,47,49,18,29
1,<environment.Job instance at 0x154af3caafa0>,19,3,[10  2],30,58,61,28,32
1,<environment.Job instance at 0x154afc043a00>,20,2,[2 9],31,49,51,18,32
1,<environment.Job instance at 0x154af63bf820>,21,3,[9 1],34,61,64,27,35
1,<environment.Job instance at 0x154afdb31690>,22,18,[6 2],36,61,79,25,50
1,<environment.Job instance at 0x154aef72b4b0>,23,16,[1 5],38,64,80,26,51
1,<environment.Job instance at 0x154afc009aa0>,24,3,[5 1],40,52,55,12,52
1,<environment.Job instance at 0x154afc009230>,25,14,[1 6],42,64,78,22,52
1,<environment.Job instance at 0x154afdaf3140>,26,2,[5 1],43,55,57,12,52
1,<environment.Job instance at 0x154afdaf30a0>,27,1,[2 7],44,52,53,8,52
1,<environment.Job instance at 0x154af273fb90>,28,2,[10  2],45,79,81,34,52
1,<environment.Job instance at 0x154afdabc140>,29,2,[6 1],46,64,66,18,52
1,<environment.Job instance at 0x154af3ca2eb0>,30,3,[9 2],48,81,84,33,55
1,<environment.Job instance at 0x154afdae17d0>,31,3,[6 2],51,66,69,15,55
1,<environment.Job instance at 0x154afdae1cd0>,32,2,[5 2],52,57,59,5,55
1,<environment.Job instance at 0x154b2c1d3140>,33,3,[1 7],53,55,58,2,55
1,<environment.Job instance at 0x154b2c1d33c0>,34,2,[9 2],55,84,86,29,57
1,<environment.Job instance at 0x154af3ca7280>,35,1,[7 2],56,69,70,13,57
1,<environment.Job instance at 0x154af3ca7410>,36,3,[1 7],58,78,81,20,58
1,<environment.Job instance at 0x154af3ca7eb0>,37,14,[1 6],59,80,94,21,65
1,<environment.Job instance at 0x154af3ca7c30>,38,14,[1 9],60,86,100,26,73
1,<environment.Job instance at 0x154af3c98410>,39,3,[6 1],63,74,77,11,74
1,<environment.Job instance at 0x154af3c987d0>,40,26,[9 1],64,94,120,30,91
1,<environment.Job instance at 0x154af3c98dc0>,41,2,[2 9],65,100,102,35,91
1,<environment.Job instance at 0x154af3c98690>,42,2,[2 5],66,94,96,28,91
1,<environment.Job instance at 0x154af3c98be0>,43,16,[2 9],67,102,118,35,91
1,<environment.Job instance at 0x154af3c983c0>,44,12,[5 2],68,118,130,50,101
1,<environment.Job instance at 0x154af3c98910>,45,3,[8 1],69,120,123,51,101
1,<environment.Job instance at 0x154b2c0dc8c0>,46,3,[8 1],73,123,126,50,101
1,<environment.Job instance at 0x154b2c219c30>,47,1,[10  1],74,126,127,52,101
1,<environment.Job instance at 0x154afdaec870>,48,27,[1 7],75,127,154,52,125
1,<environment.Job instance at 0x154b2c219370>,49,15,[2 8],78,134,149,56,134
1,<environment.Job instance at 0x154afdc1fc80>,50,16,[2 8],79,149,165,70,136
1,<environment.Job instance at 0x154afdc1f9b0>,51,13,[ 2 10],82,165,178,83,149
1,<environment.Job instance at 0x154af3be2be0>,52,1,[2 6],83,158,159,75,158
1,<environment.Job instance at 0x154af3be2230>,53,2,[1 5],85,159,161,74,159
1,<environment.Job instance at 0x154b442dc2d0>,54,2,[8 1],86,159,161,73,159
1,<environment.Job instance at 0x154af3be2e60>,55,3,[2 9],87,178,181,91,159
1,<environment.Job instance at 0x154af27b27d0>,56,1,[5 1],89,161,162,72,160
1,<environment.Job instance at 0x154af23fdcd0>,57,3,[1 5],90,161,164,71,161
1,<environment.Job instance at 0x154aef9b2c80>,58,2,[1 9],91,181,183,90,161
1,<environment.Job instance at 0x154b46576690>,59,3,[2 8],92,183,186,91,166
1,<environment.Job instance at 0x154aef428960>,60,1,[1 8],95,186,187,91,167
1,<environment.Job instance at 0x154af236bd20>,61,16,[2 6],96,178,194,82,167
1,<environment.Job instance at 0x154aefa50af0>,62,3,[1 6],97,187,190,90,174
1,<environment.Job instance at 0x154af18d9910>,63,2,[8 2],98,174,176,76,174
1,<environment.Job instance at 0x154afdc05b40>,64,14,[9 1],100,183,197,83,174
1,<environment.Job instance at 0x154af36efaf0>,65,3,[10  1],101,197,200,96,174
1,<environment.Job instance at 0x154af3711910>,66,2,[1 7],102,190,192,88,174
1,<environment.Job instance at 0x154af36ef4b0>,67,15,[1 5],103,192,207,89,178
1,<environment.Job instance at 0x154b4d4397d0>,68,3,[1 9],104,194,197,90,178
1,<environment.Job instance at 0x154af3759870>,69,2,[1 8],106,197,199,91,178
1,<environment.Job instance at 0x154af3c09780>,70,2,[1 5],108,199,201,91,178
1,<environment.Job instance at 0x154af27638c0>,71,15,[10  1],109,200,215,91,186
1,<environment.Job instance at 0x154af3759a50>,72,1,[2 8],110,201,202,91,186
1,<environment.Job instance at 0x154af27631e0>,73,1,[8 2],111,215,216,104,187
1,<environment.Job instance at 0x154af0372050>,74,14,[14  1],112,216,230,104,201
1,<environment.Job instance at 0x154af370ac80>,75,2,[6 1],114,230,232,116,203
1,<environment.Job instance at 0x154af370ad70>,76,3,[10  1],116,232,235,116,206
1,<environment.Job instance at 0x154af2763e10>,77,3,[10  2],117,235,238,118,209
1,<environment.Job instance at 0x154aef8ed230>,4,2,[1 9],11,708,710,697,708
1,<environment.Job instance at 0x154afe7788c0>,17,1,[2 9],22,22,23,0,22
1,<environment.Job instance at 0x154aefbae0a0>,18,27,[ 2 10],23,23,50,0,23
1,<environment.Job instance at 0x154af3957e10>,24,3,[2 5],31,31,34,0,31
1,<environment.Job instance at 0x154af39573c0>,25,12,[6 1],32,34,46,2,32
1,<environment.Job instance at 0x154af3957690>,26,2,[5 2],33,34,36,1,33
1,<environment.Job instance at 0x154af39570f0>,27,1,[7 1],36,36,37,0,36
1,<environment.Job instance at 0x154b2c154c30>,14,2,[1 6],27,28,30,1,28
1,<environment.Job instance at 0x154b2c154780>,16,16,[2 7],31,31,47,0,31
1,<environment.Job instance at 0x154b2c1542d0>,17,1,[6 2],32,32,33,0,32
1,<environment.Job instance at 0x154b2c154190>,18,3,[10  2],34,34,37,0,34
1,<environment.Job instance at 0x154b2c154eb0>,19,3,[5 1],38,38,41,0,38
1,<environment.Job instance at 0x154b2c154f50>,20,1,[2 8],39,41,42,2,39
1,<environment.Job instance at 0x154af0e86e10>,21,2,[7 2],40,42,44,2,40
1,<environment.Job instance at 0x154af0e866e0>,23,3,[9 1],42,44,47,2,42
1,<environment.Job instance at 0x154af0e86640>,24,14,[2 8],43,47,61,4,43
1,<environment.Job instance at 0x154af0e86370>,25,2,[5 2],44,47,49,3,44
1,<environment.Job instance at 0x154af0e86230>,26,27,[1 7],45,49,76,4,47
1,<environment.Job instance at 0x154afe7bb690>,27,21,[1 8],46,61,82,15,53
1,<environment.Job instance at 0x154afe7bb320>,28,17,[2 8],47,82,99,35,70
1,<environment.Job instance at 0x154afe7bbdc0>,31,3,[9 2],52,76,79,24,70
1,<environment.Job instance at 0x154af286aeb0>,32,2,[5 1],53,76,78,23,70
1,<environment.Job instance at 0x154af286ad70>,36,15,[2 8],62,99,114,37,85
1,<environment.Job instance at 0x154af02e4d20>,39,2,[1 8],67,114,116,47,87
1,<environment.Job instance at 0x154af02e4c30>,40,1,[10  2],68,87,88,19,87
1,<environment.Job instance at 0x154af02e4500>,41,3,[2 8],69,116,119,47,92
1,<environment.Job instance at 0x154af02e40a0>,45,3,[6 2],77,92,95,15,92
1,<environment.Job instance at 0x154af02e43c0>,46,1,[8 1],79,95,96,16,92
1,<environment.Job instance at 0x154af02e4dc0>,47,3,[1 9],81,119,122,38,93
1,<environment.Job instance at 0x154af02e4230>,48,1,[2 9],84,122,123,38,94
1,<environment.Job instance at 0x154af02e4910>,49,2,[7 2],85,96,98,11,94
1,<environment.Job instance at 0x154af02e4780>,50,12,[7 1],86,98,110,12,94
1,<environment.Job instance at 0x154af23e0140>,51,13,[13  2],87,110,123,23,94
1,<environment.Job instance at 0x154af23e06e0>,52,3,[9 2],88,123,126,35,97
1,<environment.Job instance at 0x154af23e0280>,53,2,[7 1],91,126,128,35,99
1,<environment.Job instance at 0x154af23e07d0>,54,16,[ 1 10],92,123,139,31,110
1,<environment.Job instance at 0x154af23e0e60>,55,3,[2 5],94,128,131,34,110
1,<environment.Job instance at 0x154af23e0f00>,56,1,[8 1],95,131,132,36,110
1,<environment.Job instance at 0x154af23e0190>,57,28,[5 1],96,131,159,35,130
1,<environment.Job instance at 0x154af23e0870>,58,13,[8 2],97,132,145,35,130
1,<environment.Job instance at 0x154af23e0e10>,59,18,[5 1],98,145,163,47,134
1,<environment.Job instance at 0x154af23e0b40>,60,15,[6 1],99,159,174,60,145
1,<environment.Job instance at 0x154b2c1c5e10>,61,3,[6 2],100,163,166,63,145
1,<environment.Job instance at 0x154b2c1c5870>,62,1,[6 2],101,166,167,65,145
1,<environment.Job instance at 0x154b2c1c5820>,63,17,[9 2],103,167,184,64,155
1,<environment.Job instance at 0x154b2c1c5f50>,64,1,[7 1],104,184,185,80,156
1,<environment.Job instance at 0x154b2c1c55a0>,65,12,[2 8],105,174,186,69,157
1,<environment.Job instance at 0x154b2c1c5190>,66,3,[ 1 10],106,157,160,51,157
1,<environment.Job instance at 0x154b2c1c5eb0>,67,3,[1 5],107,160,163,53,157
1,<environment.Job instance at 0x154b2c1c5370>,68,3,[2 7],108,160,163,52,157
1,<environment.Job instance at 0x154b2c1c50f0>,69,13,[2 5],109,174,187,65,158
1,<environment.Job instance at 0x154b2c1c53c0>,70,2,[2 8],110,163,165,53,158
1,<environment.Job instance at 0x154b2c1c5960>,71,2,[5 1],111,185,187,74,158
1,<environment.Job instance at 0x154b2c1c5d20>,72,1,[6 2],116,186,187,70,158
1,<environment.Job instance at 0x154b2c1c5c80>,73,1,[1 9],117,165,166,48,158
1,<environment.Job instance at 0x154b2c1c54b0>,74,3,[7 1],118,187,190,69,161
1,<environment.Job instance at 0x154b2c1c55f0>,75,3,[7 2],119,187,190,68,161
1,<environment.Job instance at 0x154aef999730>,11,2,[ 1 10],20,190,192,170,190
1,<environment.Job instance at 0x154aef6b6320>,4,25,[8 1],9,9,34,0,9
1,<environment.Job instance at 0x154b2c0a2370>,12,16,[1 9],19,19,35,0,19
1,<environment.Job instance at 0x154b2c0a22d0>,13,3,[1 5],20,20,23,0,20
1,<environment.Job instance at 0x154b2c0a2d70>,14,12,[2 9],22,35,47,13,22
1,<environment.Job instance at 0x154af3ccf460>,15,3,[9 2],23,34,37,11,23
1,<environment.Job instance at 0x154b2c0a2f00>,16,13,[1 9],24,47,60,23,31
1,<environment.Job instance at 0x154b2c0a27d0>,17,2,[1 8],25,60,62,35,33
1,<environment.Job instance at 0x154af3ccfcd0>,18,12,[1 7],27,60,72,33,43
1,<environment.Job instance at 0x154af2365230>,19,1,[ 1 10],29,72,73,43,44
1,<environment.Job instance at 0x154af03deb90>,20,19,[2 5],30,62,81,32,52
1,<environment.Job instance at 0x154af3830c30>,21,17,[2 9],31,73,90,42,61
1,<environment.Job instance at 0x154af26c5af0>,25,1,[6 1],36,62,63,26,61
1,<environment.Job instance at 0x154aef92e4b0>,26,12,[ 1 10],37,90,102,53,73
1,<environment.Job instance at 0x154aef92ec30>,27,3,[2 7],39,102,105,63,76
1,<environment.Job instance at 0x154aef92e0a0>,28,1,[1 6],40,81,82,41,76
1,<environment.Job instance at 0x154aef92ea00>,29,3,[8 2],41,82,85,41,76
1,<environment.Job instance at 0x154b2c09b780>,30,1,[1 7],42,102,103,60,76
1,<environment.Job instance at 0x154b2c09b6e0>,31,1,[6 2],43,85,86,42,76
1,<environment.Job instance at 0x154aefbf4e10>,32,2,[2 7],44,103,105,59,76
1,<environment.Job instance at 0x154aefbf45a0>,33,16,[ 2 10],45,105,121,60,92
1,<environment.Job instance at 0x154afe51feb0>,35,14,[8 2],47,105,119,58,92
1,<environment.Job instance at 0x154afe51fb90>,36,2,[1 9],49,121,123,72,94
1,<environment.Job instance at 0x154afe51f230>,37,2,[7 2],50,94,96,44,94
1,<environment.Job instance at 0x154afe51ff00>,38,3,[5 2],52,94,97,42,94
1,<environment.Job instance at 0x154afe51f9b0>,39,13,[2 8],53,123,136,70,107
1,<environment.Job instance at 0x154afe51f5f0>,40,1,[8 1],54,119,120,65,107
1,<environment.Job instance at 0x154afe51f3c0>,41,1,[1 5],56,120,121,64,107
1,<environment.Job instance at 0x154afe51f780>,42,1,[10  1],58,121,122,63,107
1,<environment.Job instance at 0x154afe51f320>,43,1,[5 2],59,107,108,48,107
1,<environment.Job instance at 0x154afe51f5a0>,44,17,[10  1],60,122,139,62,110
1,<environment.Job instance at 0x154afe51f4b0>,45,25,[9 1],61,139,164,78,135
1,<environment.Job instance at 0x154af2856140>,46,1,[10  2],63,164,165,101,136
1,<environment.Job instance at 0x154af2856e10>,47,21,[ 2 10],64,136,157,72,136
1,<environment.Job instance at 0x154af2856320>,48,21,[2 5],65,157,178,92,149
1,<environment.Job instance at 0x154af28565a0>,49,15,[5 2],66,165,180,99,151
1,<environment.Job instance at 0x154af2856dc0>,50,3,[2 7],68,157,160,89,151
1,<environment.Job instance at 0x154af28568c0>,51,15,[7 2],69,165,180,96,151
1,<environment.Job instance at 0x154af2856730>,52,15,[6 1],70,180,195,110,166
1,<environment.Job instance at 0x154af2856230>,53,2,[2 9],71,178,180,107,166
1,<environment.Job instance at 0x154af2856640>,54,2,[1 5],72,166,168,94,166
1,<environment.Job instance at 0x154b2c092eb0>,55,16,[1 8],73,180,196,107,167
1,<environment.Job instance at 0x154af04274b0>,56,14,[2 6],75,180,194,105,167
1,<environment.Job instance at 0x154afdad6f50>,57,1,[9 1],76,195,196,119,167
1,<environment.Job instance at 0x154aef611140>,58,17,[2 5],77,194,211,117,182
1,<environment.Job instance at 0x154af0434230>,59,2,[10  2],78,196,198,118,182
1,<environment.Job instance at 0x154af0434280>,60,15,[9 2],80,198,213,118,184
1,<environment.Job instance at 0x154af04348c0>,61,2,[5 2],81,211,213,130,184
1,<environment.Job instance at 0x154af0434c80>,62,2,[5 1],82,213,215,131,186
1,<environment.Job instance at 0x154afdb3fa00>,63,1,[1 7],83,196,197,113,186
1,<environment.Job instance at 0x154afdb3f140>,64,17,[9 1],86,213,230,127,201
1,<environment.Job instance at 0x154afdb3f8c0>,65,1,[6 2],87,215,216,128,201
1,<environment.Job instance at 0x154afdb3f0a0>,66,1,[5 1],88,216,217,128,201
1,<environment.Job instance at 0x154afdb3fdc0>,67,1,[2 6],90,201,202,111,201
1,<environment.Job instance at 0x154afdc82640>,68,3,[2 6],91,202,205,111,201
1,<environment.Job instance at 0x154af2382b90>,69,2,[9 1],92,230,232,138,203
1,<environment.Job instance at 0x154afe782b90>,70,13,[6 1],94,217,230,123,203
1,<environment.Job instance at 0x154af386d910>,71,2,[7 2],95,232,234,137,205
1,<environment.Job instance at 0x154af02cd0f0>,72,2,[9 2],96,234,236,138,207
1,<environment.Job instance at 0x154aef98dc80>,73,3,[5 1],97,230,233,133,207
1,<environment.Job instance at 0x154aef98d9b0>,74,2,[ 1 10],98,211,213,113,207
1,<environment.Job instance at 0x154aef98de10>,75,13,[2 6],99,232,245,133,216
1,<environment.Job instance at 0x154af26393c0>,76,17,[12  1],100,236,253,136,224
1,<environment.Job instance at 0x154af2639910>,77,1,[8 2],103,253,254,150,225
1,<environment.Job instance at 0x154af378aeb0>,79,17,[2 7],105,245,262,140,233
1,<environment.Job instance at 0x154af378a820>,80,13,[2 8],106,254,267,148,238
1,<environment.Job instance at 0x154af378a1e0>,81,16,[6 1],107,262,278,155,249
1,<environment.Job instance at 0x154af378a6e0>,83,1,[5 2],109,253,254,144,249
1,<environment.Job instance at 0x154af378aaa0>,84,1,[7 1],110,262,263,152,249
1,<environment.Job instance at 0x154af378a5a0>,85,1,[1 8],111,267,268,156,249
1,<environment.Job instance at 0x154af378a3c0>,86,2,[6 2],112,263,265,151,249
1,<environment.Job instance at 0x154af378ae60>,87,13,[2 9],113,268,281,155,252
1,<environment.Job instance at 0x154af378a370>,88,1,[6 2],115,265,266,150,252
1,<environment.Job instance at 0x154af378a5f0>,89,3,[8 2],116,278,281,162,252
1,<environment.Job instance at 0x154af378a690>,90,2,[ 1 10],118,281,283,163,254
1,<environment.Job instance at 0x154afdbe4870>,91,13,[10  1],119,281,294,162,265
1,<environment.Job instance at 0x154aefc03550>,8,3,[5 2],9,9,12,0,9
1,<environment.Job instance at 0x154aefc03d70>,9,2,[8 2],10,10,12,0,10
1,<environment.Job instance at 0x154aefc03a50>,6,1,[5 1],7,12,13,5,11
1,<environment.Job instance at 0x154aefc03410>,10,3,[2 8],11,11,14,0,11
1,<environment.Job instance at 0x154aefc09e10>,12,13,[7 2],14,14,27,0,14
1,<environment.Job instance at 0x154aef640870>,13,22,[8 1],15,15,37,0,15
1,<environment.Job instance at 0x154aef640550>,14,15,[ 2 10],16,27,42,11,16
1,<environment.Job instance at 0x154aef640be0>,15,3,[10  2],17,37,40,20,17
1,<environment.Job instance at 0x154aef6404b0>,16,3,[2 5],19,40,43,21,19
1,<environment.Job instance at 0x154aefc0a820>,17,17,[1 7],20,42,59,22,30
1,<environment.Job instance at 0x154aefc0a690>,18,3,[7 2],21,42,45,21,30
1,<environment.Job instance at 0x154aefc0a0a0>,19,2,[2 9],22,59,61,37,32
1,<environment.Job instance at 0x154aefc0a140>,20,2,[2 7],23,45,47,22,32
1,<environment.Job instance at 0x154aefc0ad20>,21,18,[6 1],25,43,61,18,32
1,<environment.Job instance at 0x154aefc0adc0>,22,15,[2 9],26,61,76,35,47
1,<environment.Job instance at 0x154afd49ed70>,23,2,[10  1],27,61,63,34,47
1,<environment.Job instance at 0x154aefc0a3c0>,24,22,[2 6],29,63,85,34,56
1,<environment.Job instance at 0x154af24190a0>,25,1,[ 1 14],30,85,86,55,57
1,<environment.Job instance at 0x154b2c23c7d0>,26,16,[6 2],31,86,102,55,73
1,<environment.Job instance at 0x154aefc0aa00>,27,1,[6 1],32,76,77,44,73
1,<environment.Job instance at 0x154af3caad20>,28,2,[9 1],34,77,79,43,73
1,<environment.Job instance at 0x154b2c089370>,29,19,[1 5],36,86,105,50,76
1,<environment.Job instance at 0x154aefc0a370>,30,1,[8 1],37,79,80,42,76
1,<environment.Job instance at 0x154aefc0af00>,31,1,[5 1],39,76,77,37,76
1,<environment.Job instance at 0x154af27c1a50>,32,2,[7 2],40,80,82,40,76
1,<environment.Job instance at 0x154af27c1fa0>,33,3,[ 2 14],42,105,108,63,79
1,<environment.Job instance at 0x154aefc1c190>,34,3,[1 8],43,82,85,39,79
1,<environment.Job instance at 0x154aefc1cbe0>,35,1,[ 2 10],44,102,103,58,79
1,<environment.Job instance at 0x154aefc1ccd0>,36,2,[7 2],46,86,88,40,79
1,<environment.Job instance at 0x154aefc1cdc0>,37,1,[6 1],47,80,81,33,79
1,<environment.Job instance at 0x154af03e1140>,38,2,[6 1],49,81,83,32,79
1,<environment.Job instance at 0x154af03e1960>,39,17,[1 7],50,108,125,58,96
1,<environment.Job instance at 0x154af03e1820>,40,15,[10  2],54,108,123,54,96
1,<environment.Job instance at 0x154af03e1b90>,41,2,[7 2],55,96,98,41,96
1,<environment.Job instance at 0x154af03e1b40>,42,1,[1 5],57,96,97,39,96
1,<environment.Job instance at 0x154af03e11e0>,43,14,[5 2],59,123,137,64,108
1,<environment.Job instance at 0x154af03e1640>,44,27,[5 1],60,123,150,63,121
1,<environment.Job instance at 0x154af03e1a50>,45,15,[14  1],61,150,165,89,136
1,<environment.Job instance at 0x154af03e1e60>,46,2,[1 9],62,136,138,74,136
1,<environment.Job instance at 0x154af03e1e10>,47,14,[1 6],63,138,152,75,136
1,<environment.Job instance at 0x154af03e17d0>,48,1,[1 8],64,138,139,74,136
1,<environment.Job instance at 0x154af03e1550>,49,1,[2 9],66,165,166,99,137
1,<environment.Job instance at 0x154af03e16e0>,50,2,[10  2],67,165,167,98,138
1,<environment.Job instance at 0x154af03e1230>,51,1,[6 1],70,139,140,69,138
1,<environment.Job instance at 0x154af03c1960>,52,1,[7 2],72,140,141,68,138
1,<environment.Job instance at 0x154af03c1d70>,53,2,[2 7],73,141,143,68,138
1,<environment.Job instance at 0x154af03c1fa0>,54,3,[2 5],74,143,146,69,138
1,<environment.Job instance at 0x154af03c1a00>,55,25,[6 1],75,167,192,92,163
1,<environment.Job instance at 0x154af03c1500>,56,12,[5 2],77,166,178,89,163
1,<environment.Job instance at 0x154af03c11e0>,57,1,[10  1],78,192,193,114,164
1,<environment.Job instance at 0x154af03d3eb0>,58,3,[10  1],81,193,196,112,167
1,<environment.Job instance at 0x154af03d3f00>,59,2,[ 2 10],82,167,169,85,167
1,<environment.Job instance at 0x154af03d3e60>,60,3,[9 2],83,178,181,95,167
1,<environment.Job instance at 0x154af03d3fa0>,61,1,[1 9],84,169,170,85,167
1,<environment.Job instance at 0x154af03d3d20>,62,1,[8 2],87,181,182,94,167
1,<environment.Job instance at 0x154af03d3640>,63,22,[2 5],89,182,204,93,175
1,<environment.Job instance at 0x154af3cad960>,64,1,[9 2],90,196,197,106,175
1,<environment.Job instance at 0x154afc019140>,65,1,[10  1],91,197,198,106,175
1,<environment.Job instance at 0x154afc019500>,66,26,[ 2 13],93,204,230,111,201
1,<environment.Job instance at 0x154b2cf518c0>,67,13,[7 2],94,201,214,107,201
1,<environment.Job instance at 0x154b2cf51be0>,68,3,[6 2],96,201,204,105,201
1,<environment.Job instance at 0x154b463132d0>,69,2,[12  1],97,214,216,117,201
1,<environment.Job instance at 0x154af4b47fa0>,70,15,[2 5],99,230,245,131,216
1,<environment.Job instance at 0x154af4b475f0>,71,14,[7 1],100,216,230,116,216
1,<environment.Job instance at 0x154af4b476e0>,72,2,[7 1],101,230,232,129,216
1,<environment.Job instance at 0x154af38e4eb0>,73,1,[8 1],102,232,233,130,216
1,<environment.Job instance at 0x154af38e43c0>,74,2,[10  2],103,233,235,130,216
1,<environment.Job instance at 0x154b2c086730>,75,14,[9 1],104,235,249,131,220
1,<environment.Job instance at 0x154af38e46e0>,76,3,[9 2],105,249,252,144,223
1,<environment.Job instance at 0x154af032a5a0>,77,1,[6 2],107,230,231,123,223
1,<environment.Job instance at 0x154b2cb613c0>,78,2,[ 1 10],108,245,247,137,223
1,<environment.Job instance at 0x154b2cb61aa0>,79,2,[2 7],109,231,233,122,223
1,<environment.Job instance at 0x154af38e4820>,80,3,[9 2],111,252,255,141,226
1,<environment.Job instance at 0x154af27aa230>,81,3,[10  1],112,255,258,143,229
1,<environment.Job instance at 0x154af27aa2d0>,82,17,[1 8],118,247,264,129,235
1,<environment.Job instance at 0x154aefc037d0>,11,2,[2 5],12,373,375,361,373
1,<environment.Job instance at 0x154af3861dc0>,5,3,[2 7],6,402,405,396,402
1,<environment.Job instance at 0x154aefa50910>,7,2,[8 2],12,12,14,0,12
1,<environment.Job instance at 0x154af3bc7820>,5,1,[1 8],10,12,13,2,12
1,<environment.Job instance at 0x154aefa50230>,8,15,[10  1],13,14,29,1,14
1,<environment.Job instance at 0x154aefa50690>,9,28,[5 2],14,14,42,0,14
1,<environment.Job instance at 0x154aef6a2eb0>,11,2,[ 1 10],16,29,31,13,16
1,<environment.Job instance at 0x154afdb7fe10>,12,3,[ 2 14],17,42,45,25,17
1,<environment.Job instance at 0x154aef46b0f0>,13,1,[5 1],18,29,30,11,18
1,<environment.Job instance at 0x154aefa506e0>,14,2,[2 6],19,31,33,12,20
1,<environment.Job instance at 0x154aefa50eb0>,15,1,[8 1],20,30,31,10,20
1,<environment.Job instance at 0x154afc00d6e0>,16,1,[7 2],22,31,32,9,22
1,<environment.Job instance at 0x154afc00d640>,17,12,[6 2],23,45,57,22,28
1,<environment.Job instance at 0x154afc00d230>,18,3,[1 7],24,32,35,8,28
1,<environment.Job instance at 0x154afc00dfa0>,19,2,[6 2],26,33,35,7,28
1,<environment.Job instance at 0x154afc00d9b0>,20,3,[9 1],27,35,38,8,28
1,<environment.Job instance at 0x154afc00d820>,21,14,[7 1],28,38,52,10,28
1,<environment.Job instance at 0x154af03930f0>,22,14,[ 2 10],29,45,59,16,30
1,<environment.Job instance at 0x154af26cef00>,23,14,[9 2],30,57,71,27,42
1,<environment.Job instance at 0x154aef811780>,24,1,[1 9],31,59,60,28,42
1,<environment.Job instance at 0x154aef811280>,25,16,[1 8],32,60,76,28,47
1,<environment.Job instance at 0x154aef811140>,26,1,[6 1],33,52,53,19,47
1,<environment.Job instance at 0x154af38bbcd0>,27,3,[5 2],34,53,56,19,47
1,<environment.Job instance at 0x154afe75ae10>,28,16,[7 1],35,71,87,36,58
1,<environment.Job instance at 0x154afe75a190>,29,2,[8 2],36,76,78,40,58
1,<environment.Job instance at 0x154af389b730>,30,1,[9 2],37,87,88,50,59
1,<environment.Job instance at 0x154af389b910>,31,2,[1 7],38,78,80,40,60
1,<environment.Job instance at 0x154af389bfa0>,32,26,[1 6],41,78,104,37,75
1,<environment.Job instance at 0x154af389bdc0>,33,16,[2 9],42,88,104,46,76
1,<environment.Job instance at 0x154af389b9b0>,34,23,[2 6],44,104,127,60,98
1,<environment.Job instance at 0x154af389bc30>,35,23,[9 1],46,104,127,58,98
1,<environment.Job instance at 0x154af389b8c0>,36,14,[ 1 10],47,127,141,80,112
1,<environment.Job instance at 0x154af389b640>,37,1,[5 2],48,127,128,79,122
1,<environment.Job instance at 0x154af389ba00>,38,1,[8 2],49,127,128,78,122
1,<environment.Job instance at 0x154aef8530f0>,39,2,[7 2],51,128,130,77,122
1,<environment.Job instance at 0x154aef853190>,40,3,[6 1],53,128,131,75,122
1,<environment.Job instance at 0x154aef8539b0>,41,2,[10  1],54,131,133,77,122
1,<environment.Job instance at 0x154aef853be0>,42,1,[9 1],55,133,134,78,122
1,<environment.Job instance at 0x154aef8535f0>,43,3,[5 1],56,133,136,77,122
1,<environment.Job instance at 0x154aef853e60>,44,3,[1 6],57,122,125,65,122
1,<environment.Job instance at 0x154aef44d640>,45,3,[12  1],59,136,139,77,122
1,<environment.Job instance at 0x154afe74f050>,46,20,[8 1],60,139,159,79,130
1,<environment.Job instance at 0x154afe74f2d0>,47,2,[7 1],61,134,136,73,130
1,<environment.Job instance at 0x154afe74ffa0>,48,3,[9 1],66,159,162,93,133
1,<environment.Job instance at 0x154afe74f7d0>,49,13,[2 5],68,141,154,73,133
1,<environment.Job instance at 0x154afe74ff50>,50,2,[1 8],69,141,143,72,133
1,<environment.Job instance at 0x154afdb59aa0>,51,1,[2 6],70,143,144,73,133
1,<environment.Job instance at 0x154aef810b40>,52,2,[9 2],73,162,164,89,135
1,<environment.Job instance at 0x154af38bf3c0>,53,1,[ 2 10],77,154,155,77,135
1,<environment.Job instance at 0x154af38bfc80>,54,3,[11  1],79,164,167,85,138
1,<environment.Job instance at 0x154af38bf640>,55,13,[ 2 11],80,155,168,75,139
1,<environment.Job instance at 0x154af38bf140>,56,3,[1 8],81,144,147,63,139
1,<environment.Job instance at 0x154af38bffa0>,57,1,[8 1],83,167,168,84,139
1,<environment.Job instance at 0x154af24ed140>,58,16,[9 1],84,168,184,84,155
1,<environment.Job instance at 0x154af24ed690>,59,12,[7 2],86,184,196,98,167
1,<environment.Job instance at 0x154af24edaa0>,60,15,[ 2 10],92,168,183,76,167
1,<environment.Job instance at 0x154af24ed4b0>,61,2,[5 2],93,183,185,90,167
1,<environment.Job instance at 0x154af24ed820>,62,2,[7 2],94,185,187,91,167
1,<environment.Job instance at 0x154af24ed410>,63,2,[5 2],96,187,189,91,167
1,<environment.Job instance at 0x154af3b688c0>,64,1,[ 2 10],97,184,185,87,167
1,<environment.Job instance at 0x154af24edeb0>,65,1,[6 2],98,189,190,91,167
1,<environment.Job instance at 0x154af2507dc0>,66,2,[ 1 12],99,190,192,91,167
1,<environment.Job instance at 0x154af2507cd0>,67,16,[2 9],100,192,208,92,179
1,<environment.Job instance at 0x154af2507230>,68,2,[5 2],101,192,194,91,179
1,<environment.Job instance at 0x154af2507190>,69,21,[5 1],102,194,215,92,186
1,<environment.Job instance at 0x154af25074b0>,70,3,[2 8],103,187,190,84,186
1,<environment.Job instance at 0x154af38b3c80>,71,3,[8 2],105,196,199,91,186
1,<environment.Job instance at 0x154af38b3870>,72,1,[ 2 10],106,208,209,102,186
1,<environment.Job instance at 0x154af38b3dc0>,73,2,[1 6],107,209,211,102,186
1,<environment.Job instance at 0x154af38b35a0>,74,2,[8 1],108,199,201,91,186
1,<environment.Job instance at 0x154aef7526e0>,75,1,[2 7],110,209,210,99,186
1,<environment.Job instance at 0x154aef752b40>,76,2,[1 8],111,210,212,99,186
1,<environment.Job instance at 0x154aef752370>,77,13,[7 1],112,211,224,99,195
1,<environment.Job instance at 0x154aef752820>,78,3,[ 2 10],115,212,215,97,195
1,<environment.Job instance at 0x154af3bcaa50>,79,2,[2 7],116,215,217,99,195
1,<environment.Job instance at 0x154af3bca4b0>,80,22,[ 2 10],117,217,239,100,210
1,<environment.Job instance at 0x154af3bca690>,81,2,[10  2],118,224,226,106,221
1,<environment.Job instance at 0x154af3bcaaa0>,82,2,[1 7],119,239,241,120,222
1,<environment.Job instance at 0x154af26241e0>,10,1,[8 2],15,237,238,222,237
1,<environment.Job instance at 0x154af3bc7a00>,3,2,[ 1 11],7,331,333,324,331
1,<environment.Job instance at 0x154aef755c80>,18,21,[6 1],30,30,51,0,30
1,<environment.Job instance at 0x154aef856af0>,23,1,[1 7],38,42,43,4,42
1,<environment.Job instance at 0x154aefb165a0>,24,1,[1 7],40,42,43,2,42
1,<environment.Job instance at 0x154aef0f2230>,25,12,[2 8],41,43,55,2,42
1,<environment.Job instance at 0x154aef0f2aa0>,26,27,[5 2],42,43,70,1,42
1,<environment.Job instance at 0x154aefb18af0>,27,27,[1 9],43,55,82,12,53
1,<environment.Job instance at 0x154aef0f2640>,28,1,[9 1],44,55,56,11,53
1,<environment.Job instance at 0x154aefb18280>,29,1,[ 2 10],45,82,83,37,55
1,<environment.Job instance at 0x154af26b2820>,30,12,[2 8],48,83,95,35,66
1,<environment.Job instance at 0x154af26b2910>,31,3,[ 1 10],51,95,98,44,76
1,<environment.Job instance at 0x154af26b20f0>,32,1,[8 2],52,89,90,37,89
1,<environment.Job instance at 0x154af26b2d70>,33,18,[9 1],53,90,108,37,89
1,<environment.Job instance at 0x154af26b25a0>,34,2,[8 1],55,108,110,53,89
1,<environment.Job instance at 0x154af26b22d0>,35,13,[8 2],56,110,123,54,94
1,<environment.Job instance at 0x154af26b2a00>,36,1,[7 1],57,108,109,51,94
1,<environment.Job instance at 0x154af26b2b90>,37,1,[2 6],59,94,95,35,94
1,<environment.Job instance at 0x154af2642910>,38,3,[1 5],60,98,101,38,94
1,<environment.Job instance at 0x154af26b2aa0>,39,3,[8 2],63,123,126,60,97
1,<environment.Job instance at 0x154af2642640>,40,1,[1 7],64,98,99,34,97
1,<environment.Job instance at 0x154af2642cd0>,41,3,[2 8],65,99,102,34,97
1,<environment.Job instance at 0x154af2642280>,42,2,[7 1],66,109,111,43,97
1,<environment.Job instance at 0x154af2642460>,43,28,[1 6],67,111,139,44,110
1,<environment.Job instance at 0x154aef4eea00>,44,1,[1 7],70,111,112,41,110
1,<environment.Job instance at 0x154aef4eef00>,45,21,[9 1],71,126,147,55,118
1,<environment.Job instance at 0x154aef4eed70>,46,16,[1 6],72,118,134,46,118
1,<environment.Job instance at 0x154aef4eee60>,47,15,[10  2],73,147,162,74,133
1,<environment.Job instance at 0x154aef4ee7d0>,48,2,[5 1],75,134,136,59,133
1,<environment.Job instance at 0x154aef4eec80>,49,2,[ 2 10],76,139,141,63,133
1,<environment.Job instance at 0x154af261fb90>,50,3,[5 1],77,136,139,59,133
1,<environment.Job instance at 0x154af261f960>,51,1,[1 9],79,141,142,62,133
1,<environment.Job instance at 0x154af261f140>,52,1,[2 7],80,142,143,62,133
1,<environment.Job instance at 0x154af261f320>,53,2,[1 8],81,143,145,62,133
1,<environment.Job instance at 0x154af261fdc0>,54,1,[1 9],83,145,146,62,133
1,<environment.Job instance at 0x154af0e6afa0>,55,2,[ 2 10],85,146,148,61,133
1,<environment.Job instance at 0x154af0e6ac80>,56,3,[9 1],86,162,165,76,136
1,<environment.Job instance at 0x154af0e6a6e0>,57,12,[9 1],87,165,177,78,148
1,<environment.Job instance at 0x154aefb23dc0>,58,20,[ 2 11],88,148,168,60,148
1,<environment.Job instance at 0x154aefb23550>,59,16,[9 2],90,177,193,87,164
1,<environment.Job instance at 0x154aefb23280>,60,3,[ 2 10],91,168,171,77,164
1,<environment.Job instance at 0x154aefb23be0>,61,15,[6 1],93,171,186,78,164
1,<environment.Job instance at 0x154aefb23190>,62,1,[9 2],94,193,194,99,165
1,<environment.Job instance at 0x154afdce9f00>,63,1,[2 8],95,186,187,91,165
1,<environment.Job instance at 0x154af390b5f0>,64,1,[5 1],96,187,188,91,165
1,<environment.Job instance at 0x154aef9a07d0>,65,1,[8 1],98,194,195,96,166
1,<environment.Job instance at 0x154aef9a0140>,66,1,[1 8],100,187,188,87,166
1,<environment.Job instance at 0x154aef9a0c30>,67,1,[2 9],101,188,189,87,166
1,<environment.Job instance at 0x154aef9a0f00>,68,3,[1 9],102,189,192,87,166
1,<environment.Job instance at 0x154afe5216e0>,69,14,[ 1 10],104,192,206,88,177
1,<environment.Job instance at 0x154afe520780>,70,1,[7 2],105,195,196,90,177
1,<environment.Job instance at 0x154afe5206e0>,71,1,[10  1],106,196,197,90,177
1,<environment.Job instance at 0x154af37ff500>,72,3,[2 5],108,197,200,89,177
1,<environment.Job instance at 0x154afe520e10>,73,2,[6 2],109,194,196,85,177
1,<environment.Job instance at 0x154afdbf55a0>,74,18,[2 9],110,206,224,96,195
1,<environment.Job instance at 0x154af3bd0410>,75,3,[2 9],111,224,227,113,205
1,<environment.Job instance at 0x154afc026cd0>,76,1,[1 6],112,209,210,97,209
1,<environment.Job instance at 0x154aef23cc30>,77,1,[10  1],113,210,211,97,209
1,<environment.Job instance at 0x154aef23c5f0>,78,17,[5 1],114,211,228,97,209
1,<environment.Job instance at 0x154aef23c280>,79,1,[7 1],115,211,212,96,209
1,<environment.Job instance at 0x154aef968af0>,80,3,[9 2],116,227,230,111,209
1,<environment.Job instance at 0x154aef968d70>,81,2,[1 8],117,227,229,110,209
1,<environment.Job instance at 0x154aef968aa0>,82,26,[8 1],118,230,256,112,227
1,<environment.Job instance at 0x154aef50ac30>,83,3,[2 5],119,228,231,109,227
1,<environment.Job instance at 0x154af27e80a0>,21,1,[ 2 10],34,276,277,242,276
1,<environment.Job instance at 0x154af23ff910>,0,27,[6 1],1,1,28,0,1
1,<environment.Job instance at 0x154af273ee60>,14,1,[6 1],21,21,22,0,21
1,<environment.Job instance at 0x154af236bf00>,15,15,[6 2],22,22,37,0,22
1,<environment.Job instance at 0x154af236beb0>,16,3,[2 9],23,23,26,0,23
1,<environment.Job instance at 0x154af273eaa0>,17,17,[1 8],25,26,43,1,25
1,<environment.Job instance at 0x154af2841050>,18,2,[11  2],26,37,39,11,26
1,<environment.Job instance at 0x154aef8edcd0>,19,16,[2 7],27,39,55,12,27
1,<environment.Job instance at 0x154aef76fa00>,20,2,[1 8],29,43,45,14,29
1,<environment.Job instance at 0x154af4b10190>,21,2,[1 5],30,30,32,0,30
1,<environment.Job instance at 0x154af6387af0>,22,1,[1 5],31,32,33,1,31
1,<environment.Job instance at 0x154af6387690>,23,2,[9 1],32,45,47,13,32
1,<environment.Job instance at 0x154af24ca230>,24,3,[9 2],33,47,50,14,33
1,<environment.Job instance at 0x154af6395370>,25,17,[5 2],34,50,67,16,38
1,<environment.Job instance at 0x154b2cae0eb0>,26,2,[2 6],36,45,47,9,38
1,<environment.Job instance at 0x154b2c0f9dc0>,27,1,[ 1 10],37,55,56,18,38
1,<environment.Job instance at 0x154af2396320>,28,1,[2 7],38,56,57,18,38
1,<environment.Job instance at 0x154af0319a00>,29,2,[2 6],39,47,49,8,39
1,<environment.Job instance at 0x154af03194b0>,30,17,[5 2],40,50,67,10,40
1,<environment.Job instance at 0x154afe753960>,31,2,[5 1],42,57,59,15,42
1,<environment.Job instance at 0x154afe7538c0>,32,2,[8 2],43,67,69,24,43
1,<environment.Job instance at 0x154afe778960>,33,2,[12  1],45,69,71,24,45
1,<environment.Job instance at 0x154afe778280>,34,14,[1 9],46,59,73,13,46
1,<environment.Job instance at 0x154af2458d70>,35,1,[2 8],47,73,74,26,47
1,<environment.Job instance at 0x154afe778870>,36,18,[10  2],48,71,89,23,60
1,<environment.Job instance at 0x154afe778a50>,37,12,[2 9],49,74,86,25,60
1,<environment.Job instance at 0x154afe778c30>,38,15,[2 5],50,86,101,36,72
1,<environment.Job instance at 0x154af03c4d70>,39,3,[1 6],51,86,89,35,72
1,<environment.Job instance at 0x154af03c4d20>,40,2,[1 8],53,89,91,36,72
1,<environment.Job instance at 0x154b2caf4c80>,41,17,[7 1],54,89,106,35,77
1,<environment.Job instance at 0x154b2caf4960>,42,16,[8 2],55,101,117,46,88
1,<environment.Job instance at 0x154b2caf41e0>,43,3,[1 5],58,91,94,33,88
1,<environment.Job instance at 0x154afe77e5f0>,44,1,[10  1],59,117,118,58,89
1,<environment.Job instance at 0x154afe77e0a0>,45,1,[10  2],60,118,119,58,90
1,<environment.Job instance at 0x154af3843500>,46,16,[7 1],61,119,135,58,106
1,<environment.Job instance at 0x154af3843370>,47,1,[1 6],62,106,107,44,106
1,<environment.Job instance at 0x154af38430f0>,48,14,[1 8],63,107,121,44,106
1,<environment.Job instance at 0x154af3843780>,49,2,[5 1],64,106,108,42,106
1,<environment.Job instance at 0x154af3843be0>,50,2,[7 2],65,119,121,54,106
1,<environment.Job instance at 0x154af38431e0>,51,1,[1 6],66,106,107,40,106
1,<environment.Job instance at 0x154af3843f50>,52,3,[2 6],67,121,124,54,106
1,<environment.Job instance at 0x154af3843280>,53,3,[1 9],68,124,127,56,106
1,<environment.Job instance at 0x154af38435a0>,54,3,[6 1],69,108,111,39,106
1,<environment.Job instance at 0x154aef8cc050>,55,15,[6 1],75,121,136,46,107
1,<environment.Job instance at 0x154aef8cca00>,56,2,[7 1],76,135,137,59,108
1,<environment.Job instance at 0x154aef8cc5f0>,57,17,[8 1],77,136,153,59,124
1,<environment.Job instance at 0x154aef8ccd20>,58,1,[ 2 13],78,127,128,49,124
1,<environment.Job instance at 0x154aef0a2870>,59,2,[2 5],79,128,130,49,124
1,<environment.Job instance at 0x154aef0a20a0>,60,3,[9 1],80,153,156,73,127
1,<environment.Job instance at 0x154aef233460>,61,16,[2 5],81,137,153,56,127
1,<environment.Job instance at 0x154aef233d20>,62,1,[5 1],82,137,138,55,127
1,<environment.Job instance at 0x154aef233d70>,63,12,[ 1 10],83,153,165,70,136
1,<environment.Job instance at 0x154aef4bc4b0>,64,2,[1 7],84,138,140,54,136
1,<environment.Job instance at 0x154aef4bc2d0>,65,1,[6 2],87,156,157,69,136
1,<environment.Job instance at 0x154aef4bc5f0>,66,3,[5 2],88,140,143,52,136
1,<environment.Job instance at 0x154af26810a0>,67,15,[8 1],89,156,171,67,142
1,<environment.Job instance at 0x154af2681af0>,68,3,[2 7],90,143,146,53,142
1,<environment.Job instance at 0x154aef640190>,69,2,[8 2],92,171,173,79,144
1,<environment.Job instance at 0x154af3ccfe10>,70,14,[2 9],97,165,179,68,150
1,<environment.Job instance at 0x154afd470c30>,71,1,[5 2],99,150,151,51,150
1,<environment.Job instance at 0x154af2681820>,72,13,[7 2],100,173,186,73,157
1,<environment.Job instance at 0x154aefe69640>,73,1,[7 2],102,179,180,77,157
1,<environment.Job instance at 0x154af251e960>,74,1,[2 8],103,180,181,77,157
1,<environment.Job instance at 0x154af3c94a50>,75,2,[2 9],104,181,183,77,157
1,<environment.Job instance at 0x154b2c089910>,76,3,[2 6],105,183,186,78,157
1,<environment.Job instance at 0x154aefe40820>,77,2,[7 1],107,186,188,79,159
1,<environment.Job instance at 0x154af25d63c0>,78,1,[ 1 10],108,179,180,71,159
1,<environment.Job instance at 0x154aefe66870>,79,26,[2 5],109,183,209,74,180
1,<environment.Job instance at 0x154aefe66b40>,80,3,[1 9],111,186,189,75,180
1,<environment.Job instance at 0x154aefe663c0>,81,17,[1 5],112,189,206,77,180
1,<environment.Job instance at 0x154b2c21e280>,82,3,[8 1],114,188,191,74,180
1,<environment.Job instance at 0x154aefe66f50>,83,1,[1 8],115,206,207,91,180
1,<environment.Job instance at 0x154aefe66fa0>,84,1,[10  2],119,191,192,72,180
1,<environment.Job instance at 0x154afe78d280>,9,1,[1 9],15,15,16,0,15
1,<environment.Job instance at 0x154afe78db40>,10,3,[6 2],16,16,19,0,16
1,<environment.Job instance at 0x154afe78d4b0>,11,16,[ 1 11],17,17,33,0,17
1,<environment.Job instance at 0x154afe78d500>,12,1,[2 6],18,33,34,15,18
1,<environment.Job instance at 0x154afe78daf0>,13,1,[1 5],20,33,34,13,20
1,<environment.Job instance at 0x154aef2399b0>,14,2,[2 8],21,34,36,13,21
1,<environment.Job instance at 0x154aefba7af0>,15,24,[2 9],22,36,60,14,31
1,<environment.Job instance at 0x154aefba7dc0>,16,3,[2 5],25,34,37,9,31
1,<environment.Job instance at 0x154aefba76e0>,17,18,[5 2],27,37,55,10,31
1,<environment.Job instance at 0x154aefba7190>,18,1,[1 6],28,55,56,27,31
1,<environment.Job instance at 0x154aefba75a0>,19,2,[2 6],30,56,58,26,31
1,<environment.Job instance at 0x154aefba7a00>,20,2,[6 2],31,31,33,0,31
1,<environment.Job instance at 0x154af63aa960>,21,3,[2 7],32,60,63,28,34
1,<environment.Job instance at 0x154af63aa550>,22,1,[10  1],36,36,37,0,36
1,<environment.Job instance at 0x154af63aa4b0>,23,3,[10  1],37,58,61,21,37
1,<environment.Job instance at 0x154af63aaaa0>,24,2,[6 1],38,38,40,0,38
1,<environment.Job instance at 0x154af63aa1e0>,25,3,[1 5],39,58,61,19,39
1,<environment.Job instance at 0x154af63aa820>,26,2,[10  2],40,61,63,21,40
1,<environment.Job instance at 0x154af63aa730>,27,1,[9 1],41,63,64,22,41
1,<environment.Job instance at 0x154afdb05690>,28,1,[1 8],42,63,64,21,42
1,<environment.Job instance at 0x154afdb05e10>,29,25,[9 1],43,64,89,21,60
1,<environment.Job instance at 0x154afdb05c30>,30,3,[2 7],44,64,67,20,60
1,<environment.Job instance at 0x154afdb05370>,31,1,[7 1],45,89,90,44,61
1,<environment.Job instance at 0x154afdb05870>,32,2,[7 2],46,89,91,43,62
1,<environment.Job instance at 0x154b2c191780>,33,13,[10  1],48,91,104,43,75
1,<environment.Job instance at 0x154b2c191050>,34,3,[2 6],49,75,78,26,75
1,<environment.Job instance at 0x154b2c1913c0>,35,2,[8 1],50,104,106,54,77
1,<environment.Job instance at 0x154b2c191f00>,36,1,[6 2],51,78,79,27,77
1,<environment.Job instance at 0x154b2c1911e0>,37,1,[9 1],52,106,107,54,78
1,<environment.Job instance at 0x154b2c191a50>,38,1,[2 5],54,79,80,25,78
1,<environment.Job instance at 0x154b2c191a00>,39,3,[10  2],57,107,110,50,81
1,<environment.Job instance at 0x154b2c191d70>,40,1,[2 7],58,81,82,23,81
1,<environment.Job instance at 0x154b2c1919b0>,41,2,[ 1 14],60,82,84,22,81
1,<environment.Job instance at 0x154aef8fd410>,42,1,[7 2],61,90,91,29,81
1,<environment.Job instance at 0x154af0423cd0>,43,3,[9 1],62,110,113,48,84
1,<environment.Job instance at 0x154af0423140>,44,15,[6 1],63,110,125,47,96
1,<environment.Job instance at 0x154af0423b90>,45,1,[2 5],64,96,97,32,96
1,<environment.Job instance at 0x154af39579b0>,46,2,[1 5],66,96,98,30,96
1,<environment.Job instance at 0x154b2c187640>,47,3,[2 8],67,97,100,30,96
1,<environment.Job instance at 0x154b2c187f00>,48,17,[10  1],68,125,142,57,113
1,<environment.Job instance at 0x154aef7dbf00>,49,26,[5 2],69,113,139,44,113
1,<environment.Job instance at 0x154aef968b40>,50,1,[8 2],70,142,143,72,114
1,<environment.Job instance at 0x154aefb18410>,51,2,[2 6],71,114,116,43,114
1,<environment.Job instance at 0x154aef75a3c0>,52,3,[1 9],72,116,119,44,114
1,<environment.Job instance at 0x154aef0a59b0>,53,2,[1 7],74,119,121,45,114
1,<environment.Job instance at 0x154aef50af50>,54,3,[2 9],75,121,124,46,114
1,<environment.Job instance at 0x154aef50a190>,55,2,[6 1],76,142,144,66,115
1,<environment.Job instance at 0x154aef50a3c0>,56,1,[5 1],77,139,140,62,115
1,<environment.Job instance at 0x154af24536e0>,57,16,[2 6],78,143,159,65,130
1,<environment.Job instance at 0x154aef46be60>,58,2,[7 1],80,143,145,63,130
1,<environment.Job instance at 0x154afdbc0730>,59,14,[5 2],84,144,158,60,130
1,<environment.Job instance at 0x154afdbc0a00>,60,1,[ 1 10],85,140,141,55,130
1,<environment.Job instance at 0x154afdbc0370>,61,3,[1 9],86,158,161,72,132
1,<environment.Job instance at 0x154afdbc01e0>,62,2,[9 2],88,159,161,71,132
1,<environment.Job instance at 0x154aef740690>,63,3,[2 7],89,145,148,56,132
1,<environment.Job instance at 0x154afc00d690>,64,21,[10  2],92,161,182,69,153
1,<environment.Job instance at 0x154aef740af0>,65,22,[2 9],93,161,183,68,154
1,<environment.Job instance at 0x154afc00db40>,66,3,[1 7],95,154,157,59,154
1,<environment.Job instance at 0x154af25f93c0>,67,14,[2 5],97,182,196,85,167
1,<environment.Job instance at 0x154af25f9c80>,68,13,[1 5],101,183,196,82,167
1,<environment.Job instance at 0x154aefbe8320>,69,2,[6 1],103,182,184,79,167
1,<environment.Job instance at 0x154aefbe8460>,70,1,[ 1 12],104,196,197,92,168
1,<environment.Job instance at 0x154aefbe87d0>,71,1,[10  2],105,184,185,79,168
1,<environment.Job instance at 0x154aefbe8230>,72,3,[2 9],106,197,200,91,171
1,<environment.Job instance at 0x154aefbe8c80>,73,13,[2 9],107,200,213,93,184
1,<environment.Job instance at 0x154aefbe8e10>,74,12,[5 2],109,185,197,76,184
1,<environment.Job instance at 0x154aefbe8b90>,75,1,[9 1],110,196,197,86,184
1,<environment.Job instance at 0x154aefbe8f50>,76,20,[9 1],111,197,217,86,188
1,<environment.Job instance at 0x154aefbe83c0>,77,3,[5 1],113,188,191,75,188
1,<environment.Job instance at 0x154aefbe85a0>,78,2,[13  1],114,217,219,103,190
1,<environment.Job instance at 0x154af3cae5a0>,79,1,[12  2],115,219,220,104,191
1,<environment.Job instance at 0x154af02de780>,80,1,[5 1],116,191,192,75,191
1,<environment.Job instance at 0x154af23fde60>,81,3,[8 1],117,220,223,103,194
1,<environment.Job instance at 0x154afdb31f50>,82,2,[6 2],118,194,196,76,194
1,<environment.Job instance at 0x154af02de460>,83,3,[9 2],119,223,226,104,197
1,<environment.Job instance at 0x154afe78dc30>,7,28,[2 5],13,224,252,211,224
1,<environment.Job instance at 0x154af0298960>,16,20,[7 2],29,29,49,0,29
1,<environment.Job instance at 0x154aef0a2960>,28,1,[5 2],43,48,49,5,48
1,<environment.Job instance at 0x154b2cb958c0>,30,1,[11  1],53,53,54,0,53
1,<environment.Job instance at 0x154b2cb95aa0>,31,2,[5 1],54,54,56,0,54
1,<environment.Job instance at 0x154b2cb95a50>,32,2,[1 6],55,55,57,0,55
1,<environment.Job instance at 0x154b2cb95b40>,33,2,[1 8],56,56,58,0,56
1,<environment.Job instance at 0x154b2cb95af0>,34,1,[6 1],57,57,58,0,57
1,<environment.Job instance at 0x154b2cb95640>,35,18,[10  2],59,59,77,0,59
1,<environment.Job instance at 0x154afe785820>,37,1,[2 9],61,61,62,0,61
1,<environment.Job instance at 0x154afe785a50>,38,1,[1 5],62,62,63,0,62
1,<environment.Job instance at 0x154afe785370>,39,16,[ 2 10],63,63,79,0,63
1,<environment.Job instance at 0x154afe785a00>,40,3,[5 1],64,77,80,13,64
1,<environment.Job instance at 0x154afe785640>,41,3,[1 7],65,79,82,14,65
1,<environment.Job instance at 0x154afe785280>,42,3,[10  2],67,80,83,13,67
1,<environment.Job instance at 0x154afe785500>,43,17,[9 2],69,83,100,14,71
1,<environment.Job instance at 0x154afe785dc0>,44,2,[9 2],71,100,102,29,73
1,<environment.Job instance at 0x154afe7850a0>,45,2,[2 7],75,82,84,7,75
1,<environment.Job instance at 0x154afe7858c0>,46,1,[8 1],76,77,78,1,76
1,<environment.Job instance at 0x154b2cb95190>,36,1,[6 1],60,84,85,24,82
1,<environment.Job instance at 0x154aef786af0>,48,1,[1 8],78,85,86,7,82
1,<environment.Job instance at 0x154afe7851e0>,47,15,[7 1],77,102,117,25,88
1,<environment.Job instance at 0x154aef2414b0>,50,13,[1 9],80,88,101,8,88
1,<environment.Job instance at 0x154aef241820>,51,2,[7 2],81,102,104,21,88
1,<environment.Job instance at 0x154aef2410a0>,52,1,[ 2 10],82,101,102,19,88
1,<environment.Job instance at 0x154aef241280>,53,16,[1 7],83,102,118,19,89
1,<environment.Job instance at 0x154aef2419b0>,54,17,[5 2],85,104,121,19,92
1,<environment.Job instance at 0x154aef2411e0>,55,3,[10  1],87,118,121,31,92
1,<environment.Job instance at 0x154aef241690>,56,1,[9 2],88,117,118,29,92
1,<environment.Job instance at 0x154aef2410f0>,57,17,[8 1],89,121,138,32,109
1,<environment.Job instance at 0x154aef241050>,58,2,[1 5],90,109,111,19,109
1,<environment.Job instance at 0x154aef241eb0>,59,13,[1 9],91,121,134,30,109
1,<environment.Job instance at 0x154aef241780>,60,2,[10  2],92,138,140,46,111
1,<environment.Job instance at 0x154aef75a6e0>,61,15,[9 1],94,140,155,46,126
1,<environment.Job instance at 0x154aef75a820>,62,1,[1 5],95,126,127,31,126
1,<environment.Job instance at 0x154aef75a870>,63,2,[1 9],96,134,136,38,126
1,<environment.Job instance at 0x154aef75a690>,64,2,[1 7],99,136,138,37,126
1,<environment.Job instance at 0x154aef75ab40>,65,3,[1 8],100,138,141,38,126
1,<environment.Job instance at 0x154aef75a190>,66,19,[5 2],101,140,159,39,130
1,<environment.Job instance at 0x154aef75a500>,67,2,[2 8],102,155,157,53,130
1,<environment.Job instance at 0x154aef75a280>,68,3,[1 7],103,141,144,38,130
1,<environment.Job instance at 0x154aef75a960>,69,2,[6 1],104,130,132,26,130
1,<environment.Job instance at 0x154aef75a0f0>,70,3,[7 2],105,155,158,50,130
1,<environment.Job instance at 0x154aef75a7d0>,71,2,[8 1],106,158,160,52,131
1,<environment.Job instance at 0x154aef75ab90>,72,15,[8 2],107,160,175,53,146
1,<environment.Job instance at 0x154aef75a550>,73,1,[10  1],108,175,176,67,147
1,<environment.Job instance at 0x154aef75afa0>,74,2,[8 2],110,176,178,66,149
1,<environment.Job instance at 0x154aef75ad20>,75,1,[1 6],111,149,150,38,149
1,<environment.Job instance at 0x154aef75af50>,76,3,[6 1],112,159,162,47,149
1,<environment.Job instance at 0x154aef75a4b0>,77,16,[1 5],113,157,173,44,149
1,<environment.Job instance at 0x154afdb3f870>,78,3,[2 5],114,162,165,48,149
1,<environment.Job instance at 0x154afdb3f960>,79,3,[2 8],116,165,168,49,149
1,<environment.Job instance at 0x154afdb3f2d0>,80,17,[12  1],117,178,195,61,166
1,<environment.Job instance at 0x154afdb3f820>,81,3,[1 8],118,168,171,50,166
1,<environment.Job instance at 0x154afe785c30>,49,12,[7 2],79,196,208,117,196
1,<environment.Job instance at 0x154b2caeffa0>,20,3,[10  1],28,33,36,5,33
1,<environment.Job instance at 0x154af24631e0>,21,3,[1 8],29,33,36,4,33
1,<environment.Job instance at 0x154af63b1820>,22,2,[2 9],30,36,38,6,33
1,<environment.Job instance at 0x154af63b1910>,23,2,[8 2],31,36,38,5,33
1,<environment.Job instance at 0x154af63b1460>,24,2,[8 1],32,38,40,6,33
1,<environment.Job instance at 0x154af389bf50>,25,16,[7 2],34,38,54,4,34
1,<environment.Job instance at 0x154af389b9b0>,26,1,[ 2 10],35,40,41,5,35
1,<environment.Job instance at 0x154af389b190>,27,3,[ 2 10],37,41,44,4,37
1,<environment.Job instance at 0x154af27aacd0>,28,12,[ 2 11],38,44,56,6,38
1,<environment.Job instance at 0x154af638e280>,29,13,[1 7],40,56,69,16,40
1,<environment.Job instance at 0x154af638ec80>,30,16,[5 1],41,41,57,0,41
1,<environment.Job instance at 0x154af638e820>,31,3,[2 5],43,56,59,13,43
1,<environment.Job instance at 0x154af3cdd050>,32,13,[1 5],44,59,72,15,44
1,<environment.Job instance at 0x154af638e1e0>,33,15,[5 1],46,54,69,8,46
1,<environment.Job instance at 0x154b2cb61c80>,34,23,[2 5],47,69,92,22,63
1,<environment.Job instance at 0x154b2cb0ad70>,37,16,[2 9],50,72,88,22,63
1,<environment.Job instance at 0x154b2cb0a960>,38,3,[2 6],51,88,91,37,63
1,<environment.Job instance at 0x154af39050a0>,39,3,[2 6],52,91,94,39,65
1,<environment.Job instance at 0x154afdce8320>,40,1,[5 2],53,65,66,12,65
1,<environment.Job instance at 0x154af3905460>,41,3,[7 1],54,66,69,12,65
1,<environment.Job instance at 0x154afdce84b0>,42,2,[2 6],55,92,94,37,65
1,<environment.Job instance at 0x154aefb1a0a0>,43,3,[2 7],57,94,97,37,68
1,<environment.Job instance at 0x154aefb1a820>,44,18,[1 6],58,94,112,36,83
1,<environment.Job instance at 0x154aefb1a550>,48,15,[1 5],63,97,112,34,83
1,<environment.Job instance at 0x154aefb1af50>,49,3,[2 5],65,112,115,47,86
1,<environment.Job instance at 0x154af03197d0>,50,2,[6 2],66,88,90,22,86
1,<environment.Job instance at 0x154b2c11b280>,22,2,[5 1],30,32,34,2,32
1,<environment.Job instance at 0x154b2c11b230>,23,3,[ 2 10],32,32,35,0,32
1,<environment.Job instance at 0x154b2c11b140>,24,2,[2 8],33,35,37,2,34
1,<environment.Job instance at 0x154b2c11b5a0>,25,2,[8 1],34,590,592,556,590
1,<environment.Job instance at 0x154aef6f7e10>,26,3,[2 8],37,1047,1050,1010,1047
1,<environment.Job instance at 0x154aef6f7dc0>,27,3,[9 1],38,1202,1205,1164,1202
1,<environment.Job instance at 0x154aef6f70f0>,28,3,[2 9],40,2372,2375,2332,2372
1,<environment.Job instance at 0x154aef6f7550>,29,2,[10  2],41,2414,2416,2373,2414
1,<environment.Job instance at 0x154aef6f74b0>,30,2,[ 1 10],42,2727,2729,2685,2727
1,<environment.Job instance at 0x154aef6f71e0>,31,3,[ 1 10],44,2736,2739,2692,2736
1,<environment.Job instance at 0x154aef6f7460>,32,1,[9 2],45,2919,2920,2874,2919
1,<environment.Job instance at 0x154af277b1e0>,4,17,[7 2],6,6,23,0,6
1,<environment.Job instance at 0x154af277bb90>,5,13,[2 5],7,7,20,0,7
1,<environment.Job instance at 0x154af277b140>,6,2,[6 1],9,9,11,0,9
1,<environment.Job instance at 0x154af277ba00>,7,16,[6 1],10,11,27,1,10
1,<environment.Job instance at 0x154afc00d460>,8,1,[ 1 10],12,20,21,8,12
1,<environment.Job instance at 0x154afc00d5a0>,9,3,[9 1],14,23,26,9,14
1,<environment.Job instance at 0x154afc00d6e0>,10,1,[8 2],16,26,27,10,16
1,<environment.Job instance at 0x154afc00d1e0>,11,3,[1 5],17,26,29,9,17
1,<environment.Job instance at 0x154af02c45a0>,12,1,[10  1],19,27,28,8,19
1,<environment.Job instance at 0x154afc00d730>,13,3,[8 1],20,28,31,8,20
1,<environment.Job instance at 0x154af03e5190>,14,2,[8 1],21,31,33,10,21
1,<environment.Job instance at 0x154afe7c14b0>,15,1,[5 2],22,28,29,6,22
1,<environment.Job instance at 0x154afc00dfa0>,16,3,[1 7],23,27,30,4,23
1,<environment.Job instance at 0x154af3ccab90>,17,2,[5 1],24,29,31,5,24
1,<environment.Job instance at 0x154b2c058fa0>,18,17,[1 5],26,29,46,3,26
1,<environment.Job instance at 0x154b2c058d20>,19,2,[5 2],27,31,33,4,27
1,<environment.Job instance at 0x154af03cdbe0>,20,1,[1 5],28,30,31,2,28
1,<environment.Job instance at 0x154afdb32be0>,21,1,[8 2],29,33,34,4,29
1,<environment.Job instance at 0x154aef7ac410>,22,2,[7 1],30,34,36,4,30
1,<environment.Job instance at 0x154af0284050>,23,1,[10  1],31,36,37,5,31
1,<environment.Job instance at 0x154aef70d1e0>,24,2,[ 1 10],32,37,39,5,32
1,<environment.Job instance at 0x154aef70daf0>,25,2,[1 8],33,33,35,0,33
1,<environment.Job instance at 0x154af18ee960>,26,3,[2 5],34,39,42,5,34
1,<environment.Job instance at 0x154af18ee910>,27,18,[10  1],35,39,57,4,35
1,<environment.Job instance at 0x154af18ee8c0>,28,2,[7 1],36,57,59,21,36
1,<environment.Job instance at 0x154af02c8e60>,29,15,[2 7],37,42,57,5,37
1,<environment.Job instance at 0x154af02c82d0>,30,1,[2 5],38,46,47,8,38
1,<environment.Job instance at 0x154af02c8870>,31,3,[ 1 11],41,57,60,16,41
1,<environment.Job instance at 0x154af02c85f0>,32,2,[1 9],42,60,62,18,42
1,<environment.Job instance at 0x154af02c8b40>,33,2,[2 5],43,47,49,4,43
1,<environment.Job instance at 0x154af02c8960>,34,3,[1 5],46,49,52,3,46
1,<environment.Job instance at 0x154aef247d20>,35,1,[8 1],47,59,60,12,47
1,<environment.Job instance at 0x154aef247eb0>,36,2,[8 2],48,60,62,12,48
1,<environment.Job instance at 0x154aef2475a0>,37,14,[9 2],49,62,76,13,49
1,<environment.Job instance at 0x154aef247fa0>,38,2,[5 2],50,57,59,7,50
1,<environment.Job instance at 0x154af3bcdb40>,39,3,[1 5],51,52,55,1,51
1,<environment.Job instance at 0x154aef0a96e0>,40,1,[1 5],53,55,56,2,53
1,<environment.Job instance at 0x154aef9b02d0>,41,16,[8 1],54,76,92,22,63
1,<environment.Job instance at 0x154aef9b0f50>,42,14,[2 8],55,63,77,8,63
1,<environment.Job instance at 0x154aef9b0c80>,43,15,[8 2],56,92,107,36,78
1,<environment.Job instance at 0x154af2681190>,44,3,[1 7],58,78,81,20,78
1,<environment.Job instance at 0x154aef98d960>,45,3,[7 1],59,81,84,22,78
1,<environment.Job instance at 0x154aef9b0e60>,46,2,[2 7],60,78,80,18,78
1,<environment.Job instance at 0x154aef98d5a0>,47,14,[ 2 10],61,84,98,23,78
1,<environment.Job instance at 0x154aef98d690>,48,1,[1 9],62,98,99,36,78
1,<environment.Job instance at 0x154aef98dc30>,49,18,[5 2],63,84,102,21,78
1,<environment.Job instance at 0x154aef98d5f0>,50,2,[1 8],65,99,101,34,78
1,<environment.Job instance at 0x154aef3951e0>,51,16,[1 6],66,101,117,35,88
1,<environment.Job instance at 0x154aef3956e0>,52,3,[2 6],68,102,105,34,88
1,<environment.Job instance at 0x154aef0a5e60>,53,14,[10  1],69,107,121,38,97
1,<environment.Job instance at 0x154aef0a5c80>,54,3,[ 1 14],70,117,120,47,97
1,<environment.Job instance at 0x154aef47c500>,55,3,[5 1],71,120,123,49,97
1,<environment.Job instance at 0x154af034a410>,56,2,[8 1],73,121,123,48,97
1,<environment.Job instance at 0x154aef0a5780>,57,3,[9 1],74,123,126,49,97
1,<environment.Job instance at 0x154aef0a57d0>,58,3,[8 2],75,126,129,51,100
1,<environment.Job instance at 0x154aef0a5640>,59,12,[7 2],77,126,138,49,109
1,<environment.Job instance at 0x154b2cb9da50>,60,2,[2 7],79,109,111,30,109
1,<environment.Job instance at 0x154aef3e7230>,61,17,[6 2],81,129,146,48,117
1,<environment.Job instance at 0x154af2763eb0>,62,13,[ 2 10],82,129,142,47,117
1,<environment.Job instance at 0x154afdb46910>,63,2,[1 9],83,121,123,38,117
1,<environment.Job instance at 0x154afdb46aa0>,64,23,[1 5],84,142,165,58,136
1,<environment.Job instance at 0x154af2763190>,65,1,[8 1],85,142,143,57,136
1,<environment.Job instance at 0x154af276a820>,66,18,[10  1],86,146,164,60,136
1,<environment.Job instance at 0x154af276a9b0>,67,1,[8 2],87,143,144,56,136
1,<environment.Job instance at 0x154af276ad70>,68,2,[7 1],88,138,140,50,136
1,<environment.Job instance at 0x154af276ab90>,69,1,[5 1],89,140,141,51,136
1,<environment.Job instance at 0x154af276aa50>,70,2,[2 8],90,144,146,54,136
1,<environment.Job instance at 0x154af276a960>,71,3,[7 1],91,164,167,73,138
1,<environment.Job instance at 0x154af276a370>,72,3,[8 2],92,165,168,73,139
1,<environment.Job instance at 0x154af276a280>,73,2,[10  1],94,168,170,74,141
1,<environment.Job instance at 0x154af276a460>,74,22,[5 1],96,167,189,71,160
1,<environment.Job instance at 0x154af276a7d0>,75,14,[9 2],99,170,184,71,160
1,<environment.Job instance at 0x154af276adc0>,76,16,[8 2],101,184,200,83,171
1,<environment.Job instance at 0x154af276aaf0>,77,3,[1 5],102,171,174,69,171
1,<environment.Job instance at 0x154af276af50>,78,2,[5 2],103,189,191,86,171
1,<environment.Job instance at 0x154af276a5f0>,79,13,[8 1],105,200,213,95,184
1,<environment.Job instance at 0x154afc034550>,80,1,[7 2],106,191,192,85,184
1,<environment.Job instance at 0x154afc034780>,81,2,[2 8],107,184,186,77,184
1,<environment.Job instance at 0x154afc0346e0>,82,12,[9 1],108,213,225,105,196
1,<environment.Job instance at 0x154afc034500>,83,3,[9 2],110,225,228,115,199
1,<environment.Job instance at 0x154afc034d70>,84,1,[ 2 10],111,199,200,88,199
1,<environment.Job instance at 0x154afc034b90>,85,2,[6 2],112,200,202,88,199
1,<environment.Job instance at 0x154afc034a50>,86,1,[1 5],114,200,201,86,199
1,<environment.Job instance at 0x154afc034640>,87,2,[5 2],115,202,204,87,199
1,<environment.Job instance at 0x154afc034870>,88,2,[8 1],116,228,230,112,201
1,<environment.Job instance at 0x154afc034820>,89,2,[8 1],117,230,232,113,203
1,<environment.Job instance at 0x154afc0344b0>,90,17,[ 2 10],118,203,220,85,203
1,<environment.Job instance at 0x154afc0345f0>,91,3,[10  2],119,232,235,113,206
1,<environment.Job instance at 0x154af277be10>,2,3,[10  1],3,2903,2906,2900,2903
1,<environment.Job instance at 0x154aef26b820>,13,13,[6 1],18,58,71,40,58
1,<environment.Job instance at 0x154aef26be60>,14,2,[1 9],19,60,62,41,60
1,<environment.Job instance at 0x154af2744730>,15,3,[6 2],20,65,68,45,65
1,<environment.Job instance at 0x154af2744410>,16,3,[5 2],22,68,71,46,66
1,<environment.Job instance at 0x154af2744d20>,17,2,[1 8],23,66,68,43,66
1,<environment.Job instance at 0x154af038c500>,18,17,[9 1],24,71,88,47,66
1,<environment.Job instance at 0x154af27441e0>,19,2,[2 8],27,68,70,41,66
1,<environment.Job instance at 0x154af2744be0>,20,14,[2 8],28,70,84,42,66
1,<environment.Job instance at 0x154af03b9e10>,21,1,[10  2],29,88,89,59,66
1,<environment.Job instance at 0x154aef101d70>,22,17,[7 2],31,89,106,58,77
1,<environment.Job instance at 0x154aef3361e0>,23,13,[8 1],34,89,102,55,77
1,<environment.Job instance at 0x154aef426460>,24,2,[10  1],35,106,108,71,79
1,<environment.Job instance at 0x154aef7f52d0>,25,18,[8 1],37,108,126,71,97
1,<environment.Job instance at 0x154aef7f5c30>,26,1,[6 2],38,102,103,64,97
1,<environment.Job instance at 0x154af03965f0>,27,1,[6 1],39,103,104,64,97
1,<environment.Job instance at 0x154af03a42d0>,28,1,[8 1],40,104,105,64,97
1,<environment.Job instance at 0x154aef8a1690>,29,1,[5 1],43,105,106,62,97
1,<environment.Job instance at 0x154af0355af0>,30,2,[1 9],44,102,104,58,97
1,<environment.Job instance at 0x154af262a0a0>,31,3,[ 2 10],46,105,108,59,97
1,<environment.Job instance at 0x154af4b1e140>,32,2,[7 1],48,108,110,60,97
1,<environment.Job instance at 0x154af4b1e5f0>,33,2,[ 1 10],51,110,112,59,97
1,<environment.Job instance at 0x154b463b2e10>,34,1,[ 2 10],52,112,113,60,97
1,<environment.Job instance at 0x154af27ca410>,35,3,[1 9],54,113,116,59,97
1,<environment.Job instance at 0x154af27cadc0>,36,17,[ 1 10],55,116,133,61,104
1,<environment.Job instance at 0x154af27caf50>,37,13,[ 1 10],57,133,146,76,126
1,<environment.Job instance at 0x154aef485b90>,38,2,[ 1 10],60,146,148,86,141
1,<environment.Job instance at 0x154aef485280>,39,13,[7 2],61,141,154,80,141
1,<environment.Job instance at 0x154aef6dd7d0>,40,1,[1 6],62,148,149,86,142
1,<environment.Job instance at 0x154aef6dd910>,41,1,[1 8],63,149,150,86,142
1,<environment.Job instance at 0x154aef6ddbe0>,42,1,[8 2],65,150,151,85,147
1,<environment.Job instance at 0x154aef6dd690>,43,2,[10  2],66,154,156,88,147
1,<environment.Job instance at 0x154aef6ddf00>,44,2,[14  1],67,156,158,89,149
1,<environment.Job instance at 0x154aef6ddcd0>,45,14,[6 2],70,158,172,88,152
1,<environment.Job instance at 0x154afdc11050>,46,1,[5 2],71,152,153,81,152
1,<environment.Job instance at 0x154afdc113c0>,47,18,[10  2],72,172,190,100,161
1,<environment.Job instance at 0x154afdc118c0>,48,3,[1 5],73,161,164,88,161
1,<environment.Job instance at 0x154afdc11780>,49,14,[1 7],74,161,175,87,161
1,<environment.Job instance at 0x154afdc110a0>,50,2,[1 8],76,175,177,99,161
1,<environment.Job instance at 0x154afdc11d70>,51,12,[5 2],77,177,189,100,161
1,<environment.Job instance at 0x154afdb32500>,52,1,[2 9],78,189,190,111,161
1,<environment.Job instance at 0x154afdb325a0>,53,1,[10  2],79,190,191,111,162
1,<environment.Job instance at 0x154aefb658c0>,54,2,[5 2],82,164,166,82,162
1,<environment.Job instance at 0x154af3780230>,55,2,[10  1],83,191,193,108,164
1,<environment.Job instance at 0x154af3780cd0>,56,17,[7 1],85,193,210,108,181
1,<environment.Job instance at 0x154aef3e2410>,57,1,[7 2],86,193,194,107,181
1,<environment.Job instance at 0x154aef3e2c80>,58,15,[7 1],87,194,209,107,181
1,<environment.Job instance at 0x154aef3e2140>,59,13,[5 2],93,209,222,116,193
1,<environment.Job instance at 0x154aef3e2a50>,60,3,[1 9],94,193,196,99,193
1,<environment.Job instance at 0x154aef3e2eb0>,61,1,[1 7],97,196,197,99,193
1,<environment.Job instance at 0x154aef04e410>,62,14,[7 1],99,210,224,111,195
1,<environment.Job instance at 0x154afdb74b90>,63,3,[6 2],100,222,225,122,196
1,<environment.Job instance at 0x154afdb74640>,64,17,[6 2],105,224,241,119,213
1,<environment.Job instance at 0x154afdb74500>,65,2,[8 1],106,225,227,119,213
1,<environment.Job instance at 0x154afdb74a50>,66,3,[8 2],108,227,230,119,213
1,<environment.Job instance at 0x154af0387af0>,67,14,[10  2],109,241,255,132,226
1,<environment.Job instance at 0x154afdb74d20>,68,2,[2 6],110,230,232,120,226
1,<environment.Job instance at 0x154af03870a0>,69,17,[1 9],111,232,249,121,226
1,<environment.Job instance at 0x154af0387c30>,70,3,[1 6],112,226,229,114,226
1,<environment.Job instance at 0x154af03875a0>,71,1,[8 1],113,232,233,119,229
1,<environment.Job instance at 0x154af2771140>,72,1,[6 1],114,230,231,116,229
1,<environment.Job instance at 0x154af2771960>,73,1,[1 9],118,229,230,111,229
1,<environment.Job instance at 0x154af63b1a50>,18,1,[1 9],31,48,49,17,48
1,<environment.Job instance at 0x154af3bcd960>,19,18,[8 2],32,48,66,16,48
1,<environment.Job instance at 0x154afdbad8c0>,20,2,[5 1],33,48,50,15,48
1,<environment.Job instance at 0x154af63b1d20>,21,3,[2 5],34,49,52,15,48
1,<environment.Job instance at 0x154aef617b90>,22,1,[6 1],35,52,53,17,48
1,<environment.Job instance at 0x154aef617050>,23,1,[5 2],37,50,51,13,48
1,<environment.Job instance at 0x154aef1dc5f0>,24,1,[6 1],38,53,54,15,48
1,<environment.Job instance at 0x154af2451b90>,25,3,[2 5],44,54,57,10,48
1,<environment.Job instance at 0x154af26ea910>,26,2,[2 5],46,54,56,8,48
1,<environment.Job instance at 0x154afc009c80>,27,1,[2 9],47,57,58,10,48
1,<environment.Job instance at 0x154af24729b0>,28,18,[7 2],49,58,76,9,49
1,<environment.Job instance at 0x154af39048c0>,29,15,[1 5],50,66,81,16,52
1,<environment.Job instance at 0x154af3904550>,30,2,[2 9],51,76,78,25,52
1,<environment.Job instance at 0x154af2472c80>,31,2,[6 2],52,66,68,14,52
1,<environment.Job instance at 0x154af0356dc0>,32,3,[2 6],53,68,71,15,53
1,<environment.Job instance at 0x154af0356f50>,33,2,[1 6],54,66,68,12,54
1,<environment.Job instance at 0x154af03564b0>,34,1,[2 5],55,56,57,1,55
1,<environment.Job instance at 0x154af0356cd0>,35,1,[2 8],56,71,72,15,56
1,<environment.Job instance at 0x154aef1d7dc0>,36,2,[10  1],57,76,78,19,57
1,<environment.Job instance at 0x154aef1d75a0>,37,2,[7 1],58,72,74,14,58
1,<environment.Job instance at 0x154aef1d7c80>,38,2,[7 2],59,74,76,15,59
1,<environment.Job instance at 0x154aef1d7370>,39,1,[9 2],60,78,79,18,60
1,<environment.Job instance at 0x154aef6bb500>,40,2,[9 1],61,79,81,18,61
1,<environment.Job instance at 0x154af26e0050>,41,3,[9 1],63,81,84,18,63
1,<environment.Job instance at 0x154af26e01e0>,42,14,[8 2],65,84,98,19,69
1,<environment.Job instance at 0x154af26e0730>,43,3,[2 9],66,79,82,13,69
1,<environment.Job instance at 0x154af26e0410>,44,2,[1 9],68,82,84,14,69
1,<environment.Job instance at 0x154aef250be0>,45,3,[ 2 12],70,84,87,14,70
1,<environment.Job instance at 0x154af242af00>,46,3,[9 1],71,98,101,27,72
1,<environment.Job instance at 0x154af242ac80>,47,3,[1 8],73,87,90,14,73
1,<environment.Job instance at 0x154af242a050>,48,2,[5 1],77,82,84,5,77
1,<environment.Job instance at 0x154af242a1e0>,49,1,[2 5],78,78,79,0,78
1,<environment.Job instance at 0x154af36f46e0>,50,2,[1 8],79,90,92,11,79
1,<environment.Job instance at 0x154af36f4320>,51,17,[1 6],80,92,109,12,80
1,<environment.Job instance at 0x154aef755640>,52,17,[10  2],81,101,118,20,89
1,<environment.Job instance at 0x154aef7551e0>,53,12,[1 7],82,92,104,10,89
1,<environment.Job instance at 0x154aef755d70>,54,2,[11  1],84,118,120,34,91
1,<environment.Job instance at 0x154aef6e66e0>,55,3,[9 1],87,120,123,33,94
1,<environment.Job instance at 0x154aef755e10>,56,27,[9 2],88,123,150,35,121
1,<environment.Job instance at 0x154af2750fa0>,57,2,[7 1],89,150,152,61,123
1,<environment.Job instance at 0x154af02acf00>,58,3,[1 6],90,123,126,33,123
1,<environment.Job instance at 0x154af2744b40>,59,1,[6 1],91,126,127,35,123
1,<environment.Job instance at 0x154af2744e60>,60,1,[1 5],92,123,124,31,123
1,<environment.Job instance at 0x154af3bd5a00>,61,2,[1 7],93,124,126,31,123
1,<environment.Job instance at 0x154af3bd5280>,62,3,[1 7],94,127,130,33,123
1,<environment.Job instance at 0x154af03125a0>,63,1,[1 8],95,130,131,35,123
1,<environment.Job instance at 0x154af3bd5f50>,64,2,[2 5],96,127,129,31,123
1,<environment.Job instance at 0x154af0312230>,65,3,[1 9],97,131,134,34,123
1,<environment.Job instance at 0x154af391d820>,66,3,[8 1],98,150,153,52,124
1,<environment.Job instance at 0x154af391d870>,67,1,[2 9],99,134,135,35,124
1,<environment.Job instance at 0x154af391d9b0>,68,3,[1 9],102,135,138,33,124
1,<environment.Job instance at 0x154af37e46e0>,69,1,[9 1],103,153,154,50,125
1,<environment.Job instance at 0x154af37e48c0>,70,3,[1 7],104,138,141,34,125
1,<environment.Job instance at 0x154aef60f0a0>,71,2,[1 8],105,141,143,36,125
1,<environment.Job instance at 0x154aef60f8c0>,72,16,[10  1],106,154,170,48,141
1,<environment.Job instance at 0x154aef60fcd0>,73,3,[5 1],108,141,144,33,141
1,<environment.Job instance at 0x154aefb5a910>,74,3,[9 2],109,170,173,61,144
1,<environment.Job instance at 0x154aefb5a870>,75,14,[ 1 12],110,152,166,42,144
1,<environment.Job instance at 0x154aefb5ae60>,76,2,[ 1 10],111,144,146,33,144
1,<environment.Job instance at 0x154af3b95870>,77,1,[9 1],112,173,174,61,145
1,<environment.Job instance at 0x154af3b95960>,78,2,[1 5],113,146,148,33,145
1,<environment.Job instance at 0x154af3b957d0>,79,1,[6 2],114,148,149,34,145
1,<environment.Job instance at 0x154af3b954b0>,80,3,[7 2],116,174,177,58,148
1,<environment.Job instance at 0x154aef646b40>,81,13,[1 6],117,166,179,49,150
1,<environment.Job instance at 0x154aef6465a0>,82,19,[5 1],118,170,189,52,160
1,<environment.Job instance at 0x154aef6465a0>,5,1,[7 2],8,11,12,3,11
1,<environment.Job instance at 0x154af38642d0>,7,1,[6 2],11,11,12,0,11
1,<environment.Job instance at 0x154af3b846e0>,13,21,[6 2],22,22,43,0,22
1,<environment.Job instance at 0x154af23e6c30>,20,3,[7 1],34,34,37,0,34
1,<environment.Job instance at 0x154af370efa0>,21,1,[ 1 10],35,35,36,0,35
1,<environment.Job instance at 0x154af262e820>,22,18,[6 1],36,37,55,1,36
1,<environment.Job instance at 0x154afdbdf500>,23,3,[2 9],37,37,40,0,37
1,<environment.Job instance at 0x154afdbdf960>,24,14,[ 1 10],38,40,54,2,38
1,<environment.Job instance at 0x154b2cf55320>,25,18,[2 8],39,54,72,15,43
1,<environment.Job instance at 0x154b2cf55730>,26,27,[7 1],41,43,70,2,43
1,<environment.Job instance at 0x154af3c2a230>,27,18,[8 1],42,70,88,28,59
1,<environment.Job instance at 0x154af3c2a1e0>,28,2,[6 2],43,59,61,16,59
1,<environment.Job instance at 0x154af23a1690>,29,16,[6 2],45,72,88,27,59
1,<environment.Job instance at 0x154aefb215f0>,30,2,[2 6],46,61,63,15,59
1,<environment.Job instance at 0x154aefb21280>,31,2,[9 1],48,88,90,40,61
1,<environment.Job instance at 0x154aefb21af0>,32,2,[8 1],50,90,92,40,63
1,<environment.Job instance at 0x154aefb212d0>,33,1,[ 1 10],53,72,73,19,63
1,<environment.Job instance at 0x154aefb21230>,34,1,[8 1],54,92,93,38,64
1,<environment.Job instance at 0x154aefb21a00>,35,1,[8 1],55,93,94,38,65
1,<environment.Job instance at 0x154aef4bb190>,36,3,[2 7],56,88,91,32,65
1,<environment.Job instance at 0x154aef4bbeb0>,37,14,[1 9],58,73,87,15,65
1,<environment.Job instance at 0x154b2c0d58c0>,38,3,[1 6],62,65,68,3,65
1,<environment.Job instance at 0x154b2c0d5a50>,39,1,[2 7],63,88,89,25,65
1,<environment.Job instance at 0x154b2c0d5870>,40,12,[5 2],64,90,102,26,73
1,<environment.Job instance at 0x154af3882050>,43,3,[1 8],68,91,94,23,73
1,<environment.Job instance at 0x154aef02e320>,44,3,[2 9],72,94,97,22,74
1,<environment.Job instance at 0x154aef5c7960>,45,1,[8 2],74,94,95,20,75
1,<environment.Job instance at 0x154b2c09faa0>,46,3,[7 1],76,95,98,19,76
1,<environment.Job instance at 0x154b2c09f7d0>,47,3,[ 2 10],79,97,100,18,79
1,<environment.Job instance at 0x154b2c09f460>,48,3,[7 2],81,98,101,17,81
1,<environment.Job instance at 0x154b2c09f960>,49,3,[9 2],83,101,104,18,83
1,<environment.Job instance at 0x154b2c09fe60>,50,3,[1 6],86,100,103,14,86
1,<environment.Job instance at 0x154b2c09fa50>,51,13,[1 5],87,102,115,15,87
1,<environment.Job instance at 0x154af24b6a00>,52,1,[2 7],88,89,90,1,88
1,<environment.Job instance at 0x154af24b6c30>,53,2,[2 5],89,103,105,14,89
1,<environment.Job instance at 0x154af24b6870>,54,3,[1 8],90,105,108,15,90
1,<environment.Job instance at 0x154af24b6960>,55,1,[10  2],91,104,105,13,91
1,<environment.Job instance at 0x154af24b6fa0>,58,3,[9 2],96,105,108,9,99
1,<environment.Job instance at 0x154af24b66e0>,60,2,[6 2],98,108,110,10,99
1,<environment.Job instance at 0x154b2c0d0af0>,63,2,[2 6],105,108,110,3,105
1,<environment.Job instance at 0x154b2c0d0730>,64,17,[2 7],108,110,127,2,108
1,<environment.Job instance at 0x154b2c0d0370>,65,1,[2 9],109,127,128,18,109
1,<environment.Job instance at 0x154b2c0d0dc0>,66,1,[2 6],110,115,116,5,110
1,<environment.Job instance at 0x154b2c0d0be0>,67,2,[1 8],111,116,118,5,111
1,<environment.Job instance at 0x154b2c0d0960>,70,2,[2 8],116,140,142,24,140
1,<environment.Job instance at 0x154b2c0d0f00>,73,2,[1 7],119,140,142,21,140
1,<environment.Job instance at 0x147b8a61faf0>,24,12,[ 1 10],32,32,44,0,32
1,<environment.Job instance at 0x147b8a61feb0>,25,2,[2 8],34,44,46,10,37
1,<environment.Job instance at 0x147b8a61fd20>,26,1,[2 7],35,44,45,9,38
1,<environment.Job instance at 0x147b8a61fe10>,27,2,[2 7],36,45,47,9,38
1,<environment.Job instance at 0x147b8a61f820>,28,2,[2 7],37,46,48,9,39
1,<environment.Job instance at 0x147b8a61fb40>,29,16,[10  2],39,47,63,8,39
1,<environment.Job instance at 0x147b8a6bdcd0>,30,15,[2 9],40,48,63,8,40
1,<environment.Job instance at 0x147b8a680c80>,31,3,[9 2],41,41,44,0,41
1,<environment.Job instance at 0x147b8a60d730>,32,3,[2 9],42,63,66,21,42
1,<environment.Job instance at 0x147b8a60df00>,33,1,[2 7],43,66,67,23,45
1,<environment.Job instance at 0x147b8a60dcd0>,34,15,[11  1],44,63,78,19,49
1,<environment.Job instance at 0x147b8a60d6e0>,35,2,[1 8],45,67,69,22,49
1,<environment.Job instance at 0x147b8a60d7d0>,36,3,[10  2],48,78,81,30,52
1,<environment.Job instance at 0x147b8a6c9b90>,37,2,[ 1 10],50,69,71,19,52
1,<environment.Job instance at 0x147b8a60dc80>,38,1,[8 1],51,81,82,30,53
1,<environment.Job instance at 0x147b8a60d3c0>,39,3,[1 5],52,63,66,11,53
1,<environment.Job instance at 0x147b8a60e2d0>,40,3,[1 6],53,66,69,13,53
1,<environment.Job instance at 0x147b8a65e550>,41,25,[12  2],54,82,107,28,78
1,<environment.Job instance at 0x147b8a60eaa0>,42,1,[10  1],56,107,108,51,79
1,<environment.Job instance at 0x147b8a663320>,43,3,[7 2],57,108,111,51,82
1,<environment.Job instance at 0x147b8a663190>,44,3,[1 8],58,82,85,24,82
1,<environment.Job instance at 0x147b8a6615a0>,45,3,[2 8],60,85,88,25,82
1,<environment.Job instance at 0x147b8a6850f0>,46,2,[2 8],61,88,90,27,82
1,<environment.Job instance at 0x147b8a685960>,47,1,[1 6],63,90,91,27,82
1,<environment.Job instance at 0x147b8a6859b0>,48,1,[2 9],65,91,92,26,82
1,<environment.Job instance at 0x147b8a7046e0>,49,16,[8 2],66,108,124,42,95
1,<environment.Job instance at 0x147b8a685140>,50,12,[9 1],68,124,136,56,107
1,<environment.Job instance at 0x147b8a627960>,51,2,[8 2],69,136,138,67,109
1,<environment.Job instance at 0x147b8a685aa0>,52,2,[1 7],72,111,113,39,109
1,<environment.Job instance at 0x147b8a627370>,53,3,[6 1],73,111,114,38,109
1,<environment.Job instance at 0x147b8a6270a0>,54,2,[2 5],75,114,116,39,109
1,<environment.Job instance at 0x147b8a6271e0>,55,16,[2 5],76,114,130,38,109
1,<environment.Job instance at 0x147b8a627140>,56,1,[10  2],79,138,139,59,110
1,<environment.Job instance at 0x147b8a62a6e0>,57,22,[1 5],80,116,138,36,110
1,<environment.Job instance at 0x147b8a62af50>,58,15,[2 9],82,138,153,56,124
1,<environment.Job instance at 0x147b8a62a0f0>,59,1,[1 9],85,130,131,45,124
1,<environment.Job instance at 0x147b8a678050>,60,17,[8 1],86,139,156,53,127
1,<environment.Job instance at 0x147b8a61c460>,61,3,[1 5],87,131,134,44,127
1,<environment.Job instance at 0x147b8a61c050>,62,3,[9 2],88,156,159,68,132
1,<environment.Job instance at 0x147b8a61c820>,63,3,[10  1],89,159,162,70,133
1,<environment.Job instance at 0x147b8a63a4b0>,64,12,[9 1],91,162,174,71,145
1,<environment.Job instance at 0x147b8a63ab90>,65,3,[2 9],92,153,156,61,145
1,<environment.Job instance at 0x147b8a63a730>,66,3,[1 9],93,156,159,63,145
1,<environment.Job instance at 0x147b8a60b6e0>,67,1,[13  1],94,174,175,80,146
1,<environment.Job instance at 0x147b8a158a50>,68,3,[1 9],95,159,162,64,146
1,<environment.Job instance at 0x147b8a63a640>,69,1,[2 5],96,146,147,50,146
1,<environment.Job instance at 0x147b8a63aa50>,70,2,[ 2 10],97,162,164,65,146
1,<environment.Job instance at 0x147b8a178140>,71,3,[2 9],99,164,167,65,146
1,<environment.Job instance at 0x147b8a178fa0>,72,13,[7 2],102,175,188,73,159
1,<environment.Job instance at 0x147b8a174fa0>,73,2,[6 2],103,167,169,64,159
1,<environment.Job instance at 0x147b8a174cd0>,74,3,[6 2],106,169,172,63,159
1,<environment.Job instance at 0x147b8a174b90>,75,1,[1 6],107,172,173,65,159
1,<environment.Job instance at 0x147b8a1774b0>,76,2,[2 5],108,159,161,51,159
1,<environment.Job instance at 0x147b8a177820>,77,2,[ 1 10],109,173,175,64,159
1,<environment.Job instance at 0x147b8a6c5780>,78,3,[2 9],110,175,178,65,159
1,<environment.Job instance at 0x147b8a630050>,79,3,[7 2],111,178,181,67,159
1,<environment.Job instance at 0x147b8a630cd0>,80,14,[7 1],112,181,195,69,166
1,<environment.Job instance at 0x147b8a630320>,81,3,[ 2 10],114,188,191,74,166
1,<environment.Job instance at 0x147b8a639730>,82,12,[2 8],115,191,203,76,174
1,<environment.Job instance at 0x147b8a625f00>,83,1,[10  1],117,195,196,78,174
1,<environment.Job instance at 0x147b8a6250a0>,84,2,[ 1 10],118,178,180,60,174
1,<environment.Job instance at 0x147b8a625820>,85,1,[7 2],120,196,197,76,174
1,<environment.Job instance at 0x147b89efe640>,86,2,[1 8],121,180,182,59,174
1,<environment.Job instance at 0x147b89efe500>,87,2,[2 6],122,191,193,69,174
1,<environment.Job instance at 0x147b89efe050>,88,1,[1 5],123,182,183,59,174
1,<environment.Job instance at 0x147b89efe3c0>,89,2,[1 9],126,183,185,57,174
1,<environment.Job instance at 0x147b89efe4b0>,90,1,[2 7],127,197,198,70,174
1,<environment.Job instance at 0x147b89efe780>,91,1,[2 5],128,193,194,65,174
1,<environment.Job instance at 0x147b89efe8c0>,92,15,[7 1],129,198,213,69,184
1,<environment.Job instance at 0x147b8a61f910>,22,1,[2 7],30,212,213,182,212
1,<environment.Job instance at 0x147b8a73fdc0>,20,2,[ 1 13],27,213,215,186,213
1,<environment.Job instance at 0x147b8a61f320>,23,2,[8 1],31,442,444,411,442
1,<environment.Job instance at 0x147b8c7b1b40>,8,1,[2 8],11,16,17,5,16
1,<environment.Job instance at 0x147b8c7b14b0>,10,1,[ 2 14],13,17,18,4,16
1,<environment.Job instance at 0x147b8c7b1fa0>,11,1,[8 2],14,16,17,2,16
1,<environment.Job instance at 0x147b8c7b1cd0>,12,15,[5 1],15,16,31,1,16
1,<environment.Job instance at 0x147b8c7b16e0>,13,18,[1 8],16,18,36,2,16
1,<environment.Job instance at 0x147b8c7b1e60>,14,2,[ 1 10],20,36,38,16,20
1,<environment.Job instance at 0x147b8c7b73c0>,15,3,[11  2],21,31,34,10,21
1,<environment.Job instance at 0x147b8c7b7550>,16,3,[ 2 10],22,38,41,16,22
1,<environment.Job instance at 0x147b8c7b7500>,17,3,[2 5],23,23,26,0,23
1,<environment.Job instance at 0x147b8c7bb2d0>,18,1,[8 1],24,26,27,2,24
1,<environment.Job instance at 0x147b8c7bb870>,19,3,[5 2],26,27,30,1,26
1,<environment.Job instance at 0x147b8c7bbd20>,20,15,[9 2],27,34,49,7,27
1,<environment.Job instance at 0x147b8c7bb320>,21,18,[2 6],28,41,59,13,30
1,<environment.Job instance at 0x147b8c7bbe10>,22,1,[1 6],29,30,31,1,30
1,<environment.Job instance at 0x147b8c7bb640>,23,1,[1 7],30,41,42,11,30
1,<environment.Job instance at 0x147b8c7bbd70>,24,3,[9 1],33,49,52,16,33
1,<environment.Job instance at 0x147b8c7bb230>,25,3,[12  1],34,52,55,18,34
1,<environment.Job instance at 0x147b8c6f8dc0>,26,1,[1 8],36,49,50,13,36
1,<environment.Job instance at 0x147b8c6f8230>,27,15,[1 6],37,50,65,13,37
1,<environment.Job instance at 0x147b8c6f82d0>,28,3,[7 2],38,55,58,17,38
1,<environment.Job instance at 0x147b8c6f8730>,29,2,[1 8],39,59,61,20,39
1,<environment.Job instance at 0x147b8c6f8780>,30,3,[1 7],41,42,45,1,41
1,<environment.Job instance at 0x147b8c6f85f0>,31,13,[ 1 14],42,65,78,23,49
1,<environment.Job instance at 0x147b8c6f8820>,32,27,[1 8],43,78,105,35,76
1,<environment.Job instance at 0x147b8c6fe910>,38,15,[1 7],55,78,93,23,76
1,<environment.Job instance at 0x147b8c6fed70>,39,3,[ 2 10],56,105,108,49,79
1,<environment.Job instance at 0x147b8c6fed20>,40,2,[1 9],58,108,110,50,81
1,<environment.Job instance at 0x147b8c6fe460>,41,2,[ 2 10],61,110,112,49,83
1,<environment.Job instance at 0x147b8ca7c7d0>,42,3,[5 2],62,93,96,31,83
1,<environment.Job instance at 0x147b8ca7c910>,43,15,[2 7],63,112,127,49,98
1,<environment.Job instance at 0x147b8ca7cf00>,44,2,[ 2 10],64,127,129,63,100
1,<environment.Job instance at 0x147b8ca7c500>,45,2,[2 9],65,129,131,64,102
1,<environment.Job instance at 0x147b8ca7c8c0>,46,17,[ 2 10],66,131,148,65,119
1,<environment.Job instance at 0x147b8ca7c0f0>,49,3,[5 2],70,119,122,49,119
1,<environment.Job instance at 0x147b8ca7c9b0>,50,2,[ 1 10],71,148,150,77,121
1,<environment.Job instance at 0x147b8ca7c320>,51,13,[ 2 10],72,150,163,78,134
1,<environment.Job instance at 0x147b8ca7c550>,54,15,[1 7],75,163,178,88,149
1,<environment.Job instance at 0x147b8c7e6550>,55,3,[ 2 10],77,178,181,101,152
1,<environment.Job instance at 0x147b8c7e6f00>,56,14,[10  1],79,152,166,73,152
1,<environment.Job instance at 0x147b8c7e69b0>,57,12,[7 1],80,166,178,86,152
1,<environment.Job instance at 0x147b8c7e6500>,58,2,[8 2],81,178,180,97,152
1,<environment.Job instance at 0x147b8c8e5eb0>,59,3,[8 1],82,180,183,98,154
1,<environment.Job instance at 0x147b8c8e55a0>,60,2,[2 5],83,163,165,80,154
1,<environment.Job instance at 0x147b8c6edaa0>,61,3,[6 1],84,166,169,82,154
1,<environment.Job instance at 0x147b8c6ed960>,62,2,[10  1],85,183,185,98,156
1,<environment.Job instance at 0x147b8c6ed140>,63,3,[ 2 10],87,181,184,94,156
1,<environment.Job instance at 0x147b8c6ed0a0>,64,18,[8 1],88,185,203,97,174
1,<environment.Job instance at 0x147b8c6ed5a0>,65,16,[1 6],89,184,200,95,174
1,<environment.Job instance at 0x147b8c6ede10>,66,17,[1 6],91,184,201,93,174
1,<environment.Job instance at 0x147b8c6edd70>,67,17,[7 1],92,201,218,109,189
1,<environment.Job instance at 0x147b8c6ed6e0>,68,1,[2 6],93,200,201,107,189
1,<environment.Job instance at 0x147b8c6ed640>,69,16,[9 1],96,218,234,122,205
1,<environment.Job instance at 0x147b8c79e7d0>,72,12,[1 5],102,205,217,103,205
1,<environment.Job instance at 0x147b8c79ee10>,73,2,[6 2],103,205,207,102,205
1,<environment.Job instance at 0x147b8c79ec30>,74,1,[9 1],105,234,235,129,206
1,<environment.Job instance at 0x147b8c79e690>,75,2,[8 1],106,235,237,129,208
1,<environment.Job instance at 0x147b8c79e640>,76,1,[ 1 10],107,217,218,110,208
1,<environment.Job instance at 0x147b8c6eecd0>,77,2,[1 5],109,208,210,99,208
1,<environment.Job instance at 0x147b8c6eea50>,78,3,[1 5],110,210,213,100,208
1,<environment.Job instance at 0x147b8c6ee730>,79,2,[10  2],111,237,239,126,210
1,<environment.Job instance at 0x147b8c6ee500>,80,3,[2 8],115,213,216,98,210
1,<environment.Job instance at 0x147b8c6ee820>,81,1,[2 6],116,216,217,100,210
1,<environment.Job instance at 0x147b8c6eea00>,82,2,[1 6],117,218,220,101,210
1,<environment.Job instance at 0x147b8c6eec80>,83,18,[7 2],119,239,257,120,228
1,<environment.Job instance at 0x147b8c8de820>,87,2,[2 5],128,228,230,100,228
1,<environment.Job instance at 0x147b8c8de5f0>,88,14,[2 8],129,228,242,99,228
1,<environment.Job instance at 0x147b8c7b1be0>,5,16,[8 1],7,245,261,238,245
1,<environment.Job instance at 0x147b8c873b90>,3,2,[ 2 12],6,6,8,0,6
1,<environment.Job instance at 0x147b8c9bad70>,11,3,[ 2 10],15,16,19,1,16
1,<environment.Job instance at 0x147b8c839730>,12,3,[ 1 13],16,19,22,3,16
1,<environment.Job instance at 0x147b8c9ba0a0>,13,3,[1 5],19,22,25,3,19
1,<environment.Job instance at 0x147b8c9bab40>,14,21,[ 2 13],20,25,46,5,20
1,<environment.Job instance at 0x147b8c91ed70>,15,1,[2 8],21,46,47,25,26
1,<environment.Job instance at 0x147b8c91eb40>,16,1,[7 1],22,26,27,4,26
1,<environment.Job instance at 0x147b8c91e5a0>,17,18,[5 2],23,27,45,4,26
1,<environment.Job instance at 0x147b8c91e640>,18,2,[8 2],25,45,47,20,26
1,<environment.Job instance at 0x147b8c91e4b0>,19,3,[1 7],26,47,50,21,26
1,<environment.Job instance at 0x147b8c9f56e0>,20,18,[8 1],27,47,65,20,36
1,<environment.Job instance at 0x147b8c9f5d20>,21,1,[5 2],28,46,47,18,36
1,<environment.Job instance at 0x147b8c9f5a50>,22,1,[1 8],29,50,51,21,36
1,<environment.Job instance at 0x147b8c9f58c0>,23,3,[1 7],30,47,50,17,36
1,<environment.Job instance at 0x147b8a68d6e0>,24,2,[5 2],32,50,52,18,36
1,<environment.Job instance at 0x147b8a68dfa0>,25,2,[1 7],34,51,53,17,36
1,<environment.Job instance at 0x147b8a68d460>,26,2,[5 2],35,52,54,17,36
1,<environment.Job instance at 0x147b8a68da50>,27,1,[1 6],37,53,54,16,37
1,<environment.Job instance at 0x147b8a68dc80>,28,12,[7 1],38,54,66,16,38
1,<environment.Job instance at 0x147b8a68d640>,29,2,[10  1],39,66,68,27,39
1,<environment.Job instance at 0x147b8a68daf0>,30,3,[2 7],40,65,68,25,40
1,<environment.Job instance at 0x147b8a68d3c0>,31,17,[7 1],42,68,85,26,56
1,<environment.Job instance at 0x147b8a68d5f0>,32,1,[2 5],44,65,66,21,56
1,<environment.Job instance at 0x147b8a68dc30>,33,3,[1 8],45,68,71,23,56
1,<environment.Job instance at 0x147b8a68d7d0>,34,12,[7 2],47,68,80,21,56
1,<environment.Job instance at 0x147b8c9faf50>,35,2,[7 2],49,80,82,31,56
1,<environment.Job instance at 0x147b8c9fa8c0>,36,3,[ 2 10],51,82,85,31,56
1,<environment.Job instance at 0x147b8c9fa870>,37,14,[8 2],52,85,99,33,70
1,<environment.Job instance at 0x147b8c9facd0>,38,2,[2 5],54,85,87,31,70
1,<environment.Job instance at 0x147b8c9fa190>,39,1,[ 2 10],55,87,88,32,70
1,<environment.Job instance at 0x147b8c9fa5a0>,40,14,[8 1],56,99,113,43,84
1,<environment.Job instance at 0x147b8c9fa910>,41,2,[ 1 10],57,88,90,31,84
1,<environment.Job instance at 0x147b8c9fa3c0>,42,3,[7 2],58,90,93,32,84
1,<environment.Job instance at 0x147b8c9fa460>,43,21,[7 2],60,93,114,33,85
1,<environment.Job instance at 0x147b8c92d3c0>,44,13,[5 2],61,113,126,52,97
1,<environment.Job instance at 0x147b8c9fa500>,45,3,[1 9],62,113,116,51,97
1,<environment.Job instance at 0x147b8c92d5f0>,46,1,[6 1],63,114,115,51,97
1,<environment.Job instance at 0x147b8c92da00>,47,3,[5 1],64,115,118,51,97
1,<environment.Job instance at 0x147b897fc280>,48,3,[1 7],69,116,119,47,97
1,<environment.Job instance at 0x147b8c9b9c80>,49,12,[7 1],71,118,130,47,101
1,<environment.Job instance at 0x147b8c9b9550>,50,20,[8 2],72,126,146,54,117
1,<environment.Job instance at 0x147b8c9b9e60>,51,2,[10  1],73,146,148,73,119
1,<environment.Job instance at 0x147b8c9b9af0>,52,3,[1 9],74,119,122,45,119
1,<environment.Job instance at 0x147b8c9b90a0>,53,3,[1 8],78,122,125,44,119
1,<environment.Job instance at 0x147b8a6a5eb0>,54,2,[2 7],81,130,132,49,119
1,<environment.Job instance at 0x147b8a6a55f0>,55,2,[9 2],82,148,150,66,121
1,<environment.Job instance at 0x147b8a6a52d0>,56,3,[5 2],83,130,133,47,121
1,<environment.Job instance at 0x147b8a6a5cd0>,57,16,[7 2],84,150,166,66,137
1,<environment.Job instance at 0x147b8a6a5410>,58,1,[ 2 10],85,137,138,52,137
1,<environment.Job instance at 0x147b8a6a5f50>,59,18,[5 2],87,137,155,50,137
1,<environment.Job instance at 0x147b8a6a5960>,60,1,[1 8],88,138,139,50,137
1,<environment.Job instance at 0x147b8a6a5fa0>,61,13,[1 7],90,148,161,58,137
1,<environment.Job instance at 0x147b8c6dab90>,62,12,[2 9],93,161,173,68,144
1,<environment.Job instance at 0x147b8c6daaa0>,63,3,[5 2],94,155,158,61,144
1,<environment.Job instance at 0x147b8db0ff00>,64,2,[ 2 10],95,144,146,49,144
1,<environment.Job instance at 0x147b8db0fc80>,65,15,[8 2],96,166,181,70,152
1,<environment.Job instance at 0x147b8dafe190>,66,17,[10  1],98,181,198,83,169
1,<environment.Job instance at 0x147b8dafe2d0>,67,2,[ 2 12],100,173,175,73,169
1,<environment.Job instance at 0x147b8dafe8c0>,68,1,[6 2],101,175,176,74,169
1,<environment.Job instance at 0x147b8dafea00>,69,3,[2 7],103,176,179,73,169
1,<environment.Job instance at 0x147b8db61b40>,70,15,[ 1 11],107,179,194,72,169
1,<environment.Job instance at 0x147b8db61640>,71,2,[8 1],108,198,200,90,171
1,<environment.Job instance at 0x147b8db61dc0>,72,2,[1 9],111,194,196,83,171
1,<environment.Job instance at 0x147b8db61460>,73,2,[1 6],112,175,177,63,171
1,<environment.Job instance at 0x147b8db61410>,74,1,[1 9],113,196,197,83,171
1,<environment.Job instance at 0x147b8db61d20>,75,3,[1 8],114,197,200,83,171
1,<environment.Job instance at 0x147b8db61d70>,76,1,[9 2],115,200,201,85,172
1,<environment.Job instance at 0x147b8db61aa0>,77,18,[ 1 10],116,200,218,84,189
1,<environment.Job instance at 0x147b8a6407d0>,78,2,[1 6],118,197,199,79,189
1,<environment.Job instance at 0x147b8ca75f00>,79,3,[ 2 10],120,218,221,98,192
1,<environment.Job instance at 0x147b8ca751e0>,80,1,[7 2],121,201,202,80,192
1,<environment.Job instance at 0x147b8ca75410>,81,3,[9 1],122,202,205,80,192
1,<environment.Job instance at 0x147b93df4a00>,82,16,[9 1],123,205,221,82,192
1,<environment.Job instance at 0x147b8ca75b40>,83,1,[6 2],125,199,200,74,192
1,<environment.Job instance at 0x147b8ca758c0>,84,3,[2 7],126,221,224,95,195
1,<environment.Job instance at 0x147b8ca75050>,85,14,[7 2],127,221,235,94,206
1,<environment.Job instance at 0x147b8ca75b90>,86,2,[ 1 10],129,224,226,95,206
1,<environment.Job instance at 0x147b8c9bad20>,9,1,[1 5],13,795,796,782,795
1,<environment.Job instance at 0x147b8c9baaf0>,8,2,[6 2],12,1194,1196,1182,1194
1,<environment.Job instance at 0x147b8c7365f0>,32,1,[2 6],53,58,59,5,58
1,<environment.Job instance at 0x147b8c736be0>,34,2,[8 1],56,58,60,2,58
1,<environment.Job instance at 0x147b8c736780>,35,3,[2 9],57,59,62,2,58
1,<environment.Job instance at 0x147b8c736730>,36,1,[5 1],59,60,61,1,60
1,<environment.Job instance at 0x147b8c736550>,37,3,[1 5],60,60,63,0,60
1,<environment.Job instance at 0x147b8c736c80>,38,2,[1 9],61,62,64,1,61
1,<environment.Job instance at 0x147b8c6c5870>,39,3,[2 8],62,64,67,2,62
1,<environment.Job instance at 0x147b8c6c52d0>,40,1,[1 8],65,67,68,2,65
1,<environment.Job instance at 0x147b8c6c5af0>,41,16,[2 6],66,66,82,0,66
1,<environment.Job instance at 0x147b8c6c5f50>,42,3,[1 6],67,68,71,1,67
1,<environment.Job instance at 0x147b8c6c53c0>,43,2,[8 2],68,68,70,0,68
1,<environment.Job instance at 0x147b8c6c58c0>,44,14,[9 1],70,70,84,0,70
1,<environment.Job instance at 0x147b8c6c50f0>,45,3,[10  1],71,84,87,13,71
1,<environment.Job instance at 0x147b8c6c59b0>,46,2,[1 7],72,72,74,0,72
1,<environment.Job instance at 0x147b8c6c55f0>,47,15,[1 5],73,74,89,1,73
1,<environment.Job instance at 0x147ba4cb5190>,48,3,[1 9],74,82,85,8,74
1,<environment.Job instance at 0x147ba4cb5910>,49,2,[1 8],76,85,87,9,76
1,<environment.Job instance at 0x147ba4cb5550>,50,2,[1 5],78,87,89,9,78
1,<environment.Job instance at 0x147ba4ae6230>,51,15,[10  1],79,87,102,8,79
1,<environment.Job instance at 0x147ba4ae6e60>,52,1,[2 8],80,89,90,9,80
1,<environment.Job instance at 0x147ba4ae63c0>,53,1,[8 2],81,102,103,21,81
1,<environment.Job instance at 0x147b8c906320>,54,14,[14  1],82,103,117,21,88
1,<environment.Job instance at 0x147b8c906f50>,55,2,[6 1],84,117,119,33,90
1,<environment.Job instance at 0x147b8c906870>,56,3,[10  1],86,119,122,33,93
1,<environment.Job instance at 0x147b8c906e60>,57,3,[10  2],87,122,125,35,96
1,<environment.Job instance at 0x147b8c9065f0>,58,3,[ 2 11],90,96,99,6,96
1,<environment.Job instance at 0x147b8c9069b0>,59,2,[1 7],91,99,101,8,96
1,<environment.Job instance at 0x147b8c906e10>,60,1,[1 5],92,99,100,7,96
1,<environment.Job instance at 0x147b8c906460>,61,18,[8 2],93,125,143,32,114
1,<environment.Job instance at 0x147b8c906c80>,62,3,[1 6],94,114,117,20,114
1,<environment.Job instance at 0x147b8c9063c0>,63,16,[1 5],95,117,133,22,114
1,<environment.Job instance at 0x147b8c9060f0>,64,2,[ 1 10],96,133,135,37,114
1,<environment.Job instance at 0x147b8a62a230>,65,17,[2 9],97,135,152,38,123
1,<environment.Job instance at 0x147b8a62a0f0>,66,15,[7 2],98,143,158,45,129
1,<environment.Job instance at 0x147b8a62a0a0>,67,16,[2 8],99,152,168,53,139
1,<environment.Job instance at 0x147b8a62a4b0>,68,3,[6 1],100,143,146,43,139
1,<environment.Job instance at 0x147b8a62a730>,69,2,[1 8],101,168,170,67,141
1,<environment.Job instance at 0x147b8a62a5f0>,70,3,[2 8],102,170,173,68,144
1,<environment.Job instance at 0x147b8a62ae10>,71,2,[2 8],103,173,175,70,146
1,<environment.Job instance at 0x147b8a62a960>,72,3,[5 2],106,146,149,40,146
1,<environment.Job instance at 0x147b8a62ad20>,73,1,[6 2],108,149,150,41,146
1,<environment.Job instance at 0x147b8a62aaf0>,74,2,[2 8],109,175,177,66,148
1,<environment.Job instance at 0x147b8a62a370>,75,1,[6 2],111,150,151,39,148
1,<environment.Job instance at 0x147b8a62ab90>,76,1,[2 9],112,177,178,65,149
1,<environment.Job instance at 0x147b8a62a9b0>,77,27,[ 2 10],113,178,205,65,176
1,<environment.Job instance at 0x147b8a62a2d0>,78,2,[10  1],114,176,178,62,176
1,<environment.Job instance at 0x147b8a62a280>,79,2,[2 7],116,205,207,89,178
1,<environment.Job instance at 0x147b8a62adc0>,80,1,[5 2],117,178,179,61,178
1,<environment.Job instance at 0x147b8a62af00>,81,1,[2 5],118,179,180,61,178
1,<environment.Job instance at 0x147b8a62a780>,82,2,[ 1 10],120,207,209,87,180
1,<environment.Job instance at 0x147b89a8f640>,83,3,[2 5],121,180,183,59,180
1,<environment.Job instance at 0x147b8a62a820>,84,12,[6 1],122,183,195,61,180
1,<environment.Job instance at 0x147b89a8f230>,85,2,[5 2],123,183,185,60,180
1,<environment.Job instance at 0x147b89a8f320>,86,1,[7 1],126,185,186,59,180
1,<environment.Job instance at 0x147ba4bfd1e0>,87,2,[7 1],127,186,188,59,180
1,<environment.Job instance at 0x147ba4bfd780>,88,1,[7 2],128,188,189,60,180
1,<environment.Job instance at 0x147ba4bfdfa0>,89,3,[10  2],129,195,198,66,180
1,<environment.Job instance at 0x147b8c7369b0>,28,27,[1 7],45,209,236,164,209
1,<environment.Job instance at 0x147b899908c0>,7,1,[1 7],11,11,12,0,11
1,<environment.Job instance at 0x147b8998d960>,8,3,[2 7],12,12,15,0,12
1,<environment.Job instance at 0x147b8998d140>,9,2,[1 5],13,13,15,0,13
1,<environment.Job instance at 0x147b89990820>,10,1,[1 9],15,15,16,0,15
1,<environment.Job instance at 0x147b8998d870>,11,1,[2 5],16,16,17,0,16
1,<environment.Job instance at 0x147b899b8320>,12,15,[7 1],17,17,32,0,17
1,<environment.Job instance at 0x147b89f33820>,13,1,[2 6],18,18,19,0,18
1,<environment.Job instance at 0x147b8998d910>,14,1,[2 8],20,20,21,0,20
1,<environment.Job instance at 0x147b899b81e0>,15,1,[2 6],21,21,22,0,21
1,<environment.Job instance at 0x147b8998ddc0>,16,3,[1 7],23,23,26,0,23
1,<environment.Job instance at 0x147b8cb78730>,19,12,[7 1],36,36,48,0,36
1,<environment.Job instance at 0x147b8cb78cd0>,20,13,[13  2],37,48,61,11,37
1,<environment.Job instance at 0x147b8cb78370>,21,3,[9 2],38,61,64,23,38
1,<environment.Job instance at 0x147b8cb78780>,22,2,[7 1],41,41,43,0,41
1,<environment.Job instance at 0x147b8cb78b90>,23,16,[ 1 10],42,42,58,0,42
1,<environment.Job instance at 0x147b8cb78be0>,24,3,[2 5],44,58,61,14,44
1,<environment.Job instance at 0x147b8cb78820>,25,1,[8 1],45,64,65,19,45
1,<environment.Job instance at 0x147b8cb78910>,17,1,[2 9],34,61,62,27,60
1,<environment.Job instance at 0x147b89f07050>,26,28,[5 1],46,62,90,16,61
1,<environment.Job instance at 0x147b89f07aa0>,28,18,[5 1],48,65,83,17,61
1,<environment.Job instance at 0x147b89f07500>,29,15,[6 1],49,83,98,34,69
1,<environment.Job instance at 0x147b89f07a50>,30,3,[6 2],50,90,93,40,69
1,<environment.Job instance at 0x147b89f07af0>,31,1,[6 2],51,93,94,42,69
1,<environment.Job instance at 0x147b8dafe320>,32,17,[9 2],53,94,111,41,82
1,<environment.Job instance at 0x147b8dafe550>,33,1,[7 1],54,111,112,57,83
1,<environment.Job instance at 0x147b8dafe6e0>,34,12,[2 8],55,98,110,43,83
1,<environment.Job instance at 0x147b8dafeb90>,35,3,[ 1 10],56,83,86,27,83
1,<environment.Job instance at 0x147b8dafe780>,36,3,[1 5],57,86,89,29,83
1,<environment.Job instance at 0x147b8dafe280>,37,3,[2 7],58,86,89,28,83
1,<environment.Job instance at 0x147b8dafe730>,38,13,[2 5],59,98,111,39,83
1,<environment.Job instance at 0x147b8dafe690>,39,2,[2 8],60,89,91,29,83
1,<environment.Job instance at 0x147b8df5e5f0>,40,2,[5 1],61,111,113,50,84
1,<environment.Job instance at 0x147b8df5efa0>,41,1,[6 2],66,112,113,46,84
1,<environment.Job instance at 0x147b8df5e320>,42,1,[1 9],67,91,92,24,84
1,<environment.Job instance at 0x147b8df5eaf0>,43,3,[7 1],68,113,116,45,87
1,<environment.Job instance at 0x147b8df5e640>,44,3,[7 2],69,113,116,44,87
1,<environment.Job instance at 0x147b8df5e960>,45,14,[1 5],71,110,124,39,95
1,<environment.Job instance at 0x147b8df5e1e0>,46,12,[2 6],73,116,128,43,99
1,<environment.Job instance at 0x147b8df5e5a0>,47,1,[9 1],75,116,117,41,99
1,<environment.Job instance at 0x147b8df5eeb0>,48,17,[2 8],76,124,141,48,112
1,<environment.Job instance at 0x147b8df5e4b0>,49,25,[8 1],79,117,142,38,113
1,<environment.Job instance at 0x147b8df5eb40>,50,16,[8 1],80,142,158,62,129
1,<environment.Job instance at 0x147b8df5e7d0>,51,16,[1 6],81,129,145,48,129
1,<environment.Job instance at 0x147b8dfaaf00>,52,2,[10  2],83,158,160,75,131
1,<environment.Job instance at 0x147b8dfaaa50>,53,3,[1 7],84,141,144,57,131
1,<environment.Job instance at 0x147b8dfaa2d0>,54,14,[9 2],86,160,174,74,145
1,<environment.Job instance at 0x147b8dfaa640>,55,1,[10  2],87,174,175,87,146
1,<environment.Job instance at 0x147b8dfaa960>,56,2,[7 2],88,146,148,58,146
1,<environment.Job instance at 0x147b8dfaae10>,57,16,[1 9],89,148,164,59,146
1,<environment.Job instance at 0x147b8dfaad70>,58,3,[1 5],90,148,151,58,146
1,<environment.Job instance at 0x147b8dfaad20>,59,12,[2 9],92,164,176,72,147
1,<environment.Job instance at 0x147ba4b730a0>,60,3,[9 2],93,175,178,82,149
1,<environment.Job instance at 0x147ba4b73d70>,61,13,[1 9],94,176,189,82,160
1,<environment.Job instance at 0x147ba4b73410>,62,2,[1 8],95,189,191,94,162
1,<environment.Job instance at 0x147ba4b73370>,63,12,[1 7],97,189,201,92,172
1,<environment.Job instance at 0x147ba4b73dc0>,64,1,[ 1 10],99,201,202,102,173
1,<environment.Job instance at 0x147ba4b73c80>,65,19,[2 5],100,191,210,91,181
1,<environment.Job instance at 0x147ba4b73a00>,66,17,[2 9],101,202,219,101,190
1,<environment.Job instance at 0x147ba4b73820>,67,3,[6 2],102,191,194,89,190
1,<environment.Job instance at 0x147ba4b73f00>,68,2,[6 2],103,194,196,91,190
1,<environment.Job instance at 0x147ba4b732d0>,69,17,[5 2],104,210,227,106,198
1,<environment.Job instance at 0x147ba4b73230>,70,1,[6 1],106,198,199,92,198
1,<environment.Job instance at 0x147b93ef3410>,71,12,[ 1 10],107,219,231,112,202
1,<environment.Job instance at 0x147b93ef3820>,72,3,[2 7],109,231,234,122,205
1,<environment.Job instance at 0x147b93ef35a0>,73,1,[1 6],110,231,232,121,205
1,<environment.Job instance at 0x147b93ef3050>,74,3,[8 2],111,210,213,99,205
1,<environment.Job instance at 0x147b93ef36e0>,75,1,[1 7],112,232,233,120,205
1,<environment.Job instance at 0x147b93ef3b90>,76,1,[6 2],113,213,214,100,205
1,<environment.Job instance at 0x147b93ef3640>,77,2,[2 7],114,233,235,119,206
1,<environment.Job instance at 0x147b93ef3780>,78,16,[ 2 10],115,235,251,120,222
1,<environment.Job instance at 0x147b93ef3d70>,79,3,[7 1],116,222,225,106,222
1,<environment.Job instance at 0x147b93ef3c30>,80,14,[8 2],117,234,248,117,222
1,<environment.Job instance at 0x147b93ef3370>,81,2,[1 9],119,251,253,132,224
1,<environment.Job instance at 0x147b93ef3690>,82,2,[7 2],120,225,227,105,224
1,<environment.Job instance at 0x147b93ef3960>,83,3,[5 2],122,227,230,105,224
1,<environment.Job instance at 0x147b93ef34b0>,84,13,[2 8],123,253,266,130,237
1,<environment.Job instance at 0x147b93ef31e0>,85,1,[8 1],124,248,249,124,237
1,<environment.Job instance at 0x147b93ef3cd0>,86,1,[1 5],126,249,250,123,237
1,<environment.Job instance at 0x147b93ef3dc0>,87,1,[10  1],128,250,251,122,237
1,<environment.Job instance at 0x147b93ef3c80>,88,1,[5 2],129,237,238,108,237
1,<environment.Job instance at 0x147b89f070a0>,27,13,[8 2],47,265,278,218,265
1,<environment.Job instance at 0x147b8cb784b0>,13,1,[ 1 12],26,2468,2469,2442,2468
1,<environment.Job instance at 0x147b8cb78d70>,18,2,[7 2],35,2605,2607,2570,2605
1,<environment.Job instance at 0x147b89bd8aa0>,2,21,[ 2 10],4,4,25,0,4
1,<environment.Job instance at 0x147b8c79aeb0>,3,21,[2 5],5,5,26,0,5
1,<environment.Job instance at 0x147b93f0ec30>,9,2,[1 5],12,25,27,13,12
1,<environment.Job instance at 0x147b89ea6d70>,10,16,[1 8],13,26,42,13,13
1,<environment.Job instance at 0x147b89c91e10>,11,14,[2 6],15,27,41,12,15
1,<environment.Job instance at 0x147b8c6ee0a0>,12,1,[9 1],16,25,26,9,16
1,<environment.Job instance at 0x147b8dec8be0>,13,17,[2 5],17,41,58,24,29
1,<environment.Job instance at 0x147b93ff1370>,15,15,[9 2],20,41,56,21,29
1,<environment.Job instance at 0x147b93ff1e10>,16,2,[5 2],21,56,58,35,29
1,<environment.Job instance at 0x147b93ff12d0>,17,2,[5 1],22,29,31,7,29
1,<environment.Job instance at 0x147b93ff1780>,18,1,[1 7],23,42,43,19,29
1,<environment.Job instance at 0x147b93ff1a50>,19,17,[9 1],26,58,75,32,46
1,<environment.Job instance at 0x147b93ff16e0>,20,1,[6 2],27,56,57,29,46
1,<environment.Job instance at 0x147b8c9f5730>,21,1,[5 1],28,57,58,29,46
1,<environment.Job instance at 0x147b8caef500>,22,1,[2 6],30,46,47,16,46
1,<environment.Job instance at 0x147b8defc500>,23,3,[2 6],31,47,50,16,46
1,<environment.Job instance at 0x147b93fecbe0>,24,2,[9 1],32,75,77,43,48
1,<environment.Job instance at 0x147b93ff1c80>,25,13,[6 1],34,58,71,24,48
1,<environment.Job instance at 0x147b93ff10f0>,26,2,[7 2],35,77,79,42,50
1,<environment.Job instance at 0x147ba651c6e0>,27,2,[9 2],36,79,81,43,52
1,<environment.Job instance at 0x147b8ca96370>,28,3,[5 1],37,71,74,34,52
1,<environment.Job instance at 0x147b8a70b0f0>,29,2,[ 1 10],38,71,73,33,52
1,<environment.Job instance at 0x147b8a70b730>,30,13,[2 6],39,74,87,35,58
1,<environment.Job instance at 0x147b8a70b370>,31,17,[12  1],40,81,98,41,69
1,<environment.Job instance at 0x147b8a70b820>,32,1,[8 2],43,98,99,55,70
1,<environment.Job instance at 0x147b8a70b870>,33,17,[7 1],44,98,115,54,86
1,<environment.Job instance at 0x147b8a70bb40>,34,17,[2 7],45,99,116,54,87
1,<environment.Job instance at 0x147b8a70bcd0>,35,13,[2 8],46,115,128,69,99
1,<environment.Job instance at 0x147b89ea5af0>,36,16,[6 1],47,99,115,52,99
1,<environment.Job instance at 0x147b89ea5aa0>,37,1,[8 2],48,116,117,68,99
1,<environment.Job instance at 0x147b89ea5550>,38,1,[5 2],49,116,117,67,99
1,<environment.Job instance at 0x147b89ea5820>,39,1,[7 1],50,117,118,67,99
1,<environment.Job instance at 0x147b89ea5780>,40,1,[1 8],51,128,129,77,100
1,<environment.Job instance at 0x147b89ea5e60>,41,2,[6 2],52,117,119,65,100
1,<environment.Job instance at 0x147b89ea5b40>,42,13,[2 9],53,129,142,76,113
1,<environment.Job instance at 0x147b89ea5c80>,43,1,[6 2],55,118,119,63,113
1,<environment.Job instance at 0x147b897a3a00>,44,3,[8 2],56,119,122,63,113
1,<environment.Job instance at 0x147b89ea50a0>,45,2,[ 1 10],58,142,144,84,115
1,<environment.Job instance at 0x147b897a3730>,47,1,[5 1],60,119,120,59,115
1,<environment.Job instance at 0x147b8a5c94b0>,48,14,[2 9],61,144,158,83,129
1,<environment.Job instance at 0x147b8a5c9820>,50,3,[10  1],63,129,132,66,129
1,<environment.Job instance at 0x147ba48596e0>,51,3,[6 1],64,132,135,68,129
1,<environment.Job instance at 0x147ba4859f50>,52,1,[13  1],65,135,136,70,129
1,<environment.Job instance at 0x147ba4859dc0>,53,3,[2 7],66,158,161,92,132
1,<environment.Job instance at 0x147ba4859960>,54,1,[5 1],67,132,133,65,132
1,<environment.Job instance at 0x147b8db0af50>,55,17,[1 8],68,158,175,90,146
1,<environment.Job instance at 0x147b8cadfb40>,60,13,[7 2],74,161,174,87,146
1,<environment.Job instance at 0x147b8cadf820>,61,22,[8 1],75,174,196,99,167
1,<environment.Job instance at 0x147b8b19bf50>,62,15,[ 2 10],76,175,190,99,167
1,<environment.Job instance at 0x147b8b19bfa0>,63,3,[10  2],77,196,199,119,170
1,<environment.Job instance at 0x147b8c79e190>,64,3,[2 5],79,170,173,91,170
1,<environment.Job instance at 0x147b93f8c7d0>,65,17,[1 7],80,190,207,110,178
1,<environment.Job instance at 0x147b93f8c2d0>,66,3,[7 2],81,199,202,118,178
1,<environment.Job instance at 0x147b93f8cbe0>,67,2,[2 9],82,207,209,125,180
1,<environment.Job instance at 0x147b93f8c1e0>,68,2,[2 7],83,190,192,107,180
1,<environment.Job instance at 0x147b93f8c550>,69,18,[6 1],85,199,217,114,188
1,<environment.Job instance at 0x147ba6525fa0>,70,15,[2 9],86,209,224,123,195
1,<environment.Job instance at 0x147b93f8c500>,71,2,[10  1],87,217,219,130,195
1,<environment.Job instance at 0x147b89efe0a0>,72,22,[2 6],89,219,241,130,212
1,<environment.Job instance at 0x147ba4aacfa0>,73,1,[ 1 14],90,241,242,151,213
1,<environment.Job instance at 0x147ba4aac280>,74,16,[6 2],91,224,240,133,213
1,<environment.Job instance at 0x147ba4aac050>,75,1,[6 1],92,213,214,121,213
1,<environment.Job instance at 0x147ba4aac0f0>,76,2,[9 1],94,240,242,146,213
1,<environment.Job instance at 0x147ba4850dc0>,77,19,[1 5],96,242,261,146,232
1,<environment.Job instance at 0x147ba4850d20>,78,1,[8 1],97,242,243,145,232
1,<environment.Job instance at 0x147ba48505f0>,79,1,[5 1],99,232,233,133,232
1,<environment.Job instance at 0x147b8b181c80>,80,2,[7 2],100,233,235,133,232
1,<environment.Job instance at 0x147b8b181e10>,81,3,[ 2 14],102,261,264,159,235
1,<environment.Job instance at 0x147b8b181c30>,82,3,[1 8],103,242,245,139,235
1,<environment.Job instance at 0x147b8b1815a0>,83,1,[ 2 10],104,245,246,141,235
1,<environment.Job instance at 0x147b8b181e60>,84,2,[7 2],106,235,237,129,235
1,<environment.Job instance at 0x147b8b1814b0>,85,1,[6 1],107,237,238,130,235
1,<environment.Job instance at 0x147b8b181780>,86,2,[6 1],109,238,240,129,235
1,<environment.Job instance at 0x147b8b181fa0>,87,17,[1 7],110,264,281,154,252
1,<environment.Job instance at 0x147b8b1818c0>,88,15,[10  2],114,264,279,150,252
1,<environment.Job instance at 0x147b89c356e0>,89,2,[7 2],115,252,254,137,252
1,<environment.Job instance at 0x147b89c35050>,90,1,[1 5],117,252,253,135,252
1,<environment.Job instance at 0x147b89c35e10>,91,14,[5 2],119,279,293,160,264
1,<environment.Job instance at 0x147b89c35aa0>,92,27,[5 1],120,279,306,159,277
1,<environment.Job instance at 0x147b89c35190>,93,15,[14  1],121,306,321,185,292
1,<environment.Job instance at 0x147b89c35730>,94,2,[1 9],122,292,294,170,292
1,<environment.Job instance at 0x147b89c35a50>,95,14,[1 6],123,294,308,171,292
1,<environment.Job instance at 0x147b89c35820>,96,1,[1 8],124,294,295,170,292
1,<environment.Job instance at 0x147b89c35410>,97,1,[2 9],126,321,322,195,293
1,<environment.Job instance at 0x147b89c35f50>,98,2,[10  2],127,321,323,194,294
1,<environment.Job instance at 0x147b897e6a50>,3,25,[6 1],5,5,30,0,5
1,<environment.Job instance at 0x147ba4b6c7d0>,10,1,[8 2],17,17,18,0,17
1,<environment.Job instance at 0x147b8dfb6230>,11,22,[2 5],19,19,41,0,19
1,<environment.Job instance at 0x147b8dc30eb0>,12,1,[9 2],20,30,31,10,20
1,<environment.Job instance at 0x147b8dff0cd0>,13,1,[10  1],21,31,32,10,21
1,<environment.Job instance at 0x147b8dc300a0>,14,26,[ 2 13],23,41,67,18,38
1,<environment.Job instance at 0x147b8dff0640>,15,13,[7 2],24,38,51,14,38
1,<environment.Job instance at 0x147b8dff0af0>,16,3,[6 2],26,38,41,12,38
1,<environment.Job instance at 0x147b8dff0c30>,17,2,[12  1],27,51,53,24,38
1,<environment.Job instance at 0x147b8dff0d70>,18,15,[2 5],29,67,82,38,53
1,<environment.Job instance at 0x147b89ba1c30>,19,14,[7 1],30,53,67,23,53
1,<environment.Job instance at 0x147b8dff0dc0>,20,2,[7 1],31,67,69,36,53
1,<environment.Job instance at 0x147b89ba1f50>,21,1,[8 1],32,69,70,37,53
1,<environment.Job instance at 0x147ba4aae960>,22,2,[10  2],33,70,72,37,53
1,<environment.Job instance at 0x147b89ba1410>,23,14,[9 1],34,72,86,38,57
1,<environment.Job instance at 0x147b89ba1a50>,24,3,[9 2],35,86,89,51,60
1,<environment.Job instance at 0x147ba4aa9be0>,25,1,[6 2],37,67,68,30,60
1,<environment.Job instance at 0x147b8dfbac30>,26,2,[ 1 10],38,82,84,44,60
1,<environment.Job instance at 0x147b89ba1be0>,27,2,[2 7],39,68,70,29,60
1,<environment.Job instance at 0x147b8dfba320>,28,3,[9 2],41,89,92,48,63
1,<environment.Job instance at 0x147b89f07230>,29,3,[10  1],42,92,95,50,66
1,<environment.Job instance at 0x147b8b174370>,30,17,[1 8],48,84,101,36,72
1,<environment.Job instance at 0x147b8b174410>,31,2,[8 2],50,95,97,45,72
1,<environment.Job instance at 0x147b8b194910>,32,17,[1 6],51,97,114,46,85
1,<environment.Job instance at 0x147b8cab95f0>,33,3,[1 9],52,101,104,49,85
1,<environment.Job instance at 0x147b8b194c30>,34,13,[2 9],56,104,117,48,88
1,<environment.Job instance at 0x147b8dfd3c30>,35,2,[ 1 11],57,117,119,60,90
1,<environment.Job instance at 0x147b8a5aa0f0>,36,3,[2 8],58,119,122,61,93
1,<environment.Job instance at 0x147b8a5aa460>,37,1,[1 8],60,122,123,62,94
1,<environment.Job instance at 0x147b8a5a7690>,38,2,[2 9],61,123,125,62,96
1,<environment.Job instance at 0x147b8a5a7460>,39,2,[8 2],62,114,116,52,96
1,<environment.Job instance at 0x147b8a5a7a50>,40,15,[10  1],63,116,131,53,102
1,<environment.Job instance at 0x147b8a5a75f0>,41,28,[5 2],64,125,153,61,124
1,<environment.Job instance at 0x147b8a5a7be0>,42,1,[8 2],65,131,132,66,124
1,<environment.Job instance at 0x147b8a5a7f50>,43,2,[ 1 10],66,131,133,65,124
1,<environment.Job instance at 0x147b8a5a7e10>,44,3,[ 2 14],67,153,156,86,127
1,<environment.Job instance at 0x147b8a5a7320>,45,1,[5 1],68,132,133,64,127
1,<environment.Job instance at 0x147b8a5a79b0>,46,2,[2 6],69,133,135,64,127
1,<environment.Job instance at 0x147b8a5a7fa0>,47,1,[8 1],70,133,134,63,127
1,<environment.Job instance at 0x147b8dbb5e10>,48,1,[7 2],72,134,135,62,127
1,<environment.Job instance at 0x147b8cb791e0>,49,12,[6 2],73,135,147,62,127
1,<environment.Job instance at 0x147b8cb79410>,50,3,[1 7],74,135,138,61,127
1,<environment.Job instance at 0x147b8cb79e10>,51,2,[6 2],76,147,149,71,127
1,<environment.Job instance at 0x147b8a59b0f0>,52,3,[9 1],77,149,152,72,127
1,<environment.Job instance at 0x147b8a59b320>,53,14,[7 1],78,152,166,74,137
1,<environment.Job instance at 0x147b8a59b1e0>,54,14,[ 2 10],79,156,170,77,141
1,<environment.Job instance at 0x147b8a59b460>,55,14,[9 2],80,166,180,86,151
1,<environment.Job instance at 0x147b8a59b280>,56,1,[1 9],81,151,152,70,151
1,<environment.Job instance at 0x147b8a59b410>,57,16,[1 8],82,170,186,88,157
1,<environment.Job instance at 0x147b8a59bd70>,58,1,[6 1],83,157,158,74,157
1,<environment.Job instance at 0x147b8a58ee10>,59,3,[5 2],84,158,161,74,157
1,<environment.Job instance at 0x147b8a58e6e0>,60,16,[7 1],85,180,196,95,167
1,<environment.Job instance at 0x147b8a58e690>,61,2,[8 2],86,186,188,100,167
1,<environment.Job instance at 0x147b8ee44d20>,62,1,[9 2],87,196,197,109,168
1,<environment.Job instance at 0x147b93dfa410>,63,2,[1 7],88,188,190,100,168
1,<environment.Job instance at 0x147b8a58e140>,64,26,[1 6],91,188,214,97,185
1,<environment.Job instance at 0x147b906c59b0>,65,16,[2 9],92,197,213,105,185
1,<environment.Job instance at 0x147b93783320>,66,23,[2 6],94,213,236,119,207
1,<environment.Job instance at 0x147b93783280>,68,14,[ 1 10],97,241,255,144,241
1,<environment.Job instance at 0x147b8cb5c500>,78,20,[8 1],110,241,261,131,241
1,<environment.Job instance at 0x147b8cb5c5f0>,79,2,[7 1],111,255,257,144,244
1,<environment.Job instance at 0x147b8cb5c410>,80,3,[9 1],116,261,264,145,248
1,<environment.Job instance at 0x147b8cb5c730>,81,13,[2 5],118,257,270,139,248
1,<environment.Job instance at 0x147b8cb5c6e0>,82,2,[1 8],119,257,259,138,251
1,<environment.Job instance at 0x147b8cb5c4b0>,83,1,[2 6],120,259,260,139,251
1,<environment.Job instance at 0x147b8cb5c0a0>,84,2,[9 2],123,264,266,141,251
1,<environment.Job instance at 0x147b8cb5ca50>,85,1,[ 2 10],127,266,267,139,251
1,<environment.Job instance at 0x147b8cb5cdc0>,86,3,[11  1],129,267,270,138,251
1,<environment.Job instance at 0x147b8c8a8a00>,15,3,[8 2],25,25,28,0,25
1,<environment.Job instance at 0x147b898b3190>,16,1,[ 2 10],26,27,28,1,27
1,<environment.Job instance at 0x147b8c8a8320>,12,2,[5 2],21,29,31,8,29
1,<environment.Job instance at 0x147b898b31e0>,18,2,[8 1],28,29,31,1,29
1,<environment.Job instance at 0x147b8dbdb8c0>,19,1,[2 7],30,39,40,9,39
1,<environment.Job instance at 0x147b8935c190>,17,2,[1 6],27,40,42,13,40
1,<environment.Job instance at 0x147b89558320>,21,13,[7 1],32,40,53,8,40
1,<environment.Job instance at 0x147b93e29870>,22,3,[ 2 10],35,42,45,7,40
1,<environment.Job instance at 0x147b8c83b910>,23,2,[2 7],36,40,42,4,40
1,<environment.Job instance at 0x147b89ccae60>,24,22,[ 2 10],37,45,67,8,40
1,<environment.Job instance at 0x147bdc1c6eb0>,25,2,[10  2],38,53,55,15,40
1,<environment.Job instance at 0x147b8c8116e0>,26,2,[1 7],39,67,69,28,40
1,<environment.Job instance at 0x147b8c811f00>,27,3,[2 8],40,67,70,27,41
1,<environment.Job instance at 0x147b8cb217d0>,28,2,[6 2],41,42,44,1,41
1,<environment.Job instance at 0x147bdc1caa00>,29,1,[7 1],44,55,56,11,44
1,<environment.Job instance at 0x147bdc1caf00>,30,2,[5 2],45,45,47,0,45
1,<environment.Job instance at 0x147bdc1ca9b0>,31,15,[1 9],46,70,85,24,56
1,<environment.Job instance at 0x147b89cbee60>,32,3,[6 1],47,56,59,9,56
1,<environment.Job instance at 0x147b89cbe690>,33,2,[ 1 10],48,85,87,37,58
1,<environment.Job instance at 0x147b89cbef50>,34,1,[7 1],49,58,59,9,58
1,<environment.Job instance at 0x147b89cbe7d0>,35,1,[2 6],52,69,70,17,58
1,<environment.Job instance at 0x147b89cbe460>,36,2,[10  2],53,59,61,6,58
1,<environment.Job instance at 0x147b89cbe9b0>,37,1,[5 1],54,61,62,7,58
1,<environment.Job instance at 0x147b89cbe6e0>,38,2,[8 2],55,61,63,6,58
1,<environment.Job instance at 0x147b89cbe500>,39,1,[6 1],56,63,64,7,58
1,<environment.Job instance at 0x147b89cbe780>,40,3,[8 1],58,64,67,6,58
1,<environment.Job instance at 0x147b89797eb0>,41,15,[6 1],62,69,84,7,62
1,<environment.Job instance at 0x147b93fec230>,42,2,[8 2],63,70,72,7,63
1,<environment.Job instance at 0x147b93feccd0>,43,17,[10  1],66,84,101,18,72
1,<environment.Job instance at 0x147b93fec6e0>,44,3,[2 6],67,87,90,20,72
1,<environment.Job instance at 0x147b93fecdc0>,45,2,[7 1],68,72,74,4,72
1,<environment.Job instance at 0x147b8c9baf50>,20,2,[1 8],31,89,91,58,89
1,<environment.Job instance at 0x147b8ca9ed20>,46,21,[6 1],70,101,122,31,93
1,<environment.Job instance at 0x147b8976f870>,48,14,[2 6],73,93,107,20,93
1,<environment.Job instance at 0x147b8976f730>,49,1,[ 2 10],74,107,108,33,93
1,<environment.Job instance at 0x147b8c9700a0>,50,2,[2 8],75,93,95,18,93
1,<environment.Job instance at 0x147b8c970410>,51,1,[1 7],78,95,96,17,93
1,<environment.Job instance at 0x147b90699fa0>,52,1,[1 7],80,96,97,16,93
1,<environment.Job instance at 0x147b8c970730>,53,12,[2 8],81,108,120,27,93
1,<environment.Job instance at 0x147b8c970820>,54,27,[5 2],82,101,128,19,99
1,<environment.Job instance at 0x147b93f317d0>,55,27,[1 9],83,120,147,37,118
1,<environment.Job instance at 0x147b8c970050>,56,1,[9 1],84,122,123,38,118
1,<environment.Job instance at 0x147b8c970780>,57,1,[ 2 10],85,147,148,62,119
1,<environment.Job instance at 0x147b8c970550>,58,12,[2 8],88,148,160,60,131
1,<environment.Job instance at 0x147b8ee46870>,59,3,[ 1 10],91,160,163,69,134
1,<environment.Job instance at 0x147b8ee46f00>,60,1,[8 2],92,134,135,42,134
1,<environment.Job instance at 0x147b8ee467d0>,61,18,[9 1],93,135,153,42,134
1,<environment.Job instance at 0x147b8c9e1fa0>,62,2,[8 1],95,153,155,58,134
1,<environment.Job instance at 0x147b8c9e1a00>,63,13,[8 2],96,155,168,59,139
1,<environment.Job instance at 0x147b8c9e1730>,64,1,[7 1],97,163,164,66,139
1,<environment.Job instance at 0x147b8c9e19b0>,65,1,[2 6],99,148,149,49,139
1,<environment.Job instance at 0x147b8c9e1c80>,66,3,[1 5],100,139,142,39,139
1,<environment.Job instance at 0x147b8c9e1d20>,67,3,[8 2],103,168,171,65,142
1,<environment.Job instance at 0x147b8c9e1690>,68,1,[1 7],104,164,165,60,142
1,<environment.Job instance at 0x147b8c9e10a0>,69,3,[2 8],105,165,168,60,142
1,<environment.Job instance at 0x147b8c9e13c0>,70,2,[7 1],106,168,170,62,142
1,<environment.Job instance at 0x147b8c9e1c30>,71,28,[1 6],107,170,198,63,169
1,<environment.Job instance at 0x147b8c9e1780>,72,1,[1 7],110,170,171,60,169
1,<environment.Job instance at 0x147b8c9e18c0>,73,21,[9 1],111,171,192,60,169
1,<environment.Job instance at 0x147b8c9e1d70>,74,16,[1 6],112,171,187,59,169
1,<environment.Job instance at 0x147b8c9e1be0>,75,15,[10  2],113,192,207,79,178
1,<environment.Job instance at 0x147b8c9e1640>,76,2,[5 1],115,187,189,72,178
1,<environment.Job instance at 0x147b8c9e1eb0>,77,2,[ 2 10],116,198,200,82,178
1,<environment.Job instance at 0x147b8c9e16e0>,78,3,[5 1],117,189,192,72,178
1,<environment.Job instance at 0x147b89efe730>,79,1,[1 9],119,200,201,81,178
1,<environment.Job instance at 0x147b89efee60>,80,1,[2 7],120,192,193,72,178
1,<environment.Job instance at 0x147b89efe500>,81,2,[1 8],121,201,203,80,178
1,<environment.Job instance at 0x147b89efe9b0>,82,1,[1 9],123,203,204,80,178
1,<environment.Job instance at 0x147b89efef00>,83,2,[ 2 10],125,204,206,79,178
1,<environment.Job instance at 0x147b89efe370>,84,3,[9 1],126,207,210,81,181
1,<environment.Job instance at 0x147b89efe5f0>,85,12,[9 1],127,210,222,83,193
1,<environment.Job instance at 0x147b89efe960>,86,20,[ 2 11],128,206,226,78,197
1,<environment.Job instance at 0x147b93e92230>,22,26,[8 1],28,29,55,1,29
1,<environment.Job instance at 0x147b899bf140>,27,17,[7 2],33,33,50,0,33
1,<environment.Job instance at 0x147b896965a0>,28,16,[5 2],34,50,66,16,37
1,<environment.Job instance at 0x147b89696780>,29,2,[2 9],35,50,52,15,37
1,<environment.Job instance at 0x147b89696af0>,30,13,[2 8],37,52,65,15,37
1,<environment.Job instance at 0x147b8cae8690>,31,3,[7 2],38,55,58,17,38
1,<environment.Job instance at 0x147b8cae8be0>,32,17,[ 2 10],39,65,82,26,53
1,<environment.Job instance at 0x147b8cae8a00>,33,1,[1 8],42,82,83,40,54
1,<environment.Job instance at 0x147b8cae8140>,34,16,[5 2],43,58,74,15,54
1,<environment.Job instance at 0x147b8cae89b0>,35,1,[6 1],45,66,67,21,54
1,<environment.Job instance at 0x147b8cae8dc0>,36,28,[14  1],48,82,110,34,81
1,<environment.Job instance at 0x147b8c713050>,41,3,[2 9],53,110,113,57,84
1,<environment.Job instance at 0x147ba4abb050>,42,17,[1 8],55,84,101,29,84
1,<environment.Job instance at 0x147ba4abb0a0>,43,2,[11  2],56,110,112,54,84
1,<environment.Job instance at 0x147ba4abb780>,44,16,[2 7],57,113,129,56,100
1,<environment.Job instance at 0x147b894485f0>,45,2,[1 8],59,101,103,42,100
1,<environment.Job instance at 0x147b89448f00>,46,2,[1 5],60,103,105,43,100
1,<environment.Job instance at 0x147b89448910>,47,1,[1 5],61,105,106,44,100
1,<environment.Job instance at 0x147b89448280>,48,2,[9 1],62,112,114,50,100
1,<environment.Job instance at 0x147b894485a0>,49,3,[9 2],63,114,117,51,100
1,<environment.Job instance at 0x147ba67a7be0>,50,17,[5 2],64,117,134,53,105
1,<environment.Job instance at 0x147ba67a7690>,51,2,[2 6],66,113,115,47,105
1,<environment.Job instance at 0x147ba67a78c0>,52,1,[ 1 10],67,106,107,39,105
1,<environment.Job instance at 0x147ba67a7c80>,53,1,[2 7],68,129,130,61,105
1,<environment.Job instance at 0x147ba67a7820>,54,2,[2 6],69,115,117,46,105
1,<environment.Job instance at 0x147ba67a77d0>,55,17,[5 2],70,117,134,47,105
1,<environment.Job instance at 0x147b8a1570f0>,56,2,[5 1],72,130,132,58,105
1,<environment.Job instance at 0x147b894780f0>,57,2,[8 2],73,134,136,61,107
1,<environment.Job instance at 0x147b89478410>,58,2,[12  1],75,136,138,61,109
1,<environment.Job instance at 0x147b89478a50>,59,14,[1 9],76,132,146,56,117
1,<environment.Job instance at 0x147b89478500>,60,1,[2 8],77,146,147,69,118
1,<environment.Job instance at 0x147b89690280>,61,18,[10  2],78,138,156,60,127
1,<environment.Job instance at 0x147b89690410>,62,12,[2 9],79,147,159,68,130
1,<environment.Job instance at 0x147b896900f0>,63,15,[2 5],80,156,171,76,142
1,<environment.Job instance at 0x147b8c6f8550>,64,3,[1 6],81,159,162,78,142
1,<environment.Job instance at 0x147b8a6d0370>,65,2,[1 8],83,162,164,79,142
1,<environment.Job instance at 0x147b89690910>,66,17,[7 1],84,156,173,72,144
1,<environment.Job instance at 0x147b8c790a00>,67,16,[8 2],85,171,187,86,158
1,<environment.Job instance at 0x147b8c7904b0>,68,3,[1 5],88,164,167,76,158
1,<environment.Job instance at 0x147b8c9c4780>,69,1,[10  1],89,187,188,98,159
1,<environment.Job instance at 0x147b8c94e460>,70,1,[10  2],90,188,189,98,160
1,<environment.Job instance at 0x147b8c94e140>,71,16,[7 1],91,189,205,98,176
1,<environment.Job instance at 0x147b894473c0>,72,1,[1 6],92,176,177,84,176
1,<environment.Job instance at 0x147b89447500>,73,14,[1 8],93,177,191,84,176
1,<environment.Job instance at 0x147b89945500>,74,2,[5 1],94,176,178,82,176
1,<environment.Job instance at 0x147b8c7a0be0>,75,2,[7 2],95,189,191,94,176
1,<environment.Job instance at 0x147ba651cdc0>,76,1,[1 6],96,176,177,80,176
1,<environment.Job instance at 0x147b89b69f50>,77,3,[2 6],97,191,194,94,176
1,<environment.Job instance at 0x147ba651ca00>,78,3,[1 9],98,194,197,96,176
1,<environment.Job instance at 0x147b937afb90>,79,3,[6 1],99,178,181,79,176
1,<environment.Job instance at 0x147b8c861690>,80,15,[6 1],105,191,206,86,177
1,<environment.Job instance at 0x147b8969bfa0>,81,2,[7 1],106,205,207,99,178
1,<environment.Job instance at 0x147b8969bd20>,82,17,[8 1],107,206,223,99,194
1,<environment.Job instance at 0x147b8969bc30>,83,1,[ 2 13],108,197,198,89,194
1,<environment.Job instance at 0x147ba4aebcd0>,84,2,[2 5],109,198,200,89,194
1,<environment.Job instance at 0x147b8969bdc0>,85,3,[9 1],110,223,226,113,197
1,<environment.Job instance at 0x147b898fd910>,86,16,[2 5],111,207,223,96,197
1,<environment.Job instance at 0x147b898fd280>,87,1,[5 1],112,207,208,95,197
1,<environment.Job instance at 0x147b898fd690>,88,12,[ 1 10],113,223,235,110,206
1,<environment.Job instance at 0x147b898fdcd0>,89,2,[1 7],114,208,210,94,206
1,<environment.Job instance at 0x147b898fde10>,90,1,[6 2],117,226,227,109,206
1,<environment.Job instance at 0x147b898fddc0>,91,3,[5 2],118,210,213,92,206
1,<environment.Job instance at 0x147ba4ca4b90>,92,15,[8 1],119,226,241,107,212
1,<environment.Job instance at 0x147ba4ca4500>,93,3,[2 7],120,213,216,93,212
1,<environment.Job instance at 0x147ba4ca40f0>,94,2,[8 2],122,241,243,119,214
1,<environment.Job instance at 0x147ba4ca42d0>,95,14,[2 9],127,235,249,108,220
1,<environment.Job instance at 0x147ba4ca4410>,96,1,[5 2],129,220,221,91,220
1,<environment.Job instance at 0x147b899f95a0>,16,1,[1 6],22,265,266,243,265
1,<environment.Job instance at 0x147b89696e60>,26,21,[9 2],32,314,335,282,314
1,<environment.Job instance at 0x147b8df9bc30>,1,1,[2 8],3,3,4,0,3
1,<environment.Job instance at 0x147b8cb39f50>,22,1,[1 9],35,35,36,0,35
1,<environment.Job instance at 0x147b89f1b870>,23,3,[6 2],36,36,39,0,36
1,<environment.Job instance at 0x147b89f1b3c0>,24,16,[ 1 11],37,37,53,0,37
1,<environment.Job instance at 0x147b89f1b230>,25,1,[2 6],38,53,54,15,38
1,<environment.Job instance at 0x147ba4b45640>,26,1,[1 5],40,53,54,13,40
1,<environment.Job instance at 0x147b93e808c0>,27,2,[2 8],41,54,56,13,41
1,<environment.Job instance at 0x147b897c80f0>,28,24,[2 9],42,56,80,14,51
1,<environment.Job instance at 0x147b899cae10>,29,3,[2 5],45,54,57,9,51
1,<environment.Job instance at 0x147b899cab90>,30,18,[5 2],47,57,75,10,51
1,<environment.Job instance at 0x147b8c6c5b90>,31,1,[1 6],48,75,76,27,51
1,<environment.Job instance at 0x147b8c6c54b0>,32,2,[2 6],50,76,78,26,51
1,<environment.Job instance at 0x147b89cb12d0>,33,2,[6 2],51,51,53,0,51
1,<environment.Job instance at 0x147b89cb1b90>,34,3,[2 7],52,80,83,28,54
1,<environment.Job instance at 0x147b89cb1870>,35,1,[10  1],56,56,57,0,56
1,<environment.Job instance at 0x147b89cb1a00>,36,3,[10  1],57,78,81,21,57
1,<environment.Job instance at 0x147b897dedc0>,37,2,[6 1],58,58,60,0,58
1,<environment.Job instance at 0x147b897de230>,38,3,[1 5],59,78,81,19,59
1,<environment.Job instance at 0x147b897ded20>,39,2,[10  2],60,81,83,21,60
1,<environment.Job instance at 0x147b897de460>,40,1,[9 1],61,83,84,22,61
1,<environment.Job instance at 0x147b897de640>,41,1,[1 8],62,83,84,21,62
1,<environment.Job instance at 0x147b8c6467d0>,42,25,[9 1],63,84,109,21,80
1,<environment.Job instance at 0x147ba6e01500>,43,3,[2 7],64,84,87,20,80
1,<environment.Job instance at 0x147ba6e01370>,44,1,[7 1],65,109,110,44,81
1,<environment.Job instance at 0x147b89760050>,45,2,[7 2],66,109,111,43,82
1,<environment.Job instance at 0x147ba6e01050>,46,13,[10  1],68,111,124,43,95
1,<environment.Job instance at 0x147b89d92820>,47,3,[2 6],69,95,98,26,95
1,<environment.Job instance at 0x147b89d92370>,48,2,[8 1],70,124,126,54,97
1,<environment.Job instance at 0x147b8c7372d0>,49,1,[6 2],71,98,99,27,97
1,<environment.Job instance at 0x147b89d92410>,50,1,[9 1],72,126,127,54,98
1,<environment.Job instance at 0x147b8c737140>,51,1,[2 5],74,99,100,25,98
1,<environment.Job instance at 0x147b897d4b40>,52,3,[10  2],77,127,130,50,101
1,<environment.Job instance at 0x147b897d4050>,53,1,[2 7],78,101,102,23,101
1,<environment.Job instance at 0x147b897d4280>,54,2,[ 1 14],80,102,104,22,101
1,<environment.Job instance at 0x147b8c91e410>,55,1,[7 2],81,110,111,29,101
1,<environment.Job instance at 0x147b8c91e7d0>,56,3,[9 1],82,130,133,48,104
1,<environment.Job instance at 0x147b8c91e820>,57,15,[6 1],83,130,145,47,116
1,<environment.Job instance at 0x147b8c91e5a0>,58,1,[2 5],84,116,117,32,116
1,<environment.Job instance at 0x147b8c91e690>,59,2,[1 5],86,116,118,30,116
1,<environment.Job instance at 0x147b8c91ea00>,60,3,[2 8],87,117,120,30,116
1,<environment.Job instance at 0x147b89780140>,20,28,[2 5],33,133,161,100,132
1,<environment.Job instance at 0x147b8c91e4b0>,61,17,[10  1],88,145,162,57,133
1,<environment.Job instance at 0x147b8c91ec80>,63,1,[8 2],90,162,163,72,134
1,<environment.Job instance at 0x147b8c91e6e0>,64,2,[2 6],91,134,136,43,134
1,<environment.Job instance at 0x147b8c91e5f0>,65,3,[1 9],92,136,139,44,134
1,<environment.Job instance at 0x147b8cb35870>,66,2,[1 7],94,139,141,45,134
1,<environment.Job instance at 0x147b8cb35230>,67,3,[2 9],95,141,144,46,134
1,<environment.Job instance at 0x147b8cb353c0>,68,2,[6 1],96,139,141,43,134
1,<environment.Job instance at 0x147b8cb35640>,69,1,[5 1],97,134,135,37,134
1,<environment.Job instance at 0x147b8cb35af0>,70,16,[2 6],98,144,160,46,134
1,<environment.Job instance at 0x147b8cb356e0>,71,2,[7 1],100,162,164,62,135
1,<environment.Job instance at 0x147b8cb35500>,72,14,[5 2],104,163,177,59,148
1,<environment.Job instance at 0x147b8cb35b40>,73,1,[ 1 10],105,161,162,56,148
1,<environment.Job instance at 0x147b8cb35cd0>,74,3,[1 9],106,163,166,57,148
1,<environment.Job instance at 0x147b8defc0a0>,75,2,[9 2],108,164,166,56,148
1,<environment.Job instance at 0x147b8defcb40>,76,3,[2 7],109,166,169,57,148
1,<environment.Job instance at 0x147b8defc410>,77,21,[10  2],112,169,190,57,161
1,<environment.Job instance at 0x147b8defcdc0>,78,22,[2 9],113,177,199,64,170
1,<environment.Job instance at 0x147b8defce10>,79,3,[1 7],115,199,202,84,173
1,<environment.Job instance at 0x147b8defc3c0>,80,14,[2 5],117,190,204,73,175
1,<environment.Job instance at 0x147b8defc6e0>,81,13,[1 5],121,202,215,81,186
1,<environment.Job instance at 0x147b8defc820>,82,2,[6 1],123,190,192,67,186
1,<environment.Job instance at 0x147b8defc050>,83,1,[ 1 12],124,215,216,91,187
1,<environment.Job instance at 0x147b8defc5a0>,84,1,[10  2],125,199,200,74,187
1,<environment.Job instance at 0x147b8defca50>,85,3,[2 9],126,204,207,78,187
1,<environment.Job instance at 0x147ba6507230>,86,13,[2 9],127,216,229,89,200
1,<environment.Job instance at 0x147ba6507d20>,87,12,[5 2],129,207,219,78,200
1,<environment.Job instance at 0x147b8c91e0f0>,62,26,[5 2],89,227,253,138,227
1,<environment.Job instance at 0x147b897801e0>,19,3,[7 2],31,288,291,257,288
1,<environment.Job instance at 0x147b89690eb0>,6,2,[6 2],8,45,47,37,45
1,<environment.Job instance at 0x147b896900f0>,7,3,[9 2],9,45,48,36,45
1,<environment.Job instance at 0x147b89690550>,8,2,[1 6],16,47,49,31,45
1,<environment.Job instance at 0x147b89690280>,9,18,[8 1],18,48,66,30,45
1,<environment.Job instance at 0x147b89690f00>,10,2,[2 8],20,48,50,28,45
1,<environment.Job instance at 0x147b89690910>,11,1,[7 1],23,50,51,27,45
1,<environment.Job instance at 0x147b896906e0>,12,2,[2 6],24,51,53,27,45
1,<environment.Job instance at 0x147b8dbc0c30>,13,3,[6 2],26,53,56,27,45
1,<environment.Job instance at 0x147b8dbc06e0>,14,12,[2 9],27,56,68,29,45
1,<environment.Job instance at 0x147b8dbc0730>,15,2,[5 1],28,51,53,23,48
1,<environment.Job instance at 0x147b8dbc0a00>,16,3,[9 1],29,66,69,37,48
1,<environment.Job instance at 0x147b8dbc04b0>,17,1,[7 2],30,69,70,39,48
1,<environment.Job instance at 0x147b8dbc0be0>,18,17,[6 2],32,68,85,36,56
1,<environment.Job instance at 0x147b8dbc0f00>,19,3,[9 2],34,70,73,36,56
1,<environment.Job instance at 0x147b8dbc0fa0>,20,2,[2 5],35,56,58,21,56
1,<environment.Job instance at 0x147b8dbc0690>,21,1,[1 9],36,69,70,33,56
1,<environment.Job instance at 0x147b8dbc0780>,22,3,[1 7],37,73,76,36,56
1,<environment.Job instance at 0x147b8dbc05f0>,23,1,[1 8],38,76,77,38,56
1,<environment.Job instance at 0x147b8dbc00f0>,24,20,[7 2],39,73,93,34,64
1,<environment.Job instance at 0x147b8dbc0280>,25,1,[1 9],40,77,78,37,64
1,<environment.Job instance at 0x147b8dbc0a50>,26,2,[2 6],41,78,80,37,64
1,<environment.Job instance at 0x147b8dbc0550>,27,3,[ 2 10],42,80,83,38,64
1,<environment.Job instance at 0x147b8dbc0140>,28,13,[2 8],43,83,96,40,67
1,<environment.Job instance at 0x147b8a6c6be0>,29,1,[8 1],46,93,94,47,67
1,<environment.Job instance at 0x147b8a6c67d0>,30,3,[1 6],47,93,96,46,67
1,<environment.Job instance at 0x147b8a6c6c80>,31,2,[1 6],48,96,98,48,69
1,<environment.Job instance at 0x147b8a6c6a50>,32,1,[2 5],49,85,86,36,69
1,<environment.Job instance at 0x147b8a6c6b90>,33,14,[ 2 10],50,98,112,48,83
1,<environment.Job instance at 0x147b8a6c63c0>,34,1,[ 1 13],51,112,113,61,84
1,<environment.Job instance at 0x147b8a6c6140>,35,12,[ 1 14],52,113,125,61,96
1,<environment.Job instance at 0x147b8a6c6870>,36,1,[5 2],53,105,106,52,105
1,<environment.Job instance at 0x147b8df92c30>,37,12,[2 9],54,125,137,71,108
1,<environment.Job instance at 0x147b8df92550>,38,1,[11  1],63,117,118,54,117
1,<environment.Job instance at 0x147b8df920f0>,39,2,[5 1],64,118,120,54,118
1,<environment.Job instance at 0x147b89b06730>,40,2,[1 6],65,125,127,60,118
1,<environment.Job instance at 0x147b89b06b90>,41,2,[1 8],66,137,139,71,118
1,<environment.Job instance at 0x147b89b06e60>,42,1,[6 1],67,120,121,53,118
1,<environment.Job instance at 0x147b89b06f00>,43,18,[10  2],69,127,145,58,118
1,<environment.Job instance at 0x147b89b06640>,44,1,[6 1],70,121,122,51,118
1,<environment.Job instance at 0x147b89b064b0>,45,1,[2 9],71,139,140,68,118
1,<environment.Job instance at 0x147b89b06a00>,46,1,[1 5],72,137,138,65,119
1,<environment.Job instance at 0x147b89b06f50>,47,16,[ 2 10],73,140,156,67,127
1,<environment.Job instance at 0x147b89b062d0>,48,3,[5 1],74,145,148,71,137
1,<environment.Job instance at 0x147b89b06a50>,49,3,[1 7],75,156,159,81,137
1,<environment.Job instance at 0x147b89b060f0>,50,3,[10  2],77,148,151,71,137
1,<environment.Job instance at 0x147b89b067d0>,51,17,[9 2],79,151,168,72,139
1,<environment.Job instance at 0x147b89b06050>,52,2,[9 2],81,168,170,87,141
1,<environment.Job instance at 0x147b89b06b40>,53,2,[2 7],85,159,161,74,141
1,<environment.Job instance at 0x147b89b06370>,54,1,[8 1],86,145,146,59,141
1,<environment.Job instance at 0x147b89b069b0>,55,15,[7 1],87,170,185,83,156
1,<environment.Job instance at 0x147b89b06be0>,56,1,[1 8],88,161,162,73,156
1,<environment.Job instance at 0x147b89b06c30>,57,12,[7 2],89,170,182,81,156
1,<environment.Job instance at 0x147b89a42e10>,58,13,[1 9],90,162,175,72,156
1,<environment.Job instance at 0x147b89a42190>,59,2,[7 2],91,182,184,91,156
1,<environment.Job instance at 0x147b89a42dc0>,60,1,[ 2 10],92,184,185,92,156
1,<environment.Job instance at 0x147b89a420f0>,61,16,[1 7],93,185,201,92,172
1,<environment.Job instance at 0x147b89a42500>,62,17,[5 2],95,184,201,89,172
1,<environment.Job instance at 0x147b89a42870>,63,3,[10  1],97,201,204,104,175
1,<environment.Job instance at 0x147b89a420a0>,64,1,[9 2],98,185,186,87,175
1,<environment.Job instance at 0x147b89a42d70>,65,17,[8 1],99,204,221,105,193
1,<environment.Job instance at 0x147b89a422d0>,66,2,[1 5],100,193,195,93,193
1,<environment.Job instance at 0x147b89a42e60>,67,13,[1 9],101,201,214,100,193
1,<environment.Job instance at 0x147ba6e25c30>,68,2,[10  2],102,221,223,119,194
1,<environment.Job instance at 0x147ba6e255f0>,69,15,[9 1],104,223,238,119,209
1,<environment.Job instance at 0x147ba6e257d0>,70,1,[1 5],105,209,210,104,209
1,<environment.Job instance at 0x147ba6e25640>,71,2,[1 9],106,214,216,108,209
1,<environment.Job instance at 0x147ba6e25690>,72,2,[1 7],109,216,218,107,209
1,<environment.Job instance at 0x147ba6e256e0>,73,3,[1 8],110,218,221,108,209
1,<environment.Job instance at 0x147ba6e25190>,74,19,[5 2],111,210,229,99,209
1,<environment.Job instance at 0x147ba6e25f50>,75,2,[2 8],112,229,231,117,209
1,<environment.Job instance at 0x147ba6e253c0>,76,3,[1 7],113,223,226,110,209
1,<environment.Job instance at 0x147ba6e259b0>,77,2,[6 1],114,231,233,117,209
1,<environment.Job instance at 0x147b89d51730>,78,3,[7 2],115,238,241,123,212
1,<environment.Job instance at 0x147b89d516e0>,79,2,[8 1],116,238,240,122,212
1,<environment.Job instance at 0x147b89d51690>,80,15,[8 2],117,240,255,123,226
1,<environment.Job instance at 0x147b89d51af0>,81,1,[10  1],118,255,256,137,227
1,<environment.Job instance at 0x147b89d51a00>,82,2,[8 2],120,256,258,136,229
1,<environment.Job instance at 0x147b89d51500>,83,1,[1 6],121,229,230,108,229
1,<environment.Job instance at 0x147b89d51050>,84,3,[6 1],122,233,236,111,229
1,<environment.Job instance at 0x147b89d513c0>,85,16,[1 5],123,241,257,118,229
1,<environment.Job instance at 0x147b8cb37870>,86,3,[2 5],124,241,244,117,229
1,<environment.Job instance at 0x147b8cb379b0>,87,3,[2 8],126,244,247,118,229
1,<environment.Job instance at 0x147b8cb370f0>,88,17,[12  1],127,258,275,131,246
1,<environment.Job instance at 0x147b8cb37140>,89,3,[1 8],128,247,250,119,246
1,<environment.Job instance at 0x147b89569e10>,10,3,[ 2 10],12,12,15,0,12
1,<environment.Job instance at 0x147b8976feb0>,17,3,[1 8],25,25,28,0,25
1,<environment.Job instance at 0x147b89ddc320>,8,1,[2 7],10,37,38,27,37
1,<environment.Job instance at 0x147b8955bc80>,19,3,[8 1],27,37,40,10,37
1,<environment.Job instance at 0x147b897a4690>,22,2,[2 9],30,38,40,8,37
1,<environment.Job instance at 0x147b897a4a00>,23,2,[8 2],31,40,42,9,37
1,<environment.Job instance at 0x147b897a4af0>,24,2,[8 1],32,42,44,10,37
1,<environment.Job instance at 0x147b897a4730>,25,16,[7 2],34,40,56,6,37
1,<environment.Job instance at 0x147ba485d280>,26,1,[ 2 10],35,44,45,9,37
1,<environment.Job instance at 0x147ba485db90>,27,3,[ 2 10],37,45,48,8,37
1,<environment.Job instance at 0x147b897b1820>,28,12,[ 2 11],38,48,60,10,38
1,<environment.Job instance at 0x147b897b1690>,29,13,[1 7],40,60,73,20,44
1,<environment.Job instance at 0x147b894e6d20>,30,16,[5 1],41,44,60,3,44
1,<environment.Job instance at 0x147b894e6910>,31,3,[2 5],43,60,63,17,44
1,<environment.Job instance at 0x147b894e65f0>,32,13,[1 5],44,63,76,19,47
1,<environment.Job instance at 0x147b894e6190>,33,15,[5 1],46,56,71,10,47
1,<environment.Job instance at 0x147b894e6a50>,34,23,[2 5],47,73,96,26,67
1,<environment.Job instance at 0x147b894e6c80>,35,1,[6 1],48,67,68,19,67
1,<environment.Job instance at 0x147b894bb9b0>,36,18,[8 2],49,68,86,19,67
1,<environment.Job instance at 0x147b894e66e0>,37,16,[2 9],50,86,102,36,73
1,<environment.Job instance at 0x147b8970b460>,38,3,[2 6],51,76,79,25,73
1,<environment.Job instance at 0x147b8dc58e10>,41,3,[7 1],54,86,89,32,73
1,<environment.Job instance at 0x147b8dc58690>,42,2,[2 6],55,79,81,24,73
1,<environment.Job instance at 0x147b8dc58410>,43,3,[2 7],57,81,84,24,73
1,<environment.Job instance at 0x147b8dc580f0>,44,18,[1 6],58,96,114,38,85
1,<environment.Job instance at 0x147b8dc583c0>,45,3,[1 5],60,102,105,42,85
1,<environment.Job instance at 0x147b8dc58c80>,46,2,[2 8],61,105,107,44,85
1,<environment.Job instance at 0x147b8dc58fa0>,47,17,[11  2],62,107,124,45,95
1,<environment.Job instance at 0x147b8dc58550>,48,15,[1 5],63,107,122,44,95
1,<environment.Job instance at 0x147b8dc58870>,49,3,[2 5],65,114,117,49,95
1,<environment.Job instance at 0x147ba6e0ffa0>,50,2,[6 2],66,102,104,36,95
1,<environment.Job instance at 0x147ba4b4bb90>,51,16,[2 8],68,117,133,49,104
1,<environment.Job instance at 0x147ba4b4b730>,52,2,[9 1],69,104,106,35,104
1,<environment.Job instance at 0x147ba4b4b690>,53,18,[2 5],70,122,140,52,111
1,<environment.Job instance at 0x147ba4b4b4b0>,54,3,[10  2],71,124,127,53,111
1,<environment.Job instance at 0x147ba7268be0>,55,1,[6 1],74,127,128,53,111
1,<environment.Job instance at 0x147ba7268960>,56,3,[10  1],75,128,131,53,111
1,<environment.Job instance at 0x147b8a61caa0>,57,3,[6 2],76,131,134,55,111
1,<environment.Job instance at 0x147b8948e820>,58,18,[ 1 14],77,140,158,63,129
1,<environment.Job instance at 0x147b89aa6e60>,59,2,[7 1],78,133,135,55,129
1,<environment.Job instance at 0x147b8c9116e0>,60,3,[10  1],79,135,138,56,129
1,<environment.Job instance at 0x147b8c61acd0>,61,1,[6 1],80,134,135,54,129
1,<environment.Job instance at 0x147b8c63d820>,62,18,[1 9],81,158,176,77,147
1,<environment.Job instance at 0x147b8c61aaa0>,63,1,[2 7],82,176,177,94,148
1,<environment.Job instance at 0x147b8c61af50>,64,3,[7 1],83,148,151,65,148
1,<environment.Job instance at 0x147b8c61a870>,65,1,[8 2],84,158,159,74,148
1,<environment.Job instance at 0x147b8c9d4af0>,66,28,[ 2 10],86,177,205,91,176
1,<environment.Job instance at 0x147b8c9d4410>,67,15,[1 8],87,205,220,118,191
1,<environment.Job instance at 0x147b8c9d4fa0>,68,2,[8 2],88,191,193,103,191
1,<environment.Job instance at 0x147b8c9d45a0>,69,13,[6 1],89,193,206,104,191
1,<environment.Job instance at 0x147b8c9d4f50>,70,3,[10  1],91,206,209,115,191
1,<environment.Job instance at 0x147b8c9d41e0>,71,14,[6 1],93,209,223,116,194
1,<environment.Job instance at 0x147b8dba8e10>,72,2,[10  1],94,223,225,129,196
1,<environment.Job instance at 0x147b8c9d4e60>,73,1,[ 1 10],97,220,221,123,196
1,<environment.Job instance at 0x147b89b4ddc0>,74,1,[5 2],98,196,197,98,196
1,<environment.Job instance at 0x147b89b4de10>,75,1,[8 1],99,205,206,106,196
1,<environment.Job instance at 0x147b89b4d730>,76,14,[1 6],101,206,220,105,196
1,<environment.Job instance at 0x147b894ae910>,77,12,[1 7],104,221,233,117,204
1,<environment.Job instance at 0x147be088caf0>,78,3,[2 7],105,221,224,116,204
1,<environment.Job instance at 0x147be088ce60>,79,3,[10  2],108,225,228,117,204
1,<environment.Job instance at 0x147b937a58c0>,80,17,[5 2],110,228,245,118,216
1,<environment.Job instance at 0x147b89a1e0f0>,81,3,[8 2],111,228,231,117,216
1,<environment.Job instance at 0x147b8ee1b9b0>,82,2,[2 5],114,224,226,110,216
1,<environment.Job instance at 0x147b89a1ee10>,83,19,[ 2 14],115,245,264,130,235
1,<environment.Job instance at 0x147b89a1ed70>,84,1,[8 1],116,235,236,119,235
1,<environment.Job instance at 0x147b8a6bcb90>,85,3,[9 1],117,236,239,119,235
1,<environment.Job instance at 0x147b8a6bc140>,86,2,[9 1],119,239,241,120,235
1,<environment.Job instance at 0x147b8a6bc690>,87,17,[2 6],120,264,281,144,252
1,<environment.Job instance at 0x147b8a6bc500>,89,1,[8 2],124,264,265,140,252
1,<environment.Job instance at 0x147b8a6bccd0>,90,2,[10  1],125,252,254,127,252
1,<environment.Job instance at 0x147b8a6bc9b0>,92,16,[10  2],127,265,281,138,252
1,<environment.Job instance at 0x147b8a5d2230>,93,2,[2 5],128,264,266,136,252
1,<environment.Job instance at 0x147b8a5d2410>,94,1,[1 7],129,266,267,137,252
1,<environment.Job instance at 0x147b8dba6140>,14,2,[5 1],20,158,160,138,158
1,<environment.Job instance at 0x147b8dba6a00>,15,3,[ 2 10],22,159,162,137,159
1,<environment.Job instance at 0x147b8dba6370>,16,2,[2 8],23,162,164,139,159
1,<environment.Job instance at 0x147b8dba6d70>,17,2,[8 1],24,159,161,135,159
1,<environment.Job instance at 0x147b8dba6b90>,18,3,[2 8],27,164,167,137,159
1,<environment.Job instance at 0x147b8dba6500>,19,3,[9 1],28,161,164,133,159
1,<environment.Job instance at 0x147b8dba62d0>,20,3,[2 9],30,167,170,137,159
1,<environment.Job instance at 0x147b8dba6c80>,21,2,[10  2],31,164,166,133,159
1,<environment.Job instance at 0x147b8dba6f50>,22,2,[ 1 10],32,170,172,138,159
1,<environment.Job instance at 0x147b8dba6640>,23,3,[ 1 10],34,172,175,138,159
1,<environment.Job instance at 0x147b8dba6190>,24,1,[9 2],35,166,167,131,159
1,<environment.Job instance at 0x147b8dba6460>,25,1,[7 2],36,167,168,131,159
1,<environment.Job instance at 0x147b8dba6b40>,26,2,[5 2],37,167,169,130,159
1,<environment.Job instance at 0x147b8dba6aa0>,27,3,[14  2],38,170,173,132,159
1,<environment.Job instance at 0x147b8dba63c0>,28,2,[1 7],41,175,177,134,159
1,<environment.Job instance at 0x147b937af5a0>,29,2,[2 6],42,162,164,120,159
1,<environment.Job instance at 0x147b937af9b0>,30,3,[6 1],44,173,176,129,159
1,<environment.Job instance at 0x147b937aff50>,31,16,[ 2 10],45,177,193,132,164
1,<environment.Job instance at 0x147b937aff00>,32,2,[5 1],47,168,170,121,164
1,<environment.Job instance at 0x147b937af730>,33,3,[6 1],48,173,176,125,164
1,<environment.Job instance at 0x147b937afa00>,34,1,[10  1],49,176,177,127,164
1,<environment.Job instance at 0x147b937af230>,35,15,[7 1],50,177,192,127,164
1,<environment.Job instance at 0x147b937af0f0>,36,3,[ 2 10],51,193,196,142,167
1,<environment.Job instance at 0x147b937af8c0>,37,17,[2 9],53,196,213,143,184
1,<environment.Job instance at 0x147b937afaf0>,38,1,[9 2],54,192,193,138,184
1,<environment.Job instance at 0x147b937af960>,39,3,[2 9],55,213,216,158,187
1,<environment.Job instance at 0x147b937af4b0>,40,3,[2 5],56,193,196,137,187
1,<environment.Job instance at 0x147b937afb90>,41,3,[1 7],57,216,219,159,190
1,<environment.Job instance at 0x147b937af7d0>,42,2,[2 6],58,196,198,138,190
1,<environment.Job instance at 0x147b937afd70>,43,2,[5 2],59,190,192,131,190
1,<environment.Job instance at 0x147b937af870>,44,12,[ 1 10],60,219,231,159,202
1,<environment.Job instance at 0x147b937af050>,45,2,[1 5],61,211,213,150,211
1,<environment.Job instance at 0x147b937af690>,46,12,[5 1],62,211,223,149,211
1,<environment.Job instance at 0x147b937af6e0>,47,1,[10  1],63,223,224,160,211
1,<environment.Job instance at 0x147b89b15b40>,48,3,[1 7],65,216,219,151,211
1,<environment.Job instance at 0x147b89b154b0>,49,1,[10  2],67,224,225,157,211
1,<environment.Job instance at 0x147b89b15c80>,50,1,[6 1],69,213,214,144,211
1,<environment.Job instance at 0x147b9069c8c0>,51,13,[1 6],70,231,244,161,215
1,<environment.Job instance at 0x147b9069ccd0>,52,2,[1 8],71,231,233,160,215
1,<environment.Job instance at 0x147b9069c0a0>,53,17,[6 1],72,225,242,153,215
1,<environment.Job instance at 0x147b9069ca50>,54,1,[8 1],73,215,216,142,215
1,<environment.Job instance at 0x147b9069c5a0>,55,3,[1 6],74,233,236,159,215
1,<environment.Job instance at 0x147b9069c320>,56,2,[1 9],77,242,244,165,215
1,<environment.Job instance at 0x147b9069c730>,57,17,[2 7],78,244,261,166,232
1,<environment.Job instance at 0x147ba4c5c780>,58,12,[5 1],79,244,256,165,233
1,<environment.Job instance at 0x147ba4c5caa0>,59,16,[1 7],81,244,260,163,233
1,<environment.Job instance at 0x147ba4c5c3c0>,60,3,[2 6],82,236,239,154,233
1,<environment.Job instance at 0x147ba4c5c7d0>,61,17,[6 1],85,256,273,171,244
1,<environment.Job instance at 0x147ba4c5cbe0>,62,3,[2 8],86,261,264,175,244
1,<environment.Job instance at 0x147ba4c5c190>,63,2,[9 1],88,264,266,176,244
1,<environment.Job instance at 0x147ba4c5cc30>,64,12,[5 2],89,266,278,177,249
1,<environment.Job instance at 0x147ba4c5c500>,65,1,[1 9],90,266,267,176,249
1,<environment.Job instance at 0x147b8979d140>,66,1,[1 5],91,260,261,169,249
1,<environment.Job instance at 0x147b8979d460>,67,26,[2 7],92,267,293,175,264
1,<environment.Job instance at 0x147b8979d550>,68,3,[2 8],93,278,281,185,264
1,<environment.Job instance at 0x147b8979d870>,69,3,[2 9],94,293,296,199,267
1,<environment.Job instance at 0x147b8979d5f0>,70,15,[8 1],96,281,296,185,267
1,<environment.Job instance at 0x147b8979d640>,71,1,[2 7],97,281,282,184,267
1,<environment.Job instance at 0x147b8979dd20>,72,1,[7 2],98,273,274,175,267
1,<environment.Job instance at 0x147b8979da50>,73,25,[1 7],99,296,321,197,292
1,<environment.Job instance at 0x147b8979d8c0>,74,1,[ 2 10],100,321,322,221,293
1,<environment.Job instance at 0x147b8979d3c0>,75,2,[2 5],101,293,295,192,293
1,<environment.Job instance at 0x147b8979d320>,76,15,[7 2],102,296,311,194,293
1,<environment.Job instance at 0x147b8979dbe0>,77,1,[7 2],105,296,297,191,293
1,<environment.Job instance at 0x147b8979db90>,78,1,[1 8],106,311,312,205,293
1,<environment.Job instance at 0x147b8979dcd0>,79,2,[1 7],107,312,314,205,293
1,<environment.Job instance at 0x147b8979d6e0>,80,22,[ 1 10],108,322,344,214,315
1,<environment.Job instance at 0x147b8979d780>,81,2,[1 6],109,315,317,206,315
1,<environment.Job instance at 0x147b8979dd70>,82,1,[14  1],111,317,318,206,317
1,<environment.Job instance at 0x147b89bf86e0>,83,3,[10  1],112,318,321,206,317
1,<environment.Job instance at 0x147b89bf8960>,84,3,[10  1],113,321,324,208,317
1,<environment.Job instance at 0x147b89bf8a00>,85,1,[8 1],114,324,325,210,317
1,<environment.Job instance at 0x147b89bf8870>,86,17,[7 2],116,325,342,209,317
1,<environment.Job instance at 0x147b89bf8190>,87,13,[2 5],117,342,355,225,326
1,<environment.Job instance at 0x147b89bf8eb0>,88,2,[6 1],119,326,328,207,326
1,<environment.Job instance at 0x147b89e470f0>,89,16,[6 1],120,344,360,224,335
1,<environment.Job instance at 0x147b89e476e0>,90,1,[ 1 10],122,355,356,233,335
1,<environment.Job instance at 0x147b89e477d0>,91,3,[9 1],124,356,359,232,335
1,<environment.Job instance at 0x147b89e47500>,92,1,[8 2],126,355,356,229,335
1,<environment.Job instance at 0x147b89e47640>,93,3,[1 5],127,344,347,217,335
1,<environment.Job instance at 0x147b89e478c0>,94,1,[10  1],129,360,361,231,335
1,<environment.Job instance at 0x147b896da730>,19,2,[2 5],23,41,43,18,41
1,<environment.Job instance at 0x147b897ffc30>,22,2,[8 2],28,49,51,21,49
1,<environment.Job instance at 0x147ba6dfdb40>,21,1,[8 1],27,51,52,24,49
1,<environment.Job instance at 0x147b8caa5500>,24,2,[5 2],30,49,51,19,49
1,<environment.Job instance at 0x147b8caa5370>,25,3,[1 5],31,49,52,18,49
1,<environment.Job instance at 0x147b8caa5690>,26,1,[1 5],33,49,50,16,49
1,<environment.Job instance at 0x147b93ff6dc0>,27,16,[8 1],34,52,68,18,49
1,<environment.Job instance at 0x147b8c68f8c0>,28,14,[2 8],35,51,65,16,49
1,<environment.Job instance at 0x147b93ff6e60>,29,15,[8 2],36,68,83,32,54
1,<environment.Job instance at 0x147b93ff6f00>,30,3,[1 7],38,65,68,27,54
1,<environment.Job instance at 0x147b8dba7fa0>,31,3,[7 1],39,68,71,29,54
1,<environment.Job instance at 0x147b8dba7dc0>,32,2,[2 7],40,65,67,25,54
1,<environment.Job instance at 0x147b8dba74b0>,33,14,[ 2 10],41,71,85,30,56
1,<environment.Job instance at 0x147b8dba7410>,34,1,[1 9],42,85,86,43,57
1,<environment.Job instance at 0x147b8dba7e60>,35,18,[5 2],43,71,89,28,60
1,<environment.Job instance at 0x147b8dba77d0>,36,2,[1 8],45,86,88,41,60
1,<environment.Job instance at 0x147b8dba7f50>,37,16,[1 6],46,88,104,42,77
1,<environment.Job instance at 0x147b8dba7550>,38,3,[2 6],48,88,91,40,86
1,<environment.Job instance at 0x147b8a60e320>,39,14,[10  1],49,89,103,40,86
1,<environment.Job instance at 0x147b8a60e4b0>,40,3,[ 1 14],50,104,107,54,86
1,<environment.Job instance at 0x147b8a60e410>,41,3,[5 1],51,86,89,35,86
1,<environment.Job instance at 0x147b895ed280>,42,2,[8 1],53,103,105,50,86
1,<environment.Job instance at 0x147b895ed140>,43,3,[9 1],54,105,108,51,86
1,<environment.Job instance at 0x147b9378c0f0>,44,3,[8 2],55,108,111,53,86
1,<environment.Job instance at 0x147b9378c3c0>,45,12,[7 2],57,108,120,51,91
1,<environment.Job instance at 0x147b9378ce60>,46,2,[2 7],59,91,93,32,91
1,<environment.Job instance at 0x147b9378c9b0>,47,17,[6 2],61,111,128,50,99
1,<environment.Job instance at 0x147b9378c460>,48,13,[ 2 10],62,111,124,49,99
1,<environment.Job instance at 0x147b9378c690>,49,2,[1 9],63,124,126,61,99
1,<environment.Job instance at 0x147b9378cd20>,50,23,[1 5],64,126,149,62,120
1,<environment.Job instance at 0x147b8c7bbbe0>,51,1,[8 1],65,131,132,66,131
1,<environment.Job instance at 0x147b8deed780>,52,18,[10  1],66,132,150,66,131
1,<environment.Job instance at 0x147b8c7bb500>,53,1,[8 2],67,150,151,83,131
1,<environment.Job instance at 0x147ba7275460>,54,2,[7 1],68,150,152,82,131
1,<environment.Job instance at 0x147ba72755f0>,55,1,[5 1],69,131,132,62,131
1,<environment.Job instance at 0x147ba7275410>,56,2,[2 8],70,132,134,62,131
1,<environment.Job instance at 0x147ba7275500>,57,3,[7 1],71,151,154,80,131
1,<environment.Job instance at 0x147b8da10960>,58,3,[8 2],72,152,155,80,131
1,<environment.Job instance at 0x147b8da10c30>,59,2,[10  1],74,155,157,81,131
1,<environment.Job instance at 0x147b8da10aa0>,60,22,[5 1],76,154,176,78,147
1,<environment.Job instance at 0x147ba6776960>,61,14,[9 2],79,157,171,78,147
1,<environment.Job instance at 0x147ba67761e0>,62,16,[8 2],81,171,187,90,158
1,<environment.Job instance at 0x147ba6776780>,63,3,[1 5],82,158,161,76,158
1,<environment.Job instance at 0x147b89e0e5f0>,64,2,[5 2],83,176,178,93,158
1,<environment.Job instance at 0x147b89e0e690>,65,13,[8 1],85,187,200,102,171
1,<environment.Job instance at 0x147b8c684d20>,66,1,[7 2],86,178,179,92,171
1,<environment.Job instance at 0x147b8a6bd7d0>,67,2,[2 8],87,171,173,84,171
1,<environment.Job instance at 0x147b8c684c30>,68,12,[9 1],88,200,212,112,183
1,<environment.Job instance at 0x147b89f07780>,69,3,[9 2],90,212,215,122,186
1,<environment.Job instance at 0x147b89f07c30>,70,1,[ 2 10],91,186,187,95,186
1,<environment.Job instance at 0x147b8c9066e0>,71,2,[6 2],92,187,189,95,186
1,<environment.Job instance at 0x147b8c9060f0>,72,1,[1 5],94,187,188,93,186
1,<environment.Job instance at 0x147b896c1e60>,73,2,[5 2],95,189,191,94,186
1,<environment.Job instance at 0x147b89ddd320>,74,2,[8 1],96,215,217,119,188
1,<environment.Job instance at 0x147b89dddeb0>,75,2,[8 1],97,217,219,120,190
1,<environment.Job instance at 0x147bdc24df00>,76,17,[ 2 10],98,190,207,92,190
1,<environment.Job instance at 0x147bdc24dcd0>,77,3,[10  2],99,219,222,120,193
1,<environment.Job instance at 0x147b897f5730>,78,18,[2 5],100,207,225,107,196
1,<environment.Job instance at 0x147b897f57d0>,79,3,[2 7],101,207,210,106,196
1,<environment.Job instance at 0x147b897f5910>,80,18,[ 2 11],102,225,243,123,214
1,<environment.Job instance at 0x147b897f5190>,81,2,[1 6],103,223,225,120,223
1,<environment.Job instance at 0x147b897f55a0>,82,16,[1 9],104,243,259,139,232
1,<environment.Job instance at 0x147b897f5320>,83,2,[ 1 13],105,259,261,154,252
1,<environment.Job instance at 0x147b897f5f50>,84,13,[8 1],106,254,267,148,254
1,<environment.Job instance at 0x147b897f58c0>,85,1,[6 1],107,254,255,147,254
1,<environment.Job instance at 0x147b897f5c30>,86,2,[ 1 10],108,261,263,153,254
1,<environment.Job instance at 0x147b897f51e0>,87,1,[5 1],109,256,257,147,256
1,<environment.Job instance at 0x147b897f5230>,88,3,[5 2],110,261,264,151,256
1,<environment.Job instance at 0x147b897f5690>,89,17,[6 2],114,264,281,150,256
1,<environment.Job instance at 0x147b897f5140>,90,3,[5 2],115,267,270,152,256
1,<environment.Job instance at 0x147b897f5410>,91,15,[10  2],116,281,296,165,267
1,<environment.Job instance at 0x147b897f5dc0>,92,2,[8 2],117,270,272,153,267
1,<environment.Job instance at 0x147b897f5be0>,93,2,[11  1],118,296,298,178,269
1,<environment.Job instance at 0x147b897f5870>,94,1,[8 2],119,272,273,153,269
1,<environment.Job instance at 0x147b897f50f0>,95,12,[1 8],120,269,281,149,269
1,<environment.Job instance at 0x147b897f5f00>,96,28,[ 2 10],121,281,309,160,280
1,<environment.Job instance at 0x147b89a428c0>,97,3,[9 1],124,298,301,174,280
1,<environment.Job instance at 0x147b89a42b90>,98,14,[2 5],126,301,315,175,289
1,<environment.Job instance at 0x147b89a42a50>,99,2,[1 8],127,309,311,182,289
1,<environment.Job instance at 0x147b89a42960>,100,1,[5 1],128,309,310,181,289
1,<environment.Job instance at 0x147b89a42f50>,101,14,[1 7],129,311,325,182,297
1,<environment.Job instance at 0x147b89951a50>,18,2,[1 9],22,325,327,303,325
1,<environment.Job instance at 0x147b8caf2a50>,17,3,[ 1 11],21,821,824,800,821
1,<environment.Job instance at 0x147ba6e9ee60>,15,3,[2 8],21,21,24,0,21
1,<environment.Job instance at 0x147ba6e9e780>,16,12,[7 2],22,131,143,109,131
1,<environment.Job instance at 0x147ba6e9eb90>,17,1,[2 5],24,131,132,107,131
1,<environment.Job instance at 0x147b8b16a7d0>,18,17,[ 1 10],26,132,149,106,131
1,<environment.Job instance at 0x147b8b16a730>,19,3,[1 6],29,149,152,120,131
1,<environment.Job instance at 0x147b8b16a190>,20,3,[2 6],30,149,152,119,131
1,<environment.Job instance at 0x147b8b16aaa0>,21,3,[2 5],31,143,146,112,131
1,<environment.Job instance at 0x147b8b16aa00>,22,16,[7 2],32,146,162,114,133
1,<environment.Job instance at 0x147b8b16a370>,23,12,[9 1],33,162,174,129,145
1,<environment.Job instance at 0x147b8a58d500>,24,3,[7 2],35,146,149,111,145
1,<environment.Job instance at 0x147b8b16af00>,25,3,[1 6],37,152,155,115,145
1,<environment.Job instance at 0x147b8b16a230>,26,2,[1 6],39,152,154,113,145
1,<environment.Job instance at 0x147b8b181910>,27,2,[8 1],43,155,157,112,145
1,<environment.Job instance at 0x147b93df4a00>,28,3,[9 2],44,174,177,130,148
1,<environment.Job instance at 0x147b8da5b640>,29,1,[2 8],46,157,158,111,148
1,<environment.Job instance at 0x147b8bbf3820>,30,2,[10  1],47,177,179,130,150
1,<environment.Job instance at 0x147b8b199190>,31,13,[1 8],48,158,171,110,150
1,<environment.Job instance at 0x147b8b181d70>,32,3,[5 1],50,150,153,100,150
1,<environment.Job instance at 0x147b89a58320>,33,26,[5 2],52,157,183,105,154
1,<environment.Job instance at 0x147b93df8320>,34,2,[7 2],54,179,181,125,154
1,<environment.Job instance at 0x147b89a58690>,35,12,[2 8],55,179,191,124,162
1,<environment.Job instance at 0x147b8da5bb90>,36,14,[10  2],56,183,197,127,168
1,<environment.Job instance at 0x147b8b194780>,37,3,[2 6],57,191,194,134,168
1,<environment.Job instance at 0x147b8b1946e0>,38,12,[6 1],60,197,209,137,180
1,<environment.Job instance at 0x147ba6dc12d0>,39,18,[1 6],61,191,209,130,180
1,<environment.Job instance at 0x147ba6dc10a0>,40,14,[9 2],63,209,223,146,194
1,<environment.Job instance at 0x147b89a67870>,41,3,[1 9],66,209,212,143,194
1,<environment.Job instance at 0x147b89a679b0>,42,1,[5 2],67,197,198,130,194
1,<environment.Job instance at 0x147b89a67f50>,43,1,[9 1],68,223,224,155,195
1,<environment.Job instance at 0x147b89a67960>,44,23,[9 1],70,224,247,154,218
1,<environment.Job instance at 0x147b89a67730>,45,14,[10  1],71,247,261,176,232
1,<environment.Job instance at 0x147b89a677d0>,46,18,[1 7],72,232,250,160,232
1,<environment.Job instance at 0x147b89a67dc0>,47,16,[9 2],73,261,277,188,249
1,<environment.Job instance at 0x147b89a67c80>,48,2,[1 5],74,249,251,175,249
1,<environment.Job instance at 0x147b89a67d70>,49,1,[2 5],75,250,251,175,249
1,<environment.Job instance at 0x147b89a67e10>,50,12,[5 1],78,251,263,173,249
1,<environment.Job instance at 0x147b89a67e60>,51,1,[10  1],80,277,278,197,249
1,<environment.Job instance at 0x147b8ca54280>,52,1,[7 1],81,278,279,197,250
1,<environment.Job instance at 0x147b89a67d20>,53,2,[10  1],82,279,281,197,252
1,<environment.Job instance at 0x147b8ca54730>,54,1,[6 2],83,263,264,180,252
1,<environment.Job instance at 0x147b8ca545a0>,55,3,[6 2],84,264,267,180,252
1,<environment.Job instance at 0x147b8ca542d0>,56,3,[2 5],88,267,270,179,252
1,<environment.Job instance at 0x147b8ca540a0>,57,2,[5 1],89,270,272,181,252
1,<environment.Job instance at 0x147b8ca54370>,58,18,[2 9],91,272,290,181,261
1,<environment.Job instance at 0x147b8ca54640>,59,13,[2 8],93,290,303,197,274
1,<environment.Job instance at 0x147b8ca543c0>,60,3,[1 9],94,303,306,209,277
1,<environment.Job instance at 0x147b8ca54230>,61,3,[2 7],96,290,293,194,277
1,<environment.Job instance at 0x147b89a5da00>,62,3,[2 9],97,306,309,209,280
1,<environment.Job instance at 0x147b89a5d820>,63,3,[6 1],99,281,284,182,280
1,<environment.Job instance at 0x147b89a5d9b0>,64,18,[7 2],100,293,311,193,285
1,<environment.Job instance at 0x147b8c7df3c0>,65,15,[2 7],101,309,324,208,295
1,<environment.Job instance at 0x147b8c7dfcd0>,66,2,[9 1],102,311,313,209,295
1,<environment.Job instance at 0x147b8ca565a0>,67,2,[14  2],104,324,326,220,297
1,<environment.Job instance at 0x147b8ca56f00>,68,3,[ 1 10],105,324,327,219,298
1,<environment.Job instance at 0x147b8ca56c80>,69,1,[14  2],106,326,327,220,298
1,<environment.Job instance at 0x147b8ca56eb0>,70,2,[6 2],107,298,300,191,298
1,<environment.Job instance at 0x147b8ca56dc0>,71,13,[6 1],108,327,340,219,311
1,<environment.Job instance at 0x147b8ca56d20>,72,2,[1 9],109,327,329,218,311
1,<environment.Job instance at 0x147b8ca56af0>,73,3,[6 2],110,313,316,203,311
1,<environment.Job instance at 0x147b8db61b90>,74,3,[5 2],112,313,316,201,311
1,<environment.Job instance at 0x147b8c641f50>,75,2,[1 8],113,316,318,203,311
1,<environment.Job instance at 0x147b8db61870>,76,17,[9 1],114,329,346,215,317
1,<environment.Job instance at 0x147b8c641320>,77,2,[2 8],117,318,320,201,317
1,<environment.Job instance at 0x147b8dfbbd20>,78,14,[2 8],118,340,354,222,325
1,<environment.Job instance at 0x147b8dfbbaf0>,79,1,[10  2],119,346,347,227,325
1,<environment.Job instance at 0x147b8dfbbf00>,80,17,[7 2],121,347,364,226,335
1,<environment.Job instance at 0x147b8dfbb6e0>,81,13,[8 1],124,354,367,230,338
1,<environment.Job instance at 0x147b8c63a0a0>,82,2,[10  1],125,367,369,242,340
1,<environment.Job instance at 0x147b8bbeb960>,83,18,[8 1],127,369,387,242,358
1,<environment.Job instance at 0x147b8c63a3c0>,84,1,[6 2],128,364,365,236,358
1,<environment.Job instance at 0x147b8ee2c8c0>,85,1,[6 1],129,365,366,236,358
1,<environment.Job instance at 0x147b8b182b40>,12,2,[1 8],18,375,377,357,375
1,<environment.Job instance at 0x147b8db33190>,8,13,[ 1 10],17,17,30,0,17
1,<environment.Job instance at 0x147b8db33d70>,9,2,[ 1 10],20,30,32,10,20
1,<environment.Job instance at 0x147b8db337d0>,10,13,[7 2],21,21,34,0,21
1,<environment.Job instance at 0x147b8db33c80>,11,1,[1 6],22,32,33,10,22
1,<environment.Job instance at 0x147b8db339b0>,12,1,[1 8],23,33,34,10,23
1,<environment.Job instance at 0x147b93ebcf50>,13,1,[8 2],25,34,35,9,25
1,<environment.Job instance at 0x147b89997050>,14,2,[10  2],26,35,37,9,26
1,<environment.Job instance at 0x147b89a06b90>,15,2,[14  1],27,37,39,10,27
1,<environment.Job instance at 0x147b8dbee0a0>,16,14,[6 2],30,39,53,9,30
1,<environment.Job instance at 0x147b93f74550>,17,1,[5 2],31,31,32,0,31
1,<environment.Job instance at 0x147b8db33910>,18,18,[10  2],32,53,71,21,42
1,<environment.Job instance at 0x147b897898c0>,19,3,[1 5],33,42,45,9,42
1,<environment.Job instance at 0x147ba4c23e60>,20,14,[1 7],34,42,56,8,42
1,<environment.Job instance at 0x147ba4c23d20>,21,2,[1 8],36,56,58,20,42
1,<environment.Job instance at 0x147b89b34e60>,22,12,[5 2],37,58,70,21,42
1,<environment.Job instance at 0x147ba4c235f0>,23,1,[2 9],38,70,71,32,42
1,<environment.Job instance at 0x147ba4ac4140>,24,1,[10  2],39,71,72,32,43
1,<environment.Job instance at 0x147ba4ac4f00>,25,2,[5 2],42,45,47,3,43
1,<environment.Job instance at 0x147b898de1e0>,26,2,[10  1],43,72,74,29,45
1,<environment.Job instance at 0x147b93ec3500>,27,17,[7 1],45,74,91,29,62
1,<environment.Job instance at 0x147b93ec3550>,28,1,[7 2],46,74,75,28,62
1,<environment.Job instance at 0x147b93ec3a50>,29,15,[7 1],47,75,90,28,62
1,<environment.Job instance at 0x147b93ec3780>,30,13,[5 2],53,90,103,37,74
1,<environment.Job instance at 0x147b93ec35a0>,31,3,[1 9],54,74,77,20,74
1,<environment.Job instance at 0x147b93ec39b0>,32,1,[1 7],57,77,78,20,74
1,<environment.Job instance at 0x147b93ec35f0>,33,14,[7 1],59,91,105,32,76
1,<environment.Job instance at 0x147b8c9a4910>,34,3,[6 2],60,103,106,43,77
1,<environment.Job instance at 0x147b8c9a4640>,35,17,[6 2],65,105,122,40,93
1,<environment.Job instance at 0x147b8c9a4e10>,36,2,[8 1],66,106,108,40,93
1,<environment.Job instance at 0x147b8c9a4280>,37,3,[8 2],68,108,111,40,93
1,<environment.Job instance at 0x147b8c9a4f50>,38,14,[10  2],69,122,136,53,107
1,<environment.Job instance at 0x147b8c9a4e60>,39,2,[2 6],70,111,113,41,107
1,<environment.Job instance at 0x147b8c9a4cd0>,40,17,[1 9],71,113,130,42,107
1,<environment.Job instance at 0x147b8c9a43c0>,41,3,[1 6],72,107,110,35,107
1,<environment.Job instance at 0x147b89896230>,42,1,[8 1],73,113,114,40,107
1,<environment.Job instance at 0x147b89896c80>,43,1,[6 1],74,111,112,37,107
1,<environment.Job instance at 0x147b8dac1a50>,44,1,[1 9],78,110,111,32,107
1,<environment.Job instance at 0x147b8dae3550>,45,3,[10  2],82,136,139,54,110
1,<environment.Job instance at 0x147ba4ad3d70>,46,17,[6 1],83,139,156,56,127
1,<environment.Job instance at 0x147ba4ad3820>,47,1,[2 8],84,130,131,46,127
1,<environment.Job instance at 0x147ba4ad30f0>,48,2,[9 1],87,139,141,52,127
1,<environment.Job instance at 0x147ba4ad39b0>,49,18,[2 8],88,141,159,53,130
1,<environment.Job instance at 0x147ba4ad3460>,50,13,[7 2],91,141,154,50,130
1,<environment.Job instance at 0x147ba4ad3910>,51,2,[6 2],92,154,156,62,130
1,<environment.Job instance at 0x147b906c5550>,52,3,[5 2],97,131,134,34,130
1,<environment.Job instance at 0x147b89798280>,53,3,[ 2 10],98,134,137,36,130
1,<environment.Job instance at 0x147b93ed94b0>,54,3,[1 5],100,156,159,56,130
1,<environment.Job instance at 0x147b89c68aa0>,55,1,[9 1],101,156,157,55,130
1,<environment.Job instance at 0x147b93ed9320>,56,2,[1 7],103,137,139,34,130
1,<environment.Job instance at 0x147b89798960>,57,2,[2 5],104,137,139,33,130
1,<environment.Job instance at 0x147b89798870>,58,16,[5 2],105,157,173,52,144
1,<environment.Job instance at 0x147b8bbe7cd0>,59,13,[ 1 13],106,159,172,53,144
1,<environment.Job instance at 0x147b8bbe7910>,60,2,[10  1],107,172,174,65,145
1,<environment.Job instance at 0x147b8ee24fa0>,61,2,[8 1],108,174,176,66,147
1,<environment.Job instance at 0x147b8ee24aa0>,62,3,[2 9],110,173,176,63,147
1,<environment.Job instance at 0x147b8ee24af0>,63,1,[1 9],111,176,177,65,148
1,<environment.Job instance at 0x147b8ee24140>,64,18,[8 2],112,176,194,64,165
1,<environment.Job instance at 0x147b8ee241e0>,65,2,[5 1],113,174,176,61,165
1,<environment.Job instance at 0x147b8ee24690>,66,3,[2 5],114,177,180,63,165
1,<environment.Job instance at 0x147b8ee24d20>,67,1,[6 1],115,176,177,61,165
1,<environment.Job instance at 0x147b8ee24640>,68,1,[5 2],117,177,178,60,165
1,<environment.Job instance at 0x147b8ee24820>,69,1,[6 1],118,180,181,62,165
1,<environment.Job instance at 0x147b8ee24280>,70,3,[2 5],124,181,184,57,165
1,<environment.Job instance at 0x147b8ee24230>,71,2,[2 5],126,178,180,52,165
1,<environment.Job instance at 0x147b8ee24d70>,72,1,[2 9],127,184,185,57,165
1,<environment.Job instance at 0x147b8ee24780>,73,18,[7 2],129,185,203,56,174
1,<environment.Job instance at 0x147b93f61320>,6,3,[1 9],14,204,207,190,204
1,<environment.Job instance at 0x147b93f619b0>,5,1,[ 2 10],12,214,215,202,214
1,<environment.Job instance at 0x147b92110aa0>,19,1,[2 5],28,31,32,3,31
1,<environment.Job instance at 0x147ba64f8370>,20,2,[1 8],29,31,33,2,31
1,<environment.Job instance at 0x147b89dc9d20>,21,17,[1 6],30,32,49,2,31
1,<environment.Job instance at 0x147b8b199140>,22,17,[10  2],31,33,50,2,31
1,<environment.Job instance at 0x147b896435a0>,23,12,[1 7],32,33,45,1,32
1,<environment.Job instance at 0x147b92124cd0>,24,2,[11  1],34,50,52,16,34
1,<environment.Job instance at 0x147b896e1b90>,25,3,[9 1],37,52,55,15,37
1,<environment.Job instance at 0x147b897431e0>,26,27,[9 2],38,55,82,17,53
1,<environment.Job instance at 0x147b8965ddc0>,27,2,[7 1],39,82,84,43,55
1,<environment.Job instance at 0x147b897435a0>,28,3,[1 6],40,55,58,15,55
1,<environment.Job instance at 0x147b8c99eb90>,29,1,[6 1],41,58,59,17,55
1,<environment.Job instance at 0x147b8965dc30>,30,1,[1 5],42,55,56,13,55
1,<environment.Job instance at 0x147b8c99e820>,31,2,[1 7],43,56,58,13,55
1,<environment.Job instance at 0x147b8ca64370>,32,3,[1 7],44,59,62,15,55
1,<environment.Job instance at 0x147b8ca64aa0>,33,1,[1 8],45,62,63,17,55
1,<environment.Job instance at 0x147b8ca642d0>,34,2,[2 5],46,59,61,13,55
1,<environment.Job instance at 0x147b8965ae60>,35,3,[1 9],47,63,66,16,55
1,<environment.Job instance at 0x147b8965a690>,36,3,[8 1],48,82,85,34,56
1,<environment.Job instance at 0x147b8965a370>,37,1,[2 9],49,66,67,17,56
1,<environment.Job instance at 0x147b8965aaf0>,38,3,[1 9],52,67,70,15,56
1,<environment.Job instance at 0x147b89c7c550>,39,1,[9 1],53,85,86,32,57
1,<environment.Job instance at 0x147b89c14f50>,40,3,[1 7],54,70,73,16,57
1,<environment.Job instance at 0x147b89c7c8c0>,41,2,[1 8],55,73,75,18,57
1,<environment.Job instance at 0x147b8dbb05a0>,42,16,[10  1],56,86,102,30,73
1,<environment.Job instance at 0x147b8dbb0370>,43,3,[5 1],58,73,76,15,73
1,<environment.Job instance at 0x147b8c889dc0>,44,3,[9 2],59,102,105,43,76
1,<environment.Job instance at 0x147b8c889b90>,45,14,[ 1 12],60,84,98,24,76
1,<environment.Job instance at 0x147b8c8896e0>,46,2,[ 1 10],61,76,78,15,76
1,<environment.Job instance at 0x147b8c889690>,47,1,[9 1],62,105,106,43,77
1,<environment.Job instance at 0x147b8c889f50>,48,2,[1 5],63,78,80,15,77
1,<environment.Job instance at 0x147b8c889be0>,49,1,[6 2],64,80,81,16,77
1,<environment.Job instance at 0x147b8c889eb0>,50,3,[7 2],66,106,109,40,80
1,<environment.Job instance at 0x147b8c9a1550>,51,13,[1 6],67,98,111,31,82
1,<environment.Job instance at 0x147b8c9a1fa0>,52,19,[5 1],68,102,121,34,92
1,<environment.Job instance at 0x147b8c9a1410>,53,1,[5 2],70,109,110,39,92
1,<environment.Job instance at 0x147b8c9a1140>,54,3,[1 8],72,98,101,26,92
1,<environment.Job instance at 0x147b8db94500>,55,16,[ 1 10],73,111,127,38,98
1,<environment.Job instance at 0x147b8db94370>,56,20,[10  2],74,121,141,47,112
1,<environment.Job instance at 0x147b8db94be0>,57,15,[2 8],75,127,142,52,113
1,<environment.Job instance at 0x147b8db94690>,58,1,[1 5],77,127,128,50,113
1,<environment.Job instance at 0x147b8c85ac80>,59,1,[7 2],78,113,114,35,113
1,<environment.Job instance at 0x147b8c85a0f0>,60,3,[ 2 10],80,142,145,62,116
1,<environment.Job instance at 0x147b8c85aa50>,61,1,[6 2],81,116,117,35,116
1,<environment.Job instance at 0x147b93ef7dc0>,62,3,[10  2],83,141,144,58,116
1,<environment.Job instance at 0x147b90699e60>,63,3,[2 7],85,145,148,60,119
1,<environment.Job instance at 0x147b89a49aa0>,64,15,[7 2],86,144,159,58,130
1,<environment.Job instance at 0x147ba4b73a00>,65,13,[ 2 10],88,148,161,60,132
1,<environment.Job instance at 0x147b89a495f0>,66,1,[1 5],91,132,133,41,132
1,<environment.Job instance at 0x147b8dbb5910>,67,21,[6 2],92,144,165,52,136
1,<environment.Job instance at 0x147ba653bc80>,68,16,[6 1],94,159,175,65,146
1,<environment.Job instance at 0x147b89dc6320>,69,1,[8 2],95,165,166,70,146
1,<environment.Job instance at 0x147ba4a98280>,70,2,[ 2 10],96,161,163,65,146
1,<environment.Job instance at 0x147ba4a98b90>,71,1,[1 6],97,163,164,66,146
1,<environment.Job instance at 0x147b93e8deb0>,72,1,[ 1 10],102,164,165,62,146
1,<environment.Job instance at 0x147ba4aacbe0>,73,14,[2 7],103,166,180,63,151
1,<environment.Job instance at 0x147b8a14d0f0>,74,3,[7 1],104,166,169,62,151
1,<environment.Job instance at 0x147ba4aacd20>,75,1,[ 1 10],105,165,166,60,151
1,<environment.Job instance at 0x147ba4aacf00>,76,18,[6 1],106,169,187,63,158
1,<environment.Job instance at 0x147b8db99d70>,77,3,[2 9],107,180,183,73,158
1,<environment.Job instance at 0x147b8db99a00>,78,14,[ 1 10],108,183,197,75,168
1,<environment.Job instance at 0x147b8db99b40>,79,18,[2 8],109,197,215,88,186
1,<environment.Job instance at 0x147b8db999b0>,80,27,[7 1],111,186,213,75,186
1,<environment.Job instance at 0x147b8dfaad20>,81,18,[8 1],112,213,231,101,202
1,<environment.Job instance at 0x147b89872910>,82,2,[6 2],113,202,204,89,202
1,<environment.Job instance at 0x147b937835a0>,83,16,[6 2],115,215,231,100,202
1,<environment.Job instance at 0x147b93783e10>,84,2,[2 6],116,204,206,88,202
1,<environment.Job instance at 0x147b89a1beb0>,85,2,[9 1],118,231,233,113,204
1,<environment.Job instance at 0x147b89a1b6e0>,86,2,[8 1],120,233,235,113,206
1,<environment.Job instance at 0x147ba6792b90>,87,1,[ 1 10],123,215,216,92,206
1,<environment.Job instance at 0x147b89a1b8c0>,88,1,[8 1],124,235,236,111,207
1,<environment.Job instance at 0x147b89a1b9b0>,89,1,[8 1],125,236,237,111,208
1,<environment.Job instance at 0x147b8c729690>,90,3,[2 7],126,231,234,105,208
1,<environment.Job instance at 0x147b8c729280>,91,14,[1 9],128,216,230,88,208
1,<environment.Job instance at 0x147b89f0a730>,8,3,[7 1],16,16,19,0,16
1,<environment.Job instance at 0x147b8ca04910>,10,3,[7 2],21,21,24,0,21
1,<environment.Job instance at 0x147b8ca04dc0>,13,13,[1 5],27,27,40,0,27
1,<environment.Job instance at 0x147b8c8220f0>,14,1,[2 7],28,28,29,0,28
1,<environment.Job instance at 0x147b8ca04fa0>,15,2,[2 5],29,29,31,0,29
1,<environment.Job instance at 0x147b8ca045f0>,16,3,[1 8],30,31,34,1,30
1,<environment.Job instance at 0x147b89d3db40>,17,1,[10  2],31,31,32,0,31
1,<environment.Job instance at 0x147b8c9118c0>,18,18,[1 8],33,34,52,1,33
1,<environment.Job instance at 0x147ba4c18640>,19,17,[10  2],35,35,52,0,35
1,<environment.Job instance at 0x147ba6e65910>,20,3,[9 2],36,52,55,16,36
1,<environment.Job instance at 0x147b8dba1460>,21,12,[8 1],37,55,67,18,38
1,<environment.Job instance at 0x147b8dba10f0>,22,2,[6 2],38,52,54,14,38
1,<environment.Job instance at 0x147b8da1c910>,23,16,[ 2 10],43,54,70,11,43
1,<environment.Job instance at 0x147b8c646cd0>,24,13,[8 1],44,67,80,23,51
1,<environment.Job instance at 0x147b8c9e7780>,25,2,[2 6],45,70,72,25,51
1,<environment.Job instance at 0x147b8c9e7e60>,26,17,[2 7],48,70,87,22,58
1,<environment.Job instance at 0x147b8da3b410>,27,1,[2 9],49,87,88,38,59
1,<environment.Job instance at 0x147b8da3b5a0>,28,1,[2 6],50,72,73,22,59
1,<environment.Job instance at 0x147b8da3baa0>,29,2,[1 8],51,80,82,29,59
1,<environment.Job instance at 0x147b8c9ec410>,30,1,[8 2],53,82,83,29,59
1,<environment.Job instance at 0x147b8c9dc320>,31,13,[1 9],54,88,101,34,72
1,<environment.Job instance at 0x147b8c9ec9b0>,32,2,[2 8],56,83,85,27,72
1,<environment.Job instance at 0x147b8c9dc960>,33,2,[7 2],57,85,87,28,72
1,<environment.Job instance at 0x147b8c9dc4b0>,34,2,[13  1],58,87,89,29,72
1,<environment.Job instance at 0x147b8c9dce60>,35,2,[1 7],59,73,75,14,72
1,<environment.Job instance at 0x147b8c9dc0a0>,36,3,[6 2],60,89,92,29,72
1,<environment.Job instance at 0x147b8c9dccd0>,37,3,[8 1],62,89,92,27,72
1,<environment.Job instance at 0x147b89b0a5a0>,38,1,[7 1],64,92,93,28,72
1,<environment.Job instance at 0x147b89b0a2d0>,39,1,[1 5],65,75,76,10,72
1,<environment.Job instance at 0x147b89b0ad20>,40,15,[10  1],66,93,108,27,79
1,<environment.Job instance at 0x147b89b0a5f0>,41,17,[6 1],68,108,125,40,96
1,<environment.Job instance at 0x147b89c28e10>,42,21,[2 6],69,101,122,32,96
1,<environment.Job instance at 0x147b89b0aaa0>,43,15,[5 2],70,108,123,38,96
1,<environment.Job instance at 0x147b89c28d70>,44,13,[6 2],71,123,136,52,107
1,<environment.Job instance at 0x147ba4b5dcd0>,45,2,[5 2],73,125,127,52,107
1,<environment.Job instance at 0x147ba4c12410>,46,2,[6 2],74,127,129,53,107
1,<environment.Job instance at 0x147b8dbbbc80>,47,3,[2 5],75,107,110,32,107
1,<environment.Job instance at 0x147b8caefdc0>,48,12,[5 2],76,129,141,53,112
1,<environment.Job instance at 0x147b8dbbb8c0>,49,14,[2 8],78,122,136,44,112
1,<environment.Job instance at 0x147b89f02c30>,50,1,[6 2],80,136,137,56,112
1,<environment.Job instance at 0x147ba4b128c0>,51,16,[7 1],81,137,153,56,124
1,<environment.Job instance at 0x147ba4b4ceb0>,52,1,[1 7],82,136,137,54,124
1,<environment.Job instance at 0x147ba4b4ccd0>,53,2,[1 8],83,137,139,54,124
1,<environment.Job instance at 0x147ba4b4c4b0>,54,2,[ 1 10],86,139,141,53,124
1,<environment.Job instance at 0x147b93e95140>,55,15,[2 9],87,141,156,54,127
1,<environment.Job instance at 0x147b93e95b40>,56,15,[7 2],88,153,168,65,139
1,<environment.Job instance at 0x147b93e95690>,57,13,[9 1],89,168,181,79,152
1,<environment.Job instance at 0x147b93e958c0>,58,2,[1 6],90,156,158,66,152
1,<environment.Job instance at 0x147b93e95500>,59,24,[9 2],91,181,205,90,176
1,<environment.Job instance at 0x147b93e95e10>,60,2,[8 2],93,205,207,112,178
1,<environment.Job instance at 0x147b93e95f00>,61,14,[2 8],94,178,192,84,178
1,<environment.Job instance at 0x147b93e95910>,62,2,[6 2],95,192,194,97,178
1,<environment.Job instance at 0x147b93e95c30>,63,16,[5 1],98,194,210,96,181
1,<environment.Job instance at 0x147b93e95320>,64,14,[9 1],99,207,221,108,192
1,<environment.Job instance at 0x147b93e95af0>,65,1,[1 9],100,194,195,94,192
1,<environment.Job instance at 0x147b8ca21d20>,66,1,[10  2],101,221,222,120,193
1,<environment.Job instance at 0x147b8ca21af0>,67,3,[1 7],104,195,198,91,193
1,<environment.Job instance at 0x147b8ca21b90>,68,1,[6 2],105,210,211,105,193
1,<environment.Job instance at 0x147b8ca21aa0>,69,15,[7 2],106,222,237,116,208
1,<environment.Job instance at 0x147b8ca21820>,70,2,[7 2],107,222,224,115,208
1,<environment.Job instance at 0x147b8ca21fa0>,71,13,[6 1],108,224,237,116,208
1,<environment.Job instance at 0x147b8ca21410>,72,2,[1 5],109,208,210,99,208
1,<environment.Job instance at 0x147b8ca212d0>,73,2,[6 1],110,211,213,101,208
1,<environment.Job instance at 0x147b8ca21230>,74,15,[2 8],112,224,239,112,210
1,<environment.Job instance at 0x147b8ca21050>,75,17,[8 1],113,237,254,124,225
1,<environment.Job instance at 0x147b8ca210a0>,76,1,[ 2 10],115,239,240,124,225
1,<environment.Job instance at 0x147b8ca21910>,77,2,[2 8],118,240,242,122,225
1,<environment.Job instance at 0x147b8ca219b0>,78,16,[8 1],120,254,270,134,241
1,<environment.Job instance at 0x147b8ca21460>,79,2,[6 2],121,242,244,121,241
1,<environment.Job instance at 0x147b8ca21280>,80,1,[2 5],122,241,242,119,241
1,<environment.Job instance at 0x147b8dc1dfa0>,81,3,[2 8],126,244,247,118,241
1,<environment.Job instance at 0x147b8dc1df00>,82,2,[1 9],127,242,244,115,241
1,<environment.Job instance at 0x147b8dc1db40>,83,3,[2 6],128,244,247,116,241
1,<environment.Job instance at 0x147b8dc1d960>,84,2,[5 2],129,247,249,118,241
1,<environment.Job instance at 0x147b8df3e870>,13,2,[6 2],17,17,19,0,17
1,<environment.Job instance at 0x147b8df3eeb0>,18,3,[8 2],28,28,31,0,28
1,<environment.Job instance at 0x147b8df3e500>,22,1,[8 1],36,36,37,0,36
1,<environment.Job instance at 0x147b8df3ecd0>,23,1,[10  1],37,37,38,0,37
1,<environment.Job instance at 0x147ba64f8be0>,24,15,[2 8],38,38,53,0,38
1,<environment.Job instance at 0x147ba64f8640>,25,2,[9 1],39,39,41,0,39
1,<environment.Job instance at 0x147ba64f8500>,27,12,[7 1],41,41,53,0,41
1,<environment.Job instance at 0x147ba64f8a50>,28,3,[10  1],42,53,56,11,42
1,<environment.Job instance at 0x147ba64f8e10>,29,3,[7 1],43,56,59,13,43
1,<environment.Job instance at 0x147ba64f8690>,30,2,[2 8],45,53,55,8,45
1,<environment.Job instance at 0x147ba64f8730>,31,16,[1 9],46,55,71,9,46
1,<environment.Job instance at 0x147b89a86280>,32,3,[13  1],47,59,62,12,47
1,<environment.Job instance at 0x147b89a86730>,33,3,[2 9],48,71,74,23,48
1,<environment.Job instance at 0x147b89a866e0>,34,1,[2 9],49,74,75,25,49
1,<environment.Job instance at 0x147b89a865f0>,35,3,[1 8],54,75,78,21,54
1,<environment.Job instance at 0x147b89a861e0>,36,1,[10  1],55,62,63,7,55
1,<environment.Job instance at 0x147b89a86870>,37,1,[7 2],56,56,57,0,56
1,<environment.Job instance at 0x147b89a86910>,38,3,[1 7],57,75,78,18,57
1,<environment.Job instance at 0x147b89a862d0>,39,1,[2 9],58,78,79,20,58
1,<environment.Job instance at 0x147b93dca410>,40,3,[1 8],60,79,82,19,60
1,<environment.Job instance at 0x147b93dca730>,41,14,[ 1 10],63,82,96,19,67
1,<environment.Job instance at 0x147b93dca050>,42,1,[1 6],66,67,68,1,67
1,<environment.Job instance at 0x147b93dca960>,43,14,[2 9],68,96,110,28,81
1,<environment.Job instance at 0x147b93dca550>,44,2,[6 2],69,81,83,12,81
1,<environment.Job instance at 0x147b93dca4b0>,45,3,[1 6],70,96,99,26,81
1,<environment.Job instance at 0x147b93dcad20>,46,26,[ 2 10],71,110,136,39,107
1,<environment.Job instance at 0x147b93dca640>,47,3,[ 2 10],72,136,139,64,110
1,<environment.Job instance at 0x147b93dcafa0>,48,3,[6 2],73,110,113,37,110
1,<environment.Job instance at 0x147b93dca910>,49,1,[9 2],77,113,114,36,110
1,<environment.Job instance at 0x147b93dca190>,50,1,[2 9],78,139,140,61,111
1,<environment.Job instance at 0x147b93dca5a0>,51,18,[2 7],79,140,158,61,129
1,<environment.Job instance at 0x147b895695a0>,52,14,[13  1],83,129,143,46,129
1,<environment.Job instance at 0x147b895691e0>,53,3,[6 2],85,143,146,58,129
1,<environment.Job instance at 0x147b89569c80>,54,1,[1 8],86,146,147,60,129
1,<environment.Job instance at 0x147b89569780>,55,2,[5 2],87,143,145,56,129
1,<environment.Job instance at 0x147b895698c0>,56,19,[8 1],88,147,166,59,137
1,<environment.Job instance at 0x147b89569320>,57,1,[8 2],89,166,167,77,138
1,<environment.Job instance at 0x147b89569370>,58,1,[1 6],90,145,146,55,138
1,<environment.Job instance at 0x147b89569550>,59,2,[1 8],91,158,160,67,138
1,<environment.Job instance at 0x147b895690f0>,60,16,[9 2],92,167,183,75,154
1,<environment.Job instance at 0x147b89569d70>,61,15,[ 1 10],93,160,175,67,154
1,<environment.Job instance at 0x147b89569690>,62,1,[5 1],94,154,155,60,154
1,<environment.Job instance at 0x147b89569a50>,63,2,[2 7],95,155,157,60,154
1,<environment.Job instance at 0x147b895694b0>,64,2,[9 1],96,183,185,87,156
1,<environment.Job instance at 0x147b89569c30>,65,1,[1 8],97,175,176,78,156
1,<environment.Job instance at 0x147b89569460>,66,2,[10  2],98,185,187,87,158
1,<environment.Job instance at 0x147b89569eb0>,67,1,[9 2],99,187,188,88,159
1,<environment.Job instance at 0x147b89569910>,68,14,[2 7],100,176,190,76,161
1,<environment.Job instance at 0x147b895695f0>,69,1,[10  1],102,188,189,86,161
1,<environment.Job instance at 0x147b89569050>,70,23,[5 2],104,189,212,85,183
1,<environment.Job instance at 0x147b895697d0>,71,2,[2 9],106,190,192,84,183
1,<environment.Job instance at 0x147b93f90f50>,72,3,[9 1],107,192,195,85,183
1,<environment.Job instance at 0x147b93f90780>,73,17,[2 6],108,195,212,87,183
1,<environment.Job instance at 0x147b93f901e0>,74,1,[1 6],109,183,184,74,183
1,<environment.Job instance at 0x147b93f90910>,75,17,[1 9],111,212,229,101,200
1,<environment.Job instance at 0x147b93f90d70>,76,3,[ 2 12],112,229,232,117,203
1,<environment.Job instance at 0x147b93f90410>,77,12,[11  1],113,212,224,99,203
1,<environment.Job instance at 0x147b93f905f0>,78,18,[2 9],114,232,250,118,221
1,<environment.Job instance at 0x147b93f90690>,79,2,[2 8],115,250,252,135,223
1,<environment.Job instance at 0x147b93f90960>,80,14,[9 1],116,224,238,108,223
1,<environment.Job instance at 0x147b93f90140>,81,16,[5 1],118,238,254,120,225
1,<environment.Job instance at 0x147bdc1dd5a0>,82,28,[5 2],119,238,266,119,237
1,<environment.Job instance at 0x147b93f90b90>,83,3,[7 2],121,254,257,133,237
1,<environment.Job instance at 0x147ba653b820>,84,2,[2 7],122,252,254,130,237
1,<environment.Job instance at 0x147bdc1dda50>,85,3,[2 9],124,254,257,130,237
1,<environment.Job instance at 0x147ba653bd70>,86,1,[10  2],125,257,258,132,237
1,<environment.Job instance at 0x147ba653b1e0>,87,2,[ 1 10],128,258,260,130,237
1,<environment.Job instance at 0x147ba653b6e0>,88,1,[9 2],129,258,259,129,237
1,<environment.Job instance at 0x147b8df3e5f0>,11,2,[7 1],14,284,286,270,284
1,<environment.Job instance at 0x14564a4e0c30>,23,2,[8 1],31,51,53,20,51
1,<environment.Job instance at 0x14564a4e0410>,24,12,[ 1 10],32,51,63,19,51
1,<environment.Job instance at 0x14564a4e0f50>,25,2,[2 8],34,63,65,29,51
1,<environment.Job instance at 0x14564a4e0780>,26,1,[2 7],35,63,64,28,51
1,<environment.Job instance at 0x14564a4e0960>,27,2,[2 7],36,64,66,28,52
1,<environment.Job instance at 0x14564a4e0e10>,28,2,[2 7],37,65,67,28,52
1,<environment.Job instance at 0x14564a4e01e0>,29,16,[10  2],39,66,82,27,53
1,<environment.Job instance at 0x14564a4e0cd0>,30,15,[2 9],40,67,82,27,53
1,<environment.Job instance at 0x14564a4e0820>,31,3,[9 2],41,53,56,12,53
1,<environment.Job instance at 0x14564a4d5960>,32,3,[2 9],42,82,85,40,56
1,<environment.Job instance at 0x14564a4d5690>,33,1,[2 7],43,85,86,42,57
1,<environment.Job instance at 0x14564a4d5f00>,34,15,[11  1],44,82,97,38,68
1,<environment.Job instance at 0x14564a4d50f0>,35,2,[1 8],45,86,88,41,68
1,<environment.Job instance at 0x14564a4d50a0>,36,3,[10  2],48,97,100,49,71
1,<environment.Job instance at 0x14564a4d5a50>,37,2,[ 1 10],50,88,90,38,71
1,<environment.Job instance at 0x14564a4d5320>,38,1,[8 1],51,100,101,49,72
1,<environment.Job instance at 0x14564a4d5730>,39,3,[1 5],52,82,85,30,72
1,<environment.Job instance at 0x14564a53bb90>,40,3,[1 6],53,85,88,32,72
1,<environment.Job instance at 0x14564a53bd20>,41,25,[12  2],54,101,126,47,97
1,<environment.Job instance at 0x14564a57e730>,42,1,[10  1],56,126,127,70,98
1,<environment.Job instance at 0x14564a4c4370>,43,3,[7 2],57,127,130,70,101
1,<environment.Job instance at 0x14564a4c4dc0>,44,3,[1 8],58,101,104,43,101
1,<environment.Job instance at 0x14564a52e140>,45,3,[2 8],60,104,107,44,101
1,<environment.Job instance at 0x14564a52e0a0>,46,2,[2 8],61,107,109,46,101
1,<environment.Job instance at 0x14564a52e230>,47,1,[1 6],63,109,110,46,101
1,<environment.Job instance at 0x14564a52e960>,48,1,[2 9],65,110,111,45,101
1,<environment.Job instance at 0x14564a536f00>,49,16,[8 2],66,127,143,61,114
1,<environment.Job instance at 0x14564a5367d0>,50,12,[9 1],68,143,155,75,126
1,<environment.Job instance at 0x14564a4c9910>,51,2,[8 2],69,155,157,86,128
1,<environment.Job instance at 0x14564a4c95f0>,52,2,[1 7],72,130,132,58,128
1,<environment.Job instance at 0x14564a4c9f50>,53,3,[6 1],73,130,133,57,128
1,<environment.Job instance at 0x14564a4c9aa0>,54,2,[2 5],75,133,135,58,128
1,<environment.Job instance at 0x14564a517d70>,55,16,[2 5],76,133,149,57,128
1,<environment.Job instance at 0x14564a517b90>,56,1,[10  2],79,157,158,78,129
1,<environment.Job instance at 0x14564a4ddc30>,57,22,[1 5],80,135,157,55,129
1,<environment.Job instance at 0x14564a4dd960>,58,15,[2 9],82,157,172,75,143
1,<environment.Job instance at 0x14564a4dd320>,59,1,[1 9],85,149,150,64,143
1,<environment.Job instance at 0x14564a4dd550>,60,17,[8 1],86,158,175,72,146
1,<environment.Job instance at 0x14564a4ddd70>,61,3,[1 5],87,150,153,63,146
1,<environment.Job instance at 0x14564a4dd230>,62,3,[9 2],88,175,178,87,149
1,<environment.Job instance at 0x14564a4dd3c0>,63,3,[10  1],89,178,181,89,152
1,<environment.Job instance at 0x14564a4dd050>,64,12,[9 1],91,181,193,90,164
1,<environment.Job instance at 0x14564a019d70>,65,3,[2 9],92,172,175,80,164
1,<environment.Job instance at 0x14564a4efc80>,66,3,[1 9],93,175,178,82,164
1,<environment.Job instance at 0x14564a4d2820>,67,1,[13  1],94,193,194,99,165
1,<environment.Job instance at 0x14564a4d2780>,68,3,[1 9],95,178,181,83,165
1,<environment.Job instance at 0x14564a4d2280>,69,1,[2 5],96,165,166,69,165
1,<environment.Job instance at 0x14564a4f07d0>,70,2,[ 2 10],97,181,183,84,165
1,<environment.Job instance at 0x14564a4c1a50>,71,3,[2 9],99,183,186,84,165
1,<environment.Job instance at 0x14564a02a9b0>,72,13,[7 2],102,194,207,92,178
1,<environment.Job instance at 0x14564a02a050>,73,2,[6 2],103,186,188,83,178
1,<environment.Job instance at 0x14564a02a230>,74,3,[6 2],106,188,191,82,178
1,<environment.Job instance at 0x14564a02a140>,75,1,[1 6],107,191,192,84,178
1,<environment.Job instance at 0x14564a0169b0>,76,2,[2 5],108,178,180,70,178
1,<environment.Job instance at 0x14564a4db9b0>,77,2,[ 1 10],109,192,194,83,178
1,<environment.Job instance at 0x14564a4dbe10>,78,3,[2 9],110,194,197,84,178
1,<environment.Job instance at 0x14564a02dcd0>,79,3,[7 2],111,197,200,86,178
1,<environment.Job instance at 0x14564a02dc80>,80,14,[7 1],112,200,214,88,185
1,<environment.Job instance at 0x14564a02d820>,81,3,[ 2 10],114,207,210,93,185
1,<environment.Job instance at 0x14564a56a690>,82,12,[2 8],115,210,222,95,193
1,<environment.Job instance at 0x14564a0219b0>,83,1,[10  1],117,214,215,97,193
1,<environment.Job instance at 0x14564a02d9b0>,84,2,[ 1 10],118,197,199,79,193
1,<environment.Job instance at 0x14564a02d870>,85,1,[7 2],120,215,216,95,193
1,<environment.Job instance at 0x14564a4e6af0>,86,2,[1 8],121,199,201,78,193
1,<environment.Job instance at 0x14564a4e6e60>,87,2,[2 6],122,210,212,88,193
1,<environment.Job instance at 0x14564a4e6960>,88,1,[1 5],123,201,202,78,193
1,<environment.Job instance at 0x14564a4e6a00>,89,2,[1 9],126,202,204,76,193
1,<environment.Job instance at 0x14564a4e6d70>,90,1,[2 7],127,216,217,89,193
1,<environment.Job instance at 0x14564a4e6820>,91,1,[2 5],128,212,213,84,193
1,<environment.Job instance at 0x145649db5d20>,92,15,[7 1],129,217,232,88,203
1,<environment.Job instance at 0x14564a02eb90>,93,2,[14  1],130,232,234,102,205
1,<environment.Job instance at 0x14564a02e230>,94,1,[5 1],131,207,208,76,205
1,<environment.Job instance at 0x14564a02edc0>,95,3,[2 8],132,222,225,90,205
1,<environment.Job instance at 0x145649db4050>,96,12,[9 2],134,234,246,100,217
1,<environment.Job instance at 0x145649db4460>,97,15,[10  2],135,246,261,111,232
1,<environment.Job instance at 0x145649db45a0>,98,13,[ 1 10],136,232,245,96,232
1,<environment.Job instance at 0x145649db4370>,99,16,[8 1],137,261,277,124,248
1,<environment.Job instance at 0x145649db4870>,100,17,[1 9],139,248,265,109,248
1,<environment.Job instance at 0x14564a4887d0>,21,3,[6 1],29,271,274,242,271
1,<environment.Job instance at 0x14564a488c30>,20,2,[ 1 13],27,280,282,253,280
1,<environment.Job instance at 0x14564a4e0d20>,22,1,[2 7],30,428,429,398,428
1,<environment.Job instance at 0x145649ddd820>,2,1,[ 2 14],3,4,5,1,4
1,<environment.Job instance at 0x14564c5b4cd0>,11,3,[5 2],16,39,42,23,39
1,<environment.Job instance at 0x14564c5b40a0>,12,15,[9 2],17,39,54,22,39
1,<environment.Job instance at 0x14564c5b4190>,13,18,[2 6],18,42,60,24,39
1,<environment.Job instance at 0x14564c5b4a00>,14,1,[1 6],19,39,40,20,39
1,<environment.Job instance at 0x14564c5b4fa0>,15,1,[1 7],20,44,45,24,44
1,<environment.Job instance at 0x14564c5c1fa0>,16,3,[9 1],23,54,57,31,47
1,<environment.Job instance at 0x14564c5c15f0>,17,3,[12  1],24,57,60,33,48
1,<environment.Job instance at 0x14564c5c1d70>,18,1,[1 8],26,54,55,28,48
1,<environment.Job instance at 0x14564c5c1780>,19,15,[1 6],27,55,70,28,48
1,<environment.Job instance at 0x14564c5c1c30>,20,3,[7 2],28,60,63,32,50
1,<environment.Job instance at 0x14564c5c1050>,21,2,[1 8],29,63,65,34,50
1,<environment.Job instance at 0x14564c5c1aa0>,22,3,[1 7],31,50,53,19,50
1,<environment.Job instance at 0x14564c550c30>,23,13,[ 1 14],32,70,83,38,54
1,<environment.Job instance at 0x14564c550280>,24,27,[1 8],33,83,110,50,81
1,<environment.Job instance at 0x14564c550f00>,25,3,[1 9],34,110,113,76,92
1,<environment.Job instance at 0x14564c550050>,26,2,[7 2],35,93,95,58,93
1,<environment.Job instance at 0x14564c550aa0>,27,12,[6 1],36,93,105,57,93
1,<environment.Job instance at 0x14564c550eb0>,28,28,[2 8],39,119,147,80,119
1,<environment.Job instance at 0x14564c550b90>,29,3,[5 1],43,128,131,85,128
1,<environment.Job instance at 0x14564c550500>,30,15,[1 7],45,131,146,86,128
1,<environment.Job instance at 0x14564c5502d0>,31,3,[ 2 10],46,147,150,101,128
1,<environment.Job instance at 0x14564c550640>,32,2,[1 9],48,150,152,102,131
1,<environment.Job instance at 0x14564c662c80>,33,2,[ 2 10],51,152,154,101,131
1,<environment.Job instance at 0x14564c6624b0>,34,3,[5 2],52,146,149,94,134
1,<environment.Job instance at 0x14564c662eb0>,35,15,[2 7],53,154,169,101,140
1,<environment.Job instance at 0x14564c662910>,36,2,[ 2 10],54,169,171,115,145
1,<environment.Job instance at 0x14564c64ab40>,37,2,[2 9],55,171,173,116,150
1,<environment.Job instance at 0x14564c64a9b0>,38,17,[ 2 10],56,173,190,117,161
1,<environment.Job instance at 0x14564c64ad20>,39,19,[ 1 10],58,190,209,132,180
1,<environment.Job instance at 0x14564c64ac30>,40,2,[9 1],59,190,192,131,190
1,<environment.Job instance at 0x14564c64a0f0>,41,3,[5 2],60,190,193,130,190
1,<environment.Job instance at 0x14564c667c80>,42,2,[ 1 10],61,209,211,148,190
1,<environment.Job instance at 0x14564c667cd0>,43,13,[ 2 10],62,211,224,149,195
1,<environment.Job instance at 0x14564c667aa0>,44,1,[1 7],63,224,225,161,205
1,<environment.Job instance at 0x14564c667820>,45,1,[2 9],64,225,226,161,205
1,<environment.Job instance at 0x14564c667d70>,46,15,[1 7],65,226,241,161,212
1,<environment.Job instance at 0x14564c667fa0>,47,3,[ 2 10],67,241,244,174,223
1,<environment.Job instance at 0x14564c667f00>,48,14,[10  1],69,224,238,155,224
1,<environment.Job instance at 0x14564c6675f0>,49,12,[7 1],70,238,250,168,224
1,<environment.Job instance at 0x14564c667910>,50,2,[8 2],71,244,246,173,224
1,<environment.Job instance at 0x14564c667b90>,51,3,[8 1],72,246,249,174,224
1,<environment.Job instance at 0x14564c66d2d0>,52,2,[2 5],73,224,226,151,224
1,<environment.Job instance at 0x14564c66d9b0>,53,3,[6 1],74,238,241,164,224
1,<environment.Job instance at 0x14564c66dfa0>,54,2,[10  1],75,250,252,175,224
1,<environment.Job instance at 0x14564c66d0f0>,55,3,[ 2 10],77,249,252,172,224
1,<environment.Job instance at 0x14564c66d0a0>,56,18,[8 1],78,252,270,174,241
1,<environment.Job instance at 0x14564c66df00>,57,16,[1 6],79,252,268,173,241
1,<environment.Job instance at 0x14564c66d500>,58,17,[1 6],81,252,269,171,241
1,<environment.Job instance at 0x14564c66de10>,59,17,[7 1],82,269,286,187,257
1,<environment.Job instance at 0x14564c66d050>,60,1,[2 6],83,268,269,185,257
1,<environment.Job instance at 0x14564c6718c0>,61,16,[9 1],86,286,302,200,273
1,<environment.Job instance at 0x14564c671960>,62,15,[9 2],90,302,317,212,288
1,<environment.Job instance at 0x14564c6713c0>,63,1,[9 1],91,317,318,226,289
1,<environment.Job instance at 0x14564c6712d0>,64,12,[1 5],92,289,301,197,289
1,<environment.Job instance at 0x14564c6715f0>,65,2,[6 2],93,301,303,208,289
1,<environment.Job instance at 0x14564c671140>,66,1,[9 1],95,318,319,223,290
1,<environment.Job instance at 0x14564c671230>,67,2,[8 1],96,319,321,223,292
1,<environment.Job instance at 0x14564c6711e0>,68,1,[ 1 10],97,303,304,206,293
1,<environment.Job instance at 0x14564c671af0>,69,2,[1 5],99,293,295,194,293
1,<environment.Job instance at 0x14564c6710f0>,70,3,[1 5],100,295,298,195,293
1,<environment.Job instance at 0x14564c6719b0>,71,2,[10  2],101,321,323,220,294
1,<environment.Job instance at 0x14564c6717d0>,72,3,[2 8],105,298,301,193,294
1,<environment.Job instance at 0x14564c6714b0>,73,1,[2 6],106,304,305,198,294
1,<environment.Job instance at 0x14564c671d70>,74,2,[1 6],107,304,306,197,294
1,<environment.Job instance at 0x14564c928d20>,75,18,[7 2],109,323,341,214,312
1,<environment.Job instance at 0x14564c9288c0>,76,1,[2 8],112,312,313,200,312
1,<environment.Job instance at 0x14564c928b90>,77,18,[10  1],116,341,359,225,330
1,<environment.Job instance at 0x14564c9280a0>,78,2,[7 2],117,330,332,213,330
1,<environment.Job instance at 0x14564c928e10>,79,2,[2 5],118,332,334,214,330
1,<environment.Job instance at 0x14564c928370>,80,14,[2 8],119,332,346,213,330
1,<environment.Job instance at 0x14564c928be0>,81,3,[8 1],122,359,362,237,333
1,<environment.Job instance at 0x14564c928c80>,82,1,[7 2],123,359,360,236,334
1,<environment.Job instance at 0x14564c928640>,83,2,[5 2],124,334,336,210,334
1,<environment.Job instance at 0x14564c928af0>,84,2,[ 2 12],126,346,348,220,336
1,<environment.Job instance at 0x14564c791d20>,85,14,[6 1],127,360,374,233,345
1,<environment.Job instance at 0x14564c7917d0>,86,15,[2 8],128,362,377,234,348
1,<environment.Job instance at 0x14564c793eb0>,87,16,[1 7],129,374,390,245,361
1,<environment.Job instance at 0x14564c793b40>,88,13,[ 1 11],131,390,403,259,374
1,<environment.Job instance at 0x14564c7930a0>,89,2,[6 2],132,384,386,252,384
1,<environment.Job instance at 0x14564c5aea00>,90,1,[1 5],133,403,404,270,396
1,<environment.Job instance at 0x14564c5ae320>,91,16,[1 7],134,403,419,269,396
1,<environment.Job instance at 0x14564c5ae870>,92,3,[ 2 10],135,419,422,284,399
1,<environment.Job instance at 0x14564c5aec30>,93,3,[ 1 13],136,422,425,286,404
1,<environment.Job instance at 0x14564c5ae370>,94,3,[1 5],139,407,410,268,407
1,<environment.Job instance at 0x14564d9ac410>,17,1,[2 5],24,24,25,0,24
1,<environment.Job instance at 0x14564d9acf00>,18,3,[1 8],25,25,28,0,25
1,<environment.Job instance at 0x14564d9acbe0>,19,12,[7 2],27,27,39,0,27
1,<environment.Job instance at 0x14564d9ac140>,20,2,[7 2],29,29,31,0,29
1,<environment.Job instance at 0x14564d9ac0f0>,21,3,[ 2 10],31,31,34,0,31
1,<environment.Job instance at 0x14564d9acc30>,22,14,[8 2],32,34,48,2,32
1,<environment.Job instance at 0x14564d9acb40>,23,2,[2 5],34,39,41,5,34
1,<environment.Job instance at 0x14564d9ac820>,24,1,[ 2 10],35,41,42,6,35
1,<environment.Job instance at 0x14564d9ac7d0>,25,14,[8 1],36,48,62,12,36
1,<environment.Job instance at 0x14564c897550>,26,2,[ 1 10],37,42,44,5,37
1,<environment.Job instance at 0x14564c8973c0>,27,3,[7 2],38,44,47,6,38
1,<environment.Job instance at 0x14564c897af0>,28,21,[7 2],40,47,68,7,40
1,<environment.Job instance at 0x14564dae7230>,29,13,[5 2],41,62,75,21,46
1,<environment.Job instance at 0x14564dae7730>,30,3,[1 9],42,62,65,20,46
1,<environment.Job instance at 0x14564dae7c80>,31,1,[6 1],43,68,69,25,46
1,<environment.Job instance at 0x14564dae7a50>,32,3,[5 1],44,69,72,25,46
1,<environment.Job instance at 0x14564dae70a0>,33,3,[1 7],49,65,68,16,49
1,<environment.Job instance at 0x14564dae70f0>,34,12,[7 1],51,72,84,21,55
1,<environment.Job instance at 0x14564dae7050>,35,20,[8 2],52,75,95,23,66
1,<environment.Job instance at 0x14564dae7e10>,36,2,[10  1],53,95,97,42,68
1,<environment.Job instance at 0x14564dae7be0>,37,3,[1 9],54,68,71,14,68
1,<environment.Job instance at 0x14564dae75f0>,38,3,[1 8],58,71,74,13,68
1,<environment.Job instance at 0x14564dae7410>,39,2,[2 7],61,84,86,23,68
1,<environment.Job instance at 0x14564dae7820>,40,2,[9 2],62,97,99,35,70
1,<environment.Job instance at 0x14564dae79b0>,41,3,[5 2],63,84,87,21,70
1,<environment.Job instance at 0x14564c86fbe0>,42,16,[7 2],64,99,115,35,86
1,<environment.Job instance at 0x14564c86f780>,43,1,[ 2 10],65,86,87,21,86
1,<environment.Job instance at 0x14564da1a8c0>,44,18,[5 2],67,87,105,20,86
1,<environment.Job instance at 0x14564da1ad20>,45,1,[1 8],68,87,88,19,86
1,<environment.Job instance at 0x14564c83d4b0>,46,13,[1 7],70,97,110,27,86
1,<environment.Job instance at 0x14564c83d0a0>,47,12,[2 9],73,110,122,37,93
1,<environment.Job instance at 0x14564c86e140>,48,3,[5 2],74,105,108,31,93
1,<environment.Job instance at 0x14564c86e7d0>,49,2,[ 2 10],75,93,95,18,93
1,<environment.Job instance at 0x14564c86efa0>,50,15,[8 2],76,115,130,39,101
1,<environment.Job instance at 0x14564c86ee10>,51,17,[10  1],78,130,147,52,118
1,<environment.Job instance at 0x14564c86ea00>,52,2,[ 2 12],80,122,124,42,118
1,<environment.Job instance at 0x14564c86e230>,53,1,[6 2],81,124,125,43,118
1,<environment.Job instance at 0x14564c86e3c0>,54,3,[2 7],83,125,128,42,118
1,<environment.Job instance at 0x14564c8b2460>,55,15,[ 1 11],87,128,143,41,118
1,<environment.Job instance at 0x14564c8b2a00>,56,2,[8 1],88,147,149,59,120
1,<environment.Job instance at 0x14564c8b2960>,57,2,[1 9],91,143,145,52,120
1,<environment.Job instance at 0x14564c8b21e0>,58,2,[1 6],92,124,126,32,120
1,<environment.Job instance at 0x14564c8b2b40>,59,1,[1 9],93,145,146,52,120
1,<environment.Job instance at 0x14564c717d70>,60,3,[1 8],94,146,149,52,120
1,<environment.Job instance at 0x14564c717b90>,61,1,[9 2],95,149,150,54,121
1,<environment.Job instance at 0x14564c7172d0>,62,18,[ 1 10],96,149,167,53,138
1,<environment.Job instance at 0x14564c7179b0>,63,2,[1 6],98,146,148,48,138
1,<environment.Job instance at 0x14564c717280>,64,3,[ 2 10],100,167,170,67,141
1,<environment.Job instance at 0x14564c717960>,65,1,[7 2],101,150,151,49,141
1,<environment.Job instance at 0x14564c8a3eb0>,66,3,[9 1],102,151,154,49,141
1,<environment.Job instance at 0x14564c8a39b0>,67,16,[9 1],103,154,170,51,141
1,<environment.Job instance at 0x14564c8a3780>,68,1,[6 2],105,148,149,43,141
1,<environment.Job instance at 0x14564c8a35f0>,69,3,[2 7],106,170,173,64,144
1,<environment.Job instance at 0x14564c8a34b0>,70,14,[7 2],107,170,184,63,155
1,<environment.Job instance at 0x14564c8a3aa0>,71,2,[ 1 10],109,173,175,64,155
1,<environment.Job instance at 0x14564c8a3f00>,72,3,[10  2],110,184,187,74,158
1,<environment.Job instance at 0x14564c8a3690>,73,2,[2 9],111,175,177,64,158
1,<environment.Job instance at 0x14564c8a3910>,74,3,[9 1],114,187,190,73,161
1,<environment.Job instance at 0x14564c8a3d20>,75,18,[6 2],116,187,205,71,176
1,<environment.Job instance at 0x14564c8a3b40>,76,16,[1 5],118,190,206,72,177
1,<environment.Job instance at 0x14564c932320>,77,3,[5 1],120,177,180,57,177
1,<environment.Job instance at 0x14564c8706e0>,78,14,[1 6],122,190,204,68,177
1,<environment.Job instance at 0x14564c870d70>,79,2,[5 1],123,180,182,57,177
1,<environment.Job instance at 0x14564c870f00>,80,1,[2 7],124,177,178,53,177
1,<environment.Job instance at 0x14564c870320>,81,2,[10  2],125,205,207,80,178
1,<environment.Job instance at 0x14564c870cd0>,82,2,[6 1],126,182,184,56,178
1,<environment.Job instance at 0x14564d9ecbe0>,83,3,[9 2],128,207,210,79,181
1,<environment.Job instance at 0x14564d9ec7d0>,84,3,[6 2],131,190,193,59,181
1,<environment.Job instance at 0x14564d9ec8c0>,85,2,[5 2],132,184,186,52,181
1,<environment.Job instance at 0x14564d9ec870>,86,3,[1 7],133,181,184,48,181
1,<environment.Job instance at 0x14564d9ec960>,87,2,[9 2],135,210,212,75,183
1,<environment.Job instance at 0x14564a5ba910>,88,1,[7 2],136,193,194,57,183
1,<environment.Job instance at 0x14564a5ba3c0>,89,3,[1 7],138,204,207,66,183
1,<environment.Job instance at 0x14564da8a640>,90,14,[1 6],139,206,220,67,191
1,<environment.Job instance at 0x1456541415f0>,13,1,[2 6],23,42,43,19,42
1,<environment.Job instance at 0x1456541418c0>,18,3,[1 5],30,42,45,12,42
1,<environment.Job instance at 0x145654141230>,15,2,[8 1],26,42,44,16,42
1,<environment.Job instance at 0x145654141e60>,21,1,[1 8],35,43,44,8,42
1,<environment.Job instance at 0x1456541412d0>,22,16,[2 6],36,44,60,8,42
1,<environment.Job instance at 0x145654141550>,23,3,[1 6],37,45,48,8,42
1,<environment.Job instance at 0x1456541416e0>,24,2,[8 2],38,44,46,6,42
1,<environment.Job instance at 0x145654141dc0>,25,14,[9 1],40,46,60,6,42
1,<environment.Job instance at 0x145654141b40>,26,3,[10  1],41,60,63,19,42
1,<environment.Job instance at 0x145654141e10>,27,2,[1 7],42,48,50,6,42
1,<environment.Job instance at 0x14565413e230>,28,15,[1 5],43,50,65,7,43
1,<environment.Job instance at 0x14565413e870>,29,3,[1 9],44,60,63,16,44
1,<environment.Job instance at 0x14565413e0a0>,30,2,[1 8],46,63,65,17,46
1,<environment.Job instance at 0x14565413e4b0>,31,2,[1 5],48,65,67,17,48
1,<environment.Job instance at 0x14565413efa0>,32,15,[10  1],49,63,78,14,49
1,<environment.Job instance at 0x14565413e9b0>,33,1,[2 8],50,65,66,15,50
1,<environment.Job instance at 0x14565413ea00>,34,1,[8 2],51,78,79,27,51
1,<environment.Job instance at 0x14565413ed20>,35,14,[14  1],52,79,93,27,64
1,<environment.Job instance at 0x14565ca805a0>,36,2,[6 1],54,93,95,39,66
1,<environment.Job instance at 0x14565ca80f50>,37,3,[10  1],56,95,98,39,69
1,<environment.Job instance at 0x14565ca80d70>,38,3,[10  2],57,98,101,41,72
1,<environment.Job instance at 0x14565ca80870>,39,3,[ 2 11],60,72,75,12,72
1,<environment.Job instance at 0x14565ca801e0>,40,2,[1 7],61,75,77,14,72
1,<environment.Job instance at 0x14565ca80c30>,41,1,[1 5],62,75,76,13,72
1,<environment.Job instance at 0x14565ca80e60>,42,18,[8 2],63,101,119,38,90
1,<environment.Job instance at 0x14565ca80a00>,43,3,[1 6],64,90,93,26,90
1,<environment.Job instance at 0x14565ca802d0>,44,16,[1 5],65,93,109,28,90
1,<environment.Job instance at 0x14564c744b90>,45,2,[ 1 10],66,109,111,43,90
1,<environment.Job instance at 0x14564c744960>,46,17,[2 9],67,111,128,44,99
1,<environment.Job instance at 0x14564c7440a0>,47,15,[7 2],68,119,134,51,105
1,<environment.Job instance at 0x14564c744c30>,48,16,[2 8],69,128,144,59,115
1,<environment.Job instance at 0x14564c744730>,49,3,[6 1],70,119,122,49,115
1,<environment.Job instance at 0x14564c744dc0>,50,2,[1 8],71,144,146,73,117
1,<environment.Job instance at 0x14564c744370>,51,3,[2 8],72,146,149,74,120
1,<environment.Job instance at 0x14564c744d20>,52,2,[2 8],73,149,151,76,122
1,<environment.Job instance at 0x14564c744b40>,53,3,[5 2],76,122,125,46,122
1,<environment.Job instance at 0x14564c7445f0>,54,1,[6 2],78,125,126,47,122
1,<environment.Job instance at 0x14564c7441e0>,55,2,[2 8],79,151,153,72,124
1,<environment.Job instance at 0x14564c744190>,59,2,[10  1],84,134,136,50,124
1,<environment.Job instance at 0x14564c744550>,60,2,[2 7],86,136,138,50,124
1,<environment.Job instance at 0x14564c7443c0>,61,1,[5 2],87,126,127,39,124
1,<environment.Job instance at 0x14564c744690>,62,1,[2 5],88,128,129,40,124
1,<environment.Job instance at 0x14565ca2f050>,63,2,[ 1 10],90,153,155,63,134
1,<environment.Job instance at 0x14565ca1dd70>,72,15,[1 8],102,155,170,53,141
1,<environment.Job instance at 0x14565ca1d370>,76,17,[9 2],108,141,158,33,141
1,<environment.Job instance at 0x14565ca1daa0>,77,1,[6 2],109,158,159,49,141
1,<environment.Job instance at 0x14565ca1d320>,78,2,[1 5],110,141,143,31,141
1,<environment.Job instance at 0x14565ca1d460>,79,1,[1 7],111,159,160,48,141
1,<environment.Job instance at 0x14565ca1dcd0>,80,3,[2 7],112,160,163,48,141
1,<environment.Job instance at 0x14564db0d5f0>,81,2,[1 5],113,143,145,30,141
1,<environment.Job instance at 0x14564db0d780>,82,1,[1 9],115,170,171,55,142
1,<environment.Job instance at 0x14564db0d2d0>,83,1,[2 5],116,145,146,29,142
1,<environment.Job instance at 0x14564db0df50>,84,15,[7 1],117,163,178,46,149
1,<environment.Job instance at 0x14564db0d050>,85,1,[2 6],118,163,164,45,149
1,<environment.Job instance at 0x14564db0d280>,86,1,[2 8],120,171,172,51,149
1,<environment.Job instance at 0x14564db0d910>,87,1,[2 6],121,164,165,43,149
1,<environment.Job instance at 0x14564db0d640>,88,3,[1 7],123,172,175,49,149
1,<environment.Job instance at 0x14564db0d1e0>,89,17,[2 7],124,172,189,48,160
1,<environment.Job instance at 0x14565ca14640>,90,14,[1 6],125,175,189,50,160
1,<environment.Job instance at 0x14565ca14320>,91,17,[9 1],126,178,195,52,166
1,<environment.Job instance at 0x14564c5ef1e0>,92,3,[5 1],127,166,169,39,166
1,<environment.Job instance at 0x14565406e780>,93,1,[10  1],128,195,196,67,167
1,<environment.Job instance at 0x14564c6501e0>,94,1,[1 8],129,189,190,60,167
1,<environment.Job instance at 0x145655ff3a50>,95,12,[9 2],130,196,208,66,179
1,<environment.Job instance at 0x145657cb6190>,96,2,[2 6],131,189,191,58,179
1,<environment.Job instance at 0x14569c091230>,97,3,[9 2],132,208,211,76,182
1,<environment.Job instance at 0x14564963c6e0>,98,2,[10  2],133,211,213,78,184
1,<environment.Job instance at 0x145649d77fa0>,99,16,[10  2],134,213,229,79,200
1,<environment.Job instance at 0x14564c83b2d0>,100,16,[ 2 10],135,200,216,65,200
1,<environment.Job instance at 0x14564d915640>,101,2,[1 6],137,216,218,79,200
1,<environment.Job instance at 0x14565406e960>,102,15,[2 6],139,216,231,77,202
1,<environment.Job instance at 0x1456499153c0>,11,3,[7 1],16,16,19,0,16
1,<environment.Job instance at 0x145649915910>,12,3,[2 8],17,17,20,0,17
1,<environment.Job instance at 0x1456499150a0>,14,16,[10  1],19,19,35,0,19
1,<environment.Job instance at 0x14564c964d20>,15,3,[2 9],20,20,23,0,20
1,<environment.Job instance at 0x145649915780>,16,23,[1 6],21,23,46,2,21
1,<environment.Job instance at 0x145649d65140>,18,3,[10  1],27,35,38,8,27
1,<environment.Job instance at 0x145649d65f50>,19,3,[6 1],29,38,41,9,29
1,<environment.Job instance at 0x14564c598c80>,20,3,[8 1],30,38,41,8,30
1,<environment.Job instance at 0x145649d3ba50>,21,2,[7 1],32,41,43,9,32
1,<environment.Job instance at 0x1456499a71e0>,22,18,[2 6],34,41,59,7,34
1,<environment.Job instance at 0x145649d69870>,23,1,[7 1],36,43,44,7,36
1,<environment.Job instance at 0x14564a4db550>,24,2,[5 1],37,41,43,4,37
1,<environment.Job instance at 0x14564a4db820>,25,14,[2 5],38,46,60,8,38
1,<environment.Job instance at 0x145649defeb0>,26,3,[5 2],40,43,46,3,40
1,<environment.Job instance at 0x145649df0500>,27,12,[1 5],41,59,71,18,42
1,<environment.Job instance at 0x145649d77b90>,28,13,[7 2],42,46,59,4,42
1,<environment.Job instance at 0x14564dd6daf0>,29,3,[8 1],43,59,62,16,43
1,<environment.Job instance at 0x14564dd6dd20>,30,3,[2 6],46,60,63,14,46
1,<environment.Job instance at 0x14564dd6d690>,31,18,[1 5],47,63,81,16,52
1,<environment.Job instance at 0x14564dd6d280>,32,16,[1 5],51,63,79,12,52
1,<environment.Job instance at 0x14564dd6db90>,33,1,[1 9],52,79,80,27,52
1,<environment.Job instance at 0x14564dd6d410>,34,3,[2 9],54,80,83,26,54
1,<environment.Job instance at 0x1456499ac3c0>,35,1,[10  2],55,62,63,7,55
1,<environment.Job instance at 0x1456499ac280>,36,1,[5 2],56,71,72,15,56
1,<environment.Job instance at 0x14564ca39eb0>,37,26,[2 8],58,83,109,25,80
1,<environment.Job instance at 0x14564ca39780>,39,16,[ 2 10],62,109,125,47,96
1,<environment.Job instance at 0x14564a4c93c0>,40,3,[10  2],63,96,99,33,96
1,<environment.Job instance at 0x14564ca390a0>,41,2,[1 6],67,99,101,32,96
1,<environment.Job instance at 0x145649db44b0>,42,3,[1 9],68,125,128,57,99
1,<environment.Job instance at 0x145649db4d70>,43,16,[2 7],71,128,144,57,115
1,<environment.Job instance at 0x14564a511410>,44,1,[6 2],72,115,116,43,115
1,<environment.Job instance at 0x14564a511190>,45,3,[10  2],74,116,119,42,115
1,<environment.Job instance at 0x145649deecd0>,46,3,[5 1],78,119,122,41,115
1,<environment.Job instance at 0x145649dee5f0>,47,1,[2 8],79,128,129,49,115
1,<environment.Job instance at 0x145649cde370>,48,2,[7 2],80,119,121,39,115
1,<environment.Job instance at 0x145649cdef00>,49,2,[6 2],81,121,123,40,115
1,<environment.Job instance at 0x145649cde8c0>,50,3,[9 1],82,123,126,41,115
1,<environment.Job instance at 0x145649cde1e0>,51,14,[2 8],83,129,143,46,115
1,<environment.Job instance at 0x145649dd0e10>,52,2,[5 2],84,125,127,41,115
1,<environment.Job instance at 0x145649cefe60>,53,27,[1 7],85,143,170,58,141
1,<environment.Job instance at 0x145649cef280>,54,21,[1 8],86,144,165,58,141
1,<environment.Job instance at 0x145649d59e10>,55,17,[2 8],87,165,182,78,153
1,<environment.Job instance at 0x145649d59d70>,56,2,[6 1],89,170,172,81,153
1,<environment.Job instance at 0x145649929c30>,57,2,[ 1 10],90,182,184,92,155
1,<environment.Job instance at 0x145649d59aa0>,58,3,[9 2],92,172,175,80,155
1,<environment.Job instance at 0x1456499297d0>,59,2,[5 1],93,170,172,77,155
1,<environment.Job instance at 0x145649929320>,60,17,[1 9],94,184,201,90,172
1,<environment.Job instance at 0x14565c96ccd0>,61,3,[9 2],95,175,178,80,172
1,<environment.Job instance at 0x145657d989b0>,62,2,[2 9],97,201,203,104,174
1,<environment.Job instance at 0x14565c9f6f50>,63,15,[2 8],102,203,218,101,189
1,<environment.Job instance at 0x14564a47f5a0>,64,1,[5 1],103,189,190,86,189
1,<environment.Job instance at 0x14565ca1b460>,65,13,[10  1],105,190,203,85,189
1,<environment.Job instance at 0x14564a55b5f0>,66,2,[1 8],107,218,220,111,191
1,<environment.Job instance at 0x1456540a33c0>,67,1,[10  2],108,203,204,95,191
1,<environment.Job instance at 0x1456540a34b0>,68,3,[2 8],109,220,223,111,194
1,<environment.Job instance at 0x1456540a31e0>,69,15,[2 7],110,204,219,94,194
1,<environment.Job instance at 0x1456540a38c0>,70,2,[8 2],115,219,221,104,194
1,<environment.Job instance at 0x14564c590be0>,71,1,[ 1 12],116,223,224,107,195
1,<environment.Job instance at 0x14564c590820>,72,3,[6 2],117,221,224,104,195
1,<environment.Job instance at 0x14564c590910>,73,1,[8 1],119,223,224,104,195
1,<environment.Job instance at 0x14564c590af0>,74,3,[1 9],121,224,227,103,198
1,<environment.Job instance at 0x14565766b460>,75,1,[2 9],124,227,228,103,199
1,<environment.Job instance at 0x14565ca43aa0>,76,2,[7 2],125,221,223,96,199
1,<environment.Job instance at 0x14565766bb90>,77,12,[7 1],126,224,236,98,207
1,<environment.Job instance at 0x14565766b1e0>,78,13,[13  2],127,236,249,109,220
1,<environment.Job instance at 0x14565766b6e0>,79,3,[9 2],128,249,252,121,223
1,<environment.Job instance at 0x14565ed33780>,80,2,[7 1],131,224,226,93,223
1,<environment.Job instance at 0x14565ed33eb0>,81,16,[ 1 10],132,228,244,96,223
1,<environment.Job instance at 0x14565ed33f50>,82,3,[2 5],134,244,247,110,223
1,<environment.Job instance at 0x145649c31190>,83,1,[8 1],135,252,253,117,224
1,<environment.Job instance at 0x14565ed33870>,84,28,[5 1],136,249,277,113,248
1,<environment.Job instance at 0x145649c31460>,85,13,[8 2],137,253,266,116,248
1,<environment.Job instance at 0x14565ecd9500>,86,18,[5 1],138,266,284,128,255
1,<environment.Job instance at 0x145649c31820>,87,15,[6 1],139,277,292,138,263
1,<environment.Job instance at 0x145649d60af0>,9,1,[ 2 10],10,291,292,281,291
1,<environment.Job instance at 0x14564db20c30>,23,14,[9 2],36,45,59,9,45
1,<environment.Job instance at 0x14564db20eb0>,31,2,[1 8],45,45,47,0,45
1,<environment.Job instance at 0x14564da5ee60>,32,12,[1 7],47,48,60,1,48
1,<environment.Job instance at 0x14564da5e500>,33,1,[ 1 10],49,60,61,11,52
1,<environment.Job instance at 0x14564da5ed20>,35,17,[2 9],51,61,78,10,52
1,<environment.Job instance at 0x14564da5ea50>,36,3,[6 2],52,59,62,7,52
1,<environment.Job instance at 0x14564da5ecd0>,37,2,[6 2],53,59,61,6,53
1,<environment.Job instance at 0x14564da5ee10>,38,17,[5 2],54,61,78,7,54
1,<environment.Job instance at 0x14564da5eeb0>,39,1,[6 1],56,62,63,6,56
1,<environment.Job instance at 0x14565c078aa0>,40,12,[ 1 10],57,78,90,21,61
1,<environment.Job instance at 0x14564da5e190>,41,3,[2 7],59,90,93,31,64
1,<environment.Job instance at 0x14564c9d7d20>,42,1,[1 6],60,90,91,30,65
1,<environment.Job instance at 0x14564c9d7410>,45,1,[6 2],63,71,72,8,71
1,<environment.Job instance at 0x14564c9d73c0>,50,2,[1 9],69,93,95,24,71
1,<environment.Job instance at 0x14564c9d7320>,51,2,[7 2],70,72,74,2,71
1,<environment.Job instance at 0x14564c9d75f0>,52,3,[5 2],72,74,77,2,72
1,<environment.Job instance at 0x14564ba8c460>,53,13,[2 8],73,95,108,22,79
1,<environment.Job instance at 0x145649c471e0>,60,1,[10  2],83,88,89,5,88
1,<environment.Job instance at 0x145649c47d20>,61,21,[ 2 10],84,108,129,24,100
1,<environment.Job instance at 0x145649c47dc0>,62,21,[2 5],85,100,121,15,100
1,<environment.Job instance at 0x145649c476e0>,63,15,[5 2],86,121,136,35,107
1,<environment.Job instance at 0x145649c47140>,64,3,[2 7],88,129,132,41,107
1,<environment.Job instance at 0x145649c47050>,65,15,[7 2],89,121,136,32,107
1,<environment.Job instance at 0x145649c47820>,66,15,[6 1],90,136,151,46,122
1,<environment.Job instance at 0x145649c470a0>,67,2,[2 9],91,132,134,41,122
1,<environment.Job instance at 0x145649c47a50>,68,2,[1 5],92,134,136,42,122
1,<environment.Job instance at 0x145649c47c80>,69,16,[1 8],93,136,152,43,123
1,<environment.Job instance at 0x145649c478c0>,70,14,[2 6],95,134,148,39,123
1,<environment.Job instance at 0x145649c47aa0>,71,1,[9 1],96,151,152,55,123
1,<environment.Job instance at 0x145649c47730>,72,17,[2 5],97,148,165,51,136
1,<environment.Job instance at 0x145649c47b40>,73,2,[10  2],98,152,154,54,136
1,<environment.Job instance at 0x145649c47b90>,74,15,[9 2],100,154,169,54,140
1,<environment.Job instance at 0x14564b04a0f0>,75,2,[5 2],101,165,167,64,140
1,<environment.Job instance at 0x14564b04a3c0>,76,2,[5 1],102,148,150,46,140
1,<environment.Job instance at 0x14564b04af00>,77,1,[1 7],103,152,153,49,140
1,<environment.Job instance at 0x14564b04a690>,78,17,[9 1],106,169,186,63,157
1,<environment.Job instance at 0x14564b04a820>,79,1,[6 2],107,167,168,60,157
1,<environment.Job instance at 0x14564b04acd0>,80,1,[5 1],108,168,169,60,157
1,<environment.Job instance at 0x14564b04a320>,81,1,[2 6],110,157,158,47,157
1,<environment.Job instance at 0x14564b04a960>,82,3,[2 6],111,158,161,47,157
1,<environment.Job instance at 0x14564b04a1e0>,83,2,[9 1],112,186,188,74,159
1,<environment.Job instance at 0x14564b04a4b0>,84,13,[6 1],114,169,182,55,159
1,<environment.Job instance at 0x14564b04a410>,85,2,[7 2],115,188,190,73,161
1,<environment.Job instance at 0x14564b04aa00>,86,2,[9 2],116,190,192,74,163
1,<environment.Job instance at 0x14564b04abe0>,87,3,[5 1],117,182,185,65,163
1,<environment.Job instance at 0x14564b04a460>,88,2,[ 1 10],118,165,167,47,163
1,<environment.Job instance at 0x14564b04ad70>,89,13,[2 6],119,185,198,66,170
1,<environment.Job instance at 0x14564c791190>,91,1,[8 2],123,192,193,69,170
1,<environment.Job instance at 0x14564db104b0>,92,17,[7 1],124,193,210,69,181
1,<environment.Job instance at 0x14564db1b9b0>,93,17,[2 7],125,185,202,60,181
1,<environment.Job instance at 0x14564db10280>,94,13,[2 8],126,202,215,76,186
1,<environment.Job instance at 0x14564db10320>,95,16,[6 1],127,198,214,71,186
1,<environment.Job instance at 0x14564c725550>,96,1,[8 2],128,214,215,86,186
1,<environment.Job instance at 0x14564db10d70>,97,1,[5 2],129,210,211,81,186
1,<environment.Job instance at 0x14565457e230>,98,1,[7 1],130,211,212,81,186
1,<environment.Job instance at 0x14565ecd9f50>,99,1,[1 8],131,215,216,84,187
1,<environment.Job instance at 0x14564db100a0>,100,2,[6 2],132,212,214,80,187
1,<environment.Job instance at 0x14565c074af0>,101,13,[2 9],133,216,229,83,200
1,<environment.Job instance at 0x14564d9111e0>,102,1,[6 2],135,215,216,80,200
1,<environment.Job instance at 0x14564d911c80>,103,3,[8 2],136,215,218,79,200
1,<environment.Job instance at 0x14564c7bf190>,104,2,[ 1 10],138,229,231,91,202
1,<environment.Job instance at 0x14564a5c7e60>,105,13,[10  1],139,218,231,79,202
1,<environment.Job instance at 0x14564c53b7d0>,8,3,[5 2],9,9,12,0,9
1,<environment.Job instance at 0x1456498fc690>,9,2,[8 2],10,10,12,0,10
1,<environment.Job instance at 0x14565c95d4b0>,10,3,[2 8],11,11,14,0,11
1,<environment.Job instance at 0x14565c95d780>,11,2,[2 5],12,12,14,0,12
1,<environment.Job instance at 0x1456498fcc80>,6,1,[5 1],7,12,13,5,12
1,<environment.Job instance at 0x14565c95d9b0>,13,22,[8 1],15,15,37,0,15
1,<environment.Job instance at 0x14565c95d1e0>,14,15,[ 2 10],16,16,31,0,16
1,<environment.Job instance at 0x14565c95dbe0>,15,3,[10  2],17,37,40,20,17
1,<environment.Job instance at 0x14569c099410>,16,3,[2 5],19,31,34,12,19
1,<environment.Job instance at 0x14565c95d7d0>,17,17,[1 7],20,31,48,11,20
1,<environment.Job instance at 0x14564c5dd140>,18,3,[7 2],21,40,43,19,21
1,<environment.Job instance at 0x14565c96e640>,19,2,[2 9],22,48,50,26,22
1,<environment.Job instance at 0x14564db11eb0>,20,2,[2 7],23,34,36,11,23
1,<environment.Job instance at 0x1456540178c0>,21,18,[6 1],25,40,58,15,29
1,<environment.Job instance at 0x14564a50df50>,22,15,[2 9],26,50,65,24,36
1,<environment.Job instance at 0x1456498ecaa0>,23,2,[10  1],27,58,60,31,36
1,<environment.Job instance at 0x1456540bf190>,24,22,[2 6],29,60,82,31,53
1,<environment.Job instance at 0x14564ca320f0>,25,1,[ 1 14],30,82,83,52,54
1,<environment.Job instance at 0x14564ca32a00>,26,16,[6 2],31,65,81,34,54
1,<environment.Job instance at 0x14564ca324b0>,27,1,[6 1],32,54,55,22,54
1,<environment.Job instance at 0x14564ca32230>,28,2,[9 1],34,81,83,47,54
1,<environment.Job instance at 0x14564ca32eb0>,29,19,[1 5],36,83,102,47,73
1,<environment.Job instance at 0x145649b74500>,30,1,[8 1],37,83,84,46,73
1,<environment.Job instance at 0x145649b743c0>,31,1,[5 1],39,73,74,34,73
1,<environment.Job instance at 0x145649b74d20>,32,2,[7 2],40,74,76,34,73
1,<environment.Job instance at 0x145649b744b0>,33,3,[ 2 14],42,102,105,60,76
1,<environment.Job instance at 0x145649b747d0>,34,3,[1 8],43,83,86,40,76
1,<environment.Job instance at 0x145649b740a0>,35,1,[ 2 10],44,86,87,42,76
1,<environment.Job instance at 0x145649b74e60>,36,2,[7 2],46,76,78,30,76
1,<environment.Job instance at 0x145649b745f0>,37,1,[6 1],47,78,79,31,76
1,<environment.Job instance at 0x145649b74230>,38,2,[6 1],49,79,81,30,76
1,<environment.Job instance at 0x145649b74a50>,39,17,[1 7],50,105,122,55,93
1,<environment.Job instance at 0x145657d64b40>,40,15,[10  2],54,105,120,51,93
1,<environment.Job instance at 0x145657d648c0>,41,2,[7 2],55,93,95,38,93
1,<environment.Job instance at 0x145657d645a0>,42,1,[1 5],57,93,94,36,93
1,<environment.Job instance at 0x145657d643c0>,43,14,[5 2],59,120,134,61,105
1,<environment.Job instance at 0x145657d64690>,44,27,[5 1],60,120,147,60,118
1,<environment.Job instance at 0x145657d64eb0>,45,15,[14  1],61,147,162,86,133
1,<environment.Job instance at 0x145657d64640>,46,2,[1 9],62,133,135,71,133
1,<environment.Job instance at 0x145657d642d0>,47,14,[1 6],63,135,149,72,133
1,<environment.Job instance at 0x145657d64280>,48,1,[1 8],64,135,136,71,133
1,<environment.Job instance at 0x14564d9c43c0>,49,1,[2 9],66,162,163,96,134
1,<environment.Job instance at 0x14564d9c40a0>,50,2,[10  2],67,162,164,95,135
1,<environment.Job instance at 0x14564d9c4e10>,51,1,[6 1],70,136,137,66,135
1,<environment.Job instance at 0x14564d96be60>,52,1,[7 2],72,137,138,65,135
1,<environment.Job instance at 0x14564d96bd20>,53,2,[2 7],73,138,140,65,135
1,<environment.Job instance at 0x145649a9d3c0>,54,3,[2 5],74,140,143,66,135
1,<environment.Job instance at 0x145649a9d1e0>,55,25,[6 1],75,164,189,89,160
1,<environment.Job instance at 0x14565c9f16e0>,56,12,[5 2],77,163,175,86,160
1,<environment.Job instance at 0x14564c5cd3c0>,57,1,[10  1],78,189,190,111,161
1,<environment.Job instance at 0x14564c5cd280>,58,3,[10  1],81,190,193,109,164
1,<environment.Job instance at 0x14564c5cdaa0>,59,2,[ 2 10],82,164,166,82,164
1,<environment.Job instance at 0x14564c5cd050>,60,3,[9 2],83,175,178,92,164
1,<environment.Job instance at 0x14564c5cd780>,61,1,[1 9],84,166,167,82,164
1,<environment.Job instance at 0x145649a3b280>,62,1,[8 2],87,178,179,91,164
1,<environment.Job instance at 0x145649a3b500>,63,22,[2 5],89,179,201,90,172
1,<environment.Job instance at 0x145649a3baf0>,64,1,[9 2],90,193,194,103,172
1,<environment.Job instance at 0x14564960ac80>,65,1,[10  1],91,194,195,103,172
1,<environment.Job instance at 0x14564960a500>,66,26,[ 2 13],93,201,227,108,198
1,<environment.Job instance at 0x14564c8243c0>,67,13,[7 2],94,198,211,104,198
1,<environment.Job instance at 0x14564c8248c0>,68,3,[6 2],96,198,201,102,198
1,<environment.Job instance at 0x14564a0190f0>,69,2,[12  1],97,211,213,114,198
1,<environment.Job instance at 0x14564a019e10>,70,15,[2 5],99,227,242,128,213
1,<environment.Job instance at 0x14565c035be0>,71,14,[7 1],100,213,227,113,213
1,<environment.Job instance at 0x145649c545f0>,72,2,[7 1],101,227,229,126,213
1,<environment.Job instance at 0x14564c856960>,73,1,[8 1],102,229,230,127,213
1,<environment.Job instance at 0x14564da9c7d0>,74,2,[10  2],103,230,232,127,213
1,<environment.Job instance at 0x14565e3b55f0>,75,14,[9 1],104,232,246,128,217
1,<environment.Job instance at 0x14564c5129b0>,76,3,[9 2],105,246,249,141,220
1,<environment.Job instance at 0x14564c4fc910>,77,1,[6 2],107,227,228,120,220
1,<environment.Job instance at 0x14564c4fc500>,78,2,[ 1 10],108,242,244,134,220
1,<environment.Job instance at 0x14564c4fc870>,79,2,[2 7],109,228,230,119,220
1,<environment.Job instance at 0x14564c4fc780>,80,3,[9 2],111,249,252,138,223
1,<environment.Job instance at 0x14564c4fcc80>,81,3,[10  1],112,252,255,140,226
1,<environment.Job instance at 0x14564c4fcb90>,82,17,[1 8],118,244,261,126,232
1,<environment.Job instance at 0x14564b059410>,83,2,[8 2],120,255,257,135,232
1,<environment.Job instance at 0x14564b059c30>,84,17,[1 6],121,257,274,136,245
1,<environment.Job instance at 0x14564b059aa0>,85,3,[1 9],122,261,264,139,245
1,<environment.Job instance at 0x14564b059f00>,86,13,[2 9],126,264,277,138,248
1,<environment.Job instance at 0x14564b059190>,87,2,[ 1 11],127,277,279,150,250
1,<environment.Job instance at 0x14564b059050>,88,3,[2 8],128,279,282,151,253
1,<environment.Job instance at 0x14564b059c80>,89,1,[1 8],130,282,283,152,254
1,<environment.Job instance at 0x14564b059910>,90,2,[2 9],131,283,285,152,256
1,<environment.Job instance at 0x14564b059140>,91,2,[8 2],132,274,276,142,256
1,<environment.Job instance at 0x14564b059cd0>,92,15,[10  1],133,276,291,143,262
1,<environment.Job instance at 0x14564b059690>,93,28,[5 2],134,285,313,151,284
1,<environment.Job instance at 0x14564c4da960>,94,1,[8 2],135,291,292,156,284
1,<environment.Job instance at 0x14564c4da320>,95,2,[ 1 10],136,291,293,155,284
1,<environment.Job instance at 0x14564c4dab40>,96,3,[ 2 14],137,313,316,176,287
1,<environment.Job instance at 0x14564c4dac80>,97,1,[5 1],138,292,293,154,287
1,<environment.Job instance at 0x14564c4dabe0>,98,2,[2 6],139,293,295,154,287
1,<environment.Job instance at 0x14565c9ef780>,5,3,[2 7],6,501,504,495,501
1,<environment.Job instance at 0x14564ba980a0>,18,23,[2 6],24,36,59,12,36
1,<environment.Job instance at 0x14564baa4a50>,11,3,[5 2],14,37,40,23,37
1,<environment.Job instance at 0x145655fef1e0>,20,14,[ 1 10],27,59,73,32,44
1,<environment.Job instance at 0x14565c96b8c0>,21,1,[5 2],28,44,45,16,44
1,<environment.Job instance at 0x14565411bb90>,22,1,[8 2],29,44,45,15,44
1,<environment.Job instance at 0x14565411baa0>,23,2,[7 2],31,45,47,14,44
1,<environment.Job instance at 0x14565411b550>,24,3,[6 1],33,45,48,12,44
1,<environment.Job instance at 0x14564ba79320>,25,2,[10  1],34,48,50,14,44
1,<environment.Job instance at 0x14564ba79b90>,26,1,[9 1],35,50,51,15,44
1,<environment.Job instance at 0x14564ba79050>,27,3,[5 1],36,51,54,15,44
1,<environment.Job instance at 0x14564ba79e10>,28,3,[1 6],37,47,50,10,44
1,<environment.Job instance at 0x14564c979aa0>,29,3,[12  1],39,54,57,15,44
1,<environment.Job instance at 0x14564b03e190>,30,20,[8 1],40,57,77,17,48
1,<environment.Job instance at 0x14564da9b280>,31,2,[7 1],41,51,53,10,48
1,<environment.Job instance at 0x14565c9e33c0>,32,3,[9 1],46,77,80,31,51
1,<environment.Job instance at 0x14565c9e3050>,33,13,[2 5],48,73,86,25,57
1,<environment.Job instance at 0x14565c9e3d70>,34,2,[1 8],49,57,59,8,57
1,<environment.Job instance at 0x14565c9e3780>,35,1,[2 6],50,73,74,23,57
1,<environment.Job instance at 0x14565c9e3e10>,36,2,[9 2],53,80,82,27,57
1,<environment.Job instance at 0x14565c9e3e60>,37,1,[ 2 10],57,82,83,25,57
1,<environment.Job instance at 0x14565c9e30f0>,38,3,[11  1],59,83,86,24,59
1,<environment.Job instance at 0x1456576543c0>,39,13,[ 2 11],60,86,99,26,70
1,<environment.Job instance at 0x1456540b0f50>,40,3,[1 8],61,74,77,13,70
1,<environment.Job instance at 0x1456540b96e0>,41,1,[8 1],63,86,87,23,70
1,<environment.Job instance at 0x1456540b0cd0>,42,16,[9 1],64,87,103,23,74
1,<environment.Job instance at 0x1456540b0280>,43,12,[7 2],66,103,115,37,86
1,<environment.Job instance at 0x14564da47cd0>,50,2,[ 1 12],79,99,101,20,86
1,<environment.Job instance at 0x14565c9e93c0>,51,16,[2 9],80,101,117,21,88
1,<environment.Job instance at 0x145649d5f690>,52,2,[5 2],81,99,101,18,88
1,<environment.Job instance at 0x14564c936050>,53,21,[5 1],82,103,124,21,95
1,<environment.Job instance at 0x14564c936370>,54,3,[2 8],83,117,120,34,95
1,<environment.Job instance at 0x14564c9369b0>,55,3,[8 2],85,115,118,30,95
1,<environment.Job instance at 0x14564a4c9f50>,56,1,[ 2 10],86,120,121,34,95
1,<environment.Job instance at 0x1456540cb1e0>,57,2,[1 6],87,118,120,31,95
1,<environment.Job instance at 0x145649dd6050>,58,2,[8 1],88,120,122,32,95
1,<environment.Job instance at 0x145649dd62d0>,59,1,[2 7],90,121,122,31,95
1,<environment.Job instance at 0x14564c5d1730>,60,2,[1 8],91,122,124,31,95
1,<environment.Job instance at 0x14564ba9bd70>,61,13,[7 1],92,122,135,30,106
1,<environment.Job instance at 0x14564ba9b820>,62,3,[ 2 10],95,124,127,29,106
1,<environment.Job instance at 0x1456540a3870>,63,2,[2 7],96,127,129,31,106
1,<environment.Job instance at 0x1456540a3370>,64,22,[ 2 10],97,129,151,32,122
1,<environment.Job instance at 0x1456540a33c0>,65,2,[10  2],98,135,137,37,122
1,<environment.Job instance at 0x1456540a3730>,66,2,[1 7],99,127,129,28,122
1,<environment.Job instance at 0x1456540a3050>,67,3,[2 8],100,151,154,51,125
1,<environment.Job instance at 0x1456540a3820>,68,2,[6 2],101,125,127,24,125
1,<environment.Job instance at 0x1456540a3410>,69,1,[7 1],104,137,138,33,125
1,<environment.Job instance at 0x1456540a3190>,70,2,[5 2],105,129,131,24,125
1,<environment.Job instance at 0x1456540a3780>,71,15,[1 9],106,154,169,48,140
1,<environment.Job instance at 0x1456540a4370>,87,3,[ 2 13],132,169,172,37,143
1,<environment.Job instance at 0x1456540a41e0>,88,14,[2 6],133,151,165,18,143
1,<environment.Job instance at 0x1456540a4460>,89,1,[ 2 10],134,172,173,38,144
1,<environment.Job instance at 0x1456540a46e0>,90,2,[2 8],135,173,175,38,146
1,<environment.Job instance at 0x1456540a4910>,91,1,[1 7],138,173,174,35,146
1,<environment.Job instance at 0x14564baa4730>,8,1,[1 9],11,180,181,169,180
1,<environment.Job instance at 0x145654589320>,10,1,[6 1],13,482,483,469,482
1,<environment.Job instance at 0x14564931dd70>,1,27,[5 2],2,2,29,0,2
1,<environment.Job instance at 0x14565caf3aa0>,17,2,[7 1],26,27,29,1,27
1,<environment.Job instance at 0x14564933ba00>,20,21,[9 1],31,31,52,0,31
1,<environment.Job instance at 0x1456540fffa0>,25,3,[5 1],37,45,48,8,45
1,<environment.Job instance at 0x145649b1fe60>,33,20,[ 2 11],48,48,68,0,48
1,<environment.Job instance at 0x145649b1f2d0>,34,16,[9 2],50,52,68,2,50
1,<environment.Job instance at 0x145649b1f8c0>,35,3,[ 2 10],51,68,71,17,51
1,<environment.Job instance at 0x145649b1f0f0>,36,15,[6 1],53,68,83,15,54
1,<environment.Job instance at 0x145649b1f910>,37,1,[9 2],54,71,72,17,54
1,<environment.Job instance at 0x145649b1fbe0>,38,1,[2 8],55,72,73,17,55
1,<environment.Job instance at 0x145649b1fcd0>,39,1,[5 1],56,68,69,12,56
1,<environment.Job instance at 0x145649b1f460>,40,1,[8 1],58,73,74,15,58
1,<environment.Job instance at 0x145649742730>,41,1,[1 8],60,73,74,13,60
1,<environment.Job instance at 0x14565ed26dc0>,42,1,[2 9],61,74,75,13,61
1,<environment.Job instance at 0x14564db27a50>,43,3,[1 9],62,75,78,13,62
1,<environment.Job instance at 0x14564c5f69b0>,44,14,[ 1 10],64,78,92,14,64
1,<environment.Job instance at 0x14565ed26a00>,45,1,[7 2],65,69,70,4,65
1,<environment.Job instance at 0x1456497bf690>,46,1,[10  1],66,83,84,17,66
1,<environment.Job instance at 0x14564c63a320>,47,3,[2 5],68,74,77,6,68
1,<environment.Job instance at 0x14564c63a190>,48,2,[6 2],69,77,79,8,69
1,<environment.Job instance at 0x14564c63ae10>,49,18,[2 9],70,92,110,22,81
1,<environment.Job instance at 0x14564c63ab40>,50,3,[2 9],71,110,113,39,84
1,<environment.Job instance at 0x14564a58b3c0>,51,1,[1 6],72,92,93,20,84
1,<environment.Job instance at 0x14564a58baf0>,52,1,[10  1],73,84,85,11,84
1,<environment.Job instance at 0x14565cadc690>,53,17,[5 1],74,93,110,19,84
1,<environment.Job instance at 0x1456498f93c0>,54,1,[7 1],75,85,86,10,84
1,<environment.Job instance at 0x1456498f91e0>,55,3,[9 2],76,86,89,10,84
1,<environment.Job instance at 0x14564d9ca6e0>,56,2,[1 8],77,113,115,36,86
1,<environment.Job instance at 0x14564d9cae60>,57,26,[8 1],78,93,119,15,90
1,<environment.Job instance at 0x14564d9ca500>,58,3,[2 5],79,110,113,31,90
1,<environment.Job instance at 0x14564d9ca460>,59,2,[8 1],80,90,92,10,90
1,<environment.Job instance at 0x14564d9ca2d0>,60,27,[6 1],81,113,140,32,111
1,<environment.Job instance at 0x14564d9ca910>,61,21,[9 2],82,119,140,37,111
1,<environment.Job instance at 0x14564d9caa50>,62,17,[7 2],83,140,157,57,128
1,<environment.Job instance at 0x14564ba85b90>,63,16,[5 2],84,140,156,56,128
1,<environment.Job instance at 0x145649786a50>,64,2,[2 9],85,140,142,55,128
1,<environment.Job instance at 0x14564c661eb0>,65,13,[2 8],87,142,155,55,128
1,<environment.Job instance at 0x1456497863c0>,66,3,[7 2],88,156,159,68,130
1,<environment.Job instance at 0x14564c661960>,67,17,[ 2 10],89,157,174,68,145
1,<environment.Job instance at 0x145654093370>,68,1,[1 8],92,155,156,63,145
1,<environment.Job instance at 0x1456540934b0>,69,16,[5 2],93,157,173,64,145
1,<environment.Job instance at 0x145654093140>,70,1,[6 1],95,159,160,64,145
1,<environment.Job instance at 0x145654093dc0>,71,28,[14  1],98,174,202,76,173
1,<environment.Job instance at 0x145654093be0>,72,2,[1 7],99,174,176,75,173
1,<environment.Job instance at 0x145654093a50>,73,3,[7 1],100,202,205,102,176
1,<environment.Job instance at 0x145654093af0>,74,1,[6 1],101,202,203,101,176
1,<environment.Job instance at 0x145654093050>,75,15,[6 2],102,203,218,101,189
1,<environment.Job instance at 0x145654093910>,76,3,[2 9],103,202,205,99,189
1,<environment.Job instance at 0x145654093cd0>,77,17,[1 8],105,205,222,100,193
1,<environment.Job instance at 0x1456540930f0>,78,2,[11  2],106,218,220,112,193
1,<environment.Job instance at 0x145654093780>,79,16,[2 7],107,220,236,113,207
1,<environment.Job instance at 0x145654093f50>,80,2,[1 8],109,222,224,113,207
1,<environment.Job instance at 0x145654093730>,81,2,[1 5],110,207,209,97,207
1,<environment.Job instance at 0x145654093f00>,82,1,[1 5],111,209,210,98,207
1,<environment.Job instance at 0x145654093d70>,83,2,[9 1],112,224,226,112,207
1,<environment.Job instance at 0x145654093410>,84,3,[9 2],113,226,229,113,207
1,<environment.Job instance at 0x145654093690>,85,17,[5 2],114,229,246,115,217
1,<environment.Job instance at 0x145655fe0280>,86,2,[2 6],116,224,226,108,217
1,<environment.Job instance at 0x145655fe0550>,87,1,[ 1 10],117,236,237,119,217
1,<environment.Job instance at 0x145655fe0b40>,88,1,[2 7],118,237,238,119,217
1,<environment.Job instance at 0x145655fe03c0>,89,2,[2 6],119,226,228,107,217
1,<environment.Job instance at 0x145655fe0d70>,90,17,[5 2],120,229,246,109,217
1,<environment.Job instance at 0x145655fe06e0>,91,2,[5 1],122,238,240,116,217
1,<environment.Job instance at 0x145655fe0eb0>,92,2,[8 2],123,246,248,123,219
1,<environment.Job instance at 0x145655fe0370>,93,2,[12  1],125,248,250,123,221
1,<environment.Job instance at 0x145655fe02d0>,94,14,[1 9],126,240,254,114,225
1,<environment.Job instance at 0x145655fe0460>,95,1,[2 8],127,254,255,127,226
1,<environment.Job instance at 0x145655fe0af0>,96,18,[10  2],128,250,268,122,239
1,<environment.Job instance at 0x145655fe0f00>,97,12,[2 9],129,255,267,126,239
1,<environment.Job instance at 0x145655fe0640>,98,15,[2 5],130,267,282,137,253
1,<environment.Job instance at 0x145649a92780>,99,3,[1 6],131,267,270,136,253
1,<environment.Job instance at 0x145649a92320>,100,2,[1 8],133,270,272,137,253
1,<environment.Job instance at 0x145649a92410>,101,17,[7 1],134,268,285,134,256
1,<environment.Job instance at 0x145649a92b40>,102,16,[8 2],135,282,298,147,269
1,<environment.Job instance at 0x145649a92d20>,103,3,[1 5],138,272,275,134,269
1,<environment.Job instance at 0x145649a92460>,104,1,[10  1],139,298,299,159,270
1,<environment.Job instance at 0x14564d8fd690>,24,2,[ 2 10],36,320,322,284,320
1,<environment.Job instance at 0x14565e667820>,23,2,[5 1],35,322,324,287,322
1,<environment.Job instance at 0x14564940f280>,18,28,[1 6],27,780,808,753,780
1,<environment.Job instance at 0x14565404ea50>,18,2,[1 7],24,40,42,16,40
1,<environment.Job instance at 0x14564c530870>,27,1,[7 2],42,42,43,0,42
1,<environment.Job instance at 0x14564c530820>,28,1,[2 8],43,43,44,0,43
1,<environment.Job instance at 0x1456495af870>,29,2,[2 9],44,44,46,0,44
1,<environment.Job instance at 0x1456495aff50>,30,3,[2 6],45,45,48,0,45
1,<environment.Job instance at 0x1456495afb40>,31,2,[7 1],47,47,49,0,47
1,<environment.Job instance at 0x1456495afd20>,32,1,[ 1 10],48,48,49,0,48
1,<environment.Job instance at 0x1456495af190>,33,26,[2 5],49,49,75,0,49
1,<environment.Job instance at 0x14564dd676e0>,34,3,[1 9],51,51,54,0,51
1,<environment.Job instance at 0x14564dd67cd0>,35,17,[1 5],52,54,71,2,52
1,<environment.Job instance at 0x145649d8f410>,36,3,[8 1],54,54,57,0,54
1,<environment.Job instance at 0x145649d8f460>,37,1,[1 8],55,71,72,16,55
1,<environment.Job instance at 0x145649d8f4b0>,38,1,[10  2],59,59,60,0,59
1,<environment.Job instance at 0x145649d8f960>,39,2,[2 6],60,72,74,12,60
1,<environment.Job instance at 0x145649d8fe10>,40,1,[1 5],61,61,62,0,61
1,<environment.Job instance at 0x14565ca0bfa0>,41,3,[7 2],63,63,66,0,63
1,<environment.Job instance at 0x14565e6447d0>,42,1,[2 8],64,74,75,10,64
1,<environment.Job instance at 0x14565e644af0>,43,18,[1 7],66,75,93,9,66
1,<environment.Job instance at 0x145657da8dc0>,44,3,[10  1],68,68,71,0,68
1,<environment.Job instance at 0x1456a04ea4b0>,45,2,[ 2 13],69,93,95,24,69
1,<environment.Job instance at 0x1456540893c0>,46,3,[7 2],71,71,74,0,71
1,<environment.Job instance at 0x14565f128460>,13,2,[2 5],19,95,97,76,94
1,<environment.Job instance at 0x14564c9ce230>,47,28,[2 5],73,95,123,22,94
1,<environment.Job instance at 0x14564c9285a0>,53,1,[1 5],80,117,118,37,117
1,<environment.Job instance at 0x14565c966e10>,54,2,[2 8],81,118,120,37,118
1,<environment.Job instance at 0x14564c9283c0>,55,24,[2 9],82,120,144,38,118
1,<environment.Job instance at 0x14564a443370>,56,3,[2 5],85,140,143,55,140
1,<environment.Job instance at 0x14564a443960>,57,18,[5 2],87,143,161,56,140
1,<environment.Job instance at 0x145649b378c0>,58,1,[1 6],88,144,145,56,141
1,<environment.Job instance at 0x145649b37b90>,59,2,[2 6],90,144,146,54,141
1,<environment.Job instance at 0x145649b37eb0>,60,2,[6 2],91,145,147,54,141
1,<environment.Job instance at 0x145649d2df50>,61,3,[2 7],92,146,149,54,141
1,<environment.Job instance at 0x14564c926e10>,62,1,[10  1],96,141,142,45,141
1,<environment.Job instance at 0x14565cb5adc0>,63,3,[10  1],97,149,152,52,141
1,<environment.Job instance at 0x14565cb5a550>,64,2,[6 1],98,142,144,44,141
1,<environment.Job instance at 0x14565cb5acd0>,65,3,[1 5],99,152,155,53,141
1,<environment.Job instance at 0x14565cb5ae10>,66,2,[10  2],100,155,157,55,141
1,<environment.Job instance at 0x14565cb5a730>,67,1,[9 1],101,152,153,51,141
1,<environment.Job instance at 0x14565cb5a960>,68,1,[1 8],102,153,154,51,141
1,<environment.Job instance at 0x14565cb5ab90>,69,25,[9 1],103,157,182,54,153
1,<environment.Job instance at 0x14565cb5a5a0>,70,3,[2 7],104,161,164,57,153
1,<environment.Job instance at 0x14565cb5a370>,71,1,[7 1],105,154,155,49,153
1,<environment.Job instance at 0x14565cb5ac30>,72,2,[7 2],106,182,184,76,155
1,<environment.Job instance at 0x1456545810f0>,73,13,[10  1],108,184,197,76,168
1,<environment.Job instance at 0x145654581f50>,74,3,[2 6],109,168,171,59,168
1,<environment.Job instance at 0x145654581d20>,75,2,[8 1],110,182,184,72,168
1,<environment.Job instance at 0x145654581640>,76,1,[6 2],111,171,172,60,168
1,<environment.Job instance at 0x145654581aa0>,77,1,[9 1],112,197,198,85,169
1,<environment.Job instance at 0x145654581410>,78,1,[2 5],114,169,170,55,169
1,<environment.Job instance at 0x145654581af0>,79,3,[10  2],117,198,201,81,172
1,<environment.Job instance at 0x145654581780>,80,1,[2 7],118,172,173,54,172
1,<environment.Job instance at 0x14564dd53d70>,81,2,[ 1 14],120,173,175,53,172
1,<environment.Job instance at 0x14564dd53cd0>,82,1,[7 2],121,201,202,80,173
1,<environment.Job instance at 0x14564dd53690>,83,3,[9 1],122,202,205,80,176
1,<environment.Job instance at 0x14565c0d3cd0>,84,15,[6 1],123,201,216,78,187
1,<environment.Job instance at 0x14565c0d3f50>,85,1,[2 5],124,187,188,63,187
1,<environment.Job instance at 0x14564dd500a0>,86,2,[1 5],126,187,189,61,187
1,<environment.Job instance at 0x14564c8ed460>,87,3,[2 8],127,188,191,61,187
1,<environment.Job instance at 0x14564dd53be0>,88,17,[10  1],128,216,233,88,204
1,<environment.Job instance at 0x14564c8ed190>,89,26,[5 2],129,205,231,76,204
1,<environment.Job instance at 0x14564c8edaa0>,90,1,[8 2],130,233,234,103,205
1,<environment.Job instance at 0x14564c8ed140>,91,2,[2 6],131,205,207,74,205
1,<environment.Job instance at 0x14564c8edbe0>,92,3,[1 9],132,207,210,75,205
1,<environment.Job instance at 0x14564c8ed960>,93,2,[1 7],134,210,212,76,205
1,<environment.Job instance at 0x14565cac8c30>,94,3,[2 9],135,212,215,77,205
1,<environment.Job instance at 0x14565cac83c0>,95,2,[6 1],136,233,235,97,206
1,<environment.Job instance at 0x14565cac89b0>,96,1,[5 1],137,231,232,94,206
1,<environment.Job instance at 0x14565cac8a00>,97,16,[2 6],138,234,250,96,223
1,<environment.Job instance at 0x14565c966640>,52,1,[2 6],78,252,253,174,252
1,<environment.Job instance at 0x14565e3b1820>,15,12,[5 2],29,37,49,8,37
1,<environment.Job instance at 0x14565e3b1b90>,17,20,[9 1],31,37,57,6,37
1,<environment.Job instance at 0x14565e3b1320>,18,3,[5 1],33,49,52,16,37
1,<environment.Job instance at 0x14564c6a2500>,19,2,[13  1],34,57,59,23,37
1,<environment.Job instance at 0x14564c6a2d20>,20,1,[12  2],35,59,60,24,37
1,<environment.Job instance at 0x145657df6640>,21,1,[5 1],36,52,53,16,37
1,<environment.Job instance at 0x145657df6eb0>,22,3,[8 1],37,60,63,23,37
1,<environment.Job instance at 0x145657cb4fa0>,23,2,[6 2],38,53,55,15,38
1,<environment.Job instance at 0x14565c0d8730>,24,3,[9 2],39,63,66,24,39
1,<environment.Job instance at 0x1456495eac80>,25,2,[1 6],46,46,48,0,46
1,<environment.Job instance at 0x145649527d20>,26,18,[8 1],48,66,84,18,55
1,<environment.Job instance at 0x145657d61140>,27,2,[2 8],50,55,57,5,55
1,<environment.Job instance at 0x145657d61f50>,28,1,[7 1],53,60,61,7,55
1,<environment.Job instance at 0x1456499a32d0>,29,2,[2 6],54,55,57,1,55
1,<environment.Job instance at 0x14564a5e10f0>,30,3,[6 2],56,61,64,5,56
1,<environment.Job instance at 0x145657d27870>,31,12,[2 9],57,64,76,7,57
1,<environment.Job instance at 0x145656002050>,32,2,[5 1],58,66,68,8,58
1,<environment.Job instance at 0x14564a443b90>,33,3,[9 1],59,84,87,25,59
1,<environment.Job instance at 0x14564c856cd0>,34,1,[7 2],60,76,77,16,60
1,<environment.Job instance at 0x14564c7ba870>,35,17,[6 2],62,77,94,15,65
1,<environment.Job instance at 0x14564c7ba0a0>,36,3,[9 2],64,87,90,23,65
1,<environment.Job instance at 0x145657d258c0>,39,3,[1 7],67,77,80,10,67
1,<environment.Job instance at 0x145657d25eb0>,40,1,[1 8],68,80,81,12,68
1,<environment.Job instance at 0x14564c81bb40>,41,20,[7 2],69,90,110,21,81
1,<environment.Job instance at 0x14564c81b4b0>,42,1,[1 9],70,81,82,11,81
1,<environment.Job instance at 0x145649bcc780>,43,2,[2 6],71,90,92,19,81
1,<environment.Job instance at 0x145649bccfa0>,44,3,[ 2 10],72,92,95,20,81
1,<environment.Job instance at 0x145649bcc960>,45,13,[2 8],73,95,108,22,81
1,<environment.Job instance at 0x145649bccc30>,46,1,[8 1],76,108,109,32,81
1,<environment.Job instance at 0x14565ecbd780>,47,3,[1 6],77,109,112,32,83
1,<environment.Job instance at 0x1456492e1c30>,48,2,[1 6],78,109,111,31,83
1,<environment.Job instance at 0x1456492e1730>,49,1,[2 5],79,95,96,16,83
1,<environment.Job instance at 0x14564952caf0>,50,14,[ 2 10],80,112,126,32,97
1,<environment.Job instance at 0x145654027460>,51,1,[ 1 13],81,126,127,45,98
1,<environment.Job instance at 0x14564c964fa0>,52,12,[ 1 14],82,127,139,45,110
1,<environment.Job instance at 0x14565ca41c30>,53,1,[5 2],83,121,122,38,121
1,<environment.Job instance at 0x1456492d2730>,56,2,[5 1],94,121,123,27,121
1,<environment.Job instance at 0x14564dd8e550>,57,2,[1 6],95,139,141,44,121
1,<environment.Job instance at 0x145649b6b1e0>,58,2,[1 8],96,139,141,43,121
1,<environment.Job instance at 0x1456492db050>,59,1,[6 1],97,122,123,25,121
1,<environment.Job instance at 0x14565c982140>,60,18,[10  2],99,141,159,42,130
1,<environment.Job instance at 0x14564c9dc870>,61,1,[6 1],100,130,131,30,130
1,<environment.Job instance at 0x14564d9e7140>,62,1,[2 9],101,141,142,40,130
1,<environment.Job instance at 0x1456496e4550>,63,1,[1 5],102,142,143,40,130
1,<environment.Job instance at 0x14564c8243c0>,64,16,[ 2 10],103,143,159,40,130
1,<environment.Job instance at 0x14565cab1d70>,65,3,[5 1],104,131,134,27,130
1,<environment.Job instance at 0x1456494f5c30>,66,3,[1 7],105,159,162,54,133
1,<environment.Job instance at 0x1456495daa50>,67,3,[10  2],107,159,162,52,133
1,<environment.Job instance at 0x14564c71a9b0>,68,17,[9 2],109,162,179,53,150
1,<environment.Job instance at 0x14565cb0cc80>,69,2,[9 2],111,179,181,68,152
1,<environment.Job instance at 0x14564d9f2730>,70,2,[2 7],115,162,164,47,152
1,<environment.Job instance at 0x14564c806aa0>,71,1,[8 1],116,181,182,65,153
1,<environment.Job instance at 0x14565c70eb90>,72,15,[7 1],117,181,196,64,167
1,<environment.Job instance at 0x14565e3b13c0>,73,1,[1 8],118,167,168,49,167
1,<environment.Job instance at 0x145649801aa0>,74,12,[7 2],119,182,194,63,167
1,<environment.Job instance at 0x145649421230>,75,13,[1 9],120,168,181,48,167
1,<environment.Job instance at 0x145649421410>,76,2,[7 2],121,194,196,73,167
1,<environment.Job instance at 0x145649b84be0>,77,1,[ 2 10],122,196,197,74,168
1,<environment.Job instance at 0x1456494211e0>,78,16,[1 7],123,197,213,74,184
1,<environment.Job instance at 0x145649421aa0>,79,17,[5 2],125,196,213,71,184
1,<environment.Job instance at 0x145657c9fd70>,80,3,[10  1],127,213,216,86,187
1,<environment.Job instance at 0x145654123f50>,81,1,[9 2],128,197,198,69,187
1,<environment.Job instance at 0x145654099190>,82,17,[8 1],129,216,233,87,204
1,<environment.Job instance at 0x145657c9fe10>,83,2,[1 5],130,204,206,74,204
1,<environment.Job instance at 0x1456499248c0>,84,13,[1 9],131,213,226,82,204
1,<environment.Job instance at 0x14565e3b52d0>,85,2,[10  2],132,233,235,101,206
1,<environment.Job instance at 0x14564d94eaa0>,86,15,[9 1],134,235,250,101,221
1,<environment.Job instance at 0x14564d94e370>,87,1,[1 5],135,221,222,86,221
1,<environment.Job instance at 0x14564d94e5f0>,88,2,[1 9],136,226,228,90,221
1,<environment.Job instance at 0x14564d94e910>,89,2,[1 7],139,228,230,89,221
1,<environment.Job instance at 0x145654551d70>,55,1,[11  1],93,2029,2030,1936,2029
1,<environment.Job instance at 0x14564d9cfaa0>,18,15,[9 1],22,22,37,0,22
1,<environment.Job instance at 0x14564d9cfb90>,19,12,[6 1],23,23,35,0,23
1,<environment.Job instance at 0x14564c88aaf0>,20,13,[8 1],24,37,50,13,24
1,<environment.Job instance at 0x145649d2a190>,21,3,[2 8],25,35,38,10,25
1,<environment.Job instance at 0x145649d2ac30>,22,2,[1 7],26,38,40,12,26
1,<environment.Job instance at 0x145649d2aa50>,23,2,[1 6],27,35,37,8,27
1,<environment.Job instance at 0x145649d2a9b0>,24,14,[ 2 10],28,40,54,12,28
1,<environment.Job instance at 0x145649d2abe0>,25,1,[2 7],30,38,39,8,30
1,<environment.Job instance at 0x145649d2a7d0>,26,3,[8 2],31,50,53,19,31
1,<environment.Job instance at 0x145649d2a550>,27,3,[ 2 10],32,54,57,22,32
1,<environment.Job instance at 0x14565ca31d70>,28,2,[9 1],34,53,55,19,34
1,<environment.Job instance at 0x145649d2aeb0>,29,1,[2 5],35,37,38,2,35
1,<environment.Job instance at 0x14564c899190>,30,3,[1 8],37,57,60,20,37
1,<environment.Job instance at 0x14564c8997d0>,31,2,[2 8],40,60,62,20,40
1,<environment.Job instance at 0x1456497d9190>,19,2,[2 5],23,56,58,33,56
1,<environment.Job instance at 0x1456499eb7d0>,22,2,[8 2],28,56,58,28,56
1,<environment.Job instance at 0x1456497d92d0>,21,1,[8 1],27,58,59,31,56
1,<environment.Job instance at 0x1456499eb370>,24,2,[5 2],30,56,58,26,56
1,<environment.Job instance at 0x1456499ebaf0>,25,3,[1 5],31,58,61,27,56
1,<environment.Job instance at 0x1456499ebc30>,26,1,[1 5],33,58,59,25,56
1,<environment.Job instance at 0x1456499eb870>,27,16,[8 1],34,59,75,25,56
1,<environment.Job instance at 0x1456499eb6e0>,28,14,[2 8],35,59,73,24,56
1,<environment.Job instance at 0x145649d8f0f0>,29,15,[8 2],36,75,90,39,61
1,<environment.Job instance at 0x1456499eba50>,30,3,[1 7],38,73,76,35,61
1,<environment.Job instance at 0x1456499eb0f0>,31,3,[7 1],39,76,79,37,61
1,<environment.Job instance at 0x1456499eb550>,32,2,[2 7],40,73,75,33,61
1,<environment.Job instance at 0x14564da4fbe0>,33,14,[ 2 10],41,79,93,38,64
1,<environment.Job instance at 0x14564da4f870>,34,1,[1 9],42,93,94,51,65
1,<environment.Job instance at 0x1456491fb3c0>,35,18,[5 2],43,79,97,36,68
1,<environment.Job instance at 0x1456491fb410>,36,2,[1 8],45,94,96,49,68
1,<environment.Job instance at 0x14564940ffa0>,37,16,[1 6],46,96,112,50,83
1,<environment.Job instance at 0x1456491fb050>,38,3,[2 6],48,96,99,48,87
1,<environment.Job instance at 0x14564940fe10>,39,14,[10  1],49,97,111,48,87
1,<environment.Job instance at 0x14564940f500>,40,3,[ 1 14],50,112,115,62,87
1,<environment.Job instance at 0x14564940f6e0>,41,3,[5 1],51,90,93,39,87
1,<environment.Job instance at 0x14564940f2d0>,42,2,[8 1],53,93,95,40,87
1,<environment.Job instance at 0x14564940f3c0>,43,3,[9 1],54,111,114,57,87
1,<environment.Job instance at 0x14564940faf0>,44,3,[8 2],55,115,118,60,89
1,<environment.Job instance at 0x14564a4ad550>,45,12,[7 2],57,115,127,58,98
1,<environment.Job instance at 0x14564a4ade60>,46,2,[2 7],59,99,101,40,98
1,<environment.Job instance at 0x14564a4ad960>,47,17,[6 2],61,118,135,57,106
1,<environment.Job instance at 0x14565c9818c0>,48,13,[ 2 10],62,118,131,56,106
1,<environment.Job instance at 0x14565c981460>,49,2,[1 9],63,131,133,68,106
1,<environment.Job instance at 0x14565c981730>,50,23,[1 5],64,133,156,69,127
1,<environment.Job instance at 0x14565c9819b0>,51,1,[8 1],65,136,137,71,136
1,<environment.Job instance at 0x14564a5ea410>,52,18,[10  1],66,137,155,71,136
1,<environment.Job instance at 0x14564a5ea320>,53,1,[8 2],67,155,156,88,136
1,<environment.Job instance at 0x14565c981f00>,54,2,[7 1],68,156,158,88,136
1,<environment.Job instance at 0x145649bcc0f0>,55,1,[5 1],69,136,137,67,136
1,<environment.Job instance at 0x145649bcca50>,56,2,[2 8],70,137,139,67,136
1,<environment.Job instance at 0x14564a4c19b0>,57,3,[7 1],71,156,159,85,136
1,<environment.Job instance at 0x14564c6b6dc0>,58,3,[8 2],72,158,161,86,136
1,<environment.Job instance at 0x14564a4c1500>,59,2,[10  1],74,161,163,87,136
1,<environment.Job instance at 0x1456492f9820>,60,22,[5 1],76,159,181,83,152
1,<environment.Job instance at 0x14564d911230>,61,14,[9 2],79,163,177,84,152
1,<environment.Job instance at 0x14569c099370>,62,16,[8 2],81,177,193,96,164
1,<environment.Job instance at 0x14564c7baf00>,63,3,[1 5],82,164,167,82,164
1,<environment.Job instance at 0x145649786dc0>,64,2,[5 2],83,181,183,98,164
1,<environment.Job instance at 0x14564c7ba640>,65,13,[8 1],85,193,206,108,177
1,<environment.Job instance at 0x14565ca3d3c0>,66,1,[7 2],86,183,184,97,177
1,<environment.Job instance at 0x14564c7ba140>,67,2,[2 8],87,177,179,90,177
1,<environment.Job instance at 0x14565456caf0>,68,12,[9 1],88,206,218,118,189
1,<environment.Job instance at 0x14565456cf50>,69,3,[9 2],90,218,221,128,192
1,<environment.Job instance at 0x145649b38870>,70,1,[ 2 10],91,192,193,101,192
1,<environment.Job instance at 0x1456a05b4550>,71,2,[6 2],92,193,195,101,192
1,<environment.Job instance at 0x1456a05b4230>,72,1,[1 5],94,193,194,99,192
1,<environment.Job instance at 0x14564c9dcbe0>,73,2,[5 2],95,195,197,100,192
1,<environment.Job instance at 0x14564c9dcb90>,74,2,[8 1],96,221,223,125,194
1,<environment.Job instance at 0x14564c9dcb40>,75,2,[8 1],97,223,225,126,196
1,<environment.Job instance at 0x14564c9dc500>,76,17,[ 2 10],98,196,213,98,196
1,<environment.Job instance at 0x14564c9dce10>,77,3,[10  2],99,225,228,126,199
1,<environment.Job instance at 0x14564c9dc280>,78,18,[2 5],100,213,231,113,202
1,<environment.Job instance at 0x1456498d1af0>,79,3,[2 7],101,213,216,112,202
1,<environment.Job instance at 0x1456498d1a50>,80,18,[ 2 11],102,231,249,129,221
1,<environment.Job instance at 0x1456498d1c30>,81,2,[1 6],103,249,251,146,243
1,<environment.Job instance at 0x1456498d1050>,82,16,[1 9],104,249,265,145,243
1,<environment.Job instance at 0x1456498d1870>,83,2,[ 1 13],105,265,267,160,245
1,<environment.Job instance at 0x1456498d1780>,84,13,[8 1],106,251,264,145,247
1,<environment.Job instance at 0x1456498d12d0>,85,1,[6 1],107,247,248,140,247
1,<environment.Job instance at 0x1456498d1960>,86,2,[ 1 10],108,267,269,159,247
1,<environment.Job instance at 0x145649620460>,87,1,[5 1],109,247,248,138,247
1,<environment.Job instance at 0x1456576542d0>,88,3,[5 2],110,251,254,141,247
1,<environment.Job instance at 0x145657654410>,89,17,[6 2],114,254,271,140,247
1,<environment.Job instance at 0x145657654f00>,90,3,[5 2],115,267,270,152,247
1,<environment.Job instance at 0x1456576541e0>,91,15,[10  2],116,271,286,155,257
1,<environment.Job instance at 0x145649ac7be0>,92,2,[8 2],117,286,288,169,259
1,<environment.Job instance at 0x145649ac7870>,93,2,[11  1],118,288,290,170,261
1,<environment.Job instance at 0x14564ca270a0>,94,1,[8 2],119,264,265,145,261
1,<environment.Job instance at 0x14564ca27410>,95,12,[1 8],120,269,281,149,261
1,<environment.Job instance at 0x14564ca27b40>,96,28,[ 2 10],121,281,309,160,280
1,<environment.Job instance at 0x14564ca27f50>,97,3,[9 1],124,290,293,166,282
1,<environment.Job instance at 0x14564ca27870>,98,14,[2 5],126,293,307,167,282
1,<environment.Job instance at 0x14564ca27550>,99,2,[1 8],127,309,311,182,282
1,<environment.Job instance at 0x14564ca274b0>,100,1,[5 1],128,286,287,158,282
1,<environment.Job instance at 0x14565caaedc0>,101,14,[1 7],129,309,323,180,294
1,<environment.Job instance at 0x14564ca27d20>,102,2,[8 1],131,307,309,176,304
1,<environment.Job instance at 0x14564ca273c0>,103,2,[6 2],133,311,313,178,307
1,<environment.Job instance at 0x145649b1f690>,104,2,[1 5],134,317,319,183,317
1,<environment.Job instance at 0x145649b1fbe0>,105,2,[9 2],135,317,319,182,317
1,<environment.Job instance at 0x145649b1faf0>,106,1,[9 1],138,319,320,181,317
1,<environment.Job instance at 0x145649b1f780>,107,2,[9 1],139,320,322,181,317
1,<environment.Job instance at 0x1456497d9870>,18,2,[1 9],22,329,331,307,329
1,<environment.Job instance at 0x14564c6c20f0>,8,3,[2 8],11,11,14,0,11
1,<environment.Job instance at 0x14564c6c24b0>,9,12,[7 2],12,12,24,0,12
1,<environment.Job instance at 0x14564c6c2500>,10,1,[2 5],14,14,15,0,14
1,<environment.Job instance at 0x14564c6c2410>,11,17,[ 1 10],16,16,33,0,16
1,<environment.Job instance at 0x14564c6c2960>,12,3,[1 6],19,33,36,14,19
1,<environment.Job instance at 0x145649d5d910>,13,3,[2 6],20,33,36,13,20
1,<environment.Job instance at 0x145649d5dc30>,14,3,[2 5],21,24,27,3,21
1,<environment.Job instance at 0x145649d5d730>,15,16,[7 2],22,27,43,5,22
1,<environment.Job instance at 0x145649d5d870>,16,12,[9 1],23,43,55,20,26
1,<environment.Job instance at 0x145649d5daf0>,17,3,[7 2],25,27,30,2,26
1,<environment.Job instance at 0x14564c7ccbe0>,18,3,[1 6],27,36,39,9,27
1,<environment.Job instance at 0x14564c7ccd20>,19,2,[1 6],29,36,38,7,29
1,<environment.Job instance at 0x14564da013c0>,20,2,[8 1],33,39,41,6,33
1,<environment.Job instance at 0x14564da01460>,21,3,[9 2],34,55,58,21,34
1,<environment.Job instance at 0x14564da012d0>,22,1,[2 8],36,41,42,5,36
1,<environment.Job instance at 0x14564baac230>,23,2,[10  1],37,58,60,21,37
1,<environment.Job instance at 0x14564baaccd0>,24,13,[1 8],38,42,55,4,38
1,<environment.Job instance at 0x14564baac050>,25,3,[5 1],40,41,44,1,40
1,<environment.Job instance at 0x14564baacdc0>,26,26,[5 2],42,44,70,2,42
1,<environment.Job instance at 0x14564baac2d0>,27,2,[7 2],44,60,62,16,44
1,<environment.Job instance at 0x14564baac7d0>,28,12,[2 8],45,60,72,15,45
1,<environment.Job instance at 0x14564baac280>,29,14,[10  2],46,70,84,24,55
1,<environment.Job instance at 0x14564baac410>,30,3,[2 6],47,72,75,25,55
1,<environment.Job instance at 0x14564baac9b0>,31,12,[6 1],50,84,96,34,67
1,<environment.Job instance at 0x14564baac780>,32,18,[1 6],51,72,90,21,67
1,<environment.Job instance at 0x14564baac370>,33,14,[9 2],53,90,104,37,75
1,<environment.Job instance at 0x14564baac460>,34,3,[1 9],56,96,99,40,75
1,<environment.Job instance at 0x14564baac870>,35,1,[5 2],57,84,85,27,75
1,<environment.Job instance at 0x14564baacc80>,36,1,[9 1],58,104,105,46,76
1,<environment.Job instance at 0x14564baac320>,37,23,[9 1],60,105,128,45,99
1,<environment.Job instance at 0x145655fc50f0>,38,14,[10  1],61,128,142,67,113
1,<environment.Job instance at 0x14564baacbe0>,39,18,[1 7],62,113,131,51,113
1,<environment.Job instance at 0x145655fc5190>,40,16,[9 2],63,142,158,79,129
1,<environment.Job instance at 0x145655fc5780>,41,2,[1 5],64,129,131,65,129
1,<environment.Job instance at 0x145655fc5140>,42,1,[2 5],65,131,132,66,129
1,<environment.Job instance at 0x145655fc54b0>,43,12,[5 1],68,132,144,64,129
1,<environment.Job instance at 0x145655fc58c0>,44,1,[10  1],70,158,159,88,130
1,<environment.Job instance at 0x145655fc5aa0>,45,1,[7 1],71,159,160,88,131
1,<environment.Job instance at 0x145655fc5a50>,46,2,[10  1],72,160,162,88,133
1,<environment.Job instance at 0x145655fc5c80>,47,1,[6 2],73,144,145,71,133
1,<environment.Job instance at 0x145655fc5c30>,48,3,[6 2],74,145,148,71,133
1,<environment.Job instance at 0x145655fc5910>,49,3,[2 5],78,148,151,70,133
1,<environment.Job instance at 0x145655fc5550>,50,2,[5 1],79,151,153,72,133
1,<environment.Job instance at 0x145655fc56e0>,51,18,[2 9],81,153,171,72,142
1,<environment.Job instance at 0x145655fc59b0>,52,13,[2 8],83,171,184,88,155
1,<environment.Job instance at 0x145655fc5050>,53,3,[1 9],84,184,187,100,158
1,<environment.Job instance at 0x145655fc5410>,54,3,[2 7],86,171,174,85,158
1,<environment.Job instance at 0x14564c9814b0>,55,3,[2 9],87,187,190,100,161
1,<environment.Job instance at 0x14564c981b90>,56,3,[6 1],89,162,165,73,161
1,<environment.Job instance at 0x14564c981780>,57,18,[7 2],90,174,192,84,163
1,<environment.Job instance at 0x14564c981aa0>,58,15,[2 7],91,190,205,99,176
1,<environment.Job instance at 0x14564c981370>,59,2,[9 1],92,192,194,100,176
1,<environment.Job instance at 0x14564c981eb0>,60,2,[14  2],94,205,207,111,178
1,<environment.Job instance at 0x14564c981f00>,61,3,[ 1 10],95,205,208,110,179
1,<environment.Job instance at 0x14564c981e10>,62,1,[14  2],96,207,208,111,179
1,<environment.Job instance at 0x14564c981dc0>,63,2,[6 2],97,179,181,82,179
1,<environment.Job instance at 0x14564c981fa0>,64,13,[6 1],98,208,221,110,192
1,<environment.Job instance at 0x14564c981410>,65,2,[1 9],99,208,210,109,192
1,<environment.Job instance at 0x14564c9818c0>,66,3,[6 2],100,194,197,94,192
1,<environment.Job instance at 0x14564c9816e0>,67,3,[5 2],102,194,197,92,192
1,<environment.Job instance at 0x14564c981d70>,68,2,[1 8],103,197,199,94,192
1,<environment.Job instance at 0x14564c981820>,69,17,[9 1],104,210,227,106,198
1,<environment.Job instance at 0x14564c9819b0>,70,2,[2 8],107,199,201,92,198
1,<environment.Job instance at 0x14564c981140>,71,14,[2 8],108,221,235,113,206
1,<environment.Job instance at 0x14564c9813c0>,72,1,[10  2],109,227,228,118,206
1,<environment.Job instance at 0x14564c9810a0>,73,17,[7 2],111,228,245,117,216
1,<environment.Job instance at 0x14564c981d20>,74,13,[8 1],114,235,248,121,219
1,<environment.Job instance at 0x14564c981af0>,75,2,[10  1],115,248,250,133,221
1,<environment.Job instance at 0x14565c9b5f50>,76,18,[8 1],117,250,268,133,239
1,<environment.Job instance at 0x14565c9b5640>,77,1,[6 2],118,245,246,127,239
1,<environment.Job instance at 0x14565c9b5b40>,78,1,[6 1],119,246,247,127,239
1,<environment.Job instance at 0x14565c9b5aa0>,79,1,[8 1],120,268,269,148,240
1,<environment.Job instance at 0x14565c9b5e10>,80,1,[5 1],123,247,248,124,240
1,<environment.Job instance at 0x14565c9b5410>,81,2,[1 9],124,245,247,121,240
1,<environment.Job instance at 0x14565c9b5c80>,82,3,[ 2 10],126,247,250,121,240
1,<environment.Job instance at 0x14564c936fa0>,83,2,[7 1],128,250,252,122,240
1,<environment.Job instance at 0x14564c936280>,84,2,[ 1 10],131,252,254,121,240
1,<environment.Job instance at 0x14564c936320>,85,1,[ 2 10],132,254,255,122,240
1,<environment.Job instance at 0x14564c936230>,86,3,[1 9],134,255,258,121,240
1,<environment.Job instance at 0x14564c9366e0>,87,17,[ 1 10],135,258,275,123,246
1,<environment.Job instance at 0x14564c936050>,88,13,[ 1 10],137,275,288,138,259
1,<environment.Job instance at 0x14564c6c2460>,5,2,[1 8],8,296,298,288,296
1,<environment.Job instance at 0x1456495c41e0>,9,3,[1 5],13,13,16,0,13
1,<environment.Job instance at 0x14564c56cf00>,10,14,[1 7],14,14,28,0,14
1,<environment.Job instance at 0x14564c56c690>,11,2,[1 8],16,16,18,0,16
1,<environment.Job instance at 0x14564c9535f0>,12,12,[5 2],17,18,30,1,17
1,<environment.Job instance at 0x1456495c4910>,13,1,[2 9],18,28,29,10,18
1,<environment.Job instance at 0x145649958af0>,14,1,[10  2],19,29,30,10,19
1,<environment.Job instance at 0x14565ed269b0>,15,2,[5 2],22,22,24,0,22
1,<environment.Job instance at 0x14565ed26050>,16,2,[10  1],23,30,32,7,23
1,<environment.Job instance at 0x145649af4a00>,17,17,[7 1],25,32,49,7,25
1,<environment.Job instance at 0x145649943c80>,18,1,[7 2],26,26,27,0,26
1,<environment.Job instance at 0x145649943870>,19,15,[7 1],27,32,47,5,27
1,<environment.Job instance at 0x145649c8f910>,20,13,[5 2],33,47,60,14,33
1,<environment.Job instance at 0x145649943e60>,21,3,[1 9],34,34,37,0,34
1,<environment.Job instance at 0x14565ca0f190>,22,1,[1 7],37,37,38,0,37
1,<environment.Job instance at 0x14565ed17eb0>,23,14,[7 1],39,49,63,10,39
1,<environment.Job instance at 0x145649943730>,24,3,[6 2],40,60,63,20,40
1,<environment.Job instance at 0x145649a75500>,25,17,[6 2],45,63,80,18,51
1,<environment.Job instance at 0x145649a750a0>,26,2,[8 1],46,63,65,17,51
1,<environment.Job instance at 0x145649a75b40>,27,3,[8 2],48,65,68,17,51
1,<environment.Job instance at 0x145649a750f0>,28,14,[10  2],49,80,94,31,65
1,<environment.Job instance at 0x145649a75a50>,29,2,[2 6],50,68,70,18,65
1,<environment.Job instance at 0x145649a75c80>,30,17,[1 9],51,70,87,19,65
1,<environment.Job instance at 0x145649a75e60>,31,3,[1 6],52,65,68,13,65
1,<environment.Job instance at 0x145649a75460>,32,1,[8 1],53,70,71,17,65
1,<environment.Job instance at 0x145649a755a0>,33,1,[6 1],54,68,69,14,65
1,<environment.Job instance at 0x145649a752d0>,34,1,[1 9],58,87,88,29,65
1,<environment.Job instance at 0x145649a75230>,35,3,[10  2],62,94,97,32,68
1,<environment.Job instance at 0x1456496652d0>,36,17,[6 1],63,97,114,34,85
1,<environment.Job instance at 0x145649665690>,37,1,[2 8],64,88,89,24,85
1,<environment.Job instance at 0x14565ecbb690>,38,2,[9 1],67,97,99,30,85
1,<environment.Job instance at 0x145649c58cd0>,39,18,[2 8],68,99,117,31,88
1,<environment.Job instance at 0x145649c588c0>,40,13,[7 2],71,99,112,28,88
1,<environment.Job instance at 0x145649c58780>,41,2,[6 2],72,112,114,40,88
1,<environment.Job instance at 0x14564dafd4b0>,42,3,[5 2],77,89,92,12,88
1,<environment.Job instance at 0x14564dafddc0>,43,3,[ 2 10],78,92,95,14,88
1,<environment.Job instance at 0x14564dafd550>,44,3,[1 5],80,114,117,34,88
1,<environment.Job instance at 0x14564dafd0a0>,45,1,[9 1],81,114,115,33,88
1,<environment.Job instance at 0x14564dafd6e0>,46,2,[1 7],83,95,97,12,88
1,<environment.Job instance at 0x14564dafd280>,47,2,[2 5],84,95,97,11,88
1,<environment.Job instance at 0x14569c0b5d20>,48,16,[5 2],85,115,131,30,102
1,<environment.Job instance at 0x14565c9f5d20>,49,13,[ 1 13],86,117,130,31,102
1,<environment.Job instance at 0x145649c55050>,50,2,[10  1],87,130,132,43,103
1,<environment.Job instance at 0x145649c551e0>,51,2,[8 1],88,132,134,44,105
1,<environment.Job instance at 0x1456540c8fa0>,52,3,[2 9],90,131,134,41,105
1,<environment.Job instance at 0x1456540c8550>,53,1,[1 9],91,134,135,43,106
1,<environment.Job instance at 0x1456540c83c0>,54,18,[8 2],92,134,152,42,123
1,<environment.Job instance at 0x1456540c8f00>,55,2,[5 1],93,132,134,39,123
1,<environment.Job instance at 0x1456540c8f50>,56,3,[2 5],94,135,138,41,123
1,<environment.Job instance at 0x1456540c8640>,57,1,[6 1],95,134,135,39,123
1,<environment.Job instance at 0x1456545864b0>,58,1,[5 2],97,135,136,38,123
1,<environment.Job instance at 0x145649562cd0>,59,1,[6 1],98,138,139,40,123
1,<environment.Job instance at 0x1456494f3c30>,60,3,[2 5],104,139,142,35,123
1,<environment.Job instance at 0x1456495620a0>,61,2,[2 5],106,136,138,30,123
1,<environment.Job instance at 0x145649835eb0>,62,1,[2 9],107,142,143,35,123
1,<environment.Job instance at 0x145649835d70>,63,18,[7 2],109,143,161,34,132
1,<environment.Job instance at 0x1456498359b0>,64,15,[1 5],110,152,167,42,138
1,<environment.Job instance at 0x1456498352d0>,65,2,[2 9],111,161,163,50,138
1,<environment.Job instance at 0x145649835dc0>,66,2,[6 2],112,152,154,40,138
1,<environment.Job instance at 0x1456498353c0>,67,3,[2 6],113,139,142,26,138
1,<environment.Job instance at 0x1456498350f0>,68,2,[1 6],114,152,154,38,138
1,<environment.Job instance at 0x1456498356e0>,69,1,[2 5],115,154,155,39,138
1,<environment.Job instance at 0x145649835a50>,70,1,[2 8],116,155,156,39,138
1,<environment.Job instance at 0x14564d8d8050>,71,2,[10  1],117,161,163,44,138
1,<environment.Job instance at 0x14564d8d8500>,72,2,[7 1],118,156,158,38,138
1,<environment.Job instance at 0x14564d8d8af0>,73,2,[7 2],119,158,160,39,138
1,<environment.Job instance at 0x14564d8d8c80>,74,1,[9 2],120,163,164,43,138
1,<environment.Job instance at 0x14564d8d8960>,75,2,[9 1],121,164,166,43,138
1,<environment.Job instance at 0x14564d8d85a0>,76,3,[9 1],123,166,169,43,140
1,<environment.Job instance at 0x14564dd7d280>,77,14,[8 2],125,169,183,44,154
1,<environment.Job instance at 0x14565c711f50>,78,3,[2 9],126,164,167,38,154
1,<environment.Job instance at 0x14564dd7d1e0>,79,2,[1 9],128,167,169,39,154
1,<environment.Job instance at 0x14565c711b40>,80,3,[ 2 12],130,169,172,39,154
1,<environment.Job instance at 0x14565c711e60>,81,3,[9 1],131,183,186,52,157
1,<environment.Job instance at 0x14565c711320>,82,3,[1 8],133,172,175,39,157
1,<environment.Job instance at 0x14565c711f00>,83,2,[5 1],137,167,169,30,157
1,<environment.Job instance at 0x14565c711910>,84,1,[2 5],138,160,161,22,157
1,<environment.Job instance at 0x145649bb9a50>,85,2,[1 8],139,175,177,36,157
1,<environment.Job instance at 0x14564b030e10>,6,3,[1 6],10,11,14,1,11
1,<environment.Job instance at 0x14564b0307d0>,7,1,[6 1],11,11,12,0,11
1,<environment.Job instance at 0x14564b030c30>,8,1,[1 5],12,13,14,1,13
1,<environment.Job instance at 0x14564c5736e0>,9,2,[1 7],13,14,16,1,14
1,<environment.Job instance at 0x14564b0306e0>,10,3,[1 7],14,14,17,0,14
1,<environment.Job instance at 0x14564b030230>,11,1,[1 8],15,16,17,1,15
1,<environment.Job instance at 0x14564d990500>,12,2,[2 5],16,17,19,1,16
1,<environment.Job instance at 0x145657654140>,13,3,[1 9],17,17,20,0,17
1,<environment.Job instance at 0x145657c9f640>,14,3,[8 1],18,18,21,0,18
1,<environment.Job instance at 0x14564d990780>,15,1,[2 9],19,20,21,1,19
1,<environment.Job instance at 0x145649ca3280>,16,3,[1 9],22,22,25,0,22
1,<environment.Job instance at 0x14565c7267d0>,17,1,[9 1],23,23,24,0,23
1,<environment.Job instance at 0x14565cb0cb40>,18,3,[1 7],24,25,28,1,24
1,<environment.Job instance at 0x14565c726780>,19,2,[1 8],25,25,27,0,25
1,<environment.Job instance at 0x1456499eba00>,20,16,[10  1],26,27,43,1,26
1,<environment.Job instance at 0x1456499eb7d0>,21,3,[5 1],28,28,31,0,28
1,<environment.Job instance at 0x14564b039d70>,22,3,[9 2],29,43,46,14,29
1,<environment.Job instance at 0x14564b039cd0>,23,14,[ 1 12],30,31,45,1,30
1,<environment.Job instance at 0x14564b039730>,24,2,[ 1 10],31,45,47,14,31
1,<environment.Job instance at 0x14565763f0f0>,25,1,[9 1],32,46,47,14,32
1,<environment.Job instance at 0x14564b039050>,26,2,[1 5],33,47,49,14,33
1,<environment.Job instance at 0x14564d9385f0>,27,1,[6 2],34,47,48,13,34
1,<environment.Job instance at 0x14564d938140>,28,3,[7 2],36,47,50,11,36
1,<environment.Job instance at 0x14564d938aa0>,29,13,[1 6],37,47,60,10,37
1,<environment.Job instance at 0x14564d9388c0>,30,19,[5 1],38,48,67,10,38
1,<environment.Job instance at 0x14564d938780>,31,1,[5 2],40,45,46,5,40
1,<environment.Job instance at 0x14564d9386e0>,32,3,[1 8],42,50,53,8,42
1,<environment.Job instance at 0x14564d938c80>,33,16,[ 1 10],43,60,76,17,47
1,<environment.Job instance at 0x14564d938410>,34,20,[10  2],44,67,87,23,58
1,<environment.Job instance at 0x14564d9389b0>,35,15,[2 8],45,76,91,31,62
1,<environment.Job instance at 0x14564db108c0>,36,1,[1 5],47,76,77,29,62
1,<environment.Job instance at 0x14564d938c30>,37,1,[7 2],48,62,63,14,62
1,<environment.Job instance at 0x14564d938910>,38,3,[ 2 10],50,91,94,41,65
1,<environment.Job instance at 0x145649cc3140>,39,1,[6 2],51,65,66,14,65
1,<environment.Job instance at 0x145649cc3a50>,40,3,[10  2],53,87,90,34,65
1,<environment.Job instance at 0x145649cc3dc0>,41,3,[2 7],55,94,97,39,68
1,<environment.Job instance at 0x145649cc3cd0>,42,15,[7 2],56,90,105,34,76
1,<environment.Job instance at 0x145649cc3f00>,43,13,[ 2 10],58,97,110,39,81
1,<environment.Job instance at 0x14564c5dd050>,44,1,[1 5],61,81,82,20,81
1,<environment.Job instance at 0x145649cb6690>,45,21,[6 2],62,90,111,28,82
1,<environment.Job instance at 0x145649cb6f00>,46,16,[6 1],64,105,121,41,92
1,<environment.Job instance at 0x14564d92ffa0>,47,1,[8 2],65,111,112,46,92
1,<environment.Job instance at 0x14564d92fe60>,48,2,[ 2 10],66,112,114,46,92
1,<environment.Job instance at 0x14564d92f2d0>,49,1,[1 6],67,110,111,43,92
1,<environment.Job instance at 0x14564d92fb90>,50,1,[ 1 10],72,111,112,39,92
1,<environment.Job instance at 0x14564d92f3c0>,51,14,[2 7],73,114,128,41,99
1,<environment.Job instance at 0x14564d92f050>,52,3,[7 1],74,112,115,38,99
1,<environment.Job instance at 0x1456541188c0>,53,1,[ 1 10],75,128,129,53,100
1,<environment.Job instance at 0x14564d92f0f0>,54,18,[6 1],76,115,133,39,104
1,<environment.Job instance at 0x14565e423780>,55,3,[2 9],77,129,132,52,104
1,<environment.Job instance at 0x14565e4230f0>,56,14,[ 1 10],78,132,146,54,117
1,<environment.Job instance at 0x1456492d5410>,57,18,[2 8],79,146,164,67,135
1,<environment.Job instance at 0x14565e423c80>,58,27,[7 1],81,135,162,54,135
1,<environment.Job instance at 0x14564b02cf00>,59,18,[8 1],82,162,180,80,151
1,<environment.Job instance at 0x14564b02cd70>,60,2,[6 2],83,151,153,68,151
1,<environment.Job instance at 0x14564b02ceb0>,61,16,[6 2],85,164,180,79,151
1,<environment.Job instance at 0x14564b02c870>,62,2,[2 6],86,153,155,67,151
1,<environment.Job instance at 0x14564b02c050>,63,2,[9 1],88,180,182,92,153
1,<environment.Job instance at 0x14565ca25410>,64,2,[8 1],90,182,184,92,155
1,<environment.Job instance at 0x14564dd8e5f0>,65,1,[ 1 10],93,164,165,71,155
1,<environment.Job instance at 0x14564c546690>,66,1,[8 1],94,184,185,90,156
1,<environment.Job instance at 0x14564b0228c0>,67,1,[8 1],95,185,186,90,157
1,<environment.Job instance at 0x14564a4f36e0>,68,3,[2 7],96,180,183,84,157
1,<environment.Job instance at 0x14564b022c30>,69,14,[1 9],98,165,179,67,157
1,<environment.Job instance at 0x14565407a050>,70,3,[1 6],102,157,160,55,157
1,<environment.Job instance at 0x14565407a500>,71,1,[2 7],103,180,181,77,157
1,<environment.Job instance at 0x14565407a5f0>,72,12,[5 2],104,182,194,78,165
1,<environment.Job instance at 0x14565407a7d0>,73,16,[2 6],105,183,199,78,170
1,<environment.Job instance at 0x14565407a870>,74,23,[1 9],106,194,217,88,188
1,<environment.Job instance at 0x14565407a460>,75,3,[1 8],108,217,220,109,191
1,<environment.Job instance at 0x14565407a5a0>,76,3,[2 9],112,220,223,108,194
1,<environment.Job instance at 0x14565407a820>,77,1,[8 2],114,199,200,85,194
1,<environment.Job instance at 0x14565407a960>,78,3,[7 1],116,200,203,84,194
1,<environment.Job instance at 0x14565407ac30>,79,3,[ 2 10],119,223,226,104,197
1,<environment.Job instance at 0x14565407aaf0>,80,3,[7 2],121,200,203,79,197
1,<environment.Job instance at 0x14565407ab90>,81,3,[9 2],123,203,206,80,197
1,<environment.Job instance at 0x14565407acd0>,82,3,[1 6],126,206,209,80,197
1,<environment.Job instance at 0x14565407aa00>,83,13,[1 5],127,209,222,82,197
1,<environment.Job instance at 0x14565407af50>,84,1,[2 7],128,226,227,98,198
1,<environment.Job instance at 0x14565407af00>,85,2,[2 5],129,222,224,93,198
1,<environment.Job instance at 0x14565407ac80>,86,3,[1 8],130,226,229,96,200
1,<environment.Job instance at 0x14565407aa50>,87,1,[10  2],131,217,218,86,200
1,<environment.Job instance at 0x14565407afa0>,88,18,[1 8],133,229,247,96,218
1,<environment.Job instance at 0x14565407b230>,89,17,[10  2],135,227,244,92,218
1,<environment.Job instance at 0x14565407b4b0>,90,3,[9 2],136,244,247,108,218
1,<environment.Job instance at 0x14565407b550>,91,12,[8 1],137,247,259,110,230
1,<environment.Job instance at 0x14565407b5f0>,92,2,[6 2],138,247,249,109,230
1,<environment.Job instance at 0x14564c555370>,15,1,[7 1],24,31,32,7,31
1,<environment.Job instance at 0x14564c72aaf0>,16,1,[1 5],25,31,32,6,31
1,<environment.Job instance at 0x14565ed32140>,17,15,[10  1],26,32,47,6,31
1,<environment.Job instance at 0x14564965f5a0>,18,17,[6 1],28,47,64,19,35
1,<environment.Job instance at 0x14564a4c5410>,19,21,[2 6],29,36,57,7,36
1,<environment.Job instance at 0x14564a4c5870>,20,15,[5 2],30,47,62,17,36
1,<environment.Job instance at 0x14564c7fe6e0>,21,13,[6 2],31,62,75,31,46
1,<environment.Job instance at 0x14565e3fbbe0>,22,2,[5 2],33,64,66,31,46
1,<environment.Job instance at 0x145657cffe60>,23,2,[6 2],34,66,68,32,46
1,<environment.Job instance at 0x14564c7fe9b0>,24,3,[2 5],35,46,49,11,46
1,<environment.Job instance at 0x145657d11960>,25,12,[5 2],36,68,80,32,51
1,<environment.Job instance at 0x145657d117d0>,26,14,[2 8],38,57,71,19,51
1,<environment.Job instance at 0x145649b4d5f0>,27,1,[6 2],40,75,76,35,51
1,<environment.Job instance at 0x145649b4d230>,28,16,[7 1],41,76,92,35,63
1,<environment.Job instance at 0x145649b4d500>,29,1,[1 7],42,71,72,29,63
1,<environment.Job instance at 0x145649b4dc80>,30,2,[1 8],43,72,74,29,63
1,<environment.Job instance at 0x145649b4daf0>,31,2,[ 1 10],46,74,76,28,63
1,<environment.Job instance at 0x14564dafff00>,32,15,[2 9],47,76,91,29,63
1,<environment.Job instance at 0x145649911b90>,33,15,[7 2],48,91,106,43,77
1,<environment.Job instance at 0x145649911e60>,34,13,[9 1],49,106,119,57,90
1,<environment.Job instance at 0x145649911a50>,35,2,[1 6],50,91,93,41,90
1,<environment.Job instance at 0x145657d09280>,36,24,[9 2],51,119,143,68,114
1,<environment.Job instance at 0x14564c788690>,37,2,[8 2],53,143,145,90,116
1,<environment.Job instance at 0x14565ca09f50>,38,14,[2 8],54,116,130,62,116
1,<environment.Job instance at 0x14564c788f00>,39,2,[6 2],55,130,132,75,116
1,<environment.Job instance at 0x14565ca09960>,40,16,[5 1],58,132,148,74,119
1,<environment.Job instance at 0x14565ca09230>,41,14,[9 1],59,145,159,86,130
1,<environment.Job instance at 0x14565ca09c30>,42,1,[1 9],60,132,133,72,130
1,<environment.Job instance at 0x14565ca09aa0>,43,1,[10  2],61,159,160,98,131
1,<environment.Job instance at 0x14565f1300a0>,44,3,[1 7],64,133,136,69,131
1,<environment.Job instance at 0x14565f130eb0>,45,1,[6 2],65,148,149,83,131
1,<environment.Job instance at 0x14564a573230>,46,15,[7 2],66,160,175,94,146
1,<environment.Job instance at 0x14565f130190>,47,2,[7 2],67,160,162,93,146
1,<environment.Job instance at 0x1456540e1870>,48,13,[6 1],68,162,175,94,146
1,<environment.Job instance at 0x14565f130af0>,49,2,[1 5],69,146,148,77,146
1,<environment.Job instance at 0x1456540e10a0>,50,2,[6 1],70,149,151,79,146
1,<environment.Job instance at 0x14564966f370>,51,15,[2 8],72,162,177,90,148
1,<environment.Job instance at 0x14564966fa50>,52,17,[8 1],73,175,192,102,163
1,<environment.Job instance at 0x14564966ff00>,53,1,[ 2 10],75,177,178,102,163
1,<environment.Job instance at 0x14564966feb0>,54,2,[2 8],78,178,180,100,163
1,<environment.Job instance at 0x14564966fdc0>,55,16,[8 1],80,192,208,112,179
1,<environment.Job instance at 0x14564966f6e0>,56,2,[6 2],81,180,182,99,179
1,<environment.Job instance at 0x14564966f320>,57,1,[2 5],82,179,180,97,179
1,<environment.Job instance at 0x1456498e36e0>,58,3,[2 8],86,182,185,96,179
1,<environment.Job instance at 0x1456498e3e10>,59,2,[1 9],87,180,182,93,179
1,<environment.Job instance at 0x1456498e3500>,60,3,[2 6],88,182,185,94,179
1,<environment.Job instance at 0x1456498e3a50>,61,2,[5 2],89,185,187,96,179
1,<environment.Job instance at 0x14565c9d06e0>,62,2,[ 2 10],92,185,187,93,179
1,<environment.Job instance at 0x14565c9d0dc0>,63,3,[2 8],93,187,190,94,179
1,<environment.Job instance at 0x14565c9d0d20>,64,1,[2 5],94,187,188,93,179
1,<environment.Job instance at 0x14565c9d0230>,65,2,[5 1],95,188,190,93,179
1,<environment.Job instance at 0x14565c9d0c30>,66,17,[6 2],96,190,207,94,179
1,<environment.Job instance at 0x14565c9d0730>,67,1,[9 1],97,208,209,111,180
1,<environment.Job instance at 0x14565c9d04b0>,68,12,[1 7],99,190,202,91,180
1,<environment.Job instance at 0x14565cad5140>,69,1,[7 1],100,207,208,107,180
1,<environment.Job instance at 0x14565e652690>,70,2,[2 7],101,208,210,107,181
1,<environment.Job instance at 0x14565cad57d0>,71,23,[2 9],102,210,233,108,204
1,<environment.Job instance at 0x14564957ab90>,72,15,[5 2],103,209,224,106,204
1,<environment.Job instance at 0x14564d8b85f0>,73,2,[7 1],104,209,211,105,204
1,<environment.Job instance at 0x14565cad5690>,74,1,[1 6],106,204,205,98,204
1,<environment.Job instance at 0x145657d322d0>,75,2,[6 2],107,211,213,104,204
1,<environment.Job instance at 0x145657d32f50>,76,2,[10  2],109,224,226,115,204
1,<environment.Job instance at 0x145649a7e550>,77,2,[2 7],113,233,235,120,206
1,<environment.Job instance at 0x145654586960>,78,3,[8 1],114,213,216,99,206
1,<environment.Job instance at 0x14565c702d20>,79,1,[8 2],116,216,217,100,206
1,<environment.Job instance at 0x14564c8e2dc0>,80,3,[8 2],118,217,220,99,206
1,<environment.Job instance at 0x1456540fdf50>,81,2,[8 1],120,220,222,100,206
1,<environment.Job instance at 0x1456540fdcd0>,82,3,[2 7],121,233,236,112,207
1,<environment.Job instance at 0x1456493d9e10>,83,1,[1 6],122,208,209,86,207
1,<environment.Job instance at 0x145657dcbf00>,84,1,[8 1],126,222,223,96,207
1,<environment.Job instance at 0x145657dcb9b0>,85,1,[10  1],127,226,227,99,207
1,<environment.Job instance at 0x145657dcb960>,86,15,[2 8],128,235,250,107,221
1,<environment.Job instance at 0x14564c8de140>,87,2,[9 1],129,227,229,98,221
1,<environment.Job instance at 0x14564c8de050>,88,12,[8 1],130,236,248,106,221
1,<environment.Job instance at 0x1456492d2460>,89,12,[7 1],131,248,260,117,231
1,<environment.Job instance at 0x1456492d2be0>,90,3,[10  1],132,231,234,99,231
1,<environment.Job instance at 0x14565ec8f960>,91,3,[7 1],133,250,253,117,231
1,<environment.Job instance at 0x1456492d2e10>,92,2,[2 8],135,253,255,118,231
1,<environment.Job instance at 0x14565408dc30>,93,16,[1 9],136,255,271,119,242
1,<environment.Job instance at 0x14565408d460>,94,3,[13  1],137,260,263,123,242
1,<environment.Job instance at 0x14565c723eb0>,95,3,[2 9],138,271,274,133,245
1,<environment.Job instance at 0x14565408dd20>,96,1,[2 9],139,274,275,135,246
1,<environment.Job instance at 0x145649beb190>,16,18,[2 7],29,29,47,0,29
1,<environment.Job instance at 0x1456493228c0>,17,14,[13  1],33,33,47,0,33
1,<environment.Job instance at 0x145649322140>,18,3,[6 2],35,47,50,12,35
1,<environment.Job instance at 0x145649322c30>,19,1,[1 8],36,47,48,11,36
1,<environment.Job instance at 0x145649c5e140>,20,2,[5 2],37,47,49,10,37
1,<environment.Job instance at 0x145649c5e730>,21,19,[8 1],38,49,68,11,39
1,<environment.Job instance at 0x145649322eb0>,22,1,[8 2],39,68,69,29,40
1,<environment.Job instance at 0x1456a06ecc30>,23,1,[1 6],40,48,49,8,40
1,<environment.Job instance at 0x145649c5eb90>,24,2,[1 8],41,49,51,8,41
1,<environment.Job instance at 0x1456496cd1e0>,25,16,[9 2],42,69,85,27,56
1,<environment.Job instance at 0x1456496cdbe0>,26,15,[ 1 10],43,56,71,13,56
1,<environment.Job instance at 0x1456496cd230>,27,1,[5 1],44,56,57,12,56
1,<environment.Job instance at 0x1456496cd280>,28,2,[2 7],45,71,73,26,56
1,<environment.Job instance at 0x14564d9c7500>,29,2,[9 1],46,85,87,39,58
1,<environment.Job instance at 0x14564d9c7370>,30,1,[1 8],47,73,74,26,58
1,<environment.Job instance at 0x14564d9c7f00>,31,2,[10  2],48,87,89,39,60
1,<environment.Job instance at 0x14564d9c7d70>,32,1,[9 2],49,89,90,40,61
1,<environment.Job instance at 0x14564d9c7140>,33,14,[2 7],50,74,88,24,61
1,<environment.Job instance at 0x14564d9c7550>,34,1,[10  1],52,90,91,38,62
1,<environment.Job instance at 0x14564d9c76e0>,35,23,[5 2],54,88,111,34,82
1,<environment.Job instance at 0x14564d9c7460>,36,2,[2 9],56,91,93,35,82
1,<environment.Job instance at 0x14565ed6faf0>,37,3,[9 1],57,93,96,36,82
1,<environment.Job instance at 0x14565ed6fdc0>,38,17,[2 6],58,96,113,38,84
1,<environment.Job instance at 0x1456498d1af0>,39,1,[1 6],59,84,85,25,84
1,<environment.Job instance at 0x1456498d1aa0>,40,17,[1 9],61,111,128,50,99
1,<environment.Job instance at 0x1456498d1140>,41,3,[ 2 12],62,128,131,66,102
1,<environment.Job instance at 0x145649856280>,42,12,[11  1],63,113,125,50,102
1,<environment.Job instance at 0x145649856fa0>,43,18,[2 9],64,131,149,67,120
1,<environment.Job instance at 0x145649856e60>,44,2,[2 8],65,149,151,84,122
1,<environment.Job instance at 0x1456498563c0>,46,16,[5 1],68,125,141,57,122
1,<environment.Job instance at 0x145649856640>,47,28,[5 2],69,125,153,56,124
1,<environment.Job instance at 0x145649856320>,48,3,[7 2],71,141,144,70,124
1,<environment.Job instance at 0x145649856b40>,49,2,[2 7],72,151,153,79,124
1,<environment.Job instance at 0x1456498569b0>,50,3,[2 9],74,153,156,79,127
1,<environment.Job instance at 0x1456540cc1e0>,51,1,[10  2],75,153,154,78,127
1,<environment.Job instance at 0x14565cb1c1e0>,52,2,[ 1 10],78,156,158,78,129
1,<environment.Job instance at 0x14565ecc5140>,53,1,[9 2],79,154,155,75,129
1,<environment.Job instance at 0x14564a510b40>,54,17,[2 5],83,155,172,72,143
1,<environment.Job instance at 0x14565cb1c820>,55,18,[ 2 10],84,158,176,74,147
1,<environment.Job instance at 0x1456496185f0>,56,1,[ 1 10],86,176,177,90,148
1,<environment.Job instance at 0x145649ac2320>,57,1,[2 6],87,151,152,64,148
1,<environment.Job instance at 0x145649618820>,58,1,[2 6],88,152,153,64,148
1,<environment.Job instance at 0x14564da468c0>,59,16,[10  2],90,172,188,82,159
1,<environment.Job instance at 0x14564da46dc0>,60,12,[1 9],91,177,189,86,160
1,<environment.Job instance at 0x14564da462d0>,61,1,[7 2],92,188,189,96,160
1,<environment.Job instance at 0x145649be69b0>,62,12,[1 5],93,189,201,96,172
1,<environment.Job instance at 0x14564da46280>,63,2,[1 9],94,189,191,95,172
1,<environment.Job instance at 0x14564da46410>,64,1,[5 1],95,188,189,93,172
1,<environment.Job instance at 0x14564da46b90>,65,3,[6 2],97,191,194,94,172
1,<environment.Job instance at 0x1456540f7320>,66,2,[2 7],98,191,193,93,172
1,<environment.Job instance at 0x145657cf6dc0>,67,16,[10  1],100,194,210,94,181
1,<environment.Job instance at 0x145649b00cd0>,68,3,[2 8],101,193,196,92,181
1,<environment.Job instance at 0x14565ec94320>,69,26,[2 6],102,196,222,94,193
1,<environment.Job instance at 0x14565ec94820>,71,15,[8 2],104,210,225,106,203
1,<environment.Job instance at 0x145649200870>,80,3,[8 2],115,225,228,110,203
1,<environment.Job instance at 0x145649200b90>,81,3,[1 7],116,204,207,88,204
1,<environment.Job instance at 0x145657dac960>,82,2,[9 2],117,228,230,111,206
1,<environment.Job instance at 0x14564b01f050>,85,27,[2 7],120,207,234,87,206
1,<environment.Job instance at 0x14564b01f640>,86,1,[1 9],121,234,235,113,209
1,<environment.Job instance at 0x14565e66aaa0>,88,3,[5 1],123,222,225,99,209
1,<environment.Job instance at 0x14565ec7faf0>,89,15,[7 2],124,230,245,106,216
1,<environment.Job instance at 0x14565ec7f0f0>,90,2,[1 6],127,225,227,98,216
1,<environment.Job instance at 0x145655fd8870>,91,16,[2 7],130,235,251,105,222
1,<environment.Job instance at 0x145655fd8e60>,92,3,[ 2 13],134,251,254,117,225
1,<environment.Job instance at 0x145655fd8d20>,93,2,[2 8],135,245,247,110,225
1,<environment.Job instance at 0x145655fd8410>,94,3,[10  1],136,247,250,111,225
1,<environment.Job instance at 0x145655fd86e0>,95,21,[1 5],139,254,275,115,246
1,<environment.Job instance at 0x145657cfdaf0>,14,1,[9 2],27,488,489,461,488
1,<environment.Job instance at 0x14564d9700f0>,37,2,[ 1 12],47,50,52,3,50
1,<environment.Job instance at 0x1456540aafa0>,39,1,[10  2],49,50,51,1,50
1,<environment.Job instance at 0x145649825b40>,40,18,[1 6],54,54,72,0,54
1,<environment.Job instance at 0x14565c0d3f50>,41,3,[10  2],55,55,58,0,55
1,<environment.Job instance at 0x14564963f050>,42,13,[9 1],56,58,71,2,56
1,<environment.Job instance at 0x14564c90daa0>,43,1,[ 1 10],57,72,73,15,57
1,<environment.Job instance at 0x14564baada00>,44,1,[10  2],58,71,72,13,58
1,<environment.Job instance at 0x145649be6500>,45,16,[5 1],59,72,88,13,59
1,<environment.Job instance at 0x14564c909780>,46,3,[6 1],60,72,75,12,60
1,<environment.Job instance at 0x14565ca2ed20>,47,13,[2 5],62,73,86,11,62
1,<environment.Job instance at 0x14564c909460>,48,2,[2 8],63,63,65,0,63
1,<environment.Job instance at 0x145657cf60a0>,51,3,[9 2],68,86,89,18,68
1,<environment.Job instance at 0x1456540b5410>,52,13,[2 5],72,73,86,1,72
1,<environment.Job instance at 0x1456540b5190>,53,12,[2 7],73,88,100,15,73
1,<environment.Job instance at 0x14564d9e6b40>,55,14,[7 1],75,89,103,14,75
1,<environment.Job instance at 0x14564d9e60a0>,56,3,[2 6],76,88,91,12,76
1,<environment.Job instance at 0x14564d9e6230>,57,3,[8 1],77,100,103,23,77
1,<environment.Job instance at 0x14564d9e6e60>,58,1,[6 1],78,78,79,0,78
1,<environment.Job instance at 0x14564d9e6be0>,59,3,[6 1],79,79,82,0,79
1,<environment.Job instance at 0x14564d9e6dc0>,60,3,[9 1],80,103,106,23,80
1,<environment.Job instance at 0x14564d9e6280>,61,3,[2 9],81,103,106,22,81
1,<environment.Job instance at 0x14564a443140>,62,14,[2 5],82,103,117,21,88
1,<environment.Job instance at 0x14564a443320>,63,1,[10  2],85,106,107,21,88
1,<environment.Job instance at 0x14564a4436e0>,64,1,[5 1],86,91,92,5,88
1,<environment.Job instance at 0x14564a443c80>,65,3,[1 8],87,106,109,19,88
1,<environment.Job instance at 0x145649c1e460>,66,2,[5 1],88,92,94,4,88
1,<environment.Job instance at 0x14564c99c4b0>,67,15,[9 2],90,107,122,17,93
1,<environment.Job instance at 0x14564c99cc80>,68,2,[2 8],92,109,111,17,93
1,<environment.Job instance at 0x14564c62d7d0>,69,1,[ 1 10],93,117,118,24,93
1,<environment.Job instance at 0x14564d9bb3c0>,70,16,[8 1],95,122,138,27,109
1,<environment.Job instance at 0x14564d9bbb40>,71,3,[8 2],96,138,141,42,112
1,<environment.Job instance at 0x14564d9bb280>,72,1,[2 8],97,112,113,15,112
1,<environment.Job instance at 0x14564d9bba50>,73,1,[5 1],98,117,118,19,112
1,<environment.Job instance at 0x14564d9bb780>,74,3,[5 1],99,118,121,19,112
1,<environment.Job instance at 0x14564d9bb4b0>,75,18,[5 2],100,121,139,21,112
1,<environment.Job instance at 0x14564d9bb2d0>,76,2,[6 2],105,139,141,34,112
1,<environment.Job instance at 0x14564d9bb910>,77,12,[2 8],106,122,134,16,112
1,<environment.Job instance at 0x145649716140>,78,13,[9 2],108,141,154,33,125
1,<environment.Job instance at 0x14565e631e60>,79,18,[ 1 10],110,134,152,24,125
1,<environment.Job instance at 0x1456496efd20>,80,18,[2 6],111,152,170,41,141
1,<environment.Job instance at 0x1456499f5050>,81,15,[5 2],112,154,169,42,141
1,<environment.Job instance at 0x1456493ad500>,82,13,[1 6],113,152,165,39,141
1,<environment.Job instance at 0x1456493adbe0>,83,2,[8 1],114,165,167,51,141
1,<environment.Job instance at 0x14564c9533c0>,84,1,[10  1],115,169,170,54,141
1,<environment.Job instance at 0x14564c956c30>,85,2,[5 1],116,141,143,25,141
1,<environment.Job instance at 0x14564d8b8e60>,86,1,[1 6],117,167,168,50,141
1,<environment.Job instance at 0x145657de4b40>,87,12,[5 2],118,170,182,52,153
1,<environment.Job instance at 0x14564c953dc0>,88,3,[9 2],120,170,173,50,153
1,<environment.Job instance at 0x14565e413870>,89,13,[ 1 14],122,182,195,60,166
1,<environment.Job instance at 0x14565e4137d0>,90,1,[10  1],125,173,174,48,166
1,<environment.Job instance at 0x145649b97f50>,91,14,[6 1],126,174,188,48,166
1,<environment.Job instance at 0x145654141960>,92,12,[2 8],127,195,207,68,178
1,<environment.Job instance at 0x14564c529230>,93,2,[2 6],129,178,180,49,178
1,<environment.Job instance at 0x14564925c500>,94,3,[1 6],130,178,181,48,178
1,<environment.Job instance at 0x1456495b0d20>,95,3,[1 9],131,207,210,76,181
1,<environment.Job instance at 0x14564925c730>,96,2,[7 2],132,195,197,63,181
1,<environment.Job instance at 0x14564925c0a0>,97,2,[9 1],134,188,190,54,181
1,<environment.Job instance at 0x145649949460>,98,2,[2 6],138,197,199,59,181
1,<environment.Job instance at 0x1456497ff640>,31,1,[1 7],40,212,213,172,212
1,<environment.Job instance at 0x15516d1360f0>,22,1,[2 7],30,30,31,0,30
1,<environment.Job instance at 0x15516d136820>,23,2,[8 1],31,31,33,0,31
1,<environment.Job instance at 0x15516d136960>,24,12,[ 1 10],32,32,44,0,32
1,<environment.Job instance at 0x15516d136410>,25,2,[2 8],34,44,46,10,34
1,<environment.Job instance at 0x15516d1e0280>,26,1,[2 7],35,44,45,9,35
1,<environment.Job instance at 0x15516d136500>,27,2,[2 7],36,45,47,9,37
1,<environment.Job instance at 0x15516d1367d0>,28,2,[2 7],37,46,48,9,37
1,<environment.Job instance at 0x15516d18ff00>,29,16,[10  2],39,47,63,8,39
1,<environment.Job instance at 0x15516d18f140>,30,15,[2 9],40,48,63,8,40
1,<environment.Job instance at 0x15516d197d20>,31,3,[9 2],41,41,44,0,41
1,<environment.Job instance at 0x15516d1245f0>,32,3,[2 9],42,63,66,21,42
1,<environment.Job instance at 0x15516d1242d0>,33,1,[2 7],43,66,67,23,43
1,<environment.Job instance at 0x15516d124fa0>,34,15,[11  1],44,63,78,19,49
1,<environment.Job instance at 0x15516d1248c0>,35,2,[1 8],45,67,69,22,49
1,<environment.Job instance at 0x15516d126aa0>,36,3,[10  2],48,78,81,30,52
1,<environment.Job instance at 0x15516d173640>,37,2,[ 1 10],50,69,71,19,52
1,<environment.Job instance at 0x15516d1bd780>,38,1,[8 1],51,81,82,30,53
1,<environment.Job instance at 0x15516d1736e0>,39,3,[1 5],52,63,66,11,53
1,<environment.Job instance at 0x15516d174e10>,40,3,[1 6],53,66,69,13,53
1,<environment.Job instance at 0x15516d12a550>,41,25,[12  2],54,82,107,28,78
1,<environment.Job instance at 0x15516d12a2d0>,42,1,[10  1],56,107,108,51,79
1,<environment.Job instance at 0x15516d12ad70>,43,3,[7 2],57,108,111,51,82
1,<environment.Job instance at 0x15516d12ab40>,44,3,[1 8],58,82,85,24,82
1,<environment.Job instance at 0x15516d12a190>,45,3,[2 8],60,85,88,25,82
1,<environment.Job instance at 0x15516d12aeb0>,46,2,[2 8],61,88,90,27,82
1,<environment.Job instance at 0x15516d12a820>,47,1,[1 6],63,90,91,27,82
1,<environment.Job instance at 0x15516d12a690>,48,1,[2 9],65,91,92,26,82
1,<environment.Job instance at 0x15516d12aaf0>,49,16,[8 2],66,108,124,42,95
1,<environment.Job instance at 0x15516d12a640>,50,12,[9 1],68,124,136,56,107
1,<environment.Job instance at 0x15516d2561e0>,17,17,[6 1],23,111,128,88,107
1,<environment.Job instance at 0x15516d141c30>,51,2,[8 2],69,136,138,67,109
1,<environment.Job instance at 0x15516d1410f0>,53,3,[6 1],73,128,131,55,109
1,<environment.Job instance at 0x15516d1418c0>,54,2,[2 5],75,131,133,56,109
1,<environment.Job instance at 0x15516d13efa0>,55,16,[2 5],76,131,147,55,118
1,<environment.Job instance at 0x15516d13e370>,56,1,[10  2],79,138,139,59,118
1,<environment.Job instance at 0x15516d13ed20>,57,22,[1 5],80,133,155,53,126
1,<environment.Job instance at 0x15516d13ea00>,58,15,[2 9],82,147,162,65,133
1,<environment.Job instance at 0x15516d14a820>,59,1,[1 9],85,162,163,77,134
1,<environment.Job instance at 0x15516d14a050>,60,17,[8 1],86,139,156,53,134
1,<environment.Job instance at 0x15516d14a7d0>,61,3,[1 5],87,155,158,68,134
1,<environment.Job instance at 0x15516d14eb90>,62,3,[9 2],88,158,161,70,134
1,<environment.Job instance at 0x15516d14e5a0>,63,3,[10  1],89,161,164,72,135
1,<environment.Job instance at 0x15516d14e550>,64,12,[9 1],91,164,176,73,147
1,<environment.Job instance at 0x15516d14edc0>,65,3,[2 9],92,163,166,71,147
1,<environment.Job instance at 0x15516d14e320>,66,3,[1 9],93,166,169,73,147
1,<environment.Job instance at 0x15516cc77c30>,67,1,[13  1],94,176,177,82,148
1,<environment.Job instance at 0x15516cc87c30>,68,3,[1 9],95,169,172,74,148
1,<environment.Job instance at 0x15516cc871e0>,69,1,[2 5],96,161,162,65,148
1,<environment.Job instance at 0x15516d125e10>,70,2,[ 2 10],97,172,174,75,148
1,<environment.Job instance at 0x15516cc8b280>,71,3,[2 9],99,174,177,75,148
1,<environment.Job instance at 0x15516cc8b4b0>,72,13,[7 2],102,177,190,75,161
1,<environment.Job instance at 0x15516cc8bf50>,73,2,[6 2],103,177,179,74,161
1,<environment.Job instance at 0x15516cc8b6e0>,74,3,[6 2],106,179,182,73,161
1,<environment.Job instance at 0x15516cc8b0f0>,75,1,[1 6],107,177,178,70,161
1,<environment.Job instance at 0x15516cc8e960>,76,2,[2 5],108,162,164,54,161
1,<environment.Job instance at 0x15516cc8e190>,77,2,[ 1 10],109,178,180,69,161
1,<environment.Job instance at 0x15516cc8ee10>,78,3,[2 9],110,180,183,70,161
1,<environment.Job instance at 0x15516d147e10>,79,3,[7 2],111,183,186,72,161
1,<environment.Job instance at 0x15516d147c80>,80,14,[7 1],112,186,200,74,171
1,<environment.Job instance at 0x15516d1470f0>,81,3,[ 2 10],114,190,193,76,171
1,<environment.Job instance at 0x15516d147f00>,82,12,[2 8],115,193,205,78,176
1,<environment.Job instance at 0x15516d147be0>,83,1,[10  1],117,200,201,83,176
1,<environment.Job instance at 0x15516d147fa0>,84,2,[ 1 10],118,183,185,65,176
1,<environment.Job instance at 0x15516cc8f820>,85,1,[7 2],120,201,202,81,176
1,<environment.Job instance at 0x15516cc8fe10>,86,2,[1 8],121,185,187,64,176
1,<environment.Job instance at 0x15516cc8fb90>,87,2,[2 6],122,193,195,71,176
1,<environment.Job instance at 0x15516ca16c80>,88,1,[1 5],123,177,178,54,176
1,<environment.Job instance at 0x15516ca16af0>,89,2,[1 9],126,187,189,61,176
1,<environment.Job instance at 0x15516ca16cd0>,90,1,[2 7],127,202,203,75,176
1,<environment.Job instance at 0x15516ca167d0>,91,1,[2 5],128,195,196,67,176
1,<environment.Job instance at 0x15516ca16640>,92,15,[7 1],129,203,218,74,189
1,<environment.Job instance at 0x15516ca163c0>,93,2,[14  1],130,218,220,88,191
1,<environment.Job instance at 0x15516ca16190>,94,1,[5 1],131,191,192,60,191
1,<environment.Job instance at 0x15516cc826e0>,95,3,[2 8],132,205,208,73,191
1,<environment.Job instance at 0x15516ca155a0>,96,12,[9 2],134,220,232,86,203
1,<environment.Job instance at 0x15516ca157d0>,97,15,[10  2],135,232,247,97,218
1,<environment.Job instance at 0x15516ca153c0>,98,13,[ 1 10],136,218,231,82,218
1,<environment.Job instance at 0x15516ca15be0>,99,16,[8 1],137,247,263,110,234
1,<environment.Job instance at 0x15516ca15a50>,100,17,[1 9],139,234,251,95,234
1,<environment.Job instance at 0x15516ca150a0>,101,13,[2 9],140,251,264,111,235
1,<environment.Job instance at 0x15516ca15aa0>,102,1,[2 8],141,264,265,123,236
1,<environment.Job instance at 0x15516ca15fa0>,103,1,[ 2 10],142,265,266,123,237
1,<environment.Job instance at 0x15516ca155f0>,104,1,[ 2 14],143,266,267,123,238
1,<environment.Job instance at 0x15516ca15820>,105,1,[8 2],144,263,264,119,238
1,<environment.Job instance at 0x15516ca15190>,106,15,[5 1],145,247,262,102,238
1,<environment.Job instance at 0x15516cc7c460>,107,18,[1 8],146,267,285,121,256
1,<environment.Job instance at 0x15516d141140>,52,2,[1 7],72,283,285,211,283
1,<environment.Job instance at 0x15516d24c780>,20,2,[ 1 13],27,285,287,258,284
1,<environment.Job instance at 0x15516ca41be0>,4,3,[5 2],6,16,19,10,16
1,<environment.Job instance at 0x15516f223230>,5,15,[9 2],7,16,31,9,16
1,<environment.Job instance at 0x15516f223140>,6,18,[2 6],8,19,37,11,16
1,<environment.Job instance at 0x15516f224fa0>,7,1,[1 6],9,17,18,8,17
1,<environment.Job instance at 0x15516f224af0>,8,1,[1 7],10,18,19,8,17
1,<environment.Job instance at 0x15516f2241e0>,9,3,[9 1],13,31,34,18,17
1,<environment.Job instance at 0x15516f224500>,10,3,[12  1],14,34,37,20,17
1,<environment.Job instance at 0x15516f224c80>,11,1,[1 8],16,31,32,15,17
1,<environment.Job instance at 0x15516d136e10>,12,15,[1 6],17,32,47,15,18
1,<environment.Job instance at 0x15516f224eb0>,13,3,[7 2],18,37,40,19,18
1,<environment.Job instance at 0x15516d157eb0>,14,2,[1 8],19,40,42,21,19
1,<environment.Job instance at 0x15516f224d70>,15,3,[1 7],21,21,24,0,21
1,<environment.Job instance at 0x15516f224690>,16,13,[ 1 14],22,47,60,25,31
1,<environment.Job instance at 0x15516f224780>,17,27,[1 8],23,71,98,48,71
1,<environment.Job instance at 0x15516f2245f0>,18,3,[1 9],24,98,101,74,80
1,<environment.Job instance at 0x15516f2165a0>,19,2,[7 2],25,82,84,57,82
1,<environment.Job instance at 0x15516f216870>,20,12,[6 1],26,82,94,56,82
1,<environment.Job instance at 0x15516f2168c0>,21,28,[2 8],29,102,130,73,102
1,<environment.Job instance at 0x15516f216b90>,22,3,[5 1],33,116,119,83,116
1,<environment.Job instance at 0x15516f2167d0>,23,15,[1 7],35,119,134,84,116
1,<environment.Job instance at 0x15516f216230>,24,3,[ 2 10],36,134,137,98,116
1,<environment.Job instance at 0x15516f216cd0>,25,2,[1 9],38,137,139,99,116
1,<environment.Job instance at 0x15516f2160a0>,26,2,[ 2 10],41,139,141,98,116
1,<environment.Job instance at 0x15516f216690>,27,3,[5 2],42,130,133,88,121
1,<environment.Job instance at 0x15516f216a50>,28,15,[2 7],43,141,156,98,127
1,<environment.Job instance at 0x15516f216e60>,29,2,[ 2 10],44,156,158,112,137
1,<environment.Job instance at 0x15516f216b40>,30,2,[2 9],45,158,160,113,138
1,<environment.Job instance at 0x15516f216a00>,31,17,[ 2 10],46,160,177,114,148
1,<environment.Job instance at 0x15516f216d20>,32,19,[ 1 10],48,177,196,129,167
1,<environment.Job instance at 0x15516f1b1b90>,33,2,[9 1],49,172,174,123,172
1,<environment.Job instance at 0x15516f1b15f0>,34,3,[5 2],50,174,177,124,172
1,<environment.Job instance at 0x15516f1b1d20>,35,2,[ 1 10],51,196,198,145,172
1,<environment.Job instance at 0x15516f1b1cd0>,36,13,[ 2 10],52,198,211,146,182
1,<environment.Job instance at 0x15516f1b1c30>,37,1,[1 7],53,211,212,158,191
1,<environment.Job instance at 0x15516f1b1aa0>,38,1,[2 9],54,212,213,158,194
1,<environment.Job instance at 0x15516f1b16e0>,39,15,[1 7],55,213,228,158,199
1,<environment.Job instance at 0x15516f1b1fa0>,40,3,[ 2 10],57,228,231,171,206
1,<environment.Job instance at 0x15516f1b14b0>,41,14,[10  1],59,206,220,147,206
1,<environment.Job instance at 0x15516f1b1370>,42,12,[7 1],60,220,232,160,206
1,<environment.Job instance at 0x15516f1b1dc0>,43,2,[8 2],61,231,233,170,206
1,<environment.Job instance at 0x15516f1b1b40>,44,3,[8 1],62,233,236,171,207
1,<environment.Job instance at 0x15516f1b1140>,45,2,[2 5],63,211,213,148,207
1,<environment.Job instance at 0x15516f1b1870>,46,3,[6 1],64,220,223,156,207
1,<environment.Job instance at 0x15516f1b1be0>,47,2,[10  1],65,236,238,171,209
1,<environment.Job instance at 0x15516f1ab2d0>,48,3,[ 2 10],67,232,235,165,209
1,<environment.Job instance at 0x15516f1abf50>,49,18,[8 1],68,238,256,170,227
1,<environment.Job instance at 0x15516f1abcd0>,50,16,[1 6],69,235,251,166,227
1,<environment.Job instance at 0x15516f1ab6e0>,51,17,[1 6],71,235,252,164,227
1,<environment.Job instance at 0x15516f1ab910>,52,17,[7 1],72,252,269,180,240
1,<environment.Job instance at 0x15516f1abaf0>,53,1,[2 6],73,251,252,178,240
1,<environment.Job instance at 0x15516f1ab7d0>,54,16,[9 1],76,269,285,193,256
1,<environment.Job instance at 0x15516f1ab190>,55,15,[9 2],80,285,300,205,271
1,<environment.Job instance at 0x15516f1abeb0>,56,1,[9 1],81,300,301,219,272
1,<environment.Job instance at 0x15516f1ab1e0>,57,12,[1 5],82,272,284,190,272
1,<environment.Job instance at 0x15516f1abd70>,58,2,[6 2],83,284,286,201,272
1,<environment.Job instance at 0x15516f1ab4b0>,59,1,[9 1],85,301,302,216,273
1,<environment.Job instance at 0x15516f1ab0f0>,60,2,[8 1],86,302,304,216,275
1,<environment.Job instance at 0x15516f1abdc0>,61,1,[ 1 10],87,286,287,199,275
1,<environment.Job instance at 0x15516f1ab8c0>,62,2,[1 5],89,275,277,186,275
1,<environment.Job instance at 0x15516f1aba00>,63,3,[1 5],90,277,280,187,275
1,<environment.Job instance at 0x15516f1abbe0>,64,2,[10  2],91,304,306,213,277
1,<environment.Job instance at 0x15516f1ab5a0>,65,3,[2 8],95,280,283,185,277
1,<environment.Job instance at 0x15516f2c8dc0>,66,1,[2 6],96,283,284,187,277
1,<environment.Job instance at 0x15516f2c8eb0>,67,2,[1 6],97,287,289,190,277
1,<environment.Job instance at 0x15516f2c85f0>,68,18,[7 2],99,306,324,207,295
1,<environment.Job instance at 0x15516f2c8f00>,69,1,[2 8],102,295,296,193,295
1,<environment.Job instance at 0x15516f2c8cd0>,70,18,[10  1],106,324,342,218,313
1,<environment.Job instance at 0x15516f2c8820>,71,2,[7 2],107,313,315,206,313
1,<environment.Job instance at 0x15516f2c8aa0>,72,2,[2 5],108,315,317,207,313
1,<environment.Job instance at 0x15516f2c8780>,73,14,[2 8],109,315,329,206,313
1,<environment.Job instance at 0x15516f2c8460>,74,3,[8 1],112,342,345,230,316
1,<environment.Job instance at 0x15516f2ce2d0>,75,1,[7 2],113,342,343,229,316
1,<environment.Job instance at 0x15516f2cef00>,76,2,[5 2],114,317,319,203,316
1,<environment.Job instance at 0x15516f2ce370>,77,2,[ 2 12],116,329,331,213,316
1,<environment.Job instance at 0x15516f2ce0a0>,78,14,[6 1],117,343,357,226,328
1,<environment.Job instance at 0x15516f2ce050>,79,15,[2 8],118,345,360,227,331
1,<environment.Job instance at 0x15516f2d2960>,80,16,[1 7],119,357,373,238,344
1,<environment.Job instance at 0x15516f2d28c0>,81,13,[ 1 11],121,373,386,252,357
1,<environment.Job instance at 0x15516f2d2e60>,82,2,[6 2],122,368,370,246,368
1,<environment.Job instance at 0x15516f2d26e0>,83,1,[1 5],123,368,369,245,368
1,<environment.Job instance at 0x15516f2d25f0>,84,16,[1 7],124,386,402,262,374
1,<environment.Job instance at 0x15516f2d2320>,85,3,[ 2 10],125,402,405,277,381
1,<environment.Job instance at 0x15516f2d20f0>,86,3,[ 1 13],126,405,408,279,381
1,<environment.Job instance at 0x15516f2d2dc0>,87,3,[1 5],129,390,393,261,390
1,<environment.Job instance at 0x15516f2d2e10>,88,21,[ 2 13],130,408,429,278,400
1,<environment.Job instance at 0x15516f2d2230>,89,1,[2 8],131,429,430,298,409
1,<environment.Job instance at 0x15516f2d2640>,90,1,[7 1],132,410,411,278,410
1,<environment.Job instance at 0x15516f2d27d0>,91,18,[5 2],133,411,429,278,410
1,<environment.Job instance at 0x15516f2d2aa0>,92,2,[8 2],135,429,431,294,410
1,<environment.Job instance at 0x15516f2d2820>,93,3,[1 7],136,430,433,294,410
1,<environment.Job instance at 0x15516f2d2460>,94,18,[8 1],137,431,449,294,420
1,<environment.Job instance at 0x15516f2d2af0>,95,1,[5 2],138,429,430,291,420
1,<environment.Job instance at 0x15516f215230>,96,1,[1 8],139,433,434,294,420
1,<environment.Job instance at 0x15516f215b90>,97,3,[1 7],140,434,437,294,420
1,<environment.Job instance at 0x15516f58b140>,98,2,[5 2],142,430,432,288,420
1,<environment.Job instance at 0x15516f215730>,99,2,[1 7],144,434,436,290,420
1,<environment.Job instance at 0x15516f215820>,100,2,[5 2],145,432,434,287,420
1,<environment.Job instance at 0x15516f215d70>,101,1,[1 6],147,436,437,289,420
1,<environment.Job instance at 0x15516f3f0be0>,102,12,[7 1],148,437,449,289,420
1,<environment.Job instance at 0x15516f3f0140>,103,2,[10  1],149,449,451,300,422
1,<environment.Job instance at 0x1551746b5d20>,12,21,[7 2],20,20,41,0,20
1,<environment.Job instance at 0x1551746b55f0>,15,1,[6 1],23,23,24,0,23
1,<environment.Job instance at 0x1551746b5eb0>,16,3,[5 1],24,24,27,0,24
1,<environment.Job instance at 0x1551746b5fa0>,17,3,[1 7],29,29,32,0,29
1,<environment.Job instance at 0x1551746b5780>,18,12,[7 1],31,31,43,0,31
1,<environment.Job instance at 0x1551746b5af0>,19,20,[8 2],32,41,61,9,32
1,<environment.Job instance at 0x1551746b5b90>,20,2,[10  1],33,61,63,28,34
1,<environment.Job instance at 0x1551746df0a0>,21,3,[1 9],34,34,37,0,34
1,<environment.Job instance at 0x1551746dfcd0>,22,3,[1 8],38,38,41,0,38
1,<environment.Job instance at 0x1551746dfc80>,23,2,[2 7],41,43,45,2,41
1,<environment.Job instance at 0x1551746df370>,24,2,[9 2],42,63,65,21,42
1,<environment.Job instance at 0x15516d253960>,25,3,[5 2],43,43,46,0,43
1,<environment.Job instance at 0x15516d253050>,26,16,[7 2],44,65,81,21,52
1,<environment.Job instance at 0x15516d2538c0>,27,1,[ 2 10],45,52,53,7,52
1,<environment.Job instance at 0x155174655c80>,28,18,[5 2],47,52,70,5,52
1,<environment.Job instance at 0x1551746550f0>,29,1,[1 8],48,53,54,5,52
1,<environment.Job instance at 0x155174655500>,30,13,[1 7],50,63,76,13,52
1,<environment.Job instance at 0x155174655b40>,31,12,[2 9],53,76,88,23,59
1,<environment.Job instance at 0x155174655f50>,32,3,[5 2],54,70,73,16,59
1,<environment.Job instance at 0x155174655eb0>,33,2,[ 2 10],55,59,61,4,59
1,<environment.Job instance at 0x1551747a09b0>,34,15,[8 2],56,81,96,25,67
1,<environment.Job instance at 0x1551747a0550>,35,17,[10  1],58,96,113,38,84
1,<environment.Job instance at 0x1551747a0910>,36,2,[ 2 12],60,88,90,28,84
1,<environment.Job instance at 0x1551747a0780>,37,1,[6 2],61,90,91,29,84
1,<environment.Job instance at 0x15516f301820>,38,3,[2 7],63,91,94,28,84
1,<environment.Job instance at 0x15516f301460>,39,15,[ 1 11],67,94,109,27,84
1,<environment.Job instance at 0x15516f301190>,40,2,[8 1],68,113,115,45,86
1,<environment.Job instance at 0x15516f301b40>,41,2,[1 9],71,109,111,38,86
1,<environment.Job instance at 0x15516f301a00>,42,2,[1 6],72,90,92,18,86
1,<environment.Job instance at 0x15516f301f50>,43,1,[1 9],73,111,112,38,86
1,<environment.Job instance at 0x15516f301f00>,44,3,[1 8],74,112,115,38,86
1,<environment.Job instance at 0x15516f301960>,45,1,[9 2],75,115,116,40,87
1,<environment.Job instance at 0x15516f301230>,46,18,[ 1 10],76,115,133,39,104
1,<environment.Job instance at 0x155174b075a0>,47,2,[1 6],78,112,114,34,104
1,<environment.Job instance at 0x155174b07460>,48,3,[ 2 10],80,133,136,53,107
1,<environment.Job instance at 0x155174b07280>,49,1,[7 2],81,116,117,35,107
1,<environment.Job instance at 0x155174b07af0>,50,3,[9 1],82,117,120,35,107
1,<environment.Job instance at 0x155174b079b0>,51,16,[9 1],83,120,136,37,107
1,<environment.Job instance at 0x15516d24c0f0>,52,1,[6 2],85,114,115,29,107
1,<environment.Job instance at 0x15516d24cf50>,53,3,[2 7],86,136,139,50,110
1,<environment.Job instance at 0x1551747ad230>,54,14,[7 2],87,136,150,49,121
1,<environment.Job instance at 0x1551747ad730>,55,2,[ 1 10],89,139,141,50,121
1,<environment.Job instance at 0x15516f12bd70>,56,3,[10  2],90,150,153,60,124
1,<environment.Job instance at 0x15516f12b0f0>,57,2,[2 9],91,141,143,50,124
1,<environment.Job instance at 0x15516f12bcd0>,58,3,[9 1],94,153,156,59,127
1,<environment.Job instance at 0x15516f12bf50>,59,18,[6 2],96,153,171,57,142
1,<environment.Job instance at 0x15516f12bdc0>,60,16,[1 5],98,156,172,58,143
1,<environment.Job instance at 0x15516f247780>,61,3,[5 1],100,143,146,43,143
1,<environment.Job instance at 0x15516f247320>,62,14,[1 6],102,156,170,54,143
1,<environment.Job instance at 0x15516f247d20>,63,2,[5 1],103,146,148,43,143
1,<environment.Job instance at 0x15516f2470a0>,64,1,[2 7],104,143,144,39,143
1,<environment.Job instance at 0x15516f136820>,65,2,[10  2],105,171,173,66,144
1,<environment.Job instance at 0x15516f136d20>,66,2,[6 1],106,148,150,42,144
1,<environment.Job instance at 0x15516f136910>,67,3,[9 2],108,173,176,65,147
1,<environment.Job instance at 0x15516f136c80>,68,3,[6 2],111,156,159,45,147
1,<environment.Job instance at 0x15516f1313c0>,69,2,[5 2],112,150,152,38,147
1,<environment.Job instance at 0x15516f1310f0>,70,3,[1 7],113,147,150,34,147
1,<environment.Job instance at 0x15516f131c80>,71,2,[9 2],115,176,178,61,149
1,<environment.Job instance at 0x15516f131230>,72,1,[7 2],116,159,160,43,149
1,<environment.Job instance at 0x15516f131370>,73,3,[1 7],118,170,173,52,149
1,<environment.Job instance at 0x15516f131d70>,74,14,[1 6],119,172,186,53,157
1,<environment.Job instance at 0x15516f131050>,75,14,[1 9],120,178,192,58,163
1,<environment.Job instance at 0x15516f131280>,76,3,[6 1],123,163,166,40,163
1,<environment.Job instance at 0x15516f131460>,77,26,[9 1],124,186,212,62,183
1,<environment.Job instance at 0x15516f131690>,78,2,[2 9],125,192,194,67,183
1,<environment.Job instance at 0x15516f1314b0>,79,2,[2 5],126,186,188,60,183
1,<environment.Job instance at 0x15516f38f140>,80,16,[2 9],127,194,210,67,183
1,<environment.Job instance at 0x15516f38f190>,81,12,[5 2],128,210,222,82,193
1,<environment.Job instance at 0x15516f38f230>,82,3,[8 1],129,212,215,83,193
1,<environment.Job instance at 0x15516f38f3c0>,83,3,[8 1],133,215,218,82,193
1,<environment.Job instance at 0x15516f38fa00>,84,1,[10  1],134,218,219,84,193
1,<environment.Job instance at 0x15516f38f9b0>,85,27,[1 7],135,219,246,84,217
1,<environment.Job instance at 0x15516f38f820>,86,15,[2 8],138,222,237,84,217
1,<environment.Job instance at 0x15516d1f2e10>,87,16,[2 8],139,237,253,98,224
1,<environment.Job instance at 0x15516d1f2500>,88,13,[ 2 10],142,253,266,111,237
1,<environment.Job instance at 0x15516d1f25a0>,89,1,[2 6],143,246,247,103,237
1,<environment.Job instance at 0x1551745e4a50>,90,2,[1 5],145,247,249,102,237
1,<environment.Job instance at 0x1551961dd370>,91,2,[8 1],146,246,248,100,237
1,<environment.Job instance at 0x15516d2046e0>,92,3,[2 9],147,266,269,119,240
1,<environment.Job instance at 0x155174725370>,93,1,[5 1],149,248,249,99,240
1,<environment.Job instance at 0x1551746858c0>,8,1,[ 2 10],15,276,277,261,276
1,<environment.Job instance at 0x1551746856e0>,9,14,[8 1],16,485,499,469,485
1,<environment.Job instance at 0x15516c4b1c30>,0,2,[1 9],1,1,3,0,1
1,<environment.Job instance at 0x15516c367b40>,20,3,[ 2 11],30,74,77,44,74
1,<environment.Job instance at 0x15516c3678c0>,21,2,[1 7],31,429,431,398,429
1,<environment.Job instance at 0x15516c367b90>,22,1,[1 5],32,828,829,796,828
1,<environment.Job instance at 0x15516f18c460>,15,3,[1 9],28,44,47,16,44
1,<environment.Job instance at 0x155174b43be0>,19,3,[5 1],38,44,47,6,44
1,<environment.Job instance at 0x1551747bef50>,20,1,[2 8],39,47,48,8,44
1,<environment.Job instance at 0x1551747be370>,21,2,[7 2],40,44,46,4,44
1,<environment.Job instance at 0x1551961def00>,22,2,[6 2],41,46,48,5,44
1,<environment.Job instance at 0x15516f4fd460>,23,3,[9 1],42,48,51,6,44
1,<environment.Job instance at 0x1551956f9d70>,24,14,[2 8],43,48,62,5,44
1,<environment.Job instance at 0x15516f4fd960>,25,2,[5 2],44,51,53,7,44
1,<environment.Job instance at 0x15518e976a50>,26,27,[1 7],45,53,80,8,51
1,<environment.Job instance at 0x15516f428be0>,27,21,[1 8],46,62,83,16,54
1,<environment.Job instance at 0x15518e976d70>,28,17,[2 8],47,83,100,36,71
1,<environment.Job instance at 0x155174b30140>,29,2,[6 1],49,80,82,31,71
1,<environment.Job instance at 0x155174b303c0>,30,2,[ 1 10],50,100,102,50,73
1,<environment.Job instance at 0x15516d0ffcd0>,31,3,[9 2],52,82,85,30,73
1,<environment.Job instance at 0x15516d0ffaa0>,32,2,[5 1],53,80,82,27,73
1,<environment.Job instance at 0x15516d0ff730>,33,17,[1 9],54,102,119,48,90
1,<environment.Job instance at 0x15516dc8f690>,38,13,[10  1],65,90,103,25,90
1,<environment.Job instance at 0x15516dc8fe60>,39,2,[1 8],67,119,121,52,92
1,<environment.Job instance at 0x15516dc8fa00>,40,1,[10  2],68,103,104,35,92
1,<environment.Job instance at 0x15516dc8f4b0>,41,3,[2 8],69,121,124,52,95
1,<environment.Job instance at 0x15516e6db1e0>,42,15,[2 7],70,119,134,49,105
1,<environment.Job instance at 0x155174a91e60>,45,3,[6 2],77,105,108,28,105
1,<environment.Job instance at 0x155174075910>,46,1,[8 1],79,105,106,26,105
1,<environment.Job instance at 0x155174075fa0>,47,3,[1 9],81,134,137,53,108
1,<environment.Job instance at 0x155174075e10>,48,1,[2 9],84,137,138,53,109
1,<environment.Job instance at 0x1551740751e0>,49,2,[7 2],85,109,111,24,109
1,<environment.Job instance at 0x15516f3b1cd0>,50,12,[7 1],86,124,136,38,109
1,<environment.Job instance at 0x155174075c80>,51,13,[13  2],87,136,149,49,120
1,<environment.Job instance at 0x155174647230>,52,3,[9 2],88,149,152,61,123
1,<environment.Job instance at 0x15516f4fc780>,53,2,[7 1],91,134,136,43,123
1,<environment.Job instance at 0x15516f4fce60>,54,16,[ 1 10],92,138,154,46,125
1,<environment.Job instance at 0x15516f4fcf50>,55,3,[2 5],94,125,128,31,125
1,<environment.Job instance at 0x15516f514a00>,56,1,[8 1],95,152,153,57,125
1,<environment.Job instance at 0x15516f514550>,57,28,[5 1],96,149,177,53,148
1,<environment.Job instance at 0x15516f5146e0>,58,13,[8 2],97,153,166,56,148
1,<environment.Job instance at 0x15516f514280>,59,18,[5 1],98,166,184,68,155
1,<environment.Job instance at 0x15516f514be0>,60,15,[6 1],99,177,192,78,163
1,<environment.Job instance at 0x155174578a00>,61,3,[6 2],100,184,187,84,163
1,<environment.Job instance at 0x15516d1b1500>,62,1,[6 2],101,187,188,86,163
1,<environment.Job instance at 0x15516c9d5be0>,63,17,[9 2],103,188,205,85,176
1,<environment.Job instance at 0x155174578eb0>,64,1,[7 1],104,205,206,101,177
1,<environment.Job instance at 0x15516d0e9820>,65,12,[2 8],105,192,204,87,177
1,<environment.Job instance at 0x15516ca32d70>,66,3,[ 1 10],106,177,180,71,177
1,<environment.Job instance at 0x15518f693c30>,67,3,[1 5],107,180,183,73,177
1,<environment.Job instance at 0x15518f393140>,68,3,[2 7],108,180,183,72,177
1,<environment.Job instance at 0x15518eaf0230>,69,13,[2 5],109,192,205,83,177
1,<environment.Job instance at 0x15516ca3af00>,70,2,[2 8],110,183,185,73,177
1,<environment.Job instance at 0x15516ca3a870>,71,2,[5 1],111,205,207,94,178
1,<environment.Job instance at 0x15516ca3a7d0>,72,1,[6 2],116,206,207,90,178
1,<environment.Job instance at 0x15518f396e60>,73,1,[1 9],117,185,186,68,178
1,<environment.Job instance at 0x15516ca3ab90>,74,3,[7 1],118,207,210,89,181
1,<environment.Job instance at 0x15516ca3a5a0>,75,3,[7 2],119,207,210,88,181
1,<environment.Job instance at 0x15516c5ffeb0>,76,14,[1 5],121,204,218,83,189
1,<environment.Job instance at 0x15516c5ffa00>,77,12,[2 6],123,210,222,87,193
1,<environment.Job instance at 0x15518f745230>,78,1,[9 1],125,210,211,85,193
1,<environment.Job instance at 0x15518f7254b0>,79,17,[2 8],126,218,235,92,206
1,<environment.Job instance at 0x15518f725550>,80,25,[8 1],129,211,236,82,207
1,<environment.Job instance at 0x15518f7256e0>,81,16,[8 1],130,236,252,106,223
1,<environment.Job instance at 0x15518f725780>,82,16,[1 6],131,223,239,92,223
1,<environment.Job instance at 0x15518f725f50>,83,2,[10  2],133,252,254,119,225
1,<environment.Job instance at 0x15518f725640>,84,3,[1 7],134,235,238,101,225
1,<environment.Job instance at 0x15518f7258c0>,85,14,[9 2],136,254,268,118,239
1,<environment.Job instance at 0x15518f725f00>,86,1,[10  2],137,268,269,131,240
1,<environment.Job instance at 0x15518f725320>,87,2,[7 2],138,240,242,102,240
1,<environment.Job instance at 0x15518f725e60>,88,16,[1 9],139,242,258,103,240
1,<environment.Job instance at 0x15518f3a5280>,89,3,[1 5],140,242,245,102,240
1,<environment.Job instance at 0x15518f725c30>,90,12,[2 9],142,258,270,116,241
1,<environment.Job instance at 0x15518f7253c0>,91,3,[9 2],143,269,272,126,243
1,<environment.Job instance at 0x15518f725a00>,92,13,[1 9],144,270,283,126,254
1,<environment.Job instance at 0x15518f725be0>,93,2,[1 8],145,283,285,138,256
1,<environment.Job instance at 0x15516ca523c0>,94,12,[1 7],147,283,295,136,266
1,<environment.Job instance at 0x15516ca520f0>,95,1,[ 1 10],149,295,296,146,267
1,<environment.Job instance at 0x15516d1a4a00>,27,21,[2 5],35,44,65,9,44
1,<environment.Job instance at 0x15516d1a4500>,24,25,[9 1],31,45,70,14,45
1,<environment.Job instance at 0x15516d1a4a50>,29,3,[2 7],38,45,48,7,45
1,<environment.Job instance at 0x155174775370>,30,15,[7 2],39,70,85,31,56
1,<environment.Job instance at 0x155174775410>,32,2,[2 9],41,56,58,15,56
1,<environment.Job instance at 0x1551747755f0>,33,2,[1 5],42,58,60,16,56
1,<environment.Job instance at 0x155174775500>,34,16,[1 8],43,60,76,17,56
1,<environment.Job instance at 0x155174775e10>,35,14,[2 6],45,76,90,31,61
1,<environment.Job instance at 0x15516f4f8500>,36,1,[9 1],46,85,86,39,61
1,<environment.Job instance at 0x15516f4f82d0>,37,17,[2 5],47,65,82,18,61
1,<environment.Job instance at 0x15516f4f8730>,38,2,[10  2],48,86,88,38,61
1,<environment.Job instance at 0x155174713370>,39,15,[9 2],50,88,103,38,74
1,<environment.Job instance at 0x155174713c80>,40,2,[5 2],51,82,84,31,74
1,<environment.Job instance at 0x155174713a50>,41,2,[5 1],52,90,92,38,74
1,<environment.Job instance at 0x155174713be0>,42,1,[1 7],53,84,85,31,74
1,<environment.Job instance at 0x155174713e10>,43,17,[9 1],56,103,120,47,91
1,<environment.Job instance at 0x1551747136e0>,44,1,[6 2],57,92,93,35,91
1,<environment.Job instance at 0x1551747131e0>,45,1,[5 1],58,93,94,35,91
1,<environment.Job instance at 0x155174713690>,46,1,[2 6],60,94,95,34,91
1,<environment.Job instance at 0x1551747139b0>,47,3,[2 6],61,94,97,33,91
1,<environment.Job instance at 0x155195d3baa0>,48,2,[9 1],62,120,122,58,93
1,<environment.Job instance at 0x155195d3b820>,49,13,[6 1],64,97,110,33,93
1,<environment.Job instance at 0x155195d3bd20>,50,2,[7 2],65,122,124,57,95
1,<environment.Job instance at 0x155195d3bf00>,51,2,[9 2],66,124,126,58,97
1,<environment.Job instance at 0x155195d3be60>,52,3,[5 1],67,110,113,43,97
1,<environment.Job instance at 0x155195d3b3c0>,53,2,[ 1 10],68,110,112,42,97
1,<environment.Job instance at 0x155195d3b460>,54,13,[2 6],69,113,126,44,97
1,<environment.Job instance at 0x155195d3b500>,55,17,[12  1],70,126,143,56,114
1,<environment.Job instance at 0x155195d3b5f0>,56,1,[8 2],73,143,144,70,115
1,<environment.Job instance at 0x155195d3bc30>,57,17,[7 1],74,143,160,69,131
1,<environment.Job instance at 0x155195d3b960>,58,17,[2 7],75,144,161,69,132
1,<environment.Job instance at 0x155195d3b190>,59,13,[2 8],76,160,173,84,144
1,<environment.Job instance at 0x155195d3ba50>,60,16,[6 1],77,144,160,67,144
1,<environment.Job instance at 0x155195d3b730>,61,1,[8 2],78,161,162,83,144
1,<environment.Job instance at 0x155195d3b280>,62,1,[5 2],79,161,162,82,144
1,<environment.Job instance at 0x155195d3beb0>,63,1,[7 1],80,162,163,82,144
1,<environment.Job instance at 0x155195d3b2d0>,64,1,[1 8],81,173,174,92,145
1,<environment.Job instance at 0x155195d3bdc0>,65,2,[6 2],82,162,164,80,145
1,<environment.Job instance at 0x155195d3b050>,66,13,[2 9],83,174,187,91,158
1,<environment.Job instance at 0x15516e6d7b40>,67,1,[6 2],85,163,164,78,158
1,<environment.Job instance at 0x15516e6d72d0>,68,3,[8 2],86,164,167,78,158
1,<environment.Job instance at 0x15516e6d7050>,69,2,[ 1 10],88,187,189,99,160
1,<environment.Job instance at 0x15516e6d7a00>,70,13,[10  1],89,167,180,78,160
1,<environment.Job instance at 0x15516e6d7140>,71,1,[5 1],90,164,165,74,160
1,<environment.Job instance at 0x15516e6d7f00>,72,14,[2 9],91,189,203,98,174
1,<environment.Job instance at 0x155174abaeb0>,73,2,[7 2],92,180,182,88,174
1,<environment.Job instance at 0x155174abab40>,74,3,[10  1],93,182,185,89,174
1,<environment.Job instance at 0x155174abacd0>,75,3,[6 1],94,185,188,91,174
1,<environment.Job instance at 0x155174aba500>,76,1,[13  1],95,188,189,93,174
1,<environment.Job instance at 0x155174aba6e0>,77,3,[2 7],96,203,206,107,177
1,<environment.Job instance at 0x155174aba1e0>,78,1,[5 1],97,180,181,83,177
1,<environment.Job instance at 0x155174aba190>,79,17,[1 8],98,203,220,105,191
1,<environment.Job instance at 0x155174aba0a0>,80,3,[5 2],99,191,194,92,191
1,<environment.Job instance at 0x155174aba4b0>,81,2,[8 2],100,191,193,91,191
1,<environment.Job instance at 0x155174abad70>,82,3,[2 8],101,220,223,119,194
1,<environment.Job instance at 0x155174abaa50>,83,2,[2 5],102,194,196,92,194
1,<environment.Job instance at 0x155174aba3c0>,84,13,[7 2],104,206,219,102,194
1,<environment.Job instance at 0x15516f1f9d70>,85,22,[8 1],105,219,241,114,212
1,<environment.Job instance at 0x15516f1f9cd0>,86,15,[ 2 10],106,223,238,117,212
1,<environment.Job instance at 0x15516f1f96e0>,87,3,[10  2],107,241,244,134,215
1,<environment.Job instance at 0x15516f1f9690>,88,3,[2 5],109,215,218,106,215
1,<environment.Job instance at 0x15516f1f94b0>,89,17,[1 7],110,238,255,128,226
1,<environment.Job instance at 0x15516f1f9c80>,90,3,[7 2],111,244,247,133,226
1,<environment.Job instance at 0x15516f1f9e10>,91,2,[2 9],112,255,257,143,228
1,<environment.Job instance at 0x15516f1f90f0>,92,2,[2 7],113,238,240,125,228
1,<environment.Job instance at 0x15516f1f9050>,93,18,[6 1],115,244,262,129,233
1,<environment.Job instance at 0x15516f1f9190>,94,15,[2 9],116,257,272,141,243
1,<environment.Job instance at 0x15516f1f9d20>,95,2,[10  1],117,262,264,145,243
1,<environment.Job instance at 0x15516f1f9640>,96,22,[2 6],119,264,286,145,257
1,<environment.Job instance at 0x15516f1f9f50>,97,1,[ 1 14],120,286,287,166,258
1,<environment.Job instance at 0x15516f1f9460>,98,16,[6 2],121,287,303,166,274
1,<environment.Job instance at 0x15516f1f91e0>,99,1,[6 1],122,274,275,152,274
1,<environment.Job instance at 0x15516f1f9140>,100,2,[9 1],124,275,277,151,274
1,<environment.Job instance at 0x15516c89cf00>,101,19,[1 5],126,287,306,161,277
1,<environment.Job instance at 0x15516c89c320>,102,1,[8 1],127,277,278,150,277
1,<environment.Job instance at 0x15516c89cb90>,103,1,[5 1],129,277,278,148,277
1,<environment.Job instance at 0x15516c89c4b0>,104,2,[7 2],130,278,280,148,277
1,<environment.Job instance at 0x15518c0499b0>,105,3,[ 2 14],132,306,309,174,280
1,<environment.Job instance at 0x15516c696c80>,106,3,[1 8],133,280,283,147,280
1,<environment.Job instance at 0x155174671fa0>,107,1,[ 2 10],134,303,304,169,280
1,<environment.Job instance at 0x15516c696a00>,108,2,[7 2],136,283,285,147,280
1,<environment.Job instance at 0x15518cc6c140>,109,1,[6 1],137,280,281,143,280
1,<environment.Job instance at 0x15518f785460>,110,2,[6 1],139,281,283,142,280
1,<environment.Job instance at 0x15518c03b2d0>,111,17,[1 7],140,309,326,169,297
1,<environment.Job instance at 0x15516f39f7d0>,112,15,[10  2],144,309,324,165,297
1,<environment.Job instance at 0x155174a2f640>,113,2,[7 2],145,297,299,152,297
1,<environment.Job instance at 0x15516c696b40>,114,1,[1 5],147,297,298,150,297
1,<environment.Job instance at 0x15518f5c3320>,115,14,[5 2],149,324,338,175,309
1,<environment.Job instance at 0x15518e9c5690>,9,21,[5 1],12,17,38,5,17
1,<environment.Job instance at 0x15518e9c5f50>,11,3,[8 2],15,17,20,2,17
1,<environment.Job instance at 0x15518f799d20>,13,2,[1 6],17,17,19,0,17
1,<environment.Job instance at 0x15516c2cd690>,14,2,[8 1],18,20,22,2,18
1,<environment.Job instance at 0x15516f12b690>,15,1,[2 7],20,20,21,0,20
1,<environment.Job instance at 0x15518e9c5aa0>,16,2,[1 8],21,21,23,0,21
1,<environment.Job instance at 0x15518e9bfe10>,17,13,[7 1],22,22,35,0,22
1,<environment.Job instance at 0x15518e9bf6e0>,18,3,[ 2 10],25,25,28,0,25
1,<environment.Job instance at 0x15516d14f140>,19,2,[2 7],26,28,30,2,26
1,<environment.Job instance at 0x15517596f190>,20,22,[ 2 10],27,30,52,3,27
1,<environment.Job instance at 0x15518c03baf0>,21,2,[10  2],28,38,40,10,28
1,<environment.Job instance at 0x15518f388780>,22,2,[1 7],29,52,54,23,32
1,<environment.Job instance at 0x1551747058c0>,23,3,[2 8],30,52,55,22,32
1,<environment.Job instance at 0x15518f373460>,24,2,[6 2],31,35,37,4,32
1,<environment.Job instance at 0x15516d1a4140>,25,1,[7 1],34,37,38,3,34
1,<environment.Job instance at 0x15516c820230>,26,2,[5 2],35,40,42,5,35
1,<environment.Job instance at 0x155174ac14b0>,27,15,[1 9],36,55,70,19,41
1,<environment.Job instance at 0x155174ac18c0>,28,3,[6 1],37,46,49,9,46
1,<environment.Job instance at 0x155174ac1c30>,29,2,[ 1 10],38,70,72,32,46
1,<environment.Job instance at 0x155174ac1b40>,30,1,[7 1],39,46,47,7,46
1,<environment.Job instance at 0x155174ac1af0>,31,1,[2 6],42,54,55,12,46
1,<environment.Job instance at 0x155174ac1d70>,32,2,[10  2],43,49,51,6,46
1,<environment.Job instance at 0x155174ac1eb0>,33,1,[5 1],44,47,48,3,46
1,<environment.Job instance at 0x155174ac1cd0>,34,2,[8 2],45,55,57,10,46
1,<environment.Job instance at 0x155174ac15a0>,35,1,[6 1],46,48,49,2,46
1,<environment.Job instance at 0x155174a92780>,36,3,[8 1],48,57,60,9,48
1,<environment.Job instance at 0x155174a967d0>,37,15,[6 1],52,54,69,2,52
1,<environment.Job instance at 0x155174a961e0>,38,2,[8 2],53,60,62,7,53
1,<environment.Job instance at 0x155174ab2a00>,39,17,[10  1],56,69,86,13,57
1,<environment.Job instance at 0x155174ab2320>,40,3,[2 6],57,72,75,15,57
1,<environment.Job instance at 0x155174ab25f0>,41,2,[7 1],58,62,64,4,58
1,<environment.Job instance at 0x15518e9c5cd0>,12,1,[ 2 10],16,75,76,59,74
1,<environment.Job instance at 0x15518f69a190>,42,21,[6 1],60,86,107,26,78
1,<environment.Job instance at 0x155174ab28c0>,44,14,[2 6],63,78,92,15,78
1,<environment.Job instance at 0x155174ab2500>,45,1,[ 2 10],64,92,93,28,78
1,<environment.Job instance at 0x155174ab2690>,46,2,[2 8],65,78,80,13,78
1,<environment.Job instance at 0x15516f288f00>,47,1,[1 7],68,80,81,12,78
1,<environment.Job instance at 0x15518e9cb9b0>,48,1,[1 7],70,81,82,11,78
1,<environment.Job instance at 0x15518e9cbdc0>,49,12,[2 8],71,93,105,22,78
1,<environment.Job instance at 0x15518e9cb6e0>,50,27,[5 2],72,86,113,14,84
1,<environment.Job instance at 0x15518e9cb410>,51,27,[1 9],73,105,132,32,103
1,<environment.Job instance at 0x15518e9cb280>,52,1,[9 1],74,107,108,33,103
1,<environment.Job instance at 0x1551746dab40>,53,1,[ 2 10],75,132,133,57,104
1,<environment.Job instance at 0x1551746da320>,54,12,[2 8],78,133,145,55,116
1,<environment.Job instance at 0x15518c0415f0>,55,3,[ 1 10],81,145,148,64,119
1,<environment.Job instance at 0x15518e9ba410>,56,1,[8 2],82,119,120,37,119
1,<environment.Job instance at 0x15518e9ba2d0>,57,18,[9 1],83,120,138,37,119
1,<environment.Job instance at 0x15518e9bafa0>,58,2,[8 1],85,138,140,53,119
1,<environment.Job instance at 0x15516d1e0b90>,59,13,[8 2],86,140,153,54,124
1,<environment.Job instance at 0x15518e9ba4b0>,60,1,[7 1],87,148,149,61,124
1,<environment.Job instance at 0x15518e9ba550>,61,1,[2 6],89,133,134,44,124
1,<environment.Job instance at 0x155174aa55a0>,62,3,[1 5],90,124,127,34,124
1,<environment.Job instance at 0x155174aa5690>,63,3,[8 2],93,153,156,60,127
1,<environment.Job instance at 0x155174aa5af0>,64,1,[1 7],94,149,150,55,127
1,<environment.Job instance at 0x155174aa5550>,65,3,[2 8],95,150,153,55,127
1,<environment.Job instance at 0x155174aa5230>,66,2,[7 1],96,153,155,57,127
1,<environment.Job instance at 0x155174aa57d0>,67,28,[1 6],97,155,183,58,154
1,<environment.Job instance at 0x155174aa5140>,68,1,[1 7],100,155,156,55,154
1,<environment.Job instance at 0x155174aa5a00>,69,21,[9 1],101,156,177,55,154
1,<environment.Job instance at 0x155174aa5820>,70,16,[1 6],102,156,172,54,154
1,<environment.Job instance at 0x155174aa5410>,71,15,[10  2],103,177,192,74,163
1,<environment.Job instance at 0x155174aa5b90>,72,2,[5 1],105,172,174,67,163
1,<environment.Job instance at 0x155174aa5be0>,73,2,[ 2 10],106,183,185,77,163
1,<environment.Job instance at 0x155174aa5cd0>,74,3,[5 1],107,174,177,67,163
1,<environment.Job instance at 0x155174aa5d70>,75,1,[1 9],109,185,186,76,163
1,<environment.Job instance at 0x155174aa5320>,76,1,[2 7],110,177,178,67,163
1,<environment.Job instance at 0x155174aa5e60>,77,2,[1 8],111,186,188,75,163
1,<environment.Job instance at 0x155174aa5f00>,78,1,[1 9],113,188,189,75,163
1,<environment.Job instance at 0x155174aa5c80>,79,2,[ 2 10],115,189,191,74,163
1,<environment.Job instance at 0x155174aa5dc0>,80,3,[9 1],116,192,195,76,166
1,<environment.Job instance at 0x15516c696eb0>,81,12,[9 1],117,195,207,78,178
1,<environment.Job instance at 0x15516c696c80>,82,20,[ 2 11],118,191,211,73,182
1,<environment.Job instance at 0x15516c696e60>,83,16,[9 2],120,207,223,87,194
1,<environment.Job instance at 0x15516c696050>,84,3,[ 2 10],121,211,214,90,194
1,<environment.Job instance at 0x15516c696fa0>,85,15,[6 1],123,214,229,91,200
1,<environment.Job instance at 0x15516c696550>,86,1,[9 2],124,223,224,99,200
1,<environment.Job instance at 0x15516c696f50>,87,1,[2 8],125,224,225,99,200
1,<environment.Job instance at 0x15516c696370>,88,1,[5 1],126,224,225,98,200
1,<environment.Job instance at 0x15516c696be0>,89,1,[8 1],128,225,226,97,200
1,<environment.Job instance at 0x15516c696d70>,90,1,[1 8],130,225,226,95,200
1,<environment.Job instance at 0x15516c696230>,91,1,[2 9],131,226,227,95,200
1,<environment.Job instance at 0x15516c6960a0>,92,3,[1 9],132,227,230,95,201
1,<environment.Job instance at 0x15516c696870>,93,14,[ 1 10],134,230,244,96,215
1,<environment.Job instance at 0x15516c69f870>,94,1,[7 2],135,226,227,91,215
1,<environment.Job instance at 0x15516c69fe10>,95,1,[10  1],136,229,230,93,215
1,<environment.Job instance at 0x15516c69f320>,96,3,[2 5],138,227,230,89,215
1,<environment.Job instance at 0x15516c69f410>,97,2,[6 2],139,230,232,91,215
1,<environment.Job instance at 0x15516c69f050>,98,18,[2 9],140,244,262,104,233
1,<environment.Job instance at 0x15516c69f4b0>,99,3,[2 9],141,262,265,121,236
1,<environment.Job instance at 0x15516c69fb40>,100,1,[1 6],142,244,245,102,236
1,<environment.Job instance at 0x15516c69f0f0>,101,1,[10  1],143,236,237,93,236
1,<environment.Job instance at 0x15516c69f820>,102,17,[5 1],144,245,262,101,236
1,<environment.Job instance at 0x15516c69f9b0>,103,1,[7 1],145,237,238,92,236
1,<environment.Job instance at 0x15516c69f690>,104,3,[9 2],146,238,241,92,236
1,<environment.Job instance at 0x15516c69fd20>,105,2,[1 8],147,265,267,118,238
1,<environment.Job instance at 0x15516c69f500>,106,26,[8 1],148,245,271,97,242
1,<environment.Job instance at 0x15516c69fcd0>,107,3,[2 5],149,262,265,113,242
1,<environment.Job instance at 0x15516d0a43c0>,43,3,[ 2 13],62,323,326,261,323
1,<environment.Job instance at 0x15518e9c5780>,6,2,[ 1 12],9,611,613,602,611
1,<environment.Job instance at 0x15516c69e910>,0,27,[6 1],1,1,28,0,1
1,<environment.Job instance at 0x155174a290f0>,1,21,[9 2],2,2,23,0,2
1,<environment.Job instance at 0x155195d5c870>,14,3,[2 6],19,19,22,0,19
1,<environment.Job instance at 0x1551747a5500>,15,2,[8 1],20,20,22,0,20
1,<environment.Job instance at 0x1551747a5b40>,16,1,[6 2],21,22,23,1,21
1,<environment.Job instance at 0x155195d5caa0>,17,1,[9 1],22,22,23,0,22
1,<environment.Job instance at 0x15518f3870f0>,18,1,[2 5],24,24,25,0,24
1,<environment.Job instance at 0x155195d312d0>,19,3,[10  2],27,27,30,0,27
1,<environment.Job instance at 0x155195d31870>,20,1,[2 7],28,28,29,0,28
1,<environment.Job instance at 0x155195d31b40>,21,2,[ 1 14],30,30,32,0,30
1,<environment.Job instance at 0x155195d31050>,22,1,[7 2],31,32,33,1,31
1,<environment.Job instance at 0x15516c7d89b0>,23,3,[9 1],32,33,36,1,32
1,<environment.Job instance at 0x15516c7d8190>,24,15,[6 1],33,33,48,0,33
1,<environment.Job instance at 0x15516f2327d0>,25,1,[2 5],34,36,37,2,34
1,<environment.Job instance at 0x15516f232050>,26,2,[1 5],36,36,38,0,36
1,<environment.Job instance at 0x15518c018fa0>,27,3,[2 8],37,37,40,0,37
1,<environment.Job instance at 0x15518c018190>,28,17,[10  1],38,48,65,10,38
1,<environment.Job instance at 0x15518c018960>,29,26,[5 2],39,39,65,0,39
1,<environment.Job instance at 0x15518c018a00>,30,1,[8 2],40,65,66,25,40
1,<environment.Job instance at 0x15516c615550>,31,2,[2 6],41,41,43,0,41
1,<environment.Job instance at 0x15516c615780>,32,3,[1 9],42,43,46,1,42
1,<environment.Job instance at 0x15516c615c30>,33,2,[1 7],44,46,48,2,44
1,<environment.Job instance at 0x15518f5d0190>,34,3,[2 9],45,65,68,20,45
1,<environment.Job instance at 0x15518f5d07d0>,35,2,[6 1],46,66,68,20,46
1,<environment.Job instance at 0x15518eaea050>,36,1,[5 1],47,65,66,18,47
1,<environment.Job instance at 0x15518eaea320>,37,16,[2 6],48,68,84,20,55
1,<environment.Job instance at 0x15518eaea730>,38,2,[7 1],50,66,68,16,55
1,<environment.Job instance at 0x15518eaea190>,39,14,[5 2],54,68,82,14,55
1,<environment.Job instance at 0x15518eaeae60>,40,1,[ 1 10],55,84,85,29,56
1,<environment.Job instance at 0x15516c728b40>,41,3,[1 9],56,85,88,29,59
1,<environment.Job instance at 0x15516c728aa0>,42,2,[9 2],58,82,84,24,59
1,<environment.Job instance at 0x15516c728730>,43,3,[2 7],59,68,71,9,59
1,<environment.Job instance at 0x15516c305320>,44,21,[10  2],62,84,105,22,76
1,<environment.Job instance at 0x15518f3a5050>,45,22,[2 9],63,88,110,25,81
1,<environment.Job instance at 0x15518cc9c780>,46,3,[1 7],65,81,84,16,81
1,<environment.Job instance at 0x15516c305780>,47,14,[2 5],67,105,119,38,90
1,<environment.Job instance at 0x15516c2162d0>,48,13,[1 5],71,110,123,39,94
1,<environment.Job instance at 0x15516c216cd0>,49,2,[6 1],73,105,107,32,94
1,<environment.Job instance at 0x15516c216d20>,50,1,[ 1 12],74,123,124,49,95
1,<environment.Job instance at 0x15516c2161e0>,51,1,[10  2],75,110,111,35,95
1,<environment.Job instance at 0x15516c667370>,52,3,[2 9],76,119,122,43,95
1,<environment.Job instance at 0x15516c667320>,53,13,[2 9],77,124,137,47,108
1,<environment.Job instance at 0x15516f42cc30>,54,12,[5 2],79,122,134,43,108
1,<environment.Job instance at 0x15516c667b90>,55,1,[9 1],80,108,109,28,108
1,<environment.Job instance at 0x15516c6679b0>,56,20,[9 1],81,134,154,53,125
1,<environment.Job instance at 0x15518f6174b0>,57,3,[5 1],83,125,128,42,125
1,<environment.Job instance at 0x15516c77e460>,58,2,[13  1],84,154,156,70,127
1,<environment.Job instance at 0x15516e713910>,59,1,[12  2],85,156,157,71,128
1,<environment.Job instance at 0x15516c73edc0>,60,1,[5 1],86,128,129,42,128
1,<environment.Job instance at 0x15516f3a63c0>,61,3,[8 1],87,129,132,42,128
1,<environment.Job instance at 0x15516c4503c0>,62,2,[6 2],88,132,134,44,128
1,<environment.Job instance at 0x155175979410>,63,3,[9 2],89,157,160,68,131
1,<environment.Job instance at 0x15516f586b90>,64,2,[1 6],96,137,139,41,131
1,<environment.Job instance at 0x15518f385d70>,65,18,[8 1],98,160,178,62,149
1,<environment.Job instance at 0x15518f385cd0>,66,2,[2 8],100,149,151,49,149
1,<environment.Job instance at 0x15516c425320>,67,1,[7 1],103,160,161,57,149
1,<environment.Job instance at 0x15518f385b40>,68,2,[2 6],104,149,151,45,149
1,<environment.Job instance at 0x15518f385eb0>,69,3,[6 2],106,151,154,45,149
1,<environment.Job instance at 0x15518f385640>,70,12,[2 9],107,161,173,54,149
1,<environment.Job instance at 0x15518f385730>,71,2,[5 1],108,157,159,49,149
1,<environment.Job instance at 0x15516c88b1e0>,72,3,[9 1],109,178,181,69,152
1,<environment.Job instance at 0x15516c88b960>,73,1,[7 2],110,173,174,63,152
1,<environment.Job instance at 0x15516c88ba00>,74,17,[6 2],112,174,191,62,162
1,<environment.Job instance at 0x15516c85e230>,75,3,[9 2],114,181,184,67,162
1,<environment.Job instance at 0x15516c85e5a0>,76,2,[2 5],115,162,164,47,162
1,<environment.Job instance at 0x15516c85e410>,77,1,[1 9],116,174,175,58,162
1,<environment.Job instance at 0x155175975d70>,78,3,[1 7],117,175,178,58,162
1,<environment.Job instance at 0x155175975f00>,79,1,[1 8],118,184,185,66,162
1,<environment.Job instance at 0x155175975500>,80,20,[7 2],119,184,204,65,175
1,<environment.Job instance at 0x15516c0107d0>,81,1,[1 9],120,185,186,65,175
1,<environment.Job instance at 0x15516c0101e0>,82,2,[2 6],121,186,188,65,175
1,<environment.Job instance at 0x15516c010640>,83,3,[ 2 10],122,188,191,66,175
1,<environment.Job instance at 0x15516c010c80>,84,13,[2 8],123,191,204,68,175
1,<environment.Job instance at 0x15518ea83d20>,85,1,[8 1],126,204,205,78,176
1,<environment.Job instance at 0x15518ea839b0>,86,3,[1 6],127,204,207,77,178
1,<environment.Job instance at 0x15518ea83f00>,87,2,[1 6],128,204,206,76,178
1,<environment.Job instance at 0x15518ea838c0>,88,1,[2 5],129,191,192,62,178
1,<environment.Job instance at 0x15518f6a2460>,89,14,[ 2 10],130,207,221,77,192
1,<environment.Job instance at 0x15518f6a2780>,90,1,[ 1 13],131,221,222,90,193
1,<environment.Job instance at 0x15518f6a2320>,91,12,[ 1 14],132,222,234,90,205
1,<environment.Job instance at 0x15518f6a2b90>,92,1,[5 2],133,205,206,72,205
1,<environment.Job instance at 0x15518f6a2370>,93,12,[2 9],134,234,246,100,217
1,<environment.Job instance at 0x15516c446a50>,94,1,[11  1],143,217,218,74,217
1,<environment.Job instance at 0x15516c4469b0>,95,2,[5 1],144,218,220,74,217
1,<environment.Job instance at 0x15516c446f50>,96,2,[1 6],145,234,236,89,217
1,<environment.Job instance at 0x15516c446140>,97,2,[1 8],146,246,248,100,219
1,<environment.Job instance at 0x15516c446960>,98,1,[6 1],147,219,220,72,219
1,<environment.Job instance at 0x15516c446190>,99,18,[10  2],149,236,254,87,225
1,<environment.Job instance at 0x15516f174f00>,12,2,[7 2],16,980,982,964,980
1,<environment.Job instance at 0x15516c52b410>,17,17,[5 2],25,25,42,0,25
1,<environment.Job instance at 0x15516c298d20>,18,3,[10  1],27,27,30,0,27
1,<environment.Job instance at 0x1551740dbc30>,19,1,[9 2],28,30,31,2,28
1,<environment.Job instance at 0x1551740db9b0>,20,17,[8 1],29,31,48,2,29
1,<environment.Job instance at 0x15518e9bdf50>,21,2,[1 5],30,30,32,0,30
1,<environment.Job instance at 0x15516c856960>,22,13,[1 9],31,32,45,1,31
1,<environment.Job instance at 0x15516c40bcd0>,23,2,[10  2],32,48,50,16,32
1,<environment.Job instance at 0x15516c7c0a50>,24,15,[9 1],34,50,65,16,36
1,<environment.Job instance at 0x15516bf5d190>,25,1,[1 5],35,42,43,7,36
1,<environment.Job instance at 0x15518cc9f820>,26,2,[1 9],36,45,47,9,36
1,<environment.Job instance at 0x15516d1505a0>,27,2,[1 7],39,47,49,8,39
1,<environment.Job instance at 0x15516c7bf3c0>,28,3,[1 8],40,49,52,9,40
1,<environment.Job instance at 0x15516d1eb140>,29,19,[5 2],41,50,69,9,41
1,<environment.Job instance at 0x15516c9a1050>,30,2,[2 8],42,65,67,23,42
1,<environment.Job instance at 0x1551c31d2af0>,31,3,[1 7],43,52,55,9,43
1,<environment.Job instance at 0x15516c7940a0>,32,2,[6 1],44,44,46,0,44
1,<environment.Job instance at 0x15516c794c30>,33,3,[7 2],45,65,68,20,45
1,<environment.Job instance at 0x15516f17ce60>,34,2,[8 1],46,68,70,22,46
1,<environment.Job instance at 0x15516c03f280>,35,15,[8 2],47,70,85,23,56
1,<environment.Job instance at 0x1551745c2f50>,36,1,[10  1],48,85,86,37,57
1,<environment.Job instance at 0x155175984b40>,37,2,[8 2],50,86,88,36,59
1,<environment.Job instance at 0x15518f6bf140>,38,1,[1 6],51,59,60,8,59
1,<environment.Job instance at 0x15516f17cdc0>,39,3,[6 1],52,69,72,17,59
1,<environment.Job instance at 0x15516f17c0a0>,40,16,[1 5],53,67,83,14,59
1,<environment.Job instance at 0x15516f4ae050>,41,3,[2 5],54,72,75,18,59
1,<environment.Job instance at 0x15516f4aeaf0>,42,3,[2 8],56,75,78,19,59
1,<environment.Job instance at 0x15516c6e6320>,43,17,[12  1],57,88,105,31,76
1,<environment.Job instance at 0x15516cc68960>,44,3,[1 8],58,78,81,20,76
1,<environment.Job instance at 0x15516be92eb0>,45,2,[2 5],60,81,83,21,76
1,<environment.Job instance at 0x15516cc6ee60>,46,3,[1 9],61,83,86,22,76
1,<environment.Job instance at 0x15518f6097d0>,47,15,[9 1],62,105,120,43,91
1,<environment.Job instance at 0x15516cc7b8c0>,48,12,[6 1],63,105,117,42,91
1,<environment.Job instance at 0x15516c9314b0>,49,13,[8 1],64,120,133,56,104
1,<environment.Job instance at 0x15516f473410>,50,3,[2 8],65,117,120,52,104
1,<environment.Job instance at 0x15516f204b90>,51,2,[1 7],66,120,122,54,104
1,<environment.Job instance at 0x15516c950b90>,52,2,[1 6],67,117,119,50,104
1,<environment.Job instance at 0x155174af47d0>,53,14,[ 2 10],68,122,136,54,107
1,<environment.Job instance at 0x15516c3792d0>,54,1,[2 7],70,120,121,50,107
1,<environment.Job instance at 0x15516c7521e0>,55,3,[8 2],71,133,136,62,107
1,<environment.Job instance at 0x15516c887870>,56,3,[ 2 10],72,136,139,64,110
1,<environment.Job instance at 0x15516c18f870>,57,2,[9 1],74,136,138,62,110
1,<environment.Job instance at 0x15516c55e730>,58,1,[2 5],75,119,120,44,110
1,<environment.Job instance at 0x15516c887c30>,59,3,[1 8],77,139,142,62,113
1,<environment.Job instance at 0x15516c798d20>,60,2,[2 8],80,142,144,62,115
1,<environment.Job instance at 0x15516ca000a0>,61,17,[1 8],82,144,161,62,132
1,<environment.Job instance at 0x15516c17c2d0>,62,15,[10  1],83,138,153,55,132
1,<environment.Job instance at 0x155195d693c0>,63,3,[1 8],85,161,164,76,135
1,<environment.Job instance at 0x155195d69dc0>,64,12,[1 7],86,153,165,67,136
1,<environment.Job instance at 0x15516c17a960>,65,3,[8 1],87,164,167,77,138
1,<environment.Job instance at 0x15516c42d550>,66,3,[10  1],88,167,170,79,141
1,<environment.Job instance at 0x15516cc75050>,67,3,[1 8],89,165,168,76,141
1,<environment.Job instance at 0x155174553410>,68,2,[2 9],90,168,170,78,141
1,<environment.Job instance at 0x15516c9fb410>,69,2,[8 2],91,170,172,79,143
1,<environment.Job instance at 0x15516c87a140>,70,2,[8 1],92,172,174,80,145
1,<environment.Job instance at 0x15516c87a4b0>,71,16,[7 2],94,170,186,76,157
1,<environment.Job instance at 0x155174744eb0>,72,1,[ 2 10],95,174,175,79,157
1,<environment.Job instance at 0x155174744c30>,73,3,[ 2 10],97,175,178,78,157
1,<environment.Job instance at 0x15516c52b050>,74,12,[ 2 11],98,178,190,80,161
1,<environment.Job instance at 0x15516c52bb90>,75,13,[1 7],100,190,203,90,174
1,<environment.Job instance at 0x155174ab0aa0>,76,16,[5 1],101,174,190,73,174
1,<environment.Job instance at 0x155174ab0eb0>,77,3,[2 5],103,190,193,87,174
1,<environment.Job instance at 0x155174ab0f50>,78,13,[1 5],104,193,206,89,177
1,<environment.Job instance at 0x155174ab0e10>,79,15,[5 1],106,186,201,80,177
1,<environment.Job instance at 0x15516c83e7d0>,80,23,[2 5],107,203,226,96,197
1,<environment.Job instance at 0x15516be660a0>,81,1,[6 1],108,197,198,89,197
1,<environment.Job instance at 0x15516f5d06e0>,82,18,[8 2],109,198,216,89,197
1,<environment.Job instance at 0x15516f5d08c0>,83,16,[2 9],110,216,232,106,203
1,<environment.Job instance at 0x155195e1ff00>,84,3,[2 6],111,206,209,95,203
1,<environment.Job instance at 0x155195e1f050>,85,3,[2 6],112,209,212,97,203
1,<environment.Job instance at 0x15518f5e54b0>,86,1,[5 2],113,212,213,99,203
1,<environment.Job instance at 0x155195e1fc30>,87,3,[7 1],114,216,219,102,203
1,<environment.Job instance at 0x15516c913410>,88,2,[2 6],115,213,215,98,203
1,<environment.Job instance at 0x15516c913a50>,89,3,[2 7],117,232,235,115,206
1,<environment.Job instance at 0x15516f2fd320>,90,18,[1 6],118,226,244,108,215
1,<environment.Job instance at 0x15516c9139b0>,91,3,[1 5],120,235,238,115,215
1,<environment.Job instance at 0x15516f297960>,92,2,[2 8],121,238,240,117,215
1,<environment.Job instance at 0x15516c913aa0>,93,17,[11  2],122,240,257,118,228
1,<environment.Job instance at 0x15516f297be0>,94,15,[1 5],123,240,255,117,228
1,<environment.Job instance at 0x15516f297aa0>,95,3,[2 5],125,244,247,119,228
1,<environment.Job instance at 0x15516f297370>,96,2,[6 2],126,232,234,106,228
1,<environment.Job instance at 0x15516f297af0>,97,16,[2 8],128,247,263,119,234
1,<environment.Job instance at 0x15516f2970f0>,98,2,[9 1],129,234,236,105,234
1,<environment.Job instance at 0x15516f297cd0>,99,18,[2 5],130,255,273,125,244
1,<environment.Job instance at 0x15516c1cd2d0>,100,3,[10  2],131,257,260,126,244
1,<environment.Job instance at 0x15516d0a90a0>,101,1,[6 1],134,260,261,126,244
1,<environment.Job instance at 0x15516c1cd9b0>,102,3,[10  1],135,261,264,126,244
1,<environment.Job instance at 0x155174a4b4b0>,103,3,[6 2],136,264,267,128,244
1,<environment.Job instance at 0x155174a4b9b0>,104,18,[ 1 14],137,273,291,136,262
1,<environment.Job instance at 0x155174a4baf0>,105,2,[7 1],138,264,266,126,262
1,<environment.Job instance at 0x15518f5da0f0>,106,3,[10  1],139,267,270,128,262
1,<environment.Job instance at 0x15518f5da4b0>,107,1,[6 1],140,266,267,126,262
1,<environment.Job instance at 0x15516f247c80>,108,18,[1 9],141,291,309,150,280
1,<environment.Job instance at 0x15518e95a1e0>,109,1,[2 7],142,309,310,167,281
1,<environment.Job instance at 0x1551c0173640>,110,3,[7 1],143,281,284,138,281
1,<environment.Job instance at 0x1551c0173820>,111,1,[8 2],144,291,292,147,281
1,<environment.Job instance at 0x1551740bb460>,112,28,[ 2 10],146,310,338,164,309
1,<environment.Job instance at 0x15516f149190>,113,15,[1 8],147,338,353,191,324
1,<environment.Job instance at 0x15516f149820>,114,2,[8 2],148,324,326,176,324
1,<environment.Job instance at 0x15516f149b40>,115,13,[6 1],149,326,339,177,324
1,<environment.Job instance at 0x15516c52bd70>,14,2,[7 2],21,375,377,354,375
1,<environment.Job instance at 0x15516c52b5a0>,15,1,[ 2 10],22,381,382,359,381
1,<environment.Job instance at 0x15516c98f140>,17,17,[2 6],30,35,52,5,35
1,<environment.Job instance at 0x15516c98f410>,18,3,[1 7],33,44,47,11,44
1,<environment.Job instance at 0x15516c98f280>,19,1,[8 2],34,44,45,10,44
1,<environment.Job instance at 0x15516c98f0a0>,20,2,[10  1],35,45,47,10,44
1,<environment.Job instance at 0x15516c963820>,21,2,[10  1],36,47,49,11,44
1,<environment.Job instance at 0x15516c963c80>,22,16,[10  2],37,49,65,12,44
1,<environment.Job instance at 0x15516c963910>,23,2,[2 5],38,47,49,9,44
1,<environment.Job instance at 0x15516bed2780>,24,1,[1 7],39,49,50,10,44
1,<environment.Job instance at 0x15516bed2550>,25,1,[2 9],40,52,53,12,44
1,<environment.Job instance at 0x15516bed2640>,26,3,[2 9],42,53,56,11,44
1,<environment.Job instance at 0x15516bed2410>,27,1,[9 2],43,65,66,22,44
1,<environment.Job instance at 0x15516f534550>,28,1,[7 2],45,66,67,21,45
1,<environment.Job instance at 0x15516f534230>,29,16,[5 2],46,56,72,10,46
1,<environment.Job instance at 0x15516f5340f0>,30,3,[10  2],48,67,70,19,48
1,<environment.Job instance at 0x15516f534b90>,31,1,[10  2],49,70,71,21,49
1,<environment.Job instance at 0x15516f5345f0>,32,2,[7 1],50,71,73,21,50
1,<environment.Job instance at 0x15516f534730>,33,2,[10  1],51,73,75,22,51
1,<environment.Job instance at 0x155174556960>,34,1,[1 7],52,65,66,13,52
1,<environment.Job instance at 0x1551745560f0>,35,1,[9 1],54,75,76,21,54
1,<environment.Job instance at 0x155174556550>,36,13,[ 2 11],55,71,84,16,55
1,<environment.Job instance at 0x155174556d70>,37,3,[9 2],56,76,79,20,56
1,<environment.Job instance at 0x155174556c80>,38,3,[10  2],58,79,82,21,58
1,<environment.Job instance at 0x1551747bf230>,39,3,[ 1 10],59,84,87,25,59
1,<environment.Job instance at 0x15516c5c9730>,40,2,[5 1],60,82,84,22,60
1,<environment.Job instance at 0x15516c5c9c80>,41,3,[ 2 10],62,87,90,25,62
1,<environment.Job instance at 0x15516c5c91e0>,42,2,[2 8],63,90,92,27,63
1,<environment.Job instance at 0x15516c5c9780>,43,2,[8 1],64,82,84,18,64
1,<environment.Job instance at 0x15516c5c9e10>,44,3,[2 8],67,92,95,25,67
1,<environment.Job instance at 0x15516c5c9be0>,45,3,[9 1],68,84,87,16,68
1,<environment.Job instance at 0x15516c5c9af0>,46,3,[2 9],70,95,98,25,70
1,<environment.Job instance at 0x15516c5c9370>,47,2,[10  2],71,87,89,16,71
1,<environment.Job instance at 0x15516f2c4320>,48,2,[ 1 10],72,98,100,26,72
1,<environment.Job instance at 0x15516f2c49b0>,49,3,[ 1 10],74,100,103,26,76
1,<environment.Job instance at 0x15518e9d6690>,50,1,[9 2],75,89,90,14,78
1,<environment.Job instance at 0x15518e9d6640>,51,1,[7 2],76,90,91,14,78
1,<environment.Job instance at 0x15516cc8d500>,52,2,[5 2],77,84,86,7,78
1,<environment.Job instance at 0x15516cc8dcd0>,53,3,[14  2],78,98,101,20,78
1,<environment.Job instance at 0x155174a57dc0>,54,2,[1 7],81,91,93,10,81
1,<environment.Job instance at 0x155174a57b40>,55,2,[2 6],82,93,95,11,82
1,<environment.Job instance at 0x15518e9c1640>,56,3,[6 1],84,93,96,9,84
1,<environment.Job instance at 0x15518e9c10f0>,57,16,[ 2 10],85,103,119,18,90
1,<environment.Job instance at 0x15518e9c1d20>,58,2,[5 1],87,95,97,8,90
1,<environment.Job instance at 0x15516c064870>,59,3,[6 1],88,101,104,13,90
1,<environment.Job instance at 0x15516c064280>,60,1,[10  1],89,97,98,8,90
1,<environment.Job instance at 0x15516c064f00>,61,15,[7 1],90,101,116,11,90
1,<environment.Job instance at 0x15516c064b90>,62,3,[ 2 10],91,119,122,28,93
1,<environment.Job instance at 0x15516c0648c0>,63,17,[2 9],93,122,139,29,110
1,<environment.Job instance at 0x15516c0645a0>,64,1,[9 2],94,116,117,22,112
1,<environment.Job instance at 0x15516c064fa0>,65,3,[2 9],95,139,142,44,113
1,<environment.Job instance at 0x155195d91370>,66,3,[2 5],96,117,120,21,113
1,<environment.Job instance at 0x15518ea83230>,67,3,[1 7],97,142,145,45,120
1,<environment.Job instance at 0x15518ea83370>,68,2,[2 6],98,125,127,27,125
1,<environment.Job instance at 0x15518ea83fa0>,69,2,[5 2],99,127,129,28,125
1,<environment.Job instance at 0x15518ea839b0>,70,12,[ 1 10],100,145,157,45,128
1,<environment.Job instance at 0x15518ea83320>,71,2,[1 5],101,129,131,28,128
1,<environment.Job instance at 0x15518ea83050>,72,12,[5 1],102,128,140,26,128
1,<environment.Job instance at 0x15516c3fb280>,73,1,[10  1],103,140,141,37,128
1,<environment.Job instance at 0x15518ea83e10>,74,3,[1 7],105,142,145,37,128
1,<environment.Job instance at 0x15516f158050>,75,1,[10  2],107,141,142,34,128
1,<environment.Job instance at 0x15516c446280>,76,1,[6 1],109,131,132,22,128
1,<environment.Job instance at 0x15517406c7d0>,77,13,[1 6],110,157,170,47,141
1,<environment.Job instance at 0x15518ea832d0>,78,2,[1 8],111,157,159,46,150
1,<environment.Job instance at 0x15517469c5f0>,79,17,[6 1],112,150,167,38,150
1,<environment.Job instance at 0x15518ea91a50>,80,1,[8 1],113,150,151,37,150
1,<environment.Job instance at 0x15518f380d70>,81,3,[1 6],114,159,162,45,150
1,<environment.Job instance at 0x15516f5485a0>,82,2,[1 9],117,167,169,50,150
1,<environment.Job instance at 0x1551961c1410>,83,17,[2 7],118,169,186,51,157
1,<environment.Job instance at 0x15518f74e730>,84,12,[5 1],119,169,181,50,157
1,<environment.Job instance at 0x15516f43d5f0>,85,16,[1 7],121,170,186,49,157
1,<environment.Job instance at 0x15516dcab640>,86,3,[2 6],122,162,165,40,157
1,<environment.Job instance at 0x15516dcab910>,87,17,[6 1],125,181,198,56,169
1,<environment.Job instance at 0x1551746b58c0>,88,3,[2 8],126,186,189,60,169
1,<environment.Job instance at 0x15516dc87e10>,89,2,[9 1],128,189,191,61,169
1,<environment.Job instance at 0x15518ea43780>,90,12,[5 2],129,191,203,62,174
1,<environment.Job instance at 0x15516c06c640>,91,1,[1 9],130,191,192,61,174
1,<environment.Job instance at 0x15516c06c460>,92,1,[1 5],131,186,187,55,174
1,<environment.Job instance at 0x15516f403550>,93,26,[2 7],132,192,218,60,189
1,<environment.Job instance at 0x15516c225d20>,94,3,[2 8],133,203,206,70,189
1,<environment.Job instance at 0x15516d12e2d0>,95,3,[2 9],134,218,221,84,192
1,<environment.Job instance at 0x15516be82af0>,96,15,[8 1],136,206,221,70,192
1,<environment.Job instance at 0x15518f6ed690>,97,1,[2 7],137,206,207,69,192
1,<environment.Job instance at 0x155174a54550>,98,1,[7 2],138,198,199,60,192
1,<environment.Job instance at 0x15516c18f730>,99,25,[1 7],139,221,246,82,217
1,<environment.Job instance at 0x155174780f00>,100,1,[ 2 10],140,246,247,106,226
1,<environment.Job instance at 0x155174780a50>,101,2,[2 5],141,227,229,86,227
1,<environment.Job instance at 0x155174abaa00>,102,15,[7 2],142,227,242,85,227
1,<environment.Job instance at 0x15516f59e190>,103,1,[7 2],145,229,230,84,227
1,<environment.Job instance at 0x15516c9fb5a0>,104,1,[1 8],146,242,243,96,227
1,<environment.Job instance at 0x15518cc9e6e0>,105,2,[1 7],147,243,245,96,227
1,<environment.Job instance at 0x15517465c9b0>,106,22,[ 1 10],148,247,269,99,240
1,<environment.Job instance at 0x15516f12ac30>,107,2,[1 6],149,269,271,120,242
1,<environment.Job instance at 0x155195d3b500>,4,17,[7 2],6,6,23,0,6
1,<environment.Job instance at 0x15516f12a1e0>,5,13,[2 5],7,7,20,0,7
1,<environment.Job instance at 0x15516f2e1870>,6,2,[6 1],9,9,11,0,9
1,<environment.Job instance at 0x15518eb25f00>,7,16,[6 1],10,11,27,1,10
1,<environment.Job instance at 0x155195d3b9b0>,8,1,[ 1 10],12,20,21,8,12
1,<environment.Job instance at 0x15518eb25be0>,9,3,[9 1],14,23,26,9,14
1,<environment.Job instance at 0x15516f161e60>,10,1,[8 2],16,26,27,10,16
1,<environment.Job instance at 0x15516c6ffa50>,11,3,[1 5],17,26,29,9,17
1,<environment.Job instance at 0x15516c6d0e10>,12,1,[10  1],19,27,28,8,19
1,<environment.Job instance at 0x15518f606500>,13,3,[8 1],20,28,31,8,20
1,<environment.Job instance at 0x15516c07f730>,14,2,[8 1],21,31,33,10,21
1,<environment.Job instance at 0x1551749fcf00>,15,1,[5 2],22,28,29,6,22
1,<environment.Job instance at 0x1551747725f0>,16,3,[1 7],23,27,30,4,23
1,<environment.Job instance at 0x15517469cdc0>,17,2,[5 1],24,29,31,5,24
1,<environment.Job instance at 0x15516c9602d0>,18,17,[1 5],26,29,46,3,26
1,<environment.Job instance at 0x15516c96c690>,19,2,[5 2],27,31,33,4,27
1,<environment.Job instance at 0x15518f799be0>,20,1,[1 5],28,30,31,2,28
1,<environment.Job instance at 0x15516c960050>,21,1,[8 2],29,33,34,4,29
1,<environment.Job instance at 0x155174a55730>,22,2,[7 1],30,34,36,4,30
1,<environment.Job instance at 0x15516c232d20>,23,1,[10  1],31,36,37,5,31
1,<environment.Job instance at 0x15516c224c30>,24,2,[ 1 10],32,37,39,5,32
1,<environment.Job instance at 0x15516c2240a0>,25,2,[1 8],33,33,35,0,33
1,<environment.Job instance at 0x15516c224320>,26,3,[2 5],34,39,42,5,34
1,<environment.Job instance at 0x15516c224730>,27,18,[10  1],35,39,57,4,35
1,<environment.Job instance at 0x15516c224af0>,28,2,[7 1],36,57,59,21,36
1,<environment.Job instance at 0x15516c224460>,29,15,[2 7],37,42,57,5,37
1,<environment.Job instance at 0x15516c2246e0>,30,1,[2 5],38,46,47,8,38
1,<environment.Job instance at 0x15516f573be0>,31,3,[ 1 11],41,57,60,16,41
1,<environment.Job instance at 0x15516f3f85f0>,32,2,[1 9],42,60,62,18,42
1,<environment.Job instance at 0x15516c05cbe0>,33,2,[2 5],43,47,49,4,43
1,<environment.Job instance at 0x15516c05c910>,34,3,[1 5],46,49,52,3,46
1,<environment.Job instance at 0x1551740bf140>,35,1,[8 1],47,59,60,12,47
1,<environment.Job instance at 0x155195d63320>,36,2,[8 2],48,60,62,12,48
1,<environment.Job instance at 0x155195d63e60>,37,14,[9 2],49,62,76,13,49
1,<environment.Job instance at 0x155195d635f0>,38,2,[5 2],50,57,59,7,50
1,<environment.Job instance at 0x155195d635a0>,39,3,[1 5],51,52,55,1,51
1,<environment.Job instance at 0x15516e6d7190>,40,1,[1 5],53,55,56,2,53
1,<environment.Job instance at 0x15516e6d7640>,41,16,[8 1],54,76,92,22,63
1,<environment.Job instance at 0x15516e6d7780>,42,14,[2 8],55,63,77,8,63
1,<environment.Job instance at 0x15516e6d7aa0>,43,15,[8 2],56,92,107,36,78
1,<environment.Job instance at 0x15516d25bcd0>,44,3,[1 7],58,78,81,20,78
1,<environment.Job instance at 0x15516d258b90>,45,3,[7 1],59,81,84,22,78
1,<environment.Job instance at 0x15516d258460>,46,2,[2 7],60,78,80,18,78
1,<environment.Job instance at 0x15516d258c80>,47,14,[ 2 10],61,84,98,23,78
1,<environment.Job instance at 0x1551740d4a00>,48,1,[1 9],62,98,99,36,78
1,<environment.Job instance at 0x15518e992730>,49,18,[5 2],63,84,102,21,78
1,<environment.Job instance at 0x15516c6c6050>,50,2,[1 8],65,99,101,34,78
1,<environment.Job instance at 0x15516c6c6780>,51,16,[1 6],66,101,117,35,88
1,<environment.Job instance at 0x15518e992aa0>,52,3,[2 6],68,102,105,34,88
1,<environment.Job instance at 0x15516f155a50>,53,14,[10  1],69,107,121,38,92
1,<environment.Job instance at 0x15516c446a00>,54,3,[ 1 14],70,117,120,47,92
1,<environment.Job instance at 0x15516f1555a0>,55,3,[5 1],71,120,123,49,94
1,<environment.Job instance at 0x15516c96d370>,56,2,[8 1],73,121,123,48,94
1,<environment.Job instance at 0x15516c5d3280>,57,3,[9 1],74,123,126,49,97
1,<environment.Job instance at 0x15516c96de60>,58,3,[8 2],75,126,129,51,100
1,<environment.Job instance at 0x15516f1dc8c0>,59,12,[7 2],77,126,138,49,109
1,<environment.Job instance at 0x155174a9d7d0>,60,2,[2 7],79,109,111,30,109
1,<environment.Job instance at 0x15517407f050>,61,17,[6 2],81,129,146,48,117
1,<environment.Job instance at 0x155174a5e5f0>,62,13,[ 2 10],82,129,142,47,117
1,<environment.Job instance at 0x15516c8f00f0>,63,2,[1 9],83,121,123,38,117
1,<environment.Job instance at 0x155195d71f00>,64,23,[1 5],84,142,165,58,136
1,<environment.Job instance at 0x155195d71c30>,65,1,[8 1],85,142,143,57,136
1,<environment.Job instance at 0x15516c6c7c30>,66,18,[10  1],86,146,164,60,136
1,<environment.Job instance at 0x15516c6c79b0>,67,1,[8 2],87,143,144,56,136
1,<environment.Job instance at 0x15516c6c77d0>,68,2,[7 1],88,138,140,50,136
1,<environment.Job instance at 0x15516f4016e0>,69,1,[5 1],89,140,141,51,136
1,<environment.Job instance at 0x15516f4017d0>,70,2,[2 8],90,144,146,54,136
1,<environment.Job instance at 0x15516dc98dc0>,71,3,[7 1],91,164,167,73,138
1,<environment.Job instance at 0x1551747b6b40>,72,3,[8 2],92,165,168,73,139
1,<environment.Job instance at 0x15516cc72460>,73,2,[10  1],94,168,170,74,141
1,<environment.Job instance at 0x15516cc63a00>,74,22,[5 1],96,167,189,71,160
1,<environment.Job instance at 0x15516cc630f0>,75,14,[9 2],99,170,184,71,160
1,<environment.Job instance at 0x1551759917d0>,76,16,[8 2],101,184,200,83,171
1,<environment.Job instance at 0x155175991640>,77,3,[1 5],102,171,174,69,171
1,<environment.Job instance at 0x155175991b40>,78,2,[5 2],103,189,191,86,171
1,<environment.Job instance at 0x15516c2f80a0>,79,13,[8 1],105,200,213,95,184
1,<environment.Job instance at 0x155175991f00>,80,1,[7 2],106,191,192,85,184
1,<environment.Job instance at 0x1551759918c0>,81,2,[2 8],107,184,186,77,184
1,<environment.Job instance at 0x155175991f50>,82,12,[9 1],108,213,225,105,196
1,<environment.Job instance at 0x15516c4aee10>,83,3,[9 2],110,225,228,115,199
1,<environment.Job instance at 0x15516c4ae550>,84,1,[ 2 10],111,199,200,88,199
1,<environment.Job instance at 0x15517403dc80>,85,2,[6 2],112,200,202,88,199
1,<environment.Job instance at 0x15517403d9b0>,86,1,[1 5],114,200,201,86,199
1,<environment.Job instance at 0x15517469bc30>,87,2,[5 2],115,202,204,87,199
1,<environment.Job instance at 0x15516c4284b0>,88,2,[8 1],116,228,230,112,201
1,<environment.Job instance at 0x15517403d410>,89,2,[8 1],117,230,232,113,203
1,<environment.Job instance at 0x1551749ea190>,90,17,[ 2 10],118,203,220,85,203
1,<environment.Job instance at 0x15516f5b04b0>,91,3,[10  2],119,232,235,113,206
1,<environment.Job instance at 0x1551749ea5a0>,92,18,[2 5],120,220,238,100,209
1,<environment.Job instance at 0x15516f3dc9b0>,93,3,[2 7],121,220,223,99,209
1,<environment.Job instance at 0x15516f3dc690>,94,18,[ 2 11],122,238,256,116,227
1,<environment.Job instance at 0x15516f3dc370>,95,2,[1 6],123,227,229,104,227
1,<environment.Job instance at 0x15516f3dc8c0>,96,16,[1 9],124,256,272,132,243
1,<environment.Job instance at 0x15516f3dc5a0>,97,2,[ 1 13],125,272,274,147,245
1,<environment.Job instance at 0x15516f3dc050>,98,13,[8 1],126,245,258,119,245
1,<environment.Job instance at 0x15516f3dc7d0>,99,1,[6 1],127,256,257,129,245
1,<environment.Job instance at 0x15516f3dc0a0>,100,2,[ 1 10],128,274,276,146,247
1,<environment.Job instance at 0x15516f3dcb40>,101,1,[5 1],129,247,248,118,247
1,<environment.Job instance at 0x15516f3dcf00>,102,3,[5 2],130,248,251,118,247
1,<environment.Job instance at 0x15516f3dce10>,103,17,[6 2],134,257,274,123,247
1,<environment.Job instance at 0x15516f3dc4b0>,104,3,[5 2],135,251,254,116,248
1,<environment.Job instance at 0x15516f3dcaa0>,105,15,[10  2],136,274,289,138,260
1,<environment.Job instance at 0x15518f7dc6e0>,106,2,[8 2],137,260,262,123,260
1,<environment.Job instance at 0x15518f7dc960>,107,2,[11  1],138,289,291,151,262
1,<environment.Job instance at 0x15518f7dc0a0>,108,1,[8 2],139,262,263,123,262
1,<environment.Job instance at 0x15518f7dcb90>,109,12,[1 8],140,276,288,136,262
1,<environment.Job instance at 0x15518f7dc870>,110,28,[ 2 10],141,288,316,147,287
1,<environment.Job instance at 0x15518f7dc8c0>,111,3,[9 1],144,291,294,147,287
1,<environment.Job instance at 0x15516c422f50>,112,14,[2 5],146,294,308,148,287
1,<environment.Job instance at 0x15516c422e60>,113,2,[1 8],147,316,318,169,289
1,<environment.Job instance at 0x15516c422460>,114,1,[5 1],148,308,309,160,289
1,<environment.Job instance at 0x15516c4220f0>,115,14,[1 7],149,316,330,167,301
1,<environment.Job instance at 0x15516c28e320>,2,3,[10  1],3,2444,2447,2441,2444
1,<environment.Job instance at 0x15516c086870>,15,3,[2 8],21,21,24,0,21
1,<environment.Job instance at 0x15516c69d640>,16,12,[7 2],22,22,34,0,22
1,<environment.Job instance at 0x15516c69d280>,17,1,[2 5],24,25,26,1,25
1,<environment.Job instance at 0x15516c69df50>,18,17,[ 1 10],26,27,44,1,27
1,<environment.Job instance at 0x15516c3ea640>,19,3,[1 6],29,44,47,15,29
1,<environment.Job instance at 0x15516f59ed20>,20,3,[2 6],30,68,71,38,68
1,<environment.Job instance at 0x15516c731cd0>,12,2,[1 8],18,108,110,90,108
1,<environment.Job instance at 0x15516f59e9b0>,21,3,[2 5],31,474,477,443,474
1,<environment.Job instance at 0x15516c422eb0>,23,12,[9 1],33,478,490,445,478
1,<environment.Job instance at 0x15516c422230>,24,3,[7 2],35,837,840,802,837
1,<environment.Job instance at 0x15516c165d20>,25,3,[1 6],37,856,859,819,856
1,<environment.Job instance at 0x15516c1985f0>,9,3,[1 5],13,13,16,0,13
1,<environment.Job instance at 0x15516c198820>,10,14,[1 7],14,14,28,0,14
1,<environment.Job instance at 0x15516c198190>,11,2,[1 8],16,16,18,0,16
1,<environment.Job instance at 0x15516c198730>,12,12,[5 2],17,18,30,1,17
1,<environment.Job instance at 0x15516c1986e0>,13,1,[2 9],18,28,29,10,18
1,<environment.Job instance at 0x15516c198c30>,14,1,[10  2],19,29,30,10,19
1,<environment.Job instance at 0x15516c198b40>,15,2,[5 2],22,22,24,0,22
1,<environment.Job instance at 0x15516c198d20>,16,2,[10  1],23,30,32,7,23
1,<environment.Job instance at 0x15516c198fa0>,17,17,[7 1],25,32,49,7,25
1,<environment.Job instance at 0x15516c198370>,18,1,[7 2],26,26,27,0,26
1,<environment.Job instance at 0x15516f230e60>,19,15,[7 1],27,32,47,5,27
1,<environment.Job instance at 0x15516f230fa0>,20,13,[5 2],33,47,60,14,33
1,<environment.Job instance at 0x15518e9a87d0>,21,3,[1 9],34,34,37,0,34
1,<environment.Job instance at 0x15518e9a8460>,22,1,[1 7],37,37,38,0,37
1,<environment.Job instance at 0x15518e9a80f0>,23,14,[7 1],39,49,63,10,39
1,<environment.Job instance at 0x15518e9a8960>,24,3,[6 2],40,60,63,20,40
1,<environment.Job instance at 0x15518e9a8910>,25,17,[6 2],45,63,80,18,51
1,<environment.Job instance at 0x15518e9a8b40>,26,2,[8 1],46,63,65,17,51
1,<environment.Job instance at 0x15518e9a8550>,27,3,[8 2],48,65,68,17,51
1,<environment.Job instance at 0x15518e9a8d20>,28,14,[10  2],49,80,94,31,65
1,<environment.Job instance at 0x15518e9a8780>,29,2,[2 6],50,68,70,18,65
1,<environment.Job instance at 0x15518e9a8500>,30,17,[1 9],51,70,87,19,65
1,<environment.Job instance at 0x15516c8644b0>,31,3,[1 6],52,65,68,13,65
1,<environment.Job instance at 0x15516c864730>,32,1,[8 1],53,70,71,17,65
1,<environment.Job instance at 0x15516c864a00>,33,1,[6 1],54,68,69,14,65
1,<environment.Job instance at 0x15516c422c80>,34,1,[1 9],58,87,88,29,65
1,<environment.Job instance at 0x15516c422370>,35,3,[10  2],62,94,97,32,68
1,<environment.Job instance at 0x15516c4223c0>,36,17,[6 1],63,97,114,34,85
1,<environment.Job instance at 0x15516c4221e0>,37,1,[2 8],64,88,89,24,85
1,<environment.Job instance at 0x15516c422fa0>,38,2,[9 1],67,97,99,30,85
1,<environment.Job instance at 0x15516c422730>,39,18,[2 8],68,99,117,31,88
1,<environment.Job instance at 0x15516c4226e0>,40,13,[7 2],71,99,112,28,88
1,<environment.Job instance at 0x15516c422640>,41,2,[6 2],72,112,114,40,88
1,<environment.Job instance at 0x15516c422b90>,42,3,[5 2],77,89,92,12,88
1,<environment.Job instance at 0x15516c422410>,43,3,[ 2 10],78,92,95,14,88
1,<environment.Job instance at 0x15516c422c30>,44,3,[1 5],80,114,117,34,88
1,<environment.Job instance at 0x15516c422960>,45,1,[9 1],81,114,115,33,88
1,<environment.Job instance at 0x15516c422b40>,46,2,[1 7],83,95,97,12,88
1,<environment.Job instance at 0x15516c422d70>,47,2,[2 5],84,95,97,11,88
1,<environment.Job instance at 0x15516c422780>,48,16,[5 2],85,115,131,30,102
1,<environment.Job instance at 0x15516cc7ad70>,49,13,[ 1 13],86,117,130,31,102
1,<environment.Job instance at 0x15516cc7aaa0>,50,2,[10  1],87,130,132,43,103
1,<environment.Job instance at 0x15516cc7a230>,51,2,[8 1],88,132,134,44,105
1,<environment.Job instance at 0x15516cc7a8c0>,52,3,[2 9],90,131,134,41,105
1,<environment.Job instance at 0x15516cc7a730>,53,1,[1 9],91,134,135,43,106
1,<environment.Job instance at 0x15516cc7a500>,54,18,[8 2],92,134,152,42,123
1,<environment.Job instance at 0x15516cc7a690>,55,2,[5 1],93,132,134,39,123
1,<environment.Job instance at 0x15516cc7a870>,56,3,[2 5],94,135,138,41,123
1,<environment.Job instance at 0x15516cc7a460>,57,1,[6 1],95,134,135,39,123
1,<environment.Job instance at 0x15516cc7abe0>,58,1,[5 2],97,135,136,38,123
1,<environment.Job instance at 0x15516cc7a5f0>,59,1,[6 1],98,138,139,40,123
1,<environment.Job instance at 0x15516e6d5a00>,60,3,[2 5],104,139,142,35,123
1,<environment.Job instance at 0x15516e6d5b90>,61,2,[2 5],106,136,138,30,123
1,<environment.Job instance at 0x15516e6d54b0>,62,1,[2 9],107,142,143,35,123
1,<environment.Job instance at 0x15516e6d5050>,63,18,[7 2],109,143,161,34,132
1,<environment.Job instance at 0x15516e6d58c0>,64,15,[1 5],110,152,167,42,138
1,<environment.Job instance at 0x15516e6d50a0>,65,2,[2 9],111,161,163,50,138
1,<environment.Job instance at 0x15516e6d52d0>,66,2,[6 2],112,152,154,40,138
1,<environment.Job instance at 0x15516e6d59b0>,67,3,[2 6],113,139,142,26,138
1,<environment.Job instance at 0x15516e6d55f0>,68,2,[1 6],114,152,154,38,138
1,<environment.Job instance at 0x15516e6d57d0>,69,1,[2 5],115,154,155,39,138
1,<environment.Job instance at 0x15516e6d5730>,70,1,[2 8],116,155,156,39,138
1,<environment.Job instance at 0x15516e6d5c30>,71,2,[10  1],117,161,163,44,138
1,<environment.Job instance at 0x15516e6d5370>,72,2,[7 1],118,156,158,38,138
1,<environment.Job instance at 0x15516e6d5cd0>,73,2,[7 2],119,158,160,39,138
1,<environment.Job instance at 0x15516e6d5870>,74,1,[9 2],120,163,164,43,138
1,<environment.Job instance at 0x15516c105820>,75,2,[9 1],121,164,166,43,138
1,<environment.Job instance at 0x15516c105960>,76,3,[9 1],123,166,169,43,140
1,<environment.Job instance at 0x15516c105190>,77,14,[8 2],125,169,183,44,154
1,<environment.Job instance at 0x15516c105140>,78,3,[2 9],126,164,167,38,154
1,<environment.Job instance at 0x15516c105b90>,79,2,[1 9],128,167,169,39,154
1,<environment.Job instance at 0x15516c105870>,80,3,[ 2 12],130,169,172,39,154
1,<environment.Job instance at 0x15516c1051e0>,81,3,[9 1],131,183,186,52,157
1,<environment.Job instance at 0x15516c105c80>,82,3,[1 8],133,172,175,39,157
1,<environment.Job instance at 0x15516c105d70>,83,2,[5 1],137,167,169,30,157
1,<environment.Job instance at 0x15516c105dc0>,84,1,[2 5],138,160,161,22,157
1,<environment.Job instance at 0x15517597dd70>,85,2,[1 8],139,175,177,36,157
1,<environment.Job instance at 0x15516c93b4b0>,86,17,[1 6],140,177,194,37,165
1,<environment.Job instance at 0x15516dc80370>,87,17,[10  2],141,186,203,45,174
1,<environment.Job instance at 0x15518ea1f140>,88,12,[1 7],142,177,189,35,174
1,<environment.Job instance at 0x1551c016edc0>,89,2,[11  1],144,203,205,59,176
1,<environment.Job instance at 0x15518ea1f640>,90,3,[9 1],147,205,208,58,179
1,<environment.Job instance at 0x15518ea1fa00>,91,27,[9 2],148,208,235,60,206
1,<environment.Job instance at 0x15518ea1f0a0>,92,2,[7 1],149,235,237,86,208
1,<environment.Job instance at 0x15516c198f50>,5,2,[14  1],7,2260,2262,2253,2260
1,<environment.Job instance at 0x15516be8e820>,18,1,[9 1],22,101,102,79,101
1,<environment.Job instance at 0x15518ea5d140>,20,1,[6 2],24,190,191,166,190
1,<environment.Job instance at 0x155174745050>,22,13,[1 6],27,274,287,247,274
1,<environment.Job instance at 0x15518e3067d0>,22,24,[9 2],31,55,79,24,55
1,<environment.Job instance at 0x1551954beaf0>,16,2,[1 8],23,55,57,32,55
1,<environment.Job instance at 0x15518e93f320>,27,14,[9 1],39,79,93,40,64
1,<environment.Job instance at 0x15518e93f780>,28,1,[1 9],40,64,65,24,64
1,<environment.Job instance at 0x15518e9e74b0>,29,1,[10  2],41,93,94,52,65
1,<environment.Job instance at 0x15518e9e7d70>,30,3,[1 7],44,65,68,21,65
1,<environment.Job instance at 0x15518e93fcd0>,31,1,[6 2],45,68,69,23,65
1,<environment.Job instance at 0x155195d692d0>,32,15,[7 2],46,94,109,48,80
1,<environment.Job instance at 0x15516f15d780>,33,2,[7 2],47,94,96,47,80
1,<environment.Job instance at 0x15516f1dcb40>,34,13,[6 1],48,80,93,32,80
1,<environment.Job instance at 0x15516f1dc8c0>,35,2,[1 5],49,93,95,44,80
1,<environment.Job instance at 0x15516d0a9690>,36,2,[6 1],50,96,98,46,80
1,<environment.Job instance at 0x155175988b90>,37,15,[2 8],52,96,111,44,82
1,<environment.Job instance at 0x155175988cd0>,38,17,[8 1],53,109,126,56,97
1,<environment.Job instance at 0x15516f15d960>,39,1,[ 2 10],55,111,112,56,97
1,<environment.Job instance at 0x15516c60c6e0>,40,2,[2 8],58,112,114,54,97
1,<environment.Job instance at 0x15516c60cd20>,41,16,[8 1],60,126,142,66,113
1,<environment.Job instance at 0x15516c60c2d0>,42,2,[6 2],61,114,116,53,113
1,<environment.Job instance at 0x15516c60ca50>,43,1,[2 5],62,113,114,51,113
1,<environment.Job instance at 0x15516c60c550>,44,3,[2 8],66,116,119,50,113
1,<environment.Job instance at 0x15516c60c140>,45,2,[1 9],67,114,116,47,113
1,<environment.Job instance at 0x15516c60c190>,46,3,[2 6],68,116,119,48,113
1,<environment.Job instance at 0x1551c0180960>,47,2,[5 2],69,119,121,50,113
1,<environment.Job instance at 0x1551c01808c0>,48,2,[ 2 10],72,119,121,47,113
1,<environment.Job instance at 0x1551c0180910>,49,3,[2 8],73,121,124,48,113
1,<environment.Job instance at 0x1551c0180780>,50,1,[2 5],74,121,122,47,113
1,<environment.Job instance at 0x1551c0180190>,51,2,[5 1],75,122,124,47,113
1,<environment.Job instance at 0x1551c0180140>,52,17,[6 2],76,124,141,48,113
1,<environment.Job instance at 0x1551c01804b0>,53,1,[9 1],77,142,143,65,114
1,<environment.Job instance at 0x15516c0758c0>,54,12,[1 7],79,124,136,45,114
1,<environment.Job instance at 0x15518cc9fa00>,55,1,[7 1],80,141,142,61,114
1,<environment.Job instance at 0x155174a55b40>,56,2,[2 7],81,142,144,61,115
1,<environment.Job instance at 0x1551746da690>,57,23,[2 9],82,144,167,62,138
1,<environment.Job instance at 0x15516c4c0050>,58,15,[5 2],83,143,158,60,138
1,<environment.Job instance at 0x15516c4c0780>,59,2,[7 1],84,143,145,59,138
1,<environment.Job instance at 0x15516c4c0e10>,60,1,[1 6],86,138,139,52,138
1,<environment.Job instance at 0x155195d3bf50>,61,2,[6 2],87,145,147,58,138
1,<environment.Job instance at 0x155195d3b500>,62,2,[10  2],89,158,160,69,138
1,<environment.Job instance at 0x155195d3b280>,63,2,[2 7],93,167,169,74,140
1,<environment.Job instance at 0x1551759758c0>,64,3,[8 1],94,147,150,53,140
1,<environment.Job instance at 0x1551954d6730>,65,1,[8 2],96,150,151,54,140
1,<environment.Job instance at 0x15516c227fa0>,66,3,[8 2],98,151,154,53,140
1,<environment.Job instance at 0x155175975fa0>,67,2,[8 1],100,154,156,54,140
1,<environment.Job instance at 0x15516d0cb320>,68,3,[2 7],101,167,170,66,141
1,<environment.Job instance at 0x15516d0cb230>,69,1,[1 6],102,142,143,40,141
1,<environment.Job instance at 0x15516d0cbd70>,70,1,[8 1],106,156,157,50,141
1,<environment.Job instance at 0x15516d0cb8c0>,71,1,[10  1],107,160,161,53,141
1,<environment.Job instance at 0x15516d0cbe60>,72,15,[2 8],108,169,184,61,155
1,<environment.Job instance at 0x15516d0cb6e0>,73,2,[9 1],109,161,163,52,155
1,<environment.Job instance at 0x15516d0cbaf0>,74,12,[8 1],110,170,182,60,155
1,<environment.Job instance at 0x15516d0cbeb0>,75,12,[7 1],111,182,194,71,165
1,<environment.Job instance at 0x15516d0cbe10>,76,3,[10  1],112,165,168,53,165
1,<environment.Job instance at 0x15516d0cb9b0>,77,3,[7 1],113,184,187,71,165
1,<environment.Job instance at 0x15516d205320>,78,2,[2 8],115,187,189,72,165
1,<environment.Job instance at 0x15516d205690>,79,16,[1 9],116,189,205,73,176
1,<environment.Job instance at 0x15516d205050>,80,3,[13  1],117,194,197,77,176
1,<environment.Job instance at 0x15516d205cd0>,81,3,[2 9],118,205,208,87,179
1,<environment.Job instance at 0x15516d205d20>,82,1,[2 9],119,208,209,89,180
1,<environment.Job instance at 0x15516d205e10>,83,3,[1 8],124,184,187,60,180
1,<environment.Job instance at 0x15516d2058c0>,84,1,[10  1],125,197,198,72,180
1,<environment.Job instance at 0x15516d205d70>,85,1,[7 2],126,189,190,63,180
1,<environment.Job instance at 0x15516d205b40>,86,3,[1 7],127,209,212,82,183
1,<environment.Job instance at 0x15516d205fa0>,87,1,[2 9],128,212,213,84,184
1,<environment.Job instance at 0x15516d205a50>,88,3,[1 8],130,209,212,79,184
1,<environment.Job instance at 0x15516d205b90>,89,14,[ 1 10],133,213,227,80,198
1,<environment.Job instance at 0x15516d2054b0>,90,1,[1 6],136,198,199,62,198
1,<environment.Job instance at 0x15516d205140>,91,14,[2 9],138,227,241,89,212
1,<environment.Job instance at 0x15516c696cd0>,95,3,[ 2 10],142,241,244,99,216
1,<environment.Job instance at 0x15518f5dac80>,14,16,[7 1],21,808,824,787,808
1,<environment.Job instance at 0x155174b004b0>,2,22,[2 8],4,4,26,0,4
1,<environment.Job instance at 0x15516c667500>,9,3,[10  2],15,15,18,0,15
1,<environment.Job instance at 0x15516bece140>,10,13,[9 1],16,18,31,2,16
1,<environment.Job instance at 0x15516f4502d0>,11,1,[ 1 10],17,26,27,9,17
1,<environment.Job instance at 0x15516c22a690>,12,1,[10  2],18,31,32,13,18
1,<environment.Job instance at 0x15517596c7d0>,13,16,[5 1],19,26,42,7,19
1,<environment.Job instance at 0x15517596ca00>,14,3,[6 1],20,32,35,12,20
1,<environment.Job instance at 0x15517596c910>,15,13,[2 5],22,32,45,10,22
1,<environment.Job instance at 0x15517596c0a0>,16,2,[2 8],23,32,34,9,23
1,<environment.Job instance at 0x155174606b90>,17,3,[1 7],25,27,30,2,25
1,<environment.Job instance at 0x15516c0575a0>,18,2,[8 1],27,35,37,8,27
1,<environment.Job instance at 0x15516c645b40>,19,3,[9 2],28,42,45,14,28
1,<environment.Job instance at 0x15516c645870>,20,13,[2 5],32,37,50,5,32
1,<environment.Job instance at 0x15516c645f50>,21,12,[2 7],33,45,57,12,33
1,<environment.Job instance at 0x15516c1d1500>,22,13,[7 2],34,45,58,11,34
1,<environment.Job instance at 0x15516c1d1c30>,23,14,[7 1],35,57,71,22,42
1,<environment.Job instance at 0x15516c1d1b90>,24,3,[2 6],36,50,53,14,42
1,<environment.Job instance at 0x15516c1d1cd0>,25,3,[8 1],37,58,61,21,42
1,<environment.Job instance at 0x15516c1d1c80>,26,1,[6 1],38,53,54,15,42
1,<environment.Job instance at 0x15516c1d1140>,27,3,[6 1],39,54,57,15,42
1,<environment.Job instance at 0x15516c1d1280>,28,3,[9 1],40,71,74,31,45
1,<environment.Job instance at 0x1551746bd690>,29,3,[2 9],41,61,64,20,45
1,<environment.Job instance at 0x1551746bdf00>,30,14,[2 5],42,61,75,19,46
1,<environment.Job instance at 0x1551746bdb40>,31,1,[10  2],45,74,75,29,46
1,<environment.Job instance at 0x1551746bdcd0>,32,1,[5 1],46,64,65,18,46
1,<environment.Job instance at 0x15518c034370>,33,3,[1 8],47,64,67,17,47
1,<environment.Job instance at 0x15518c034820>,34,2,[5 1],48,65,67,17,48
1,<environment.Job instance at 0x15518c034d70>,35,15,[9 2],50,75,90,25,61
1,<environment.Job instance at 0x15518c034fa0>,36,2,[2 8],52,67,69,15,61
1,<environment.Job instance at 0x15518c034a50>,37,1,[ 1 10],53,75,76,22,61
1,<environment.Job instance at 0x15518c034910>,38,16,[8 1],55,90,106,35,77
1,<environment.Job instance at 0x15518f5de9b0>,39,3,[8 2],56,106,109,50,80
1,<environment.Job instance at 0x15518f5de550>,40,1,[2 8],57,80,81,23,80
1,<environment.Job instance at 0x15518f5de5a0>,41,1,[5 1],58,81,82,23,80
1,<environment.Job instance at 0x15516c6be6e0>,42,3,[5 1],59,82,85,23,80
1,<environment.Job instance at 0x15516c6be320>,43,18,[5 2],60,85,103,25,80
1,<environment.Job instance at 0x15516c6beaf0>,44,2,[6 2],65,103,105,38,80
1,<environment.Job instance at 0x15516c6be780>,45,12,[2 8],66,90,102,24,80
1,<environment.Job instance at 0x15516c6be370>,46,13,[9 2],68,109,122,41,93
1,<environment.Job instance at 0x15516c6bebe0>,47,18,[ 1 10],70,102,120,32,93
1,<environment.Job instance at 0x15516c6bef00>,48,18,[2 6],71,120,138,49,109
1,<environment.Job instance at 0x15516c6be410>,49,15,[5 2],72,122,137,50,109
1,<environment.Job instance at 0x15516c5d3aa0>,50,13,[1 6],73,120,133,47,109
1,<environment.Job instance at 0x15516c5d3550>,51,2,[8 1],74,133,135,59,109
1,<environment.Job instance at 0x15516c5d3190>,52,1,[10  1],75,137,138,62,109
1,<environment.Job instance at 0x15516c5d32d0>,53,2,[5 1],76,109,111,33,109
1,<environment.Job instance at 0x15516be7edc0>,54,1,[1 6],77,135,136,58,109
1,<environment.Job instance at 0x15516c5d3780>,55,12,[5 2],78,138,150,60,121
1,<environment.Job instance at 0x15516c4ecaf0>,56,3,[9 2],80,138,141,58,121
1,<environment.Job instance at 0x15516c4eda00>,57,13,[ 1 14],82,150,163,68,134
1,<environment.Job instance at 0x15516d1eb050>,58,1,[10  1],85,141,142,56,134
1,<environment.Job instance at 0x15516f57d2d0>,59,14,[6 1],86,142,156,56,134
1,<environment.Job instance at 0x15518cc9e9b0>,60,12,[2 8],87,163,175,76,146
1,<environment.Job instance at 0x15516f57dd20>,61,2,[2 6],89,146,148,57,146
1,<environment.Job instance at 0x15516c9e53c0>,62,3,[1 6],90,146,149,56,146
1,<environment.Job instance at 0x15516f57d690>,63,3,[1 9],91,175,178,84,149
1,<environment.Job instance at 0x15516f57d320>,64,2,[7 2],92,163,165,71,149
1,<environment.Job instance at 0x15516c40b820>,65,2,[9 1],94,156,158,62,149
1,<environment.Job instance at 0x15516c40b370>,66,2,[2 6],98,165,167,67,149
1,<environment.Job instance at 0x15516f56bfa0>,67,3,[2 7],100,167,170,67,149
1,<environment.Job instance at 0x15516c17ffa0>,68,3,[6 2],102,170,173,68,149
1,<environment.Job instance at 0x15516c17f960>,69,3,[2 5],104,170,173,66,149
1,<environment.Job instance at 0x15516c278d20>,70,21,[1 9],105,178,199,73,170
1,<environment.Job instance at 0x15516c278640>,71,1,[2 6],107,173,174,66,170
1,<environment.Job instance at 0x15516c278500>,72,2,[9 1],108,173,175,65,170
1,<environment.Job instance at 0x15518e2e36e0>,73,16,[ 1 10],110,199,215,89,186
1,<environment.Job instance at 0x15518e2e3dc0>,74,18,[10  1],111,186,204,75,186
1,<environment.Job instance at 0x15518e2e3190>,75,2,[7 2],112,204,206,92,186
1,<environment.Job instance at 0x15518e2e3140>,76,2,[13  2],113,206,208,93,186
1,<environment.Job instance at 0x15518e2e3d70>,77,15,[10  2],114,208,223,94,194
1,<environment.Job instance at 0x15518e2e3eb0>,78,3,[7 2],116,223,226,107,197
1,<environment.Job instance at 0x15516c42fd20>,79,16,[1 8],117,215,231,98,202
1,<environment.Job instance at 0x15516c42f550>,80,3,[5 1],119,223,226,104,202
1,<environment.Job instance at 0x15516c42f370>,81,1,[2 9],121,231,232,110,203
1,<environment.Job instance at 0x15516c61e910>,82,1,[5 2],122,204,205,82,203
1,<environment.Job instance at 0x15516c820320>,83,3,[6 2],123,226,229,103,203
1,<environment.Job instance at 0x15516c42f190>,84,18,[1 7],124,232,250,108,221
1,<environment.Job instance at 0x15516dc98cd0>,85,16,[9 1],126,229,245,103,221
1,<environment.Job instance at 0x15516dc98910>,86,1,[1 9],127,250,251,123,222
1,<environment.Job instance at 0x15516dc98280>,87,1,[8 1],128,226,227,98,222
1,<environment.Job instance at 0x1551740dceb0>,88,2,[9 1],130,245,247,115,222
1,<environment.Job instance at 0x1551740dc1e0>,89,1,[1 6],131,229,230,98,222
1,<environment.Job instance at 0x1551740dcb40>,90,2,[1 5],132,227,229,95,222
1,<environment.Job instance at 0x15516c072370>,91,3,[6 1],133,247,250,114,222
1,<environment.Job instance at 0x15516c072a00>,92,16,[6 2],134,247,263,113,234
1,<environment.Job instance at 0x15518f663aa0>,93,2,[1 7],136,234,236,98,234
1,<environment.Job instance at 0x15516c470550>,94,3,[1 6],137,236,239,99,234
1,<environment.Job instance at 0x15516c4702d0>,95,1,[7 1],138,250,251,112,234
1,<environment.Job instance at 0x15516c470730>,96,13,[7 1],139,251,264,112,235
1,<environment.Job instance at 0x15516c470500>,97,1,[ 2 10],141,251,252,110,235
1,<environment.Job instance at 0x15518f614500>,98,14,[10  2],142,264,278,122,249
1,<environment.Job instance at 0x15518f614f00>,99,1,[2 8],143,252,253,109,249
1,<environment.Job instance at 0x15518f614fa0>,100,3,[7 2],144,278,281,134,252
1,<environment.Job instance at 0x15518f614410>,101,1,[2 8],145,253,254,108,252
1,<environment.Job instance at 0x15518f614be0>,102,3,[2 7],146,254,257,108,252
1,<environment.Job instance at 0x15518e9e5f50>,103,1,[10  2],147,281,282,134,253
1,<environment.Job instance at 0x15518e9e5230>,104,13,[2 7],148,257,270,109,253
1,<environment.Job instance at 0x15518e9e5320>,105,2,[8 1],149,278,280,129,253
1,<environment.Job instance at 0x15516c1a06e0>,7,1,[10  2],9,282,283,273,266
1,<environment.Job instance at 0x15518c0464b0>,5,18,[1 6],7,7,25,0,7
1,<environment.Job instance at 0x15516c645aa0>,6,3,[9 1],8,8,11,0,8
1,<environment.Job instance at 0x15516c3c9730>,7,3,[9 1],9,11,14,2,9
1,<environment.Job instance at 0x15516c3c9cd0>,8,15,[14  1],10,14,29,4,10
1,<environment.Job instance at 0x15516f483eb0>,9,1,[7 1],11,29,30,18,11
1,<environment.Job instance at 0x15516f483c80>,10,14,[1 8],13,25,39,12,13
1,<environment.Job instance at 0x15516f4835a0>,11,3,[10  1],15,30,33,15,15
1,<environment.Job instance at 0x15516c7f37d0>,12,3,[ 1 10],17,39,42,22,17
1,<environment.Job instance at 0x15516c7f3190>,13,1,[7 1],18,29,30,11,18
1,<environment.Job instance at 0x15519571a140>,14,18,[ 2 10],21,42,60,21,31
1,<environment.Job instance at 0x15519571aa50>,15,12,[5 1],23,33,45,10,31
1,<environment.Job instance at 0x1551c0180f50>,16,3,[9 2],24,33,36,9,31
1,<environment.Job instance at 0x15519571a5a0>,17,3,[8 1],26,36,39,10,31
1,<environment.Job instance at 0x1551c0180320>,18,18,[1 9],28,60,78,32,49
1,<environment.Job instance at 0x15516c3ff5a0>,19,2,[5 1],29,49,51,20,49
1,<environment.Job instance at 0x15516c3ff4b0>,20,3,[1 9],31,78,81,47,52
1,<environment.Job instance at 0x15516c731d70>,21,22,[1 7],32,81,103,49,74
1,<environment.Job instance at 0x15518cc7cd20>,22,1,[10  2],35,74,75,39,74
1,<environment.Job instance at 0x15516c60aeb0>,23,28,[2 9],36,103,131,67,102
1,<environment.Job instance at 0x15518f642f00>,24,3,[8 1],37,102,105,65,102
1,<environment.Job instance at 0x15518eb25d20>,25,1,[1 6],38,102,103,64,102
1,<environment.Job instance at 0x155174ac79b0>,26,1,[2 7],39,131,132,92,103
1,<environment.Job instance at 0x15516f28b230>,27,2,[ 1 10],40,132,134,92,105
1,<environment.Job instance at 0x15516f28bb40>,28,1,[7 1],41,105,106,64,105
1,<environment.Job instance at 0x15516f1f6be0>,29,2,[9 1],42,106,108,64,105
1,<environment.Job instance at 0x15516f1f6a00>,30,1,[5 1],44,105,106,61,105
1,<environment.Job instance at 0x15516f5cc4b0>,31,1,[2 7],45,131,132,86,105
1,<environment.Job instance at 0x15516bfd88c0>,32,15,[5 1],46,108,123,62,105
1,<environment.Job instance at 0x15516f33c8c0>,33,1,[10  1],47,123,124,76,105
1,<environment.Job instance at 0x15516c908910>,34,1,[6 2],48,108,109,60,105
1,<environment.Job instance at 0x15516c7bcd70>,35,13,[ 2 10],49,134,147,85,118
1,<environment.Job instance at 0x15516d0d5870>,36,3,[ 1 10],50,147,150,97,121
1,<environment.Job instance at 0x15518eb5abe0>,37,17,[1 7],51,150,167,99,138
1,<environment.Job instance at 0x15516c3f20a0>,38,2,[1 9],52,167,169,115,140
1,<environment.Job instance at 0x15518f663c80>,39,3,[1 7],56,150,153,94,140
1,<environment.Job instance at 0x15516cc80dc0>,40,1,[5 1],58,140,141,82,140
1,<environment.Job instance at 0x15516cc807d0>,41,22,[5 2],59,153,175,94,146
1,<environment.Job instance at 0x15516cc80910>,42,1,[5 1],60,146,147,86,146
1,<environment.Job instance at 0x15516c4befa0>,43,2,[1 6],62,153,155,91,146
1,<environment.Job instance at 0x15516cc806e0>,44,12,[ 1 10],64,169,181,105,152
1,<environment.Job instance at 0x15516c3cf910>,45,1,[ 1 11],66,181,182,115,153
1,<environment.Job instance at 0x15516c4be960>,46,13,[6 1],67,155,168,88,153
1,<environment.Job instance at 0x155195d5cdc0>,47,19,[7 2],68,168,187,100,158
1,<environment.Job instance at 0x155174a23b90>,48,13,[5 2],69,175,188,106,159
1,<environment.Job instance at 0x15517406c1e0>,49,13,[9 2],70,187,200,117,171
1,<environment.Job instance at 0x15517406cbe0>,50,1,[2 6],71,182,183,111,171
1,<environment.Job instance at 0x15517406c780>,51,12,[1 8],72,183,195,111,171
1,<environment.Job instance at 0x15517406ce60>,52,1,[2 5],73,188,189,115,171
1,<environment.Job instance at 0x1551749ed4b0>,53,17,[1 8],75,195,212,120,183
1,<environment.Job instance at 0x15516f13c230>,54,2,[10  1],76,200,202,124,183
1,<environment.Job instance at 0x15516f13c1e0>,55,25,[7 2],78,202,227,124,198
1,<environment.Job instance at 0x15516f13c370>,56,1,[ 2 10],79,212,213,133,198
1,<environment.Job instance at 0x15516f13cc80>,57,3,[2 9],80,213,216,133,198
1,<environment.Job instance at 0x15516f13ca50>,58,3,[1 6],81,216,219,135,198
1,<environment.Job instance at 0x15516f13c0f0>,59,18,[ 1 12],82,219,237,137,208
1,<environment.Job instance at 0x15516f13ceb0>,60,2,[ 1 10],83,237,239,154,210
1,<environment.Job instance at 0x15516f13c730>,61,1,[2 9],84,239,240,155,211
1,<environment.Job instance at 0x15516f13c4b0>,62,21,[10  1],85,227,248,142,219
1,<environment.Job instance at 0x15516bf5d5a0>,63,14,[1 8],87,240,254,153,225
1,<environment.Job instance at 0x15516f13cf50>,64,3,[7 2],88,248,251,160,225
1,<environment.Job instance at 0x1551c32683c0>,65,2,[7 1],89,225,227,136,225
1,<environment.Job instance at 0x15516f13c960>,66,1,[9 2],90,251,252,161,225
1,<environment.Job instance at 0x15516f13c820>,67,2,[5 1],91,248,250,157,225
1,<environment.Job instance at 0x15516f13c8c0>,68,14,[2 9],92,254,268,162,239
1,<environment.Job instance at 0x15516f13c7d0>,69,3,[1 5],94,239,242,145,239
1,<environment.Job instance at 0x15516bf13b40>,70,15,[10  1],95,252,267,157,239
1,<environment.Job instance at 0x15516bf13730>,71,17,[1 9],98,268,285,170,256
1,<environment.Job instance at 0x15516c00ae10>,72,1,[5 1],99,267,268,168,256
1,<environment.Job instance at 0x15516f57d370>,73,3,[6 1],100,267,270,167,256
1,<environment.Job instance at 0x15516f1bfa00>,74,3,[8 2],103,268,271,165,256
1,<environment.Job instance at 0x15516c68e140>,75,18,[7 1],105,271,289,166,260
1,<environment.Job instance at 0x15516c6775f0>,76,3,[2 5],106,260,263,154,260
1,<environment.Job instance at 0x15516c6776e0>,77,1,[1 6],107,285,286,178,260
1,<environment.Job instance at 0x15516c96b8c0>,78,2,[8 1],108,286,288,178,260
1,<environment.Job instance at 0x15516c8feaa0>,79,2,[1 7],109,288,290,179,261
1,<environment.Job instance at 0x15518f5e3b90>,80,2,[7 2],110,271,273,161,261
1,<environment.Job instance at 0x15518f5e30a0>,81,2,[7 1],111,273,275,162,261
1,<environment.Job instance at 0x15518f6cc140>,82,1,[ 2 12],112,290,291,178,262
1,<environment.Job instance at 0x1551954d6e10>,83,2,[ 1 10],113,291,293,178,264
1,<environment.Job instance at 0x15518f6ccc30>,84,13,[6 1],114,288,301,174,272
1,<environment.Job instance at 0x15516c61fb40>,85,2,[1 5],115,275,277,160,272
1,<environment.Job instance at 0x15516f297410>,86,2,[6 1],116,277,279,161,272
1,<environment.Job instance at 0x15516f283be0>,87,3,[2 8],117,293,296,176,272
1,<environment.Job instance at 0x15516f2a2f00>,88,3,[1 7],118,296,299,178,272
1,<environment.Job instance at 0x15516c0018c0>,89,3,[1 8],120,299,302,179,273
1,<environment.Job instance at 0x15516f283690>,90,3,[7 1],122,279,282,157,273
1,<environment.Job instance at 0x15516f29d870>,91,14,[2 7],123,301,315,178,286
1,<environment.Job instance at 0x155174a9d6e0>,92,12,[ 1 10],126,315,327,189,298
1,<environment.Job instance at 0x155174763730>,93,1,[ 2 10],127,327,328,200,299
1,<environment.Job instance at 0x15516c4a53c0>,94,2,[1 9],129,328,330,199,301
1,<environment.Job instance at 0x15516c4a5230>,95,2,[5 2],131,302,304,171,301
1,<environment.Job instance at 0x15516f413050>,96,2,[1 5],132,302,304,170,301
1,<environment.Job instance at 0x15516f309320>,97,21,[5 2],134,304,325,170,301
1,<environment.Job instance at 0x15516f309cd0>,98,2,[ 1 10],135,330,332,195,303
1,<environment.Job instance at 0x15516f3093c0>,99,14,[2 5],136,325,339,189,310
1,<environment.Job instance at 0x1551740d6140>,100,3,[2 9],137,332,335,195,310
1,<environment.Job instance at 0x1551740d60f0>,101,1,[10  1],138,328,329,190,310
1,<environment.Job instance at 0x1551740d64b0>,102,2,[2 9],139,335,337,196,310
1,<environment.Job instance at 0x15516bfb30f0>,103,3,[6 1],141,310,313,169,310
1,<environment.Job instance at 0x15516bfb3af0>,104,2,[8 2],143,313,315,170,310
1,<environment.Job instance at 0x15516bfb3dc0>,105,3,[6 2],145,315,318,170,310
1,<environment.Job instance at 0x15516c55dc30>,106,2,[7 2],146,318,320,172,310
1,<environment.Job instance at 0x15516c7f3870>,107,3,[10  2],147,337,340,190,311
1,<environment.Job instance at 0x15458a2e0c30>,23,2,[8 1],31,45,47,14,45
1,<environment.Job instance at 0x15458a3515f0>,24,12,[ 1 10],32,45,57,13,45
1,<environment.Job instance at 0x15458a351e60>,25,2,[2 8],34,57,59,23,50
1,<environment.Job instance at 0x15458a351960>,26,1,[2 7],35,57,58,22,51
1,<environment.Job instance at 0x15458a351aa0>,27,2,[2 7],36,58,60,22,51
1,<environment.Job instance at 0x15458a3510f0>,28,2,[2 7],37,59,61,22,52
1,<environment.Job instance at 0x15458a351640>,29,16,[10  2],39,60,76,21,52
1,<environment.Job instance at 0x15458a351e10>,30,15,[2 9],40,61,76,21,52
1,<environment.Job instance at 0x15458a351140>,31,3,[9 2],41,52,55,11,52
1,<environment.Job instance at 0x15458a3510a0>,32,3,[2 9],42,76,79,34,52
1,<environment.Job instance at 0x15458a351230>,33,1,[2 7],43,79,80,36,52
1,<environment.Job instance at 0x15458a3fbaf0>,34,15,[11  1],44,76,91,32,62
1,<environment.Job instance at 0x15458a3f9690>,35,2,[1 8],45,80,82,35,62
1,<environment.Job instance at 0x15458a3b27d0>,36,3,[10  2],48,91,94,43,65
1,<environment.Job instance at 0x15458a3b2aa0>,37,2,[ 1 10],50,82,84,32,65
1,<environment.Job instance at 0x15458a341fa0>,38,1,[8 1],51,94,95,43,66
1,<environment.Job instance at 0x15458a341730>,39,3,[1 5],52,76,79,24,66
1,<environment.Job instance at 0x15458a345910>,40,3,[1 6],53,79,82,26,66
1,<environment.Job instance at 0x15458a345fa0>,41,25,[12  2],54,95,120,41,91
1,<environment.Job instance at 0x15458a345f00>,42,1,[10  1],56,120,121,64,92
1,<environment.Job instance at 0x15458a345320>,43,3,[7 2],57,121,124,64,95
1,<environment.Job instance at 0x15458a345be0>,44,3,[1 8],58,95,98,37,95
1,<environment.Job instance at 0x15458a345dc0>,45,3,[2 8],60,98,101,38,95
1,<environment.Job instance at 0x15458a345d20>,46,2,[2 8],61,101,103,40,95
1,<environment.Job instance at 0x15458a395640>,47,1,[1 6],63,103,104,40,95
1,<environment.Job instance at 0x15458a395aa0>,48,1,[2 9],65,104,105,39,95
1,<environment.Job instance at 0x15458a3b7870>,49,16,[8 2],66,121,137,55,108
1,<environment.Job instance at 0x15458a3b7b90>,50,12,[9 1],68,137,149,69,120
1,<environment.Job instance at 0x15458a3590f0>,51,2,[8 2],69,149,151,80,122
1,<environment.Job instance at 0x15458a359190>,52,2,[1 7],72,124,126,52,122
1,<environment.Job instance at 0x15458a3594b0>,53,3,[6 1],73,124,127,51,122
1,<environment.Job instance at 0x15458a359cd0>,54,2,[2 5],75,127,129,52,122
1,<environment.Job instance at 0x15458a359be0>,55,16,[2 5],76,127,143,51,122
1,<environment.Job instance at 0x15458a359aa0>,56,1,[10  2],79,151,152,72,123
1,<environment.Job instance at 0x15458a359910>,57,22,[1 5],80,129,151,49,123
1,<environment.Job instance at 0x15458a35c320>,58,15,[2 9],82,151,166,69,137
1,<environment.Job instance at 0x15458a35caa0>,59,1,[1 9],85,143,144,58,138
1,<environment.Job instance at 0x15458a35c410>,60,17,[8 1],86,152,169,66,140
1,<environment.Job instance at 0x15458a35c7d0>,61,3,[1 5],87,144,147,57,140
1,<environment.Job instance at 0x15458a35cb40>,62,3,[9 2],88,169,172,81,143
1,<environment.Job instance at 0x15458a35c050>,63,3,[10  1],89,172,175,83,146
1,<environment.Job instance at 0x15458a35ca50>,64,12,[9 1],91,175,187,84,158
1,<environment.Job instance at 0x15458a340730>,65,3,[2 9],92,166,169,74,158
1,<environment.Job instance at 0x15458a34f820>,66,3,[1 9],93,169,172,76,158
1,<environment.Job instance at 0x15458a34f7d0>,67,1,[13  1],94,187,188,93,159
1,<environment.Job instance at 0x15458a36ca00>,68,3,[1 9],95,172,175,77,159
1,<environment.Job instance at 0x15458a33db90>,69,1,[2 5],96,159,160,63,159
1,<environment.Job instance at 0x15458a33dfa0>,70,2,[ 2 10],97,175,177,78,159
1,<environment.Job instance at 0x154589ea60f0>,71,3,[2 9],99,177,180,78,159
1,<environment.Job instance at 0x154589ea66e0>,72,13,[7 2],102,188,201,86,172
1,<environment.Job instance at 0x154589ea6410>,73,2,[6 2],103,180,182,77,172
1,<environment.Job instance at 0x154589ea6e10>,74,3,[6 2],106,182,185,76,172
1,<environment.Job instance at 0x154589e9d6e0>,75,1,[1 6],107,185,186,78,172
1,<environment.Job instance at 0x154589e9d9b0>,76,2,[2 5],108,172,174,64,172
1,<environment.Job instance at 0x154589e9d730>,77,2,[ 1 10],109,186,188,77,172
1,<environment.Job instance at 0x15458a357eb0>,78,3,[2 9],110,188,191,78,172
1,<environment.Job instance at 0x154589ea95a0>,79,3,[7 2],111,191,194,80,172
1,<environment.Job instance at 0x154589ea9aa0>,80,14,[7 1],112,194,208,82,179
1,<environment.Job instance at 0x154589ea2370>,81,3,[ 2 10],114,201,204,87,179
1,<environment.Job instance at 0x154589ea2820>,82,12,[2 8],115,204,216,89,187
1,<environment.Job instance at 0x15458a38d190>,83,1,[10  1],117,208,209,91,187
1,<environment.Job instance at 0x154589ea9b40>,84,2,[ 1 10],118,191,193,73,187
1,<environment.Job instance at 0x154589ea9b90>,85,1,[7 2],120,209,210,89,187
1,<environment.Job instance at 0x15458a362140>,86,2,[1 8],121,193,195,72,187
1,<environment.Job instance at 0x15458a362960>,87,2,[2 6],122,204,206,82,187
1,<environment.Job instance at 0x154589eaaa50>,88,1,[1 5],123,195,196,72,187
1,<environment.Job instance at 0x154589c30370>,89,2,[1 9],126,196,198,70,187
1,<environment.Job instance at 0x154589c300f0>,90,1,[2 7],127,210,211,83,187
1,<environment.Job instance at 0x154589c30c80>,91,1,[2 5],128,206,207,78,187
1,<environment.Job instance at 0x154589c300a0>,92,15,[7 1],129,211,226,82,197
1,<environment.Job instance at 0x154589c306e0>,93,2,[14  1],130,226,228,96,199
1,<environment.Job instance at 0x154589c30820>,94,1,[5 1],131,201,202,70,199
1,<environment.Job instance at 0x154589c30730>,95,3,[2 8],132,216,219,84,199
1,<environment.Job instance at 0x154589c30e10>,96,12,[9 2],134,228,240,94,211
1,<environment.Job instance at 0x154589c305f0>,97,15,[10  2],135,240,255,105,226
1,<environment.Job instance at 0x154589c305a0>,98,13,[ 1 10],136,226,239,90,226
1,<environment.Job instance at 0x154589c308c0>,99,16,[8 1],137,255,271,118,242
1,<environment.Job instance at 0x154589c31eb0>,100,17,[1 9],139,242,259,103,242
1,<environment.Job instance at 0x154589c30f00>,101,13,[2 9],140,259,272,119,243
1,<environment.Job instance at 0x154589c31870>,102,1,[2 8],141,272,273,131,244
1,<environment.Job instance at 0x154589c31960>,103,1,[ 2 10],142,273,274,131,245
1,<environment.Job instance at 0x154589c31230>,104,1,[ 2 14],143,274,275,131,246
1,<environment.Job instance at 0x154589c313c0>,105,1,[8 2],144,271,272,127,246
1,<environment.Job instance at 0x154589e97140>,106,15,[5 1],145,255,270,110,246
1,<environment.Job instance at 0x154589c31af0>,107,18,[1 8],146,275,293,129,264
1,<environment.Job instance at 0x154589c2f2d0>,108,2,[ 1 10],150,293,295,143,266
1,<environment.Job instance at 0x154589c2ff50>,109,3,[11  2],151,275,278,124,266
1,<environment.Job instance at 0x154589c2f460>,110,3,[ 2 10],152,295,298,143,269
1,<environment.Job instance at 0x154589c2fcd0>,111,3,[2 5],153,275,278,122,269
1,<environment.Job instance at 0x154589c2f780>,112,1,[8 1],154,272,273,118,269
1,<environment.Job instance at 0x154589c2f230>,113,3,[5 2],156,270,273,114,269
1,<environment.Job instance at 0x154589c2fbe0>,114,15,[9 2],157,278,293,121,269
1,<environment.Job instance at 0x154589c2f410>,115,18,[2 6],158,298,316,140,287
1,<environment.Job instance at 0x154589c3e960>,116,1,[1 6],159,298,299,139,289
1,<environment.Job instance at 0x15458a387dc0>,21,3,[6 1],29,318,321,289,318
1,<environment.Job instance at 0x15458a4682d0>,20,2,[ 1 13],27,318,320,291,318
1,<environment.Job instance at 0x15458a468f00>,22,1,[2 7],30,387,388,357,387
1,<environment.Job instance at 0x15458c4317d0>,5,2,[1 8],9,1083,1085,1074,1083
1,<environment.Job instance at 0x15458c6e4780>,17,13,[1 7],30,30,43,0,30
1,<environment.Job instance at 0x154589531d20>,19,3,[5 2],34,34,37,0,34
1,<environment.Job instance at 0x15458c6e4190>,20,2,[ 2 10],35,43,45,8,35
1,<environment.Job instance at 0x15458c6e4cd0>,21,15,[8 2],36,36,51,0,36
1,<environment.Job instance at 0x15458c5b2aa0>,22,17,[10  1],38,51,68,13,39
1,<environment.Job instance at 0x15458c5b2f50>,23,2,[ 2 12],40,45,47,5,40
1,<environment.Job instance at 0x15458c5b2af0>,24,1,[6 2],41,41,42,0,41
1,<environment.Job instance at 0x15458c5b2910>,25,3,[2 7],43,47,50,4,43
1,<environment.Job instance at 0x15458c5b2c80>,27,2,[8 1],48,68,70,20,48
1,<environment.Job instance at 0x15458c3a30a0>,28,2,[1 9],51,51,53,0,51
1,<environment.Job instance at 0x15458c3a3550>,29,2,[1 6],52,53,55,1,52
1,<environment.Job instance at 0x15458c3a3460>,30,1,[1 9],53,55,56,2,53
1,<environment.Job instance at 0x15458c40c5a0>,31,3,[1 8],54,56,59,2,54
1,<environment.Job instance at 0x15458c40cf00>,32,1,[9 2],55,70,71,15,55
1,<environment.Job instance at 0x15458c40c870>,33,18,[ 1 10],56,59,77,3,56
1,<environment.Job instance at 0x15458c40c1e0>,34,2,[1 6],58,77,79,19,58
1,<environment.Job instance at 0x15458c67eaa0>,35,3,[ 2 10],60,79,82,19,60
1,<environment.Job instance at 0x15458c67e640>,36,1,[7 2],61,71,72,10,61
1,<environment.Job instance at 0x15458c67e410>,37,3,[9 1],62,72,75,10,62
1,<environment.Job instance at 0x15458c67ed70>,38,16,[9 1],63,75,91,12,63
1,<environment.Job instance at 0x15458c6ee460>,39,1,[6 2],65,68,69,3,65
1,<environment.Job instance at 0x15458c6ee3c0>,40,3,[2 7],66,82,85,16,66
1,<environment.Job instance at 0x15458c6eebe0>,41,14,[7 2],67,91,105,24,76
1,<environment.Job instance at 0x15458c6e7fa0>,42,2,[ 1 10],69,85,87,16,76
1,<environment.Job instance at 0x15458c6e7d70>,43,3,[10  2],70,105,108,35,79
1,<environment.Job instance at 0x15458c6e77d0>,44,2,[2 9],71,87,89,16,79
1,<environment.Job instance at 0x15458c6e76e0>,45,3,[9 1],74,108,111,34,82
1,<environment.Job instance at 0x15458c6e7780>,46,18,[6 2],76,108,126,32,97
1,<environment.Job instance at 0x15458c6e7280>,47,16,[1 5],78,111,127,33,98
1,<environment.Job instance at 0x15458c6e7c80>,48,3,[5 1],80,98,101,18,98
1,<environment.Job instance at 0x15458c6e7460>,49,14,[1 6],82,111,125,29,98
1,<environment.Job instance at 0x15458c6e7e10>,50,2,[5 1],83,101,103,18,98
1,<environment.Job instance at 0x15458c7b2f00>,51,1,[2 7],84,98,99,14,98
1,<environment.Job instance at 0x15458c7b23c0>,52,2,[10  2],85,126,128,41,99
1,<environment.Job instance at 0x15458c7b2c30>,53,2,[6 1],86,103,105,17,99
1,<environment.Job instance at 0x15458c7b26e0>,54,3,[9 2],88,128,131,40,102
1,<environment.Job instance at 0x15458c7b2280>,55,3,[6 2],91,111,114,20,102
1,<environment.Job instance at 0x15458c7b2960>,56,2,[5 2],92,105,107,13,102
1,<environment.Job instance at 0x15458c7b2460>,57,3,[1 7],93,102,105,9,102
1,<environment.Job instance at 0x15458c7b2690>,58,2,[9 2],95,131,133,36,104
1,<environment.Job instance at 0x15458c7b2dc0>,59,1,[7 2],96,114,115,18,104
1,<environment.Job instance at 0x15458c7b2cd0>,60,3,[1 7],98,125,128,27,104
1,<environment.Job instance at 0x15458c6ea2d0>,61,14,[1 6],99,127,141,28,112
1,<environment.Job instance at 0x15458c6ea5f0>,62,14,[1 9],100,133,147,33,118
1,<environment.Job instance at 0x15458c6eac80>,63,3,[6 1],103,118,121,15,118
1,<environment.Job instance at 0x15458c6eaa50>,64,26,[9 1],104,211,237,107,211
1,<environment.Job instance at 0x15458c6ea640>,65,2,[2 9],105,211,213,106,211
1,<environment.Job instance at 0x15458a3b2af0>,66,2,[2 5],106,211,213,105,211
1,<environment.Job instance at 0x15458c7ac230>,67,16,[2 9],107,213,229,106,211
1,<environment.Job instance at 0x15458c7ac690>,68,12,[5 2],108,229,241,121,212
1,<environment.Job instance at 0x15458c7accd0>,69,3,[8 1],109,237,240,128,212
1,<environment.Job instance at 0x15458c614050>,70,3,[8 1],113,240,243,127,214
1,<environment.Job instance at 0x15458c614230>,71,1,[10  1],114,243,244,129,215
1,<environment.Job instance at 0x15458c614370>,72,27,[1 7],115,229,256,114,227
1,<environment.Job instance at 0x15458c614e60>,73,15,[2 8],118,244,259,126,230
1,<environment.Job instance at 0x15458c614a00>,74,16,[2 8],119,259,275,140,246
1,<environment.Job instance at 0x15458c6146e0>,75,13,[ 2 10],122,275,288,153,259
1,<environment.Job instance at 0x15458c614730>,76,1,[2 6],123,259,260,136,259
1,<environment.Job instance at 0x15458a466870>,77,2,[1 5],125,260,262,135,259
1,<environment.Job instance at 0x15458c6141e0>,78,2,[8 1],126,259,261,133,259
1,<environment.Job instance at 0x15458c614aa0>,79,3,[2 9],127,288,291,161,262
1,<environment.Job instance at 0x15458a4719b0>,80,1,[5 1],129,262,263,133,262
1,<environment.Job instance at 0x154589c2f550>,81,3,[1 5],130,262,265,132,262
1,<environment.Job instance at 0x15458c6145a0>,82,2,[1 9],131,291,293,160,264
1,<environment.Job instance at 0x154589c2f2d0>,83,3,[2 8],132,293,296,161,267
1,<environment.Job instance at 0x154589c2f910>,84,1,[1 8],135,296,297,161,268
1,<environment.Job instance at 0x154589c2fd70>,85,16,[2 6],136,288,304,152,275
1,<environment.Job instance at 0x154589c2f190>,86,3,[1 6],137,297,300,160,275
1,<environment.Job instance at 0x154589c2ff00>,87,2,[8 2],138,275,277,137,275
1,<environment.Job instance at 0x154589c2f820>,88,14,[9 1],140,293,307,153,278
1,<environment.Job instance at 0x154589c2f9b0>,89,3,[10  1],141,278,281,137,278
1,<environment.Job instance at 0x154589c2f230>,90,2,[1 7],142,300,302,158,278
1,<environment.Job instance at 0x154589c2f960>,91,15,[1 5],143,302,317,159,288
1,<environment.Job instance at 0x154589ad3410>,92,3,[1 9],144,304,307,160,288
1,<environment.Job instance at 0x154589c2fb40>,93,2,[1 8],146,307,309,161,288
1,<environment.Job instance at 0x154589a5edc0>,94,2,[1 5],148,309,311,161,288
1,<environment.Job instance at 0x154589c2fa50>,95,15,[10  1],149,307,322,158,293
1,<environment.Job instance at 0x154589a5e0a0>,96,1,[2 8],150,311,312,161,293
1,<environment.Job instance at 0x15458976de60>,97,1,[8 2],151,322,323,171,294
1,<environment.Job instance at 0x15458976d7d0>,98,14,[14  1],152,323,337,171,308
1,<environment.Job instance at 0x1545e0400e10>,99,2,[6 1],154,337,339,183,310
1,<environment.Job instance at 0x15458c49da50>,100,3,[10  1],156,339,342,183,313
1,<environment.Job instance at 0x1545a89e8e60>,101,3,[10  2],157,342,345,185,316
1,<environment.Job instance at 0x1545aabe5cd0>,21,1,[5 2],27,27,28,0,27
1,<environment.Job instance at 0x1545aabe5be0>,22,1,[2 5],28,30,31,2,30
1,<environment.Job instance at 0x1545aabe52d0>,23,2,[ 1 10],30,30,32,0,30
1,<environment.Job instance at 0x1545a87e25f0>,24,3,[2 5],31,31,34,0,31
1,<environment.Job instance at 0x1545a87e23c0>,25,12,[6 1],32,32,44,0,32
1,<environment.Job instance at 0x1545a87e29b0>,26,2,[5 2],33,33,35,0,33
1,<environment.Job instance at 0x1545a87e2280>,27,1,[7 1],36,37,38,1,37
1,<environment.Job instance at 0x1545a87e21e0>,28,2,[7 1],37,38,40,1,37
1,<environment.Job instance at 0x1545897495a0>,29,1,[7 2],38,42,43,4,42
1,<environment.Job instance at 0x154589749550>,31,2,[5 2],40,43,45,3,42
1,<environment.Job instance at 0x154589749a00>,32,15,[1 8],42,42,57,0,42
1,<environment.Job instance at 0x154589742e60>,33,3,[1 7],43,45,48,2,43
1,<environment.Job instance at 0x154589859a00>,35,13,[12  2],47,48,61,1,47
1,<environment.Job instance at 0x154589859910>,36,17,[9 2],48,61,78,13,49
1,<environment.Job instance at 0x154589859500>,37,1,[6 2],49,61,62,12,49
1,<environment.Job instance at 0x1545896f85f0>,38,2,[1 5],50,50,52,0,50
1,<environment.Job instance at 0x1545896f8d70>,39,1,[1 7],51,57,58,6,51
1,<environment.Job instance at 0x1545896f8140>,40,3,[2 7],52,58,61,6,52
1,<environment.Job instance at 0x15458977cf50>,41,2,[1 5],53,53,55,0,53
1,<environment.Job instance at 0x1545897cd5f0>,42,1,[1 9],55,62,63,7,55
1,<environment.Job instance at 0x1545897cdb40>,43,1,[2 5],56,56,57,0,56
1,<environment.Job instance at 0x1545897cdaa0>,44,15,[7 1],57,78,93,21,64
1,<environment.Job instance at 0x1545897cd0a0>,46,1,[2 8],60,64,65,4,64
1,<environment.Job instance at 0x1545897cdaf0>,47,1,[2 6],61,65,66,4,64
1,<environment.Job instance at 0x1545897cda00>,48,3,[1 7],63,65,68,2,64
1,<environment.Job instance at 0x1545897cd960>,49,17,[2 7],64,68,85,4,64
1,<environment.Job instance at 0x1545897cd690>,50,14,[1 6],65,66,80,1,65
1,<environment.Job instance at 0x15458972f140>,51,17,[9 1],66,93,110,27,81
1,<environment.Job instance at 0x15458972f050>,52,3,[5 1],67,81,84,14,81
1,<environment.Job instance at 0x15458972f230>,53,1,[10  1],68,110,111,42,82
1,<environment.Job instance at 0x15458c4c6370>,54,1,[1 8],69,85,86,16,82
1,<environment.Job instance at 0x15458c4c6b90>,55,12,[9 2],70,111,123,41,94
1,<environment.Job instance at 0x15458c4c6410>,59,16,[10  2],74,123,139,49,110
1,<environment.Job instance at 0x15458c4c6230>,60,16,[ 2 10],75,110,126,35,110
1,<environment.Job instance at 0x15458c4c6cd0>,61,2,[1 6],77,126,128,49,110
1,<environment.Job instance at 0x15458c4c6fa0>,62,15,[2 6],79,126,141,47,112
1,<environment.Job instance at 0x15458c4c64b0>,63,2,[7 2],80,139,141,59,112
1,<environment.Job instance at 0x15458c4c6af0>,64,13,[5 1],81,139,152,58,123
1,<environment.Job instance at 0x15458c4c62d0>,65,2,[1 8],82,141,143,59,123
1,<environment.Job instance at 0x15458a3f9370>,66,14,[6 1],83,141,155,58,126
1,<environment.Job instance at 0x15458a3f9280>,67,1,[2 5],84,128,129,44,126
1,<environment.Job instance at 0x15458a3f9640>,68,14,[2 8],85,143,157,58,128
1,<environment.Job instance at 0x1545896fbf50>,69,2,[7 1],86,152,154,66,128
1,<environment.Job instance at 0x1545896fb9b0>,70,3,[7 1],87,154,157,67,128
1,<environment.Job instance at 0x1545896fb550>,71,13,[10  1],88,157,170,69,141
1,<environment.Job instance at 0x1545896fb320>,72,25,[12  1],89,170,195,81,166
1,<environment.Job instance at 0x1545896fb780>,74,2,[10  2],92,195,197,103,168
1,<environment.Job instance at 0x1545896fb230>,75,3,[7 1],96,197,200,101,171
1,<environment.Job instance at 0x1545896fb050>,76,3,[2 8],97,171,174,74,171
1,<environment.Job instance at 0x1545896fb640>,77,3,[1 9],98,174,177,76,171
1,<environment.Job instance at 0x15458b8f09b0>,78,16,[10  1],99,200,216,101,187
1,<environment.Job instance at 0x15458b8f0870>,79,3,[2 9],100,187,190,87,187
1,<environment.Job instance at 0x15458b8f03c0>,80,23,[1 6],101,190,213,89,187
1,<environment.Job instance at 0x15458a471870>,81,12,[7 1],104,216,228,112,199
1,<environment.Job instance at 0x15458a4715a0>,82,3,[10  1],107,228,231,121,202
1,<environment.Job instance at 0x15458a4710f0>,83,3,[6 1],109,216,219,107,202
1,<environment.Job instance at 0x15458a471be0>,84,3,[8 1],110,219,222,109,202
1,<environment.Job instance at 0x15458a471f50>,85,2,[7 1],112,222,224,110,202
1,<environment.Job instance at 0x15458a471370>,86,18,[2 6],114,224,242,110,213
1,<environment.Job instance at 0x15458a471640>,87,1,[7 1],116,231,232,115,213
1,<environment.Job instance at 0x15458a471320>,88,2,[5 1],117,213,215,96,213
1,<environment.Job instance at 0x15458a4717d0>,89,14,[2 5],118,224,238,106,213
1,<environment.Job instance at 0x15458a4714b0>,90,3,[5 2],120,232,235,112,213
1,<environment.Job instance at 0x15458a471fa0>,91,12,[1 5],121,238,250,117,221
1,<environment.Job instance at 0x15458a471230>,92,13,[7 2],122,235,248,113,221
1,<environment.Job instance at 0x15458a4718c0>,93,3,[8 1],123,248,251,125,222
1,<environment.Job instance at 0x154597b31500>,94,3,[2 6],126,242,245,116,222
1,<environment.Job instance at 0x15458a415a00>,95,18,[1 5],127,245,263,118,234
1,<environment.Job instance at 0x15458a415960>,96,16,[1 5],131,250,266,119,237
1,<environment.Job instance at 0x15458c578370>,97,1,[1 9],132,263,264,131,237
1,<environment.Job instance at 0x1545a88ec500>,98,3,[2 9],134,264,267,130,238
1,<environment.Job instance at 0x154594401910>,99,1,[10  2],135,251,252,116,238
1,<environment.Job instance at 0x1545aab3ff50>,100,1,[5 2],136,238,239,102,238
1,<environment.Job instance at 0x15458c5788c0>,101,26,[2 8],138,267,293,129,264
1,<environment.Job instance at 0x1545896d1af0>,103,16,[ 2 10],142,293,309,151,280
1,<environment.Job instance at 0x1545974b7cd0>,109,3,[10  2],154,280,283,126,280
1,<environment.Job instance at 0x1545974b77d0>,110,3,[5 1],158,283,286,125,280
1,<environment.Job instance at 0x154595e73320>,111,1,[2 8],159,309,310,150,281
1,<environment.Job instance at 0x1545aabe5820>,19,2,[10  1],24,609,611,585,609
1,<environment.Job instance at 0x1545896e1460>,12,3,[9 2],15,28,31,13,28
1,<environment.Job instance at 0x154589c30cd0>,14,15,[2 8],22,28,43,6,28
1,<environment.Job instance at 0x154589c306e0>,15,1,[5 1],23,31,32,8,28
1,<environment.Job instance at 0x1545896e6190>,16,13,[10  1],25,32,45,7,28
1,<environment.Job instance at 0x154589c60320>,17,2,[1 8],27,43,45,16,28
1,<environment.Job instance at 0x154589c5f640>,18,1,[10  2],28,45,46,17,28
1,<environment.Job instance at 0x154589eaa0f0>,19,3,[2 8],29,45,48,16,29
1,<environment.Job instance at 0x154589bc3be0>,20,15,[2 7],30,46,61,16,32
1,<environment.Job instance at 0x15458c431f50>,23,3,[6 2],37,48,51,11,41
1,<environment.Job instance at 0x15458c431280>,24,1,[8 1],39,51,52,12,41
1,<environment.Job instance at 0x15458c431b90>,25,3,[1 9],41,61,64,20,41
1,<environment.Job instance at 0x15458c431af0>,26,1,[2 9],44,64,65,20,44
1,<environment.Job instance at 0x154589c34190>,27,2,[7 2],45,48,50,3,45
1,<environment.Job instance at 0x154589c34730>,28,12,[7 1],46,52,64,6,46
1,<environment.Job instance at 0x154589c34460>,29,13,[13  2],47,64,77,17,48
1,<environment.Job instance at 0x154589c34fa0>,30,3,[9 2],48,77,80,29,51
1,<environment.Job instance at 0x15458aecb4b0>,31,2,[7 1],51,61,63,10,51
1,<environment.Job instance at 0x154589c34230>,32,16,[ 1 10],52,65,81,13,52
1,<environment.Job instance at 0x1545896dd190>,33,3,[2 5],54,54,57,0,54
1,<environment.Job instance at 0x1545897c1320>,34,1,[8 1],55,80,81,25,55
1,<environment.Job instance at 0x1545897c1fa0>,35,28,[5 1],56,77,105,21,76
1,<environment.Job instance at 0x1545897c1aa0>,36,13,[8 2],57,81,94,24,76
1,<environment.Job instance at 0x154589c54780>,37,18,[5 1],58,94,112,36,83
1,<environment.Job instance at 0x154589c54aa0>,38,15,[6 1],59,105,120,46,91
1,<environment.Job instance at 0x1545897b5cd0>,39,3,[6 2],60,112,115,52,91
1,<environment.Job instance at 0x1545897b5f00>,40,1,[6 2],61,115,116,54,91
1,<environment.Job instance at 0x1545897dce60>,41,17,[9 2],63,116,133,53,104
1,<environment.Job instance at 0x1545897b7b40>,42,1,[7 1],64,133,134,69,105
1,<environment.Job instance at 0x1545897b5410>,43,12,[2 8],65,120,132,55,105
1,<environment.Job instance at 0x1545897b70f0>,44,3,[ 1 10],66,105,108,39,105
1,<environment.Job instance at 0x1545897b79b0>,45,3,[1 5],67,108,111,41,105
1,<environment.Job instance at 0x1545897b7960>,46,3,[2 7],68,108,111,40,105
1,<environment.Job instance at 0x1545897b7910>,47,13,[2 5],69,120,133,51,105
1,<environment.Job instance at 0x1545897b7d70>,48,2,[2 8],70,111,113,41,105
1,<environment.Job instance at 0x1545897b7320>,49,2,[5 1],71,133,135,62,106
1,<environment.Job instance at 0x1545897b7280>,50,1,[6 2],76,134,135,58,106
1,<environment.Job instance at 0x154589b47960>,51,1,[1 9],77,113,114,36,106
1,<environment.Job instance at 0x154589b470a0>,52,3,[7 1],78,135,138,57,109
1,<environment.Job instance at 0x154589b476e0>,53,3,[7 2],79,135,138,56,109
1,<environment.Job instance at 0x15458980e3c0>,54,14,[1 5],81,132,146,51,117
1,<environment.Job instance at 0x15458980efa0>,55,12,[2 6],83,138,150,55,121
1,<environment.Job instance at 0x15458980ea50>,56,1,[9 1],85,138,139,53,121
1,<environment.Job instance at 0x15458980c050>,57,17,[2 8],86,146,163,60,134
1,<environment.Job instance at 0x15458980c0a0>,58,25,[8 1],89,139,164,50,135
1,<environment.Job instance at 0x1545896e70f0>,59,16,[8 1],90,164,180,74,151
1,<environment.Job instance at 0x15458980c6e0>,60,16,[1 6],91,151,167,60,151
1,<environment.Job instance at 0x1545896bd550>,61,2,[10  2],93,180,182,87,153
1,<environment.Job instance at 0x1545897028c0>,7,2,[6 1],9,164,166,155,164
1,<environment.Job instance at 0x1545a8098690>,64,1,[10  2],97,182,183,85,165
1,<environment.Job instance at 0x1545896bdbe0>,63,14,[9 2],96,183,197,87,168
1,<environment.Job instance at 0x154589b498c0>,65,2,[7 2],98,168,170,70,168
1,<environment.Job instance at 0x154589818230>,66,16,[1 9],99,170,186,71,168
1,<environment.Job instance at 0x154589818cd0>,68,12,[2 9],102,186,198,84,169
1,<environment.Job instance at 0x154589beb370>,69,3,[9 2],103,197,200,94,171
1,<environment.Job instance at 0x154589b67640>,70,13,[1 9],104,198,211,94,182
1,<environment.Job instance at 0x1545a804a910>,71,2,[1 8],105,211,213,106,184
1,<environment.Job instance at 0x154597b2fb40>,72,12,[1 7],107,211,223,104,194
1,<environment.Job instance at 0x154597b2f280>,73,1,[ 1 10],109,223,224,114,195
1,<environment.Job instance at 0x15458c38f960>,74,19,[2 5],110,213,232,103,203
1,<environment.Job instance at 0x15458c38f3c0>,75,17,[2 9],111,224,241,113,212
1,<environment.Job instance at 0x15458c38fd20>,76,3,[6 2],112,213,216,101,212
1,<environment.Job instance at 0x15458c38f460>,77,2,[6 2],113,216,218,103,212
1,<environment.Job instance at 0x1545a8163e10>,78,17,[5 2],114,232,249,118,220
1,<environment.Job instance at 0x1545a8163eb0>,79,1,[6 1],116,220,221,104,220
1,<environment.Job instance at 0x15458c52d3c0>,80,12,[ 1 10],117,241,253,124,224
1,<environment.Job instance at 0x15458c52dd70>,81,3,[2 7],119,253,256,134,227
1,<environment.Job instance at 0x15458c52d320>,82,1,[1 6],120,253,254,133,227
1,<environment.Job instance at 0x15458c52d140>,83,3,[8 2],121,232,235,111,227
1,<environment.Job instance at 0x15458c52d690>,84,1,[1 7],122,254,255,132,227
1,<environment.Job instance at 0x15458c52d190>,85,1,[6 2],123,235,236,112,227
1,<environment.Job instance at 0x15458c52dc80>,86,2,[2 7],124,255,257,131,228
1,<environment.Job instance at 0x1545a88ae5f0>,87,16,[ 2 10],125,257,273,132,244
1,<environment.Job instance at 0x1545a88ae230>,88,3,[7 1],126,244,247,118,244
1,<environment.Job instance at 0x1545a88ae960>,89,14,[8 2],127,256,270,129,244
1,<environment.Job instance at 0x1545a88ae5a0>,90,2,[1 9],129,273,275,144,246
1,<environment.Job instance at 0x1545a88ae550>,91,2,[7 2],130,247,249,117,246
1,<environment.Job instance at 0x1545a88ae820>,92,3,[5 2],132,249,252,117,246
1,<environment.Job instance at 0x1545a88aec80>,93,13,[2 8],133,275,288,142,259
1,<environment.Job instance at 0x15458c4193c0>,94,1,[8 1],134,270,271,136,259
1,<environment.Job instance at 0x15458d7ce550>,95,1,[1 5],136,271,272,135,259
1,<environment.Job instance at 0x15458d7ce5a0>,96,1,[10  1],138,272,273,134,259
1,<environment.Job instance at 0x1545894e70a0>,97,1,[5 2],139,259,260,120,259
1,<environment.Job instance at 0x1545894e7050>,98,17,[10  1],140,273,290,133,261
1,<environment.Job instance at 0x1545894e7500>,99,25,[9 1],141,290,315,149,286
1,<environment.Job instance at 0x1545894e7a50>,100,1,[10  2],143,315,316,172,287
1,<environment.Job instance at 0x1545894e7af0>,101,21,[ 2 10],144,288,309,144,287
1,<environment.Job instance at 0x1545894e7730>,102,21,[2 5],145,309,330,164,301
1,<environment.Job instance at 0x1545894e78c0>,103,15,[5 2],146,316,331,170,302
1,<environment.Job instance at 0x1545894e72d0>,104,3,[2 7],148,309,312,161,302
1,<environment.Job instance at 0x1545894e70f0>,105,15,[7 2],149,316,331,167,302
1,<environment.Job instance at 0x1545894e7820>,106,15,[6 1],150,331,346,181,317
1,<environment.Job instance at 0x154589bf3820>,107,2,[2 9],151,330,332,179,317
1,<environment.Job instance at 0x154589bf3a00>,108,2,[1 5],152,317,319,165,317
1,<environment.Job instance at 0x154589bf35f0>,109,16,[1 8],153,332,348,179,319
1,<environment.Job instance at 0x154589bf3730>,110,14,[2 6],155,332,346,177,319
1,<environment.Job instance at 0x154589bf3460>,111,1,[9 1],156,346,347,190,319
1,<environment.Job instance at 0x154589bf3eb0>,112,17,[2 5],157,346,363,189,334
1,<environment.Job instance at 0x154589bf8e60>,113,2,[10  2],158,347,349,189,334
1,<environment.Job instance at 0x154589818140>,67,3,[1 5],100,370,373,270,370
1,<environment.Job instance at 0x15458c431a50>,22,1,[ 1 12],36,373,374,337,371
1,<environment.Job instance at 0x1545a88adc30>,23,1,[7 1],30,31,32,1,31
1,<environment.Job instance at 0x1545a88ad8c0>,24,1,[1 8],31,31,32,0,31
1,<environment.Job instance at 0x15458a3f71e0>,25,2,[6 2],32,33,35,1,33
1,<environment.Job instance at 0x15458a3f7730>,26,13,[2 9],33,33,46,0,33
1,<environment.Job instance at 0x15458a3f79b0>,27,1,[6 2],35,35,36,0,35
1,<environment.Job instance at 0x15458a3f7320>,28,3,[8 2],36,36,39,0,36
1,<environment.Job instance at 0x15458a3f7910>,29,2,[ 1 10],38,46,48,8,38
1,<environment.Job instance at 0x15458a3f74b0>,30,13,[10  1],39,39,52,0,39
1,<environment.Job instance at 0x15458a3f7500>,31,1,[5 1],40,48,49,8,40
1,<environment.Job instance at 0x15458a3f7a00>,32,14,[2 9],41,49,63,8,41
1,<environment.Job instance at 0x15458a3f7b90>,33,2,[7 2],42,52,54,10,42
1,<environment.Job instance at 0x15458a2d60f0>,34,3,[10  1],43,54,57,11,43
1,<environment.Job instance at 0x15458a2d6190>,35,3,[6 1],44,57,60,13,44
1,<environment.Job instance at 0x15458a2d66e0>,36,1,[13  1],45,60,61,15,45
1,<environment.Job instance at 0x15458a2d67d0>,37,3,[2 7],46,63,66,17,46
1,<environment.Job instance at 0x15458a2d6e10>,38,1,[5 1],47,52,53,5,47
1,<environment.Job instance at 0x15458a2d60a0>,39,17,[1 8],48,63,80,15,51
1,<environment.Job instance at 0x15458a2d6780>,40,3,[5 2],49,57,60,8,51
1,<environment.Job instance at 0x15458a2d6dc0>,41,2,[8 2],50,61,63,11,51
1,<environment.Job instance at 0x15458a2d6370>,42,3,[2 8],51,80,83,29,54
1,<environment.Job instance at 0x15458a2d6280>,43,2,[2 5],52,54,56,2,54
1,<environment.Job instance at 0x15458a2d6320>,44,13,[7 2],54,66,79,12,54
1,<environment.Job instance at 0x15458a2d94b0>,45,22,[8 1],55,79,101,24,72
1,<environment.Job instance at 0x15458a2d9e10>,53,18,[6 1],65,83,101,18,72
1,<environment.Job instance at 0x1545a882fdc0>,54,15,[2 9],66,101,116,35,87
1,<environment.Job instance at 0x15458a2d96e0>,55,2,[10  1],67,101,103,34,87
1,<environment.Job instance at 0x1545a882f9b0>,56,22,[2 6],69,103,125,34,96
1,<environment.Job instance at 0x1545a882fe10>,57,1,[ 1 14],70,125,126,55,97
1,<environment.Job instance at 0x1545a882fc30>,58,16,[6 2],71,126,142,55,113
1,<environment.Job instance at 0x1545a882f370>,59,1,[6 1],72,116,117,44,113
1,<environment.Job instance at 0x1545a882ff50>,60,2,[9 1],74,117,119,43,113
1,<environment.Job instance at 0x1545a882f5f0>,61,19,[1 5],76,126,145,50,116
1,<environment.Job instance at 0x1545a882f190>,62,1,[8 1],77,119,120,42,116
1,<environment.Job instance at 0x1545a882fb40>,63,1,[5 1],79,116,117,37,116
1,<environment.Job instance at 0x1545a882f960>,64,2,[7 2],80,120,122,40,116
1,<environment.Job instance at 0x1545a882f2d0>,65,3,[ 2 14],82,145,148,63,119
1,<environment.Job instance at 0x1545a882f4b0>,66,3,[1 8],83,122,125,39,119
1,<environment.Job instance at 0x1545a882fa00>,67,1,[ 2 10],84,142,143,58,119
1,<environment.Job instance at 0x1545a882faf0>,68,2,[7 2],86,126,128,40,119
1,<environment.Job instance at 0x1545a882fe60>,69,1,[6 1],87,120,121,33,119
1,<environment.Job instance at 0x1545a882f0f0>,70,2,[6 1],89,121,123,32,119
1,<environment.Job instance at 0x1545a882f7d0>,71,17,[1 7],90,148,165,58,136
1,<environment.Job instance at 0x1545a882f780>,72,15,[10  2],94,148,163,54,136
1,<environment.Job instance at 0x1545a882f050>,73,2,[7 2],95,136,138,41,136
1,<environment.Job instance at 0x15458c5bee60>,74,1,[1 5],97,136,137,39,136
1,<environment.Job instance at 0x15458c5be730>,75,14,[5 2],99,163,177,64,148
1,<environment.Job instance at 0x15458c5be4b0>,76,27,[5 1],100,163,190,63,161
1,<environment.Job instance at 0x15458c5be7d0>,77,15,[14  1],101,190,205,89,176
1,<environment.Job instance at 0x15458c5be780>,78,2,[1 9],102,176,178,74,176
1,<environment.Job instance at 0x15458c5be410>,79,14,[1 6],103,178,192,75,176
1,<environment.Job instance at 0x15458c5bef00>,80,1,[1 8],104,178,179,74,176
1,<environment.Job instance at 0x15458c5beaa0>,81,1,[2 9],106,205,206,99,177
1,<environment.Job instance at 0x15458c5be500>,82,2,[10  2],107,205,207,98,178
1,<environment.Job instance at 0x15458c5befa0>,83,1,[6 1],110,179,180,69,178
1,<environment.Job instance at 0x15458c5be8c0>,84,1,[7 2],112,180,181,68,178
1,<environment.Job instance at 0x15458c5bef50>,85,2,[2 7],113,181,183,68,178
1,<environment.Job instance at 0x154594168af0>,86,3,[2 5],114,183,186,69,178
1,<environment.Job instance at 0x154594168aa0>,87,25,[6 1],115,207,232,92,203
1,<environment.Job instance at 0x154594168d20>,88,12,[5 2],117,206,218,89,203
1,<environment.Job instance at 0x1545941682d0>,89,1,[10  1],118,232,233,114,204
1,<environment.Job instance at 0x15458c748410>,90,3,[10  1],121,233,236,112,207
1,<environment.Job instance at 0x1545a87e4dc0>,91,2,[ 2 10],122,207,209,85,207
1,<environment.Job instance at 0x1545a87e41e0>,92,3,[9 2],123,218,221,95,207
1,<environment.Job instance at 0x1545a87e4140>,93,1,[1 9],124,209,210,85,207
1,<environment.Job instance at 0x1545a87e4500>,94,1,[8 2],127,221,222,94,207
1,<environment.Job instance at 0x1545a87e4aa0>,95,22,[2 5],129,222,244,93,215
1,<environment.Job instance at 0x1545a87e4cd0>,96,1,[9 2],130,236,237,106,215
1,<environment.Job instance at 0x1545a87e4af0>,97,1,[10  1],131,237,238,106,215
1,<environment.Job instance at 0x15458c42adc0>,98,26,[ 2 13],133,244,270,111,241
1,<environment.Job instance at 0x1545a87e4d70>,99,13,[7 2],134,241,254,107,241
1,<environment.Job instance at 0x1545974dc0f0>,100,3,[6 2],136,241,244,105,241
1,<environment.Job instance at 0x1545aa4b4910>,101,2,[12  1],137,254,256,117,241
1,<environment.Job instance at 0x1545a8843730>,102,15,[2 5],139,270,285,131,256
1,<environment.Job instance at 0x15458c467eb0>,104,2,[7 1],141,256,258,115,256
1,<environment.Job instance at 0x15458a2bf640>,105,1,[8 1],142,258,259,116,256
1,<environment.Job instance at 0x1545a88434b0>,106,2,[10  2],143,259,261,116,256
1,<environment.Job instance at 0x1545a899ad20>,107,14,[9 1],144,261,275,117,256
1,<environment.Job instance at 0x1545a88438c0>,108,3,[9 2],145,275,278,130,256
1,<environment.Job instance at 0x15459414f730>,109,1,[6 2],147,278,279,131,256
1,<environment.Job instance at 0x15458c77b780>,110,2,[ 1 10],148,279,281,131,256
1,<environment.Job instance at 0x15458c77bd20>,111,2,[2 7],149,270,272,121,256
1,<environment.Job instance at 0x15458c77bf00>,112,3,[9 2],151,281,284,130,256
1,<environment.Job instance at 0x15458c77bbe0>,113,3,[10  1],152,284,287,132,258
1,<environment.Job instance at 0x15458c77b190>,114,17,[1 8],158,281,298,123,269
1,<environment.Job instance at 0x1545a88ad190>,21,1,[8 2],28,2827,2828,2799,2827
1,<environment.Job instance at 0x154589a59e10>,8,15,[10  1],13,13,28,0,13
1,<environment.Job instance at 0x1545898f5f50>,9,28,[5 2],14,14,42,0,14
1,<environment.Job instance at 0x1545898f5140>,10,1,[8 2],15,28,29,13,15
1,<environment.Job instance at 0x1545898f50f0>,11,2,[ 1 10],16,28,30,12,16
1,<environment.Job instance at 0x1545898f5e10>,12,3,[ 2 14],17,42,45,25,17
1,<environment.Job instance at 0x1545898f50a0>,13,1,[5 1],18,29,30,11,18
1,<environment.Job instance at 0x1545a80fbc80>,14,2,[2 6],19,30,32,11,19
1,<environment.Job instance at 0x15458c63ca50>,15,1,[8 1],20,30,31,10,20
1,<environment.Job instance at 0x1545898f5cd0>,16,1,[7 2],22,31,32,9,22
1,<environment.Job instance at 0x154589a59af0>,6,2,[2 9],11,32,34,21,28
1,<environment.Job instance at 0x154594109320>,17,12,[6 2],23,45,57,22,28
1,<environment.Job instance at 0x154589715cd0>,19,2,[6 2],26,32,34,6,28
1,<environment.Job instance at 0x154589a685f0>,20,3,[9 1],27,34,37,7,28
1,<environment.Job instance at 0x15458991cd70>,21,14,[7 1],28,37,51,9,28
1,<environment.Job instance at 0x154589a68c80>,22,14,[ 2 10],29,45,59,16,30
1,<environment.Job instance at 0x154589784370>,23,14,[9 2],30,57,71,27,42
1,<environment.Job instance at 0x15458d7512d0>,24,1,[1 9],31,59,60,28,42
1,<environment.Job instance at 0x15458d7514b0>,25,16,[1 8],32,60,76,28,47
1,<environment.Job instance at 0x154589aa05f0>,26,1,[6 1],33,51,52,18,47
1,<environment.Job instance at 0x15458d751230>,27,3,[5 2],34,52,55,18,47
1,<environment.Job instance at 0x154589609cd0>,28,16,[7 1],35,71,87,36,58
1,<environment.Job instance at 0x154589609d70>,29,2,[8 2],36,76,78,40,58
1,<environment.Job instance at 0x1545a80d8370>,30,1,[9 2],37,87,88,50,59
1,<environment.Job instance at 0x1545a80d8780>,31,2,[1 7],38,78,80,40,59
1,<environment.Job instance at 0x1545a80d8b90>,32,26,[1 6],41,78,104,37,75
1,<environment.Job instance at 0x1545a80d8d20>,33,16,[2 9],42,88,104,46,75
1,<environment.Job instance at 0x1545a80d87d0>,34,23,[2 6],44,104,127,60,98
1,<environment.Job instance at 0x1545a80d8be0>,35,23,[9 1],46,104,127,58,98
1,<environment.Job instance at 0x1545974baeb0>,36,14,[ 1 10],47,127,141,80,112
1,<environment.Job instance at 0x1545974ba0f0>,37,1,[5 2],48,127,128,79,113
1,<environment.Job instance at 0x1545974ba410>,38,1,[8 2],49,127,128,78,113
1,<environment.Job instance at 0x1545974ba5a0>,39,2,[7 2],51,128,130,77,113
1,<environment.Job instance at 0x1545974badc0>,40,3,[6 1],53,128,131,75,113
1,<environment.Job instance at 0x1545974baaa0>,41,2,[10  1],54,131,133,77,113
1,<environment.Job instance at 0x1545974ba230>,42,1,[9 1],55,133,134,78,113
1,<environment.Job instance at 0x1545974baf00>,43,3,[5 1],56,133,136,77,113
1,<environment.Job instance at 0x154589899730>,44,3,[1 6],57,113,116,56,113
1,<environment.Job instance at 0x1545897c5b40>,45,3,[12  1],59,136,139,77,113
1,<environment.Job instance at 0x15458d842320>,46,20,[8 1],60,139,159,79,130
1,<environment.Job instance at 0x154589899f00>,47,2,[7 1],61,134,136,73,130
1,<environment.Job instance at 0x154589899aa0>,48,3,[9 1],66,159,162,93,133
1,<environment.Job instance at 0x1545940bf690>,49,13,[2 5],68,141,154,73,133
1,<environment.Job instance at 0x1545940bfeb0>,50,2,[1 8],69,141,143,72,133
1,<environment.Job instance at 0x1545940bf2d0>,51,1,[2 6],70,143,144,73,133
1,<environment.Job instance at 0x1545940bff00>,52,2,[9 2],73,162,164,89,135
1,<environment.Job instance at 0x154594111c30>,53,1,[ 2 10],77,154,155,77,135
1,<environment.Job instance at 0x1545943f6640>,54,3,[11  1],79,164,167,85,138
1,<environment.Job instance at 0x154594111280>,55,13,[ 2 11],80,155,168,75,139
1,<environment.Job instance at 0x154594111370>,56,3,[1 8],81,144,147,63,139
1,<environment.Job instance at 0x154594111d20>,57,1,[8 1],83,167,168,84,139
1,<environment.Job instance at 0x154594111e60>,58,16,[9 1],84,168,184,84,155
1,<environment.Job instance at 0x154594111780>,59,12,[7 2],86,184,196,98,167
1,<environment.Job instance at 0x15458a3aa690>,60,15,[ 2 10],92,168,183,76,167
1,<environment.Job instance at 0x15458a3aab90>,61,2,[5 2],93,183,185,90,167
1,<environment.Job instance at 0x1545894ded70>,62,2,[7 2],94,185,187,91,167
1,<environment.Job instance at 0x1545894de550>,63,2,[5 2],96,187,189,91,167
1,<environment.Job instance at 0x15458a383820>,64,1,[ 2 10],97,184,185,87,167
1,<environment.Job instance at 0x1545a80f5d70>,65,1,[6 2],98,189,190,91,167
1,<environment.Job instance at 0x154597b56e10>,66,2,[ 1 12],99,190,192,91,167
1,<environment.Job instance at 0x15458a458230>,67,16,[2 9],100,192,208,92,179
1,<environment.Job instance at 0x15458a458a50>,68,2,[5 2],101,192,194,91,179
1,<environment.Job instance at 0x15458a458960>,69,21,[5 1],102,194,215,92,186
1,<environment.Job instance at 0x1545a8156410>,70,3,[2 8],103,187,190,84,186
1,<environment.Job instance at 0x1545a897ce60>,71,3,[8 2],105,196,199,91,186
1,<environment.Job instance at 0x15458a46d9b0>,72,1,[ 2 10],106,208,209,102,186
1,<environment.Job instance at 0x1545a897c320>,73,2,[1 6],107,209,211,102,186
1,<environment.Job instance at 0x15458d99e0f0>,74,2,[8 1],108,199,201,91,186
1,<environment.Job instance at 0x15458d99ea00>,75,1,[2 7],110,209,210,99,186
1,<environment.Job instance at 0x15458d99ee60>,76,2,[1 8],111,210,212,99,186
1,<environment.Job instance at 0x15458d99e910>,77,13,[7 1],112,211,224,99,195
1,<environment.Job instance at 0x15458d99edc0>,78,3,[ 2 10],115,212,215,97,195
1,<environment.Job instance at 0x15458d99e410>,79,2,[2 7],116,215,217,99,195
1,<environment.Job instance at 0x15458d99e640>,80,22,[ 2 10],117,217,239,100,210
1,<environment.Job instance at 0x15458d99ec80>,81,2,[10  2],118,224,226,106,210
1,<environment.Job instance at 0x15458d99eaf0>,82,2,[1 7],119,215,217,96,210
1,<environment.Job instance at 0x15458d99ef50>,83,3,[2 8],120,239,242,119,213
1,<environment.Job instance at 0x15458d99ec30>,84,2,[6 2],121,217,219,96,213
1,<environment.Job instance at 0x15458d99e2d0>,85,1,[7 1],124,226,227,102,213
1,<environment.Job instance at 0x1545a80c5230>,86,2,[5 2],125,219,221,94,213
1,<environment.Job instance at 0x1545a80c5b90>,87,15,[1 9],126,242,257,116,228
1,<environment.Job instance at 0x1545a80c50a0>,88,3,[6 1],127,228,231,101,228
1,<environment.Job instance at 0x1545a80c5b40>,89,2,[ 1 10],128,257,259,129,230
1,<environment.Job instance at 0x1545a80c5910>,90,1,[7 1],129,230,231,101,230
1,<environment.Job instance at 0x1545a80c5e60>,91,1,[2 6],132,239,240,107,230
1,<environment.Job instance at 0x1545a80c5960>,92,2,[10  2],133,231,233,98,230
1,<environment.Job instance at 0x1545a80c5460>,93,1,[5 1],134,233,234,99,230
1,<environment.Job instance at 0x1545a80c52d0>,94,2,[8 2],135,233,235,98,230
1,<environment.Job instance at 0x1545a80c54b0>,95,1,[6 1],136,235,236,99,230
1,<environment.Job instance at 0x15458d98dd20>,96,3,[8 1],138,236,239,98,230
1,<environment.Job instance at 0x15458d841780>,97,15,[6 1],142,239,254,97,230
1,<environment.Job instance at 0x15458d841140>,98,2,[8 2],143,242,244,99,230
1,<environment.Job instance at 0x15458d8410f0>,99,17,[10  1],146,254,271,108,242
1,<environment.Job instance at 0x15458d841f50>,100,3,[2 6],147,259,262,112,242
1,<environment.Job instance at 0x15458d841dc0>,101,2,[7 1],148,244,246,96,242
1,<environment.Job instance at 0x15458d841190>,102,21,[6 1],150,271,292,121,263
1,<environment.Job instance at 0x15458d8411e0>,103,3,[ 2 13],152,263,266,111,263
1,<environment.Job instance at 0x15458d841640>,104,14,[2 6],153,266,280,113,263
1,<environment.Job instance at 0x15458d841c30>,105,1,[ 2 10],154,280,281,126,263
1,<environment.Job instance at 0x15458d841af0>,106,2,[2 8],155,266,268,111,263
1,<environment.Job instance at 0x15458d8419b0>,107,1,[1 7],158,268,269,110,263
1,<environment.Job instance at 0x1545941095f0>,18,3,[1 7],24,301,304,277,301
1,<environment.Job instance at 0x154589a594b0>,3,2,[ 1 11],7,320,322,313,320
1,<environment.Job instance at 0x15459408f730>,1,27,[5 2],2,2,29,0,2
1,<environment.Job instance at 0x1545a80e4550>,13,3,[1 5],20,20,23,0,20
1,<environment.Job instance at 0x1545891e4fa0>,17,2,[7 1],26,26,28,0,26
1,<environment.Job instance at 0x1545891e16e0>,18,28,[1 6],27,27,55,0,27
1,<environment.Job instance at 0x1545891e11e0>,19,1,[1 7],30,30,31,0,30
1,<environment.Job instance at 0x1545891daeb0>,20,21,[9 1],31,31,52,0,31
1,<environment.Job instance at 0x1545891dad20>,21,16,[1 6],32,32,48,0,32
1,<environment.Job instance at 0x154588fcfeb0>,22,15,[10  2],33,52,67,19,38
1,<environment.Job instance at 0x1545891da640>,23,2,[5 1],35,48,50,13,38
1,<environment.Job instance at 0x154588fcf190>,24,2,[ 2 10],36,55,57,19,38
1,<environment.Job instance at 0x154588fcf870>,25,3,[5 1],37,57,60,20,38
1,<environment.Job instance at 0x154588fcf5a0>,26,1,[1 9],39,60,61,21,39
1,<environment.Job instance at 0x15458904c640>,27,1,[2 7],40,50,51,10,40
1,<environment.Job instance at 0x15458904caa0>,28,2,[1 8],41,61,63,20,41
1,<environment.Job instance at 0x15458904c2d0>,29,1,[1 9],43,63,64,20,43
1,<environment.Job instance at 0x1545892dff50>,30,2,[ 2 10],45,64,66,19,45
1,<environment.Job instance at 0x1545891f7730>,31,3,[9 1],46,67,70,21,46
1,<environment.Job instance at 0x154588fd0820>,32,12,[9 1],47,70,82,23,53
1,<environment.Job instance at 0x154588fd0410>,33,20,[ 2 11],48,66,86,18,57
1,<environment.Job instance at 0x154588fd0c80>,34,16,[9 2],50,82,98,32,69
1,<environment.Job instance at 0x154588fd0dc0>,35,3,[ 2 10],51,86,89,35,69
1,<environment.Job instance at 0x154588fd0a00>,36,15,[6 1],53,89,104,36,75
1,<environment.Job instance at 0x154588fd08c0>,37,1,[9 2],54,98,99,44,75
1,<environment.Job instance at 0x154588fd0870>,38,1,[2 8],55,99,100,44,75
1,<environment.Job instance at 0x154588fd0050>,39,1,[5 1],56,99,100,43,75
1,<environment.Job instance at 0x15458927a960>,40,1,[8 1],58,100,101,42,75
1,<environment.Job instance at 0x154589244aa0>,41,1,[1 8],60,100,101,40,75
1,<environment.Job instance at 0x1545892445f0>,42,1,[2 9],61,101,102,40,75
1,<environment.Job instance at 0x15458910d370>,43,3,[1 9],62,102,105,40,76
1,<environment.Job instance at 0x154589244fa0>,44,14,[ 1 10],64,105,119,41,90
1,<environment.Job instance at 0x15458928b5a0>,45,1,[7 2],65,101,102,36,90
1,<environment.Job instance at 0x15458928b0a0>,46,1,[10  1],66,104,105,38,90
1,<environment.Job instance at 0x15458928b820>,47,3,[2 5],68,102,105,34,90
1,<environment.Job instance at 0x15458928b410>,48,2,[6 2],69,105,107,36,90
1,<environment.Job instance at 0x15458928b190>,49,18,[2 9],70,119,137,49,108
1,<environment.Job instance at 0x15458928b2d0>,50,3,[2 9],71,137,140,66,111
1,<environment.Job instance at 0x15458928b3c0>,51,1,[1 6],72,119,120,47,111
1,<environment.Job instance at 0x15458928ba00>,52,1,[10  1],73,111,112,38,111
1,<environment.Job instance at 0x15458928b370>,53,17,[5 1],74,120,137,46,111
1,<environment.Job instance at 0x15458928b230>,54,1,[7 1],75,112,113,37,111
1,<environment.Job instance at 0x154589191b90>,55,3,[9 2],76,113,116,37,111
1,<environment.Job instance at 0x154588fc3050>,56,2,[1 8],77,140,142,63,113
1,<environment.Job instance at 0x154588fc3dc0>,57,26,[8 1],78,120,146,42,117
1,<environment.Job instance at 0x154589243820>,58,3,[2 5],79,137,140,58,117
1,<environment.Job instance at 0x154588fc3be0>,59,2,[8 1],80,117,119,37,117
1,<environment.Job instance at 0x1545892dd050>,60,27,[6 1],81,140,167,59,138
1,<environment.Job instance at 0x154588fc3370>,61,21,[9 2],82,146,167,64,138
1,<environment.Job instance at 0x154588fbe640>,62,17,[7 2],83,167,184,84,155
1,<environment.Job instance at 0x154588fbe780>,63,16,[5 2],84,167,183,83,155
1,<environment.Job instance at 0x1545891b5910>,64,2,[2 9],85,167,169,82,155
1,<environment.Job instance at 0x1545a889b8c0>,65,13,[2 8],87,169,182,82,155
1,<environment.Job instance at 0x154595e6a190>,66,3,[7 2],88,183,186,95,157
1,<environment.Job instance at 0x154595e6a280>,67,17,[ 2 10],89,184,201,95,172
1,<environment.Job instance at 0x1545aa28c730>,68,1,[1 8],92,182,183,90,172
1,<environment.Job instance at 0x154589013b40>,69,16,[5 2],93,184,200,91,172
1,<environment.Job instance at 0x1545890c77d0>,70,1,[6 1],95,186,187,91,172
1,<environment.Job instance at 0x1545890138c0>,71,28,[14  1],98,201,229,103,200
1,<environment.Job instance at 0x15458900c050>,74,1,[6 1],101,200,201,99,200
1,<environment.Job instance at 0x15458900c500>,76,3,[2 9],103,229,232,126,203
1,<environment.Job instance at 0x154589e8aaf0>,77,17,[1 8],105,203,220,98,203
1,<environment.Job instance at 0x154589e8a140>,78,2,[11  2],106,229,231,123,203
1,<environment.Job instance at 0x154589e8a190>,79,16,[2 7],107,232,248,125,219
1,<environment.Job instance at 0x15458910f410>,80,2,[1 8],109,220,222,111,219
1,<environment.Job instance at 0x15458910f870>,81,2,[1 5],110,222,224,112,219
1,<environment.Job instance at 0x1545aafae2d0>,82,1,[1 5],111,224,225,113,219
1,<environment.Job instance at 0x154589281c30>,83,2,[9 1],112,231,233,119,219
1,<environment.Job instance at 0x154589281f00>,84,3,[9 2],113,233,236,120,219
1,<environment.Job instance at 0x154589240690>,85,17,[5 2],114,236,253,122,224
1,<environment.Job instance at 0x154588ff23c0>,86,2,[2 6],116,232,234,116,224
1,<environment.Job instance at 0x154589275dc0>,87,1,[ 1 10],117,225,226,108,224
1,<environment.Job instance at 0x15458d8689b0>,88,1,[2 7],118,248,249,130,224
1,<environment.Job instance at 0x154594132690>,89,2,[2 6],119,234,236,115,224
1,<environment.Job instance at 0x154594132320>,90,17,[5 2],120,236,253,116,224
1,<environment.Job instance at 0x154589213eb0>,91,2,[5 1],122,249,251,127,224
1,<environment.Job instance at 0x154589213640>,92,2,[8 2],123,253,255,130,226
1,<environment.Job instance at 0x154589213b90>,93,2,[12  1],125,255,257,130,228
1,<environment.Job instance at 0x1545892135f0>,94,14,[1 9],126,251,265,125,236
1,<environment.Job instance at 0x154589213fa0>,95,1,[2 8],127,265,266,138,237
1,<environment.Job instance at 0x154589213c30>,96,18,[10  2],128,257,275,129,246
1,<environment.Job instance at 0x154589213d70>,97,12,[2 9],129,266,278,137,249
1,<environment.Job instance at 0x154589213820>,98,15,[2 5],130,275,290,145,261
1,<environment.Job instance at 0x154589213190>,99,3,[1 6],131,278,281,147,261
1,<environment.Job instance at 0x154589213af0>,100,2,[1 8],133,281,283,148,261
1,<environment.Job instance at 0x154589213370>,101,17,[7 1],134,275,292,141,263
1,<environment.Job instance at 0x1545892131e0>,102,16,[8 2],135,290,306,155,277
1,<environment.Job instance at 0x154589213cd0>,103,3,[1 5],138,283,286,145,277
1,<environment.Job instance at 0x1545892134b0>,104,1,[10  1],139,306,307,167,278
1,<environment.Job instance at 0x1545892130a0>,105,1,[10  2],140,307,308,167,279
1,<environment.Job instance at 0x1545892139b0>,106,16,[7 1],141,308,324,167,295
1,<environment.Job instance at 0x1545aab00af0>,107,1,[1 6],142,295,296,153,295
1,<environment.Job instance at 0x1545aab00690>,108,14,[1 8],143,296,310,153,295
1,<environment.Job instance at 0x154589b475a0>,109,2,[5 1],144,295,297,151,295
1,<environment.Job instance at 0x154589b47190>,110,2,[7 2],145,308,310,163,295
1,<environment.Job instance at 0x154589b47230>,111,1,[1 6],146,295,296,149,295
1,<environment.Job instance at 0x154589b47870>,112,3,[2 6],147,310,313,163,295
1,<environment.Job instance at 0x154589b47a50>,113,3,[1 9],148,313,316,165,295
1,<environment.Job instance at 0x15458c368e60>,114,3,[6 1],149,297,300,148,295
1,<environment.Job instance at 0x15458c368190>,115,15,[6 1],155,310,325,155,296
1,<environment.Job instance at 0x15458c368460>,116,2,[7 1],156,324,326,168,297
1,<environment.Job instance at 0x15458c3685a0>,117,17,[8 1],157,325,342,168,313
1,<environment.Job instance at 0x15458c368910>,118,1,[ 2 13],158,316,317,158,313
1,<environment.Job instance at 0x1545899f6410>,119,2,[2 5],159,317,319,158,313
1,<environment.Job instance at 0x15458c71bb90>,11,1,[7 1],17,352,353,335,352
1,<environment.Job instance at 0x1545899d5460>,21,3,[8 1],34,34,37,0,34
1,<environment.Job instance at 0x154589770eb0>,22,1,[1 8],35,35,36,0,35
1,<environment.Job instance at 0x154589770a00>,23,1,[10  2],39,39,40,0,39
1,<environment.Job instance at 0x154589770b90>,24,2,[2 6],40,40,42,0,40
1,<environment.Job instance at 0x154589770550>,25,1,[1 5],41,41,42,0,41
1,<environment.Job instance at 0x1545897700a0>,26,3,[7 2],43,43,46,0,43
1,<environment.Job instance at 0x154597b30370>,27,1,[2 8],44,44,45,0,44
1,<environment.Job instance at 0x154597b30f00>,28,18,[1 7],46,46,64,0,46
1,<environment.Job instance at 0x154597b30d20>,29,3,[10  1],48,48,51,0,48
1,<environment.Job instance at 0x154589b104b0>,30,2,[ 2 13],49,64,66,15,49
1,<environment.Job instance at 0x154597b302d0>,31,3,[7 2],51,51,54,0,51
1,<environment.Job instance at 0x154589aeeaa0>,32,28,[2 5],53,66,94,13,65
1,<environment.Job instance at 0x15458d72ed70>,33,15,[ 2 10],54,66,81,12,65
1,<environment.Job instance at 0x15458c85e190>,34,1,[1 9],55,81,82,26,65
1,<environment.Job instance at 0x15458d72e140>,35,3,[6 2],56,82,85,26,65
1,<environment.Job instance at 0x15458d72ea50>,36,16,[ 1 11],57,94,110,37,81
1,<environment.Job instance at 0x15458d72e3c0>,37,1,[2 6],58,82,83,24,81
1,<environment.Job instance at 0x15458d72e4b0>,38,1,[1 5],60,83,84,23,81
1,<environment.Job instance at 0x15458979b780>,39,2,[2 8],61,84,86,23,81
1,<environment.Job instance at 0x15458979bdc0>,40,24,[2 9],62,110,134,48,105
1,<environment.Job instance at 0x15458979b460>,41,3,[2 5],65,110,113,45,105
1,<environment.Job instance at 0x15458979b5a0>,42,18,[5 2],67,113,131,46,105
1,<environment.Job instance at 0x15458979baa0>,43,1,[1 6],68,131,132,63,105
1,<environment.Job instance at 0x15458979b9b0>,44,2,[2 6],70,132,134,62,105
1,<environment.Job instance at 0x15458979b320>,45,2,[6 2],71,105,107,34,105
1,<environment.Job instance at 0x15458907a3c0>,46,3,[2 7],72,134,137,62,108
1,<environment.Job instance at 0x1545897b7d70>,47,1,[10  1],76,108,109,32,108
1,<environment.Job instance at 0x154588f88af0>,48,3,[10  1],77,109,112,32,108
1,<environment.Job instance at 0x15458979be10>,49,2,[6 1],78,112,114,34,108
1,<environment.Job instance at 0x15459406feb0>,50,3,[1 5],79,134,137,55,108
1,<environment.Job instance at 0x154588f88500>,51,2,[10  2],80,134,136,54,108
1,<environment.Job instance at 0x15458a377cd0>,52,1,[9 1],81,136,137,55,108
1,<environment.Job instance at 0x15458c889d20>,53,1,[1 8],82,137,138,55,109
1,<environment.Job instance at 0x15458985d910>,54,25,[9 1],83,137,162,54,133
1,<environment.Job instance at 0x15458985dc80>,55,3,[2 7],84,138,141,54,133
1,<environment.Job instance at 0x154597bd9be0>,56,1,[7 1],85,162,163,77,134
1,<environment.Job instance at 0x154597bd9550>,57,2,[7 2],86,162,164,76,135
1,<environment.Job instance at 0x154588f70410>,58,13,[10  1],88,164,177,76,148
1,<environment.Job instance at 0x154588f703c0>,59,3,[2 6],89,148,151,59,148
1,<environment.Job instance at 0x154588f70a00>,60,2,[8 1],90,177,179,87,150
1,<environment.Job instance at 0x154588f707d0>,61,1,[6 2],91,151,152,60,150
1,<environment.Job instance at 0x154588f70d70>,62,1,[9 1],92,179,180,87,151
1,<environment.Job instance at 0x154588f70cd0>,63,1,[2 5],94,152,153,58,151
1,<environment.Job instance at 0x154588f70d20>,64,3,[10  2],97,180,183,83,154
1,<environment.Job instance at 0x154588f70aa0>,65,1,[2 7],98,154,155,56,154
1,<environment.Job instance at 0x154588f70f00>,66,2,[ 1 14],100,155,157,55,154
1,<environment.Job instance at 0x154588f70e60>,67,1,[7 2],101,163,164,62,154
1,<environment.Job instance at 0x154588f706e0>,68,3,[9 1],102,183,186,81,157
1,<environment.Job instance at 0x154588f70820>,69,15,[6 1],103,183,198,80,169
1,<environment.Job instance at 0x154588f70640>,70,1,[2 5],104,169,170,65,169
1,<environment.Job instance at 0x15458a465c80>,71,2,[1 5],106,169,171,63,169
1,<environment.Job instance at 0x15458a465640>,72,3,[2 8],107,170,173,63,169
1,<environment.Job instance at 0x15458a4650f0>,73,17,[10  1],108,198,215,90,186
1,<environment.Job instance at 0x1545894e8640>,74,26,[5 2],109,186,212,77,186
1,<environment.Job instance at 0x1545894e8eb0>,75,1,[8 2],110,215,216,105,187
1,<environment.Job instance at 0x1545894e8f50>,76,2,[2 6],111,187,189,76,187
1,<environment.Job instance at 0x1545894e84b0>,77,3,[1 9],112,189,192,77,187
1,<environment.Job instance at 0x1545894e89b0>,78,2,[1 7],114,192,194,78,187
1,<environment.Job instance at 0x1545894e8230>,79,3,[2 9],115,194,197,79,187
1,<environment.Job instance at 0x1545894e8dc0>,80,2,[6 1],116,215,217,99,188
1,<environment.Job instance at 0x1545894e8f00>,81,1,[5 1],117,212,213,95,188
1,<environment.Job instance at 0x1545894e8550>,82,16,[2 6],118,216,232,98,203
1,<environment.Job instance at 0x1545894e82d0>,83,2,[7 1],120,216,218,96,203
1,<environment.Job instance at 0x15458999d190>,84,14,[5 2],124,217,231,93,203
1,<environment.Job instance at 0x15458999d500>,85,1,[ 1 10],125,213,214,88,203
1,<environment.Job instance at 0x15458999dc30>,86,3,[1 9],126,231,234,105,205
1,<environment.Job instance at 0x1545896dc6e0>,87,2,[9 2],128,232,234,104,205
1,<environment.Job instance at 0x1545896dc4b0>,88,3,[2 7],129,218,221,89,205
1,<environment.Job instance at 0x1545896dc780>,89,21,[10  2],132,234,255,102,226
1,<environment.Job instance at 0x1545896dcd70>,90,22,[2 9],133,234,256,101,227
1,<environment.Job instance at 0x1545896b70a0>,91,3,[1 7],135,227,230,92,227
1,<environment.Job instance at 0x154588f8a0a0>,92,14,[2 5],137,255,269,118,240
1,<environment.Job instance at 0x154588f77230>,93,13,[1 5],141,256,269,115,240
1,<environment.Job instance at 0x154588f770f0>,94,2,[6 1],143,255,257,112,240
1,<environment.Job instance at 0x154588f77190>,95,1,[ 1 12],144,269,270,125,241
1,<environment.Job instance at 0x154588f77910>,96,1,[10  2],145,257,258,112,241
1,<environment.Job instance at 0x154588f771e0>,97,3,[2 9],146,270,273,124,244
1,<environment.Job instance at 0x154588f77af0>,98,13,[2 9],147,273,286,126,257
1,<environment.Job instance at 0x15458c642a50>,99,12,[5 2],149,258,270,109,257
1,<environment.Job instance at 0x15458c6420f0>,100,1,[9 1],150,269,270,119,257
1,<environment.Job instance at 0x15458c642d20>,101,20,[9 1],151,270,290,119,261
1,<environment.Job instance at 0x15458c6425a0>,102,3,[5 1],153,261,264,108,261
1,<environment.Job instance at 0x15458c642c30>,103,2,[13  1],154,290,292,136,263
1,<environment.Job instance at 0x15458c642500>,104,1,[12  2],155,292,293,137,264
1,<environment.Job instance at 0x15458c642c80>,105,1,[5 1],156,264,265,108,264
1,<environment.Job instance at 0x15458c642e10>,106,3,[8 1],157,293,296,136,267
1,<environment.Job instance at 0x1545898b7550>,107,2,[6 2],158,267,269,109,267
1,<environment.Job instance at 0x1545898b7a00>,108,3,[9 2],159,296,299,137,270
1,<environment.Job instance at 0x1545899d5af0>,19,3,[1 9],31,1258,1261,1227,1258
1,<environment.Job instance at 0x1545a87d6b40>,16,20,[7 2],29,30,50,1,30
1,<environment.Job instance at 0x1545898e7e60>,28,1,[5 2],43,65,66,22,65
1,<environment.Job instance at 0x1545a8925af0>,31,2,[5 1],54,65,67,11,65
1,<environment.Job instance at 0x1545898e7c30>,30,1,[11  1],53,67,68,14,65
1,<environment.Job instance at 0x1545a8925b90>,33,2,[1 8],56,65,67,9,65
1,<environment.Job instance at 0x1545a8925140>,34,1,[6 1],57,66,67,9,65
1,<environment.Job instance at 0x1545a89256e0>,35,18,[10  2],59,68,86,9,65
1,<environment.Job instance at 0x1545a8925870>,36,1,[6 1],60,86,87,26,65
1,<environment.Job instance at 0x1545a8925730>,37,1,[2 9],61,67,68,6,65
1,<environment.Job instance at 0x1545e042ee10>,38,1,[1 5],62,66,67,4,65
1,<environment.Job instance at 0x15458c5d5690>,39,16,[ 2 10],63,68,84,5,65
1,<environment.Job instance at 0x1545a8925230>,40,3,[5 1],64,84,87,20,65
1,<environment.Job instance at 0x1545a8925410>,41,3,[1 7],65,86,89,21,65
1,<environment.Job instance at 0x154589c54230>,42,3,[10  2],67,87,90,20,67
1,<environment.Job instance at 0x154595e5b780>,43,17,[9 2],69,90,107,21,78
1,<environment.Job instance at 0x15458c39c050>,44,2,[9 2],71,107,109,36,80
1,<environment.Job instance at 0x15458c39c0a0>,45,2,[2 7],75,89,91,14,80
1,<environment.Job instance at 0x15458a3f64b0>,46,1,[8 1],76,109,110,33,81
1,<environment.Job instance at 0x15458a3f6460>,47,15,[7 1],77,109,124,32,95
1,<environment.Job instance at 0x15458a3f6320>,48,1,[1 8],78,95,96,17,95
1,<environment.Job instance at 0x1545a8846050>,49,12,[7 2],79,110,122,31,95
1,<environment.Job instance at 0x1545a88463c0>,50,13,[1 9],80,96,109,16,95
1,<environment.Job instance at 0x15458c7ec230>,51,2,[7 2],81,122,124,41,95
1,<environment.Job instance at 0x1545a80d8500>,52,1,[ 2 10],82,124,125,42,96
1,<environment.Job instance at 0x1545a80d85a0>,53,16,[1 7],83,125,141,42,112
1,<environment.Job instance at 0x15458c7ae050>,54,17,[5 2],85,124,141,39,112
1,<environment.Job instance at 0x15458c7ae1e0>,55,3,[10  1],87,141,144,54,115
1,<environment.Job instance at 0x15458c7aef00>,56,1,[9 2],88,125,126,37,115
1,<environment.Job instance at 0x15458c7ae500>,57,17,[8 1],89,144,161,55,132
1,<environment.Job instance at 0x15458c7aee60>,58,2,[1 5],90,132,134,42,132
1,<environment.Job instance at 0x15458945c320>,59,13,[1 9],91,141,154,50,132
1,<environment.Job instance at 0x15458945cbe0>,60,2,[10  2],92,161,163,69,134
1,<environment.Job instance at 0x15458945c500>,61,15,[9 1],94,163,178,69,149
1,<environment.Job instance at 0x15458945cdc0>,62,1,[1 5],95,149,150,54,149
1,<environment.Job instance at 0x1545941188c0>,63,2,[1 9],96,154,156,58,149
1,<environment.Job instance at 0x1545a8594c80>,64,2,[1 7],99,156,158,57,149
1,<environment.Job instance at 0x1545a8594820>,65,3,[1 8],100,158,161,58,149
1,<environment.Job instance at 0x1545a8594640>,66,19,[5 2],101,150,169,49,149
1,<environment.Job instance at 0x1545a8594410>,67,2,[2 8],102,169,171,67,149
1,<environment.Job instance at 0x1545a85945f0>,68,3,[1 7],103,163,166,60,149
1,<environment.Job instance at 0x1545a8594190>,69,2,[6 1],104,171,173,67,149
1,<environment.Job instance at 0x1545a8594be0>,70,3,[7 2],105,178,181,73,152
1,<environment.Job instance at 0x1545a85941e0>,71,2,[8 1],106,178,180,72,152
1,<environment.Job instance at 0x1545a8594910>,72,15,[8 2],107,180,195,73,166
1,<environment.Job instance at 0x154594066910>,73,1,[10  1],108,195,196,87,167
1,<environment.Job instance at 0x154594066b40>,74,2,[8 2],110,196,198,86,169
1,<environment.Job instance at 0x154594066c80>,75,1,[1 6],111,169,170,58,169
1,<environment.Job instance at 0x1545940661e0>,76,3,[6 1],112,173,176,61,169
1,<environment.Job instance at 0x154594066410>,77,16,[1 5],113,181,197,68,169
1,<environment.Job instance at 0x1545940665f0>,78,3,[2 5],114,181,184,67,169
1,<environment.Job instance at 0x154594066d20>,79,3,[2 8],116,184,187,68,169
1,<environment.Job instance at 0x1545940668c0>,80,17,[12  1],117,198,215,81,186
1,<environment.Job instance at 0x154594066690>,81,3,[1 8],118,187,190,69,186
1,<environment.Job instance at 0x1545940660a0>,82,2,[2 5],120,190,192,70,186
1,<environment.Job instance at 0x154594066f00>,83,3,[1 9],121,197,200,76,186
1,<environment.Job instance at 0x154594066d70>,84,15,[9 1],122,215,230,93,201
1,<environment.Job instance at 0x154594066370>,85,12,[6 1],123,215,227,92,201
1,<environment.Job instance at 0x1545899038c0>,86,13,[8 1],124,230,243,106,214
1,<environment.Job instance at 0x154589903fa0>,87,3,[2 8],125,227,230,102,214
1,<environment.Job instance at 0x154589903af0>,88,2,[1 7],126,230,232,104,214
1,<environment.Job instance at 0x154589903050>,89,2,[1 6],127,227,229,100,214
1,<environment.Job instance at 0x154589903f50>,90,14,[ 2 10],128,232,246,104,217
1,<environment.Job instance at 0x154589903910>,91,1,[2 7],130,230,231,100,217
1,<environment.Job instance at 0x154589903460>,92,3,[8 2],131,243,246,112,217
1,<environment.Job instance at 0x154589903be0>,93,3,[ 2 10],132,246,249,114,220
1,<environment.Job instance at 0x15458a437690>,94,2,[9 1],134,246,248,112,220
1,<environment.Job instance at 0x1545a894d820>,95,1,[2 5],135,229,230,94,220
1,<environment.Job instance at 0x1545a894d9b0>,96,3,[1 8],137,249,252,112,223
1,<environment.Job instance at 0x15458c77b3c0>,97,2,[2 8],140,252,254,112,225
1,<environment.Job instance at 0x15458c77bc80>,98,17,[1 8],142,254,271,112,242
1,<environment.Job instance at 0x15458c77b410>,99,15,[10  1],143,248,263,105,242
1,<environment.Job instance at 0x15458c77b050>,100,3,[1 8],145,271,274,126,245
1,<environment.Job instance at 0x15458c77b500>,101,12,[1 7],146,263,275,117,246
1,<environment.Job instance at 0x15458c77bb90>,102,3,[8 1],147,274,277,127,248
1,<environment.Job instance at 0x15458c77bf50>,103,3,[10  1],148,277,280,129,251
1,<environment.Job instance at 0x15458c77b780>,104,3,[1 8],149,275,278,126,251
1,<environment.Job instance at 0x1545a8908c80>,105,2,[2 9],150,278,280,128,251
1,<environment.Job instance at 0x1545a89084b0>,106,2,[8 2],151,280,282,129,253
1,<environment.Job instance at 0x1545a8908aa0>,107,2,[8 1],152,282,284,130,255
1,<environment.Job instance at 0x1545a8908280>,108,16,[7 2],154,280,296,126,267
1,<environment.Job instance at 0x1545a8908370>,109,1,[ 2 10],155,284,285,129,267
1,<environment.Job instance at 0x1545a89082d0>,110,3,[ 2 10],157,285,288,128,267
1,<environment.Job instance at 0x1545a8908550>,111,12,[ 2 11],158,288,300,130,271
1,<environment.Job instance at 0x1545a8925b40>,32,2,[1 6],55,300,302,245,299
1,<environment.Job instance at 0x1545898e7280>,26,1,[ 1 13],41,302,303,261,300
1,<environment.Job instance at 0x1545a87ea960>,0,2,[1 8],1,1,3,0,1
1,<environment.Job instance at 0x154589bb2c30>,11,2,[9 1],18,20,22,2,20
1,<environment.Job instance at 0x1545897b55a0>,23,2,[2 5],31,31,33,0,31
1,<environment.Job instance at 0x1545897b5c30>,24,15,[7 2],32,32,47,0,32
1,<environment.Job instance at 0x1545897b59b0>,25,1,[7 2],35,35,36,0,35
1,<environment.Job instance at 0x1545897b5be0>,26,1,[1 8],36,36,37,0,36
1,<environment.Job instance at 0x1545897b5280>,27,2,[1 7],37,37,39,0,37
1,<environment.Job instance at 0x1545897b5e10>,28,22,[ 1 10],38,39,61,1,38
1,<environment.Job instance at 0x1545897b5aa0>,29,2,[1 6],39,61,63,22,39
1,<environment.Job instance at 0x1545897b56e0>,30,1,[14  1],41,47,48,6,41
1,<environment.Job instance at 0x1545897b5f50>,31,3,[10  1],42,48,51,6,42
1,<environment.Job instance at 0x1545897b5370>,32,3,[10  1],43,51,54,8,43
1,<environment.Job instance at 0x1545e04660a0>,33,1,[8 1],44,54,55,10,44
1,<environment.Job instance at 0x1545974cf320>,34,17,[7 2],46,55,72,9,46
1,<environment.Job instance at 0x1545974cf3c0>,35,13,[2 5],47,61,74,14,47
1,<environment.Job instance at 0x1545974cfe60>,36,2,[6 1],49,54,56,5,49
1,<environment.Job instance at 0x1545974cfa00>,37,16,[6 1],50,63,79,13,50
1,<environment.Job instance at 0x1545974cf870>,38,1,[ 1 10],52,74,75,22,52
1,<environment.Job instance at 0x1545974cfb40>,39,3,[9 1],54,75,78,21,54
1,<environment.Job instance at 0x15458d7705a0>,40,1,[8 2],56,74,75,18,56
1,<environment.Job instance at 0x15458d7702d0>,41,3,[1 5],57,78,81,21,57
1,<environment.Job instance at 0x15458d770410>,42,1,[10  1],59,79,80,20,59
1,<environment.Job instance at 0x15458d7705f0>,43,3,[8 1],60,80,83,20,60
1,<environment.Job instance at 0x15458b914730>,44,2,[8 1],61,83,85,22,61
1,<environment.Job instance at 0x15458b914eb0>,45,1,[5 2],62,62,63,0,62
1,<environment.Job instance at 0x15458b914c30>,46,3,[1 7],63,78,81,15,63
1,<environment.Job instance at 0x15458b914a50>,47,2,[5 1],64,72,74,8,64
1,<environment.Job instance at 0x15458b914be0>,48,17,[1 5],66,81,98,15,69
1,<environment.Job instance at 0x15458b914050>,49,2,[5 2],67,80,82,13,69
1,<environment.Job instance at 0x15458b914320>,50,1,[1 5],68,72,73,4,69
1,<environment.Job instance at 0x15458b914280>,51,1,[8 2],69,85,86,16,69
1,<environment.Job instance at 0x15458b914e60>,52,2,[7 1],70,86,88,16,70
1,<environment.Job instance at 0x15458b9145a0>,53,1,[10  1],71,88,89,17,71
1,<environment.Job instance at 0x15458b914780>,54,2,[ 1 10],72,89,91,17,72
1,<environment.Job instance at 0x15458b9142d0>,55,2,[1 8],73,82,84,9,73
1,<environment.Job instance at 0x1545aa2796e0>,56,3,[2 5],74,84,87,10,74
1,<environment.Job instance at 0x1545aa279190>,57,18,[10  1],75,91,109,16,80
1,<environment.Job instance at 0x1545aa2795f0>,58,2,[7 1],76,109,111,33,82
1,<environment.Job instance at 0x1545aa279280>,59,15,[2 7],77,91,106,14,82
1,<environment.Job instance at 0x1545aa279780>,60,1,[2 5],78,87,88,9,82
1,<environment.Job instance at 0x1545aa279320>,61,3,[ 1 11],81,106,109,25,82
1,<environment.Job instance at 0x1545aa279820>,62,2,[1 9],82,109,111,27,82
1,<environment.Job instance at 0x1545aa279230>,63,2,[2 5],83,98,100,15,83
1,<environment.Job instance at 0x1545aa279c30>,64,3,[1 5],86,100,103,14,86
1,<environment.Job instance at 0x1545aa279be0>,65,1,[8 1],87,111,112,24,87
1,<environment.Job instance at 0x1545941672d0>,66,2,[8 2],88,112,114,24,88
1,<environment.Job instance at 0x154594167eb0>,67,14,[9 2],89,114,128,25,99
1,<environment.Job instance at 0x154594167e60>,68,2,[5 2],90,109,111,19,99
1,<environment.Job instance at 0x154594167f50>,69,3,[1 5],91,103,106,12,99
1,<environment.Job instance at 0x15458988a460>,70,1,[1 5],93,111,112,18,99
1,<environment.Job instance at 0x15458988a640>,71,16,[8 1],94,128,144,34,115
1,<environment.Job instance at 0x15458988a230>,72,14,[2 8],95,115,129,20,115
1,<environment.Job instance at 0x15458988a690>,73,15,[8 2],96,144,159,48,130
1,<environment.Job instance at 0x15458988adc0>,74,3,[1 7],98,130,133,32,130
1,<environment.Job instance at 0x15458988a870>,75,3,[7 1],99,133,136,34,130
1,<environment.Job instance at 0x15458988ad70>,76,2,[2 7],100,130,132,30,130
1,<environment.Job instance at 0x15458988a0f0>,77,14,[ 2 10],101,136,150,35,130
1,<environment.Job instance at 0x15458988aa50>,78,1,[1 9],102,150,151,48,130
1,<environment.Job instance at 0x15458988acd0>,79,18,[5 2],103,136,154,33,130
1,<environment.Job instance at 0x15458988a370>,80,2,[1 8],105,151,153,46,130
1,<environment.Job instance at 0x15458988a5f0>,81,16,[1 6],106,153,169,47,140
1,<environment.Job instance at 0x15458988ac80>,82,3,[2 6],108,154,157,46,140
1,<environment.Job instance at 0x15458988a1e0>,83,14,[10  1],109,159,173,50,144
1,<environment.Job instance at 0x15458988ae10>,84,3,[ 1 14],110,169,172,59,144
1,<environment.Job instance at 0x15458988a780>,85,3,[5 1],111,172,175,61,146
1,<environment.Job instance at 0x15458988aeb0>,86,2,[8 1],113,173,175,60,146
1,<environment.Job instance at 0x15458988ab90>,87,3,[9 1],114,175,178,61,149
1,<environment.Job instance at 0x15458988a8c0>,88,3,[8 2],115,178,181,63,152
1,<environment.Job instance at 0x154589bd61e0>,89,12,[7 2],117,178,190,61,161
1,<environment.Job instance at 0x1545892a2550>,90,2,[2 7],119,161,163,42,161
1,<environment.Job instance at 0x1545a81254b0>,91,17,[6 2],121,181,198,60,169
1,<environment.Job instance at 0x15458920a870>,92,13,[ 2 10],122,181,194,59,169
1,<environment.Job instance at 0x1545a8125c80>,93,2,[1 9],123,173,175,50,169
1,<environment.Job instance at 0x1545a88af780>,94,23,[1 5],124,194,217,70,188
1,<environment.Job instance at 0x1545a88af370>,95,1,[8 1],125,194,195,69,188
1,<environment.Job instance at 0x1545a88afdc0>,96,18,[10  1],126,198,216,72,188
1,<environment.Job instance at 0x1545a88afcd0>,97,1,[8 2],127,195,196,68,188
1,<environment.Job instance at 0x15458d8204b0>,98,2,[7 1],128,190,192,62,188
1,<environment.Job instance at 0x15458985d2d0>,99,1,[5 1],129,192,193,63,188
1,<environment.Job instance at 0x1545dc303e60>,100,2,[2 8],130,196,198,66,188
1,<environment.Job instance at 0x1545896860a0>,101,3,[7 1],131,216,219,85,190
1,<environment.Job instance at 0x15458c452320>,102,3,[8 2],132,217,220,85,191
1,<environment.Job instance at 0x15458948d280>,103,2,[10  1],134,220,222,86,193
1,<environment.Job instance at 0x154589b0f460>,104,22,[5 1],136,219,241,83,212
1,<environment.Job instance at 0x154589686280>,105,14,[9 2],139,222,236,83,212
1,<environment.Job instance at 0x1545a886d0a0>,106,16,[8 2],141,236,252,95,223
1,<environment.Job instance at 0x154589038690>,107,3,[1 5],142,223,226,81,223
1,<environment.Job instance at 0x15458950f690>,108,2,[5 2],143,241,243,98,223
1,<environment.Job instance at 0x15458950f050>,109,13,[8 1],145,252,265,107,236
1,<environment.Job instance at 0x15458d99acd0>,110,1,[7 2],146,243,244,97,236
1,<environment.Job instance at 0x154588fd0c80>,111,2,[2 8],147,236,238,89,236
1,<environment.Job instance at 0x154588fd0640>,112,12,[9 1],148,265,277,117,248
1,<environment.Job instance at 0x154588fd0a00>,113,3,[9 2],150,277,280,127,251
1,<environment.Job instance at 0x154588fd00a0>,114,1,[ 2 10],151,251,252,100,251
1,<environment.Job instance at 0x154588fd0e10>,115,2,[6 2],152,252,254,100,251
1,<environment.Job instance at 0x15458c43f640>,116,1,[1 5],154,252,253,98,251
1,<environment.Job instance at 0x15458c43f7d0>,117,2,[5 2],155,254,256,99,251
1,<environment.Job instance at 0x15458c43fa50>,118,2,[8 1],156,280,282,124,253
1,<environment.Job instance at 0x15458c43ffa0>,119,2,[8 1],157,282,284,125,255
1,<environment.Job instance at 0x1545896284b0>,120,17,[ 2 10],158,255,272,97,255
1,<environment.Job instance at 0x15458c43fa00>,121,3,[10  2],159,284,287,125,258
1,<environment.Job instance at 0x1545897b58c0>,22,1,[ 2 10],30,408,409,378,408
1,<environment.Job instance at 0x154589bb28c0>,12,12,[5 2],19,1605,1617,1586,1605
1,<environment.Job instance at 0x1545a8987910>,0,1,[5 1],3,3,4,0,3
1,<environment.Job instance at 0x1545a889f500>,5,1,[ 2 10],12,16,17,4,16
1,<environment.Job instance at 0x15458c622d20>,9,2,[ 1 10],20,20,22,0,20
1,<environment.Job instance at 0x1545a858a960>,10,13,[7 2],21,21,34,0,21
1,<environment.Job instance at 0x1545891e9820>,11,1,[1 6],22,22,23,0,22
1,<environment.Job instance at 0x1545891e9190>,12,1,[1 8],23,23,24,0,23
1,<environment.Job instance at 0x15458c58dd70>,13,1,[8 2],25,25,26,0,25
1,<environment.Job instance at 0x1545891e9dc0>,14,2,[10  2],26,34,36,8,26
1,<environment.Job instance at 0x1545891e9320>,15,2,[14  1],27,36,38,9,27
1,<environment.Job instance at 0x1545891e9730>,16,14,[6 2],30,38,52,8,30
1,<environment.Job instance at 0x15458aea6870>,17,1,[5 2],31,31,32,0,31
1,<environment.Job instance at 0x1545a8061960>,18,18,[10  2],32,52,70,20,41
1,<environment.Job instance at 0x1545a80615f0>,19,3,[1 5],33,41,44,8,41
1,<environment.Job instance at 0x15458aea67d0>,20,14,[1 7],34,41,55,7,41
1,<environment.Job instance at 0x15458aea6780>,21,2,[1 8],36,55,57,19,41
1,<environment.Job instance at 0x15458c494140>,22,12,[5 2],37,57,69,20,41
1,<environment.Job instance at 0x15458c494190>,23,1,[2 9],38,69,70,31,41
1,<environment.Job instance at 0x15458c494410>,24,1,[10  2],39,70,71,31,42
1,<environment.Job instance at 0x15458c3da500>,25,2,[5 2],42,44,46,2,42
1,<environment.Job instance at 0x15458a403960>,26,2,[10  1],43,71,73,28,44
1,<environment.Job instance at 0x15458c3f4f50>,27,17,[7 1],45,73,90,28,61
1,<environment.Job instance at 0x15458c3f4820>,28,1,[7 2],46,73,74,27,61
1,<environment.Job instance at 0x1545a80f6be0>,29,15,[7 1],47,74,89,27,61
1,<environment.Job instance at 0x1545a88afeb0>,30,13,[5 2],53,89,102,36,73
1,<environment.Job instance at 0x1545891d10a0>,31,3,[1 9],54,73,76,19,73
1,<environment.Job instance at 0x1545a88af870>,32,1,[1 7],57,76,77,19,73
1,<environment.Job instance at 0x1545891d14b0>,33,14,[7 1],59,90,104,31,75
1,<environment.Job instance at 0x1545892e0f50>,34,3,[6 2],60,102,105,42,76
1,<environment.Job instance at 0x1545892e0550>,35,17,[6 2],65,104,121,39,92
1,<environment.Job instance at 0x15458a468550>,36,2,[8 1],66,105,107,39,92
1,<environment.Job instance at 0x1545892e0410>,37,3,[8 2],68,107,110,39,92
1,<environment.Job instance at 0x154589ad3aa0>,38,14,[10  2],69,121,135,52,106
1,<environment.Job instance at 0x15458a468320>,39,2,[2 6],70,110,112,40,106
1,<environment.Job instance at 0x154589ad3230>,40,17,[1 9],71,112,129,41,106
1,<environment.Job instance at 0x154589ad3870>,41,3,[1 6],72,106,109,34,106
1,<environment.Job instance at 0x154589ad3af0>,42,1,[8 1],73,112,113,39,106
1,<environment.Job instance at 0x154595e6a5a0>,43,1,[6 1],74,110,111,36,106
1,<environment.Job instance at 0x154595e6a190>,44,1,[1 9],78,109,110,31,106
1,<environment.Job instance at 0x154595e6ab90>,45,3,[10  2],82,135,138,53,109
1,<environment.Job instance at 0x154595e6aaf0>,46,17,[6 1],83,138,155,55,126
1,<environment.Job instance at 0x154595e6aa50>,47,1,[2 8],84,129,130,45,126
1,<environment.Job instance at 0x154595e6a140>,48,2,[9 1],87,138,140,51,126
1,<environment.Job instance at 0x1545a814f140>,49,18,[2 8],88,140,158,52,129
1,<environment.Job instance at 0x1545a814ff50>,50,13,[7 2],91,140,153,49,129
1,<environment.Job instance at 0x1545a814f2d0>,51,2,[6 2],92,153,155,61,129
1,<environment.Job instance at 0x1545a85867d0>,52,3,[5 2],97,130,133,33,129
1,<environment.Job instance at 0x1545a8586a50>,53,3,[ 2 10],98,133,136,35,129
1,<environment.Job instance at 0x154589ea6e10>,54,3,[1 5],100,155,158,55,129
1,<environment.Job instance at 0x154589ea6be0>,55,1,[9 1],101,155,156,54,129
1,<environment.Job instance at 0x154589ea61e0>,56,2,[1 7],103,136,138,33,129
1,<environment.Job instance at 0x154589ea6370>,57,2,[2 5],104,136,138,32,129
1,<environment.Job instance at 0x154589ea6f50>,58,16,[5 2],105,156,172,51,143
1,<environment.Job instance at 0x154589ea69b0>,59,13,[ 1 13],106,158,171,52,143
1,<environment.Job instance at 0x154589ea63c0>,60,2,[10  1],107,171,173,64,144
1,<environment.Job instance at 0x154589ea66e0>,61,2,[8 1],108,173,175,65,146
1,<environment.Job instance at 0x1545890d74b0>,62,3,[2 9],110,172,175,62,146
1,<environment.Job instance at 0x1545890d7320>,63,1,[1 9],111,175,176,64,147
1,<environment.Job instance at 0x1545890d7230>,64,18,[8 2],112,175,193,63,164
1,<environment.Job instance at 0x1545890d7460>,65,2,[5 1],113,173,175,60,164
1,<environment.Job instance at 0x1545890d79b0>,66,3,[2 5],114,176,179,62,164
1,<environment.Job instance at 0x1545890d7d70>,67,1,[6 1],115,175,176,60,164
1,<environment.Job instance at 0x1545890d7c80>,68,1,[5 2],117,176,177,59,164
1,<environment.Job instance at 0x1545890d7280>,69,1,[6 1],118,179,180,61,164
1,<environment.Job instance at 0x1545890d7820>,70,3,[2 5],124,180,183,56,164
1,<environment.Job instance at 0x1545890d7190>,71,2,[2 5],126,177,179,51,164
1,<environment.Job instance at 0x1545890d72d0>,72,1,[2 9],127,183,184,56,164
1,<environment.Job instance at 0x15458a350af0>,73,18,[7 2],129,184,202,55,173
1,<environment.Job instance at 0x15458c5b2500>,74,15,[1 5],130,193,208,63,179
1,<environment.Job instance at 0x15458c5b2460>,75,2,[2 9],131,202,204,71,179
1,<environment.Job instance at 0x15458c5b25f0>,76,2,[6 2],132,193,195,61,179
1,<environment.Job instance at 0x15458c5b2730>,77,3,[2 6],133,180,183,47,179
1,<environment.Job instance at 0x15458c5b23c0>,78,2,[1 6],134,193,195,59,179
1,<environment.Job instance at 0x15458c5b2690>,79,1,[2 5],135,195,196,60,179
1,<environment.Job instance at 0x15458c5b28c0>,80,1,[2 8],136,196,197,60,179
1,<environment.Job instance at 0x15458c5b27d0>,81,2,[10  1],137,202,204,65,179
1,<environment.Job instance at 0x15458c5b2190>,82,2,[7 1],138,197,199,59,179
1,<environment.Job instance at 0x15458c5b2aa0>,83,2,[7 2],139,199,201,60,179
1,<environment.Job instance at 0x15458c5b2be0>,84,1,[9 2],140,204,205,64,179
1,<environment.Job instance at 0x15458c5b2af0>,85,2,[9 1],141,205,207,64,179
1,<environment.Job instance at 0x15458c5b2870>,86,3,[9 1],143,207,210,64,181
1,<environment.Job instance at 0x15458c5b2fa0>,87,14,[8 2],145,210,224,65,195
1,<environment.Job instance at 0x15458c5b2050>,88,3,[2 9],146,205,208,59,195
1,<environment.Job instance at 0x154589c127d0>,89,2,[1 9],148,208,210,60,195
1,<environment.Job instance at 0x154589c12320>,90,3,[ 2 12],150,210,213,60,195
1,<environment.Job instance at 0x154589c12190>,91,3,[9 1],151,224,227,73,198
1,<environment.Job instance at 0x154589c12640>,92,3,[1 8],153,213,216,60,198
1,<environment.Job instance at 0x154589c120f0>,93,2,[5 1],157,208,210,51,198
1,<environment.Job instance at 0x154589c12d20>,94,1,[2 5],158,201,202,43,198
1,<environment.Job instance at 0x154589c12500>,95,2,[1 8],159,216,218,57,198
1,<environment.Job instance at 0x1545896d1af0>,6,3,[1 6],10,10,13,0,10
1,<environment.Job instance at 0x1545896d18c0>,7,1,[6 1],11,11,12,0,11
1,<environment.Job instance at 0x1545896d1730>,8,1,[1 5],12,12,13,0,12
1,<environment.Job instance at 0x1545896d1870>,9,2,[1 7],13,13,15,0,13
1,<environment.Job instance at 0x1545891d1c80>,10,3,[1 7],14,14,17,0,14
1,<environment.Job instance at 0x154589a68a50>,11,1,[1 8],15,15,16,0,15
1,<environment.Job instance at 0x1545890d26e0>,12,2,[2 5],16,16,18,0,16
1,<environment.Job instance at 0x15458c38f410>,13,3,[1 9],17,17,20,0,17
1,<environment.Job instance at 0x1545896d12d0>,14,3,[8 1],18,18,21,0,18
1,<environment.Job instance at 0x15458c4c6140>,15,1,[2 9],19,20,21,1,19
1,<environment.Job instance at 0x154597b30af0>,16,3,[1 9],22,22,25,0,22
1,<environment.Job instance at 0x154594062fa0>,17,1,[9 1],23,23,24,0,23
1,<environment.Job instance at 0x154594021230>,18,3,[1 7],24,25,28,1,24
1,<environment.Job instance at 0x154594062f00>,19,2,[1 8],25,25,27,0,25
1,<environment.Job instance at 0x15458b8f6730>,20,16,[10  1],26,27,43,1,26
1,<environment.Job instance at 0x154589997b40>,21,3,[5 1],28,28,31,0,28
1,<environment.Job instance at 0x1545aacea640>,22,3,[9 2],29,43,46,14,29
1,<environment.Job instance at 0x15458b8f6320>,23,14,[ 1 12],30,31,45,1,30
1,<environment.Job instance at 0x15458c4c1780>,24,2,[ 1 10],31,45,47,14,31
1,<environment.Job instance at 0x15458c4c13c0>,25,1,[9 1],32,46,47,14,32
1,<environment.Job instance at 0x15458c4c1f50>,26,2,[1 5],33,47,49,14,33
1,<environment.Job instance at 0x15458c4c1370>,27,1,[6 2],34,47,48,13,34
1,<environment.Job instance at 0x15458c60a5f0>,28,3,[7 2],36,47,50,11,36
1,<environment.Job instance at 0x1545897faf50>,29,13,[1 6],37,47,60,10,37
1,<environment.Job instance at 0x15458c843870>,30,19,[5 1],38,48,67,10,38
1,<environment.Job instance at 0x15458c8430a0>,31,1,[5 2],40,45,46,5,40
1,<environment.Job instance at 0x154589e95640>,32,3,[1 8],42,50,53,8,42
1,<environment.Job instance at 0x154589e95a50>,33,16,[ 1 10],43,60,76,17,47
1,<environment.Job instance at 0x154589e957d0>,34,20,[10  2],44,67,87,23,58
1,<environment.Job instance at 0x154589e95cd0>,35,15,[2 8],45,76,91,31,62
1,<environment.Job instance at 0x154589e95410>,36,1,[1 5],47,76,77,29,62
1,<environment.Job instance at 0x154589e95050>,37,1,[7 2],48,62,63,14,62
1,<environment.Job instance at 0x154589e95aa0>,38,3,[ 2 10],50,91,94,41,65
1,<environment.Job instance at 0x1545a889f820>,39,1,[6 2],51,65,66,14,65
1,<environment.Job instance at 0x1545a889faa0>,40,3,[10  2],53,87,90,34,65
1,<environment.Job instance at 0x1545a889f370>,41,3,[2 7],55,94,97,39,68
1,<environment.Job instance at 0x154589ae57d0>,42,15,[7 2],56,90,105,34,76
1,<environment.Job instance at 0x15458a3f39b0>,43,13,[ 2 10],58,97,110,39,81
1,<environment.Job instance at 0x1545a889f050>,44,1,[1 5],61,81,82,20,81
1,<environment.Job instance at 0x154588ed5730>,45,21,[6 2],62,90,111,28,82
1,<environment.Job instance at 0x154588ed5460>,46,16,[6 1],64,105,121,41,92
1,<environment.Job instance at 0x154588ed5f50>,47,1,[8 2],65,111,112,46,92
1,<environment.Job instance at 0x154588ed57d0>,48,2,[ 2 10],66,112,114,46,92
1,<environment.Job instance at 0x154588ed5140>,49,1,[1 6],67,110,111,43,92
1,<environment.Job instance at 0x154588efc0a0>,50,1,[ 1 10],72,111,112,39,92
1,<environment.Job instance at 0x154588efcaa0>,51,14,[2 7],73,114,128,41,99
1,<environment.Job instance at 0x154588efcfa0>,52,3,[7 1],74,112,115,38,99
1,<environment.Job instance at 0x15458c59a0a0>,53,1,[ 1 10],75,128,129,53,100
1,<environment.Job instance at 0x15458c59a9b0>,54,18,[6 1],76,115,133,39,104
1,<environment.Job instance at 0x15458c59a050>,55,3,[2 9],77,129,132,52,104
1,<environment.Job instance at 0x15458c59aa00>,56,14,[ 1 10],78,132,146,54,117
1,<environment.Job instance at 0x15458c59aaf0>,57,18,[2 8],79,146,164,67,135
1,<environment.Job instance at 0x1545893b27d0>,58,27,[7 1],81,135,162,54,135
1,<environment.Job instance at 0x15458a2c5fa0>,59,18,[8 1],82,162,180,80,151
1,<environment.Job instance at 0x15458928d0a0>,60,2,[6 2],83,151,153,68,151
1,<environment.Job instance at 0x15458a2c55a0>,61,16,[6 2],85,164,180,79,151
1,<environment.Job instance at 0x1545aa4c9140>,62,2,[2 6],86,153,155,67,151
1,<environment.Job instance at 0x1545aa4c90f0>,63,2,[9 1],88,180,182,92,153
1,<environment.Job instance at 0x154589a048c0>,64,2,[8 1],90,182,184,92,155
1,<environment.Job instance at 0x1545a89ae9b0>,65,1,[ 1 10],93,164,165,71,155
1,<environment.Job instance at 0x154589c28e60>,66,1,[8 1],94,184,185,90,156
1,<environment.Job instance at 0x154597bae910>,67,1,[8 1],95,185,186,90,157
1,<environment.Job instance at 0x154589c28af0>,68,3,[2 7],96,180,183,84,157
1,<environment.Job instance at 0x15458a3c3a00>,69,14,[1 9],98,165,179,67,157
1,<environment.Job instance at 0x15458a3c3d20>,70,3,[1 6],102,157,160,55,157
1,<environment.Job instance at 0x1545a8997050>,71,1,[2 7],103,180,181,77,157
1,<environment.Job instance at 0x1545a89a0460>,72,12,[5 2],104,182,194,78,165
1,<environment.Job instance at 0x1545a89979b0>,73,16,[2 6],105,183,199,78,170
1,<environment.Job instance at 0x1545a8997690>,74,23,[1 9],106,194,217,88,188
1,<environment.Job instance at 0x1545a8997960>,75,3,[1 8],108,217,220,109,191
1,<environment.Job instance at 0x15458d86b500>,76,3,[2 9],112,220,223,108,194
1,<environment.Job instance at 0x15458977a280>,77,1,[8 2],114,199,200,85,194
1,<environment.Job instance at 0x1545a8997550>,78,3,[7 1],116,200,203,84,194
1,<environment.Job instance at 0x15458c7aeeb0>,79,3,[ 2 10],119,223,226,104,198
1,<environment.Job instance at 0x15458c7ae730>,80,3,[7 2],121,200,203,79,198
1,<environment.Job instance at 0x15458c7ae1e0>,81,3,[9 2],123,203,206,80,198
1,<environment.Job instance at 0x1545890c74b0>,82,3,[1 6],126,206,209,80,198
1,<environment.Job instance at 0x1545890c7cd0>,83,13,[1 5],127,209,222,82,198
1,<environment.Job instance at 0x1545896dc910>,84,1,[2 7],128,226,227,98,198
1,<environment.Job instance at 0x1545896dcbe0>,85,2,[2 5],129,222,224,93,198
1,<environment.Job instance at 0x15458a43b640>,86,3,[1 8],130,226,229,96,200
1,<environment.Job instance at 0x15458a43bfa0>,87,1,[10  2],131,217,218,86,200
1,<environment.Job instance at 0x15458a43be60>,88,18,[1 8],133,229,247,96,218
1,<environment.Job instance at 0x15458a43b9b0>,89,17,[10  2],135,227,244,92,218
1,<environment.Job instance at 0x15458a43b190>,90,3,[9 2],136,244,247,108,218
1,<environment.Job instance at 0x15458a43bdc0>,91,12,[8 1],137,247,259,110,230
1,<environment.Job instance at 0x15458a43bbe0>,92,2,[6 2],138,247,249,109,230
1,<environment.Job instance at 0x15458a43b8c0>,93,16,[ 2 10],143,249,265,106,236
1,<environment.Job instance at 0x15458a43b3c0>,94,13,[8 1],144,259,272,115,243
1,<environment.Job instance at 0x15458a43b780>,95,2,[2 6],145,265,267,120,243
1,<environment.Job instance at 0x1545a8846a00>,96,17,[2 7],148,265,282,117,253
1,<environment.Job instance at 0x15459406fb90>,97,1,[2 9],149,282,283,133,254
1,<environment.Job instance at 0x15459406f280>,98,1,[2 6],150,267,268,117,254
1,<environment.Job instance at 0x15459406f690>,99,2,[1 8],151,272,274,121,254
1,<environment.Job instance at 0x154589813af0>,100,1,[8 2],153,274,275,121,254
1,<environment.Job instance at 0x15458d7300a0>,101,13,[1 9],154,283,296,129,267
1,<environment.Job instance at 0x15458d730f00>,102,2,[2 8],156,275,277,119,267
1,<environment.Job instance at 0x15458d8db910>,103,2,[7 2],157,277,279,120,267
1,<environment.Job instance at 0x154589a94e60>,104,2,[13  1],158,279,281,121,267
1,<environment.Job instance at 0x154589a940f0>,105,2,[1 7],159,268,270,109,267
1,<environment.Job instance at 0x154589ae4c80>,17,2,[ 1 10],26,33,35,7,33
1,<environment.Job instance at 0x154589846820>,21,2,[1 6],30,35,37,5,33
1,<environment.Job instance at 0x1545aa4b7140>,22,24,[9 2],31,33,57,2,33
1,<environment.Job instance at 0x1545aa4b7550>,23,2,[8 2],33,57,59,24,33
1,<environment.Job instance at 0x1545aa4b7820>,24,14,[2 8],34,37,51,3,34
1,<environment.Job instance at 0x1545aa4b7dc0>,25,2,[6 2],35,51,53,16,35
1,<environment.Job instance at 0x154589a84c30>,26,16,[5 1],38,53,69,15,40
1,<environment.Job instance at 0x1545aa4b70a0>,27,14,[9 1],39,59,73,20,44
1,<environment.Job instance at 0x154589a84c80>,28,1,[1 9],40,53,54,13,44
1,<environment.Job instance at 0x15458d2f2d20>,29,1,[10  2],41,73,74,32,45
1,<environment.Job instance at 0x15458d2f2140>,30,3,[1 7],44,54,57,10,45
1,<environment.Job instance at 0x154589ac0550>,31,1,[6 2],45,69,70,24,45
1,<environment.Job instance at 0x154589ac0960>,32,15,[7 2],46,74,89,28,60
1,<environment.Job instance at 0x154589ac0a50>,33,2,[7 2],47,74,76,27,60
1,<environment.Job instance at 0x154589ac05f0>,34,13,[6 1],48,76,89,28,60
1,<environment.Job instance at 0x154589ac0d70>,35,2,[1 5],49,60,62,11,60
1,<environment.Job instance at 0x1545940a65f0>,36,2,[6 1],50,70,72,20,60
1,<environment.Job instance at 0x1545940a65a0>,37,15,[2 8],52,76,91,24,62
1,<environment.Job instance at 0x1545940a6af0>,38,17,[8 1],53,89,106,36,77
1,<environment.Job instance at 0x1545940a6eb0>,39,1,[ 2 10],55,91,92,36,77
1,<environment.Job instance at 0x15459400e140>,40,2,[2 8],58,92,94,34,77
1,<environment.Job instance at 0x1545940a67d0>,41,16,[8 1],60,106,122,46,93
1,<environment.Job instance at 0x15458c85f910>,42,2,[6 2],61,94,96,33,93
1,<environment.Job instance at 0x1545898af0f0>,43,1,[2 5],62,93,94,31,93
1,<environment.Job instance at 0x154589bf75a0>,44,3,[2 8],66,96,99,30,93
1,<environment.Job instance at 0x154589bf7a50>,45,2,[1 9],67,94,96,27,93
1,<environment.Job instance at 0x154588e8bb90>,46,3,[2 6],68,96,99,28,93
1,<environment.Job instance at 0x15458b8f6f00>,47,2,[5 2],69,99,101,30,93
1,<environment.Job instance at 0x1545891d15f0>,48,2,[ 2 10],72,99,101,27,93
1,<environment.Job instance at 0x15458a2ec8c0>,49,3,[2 8],73,101,104,28,93
1,<environment.Job instance at 0x15458c3de140>,50,1,[2 5],74,101,102,27,93
1,<environment.Job instance at 0x1545a80610f0>,51,2,[5 1],75,102,104,27,93
1,<environment.Job instance at 0x1545a8061500>,52,17,[6 2],76,104,121,28,93
1,<environment.Job instance at 0x15458d931370>,53,1,[9 1],77,122,123,45,94
1,<environment.Job instance at 0x15458a3f35a0>,54,12,[1 7],79,104,116,25,94
1,<environment.Job instance at 0x1545a811f910>,55,1,[7 1],80,121,122,41,94
1,<environment.Job instance at 0x1545a811f5a0>,56,2,[2 7],81,122,124,41,95
1,<environment.Job instance at 0x1545a811f6e0>,57,23,[2 9],82,124,147,42,118
1,<environment.Job instance at 0x1545a811f050>,58,15,[5 2],83,123,138,40,118
1,<environment.Job instance at 0x1545a811fb40>,59,2,[7 1],84,123,125,39,118
1,<environment.Job instance at 0x1545a811f3c0>,60,1,[1 6],86,118,119,32,118
1,<environment.Job instance at 0x1545a811f730>,61,2,[6 2],87,125,127,38,118
1,<environment.Job instance at 0x1545a811f960>,62,2,[10  2],89,138,140,49,118
1,<environment.Job instance at 0x154597b56e60>,63,2,[2 7],93,147,149,54,120
1,<environment.Job instance at 0x154589bf00a0>,64,3,[8 1],94,127,130,33,120
1,<environment.Job instance at 0x15458a4790f0>,65,1,[8 2],96,130,131,34,120
1,<environment.Job instance at 0x15458a4795a0>,66,3,[8 2],98,131,134,33,120
1,<environment.Job instance at 0x1545a85868c0>,67,2,[8 1],100,134,136,34,120
1,<environment.Job instance at 0x1545a8586fa0>,68,3,[2 7],101,147,150,46,121
1,<environment.Job instance at 0x1545a8586460>,69,1,[1 6],102,122,123,20,121
1,<environment.Job instance at 0x15458a3632d0>,70,1,[8 1],106,136,137,30,121
1,<environment.Job instance at 0x15458a363500>,71,1,[10  1],107,140,141,33,121
1,<environment.Job instance at 0x15458a363a50>,72,15,[2 8],108,149,164,41,135
1,<environment.Job instance at 0x15458a363b40>,73,2,[9 1],109,141,143,32,135
1,<environment.Job instance at 0x15458a363dc0>,74,12,[8 1],110,150,162,40,135
1,<environment.Job instance at 0x15458a363730>,75,12,[7 1],111,162,174,51,145
1,<environment.Job instance at 0x15458a363fa0>,76,3,[10  1],112,145,148,33,145
1,<environment.Job instance at 0x154589849d20>,77,3,[7 1],113,164,167,51,145
1,<environment.Job instance at 0x154589849d70>,78,2,[2 8],115,167,169,52,145
1,<environment.Job instance at 0x154589849e60>,79,16,[1 9],116,169,185,53,156
1,<environment.Job instance at 0x1545898498c0>,80,3,[13  1],117,174,177,57,156
1,<environment.Job instance at 0x154589849af0>,81,3,[2 9],118,185,188,67,159
1,<environment.Job instance at 0x1545898497d0>,82,1,[2 9],119,188,189,69,160
1,<environment.Job instance at 0x1545a8925fa0>,83,3,[1 8],124,164,167,40,160
1,<environment.Job instance at 0x1545a8925280>,84,1,[10  1],125,177,178,52,160
1,<environment.Job instance at 0x1545a89253c0>,85,1,[7 2],126,169,170,43,160
1,<environment.Job instance at 0x1545a8925640>,86,3,[1 7],127,189,192,62,163
1,<environment.Job instance at 0x1545aacf2690>,87,1,[2 9],128,192,193,64,164
1,<environment.Job instance at 0x1545aacf21e0>,88,3,[1 8],130,189,192,59,164
1,<environment.Job instance at 0x1545aacf2050>,89,14,[ 1 10],133,193,207,60,178
1,<environment.Job instance at 0x1545aab3b320>,90,1,[1 6],136,178,179,42,178
1,<environment.Job instance at 0x1545aab3b1e0>,91,14,[2 9],138,207,221,69,192
1,<environment.Job instance at 0x1545aab9d550>,92,2,[6 2],139,192,194,53,192
1,<environment.Job instance at 0x1545aab9d280>,93,3,[1 6],140,207,210,67,192
1,<environment.Job instance at 0x1545aab9d690>,94,26,[ 2 10],141,221,247,80,218
1,<environment.Job instance at 0x1545aab9d410>,95,3,[ 2 10],142,247,250,105,221
1,<environment.Job instance at 0x1545aab9d9b0>,96,3,[6 2],143,221,224,78,221
1,<environment.Job instance at 0x15458908b7d0>,97,1,[9 2],147,224,225,77,221
1,<environment.Job instance at 0x1545aab9d320>,98,1,[2 9],148,250,251,102,222
1,<environment.Job instance at 0x15458d790050>,99,18,[2 7],149,251,269,102,240
1,<environment.Job instance at 0x15458d7905f0>,100,14,[13  1],153,240,254,87,240
1,<environment.Job instance at 0x1545a80dd730>,101,3,[6 2],155,254,257,99,240
1,<environment.Job instance at 0x154597b480a0>,102,1,[1 8],156,257,258,101,240
1,<environment.Job instance at 0x1545974e77d0>,103,2,[5 2],157,254,256,97,240
1,<environment.Job instance at 0x1545dc315b90>,104,19,[8 1],158,258,277,100,248
1,<environment.Job instance at 0x1545974e7460>,105,1,[8 2],159,277,278,118,249
1,<environment.Job instance at 0x154589ae48c0>,15,1,[1 7],22,1390,1391,1368,1390
1,<environment.Job instance at 0x154589ae4e60>,16,2,[1 8],23,2596,2598,2573,2596
1,<environment.Job instance at 0x1545a8595460>,11,23,[5 2],14,16,39,2,16
1,<environment.Job instance at 0x1545a8077a50>,19,18,[2 9],24,24,42,0,24
1,<environment.Job instance at 0x1545a87fda00>,21,14,[9 1],26,39,53,13,26
1,<environment.Job instance at 0x154589245050>,22,16,[5 1],28,42,58,14,29
1,<environment.Job instance at 0x15458c7dd1e0>,23,28,[5 2],29,53,81,24,52
1,<environment.Job instance at 0x15458c7dd050>,24,3,[7 2],31,58,61,27,52
1,<environment.Job instance at 0x15458c7dd230>,25,2,[2 7],32,53,55,21,52
1,<environment.Job instance at 0x15458c7ddcd0>,26,3,[2 9],34,55,58,21,52
1,<environment.Job instance at 0x15458c7ddaf0>,27,1,[10  2],35,61,62,26,52
1,<environment.Job instance at 0x15458c7dda00>,28,2,[ 1 10],38,58,60,20,52
1,<environment.Job instance at 0x15458c7dda50>,29,1,[9 2],39,62,63,23,52
1,<environment.Job instance at 0x1545894a3690>,30,17,[2 5],43,63,80,20,52
1,<environment.Job instance at 0x15458c7dd190>,31,18,[ 2 10],44,80,98,36,69
1,<environment.Job instance at 0x15458c7dd3c0>,32,1,[ 1 10],46,98,99,52,70
1,<environment.Job instance at 0x15458c618690>,33,1,[2 6],47,70,71,23,70
1,<environment.Job instance at 0x15458c618fa0>,34,1,[2 6],48,71,72,23,70
1,<environment.Job instance at 0x15458c618500>,35,16,[10  2],50,81,97,31,70
1,<environment.Job instance at 0x15458c618960>,36,12,[1 9],51,99,111,48,82
1,<environment.Job instance at 0x15458c618d70>,37,1,[7 2],52,97,98,45,82
1,<environment.Job instance at 0x154589291690>,38,12,[1 5],53,98,110,45,82
1,<environment.Job instance at 0x15458990b410>,39,2,[1 9],54,111,113,57,84
1,<environment.Job instance at 0x15458990bb90>,40,1,[5 1],55,97,98,42,84
1,<environment.Job instance at 0x154589671870>,41,3,[6 2],57,110,113,53,84
1,<environment.Job instance at 0x154588f4a4b0>,42,2,[2 7],58,113,115,55,86
1,<environment.Job instance at 0x1545894b2c30>,43,16,[10  1],60,113,129,53,100
1,<environment.Job instance at 0x154588f4aaa0>,44,3,[2 8],61,115,118,54,100
1,<environment.Job instance at 0x154588f4af00>,45,26,[2 6],62,113,139,51,110
1,<environment.Job instance at 0x154588f4adc0>,46,1,[2 6],63,118,119,55,110
1,<environment.Job instance at 0x154588f4a7d0>,47,15,[8 2],64,129,144,65,115
1,<environment.Job instance at 0x154588f4ae10>,48,3,[ 2 10],65,139,142,74,115
1,<environment.Job instance at 0x154588f4a910>,49,14,[1 5],66,119,133,53,115
1,<environment.Job instance at 0x154588f4a050>,50,1,[ 2 10],67,142,143,75,115
1,<environment.Job instance at 0x154588f4a780>,51,3,[ 2 10],68,143,146,75,117
1,<environment.Job instance at 0x154588f4a9b0>,52,2,[5 1],69,133,135,64,117
1,<environment.Job instance at 0x154589300d20>,53,12,[1 9],72,146,158,74,129
1,<environment.Job instance at 0x1545a88d8c80>,54,1,[1 9],73,158,159,85,130
1,<environment.Job instance at 0x1545a88d8910>,55,21,[2 7],74,159,180,85,151
1,<environment.Job instance at 0x1545a80dcaa0>,56,3,[8 2],75,151,154,76,151
1,<environment.Job instance at 0x1545a80dc0f0>,57,3,[1 7],76,159,162,83,151
1,<environment.Job instance at 0x15458d7c7d70>,58,2,[9 2],77,154,156,77,151
1,<environment.Job instance at 0x15458d7c7460>,59,2,[7 1],78,156,158,78,151
1,<environment.Job instance at 0x154595e6a730>,60,1,[1 6],79,158,159,79,151
1,<environment.Job instance at 0x154588e23f00>,61,27,[2 7],80,162,189,82,160
1,<environment.Job instance at 0x1545a88f95f0>,62,1,[1 9],81,189,190,108,161
1,<environment.Job instance at 0x154588e23960>,63,13,[1 6],82,180,193,98,164
1,<environment.Job instance at 0x15458926d820>,64,3,[5 1],83,164,167,81,164
1,<environment.Job instance at 0x15458969d280>,65,15,[7 2],84,190,205,106,176
1,<environment.Job instance at 0x15458d818aa0>,66,2,[1 6],87,190,192,103,176
1,<environment.Job instance at 0x15458d8180f0>,67,16,[2 7],90,192,208,102,179
1,<environment.Job instance at 0x15458d818870>,68,3,[ 2 13],94,208,211,114,182
1,<environment.Job instance at 0x15458c63be60>,69,2,[2 8],95,205,207,110,182
1,<environment.Job instance at 0x15458c63bd70>,70,3,[10  1],96,182,185,86,182
1,<environment.Job instance at 0x15458949bb40>,71,21,[1 5],99,211,232,112,203
1,<environment.Job instance at 0x15458949b6e0>,72,3,[2 8],100,211,214,111,203
1,<environment.Job instance at 0x154588f6a730>,73,3,[10  1],101,207,210,106,203
1,<environment.Job instance at 0x154588f6a4b0>,74,2,[1 6],102,203,205,101,203
1,<environment.Job instance at 0x154588f6afa0>,75,2,[5 2],103,210,212,107,203
1,<environment.Job instance at 0x1545893821e0>,76,1,[5 1],104,212,213,108,203
1,<environment.Job instance at 0x154589382690>,77,3,[8 1],105,213,216,108,203
1,<environment.Job instance at 0x1545896700a0>,78,3,[10  1],106,216,219,110,203
1,<environment.Job instance at 0x1545896707d0>,79,13,[1 9],107,214,227,107,203
1,<environment.Job instance at 0x154588f680a0>,80,3,[9 2],110,227,230,117,203
1,<environment.Job instance at 0x1545896ca5f0>,81,3,[5 1],111,219,222,108,203
1,<environment.Job instance at 0x154588f683c0>,82,2,[5 1],113,222,224,109,203
1,<environment.Job instance at 0x154589680af0>,83,3,[1 9],114,230,233,116,204
1,<environment.Job instance at 0x154588f685f0>,84,2,[1 9],115,233,235,118,206
1,<environment.Job instance at 0x1545a89618c0>,85,3,[ 2 10],116,235,238,119,209
1,<environment.Job instance at 0x1545a8961780>,86,3,[2 6],117,227,230,110,209
1,<environment.Job instance at 0x1545a89614b0>,87,2,[2 8],118,238,240,120,211
1,<environment.Job instance at 0x1545a8961460>,88,2,[1 8],119,240,242,121,213
1,<environment.Job instance at 0x1545a8961f50>,89,2,[7 1],120,224,226,104,213
1,<environment.Job instance at 0x1545a8961a00>,90,2,[2 9],121,242,244,121,215
1,<environment.Job instance at 0x1545a8961c30>,91,1,[1 7],122,238,239,116,215
1,<environment.Job instance at 0x1545a8961230>,92,2,[7 1],123,230,232,107,215
1,<environment.Job instance at 0x1545a8961280>,93,13,[8 2],124,239,252,115,223
1,<environment.Job instance at 0x1545a89615f0>,94,3,[2 6],125,232,235,107,223
1,<environment.Job instance at 0x154589873f50>,95,3,[6 2],127,235,238,108,223
1,<environment.Job instance at 0x1545974af780>,96,3,[1 9],128,244,247,116,223
1,<environment.Job instance at 0x1545974af5f0>,97,3,[1 7],130,247,250,117,223
1,<environment.Job instance at 0x154597b340f0>,98,2,[2 7],132,250,252,118,223
1,<environment.Job instance at 0x154597b34f00>,99,1,[2 7],133,252,253,119,224
1,<environment.Job instance at 0x154597b34aa0>,100,2,[5 1],134,235,237,101,224
1,<environment.Job instance at 0x154597b34b40>,101,1,[2 9],136,253,254,117,225
1,<environment.Job instance at 0x154597b34e60>,102,1,[ 1 10],138,254,255,116,226
1,<environment.Job instance at 0x154597b34140>,103,3,[10  2],139,252,255,113,226
1,<environment.Job instance at 0x154597b34c80>,104,1,[1 7],140,255,256,115,227
1,<environment.Job instance at 0x154597b34870>,105,13,[ 1 10],141,256,269,115,240
1,<environment.Job instance at 0x154597b34690>,106,2,[9 2],142,255,257,113,240
1,<environment.Job instance at 0x154597b34410>,107,22,[2 8],144,269,291,125,262
1,<environment.Job instance at 0x154597b341e0>,108,13,[1 5],145,262,275,117,262
1,<environment.Job instance at 0x154597b34960>,109,3,[ 1 10],146,291,294,145,265
1,<environment.Job instance at 0x154597b34d70>,110,2,[ 1 12],147,294,296,147,267
1,<environment.Job instance at 0x154597b34640>,111,2,[7 1],148,269,271,121,267
1,<environment.Job instance at 0x154589848a00>,112,1,[10  2],149,271,272,122,267
1,<environment.Job instance at 0x154589848d70>,113,18,[1 6],154,296,314,142,285
1,<environment.Job instance at 0x1545898481e0>,114,3,[10  2],155,285,288,130,285
1,<environment.Job instance at 0x1545898486e0>,115,13,[9 1],156,288,301,132,285
1,<environment.Job instance at 0x1545898483c0>,116,1,[ 1 10],157,314,315,157,286
1,<environment.Job instance at 0x154589848370>,117,1,[10  2],158,301,302,143,286
1,<environment.Job instance at 0x1545898485a0>,118,16,[5 1],159,302,318,143,289
1,<environment.Job instance at 0x1545892604b0>,17,3,[ 2 12],22,1015,1018,993,1015
1,<environment.Job instance at 0x154594107d70>,15,1,[1 6],19,1027,1028,1008,1027
1,<environment.Job instance at 0x1545899216e0>,35,13,[1 6],53,62,75,9,62
1,<environment.Job instance at 0x154597b49910>,1,22,[1 7],2,2,24,0,2
1,<environment.Job instance at 0x15458c5e07d0>,21,22,[5 2],29,29,51,0,29
1,<environment.Job instance at 0x15458c5e0370>,26,13,[6 1],37,37,50,0,37
1,<environment.Job instance at 0x15458c5e0a50>,27,19,[7 2],38,50,69,12,40
1,<environment.Job instance at 0x15458c5e0d70>,28,13,[5 2],39,51,64,12,40
1,<environment.Job instance at 0x15458c5e05a0>,29,13,[9 2],40,69,82,29,53
1,<environment.Job instance at 0x15458c5e0a00>,30,1,[2 6],41,53,54,12,53
1,<environment.Job instance at 0x15458c5e0780>,31,12,[1 8],42,54,66,12,53
1,<environment.Job instance at 0x1545941aba00>,32,1,[2 5],43,64,65,21,53
1,<environment.Job instance at 0x1545941ab410>,33,17,[1 8],45,66,83,21,54
1,<environment.Job instance at 0x1545941ab730>,34,2,[10  1],46,82,84,36,55
1,<environment.Job instance at 0x1545941abaf0>,35,25,[7 2],48,84,109,36,80
1,<environment.Job instance at 0x1545941abb40>,36,1,[ 2 10],49,83,84,34,80
1,<environment.Job instance at 0x1545941ab1e0>,37,3,[2 9],50,84,87,34,80
1,<environment.Job instance at 0x1545941abb90>,38,3,[1 6],51,87,90,36,80
1,<environment.Job instance at 0x1545941ab230>,39,18,[ 1 12],52,90,108,38,80
1,<environment.Job instance at 0x1545941ab320>,40,2,[ 1 10],53,108,110,55,81
1,<environment.Job instance at 0x1545941aba50>,41,1,[2 9],54,110,111,56,82
1,<environment.Job instance at 0x1545941ab690>,42,21,[10  1],55,109,130,54,101
1,<environment.Job instance at 0x1545941ab8c0>,43,14,[1 8],57,111,125,54,101
1,<environment.Job instance at 0x1545941ab640>,44,3,[7 2],58,130,133,72,104
1,<environment.Job instance at 0x1545941abc30>,45,2,[7 1],59,104,106,45,104
1,<environment.Job instance at 0x1545941ab0a0>,46,1,[9 2],60,133,134,73,105
1,<environment.Job instance at 0x1545941ab050>,47,2,[5 1],61,106,108,45,105
1,<environment.Job instance at 0x1545941abf50>,48,14,[2 9],62,125,139,63,110
1,<environment.Job instance at 0x1545941ab280>,49,3,[1 5],64,110,113,46,110
1,<environment.Job instance at 0x154589412e10>,50,15,[10  1],65,134,149,69,120
1,<environment.Job instance at 0x154589412460>,51,17,[1 9],68,139,156,71,127
1,<environment.Job instance at 0x154589412dc0>,52,1,[5 1],69,130,131,61,127
1,<environment.Job instance at 0x1545894125f0>,53,3,[6 1],70,149,152,79,127
1,<environment.Job instance at 0x154589412aa0>,54,3,[8 2],73,149,152,76,127
1,<environment.Job instance at 0x154589412730>,55,18,[7 1],75,152,170,77,141
1,<environment.Job instance at 0x154589412d20>,56,3,[2 5],76,141,144,65,141
1,<environment.Job instance at 0x154589412af0>,57,1,[1 6],77,156,157,79,141
1,<environment.Job instance at 0x154589412b90>,58,2,[8 1],78,157,159,79,141
1,<environment.Job instance at 0x1545894124b0>,59,2,[1 7],79,159,161,80,141
1,<environment.Job instance at 0x154589412c30>,60,2,[7 2],80,152,154,72,141
1,<environment.Job instance at 0x1545894121e0>,61,2,[7 1],81,154,156,73,141
1,<environment.Job instance at 0x154589412820>,62,1,[ 2 12],82,161,162,79,141
1,<environment.Job instance at 0x15458c5fd9b0>,63,2,[ 1 10],83,162,164,79,141
1,<environment.Job instance at 0x15458c5fdb90>,64,13,[6 1],84,159,172,75,143
1,<environment.Job instance at 0x15458c5fd0a0>,65,2,[1 5],85,144,146,59,143
1,<environment.Job instance at 0x15458c5fd690>,66,2,[6 1],86,170,172,84,143
1,<environment.Job instance at 0x15458c5fdc80>,67,3,[2 8],87,164,167,77,143
1,<environment.Job instance at 0x15458c5fd410>,68,3,[1 7],88,167,170,79,143
1,<environment.Job instance at 0x15458c5fd0f0>,69,3,[1 8],90,170,173,80,144
1,<environment.Job instance at 0x15458c5fd8c0>,70,3,[7 1],92,172,175,80,146
1,<environment.Job instance at 0x15458c5fd5a0>,71,14,[2 7],93,173,187,80,158
1,<environment.Job instance at 0x15458c5fd960>,72,12,[ 1 10],96,187,199,91,170
1,<environment.Job instance at 0x15458c5fd2d0>,73,1,[ 2 10],97,199,200,102,171
1,<environment.Job instance at 0x15458c5fdd70>,74,2,[1 9],99,200,202,101,173
1,<environment.Job instance at 0x15458c5fd7d0>,75,2,[5 2],101,173,175,72,173
1,<environment.Job instance at 0x15458c5fdbe0>,76,2,[1 5],102,173,175,71,173
1,<environment.Job instance at 0x15458c5fd910>,77,21,[5 2],104,175,196,71,173
1,<environment.Job instance at 0x15458c5fd730>,78,2,[ 1 10],105,202,204,97,175
1,<environment.Job instance at 0x15458a37e1e0>,79,14,[2 5],106,196,210,90,181
1,<environment.Job instance at 0x15458a37eaa0>,80,3,[2 9],107,204,207,97,181
1,<environment.Job instance at 0x15458a37e410>,81,1,[10  1],108,200,201,92,181
1,<environment.Job instance at 0x15458a37e690>,82,2,[2 9],109,207,209,98,181
1,<environment.Job instance at 0x15458a37e0f0>,83,3,[6 1],111,181,184,70,181
1,<environment.Job instance at 0x15458a37ed70>,84,2,[8 2],113,184,186,71,181
1,<environment.Job instance at 0x15458a37e870>,85,3,[6 2],115,186,189,71,181
1,<environment.Job instance at 0x15458a37e6e0>,86,2,[7 2],116,189,191,73,181
1,<environment.Job instance at 0x15458a37e3c0>,87,3,[10  2],117,209,212,92,183
1,<environment.Job instance at 0x15458a37ec80>,88,2,[6 2],120,191,193,71,183
1,<environment.Job instance at 0x15458a37e5f0>,89,3,[10  2],121,212,215,91,186
1,<environment.Job instance at 0x15458a37e780>,90,2,[8 2],122,193,195,71,186
1,<environment.Job instance at 0x15458a37e2d0>,91,3,[7 1],124,204,207,80,186
1,<environment.Job instance at 0x15458a37eaf0>,92,3,[7 2],125,215,218,90,189
1,<environment.Job instance at 0x15458a37ecd0>,93,2,[6 2],127,215,217,88,189
1,<environment.Job instance at 0x15458a37e140>,94,2,[7 1],128,207,209,79,189
1,<environment.Job instance at 0x1545aab9dd20>,95,1,[1 7],129,209,210,80,189
1,<environment.Job instance at 0x1545aab9d6e0>,96,1,[5 2],131,195,196,64,189
1,<environment.Job instance at 0x1545aab9db90>,97,3,[10  1],132,218,221,86,192
1,<environment.Job instance at 0x1545aab9de10>,98,2,[5 1],134,210,212,76,192
1,<environment.Job instance at 0x1545aab9d0f0>,99,16,[1 5],137,212,228,75,199
1,<environment.Job instance at 0x1545aab9d370>,100,1,[10  2],138,221,222,83,199
1,<environment.Job instance at 0x1545aab9dfa0>,101,27,[6 1],139,222,249,83,220
1,<environment.Job instance at 0x1545aab9daa0>,102,3,[9 1],140,228,231,88,220
1,<environment.Job instance at 0x1545899863c0>,103,3,[9 2],143,231,234,88,220
1,<environment.Job instance at 0x15458c378320>,104,3,[5 1],145,222,225,77,220
1,<environment.Job instance at 0x15458a379e60>,105,15,[ 2 13],146,234,249,88,220
1,<environment.Job instance at 0x154588e541e0>,106,12,[9 1],147,249,261,102,232
1,<environment.Job instance at 0x154589130a50>,107,1,[2 7],148,249,250,101,232
1,<environment.Job instance at 0x15458c77d5a0>,108,17,[2 7],150,249,266,99,237
1,<environment.Job instance at 0x154594052320>,109,15,[ 2 10],151,266,281,115,252
1,<environment.Job instance at 0x15458949a910>,110,2,[12  2],154,261,263,107,252
1,<environment.Job instance at 0x1545898cf870>,111,13,[7 1],155,263,276,108,252
1,<environment.Job instance at 0x1545899e8eb0>,112,15,[2 6],156,281,296,125,267
1,<environment.Job instance at 0x1545898cfeb0>,113,12,[2 6],157,281,293,124,267
1,<environment.Job instance at 0x15458c5e0870>,25,1,[ 1 11],36,2324,2325,2288,2324
1,<environment.Job instance at 0x1545a8966b90>,11,1,[ 2 10],19,31,32,12,31
1,<environment.Job instance at 0x1545a8966960>,12,1,[6 1],20,57,58,37,57
1,<environment.Job instance at 0x1545a8966c80>,13,1,[1 6],21,97,98,76,97
1,<environment.Job instance at 0x1545a8966230>,14,3,[1 6],23,118,121,95,118
1,<environment.Job instance at 0x1545a8966e10>,15,13,[2 9],25,118,131,93,118
1,<environment.Job instance at 0x1545a89669b0>,16,12,[10  1],26,121,133,95,118
1,<environment.Job instance at 0x1545a8966410>,17,3,[1 8],27,131,134,104,118
1,<environment.Job instance at 0x1545a8966910>,18,1,[2 8],28,134,135,106,118
1,<environment.Job instance at 0x1545a8966a00>,19,3,[1 6],29,131,134,102,118
1,<environment.Job instance at 0x15458c3802d0>,20,26,[1 7],30,134,160,104,131
1,<environment.Job instance at 0x15458c380960>,21,3,[6 1],31,135,138,104,131
1,<environment.Job instance at 0x15458907e780>,22,1,[6 2],32,135,136,103,131
1,<environment.Job instance at 0x15458907e0f0>,23,2,[8 1],33,136,138,103,131
1,<environment.Job instance at 0x15458d733370>,24,23,[1 9],34,160,183,126,154
1,<environment.Job instance at 0x15458c441d70>,25,20,[6 1],35,162,182,127,162
1,<environment.Job instance at 0x15458907e410>,26,3,[2 9],37,183,186,146,163
1,<environment.Job instance at 0x1545a80f5780>,27,17,[1 9],38,186,203,148,179
1,<environment.Job instance at 0x1545894090a0>,28,3,[2 8],39,203,206,164,179
1,<environment.Job instance at 0x154589409690>,29,1,[8 1],40,179,180,139,179
1,<environment.Job instance at 0x15458980e9b0>,30,17,[9 1],41,182,199,141,179
1,<environment.Job instance at 0x15458980ef50>,31,2,[6 1],42,180,182,138,179
1,<environment.Job instance at 0x15458980e3c0>,32,1,[6 1],44,199,200,155,179
1,<environment.Job instance at 0x15458980eb40>,33,2,[2 5],46,182,184,136,179
1,<environment.Job instance at 0x15458980e8c0>,34,3,[2 8],48,206,209,158,180
1,<environment.Job instance at 0x15458980e0a0>,35,1,[5 1],49,186,187,137,180
1,<environment.Job instance at 0x15458980e410>,36,25,[ 1 10],51,209,234,158,205
1,<environment.Job instance at 0x15458980e6e0>,37,3,[13  1],52,205,208,153,205
1,<environment.Job instance at 0x15458980e5a0>,38,3,[ 2 10],53,234,237,181,213
1,<environment.Job instance at 0x15458980e460>,39,1,[8 2],55,222,223,167,222
1,<environment.Job instance at 0x1545dc30dc80>,40,2,[8 1],57,230,232,173,230
1,<environment.Job instance at 0x1545dc30d7d0>,41,1,[1 5],58,232,233,174,231
1,<environment.Job instance at 0x1545dc30d6e0>,42,3,[9 1],59,233,236,174,231
1,<environment.Job instance at 0x1545dc30d050>,43,2,[5 1],60,236,238,176,232
1,<environment.Job instance at 0x1545dc30d910>,44,3,[1 9],61,237,240,176,232
1,<environment.Job instance at 0x1545dc30deb0>,45,1,[5 1],62,233,234,171,233
1,<environment.Job instance at 0x1545dc30d190>,46,15,[1 8],64,240,255,176,233
1,<environment.Job instance at 0x1545a85a01e0>,47,2,[8 1],67,236,238,169,233
1,<environment.Job instance at 0x1545a85a0460>,48,3,[10  1],68,238,241,170,233
1,<environment.Job instance at 0x1545a85a0c30>,49,2,[2 7],72,241,243,169,234
1,<environment.Job instance at 0x1545a85a09b0>,50,1,[9 2],74,243,244,169,234
1,<environment.Job instance at 0x1545a85a0050>,51,18,[2 7],75,244,262,169,234
1,<environment.Job instance at 0x1545a85a0910>,52,2,[2 6],77,255,257,178,234
1,<environment.Job instance at 0x1545a85a08c0>,53,3,[6 2],78,255,258,177,234
1,<environment.Job instance at 0x1545a85a06e0>,54,1,[5 2],80,243,244,163,234
1,<environment.Job instance at 0x1545a85a0820>,55,17,[2 7],83,258,275,175,246
1,<environment.Job instance at 0x1545a85a0eb0>,56,1,[ 1 10],84,275,276,191,259
1,<environment.Job instance at 0x1545a85a02d0>,57,13,[9 2],85,262,275,177,259
1,<environment.Job instance at 0x1545944085f0>,58,3,[8 2],87,275,278,188,259
1,<environment.Job instance at 0x154594408820>,59,1,[1 9],88,276,277,188,259
1,<environment.Job instance at 0x154594408050>,60,3,[7 1],90,259,262,169,259
1,<environment.Job instance at 0x1545aab3f730>,61,17,[8 1],92,278,295,186,266
1,<environment.Job instance at 0x1545aab3fa00>,62,16,[1 8],93,277,293,184,266
1,<environment.Job instance at 0x15458c86fd20>,63,18,[2 7],95,293,311,198,282
1,<environment.Job instance at 0x1545aab3f0a0>,64,16,[1 8],96,295,311,199,282
1,<environment.Job instance at 0x1545aab3fcd0>,65,3,[13  1],97,311,314,214,285
1,<environment.Job instance at 0x1545a87e3410>,66,3,[6 1],100,285,288,185,285
1,<environment.Job instance at 0x1545aab3f550>,67,2,[8 2],101,314,316,213,287
1,<environment.Job instance at 0x15458d843af0>,68,3,[11  1],102,316,319,214,290
1,<environment.Job instance at 0x15458d8430a0>,69,16,[5 2],103,319,335,216,307
1,<environment.Job instance at 0x1545aa233410>,70,12,[7 2],104,319,331,215,307
1,<environment.Job instance at 0x1545aa2333c0>,71,1,[2 6],105,311,312,206,307
1,<environment.Job instance at 0x1545aa2338c0>,72,26,[1 6],106,312,338,206,309
1,<environment.Job instance at 0x1545aa233050>,73,2,[8 1],107,331,333,224,309
1,<environment.Job instance at 0x1545aa233a50>,74,2,[6 1],108,314,316,206,309
1,<environment.Job instance at 0x1545a807b190>,75,3,[7 2],110,333,336,223,309
1,<environment.Job instance at 0x1545a807b370>,76,3,[2 6],111,316,319,205,309
1,<environment.Job instance at 0x1545a807b5f0>,77,1,[ 2 10],112,338,339,226,310
1,<environment.Job instance at 0x1545890a1820>,78,2,[5 2],114,335,337,221,310
1,<environment.Job instance at 0x1545a807b9b0>,79,1,[7 2],115,336,337,221,310
1,<environment.Job instance at 0x1545a807bbe0>,80,15,[10  2],116,337,352,221,323
1,<environment.Job instance at 0x1545aa23f3c0>,81,3,[1 6],117,339,342,222,323
1,<environment.Job instance at 0x1545a807b690>,82,2,[2 7],118,339,341,221,323
1,<environment.Job instance at 0x1545a807bc30>,83,3,[7 1],119,352,355,233,326
1,<environment.Job instance at 0x1545890aa2d0>,84,14,[6 1],120,352,366,232,337
1,<environment.Job instance at 0x1545dc3319b0>,85,12,[2 9],121,342,354,221,337
1,<environment.Job instance at 0x1545dc331cd0>,86,2,[8 1],123,355,357,232,337
1,<environment.Job instance at 0x1545dc3311e0>,87,3,[ 2 10],125,357,360,232,337
1,<environment.Job instance at 0x1545a80f87d0>,88,1,[1 6],129,341,342,212,340
1,<environment.Job instance at 0x1545895731e0>,89,3,[1 8],130,354,357,224,340
1,<environment.Job instance at 0x1545a80f8d70>,90,2,[2 7],132,360,362,228,342
1,<environment.Job instance at 0x1545891e7910>,91,14,[10  1],133,366,380,233,351
1,<environment.Job instance at 0x15458d8fb3c0>,92,2,[2 5],135,360,362,225,351
1,<environment.Job instance at 0x1545891e7eb0>,93,2,[1 6],136,362,364,226,351
1,<environment.Job instance at 0x154588e5ad70>,94,12,[ 1 10],138,364,376,226,351
1,<environment.Job instance at 0x1545aac52af0>,95,3,[9 1],139,380,383,241,354
1,<environment.Job instance at 0x1545aac52a50>,96,17,[2 8],140,376,393,236,364
1,<environment.Job instance at 0x1545aac52b40>,97,17,[1 8],141,393,410,252,387
1,<environment.Job instance at 0x1545aac52dc0>,98,17,[ 2 11],142,410,427,268,398
1,<environment.Job instance at 0x1545aac52eb0>,99,25,[ 2 14],143,427,452,284,423
1,<environment.Job instance at 0x1545aac52960>,100,1,[1 8],144,510,511,366,510
1,<environment.Job instance at 0x1545aac52c80>,101,3,[8 2],147,513,516,366,513
1,<environment.Job instance at 0x1545941a27d0>,102,3,[2 5],148,693,696,545,693
1,<environment.Job instance at 0x1545941a2190>,103,3,[9 1],150,698,701,548,698
1,<environment.Job instance at 0x1545941a23c0>,104,2,[8 2],151,715,717,564,715
1,<environment.Job instance at 0x1545941a25f0>,105,1,[8 1],152,879,880,727,879
1,<environment.Job instance at 0x1545941a2aa0>,106,23,[7 1],153,879,902,726,879
1,<environment.Job instance at 0x1545941a22d0>,107,22,[5 2],154,880,902,726,879
1,<environment.Job instance at 0x1545941a2960>,108,22,[7 2],156,902,924,746,895
1,<environment.Job instance at 0x1545941a26e0>,109,2,[2 9],157,895,897,738,895
1,<environment.Job instance at 0x1545941a2b90>,110,3,[ 2 10],158,897,900,739,895
1,<environment.Job instance at 0x1545941a2f50>,111,1,[2 7],159,900,901,741,896
1,<environment.Job instance at 0x14ccd8172640>,23,2,[8 1],31,45,47,14,45
1,<environment.Job instance at 0x14ccd8172c80>,24,12,[ 1 10],32,45,57,13,45
1,<environment.Job instance at 0x14ccd8229cd0>,25,2,[2 8],34,57,59,23,45
1,<environment.Job instance at 0x14ccd80bfe60>,26,1,[2 7],35,57,58,22,45
1,<environment.Job instance at 0x14ccd8172960>,27,2,[2 7],36,58,60,22,45
1,<environment.Job instance at 0x14ccd8172be0>,28,2,[2 7],37,59,61,22,45
1,<environment.Job instance at 0x14ccd8172a00>,29,16,[10  2],39,60,76,21,47
1,<environment.Job instance at 0x14ccd816dc30>,30,15,[2 9],40,61,76,21,47
1,<environment.Job instance at 0x14ccd816d7d0>,31,3,[9 2],41,47,50,6,47
1,<environment.Job instance at 0x14ccd81179b0>,32,3,[2 9],42,76,79,34,50
1,<environment.Job instance at 0x14ccd8117820>,33,1,[2 7],43,79,80,36,51
1,<environment.Job instance at 0x14ccd8117280>,34,15,[11  1],44,76,91,32,62
1,<environment.Job instance at 0x14ccd8117230>,35,2,[1 8],45,80,82,35,62
1,<environment.Job instance at 0x14ccd80fa410>,36,3,[10  2],48,91,94,43,65
1,<environment.Job instance at 0x14ccd80fa9b0>,37,2,[ 1 10],50,82,84,32,65
1,<environment.Job instance at 0x14ccd80fa140>,38,1,[8 1],51,94,95,43,66
1,<environment.Job instance at 0x14ccd80fa550>,39,3,[1 5],52,76,79,24,66
1,<environment.Job instance at 0x14ccd80fa190>,40,3,[1 6],53,79,82,26,66
1,<environment.Job instance at 0x14ccd80fad20>,41,25,[12  2],54,95,120,41,91
1,<environment.Job instance at 0x14ccd80fa0f0>,42,1,[10  1],56,120,121,64,92
1,<environment.Job instance at 0x14ccd8165af0>,43,3,[7 2],57,121,124,64,95
1,<environment.Job instance at 0x14ccd81650f0>,44,3,[1 8],58,95,98,37,95
1,<environment.Job instance at 0x14ccd8165f00>,45,3,[2 8],60,98,101,38,95
1,<environment.Job instance at 0x14ccd8100e10>,46,2,[2 8],61,101,103,40,95
1,<environment.Job instance at 0x14ccd8100af0>,47,1,[1 6],63,103,104,40,95
1,<environment.Job instance at 0x14ccd8125690>,48,1,[2 9],65,104,105,39,95
1,<environment.Job instance at 0x14ccd8114eb0>,49,16,[8 2],66,121,137,55,108
1,<environment.Job instance at 0x14ccd81145a0>,50,12,[9 1],68,137,149,69,120
1,<environment.Job instance at 0x14ccd8114a50>,51,2,[8 2],69,149,151,80,122
1,<environment.Job instance at 0x14ccd81140f0>,52,2,[1 7],72,124,126,52,122
1,<environment.Job instance at 0x14ccd8114cd0>,53,3,[6 1],73,124,127,51,122
1,<environment.Job instance at 0x14ccd8114730>,54,2,[2 5],75,127,129,52,122
1,<environment.Job instance at 0x14ccd80fcf50>,55,16,[2 5],76,127,143,51,122
1,<environment.Job instance at 0x14ccd8114140>,56,1,[10  2],79,151,152,72,123
1,<environment.Job instance at 0x14ccd80fc460>,57,22,[1 5],80,129,151,49,123
1,<environment.Job instance at 0x14ccd80fcc80>,58,15,[2 9],82,151,166,69,137
1,<environment.Job instance at 0x14ccd80fcfa0>,59,1,[1 9],85,143,144,58,137
1,<environment.Job instance at 0x14ccd80fce60>,60,17,[8 1],86,152,169,66,140
1,<environment.Job instance at 0x14ccd80fc410>,61,3,[1 5],87,144,147,57,140
1,<environment.Job instance at 0x14ccd8177f50>,62,3,[9 2],88,169,172,81,143
1,<environment.Job instance at 0x14ccd80fc730>,63,3,[10  1],89,172,175,83,146
1,<environment.Job instance at 0x14ccd80fc7d0>,64,12,[9 1],91,175,187,84,158
1,<environment.Job instance at 0x14ccd8120280>,65,3,[2 9],92,166,169,74,158
1,<environment.Job instance at 0x14ccd8120460>,66,3,[1 9],93,169,172,76,158
1,<environment.Job instance at 0x14ccd8124960>,67,1,[13  1],94,187,188,93,159
1,<environment.Job instance at 0x14ccd7c50b40>,68,3,[1 9],95,172,175,77,159
1,<environment.Job instance at 0x14ccd7c450a0>,69,1,[2 5],96,159,160,63,159
1,<environment.Job instance at 0x14ccd7c64410>,70,2,[ 2 10],97,175,177,78,159
1,<environment.Job instance at 0x14ccd7c644b0>,71,3,[2 9],99,177,180,78,159
1,<environment.Job instance at 0x14ccd7c64550>,72,13,[7 2],102,188,201,86,172
1,<environment.Job instance at 0x14ccd7c611e0>,73,2,[6 2],103,180,182,77,172
1,<environment.Job instance at 0x14ccd7c61fa0>,74,3,[6 2],106,182,185,76,172
1,<environment.Job instance at 0x14ccd7c61280>,75,1,[1 6],107,185,186,78,172
1,<environment.Job instance at 0x14ccd7c61550>,76,2,[2 5],108,172,174,64,172
1,<environment.Job instance at 0x14ccd7c61140>,77,2,[ 1 10],109,186,188,77,172
1,<environment.Job instance at 0x14ccd7c61c80>,78,3,[2 9],110,188,191,78,172
1,<environment.Job instance at 0x14ccd7c65690>,79,3,[7 2],111,191,194,80,172
1,<environment.Job instance at 0x14ccd7c65e10>,80,14,[7 1],112,194,208,82,179
1,<environment.Job instance at 0x14ccd7c650f0>,81,3,[ 2 10],114,201,204,87,179
1,<environment.Job instance at 0x14ccd7c65b90>,82,12,[2 8],115,204,216,89,187
1,<environment.Job instance at 0x14ccd7c65a50>,83,1,[10  1],117,208,209,91,187
1,<environment.Job instance at 0x14ccd814c370>,84,2,[ 1 10],118,191,193,73,187
1,<environment.Job instance at 0x14ccd80dc870>,85,1,[7 2],120,209,210,89,187
1,<environment.Job instance at 0x14ccd811de60>,86,2,[1 8],121,193,195,72,187
1,<environment.Job instance at 0x14ccd811d730>,87,2,[2 6],122,204,206,82,187
1,<environment.Job instance at 0x14ccd7c5da50>,88,1,[1 5],123,195,196,72,187
1,<environment.Job instance at 0x14ccd79ecf00>,89,2,[1 9],126,196,198,70,187
1,<environment.Job instance at 0x14ccd79ecd70>,90,1,[2 7],127,210,211,83,187
1,<environment.Job instance at 0x14ccd79ec870>,91,1,[2 5],128,206,207,78,187
1,<environment.Job instance at 0x14ccd79ecc80>,92,15,[7 1],129,211,226,82,197
1,<environment.Job instance at 0x14ccd79ec960>,93,2,[14  1],130,226,228,96,199
1,<environment.Job instance at 0x14ccd79ec1e0>,94,1,[5 1],131,201,202,70,199
1,<environment.Job instance at 0x14ccd79ec230>,95,3,[2 8],132,216,219,84,199
1,<environment.Job instance at 0x14ccd79ecfa0>,96,12,[9 2],134,228,240,94,211
1,<environment.Job instance at 0x14ccd79eb410>,97,15,[10  2],135,240,255,105,226
1,<environment.Job instance at 0x14ccd79ec3c0>,98,13,[ 1 10],136,226,239,90,226
1,<environment.Job instance at 0x14ccd79eb460>,99,16,[8 1],137,255,271,118,242
1,<environment.Job instance at 0x14ccd79eb7d0>,100,17,[1 9],139,242,259,103,242
1,<environment.Job instance at 0x14ccd79eb5a0>,101,13,[2 9],140,259,272,119,243
1,<environment.Job instance at 0x14ccd79eb4b0>,102,1,[2 8],141,272,273,131,244
1,<environment.Job instance at 0x14ccd79ebe60>,103,1,[ 2 10],142,273,274,131,245
1,<environment.Job instance at 0x14ccd79eb8c0>,104,1,[ 2 14],143,274,275,131,246
1,<environment.Job instance at 0x14ccd79ebfa0>,105,1,[8 2],144,271,272,127,246
1,<environment.Job instance at 0x14ccd7c52140>,106,15,[5 1],145,255,270,110,246
1,<environment.Job instance at 0x14ccd79ebaa0>,107,18,[1 8],146,275,293,129,264
1,<environment.Job instance at 0x14ccd79eab90>,108,2,[ 1 10],150,293,295,143,273
1,<environment.Job instance at 0x14ccd79eafa0>,109,3,[11  2],151,275,278,124,273
1,<environment.Job instance at 0x14ccd79eaf00>,110,3,[ 2 10],152,295,298,143,273
1,<environment.Job instance at 0x14ccd79eadc0>,111,3,[2 5],153,275,278,122,273
1,<environment.Job instance at 0x14ccd79eac30>,112,1,[8 1],154,273,274,119,273
1,<environment.Job instance at 0x14ccd79ea230>,113,3,[5 2],156,278,281,122,273
1,<environment.Job instance at 0x14ccd79ea370>,114,15,[9 2],157,278,293,121,273
1,<environment.Job instance at 0x14ccd79ea460>,115,18,[2 6],158,298,316,140,287
1,<environment.Job instance at 0x14ccd79f9960>,116,1,[1 6],159,298,299,139,287
1,<environment.Job instance at 0x14ccd79f9cd0>,117,1,[1 7],160,299,300,139,287
1,<environment.Job instance at 0x14ccd79f9d20>,118,3,[9 1],163,293,296,130,287
1,<environment.Job instance at 0x14ccd79f9e60>,119,3,[12  1],164,296,299,132,287
1,<environment.Job instance at 0x14ccd79f9dc0>,120,1,[1 8],166,300,301,134,287
1,<environment.Job instance at 0x14ccd79f9aa0>,121,15,[1 6],167,301,316,134,287
1,<environment.Job instance at 0x14ccd79f9fa0>,122,3,[7 2],168,301,304,133,287
1,<environment.Job instance at 0x14ccd7a030a0>,123,2,[1 8],169,316,318,147,289
1,<environment.Job instance at 0x14ccd822c410>,21,3,[6 1],29,316,319,287,316
1,<environment.Job instance at 0x14ccd822c730>,20,2,[ 1 13],27,343,345,316,343
1,<environment.Job instance at 0x14ccd81729b0>,22,1,[2 7],30,474,475,444,474
1,<environment.Job instance at 0x14ccda1a2050>,5,12,[6 1],6,69,81,63,69
1,<environment.Job instance at 0x14ccda1a2690>,6,28,[2 8],9,69,97,60,69
1,<environment.Job instance at 0x14ccda1a2dc0>,7,3,[5 1],13,69,72,56,69
1,<environment.Job instance at 0x14ccda1a4f00>,8,15,[1 7],15,81,96,66,69
1,<environment.Job instance at 0x14ccda1a4550>,9,3,[ 2 10],16,97,100,81,71
1,<environment.Job instance at 0x14ccda1a4410>,10,2,[1 9],18,100,102,82,73
1,<environment.Job instance at 0x14ccda1a4640>,11,2,[ 2 10],21,102,104,81,75
1,<environment.Job instance at 0x14ccda1a44b0>,12,3,[5 2],22,75,78,53,75
1,<environment.Job instance at 0x14ccda1a4320>,13,15,[2 7],23,104,119,81,90
1,<environment.Job instance at 0x14ccda195a50>,14,2,[ 2 10],24,119,121,95,92
1,<environment.Job instance at 0x14ccda195a00>,15,2,[2 9],25,121,123,96,94
1,<environment.Job instance at 0x14ccda1956e0>,16,17,[ 2 10],26,123,140,97,111
1,<environment.Job instance at 0x14ccda195960>,17,19,[ 1 10],28,140,159,112,130
1,<environment.Job instance at 0x14ccda195e10>,18,2,[9 1],29,130,132,101,130
1,<environment.Job instance at 0x14ccda1953c0>,19,3,[5 2],30,132,135,102,130
1,<environment.Job instance at 0x14ccda195c30>,20,2,[ 1 10],31,159,161,128,132
1,<environment.Job instance at 0x14ccda195190>,21,13,[ 2 10],32,161,174,129,145
1,<environment.Job instance at 0x14ccda191a00>,22,1,[1 7],33,174,175,141,146
1,<environment.Job instance at 0x14ccda191b90>,23,1,[2 9],34,175,176,141,147
1,<environment.Job instance at 0x14ccda191730>,24,15,[1 7],35,176,191,141,162
1,<environment.Job instance at 0x14ccda191410>,25,3,[ 2 10],37,191,194,154,165
1,<environment.Job instance at 0x14ccda191d70>,26,14,[10  1],39,165,179,126,165
1,<environment.Job instance at 0x14ccda1919b0>,27,12,[7 1],40,179,191,139,165
1,<environment.Job instance at 0x14ccda191960>,28,2,[8 2],41,191,193,150,165
1,<environment.Job instance at 0x14ccda191aa0>,29,3,[8 1],42,193,196,151,167
1,<environment.Job instance at 0x14ccda191eb0>,30,2,[2 5],43,174,176,131,167
1,<environment.Job instance at 0x14ccda191fa0>,31,3,[6 1],44,179,182,135,167
1,<environment.Job instance at 0x14ccda1fad70>,32,2,[10  1],45,196,198,151,169
1,<environment.Job instance at 0x14ccda1faeb0>,33,3,[ 2 10],47,194,197,147,169
1,<environment.Job instance at 0x14ccda1fa280>,34,18,[8 1],48,198,216,150,187
1,<environment.Job instance at 0x14ccda1fa230>,35,16,[1 6],49,197,213,148,187
1,<environment.Job instance at 0x14ccda1fadc0>,36,17,[1 6],51,197,214,146,187
1,<environment.Job instance at 0x14ccda1fa410>,37,17,[7 1],52,214,231,162,202
1,<environment.Job instance at 0x14ccda1fa460>,38,1,[2 6],53,213,214,160,202
1,<environment.Job instance at 0x14ccda1fabe0>,39,16,[9 1],56,231,247,175,218
1,<environment.Job instance at 0x14ccda1faf50>,40,15,[9 2],60,247,262,187,233
1,<environment.Job instance at 0x14ccda1fa3c0>,41,1,[9 1],61,262,263,201,234
1,<environment.Job instance at 0x14ccda1fa4b0>,42,12,[1 5],62,234,246,172,234
1,<environment.Job instance at 0x14ccda1fa370>,43,2,[6 2],63,246,248,183,234
1,<environment.Job instance at 0x14ccda1fa320>,44,1,[9 1],65,263,264,198,235
1,<environment.Job instance at 0x14ccda1fa5a0>,45,2,[8 1],66,264,266,198,237
1,<environment.Job instance at 0x14ccda1fafa0>,46,1,[ 1 10],67,248,249,181,237
1,<environment.Job instance at 0x14ccda1fa870>,47,2,[1 5],69,237,239,168,237
1,<environment.Job instance at 0x14ccda188d70>,48,3,[1 5],70,239,242,169,237
1,<environment.Job instance at 0x14ccda188190>,49,2,[10  2],71,266,268,195,239
1,<environment.Job instance at 0x14ccda188b90>,50,3,[2 8],75,242,245,167,239
1,<environment.Job instance at 0x14ccda188e60>,51,1,[2 6],76,245,246,169,239
1,<environment.Job instance at 0x14ccda188500>,52,2,[1 6],77,249,251,172,239
1,<environment.Job instance at 0x14ccda188460>,53,18,[7 2],79,268,286,189,257
1,<environment.Job instance at 0x14ccda1885a0>,54,1,[2 8],82,257,258,175,257
1,<environment.Job instance at 0x14ccda188f00>,55,18,[10  1],86,286,304,200,275
1,<environment.Job instance at 0x14ccda188960>,56,2,[7 2],87,275,277,188,275
1,<environment.Job instance at 0x14ccda1889b0>,57,2,[2 5],88,277,279,189,275
1,<environment.Job instance at 0x14ccda188aa0>,58,14,[2 8],89,277,291,188,275
1,<environment.Job instance at 0x14ccda188550>,59,3,[8 1],92,304,307,212,278
1,<environment.Job instance at 0x14ccda188f50>,60,1,[7 2],93,304,305,211,278
1,<environment.Job instance at 0x14ccda1884b0>,61,2,[5 2],94,279,281,185,278
1,<environment.Job instance at 0x14ccda184a00>,62,2,[ 2 12],96,291,293,195,278
1,<environment.Job instance at 0x14ccda184cd0>,63,14,[6 1],97,305,319,208,290
1,<environment.Job instance at 0x14ccda1843c0>,64,15,[2 8],98,307,322,209,293
1,<environment.Job instance at 0x14ccda184dc0>,65,16,[1 7],99,319,335,220,306
1,<environment.Job instance at 0x14ccda184960>,66,13,[ 1 11],101,335,348,234,319
1,<environment.Job instance at 0x14ccda184910>,67,2,[6 2],102,322,324,220,319
1,<environment.Job instance at 0x14ccda184500>,68,1,[1 5],103,322,323,219,319
1,<environment.Job instance at 0x14ccda1844b0>,69,16,[1 7],104,348,364,244,335
1,<environment.Job instance at 0x14ccda184460>,70,3,[ 2 10],105,364,367,259,338
1,<environment.Job instance at 0x14ccda184e10>,71,3,[ 1 13],106,367,370,261,341
1,<environment.Job instance at 0x14ccda184280>,72,3,[1 5],109,348,351,239,341
1,<environment.Job instance at 0x14ccda184730>,73,21,[ 2 13],110,370,391,260,362
1,<environment.Job instance at 0x14ccda184be0>,74,1,[2 8],111,362,363,251,362
1,<environment.Job instance at 0x14ccda1f9c80>,75,1,[7 1],112,363,364,251,362
1,<environment.Job instance at 0x14ccda1f93c0>,76,18,[5 2],113,363,381,250,362
1,<environment.Job instance at 0x14ccda1f9280>,77,2,[8 2],115,364,366,249,362
1,<environment.Job instance at 0x14ccda1f9e60>,78,3,[1 7],116,391,394,275,365
1,<environment.Job instance at 0x14ccda1f9410>,79,18,[8 1],117,381,399,264,370
1,<environment.Job instance at 0x14ccda1f9b90>,80,1,[5 2],118,391,392,273,370
1,<environment.Job instance at 0x14ccda1f9eb0>,81,1,[1 8],119,394,395,275,370
1,<environment.Job instance at 0x14ccda1f9730>,82,3,[1 7],120,395,398,275,370
1,<environment.Job instance at 0x14ccda1f94b0>,83,2,[5 2],122,392,394,270,370
1,<environment.Job instance at 0x14ccda1f9f00>,84,2,[1 7],124,395,397,271,370
1,<environment.Job instance at 0x14ccda1f9370>,85,2,[5 2],125,397,399,272,370
1,<environment.Job instance at 0x14ccda1f9550>,86,1,[1 6],127,394,395,267,370
1,<environment.Job instance at 0x14ccda1f9b40>,87,12,[7 1],128,399,411,271,382
1,<environment.Job instance at 0x14ccda1f90a0>,88,2,[10  1],129,411,413,282,384
1,<environment.Job instance at 0x14ccda1f9320>,89,3,[2 7],130,398,401,268,384
1,<environment.Job instance at 0x14ccda181640>,90,17,[7 1],132,413,430,281,401
1,<environment.Job instance at 0x14ccda181eb0>,91,1,[2 5],134,401,402,267,401
1,<environment.Job instance at 0x14ccda181b40>,92,3,[1 8],135,401,404,266,401
1,<environment.Job instance at 0x14ccda181d20>,93,12,[7 2],137,413,425,276,401
1,<environment.Job instance at 0x14ccda181370>,94,2,[7 2],139,402,404,263,401
1,<environment.Job instance at 0x14ccda181e60>,95,3,[ 2 10],141,404,407,263,401
1,<environment.Job instance at 0x14ccda181460>,96,14,[8 2],142,425,439,283,410
1,<environment.Job instance at 0x14ccda181f00>,97,2,[2 5],144,410,412,266,410
1,<environment.Job instance at 0x14ccda181a00>,98,1,[ 2 10],145,412,413,267,410
1,<environment.Job instance at 0x14ccda1810a0>,99,14,[8 1],146,439,453,293,424
1,<environment.Job instance at 0x14ccda181690>,100,2,[ 1 10],147,430,432,283,424
1,<environment.Job instance at 0x14ccda2fed70>,101,3,[7 2],148,432,435,284,424
1,<environment.Job instance at 0x14ccda2fe690>,102,21,[7 2],150,435,456,285,427
1,<environment.Job instance at 0x14ccda2fed20>,103,13,[5 2],151,453,466,302,437
1,<environment.Job instance at 0x14ccda2fe960>,104,3,[1 9],152,453,456,301,437
1,<environment.Job instance at 0x14ccda2fe8c0>,105,1,[6 1],153,456,457,303,437
1,<environment.Job instance at 0x14ccda2fecd0>,106,3,[5 1],154,457,460,303,437
1,<environment.Job instance at 0x14ccda2feeb0>,107,3,[1 7],159,456,459,297,437
1,<environment.Job instance at 0x14ccda29ee10>,108,12,[7 1],161,460,472,299,443
1,<environment.Job instance at 0x14ccda29eeb0>,109,20,[8 2],162,466,486,304,457
1,<environment.Job instance at 0x14ccda29e5f0>,110,2,[10  1],163,486,488,323,459
1,<environment.Job instance at 0x14ccda29ec80>,111,3,[1 9],164,459,462,295,459
1,<environment.Job instance at 0x14ccda2a4410>,112,3,[1 8],168,462,465,294,459
1,<environment.Job instance at 0x14ccda2035a0>,6,1,[1 8],8,12,13,4,12
1,<environment.Job instance at 0x14ccda3cb9b0>,11,15,[8 2],16,33,48,17,33
1,<environment.Job instance at 0x14ccda3cb550>,13,2,[ 2 12],20,33,35,13,33
1,<environment.Job instance at 0x14ccda3cb7d0>,14,1,[6 2],21,35,36,14,33
1,<environment.Job instance at 0x14ccda3cb460>,15,3,[2 7],23,36,39,13,33
1,<environment.Job instance at 0x14ccda152dc0>,16,15,[ 1 11],27,39,54,12,33
1,<environment.Job instance at 0x14ccda1522d0>,17,2,[8 1],28,48,50,20,33
1,<environment.Job instance at 0x14ccda152d70>,18,2,[1 9],31,54,56,23,33
1,<environment.Job instance at 0x14ccda152a50>,19,2,[1 6],32,35,37,3,33
1,<environment.Job instance at 0x14ccda152640>,20,1,[1 9],33,56,57,23,33
1,<environment.Job instance at 0x14ccda1090a0>,21,3,[1 8],34,57,60,23,35
1,<environment.Job instance at 0x14ccda109410>,22,1,[9 2],35,50,51,15,35
1,<environment.Job instance at 0x14ccda109e10>,23,18,[ 1 10],36,60,78,24,49
1,<environment.Job instance at 0x14ccdb5f10f0>,29,1,[6 2],45,49,50,4,49
1,<environment.Job instance at 0x14ccdb5f17d0>,30,3,[2 7],46,57,60,11,49
1,<environment.Job instance at 0x14ccdb5f1050>,31,14,[7 2],47,60,74,13,49
1,<environment.Job instance at 0x14ccda4e0af0>,32,2,[ 1 10],49,78,80,29,51
1,<environment.Job instance at 0x14ccdb711d20>,33,3,[10  2],50,51,54,1,51
1,<environment.Job instance at 0x14ccdb711500>,34,2,[2 9],51,80,82,29,53
1,<environment.Job instance at 0x14ccdb711c30>,35,3,[9 1],54,54,57,0,54
1,<environment.Job instance at 0x14ccdb7118c0>,36,18,[6 2],56,60,78,4,56
1,<environment.Job instance at 0x14ccdb711a00>,37,16,[1 5],58,78,94,20,65
1,<environment.Job instance at 0x14ccdb711c80>,38,3,[5 1],60,74,77,14,65
1,<environment.Job instance at 0x14ccdb6a11e0>,39,14,[1 6],62,82,96,20,67
1,<environment.Job instance at 0x14ccdb6a1e60>,40,2,[5 1],63,80,82,17,67
1,<environment.Job instance at 0x14ccdb6a15f0>,41,1,[2 7],64,94,95,30,67
1,<environment.Job instance at 0x14ccdb6a1690>,42,2,[10  2],65,82,84,17,67
1,<environment.Job instance at 0x14ccdb6a1f00>,43,2,[6 1],66,84,86,18,67
1,<environment.Job instance at 0x14ccdb71e9b0>,44,3,[9 2],68,86,89,18,68
1,<environment.Job instance at 0x14ccdb71e870>,45,3,[6 2],71,89,92,18,71
1,<environment.Job instance at 0x14ccdb71e4b0>,46,2,[5 2],72,84,86,12,72
1,<environment.Job instance at 0x14ccdb71e5a0>,47,3,[1 7],73,95,98,22,73
1,<environment.Job instance at 0x14ccdb71e780>,48,2,[9 2],75,92,94,17,75
1,<environment.Job instance at 0x14ccdb71e8c0>,49,1,[7 2],76,77,78,1,76
1,<environment.Job instance at 0x14ccdb71e320>,50,3,[1 7],78,96,99,18,78
1,<environment.Job instance at 0x14ccdb71eeb0>,51,14,[1 6],79,98,112,19,83
1,<environment.Job instance at 0x14ccdb71e690>,52,14,[1 9],80,99,113,19,84
1,<environment.Job instance at 0x14ccda46f1e0>,53,3,[6 1],83,89,92,6,84
1,<environment.Job instance at 0x14ccda46f870>,54,26,[9 1],84,112,138,28,109
1,<environment.Job instance at 0x14ccda46ffa0>,56,2,[2 5],86,112,114,26,109
1,<environment.Job instance at 0x14ccda4a86e0>,57,16,[2 9],87,113,129,26,109
1,<environment.Job instance at 0x14ccda4a8a00>,58,12,[5 2],88,129,141,41,112
1,<environment.Job instance at 0x14ccda4a8820>,59,3,[8 1],89,138,141,49,112
1,<environment.Job instance at 0x14ccda4a82d0>,60,3,[8 1],93,141,144,48,115
1,<environment.Job instance at 0x14ccda4a8be0>,61,1,[10  1],94,144,145,50,116
1,<environment.Job instance at 0x14ccda4a8f50>,62,27,[1 7],95,129,156,34,127
1,<environment.Job instance at 0x14ccda4a8d20>,63,15,[2 8],98,145,160,47,131
1,<environment.Job instance at 0x14ccda4a8370>,64,16,[2 8],99,160,176,61,147
1,<environment.Job instance at 0x14ccda4a8b90>,65,13,[ 2 10],102,176,189,74,160
1,<environment.Job instance at 0x14ccd81c19b0>,79,3,[10  1],121,160,163,39,160
1,<environment.Job instance at 0x14ccd81c1cd0>,80,2,[1 7],122,163,165,41,160
1,<environment.Job instance at 0x14ccd81c1e60>,81,15,[1 5],123,165,180,42,160
1,<environment.Job instance at 0x14ccd81c15f0>,82,3,[1 9],124,189,192,65,163
1,<environment.Job instance at 0x14ccd81c1410>,83,2,[1 8],126,192,194,66,165
1,<environment.Job instance at 0x14ccd81c1f50>,84,2,[1 5],128,180,182,52,165
1,<environment.Job instance at 0x14ccd81c10f0>,85,15,[10  1],129,182,197,53,168
1,<environment.Job instance at 0x14ccd81c1b40>,86,1,[2 8],130,194,195,64,168
1,<environment.Job instance at 0x14ccd81c17d0>,87,1,[8 2],131,168,169,37,168
1,<environment.Job instance at 0x14ccdb696230>,88,14,[14  1],132,197,211,65,182
1,<environment.Job instance at 0x14ccdb5f7370>,89,2,[6 1],134,211,213,77,184
1,<environment.Job instance at 0x14cd14d54320>,90,3,[10  1],136,213,216,77,187
1,<environment.Job instance at 0x14ccdb5e3aa0>,91,3,[10  2],137,216,219,79,190
1,<environment.Job instance at 0x14ccda33a1e0>,92,3,[ 2 11],140,211,214,71,190
1,<environment.Job instance at 0x14ccdb75c1e0>,93,2,[1 7],141,195,197,54,190
1,<environment.Job instance at 0x14ccdb75c6e0>,94,1,[1 5],142,190,191,48,190
1,<environment.Job instance at 0x14ccdb75ce60>,95,18,[8 2],143,219,237,76,208
1,<environment.Job instance at 0x14ccdb75cb40>,96,3,[1 6],144,208,211,64,208
1,<environment.Job instance at 0x14ccdb75ceb0>,97,16,[1 5],145,214,230,69,208
1,<environment.Job instance at 0x14ccdb75c0a0>,98,2,[ 1 10],146,230,232,84,208
1,<environment.Job instance at 0x14ccd7203b90>,99,17,[2 9],147,232,249,85,220
1,<environment.Job instance at 0x14cd0666a2d0>,101,16,[2 8],149,249,265,100,237
1,<environment.Job instance at 0x14ccda2fe460>,112,2,[10  1],164,260,262,96,260
1,<environment.Job instance at 0x14cd0661a9b0>,15,1,[1 7],21,21,22,0,21
1,<environment.Job instance at 0x14cd0661ae10>,16,3,[2 7],22,22,25,0,22
1,<environment.Job instance at 0x14cd0661a500>,17,2,[1 5],23,23,25,0,23
1,<environment.Job instance at 0x14cd0661a960>,18,1,[1 9],25,25,26,0,25
1,<environment.Job instance at 0x14cd0661a5a0>,19,1,[2 5],26,26,27,0,26
1,<environment.Job instance at 0x14cd0661a460>,20,15,[7 1],27,27,42,0,27
1,<environment.Job instance at 0x14cd0661aa00>,21,1,[2 6],28,28,29,0,28
1,<environment.Job instance at 0x14cd0661a280>,22,1,[2 8],30,30,31,0,30
1,<environment.Job instance at 0x14cd065682d0>,23,1,[2 6],31,31,32,0,31
1,<environment.Job instance at 0x14cd065686e0>,24,3,[1 7],33,33,36,0,33
1,<environment.Job instance at 0x14cd06568640>,25,17,[2 7],34,34,51,0,34
1,<environment.Job instance at 0x14cd06568820>,26,14,[1 6],35,36,50,1,35
1,<environment.Job instance at 0x14cd06568c30>,27,17,[9 1],36,42,59,6,36
1,<environment.Job instance at 0x14cd06568230>,28,3,[5 1],37,37,40,0,37
1,<environment.Job instance at 0x14cd06568c80>,29,1,[10  1],38,59,60,21,38
1,<environment.Job instance at 0x14cd06568eb0>,30,1,[1 8],39,51,52,12,39
1,<environment.Job instance at 0x14cd06568a00>,31,12,[9 2],40,60,72,20,43
1,<environment.Job instance at 0x14cd065685a0>,32,2,[2 6],41,50,52,9,43
1,<environment.Job instance at 0x14cd065681e0>,33,3,[9 2],42,72,75,30,46
1,<environment.Job instance at 0x14cd06568320>,34,2,[10  2],43,75,77,32,48
1,<environment.Job instance at 0x14cd06568190>,35,16,[10  2],44,77,93,33,64
1,<environment.Job instance at 0x14ccdb748500>,36,16,[ 2 10],45,64,80,19,64
1,<environment.Job instance at 0x14ccdb748820>,37,2,[1 6],47,80,82,33,64
1,<environment.Job instance at 0x14ccdb748af0>,38,15,[2 6],49,80,95,31,66
1,<environment.Job instance at 0x14ccdb7482d0>,39,2,[7 2],50,93,95,43,66
1,<environment.Job instance at 0x14ccdb7485f0>,40,13,[5 1],51,93,106,42,77
1,<environment.Job instance at 0x14ccdb748c80>,41,2,[1 8],52,95,97,43,77
1,<environment.Job instance at 0x14ccdb748280>,42,14,[6 1],53,95,109,42,80
1,<environment.Job instance at 0x14ccdb748aa0>,43,1,[2 5],54,82,83,28,80
1,<environment.Job instance at 0x14ccdb748730>,44,14,[2 8],55,97,111,42,82
1,<environment.Job instance at 0x14ccdb748d70>,45,2,[7 1],56,106,108,50,82
1,<environment.Job instance at 0x14ccdb748910>,46,3,[7 1],57,108,111,51,82
1,<environment.Job instance at 0x14ccdb748870>,47,13,[10  1],58,111,124,53,95
1,<environment.Job instance at 0x14ccdb7487d0>,48,25,[12  1],59,124,149,65,120
1,<environment.Job instance at 0x14ccdb748780>,49,1,[ 2 10],60,120,121,60,120
1,<environment.Job instance at 0x14ccdb7480f0>,50,2,[10  2],62,149,151,87,122
1,<environment.Job instance at 0x14ccdb748320>,51,3,[7 1],66,151,154,85,125
1,<environment.Job instance at 0x14ccda5fa870>,52,3,[2 8],67,125,128,58,125
1,<environment.Job instance at 0x14ccda5fa7d0>,53,3,[1 9],68,128,131,60,125
1,<environment.Job instance at 0x14ccda5fafa0>,54,16,[10  1],69,154,170,85,141
1,<environment.Job instance at 0x14ccdb5f1140>,55,3,[2 9],70,141,144,71,141
1,<environment.Job instance at 0x14ccdb5f18c0>,56,23,[1 6],71,144,167,73,141
1,<environment.Job instance at 0x14ccdb5f1f50>,57,12,[7 1],74,170,182,96,153
1,<environment.Job instance at 0x14ccdb5f1550>,58,3,[10  1],77,182,185,105,156
1,<environment.Job instance at 0x14ccdb5f19b0>,59,3,[6 1],79,170,173,91,156
1,<environment.Job instance at 0x14ccdb5f1b90>,60,3,[8 1],80,173,176,93,156
1,<environment.Job instance at 0x14ccdb5f12d0>,61,2,[7 1],82,176,178,94,156
1,<environment.Job instance at 0x14ccdb5f1280>,62,18,[2 6],84,178,196,94,167
1,<environment.Job instance at 0x14ccdb5f13c0>,63,1,[7 1],86,185,186,99,167
1,<environment.Job instance at 0x14ccda2c5af0>,64,2,[5 1],87,167,169,80,167
1,<environment.Job instance at 0x14ccda2c5aa0>,65,14,[2 5],88,178,192,90,167
1,<environment.Job instance at 0x14ccda2c55a0>,66,3,[5 2],90,186,189,96,167
1,<environment.Job instance at 0x14ccda4d68c0>,67,12,[1 5],91,192,204,101,175
1,<environment.Job instance at 0x14ccda2c59b0>,68,13,[7 2],92,189,202,97,175
1,<environment.Job instance at 0x14ccda2c58c0>,69,3,[8 1],93,202,205,109,176
1,<environment.Job instance at 0x14ccda566190>,70,3,[2 6],96,196,199,100,176
1,<environment.Job instance at 0x14ccda566690>,71,18,[1 5],97,199,217,102,188
1,<environment.Job instance at 0x14ccda566a00>,72,16,[1 5],101,204,220,103,191
1,<environment.Job instance at 0x14ccda5662d0>,73,1,[1 9],102,217,218,115,191
1,<environment.Job instance at 0x14ccda566be0>,74,3,[2 9],104,218,221,114,192
1,<environment.Job instance at 0x14ccda566af0>,75,1,[10  2],105,205,206,100,192
1,<environment.Job instance at 0x14ccda566550>,76,1,[5 2],106,192,193,86,192
1,<environment.Job instance at 0x14cd0527f320>,1,1,[2 9],4,4,5,0,4
1,<environment.Job instance at 0x14ccd79c8910>,8,3,[2 5],14,14,17,0,14
1,<environment.Job instance at 0x14ccd7a1d6e0>,9,1,[8 1],15,15,16,0,15
1,<environment.Job instance at 0x14ccd7a18b40>,10,28,[5 1],16,16,44,0,16
1,<environment.Job instance at 0x14ccd79c8050>,11,13,[8 2],17,17,30,0,17
1,<environment.Job instance at 0x14ccda4e8aa0>,12,18,[5 1],18,30,48,12,19
1,<environment.Job instance at 0x14ccda65bd20>,13,15,[6 1],19,44,59,25,30
1,<environment.Job instance at 0x14ccda630960>,14,3,[6 2],20,48,51,28,30
1,<environment.Job instance at 0x14ccda6304b0>,15,1,[6 2],21,51,52,30,30
1,<environment.Job instance at 0x14ccda378d70>,16,17,[9 2],23,52,69,29,40
1,<environment.Job instance at 0x14ccda387af0>,17,1,[7 1],24,69,70,45,41
1,<environment.Job instance at 0x14ccda3870f0>,18,12,[2 8],25,59,71,34,42
1,<environment.Job instance at 0x14ccda3f6960>,19,3,[ 1 10],26,42,45,16,42
1,<environment.Job instance at 0x14ccda3f6be0>,20,3,[1 5],27,45,48,18,42
1,<environment.Job instance at 0x14ccda4d6960>,21,3,[2 7],28,45,48,17,42
1,<environment.Job instance at 0x14ccda3f64b0>,22,13,[2 5],29,59,72,30,43
1,<environment.Job instance at 0x14ccda4d6eb0>,23,2,[2 8],30,48,50,18,43
1,<environment.Job instance at 0x14ccda373050>,24,2,[5 1],31,70,72,39,43
1,<environment.Job instance at 0x14ccda373190>,25,1,[6 2],36,71,72,35,43
1,<environment.Job instance at 0x14ccd96bc280>,26,1,[1 9],37,50,51,13,43
1,<environment.Job instance at 0x14ccd96bc8c0>,27,3,[7 1],38,72,75,34,46
1,<environment.Job instance at 0x14ccd96bc9b0>,28,3,[7 2],39,72,75,33,46
1,<environment.Job instance at 0x14ccda14a910>,29,14,[1 5],41,71,85,30,56
1,<environment.Job instance at 0x14ccda14a780>,30,12,[2 6],43,75,87,32,58
1,<environment.Job instance at 0x14ccd96d85f0>,31,1,[9 1],45,75,76,30,58
1,<environment.Job instance at 0x14ccd96d8870>,32,17,[2 8],46,85,102,39,73
1,<environment.Job instance at 0x14ccd96d8aa0>,33,25,[8 1],49,76,101,27,73
1,<environment.Job instance at 0x14ccd96d81e0>,34,16,[8 1],50,101,117,51,88
1,<environment.Job instance at 0x14ccd79e5d20>,35,16,[1 6],51,88,104,37,88
1,<environment.Job instance at 0x14ccd79e5a00>,36,2,[10  2],53,117,119,64,90
1,<environment.Job instance at 0x14ccd79e5eb0>,37,3,[1 7],54,102,105,48,90
1,<environment.Job instance at 0x14ccd79e50f0>,38,14,[9 2],56,119,133,63,104
1,<environment.Job instance at 0x14ccda5d6500>,39,1,[10  2],57,133,134,76,105
1,<environment.Job instance at 0x14ccda5d6140>,40,2,[7 2],58,105,107,47,105
1,<environment.Job instance at 0x14ccd7a12c30>,41,16,[1 9],59,107,123,48,105
1,<environment.Job instance at 0x14ccd7a12fa0>,42,3,[1 5],60,107,110,47,105
1,<environment.Job instance at 0x14ccda2bf1e0>,43,12,[2 9],62,123,135,61,106
1,<environment.Job instance at 0x14ccda2bf640>,44,3,[9 2],63,134,137,71,108
1,<environment.Job instance at 0x14ccda2bff00>,45,13,[1 9],64,135,148,71,119
1,<environment.Job instance at 0x14ccda326c80>,46,2,[1 8],65,148,150,83,121
1,<environment.Job instance at 0x14ccda326d20>,47,12,[1 7],67,148,160,81,131
1,<environment.Job instance at 0x14ccd79c01e0>,48,1,[ 1 10],69,160,161,91,132
1,<environment.Job instance at 0x14ccd79c0640>,49,19,[2 5],70,150,169,80,140
1,<environment.Job instance at 0x14ccd8221320>,50,17,[2 9],71,161,178,90,149
1,<environment.Job instance at 0x14ccd79c0aa0>,51,3,[6 2],72,150,153,78,149
1,<environment.Job instance at 0x14ccd79c0b90>,52,2,[6 2],73,153,155,80,149
1,<environment.Job instance at 0x14ccd7c4a8c0>,53,17,[5 2],74,169,186,95,157
1,<environment.Job instance at 0x14ccd7c4ac30>,54,1,[6 1],76,157,158,81,157
1,<environment.Job instance at 0x14ccd758fcd0>,55,12,[ 1 10],77,178,190,101,161
1,<environment.Job instance at 0x14ccd758fa50>,56,3,[2 7],79,190,193,111,164
1,<environment.Job instance at 0x14ccd758f870>,57,1,[1 6],80,190,191,110,164
1,<environment.Job instance at 0x14ccd758fb90>,58,3,[8 2],81,169,172,88,164
1,<environment.Job instance at 0x14ccd758f320>,59,1,[1 7],82,191,192,109,164
1,<environment.Job instance at 0x14ccd75739b0>,60,1,[6 2],83,172,173,89,164
1,<environment.Job instance at 0x14ccd7573a50>,61,2,[2 7],84,192,194,108,165
1,<environment.Job instance at 0x14ccdb9d2910>,62,16,[ 2 10],85,194,210,109,181
1,<environment.Job instance at 0x14ccdb9d2730>,63,3,[7 1],86,181,184,95,181
1,<environment.Job instance at 0x14ccda114140>,64,14,[8 2],87,193,207,106,181
1,<environment.Job instance at 0x14ccd7573eb0>,65,2,[1 9],89,210,212,121,183
1,<environment.Job instance at 0x14ccd79d0280>,66,2,[7 2],90,184,186,94,183
1,<environment.Job instance at 0x14ccda5a9820>,67,3,[5 2],92,186,189,94,183
1,<environment.Job instance at 0x14ccdb4f5e60>,68,13,[2 8],93,212,225,119,196
1,<environment.Job instance at 0x14ccda5a9730>,69,1,[8 1],94,207,208,113,196
1,<environment.Job instance at 0x14ccd79b5b40>,70,1,[1 5],96,208,209,112,196
1,<environment.Job instance at 0x14ccd79b56e0>,71,1,[10  1],98,209,210,111,196
1,<environment.Job instance at 0x14ccd79b5050>,72,1,[5 2],99,196,197,97,196
1,<environment.Job instance at 0x14ccd79b5f00>,73,17,[10  1],100,210,227,110,198
1,<environment.Job instance at 0x14ccd747c5f0>,74,25,[9 1],101,227,252,126,223
1,<environment.Job instance at 0x14ccd747c460>,75,1,[10  2],103,252,253,149,224
1,<environment.Job instance at 0x14ccd747cd70>,76,21,[ 2 10],104,225,246,121,224
1,<environment.Job instance at 0x14ccd747c5a0>,77,21,[2 5],105,246,267,141,238
1,<environment.Job instance at 0x14ccd79a2e60>,78,15,[5 2],106,253,268,147,239
1,<environment.Job instance at 0x14ccd79a26e0>,79,3,[2 7],108,246,249,138,239
1,<environment.Job instance at 0x14ccd75db730>,80,15,[7 2],109,253,268,144,239
1,<environment.Job instance at 0x14ccd75db870>,81,15,[6 1],110,268,283,158,254
1,<environment.Job instance at 0x14ccd75dbeb0>,82,2,[2 9],111,267,269,156,254
1,<environment.Job instance at 0x14ccd75dbf00>,83,2,[1 5],112,254,256,142,254
1,<environment.Job instance at 0x14ccd75db500>,84,16,[1 8],113,269,285,156,256
1,<environment.Job instance at 0x14ccd75db3c0>,85,14,[2 6],115,269,283,154,256
1,<environment.Job instance at 0x14ccd75db280>,86,1,[9 1],116,283,284,167,256
1,<environment.Job instance at 0x14ccd75dbe10>,87,17,[2 5],117,283,300,166,271
1,<environment.Job instance at 0x14ccd75db6e0>,88,2,[10  2],118,284,286,166,271
1,<environment.Job instance at 0x14ccd75dbbe0>,89,15,[9 2],120,286,301,166,272
1,<environment.Job instance at 0x14ccd75db0a0>,90,2,[5 2],121,300,302,179,273
1,<environment.Job instance at 0x14ccd75db1e0>,91,2,[5 1],122,301,303,179,274
1,<environment.Job instance at 0x14ccd75db690>,92,1,[1 7],123,285,286,162,274
1,<environment.Job instance at 0x14ccd75d3f00>,93,17,[9 1],126,302,319,176,290
1,<environment.Job instance at 0x14ccd7997640>,94,1,[6 2],127,303,304,176,290
1,<environment.Job instance at 0x14ccd7997870>,95,1,[5 1],128,301,302,173,290
1,<environment.Job instance at 0x14ccd7997d70>,96,1,[2 6],130,290,291,160,290
1,<environment.Job instance at 0x14ccd748ba00>,97,3,[2 6],131,291,294,160,290
1,<environment.Job instance at 0x14ccd748b460>,98,2,[9 1],132,319,321,187,292
1,<environment.Job instance at 0x14ccd748b8c0>,99,13,[6 1],134,304,317,170,292
1,<environment.Job instance at 0x14ccd748beb0>,100,2,[7 2],135,321,323,186,294
1,<environment.Job instance at 0x14ccd748b7d0>,101,2,[9 2],136,323,325,187,296
1,<environment.Job instance at 0x14ccda5cc410>,102,3,[5 1],137,317,320,180,296
1,<environment.Job instance at 0x14ccda5cc230>,103,2,[ 1 10],138,317,319,179,296
1,<environment.Job instance at 0x14ccda5ccaf0>,104,13,[2 6],139,320,333,181,304
1,<environment.Job instance at 0x14ccda5cc9b0>,105,17,[12  1],140,325,342,185,313
1,<environment.Job instance at 0x14ccda5cc7d0>,106,1,[8 2],143,342,343,199,314
1,<environment.Job instance at 0x14ccda5cc6e0>,107,17,[7 1],144,342,359,198,330
1,<environment.Job instance at 0x14ccda5cc2d0>,108,17,[2 7],145,343,360,198,331
1,<environment.Job instance at 0x14ccda5cc730>,109,13,[2 8],146,359,372,213,343
1,<environment.Job instance at 0x14ccda5cccd0>,110,16,[6 1],147,343,359,196,343
1,<environment.Job instance at 0x14ccda5ccb40>,111,1,[8 2],148,360,361,212,343
1,<environment.Job instance at 0x14ccda5cc5f0>,112,1,[5 2],149,360,361,211,343
1,<environment.Job instance at 0x14ccda5cc0f0>,113,1,[7 1],150,361,362,211,343
1,<environment.Job instance at 0x14ccda5dc050>,114,1,[1 8],151,372,373,221,344
1,<environment.Job instance at 0x14ccda5dc550>,115,2,[6 2],152,361,363,209,344
1,<environment.Job instance at 0x14ccda5dcaf0>,116,13,[2 9],153,373,386,220,357
1,<environment.Job instance at 0x14ccda5dc960>,117,1,[6 2],155,362,363,207,357
1,<environment.Job instance at 0x14ccda5dc2d0>,118,3,[8 2],156,363,366,207,357
1,<environment.Job instance at 0x14ccda5dc280>,119,2,[ 1 10],158,386,388,228,359
1,<environment.Job instance at 0x14ccda5dcd70>,120,13,[10  1],159,366,379,207,359
1,<environment.Job instance at 0x14ccda5dcd20>,121,1,[5 1],160,363,364,203,359
1,<environment.Job instance at 0x14ccda5dcdc0>,122,14,[2 9],161,388,402,227,373
1,<environment.Job instance at 0x14ccda5dc230>,123,2,[7 2],162,379,381,217,373
1,<environment.Job instance at 0x14ccda5dcb90>,124,3,[10  1],163,381,384,218,373
1,<environment.Job instance at 0x14ccda5dccd0>,125,3,[6 1],164,384,387,220,373
1,<environment.Job instance at 0x14ccda5dc190>,126,1,[13  1],165,387,388,222,373
1,<environment.Job instance at 0x14ccda61d6e0>,127,3,[2 7],166,402,405,236,376
1,<environment.Job instance at 0x14ccda61d050>,128,1,[5 1],167,379,380,212,376
1,<environment.Job instance at 0x14ccda61db40>,129,17,[1 8],168,402,419,234,390
1,<environment.Job instance at 0x14ccda61d5f0>,130,3,[5 2],169,390,393,221,390
1,<environment.Job instance at 0x14ccd73b1730>,3,22,[8 1],5,5,27,0,5
1,<environment.Job instance at 0x14ccd73b1960>,9,2,[2 9],12,12,14,0,12
1,<environment.Job instance at 0x14ccd73b1a50>,10,2,[2 7],13,14,16,1,13
1,<environment.Job instance at 0x14ccd73b1280>,11,18,[6 1],15,16,34,1,15
1,<environment.Job instance at 0x14ccd73b14b0>,12,15,[2 9],16,27,42,11,16
1,<environment.Job instance at 0x14ccd73b1050>,13,2,[10  1],17,34,36,17,17
1,<environment.Job instance at 0x14ccd73b1fa0>,14,22,[2 6],19,36,58,17,29
1,<environment.Job instance at 0x14ccd73b12d0>,16,16,[6 2],21,42,58,21,29
1,<environment.Job instance at 0x14ccdb69c8c0>,17,1,[6 1],22,29,30,7,29
1,<environment.Job instance at 0x14ccdb69c1e0>,18,2,[9 1],24,58,60,34,31
1,<environment.Job instance at 0x14ccdb69cb40>,19,19,[1 5],26,42,61,16,32
1,<environment.Job instance at 0x14ccdb69c870>,20,1,[8 1],27,60,61,33,32
1,<environment.Job instance at 0x14ccdb69c5f0>,21,1,[5 1],29,32,33,3,32
1,<environment.Job instance at 0x14ccdb69ce10>,22,2,[7 2],30,61,63,31,34
1,<environment.Job instance at 0x14ccdb69ce60>,23,3,[ 2 14],32,63,66,31,37
1,<environment.Job instance at 0x14ccdb69ca00>,24,3,[1 8],33,58,61,25,37
1,<environment.Job instance at 0x14ccdb69cb90>,25,1,[ 2 10],34,61,62,27,37
1,<environment.Job instance at 0x14ccdb69cf00>,26,2,[7 2],36,66,68,30,39
1,<environment.Job instance at 0x14ccdb69c960>,27,1,[6 1],37,42,43,5,39
1,<environment.Job instance at 0x14ccdb5b9d20>,28,2,[6 1],39,43,45,4,39
1,<environment.Job instance at 0x14ccdb5b9eb0>,29,17,[1 7],40,66,83,26,54
1,<environment.Job instance at 0x14ccdb5b9190>,30,15,[10  2],44,68,83,24,54
1,<environment.Job instance at 0x14ccdb5b9af0>,31,2,[7 2],45,66,68,21,54
1,<environment.Job instance at 0x14ccdb5b9d70>,32,1,[1 5],47,62,63,15,54
1,<environment.Job instance at 0x14ccdb5b9910>,33,14,[5 2],49,83,97,34,68
1,<environment.Job instance at 0x14ccdb5b95f0>,34,27,[5 1],50,83,110,33,81
1,<environment.Job instance at 0x14ccdb5b99b0>,35,15,[14  1],51,110,125,59,96
1,<environment.Job instance at 0x14ccdb5b9230>,36,2,[1 9],52,96,98,44,96
1,<environment.Job instance at 0x14ccdb5b9b90>,37,14,[1 6],53,98,112,45,96
1,<environment.Job instance at 0x14ccdb5b90a0>,38,1,[1 8],54,98,99,44,96
1,<environment.Job instance at 0x14ccdb5b9c30>,39,1,[2 9],56,125,126,69,97
1,<environment.Job instance at 0x14ccdb5b9f00>,40,2,[10  2],57,125,127,68,98
1,<environment.Job instance at 0x14ccdb5b9fa0>,41,1,[6 1],60,99,100,39,98
1,<environment.Job instance at 0x14ccda4bf230>,42,1,[7 2],62,100,101,38,98
1,<environment.Job instance at 0x14ccda4bf780>,43,2,[2 7],63,101,103,38,98
1,<environment.Job instance at 0x14ccda4bf8c0>,44,3,[2 5],64,103,106,39,98
1,<environment.Job instance at 0x14ccda4bf730>,45,25,[6 1],65,127,152,62,123
1,<environment.Job instance at 0x14ccda4bf140>,46,12,[5 2],67,126,138,59,123
1,<environment.Job instance at 0x14ccda4bf550>,47,1,[10  1],68,152,153,84,124
1,<environment.Job instance at 0x14ccda4bfeb0>,48,3,[10  1],71,153,156,82,127
1,<environment.Job instance at 0x14ccda4bfb40>,49,2,[ 2 10],72,127,129,55,127
1,<environment.Job instance at 0x14ccda4bfe60>,50,3,[9 2],73,138,141,65,127
1,<environment.Job instance at 0x14ccda4bf6e0>,51,1,[1 9],74,129,130,55,127
1,<environment.Job instance at 0x14ccda4bfa00>,52,1,[8 2],77,141,142,64,127
1,<environment.Job instance at 0x14ccda4bf820>,53,22,[2 5],79,142,164,63,135
1,<environment.Job instance at 0x14ccda4bf690>,54,1,[9 2],80,156,157,76,135
1,<environment.Job instance at 0x14ccda4bf0a0>,55,1,[10  1],81,157,158,76,135
1,<environment.Job instance at 0x14ccda4bf500>,56,26,[ 2 13],83,164,190,81,161
1,<environment.Job instance at 0x14ccda4bf280>,57,13,[7 2],84,161,174,77,161
1,<environment.Job instance at 0x14ccda4bfd20>,58,3,[6 2],86,161,164,75,161
1,<environment.Job instance at 0x14ccda4bf460>,59,2,[12  1],87,174,176,87,161
1,<environment.Job instance at 0x14ccda4bfcd0>,60,15,[2 5],89,190,205,101,177
1,<environment.Job instance at 0x14ccda4bfe10>,61,14,[7 1],90,177,191,87,177
1,<environment.Job instance at 0x14ccda4bf5f0>,62,2,[7 1],91,191,193,100,177
1,<environment.Job instance at 0x14ccda4bf410>,63,1,[8 1],92,193,194,101,177
1,<environment.Job instance at 0x14ccda1fa050>,64,2,[10  2],93,194,196,101,177
1,<environment.Job instance at 0x14ccda1fae60>,65,14,[9 1],94,196,210,102,181
1,<environment.Job instance at 0x14ccda1fa550>,66,3,[9 2],95,210,213,115,184
1,<environment.Job instance at 0x14ccda1faa00>,67,1,[6 2],97,190,191,93,184
1,<environment.Job instance at 0x14ccda1fa820>,68,2,[ 1 10],98,205,207,107,184
1,<environment.Job instance at 0x14ccda1fa7d0>,69,2,[2 7],99,191,193,92,184
1,<environment.Job instance at 0x14ccda1fa6e0>,70,3,[9 2],101,213,216,112,187
1,<environment.Job instance at 0x14ccd7960460>,71,3,[10  1],102,216,219,114,190
1,<environment.Job instance at 0x14ccd7960d70>,72,17,[1 8],108,207,224,99,195
1,<environment.Job instance at 0x14ccd7960410>,73,2,[8 2],110,219,221,109,195
1,<environment.Job instance at 0x14ccd7960b90>,74,17,[1 6],111,221,238,110,209
1,<environment.Job instance at 0x14ccd7960690>,75,3,[1 9],112,224,227,112,209
1,<environment.Job instance at 0x14ccd79601e0>,76,13,[2 9],116,227,240,111,211
1,<environment.Job instance at 0x14ccd79605a0>,77,2,[ 1 11],117,240,242,123,213
1,<environment.Job instance at 0x14ccd79600a0>,78,3,[2 8],118,242,245,124,216
1,<environment.Job instance at 0x14ccd79608c0>,79,1,[1 8],120,245,246,125,217
1,<environment.Job instance at 0x14ccd79602d0>,80,2,[2 9],121,246,248,125,219
1,<environment.Job instance at 0x14ccd7960780>,81,2,[8 2],122,238,240,116,219
1,<environment.Job instance at 0x14ccd7960280>,82,15,[10  1],123,240,255,117,226
1,<environment.Job instance at 0x14ccd7960cd0>,83,28,[5 2],124,248,276,124,247
1,<environment.Job instance at 0x14ccd7960820>,84,1,[8 2],125,255,256,130,247
1,<environment.Job instance at 0x14ccd7960730>,85,2,[ 1 10],126,255,257,129,247
1,<environment.Job instance at 0x14ccd7960dc0>,86,3,[ 2 14],127,276,279,149,250
1,<environment.Job instance at 0x14cd06643280>,87,1,[5 1],128,256,257,128,250
1,<environment.Job instance at 0x14cd066436e0>,88,2,[2 6],129,257,259,128,250
1,<environment.Job instance at 0x14cd066437d0>,89,1,[8 1],130,257,258,127,250
1,<environment.Job instance at 0x14cd066431e0>,90,1,[7 2],132,258,259,126,250
1,<environment.Job instance at 0x14cd06643c80>,91,12,[6 2],133,259,271,126,250
1,<environment.Job instance at 0x14cd06643cd0>,92,3,[1 7],134,259,262,125,250
1,<environment.Job instance at 0x14cd06643870>,93,2,[6 2],136,271,273,135,250
1,<environment.Job instance at 0x14cd06643d70>,94,3,[9 1],137,273,276,136,250
1,<environment.Job instance at 0x14cd06643fa0>,95,14,[7 1],138,276,290,138,261
1,<environment.Job instance at 0x14cd066435f0>,96,14,[ 2 10],139,279,293,140,264
1,<environment.Job instance at 0x14cd066433c0>,97,14,[9 2],140,290,304,150,275
1,<environment.Job instance at 0x14cd066435a0>,98,1,[1 9],141,275,276,134,275
1,<environment.Job instance at 0x14ccda1a2aa0>,99,16,[1 8],142,293,309,151,280
1,<environment.Job instance at 0x14ccda1a2870>,100,1,[6 1],143,280,281,137,280
1,<environment.Job instance at 0x14ccda1a2af0>,101,3,[5 2],144,281,284,137,280
1,<environment.Job instance at 0x14ccda1a2370>,102,16,[7 1],145,304,320,159,291
1,<environment.Job instance at 0x14ccda1a26e0>,103,2,[8 2],146,309,311,163,291
1,<environment.Job instance at 0x14ccda1a2190>,104,1,[9 2],147,320,321,173,292
1,<environment.Job instance at 0x14ccda1a2b40>,105,2,[1 7],148,311,313,163,292
1,<environment.Job instance at 0x14ccda1a2280>,106,26,[1 6],151,311,337,160,308
1,<environment.Job instance at 0x14ccda1a2a50>,107,16,[2 9],152,321,337,169,308
1,<environment.Job instance at 0x14ccda1a22d0>,108,23,[2 6],154,337,360,183,331
1,<environment.Job instance at 0x14ccda1a2640>,109,23,[9 1],156,337,360,181,331
1,<environment.Job instance at 0x14ccda1a2e60>,110,14,[ 1 10],157,360,374,203,345
1,<environment.Job instance at 0x14ccda1a2eb0>,111,1,[5 2],158,360,361,202,345
1,<environment.Job instance at 0x14cd0667ef00>,112,1,[8 2],159,360,361,201,345
1,<environment.Job instance at 0x14ccdb601a00>,113,2,[7 2],161,361,363,200,345
1,<environment.Job instance at 0x14cd0666deb0>,114,3,[6 1],163,361,364,198,345
1,<environment.Job instance at 0x14cd05a4ef50>,115,2,[10  1],164,364,366,200,345
1,<environment.Job instance at 0x14cd05a4ec80>,116,1,[9 1],165,366,367,201,345
1,<environment.Job instance at 0x14ccdba6dc30>,117,3,[5 1],166,366,369,200,345
1,<environment.Job instance at 0x14cd05a4e140>,118,3,[1 6],167,345,348,178,345
1,<environment.Job instance at 0x14cd05a4e960>,119,3,[12  1],169,369,372,200,345
1,<environment.Job instance at 0x14ccd73b18c0>,6,3,[2 5],9,393,396,384,393
1,<environment.Job instance at 0x14ccd73b1b90>,15,1,[ 1 14],20,1744,1745,1724,1744
1,<environment.Job instance at 0x14ccda214aa0>,11,16,[9 1],24,28,44,4,28
1,<environment.Job instance at 0x14ccda214280>,12,12,[7 2],26,44,56,18,28
1,<environment.Job instance at 0x14ccda214370>,13,15,[ 2 10],32,32,47,0,32
1,<environment.Job instance at 0x14cd0657d640>,14,2,[5 2],33,44,46,11,33
1,<environment.Job instance at 0x14ccdb6513c0>,15,2,[7 2],34,47,49,13,34
1,<environment.Job instance at 0x14ccda1915f0>,16,2,[5 2],36,49,51,13,36
1,<environment.Job instance at 0x14cd05a31910>,17,1,[ 2 10],37,49,50,12,37
1,<environment.Job instance at 0x14cd14d63050>,18,1,[6 2],38,46,47,8,38
1,<environment.Job instance at 0x14ccdb696dc0>,19,2,[ 1 12],39,51,53,12,39
1,<environment.Job instance at 0x14cd0657deb0>,20,16,[2 9],40,53,69,13,40
1,<environment.Job instance at 0x14ccdc93ff00>,21,2,[5 2],41,53,55,12,41
1,<environment.Job instance at 0x14ccdc93f910>,22,21,[5 1],42,55,76,13,47
1,<environment.Job instance at 0x14ccd761dc30>,23,3,[2 8],43,69,72,26,47
1,<environment.Job instance at 0x14ccdc93fc30>,24,3,[8 2],45,56,59,11,47
1,<environment.Job instance at 0x14ccdc93f870>,25,1,[ 2 10],46,50,51,4,47
1,<environment.Job instance at 0x14ccdc93faf0>,26,2,[1 6],47,47,49,0,47
1,<environment.Job instance at 0x14ccdb9bb910>,27,2,[8 1],48,59,61,11,48
1,<environment.Job instance at 0x14ccdb9bbcd0>,28,1,[2 7],50,72,73,22,50
1,<environment.Job instance at 0x14ccdb9bbb40>,29,2,[1 8],51,73,75,22,51
1,<environment.Job instance at 0x14ccdb9bb1e0>,30,13,[7 1],52,61,74,9,52
1,<environment.Job instance at 0x14ccdb9bb320>,31,3,[ 2 10],55,75,78,20,55
1,<environment.Job instance at 0x14ccdb9bb3c0>,32,2,[2 7],56,78,80,22,56
1,<environment.Job instance at 0x14ccdb9bb190>,33,22,[ 2 10],57,80,102,23,73
1,<environment.Job instance at 0x14ccd7680320>,34,2,[10  2],58,76,78,18,73
1,<environment.Job instance at 0x14ccd7680410>,35,2,[1 7],59,78,80,19,73
1,<environment.Job instance at 0x14ccd7680370>,36,3,[2 8],60,102,105,42,82
1,<environment.Job instance at 0x14ccd75c5a50>,37,2,[6 2],61,85,87,24,85
1,<environment.Job instance at 0x14ccd75c50f0>,38,1,[7 1],64,85,86,21,85
1,<environment.Job instance at 0x14ccd760a0a0>,39,2,[5 2],65,86,88,21,85
1,<environment.Job instance at 0x14ccd7657a00>,40,15,[1 9],66,105,120,39,91
1,<environment.Job instance at 0x14ccd7657690>,41,3,[6 1],67,91,94,24,91
1,<environment.Job instance at 0x14cd05a19820>,42,2,[ 1 10],68,120,122,52,93
1,<environment.Job instance at 0x14cd05a19be0>,43,1,[7 1],69,99,100,30,99
1,<environment.Job instance at 0x14cd05a19dc0>,44,1,[2 6],72,102,103,30,99
1,<environment.Job instance at 0x14ccda5128c0>,45,2,[10  2],73,100,102,27,99
1,<environment.Job instance at 0x14ccdb52fa00>,46,1,[5 1],74,99,100,25,99
1,<environment.Job instance at 0x14ccdb52f4b0>,47,2,[8 2],75,103,105,28,99
1,<environment.Job instance at 0x14ccdb52fd70>,48,1,[6 1],76,102,103,26,99
1,<environment.Job instance at 0x14ccdb52f050>,49,3,[8 1],78,105,108,27,99
1,<environment.Job instance at 0x14ccdb52ffa0>,50,15,[6 1],82,105,120,23,99
1,<environment.Job instance at 0x14ccda17acd0>,51,2,[8 2],83,108,110,25,99
1,<environment.Job instance at 0x14ccda195c80>,52,17,[10  1],86,120,137,34,108
1,<environment.Job instance at 0x14ccda195b40>,53,3,[2 6],87,122,125,35,108
1,<environment.Job instance at 0x14ccdb75d5a0>,54,2,[7 1],88,110,112,22,108
1,<environment.Job instance at 0x14ccd74da960>,55,21,[6 1],90,137,158,47,129
1,<environment.Job instance at 0x14ccd7210cd0>,56,3,[ 2 13],92,129,132,37,129
1,<environment.Job instance at 0x14ccda195a50>,57,14,[2 6],93,132,146,39,129
1,<environment.Job instance at 0x14ccda5b9230>,58,1,[ 2 10],94,146,147,52,129
1,<environment.Job instance at 0x14ccd96e0190>,59,2,[2 8],95,132,134,37,129
1,<environment.Job instance at 0x14ccda5b9e10>,60,1,[1 7],98,134,135,36,129
1,<environment.Job instance at 0x14ccd7288e60>,61,1,[1 7],100,135,136,35,129
1,<environment.Job instance at 0x14ccd77cfd20>,62,12,[2 8],101,147,159,46,130
1,<environment.Job instance at 0x14ccd77cf410>,63,27,[5 2],102,137,164,35,135
1,<environment.Job instance at 0x14ccd77cf2d0>,64,27,[1 9],103,159,186,56,157
1,<environment.Job instance at 0x14ccd77cff00>,65,1,[9 1],104,159,160,55,158
1,<environment.Job instance at 0x14ccd77cfcd0>,66,1,[ 2 10],105,186,187,81,158
1,<environment.Job instance at 0x14ccd77cf870>,67,12,[2 8],108,187,199,79,170
1,<environment.Job instance at 0x14ccd77cfa50>,68,3,[ 1 10],111,199,202,88,173
1,<environment.Job instance at 0x14ccd77cfc80>,69,1,[8 2],112,174,175,62,174
1,<environment.Job instance at 0x14ccd77cf050>,70,18,[9 1],113,175,193,62,174
1,<environment.Job instance at 0x14ccd77cf5f0>,71,2,[8 1],115,193,195,78,174
1,<environment.Job instance at 0x14ccd77cffa0>,72,13,[8 2],116,195,208,79,179
1,<environment.Job instance at 0x14ccd77cfdc0>,73,1,[7 1],117,202,203,85,179
1,<environment.Job instance at 0x14ccd77e0730>,74,1,[2 6],119,187,188,68,179
1,<environment.Job instance at 0x14ccd77e0d20>,75,3,[1 5],120,179,182,59,179
1,<environment.Job instance at 0x14ccd77e0fa0>,76,3,[8 2],123,208,211,85,182
1,<environment.Job instance at 0x14ccd77e05f0>,77,1,[1 7],124,203,204,79,182
1,<environment.Job instance at 0x14ccd77e0230>,78,3,[2 8],125,204,207,79,182
1,<environment.Job instance at 0x14ccd77e0af0>,79,2,[7 1],126,207,209,81,182
1,<environment.Job instance at 0x14ccd77e0370>,80,28,[1 6],127,209,237,82,208
1,<environment.Job instance at 0x14ccd7963af0>,81,1,[1 7],130,217,218,87,217
1,<environment.Job instance at 0x14ccd7963dc0>,82,21,[9 1],131,217,238,86,217
1,<environment.Job instance at 0x14ccd7963820>,83,16,[1 6],132,218,234,86,217
1,<environment.Job instance at 0x14ccd7963280>,84,15,[10  2],133,238,253,105,224
1,<environment.Job instance at 0x14ccd7963c80>,85,2,[5 1],135,234,236,99,224
1,<environment.Job instance at 0x14ccd79636e0>,86,2,[ 2 10],136,237,239,101,224
1,<environment.Job instance at 0x14ccd7963aa0>,87,3,[5 1],137,239,242,102,224
1,<environment.Job instance at 0x14ccd7963e60>,88,1,[1 9],139,242,243,103,224
1,<environment.Job instance at 0x14ccd7963140>,89,1,[2 7],140,236,237,96,224
1,<environment.Job instance at 0x14ccd7963e10>,90,2,[1 8],141,243,245,102,224
1,<environment.Job instance at 0x14ccd7963690>,91,1,[1 9],143,245,246,102,224
1,<environment.Job instance at 0x14ccd7963be0>,92,2,[ 2 10],145,246,248,101,224
1,<environment.Job instance at 0x14ccd7963780>,93,3,[9 1],146,253,256,107,227
1,<environment.Job instance at 0x14ccd79638c0>,94,12,[9 1],147,256,268,109,239
1,<environment.Job instance at 0x14ccd7963870>,95,20,[ 2 11],148,248,268,100,239
1,<environment.Job instance at 0x14ccd79635f0>,96,16,[9 2],150,268,284,118,255
1,<environment.Job instance at 0x14ccda5ff640>,97,3,[ 2 10],151,268,271,117,255
1,<environment.Job instance at 0x14ccda5ffe10>,98,15,[6 1],153,271,286,118,257
1,<environment.Job instance at 0x14ccda5ff3c0>,99,1,[9 2],154,284,285,130,257
1,<environment.Job instance at 0x14ccda5ff550>,100,1,[2 8],155,285,286,130,257
1,<environment.Job instance at 0x14ccda5fffa0>,101,1,[5 1],156,285,286,129,257
1,<environment.Job instance at 0x14ccda5ffbe0>,102,1,[8 1],158,286,287,128,258
1,<environment.Job instance at 0x14ccda5ff690>,103,1,[1 8],160,286,287,126,258
1,<environment.Job instance at 0x14ccda5ffb40>,104,1,[2 9],161,287,288,126,259
1,<environment.Job instance at 0x14ccda5ffc30>,105,3,[1 9],162,288,291,126,262
1,<environment.Job instance at 0x14ccda5ff5f0>,106,14,[ 1 10],164,291,305,127,276
1,<environment.Job instance at 0x14ccda5fff50>,107,1,[7 2],165,287,288,122,276
1,<environment.Job instance at 0x14ccda5ff370>,108,1,[10  1],166,288,289,122,276
1,<environment.Job instance at 0x14ccda5ff780>,109,3,[2 5],168,288,291,120,276
1,<environment.Job instance at 0x14ccda5ff910>,110,2,[6 2],169,286,288,117,277
1,<environment.Job instance at 0x14cd04048140>,7,26,[8 1],8,8,34,0,8
1,<environment.Job instance at 0x14cd05a137d0>,10,27,[6 1],11,11,38,0,11
1,<environment.Job instance at 0x14cd2c0e1870>,13,16,[5 2],14,34,50,20,26
1,<environment.Job instance at 0x14ccd7458f50>,17,17,[ 2 10],19,34,51,15,26
1,<environment.Job instance at 0x14ccda583f00>,20,1,[6 1],25,38,39,13,26
1,<environment.Job instance at 0x14cd07fc6fa0>,21,28,[14  1],28,51,79,23,50
1,<environment.Job instance at 0x14ccd6fdd140>,22,2,[1 7],29,51,53,22,50
1,<environment.Job instance at 0x14ccd6fdd410>,23,3,[7 1],30,79,82,49,53
1,<environment.Job instance at 0x14ccd6fdd5f0>,24,1,[6 1],31,79,80,48,53
1,<environment.Job instance at 0x14ccd7048f00>,25,15,[6 2],32,80,95,48,66
1,<environment.Job instance at 0x14ccd70485f0>,29,16,[2 7],37,79,95,42,66
1,<environment.Job instance at 0x14ccd7048370>,30,2,[1 8],39,66,68,27,66
1,<environment.Job instance at 0x14ccd7048690>,31,2,[1 5],40,68,70,28,66
1,<environment.Job instance at 0x14ccd7048aa0>,32,1,[1 5],41,70,71,29,66
1,<environment.Job instance at 0x14ccd7048820>,33,2,[9 1],42,95,97,53,68
1,<environment.Job instance at 0x14ccd7048280>,34,3,[9 2],43,97,100,54,71
1,<environment.Job instance at 0x14ccd6fff780>,35,17,[5 2],44,82,99,38,71
1,<environment.Job instance at 0x14ccd6fff6e0>,36,2,[2 6],46,99,101,53,72
1,<environment.Job instance at 0x14ccd6fffc80>,37,1,[ 1 10],47,72,73,25,72
1,<environment.Job instance at 0x14ccd6fff7d0>,38,1,[2 7],48,99,100,51,72
1,<environment.Job instance at 0x14ccd6fff280>,39,2,[2 6],49,100,102,51,73
1,<environment.Job instance at 0x14ccd6fffd20>,40,17,[5 2],50,100,117,50,88
1,<environment.Job instance at 0x14ccd6fff640>,41,2,[5 1],52,100,102,48,88
1,<environment.Job instance at 0x14ccd6d8c140>,42,2,[8 2],53,102,104,49,88
1,<environment.Job instance at 0x14cd142900f0>,43,2,[12  1],55,117,119,62,90
1,<environment.Job instance at 0x14ccd6d876e0>,44,14,[1 9],56,102,116,46,90
1,<environment.Job instance at 0x14cd07ff4f50>,45,1,[2 8],57,116,117,59,90
1,<environment.Job instance at 0x14ccd70a1a50>,46,18,[10  2],58,119,137,61,108
1,<environment.Job instance at 0x14cd07ff4d20>,47,12,[2 9],59,117,129,58,108
1,<environment.Job instance at 0x14ccd7164eb0>,48,15,[2 5],60,129,144,69,115
1,<environment.Job instance at 0x14ccd6f44af0>,49,3,[1 6],61,129,132,68,115
1,<environment.Job instance at 0x14ccd6f9dcd0>,50,2,[1 8],63,132,134,69,115
1,<environment.Job instance at 0x14ccd6e75370>,51,17,[7 1],64,137,154,73,125
1,<environment.Job instance at 0x14ccd6f9d820>,52,16,[8 2],65,144,160,79,131
1,<environment.Job instance at 0x14ccd6e752d0>,53,3,[1 5],68,134,137,66,131
1,<environment.Job instance at 0x14ccd6e75be0>,54,1,[10  1],69,160,161,91,132
1,<environment.Job instance at 0x14ccd6ec4500>,55,1,[10  2],70,161,162,91,133
1,<environment.Job instance at 0x14ccd6e75410>,56,16,[7 1],71,162,178,91,149
1,<environment.Job instance at 0x14ccd6f705a0>,57,1,[1 6],72,154,155,82,149
1,<environment.Job instance at 0x14ccd6f704b0>,58,14,[1 8],73,155,169,82,149
1,<environment.Job instance at 0x14ccd6e7a0f0>,59,2,[5 1],74,154,156,80,149
1,<environment.Job instance at 0x14ccd6e7acd0>,60,2,[7 2],75,162,164,87,149
1,<environment.Job instance at 0x14ccd6e7a690>,61,1,[1 6],76,154,155,78,149
1,<environment.Job instance at 0x14ccd7031e60>,62,3,[2 6],77,164,167,87,149
1,<environment.Job instance at 0x14ccd7031b40>,63,3,[1 9],78,169,172,91,149
1,<environment.Job instance at 0x14ccd70317d0>,64,3,[6 1],79,156,159,77,149
1,<environment.Job instance at 0x14ccd6d7abe0>,65,15,[6 1],85,167,182,82,153
1,<environment.Job instance at 0x14ccd6f9aaa0>,66,2,[7 1],86,178,180,92,153
1,<environment.Job instance at 0x14ccd7031730>,67,17,[8 1],87,180,197,93,168
1,<environment.Job instance at 0x14ccd70310a0>,68,1,[ 2 13],88,172,173,84,168
1,<environment.Job instance at 0x14ccdc908cd0>,69,2,[2 5],89,173,175,84,168
1,<environment.Job instance at 0x14ccdc908960>,70,3,[9 1],90,197,200,107,171
1,<environment.Job instance at 0x14ccd704b550>,71,16,[2 5],91,182,198,91,171
1,<environment.Job instance at 0x14ccd704bdc0>,72,1,[5 1],92,182,183,90,171
1,<environment.Job instance at 0x14cd07fcd960>,73,12,[ 1 10],93,198,210,105,181
1,<environment.Job instance at 0x14ccd709a0a0>,74,2,[1 7],94,183,185,89,181
1,<environment.Job instance at 0x14cd07fcdbe0>,75,1,[6 2],97,200,201,103,181
1,<environment.Job instance at 0x14cd052701e0>,76,3,[5 2],98,185,188,87,181
1,<environment.Job instance at 0x14ccdba31140>,77,15,[8 1],99,200,215,101,186
1,<environment.Job instance at 0x14ccdba31eb0>,78,3,[2 7],100,188,191,88,186
1,<environment.Job instance at 0x14ccd70465f0>,79,2,[8 2],102,215,217,113,188
1,<environment.Job instance at 0x14ccd70467d0>,80,14,[2 9],107,210,224,103,195
1,<environment.Job instance at 0x14cd14048eb0>,81,1,[5 2],109,195,196,86,195
1,<environment.Job instance at 0x14ccd7033be0>,82,13,[7 2],110,217,230,107,201
1,<environment.Job instance at 0x14cd14048e60>,83,1,[7 2],112,224,225,112,201
1,<environment.Job instance at 0x14ccd8c78d20>,84,1,[2 8],113,225,226,112,201
1,<environment.Job instance at 0x14ccd7046140>,85,2,[2 9],114,226,228,112,201
1,<environment.Job instance at 0x14ccd8c785a0>,86,3,[2 6],115,228,231,113,202
1,<environment.Job instance at 0x14ccd702c410>,87,2,[7 1],117,230,232,113,203
1,<environment.Job instance at 0x14ccd702c500>,88,1,[ 1 10],118,224,225,106,203
1,<environment.Job instance at 0x14ccd702cf00>,89,26,[2 5],119,228,254,109,225
1,<environment.Job instance at 0x14ccd6e82d70>,90,3,[1 9],121,231,234,110,225
1,<environment.Job instance at 0x14ccd6e82050>,91,17,[1 5],122,234,251,112,226
1,<environment.Job instance at 0x14ccd6d7dfa0>,92,3,[8 1],124,232,235,108,228
1,<environment.Job instance at 0x14ccd6d7d870>,93,1,[1 8],125,251,252,126,229
1,<environment.Job instance at 0x14ccd6e82140>,94,1,[10  2],129,235,236,106,229
1,<environment.Job instance at 0x14ccd7029c30>,95,2,[2 6],130,252,254,122,229
1,<environment.Job instance at 0x14ccd7029d20>,96,1,[1 5],131,236,237,105,229
1,<environment.Job instance at 0x14ccd6de5870>,97,3,[7 2],133,237,240,104,229
1,<environment.Job instance at 0x14ccd6de5780>,98,1,[2 8],134,254,255,120,229
1,<environment.Job instance at 0x14ccd6de5b90>,99,18,[1 7],136,254,272,118,243
1,<environment.Job instance at 0x14ccd6de5320>,100,3,[10  1],138,243,246,105,243
1,<environment.Job instance at 0x14ccd6de5280>,101,2,[ 2 13],139,272,274,133,245
1,<environment.Job instance at 0x14ccd6de55f0>,102,3,[7 2],141,246,249,105,245
1,<environment.Job instance at 0x14ccd6de5640>,103,28,[2 5],143,278,306,135,278
1,<environment.Job instance at 0x14ccd6de5e10>,104,15,[ 2 10],144,278,293,134,278
1,<environment.Job instance at 0x14ccd6de5dc0>,105,1,[1 9],145,293,294,148,278
1,<environment.Job instance at 0x14ccd6de5cd0>,106,3,[6 2],146,294,297,148,278
1,<environment.Job instance at 0x14ccd6de5af0>,107,16,[ 1 11],147,306,322,159,293
1,<environment.Job instance at 0x14ccd6de7500>,108,1,[2 6],148,294,295,146,293
1,<environment.Job instance at 0x14cd14019230>,109,1,[1 5],150,295,296,145,293
1,<environment.Job instance at 0x14cd14019780>,110,2,[2 8],151,296,298,145,293
1,<environment.Job instance at 0x14cd14019730>,111,24,[2 9],152,679,703,527,679
1,<environment.Job instance at 0x14ccd8c81fa0>,112,3,[2 5],155,683,686,528,683
1,<environment.Job instance at 0x14ccd8c81550>,113,18,[5 2],157,686,704,529,683
1,<environment.Job instance at 0x14ccd8c81140>,114,1,[1 6],158,703,704,545,683
1,<environment.Job instance at 0x14ccd8c81f00>,115,2,[2 6],160,703,705,543,683
1,<environment.Job instance at 0x14ccd8c815f0>,116,2,[6 2],161,686,688,525,683
1,<environment.Job instance at 0x14ccd8c81410>,117,3,[2 7],162,704,707,542,683
1,<environment.Job instance at 0x14ccd8c815a0>,118,1,[10  1],166,683,684,517,683
1,<environment.Job instance at 0x14ccd8c812d0>,119,3,[10  1],167,704,707,537,683
1,<environment.Job instance at 0x14ccd8c81a50>,120,2,[6 1],168,684,686,516,683
1,<environment.Job instance at 0x14ccd8c81aa0>,121,3,[1 5],169,705,708,536,683
1,<environment.Job instance at 0x14ccd8c59b90>,5,2,[7 2],6,6,8,0,6
1,<environment.Job instance at 0x14ccd8c59640>,6,13,[10  1],8,8,21,0,8
1,<environment.Job instance at 0x14ccd8c599b0>,7,3,[2 6],9,9,12,0,9
1,<environment.Job instance at 0x14ccd8c595f0>,8,2,[8 1],10,21,23,11,10
1,<environment.Job instance at 0x14ccd8c59460>,9,1,[6 2],11,21,22,10,11
1,<environment.Job instance at 0x14ccd6d7d910>,10,1,[9 1],12,23,24,11,12
1,<environment.Job instance at 0x14ccd8c59190>,11,1,[2 5],14,14,15,0,14
1,<environment.Job instance at 0x14ccd6d7d2d0>,12,3,[10  2],17,24,27,7,17
1,<environment.Job instance at 0x14ccd6d7dbe0>,13,1,[2 7],18,18,19,0,18
1,<environment.Job instance at 0x14ccd6d7d460>,14,2,[ 1 14],20,22,24,2,20
1,<environment.Job instance at 0x14ccdb5b0230>,15,1,[7 2],21,27,28,6,21
1,<environment.Job instance at 0x14ccdb5b0820>,16,3,[9 1],22,28,31,6,22
1,<environment.Job instance at 0x14ccdb5b0b90>,17,15,[6 1],23,27,42,4,23
1,<environment.Job instance at 0x14ccdb5b0e60>,18,1,[2 5],24,24,25,0,24
1,<environment.Job instance at 0x14cd05959870>,19,2,[1 5],26,26,28,0,26
1,<environment.Job instance at 0x14ccdb5b06e0>,20,3,[2 8],27,31,34,4,27
1,<environment.Job instance at 0x14ccdb5b0280>,21,17,[10  1],28,42,59,14,30
1,<environment.Job instance at 0x14ccdb5b0b40>,22,26,[5 2],29,31,57,2,30
1,<environment.Job instance at 0x14ccd8c6afa0>,23,1,[8 2],30,59,60,29,31
1,<environment.Job instance at 0x14ccd8c6a690>,24,2,[2 6],31,34,36,3,31
1,<environment.Job instance at 0x14ccd8c6a460>,25,3,[1 9],32,36,39,4,32
1,<environment.Job instance at 0x14ccdb9dd460>,26,2,[1 7],34,39,41,5,34
1,<environment.Job instance at 0x14ccdb9dd2d0>,27,3,[2 9],35,57,60,22,35
1,<environment.Job instance at 0x14ccdb9dd410>,28,2,[6 1],36,60,62,24,36
1,<environment.Job instance at 0x14ccdb9ddeb0>,29,1,[5 1],37,59,60,22,37
1,<environment.Job instance at 0x14ccdb9ddcd0>,30,16,[2 6],38,60,76,22,47
1,<environment.Job instance at 0x14ccdb9ddfa0>,31,2,[7 1],40,60,62,20,47
1,<environment.Job instance at 0x14ccdb9dda00>,32,14,[5 2],44,62,76,18,47
1,<environment.Job instance at 0x14ccd796b320>,33,1,[ 1 10],45,76,77,31,48
1,<environment.Job instance at 0x14ccdb9dde10>,34,3,[1 9],46,77,80,31,51
1,<environment.Job instance at 0x14ccd796b3c0>,35,2,[9 2],48,76,78,28,51
1,<environment.Job instance at 0x14ccd6e75910>,36,3,[2 7],49,62,65,13,51
1,<environment.Job instance at 0x14ccd6d44d70>,37,21,[10  2],52,78,99,26,70
1,<environment.Job instance at 0x14ccd6d44b90>,38,22,[2 9],53,80,102,27,73
1,<environment.Job instance at 0x14ccd6d44a00>,39,3,[1 7],55,73,76,18,73
1,<environment.Job instance at 0x14ccd7662370>,40,14,[2 5],57,99,113,42,84
1,<environment.Job instance at 0x14ccd6d44e60>,41,13,[1 5],61,102,115,41,86
1,<environment.Job instance at 0x14ccd6d448c0>,42,2,[6 1],63,99,101,36,86
1,<environment.Job instance at 0x14ccd72f5c80>,43,1,[ 1 12],64,115,116,51,87
1,<environment.Job instance at 0x14ccd72f5f50>,44,1,[10  2],65,102,103,37,87
1,<environment.Job instance at 0x14ccd72f5690>,45,3,[2 9],66,116,119,50,90
1,<environment.Job instance at 0x14ccda5212d0>,46,13,[2 9],67,119,132,52,103
1,<environment.Job instance at 0x14ccda5217d0>,47,12,[5 2],69,103,115,34,103
1,<environment.Job instance at 0x14ccd8117780>,48,1,[9 1],70,113,114,43,103
1,<environment.Job instance at 0x14ccdb6976e0>,49,20,[9 1],71,114,134,43,105
1,<environment.Job instance at 0x14ccd72f6410>,50,3,[5 1],73,105,108,32,105
1,<environment.Job instance at 0x14ccd6d68190>,51,2,[13  1],74,134,136,60,107
1,<environment.Job instance at 0x14ccd7471320>,52,1,[12  2],75,136,137,61,108
1,<environment.Job instance at 0x14ccd7471820>,53,1,[5 1],76,108,109,32,108
1,<environment.Job instance at 0x14ccd74a4410>,54,3,[8 1],77,137,140,60,111
1,<environment.Job instance at 0x14ccd7c37870>,55,2,[6 2],78,111,113,33,111
1,<environment.Job instance at 0x14ccd7c37500>,56,3,[9 2],79,140,143,61,114
1,<environment.Job instance at 0x14ccd6d45f50>,57,2,[1 6],86,132,134,46,114
1,<environment.Job instance at 0x14ccdb5ebcd0>,58,18,[8 1],88,143,161,55,132
1,<environment.Job instance at 0x14ccd6ec4c30>,59,2,[2 8],90,132,134,42,132
1,<environment.Job instance at 0x14ccda58e9b0>,60,1,[7 1],93,137,138,44,132
1,<environment.Job instance at 0x14ccd6ec45a0>,61,2,[2 6],94,134,136,40,132
1,<environment.Job instance at 0x14ccd7343d20>,62,3,[6 2],96,138,141,42,132
1,<environment.Job instance at 0x14ccd7343050>,63,12,[2 9],97,141,153,44,132
1,<environment.Job instance at 0x14ccd7343960>,64,2,[5 1],98,143,145,45,132
1,<environment.Job instance at 0x14ccd8c63230>,65,3,[9 1],99,161,164,62,135
1,<environment.Job instance at 0x14ccd8c63fa0>,66,1,[7 2],100,153,154,53,135
1,<environment.Job instance at 0x14ccd8c63320>,67,17,[6 2],102,154,171,52,142
1,<environment.Job instance at 0x14ccd8c63f50>,68,3,[9 2],104,164,167,60,142
1,<environment.Job instance at 0x14ccd8c63410>,69,2,[2 5],105,145,147,40,142
1,<environment.Job instance at 0x14ccd8c63a00>,70,1,[1 9],106,154,155,48,142
1,<environment.Job instance at 0x14ccd8c63460>,71,3,[1 7],107,155,158,48,142
1,<environment.Job instance at 0x14ccd8c63730>,72,1,[1 8],108,158,159,50,142
1,<environment.Job instance at 0x14ccd72fd280>,73,20,[7 2],109,167,187,58,158
1,<environment.Job instance at 0x14ccd72fd7d0>,74,1,[1 9],110,159,160,49,158
1,<environment.Job instance at 0x14ccd72fd5f0>,75,2,[2 6],111,167,169,56,158
1,<environment.Job instance at 0x14ccd7480910>,76,3,[ 2 10],112,169,172,57,158
1,<environment.Job instance at 0x14ccd7480a00>,77,13,[2 8],113,172,185,59,158
1,<environment.Job instance at 0x14ccd7480be0>,78,1,[8 1],116,185,186,69,158
1,<environment.Job instance at 0x14ccd74801e0>,79,3,[1 6],117,186,189,69,160
1,<environment.Job instance at 0x14ccd7480aa0>,80,2,[1 6],118,186,188,68,160
1,<environment.Job instance at 0x14ccd7480b90>,81,1,[2 5],119,172,173,53,160
1,<environment.Job instance at 0x14ccd7480280>,82,14,[ 2 10],120,189,203,69,174
1,<environment.Job instance at 0x14ccd7480640>,83,1,[ 1 13],121,203,204,82,175
1,<environment.Job instance at 0x14cd2c0ef050>,84,12,[ 1 14],122,204,216,82,187
1,<environment.Job instance at 0x14cd2c0ef0f0>,85,1,[5 2],123,187,188,64,187
1,<environment.Job instance at 0x14ccda22b230>,86,12,[2 9],124,216,228,92,199
1,<environment.Job instance at 0x14ccda5685a0>,87,1,[11  1],133,199,200,66,199
1,<environment.Job instance at 0x14ccda568b40>,88,2,[5 1],134,200,202,66,199
1,<environment.Job instance at 0x14ccda568eb0>,89,2,[1 6],135,216,218,81,199
1,<environment.Job instance at 0x14ccda568e10>,90,2,[1 8],136,228,230,92,201
1,<environment.Job instance at 0x14ccda568910>,91,1,[6 1],137,201,202,64,201
1,<environment.Job instance at 0x14ccda568500>,92,18,[10  2],139,218,236,79,207
1,<environment.Job instance at 0x14ccda568aa0>,93,1,[6 1],140,207,208,67,207
1,<environment.Job instance at 0x14ccda568190>,94,1,[2 9],141,230,231,89,207
1,<environment.Job instance at 0x14ccda568c30>,95,1,[1 5],142,228,229,86,207
1,<environment.Job instance at 0x14ccda568140>,96,16,[ 2 10],143,231,247,88,218
1,<environment.Job instance at 0x14ccd6cfef00>,97,3,[5 1],144,236,239,92,218
1,<environment.Job instance at 0x14ccd6cfedc0>,98,3,[1 7],145,247,250,102,221
1,<environment.Job instance at 0x14ccd6cfeb40>,99,3,[10  2],147,239,242,92,221
1,<environment.Job instance at 0x14ccd6cfe910>,100,17,[9 2],149,242,259,93,230
1,<environment.Job instance at 0x14ccd6cfe500>,101,2,[9 2],151,259,261,108,232
1,<environment.Job instance at 0x14ccd6cfe8c0>,102,2,[2 7],155,250,252,95,232
1,<environment.Job instance at 0x14ccd6cfee60>,103,1,[8 1],156,236,237,80,232
1,<environment.Job instance at 0x14ccd6cfec30>,104,15,[7 1],157,261,276,104,247
1,<environment.Job instance at 0x14ccd6cfe4b0>,105,1,[1 8],158,252,253,94,247
1,<environment.Job instance at 0x14ccd7821870>,106,12,[7 2],159,261,273,102,247
1,<environment.Job instance at 0x14ccd7821cd0>,107,13,[1 9],160,253,266,93,247
1,<environment.Job instance at 0x14ccd78214b0>,108,2,[7 2],161,273,275,112,247
1,<environment.Job instance at 0x14ccd7821230>,109,1,[ 2 10],162,275,276,113,247
1,<environment.Job instance at 0x14ccd7821640>,110,16,[1 7],163,276,292,113,263
1,<environment.Job instance at 0x14ccd7821780>,111,17,[5 2],165,275,292,110,263
1,<environment.Job instance at 0x14ccd7821320>,112,3,[10  1],167,292,295,125,266
1,<environment.Job instance at 0x14ccd7821e60>,113,1,[9 2],168,276,277,108,266
1,<environment.Job instance at 0x14ccd7821af0>,114,17,[8 1],169,295,312,126,283
1,<environment.Job instance at 0x14cd059782d0>,7,2,[5 1],10,92,94,82,92
1,<environment.Job instance at 0x14cd05978500>,8,3,[ 2 10],12,92,95,80,92
1,<environment.Job instance at 0x14ccdb5b9f00>,9,2,[2 8],13,95,97,82,92
1,<environment.Job instance at 0x14cd05978230>,10,2,[8 1],14,92,94,78,92
1,<environment.Job instance at 0x14ccdb5b9550>,11,3,[2 8],17,97,100,80,92
1,<environment.Job instance at 0x14ccdb5b9af0>,12,3,[9 1],18,94,97,76,92
1,<environment.Job instance at 0x14ccdb5b9b90>,13,3,[2 9],20,100,103,80,92
1,<environment.Job instance at 0x14ccdb5b91e0>,14,2,[10  2],21,97,99,76,92
1,<environment.Job instance at 0x14ccdb5b9190>,15,2,[ 1 10],22,103,105,81,92
1,<environment.Job instance at 0x14ccdb5b9a50>,16,3,[ 1 10],24,105,108,81,92
1,<environment.Job instance at 0x14ccdb5b9be0>,17,1,[9 2],25,99,100,74,92
1,<environment.Job instance at 0x14ccdb5b9280>,18,1,[7 2],26,100,101,74,92
1,<environment.Job instance at 0x14ccdb5b95f0>,19,2,[5 2],27,100,102,73,92
1,<environment.Job instance at 0x14ccd8c71280>,20,3,[14  2],28,103,106,75,92
1,<environment.Job instance at 0x14ccd8c71aa0>,21,2,[1 7],31,108,110,77,92
1,<environment.Job instance at 0x14ccd8c711e0>,22,2,[2 6],32,95,97,63,92
1,<environment.Job instance at 0x14ccd8c715a0>,23,3,[6 1],34,106,109,72,92
1,<environment.Job instance at 0x14ccd8c710a0>,24,16,[ 2 10],35,110,126,75,97
1,<environment.Job instance at 0x14ccd8c71910>,25,2,[5 1],37,101,103,64,97
1,<environment.Job instance at 0x14ccda2713c0>,26,3,[6 1],38,106,109,68,97
1,<environment.Job instance at 0x14ccd8c71af0>,27,1,[10  1],39,109,110,70,97
1,<environment.Job instance at 0x14ccda271dc0>,28,15,[7 1],40,110,125,70,97
1,<environment.Job instance at 0x14ccda271780>,29,3,[ 2 10],41,126,129,85,100
1,<environment.Job instance at 0x14ccda271eb0>,30,17,[2 9],43,129,146,86,117
1,<environment.Job instance at 0x14ccda271aa0>,31,1,[9 2],44,126,127,82,126
1,<environment.Job instance at 0x14ccda271370>,32,3,[2 9],45,146,149,101,126
1,<environment.Job instance at 0x14ccda2719b0>,33,3,[2 5],46,128,131,82,128
1,<environment.Job instance at 0x14ccda2710a0>,34,3,[1 7],47,149,152,102,128
1,<environment.Job instance at 0x14ccda2711e0>,35,2,[2 6],48,132,134,84,132
1,<environment.Job instance at 0x14ccda271140>,36,2,[5 2],49,134,136,85,132
1,<environment.Job instance at 0x14ccda271190>,37,12,[ 1 10],50,152,164,102,135
1,<environment.Job instance at 0x14ccd76ed050>,38,2,[1 5],51,136,138,85,135
1,<environment.Job instance at 0x14ccd76ed3c0>,39,12,[5 1],52,135,147,83,135
1,<environment.Job instance at 0x14ccd76ed780>,40,1,[10  1],53,147,148,94,135
1,<environment.Job instance at 0x14ccd76ed140>,41,3,[1 7],55,149,152,94,135
1,<environment.Job instance at 0x14ccd76edcd0>,42,1,[10  2],57,148,149,91,135
1,<environment.Job instance at 0x14ccd76eda50>,43,1,[6 1],59,138,139,79,135
1,<environment.Job instance at 0x14ccdb4f5320>,44,13,[1 6],60,164,177,104,148
1,<environment.Job instance at 0x14ccd76ed7d0>,45,2,[1 8],61,164,166,103,148
1,<environment.Job instance at 0x14ccdb4f5d20>,46,17,[6 1],62,149,166,87,148
1,<environment.Job instance at 0x14ccdb4f52d0>,47,1,[8 1],63,152,153,89,148
1,<environment.Job instance at 0x14ccdb4f5fa0>,48,3,[1 6],64,166,169,102,148
1,<environment.Job instance at 0x14ccdb4f5a50>,49,2,[1 9],67,169,171,102,148
1,<environment.Job instance at 0x14ccda27deb0>,50,17,[2 7],68,171,188,103,159
1,<environment.Job instance at 0x14ccda27d5a0>,51,12,[5 1],69,171,183,102,159
1,<environment.Job instance at 0x14ccda27d6e0>,52,16,[1 7],71,177,193,106,164
1,<environment.Job instance at 0x14ccd7c45cd0>,53,3,[2 6],72,188,191,116,164
1,<environment.Job instance at 0x14ccda27d0a0>,54,17,[6 1],75,183,200,108,171
1,<environment.Job instance at 0x14cd05903230>,55,3,[2 8],76,193,196,117,171
1,<environment.Job instance at 0x14ccde1897d0>,56,2,[9 1],78,196,198,118,171
1,<environment.Job instance at 0x14ccda27d460>,57,12,[5 2],79,198,210,119,181
1,<environment.Job instance at 0x14ccde189b40>,58,1,[1 9],80,198,199,118,181
1,<environment.Job instance at 0x14cd066fb640>,59,1,[1 5],81,191,192,110,181
1,<environment.Job instance at 0x14cd059c8140>,60,26,[2 7],82,199,225,117,196
1,<environment.Job instance at 0x14cd066fbd20>,61,3,[2 8],83,210,213,127,196
1,<environment.Job instance at 0x14cd059c82d0>,62,3,[2 9],84,225,228,141,199
1,<environment.Job instance at 0x14cd06581820>,63,15,[8 1],86,213,228,127,199
1,<environment.Job instance at 0x14cd058f27d0>,64,1,[2 7],87,213,214,126,199
1,<environment.Job instance at 0x14ccda2dfe60>,65,1,[7 2],88,200,201,112,199
1,<environment.Job instance at 0x14cd0669c7d0>,66,25,[1 7],89,228,253,139,224
1,<environment.Job instance at 0x14cd065810a0>,67,1,[ 2 10],90,253,254,163,233
1,<environment.Job instance at 0x14ccd814ba00>,68,2,[2 5],91,233,235,142,233
1,<environment.Job instance at 0x14ccd776cb40>,69,15,[7 2],92,233,248,141,233
1,<environment.Job instance at 0x14cd040184b0>,70,1,[7 2],95,235,236,140,233
1,<environment.Job instance at 0x14cd04018c30>,71,1,[1 8],96,248,249,152,233
1,<environment.Job instance at 0x14ccd8c86b90>,72,2,[1 7],97,249,251,152,233
1,<environment.Job instance at 0x14ccd8c866e0>,73,22,[ 1 10],98,254,276,156,247
1,<environment.Job instance at 0x14ccd8c86280>,74,2,[1 6],99,251,253,152,247
1,<environment.Job instance at 0x14cd0529e870>,75,1,[14  1],101,254,255,153,247
1,<environment.Job instance at 0x14cd0529edc0>,76,3,[10  1],102,249,252,147,247
1,<environment.Job instance at 0x14ccd789b0a0>,77,3,[10  1],103,255,258,152,247
1,<environment.Job instance at 0x14ccd72d4640>,78,1,[8 1],104,252,253,148,247
1,<environment.Job instance at 0x14ccd72d4190>,79,17,[7 2],106,258,275,152,247
1,<environment.Job instance at 0x14ccd72d40a0>,80,13,[2 5],107,275,288,168,259
1,<environment.Job instance at 0x14ccd72d42d0>,81,2,[6 1],109,259,261,150,259
1,<environment.Job instance at 0x14ccd72d41e0>,82,16,[6 1],110,276,292,166,263
1,<environment.Job instance at 0x14ccd72d45f0>,83,1,[ 1 10],112,288,289,176,263
1,<environment.Job instance at 0x14ccdc924eb0>,84,3,[9 1],114,289,292,175,263
1,<environment.Job instance at 0x14ccdc9245f0>,85,1,[8 2],116,288,289,172,263
1,<environment.Job instance at 0x14ccd76f7c80>,86,3,[1 5],117,276,279,159,263
1,<environment.Job instance at 0x14ccd76f75f0>,87,1,[10  1],119,292,293,173,264
1,<environment.Job instance at 0x14ccd76f7b40>,88,3,[8 1],120,293,296,173,267
1,<environment.Job instance at 0x14ccd76f7d20>,89,2,[8 1],121,296,298,175,269
1,<environment.Job instance at 0x14ccd76f7c30>,90,1,[5 2],122,269,270,147,269
1,<environment.Job instance at 0x14ccd76f76e0>,91,3,[1 7],123,279,282,156,269
1,<environment.Job instance at 0x14ccd76f75a0>,92,2,[5 1],124,270,272,146,269
1,<environment.Job instance at 0x14ccd76f7910>,93,17,[1 5],126,292,309,166,280
1,<environment.Job instance at 0x14ccd76f7dc0>,94,2,[5 2],127,280,282,153,280
1,<environment.Job instance at 0x14cd05a76af0>,95,1,[1 5],128,282,283,154,280
1,<environment.Job instance at 0x14cd05a76820>,96,1,[8 2],129,298,299,169,280
1,<environment.Job instance at 0x14cd05a762d0>,97,2,[7 1],130,283,285,153,280
1,<environment.Job instance at 0x14cd05a76550>,98,1,[10  1],131,299,300,168,280
1,<environment.Job instance at 0x14cd05a76320>,99,2,[ 1 10],132,300,302,168,280
1,<environment.Job instance at 0x14cd05a76cd0>,100,2,[1 8],133,285,287,152,280
1,<environment.Job instance at 0x14cd05a760a0>,101,3,[2 5],134,292,295,158,280
1,<environment.Job instance at 0x14cd05a768c0>,102,18,[10  1],135,302,320,167,291
1,<environment.Job instance at 0x14ccd77076e0>,103,2,[7 1],136,320,322,184,293
1,<environment.Job instance at 0x14ccd7707320>,104,15,[2 7],137,302,317,165,293
1,<environment.Job instance at 0x14ccd7707a00>,105,1,[2 5],138,295,296,157,293
1,<environment.Job instance at 0x14ccda4d45f0>,106,3,[ 1 11],141,317,320,176,293
1,<environment.Job instance at 0x14ccd7046e10>,107,2,[1 9],142,296,298,154,293
1,<environment.Job instance at 0x14ccd7707b90>,108,2,[2 5],143,298,300,155,293
1,<environment.Job instance at 0x14cd06656460>,109,3,[1 5],146,309,312,163,293
1,<environment.Job instance at 0x14ccd70468c0>,110,1,[8 1],147,320,321,173,293
1,<environment.Job instance at 0x14ccd735a230>,111,2,[8 2],148,321,323,173,294
1,<environment.Job instance at 0x14ccd735a0a0>,112,14,[9 2],149,323,337,174,308
1,<environment.Job instance at 0x14ccd735ae60>,113,2,[5 2],150,322,324,172,308
1,<environment.Job instance at 0x14ccd735a3c0>,114,3,[1 5],151,312,315,161,308
1,<environment.Job instance at 0x14ccd735a7d0>,115,1,[1 5],153,315,316,162,308
1,<environment.Job instance at 0x14ccd735af00>,116,16,[8 1],154,337,353,183,324
1,<environment.Job instance at 0x14ccd735a460>,117,14,[2 8],155,324,338,169,324
1,<environment.Job instance at 0x14ccd735a870>,118,15,[8 2],156,354,369,198,354
1,<environment.Job instance at 0x14ccd735ae10>,119,3,[1 7],158,354,357,196,354
1,<environment.Job instance at 0x14ccd735a780>,120,3,[7 1],159,357,360,198,354
1,<environment.Job instance at 0x14cd0660cd70>,121,2,[2 7],160,360,362,200,354
1,<environment.Job instance at 0x14cd0660c230>,122,14,[ 2 10],161,362,376,201,354
1,<environment.Job instance at 0x14cd0660ce60>,123,1,[1 9],162,376,377,214,354
1,<environment.Job instance at 0x14cd0660c550>,124,18,[5 2],163,360,378,197,354
1,<environment.Job instance at 0x14cd0660c7d0>,125,2,[1 8],165,377,379,212,354
1,<environment.Job instance at 0x14cd0660cf50>,126,16,[1 6],166,378,394,212,365
1,<environment.Job instance at 0x14cd0660c8c0>,127,3,[2 6],168,379,382,211,367
1,<environment.Job instance at 0x14cd0660c870>,128,14,[10  1],169,378,392,209,367
1,<environment.Job instance at 0x14cd06342820>,9,23,[1 5],14,14,37,0,14
1,<environment.Job instance at 0x14cd06342be0>,15,2,[2 8],20,20,22,0,20
1,<environment.Job instance at 0x14cd06342cd0>,16,3,[7 1],21,21,24,0,21
1,<environment.Job instance at 0x14cd06342e60>,17,3,[8 2],22,24,27,2,22
1,<environment.Job instance at 0x14ccd8c90a00>,18,2,[10  1],24,27,29,3,24
1,<environment.Job instance at 0x14ccd8c90c30>,19,22,[5 1],26,29,51,3,26
1,<environment.Job instance at 0x14ccd8c900f0>,20,14,[9 2],29,30,44,1,30
1,<environment.Job instance at 0x14ccd8c90190>,22,3,[1 5],32,37,40,5,32
1,<environment.Job instance at 0x14ccd8c90140>,23,2,[5 2],33,44,46,11,33
1,<environment.Job instance at 0x14ccd8c90690>,24,13,[8 1],35,46,59,11,35
1,<environment.Job instance at 0x14ccd8c90820>,25,1,[7 2],36,51,52,15,36
1,<environment.Job instance at 0x14ccd8c90c80>,26,2,[2 8],37,44,46,7,37
1,<environment.Job instance at 0x14ccd8c90e60>,27,12,[9 1],38,59,71,21,42
1,<environment.Job instance at 0x14cd2e313820>,28,3,[9 2],40,71,74,31,45
1,<environment.Job instance at 0x14ccd8c90960>,29,1,[ 2 10],41,46,47,5,45
1,<environment.Job instance at 0x14ccd8c907d0>,30,2,[6 2],42,52,54,10,45
1,<environment.Job instance at 0x14ccd8c90af0>,31,1,[1 5],44,47,48,3,45
1,<environment.Job instance at 0x14ccd75dce10>,32,2,[5 2],45,54,56,9,45
1,<environment.Job instance at 0x14ccd75dcfa0>,33,2,[8 1],46,74,76,28,47
1,<environment.Job instance at 0x14ccd75dcaf0>,34,2,[8 1],47,76,78,29,49
1,<environment.Job instance at 0x14ccda3f5b90>,35,17,[ 2 10],48,54,71,6,49
1,<environment.Job instance at 0x14ccda3f5730>,36,3,[10  2],49,78,81,29,52
1,<environment.Job instance at 0x14ccda3f5e10>,37,18,[2 5],50,71,89,21,60
1,<environment.Job instance at 0x14ccda3f5370>,38,3,[2 7],51,71,74,20,60
1,<environment.Job instance at 0x14ccda3f5f00>,39,18,[ 2 11],52,89,107,37,78
1,<environment.Job instance at 0x14ccda3f5230>,40,2,[1 6],53,78,80,25,78
1,<environment.Job instance at 0x14ccda3f5910>,41,16,[1 9],54,107,123,53,94
1,<environment.Job instance at 0x14cd14e28cd0>,43,13,[8 1],56,95,108,39,95
1,<environment.Job instance at 0x14ccda3f5cd0>,44,1,[6 1],57,107,108,50,95
1,<environment.Job instance at 0x14cd066d29b0>,45,2,[ 1 10],58,123,125,65,96
1,<environment.Job instance at 0x14cd066d2320>,46,1,[5 1],59,97,98,38,97
1,<environment.Job instance at 0x14cd066d2780>,47,3,[5 2],60,98,101,38,97
1,<environment.Job instance at 0x14cd066d2960>,48,17,[6 2],64,108,125,44,97
1,<environment.Job instance at 0x14cd066d2c30>,49,3,[5 2],65,101,104,36,97
1,<environment.Job instance at 0x14cd066d2370>,50,15,[10  2],66,125,140,59,111
1,<environment.Job instance at 0x14cd066d2e60>,51,2,[8 2],67,111,113,44,111
1,<environment.Job instance at 0x14cd0632cfa0>,52,2,[11  1],68,140,142,72,113
1,<environment.Job instance at 0x14cd0632c050>,53,1,[8 2],69,113,114,44,113
1,<environment.Job instance at 0x14cd0632c960>,54,12,[1 8],70,125,137,55,113
1,<environment.Job instance at 0x14cd06342730>,13,2,[7 1],18,142,144,124,135
1,<environment.Job instance at 0x14cd0632c0a0>,55,28,[ 2 10],71,137,165,66,136
1,<environment.Job instance at 0x14cd0632c5a0>,57,14,[2 5],76,144,158,68,136
1,<environment.Job instance at 0x14cd0632c910>,58,2,[1 8],77,165,167,88,138
1,<environment.Job instance at 0x14cd0632cb90>,59,1,[5 1],78,142,143,64,138
1,<environment.Job instance at 0x14ccd749e0a0>,60,14,[1 7],79,165,179,86,150
1,<environment.Job instance at 0x14ccd749ee60>,61,2,[8 1],81,158,160,77,150
1,<environment.Job instance at 0x14ccd749e7d0>,62,2,[6 2],83,160,162,77,150
1,<environment.Job instance at 0x14ccd749eaa0>,63,2,[1 5],84,162,164,78,150
1,<environment.Job instance at 0x14ccd749e5f0>,64,2,[9 2],85,167,169,82,150
1,<environment.Job instance at 0x14ccd749e1e0>,65,1,[9 1],88,164,165,76,150
1,<environment.Job instance at 0x14ccd749ed70>,66,2,[9 1],89,169,171,80,150
1,<environment.Job instance at 0x14ccd749edc0>,67,2,[6 2],90,160,162,70,150
1,<environment.Job instance at 0x14ccd749e820>,68,2,[2 9],92,179,181,87,152
1,<environment.Job instance at 0x14ccd749e4b0>,69,17,[2 9],93,181,198,88,169
1,<environment.Job instance at 0x14ccd749ea00>,70,3,[7 1],94,171,174,77,169
1,<environment.Job instance at 0x14ccd6ccaa50>,71,2,[ 1 10],95,198,200,103,171
1,<environment.Job instance at 0x14ccd6ccaeb0>,72,2,[ 1 11],97,200,202,103,173
1,<environment.Job instance at 0x14ccd6cca780>,73,2,[1 8],98,202,204,104,178
1,<environment.Job instance at 0x14ccd6ccacd0>,74,16,[ 1 12],99,204,220,105,191
1,<environment.Job instance at 0x14ccd6ccab90>,75,1,[1 5],100,191,192,91,191
1,<environment.Job instance at 0x14ccd6ccabe0>,76,3,[2 8],101,220,223,119,194
1,<environment.Job instance at 0x14ccd6cca550>,77,12,[7 2],102,194,206,92,194
1,<environment.Job instance at 0x14ccd6ccad70>,78,1,[2 5],104,202,203,98,194
1,<environment.Job instance at 0x14ccd735e410>,79,17,[ 1 10],106,223,240,117,211
1,<environment.Job instance at 0x14ccd735e7d0>,80,3,[1 6],109,220,223,111,220
1,<environment.Job instance at 0x14ccd735ecd0>,81,3,[2 6],110,240,243,130,220
1,<environment.Job instance at 0x14ccd735e230>,82,3,[2 5],111,223,226,112,220
1,<environment.Job instance at 0x14ccd735ec80>,83,16,[7 2],112,226,242,114,220
1,<environment.Job instance at 0x14ccd735e0a0>,84,12,[9 1],113,242,254,129,225
1,<environment.Job instance at 0x14ccd735e8c0>,85,3,[7 2],115,226,229,111,225
1,<environment.Job instance at 0x14ccd735e550>,86,3,[1 6],117,240,243,123,225
1,<environment.Job instance at 0x14ccd735e500>,87,2,[1 6],119,243,245,124,225
1,<environment.Job instance at 0x14ccd735ee10>,88,2,[8 1],123,254,256,131,227
1,<environment.Job instance at 0x14ccda12e0f0>,89,3,[9 2],124,256,259,132,230
1,<environment.Job instance at 0x14ccda12e500>,90,1,[2 8],126,243,244,117,230
1,<environment.Job instance at 0x14ccda12ed70>,91,2,[10  1],127,259,261,132,232
1,<environment.Job instance at 0x14ccda12e140>,92,13,[1 8],128,244,257,116,232
1,<environment.Job instance at 0x14ccda12e5f0>,93,3,[5 1],130,232,235,102,232
1,<environment.Job instance at 0x14ccda12e320>,94,26,[5 2],132,245,271,113,242
1,<environment.Job instance at 0x14ccda12e280>,95,2,[7 2],134,261,263,127,242
1,<environment.Job instance at 0x14ccda12e370>,96,12,[2 8],135,261,273,126,244
1,<environment.Job instance at 0x14ccda12e8c0>,97,14,[10  2],136,271,285,135,256
1,<environment.Job instance at 0x14ccda569050>,98,3,[2 6],137,273,276,136,256
1,<environment.Job instance at 0x14ccda2001e0>,99,12,[6 1],140,285,297,145,268
1,<environment.Job instance at 0x14ccda287fa0>,100,18,[1 6],141,273,291,132,268
1,<environment.Job instance at 0x14ccda287280>,101,14,[9 2],143,291,305,148,276
1,<environment.Job instance at 0x14ccda287f50>,102,3,[1 9],146,297,300,151,276
1,<environment.Job instance at 0x14ccda287690>,103,1,[5 2],147,285,286,138,276
1,<environment.Job instance at 0x14ccda499b40>,104,1,[9 1],148,305,306,157,277
1,<environment.Job instance at 0x14ccd73e4140>,105,23,[9 1],150,306,329,156,300
1,<environment.Job instance at 0x14ccdc908b40>,106,14,[10  1],151,329,343,178,314
1,<environment.Job instance at 0x14ccd6d2ad70>,107,18,[1 7],152,314,332,162,314
1,<environment.Job instance at 0x14ccd7020cd0>,108,16,[9 2],153,343,359,190,330
1,<environment.Job instance at 0x14ccd6d2a6e0>,109,2,[1 5],154,330,332,176,330
1,<environment.Job instance at 0x14ccd77f0f50>,110,1,[2 5],155,332,333,177,330
1,<environment.Job instance at 0x14cd2e1ebe10>,111,12,[5 1],158,333,345,175,330
1,<environment.Job instance at 0x14ccd761bc80>,112,1,[10  1],160,359,360,199,331
1,<environment.Job instance at 0x14ccd761b190>,113,1,[7 1],161,360,361,199,332
1,<environment.Job instance at 0x14ccdba14640>,114,2,[10  1],162,361,363,199,334
1,<environment.Job instance at 0x14ccda43fc80>,115,1,[6 2],163,345,346,182,334
1,<environment.Job instance at 0x14ccda43fdc0>,116,3,[6 2],164,346,349,182,334
1,<environment.Job instance at 0x14ccda43fd20>,117,3,[2 5],168,349,352,181,334
1,<environment.Job instance at 0x14ccda43fcd0>,118,2,[5 1],169,352,354,183,334
1,<environment.Job instance at 0x14cd0632c0f0>,56,3,[9 1],74,363,366,289,359
1,<environment.Job instance at 0x14ccda3f5780>,42,2,[ 1 13],55,374,376,319,374
1,<environment.Job instance at 0x14cd063427d0>,14,1,[5 1],19,532,533,513,532
1,<environment.Job instance at 0x14ccdb7485a0>,13,13,[6 1],18,88,101,70,88
1,<environment.Job instance at 0x14ccdb748c30>,14,2,[1 9],19,95,97,76,95
1,<environment.Job instance at 0x14ccdb748410>,15,3,[6 2],20,97,100,77,97
1,<environment.Job instance at 0x14cd2e3c0b90>,16,3,[5 2],22,100,103,78,97
1,<environment.Job instance at 0x14ccd76ea8c0>,17,2,[1 8],23,97,99,74,97
1,<environment.Job instance at 0x14ccdb748be0>,18,17,[9 1],24,101,118,77,97
1,<environment.Job instance at 0x14ccd76ea5f0>,19,2,[2 8],27,99,101,72,97
1,<environment.Job instance at 0x14ccd76ea3c0>,20,14,[2 8],28,103,117,75,97
1,<environment.Job instance at 0x14ccd76ea370>,21,1,[10  2],29,118,119,89,97
1,<environment.Job instance at 0x14ccd76ea820>,22,17,[7 2],31,119,136,88,107
1,<environment.Job instance at 0x14ccd76ea140>,23,13,[8 1],34,119,132,85,107
1,<environment.Job instance at 0x14ccd76ea870>,24,2,[10  1],35,136,138,101,109
1,<environment.Job instance at 0x14ccd76ea460>,25,18,[8 1],37,138,156,101,127
1,<environment.Job instance at 0x14ccd76eae10>,26,1,[6 2],38,132,133,94,127
1,<environment.Job instance at 0x14ccd76ea410>,27,1,[6 1],39,133,134,94,127
1,<environment.Job instance at 0x14ccd76ea730>,28,1,[8 1],40,134,135,94,127
1,<environment.Job instance at 0x14ccd76ea640>,29,1,[5 1],43,135,136,92,127
1,<environment.Job instance at 0x14ccd76eadc0>,30,2,[1 9],44,132,134,88,127
1,<environment.Job instance at 0x14ccd76eae60>,31,3,[ 2 10],46,135,138,89,127
1,<environment.Job instance at 0x14ccd76ea0f0>,32,2,[7 1],48,138,140,90,127
1,<environment.Job instance at 0x14ccd76eaa00>,33,2,[ 1 10],51,140,142,89,127
1,<environment.Job instance at 0x14ccd76ead70>,34,1,[ 2 10],52,142,143,90,127
1,<environment.Job instance at 0x14ccd813ef00>,35,3,[1 9],54,143,146,89,127
1,<environment.Job instance at 0x14ccd813eaf0>,36,17,[ 1 10],55,146,163,91,134
1,<environment.Job instance at 0x14ccd813ec80>,37,13,[ 1 10],57,163,176,106,147
1,<environment.Job instance at 0x14ccd813e370>,38,2,[ 1 10],60,176,178,116,170
1,<environment.Job instance at 0x14ccd813e960>,39,13,[7 2],61,170,183,109,170
1,<environment.Job instance at 0x14ccd813e280>,40,1,[1 6],62,178,179,116,170
1,<environment.Job instance at 0x14ccd813ee10>,41,1,[1 8],63,179,180,116,171
1,<environment.Job instance at 0x14ccd813e7d0>,42,1,[8 2],65,180,181,115,171
1,<environment.Job instance at 0x14ccd813e690>,43,2,[10  2],66,183,185,117,171
1,<environment.Job instance at 0x14ccd813e190>,44,2,[14  1],67,185,187,118,171
1,<environment.Job instance at 0x14ccd813e4b0>,45,14,[6 2],70,187,201,117,172
1,<environment.Job instance at 0x14ccd813e820>,46,1,[5 2],71,173,174,102,173
1,<environment.Job instance at 0x14ccd813e320>,47,18,[10  2],72,201,219,129,190
1,<environment.Job instance at 0x14ccd813e910>,48,3,[1 5],73,190,193,117,190
1,<environment.Job instance at 0x14ccd813ed20>,49,14,[1 7],74,190,204,116,190
1,<environment.Job instance at 0x14ccd813e6e0>,50,2,[1 8],76,204,206,128,190
1,<environment.Job instance at 0x14ccd813eaa0>,51,12,[5 2],77,206,218,129,190
1,<environment.Job instance at 0x14ccd813ec30>,52,1,[2 9],78,218,219,140,190
1,<environment.Job instance at 0x14ccd813e780>,53,1,[10  2],79,219,220,140,191
1,<environment.Job instance at 0x14ccd813eb90>,54,2,[5 2],82,193,195,111,192
1,<environment.Job instance at 0x14ccd813e0a0>,55,2,[10  1],83,220,222,137,193
1,<environment.Job instance at 0x14ccd70aa5f0>,56,17,[7 1],85,222,239,137,210
1,<environment.Job instance at 0x14ccd70aaeb0>,57,1,[7 2],86,222,223,136,210
1,<environment.Job instance at 0x14ccd70aaaf0>,58,15,[7 1],87,223,238,136,210
1,<environment.Job instance at 0x14ccd70aa230>,59,13,[5 2],93,238,251,145,222
1,<environment.Job instance at 0x14ccd70aaf50>,60,3,[1 9],94,222,225,128,222
1,<environment.Job instance at 0x14ccd70aa410>,61,1,[1 7],97,225,226,128,222
1,<environment.Job instance at 0x14ccd70aaf00>,62,14,[7 1],99,239,253,140,224
1,<environment.Job instance at 0x14ccd70aabe0>,63,3,[6 2],100,251,254,151,225
1,<environment.Job instance at 0x14ccd70aadc0>,64,17,[6 2],105,253,270,148,241
1,<environment.Job instance at 0x14ccd7923f50>,65,2,[8 1],106,254,256,148,241
1,<environment.Job instance at 0x14ccd79231e0>,66,3,[8 2],108,256,259,148,241
1,<environment.Job instance at 0x14ccd7923550>,67,14,[10  2],109,270,284,161,255
1,<environment.Job instance at 0x14ccd7923870>,68,2,[2 6],110,259,261,149,255
1,<environment.Job instance at 0x14ccd7923960>,69,17,[1 9],111,261,278,150,255
1,<environment.Job instance at 0x14ccd79233c0>,70,3,[1 6],112,258,261,146,258
1,<environment.Job instance at 0x14ccd7923820>,71,1,[8 1],113,261,262,148,258
1,<environment.Job instance at 0x14ccd71c6fa0>,72,1,[6 1],114,259,260,145,258
1,<environment.Job instance at 0x14ccd71c6370>,73,1,[1 9],118,278,279,160,258
1,<environment.Job instance at 0x14ccd71c6190>,74,3,[10  2],122,284,287,162,258
1,<environment.Job instance at 0x14ccd71c65a0>,75,17,[6 1],123,287,304,164,275
1,<environment.Job instance at 0x14ccd71c6eb0>,76,1,[2 8],124,279,280,155,275
1,<environment.Job instance at 0x14ccd71c6aa0>,77,2,[9 1],127,287,289,160,278
1,<environment.Job instance at 0x14ccd75cb690>,78,18,[2 8],128,289,307,161,278
1,<environment.Job instance at 0x14ccd75cba50>,79,13,[7 2],131,289,302,158,278
1,<environment.Job instance at 0x14ccd75cbcd0>,80,2,[6 2],132,302,304,170,278
1,<environment.Job instance at 0x14ccd75cb410>,81,3,[5 2],137,280,283,143,278
1,<environment.Job instance at 0x14ccd75cbe60>,82,3,[ 2 10],138,283,286,145,278
1,<environment.Job instance at 0x14ccd75cb320>,83,3,[1 5],140,304,307,164,278
1,<environment.Job instance at 0x14ccd75cba00>,84,1,[9 1],141,304,305,163,278
1,<environment.Job instance at 0x14ccd75cbc80>,85,2,[1 7],143,307,309,164,280
1,<environment.Job instance at 0x14ccd75cb780>,86,2,[2 5],144,307,309,163,280
1,<environment.Job instance at 0x14ccd75cbaa0>,87,16,[5 2],145,305,321,160,292
1,<environment.Job instance at 0x14ccd75cb460>,88,13,[ 1 13],146,309,322,163,293
1,<environment.Job instance at 0x14ccd6f484b0>,89,2,[10  1],147,321,323,174,301
1,<environment.Job instance at 0x14ccd6f48f00>,90,2,[8 1],148,323,325,175,302
1,<environment.Job instance at 0x14ccd6f48320>,91,3,[2 9],150,322,325,172,302
1,<environment.Job instance at 0x14ccd6f486e0>,92,1,[1 9],151,325,326,174,302
1,<environment.Job instance at 0x14ccd6f48d70>,93,18,[8 2],152,325,343,173,314
1,<environment.Job instance at 0x14ccd6f48550>,94,2,[5 1],153,323,325,170,314
1,<environment.Job instance at 0x14ccd6f485f0>,95,3,[2 5],154,326,329,172,316
1,<environment.Job instance at 0x14ccd6f48820>,96,1,[6 1],155,325,326,170,316
1,<environment.Job instance at 0x14ccd6f48e60>,97,1,[5 2],157,326,327,169,316
1,<environment.Job instance at 0x14ccd6f48500>,98,1,[6 1],158,329,330,171,316
1,<environment.Job instance at 0x14ccd6f48410>,99,3,[2 5],164,330,333,166,316
1,<environment.Job instance at 0x14ccd75b9f00>,100,2,[2 5],166,327,329,161,316
1,<environment.Job instance at 0x14ccd75b92d0>,101,1,[2 9],167,333,334,166,316
1,<environment.Job instance at 0x14ccd75b9b90>,102,18,[7 2],169,334,352,165,323
1,<environment.Job instance at 0x14ccdb6ea550>,5,1,[2 8],6,6,7,0,6
1,<environment.Job instance at 0x14ccd7702cd0>,19,1,[2 5],28,29,30,1,29
1,<environment.Job instance at 0x14ccd7702320>,20,2,[1 8],29,29,31,0,29
1,<environment.Job instance at 0x14ccd7702a50>,21,17,[1 6],30,31,48,1,31
1,<environment.Job instance at 0x14ccd7702eb0>,22,17,[10  2],31,31,48,0,31
1,<environment.Job instance at 0x14ccd7702820>,23,12,[1 7],32,32,44,0,32
1,<environment.Job instance at 0x14cd14995820>,24,2,[11  1],34,48,50,14,34
1,<environment.Job instance at 0x14cd05af17d0>,25,3,[9 1],37,50,53,13,37
1,<environment.Job instance at 0x14ccd79a92d0>,26,27,[9 2],38,53,80,15,51
1,<environment.Job instance at 0x14ccd75fdb40>,27,2,[7 1],39,80,82,41,53
1,<environment.Job instance at 0x14cd05942320>,28,3,[1 6],40,53,56,13,53
1,<environment.Job instance at 0x14cd05942be0>,29,1,[6 1],41,56,57,15,53
1,<environment.Job instance at 0x14ccda60ec80>,30,1,[1 5],42,53,54,11,53
1,<environment.Job instance at 0x14ccda12e230>,31,2,[1 7],43,54,56,11,53
1,<environment.Job instance at 0x14cd040414b0>,32,3,[1 7],44,57,60,13,53
1,<environment.Job instance at 0x14cd04041f50>,33,1,[1 8],45,60,61,15,53
1,<environment.Job instance at 0x14cd067212d0>,34,2,[2 5],46,57,59,11,53
1,<environment.Job instance at 0x14cd04041e60>,35,3,[1 9],47,61,64,14,53
1,<environment.Job instance at 0x14cd067210a0>,36,3,[8 1],48,80,83,32,54
1,<environment.Job instance at 0x14cd063142d0>,37,1,[2 9],49,64,65,15,54
1,<environment.Job instance at 0x14cd06314780>,38,3,[1 9],52,65,68,13,54
1,<environment.Job instance at 0x14cd063140f0>,39,1,[9 1],53,83,84,30,55
1,<environment.Job instance at 0x14ccd81ae2d0>,40,3,[1 7],54,68,71,14,55
1,<environment.Job instance at 0x14ccd81aee60>,41,2,[1 8],55,71,73,16,55
1,<environment.Job instance at 0x14ccd81aebe0>,42,16,[10  1],56,84,100,28,71
1,<environment.Job instance at 0x14ccd81ae8c0>,43,3,[5 1],58,71,74,13,71
1,<environment.Job instance at 0x14ccd81ae1e0>,44,3,[9 2],59,100,103,41,74
1,<environment.Job instance at 0x14ccd81ae280>,45,14,[ 1 12],60,82,96,22,74
1,<environment.Job instance at 0x14ccd81ae820>,46,2,[ 1 10],61,74,76,13,74
1,<environment.Job instance at 0x14ccd702f5f0>,47,1,[9 1],62,103,104,41,75
1,<environment.Job instance at 0x14ccd702ff50>,48,2,[1 5],63,76,78,13,75
1,<environment.Job instance at 0x14ccd702fa00>,49,1,[6 2],64,78,79,14,75
1,<environment.Job instance at 0x14ccd702fd70>,50,3,[7 2],66,104,107,38,78
1,<environment.Job instance at 0x14ccd702f230>,51,13,[1 6],67,96,109,29,80
1,<environment.Job instance at 0x14ccd702fe10>,52,19,[5 1],68,100,119,32,90
1,<environment.Job instance at 0x14ccd702fb40>,53,1,[5 2],70,107,108,37,90
1,<environment.Job instance at 0x14ccd702fa50>,54,3,[1 8],72,96,99,24,90
1,<environment.Job instance at 0x14ccd702ff00>,55,16,[ 1 10],73,109,125,36,96
1,<environment.Job instance at 0x14ccd702f3c0>,56,20,[10  2],74,119,139,45,110
1,<environment.Job instance at 0x14ccd702faf0>,57,15,[2 8],75,125,140,50,111
1,<environment.Job instance at 0x14ccd821a190>,58,1,[1 5],77,125,126,48,111
1,<environment.Job instance at 0x14ccd821a910>,59,1,[7 2],78,111,112,33,111
1,<environment.Job instance at 0x14ccd821aaa0>,60,3,[ 2 10],80,140,143,60,114
1,<environment.Job instance at 0x14ccd821a640>,61,1,[6 2],81,114,115,33,114
1,<environment.Job instance at 0x14ccd821a730>,62,3,[10  2],83,139,142,56,114
1,<environment.Job instance at 0x14ccd821a820>,63,3,[2 7],85,143,146,58,117
1,<environment.Job instance at 0x14ccd821a3c0>,64,15,[7 2],86,142,157,56,128
1,<environment.Job instance at 0x14ccd821a0f0>,65,13,[ 2 10],88,146,159,58,130
1,<environment.Job instance at 0x14ccd821a9b0>,66,1,[1 5],91,130,131,39,130
1,<environment.Job instance at 0x14ccd821a8c0>,67,21,[6 2],92,142,163,50,134
1,<environment.Job instance at 0x14ccd821a320>,68,16,[6 1],94,157,173,63,144
1,<environment.Job instance at 0x14ccd821ac80>,69,1,[8 2],95,163,164,68,144
1,<environment.Job instance at 0x14ccd821aa50>,70,2,[ 2 10],96,159,161,63,144
1,<environment.Job instance at 0x14ccd821abe0>,71,1,[1 6],97,161,162,64,144
1,<environment.Job instance at 0x14cd059d8b40>,72,1,[ 1 10],102,162,163,60,144
1,<environment.Job instance at 0x14cd059d8eb0>,73,14,[2 7],103,164,178,61,149
1,<environment.Job instance at 0x14cd059d86e0>,74,3,[7 1],104,164,167,60,149
1,<environment.Job instance at 0x14cd059d8be0>,75,1,[ 1 10],105,163,164,58,149
1,<environment.Job instance at 0x14cd059d8500>,76,18,[6 1],106,167,185,61,156
1,<environment.Job instance at 0x14cd059d8e10>,77,3,[2 9],107,178,181,71,156
1,<environment.Job instance at 0x14cd059d8280>,78,14,[ 1 10],108,181,195,73,166
1,<environment.Job instance at 0x14cd059d81e0>,79,18,[2 8],109,195,213,86,184
1,<environment.Job instance at 0x14cd059d88c0>,80,27,[7 1],111,184,211,73,184
1,<environment.Job instance at 0x14cd059d8fa0>,81,18,[8 1],112,211,229,99,200
1,<environment.Job instance at 0x14cd059d89b0>,82,2,[6 2],113,200,202,87,200
1,<environment.Job instance at 0x14cd059d8460>,83,16,[6 2],115,213,229,98,200
1,<environment.Job instance at 0x14cd059d8140>,84,2,[2 6],116,202,204,86,200
1,<environment.Job instance at 0x14cd059d8dc0>,85,2,[9 1],118,229,231,111,202
1,<environment.Job instance at 0x14cd059d8320>,86,2,[8 1],120,231,233,111,205
1,<environment.Job instance at 0x14ccda521aa0>,87,1,[ 1 10],123,213,214,90,205
1,<environment.Job instance at 0x14ccda521550>,88,1,[8 1],124,233,234,109,205
1,<environment.Job instance at 0x14ccda521b90>,89,1,[8 1],125,234,235,109,206
1,<environment.Job instance at 0x14ccda521c80>,90,3,[2 7],126,229,232,103,206
1,<environment.Job instance at 0x14ccda521910>,91,14,[1 9],128,214,228,86,206
1,<environment.Job instance at 0x14ccda521f50>,92,3,[1 6],132,206,209,74,206
1,<environment.Job instance at 0x14ccda521320>,93,1,[2 7],133,229,230,96,206
1,<environment.Job instance at 0x14ccda521820>,94,12,[5 2],134,231,243,97,214
1,<environment.Job instance at 0x14ccda4f6230>,95,16,[2 6],135,232,248,97,219
1,<environment.Job instance at 0x14ccda4f6500>,96,23,[1 9],136,243,266,107,237
1,<environment.Job instance at 0x14ccda4f6d70>,97,3,[1 8],138,266,269,128,240
1,<environment.Job instance at 0x14ccda4f6370>,98,3,[2 9],142,269,272,127,243
1,<environment.Job instance at 0x14ccda4f65a0>,99,1,[8 2],144,248,249,104,243
1,<environment.Job instance at 0x14ccda4f68c0>,100,3,[7 1],146,249,252,103,243
1,<environment.Job instance at 0x14ccda4f62d0>,101,3,[ 2 10],149,272,275,123,246
1,<environment.Job instance at 0x14ccda4f6f00>,102,3,[7 2],151,249,252,98,246
1,<environment.Job instance at 0x14ccda4f63c0>,103,3,[9 2],153,252,255,99,246
1,<environment.Job instance at 0x14ccda4f6320>,104,3,[1 6],156,255,258,99,246
1,<environment.Job instance at 0x14ccda4f6cd0>,105,13,[1 5],157,258,271,101,246
1,<environment.Job instance at 0x14ccda4f6eb0>,106,1,[2 7],158,275,276,117,247
1,<environment.Job instance at 0x14ccda1bcc30>,107,2,[2 5],159,271,273,112,247
1,<environment.Job instance at 0x14ccda1bc910>,108,3,[1 8],160,275,278,115,256
1,<environment.Job instance at 0x14ccda1bc460>,109,1,[10  2],161,266,267,105,258
1,<environment.Job instance at 0x14ccda1bc5f0>,110,18,[1 8],163,278,296,115,267
1,<environment.Job instance at 0x14ccda1bcc80>,111,17,[10  2],165,276,293,111,267
1,<environment.Job instance at 0x14ccda1bcf00>,112,3,[9 2],166,293,296,127,267
1,<environment.Job instance at 0x14ccda1bc730>,113,12,[8 1],167,296,308,129,279
1,<environment.Job instance at 0x14ccda1bc5a0>,114,2,[6 2],168,296,298,128,279
1,<environment.Job instance at 0x14ccd778e7d0>,15,1,[7 1],24,45,46,21,45
1,<environment.Job instance at 0x14cd065807d0>,16,1,[1 5],25,45,46,20,45
1,<environment.Job instance at 0x14ccd778e3c0>,17,15,[10  1],26,46,61,20,45
1,<environment.Job instance at 0x14ccd778e9b0>,18,17,[6 1],28,61,78,33,49
1,<environment.Job instance at 0x14ccd7424550>,19,21,[2 6],29,49,70,20,49
1,<environment.Job instance at 0x14ccd7424820>,20,15,[5 2],30,61,76,31,49
1,<environment.Job instance at 0x14ccd74240f0>,21,13,[6 2],31,76,89,45,60
1,<environment.Job instance at 0x14ccd7424fa0>,22,2,[5 2],33,78,80,45,60
1,<environment.Job instance at 0x14ccd74243c0>,23,2,[6 2],34,80,82,46,60
1,<environment.Job instance at 0x14ccd7424320>,24,3,[2 5],35,60,63,25,60
1,<environment.Job instance at 0x14ccd74242d0>,25,12,[5 2],36,82,94,46,65
1,<environment.Job instance at 0x14ccd7424aa0>,26,14,[2 8],38,70,84,32,65
1,<environment.Job instance at 0x14cd058ef870>,27,1,[6 2],40,89,90,49,65
1,<environment.Job instance at 0x14cd058ef690>,28,16,[7 1],41,90,106,49,77
1,<environment.Job instance at 0x14cd058efdc0>,29,1,[1 7],42,84,85,42,77
1,<environment.Job instance at 0x14cd140299b0>,30,2,[1 8],43,85,87,42,77
1,<environment.Job instance at 0x14cd14029550>,31,2,[ 1 10],46,87,89,41,77
1,<environment.Job instance at 0x14cd14029dc0>,32,15,[2 9],47,89,104,42,77
1,<environment.Job instance at 0x14ccda65baa0>,33,15,[7 2],48,104,119,56,90
1,<environment.Job instance at 0x14ccd7029960>,34,13,[9 1],49,119,132,70,103
1,<environment.Job instance at 0x14ccda65b280>,35,2,[1 6],50,104,106,54,103
1,<environment.Job instance at 0x14cd140290a0>,36,24,[9 2],51,132,156,81,127
1,<environment.Job instance at 0x14ccd7c45e60>,37,2,[8 2],53,156,158,103,129
1,<environment.Job instance at 0x14ccdb4ea7d0>,38,14,[2 8],54,129,143,75,129
1,<environment.Job instance at 0x14ccd7421230>,39,2,[6 2],55,143,145,88,129
1,<environment.Job instance at 0x14ccd7c457d0>,40,16,[5 1],58,145,161,87,132
1,<environment.Job instance at 0x14ccd7c45460>,41,14,[9 1],59,158,172,99,143
1,<environment.Job instance at 0x14ccd7c45d70>,42,1,[1 9],60,145,146,85,143
1,<environment.Job instance at 0x14ccd70162d0>,43,1,[10  2],61,172,173,111,144
1,<environment.Job instance at 0x14ccd7016280>,44,3,[1 7],64,146,149,82,144
1,<environment.Job instance at 0x14ccd7016820>,45,1,[6 2],65,161,162,96,144
1,<environment.Job instance at 0x14ccda3365f0>,46,15,[7 2],66,173,188,107,159
1,<environment.Job instance at 0x14ccde19d280>,47,2,[7 2],67,173,175,106,159
1,<environment.Job instance at 0x14ccde19db40>,48,13,[6 1],68,175,188,107,159
1,<environment.Job instance at 0x14ccde19d140>,49,2,[1 5],69,159,161,90,159
1,<environment.Job instance at 0x14ccde19d3c0>,50,2,[6 1],70,162,164,92,159
1,<environment.Job instance at 0x14ccde19d9b0>,51,15,[2 8],72,175,190,103,161
1,<environment.Job instance at 0x14ccde19d820>,52,17,[8 1],73,188,205,115,176
1,<environment.Job instance at 0x14ccde19db90>,53,1,[ 2 10],75,190,191,115,176
1,<environment.Job instance at 0x14ccda329280>,54,2,[2 8],78,191,193,113,176
1,<environment.Job instance at 0x14ccda329be0>,55,16,[8 1],80,205,221,125,192
1,<environment.Job instance at 0x14ccda329e60>,56,2,[6 2],81,193,195,112,192
1,<environment.Job instance at 0x14ccd8c5aa50>,57,1,[2 5],82,192,193,110,192
1,<environment.Job instance at 0x14ccda329690>,58,3,[2 8],86,195,198,109,192
1,<environment.Job instance at 0x14ccdb71e4b0>,59,2,[1 9],87,193,195,106,192
1,<environment.Job instance at 0x14ccdb71ea00>,60,3,[2 6],88,195,198,107,192
1,<environment.Job instance at 0x14ccda588280>,61,2,[5 2],89,198,200,109,192
1,<environment.Job instance at 0x14ccda588b40>,62,2,[ 2 10],92,198,200,106,192
1,<environment.Job instance at 0x14ccd716dc30>,63,3,[2 8],93,200,203,107,192
1,<environment.Job instance at 0x14ccd716db90>,64,1,[2 5],94,200,201,106,192
1,<environment.Job instance at 0x14ccd716d140>,65,2,[5 1],95,201,203,106,192
1,<environment.Job instance at 0x14ccd716d2d0>,66,17,[6 2],96,203,220,107,192
1,<environment.Job instance at 0x14ccd716d230>,67,1,[9 1],97,221,222,124,193
1,<environment.Job instance at 0x14ccdb6da960>,68,12,[1 7],99,203,215,104,193
1,<environment.Job instance at 0x14ccdb6da5f0>,69,1,[7 1],100,220,221,120,193
1,<environment.Job instance at 0x14ccdb4e3f50>,70,2,[2 7],101,221,223,120,194
1,<environment.Job instance at 0x14ccdb6da4b0>,71,23,[2 9],102,223,246,121,217
1,<environment.Job instance at 0x14ccdb6dacd0>,72,15,[5 2],103,226,241,123,226
1,<environment.Job instance at 0x14ccdb693f50>,73,2,[7 1],104,226,228,122,226
1,<environment.Job instance at 0x14ccdb693d70>,74,1,[1 6],106,241,242,135,226
1,<environment.Job instance at 0x14ccdc928730>,75,2,[6 2],107,228,230,121,226
1,<environment.Job instance at 0x14ccd6c4df50>,76,2,[10  2],109,242,244,133,226
1,<environment.Job instance at 0x14ccdc928aa0>,77,2,[2 7],113,246,248,133,226
1,<environment.Job instance at 0x14ccda191af0>,78,3,[8 1],114,230,233,116,226
1,<environment.Job instance at 0x14ccda1917d0>,79,1,[8 2],116,233,234,117,226
1,<environment.Job instance at 0x14ccd7a03c30>,80,3,[8 2],118,234,237,116,227
1,<environment.Job instance at 0x14cd06609410>,81,2,[8 1],120,237,239,117,227
1,<environment.Job instance at 0x14cd052a3370>,82,3,[2 7],121,246,249,125,227
1,<environment.Job instance at 0x14cd052a33c0>,83,1,[1 6],122,244,245,122,227
1,<environment.Job instance at 0x14cd052a3dc0>,84,1,[8 1],126,239,240,113,227
1,<environment.Job instance at 0x14cd052a3cd0>,85,1,[10  1],127,245,246,118,227
1,<environment.Job instance at 0x14cd05a5e140>,86,15,[2 8],128,248,263,120,234
1,<environment.Job instance at 0x14cd05a5e0f0>,87,2,[9 1],129,246,248,117,234
1,<environment.Job instance at 0x14ccda2df410>,88,12,[8 1],130,249,261,119,234
1,<environment.Job instance at 0x14ccda2dff50>,89,12,[7 1],131,261,273,130,244
1,<environment.Job instance at 0x14ccda2df320>,90,3,[10  1],132,273,276,141,247
1,<environment.Job instance at 0x14ccda2dfbe0>,91,3,[7 1],133,263,266,130,247
1,<environment.Job instance at 0x14ccda2df2d0>,92,2,[2 8],135,266,268,131,247
1,<environment.Job instance at 0x14ccd781d050>,93,16,[1 9],136,268,284,132,255
1,<environment.Job instance at 0x14ccda2df140>,94,3,[13  1],137,276,279,139,255
1,<environment.Job instance at 0x14ccd781da50>,95,3,[2 9],138,284,287,146,258
1,<environment.Job instance at 0x14ccd781d460>,96,1,[2 9],139,287,288,148,259
1,<environment.Job instance at 0x14ccd781d870>,97,3,[1 8],144,263,266,119,259
1,<environment.Job instance at 0x14ccd781d320>,98,1,[10  1],145,279,280,134,259
1,<environment.Job instance at 0x14ccd781d1e0>,99,1,[7 2],146,268,269,122,259
1,<environment.Job instance at 0x14ccd781d820>,100,3,[1 7],147,288,291,141,262
1,<environment.Job instance at 0x14ccd781dbe0>,101,1,[2 9],148,291,292,143,263
1,<environment.Job instance at 0x14ccd781d4b0>,102,3,[1 8],150,288,291,138,263
1,<environment.Job instance at 0x14ccda224320>,103,14,[ 1 10],153,292,306,139,277
1,<environment.Job instance at 0x14ccda2245a0>,104,1,[1 6],156,280,281,124,278
1,<environment.Job instance at 0x14ccda2241e0>,105,14,[2 9],158,306,320,148,291
1,<environment.Job instance at 0x14ccda2245f0>,106,2,[6 2],159,300,302,141,300
1,<environment.Job instance at 0x14ccd7624b40>,107,3,[1 6],160,306,309,146,301
1,<environment.Job instance at 0x14ccd7624aa0>,108,26,[ 2 10],161,320,346,159,317
1,<environment.Job instance at 0x14cd05a9a410>,109,3,[ 2 10],162,346,349,184,326
1,<environment.Job instance at 0x14cd05a9af50>,110,3,[6 2],163,329,332,166,329
1,<environment.Job instance at 0x14cd05a9a2d0>,111,1,[9 2],167,332,333,165,330
1,<environment.Job instance at 0x14cd05a9a8c0>,112,1,[2 9],168,349,350,181,330
1,<environment.Job instance at 0x14cd05a9a4b0>,113,18,[2 7],169,350,368,181,341
1,<environment.Job instance at 0x14cd148dd960>,14,3,[8 1],22,899,902,877,899
1,<environment.Job instance at 0x14ccda4a0e60>,4,19,[8 1],8,2180,2199,2172,2180
1,<environment.Job instance at 0x14ccdb6dc9b0>,3,1,[2 7],5,5,6,0,5
1,<environment.Job instance at 0x14cd1490b4b0>,13,22,[5 2],19,19,41,0,19
1,<environment.Job instance at 0x14cd1490ba50>,21,13,[9 2],30,30,43,0,30
1,<environment.Job instance at 0x14cd1490b910>,22,1,[2 6],31,41,42,10,31
1,<environment.Job instance at 0x14cd1490b140>,23,12,[1 8],32,42,54,10,32
1,<environment.Job instance at 0x14cd1490bb40>,24,1,[2 5],33,41,42,8,33
1,<environment.Job instance at 0x14cd1490bf00>,19,19,[7 2],28,43,62,15,40
1,<environment.Job instance at 0x14cd1490b0f0>,25,17,[1 8],35,54,71,19,42
1,<environment.Job instance at 0x14cd1490bf50>,27,25,[7 2],38,43,68,5,42
1,<environment.Job instance at 0x14ccd6f41eb0>,28,1,[ 2 10],39,71,72,32,43
1,<environment.Job instance at 0x14ccd6f416e0>,29,3,[2 9],40,72,75,32,46
1,<environment.Job instance at 0x14ccd6f415f0>,30,3,[1 6],41,68,71,27,46
1,<environment.Job instance at 0x14ccd6f41500>,31,18,[ 1 12],42,75,93,33,64
1,<environment.Job instance at 0x14ccd6f417d0>,32,2,[ 1 10],43,93,95,50,66
1,<environment.Job instance at 0x14ccd6f41870>,33,1,[2 9],44,95,96,51,67
1,<environment.Job instance at 0x14ccd6f41780>,34,21,[10  1],45,68,89,23,67
1,<environment.Job instance at 0x14ccd6f419b0>,35,14,[1 8],47,96,110,49,81
1,<environment.Job instance at 0x14ccd6f41460>,36,3,[7 2],48,89,92,41,81
1,<environment.Job instance at 0x14ccd6f41dc0>,37,2,[7 1],49,89,91,40,81
1,<environment.Job instance at 0x14ccd6f41190>,38,1,[9 2],50,92,93,42,81
1,<environment.Job instance at 0x14ccd6f41d70>,39,2,[5 1],51,91,93,40,81
1,<environment.Job instance at 0x14cd1490b7d0>,26,2,[10  1],36,94,96,58,94
1,<environment.Job instance at 0x14ccd6f41fa0>,40,14,[2 9],52,110,124,58,95
1,<environment.Job instance at 0x14ccd6f41c80>,42,15,[10  1],55,96,111,41,95
1,<environment.Job instance at 0x14ccd6f410f0>,43,17,[1 9],58,124,141,66,112
1,<environment.Job instance at 0x14ccd6f41960>,44,1,[5 1],59,112,113,53,112
1,<environment.Job instance at 0x14ccd6f41320>,45,3,[6 1],60,112,115,52,112
1,<environment.Job instance at 0x14ccd80d6dc0>,46,3,[8 2],63,115,118,52,112
1,<environment.Job instance at 0x14ccd80d6d70>,47,18,[7 1],65,118,136,53,112
1,<environment.Job instance at 0x14ccd80d6af0>,48,3,[2 5],66,118,121,52,112
1,<environment.Job instance at 0x14ccd80d63c0>,49,1,[1 6],67,136,137,69,112
1,<environment.Job instance at 0x14ccd80d65f0>,50,2,[8 1],68,137,139,69,112
1,<environment.Job instance at 0x14ccd80d6140>,51,2,[1 7],69,141,143,72,114
1,<environment.Job instance at 0x14ccd80d6fa0>,52,2,[7 2],70,124,126,54,114
1,<environment.Job instance at 0x14ccd80d6690>,53,2,[7 1],71,126,128,55,114
1,<environment.Job instance at 0x14ccd80d6be0>,54,1,[ 2 12],72,143,144,71,115
1,<environment.Job instance at 0x14ccd80d61e0>,55,2,[ 1 10],73,144,146,71,117
1,<environment.Job instance at 0x14ccd80d6eb0>,56,13,[6 1],74,137,150,63,121
1,<environment.Job instance at 0x14ccd80d62d0>,57,2,[1 5],75,121,123,46,121
1,<environment.Job instance at 0x14ccd80d6f50>,58,2,[6 1],76,128,130,52,121
1,<environment.Job instance at 0x14ccd80d6050>,59,3,[2 8],77,146,149,69,121
1,<environment.Job instance at 0x14ccd80d6370>,60,3,[1 7],78,149,152,71,123
1,<environment.Job instance at 0x14ccd80d66e0>,61,3,[1 8],80,150,153,70,124
1,<environment.Job instance at 0x14ccd7a1b640>,62,3,[7 1],82,130,133,48,124
1,<environment.Job instance at 0x14ccd7a1b3c0>,63,14,[2 7],83,152,166,69,137
1,<environment.Job instance at 0x14ccd7a1b5a0>,64,12,[ 1 10],86,166,178,80,149
1,<environment.Job instance at 0x14ccd7a1b320>,65,1,[ 2 10],87,178,179,91,150
1,<environment.Job instance at 0x14ccd7a1b870>,66,2,[1 9],89,179,181,90,152
1,<environment.Job instance at 0x14ccd7a1b370>,67,2,[5 2],91,153,155,62,152
1,<environment.Job instance at 0x14ccd7a1b190>,68,2,[1 5],92,153,155,61,152
1,<environment.Job instance at 0x14ccd7a1be10>,69,21,[5 2],94,155,176,61,152
1,<environment.Job instance at 0x14ccd7a1b9b0>,70,2,[ 1 10],95,181,183,86,154
1,<environment.Job instance at 0x14ccd7a1b460>,71,14,[2 5],96,176,190,80,161
1,<environment.Job instance at 0x14ccd7a1b960>,72,3,[2 9],97,183,186,86,161
1,<environment.Job instance at 0x14ccd7a1b140>,73,1,[10  1],98,179,180,81,161
1,<environment.Job instance at 0x14ccd7a1bf00>,74,2,[2 9],99,186,188,87,161
1,<environment.Job instance at 0x14ccd7a1b550>,75,3,[6 1],101,161,164,60,161
1,<environment.Job instance at 0x14ccd7a1bf50>,76,2,[8 2],103,164,166,61,161
1,<environment.Job instance at 0x14ccd7a1bc80>,77,3,[6 2],105,166,169,61,161
1,<environment.Job instance at 0x14ccd709b5f0>,78,2,[7 2],106,169,171,63,161
1,<environment.Job instance at 0x14ccd709b2d0>,79,3,[10  2],107,188,191,81,162
1,<environment.Job instance at 0x14ccd709b320>,80,2,[6 2],110,171,173,61,162
1,<environment.Job instance at 0x14ccd709b640>,81,3,[10  2],111,191,194,80,165
1,<environment.Job instance at 0x14ccd709bd20>,82,2,[8 2],112,173,175,61,165
1,<environment.Job instance at 0x14ccd709bb40>,83,3,[7 1],114,183,186,69,165
1,<environment.Job instance at 0x14ccd709b960>,84,3,[7 2],115,194,197,79,168
1,<environment.Job instance at 0x14ccd709bcd0>,85,2,[6 2],117,194,196,77,168
1,<environment.Job instance at 0x14ccd709b3c0>,86,2,[7 1],118,186,188,68,168
1,<environment.Job instance at 0x14ccd709b280>,87,1,[1 7],119,188,189,69,168
1,<environment.Job instance at 0x14ccd709b6e0>,88,1,[5 2],121,175,176,54,168
1,<environment.Job instance at 0x14ccd75eafa0>,89,3,[10  1],122,197,200,75,171
1,<environment.Job instance at 0x14ccd75ea0f0>,90,2,[5 1],124,190,192,66,171
1,<environment.Job instance at 0x14ccd75eae60>,91,16,[1 5],127,192,208,65,179
1,<environment.Job instance at 0x14ccd75ea410>,92,1,[10  2],128,200,201,72,179
1,<environment.Job instance at 0x14ccd75ea5a0>,93,27,[6 1],129,201,228,72,199
1,<environment.Job instance at 0x14ccd75ea9b0>,94,3,[9 1],130,208,211,78,199
1,<environment.Job instance at 0x14ccd75eac80>,95,3,[9 2],133,211,214,78,199
1,<environment.Job instance at 0x14ccd75ea6e0>,96,3,[5 1],135,201,204,66,199
1,<environment.Job instance at 0x14ccd75ea910>,97,15,[ 2 13],136,214,229,78,200
1,<environment.Job instance at 0x14ccd75eaf50>,98,12,[9 1],137,228,240,91,211
1,<environment.Job instance at 0x14ccd6e30f50>,99,1,[2 7],138,229,230,91,211
1,<environment.Job instance at 0x14cd06656d70>,100,17,[2 7],140,229,246,89,217
1,<environment.Job instance at 0x14ccde1beaf0>,101,15,[ 2 10],141,246,261,105,232
1,<environment.Job instance at 0x14ccde1be820>,102,2,[12  2],144,240,242,96,232
1,<environment.Job instance at 0x14ccde1beaa0>,103,13,[7 1],145,242,255,97,232
1,<environment.Job instance at 0x14ccde1be690>,104,15,[2 6],146,261,276,115,247
1,<environment.Job instance at 0x14ccd77d07d0>,105,12,[2 6],147,261,273,114,247
1,<environment.Job instance at 0x14ccd77d0780>,106,1,[1 5],150,255,256,105,247
1,<environment.Job instance at 0x14ccd77d0230>,107,1,[9 2],151,256,257,105,247
1,<environment.Job instance at 0x14cd058ef910>,108,1,[6 2],153,247,248,94,247
1,<environment.Job instance at 0x14cd05a76960>,109,16,[10  1],154,257,273,103,247
1,<environment.Job instance at 0x14ccda615320>,110,2,[2 8],155,273,275,118,247
1,<environment.Job instance at 0x14ccd75e9870>,111,1,[10  2],156,275,276,119,247
1,<environment.Job instance at 0x14ccd77d0d70>,112,1,[12  1],158,276,277,118,248
1,<environment.Job instance at 0x14ccd813ec80>,113,25,[1 7],159,275,300,116,271
1,<environment.Job instance at 0x14ccdb0b2dc0>,114,3,[8 2],160,277,280,117,271
1,<environment.Job instance at 0x14cd0663d230>,115,2,[8 1],163,273,275,110,271
1,<environment.Job instance at 0x14cd0665af00>,116,1,[ 1 11],164,300,301,136,272
1,<environment.Job instance at 0x14ccd76e4fa0>,117,3,[1 9],166,301,304,135,275
1,<environment.Job instance at 0x14cd1490c460>,118,1,[ 2 10],169,304,305,135,276
1,<environment.Job instance at 0x14ccd6f41230>,41,3,[1 5],54,311,314,257,311
1,<environment.Job instance at 0x14cd1490b730>,17,1,[ 1 11],26,1598,1599,1572,1598
1,<environment.Job instance at 0x14cd1490b960>,18,13,[6 1],27,1645,1658,1618,1645
1,<environment.Job instance at 0x14cd1490b8c0>,20,13,[5 2],29,2407,2420,2378,2407
1,<environment.Job instance at 0x14ccd74a8c30>,7,26,[1 7],10,10,36,0,10
1,<environment.Job instance at 0x14ccd775d140>,8,3,[6 1],11,11,14,0,11
1,<environment.Job instance at 0x14ccd7496320>,9,1,[6 2],12,12,13,0,12
1,<environment.Job instance at 0x14ccd74a8aa0>,10,2,[8 1],13,13,15,0,13
1,<environment.Job instance at 0x14ccd7828d20>,12,20,[6 1],15,16,36,1,16
1,<environment.Job instance at 0x14cd04040be0>,13,3,[2 9],17,36,39,19,17
1,<environment.Job instance at 0x14cd04040550>,14,17,[1 9],18,39,56,21,27
1,<environment.Job instance at 0x14ccdb5a26e0>,24,3,[13  1],32,36,39,4,36
1,<environment.Job instance at 0x14cd05a5de10>,25,3,[ 2 10],33,56,59,23,36
1,<environment.Job instance at 0x14ccd797f5f0>,26,1,[8 2],35,40,41,5,40
1,<environment.Job instance at 0x14ccd797f6e0>,27,2,[8 1],37,41,43,4,40
1,<environment.Job instance at 0x14ccd797feb0>,28,1,[1 5],38,41,42,3,40
1,<environment.Job instance at 0x14ccd797fc30>,29,3,[9 1],39,43,46,4,40
1,<environment.Job instance at 0x14cd0402bb90>,30,2,[5 1],40,42,44,2,40
1,<environment.Job instance at 0x14ccd77a9e10>,31,3,[1 9],41,59,62,18,41
1,<environment.Job instance at 0x14ccd77a9af0>,32,1,[5 1],42,44,45,2,42
1,<environment.Job instance at 0x14ccd77a9780>,33,15,[1 8],44,62,77,18,48
1,<environment.Job instance at 0x14ccd77a92d0>,34,2,[8 1],47,49,51,2,49
1,<environment.Job instance at 0x14ccd77a9140>,35,3,[10  1],48,51,54,3,50
1,<environment.Job instance at 0x14ccd77a9b40>,36,2,[2 7],52,62,64,10,52
1,<environment.Job instance at 0x14ccdb54e0a0>,43,1,[ 1 10],64,77,78,13,67
1,<environment.Job instance at 0x14ccdb54e4b0>,45,3,[8 2],67,67,70,0,67
1,<environment.Job instance at 0x14ccd6f442d0>,46,1,[1 9],68,78,79,10,68
1,<environment.Job instance at 0x14ccd6f44a50>,47,3,[7 1],70,70,73,0,70
1,<environment.Job instance at 0x14ccd6f44fa0>,48,17,[8 1],72,73,90,1,72
1,<environment.Job instance at 0x14ccdb558dc0>,49,16,[1 8],73,79,95,6,73
1,<environment.Job instance at 0x14ccd767f4b0>,50,18,[2 7],75,90,108,15,79
1,<environment.Job instance at 0x14ccdb5b8c80>,51,16,[1 8],76,95,111,19,82
1,<environment.Job instance at 0x14ccd7121550>,52,3,[13  1],77,108,111,31,82
1,<environment.Job instance at 0x14ccda3cc190>,53,3,[6 1],80,82,85,2,82
1,<environment.Job instance at 0x14ccda3cc6e0>,54,2,[8 2],81,111,113,30,84
1,<environment.Job instance at 0x14ccd749d320>,55,3,[11  1],82,113,116,31,87
1,<environment.Job instance at 0x14cd066179b0>,56,16,[5 2],83,116,132,33,103
1,<environment.Job instance at 0x14cd148dde60>,57,12,[7 2],84,116,128,32,103
1,<environment.Job instance at 0x14ccd789eeb0>,58,1,[2 6],85,111,112,26,103
1,<environment.Job instance at 0x14ccd789ecd0>,59,26,[1 6],86,108,134,22,105
1,<environment.Job instance at 0x14ccd706baf0>,60,2,[8 1],87,128,130,41,105
1,<environment.Job instance at 0x14ccd706b500>,61,2,[6 1],88,130,132,42,105
1,<environment.Job instance at 0x14ccd706b5f0>,62,3,[7 2],90,132,135,42,106
1,<environment.Job instance at 0x14ccd706b9b0>,63,3,[2 6],91,112,115,21,106
1,<environment.Job instance at 0x14ccd706bd20>,64,1,[ 2 10],92,134,135,42,106
1,<environment.Job instance at 0x14ccd706b2d0>,65,2,[5 2],94,132,134,38,106
1,<environment.Job instance at 0x14ccd706bfa0>,66,1,[7 2],95,135,136,40,107
1,<environment.Job instance at 0x14ccd706b780>,67,15,[10  2],96,136,151,40,122
1,<environment.Job instance at 0x14ccd706bd70>,68,3,[1 6],97,128,131,31,122
1,<environment.Job instance at 0x14ccd706b0a0>,69,2,[2 7],98,135,137,37,122
1,<environment.Job instance at 0x14ccd706b910>,70,3,[7 1],99,151,154,52,125
1,<environment.Job instance at 0x14ccd706bc80>,71,14,[6 1],100,151,165,51,136
1,<environment.Job instance at 0x14ccd706b870>,72,12,[2 9],101,137,149,36,136
1,<environment.Job instance at 0x14ccd706b460>,73,2,[8 1],103,154,156,51,136
1,<environment.Job instance at 0x14ccd706baa0>,74,3,[ 2 10],105,149,152,44,136
1,<environment.Job instance at 0x14ccd7365a00>,75,1,[1 6],109,136,137,27,136
1,<environment.Job instance at 0x14ccd73659b0>,76,3,[1 8],110,152,155,42,136
1,<environment.Job instance at 0x14ccd7365d70>,77,2,[2 7],112,156,158,44,136
1,<environment.Job instance at 0x14ccd7365e10>,78,14,[10  1],113,165,179,52,150
1,<environment.Job instance at 0x14ccd7365be0>,79,2,[2 5],115,156,158,41,150
1,<environment.Job instance at 0x14ccd7365050>,80,2,[1 6],116,158,160,42,150
1,<environment.Job instance at 0x14ccd7365b90>,81,12,[ 1 10],118,160,172,42,150
1,<environment.Job instance at 0x14ccd7365cd0>,82,3,[9 1],119,179,182,60,153
1,<environment.Job instance at 0x14ccd7365410>,83,17,[2 8],120,172,189,52,160
1,<environment.Job instance at 0x14cd05a77320>,84,17,[1 8],121,189,206,68,177
1,<environment.Job instance at 0x14cd05a775f0>,85,17,[ 2 11],122,206,223,84,194
1,<environment.Job instance at 0x14cd05a779b0>,86,25,[ 2 14],123,223,248,100,219
1,<environment.Job instance at 0x14cd05a77870>,87,1,[1 8],124,248,249,124,220
1,<environment.Job instance at 0x14cd05a77eb0>,88,3,[8 2],127,220,223,93,220
1,<environment.Job instance at 0x14cd05a77050>,89,3,[2 5],128,248,251,120,222
1,<environment.Job instance at 0x14cd05a77960>,90,3,[9 1],130,223,226,93,222
1,<environment.Job instance at 0x14cd05a77190>,91,2,[8 2],131,248,250,117,222
1,<environment.Job instance at 0x14cd05a77690>,92,1,[8 1],132,226,227,94,222
1,<environment.Job instance at 0x14cd05a77b40>,93,23,[7 1],133,250,273,117,244
1,<environment.Job instance at 0x14cd05a77410>,94,22,[5 2],134,249,271,115,244
1,<environment.Job instance at 0x14cd05a778c0>,95,22,[7 2],136,271,293,135,264
1,<environment.Job instance at 0x14ccd6e8bd20>,96,2,[2 9],137,264,266,127,264
1,<environment.Job instance at 0x14ccd6e8b0f0>,97,3,[ 2 10],138,266,269,128,264
1,<environment.Job instance at 0x14ccd6e8bb40>,98,1,[2 7],139,269,270,130,264
1,<environment.Job instance at 0x14ccd6e8ba00>,99,2,[ 2 10],142,273,275,131,264
1,<environment.Job instance at 0x14ccd6e8b7d0>,100,2,[8 1],143,275,277,132,264
1,<environment.Job instance at 0x14ccd6e8b4b0>,101,21,[5 1],144,277,298,133,269
1,<environment.Job instance at 0x14ccd6e8b5f0>,102,3,[9 1],145,293,296,148,269
1,<environment.Job instance at 0x14ccd6e8bdc0>,103,1,[9 2],146,296,297,150,269
1,<environment.Job instance at 0x14ccd6e8be10>,104,15,[2 6],148,277,292,129,269
1,<environment.Job instance at 0x14ccd6e8bcd0>,105,3,[7 2],150,297,300,147,271
1,<environment.Job instance at 0x14ccd6e8b9b0>,106,2,[ 2 10],151,297,299,146,271
1,<environment.Job instance at 0x14cd06580a50>,107,3,[ 1 12],155,292,295,137,271
1,<environment.Job instance at 0x14cd065800f0>,108,1,[10  1],157,300,301,143,272
1,<environment.Job instance at 0x14cd06580c30>,109,24,[5 2],158,298,322,140,293
1,<environment.Job instance at 0x14cd065807d0>,110,24,[2 7],161,301,325,140,296
1,<environment.Job instance at 0x14cd06580af0>,111,3,[1 8],162,322,325,160,296
1,<environment.Job instance at 0x14cd06580a00>,112,12,[1 6],164,301,313,137,296
1,<environment.Job instance at 0x14cd065809b0>,113,15,[6 2],167,325,340,158,311
1,<environment.Job instance at 0x14cd06580fa0>,114,18,[8 1],168,325,343,157,314
1,<environment.Job instance at 0x14ccd74a80a0>,5,1,[2 8],8,400,401,392,400
1,<environment.Job instance at 0x14ccd74a80f0>,6,3,[1 6],9,770,773,761,770
1,<environment.Job instance at 0x15102c3bb3c0>,19,3,[6 2],26,29,32,3,29
1,<environment.Job instance at 0x15102c431730>,23,2,[8 1],31,31,33,0,31
1,<environment.Job instance at 0x15102c300320>,24,12,[ 1 10],32,32,44,0,32
1,<environment.Job instance at 0x15102c300870>,25,2,[2 8],34,44,46,10,34
1,<environment.Job instance at 0x15102c3007d0>,26,1,[2 7],35,44,45,9,35
1,<environment.Job instance at 0x15102c300b40>,27,2,[2 7],36,45,47,9,36
1,<environment.Job instance at 0x15102c3053c0>,28,2,[2 7],37,46,48,9,40
1,<environment.Job instance at 0x15102c305910>,29,16,[10  2],39,47,63,8,40
1,<environment.Job instance at 0x15102c305d20>,30,15,[2 9],40,48,63,8,40
1,<environment.Job instance at 0x15102c305780>,31,3,[9 2],41,41,44,0,41
1,<environment.Job instance at 0x15102c42e410>,32,3,[2 9],42,63,66,21,42
1,<environment.Job instance at 0x15102c305b90>,33,1,[2 7],43,66,67,23,43
1,<environment.Job instance at 0x15102c311730>,34,15,[11  1],44,63,78,19,49
1,<environment.Job instance at 0x15102c311690>,35,2,[1 8],45,67,69,22,49
1,<environment.Job instance at 0x15102c311910>,36,3,[10  2],48,78,81,30,52
1,<environment.Job instance at 0x15102c311cd0>,37,2,[ 1 10],50,69,71,19,52
1,<environment.Job instance at 0x15102c311780>,38,1,[8 1],51,81,82,30,53
1,<environment.Job instance at 0x15102c311e10>,39,3,[1 5],52,63,66,11,53
1,<environment.Job instance at 0x15102c311230>,40,3,[1 6],53,66,69,13,53
1,<environment.Job instance at 0x15102c372640>,41,25,[12  2],54,82,107,28,78
1,<environment.Job instance at 0x15102c372b90>,42,1,[10  1],56,107,108,51,79
1,<environment.Job instance at 0x15102c319b90>,44,3,[1 8],58,79,82,21,79
1,<environment.Job instance at 0x15102c3192d0>,45,3,[2 8],60,82,85,22,79
1,<environment.Job instance at 0x15102c319140>,46,2,[2 8],61,85,87,24,79
1,<environment.Job instance at 0x15102c3191e0>,47,1,[1 6],63,81,82,18,79
1,<environment.Job instance at 0x15102c3195a0>,48,1,[2 9],65,87,88,22,79
1,<environment.Job instance at 0x15102c349c30>,22,1,[2 7],30,88,89,58,87
1,<environment.Job instance at 0x15102c3199b0>,49,16,[8 2],66,108,124,42,95
1,<environment.Job instance at 0x15102c31ceb0>,51,2,[8 2],69,124,126,55,97
1,<environment.Job instance at 0x15102c319780>,52,2,[1 7],72,97,99,25,97
1,<environment.Job instance at 0x15102c31c690>,53,3,[6 1],73,108,111,35,97
1,<environment.Job instance at 0x15102c31c500>,54,2,[2 5],75,97,99,22,97
1,<environment.Job instance at 0x15102c31cbe0>,55,16,[2 5],76,111,127,35,98
1,<environment.Job instance at 0x15102c31c960>,56,1,[10  2],79,126,127,47,98
1,<environment.Job instance at 0x15102c377b40>,57,22,[1 5],80,99,121,19,98
1,<environment.Job instance at 0x15102c30f780>,58,15,[2 9],82,127,142,45,113
1,<environment.Job instance at 0x15102be4a140>,59,1,[1 9],85,142,143,57,114
1,<environment.Job instance at 0x15102c32ca00>,60,17,[8 1],86,127,144,41,115
1,<environment.Job instance at 0x15102c32c6e0>,61,3,[1 5],87,121,124,34,115
1,<environment.Job instance at 0x15102c317eb0>,62,3,[9 2],88,144,147,56,118
1,<environment.Job instance at 0x15102c32c410>,63,3,[10  1],89,147,150,58,121
1,<environment.Job instance at 0x15102c32c910>,64,12,[9 1],91,150,162,59,133
1,<environment.Job instance at 0x15102be5da50>,65,3,[2 9],92,143,146,51,133
1,<environment.Job instance at 0x15102be5d730>,66,3,[1 9],93,146,149,53,133
1,<environment.Job instance at 0x15102be621e0>,67,1,[13  1],94,162,163,68,134
1,<environment.Job instance at 0x15102c2ff690>,68,3,[1 9],95,149,152,54,134
1,<environment.Job instance at 0x15102be661e0>,69,1,[2 5],96,134,135,38,134
1,<environment.Job instance at 0x15102be66780>,70,2,[ 2 10],97,152,154,55,134
1,<environment.Job instance at 0x15102be692d0>,71,3,[2 9],99,154,157,55,134
1,<environment.Job instance at 0x15102c355be0>,72,13,[7 2],102,163,176,61,147
1,<environment.Job instance at 0x15102be69730>,73,2,[6 2],103,157,159,54,147
1,<environment.Job instance at 0x15102be69500>,74,3,[6 2],106,159,162,53,147
1,<environment.Job instance at 0x15102c322870>,75,1,[1 6],107,162,163,55,147
1,<environment.Job instance at 0x15102c322820>,76,2,[2 5],108,147,149,39,147
1,<environment.Job instance at 0x15102c322af0>,77,2,[ 1 10],109,163,165,54,147
1,<environment.Job instance at 0x15102c3225a0>,78,3,[2 9],110,165,168,55,147
1,<environment.Job instance at 0x15102c3224b0>,79,3,[7 2],111,168,171,57,147
1,<environment.Job instance at 0x15102c322410>,80,14,[7 1],112,171,185,59,156
1,<environment.Job instance at 0x15102c322960>,81,3,[ 2 10],114,176,179,62,156
1,<environment.Job instance at 0x15102c32b3c0>,82,12,[2 8],115,179,191,64,162
1,<environment.Job instance at 0x15102bbf05a0>,83,1,[10  1],117,185,186,68,162
1,<environment.Job instance at 0x15102bbf0550>,84,2,[ 1 10],118,168,170,50,162
1,<environment.Job instance at 0x15102bbf00a0>,85,1,[7 2],120,163,164,43,162
1,<environment.Job instance at 0x15102bbf0870>,86,2,[1 8],121,170,172,49,162
1,<environment.Job instance at 0x15102bbf0280>,87,2,[2 6],122,179,181,57,162
1,<environment.Job instance at 0x15102bbf0690>,88,1,[1 5],123,162,163,39,162
1,<environment.Job instance at 0x15102bbf0eb0>,89,2,[1 9],126,172,174,46,162
1,<environment.Job instance at 0x15102bbf0730>,90,1,[2 7],127,186,187,59,162
1,<environment.Job instance at 0x15102bbf0e10>,91,1,[2 5],128,181,182,53,162
1,<environment.Job instance at 0x15102bbf0b40>,92,15,[7 1],129,187,202,58,173
1,<environment.Job instance at 0x15102bbf03c0>,93,2,[14  1],130,202,204,72,175
1,<environment.Job instance at 0x15102bbf0820>,94,1,[5 1],131,176,177,45,175
1,<environment.Job instance at 0x15102bbf06e0>,95,3,[2 8],132,191,194,59,175
1,<environment.Job instance at 0x15102bbf1960>,96,12,[9 2],134,204,216,70,187
1,<environment.Job instance at 0x15102be57b90>,97,15,[10  2],135,216,231,81,202
1,<environment.Job instance at 0x15102be572d0>,98,13,[ 1 10],136,202,215,66,202
1,<environment.Job instance at 0x15102bbefb90>,99,16,[8 1],137,231,247,94,218
1,<environment.Job instance at 0x15102bbef780>,100,17,[1 9],139,218,235,79,218
1,<environment.Job instance at 0x15102bbef410>,101,13,[2 9],140,235,248,95,219
1,<environment.Job instance at 0x15102bbef1e0>,102,1,[2 8],141,248,249,107,220
1,<environment.Job instance at 0x15102bbefeb0>,103,1,[ 2 10],142,249,250,107,221
1,<environment.Job instance at 0x15102bbeff00>,104,1,[ 2 14],143,250,251,107,222
1,<environment.Job instance at 0x15102bbef550>,105,1,[8 2],144,247,248,103,222
1,<environment.Job instance at 0x15102bbefc30>,106,15,[5 1],145,231,246,86,222
1,<environment.Job instance at 0x15102bbef2d0>,107,18,[1 8],146,251,269,105,240
1,<environment.Job instance at 0x15102bbfedc0>,108,2,[ 1 10],150,269,271,119,242
1,<environment.Job instance at 0x15102bbfed20>,109,3,[11  2],151,251,254,100,242
1,<environment.Job instance at 0x15102bbfefa0>,110,3,[ 2 10],152,271,274,119,245
1,<environment.Job instance at 0x15102bc082d0>,111,3,[2 5],153,251,254,98,245
1,<environment.Job instance at 0x15102bc08370>,112,1,[8 1],154,248,249,94,245
1,<environment.Job instance at 0x15102bc080f0>,113,3,[5 2],156,246,249,90,245
1,<environment.Job instance at 0x15102bc08500>,114,15,[9 2],157,254,269,97,245
1,<environment.Job instance at 0x15102bc08690>,115,18,[2 6],158,274,292,116,263
1,<environment.Job instance at 0x15102bc08730>,116,1,[1 6],159,274,275,115,263
1,<environment.Job instance at 0x15102bc087d0>,117,1,[1 7],160,275,276,115,263
1,<environment.Job instance at 0x15102bc08f00>,118,3,[9 1],163,269,272,106,263
1,<environment.Job instance at 0x15102bc0a190>,119,3,[12  1],164,272,275,108,263
1,<environment.Job instance at 0x15102bc0a370>,120,1,[1 8],166,276,277,110,263
1,<environment.Job instance at 0x15102bc0a410>,121,15,[1 6],167,277,292,110,263
1,<environment.Job instance at 0x15102bc0a050>,122,3,[7 2],168,277,280,109,263
1,<environment.Job instance at 0x15102bc0a460>,123,2,[1 8],169,292,294,123,265
1,<environment.Job instance at 0x15102bc0a5f0>,124,3,[1 7],171,292,295,121,266
1,<environment.Job instance at 0x15102bc0a690>,125,13,[ 1 14],172,295,308,123,279
1,<environment.Job instance at 0x15102bc0a230>,126,27,[1 8],173,308,335,135,306
1,<environment.Job instance at 0x15102bc0a960>,127,3,[1 9],174,335,338,161,309
1,<environment.Job instance at 0x15102bc0aa00>,128,2,[7 2],175,309,311,134,309
1,<environment.Job instance at 0x15102bc0abe0>,129,12,[6 1],176,309,321,133,309
1,<environment.Job instance at 0x15102c319be0>,50,12,[9 1],68,321,333,253,320
1,<environment.Job instance at 0x15102bc0ad70>,130,28,[2 8],179,345,373,166,345
1,<environment.Job instance at 0x15102c2c4a00>,20,2,[ 1 13],27,373,375,346,347
1,<environment.Job instance at 0x15102c4055f0>,21,3,[6 1],29,474,477,445,474
1,<environment.Job instance at 0x15102e393f50>,14,13,[ 2 10],22,24,37,2,24
1,<environment.Job instance at 0x15102e3935a0>,15,1,[1 7],23,37,38,14,24
1,<environment.Job instance at 0x15102e393a50>,16,1,[2 9],24,38,39,14,24
1,<environment.Job instance at 0x15102e393e10>,18,3,[ 2 10],27,39,42,12,31
1,<environment.Job instance at 0x15102e3931e0>,19,14,[10  1],29,31,45,2,31
1,<environment.Job instance at 0x15102e38c910>,20,12,[7 1],30,45,57,15,31
1,<environment.Job instance at 0x15102e3938c0>,21,2,[8 2],31,45,47,14,31
1,<environment.Job instance at 0x15102e38c190>,22,3,[8 1],32,47,50,15,32
1,<environment.Job instance at 0x15102e38c230>,23,2,[2 5],33,37,39,4,33
1,<environment.Job instance at 0x15102e38cd70>,24,3,[6 1],34,50,53,16,34
1,<environment.Job instance at 0x15102e38c550>,25,2,[10  1],35,57,59,22,35
1,<environment.Job instance at 0x15102e38c780>,26,3,[ 2 10],37,42,45,5,37
1,<environment.Job instance at 0x15102e38ce10>,27,18,[8 1],38,59,77,21,48
1,<environment.Job instance at 0x15102e386230>,28,16,[1 6],39,50,66,11,48
1,<environment.Job instance at 0x15102e3865a0>,29,17,[1 6],41,50,67,9,48
1,<environment.Job instance at 0x15102e386c80>,30,17,[7 1],42,67,84,25,55
1,<environment.Job instance at 0x15102e386f50>,31,1,[2 6],43,66,67,23,55
1,<environment.Job instance at 0x15102e386d20>,32,16,[9 1],46,84,100,38,71
1,<environment.Job instance at 0x15102e386d70>,33,15,[9 2],50,100,115,50,86
1,<environment.Job instance at 0x15102e386e10>,34,1,[9 1],51,115,116,64,87
1,<environment.Job instance at 0x15102e3866e0>,35,12,[1 5],52,87,99,35,87
1,<environment.Job instance at 0x15102e386c30>,36,2,[6 2],53,99,101,46,87
1,<environment.Job instance at 0x15102e386b90>,37,1,[9 1],55,116,117,61,88
1,<environment.Job instance at 0x15102e386be0>,39,1,[ 1 10],57,101,102,44,88
1,<environment.Job instance at 0x15102e386500>,40,2,[1 5],59,88,90,29,88
1,<environment.Job instance at 0x15102e3f1690>,41,3,[1 5],60,90,93,30,88
1,<environment.Job instance at 0x15102e386820>,42,2,[10  2],61,117,119,56,90
1,<environment.Job instance at 0x15102e3f1640>,43,3,[2 8],65,93,96,28,90
1,<environment.Job instance at 0x15102e3f1b90>,44,1,[2 6],66,96,97,30,90
1,<environment.Job instance at 0x15102e3f1d20>,45,2,[1 6],67,97,99,30,90
1,<environment.Job instance at 0x15102e3f1e10>,46,18,[7 2],69,119,137,50,108
1,<environment.Job instance at 0x15102e3f1d70>,47,1,[2 8],72,108,109,36,108
1,<environment.Job instance at 0x15102e3f1f00>,48,18,[10  1],76,137,155,61,126
1,<environment.Job instance at 0x15102e3f1c80>,49,2,[7 2],77,126,128,49,126
1,<environment.Job instance at 0x15102e3f1aa0>,50,2,[2 5],78,128,130,50,126
1,<environment.Job instance at 0x15102e3f17d0>,51,14,[2 8],79,128,142,49,126
1,<environment.Job instance at 0x15102e3f1730>,52,3,[8 1],82,155,158,73,129
1,<environment.Job instance at 0x15102e3f10f0>,53,1,[7 2],83,155,156,72,129
1,<environment.Job instance at 0x15102e3f19b0>,54,2,[5 2],84,130,132,46,129
1,<environment.Job instance at 0x15102e3f14b0>,55,2,[ 2 12],86,142,144,56,129
1,<environment.Job instance at 0x15102e3f1460>,56,14,[6 1],87,156,170,69,141
1,<environment.Job instance at 0x15102e3ffaf0>,57,15,[2 8],88,158,173,70,144
1,<environment.Job instance at 0x15102e3ff780>,58,16,[1 7],89,170,186,81,157
1,<environment.Job instance at 0x15102e3ff3c0>,59,13,[ 1 11],91,186,199,95,170
1,<environment.Job instance at 0x15102e3ffd70>,61,1,[1 5],93,177,178,84,177
1,<environment.Job instance at 0x15102e503d70>,65,3,[1 5],99,179,182,80,179
1,<environment.Job instance at 0x15102e503410>,66,21,[ 2 13],100,199,220,99,191
1,<environment.Job instance at 0x15102e503a00>,67,1,[2 8],101,220,221,119,192
1,<environment.Job instance at 0x15102e503b40>,68,1,[7 1],102,193,194,91,193
1,<environment.Job instance at 0x15102e5035f0>,69,18,[5 2],103,193,211,90,193
1,<environment.Job instance at 0x15102e503500>,70,2,[8 2],105,194,196,89,193
1,<environment.Job instance at 0x15102e503910>,71,3,[1 7],106,220,223,114,194
1,<environment.Job instance at 0x15102e503e10>,72,18,[8 1],107,221,239,114,210
1,<environment.Job instance at 0x15102e503f00>,73,1,[5 2],108,211,212,103,210
1,<environment.Job instance at 0x15102e5039b0>,74,1,[1 8],109,223,224,114,210
1,<environment.Job instance at 0x15102e503460>,75,3,[1 7],110,224,227,114,210
1,<environment.Job instance at 0x15102e503690>,76,2,[5 2],112,212,214,100,210
1,<environment.Job instance at 0x15102e503be0>,77,2,[1 7],114,221,223,107,210
1,<environment.Job instance at 0x15102e4928c0>,78,2,[5 2],115,214,216,99,210
1,<environment.Job instance at 0x15102e503cd0>,79,1,[1 6],117,223,224,106,210
1,<environment.Job instance at 0x15102e492af0>,80,12,[7 1],118,227,239,109,210
1,<environment.Job instance at 0x15102e492a00>,81,2,[10  1],119,216,218,97,210
1,<environment.Job instance at 0x15102e4927d0>,82,3,[2 7],120,224,227,104,210
1,<environment.Job instance at 0x15102e492a50>,83,17,[7 1],122,239,256,117,227
1,<environment.Job instance at 0x15102e492c80>,84,1,[2 5],124,239,240,115,227
1,<environment.Job instance at 0x15102e492fa0>,85,3,[1 8],125,239,242,114,227
1,<environment.Job instance at 0x15102e4a3820>,86,12,[7 2],127,240,252,113,227
1,<environment.Job instance at 0x15102e4a3460>,87,2,[7 2],129,252,254,123,227
1,<environment.Job instance at 0x15102e4a3eb0>,88,3,[ 2 10],131,254,257,123,228
1,<environment.Job instance at 0x15102e4a9e10>,89,14,[8 2],132,256,270,124,241
1,<environment.Job instance at 0x15102e4a99b0>,90,2,[2 5],134,257,259,123,241
1,<environment.Job instance at 0x15102e4a93c0>,91,1,[ 2 10],135,259,260,124,241
1,<environment.Job instance at 0x15102e4a90a0>,92,14,[8 1],136,270,284,134,255
1,<environment.Job instance at 0x15102e4a9550>,93,2,[ 1 10],137,260,262,123,255
1,<environment.Job instance at 0x15102e4a9a00>,94,3,[7 2],138,262,265,124,255
1,<environment.Job instance at 0x15102e4a9370>,95,21,[7 2],140,265,286,125,257
1,<environment.Job instance at 0x15102e4a92d0>,96,13,[5 2],141,284,297,143,268
1,<environment.Job instance at 0x15102bbf1c30>,97,3,[1 9],142,284,287,142,268
1,<environment.Job instance at 0x15102f7d4d70>,98,1,[6 1],143,286,287,143,268
1,<environment.Job instance at 0x15102e53f7d0>,99,3,[5 1],144,287,290,143,268
1,<environment.Job instance at 0x15102e57d500>,100,3,[1 7],149,287,290,138,268
1,<environment.Job instance at 0x15102e57d640>,101,12,[7 1],151,290,302,139,273
1,<environment.Job instance at 0x15102e57dd70>,102,20,[8 2],152,297,317,145,288
1,<environment.Job instance at 0x15102f7cd140>,103,2,[10  1],153,317,319,164,290
1,<environment.Job instance at 0x15102e4cf320>,104,3,[1 9],154,290,293,136,290
1,<environment.Job instance at 0x15102e34ed20>,105,3,[1 8],158,293,296,135,290
1,<environment.Job instance at 0x15102e57d230>,106,2,[2 7],161,302,304,141,290
1,<environment.Job instance at 0x15102e57d1e0>,107,2,[9 2],162,319,321,157,292
1,<environment.Job instance at 0x15102e5382d0>,108,3,[5 2],163,302,305,139,292
1,<environment.Job instance at 0x15102e57db40>,109,16,[7 2],164,321,337,157,308
1,<environment.Job instance at 0x15102e3a9aa0>,110,1,[ 2 10],165,308,309,143,308
1,<environment.Job instance at 0x15102e538eb0>,111,18,[5 2],167,308,326,141,308
1,<environment.Job instance at 0x15102e5381e0>,112,1,[1 8],168,309,310,141,308
1,<environment.Job instance at 0x15102e809cd0>,113,13,[1 7],170,319,332,149,308
1,<environment.Job instance at 0x15102e5380a0>,114,12,[2 9],173,332,344,159,315
1,<environment.Job instance at 0x15102e771730>,115,3,[5 2],174,326,329,152,315
1,<environment.Job instance at 0x15102e538320>,116,2,[ 2 10],175,315,317,140,315
1,<environment.Job instance at 0x15102e560050>,117,15,[8 2],176,337,352,161,323
1,<environment.Job instance at 0x15102c4361e0>,118,17,[10  1],178,352,369,174,340
1,<environment.Job instance at 0x15102e3ffa00>,64,3,[ 1 13],96,665,668,569,665
1,<environment.Job instance at 0x15102e382910>,7,3,[1 8],14,23,26,9,23
1,<environment.Job instance at 0x15102e3825f0>,5,2,[1 6],12,39,41,27,39
1,<environment.Job instance at 0x151039b615a0>,8,12,[9 2],10,10,22,0,10
1,<environment.Job instance at 0x151039b61550>,9,2,[2 6],11,11,13,0,11
1,<environment.Job instance at 0x151038013f50>,10,3,[9 2],12,22,25,10,12
1,<environment.Job instance at 0x151032387f50>,11,2,[10  2],13,25,27,12,13
1,<environment.Job instance at 0x151039478eb0>,12,16,[10  2],14,27,43,13,14
1,<environment.Job instance at 0x15102fcd0a50>,13,16,[ 2 10],15,15,31,0,15
1,<environment.Job instance at 0x15102fcd00a0>,14,2,[1 6],17,31,33,14,17
1,<environment.Job instance at 0x15102fc32a50>,15,15,[2 6],19,31,46,12,19
1,<environment.Job instance at 0x15103803f370>,16,2,[7 2],20,43,45,23,20
1,<environment.Job instance at 0x151039ac4f00>,17,13,[5 1],21,43,56,22,27
1,<environment.Job instance at 0x151039c05c30>,18,2,[1 8],22,45,47,23,27
1,<environment.Job instance at 0x151039474b40>,19,14,[6 1],23,46,60,23,31
1,<environment.Job instance at 0x15102fbcf320>,20,1,[2 5],24,33,34,9,31
1,<environment.Job instance at 0x151039af5780>,21,14,[2 8],25,47,61,22,32
1,<environment.Job instance at 0x151039b25f50>,22,2,[7 1],26,56,58,30,32
1,<environment.Job instance at 0x151039ad75f0>,23,3,[7 1],27,58,61,31,32
1,<environment.Job instance at 0x151039abcd70>,24,13,[10  1],28,61,74,33,45
1,<environment.Job instance at 0x15102b8c10a0>,25,25,[12  1],29,74,99,45,70
1,<environment.Job instance at 0x15102c3015f0>,27,2,[10  2],32,99,101,67,72
1,<environment.Job instance at 0x15102b595550>,28,3,[7 1],36,101,104,65,75
1,<environment.Job instance at 0x15102f856190>,29,3,[2 8],37,75,78,38,75
1,<environment.Job instance at 0x15102f8560a0>,30,3,[1 9],38,78,81,40,75
1,<environment.Job instance at 0x15102f856460>,31,16,[10  1],39,104,120,65,91
1,<environment.Job instance at 0x15102f7cd5a0>,32,3,[2 9],40,91,94,51,91
1,<environment.Job instance at 0x15102f8561e0>,33,23,[1 6],41,94,117,53,91
1,<environment.Job instance at 0x15102b6596e0>,34,12,[7 1],44,120,132,76,103
1,<environment.Job instance at 0x15102b659870>,35,3,[10  1],47,132,135,85,106
1,<environment.Job instance at 0x15102e357d20>,36,3,[6 1],49,120,123,71,106
1,<environment.Job instance at 0x15102e3579b0>,37,3,[8 1],50,123,126,73,106
1,<environment.Job instance at 0x15102e357370>,38,2,[7 1],52,126,128,74,106
1,<environment.Job instance at 0x15102e357e10>,39,18,[2 6],54,128,146,74,117
1,<environment.Job instance at 0x15102e3570a0>,40,1,[7 1],56,135,136,79,117
1,<environment.Job instance at 0x15102e357910>,41,2,[5 1],57,117,119,60,117
1,<environment.Job instance at 0x15102e357280>,42,14,[2 5],58,128,142,70,117
1,<environment.Job instance at 0x15102e357be0>,43,3,[5 2],60,136,139,76,117
1,<environment.Job instance at 0x15102e357c80>,44,12,[1 5],61,142,154,81,125
1,<environment.Job instance at 0x15102e357500>,45,13,[7 2],62,139,152,77,125
1,<environment.Job instance at 0x15102e357960>,46,3,[8 1],63,152,155,89,126
1,<environment.Job instance at 0x15102e357dc0>,47,3,[2 6],66,146,149,80,126
1,<environment.Job instance at 0x15102fc72eb0>,48,18,[1 5],67,149,167,82,138
1,<environment.Job instance at 0x151039484dc0>,49,16,[1 5],71,154,170,83,141
1,<environment.Job instance at 0x151039b21370>,50,1,[1 9],72,167,168,95,141
1,<environment.Job instance at 0x15102fc56190>,54,26,[2 8],78,168,194,90,165
1,<environment.Job instance at 0x151039b75140>,61,1,[6 2],92,176,177,84,176
1,<environment.Job instance at 0x15102e6e10f0>,71,21,[1 8],106,194,215,88,186
1,<environment.Job instance at 0x15102e5d88c0>,73,2,[6 1],109,186,188,77,186
1,<environment.Job instance at 0x15102e5d8d70>,75,3,[9 2],112,188,191,76,186
1,<environment.Job instance at 0x15102f7d0190>,76,2,[5 1],113,186,188,73,186
1,<environment.Job instance at 0x15102f7d0550>,77,17,[1 9],114,215,232,101,203
1,<environment.Job instance at 0x15102c3b76e0>,82,13,[10  1],125,203,216,78,203
1,<environment.Job instance at 0x15102be625f0>,83,2,[1 8],127,232,234,105,212
1,<environment.Job instance at 0x15102c2cdbe0>,87,2,[8 2],135,216,218,81,214
1,<environment.Job instance at 0x15102e5806e0>,88,1,[ 1 12],136,234,235,98,214
1,<environment.Job instance at 0x15102be620a0>,89,3,[6 2],137,216,219,79,215
1,<environment.Job instance at 0x15102be62050>,90,1,[8 1],139,218,219,79,215
1,<environment.Job instance at 0x15102e42ae10>,91,3,[1 9],141,235,238,94,215
1,<environment.Job instance at 0x15102fb90d70>,92,1,[2 9],144,238,239,94,216
1,<environment.Job instance at 0x151039c893c0>,93,2,[7 2],145,219,221,74,219
1,<environment.Job instance at 0x15102b9b0550>,95,13,[13  2],147,221,234,74,219
1,<environment.Job instance at 0x15102b9b0370>,96,3,[9 2],148,234,237,86,219
1,<environment.Job instance at 0x15102b9b0aa0>,97,2,[7 1],151,219,221,68,219
1,<environment.Job instance at 0x15102b9b0a00>,98,16,[ 1 10],152,239,255,87,226
1,<environment.Job instance at 0x15102b9b05f0>,99,3,[2 5],154,237,240,83,226
1,<environment.Job instance at 0x15102b9b0d20>,100,1,[8 1],155,237,238,82,226
1,<environment.Job instance at 0x15102b9b0960>,101,28,[5 1],156,240,268,84,239
1,<environment.Job instance at 0x15102b9b0730>,102,13,[8 2],157,240,253,83,239
1,<environment.Job instance at 0x15102f95a780>,103,18,[5 1],158,253,271,95,242
1,<environment.Job instance at 0x15102f95a5f0>,104,15,[6 1],159,268,283,109,254
1,<environment.Job instance at 0x15102f95ab40>,105,3,[6 2],160,271,274,111,254
1,<environment.Job instance at 0x15102f95ad20>,106,1,[6 2],161,274,275,113,254
1,<environment.Job instance at 0x15102f95a2d0>,107,17,[9 2],163,275,292,112,263
1,<environment.Job instance at 0x15102f95a4b0>,108,1,[7 1],164,292,293,128,264
1,<environment.Job instance at 0x15102f95a9b0>,109,12,[2 8],165,283,295,118,266
1,<environment.Job instance at 0x15102f95ac30>,110,3,[ 1 10],166,266,269,100,266
1,<environment.Job instance at 0x15102c3e0d70>,111,3,[1 5],167,269,272,102,266
1,<environment.Job instance at 0x15102c3e0960>,112,3,[2 7],168,269,272,101,266
1,<environment.Job instance at 0x15102c3e00f0>,113,13,[2 5],169,283,296,114,267
1,<environment.Job instance at 0x15102c3e0550>,114,2,[2 8],170,272,274,102,267
1,<environment.Job instance at 0x15102c3e0b90>,115,2,[5 1],171,293,295,122,267
1,<environment.Job instance at 0x15102c3e0230>,116,1,[6 2],176,295,296,119,267
1,<environment.Job instance at 0x15102c3e0af0>,117,1,[1 9],177,274,275,97,267
1,<environment.Job instance at 0x15102c425aa0>,118,3,[7 1],178,295,298,117,269
1,<environment.Job instance at 0x15102c425e60>,119,3,[7 2],179,296,299,117,270
1,<environment.Job instance at 0x151039b61b40>,6,1,[10  1],8,338,339,330,338
1,<environment.Job instance at 0x15102bbaf370>,10,1,[10  2],17,42,43,25,42
1,<environment.Job instance at 0x15102e333b40>,18,12,[1 7],27,42,54,15,42
1,<environment.Job instance at 0x15102e333050>,19,1,[ 1 10],29,54,55,25,42
1,<environment.Job instance at 0x15102e7db230>,20,19,[2 5],30,42,61,12,42
1,<environment.Job instance at 0x15102e7dbfa0>,21,17,[2 9],31,55,72,24,43
1,<environment.Job instance at 0x15102bb0b960>,22,3,[6 2],32,49,52,17,49
1,<environment.Job instance at 0x15102bc0f1e0>,23,2,[6 2],33,52,54,19,52
1,<environment.Job instance at 0x15102bbc3690>,24,17,[5 2],34,61,78,27,52
1,<environment.Job instance at 0x15102bb0b410>,25,1,[6 1],36,52,53,16,52
1,<environment.Job instance at 0x15102bb0b8c0>,26,12,[ 1 10],37,72,84,35,55
1,<environment.Job instance at 0x151068091eb0>,27,3,[2 7],39,84,87,45,65
1,<environment.Job instance at 0x15102f801050>,34,3,[7 1],46,67,70,21,67
1,<environment.Job instance at 0x15102f801280>,35,14,[8 2],47,70,84,23,67
1,<environment.Job instance at 0x15102f8013c0>,36,2,[1 9],49,87,89,38,67
1,<environment.Job instance at 0x15102f8010f0>,37,2,[7 2],50,84,86,34,67
1,<environment.Job instance at 0x15102f801cd0>,38,3,[5 2],52,78,81,26,67
1,<environment.Job instance at 0x15102e34e410>,39,13,[2 8],53,89,102,36,73
1,<environment.Job instance at 0x15102e34ed20>,40,1,[8 1],54,86,87,32,73
1,<environment.Job instance at 0x15102e34eaf0>,42,1,[10  1],58,87,88,29,73
1,<environment.Job instance at 0x15102bc0db90>,43,1,[5 2],59,81,82,22,73
1,<environment.Job instance at 0x15102bc0d3c0>,44,17,[10  1],60,88,105,28,76
1,<environment.Job instance at 0x15102e359500>,45,25,[9 1],61,105,130,44,101
1,<environment.Job instance at 0x15102e359fa0>,46,1,[10  2],63,130,131,67,102
1,<environment.Job instance at 0x15102e359d20>,47,21,[ 2 10],64,102,123,38,102
1,<environment.Job instance at 0x15102e359af0>,48,21,[2 5],65,123,144,58,115
1,<environment.Job instance at 0x15102e359e60>,49,15,[5 2],66,131,146,65,117
1,<environment.Job instance at 0x15102bbd0370>,50,3,[2 7],68,123,126,55,117
1,<environment.Job instance at 0x15102bbd0f50>,51,15,[7 2],69,131,146,62,117
1,<environment.Job instance at 0x15102bbd0c30>,52,15,[6 1],70,146,161,76,132
1,<environment.Job instance at 0x15102bbd04b0>,53,2,[2 9],71,144,146,73,132
1,<environment.Job instance at 0x15102bbd0230>,54,2,[1 5],72,132,134,60,132
1,<environment.Job instance at 0x15102bc11fa0>,55,16,[1 8],73,146,162,73,133
1,<environment.Job instance at 0x15102c311d70>,56,14,[2 6],75,146,160,71,133
1,<environment.Job instance at 0x15102c3fef50>,57,1,[9 1],76,161,162,85,133
1,<environment.Job instance at 0x15102c3fee60>,58,17,[2 5],77,160,177,83,148
1,<environment.Job instance at 0x15102e73f2d0>,59,2,[10  2],78,162,164,84,148
1,<environment.Job instance at 0x15102b7d9cd0>,60,15,[9 2],80,164,179,84,150
1,<environment.Job instance at 0x15102b9fea00>,61,2,[5 2],81,177,179,96,150
1,<environment.Job instance at 0x151039b8f640>,62,2,[5 1],82,179,181,97,152
1,<environment.Job instance at 0x15102b7b8f50>,63,1,[1 7],83,162,163,79,152
1,<environment.Job instance at 0x15102bafe640>,64,17,[9 1],86,179,196,93,167
1,<environment.Job instance at 0x15102e73f050>,65,1,[6 2],87,181,182,94,167
1,<environment.Job instance at 0x15102e73ff00>,66,1,[5 1],88,182,183,94,167
1,<environment.Job instance at 0x15102b4f61e0>,67,1,[2 6],90,167,168,77,167
1,<environment.Job instance at 0x15102bb0e4b0>,68,3,[2 6],91,168,171,77,167
1,<environment.Job instance at 0x15102e7fa9b0>,69,2,[9 1],92,196,198,104,169
1,<environment.Job instance at 0x15102e7faf00>,70,13,[6 1],94,183,196,89,169
1,<environment.Job instance at 0x15102be57050>,71,2,[7 2],95,198,200,103,171
1,<environment.Job instance at 0x15102be57b40>,72,2,[9 2],96,200,202,104,173
1,<environment.Job instance at 0x15102be57280>,73,3,[5 1],97,196,199,99,173
1,<environment.Job instance at 0x15102be57960>,74,2,[ 1 10],98,177,179,79,173
1,<environment.Job instance at 0x15102be57780>,75,13,[2 6],99,198,211,99,182
1,<environment.Job instance at 0x15102be57cd0>,76,17,[12  1],100,202,219,102,190
1,<environment.Job instance at 0x15106810a6e0>,77,1,[8 2],103,219,220,116,191
1,<environment.Job instance at 0x15106810acd0>,78,17,[7 1],104,219,236,115,207
1,<environment.Job instance at 0x1510681170a0>,79,17,[2 7],105,220,237,115,208
1,<environment.Job instance at 0x151068117eb0>,80,13,[2 8],106,236,249,130,220
1,<environment.Job instance at 0x151068117050>,81,16,[6 1],107,220,236,113,220
1,<environment.Job instance at 0x15102e639140>,82,1,[8 2],108,237,238,129,220
1,<environment.Job instance at 0x15102e639820>,83,1,[5 2],109,237,238,128,220
1,<environment.Job instance at 0x15103a7811e0>,84,1,[7 1],110,238,239,128,220
1,<environment.Job instance at 0x15102e639f50>,85,1,[1 8],111,249,250,138,221
1,<environment.Job instance at 0x15102e639230>,86,2,[6 2],112,238,240,126,221
1,<environment.Job instance at 0x15102b7dc910>,87,13,[2 9],113,250,263,137,234
1,<environment.Job instance at 0x15102b7e55f0>,92,1,[5 1],120,239,240,119,234
1,<environment.Job instance at 0x15102b7e5cd0>,93,14,[2 9],121,263,277,142,248
1,<environment.Job instance at 0x15102b7e5dc0>,94,2,[7 2],122,248,250,126,248
1,<environment.Job instance at 0x15102b7e5d20>,95,3,[10  1],123,250,253,127,248
1,<environment.Job instance at 0x15102b7e5e60>,96,3,[6 1],124,253,256,129,248
1,<environment.Job instance at 0x15102b7e58c0>,97,1,[13  1],125,256,257,131,248
1,<environment.Job instance at 0x15102b7e5a00>,98,3,[2 7],126,277,280,151,251
1,<environment.Job instance at 0x15102b7e5730>,99,1,[5 1],127,253,254,126,251
1,<environment.Job instance at 0x15102b7e5e10>,100,17,[1 8],128,277,294,149,265
1,<environment.Job instance at 0x15102b7e5370>,101,3,[5 2],129,265,268,136,265
1,<environment.Job instance at 0x15102b7e55a0>,102,2,[8 2],130,265,267,135,265
1,<environment.Job instance at 0x15102b7e5f50>,103,3,[2 8],131,294,297,163,268
1,<environment.Job instance at 0x15102b7e5230>,104,2,[2 5],132,268,270,136,268
1,<environment.Job instance at 0x15102e366140>,105,13,[7 2],134,280,293,146,268
1,<environment.Job instance at 0x15102e3663c0>,106,22,[8 1],135,293,315,158,286
1,<environment.Job instance at 0x15102e366230>,107,15,[ 2 10],136,297,312,161,286
1,<environment.Job instance at 0x15102e3661e0>,108,3,[10  2],137,315,318,178,289
1,<environment.Job instance at 0x15102e366d70>,109,3,[2 5],139,289,292,150,289
1,<environment.Job instance at 0x15102e366b90>,110,17,[1 7],140,312,329,172,300
1,<environment.Job instance at 0x15102e366870>,111,3,[7 2],141,318,321,177,300
1,<environment.Job instance at 0x15102e366960>,112,2,[2 9],142,329,331,187,302
1,<environment.Job instance at 0x15102e366dc0>,113,2,[2 7],143,312,314,169,302
1,<environment.Job instance at 0x15102e366820>,114,18,[6 1],145,318,336,173,307
1,<environment.Job instance at 0x15102e366cd0>,115,15,[2 9],146,331,346,185,317
1,<environment.Job instance at 0x15102e366280>,116,2,[10  1],147,336,338,189,317
1,<environment.Job instance at 0x15102e366730>,117,22,[2 6],149,338,360,189,331
1,<environment.Job instance at 0x15102e366fa0>,118,1,[ 1 14],150,360,361,210,332
1,<environment.Job instance at 0x15102e366370>,119,16,[6 2],151,361,377,210,348
1,<environment.Job instance at 0x15102e366d20>,120,1,[6 1],152,348,349,196,348
1,<environment.Job instance at 0x15102e3666e0>,121,2,[9 1],154,349,351,195,348
1,<environment.Job instance at 0x15102e835f00>,122,19,[1 5],156,361,380,205,351
1,<environment.Job instance at 0x15102e835d20>,123,1,[8 1],157,351,352,194,351
1,<environment.Job instance at 0x15102e835c30>,124,1,[5 1],159,351,352,192,351
1,<environment.Job instance at 0x15102e835eb0>,125,2,[7 2],160,352,354,192,351
1,<environment.Job instance at 0x15102e835dc0>,126,3,[ 2 14],162,380,383,218,354
1,<environment.Job instance at 0x15102e835cd0>,127,3,[1 8],163,354,357,191,354
1,<environment.Job instance at 0x15102e8358c0>,128,1,[ 2 10],164,377,378,213,354
1,<environment.Job instance at 0x15102e835460>,129,2,[7 2],166,357,359,191,354
1,<environment.Job instance at 0x15102e835870>,130,1,[6 1],167,354,355,187,354
1,<environment.Job instance at 0x15102e835af0>,131,2,[6 1],169,355,357,186,354
1,<environment.Job instance at 0x15102e835960>,132,17,[1 7],170,383,400,213,371
1,<environment.Job instance at 0x15102e4cfe10>,133,15,[10  2],174,383,398,209,371
1,<environment.Job instance at 0x15102e4cf0a0>,134,2,[7 2],175,371,373,196,371
1,<environment.Job instance at 0x15102e4cf370>,135,1,[1 5],177,371,372,194,371
1,<environment.Job instance at 0x15102e4cfa00>,136,14,[5 2],179,398,412,219,383
1,<environment.Job instance at 0x15102bbafa50>,7,2,[10  2],13,421,423,408,421
1,<environment.Job instance at 0x15102bbdee60>,17,2,[1 8],25,425,427,400,425
1,<environment.Job instance at 0x15102b738c80>,18,21,[6 1],30,30,51,0,30
1,<environment.Job instance at 0x15102e4f85f0>,23,1,[1 7],38,64,65,26,64
1,<environment.Job instance at 0x15102e4f8320>,24,1,[1 7],40,101,102,61,101
1,<environment.Job instance at 0x15102e4f8cd0>,25,12,[2 8],41,101,113,60,101
1,<environment.Job instance at 0x15102e4f89b0>,26,27,[5 2],42,102,129,60,101
1,<environment.Job instance at 0x15102e4f83c0>,27,27,[1 9],43,113,140,70,111
1,<environment.Job instance at 0x15102e4f8280>,28,1,[9 1],44,113,114,69,111
1,<environment.Job instance at 0x15102e4f8aa0>,29,1,[ 2 10],45,140,141,95,120
1,<environment.Job instance at 0x15102e4f80f0>,30,12,[2 8],48,141,153,93,124
1,<environment.Job instance at 0x15102e4f8730>,31,3,[ 1 10],51,153,156,102,133
1,<environment.Job instance at 0x15102e4f8a00>,32,1,[8 2],52,136,137,84,136
1,<environment.Job instance at 0x15102e4f8550>,33,18,[9 1],53,137,155,84,136
1,<environment.Job instance at 0x15102e4f8eb0>,34,2,[8 1],55,155,157,100,136
1,<environment.Job instance at 0x15102e4f8910>,35,13,[8 2],56,157,170,101,141
1,<environment.Job instance at 0x15102ba73b40>,36,1,[7 1],57,156,157,99,141
1,<environment.Job instance at 0x15102e4f8dc0>,37,1,[2 6],59,141,142,82,141
1,<environment.Job instance at 0x15102e4f8140>,38,3,[1 5],60,142,145,82,141
1,<environment.Job instance at 0x15102e4f85a0>,39,3,[8 2],63,170,173,107,144
1,<environment.Job instance at 0x15102bbe26e0>,40,1,[1 7],64,157,158,93,144
1,<environment.Job instance at 0x15102bbe22d0>,41,3,[2 8],65,158,161,93,144
1,<environment.Job instance at 0x15102bbe2a50>,42,2,[7 1],66,161,163,95,144
1,<environment.Job instance at 0x15102bbe24b0>,43,28,[1 6],67,163,191,96,162
1,<environment.Job instance at 0x15102bbe27d0>,44,1,[1 7],70,163,164,93,162
1,<environment.Job instance at 0x15102bbe2370>,45,21,[9 1],71,173,194,102,165
1,<environment.Job instance at 0x15102fbcac80>,46,16,[1 6],72,165,181,93,165
1,<environment.Job instance at 0x15102bbe2550>,47,15,[10  2],73,194,209,121,180
1,<environment.Job instance at 0x15102fbca780>,48,2,[5 1],75,181,183,106,180
1,<environment.Job instance at 0x15102b921a00>,49,2,[ 2 10],76,191,193,115,180
1,<environment.Job instance at 0x15102b921c80>,50,3,[5 1],77,183,186,106,180
1,<environment.Job instance at 0x15102b921eb0>,51,1,[1 9],79,193,194,114,180
1,<environment.Job instance at 0x15102b578c30>,52,1,[2 7],80,186,187,106,180
1,<environment.Job instance at 0x15102b578aa0>,53,2,[1 8],81,187,189,106,180
1,<environment.Job instance at 0x15102bc1c7d0>,54,1,[1 9],83,194,195,111,180
1,<environment.Job instance at 0x15102bc1ce10>,55,2,[ 2 10],85,195,197,110,180
1,<environment.Job instance at 0x15102bc1c410>,56,3,[9 1],86,209,212,123,183
1,<environment.Job instance at 0x15102bc1c5a0>,57,12,[9 1],87,212,224,125,195
1,<environment.Job instance at 0x15102bc1c730>,58,20,[ 2 11],88,197,217,109,195
1,<environment.Job instance at 0x15102bc1cb90>,59,16,[9 2],90,224,240,134,211
1,<environment.Job instance at 0x15102bc1caa0>,60,3,[ 2 10],91,217,220,126,211
1,<environment.Job instance at 0x15102bc1cbe0>,61,15,[6 1],93,220,235,127,211
1,<environment.Job instance at 0x15103a779d20>,62,1,[9 2],94,240,241,146,212
1,<environment.Job instance at 0x15103a7795f0>,63,1,[2 8],95,235,236,140,212
1,<environment.Job instance at 0x15102b3b4eb0>,64,1,[5 1],96,236,237,140,212
1,<environment.Job instance at 0x15102b3b4e60>,65,1,[8 1],98,241,242,143,213
1,<environment.Job instance at 0x15102e75b460>,66,1,[1 8],100,236,237,136,213
1,<environment.Job instance at 0x15102f89ce10>,67,1,[2 9],101,237,238,136,213
1,<environment.Job instance at 0x151039c26230>,68,3,[1 9],102,238,241,136,213
1,<environment.Job instance at 0x15102f89c410>,69,14,[ 1 10],104,241,255,137,226
1,<environment.Job instance at 0x15102c32f6e0>,70,1,[7 2],105,242,243,137,226
1,<environment.Job instance at 0x15102b85ad70>,71,1,[10  1],106,243,244,137,226
1,<environment.Job instance at 0x15102e7e3190>,72,3,[2 5],108,244,247,136,226
1,<environment.Job instance at 0x151068091230>,73,2,[6 2],109,241,243,132,226
1,<environment.Job instance at 0x15102b997f00>,74,18,[2 9],110,255,273,145,244
1,<environment.Job instance at 0x15102b7294b0>,75,3,[2 9],111,273,276,162,254
1,<environment.Job instance at 0x15102b5485a0>,76,1,[1 6],112,264,265,152,264
1,<environment.Job instance at 0x15102f87baa0>,77,1,[10  1],113,265,266,152,265
1,<environment.Job instance at 0x15102f87b550>,78,17,[5 1],114,266,283,152,265
1,<environment.Job instance at 0x15102f87b910>,79,1,[7 1],115,266,267,151,265
1,<environment.Job instance at 0x15102f87b8c0>,80,3,[9 2],116,276,279,160,265
1,<environment.Job instance at 0x15102f87b690>,81,2,[1 8],117,276,278,159,265
1,<environment.Job instance at 0x15102f87bcd0>,82,26,[8 1],118,279,305,161,276
1,<environment.Job instance at 0x15102f87b870>,83,3,[2 5],119,279,282,160,276
1,<environment.Job instance at 0x15102f87b640>,84,2,[8 1],120,305,307,185,278
1,<environment.Job instance at 0x15102f87b460>,85,27,[6 1],121,283,310,162,281
1,<environment.Job instance at 0x15102f87b1e0>,86,21,[9 2],122,307,328,185,299
1,<environment.Job instance at 0x15102f87ba50>,87,17,[7 2],123,328,345,205,316
1,<environment.Job instance at 0x15102f87b190>,88,16,[5 2],124,316,332,192,316
1,<environment.Job instance at 0x15102f87bdc0>,89,2,[2 9],125,328,330,203,316
1,<environment.Job instance at 0x15102f87b280>,90,13,[2 8],127,330,343,203,316
1,<environment.Job instance at 0x1510680a82d0>,91,3,[7 2],128,343,346,215,317
1,<environment.Job instance at 0x1510680a8370>,92,17,[ 2 10],129,345,362,216,333
1,<environment.Job instance at 0x1510680a8aa0>,93,1,[1 8],132,343,344,211,333
1,<environment.Job instance at 0x1510680a8280>,94,16,[5 2],133,345,361,212,333
1,<environment.Job instance at 0x1510680a8230>,95,1,[6 1],135,333,334,198,333
1,<environment.Job instance at 0x15102b824af0>,96,28,[14  1],138,362,390,224,361
1,<environment.Job instance at 0x15102b824c30>,97,2,[1 7],139,362,364,223,361
1,<environment.Job instance at 0x15102b824820>,98,3,[7 1],140,390,393,250,364
1,<environment.Job instance at 0x15102b824140>,99,1,[6 1],141,390,391,249,364
1,<environment.Job instance at 0x15102b824d70>,100,15,[6 2],142,391,406,249,377
1,<environment.Job instance at 0x15102b824230>,101,3,[2 9],143,390,393,247,377
1,<environment.Job instance at 0x15102b824f50>,102,17,[1 8],145,393,410,248,381
1,<environment.Job instance at 0x15102b8240a0>,103,2,[11  2],146,406,408,260,381
1,<environment.Job instance at 0x15102b8242d0>,104,16,[2 7],147,408,424,261,395
1,<environment.Job instance at 0x15102b824730>,105,2,[1 8],149,410,412,261,404
1,<environment.Job instance at 0x15102be69550>,106,2,[1 5],150,404,406,254,404
1,<environment.Job instance at 0x15102be69460>,107,1,[1 5],151,406,407,255,404
1,<environment.Job instance at 0x15102be69140>,108,2,[9 1],152,412,414,260,404
1,<environment.Job instance at 0x15102be698c0>,109,3,[9 2],153,414,417,261,404
1,<environment.Job instance at 0x15102be69410>,110,17,[5 2],154,417,434,263,405
1,<environment.Job instance at 0x15102be69be0>,111,2,[2 6],156,412,414,256,405
1,<environment.Job instance at 0x15102be69dc0>,112,1,[ 1 10],157,424,425,267,405
1,<environment.Job instance at 0x15102be695f0>,113,1,[2 7],158,425,426,267,405
1,<environment.Job instance at 0x15102be69870>,114,2,[2 6],159,414,416,255,405
1,<environment.Job instance at 0x15102be69d20>,115,17,[5 2],160,417,434,257,405
1,<environment.Job instance at 0x15102be69e10>,116,2,[5 1],162,426,428,264,405
1,<environment.Job instance at 0x15102e763320>,117,2,[8 2],163,434,436,271,407
1,<environment.Job instance at 0x15102e763550>,118,2,[12  1],165,436,438,271,409
1,<environment.Job instance at 0x15102e763190>,119,14,[1 9],166,428,442,262,413
1,<environment.Job instance at 0x15102e7638c0>,120,1,[2 8],167,442,443,275,414
1,<environment.Job instance at 0x15102e763aa0>,121,18,[10  2],168,438,456,270,427
1,<environment.Job instance at 0x15102e763d20>,122,12,[2 9],169,443,455,274,427
1,<environment.Job instance at 0x15102e763370>,123,15,[2 5],170,455,470,285,441
1,<environment.Job instance at 0x15102e763cd0>,124,3,[1 6],171,455,458,284,441
1,<environment.Job instance at 0x15102e763dc0>,125,2,[1 8],173,458,460,285,441
1,<environment.Job instance at 0x15102e763f50>,126,17,[7 1],174,456,473,282,444
1,<environment.Job instance at 0x15102e763140>,127,16,[8 2],175,470,486,295,457
1,<environment.Job instance at 0x15102e763410>,128,3,[1 5],178,460,463,282,457
1,<environment.Job instance at 0x15102e763460>,129,1,[10  1],179,486,487,307,458
1,<environment.Job instance at 0x15103a52f8c0>,21,1,[ 2 10],34,653,654,619,653
1,<environment.Job instance at 0x15103a52c870>,14,3,[9 1],20,20,23,0,20
1,<environment.Job instance at 0x15102c2d4b40>,17,12,[ 1 10],23,23,35,0,23
1,<environment.Job instance at 0x15102b12c4b0>,18,2,[1 7],24,35,37,11,24
1,<environment.Job instance at 0x15102e560460>,19,1,[6 2],27,27,28,0,27
1,<environment.Job instance at 0x15102c2d45f0>,20,3,[5 2],28,28,31,0,28
1,<environment.Job instance at 0x15102b280910>,21,15,[8 1],29,29,44,0,29
1,<environment.Job instance at 0x15102e419b90>,22,3,[2 7],30,35,38,5,30
1,<environment.Job instance at 0x15102e4191e0>,23,2,[8 2],32,44,46,12,32
1,<environment.Job instance at 0x15102e4195a0>,24,14,[2 9],37,38,52,1,37
1,<environment.Job instance at 0x15102b115140>,25,1,[5 2],39,39,40,0,39
1,<environment.Job instance at 0x15102afc72d0>,26,13,[7 2],40,46,59,6,40
1,<environment.Job instance at 0x15102e6a8780>,27,1,[7 2],42,52,53,10,42
1,<environment.Job instance at 0x15102e6a8fa0>,28,1,[2 8],43,53,54,10,43
1,<environment.Job instance at 0x15102e6a8e60>,29,2,[2 9],44,54,56,10,44
1,<environment.Job instance at 0x15102e6a8690>,30,3,[2 6],45,56,59,11,45
1,<environment.Job instance at 0x15102aff5f50>,31,2,[7 1],47,59,61,12,47
1,<environment.Job instance at 0x15102e6a84b0>,32,1,[ 1 10],48,52,53,4,48
1,<environment.Job instance at 0x15102b6e3910>,33,26,[2 5],49,56,82,7,53
1,<environment.Job instance at 0x15102b6e31e0>,34,3,[1 9],51,59,62,8,53
1,<environment.Job instance at 0x15102afa30a0>,35,17,[1 5],52,62,79,10,53
1,<environment.Job instance at 0x15102b6e3a00>,36,3,[8 1],54,61,64,7,54
1,<environment.Job instance at 0x15102af3ccd0>,37,1,[1 8],55,79,80,24,55
1,<environment.Job instance at 0x15102af3cc30>,38,1,[10  2],59,64,65,5,59
1,<environment.Job instance at 0x15102af3cbe0>,39,2,[2 6],60,80,82,20,60
1,<environment.Job instance at 0x15102b087280>,40,1,[1 5],61,65,66,4,61
1,<environment.Job instance at 0x15102b18edc0>,41,3,[7 2],63,66,69,3,63
1,<environment.Job instance at 0x15102b142be0>,42,1,[2 8],64,82,83,18,64
1,<environment.Job instance at 0x15102b18ef00>,43,18,[1 7],66,82,100,16,71
1,<environment.Job instance at 0x1510bb76c8c0>,44,3,[10  1],68,71,74,3,71
1,<environment.Job instance at 0x1510680b9f00>,45,2,[ 2 13],69,100,102,31,73
1,<environment.Job instance at 0x15102b80a500>,46,3,[7 2],71,74,77,3,73
1,<environment.Job instance at 0x15102b80a320>,47,28,[2 5],73,102,130,29,101
1,<environment.Job instance at 0x15102c30fd70>,50,3,[6 2],76,101,104,25,101
1,<environment.Job instance at 0x15102af4b2d0>,12,1,[ 2 13],18,130,131,112,114
1,<environment.Job instance at 0x15102c30ff00>,51,16,[ 1 11],77,131,147,54,118
1,<environment.Job instance at 0x1510680531e0>,53,1,[1 5],80,118,119,38,118
1,<environment.Job instance at 0x15102af46aa0>,54,2,[2 8],81,119,121,38,118
1,<environment.Job instance at 0x15102af466e0>,55,24,[2 9],82,147,171,65,142
1,<environment.Job instance at 0x15102b1eec30>,56,3,[2 5],85,147,150,62,142
1,<environment.Job instance at 0x15102af46d70>,57,18,[5 2],87,150,168,63,142
1,<environment.Job instance at 0x15102af46af0>,58,1,[1 6],88,168,169,80,142
1,<environment.Job instance at 0x15102af46b90>,59,2,[2 6],90,169,171,79,142
1,<environment.Job instance at 0x15102b206190>,60,2,[6 2],91,142,144,51,142
1,<environment.Job instance at 0x15102b206b90>,61,3,[2 7],92,171,174,79,145
1,<environment.Job instance at 0x15102b206730>,62,1,[10  1],96,145,146,49,145
1,<environment.Job instance at 0x15102f8278c0>,63,3,[10  1],97,146,149,49,145
1,<environment.Job instance at 0x15102f785d20>,64,2,[6 1],98,149,151,51,145
1,<environment.Job instance at 0x15102f827550>,65,3,[1 5],99,171,174,72,145
1,<environment.Job instance at 0x15102f827820>,66,2,[10  2],100,171,173,71,145
1,<environment.Job instance at 0x15102f827690>,67,1,[9 1],101,173,174,72,145
1,<environment.Job instance at 0x15102b266f00>,68,1,[1 8],102,174,175,72,146
1,<environment.Job instance at 0x151039af33c0>,69,25,[9 1],103,174,199,71,170
1,<environment.Job instance at 0x15102af75a00>,70,3,[2 7],104,175,178,71,170
1,<environment.Job instance at 0x15102af75a50>,71,1,[7 1],105,199,200,94,171
1,<environment.Job instance at 0x15102b042640>,72,2,[7 2],106,199,201,93,172
1,<environment.Job instance at 0x151068b53dc0>,73,13,[10  1],108,201,214,93,185
1,<environment.Job instance at 0x15102b774820>,74,3,[2 6],109,185,188,76,185
1,<environment.Job instance at 0x151068b53780>,75,2,[8 1],110,214,216,104,187
1,<environment.Job instance at 0x15102b774050>,76,1,[6 2],111,188,189,77,187
1,<environment.Job instance at 0x15102b774c80>,77,1,[9 1],112,216,217,104,188
1,<environment.Job instance at 0x15102e40d320>,78,1,[2 5],114,189,190,75,188
1,<environment.Job instance at 0x15102b774f00>,79,3,[10  2],117,217,220,100,191
1,<environment.Job instance at 0x15102e4ee690>,80,1,[2 7],118,191,192,73,191
1,<environment.Job instance at 0x15102e76b050>,81,2,[ 1 14],120,192,194,72,191
1,<environment.Job instance at 0x151039c265a0>,82,1,[7 2],121,200,201,79,191
1,<environment.Job instance at 0x1510681b1dc0>,83,3,[9 1],122,220,223,98,194
1,<environment.Job instance at 0x151039c264b0>,84,15,[6 1],123,220,235,97,206
1,<environment.Job instance at 0x151039c26d70>,85,1,[2 5],124,206,207,82,206
1,<environment.Job instance at 0x151039c26c80>,86,2,[1 5],126,206,208,80,206
1,<environment.Job instance at 0x15102fc98500>,87,3,[2 8],127,207,210,80,206
1,<environment.Job instance at 0x15102fc98af0>,88,17,[10  1],128,235,252,107,223
1,<environment.Job instance at 0x1510680d00a0>,89,26,[5 2],129,223,249,94,223
1,<environment.Job instance at 0x151068c02960>,90,1,[8 2],130,252,253,122,224
1,<environment.Job instance at 0x15102b8c0b40>,91,2,[2 6],131,224,226,93,224
1,<environment.Job instance at 0x15102b8c0550>,92,3,[1 9],132,226,229,94,224
1,<environment.Job instance at 0x15102b8c01e0>,93,2,[1 7],134,229,231,95,224
1,<environment.Job instance at 0x15102f7ff870>,94,3,[2 9],135,231,234,96,224
1,<environment.Job instance at 0x15102f7ff5f0>,95,2,[6 1],136,252,254,116,225
1,<environment.Job instance at 0x15102f7ff230>,96,1,[5 1],137,249,250,112,225
1,<environment.Job instance at 0x15102f7fffa0>,97,16,[2 6],138,253,269,115,240
1,<environment.Job instance at 0x15102f7ff640>,98,2,[7 1],140,253,255,113,240
1,<environment.Job instance at 0x15102f7ff820>,99,14,[5 2],144,254,268,110,240
1,<environment.Job instance at 0x15102f7ff9b0>,100,1,[ 1 10],145,250,251,105,240
1,<environment.Job instance at 0x1510681bdb90>,101,3,[1 9],146,268,271,122,242
1,<environment.Job instance at 0x151039ac37d0>,102,2,[9 2],148,269,271,121,242
1,<environment.Job instance at 0x15102b9151e0>,103,3,[2 7],149,255,258,106,242
1,<environment.Job instance at 0x151039ac3d20>,104,21,[10  2],152,271,292,119,263
1,<environment.Job instance at 0x15102b915a00>,105,22,[2 9],153,271,293,118,264
1,<environment.Job instance at 0x15102b9158c0>,106,3,[1 7],155,264,267,109,264
1,<environment.Job instance at 0x15102e6a9730>,107,14,[2 5],157,292,306,135,277
1,<environment.Job instance at 0x15102e6a9eb0>,108,13,[1 5],161,293,306,132,277
1,<environment.Job instance at 0x15102e6a9550>,109,2,[6 1],163,292,294,129,277
1,<environment.Job instance at 0x15102e6a9b90>,110,1,[ 1 12],164,306,307,142,278
1,<environment.Job instance at 0x151082336230>,111,1,[10  2],165,294,295,129,278
1,<environment.Job instance at 0x15102e6a9410>,112,3,[2 9],166,307,310,141,281
1,<environment.Job instance at 0x151082336410>,113,13,[2 9],167,310,323,143,294
1,<environment.Job instance at 0x15102b7399b0>,114,12,[5 2],169,295,307,126,294
1,<environment.Job instance at 0x15102b739f50>,115,1,[9 1],170,306,307,136,294
1,<environment.Job instance at 0x15102b739190>,116,20,[9 1],171,307,327,136,298
1,<environment.Job instance at 0x15102b8bba50>,117,3,[5 1],173,298,301,125,298
1,<environment.Job instance at 0x15102b8bb690>,118,2,[13  1],174,327,329,153,300
1,<environment.Job instance at 0x15102b8bb960>,119,1,[12  2],175,329,330,154,301
1,<environment.Job instance at 0x15102b8bb4b0>,120,1,[5 1],176,301,302,125,301
1,<environment.Job instance at 0x15102b8bbf50>,121,3,[8 1],177,330,333,153,304
1,<environment.Job instance at 0x15102b8bbeb0>,122,2,[6 2],178,304,306,126,304
1,<environment.Job instance at 0x15102bc11af0>,123,3,[9 2],179,333,336,154,307
1,<environment.Job instance at 0x15102af46dc0>,52,1,[2 6],78,335,336,257,335
1,<environment.Job instance at 0x15102c30f910>,49,1,[1 9],75,337,338,262,337
1,<environment.Job instance at 0x15102b8cf410>,19,3,[ 2 10],32,32,35,0,32
1,<environment.Job instance at 0x15102c4110a0>,20,13,[2 8],33,35,48,2,33
1,<environment.Job instance at 0x15102b8cfa00>,21,1,[8 1],36,36,37,0,36
1,<environment.Job instance at 0x15102c411c80>,22,3,[1 6],37,37,40,0,37
1,<environment.Job instance at 0x15102c4118c0>,23,2,[1 6],38,40,42,2,38
1,<environment.Job instance at 0x15102e359910>,24,1,[2 5],39,42,43,3,39
1,<environment.Job instance at 0x15102e3590f0>,25,14,[ 2 10],40,48,62,8,40
1,<environment.Job instance at 0x15102e359f00>,26,1,[ 1 13],41,62,63,21,41
1,<environment.Job instance at 0x15102e359a50>,27,12,[ 1 14],42,63,75,21,46
1,<environment.Job instance at 0x15102c2844b0>,28,1,[5 2],43,46,47,3,46
1,<environment.Job instance at 0x15102c2847d0>,29,12,[2 9],44,75,87,31,58
1,<environment.Job instance at 0x15102c284910>,30,1,[11  1],53,58,59,5,58
1,<environment.Job instance at 0x15102b0279b0>,31,2,[5 1],54,59,61,5,58
1,<environment.Job instance at 0x15102b027cd0>,32,2,[1 6],55,75,77,20,58
1,<environment.Job instance at 0x15102b027f50>,33,2,[1 8],56,87,89,31,60
1,<environment.Job instance at 0x15102b0276e0>,34,1,[6 1],57,60,61,3,60
1,<environment.Job instance at 0x15102b785640>,35,18,[10  2],59,77,95,18,66
1,<environment.Job instance at 0x15102b785f50>,36,1,[6 1],60,66,67,6,66
1,<environment.Job instance at 0x15102b785190>,37,1,[2 9],61,89,90,28,66
1,<environment.Job instance at 0x15102bbc38c0>,38,1,[1 5],62,87,88,25,66
1,<environment.Job instance at 0x15102b891140>,39,16,[ 2 10],63,90,106,27,77
1,<environment.Job instance at 0x15102af2c5a0>,40,3,[5 1],64,95,98,31,77
1,<environment.Job instance at 0x1510380190a0>,41,3,[1 7],65,106,109,41,80
1,<environment.Job instance at 0x15102aeee960>,42,3,[10  2],67,98,101,31,80
1,<environment.Job instance at 0x15102e7ee640>,43,17,[9 2],69,101,118,32,89
1,<environment.Job instance at 0x15102e73f410>,44,2,[9 2],71,118,120,47,91
1,<environment.Job instance at 0x15102e73f780>,45,2,[2 7],75,109,111,34,91
1,<environment.Job instance at 0x15102e73f910>,46,1,[8 1],76,95,96,19,91
1,<environment.Job instance at 0x15102e73ff00>,47,15,[7 1],77,120,135,43,106
1,<environment.Job instance at 0x15102b8c9730>,48,1,[1 8],78,111,112,33,106
1,<environment.Job instance at 0x15102c43b500>,49,12,[7 2],79,120,132,41,106
1,<environment.Job instance at 0x15102b7e5190>,50,13,[1 9],80,112,125,32,106
1,<environment.Job instance at 0x15102c422c30>,51,2,[7 2],81,132,134,51,106
1,<environment.Job instance at 0x15102c422820>,52,1,[ 2 10],82,134,135,52,106
1,<environment.Job instance at 0x15102c422f00>,53,16,[1 7],83,135,151,52,122
1,<environment.Job instance at 0x15102aec3af0>,54,17,[5 2],85,134,151,49,122
1,<environment.Job instance at 0x15102aec3b40>,55,3,[10  1],87,151,154,64,125
1,<environment.Job instance at 0x1510681508c0>,56,1,[9 2],88,135,136,47,125
1,<environment.Job instance at 0x151068150e60>,57,17,[8 1],89,154,171,65,142
1,<environment.Job instance at 0x151068150d70>,58,2,[1 5],90,142,144,52,142
1,<environment.Job instance at 0x15102e4dcdc0>,59,13,[1 9],91,151,164,60,142
1,<environment.Job instance at 0x15102c38fc30>,60,2,[10  2],92,171,173,79,144
1,<environment.Job instance at 0x15102c38f370>,61,15,[9 1],94,173,188,79,159
1,<environment.Job instance at 0x15102c38f5a0>,62,1,[1 5],95,159,160,64,159
1,<environment.Job instance at 0x15102c38fc80>,63,2,[1 9],96,164,166,68,159
1,<environment.Job instance at 0x15102c38f4b0>,64,2,[1 7],99,166,168,67,159
1,<environment.Job instance at 0x15102c38f1e0>,65,3,[1 8],100,168,171,68,159
1,<environment.Job instance at 0x15102c38f3c0>,66,19,[5 2],101,160,179,59,159
1,<environment.Job instance at 0x15102aecf140>,67,2,[2 8],102,179,181,77,159
1,<environment.Job instance at 0x15102aecf820>,68,3,[1 7],103,173,176,70,159
1,<environment.Job instance at 0x15102aecfb90>,69,2,[6 1],104,181,183,77,159
1,<environment.Job instance at 0x15102aecfaf0>,70,3,[7 2],105,188,191,83,162
1,<environment.Job instance at 0x15102aecf370>,71,2,[8 1],106,188,190,82,162
1,<environment.Job instance at 0x15102aecf550>,72,15,[8 2],107,190,205,83,176
1,<environment.Job instance at 0x15102aecf280>,73,1,[10  1],108,205,206,97,177
1,<environment.Job instance at 0x15102c43ae60>,74,2,[8 2],110,206,208,96,179
1,<environment.Job instance at 0x15102c43ac80>,75,1,[1 6],111,179,180,68,179
1,<environment.Job instance at 0x15102c43a960>,76,3,[6 1],112,183,186,71,179
1,<environment.Job instance at 0x15102c43ab40>,77,16,[1 5],113,191,207,78,179
1,<environment.Job instance at 0x15102c43aaa0>,78,3,[2 5],114,191,194,77,179
1,<environment.Job instance at 0x15102c43a9b0>,79,3,[2 8],116,194,197,78,179
1,<environment.Job instance at 0x15102c43a500>,80,17,[12  1],117,208,225,91,196
1,<environment.Job instance at 0x15102c43a280>,81,3,[1 8],118,197,200,79,196
1,<environment.Job instance at 0x15102c43a6e0>,82,2,[2 5],120,200,202,80,196
1,<environment.Job instance at 0x15102c43af50>,83,3,[1 9],121,207,210,86,196
1,<environment.Job instance at 0x15102c43ae10>,84,15,[9 1],122,225,240,103,211
1,<environment.Job instance at 0x15102c43a640>,85,12,[6 1],123,225,237,102,211
1,<environment.Job instance at 0x151039b8ff50>,86,13,[8 1],124,240,253,116,224
1,<environment.Job instance at 0x151039b8fc30>,87,3,[2 8],125,237,240,112,224
1,<environment.Job instance at 0x15102bad85a0>,88,2,[1 7],126,240,242,114,224
1,<environment.Job instance at 0x15102bad8280>,89,2,[1 6],127,237,239,110,224
1,<environment.Job instance at 0x15102bad8e60>,90,14,[ 2 10],128,242,256,114,227
1,<environment.Job instance at 0x15102e852b40>,91,1,[2 7],130,240,241,110,227
1,<environment.Job instance at 0x15102e852320>,92,3,[8 2],131,253,256,122,227
1,<environment.Job instance at 0x15102e852370>,93,3,[ 2 10],132,256,259,124,230
1,<environment.Job instance at 0x15102b81f550>,94,2,[9 1],134,256,258,122,230
1,<environment.Job instance at 0x15102b81ff50>,95,1,[2 5],135,239,240,104,230
1,<environment.Job instance at 0x15102b81f320>,96,3,[1 8],137,259,262,122,233
1,<environment.Job instance at 0x15102b81f2d0>,97,2,[2 8],140,262,264,122,235
1,<environment.Job instance at 0x15102b81f780>,98,17,[1 8],142,264,281,122,252
1,<environment.Job instance at 0x15102b9c1460>,99,15,[10  1],143,258,273,115,252
1,<environment.Job instance at 0x15102b9c1140>,100,3,[1 8],145,281,284,136,255
1,<environment.Job instance at 0x15102b9c15a0>,101,12,[1 7],146,273,285,127,256
1,<environment.Job instance at 0x15102b9c1050>,102,3,[8 1],147,284,287,137,258
1,<environment.Job instance at 0x15102b9c1d70>,103,3,[10  1],148,287,290,139,261
1,<environment.Job instance at 0x15102b9c1a50>,104,3,[1 8],149,285,288,136,261
1,<environment.Job instance at 0x15102b9c1b40>,105,2,[2 9],150,288,290,138,261
1,<environment.Job instance at 0x15102b9c1640>,106,2,[8 2],151,290,292,139,263
1,<environment.Job instance at 0x15102b9c1e60>,107,2,[8 1],152,292,294,140,265
1,<environment.Job instance at 0x15102b9c1cd0>,108,16,[7 2],154,290,306,136,277
1,<environment.Job instance at 0x15102b9c1f00>,109,1,[ 2 10],155,294,295,139,277
1,<environment.Job instance at 0x15102b9c1870>,110,3,[ 2 10],157,295,298,138,277
1,<environment.Job instance at 0x15102b9c19b0>,111,12,[ 2 11],158,298,310,140,281
1,<environment.Job instance at 0x15102bbaf960>,112,13,[1 7],160,310,323,150,294
1,<environment.Job instance at 0x15102bbaf1e0>,113,16,[5 1],161,294,310,133,294
1,<environment.Job instance at 0x15102bbaf640>,114,3,[2 5],163,310,313,147,294
1,<environment.Job instance at 0x15102bbafd20>,115,13,[1 5],164,313,326,149,297
1,<environment.Job instance at 0x15102bbaff50>,116,15,[5 1],166,306,321,140,297
1,<environment.Job instance at 0x15102bbaf9b0>,117,23,[2 5],167,323,346,156,317
1,<environment.Job instance at 0x15102bbaf460>,118,1,[6 1],168,317,318,149,317
1,<environment.Job instance at 0x15102bbaffa0>,119,18,[8 2],169,318,336,149,317
1,<environment.Job instance at 0x15102bbaf140>,120,16,[2 9],170,336,352,166,323
1,<environment.Job instance at 0x15102bbaf910>,121,3,[2 6],171,326,329,155,323
1,<environment.Job instance at 0x15102bbafa00>,122,3,[2 6],172,329,332,157,323
1,<environment.Job instance at 0x15102bbafd70>,123,1,[5 2],173,332,333,159,323
1,<environment.Job instance at 0x15102bbafe60>,124,3,[7 1],174,336,339,162,323
1,<environment.Job instance at 0x15102bbaf3c0>,125,2,[2 6],175,333,335,158,323
1,<environment.Job instance at 0x15102bbaf190>,126,3,[2 7],177,352,355,175,326
1,<environment.Job instance at 0x15102bbafe10>,127,18,[1 6],178,346,364,168,335
1,<environment.Job instance at 0x15102b8cf820>,17,1,[1 9],30,367,368,337,367
1,<environment.Job instance at 0x15102b8cd7d0>,16,20,[7 2],29,381,401,352,381
1,<environment.Job instance at 0x15102f750be0>,0,2,[2 8],1,1,3,0,1
1,<environment.Job instance at 0x15102b4f68c0>,4,17,[7 2],6,6,23,0,6
1,<environment.Job instance at 0x15102b4f65f0>,5,13,[2 5],7,7,20,0,7
1,<environment.Job instance at 0x15102b3e0fa0>,6,2,[6 1],9,9,11,0,9
1,<environment.Job instance at 0x15102f750be0>,7,16,[6 1],10,11,27,1,10
1,<environment.Job instance at 0x15102b8fb370>,8,1,[ 1 10],12,20,21,8,12
1,<environment.Job instance at 0x15102b8fb190>,9,3,[9 1],14,23,26,9,14
1,<environment.Job instance at 0x15102b8fb280>,10,1,[8 2],16,26,27,10,16
1,<environment.Job instance at 0x15103a779500>,11,3,[1 5],17,26,29,9,17
1,<environment.Job instance at 0x151039c06460>,12,1,[10  1],19,27,28,8,19
1,<environment.Job instance at 0x15102b8fb460>,13,3,[8 1],20,28,31,8,20
1,<environment.Job instance at 0x15102fc74c80>,14,2,[8 1],21,31,33,10,21
1,<environment.Job instance at 0x151039c8a870>,15,1,[5 2],22,28,29,6,22
1,<environment.Job instance at 0x151039c060a0>,16,3,[1 7],23,27,30,4,23
1,<environment.Job instance at 0x15102c3d83c0>,17,2,[5 1],24,29,31,5,24
1,<environment.Job instance at 0x151039b95780>,18,17,[1 5],26,29,46,3,26
1,<environment.Job instance at 0x151030b218c0>,19,2,[5 2],27,31,33,4,27
1,<environment.Job instance at 0x15102f780f00>,20,1,[1 5],28,30,31,2,28
1,<environment.Job instance at 0x15102fbdf3c0>,21,1,[8 2],29,33,34,4,29
1,<environment.Job instance at 0x151039c70410>,22,2,[7 1],30,34,36,4,30
1,<environment.Job instance at 0x15102c2ab820>,23,1,[10  1],31,36,37,5,31
1,<environment.Job instance at 0x15102b25a7d0>,24,2,[ 1 10],32,37,39,5,32
1,<environment.Job instance at 0x15102b25a5a0>,25,2,[1 8],33,33,35,0,33
1,<environment.Job instance at 0x15102b25ab40>,26,3,[2 5],34,39,42,5,34
1,<environment.Job instance at 0x15102b25acd0>,27,18,[10  1],35,39,57,4,35
1,<environment.Job instance at 0x15102b25a1e0>,28,2,[7 1],36,57,59,21,36
1,<environment.Job instance at 0x15102b25ae10>,29,15,[2 7],37,42,57,5,37
1,<environment.Job instance at 0x15102b25a230>,30,1,[2 5],38,46,47,8,38
1,<environment.Job instance at 0x15102b25a9b0>,31,3,[ 1 11],41,57,60,16,41
1,<environment.Job instance at 0x15102b25a3c0>,32,2,[1 9],42,60,62,18,42
1,<environment.Job instance at 0x15102f9135f0>,33,2,[2 5],43,47,49,4,43
1,<environment.Job instance at 0x15102fc98aa0>,34,3,[1 5],46,49,52,3,46
1,<environment.Job instance at 0x15102fc980a0>,35,1,[8 1],47,59,60,12,47
1,<environment.Job instance at 0x15102fc98e10>,36,2,[8 2],48,60,62,12,48
1,<environment.Job instance at 0x15102e3f10f0>,37,14,[9 2],49,62,76,13,49
1,<environment.Job instance at 0x15102e3f17d0>,38,2,[5 2],50,57,59,7,50
1,<environment.Job instance at 0x15102e3f1c30>,39,3,[1 5],51,52,55,1,51
1,<environment.Job instance at 0x15102e6c6e60>,40,1,[1 5],53,55,56,2,53
1,<environment.Job instance at 0x15102e82b500>,41,16,[8 1],54,76,92,22,63
1,<environment.Job instance at 0x15102b158870>,42,14,[2 8],55,63,77,8,63
1,<environment.Job instance at 0x15102b158c30>,43,15,[8 2],56,92,107,36,78
1,<environment.Job instance at 0x15102b158b40>,44,3,[1 7],58,78,81,20,78
1,<environment.Job instance at 0x15102b158a00>,45,3,[7 1],59,81,84,22,78
1,<environment.Job instance at 0x15102b158960>,46,2,[2 7],60,78,80,18,78
1,<environment.Job instance at 0x15102b158280>,47,14,[ 2 10],61,84,98,23,78
1,<environment.Job instance at 0x15102b158370>,48,1,[1 9],62,98,99,36,78
1,<environment.Job instance at 0x15102ba1bdc0>,49,18,[5 2],63,84,102,21,78
1,<environment.Job instance at 0x15102b44d5a0>,50,2,[1 8],65,99,101,34,78
1,<environment.Job instance at 0x15102b269370>,51,16,[1 6],66,101,117,35,88
1,<environment.Job instance at 0x15102b269280>,52,3,[2 6],68,102,105,34,88
1,<environment.Job instance at 0x15102b3b4dc0>,53,14,[10  1],69,107,121,38,92
1,<environment.Job instance at 0x15102b269500>,54,3,[ 1 14],70,117,120,47,92
1,<environment.Job instance at 0x15102b3b4550>,55,3,[5 1],71,120,123,49,94
1,<environment.Job instance at 0x15102b3b4320>,56,2,[8 1],73,121,123,48,94
1,<environment.Job instance at 0x151068c02960>,57,3,[9 1],74,123,126,49,97
1,<environment.Job instance at 0x15102c3a6870>,58,3,[8 2],75,126,129,51,100
1,<environment.Job instance at 0x151068c02b90>,59,12,[7 2],77,126,138,49,109
1,<environment.Job instance at 0x15102c3da7d0>,60,2,[2 7],79,109,111,30,109
1,<environment.Job instance at 0x15102c3daa50>,61,17,[6 2],81,129,146,48,117
1,<environment.Job instance at 0x15102c401a00>,62,13,[ 2 10],82,129,142,47,117
1,<environment.Job instance at 0x15102c3dab40>,63,2,[1 9],83,121,123,38,117
1,<environment.Job instance at 0x15102c401050>,64,23,[1 5],84,142,165,58,136
1,<environment.Job instance at 0x15102c401c80>,65,1,[8 1],85,142,143,57,138
1,<environment.Job instance at 0x15102b8bfd20>,66,18,[10  1],86,146,164,60,138
1,<environment.Job instance at 0x15102b8bf690>,67,1,[8 2],87,143,144,56,138
1,<environment.Job instance at 0x15102b8bfd70>,68,2,[7 1],88,138,140,50,138
1,<environment.Job instance at 0x15102b1f6370>,69,1,[5 1],89,140,141,51,138
1,<environment.Job instance at 0x15102b1f6960>,70,2,[2 8],90,144,146,54,138
1,<environment.Job instance at 0x15102b1f61e0>,71,3,[7 1],91,164,167,73,138
1,<environment.Job instance at 0x15102b1f6b40>,72,3,[8 2],92,165,168,73,139
1,<environment.Job instance at 0x15102b1f6050>,73,2,[10  1],94,168,170,74,141
1,<environment.Job instance at 0x15102b1f6190>,74,22,[5 1],96,167,189,71,160
1,<environment.Job instance at 0x15102e6a8cd0>,75,14,[9 2],99,170,184,71,160
1,<environment.Job instance at 0x15102c434dc0>,76,16,[8 2],101,184,200,83,171
1,<environment.Job instance at 0x15102c434b90>,77,3,[1 5],102,171,174,69,171
1,<environment.Job instance at 0x15102c434820>,78,2,[5 2],103,189,191,86,171
1,<environment.Job instance at 0x1510680b9eb0>,79,13,[8 1],105,200,213,95,184
1,<environment.Job instance at 0x15102c434cd0>,80,1,[7 2],106,191,192,85,184
1,<environment.Job instance at 0x15102c434690>,81,2,[2 8],107,184,186,77,184
1,<environment.Job instance at 0x15102c4345f0>,82,12,[9 1],108,213,225,105,196
1,<environment.Job instance at 0x15102f95c910>,83,3,[9 2],110,225,228,115,199
1,<environment.Job instance at 0x15102f95cd20>,84,1,[ 2 10],111,199,200,88,199
1,<environment.Job instance at 0x15102fb973c0>,85,2,[6 2],112,200,202,88,199
1,<environment.Job instance at 0x15102fb97e60>,86,1,[1 5],114,200,201,86,199
1,<environment.Job instance at 0x15102fb97e10>,87,2,[5 2],115,202,204,87,199
1,<environment.Job instance at 0x15102fb97d20>,88,2,[8 1],116,228,230,112,201
1,<environment.Job instance at 0x15102fb97c80>,89,2,[8 1],117,230,232,113,203
1,<environment.Job instance at 0x15102fb975f0>,90,17,[ 2 10],118,203,220,85,203
1,<environment.Job instance at 0x15102fb975a0>,91,3,[10  2],119,232,235,113,206
1,<environment.Job instance at 0x15102fb97f50>,92,18,[2 5],120,220,238,100,209
1,<environment.Job instance at 0x15102bbe25f0>,93,3,[2 7],121,220,223,99,209
1,<environment.Job instance at 0x15102bbe2e10>,94,18,[ 2 11],122,238,256,116,227
1,<environment.Job instance at 0x15102bbe2140>,95,2,[1 6],123,227,229,104,227
1,<environment.Job instance at 0x15102bbe29b0>,96,16,[1 9],124,256,272,132,243
1,<environment.Job instance at 0x15102bbe2690>,97,2,[ 1 13],125,272,274,147,245
1,<environment.Job instance at 0x15102bbe2a50>,98,13,[8 1],126,245,258,119,245
1,<environment.Job instance at 0x15102bbe2d20>,99,1,[6 1],127,256,257,129,245
1,<environment.Job instance at 0x15102bbe23c0>,100,2,[ 1 10],128,274,276,146,247
1,<environment.Job instance at 0x15102bbe2410>,101,1,[5 1],129,247,248,118,247
1,<environment.Job instance at 0x15102bbe25a0>,102,3,[5 2],130,248,251,118,247
1,<environment.Job instance at 0x15102bbe2370>,103,17,[6 2],134,257,274,123,247
1,<environment.Job instance at 0x15102bbe21e0>,104,3,[5 2],135,251,254,116,247
1,<environment.Job instance at 0x15102bbe2be0>,105,15,[10  2],136,274,289,138,260
1,<environment.Job instance at 0x15102bbe2320>,106,2,[8 2],137,260,262,123,260
1,<environment.Job instance at 0x15102bbe2f00>,107,2,[11  1],138,289,291,151,262
1,<environment.Job instance at 0x151039cee230>,108,1,[8 2],139,262,263,123,262
1,<environment.Job instance at 0x151039ceedc0>,109,12,[1 8],140,276,288,136,262
1,<environment.Job instance at 0x151039cee500>,110,28,[ 2 10],141,288,316,147,287
1,<environment.Job instance at 0x151039ceeb40>,111,3,[9 1],144,291,294,147,288
1,<environment.Job instance at 0x151039cee410>,112,14,[2 5],146,294,308,148,288
1,<environment.Job instance at 0x151039ceecd0>,113,2,[1 8],147,316,318,169,289
1,<environment.Job instance at 0x151039cee0f0>,114,1,[5 1],148,308,309,160,289
1,<environment.Job instance at 0x151039cee140>,115,14,[1 7],149,316,330,167,301
1,<environment.Job instance at 0x151039cee280>,116,2,[8 1],151,308,310,157,301
1,<environment.Job instance at 0x151039cee1e0>,117,2,[6 2],153,310,312,157,301
1,<environment.Job instance at 0x151039ceec30>,118,2,[1 5],154,312,314,158,301
1,<environment.Job instance at 0x151039cee4b0>,119,2,[9 2],155,314,316,159,301
1,<environment.Job instance at 0x151039ceeaf0>,120,1,[9 1],158,318,319,160,301
1,<environment.Job instance at 0x151039cee640>,121,2,[9 1],159,319,321,160,301
1,<environment.Job instance at 0x151039cee910>,122,2,[6 2],160,310,312,150,301
1,<environment.Job instance at 0x151039ceefa0>,123,2,[2 9],162,330,332,168,303
1,<environment.Job instance at 0x151039cee8c0>,124,17,[2 9],163,332,349,169,320
1,<environment.Job instance at 0x151039cee370>,125,3,[7 1],164,321,324,157,320
1,<environment.Job instance at 0x15102ba266e0>,126,2,[ 1 10],165,349,351,184,329
1,<environment.Job instance at 0x15102ba26460>,127,2,[ 1 11],167,351,353,184,329
1,<environment.Job instance at 0x15102ba26640>,128,2,[1 8],168,353,355,185,329
1,<environment.Job instance at 0x15102ba26eb0>,129,16,[ 1 12],169,355,371,186,342
1,<environment.Job instance at 0x15102ba26b90>,130,1,[1 5],170,342,343,172,342
1,<environment.Job instance at 0x15102ba26230>,131,3,[2 8],171,371,374,200,345
1,<environment.Job instance at 0x15102ba26aa0>,132,12,[7 2],172,345,357,173,345
1,<environment.Job instance at 0x15102ba26140>,133,1,[2 5],174,353,354,179,345
1,<environment.Job instance at 0x15102ba26d70>,134,17,[ 1 10],176,374,391,198,362
1,<environment.Job instance at 0x15102ba26280>,135,3,[1 6],179,371,374,192,369
1,<environment.Job instance at 0x1510680bda50>,0,1,[14  1],1,1748,1749,1747,1748
1,<environment.Job instance at 0x15102e6c4b90>,12,26,[5 2],22,23,49,1,23
1,<environment.Job instance at 0x151068176c80>,19,14,[9 2],33,33,47,0,33
1,<environment.Job instance at 0x15102b1ac960>,20,3,[1 9],36,36,39,0,36
1,<environment.Job instance at 0x15102b5b9140>,21,1,[5 2],37,47,48,10,37
1,<environment.Job instance at 0x15102e5780a0>,22,1,[9 1],38,48,49,10,38
1,<environment.Job instance at 0x15102b78a050>,23,23,[9 1],40,49,72,9,43
1,<environment.Job instance at 0x15102b78a9b0>,25,18,[1 7],42,43,61,1,43
1,<environment.Job instance at 0x15102b7e85f0>,26,16,[9 2],43,72,88,29,59
1,<environment.Job instance at 0x15102b133c30>,27,2,[1 5],44,59,61,15,59
1,<environment.Job instance at 0x15102e743870>,28,1,[2 5],45,61,62,16,59
1,<environment.Job instance at 0x15102b7986e0>,29,12,[5 1],48,62,74,14,59
1,<environment.Job instance at 0x1510380065f0>,30,1,[10  1],50,88,89,38,60
1,<environment.Job instance at 0x15102b798140>,31,1,[7 1],51,89,90,38,61
1,<environment.Job instance at 0x15102b798320>,32,2,[10  1],52,90,92,38,63
1,<environment.Job instance at 0x15102f8af460>,33,1,[6 2],53,74,75,21,63
1,<environment.Job instance at 0x15102f8af370>,34,3,[6 2],54,75,78,21,63
1,<environment.Job instance at 0x15102ae3bf00>,35,3,[2 5],58,78,81,20,63
1,<environment.Job instance at 0x15102fb90d70>,36,2,[5 1],59,81,83,22,63
1,<environment.Job instance at 0x15102fb90050>,37,18,[2 9],61,83,101,22,82
1,<environment.Job instance at 0x15102b03b820>,47,3,[ 1 10],75,101,104,26,82
1,<environment.Job instance at 0x15102b03b8c0>,48,1,[14  2],76,101,102,25,84
1,<environment.Job instance at 0x15102b03bf00>,49,2,[6 2],77,92,94,15,84
1,<environment.Job instance at 0x15102b03bc80>,50,13,[6 1],78,102,115,24,86
1,<environment.Job instance at 0x15102b03beb0>,51,2,[1 9],79,104,106,25,86
1,<environment.Job instance at 0x15102b03b280>,52,3,[6 2],80,92,95,12,86
1,<environment.Job instance at 0x15102b03b0f0>,53,3,[5 2],82,94,97,12,86
1,<environment.Job instance at 0x15102fbfb1e0>,54,2,[1 8],83,106,108,23,86
1,<environment.Job instance at 0x15102fbfba00>,55,17,[9 1],84,108,125,24,96
1,<environment.Job instance at 0x15102fbfb190>,56,2,[2 8],87,115,117,28,96
1,<environment.Job instance at 0x15102fbfbeb0>,57,14,[2 8],88,117,131,29,102
1,<environment.Job instance at 0x15102fbfbb90>,58,1,[10  2],89,125,126,36,102
1,<environment.Job instance at 0x15102fbfbe10>,59,17,[7 2],91,126,143,35,114
1,<environment.Job instance at 0x15102fbfb730>,60,13,[8 1],94,131,144,37,115
1,<environment.Job instance at 0x15102fbfbaf0>,61,2,[10  1],95,144,146,49,117
1,<environment.Job instance at 0x15102fbfb460>,62,18,[8 1],97,146,164,49,135
1,<environment.Job instance at 0x15102fbfb5f0>,63,1,[6 2],98,143,144,45,135
1,<environment.Job instance at 0x15102b2811e0>,64,1,[6 1],99,146,147,47,135
1,<environment.Job instance at 0x15102b281690>,65,1,[8 1],100,164,165,64,136
1,<environment.Job instance at 0x15102b281460>,66,1,[5 1],103,144,145,41,136
1,<environment.Job instance at 0x15102b281140>,67,2,[1 9],104,145,147,41,136
1,<environment.Job instance at 0x15102b281550>,68,3,[ 2 10],106,147,150,41,136
1,<environment.Job instance at 0x15102b2815f0>,69,2,[7 1],108,150,152,42,136
1,<environment.Job instance at 0x15102b281f50>,70,2,[ 1 10],111,152,154,41,136
1,<environment.Job instance at 0x15102b281cd0>,71,1,[ 2 10],112,154,155,42,136
1,<environment.Job instance at 0x15102b281050>,72,3,[1 9],114,155,158,41,136
1,<environment.Job instance at 0x15102b281c80>,73,17,[ 1 10],115,158,175,43,146
1,<environment.Job instance at 0x15102b281be0>,74,13,[ 1 10],117,175,188,58,159
1,<environment.Job instance at 0x15102b2819b0>,75,2,[ 1 10],120,188,190,68,161
1,<environment.Job instance at 0x15102b281280>,76,13,[7 2],121,165,178,44,161
1,<environment.Job instance at 0x15102b2814b0>,77,1,[1 6],122,190,191,68,162
1,<environment.Job instance at 0x15102b281d70>,78,1,[1 8],123,190,191,67,162
1,<environment.Job instance at 0x15102b281370>,79,1,[8 2],125,178,179,53,162
1,<environment.Job instance at 0x15102b281aa0>,80,2,[10  2],126,179,181,53,162
1,<environment.Job instance at 0x15102b281d20>,81,2,[14  1],127,181,183,54,162
1,<environment.Job instance at 0x15102b281a50>,82,14,[6 2],130,162,176,32,162
1,<environment.Job instance at 0x15103a78daf0>,83,1,[5 2],131,176,177,45,162
1,<environment.Job instance at 0x15103a78d410>,84,18,[10  2],132,191,209,59,180
1,<environment.Job instance at 0x15103a78daa0>,85,3,[1 5],133,183,186,50,180
1,<environment.Job instance at 0x15103a78d280>,86,14,[1 7],134,191,205,57,180
1,<environment.Job instance at 0x15103a78dd70>,87,2,[1 8],136,205,207,69,180
1,<environment.Job instance at 0x15103a78df50>,88,12,[5 2],137,207,219,70,190
1,<environment.Job instance at 0x15103a78d0a0>,89,1,[2 9],138,209,210,71,190
1,<environment.Job instance at 0x15103a78d5a0>,90,1,[10  2],139,210,211,71,190
1,<environment.Job instance at 0x15103a78d5f0>,91,2,[5 2],142,211,213,69,190
1,<environment.Job instance at 0x15103a78d730>,92,2,[10  1],143,213,215,70,190
1,<environment.Job instance at 0x15103a78de60>,93,17,[7 1],145,215,232,70,203
1,<environment.Job instance at 0x15103a78d050>,94,1,[7 2],146,209,210,63,203
1,<environment.Job instance at 0x15102b2a79b0>,95,15,[7 1],147,219,234,72,205
1,<environment.Job instance at 0x15102b2a7190>,96,13,[5 2],153,232,245,79,216
1,<environment.Job instance at 0x15102b2a7c30>,97,3,[1 9],154,216,219,62,216
1,<environment.Job instance at 0x15102b2a7230>,98,1,[1 7],157,219,220,62,216
1,<environment.Job instance at 0x15102b2a73c0>,99,14,[7 1],159,234,248,75,219
1,<environment.Job instance at 0x15102b2a7640>,100,3,[6 2],160,245,248,85,219
1,<environment.Job instance at 0x15102b2a7320>,101,17,[6 2],165,248,265,83,236
1,<environment.Job instance at 0x15102b2a7460>,102,2,[8 1],166,248,250,82,236
1,<environment.Job instance at 0x15102b2a7050>,103,3,[8 2],168,250,253,82,236
1,<environment.Job instance at 0x15102b2a7e10>,104,14,[10  2],169,265,279,96,250
1,<environment.Job instance at 0x15102b2a7960>,105,2,[2 6],170,253,255,83,250
1,<environment.Job instance at 0x15102b2a7b90>,106,17,[1 9],171,255,272,84,250
1,<environment.Job instance at 0x15102b2a78c0>,107,3,[1 6],172,250,253,78,250
1,<environment.Job instance at 0x15102b06d910>,108,1,[8 1],173,255,256,82,252
1,<environment.Job instance at 0x15102b06da50>,109,1,[6 1],174,253,254,79,252
1,<environment.Job instance at 0x15102b06d370>,110,1,[1 9],178,272,273,94,252
1,<environment.Job instance at 0x151039c1ab90>,16,3,[2 6],27,1190,1193,1163,1190
1,<environment.Job instance at 0x15102bab6320>,17,3,[2 9],30,31,34,1,31
1,<environment.Job instance at 0x15102ae6e500>,18,1,[1 9],31,34,35,3,31
1,<environment.Job instance at 0x15102ae72b40>,19,18,[8 2],32,32,50,0,32
1,<environment.Job instance at 0x15102b4dcc30>,20,2,[5 1],33,33,35,0,33
1,<environment.Job instance at 0x151030b47500>,21,3,[2 5],34,35,38,1,34
1,<environment.Job instance at 0x151039afe0a0>,22,1,[6 1],35,38,39,3,35
1,<environment.Job instance at 0x151039afe500>,23,1,[5 2],37,46,47,9,46
1,<environment.Job instance at 0x15102f7d3320>,24,1,[6 1],38,47,48,9,46
1,<environment.Job instance at 0x15102f7d3be0>,25,3,[2 5],44,48,51,4,46
1,<environment.Job instance at 0x15102e86d5a0>,26,2,[2 5],46,48,50,2,46
1,<environment.Job instance at 0x15102b106dc0>,27,1,[2 9],47,62,63,15,62
1,<environment.Job instance at 0x1510323957d0>,43,3,[2 9],66,66,69,0,66
1,<environment.Job instance at 0x15102b47a780>,46,3,[9 1],71,266,269,195,266
1,<environment.Job instance at 0x151032395230>,47,3,[1 8],73,266,269,193,266
1,<environment.Job instance at 0x15102b47a690>,48,2,[5 1],77,266,268,189,266
1,<environment.Job instance at 0x15102b283640>,49,1,[2 5],78,268,269,190,266
1,<environment.Job instance at 0x15102b283cd0>,50,2,[1 8],79,269,271,190,266
1,<environment.Job instance at 0x15102b283c30>,51,17,[1 6],80,269,286,189,266
1,<environment.Job instance at 0x15102f8d9dc0>,52,17,[10  2],81,271,288,190,266
1,<environment.Job instance at 0x15102f8d9af0>,53,12,[1 7],82,271,283,189,266
1,<environment.Job instance at 0x15102f8d9d70>,54,2,[11  1],84,269,271,185,266
1,<environment.Job instance at 0x15102f8d9960>,55,3,[9 1],87,288,291,201,266
1,<environment.Job instance at 0x15102f8d94b0>,56,27,[9 2],88,291,318,203,289
1,<environment.Job instance at 0x15102f8d9a50>,57,2,[7 1],89,318,320,229,291
1,<environment.Job instance at 0x15102f8d9280>,58,3,[1 6],90,291,294,201,291
1,<environment.Job instance at 0x15102f8d9910>,59,1,[6 1],91,294,295,203,291
1,<environment.Job instance at 0x15102ae73910>,60,1,[1 5],92,291,292,199,291
1,<environment.Job instance at 0x15102ae73730>,61,2,[1 7],93,292,294,199,291
1,<environment.Job instance at 0x15102ae731e0>,62,3,[1 7],94,295,298,201,291
1,<environment.Job instance at 0x15102ae73280>,63,1,[1 8],95,298,299,203,291
1,<environment.Job instance at 0x15102ae73af0>,64,2,[2 5],96,295,297,199,291
1,<environment.Job instance at 0x15102ae73b90>,65,3,[1 9],97,299,302,202,291
1,<environment.Job instance at 0x15102ae73fa0>,66,3,[8 1],98,318,321,220,292
1,<environment.Job instance at 0x15102ae73500>,67,1,[2 9],99,302,303,203,292
1,<environment.Job instance at 0x15102ae73d70>,68,3,[1 9],102,303,306,201,292
1,<environment.Job instance at 0x15102f95e0f0>,69,1,[9 1],103,321,322,218,293
1,<environment.Job instance at 0x15102b94e780>,70,3,[1 7],104,306,309,202,293
1,<environment.Job instance at 0x15102f95e5a0>,71,2,[1 8],105,309,311,204,293
1,<environment.Job instance at 0x1510823d5410>,72,16,[10  1],106,322,338,216,309
1,<environment.Job instance at 0x15102f95e550>,73,3,[5 1],108,309,312,201,309
1,<environment.Job instance at 0x15102b2a18c0>,74,3,[9 2],109,338,341,229,312
1,<environment.Job instance at 0x15102ba60eb0>,75,14,[ 1 12],110,320,334,210,312
1,<environment.Job instance at 0x15102b2a1230>,76,2,[ 1 10],111,312,314,201,312
1,<environment.Job instance at 0x15102b2a13c0>,77,1,[9 1],112,341,342,229,313
1,<environment.Job instance at 0x15102e466050>,78,2,[1 5],113,314,316,201,313
1,<environment.Job instance at 0x15102e466730>,79,1,[6 2],114,316,317,202,313
1,<environment.Job instance at 0x15102e466e10>,80,3,[7 2],116,342,345,226,316
1,<environment.Job instance at 0x15102e4668c0>,81,13,[1 6],117,334,347,217,318
1,<environment.Job instance at 0x15102e466280>,82,19,[5 1],118,338,357,220,328
1,<environment.Job instance at 0x15102e466b40>,83,1,[5 2],120,345,346,225,328
1,<environment.Job instance at 0x15102e466320>,84,3,[1 8],122,334,337,212,328
1,<environment.Job instance at 0x15102e466a50>,85,16,[ 1 10],123,347,363,224,334
1,<environment.Job instance at 0x15102e466960>,86,20,[10  2],124,357,377,233,348
1,<environment.Job instance at 0x15102b1e88c0>,87,15,[2 8],125,363,378,238,349
1,<environment.Job instance at 0x15102e466aa0>,88,1,[1 5],127,363,364,236,349
1,<environment.Job instance at 0x15102ce58eb0>,89,1,[7 2],128,349,350,221,349
1,<environment.Job instance at 0x15102e4667d0>,90,3,[ 2 10],130,378,381,248,352
1,<environment.Job instance at 0x15102b294f50>,91,1,[6 2],131,352,353,221,352
1,<environment.Job instance at 0x15102e466550>,92,3,[10  2],133,377,380,244,352
1,<environment.Job instance at 0x15102b2949b0>,93,3,[2 7],135,381,384,246,355
1,<environment.Job instance at 0x15102b2948c0>,94,15,[7 2],136,380,395,244,366
1,<environment.Job instance at 0x15102b294640>,95,13,[ 2 10],138,384,397,246,368
1,<environment.Job instance at 0x15102b294690>,96,1,[1 5],141,368,369,227,368
1,<environment.Job instance at 0x151039470a50>,97,21,[6 2],142,380,401,238,372
1,<environment.Job instance at 0x151039c0c3c0>,98,16,[6 1],144,395,411,251,382
1,<environment.Job instance at 0x1510680a8a00>,99,1,[8 2],145,401,402,256,382
1,<environment.Job instance at 0x151039c0cdc0>,100,2,[ 2 10],146,397,399,251,382
1,<environment.Job instance at 0x1510680a8410>,101,1,[1 6],147,399,400,252,382
1,<environment.Job instance at 0x1510680a8190>,102,1,[ 1 10],152,400,401,248,382
1,<environment.Job instance at 0x1510680a8e60>,103,14,[2 7],153,402,416,249,387
1,<environment.Job instance at 0x1510680a8870>,104,3,[7 1],154,402,405,248,387
1,<environment.Job instance at 0x1510680a86e0>,105,1,[ 1 10],155,401,402,246,387
1,<environment.Job instance at 0x1510680a88c0>,106,18,[6 1],156,405,423,249,394
1,<environment.Job instance at 0x1510680a8c80>,107,3,[2 9],157,416,419,259,394
1,<environment.Job instance at 0x1510680a8be0>,108,14,[ 1 10],158,419,433,261,404
1,<environment.Job instance at 0x1510680a87d0>,109,18,[2 8],159,433,451,274,422
1,<environment.Job instance at 0x1510680a81e0>,110,27,[7 1],161,431,458,270,431
1,<environment.Job instance at 0x1510680a82d0>,111,18,[8 1],162,451,469,289,440
1,<environment.Job instance at 0x1510680a8d70>,112,2,[6 2],163,442,444,279,442
1,<environment.Job instance at 0x15102b0885a0>,113,16,[6 2],165,458,474,293,445
1,<environment.Job instance at 0x15102b088a50>,114,2,[2 6],166,445,447,279,445
1,<environment.Job instance at 0x15102b088690>,115,2,[9 1],168,469,471,301,445
1,<environment.Job instance at 0x15102b088370>,116,2,[8 1],170,471,473,301,445
1,<environment.Job instance at 0x15102b088af0>,117,1,[ 1 10],173,458,459,285,445
1,<environment.Job instance at 0x15102b088280>,118,1,[8 1],174,473,474,299,445
1,<environment.Job instance at 0x15102b088050>,119,1,[8 1],175,474,475,299,446
1,<environment.Job instance at 0x15102b088c80>,120,3,[2 7],176,474,477,298,448
1,<environment.Job instance at 0x15102b088640>,121,14,[1 9],178,477,491,299,462
1,<environment.Job instance at 0x15102b248230>,9,3,[ 2 10],19,19,22,0,19
1,<environment.Job instance at 0x15102b248320>,10,3,[7 2],21,21,24,0,21
1,<environment.Job instance at 0x15102b248af0>,11,3,[9 2],23,24,27,1,23
1,<environment.Job instance at 0x15102b195cd0>,12,3,[1 6],26,26,29,0,26
1,<environment.Job instance at 0x15102b195460>,13,13,[1 5],27,27,40,0,27
1,<environment.Job instance at 0x15102fbc1eb0>,15,2,[2 5],29,29,31,0,29
1,<environment.Job instance at 0x15102fbc1730>,16,3,[1 8],30,31,34,1,30
1,<environment.Job instance at 0x15102fbc1370>,17,1,[10  2],31,31,32,0,31
1,<environment.Job instance at 0x15102fbc1190>,18,18,[1 8],33,34,52,1,33
1,<environment.Job instance at 0x15102e5f9c30>,19,17,[10  2],35,35,52,0,35
1,<environment.Job instance at 0x15102e5f98c0>,20,3,[9 2],36,52,55,16,36
1,<environment.Job instance at 0x15102e5f91e0>,21,12,[8 1],37,55,67,18,38
1,<environment.Job instance at 0x15102e5f9910>,22,2,[6 2],38,52,54,14,38
1,<environment.Job instance at 0x15102e5f9050>,23,16,[ 2 10],43,54,70,11,43
1,<environment.Job instance at 0x1510680d0e60>,24,13,[8 1],44,67,80,23,51
1,<environment.Job instance at 0x1510680d0c30>,25,2,[2 6],45,70,72,25,51
1,<environment.Job instance at 0x1510680d0a00>,26,17,[2 7],48,70,87,22,58
1,<environment.Job instance at 0x1510680d0690>,27,1,[2 9],49,87,88,38,59
1,<environment.Job instance at 0x1510680d0640>,28,1,[2 6],50,72,73,22,59
1,<environment.Job instance at 0x1510680d00a0>,29,2,[1 8],51,80,82,29,59
1,<environment.Job instance at 0x1510680d06e0>,30,1,[8 2],53,82,83,29,59
1,<environment.Job instance at 0x15102fc50320>,31,13,[1 9],54,88,101,34,72
1,<environment.Job instance at 0x15102fc508c0>,32,2,[2 8],56,83,85,27,72
1,<environment.Job instance at 0x15102fc50dc0>,33,2,[7 2],57,85,87,28,81
1,<environment.Job instance at 0x15102fc507d0>,35,2,[1 7],59,101,103,42,81
1,<environment.Job instance at 0x15102b115a50>,36,3,[6 2],60,85,88,25,81
1,<environment.Job instance at 0x15102b495cd0>,37,3,[8 1],62,88,91,26,81
1,<environment.Job instance at 0x15102ae27230>,38,1,[7 1],64,87,88,23,81
1,<environment.Job instance at 0x15102ba40820>,39,1,[1 5],65,82,83,17,81
1,<environment.Job instance at 0x15102ba40230>,40,15,[10  1],66,91,106,25,81
1,<environment.Job instance at 0x15102ba404b0>,41,17,[6 1],68,106,123,38,94
1,<environment.Job instance at 0x151039b723c0>,42,21,[2 6],69,101,122,32,94
1,<environment.Job instance at 0x151039b720a0>,43,15,[5 2],70,106,121,36,94
1,<environment.Job instance at 0x15102b526eb0>,44,13,[6 2],71,121,134,50,105
1,<environment.Job instance at 0x15102ae4ca50>,45,2,[5 2],73,123,125,50,105
1,<environment.Job instance at 0x15102b67e280>,46,2,[6 2],74,125,127,51,105
1,<environment.Job instance at 0x15102b67e7d0>,47,3,[2 5],75,105,108,30,105
1,<environment.Job instance at 0x15103a7bb4b0>,48,12,[5 2],76,127,139,51,110
1,<environment.Job instance at 0x15103a7a0b90>,49,14,[2 8],78,122,136,44,110
1,<environment.Job instance at 0x151068ac6870>,50,1,[6 2],80,134,135,54,110
1,<environment.Job instance at 0x15103a7bb3c0>,51,16,[7 1],81,135,151,54,122
1,<environment.Job instance at 0x15102c350320>,52,1,[1 7],82,136,137,54,122
1,<environment.Job instance at 0x15102ba3a1e0>,53,2,[1 8],83,137,139,54,122
1,<environment.Job instance at 0x15102c350b90>,54,2,[ 1 10],86,139,141,53,122
1,<environment.Job instance at 0x15102c3505f0>,55,15,[2 9],87,141,156,54,127
1,<environment.Job instance at 0x15102c350780>,56,15,[7 2],88,151,166,63,137
1,<environment.Job instance at 0x15102f827c80>,57,13,[9 1],89,166,179,77,150
1,<environment.Job instance at 0x15102f827d20>,58,2,[1 6],90,156,158,66,150
1,<environment.Job instance at 0x15102f8271e0>,59,24,[9 2],91,179,203,88,174
1,<environment.Job instance at 0x15102f827820>,60,2,[8 2],93,203,205,110,176
1,<environment.Job instance at 0x15102f8270a0>,61,14,[2 8],94,176,190,82,176
1,<environment.Job instance at 0x15102bb17780>,62,2,[6 2],95,190,192,95,176
1,<environment.Job instance at 0x15102b382af0>,63,16,[5 1],98,192,208,94,179
1,<environment.Job instance at 0x15102b382dc0>,64,14,[9 1],99,205,219,106,190
1,<environment.Job instance at 0x1510323a2050>,65,1,[1 9],100,192,193,92,190
1,<environment.Job instance at 0x1510323a2320>,66,1,[10  2],101,219,220,118,191
1,<environment.Job instance at 0x1510323a2be0>,67,3,[1 7],104,193,196,89,191
1,<environment.Job instance at 0x151039c850f0>,68,1,[6 2],105,208,209,103,191
1,<environment.Job instance at 0x151039c859b0>,69,15,[7 2],106,220,235,114,206
1,<environment.Job instance at 0x151039c85410>,70,2,[7 2],107,220,222,113,206
1,<environment.Job instance at 0x151039c85b90>,71,13,[6 1],108,222,235,114,206
1,<environment.Job instance at 0x15102b522780>,72,2,[1 5],109,206,208,97,206
1,<environment.Job instance at 0x15102b522910>,73,2,[6 1],110,209,211,99,206
1,<environment.Job instance at 0x15102b68b870>,74,15,[2 8],112,222,237,110,208
1,<environment.Job instance at 0x15102b68b370>,75,17,[8 1],113,235,252,122,223
1,<environment.Job instance at 0x15102b68b910>,76,1,[ 2 10],115,237,238,122,223
1,<environment.Job instance at 0x15102b68b4b0>,77,2,[2 8],118,238,240,120,223
1,<environment.Job instance at 0x15102b68b500>,78,16,[8 1],120,252,268,132,239
1,<environment.Job instance at 0x15102b68b280>,79,2,[6 2],121,240,242,119,239
1,<environment.Job instance at 0x15102b68bf50>,80,1,[2 5],122,239,240,117,239
1,<environment.Job instance at 0x15102b68be10>,81,3,[2 8],126,242,245,116,239
1,<environment.Job instance at 0x15102b68bd70>,82,2,[1 9],127,240,242,113,239
1,<environment.Job instance at 0x15102b68b230>,83,3,[2 6],128,242,245,114,239
1,<environment.Job instance at 0x15102b512f50>,84,2,[5 2],129,245,247,116,239
1,<environment.Job instance at 0x15102b7ee500>,85,2,[ 2 10],132,245,247,113,239
1,<environment.Job instance at 0x15102fc93d70>,86,3,[2 8],133,247,250,114,239
1,<environment.Job instance at 0x15102b5124b0>,87,1,[2 5],134,247,248,113,239
1,<environment.Job instance at 0x15102b512eb0>,88,2,[5 1],135,248,250,113,239
1,<environment.Job instance at 0x15102e65ba00>,89,17,[6 2],136,250,267,114,239
1,<environment.Job instance at 0x15102e65b370>,90,1,[9 1],137,268,269,131,240
1,<environment.Job instance at 0x15102b2e7050>,91,12,[1 7],139,250,262,111,240
1,<environment.Job instance at 0x15102b39cfa0>,92,1,[7 1],140,267,268,127,240
1,<environment.Job instance at 0x15102b2e7d70>,93,2,[2 7],141,268,270,127,241
1,<environment.Job instance at 0x15102b39c370>,94,23,[2 9],142,270,293,128,264
1,<environment.Job instance at 0x15102b39ca00>,95,15,[5 2],143,269,284,126,264
1,<environment.Job instance at 0x15102b39cd70>,96,2,[7 1],144,269,271,125,264
1,<environment.Job instance at 0x15102b39c2d0>,97,1,[1 6],146,264,265,118,264
1,<environment.Job instance at 0x15102b39c320>,98,2,[6 2],147,271,273,124,264
1,<environment.Job instance at 0x15102b39c730>,99,2,[10  2],149,284,286,135,264
1,<environment.Job instance at 0x15102b39cc80>,100,2,[2 7],153,293,295,140,266
1,<environment.Job instance at 0x15102b39cdc0>,101,3,[8 1],154,273,276,119,266
1,<environment.Job instance at 0x15102b39c280>,102,1,[8 2],156,276,277,120,266
1,<environment.Job instance at 0x15102b39cf50>,103,3,[8 2],158,277,280,119,266
1,<environment.Job instance at 0x15102b39c960>,104,2,[8 1],160,280,282,120,266
1,<environment.Job instance at 0x15102b39c910>,105,3,[2 7],161,293,296,132,267
1,<environment.Job instance at 0x15102b39c8c0>,106,1,[1 6],162,268,269,106,267
1,<environment.Job instance at 0x15102f856410>,107,1,[8 1],166,282,283,116,273
1,<environment.Job instance at 0x15102f856d70>,108,1,[10  1],167,286,287,119,273
1,<environment.Job instance at 0x15102f856e10>,109,15,[2 8],168,295,310,127,281
1,<environment.Job instance at 0x15102f856190>,110,2,[9 1],169,287,289,118,281
1,<environment.Job instance at 0x15102f8566e0>,111,12,[8 1],170,296,308,126,281
1,<environment.Job instance at 0x15102f856fa0>,112,12,[7 1],171,308,320,137,291
1,<environment.Job instance at 0x15102f8564b0>,113,3,[10  1],172,291,294,119,291
1,<environment.Job instance at 0x15102f856cd0>,114,3,[7 1],173,310,313,137,291
1,<environment.Job instance at 0x15102f856690>,115,2,[2 8],175,313,315,138,291
1,<environment.Job instance at 0x15102f856140>,116,16,[1 9],176,315,331,139,302
1,<environment.Job instance at 0x15102f856460>,117,3,[13  1],177,320,323,143,302
1,<environment.Job instance at 0x15102f856eb0>,118,3,[2 9],178,331,334,153,305
1,<environment.Job instance at 0x15102f856960>,119,1,[2 9],179,334,335,155,306
1,<environment.Job instance at 0x15102f957b90>,4,1,[2 9],8,12,13,4,12
1,<environment.Job instance at 0x15102c4277d0>,21,19,[8 1],38,38,57,0,38
1,<environment.Job instance at 0x15103a52f500>,22,1,[8 2],39,57,58,18,39
1,<environment.Job instance at 0x15103a52fc30>,23,1,[1 6],40,40,41,0,40
1,<environment.Job instance at 0x15103a52fb40>,24,2,[1 8],41,41,43,0,41
1,<environment.Job instance at 0x15103a52fbe0>,25,16,[9 2],42,58,74,16,45
1,<environment.Job instance at 0x15102b3c5b90>,26,15,[ 1 10],43,45,60,2,45
1,<environment.Job instance at 0x15102b3c59b0>,27,1,[5 1],44,45,46,1,45
1,<environment.Job instance at 0x15102b3c5eb0>,28,2,[2 7],45,60,62,15,45
1,<environment.Job instance at 0x15102b3c54b0>,29,2,[9 1],46,74,76,28,47
1,<environment.Job instance at 0x15102b3c5af0>,30,1,[1 8],47,62,63,15,47
1,<environment.Job instance at 0x15102b797c80>,31,2,[10  2],48,76,78,28,49
1,<environment.Job instance at 0x15102b797780>,32,1,[9 2],49,78,79,29,50
1,<environment.Job instance at 0x15102b797af0>,33,14,[2 7],50,63,77,13,50
1,<environment.Job instance at 0x15102b9da1e0>,34,1,[10  1],52,79,80,27,52
1,<environment.Job instance at 0x15102b9dae10>,35,23,[5 2],54,77,100,23,71
1,<environment.Job instance at 0x15102b9da050>,36,2,[2 9],56,80,82,24,71
1,<environment.Job instance at 0x15102b9da5a0>,37,3,[9 1],57,82,85,25,71
1,<environment.Job instance at 0x15102b9daaf0>,38,17,[2 6],58,85,102,27,73
1,<environment.Job instance at 0x15102b9da9b0>,39,1,[1 6],59,73,74,14,73
1,<environment.Job instance at 0x15102b9da960>,40,17,[1 9],61,100,117,39,88
1,<environment.Job instance at 0x15102b9daeb0>,41,3,[ 2 12],62,117,120,55,91
1,<environment.Job instance at 0x15102b9da410>,42,12,[11  1],63,102,114,39,91
1,<environment.Job instance at 0x15102b9da6e0>,43,18,[2 9],64,120,138,56,109
1,<environment.Job instance at 0x15102b16e820>,44,2,[2 8],65,138,140,73,111
1,<environment.Job instance at 0x15102b16eb40>,45,14,[9 1],66,114,128,48,111
1,<environment.Job instance at 0x15102b16e140>,46,16,[5 1],68,128,144,60,115
1,<environment.Job instance at 0x15102e5b6b40>,47,28,[5 2],69,128,156,59,127
1,<environment.Job instance at 0x151039c1a460>,48,3,[7 2],71,144,147,73,127
1,<environment.Job instance at 0x15102b16eeb0>,49,2,[2 7],72,140,142,68,127
1,<environment.Job instance at 0x15102b7e35a0>,50,3,[2 9],74,142,145,68,127
1,<environment.Job instance at 0x15102b7e37d0>,51,1,[10  2],75,147,148,72,127
1,<environment.Job instance at 0x15102fc4a140>,52,2,[ 1 10],78,145,147,67,127
1,<environment.Job instance at 0x15102b6c3640>,53,1,[9 2],79,148,149,69,127
1,<environment.Job instance at 0x15102e85a050>,54,17,[2 5],83,149,166,66,137
1,<environment.Job instance at 0x151039b84af0>,55,18,[ 2 10],84,156,174,72,145
1,<environment.Job instance at 0x151039b84e10>,56,1,[ 1 10],86,148,149,62,145
1,<environment.Job instance at 0x15102b5e60a0>,57,1,[2 6],87,149,150,62,145
1,<environment.Job instance at 0x151039b84140>,58,1,[2 6],88,150,151,62,145
1,<environment.Job instance at 0x15102b5e6fa0>,59,16,[10  2],90,166,182,76,153
1,<environment.Job instance at 0x15102c3a2550>,62,12,[1 5],93,174,186,81,157
1,<environment.Job instance at 0x15102fb978c0>,63,2,[1 9],94,182,184,88,157
1,<environment.Job instance at 0x15102b839d70>,64,1,[5 1],95,182,183,87,157
1,<environment.Job instance at 0x15102fb97820>,65,3,[6 2],97,184,187,87,158
1,<environment.Job instance at 0x15102b0565f0>,66,2,[2 7],98,174,176,76,158
1,<environment.Job instance at 0x15102b056050>,67,16,[10  1],100,187,203,87,174
1,<environment.Job instance at 0x15102b056d70>,68,3,[2 8],101,176,179,75,174
1,<environment.Job instance at 0x15102b056e60>,69,26,[2 6],102,184,210,82,181
1,<environment.Job instance at 0x15102b056f50>,70,1,[2 6],103,181,182,78,181
1,<environment.Job instance at 0x15102b056780>,71,15,[8 2],104,203,218,99,189
1,<environment.Job instance at 0x15102b4be2d0>,72,3,[ 2 10],105,210,213,105,189
1,<environment.Job instance at 0x15102b4be1e0>,73,14,[1 5],106,189,203,83,189
1,<environment.Job instance at 0x15102b4be960>,74,1,[ 2 10],107,213,214,106,189
1,<environment.Job instance at 0x15102b4be0a0>,75,3,[ 2 10],108,214,217,106,189
1,<environment.Job instance at 0x15102b4beb90>,76,2,[5 1],109,203,205,94,189
1,<environment.Job instance at 0x15102be4d9b0>,77,12,[1 9],112,217,229,105,200
1,<environment.Job instance at 0x15102be4db40>,78,1,[1 9],113,229,230,116,201
1,<environment.Job instance at 0x15102be4d410>,79,21,[2 7],114,230,251,116,222
1,<environment.Job instance at 0x15102be4d730>,80,3,[8 2],115,222,225,107,222
1,<environment.Job instance at 0x15102be4de60>,81,3,[1 7],116,230,233,114,222
1,<environment.Job instance at 0x15102be4dcd0>,82,2,[9 2],117,225,227,108,222
1,<environment.Job instance at 0x15102be4d5f0>,83,2,[7 1],118,227,229,109,222
1,<environment.Job instance at 0x15102be4d230>,84,1,[1 6],119,229,230,110,222
1,<environment.Job instance at 0x15102be4d460>,85,27,[2 7],120,233,260,113,231
1,<environment.Job instance at 0x15102be4da00>,87,13,[1 6],122,251,264,129,235
1,<environment.Job instance at 0x15102be4d0f0>,88,3,[5 1],123,235,238,112,235
1,<environment.Job instance at 0x15102be4d690>,89,15,[7 2],124,251,266,127,237
1,<environment.Job instance at 0x15102be4d7d0>,90,2,[1 6],127,260,262,133,237
1,<environment.Job instance at 0x15102b3b4c80>,91,16,[2 7],130,262,278,132,249
1,<environment.Job instance at 0x15102b3b4f00>,92,3,[ 2 13],134,278,281,144,252
1,<environment.Job instance at 0x15102b3b4b40>,93,2,[2 8],135,266,268,131,252
1,<environment.Job instance at 0x15102b3b4a00>,94,3,[10  1],136,268,271,132,252
1,<environment.Job instance at 0x15102b85c280>,95,21,[1 5],139,281,302,142,273
1,<environment.Job instance at 0x15102b1ace10>,96,3,[2 8],140,273,276,133,273
1,<environment.Job instance at 0x15102b85c910>,97,3,[10  1],141,276,279,135,273
1,<environment.Job instance at 0x15102b1ac370>,98,2,[1 6],142,276,278,134,273
1,<environment.Job instance at 0x15102b6b7af0>,99,2,[5 2],143,279,281,136,273
1,<environment.Job instance at 0x15102b7e70a0>,100,1,[5 1],144,281,282,137,273
1,<environment.Job instance at 0x15102b7e7190>,101,3,[8 1],145,281,284,136,273
1,<environment.Job instance at 0x15102bb2c9b0>,102,3,[10  1],146,284,287,138,273
1,<environment.Job instance at 0x15102bb2cc80>,103,13,[1 9],147,282,295,135,273
1,<environment.Job instance at 0x15102bb2caa0>,104,3,[9 2],150,295,298,145,273
1,<environment.Job instance at 0x15102bb2c140>,105,3,[5 1],151,287,290,136,273
1,<environment.Job instance at 0x15102bb2c230>,106,2,[5 1],153,290,292,137,273
1,<environment.Job instance at 0x15102bb2ce60>,107,3,[1 9],154,298,301,144,273
1,<environment.Job instance at 0x15102c3508c0>,108,2,[1 9],155,301,303,146,274
1,<environment.Job instance at 0x15102c350230>,109,3,[ 2 10],156,303,306,147,277
1,<environment.Job instance at 0x15102c350fa0>,110,3,[2 6],157,295,298,138,277
1,<environment.Job instance at 0x15102c350dc0>,111,2,[2 8],158,306,308,148,279
1,<environment.Job instance at 0x15103a7c7d70>,112,2,[1 8],159,308,310,149,281
1,<environment.Job instance at 0x15103a7c72d0>,113,2,[7 1],160,292,294,132,281
1,<environment.Job instance at 0x15103a7c7c80>,114,2,[2 9],161,310,312,149,283
1,<environment.Job instance at 0x15103a7c7550>,115,1,[1 7],162,306,307,144,283
1,<environment.Job instance at 0x15103a7c7f50>,116,2,[7 1],163,298,300,135,283
1,<environment.Job instance at 0x15103a7c7190>,117,13,[8 2],164,307,320,143,291
1,<environment.Job instance at 0x15103a7c7410>,118,3,[2 6],165,312,315,147,291
1,<environment.Job instance at 0x15103a7c7c30>,119,3,[6 2],167,302,305,135,291
1,<environment.Job instance at 0x15103a7c79b0>,120,3,[1 9],168,315,318,147,291
1,<environment.Job instance at 0x15103a7c7f00>,121,3,[1 7],170,312,315,142,291
1,<environment.Job instance at 0x15103a7c7820>,122,2,[2 7],172,318,320,146,291
1,<environment.Job instance at 0x15103a7c7280>,123,1,[2 7],173,320,321,147,292
1,<environment.Job instance at 0x15103a7c7b90>,124,2,[5 1],174,300,302,126,292
1,<environment.Job instance at 0x15103a7c7230>,125,1,[2 9],176,321,322,145,293
1,<environment.Job instance at 0x1510394a3d20>,126,1,[ 1 10],178,322,323,144,294
1,<environment.Job instance at 0x1510394a3be0>,127,3,[10  2],179,320,323,141,294
1,<environment.Job instance at 0x15102c4274b0>,19,1,[1 8],36,330,331,294,330
1,<environment.Job instance at 0x15102b74bc80>,10,13,[9 1],16,16,29,0,16
1,<environment.Job instance at 0x15102b6593c0>,11,1,[ 1 10],17,17,18,0,17
1,<environment.Job instance at 0x15102b659500>,12,1,[10  2],18,29,30,11,18
1,<environment.Job instance at 0x15102b6597d0>,13,16,[5 1],19,19,35,0,19
1,<environment.Job instance at 0x15102b74be10>,14,3,[6 1],20,30,33,10,20
1,<environment.Job instance at 0x15102b659cd0>,15,13,[2 5],22,30,43,8,22
1,<environment.Job instance at 0x15102b7e01e0>,16,2,[2 8],23,30,32,7,23
1,<environment.Job instance at 0x15102b7e0780>,17,3,[1 7],25,25,28,0,25
1,<environment.Job instance at 0x15102b78ceb0>,18,2,[8 1],27,33,35,6,27
1,<environment.Job instance at 0x15102b78c7d0>,19,3,[9 2],28,35,38,7,28
1,<environment.Job instance at 0x15102b78c5a0>,20,13,[2 5],32,35,48,3,32
1,<environment.Job instance at 0x15102b78c320>,21,12,[2 7],33,43,55,10,33
1,<environment.Job instance at 0x15102b78c4b0>,22,13,[7 2],34,38,51,4,34
1,<environment.Job instance at 0x15102b78c870>,23,14,[7 1],35,51,65,16,36
1,<environment.Job instance at 0x15102b78c960>,24,3,[2 6],36,48,51,12,36
1,<environment.Job instance at 0x15102b9353c0>,25,3,[8 1],37,55,58,18,37
1,<environment.Job instance at 0x15102b022500>,26,1,[6 1],38,51,52,13,38
1,<environment.Job instance at 0x15102b022460>,27,3,[6 1],39,52,55,13,39
1,<environment.Job instance at 0x15102b022a00>,28,3,[9 1],40,65,68,25,40
1,<environment.Job instance at 0x151039ae1a50>,29,3,[2 9],41,58,61,17,41
1,<environment.Job instance at 0x151039ae1d70>,30,14,[2 5],42,58,72,16,43
1,<environment.Job instance at 0x151039ae15a0>,31,1,[10  2],45,68,69,23,45
1,<environment.Job instance at 0x15102f7f0690>,32,1,[5 1],46,61,62,15,46
1,<environment.Job instance at 0x15102f7f07d0>,33,3,[1 8],47,61,64,14,47
1,<environment.Job instance at 0x15102f7f0550>,34,2,[5 1],48,62,64,14,48
1,<environment.Job instance at 0x15102f7f09b0>,35,15,[9 2],50,69,84,19,55
1,<environment.Job instance at 0x15102f7f0d20>,36,2,[2 8],52,64,66,12,55
1,<environment.Job instance at 0x15102f7f08c0>,37,1,[ 1 10],53,72,73,19,55
1,<environment.Job instance at 0x15102f7f00a0>,38,16,[8 1],55,84,100,29,71
1,<environment.Job instance at 0x1510680a51e0>,39,3,[8 2],56,100,103,44,74
1,<environment.Job instance at 0x1510680a5a00>,40,1,[2 8],57,74,75,17,74
1,<environment.Job instance at 0x1510680a58c0>,41,1,[5 1],58,75,76,17,74
1,<environment.Job instance at 0x1510680a5460>,42,3,[5 1],59,76,79,17,74
1,<environment.Job instance at 0x1510680a5500>,43,18,[5 2],60,79,97,19,74
1,<environment.Job instance at 0x15102e6d9910>,44,2,[6 2],65,97,99,32,74
1,<environment.Job instance at 0x15102c364960>,45,12,[2 8],66,84,96,18,74
1,<environment.Job instance at 0x15102c364fa0>,46,13,[9 2],68,103,116,35,87
1,<environment.Job instance at 0x151068b9d370>,47,18,[ 1 10],70,96,114,26,87
1,<environment.Job instance at 0x15102b19db40>,48,18,[2 6],71,114,132,43,103
1,<environment.Job instance at 0x151068b9da50>,49,15,[5 2],72,116,131,44,103
1,<environment.Job instance at 0x151068467820>,50,13,[1 6],73,114,127,41,103
1,<environment.Job instance at 0x15102e727e10>,51,2,[8 1],74,127,129,53,103
1,<environment.Job instance at 0x15102d8d92d0>,52,1,[10  1],75,131,132,56,103
1,<environment.Job instance at 0x15102bc16280>,53,2,[5 1],76,103,105,27,103
1,<environment.Job instance at 0x15103a52eaa0>,54,1,[1 6],77,129,130,52,103
1,<environment.Job instance at 0x15102d8d96e0>,55,12,[5 2],78,132,144,54,115
1,<environment.Job instance at 0x15102d8d9960>,56,3,[9 2],80,132,135,52,115
1,<environment.Job instance at 0x1510680ca6e0>,57,13,[ 1 14],82,144,157,62,128
1,<environment.Job instance at 0x1510680ca140>,58,1,[10  1],85,135,136,50,128
1,<environment.Job instance at 0x1510680ca230>,59,14,[6 1],86,136,150,50,128
1,<environment.Job instance at 0x1510680ca910>,60,12,[2 8],87,157,169,70,140
1,<environment.Job instance at 0x1510680ca690>,61,2,[2 6],89,140,142,51,140
1,<environment.Job instance at 0x1510680cac30>,62,3,[1 6],90,140,143,50,140
1,<environment.Job instance at 0x1510680caa50>,63,3,[1 9],91,169,172,78,143
1,<environment.Job instance at 0x1510680ca8c0>,64,2,[7 2],92,157,159,65,143
1,<environment.Job instance at 0x15102e73f4b0>,65,2,[9 1],94,150,152,56,143
1,<environment.Job instance at 0x15102e6320f0>,66,2,[2 6],98,159,161,61,143
1,<environment.Job instance at 0x15102e73f1e0>,67,3,[2 7],100,161,164,61,143
1,<environment.Job instance at 0x15102b167050>,68,3,[6 2],102,164,167,62,143
1,<environment.Job instance at 0x15102b31ffa0>,69,3,[2 5],104,164,167,60,143
1,<environment.Job instance at 0x15102b31fe60>,70,21,[1 9],105,172,193,67,164
1,<environment.Job instance at 0x15102b31f910>,71,1,[2 6],107,167,168,60,164
1,<environment.Job instance at 0x15102c401500>,72,2,[9 1],108,167,169,59,164
1,<environment.Job instance at 0x15102c4010f0>,73,16,[ 1 10],110,193,209,83,180
1,<environment.Job instance at 0x15102bbd7460>,74,18,[10  1],111,180,198,69,180
1,<environment.Job instance at 0x15102bbd7050>,75,2,[7 2],112,198,200,86,180
1,<environment.Job instance at 0x15102bbd7e10>,76,2,[13  2],113,200,202,87,180
1,<environment.Job instance at 0x15102bbd7410>,77,15,[10  2],114,202,217,88,188
1,<environment.Job instance at 0x15102bbd79b0>,78,3,[7 2],116,217,220,101,191
1,<environment.Job instance at 0x15102bbd7550>,79,16,[1 8],117,209,225,92,196
1,<environment.Job instance at 0x15102bbd7320>,80,3,[5 1],119,217,220,98,196
1,<environment.Job instance at 0x15102bbd7f50>,81,1,[2 9],121,225,226,104,197
1,<environment.Job instance at 0x15102bbd7870>,82,1,[5 2],122,198,199,76,197
1,<environment.Job instance at 0x15102bbd7c80>,83,3,[6 2],123,220,223,97,197
1,<environment.Job instance at 0x15102bbd7780>,84,18,[1 7],124,226,244,102,215
1,<environment.Job instance at 0x15102d8c3cd0>,85,16,[9 1],126,223,239,97,215
1,<environment.Job instance at 0x15102d8c3410>,86,1,[1 9],127,244,245,117,216
1,<environment.Job instance at 0x15102d8c3af0>,87,1,[8 1],128,220,221,92,216
1,<environment.Job instance at 0x15102b192a00>,88,2,[9 1],130,239,241,109,216
1,<environment.Job instance at 0x15102b192f50>,89,1,[1 6],131,223,224,92,216
1,<environment.Job instance at 0x15102b192d20>,90,2,[1 5],132,221,223,89,216
1,<environment.Job instance at 0x15102b1920f0>,91,3,[6 1],133,241,244,108,216
1,<environment.Job instance at 0x15102e3205a0>,92,16,[6 2],134,241,257,107,228
1,<environment.Job instance at 0x15102e320500>,93,2,[1 7],136,228,230,92,228
1,<environment.Job instance at 0x15102e56ac80>,94,3,[1 6],137,230,233,93,228
1,<environment.Job instance at 0x15102e56aaf0>,95,1,[7 1],138,244,245,106,228
1,<environment.Job instance at 0x15102e3f3960>,96,13,[7 1],139,245,258,106,229
1,<environment.Job instance at 0x15102e3f3fa0>,97,1,[ 2 10],141,245,246,104,229
1,<environment.Job instance at 0x15102e3f3910>,98,14,[10  2],142,258,272,116,243
1,<environment.Job instance at 0x15102e3f3e60>,99,1,[2 8],143,246,247,103,243
1,<environment.Job instance at 0x151039cb3550>,100,3,[7 2],144,272,275,128,246
1,<environment.Job instance at 0x151039cb3190>,101,1,[2 8],145,247,248,102,246
1,<environment.Job instance at 0x151039cb34b0>,102,3,[2 7],146,248,251,102,246
1,<environment.Job instance at 0x151039cb3230>,103,1,[10  2],147,275,276,128,247
1,<environment.Job instance at 0x151039cb30f0>,104,13,[2 7],148,251,264,103,247
1,<environment.Job instance at 0x151039cb35f0>,105,2,[8 1],149,272,274,123,247
1,<environment.Job instance at 0x151039cb33c0>,106,2,[7 1],150,276,278,126,249
1,<environment.Job instance at 0x151039cb3370>,107,3,[9 1],151,278,281,127,252
1,<environment.Job instance at 0x151039cb3910>,108,1,[11  2],152,281,282,129,253
1,<environment.Job instance at 0x151039cb3460>,109,18,[8 2],153,282,300,129,271
1,<environment.Job instance at 0x151039cb3aa0>,110,2,[2 9],154,274,276,120,271
1,<environment.Job instance at 0x151039cb3c30>,111,17,[8 1],156,300,317,144,288
1,<environment.Job instance at 0x151039cb32d0>,112,18,[1 6],157,288,306,131,288
1,<environment.Job instance at 0x151039cb3d20>,113,3,[9 1],158,317,320,159,291
1,<environment.Job instance at 0x151039cb3f50>,114,3,[9 1],159,320,323,161,294
1,<environment.Job instance at 0x151039cb3be0>,115,15,[14  1],160,323,338,163,309
1,<environment.Job instance at 0x151039cb3280>,116,1,[7 1],161,309,310,148,309
1,<environment.Job instance at 0x151039cb39b0>,117,14,[1 8],163,310,324,147,309
1,<environment.Job instance at 0x15102ba60410>,118,3,[10  1],165,338,341,173,312
1,<environment.Job instance at 0x15102ba609b0>,119,3,[ 1 10],167,324,327,157,312
1,<environment.Job instance at 0x15102ba60960>,120,1,[7 1],168,341,342,173,313
1,<environment.Job instance at 0x15102ba602d0>,121,18,[ 2 10],171,338,356,167,327
1,<environment.Job instance at 0x15102ba60b90>,122,12,[5 1],173,341,353,168,327
1,<environment.Job instance at 0x15102ba60500>,123,3,[9 2],174,353,356,179,327
1,<environment.Job instance at 0x15102ba606e0>,124,3,[8 1],176,342,345,166,327
1,<environment.Job instance at 0x15102ba60f00>,125,18,[1 9],178,356,374,178,345
1,<environment.Job instance at 0x15102ba60230>,126,2,[5 1],179,345,347,166,345
1,<environment.Job instance at 0x15102b74bd20>,7,1,[10  2],9,446,447,437,446
1,<environment.Job instance at 0x15102b74b960>,8,18,[1 6],14,1215,1233,1201,1215
1,<environment.Job instance at 0x15102b74b6e0>,5,2,[ 1 12],7,1271,1273,1264,1271
1,<environment.Job instance at 0x15102b619690>,24,12,[ 1 10],34,34,46,0,34
1,<environment.Job instance at 0x15102b6199b0>,25,1,[ 1 11],36,46,47,10,36
1,<environment.Job instance at 0x15102b6195f0>,26,13,[6 1],37,37,50,0,37
1,<environment.Job instance at 0x15102b6198c0>,27,19,[7 2],38,38,57,0,38
1,<environment.Job instance at 0x15102b619b40>,28,13,[5 2],39,50,63,11,39
1,<environment.Job instance at 0x15102b619a50>,29,13,[9 2],40,57,70,17,41
1,<environment.Job instance at 0x15102b6190f0>,30,1,[2 6],41,47,48,6,41
1,<environment.Job instance at 0x15102e550e10>,31,12,[1 8],42,48,60,6,42
1,<environment.Job instance at 0x15102e5505f0>,32,1,[2 5],43,63,64,20,43
1,<environment.Job instance at 0x15102e550f00>,33,17,[1 8],45,60,77,15,48
1,<environment.Job instance at 0x15102e5505a0>,34,2,[10  1],46,70,72,24,48
1,<environment.Job instance at 0x15102e550730>,35,25,[7 2],48,72,97,24,68
1,<environment.Job instance at 0x15102e550500>,36,1,[ 2 10],49,77,78,28,68
1,<environment.Job instance at 0x15102e550280>,37,3,[2 9],50,78,81,28,68
1,<environment.Job instance at 0x15102e550a00>,38,3,[1 6],51,81,84,30,68
1,<environment.Job instance at 0x15102e550b40>,39,18,[ 1 12],52,84,102,32,73
1,<environment.Job instance at 0x15102e550370>,40,2,[ 1 10],53,102,104,49,75
1,<environment.Job instance at 0x15102e550230>,41,1,[2 9],54,104,105,50,76
1,<environment.Job instance at 0x15102e550050>,42,21,[10  1],55,97,118,42,89
1,<environment.Job instance at 0x15102e5504b0>,43,14,[1 8],57,105,119,48,90
1,<environment.Job instance at 0x15102e550460>,44,3,[7 2],58,118,121,60,92
1,<environment.Job instance at 0x15102e550910>,45,2,[7 1],59,92,94,33,92
1,<environment.Job instance at 0x15102e550b90>,46,1,[9 2],60,121,122,61,93
1,<environment.Job instance at 0x15102e5500a0>,47,2,[5 1],61,94,96,33,93
1,<environment.Job instance at 0x15102afa23c0>,48,14,[2 9],62,119,133,57,104
1,<environment.Job instance at 0x15102afa2410>,49,3,[1 5],64,104,107,40,104
1,<environment.Job instance at 0x15102afa22d0>,50,15,[10  1],65,122,137,57,108
1,<environment.Job instance at 0x15102afa2a00>,51,17,[1 9],68,133,150,65,121
1,<environment.Job instance at 0x15102afa2140>,52,1,[5 1],69,137,138,68,121
1,<environment.Job instance at 0x151080308460>,53,3,[6 1],70,137,140,67,121
1,<environment.Job instance at 0x15102b44c550>,54,3,[8 2],73,138,141,65,121
1,<environment.Job instance at 0x15102b44cf50>,55,18,[7 1],75,141,159,66,130
1,<environment.Job instance at 0x15102b44c960>,56,3,[2 5],76,130,133,54,130
1,<environment.Job instance at 0x15102b44c780>,57,1,[1 6],77,150,151,73,130
1,<environment.Job instance at 0x15102b44c320>,58,2,[8 1],78,151,153,73,130
1,<environment.Job instance at 0x15102b44ce10>,59,2,[1 7],79,153,155,74,130
1,<environment.Job instance at 0x15102b44c6e0>,60,2,[7 2],80,141,143,61,130
1,<environment.Job instance at 0x15102b44c8c0>,61,2,[7 1],81,143,145,62,130
1,<environment.Job instance at 0x15102b44c1e0>,62,1,[ 2 12],82,155,156,73,130
1,<environment.Job instance at 0x15102b44c690>,63,2,[ 1 10],83,156,158,73,130
1,<environment.Job instance at 0x15102b44ccd0>,64,13,[6 1],84,153,166,69,137
1,<environment.Job instance at 0x15102b44cc80>,65,2,[1 5],85,145,147,60,137
1,<environment.Job instance at 0x15102b44cfa0>,66,2,[6 1],86,147,149,61,137
1,<environment.Job instance at 0x15102b44cbe0>,67,3,[2 8],87,158,161,71,137
1,<environment.Job instance at 0x15102b44ca50>,68,3,[1 7],88,161,164,73,137
1,<environment.Job instance at 0x15102b44c050>,69,3,[1 8],90,164,167,74,138
1,<environment.Job instance at 0x15102b44caf0>,70,3,[7 1],92,159,162,67,138
1,<environment.Job instance at 0x15102b49c9b0>,71,14,[2 7],93,166,180,73,151
1,<environment.Job instance at 0x15102b49cb90>,72,12,[ 1 10],96,180,192,84,163
1,<environment.Job instance at 0x15102b49c0f0>,73,1,[ 2 10],97,192,193,95,164
1,<environment.Job instance at 0x15102b49ce60>,74,2,[1 9],99,193,195,94,166
1,<environment.Job instance at 0x15102b49c8c0>,75,2,[5 2],101,167,169,66,166
1,<environment.Job instance at 0x15102b49c910>,76,2,[1 5],102,167,169,65,166
1,<environment.Job instance at 0x15102b49ca00>,77,21,[5 2],104,169,190,65,166
1,<environment.Job instance at 0x15102b49cfa0>,78,2,[ 1 10],105,195,197,90,168
1,<environment.Job instance at 0x15102b49c190>,79,14,[2 5],106,190,204,84,175
1,<environment.Job instance at 0x15102b49c3c0>,80,3,[2 9],107,197,200,90,175
1,<environment.Job instance at 0x151039497af0>,81,1,[10  1],108,193,194,85,175
1,<environment.Job instance at 0x1510394971e0>,82,2,[2 9],109,200,202,91,175
1,<environment.Job instance at 0x151039497230>,83,3,[6 1],111,175,178,64,175
1,<environment.Job instance at 0x1510394979b0>,84,2,[8 2],113,178,180,65,175
1,<environment.Job instance at 0x1510394970a0>,85,3,[6 2],115,180,183,65,175
1,<environment.Job instance at 0x151039497d20>,86,2,[7 2],116,183,185,67,175
1,<environment.Job instance at 0x1510394976e0>,87,3,[10  2],117,202,205,85,176
1,<environment.Job instance at 0x151039497e60>,88,2,[6 2],120,185,187,65,176
1,<environment.Job instance at 0x151039497b40>,89,3,[10  2],121,205,208,84,179
1,<environment.Job instance at 0x151039497140>,90,2,[8 2],122,187,189,65,179
1,<environment.Job instance at 0x151039497c30>,91,3,[7 1],124,197,200,73,179
1,<environment.Job instance at 0x151039497960>,92,3,[7 2],125,208,211,83,182
1,<environment.Job instance at 0x151039497500>,93,2,[6 2],127,208,210,81,182
1,<environment.Job instance at 0x1510823d5c30>,94,2,[7 1],128,200,202,72,182
1,<environment.Job instance at 0x1510823d50f0>,95,1,[1 7],129,202,203,73,182
1,<environment.Job instance at 0x15102f8df9b0>,96,1,[5 2],131,189,190,58,182
1,<environment.Job instance at 0x151080373e10>,97,3,[10  1],132,211,214,79,185
1,<environment.Job instance at 0x15102b4c1870>,98,2,[5 1],134,204,206,70,185
1,<environment.Job instance at 0x1510680f7780>,99,16,[1 5],137,206,222,69,193
1,<environment.Job instance at 0x15102b79f6e0>,100,1,[10  2],138,214,215,76,193
1,<environment.Job instance at 0x15102b681aa0>,101,27,[6 1],139,215,242,76,213
1,<environment.Job instance at 0x15102ba62b90>,102,3,[9 1],140,222,225,82,213
1,<environment.Job instance at 0x15102d8b6190>,103,3,[9 2],143,225,228,82,213
1,<environment.Job instance at 0x15102e788780>,104,3,[5 1],145,215,218,70,213
1,<environment.Job instance at 0x15102e7880f0>,105,15,[ 2 13],146,228,243,82,214
1,<environment.Job instance at 0x151082538b90>,106,12,[9 1],147,242,254,95,225
1,<environment.Job instance at 0x151039b18960>,107,1,[2 7],148,243,244,95,225
1,<environment.Job instance at 0x15102e788aa0>,108,17,[2 7],150,243,260,93,231
1,<environment.Job instance at 0x15102e6aa4b0>,109,15,[ 2 10],151,260,275,109,246
1,<environment.Job instance at 0x15102c43ac80>,110,2,[12  2],154,254,256,100,246
1,<environment.Job instance at 0x15102b8c00f0>,111,13,[7 1],155,256,269,101,246
1,<environment.Job instance at 0x15102b8c0dc0>,112,15,[2 6],156,275,290,119,261
1,<environment.Job instance at 0x15102e6fba00>,113,12,[2 6],157,275,287,118,261
1,<environment.Job instance at 0x15102b2670a0>,114,1,[1 5],160,269,270,109,261
1,<environment.Job instance at 0x15102e7dd9b0>,115,1,[9 2],161,270,271,109,261
1,<environment.Job instance at 0x151068113dc0>,116,1,[6 2],163,261,262,98,261
1,<environment.Job instance at 0x151068045230>,117,16,[10  1],164,271,287,107,261
1,<environment.Job instance at 0x15102bb166e0>,118,2,[2 8],165,287,289,122,261
1,<environment.Job instance at 0x15102bb16b90>,119,1,[10  2],166,289,290,123,261
1,<environment.Job instance at 0x15102bb16e10>,120,1,[12  1],168,290,291,122,262
1,<environment.Job instance at 0x15102e3159b0>,121,25,[1 7],169,289,314,120,285
1,<environment.Job instance at 0x15102bb164b0>,122,3,[8 2],170,291,294,121,285
1,<environment.Job instance at 0x15102bb16d70>,123,2,[8 1],173,287,289,114,285
1,<environment.Job instance at 0x15102b4e0140>,124,1,[ 1 11],174,314,315,140,286
1,<environment.Job instance at 0x15102b106cd0>,125,3,[1 9],176,315,318,139,289
1,<environment.Job instance at 0x15102c403550>,126,1,[ 2 10],179,318,319,139,290
1,<environment.Job instance at 0x15102b619910>,21,22,[5 2],29,318,340,289,318
1,<environment.Job instance at 0x15102b619780>,22,1,[5 1],30,339,340,309,339
1,<environment.Job instance at 0x15102b619230>,23,2,[1 6],32,711,713,679,711
1,<environment.Job instance at 0x15102aeae870>,7,26,[1 7],10,10,36,0,10
1,<environment.Job instance at 0x15102aeaed20>,8,3,[6 1],11,11,14,0,11
1,<environment.Job instance at 0x15102aeae050>,9,1,[6 2],12,12,13,0,12
1,<environment.Job instance at 0x15102aeae410>,10,2,[8 1],13,13,15,0,13
1,<environment.Job instance at 0x15102aeae460>,11,23,[1 9],14,36,59,22,30
1,<environment.Job instance at 0x15102aeae910>,12,20,[6 1],15,30,50,15,30
1,<environment.Job instance at 0x15102aeae370>,13,3,[2 9],17,59,62,42,33
1,<environment.Job instance at 0x15102aeae230>,14,17,[1 9],18,62,79,44,50
1,<environment.Job instance at 0x15102aeaeb40>,15,3,[2 8],19,79,82,60,53
1,<environment.Job instance at 0x15102aeae280>,16,1,[8 1],20,53,54,33,53
1,<environment.Job instance at 0x15102aeae9b0>,17,17,[9 1],21,54,71,33,53
1,<environment.Job instance at 0x151039b74870>,18,2,[6 1],22,71,73,49,53
1,<environment.Job instance at 0x151039b74b90>,19,1,[6 1],24,53,54,29,53
1,<environment.Job instance at 0x151039b74fa0>,20,2,[2 5],26,54,56,28,53
1,<environment.Job instance at 0x151039b74e10>,21,3,[2 8],28,82,85,54,56
1,<environment.Job instance at 0x151039b74d20>,22,1,[5 1],29,56,57,27,56
1,<environment.Job instance at 0x15102b9fe960>,23,25,[ 1 10],31,85,110,54,81
1,<environment.Job instance at 0x151039b74af0>,24,3,[13  1],32,81,84,49,81
1,<environment.Job instance at 0x15102b49fa50>,25,3,[ 2 10],33,110,113,77,84
1,<environment.Job instance at 0x151068097f00>,26,1,[8 2],35,84,85,49,84
1,<environment.Job instance at 0x1510825e3c30>,27,2,[8 1],37,85,87,48,84
1,<environment.Job instance at 0x15102b102f00>,28,1,[1 5],38,84,85,46,84
1,<environment.Job instance at 0x15102b6c82d0>,29,3,[9 1],39,87,90,48,84
1,<environment.Job instance at 0x151039b74dc0>,30,2,[5 1],40,85,87,45,84
1,<environment.Job instance at 0x151039ce26e0>,31,3,[1 9],41,113,116,72,87
1,<environment.Job instance at 0x15102b7c39b0>,32,1,[5 1],42,87,88,45,87
1,<environment.Job instance at 0x15102b7c3a00>,33,15,[1 8],44,116,131,72,102
1,<environment.Job instance at 0x15102b7c3370>,34,2,[8 1],47,102,104,55,102
1,<environment.Job instance at 0x15102b7c3d70>,35,3,[10  1],48,104,107,56,102
1,<environment.Job instance at 0x15102b7c3cd0>,36,2,[2 7],52,116,118,64,102
1,<environment.Job instance at 0x15102b7c3820>,37,1,[9 2],54,107,108,53,102
1,<environment.Job instance at 0x15102b7c3410>,38,18,[2 7],55,118,136,63,107
1,<environment.Job instance at 0x15102b7c3af0>,39,2,[2 6],57,113,115,56,107
1,<environment.Job instance at 0x15102b7c3910>,40,3,[6 2],58,108,111,50,107
1,<environment.Job instance at 0x15102b7c34b0>,41,1,[5 2],60,107,108,47,107
1,<environment.Job instance at 0x15102e5cdaa0>,42,17,[2 7],63,131,148,68,119
1,<environment.Job instance at 0x15102b7c3550>,43,1,[ 1 10],64,148,149,84,120
1,<environment.Job instance at 0x151082526b40>,44,13,[9 2],65,136,149,71,120
1,<environment.Job instance at 0x15102b7c3870>,45,3,[8 2],67,149,152,82,123
1,<environment.Job instance at 0x15102ba1ee10>,46,1,[1 9],68,149,150,81,123
1,<environment.Job instance at 0x15102ba1e320>,47,3,[7 1],70,131,134,61,123
1,<environment.Job instance at 0x15102ba1ecd0>,48,17,[8 1],72,152,169,80,140
1,<environment.Job instance at 0x151068113d70>,49,16,[1 8],73,150,166,77,140
1,<environment.Job instance at 0x151068113780>,50,18,[2 7],75,166,184,91,155
1,<environment.Job instance at 0x151068113370>,51,16,[1 8],76,169,185,93,156
1,<environment.Job instance at 0x1510681138c0>,52,3,[13  1],77,184,187,107,158
1,<environment.Job instance at 0x151068113f00>,53,3,[6 1],80,158,161,78,158
1,<environment.Job instance at 0x1510681130a0>,54,2,[8 2],81,187,189,106,160
1,<environment.Job instance at 0x1510681133c0>,55,3,[11  1],82,189,192,107,163
1,<environment.Job instance at 0x151068113af0>,56,16,[5 2],83,192,208,109,179
1,<environment.Job instance at 0x151068113280>,57,12,[7 2],84,192,204,108,179
1,<environment.Job instance at 0x15102bb17320>,58,1,[2 6],85,185,186,100,179
1,<environment.Job instance at 0x15102b9da820>,59,26,[1 6],86,186,212,100,183
1,<environment.Job instance at 0x1510802ff140>,60,2,[8 1],87,204,206,117,183
1,<environment.Job instance at 0x15102e5d3f50>,61,2,[6 1],88,187,189,99,183
1,<environment.Job instance at 0x15102e5d3cd0>,62,3,[7 2],90,206,209,116,183
1,<environment.Job instance at 0x15102e5d39b0>,63,3,[2 6],91,189,192,98,183
1,<environment.Job instance at 0x15102e5d3230>,64,1,[ 2 10],92,212,213,120,184
1,<environment.Job instance at 0x15102e5d3f00>,65,2,[5 2],94,208,210,114,184
1,<environment.Job instance at 0x15102e5d3b90>,66,1,[7 2],95,209,210,114,184
1,<environment.Job instance at 0x15102e5d36e0>,67,15,[10  2],96,210,225,114,196
1,<environment.Job instance at 0x15102e5d3aa0>,68,3,[1 6],97,213,216,116,196
1,<environment.Job instance at 0x15102e5d3eb0>,69,2,[2 7],98,210,212,112,196
1,<environment.Job instance at 0x15102e5d38c0>,70,3,[7 1],99,225,228,126,199
1,<environment.Job instance at 0x15102e5d30f0>,71,14,[6 1],100,225,239,125,210
1,<environment.Job instance at 0x15102e5d3320>,72,12,[2 9],101,216,228,115,210
1,<environment.Job instance at 0x15102af35fa0>,73,2,[8 1],103,228,230,125,210
1,<environment.Job instance at 0x15102ae277d0>,74,3,[ 2 10],105,230,233,125,210
1,<environment.Job instance at 0x15102ae27e10>,75,1,[1 6],109,213,214,104,210
1,<environment.Job instance at 0x15102ae27af0>,76,3,[1 8],110,233,236,123,210
1,<environment.Job instance at 0x15102ae27d20>,77,2,[2 7],112,214,216,102,210
1,<environment.Job instance at 0x15102ae27f50>,78,14,[10  1],113,239,253,126,224
1,<environment.Job instance at 0x15102ae27640>,79,2,[2 5],115,233,235,118,224
1,<environment.Job instance at 0x15102ae27fa0>,80,2,[1 6],116,228,230,112,224
1,<environment.Job instance at 0x15102ae27e60>,81,12,[ 1 10],118,236,248,118,224
1,<environment.Job instance at 0x15102ae273c0>,82,3,[9 1],119,253,256,134,227
1,<environment.Job instance at 0x15102e57d960>,83,17,[2 8],120,248,265,128,236
1,<environment.Job instance at 0x15102ae27500>,84,17,[1 8],121,265,282,144,253
1,<environment.Job instance at 0x15102ae27b40>,85,17,[ 2 11],122,282,299,160,270
1,<environment.Job instance at 0x15102f753be0>,87,1,[1 8],124,299,300,175,279
1,<environment.Job instance at 0x15102f753640>,88,3,[8 2],127,279,282,152,279
1,<environment.Job instance at 0x15102f753f50>,89,3,[2 5],128,279,282,151,279
1,<environment.Job instance at 0x15102e7a5140>,90,3,[9 1],130,282,285,152,279
1,<environment.Job instance at 0x15102f753690>,91,2,[8 2],131,285,287,154,279
1,<environment.Job instance at 0x15102f753f00>,92,1,[8 1],132,287,288,155,279
1,<environment.Job instance at 0x15102f753e10>,93,23,[7 1],133,288,311,155,282
1,<environment.Job instance at 0x15103a7c44b0>,94,22,[5 2],134,285,307,151,282
1,<environment.Job instance at 0x15103a7c4b40>,95,22,[7 2],136,307,329,171,300
1,<environment.Job instance at 0x15102c3f6640>,96,2,[2 9],137,300,302,163,300
1,<environment.Job instance at 0x15102bbb4e60>,97,3,[ 2 10],138,302,305,164,300
1,<environment.Job instance at 0x15102bbb4b40>,98,1,[2 7],139,305,306,166,300
1,<environment.Job instance at 0x15102bb14a50>,99,2,[ 2 10],142,311,313,169,300
1,<environment.Job instance at 0x15102bb14d20>,100,2,[8 1],143,313,315,170,300
1,<environment.Job instance at 0x15102bb140a0>,101,21,[5 1],144,315,336,171,307
1,<environment.Job instance at 0x15102b8c0af0>,102,3,[9 1],145,329,332,184,307
1,<environment.Job instance at 0x15102b8c00a0>,103,1,[9 2],146,332,333,186,307
1,<environment.Job instance at 0x15102b8c0c80>,104,15,[2 6],148,333,348,185,319
1,<environment.Job instance at 0x15102b8c02d0>,105,3,[7 2],150,333,336,183,319
1,<environment.Job instance at 0x15102b8c0320>,106,2,[ 2 10],151,319,321,168,319
1,<environment.Job instance at 0x15102b8c0b90>,107,3,[ 1 12],155,321,324,166,319
1,<environment.Job instance at 0x15102ae95190>,108,1,[10  1],157,336,337,179,319
1,<environment.Job instance at 0x15102e5c4190>,109,24,[5 2],158,337,361,179,332
1,<environment.Job instance at 0x15106846f370>,110,24,[2 7],161,336,360,175,332
1,<environment.Job instance at 0x15102aed1c80>,111,3,[1 8],162,360,363,198,334
1,<environment.Job instance at 0x15106846fbe0>,112,12,[1 6],164,348,360,184,334
1,<environment.Job instance at 0x15102b97ecd0>,113,15,[6 2],167,360,375,193,346
1,<environment.Job instance at 0x15102e407780>,114,18,[8 1],168,361,379,193,350
1,<environment.Job instance at 0x15106846fb40>,115,3,[6 2],171,375,378,204,350
1,<environment.Job instance at 0x15106846f730>,116,2,[7 2],172,378,380,206,351
1,<environment.Job instance at 0x15106846f050>,117,1,[10  2],173,380,381,207,352
1,<environment.Job instance at 0x15102b9847d0>,118,3,[1 5],175,363,366,188,352
1,<environment.Job instance at 0x15102ce8daf0>,119,2,[6 2],176,381,383,205,354
1,<environment.Job instance at 0x15102ba9a690>,120,3,[2 7],177,379,382,202,354
1,<environment.Job instance at 0x15102ce8d410>,121,3,[14  2],178,383,386,205,357
1,<environment.Job instance at 0x15102aeae690>,5,1,[2 8],8,386,387,378,384
1,<environment.Job instance at 0x15102f753230>,86,25,[ 2 14],123,387,412,264,385
1,<environment.Job instance at 0x15102b3698c0>,15,2,[5 1],23,23,25,0,23
1,<environment.Job instance at 0x151039ba0140>,17,25,[2 7],27,27,52,0,27
1,<environment.Job instance at 0x151039ba04b0>,18,3,[1 7],29,29,32,0,29
1,<environment.Job instance at 0x15102b822910>,20,3,[10  2],34,34,37,0,34
1,<environment.Job instance at 0x15102b822190>,21,1,[9 1],35,37,38,2,35
1,<environment.Job instance at 0x15102b49cdc0>,22,2,[8 2],36,38,40,2,36
1,<environment.Job instance at 0x15102f75cb90>,23,2,[6 1],37,40,42,3,37
1,<environment.Job instance at 0x15103a798690>,24,1,[2 6],38,38,39,0,38
1,<environment.Job instance at 0x15103a7988c0>,25,2,[2 7],39,40,42,1,39
1,<environment.Job instance at 0x15102b9ed1e0>,26,1,[1 7],40,42,43,2,40
1,<environment.Job instance at 0x15102ba5e0a0>,28,3,[6 2],44,44,47,0,44
1,<environment.Job instance at 0x15102e644960>,29,1,[8 2],45,47,48,2,45
1,<environment.Job instance at 0x15102f852870>,30,18,[9 2],46,48,66,2,46
1,<environment.Job instance at 0x151039af0550>,31,3,[8 1],47,66,69,19,47
1,<environment.Job instance at 0x15102b578c80>,32,3,[5 1],48,52,55,4,48
1,<environment.Job instance at 0x151039af0a50>,33,2,[9 1],49,69,71,20,49
1,<environment.Job instance at 0x15102aef2500>,34,3,[7 1],51,66,69,15,51
1,<environment.Job instance at 0x151068ca2640>,35,1,[1 9],54,54,55,0,54
1,<environment.Job instance at 0x15102f856460>,36,14,[7 1],55,71,85,16,56
1,<environment.Job instance at 0x15102f856cd0>,37,3,[ 2 10],57,57,60,0,57
1,<environment.Job instance at 0x15102f856a00>,38,3,[6 2],58,60,63,2,58
1,<environment.Job instance at 0x15102f856960>,39,3,[6 1],60,63,66,3,60
1,<environment.Job instance at 0x15102f856820>,40,3,[6 1],65,69,72,4,65
1,<environment.Job instance at 0x151068229230>,41,3,[7 2],66,72,75,6,66
1,<environment.Job instance at 0x151068229dc0>,42,15,[8 1],67,75,90,8,67
1,<environment.Job instance at 0x15102e4dd320>,43,3,[1 7],69,71,74,2,69
1,<environment.Job instance at 0x151068229460>,44,2,[8 1],70,90,92,20,70
1,<environment.Job instance at 0x15102b67ee10>,45,2,[7 1],73,85,87,12,73
1,<environment.Job instance at 0x15102b67e8c0>,46,15,[7 1],74,87,102,13,74
1,<environment.Job instance at 0x15102b67ebe0>,47,3,[1 6],76,92,95,16,76
1,<environment.Job instance at 0x15102b67e9b0>,48,2,[6 1],77,92,94,15,77
1,<environment.Job instance at 0x15102b67ef50>,49,1,[10  2],78,102,103,24,78
1,<environment.Job instance at 0x15102b67e2d0>,50,3,[1 6],79,92,95,13,79
1,<environment.Job instance at 0x15102b67e5f0>,51,17,[5 1],84,94,111,10,84
1,<environment.Job instance at 0x15102b67e320>,52,2,[1 5],86,95,97,9,86
1,<environment.Job instance at 0x15102b67ea50>,53,1,[7 2],90,103,104,13,90
1,<environment.Job instance at 0x151039cd4050>,54,16,[2 6],91,103,119,12,91
1,<environment.Job instance at 0x151039cd4d70>,55,1,[7 2],93,104,105,11,93
1,<environment.Job instance at 0x151039cd4b90>,56,1,[10  2],94,111,112,17,94
1,<environment.Job instance at 0x151039cd4910>,57,13,[1 8],95,112,125,17,96
1,<environment.Job instance at 0x151039cd4af0>,58,3,[8 1],96,105,108,9,96
1,<environment.Job instance at 0x151039cd4f00>,59,3,[6 1],97,108,111,11,97
1,<environment.Job instance at 0x151039cd4aa0>,60,2,[6 2],101,119,121,18,101
1,<environment.Job instance at 0x151039cd42d0>,61,3,[14  1],102,121,124,19,102
1,<environment.Job instance at 0x151039cd4820>,62,2,[2 7],105,108,110,3,105
1,<environment.Job instance at 0x151039cd4f50>,63,18,[5 1],108,124,142,16,113
1,<environment.Job instance at 0x151039cd4690>,64,3,[6 2],110,124,127,14,113
1,<environment.Job instance at 0x151039cd49b0>,65,2,[10  2],111,127,129,16,113
1,<environment.Job instance at 0x151039cd4320>,66,2,[1 6],112,125,127,13,113
1,<environment.Job instance at 0x151068aaa690>,67,13,[1 7],114,129,142,15,114
1,<environment.Job instance at 0x151068aaad70>,68,3,[1 9],115,142,145,27,116
1,<environment.Job instance at 0x151068aaa460>,69,3,[8 2],116,129,132,13,116
1,<environment.Job instance at 0x151068aaa410>,70,13,[8 2],117,132,145,15,117
1,<environment.Job instance at 0x151068aaac80>,71,22,[7 2],118,145,167,27,138
1,<environment.Job instance at 0x151068aaafa0>,72,3,[6 2],119,142,145,23,138
1,<environment.Job instance at 0x151068aaa640>,73,3,[9 2],120,167,170,47,141
1,<environment.Job instance at 0x151068aaa6e0>,74,13,[6 1],121,145,158,24,141
1,<environment.Job instance at 0x151068aaa500>,75,2,[ 2 10],123,145,147,22,141
1,<environment.Job instance at 0x15102e5f4b90>,76,21,[2 7],125,147,168,22,141
1,<environment.Job instance at 0x15102e5f4cd0>,77,3,[2 8],126,168,171,42,142
1,<environment.Job instance at 0x15102e5f4f50>,78,14,[1 6],128,170,184,42,155
1,<environment.Job instance at 0x15102e5f4d20>,79,2,[6 2],129,158,160,29,155
1,<environment.Job instance at 0x15102e5f4780>,80,1,[2 6],130,160,161,30,155
1,<environment.Job instance at 0x15102e5f4190>,81,3,[7 1],131,170,173,39,155
1,<environment.Job instance at 0x15102e5f4550>,82,3,[1 7],133,171,174,38,155
1,<environment.Job instance at 0x15102e5f45a0>,83,15,[10  2],134,173,188,39,159
1,<environment.Job instance at 0x15102e5f42d0>,84,2,[5 1],136,161,163,25,159
1,<environment.Job instance at 0x15102e5f4690>,85,1,[8 1],137,188,189,51,160
1,<environment.Job instance at 0x15102e5f4820>,86,3,[2 9],138,184,187,46,160
1,<environment.Job instance at 0x15102e5f45f0>,87,18,[2 5],139,187,205,48,176
1,<environment.Job instance at 0x15102e5f4aa0>,88,21,[1 8],140,187,208,47,179
1,<environment.Job instance at 0x15102aeff780>,89,1,[6 1],141,189,190,48,179
1,<environment.Job instance at 0x1510684881e0>,90,15,[2 6],143,205,220,62,191
1,<environment.Job instance at 0x151068488640>,91,21,[10  2],144,208,229,64,200
1,<environment.Job instance at 0x151068488690>,92,15,[9 1],145,229,244,84,215
1,<environment.Job instance at 0x1510684888c0>,93,1,[5 1],146,220,221,74,215
1,<environment.Job instance at 0x151068488960>,94,3,[2 6],149,215,218,66,215
1,<environment.Job instance at 0x151068488c30>,95,18,[2 9],150,221,239,71,215
1,<environment.Job instance at 0x151068488e10>,96,3,[9 1],152,244,247,92,218
1,<environment.Job instance at 0x151068488460>,97,3,[2 6],153,239,242,86,218
1,<environment.Job instance at 0x151068488280>,98,2,[8 1],154,247,249,93,220
1,<environment.Job instance at 0x1510684887d0>,99,12,[10  2],155,249,261,94,232
1,<environment.Job instance at 0x15102b780af0>,100,2,[9 2],156,261,263,105,234
1,<environment.Job instance at 0x15102b780fa0>,101,2,[2 8],157,239,241,82,234
1,<environment.Job instance at 0x15102b780c80>,102,1,[1 5],159,234,235,75,234
1,<environment.Job instance at 0x15102b780280>,103,1,[2 6],160,241,242,81,234
1,<environment.Job instance at 0x15102b780410>,104,1,[5 1],161,242,243,81,234
1,<environment.Job instance at 0x15102b780eb0>,105,1,[2 6],163,243,244,80,234
1,<environment.Job instance at 0x15102e3b7be0>,106,13,[7 1],164,263,276,99,247
1,<environment.Job instance at 0x15102e3b7e10>,107,3,[2 8],165,247,250,82,247
1,<environment.Job instance at 0x15102e3b7af0>,108,2,[5 2],167,247,249,80,247
1,<environment.Job instance at 0x15102e3b7370>,109,3,[ 2 13],168,250,253,82,247
1,<environment.Job instance at 0x15102e3b7690>,110,15,[8 1],169,263,278,94,249
1,<environment.Job instance at 0x15102e3b7b90>,111,3,[1 8],170,253,256,83,249
1,<environment.Job instance at 0x15102e3b7c80>,112,1,[7 2],171,276,277,105,249
1,<environment.Job instance at 0x15102e3b7cd0>,113,15,[9 2],173,278,293,105,264
1,<environment.Job instance at 0x15102e3b7280>,114,17,[5 1],174,277,294,103,265
1,<environment.Job instance at 0x15102e3b70f0>,115,28,[7 2],175,293,321,118,292
1,<environment.Job instance at 0x15102e3b7320>,116,1,[10  2],176,321,322,145,293
1,<environment.Job instance at 0x15102e3b73c0>,117,13,[8 2],178,294,307,116,293
1,<environment.Job instance at 0x15102e3b7aa0>,118,16,[1 8],179,307,323,128,294
1,<environment.Job instance at 0x15102e5a97d0>,16,13,[2 7],24,25,38,1,25
1,<environment.Job instance at 0x15102c2c4f00>,17,17,[9 1],25,25,42,0,25
1,<environment.Job instance at 0x15102c2c4d70>,18,15,[2 9],27,38,53,11,27
1,<environment.Job instance at 0x15102c2c4370>,19,2,[10  2],28,42,44,14,28
1,<environment.Job instance at 0x15102c2c43c0>,22,2,[2 5],33,33,35,0,33
1,<environment.Job instance at 0x151039ac64b0>,23,1,[10  1],34,44,45,10,34
1,<environment.Job instance at 0x151039ac6190>,24,24,[2 7],36,53,77,17,48
1,<environment.Job instance at 0x15102b8ed960>,26,13,[1 6],38,48,61,10,48
1,<environment.Job instance at 0x151039ac6d70>,27,18,[2 5],39,61,79,22,50
1,<environment.Job instance at 0x15102c367870>,29,17,[2 8],45,77,94,32,65
1,<environment.Job instance at 0x15102c3670a0>,30,3,[7 2],46,65,68,19,65
1,<environment.Job instance at 0x15102c3675f0>,31,2,[2 9],48,94,96,46,67
1,<environment.Job instance at 0x15102c367690>,32,3,[ 2 10],49,96,99,47,70
1,<environment.Job instance at 0x15102c367b40>,33,2,[1 8],50,99,101,49,72
1,<environment.Job instance at 0x15102e4af5f0>,34,12,[2 9],51,101,113,50,84
1,<environment.Job instance at 0x15102e4af500>,35,18,[7 2],53,84,102,31,84
1,<environment.Job instance at 0x15102e4af870>,36,3,[2 5],56,84,87,28,84
1,<environment.Job instance at 0x15102b71b6e0>,37,13,[1 8],57,113,126,56,97
1,<environment.Job instance at 0x15102bc16d70>,38,3,[2 5],58,102,105,44,97
1,<environment.Job instance at 0x15102b71b320>,39,3,[ 1 10],60,126,129,66,100
1,<environment.Job instance at 0x15102b71b550>,40,1,[1 7],61,113,114,52,100
1,<environment.Job instance at 0x15102b71bfa0>,41,1,[9 1],65,102,103,37,100
1,<environment.Job instance at 0x15102b56eb40>,42,1,[5 1],66,100,101,34,100
1,<environment.Job instance at 0x15102b56e870>,43,15,[7 1],67,114,129,47,100
1,<environment.Job instance at 0x15102b592690>,44,3,[1 5],69,105,108,36,100
1,<environment.Job instance at 0x151039bdf690>,45,1,[1 5],70,108,109,38,100
1,<environment.Job instance at 0x151068f51f50>,46,1,[ 1 12],71,129,130,58,101
1,<environment.Job instance at 0x151068f51960>,47,1,[8 1],74,103,104,29,101
1,<environment.Job instance at 0x15102f750cd0>,48,3,[8 1],76,104,107,28,101
1,<environment.Job instance at 0x15102c2bb550>,49,3,[7 2],82,109,112,27,101
1,<environment.Job instance at 0x151068f635f0>,50,1,[13  1],83,112,113,29,101
1,<environment.Job instance at 0x151068f63230>,51,3,[2 7],84,130,133,46,104
1,<environment.Job instance at 0x15102b72a550>,52,2,[10  2],86,129,131,43,104
1,<environment.Job instance at 0x15102b72a500>,53,3,[2 9],87,133,136,46,107
1,<environment.Job instance at 0x15102b72ac30>,54,2,[2 7],88,131,133,43,107
1,<environment.Job instance at 0x15102b81f690>,55,2,[9 2],89,133,135,44,107
1,<environment.Job instance at 0x15102b81fc30>,56,16,[6 2],90,135,151,45,122
1,<environment.Job instance at 0x15102b81f550>,57,2,[6 2],91,122,124,31,122
1,<environment.Job instance at 0x1510323956e0>,58,3,[2 9],92,136,139,44,122
1,<environment.Job instance at 0x15102af51d20>,59,2,[10  2],93,151,153,58,124
1,<environment.Job instance at 0x15102af510f0>,60,1,[10  2],95,153,154,58,125
1,<environment.Job instance at 0x151039b654b0>,61,2,[1 9],96,139,141,43,125
1,<environment.Job instance at 0x15102af93690>,62,15,[5 2],98,135,150,37,125
1,<environment.Job instance at 0x15102af931e0>,63,17,[ 2 10],99,141,158,42,129
1,<environment.Job instance at 0x15102b8c49b0>,64,3,[10  2],100,154,157,54,129
1,<environment.Job instance at 0x15102b7e55f0>,65,1,[8 2],101,157,158,56,129
1,<environment.Job instance at 0x15102e569f50>,66,1,[ 1 10],103,158,159,55,130
1,<environment.Job instance at 0x15102b2bbd20>,67,3,[ 2 10],104,159,162,55,133
1,<environment.Job instance at 0x151068b13e10>,68,2,[8 1],105,158,160,53,133
1,<environment.Job instance at 0x1510681dfc80>,69,3,[9 2],107,160,163,53,134
1,<environment.Job instance at 0x15102e6d4960>,70,1,[2 9],110,162,163,52,134
1,<environment.Job instance at 0x151068b13d70>,71,18,[6 1],111,163,181,52,152
1,<environment.Job instance at 0x15102e6d4730>,72,17,[7 1],112,163,180,51,152
1,<environment.Job instance at 0x1510380345a0>,73,15,[ 1 10],116,163,178,47,152
1,<environment.Job instance at 0x151038034190>,74,14,[2 6],118,178,192,60,163
1,<environment.Job instance at 0x151039caa870>,75,3,[6 2],119,180,183,61,163
1,<environment.Job instance at 0x151038034280>,76,1,[2 7],120,181,182,61,163
1,<environment.Job instance at 0x151039caa370>,77,2,[8 1],122,183,185,61,163
1,<environment.Job instance at 0x151039caa730>,78,3,[ 1 10],124,192,195,68,166
1,<environment.Job instance at 0x15102e5051e0>,79,15,[9 2],126,185,200,59,171
1,<environment.Job instance at 0x15102e5050a0>,80,3,[7 1],127,200,203,73,174
1,<environment.Job instance at 0x15102e5052d0>,81,2,[1 8],128,183,185,55,174
1,<environment.Job instance at 0x15102e505f00>,82,3,[5 1],129,192,195,63,174
1,<environment.Job instance at 0x15102e505820>,83,1,[1 9],130,195,196,65,174
1,<environment.Job instance at 0x1510823f4a00>,84,18,[1 8],132,196,214,64,185
1,<environment.Job instance at 0x15102e505b40>,85,17,[7 1],133,200,217,67,188
1,<environment.Job instance at 0x15102b6ece60>,86,2,[10  1],136,217,219,81,190
1,<environment.Job instance at 0x15102b6ec550>,87,2,[ 1 10],137,214,216,77,190
1,<environment.Job instance at 0x15102b6ec6e0>,88,14,[7 1],138,203,217,65,190
1,<environment.Job instance at 0x15102b6ecf50>,89,13,[5 2],139,217,230,78,201
1,<environment.Job instance at 0x15102b6ec5a0>,90,1,[7 2],140,219,220,79,201
1,<environment.Job instance at 0x15102b6ec280>,91,15,[6 2],141,220,235,79,206
1,<environment.Job instance at 0x15106820aaa0>,92,16,[1 5],144,219,235,75,206
1,<environment.Job instance at 0x15106820aeb0>,93,3,[ 2 10],146,235,238,89,209
1,<environment.Job instance at 0x15103a77f5f0>,94,1,[9 1],147,235,236,88,209
1,<environment.Job instance at 0x15103a77f6e0>,95,14,[1 7],148,238,252,90,223
1,<environment.Job instance at 0x15103a77f0a0>,96,15,[8 2],149,236,251,87,223
1,<environment.Job instance at 0x15103a77f1e0>,97,1,[2 5],151,223,224,72,223
1,<environment.Job instance at 0x15103a77f690>,98,15,[7 1],152,251,266,99,237
1,<environment.Job instance at 0x15103a77fb40>,99,3,[1 5],153,238,241,85,237
1,<environment.Job instance at 0x15103a77f8c0>,100,3,[1 9],154,252,255,98,237
1,<environment.Job instance at 0x15103a77f640>,101,1,[2 9],155,255,256,100,237
1,<environment.Job instance at 0x15102aef2f00>,102,1,[10  1],156,266,267,110,238
1,<environment.Job instance at 0x15102aef27d0>,103,15,[2 8],157,256,271,99,242
1,<environment.Job instance at 0x15102aef2f50>,104,3,[1 6],158,242,245,84,242
1,<environment.Job instance at 0x15102aef25f0>,105,2,[5 1],159,245,247,86,242
1,<environment.Job instance at 0x15102aef2a50>,106,1,[2 5],163,247,248,84,242
1,<environment.Job instance at 0x15102f785050>,107,19,[1 8],164,271,290,107,261
1,<environment.Job instance at 0x15102f785460>,108,2,[9 1],165,267,269,102,261
1,<environment.Job instance at 0x15102f7855a0>,109,3,[ 2 12],166,290,293,124,264
1,<environment.Job instance at 0x15102f785320>,110,2,[1 7],167,269,271,102,264
1,<environment.Job instance at 0x15102f785690>,111,2,[10  1],169,271,273,102,264
1,<environment.Job instance at 0x15102f7851e0>,112,3,[1 5],171,264,267,93,264
1,<environment.Job instance at 0x15102baf8910>,113,13,[6 1],172,273,286,101,264
1,<environment.Job instance at 0x15102e6205f0>,114,3,[7 2],173,273,276,100,264
1,<environment.Job instance at 0x15102e620820>,115,1,[6 2],174,276,277,102,264
1,<environment.Job instance at 0x15102e5d73c0>,116,20,[10  2],177,286,306,109,277
1,<environment.Job instance at 0x15102e5d7e10>,117,3,[9 1],178,306,309,128,280
1,<environment.Job instance at 0x15102e5d77d0>,118,15,[1 9],179,293,308,114,280
1,<environment.Job instance at 0x15102b7af640>,14,2,[1 6],22,348,350,326,348
1,<environment.Job instance at 0x14e3e2abf140>,23,2,[8 1],31,31,33,0,31
1,<environment.Job instance at 0x14e3e298ddc0>,24,12,[ 1 10],32,32,44,0,32
1,<environment.Job instance at 0x14e3e298d500>,25,2,[2 8],34,44,46,10,34
1,<environment.Job instance at 0x14e3e2a050a0>,26,1,[2 7],35,44,45,9,35
1,<environment.Job instance at 0x14e3e2a05960>,27,2,[2 7],36,45,47,9,36
1,<environment.Job instance at 0x14e3e2a050f0>,28,2,[2 7],37,46,48,9,37
1,<environment.Job instance at 0x14e3e29f8140>,29,16,[10  2],39,47,63,8,39
1,<environment.Job instance at 0x14e3e29f8a50>,30,15,[2 9],40,48,63,8,40
1,<environment.Job instance at 0x14e3e29f8b40>,31,3,[9 2],41,41,44,0,41
1,<environment.Job instance at 0x14e3e2a006e0>,32,3,[2 9],42,63,66,21,42
1,<environment.Job instance at 0x14e3e2ab3be0>,33,1,[2 7],43,66,67,23,43
1,<environment.Job instance at 0x14e3e299f0f0>,34,15,[11  1],44,63,78,19,49
1,<environment.Job instance at 0x14e3e299f640>,35,2,[1 8],45,67,69,22,49
1,<environment.Job instance at 0x14e3e299f960>,36,3,[10  2],48,78,81,30,52
1,<environment.Job instance at 0x14e3e299fa00>,37,2,[ 1 10],50,69,71,19,52
1,<environment.Job instance at 0x14e3e299fbe0>,38,1,[8 1],51,81,82,30,53
1,<environment.Job instance at 0x14e3e299f2d0>,39,3,[1 5],52,63,66,11,53
1,<environment.Job instance at 0x14e3e299f3c0>,40,3,[1 6],53,66,69,13,53
1,<environment.Job instance at 0x14e3e2993af0>,41,25,[12  2],54,82,107,28,78
1,<environment.Job instance at 0x14e3e29936e0>,42,1,[10  1],56,107,108,51,79
1,<environment.Job instance at 0x14e3e2993f50>,43,3,[7 2],57,108,111,51,82
1,<environment.Job instance at 0x14e3e2993dc0>,44,3,[1 8],58,82,85,24,82
1,<environment.Job instance at 0x14e3e2993910>,45,3,[2 8],60,85,88,25,82
1,<environment.Job instance at 0x14e3e2993c80>,46,2,[2 8],61,88,90,27,82
1,<environment.Job instance at 0x14e3e2a49820>,47,1,[1 6],63,90,91,27,82
1,<environment.Job instance at 0x14e3e2a49230>,48,1,[2 9],65,91,92,26,82
1,<environment.Job instance at 0x14e3e2993460>,49,16,[8 2],66,108,124,42,95
1,<environment.Job instance at 0x14e3e2993550>,50,12,[9 1],68,124,136,56,107
1,<environment.Job instance at 0x14e3e29a7f00>,51,2,[8 2],69,136,138,67,109
1,<environment.Job instance at 0x14e3e29a7a00>,52,2,[1 7],72,111,113,39,109
1,<environment.Job instance at 0x14e3e29a7960>,53,3,[6 1],73,111,114,38,109
1,<environment.Job instance at 0x14e3e29a76e0>,54,2,[2 5],75,114,116,39,109
1,<environment.Job instance at 0x14e3e29a78c0>,55,16,[2 5],76,114,130,38,109
1,<environment.Job instance at 0x14e3e29a7410>,56,1,[10  2],79,138,139,59,110
1,<environment.Job instance at 0x14e3e29a7230>,57,22,[1 5],80,116,138,36,110
1,<environment.Job instance at 0x14e3e29a70f0>,58,15,[2 9],82,138,153,56,124
1,<environment.Job instance at 0x14e3e29b9e60>,59,1,[1 9],85,130,131,45,124
1,<environment.Job instance at 0x14e3e29aa280>,60,17,[8 1],86,139,156,53,127
1,<environment.Job instance at 0x14e3e299d460>,61,3,[1 5],87,131,134,44,127
1,<environment.Job instance at 0x14e3e299d050>,62,3,[9 2],88,156,159,68,130
1,<environment.Job instance at 0x14e3e299d820>,63,3,[10  1],89,159,162,70,133
1,<environment.Job instance at 0x14e3e298f9b0>,64,12,[9 1],91,162,174,71,145
1,<environment.Job instance at 0x14e3e29bab90>,65,3,[2 9],92,153,156,61,145
1,<environment.Job instance at 0x14e3e29baaa0>,66,3,[1 9],93,156,159,63,145
1,<environment.Job instance at 0x14e3e29baaf0>,67,1,[13  1],94,174,175,80,146
1,<environment.Job instance at 0x14e3e29ba690>,68,3,[1 9],95,159,162,64,146
1,<environment.Job instance at 0x14e3e29ba730>,69,1,[2 5],96,146,147,50,146
1,<environment.Job instance at 0x14e3e24e06e0>,70,2,[ 2 10],97,162,164,65,146
1,<environment.Job instance at 0x14e3e24f8320>,71,3,[2 9],99,164,167,65,146
1,<environment.Job instance at 0x14e3e24f8e10>,72,13,[7 2],102,175,188,73,159
1,<environment.Job instance at 0x14e3e24f8b90>,73,2,[6 2],103,167,169,64,159
1,<environment.Job instance at 0x14e3e24f8a50>,74,3,[6 2],106,169,172,63,159
1,<environment.Job instance at 0x14e3e24f0c30>,75,1,[1 6],107,172,173,65,159
1,<environment.Job instance at 0x14e3e24f03c0>,76,2,[2 5],108,159,161,51,159
1,<environment.Job instance at 0x14e3e24ebf50>,77,2,[ 1 10],109,173,175,64,159
1,<environment.Job instance at 0x14e3e24f76e0>,78,3,[2 9],110,175,178,65,159
1,<environment.Job instance at 0x14e3e24d8320>,79,3,[7 2],111,178,181,67,159
1,<environment.Job instance at 0x14e3e24f70f0>,80,14,[7 1],112,181,195,69,166
1,<environment.Job instance at 0x14e3e29b01e0>,81,3,[ 2 10],114,188,191,74,166
1,<environment.Job instance at 0x14e3e29b0640>,82,12,[2 8],115,191,203,76,174
1,<environment.Job instance at 0x14e3e29b0960>,83,1,[10  1],117,195,196,78,174
1,<environment.Job instance at 0x14e3e29a5e10>,84,2,[ 1 10],118,178,180,60,174
1,<environment.Job instance at 0x14e3e29b0280>,85,1,[7 2],120,196,197,76,174
1,<environment.Job instance at 0x14e3e29b0f00>,86,2,[1 8],121,180,182,59,174
1,<environment.Job instance at 0x14e3e29b0320>,87,2,[2 6],122,191,193,69,174
1,<environment.Job instance at 0x14e3e227fc80>,88,1,[1 5],123,182,183,59,174
1,<environment.Job instance at 0x14e3e227f640>,89,2,[1 9],126,183,185,57,174
1,<environment.Job instance at 0x14e3e227ff00>,90,1,[2 7],127,197,198,70,174
1,<environment.Job instance at 0x14e3e227f8c0>,91,1,[2 5],128,193,194,65,174
1,<environment.Job instance at 0x14e3e227f2d0>,92,15,[7 1],129,198,213,69,184
1,<environment.Job instance at 0x14e3e227e690>,93,2,[14  1],130,213,215,83,186
1,<environment.Job instance at 0x14e3e227e140>,94,1,[5 1],131,188,189,57,186
1,<environment.Job instance at 0x14e3e227e370>,95,3,[2 8],132,203,206,71,186
1,<environment.Job instance at 0x14e3e227e5f0>,96,12,[9 2],134,215,227,81,198
1,<environment.Job instance at 0x14e3e227e3c0>,97,15,[10  2],135,227,242,92,213
1,<environment.Job instance at 0x14e3e227e230>,98,13,[ 1 10],136,213,226,77,213
1,<environment.Job instance at 0x14e3e227eeb0>,99,16,[8 1],137,242,258,105,229
1,<environment.Job instance at 0x14e3e227e8c0>,100,17,[1 9],139,229,246,90,229
1,<environment.Job instance at 0x14e3e227e780>,101,13,[2 9],140,246,259,106,230
1,<environment.Job instance at 0x14e3e227e280>,102,1,[2 8],141,259,260,118,231
1,<environment.Job instance at 0x14e3e227e820>,103,1,[ 2 10],142,260,261,118,232
1,<environment.Job instance at 0x14e3e227e320>,104,1,[ 2 14],143,261,262,118,233
1,<environment.Job instance at 0x14e3e227ea00>,105,1,[8 2],144,258,259,114,233
1,<environment.Job instance at 0x14e3e24e5460>,106,15,[5 1],145,242,257,97,233
1,<environment.Job instance at 0x14e3e227d4b0>,107,18,[1 8],146,262,280,116,251
1,<environment.Job instance at 0x14e3e227d780>,108,2,[ 1 10],150,280,282,130,253
1,<environment.Job instance at 0x14e3e228c870>,109,3,[11  2],151,262,265,111,253
1,<environment.Job instance at 0x14e3e228c8c0>,110,3,[ 2 10],152,282,285,130,256
1,<environment.Job instance at 0x14e3e228c960>,111,3,[2 5],153,262,265,109,256
1,<environment.Job instance at 0x14e3e228ca00>,112,1,[8 1],154,259,260,105,256
1,<environment.Job instance at 0x14e3e228c690>,113,3,[5 2],156,257,260,101,256
1,<environment.Job instance at 0x14e3e228cb40>,114,15,[9 2],157,265,280,108,256
1,<environment.Job instance at 0x14e3e228ccd0>,115,18,[2 6],158,285,303,127,274
1,<environment.Job instance at 0x14e3e228cbe0>,116,1,[1 6],159,285,286,126,274
1,<environment.Job instance at 0x14e3e2296690>,117,1,[1 7],160,286,287,126,274
1,<environment.Job instance at 0x14e3e2296230>,118,3,[9 1],163,280,283,117,274
1,<environment.Job instance at 0x14e3e22966e0>,119,3,[12  1],164,283,286,119,274
1,<environment.Job instance at 0x14e3e22962d0>,120,1,[1 8],166,287,288,121,274
1,<environment.Job instance at 0x14e3e2296960>,121,15,[1 6],167,288,303,121,274
1,<environment.Job instance at 0x14e3e2296af0>,122,3,[7 2],168,288,291,120,274
1,<environment.Job instance at 0x14e3e2296b90>,123,2,[1 8],169,303,305,134,276
1,<environment.Job instance at 0x14e3e2296c30>,124,3,[1 7],171,303,306,132,277
1,<environment.Job instance at 0x14e3e2296780>,125,13,[ 1 14],172,306,319,134,290
1,<environment.Job instance at 0x14e3e2296d20>,126,27,[1 8],173,319,346,146,317
1,<environment.Job instance at 0x14e3e2296e10>,127,3,[1 9],174,346,349,172,320
1,<environment.Job instance at 0x14e3e22995a0>,128,2,[7 2],175,320,322,145,320
1,<environment.Job instance at 0x14e3e22996e0>,129,12,[6 1],176,320,332,144,320
1,<environment.Job instance at 0x14e3e2ab46e0>,21,3,[6 1],29,345,348,316,345
1,<environment.Job instance at 0x14e3e2299a50>,130,28,[2 8],179,349,377,170,349
1,<environment.Job instance at 0x14e3e2299c80>,132,15,[1 7],185,349,364,164,349
1,<environment.Job instance at 0x14e3e2299d20>,133,3,[ 2 10],186,377,380,191,351
1,<environment.Job instance at 0x14e3e2299f00>,134,2,[1 9],188,380,382,192,353
1,<environment.Job instance at 0x14e3e2299910>,131,3,[5 1],183,387,390,204,387
1,<environment.Job instance at 0x14e3e2ab40a0>,20,2,[ 1 13],27,388,390,361,388
1,<environment.Job instance at 0x14e3e22b5f00>,0,2,[ 2 10],1,1,3,0,1
1,<environment.Job instance at 0x14e3e4b04b40>,10,13,[ 2 10],12,14,27,2,14
1,<environment.Job instance at 0x14e3e4b04a50>,12,1,[2 9],14,27,28,13,14
1,<environment.Job instance at 0x14e3e4b04320>,13,15,[1 7],15,28,43,13,15
1,<environment.Job instance at 0x14e3e4b14a00>,14,3,[ 2 10],17,43,46,26,17
1,<environment.Job instance at 0x14e3e4b14190>,16,12,[7 1],20,20,32,0,20
1,<environment.Job instance at 0x14e3e4aa7b40>,17,2,[8 2],21,32,34,11,21
1,<environment.Job instance at 0x14e3e4aa7b90>,18,3,[8 1],22,34,37,12,22
1,<environment.Job instance at 0x14e3e4aa7e10>,19,2,[2 5],23,27,29,4,23
1,<environment.Job instance at 0x14e3e4aa7640>,20,3,[6 1],24,24,27,0,24
1,<environment.Job instance at 0x14e3e4aa7460>,21,2,[10  1],25,37,39,12,25
1,<environment.Job instance at 0x14e3e4aa7780>,22,3,[ 2 10],27,46,49,19,27
1,<environment.Job instance at 0x14e3e4aa7140>,23,18,[8 1],28,39,57,11,28
1,<environment.Job instance at 0x14e3e4ab00f0>,24,16,[1 6],29,49,65,20,36
1,<environment.Job instance at 0x14e3e4ab05a0>,25,17,[1 6],31,49,66,18,37
1,<environment.Job instance at 0x14e3e4afa550>,26,17,[7 1],32,57,74,25,45
1,<environment.Job instance at 0x14e3e4afad20>,27,1,[2 6],33,65,66,32,45
1,<environment.Job instance at 0x14e3e4afad70>,28,16,[9 1],36,74,90,38,61
1,<environment.Job instance at 0x14e3e4aaa190>,29,15,[9 2],40,90,105,50,76
1,<environment.Job instance at 0x14e3e4aaac30>,31,12,[1 5],42,76,88,34,76
1,<environment.Job instance at 0x14e3e4aaabe0>,32,2,[6 2],43,88,90,45,76
1,<environment.Job instance at 0x14e3e4aaafa0>,33,1,[9 1],45,105,106,60,77
1,<environment.Job instance at 0x14e3e4aaa870>,34,2,[8 1],46,106,108,60,79
1,<environment.Job instance at 0x14e3e4aaaa00>,35,1,[ 1 10],47,90,91,43,79
1,<environment.Job instance at 0x14e3e4aaa960>,36,2,[1 5],49,79,81,30,79
1,<environment.Job instance at 0x14e3e4aaa690>,37,3,[1 5],50,81,84,31,79
1,<environment.Job instance at 0x14e3e4aaa4b0>,38,2,[10  2],51,108,110,57,81
1,<environment.Job instance at 0x14e3e4aaa7d0>,39,3,[2 8],55,84,87,29,81
1,<environment.Job instance at 0x14e3e4aaa370>,40,1,[2 6],56,87,88,31,81
1,<environment.Job instance at 0x14e3e4aaa0a0>,41,2,[1 6],57,91,93,34,81
1,<environment.Job instance at 0x14e3e4aaa5f0>,42,18,[7 2],59,110,128,51,99
1,<environment.Job instance at 0x14e3e4aaac80>,43,1,[2 8],62,99,100,37,99
1,<environment.Job instance at 0x14e3e4aaa8c0>,44,18,[10  1],66,128,146,62,117
1,<environment.Job instance at 0x14e3e4aaaeb0>,45,2,[7 2],67,117,119,50,117
1,<environment.Job instance at 0x14e3e4aaa050>,46,2,[2 5],68,119,121,51,117
1,<environment.Job instance at 0x14e3e5db9a00>,47,14,[2 8],69,119,133,50,117
1,<environment.Job instance at 0x14e3e5db9cd0>,48,3,[8 1],72,146,149,74,120
1,<environment.Job instance at 0x14e3e5db9af0>,49,1,[7 2],73,146,147,73,120
1,<environment.Job instance at 0x14e3e5eaae60>,50,2,[5 2],74,121,123,47,120
1,<environment.Job instance at 0x14e3e5eaab40>,51,2,[ 2 12],76,133,135,57,120
1,<environment.Job instance at 0x14e3e5eaa910>,52,14,[6 1],77,147,161,70,132
1,<environment.Job instance at 0x14e3e5eaa460>,53,15,[2 8],78,149,164,71,135
1,<environment.Job instance at 0x14e3e5eaacd0>,54,16,[1 7],79,161,177,82,148
1,<environment.Job instance at 0x14e3e5eaa370>,55,13,[ 1 11],81,177,190,96,161
1,<environment.Job instance at 0x14e3e5eaa320>,56,2,[6 2],82,164,166,82,161
1,<environment.Job instance at 0x14e3e5eaa280>,57,1,[1 5],83,164,165,81,161
1,<environment.Job instance at 0x14e3e5eaab90>,58,16,[1 7],84,190,206,106,177
1,<environment.Job instance at 0x14e3e5eaa0f0>,59,3,[ 2 10],85,206,209,121,181
1,<environment.Job instance at 0x14e3e5e18230>,61,3,[1 5],89,190,193,101,189
1,<environment.Job instance at 0x14e3e5e18190>,62,21,[ 2 13],90,209,230,119,201
1,<environment.Job instance at 0x14e3e5e18d20>,63,1,[2 8],91,202,203,111,202
1,<environment.Job instance at 0x14e3e5e18be0>,64,1,[7 1],92,203,204,111,202
1,<environment.Job instance at 0x14e3e5e18b40>,65,18,[5 2],93,203,221,110,202
1,<environment.Job instance at 0x14e3e5e18460>,66,2,[8 2],95,204,206,109,202
1,<environment.Job instance at 0x14e3e5e13f50>,67,3,[1 7],96,230,233,134,204
1,<environment.Job instance at 0x14e3e5e13050>,68,18,[8 1],97,221,239,124,210
1,<environment.Job instance at 0x14e3e5e13e10>,69,1,[5 2],98,230,231,132,210
1,<environment.Job instance at 0x14e3e5e13dc0>,70,1,[1 8],99,233,234,134,210
1,<environment.Job instance at 0x14e3e5e130a0>,71,3,[1 7],100,234,237,134,210
1,<environment.Job instance at 0x14e3e5e13b40>,72,2,[5 2],102,231,233,129,210
1,<environment.Job instance at 0x14e3e5e13870>,73,2,[1 7],104,234,236,130,210
1,<environment.Job instance at 0x14e3e5e13410>,74,2,[5 2],105,236,238,131,210
1,<environment.Job instance at 0x14e3e5e136e0>,75,1,[1 6],107,233,234,126,210
1,<environment.Job instance at 0x14e3e5e649b0>,76,12,[7 1],108,238,250,130,221
1,<environment.Job instance at 0x14e3e5e64d20>,77,2,[10  1],109,250,252,141,223
1,<environment.Job instance at 0x14e3e5e643c0>,78,3,[2 7],110,239,242,129,223
1,<environment.Job instance at 0x14e3e5e64140>,79,17,[7 1],112,252,269,140,240
1,<environment.Job instance at 0x14e3e5e640a0>,80,1,[2 5],114,240,241,126,240
1,<environment.Job instance at 0x14e3e5e648c0>,81,3,[1 8],115,242,245,127,240
1,<environment.Job instance at 0x14e3e5e64e60>,82,12,[7 2],117,252,264,135,240
1,<environment.Job instance at 0x14e3e5e04d70>,83,2,[7 2],119,242,244,123,240
1,<environment.Job instance at 0x14e3e5e04230>,84,3,[ 2 10],121,245,248,124,240
1,<environment.Job instance at 0x14e3e5dfd550>,85,14,[8 2],122,264,278,142,249
1,<environment.Job instance at 0x14e3e5dfd8c0>,86,2,[2 5],124,249,251,125,249
1,<environment.Job instance at 0x14e3e5dfd280>,87,1,[ 2 10],125,251,252,126,249
1,<environment.Job instance at 0x14e3e5dfdcd0>,88,14,[8 1],126,278,292,152,263
1,<environment.Job instance at 0x14e3e5e660f0>,89,2,[ 1 10],127,269,271,142,263
1,<environment.Job instance at 0x14e3e5e66050>,90,3,[7 2],128,271,274,143,263
1,<environment.Job instance at 0x14e3e5e66190>,91,21,[7 2],130,274,295,144,266
1,<environment.Job instance at 0x14e3e5e66500>,92,13,[5 2],131,292,305,161,276
1,<environment.Job instance at 0x14e3e5e66820>,93,3,[1 9],132,292,295,160,276
1,<environment.Job instance at 0x14e3e5e65d70>,94,1,[6 1],133,295,296,162,276
1,<environment.Job instance at 0x14e3e5e65960>,95,3,[5 1],134,296,299,162,276
1,<environment.Job instance at 0x14e3e5e65c80>,96,3,[1 7],139,295,298,156,276
1,<environment.Job instance at 0x14e3e5e656e0>,97,12,[7 1],141,299,311,158,282
1,<environment.Job instance at 0x14e3e5e652d0>,98,20,[8 2],142,305,325,163,296
1,<environment.Job instance at 0x14e3e5e65910>,99,2,[10  1],143,325,327,182,298
1,<environment.Job instance at 0x14e3e5e65370>,100,3,[1 9],144,298,301,154,298
1,<environment.Job instance at 0x14e3e5e6f640>,101,3,[1 8],148,301,304,153,298
1,<environment.Job instance at 0x14e3e4b7beb0>,102,2,[2 7],151,311,313,160,298
1,<environment.Job instance at 0x14e3e4c07320>,103,2,[9 2],152,327,329,175,300
1,<environment.Job instance at 0x14e3e4c07370>,104,3,[5 2],153,311,314,158,300
1,<environment.Job instance at 0x14e3e4c07460>,105,16,[7 2],154,329,345,175,316
1,<environment.Job instance at 0x14e3e4a35460>,106,1,[ 2 10],155,316,317,161,316
1,<environment.Job instance at 0x14e3e4c06640>,107,18,[5 2],157,316,334,159,316
1,<environment.Job instance at 0x14e3e4b20d70>,108,1,[1 8],158,317,318,159,316
1,<environment.Job instance at 0x14e3e4c068c0>,109,13,[1 7],160,327,340,167,316
1,<environment.Job instance at 0x14e3e3f73b90>,110,12,[2 9],163,340,352,177,323
1,<environment.Job instance at 0x14e3e2a8d140>,111,3,[5 2],164,334,337,170,323
1,<environment.Job instance at 0x14e3f4ef3280>,112,2,[ 2 10],165,323,325,158,323
1,<environment.Job instance at 0x14e3e4ab8d70>,113,15,[8 2],166,345,360,179,331
1,<environment.Job instance at 0x14e3e4b66230>,114,17,[10  1],168,360,377,192,348
1,<environment.Job instance at 0x14e3e4a8b6e0>,115,2,[ 2 12],170,352,354,182,348
1,<environment.Job instance at 0x14e3e4c08960>,116,1,[6 2],171,354,355,183,348
1,<environment.Job instance at 0x14e3e4dcb4b0>,117,3,[2 7],173,355,358,182,348
1,<environment.Job instance at 0x14e3e292e190>,118,15,[ 1 11],177,358,373,181,348
1,<environment.Job instance at 0x14e3e4bbdfa0>,119,2,[8 1],178,377,379,199,353
1,<environment.Job instance at 0x14e3e4c0d280>,120,2,[1 9],181,373,375,192,353
1,<environment.Job instance at 0x14e3e4b58a00>,121,2,[1 6],182,355,357,173,355
1,<environment.Job instance at 0x14e3e4c63a00>,122,1,[1 9],183,375,376,192,355
1,<environment.Job instance at 0x14e3e297d9b0>,123,3,[1 8],184,376,379,192,355
1,<environment.Job instance at 0x14e3e4a36730>,124,1,[9 2],185,379,380,194,355
1,<environment.Job instance at 0x14e3e4a7e730>,125,18,[ 1 10],186,379,397,193,368
1,<environment.Job instance at 0x14e3e4c88b90>,126,2,[1 6],188,377,379,189,377
1,<environment.Job instance at 0x14e3e4ab9f00>,8,3,[5 2],10,542,545,532,542
1,<environment.Job instance at 0x14e3e5eaa7d0>,60,3,[ 1 13],86,722,725,636,722
1,<environment.Job instance at 0x14e3e4a0fa50>,29,2,[2 9],45,45,47,0,45
1,<environment.Job instance at 0x14e3e4a0f460>,30,2,[2 5],46,46,48,0,46
1,<environment.Job instance at 0x14e3e4a0f780>,31,16,[2 9],47,47,63,0,47
1,<environment.Job instance at 0x14e3e4a0f870>,32,12,[5 2],48,48,60,0,48
1,<environment.Job instance at 0x14e3e4a0f820>,33,3,[8 1],49,49,52,0,49
1,<environment.Job instance at 0x14e3e4a0fc80>,34,3,[8 1],53,53,56,0,53
1,<environment.Job instance at 0x14e3e4a0fbe0>,35,1,[10  1],54,60,61,6,54
1,<environment.Job instance at 0x14e3e4a0f370>,36,27,[1 7],55,63,90,8,61
1,<environment.Job instance at 0x14e3e4a7ed70>,40,1,[2 6],63,63,64,0,63
1,<environment.Job instance at 0x14e3e4a7e190>,41,2,[1 5],65,65,67,0,65
1,<environment.Job instance at 0x14e3e4a7edc0>,42,2,[8 1],66,66,68,0,66
1,<environment.Job instance at 0x14e3e4a7ef50>,45,3,[1 5],70,70,73,0,70
1,<environment.Job instance at 0x14e3e4a7e460>,46,2,[1 9],71,90,92,19,71
1,<environment.Job instance at 0x14e3e4a7efa0>,47,3,[2 8],72,73,76,1,72
1,<environment.Job instance at 0x14e3e4a7e370>,48,1,[1 8],75,76,77,1,75
1,<environment.Job instance at 0x14e3e4a360f0>,49,16,[2 6],76,77,93,1,76
1,<environment.Job instance at 0x14e3e4a36eb0>,50,3,[1 6],77,92,95,15,77
1,<environment.Job instance at 0x14e3e4a36960>,51,2,[8 2],78,78,80,0,78
1,<environment.Job instance at 0x14e3e4a368c0>,52,14,[9 1],80,92,106,12,80
1,<environment.Job instance at 0x14e3e4a360a0>,53,3,[10  1],81,81,84,0,81
1,<environment.Job instance at 0x14e3e4a36460>,54,2,[1 7],82,93,95,11,82
1,<environment.Job instance at 0x14e3e4a36690>,55,15,[1 5],83,95,110,12,83
1,<environment.Job instance at 0x14e3e4a36fa0>,56,3,[1 9],84,95,98,11,84
1,<environment.Job instance at 0x14e3e4a369b0>,57,2,[1 8],86,98,100,12,86
1,<environment.Job instance at 0x14e3e4a363c0>,58,2,[1 5],88,100,102,12,88
1,<environment.Job instance at 0x14e3e4a36c30>,59,15,[10  1],89,106,121,17,92
1,<environment.Job instance at 0x14e3e4a365a0>,60,1,[2 8],90,102,103,12,92
1,<environment.Job instance at 0x14e3e4a36f00>,61,1,[8 2],91,121,122,30,93
1,<environment.Job instance at 0x14e3e49f4500>,62,14,[14  1],92,122,136,30,107
1,<environment.Job instance at 0x14e3e49f4e10>,63,2,[6 1],94,136,138,42,109
1,<environment.Job instance at 0x14e3e49f4910>,64,3,[10  1],96,138,141,42,112
1,<environment.Job instance at 0x14e3e49f4960>,65,3,[10  2],97,141,144,44,115
1,<environment.Job instance at 0x14e3e49f4be0>,66,3,[ 2 11],100,115,118,15,115
1,<environment.Job instance at 0x14e3e49f4d20>,67,2,[1 7],101,118,120,17,115
1,<environment.Job instance at 0x14e3e49f4eb0>,68,1,[1 5],102,118,119,16,115
1,<environment.Job instance at 0x14e3e49f4550>,69,18,[8 2],103,144,162,41,133
1,<environment.Job instance at 0x14e3e49f4280>,70,3,[1 6],104,133,136,29,133
1,<environment.Job instance at 0x14e3e49f4780>,71,16,[1 5],105,136,152,31,133
1,<environment.Job instance at 0x14e3e49f43c0>,72,2,[ 1 10],106,152,154,46,133
1,<environment.Job instance at 0x14e3e49f4460>,73,17,[2 9],107,154,171,47,142
1,<environment.Job instance at 0x14e3e49f4370>,74,15,[7 2],108,162,177,54,148
1,<environment.Job instance at 0x14e3e49f4a00>,75,16,[2 8],109,171,187,62,158
1,<environment.Job instance at 0x14e3e49f4c30>,76,3,[6 1],110,162,165,52,158
1,<environment.Job instance at 0x14e3e49f4f50>,77,2,[1 8],111,187,189,76,160
1,<environment.Job instance at 0x14e3e49f42d0>,78,3,[2 8],112,189,192,77,163
1,<environment.Job instance at 0x14e3e4994410>,79,2,[2 8],113,192,194,79,165
1,<environment.Job instance at 0x14e3e4994f00>,80,3,[5 2],116,165,168,49,165
1,<environment.Job instance at 0x14e3e49945a0>,81,1,[6 2],118,168,169,50,165
1,<environment.Job instance at 0x14e3e4994e10>,82,2,[2 8],119,194,196,75,167
1,<environment.Job instance at 0x14e3e4994be0>,83,1,[6 2],121,169,170,48,167
1,<environment.Job instance at 0x14e3e49940f0>,84,1,[2 9],122,196,197,74,168
1,<environment.Job instance at 0x14e3e4994c80>,85,27,[ 2 10],123,197,224,74,195
1,<environment.Job instance at 0x14e3e4994550>,86,2,[10  1],124,195,197,71,195
1,<environment.Job instance at 0x14e3e49940a0>,87,2,[2 7],126,224,226,98,197
1,<environment.Job instance at 0x14e3e4994780>,88,1,[5 2],127,197,198,70,197
1,<environment.Job instance at 0x14e3e49947d0>,89,1,[2 5],128,198,199,70,197
1,<environment.Job instance at 0x14e3e4994eb0>,90,2,[ 1 10],130,226,228,96,199
1,<environment.Job instance at 0x14e3e49948c0>,91,3,[2 5],131,199,202,68,199
1,<environment.Job instance at 0x14e3e4994a50>,92,12,[6 1],132,202,214,70,199
1,<environment.Job instance at 0x14e3e49946e0>,93,2,[5 2],133,202,204,69,199
1,<environment.Job instance at 0x14e3f4ed0f50>,94,1,[7 1],136,204,205,68,199
1,<environment.Job instance at 0x14e3e2037500>,95,2,[7 1],137,205,207,68,199
1,<environment.Job instance at 0x14e3e2037a00>,96,1,[7 2],138,207,208,69,199
1,<environment.Job instance at 0x14e3e2037550>,97,3,[10  2],139,214,217,75,199
1,<environment.Job instance at 0x14e3e2037fa0>,98,2,[5 2],140,208,210,68,199
1,<environment.Job instance at 0x14e3e2037690>,99,15,[1 8],142,228,243,86,214
1,<environment.Job instance at 0x14e3e5fef4b0>,100,3,[1 7],143,228,231,85,214
1,<environment.Job instance at 0x14e3e20374b0>,101,19,[2 9],146,243,262,97,233
1,<environment.Job instance at 0x14e3e4c5b5a0>,102,13,[12  2],147,233,246,86,233
1,<environment.Job instance at 0x14e3e29103c0>,103,17,[9 2],148,246,263,98,234
1,<environment.Job instance at 0x14e3e29102d0>,104,1,[6 2],149,262,263,113,234
1,<environment.Job instance at 0x14e3e5f33c30>,105,2,[1 5],150,234,236,84,234
1,<environment.Job instance at 0x14e3e206feb0>,106,1,[1 7],151,263,264,112,235
1,<environment.Job instance at 0x14e3e206f460>,107,3,[2 7],152,263,266,111,237
1,<environment.Job instance at 0x14e3e4a6eaf0>,108,2,[1 5],153,237,239,84,237
1,<environment.Job instance at 0x14e3f439b6e0>,109,1,[1 9],155,266,267,111,238
1,<environment.Job instance at 0x14e3e499feb0>,110,1,[2 5],156,239,240,83,238
1,<environment.Job instance at 0x14e3e2a25640>,111,15,[7 1],157,263,278,106,249
1,<environment.Job instance at 0x14e3e206ee60>,112,1,[2 6],158,264,265,106,249
1,<environment.Job instance at 0x14e3e2949dc0>,113,1,[2 8],160,267,268,107,249
1,<environment.Job instance at 0x14e3e4d36910>,114,1,[2 6],161,265,266,104,249
1,<environment.Job instance at 0x14e3e4c0c460>,115,3,[1 7],163,268,271,105,249
1,<environment.Job instance at 0x14e3e1ae9eb0>,116,17,[2 7],164,268,285,104,256
1,<environment.Job instance at 0x14e3e4c0e4b0>,117,14,[1 6],165,271,285,106,256
1,<environment.Job instance at 0x14e3f75e79b0>,118,17,[9 1],166,278,295,112,266
1,<environment.Job instance at 0x14e3e20d5be0>,119,3,[5 1],167,271,274,104,266
1,<environment.Job instance at 0x14e3e4d6d9b0>,120,1,[10  1],168,295,296,127,267
1,<environment.Job instance at 0x14e3e21324b0>,121,1,[1 8],169,285,286,116,267
1,<environment.Job instance at 0x14e3e21326e0>,122,12,[9 2],170,296,308,126,279
1,<environment.Job instance at 0x14e3e21327d0>,123,2,[2 6],171,285,287,114,279
1,<environment.Job instance at 0x14e3e5fb1f00>,124,3,[9 2],172,308,311,136,282
1,<environment.Job instance at 0x14e3f4113a50>,125,2,[10  2],173,311,313,138,284
1,<environment.Job instance at 0x14e3e24e54b0>,126,16,[10  2],174,313,329,139,300
1,<environment.Job instance at 0x14e3e2ac2d70>,127,16,[ 2 10],175,300,316,125,300
1,<environment.Job instance at 0x14e3e2ac29b0>,128,2,[1 6],177,316,318,139,300
1,<environment.Job instance at 0x14e3e2ac1af0>,129,15,[2 6],179,316,331,137,302
1,<environment.Job instance at 0x14e3e2abc640>,130,2,[7 2],180,329,331,149,302
1,<environment.Job instance at 0x14e3e5dfd1e0>,131,13,[5 1],181,329,342,148,313
1,<environment.Job instance at 0x14e3e2ac2af0>,132,2,[1 8],182,331,333,149,313
1,<environment.Job instance at 0x14e3e2abc410>,133,14,[6 1],183,331,345,148,316
1,<environment.Job instance at 0x14e3e4cfeeb0>,134,1,[2 5],184,318,319,134,316
1,<environment.Job instance at 0x14e3e4cfef50>,135,14,[2 8],185,333,347,148,318
1,<environment.Job instance at 0x14e3e4cfe410>,136,2,[7 1],186,342,344,156,318
1,<environment.Job instance at 0x14e3e20f1b90>,137,3,[7 1],187,344,347,157,318
1,<environment.Job instance at 0x14e3e20f1eb0>,138,13,[10  1],188,347,360,159,331
1,<environment.Job instance at 0x14e3e5f357d0>,139,25,[12  1],189,360,385,171,356
1,<environment.Job instance at 0x14e3e5f78cd0>,31,2,[1 6],57,64,66,7,64
1,<environment.Job instance at 0x14e3e5f78af0>,33,16,[2 7],61,64,80,3,64
1,<environment.Job instance at 0x14e3e5f78410>,34,1,[6 2],62,64,65,2,64
1,<environment.Job instance at 0x14e3e5f50cd0>,35,3,[10  2],64,65,68,1,64
1,<environment.Job instance at 0x14e3e5f53e60>,36,3,[5 1],68,68,71,0,68
1,<environment.Job instance at 0x14e3e5f5f3c0>,37,1,[2 8],69,71,72,2,69
1,<environment.Job instance at 0x14e3f717b5a0>,38,2,[7 2],70,72,74,2,70
1,<environment.Job instance at 0x14e3e5f5f7d0>,39,2,[6 2],71,72,74,1,71
1,<environment.Job instance at 0x14e3f4e43c30>,40,3,[9 1],72,74,77,2,72
1,<environment.Job instance at 0x14e3e5f47050>,41,14,[2 8],73,77,91,4,73
1,<environment.Job instance at 0x14e3e5f47780>,42,2,[5 2],74,80,82,6,74
1,<environment.Job instance at 0x14e3e4ce4050>,43,27,[1 7],75,82,109,7,80
1,<environment.Job instance at 0x14e3e4ce4af0>,44,21,[1 8],76,91,112,15,83
1,<environment.Job instance at 0x14e3e4ce4190>,45,17,[2 8],77,112,129,35,100
1,<environment.Job instance at 0x14e3e4ce4640>,48,3,[9 2],82,109,112,27,100
1,<environment.Job instance at 0x14e3f71612d0>,49,2,[5 1],83,109,111,26,100
1,<environment.Job instance at 0x14e3f7161c30>,50,17,[1 9],84,129,146,45,117
1,<environment.Job instance at 0x14e434184410>,51,3,[9 2],85,117,120,32,117
1,<environment.Job instance at 0x14e3f7161eb0>,52,2,[2 9],87,146,148,59,119
1,<environment.Job instance at 0x14e3e4d0faa0>,53,15,[2 8],92,148,163,56,134
1,<environment.Job instance at 0x14e3e4d0f8c0>,55,13,[10  1],95,134,147,39,134
1,<environment.Job instance at 0x14e3f40a7cd0>,56,2,[1 8],97,163,165,66,136
1,<environment.Job instance at 0x14e3f4e4b320>,57,1,[10  2],98,147,148,49,136
1,<environment.Job instance at 0x14e3f4e4b910>,58,3,[2 8],99,165,168,66,139
1,<environment.Job instance at 0x14e3f4e4b5a0>,59,15,[2 7],100,148,163,48,139
1,<environment.Job instance at 0x14e3e1ea1780>,60,2,[8 2],105,163,165,58,139
1,<environment.Job instance at 0x14e3f6af28c0>,61,1,[ 1 12],106,168,169,62,140
1,<environment.Job instance at 0x14e3e4c120a0>,62,3,[6 2],107,163,166,56,140
1,<environment.Job instance at 0x14e3e4c12320>,63,1,[8 1],109,166,167,57,140
1,<environment.Job instance at 0x14e3e1b71640>,64,3,[1 9],111,169,172,58,143
1,<environment.Job instance at 0x14e3f6b0d320>,65,1,[2 9],114,172,173,58,144
1,<environment.Job instance at 0x14e3e1b71910>,66,2,[7 2],115,167,169,52,144
1,<environment.Job instance at 0x14e3e4e84820>,67,12,[7 1],116,168,180,52,151
1,<environment.Job instance at 0x14e3e4e84320>,68,13,[13  2],117,180,193,63,164
1,<environment.Job instance at 0x14e3e4ebdc30>,69,3,[9 2],118,193,196,75,167
1,<environment.Job instance at 0x14e3e1afeaa0>,70,2,[7 1],121,169,171,48,167
1,<environment.Job instance at 0x14e3e1afebe0>,71,16,[ 1 10],122,173,189,51,167
1,<environment.Job instance at 0x14e3e4a376e0>,72,3,[2 5],124,189,192,65,167
1,<environment.Job instance at 0x14e3e1afe460>,73,1,[8 1],125,196,197,71,168
1,<environment.Job instance at 0x14e3e1afefa0>,74,28,[5 1],126,193,221,67,192
1,<environment.Job instance at 0x14e3e1afed70>,75,13,[8 2],127,197,210,70,192
1,<environment.Job instance at 0x14e3f4ef2e60>,76,18,[5 1],128,210,228,82,199
1,<environment.Job instance at 0x14e3f4ef2140>,77,15,[6 1],129,221,236,92,207
1,<environment.Job instance at 0x14e3e1b8c190>,78,3,[6 2],130,228,231,98,207
1,<environment.Job instance at 0x14e3e1b8c230>,79,1,[6 2],131,231,232,100,207
1,<environment.Job instance at 0x14e3e1b8c820>,80,17,[9 2],133,232,249,99,220
1,<environment.Job instance at 0x14e3e1b8c3c0>,81,1,[7 1],134,249,250,115,221
1,<environment.Job instance at 0x14e3e1b8cd20>,82,12,[2 8],135,236,248,101,221
1,<environment.Job instance at 0x14e3e1b8cc30>,83,3,[ 1 10],136,221,224,85,221
1,<environment.Job instance at 0x14e3e1b8cbe0>,84,3,[1 5],137,224,227,87,221
1,<environment.Job instance at 0x14e3e1b8c280>,85,3,[2 7],138,224,227,86,221
1,<environment.Job instance at 0x14e3e1b8ccd0>,86,13,[2 5],139,236,249,97,221
1,<environment.Job instance at 0x14e3e1fb0410>,87,2,[2 8],140,227,229,87,221
1,<environment.Job instance at 0x14e3e1fb0820>,88,2,[5 1],141,249,251,108,222
1,<environment.Job instance at 0x14e3e4a96f50>,89,1,[6 2],146,250,251,104,222
1,<environment.Job instance at 0x14e3e4a968c0>,90,1,[1 9],147,229,230,82,222
1,<environment.Job instance at 0x14e3e4a96320>,91,3,[7 1],148,251,254,103,225
1,<environment.Job instance at 0x14e3e4a96e10>,92,3,[7 2],149,251,254,102,225
1,<environment.Job instance at 0x14e3e4a96cd0>,93,14,[1 5],151,248,262,97,233
1,<environment.Job instance at 0x14e3e4e79cd0>,94,12,[2 6],153,254,266,101,237
1,<environment.Job instance at 0x14e3e5f8d500>,95,1,[9 1],155,254,255,99,237
1,<environment.Job instance at 0x14e3e5f8d4b0>,96,17,[2 8],156,262,279,106,250
1,<environment.Job instance at 0x14e3e5f8d320>,97,25,[8 1],159,255,280,96,251
1,<environment.Job instance at 0x14e3e5f8d370>,98,16,[8 1],160,280,296,120,267
1,<environment.Job instance at 0x14e3e5f8d2d0>,99,16,[1 6],161,267,283,106,267
1,<environment.Job instance at 0x14e3e5f8db40>,100,2,[10  2],163,296,298,133,269
1,<environment.Job instance at 0x14e3e5f8d140>,101,3,[1 7],164,279,282,115,269
1,<environment.Job instance at 0x14e3e5f8da50>,102,14,[9 2],166,298,312,132,283
1,<environment.Job instance at 0x14e3e5f8dd70>,103,1,[10  2],167,312,313,145,284
1,<environment.Job instance at 0x14e3e5f8dcd0>,104,2,[7 2],168,284,286,116,284
1,<environment.Job instance at 0x14e3e5f8dfa0>,105,16,[1 9],169,286,302,117,284
1,<environment.Job instance at 0x14e3e5f8de10>,106,3,[1 5],170,286,289,116,284
1,<environment.Job instance at 0x14e3e5f8d910>,107,12,[2 9],172,302,314,130,285
1,<environment.Job instance at 0x14e3e5f8d8c0>,108,3,[9 2],173,313,316,140,287
1,<environment.Job instance at 0x14e3e5f8dc80>,109,13,[1 9],174,314,327,140,298
1,<environment.Job instance at 0x14e3e5f92370>,110,2,[1 8],175,327,329,152,300
1,<environment.Job instance at 0x14e3e5f92320>,111,12,[1 7],177,327,339,150,310
1,<environment.Job instance at 0x14e3e5f925f0>,112,1,[ 1 10],179,339,340,160,311
1,<environment.Job instance at 0x14e3e5f92730>,113,19,[2 5],180,329,348,149,323
1,<environment.Job instance at 0x14e3e5f925a0>,119,12,[ 1 10],187,340,352,153,323
1,<environment.Job instance at 0x14e3e5f92500>,120,3,[2 7],189,352,355,163,326
1,<environment.Job instance at 0x14e3e5f78370>,28,2,[ 1 10],50,355,357,305,355
1,<environment.Job instance at 0x14e3e5f788c0>,1,1,[1 7],2,2,3,0,2
1,<environment.Job instance at 0x14e3e4d7ddc0>,10,13,[2 8],13,13,26,0,13
1,<environment.Job instance at 0x14e3e4d7d730>,11,1,[8 1],14,14,15,0,14
1,<environment.Job instance at 0x14e3e4d7d640>,12,1,[1 5],16,16,17,0,16
1,<environment.Job instance at 0x14e3e21fca50>,13,1,[10  1],18,18,19,0,18
1,<environment.Job instance at 0x14e3e21fc8c0>,14,1,[5 2],19,19,20,0,19
1,<environment.Job instance at 0x14e3e21fc410>,15,17,[10  1],20,20,37,0,20
1,<environment.Job instance at 0x14e3e21fc690>,16,25,[9 1],21,37,62,16,33
1,<environment.Job instance at 0x14e3e21fcf50>,17,1,[10  2],23,62,63,39,34
1,<environment.Job instance at 0x14e3e21fc870>,18,21,[ 2 10],24,34,55,10,34
1,<environment.Job instance at 0x14e3e21fc7d0>,19,21,[2 5],25,55,76,30,47
1,<environment.Job instance at 0x14e3e22595f0>,20,15,[5 2],26,63,78,37,49
1,<environment.Job instance at 0x14e3e2259910>,21,3,[2 7],28,55,58,27,49
1,<environment.Job instance at 0x14e3e2259640>,22,15,[7 2],29,63,78,34,49
1,<environment.Job instance at 0x14e3e2259be0>,23,15,[6 1],30,78,93,48,64
1,<environment.Job instance at 0x14e3e2259410>,24,2,[2 9],31,76,78,45,64
1,<environment.Job instance at 0x14e3e2259140>,25,2,[1 5],32,64,66,32,64
1,<environment.Job instance at 0x14e3e2259370>,26,16,[1 8],33,78,94,45,65
1,<environment.Job instance at 0x14e3e2259af0>,27,14,[2 6],35,78,92,43,65
1,<environment.Job instance at 0x14e3e2259730>,28,1,[9 1],36,93,94,57,65
1,<environment.Job instance at 0x14e3e2259230>,29,17,[2 5],37,92,109,55,80
1,<environment.Job instance at 0x14e3e2259500>,30,2,[10  2],38,94,96,56,80
1,<environment.Job instance at 0x14e3e2259460>,31,15,[9 2],40,96,111,56,82
1,<environment.Job instance at 0x14e3e22599b0>,32,2,[5 2],41,109,111,68,82
1,<environment.Job instance at 0x14e3e22590a0>,33,2,[5 1],42,111,113,69,84
1,<environment.Job instance at 0x14e3e2259870>,34,1,[1 7],43,94,95,51,84
1,<environment.Job instance at 0x14e3e2259280>,35,17,[9 1],46,111,128,65,99
1,<environment.Job instance at 0x14e3e4bcd140>,36,1,[6 2],47,113,114,66,99
1,<environment.Job instance at 0x14e3e4bcd3c0>,37,1,[5 1],48,114,115,66,99
1,<environment.Job instance at 0x14e3e4bcd780>,38,1,[2 6],50,99,100,49,99
1,<environment.Job instance at 0x14e3e4bcdc30>,39,3,[2 6],51,100,103,49,99
1,<environment.Job instance at 0x14e3e4bcdd70>,40,2,[9 1],52,128,130,76,101
1,<environment.Job instance at 0x14e3e4bcd7d0>,41,13,[6 1],54,115,128,61,101
1,<environment.Job instance at 0x14e3e4bcdc80>,42,2,[7 2],55,130,132,75,103
1,<environment.Job instance at 0x14e3e4bcddc0>,43,2,[9 2],56,132,134,76,105
1,<environment.Job instance at 0x14e3e4bcd190>,44,3,[5 1],57,128,131,71,105
1,<environment.Job instance at 0x14e3e4bcdaa0>,45,2,[ 1 10],58,109,111,51,105
1,<environment.Job instance at 0x14e3e4bcd0f0>,46,13,[2 6],59,130,143,71,114
1,<environment.Job instance at 0x14e3e4bcdbe0>,47,17,[12  1],60,134,151,74,122
1,<environment.Job instance at 0x14e3e4bcd9b0>,48,1,[8 2],63,151,152,88,123
1,<environment.Job instance at 0x14e3e4bcd6e0>,49,17,[7 1],64,151,168,87,139
1,<environment.Job instance at 0x14e3e4bcd550>,50,17,[2 7],65,152,169,87,140
1,<environment.Job instance at 0x14e3e24eb0a0>,51,13,[2 8],66,168,181,102,152
1,<environment.Job instance at 0x14e3e24eb0f0>,52,16,[6 1],67,152,168,85,152
1,<environment.Job instance at 0x14e3e24eb820>,53,1,[8 2],68,169,170,101,152
1,<environment.Job instance at 0x14e3e24eba50>,54,1,[5 2],69,169,170,100,152
1,<environment.Job instance at 0x14e3e24eb140>,55,1,[7 1],70,170,171,100,152
1,<environment.Job instance at 0x14e3e24eb9b0>,56,1,[1 8],71,181,182,110,153
1,<environment.Job instance at 0x14e3e24eb8c0>,57,2,[6 2],72,170,172,98,153
1,<environment.Job instance at 0x14e3e24eb280>,58,13,[2 9],73,182,195,109,166
1,<environment.Job instance at 0x14e3e24ebf50>,63,1,[5 1],80,171,172,91,166
1,<environment.Job instance at 0x14e3e24eb1e0>,64,14,[2 9],81,195,209,114,180
1,<environment.Job instance at 0x14e3e24eb960>,65,2,[7 2],82,180,182,98,180
1,<environment.Job instance at 0x14e3e2299780>,66,3,[10  1],83,182,185,99,180
1,<environment.Job instance at 0x14e3e2299370>,67,3,[6 1],84,185,188,101,180
1,<environment.Job instance at 0x14e3e2299fa0>,68,1,[13  1],85,188,189,103,180
1,<environment.Job instance at 0x14e3e2299960>,69,3,[2 7],86,209,212,123,183
1,<environment.Job instance at 0x14e3e2299190>,70,1,[5 1],87,185,186,98,183
1,<environment.Job instance at 0x14e3e22998c0>,71,17,[1 8],88,209,226,121,197
1,<environment.Job instance at 0x14e3e2299050>,78,15,[ 2 10],96,226,241,130,212
1,<environment.Job instance at 0x14e3e2299460>,79,3,[10  2],97,212,215,115,212
1,<environment.Job instance at 0x14e3e2299140>,80,3,[2 5],99,212,215,113,212
1,<environment.Job instance at 0x14e3e4d7db90>,8,2,[7 2],10,241,243,231,241
1,<environment.Job instance at 0x14e3e2270730>,90,16,[6 2],111,241,257,130,241
1,<environment.Job instance at 0x14e3e227f7d0>,81,17,[1 7],100,241,258,141,241
1,<environment.Job instance at 0x14e3e2270370>,92,2,[9 1],114,257,259,143,242
1,<environment.Job instance at 0x14e3e2270280>,93,19,[1 5],116,243,262,127,242
1,<environment.Job instance at 0x14e3e2270640>,94,1,[8 1],117,259,260,142,242
1,<environment.Job instance at 0x14e3e2270320>,95,1,[5 1],119,243,244,124,242
1,<environment.Job instance at 0x14e3e2270dc0>,96,2,[7 2],120,260,262,140,242
1,<environment.Job instance at 0x14e3e22707d0>,97,3,[ 2 14],122,262,265,140,242
1,<environment.Job instance at 0x14e3e2270870>,98,3,[1 8],123,258,261,135,242
1,<environment.Job instance at 0x14e3e22701e0>,99,1,[ 2 10],124,265,266,141,242
1,<environment.Job instance at 0x14e3e22702d0>,100,2,[7 2],126,265,267,139,242
1,<environment.Job instance at 0x14e3e22708c0>,101,1,[6 1],127,244,245,117,242
1,<environment.Job instance at 0x14e3e2270b90>,102,2,[6 1],129,245,247,116,242
1,<environment.Job instance at 0x14e3e24f08c0>,103,17,[1 7],130,266,283,136,254
1,<environment.Job instance at 0x14e3e2270af0>,104,15,[10  2],134,267,282,133,254
1,<environment.Job instance at 0x14e3e24f02d0>,105,2,[7 2],135,282,284,147,255
1,<environment.Job instance at 0x14e3e24f04b0>,106,1,[1 5],137,261,262,124,255
1,<environment.Job instance at 0x14e3e24f0be0>,107,14,[5 2],139,282,296,143,267
1,<environment.Job instance at 0x14e3e2270cd0>,91,1,[6 1],112,284,285,172,282
1,<environment.Job instance at 0x14e3e1bb6f50>,108,27,[5 1],140,285,312,145,283
1,<environment.Job instance at 0x14e3e2114050>,110,2,[1 9],142,283,285,141,283
1,<environment.Job instance at 0x14e3e2245aa0>,111,14,[1 6],143,285,299,142,283
1,<environment.Job instance at 0x14e3e22458c0>,112,1,[1 8],144,296,297,152,283
1,<environment.Job instance at 0x14e3e22a28c0>,113,1,[2 9],146,299,300,153,283
1,<environment.Job instance at 0x14e3e2245cd0>,114,2,[10  2],147,300,302,153,283
1,<environment.Job instance at 0x14e3e2245af0>,115,1,[6 1],150,297,298,147,283
1,<environment.Job instance at 0x14e3e2245190>,116,1,[7 2],152,298,299,146,283
1,<environment.Job instance at 0x14e3e4e8d6e0>,117,2,[2 7],153,302,304,149,283
1,<environment.Job instance at 0x14e3e1fb61e0>,118,3,[2 5],154,285,288,131,283
1,<environment.Job instance at 0x14e3e1f9b870>,119,25,[6 1],155,302,327,147,298
1,<environment.Job instance at 0x14e3e4c06820>,120,12,[5 2],157,312,324,155,298
1,<environment.Job instance at 0x14e3e4c063c0>,121,1,[10  1],158,327,328,169,299
1,<environment.Job instance at 0x14e3e24ddaa0>,122,3,[10  1],161,328,331,167,302
1,<environment.Job instance at 0x14e3e24dd780>,123,2,[ 2 10],162,304,306,142,302
1,<environment.Job instance at 0x14e3f4330b40>,124,3,[9 2],163,324,327,161,302
1,<environment.Job instance at 0x14e3e1b93fa0>,125,1,[1 9],164,306,307,142,302
1,<environment.Job instance at 0x14e3e1aec910>,126,1,[8 2],167,331,332,164,303
1,<environment.Job instance at 0x14e3e1aec050>,127,22,[2 5],169,327,349,158,320
1,<environment.Job instance at 0x14e3e1aec730>,128,1,[9 2],170,332,333,162,321
1,<environment.Job instance at 0x14e3e1aec1e0>,129,1,[10  1],171,333,334,162,321
1,<environment.Job instance at 0x14e3e1e181e0>,130,26,[ 2 13],173,349,375,176,346
1,<environment.Job instance at 0x14e3e1b8cb40>,131,13,[7 2],174,346,359,172,346
1,<environment.Job instance at 0x14e3e1b8c320>,132,3,[6 2],176,346,349,170,346
1,<environment.Job instance at 0x14e3e34f0a50>,133,2,[12  1],177,359,361,182,346
1,<environment.Job instance at 0x14e3e1b8cb90>,134,15,[2 5],179,375,390,196,361
1,<environment.Job instance at 0x14e3e1b88f50>,135,14,[7 1],180,361,375,181,361
1,<environment.Job instance at 0x14e3e1b88c80>,136,2,[7 1],181,375,377,194,361
1,<environment.Job instance at 0x14e3e1ab1370>,137,1,[8 1],182,377,378,195,361
1,<environment.Job instance at 0x14e3e1ab1870>,138,2,[10  2],183,378,380,195,361
1,<environment.Job instance at 0x14e3e1ab10f0>,139,14,[9 1],184,380,394,196,365
1,<environment.Job instance at 0x14e3e1ab17d0>,140,3,[9 2],185,394,397,209,368
1,<environment.Job instance at 0x14e3e1ab1640>,141,1,[6 2],187,375,376,188,368
1,<environment.Job instance at 0x14e3e1ab31e0>,142,2,[ 1 10],188,390,392,202,368
1,<environment.Job instance at 0x14e3e1ab3050>,143,2,[2 7],189,376,378,187,368
1,<environment.Job instance at 0x14e3e2245320>,109,15,[14  1],141,397,412,256,395
1,<environment.Job instance at 0x14e3e4ce8780>,12,15,[10  1],23,23,38,0,23
1,<environment.Job instance at 0x14e3e1e4c7d0>,13,28,[5 2],24,24,52,0,24
1,<environment.Job instance at 0x14e3e4ce88c0>,14,1,[8 2],25,38,39,13,25
1,<environment.Job instance at 0x14e3e2a1e0f0>,15,2,[ 1 10],26,38,40,12,26
1,<environment.Job instance at 0x14e3e204ca50>,16,3,[ 2 14],27,52,55,25,27
1,<environment.Job instance at 0x14e3f4e30aa0>,17,1,[5 1],28,39,40,11,28
1,<environment.Job instance at 0x14e3e5f0b280>,18,2,[2 6],29,40,42,11,29
1,<environment.Job instance at 0x14e3e2a1e190>,19,1,[8 1],30,40,41,10,30
1,<environment.Job instance at 0x14e3f6877a00>,20,1,[7 2],32,41,42,9,34
1,<environment.Job instance at 0x14e3e5f0b820>,21,12,[6 2],33,55,67,22,38
1,<environment.Job instance at 0x14e3f4e6fcd0>,22,3,[1 7],34,42,45,8,38
1,<environment.Job instance at 0x14e3e5f0d6e0>,23,2,[6 2],36,42,44,6,38
1,<environment.Job instance at 0x14e3e1fb0c80>,24,3,[9 1],37,44,47,7,38
1,<environment.Job instance at 0x14e3e1fb02d0>,25,14,[7 1],38,47,61,9,38
1,<environment.Job instance at 0x14e3e5f738c0>,26,14,[ 2 10],39,55,69,16,40
1,<environment.Job instance at 0x14e3e4dca2d0>,27,14,[9 2],40,67,81,27,52
1,<environment.Job instance at 0x14e3e1e3a370>,28,1,[1 9],41,69,70,28,52
1,<environment.Job instance at 0x14e3e1e3ae60>,29,16,[1 8],42,70,86,28,57
1,<environment.Job instance at 0x14e3e1e3a870>,30,1,[6 1],43,61,62,18,57
1,<environment.Job instance at 0x14e3e4d69dc0>,31,3,[5 2],44,62,65,18,57
1,<environment.Job instance at 0x14e3e4d69820>,32,16,[7 1],45,81,97,36,68
1,<environment.Job instance at 0x14e3e4d69cd0>,33,2,[8 2],46,86,88,40,68
1,<environment.Job instance at 0x14e3e4d69aa0>,34,1,[9 2],47,97,98,50,69
1,<environment.Job instance at 0x14e3e4d69eb0>,35,2,[1 7],48,88,90,40,69
1,<environment.Job instance at 0x14e3e4d69230>,36,26,[1 6],51,88,114,37,85
1,<environment.Job instance at 0x14e3e4d69320>,37,16,[2 9],52,98,114,46,85
1,<environment.Job instance at 0x14e3e4ce8960>,10,2,[2 9],21,114,116,93,104
1,<environment.Job instance at 0x14e3e1c43c30>,38,23,[2 6],54,114,137,60,108
1,<environment.Job instance at 0x14e3e4d690a0>,40,14,[ 1 10],57,137,151,80,122
1,<environment.Job instance at 0x14e3f4ee2cd0>,41,1,[5 2],58,125,126,67,125
1,<environment.Job instance at 0x14e3f4ee2a00>,42,1,[8 2],59,125,126,66,125
1,<environment.Job instance at 0x14e3f4ee2b40>,43,2,[7 2],61,126,128,65,125
1,<environment.Job instance at 0x14e3f4ee2820>,44,3,[6 1],63,126,129,63,125
1,<environment.Job instance at 0x14e3e22a1eb0>,45,2,[10  1],64,129,131,65,125
1,<environment.Job instance at 0x14e3e22a1af0>,46,1,[9 1],65,131,132,66,127
1,<environment.Job instance at 0x14e3e22a1b90>,47,3,[5 1],66,132,135,66,128
1,<environment.Job instance at 0x14e3e22a1910>,48,3,[1 6],67,130,133,63,130
1,<environment.Job instance at 0x14e3e22a1f50>,49,3,[12  1],69,135,138,66,130
1,<environment.Job instance at 0x14e3e2a6daf0>,50,20,[8 1],70,138,158,68,130
1,<environment.Job instance at 0x14e3e2a6d230>,51,2,[7 1],71,132,134,61,130
1,<environment.Job instance at 0x14e3e2a6d6e0>,52,3,[9 1],76,158,161,82,132
1,<environment.Job instance at 0x14e3f4199d20>,53,13,[2 5],78,151,164,73,135
1,<environment.Job instance at 0x14e3e4dfe460>,54,2,[1 8],79,135,137,56,135
1,<environment.Job instance at 0x14e3e4dfe6e0>,55,1,[2 6],80,151,152,71,135
1,<environment.Job instance at 0x14e3f6afb820>,56,2,[9 2],83,161,163,78,135
1,<environment.Job instance at 0x14e3e63134b0>,57,1,[ 2 10],87,163,164,76,135
1,<environment.Job instance at 0x14e3e5de7dc0>,58,3,[11  1],89,164,167,75,138
1,<environment.Job instance at 0x14e3e5de75f0>,59,13,[ 2 11],90,164,177,74,148
1,<environment.Job instance at 0x14e3e1ea4a00>,60,3,[1 8],91,152,155,61,148
1,<environment.Job instance at 0x14e3e5de7140>,61,1,[8 1],93,167,168,74,148
1,<environment.Job instance at 0x14e3e24d8230>,62,16,[9 1],94,168,184,74,155
1,<environment.Job instance at 0x14e3e5de7320>,63,12,[7 2],96,184,196,88,167
1,<environment.Job instance at 0x14e3e5f98a00>,64,15,[ 2 10],102,177,192,75,167
1,<environment.Job instance at 0x14e3f6b0d730>,65,2,[5 2],103,184,186,81,167
1,<environment.Job instance at 0x14e3e1e034b0>,66,2,[7 2],104,192,194,88,167
1,<environment.Job instance at 0x14e3e5f98af0>,67,2,[5 2],106,186,188,80,167
1,<environment.Job instance at 0x14e3e228c5a0>,68,1,[ 2 10],107,194,195,87,167
1,<environment.Job instance at 0x14e3e228c4b0>,69,1,[6 2],108,188,189,80,167
1,<environment.Job instance at 0x14e3e228c9b0>,70,2,[ 1 12],109,195,197,86,168
1,<environment.Job instance at 0x14e3e228cd20>,71,16,[2 9],110,197,213,87,184
1,<environment.Job instance at 0x14e3e228cd70>,72,2,[5 2],111,189,191,78,184
1,<environment.Job instance at 0x14e3e228c410>,73,21,[5 1],112,194,215,82,186
1,<environment.Job instance at 0x14e3e228caf0>,74,3,[2 8],113,213,216,100,187
1,<environment.Job instance at 0x14e3e228c230>,75,3,[8 2],115,196,199,81,187
1,<environment.Job instance at 0x14e3e228c6e0>,76,1,[ 2 10],116,216,217,100,188
1,<environment.Job instance at 0x14e3e228ceb0>,77,2,[1 6],117,192,194,75,188
1,<environment.Job instance at 0x14e3e228ce60>,78,2,[8 1],118,199,201,81,188
1,<environment.Job instance at 0x14e3e228c550>,79,1,[2 7],120,215,216,95,188
1,<environment.Job instance at 0x14e3e228ccd0>,80,2,[1 8],121,217,219,96,190
1,<environment.Job instance at 0x14e3e228c1e0>,81,13,[7 1],122,201,214,79,190
1,<environment.Job instance at 0x14e3e228cf00>,82,3,[ 2 10],125,219,222,94,193
1,<environment.Job instance at 0x14e3e228c0a0>,83,2,[2 7],126,217,219,91,193
1,<environment.Job instance at 0x14e3e4d69c30>,39,23,[9 1],56,219,242,163,214
1,<environment.Job instance at 0x14e3e4dcc5a0>,84,22,[ 2 10],127,222,244,95,215
1,<environment.Job instance at 0x14e3e227fd20>,86,2,[1 7],129,244,246,115,217
1,<environment.Job instance at 0x14e3e227fd70>,87,3,[2 8],130,244,247,114,218
1,<environment.Job instance at 0x14e3f4ef05f0>,88,2,[6 2],131,242,244,111,218
1,<environment.Job instance at 0x14e3f4ef0050>,89,1,[7 1],134,242,243,108,218
1,<environment.Job instance at 0x14e3f4ef0640>,90,2,[5 2],135,246,248,111,219
1,<environment.Job instance at 0x14e3f4ef08c0>,91,15,[1 9],136,247,262,111,233
1,<environment.Job instance at 0x14e3f4ef0f50>,92,3,[6 1],137,246,249,109,234
1,<environment.Job instance at 0x14e3f4ef0a50>,93,2,[ 1 10],138,262,264,124,235
1,<environment.Job instance at 0x14e3e1bee280>,94,1,[7 1],139,243,244,104,235
1,<environment.Job instance at 0x14e3e1beedc0>,95,1,[2 6],142,249,250,107,235
1,<environment.Job instance at 0x14e3e1bee050>,96,2,[10  2],143,250,252,107,235
1,<environment.Job instance at 0x14e3e1bee730>,97,1,[5 1],144,248,249,104,235
1,<environment.Job instance at 0x14e3e1bee820>,98,2,[8 2],145,252,254,107,235
1,<environment.Job instance at 0x14e3e1bee190>,99,1,[6 1],146,252,253,106,235
1,<environment.Job instance at 0x14e3e1beefa0>,100,3,[8 1],148,254,257,106,235
1,<environment.Job instance at 0x14e3e1beeb90>,101,15,[6 1],152,253,268,101,239
1,<environment.Job instance at 0x14e3e1bee640>,102,2,[8 2],153,257,259,104,239
1,<environment.Job instance at 0x14e3e1bee230>,103,17,[10  1],156,268,285,112,256
1,<environment.Job instance at 0x14e3e1beed70>,104,3,[2 6],157,264,267,107,256
1,<environment.Job instance at 0x14e3f502fa50>,105,2,[7 1],158,259,261,101,256
1,<environment.Job instance at 0x14e3f502fa00>,106,21,[6 1],160,285,306,125,277
1,<environment.Job instance at 0x14e3f502fb90>,107,3,[ 2 13],162,277,280,115,277
1,<environment.Job instance at 0x14e3e6309a50>,108,14,[2 6],163,280,294,117,277
1,<environment.Job instance at 0x14e3e4ab7410>,109,1,[ 2 10],164,294,295,130,277
1,<environment.Job instance at 0x14e3f40ae9b0>,110,2,[2 8],165,280,282,115,278
1,<environment.Job instance at 0x14e3f40ae460>,111,1,[1 7],168,282,283,114,278
1,<environment.Job instance at 0x14e3f40aefa0>,112,1,[1 7],170,283,284,113,278
1,<environment.Job instance at 0x14e3f40ae820>,113,12,[2 8],171,295,307,124,278
1,<environment.Job instance at 0x14e3f40ae910>,114,27,[5 2],172,285,312,113,283
1,<environment.Job instance at 0x14e3e4dcc280>,85,2,[10  2],128,307,309,179,304
1,<environment.Job instance at 0x14e3f40ae320>,116,1,[9 1],174,309,310,135,305
1,<environment.Job instance at 0x14e3f40aea00>,117,1,[ 2 10],175,310,311,135,305
1,<environment.Job instance at 0x14e3f40aee60>,115,27,[1 9],173,350,377,177,350
1,<environment.Job instance at 0x14e3e351bc30>,119,3,[ 1 10],181,377,380,196,357
1,<environment.Job instance at 0x14e3e351b280>,120,1,[8 2],182,357,358,175,357
1,<environment.Job instance at 0x14e3e351b550>,121,18,[9 1],183,358,376,175,357
1,<environment.Job instance at 0x14e3e351baa0>,122,2,[8 1],185,376,378,191,357
1,<environment.Job instance at 0x14e3e351b410>,123,13,[8 2],186,378,391,192,362
1,<environment.Job instance at 0x14e3e351be60>,124,1,[7 1],187,380,381,193,362
1,<environment.Job instance at 0x14e3e351bb90>,125,1,[2 6],189,381,382,192,362
1,<environment.Job instance at 0x14e3e1b80b40>,9,1,[1 8],20,382,383,362,381
1,<environment.Job instance at 0x14e3e192f820>,21,3,[ 2 10],31,31,34,0,31
1,<environment.Job instance at 0x14e3e17eea50>,22,15,[6 1],33,33,48,0,33
1,<environment.Job instance at 0x14e3e171e190>,23,1,[9 2],34,34,35,0,34
1,<environment.Job instance at 0x14e3e1615370>,24,1,[2 8],35,35,36,0,35
1,<environment.Job instance at 0x14e3e1615640>,25,1,[5 1],36,36,37,0,36
1,<environment.Job instance at 0x14e3e1615410>,26,1,[8 1],38,38,39,0,38
1,<environment.Job instance at 0x14e3e1615230>,27,1,[1 8],40,40,41,0,40
1,<environment.Job instance at 0x14e3e16151e0>,28,1,[2 9],41,41,42,0,41
1,<environment.Job instance at 0x14e3e1615eb0>,29,3,[1 9],42,42,45,0,42
1,<environment.Job instance at 0x14e3e18332d0>,30,14,[ 1 10],44,45,59,1,44
1,<environment.Job instance at 0x14e3e1898910>,31,1,[7 2],45,45,46,0,45
1,<environment.Job instance at 0x14e3e1898f00>,32,1,[10  1],46,48,49,2,46
1,<environment.Job instance at 0x14e3e1804e60>,33,3,[2 5],48,49,52,1,48
1,<environment.Job instance at 0x14e3e1804fa0>,34,2,[6 2],49,52,54,3,49
1,<environment.Job instance at 0x14e3e18047d0>,35,18,[2 9],50,59,77,9,50
1,<environment.Job instance at 0x14e3e1804870>,36,3,[2 9],51,77,80,26,51
1,<environment.Job instance at 0x14e3e18cd3c0>,37,1,[1 6],52,59,60,7,52
1,<environment.Job instance at 0x14e3e1804140>,38,1,[10  1],53,54,55,1,53
1,<environment.Job instance at 0x14e3e1612190>,39,17,[5 1],54,60,77,6,54
1,<environment.Job instance at 0x14e3e1612f50>,40,1,[7 1],55,55,56,0,55
1,<environment.Job instance at 0x14e3e16f95a0>,41,3,[9 2],56,56,59,0,56
1,<environment.Job instance at 0x14e3e16f9820>,42,2,[1 8],57,80,82,23,57
1,<environment.Job instance at 0x14e3e16f9230>,43,26,[8 1],58,60,86,2,58
1,<environment.Job instance at 0x14e3e17184b0>,44,3,[2 5],59,77,80,18,59
1,<environment.Job instance at 0x14e3e1718780>,45,2,[8 1],60,86,88,26,60
1,<environment.Job instance at 0x14e3e17182d0>,46,27,[6 1],61,80,107,19,78
1,<environment.Job instance at 0x14e3e1718140>,47,21,[9 2],62,88,109,26,80
1,<environment.Job instance at 0x14e3e17180f0>,48,17,[7 2],63,109,126,46,97
1,<environment.Job instance at 0x14e3e169e820>,49,16,[5 2],64,107,123,43,97
1,<environment.Job instance at 0x14e3e1718a00>,50,2,[2 9],65,109,111,44,97
1,<environment.Job instance at 0x14e3e17187d0>,51,13,[2 8],67,111,124,44,97
1,<environment.Job instance at 0x14e3e160f2d0>,52,3,[7 2],68,124,127,56,98
1,<environment.Job instance at 0x14e3e160fd20>,53,17,[ 2 10],69,126,143,57,114
1,<environment.Job instance at 0x14e3e160f1e0>,54,1,[1 8],72,124,125,52,114
1,<environment.Job instance at 0x14e3e18c7550>,55,16,[5 2],73,126,142,53,114
1,<environment.Job instance at 0x14e3e160f640>,56,1,[6 1],75,123,124,48,114
1,<environment.Job instance at 0x14e3e160f410>,57,28,[14  1],78,143,171,65,142
1,<environment.Job instance at 0x14e3e17627d0>,58,2,[1 7],79,143,145,64,142
1,<environment.Job instance at 0x14e3f42078c0>,59,3,[7 1],80,171,174,91,145
1,<environment.Job instance at 0x14e3e19d2e60>,60,1,[6 1],81,171,172,90,145
1,<environment.Job instance at 0x14e3e1604280>,61,15,[6 2],82,172,187,90,158
1,<environment.Job instance at 0x14e3e1b76be0>,62,3,[2 9],83,171,174,88,158
1,<environment.Job instance at 0x14e3e1604640>,63,17,[1 8],85,174,191,89,162
1,<environment.Job instance at 0x14e3e1601cd0>,64,2,[11  2],86,187,189,101,162
1,<environment.Job instance at 0x14e3e1601730>,65,16,[2 7],87,189,205,102,176
1,<environment.Job instance at 0x14e3e1601320>,66,2,[1 8],89,191,193,102,176
1,<environment.Job instance at 0x14e3e1601a00>,67,2,[1 5],90,176,178,86,176
1,<environment.Job instance at 0x14e3e1dc94b0>,68,1,[1 5],91,178,179,87,176
1,<environment.Job instance at 0x14e3e18391e0>,69,2,[9 1],92,193,195,101,176
1,<environment.Job instance at 0x14e3e18c0190>,70,3,[9 2],93,195,198,102,176
1,<environment.Job instance at 0x14e3e18393c0>,71,17,[5 2],94,198,215,104,186
1,<environment.Job instance at 0x14e3e1839780>,72,2,[2 6],96,193,195,97,186
1,<environment.Job instance at 0x14e3e1839eb0>,73,1,[ 1 10],97,205,206,108,186
1,<environment.Job instance at 0x14e3e2a68d20>,74,1,[2 7],98,206,207,108,186
1,<environment.Job instance at 0x14e3e2a68690>,75,2,[2 6],99,195,197,96,186
1,<environment.Job instance at 0x14e3e1661410>,76,17,[5 2],100,198,215,98,186
1,<environment.Job instance at 0x14e3e2a68780>,77,2,[5 1],102,207,209,105,186
1,<environment.Job instance at 0x14e3e183a870>,78,2,[8 2],103,215,217,112,188
1,<environment.Job instance at 0x14e3e2a68230>,79,2,[12  1],105,217,219,112,190
1,<environment.Job instance at 0x14e3e183aaf0>,80,14,[1 9],106,209,223,103,194
1,<environment.Job instance at 0x14e3e183a5f0>,81,1,[2 8],107,223,224,116,195
1,<environment.Job instance at 0x14e3e183ae60>,82,18,[10  2],108,219,237,111,208
1,<environment.Job instance at 0x14e3e1610690>,83,12,[2 9],109,224,236,115,208
1,<environment.Job instance at 0x14e3e1610780>,84,15,[2 5],110,236,251,126,222
1,<environment.Job instance at 0x14e3e1610fa0>,85,3,[1 6],111,236,239,125,222
1,<environment.Job instance at 0x14e3e16106e0>,86,2,[1 8],113,239,241,126,222
1,<environment.Job instance at 0x14e3e1610a50>,87,17,[7 1],114,237,254,123,225
1,<environment.Job instance at 0x14e3e1621280>,88,16,[8 2],115,251,267,136,238
1,<environment.Job instance at 0x14e3e16aa2d0>,89,3,[1 5],118,241,244,123,238
1,<environment.Job instance at 0x14e3e1835190>,90,1,[10  1],119,267,268,148,239
1,<environment.Job instance at 0x14e3e1835f00>,91,1,[10  2],120,268,269,148,240
1,<environment.Job instance at 0x14e3e164fe60>,92,16,[7 1],121,269,285,148,256
1,<environment.Job instance at 0x14e3e164f690>,93,1,[1 6],122,256,257,134,256
1,<environment.Job instance at 0x14e3e164f500>,94,14,[1 8],123,257,271,134,256
1,<environment.Job instance at 0x14e3e1fdafa0>,95,2,[5 1],124,256,258,132,256
1,<environment.Job instance at 0x14e3e1fda780>,96,2,[7 2],125,269,271,144,256
1,<environment.Job instance at 0x14e3e1fdaf50>,97,1,[1 6],126,256,257,130,256
1,<environment.Job instance at 0x14e3e1fda7d0>,98,3,[2 6],127,271,274,144,256
1,<environment.Job instance at 0x14e3e1fda4b0>,99,3,[1 9],128,274,277,146,256
1,<environment.Job instance at 0x14e3e1fda050>,100,3,[6 1],129,258,261,129,256
1,<environment.Job instance at 0x14e3e1fda190>,101,15,[6 1],135,271,286,136,257
1,<environment.Job instance at 0x14e3e1fda0a0>,102,2,[7 1],136,285,287,149,258
1,<environment.Job instance at 0x14e3e1fda730>,103,17,[8 1],137,286,303,149,274
1,<environment.Job instance at 0x14e3e5f0eaa0>,104,1,[ 2 13],138,277,278,139,274
1,<environment.Job instance at 0x14e3e5f0ea00>,105,2,[2 5],139,278,280,139,274
1,<environment.Job instance at 0x14e3e5f0e0f0>,106,3,[9 1],140,303,306,163,277
1,<environment.Job instance at 0x14e3e5f0e140>,107,16,[2 5],141,287,303,146,277
1,<environment.Job instance at 0x14e3e5f0e910>,108,1,[5 1],142,287,288,145,277
1,<environment.Job instance at 0x14e3e5de11e0>,109,12,[ 1 10],143,303,315,160,286
1,<environment.Job instance at 0x14e3e5de1730>,110,2,[1 7],144,288,290,144,286
1,<environment.Job instance at 0x14e3e5de1cd0>,111,1,[6 2],147,306,307,159,286
1,<environment.Job instance at 0x14e3f4ee2960>,112,3,[5 2],148,290,293,142,286
1,<environment.Job instance at 0x14e3f4ee2f50>,113,15,[8 1],149,306,321,157,292
1,<environment.Job instance at 0x14e3f4ee2230>,114,3,[2 7],150,293,296,143,292
1,<environment.Job instance at 0x14e3f4ee2e60>,115,2,[8 2],152,321,323,169,294
1,<environment.Job instance at 0x14e3e4b095f0>,116,14,[2 9],157,315,329,158,300
1,<environment.Job instance at 0x14e3e4b09b90>,117,1,[5 2],159,300,301,141,300
1,<environment.Job instance at 0x14e3e4b09190>,118,13,[7 2],160,323,336,163,307
1,<environment.Job instance at 0x14e3e4b09500>,119,1,[7 2],162,329,330,167,307
1,<environment.Job instance at 0x14e3e4b09e60>,120,1,[2 8],163,330,331,167,307
1,<environment.Job instance at 0x14e3e4b09f50>,121,2,[2 9],164,331,333,167,307
1,<environment.Job instance at 0x14e3e4b090a0>,122,3,[2 6],165,333,336,168,307
1,<environment.Job instance at 0x14e3e4b09820>,123,2,[7 1],167,336,338,169,309
1,<environment.Job instance at 0x14e3e3f514b0>,124,1,[ 1 10],168,329,330,161,309
1,<environment.Job instance at 0x14e3f42ecbe0>,125,26,[2 5],169,333,359,164,330
1,<environment.Job instance at 0x14e3e4b09870>,126,3,[1 9],171,336,339,165,330
1,<environment.Job instance at 0x14e3e4b09f00>,127,17,[1 5],172,339,356,167,330
1,<environment.Job instance at 0x14e3e4b092d0>,128,3,[8 1],174,338,341,164,330
1,<environment.Job instance at 0x14e3e5ee4f00>,129,1,[1 8],175,356,357,181,330
1,<environment.Job instance at 0x14e3f79510f0>,130,1,[10  2],179,341,342,162,330
1,<environment.Job instance at 0x14e3e5ee4b90>,131,2,[2 6],180,357,359,177,330
1,<environment.Job instance at 0x14e3e5ee4910>,132,1,[1 5],181,330,331,149,330
1,<environment.Job instance at 0x14e3e5ee44b0>,133,3,[7 2],183,342,345,159,330
1,<environment.Job instance at 0x14e3e5ee4690>,134,1,[2 8],184,359,360,175,331
1,<environment.Job instance at 0x14e3e5ee4c80>,135,18,[1 7],186,359,377,173,348
1,<environment.Job instance at 0x14e3e1ec7280>,136,3,[10  1],188,348,351,160,348
1,<environment.Job instance at 0x14e3e1ec7640>,137,2,[ 2 13],189,377,379,188,350
1,<environment.Job instance at 0x14e3f41df9b0>,1,28,[2 5],3,3,31,0,3
1,<environment.Job instance at 0x14e3f407e910>,9,24,[2 9],12,12,36,0,12
1,<environment.Job instance at 0x14e3f407e370>,10,3,[2 5],15,31,34,16,16
1,<environment.Job instance at 0x14e3f40f20f0>,11,18,[5 2],17,34,52,17,24
1,<environment.Job instance at 0x14e3f407efa0>,12,1,[1 6],18,36,37,18,24
1,<environment.Job instance at 0x14e3f40f2550>,13,2,[2 6],20,36,38,16,24
1,<environment.Job instance at 0x14e3f40f2be0>,14,2,[6 2],21,34,36,13,24
1,<environment.Job instance at 0x14e3f40f2f50>,15,3,[2 7],22,37,40,15,24
1,<environment.Job instance at 0x14e3f40f25f0>,16,1,[10  1],26,26,27,0,26
1,<environment.Job instance at 0x14e3f40f2d70>,17,3,[10  1],27,27,30,0,27
1,<environment.Job instance at 0x14e3e1b8dbe0>,18,2,[6 1],28,30,32,2,28
1,<environment.Job instance at 0x14e3e1b8de10>,19,3,[1 5],29,38,41,9,32
1,<environment.Job instance at 0x14e3f40f20a0>,20,2,[10  2],30,41,43,11,32
1,<environment.Job instance at 0x14e3e1b8d0a0>,21,1,[9 1],31,33,34,2,33
1,<environment.Job instance at 0x14e3e1b8d910>,22,1,[1 8],32,40,41,8,33
1,<environment.Job instance at 0x14e3e1b8d5f0>,23,25,[9 1],33,43,68,10,39
1,<environment.Job instance at 0x14e3e1b8d140>,24,3,[2 7],34,52,55,18,45
1,<environment.Job instance at 0x14e3f4053f50>,25,1,[7 1],35,68,69,33,48
1,<environment.Job instance at 0x14e3f4053870>,26,2,[7 2],36,68,70,32,49
1,<environment.Job instance at 0x14e3f4053190>,27,13,[10  1],38,70,83,32,54
1,<environment.Job instance at 0x14e3f4053640>,28,3,[2 6],39,54,57,15,54
1,<environment.Job instance at 0x14e3f40530a0>,29,2,[8 1],40,83,85,43,56
1,<environment.Job instance at 0x14e3e2a7edc0>,30,1,[6 2],41,57,58,16,56
1,<environment.Job instance at 0x14e3f40535f0>,31,1,[9 1],42,85,86,43,57
1,<environment.Job instance at 0x14e3f4053500>,32,1,[2 5],44,58,59,14,57
1,<environment.Job instance at 0x14e3e2a7f8c0>,33,3,[10  2],47,86,89,39,60
1,<environment.Job instance at 0x14e3e2a7f910>,34,1,[2 7],48,60,61,12,60
1,<environment.Job instance at 0x14e3e211aaf0>,35,2,[ 1 14],50,61,63,11,60
1,<environment.Job instance at 0x14e3f4f0a500>,36,1,[7 2],51,69,70,18,60
1,<environment.Job instance at 0x14e3e5f6ca00>,37,3,[9 1],52,89,92,37,63
1,<environment.Job instance at 0x14e3e15db3c0>,38,15,[6 1],53,89,104,36,75
1,<environment.Job instance at 0x14e3e15db6e0>,39,1,[2 5],54,75,76,21,75
1,<environment.Job instance at 0x14e3e4ab14b0>,40,2,[1 5],56,75,77,19,75
1,<environment.Job instance at 0x14e3e5f47c80>,41,3,[2 8],57,76,79,19,75
1,<environment.Job instance at 0x14e3e20425f0>,42,17,[10  1],58,104,121,46,92
1,<environment.Job instance at 0x14e3e1580870>,43,26,[5 2],59,92,118,33,92
1,<environment.Job instance at 0x14e3e15de1e0>,44,1,[8 2],60,121,122,61,93
1,<environment.Job instance at 0x14e3e2077190>,45,2,[2 6],61,93,95,32,93
1,<environment.Job instance at 0x14e3e1647be0>,46,3,[1 9],62,95,98,33,93
1,<environment.Job instance at 0x14e3e4ab3320>,47,2,[1 7],64,98,100,34,93
1,<environment.Job instance at 0x14e3e4ab3f50>,48,3,[2 9],65,100,103,35,93
1,<environment.Job instance at 0x14e3f42d4280>,49,2,[6 1],66,121,123,55,96
1,<environment.Job instance at 0x14e3f42d4cd0>,50,1,[5 1],67,118,119,51,96
1,<environment.Job instance at 0x14e3f42d44b0>,51,16,[2 6],68,122,138,54,109
1,<environment.Job instance at 0x14e3f42d42d0>,52,2,[7 1],70,122,124,52,112
1,<environment.Job instance at 0x14e3f42d41e0>,53,14,[5 2],74,123,137,49,112
1,<environment.Job instance at 0x14e3f42d4d20>,54,1,[ 1 10],75,119,120,44,112
1,<environment.Job instance at 0x14e3f42d4050>,55,3,[1 9],76,137,140,61,112
1,<environment.Job instance at 0x14e3e1b92dc0>,56,2,[9 2],78,138,140,60,112
1,<environment.Job instance at 0x14e3e1b92a00>,57,3,[2 7],79,124,127,45,112
1,<environment.Job instance at 0x14e3e1b92690>,58,21,[10  2],82,140,161,58,132
1,<environment.Job instance at 0x14e3e1b92e60>,59,22,[2 9],83,140,162,57,133
1,<environment.Job instance at 0x14e3e4d63410>,60,3,[1 7],85,162,165,77,142
1,<environment.Job instance at 0x14e3e4d63870>,61,14,[2 5],87,161,175,74,146
1,<environment.Job instance at 0x14e3e4d63320>,62,13,[1 5],91,165,178,74,156
1,<environment.Job instance at 0x14e3e16890f0>,63,2,[6 1],93,161,163,68,156
1,<environment.Job instance at 0x14e3f42b0190>,64,1,[ 1 12],94,178,179,84,156
1,<environment.Job instance at 0x14e3f42b0e10>,65,1,[10  2],95,163,164,68,156
1,<environment.Job instance at 0x14e3f42b0e60>,66,3,[2 9],96,175,178,79,156
1,<environment.Job instance at 0x14e3f42b0eb0>,67,13,[2 9],97,179,192,82,164
1,<environment.Job instance at 0x14e3f42b0d20>,68,12,[5 2],99,178,190,79,172
1,<environment.Job instance at 0x14e3f41daaa0>,69,1,[9 1],100,172,173,72,172
1,<environment.Job instance at 0x14e3f41dae10>,70,20,[9 1],101,190,210,89,181
1,<environment.Job instance at 0x14e3f41dab40>,71,3,[5 1],103,185,188,82,185
1,<environment.Job instance at 0x14e3e15a35f0>,72,2,[13  1],104,210,212,106,185
1,<environment.Job instance at 0x14e3e15a3820>,73,1,[12  2],105,212,213,107,185
1,<environment.Job instance at 0x14e3e15a32d0>,74,1,[5 1],106,188,189,82,185
1,<environment.Job instance at 0x14e3e15a3be0>,75,3,[8 1],107,213,216,106,187
1,<environment.Job instance at 0x14e3f42c1a00>,76,2,[6 2],108,192,194,84,187
1,<environment.Job instance at 0x14e3f42c1550>,77,3,[9 2],109,216,219,107,196
1,<environment.Job instance at 0x14e3f42c1af0>,78,2,[1 6],116,198,200,82,198
1,<environment.Job instance at 0x14e3f42c10f0>,79,18,[8 1],118,219,237,101,208
1,<environment.Job instance at 0x14e3f42c1730>,80,2,[2 8],120,208,210,88,208
1,<environment.Job instance at 0x14e3e15d52d0>,81,1,[7 1],123,213,214,90,208
1,<environment.Job instance at 0x14e3e15d5280>,82,2,[2 6],124,208,210,84,208
1,<environment.Job instance at 0x14e3e15d5050>,83,3,[6 2],126,214,217,88,208
1,<environment.Job instance at 0x14e3e15d5c30>,84,12,[2 9],127,217,229,90,208
1,<environment.Job instance at 0x14e3f41e3cd0>,85,2,[5 1],128,219,221,91,209
1,<environment.Job instance at 0x14e3f41e35f0>,86,3,[9 1],129,237,240,108,211
1,<environment.Job instance at 0x14e3f41e3280>,87,1,[7 2],130,229,230,99,211
1,<environment.Job instance at 0x14e3f4247b40>,88,17,[6 2],132,230,247,98,218
1,<environment.Job instance at 0x14e3f4247af0>,89,3,[9 2],134,240,243,106,218
1,<environment.Job instance at 0x14e3f4247140>,90,2,[2 5],135,221,223,86,218
1,<environment.Job instance at 0x14e3f4247190>,91,1,[1 9],136,230,231,94,218
1,<environment.Job instance at 0x14e3f4247500>,92,3,[1 7],137,231,234,94,218
1,<environment.Job instance at 0x14e3f4247f00>,93,1,[1 8],138,234,235,96,218
1,<environment.Job instance at 0x14e3f4247b90>,94,20,[7 2],139,243,263,104,234
1,<environment.Job instance at 0x14e3e4aa9a50>,95,1,[1 9],140,235,236,95,234
1,<environment.Job instance at 0x14e3e4aa9af0>,96,2,[2 6],141,243,245,102,234
1,<environment.Job instance at 0x14e3e4aa9be0>,97,3,[ 2 10],142,245,248,103,234
1,<environment.Job instance at 0x14e3e4aa9cd0>,98,13,[2 8],143,248,261,105,234
1,<environment.Job instance at 0x14e3e4aa98c0>,99,1,[8 1],146,261,262,115,234
1,<environment.Job instance at 0x14e3e4aa9eb0>,100,3,[1 6],147,262,265,115,236
1,<environment.Job instance at 0x14e3e4aa9dc0>,101,2,[1 6],148,262,264,114,236
1,<environment.Job instance at 0x14e3e4aa9d20>,102,1,[2 5],149,248,249,99,236
1,<environment.Job instance at 0x14e3e4aa9c80>,103,14,[ 2 10],150,265,279,115,250
1,<environment.Job instance at 0x14e3e4aa97d0>,104,1,[ 1 13],151,279,280,128,259
1,<environment.Job instance at 0x14e3e15f0cd0>,105,12,[ 1 14],152,280,292,128,272
1,<environment.Job instance at 0x14e3e15f0d20>,106,1,[5 2],153,272,273,119,272
1,<environment.Job instance at 0x14e3e15f0eb0>,107,12,[2 9],154,292,304,138,275
1,<environment.Job instance at 0x14e3e15f00f0>,108,1,[11  1],163,298,299,135,298
1,<environment.Job instance at 0x14e3e15f0dc0>,109,2,[5 1],164,299,301,135,299
1,<environment.Job instance at 0x14e3e15f0140>,110,2,[1 6],165,301,303,136,299
1,<environment.Job instance at 0x14e3e15f09b0>,111,2,[1 8],166,304,306,138,299
1,<environment.Job instance at 0x14e3e15b2640>,112,1,[6 1],167,299,300,132,299
1,<environment.Job instance at 0x14e3e15b2e10>,113,18,[10  2],169,303,321,134,299
1,<environment.Job instance at 0x14e3e15b2910>,114,1,[6 1],170,300,301,130,299
1,<environment.Job instance at 0x14e3e15b25a0>,115,1,[2 9],171,306,307,135,299
1,<environment.Job instance at 0x14e3e15b2be0>,116,1,[1 5],172,304,305,132,299
1,<environment.Job instance at 0x14e3e15b25f0>,117,16,[ 2 10],173,307,323,134,299
1,<environment.Job instance at 0x14e3e15b2780>,118,3,[5 1],174,321,324,147,299
1,<environment.Job instance at 0x14e3e15b27d0>,119,3,[1 7],175,323,326,148,299
1,<environment.Job instance at 0x14e3e15b2af0>,120,3,[10  2],177,324,327,147,299
1,<environment.Job instance at 0x14e3e15b2dc0>,121,17,[9 2],179,327,344,148,315
1,<environment.Job instance at 0x14e3e15b28c0>,122,2,[9 2],181,344,346,163,317
1,<environment.Job instance at 0x14e3e15b2cd0>,123,2,[2 7],185,326,328,141,317
1,<environment.Job instance at 0x14e3e4ac1230>,124,1,[8 1],186,321,322,135,317
1,<environment.Job instance at 0x14e3e4ac1960>,125,15,[7 1],187,346,361,159,332
1,<environment.Job instance at 0x14e3e4ac1cd0>,126,1,[1 8],188,332,333,144,332
1,<environment.Job instance at 0x14e3e4ac1320>,127,12,[7 2],189,346,358,157,332
1,<environment.Job instance at 0x14e3f415e960>,13,2,[1 7],19,37,39,18,37
1,<environment.Job instance at 0x14e3e1fe4a50>,20,2,[8 1],26,37,39,11,37
1,<environment.Job instance at 0x14e3e1fe43c0>,21,15,[8 2],27,39,54,12,37
1,<environment.Job instance at 0x14e3e5e29af0>,22,1,[10  1],28,54,55,26,37
1,<environment.Job instance at 0x14e3e5e29f00>,23,2,[8 2],30,55,57,25,37
1,<environment.Job instance at 0x14e3e5e29370>,24,1,[1 6],31,37,38,6,37
1,<environment.Job instance at 0x14e3e5e29050>,25,3,[6 1],32,38,41,6,37
1,<environment.Job instance at 0x14e3e5e29550>,26,16,[1 5],33,39,55,6,37
1,<environment.Job instance at 0x14e3e5e29b40>,27,3,[2 5],34,41,44,7,37
1,<environment.Job instance at 0x14e3e1ad76e0>,28,3,[2 8],36,44,47,8,37
1,<environment.Job instance at 0x14e3e1ad77d0>,29,17,[12  1],37,57,74,20,45
1,<environment.Job instance at 0x14e3f40dc6e0>,30,3,[1 8],38,47,50,9,45
1,<environment.Job instance at 0x14e3f40dc5a0>,31,2,[2 5],40,50,52,10,45
1,<environment.Job instance at 0x14e3e4df5230>,32,3,[1 9],41,54,57,13,45
1,<environment.Job instance at 0x14e3e4df5190>,33,15,[9 1],42,74,89,32,60
1,<environment.Job instance at 0x14e3e4df5050>,34,12,[6 1],43,74,86,31,60
1,<environment.Job instance at 0x14e3e4df5af0>,35,13,[8 1],44,89,102,45,73
1,<environment.Job instance at 0x14e3e4df5fa0>,36,3,[2 8],45,86,89,41,73
1,<environment.Job instance at 0x14e3e4df5a00>,37,2,[1 7],46,89,91,43,73
1,<environment.Job instance at 0x14e3e20010f0>,38,2,[1 6],47,86,88,39,73
1,<environment.Job instance at 0x14e3f40e5190>,39,14,[ 2 10],48,91,105,43,76
1,<environment.Job instance at 0x14e3f40e5fa0>,40,1,[2 7],50,89,90,39,76
1,<environment.Job instance at 0x14e3f40e5b40>,41,3,[8 2],51,102,105,51,76
1,<environment.Job instance at 0x14e3f40e5820>,42,3,[ 2 10],52,105,108,53,79
1,<environment.Job instance at 0x14e3f4095280>,43,2,[9 1],54,105,107,51,79
1,<environment.Job instance at 0x14e3f414daf0>,44,1,[2 5],55,88,89,33,79
1,<environment.Job instance at 0x14e3f414d140>,45,3,[1 8],57,108,111,51,82
1,<environment.Job instance at 0x14e3f414db90>,46,2,[2 8],60,111,113,51,84
1,<environment.Job instance at 0x14e3e4a8caf0>,47,17,[1 8],62,113,130,51,101
1,<environment.Job instance at 0x14e3e4a8c820>,48,15,[10  1],63,107,122,44,101
1,<environment.Job instance at 0x14e3e4a8ccd0>,49,3,[1 8],65,130,133,65,104
1,<environment.Job instance at 0x14e3e4a8c500>,50,12,[1 7],66,122,134,56,105
1,<environment.Job instance at 0x14e3e4a8ceb0>,51,3,[8 1],67,133,136,66,107
1,<environment.Job instance at 0x14e3e4a8cdc0>,52,3,[10  1],68,136,139,68,110
1,<environment.Job instance at 0x14e3e4a8ca50>,53,3,[1 8],69,134,137,65,110
1,<environment.Job instance at 0x14e3e4a8c640>,54,2,[2 9],70,137,139,67,110
1,<environment.Job instance at 0x14e3f4310a00>,55,2,[8 2],71,139,141,68,112
1,<environment.Job instance at 0x14e3e1c082d0>,56,2,[8 1],72,141,143,69,114
1,<environment.Job instance at 0x14e3f40c2690>,57,16,[7 2],74,139,155,65,126
1,<environment.Job instance at 0x14e3e4adab90>,58,1,[ 2 10],75,143,144,68,126
1,<environment.Job instance at 0x14e3e4ceeaa0>,59,3,[ 2 10],77,144,147,67,126
1,<environment.Job instance at 0x14e3e4ada5f0>,60,12,[ 2 11],78,147,159,69,130
1,<environment.Job instance at 0x14e3e2265640>,61,13,[1 7],80,159,172,79,143
1,<environment.Job instance at 0x14e3e160f7d0>,62,16,[5 1],81,143,159,62,143
1,<environment.Job instance at 0x14e3e1e037d0>,63,3,[2 5],83,159,162,76,143
1,<environment.Job instance at 0x14e3e160faf0>,64,13,[1 5],84,162,175,78,146
1,<environment.Job instance at 0x14e3f75ea8c0>,65,15,[5 1],86,155,170,69,146
1,<environment.Job instance at 0x14e3f75ea1e0>,66,23,[2 5],87,172,195,85,166
1,<environment.Job instance at 0x14e3f75eabe0>,67,1,[6 1],88,166,167,78,166
1,<environment.Job instance at 0x14e3f75eaa00>,68,18,[8 2],89,167,185,78,166
1,<environment.Job instance at 0x14e3f75ea140>,69,16,[2 9],90,185,201,95,172
1,<environment.Job instance at 0x14e3f75ea6e0>,70,3,[2 6],91,175,178,84,172
1,<environment.Job instance at 0x14e3f75ea780>,71,3,[2 6],92,178,181,86,172
1,<environment.Job instance at 0x14e3f75ea960>,72,1,[5 2],93,181,182,88,172
1,<environment.Job instance at 0x14e3f75ea4b0>,73,3,[7 1],94,185,188,91,172
1,<environment.Job instance at 0x14e3f75ea7d0>,74,2,[2 6],95,182,184,87,172
1,<environment.Job instance at 0x14e3f75ea3c0>,75,3,[2 7],97,201,204,104,175
1,<environment.Job instance at 0x14e3e2231640>,76,18,[1 6],98,195,213,97,184
1,<environment.Job instance at 0x14e3e2231730>,77,3,[1 5],100,204,207,104,184
1,<environment.Job instance at 0x14e3e4c5baf0>,78,2,[2 8],101,207,209,106,184
1,<environment.Job instance at 0x14e3e4c5baa0>,79,17,[11  2],102,209,226,107,197
1,<environment.Job instance at 0x14e3e4c5b0f0>,80,15,[1 5],103,209,224,106,197
1,<environment.Job instance at 0x14e3e4cda690>,81,3,[2 5],105,213,216,108,197
1,<environment.Job instance at 0x14e3e4cdaaa0>,82,2,[6 2],106,201,203,95,197
1,<environment.Job instance at 0x14e3e4cdae10>,83,16,[2 8],108,216,232,108,203
1,<environment.Job instance at 0x14e3e4cda230>,84,2,[9 1],109,203,205,94,203
1,<environment.Job instance at 0x14e3e4cdab40>,85,18,[2 5],110,224,242,114,213
1,<environment.Job instance at 0x14e3e4cda820>,86,3,[10  2],111,226,229,115,213
1,<environment.Job instance at 0x14e3e4cda5a0>,87,1,[6 1],114,229,230,115,213
1,<environment.Job instance at 0x14e3e4cda3c0>,88,3,[10  1],115,230,233,115,213
1,<environment.Job instance at 0x14e3e4cda640>,89,3,[6 2],116,233,236,117,213
1,<environment.Job instance at 0x14e3e4cdaeb0>,90,18,[ 1 14],117,242,260,125,231
1,<environment.Job instance at 0x14e3e4e3cb90>,91,2,[7 1],118,233,235,115,231
1,<environment.Job instance at 0x14e3e49f4140>,92,3,[10  1],119,236,239,117,231
1,<environment.Job instance at 0x14e3e4e3c2d0>,93,1,[6 1],120,235,236,115,231
1,<environment.Job instance at 0x14e3e4e3c6e0>,94,18,[1 9],121,260,278,139,249
1,<environment.Job instance at 0x14e3e4e3c870>,95,1,[2 7],122,278,279,156,250
1,<environment.Job instance at 0x14e3e4e3c1e0>,96,3,[7 1],123,250,253,127,250
1,<environment.Job instance at 0x14e3e4a1a5f0>,97,1,[8 2],124,260,261,136,250
1,<environment.Job instance at 0x14e3e2a50aa0>,98,28,[ 2 10],126,279,307,153,278
1,<environment.Job instance at 0x14e3e5f118c0>,102,3,[10  1],131,278,281,147,278
1,<environment.Job instance at 0x14e3e5f11d20>,103,14,[6 1],133,281,295,148,278
1,<environment.Job instance at 0x14e3e5f8d140>,104,2,[10  1],134,295,297,161,278
1,<environment.Job instance at 0x14e3e5f11a50>,105,1,[ 1 10],137,307,308,170,279
1,<environment.Job instance at 0x14e3e5f8ddc0>,106,1,[5 2],138,281,282,143,279
1,<environment.Job instance at 0x14e3e5f8dc80>,107,1,[8 1],139,297,298,158,279
1,<environment.Job instance at 0x14e3e5f8d5a0>,108,14,[1 6],141,308,322,167,293
1,<environment.Job instance at 0x14e3e5f8d410>,109,12,[1 7],144,308,320,164,293
1,<environment.Job instance at 0x14e3e5f8d0f0>,110,3,[2 7],145,320,323,175,294
1,<environment.Job instance at 0x14e3e5f8d0a0>,111,3,[10  2],148,298,301,150,294
1,<environment.Job instance at 0x14e3e5f8d7d0>,112,17,[5 2],150,301,318,151,294
1,<environment.Job instance at 0x14e3e5f8da50>,113,3,[8 2],151,301,304,150,294
1,<environment.Job instance at 0x14e3e5f8d4b0>,114,2,[2 5],154,322,324,168,295
1,<environment.Job instance at 0x14e3e5f8dcd0>,115,19,[ 2 14],155,324,343,169,314
1,<environment.Job instance at 0x14e3e5f8dd70>,116,1,[8 1],156,318,319,162,314
1,<environment.Job instance at 0x14e3e5f8da00>,117,3,[9 1],157,319,322,162,314
1,<environment.Job instance at 0x14e3e5f8d9b0>,118,2,[9 1],159,322,324,163,314
1,<environment.Job instance at 0x14e3e5f8d320>,119,17,[2 6],160,343,360,183,331
1,<environment.Job instance at 0x14e3e5f8d3c0>,120,3,[1 7],163,343,346,180,331
1,<environment.Job instance at 0x14e3e5f8d1e0>,121,1,[8 2],164,343,344,179,331
1,<environment.Job instance at 0x14e3e5f8d6e0>,122,2,[10  1],165,331,333,166,331
1,<environment.Job instance at 0x14e3f4336a50>,123,2,[10  1],166,333,335,167,331
1,<environment.Job instance at 0x14e3f4336e60>,124,16,[10  2],167,344,360,177,331
1,<environment.Job instance at 0x14e3f43368c0>,125,2,[2 5],168,346,348,178,331
1,<environment.Job instance at 0x14e3f43365a0>,126,1,[1 7],169,348,349,179,331
1,<environment.Job instance at 0x14e3f4336e10>,127,1,[2 9],170,360,361,190,332
1,<environment.Job instance at 0x14e3f4336c30>,128,3,[2 9],172,361,364,189,335
1,<environment.Job instance at 0x14e3e4d4d550>,129,1,[9 2],173,360,361,187,335
1,<environment.Job instance at 0x14e3e4d4d960>,130,1,[7 2],175,361,362,186,335
1,<environment.Job instance at 0x14e3e4d4db40>,131,16,[5 2],176,361,377,185,348
1,<environment.Job instance at 0x14e3e5e9cdc0>,132,3,[10  2],178,364,367,186,348
1,<environment.Job instance at 0x14e3e5e9c910>,133,1,[10  2],179,367,368,188,348
1,<environment.Job instance at 0x14e3e5e9c780>,134,2,[7 1],180,362,364,182,348
1,<environment.Job instance at 0x14e3e5e9ca50>,135,2,[10  1],181,368,370,187,348
1,<environment.Job instance at 0x14e3e5e9c550>,136,1,[1 7],182,349,350,167,348
1,<environment.Job instance at 0x14e3e5e9cc30>,137,1,[9 1],184,370,371,186,348
1,<environment.Job instance at 0x14e3e5e9cf00>,138,13,[ 2 11],185,371,384,186,355
1,<environment.Job instance at 0x14e3e5e9caa0>,139,3,[9 2],186,377,380,191,355
1,<environment.Job instance at 0x14e3e5e9cd20>,140,3,[10  2],188,380,383,192,355
1,<environment.Job instance at 0x14e3e5e9c9b0>,141,3,[ 1 10],189,384,387,195,358
1,<environment.Job instance at 0x14e3f40abd20>,16,16,[ 2 10],25,29,45,4,29
1,<environment.Job instance at 0x14e3e208a960>,17,2,[5 1],27,40,42,13,40
1,<environment.Job instance at 0x14e3e5ddb190>,18,3,[6 1],28,40,43,12,40
1,<environment.Job instance at 0x14e3e208aaa0>,19,1,[10  1],29,43,44,14,40
1,<environment.Job instance at 0x14e3f418ebe0>,20,15,[7 1],30,44,59,14,40
1,<environment.Job instance at 0x14e3f4126910>,21,3,[ 2 10],31,45,48,14,40
1,<environment.Job instance at 0x14e3f418e1e0>,22,17,[2 9],33,48,65,15,40
1,<environment.Job instance at 0x14e3e1a8be10>,23,1,[9 2],34,59,60,25,40
1,<environment.Job instance at 0x14e3e1a8beb0>,24,3,[2 9],35,65,68,30,40
1,<environment.Job instance at 0x14e3f4dfb550>,25,3,[2 5],36,48,51,12,40
1,<environment.Job instance at 0x14e3f4dfbb40>,26,3,[1 7],37,68,71,31,42
1,<environment.Job instance at 0x14e3e1df1780>,27,2,[2 6],38,60,62,22,42
1,<environment.Job instance at 0x14e3e1df1690>,28,2,[5 2],39,44,46,5,42
1,<environment.Job instance at 0x14e3e1df1410>,29,12,[ 1 10],40,71,83,31,55
1,<environment.Job instance at 0x14e3f4bd89b0>,30,2,[1 5],41,78,80,37,78
1,<environment.Job instance at 0x14e3e2abf320>,31,12,[5 1],42,80,92,38,78
1,<environment.Job instance at 0x14e3e2133500>,32,1,[10  1],43,83,84,40,78
1,<environment.Job instance at 0x14e3e21330a0>,33,3,[1 7],45,84,87,39,78
1,<environment.Job instance at 0x14e3e21339b0>,34,1,[10  2],47,87,88,40,78
1,<environment.Job instance at 0x14e3e21334b0>,35,1,[6 1],49,80,81,31,78
1,<environment.Job instance at 0x14e3e21330f0>,36,13,[1 6],50,88,101,38,78
1,<environment.Job instance at 0x14e3e2133af0>,37,2,[1 8],51,88,90,37,81
1,<environment.Job instance at 0x14e3e2133c80>,38,17,[6 1],52,90,107,38,81
1,<environment.Job instance at 0x14e3e2133730>,39,1,[8 1],53,81,82,28,81
1,<environment.Job instance at 0x14e3e2133e10>,40,3,[1 6],54,84,87,30,81
1,<environment.Job instance at 0x14e3f431fa50>,41,2,[1 9],57,101,103,44,81
1,<environment.Job instance at 0x14e3f431fe10>,42,17,[2 7],58,103,120,45,91
1,<environment.Job instance at 0x14e3f431fd70>,43,12,[5 1],59,92,104,33,91
1,<environment.Job instance at 0x14e3f431f9b0>,44,16,[1 7],61,104,120,43,91
1,<environment.Job instance at 0x14e3f431f8c0>,45,3,[2 6],62,91,94,29,91
1,<environment.Job instance at 0x14e3f42531e0>,46,17,[6 1],65,107,124,42,95
1,<environment.Job instance at 0x14e3f431ffa0>,47,3,[2 8],66,120,123,54,95
1,<environment.Job instance at 0x14e3e2a8f910>,48,2,[9 1],68,123,125,55,96
1,<environment.Job instance at 0x14e3e6280b40>,49,12,[5 2],69,124,136,55,107
1,<environment.Job instance at 0x14e3f431f550>,50,1,[1 9],70,124,125,54,107
1,<environment.Job instance at 0x14e3e6280370>,51,1,[1 5],71,120,121,49,107
1,<environment.Job instance at 0x14e3e1da3500>,52,26,[2 7],72,125,151,53,122
1,<environment.Job instance at 0x14e3e6280500>,53,3,[2 8],73,136,139,63,132
1,<environment.Job instance at 0x14e3f42c8fa0>,54,3,[2 9],74,151,154,77,132
1,<environment.Job instance at 0x14e3f42c80a0>,55,15,[8 1],76,139,154,63,134
1,<environment.Job instance at 0x14e3f42c8870>,56,1,[2 7],77,139,140,62,134
1,<environment.Job instance at 0x14e3f42c89b0>,57,1,[7 2],78,134,135,56,134
1,<environment.Job instance at 0x14e3e290df50>,58,25,[1 7],79,154,179,75,150
1,<environment.Job instance at 0x14e3e290d0a0>,59,1,[ 2 10],80,179,180,99,151
1,<environment.Job instance at 0x14e3e5dfda00>,60,2,[2 5],81,162,164,81,162
1,<environment.Job instance at 0x14e3e1c513c0>,61,15,[7 2],82,162,177,80,162
1,<environment.Job instance at 0x14e3e4ed3870>,62,1,[7 2],85,164,165,79,162
1,<environment.Job instance at 0x14e3e4af2050>,63,1,[1 8],86,177,178,91,162
1,<environment.Job instance at 0x14e3e4af2e60>,64,2,[1 7],87,180,182,93,162
1,<environment.Job instance at 0x14e3e4d08a00>,65,22,[ 1 10],88,182,204,94,175
1,<environment.Job instance at 0x14e3e4d085f0>,66,2,[1 6],89,204,206,115,184
1,<environment.Job instance at 0x14e3f4f05af0>,67,1,[14  1],91,186,187,95,186
1,<environment.Job instance at 0x14e3e5fd79b0>,68,3,[10  1],92,187,190,95,186
1,<environment.Job instance at 0x14e3e2993730>,69,3,[10  1],93,190,193,97,186
1,<environment.Job instance at 0x14e3e5d90e10>,70,1,[8 1],94,193,194,99,186
1,<environment.Job instance at 0x14e3e5d905a0>,71,17,[7 2],96,194,211,98,186
1,<environment.Job instance at 0x14e3e5d90d70>,72,13,[2 5],97,204,217,107,188
1,<environment.Job instance at 0x14e3e5d90eb0>,73,2,[6 1],99,193,195,94,188
1,<environment.Job instance at 0x14e3e21fcb40>,74,16,[6 1],100,206,222,106,193
1,<environment.Job instance at 0x14e3e21fcd20>,75,1,[ 1 10],102,217,218,115,193
1,<environment.Job instance at 0x14e3e21fc8c0>,76,3,[9 1],104,218,221,114,193
1,<environment.Job instance at 0x14e3e21fc280>,77,1,[8 2],106,217,218,111,193
1,<environment.Job instance at 0x14e3e21fc230>,78,3,[1 5],107,211,214,104,193
1,<environment.Job instance at 0x14e3e1e026e0>,79,1,[10  1],109,222,223,113,194
1,<environment.Job instance at 0x14e3e1e02410>,80,3,[8 1],110,223,226,113,197
1,<environment.Job instance at 0x14e3e1e02140>,81,2,[8 1],111,226,228,115,199
1,<environment.Job instance at 0x14e3e1e02eb0>,82,1,[5 2],112,199,200,87,199
1,<environment.Job instance at 0x14e3e1e02b90>,83,3,[1 7],113,214,217,101,199
1,<environment.Job instance at 0x14e3e1e02960>,84,2,[5 1],114,200,202,86,199
1,<environment.Job instance at 0x14e3e5fe9550>,85,17,[1 5],116,221,238,105,209
1,<environment.Job instance at 0x14e3e5fe9d20>,86,2,[5 2],117,211,213,94,211
1,<environment.Job instance at 0x14e3e5fe9960>,87,1,[1 5],118,221,222,103,211
1,<environment.Job instance at 0x14e3e5fe9aa0>,88,1,[8 2],119,228,229,109,211
1,<environment.Job instance at 0x14e3f42b0230>,89,2,[7 1],120,229,231,109,211
1,<environment.Job instance at 0x14e3f42b05a0>,90,1,[10  1],121,231,232,110,211
1,<environment.Job instance at 0x14e3f42b0780>,91,2,[ 1 10],122,232,234,110,211
1,<environment.Job instance at 0x14e3f42b0d70>,92,2,[1 8],123,222,224,99,211
1,<environment.Job instance at 0x14e3e21a7eb0>,93,3,[2 5],124,224,227,100,211
1,<environment.Job instance at 0x14e3f403b640>,94,18,[10  1],125,234,252,109,223
1,<environment.Job instance at 0x14e3f403baf0>,95,2,[7 1],126,229,231,103,223
1,<environment.Job instance at 0x14e3f403b050>,96,15,[2 7],127,234,249,107,223
1,<environment.Job instance at 0x14e3f403b5a0>,97,1,[2 5],128,231,232,103,229
1,<environment.Job instance at 0x14e3f403bb40>,98,3,[ 1 11],131,249,252,118,229
1,<environment.Job instance at 0x14e3f403b910>,99,2,[1 9],132,252,254,120,229
1,<environment.Job instance at 0x14e3f7141a50>,100,2,[2 5],133,238,240,105,229
1,<environment.Job instance at 0x14e3f71416e0>,101,3,[1 5],136,240,243,104,229
1,<environment.Job instance at 0x14e3f71418c0>,102,1,[8 1],137,252,253,115,229
1,<environment.Job instance at 0x14e3f7141640>,103,2,[8 2],138,253,255,115,229
1,<environment.Job instance at 0x14e3f7141870>,104,14,[9 2],139,255,269,116,240
1,<environment.Job instance at 0x14e3f7141be0>,105,2,[5 2],140,252,254,112,240
1,<environment.Job instance at 0x14e3f7141c80>,106,3,[1 5],141,243,246,102,240
1,<environment.Job instance at 0x14e3f7141320>,107,1,[1 5],143,246,247,103,240
1,<environment.Job instance at 0x14e3f71411e0>,108,16,[8 1],144,269,285,125,256
1,<environment.Job instance at 0x14e3f7141550>,109,14,[2 8],145,256,270,111,256
1,<environment.Job instance at 0x14e3f7141780>,110,15,[8 2],146,285,300,139,271
1,<environment.Job instance at 0x14e3f7141820>,111,3,[1 7],148,271,274,123,271
1,<environment.Job instance at 0x14e3f7141140>,112,3,[7 1],149,274,277,125,271
1,<environment.Job instance at 0x14e3f7141aa0>,113,2,[2 7],150,271,273,121,271
1,<environment.Job instance at 0x14e3f7141050>,114,14,[ 2 10],151,277,291,126,271
1,<environment.Job instance at 0x14e3e1b32b90>,115,1,[1 9],152,291,292,139,271
1,<environment.Job instance at 0x14e3e1b324b0>,116,18,[5 2],153,277,295,124,271
1,<environment.Job instance at 0x14e3e1b32eb0>,117,2,[1 8],155,292,294,137,271
1,<environment.Job instance at 0x14e3e1b323c0>,118,16,[1 6],156,294,310,138,281
1,<environment.Job instance at 0x14e3e1b325f0>,119,3,[2 6],158,295,298,137,281
1,<environment.Job instance at 0x14e3e1b32460>,120,14,[10  1],159,300,314,141,290
1,<environment.Job instance at 0x14e3e1b32be0>,121,3,[ 1 14],160,310,313,150,290
1,<environment.Job instance at 0x14e3e1b32c30>,122,3,[5 1],161,313,316,152,291
1,<environment.Job instance at 0x14e3e1b32af0>,123,2,[8 1],163,314,316,151,291
1,<environment.Job instance at 0x14e3e1b32cd0>,124,3,[9 1],164,316,319,152,291
1,<environment.Job instance at 0x14e3e1b327d0>,125,3,[8 2],165,319,322,154,293
1,<environment.Job instance at 0x14e3e1b322d0>,126,12,[7 2],167,319,331,152,302
1,<environment.Job instance at 0x14e3e1b325a0>,127,2,[2 7],169,302,304,133,302
1,<environment.Job instance at 0x14e3e1b32140>,128,17,[6 2],171,322,339,151,310
1,<environment.Job instance at 0x14e3e1b32aa0>,129,13,[ 2 10],172,322,335,150,310
1,<environment.Job instance at 0x14e3e1b32410>,130,2,[1 9],173,314,316,141,310
1,<environment.Job instance at 0x14e3e1b32fa0>,131,23,[1 5],174,335,358,161,329
1,<environment.Job instance at 0x14e3f717f3c0>,132,1,[8 1],175,335,336,160,332
1,<environment.Job instance at 0x14e3f717f6e0>,133,18,[10  1],176,339,357,163,332
1,<environment.Job instance at 0x14e3f717f550>,134,1,[8 2],177,336,337,159,332
1,<environment.Job instance at 0x14e3f717fa00>,135,2,[7 1],178,333,335,155,333
1,<environment.Job instance at 0x14e3f717f7d0>,136,1,[5 1],179,337,338,158,333
1,<environment.Job instance at 0x14e3f717f730>,137,2,[2 8],180,338,340,158,333
1,<environment.Job instance at 0x14e3f717f870>,138,3,[7 1],181,357,360,176,333
1,<environment.Job instance at 0x14e3f717f5f0>,139,3,[8 2],182,358,361,176,333
1,<environment.Job instance at 0x14e3f717f2d0>,140,2,[10  1],184,361,363,177,334
1,<environment.Job instance at 0x14e3f717faa0>,141,22,[5 1],186,360,382,174,353
1,<environment.Job instance at 0x14e3f717f1e0>,142,14,[9 2],189,363,377,174,353
1,<environment.Job instance at 0x14e3e204e140>,21,2,[ 1 13],25,25,27,0,25
1,<environment.Job instance at 0x14e3f7181e10>,22,13,[8 1],26,26,39,0,26
1,<environment.Job instance at 0x14e3f4eb9a00>,23,1,[6 1],27,27,28,0,27
1,<environment.Job instance at 0x14e3e15605f0>,24,2,[ 1 10],28,28,30,0,28
1,<environment.Job instance at 0x14e3f4eb97d0>,25,1,[5 1],29,29,30,0,29
1,<environment.Job instance at 0x14e3e4e33c80>,26,3,[5 2],30,30,33,0,30
1,<environment.Job instance at 0x14e3f4e94410>,27,17,[6 2],34,34,51,0,34
1,<environment.Job instance at 0x14e3f4e94b90>,28,3,[5 2],35,39,42,4,35
1,<environment.Job instance at 0x14e3e15dc820>,29,15,[10  2],36,51,66,15,37
1,<environment.Job instance at 0x14e3f4e94b40>,30,2,[8 2],37,42,44,5,37
1,<environment.Job instance at 0x14e3f4e9bdc0>,31,2,[11  1],38,66,68,28,39
1,<environment.Job instance at 0x14e3e1d17280>,32,1,[8 2],39,44,45,5,39
1,<environment.Job instance at 0x14e3e1d03690>,33,12,[1 8],40,40,52,0,40
1,<environment.Job instance at 0x14e3e1996320>,4,13,[ 1 10],7,7,20,0,7
1,<environment.Job instance at 0x14e3e1de8820>,5,2,[ 1 10],10,20,22,10,10
1,<environment.Job instance at 0x14e3e1de8b40>,6,13,[7 2],11,11,24,0,11
1,<environment.Job instance at 0x14e3e1de8280>,7,1,[1 6],12,22,23,10,12
1,<environment.Job instance at 0x14e3e4e89370>,8,1,[1 8],13,23,24,10,13
1,<environment.Job instance at 0x14e3e1de84b0>,9,1,[8 2],15,24,25,9,15
1,<environment.Job instance at 0x14e3e4e89d70>,10,2,[10  2],16,25,27,9,16
1,<environment.Job instance at 0x14e3e4e89af0>,11,2,[14  1],17,27,29,10,17
1,<environment.Job instance at 0x14e3e4ebf3c0>,12,14,[6 2],20,29,43,9,20
1,<environment.Job instance at 0x14e3e49fab90>,13,1,[5 2],21,21,22,0,21
1,<environment.Job instance at 0x14e3e17c52d0>,14,18,[10  2],22,43,61,21,32
1,<environment.Job instance at 0x14e3e4a080a0>,15,3,[1 5],23,32,35,9,32
1,<environment.Job instance at 0x14e3e17c5640>,16,14,[1 7],24,32,46,8,32
1,<environment.Job instance at 0x14e3e49de5f0>,17,2,[1 8],26,46,48,20,32
1,<environment.Job instance at 0x14e3e4e89fa0>,18,12,[5 2],27,48,60,21,32
1,<environment.Job instance at 0x14e3e49fa230>,19,1,[2 9],28,60,61,32,32
1,<environment.Job instance at 0x14e3e5de9820>,20,1,[10  2],29,61,62,32,33
1,<environment.Job instance at 0x14e3e175faa0>,21,2,[5 2],32,35,37,3,33
1,<environment.Job instance at 0x14e3e5fd79b0>,22,2,[10  1],33,62,64,29,35
1,<environment.Job instance at 0x14e3e4eca730>,23,17,[7 1],35,64,81,29,52
1,<environment.Job instance at 0x14e3e49d7190>,24,1,[7 2],36,64,65,28,52
1,<environment.Job instance at 0x14e3e15dc550>,25,15,[7 1],37,65,80,28,52
1,<environment.Job instance at 0x14e3e15dcc80>,26,13,[5 2],43,80,93,37,64
1,<environment.Job instance at 0x14e3e15dcf00>,27,3,[1 9],44,64,67,20,64
1,<environment.Job instance at 0x14e3e15dcaf0>,28,1,[1 7],47,67,68,20,64
1,<environment.Job instance at 0x14e3e294e8c0>,29,14,[7 1],49,81,95,32,66
1,<environment.Job instance at 0x14e3e294ed70>,30,3,[6 2],50,93,96,43,67
1,<environment.Job instance at 0x14e3e222f640>,31,17,[6 2],55,95,112,40,83
1,<environment.Job instance at 0x14e3e222fb90>,32,2,[8 1],56,96,98,40,83
1,<environment.Job instance at 0x14e3e222f870>,33,3,[8 2],58,98,101,40,83
1,<environment.Job instance at 0x14e3e222ffa0>,34,14,[10  2],59,112,126,53,97
1,<environment.Job instance at 0x14e3e222f690>,35,2,[2 6],60,101,103,41,97
1,<environment.Job instance at 0x14e3e222f320>,36,17,[1 9],61,103,120,42,97
1,<environment.Job instance at 0x14e3e222f0f0>,37,3,[1 6],62,97,100,35,97
1,<environment.Job instance at 0x14e3e222fc30>,38,1,[8 1],63,103,104,40,97
1,<environment.Job instance at 0x14e3e5d8b320>,39,1,[6 1],64,101,102,37,97
1,<environment.Job instance at 0x14e3e5d8baa0>,40,1,[1 9],68,100,101,32,97
1,<environment.Job instance at 0x14e3e5d8beb0>,41,3,[10  2],72,126,129,54,100
1,<environment.Job instance at 0x14e3e5d8b370>,42,17,[6 1],73,129,146,56,117
1,<environment.Job instance at 0x14e3e5d8b640>,43,1,[2 8],74,120,121,46,117
1,<environment.Job instance at 0x14e3e5d8ba50>,44,2,[9 1],77,129,131,52,117
1,<environment.Job instance at 0x14e3e1df59b0>,45,18,[2 8],78,131,149,53,120
1,<environment.Job instance at 0x14e3e1df5c30>,46,13,[7 2],81,131,144,50,120
1,<environment.Job instance at 0x14e3e1df5c80>,47,2,[6 2],82,144,146,62,120
1,<environment.Job instance at 0x14e3e1df5910>,48,3,[5 2],87,121,124,34,120
1,<environment.Job instance at 0x14e3e19668c0>,49,3,[ 2 10],88,124,127,36,120
1,<environment.Job instance at 0x14e3e1966e60>,50,3,[1 5],90,146,149,56,120
1,<environment.Job instance at 0x14e3e16d7eb0>,51,1,[9 1],91,146,147,55,120
1,<environment.Job instance at 0x14e3e16d77d0>,52,2,[1 7],93,127,129,34,120
1,<environment.Job instance at 0x14e3e18bb640>,53,2,[2 5],94,127,129,33,120
1,<environment.Job instance at 0x14e3e18bbd20>,54,16,[5 2],95,147,163,52,134
1,<environment.Job instance at 0x14e3e18bbb40>,55,13,[ 1 13],96,149,162,53,134
1,<environment.Job instance at 0x14e3e18bb230>,56,2,[10  1],97,162,164,65,135
1,<environment.Job instance at 0x14e3f717efa0>,57,2,[8 1],98,164,166,66,137
1,<environment.Job instance at 0x14e3e24c7320>,58,3,[2 9],100,163,166,63,137
1,<environment.Job instance at 0x14e3e24c7050>,59,1,[1 9],101,166,167,65,138
1,<environment.Job instance at 0x14e3e24c7370>,60,18,[8 2],102,166,184,64,155
1,<environment.Job instance at 0x14e3e24c7410>,61,2,[5 1],103,164,166,61,155
1,<environment.Job instance at 0x14e3e19c4cd0>,62,3,[2 5],104,167,170,63,155
1,<environment.Job instance at 0x14e3e19c4d20>,63,1,[6 1],105,166,167,61,155
1,<environment.Job instance at 0x14e3f420e230>,64,1,[5 2],107,167,168,60,155
1,<environment.Job instance at 0x14e3f420e550>,65,1,[6 1],108,170,171,62,155
1,<environment.Job instance at 0x14e3f420ea50>,66,3,[2 5],114,171,174,57,155
1,<environment.Job instance at 0x14e3f420e690>,67,2,[2 5],116,168,170,52,155
1,<environment.Job instance at 0x14e3e4ceedc0>,68,1,[2 9],117,174,175,57,155
1,<environment.Job instance at 0x14e3e4ceebe0>,69,18,[7 2],119,175,193,56,164
1,<environment.Job instance at 0x14e3e4cee4b0>,70,15,[1 5],120,184,199,64,170
1,<environment.Job instance at 0x14e3e150a280>,71,2,[2 9],121,193,195,72,170
1,<environment.Job instance at 0x14e3e150a960>,72,2,[6 2],122,184,186,62,170
1,<environment.Job instance at 0x14e3e150a640>,73,3,[2 6],123,171,174,48,170
1,<environment.Job instance at 0x14e3e150aa00>,74,2,[1 6],124,184,186,60,170
1,<environment.Job instance at 0x14e3e150a320>,75,1,[2 5],125,186,187,61,170
1,<environment.Job instance at 0x14e3e150ad70>,76,1,[2 8],126,187,188,61,170
1,<environment.Job instance at 0x14e3e150a0a0>,77,2,[10  1],127,193,195,66,170
1,<environment.Job instance at 0x14e3e150ac80>,78,2,[7 1],128,188,190,60,170
1,<environment.Job instance at 0x14e3e150a0f0>,79,2,[7 2],129,190,192,61,170
1,<environment.Job instance at 0x14e3e1c7e730>,80,1,[9 2],130,195,196,65,170
1,<environment.Job instance at 0x14e3e1c7ec80>,81,2,[9 1],131,196,198,65,170
1,<environment.Job instance at 0x14e3e1c7e6e0>,82,3,[9 1],133,198,201,65,172
1,<environment.Job instance at 0x14e3e18e3aa0>,83,14,[8 2],135,201,215,66,186
1,<environment.Job instance at 0x14e3e18e32d0>,84,3,[2 9],136,196,199,60,186
1,<environment.Job instance at 0x14e3e18e37d0>,85,2,[1 9],138,199,201,61,186
1,<environment.Job instance at 0x14e3e18e3370>,86,3,[ 2 12],140,201,204,61,186
1,<environment.Job instance at 0x14e3e18e3280>,87,3,[9 1],141,215,218,74,189
1,<environment.Job instance at 0x14e3e18e3cd0>,88,3,[1 8],143,204,207,61,189
1,<environment.Job instance at 0x14e3e18e3c80>,89,2,[5 1],147,199,201,52,189
1,<environment.Job instance at 0x14e3e18e3320>,90,1,[2 5],148,192,193,44,189
1,<environment.Job instance at 0x14e3e18e3c30>,91,2,[1 8],149,207,209,58,189
1,<environment.Job instance at 0x14e3e18e3b40>,92,17,[1 6],150,209,226,59,197
1,<environment.Job instance at 0x14e3e18e39b0>,93,17,[10  2],151,218,235,67,206
1,<environment.Job instance at 0x14e3e2228e60>,94,12,[1 7],152,209,221,57,206
1,<environment.Job instance at 0x14e3e22289b0>,95,2,[11  1],154,235,237,81,208
1,<environment.Job instance at 0x14e3e2228230>,96,3,[9 1],157,237,240,80,211
1,<environment.Job instance at 0x14e3e2228be0>,97,27,[9 2],158,240,267,82,238
1,<environment.Job instance at 0x14e3e2228d70>,98,2,[7 1],159,267,269,108,240
1,<environment.Job instance at 0x14e3e1996fa0>,2,3,[1 9],4,240,243,236,240
1,<environment.Job instance at 0x14e3e2228b90>,100,1,[6 1],161,243,244,82,240
1,<environment.Job instance at 0x14e3e2228370>,101,1,[1 5],162,244,245,82,240
1,<environment.Job instance at 0x14e3e2228eb0>,99,3,[1 6],160,244,247,84,240
1,<environment.Job instance at 0x14e3e22287d0>,103,3,[1 7],164,245,248,81,240
1,<environment.Job instance at 0x14e3e2228960>,104,1,[1 8],165,248,249,83,240
1,<environment.Job instance at 0x14e3e22282d0>,105,2,[2 5],166,247,249,81,240
1,<environment.Job instance at 0x14e3e22281e0>,106,3,[1 9],167,249,252,82,240
1,<environment.Job instance at 0x14e3e5f08a00>,107,3,[8 1],168,267,270,99,241
1,<environment.Job instance at 0x14e3e5f08fa0>,108,1,[2 9],169,252,253,83,241
1,<environment.Job instance at 0x14e3e1515500>,109,3,[1 9],172,253,256,81,241
1,<environment.Job instance at 0x14e3e15150f0>,110,1,[9 1],173,270,271,97,242
1,<environment.Job instance at 0x14e3e1515870>,111,3,[1 7],174,256,259,82,242
1,<environment.Job instance at 0x14e3e4efa960>,112,2,[1 8],175,259,261,84,242
1,<environment.Job instance at 0x14e3e4efa0a0>,113,16,[10  1],176,271,287,95,258
1,<environment.Job instance at 0x14e3e4e38460>,114,3,[5 1],178,258,261,80,258
1,<environment.Job instance at 0x14e3e4e38cd0>,115,3,[9 2],179,287,290,108,261
1,<environment.Job instance at 0x14e3e4e38780>,116,14,[ 1 12],180,269,283,89,261
1,<environment.Job instance at 0x14e3e4e38050>,117,2,[ 1 10],181,261,263,80,261
1,<environment.Job instance at 0x14e3e4e38d20>,118,1,[9 1],182,290,291,108,262
1,<environment.Job instance at 0x14e3e4e38550>,119,2,[1 5],183,263,265,80,262
1,<environment.Job instance at 0x14e3e4e38820>,120,1,[6 2],184,265,266,81,262
1,<environment.Job instance at 0x14e3e4e385f0>,121,3,[7 2],186,291,294,105,265
1,<environment.Job instance at 0x14e3e4e38640>,122,13,[1 6],187,283,296,96,267
1,<environment.Job instance at 0x14e3e4e38f50>,123,19,[5 1],188,287,306,99,277
1,<environment.Job instance at 0x14e3e2228cd0>,102,2,[1 7],163,303,305,140,303
1,<environment.Job instance at 0x14e3e24fcb90>,1,1,[ 2 10],2,308,309,306,308
1,<environment.Job instance at 0x14e3e4e0da00>,13,21,[6 2],22,22,43,0,22
1,<environment.Job instance at 0x14e3f4166140>,23,3,[2 9],37,46,49,9,46
1,<environment.Job instance at 0x14e3e1c10780>,28,2,[6 2],43,46,48,3,46
1,<environment.Job instance at 0x14e3e1c10910>,29,16,[6 2],45,46,62,1,46
1,<environment.Job instance at 0x14e3e1c10730>,30,2,[2 6],46,49,51,3,46
1,<environment.Job instance at 0x14e3e1e71230>,31,2,[9 1],48,51,53,3,48
1,<environment.Job instance at 0x14e3e1e713c0>,32,2,[8 1],50,53,55,3,50
1,<environment.Job instance at 0x14e3e1e71690>,33,1,[ 1 10],53,53,54,0,53
1,<environment.Job instance at 0x14e3e1e71fa0>,34,1,[8 1],54,55,56,1,54
1,<environment.Job instance at 0x14e3e1e710f0>,35,1,[8 1],55,56,57,1,55
1,<environment.Job instance at 0x14e3e1f6b0f0>,36,3,[2 7],56,57,60,1,56
1,<environment.Job instance at 0x14e3e1f735a0>,37,14,[1 9],58,60,74,2,58
1,<environment.Job instance at 0x14e3e49c15f0>,38,3,[1 6],62,62,65,0,62
1,<environment.Job instance at 0x14e3e1a2c690>,39,1,[2 7],63,74,75,11,63
1,<environment.Job instance at 0x14e3e62b47d0>,40,12,[5 2],64,65,77,1,64
1,<environment.Job instance at 0x14e3e1afa960>,41,16,[2 6],65,74,90,9,65
1,<environment.Job instance at 0x14e3e4cbb2d0>,42,23,[1 9],66,77,100,11,71
1,<environment.Job instance at 0x14e3e4cc1230>,43,3,[1 8],68,100,103,32,74
1,<environment.Job instance at 0x14e3e4cbb870>,44,3,[2 9],72,103,106,31,77
1,<environment.Job instance at 0x14e3e1d539b0>,45,1,[8 2],74,90,91,16,77
1,<environment.Job instance at 0x14e3e29377d0>,46,3,[7 1],76,91,94,15,85
1,<environment.Job instance at 0x14e3e1ea4820>,52,1,[2 7],88,100,101,12,88
1,<environment.Job instance at 0x14e3e1ea4460>,53,2,[2 5],89,91,93,2,89
1,<environment.Job instance at 0x14e3e1ea45a0>,54,3,[1 8],90,106,109,16,90
1,<environment.Job instance at 0x14e3e49ee870>,55,1,[10  2],91,94,95,3,91
1,<environment.Job instance at 0x14e3f4234aa0>,56,18,[1 8],93,109,127,16,98
1,<environment.Job instance at 0x14e3f4234d70>,57,17,[10  2],95,101,118,6,98
1,<environment.Job instance at 0x14e3f4234f50>,58,3,[9 2],96,118,121,22,98
1,<environment.Job instance at 0x14e3f4234e60>,59,12,[8 1],97,121,133,24,104
1,<environment.Job instance at 0x14e3f42349b0>,61,16,[ 2 10],103,127,143,24,114
1,<environment.Job instance at 0x14e3f423a640>,62,13,[8 1],104,133,146,29,117
1,<environment.Job instance at 0x14e3e192cf00>,63,2,[2 6],105,121,123,16,117
1,<environment.Job instance at 0x14e3e192c960>,64,17,[2 7],108,143,160,35,131
1,<environment.Job instance at 0x14e3e192c7d0>,65,1,[2 9],109,160,161,51,132
1,<environment.Job instance at 0x14e3e192caf0>,66,1,[2 6],110,143,144,33,132
1,<environment.Job instance at 0x14e3e192c8c0>,67,2,[1 8],111,146,148,35,132
1,<environment.Job instance at 0x14e3f425e1e0>,68,1,[8 2],113,148,149,35,132
1,<environment.Job instance at 0x14e3f425e140>,69,13,[1 9],114,161,174,47,145
1,<environment.Job instance at 0x14e3f425ecd0>,70,2,[2 8],116,149,151,33,145
1,<environment.Job instance at 0x14e3f425e320>,71,2,[7 2],117,151,153,34,145
1,<environment.Job instance at 0x14e3f425e370>,72,2,[13  1],118,153,155,35,145
1,<environment.Job instance at 0x14e3f425eeb0>,73,2,[1 7],119,155,157,36,145
1,<environment.Job instance at 0x14e3f425e460>,74,3,[6 2],120,157,160,37,145
1,<environment.Job instance at 0x14e3f425ee60>,75,3,[8 1],122,160,163,38,145
1,<environment.Job instance at 0x14e3f425ea00>,76,1,[7 1],124,155,156,31,145
1,<environment.Job instance at 0x14e3e5e1c730>,77,1,[1 5],125,145,146,20,145
1,<environment.Job instance at 0x14e3f425e500>,78,15,[10  1],126,163,178,37,149
1,<environment.Job instance at 0x14e3e5e1caa0>,79,17,[6 1],128,178,195,50,166
1,<environment.Job instance at 0x14e3e5ec93c0>,80,21,[2 6],129,174,195,45,166
1,<environment.Job instance at 0x14e3e5ec9d70>,81,15,[5 2],130,178,193,48,166
1,<environment.Job instance at 0x14e3e5ec9c30>,82,13,[6 2],131,193,206,62,177
1,<environment.Job instance at 0x14e3e21d89b0>,83,2,[5 2],133,195,197,62,177
1,<environment.Job instance at 0x14e3e21d85f0>,84,2,[6 2],134,197,199,63,177
1,<environment.Job instance at 0x14e3e21d8960>,85,3,[2 5],135,177,180,42,177
1,<environment.Job instance at 0x14e3e21d84b0>,86,12,[5 2],136,199,211,63,182
1,<environment.Job instance at 0x14e3e21d8910>,87,14,[2 8],138,195,209,57,182
1,<environment.Job instance at 0x14e3e21d8c80>,88,1,[6 2],140,206,207,66,182
1,<environment.Job instance at 0x14e3e21d8a50>,89,16,[7 1],141,207,223,66,194
1,<environment.Job instance at 0x14e3e21d8410>,90,1,[1 7],142,209,210,67,194
1,<environment.Job instance at 0x14e3e4d6e820>,91,2,[1 8],143,210,212,67,194
1,<environment.Job instance at 0x14e3e4d6e9b0>,92,2,[ 1 10],146,212,214,66,194
1,<environment.Job instance at 0x14e3e4d6e8c0>,93,15,[2 9],147,214,229,67,200
1,<environment.Job instance at 0x14e3e4d6edc0>,94,15,[7 2],148,223,238,75,209
1,<environment.Job instance at 0x14e3e4d6ef50>,95,13,[9 1],149,238,251,89,222
1,<environment.Job instance at 0x14e3e4d6e410>,96,2,[1 6],150,229,231,79,222
1,<environment.Job instance at 0x14e3e4d6e7d0>,97,24,[9 2],151,251,275,100,246
1,<environment.Job instance at 0x14e3e4d6e280>,98,2,[8 2],153,275,277,122,248
1,<environment.Job instance at 0x14e3e4d6e0f0>,99,14,[2 8],154,248,262,94,248
1,<environment.Job instance at 0x14e3e4d6e5f0>,100,2,[6 2],155,262,264,107,248
1,<environment.Job instance at 0x14e3e4d6e910>,101,16,[5 1],158,264,280,106,251
1,<environment.Job instance at 0x14e3e4d6e640>,102,14,[9 1],159,277,291,118,262
1,<environment.Job instance at 0x14e3e4d6e460>,103,1,[1 9],160,264,265,104,262
1,<environment.Job instance at 0x14e3e4d6ebe0>,104,1,[10  2],161,291,292,130,263
1,<environment.Job instance at 0x14e3e4beaa50>,105,3,[1 7],164,265,268,101,263
1,<environment.Job instance at 0x14e3e4bead20>,106,1,[6 2],165,280,281,115,263
1,<environment.Job instance at 0x14e3e4beaa00>,107,15,[7 2],166,292,307,126,278
1,<environment.Job instance at 0x14e3e4beaeb0>,108,2,[7 2],167,292,294,125,278
1,<environment.Job instance at 0x14e3e4bea5a0>,109,13,[6 1],168,294,307,126,278
1,<environment.Job instance at 0x14e3e4bea730>,110,2,[1 5],169,278,280,109,278
1,<environment.Job instance at 0x14e3e4bea370>,111,2,[6 1],170,281,283,111,278
1,<environment.Job instance at 0x14e3e4bea9b0>,112,15,[2 8],172,294,309,122,280
1,<environment.Job instance at 0x14e3e4cac370>,113,17,[8 1],173,307,324,134,295
1,<environment.Job instance at 0x14e3e4bea050>,114,1,[ 2 10],175,309,310,134,295
1,<environment.Job instance at 0x14e3e4cac0f0>,115,2,[2 8],178,310,312,132,295
1,<environment.Job instance at 0x14e3e4cac3c0>,116,16,[8 1],180,324,340,144,311
1,<environment.Job instance at 0x14e3e4cacc80>,117,2,[6 2],181,312,314,131,311
1,<environment.Job instance at 0x14e3e4cac320>,118,1,[2 5],182,311,312,129,311
1,<environment.Job instance at 0x14e3e1f629b0>,119,3,[2 8],186,314,317,128,311
1,<environment.Job instance at 0x14e3e1f628c0>,120,2,[1 9],187,312,314,125,311
1,<environment.Job instance at 0x14e3e1f62500>,121,3,[2 6],188,314,317,126,311
1,<environment.Job instance at 0x14e3e1f62a50>,122,2,[5 2],189,317,319,128,311
1,<environment.Job instance at 0x14e3e4ed55a0>,9,23,[2 9],12,13,36,1,13
1,<environment.Job instance at 0x14e3e2205be0>,21,1,[1 6],32,34,35,2,34
1,<environment.Job instance at 0x14e3e1ba7c80>,36,1,[10  1],55,85,86,30,85
1,<environment.Job instance at 0x14e3e1ba73c0>,37,1,[7 2],56,88,89,32,88
1,<environment.Job instance at 0x14e3e14ff1e0>,38,3,[1 7],57,88,91,31,88
1,<environment.Job instance at 0x14e3e14ff7d0>,39,1,[2 9],58,91,92,33,88
1,<environment.Job instance at 0x14e3e14ffd70>,40,3,[1 8],60,92,95,32,88
1,<environment.Job instance at 0x14e3e14ff640>,41,14,[ 1 10],63,95,109,32,88
1,<environment.Job instance at 0x14e3e14ff320>,42,1,[1 6],66,88,89,22,88
1,<environment.Job instance at 0x14e3e14ff230>,43,14,[2 9],68,109,123,41,94
1,<environment.Job instance at 0x14e3f4fc7a00>,44,2,[6 2],69,118,120,49,118
1,<environment.Job instance at 0x14e3e4aa3f50>,45,3,[1 6],70,120,123,50,118
1,<environment.Job instance at 0x14e3e18c2730>,46,26,[ 2 10],71,123,149,52,120
1,<environment.Job instance at 0x14e3e1724b40>,47,3,[ 2 10],72,149,152,77,129
1,<environment.Job instance at 0x14e3e18fce60>,48,3,[6 2],73,133,136,60,133
1,<environment.Job instance at 0x14e3f41c6320>,49,1,[9 2],77,136,137,59,133
1,<environment.Job instance at 0x14e3f41c6910>,50,1,[2 9],78,152,153,74,133
1,<environment.Job instance at 0x14e3f41c61e0>,51,18,[2 7],79,153,171,74,142
1,<environment.Job instance at 0x14e3e5e5e730>,52,14,[13  1],83,151,165,68,151
1,<environment.Job instance at 0x14e3e18c87d0>,53,3,[6 2],85,165,168,80,151
1,<environment.Job instance at 0x14e3e18c8690>,54,1,[1 8],86,168,169,82,151
1,<environment.Job instance at 0x14e3e18c7230>,55,2,[5 2],87,165,167,78,151
1,<environment.Job instance at 0x14e3e18c7320>,56,19,[8 1],88,169,188,81,159
1,<environment.Job instance at 0x14e3e24f4e10>,57,1,[8 2],89,188,189,99,160
1,<environment.Job instance at 0x14e3e24f4b40>,58,1,[1 6],90,167,168,77,160
1,<environment.Job instance at 0x14e3e24f4410>,59,2,[1 8],91,171,173,80,160
1,<environment.Job instance at 0x14e3e24f4500>,60,16,[9 2],92,189,205,97,176
1,<environment.Job instance at 0x14e3e24f4820>,61,15,[ 1 10],93,176,191,83,176
1,<environment.Job instance at 0x14e3e24f4dc0>,62,1,[5 1],94,176,177,82,176
1,<environment.Job instance at 0x14e3e24f45f0>,63,2,[2 7],95,191,193,96,176
1,<environment.Job instance at 0x14e3e24f47d0>,64,2,[9 1],96,205,207,109,178
1,<environment.Job instance at 0x14e3e24f4230>,65,1,[1 8],97,193,194,96,178
1,<environment.Job instance at 0x14e3e24f4eb0>,66,2,[10  2],98,207,209,109,180
1,<environment.Job instance at 0x14e3e24f4870>,67,1,[9 2],99,209,210,110,181
1,<environment.Job instance at 0x14e3e24f4140>,68,14,[2 7],100,194,208,94,181
1,<environment.Job instance at 0x14e3e2077e60>,69,1,[10  1],102,210,211,108,182
1,<environment.Job instance at 0x14e3e2077690>,70,23,[5 2],104,208,231,104,202
1,<environment.Job instance at 0x14e3e2077550>,71,2,[2 9],106,211,213,105,202
1,<environment.Job instance at 0x14e3e2077b90>,72,3,[9 1],107,213,216,106,202
1,<environment.Job instance at 0x14e3e2077140>,73,17,[2 6],108,216,233,108,204
1,<environment.Job instance at 0x14e3e2077730>,74,1,[1 6],109,204,205,95,204
1,<environment.Job instance at 0x14e3e2077190>,75,17,[1 9],111,231,248,120,219
1,<environment.Job instance at 0x14e3e20779b0>,76,3,[ 2 12],112,248,251,136,228
1,<environment.Job instance at 0x14e3e2077eb0>,77,12,[11  1],113,233,245,120,231
1,<environment.Job instance at 0x14e3e20770f0>,78,18,[2 9],114,251,269,137,240
1,<environment.Job instance at 0x14e3e2077280>,79,2,[2 8],115,269,271,154,244
1,<environment.Job instance at 0x14e3e5fc6140>,80,14,[9 1],116,245,259,129,244
1,<environment.Job instance at 0x14e3e2077fa0>,81,16,[5 1],118,259,275,141,246
1,<environment.Job instance at 0x14e3f40981e0>,82,28,[5 2],119,259,287,140,258
1,<environment.Job instance at 0x14e3f4098910>,83,3,[7 2],121,275,278,154,258
1,<environment.Job instance at 0x14e3f40980a0>,84,2,[2 7],122,271,273,149,258
1,<environment.Job instance at 0x14e3f4098370>,85,3,[2 9],124,273,276,149,258
1,<environment.Job instance at 0x14e3f4098d70>,86,1,[10  2],125,278,279,153,258
1,<environment.Job instance at 0x14e3f4098eb0>,87,2,[ 1 10],128,276,278,148,258
1,<environment.Job instance at 0x14e3f4098b90>,88,1,[9 2],129,279,280,150,258
1,<environment.Job instance at 0x14e3f406faf0>,89,17,[2 5],133,280,297,147,268
1,<environment.Job instance at 0x14e3e16eae60>,90,18,[ 2 10],134,287,305,153,276
1,<environment.Job instance at 0x14e3e16eaaf0>,91,1,[ 1 10],136,279,280,143,276
1,<environment.Job instance at 0x14e3e16ea550>,92,1,[2 6],137,285,286,148,285
1,<environment.Job instance at 0x14e3e16ea0a0>,93,1,[2 6],138,286,287,148,285
1,<environment.Job instance at 0x14e3e16ea500>,94,16,[10  2],140,297,313,157,285
1,<environment.Job instance at 0x14e3e16ea5f0>,95,12,[1 9],141,305,317,164,288
1,<environment.Job instance at 0x14e3e16eaeb0>,96,1,[7 2],142,313,314,171,297
1,<environment.Job instance at 0x14e3e1ab3190>,97,12,[1 5],143,314,326,171,297
1,<environment.Job instance at 0x14e3e1ab35f0>,98,2,[1 9],144,317,319,173,297
1,<environment.Job instance at 0x14e3e1ab3050>,99,1,[5 1],145,313,314,168,298
1,<environment.Job instance at 0x14e3e1583cd0>,100,3,[6 2],147,319,322,172,298
1,<environment.Job instance at 0x14e3e1583460>,101,2,[2 7],148,319,321,171,298
1,<environment.Job instance at 0x14e3e1583b40>,102,16,[10  1],150,322,338,172,309
1,<environment.Job instance at 0x14e3e1583140>,103,3,[2 8],151,321,324,170,309
1,<environment.Job instance at 0x14e3e2a689b0>,104,26,[2 6],152,324,350,172,321
1,<environment.Job instance at 0x14e3e2a688c0>,105,1,[2 6],153,331,332,178,331
1,<environment.Job instance at 0x14e3e2a680f0>,106,15,[8 2],154,338,353,184,331
1,<environment.Job instance at 0x14e3e2a68d20>,107,3,[ 2 10],155,350,353,195,332
1,<environment.Job instance at 0x14e3e2a68fa0>,108,14,[1 5],156,333,347,177,333
1,<environment.Job instance at 0x14e3e2a68b40>,109,1,[ 2 10],157,353,354,196,333
1,<environment.Job instance at 0x14e3e2a681e0>,110,3,[ 2 10],158,354,357,196,333
1,<environment.Job instance at 0x14e3e2a68050>,111,2,[5 1],159,347,349,188,338
1,<environment.Job instance at 0x14e3e2a68820>,112,12,[1 9],162,357,369,195,340
1,<environment.Job instance at 0x14e3e2a68230>,113,1,[1 9],163,369,370,206,363
1,<environment.Job instance at 0x14e3e2a68cd0>,114,21,[2 7],164,370,391,206,363
1,<environment.Job instance at 0x14e3e2a686e0>,115,3,[8 2],165,374,377,209,374
1,<environment.Job instance at 0x14e3e2a68af0>,116,3,[1 7],166,377,380,211,374
1,<environment.Job instance at 0x14e3f40b56e0>,117,2,[9 2],167,380,382,213,374
1,<environment.Job instance at 0x14e3f40b5aa0>,118,2,[7 1],168,377,379,209,374
1,<environment.Job instance at 0x14e3f40b5af0>,119,1,[1 6],169,374,375,205,374
1,<environment.Job instance at 0x14e3f40b5eb0>,120,27,[2 7],170,382,409,212,380
1,<environment.Job instance at 0x14e3f40b5b90>,121,1,[1 9],171,409,410,238,404
1,<environment.Job instance at 0x14e3f40b5a50>,122,13,[1 6],172,404,417,232,404
1,<environment.Job instance at 0x14e3f40b5870>,123,3,[5 1],173,411,414,238,411
1,<environment.Job instance at 0x14e3f40b5140>,124,15,[7 2],174,411,426,237,411
1,<environment.Job instance at 0x14e3f40b59b0>,125,2,[1 6],177,411,413,234,411
1,<environment.Job instance at 0x14e3f40b5dc0>,126,16,[2 7],180,414,430,234,411
1,<environment.Job instance at 0x14e3e49c10f0>,127,3,[ 2 13],184,430,433,246,411
1,<environment.Job instance at 0x14e3e49c11e0>,128,2,[2 8],185,426,428,241,411
1,<environment.Job instance at 0x14e3e49c1b40>,129,3,[10  1],186,428,431,242,411
1,<environment.Job instance at 0x14e3e49c1230>,130,21,[1 5],189,433,454,244,425
1,<environment.Job instance at 0x14e3f402db40>,19,2,[7 1],23,23,25,0,23
1,<environment.Job instance at 0x14e3e220a640>,20,13,[8 2],24,24,37,0,24
1,<environment.Job instance at 0x14e3e220aa50>,21,3,[2 6],25,25,28,0,25
1,<environment.Job instance at 0x14e3e220aa00>,22,3,[6 2],27,28,31,1,27
1,<environment.Job instance at 0x14e3e1f96fa0>,23,3,[1 9],28,28,31,0,28
1,<environment.Job instance at 0x14e3e5d823c0>,24,3,[1 7],30,31,34,1,30
1,<environment.Job instance at 0x14e3e5d82320>,25,2,[2 7],32,34,36,2,32
1,<environment.Job instance at 0x14e3e5d82aa0>,26,1,[2 7],33,36,37,3,33
1,<environment.Job instance at 0x14e3e5d82af0>,27,2,[5 1],34,34,36,0,34
1,<environment.Job instance at 0x14e3e5d82230>,28,1,[2 9],36,37,38,1,36
1,<environment.Job instance at 0x14e3e1d10640>,29,1,[ 1 10],38,38,39,0,38
1,<environment.Job instance at 0x14e3e5d82f00>,30,3,[10  2],39,39,42,0,39
1,<environment.Job instance at 0x14e3e4aaba50>,31,1,[1 7],40,40,41,0,40
1,<environment.Job instance at 0x14e3e1faee10>,32,13,[ 1 10],41,41,54,0,41
1,<environment.Job instance at 0x14e3e4ced730>,33,2,[9 2],42,42,44,0,42
1,<environment.Job instance at 0x14e3e1faedc0>,34,22,[2 8],44,54,76,10,47
1,<environment.Job instance at 0x14e3e4ced640>,35,13,[1 5],45,47,60,2,47
1,<environment.Job instance at 0x14e3e175f370>,36,3,[ 1 10],46,76,79,30,50
1,<environment.Job instance at 0x14e3e175fc30>,37,2,[ 1 12],47,79,81,32,52
1,<environment.Job instance at 0x14e3e21e9be0>,38,2,[7 1],48,54,56,6,52
1,<environment.Job instance at 0x14e3e197e8c0>,39,1,[10  2],49,56,57,7,52
1,<environment.Job instance at 0x14e3e197e0a0>,40,18,[1 6],54,81,99,27,70
1,<environment.Job instance at 0x14e3e5e68960>,46,3,[6 1],60,70,73,10,70
1,<environment.Job instance at 0x14e3e1614230>,47,13,[2 5],62,81,94,19,70
1,<environment.Job instance at 0x14e3f4265dc0>,48,2,[2 8],63,94,96,31,70
1,<environment.Job instance at 0x14e3f4265fa0>,49,3,[1 7],65,73,76,8,70
1,<environment.Job instance at 0x14e3f4265e10>,50,2,[8 1],67,76,78,9,70
1,<environment.Job instance at 0x14e3f4fc0910>,51,3,[9 2],68,78,81,10,70
1,<environment.Job instance at 0x14e3f426a500>,52,13,[2 5],72,96,109,24,80
1,<environment.Job instance at 0x14e3e18c3550>,53,12,[2 7],73,99,111,26,82
1,<environment.Job instance at 0x14e3f4052730>,54,13,[7 2],74,96,109,22,82
1,<environment.Job instance at 0x14e3e2041050>,55,14,[7 1],75,82,96,7,82
1,<environment.Job instance at 0x14e3e2041500>,56,3,[2 6],76,109,112,33,83
1,<environment.Job instance at 0x14e3e1b80fa0>,57,3,[8 1],77,109,112,32,83
1,<environment.Job instance at 0x14e3e1b80280>,58,1,[6 1],78,112,113,34,84
1,<environment.Job instance at 0x14e3e2924640>,59,3,[6 1],79,112,115,33,86
1,<environment.Job instance at 0x14e3e1b80820>,60,3,[9 1],80,113,116,33,87
1,<environment.Job instance at 0x14e3e1b80a00>,61,3,[2 9],81,115,118,34,89
1,<environment.Job instance at 0x14e3e1b80410>,62,14,[2 5],82,115,129,33,100
1,<environment.Job instance at 0x14e3e229d730>,63,1,[10  2],85,118,119,33,100
1,<environment.Job instance at 0x14e3e229d0a0>,64,1,[5 1],86,111,112,25,100
1,<environment.Job instance at 0x14e3e229daf0>,65,3,[1 8],87,118,121,31,100
1,<environment.Job instance at 0x14e3e229d0f0>,66,2,[5 1],88,116,118,28,100
1,<environment.Job instance at 0x14e3e229d5f0>,67,15,[9 2],90,119,134,29,105
1,<environment.Job instance at 0x14e3e229d8c0>,68,2,[2 8],92,121,123,29,105
1,<environment.Job instance at 0x14e3e229de60>,69,1,[ 1 10],93,112,113,19,105
1,<environment.Job instance at 0x14e3e229dcd0>,70,16,[8 1],95,134,150,39,121
1,<environment.Job instance at 0x14e3e4e84050>,71,3,[8 2],96,150,153,54,124
1,<environment.Job instance at 0x14e3e4e84d70>,72,1,[2 8],97,124,125,27,124
1,<environment.Job instance at 0x14e3e4e84410>,73,1,[5 1],98,129,130,31,124
1,<environment.Job instance at 0x14e3e4e84eb0>,74,3,[5 1],99,130,133,31,124
1,<environment.Job instance at 0x14e3e4e84730>,75,18,[5 2],100,133,151,33,124
1,<environment.Job instance at 0x14e3e1b03780>,76,2,[6 2],105,151,153,46,124
1,<environment.Job instance at 0x14e3f4100d20>,77,12,[2 8],106,134,146,28,124
1,<environment.Job instance at 0x14e3f4100050>,78,13,[9 2],108,153,166,45,137
1,<environment.Job instance at 0x14e3e1c7d2d0>,79,18,[ 1 10],110,146,164,36,137
1,<environment.Job instance at 0x14e3e1c7da50>,80,18,[2 6],111,164,182,53,153
1,<environment.Job instance at 0x14e3e1c7d1e0>,81,15,[5 2],112,166,181,54,153
1,<environment.Job instance at 0x14e3e1c7d960>,82,13,[1 6],113,164,177,51,153
1,<environment.Job instance at 0x14e3e1c7dc30>,83,2,[8 1],114,177,179,63,153
1,<environment.Job instance at 0x14e3e1c7d5f0>,84,1,[10  1],115,181,182,66,153
1,<environment.Job instance at 0x14e3e1c7d460>,85,2,[5 1],116,153,155,37,153
1,<environment.Job instance at 0x14e3f4ef8870>,86,1,[1 6],117,179,180,62,153
1,<environment.Job instance at 0x14e3f4ef85f0>,87,12,[5 2],118,182,194,64,165
1,<environment.Job instance at 0x14e3f4ef80f0>,88,3,[9 2],120,182,185,62,165
1,<environment.Job instance at 0x14e3f4ef84b0>,89,13,[ 1 14],122,194,207,72,178
1,<environment.Job instance at 0x14e3f4ef8a50>,90,1,[10  1],125,185,186,60,178
1,<environment.Job instance at 0x14e3f4ef8c80>,91,14,[6 1],126,186,200,60,178
1,<environment.Job instance at 0x14e3f4ef88c0>,92,12,[2 8],127,207,219,80,190
1,<environment.Job instance at 0x14e3f4ef85a0>,93,2,[2 6],129,190,192,61,190
1,<environment.Job instance at 0x14e3f75e8c30>,94,3,[1 6],130,190,193,60,190
1,<environment.Job instance at 0x14e3f75e8fa0>,95,3,[1 9],131,219,222,88,193
1,<environment.Job instance at 0x14e3f75e8f50>,96,2,[7 2],132,207,209,75,193
1,<environment.Job instance at 0x14e3f75e84b0>,97,2,[9 1],134,200,202,66,193
1,<environment.Job instance at 0x14e3f75e8190>,98,2,[2 6],138,209,211,71,193
1,<environment.Job instance at 0x14e3f75e82d0>,99,3,[2 7],140,211,214,71,193
1,<environment.Job instance at 0x14e3f75e8aa0>,100,3,[6 2],142,214,217,72,193
1,<environment.Job instance at 0x14e3f75e81e0>,101,3,[2 5],144,214,217,70,193
1,<environment.Job instance at 0x14e3f75e8500>,102,21,[1 9],145,222,243,77,214
1,<environment.Job instance at 0x14e3f75e8050>,103,1,[2 6],147,217,218,70,214
1,<environment.Job instance at 0x14e3e17604b0>,104,2,[9 1],148,217,219,69,214
1,<environment.Job instance at 0x14e3f75e8f00>,105,16,[ 1 10],150,243,259,93,230
1,<environment.Job instance at 0x14e3e1760d20>,106,18,[10  1],151,230,248,79,230
1,<environment.Job instance at 0x14e3e1760a50>,107,2,[7 2],152,248,250,96,230
1,<environment.Job instance at 0x14e3e1760550>,108,2,[13  2],153,250,252,97,230
1,<environment.Job instance at 0x14e3e1760c80>,109,15,[10  2],154,252,267,98,238
1,<environment.Job instance at 0x14e3e1760870>,110,3,[7 2],156,267,270,111,241
1,<environment.Job instance at 0x14e3e1760af0>,111,16,[1 8],157,259,275,102,246
1,<environment.Job instance at 0x14e3e17603c0>,112,3,[5 1],159,267,270,108,246
1,<environment.Job instance at 0x14e3e1760b90>,113,1,[2 9],161,275,276,114,247
1,<environment.Job instance at 0x14e3e17609b0>,114,1,[5 2],162,248,249,86,247
1,<environment.Job instance at 0x14e3e17606e0>,115,3,[6 2],163,270,273,107,247
1,<environment.Job instance at 0x14e3e1760280>,116,18,[1 7],164,276,294,112,265
1,<environment.Job instance at 0x14e3f717d1e0>,117,16,[9 1],166,273,289,107,265
1,<environment.Job instance at 0x14e3f717d730>,118,1,[1 9],167,294,295,127,266
1,<environment.Job instance at 0x14e3f717d9b0>,119,1,[8 1],168,270,271,102,266
1,<environment.Job instance at 0x14e3f717d5a0>,120,2,[9 1],170,289,291,119,266
1,<environment.Job instance at 0x14e3f717dbe0>,121,1,[1 6],171,273,274,102,266
1,<environment.Job instance at 0x14e3f717ddc0>,122,2,[1 5],172,271,273,99,266
1,<environment.Job instance at 0x14e3f717d410>,123,3,[6 1],173,291,294,118,266
1,<environment.Job instance at 0x14e3f717da50>,124,16,[6 2],174,291,307,117,278
1,<environment.Job instance at 0x14e3f717d4b0>,125,2,[1 7],176,278,280,102,278
1,<environment.Job instance at 0x14e3f717d640>,126,3,[1 6],177,280,283,103,278
1,<environment.Job instance at 0x14e3f717d2d0>,127,1,[7 1],178,294,295,116,278
1,<environment.Job instance at 0x14e3f717df50>,128,13,[7 1],179,295,308,116,279
1,<environment.Job instance at 0x14e3f717dd20>,129,1,[ 2 10],181,295,296,114,279
1,<environment.Job instance at 0x14e3f717dcd0>,130,14,[10  2],182,308,322,126,293
1,<environment.Job instance at 0x14e3f717daa0>,131,1,[2 8],183,296,297,113,293
1,<environment.Job instance at 0x14e3f717de10>,132,3,[7 2],184,322,325,138,296
1,<environment.Job instance at 0x14e3f717deb0>,133,1,[2 8],185,297,298,112,296
1,<environment.Job instance at 0x14e3f717d370>,134,3,[2 7],186,298,301,112,296
1,<environment.Job instance at 0x14e3f732e780>,135,1,[10  2],187,325,326,138,297
1,<environment.Job instance at 0x14e3f732eeb0>,136,13,[2 7],188,301,314,113,297
1,<environment.Job instance at 0x14e3f732e640>,137,2,[8 1],189,322,324,133,297
1,<environment.Job instance at 0x14e3f402d280>,17,2,[2 9],21,376,378,355,376
1,<environment.Job instance at 0x14e3f4346fa0>,5,18,[1 6],7,7,25,0,7
1,<environment.Job instance at 0x14e3f43465a0>,6,3,[9 1],8,8,11,0,8
1,<environment.Job instance at 0x14e3f4146370>,7,3,[9 1],9,11,14,2,9
1,<environment.Job instance at 0x14e3f4346b40>,8,15,[14  1],10,14,29,4,10
1,<environment.Job instance at 0x14e3f41464b0>,9,1,[7 1],11,29,30,18,11
1,<environment.Job instance at 0x14e3f4146190>,10,14,[1 8],13,25,39,12,13
1,<environment.Job instance at 0x14e3e6205050>,11,3,[10  1],15,30,33,15,15
1,<environment.Job instance at 0x14e3e62058c0>,12,3,[ 1 10],17,39,42,22,17
1,<environment.Job instance at 0x14e3e62052d0>,13,1,[7 1],18,29,30,11,18
1,<environment.Job instance at 0x14e3f4f79a00>,14,18,[ 2 10],21,42,60,21,31
1,<environment.Job instance at 0x14e3e6205190>,15,12,[5 1],23,33,45,10,31
1,<environment.Job instance at 0x14e3f4f790f0>,16,3,[9 2],24,33,36,9,31
1,<environment.Job instance at 0x14e3e3f73320>,17,3,[8 1],26,36,39,10,31
1,<environment.Job instance at 0x14e3e3f6b460>,18,18,[1 9],28,60,78,32,49
1,<environment.Job instance at 0x14e3e3f6b230>,19,2,[5 1],29,49,51,20,49
1,<environment.Job instance at 0x14e3f4fba320>,20,3,[1 9],31,78,81,47,52
1,<environment.Job instance at 0x14e3e5e18d20>,21,22,[1 7],32,81,103,49,74
1,<environment.Job instance at 0x14e3e4db1370>,22,1,[10  2],35,74,75,39,74
1,<environment.Job instance at 0x14e3e3f6bf00>,23,28,[2 9],36,103,131,67,102
1,<environment.Job instance at 0x14e3e5f6cf00>,24,3,[8 1],37,102,105,65,102
1,<environment.Job instance at 0x14e3e1834a00>,25,1,[1 6],38,102,103,64,102
1,<environment.Job instance at 0x14e3e5f6c460>,26,1,[2 7],39,131,132,92,103
1,<environment.Job instance at 0x14e3e209d640>,27,2,[ 1 10],40,132,134,92,105
1,<environment.Job instance at 0x14e3e17e1fa0>,28,1,[7 1],41,105,106,64,105
1,<environment.Job instance at 0x14e3f435b8c0>,29,2,[9 1],42,106,108,64,105
1,<environment.Job instance at 0x14e3e155d1e0>,30,1,[5 1],44,105,106,61,105
1,<environment.Job instance at 0x14e3e2222c30>,31,1,[2 7],45,131,132,86,105
1,<environment.Job instance at 0x14e3f50213c0>,32,15,[5 1],46,108,123,62,105
1,<environment.Job instance at 0x14e3f5021d20>,33,1,[10  1],47,123,124,76,105
1,<environment.Job instance at 0x14e3f50215a0>,34,1,[6 2],48,108,109,60,105
1,<environment.Job instance at 0x14e3e14e30a0>,35,13,[ 2 10],49,134,147,85,118
1,<environment.Job instance at 0x14e3e5fab0f0>,36,3,[ 1 10],50,147,150,97,121
1,<environment.Job instance at 0x14e3e20dd280>,37,17,[1 7],51,150,167,99,138
1,<environment.Job instance at 0x14e3e5fef1e0>,38,2,[1 9],52,167,169,115,140
1,<environment.Job instance at 0x14e3f4e9c280>,39,3,[1 7],56,150,153,94,140
1,<environment.Job instance at 0x14e3f4e9caa0>,40,1,[5 1],58,140,141,82,140
1,<environment.Job instance at 0x14e3e49edcd0>,41,22,[5 2],59,153,175,94,146
1,<environment.Job instance at 0x14e3e49ed370>,42,1,[5 1],60,146,147,86,146
1,<environment.Job instance at 0x14e3e49edb40>,43,2,[1 6],62,153,155,91,146
1,<environment.Job instance at 0x14e3e2038690>,44,12,[ 1 10],64,169,181,105,152
1,<environment.Job instance at 0x14e3e2038d20>,45,1,[ 1 11],66,181,182,115,153
1,<environment.Job instance at 0x14e3e2038c30>,46,13,[6 1],67,155,168,88,153
1,<environment.Job instance at 0x14e3e20381e0>,47,19,[7 2],68,168,187,100,158
1,<environment.Job instance at 0x14e3e2038e60>,48,13,[5 2],69,175,188,106,159
1,<environment.Job instance at 0x14e3e2038dc0>,49,13,[9 2],70,187,200,117,171
1,<environment.Job instance at 0x14e3e2038730>,50,1,[2 6],71,182,183,111,171
1,<environment.Job instance at 0x14e3e2038820>,51,12,[1 8],72,183,195,111,171
1,<environment.Job instance at 0x14e3e2038d70>,52,1,[2 5],73,188,189,115,171
1,<environment.Job instance at 0x14e3f40919b0>,53,17,[1 8],75,195,212,120,183
1,<environment.Job instance at 0x14e3f71f4c80>,54,2,[10  1],76,200,202,124,183
1,<environment.Job instance at 0x14e3f71f4af0>,55,25,[7 2],78,202,227,124,198
1,<environment.Job instance at 0x14e3f71f47d0>,56,1,[ 2 10],79,212,213,133,198
1,<environment.Job instance at 0x14e3f71f4b90>,57,3,[2 9],80,213,216,133,198
1,<environment.Job instance at 0x14e3f71f4320>,58,3,[1 6],81,216,219,135,198
1,<environment.Job instance at 0x14e3f71f42d0>,59,18,[ 1 12],82,219,237,137,208
1,<environment.Job instance at 0x14e3f71f40f0>,60,2,[ 1 10],83,237,239,154,210
1,<environment.Job instance at 0x14e3f71f4690>,61,1,[2 9],84,239,240,155,211
1,<environment.Job instance at 0x14e3e4e1fb40>,62,21,[10  1],85,227,248,142,219
1,<environment.Job instance at 0x14e3e4e1f370>,63,14,[1 8],87,240,254,153,225
1,<environment.Job instance at 0x14e3e4e1fc80>,64,3,[7 2],88,248,251,160,225
1,<environment.Job instance at 0x14e3e4e1f870>,65,2,[7 1],89,225,227,136,225
1,<environment.Job instance at 0x14e3e4e1f550>,66,1,[9 2],90,251,252,161,225
1,<environment.Job instance at 0x14e3e4e1f910>,67,2,[5 1],91,248,250,157,225
1,<environment.Job instance at 0x14e3e4e1f500>,68,14,[2 9],92,254,268,162,239
1,<environment.Job instance at 0x14e3e4e1fd20>,69,3,[1 5],94,239,242,145,239
1,<environment.Job instance at 0x14e3e5fc9050>,70,15,[10  1],95,252,267,157,239
1,<environment.Job instance at 0x14e3e5fc95a0>,71,17,[1 9],98,268,285,170,256
1,<environment.Job instance at 0x14e3e5fc9a50>,72,1,[5 1],99,267,268,168,256
1,<environment.Job instance at 0x14e3e5fc96e0>,73,3,[6 1],100,267,270,167,256
1,<environment.Job instance at 0x14e3e5fc9500>,74,3,[8 2],103,268,271,165,256
1,<environment.Job instance at 0x14e3e5fc9d70>,75,18,[7 1],105,271,289,166,260
1,<environment.Job instance at 0x14e3e5fc9e10>,76,3,[2 5],106,260,263,154,260
1,<environment.Job instance at 0x14e3e5fc91e0>,77,1,[1 6],107,285,286,178,260
1,<environment.Job instance at 0x14e3e5fc9c30>,78,2,[8 1],108,286,288,178,260
1,<environment.Job instance at 0x14e3e1a5f910>,79,2,[1 7],109,288,290,179,261
1,<environment.Job instance at 0x14e3e1a5f4b0>,80,2,[7 2],110,271,273,161,261
1,<environment.Job instance at 0x14e3e1a5fbe0>,81,2,[7 1],111,273,275,162,261
1,<environment.Job instance at 0x14e3e1a5fc30>,82,1,[ 2 12],112,290,291,178,262
1,<environment.Job instance at 0x14e3e1a5feb0>,83,2,[ 1 10],113,291,293,178,264
1,<environment.Job instance at 0x14e3e1a5f410>,84,13,[6 1],114,288,301,174,272
1,<environment.Job instance at 0x14e3e1a5fb90>,85,2,[1 5],115,275,277,160,272
1,<environment.Job instance at 0x14e3e1a5f960>,86,2,[6 1],116,277,279,161,272
1,<environment.Job instance at 0x14e3e1a5f500>,87,3,[2 8],117,293,296,176,272
1,<environment.Job instance at 0x14e3e1a5ff00>,88,3,[1 7],118,296,299,178,272
1,<environment.Job instance at 0x14e3e1a5f690>,89,3,[1 8],120,299,302,179,273
1,<environment.Job instance at 0x14e3e1a5f640>,90,3,[7 1],122,279,282,157,273
1,<environment.Job instance at 0x14e3e1a5fe60>,91,14,[2 7],123,301,315,178,286
1,<environment.Job instance at 0x14e3e1a5f0a0>,92,12,[ 1 10],126,315,327,189,298
1,<environment.Job instance at 0x14e3e1a5f870>,93,1,[ 2 10],127,327,328,200,299
1,<environment.Job instance at 0x14e3e1a5f7d0>,94,2,[1 9],129,328,330,199,301
1,<environment.Job instance at 0x14e3e1a5f8c0>,95,2,[5 2],131,302,304,171,301
1,<environment.Job instance at 0x14e3e5f9b640>,96,2,[1 5],132,302,304,170,301
1,<environment.Job instance at 0x14e3e1a5f730>,97,21,[5 2],134,304,325,170,301
1,<environment.Job instance at 0x14e3e5f9b3c0>,98,2,[ 1 10],135,330,332,195,303
1,<environment.Job instance at 0x14e3e5f9b9b0>,99,14,[2 5],136,325,339,189,310
1,<environment.Job instance at 0x14e3e5f9b870>,100,3,[2 9],137,332,335,195,310
1,<environment.Job instance at 0x14e3e5f9bdc0>,101,1,[10  1],138,328,329,190,310
1,<environment.Job instance at 0x14e3e5f9b280>,102,2,[2 9],139,335,337,196,310
1,<environment.Job instance at 0x14e3e5f9b910>,103,3,[6 1],141,310,313,169,310
1,<environment.Job instance at 0x14e3e5f9b050>,104,2,[8 2],143,313,315,170,310
1,<environment.Job instance at 0x14e3e5f9b140>,105,3,[6 2],145,315,318,170,310
1,<environment.Job instance at 0x14e3e5f9b0f0>,106,2,[7 2],146,318,320,172,310
1,<environment.Job instance at 0x14e3e5f9b460>,107,3,[10  2],147,337,340,190,311
1,<environment.Job instance at 0x14e3e5f9b7d0>,108,2,[6 2],150,320,322,170,311
1,<environment.Job instance at 0x14e3e5f9bf00>,109,3,[10  2],151,340,343,189,314
1,<environment.Job instance at 0x14e3e5f9bf50>,110,2,[8 2],152,322,324,170,314
1,<environment.Job instance at 0x14e3e5f9baa0>,111,3,[7 1],154,332,335,178,314
1,<environment.Job instance at 0x14e3e1a777d0>,112,3,[7 2],155,343,346,188,317
1,<environment.Job instance at 0x14e3e1a77820>,113,2,[6 2],157,343,345,186,317
1,<environment.Job instance at 0x14e3e1a77500>,114,2,[7 1],158,335,337,177,317
1,<environment.Job instance at 0x14e3e1a771e0>,115,1,[1 7],159,337,338,178,317
1,<environment.Job instance at 0x14e3e1a774b0>,116,1,[5 2],161,324,325,163,317
1,<environment.Job instance at 0x14e3e1a778c0>,117,3,[10  1],162,346,349,184,320
1,<environment.Job instance at 0x14e3e1a77fa0>,118,2,[5 1],164,339,341,175,320
1,<environment.Job instance at 0x14e3e1a77d20>,119,16,[1 5],167,341,357,174,328
1,<environment.Job instance at 0x14e3e1a77af0>,120,1,[10  2],168,349,350,181,328
1,<environment.Job instance at 0x14e3e1a77870>,121,27,[6 1],169,350,377,181,348
1,<environment.Job instance at 0x14e3e1a773c0>,122,3,[9 1],170,357,360,187,348
1,<environment.Job instance at 0x14e3e1a77c30>,123,3,[9 2],173,360,363,187,348
1,<environment.Job instance at 0x14e3e1a770f0>,124,3,[5 1],175,350,353,175,348
1,<environment.Job instance at 0x14e3e1a77410>,125,15,[ 2 13],176,363,378,187,349
1,<environment.Job instance at 0x14e3e1a77320>,126,12,[9 1],177,377,389,200,360
1,<environment.Job instance at 0x14e3e1a77f50>,127,1,[2 7],178,378,379,200,360
1,<environment.Job instance at 0x14e3e1a772d0>,128,17,[2 7],180,378,395,198,366
1,<environment.Job instance at 0x14e3f4f01870>,129,15,[ 2 10],181,395,410,214,381
1,<environment.Job instance at 0x14e3f4f017d0>,130,2,[12  2],184,389,391,205,381
1,<environment.Job instance at 0x14e3f4f01730>,131,13,[7 1],185,391,404,206,381
1,<environment.Job instance at 0x14e3f4f015a0>,132,15,[2 6],186,410,425,224,396
1,<environment.Job instance at 0x14e3f4f01fa0>,133,12,[2 6],187,410,422,223,396
1,<environment.Job instance at 0x14e3e5f99690>,9,1,[ 1 11],14,14,15,0,14
1,<environment.Job instance at 0x14e3e20eb820>,10,3,[1 9],16,16,19,0,16
1,<environment.Job instance at 0x14e3e4ceb190>,11,1,[ 2 10],19,19,20,0,19
1,<environment.Job instance at 0x14e3e5f99b40>,12,1,[6 1],20,20,21,0,20
1,<environment.Job instance at 0x14e3e16dc780>,13,1,[1 6],21,21,22,0,21
1,<environment.Job instance at 0x14e3e4cfc0f0>,14,3,[1 6],23,23,26,0,23
1,<environment.Job instance at 0x14e3f42f0f50>,15,13,[2 9],25,25,38,0,25
1,<environment.Job instance at 0x14e3f4208230>,16,12,[10  1],26,26,38,0,26
1,<environment.Job instance at 0x14e3e5f99a50>,17,3,[1 8],27,38,41,11,27
1,<environment.Job instance at 0x14e3f4e095f0>,18,1,[2 8],28,41,42,13,28
1,<environment.Job instance at 0x14e3f42163c0>,19,3,[1 6],29,38,41,9,29
1,<environment.Job instance at 0x14e3e1c8df00>,20,26,[1 7],30,41,67,11,38
1,<environment.Job instance at 0x14e3f42167d0>,21,3,[6 1],31,38,41,7,38
1,<environment.Job instance at 0x14e3e1c8d550>,22,1,[6 2],32,42,43,10,38
1,<environment.Job instance at 0x14e3e1c8d4b0>,23,2,[8 1],33,42,44,9,38
1,<environment.Job instance at 0x14e3f71d9eb0>,24,23,[1 9],34,67,90,33,61
1,<environment.Job instance at 0x14e3e1c8de10>,25,20,[6 1],35,61,81,26,61
1,<environment.Job instance at 0x14e3e1c8d910>,26,3,[2 9],37,90,93,53,64
1,<environment.Job instance at 0x14e3e4b4f5f0>,27,17,[1 9],38,93,110,55,81
1,<environment.Job instance at 0x14e3e1e7b640>,28,3,[2 8],39,110,113,71,84
1,<environment.Job instance at 0x14e3e1e7b780>,29,1,[8 1],40,84,85,44,84
1,<environment.Job instance at 0x14e3e1e7ba50>,30,17,[9 1],41,85,102,44,84
1,<environment.Job instance at 0x14e3e4db17d0>,31,2,[6 1],42,102,104,60,84
1,<environment.Job instance at 0x14e3e4db1aa0>,32,1,[6 1],44,84,85,40,84
1,<environment.Job instance at 0x14e3e4db1550>,33,2,[2 5],46,85,87,39,84
1,<environment.Job instance at 0x14e3e4db1960>,34,3,[2 8],48,113,116,65,87
1,<environment.Job instance at 0x14e3e4db13c0>,35,1,[5 1],49,87,88,38,87
1,<environment.Job instance at 0x14e3e4db1c30>,36,25,[ 1 10],51,116,141,65,112
1,<environment.Job instance at 0x14e3e4db1f50>,37,3,[13  1],52,112,115,60,112
1,<environment.Job instance at 0x14e3e4db1c80>,38,3,[ 2 10],53,141,144,88,115
1,<environment.Job instance at 0x14e3e4db18c0>,39,1,[8 2],55,115,116,60,115
1,<environment.Job instance at 0x14e3e4db1af0>,40,2,[8 1],57,116,118,59,115
1,<environment.Job instance at 0x14e3f42ca780>,41,1,[1 5],58,115,116,57,115
1,<environment.Job instance at 0x14e3e4db1be0>,42,3,[9 1],59,118,121,59,115
1,<environment.Job instance at 0x14e3f42cacd0>,43,2,[5 1],60,116,118,56,115
1,<environment.Job instance at 0x14e3f42ca5f0>,44,3,[1 9],61,144,147,83,118
1,<environment.Job instance at 0x14e3f42ca550>,45,1,[5 1],62,118,119,56,118
1,<environment.Job instance at 0x14e3f42cad70>,46,15,[1 8],64,147,162,83,133
1,<environment.Job instance at 0x14e3e225ca00>,47,2,[8 1],67,133,135,66,133
1,<environment.Job instance at 0x14e3e225cf50>,48,3,[10  1],68,135,138,67,133
1,<environment.Job instance at 0x14e3e225c780>,49,2,[2 7],72,147,149,75,133
1,<environment.Job instance at 0x14e3e225cf00>,50,1,[9 2],74,138,139,64,133
1,<environment.Job instance at 0x14e3e225c9b0>,51,18,[2 7],75,149,167,74,138
1,<environment.Job instance at 0x14e3e225c500>,52,2,[2 6],77,144,146,67,138
1,<environment.Job instance at 0x14e3e4c0b550>,53,3,[6 2],78,139,142,61,138
1,<environment.Job instance at 0x14e3f4ee2fa0>,54,1,[5 2],80,138,139,58,138
1,<environment.Job instance at 0x14e3f41f9690>,55,17,[2 7],83,162,179,79,150
1,<environment.Job instance at 0x14e3f4f3c730>,56,1,[ 1 10],84,179,180,95,151
1,<environment.Job instance at 0x14e3e1985280>,57,13,[9 2],85,167,180,82,151
1,<environment.Job instance at 0x14e3e1985320>,58,3,[8 2],87,180,183,93,154
1,<environment.Job instance at 0x14e3f42060f0>,59,1,[1 9],88,180,181,92,154
1,<environment.Job instance at 0x14e3f4206cd0>,60,3,[7 1],90,162,165,72,154
1,<environment.Job instance at 0x14e3f4206d20>,61,17,[8 1],92,183,200,91,171
1,<environment.Job instance at 0x14e3f41ee780>,62,16,[1 8],93,181,197,88,171
1,<environment.Job instance at 0x14e3f41eed70>,63,18,[2 7],95,197,215,102,186
1,<environment.Job instance at 0x14e3e2080050>,64,16,[1 8],96,200,216,104,187
1,<environment.Job instance at 0x14e3e2080870>,65,3,[13  1],97,215,218,118,189
1,<environment.Job instance at 0x14e3e20805a0>,66,3,[6 1],100,189,192,89,189
1,<environment.Job instance at 0x14e3e2080460>,67,2,[8 2],101,218,220,117,191
1,<environment.Job instance at 0x14e3e2080910>,68,3,[11  1],102,220,223,118,194
1,<environment.Job instance at 0x14e3e2080730>,69,16,[5 2],103,223,239,120,210
1,<environment.Job instance at 0x14e3f4e84f00>,70,12,[7 2],104,223,235,119,210
1,<environment.Job instance at 0x14e3e20806e0>,71,1,[2 6],105,216,217,111,210
1,<environment.Job instance at 0x14e3f4e84dc0>,72,26,[1 6],106,217,243,111,214
1,<environment.Job instance at 0x14e3e1d9a640>,73,2,[8 1],107,235,237,128,214
1,<environment.Job instance at 0x14e3e1d9a280>,74,2,[6 1],108,218,220,110,214
1,<environment.Job instance at 0x14e3e1d9abe0>,75,3,[7 2],110,237,240,127,214
1,<environment.Job instance at 0x14e3e1d9a870>,76,3,[2 6],111,220,223,109,214
1,<environment.Job instance at 0x14e3e1d9a4b0>,77,1,[ 2 10],112,243,244,131,215
1,<environment.Job instance at 0x14e3e1d9a1e0>,78,2,[5 2],114,239,241,125,215
1,<environment.Job instance at 0x14e3f4276500>,79,1,[7 2],115,240,241,125,215
1,<environment.Job instance at 0x14e3f4276aa0>,80,15,[10  2],116,241,256,125,227
1,<environment.Job instance at 0x14e3f4276280>,81,3,[1 6],117,244,247,127,227
1,<environment.Job instance at 0x14e3f42768c0>,82,2,[2 7],118,241,243,123,227
1,<environment.Job instance at 0x14e3e1bb5460>,83,3,[7 1],119,256,259,137,230
1,<environment.Job instance at 0x14e3f4276910>,84,14,[6 1],120,256,270,136,241
1,<environment.Job instance at 0x14e3e1dc2f00>,85,12,[2 9],121,247,259,126,241
1,<environment.Job instance at 0x14e3f4276870>,86,2,[8 1],123,259,261,136,241
1,<environment.Job instance at 0x14e3f4276550>,87,3,[ 2 10],125,261,264,136,241
1,<environment.Job instance at 0x14e3e5fec320>,88,1,[1 6],129,244,245,115,241
1,<environment.Job instance at 0x14e3e5fecd20>,89,3,[1 8],130,264,267,134,241
1,<environment.Job instance at 0x14e3e17a05f0>,90,2,[2 7],132,245,247,113,241
1,<environment.Job instance at 0x14e3e5fec410>,91,14,[10  1],133,270,284,137,255
1,<environment.Job instance at 0x14e3f4fa5370>,92,2,[2 5],135,264,266,129,255
1,<environment.Job instance at 0x14e3e1bb4050>,93,2,[1 6],136,259,261,123,255
1,<environment.Job instance at 0x14e3e1bb4690>,94,12,[ 1 10],138,267,279,129,255
1,<environment.Job instance at 0x14e3e5ebf280>,95,3,[9 1],139,284,287,145,258
1,<environment.Job instance at 0x14e3e5ebf4b0>,96,17,[2 8],140,279,296,139,267
1,<environment.Job instance at 0x14e3e5ebf050>,97,17,[1 8],141,296,313,155,284
1,<environment.Job instance at 0x14e3e5ebfc80>,98,17,[ 2 11],142,313,330,171,301
1,<environment.Job instance at 0x14e3e5ebf640>,99,25,[ 2 14],143,330,355,187,326
1,<environment.Job instance at 0x14e3e5ebfb90>,100,1,[1 8],144,355,356,211,327
1,<environment.Job instance at 0x14e3e5ebf0a0>,101,3,[8 2],147,327,330,180,327
1,<environment.Job instance at 0x14e3e5ebff50>,102,3,[2 5],148,355,358,207,329
1,<environment.Job instance at 0x14e3e5ebfa00>,103,3,[9 1],150,330,333,180,329
1,<environment.Job instance at 0x14e3e5ebfb40>,104,2,[8 2],151,355,357,204,329
1,<environment.Job instance at 0x14e3e5ebf3c0>,105,1,[8 1],152,333,334,181,329
1,<environment.Job instance at 0x14e3e207dbe0>,106,23,[7 1],153,357,380,204,351
1,<environment.Job instance at 0x14e3e207dcd0>,107,22,[5 2],154,356,378,202,351
1,<environment.Job instance at 0x14e3e207d8c0>,108,22,[7 2],156,378,400,222,371
1,<environment.Job instance at 0x14e3e207d5a0>,109,2,[2 9],157,371,373,214,371
1,<environment.Job instance at 0x14e3e207daf0>,110,3,[ 2 10],158,373,376,215,371
1,<environment.Job instance at 0x14e3e207db40>,111,1,[2 7],159,376,377,217,371
1,<environment.Job instance at 0x14e3e207df50>,112,2,[ 2 10],162,380,382,218,371
1,<environment.Job instance at 0x14e3e207db90>,113,2,[8 1],163,382,384,219,371
1,<environment.Job instance at 0x14e3e207d9b0>,114,21,[5 1],164,384,405,220,376
1,<environment.Job instance at 0x14e3e207d460>,115,3,[9 1],165,400,403,235,376
1,<environment.Job instance at 0x14e3e207d4b0>,116,1,[9 2],166,403,404,237,376
1,<environment.Job instance at 0x14e3e207d190>,117,15,[2 6],168,384,399,216,376
1,<environment.Job instance at 0x14e3e207dc30>,118,3,[7 2],170,404,407,234,378
1,<environment.Job instance at 0x14e3e207d820>,119,2,[ 2 10],171,404,406,233,378
1,<environment.Job instance at 0x14e3e4a8b9b0>,120,3,[ 1 12],175,399,402,224,378
1,<environment.Job instance at 0x14e3e4a8bd70>,121,1,[10  1],177,407,408,230,379
1,<environment.Job instance at 0x14e3e4a8bb90>,122,24,[5 2],178,405,429,227,400
1,<environment.Job instance at 0x14e3e4a8bb40>,123,24,[2 7],181,408,432,227,403
1,<environment.Job instance at 0x14e3e4a8b870>,124,3,[1 8],182,429,432,247,403
1,<environment.Job instance at 0x14e3e4a8b500>,125,12,[1 6],184,408,420,224,403
1,<environment.Job instance at 0x14e3e4a8b780>,126,15,[6 2],187,432,447,245,418
1,<environment.Job instance at 0x14e3e4a8bc80>,127,18,[8 1],188,432,450,244,421
1,<environment.Job instance at 0x14e3e5dc64b0>,10,1,[5 1],15,2555,2556,2540,2555
1,<environment.Job instance at 0x14e3f5021370>,16,13,[2 7],24,24,37,0,24
1,<environment.Job instance at 0x14e3f50218c0>,17,17,[9 1],25,25,42,0,25
1,<environment.Job instance at 0x14e3f5021f50>,18,15,[2 9],27,37,52,10,27
1,<environment.Job instance at 0x14e3f5021a00>,19,2,[10  2],28,42,44,14,28
1,<environment.Job instance at 0x14e3e290f500>,27,18,[2 5],39,94,112,55,94
1,<environment.Job instance at 0x14e3e5f0aa00>,36,3,[2 5],56,94,97,38,94
1,<environment.Job instance at 0x14e3e5fd4690>,37,13,[1 8],57,97,110,40,94
1,<environment.Job instance at 0x14e3e5fd43c0>,38,3,[2 5],58,94,97,36,94
1,<environment.Job instance at 0x14e3e5fd4190>,39,3,[ 1 10],60,110,113,50,94
1,<environment.Job instance at 0x14e3e1a70c80>,40,1,[1 7],61,113,114,52,94
1,<environment.Job instance at 0x14e3e1a70550>,41,1,[9 1],65,97,98,32,94
1,<environment.Job instance at 0x14e3e1a70320>,42,1,[5 1],66,98,99,32,94
1,<environment.Job instance at 0x14e3e1a706e0>,43,15,[7 1],67,112,127,45,98
1,<environment.Job instance at 0x14e3e1a70af0>,44,3,[1 5],69,113,116,44,98
1,<environment.Job instance at 0x14e3e186f320>,45,1,[1 5],70,114,115,44,98
1,<environment.Job instance at 0x14e3e1a70eb0>,46,1,[ 1 12],71,116,117,45,98
1,<environment.Job instance at 0x14e3e5ec9230>,47,1,[8 1],74,99,100,25,98
1,<environment.Job instance at 0x14e3e5ec93c0>,48,3,[8 1],76,100,103,24,98
1,<environment.Job instance at 0x14e3e4afd370>,49,3,[7 2],82,103,106,21,98
1,<environment.Job instance at 0x14e3e4e47190>,50,1,[13  1],83,127,128,44,99
1,<environment.Job instance at 0x14e3e4e47640>,51,3,[2 7],84,117,120,33,99
1,<environment.Job instance at 0x14e3e4e47230>,52,2,[10  2],86,106,108,20,99
1,<environment.Job instance at 0x14e3e299bd70>,53,3,[2 9],87,120,123,33,99
1,<environment.Job instance at 0x14e3f4bee460>,54,2,[2 7],88,117,119,29,99
1,<environment.Job instance at 0x14e3e299beb0>,55,2,[9 2],89,108,110,19,99
1,<environment.Job instance at 0x14e3e2222b90>,56,16,[6 2],90,128,144,38,115
1,<environment.Job instance at 0x14e3e299bbe0>,57,2,[6 2],91,115,117,24,115
1,<environment.Job instance at 0x14e3e1a58370>,58,3,[2 9],92,123,126,31,115
1,<environment.Job instance at 0x14e3f4170460>,59,2,[10  2],93,144,146,51,117
1,<environment.Job instance at 0x14e3e29f8e10>,60,1,[10  2],95,146,147,51,118
1,<environment.Job instance at 0x14e3e29f8780>,61,2,[1 9],96,126,128,30,118
1,<environment.Job instance at 0x14e3f41770f0>,62,15,[5 2],98,128,143,30,118
1,<environment.Job instance at 0x14e3f7143f50>,63,17,[ 2 10],99,128,145,29,118
1,<environment.Job instance at 0x14e3e62b0730>,64,3,[10  2],100,147,150,47,121
1,<environment.Job instance at 0x14e3e62b09b0>,65,1,[8 2],101,150,151,49,122
1,<environment.Job instance at 0x14e3e62b02d0>,66,1,[ 1 10],103,145,146,42,122
1,<environment.Job instance at 0x14e3e62b05f0>,67,3,[ 2 10],104,146,149,42,122
1,<environment.Job instance at 0x14e3e62b0be0>,68,2,[8 1],105,151,153,46,124
1,<environment.Job instance at 0x14e3e62b0410>,69,3,[9 2],107,153,156,46,127
1,<environment.Job instance at 0x14e3f4313140>,71,18,[6 1],111,150,168,39,139
1,<environment.Job instance at 0x14e3f4313870>,72,17,[7 1],112,156,173,44,144
1,<environment.Job instance at 0x14e3f4313370>,73,15,[ 1 10],116,156,171,40,144
1,<environment.Job instance at 0x14e3f4313640>,74,14,[2 6],118,171,185,53,156
1,<environment.Job instance at 0x14e3e4dd62d0>,75,3,[6 2],119,168,171,49,156
1,<environment.Job instance at 0x14e3e4dd63c0>,76,1,[2 7],120,171,172,51,156
1,<environment.Job instance at 0x14e3e4dd6460>,77,2,[8 1],122,173,175,51,156
1,<environment.Job instance at 0x14e3e4dd6050>,78,3,[ 1 10],124,185,188,61,159
1,<environment.Job instance at 0x14e3e4dd6910>,79,15,[9 2],126,175,190,49,161
1,<environment.Job instance at 0x14e3e4dd68c0>,80,3,[7 1],127,190,193,63,164
1,<environment.Job instance at 0x14e3e4dd60a0>,81,2,[1 8],128,172,174,44,164
1,<environment.Job instance at 0x14e3f4e9c870>,82,3,[5 1],129,185,188,56,164
1,<environment.Job instance at 0x14e3f4e9c820>,83,1,[1 9],130,188,189,58,164
1,<environment.Job instance at 0x14e3e4a62c80>,84,18,[1 8],132,189,207,57,178
1,<environment.Job instance at 0x14e3f417c370>,85,17,[7 1],133,190,207,57,178
1,<environment.Job instance at 0x14e3e1c5ac30>,86,2,[10  1],136,207,209,71,180
1,<environment.Job instance at 0x14e3e1f5e0f0>,87,2,[ 1 10],137,207,209,70,180
1,<environment.Job instance at 0x14e3e1f5e190>,88,14,[7 1],138,193,207,55,180
1,<environment.Job instance at 0x14e3e1f5e6e0>,89,13,[5 2],139,209,222,70,193
1,<environment.Job instance at 0x14e3e1f5ef00>,90,1,[7 2],140,209,210,69,193
1,<environment.Job instance at 0x14e3e1f5e230>,91,15,[6 2],141,210,225,69,196
1,<environment.Job instance at 0x14e3e1f5edc0>,92,16,[1 5],144,209,225,65,196
1,<environment.Job instance at 0x14e3e1f5ef50>,93,3,[ 2 10],146,225,228,79,199
1,<environment.Job instance at 0x14e3e1f5e730>,94,1,[9 1],147,225,226,78,199
1,<environment.Job instance at 0x14e3e1f5ed70>,95,14,[1 7],148,228,242,80,213
1,<environment.Job instance at 0x14e3f42c94b0>,96,15,[8 2],149,226,241,77,213
1,<environment.Job instance at 0x14e3f42c9370>,97,1,[2 5],151,213,214,62,213
1,<environment.Job instance at 0x14e3f42c9960>,98,15,[7 1],152,241,256,89,227
1,<environment.Job instance at 0x14e3f42c9eb0>,99,3,[1 5],153,228,231,75,227
1,<environment.Job instance at 0x14e3f42c9c30>,100,3,[1 9],154,242,245,88,227
1,<environment.Job instance at 0x14e3f42c92d0>,101,1,[2 9],155,245,246,90,227
1,<environment.Job instance at 0x14e3f42c9690>,102,1,[10  1],156,256,257,100,228
1,<environment.Job instance at 0x14e3f42c9fa0>,103,15,[2 8],157,246,261,89,232
1,<environment.Job instance at 0x14e3f42c9aa0>,104,3,[1 6],158,232,235,74,232
1,<environment.Job instance at 0x14e3f42c9d20>,105,2,[5 1],159,235,237,76,232
1,<environment.Job instance at 0x14e3f42c9280>,106,1,[2 5],163,237,238,74,232
1,<environment.Job instance at 0x14e3f42c9730>,107,19,[1 8],164,261,280,97,251
1,<environment.Job instance at 0x14e3e4bcdf00>,108,2,[9 1],165,257,259,92,251
1,<environment.Job instance at 0x14e3e4bcd730>,109,3,[ 2 12],166,280,283,114,254
1,<environment.Job instance at 0x14e3e4bcdf50>,110,2,[1 7],167,259,261,92,254
1,<environment.Job instance at 0x14e3e4bcda00>,111,2,[10  1],169,261,263,92,254
1,<environment.Job instance at 0x14e3e4bcd550>,112,3,[1 5],171,254,257,83,254
1,<environment.Job instance at 0x14e3e4bcde60>,113,13,[6 1],172,263,276,91,254
1,<environment.Job instance at 0x14e3e4bcda50>,114,3,[7 2],173,263,266,90,254
1,<environment.Job instance at 0x14e3e4bcde10>,115,1,[6 2],174,266,267,92,254
1,<environment.Job instance at 0x14e3e1934280>,116,20,[10  2],177,276,296,99,267
1,<environment.Job instance at 0x14e3e1934640>,117,3,[9 1],178,296,299,118,270
1,<environment.Job instance at 0x14e3e1934410>,118,15,[1 9],179,283,298,104,270
1,<environment.Job instance at 0x14e3e1934780>,119,19,[2 8],180,298,317,118,288
1,<environment.Job instance at 0x14e3e1ee68c0>,120,22,[1 5],181,296,318,115,289
1,<environment.Job instance at 0x14e3e1ee6820>,121,2,[2 6],183,317,319,134,290
1,<environment.Job instance at 0x14e3e1ee6780>,122,18,[8 1],188,299,317,111,290
1,<environment.Job instance at 0x14e3e5f0a730>,30,3,[7 2],46,649,652,603,649
1,<environment.Job instance at 0x14e3e62e2960>,18,3,[2 7],30,31,34,1,31
1,<environment.Job instance at 0x14e3e62e2aa0>,19,2,[1 8],31,31,33,0,31
1,<environment.Job instance at 0x14e3e62e2b40>,20,1,[2 6],32,33,34,1,32
1,<environment.Job instance at 0x14e3f7336050>,21,14,[ 1 10],33,34,48,1,33
1,<environment.Job instance at 0x14e3e20a3d70>,16,2,[7 2],26,104,106,78,104
1,<environment.Job instance at 0x14e3f7336730>,23,1,[7 2],38,726,727,688,726
1,<environment.Job instance at 0x14e3e631c6e0>,24,2,[5 2],39,827,829,788,827
1,<environment.Job instance at 0x14e3e631c870>,26,2,[10  2],41,845,847,804,845
1,<environment.Job instance at 0x14e3e195cd70>,25,2,[1 5],40,845,847,805,845
1,<environment.Job instance at 0x14e3e631c9b0>,28,3,[5 1],43,954,957,911,954
1,<environment.Job instance at 0x14e3e631c780>,29,14,[10  1],45,973,987,928,973
1,<environment.Job instance at 0x14e3e2083a00>,30,1,[1 7],46,973,974,927,973
1,<environment.Job instance at 0x14e3e20830a0>,31,1,[1 8],47,974,975,927,973
1,<environment.Job instance at 0x14e3e20834b0>,32,18,[5 1],48,975,993,927,973
1,<environment.Job instance at 0x14e3e20830f0>,33,14,[5 2],53,987,1001,934,973
1,<environment.Job instance at 0x14e3e20839b0>,34,12,[2 6],54,987,999,933,973
1,<environment.Job instance at 0x14e3e2083140>,35,2,[2 5],55,973,975,918,973
1,<environment.Job instance at 0x14e3e2083410>,36,3,[6 2],56,993,996,937,973
1,<environment.Job instance at 0x14e3e2083820>,37,18,[10  2],57,999,1017,942,988
1,<environment.Job instance at 0x14e3e2083960>,38,3,[9 1],60,1017,1020,957,991
1,<environment.Job instance at 0x14e3e1c8d960>,39,3,[2 6],61,996,999,935,991
1,<environment.Job instance at 0x14e3e1c8dfa0>,40,2,[ 1 10],62,1001,1003,939,991
1,<environment.Job instance at 0x14e3e1c8dc80>,41,2,[2 7],65,1003,1005,938,991
1,<environment.Job instance at 0x14e3e1c8d0a0>,42,13,[10  1],67,1020,1033,953,1004
1,<environment.Job instance at 0x14e3e1c8d690>,43,1,[10  1],70,1033,1034,963,1005
1,<environment.Job instance at 0x14e3e1c8df00>,44,16,[1 8],71,1005,1021,934,1005
1,<environment.Job instance at 0x14e3e1c8d280>,45,16,[10  2],74,1034,1050,960,1021
1,<environment.Job instance at 0x14e3e1c8d870>,46,25,[2 9],75,1021,1046,946,1021
1,<environment.Job instance at 0x14e3f419a410>,47,1,[7 2],77,1050,1051,973,1022
1,<environment.Job instance at 0x14e3f419aaf0>,48,3,[2 9],78,1046,1049,968,1022
1,<environment.Job instance at 0x14e3f419ad20>,49,2,[2 6],81,1049,1051,968,1022
1,<environment.Job instance at 0x14e3f419a730>,50,2,[5 1],82,1050,1052,968,1023
1,<environment.Job instance at 0x14e3f419a780>,51,18,[5 1],83,1051,1069,968,1040
1,<environment.Job instance at 0x14e3f419ae60>,52,3,[9 2],85,1052,1055,967,1040
1,<environment.Job instance at 0x14e3e4c6a9b0>,53,12,[2 7],86,1055,1067,969,1040
1,<environment.Job instance at 0x14e3e16477d0>,54,2,[6 2],87,1055,1057,968,1040
1,<environment.Job instance at 0x14e3e4c39460>,55,3,[10  2],88,1067,1070,979,1041
1,<environment.Job instance at 0x14e3e20998c0>,56,3,[1 9],89,1051,1054,962,1041
1,<environment.Job instance at 0x14e3e2099870>,57,1,[7 1],90,1057,1058,967,1041
1,<environment.Job instance at 0x14e3e2099640>,58,1,[ 2 12],91,1069,1070,978,1041
1,<environment.Job instance at 0x14e3e5f9ce10>,59,3,[6 2],93,1058,1061,965,1041
1,<environment.Job instance at 0x14e3e164edc0>,60,1,[5 2],94,1061,1062,967,1041
1,<environment.Job instance at 0x14e3e164e460>,61,2,[2 5],95,1055,1057,960,1041
1,<environment.Job instance at 0x14e3e164ee60>,62,2,[ 2 10],96,1070,1072,974,1043
1,<environment.Job instance at 0x14e3e164e3c0>,63,1,[8 1],97,1062,1063,965,1043
1,<environment.Job instance at 0x14e3e49dd1e0>,64,1,[5 1],98,1063,1064,965,1043
1,<environment.Job instance at 0x14e3e49ddeb0>,65,1,[5 1],99,1064,1065,965,1043
1,<environment.Job instance at 0x14e3e3f6b550>,66,1,[10  2],100,1070,1071,970,1043
1,<environment.Job instance at 0x14e3e6317320>,67,3,[5 2],105,1071,1074,966,1045
1,<environment.Job instance at 0x14e3e3f6ba50>,68,2,[2 8],106,1072,1074,966,1045
1,<environment.Job instance at 0x14e3e630fbe0>,69,3,[9 2],107,1074,1077,967,1048
1,<environment.Job instance at 0x14e3e630fcd0>,70,1,[9 1],108,1077,1078,969,1049
1,<environment.Job instance at 0x14e3e630fa50>,71,1,[1 9],109,1054,1055,945,1049
1,<environment.Job instance at 0x14e3e1e1c640>,72,12,[8 2],110,1078,1090,968,1061
1,<environment.Job instance at 0x14e3e1e1c5a0>,73,16,[2 5],111,1072,1088,961,1061
1,<environment.Job instance at 0x14e3e4c667d0>,74,3,[1 6],112,1063,1066,951,1061
1,<environment.Job instance at 0x14e3e4c66aa0>,75,3,[2 7],113,1074,1077,961,1061
1,<environment.Job instance at 0x14e4341740f0>,76,14,[2 7],114,1077,1091,963,1062
1,<environment.Job instance at 0x14e434174320>,77,1,[10  2],115,1090,1091,975,1062
1,<environment.Job instance at 0x14e3e14d9e10>,78,17,[2 9],116,1091,1108,975,1079
1,<environment.Job instance at 0x14e3e14d9550>,79,2,[1 7],119,1108,1110,989,1087
1,<environment.Job instance at 0x14e3e14d9aa0>,80,3,[2 6],120,1088,1091,968,1088
1,<environment.Job instance at 0x14e3e14d9e60>,81,1,[8 2],121,1091,1092,970,1088
1,<environment.Job instance at 0x14e3e5e28320>,82,13,[2 5],122,1092,1105,970,1088
1,<environment.Job instance at 0x14e3e5e28c30>,83,2,[9 1],123,1092,1094,969,1088
1,<environment.Job instance at 0x14e3e5e288c0>,84,3,[ 2 13],124,1110,1113,986,1088
1,<environment.Job instance at 0x14e3e175b640>,85,1,[2 7],125,1108,1109,983,1088
1,<environment.Job instance at 0x14e3e175bc80>,86,22,[6 2],126,1109,1131,983,1102
1,<environment.Job instance at 0x14e3e175ba50>,87,14,[ 2 10],128,1113,1127,985,1102
1,<environment.Job instance at 0x14e3e175b820>,88,12,[1 6],129,1127,1139,998,1110
1,<environment.Job instance at 0x14e3e175b6e0>,89,3,[2 7],131,1127,1130,996,1110
1,<environment.Job instance at 0x14e3e175bf50>,90,17,[1 5],132,1130,1147,998,1118
1,<environment.Job instance at 0x14e3e175bf00>,91,2,[2 9],133,1139,1141,1006,1127
1,<environment.Job instance at 0x14e3e175b190>,92,18,[5 1],135,1130,1148,995,1127
1,<environment.Job instance at 0x14e3e175b960>,93,1,[6 2],136,1131,1132,995,1127
1,<environment.Job instance at 0x14e3e175b780>,94,18,[2 8],137,1141,1159,1004,1130
1,<environment.Job instance at 0x14e3e175b9b0>,95,1,[7 1],138,1132,1133,994,1130
1,<environment.Job instance at 0x14e3e175be60>,96,17,[10  1],139,1148,1165,1009,1136
1,<environment.Job instance at 0x14e3e175b1e0>,97,1,[6 2],140,1136,1137,996,1136
1,<environment.Job instance at 0x14e3e175b370>,98,14,[1 8],143,1159,1173,1016,1144
1,<environment.Job instance at 0x14e3e175b870>,99,1,[1 6],144,1147,1148,1003,1144
1,<environment.Job instance at 0x14e3e175bb40>,100,3,[6 1],146,1144,1147,998,1144
1,<environment.Job instance at 0x14e3e175b0f0>,101,1,[9 1],148,1165,1166,1017,1144
1,<environment.Job instance at 0x14e3f42e5550>,102,3,[5 2],149,1165,1168,1016,1144
1,<environment.Job instance at 0x14e3e175b7d0>,103,2,[2 5],150,1148,1150,998,1144
1,<environment.Job instance at 0x14e3f42e5780>,104,12,[2 7],151,1168,1180,1017,1151
1,<environment.Job instance at 0x14e3f42e5b40>,105,2,[1 9],152,1180,1182,1028,1153
1,<environment.Job instance at 0x14e3f42e56e0>,106,1,[2 6],153,1153,1154,1000,1153
1,<environment.Job instance at 0x14e3f42e5a00>,107,17,[1 5],154,1173,1190,1019,1162
1,<environment.Job instance at 0x14e3f42e5dc0>,108,1,[9 1],156,1166,1167,1010,1162
1,<environment.Job instance at 0x14e3f42e5d20>,109,1,[8 1],158,1167,1168,1009,1162
1,<environment.Job instance at 0x14e3f42e5370>,110,14,[8 2],161,1182,1196,1021,1167
1,<environment.Job instance at 0x14e3e2265be0>,111,3,[2 6],162,1182,1185,1020,1167
1,<environment.Job instance at 0x14e3e2265c30>,112,1,[10  1],163,1173,1174,1010,1167
1,<environment.Job instance at 0x14e3e2265a00>,113,2,[1 6],165,1185,1187,1020,1167
1,<environment.Job instance at 0x14e3e2265690>,114,28,[1 5],167,1187,1215,1020,1186
1,<environment.Job instance at 0x14e3e2265820>,115,3,[5 1],168,1196,1199,1028,1196
1,<environment.Job instance at 0x14e3e22658c0>,116,1,[1 6],169,1196,1197,1027,1196
1,<environment.Job instance at 0x14e3e2265f50>,117,16,[1 8],170,1197,1213,1027,1196
1,<environment.Job instance at 0x14e3e2265140>,118,3,[2 5],172,1213,1216,1041,1196
1,<environment.Job instance at 0x14e3e2265870>,119,17,[14  2],174,1216,1233,1042,1204
1,<environment.Job instance at 0x14e3e62f6820>,120,1,[1 6],175,1215,1216,1040,1204
1,<environment.Job instance at 0x14e3e22655a0>,121,16,[ 1 11],176,1216,1232,1040,1204
