iteration,job object,job ID,job Length,job ressource requirement,job enter time,job start time,job finish time,job waiting time,current time
1,<environment.Job instance at 0x145a15d7ce60>,2,1,[2 5],3,5,6,2,3
1,<environment.Job instance at 0x1459bf524c30>,3,1,[6 2],4,5,6,1,4
1,<environment.Job instance at 0x1459bf524eb0>,4,2,[7 2],5,6,8,1,5
1,<environment.Job instance at 0x1459bf524050>,5,3,[9 2],6,8,11,2,6
1,<environment.Job instance at 0x1459bf5244b0>,7,1,[2 6],8,11,12,3,8
1,<environment.Job instance at 0x145a15d7ca50>,9,2,[6 1],11,11,13,0,11
1,<environment.Job instance at 0x1459bfce80f0>,10,13,[2 8],12,12,25,0,12
1,<environment.Job instance at 0x1459bfbd0c30>,11,3,[1 8],13,25,28,12,13
1,<environment.Job instance at 0x1459bf524780>,12,3,[1 8],14,28,31,14,14
1,<environment.Job instance at 0x1459bfce7dc0>,13,2,[8 1],17,17,19,0,17
1,<environment.Job instance at 0x1459bfbf47d0>,14,2,[ 1 10],18,31,33,13,18
1,<environment.Job instance at 0x1459bf524640>,15,1,[ 1 10],20,33,34,13,20
1,<environment.Job instance at 0x1459bfd54460>,16,1,[2 5],21,34,35,13,21
1,<environment.Job instance at 0x1459bfd54280>,18,2,[10  1],25,87,89,62,87
1,<environment.Job instance at 0x1459bf521eb0>,0,1,[8 1],1,1,2,0,1
1,<environment.Job instance at 0x1459c31181e0>,1,2,[6 2],3,3,5,0,3
1,<environment.Job instance at 0x1459c1d1a410>,2,3,[6 2],6,6,9,0,6
1,<environment.Job instance at 0x1459c31b0640>,3,1,[1 6],7,7,8,0,7
1,<environment.Job instance at 0x1459c31b01e0>,4,2,[2 5],8,8,10,0,8
1,<environment.Job instance at 0x1459c31b05f0>,5,2,[ 1 10],9,10,12,1,9
1,<environment.Job instance at 0x1459c31b0370>,6,3,[2 9],10,12,15,2,10
1,<environment.Job instance at 0x1459c1c4d910>,9,3,[ 2 10],14,15,18,1,14
1,<environment.Job instance at 0x1459c31076e0>,11,1,[10  1],17,18,19,1,17
1,<environment.Job instance at 0x1459c31070f0>,12,2,[ 1 10],18,19,21,1,18
1,<environment.Job instance at 0x1459c30e5280>,13,1,[7 2],20,21,22,1,20
1,<environment.Job instance at 0x1459c30e57d0>,14,2,[1 8],21,21,23,0,21
1,<environment.Job instance at 0x1459c30e59b0>,15,2,[2 6],22,23,25,1,22
1,<environment.Job instance at 0x1459c30e5870>,17,2,[1 9],26,26,28,0,26
1,<environment.Job instance at 0x1459c31d4140>,19,1,[2 5],28,28,29,0,28
1,<environment.Job instance at 0x1459c1fdfc30>,2,3,[2 5],3,1876,1879,1873,1876
1,<environment.Job instance at 0x145a04416e60>,1,13,[ 2 10],2,2,15,0,2
1,<environment.Job instance at 0x1459bfc85b90>,5,3,[ 2 10],7,15,18,8,7
1,<environment.Job instance at 0x1459bef9fbe0>,8,2,[8 2],11,18,20,7,11
1,<environment.Job instance at 0x1459bf4fd2d0>,9,3,[8 1],12,20,23,8,12
1,<environment.Job instance at 0x1459bef9feb0>,7,12,[7 1],10,441,453,431,441
1,<environment.Job instance at 0x1459bf2811e0>,2,2,[7 2],7,7,9,0,7
1,<environment.Job instance at 0x1459cd509b90>,3,2,[2 5],8,8,10,0,8
1,<environment.Job instance at 0x1459bfd5e4b0>,4,14,[2 8],9,10,24,1,9
1,<environment.Job instance at 0x1459cd4ba550>,5,3,[8 1],12,12,15,0,12
1,<environment.Job instance at 0x1459bfd5e910>,6,1,[7 2],13,15,16,2,13
1,<environment.Job instance at 0x1459bfd5e140>,7,2,[5 2],14,16,18,2,14
1,<environment.Job instance at 0x1459bfd5ee10>,9,14,[6 1],17,18,32,1,17
1,<environment.Job instance at 0x1459bfd5eaf0>,10,15,[2 8],18,24,39,6,18
1,<environment.Job instance at 0x1459bf3a9870>,16,3,[ 2 10],25,39,42,14,25
1,<environment.Job instance at 0x1459cd4662d0>,1,1,[2 5],4,4,5,0,4
1,<environment.Job instance at 0x1459bef24f00>,2,3,[1 8],5,5,8,0,5
1,<environment.Job instance at 0x1459bef240f0>,4,2,[7 2],9,9,11,0,9
1,<environment.Job instance at 0x1459bef249b0>,5,3,[ 2 10],11,11,14,0,11
1,<environment.Job instance at 0x1459bef24fa0>,7,2,[2 5],14,14,16,0,14
1,<environment.Job instance at 0x1459beeebaa0>,10,2,[ 1 10],17,17,19,0,17
1,<environment.Job instance at 0x1459beeeb410>,11,3,[7 2],18,19,22,1,18
1,<environment.Job instance at 0x1459bef24cd0>,8,1,[ 2 10],15,27,28,12,27
1,<environment.Job instance at 0x1459c1ddd820>,17,3,[1 7],29,29,32,0,29
1,<environment.Job instance at 0x1459beeeb910>,1,3,[5 2],4,4,7,0,4
1,<environment.Job instance at 0x145a04493690>,2,2,[ 2 10],5,7,9,2,5
1,<environment.Job instance at 0x1459c20e45f0>,1,2,[5 1],3,3,5,0,3
1,<environment.Job instance at 0x1459c11ee140>,2,1,[2 7],4,4,5,0,4
1,<environment.Job instance at 0x1459c20e4eb0>,3,2,[10  2],5,5,7,0,5
1,<environment.Job instance at 0x1459cc11b690>,4,2,[6 1],6,7,9,1,6
1,<environment.Job instance at 0x1459cd4adaf0>,5,3,[9 2],8,9,12,1,8
1,<environment.Job instance at 0x1459bf34f2d0>,7,2,[5 2],12,12,14,0,12
1,<environment.Job instance at 0x1459bf0af6e0>,9,2,[9 2],15,15,17,0,15
1,<environment.Job instance at 0x1459bfc2b4b0>,10,1,[7 2],16,17,18,1,16
1,<environment.Job instance at 0x1459beb6a2d0>,13,14,[1 9],20,20,34,0,20
1,<environment.Job instance at 0x1459beb6a730>,14,3,[6 1],23,23,26,0,23
1,<environment.Job instance at 0x1459c302a9b0>,16,2,[2 9],25,34,36,9,25
1,<environment.Job instance at 0x1459bec9f050>,17,2,[2 5],26,36,38,10,26
1,<environment.Job instance at 0x1459c1ee0370>,18,16,[2 9],27,38,54,11,27
1,<environment.Job instance at 0x1459c20b6cd0>,20,3,[8 1],29,29,32,0,29
1,<environment.Job instance at 0x1459c302a820>,21,3,[8 1],33,33,36,0,33
1,<environment.Job instance at 0x1459c2001500>,22,1,[10  1],34,54,55,20,34
1,<environment.Job instance at 0x145a041b0f50>,25,16,[2 8],39,55,71,16,42
1,<environment.Job instance at 0x1459bf782500>,30,3,[2 9],47,71,74,24,57
1,<environment.Job instance at 0x1459bf7827d0>,31,1,[5 1],49,57,58,8,57
1,<environment.Job instance at 0x1459ce1a9050>,0,2,[1 9],1,2,4,1,2
1,<environment.Job instance at 0x145a0412f230>,1,3,[2 8],2,4,7,2,4
1,<environment.Job instance at 0x1459cc106be0>,4,3,[1 6],7,7,10,0,7
1,<environment.Job instance at 0x1459cc1061e0>,5,2,[8 2],8,8,10,0,8
1,<environment.Job instance at 0x1459bedcc3c0>,7,3,[10  1],11,11,14,0,11
1,<environment.Job instance at 0x1459c322e640>,8,2,[1 7],12,14,16,2,12
1,<environment.Job instance at 0x1459c322e050>,9,15,[1 5],13,16,31,3,13
1,<environment.Job instance at 0x1459c322e500>,10,3,[1 9],14,31,34,17,14
1,<environment.Job instance at 0x1459c322eb40>,11,2,[1 8],16,34,36,18,16
1,<environment.Job instance at 0x1459c322e690>,12,2,[1 5],18,18,20,0,18
1,<environment.Job instance at 0x1459c322ed20>,14,1,[2 8],20,36,37,16,20
1,<environment.Job instance at 0x1459c322e4b0>,15,1,[8 2],21,21,22,0,21
1,<environment.Job instance at 0x1459bee2b5f0>,21,2,[1 7],31,37,39,6,31
1,<environment.Job instance at 0x1459bfc1f190>,22,1,[1 5],32,62,63,30,62
1,<environment.Job instance at 0x1459c3179d70>,33,2,[2 8],43,63,65,20,62
1,<environment.Job instance at 0x1459cd54caa0>,34,3,[5 2],46,62,65,16,62
1,<environment.Job instance at 0x1459cd54c730>,35,1,[6 2],48,65,66,17,62
1,<environment.Job instance at 0x1459cd54c550>,36,2,[2 8],49,65,67,16,62
1,<environment.Job instance at 0x1459c312c370>,0,1,[6 2],1,1,2,0,1
1,<environment.Job instance at 0x1459bf498aa0>,2,27,[ 2 10],3,3,30,0,3
1,<environment.Job instance at 0x1459bedbfe10>,5,1,[5 2],7,30,31,23,7
1,<environment.Job instance at 0x1459bedd9960>,10,2,[5 2],13,30,32,17,13
1,<environment.Job instance at 0x1459bedd90a0>,11,1,[7 1],16,32,33,16,16
1,<environment.Job instance at 0x1459bedd9dc0>,12,2,[7 1],17,33,35,16,17
1,<environment.Job instance at 0x1459bedd9730>,13,1,[7 2],18,35,36,17,18
1,<environment.Job instance at 0x1459bedd99b0>,14,3,[10  2],19,36,39,17,19
1,<environment.Job instance at 0x1459bee7d140>,15,2,[5 2],20,39,41,19,20
1,<environment.Job instance at 0x145a04172fa0>,16,15,[1 8],22,39,54,17,25
1,<environment.Job instance at 0x1459cd4add20>,17,3,[1 7],23,31,34,8,26
1,<environment.Job instance at 0x1459bef6a2d0>,0,2,[2 6],1,1,3,0,1
1,<environment.Job instance at 0x1459cc11bc80>,1,3,[9 2],2,3,6,1,2
1,<environment.Job instance at 0x1459c1d169b0>,2,2,[10  2],3,6,8,3,3
1,<environment.Job instance at 0x1459c20145a0>,4,16,[ 2 10],5,8,24,3,5
1,<environment.Job instance at 0x1459c1d16a50>,5,2,[1 6],7,24,26,17,7
1,<environment.Job instance at 0x1459c20142d0>,6,15,[2 6],9,26,41,17,12
1,<environment.Job instance at 0x1459c20147d0>,7,2,[7 2],10,24,26,14,13
1,<environment.Job instance at 0x1459c2014050>,11,1,[2 5],14,41,42,27,14
1,<environment.Job instance at 0x1459c1e1dc30>,13,2,[7 1],16,26,28,10,16
1,<environment.Job instance at 0x1459bf48c1e0>,14,3,[7 1],17,28,31,11,17
1,<environment.Job instance at 0x1459bf48cdc0>,18,2,[10  2],22,42,44,20,22
1,<environment.Job instance at 0x1459bf48c6e0>,19,3,[7 1],26,31,34,5,31
1,<environment.Job instance at 0x1459bf4c80f0>,2,3,[8 1],3,3,6,0,3
1,<environment.Job instance at 0x145a0449fc80>,3,3,[2 6],6,6,9,0,6
1,<environment.Job instance at 0x145a0449fd20>,4,18,[1 5],7,9,27,2,7
1,<environment.Job instance at 0x145a0449fa50>,5,16,[1 5],11,11,27,0,11
1,<environment.Job instance at 0x145a0449faa0>,6,1,[1 9],12,27,28,15,12
1,<environment.Job instance at 0x145a0449f5a0>,7,3,[2 9],14,28,31,14,14
1,<environment.Job instance at 0x1459bf06e140>,8,1,[10  2],15,31,32,16,15
1,<environment.Job instance at 0x1459bf06e780>,11,2,[ 1 10],20,32,34,12,20
1,<environment.Job instance at 0x1459bf06e960>,12,16,[ 2 10],22,34,50,12,23
1,<environment.Job instance at 0x1459c1d82c80>,13,3,[10  2],23,50,53,27,36
1,<environment.Job instance at 0x1459c1d495a0>,20,1,[2 8],39,53,54,14,48
1,<environment.Job instance at 0x1459c1d49410>,28,17,[2 8],47,54,71,7,48
1,<environment.Job instance at 0x1459c1d49a50>,29,2,[6 1],49,53,55,4,49
1,<environment.Job instance at 0x1459c1d49c80>,21,2,[7 2],40,93,95,53,93
1,<environment.Job instance at 0x1459c1d49af0>,18,3,[10  2],34,234,237,200,234
1,<environment.Job instance at 0x1459bf19c7d0>,0,3,[9 2],2,2,5,0,2
1,<environment.Job instance at 0x1459bf19c730>,1,2,[5 1],3,5,7,2,3
1,<environment.Job instance at 0x1459c1e31370>,3,3,[9 2],5,7,10,2,5
1,<environment.Job instance at 0x1459cc042190>,4,2,[2 9],7,10,12,3,7
1,<environment.Job instance at 0x1459cc042320>,5,15,[2 8],12,12,27,0,12
1,<environment.Job instance at 0x145a0402b6e0>,8,2,[1 8],17,27,29,10,17
1,<environment.Job instance at 0x1459cc03c410>,9,1,[10  2],18,29,30,11,18
1,<environment.Job instance at 0x1459cc03c780>,10,3,[2 8],19,30,33,11,19
1,<environment.Job instance at 0x145a040c3960>,11,15,[2 7],20,33,48,13,20
1,<environment.Job instance at 0x1459bf4fe3c0>,12,2,[8 2],25,25,27,0,25
1,<environment.Job instance at 0x145a040c4050>,14,3,[6 2],27,31,34,4,31
1,<environment.Job instance at 0x1459cd559140>,16,3,[1 9],31,2588,2591,2557,2588
1,<environment.Job instance at 0x1459c3217190>,0,1,[6 2],1,1,2,0,1
1,<environment.Job instance at 0x1459c3217910>,2,1,[7 1],4,4,5,0,4
1,<environment.Job instance at 0x1459bf11d1e0>,5,3,[1 5],7,7,10,0,7
1,<environment.Job instance at 0x1459c208cb40>,6,3,[2 7],8,10,13,2,8
1,<environment.Job instance at 0x1459c208c870>,7,13,[2 5],9,13,26,4,9
1,<environment.Job instance at 0x1459c208c690>,8,2,[2 8],10,26,28,16,10
1,<environment.Job instance at 0x1459c208c0a0>,9,2,[5 1],11,11,13,0,11
1,<environment.Job instance at 0x1459c208c960>,10,1,[6 2],16,16,17,0,16
1,<environment.Job instance at 0x1459c208c190>,11,1,[1 9],17,28,29,11,17
1,<environment.Job instance at 0x1459c208ccd0>,12,3,[7 1],18,18,21,0,18
1,<environment.Job instance at 0x1459c208c0f0>,13,3,[7 2],19,21,24,2,19
1,<environment.Job instance at 0x1459ce199b90>,15,12,[2 6],23,32,44,9,32
1,<environment.Job instance at 0x1459ce199500>,21,2,[10  2],33,44,46,11,33
1,<environment.Job instance at 0x1459ce1992d0>,22,3,[1 7],34,46,49,12,34
1,<environment.Job instance at 0x1459ce1991e0>,25,2,[7 2],38,46,48,8,46
1,<environment.Job instance at 0x1459ce199230>,26,16,[1 9],39,49,65,10,46
1,<environment.Job instance at 0x1459ce199820>,29,3,[9 2],43,65,68,22,58
1,<environment.Job instance at 0x1459ce1998c0>,24,1,[10  2],37,71,72,34,71
1,<environment.Job instance at 0x1459c1effe10>,1,3,[6 2],2,2,5,0,2
1,<environment.Job instance at 0x1459ce199a50>,2,2,[6 2],3,5,7,2,3
1,<environment.Job instance at 0x1459cd53b050>,4,1,[6 1],6,7,8,1,6
1,<environment.Job instance at 0x1459bfd1fa00>,5,12,[ 1 10],7,8,20,1,7
1,<environment.Job instance at 0x1459bfd1ff00>,6,3,[2 7],9,20,23,11,9
1,<environment.Job instance at 0x1459bfd1fe10>,7,1,[1 6],10,23,24,13,10
1,<environment.Job instance at 0x1459bfd1faa0>,8,3,[8 2],11,20,23,9,11
1,<environment.Job instance at 0x1459bfd1fb40>,9,1,[1 7],12,24,25,12,12
1,<environment.Job instance at 0x1459bfd1f500>,10,1,[6 2],13,23,24,10,13
1,<environment.Job instance at 0x1459c3196eb0>,11,2,[2 7],14,25,27,11,14
1,<environment.Job instance at 0x1459c1eaea50>,12,16,[ 2 10],15,27,43,12,16
1,<environment.Job instance at 0x1459c308b7d0>,19,1,[8 1],24,24,25,0,24
1,<environment.Job instance at 0x1459c308b0f0>,20,1,[1 5],26,43,44,17,26
1,<environment.Job instance at 0x1459bed753c0>,21,1,[10  1],28,44,45,16,28
1,<environment.Job instance at 0x1459bed751e0>,22,1,[5 2],29,43,44,14,29
1,<environment.Job instance at 0x1459c353a5f0>,32,2,[2 9],41,61,63,20,61
1,<environment.Job instance at 0x1459c353a7d0>,33,2,[1 5],42,63,65,21,61
1,<environment.Job instance at 0x1459c353abe0>,34,16,[1 8],43,65,81,22,61
1,<environment.Job instance at 0x1459c353a5a0>,36,1,[9 1],46,63,64,17,63
1,<environment.Job instance at 0x1459c353a820>,38,2,[10  2],48,81,83,33,81
1,<environment.Job instance at 0x145a044dbf00>,13,3,[7 1],16,83,86,67,82
1,<environment.Job instance at 0x1459bebd65f0>,0,2,[5 2],1,1,3,0,1
1,<environment.Job instance at 0x1459c1d9c230>,1,2,[5 1],2,2,4,0,2
1,<environment.Job instance at 0x1459bf2dc4b0>,2,1,[1 7],3,3,4,0,3
1,<environment.Job instance at 0x1459bf2ca8c0>,4,1,[6 2],7,7,8,0,7
1,<environment.Job instance at 0x1459bf2ca730>,5,1,[5 1],8,8,9,0,8
1,<environment.Job instance at 0x1459beba99b0>,6,1,[2 6],10,10,11,0,10
1,<environment.Job instance at 0x1459bf2cabe0>,7,3,[2 6],11,11,14,0,11
1,<environment.Job instance at 0x1459bf2ca960>,8,2,[9 1],12,14,16,2,12
1,<environment.Job instance at 0x1459bf3dc3c0>,10,2,[7 2],15,16,18,1,15
1,<environment.Job instance at 0x1459bf3a93c0>,11,2,[9 2],16,18,20,2,16
1,<environment.Job instance at 0x1459bf3a92d0>,12,3,[5 1],17,20,23,3,17
1,<environment.Job instance at 0x1459bf3dca00>,13,2,[ 1 10],18,23,25,5,18
1,<environment.Job instance at 0x1459bef8a780>,1,2,[2 5],2,2,4,0,2
1,<environment.Job instance at 0x1459be9b5aa0>,4,15,[ 2 10],6,6,21,0,6
1,<environment.Job instance at 0x1459bfc41a50>,5,3,[10  2],7,21,24,14,7
1,<environment.Job instance at 0x1459c2172730>,6,3,[2 5],9,24,27,15,9
1,<environment.Job instance at 0x145a041380f0>,8,3,[7 2],11,24,27,13,12
1,<environment.Job instance at 0x145a04138460>,13,2,[10  1],17,27,29,10,18
1,<environment.Job instance at 0x1459bee733c0>,14,22,[2 6],19,32,54,13,32
1,<environment.Job instance at 0x1459ce147dc0>,24,3,[1 8],33,54,57,21,33
1,<environment.Job instance at 0x1459bea15640>,0,3,[9 2],1,1,4,0,1
1,<environment.Job instance at 0x1459bea15a50>,1,3,[10  1],2,4,7,2,2
1,<environment.Job instance at 0x1459cd5368c0>,3,2,[8 2],10,10,12,0,10
1,<environment.Job instance at 0x1459cd536500>,5,3,[1 9],12,13,16,1,13
1,<environment.Job instance at 0x1459bf1dcc30>,30,1,[6 1],43,65,66,22,65
1,<environment.Job instance at 0x1459bec364b0>,33,2,[8 2],46,66,68,20,65
1,<environment.Job instance at 0x1459bec36230>,34,1,[9 2],47,68,69,21,65
1,<environment.Job instance at 0x1459bec36cd0>,35,2,[1 7],48,100,102,52,100
1,<environment.Job instance at 0x1459c1f8eaa0>,8,3,[2 8],18,105,108,87,105
1,<environment.Job instance at 0x1459c1f8eaf0>,9,1,[1 8],20,219,220,199,219
1,<environment.Job instance at 0x150679385460>,1,3,[1 9],2,2,5,0,2
1,<environment.Job instance at 0x150679385e60>,2,1,[2 5],3,5,6,2,3
1,<environment.Job instance at 0x150622b0efa0>,3,1,[6 2],4,5,6,1,4
1,<environment.Job instance at 0x150622b0e640>,4,2,[7 2],5,6,8,1,5
1,<environment.Job instance at 0x150622b0e820>,5,3,[9 2],6,8,11,2,6
1,<environment.Job instance at 0x150622b0e4b0>,7,1,[2 6],8,11,12,3,8
1,<environment.Job instance at 0x150679385a50>,9,2,[6 1],11,11,13,0,11
1,<environment.Job instance at 0x150622b0e3c0>,10,13,[2 8],12,12,25,0,12
1,<environment.Job instance at 0x1506231c5e60>,11,3,[1 8],13,25,28,12,13
1,<environment.Job instance at 0x150623340190>,12,3,[1 8],14,28,31,14,14
1,<environment.Job instance at 0x1506231bac30>,13,2,[8 1],17,17,19,0,17
1,<environment.Job instance at 0x1506231e7960>,14,2,[ 1 10],18,31,33,13,18
1,<environment.Job instance at 0x150622b0e5a0>,15,1,[ 1 10],20,33,34,13,20
1,<environment.Job instance at 0x15062333f960>,16,1,[2 5],21,34,35,13,21
1,<environment.Job instance at 0x15062333f2d0>,18,2,[10  1],25,35,37,10,25
1,<environment.Job instance at 0x1506232440f0>,19,3,[6 2],26,26,29,0,26
1,<environment.Job instance at 0x1506232675a0>,21,3,[6 1],29,127,130,98,127
1,<environment.Job instance at 0x150622b09b90>,0,2,[2 8],1,1,3,0,1
1,<environment.Job instance at 0x1506252a00f0>,5,2,[8 2],9,9,11,0,9
1,<environment.Job instance at 0x1506252a07d0>,6,2,[1 7],12,24,26,12,24
1,<environment.Job instance at 0x1506252a06e0>,8,2,[2 5],15,813,815,798,813
1,<environment.Job instance at 0x15062530b500>,0,2,[1 8],1,1,3,0,1
1,<environment.Job instance at 0x150622d84b90>,1,2,[2 6],2,3,5,1,2
1,<environment.Job instance at 0x1506252a06e0>,3,2,[1 9],6,7,9,1,7
1,<environment.Job instance at 0x1506232d29b0>,5,1,[2 5],8,9,10,1,8
1,<environment.Job instance at 0x1506255c10f0>,1,15,[1 7],5,5,20,0,5
1,<environment.Job instance at 0x150625343cd0>,3,2,[1 9],8,20,22,12,8
1,<environment.Job instance at 0x15062334b5a0>,4,2,[ 2 10],11,22,24,11,11
1,<environment.Job instance at 0x15062334b1e0>,7,2,[ 2 10],14,24,26,10,14
1,<environment.Job instance at 0x15062334b050>,8,2,[2 9],15,26,28,11,15
1,<environment.Job instance at 0x15062334b3c0>,9,17,[ 2 10],16,28,45,12,16
1,<environment.Job instance at 0x15062334b190>,12,3,[5 2],20,45,48,25,20
1,<environment.Job instance at 0x15062334bdc0>,13,2,[ 1 10],21,48,50,27,21
1,<environment.Job instance at 0x15062334beb0>,11,2,[9 1],19,50,52,31,31
1,<environment.Job instance at 0x150625601f00>,22,3,[8 1],32,106,109,74,106
1,<environment.Job instance at 0x150625601e60>,14,13,[ 2 10],22,179,192,157,179
1,<environment.Job instance at 0x150625601960>,15,1,[1 7],23,216,217,193,216
1,<environment.Job instance at 0x150625601d20>,16,1,[2 9],24,609,610,585,609
1,<environment.Job instance at 0x1506256e3550>,0,2,[10  2],1,1,3,0,1
1,<environment.Job instance at 0x1506256e3320>,2,1,[2 6],6,6,7,0,6
1,<environment.Job instance at 0x1506256e3190>,3,2,[1 6],7,7,9,0,7
1,<environment.Job instance at 0x15062269b280>,5,1,[2 8],12,12,13,0,12
1,<environment.Job instance at 0x15062269b370>,7,2,[7 2],17,17,19,0,17
1,<environment.Job instance at 0x15062269ba00>,8,2,[2 5],18,18,20,0,18
1,<environment.Job instance at 0x150623256280>,9,14,[2 8],19,20,34,1,19
1,<environment.Job instance at 0x150622b40910>,10,3,[8 1],22,22,25,0,22
1,<environment.Job instance at 0x150622b40eb0>,11,1,[7 2],23,25,26,2,23
1,<environment.Job instance at 0x150622b30f50>,12,2,[5 2],24,26,28,2,24
1,<environment.Job instance at 0x150626ac37d0>,1,1,[2 5],4,4,5,0,4
1,<environment.Job instance at 0x15065179b370>,2,3,[1 8],5,5,8,0,5
1,<environment.Job instance at 0x1506226f00a0>,4,2,[7 2],9,9,11,0,9
1,<environment.Job instance at 0x1506226f0e60>,5,3,[ 2 10],11,11,14,0,11
1,<environment.Job instance at 0x1506226f0500>,6,14,[8 2],12,14,28,2,12
1,<environment.Job instance at 0x1506226f0910>,7,2,[2 5],14,14,16,0,14
1,<environment.Job instance at 0x1506226f06e0>,8,1,[ 2 10],15,28,29,13,15
1,<environment.Job instance at 0x15062262f370>,10,2,[ 1 10],17,29,31,12,17
1,<environment.Job instance at 0x15062262f8c0>,11,3,[7 2],18,31,34,13,18
1,<environment.Job instance at 0x15062262faa0>,14,3,[1 9],22,34,37,12,22
1,<environment.Job instance at 0x15062262faf0>,15,1,[6 1],23,153,154,130,153
1,<environment.Job instance at 0x15062262fa00>,17,3,[1 7],29,1343,1346,1314,1343
1,<environment.Job instance at 0x150622784410>,0,1,[6 2],1,1,2,0,1
1,<environment.Job instance at 0x150626795cd0>,3,2,[8 1],8,168,170,160,168
1,<environment.Job instance at 0x150626795b90>,2,2,[2 9],5,5,7,0,5
1,<environment.Job instance at 0x1506503da0f0>,3,2,[2 5],6,7,9,1,6
1,<environment.Job instance at 0x150650b34910>,4,16,[2 9],7,9,25,2,7
1,<environment.Job instance at 0x1506500aa280>,6,3,[8 1],9,9,12,0,9
1,<environment.Job instance at 0x1506500c0370>,7,3,[8 1],13,13,16,0,13
1,<environment.Job instance at 0x1506500c0690>,8,1,[10  1],14,25,26,11,14
1,<environment.Job instance at 0x150622b30d70>,0,2,[1 7],1,1,3,0,1
1,<environment.Job instance at 0x150622b30820>,3,3,[1 6],4,4,7,0,4
1,<environment.Job instance at 0x1506221231e0>,4,16,[1 5],5,7,23,2,5
1,<environment.Job instance at 0x150622123eb0>,5,2,[ 1 10],6,23,25,17,6
1,<environment.Job instance at 0x1506500b9fa0>,7,15,[7 2],8,25,40,17,11
1,<environment.Job instance at 0x1506255d16e0>,10,2,[1 8],11,25,27,14,11
1,<environment.Job instance at 0x1506255d1f50>,12,2,[2 8],13,27,29,14,13
1,<environment.Job instance at 0x1506255d1230>,14,1,[6 2],18,18,19,0,18
1,<environment.Job instance at 0x150650101960>,15,2,[2 8],19,29,31,10,19
1,<environment.Job instance at 0x1506255d1f00>,16,1,[6 2],21,21,22,0,21
1,<environment.Job instance at 0x150650116640>,0,1,[2 6],1,1,2,0,1
1,<environment.Job instance at 0x150653e74320>,3,14,[1 6],5,5,19,0,5
1,<environment.Job instance at 0x150625540c30>,35,3,[10  1],47,102,105,55,102
1,<environment.Job instance at 0x150625540870>,36,3,[6 1],49,105,108,56,102
1,<environment.Job instance at 0x150625540730>,37,3,[8 1],50,108,111,58,102
1,<environment.Job instance at 0x150625540a00>,38,2,[7 1],52,111,113,59,102
1,<environment.Job instance at 0x150625512910>,39,18,[2 6],54,105,123,51,102
1,<environment.Job instance at 0x150625512be0>,40,1,[7 1],56,113,114,57,102
1,<environment.Job instance at 0x1506255124b0>,41,2,[5 1],57,114,116,57,102
1,<environment.Job instance at 0x150653e746e0>,7,1,[1 8],9,741,742,732,741
1,<environment.Job instance at 0x1506267eef50>,2,3,[8 1],3,3,6,0,3
1,<environment.Job instance at 0x150653e746e0>,3,3,[2 6],6,6,9,0,6
1,<environment.Job instance at 0x1506267ee0a0>,4,18,[1 5],7,9,27,2,7
1,<environment.Job instance at 0x1506267eedc0>,6,1,[1 9],12,27,28,15,12
1,<environment.Job instance at 0x1506267eed20>,7,3,[2 9],14,28,31,14,14
1,<environment.Job instance at 0x1506267ee7d0>,8,1,[10  2],15,31,32,16,15
1,<environment.Job instance at 0x1506267eea00>,9,1,[5 2],16,16,17,0,16
1,<environment.Job instance at 0x1506267ee190>,12,16,[ 2 10],22,32,48,10,22
1,<environment.Job instance at 0x150625527820>,13,3,[10  2],23,48,51,25,23
1,<environment.Job instance at 0x1506224f7eb0>,14,2,[1 6],27,51,53,24,27
1,<environment.Job instance at 0x150650a74f50>,15,3,[1 9],28,53,56,25,28
1,<environment.Job instance at 0x1506225dd0a0>,16,16,[2 7],31,56,72,25,44
1,<environment.Job instance at 0x1506231bbaa0>,29,2,[6 1],49,70,72,21,70
1,<environment.Job instance at 0x150653a06f00>,1,1,[5 1],3,3,4,0,3
1,<environment.Job instance at 0x1506247ddf00>,3,2,[1 8],7,125,127,118,125
1,<environment.Job instance at 0x1506247dd7d0>,5,3,[2 8],9,1923,1926,1914,1923
1,<environment.Job instance at 0x1506247dd7d0>,2,1,[9 1],5,5,6,0,5
1,<environment.Job instance at 0x1506252c3cd0>,3,17,[2 8],6,6,23,0,6
1,<environment.Job instance at 0x1506252c3370>,6,16,[1 6],11,23,39,12,11
1,<environment.Job instance at 0x1506252c30f0>,7,2,[10  2],13,39,41,26,13
1,<environment.Job instance at 0x1506252c30a0>,8,3,[1 7],14,41,44,27,15
1,<environment.Job instance at 0x1506252d6820>,18,12,[1 7],27,44,56,17,33
1,<environment.Job instance at 0x1506252d6cd0>,19,1,[ 1 10],29,56,57,27,33
1,<environment.Job instance at 0x1506252a6780>,34,3,[7 1],46,70,73,24,70
1,<environment.Job instance at 0x1506252a6f00>,40,1,[8 1],54,73,74,19,70
1,<environment.Job instance at 0x1506252a69b0>,41,1,[1 5],56,72,73,16,72
1,<environment.Job instance at 0x1506252a6d70>,42,1,[10  1],58,74,75,16,72
1,<environment.Job instance at 0x150626a956e0>,43,1,[5 2],59,75,76,16,72
1,<environment.Job instance at 0x1506252d65a0>,9,14,[9 2],16,188,202,172,188
1,<environment.Job instance at 0x1506252d6c30>,1,1,[10  2],3,3,4,0,3
1,<environment.Job instance at 0x150622424190>,2,21,[ 2 10],4,4,25,0,4
1,<environment.Job instance at 0x15065176ee60>,20,1,[6 2],27,34,35,7,34
1,<environment.Job instance at 0x15065176e0a0>,21,1,[5 1],28,35,36,7,34
1,<environment.Job instance at 0x15065176e320>,22,1,[2 6],30,34,35,4,34
1,<environment.Job instance at 0x150651757f00>,23,3,[2 6],31,35,38,4,34
1,<environment.Job instance at 0x150651757b40>,24,2,[9 1],32,38,40,6,34
1,<environment.Job instance at 0x1506233222d0>,1,2,[7 2],2,2,4,0,2
1,<environment.Job instance at 0x15065012b410>,2,3,[10  1],3,4,7,1,3
1,<environment.Job instance at 0x1506256400a0>,3,3,[6 1],4,7,10,3,4
1,<environment.Job instance at 0x1506223352d0>,1,3,[1 9],2,2,5,0,2
1,<environment.Job instance at 0x15065016eb40>,2,13,[2 9],6,6,19,0,6
1,<environment.Job instance at 0x1506247f3550>,4,3,[2 8],8,142,145,134,142
1,<environment.Job instance at 0x1506530f9a50>,0,2,[7 1],1,1,3,0,1
1,<environment.Job instance at 0x1506267343c0>,1,3,[9 1],6,6,9,0,6
1,<environment.Job instance at 0x150626734c80>,3,2,[1 8],9,9,11,0,9
1,<environment.Job instance at 0x1506539c96e0>,4,1,[2 6],10,11,12,1,10
1,<environment.Job instance at 0x1506255f2aa0>,5,2,[9 2],13,13,15,0,13
1,<environment.Job instance at 0x150622640280>,6,1,[ 2 10],17,19,20,2,19
1,<environment.Job instance at 0x1506267c1460>,0,2,[6 2],1,1,3,0,1
1,<environment.Job instance at 0x1506267c1640>,1,1,[7 1],4,4,5,0,4
1,<environment.Job instance at 0x150650aff9b0>,2,2,[5 2],5,5,7,0,5
1,<environment.Job instance at 0x1506228099b0>,4,3,[6 1],7,7,10,0,7
1,<environment.Job instance at 0x1506228090f0>,5,2,[ 1 10],8,10,12,2,8
1,<environment.Job instance at 0x1506228094b0>,6,1,[7 1],9,12,13,3,9
1,<environment.Job instance at 0x150622809870>,7,1,[2 6],12,12,13,0,12
1,<environment.Job instance at 0x150622809370>,8,2,[10  2],13,13,15,0,13
1,<environment.Job instance at 0x150653162820>,9,1,[5 1],14,15,16,1,14
1,<environment.Job instance at 0x1506531627d0>,10,2,[8 2],15,16,18,1,15
1,<environment.Job instance at 0x1506531625a0>,11,1,[6 1],16,18,19,2,16
1,<environment.Job instance at 0x150622640280>,12,3,[8 1],18,19,22,1,18
1,<environment.Job instance at 0x150653162460>,14,2,[8 2],23,23,25,0,23
1,<environment.Job instance at 0x15062205f370>,16,3,[2 6],27,27,30,0,27
1,<environment.Job instance at 0x15067824f870>,17,2,[7 1],28,28,30,0,28
1,<environment.Job instance at 0x1506267db910>,22,2,[2 8],35,2661,2663,2626,2661
1,<environment.Job instance at 0x15062529c0f0>,0,3,[8 2],3,3,6,0,3
1,<environment.Job instance at 0x15062529cc80>,1,1,[1 7],4,4,5,0,4
1,<environment.Job instance at 0x1506500d61e0>,3,2,[7 1],6,6,8,0,6
1,<environment.Job instance at 0x1506267db910>,5,1,[1 7],10,10,11,0,10
1,<environment.Job instance at 0x1506222ce9b0>,36,3,[2 9],51,73,76,22,73
1,<environment.Job instance at 0x150622714500>,38,1,[10  1],53,382,383,329,382
1,<environment.Job instance at 0x1506500d63c0>,8,15,[10  2],13,2717,2732,2704,2717
1,<environment.Job instance at 0x1506500d65f0>,10,2,[ 2 10],16,2902,2904,2886,2902
1,<environment.Job instance at 0x1530700c5460>,1,3,[1 9],2,2,5,0,2
1,<environment.Job instance at 0x1530700c5e60>,2,1,[2 5],3,5,6,2,3
1,<environment.Job instance at 0x1530197f0410>,3,1,[6 2],4,5,6,1,4
1,<environment.Job instance at 0x1530197f07d0>,4,2,[7 2],5,6,8,1,5
1,<environment.Job instance at 0x1530197f08c0>,5,3,[9 2],6,8,11,2,6
1,<environment.Job instance at 0x1530197f0730>,7,1,[2 6],8,11,12,3,8
1,<environment.Job instance at 0x153019f4baa0>,9,2,[6 1],11,11,13,0,11
1,<environment.Job instance at 0x15301a023690>,10,13,[2 8],12,12,25,0,12
1,<environment.Job instance at 0x153019edb550>,11,3,[1 8],13,25,28,12,13
1,<environment.Job instance at 0x1530197f03c0>,12,3,[1 8],14,28,31,14,14
1,<environment.Job instance at 0x15301a021960>,13,2,[8 1],17,17,19,0,17
1,<environment.Job instance at 0x153019f2eaf0>,14,2,[ 1 10],18,31,33,13,18
1,<environment.Job instance at 0x153019f26e10>,15,1,[ 1 10],20,33,34,13,20
1,<environment.Job instance at 0x153019e7e0f0>,16,1,[2 5],21,34,35,13,21
1,<environment.Job instance at 0x153019f52e10>,18,2,[10  1],25,151,153,126,151
1,<environment.Job instance at 0x153019ec9fa0>,21,3,[6 1],29,381,384,352,381
1,<environment.Job instance at 0x15301a024fa0>,1,3,[6 1],3,3,6,0,3
1,<environment.Job instance at 0x153019804190>,2,2,[2 5],5,5,7,0,5
1,<environment.Job instance at 0x1530198041e0>,4,1,[10  2],9,9,10,0,9
1,<environment.Job instance at 0x15301bffa550>,5,22,[1 5],10,10,32,0,10
1,<environment.Job instance at 0x15301bffa2d0>,6,15,[2 9],12,32,47,20,18
1,<environment.Job instance at 0x1530202045a0>,0,1,[2 8],1,2,3,1,2
1,<environment.Job instance at 0x153020204f00>,1,1,[ 2 10],2,3,4,1,2
1,<environment.Job instance at 0x153020204640>,3,1,[8 2],4,4,5,0,4
1,<environment.Job instance at 0x15301bf3c230>,6,2,[ 1 10],10,10,12,0,10
1,<environment.Job instance at 0x15301bf3cc80>,9,3,[2 5],13,2066,2069,2053,2066
1,<environment.Job instance at 0x1530201621e0>,0,2,[8 2],1,1,3,0,1
1,<environment.Job instance at 0x153020162870>,1,3,[8 1],2,3,6,1,2
1,<environment.Job instance at 0x153019f525a0>,2,2,[2 5],3,3,5,0,3
1,<environment.Job instance at 0x153019f52190>,3,3,[6 1],4,6,9,2,4
1,<environment.Job instance at 0x153019f52500>,4,2,[10  1],5,9,11,4,5
1,<environment.Job instance at 0x153019f52a00>,7,16,[1 6],9,11,27,2,9
1,<environment.Job instance at 0x153019f52780>,10,1,[2 6],13,27,28,14,13
1,<environment.Job instance at 0x153019f52870>,11,16,[9 1],16,28,44,12,20
1,<environment.Job instance at 0x153019f52050>,13,1,[9 1],21,21,22,0,21
1,<environment.Job instance at 0x153019f52f00>,14,12,[1 5],22,28,40,6,22
1,<environment.Job instance at 0x1530201b6be0>,15,2,[6 2],23,23,25,0,23
1,<environment.Job instance at 0x1530201b6e60>,16,1,[9 1],25,25,26,0,25
1,<environment.Job instance at 0x1530201b6dc0>,17,2,[8 1],26,26,28,0,26
1,<environment.Job instance at 0x1530201b6f50>,18,1,[ 1 10],27,44,45,17,27
1,<environment.Job instance at 0x1530201b62d0>,19,2,[1 5],29,40,42,11,30
1,<environment.Job instance at 0x1530201b67d0>,21,2,[10  2],31,141,143,110,141
1,<environment.Job instance at 0x1530201b65a0>,22,3,[2 8],35,978,981,943,978
1,<environment.Job instance at 0x1530201b65f0>,1,1,[7 1],2,2,3,0,2
1,<environment.Job instance at 0x153019fe0aa0>,3,2,[8 2],5,5,7,0,5
1,<environment.Job instance at 0x153019a4b410>,9,2,[5 2],12,12,14,0,12
1,<environment.Job instance at 0x153019a4b910>,10,2,[1 7],14,14,16,0,14
1,<environment.Job instance at 0x153019a4beb0>,11,2,[5 2],15,15,17,0,15
1,<environment.Job instance at 0x15301bf7d9b0>,12,1,[1 6],17,17,18,0,17
1,<environment.Job instance at 0x15302813baa0>,6,1,[5 2],8,18,19,10,18
1,<environment.Job instance at 0x15301bf7d550>,14,2,[10  1],19,19,21,0,19
1,<environment.Job instance at 0x15301981f870>,15,3,[2 7],20,21,24,1,21
1,<environment.Job instance at 0x153019f66b40>,1,3,[5 2],4,4,7,0,4
1,<environment.Job instance at 0x1530308f13c0>,2,2,[ 2 10],5,7,9,2,5
1,<environment.Job instance at 0x1530280e5d70>,4,17,[10  1],8,18,35,10,18
1,<environment.Job instance at 0x1530308f19b0>,10,2,[1 9],21,35,37,14,21
1,<environment.Job instance at 0x1530308f1230>,11,2,[1 6],22,37,39,15,22
1,<environment.Job instance at 0x1530308f1820>,12,1,[1 9],23,39,40,16,23
1,<environment.Job instance at 0x1530308f1f00>,13,3,[1 8],24,40,43,16,24
1,<environment.Job instance at 0x1530308f1050>,14,1,[9 2],25,37,38,12,25
1,<environment.Job instance at 0x15301945a140>,17,3,[ 2 10],30,43,46,13,30
1,<environment.Job instance at 0x15301945af50>,18,1,[7 2],31,38,39,7,31
1,<environment.Job instance at 0x15301945a690>,19,3,[9 1],32,39,42,7,32
1,<environment.Job instance at 0x15302020a460>,0,3,[6 1],3,3,6,0,3
1,<environment.Job instance at 0x15301926b730>,2,2,[2 9],5,5,7,0,5
1,<environment.Job instance at 0x15301926b460>,3,2,[2 5],6,7,9,1,6
1,<environment.Job instance at 0x15301926bdc0>,4,16,[2 9],7,9,25,2,7
1,<environment.Job instance at 0x15302020a0f0>,6,3,[8 1],9,9,12,0,9
1,<environment.Job instance at 0x15301926b0f0>,7,3,[8 1],13,13,16,0,13
1,<environment.Job instance at 0x15301b4c4820>,8,1,[10  1],14,25,26,11,14
1,<environment.Job instance at 0x153021379f50>,10,15,[2 8],18,26,41,8,18
1,<environment.Job instance at 0x15301b4c44b0>,12,13,[ 2 10],22,41,54,19,25
1,<environment.Job instance at 0x15301b4c49b0>,11,16,[2 8],19,54,70,35,41
1,<environment.Job instance at 0x1530196065f0>,17,1,[5 1],29,121,122,92,121
1,<environment.Job instance at 0x1530190f8fa0>,15,2,[8 1],26,150,152,124,150
1,<environment.Job instance at 0x153020422cd0>,14,2,[1 5],25,514,516,489,514
1,<environment.Job instance at 0x15302bc8b690>,0,2,[1 8],1,2,4,1,2
1,<environment.Job instance at 0x1530192ed820>,2,2,[2 8],3,4,6,1,3
1,<environment.Job instance at 0x153020422cd0>,3,3,[5 2],6,6,9,0,6
1,<environment.Job instance at 0x153020422550>,4,1,[6 2],8,9,10,1,8
1,<environment.Job instance at 0x1530201b4e60>,5,2,[2 8],9,9,11,0,9
1,<environment.Job instance at 0x1530201b4eb0>,6,1,[6 2],11,11,12,0,11
1,<environment.Job instance at 0x1530201b4a00>,7,1,[2 9],12,12,13,0,12
1,<environment.Job instance at 0x1530201b45f0>,9,2,[10  1],14,14,16,0,14
1,<environment.Job instance at 0x1530300f35f0>,10,2,[2 7],16,16,18,0,16
1,<environment.Job instance at 0x1530201b4d70>,11,1,[5 2],17,17,18,0,17
1,<environment.Job instance at 0x1530201a4050>,12,1,[2 5],18,18,19,0,18
1,<environment.Job instance at 0x153070094780>,13,2,[ 1 10],20,20,22,0,20
1,<environment.Job instance at 0x15302019d8c0>,14,3,[2 5],21,22,25,1,21
1,<environment.Job instance at 0x153032bf3910>,1,3,[2 8],2,161,164,159,161
1,<environment.Job instance at 0x15302019d640>,17,1,[7 1],26,500,501,474,500
1,<environment.Job instance at 0x1530308180f0>,1,2,[1 8],2,2,4,0,2
1,<environment.Job instance at 0x15302809e190>,3,1,[2 5],4,4,5,0,4
1,<environment.Job instance at 0x1530196ff640>,4,14,[2 8],5,5,19,0,5
1,<environment.Job instance at 0x15302803feb0>,5,2,[7 1],6,6,8,0,6
1,<environment.Job instance at 0x1530324f4a50>,6,3,[7 1],7,8,11,1,7
1,<environment.Job instance at 0x1530203a66e0>,1,1,[6 2],2,2,3,0,2
1,<environment.Job instance at 0x1530202ee640>,2,3,[10  2],4,4,7,0,4
1,<environment.Job instance at 0x15302bd61820>,3,3,[5 1],8,8,11,0,8
1,<environment.Job instance at 0x153030932730>,4,1,[2 8],9,9,10,0,9
1,<environment.Job instance at 0x1530202de730>,5,2,[7 2],10,11,13,1,10
1,<environment.Job instance at 0x153032b39fa0>,6,2,[6 2],11,13,15,2,11
1,<environment.Job instance at 0x153019ffd140>,7,3,[9 1],12,15,18,3,12
1,<environment.Job instance at 0x153019fb5eb0>,9,2,[5 2],14,18,20,4,14
1,<environment.Job instance at 0x153019a5ef00>,10,27,[1 7],15,15,42,0,15
1,<environment.Job instance at 0x153032b45b40>,12,17,[2 8],17,42,59,25,30
1,<environment.Job instance at 0x1530191b1f50>,16,2,[5 1],23,35,37,12,35
1,<environment.Job instance at 0x1530191b1190>,18,3,[9 2],25,37,40,12,35
1,<environment.Job instance at 0x1530191b13c0>,19,2,[2 9],27,59,61,32,35
1,<environment.Job instance at 0x1530191b1460>,17,17,[1 9],24,61,78,37,49
1,<environment.Job instance at 0x1530191b18c0>,21,1,[5 1],33,51,52,18,51
1,<environment.Job instance at 0x1530191b11e0>,22,13,[10  1],35,159,172,124,159
1,<environment.Job instance at 0x153018ca5460>,32,1,[2 9],54,172,173,118,159
1,<environment.Job instance at 0x1530197ee050>,0,1,[6 2],1,1,2,0,1
1,<environment.Job instance at 0x153018d256e0>,2,1,[7 1],4,4,5,0,4
1,<environment.Job instance at 0x153018d25320>,4,3,[ 1 10],6,6,9,0,6
1,<environment.Job instance at 0x153018d25f00>,5,3,[1 5],7,9,12,2,7
1,<environment.Job instance at 0x153030827640>,8,2,[2 8],10,12,14,2,10
1,<environment.Job instance at 0x153030827c80>,9,2,[5 1],11,12,14,1,12
1,<environment.Job instance at 0x1530308272d0>,10,1,[6 2],16,17,18,1,17
1,<environment.Job instance at 0x15302bc65050>,12,3,[7 1],18,18,21,0,18
1,<environment.Job instance at 0x15302bc655f0>,13,3,[7 2],19,21,24,2,19
1,<environment.Job instance at 0x15303229c410>,14,14,[1 5],21,22,36,1,22
1,<environment.Job instance at 0x15302131df00>,15,12,[2 6],23,36,48,13,23
1,<environment.Job instance at 0x15303009e5a0>,16,1,[9 1],25,25,26,0,25
1,<environment.Job instance at 0x15302bd747d0>,2,1,[8 1],4,4,5,0,4
1,<environment.Job instance at 0x1530324f4c80>,3,1,[1 5],6,6,7,0,6
1,<environment.Job instance at 0x1530200fb550>,4,1,[10  1],8,8,9,0,8
1,<environment.Job instance at 0x15302147d2d0>,5,1,[5 2],9,9,10,0,9
1,<environment.Job instance at 0x153021339d70>,8,1,[10  2],13,13,14,0,13
1,<environment.Job instance at 0x153018da3190>,1,2,[7 2],2,2,4,0,2
1,<environment.Job instance at 0x15301a02aa50>,2,3,[10  1],3,4,7,1,3
1,<environment.Job instance at 0x153028182780>,3,3,[6 1],4,7,10,3,4
1,<environment.Job instance at 0x153019554230>,0,1,[7 2],2,2,3,0,2
1,<environment.Job instance at 0x1530190efbe0>,1,2,[2 7],3,3,5,0,3
1,<environment.Job instance at 0x153030098f50>,5,1,[10  1],8,8,9,0,8
1,<environment.Job instance at 0x15301956aaf0>,6,3,[10  1],11,11,14,0,11
1,<environment.Job instance at 0x1530215839b0>,7,2,[ 2 10],12,14,16,2,12
1,<environment.Job instance at 0x153019317b40>,8,3,[9 2],13,16,19,3,13
1,<environment.Job instance at 0x153030138c80>,9,1,[1 9],14,19,20,5,14
1,<environment.Job instance at 0x153020429820>,10,1,[8 2],17,20,21,3,17
1,<environment.Job instance at 0x153018fc01e0>,12,1,[9 2],20,21,22,1,20
1,<environment.Job instance at 0x153018fc00f0>,13,1,[10  1],21,22,23,1,21
1,<environment.Job instance at 0x1530192252d0>,0,1,[7 2],2,2,3,0,2
1,<environment.Job instance at 0x1530195830a0>,2,3,[1 7],4,4,7,0,4
1,<environment.Job instance at 0x153019583460>,3,2,[6 2],6,6,8,0,6
1,<environment.Job instance at 0x1530202cc460>,4,3,[9 1],7,8,11,1,7
1,<environment.Job instance at 0x1530202cc050>,6,14,[ 2 10],9,11,25,2,9
1,<environment.Job instance at 0x1530202cc320>,8,1,[1 9],11,25,26,14,11
1,<environment.Job instance at 0x1530202cc690>,9,16,[1 8],12,26,42,14,13
1,<environment.Job instance at 0x1530202cc280>,11,3,[5 2],14,26,29,12,14
1,<environment.Job instance at 0x1530203d0a50>,13,2,[8 2],16,29,31,13,16
1,<environment.Job instance at 0x1530203d0fa0>,14,1,[9 2],17,31,32,14,17
1,<environment.Job instance at 0x1530201d78c0>,15,2,[1 7],18,42,44,24,18
1,<environment.Job instance at 0x153019267410>,1,2,[5 2],3,3,5,0,3
1,<environment.Job instance at 0x15302031f2d0>,2,2,[7 2],4,5,7,1,4
1,<environment.Job instance at 0x15302031f460>,3,2,[5 2],6,7,9,1,6
1,<environment.Job instance at 0x15303097daf0>,4,1,[ 2 10],7,9,10,2,7
1,<environment.Job instance at 0x15303097d690>,5,1,[6 2],8,10,11,2,8
1,<environment.Job instance at 0x15303097dfa0>,7,16,[2 9],10,11,27,1,10
1,<environment.Job instance at 0x153018d24d20>,8,2,[5 2],11,996,998,985,996
1,<environment.Job instance at 0x153019405230>,11,3,[8 2],15,2078,2081,2063,2078
1,<environment.Job instance at 0x153018f448c0>,2,27,[1 9],3,4,31,1,4
1,<environment.Job instance at 0x1530190d8870>,21,16,[1 6],32,32,48,0,32
1,<environment.Job instance at 0x153028071910>,22,15,[10  2],33,48,63,15,35
1,<environment.Job instance at 0x15301b4ac7d0>,24,2,[ 2 10],36,63,65,27,36
1,<environment.Job instance at 0x153032ff0410>,25,3,[5 1],37,37,40,0,37
1,<environment.Job instance at 0x153032b6ad70>,26,1,[1 9],39,65,66,26,39
1,<environment.Job instance at 0x1530322b05a0>,27,1,[2 7],40,66,67,26,40
1,<environment.Job instance at 0x153030990050>,28,2,[1 8],41,67,69,26,43
1,<environment.Job instance at 0x1530309b2320>,30,2,[ 2 10],45,69,71,24,45
1,<environment.Job instance at 0x1530309b2550>,31,3,[9 1],46,71,74,25,46
1,<environment.Job instance at 0x153030994d70>,1,1,[1 6],2,2,3,0,2
1,<environment.Job instance at 0x153030994dc0>,2,1,[10  1],3,3,4,0,3
1,<environment.Job instance at 0x15302bd8baf0>,4,1,[7 1],5,5,6,0,5
1,<environment.Job instance at 0x15302bd8bdc0>,5,3,[9 2],6,6,9,0,6
1,<environment.Job instance at 0x15302bd8b6e0>,6,2,[1 8],7,7,9,0,7
1,<environment.Job instance at 0x15301bfee5f0>,8,3,[2 5],9,9,12,0,9
1,<environment.Job instance at 0x15302bd8beb0>,9,2,[8 1],10,10,12,0,10
1,<environment.Job instance at 0x153019659cd0>,22,2,[1 7],29,206,208,177,206
1,<environment.Job instance at 0x153018c9b820>,13,16,[5 2],14,412,428,398,412
1,<environment.Job instance at 0x153030131b90>,1,1,[1 6],2,2,3,0,2
1,<environment.Job instance at 0x153030131eb0>,2,14,[1 8],3,3,17,0,3
1,<environment.Job instance at 0x153030131a00>,5,1,[1 6],6,17,18,11,6
1,<environment.Job instance at 0x153018c9b820>,7,3,[1 9],8,18,21,10,8
1,<environment.Job instance at 0x1530280245f0>,10,2,[7 1],16,16,18,0,16
1,<environment.Job instance at 0x1530280240f0>,16,1,[5 1],22,27,28,5,27
1,<environment.Job instance at 0x15301a0209b0>,17,12,[ 1 10],23,28,40,5,27
1,<environment.Job instance at 0x15301957f2d0>,18,2,[1 7],24,40,42,16,27
1,<environment.Job instance at 0x15302801ae10>,20,3,[5 2],28,40,43,12,31
1,<environment.Job instance at 0x1530195e0b40>,0,3,[7 2],1,1,4,0,1
1,<environment.Job instance at 0x1530195e0d70>,2,15,[ 2 10],4,4,19,0,4
1,<environment.Job instance at 0x15137ed52460>,1,3,[1 9],2,2,5,0,2
1,<environment.Job instance at 0x15137ed52e60>,2,1,[2 5],3,5,6,2,3
1,<environment.Job instance at 0x15132850dc30>,3,1,[6 2],4,5,6,1,4
1,<environment.Job instance at 0x15132850d870>,4,2,[7 2],5,6,8,1,5
1,<environment.Job instance at 0x15132850d190>,5,3,[9 2],6,8,11,2,6
1,<environment.Job instance at 0x15132850d730>,7,1,[2 6],8,11,12,3,8
1,<environment.Job instance at 0x15137ed52a50>,9,2,[6 1],11,11,13,0,11
1,<environment.Job instance at 0x151328ba0960>,11,3,[1 8],13,13,16,0,13
1,<environment.Job instance at 0x151328c43b40>,12,3,[1 8],14,16,19,2,14
1,<environment.Job instance at 0x151328bdde60>,13,2,[8 1],17,17,19,0,17
1,<environment.Job instance at 0x151328c43280>,14,2,[ 1 10],18,19,21,1,18
1,<environment.Job instance at 0x151328cb5fa0>,15,1,[ 1 10],20,21,22,1,20
1,<environment.Job instance at 0x151328c4bfa0>,16,1,[2 5],21,22,23,1,21
1,<environment.Job instance at 0x151328c68fa0>,18,2,[10  1],25,25,27,0,25
1,<environment.Job instance at 0x151328d477d0>,19,3,[6 2],26,142,145,116,142
1,<environment.Job instance at 0x151328d4a0a0>,22,1,[2 7],30,551,552,521,551
1,<environment.Job instance at 0x151328d4a0a0>,1,1,[1 9],5,5,6,0,5
1,<environment.Job instance at 0x151328521b90>,3,3,[1 5],7,7,10,0,7
1,<environment.Job instance at 0x15132ad09780>,4,3,[9 2],8,8,11,0,8
1,<environment.Job instance at 0x15132ad096e0>,5,3,[10  1],9,11,14,2,9
1,<environment.Job instance at 0x15132ad09c80>,7,3,[2 9],12,14,17,2,12
1,<environment.Job instance at 0x15132ad09a50>,8,3,[1 9],13,17,20,4,13
1,<environment.Job instance at 0x15132acf8b90>,0,3,[9 1],3,3,6,0,3
1,<environment.Job instance at 0x151332415460>,0,2,[10  2],1,1,3,0,1
1,<environment.Job instance at 0x15135dfc1c30>,2,1,[2 6],6,6,7,0,6
1,<environment.Job instance at 0x15133074d690>,3,2,[1 6],7,7,9,0,7
1,<environment.Job instance at 0x15133074dd70>,5,1,[2 8],12,12,13,0,12
1,<environment.Job instance at 0x15132c569960>,7,2,[7 2],17,17,19,0,17
1,<environment.Job instance at 0x15132c5697d0>,8,2,[2 5],18,18,20,0,18
1,<environment.Job instance at 0x15135d44beb0>,9,14,[2 8],19,20,34,1,19
1,<environment.Job instance at 0x15132ecacaf0>,10,3,[8 1],22,22,25,0,22
1,<environment.Job instance at 0x151332408eb0>,11,1,[7 2],23,25,26,2,23
1,<environment.Job instance at 0x151330749e60>,12,2,[5 2],24,26,28,2,24
1,<environment.Job instance at 0x151328cfd870>,1,3,[1 9],2,2,5,0,2
1,<environment.Job instance at 0x1513285093c0>,2,1,[6 1],3,3,4,0,3
1,<environment.Job instance at 0x151327ee5640>,9,3,[1 8],18,18,21,0,18
1,<environment.Job instance at 0x1513284daa00>,10,2,[2 7],21,1147,1149,1126,1147
1,<environment.Job instance at 0x151327ee5e60>,7,2,[10  1],13,2838,2840,2825,2838
1,<environment.Job instance at 0x15132ac87960>,1,2,[5 1],3,3,5,0,3
1,<environment.Job instance at 0x15132ac87dc0>,2,1,[2 7],4,4,5,0,4
1,<environment.Job instance at 0x1513281a46e0>,3,2,[10  2],5,5,7,0,5
1,<environment.Job instance at 0x1513281a4910>,4,2,[6 1],6,7,9,1,6
1,<environment.Job instance at 0x151327ee50f0>,5,3,[9 2],8,9,12,1,8
1,<environment.Job instance at 0x1513281a4b90>,6,3,[6 2],11,12,15,1,11
1,<environment.Job instance at 0x1513281a47d0>,7,2,[5 2],12,15,17,3,12
1,<environment.Job instance at 0x1513281a4820>,8,3,[1 7],13,13,16,0,13
1,<environment.Job instance at 0x1513281a4870>,9,2,[9 2],15,17,19,2,15
1,<environment.Job instance at 0x1513281a4fa0>,10,1,[7 2],16,19,20,3,16
1,<environment.Job instance at 0x1513281a44b0>,13,14,[1 9],20,20,34,0,20
1,<environment.Job instance at 0x15132ae92690>,16,2,[2 9],25,34,36,9,25
1,<environment.Job instance at 0x15132ae922d0>,17,2,[2 5],26,36,38,10,26
1,<environment.Job instance at 0x15132ae92cd0>,18,16,[2 9],27,38,54,11,27
1,<environment.Job instance at 0x15132ae92dc0>,20,3,[8 1],29,29,32,0,29
1,<environment.Job instance at 0x15132ae92460>,21,3,[8 1],33,33,36,0,33
1,<environment.Job instance at 0x15132ae92410>,22,1,[10  1],34,54,55,20,34
1,<environment.Job instance at 0x15132a1e14b0>,0,2,[1 7],1,1,3,0,1
1,<environment.Job instance at 0x15132aff0eb0>,3,3,[1 6],4,4,7,0,4
1,<environment.Job instance at 0x15132a1e1410>,4,16,[1 5],5,7,23,2,5
1,<environment.Job instance at 0x15132a1e1190>,5,2,[ 1 10],6,23,25,17,6
1,<environment.Job instance at 0x1513280b7aa0>,7,15,[7 2],8,25,40,17,11
1,<environment.Job instance at 0x151333135190>,11,3,[2 8],12,25,28,13,12
1,<environment.Job instance at 0x151333111910>,10,2,[1 8],11,28,30,17,12
1,<environment.Job instance at 0x15132834f2d0>,12,2,[2 8],13,30,32,17,15
1,<environment.Job instance at 0x151333111280>,14,1,[6 2],18,18,19,0,18
1,<environment.Job instance at 0x151327ed0fa0>,18,27,[ 2 10],23,2023,2050,2000,2023
1,<environment.Job instance at 0x151327ed0a50>,1,2,[1 8],2,2,4,0,2
1,<environment.Job instance at 0x151333135640>,3,1,[2 5],4,4,5,0,4
1,<environment.Job instance at 0x151327ee2f00>,4,14,[2 8],5,5,19,0,5
1,<environment.Job instance at 0x151327a6cc30>,5,2,[7 1],6,6,8,0,6
1,<environment.Job instance at 0x151327ee26e0>,6,3,[7 1],7,8,11,1,7
1,<environment.Job instance at 0x151327eda5a0>,0,2,[6 2],1,1,3,0,1
1,<environment.Job instance at 0x151327eda320>,1,3,[9 1],2,3,6,1,2
1,<environment.Job instance at 0x151327b64870>,3,2,[5 2],4,6,8,2,4
1,<environment.Job instance at 0x15132afddd70>,4,27,[1 7],5,5,32,0,5
1,<environment.Job instance at 0x151327bc1140>,10,2,[5 1],13,19,21,6,19
1,<environment.Job instance at 0x151327b648c0>,6,17,[2 8],7,32,49,25,20
1,<environment.Job instance at 0x151327bc1190>,12,3,[9 2],15,26,29,11,26
1,<environment.Job instance at 0x151327bc1af0>,14,15,[2 8],22,49,64,27,35
1,<environment.Job instance at 0x151328ba0280>,13,2,[2 9],17,141,143,124,141
1,<environment.Job instance at 0x1513284c0e10>,18,1,[10  2],28,151,152,123,151
1,<environment.Job instance at 0x151327bc15f0>,8,2,[ 1 10],10,315,317,305,315
1,<environment.Job instance at 0x151328d10d70>,1,12,[2 6],3,3,15,0,3
1,<environment.Job instance at 0x15135cd7fa00>,2,1,[9 1],5,15,16,10,5
1,<environment.Job instance at 0x15132d43acd0>,6,16,[1 6],11,217,233,206,217
1,<environment.Job instance at 0x1513323e95f0>,0,2,[5 2],1,1,3,0,1
1,<environment.Job instance at 0x1513323e90f0>,1,2,[5 1],2,2,4,0,2
1,<environment.Job instance at 0x1513282a8af0>,2,1,[1 7],3,3,4,0,3
1,<environment.Job instance at 0x15132b1096e0>,4,1,[6 2],7,7,8,0,7
1,<environment.Job instance at 0x15132d43a7d0>,5,1,[5 1],8,8,9,0,8
1,<environment.Job instance at 0x15132c089aa0>,6,1,[2 6],10,10,11,0,10
1,<environment.Job instance at 0x15132c508c30>,7,3,[2 6],11,11,14,0,11
1,<environment.Job instance at 0x15132c508aa0>,8,2,[9 1],12,14,16,2,12
1,<environment.Job instance at 0x15132c508d70>,10,2,[7 2],15,16,18,1,15
1,<environment.Job instance at 0x15132c508b40>,11,2,[9 2],16,18,20,2,16
1,<environment.Job instance at 0x1513325aca00>,12,3,[5 1],17,20,23,3,17
1,<environment.Job instance at 0x1513325ac910>,13,2,[ 1 10],18,23,25,5,18
1,<environment.Job instance at 0x1513325ac870>,14,13,[2 6],19,25,38,6,19
1,<environment.Job instance at 0x15132b002aa0>,1,3,[1 9],2,2,5,0,2
1,<environment.Job instance at 0x151328cf3d20>,4,3,[2 8],8,8,11,0,8
1,<environment.Job instance at 0x15135cae53c0>,1,1,[8 1],3,3,4,0,3
1,<environment.Job instance at 0x151327a89b40>,4,15,[ 2 10],12,12,27,0,12
1,<environment.Job instance at 0x151327a89640>,6,2,[7 2],14,27,29,13,14
1,<environment.Job instance at 0x151327a89c30>,7,2,[5 2],16,29,31,13,16
1,<environment.Job instance at 0x151327a89a00>,8,1,[ 2 10],17,31,32,14,17
1,<environment.Job instance at 0x151327a893c0>,9,1,[6 2],18,32,33,14,18
1,<environment.Job instance at 0x151328017a50>,11,16,[2 9],20,33,49,13,26
1,<environment.Job instance at 0x151332580780>,2,27,[1 9],3,4,31,1,4
1,<environment.Job instance at 0x151332580aa0>,5,12,[2 8],8,1747,1759,1739,1747
1,<environment.Job instance at 0x15132ac768c0>,1,1,[5 1],2,2,3,0,2
1,<environment.Job instance at 0x15135c070550>,2,12,[ 1 10],3,3,15,0,3
1,<environment.Job instance at 0x15132c249500>,3,2,[1 7],4,15,17,11,4
1,<environment.Job instance at 0x15132ae0e6e0>,4,1,[6 2],7,15,16,8,7
1,<environment.Job instance at 0x15135c070c80>,5,3,[5 2],8,16,19,8,8
1,<environment.Job instance at 0x15132845fc80>,7,3,[2 7],10,17,20,7,10
1,<environment.Job instance at 0x15135cae5f50>,8,2,[8 2],12,19,21,7,12
1,<environment.Job instance at 0x15132833ea00>,10,1,[5 2],19,21,22,2,19
1,<environment.Job instance at 0x15132afbe6e0>,12,1,[7 2],22,22,23,0,22
1,<environment.Job instance at 0x151328c3c5a0>,13,1,[2 8],23,23,24,0,23
1,<environment.Job instance at 0x151327e440a0>,14,2,[2 9],24,24,26,0,24
1,<environment.Job instance at 0x15132c5b9be0>,15,3,[2 6],25,26,29,1,25
1,<environment.Job instance at 0x15132b0f01e0>,16,2,[7 1],27,27,29,0,27
1,<environment.Job instance at 0x151332590d70>,17,1,[ 1 10],28,29,30,1,28
1,<environment.Job instance at 0x1513325904b0>,18,26,[2 5],29,30,56,1,29
1,<environment.Job instance at 0x151327d2fb90>,19,3,[1 9],31,56,59,25,31
1,<environment.Job instance at 0x15132c5c3910>,21,3,[8 1],34,34,37,0,34
1,<environment.Job instance at 0x15133311ea50>,22,1,[1 8],35,59,60,24,35
1,<environment.Job instance at 0x15132b156d70>,23,1,[10  2],39,60,61,21,39
1,<environment.Job instance at 0x15132b1563c0>,24,2,[2 6],40,61,63,21,40
1,<environment.Job instance at 0x15132b156eb0>,25,1,[1 5],41,41,42,0,41
1,<environment.Job instance at 0x15132b156dc0>,26,3,[7 2],43,43,46,0,43
1,<environment.Job instance at 0x15135d403550>,29,3,[10  1],48,63,66,15,48
1,<environment.Job instance at 0x151327c602d0>,0,1,[9 1],1,1,2,0,1
1,<environment.Job instance at 0x151327b95aa0>,0,2,[1 6],6,6,8,0,6
1,<environment.Job instance at 0x1513279c50f0>,2,2,[2 8],10,10,12,0,10
1,<environment.Job instance at 0x15132b143c80>,3,1,[7 1],13,13,14,0,13
1,<environment.Job instance at 0x15132c1bb230>,4,2,[2 6],14,14,16,0,14
1,<environment.Job instance at 0x15135cd6a780>,5,3,[6 2],16,16,19,0,16
1,<environment.Job instance at 0x15132b1910f0>,6,12,[2 9],17,19,31,2,17
1,<environment.Job instance at 0x1513330cde60>,7,2,[5 1],18,19,21,1,18
1,<environment.Job instance at 0x1513324173c0>,8,3,[9 1],19,31,34,12,19
1,<environment.Job instance at 0x15135d400b40>,9,1,[7 2],20,34,35,14,20
1,<environment.Job instance at 0x15132afa8190>,11,3,[9 2],24,35,38,11,24
1,<environment.Job instance at 0x15132afa8aa0>,12,2,[2 5],25,38,40,13,25
1,<environment.Job instance at 0x15132ae7e0f0>,13,1,[1 9],26,31,32,5,26
1,<environment.Job instance at 0x15132ae7eaa0>,14,3,[1 7],27,32,35,5,27
1,<environment.Job instance at 0x15135d46a550>,15,1,[1 8],28,35,36,7,28
1,<environment.Job instance at 0x15132c272aa0>,17,1,[1 9],30,40,41,10,30
1,<environment.Job instance at 0x1513331d2370>,18,2,[2 6],31,41,43,10,31
1,<environment.Job instance at 0x15133317eb40>,19,3,[ 2 10],32,43,46,11,32
1,<environment.Job instance at 0x151332434820>,20,13,[2 8],33,46,59,13,33
1,<environment.Job instance at 0x15132d44f3c0>,21,1,[8 1],36,38,39,2,36
1,<environment.Job instance at 0x15132d44feb0>,22,3,[1 6],37,59,62,22,37
1,<environment.Job instance at 0x15132d44f320>,23,2,[1 6],38,62,64,24,38
1,<environment.Job instance at 0x151327e0f9b0>,24,1,[2 5],39,39,40,0,39
1,<environment.Job instance at 0x1513283026e0>,0,2,[7 2],1,1,3,0,1
1,<environment.Job instance at 0x1513283025f0>,2,16,[1 7],3,3,19,0,3
1,<environment.Job instance at 0x151328c7a050>,5,1,[9 2],8,8,9,0,8
1,<environment.Job instance at 0x151328c7ab40>,12,2,[1 9],16,28,30,12,28
1,<environment.Job instance at 0x151328c7aa50>,13,2,[1 7],19,30,32,11,28
1,<environment.Job instance at 0x1513282f2dc0>,16,2,[2 8],22,47,49,25,47
1,<environment.Job instance at 0x1513282f2910>,18,2,[6 1],24,47,49,23,47
1,<environment.Job instance at 0x1513282e04b0>,19,3,[7 2],25,49,52,24,49
1,<environment.Job instance at 0x151327add7d0>,20,2,[8 1],26,52,54,26,49
1,<environment.Job instance at 0x15132b1774b0>,22,1,[10  1],28,62,63,34,62
1,<environment.Job instance at 0x15132aef9dc0>,23,2,[8 2],30,63,65,33,62
1,<environment.Job instance at 0x15132850f0f0>,24,1,[1 6],31,113,114,82,113
1,<environment.Job instance at 0x151328c3ab90>,52,3,[10  1],68,114,117,46,114
1,<environment.Job instance at 0x151328c3ab40>,53,3,[1 8],69,117,120,48,114
1,<environment.Job instance at 0x151328c3a460>,54,2,[2 9],70,120,122,50,114
1,<environment.Job instance at 0x151328c3a4b0>,55,2,[8 2],71,117,119,46,114
1,<environment.Job instance at 0x151328c3a410>,56,2,[8 1],72,119,121,47,114
1,<environment.Job instance at 0x151328c7acd0>,8,13,[1 9],11,156,169,145,156
1,<environment.Job instance at 0x151328c7a230>,9,2,[10  2],12,171,173,159,171
1,<environment.Job instance at 0x151328c7aa00>,7,2,[1 5],10,173,175,163,173
1,<environment.Job instance at 0x15248c5a6460>,1,3,[1 9],2,2,5,0,2
1,<environment.Job instance at 0x15248c5a6e60>,2,1,[2 5],3,5,6,2,3
1,<environment.Job instance at 0x152435d7ec80>,3,1,[6 2],4,5,6,1,4
1,<environment.Job instance at 0x152435d7ea00>,4,2,[7 2],5,6,8,1,5
1,<environment.Job instance at 0x152435d7e3c0>,5,3,[9 2],6,8,11,2,6
1,<environment.Job instance at 0x152435d7e140>,7,1,[2 6],8,11,12,3,8
1,<environment.Job instance at 0x15248c5a6a50>,9,2,[6 1],11,11,13,0,11
1,<environment.Job instance at 0x1524364d7730>,10,13,[2 8],12,12,25,0,12
1,<environment.Job instance at 0x152436543960>,11,3,[1 8],13,25,28,12,13
1,<environment.Job instance at 0x152435d7e1e0>,12,3,[1 8],14,28,31,14,14
1,<environment.Job instance at 0x15243644ee60>,13,2,[8 1],17,17,19,0,17
1,<environment.Job instance at 0x15243644e410>,14,2,[ 1 10],18,31,33,13,18
1,<environment.Job instance at 0x15243640e500>,15,1,[ 1 10],20,33,34,13,20
1,<environment.Job instance at 0x1524364ddb90>,18,2,[10  1],25,169,171,144,169
1,<environment.Job instance at 0x1524365b1dc0>,21,3,[6 1],29,720,723,691,720
1,<environment.Job instance at 0x152438510e10>,1,3,[2 9],2,2,5,0,2
1,<environment.Job instance at 0x1524365b1320>,2,3,[1 9],3,5,8,2,3
1,<environment.Job instance at 0x152438637a50>,1,15,[1 7],5,5,20,0,5
1,<environment.Job instance at 0x15243879abe0>,7,2,[ 2 10],14,20,22,6,14
1,<environment.Job instance at 0x15243879a8c0>,8,2,[2 9],15,22,24,7,15
1,<environment.Job instance at 0x15243879a500>,10,19,[ 1 10],18,24,43,6,18
1,<environment.Job instance at 0x15243879a820>,11,2,[9 1],19,43,45,24,19
1,<environment.Job instance at 0x15243879ac30>,13,2,[ 1 10],21,45,47,24,21
1,<environment.Job instance at 0x1524500988c0>,0,1,[6 2],1,1,2,0,1
1,<environment.Job instance at 0x15248c540f50>,3,2,[8 1],8,209,211,201,209
1,<environment.Job instance at 0x15243acd1050>,0,2,[1 9],1,2,4,1,2
1,<environment.Job instance at 0x15243acd15a0>,1,3,[2 8],2,4,7,2,4
1,<environment.Job instance at 0x152438531460>,4,3,[1 6],7,7,10,0,7
1,<environment.Job instance at 0x15245097a3c0>,5,2,[8 2],8,8,10,0,8
1,<environment.Job instance at 0x1524387ffd70>,7,3,[10  1],11,11,14,0,11
1,<environment.Job instance at 0x1524387ffaf0>,8,2,[1 7],12,18,20,6,18
1,<environment.Job instance at 0x1524387ff320>,14,1,[2 8],20,20,21,0,20
1,<environment.Job instance at 0x1524509a6c30>,15,1,[8 2],21,21,22,0,21
1,<environment.Job instance at 0x1524509a6280>,18,3,[10  1],26,26,29,0,26
1,<environment.Job instance at 0x1524509a6870>,19,3,[10  2],27,29,32,2,27
1,<environment.Job instance at 0x1524385312d0>,0,1,[2 6],1,1,2,0,1
1,<environment.Job instance at 0x152450adce60>,3,14,[1 6],5,5,19,0,5
1,<environment.Job instance at 0x1524358a28c0>,9,2,[2 6],11,19,21,8,11
1,<environment.Job instance at 0x1524358a2d20>,10,3,[9 2],12,12,15,0,12
1,<environment.Job instance at 0x1524358a2280>,11,2,[10  2],13,21,23,8,13
1,<environment.Job instance at 0x152439d9e460>,58,2,[1 6],87,156,158,69,156
1,<environment.Job instance at 0x152450adc730>,5,3,[5 1],7,720,723,713,720
1,<environment.Job instance at 0x1524358a29b0>,1,1,[6 2],2,2,3,0,2
1,<environment.Job instance at 0x152436588c30>,2,3,[10  2],4,4,7,0,4
1,<environment.Job instance at 0x152450adc730>,3,3,[5 1],8,8,11,0,8
1,<environment.Job instance at 0x152439a54c80>,4,1,[2 8],9,9,10,0,9
1,<environment.Job instance at 0x152439a54870>,5,2,[7 2],10,11,13,1,10
1,<environment.Job instance at 0x152439a47960>,6,2,[6 2],11,13,15,2,11
1,<environment.Job instance at 0x152439a473c0>,7,3,[9 1],12,15,18,3,12
1,<environment.Job instance at 0x152439a47690>,9,2,[5 2],14,18,20,4,14
1,<environment.Job instance at 0x152439a47cd0>,10,27,[1 7],15,15,42,0,15
1,<environment.Job instance at 0x152439a47c80>,12,17,[2 8],17,42,59,25,30
1,<environment.Job instance at 0x152439a68190>,16,2,[5 1],23,34,36,11,34
1,<environment.Job instance at 0x15243acc2730>,18,3,[9 2],25,36,39,11,34
1,<environment.Job instance at 0x152439a68690>,19,2,[2 9],27,59,61,32,35
1,<environment.Job instance at 0x152439d543c0>,21,1,[5 1],33,39,40,6,38
1,<environment.Job instance at 0x15243f618780>,23,2,[1 8],37,61,63,24,51
1,<environment.Job instance at 0x152439a687d0>,24,1,[10  2],38,63,64,25,51
1,<environment.Job instance at 0x15243acd1d70>,25,3,[2 8],39,64,67,25,54
1,<environment.Job instance at 0x152439a684b0>,17,17,[1 9],24,67,84,43,57
1,<environment.Job instance at 0x1524388ed640>,27,2,[8 2],45,61,63,16,61
1,<environment.Job instance at 0x152437007a00>,26,15,[2 7],40,84,99,44,70
1,<environment.Job instance at 0x1524364b9dc0>,29,3,[6 2],47,84,87,37,70
1,<environment.Job instance at 0x1524388edb40>,30,1,[8 1],49,70,71,21,70
1,<environment.Job instance at 0x152452c72f00>,32,1,[2 9],54,99,100,45,72
1,<environment.Job instance at 0x152437a5feb0>,1,12,[2 6],3,3,15,0,3
1,<environment.Job instance at 0x152452c72f00>,2,1,[9 1],5,15,16,10,5
1,<environment.Job instance at 0x152435803140>,3,17,[2 8],6,16,33,10,6
1,<environment.Job instance at 0x152435767190>,10,1,[10  2],17,33,34,16,21
1,<environment.Job instance at 0x15243c511140>,11,2,[7 2],18,21,23,3,21
1,<environment.Job instance at 0x1524357671e0>,12,16,[1 9],19,34,50,15,21
1,<environment.Job instance at 0x15243580edc0>,15,3,[9 2],23,50,53,27,24
1,<environment.Job instance at 0x1524523bb6e0>,17,2,[1 8],25,50,52,25,25
1,<environment.Job instance at 0x152439d15af0>,26,12,[ 1 10],37,53,65,16,38
1,<environment.Job instance at 0x152438748410>,27,3,[2 7],39,65,68,26,39
1,<environment.Job instance at 0x1524387489b0>,28,1,[1 6],40,52,53,12,40
1,<environment.Job instance at 0x152438748b40>,29,3,[8 2],41,65,68,24,41
1,<environment.Job instance at 0x152438748e60>,30,1,[1 7],42,68,69,26,45
1,<environment.Job instance at 0x1524399cf820>,34,3,[7 1],46,46,49,0,46
1,<environment.Job instance at 0x1524398ede10>,6,16,[1 6],11,180,196,169,180
1,<environment.Job instance at 0x152439d77eb0>,1,2,[9 1],2,2,4,0,2
1,<environment.Job instance at 0x1524398c0a50>,3,2,[7 2],5,5,7,0,5
1,<environment.Job instance at 0x15243fca9c30>,4,2,[9 2],6,7,9,1,6
1,<environment.Job instance at 0x1524365676e0>,5,3,[5 1],7,9,12,2,7
1,<environment.Job instance at 0x1524358c0b40>,6,2,[ 1 10],8,12,14,4,8
1,<environment.Job instance at 0x152439e220f0>,1,16,[1 8],2,2,18,0,2
1,<environment.Job instance at 0x152435c70280>,2,1,[6 1],3,3,4,0,3
1,<environment.Job instance at 0x152435c5c320>,0,1,[1 9],1,18,19,17,3
1,<environment.Job instance at 0x152435c70780>,5,2,[8 2],6,6,8,0,6
1,<environment.Job instance at 0x152435c70410>,6,1,[9 2],7,8,9,1,7
1,<environment.Job instance at 0x152435c70e60>,7,2,[1 7],8,19,21,11,8
1,<environment.Job instance at 0x152435c70d20>,9,16,[2 9],12,21,37,9,12
1,<environment.Job instance at 0x152435c70870>,13,1,[5 2],18,19,20,1,18
1,<environment.Job instance at 0x15243596a730>,14,1,[8 2],19,20,21,1,19
1,<environment.Job instance at 0x1524355da960>,15,2,[7 2],21,37,39,16,21
1,<environment.Job instance at 0x1524355da8c0>,16,3,[6 1],23,23,26,0,23
1,<environment.Job instance at 0x1524355dac30>,17,2,[10  1],24,39,41,15,24
1,<environment.Job instance at 0x1524355da500>,18,1,[9 1],25,41,42,16,25
1,<environment.Job instance at 0x1524357934b0>,19,3,[5 1],26,26,29,0,26
1,<environment.Job instance at 0x15248c5a63c0>,20,3,[1 6],27,41,44,14,27
1,<environment.Job instance at 0x152438956be0>,0,2,[6 2],1,1,3,0,1
1,<environment.Job instance at 0x152438956640>,2,2,[5 2],5,5,7,0,5
1,<environment.Job instance at 0x1524387c8f00>,4,3,[6 1],7,7,10,0,7
1,<environment.Job instance at 0x1524365a2eb0>,5,2,[ 1 10],8,10,12,2,8
1,<environment.Job instance at 0x15243c549b40>,6,1,[7 1],9,12,13,3,9
1,<environment.Job instance at 0x15243c549cd0>,7,1,[2 6],12,12,13,0,12
1,<environment.Job instance at 0x152438539910>,8,2,[10  2],13,13,15,0,13
1,<environment.Job instance at 0x152438539500>,9,1,[5 1],14,15,16,1,14
1,<environment.Job instance at 0x152438539050>,10,2,[8 2],15,16,18,1,15
1,<environment.Job instance at 0x152438517190>,11,1,[6 1],16,18,19,2,16
1,<environment.Job instance at 0x152438934410>,12,3,[8 1],18,19,22,1,18
1,<environment.Job instance at 0x15243fcef7d0>,14,2,[8 2],23,23,25,0,23
1,<environment.Job instance at 0x152438539a00>,16,3,[2 6],27,27,30,0,27
1,<environment.Job instance at 0x152450076dc0>,17,2,[7 1],28,28,30,0,28
1,<environment.Job instance at 0x1524389c7960>,20,14,[2 6],33,363,377,330,363
1,<environment.Job instance at 0x152450032910>,22,2,[2 8],35,795,797,760,795
1,<environment.Job instance at 0x1524399af050>,2,1,[9 2],4,4,5,0,4
1,<environment.Job instance at 0x152450032910>,3,1,[2 8],5,5,6,0,5
1,<environment.Job instance at 0x152452c7cfa0>,4,1,[5 1],6,6,7,0,6
1,<environment.Job instance at 0x152452c7cc30>,5,1,[8 1],8,8,9,0,8
1,<environment.Job instance at 0x1524399cf730>,6,1,[1 8],10,10,11,0,10
1,<environment.Job instance at 0x1524399cf5f0>,7,1,[2 9],11,11,12,0,11
1,<environment.Job instance at 0x152435b1b0a0>,8,3,[1 9],12,12,15,0,12
1,<environment.Job instance at 0x1524399cfaa0>,10,1,[7 2],15,15,16,0,15
1,<environment.Job instance at 0x1524399cf960>,11,1,[10  1],16,16,17,0,16
1,<environment.Job instance at 0x15243588d870>,12,3,[2 5],18,18,21,0,18
1,<environment.Job instance at 0x1524398d7c30>,13,2,[6 2],19,19,21,0,19
1,<environment.Job instance at 0x1524398d7730>,14,18,[2 9],20,21,39,1,20
1,<environment.Job instance at 0x152435c5feb0>,15,3,[2 9],21,39,42,18,21
1,<environment.Job instance at 0x1524356dfc80>,16,1,[1 6],22,42,43,20,22
1,<environment.Job instance at 0x152452c6a0a0>,17,1,[10  1],23,43,44,20,23
1,<environment.Job instance at 0x152436545e10>,19,1,[7 1],25,25,26,0,25
1,<environment.Job instance at 0x15243642ad20>,20,3,[9 2],26,44,47,18,26
1,<environment.Job instance at 0x15243642a190>,21,2,[1 8],27,44,46,17,27
1,<environment.Job instance at 0x152436532b40>,37,2,[1 7],49,174,176,125,174
1,<environment.Job instance at 0x1524359d26e0>,65,2,[1 8],83,176,178,93,174
1,<environment.Job instance at 0x1524359d25a0>,67,16,[8 2],85,176,192,91,176
1,<environment.Job instance at 0x15243642a410>,23,3,[2 5],29,235,238,206,235
1,<environment.Job instance at 0x15243642adc0>,1,1,[1 6],2,2,3,0,2
1,<environment.Job instance at 0x15243642a820>,2,14,[1 8],3,3,17,0,3
1,<environment.Job instance at 0x152436488af0>,4,2,[7 2],5,5,7,0,5
1,<environment.Job instance at 0x152436488d20>,5,1,[1 6],6,17,18,11,6
1,<environment.Job instance at 0x152436488d70>,7,3,[1 9],8,18,21,10,8
1,<environment.Job instance at 0x1524364880a0>,8,3,[6 1],9,9,12,0,9
1,<environment.Job instance at 0x1524364882d0>,10,2,[7 1],16,16,18,0,16
1,<environment.Job instance at 0x1524364884b0>,11,17,[8 1],17,19,36,2,19
1,<environment.Job instance at 0x152436488410>,14,3,[9 1],20,36,39,16,20
1,<environment.Job instance at 0x1524364886e0>,15,16,[2 5],21,39,55,18,26
1,<environment.Job instance at 0x15243649a780>,18,2,[1 7],24,26,28,2,26
1,<environment.Job instance at 0x15243649acd0>,19,1,[6 2],27,39,40,12,27
1,<environment.Job instance at 0x15243649ad20>,20,3,[5 2],28,40,43,12,28
1,<environment.Job instance at 0x15243649abe0>,22,3,[2 7],30,30,33,0,30
1,<environment.Job instance at 0x15243649a0f0>,23,2,[8 2],32,43,45,11,32
1,<environment.Job instance at 0x15243649a820>,25,1,[5 2],39,45,46,6,39
1,<environment.Job instance at 0x152439e173c0>,27,1,[7 2],42,46,47,4,42
1,<environment.Job instance at 0x152435960140>,28,1,[2 8],43,55,56,12,43
1,<environment.Job instance at 0x152435960f50>,29,2,[2 9],44,56,58,12,44
1,<environment.Job instance at 0x152435960d20>,30,3,[2 6],45,58,61,13,45
1,<environment.Job instance at 0x152435960550>,31,2,[7 1],47,47,49,0,47
1,<environment.Job instance at 0x152435960f00>,32,1,[ 1 10],48,61,62,13,48
1,<environment.Job instance at 0x1524399843c0>,35,17,[1 5],52,62,79,10,52
1,<environment.Job instance at 0x152439984140>,36,3,[8 1],54,54,57,0,54
1,<environment.Job instance at 0x1524359c4140>,37,1,[1 8],55,79,80,24,55
1,<environment.Job instance at 0x1524359c4c30>,38,1,[10  2],59,80,81,21,59
1,<environment.Job instance at 0x1524359c4460>,39,2,[2 6],60,81,83,21,60
1,<environment.Job instance at 0x1524359c4320>,40,1,[1 5],61,62,63,1,61
1,<environment.Job instance at 0x1524359c4500>,41,3,[7 2],63,63,66,0,63
1,<environment.Job instance at 0x15243649a140>,16,1,[5 1],22,159,160,137,159
1,<environment.Job instance at 0x1524389ae8c0>,0,2,[6 2],1,1,3,0,1
1,<environment.Job instance at 0x152435a705a0>,2,1,[10  1],6,6,7,0,6
1,<environment.Job instance at 0x152436497500>,3,3,[10  1],7,7,10,0,7
1,<environment.Job instance at 0x15245260b0a0>,4,2,[6 1],8,10,12,2,8
1,<environment.Job instance at 0x152436497230>,6,2,[10  2],10,12,14,2,10
1,<environment.Job instance at 0x15243c51f410>,7,1,[9 1],11,14,15,3,11
1,<environment.Job instance at 0x15245260ba50>,10,3,[2 7],14,15,18,1,14
1,<environment.Job instance at 0x152435676230>,11,1,[7 1],15,15,16,0,15
1,<environment.Job instance at 0x152435676500>,12,2,[7 2],16,16,18,0,16
1,<environment.Job instance at 0x152435676a00>,14,3,[2 6],19,19,22,0,19
1,<environment.Job instance at 0x1524355441e0>,18,1,[2 5],24,24,25,0,24
1,<environment.Job instance at 0x152435676050>,19,3,[10  2],27,27,30,0,27
1,<environment.Job instance at 0x152435676d70>,20,1,[2 7],28,30,31,2,28
1,<environment.Job instance at 0x152435676370>,15,2,[8 1],20,32,34,12,32
1,<environment.Job instance at 0x152438985d70>,23,3,[9 1],32,34,37,2,34
1,<environment.Job instance at 0x1524385c3780>,0,2,[1 6],6,6,8,0,6
1,<environment.Job instance at 0x1524359229b0>,2,2,[2 8],10,10,12,0,10
1,<environment.Job instance at 0x152435922e10>,3,1,[7 1],13,13,14,0,13
1,<environment.Job instance at 0x152439999b90>,4,2,[2 6],14,14,16,0,14
1,<environment.Job instance at 0x152439999e10>,5,3,[6 2],16,16,19,0,16
1,<environment.Job instance at 0x152439999af0>,7,2,[5 1],18,19,21,1,18
1,<environment.Job instance at 0x15243700b690>,8,3,[9 1],19,21,24,2,19
1,<environment.Job instance at 0x152435ccddc0>,9,1,[7 2],20,24,25,4,20
1,<environment.Job instance at 0x15243fc76640>,11,3,[9 2],24,25,28,1,24
1,<environment.Job instance at 0x15243fc76be0>,12,2,[2 5],25,28,30,3,25
1,<environment.Job instance at 0x15243fc76140>,13,1,[1 9],26,30,31,4,26
1,<environment.Job instance at 0x15243fc76cd0>,14,3,[1 7],27,31,34,4,27
1,<environment.Job instance at 0x15248805eb40>,15,1,[1 8],28,34,35,6,28
1,<environment.Job instance at 0x15248805eeb0>,17,1,[1 9],30,58,59,28,58
1,<environment.Job instance at 0x1524523ab690>,1,2,[10  2],2,2,4,0,2
1,<environment.Job instance at 0x15248805e370>,3,1,[1 5],5,5,6,0,5
1,<environment.Job instance at 0x152435d2e1e0>,4,2,[1 9],6,6,8,0,6
1,<environment.Job instance at 0x1524359ba1e0>,5,2,[1 7],9,9,11,0,9
1,<environment.Job instance at 0x15243595dcd0>,8,2,[2 8],12,12,14,0,12
1,<environment.Job instance at 0x152435d2e820>,9,3,[1 7],13,14,17,1,13
1,<environment.Job instance at 0x152435ab5140>,10,2,[6 1],14,14,16,0,14
1,<environment.Job instance at 0x152435841b90>,11,3,[7 2],15,16,19,1,15
1,<environment.Job instance at 0x1524358415a0>,12,2,[8 1],16,19,21,3,16
1,<environment.Job instance at 0x152435a62550>,14,1,[10  1],18,21,22,3,18
1,<environment.Job instance at 0x152437a4d4b0>,15,2,[8 2],20,22,24,2,20
1,<environment.Job instance at 0x152437a4dd70>,16,1,[1 6],21,22,23,1,21
1,<environment.Job instance at 0x152437a4d410>,17,3,[6 1],22,24,27,2,22
1,<environment.Job instance at 0x1524388fb4b0>,18,16,[1 5],23,23,39,0,23
1,<environment.Job instance at 0x15248c4a35f0>,19,3,[2 5],24,27,30,3,24
1,<environment.Job instance at 0x1524506cf0f0>,20,3,[2 8],26,39,42,13,26
1,<environment.Job instance at 0x152439925a00>,0,2,[2 8],1,1,3,0,1
1,<environment.Job instance at 0x15243fc75c80>,0,3,[ 2 10],2,2,5,0,2
1,<environment.Job instance at 0x1524365b8730>,1,2,[2 8],3,5,7,2,3
1,<environment.Job instance at 0x1524365b8320>,2,2,[8 1],4,5,7,1,4
1,<environment.Job instance at 0x152439e5c320>,4,3,[9 1],8,8,11,0,8
1,<environment.Job instance at 0x152436427c30>,6,2,[10  2],11,11,13,0,11
1,<environment.Job instance at 0x152435423a00>,7,2,[ 1 10],12,13,15,1,12
1,<environment.Job instance at 0x15243c51d0f0>,9,1,[9 2],15,15,16,0,15
1,<environment.Job instance at 0x152435da0d20>,10,1,[7 2],16,16,17,0,16
1,<environment.Job instance at 0x152438997050>,11,2,[5 2],17,17,19,0,17
1,<environment.Job instance at 0x1471582a7460>,1,3,[1 9],2,2,5,0,2
1,<environment.Job instance at 0x1471582a7e60>,2,1,[2 5],3,5,6,2,3
1,<environment.Job instance at 0x147101a74690>,3,1,[6 2],4,5,6,1,4
1,<environment.Job instance at 0x147101a748c0>,4,2,[7 2],5,6,8,1,5
1,<environment.Job instance at 0x147101a74500>,5,3,[9 2],6,8,11,2,6
1,<environment.Job instance at 0x147101a745a0>,7,1,[2 6],8,11,12,3,8
1,<environment.Job instance at 0x147102140a00>,9,2,[6 1],11,11,13,0,11
1,<environment.Job instance at 0x147101a740f0>,10,13,[2 8],12,12,25,0,12
1,<environment.Job instance at 0x1471021054b0>,13,2,[8 1],17,17,19,0,17
1,<environment.Job instance at 0x147102144cd0>,14,2,[ 1 10],18,25,27,7,18
1,<environment.Job instance at 0x1471022a7e10>,18,2,[10  1],25,27,29,2,25
1,<environment.Job instance at 0x1471022a7500>,19,3,[6 2],26,191,194,165,191
1,<environment.Job instance at 0x147102191190>,1,2,[6 2],3,3,5,0,3
1,<environment.Job instance at 0x147101a8ee10>,2,3,[6 2],6,6,9,0,6
1,<environment.Job instance at 0x147104329050>,3,1,[1 6],7,7,8,0,7
1,<environment.Job instance at 0x1471043293c0>,4,2,[2 5],8,8,10,0,8
1,<environment.Job instance at 0x147104329a00>,5,2,[ 1 10],9,10,12,1,9
1,<environment.Job instance at 0x147104329550>,6,3,[2 9],10,12,15,2,10
1,<environment.Job instance at 0x147102191370>,9,3,[ 2 10],14,15,18,1,14
1,<environment.Job instance at 0x14710432d0a0>,10,12,[2 8],15,18,30,3,15
1,<environment.Job instance at 0x14710432d460>,11,1,[10  1],17,30,31,13,17
1,<environment.Job instance at 0x14710432d910>,12,2,[ 1 10],18,31,33,13,18
1,<environment.Job instance at 0x14710432d690>,13,1,[7 2],20,20,21,0,20
1,<environment.Job instance at 0x14710432ddc0>,14,2,[1 8],21,33,35,12,21
1,<environment.Job instance at 0x14710432da50>,15,2,[2 6],22,35,37,13,22
1,<environment.Job instance at 0x1471042aaf50>,16,1,[1 5],23,37,38,14,23
1,<environment.Job instance at 0x1471042aaeb0>,17,2,[1 9],26,38,40,12,26
1,<environment.Job instance at 0x1471042aa370>,18,1,[2 7],27,40,41,13,27
1,<environment.Job instance at 0x147105718320>,1,13,[ 2 10],2,2,15,0,2
1,<environment.Job instance at 0x14710432d4b0>,2,1,[1 7],3,15,16,12,3
1,<environment.Job instance at 0x1471042592d0>,5,3,[ 2 10],7,16,19,9,7
1,<environment.Job instance at 0x14710444bc80>,8,2,[8 2],11,19,21,8,11
1,<environment.Job instance at 0x14710444bb40>,9,3,[8 1],12,21,24,9,12
1,<environment.Job instance at 0x14710444b500>,10,2,[2 5],13,19,21,6,13
1,<environment.Job instance at 0x1471042aa3c0>,11,3,[6 1],14,246,249,232,246
1,<environment.Job instance at 0x147103736910>,13,3,[ 2 10],17,2339,2342,2322,2339
1,<environment.Job instance at 0x147103736730>,1,1,[2 5],4,4,5,0,4
1,<environment.Job instance at 0x14710699e550>,2,3,[1 8],5,5,8,0,5
1,<environment.Job instance at 0x1471222fbfa0>,4,2,[7 2],9,9,11,0,9
1,<environment.Job instance at 0x1471222fb460>,5,3,[ 2 10],11,11,14,0,11
1,<environment.Job instance at 0x147106990870>,6,14,[8 2],12,14,28,2,12
1,<environment.Job instance at 0x147106990730>,7,2,[2 5],14,14,16,0,14
1,<environment.Job instance at 0x1471915de8c0>,8,1,[ 2 10],15,28,29,13,15
1,<environment.Job instance at 0x147105aba190>,10,2,[ 1 10],17,29,31,12,17
1,<environment.Job instance at 0x147105ab66e0>,11,3,[7 2],18,31,34,13,18
1,<environment.Job instance at 0x147105ab69b0>,14,3,[1 9],22,34,37,12,22
1,<environment.Job instance at 0x14710dc96050>,15,1,[6 1],23,190,191,167,190
1,<environment.Job instance at 0x14710f311b40>,1,2,[5 1],3,3,5,0,3
1,<environment.Job instance at 0x14710f3118c0>,2,1,[2 7],4,4,5,0,4
1,<environment.Job instance at 0x147120758730>,3,2,[10  2],5,5,7,0,5
1,<environment.Job instance at 0x1471207580a0>,4,2,[6 1],6,7,9,1,6
1,<environment.Job instance at 0x1471207588c0>,5,3,[9 2],8,9,12,1,8
1,<environment.Job instance at 0x147120740500>,6,3,[6 2],11,12,15,1,11
1,<environment.Job instance at 0x147120740640>,7,2,[5 2],12,15,17,3,12
1,<environment.Job instance at 0x147120740a00>,8,3,[1 7],13,13,16,0,13
1,<environment.Job instance at 0x1471207406e0>,9,2,[9 2],15,17,19,2,15
1,<environment.Job instance at 0x1471019a8fa0>,10,1,[7 2],16,19,20,3,16
1,<environment.Job instance at 0x1471019a8cd0>,13,14,[1 9],20,20,34,0,20
1,<environment.Job instance at 0x1471019a8f00>,14,3,[6 1],23,23,26,0,23
1,<environment.Job instance at 0x147101aa2b40>,16,2,[2 9],25,34,36,9,25
1,<environment.Job instance at 0x1471021aa280>,17,2,[2 5],26,36,38,10,26
1,<environment.Job instance at 0x147101aa28c0>,18,16,[2 9],27,38,54,11,27
1,<environment.Job instance at 0x147101a30b40>,20,3,[8 1],29,35,38,6,35
1,<environment.Job instance at 0x147101a8e0f0>,25,16,[2 8],39,54,70,15,41
1,<environment.Job instance at 0x147101a3eaf0>,29,2,[8 1],46,50,52,4,50
1,<environment.Job instance at 0x147101a6fc80>,26,13,[ 2 10],42,70,83,28,60
1,<environment.Job instance at 0x147101a3e4b0>,36,16,[2 6],56,165,181,109,165
1,<environment.Job instance at 0x1471016ef0a0>,0,1,[6 2],1,1,2,0,1
1,<environment.Job instance at 0x147101cdd370>,2,27,[ 2 10],3,241,268,238,241
1,<environment.Job instance at 0x1471016ef2d0>,2,3,[8 1],3,3,6,0,3
1,<environment.Job instance at 0x147101877e10>,3,3,[2 6],6,6,9,0,6
1,<environment.Job instance at 0x14710139ad70>,4,18,[1 5],7,9,27,2,7
1,<environment.Job instance at 0x14710182cbe0>,5,16,[1 5],11,11,27,0,11
1,<environment.Job instance at 0x1471016af6e0>,6,1,[1 9],12,27,28,15,12
1,<environment.Job instance at 0x1471016afe60>,7,3,[2 9],14,28,31,14,14
1,<environment.Job instance at 0x1471016afaf0>,8,1,[10  2],15,31,32,16,15
1,<environment.Job instance at 0x1471016afb40>,9,1,[5 2],16,32,33,16,16
1,<environment.Job instance at 0x147102276320>,11,2,[ 1 10],20,33,35,13,20
1,<environment.Job instance at 0x14712073e2d0>,12,16,[ 2 10],22,35,51,13,22
1,<environment.Job instance at 0x147122de57d0>,13,3,[10  2],23,51,54,28,25
1,<environment.Job instance at 0x147120601370>,14,2,[1 6],27,54,56,27,27
1,<environment.Job instance at 0x147122de5c30>,15,3,[1 9],28,56,59,28,30
1,<environment.Job instance at 0x1471206a4d70>,21,2,[7 2],40,54,56,14,40
1,<environment.Job instance at 0x14710467a3c0>,22,2,[6 2],41,59,61,18,41
1,<environment.Job instance at 0x1471206a4e10>,23,3,[9 1],42,56,59,14,42
1,<environment.Job instance at 0x147102cd8b40>,24,14,[2 8],43,59,73,16,44
1,<environment.Job instance at 0x14710425fb40>,33,17,[1 9],54,73,90,19,73
1,<environment.Job instance at 0x14710435d640>,37,1,[5 1],63,509,510,446,509
1,<environment.Job instance at 0x147120601460>,17,1,[6 2],32,519,520,487,519
1,<environment.Job instance at 0x1471014bb5f0>,0,1,[6 2],1,1,2,0,1
1,<environment.Job instance at 0x14710181af00>,2,1,[7 1],4,4,5,0,4
1,<environment.Job instance at 0x1471014bb0a0>,3,12,[2 8],5,5,17,0,5
1,<environment.Job instance at 0x1471056f1460>,4,3,[ 1 10],6,17,20,11,6
1,<environment.Job instance at 0x1471056f1140>,5,3,[1 5],7,20,23,13,7
1,<environment.Job instance at 0x1471056f1410>,7,13,[2 5],9,20,33,11,9
1,<environment.Job instance at 0x1471069bf780>,8,2,[2 8],10,33,35,23,10
1,<environment.Job instance at 0x1471041ea550>,9,2,[5 1],11,11,13,0,11
1,<environment.Job instance at 0x147104558370>,10,1,[6 2],16,16,17,0,16
1,<environment.Job instance at 0x147103730cd0>,11,1,[1 9],17,35,36,18,17
1,<environment.Job instance at 0x14710f9cf140>,16,1,[9 1],25,35,36,10,25
1,<environment.Job instance at 0x1471206f3780>,17,17,[2 8],26,36,53,10,26
1,<environment.Job instance at 0x1471042afcd0>,24,1,[10  2],37,53,54,16,41
1,<environment.Job instance at 0x1471042afb90>,25,2,[7 2],38,41,43,3,41
1,<environment.Job instance at 0x1471042afc30>,27,3,[1 5],40,54,57,14,41
1,<environment.Job instance at 0x1471042afeb0>,28,12,[2 9],42,57,69,15,42
1,<environment.Job instance at 0x147104292550>,29,3,[9 2],43,54,57,11,43
1,<environment.Job instance at 0x147104292460>,30,13,[1 9],44,69,82,25,53
1,<environment.Job instance at 0x14710429ba50>,37,2,[6 2],53,82,84,29,55
1,<environment.Job instance at 0x147104202cd0>,42,1,[1 6],60,82,83,22,61
1,<environment.Job instance at 0x14710571caa0>,43,3,[8 2],61,84,87,23,61
1,<environment.Job instance at 0x14710571c2d0>,44,1,[1 7],62,83,84,21,62
1,<environment.Job instance at 0x147104291f50>,45,1,[6 2],63,87,88,24,63
1,<environment.Job instance at 0x147104291190>,46,2,[2 7],64,84,86,20,64
1,<environment.Job instance at 0x14710571a2d0>,47,16,[ 2 10],65,88,104,23,75
1,<environment.Job instance at 0x14710571af50>,48,3,[7 1],66,75,78,9,75
1,<environment.Job instance at 0x14710571aeb0>,50,2,[1 9],69,104,106,35,77
1,<environment.Job instance at 0x14710571a8c0>,55,1,[1 5],76,86,87,10,77
1,<environment.Job instance at 0x1471013b7af0>,56,1,[10  1],78,106,107,28,78
1,<environment.Job instance at 0x1471013b7b90>,57,1,[5 2],79,107,108,28,79
1,<environment.Job instance at 0x1471013b7820>,60,1,[10  2],83,108,109,25,89
1,<environment.Job instance at 0x1471013b10a0>,0,2,[5 2],1,1,3,0,1
1,<environment.Job instance at 0x14710432d820>,1,2,[5 1],2,2,4,0,2
1,<environment.Job instance at 0x147100ebc4b0>,4,1,[6 2],7,7,8,0,7
1,<environment.Job instance at 0x147100ebc780>,5,1,[5 1],8,8,9,0,8
1,<environment.Job instance at 0x147101652500>,6,1,[2 6],10,10,11,0,10
1,<environment.Job instance at 0x147100ebc1e0>,7,3,[2 6],11,11,14,0,11
1,<environment.Job instance at 0x147100ebc050>,8,2,[9 1],12,14,16,2,12
1,<environment.Job instance at 0x147100fdfeb0>,10,2,[7 2],15,16,18,1,15
1,<environment.Job instance at 0x147100fdf230>,11,2,[9 2],16,18,20,2,16
1,<environment.Job instance at 0x147100fdf910>,12,3,[5 1],17,20,23,3,17
1,<environment.Job instance at 0x147100fdfe60>,13,2,[ 1 10],18,23,25,5,18
1,<environment.Job instance at 0x1471010d8190>,14,13,[2 6],19,25,38,6,19
1,<environment.Job instance at 0x147101659d70>,1,16,[2 9],2,2,18,0,2
1,<environment.Job instance at 0x1471229e4640>,1,2,[8 2],3,3,5,0,3
1,<environment.Job instance at 0x1471229e4cd0>,3,3,[2 6],7,7,10,0,7
1,<environment.Job instance at 0x1471229e4320>,4,2,[7 1],8,8,10,0,8
1,<environment.Job instance at 0x1471229e45f0>,7,14,[2 6],13,433,447,420,433
1,<environment.Job instance at 0x1471229e4eb0>,9,2,[2 8],15,1976,1978,1961,1976
1,<environment.Job instance at 0x14710f9dcdc0>,3,16,[5 2],4,4,20,0,4
1,<environment.Job instance at 0x1471206e70f0>,4,2,[2 9],5,20,22,15,5
1,<environment.Job instance at 0x1471206e7730>,5,13,[2 8],7,7,20,0,7
1,<environment.Job instance at 0x1471206e70a0>,6,3,[7 2],8,22,25,14,8
1,<environment.Job instance at 0x1471206e7a50>,7,17,[ 2 10],9,25,42,16,13
1,<environment.Job instance at 0x1471055775f0>,10,1,[6 1],15,20,21,5,15
1,<environment.Job instance at 0x147101a30d70>,0,1,[7 2],2,2,3,0,2
1,<environment.Job instance at 0x1471206e7230>,1,1,[2 8],3,9,10,6,9
1,<environment.Job instance at 0x1471045cf6e0>,7,3,[1 9],11,11,14,0,11
1,<environment.Job instance at 0x1471045cf690>,9,3,[8 1],14,14,17,0,14
1,<environment.Job instance at 0x1471045cf460>,10,1,[1 8],15,15,16,0,15
1,<environment.Job instance at 0x1471045cfdc0>,11,1,[10  2],19,19,20,0,19
1,<environment.Job instance at 0x1471045cf1e0>,12,2,[2 6],20,20,22,0,20
1,<environment.Job instance at 0x1471045cfbe0>,13,1,[1 5],21,22,23,1,21
1,<environment.Job instance at 0x1471045cff00>,14,3,[7 2],23,23,26,0,23
1,<environment.Job instance at 0x1471045cf500>,15,1,[2 8],24,28,29,4,28
1,<environment.Job instance at 0x1471046cb910>,3,3,[2 6],5,190,193,185,190
1,<environment.Job instance at 0x1471046cb500>,2,2,[2 9],4,218,220,214,218
1,<environment.Job instance at 0x14710429b3c0>,1,1,[ 1 10],5,5,6,0,5
1,<environment.Job instance at 0x14710429b500>,2,3,[1 9],6,6,9,0,6
1,<environment.Job instance at 0x14710429b910>,3,2,[9 2],8,9,11,1,8
1,<environment.Job instance at 0x14710429b2d0>,4,3,[2 7],9,11,14,2,9
1,<environment.Job instance at 0x14710429b370>,6,22,[2 9],13,14,36,1,13
1,<environment.Job instance at 0x1471018ff8c0>,9,13,[1 5],21,36,49,15,24
1,<environment.Job instance at 0x147101356e10>,12,1,[10  2],25,49,50,24,25
1,<environment.Job instance at 0x1471019c3e10>,13,3,[2 9],26,50,53,24,26
1,<environment.Job instance at 0x1471042c5960>,27,2,[2 8],50,107,109,57,107
1,<environment.Job instance at 0x1471046e6c30>,15,12,[5 2],29,374,386,345,374
1,<environment.Job instance at 0x1471041e01e0>,7,2,[9 2],11,11,13,0,11
1,<environment.Job instance at 0x1471041e00f0>,8,2,[2 7],15,15,17,0,15
1,<environment.Job instance at 0x1471222fff00>,11,1,[1 8],18,18,19,0,18
1,<environment.Job instance at 0x1471041e0460>,13,13,[1 9],20,20,33,0,20
1,<environment.Job instance at 0x1471222ff460>,14,2,[7 2],21,33,35,12,21
1,<environment.Job instance at 0x1471222ffeb0>,15,1,[ 2 10],22,35,36,13,27
1,<environment.Job instance at 0x1471200ac3c0>,67,3,[1 8],89,142,145,53,142
1,<environment.Job instance at 0x147101276c30>,1,3,[2 5],3,3,6,0,3
1,<environment.Job instance at 0x14710dc96b90>,4,23,[2 5],7,7,30,0,7
1,<environment.Job instance at 0x14710dc96550>,5,1,[6 1],8,8,9,0,8
1,<environment.Job instance at 0x14710dc96a00>,6,18,[8 2],9,11,29,2,11
1,<environment.Job instance at 0x14710457a820>,10,1,[5 2],13,29,30,16,13
1,<environment.Job instance at 0x14710457a190>,11,3,[7 1],14,30,33,16,14
1,<environment.Job instance at 0x14710457afa0>,12,2,[2 6],15,30,32,15,15
1,<environment.Job instance at 0x147104597c80>,15,3,[1 5],20,32,35,12,20
1,<environment.Job instance at 0x147120601820>,33,1,[2 7],42,230,231,188,230
1,<environment.Job instance at 0x147120106cd0>,0,2,[10  1],1,1,3,0,1
1,<environment.Job instance at 0x1471201061e0>,2,1,[9 1],4,4,5,0,4
1,<environment.Job instance at 0x147100fdf190>,1,3,[10  1],2,922,925,920,922
1,<environment.Job instance at 0x147101752a50>,1,3,[1 5],2,2,5,0,2
1,<environment.Job instance at 0x1471016eb5f0>,2,2,[5 2],3,3,5,0,3
1,<environment.Job instance at 0x1471016eb1e0>,4,1,[7 2],6,6,7,0,6
1,<environment.Job instance at 0x1471016ebeb0>,5,2,[2 8],7,7,9,0,7
1,<environment.Job instance at 0x1471016eb500>,6,12,[9 1],8,9,21,1,9
1,<environment.Job instance at 0x1471016ebdc0>,7,3,[9 2],10,21,24,11,10
1,<environment.Job instance at 0x1471016eb640>,8,1,[ 2 10],11,24,25,13,11
1,<environment.Job instance at 0x1471016eb370>,9,2,[6 2],12,25,27,13,12
1,<environment.Job instance at 0x1471016eb3c0>,10,1,[1 5],14,14,15,0,14
1,<environment.Job instance at 0x1471016ebfa0>,11,2,[5 2],15,27,29,12,15
1,<environment.Job instance at 0x14712061b4b0>,12,2,[8 1],16,29,31,13,16
1,<environment.Job instance at 0x14712061b780>,13,2,[8 1],17,31,33,14,17
1,<environment.Job instance at 0x14712061b3c0>,15,3,[10  2],19,33,36,14,19
1,<environment.Job instance at 0x14712061bf00>,17,3,[2 7],21,25,28,4,21
1,<environment.Job instance at 0x147120752190>,54,1,[1 5],70,94,95,24,94
1,<environment.Job instance at 0x147120752460>,55,3,[2 8],71,95,98,24,94
1,<environment.Job instance at 0x152b3f2f3460>,1,3,[1 9],2,2,5,0,2
1,<environment.Job instance at 0x152b3f2f3e60>,2,1,[2 5],3,5,6,2,3
1,<environment.Job instance at 0x152ae8adbb90>,3,1,[6 2],4,5,6,1,4
1,<environment.Job instance at 0x152ae8adba50>,4,2,[7 2],5,6,8,1,5
1,<environment.Job instance at 0x152ae8adb4b0>,5,3,[9 2],6,8,11,2,6
1,<environment.Job instance at 0x152ae8adb500>,7,1,[2 6],8,11,12,3,8
1,<environment.Job instance at 0x152ae931f2d0>,9,2,[6 1],11,11,13,0,11
1,<environment.Job instance at 0x152ae930ce60>,10,13,[2 8],12,12,25,0,12
1,<environment.Job instance at 0x152ae928d460>,13,2,[8 1],17,17,19,0,17
1,<environment.Job instance at 0x152ae8adb730>,14,2,[ 1 10],18,25,27,7,18
1,<environment.Job instance at 0x152ae923d5f0>,15,1,[ 1 10],20,27,28,7,25
1,<environment.Job instance at 0x152ae91abe60>,19,3,[6 2],26,28,31,2,26
1,<environment.Job instance at 0x152ae91e8820>,2,3,[ 2 10],4,4,7,0,4
1,<environment.Job instance at 0x152ae8af7d70>,3,12,[2 8],5,7,19,2,5
1,<environment.Job instance at 0x152ae8af7be0>,4,1,[10  1],7,19,20,12,7
1,<environment.Job instance at 0x152aeb26d1e0>,6,1,[7 2],10,10,11,0,10
1,<environment.Job instance at 0x152aeb26db90>,7,2,[1 8],11,20,22,9,11
1,<environment.Job instance at 0x152aeb26dd70>,8,2,[2 6],12,22,24,10,12
1,<environment.Job instance at 0x152aeb26d5f0>,9,1,[1 5],13,24,25,11,13
1,<environment.Job instance at 0x152aeb26d5a0>,11,1,[2 7],17,25,26,8,17
1,<environment.Job instance at 0x152aeb26deb0>,12,1,[2 5],18,24,25,6,18
1,<environment.Job instance at 0x152aec842b90>,2,1,[2 6],3,3,4,0,3
1,<environment.Job instance at 0x152aec6e97d0>,11,2,[1 5],19,19,21,0,19
1,<environment.Job instance at 0x152aec6e9230>,12,3,[1 5],20,20,23,0,20
1,<environment.Job instance at 0x152aec6e9870>,13,2,[10  2],21,23,25,2,21
1,<environment.Job instance at 0x152aec6e9c30>,14,3,[2 8],25,25,28,0,25
1,<environment.Job instance at 0x152aec6e9a50>,15,1,[2 6],26,28,29,2,28
1,<environment.Job instance at 0x152b15a65eb0>,2,2,[10  1],3,3,5,0,3
1,<environment.Job instance at 0x152aef2a6370>,3,3,[1 9],4,5,8,1,4
1,<environment.Job instance at 0x152aecb5b550>,4,3,[1 8],8,8,11,0,8
1,<environment.Job instance at 0x152aef2a61e0>,5,2,[2 7],11,11,13,0,11
1,<environment.Job instance at 0x152aef286410>,6,2,[9 2],12,13,15,1,12
1,<environment.Job instance at 0x152aef2a6eb0>,7,3,[5 2],13,15,18,2,13
1,<environment.Job instance at 0x152aec783960>,9,1,[ 2 10],15,18,19,3,15
1,<environment.Job instance at 0x152b1532a190>,10,18,[5 2],17,650,668,633,650
1,<environment.Job instance at 0x152aeda05320>,15,2,[ 2 10],25,808,810,783,808
1,<environment.Job instance at 0x152aecb7e690>,1,1,[2 6],3,3,4,0,3
1,<environment.Job instance at 0x152aecb7e730>,2,2,[1 5],5,5,7,0,5
1,<environment.Job instance at 0x152aeb6c2460>,3,2,[8 1],6,6,8,0,6
1,<environment.Job instance at 0x152aeb6c20a0>,5,1,[5 1],9,9,10,0,9
1,<environment.Job instance at 0x152aeb6c21e0>,6,3,[1 5],10,10,13,0,10
1,<environment.Job instance at 0x152aeb6c2c30>,7,2,[1 9],11,13,15,2,11
1,<environment.Job instance at 0x152ae8af6cd0>,10,16,[2 6],16,16,32,0,16
1,<environment.Job instance at 0x152aeb6c2870>,9,1,[1 8],15,32,33,17,16
1,<environment.Job instance at 0x152ae8af6230>,12,2,[8 2],18,18,20,0,18
1,<environment.Job instance at 0x152ae8b0ddc0>,14,3,[10  1],21,33,36,12,21
1,<environment.Job instance at 0x152ae9209c30>,15,2,[1 7],22,36,38,14,22
1,<environment.Job instance at 0x152ae925e960>,16,15,[1 5],23,38,53,15,24
1,<environment.Job instance at 0x152ae8ae54b0>,18,2,[1 8],26,53,55,27,27
1,<environment.Job instance at 0x152ae8b0adc0>,19,2,[1 5],28,38,40,10,28
1,<environment.Job instance at 0x152ae92140f0>,17,3,[1 9],24,55,58,31,29
1,<environment.Job instance at 0x152ae9d510f0>,22,1,[8 2],31,31,32,0,31
1,<environment.Job instance at 0x152ae9318910>,0,2,[2 6],1,1,3,0,1
1,<environment.Job instance at 0x152ae8af4a50>,1,3,[9 2],2,3,6,1,2
1,<environment.Job instance at 0x152aeb4809b0>,2,2,[10  2],3,6,8,3,3
1,<environment.Job instance at 0x152b15333d70>,4,16,[ 2 10],5,8,24,3,5
1,<environment.Job instance at 0x152b15333960>,7,2,[7 2],10,24,26,14,10
1,<environment.Job instance at 0x152b15333730>,9,2,[1 8],12,24,26,12,12
1,<environment.Job instance at 0x152ae91d9b90>,10,14,[6 1],13,26,40,13,13
1,<environment.Job instance at 0x152ae91d9e60>,11,1,[2 5],14,26,27,12,14
1,<environment.Job instance at 0x152ae91d9e10>,12,14,[2 8],15,27,41,12,15
1,<environment.Job instance at 0x152ae91d9960>,13,2,[7 1],16,40,42,24,16
1,<environment.Job instance at 0x152ae91d9cd0>,14,3,[7 1],17,42,45,25,17
1,<environment.Job instance at 0x152ae8ad6780>,0,15,[2 8],2,2,17,0,2
1,<environment.Job instance at 0x152b14006f00>,4,1,[10  2],8,17,18,9,8
1,<environment.Job instance at 0x152b14006410>,5,3,[2 8],9,18,21,9,9
1,<environment.Job instance at 0x152ae8937a50>,7,2,[8 2],15,15,17,0,15
1,<environment.Job instance at 0x152b140064b0>,9,3,[6 2],17,18,21,1,18
1,<environment.Job instance at 0x152ae897fa00>,10,1,[8 1],19,1446,1447,1427,1446
1,<environment.Job instance at 0x152ae897feb0>,12,1,[2 9],24,1944,1945,1920,1944
1,<environment.Job instance at 0x152aeb6b8280>,2,1,[8 1],4,4,5,0,4
1,<environment.Job instance at 0x152aeb6b82d0>,3,1,[1 5],6,6,7,0,6
1,<environment.Job instance at 0x152aeb6fab90>,4,1,[10  1],8,8,9,0,8
1,<environment.Job instance at 0x152aeb6fa500>,5,1,[5 2],9,9,10,0,9
1,<environment.Job instance at 0x152af37a1c30>,1,16,[1 8],2,2,18,0,2
1,<environment.Job instance at 0x152af373e3c0>,5,2,[8 2],6,6,8,0,6
1,<environment.Job instance at 0x152aeb724af0>,6,1,[9 2],7,8,9,1,7
1,<environment.Job instance at 0x152aecb4eb90>,7,2,[1 7],8,18,20,10,8
1,<environment.Job instance at 0x152aeb46b0a0>,9,16,[2 9],12,20,36,8,12
1,<environment.Job instance at 0x152af37132d0>,36,15,[ 2 10],62,62,77,0,62
1,<environment.Job instance at 0x152af3713780>,37,2,[5 2],63,77,79,14,63
1,<environment.Job instance at 0x152af3713a50>,38,2,[7 2],64,79,81,15,64
1,<environment.Job instance at 0x152af3713640>,39,2,[5 2],66,77,79,11,66
1,<environment.Job instance at 0x152af3713e10>,40,1,[ 2 10],67,81,82,14,67
1,<environment.Job instance at 0x152aea7d00f0>,41,1,[6 2],68,82,83,14,68
1,<environment.Job instance at 0x152af365ad70>,12,14,[ 1 10],17,139,153,122,139
1,<environment.Job instance at 0x152ae8435190>,14,1,[8 2],19,180,181,161,180
1,<environment.Job instance at 0x152aeb575eb0>,1,2,[8 2],3,3,5,0,3
1,<environment.Job instance at 0x152aeb6ce190>,3,3,[2 6],7,7,10,0,7
1,<environment.Job instance at 0x152ae819f960>,4,2,[7 1],8,8,10,0,8
1,<environment.Job instance at 0x152aec69ca00>,1,16,[5 2],3,4,20,1,4
1,<environment.Job instance at 0x152aec7de280>,2,1,[2 8],4,4,5,0,4
1,<environment.Job instance at 0x152aecaee7d0>,4,3,[10  1],8,8,11,0,8
1,<environment.Job instance at 0x152ae83cf190>,1,3,[5 1],3,3,6,0,3
1,<environment.Job instance at 0x152ae8741f00>,1,2,[2 8],2,2,4,0,2
1,<environment.Job instance at 0x152aef28dfa0>,2,3,[1 7],3,4,7,1,3
1,<environment.Job instance at 0x152af369cf00>,3,2,[6 1],4,4,6,0,4
1,<environment.Job instance at 0x152aecb4e6e0>,4,3,[7 2],5,6,9,1,5
1,<environment.Job instance at 0x152aecb4e2d0>,5,2,[8 1],6,9,11,3,6
1,<environment.Job instance at 0x152aecb4e230>,6,15,[8 2],7,11,26,4,7
1,<environment.Job instance at 0x152aecb4e820>,7,1,[10  1],8,26,27,18,8
1,<environment.Job instance at 0x152aecb4e140>,8,2,[8 2],10,27,29,17,10
1,<environment.Job instance at 0x152aea7d0d20>,9,1,[1 6],11,11,12,0,11
1,<environment.Job instance at 0x152aeb313cd0>,10,3,[6 1],12,29,32,17,12
1,<environment.Job instance at 0x152aeb3130a0>,11,16,[1 5],13,27,43,14,14
1,<environment.Job instance at 0x152aeb3138c0>,13,3,[2 8],16,16,19,0,16
1,<environment.Job instance at 0x152aeb3abd70>,0,3,[10  1],1,1,4,0,1
1,<environment.Job instance at 0x152aeb3ab4b0>,2,2,[10  1],4,4,6,0,4
1,<environment.Job instance at 0x152aeb3ab9b0>,3,1,[ 1 10],7,7,8,0,7
1,<environment.Job instance at 0x152aeb3ab320>,4,1,[5 2],8,8,9,0,8
1,<environment.Job instance at 0x152aeb3ab370>,5,1,[8 1],9,9,10,0,9
1,<environment.Job instance at 0x152ae8531280>,6,14,[1 6],11,11,25,0,11
1,<environment.Job instance at 0x152ae85523c0>,11,3,[8 2],21,21,24,0,21
1,<environment.Job instance at 0x152ae8224a00>,12,2,[2 5],24,25,27,1,24
1,<environment.Job instance at 0x152ae89b0f50>,0,2,[1 8],1,1,3,0,1
1,<environment.Job instance at 0x152ae89b0910>,2,1,[8 1],3,3,4,0,3
1,<environment.Job instance at 0x152af37c7be0>,3,3,[1 6],4,4,7,0,4
1,<environment.Job instance at 0x152ae88f7f00>,4,2,[1 9],7,7,9,0,7
1,<environment.Job instance at 0x152af29cbaa0>,5,17,[2 7],8,9,26,1,8
1,<environment.Job instance at 0x152b3c1ad280>,8,3,[2 6],12,26,29,14,12
1,<environment.Job instance at 0x152af36a7190>,13,1,[1 9],20,29,30,9,20
1,<environment.Job instance at 0x152af36a7d70>,14,1,[1 5],21,30,31,9,21
1,<environment.Job instance at 0x152af36a7fa0>,15,26,[2 7],22,31,57,9,28
1,<environment.Job instance at 0x152af29cd5f0>,20,1,[7 2],28,34,35,6,34
1,<environment.Job instance at 0x152b1598e320>,22,1,[ 2 10],30,57,58,27,34
1,<environment.Job instance at 0x152b1598ef00>,23,2,[2 5],31,58,60,27,34
1,<environment.Job instance at 0x152aef26eb90>,25,1,[7 2],35,49,50,14,49
1,<environment.Job instance at 0x152aef289e60>,26,1,[1 8],36,60,61,24,49
1,<environment.Job instance at 0x152aef26ebe0>,27,2,[1 7],37,61,63,24,49
1,<environment.Job instance at 0x152aef289b40>,28,22,[ 1 10],38,63,85,25,56
1,<environment.Job instance at 0x152aeda19eb0>,29,2,[1 6],39,85,87,46,58
1,<environment.Job instance at 0x152aeca9bd70>,1,2,[8 1],3,3,5,0,3
1,<environment.Job instance at 0x152af36a7dc0>,2,3,[9 1],4,5,8,1,4
1,<environment.Job instance at 0x152ae872f370>,3,3,[8 2],5,8,11,3,5
1,<environment.Job instance at 0x152ae872f5a0>,5,2,[2 7],9,9,11,0,9
1,<environment.Job instance at 0x152af2ae4870>,7,13,[ 2 10],12,12,25,0,12
1,<environment.Job instance at 0x152ae8adba50>,8,2,[1 9],13,25,27,12,13
1,<environment.Job instance at 0x152af37e6460>,12,1,[8 2],17,27,28,10,17
1,<environment.Job instance at 0x152af37e6e60>,13,2,[7 1],18,25,27,7,18
1,<environment.Job instance at 0x152aeb5065f0>,14,1,[5 1],19,28,29,9,19
1,<environment.Job instance at 0x152ae817d140>,15,2,[2 8],20,27,29,7,21
1,<environment.Job instance at 0x152af37e65f0>,17,3,[8 2],22,29,32,7,22
1,<environment.Job instance at 0x152aec6359b0>,18,2,[10  1],24,32,34,8,24
1,<environment.Job instance at 0x152ae8a7f460>,56,3,[9 1],74,146,149,72,146
1,<environment.Job instance at 0x152aec81af00>,58,2,[1 8],77,146,148,69,146
1,<environment.Job instance at 0x152aec8166e0>,59,1,[5 1],78,149,150,71,146
1,<environment.Job instance at 0x152aec81a960>,60,14,[1 7],79,148,162,69,146
1,<environment.Job instance at 0x152aec81a280>,61,2,[8 1],81,150,152,69,146
1,<environment.Job instance at 0x152af2b64cd0>,62,2,[6 2],83,152,154,69,146
1,<environment.Job instance at 0x152af2b64c30>,63,2,[1 5],84,162,164,78,146
1,<environment.Job instance at 0x152aec81a0a0>,64,2,[9 2],85,154,156,69,146
1,<environment.Job instance at 0x152ae88e3f50>,65,1,[9 1],88,156,157,68,146
1,<environment.Job instance at 0x152ae88e3870>,66,2,[9 1],89,157,159,68,146
1,<environment.Job instance at 0x152ae88e3690>,67,2,[6 2],90,159,161,69,146
1,<environment.Job instance at 0x152ae88e3280>,68,2,[2 9],92,164,166,72,146
1,<environment.Job instance at 0x152aec837be0>,69,17,[2 9],93,166,183,73,154
1,<environment.Job instance at 0x152aec837a00>,70,3,[7 1],94,161,164,67,154
1,<environment.Job instance at 0x152aec837f50>,71,2,[ 1 10],95,183,185,88,166
1,<environment.Job instance at 0x152aec73e280>,78,1,[2 5],104,185,186,81,166
1,<environment.Job instance at 0x152af2ae4f00>,10,1,[8 1],15,2259,2260,2244,2259
1,<environment.Job instance at 0x152af2ae49b0>,16,3,[7 1],21,2751,2754,2730,2751
1,<environment.Job instance at 0x152af37e6fa0>,2,12,[9 1],3,3,15,0,3
1,<environment.Job instance at 0x152af2ae49b0>,3,3,[7 2],5,15,18,10,5
1,<environment.Job instance at 0x152ae7fded70>,4,3,[1 6],7,7,10,0,7
1,<environment.Job instance at 0x152ae7fde690>,5,2,[1 6],9,10,12,1,9
1,<environment.Job instance at 0x152ae7fdeaf0>,6,2,[8 1],13,18,20,5,13
1,<environment.Job instance at 0x152ae7fde280>,7,3,[9 2],14,20,23,6,14
1,<environment.Job instance at 0x152ae7fde9b0>,8,1,[2 8],16,16,17,0,16
1,<environment.Job instance at 0x152aec6e57d0>,9,2,[10  1],17,23,25,6,17
1,<environment.Job instance at 0x152aec6e5e10>,11,3,[5 1],20,25,28,5,20
1,<environment.Job instance at 0x152aeb241780>,13,2,[7 2],24,28,30,4,24
1,<environment.Job instance at 0x152aec6e59b0>,14,12,[2 8],25,25,37,0,25
1,<environment.Job instance at 0x152aec6e5640>,16,3,[2 6],27,37,40,10,27
1,<environment.Job instance at 0x152ae92d22d0>,18,18,[1 6],31,40,58,9,31
1,<environment.Job instance at 0x152ae7f24cd0>,4,13,[ 1 10],7,7,20,0,7
1,<environment.Job instance at 0x152ae7f24910>,5,2,[ 1 10],10,20,22,10,10
1,<environment.Job instance at 0x152ae8490730>,2,3,[1 9],4,22,25,18,11
1,<environment.Job instance at 0x152af0cef780>,7,1,[1 6],12,25,26,13,12
1,<environment.Job instance at 0x152af0cef0f0>,8,1,[1 8],13,26,27,13,13
1,<environment.Job instance at 0x152af0ceffa0>,9,1,[8 2],15,25,26,10,15
1,<environment.Job instance at 0x152af0cefaa0>,10,2,[10  2],16,27,29,11,16
1,<environment.Job instance at 0x154b46412460>,1,3,[1 9],2,2,5,0,2
1,<environment.Job instance at 0x154b46412e60>,2,1,[2 5],3,5,6,2,3
1,<environment.Job instance at 0x154aefbf4dc0>,3,1,[6 2],4,5,6,1,4
1,<environment.Job instance at 0x154aefbf46e0>,4,2,[7 2],5,6,8,1,5
1,<environment.Job instance at 0x154aefbf4460>,5,3,[9 2],6,8,11,2,6
1,<environment.Job instance at 0x154aefbf43c0>,7,1,[2 6],8,11,12,3,8
1,<environment.Job instance at 0x154af03bba00>,9,2,[6 1],11,11,13,0,11
1,<environment.Job instance at 0x154af0403780>,10,13,[2 8],12,12,25,0,12
1,<environment.Job instance at 0x154aefbf42d0>,11,3,[1 8],13,25,28,12,13
1,<environment.Job instance at 0x154af04311e0>,12,3,[1 8],14,28,31,14,14
1,<environment.Job instance at 0x154af032a640>,13,2,[8 1],17,17,19,0,17
1,<environment.Job instance at 0x154af03e0690>,14,2,[ 1 10],18,31,33,13,18
1,<environment.Job instance at 0x154af02ac780>,15,1,[ 1 10],20,33,34,13,20
1,<environment.Job instance at 0x154af034fb40>,16,1,[2 5],21,34,35,13,21
1,<environment.Job instance at 0x154af0287410>,18,2,[10  1],25,35,37,10,25
1,<environment.Job instance at 0x154af034e6e0>,19,3,[6 2],26,216,219,190,216
1,<environment.Job instance at 0x154af02c4cd0>,22,1,[2 7],30,377,378,347,377
1,<environment.Job instance at 0x154aefc13140>,0,2,[1 8],1,1,3,0,1
1,<environment.Job instance at 0x154aefc130a0>,1,2,[2 6],2,3,5,1,2
1,<environment.Job instance at 0x154af03720a0>,3,2,[1 9],6,6,8,0,6
1,<environment.Job instance at 0x154af23fec30>,5,1,[2 5],8,8,9,0,8
1,<environment.Job instance at 0x154af3883a00>,0,2,[10  2],1,1,3,0,1
1,<environment.Job instance at 0x154af3883190>,2,1,[2 6],6,6,7,0,6
1,<environment.Job instance at 0x154af37f6d70>,3,2,[1 6],7,7,9,0,7
1,<environment.Job instance at 0x154af37f6dc0>,5,1,[2 8],12,12,13,0,12
1,<environment.Job instance at 0x154af37f60a0>,7,2,[7 2],17,17,19,0,17
1,<environment.Job instance at 0x154af37f6460>,8,2,[2 5],18,18,20,0,18
1,<environment.Job instance at 0x154af23a98c0>,25,1,[2 8],41,58,59,17,58
1,<environment.Job instance at 0x154af23a97d0>,26,1,[7 1],42,58,59,16,58
1,<environment.Job instance at 0x154af384cc80>,39,2,[10  1],59,82,84,23,82
1,<environment.Job instance at 0x154af384c280>,40,3,[2 7],60,84,87,24,82
1,<environment.Job instance at 0x154af261ff50>,51,2,[ 1 10],77,2534,2536,2457,2534
1,<environment.Job instance at 0x154b2c15a5a0>,0,1,[6 2],1,1,2,0,1
1,<environment.Job instance at 0x154af261ff50>,3,2,[8 1],8,476,478,468,476
1,<environment.Job instance at 0x154afdc83be0>,0,2,[1 7],1,1,3,0,1
1,<environment.Job instance at 0x154b2c1090f0>,3,3,[1 6],4,4,7,0,4
1,<environment.Job instance at 0x154b2c109cd0>,4,16,[1 5],5,7,23,2,5
1,<environment.Job instance at 0x154aef8ed230>,5,2,[ 1 10],6,23,25,17,6
1,<environment.Job instance at 0x154b2c109dc0>,7,15,[7 2],8,25,40,17,11
1,<environment.Job instance at 0x154aefc241e0>,9,3,[6 1],10,11,14,1,11
1,<environment.Job instance at 0x154af3877d20>,12,2,[2 8],13,25,27,12,13
1,<environment.Job instance at 0x154aefe622d0>,14,1,[6 2],18,19,20,1,19
1,<environment.Job instance at 0x154b2c108f50>,16,1,[6 2],21,40,41,19,23
1,<environment.Job instance at 0x154aefc25aa0>,19,2,[10  1],24,41,43,17,24
1,<environment.Job instance at 0x154aefc124b0>,20,2,[2 7],26,27,29,1,26
1,<environment.Job instance at 0x154aefbc1500>,21,1,[5 2],27,43,44,16,27
1,<environment.Job instance at 0x154aefbc1870>,22,1,[2 5],28,29,30,1,28
1,<environment.Job instance at 0x154aef7a2b40>,23,2,[ 1 10],30,44,46,14,36
1,<environment.Job instance at 0x154af0e730f0>,28,2,[7 1],37,46,48,9,37
1,<environment.Job instance at 0x154af0e73b90>,29,1,[7 2],38,48,49,10,38
1,<environment.Job instance at 0x154af0e73140>,30,3,[10  2],39,49,52,10,39
1,<environment.Job instance at 0x154af0e73050>,31,2,[5 2],40,52,54,12,40
1,<environment.Job instance at 0x154af0e73190>,32,15,[1 8],42,52,67,10,42
1,<environment.Job instance at 0x154aefc28230>,2,3,[8 1],3,3,6,0,3
1,<environment.Job instance at 0x154aef9996e0>,3,3,[2 6],6,6,9,0,6
1,<environment.Job instance at 0x154af02ef4b0>,5,16,[1 5],11,11,27,0,11
1,<environment.Job instance at 0x154aef999eb0>,6,1,[1 9],12,27,28,15,12
1,<environment.Job instance at 0x154aef999550>,7,3,[2 9],14,28,31,14,14
1,<environment.Job instance at 0x154aef9995f0>,8,1,[10  2],15,31,32,16,15
1,<environment.Job instance at 0x154aef9995a0>,9,1,[5 2],16,16,17,0,16
1,<environment.Job instance at 0x154b2c1549b0>,15,3,[1 9],28,40,43,12,40
1,<environment.Job instance at 0x154afe7bbb40>,30,2,[ 1 10],50,70,72,20,70
1,<environment.Job instance at 0x154af286aa00>,34,3,[9 2],55,72,75,17,70
1,<environment.Job instance at 0x154af286ac80>,35,2,[2 9],57,75,77,18,74
1,<environment.Job instance at 0x154af286a730>,37,1,[5 1],63,76,77,13,76
1,<environment.Job instance at 0x154af02e4b40>,42,15,[2 7],70,89,104,19,89
1,<environment.Job instance at 0x154af02e49b0>,43,2,[8 2],75,89,91,14,89
1,<environment.Job instance at 0x154af387efa0>,2,1,[9 1],5,5,6,0,5
1,<environment.Job instance at 0x154aef6b6140>,3,17,[2 8],6,6,23,0,6
1,<environment.Job instance at 0x154aef6b6280>,6,16,[1 6],11,23,39,12,11
1,<environment.Job instance at 0x154aef6b6410>,7,2,[10  2],13,39,41,26,13
1,<environment.Job instance at 0x154aef6b6370>,8,3,[1 7],14,41,44,27,15
1,<environment.Job instance at 0x154af236b0f0>,22,3,[6 2],32,58,61,26,58
1,<environment.Job instance at 0x154af2408dc0>,23,2,[6 2],33,61,63,28,58
1,<environment.Job instance at 0x154aefbf4230>,34,3,[7 1],46,224,227,178,224
1,<environment.Job instance at 0x154b2c0a2e60>,11,2,[7 2],18,430,432,412,430
1,<environment.Job instance at 0x154b2c0a2aa0>,1,2,[7 2],2,2,4,0,2
1,<environment.Job instance at 0x154b2c04c0a0>,2,3,[10  1],3,4,7,1,3
1,<environment.Job instance at 0x154b2c0a2e60>,3,3,[6 1],4,7,10,3,4
1,<environment.Job instance at 0x154af27bf5f0>,1,3,[1 9],2,2,5,0,2
1,<environment.Job instance at 0x154af27bf460>,2,13,[2 9],6,6,19,0,6
1,<environment.Job instance at 0x154afdb75eb0>,4,3,[2 8],8,252,255,244,252
1,<environment.Job instance at 0x154aefa503c0>,6,2,[2 9],11,701,703,690,701
1,<environment.Job instance at 0x154af269f730>,0,2,[6 2],1,1,3,0,1
1,<environment.Job instance at 0x154aefa50dc0>,1,1,[7 1],4,4,5,0,4
1,<environment.Job instance at 0x154af269f960>,2,2,[5 2],5,5,7,0,5
1,<environment.Job instance at 0x154af269f1e0>,3,15,[1 9],6,7,22,1,6
1,<environment.Job instance at 0x154af269f780>,6,1,[7 1],9,9,10,0,9
1,<environment.Job instance at 0x154af269f410>,8,2,[10  2],13,22,24,9,13
1,<environment.Job instance at 0x154af239b0a0>,10,2,[8 2],15,24,26,9,15
1,<environment.Job instance at 0x154aef98d640>,14,2,[8 2],23,26,28,3,23
1,<environment.Job instance at 0x154afdaed0f0>,16,3,[2 6],27,27,30,0,27
1,<environment.Job instance at 0x154aef8fd9b0>,17,2,[7 1],28,28,30,0,28
1,<environment.Job instance at 0x154af27e8dc0>,20,14,[2 6],33,237,251,204,237
1,<environment.Job instance at 0x154af27e80a0>,3,16,[5 2],4,4,20,0,4
1,<environment.Job instance at 0x154b2c0bb870>,4,2,[2 9],5,20,22,15,5
1,<environment.Job instance at 0x154b2c0bb730>,5,13,[2 8],7,7,20,0,7
1,<environment.Job instance at 0x154b2c0bb0f0>,6,3,[7 2],8,22,25,14,8
1,<environment.Job instance at 0x154af273ea50>,8,1,[1 8],12,22,23,10,12
1,<environment.Job instance at 0x154b2c0bb910>,7,17,[ 2 10],9,25,42,16,13
1,<environment.Job instance at 0x154b2c0bb320>,10,1,[6 1],15,20,21,5,15
1,<environment.Job instance at 0x154aef38ac80>,0,1,[1 5],1,2,3,1,2
1,<environment.Job instance at 0x154afe78daa0>,2,1,[2 8],4,4,5,0,4
1,<environment.Job instance at 0x154afe78d0f0>,4,3,[10  1],8,8,11,0,8
1,<environment.Job instance at 0x154afe78d370>,6,3,[7 2],11,446,449,435,446
1,<environment.Job instance at 0x154af23d4140>,0,2,[1 6],6,6,8,0,6
1,<environment.Job instance at 0x154b2c055870>,2,2,[2 8],10,10,12,0,10
1,<environment.Job instance at 0x154b2c055fa0>,3,1,[7 1],13,13,14,0,13
1,<environment.Job instance at 0x154b2c055230>,4,2,[2 6],14,14,16,0,14
1,<environment.Job instance at 0x154b2c055d70>,5,3,[6 2],16,16,19,0,16
1,<environment.Job instance at 0x154aef4bc870>,7,2,[5 1],18,19,21,1,18
1,<environment.Job instance at 0x154aef4bc2d0>,8,3,[9 1],19,21,24,2,19
1,<environment.Job instance at 0x154aef4bca00>,9,1,[7 2],20,24,25,4,20
1,<environment.Job instance at 0x154af0298a00>,11,3,[9 2],24,25,28,1,24
1,<environment.Job instance at 0x154af02984b0>,12,2,[2 5],25,28,30,3,25
1,<environment.Job instance at 0x154af0298280>,13,1,[1 9],26,30,31,4,26
1,<environment.Job instance at 0x154af0298dc0>,14,3,[1 7],27,31,34,4,27
1,<environment.Job instance at 0x154af0298780>,15,1,[1 8],28,34,35,6,28
1,<environment.Job instance at 0x154af02980f0>,17,1,[1 9],30,35,36,5,30
1,<environment.Job instance at 0x154af02980a0>,18,2,[2 6],31,36,38,5,31
1,<environment.Job instance at 0x154af0298c80>,19,3,[ 2 10],32,38,41,6,32
1,<environment.Job instance at 0x154aef0a2af0>,20,13,[2 8],33,41,54,8,33
1,<environment.Job instance at 0x154aef0a2c30>,21,1,[8 1],36,36,37,0,36
1,<environment.Job instance at 0x154aef0a2410>,22,3,[1 6],37,54,57,17,37
1,<environment.Job instance at 0x154aef0a2b40>,23,2,[1 6],38,57,59,19,38
1,<environment.Job instance at 0x154aef0a2550>,24,1,[2 5],39,59,60,20,39
1,<environment.Job instance at 0x154afe785c30>,3,13,[8 1],4,4,17,0,4
1,<environment.Job instance at 0x154aefb00b90>,4,3,[2 8],5,5,8,0,5
1,<environment.Job instance at 0x154aefb00910>,5,2,[1 7],6,8,10,2,6
1,<environment.Job instance at 0x154aefb00690>,6,2,[1 6],7,10,12,3,7
1,<environment.Job instance at 0x154aefb000a0>,7,14,[ 2 10],8,17,31,9,8
1,<environment.Job instance at 0x154af03c2a00>,8,1,[2 7],10,12,13,2,10
1,<environment.Job instance at 0x154b2c125910>,9,3,[8 2],11,31,34,20,11
1,<environment.Job instance at 0x154af38e5b40>,11,2,[9 1],14,34,36,20,14
1,<environment.Job instance at 0x154b2caf8b90>,12,1,[2 5],15,15,16,0,15
1,<environment.Job instance at 0x154afe77faa0>,14,2,[2 8],20,31,33,11,20
1,<environment.Job instance at 0x154b2cb614b0>,35,1,[6 1],48,63,64,15,63
1,<environment.Job instance at 0x154aefb1a370>,45,3,[1 5],60,71,74,11,71
1,<environment.Job instance at 0x154aefb1a640>,46,2,[2 8],61,74,76,13,71
1,<environment.Job instance at 0x154af03ceb90>,1,1,[8 2],4,4,5,0,4
1,<environment.Job instance at 0x154b2c1df2d0>,2,2,[10  1],5,5,7,0,5
1,<environment.Job instance at 0x154b2c1dffa0>,3,2,[10  1],6,7,9,1,6
1,<environment.Job instance at 0x154af3ccc0f0>,5,2,[2 5],8,9,11,1,8
1,<environment.Job instance at 0x154af3cccaa0>,6,1,[1 7],9,11,12,2,9
1,<environment.Job instance at 0x154af3cccaf0>,7,1,[2 9],10,12,13,2,10
1,<environment.Job instance at 0x154af03197d0>,8,3,[2 9],12,13,16,1,12
1,<environment.Job instance at 0x154af3cccbe0>,9,1,[9 2],13,16,17,3,13
1,<environment.Job instance at 0x154af3ccc3c0>,10,1,[7 2],15,17,18,2,15
1,<environment.Job instance at 0x154af3ccc140>,12,3,[10  2],18,18,21,0,18
1,<environment.Job instance at 0x154b2c11b690>,13,1,[10  2],19,21,22,2,19
1,<environment.Job instance at 0x154b2c11b6e0>,14,2,[7 1],20,22,24,2,20
1,<environment.Job instance at 0x154b2c11ba00>,15,2,[10  1],21,24,26,3,21
1,<environment.Job instance at 0x154b2c11b780>,16,1,[1 7],22,22,23,0,22
1,<environment.Job instance at 0x154b2c11b7d0>,17,1,[9 1],24,26,27,2,24
1,<environment.Job instance at 0x154af277b820>,1,3,[10  1],2,422,425,420,422
1,<environment.Job instance at 0x154aef1d5140>,1,13,[2 8],3,3,16,0,3
1,<environment.Job instance at 0x154aef1d5d20>,2,3,[1 9],4,16,19,12,4
1,<environment.Job instance at 0x154aefa28550>,3,3,[2 7],6,19,22,13,6
1,<environment.Job instance at 0x154b2cacb230>,4,3,[2 9],7,22,25,15,7
1,<environment.Job instance at 0x154b2cacbd20>,5,3,[6 1],9,9,12,0,9
1,<environment.Job instance at 0x154b2cacbb40>,7,15,[2 7],11,25,40,14,11
1,<environment.Job instance at 0x154af37e4500>,8,2,[9 1],12,16,18,4,12
1,<environment.Job instance at 0x154af03190f0>,0,3,[10  2],2,2,5,0,2
1,<environment.Job instance at 0x154af2771960>,2,1,[2 8],4,5,6,1,4
1,<environment.Job instance at 0x154af4b1a780>,3,2,[9 1],7,7,9,0,7
1,<environment.Job instance at 0x154afdb8ae10>,4,18,[2 8],8,9,27,1,8
1,<environment.Job instance at 0x154af63b1fa0>,6,2,[6 2],12,12,14,0,12
1,<environment.Job instance at 0x154af63b1410>,7,3,[5 2],17,17,20,0,17
1,<environment.Job instance at 0x154af63b1dc0>,8,3,[ 2 10],18,27,30,9,18
1,<environment.Job instance at 0x154af63b1370>,9,3,[1 5],20,30,33,10,20
1,<environment.Job instance at 0x154af63b1aa0>,10,1,[9 1],21,30,31,9,21
1,<environment.Job instance at 0x154aef101910>,11,2,[1 7],23,33,35,10,23
1,<environment.Job instance at 0x154aef7c7af0>,12,2,[2 5],24,31,33,7,24
1,<environment.Job instance at 0x154aef646190>,1,16,[ 1 10],3,3,19,0,3
1,<environment.Job instance at 0x154af386a190>,4,1,[1 5],7,19,20,12,11
1,<environment.Job instance at 0x154af3864f50>,8,3,[10  2],13,20,23,7,13
1,<environment.Job instance at 0x154af37809b0>,11,13,[ 2 10],18,23,36,5,18
1,<environment.Job instance at 0x154af3780730>,12,1,[1 5],21,36,37,15,21
1,<environment.Job instance at 0x154aef70da00>,15,1,[8 2],25,36,37,11,25
1,<environment.Job instance at 0x154b2c0899b0>,16,2,[ 2 10],26,37,39,11,26
1,<environment.Job instance at 0x154b2c089370>,17,1,[1 6],27,39,40,12,27
1,<environment.Job instance at 0x154af38825a0>,41,16,[2 6],65,70,86,5,70
1,<environment.Job instance at 0x154af3882fa0>,42,23,[1 9],66,92,115,26,92
1,<environment.Job instance at 0x154af24b6370>,59,12,[8 1],97,102,114,5,102
1,<environment.Job instance at 0x154af24b6280>,61,16,[ 2 10],103,115,131,12,103
1,<environment.Job instance at 0x154b2c0d09b0>,68,1,[8 2],113,131,132,18,113
1,<environment.Job instance at 0x154b2c0d0280>,69,13,[1 9],114,132,145,18,116
1,<environment.Job instance at 0x154b2c0d0550>,71,2,[7 2],117,145,147,28,118
1,<environment.Job instance at 0x154aef70d500>,19,14,[2 7],33,184,198,151,184
1,<environment.Job instance at 0x147be0728960>,1,3,[1 9],2,2,5,0,2
1,<environment.Job instance at 0x147b8a160730>,2,1,[2 5],3,5,6,2,3
1,<environment.Job instance at 0x147b89f02c80>,3,1,[6 2],4,5,6,1,4
1,<environment.Job instance at 0x147b89f02280>,4,2,[7 2],5,6,8,1,5
1,<environment.Job instance at 0x147b89f02870>,5,3,[9 2],6,8,11,2,6
1,<environment.Job instance at 0x147b89f02780>,7,1,[2 6],8,11,12,3,8
1,<environment.Job instance at 0x147be0728460>,9,2,[6 1],11,11,13,0,11
1,<environment.Job instance at 0x147b89f027d0>,8,13,[6 1],9,13,26,4,11
1,<environment.Job instance at 0x147b89f025a0>,10,13,[2 8],12,12,25,0,12
1,<environment.Job instance at 0x147b89f023c0>,11,3,[1 8],13,25,28,12,13
1,<environment.Job instance at 0x147b8a640410>,12,3,[1 8],14,28,31,14,14
1,<environment.Job instance at 0x147b8a5f2a00>,13,2,[8 1],17,26,28,9,17
1,<environment.Job instance at 0x147b8a65ba00>,14,2,[ 1 10],18,31,33,13,18
1,<environment.Job instance at 0x147b8a592500>,15,1,[ 1 10],20,33,34,13,20
1,<environment.Job instance at 0x147b8a638460>,16,1,[2 5],21,34,35,13,21
1,<environment.Job instance at 0x147b8a7332d0>,18,2,[10  1],25,35,37,10,25
1,<environment.Job instance at 0x147b8a734a50>,19,3,[6 2],26,28,31,2,26
1,<environment.Job instance at 0x147b8a73f730>,21,3,[6 1],29,215,218,186,215
1,<environment.Job instance at 0x147b89f255a0>,0,1,[5 1],1,1,2,0,1
1,<environment.Job instance at 0x147ba4b5d500>,0,3,[8 1],2,2,5,0,2
1,<environment.Job instance at 0x147ba4b5dc30>,1,1,[7 2],3,5,6,2,3
1,<environment.Job instance at 0x147b8c7b1be0>,2,2,[5 2],4,6,8,2,4
1,<environment.Job instance at 0x147b8c9ba280>,5,15,[2 8],8,8,23,0,8
1,<environment.Job instance at 0x147ba6dd4af0>,0,2,[2 9],1,1,3,0,1
1,<environment.Job instance at 0x147b8c9baaf0>,1,3,[9 1],4,4,7,0,4
1,<environment.Job instance at 0x147ba6dd4460>,3,16,[1 5],8,8,24,0,8
1,<environment.Job instance at 0x147ba6dd44b0>,4,3,[5 1],10,10,13,0,10
1,<environment.Job instance at 0x147ba6dd4e60>,6,2,[5 1],13,13,15,0,13
1,<environment.Job instance at 0x147ba6dd4d70>,7,1,[2 7],14,24,25,10,14
1,<environment.Job instance at 0x147ba4aa9410>,8,2,[10  2],15,25,27,10,15
1,<environment.Job instance at 0x147ba4aa9fa0>,9,2,[6 1],16,16,18,0,16
1,<environment.Job instance at 0x147ba4aa9780>,10,3,[9 2],18,18,21,0,18
1,<environment.Job instance at 0x147ba7266190>,11,3,[6 2],21,21,24,0,21
1,<environment.Job instance at 0x147ba4aa9140>,12,2,[5 2],22,27,29,5,22
1,<environment.Job instance at 0x147ba4aa93c0>,13,3,[1 7],23,27,30,4,23
1,<environment.Job instance at 0x147b8df31d20>,14,2,[9 2],25,29,31,4,25
1,<environment.Job instance at 0x147b8df31c30>,15,1,[7 2],26,31,32,5,26
1,<environment.Job instance at 0x147b8df31050>,18,14,[1 9],30,32,46,2,30
1,<environment.Job instance at 0x147b8df318c0>,21,2,[2 9],35,46,48,11,35
1,<environment.Job instance at 0x147b8df31a00>,22,2,[2 5],36,48,50,12,36
1,<environment.Job instance at 0x147b8df31190>,23,16,[2 9],37,50,66,13,37
1,<environment.Job instance at 0x147b8df314b0>,25,3,[8 1],39,39,42,0,39
1,<environment.Job instance at 0x147b8c736fa0>,26,3,[8 1],43,43,46,0,43
1,<environment.Job instance at 0x147b8c736820>,27,1,[10  1],44,66,67,22,44
1,<environment.Job instance at 0x147b8c736500>,33,2,[1 5],55,209,211,154,209
1,<environment.Job instance at 0x147ba4caa140>,0,15,[1 8],2,2,17,0,2
1,<environment.Job instance at 0x147b8df2df50>,0,3,[9 2],2,2,5,0,2
1,<environment.Job instance at 0x147ba4bd92d0>,1,2,[5 1],3,5,7,2,3
1,<environment.Job instance at 0x147b8dac8e60>,3,3,[9 2],5,7,10,2,5
1,<environment.Job instance at 0x147b8998ddc0>,4,2,[2 9],7,10,12,3,7
1,<environment.Job instance at 0x147b8c9d4050>,5,15,[2 8],12,12,27,0,12
1,<environment.Job instance at 0x147b8c9d4d20>,8,2,[1 8],17,27,29,10,17
1,<environment.Job instance at 0x147b8c9d41e0>,9,1,[10  2],18,29,30,11,18
1,<environment.Job instance at 0x147b93ff6eb0>,10,3,[2 8],19,30,33,11,19
1,<environment.Job instance at 0x147b93ff6c30>,12,2,[8 2],25,25,27,0,25
1,<environment.Job instance at 0x147b8cb780a0>,14,3,[6 2],27,30,33,3,27
1,<environment.Job instance at 0x147b8cb78a50>,15,1,[8 1],29,33,34,4,29
1,<environment.Job instance at 0x147b8cb78f00>,16,3,[1 9],31,318,321,287,318
1,<environment.Job instance at 0x147b8cb78d70>,1,1,[10  2],3,3,4,0,3
1,<environment.Job instance at 0x147ba4ba4b40>,5,3,[2 7],8,8,11,0,8
1,<environment.Job instance at 0x147b8dec8e10>,14,2,[10  2],18,115,117,97,115
1,<environment.Job instance at 0x147b897a3b90>,49,2,[7 2],62,135,137,73,135
1,<environment.Job instance at 0x147b8db0a050>,56,3,[5 2],69,138,141,69,138
1,<environment.Job instance at 0x147b8b19b0f0>,57,2,[8 2],70,141,143,71,138
1,<environment.Job instance at 0x147b8b19b460>,58,3,[2 8],71,138,141,67,138
1,<environment.Job instance at 0x147b8b19baa0>,59,2,[2 5],72,323,325,251,323
1,<environment.Job instance at 0x147b8def9280>,8,2,[2 9],11,445,447,434,445
1,<environment.Job instance at 0x147b9377c870>,0,1,[7 2],2,2,3,0,2
1,<environment.Job instance at 0x147b8dfdc7d0>,1,2,[2 7],3,3,5,0,3
1,<environment.Job instance at 0x147b8dfb6960>,5,1,[10  1],8,9,10,1,9
1,<environment.Job instance at 0x147b8dfb6f50>,6,3,[10  1],11,11,14,0,11
1,<environment.Job instance at 0x147b8ee289b0>,69,1,[5 2],98,219,220,121,219
1,<environment.Job instance at 0x147b93783190>,70,1,[8 2],99,220,221,121,219
1,<environment.Job instance at 0x147ba6dce190>,71,2,[7 2],101,221,223,120,219
1,<environment.Job instance at 0x147ba6df1e60>,72,3,[6 1],103,223,226,120,219
1,<environment.Job instance at 0x147ba6df1550>,73,2,[10  1],104,226,228,122,219
1,<environment.Job instance at 0x147ba6df1af0>,74,1,[9 1],105,228,229,123,219
1,<environment.Job instance at 0x147ba6df1870>,75,3,[5 1],106,229,232,123,219
1,<environment.Job instance at 0x147ba6df10a0>,76,3,[1 6],107,219,222,112,219
1,<environment.Job instance at 0x147b8dfe4e60>,8,3,[9 2],13,2870,2873,2857,2870
1,<environment.Job instance at 0x147b8df7c910>,1,1,[8 1],3,3,4,0,3
1,<environment.Job instance at 0x147ba7253e10>,4,15,[ 2 10],12,12,27,0,12
1,<environment.Job instance at 0x147ba7253eb0>,5,2,[5 2],13,27,29,14,13
1,<environment.Job instance at 0x147ba7253370>,6,2,[7 2],14,29,31,15,14
1,<environment.Job instance at 0x147ba7253b90>,7,2,[5 2],16,27,29,11,16
1,<environment.Job instance at 0x147b8c8a8690>,8,1,[ 2 10],17,31,32,14,17
1,<environment.Job instance at 0x147b8c8a8fa0>,9,1,[6 2],18,32,33,14,18
1,<environment.Job instance at 0x147b8c8a8eb0>,11,16,[2 9],20,33,49,13,21
1,<environment.Job instance at 0x147ba6e9e3c0>,2,1,[9 2],4,4,5,0,4
1,<environment.Job instance at 0x147ba6e9ebe0>,3,1,[2 8],5,5,6,0,5
1,<environment.Job instance at 0x147ba6e9e820>,4,1,[5 1],6,6,7,0,6
1,<environment.Job instance at 0x147ba6e9eaf0>,5,1,[8 1],8,8,9,0,8
1,<environment.Job instance at 0x147b8da64fa0>,6,1,[1 8],10,10,11,0,10
1,<environment.Job instance at 0x147b8da64190>,7,1,[2 9],11,11,12,0,11
1,<environment.Job instance at 0x147b8da64c80>,8,3,[1 9],12,12,15,0,12
1,<environment.Job instance at 0x147b8da64640>,10,1,[7 2],15,15,16,0,15
1,<environment.Job instance at 0x147b8da64d70>,11,1,[10  1],16,16,17,0,16
1,<environment.Job instance at 0x147b8c6de320>,12,3,[2 5],18,18,21,0,18
1,<environment.Job instance at 0x147b8dfbbb90>,13,2,[6 2],19,19,21,0,19
1,<environment.Job instance at 0x147b8953faf0>,15,3,[2 9],21,22,25,1,22
1,<environment.Job instance at 0x147b89aaccd0>,17,1,[10  1],23,25,26,2,23
1,<environment.Job instance at 0x147b89a86b90>,19,1,[7 1],25,26,27,1,25
1,<environment.Job instance at 0x147b93f31960>,20,3,[9 2],26,27,30,1,26
1,<environment.Job instance at 0x147b93e92140>,21,2,[1 8],27,27,29,0,27
1,<environment.Job instance at 0x147b8df9b690>,24,2,[8 1],30,30,32,0,30
1,<environment.Job instance at 0x147b8cae8c80>,37,2,[1 7],49,74,76,25,74
1,<environment.Job instance at 0x147b8cae85f0>,38,3,[7 1],50,74,77,24,74
1,<environment.Job instance at 0x147b8c7130f0>,39,1,[6 1],51,77,78,26,74
1,<environment.Job instance at 0x147b93e92500>,23,3,[2 5],29,314,317,285,314
1,<environment.Job instance at 0x147b8db34f00>,0,1,[7 2],2,2,3,0,2
1,<environment.Job instance at 0x147b93e92500>,4,2,[7 1],7,7,9,0,7
1,<environment.Job instance at 0x147b8dc20e10>,7,3,[1 9],11,11,14,0,11
1,<environment.Job instance at 0x147b8dc20eb0>,5,1,[ 1 10],8,14,15,6,12
1,<environment.Job instance at 0x147b89e4baa0>,10,1,[1 8],15,15,16,0,15
1,<environment.Job instance at 0x147b89e4b0a0>,8,17,[1 5],12,16,33,4,16
1,<environment.Job instance at 0x147b89e4b5f0>,14,3,[7 2],23,23,26,0,23
1,<environment.Job instance at 0x147ba679a050>,15,1,[2 8],24,33,34,9,24
1,<environment.Job instance at 0x147b89722af0>,17,3,[10  1],28,34,37,6,28
1,<environment.Job instance at 0x147b89780fa0>,1,3,[5 1],3,3,6,0,3
1,<environment.Job instance at 0x147b89ddc910>,4,3,[2 8],5,5,8,0,5
1,<environment.Job instance at 0x147b89ddc370>,5,2,[1 7],6,8,10,2,6
1,<environment.Job instance at 0x147b89ddcd70>,6,2,[1 6],7,10,12,3,7
1,<environment.Job instance at 0x147b89569f00>,7,14,[ 2 10],8,13,27,5,13
1,<environment.Job instance at 0x147b89d9faa0>,11,2,[9 1],14,27,29,13,14
1,<environment.Job instance at 0x147b89569730>,12,1,[2 5],15,29,30,14,15
1,<environment.Job instance at 0x147b8c72a2d0>,13,3,[1 8],17,30,33,13,17
1,<environment.Job instance at 0x147ba6e1e690>,14,2,[2 8],20,33,35,13,20
1,<environment.Job instance at 0x147b8955be60>,20,3,[10  1],28,73,76,45,73
1,<environment.Job instance at 0x147b8970b370>,39,3,[2 6],52,76,79,24,73
1,<environment.Job instance at 0x147b8a6bc320>,88,3,[1 7],123,252,255,129,252
1,<environment.Job instance at 0x147b8a6bcbe0>,91,2,[10  1],126,256,258,130,256
1,<environment.Job instance at 0x147b89730190>,1,1,[9 2],3,3,4,0,3
1,<environment.Job instance at 0x147b8a5d2f50>,2,1,[7 2],5,5,6,0,5
1,<environment.Job instance at 0x147b8c624b90>,4,3,[10  2],8,8,11,0,8
1,<environment.Job instance at 0x147b8c6241e0>,5,1,[10  2],9,11,12,2,9
1,<environment.Job instance at 0x147b8c6247d0>,6,2,[7 1],10,12,14,2,10
1,<environment.Job instance at 0x147b8c624460>,7,2,[10  1],11,14,16,3,11
1,<environment.Job instance at 0x147b8c624c30>,8,1,[1 7],12,12,13,0,12
1,<environment.Job instance at 0x147b8c6245a0>,9,1,[9 1],14,16,17,2,14
1,<environment.Job instance at 0x147b8c6f8aa0>,0,2,[8 1],1,1,3,0,1
1,<environment.Job instance at 0x147b89e0f640>,1,1,[5 2],2,3,4,1,2
1,<environment.Job instance at 0x147b8987f2d0>,3,2,[5 1],4,4,6,0,4
1,<environment.Job instance at 0x147b93e80460>,5,2,[5 2],7,7,9,0,7
1,<environment.Job instance at 0x147b93e80410>,6,1,[1 5],8,8,9,0,8
1,<environment.Job instance at 0x147b93e80640>,7,1,[8 2],9,9,10,0,9
1,<environment.Job instance at 0x147b93e80dc0>,8,2,[7 1],10,10,12,0,10
1,<environment.Job instance at 0x147b93e80820>,9,1,[10  1],11,12,13,1,11
1,<environment.Job instance at 0x147b93e80230>,10,2,[ 1 10],12,13,15,1,12
1,<environment.Job instance at 0x147ba6e37780>,11,2,[1 8],13,15,17,2,13
1,<environment.Job instance at 0x147ba6e377d0>,14,2,[7 1],16,16,18,0,16
1,<environment.Job instance at 0x147b89e14b90>,15,15,[2 7],17,17,32,0,17
1,<environment.Job instance at 0x147b8c9a95a0>,16,1,[2 5],18,32,33,14,18
1,<environment.Job instance at 0x147ba6defdc0>,20,3,[1 5],26,1788,1791,1762,1788
1,<environment.Job instance at 0x147b8a5950f0>,0,2,[8 1],1,1,3,0,1
1,<environment.Job instance at 0x147b897ffa50>,1,2,[6 2],3,3,5,0,3
1,<environment.Job instance at 0x147b89bc4230>,2,2,[1 5],4,4,6,0,4
1,<environment.Job instance at 0x147ba6defdc0>,3,2,[9 2],5,5,7,0,5
1,<environment.Job instance at 0x147b89bc76e0>,4,1,[9 1],8,8,9,0,8
1,<environment.Job instance at 0x147b8b1823c0>,5,2,[9 1],9,9,11,0,9
1,<environment.Job instance at 0x147b8b1826e0>,6,2,[6 2],10,11,13,1,10
1,<environment.Job instance at 0x147b8b182960>,7,2,[2 9],12,13,15,1,12
1,<environment.Job instance at 0x147b8b182af0>,9,3,[7 1],14,14,17,0,14
1,<environment.Job instance at 0x147b8b182140>,10,2,[ 1 10],15,17,19,2,15
1,<environment.Job instance at 0x147b8ca810a0>,0,1,[5 1],3,3,4,0,3
1,<environment.Job instance at 0x147b8ca810f0>,1,2,[1 9],4,4,6,0,4
1,<environment.Job instance at 0x147b8b1825f0>,2,3,[ 2 10],6,6,9,0,6
1,<environment.Job instance at 0x147b93f61140>,3,2,[7 1],8,9,11,1,8
1,<environment.Job instance at 0x147b8da92c30>,0,2,[2 9],1,1,3,0,1
1,<environment.Job instance at 0x147b8da92280>,1,2,[6 2],2,3,5,1,2
1,<environment.Job instance at 0x147b89a46280>,3,2,[1 6],4,4,6,0,4
1,<environment.Job instance at 0x147b89a466e0>,4,1,[2 5],5,6,7,1,5
1,<environment.Job instance at 0x147b93f619b0>,6,2,[10  1],7,7,9,0,7
1,<environment.Job instance at 0x147b898e9280>,5,1,[2 8],6,9,10,3,7
1,<environment.Job instance at 0x147b898e9370>,7,2,[7 1],8,9,11,1,8
1,<environment.Job instance at 0x147b898e9550>,8,2,[7 2],9,11,13,2,9
1,<environment.Job instance at 0x147b898e96e0>,9,1,[9 2],10,13,14,3,10
1,<environment.Job instance at 0x147ba64f8c80>,10,2,[9 1],11,14,16,3,11
1,<environment.Job instance at 0x147b898e9fa0>,11,3,[9 1],13,16,19,3,13
1,<environment.Job instance at 0x147ba64f8910>,13,3,[2 9],16,19,22,3,16
1,<environment.Job instance at 0x147b89dec6e0>,14,2,[1 9],18,22,24,4,18
1,<environment.Job instance at 0x147ba6e030f0>,16,3,[9 1],21,882,885,861,882
1,<environment.Job instance at 0x147b89873460>,1,1,[2 7],3,3,4,0,3
1,<environment.Job instance at 0x147b89f0a320>,3,16,[2 6],5,5,21,0,5
1,<environment.Job instance at 0x147b89f0a3c0>,9,3,[ 2 10],19,21,24,2,21
1,<environment.Job instance at 0x147b8ca049b0>,11,3,[9 2],23,24,27,1,23
1,<environment.Job instance at 0x147b89f0a1e0>,7,1,[8 2],14,384,385,370,384
1,<environment.Job instance at 0x147b8dc0ba00>,0,2,[ 2 10],2,2,4,0,2
1,<environment.Job instance at 0x147b89f0a1e0>,2,1,[2 5],4,4,5,0,4
1,<environment.Job instance at 0x147b8dac8eb0>,3,2,[5 1],5,5,7,0,5
1,<environment.Job instance at 0x147b8dac8730>,5,1,[9 1],7,7,8,0,7
1,<environment.Job instance at 0x147b8dc0bd70>,6,12,[1 7],9,9,21,0,9
1,<environment.Job instance at 0x147b8dac88c0>,10,15,[5 2],13,17,32,4,17
1,<environment.Job instance at 0x147b8df3e0a0>,14,2,[10  2],19,32,34,13,19
1,<environment.Job instance at 0x147b8df3e4b0>,15,2,[2 7],23,25,27,2,25
1,<environment.Job instance at 0x147b8df3e7d0>,17,1,[8 2],26,34,35,8,28
1,<environment.Job instance at 0x147b8df3e690>,19,2,[8 1],30,35,37,5,30
1,<environment.Job instance at 0x147b8df3edc0>,20,3,[2 7],31,34,37,3,31
1,<environment.Job instance at 0x147b8df3ee10>,21,1,[1 6],32,39,40,7,39
1,<environment.Job instance at 0x147b8df3e410>,16,3,[8 1],24,278,281,254,278
1,<environment.Job instance at 0x147b8df3e910>,12,1,[1 6],16,394,395,378,394
1,<environment.Job instance at 0x1456a05e9460>,1,3,[1 9],2,2,5,0,2
1,<environment.Job instance at 0x1456a05e9e60>,2,1,[2 5],3,5,6,2,3
1,<environment.Job instance at 0x145649db8c30>,3,1,[6 2],4,5,6,1,4
1,<environment.Job instance at 0x145649db8eb0>,4,2,[7 2],5,6,8,1,5
1,<environment.Job instance at 0x145649db8050>,5,3,[9 2],6,8,11,2,6
1,<environment.Job instance at 0x145649db84b0>,7,1,[2 6],8,11,12,3,8
1,<environment.Job instance at 0x1456a05e9a50>,9,2,[6 1],11,11,13,0,11
1,<environment.Job instance at 0x145649db85a0>,10,13,[2 8],12,12,25,0,12
1,<environment.Job instance at 0x145649db8780>,11,3,[1 8],13,25,28,12,13
1,<environment.Job instance at 0x14564a55baf0>,12,3,[1 8],14,28,31,14,14
1,<environment.Job instance at 0x14564a46fdc0>,13,2,[8 1],17,17,19,0,17
1,<environment.Job instance at 0x14564a4eefa0>,14,2,[ 1 10],18,31,33,13,18
1,<environment.Job instance at 0x14564a448c80>,15,1,[ 1 10],20,33,34,13,20
1,<environment.Job instance at 0x14564a5f5820>,16,1,[2 5],21,34,35,13,21
1,<environment.Job instance at 0x14564a4f3190>,18,2,[10  1],25,35,37,10,25
1,<environment.Job instance at 0x14564a5eaf50>,19,3,[6 2],26,274,277,248,274
1,<environment.Job instance at 0x145649ddda00>,0,1,[2 8],1,1,2,0,1
1,<environment.Job instance at 0x14564a53bb40>,1,1,[ 2 10],2,3,4,1,3
1,<environment.Job instance at 0x14564a4e0d20>,3,1,[8 2],4,4,5,0,4
1,<environment.Job instance at 0x14564c5982d0>,5,18,[1 8],6,6,24,0,6
1,<environment.Job instance at 0x14565ca41c80>,0,1,[2 8],1,2,3,1,2
1,<environment.Job instance at 0x14565ca41690>,1,1,[7 1],2,2,3,0,2
1,<environment.Job instance at 0x14564c5ae910>,3,2,[8 2],5,5,7,0,5
1,<environment.Job instance at 0x14564d9a4370>,9,2,[5 2],12,12,14,0,12
1,<environment.Job instance at 0x14564d9a4eb0>,10,2,[1 7],14,14,16,0,14
1,<environment.Job instance at 0x14564d9a4140>,11,2,[5 2],15,15,17,0,15
1,<environment.Job instance at 0x14564d9a42d0>,12,1,[1 6],17,17,18,0,17
1,<environment.Job instance at 0x14564dad4f00>,6,1,[5 2],8,18,19,10,18
1,<environment.Job instance at 0x14564d9a4d70>,14,2,[10  1],19,19,21,0,19
1,<environment.Job instance at 0x14564d9accd0>,15,3,[2 7],20,21,24,1,20
1,<environment.Job instance at 0x14565cb64320>,0,3,[6 1],3,3,6,0,3
1,<environment.Job instance at 0x14564d9a4a00>,2,2,[2 9],5,5,7,0,5
1,<environment.Job instance at 0x145654079d70>,3,2,[2 5],6,7,9,1,6
1,<environment.Job instance at 0x145654079dc0>,4,16,[2 9],7,9,25,2,7
1,<environment.Job instance at 0x14564c7035a0>,6,3,[8 1],9,9,12,0,9
1,<environment.Job instance at 0x145654079f50>,7,3,[8 1],13,13,16,0,13
1,<environment.Job instance at 0x145654079190>,8,1,[10  1],14,25,26,11,14
1,<environment.Job instance at 0x145654079f00>,10,15,[2 8],18,26,41,8,18
1,<environment.Job instance at 0x145654141140>,12,13,[ 2 10],22,41,54,19,26
1,<environment.Job instance at 0x1456541410a0>,11,16,[2 8],19,54,70,35,41
1,<environment.Job instance at 0x145654141960>,19,2,[1 9],31,123,125,92,123
1,<environment.Job instance at 0x14564c7447d0>,56,1,[6 2],81,125,126,44,124
1,<environment.Job instance at 0x14564c744870>,57,1,[2 9],82,126,127,44,124
1,<environment.Job instance at 0x14564c7442d0>,58,27,[ 2 10],83,127,154,44,126
1,<environment.Job instance at 0x14565ca2fc80>,66,2,[5 2],93,154,156,61,127
1,<environment.Job instance at 0x14565ca2faa0>,67,1,[7 1],96,156,157,60,128
1,<environment.Job instance at 0x14565ca2f7d0>,68,2,[7 1],97,157,159,60,130
1,<environment.Job instance at 0x14564c9b3870>,69,1,[7 2],98,159,160,61,131
1,<environment.Job instance at 0x14564c9b3820>,70,3,[10  2],99,160,163,61,134
1,<environment.Job instance at 0x14564c68e910>,1,2,[1 8],2,2,4,0,2
1,<environment.Job instance at 0x145649d606e0>,3,1,[2 5],4,4,5,0,4
1,<environment.Job instance at 0x145649d60f00>,5,2,[7 1],6,6,8,0,6
1,<environment.Job instance at 0x145649d608c0>,6,3,[7 1],7,8,11,1,7
1,<environment.Job instance at 0x145649915a00>,13,3,[1 9],18,21,24,3,21
1,<environment.Job instance at 0x14564a5a4a50>,0,1,[6 2],1,1,2,0,1
1,<environment.Job instance at 0x14565f126f50>,2,1,[7 1],4,4,5,0,4
1,<environment.Job instance at 0x14564a5a42d0>,3,12,[2 8],5,5,17,0,5
1,<environment.Job instance at 0x14564a5a40f0>,4,3,[ 1 10],6,17,20,11,6
1,<environment.Job instance at 0x14564a5a4230>,5,3,[1 5],7,20,23,13,7
1,<environment.Job instance at 0x14564a5a4c80>,6,3,[2 7],8,23,26,15,8
1,<environment.Job instance at 0x14564a5a4500>,8,2,[2 8],10,26,28,16,10
1,<environment.Job instance at 0x14564a5a4050>,9,2,[5 1],11,11,13,0,11
1,<environment.Job instance at 0x14564a5a4fa0>,10,1,[6 2],16,16,17,0,16
1,<environment.Job instance at 0x1456497f81e0>,11,1,[1 9],17,28,29,11,17
1,<environment.Job instance at 0x1456497f8aa0>,12,3,[7 1],18,20,23,2,18
1,<environment.Job instance at 0x14564db20140>,16,1,[9 1],25,28,29,3,25
1,<environment.Job instance at 0x14564db200a0>,17,17,[2 8],26,29,46,3,26
1,<environment.Job instance at 0x14564db206e0>,24,1,[10  2],37,46,47,9,45
1,<environment.Job instance at 0x14564db20b40>,25,2,[7 2],38,47,49,9,45
1,<environment.Job instance at 0x14564db203c0>,26,16,[1 9],39,49,65,10,45
1,<environment.Job instance at 0x14564db20c80>,29,3,[9 2],43,65,68,22,45
1,<environment.Job instance at 0x14564db20230>,30,13,[1 9],44,68,81,24,52
1,<environment.Job instance at 0x14565c078eb0>,43,3,[8 2],61,81,84,20,65
1,<environment.Job instance at 0x14564c9d7c80>,44,1,[1 7],62,65,66,3,65
1,<environment.Job instance at 0x14564c9d7640>,46,2,[2 7],64,81,83,17,65
1,<environment.Job instance at 0x14564c9d7cd0>,47,16,[ 2 10],65,84,100,19,71
1,<environment.Job instance at 0x14564c9d7be0>,48,3,[7 1],66,71,74,5,71
1,<environment.Job instance at 0x14564ba8c780>,54,1,[8 1],74,78,79,4,78
1,<environment.Job instance at 0x14564ba8cdc0>,55,1,[1 5],76,83,84,7,78
1,<environment.Job instance at 0x14564ba8c7d0>,56,1,[10  1],78,100,101,22,78
1,<environment.Job instance at 0x145649c47870>,57,1,[5 2],79,101,102,22,79
1,<environment.Job instance at 0x14565c9ef0a0>,1,2,[7 2],2,2,4,0,2
1,<environment.Job instance at 0x14565c9ef870>,2,3,[10  1],3,4,7,1,3
1,<environment.Job instance at 0x14564d97e190>,3,3,[6 1],4,7,10,3,4
1,<environment.Job instance at 0x14565f130550>,0,1,[7 2],2,2,3,0,2
1,<environment.Job instance at 0x14565c9ef780>,2,3,[1 7],4,4,7,0,4
1,<environment.Job instance at 0x14564c5b5f50>,3,2,[6 2],6,6,8,0,6
1,<environment.Job instance at 0x14564baa44b0>,4,3,[9 1],7,8,11,1,7
1,<environment.Job instance at 0x14564baa4eb0>,6,14,[ 2 10],9,11,25,2,9
1,<environment.Job instance at 0x14564baa20f0>,13,2,[8 2],16,30,32,14,30
1,<environment.Job instance at 0x14564baa2320>,14,1,[9 2],17,32,33,15,30
1,<environment.Job instance at 0x14564ba98e10>,15,2,[1 7],18,30,32,12,30
1,<environment.Job instance at 0x14564ba98320>,17,16,[2 9],22,33,49,11,30
1,<environment.Job instance at 0x14565c9da5f0>,44,15,[ 2 10],72,75,90,3,75
1,<environment.Job instance at 0x14565c9da0f0>,45,2,[5 2],73,90,92,17,75
1,<environment.Job instance at 0x14565c9dab40>,46,2,[7 2],74,92,94,18,75
1,<environment.Job instance at 0x145657cb1690>,47,2,[5 2],76,90,92,14,76
1,<environment.Job instance at 0x14565c9e9460>,48,1,[ 2 10],77,94,95,17,77
1,<environment.Job instance at 0x14564da476e0>,49,1,[6 2],78,130,131,52,130
1,<environment.Job instance at 0x1456540a35a0>,72,3,[6 1],107,131,134,24,130
1,<environment.Job instance at 0x1456540a3be0>,73,2,[ 1 10],108,134,136,26,130
1,<environment.Job instance at 0x1456540a3c30>,74,1,[7 1],109,136,137,27,130
1,<environment.Job instance at 0x1456540a34b0>,75,1,[2 6],112,130,131,18,130
1,<environment.Job instance at 0x1456540a3f50>,76,2,[10  2],113,137,139,24,130
1,<environment.Job instance at 0x1456540a35f0>,77,1,[5 1],114,139,140,25,130
1,<environment.Job instance at 0x14565409d2d0>,78,2,[8 2],115,140,142,25,130
1,<environment.Job instance at 0x14565409d370>,79,1,[6 1],116,142,143,26,131
1,<environment.Job instance at 0x14565409d0f0>,80,3,[8 1],118,143,146,25,131
1,<environment.Job instance at 0x14565409d5f0>,82,2,[8 2],123,146,148,23,131
1,<environment.Job instance at 0x14565409d640>,84,3,[2 6],127,139,142,12,134
1,<environment.Job instance at 0x14565409da50>,85,2,[7 1],128,148,150,20,134
1,<environment.Job instance at 0x14564baa45f0>,9,16,[1 8],12,174,190,162,174
1,<environment.Job instance at 0x145654589320>,2,27,[1 9],3,3,30,0,3
1,<environment.Job instance at 0x14564c895320>,3,1,[9 1],4,4,5,0,4
1,<environment.Job instance at 0x14564c895e60>,4,1,[ 2 10],5,30,31,25,5
1,<environment.Job instance at 0x14564c895410>,6,3,[ 1 10],11,31,34,20,11
1,<environment.Job instance at 0x14564c8956e0>,7,1,[8 2],12,34,35,22,12
1,<environment.Job instance at 0x14564c4f42d0>,9,2,[8 1],15,15,17,0,15
1,<environment.Job instance at 0x14564c4f4780>,11,1,[7 1],17,17,18,0,17
1,<environment.Job instance at 0x14564c4f48c0>,12,1,[2 6],19,34,35,15,19
1,<environment.Job instance at 0x14565caf3b40>,13,3,[1 5],20,35,38,15,20
1,<environment.Job instance at 0x14565caf3b90>,14,3,[8 2],23,35,38,12,23
1,<environment.Job instance at 0x14565caf3140>,15,1,[1 7],24,38,39,14,24
1,<environment.Job instance at 0x14565caf3640>,16,3,[2 8],25,39,42,14,27
1,<environment.Job instance at 0x14565caf3410>,19,1,[1 7],30,42,43,12,30
1,<environment.Job instance at 0x14565c9bf910>,21,16,[1 6],32,43,59,11,32
1,<environment.Job instance at 0x14564926c500>,26,1,[1 9],39,59,60,20,42
1,<environment.Job instance at 0x145649ad3140>,27,1,[2 7],40,60,61,20,42
1,<environment.Job instance at 0x14564926cd20>,28,2,[1 8],41,61,63,20,42
1,<environment.Job instance at 0x145649ad3dc0>,29,1,[1 9],43,63,64,20,43
1,<environment.Job instance at 0x145649ad3a00>,30,2,[ 2 10],45,64,66,19,45
1,<environment.Job instance at 0x145649b1f370>,31,3,[9 1],46,46,49,0,46
1,<environment.Job instance at 0x14564940fc80>,1,1,[1 6],2,2,3,0,2
1,<environment.Job instance at 0x145649b17be0>,2,14,[1 8],3,3,17,0,3
1,<environment.Job instance at 0x145649b17a00>,3,2,[5 1],4,4,6,0,4
1,<environment.Job instance at 0x1456498c6a00>,4,2,[7 2],5,6,8,1,5
1,<environment.Job instance at 0x145649a96870>,7,3,[1 9],8,17,20,9,8
1,<environment.Job instance at 0x14564a4adb90>,8,3,[6 1],9,9,12,0,9
1,<environment.Job instance at 0x14565c9b82d0>,10,2,[7 1],16,16,18,0,16
1,<environment.Job instance at 0x14565404e730>,15,16,[2 5],21,21,37,0,21
1,<environment.Job instance at 0x14565c9b8320>,16,1,[5 1],22,22,23,0,22
1,<environment.Job instance at 0x1456540fbb40>,17,12,[ 1 10],23,37,49,14,27
1,<environment.Job instance at 0x14564959bd20>,19,1,[6 2],27,27,28,0,27
1,<environment.Job instance at 0x14564959b410>,20,3,[5 2],28,28,31,0,28
1,<environment.Job instance at 0x14564959be10>,22,3,[2 7],30,49,52,19,35
1,<environment.Job instance at 0x14564959b500>,23,2,[8 2],32,35,37,3,35
1,<environment.Job instance at 0x14564c530a50>,25,1,[5 2],39,49,50,10,39
1,<environment.Job instance at 0x145649c098c0>,48,15,[ 2 10],74,74,89,0,74
1,<environment.Job instance at 0x14569c1221e0>,49,1,[1 9],75,89,90,14,75
1,<environment.Job instance at 0x14564c53beb0>,50,3,[6 2],76,90,93,14,76
1,<environment.Job instance at 0x145654099050>,1,1,[ 1 10],5,5,6,0,5
1,<environment.Job instance at 0x145654099370>,2,3,[1 9],6,6,9,0,6
1,<environment.Job instance at 0x1456540995f0>,3,2,[9 2],8,9,11,1,8
1,<environment.Job instance at 0x14564c9c8140>,4,3,[2 7],9,11,14,2,9
1,<environment.Job instance at 0x145649605370>,6,22,[2 9],13,14,36,1,13
1,<environment.Job instance at 0x145649801e10>,12,1,[10  2],25,36,37,11,25
1,<environment.Job instance at 0x145649801e60>,13,3,[2 9],26,37,40,11,26
1,<environment.Job instance at 0x14565e3b1870>,16,1,[9 1],30,65,66,35,65
1,<environment.Job instance at 0x14564c7badc0>,37,2,[2 5],65,66,68,1,65
1,<environment.Job instance at 0x145657d25e10>,38,1,[1 9],66,110,111,44,110
1,<environment.Job instance at 0x1456498bbc80>,9,13,[1 5],21,1522,1535,1501,1522
1,<environment.Job instance at 0x145654551780>,1,2,[2 8],2,2,4,0,2
1,<environment.Job instance at 0x14565ec9a190>,2,3,[1 7],3,4,7,1,3
1,<environment.Job instance at 0x14565eca3a00>,3,2,[6 1],4,4,6,0,4
1,<environment.Job instance at 0x14565ec9aa50>,4,3,[7 2],5,6,9,1,5
1,<environment.Job instance at 0x145649cd4640>,5,2,[8 1],6,9,11,3,6
1,<environment.Job instance at 0x14565e6633c0>,7,1,[10  1],8,11,12,3,8
1,<environment.Job instance at 0x14565ca78b90>,8,2,[8 2],10,12,14,2,10
1,<environment.Job instance at 0x14564995cdc0>,9,1,[1 6],11,12,13,1,11
1,<environment.Job instance at 0x14564ca3ceb0>,10,3,[6 1],12,14,17,2,12
1,<environment.Job instance at 0x14564952cc80>,11,16,[1 5],13,13,29,0,13
1,<environment.Job instance at 0x14564a5d5e60>,12,3,[2 5],14,17,20,3,14
1,<environment.Job instance at 0x14564948f320>,13,3,[2 8],16,29,32,13,16
1,<environment.Job instance at 0x1456498fa9b0>,1,1,[8 2],4,4,5,0,4
1,<environment.Job instance at 0x145654037280>,2,2,[10  1],5,5,7,0,5
1,<environment.Job instance at 0x1456540377d0>,3,2,[10  1],6,7,9,1,6
1,<environment.Job instance at 0x145654037410>,5,2,[2 5],8,9,11,1,8
1,<environment.Job instance at 0x145654037190>,6,1,[1 7],9,11,12,2,9
1,<environment.Job instance at 0x14564c748af0>,7,1,[2 9],10,12,13,2,10
1,<environment.Job instance at 0x14565c964320>,8,3,[2 9],12,13,16,1,12
1,<environment.Job instance at 0x14564966f820>,9,1,[9 2],13,16,17,3,13
1,<environment.Job instance at 0x14564d9ed870>,10,1,[7 2],15,17,18,2,15
1,<environment.Job instance at 0x14565ca0c2d0>,12,3,[10  2],18,18,21,0,18
1,<environment.Job instance at 0x14564c8bf3c0>,13,1,[10  2],19,21,22,2,19
1,<environment.Job instance at 0x14564c529c30>,14,2,[7 1],20,22,24,2,20
1,<environment.Job instance at 0x14564c529500>,15,2,[10  1],21,24,26,3,24
1,<environment.Job instance at 0x1456495927d0>,0,2,[8 1],1,1,3,0,1
1,<environment.Job instance at 0x1456495920f0>,1,1,[5 2],2,3,4,1,2
1,<environment.Job instance at 0x14564ca46370>,3,2,[5 1],4,4,6,0,4
1,<environment.Job instance at 0x14565ca21910>,5,2,[5 2],7,7,9,0,7
1,<environment.Job instance at 0x14565c966aa0>,6,1,[1 5],8,8,9,0,8
1,<environment.Job instance at 0x145654089640>,7,1,[8 2],9,9,10,0,9
1,<environment.Job instance at 0x1456493d5b90>,8,2,[7 1],10,10,12,0,10
1,<environment.Job instance at 0x145649d142d0>,9,1,[10  1],11,12,13,1,11
1,<environment.Job instance at 0x145649d47050>,10,2,[ 1 10],12,13,15,1,12
1,<environment.Job instance at 0x145649d479b0>,11,2,[1 8],13,15,17,2,13
1,<environment.Job instance at 0x14564c530af0>,12,3,[2 5],14,17,20,3,14
1,<environment.Job instance at 0x1456497d96e0>,14,2,[7 1],16,16,18,0,16
1,<environment.Job instance at 0x1456497d9d70>,15,15,[2 7],17,20,35,3,17
1,<environment.Job instance at 0x1456497d9370>,16,1,[2 5],18,18,19,0,18
1,<environment.Job instance at 0x14564a01b460>,0,2,[2 9],2,2,4,0,2
1,<environment.Job instance at 0x1456497d9870>,2,3,[7 1],4,4,7,0,4
1,<environment.Job instance at 0x14564c6c2a50>,3,2,[ 1 10],5,7,9,2,5
1,<environment.Job instance at 0x14565c9eb730>,1,1,[1 6],2,2,3,0,2
1,<environment.Job instance at 0x14565c9eb640>,2,1,[1 8],3,3,4,0,3
1,<environment.Job instance at 0x14565c9eb820>,3,1,[8 2],5,5,6,0,5
1,<environment.Job instance at 0x1456495c4b40>,4,2,[10  2],6,6,8,0,6
1,<environment.Job instance at 0x1456495c4780>,1,12,[1 7],2,2,14,0,2
1,<environment.Job instance at 0x145654049140>,0,16,[ 2 10],3,3,19,0,3
1,<environment.Job instance at 0x14565407b050>,2,2,[2 6],5,19,21,14,5
1,<environment.Job instance at 0x14564959c0a0>,4,1,[2 9],9,21,22,12,9
1,<environment.Job instance at 0x145649320640>,5,1,[2 6],10,22,23,12,10
1,<environment.Job instance at 0x14564959c6e0>,6,2,[1 8],11,23,25,12,11
1,<environment.Job instance at 0x145649a83910>,7,1,[8 2],13,19,20,6,13
1,<environment.Job instance at 0x14565c9ed3c0>,8,13,[1 9],14,25,38,11,14
1,<environment.Job instance at 0x14564959c8c0>,9,2,[2 8],16,38,40,22,16
1,<environment.Job instance at 0x14565c09a4b0>,10,2,[7 2],17,22,24,5,17
1,<environment.Job instance at 0x1456498ba640>,1,1,[10  1],5,5,6,0,5
1,<environment.Job instance at 0x1456498bac30>,2,1,[7 2],6,6,7,0,6
1,<environment.Job instance at 0x14565c0bd0f0>,4,1,[2 9],8,8,9,0,8
1,<environment.Job instance at 0x14564d8d7b40>,7,1,[1 6],16,16,17,0,16
1,<environment.Job instance at 0x14564d8d71e0>,8,14,[2 9],18,18,32,0,18
1,<environment.Job instance at 0x14564d8d7640>,9,2,[6 2],19,32,34,13,19
1,<environment.Job instance at 0x14564d8d73c0>,15,1,[2 9],28,120,121,92,120
1,<environment.Job instance at 0x14565ec94d20>,70,1,[2 6],103,193,194,90,193
1,<environment.Job instance at 0x145655fe5f50>,72,3,[ 2 10],105,194,197,89,193
1,<environment.Job instance at 0x14564d4965a0>,73,14,[1 5],106,197,211,91,194
1,<environment.Job instance at 0x14564d496c30>,74,1,[ 2 10],107,211,212,104,194
1,<environment.Job instance at 0x14564d496aa0>,75,3,[ 2 10],108,212,215,104,194
1,<environment.Job instance at 0x14564d9ac690>,76,2,[5 1],109,197,199,88,194
1,<environment.Job instance at 0x14564d9acb40>,77,12,[1 9],112,215,227,103,198
1,<environment.Job instance at 0x145649200c80>,78,1,[1 9],113,227,228,114,199
1,<environment.Job instance at 0x145657dacaf0>,83,2,[7 1],118,206,208,88,206
1,<environment.Job instance at 0x14565ecd9b90>,84,1,[1 6],119,228,229,109,206
1,<environment.Job instance at 0x145649b51460>,87,13,[1 6],122,246,259,124,246
1,<environment.Job instance at 0x145657d49c80>,12,3,[ 2 10],22,287,290,265,287
1,<environment.Job instance at 0x14565c0ac6e0>,0,3,[10  1],1,1,4,0,1
1,<environment.Job instance at 0x14565c0aca00>,1,2,[1 6],2,4,6,2,2
1,<environment.Job instance at 0x14565c0ac230>,3,1,[5 1],4,4,5,0,4
1,<environment.Job instance at 0x14565c0ac500>,5,3,[10  1],6,6,9,0,6
1,<environment.Job instance at 0x14565c0ac550>,7,3,[9 2],10,10,13,0,10
1,<environment.Job instance at 0x14564c8aa500>,8,3,[5 1],11,13,16,2,11
1,<environment.Job instance at 0x14564c8aa960>,9,2,[5 1],13,13,15,0,13
1,<environment.Job instance at 0x14564c8aa4b0>,10,3,[1 9],14,15,18,1,14
1,<environment.Job instance at 0x14564c8aa3c0>,11,2,[1 9],15,18,20,3,15
1,<environment.Job instance at 0x14564c8aa640>,12,3,[ 2 10],16,20,23,4,16
1,<environment.Job instance at 0x14564c8aa6e0>,14,2,[2 8],18,23,25,5,18
1,<environment.Job instance at 0x14564c8aaaa0>,16,2,[7 1],20,23,25,3,20
1,<environment.Job instance at 0x145649406f00>,19,2,[7 1],23,25,27,2,23
1,<environment.Job instance at 0x1456494064b0>,21,3,[2 6],25,25,28,0,25
1,<environment.Job instance at 0x145657d27b90>,22,3,[6 2],27,27,30,0,27
1,<environment.Job instance at 0x14565ec81dc0>,23,3,[1 9],28,30,33,2,28
1,<environment.Job instance at 0x14564c77a960>,25,2,[2 7],32,33,35,1,32
1,<environment.Job instance at 0x145649794140>,26,1,[2 7],33,35,36,2,33
1,<environment.Job instance at 0x145649794c30>,27,2,[5 1],34,34,36,0,34
1,<environment.Job instance at 0x145649990d20>,28,1,[2 9],36,36,37,0,36
1,<environment.Job instance at 0x14564c791460>,30,3,[10  2],39,39,42,0,39
1,<environment.Job instance at 0x1456540aa050>,33,2,[9 2],42,42,44,0,42
1,<environment.Job instance at 0x1456540aab90>,38,2,[7 1],48,63,65,15,63
1,<environment.Job instance at 0x14565ed1f460>,49,3,[1 7],65,65,68,0,65
1,<environment.Job instance at 0x145649a21aa0>,50,2,[8 1],67,73,75,6,73
1,<environment.Job instance at 0x1551c32c6960>,1,3,[1 9],2,2,5,0,2
1,<environment.Job instance at 0x1551c32c6e10>,2,1,[2 5],3,5,6,2,3
1,<environment.Job instance at 0x15516ca19b90>,3,1,[6 2],4,5,6,1,4
1,<environment.Job instance at 0x15516ca19a50>,4,2,[7 2],5,6,8,1,5
1,<environment.Job instance at 0x15516ca194b0>,5,3,[9 2],6,8,11,2,6
1,<environment.Job instance at 0x15516ca19500>,7,1,[2 6],8,11,12,3,8
1,<environment.Job instance at 0x15516d0e98c0>,9,2,[6 1],11,11,13,0,11
1,<environment.Job instance at 0x15516ca192d0>,10,13,[2 8],12,12,25,0,12
1,<environment.Job instance at 0x15516ca19230>,13,2,[8 1],17,17,19,0,17
1,<environment.Job instance at 0x15516d14f640>,18,2,[10  1],25,25,27,0,25
1,<environment.Job instance at 0x15516d256dc0>,19,3,[6 2],26,27,30,1,26
1,<environment.Job instance at 0x15516d157eb0>,21,3,[6 1],29,352,355,323,352
1,<environment.Job instance at 0x1551747bb1e0>,1,1,[2 5],4,4,5,0,4
1,<environment.Job instance at 0x15516f3f0140>,2,3,[1 8],5,5,8,0,5
1,<environment.Job instance at 0x155174685cd0>,4,2,[7 2],9,9,11,0,9
1,<environment.Job instance at 0x155174685730>,5,3,[ 2 10],11,11,14,0,11
1,<environment.Job instance at 0x1551746850f0>,7,2,[2 5],14,14,16,0,14
1,<environment.Job instance at 0x1551746b5460>,10,2,[ 1 10],17,17,19,0,17
1,<environment.Job instance at 0x1551746b5280>,11,3,[7 2],18,19,22,1,18
1,<environment.Job instance at 0x1551746b5140>,14,3,[1 9],22,2709,2712,2687,2709
1,<environment.Job instance at 0x15516c4b1140>,3,16,[2 6],6,6,22,0,6
1,<environment.Job instance at 0x15516c4b15f0>,7,3,[10  1],11,22,25,11,11
1,<environment.Job instance at 0x15516c4b19b0>,8,2,[1 7],12,25,27,13,12
1,<environment.Job instance at 0x15516c367640>,10,3,[1 9],14,27,30,13,14
1,<environment.Job instance at 0x15516c367280>,11,2,[1 8],16,30,32,14,16
1,<environment.Job instance at 0x15516c367c80>,12,2,[1 5],18,32,34,14,18
1,<environment.Job instance at 0x15516c367d70>,14,1,[2 8],20,34,35,14,20
1,<environment.Job instance at 0x15516c367690>,15,1,[8 2],21,21,22,0,21
1,<environment.Job instance at 0x15516f165b40>,2,3,[8 1],3,3,6,0,3
1,<environment.Job instance at 0x15516f165f50>,3,3,[2 6],6,6,9,0,6
1,<environment.Job instance at 0x15516f1d4370>,4,18,[1 5],7,9,27,2,7
1,<environment.Job instance at 0x15516f17c0a0>,6,1,[1 9],12,27,28,15,12
1,<environment.Job instance at 0x15516f1d4280>,7,3,[2 9],14,28,31,14,14
1,<environment.Job instance at 0x15516f17c8c0>,8,1,[10  2],15,31,32,16,15
1,<environment.Job instance at 0x15516f500730>,9,1,[5 2],16,16,17,0,16
1,<environment.Job instance at 0x15516f500870>,11,2,[ 1 10],20,44,46,24,44
1,<environment.Job instance at 0x15516d0ffe60>,37,1,[5 1],63,100,101,37,100
1,<environment.Job instance at 0x15516e6febe0>,43,2,[8 2],75,101,103,26,100
1,<environment.Job instance at 0x15518f7125a0>,1,3,[6 2],2,2,5,0,2
1,<environment.Job instance at 0x15516f2abc30>,2,2,[6 2],3,5,7,2,3
1,<environment.Job instance at 0x15516ca520f0>,4,1,[6 1],6,7,8,1,6
1,<environment.Job instance at 0x15516ca32fa0>,5,12,[ 1 10],7,8,20,1,7
1,<environment.Job instance at 0x15516ca32c80>,6,3,[2 7],9,20,23,11,9
1,<environment.Job instance at 0x15516ca32870>,7,1,[1 6],10,23,24,13,10
1,<environment.Job instance at 0x15516ca328c0>,8,3,[8 2],11,20,23,9,11
1,<environment.Job instance at 0x15516ca321e0>,9,1,[1 7],12,24,25,12,12
1,<environment.Job instance at 0x15516ca32320>,10,1,[6 2],13,23,24,10,13
1,<environment.Job instance at 0x15516ca32730>,11,2,[2 7],14,25,27,11,14
1,<environment.Job instance at 0x15516ca32910>,12,16,[ 2 10],15,27,43,12,15
1,<environment.Job instance at 0x15516ca32960>,13,3,[7 1],16,24,27,8,16
1,<environment.Job instance at 0x15516d1a4820>,17,3,[5 2],22,43,46,21,22
1,<environment.Job instance at 0x15516d1a47d0>,20,1,[1 5],26,43,44,17,26
1,<environment.Job instance at 0x15516d1a4370>,21,1,[10  1],28,46,47,18,28
1,<environment.Job instance at 0x15516d1a45a0>,22,1,[5 2],29,44,45,15,29
1,<environment.Job instance at 0x15516d1a4aa0>,25,1,[10  2],33,47,48,14,37
1,<environment.Job instance at 0x15516d1a42d0>,26,21,[ 2 10],34,48,69,14,40
1,<environment.Job instance at 0x15516d1a4d70>,15,2,[1 9],19,69,71,50,48
1,<environment.Job instance at 0x155174775e60>,31,15,[6 1],40,478,493,438,478
1,<environment.Job instance at 0x15516d1a4140>,19,1,[8 1],24,608,609,584,608
1,<environment.Job instance at 0x1551956f13c0>,1,2,[5 2],3,3,5,0,3
1,<environment.Job instance at 0x1551956f1c30>,2,2,[7 2],4,5,7,1,4
1,<environment.Job instance at 0x15518f3aed70>,3,2,[5 2],6,7,9,1,6
1,<environment.Job instance at 0x15518f3aeeb0>,4,1,[ 2 10],7,9,10,2,7
1,<environment.Job instance at 0x15518e9c50a0>,5,1,[6 2],8,10,11,2,8
1,<environment.Job instance at 0x1551956f1500>,7,16,[2 9],10,11,27,1,10
1,<environment.Job instance at 0x15518e9c5870>,8,2,[5 2],11,328,330,317,328
1,<environment.Job instance at 0x15518e9c5960>,10,3,[2 8],13,817,820,804,817
1,<environment.Job instance at 0x15516c69e730>,4,2,[2 9],5,5,7,0,5
1,<environment.Job instance at 0x1551961dd4b0>,3,16,[5 2],4,7,23,3,5
1,<environment.Job instance at 0x155174686c80>,5,13,[2 8],7,7,20,0,7
1,<environment.Job instance at 0x15516c422e10>,6,3,[7 2],8,23,26,15,8
1,<environment.Job instance at 0x1551961dd500>,7,17,[ 2 10],9,26,43,17,14
1,<environment.Job instance at 0x1551747aa410>,10,1,[6 1],15,43,44,28,15
1,<environment.Job instance at 0x15516f537cd0>,0,2,[6 2],1,1,3,0,1
1,<environment.Job instance at 0x1551747aa410>,2,1,[10  1],6,6,7,0,6
1,<environment.Job instance at 0x15516f206910>,3,3,[10  1],7,7,10,0,7
1,<environment.Job instance at 0x1551745db140>,4,2,[6 1],8,10,12,2,8
1,<environment.Job instance at 0x155174a9bd70>,6,2,[10  2],10,12,14,2,10
1,<environment.Job instance at 0x1551745738c0>,7,1,[9 1],11,14,15,3,11
1,<environment.Job instance at 0x15516c83ed70>,0,1,[2 9],1,2,3,1,2
1,<environment.Job instance at 0x15516c83ec80>,2,16,[ 2 10],3,3,19,0,3
1,<environment.Job instance at 0x15516c83ee10>,1,1,[1 5],2,19,20,17,10
1,<environment.Job instance at 0x15516be66320>,7,2,[9 2],11,19,21,8,11
1,<environment.Job instance at 0x15516be66190>,8,2,[2 7],15,21,23,6,15
1,<environment.Job instance at 0x155174757870>,9,1,[8 1],16,21,22,5,16
1,<environment.Job instance at 0x15516c52baf0>,11,1,[1 8],18,20,21,2,18
1,<environment.Job instance at 0x15516c52bfa0>,13,13,[1 9],20,23,36,3,20
1,<environment.Job instance at 0x15516d1fa550>,2,2,[10  1],4,4,6,0,4
1,<environment.Job instance at 0x15516c52d870>,3,1,[ 1 10],7,7,8,0,7
1,<environment.Job instance at 0x15516c52d960>,4,1,[5 2],8,8,9,0,8
1,<environment.Job instance at 0x15516c52d0f0>,5,1,[8 1],9,9,10,0,9
1,<environment.Job instance at 0x15516c52d5f0>,6,14,[1 6],11,11,25,0,11
1,<environment.Job instance at 0x15516c954190>,8,3,[2 7],15,25,28,10,15
1,<environment.Job instance at 0x15516c954dc0>,11,3,[8 2],21,21,24,0,21
1,<environment.Job instance at 0x15516dc9f870>,12,2,[2 5],24,28,30,4,24
1,<environment.Job instance at 0x15516c28e5a0>,1,3,[10  1],2,1021,1024,1019,1021
1,<environment.Job instance at 0x15516bf62f50>,0,2,[8 1],1,1,3,0,1
1,<environment.Job instance at 0x15516d1760f0>,1,2,[6 2],3,3,5,0,3
1,<environment.Job instance at 0x15516f3124b0>,3,2,[9 2],5,5,7,0,5
1,<environment.Job instance at 0x15516bf62e60>,4,1,[9 1],8,8,9,0,8
1,<environment.Job instance at 0x15516f3125f0>,5,2,[9 1],9,9,11,0,9
1,<environment.Job instance at 0x15516f312780>,6,2,[6 2],10,11,13,1,10
1,<environment.Job instance at 0x15516f312410>,7,2,[2 9],12,13,15,1,12
1,<environment.Job instance at 0x15516c731460>,9,3,[7 1],14,14,17,0,14
1,<environment.Job instance at 0x15516c7315a0>,10,2,[ 1 10],15,17,19,2,15
1,<environment.Job instance at 0x155174777c30>,1,1,[1 6],2,2,3,0,2
1,<environment.Job instance at 0x155174777c80>,2,1,[1 8],3,3,4,0,3
1,<environment.Job instance at 0x15516c165e60>,3,1,[8 2],5,5,6,0,5
1,<environment.Job instance at 0x15516c1980a0>,4,2,[10  2],6,6,8,0,6
1,<environment.Job instance at 0x15519570a140>,0,1,[6 1],1,1,2,0,1
1,<environment.Job instance at 0x15519570a910>,1,1,[1 5],2,2,3,0,2
1,<environment.Job instance at 0x15516c198280>,2,2,[1 7],3,3,5,0,3
1,<environment.Job instance at 0x155174a06eb0>,4,1,[1 8],5,6,7,1,6
1,<environment.Job instance at 0x155174a06280>,5,2,[2 5],6,7,9,1,6
1,<environment.Job instance at 0x15516c076be0>,7,3,[8 1],8,8,11,0,8
1,<environment.Job instance at 0x1551c3295780>,8,1,[2 9],9,9,10,0,9
1,<environment.Job instance at 0x15518f7ef140>,9,3,[1 9],12,12,15,0,12
1,<environment.Job instance at 0x15518f6194b0>,10,1,[9 1],13,13,14,0,13
1,<environment.Job instance at 0x15518f6197d0>,12,2,[1 8],15,15,17,0,15
1,<environment.Job instance at 0x15518c0303c0>,14,3,[5 1],18,18,21,0,18
1,<environment.Job instance at 0x15518f619910>,15,3,[9 2],19,21,24,2,19
1,<environment.Job instance at 0x15516c198eb0>,0,3,[8 1],2,2,5,0,2
1,<environment.Job instance at 0x155174745c80>,1,1,[7 1],4,5,6,1,4
1,<environment.Job instance at 0x15517597daf0>,2,1,[1 5],5,5,6,0,5
1,<environment.Job instance at 0x15516c4f0550>,5,21,[2 6],9,9,30,0,9
1,<environment.Job instance at 0x15516c4f0f50>,7,13,[6 2],11,11,24,0,11
1,<environment.Job instance at 0x15516c4f0460>,8,2,[5 2],13,24,26,11,13
1,<environment.Job instance at 0x15516c4f08c0>,9,2,[6 2],14,26,28,12,14
1,<environment.Job instance at 0x15516c4f0e10>,10,3,[2 5],15,30,33,15,15
1,<environment.Job instance at 0x15518f5da960>,11,12,[5 2],16,28,40,12,16
1,<environment.Job instance at 0x15516c4f0be0>,12,14,[2 8],18,33,47,15,18
1,<environment.Job instance at 0x15516f30f3c0>,17,2,[ 1 10],26,47,49,21,26
1,<environment.Job instance at 0x15516dcba320>,18,15,[2 9],27,49,64,22,37
1,<environment.Job instance at 0x15518f5da2d0>,21,2,[1 6],30,64,66,34,52
1,<environment.Job instance at 0x15518e306870>,23,2,[8 2],33,64,66,31,55
1,<environment.Job instance at 0x15518e93ff00>,24,14,[2 8],34,66,80,32,55
1,<environment.Job instance at 0x15518e93f050>,25,2,[6 2],35,66,68,31,55
1,<environment.Job instance at 0x15516d2051e0>,92,2,[6 2],139,211,213,72,211
1,<environment.Job instance at 0x15516d205550>,93,3,[1 6],140,211,214,71,211
1,<environment.Job instance at 0x15516c696f00>,94,26,[ 2 10],141,214,240,73,212
1,<environment.Job instance at 0x15516c6968c0>,96,3,[6 2],143,240,243,97,214
1,<environment.Job instance at 0x15516c696640>,97,1,[9 2],147,243,244,96,215
1,<environment.Job instance at 0x15516c696d70>,98,1,[2 9],148,244,245,96,216
1,<environment.Job instance at 0x15518f5daa00>,13,1,[6 2],20,268,269,248,268
1,<environment.Job instance at 0x15518f5da640>,15,1,[1 7],22,1179,1180,1157,1179
1,<environment.Job instance at 0x155174b00960>,1,2,[9 2],2,2,4,0,2
1,<environment.Job instance at 0x15516c3d3d70>,3,13,[1 5],5,5,18,0,5
1,<environment.Job instance at 0x15518f65c5a0>,4,3,[ 1 10],6,18,21,12,6
1,<environment.Job instance at 0x15516f401960>,6,2,[7 1],8,286,288,278,286
1,<environment.Job instance at 0x15516c62a2d0>,0,3,[9 1],1,1,4,0,1
1,<environment.Job instance at 0x1545e0463460>,1,3,[1 9],2,2,5,0,2
1,<environment.Job instance at 0x1545e0463e60>,2,1,[2 5],3,5,6,2,3
1,<environment.Job instance at 0x154589c34c80>,3,1,[6 2],4,5,6,1,4
1,<environment.Job instance at 0x154589c34690>,4,2,[7 2],5,6,8,1,5
1,<environment.Job instance at 0x154589c34050>,5,3,[9 2],6,8,11,2,6
1,<environment.Job instance at 0x154589c34500>,7,1,[2 6],8,11,12,3,8
1,<environment.Job instance at 0x15458a2c2550>,9,2,[6 1],11,11,13,0,11
1,<environment.Job instance at 0x154589c34190>,10,13,[2 8],12,12,25,0,12
1,<environment.Job instance at 0x15458a4661e0>,11,3,[1 8],13,25,28,12,13
1,<environment.Job instance at 0x15458a372b40>,12,3,[1 8],14,28,31,14,14
1,<environment.Job instance at 0x15458a4715a0>,13,2,[8 1],17,17,19,0,17
1,<environment.Job instance at 0x154589c344b0>,14,2,[ 1 10],18,31,33,13,18
1,<environment.Job instance at 0x15458a36a230>,15,1,[ 1 10],20,33,34,13,20
1,<environment.Job instance at 0x15458a3937d0>,16,1,[2 5],21,34,35,13,21
1,<environment.Job instance at 0x15458a467b90>,18,2,[10  1],25,35,37,10,25
1,<environment.Job instance at 0x15458a304be0>,19,3,[6 2],26,318,321,292,318
1,<environment.Job instance at 0x15458a3b2370>,0,3,[9 1],3,3,6,0,3
1,<environment.Job instance at 0x15458d8e4b90>,1,3,[1 9],2,2,5,0,2
1,<environment.Job instance at 0x15458d8e4320>,2,1,[6 1],3,3,4,0,3
1,<environment.Job instance at 0x15458d8e4640>,3,3,[5 1],4,4,7,0,4
1,<environment.Job instance at 0x15458d8e4e60>,4,3,[1 7],9,9,12,0,9
1,<environment.Job instance at 0x15458d8e7e60>,7,2,[10  1],13,13,15,0,13
1,<environment.Job instance at 0x15458d8e7320>,8,3,[1 9],14,15,18,1,14
1,<environment.Job instance at 0x15458c71b550>,9,3,[1 8],18,18,21,0,18
1,<environment.Job instance at 0x15458d8e7d70>,10,2,[2 7],21,21,23,0,21
1,<environment.Job instance at 0x15458d8e7820>,11,2,[9 2],22,23,25,1,22
1,<environment.Job instance at 0x15458c727e10>,16,1,[1 8],28,30,31,2,30
1,<environment.Job instance at 0x15458c360b90>,0,2,[1 7],1,1,3,0,1
1,<environment.Job instance at 0x154589c2f320>,1,1,[1 5],2,3,4,1,2
1,<environment.Job instance at 0x15458b8fd6e0>,3,3,[1 6],4,4,7,0,4
1,<environment.Job instance at 0x15458b8fda00>,4,16,[1 5],5,7,23,2,5
1,<environment.Job instance at 0x15458d893d20>,5,2,[ 1 10],6,23,25,17,6
1,<environment.Job instance at 0x15458b8fd8c0>,7,15,[7 2],8,25,40,17,17
1,<environment.Job instance at 0x154589749460>,30,3,[10  2],39,44,47,5,44
1,<environment.Job instance at 0x15458c578e60>,102,2,[ 1 10],140,271,273,131,271
1,<environment.Job instance at 0x1545896d1f00>,105,2,[1 6],147,273,275,126,272
1,<environment.Job instance at 0x1545a886f140>,108,1,[6 2],152,282,283,130,282
1,<environment.Job instance at 0x1545897020a0>,8,16,[2 8],9,2802,2818,2793,2802
1,<environment.Job instance at 0x1545aafa5500>,0,2,[6 2],1,1,3,0,1
1,<environment.Job instance at 0x154589b3eaf0>,3,2,[5 2],4,4,6,0,4
1,<environment.Job instance at 0x154589b3ed70>,4,27,[1 7],5,5,32,0,5
1,<environment.Job instance at 0x154589c30550>,13,2,[2 9],17,32,34,15,32
1,<environment.Job instance at 0x154589c4caf0>,21,2,[8 2],35,35,37,0,35
1,<environment.Job instance at 0x154589b3e5f0>,6,17,[2 8],7,153,170,146,153
1,<environment.Job instance at 0x1545896bdc30>,62,3,[1 7],94,373,376,279,373
1,<environment.Job instance at 0x1545896e1f00>,8,2,[ 1 10],10,950,952,940,950
1,<environment.Job instance at 0x1545898375f0>,0,2,[5 2],1,1,3,0,1
1,<environment.Job instance at 0x15458d93a640>,1,2,[5 1],2,2,4,0,2
1,<environment.Job instance at 0x15458c712c80>,2,1,[1 7],3,3,4,0,3
1,<environment.Job instance at 0x15458c712f00>,4,1,[6 2],7,7,8,0,7
1,<environment.Job instance at 0x15458c712910>,5,1,[5 1],8,8,9,0,8
1,<environment.Job instance at 0x15458c712140>,6,1,[2 6],10,10,11,0,10
1,<environment.Job instance at 0x15458c7120a0>,7,3,[2 6],11,11,14,0,11
1,<environment.Job instance at 0x15458c7121e0>,8,2,[9 1],12,14,16,2,12
1,<environment.Job instance at 0x15458c712e10>,10,2,[7 2],15,16,18,1,15
1,<environment.Job instance at 0x15458c712230>,11,2,[9 2],16,18,20,2,16
1,<environment.Job instance at 0x1545aafa14b0>,12,3,[5 1],17,20,23,3,17
1,<environment.Job instance at 0x1545aafa1af0>,13,2,[ 1 10],18,23,25,5,18
1,<environment.Job instance at 0x1545aafa1460>,14,13,[2 6],19,25,38,6,19
1,<environment.Job instance at 0x1545a88add70>,16,1,[8 2],23,25,26,2,23
1,<environment.Job instance at 0x15458a2d9f50>,46,15,[ 2 10],56,62,77,6,62
1,<environment.Job instance at 0x15458a2d9280>,47,3,[10  2],57,77,80,20,62
1,<environment.Job instance at 0x15458a2d9960>,50,3,[7 2],61,80,83,19,62
1,<environment.Job instance at 0x15458a2d9b40>,51,2,[2 9],62,83,85,21,62
1,<environment.Job instance at 0x15458a2d9a00>,52,2,[2 7],63,248,250,185,248
1,<environment.Job instance at 0x1545941683c0>,1,3,[1 9],2,2,5,0,2
1,<environment.Job instance at 0x154589a59910>,4,3,[2 8],8,8,11,0,8
1,<environment.Job instance at 0x154589a59370>,7,2,[8 2],12,308,310,296,308
1,<environment.Job instance at 0x1545e0406140>,2,27,[1 9],3,3,30,0,3
1,<environment.Job instance at 0x15458b903820>,3,1,[9 1],4,4,5,0,4
1,<environment.Job instance at 0x15458b9036e0>,6,3,[ 1 10],11,30,33,19,11
1,<environment.Job instance at 0x15458b903460>,7,1,[8 2],12,33,34,21,12
1,<environment.Job instance at 0x1545890cc230>,9,2,[8 1],15,20,22,5,20
1,<environment.Job instance at 0x154597b56aa0>,14,3,[8 2],23,34,37,11,23
1,<environment.Job instance at 0x15459407c320>,15,1,[1 7],24,33,34,9,24
1,<environment.Job instance at 0x15458900caf0>,72,2,[1 7],99,200,202,101,200
1,<environment.Job instance at 0x15458900ca00>,73,3,[7 1],100,200,203,100,200
1,<environment.Job instance at 0x15458c776690>,16,3,[2 8],25,322,325,297,322
1,<environment.Job instance at 0x15458b903910>,12,1,[2 6],19,436,437,417,436
1,<environment.Job instance at 0x15458a40e820>,1,1,[5 1],2,2,3,0,2
1,<environment.Job instance at 0x15459406d5a0>,2,12,[ 1 10],3,3,15,0,3
1,<environment.Job instance at 0x15459406d730>,3,2,[1 7],4,15,17,11,4
1,<environment.Job instance at 0x15459406db90>,4,1,[6 2],7,15,16,8,7
1,<environment.Job instance at 0x15458953d1e0>,5,3,[5 2],8,16,19,8,8
1,<environment.Job instance at 0x15458953d280>,7,3,[2 7],10,17,20,7,10
1,<environment.Job instance at 0x15458953da00>,8,2,[8 2],12,19,21,7,12
1,<environment.Job instance at 0x1545898ee320>,10,1,[5 2],19,21,22,2,19
1,<environment.Job instance at 0x1545898ee1e0>,12,1,[7 2],22,22,23,0,22
1,<environment.Job instance at 0x1545898ee5a0>,13,1,[2 8],23,23,24,0,23
1,<environment.Job instance at 0x1545899d54b0>,14,2,[2 9],24,24,26,0,24
1,<environment.Job instance at 0x1545899d56e0>,15,3,[2 6],25,26,29,1,25
1,<environment.Job instance at 0x1545899d5a00>,16,2,[7 1],27,27,29,0,27
1,<environment.Job instance at 0x1545899d5d20>,17,1,[ 1 10],28,1284,1285,1256,1284
1,<environment.Job instance at 0x1545a8100fa0>,0,2,[1 6],6,6,8,0,6
1,<environment.Job instance at 0x1545899d5d20>,2,2,[2 8],10,10,12,0,10
1,<environment.Job instance at 0x1545940a6c30>,3,1,[7 1],13,13,14,0,13
1,<environment.Job instance at 0x154588ee5c80>,4,2,[2 6],14,14,16,0,14
1,<environment.Job instance at 0x154588ee5320>,5,3,[6 2],16,16,19,0,16
1,<environment.Job instance at 0x15459418f460>,6,12,[2 9],17,19,31,2,17
1,<environment.Job instance at 0x15458c7c5b40>,7,2,[5 1],18,19,21,1,18
1,<environment.Job instance at 0x15458c7c5c80>,8,3,[9 1],19,31,34,12,19
1,<environment.Job instance at 0x1545a80fc320>,9,1,[7 2],20,34,35,14,20
1,<environment.Job instance at 0x1545a80fcf50>,11,3,[9 2],24,35,38,11,24
1,<environment.Job instance at 0x1545a80fc640>,12,2,[2 5],25,38,40,13,25
1,<environment.Job instance at 0x1545a87d6500>,15,1,[1 8],28,31,32,3,28
1,<environment.Job instance at 0x1545a87d6cd0>,18,2,[2 6],31,40,42,9,31
1,<environment.Job instance at 0x1545a87d6af0>,19,3,[ 2 10],32,42,45,10,32
1,<environment.Job instance at 0x1545a80fc690>,17,1,[1 9],30,33,34,3,33
1,<environment.Job instance at 0x1545a8587dc0>,21,1,[8 1],36,38,39,2,36
1,<environment.Job instance at 0x1545a8587960>,22,3,[1 6],37,45,48,8,37
1,<environment.Job instance at 0x1545a8587f00>,23,2,[1 6],38,48,50,10,38
1,<environment.Job instance at 0x1545a8587550>,24,1,[2 5],39,39,40,0,39
1,<environment.Job instance at 0x1545898e71e0>,25,14,[ 2 10],40,50,64,10,41
1,<environment.Job instance at 0x154597ba0820>,1,3,[2 5],3,3,6,0,3
1,<environment.Job instance at 0x1545898e7280>,2,13,[1 5],4,4,17,0,4
1,<environment.Job instance at 0x15458981b8c0>,4,23,[2 5],7,7,30,0,7
1,<environment.Job instance at 0x1545974d68c0>,5,1,[6 1],8,17,18,9,8
1,<environment.Job instance at 0x15459403adc0>,9,3,[2 6],12,30,33,18,12
1,<environment.Job instance at 0x15459403a820>,10,1,[5 2],13,18,19,5,13
1,<environment.Job instance at 0x15459403a550>,11,3,[7 1],14,19,22,5,14
1,<environment.Job instance at 0x15458c3a8370>,12,2,[2 6],15,33,35,18,15
1,<environment.Job instance at 0x15459403ad20>,13,3,[2 7],17,35,38,18,17
1,<environment.Job instance at 0x15458c3a8690>,15,3,[1 5],20,22,25,2,20
1,<environment.Job instance at 0x15458c3a8230>,16,2,[2 8],21,38,40,17,21
1,<environment.Job instance at 0x1545a87eaf00>,2,1,[8 1],3,3,4,0,3
1,<environment.Job instance at 0x15458c3a8230>,4,2,[1 9],7,7,9,0,7
1,<environment.Job instance at 0x1545a87eafa0>,7,16,[1 7],11,11,27,0,11
1,<environment.Job instance at 0x154589bb26e0>,8,3,[2 6],12,27,30,15,12
1,<environment.Job instance at 0x154589bb2820>,13,1,[1 9],20,30,31,10,20
1,<environment.Job instance at 0x154589bb2500>,10,3,[2 8],16,31,34,15,20
1,<environment.Job instance at 0x154589309910>,16,3,[2 8],23,34,37,11,23
1,<environment.Job instance at 0x154589309d70>,17,3,[2 9],24,37,40,13,24
1,<environment.Job instance at 0x154589309280>,19,1,[2 7],27,40,41,13,27
1,<environment.Job instance at 0x154589309550>,20,1,[7 2],28,28,29,0,28
1,<environment.Job instance at 0x15458c8a0f50>,1,2,[1 9],4,4,6,0,4
1,<environment.Job instance at 0x1545a889ff50>,3,2,[7 1],8,8,10,0,8
1,<environment.Job instance at 0x154589c12f50>,1,12,[1 7],2,2,14,0,2
1,<environment.Job instance at 0x154589596f50>,0,3,[8 1],2,2,5,0,2
1,<environment.Job instance at 0x154589b4db40>,1,1,[7 1],4,5,6,1,4
1,<environment.Job instance at 0x15458c3ba9b0>,2,1,[1 5],5,5,6,0,5
1,<environment.Job instance at 0x154595e40500>,5,21,[2 6],9,9,30,0,9
1,<environment.Job instance at 0x154595e40820>,7,13,[6 2],11,11,24,0,11
1,<environment.Job instance at 0x154589c50500>,8,2,[5 2],13,24,26,11,13
1,<environment.Job instance at 0x154589c50fa0>,9,2,[6 2],14,26,28,12,14
1,<environment.Job instance at 0x154589c504b0>,10,3,[2 5],15,30,33,15,15
1,<environment.Job instance at 0x154589ae41e0>,11,12,[5 2],16,28,40,12,16
1,<environment.Job instance at 0x154589c50d20>,12,14,[2 8],18,33,47,15,18
1,<environment.Job instance at 0x154589ae45f0>,13,1,[6 2],20,40,41,20,20
1,<environment.Job instance at 0x154589846230>,18,15,[2 9],27,47,62,20,33
1,<environment.Job instance at 0x154589ae4230>,14,16,[7 1],21,41,57,20,33
1,<environment.Job instance at 0x1545898465f0>,20,13,[9 1],29,1791,1804,1762,1791
1,<environment.Job instance at 0x15458d8ecc80>,0,2,[1 8],1,1,3,0,1
1,<environment.Job instance at 0x154588edf2d0>,2,15,[ 1 10],3,3,18,0,3
1,<environment.Job instance at 0x154597b315a0>,3,1,[5 1],4,18,19,14,4
1,<environment.Job instance at 0x1545896c2a50>,4,2,[2 7],5,18,20,13,5
1,<environment.Job instance at 0x154588f5a5f0>,5,2,[9 1],6,20,22,14,6
1,<environment.Job instance at 0x154588f5a410>,6,1,[1 8],7,20,21,13,7
1,<environment.Job instance at 0x1545894a2cd0>,7,2,[10  2],8,22,24,14,8
1,<environment.Job instance at 0x15458d78deb0>,8,1,[9 2],9,24,25,15,9
1,<environment.Job instance at 0x1545a8595370>,10,1,[10  1],12,25,26,13,12
1,<environment.Job instance at 0x1545895af640>,12,2,[2 9],16,26,28,10,16
1,<environment.Job instance at 0x154589861370>,13,3,[9 1],17,28,31,11,17
1,<environment.Job instance at 0x154589911640>,14,17,[2 6],18,31,48,13,19
1,<environment.Job instance at 0x1545892606e0>,20,2,[2 8],25,1015,1017,990,1015
1,<environment.Job instance at 0x154589260870>,1,2,[2 8],3,3,5,0,3
1,<environment.Job instance at 0x154589192730>,2,3,[1 7],5,5,8,0,5
1,<environment.Job instance at 0x1545a8946af0>,3,2,[8 1],7,7,9,0,7
1,<environment.Job instance at 0x154589964870>,4,3,[9 2],8,9,12,1,8
1,<environment.Job instance at 0x154589a045a0>,6,12,[2 7],13,13,25,0,13
1,<environment.Job instance at 0x15458d8e6870>,9,3,[2 6],16,25,28,9,16
1,<environment.Job instance at 0x154589a04190>,10,3,[8 1],17,17,20,0,17
1,<environment.Job instance at 0x15458d8e6a50>,11,1,[6 1],18,20,21,2,18
1,<environment.Job instance at 0x1545893b55a0>,12,3,[6 1],19,21,24,2,19
1,<environment.Job instance at 0x1545896920a0>,13,3,[9 1],20,28,31,8,20
1,<environment.Job instance at 0x15458990cfa0>,14,3,[2 9],21,31,34,10,21
1,<environment.Job instance at 0x1545896800a0>,16,1,[10  2],25,34,35,9,25
1,<environment.Job instance at 0x15458c733460>,17,1,[5 1],26,26,27,0,26
1,<environment.Job instance at 0x1545896713c0>,18,3,[1 8],27,28,31,1,27
1,<environment.Job instance at 0x1545894c4f50>,19,2,[5 1],28,31,33,3,28
1,<environment.Job instance at 0x1545897a1960>,21,2,[2 8],32,35,37,3,32
1,<environment.Job instance at 0x1545897a1230>,22,1,[ 1 10],33,37,38,4,33
1,<environment.Job instance at 0x154589baa730>,24,3,[8 2],36,38,41,2,36
1,<environment.Job instance at 0x154589baa4b0>,25,1,[2 8],37,38,39,1,37
1,<environment.Job instance at 0x154589baaaf0>,26,1,[5 1],38,41,42,3,38
1,<environment.Job instance at 0x1545896aa1e0>,27,3,[5 1],39,41,44,2,39
1,<environment.Job instance at 0x1545896aa6e0>,28,18,[5 2],40,42,60,2,40
1,<environment.Job instance at 0x1545896aa870>,29,2,[6 2],45,60,62,15,45
1,<environment.Job instance at 0x1545896aa190>,30,12,[2 8],46,46,58,0,46
1,<environment.Job instance at 0x15458a36a050>,39,1,[1 6],57,62,63,5,62
1,<environment.Job instance at 0x15458a36aa00>,2,1,[10  2],5,5,6,0,5
1,<environment.Job instance at 0x15458c6028c0>,4,3,[8 1],7,7,10,0,7
1,<environment.Job instance at 0x15458a2c2e60>,5,1,[1 6],8,8,9,0,8
1,<environment.Job instance at 0x15458a2c2f00>,6,1,[2 7],9,9,10,0,9
1,<environment.Job instance at 0x15458a2c2b90>,7,2,[ 1 10],10,10,12,0,10
1,<environment.Job instance at 0x15458a2c2730>,8,1,[7 1],11,12,13,1,11
1,<environment.Job instance at 0x15458a2c2780>,9,2,[9 1],12,13,15,1,12
1,<environment.Job instance at 0x15458a2c2190>,10,1,[5 1],14,15,16,1,14
1,<environment.Job instance at 0x15458a2c25f0>,11,1,[2 7],15,15,16,0,15
1,<environment.Job instance at 0x15458a2c21e0>,13,1,[10  1],17,17,18,0,17
1,<environment.Job instance at 0x15458a2c27d0>,14,1,[6 2],18,18,19,0,18
1,<environment.Job instance at 0x15458a2c2d20>,15,13,[ 2 10],19,19,32,0,19
1,<environment.Job instance at 0x15458a2c2fa0>,16,3,[ 1 10],20,32,35,12,20
1,<environment.Job instance at 0x15458c5e0eb0>,18,2,[1 9],22,35,37,13,25
1,<environment.Job instance at 0x15458c5e0e10>,20,1,[5 1],28,35,36,7,28
1,<environment.Job instance at 0x15458c5e0690>,23,2,[1 6],32,315,317,283,315
1,<environment.Job instance at 0x1545a88021e0>,0,1,[9 2],1,1,2,0,1
1,<environment.Job instance at 0x15458a2e2b40>,1,1,[6 2],3,3,4,0,3
1,<environment.Job instance at 0x1545aabeda50>,3,2,[2 8],5,5,7,0,5
1,<environment.Job instance at 0x1545aabedf50>,4,1,[10  2],6,7,8,1,6
1,<environment.Job instance at 0x1545aabed4b0>,6,25,[1 7],9,9,34,0,9
1,<environment.Job instance at 0x154589b5c780>,7,3,[8 2],10,14,17,4,14
1,<environment.Job instance at 0x14cd2e220960>,1,3,[1 9],2,2,5,0,2
1,<environment.Job instance at 0x14cd2e220e10>,2,1,[2 5],3,5,6,2,3
1,<environment.Job instance at 0x14ccd79efdc0>,3,1,[6 2],4,5,6,1,4
1,<environment.Job instance at 0x14ccd79ef6e0>,4,2,[7 2],5,6,8,1,5
1,<environment.Job instance at 0x14ccd79ef460>,5,3,[9 2],6,8,11,2,6
1,<environment.Job instance at 0x14ccd79ef3c0>,7,1,[2 6],8,11,12,3,8
1,<environment.Job instance at 0x14cd2e220460>,9,2,[6 1],11,11,13,0,11
1,<environment.Job instance at 0x14ccd80822d0>,10,13,[2 8],12,12,25,0,12
1,<environment.Job instance at 0x14ccd79ef2d0>,11,3,[1 8],13,25,28,12,13
1,<environment.Job instance at 0x14ccd807fa00>,12,3,[1 8],14,28,31,14,14
1,<environment.Job instance at 0x14ccd80a7730>,13,2,[8 1],17,17,19,0,17
1,<environment.Job instance at 0x14ccd809bc30>,14,2,[ 1 10],18,31,33,13,18
1,<environment.Job instance at 0x14ccd79ef690>,15,1,[ 1 10],20,33,34,13,20
1,<environment.Job instance at 0x14ccd817aaf0>,16,1,[2 5],21,34,35,13,21
1,<environment.Job instance at 0x14ccd812d410>,18,2,[10  1],25,35,37,10,25
1,<environment.Job instance at 0x14ccd8129370>,19,3,[6 2],26,316,319,290,316
1,<environment.Job instance at 0x14ccdb5fe820>,0,2,[2 7],1,1,3,0,1
1,<environment.Job instance at 0x14cd06609af0>,1,2,[9 2],2,3,5,1,2
1,<environment.Job instance at 0x14ccdb668b40>,4,1,[ 2 10],5,5,6,0,5
1,<environment.Job instance at 0x14ccda109e60>,24,2,[1 6],38,48,50,10,48
1,<environment.Job instance at 0x14ccdb5f1dc0>,25,3,[ 2 10],40,50,53,10,48
1,<environment.Job instance at 0x14ccdb5f1e10>,26,1,[7 2],41,48,49,7,48
1,<environment.Job instance at 0x14ccdb5f1c30>,27,3,[9 1],42,53,56,11,48
1,<environment.Job instance at 0x14ccda46fb40>,55,2,[2 9],85,152,154,67,152
1,<environment.Job instance at 0x14ccda4a1190>,66,1,[2 6],103,154,155,51,152
1,<environment.Job instance at 0x14ccda4a14b0>,67,2,[1 5],105,155,157,50,154
1,<environment.Job instance at 0x14ccda4a1640>,68,2,[8 1],106,154,156,48,154
1,<environment.Job instance at 0x14ccda4a1a50>,69,3,[2 9],107,157,160,50,154
1,<environment.Job instance at 0x14ccda4a16e0>,70,1,[5 1],109,156,157,47,154
1,<environment.Job instance at 0x14ccd81df0a0>,71,3,[1 5],110,160,163,50,154
1,<environment.Job instance at 0x14ccd81dfe60>,72,2,[1 9],111,163,165,52,154
1,<environment.Job instance at 0x14ccd81df230>,73,3,[2 8],112,165,168,53,154
1,<environment.Job instance at 0x14ccd81dfaa0>,74,1,[1 8],115,168,169,53,154
1,<environment.Job instance at 0x14ccd81c15a0>,76,3,[1 6],117,169,172,52,154
1,<environment.Job instance at 0x14ccd81c1e10>,77,2,[8 2],118,160,162,42,154
1,<environment.Job instance at 0x14cd14d531e0>,102,3,[6 1],150,232,235,82,232
1,<environment.Job instance at 0x14ccda26dfa0>,103,2,[1 8],151,232,234,81,232
1,<environment.Job instance at 0x14ccdb75ca50>,104,3,[2 8],152,234,237,82,232
1,<environment.Job instance at 0x14ccdc915dc0>,105,2,[2 8],153,237,239,84,232
1,<environment.Job instance at 0x14ccdb67a5f0>,106,3,[5 2],156,235,238,79,232
1,<environment.Job instance at 0x14ccd720a9b0>,107,1,[6 2],158,238,239,80,232
1,<environment.Job instance at 0x14ccdb676dc0>,108,2,[2 8],159,239,241,80,232
1,<environment.Job instance at 0x14cd06676c30>,109,1,[6 2],161,239,240,78,232
1,<environment.Job instance at 0x14ccdb6170a0>,110,1,[2 9],162,241,242,79,232
1,<environment.Job instance at 0x14cd059c80a0>,111,27,[ 2 10],163,242,269,79,240
1,<environment.Job instance at 0x14ccd8c7c690>,113,2,[2 7],166,269,271,103,242
1,<environment.Job instance at 0x14ccdb67bb40>,114,1,[5 2],167,269,270,102,242
1,<environment.Job instance at 0x14ccda203190>,9,3,[5 2],14,323,326,309,323
1,<environment.Job instance at 0x14ccda2033c0>,10,2,[ 2 10],15,349,351,334,349
1,<environment.Job instance at 0x14ccd96d4140>,2,2,[5 2],3,3,5,0,3
1,<environment.Job instance at 0x14ccda2033c0>,3,1,[7 1],6,6,7,0,6
1,<environment.Job instance at 0x14ccd74420f0>,4,2,[7 1],7,7,9,0,7
1,<environment.Job instance at 0x14ccd7442e10>,5,1,[7 2],8,9,10,1,8
1,<environment.Job instance at 0x14ccd7442fa0>,6,3,[10  2],9,10,13,1,9
1,<environment.Job instance at 0x14ccd74428c0>,7,2,[5 2],10,13,15,3,10
1,<environment.Job instance at 0x14ccd74425a0>,8,15,[1 8],12,13,28,1,12
1,<environment.Job instance at 0x14ccd79daaa0>,2,2,[7 2],5,5,7,0,5
1,<environment.Job instance at 0x14ccd7652640>,1,2,[2 5],2,2,4,0,2
1,<environment.Job instance at 0x14ccd73b1190>,5,3,[10  2],7,7,10,0,7
1,<environment.Job instance at 0x14ccda395af0>,0,2,[7 1],1,1,3,0,1
1,<environment.Job instance at 0x14ccda3d2460>,3,2,[1 8],9,9,11,0,9
1,<environment.Job instance at 0x14ccd7233320>,4,1,[2 6],10,11,12,1,10
1,<environment.Job instance at 0x14ccd7233b40>,5,2,[9 2],13,13,15,0,13
1,<environment.Job instance at 0x14ccd8c88d20>,6,1,[ 2 10],17,17,18,0,17
1,<environment.Job instance at 0x14ccda5650f0>,1,1,[1 6],2,2,3,0,2
1,<environment.Job instance at 0x14cd14d5e280>,2,1,[10  1],3,3,4,0,3
1,<environment.Job instance at 0x14cd14d5edc0>,4,1,[7 1],5,5,6,0,5
1,<environment.Job instance at 0x14cd04048a50>,5,3,[9 2],6,6,9,0,6
1,<environment.Job instance at 0x14cd040481e0>,6,2,[1 8],7,7,9,0,7
1,<environment.Job instance at 0x14cd04048410>,8,3,[2 5],9,9,12,0,9
1,<environment.Job instance at 0x14cd04048eb0>,9,2,[8 1],10,10,12,0,10
1,<environment.Job instance at 0x14ccd6df7550>,14,2,[2 9],15,15,17,0,15
1,<environment.Job instance at 0x14ccdb7117d0>,0,1,[9 1],1,1,2,0,1
1,<environment.Job instance at 0x14ccd6d70730>,1,2,[10  2],2,2,4,0,2
1,<environment.Job instance at 0x14ccd8c597d0>,3,1,[1 5],5,5,6,0,5
1,<environment.Job instance at 0x14ccdc931370>,4,2,[1 9],6,6,8,0,6
1,<environment.Job instance at 0x14ccd8c59cd0>,5,2,[1 7],9,9,11,0,9
1,<environment.Job instance at 0x14ccdc931500>,6,3,[1 8],10,11,14,1,10
1,<environment.Job instance at 0x14ccdc931f50>,8,2,[2 8],12,14,16,2,12
1,<environment.Job instance at 0x14ccd6fc7280>,9,3,[1 7],13,16,19,3,13
1,<environment.Job instance at 0x14ccda3b3c80>,10,2,[6 1],14,14,16,0,14
1,<environment.Job instance at 0x14ccda3b30a0>,11,3,[7 2],15,16,19,1,15
1,<environment.Job instance at 0x14ccda3b3e60>,12,2,[8 1],16,19,21,3,16
1,<environment.Job instance at 0x14ccda3b3870>,14,1,[10  1],18,21,22,3,19
1,<environment.Job instance at 0x14ccd7a030f0>,15,2,[8 2],20,22,24,2,20
1,<environment.Job instance at 0x14ccd7a03190>,16,1,[1 6],21,22,23,1,21
1,<environment.Job instance at 0x14ccd7a03f00>,17,3,[6 1],22,24,27,2,22
1,<environment.Job instance at 0x14ccd7a03280>,18,16,[1 5],23,23,39,0,23
1,<environment.Job instance at 0x14ccd7a03a50>,19,3,[2 5],24,27,30,3,24
1,<environment.Job instance at 0x14ccd7a032d0>,20,3,[2 8],26,39,42,13,26
1,<environment.Job instance at 0x14ccd6caad20>,0,2,[10  1],1,1,3,0,1
1,<environment.Job instance at 0x14ccd6c79e60>,1,1,[1 7],2,3,4,1,2
1,<environment.Job instance at 0x14ccd7a032d0>,2,1,[9 1],4,4,5,0,4
1,<environment.Job instance at 0x14ccd6d3e780>,1,2,[8 1],3,3,5,0,3
1,<environment.Job instance at 0x14cd059c0690>,2,3,[9 1],4,5,8,1,4
1,<environment.Job instance at 0x14cd059c0d20>,3,3,[8 2],5,8,11,3,5
1,<environment.Job instance at 0x14cd059c0dc0>,5,2,[2 7],9,9,11,0,9
1,<environment.Job instance at 0x14cd06342e10>,7,13,[ 2 10],12,12,25,0,12
1,<environment.Job instance at 0x14cd06342d70>,8,2,[1 9],13,25,27,12,13
1,<environment.Job instance at 0x14cd06342d20>,10,1,[8 1],15,25,26,10,15
1,<environment.Job instance at 0x14cd06342f00>,12,1,[8 2],17,359,360,342,359
1,<environment.Job instance at 0x14ccda6262d0>,1,13,[2 8],3,3,16,0,3
1,<environment.Job instance at 0x14ccda3505a0>,2,3,[1 9],4,16,19,12,4
1,<environment.Job instance at 0x14ccda350320>,3,3,[2 7],6,19,22,13,6
1,<environment.Job instance at 0x14ccda350b90>,4,3,[2 9],7,22,25,15,7
1,<environment.Job instance at 0x14ccda350c80>,5,3,[6 1],9,9,12,0,9
1,<environment.Job instance at 0x14ccda350fa0>,7,15,[2 7],11,25,40,14,11
1,<environment.Job instance at 0x14ccda350870>,8,2,[9 1],12,16,18,4,12
1,<environment.Job instance at 0x14ccda2c1910>,0,2,[2 9],1,1,3,0,1
1,<environment.Job instance at 0x14ccd75b9820>,1,2,[6 2],2,3,5,1,2
1,<environment.Job instance at 0x14ccda2c1550>,3,2,[1 6],4,4,6,0,4
1,<environment.Job instance at 0x14ccdb6ea2d0>,4,1,[2 5],5,6,7,1,5
1,<environment.Job instance at 0x14ccdb6ea8c0>,6,2,[10  1],7,7,9,0,7
1,<environment.Job instance at 0x14ccdb6ea0f0>,7,2,[7 1],8,9,11,1,8
1,<environment.Job instance at 0x14ccd7c2ee10>,8,2,[7 2],9,11,13,2,9
1,<environment.Job instance at 0x14ccd7c2e820>,9,1,[9 2],10,13,14,3,10
1,<environment.Job instance at 0x14ccdb6eac80>,10,2,[9 1],11,14,16,3,11
1,<environment.Job instance at 0x14ccda101c80>,11,3,[9 1],13,16,19,3,13
1,<environment.Job instance at 0x14ccd7374f00>,13,3,[2 9],16,19,22,3,16
1,<environment.Job instance at 0x14ccd72a6d20>,14,2,[1 9],18,22,24,4,18
1,<environment.Job instance at 0x14ccda101320>,16,3,[9 1],21,2490,2493,2469,2490
1,<environment.Job instance at 0x14ccda101320>,2,2,[2 6],5,7,9,2,7
1,<environment.Job instance at 0x14ccd6d45f50>,3,17,[2 7],8,9,26,1,8
1,<environment.Job instance at 0x14ccdb733af0>,4,1,[2 9],9,26,27,17,9
1,<environment.Job instance at 0x14cd07ff1910>,5,1,[2 6],10,27,28,17,10
1,<environment.Job instance at 0x14cd2c16b0f0>,7,1,[8 2],13,13,14,0,13
1,<environment.Job instance at 0x14ccda5d1fa0>,8,13,[1 9],14,28,41,14,14
1,<environment.Job instance at 0x14cd05986be0>,6,2,[1 8],11,41,43,30,14
1,<environment.Job instance at 0x14ccd767c730>,9,2,[2 8],16,43,45,27,16
1,<environment.Job instance at 0x14ccd7189cd0>,10,2,[7 2],17,17,19,0,17
1,<environment.Job instance at 0x14ccda347320>,1,2,[2 8],3,3,5,0,3
1,<environment.Job instance at 0x14ccda347f00>,2,3,[1 7],5,5,8,0,5
1,<environment.Job instance at 0x14ccda3478c0>,3,2,[8 1],7,7,9,0,7
1,<environment.Job instance at 0x14ccda347910>,4,3,[9 2],8,9,12,1,8
1,<environment.Job instance at 0x14ccda347050>,6,12,[2 7],13,13,25,0,13
1,<environment.Job instance at 0x14ccda3475a0>,9,3,[2 6],16,25,28,9,16
1,<environment.Job instance at 0x14ccd728d6e0>,10,3,[8 1],17,17,20,0,17
1,<environment.Job instance at 0x14ccd6d875a0>,11,1,[6 1],18,20,21,2,18
1,<environment.Job instance at 0x14ccd71cf870>,12,3,[6 1],19,21,24,2,19
1,<environment.Job instance at 0x14ccd71cf5a0>,13,3,[9 1],20,28,31,8,20
1,<environment.Job instance at 0x14ccd70c39b0>,14,3,[2 9],21,31,34,10,21
1,<environment.Job instance at 0x14ccda3752d0>,16,1,[10  2],25,34,35,9,25
1,<environment.Job instance at 0x14ccda3594b0>,17,1,[5 1],26,26,27,0,26
1,<environment.Job instance at 0x14ccda359e60>,18,3,[1 8],27,28,31,1,27
1,<environment.Job instance at 0x14cd066fab40>,19,2,[5 1],28,31,33,3,28
1,<environment.Job instance at 0x14cd066fab90>,21,2,[2 8],32,35,37,3,32
1,<environment.Job instance at 0x14cd066fa690>,22,1,[ 1 10],33,37,38,4,33
1,<environment.Job instance at 0x14cd066fa0f0>,24,3,[8 2],36,38,41,2,36
1,<environment.Job instance at 0x14cd066fae10>,25,1,[2 8],37,38,39,1,37
1,<environment.Job instance at 0x14cd066fa410>,23,16,[8 1],35,41,57,6,37
1,<environment.Job instance at 0x14ccda3e0730>,26,1,[5 1],38,57,58,19,38
1,<environment.Job instance at 0x14ccda3e0af0>,27,3,[5 1],39,57,60,18,39
1,<environment.Job instance at 0x14ccd70ae730>,29,2,[6 2],45,60,62,15,45
1,<environment.Job instance at 0x14ccd80a15f0>,30,12,[2 8],46,58,70,12,46
1,<environment.Job instance at 0x14ccd763a460>,36,2,[8 1],54,62,64,8,60
1,<environment.Job instance at 0x14ccda53fc80>,37,1,[10  1],55,70,71,15,60
1,<environment.Job instance at 0x14ccd763af00>,38,2,[5 1],56,64,66,8,60
1,<environment.Job instance at 0x14ccd763f690>,41,3,[9 2],60,71,74,11,60
1,<environment.Job instance at 0x14ccda1c83c0>,0,1,[7 1],1,1,2,0,1
1,<environment.Job instance at 0x14ccda1dc5f0>,1,2,[9 1],2,2,4,0,2
1,<environment.Job instance at 0x14ccda1c8230>,2,1,[5 1],4,4,5,0,4
1,<environment.Job instance at 0x14ccdb6dceb0>,5,1,[10  1],7,7,8,0,7
1,<environment.Job instance at 0x14ccdb6dc2d0>,6,1,[6 2],8,8,9,0,8
1,<environment.Job instance at 0x14ccdb6dc730>,8,3,[ 1 10],10,10,13,0,10
1,<environment.Job instance at 0x14ccdb6dc780>,9,17,[1 7],11,13,30,2,11
1,<environment.Job instance at 0x14ccdb6dc5a0>,10,2,[1 9],12,30,32,18,12
1,<environment.Job instance at 0x14ccdb6dc370>,11,3,[1 7],16,32,35,16,16
1,<environment.Job instance at 0x14ccdb6dce60>,12,1,[5 1],18,18,19,0,18
1,<environment.Job instance at 0x14cd1490b5a0>,14,1,[5 1],20,20,21,0,20
1,<environment.Job instance at 0x14cd1490bc30>,15,2,[1 6],22,35,37,13,22
1,<environment.Job instance at 0x14ccd73ba1e0>,0,1,[1 6],1,1,2,0,1
1,<environment.Job instance at 0x14cd2c0ea8c0>,3,12,[10  1],6,13,25,7,13
1,<environment.Job instance at 0x14ccd775d0a0>,11,23,[1 9],14,25,48,11,23
1,<environment.Job instance at 0x14cd04040230>,15,3,[2 8],19,48,51,29,23
1,<environment.Job instance at 0x14cd04040a50>,16,1,[8 1],20,27,28,7,27
1,<environment.Job instance at 0x14ccda1fbc80>,18,2,[6 1],22,28,30,6,27
1,<environment.Job instance at 0x14ccdb535b90>,19,1,[6 1],24,30,31,6,27
1,<environment.Job instance at 0x14ccd7311e10>,20,2,[2 5],26,51,53,25,27
1,<environment.Job instance at 0x14cd05a1aaa0>,21,3,[2 8],28,53,56,25,28
1,<environment.Job instance at 0x14cd148bbfa0>,22,1,[5 1],29,31,32,2,29
1,<environment.Job instance at 0x14ccdb5a2410>,23,25,[ 1 10],31,56,81,25,53
1,<environment.Job instance at 0x14ccda1d6b40>,37,1,[9 2],54,81,82,27,54
1,<environment.Job instance at 0x14ccd78e3c80>,39,2,[2 6],57,82,84,25,57
1,<environment.Job instance at 0x14ccd78e30f0>,40,3,[6 2],58,82,85,24,58
1,<environment.Job instance at 0x14ccda387780>,41,1,[5 2],60,85,86,25,60
1,<environment.Job instance at 0x14cd2c0ea2d0>,4,3,[1 8],7,402,405,395,402
1,<environment.Job instance at 0x14cd0660afa0>,1,2,[7 2],2,2,4,0,2
1,<environment.Job instance at 0x14ccd7901c30>,2,1,[10  2],3,4,5,1,3
1,<environment.Job instance at 0x14cd065b1e10>,4,2,[6 2],6,6,8,0,6
1,<environment.Job instance at 0x14cd065b1d20>,5,3,[2 7],7,7,10,0,7
1,<environment.Job instance at 0x151082435460>,1,3,[1 9],2,2,5,0,2
1,<environment.Job instance at 0x151082435e60>,2,1,[2 5],3,5,6,2,3
1,<environment.Job instance at 0x15102bbf4640>,3,1,[6 2],4,5,6,1,4
1,<environment.Job instance at 0x15102bbf48c0>,4,2,[7 2],5,6,8,1,5
1,<environment.Job instance at 0x15102bbf4500>,5,3,[9 2],6,8,11,2,6
1,<environment.Job instance at 0x15102bbf45a0>,7,1,[2 6],8,11,12,3,8
1,<environment.Job instance at 0x15102bbf41e0>,9,2,[6 1],11,11,13,0,11
1,<environment.Job instance at 0x15102bbf4190>,10,13,[2 8],12,12,25,0,12
1,<environment.Job instance at 0x15102c428280>,11,3,[1 8],13,25,28,12,13
1,<environment.Job instance at 0x15102c428aa0>,12,3,[1 8],14,28,31,14,14
1,<environment.Job instance at 0x15102c427640>,13,2,[8 1],17,17,19,0,17
1,<environment.Job instance at 0x15102c332b40>,14,2,[ 1 10],18,31,33,13,18
1,<environment.Job instance at 0x15102c32ab90>,15,1,[ 1 10],20,33,34,13,20
1,<environment.Job instance at 0x15102c32a280>,16,1,[2 5],21,34,35,13,21
1,<environment.Job instance at 0x15102c32f640>,18,2,[10  1],25,79,81,54,79
1,<environment.Job instance at 0x15102c319af0>,43,3,[7 2],57,345,348,288,345
1,<environment.Job instance at 0x15102c353500>,1,15,[1 7],5,5,20,0,5
1,<environment.Job instance at 0x15102e3fe3c0>,7,2,[ 2 10],14,20,22,6,14
1,<environment.Job instance at 0x15102e3fee10>,8,2,[2 9],15,22,24,7,15
1,<environment.Job instance at 0x15102e393690>,10,19,[ 1 10],18,24,43,6,24
1,<environment.Job instance at 0x15102e393960>,17,15,[1 7],25,87,102,62,87
1,<environment.Job instance at 0x15102e386780>,38,2,[8 1],56,162,164,106,162
1,<environment.Job instance at 0x15102e3ff0a0>,60,2,[6 2],92,170,172,78,170
1,<environment.Job instance at 0x15102e3ff320>,62,16,[1 7],94,170,186,76,170
1,<environment.Job instance at 0x15102e393910>,11,2,[9 1],19,499,501,480,499
1,<environment.Job instance at 0x15102e3937d0>,12,3,[5 2],20,586,589,566,586
1,<environment.Job instance at 0x15102e3934b0>,13,2,[ 1 10],21,1150,1152,1129,1150
1,<environment.Job instance at 0x15106804fc80>,0,1,[6 2],1,1,2,0,1
1,<environment.Job instance at 0x15102e3934b0>,3,2,[8 1],8,8,10,0,8
1,<environment.Job instance at 0x15102e59ffa0>,0,1,[2 6],1,1,2,0,1
1,<environment.Job instance at 0x15103947b6e0>,3,14,[1 6],5,5,19,0,5
1,<environment.Job instance at 0x151039ae1dc0>,26,1,[ 2 10],30,141,142,111,141
1,<environment.Job instance at 0x151030b38eb0>,51,3,[2 9],74,142,145,68,141
1,<environment.Job instance at 0x151038021870>,52,1,[10  2],75,145,146,70,141
1,<environment.Job instance at 0x151030b10d70>,53,1,[5 2],76,146,147,70,144
1,<environment.Job instance at 0x151030b100f0>,55,2,[ 1 10],80,147,149,67,146
1,<environment.Job instance at 0x151080373eb0>,56,16,[ 2 10],82,149,165,67,146
1,<environment.Job instance at 0x15102fb6ad20>,57,3,[10  2],83,165,168,82,146
1,<environment.Job instance at 0x1510803730f0>,58,2,[1 6],87,168,170,81,147
1,<environment.Job instance at 0x15106822ef50>,59,3,[1 9],88,170,173,82,147
1,<environment.Job instance at 0x15102e58c910>,60,16,[2 7],91,173,189,82,165
1,<environment.Job instance at 0x15102f71eb40>,62,3,[10  2],94,189,192,95,165
1,<environment.Job instance at 0x15106809e5a0>,63,3,[5 1],98,168,171,70,165
1,<environment.Job instance at 0x15106822eeb0>,64,1,[2 8],99,192,193,93,165
1,<environment.Job instance at 0x15106822e190>,65,2,[7 2],100,173,175,73,165
1,<environment.Job instance at 0x15106822ec80>,66,2,[6 2],101,175,177,74,165
1,<environment.Job instance at 0x15102e6e1910>,69,2,[5 2],104,177,179,73,166
1,<environment.Job instance at 0x15102e5d89b0>,72,17,[2 8],107,193,210,86,186
1,<environment.Job instance at 0x15102f7d0320>,74,2,[ 1 10],110,210,212,100,187
1,<environment.Job instance at 0x15102c2ac320>,78,3,[9 2],115,212,215,97,187
1,<environment.Job instance at 0x15102c2ac140>,79,2,[2 9],117,215,217,98,188
1,<environment.Job instance at 0x15102c3b7820>,80,15,[2 8],122,217,232,95,203
1,<environment.Job instance at 0x15102c3b71e0>,81,1,[5 1],123,203,204,80,203
1,<environment.Job instance at 0x15102be62e10>,84,1,[10  2],128,232,233,104,204
1,<environment.Job instance at 0x15102be62a00>,85,3,[2 8],129,233,236,104,207
1,<environment.Job instance at 0x151038019eb0>,5,3,[5 1],7,298,301,291,298
1,<environment.Job instance at 0x151039b611e0>,7,1,[1 8],9,1134,1135,1125,1134
1,<environment.Job instance at 0x151039b61730>,1,12,[2 6],3,3,15,0,3
1,<environment.Job instance at 0x151038006140>,2,1,[9 1],5,15,16,10,5
1,<environment.Job instance at 0x15102f7f0500>,3,17,[2 8],6,16,33,10,6
1,<environment.Job instance at 0x15102bbaf500>,5,16,[8 1],10,16,32,6,15
1,<environment.Job instance at 0x15102bbafc30>,6,16,[1 6],11,33,49,22,20
1,<environment.Job instance at 0x1510681161e0>,11,2,[7 2],18,32,34,14,20
1,<environment.Job instance at 0x151068116280>,13,3,[1 5],20,49,52,29,30
1,<environment.Job instance at 0x1510681168c0>,15,3,[9 2],23,39,42,16,39
1,<environment.Job instance at 0x151068116410>,12,16,[1 9],19,52,68,33,39
1,<environment.Job instance at 0x151068116640>,16,13,[1 9],24,68,81,44,58
1,<environment.Job instance at 0x15102bb0b500>,28,1,[1 6],40,81,82,41,58
1,<environment.Job instance at 0x15102b8fac30>,29,3,[8 2],41,81,84,40,58
1,<environment.Job instance at 0x15102b8fa8c0>,30,1,[1 7],42,82,83,40,58
1,<environment.Job instance at 0x15102e5f7cd0>,31,1,[6 2],43,84,85,41,58
1,<environment.Job instance at 0x15102f801d70>,32,2,[2 7],44,83,85,39,58
1,<environment.Job instance at 0x15102b8885a0>,33,16,[ 2 10],45,85,101,40,73
1,<environment.Job instance at 0x15102e34e5a0>,41,1,[1 5],56,228,229,172,228
1,<environment.Job instance at 0x15102b7dc500>,88,1,[6 2],115,228,229,113,228
1,<environment.Job instance at 0x15102b7dcdc0>,89,3,[8 2],116,229,232,113,228
1,<environment.Job instance at 0x15102b7dc5a0>,90,2,[ 1 10],118,232,234,114,228
1,<environment.Job instance at 0x1510680d0af0>,0,2,[6 2],1,1,3,0,1
1,<environment.Job instance at 0x1510681c5c30>,1,1,[7 1],4,4,5,0,4
1,<environment.Job instance at 0x15102c3bd8c0>,2,2,[5 2],5,5,7,0,5
1,<environment.Job instance at 0x151068176050>,4,3,[6 1],7,7,10,0,7
1,<environment.Job instance at 0x15102b3ff730>,5,2,[ 1 10],8,10,12,2,8
1,<environment.Job instance at 0x15102fca3280>,6,1,[7 1],9,12,13,3,9
1,<environment.Job instance at 0x15102fca3820>,7,1,[2 6],12,12,13,0,12
1,<environment.Job instance at 0x151039c4eaa0>,8,2,[10  2],13,13,15,0,13
1,<environment.Job instance at 0x151039c4e2d0>,9,1,[5 1],14,15,16,1,14
1,<environment.Job instance at 0x1510680901e0>,10,2,[8 2],15,16,18,1,15
1,<environment.Job instance at 0x15102b840140>,11,1,[6 1],16,18,19,2,16
1,<environment.Job instance at 0x151039c4ebe0>,12,3,[8 1],18,19,22,1,18
1,<environment.Job instance at 0x1510680a7050>,14,2,[8 2],23,23,25,0,23
1,<environment.Job instance at 0x15102e77bd70>,16,3,[2 6],27,27,30,0,27
1,<environment.Job instance at 0x15102be64410>,17,2,[7 1],28,28,30,0,28
1,<environment.Job instance at 0x15102b921dc0>,1,1,[1 6],2,2,3,0,2
1,<environment.Job instance at 0x15102b921410>,3,2,[5 1],4,4,6,0,4
1,<environment.Job instance at 0x15102b921d20>,4,2,[7 2],5,6,8,1,5
1,<environment.Job instance at 0x15102b9216e0>,5,1,[1 6],6,6,7,0,6
1,<environment.Job instance at 0x15102af7a1e0>,6,3,[2 6],7,7,10,0,7
1,<environment.Job instance at 0x15102b921370>,7,3,[1 9],8,10,13,2,8
1,<environment.Job instance at 0x15103a524a50>,10,2,[7 1],16,16,18,0,16
1,<environment.Job instance at 0x15102b921cd0>,13,2,[2 5],19,1180,1182,1161,1180
1,<environment.Job instance at 0x15102b8ef2d0>,0,2,[1 6],6,6,8,0,6
1,<environment.Job instance at 0x15102afb4f00>,2,2,[2 8],10,10,12,0,10
1,<environment.Job instance at 0x15102afb4cd0>,3,1,[7 1],13,13,14,0,13
1,<environment.Job instance at 0x15102afb4460>,4,2,[2 6],14,14,16,0,14
1,<environment.Job instance at 0x15102afb4e10>,5,3,[6 2],16,16,19,0,16
1,<environment.Job instance at 0x15102afb4a50>,6,12,[2 9],17,19,31,2,17
1,<environment.Job instance at 0x15102afb4640>,7,2,[5 1],18,19,21,1,18
1,<environment.Job instance at 0x15102af055f0>,8,3,[9 1],19,31,34,12,19
1,<environment.Job instance at 0x15102af05910>,9,1,[7 2],20,34,35,14,20
1,<environment.Job instance at 0x15102af05dc0>,11,3,[9 2],24,35,38,11,24
1,<environment.Job instance at 0x15102b8cd0f0>,12,2,[2 5],25,38,40,13,25
1,<environment.Job instance at 0x15102b8cf230>,18,2,[2 6],31,841,843,810,841
1,<environment.Job instance at 0x15102b62b0a0>,1,3,[10  1],2,1729,1732,1727,1729
1,<environment.Job instance at 0x15102b1c4b90>,3,1,[8 1],4,1818,1819,1814,1818
1,<environment.Job instance at 0x15102afd88c0>,3,3,[7 2],5,5,8,0,5
1,<environment.Job instance at 0x151039b8f910>,4,3,[1 6],7,7,10,0,7
1,<environment.Job instance at 0x151039b8f500>,5,2,[1 6],9,10,12,1,9
1,<environment.Job instance at 0x151082526b40>,6,2,[8 1],13,13,15,0,13
1,<environment.Job instance at 0x151039b8f1e0>,7,3,[9 2],14,15,18,1,14
1,<environment.Job instance at 0x151039b8f4b0>,8,1,[2 8],16,18,19,2,16
1,<environment.Job instance at 0x15102b4afd70>,9,2,[10  1],17,19,21,2,17
1,<environment.Job instance at 0x15102fc4a820>,10,13,[1 8],18,21,34,3,18
1,<environment.Job instance at 0x15102fc4a410>,11,3,[5 1],20,21,24,1,20
1,<environment.Job instance at 0x15102af876e0>,13,2,[7 2],24,24,26,0,24
1,<environment.Job instance at 0x15102fb909b0>,38,13,[2 8],63,72,85,9,72
1,<environment.Job instance at 0x15102b6725f0>,39,3,[1 9],64,85,88,21,72
1,<environment.Job instance at 0x15102b672410>,40,3,[2 7],66,88,91,22,72
1,<environment.Job instance at 0x15102b6724b0>,41,3,[2 9],67,91,94,24,72
1,<environment.Job instance at 0x15102b672fa0>,42,3,[6 1],69,72,75,3,72
1,<environment.Job instance at 0x15102b0b1f50>,45,2,[9 1],72,85,87,13,80
1,<environment.Job instance at 0x15102e6e3640>,0,3,[10  2],2,2,5,0,2
1,<environment.Job instance at 0x151039affbe0>,2,1,[2 8],4,5,6,1,4
1,<environment.Job instance at 0x15102e6e3320>,3,2,[9 1],7,7,9,0,7
1,<environment.Job instance at 0x15102f7586e0>,6,2,[6 2],12,12,14,0,12
1,<environment.Job instance at 0x15102e6652d0>,7,3,[5 2],17,17,20,0,17
1,<environment.Job instance at 0x15102e665b90>,8,3,[ 2 10],18,20,23,2,18
1,<environment.Job instance at 0x15102e65c050>,10,1,[9 1],21,23,24,2,21
1,<environment.Job instance at 0x15102ae764b0>,11,2,[1 7],23,23,25,0,23
1,<environment.Job instance at 0x15102ae91e10>,12,2,[2 5],24,25,27,1,24
1,<environment.Job instance at 0x15102b106190>,29,15,[1 5],50,52,67,2,52
1,<environment.Job instance at 0x15102b106640>,30,2,[2 9],51,67,69,16,52
1,<environment.Job instance at 0x15102b1067d0>,31,2,[6 2],52,52,54,0,52
1,<environment.Job instance at 0x15102e419b40>,32,3,[2 6],53,69,72,16,53
1,<environment.Job instance at 0x151030b36aa0>,33,2,[1 6],54,72,74,18,54
1,<environment.Job instance at 0x151030b366e0>,34,1,[2 5],55,55,56,0,55
1,<environment.Job instance at 0x151030b36b40>,35,1,[2 8],56,74,75,18,56
1,<environment.Job instance at 0x15102b188730>,36,2,[10  1],57,75,77,18,57
1,<environment.Job instance at 0x15102b188280>,37,2,[7 1],58,58,60,0,58
1,<environment.Job instance at 0x15102b1b9c80>,38,2,[7 2],59,60,62,1,59
1,<environment.Job instance at 0x1510681c5730>,39,1,[9 2],60,62,63,2,60
1,<environment.Job instance at 0x1510681c5410>,40,2,[9 1],61,63,65,2,61
1,<environment.Job instance at 0x151039b2bdc0>,41,3,[9 1],63,77,80,14,63
1,<environment.Job instance at 0x151032395320>,44,2,[1 9],68,77,79,9,68
1,<environment.Job instance at 0x151039ce9960>,1,1,[2 7],3,3,4,0,3
1,<environment.Job instance at 0x151068ae6af0>,3,16,[2 6],5,5,21,0,5
1,<environment.Job instance at 0x15102b248370>,7,1,[8 2],14,27,28,13,27
1,<environment.Job instance at 0x15102b195690>,14,1,[2 7],28,72,73,44,72
1,<environment.Job instance at 0x15102f856280>,1,1,[10  1],5,5,6,0,5
1,<environment.Job instance at 0x15102f856960>,2,1,[7 2],6,6,7,0,6
1,<environment.Job instance at 0x15102f957410>,7,1,[1 6],16,16,17,0,16
1,<environment.Job instance at 0x15102b875d20>,9,2,[6 2],19,19,21,0,19
1,<environment.Job instance at 0x15102b8751e0>,10,3,[1 6],20,20,23,0,20
1,<environment.Job instance at 0x15102b875d70>,11,26,[ 2 10],21,23,49,2,21
1,<environment.Job instance at 0x15102b86b960>,14,1,[9 2],27,49,50,22,27
1,<environment.Job instance at 0x15102c427910>,15,1,[2 9],28,50,51,22,28
1,<environment.Job instance at 0x15102be4d870>,1,2,[9 2],2,2,4,0,2
1,<environment.Job instance at 0x15102af0ad20>,2,22,[2 8],4,4,26,0,4
1,<environment.Job instance at 0x15102f8dfb40>,4,3,[ 1 10],6,26,29,20,6
1,<environment.Job instance at 0x15102f8df500>,6,2,[7 1],8,8,10,0,8
1,<environment.Job instance at 0x15102b74beb0>,9,3,[10  2],15,1523,1526,1508,1523
1,<environment.Job instance at 0x15102e6aa0a0>,1,22,[1 7],2,2,24,0,2
1,<environment.Job instance at 0x15102b74beb0>,2,1,[10  2],5,24,25,19,5
1,<environment.Job instance at 0x15102fca6230>,4,3,[8 1],7,7,10,0,7
1,<environment.Job instance at 0x15102fca6370>,5,1,[1 6],8,25,26,17,8
1,<environment.Job instance at 0x15102fca6b90>,6,1,[2 7],9,26,27,17,9
1,<environment.Job instance at 0x15102fca65a0>,7,2,[ 1 10],10,27,29,17,10
1,<environment.Job instance at 0x15102fca61e0>,8,1,[7 1],11,11,12,0,11
1,<environment.Job instance at 0x15102fca6e10>,9,2,[9 1],12,12,14,0,12
1,<environment.Job instance at 0x15102fca60a0>,10,1,[5 1],14,14,15,0,14
1,<environment.Job instance at 0x15102fca6fa0>,11,1,[2 7],15,29,30,14,15
1,<environment.Job instance at 0x15102fca6c80>,13,1,[10  1],17,30,31,13,17
1,<environment.Job instance at 0x15102fca6a50>,14,1,[6 2],18,18,19,0,18
1,<environment.Job instance at 0x15102fca6690>,17,17,[1 7],21,31,48,10,21
1,<environment.Job instance at 0x15102b619be0>,18,2,[1 9],22,48,50,26,22
1,<environment.Job instance at 0x15102b619f00>,19,3,[1 7],26,50,53,24,27
1,<environment.Job instance at 0x15102b619e60>,20,1,[5 1],28,289,290,261,289
1,<environment.Job instance at 0x15102aeae780>,0,1,[1 6],1,1,2,0,1
1,<environment.Job instance at 0x15102aeae3c0>,4,3,[1 8],7,413,416,406,413
1,<environment.Job instance at 0x15102aeae190>,6,3,[1 6],9,1158,1161,1149,1158
1,<environment.Job instance at 0x15102b57aaa0>,0,2,[8 1],1,1,3,0,1
1,<environment.Job instance at 0x15102b57a500>,2,1,[7 2],4,4,5,0,4
1,<environment.Job instance at 0x15102fca6d20>,3,1,[5 1],5,5,6,0,5
1,<environment.Job instance at 0x15102aeae190>,4,2,[5 1],8,8,10,0,8
1,<environment.Job instance at 0x15102fca05f0>,5,2,[2 7],9,9,11,0,9
1,<environment.Job instance at 0x15102fca0050>,7,3,[5 2],12,12,15,0,12
1,<environment.Job instance at 0x15102fca0aa0>,8,3,[2 8],13,13,16,0,13
1,<environment.Job instance at 0x15102fca0190>,9,1,[2 8],15,16,17,1,15
1,<environment.Job instance at 0x15102fca0280>,10,1,[6 2],16,16,17,0,16
1,<environment.Job instance at 0x151039b0d500>,11,2,[1 7],17,17,19,0,17
1,<environment.Job instance at 0x15102b369e60>,16,1,[8 2],25,29,30,4,29
1,<environment.Job instance at 0x15102e702fa0>,0,2,[6 1],2,2,4,0,2
1,<environment.Job instance at 0x151080304eb0>,2,14,[1 9],4,4,18,0,4
1,<environment.Job instance at 0x15102e71ac30>,3,13,[1 9],6,18,31,12,6
1,<environment.Job instance at 0x1510803048c0>,5,3,[6 1],10,10,13,0,10
1,<environment.Job instance at 0x15102b101730>,6,2,[1 6],11,31,33,20,11
1,<environment.Job instance at 0x15102c2d4320>,7,1,[1 8],12,33,34,21,12
1,<environment.Job instance at 0x15102b0f36e0>,8,2,[8 1],16,16,18,0,16
1,<environment.Job instance at 0x15103238efa0>,9,3,[5 2],17,31,34,14,17
1,<environment.Job instance at 0x151039afabe0>,10,2,[ 1 10],18,34,36,16,18
1,<environment.Job instance at 0x15102b7b0730>,12,16,[2 9],20,36,52,16,29
1,<environment.Job instance at 0x15102c2c4140>,20,3,[10  1],31,52,55,21,31
1,<environment.Job instance at 0x15102b501690>,25,1,[8 1],37,50,51,13,50
1,<environment.Job instance at 0x15102b7af6e0>,13,19,[2 7],21,309,328,288,309
1,<environment.Job instance at 0x15102e5a9910>,15,3,[8 2],23,428,431,405,428
1,<environment.Job instance at 0x14e438ace460>,1,3,[1 9],2,2,5,0,2
1,<environment.Job instance at 0x14e438acee60>,2,1,[2 5],3,5,6,2,3
1,<environment.Job instance at 0x14e3e2282c80>,3,1,[6 2],4,5,6,1,4
1,<environment.Job instance at 0x14e3e2282a00>,4,2,[7 2],5,6,8,1,5
1,<environment.Job instance at 0x14e3e22827d0>,5,3,[9 2],6,8,11,2,6
1,<environment.Job instance at 0x14e3e22821e0>,7,1,[2 6],8,11,12,3,8
1,<environment.Job instance at 0x14e438acea50>,9,2,[6 1],11,11,13,0,11
1,<environment.Job instance at 0x14e3e2972d20>,10,13,[2 8],12,12,25,0,12
1,<environment.Job instance at 0x14e3e22820f0>,11,3,[1 8],13,25,28,12,13
1,<environment.Job instance at 0x14e3e29c00a0>,12,3,[1 8],14,28,31,14,14
1,<environment.Job instance at 0x14e3e2a84c30>,13,2,[8 1],17,17,19,0,17
1,<environment.Job instance at 0x14e3e2282640>,14,2,[ 1 10],18,31,33,13,18
1,<environment.Job instance at 0x14e3e295b960>,15,1,[ 1 10],20,33,34,13,20
1,<environment.Job instance at 0x14e3e29ca140>,16,1,[2 5],21,34,35,13,21
1,<environment.Job instance at 0x14e3e29b8190>,18,2,[10  1],25,35,37,10,25
1,<environment.Job instance at 0x14e3e2a346e0>,19,3,[6 2],26,26,29,0,26
1,<environment.Job instance at 0x14e3e2abf3c0>,22,1,[2 7],30,821,822,791,821
1,<environment.Job instance at 0x14e3e22b5f50>,2,15,[2 7],3,3,18,0,3
1,<environment.Job instance at 0x14e3e4b6a8c0>,4,2,[2 9],5,18,20,13,5
1,<environment.Job instance at 0x14e3e4b04500>,11,1,[1 7],13,20,21,7,18
1,<environment.Job instance at 0x14e3e4aaadc0>,30,1,[9 1],41,177,178,136,177
1,<environment.Job instance at 0x14e3e29f89b0>,7,2,[9 1],9,489,491,480,489
1,<environment.Job instance at 0x14e3e4b04140>,9,2,[ 1 10],11,953,955,942,953
1,<environment.Job instance at 0x14e3f4eeb5f0>,0,1,[7 2],1,1,2,0,1
1,<environment.Job instance at 0x14e3e4b046e0>,1,3,[9 1],2,2,5,0,2
1,<environment.Job instance at 0x14e3e22a9c30>,3,1,[6 2],5,5,6,0,5
1,<environment.Job instance at 0x14e3e29c0c30>,4,3,[2 7],6,6,9,0,6
1,<environment.Job instance at 0x14e3e29c0a00>,6,2,[ 1 10],9,9,11,0,9
1,<environment.Job instance at 0x14e3e29c0e60>,7,3,[10  2],10,11,14,1,10
1,<environment.Job instance at 0x14e3e29c0aa0>,8,2,[2 9],11,14,16,3,11
1,<environment.Job instance at 0x14e3e29c0870>,9,3,[9 1],14,16,19,2,14
1,<environment.Job instance at 0x14e3e29c0b40>,11,16,[1 5],18,18,34,0,18
1,<environment.Job instance at 0x14e3e2205fa0>,14,2,[5 1],23,23,25,0,23
1,<environment.Job instance at 0x14e3e22050f0>,15,1,[2 7],24,34,35,10,24
1,<environment.Job instance at 0x14e3e2205d70>,16,2,[10  2],25,35,37,10,25
1,<environment.Job instance at 0x14e3e2205190>,17,2,[6 1],26,26,28,0,26
1,<environment.Job instance at 0x14e3e2205c80>,18,3,[9 2],28,28,31,0,28
1,<environment.Job instance at 0x14e3e22057d0>,19,3,[6 2],31,31,34,0,31
1,<environment.Job instance at 0x14e3e2205dc0>,20,2,[5 2],32,37,39,5,32
1,<environment.Job instance at 0x14e3e2205a00>,22,2,[9 2],35,39,41,4,35
1,<environment.Job instance at 0x14e3e22054b0>,23,1,[7 2],36,41,42,5,36
1,<environment.Job instance at 0x14e3e4a0f960>,38,16,[2 8],59,61,77,2,61
1,<environment.Job instance at 0x14e3e4a7eaa0>,39,13,[ 2 10],62,77,90,15,66
1,<environment.Job instance at 0x14e3e4a7e8c0>,43,3,[2 9],67,90,93,23,67
1,<environment.Job instance at 0x14e3e20d5a00>,0,2,[10  2],2,2,4,0,2
1,<environment.Job instance at 0x14e3e2205c30>,1,3,[7 1],6,6,9,0,6
1,<environment.Job instance at 0x14e3f4e669b0>,3,3,[1 9],8,8,11,0,8
1,<environment.Job instance at 0x14e3f4e662d0>,5,3,[2 9],10,11,14,1,10
1,<environment.Job instance at 0x14e3e20d5c80>,6,23,[1 6],11,14,37,3,11
1,<environment.Job instance at 0x14e3f4e66b90>,8,3,[10  1],17,37,40,20,17
1,<environment.Job instance at 0x14e3f4e83140>,9,3,[6 1],19,19,22,0,19
1,<environment.Job instance at 0x14e3f4e45a00>,10,3,[8 1],20,22,25,2,20
1,<environment.Job instance at 0x14e3f4e501e0>,11,2,[7 1],22,25,27,3,22
1,<environment.Job instance at 0x14e3e5f6c780>,13,1,[7 1],26,27,28,1,26
1,<environment.Job instance at 0x14e3f4e479b0>,14,2,[5 1],27,28,30,1,27
1,<environment.Job instance at 0x14e3f4e47690>,15,14,[2 5],28,40,54,12,28
1,<environment.Job instance at 0x14e3f4e50730>,16,3,[5 2],30,30,33,0,30
1,<environment.Job instance at 0x14e3e5f64c30>,17,12,[1 5],31,40,52,9,31
1,<environment.Job instance at 0x14e3e5f64e10>,19,3,[8 1],33,33,36,0,33
1,<environment.Job instance at 0x14e3e5f71cd0>,20,3,[2 6],36,54,57,18,36
1,<environment.Job instance at 0x14e3e5fac6e0>,23,1,[1 9],42,57,58,15,42
1,<environment.Job instance at 0x14e3e5fac960>,24,3,[2 9],44,58,61,14,44
1,<environment.Job instance at 0x14e3e5fac460>,25,1,[10  2],45,61,62,16,45
1,<environment.Job instance at 0x14e3e5f780f0>,26,1,[5 2],46,52,53,6,46
1,<environment.Job instance at 0x14e3e5f78140>,32,3,[1 9],58,84,87,26,84
1,<environment.Job instance at 0x14e3e4ce4eb0>,47,2,[ 1 10],80,122,124,42,122
1,<environment.Job instance at 0x14e3e4d0f730>,54,1,[5 1],93,318,319,225,318
1,<environment.Job instance at 0x14e3e5f92be0>,115,3,[6 2],182,319,322,137,318
1,<environment.Job instance at 0x14e3e5f92b40>,116,2,[6 2],183,322,324,139,318
1,<environment.Job instance at 0x14e3e5f92d20>,118,1,[6 1],186,326,327,140,326
1,<environment.Job instance at 0x14e3e62dfcd0>,0,3,[8 2],1,1,4,0,1
1,<environment.Job instance at 0x14e3e5f78370>,2,1,[6 2],3,4,5,1,3
1,<environment.Job instance at 0x14e3e4d7dc30>,3,2,[2 7],4,4,6,0,4
1,<environment.Job instance at 0x14e3e4d7df50>,5,3,[7 1],6,6,9,0,6
1,<environment.Job instance at 0x14e3e24eb230>,59,1,[6 2],75,153,154,78,153
1,<environment.Job instance at 0x14e3e24ebc80>,60,3,[8 2],76,154,157,78,153
1,<environment.Job instance at 0x14e3e24ebd70>,61,2,[ 1 10],78,157,159,79,153
1,<environment.Job instance at 0x14e3e22997d0>,72,3,[5 2],89,187,190,98,187
1,<environment.Job instance at 0x14e3e2299690>,73,2,[8 2],90,190,192,100,187
1,<environment.Job instance at 0x14e3e2299cd0>,74,3,[2 8],91,187,190,96,187
1,<environment.Job instance at 0x14e3e22996e0>,75,2,[2 5],92,190,192,98,187
1,<environment.Job instance at 0x14e3e22990f0>,76,13,[7 2],94,192,205,98,188
1,<environment.Job instance at 0x14e3e227f0a0>,82,3,[7 2],101,225,228,124,225
1,<environment.Job instance at 0x14e3e227f3c0>,83,2,[2 9],102,228,230,126,225
1,<environment.Job instance at 0x14e3e227f780>,84,2,[2 7],103,225,227,122,225
1,<environment.Job instance at 0x14e3e227fcd0>,85,18,[6 1],105,228,246,123,225
1,<environment.Job instance at 0x14e3e227f4b0>,86,15,[2 9],106,230,245,124,225
1,<environment.Job instance at 0x14e3e227fe60>,87,2,[10  1],107,246,248,139,225
1,<environment.Job instance at 0x14e3e227fe10>,88,22,[2 6],109,248,270,139,241
1,<environment.Job instance at 0x14e3e2a256e0>,0,3,[9 2],1,1,4,0,1
1,<environment.Job instance at 0x14e3e2a255f0>,1,3,[10  1],2,4,7,2,2
1,<environment.Job instance at 0x14e3e1c1bcd0>,3,2,[8 2],10,10,12,0,10
1,<environment.Job instance at 0x14e3e1c1b550>,4,17,[1 6],11,11,28,0,11
1,<environment.Job instance at 0x14e3e1c1b780>,5,3,[1 9],12,28,31,16,12
1,<environment.Job instance at 0x14e3e1c1beb0>,8,3,[2 8],18,31,34,13,19
1,<environment.Job instance at 0x14e3f41224b0>,0,3,[8 2],3,3,6,0,3
1,<environment.Job instance at 0x14e3f4122550>,1,1,[1 7],4,4,5,0,4
1,<environment.Job instance at 0x14e3e1f5d690>,3,2,[7 1],6,6,8,0,6
1,<environment.Job instance at 0x14e3e1f5d9b0>,4,28,[1 6],7,7,35,0,7
1,<environment.Job instance at 0x14e3e4b41780>,9,2,[5 1],15,15,17,0,15
1,<environment.Job instance at 0x14e4389cf6e0>,12,1,[1 9],19,35,36,16,19
1,<environment.Job instance at 0x14e3e1edaf50>,13,1,[2 7],20,36,37,16,20
1,<environment.Job instance at 0x14e3e18de1e0>,14,2,[1 8],21,37,39,16,21
1,<environment.Job instance at 0x14e3e17ed640>,15,1,[1 9],23,39,40,16,23
1,<environment.Job instance at 0x14e3e4e695a0>,16,2,[ 2 10],25,40,42,15,25
1,<environment.Job instance at 0x14e3e4c00050>,17,3,[9 1],26,26,29,0,26
1,<environment.Job instance at 0x14e3e16446e0>,10,2,[ 2 10],16,42,44,26,27
1,<environment.Job instance at 0x14e3f41df5a0>,2,15,[ 2 10],4,4,19,0,4
1,<environment.Job instance at 0x14e3f41df4b0>,3,1,[1 9],5,19,20,14,5
1,<environment.Job instance at 0x14e3f407ee10>,4,3,[6 2],6,20,23,14,6
1,<environment.Job instance at 0x14e3f41dfb90>,6,1,[2 6],8,1232,1233,1224,1232
1,<environment.Job instance at 0x14e3e1536b90>,0,2,[7 2],1,1,3,0,1
1,<environment.Job instance at 0x14e3f407e5f0>,1,1,[ 2 10],2,3,4,1,2
1,<environment.Job instance at 0x14e3f41dfb90>,2,16,[1 7],3,4,20,1,3
1,<environment.Job instance at 0x14e3e29f30f0>,4,3,[10  1],7,20,23,13,7
1,<environment.Job instance at 0x14e3e24dd500>,5,1,[9 2],8,8,9,0,8
1,<environment.Job instance at 0x14e3f415e820>,8,13,[1 9],11,23,36,12,11
1,<environment.Job instance at 0x14e3f415e8c0>,9,2,[10  2],12,36,38,24,12
1,<environment.Job instance at 0x14e3e1fe42d0>,14,3,[1 8],20,38,41,18,25
1,<environment.Job instance at 0x14e3f6af6910>,7,2,[1 5],10,41,43,31,31
1,<environment.Job instance at 0x14e3e1fe4a00>,16,2,[2 8],22,43,45,21,32
1,<environment.Job instance at 0x14e3e1fe4c80>,17,3,[1 7],23,45,48,22,35
1,<environment.Job instance at 0x14e3e1fe4eb0>,18,2,[6 1],24,38,40,14,37
1,<environment.Job instance at 0x14e3e2a50870>,99,15,[1 8],127,276,291,149,276
1,<environment.Job instance at 0x14e3e5f11280>,100,2,[8 2],128,277,279,149,277
1,<environment.Job instance at 0x14e3e1fe4aa0>,19,3,[7 2],25,408,411,383,408
1,<environment.Job instance at 0x14e3f415edc0>,12,2,[1 9],16,1012,1014,996,1012
1,<environment.Job instance at 0x14e3f415ebe0>,1,2,[2 8],3,3,5,0,3
1,<environment.Job instance at 0x14e3e21d7a00>,2,2,[8 1],4,4,6,0,4
1,<environment.Job instance at 0x14e3f4bf4eb0>,4,3,[9 1],8,8,11,0,8
1,<environment.Job instance at 0x14e3f4bf4d70>,6,2,[10  2],11,11,13,0,11
1,<environment.Job instance at 0x14e3e17daaf0>,7,2,[ 1 10],12,13,15,1,12
1,<environment.Job instance at 0x14e3e17da0f0>,9,1,[9 2],15,15,16,0,15
1,<environment.Job instance at 0x14e3e17dac80>,10,1,[7 2],16,16,17,0,16
1,<environment.Job instance at 0x14e3e17da280>,11,2,[5 2],17,17,19,0,17
1,<environment.Job instance at 0x14e3e18f6f50>,1,3,[1 5],2,2,5,0,2
1,<environment.Job instance at 0x14e3f4066cd0>,2,2,[5 2],3,3,5,0,3
1,<environment.Job instance at 0x14e3e6266230>,4,1,[7 2],6,6,7,0,6
1,<environment.Job instance at 0x14e3e6266050>,5,2,[2 8],7,7,9,0,7
1,<environment.Job instance at 0x14e3e62661e0>,6,12,[9 1],8,9,21,1,8
1,<environment.Job instance at 0x14e3f717f1e0>,7,3,[9 2],10,21,24,11,10
1,<environment.Job instance at 0x14e3e6266190>,8,1,[ 2 10],11,24,25,13,11
1,<environment.Job instance at 0x14e3e6266c80>,9,2,[6 2],12,25,27,13,12
1,<environment.Job instance at 0x14e3e6266460>,10,1,[1 5],14,14,15,0,14
1,<environment.Job instance at 0x14e3f4131550>,11,2,[5 2],15,27,29,12,15
1,<environment.Job instance at 0x14e3f4073f50>,12,2,[8 1],16,29,31,13,16
1,<environment.Job instance at 0x14e3e4a9abe0>,13,2,[8 1],17,31,33,14,17
1,<environment.Job instance at 0x14e3e4d67a00>,15,3,[10  2],19,33,36,14,20
1,<environment.Job instance at 0x14e3e17dc960>,17,3,[2 7],21,25,28,4,21
1,<environment.Job instance at 0x14e3f414da00>,1,16,[ 1 10],3,3,19,0,3
1,<environment.Job instance at 0x14e3f414d460>,3,15,[2 8],5,19,34,14,5
1,<environment.Job instance at 0x14e3f414da50>,4,1,[1 5],7,34,35,27,7
1,<environment.Job instance at 0x14e3f414d780>,5,1,[7 2],8,19,20,11,8
1,<environment.Job instance at 0x14e3f414dc30>,6,3,[ 2 10],10,35,38,25,10
1,<environment.Job instance at 0x14e3e19e2a50>,7,1,[6 2],11,20,21,9,11
1,<environment.Job instance at 0x14e3e29c5f00>,12,1,[1 5],21,34,35,13,21
1,<environment.Job instance at 0x14e3e29c5e60>,11,13,[ 2 10],18,38,51,20,22
1,<environment.Job instance at 0x14e3e4e0de10>,15,1,[8 2],25,25,26,0,25
1,<environment.Job instance at 0x14e3e4e0dc80>,16,2,[ 2 10],26,51,53,25,26
1,<environment.Job instance at 0x14e3e4e0d8c0>,17,1,[1 6],27,53,54,26,27
1,<environment.Job instance at 0x14e3e4e0d690>,18,1,[ 1 10],32,54,55,22,32
1,<environment.Job instance at 0x14e3f4166820>,24,14,[ 1 10],38,55,69,17,40
1,<environment.Job instance at 0x14e3f4166550>,20,3,[7 1],34,69,72,35,43
1,<environment.Job instance at 0x14e3e4eb7f50>,47,3,[ 2 10],79,79,82,0,79
1,<environment.Job instance at 0x14e3e4eb7a50>,48,3,[7 2],81,82,85,1,81
1,<environment.Job instance at 0x14e3f40dc690>,49,3,[9 2],83,85,88,2,83
1,<environment.Job instance at 0x14e3f40dc230>,50,3,[1 6],86,86,89,0,86
1,<environment.Job instance at 0x14e3e14e2280>,0,2,[ 2 10],2,2,4,0,2
1,<environment.Job instance at 0x14e3e4a1a960>,2,1,[2 5],4,4,5,0,4
1,<environment.Job instance at 0x14e3f4166190>,3,2,[5 1],5,5,7,0,5
1,<environment.Job instance at 0x14e3e4ed59b0>,5,1,[9 1],7,7,8,0,7
1,<environment.Job instance at 0x14e3e14ce7d0>,6,12,[1 7],9,9,21,0,9
1,<environment.Job instance at 0x14e3e5fcaaa0>,7,1,[7 1],10,10,11,0,10
1,<environment.Job instance at 0x14e3e4d1e320>,8,2,[2 7],11,21,23,10,11
1,<environment.Job instance at 0x14e3e2a17be0>,11,2,[7 1],14,14,16,0,14
1,<environment.Job instance at 0x14e3e2a17e60>,12,1,[1 6],16,23,24,7,16
1,<environment.Job instance at 0x14e3e2a17af0>,13,2,[6 2],17,17,19,0,17
1,<environment.Job instance at 0x14e3e2a17870>,14,2,[10  2],19,24,26,5,19
1,<environment.Job instance at 0x14e3e2a172d0>,15,2,[2 7],23,26,28,3,23
1,<environment.Job instance at 0x14e3e2a17730>,17,1,[8 2],26,26,27,0,26
1,<environment.Job instance at 0x14e3e2205fa0>,19,2,[8 1],30,30,32,0,30
1,<environment.Job instance at 0x14e3f40fdfa0>,23,1,[10  1],37,37,38,0,37
1,<environment.Job instance at 0x14e3e20f1dc0>,25,2,[9 1],39,39,41,0,39
1,<environment.Job instance at 0x14e3e5f7ac30>,10,15,[5 2],13,41,56,28,40
1,<environment.Job instance at 0x14e3e5f0bf00>,28,3,[10  1],42,56,59,14,42
1,<environment.Job instance at 0x14e3f42c9820>,29,3,[7 1],43,59,62,16,43
1,<environment.Job instance at 0x14e3e5f0b500>,30,2,[2 8],45,45,47,0,45
1,<environment.Job instance at 0x14e3e5f0b230>,31,16,[1 9],46,59,75,13,46
1,<environment.Job instance at 0x14e3f4297f50>,0,3,[10  1],1,1,4,0,1
1,<environment.Job instance at 0x14e3f42975f0>,1,2,[1 6],2,4,6,2,2
1,<environment.Job instance at 0x14e3f4297d20>,3,1,[5 1],4,4,5,0,4
1,<environment.Job instance at 0x14e3e5fd9280>,4,3,[8 1],5,5,8,0,5
1,<environment.Job instance at 0x14e3e5fd9230>,5,3,[10  1],6,8,11,2,6
1,<environment.Job instance at 0x14e3e15a2d70>,7,3,[9 2],10,11,14,1,10
1,<environment.Job instance at 0x14e3f41e34b0>,8,3,[5 1],11,14,17,3,11
1,<environment.Job instance at 0x14e3e5e94af0>,9,2,[5 1],13,14,16,1,13
1,<environment.Job instance at 0x14e3f41e3140>,10,3,[1 9],14,16,19,2,14
1,<environment.Job instance at 0x14e3f403b9b0>,11,2,[1 9],15,19,21,4,15
1,<environment.Job instance at 0x14e3e1e99b40>,12,3,[ 2 10],16,21,24,5,16
1,<environment.Job instance at 0x14e3f4be85f0>,14,2,[2 8],18,24,26,6,18
1,<environment.Job instance at 0x14e3e24c4690>,15,2,[1 8],19,55,57,36,55
1,<environment.Job instance at 0x14e3e197e780>,41,3,[10  2],55,57,60,2,55
1,<environment.Job instance at 0x14e3f7229820>,43,1,[ 1 10],57,60,61,3,57
1,<environment.Job instance at 0x14e3f72290a0>,44,1,[10  2],58,61,62,3,58
1,<environment.Job instance at 0x14e3e24c4410>,16,2,[7 1],20,323,325,303,323
1,<environment.Job instance at 0x14e3f402d5a0>,18,1,[1 7],22,966,967,944,966
1,<environment.Job instance at 0x14e3f4bf4c80>,0,3,[9 1],1,1,4,0,1
1,<environment.Job instance at 0x14e3e1da2aa0>,0,1,[9 2],1,1,2,0,1
1,<environment.Job instance at 0x14e3e1da2190>,1,1,[6 2],3,3,4,0,3
1,<environment.Job instance at 0x14e3f41ebe10>,3,2,[2 8],5,5,7,0,5
1,<environment.Job instance at 0x14e3e1ca0370>,4,1,[10  2],6,7,8,1,6
1,<environment.Job instance at 0x14e3e6291730>,0,3,[6 2],1,1,4,0,1
1,<environment.Job instance at 0x14e3e62910f0>,1,2,[7 2],2,4,6,2,2
1,<environment.Job instance at 0x14e3e6291410>,2,1,[10  2],3,6,7,3,3
1,<environment.Job instance at 0x14e3e6291af0>,4,2,[6 2],6,7,9,1,6
1,<environment.Job instance at 0x14e3e62918c0>,5,3,[2 7],7,7,10,0,7
1,<environment.Job instance at 0x14e3e2073550>,0,2,[6 1],2,2,4,0,2
1,<environment.Job instance at 0x14e3e5dc64b0>,2,14,[1 9],4,4,18,0,4
1,<environment.Job instance at 0x14e3f4f6edc0>,3,13,[1 9],6,18,31,12,6
1,<environment.Job instance at 0x14e3e20512d0>,5,3,[6 1],10,10,13,0,10
1,<environment.Job instance at 0x14e3e20510f0>,6,2,[1 6],11,31,33,20,11
1,<environment.Job instance at 0x14e3f4336410>,7,1,[1 8],12,33,34,21,12
1,<environment.Job instance at 0x14e3e2051b90>,8,2,[8 1],16,16,18,0,16
1,<environment.Job instance at 0x14e3f4336230>,9,3,[5 2],17,31,34,14,17
1,<environment.Job instance at 0x14e3f4336140>,10,2,[ 1 10],18,34,36,16,18
1,<environment.Job instance at 0x14e3f5021320>,14,2,[1 6],22,36,38,14,29
1,<environment.Job instance at 0x14e3e1d03550>,20,3,[10  1],31,38,41,7,31
1,<environment.Job instance at 0x14e3e1d03cd0>,21,16,[ 1 10],32,41,57,9,32
1,<environment.Job instance at 0x14e3e1d03500>,22,2,[2 5],33,57,59,24,33
1,<environment.Job instance at 0x14e3e1d037d0>,23,1,[10  1],34,59,60,25,34
1,<environment.Job instance at 0x14e3e290faf0>,25,1,[8 1],37,37,38,0,37
1,<environment.Job instance at 0x14e3f4336960>,12,16,[2 9],20,60,76,40,56
1,<environment.Job instance at 0x14e3e5f0adc0>,31,2,[2 9],48,76,78,28,61
1,<environment.Job instance at 0x14e3e19632d0>,0,1,[10  2],1,1,2,0,1
1,<environment.Job instance at 0x14e3e5f0ac30>,1,1,[5 2],3,3,4,0,3
1,<environment.Job instance at 0x14e3e4a84d70>,2,1,[2 6],4,4,5,0,4
1,<environment.Job instance at 0x14e3e1963280>,3,1,[5 2],6,6,7,0,6
1,<environment.Job instance at 0x14e3e24c3e60>,6,3,[9 2],13,13,16,0,13
1,<environment.Job instance at 0x14e3e4abbf00>,7,2,[6 1],14,16,18,2,14
1,<environment.Job instance at 0x14e3e4abb690>,8,14,[5 1],16,18,32,2,16
1,<environment.Job instance at 0x14e3e4abb370>,9,2,[5 1],17,18,20,1,17
1,<environment.Job instance at 0x14e3e4abb410>,10,2,[1 5],18,20,22,2,18
1,<environment.Job instance at 0x14e3e4abb2d0>,12,15,[2 9],20,22,37,2,20
1,<environment.Job instance at 0x14e3e20a33c0>,13,2,[6 2],21,37,39,16,21
