iteration,job object,job ID,job Length,job ressource requirement,job enter time,job start time,job finish time,job waiting time,current time
1,<environment.Job instance at 0x7f9e8cb1fb90>,7,1,[5 4],8,8,9,0,8
1,<environment.Job instance at 0x7f9e8cb1fc30>,6,20,[6 1],7,9,29,2,8
1,<environment.Job instance at 0x7f9e8cb1fe60>,11,15,[4 8],12,12,27,0,12
1,<environment.Job instance at 0x7f9e8cb246e0>,17,3,[4 9],18,32,35,14,32
1,<environment.Job instance at 0x7f9e8cb24460>,18,3,[4 7],19,35,38,16,32
1,<environment.Job instance at 0x7f9e8cb24230>,19,14,[3 5],20,38,52,18,34
1,<environment.Job instance at 0x7f9e8cb249b0>,24,18,[2 6],25,52,70,27,43
1,<environment.Job instance at 0x7f9e8cb24b90>,27,15,[8 4],28,52,67,24,48
1,<environment.Job instance at 0x7f9e8cb24d70>,29,12,[5 4],30,67,79,37,50
1,<environment.Job instance at 0x7f9e8cb24f00>,30,14,[5 2],31,70,84,39,55
1,<environment.Job instance at 0x7f9e8cb1fe10>,10,12,[3 7],11,79,91,68,68
1,<environment.Job instance at 0x7f9e8cb28870>,37,2,[2 6],38,91,93,53,82
1,<environment.Job instance at 0x7f9e8cb28910>,38,2,[ 1 10],39,93,95,54,84
1,<environment.Job instance at 0x7f9e8cb289b0>,39,2,[5 6],40,95,97,55,84
1,<environment.Job instance at 0x7f9e8cb1f9b0>,4,14,[1 6],5,97,111,92,84
1,<environment.Job instance at 0x7f9e8cb28500>,35,15,[9 5],36,111,126,75,102
1,<environment.Job instance at 0x7f9e91d0aaf0>,1,3,[1 5],2,3,6,1,3
1,<environment.Job instance at 0x7f9e91bc50a0>,5,2,[ 3 10],6,6,8,0,6
1,<environment.Job instance at 0x7f9e91bc5a00>,6,17,[8 5],7,9,26,2,9
1,<environment.Job instance at 0x7f9e91bc5280>,11,2,[4 5],12,26,28,14,14
1,<environment.Job instance at 0x7f9e91bc5870>,8,14,[2 7],9,29,43,20,29
1,<environment.Job instance at 0x7f9e91bc5190>,13,3,[5 9],14,43,46,29,29
1,<environment.Job instance at 0x7f9e91bc6280>,16,3,[7 4],17,46,49,29,29
1,<environment.Job instance at 0x7f9e91bc6820>,18,2,[ 3 10],19,49,51,30,29
1,<environment.Job instance at 0x7f9e91bc6960>,24,14,[5 1],25,51,65,26,43
1,<environment.Job instance at 0x7f9e91bc5e60>,7,18,[2 8],8,58,76,50,58
1,<environment.Job instance at 0x7f9e8cb2d320>,28,12,[10  2],29,76,88,47,75
1,<environment.Job instance at 0x7f9e8c1d5690>,29,13,[9 4],30,88,101,58,75
1,<environment.Job instance at 0x7f9e8c2a0460>,32,16,[ 4 10],33,101,117,68,89
1,<environment.Job instance at 0x7f9e91dfc2d0>,40,2,[9 3],41,117,119,76,104
1,<environment.Job instance at 0x7f9e91dfc7d0>,41,3,[1 8],42,119,122,77,104
1,<environment.Job instance at 0x7f9e91dfc230>,43,2,[6 1],44,119,121,75,112
1,<environment.Job instance at 0x7f9e91dfc320>,44,3,[4 5],45,122,125,77,112
1,<environment.Job instance at 0x7f9e91df3910>,45,15,[5 7],46,125,140,79,113
1,<environment.Job instance at 0x7f9e91bc6b90>,27,13,[8 5],28,140,153,112,130
1,<environment.Job instance at 0x7f9e91bc6aa0>,1,18,[ 1 10],2,3,21,1,3
1,<environment.Job instance at 0x7f9e50ed0a00>,8,3,[10  4],9,21,24,12,11
1,<environment.Job instance at 0x7f9e50ed0e60>,10,3,[6 5],11,24,27,13,11
1,<environment.Job instance at 0x7f9e50ed0e10>,9,1,[10  4],10,27,28,17,13
1,<environment.Job instance at 0x7f9e50ed0730>,12,2,[6 2],13,28,30,15,13
1,<environment.Job instance at 0x7f9e50ed0f00>,13,15,[6 1],14,30,45,16,19
1,<environment.Job instance at 0x7f9e50ed00a0>,14,14,[2 5],15,28,42,13,21
1,<environment.Job instance at 0x7f9e50ed0d70>,24,1,[8 4],25,57,58,32,57
1,<environment.Job instance at 0x7f9e50eedeb0>,26,3,[ 5 10],27,58,61,31,57
1,<environment.Job instance at 0x7f9e50eeddc0>,32,13,[ 5 10],33,102,115,69,102
1,<environment.Job instance at 0x7f9e50eed820>,33,16,[ 3 10],34,115,131,81,102
1,<environment.Job instance at 0x7f9e91bc6550>,2,16,[3 9],3,131,147,128,123
1,<environment.Job instance at 0x7f9e50eedfa0>,41,13,[5 6],42,147,160,105,140
1,<environment.Job instance at 0x7f9e50df8780>,48,1,[4 6],49,160,161,111,152
1,<environment.Job instance at 0x7f9e512e9c80>,7,3,[4 5],8,8,11,0,8
1,<environment.Job instance at 0x7f9e512e9d70>,4,14,[8 4],5,11,25,6,9
1,<environment.Job instance at 0x7f9e50e20820>,11,15,[1 7],12,25,40,13,12
1,<environment.Job instance at 0x7f9e50e20e10>,19,14,[3 6],20,40,54,20,25
1,<environment.Job instance at 0x7f9e512cdd20>,32,14,[2 9],33,69,83,36,69
1,<environment.Job instance at 0x7f9e512cd730>,39,12,[9 3],40,83,95,43,77
1,<environment.Job instance at 0x7f9e512cde10>,40,18,[10  3],41,95,113,54,85
1,<environment.Job instance at 0x7f9e513edeb0>,46,14,[5 5],47,113,127,66,105
1,<environment.Job instance at 0x7f9e51289fa0>,2,14,[2 7],3,4,18,1,4
1,<environment.Job instance at 0x7f9e5132bd70>,6,3,[2 8],7,18,21,11,7
1,<environment.Job instance at 0x7f9e511bfaf0>,16,12,[ 3 10],17,21,33,4,17
1,<environment.Job instance at 0x7f9e8d1d4e10>,20,18,[4 5],21,33,51,12,22
1,<environment.Job instance at 0x7f9e511bf9b0>,15,2,[5 5],16,33,35,17,33
1,<environment.Job instance at 0x7f9e511bf0f0>,14,16,[7 2],15,51,67,36,38
1,<environment.Job instance at 0x7f9e8d1a6550>,28,15,[7 5],29,67,82,38,54
1,<environment.Job instance at 0x7f9e8d1a62d0>,25,1,[3 8],26,66,67,40,66
1,<environment.Job instance at 0x7f9e8d1a6640>,34,3,[4 7],35,82,85,47,66
1,<environment.Job instance at 0x7f9e8d1a68c0>,35,1,[10  1],36,85,86,49,66
1,<environment.Job instance at 0x7f9e8d1a6d20>,39,2,[5 8],40,86,88,46,71
1,<environment.Job instance at 0x7f9e8d1a6be0>,42,2,[9 3],43,88,90,45,73
1,<environment.Job instance at 0x7f9e8d1a6eb0>,44,16,[7 5],45,90,106,45,82
1,<environment.Job instance at 0x7f9e8d1a6230>,24,16,[9 4],25,106,122,81,93
1,<environment.Job instance at 0x7f9e8d1ba1e0>,6,3,[9 1],7,7,10,0,7
1,<environment.Job instance at 0x7f9e8d1ba730>,7,17,[5 2],8,10,27,2,8
1,<environment.Job instance at 0x7f9e8c1d5280>,9,1,[5 4],10,11,12,1,11
1,<environment.Job instance at 0x7f9e8d83ac30>,14,12,[7 2],15,27,39,12,15
1,<environment.Job instance at 0x7f9e8d713640>,18,15,[3 6],19,20,35,1,20
1,<environment.Job instance at 0x7f9e8d713730>,20,17,[2 6],21,35,52,14,28
1,<environment.Job instance at 0x7f9e8d713c80>,24,2,[8 5],25,52,54,27,33
1,<environment.Job instance at 0x7f9e8d7138c0>,25,1,[8 1],26,39,40,13,33
1,<environment.Job instance at 0x7f9e8cf4c5a0>,19,3,[4 7],20,55,58,35,55
1,<environment.Job instance at 0x7f9e8d713be0>,28,13,[5 1],29,56,69,27,56
1,<environment.Job instance at 0x7f9e8d7130f0>,30,2,[ 5 10],31,69,71,38,56
1,<environment.Job instance at 0x7f9e8d713780>,29,2,[10  2],30,71,73,41,57
1,<environment.Job instance at 0x7f9e8d7132d0>,27,18,[5 9],28,73,91,45,63
1,<environment.Job instance at 0x7f9e50db1190>,36,1,[2 7],37,91,92,54,73
1,<environment.Job instance at 0x7f9e50db1f50>,37,3,[6 3],38,91,94,53,73
1,<environment.Job instance at 0x7f9e50db1370>,38,13,[8 5],39,94,107,55,78
1,<environment.Job instance at 0x7f9e8d713b90>,34,15,[10  4],35,107,122,72,102
1,<environment.Job instance at 0x7f9e50db1780>,41,2,[1 5],42,102,104,60,102
1,<environment.Job instance at 0x7f9e50db1550>,43,3,[9 5],44,122,125,78,102
1,<environment.Job instance at 0x7f9e50db1690>,44,2,[7 4],45,125,127,80,102
1,<environment.Job instance at 0x7f9e8cd490a0>,46,1,[7 3],47,127,128,80,107
1,<environment.Job instance at 0x7f9e8cd495a0>,47,14,[ 1 10],48,128,142,80,113
1,<environment.Job instance at 0x7f9e8c152be0>,7,13,[1 9],8,10,23,2,10
1,<environment.Job instance at 0x7f9e513ed730>,11,14,[8 2],12,23,37,11,12
1,<environment.Job instance at 0x7f9e8cd628c0>,18,2,[2 6],19,23,25,4,21
1,<environment.Job instance at 0x7f9e50db10a0>,24,12,[5 9],25,37,49,12,29
1,<environment.Job instance at 0x7f9e8cccd500>,28,15,[7 5],29,49,64,20,35
1,<environment.Job instance at 0x7f9e8d5e8190>,20,12,[9 2],21,64,76,43,53
1,<environment.Job instance at 0x7f9e8cd8d460>,32,3,[7 1],33,76,79,43,53
1,<environment.Job instance at 0x7f9e511cc5f0>,36,16,[ 5 10],37,84,100,47,84
1,<environment.Job instance at 0x7f9e8cba9690>,40,15,[7 1],41,100,115,59,86
1,<environment.Job instance at 0x7f9e8cba9780>,44,14,[1 5],45,108,122,63,108
1,<environment.Job instance at 0x7f9e8d5c2140>,46,1,[2 6],47,122,123,75,109
1,<environment.Job instance at 0x7f9e8d713910>,5,3,[9 4],6,6,9,0,6
1,<environment.Job instance at 0x7f9e8d810640>,6,16,[9 2],7,9,25,2,7
1,<environment.Job instance at 0x7f9e8d8103c0>,7,16,[9 4],8,25,41,17,12
1,<environment.Job instance at 0x7f9e8c0fc410>,14,15,[4 6],15,41,56,26,27
1,<environment.Job instance at 0x7f9e8d810c80>,9,3,[ 2 10],10,56,59,46,32
1,<environment.Job instance at 0x7f9e50cf1870>,26,3,[2 8],27,59,62,32,34
1,<environment.Job instance at 0x7f9e50cf18c0>,28,2,[6 3],29,41,43,12,35
1,<environment.Job instance at 0x7f9e50d05410>,35,16,[10  4],36,62,78,26,51
1,<environment.Job instance at 0x7f9e50d055f0>,38,14,[7 5],39,78,92,39,64
1,<environment.Job instance at 0x7f9e50d05730>,40,18,[9 5],41,92,110,51,81
1,<environment.Job instance at 0x7f9e50d05cd0>,48,1,[2 6],49,110,111,61,95
1,<environment.Job instance at 0x7f9e50d05b90>,47,15,[2 9],48,111,126,63,103
1,<environment.Job instance at 0x7f9e50d05d20>,5,3,[2 5],6,7,10,1,7
1,<environment.Job instance at 0x7f9e50d058c0>,2,19,[8 2],3,7,26,4,7
1,<environment.Job instance at 0x7f9e50d061e0>,8,14,[ 2 10],9,26,40,17,11
1,<environment.Job instance at 0x7f9e8ce71f00>,19,15,[10  2],20,40,55,20,28
1,<environment.Job instance at 0x7f9e8ce710f0>,20,13,[5 6],21,55,68,34,39
1,<environment.Job instance at 0x7f9e8d30dc30>,25,14,[7 4],26,68,82,42,53
1,<environment.Job instance at 0x7f9e8c162a50>,31,13,[4 5],32,82,95,50,66
1,<environment.Job instance at 0x7f9e8c2d6320>,35,12,[ 1 10],36,95,107,59,78
1,<environment.Job instance at 0x7f9e8d5e5140>,39,14,[5 7],40,107,121,67,92
1,<environment.Job instance at 0x7f9e50d06be0>,9,17,[9 1],10,121,138,111,121
1,<environment.Job instance at 0x7f9e8cd9de10>,11,3,[9 2],12,13,16,1,13
1,<environment.Job instance at 0x7f9e8cd9da00>,12,18,[6 3],13,17,35,4,17
1,<environment.Job instance at 0x7f9e8cd9d0a0>,13,2,[9 1],14,35,37,21,17
1,<environment.Job instance at 0x7f9e8cba5f00>,14,2,[1 8],15,35,37,20,17
1,<environment.Job instance at 0x7f9e8cd9deb0>,10,12,[8 5],11,37,49,26,20
1,<environment.Job instance at 0x7f9e51452730>,17,2,[2 8],18,71,73,53,71
1,<environment.Job instance at 0x7f9e511c5190>,21,3,[ 4 10],22,73,76,51,71
1,<environment.Job instance at 0x7f9e5121d4b0>,24,17,[8 5],25,76,93,51,73
1,<environment.Job instance at 0x7f9e50dbab40>,31,13,[5 5],32,93,106,61,87
1,<environment.Job instance at 0x7f9e8d1a4230>,37,13,[6 4],38,106,119,68,101
1,<environment.Job instance at 0x7f9e50bd5d70>,38,14,[10  3],39,119,133,80,105
1,<environment.Job instance at 0x7f9e50dccdc0>,43,13,[6 5],44,133,146,89,120
1,<environment.Job instance at 0x7f9e50dcc410>,46,3,[2 7],47,146,149,99,121
1,<environment.Job instance at 0x7f9e8d84f0f0>,2,15,[5 1],3,3,18,0,3
1,<environment.Job instance at 0x7f9e51313730>,3,18,[5 9],4,4,22,0,4
1,<environment.Job instance at 0x7f9e8cf967d0>,7,2,[2 6],8,22,24,14,8
1,<environment.Job instance at 0x7f9e8cfb9a00>,8,14,[5 9],9,24,38,15,11
1,<environment.Job instance at 0x7f9e510eb6e0>,12,1,[2 9],13,38,39,25,22
1,<environment.Job instance at 0x7f9e510ebc30>,16,14,[3 9],17,39,53,22,25
1,<environment.Job instance at 0x7f9e8d470b90>,17,2,[2 8],18,53,55,35,40
1,<environment.Job instance at 0x7f9e512ac820>,18,3,[5 9],19,55,58,36,42
1,<environment.Job instance at 0x7f9e8d7135f0>,23,3,[7 3],24,58,61,34,45
1,<environment.Job instance at 0x7f9e8d7133c0>,22,3,[ 1 10],23,61,64,38,45
1,<environment.Job instance at 0x7f9e514952d0>,24,17,[3 9],25,64,81,39,52
1,<environment.Job instance at 0x7f9e8ccae6e0>,29,15,[7 1],30,64,79,34,52
1,<environment.Job instance at 0x7f9e8ce87550>,34,14,[7 1],35,79,93,44,70
1,<environment.Job instance at 0x7f9e510ebdc0>,13,27,[1 8],14,81,108,67,79
1,<environment.Job instance at 0x7f9e8d43df50>,25,13,[10  4],26,108,121,82,92
1,<environment.Job instance at 0x7f9e8ce5c190>,41,14,[5 8],42,121,135,79,106
1,<environment.Job instance at 0x7f9e8ce5c730>,42,16,[9 2],43,135,151,92,122
1,<environment.Job instance at 0x7f9e8ce5c910>,46,2,[2 9],47,151,153,104,126
1,<environment.Job instance at 0x7f9e8ce5c690>,47,3,[7 1],48,151,154,103,126
1,<environment.Job instance at 0x7f9e8ce5c9b0>,43,15,[6 3],44,154,169,110,140
1,<environment.Job instance at 0x7f9e8c16e8c0>,3,2,[5 6],4,5,7,1,5
1,<environment.Job instance at 0x7f9e51362960>,6,3,[8 2],7,7,10,0,7
1,<environment.Job instance at 0x7f9e51362fa0>,9,15,[ 1 10],10,10,25,0,10
1,<environment.Job instance at 0x7f9e50d255a0>,12,15,[1 6],13,25,40,12,14
1,<environment.Job instance at 0x7f9e50d25870>,19,14,[10  1],20,40,54,20,25
1,<environment.Job instance at 0x7f9e50d25550>,22,18,[5 5],23,54,72,31,43
1,<environment.Job instance at 0x7f9e8cb173c0>,25,15,[7 4],26,72,87,46,58
1,<environment.Job instance at 0x7f9e8cb17b90>,29,17,[7 2],30,87,104,57,75
1,<environment.Job instance at 0x7f9e50d25640>,17,18,[1 7],18,92,110,74,92
1,<environment.Job instance at 0x7f9e50dee410>,35,2,[4 7],36,110,112,74,93
1,<environment.Job instance at 0x7f9e50dee320>,34,12,[6 5],35,112,124,77,95
1,<environment.Job instance at 0x7f9e5148fcd0>,2,13,[4 8],3,3,16,0,3
1,<environment.Job instance at 0x7f9e8cf14910>,10,14,[6 4],11,16,30,5,14
1,<environment.Job instance at 0x7f9e8cf14e60>,14,15,[9 1],15,30,45,15,16
1,<environment.Job instance at 0x7f9e8cf14050>,19,14,[3 7],20,45,59,25,30
1,<environment.Job instance at 0x7f9e8cf149b0>,12,3,[6 4],13,59,62,46,37
1,<environment.Job instance at 0x7f9e50ff4f00>,20,15,[9 4],21,62,77,41,48
1,<environment.Job instance at 0x7f9e8cf14af0>,13,3,[6 2],14,49,52,35,49
1,<environment.Job instance at 0x7f9e8d3d4e10>,21,3,[5 5],22,77,80,55,58
1,<environment.Job instance at 0x7f9e50c50cd0>,33,1,[7 2],34,58,59,24,58
1,<environment.Job instance at 0x7f9e50e080a0>,34,15,[10  3],35,80,95,45,66
1,<environment.Job instance at 0x7f9e50b6ceb0>,39,17,[5 9],40,95,112,55,83
1,<environment.Job instance at 0x7f9e8c1563c0>,44,3,[6 1],45,112,115,67,86
1,<environment.Job instance at 0x7f9e8d294c80>,45,16,[4 5],46,112,128,66,107
1,<environment.Job instance at 0x7f9e50c50730>,32,14,[6 5],33,115,129,82,108
1,<environment.Job instance at 0x7f9e50e08730>,35,20,[4 7],36,129,149,93,128
1,<environment.Job instance at 0x7f9e8cb07fa0>,48,16,[ 5 10],49,149,165,100,141
1,<environment.Job instance at 0x7f9e8d5b05f0>,5,13,[2 6],6,6,19,0,6
1,<environment.Job instance at 0x7f9e8d1ce7d0>,4,3,[6 4],5,6,9,1,6
1,<environment.Job instance at 0x7f9e51169d20>,7,1,[3 6],8,19,20,11,8
1,<environment.Job instance at 0x7f9e8d556d70>,8,3,[8 2],9,10,13,1,10
1,<environment.Job instance at 0x7f9e8d556820>,9,3,[ 5 10],10,20,23,10,11
1,<environment.Job instance at 0x7f9e8d69dd70>,10,1,[4 6],11,23,24,12,12
1,<environment.Job instance at 0x7f9e51166910>,11,1,[4 6],12,24,25,12,12
1,<environment.Job instance at 0x7f9e51166fa0>,13,16,[6 5],14,25,41,11,14
1,<environment.Job instance at 0x7f9e50b67af0>,14,2,[ 2 10],15,41,43,26,15
1,<environment.Job instance at 0x7f9e50b67050>,15,1,[9 5],16,43,44,27,16
1,<environment.Job instance at 0x7f9e514130f0>,21,2,[9 5],22,44,46,22,29
1,<environment.Job instance at 0x7f9e8d7a7d70>,22,3,[9 5],23,46,49,23,29
1,<environment.Job instance at 0x7f9e8d50caa0>,23,12,[6 2],24,49,61,25,32
1,<environment.Job instance at 0x7f9e8d13afa0>,3,12,[4 6],4,49,61,45,39
1,<environment.Job instance at 0x7f9e8c25ca50>,28,14,[9 4],29,61,75,32,46
1,<environment.Job instance at 0x7f9e50be0b90>,33,2,[6 3],34,75,77,41,59
1,<environment.Job instance at 0x7f9e50be0fa0>,31,14,[4 6],32,75,89,43,60
1,<environment.Job instance at 0x7f9e8c09dd20>,36,1,[4 9],37,89,90,52,70
1,<environment.Job instance at 0x7f9e8c09d280>,34,1,[9 4],35,90,91,55,70
1,<environment.Job instance at 0x7f9e8d118af0>,38,2,[8 5],39,91,93,52,71
1,<environment.Job instance at 0x7f9e8d118820>,40,3,[2 7],41,93,96,52,72
1,<environment.Job instance at 0x7f9e50defb40>,41,17,[10  4],42,96,113,54,84
1,<environment.Job instance at 0x7f9e8d118e10>,39,14,[6 1],40,113,127,73,99
1,<environment.Job instance at 0x7f9e50def140>,45,18,[10  3],46,127,145,81,116
1,<environment.Job instance at 0x7f9e5139ef50>,5,12,[5 6],6,6,18,0,6
1,<environment.Job instance at 0x7f9e8d3315f0>,7,13,[8 2],8,18,31,10,8
1,<environment.Job instance at 0x7f9e8c168960>,13,16,[4 9],14,31,47,17,18
1,<environment.Job instance at 0x7f9e8cc33820>,21,2,[2 6],22,47,49,25,30
1,<environment.Job instance at 0x7f9e8cc338c0>,22,3,[9 1],23,49,52,26,30
1,<environment.Job instance at 0x7f9e8cc33a00>,24,17,[6 5],25,57,74,32,57
1,<environment.Job instance at 0x7f9e50c0b0a0>,4,18,[4 7],5,74,92,69,71
1,<environment.Job instance at 0x7f9e8cc33d70>,27,16,[ 5 10],28,92,108,64,79
1,<environment.Job instance at 0x7f9e8cc4b230>,36,15,[9 5],37,108,123,71,94
1,<environment.Job instance at 0x7f9e8cc4b550>,41,16,[ 2 10],42,123,139,81,112
1,<environment.Job instance at 0x7f9e8cc4b910>,47,18,[10  5],48,139,157,91,128
1,<environment.Job instance at 0x7f9e8cc17550>,4,2,[4 6],5,5,7,0,5
1,<environment.Job instance at 0x7f9e8cc17780>,6,1,[5 7],7,7,8,0,7
1,<environment.Job instance at 0x7f9e8cee24b0>,9,17,[9 4],10,14,31,4,14
1,<environment.Job instance at 0x7f9e8cee2460>,16,15,[ 5 10],17,31,46,14,17
1,<environment.Job instance at 0x7f9e8cee2c80>,22,18,[9 4],23,46,64,23,46
1,<environment.Job instance at 0x7f9e8d3be0a0>,27,15,[ 5 10],28,64,79,36,56
1,<environment.Job instance at 0x7f9e8cee2af0>,12,1,[2 7],13,79,80,66,66
1,<environment.Job instance at 0x7f9e8d3befa0>,28,17,[5 7],29,80,97,51,70
1,<environment.Job instance at 0x7f9e8d3bef00>,35,16,[4 6],36,97,113,61,85
1,<environment.Job instance at 0x7f9e8cf96460>,41,13,[2 8],42,113,126,71,102
1,<environment.Job instance at 0x7f9e8cf96140>,42,18,[5 1],43,102,120,59,102
1,<environment.Job instance at 0x7f9e8cf96b40>,46,18,[4 6],47,126,144,79,122
1,<environment.Job instance at 0x7f9e51495e10>,3,17,[10  5],4,5,22,1,5
1,<environment.Job instance at 0x7f9e8c259cd0>,8,2,[7 3],9,22,24,13,9
1,<environment.Job instance at 0x7f9e5110afa0>,11,16,[2 7],12,22,38,10,12
1,<environment.Job instance at 0x7f9e50d8ad20>,16,2,[7 3],17,24,26,7,22
1,<environment.Job instance at 0x7f9e511fa6e0>,12,15,[3 8],13,38,53,25,24
1,<environment.Job instance at 0x7f9e8c2e6cd0>,25,16,[1 6],26,53,69,27,40
1,<environment.Job instance at 0x7f9e511fa780>,14,13,[5 4],15,53,66,38,41
1,<environment.Job instance at 0x7f9e91df2280>,29,2,[9 5],30,69,71,39,52
1,<environment.Job instance at 0x7f9e50f4b8c0>,30,1,[8 5],31,71,72,40,52
1,<environment.Job instance at 0x7f9e50f4b280>,31,18,[9 3],32,72,90,40,61
1,<environment.Job instance at 0x7f9e50f4b9b0>,33,12,[4 9],34,90,102,56,73
1,<environment.Job instance at 0x7f9e5124ca50>,28,14,[5 4],29,102,116,73,87
1,<environment.Job instance at 0x7f9e8d52be10>,41,13,[ 3 10],42,116,129,74,100
1,<environment.Job instance at 0x7f9e8cc4bb90>,4,3,[8 2],5,5,8,0,5
1,<environment.Job instance at 0x7f9e51495320>,7,12,[5 4],8,8,20,0,8
1,<environment.Job instance at 0x7f9e51495960>,8,14,[8 1],9,20,34,11,11
1,<environment.Job instance at 0x7f9e50b76500>,19,13,[ 2 10],20,34,47,14,23
1,<environment.Job instance at 0x7f9e50b76b40>,21,15,[7 5],22,47,62,25,38
1,<environment.Job instance at 0x7f9e514d3320>,23,16,[8 2],24,62,78,38,51
1,<environment.Job instance at 0x7f9e50b767d0>,27,2,[2 9],28,78,80,50,58
1,<environment.Job instance at 0x7f9e50bc7be0>,28,2,[8 3],29,80,82,51,59
1,<environment.Job instance at 0x7f9e50dac410>,32,13,[6 5],33,82,95,49,68
1,<environment.Job instance at 0x7f9e50dde140>,34,18,[1 8],35,95,113,60,84
1,<environment.Job instance at 0x7f9e50bc0fa0>,30,15,[9 1],31,95,110,64,88
1,<environment.Job instance at 0x7f9e50bd0e10>,39,1,[9 4],40,113,114,73,94
1,<environment.Job instance at 0x7f9e514d4190>,41,3,[3 7],42,114,117,72,95
1,<environment.Job instance at 0x7f9e50dea190>,43,3,[10  1],44,117,120,73,95
1,<environment.Job instance at 0x7f9e50bd0cd0>,38,18,[5 8],39,120,138,81,109
1,<environment.Job instance at 0x7f9e8d810460>,7,16,[5 8],8,8,24,0,8
1,<environment.Job instance at 0x7f9e8d810780>,8,16,[1 6],9,24,40,15,20
1,<environment.Job instance at 0x7f9e8d810870>,12,3,[10  5],13,40,43,27,25
1,<environment.Job instance at 0x7f9e8d810690>,14,14,[10  4],15,43,57,28,28
1,<environment.Job instance at 0x7f9e5145ba00>,16,12,[9 4],17,57,69,40,40
1,<environment.Job instance at 0x7f9e5145b410>,21,2,[5 5],22,69,71,47,51
1,<environment.Job instance at 0x7f9e5145b690>,23,2,[8 4],24,71,73,47,52
1,<environment.Job instance at 0x7f9e5145b1e0>,24,1,[10  4],25,73,74,48,52
1,<environment.Job instance at 0x7f9e5145b780>,25,12,[5 9],26,74,86,48,57
1,<environment.Job instance at 0x7f9e5145b640>,28,17,[1 6],29,86,103,57,74
1,<environment.Job instance at 0x7f9e5145b280>,29,17,[9 2],30,86,103,56,74
1,<environment.Job instance at 0x7f9e5145bc30>,31,1,[9 4],32,103,104,71,75
1,<environment.Job instance at 0x7f9e8d7e20f0>,36,3,[9 2],37,104,107,67,91
1,<environment.Job instance at 0x7f9e5145b460>,37,16,[3 5],38,107,123,69,95
1,<environment.Job instance at 0x7f9e8d7e22d0>,38,1,[8 2],39,123,124,84,97
1,<environment.Job instance at 0x7f9e8d7e2f00>,39,3,[2 6],40,123,126,83,99
1,<environment.Job instance at 0x7f9e8d7e2500>,41,1,[9 4],42,126,127,84,100
1,<environment.Job instance at 0x7f9e8d7e2550>,42,2,[2 7],43,127,129,84,100
1,<environment.Job instance at 0x7f9e8d7e2a50>,47,17,[7 4],48,129,146,81,121
1,<environment.Job instance at 0x7f9e5145bc80>,27,17,[8 2],28,160,177,132,160
1,<environment.Job instance at 0x7f9e50ed4fa0>,3,3,[1 6],4,4,7,0,4
1,<environment.Job instance at 0x7f9e513ba5f0>,9,2,[5 4],10,10,12,0,10
1,<environment.Job instance at 0x7f9e8d468910>,10,18,[9 2],11,12,30,1,11
1,<environment.Job instance at 0x7f9e50e04aa0>,14,12,[7 4],15,30,42,15,15
1,<environment.Job instance at 0x7f9e8cf73a50>,19,18,[1 5],20,21,39,1,21
1,<environment.Job instance at 0x7f9e51068b90>,27,18,[6 2],28,42,60,14,31
1,<environment.Job instance at 0x7f9e8c09a280>,31,14,[9 5],32,60,74,28,55
1,<environment.Job instance at 0x7f9e50f88cd0>,32,15,[7 3],33,74,89,41,60
1,<environment.Job instance at 0x7f9e8ccae730>,38,13,[3 7],39,74,87,35,63
1,<environment.Job instance at 0x7f9e50e115a0>,41,13,[9 4],42,89,102,47,73
1,<environment.Job instance at 0x7f9e50e112d0>,44,15,[6 4],45,102,117,57,99
1,<environment.Job instance at 0x7f9e5137ad70>,22,16,[10  2],23,152,168,129,152
1,<environment.Job instance at 0x7fb8dfdedb90>,6,20,[6 1],7,7,27,0,7
1,<environment.Job instance at 0x7fb8dfdedaf0>,5,2,[1 5],6,14,16,8,14
1,<environment.Job instance at 0x7fb8dfdedf00>,10,12,[3 7],11,16,28,5,14
1,<environment.Job instance at 0x7fb8dfdedcd0>,8,13,[5 5],9,28,41,19,14
1,<environment.Job instance at 0x7fb8e71fc320>,3,3,[4 8],4,41,44,37,17
1,<environment.Job instance at 0x7fb8dfdf2b90>,24,18,[2 6],25,45,63,20,45
1,<environment.Job instance at 0x7fb8dfdf2a00>,25,12,[ 5 10],26,63,75,37,46
1,<environment.Job instance at 0x7fb8dfdf2c30>,27,15,[8 4],28,48,63,20,48
1,<environment.Job instance at 0x7fb8dfdf2e10>,30,14,[5 2],31,75,89,44,60
1,<environment.Job instance at 0x7fb8dfdf5050>,33,14,[5 5],34,75,89,41,60
1,<environment.Job instance at 0x7fb8dfdedc30>,7,1,[5 4],8,89,90,81,70
1,<environment.Job instance at 0x7fb8dfdf5190>,35,15,[9 5],36,90,105,54,76
1,<environment.Job instance at 0x7fb8dfdf5c30>,43,18,[5 5],44,105,123,61,95
1,<environment.Job instance at 0x7fb8dfdf8230>,49,16,[2 5],50,105,121,55,105
1,<environment.Job instance at 0x7fb8dfdf5730>,41,1,[5 2],42,121,122,79,105
1,<environment.Job instance at 0x7fb8dfdf82d0>,51,3,[1 5],52,122,125,70,106
1,<environment.Job instance at 0x7fb8dfdf84b0>,52,1,[8 5],53,123,124,70,110
1,<environment.Job instance at 0x7fb8dfdf8550>,53,17,[5 7],54,125,142,71,121
1,<environment.Job instance at 0x7fb8dfdf8690>,55,2,[ 3 10],56,142,144,86,121
1,<environment.Job instance at 0x7fb8dfdf8b40>,58,14,[2 7],59,144,158,85,137
1,<environment.Job instance at 0x7fb8e7373410>,3,3,[5 9],4,5,8,1,5
1,<environment.Job instance at 0x7fb8e7370870>,11,2,[5 1],12,24,26,12,24
1,<environment.Job instance at 0x7fb8e7371460>,13,13,[6 3],14,26,39,12,24
1,<environment.Job instance at 0x7fb8e7371c80>,14,14,[5 1],15,39,53,24,24
1,<environment.Job instance at 0x7fb8e7371230>,17,13,[8 5],18,53,66,35,38
1,<environment.Job instance at 0x7fb8e7371c30>,20,14,[2 6],21,66,80,45,51
1,<environment.Job instance at 0x7fb8e7374a00>,24,18,[3 7],25,80,98,55,69
1,<environment.Job instance at 0x7fb8e73740f0>,27,3,[10  5],28,98,101,70,81
1,<environment.Job instance at 0x7fb8e7374050>,28,2,[7 4],29,101,103,72,81
1,<environment.Job instance at 0x7fb8e7374370>,34,3,[4 5],35,103,106,68,87
1,<environment.Job instance at 0x7fb8e7374fa0>,35,15,[5 7],36,106,121,70,93
1,<environment.Job instance at 0x7fb8e722a3c0>,40,18,[2 7],41,121,139,80,110
1,<environment.Job instance at 0x7fb8e722a730>,48,3,[10  4],49,139,142,90,129
1,<environment.Job instance at 0x7fb8e722ab90>,49,1,[10  4],50,142,143,92,130
1,<environment.Job instance at 0x7fb8e722a7d0>,50,3,[6 5],51,143,146,92,131
1,<environment.Job instance at 0x7fb8e722a500>,52,2,[6 2],53,132,134,79,132
1,<environment.Job instance at 0x7fb8e736e320>,1,1,[2 6],2,2,3,0,2
1,<environment.Job instance at 0x7fb89c1deeb0>,12,13,[ 5 10],13,18,31,5,18
1,<environment.Job instance at 0x7fb89c1de410>,15,14,[ 2 10],16,31,45,15,22
1,<environment.Job instance at 0x7fb89c1dec80>,7,22,[4 5],8,45,67,37,38
1,<environment.Job instance at 0x7fb89c10df00>,6,3,[ 5 10],7,67,70,60,41
1,<environment.Job instance at 0x7fb89c1de1e0>,21,13,[5 6],22,70,83,48,59
1,<environment.Job instance at 0x7fb89c1ccc30>,24,2,[2 7],25,83,85,58,59
1,<environment.Job instance at 0x7fb89c1cc870>,26,17,[1 7],27,85,102,58,74
1,<environment.Job instance at 0x7fb89c1ccb90>,28,1,[4 6],29,102,103,73,76
1,<environment.Job instance at 0x7fb89c1cc140>,30,2,[3 8],31,103,105,72,82
1,<environment.Job instance at 0x7fb89c1cca50>,33,3,[1 9],34,105,108,71,89
1,<environment.Job instance at 0x7fb89c1cc8c0>,35,1,[9 1],36,89,90,53,89
1,<environment.Job instance at 0x7fb89c1cc320>,36,1,[6 3],37,90,91,53,89
1,<environment.Job instance at 0x7fb89c1ccf00>,37,3,[4 5],38,108,111,70,89
1,<environment.Job instance at 0x7fb89c1cc780>,38,14,[9 5],39,111,125,72,98
1,<environment.Job instance at 0x7fb89c1cc230>,39,2,[4 9],40,125,127,85,99
1,<environment.Job instance at 0x7fb89c1ccd70>,42,3,[3 7],43,127,130,84,106
1,<environment.Job instance at 0x7fb89c1e8c30>,44,3,[6 4],45,130,133,85,113
1,<environment.Job instance at 0x7fb89c1cc550>,32,14,[1 8],33,133,147,100,118
1,<environment.Job instance at 0x7fb89c1e8b90>,46,2,[8 1],47,133,135,86,118
1,<environment.Job instance at 0x7fb89c1e8e60>,50,2,[9 5],51,147,149,96,121
1,<environment.Job instance at 0x7fb89c1e8b40>,51,2,[5 5],52,149,151,97,123
1,<environment.Job instance at 0x7fb89c1e8280>,52,1,[6 4],53,151,152,98,131
1,<environment.Job instance at 0x7fb89c1e8140>,55,16,[ 2 10],56,152,168,96,139
1,<environment.Job instance at 0x7fb89c1bfa50>,4,3,[4 6],5,6,9,1,6
1,<environment.Job instance at 0x7fb89c4a1d20>,7,1,[2 9],8,9,10,1,8
1,<environment.Job instance at 0x7fb89c4a1e60>,9,12,[9 3],10,10,22,0,10
1,<environment.Job instance at 0x7fb89c270140>,13,2,[8 3],14,22,24,8,15
1,<environment.Job instance at 0x7fb89c270280>,15,1,[6 2],16,24,25,8,16
1,<environment.Job instance at 0x7fb89c4a1c30>,10,18,[10  3],11,25,43,14,17
1,<environment.Job instance at 0x7fb89c2700f0>,14,12,[3 8],15,43,55,28,26
1,<environment.Job instance at 0x7fb89c21ec30>,22,14,[2 7],23,55,69,32,40
1,<environment.Job instance at 0x7fb89c21e640>,26,3,[2 8],27,69,72,42,43
1,<environment.Job instance at 0x7fb89c21e820>,29,2,[10  4],30,72,74,42,45
1,<environment.Job instance at 0x7fb89c21ea50>,34,16,[7 2],35,48,64,13,48
1,<environment.Job instance at 0x7fb89c270af0>,21,14,[1 6],22,74,88,52,60
1,<environment.Job instance at 0x7fb89c438cd0>,44,16,[9 4],45,74,90,29,65
1,<environment.Job instance at 0x7fb89c438dc0>,48,15,[7 5],49,90,105,41,78
1,<environment.Job instance at 0x7fb89c438820>,53,1,[ 4 10],54,105,106,51,80
1,<environment.Job instance at 0x7fb89c26b870>,54,3,[4 7],55,106,109,51,82
1,<environment.Job instance at 0x7fb89c26bf50>,55,1,[10  1],56,109,110,53,82
1,<environment.Job instance at 0x7fb89c2707d0>,16,14,[5 5],17,110,124,93,97
1,<environment.Job instance at 0x7fb89c26b230>,57,3,[1 6],58,124,127,66,102
1,<environment.Job instance at 0x7fb89c5c0c30>,10,3,[7 3],11,11,14,0,11
1,<environment.Job instance at 0x7fb89c56dc30>,14,14,[5 5],15,29,43,14,29
1,<environment.Job instance at 0x7fb89c56dd20>,13,12,[9 1],14,43,55,29,29
1,<environment.Job instance at 0x7fb89c56d7d0>,16,3,[9 1],17,55,58,38,29
1,<environment.Job instance at 0x7fb89c4df190>,22,1,[3 9],23,58,59,35,57
1,<environment.Job instance at 0x7fb89c4df230>,23,2,[4 7],24,59,61,35,58
1,<environment.Job instance at 0x7fb89c56dfa0>,21,1,[ 2 10],22,61,62,39,59
1,<environment.Job instance at 0x7fb89c4df820>,29,3,[4 7],30,62,65,32,59
1,<environment.Job instance at 0x7fb89c4df8c0>,30,17,[2 6],31,65,82,34,59
1,<environment.Job instance at 0x7fb89c4df7d0>,31,15,[8 4],32,65,80,33,59
1,<environment.Job instance at 0x7fb89c4df550>,28,15,[3 6],29,82,97,53,71
1,<environment.Job instance at 0x7fb89c4dfa00>,34,2,[8 5],35,97,99,62,78
1,<environment.Job instance at 0x7fb89c4dfbe0>,38,13,[5 1],39,80,93,41,78
1,<environment.Job instance at 0x7fb89c4dff00>,39,2,[10  2],40,99,101,59,83
1,<environment.Job instance at 0x7fb89c4dfd70>,40,2,[ 5 10],41,101,103,60,84
1,<environment.Job instance at 0x7fb89c4f4190>,44,15,[10  4],45,103,118,58,97
1,<environment.Job instance at 0x7fb89c4f4550>,50,18,[6 1],51,118,136,67,113
1,<environment.Job instance at 0x7fb89c4f4140>,55,17,[4 6],56,128,145,72,128
1,<environment.Job instance at 0x7fb89c4f41e0>,56,1,[7 3],57,145,146,88,129
1,<environment.Job instance at 0x7fb89c4f4e10>,58,1,[2 7],59,145,146,86,131
1,<environment.Job instance at 0x7fb89c4f4aa0>,57,14,[ 1 10],58,146,160,88,139
1,<environment.Job instance at 0x7fb89c4f21e0>,4,17,[9 4],5,7,24,2,7
1,<environment.Job instance at 0x7fb89c4f2a50>,8,17,[3 6],9,24,41,15,12
1,<environment.Job instance at 0x7fb89c4f2c30>,14,15,[5 1],15,24,39,9,18
1,<environment.Job instance at 0x7fb8e0186af0>,23,3,[2 5],24,41,44,17,24
1,<environment.Job instance at 0x7fb8e4881aa0>,24,12,[5 9],25,44,56,19,27
1,<environment.Job instance at 0x7fb8e4881370>,25,12,[2 6],26,56,68,30,39
1,<environment.Job instance at 0x7fb89c4f2190>,9,15,[ 5 10],10,68,83,58,62
1,<environment.Job instance at 0x7fb8e4a8bf00>,36,16,[ 5 10],37,85,101,48,85
1,<environment.Job instance at 0x7fb8e435ce60>,41,17,[10  3],42,101,118,59,89
1,<environment.Job instance at 0x7fb8dfbaae60>,48,2,[5 7],49,118,120,69,95
1,<environment.Job instance at 0x7fb8dfbaad70>,50,14,[8 3],51,120,134,69,117
1,<environment.Job instance at 0x7fb8dfbaa780>,53,1,[1 7],54,120,121,66,117
1,<environment.Job instance at 0x7fb8dfbaa190>,54,18,[3 6],55,134,152,79,126
1,<environment.Job instance at 0x7fb8dfbaa960>,55,3,[9 4],56,152,155,96,129
1,<environment.Job instance at 0x7fb8dfbaae10>,58,2,[9 4],59,155,157,96,138
1,<environment.Job instance at 0x7fb89c1eaa50>,4,15,[4 6],5,5,20,0,5
1,<environment.Job instance at 0x7fb89c3df410>,5,3,[3 8],6,20,23,14,6
1,<environment.Job instance at 0x7fb89c3df7d0>,7,15,[5 3],8,23,38,15,11
1,<environment.Job instance at 0x7fb8e49a9230>,9,2,[8 2],10,38,40,28,11
1,<environment.Job instance at 0x7fb8e442c2d0>,10,2,[1 7],11,23,25,12,11
1,<environment.Job instance at 0x7fb8e442caa0>,13,2,[5 7],14,25,27,11,24
1,<environment.Job instance at 0x7fb8e442c5f0>,14,1,[3 8],15,40,41,25,24
1,<environment.Job instance at 0x7fb8e442c460>,11,1,[ 4 10],12,41,42,29,24
1,<environment.Job instance at 0x7fb8e442cc30>,16,3,[2 8],17,42,45,25,24
1,<environment.Job instance at 0x7fb8e43cc140>,19,3,[7 2],20,42,45,22,25
1,<environment.Job instance at 0x7fb8e442c370>,17,1,[5 5],18,28,29,10,28
1,<environment.Job instance at 0x7fb8e43cc8c0>,21,3,[1 6],22,29,32,7,28
1,<environment.Job instance at 0x7fb8e43cc5f0>,20,14,[7 5],21,45,59,24,30
1,<environment.Job instance at 0x7fb89c4f1140>,28,14,[7 5],29,59,73,30,53
1,<environment.Job instance at 0x7fb8e49a9410>,8,18,[1 5],9,58,76,49,58
1,<environment.Job instance at 0x7fb8dfe09550>,36,12,[8 3],37,73,85,36,58
1,<environment.Job instance at 0x7fb89c093aa0>,40,2,[10  2],41,85,87,44,71
1,<environment.Job instance at 0x7fb8dfe09e60>,37,15,[2 9],38,87,102,49,73
1,<environment.Job instance at 0x7fb89c0934b0>,45,3,[2 5],46,102,105,56,93
1,<environment.Job instance at 0x7fb8dfba55f0>,48,14,[ 2 10],49,105,119,56,104
1,<environment.Job instance at 0x7fb8dfba5500>,49,17,[9 1],50,119,136,69,107
1,<environment.Job instance at 0x7fb8e4480500>,58,14,[4 6],59,136,150,77,121
1,<environment.Job instance at 0x7fb89c1ea280>,2,12,[5 5],3,3,15,0,3
1,<environment.Job instance at 0x7fb89c36c460>,3,13,[4 9],4,15,28,11,4
1,<environment.Job instance at 0x7fb89c1ea370>,5,14,[7 4],6,28,42,22,13
1,<environment.Job instance at 0x7fb8e4b13690>,8,1,[2 8],9,42,43,33,17
1,<environment.Job instance at 0x7fb8dfed7f00>,15,12,[ 1 10],16,43,55,27,26
1,<environment.Job instance at 0x7fb8dfed7410>,19,14,[5 7],20,55,69,35,40
1,<environment.Job instance at 0x7fb8dfc1c7d0>,28,15,[8 5],29,69,84,40,55
1,<environment.Job instance at 0x7fb8dfed7c80>,23,14,[2 7],24,84,98,60,70
1,<environment.Job instance at 0x7fb89bf4df50>,40,12,[8 5],41,98,110,57,81
1,<environment.Job instance at 0x7fb89bf730f0>,44,2,[1 8],45,110,112,65,88
1,<environment.Job instance at 0x7fb89bf73190>,45,16,[6 3],46,112,128,66,99
1,<environment.Job instance at 0x7fb89bf72af0>,53,1,[3 5],54,135,136,81,135
1,<environment.Job instance at 0x7fb89bf72050>,56,2,[3 8],57,147,149,90,147
1,<environment.Job instance at 0x7fb89bf3a500>,55,2,[6 3],56,152,154,96,152
1,<environment.Job instance at 0x7fb89c16a870>,0,19,[6 3],1,1,20,0,1
1,<environment.Job instance at 0x7fb8e45d8b40>,6,3,[9 3],7,20,23,13,7
1,<environment.Job instance at 0x7fb8e45d8320>,7,13,[6 4],8,23,36,15,8
1,<environment.Job instance at 0x7fb89c1e8910>,13,13,[6 5],14,36,49,22,24
1,<environment.Job instance at 0x7fb8e45d80f0>,10,19,[1 5],11,32,51,21,32
1,<environment.Job instance at 0x7fb89c1e86e0>,21,13,[5 3],22,49,62,27,33
1,<environment.Job instance at 0x7fb89c1e8050>,20,1,[6 3],21,62,63,41,37
1,<environment.Job instance at 0x7fb89c052be0>,28,14,[5 9],29,63,77,34,49
1,<environment.Job instance at 0x7fb8e44db4b0>,30,12,[2 5],31,51,63,20,51
1,<environment.Job instance at 0x7fb89c1e80a0>,22,15,[5 1],23,63,78,40,62
1,<environment.Job instance at 0x7fb8e44dbb90>,35,12,[2 9],36,77,89,41,64
1,<environment.Job instance at 0x7fb8e44db230>,37,2,[2 8],38,89,91,51,67
1,<environment.Job instance at 0x7fb8e44db9b0>,38,3,[5 9],39,91,94,52,73
1,<environment.Job instance at 0x7fb8e44db2d0>,36,14,[3 9],37,94,108,57,82
1,<environment.Job instance at 0x7fb8e44db190>,43,3,[7 3],44,108,111,64,82
1,<environment.Job instance at 0x7fb8e44dbf00>,45,13,[10  4],46,111,124,65,98
1,<environment.Job instance at 0x7fb8e010f0f0>,48,2,[5 7],49,124,126,75,98
1,<environment.Job instance at 0x7fb8e010f230>,50,14,[6 4],51,126,140,75,111
1,<environment.Job instance at 0x7fb8e010f370>,52,1,[9 3],53,140,141,87,114
1,<environment.Job instance at 0x7fb8e45d8cd0>,9,1,[10  3],10,141,142,131,122
1,<environment.Job instance at 0x7fb8e010f4b0>,51,18,[3 6],52,142,160,90,131
1,<environment.Job instance at 0x7fb8e010ffa0>,49,15,[7 1],50,142,157,92,132
1,<environment.Job instance at 0x7fb8e010ff00>,56,2,[5 1],57,157,159,100,132
1,<environment.Job instance at 0x7fb8e010f960>,57,2,[4 5],58,133,135,75,133
1,<environment.Job instance at 0x7fb89bf1ad70>,5,18,[7 5],6,7,25,1,7
1,<environment.Job instance at 0x7fb8e4b134b0>,6,2,[2 9],7,25,27,18,12
1,<environment.Job instance at 0x7fb8e447ac30>,13,2,[5 6],14,27,29,13,14
1,<environment.Job instance at 0x7fb8dfd1cbe0>,12,18,[5 1],13,25,43,12,15
1,<environment.Job instance at 0x7fb8dffe4870>,14,2,[2 5],15,17,19,2,17
1,<environment.Job instance at 0x7fb8e4a26b40>,19,15,[ 1 10],20,43,58,23,31
1,<environment.Job instance at 0x7fb8e455d500>,15,3,[6 5],16,58,61,42,40
1,<environment.Job instance at 0x7fb8dfd8b230>,22,15,[1 6],23,61,76,38,47
1,<environment.Job instance at 0x7fb89bec9410>,31,14,[10  4],32,76,90,44,72
1,<environment.Job instance at 0x7fb8dfcc47d0>,32,18,[5 5],33,90,108,57,80
1,<environment.Job instance at 0x7fb8e492f8c0>,39,17,[7 2],40,108,125,68,103
1,<environment.Job instance at 0x7fb8e492f910>,42,18,[5 1],43,125,143,82,114
1,<environment.Job instance at 0x7fb89c3e1c30>,50,3,[4 8],51,143,146,92,143
1,<environment.Job instance at 0x7fb89c3e19b0>,52,3,[9 1],53,146,149,93,143
1,<environment.Job instance at 0x7fb8e7287af0>,57,2,[8 4],58,149,151,91,148
1,<environment.Job instance at 0x7fb8e4928fa0>,58,1,[6 3],59,151,152,92,148
1,<environment.Job instance at 0x7fb8e4b13410>,6,12,[7 1],7,10,22,3,10
1,<environment.Job instance at 0x7fb89c2f8500>,10,14,[6 4],11,22,36,11,13
1,<environment.Job instance at 0x7fb89c46faa0>,17,1,[9 4],18,36,37,18,26
1,<environment.Job instance at 0x7fb89c46f2d0>,18,17,[5 5],19,37,54,18,26
1,<environment.Job instance at 0x7fb89c3122d0>,22,13,[1 5],23,36,49,13,36
1,<environment.Job instance at 0x7fb8dfc9d4b0>,11,1,[10  4],12,54,55,42,37
1,<environment.Job instance at 0x7fb89c312c30>,25,3,[5 5],26,49,52,23,38
1,<environment.Job instance at 0x7fb89c312be0>,26,2,[3 9],27,55,57,28,39
1,<environment.Job instance at 0x7fb89c3123c0>,24,2,[10  3],25,57,59,32,39
1,<environment.Job instance at 0x7fb89c3125f0>,28,3,[10  4],29,59,62,30,39
1,<environment.Job instance at 0x7fb89c312460>,29,1,[ 2 10],30,62,63,32,39
1,<environment.Job instance at 0x7fb8e44cfb90>,27,2,[7 2],28,63,65,35,39
1,<environment.Job instance at 0x7fb8e49e40a0>,31,2,[5 1],32,52,54,20,39
1,<environment.Job instance at 0x7fb8dfed05f0>,34,15,[10  3],35,65,80,30,51
1,<environment.Job instance at 0x7fb8e008e410>,39,17,[5 9],40,80,97,40,68
1,<environment.Job instance at 0x7fb89c607820>,35,20,[4 7],36,108,128,72,108
1,<environment.Job instance at 0x7fb8dfe26690>,49,18,[7 3],50,128,146,78,117
1,<environment.Job instance at 0x7fb8e459de10>,52,2,[5 8],53,146,148,93,127
1,<environment.Job instance at 0x7fb8e4533b40>,55,13,[2 6],56,129,142,73,129
1,<environment.Job instance at 0x7fb8e4533d20>,57,1,[3 6],58,142,143,84,133
1,<environment.Job instance at 0x7fb8e4533910>,58,3,[8 2],59,148,151,89,133
1,<environment.Job instance at 0x7fb8dfe26960>,50,16,[9 2],51,151,167,100,139
1,<environment.Job instance at 0x7fb89c689960>,9,15,[6 3],10,10,25,0,10
1,<environment.Job instance at 0x7fb89c48b690>,10,15,[3 9],11,25,40,14,11
1,<environment.Job instance at 0x7fb89c689780>,13,12,[6 2],14,40,52,26,23
1,<environment.Job instance at 0x7fb89bea73c0>,19,13,[3 6],20,40,53,20,30
1,<environment.Job instance at 0x7fb8e0236c80>,26,1,[4 9],27,53,54,26,44
1,<environment.Job instance at 0x7fb8e0236e10>,27,17,[4 9],28,54,71,26,45
1,<environment.Job instance at 0x7fb8e0252500>,30,3,[2 7],31,71,74,40,45
1,<environment.Job instance at 0x7fb8e0252780>,34,14,[7 4],35,78,92,43,78
1,<environment.Job instance at 0x7fb8e0252b40>,40,1,[5 9],41,92,93,51,81
1,<environment.Job instance at 0x7fb8e0252af0>,39,2,[5 6],40,93,95,53,82
1,<environment.Job instance at 0x7fb8e02520f0>,41,3,[8 4],42,95,98,53,82
1,<environment.Job instance at 0x7fb8e0252c80>,42,3,[5 2],43,98,101,55,82
1,<environment.Job instance at 0x7fb8e0252d70>,45,12,[5 6],46,98,110,52,83
1,<environment.Job instance at 0x7fb8e0251640>,53,16,[4 9],54,110,126,56,98
1,<environment.Job instance at 0x7fb8e0251870>,57,3,[6 4],58,126,129,68,111
1,<environment.Job instance at 0x7fb8e0251b40>,58,15,[3 6],59,126,141,67,114
1,<environment.Job instance at 0x7fb8e0251f50>,4,17,[6 5],5,8,25,3,8
1,<environment.Job instance at 0x7fb89c06c960>,11,14,[7 1],12,25,39,13,14
1,<environment.Job instance at 0x7fb8dfcabb90>,13,3,[5 8],14,39,42,25,24
1,<environment.Job instance at 0x7fb8dfcabeb0>,17,14,[4 7],18,42,56,24,28
1,<environment.Job instance at 0x7fb8dfcab500>,20,16,[5 1],21,39,55,18,29
1,<environment.Job instance at 0x7fb8dfcabd70>,22,17,[4 5],23,58,75,35,58
1,<environment.Job instance at 0x7fb8dfcab320>,27,18,[10  5],28,75,93,47,70
1,<environment.Job instance at 0x7fb89c4f4dc0>,33,15,[7 2],34,93,108,59,79
1,<environment.Job instance at 0x7fb89c4f4be0>,39,17,[9 4],40,108,125,68,96
1,<environment.Job instance at 0x7fb8dfd1cfa0>,46,15,[ 5 10],47,125,140,78,115
1,<environment.Job instance at 0x7fb8dfd1c550>,49,14,[9 5],50,140,154,90,128
1,<environment.Job instance at 0x7fb8dfd1c780>,52,18,[9 4],53,154,172,101,143
1,<environment.Job instance at 0x7fb8dfd1c640>,58,17,[5 7],59,172,189,113,160
1,<environment.Job instance at 0x7fb8dfcab460>,3,2,[2 5],4,4,6,0,4
1,<environment.Job instance at 0x7fb8e0252410>,4,15,[ 2 10],5,6,21,1,5
1,<environment.Job instance at 0x7fb8e48d4af0>,6,18,[9 4],7,21,39,14,10
1,<environment.Job instance at 0x7fb8e496bb40>,24,17,[3 6],25,47,64,22,47
1,<environment.Job instance at 0x7fb8e48d4190>,13,18,[ 5 10],14,64,82,50,53
1,<environment.Job instance at 0x7fb8e496b640>,28,2,[7 3],29,53,55,24,53
1,<environment.Job instance at 0x7fb8e496b780>,26,1,[5 7],27,82,83,55,55
1,<environment.Job instance at 0x7fb8e496b910>,32,15,[3 8],33,83,98,50,69
1,<environment.Job instance at 0x7fb8e496bf50>,35,15,[9 1],36,98,113,62,85
1,<environment.Job instance at 0x7fb8dfed7b90>,43,17,[6 4],44,113,130,69,105
1,<environment.Job instance at 0x7fb8dfed7780>,48,14,[5 4],49,130,144,81,123
1,<environment.Job instance at 0x7fb8dfb9e500>,52,2,[5 7],53,144,146,91,130
1,<environment.Job instance at 0x7fb8dfb9e230>,53,12,[4 9],54,146,158,92,130
1,<environment.Job instance at 0x7fb8dfed7050>,51,18,[9 3],52,158,176,106,158
1,<environment.Job instance at 0x7fb8dfed7dc0>,54,25,[7 4],55,196,221,141,196
1,<environment.Job instance at 0x7fb8dfcab7d0>,1,13,[ 3 10],2,2,15,0,2
1,<environment.Job instance at 0x7fb89c69bc30>,6,16,[6 1],7,15,31,8,7
1,<environment.Job instance at 0x7fb8e0300f00>,10,16,[5 9],11,31,47,20,18
1,<environment.Job instance at 0x7fb8e45e9870>,19,16,[ 4 10],20,47,63,27,34
1,<environment.Job instance at 0x7fb89bff8a50>,23,2,[2 8],24,63,65,39,51
1,<environment.Job instance at 0x7fb89bff8af0>,24,14,[10  1],25,65,79,40,51
1,<environment.Job instance at 0x7fb89bff8cd0>,27,3,[3 8],28,79,82,51,53
1,<environment.Job instance at 0x7fb89bff8eb0>,30,15,[4 9],31,82,97,51,68
1,<environment.Job instance at 0x7fb89bff8870>,33,16,[8 2],34,97,113,63,85
1,<environment.Job instance at 0x7fb89bff8fa0>,35,3,[5 1],36,85,88,49,85
1,<environment.Job instance at 0x7fb89c023460>,37,2,[2 9],38,113,115,75,91
1,<environment.Job instance at 0x7fb89c0233c0>,38,2,[8 3],39,115,117,76,93
1,<environment.Job instance at 0x7fb89c023410>,40,15,[9 1],41,117,132,76,103
1,<environment.Job instance at 0x7fb89c0235f0>,42,13,[6 5],43,132,145,89,116
1,<environment.Job instance at 0x7fb89c0239b0>,48,18,[5 8],49,145,163,96,134
1,<environment.Job instance at 0x7fb89bff90f0>,56,2,[6 4],57,163,165,106,142
1,<environment.Job instance at 0x7fb89c023320>,39,15,[5 6],40,165,180,125,151
1,<environment.Job instance at 0x7fb8dfc26c80>,2,17,[1 9],3,3,20,0,3
1,<environment.Job instance at 0x7fb89bff95f0>,6,13,[3 7],7,20,33,13,9
1,<environment.Job instance at 0x7fb89c014500>,13,15,[4 9],14,33,48,19,20
1,<environment.Job instance at 0x7fb89c605730>,15,12,[ 3 10],16,48,60,32,31
1,<environment.Job instance at 0x7fb89c605640>,26,12,[6 4],27,60,72,33,50
1,<environment.Job instance at 0x7fb89c605960>,28,17,[1 6],29,60,77,31,54
1,<environment.Job instance at 0x7fb8e00b0320>,32,15,[2 9],33,77,92,44,68
1,<environment.Job instance at 0x7fb8e00b0e10>,37,16,[3 5],38,92,108,54,80
1,<environment.Job instance at 0x7fb89c377500>,44,17,[8 3],45,108,125,63,96
1,<environment.Job instance at 0x7fb89c605140>,16,12,[9 4],17,125,137,108,108
1,<environment.Job instance at 0x7fb89c125280>,54,1,[5 4],55,137,138,82,122
1,<environment.Job instance at 0x7fb89c125b40>,55,17,[ 2 10],56,138,155,82,126
1,<environment.Job instance at 0x7fb8e02f19b0>,1,1,[2 7],2,2,3,0,2
1,<environment.Job instance at 0x7fb8e496ba00>,17,18,[6 2],18,42,60,24,42
1,<environment.Job instance at 0x7fb8dfcd8cd0>,19,13,[7 5],20,60,73,40,47
1,<environment.Job instance at 0x7fb8e49d5870>,21,14,[9 5],22,73,87,51,62
1,<environment.Job instance at 0x7fb89bf0ffa0>,26,2,[8 3],27,87,89,60,70
1,<environment.Job instance at 0x7fb89bf0f690>,27,3,[2 8],28,89,92,61,70
1,<environment.Job instance at 0x7fb89bfad640>,28,13,[3 7],29,92,105,63,76
1,<environment.Job instance at 0x7fb89bfad140>,31,13,[9 4],32,105,118,73,89
1,<environment.Job instance at 0x7fb89c3b20a0>,37,16,[7 2],38,118,134,80,111
1,<environment.Job instance at 0x7fb89c167e60>,48,15,[7 1],49,134,149,85,133
1,<environment.Job instance at 0x7fb89c1679b0>,49,14,[3 8],50,133,147,83,133
1,<environment.Job instance at 0x7fb89c167d20>,50,12,[5 9],51,149,161,98,133
1,<environment.Job instance at 0x7fb89c1678c0>,56,12,[7 5],57,161,173,104,155
1,<environment.Job instance at 0x7fb8e437ebe0>,57,16,[8 4],58,173,189,115,160
1,<environment.Job instance at 0x7fb8dfcf5be0>,4,17,[8 5],5,5,22,0,5
1,<environment.Job instance at 0x7fb8dfcf56e0>,3,13,[8 3],4,22,35,18,6
1,<environment.Job instance at 0x7fb8e00b2eb0>,5,1,[7 1],6,35,36,29,10
1,<environment.Job instance at 0x7fb89c1c80f0>,7,1,[2 6],8,22,23,14,11
1,<environment.Job instance at 0x7fb89c5517d0>,12,1,[5 2],13,36,37,23,20
1,<environment.Job instance at 0x7fb8e02f1370>,14,17,[4 7],15,36,53,21,24
1,<environment.Job instance at 0x7fb8e45a1460>,23,3,[1 6],24,53,56,29,36
1,<environment.Job instance at 0x7fb89c4d7370>,26,1,[ 3 10],27,56,57,29,41
1,<environment.Job instance at 0x7fb8e02f1960>,16,13,[10  5],17,57,70,40,42
1,<environment.Job instance at 0x7fb89bef10f0>,33,3,[1 8],34,70,73,36,60
1,<environment.Job instance at 0x7fb8e44a3d70>,27,15,[3 9],28,93,108,65,93
1,<environment.Job instance at 0x7fb89c6ab0f0>,42,2,[6 3],43,108,110,65,95
1,<environment.Job instance at 0x7fb89c6ab910>,44,16,[9 2],45,110,126,65,99
1,<environment.Job instance at 0x7fb89c69c6e0>,47,18,[5 5],48,126,144,78,120
1,<environment.Job instance at 0x7fb89c69cc80>,55,18,[5 8],56,144,162,88,136
1,<environment.Job instance at 0x7fb8dfc3baa0>,6,12,[ 1 10],7,7,19,0,7
1,<environment.Job instance at 0x7fb8dfc3b7d0>,9,3,[4 5],10,19,22,9,11
1,<environment.Job instance at 0x7fb8dfc3bf00>,10,15,[5 1],11,19,34,8,11
1,<environment.Job instance at 0x7fb8dfc3ba50>,12,1,[10  2],13,34,35,21,14
1,<environment.Job instance at 0x7fb8dfd3f6e0>,14,1,[10  4],15,35,36,20,15
1,<environment.Job instance at 0x7fb8dfd3f460>,15,3,[5 7],16,22,25,6,16
1,<environment.Job instance at 0x7fb8dfc3b460>,13,1,[2 9],14,25,26,11,16
1,<environment.Job instance at 0x7fb89c413500>,22,2,[1 5],23,26,28,3,24
1,<environment.Job instance at 0x7fb8dfd3fdc0>,19,18,[1 9],20,36,54,16,25
1,<environment.Job instance at 0x7fb89c413190>,23,14,[4 8],24,54,68,30,39
1,<environment.Job instance at 0x7fb89c626f00>,31,14,[ 1 10],32,69,83,37,69
1,<environment.Job instance at 0x7fb89bf99a00>,37,3,[9 4],38,83,86,45,69
1,<environment.Job instance at 0x7fb89bf99410>,38,3,[6 3],39,86,89,47,81
1,<environment.Job instance at 0x7fb89bf995a0>,39,2,[10  3],40,89,91,49,83
1,<environment.Job instance at 0x7fb89bf994b0>,41,13,[9 1],42,91,104,49,84
1,<environment.Job instance at 0x7fb89bf99320>,42,3,[5 8],43,104,107,61,84
1,<environment.Job instance at 0x7fb89bf99870>,36,12,[8 3],37,107,119,70,91
1,<environment.Job instance at 0x7fb8dfef1af0>,47,3,[8 3],48,119,122,71,98
1,<environment.Job instance at 0x7fb8dfef1820>,48,1,[9 5],49,122,123,73,98
1,<environment.Job instance at 0x7fb8dfef1d20>,49,1,[7 3],50,123,124,73,98
1,<environment.Job instance at 0x7fb8dfef1f50>,50,2,[9 4],51,124,126,73,98
1,<environment.Job instance at 0x7fb8dfef16e0>,54,14,[5 9],55,126,140,71,111
1,<environment.Job instance at 0x7fb8dfef1550>,57,23,[6 1],58,140,163,82,140
1,<environment.Job instance at 0x7fb8dfcce500>,2,17,[5 1],3,6,23,3,6
1,<environment.Job instance at 0x7fb89c5a3910>,7,17,[5 5],8,8,25,0,8
1,<environment.Job instance at 0x7fb89c5a3c80>,9,14,[8 5],10,25,39,15,10
1,<environment.Job instance at 0x7fb8e02c90f0>,12,17,[1 5],13,24,41,11,24
1,<environment.Job instance at 0x7fb8e003c3c0>,15,1,[ 1 10],16,41,42,25,24
1,<environment.Job instance at 0x7fb8e02c9eb0>,16,13,[5 9],17,42,55,25,26
1,<environment.Job instance at 0x7fb8e0247320>,19,1,[10  5],20,55,56,35,34
1,<environment.Job instance at 0x7fb8e02c9d70>,13,3,[3 9],14,56,59,42,34
1,<environment.Job instance at 0x7fb8e02470a0>,24,16,[8 1],25,59,75,34,51
1,<environment.Job instance at 0x7fb8e487c640>,31,2,[6 2],32,75,77,43,61
1,<environment.Job instance at 0x7fb8e487c8c0>,33,3,[7 2],34,77,80,43,65
1,<environment.Job instance at 0x7fb89bfed730>,36,18,[1 5],37,71,89,34,71
1,<environment.Job instance at 0x7fb89bfed910>,37,3,[3 7],38,89,92,51,71
1,<environment.Job instance at 0x7fb8dfd3f050>,38,17,[7 5],39,92,109,53,83
1,<environment.Job instance at 0x7fb8e487cb90>,34,13,[5 8],35,109,122,74,94
1,<environment.Job instance at 0x7fb8e02475f0>,18,26,[4 9],19,131,157,112,131
1,<environment.Job instance at 0x7fb8e46a2fa0>,52,3,[1 7],53,157,160,104,137
1,<environment.Job instance at 0x7fb89c469d20>,55,14,[ 3 10],56,160,174,104,150
1,<environment.Job instance at 0x7fb89c469500>,57,1,[3 8],58,174,175,116,151
1,<environment.Job instance at 0x7fb8e487da50>,42,15,[2 5],43,175,190,132,161
1,<environment.Job instance at 0x7f0119bf1230>,3,3,[4 8],4,4,7,0,4
1,<environment.Job instance at 0x7f0119bf11e0>,4,14,[1 6],5,7,21,2,5
1,<environment.Job instance at 0x7f0119bf14b0>,5,2,[1 5],6,21,23,15,6
1,<environment.Job instance at 0x7f0119bf1460>,6,20,[6 1],7,7,27,0,7
1,<environment.Job instance at 0x7f0119bf1370>,7,1,[5 4],8,27,28,19,8
1,<environment.Job instance at 0x7f0119bf1550>,8,13,[5 5],9,27,40,18,11
1,<environment.Job instance at 0x7f0119bf1e60>,16,16,[3 5],17,28,44,11,18
1,<environment.Job instance at 0x7f0119bf1f00>,17,3,[4 9],18,23,26,5,21
1,<environment.Job instance at 0x7f0119bf3230>,19,14,[3 5],20,40,54,20,26
1,<environment.Job instance at 0x7f0119bf32d0>,22,1,[2 7],23,26,27,3,26
1,<environment.Job instance at 0x7f0119bf3780>,25,12,[ 5 10],26,54,66,28,40
1,<environment.Job instance at 0x7f0119bf3cd0>,31,14,[2 5],32,66,80,34,53
1,<environment.Job instance at 0x7f0119bf3e10>,33,14,[5 5],34,66,80,32,53
1,<environment.Job instance at 0x7f0119bf3f50>,35,15,[9 5],36,80,95,44,66
1,<environment.Job instance at 0x7f0119bf3aa0>,37,2,[2 6],38,95,97,57,77
1,<environment.Job instance at 0x7f0119bf61e0>,38,2,[ 1 10],39,97,99,58,79
1,<environment.Job instance at 0x7f0119bf65f0>,43,18,[5 5],44,110,128,66,110
1,<environment.Job instance at 0x7f0119bfa230>,53,17,[5 7],54,128,145,74,116
1,<environment.Job instance at 0x7f0119bfa0f0>,55,2,[ 3 10],56,145,147,89,130
1,<environment.Job instance at 0x7f0119bfa370>,57,18,[2 8],58,147,165,89,136
1,<environment.Job instance at 0x7f0119bfac80>,66,3,[7 4],67,172,175,105,172
1,<environment.Job instance at 0x7f0119bfa9b0>,68,2,[ 3 10],69,200,202,131,200
1,<environment.Job instance at 0x7f0121169e60>,8,12,[10  2],9,10,22,1,10
1,<environment.Job instance at 0x7f0121169cd0>,9,13,[9 4],10,22,35,12,10
1,<environment.Job instance at 0x7f0121000a50>,14,18,[3 7],15,35,53,20,24
1,<environment.Job instance at 0x7f0121000b40>,16,18,[9 2],17,53,71,36,42
1,<environment.Job instance at 0x7f01211699b0>,11,15,[5 9],12,71,86,59,57
1,<environment.Job instance at 0x7f0121000b90>,17,3,[10  5],18,86,89,68,60
1,<environment.Job instance at 0x7f012102b140>,34,15,[1 9],35,89,104,54,75
1,<environment.Job instance at 0x7f0121169f00>,10,14,[2 6],11,104,118,93,89
1,<environment.Job instance at 0x7f012102ba50>,38,3,[10  4],39,118,121,79,92
1,<environment.Job instance at 0x7f012102b960>,42,2,[6 2],43,104,106,61,92
1,<environment.Job instance at 0x7f012102beb0>,45,16,[7 5],46,121,137,75,113
1,<environment.Job instance at 0x7f0121176fa0>,50,2,[7 2],51,137,139,86,133
1,<environment.Job instance at 0x7f0121176aa0>,51,1,[2 6],52,137,138,85,133
1,<environment.Job instance at 0x7f012102bdc0>,43,15,[6 1],44,139,154,95,133
1,<environment.Job instance at 0x7f0121176370>,54,1,[8 4],55,154,155,99,133
1,<environment.Job instance at 0x7f0121176b40>,56,3,[ 5 10],57,155,158,98,136
1,<environment.Job instance at 0x7f00e0bdfcd0>,55,21,[4 5],56,158,179,102,158
1,<environment.Job instance at 0x7f01211766e0>,59,2,[1 8],60,179,181,119,158
1,<environment.Job instance at 0x7f0121175aa0>,62,13,[ 5 10],63,181,194,118,181
1,<environment.Job instance at 0x7f0121175730>,63,16,[ 3 10],64,194,210,130,182
1,<environment.Job instance at 0x7f0121175c30>,66,1,[9 3],67,210,211,143,187
1,<environment.Job instance at 0x7f0121175b40>,60,15,[8 3],61,211,226,150,202
1,<environment.Job instance at 0x7f0121176e60>,1,13,[5 6],2,2,15,0,2
1,<environment.Job instance at 0x7f00d5ea1870>,9,12,[4 9],10,15,27,5,10
1,<environment.Job instance at 0x7f00d5f0ef00>,11,15,[10  4],12,27,42,15,16
1,<environment.Job instance at 0x7f00d5f0e7d0>,21,15,[1 7],22,42,57,20,28
1,<environment.Job instance at 0x7f00d5f0ed70>,23,15,[5 2],24,42,57,18,30
1,<environment.Job instance at 0x7f00d5f0e190>,14,14,[8 4],15,57,71,42,42
1,<environment.Job instance at 0x7f00d5f0efa0>,15,1,[9 1],16,71,72,55,43
1,<environment.Job instance at 0x7f00d5ef6b90>,31,2,[5 5],32,72,74,40,45
1,<environment.Job instance at 0x7f00d5ef6370>,30,2,[9 5],31,74,76,43,47
1,<environment.Job instance at 0x7f00d5e81640>,35,16,[ 2 10],36,76,92,40,63
1,<environment.Job instance at 0x7f00d5e81aa0>,42,14,[2 9],43,92,106,49,77
1,<environment.Job instance at 0x7f00d5ef65a0>,32,1,[6 4],33,106,107,73,91
1,<environment.Job instance at 0x7f00d5e81230>,52,3,[10  2],53,107,110,54,91
1,<environment.Job instance at 0x7f00d5f0ee10>,13,3,[1 9],14,110,113,96,92
1,<environment.Job instance at 0x7f012102d500>,56,14,[5 5],57,113,127,56,100
1,<environment.Job instance at 0x7f00d5f99b40>,60,13,[10  5],61,127,140,66,116
1,<environment.Job instance at 0x7f00d5f99f00>,62,14,[2 7],63,140,154,77,125
1,<environment.Job instance at 0x7f00d5f99960>,59,2,[9 4],60,154,156,94,137
1,<environment.Job instance at 0x7f00d5f99e10>,61,14,[1 6],62,154,168,92,140
1,<environment.Job instance at 0x7f00d5e810f0>,51,17,[10  2],52,168,185,116,163
1,<environment.Job instance at 0x7f00d5fcafa0>,10,18,[4 5],11,11,29,0,11
1,<environment.Job instance at 0x7f00d5fcad70>,15,1,[3 8],16,29,30,13,16
1,<environment.Job instance at 0x7f00d5fca190>,11,18,[2 8],12,30,48,18,19
1,<environment.Job instance at 0x7f00d5fca280>,19,13,[6 3],20,48,61,28,32
1,<environment.Job instance at 0x7f00d634e640>,27,3,[1 6],28,48,51,20,48
1,<environment.Job instance at 0x7f00d5fca4b0>,16,14,[10  1],17,61,75,44,48
1,<environment.Job instance at 0x7f00d634ea50>,29,2,[5 8],30,75,77,45,52
1,<environment.Job instance at 0x7f00d634e910>,32,2,[9 3],33,77,79,44,52
1,<environment.Job instance at 0x7f00d634ecd0>,31,2,[9 5],32,79,81,47,52
1,<environment.Job instance at 0x7f00d5f16410>,36,16,[7 4],37,81,97,44,71
1,<environment.Job instance at 0x7f00d5f16550>,39,3,[5 1],40,97,100,57,86
1,<environment.Job instance at 0x7f00d5fcae60>,17,16,[9 2],18,100,116,82,87
1,<environment.Job instance at 0x7f00d5f16190>,40,3,[7 3],41,116,119,75,90
1,<environment.Job instance at 0x7f00d5f16640>,44,14,[5 5],45,119,133,74,104
1,<environment.Job instance at 0x7f00d5f16370>,48,18,[4 5],49,119,137,70,117
1,<environment.Job instance at 0x7f00d5f16af0>,53,2,[4 7],54,137,139,83,132
1,<environment.Job instance at 0x7f00d5e939b0>,54,12,[7 2],55,139,151,84,132
1,<environment.Job instance at 0x7f00d5e930f0>,55,2,[1 5],56,133,135,77,132
1,<environment.Job instance at 0x7f00d5e93b40>,56,3,[8 4],57,151,154,94,132
1,<environment.Job instance at 0x7f00d5e93a50>,57,13,[9 2],58,154,167,96,138
1,<environment.Job instance at 0x7f00d5e93140>,59,3,[4 7],60,167,170,107,142
1,<environment.Job instance at 0x7f00d5e931e0>,62,1,[5 5],63,170,171,107,149
1,<environment.Job instance at 0x7f00d5e93be0>,60,17,[2 6],61,171,188,110,159
1,<environment.Job instance at 0x7f00d5e932d0>,65,1,[8 1],66,171,172,105,160
1,<environment.Job instance at 0x7f00d5e93050>,61,15,[8 4],62,178,193,116,178
1,<environment.Job instance at 0x7f00d5fbf960>,4,15,[10  4],5,8,23,3,8
1,<environment.Job instance at 0x7f00d5f45550>,11,2,[1 5],12,23,25,11,12
1,<environment.Job instance at 0x7f00d5f45a00>,12,18,[8 2],13,23,41,10,13
1,<environment.Job instance at 0x7f00d5f45910>,16,1,[7 3],17,41,42,24,17
1,<environment.Job instance at 0x7f00d6352d70>,20,15,[8 2],21,42,57,21,28
1,<environment.Job instance at 0x7f00d62e0730>,23,2,[5 1],24,57,59,33,41
1,<environment.Job instance at 0x7f00d62e0280>,25,13,[6 4],26,59,72,33,43
1,<environment.Job instance at 0x7f00d62e0870>,26,2,[5 5],27,57,59,30,45
1,<environment.Job instance at 0x7f00d62ed140>,28,17,[3 6],29,59,76,30,48
1,<environment.Job instance at 0x7f00d62ed2d0>,31,14,[8 2],32,76,90,44,65
1,<environment.Job instance at 0x7f00d62e00f0>,27,13,[1 9],28,90,103,62,78
1,<environment.Job instance at 0x7f00d62edc30>,41,2,[1 7],42,78,80,36,78
1,<environment.Job instance at 0x7f00d5f45eb0>,10,18,[6 1],11,90,108,79,80
1,<environment.Job instance at 0x7f00d62eda00>,43,3,[2 5],44,80,83,36,80
1,<environment.Job instance at 0x7f00d62edeb0>,45,12,[2 6],46,103,115,57,86
1,<environment.Job instance at 0x7f00d62e9280>,48,15,[7 5],49,115,130,66,101
1,<environment.Job instance at 0x7f00d62edd70>,49,15,[ 3 10],50,130,145,80,129
1,<environment.Job instance at 0x7f00d62e9870>,57,1,[4 5],58,152,153,94,152
1,<environment.Job instance at 0x7f00d62e9910>,58,1,[2 9],59,153,154,94,152
1,<environment.Job instance at 0x7f00d62e9af0>,61,17,[10  3],62,154,171,92,153
1,<environment.Job instance at 0x7f00d62e9b90>,62,13,[1 6],63,171,184,108,155
1,<environment.Job instance at 0x7f00d62e9c30>,63,3,[3 5],64,184,187,120,158
1,<environment.Job instance at 0x7f00d62e9dc0>,66,1,[2 6],67,192,193,125,192
1,<environment.Job instance at 0x7f00d62f77d0>,3,1,[1 7],4,4,5,0,4
1,<environment.Job instance at 0x7f00d62f71e0>,4,18,[3 6],5,6,24,1,6
1,<environment.Job instance at 0x7f00d62f79b0>,6,16,[9 2],7,24,40,17,11
1,<environment.Job instance at 0x7f00d62f7e10>,8,2,[9 4],9,40,42,31,20
1,<environment.Job instance at 0x7f00d62f74b0>,9,3,[ 2 10],10,42,45,32,24
1,<environment.Job instance at 0x7f00d62f7e60>,12,12,[3 8],13,45,57,32,28
1,<environment.Job instance at 0x7f011e678c30>,15,3,[3 8],16,57,60,41,31
1,<environment.Job instance at 0x7f011e678190>,19,2,[8 2],20,60,62,40,34
1,<environment.Job instance at 0x7f01199d3730>,23,2,[5 7],24,62,64,38,36
1,<environment.Job instance at 0x7f01199d3320>,25,13,[5 5],26,64,77,38,48
1,<environment.Job instance at 0x7f01199d3e60>,33,2,[5 5],34,64,66,30,53
1,<environment.Job instance at 0x7f011e3aedc0>,34,1,[7 4],35,77,78,42,53
1,<environment.Job instance at 0x7f011e3aebe0>,37,12,[5 8],38,78,90,40,61
1,<environment.Job instance at 0x7f011e3ae550>,39,3,[5 5],40,66,69,26,61
1,<environment.Job instance at 0x7f011e3ae320>,41,3,[9 4],42,90,93,48,68
1,<environment.Job instance at 0x7f011e3aee10>,42,1,[7 4],43,93,94,50,69
1,<environment.Job instance at 0x7f011e3aee60>,43,2,[9 2],44,94,96,50,69
1,<environment.Job instance at 0x7f011e3ae5a0>,36,3,[6 3],37,96,99,59,77
1,<environment.Job instance at 0x7f011e678550>,14,15,[4 6],15,96,111,81,82
1,<environment.Job instance at 0x7f01199b5cd0>,47,15,[2 9],48,111,126,63,97
1,<environment.Job instance at 0x7f01199b51e0>,49,17,[8 1],50,112,129,62,112
1,<environment.Job instance at 0x7f011e73cfa0>,60,18,[3 5],61,129,147,68,124
1,<environment.Job instance at 0x7f00d61fb500>,61,3,[7 3],62,129,132,67,125
1,<environment.Job instance at 0x7f00d61fb280>,63,1,[1 7],64,147,148,83,134
1,<environment.Job instance at 0x7f00d61fb140>,65,13,[ 1 10],66,148,161,82,134
1,<environment.Job instance at 0x7f011e17fc30>,67,2,[6 4],68,135,137,67,135
1,<environment.Job instance at 0x7f011e73c730>,58,14,[ 2 10],59,161,175,102,149
1,<environment.Job instance at 0x7f00d64bc230>,3,13,[4 9],4,4,17,0,4
1,<environment.Job instance at 0x7f00d64bc370>,5,14,[7 4],6,17,31,11,7
1,<environment.Job instance at 0x7f011e8801e0>,6,1,[3 8],7,31,32,24,16
1,<environment.Job instance at 0x7f00d63e13c0>,10,16,[10  2],11,32,48,21,19
1,<environment.Job instance at 0x7f011e4ef3c0>,21,14,[1 5],22,48,62,26,37
1,<environment.Job instance at 0x7f00d6373f00>,28,15,[8 5],29,48,63,19,43
1,<environment.Job instance at 0x7f011e736b40>,36,18,[4 6],37,73,91,36,73
1,<environment.Job instance at 0x7f011a033aa0>,45,16,[6 3],46,97,113,51,97
1,<environment.Job instance at 0x7f00d6468730>,14,21,[7 2],15,148,169,133,148
1,<environment.Job instance at 0x7f00d5e532d0>,53,1,[3 5],54,153,154,99,153
1,<environment.Job instance at 0x7f0119ff0e10>,50,15,[7 5],51,169,184,118,155
1,<environment.Job instance at 0x7f00d64b88c0>,60,19,[6 3],61,184,203,123,177
1,<environment.Job instance at 0x7f011e376960>,68,14,[10  3],69,213,227,144,213
1,<environment.Job instance at 0x7f011a033410>,2,18,[10  4],3,4,22,1,4
1,<environment.Job instance at 0x7f011e17f960>,9,15,[9 5],10,22,37,12,12
1,<environment.Job instance at 0x7f0119d54550>,16,1,[7 2],17,37,38,20,17
1,<environment.Job instance at 0x7f0119d54460>,17,2,[2 6],18,37,39,19,18
1,<environment.Job instance at 0x7f0119d54780>,18,14,[5 9],19,39,53,20,24
1,<environment.Job instance at 0x7f00d65417d0>,22,1,[2 9],23,53,54,30,25
1,<environment.Job instance at 0x7f00d60bfeb0>,24,1,[5 8],25,54,55,29,28
1,<environment.Job instance at 0x7f00d6541050>,28,3,[5 9],29,55,58,26,44
1,<environment.Job instance at 0x7f00d5d82b40>,31,18,[8 4],32,68,86,36,68
1,<environment.Job instance at 0x7f00d5db89b0>,35,13,[10  4],36,86,99,50,86
1,<environment.Job instance at 0x7f00d5e48f00>,40,14,[6 4],41,99,113,58,90
1,<environment.Job instance at 0x7f00d5e570a0>,48,16,[8 5],49,115,131,66,115
1,<environment.Job instance at 0x7f00d5d8efa0>,51,14,[5 8],52,131,145,79,124
1,<environment.Job instance at 0x7f00d5d8ee60>,52,16,[9 2],53,145,161,92,136
1,<environment.Job instance at 0x7f00d5e5a370>,55,18,[7 5],56,161,179,105,151
1,<environment.Job instance at 0x7f00d5e5aeb0>,62,18,[5 1],63,180,198,117,180
1,<environment.Job instance at 0x7f00d62f7370>,10,1,[6 3],11,198,199,187,197
1,<environment.Job instance at 0x7f00d64bc690>,3,13,[6 5],4,199,212,195,198
1,<environment.Job instance at 0x7f00d6023460>,2,15,[1 6],3,3,18,0,3
1,<environment.Job instance at 0x7f011a0a1dc0>,5,17,[7 1],6,7,24,1,7
1,<environment.Job instance at 0x7f011a0a14b0>,9,14,[10  1],10,24,38,14,10
1,<environment.Job instance at 0x7f011e4fff50>,15,15,[7 4],16,38,53,22,24
1,<environment.Job instance at 0x7f011e4f7640>,17,14,[6 2],18,53,67,35,38
1,<environment.Job instance at 0x7f0119ea89b0>,22,18,[5 1],23,67,85,44,58
1,<environment.Job instance at 0x7f011e4ff6e0>,12,18,[5 5],13,86,104,73,86
1,<environment.Job instance at 0x7f0119ea8140>,28,1,[5 7],29,104,105,75,87
1,<environment.Job instance at 0x7f0119ea8a50>,30,3,[4 8],31,105,108,74,91
1,<environment.Job instance at 0x7f0119ea8870>,27,12,[ 4 10],28,108,120,80,92
1,<environment.Job instance at 0x7f011e334af0>,35,1,[8 2],36,120,121,84,92
1,<environment.Job instance at 0x7f011e3340a0>,39,17,[1 5],40,120,137,80,108
1,<environment.Job instance at 0x7f011e334c30>,40,3,[9 5],41,121,124,80,110
1,<environment.Job instance at 0x7f011e334a00>,41,13,[1 7],42,137,150,95,121
1,<environment.Job instance at 0x7f011e7f14b0>,46,12,[7 1],47,124,136,77,123
1,<environment.Job instance at 0x7f011e7f1460>,49,3,[5 1],50,136,139,86,125
1,<environment.Job instance at 0x7f011e7f1a50>,50,14,[6 4],51,150,164,99,135
1,<environment.Job instance at 0x7f0119ea80a0>,31,1,[10  2],32,164,165,132,136
1,<environment.Job instance at 0x7f00d5d4a2d0>,58,17,[5 5],59,165,182,106,153
1,<environment.Job instance at 0x7f00d5d4a280>,65,3,[5 5],66,165,168,99,156
1,<environment.Job instance at 0x7f00d5d4a0f0>,66,2,[3 9],67,182,184,115,156
1,<environment.Job instance at 0x7f00d5d4a5f0>,67,2,[7 2],68,184,186,116,157
1,<environment.Job instance at 0x7f00d64baa00>,1,2,[5 1],2,2,4,0,2
1,<environment.Job instance at 0x7f00d64e4460>,7,13,[9 4],8,20,33,12,20
1,<environment.Job instance at 0x7f011e1c9c80>,13,17,[8 5],14,48,65,34,48
1,<environment.Job instance at 0x7f011e1c9c30>,14,3,[6 1],15,65,68,50,48
1,<environment.Job instance at 0x7f011a021aa0>,15,16,[4 5],16,65,81,49,52
1,<environment.Job instance at 0x7f00d64e4050>,10,15,[4 5],11,68,83,57,54
1,<environment.Job instance at 0x7f011e7e6460>,20,16,[9 2],21,83,99,62,70
1,<environment.Job instance at 0x7f011e8685f0>,18,16,[ 5 10],19,99,115,80,86
1,<environment.Job instance at 0x7f011a09fb40>,27,1,[3 6],28,115,116,87,88
1,<environment.Job instance at 0x7f011a09ff50>,28,3,[8 2],29,116,119,87,90
1,<environment.Job instance at 0x7f00d5ce8f00>,30,1,[4 6],31,119,120,88,93
1,<environment.Job instance at 0x7f00d5ce8a50>,31,1,[4 6],32,120,121,88,93
1,<environment.Job instance at 0x7f00d5ce8f50>,29,3,[ 5 10],30,121,124,91,97
1,<environment.Job instance at 0x7f00d5cd8dc0>,34,2,[ 2 10],35,124,126,89,97
1,<environment.Job instance at 0x7f00d62b4af0>,35,1,[9 5],36,126,127,90,103
1,<environment.Job instance at 0x7f011e6968c0>,36,1,[2 6],37,116,117,79,105
1,<environment.Job instance at 0x7f011e6960a0>,39,15,[6 3],40,127,142,87,113
1,<environment.Job instance at 0x7f011e696190>,44,17,[9 5],45,142,159,97,134
1,<environment.Job instance at 0x7f011e696410>,48,14,[9 4],49,159,173,110,145
1,<environment.Job instance at 0x7f011e3868c0>,51,14,[4 6],52,173,187,121,158
1,<environment.Job instance at 0x7f011e3860f0>,56,1,[4 9],57,187,188,130,168
1,<environment.Job instance at 0x7f00d5cd8230>,33,16,[6 5],34,188,204,154,175
1,<environment.Job instance at 0x7f0119d22320>,58,2,[8 5],59,204,206,145,177
1,<environment.Job instance at 0x7f0119f95460>,60,3,[2 7],61,206,209,145,180
1,<environment.Job instance at 0x7f011e696f00>,38,18,[1 9],39,209,227,170,198
1,<environment.Job instance at 0x7f00d657feb0>,64,14,[7 4],65,227,241,162,212
1,<environment.Job instance at 0x7f00d657f870>,67,18,[3 6],68,227,245,159,219
1,<environment.Job instance at 0x7f00d5d19dc0>,2,3,[5 2],3,3,6,0,3
1,<environment.Job instance at 0x7f011e710e10>,5,12,[5 6],6,6,18,0,6
1,<environment.Job instance at 0x7f0119e42f00>,6,17,[5 5],7,18,35,11,8
1,<environment.Job instance at 0x7f00d5ccdcd0>,13,16,[4 9],14,35,51,21,22
1,<environment.Job instance at 0x7f011a0a17d0>,19,18,[9 5],20,51,69,31,42
1,<environment.Job instance at 0x7f011a0a1870>,21,2,[2 6],22,69,71,47,42
1,<environment.Job instance at 0x7f011a0a18c0>,24,17,[6 5],25,71,88,46,70
1,<environment.Job instance at 0x7f00d5ccdeb0>,14,1,[1 9],15,91,92,76,91
1,<environment.Job instance at 0x7f0119f5ef50>,28,1,[6 1],29,94,95,65,94
1,<environment.Job instance at 0x7f011996e1e0>,27,16,[ 5 10],28,95,111,67,94
1,<environment.Job instance at 0x7f00d61c1460>,31,14,[7 1],32,111,125,79,106
1,<environment.Job instance at 0x7f00d5ee0280>,32,16,[9 4],33,125,141,92,112
1,<environment.Job instance at 0x7f00d6473640>,37,14,[4 7],38,141,155,103,127
1,<environment.Job instance at 0x7f0119b22370>,47,18,[10  5],48,155,173,107,153
1,<environment.Job instance at 0x7f0119f0c0f0>,53,15,[7 2],54,173,188,119,160
1,<environment.Job instance at 0x7f00d6438370>,58,14,[1 7],59,173,187,114,163
1,<environment.Job instance at 0x7f00d6438a50>,62,1,[2 7],63,187,188,124,179
1,<environment.Job instance at 0x7f00d6438aa0>,63,15,[10  4],64,188,203,124,186
1,<environment.Job instance at 0x7f00d64388c0>,65,13,[1 5],66,203,216,137,187
1,<environment.Job instance at 0x7f00d5f81be0>,2,18,[9 4],3,3,21,0,3
1,<environment.Job instance at 0x7f0119e42820>,3,18,[ 4 10],4,21,39,17,10
1,<environment.Job instance at 0x7f011e71efa0>,6,12,[6 3],7,39,51,32,22
1,<environment.Job instance at 0x7f00d62e19b0>,15,16,[4 6],16,39,55,23,26
1,<environment.Job instance at 0x7f00d62e1cd0>,17,3,[8 5],18,55,58,37,29
1,<environment.Job instance at 0x7f0121086d70>,20,2,[5 6],21,58,60,37,31
1,<environment.Job instance at 0x7f00d60c24b0>,22,18,[5 1],23,58,76,35,47
1,<environment.Job instance at 0x7f01199f2780>,21,13,[2 8],22,60,73,38,59
1,<environment.Job instance at 0x7f00d60c2960>,26,18,[4 6],27,73,91,46,62
1,<environment.Job instance at 0x7f00d60c2dc0>,31,1,[10  4],32,91,92,59,63
1,<environment.Job instance at 0x7f00d60c9190>,40,13,[9 3],41,92,105,51,79
1,<environment.Job instance at 0x7f00d60c91e0>,41,16,[2 7],42,105,121,63,92
1,<environment.Job instance at 0x7f00d60c9550>,44,13,[5 4],45,121,134,76,105
1,<environment.Job instance at 0x7f00d60c9320>,46,2,[7 3],47,111,113,64,111
1,<environment.Job instance at 0x7f00d60c2b90>,34,17,[3 6],35,121,138,86,112
1,<environment.Job instance at 0x7f00d60c9870>,48,2,[2 7],49,138,140,89,119
1,<environment.Job instance at 0x7f00d60c94b0>,43,13,[6 5],44,140,153,96,125
1,<environment.Job instance at 0x7f00d60c9d20>,54,1,[8 1],55,138,139,83,126
1,<environment.Job instance at 0x7f00d60c9aa0>,50,16,[2 8],51,153,169,102,149
1,<environment.Job instance at 0x7f00d60c9640>,59,2,[9 5],60,169,171,109,149
1,<environment.Job instance at 0x7f00d60c9690>,60,1,[8 5],61,171,172,110,149
1,<environment.Job instance at 0x7f00d60d72d0>,61,18,[9 3],62,172,190,110,161
1,<environment.Job instance at 0x7f00d5f81640>,2,18,[5 8],3,3,21,0,3
1,<environment.Job instance at 0x7f011a099190>,10,16,[5 9],11,21,37,10,12
1,<environment.Job instance at 0x7f00d63035a0>,17,12,[5 4],18,37,49,19,23
1,<environment.Job instance at 0x7f00d6303460>,14,3,[8 2],15,49,52,34,33
1,<environment.Job instance at 0x7f00d6303b90>,19,16,[ 4 10],20,52,68,32,39
1,<environment.Job instance at 0x7f00d6303910>,27,3,[3 8],28,68,71,40,45
1,<environment.Job instance at 0x7f00d6303f50>,29,13,[ 2 10],30,71,84,41,55
1,<environment.Job instance at 0x7f00d63039b0>,31,15,[7 5],32,84,99,52,71
1,<environment.Job instance at 0x7f011e3772d0>,36,17,[9 3],37,99,116,62,87
1,<environment.Job instance at 0x7f011e377050>,39,15,[5 6],40,116,131,76,102
1,<environment.Job instance at 0x7f011e377f00>,43,16,[ 4 10],44,131,147,87,118
1,<environment.Job instance at 0x7f011e1a8e10>,45,13,[4 7],46,147,160,101,131
1,<environment.Job instance at 0x7f011e1a8140>,51,3,[3 7],52,160,163,108,136
1,<environment.Job instance at 0x7f011e1a8aa0>,52,2,[5 6],53,163,165,110,136
1,<environment.Job instance at 0x7f011e1a84b0>,49,1,[9 4],50,165,166,115,139
1,<environment.Job instance at 0x7f011e1a87d0>,53,3,[10  1],54,166,169,112,140
1,<environment.Job instance at 0x7f011e1a85f0>,55,2,[10  5],56,169,171,113,142
1,<environment.Job instance at 0x7f011e4ab140>,63,14,[5 5],64,171,185,107,156
1,<environment.Job instance at 0x7f00d61c7230>,67,16,[5 8],68,185,201,117,173
1,<environment.Job instance at 0x7f00d63032d0>,20,18,[5 8],21,206,224,185,206
1,<environment.Job instance at 0x7f0120d79870>,4,14,[10  4],5,5,19,0,5
1,<environment.Job instance at 0x7f00d5e57b90>,10,16,[9 2],11,20,36,9,20
1,<environment.Job instance at 0x7f00d5e57050>,15,12,[5 9],16,36,48,20,26
1,<environment.Job instance at 0x7f00d6530c30>,17,17,[8 2],18,48,65,30,43
1,<environment.Job instance at 0x7f00d6530aa0>,22,15,[2 9],23,65,80,42,51
1,<environment.Job instance at 0x7f011e8a1460>,34,17,[8 3],35,80,97,45,70
1,<environment.Job instance at 0x7f011e8a1730>,38,15,[8 3],39,97,112,58,83
1,<environment.Job instance at 0x7f011e8a1af0>,45,17,[ 2 10],46,112,129,66,100
1,<environment.Job instance at 0x7f00d5ef8640>,53,14,[5 5],54,129,143,75,114
1,<environment.Job instance at 0x7f00d5e573c0>,8,12,[10  1],9,143,155,134,127
1,<environment.Job instance at 0x7f00d650e1e0>,63,15,[4 8],64,155,170,91,141
1,<environment.Job instance at 0x7f00d650e370>,67,18,[6 2],68,155,173,87,145
1,<environment.Job instance at 0x7f00d650e5a0>,61,12,[6 3],62,173,185,111,159
1,<environment.Job instance at 0x7f00d5ccec80>,9,15,[8 5],10,10,25,0,10
1,<environment.Job instance at 0x7f0119c49dc0>,17,16,[7 2],18,27,43,9,27
1,<environment.Job instance at 0x7f011e2c8050>,26,16,[4 9],27,43,59,16,32
1,<environment.Job instance at 0x7f011e2c85a0>,28,15,[7 1],29,59,74,30,45
1,<environment.Job instance at 0x7f00d5ccee60>,13,13,[3 7],14,59,72,45,52
1,<environment.Job instance at 0x7f0119c49460>,14,15,[6 4],15,74,89,59,60
1,<environment.Job instance at 0x7f011e2c8780>,34,1,[ 3 10],35,89,90,54,61
1,<environment.Job instance at 0x7f011e2c8e60>,39,2,[3 7],40,72,74,32,65
1,<environment.Job instance at 0x7f011e2c8c30>,37,16,[8 4],38,90,106,52,78
1,<environment.Job instance at 0x7f011e2c8fa0>,41,14,[ 5 10],42,106,120,64,91
1,<environment.Job instance at 0x7f011e2c85f0>,32,2,[8 2],33,120,122,87,102
1,<environment.Job instance at 0x7f011e2ca8c0>,52,1,[5 2],53,122,123,69,103
1,<environment.Job instance at 0x7f011e2c89b0>,43,13,[8 3],44,123,136,79,108
1,<environment.Job instance at 0x7f011e2caaf0>,56,13,[10  5],57,136,149,79,120
1,<environment.Job instance at 0x7f011e2b2190>,65,14,[5 7],66,149,163,83,134
1,<environment.Job instance at 0x7f011e2b20a0>,68,15,[ 4 10],69,163,178,94,149
1,<environment.Job instance at 0x7f011e2ca9b0>,54,17,[4 7],55,178,195,123,178
1,<environment.Job instance at 0x7f011e2c8a00>,2,19,[6 2],3,3,22,0,3
1,<environment.Job instance at 0x7f011e2caf00>,3,3,[1 8],4,4,7,0,4
1,<environment.Job instance at 0x7f011e2b2c80>,10,14,[2 6],11,15,29,4,15
1,<environment.Job instance at 0x7f011e2b2eb0>,13,16,[3 8],14,29,45,15,18
1,<environment.Job instance at 0x7f011e2b2e60>,12,2,[6 3],13,22,24,9,18
1,<environment.Job instance at 0x7f00d5dc45a0>,15,3,[3 9],16,45,48,29,19
1,<environment.Job instance at 0x7f011a0967d0>,19,3,[2 9],20,48,51,28,37
1,<environment.Job instance at 0x7f011a096eb0>,20,3,[9 2],21,51,54,30,37
1,<environment.Job instance at 0x7f011a096730>,21,3,[2 9],22,54,57,32,37
1,<environment.Job instance at 0x7f011a096cd0>,24,15,[3 5],25,57,72,32,43
1,<environment.Job instance at 0x7f00d5dc4550>,14,16,[9 2],15,72,88,57,59
1,<environment.Job instance at 0x7f011e4f2af0>,26,18,[3 9],27,88,106,61,77
1,<environment.Job instance at 0x7f011e4f2a00>,30,2,[7 4],31,106,108,75,80
1,<environment.Job instance at 0x7f011e4f2870>,33,1,[5 5],34,108,109,74,84
1,<environment.Job instance at 0x7f00d61f3320>,37,18,[9 4],38,109,127,71,101
1,<environment.Job instance at 0x7f011e8c8be0>,51,14,[6 1],52,127,141,75,119
1,<environment.Job instance at 0x7f011e8c8c80>,53,14,[4 8],54,127,141,73,119
1,<environment.Job instance at 0x7f011e8c8a00>,56,14,[7 5],57,141,155,84,126
1,<environment.Job instance at 0x7f011a09ef00>,62,1,[3 9],63,155,156,92,143
1,<environment.Job instance at 0x7f011a09e190>,63,18,[5 2],64,156,174,92,146
1,<environment.Job instance at 0x7f011a09e640>,66,12,[8 3],67,174,186,107,160
1,<environment.Job instance at 0x7f011a09e550>,67,3,[9 4],68,186,189,118,160
1,<environment.Job instance at 0x7f011e404320>,7,3,[8 3],8,8,11,0,8
1,<environment.Job instance at 0x7f011e404aa0>,8,1,[9 5],9,11,12,2,9
1,<environment.Job instance at 0x7f011e404eb0>,6,12,[3 5],7,12,24,5,10
1,<environment.Job instance at 0x7f011e4049b0>,9,1,[7 3],10,12,13,2,11
1,<environment.Job instance at 0x7f011e50bbe0>,11,1,[3 8],12,24,25,12,12
1,<environment.Job instance at 0x7f011e404af0>,10,2,[9 4],11,25,27,14,14
1,<environment.Job instance at 0x7f00d5d3fb40>,13,3,[9 5],14,27,30,13,16
1,<environment.Job instance at 0x7f0119abfa00>,18,3,[9 2],19,30,33,11,20
1,<environment.Job instance at 0x7f011e1c26e0>,20,1,[10  3],21,33,34,12,26
1,<environment.Job instance at 0x7f0119be7a00>,21,14,[1 5],22,34,48,12,26
1,<environment.Job instance at 0x7f011a0a5550>,25,12,[8 3],26,34,46,8,27
1,<environment.Job instance at 0x7f011e32b460>,29,14,[8 5],30,46,60,16,46
1,<environment.Job instance at 0x7f011a0a5050>,26,18,[ 2 10],27,64,82,37,64
1,<environment.Job instance at 0x7f0119c8b640>,31,15,[7 3],32,82,97,50,74
1,<environment.Job instance at 0x7f00d60e0640>,33,3,[3 9],34,97,100,63,77
1,<environment.Job instance at 0x7f00d63d9eb0>,35,1,[ 1 10],36,100,101,64,83
1,<environment.Job instance at 0x7f0120efcfa0>,17,23,[6 1],18,101,124,83,99
1,<environment.Job instance at 0x7f011e689820>,39,1,[10  5],40,124,125,84,99
1,<environment.Job instance at 0x7f011e51d870>,42,2,[ 2 10],43,125,127,82,103
1,<environment.Job instance at 0x7f011e51dc30>,43,3,[1 6],44,105,108,61,105
1,<environment.Job instance at 0x7f011e51dfa0>,45,3,[10  3],46,127,130,81,121
1,<environment.Job instance at 0x7f0119eb84b0>,47,3,[5 6],48,130,133,82,121
1,<environment.Job instance at 0x7f0119b48aa0>,40,18,[5 4],41,130,148,89,124
1,<environment.Job instance at 0x7f011a0e5f50>,49,3,[6 1],50,148,151,98,128
1,<environment.Job instance at 0x7f011a0e5230>,51,2,[6 2],52,151,153,99,137
1,<environment.Job instance at 0x7f011a0e5190>,54,13,[5 8],55,153,166,98,141
1,<environment.Job instance at 0x7f011a0e5d20>,57,3,[3 7],58,166,169,108,161
1,<environment.Job instance at 0x7f011a0e5aa0>,59,13,[4 8],60,169,182,109,166
1,<environment.Job instance at 0x7f00d63df0a0>,64,2,[9 5],65,182,184,117,178
1,<environment.Job instance at 0x7f011e280910>,65,15,[5 4],66,184,199,118,180
1,<environment.Job instance at 0x7f011e719460>,68,2,[7 5],69,203,205,134,203
1,<environment.Job instance at 0x7f011e404820>,1,18,[4 9],2,2,20,0,2
1,<environment.Job instance at 0x7f00d64620f0>,8,12,[1 9],9,20,32,11,10
1,<environment.Job instance at 0x7f00d6462c30>,9,3,[6 1],10,10,13,0,10
1,<environment.Job instance at 0x7f00d6462c80>,11,2,[7 1],12,20,22,8,12
1,<environment.Job instance at 0x7f00d64622d0>,12,3,[6 1],13,13,16,0,13
1,<environment.Job instance at 0x7f0119bdf410>,5,14,[ 3 10],6,32,46,26,17
1,<environment.Job instance at 0x7f00d6462f50>,10,2,[2 6],11,46,48,35,44
1,<environment.Job instance at 0x7f0119bdfbe0>,6,14,[5 4],7,46,60,39,44
1,<environment.Job instance at 0x7f0119c6a190>,24,15,[5 3],25,48,63,23,47
1,<environment.Job instance at 0x7f0119c6ac80>,20,16,[4 8],21,63,79,42,51
1,<environment.Job instance at 0x7f00d6513e60>,30,13,[10  5],31,79,92,48,63
1,<environment.Job instance at 0x7f011a006690>,28,3,[5 8],29,92,95,63,75
1,<environment.Job instance at 0x7f011a01e690>,36,3,[2 5],37,95,98,58,75
1,<environment.Job instance at 0x7f011a01e320>,35,1,[8 5],36,95,96,59,76
1,<environment.Job instance at 0x7f011a016190>,38,2,[5 7],39,98,100,59,76
1,<environment.Job instance at 0x7f00d5f39230>,42,15,[1 6],43,100,115,57,88
1,<environment.Job instance at 0x7f00d62c1820>,45,12,[5 2],46,112,124,66,112
1,<environment.Job instance at 0x7f00d62ec640>,40,12,[ 5 10],41,124,136,83,114
1,<environment.Job instance at 0x7f011a021dc0>,48,2,[5 3],49,115,117,66,115
1,<environment.Job instance at 0x7f011a021460>,50,1,[3 5],51,117,118,66,117
1,<environment.Job instance at 0x7f011a021f00>,47,3,[7 5],48,136,139,88,118
1,<environment.Job instance at 0x7f011a007640>,54,14,[2 7],55,139,153,84,124
1,<environment.Job instance at 0x7f011a007140>,57,1,[ 1 10],58,153,154,95,133
1,<environment.Job instance at 0x7f011a0073c0>,58,16,[5 1],59,154,170,95,141
1,<environment.Job instance at 0x7f011a007d20>,60,17,[4 7],61,154,171,93,142
1,<environment.Job instance at 0x7f0119fe6b90>,68,3,[5 9],69,171,174,102,157
1,<environment.Job instance at 0x7f00d62e6c30>,1,2,[4 9],2,2,4,0,2
1,<environment.Job instance at 0x7f00d62e6a00>,2,16,[1 9],3,4,20,1,3
1,<environment.Job instance at 0x7f00d62e6230>,4,12,[10  3],5,20,32,15,5
1,<environment.Job instance at 0x7f011e5e6a00>,13,3,[ 2 10],14,32,35,18,15
1,<environment.Job instance at 0x7f00d62e6e10>,9,12,[4 8],10,35,47,25,18
1,<environment.Job instance at 0x7f011e5e6e10>,22,3,[3 7],23,47,50,24,24
1,<environment.Job instance at 0x7f00d64b85f0>,26,12,[5 6],27,50,62,23,34
1,<environment.Job instance at 0x7f00d64b80f0>,28,12,[6 1],29,36,48,7,36
1,<environment.Job instance at 0x7f00d64b8820>,29,2,[1 9],30,62,64,32,44
1,<environment.Job instance at 0x7f00d64b8460>,33,16,[9 5],34,64,80,30,64
1,<environment.Job instance at 0x7f011e6fe3c0>,37,14,[ 5 10],38,80,94,42,67
1,<environment.Job instance at 0x7f00d6298050>,43,14,[1 6],44,94,108,50,81
1,<environment.Job instance at 0x7f00d6298640>,47,2,[2 6],48,108,110,60,83
1,<environment.Job instance at 0x7f00d6298730>,45,22,[5 2],46,94,116,48,91
1,<environment.Job instance at 0x7f00d6298320>,48,13,[5 7],49,110,123,61,94
1,<environment.Job instance at 0x7f011e238410>,56,3,[10  1],57,123,126,66,99
1,<environment.Job instance at 0x7f011e238820>,61,18,[4 9],62,126,144,64,125
1,<environment.Job instance at 0x7f0119ee4e60>,64,3,[1 6],65,144,147,79,138
1,<environment.Job instance at 0x7f011e238460>,63,3,[6 1],64,138,141,74,138
1,<environment.Job instance at 0x7f011e82ca50>,9,15,[9 3],10,36,51,26,36
1,<environment.Job instance at 0x7f01199ddaf0>,16,15,[4 7],17,51,66,34,37
1,<environment.Job instance at 0x7f01199dd5a0>,23,2,[5 6],24,66,68,42,55
1,<environment.Job instance at 0x7f01199dd230>,24,1,[2 5],25,68,69,43,55
1,<environment.Job instance at 0x7f00d61bcc30>,25,13,[3 7],26,69,82,43,55
1,<environment.Job instance at 0x7f01199dda00>,21,3,[7 4],22,82,85,60,59
1,<environment.Job instance at 0x7f00d5e71550>,30,17,[5 9],31,85,102,54,73
1,<environment.Job instance at 0x7f011e718370>,37,18,[ 5 10],38,102,120,64,91
1,<environment.Job instance at 0x7f011e7181e0>,43,1,[5 5],44,120,121,76,96
1,<environment.Job instance at 0x7f011e718be0>,45,14,[8 4],46,121,135,75,109
1,<environment.Job instance at 0x7f0119a402d0>,48,3,[6 2],49,135,138,86,123
1,<environment.Job instance at 0x7f0119a40cd0>,50,17,[8 2],51,138,155,87,126
1,<environment.Job instance at 0x7f011e597690>,55,13,[2 7],56,140,153,84,140
1,<environment.Job instance at 0x7f00d63dc190>,59,2,[5 1],60,155,157,95,140
1,<environment.Job instance at 0x7f0119b59280>,4,17,[10  3],5,157,174,152,155
1,<environment.Job instance at 0x7f01199eb320>,63,12,[1 8],64,174,186,110,157
1,<environment.Job instance at 0x7f01199ebf00>,67,16,[3 5],68,186,202,118,173
1,<environment.Job instance at 0x7f01199ebc80>,66,15,[2 7],67,202,217,135,193
1,<environment.Job instance at 0x7f181542f410>,6,20,[6 1],7,7,27,0,7
1,<environment.Job instance at 0x7f181542f370>,5,2,[1 5],6,8,10,2,8
1,<environment.Job instance at 0x7f181542f550>,7,1,[5 4],8,27,28,19,8
1,<environment.Job instance at 0x7f181542f4b0>,8,13,[5 5],9,27,40,18,12
1,<environment.Job instance at 0x7f181542f5a0>,10,12,[3 7],11,12,24,1,12
1,<environment.Job instance at 0x7f181542fb90>,13,18,[ 4 10],14,40,58,26,29
1,<environment.Job instance at 0x7f181542ff50>,19,14,[3 5],20,58,72,38,43
1,<environment.Job instance at 0x7f18154312d0>,24,18,[2 6],25,72,90,47,61
1,<environment.Job instance at 0x7f18154314b0>,27,15,[8 4],28,72,87,44,62
1,<environment.Job instance at 0x7f181542f230>,4,14,[1 6],5,90,104,85,86
1,<environment.Job instance at 0x7f181c891b90>,3,3,[4 8],4,104,107,100,87
1,<environment.Job instance at 0x7f1815431b40>,35,15,[9 5],36,107,122,71,95
1,<environment.Job instance at 0x7f1815434550>,43,18,[5 5],44,122,140,78,111
1,<environment.Job instance at 0x7f1815434730>,47,2,[6 5],48,140,142,92,113
1,<environment.Job instance at 0x7f18154349b0>,51,3,[1 5],52,113,116,61,113
1,<environment.Job instance at 0x7f1815434a50>,52,1,[8 5],53,142,143,89,114
1,<environment.Job instance at 0x7f1815434c30>,55,2,[ 3 10],56,143,145,87,131
1,<environment.Job instance at 0x7f1815434d70>,57,18,[2 8],58,145,163,87,135
1,<environment.Job instance at 0x7f18154376e0>,63,3,[5 9],64,163,166,99,155
1,<environment.Job instance at 0x7f1815437780>,64,18,[2 9],65,166,184,101,155
1,<environment.Job instance at 0x7f1815437b90>,70,3,[10  2],71,188,191,117,188
1,<environment.Job instance at 0x7f1815437c80>,71,2,[5 1],72,191,193,119,188
1,<environment.Job instance at 0x7f1815437d20>,72,2,[5 9],73,191,193,118,188
1,<environment.Job instance at 0x7f1815437dc0>,73,13,[6 3],74,193,206,119,188
1,<environment.Job instance at 0x7f18154372d0>,76,19,[4 8],77,206,225,129,198
1,<environment.Job instance at 0x7f18154390f0>,78,12,[10  2],79,225,237,146,208
1,<environment.Job instance at 0x7f181c9aea50>,2,16,[ 4 10],3,3,19,0,3
1,<environment.Job instance at 0x7f18154390f0>,4,18,[3 7],5,19,37,14,8
1,<environment.Job instance at 0x7f181c868230>,9,14,[5 3],10,19,33,9,10
1,<environment.Job instance at 0x7f181c868870>,15,15,[5 7],16,37,52,21,23
1,<environment.Job instance at 0x7f181c868e60>,16,2,[1 8],17,52,54,35,26
1,<environment.Job instance at 0x7f181c8684b0>,7,3,[10  5],8,56,59,48,56
1,<environment.Job instance at 0x7f181c9b4780>,21,18,[ 1 10],22,59,77,37,56
1,<environment.Job instance at 0x7f181c9b46e0>,28,3,[10  4],29,77,80,48,56
1,<environment.Job instance at 0x7f181c9a7d70>,30,3,[6 5],31,80,83,49,56
1,<environment.Job instance at 0x7f181c9a7140>,32,2,[6 2],33,83,85,50,59
1,<environment.Job instance at 0x7f17db0e7500>,27,17,[9 3],28,85,102,57,83
1,<environment.Job instance at 0x7f181c9a6a00>,44,1,[8 4],45,102,103,57,94
1,<environment.Job instance at 0x7f181c86bf00>,46,3,[ 5 10],47,103,106,56,96
1,<environment.Job instance at 0x7f181c9a7b40>,33,15,[6 1],34,106,121,72,96
1,<environment.Job instance at 0x7f181c9b37d0>,53,16,[ 3 10],54,121,137,67,117
1,<environment.Job instance at 0x7f181c9b3aa0>,54,3,[5 6],55,137,140,82,117
1,<environment.Job instance at 0x7f181c9b31e0>,52,13,[ 5 10],53,140,153,87,126
1,<environment.Job instance at 0x7f181c9ba500>,62,3,[4 7],63,154,157,91,154
1,<environment.Job instance at 0x7f181c9ba370>,64,2,[2 7],65,159,161,94,159
1,<environment.Job instance at 0x7f181c9ba2d0>,69,12,[4 9],70,165,177,95,165
1,<environment.Job instance at 0x7f181c9ba140>,71,15,[10  4],72,177,192,105,165
1,<environment.Job instance at 0x7f181c9ab370>,78,14,[9 5],79,192,206,113,179
1,<environment.Job instance at 0x7f181c9ba780>,66,17,[1 7],67,206,223,139,194
1,<environment.Job instance at 0x7f18154273c0>,2,3,[3 7],3,3,6,0,3
1,<environment.Job instance at 0x7f1815427280>,3,15,[5 2],4,4,19,0,4
1,<environment.Job instance at 0x7f17d17598c0>,9,14,[3 6],10,10,24,0,10
1,<environment.Job instance at 0x7f17d1759f50>,11,2,[5 5],12,24,26,12,12
1,<environment.Job instance at 0x7f17d1759960>,13,18,[6 5],14,26,44,12,15
1,<environment.Job instance at 0x7f17d176bb90>,21,13,[8 5],22,44,57,22,28
1,<environment.Job instance at 0x7f17d176b960>,23,2,[7 3],24,57,59,33,37
1,<environment.Job instance at 0x7f17d1759140>,22,14,[2 9],23,59,73,36,46
1,<environment.Job instance at 0x7f17d17242d0>,33,2,[8 3],34,73,75,39,52
1,<environment.Job instance at 0x7f17d17247d0>,35,1,[6 2],36,75,76,39,55
1,<environment.Job instance at 0x7f17d1724820>,36,14,[5 5],37,76,90,39,61
1,<environment.Job instance at 0x7f17d1829aa0>,42,14,[2 7],43,90,104,47,75
1,<environment.Job instance at 0x7f17d1829af0>,54,16,[7 2],55,90,106,35,88
1,<environment.Job instance at 0x7f17d1829960>,56,12,[ 3 10],57,106,118,49,91
1,<environment.Job instance at 0x7f17d1724690>,32,3,[10  2],33,118,121,85,111
1,<environment.Job instance at 0x7f17d1724af0>,30,18,[10  3],31,121,139,90,111
1,<environment.Job instance at 0x7f17d17311e0>,65,1,[3 8],66,139,140,73,123
1,<environment.Job instance at 0x7f17d1731460>,66,14,[10  1],67,140,154,73,125
1,<environment.Job instance at 0x7f17d1731230>,70,13,[7 4],71,154,167,83,139
1,<environment.Job instance at 0x7f17d172c690>,77,3,[1 6],78,154,157,76,142
1,<environment.Job instance at 0x7f17d172c460>,78,18,[6 3],79,167,185,88,156
1,<environment.Job instance at 0x7f17d17207d0>,7,2,[4 5],8,8,10,0,8
1,<environment.Job instance at 0x7f17d1766820>,8,18,[4 6],9,10,28,1,9
1,<environment.Job instance at 0x7f17d180bf50>,14,14,[5 5],15,29,43,14,29
1,<environment.Job instance at 0x7f17d180baf0>,16,3,[9 1],17,43,46,26,29
1,<environment.Job instance at 0x7f17d180bcd0>,13,12,[9 1],14,46,58,32,29
1,<environment.Job instance at 0x7f17d180b780>,25,2,[1 5],26,45,47,19,45
1,<environment.Job instance at 0x7f17d180b550>,26,3,[8 4],27,58,61,31,45
1,<environment.Job instance at 0x7f17d180b8c0>,19,1,[5 4],20,61,62,41,47
1,<environment.Job instance at 0x7f17d180bd70>,28,15,[3 6],29,61,76,32,47
1,<environment.Job instance at 0x7f17d1d631e0>,29,3,[4 7],30,76,79,46,69
1,<environment.Job instance at 0x7f17d1d63c30>,34,2,[8 5],35,79,81,44,71
1,<environment.Job instance at 0x7f17d1d637d0>,35,1,[8 1],36,81,82,45,72
1,<environment.Job instance at 0x7f17d1d636e0>,38,13,[5 1],39,96,109,57,96
1,<environment.Job instance at 0x7f17d1d63d20>,43,2,[7 3],44,109,111,65,106
1,<environment.Job instance at 0x7f17d180b140>,20,25,[ 3 10],21,111,136,90,110
1,<environment.Job instance at 0x7f17d1c20320>,46,1,[2 7],47,110,111,63,110
1,<environment.Job instance at 0x7f17d1c200f0>,47,3,[6 3],48,136,139,88,114
1,<environment.Job instance at 0x7f17d1c20e10>,48,13,[8 5],49,148,161,99,148
1,<environment.Job instance at 0x7f17d1bbd690>,50,18,[6 1],51,161,179,110,150
1,<environment.Job instance at 0x7f17d1bbdbe0>,51,2,[1 5],52,165,167,113,165
1,<environment.Job instance at 0x7f17d1bbd0a0>,53,3,[9 5],54,179,182,125,166
1,<environment.Job instance at 0x7f17d1aec8c0>,56,1,[7 3],57,182,183,125,166
1,<environment.Job instance at 0x7f17d1aec320>,58,1,[2 7],59,167,168,108,166
1,<environment.Job instance at 0x7f17d1bbdcd0>,54,2,[7 4],55,183,185,128,169
1,<environment.Job instance at 0x7f17d1aec7d0>,59,16,[9 4],60,185,201,125,172
1,<environment.Job instance at 0x7f17d1aec230>,63,2,[5 1],64,201,203,137,174
1,<environment.Job instance at 0x7f17d1aece10>,65,13,[6 4],66,203,216,137,189
1,<environment.Job instance at 0x7f17d1af1960>,68,17,[3 6],69,201,218,132,190
1,<environment.Job instance at 0x7f17d1af1f00>,69,15,[ 5 10],70,218,233,148,204
1,<environment.Job instance at 0x7f17d1af1aa0>,77,1,[8 5],78,233,234,155,214
1,<environment.Job instance at 0x7f17d1d66730>,78,2,[2 6],79,234,236,155,215
1,<environment.Job instance at 0x7f17d1aec140>,61,3,[4 5],62,236,239,174,219
1,<environment.Job instance at 0x7f181c9b01e0>,5,12,[2 6],6,6,18,0,6
1,<environment.Job instance at 0x7f17d1861c80>,6,15,[2 7],7,18,33,11,7
1,<environment.Job instance at 0x7f17d1aeea50>,8,15,[7 5],9,33,48,24,27
1,<environment.Job instance at 0x7f17d1b88e10>,20,15,[7 1],21,48,63,27,34
1,<environment.Job instance at 0x7f17d1b88eb0>,21,17,[10  3],22,63,80,41,51
1,<environment.Job instance at 0x7f17d1b228c0>,30,14,[8 3],31,80,94,49,65
1,<environment.Job instance at 0x7f17d1b1b1e0>,36,16,[9 2],37,94,110,57,81
1,<environment.Job instance at 0x7f17d1b1b500>,39,3,[ 2 10],40,110,113,70,96
1,<environment.Job instance at 0x7f17d1b1b6e0>,42,12,[3 8],43,113,125,70,96
1,<environment.Job instance at 0x7f17d1b1baa0>,47,15,[5 3],48,131,146,83,131
1,<environment.Job instance at 0x7f17d1b1baf0>,49,2,[8 2],50,146,148,96,135
1,<environment.Job instance at 0x7f17d1b1bd70>,56,3,[2 8],57,146,149,89,135
1,<environment.Job instance at 0x7f17d1b28460>,58,2,[6 3],59,149,151,90,135
1,<environment.Job instance at 0x7f17d1b28410>,59,3,[7 2],60,151,154,91,135
1,<environment.Job instance at 0x7f17d1b280f0>,60,14,[7 5],61,154,168,93,139
1,<environment.Job instance at 0x7f17d1b287d0>,67,12,[5 8],68,168,180,100,152
1,<environment.Job instance at 0x7f17d1b28cd0>,70,18,[9 5],71,180,198,109,172
1,<environment.Job instance at 0x7f17d1b28780>,77,15,[2 9],78,198,213,120,184
1,<environment.Job instance at 0x7f17d1b22d70>,25,12,[ 4 10],26,213,225,187,200
1,<environment.Job instance at 0x7f17d17278c0>,1,17,[2 6],2,2,19,0,2
1,<environment.Job instance at 0x7f17d1ac3190>,9,17,[9 1],10,19,36,9,10
1,<environment.Job instance at 0x7f17d1acd1e0>,15,13,[ 1 10],16,36,49,20,20
1,<environment.Job instance at 0x7f17d1ac30a0>,16,3,[8 1],17,49,52,32,29
1,<environment.Job instance at 0x7f17d1acda50>,22,12,[5 5],23,52,64,29,35
1,<environment.Job instance at 0x7f17d1acd5f0>,23,13,[4 9],24,64,77,40,48
1,<environment.Job instance at 0x7f17d1ac3820>,11,3,[7 3],12,77,80,65,60
1,<environment.Job instance at 0x7f18152e8190>,36,3,[ 3 10],37,80,83,43,60
1,<environment.Job instance at 0x7f18152e8d20>,37,2,[10  4],38,83,85,45,61
1,<environment.Job instance at 0x7f18152e85f0>,35,12,[ 1 10],36,85,97,49,68
1,<environment.Job instance at 0x7f18152e80a0>,41,14,[1 5],42,97,111,55,84
1,<environment.Job instance at 0x7f18152e8550>,43,14,[2 7],44,111,125,67,96
1,<environment.Job instance at 0x7f1815956b90>,56,18,[4 6],57,125,143,68,114
1,<environment.Job instance at 0x7f1815956410>,60,12,[8 5],61,143,155,82,127
1,<environment.Job instance at 0x7f1815956500>,65,16,[6 3],66,155,171,89,154
1,<environment.Job instance at 0x7f18159565f0>,71,3,[ 4 10],72,171,174,99,158
1,<environment.Job instance at 0x7f1815956910>,70,15,[7 5],71,174,189,103,173
1,<environment.Job instance at 0x7f1815fe26e0>,74,17,[8 5],75,189,206,114,177
1,<environment.Job instance at 0x7f17d1638e60>,0,19,[6 3],1,1,20,0,1
1,<environment.Job instance at 0x7f17d1bbcfa0>,9,1,[10  3],10,20,21,10,10
1,<environment.Job instance at 0x7f18157d8fa0>,4,16,[10  3],5,21,37,16,11
1,<environment.Job instance at 0x7f18157d8b90>,7,13,[6 4],8,37,50,29,22
1,<environment.Job instance at 0x7f18154cb370>,16,3,[2 7],17,50,53,33,24
1,<environment.Job instance at 0x7f1815487550>,18,3,[5 8],19,53,56,34,27
1,<environment.Job instance at 0x7f17d1c06c30>,20,1,[6 3],21,50,51,29,28
1,<environment.Job instance at 0x7f18157d8960>,6,3,[9 3],7,56,59,49,31
1,<environment.Job instance at 0x7f17d1a05140>,24,12,[6 4],25,59,71,34,42
1,<environment.Job instance at 0x7f1815e53fa0>,27,2,[2 6],28,42,44,14,42
1,<environment.Job instance at 0x7f17d1766230>,30,12,[2 5],31,59,71,28,49
1,<environment.Job instance at 0x7f18151de460>,32,1,[2 9],33,71,72,38,58
1,<environment.Job instance at 0x7f17d18a6a50>,35,12,[2 9],36,72,84,36,62
1,<environment.Job instance at 0x7f1815afa820>,40,3,[1 7],41,84,87,43,77
1,<environment.Job instance at 0x7f1815afa230>,41,18,[8 4],42,87,105,45,77
1,<environment.Job instance at 0x7f1815afaaa0>,43,3,[7 3],44,84,87,40,78
1,<environment.Job instance at 0x7f18154d8be0>,19,15,[9 5],20,105,120,85,91
1,<environment.Job instance at 0x7f1815afa2d0>,48,2,[5 7],49,120,122,71,95
1,<environment.Job instance at 0x7f1815195af0>,50,14,[6 4],51,122,136,71,107
1,<environment.Job instance at 0x7f1815195c30>,49,15,[7 1],50,136,151,86,127
1,<environment.Job instance at 0x7f18155523c0>,56,2,[5 1],57,151,153,94,129
1,<environment.Job instance at 0x7f1815afa780>,47,22,[1 7],48,136,158,88,129
1,<environment.Job instance at 0x7f1815552230>,57,2,[4 5],58,133,135,75,133
1,<environment.Job instance at 0x7f17d1cb6960>,62,16,[9 2],63,153,169,90,144
1,<environment.Job instance at 0x7f18156262d0>,66,2,[2 9],67,169,171,102,151
1,<environment.Job instance at 0x7f1815626b90>,68,17,[10  3],69,171,188,102,159
1,<environment.Job instance at 0x7f1815ec2d20>,70,1,[6 3],71,188,189,117,160
1,<environment.Job instance at 0x7f1815ae7370>,72,18,[5 1],73,189,207,116,178
1,<environment.Job instance at 0x7f1815ae7870>,74,2,[2 5],75,188,190,113,178
1,<environment.Job instance at 0x7f1815ae7960>,73,2,[5 6],74,190,192,116,179
1,<environment.Job instance at 0x7f1815ae7640>,76,3,[8 2],77,207,210,130,181
1,<environment.Job instance at 0x7f1815ae7c30>,75,3,[6 5],76,210,213,134,184
1,<environment.Job instance at 0x7f1815f5d960>,78,20,[6 2],79,213,233,134,213
1,<environment.Job instance at 0x7f1815fe2460>,5,17,[7 1],6,6,23,0,6
1,<environment.Job instance at 0x7f17d1cc1550>,7,18,[1 7],8,10,28,2,10
1,<environment.Job instance at 0x7f17d1cc17d0>,12,18,[5 5],13,28,46,15,26
1,<environment.Job instance at 0x7f1815280780>,17,14,[6 2],18,46,60,28,31
1,<environment.Job instance at 0x7f18153454b0>,22,18,[5 1],23,60,78,37,51
1,<environment.Job instance at 0x7f18153455f0>,24,12,[6 5],25,78,90,53,63
1,<environment.Job instance at 0x7f1815345690>,25,2,[4 7],26,63,65,37,63
1,<environment.Job instance at 0x7f1815345960>,27,12,[ 4 10],28,90,102,62,79
1,<environment.Job instance at 0x7f1815345b90>,32,3,[9 1],33,102,105,69,81
1,<environment.Job instance at 0x7f1815345f00>,35,1,[8 2],36,105,106,69,81
1,<environment.Job instance at 0x7f17d1cc1280>,9,14,[10  1],10,106,120,96,91
1,<environment.Job instance at 0x7f1815345d70>,38,1,[6 3],39,120,121,81,92
1,<environment.Job instance at 0x7f1815345c30>,33,2,[ 4 10],34,121,123,87,97
1,<environment.Job instance at 0x7f1815345eb0>,37,2,[8 4],38,123,125,85,97
1,<environment.Job instance at 0x7f1815327410>,44,2,[4 6],45,125,127,80,104
1,<environment.Job instance at 0x7f1815327370>,45,3,[8 5],46,127,130,81,104
1,<environment.Job instance at 0x7f1815327500>,46,12,[7 1],47,130,142,83,113
1,<environment.Job instance at 0x7f1815327b40>,52,3,[6 4],53,142,145,89,125
1,<environment.Job instance at 0x7f1815345e60>,39,17,[1 5],40,128,145,88,128
1,<environment.Job instance at 0x7f1815327eb0>,57,1,[9 4],58,145,146,87,128
1,<environment.Job instance at 0x7f1815327dc0>,60,15,[9 4],61,146,161,85,132
1,<environment.Job instance at 0x7f181533a230>,62,13,[1 5],63,145,158,82,134
1,<environment.Job instance at 0x7f181533a1e0>,65,3,[5 5],66,161,164,95,144
1,<environment.Job instance at 0x7f181533a370>,67,2,[7 2],68,164,166,96,144
1,<environment.Job instance at 0x7f181533a460>,68,3,[10  4],69,166,169,97,144
1,<environment.Job instance at 0x7f181533a500>,69,1,[ 2 10],70,169,170,99,144
1,<environment.Job instance at 0x7f181533a6e0>,72,14,[6 5],73,170,184,97,155
1,<environment.Job instance at 0x7f1815327f50>,58,17,[5 5],59,184,201,125,183
1,<environment.Job instance at 0x7f181533a5a0>,3,17,[8 5],4,5,22,1,5
1,<environment.Job instance at 0x7f1815bc12d0>,9,18,[7 3],10,22,40,12,11
1,<environment.Job instance at 0x7f17d1cc1870>,12,2,[5 8],13,40,42,27,14
1,<environment.Job instance at 0x7f181581e4b0>,14,3,[6 4],15,42,45,27,19
1,<environment.Job instance at 0x7f181581edc0>,15,13,[2 6],16,22,35,6,22
1,<environment.Job instance at 0x7f1815bc1050>,13,12,[4 6],14,42,54,28,30
1,<environment.Job instance at 0x7f1815bc1e60>,8,16,[ 5 10],9,54,70,45,44
1,<environment.Job instance at 0x7f18153de550>,19,3,[ 5 10],20,70,73,50,44
1,<environment.Job instance at 0x7f17d15cb640>,20,1,[4 6],21,73,74,52,45
1,<environment.Job instance at 0x7f17d15cbe10>,21,1,[4 6],22,74,75,52,46
1,<environment.Job instance at 0x7f18153dec30>,18,3,[8 2],19,75,78,56,49
1,<environment.Job instance at 0x7f17d1a38820>,25,1,[9 5],26,78,79,52,50
1,<environment.Job instance at 0x7f17d1a38640>,26,1,[2 6],27,75,76,48,50
1,<environment.Job instance at 0x7f181c75e5a0>,29,15,[6 3],30,79,94,49,66
1,<environment.Job instance at 0x7f17d18fe780>,30,15,[3 9],31,94,109,63,80
1,<environment.Job instance at 0x7f17d1929140>,34,17,[9 5],35,109,126,74,97
1,<environment.Job instance at 0x7f17d18feb40>,31,2,[9 5],32,126,128,94,103
1,<environment.Job instance at 0x7f1815f64a00>,39,13,[3 6],40,128,141,88,113
1,<environment.Job instance at 0x7f1815239a00>,41,14,[4 6],42,141,155,99,126
1,<environment.Job instance at 0x7f18160f46e0>,44,1,[9 4],45,155,156,110,127
1,<environment.Job instance at 0x7f1815f40f00>,22,18,[5 9],23,156,174,133,147
1,<environment.Job instance at 0x7f17d18d4500>,54,14,[7 4],55,174,188,119,159
1,<environment.Job instance at 0x7f181548e5f0>,50,3,[2 7],51,188,191,137,170
1,<environment.Job instance at 0x7f17d18d4c80>,59,2,[5 6],60,191,193,131,172
1,<environment.Job instance at 0x7f1815e7ecd0>,61,3,[8 4],62,193,196,131,173
1,<environment.Job instance at 0x7f1815e7edc0>,62,3,[5 2],63,188,191,125,173
1,<environment.Job instance at 0x7f1815e7eb90>,63,3,[9 2],64,196,199,132,173
1,<environment.Job instance at 0x7f1815e7e730>,65,12,[5 6],66,199,211,133,183
1,<environment.Job instance at 0x7f1815ecc9b0>,67,13,[8 2],68,211,224,143,197
1,<environment.Job instance at 0x7f1815ecc500>,72,17,[1 6],73,211,228,138,201
1,<environment.Job instance at 0x7f1815eccf50>,66,17,[5 5],67,228,245,161,216
1,<environment.Job instance at 0x7f18153228c0>,1,2,[2 6],2,2,4,0,2
1,<environment.Job instance at 0x7f1815322460>,2,3,[9 1],3,4,7,1,3
1,<environment.Job instance at 0x7f181539d690>,13,3,[5 8],14,47,50,33,47
1,<environment.Job instance at 0x7f181539d5f0>,14,1,[6 1],15,50,51,35,47
1,<environment.Job instance at 0x7f18153c1be0>,15,3,[1 5],16,50,53,34,47
1,<environment.Job instance at 0x7f181539d2d0>,11,14,[7 1],12,51,65,39,48
1,<environment.Job instance at 0x7f17d150dd70>,17,14,[4 7],18,65,79,47,50
1,<environment.Job instance at 0x7f17d1d1b3c0>,20,16,[5 1],21,65,81,44,52
1,<environment.Job instance at 0x7f1815bc47d0>,30,15,[ 4 10],31,91,106,60,91
1,<environment.Job instance at 0x7f17d1b6b280>,33,15,[7 2],34,106,121,72,92
1,<environment.Job instance at 0x7f181575f320>,38,14,[1 7],39,106,120,67,93
1,<environment.Job instance at 0x7f18155231e0>,43,15,[10  4],44,121,136,77,110
1,<environment.Job instance at 0x7f18157ea5a0>,48,14,[8 3],49,136,150,87,124
1,<environment.Job instance at 0x7f181611deb0>,4,17,[6 5],5,150,167,145,139
1,<environment.Job instance at 0x7f18157ea0a0>,56,12,[6 3],57,167,179,110,160
1,<environment.Job instance at 0x7f18157ea2d0>,57,15,[ 5 10],58,179,194,121,165
1,<environment.Job instance at 0x7f181576d050>,61,16,[ 4 10],62,194,210,132,181
1,<environment.Job instance at 0x7f17d1835a00>,71,13,[2 8],72,211,224,139,211
1,<environment.Job instance at 0x7f1815b11a50>,75,17,[7 4],76,226,243,150,226
1,<environment.Job instance at 0x7f1815480550>,3,17,[10  5],4,5,22,1,5
1,<environment.Job instance at 0x7f181580d460>,7,16,[1 5],8,22,38,14,10
1,<environment.Job instance at 0x7f17d1bc58c0>,14,13,[5 4],15,24,37,9,24
1,<environment.Job instance at 0x7f17d1bc5140>,15,15,[9 1],16,37,52,21,24
1,<environment.Job instance at 0x7f17d1dba5f0>,22,17,[1 7],23,38,55,15,29
1,<environment.Job instance at 0x7f1815a37dc0>,23,17,[6 4],24,55,72,31,43
1,<environment.Job instance at 0x7f1815a44460>,28,14,[5 4],29,72,86,43,57
1,<environment.Job instance at 0x7f17d1bc5c80>,12,15,[3 8],13,86,101,73,72
1,<environment.Job instance at 0x7f1815a44960>,35,3,[1 6],36,72,75,36,72
1,<environment.Job instance at 0x7f1815a44be0>,39,16,[ 3 10],40,101,117,61,88
1,<environment.Job instance at 0x7f1815a44dc0>,42,18,[5 8],43,117,135,74,106
1,<environment.Job instance at 0x7f1815a67320>,46,16,[6 1],47,135,151,88,122
1,<environment.Job instance at 0x7f1815a44f00>,43,13,[1 7],44,135,148,91,126
1,<environment.Job instance at 0x7f1815a676e0>,51,15,[9 5],52,151,166,99,137
1,<environment.Job instance at 0x7f1815a671e0>,52,14,[9 1],53,166,180,113,156
1,<environment.Job instance at 0x7f1815a4b0f0>,66,1,[9 4],67,180,181,113,158
1,<environment.Job instance at 0x7f1815a4b190>,67,3,[3 8],68,181,184,113,162
1,<environment.Job instance at 0x7f1815a4b320>,69,13,[ 2 10],70,184,197,114,168
1,<environment.Job instance at 0x7f1815a4b690>,73,16,[8 2],74,197,213,123,184
1,<environment.Job instance at 0x7f1815a4b640>,75,3,[5 1],76,213,216,137,187
1,<environment.Job instance at 0x7f1815a4b5a0>,77,2,[2 9],78,213,215,135,191
1,<environment.Job instance at 0x7f1815a4b910>,78,2,[8 3],79,216,218,137,191
1,<environment.Job instance at 0x7f1815a67460>,47,1,[8 3],48,218,219,170,191
1,<environment.Job instance at 0x7f1815e65d70>,2,13,[6 5],3,3,16,0,3
1,<environment.Job instance at 0x7f1815e65c80>,3,16,[ 4 10],4,16,32,12,4
1,<environment.Job instance at 0x7f1815e657d0>,9,1,[9 4],10,32,33,22,14
1,<environment.Job instance at 0x7f1815560690>,12,2,[5 6],13,33,35,20,14
1,<environment.Job instance at 0x7f1815560fa0>,13,3,[10  1],14,35,38,21,16
1,<environment.Job instance at 0x7f17d15cadc0>,21,18,[3 7],22,38,56,16,27
1,<environment.Job instance at 0x7f17d15cacd0>,26,13,[3 7],27,56,69,29,40
1,<environment.Job instance at 0x7f1815560730>,14,15,[7 5],15,69,84,54,55
1,<environment.Job instance at 0x7f1815559fa0>,34,14,[10  4],35,84,98,49,70
1,<environment.Job instance at 0x7f18155591e0>,32,3,[10  5],33,98,101,65,83
1,<environment.Job instance at 0x7f1815560c80>,17,15,[ 1 10],18,101,116,83,90
1,<environment.Job instance at 0x7f18152964b0>,44,1,[10  4],45,116,117,71,92
1,<environment.Job instance at 0x7f1815559b40>,43,2,[8 4],44,117,119,73,92
1,<environment.Job instance at 0x7f1815296a00>,47,17,[8 2],48,119,136,71,107
1,<environment.Job instance at 0x7f18152969b0>,45,12,[5 9],46,136,148,90,119
1,<environment.Job instance at 0x7f18158a95a0>,62,2,[2 7],63,132,134,69,132
1,<environment.Job instance at 0x7f1815296d20>,46,12,[6 4],47,148,160,101,132
1,<environment.Job instance at 0x7f18158a9fa0>,65,2,[3 7],66,160,162,94,134
1,<environment.Job instance at 0x7f1815296cd0>,54,2,[1 6],55,148,150,93,136
1,<environment.Job instance at 0x7f18158a9460>,67,17,[7 4],68,162,179,94,150
1,<environment.Job instance at 0x7f17d19f2410>,73,3,[1 6],74,165,168,91,165
1,<environment.Job instance at 0x7f17d19f2b90>,75,17,[ 2 10],76,179,196,103,167
1,<environment.Job instance at 0x7f17d19f2d70>,68,15,[8 3],69,196,211,127,189
1,<environment.Job instance at 0x7f181c83f230>,1,1,[2 7],2,3,4,1,3
1,<environment.Job instance at 0x7f17d18efa50>,4,12,[7 4],5,5,17,0,5
1,<environment.Job instance at 0x7f1815dfae60>,5,2,[10  5],6,17,19,11,6
1,<environment.Job instance at 0x7f18153ce640>,12,16,[10  2],13,21,37,8,21
1,<environment.Job instance at 0x7f18153ce0f0>,14,12,[1 8],15,37,49,22,21
1,<environment.Job instance at 0x7f18153ceb90>,21,14,[9 5],22,49,63,27,49
1,<environment.Job instance at 0x7f18153396e0>,29,15,[8 5],30,63,78,33,57
1,<environment.Job instance at 0x7f1815339a50>,31,13,[9 4],32,78,91,46,62
1,<environment.Job instance at 0x7f1815b1f3c0>,42,14,[9 3],43,91,105,48,81
1,<environment.Job instance at 0x7f1815220eb0>,48,15,[7 1],49,105,120,56,91
1,<environment.Job instance at 0x7f1815220aa0>,49,14,[3 8],50,105,119,55,91
1,<environment.Job instance at 0x7f18152202d0>,55,17,[10  3],56,120,137,64,109
1,<environment.Job instance at 0x7f18153cecd0>,13,15,[4 8],14,151,166,137,151
1,<environment.Job instance at 0x7f18153ba5f0>,63,13,[8 3],64,166,179,102,153
1,<environment.Job instance at 0x7f18153ba0f0>,61,14,[ 5 10],62,179,193,117,168
1,<environment.Job instance at 0x7f17d1d1bf00>,73,17,[6 4],74,193,210,119,185
1,<environment.Job instance at 0x7f17d1d1b370>,77,14,[2 6],78,198,212,120,198
1,<environment.Job instance at 0x7f17d1d1bc30>,78,12,[5 1],79,210,222,131,199
1,<environment.Job instance at 0x7f1815a500f0>,4,15,[8 1],5,5,20,0,5
1,<environment.Job instance at 0x7f17d1ce2410>,7,15,[3 9],8,20,35,12,10
1,<environment.Job instance at 0x7f18154cbdc0>,11,1,[4 7],12,35,36,23,25
1,<environment.Job instance at 0x7f17d161bcd0>,14,1,[1 7],15,36,37,21,34
1,<environment.Job instance at 0x7f17d15ff370>,20,14,[2 6],21,37,51,16,34
1,<environment.Job instance at 0x7f17d161ba50>,12,19,[6 2],13,39,58,26,39
1,<environment.Job instance at 0x7f17d161b0a0>,19,13,[7 2],20,58,71,38,42
1,<environment.Job instance at 0x7f1815f6ba50>,25,3,[3 9],26,71,74,45,45
1,<environment.Job instance at 0x7f1815f6b320>,26,18,[3 6],27,51,69,24,45
1,<environment.Job instance at 0x7f1815f4d960>,32,3,[10  3],33,74,77,41,64
1,<environment.Job instance at 0x7f1815f6b870>,23,16,[3 8],24,77,93,53,64
1,<environment.Job instance at 0x7f17d183efa0>,41,16,[6 5],42,93,109,51,87
1,<environment.Job instance at 0x7f1815f4d780>,36,18,[3 9],37,109,127,72,100
1,<environment.Job instance at 0x7f1815322c30>,45,16,[6 5],46,127,143,81,122
1,<environment.Job instance at 0x7f17d18455a0>,46,12,[ 1 10],47,143,155,96,126
1,<environment.Job instance at 0x7f18151c9500>,57,3,[4 5],58,128,131,70,128
1,<environment.Job instance at 0x7f17d1766e60>,62,2,[1 5],63,155,157,92,146
1,<environment.Job instance at 0x7f17d15ff0f0>,18,18,[ 4 10],19,157,175,138,146
1,<environment.Job instance at 0x7f181555a910>,66,14,[7 5],67,175,189,108,160
1,<environment.Job instance at 0x7f18151c0eb0>,64,17,[3 7],65,189,206,124,177
1,<environment.Job instance at 0x7f17d1c0a0f0>,76,12,[8 3],77,206,218,129,189
1,<environment.Job instance at 0x7f17d1cfdd70>,78,3,[6 3],79,189,192,110,189
1,<environment.Job instance at 0x7f17d18effa0>,1,13,[9 1],2,6,19,4,6
1,<environment.Job instance at 0x7f17d15d4690>,10,2,[9 4],11,19,21,8,15
1,<environment.Job instance at 0x7f17d15d80f0>,13,3,[9 5],14,21,24,7,15
1,<environment.Job instance at 0x7f17d1d3abe0>,14,14,[5 9],15,24,38,9,15
1,<environment.Job instance at 0x7f17d15abb90>,19,2,[4 5],20,38,40,18,20
1,<environment.Job instance at 0x7f17d19e06e0>,20,1,[10  3],21,40,41,19,22
1,<environment.Job instance at 0x7f17d1437870>,24,2,[9 2],25,41,43,16,26
1,<environment.Job instance at 0x7f18157296e0>,25,12,[8 3],26,43,55,17,26
1,<environment.Job instance at 0x7f17d17dceb0>,28,14,[9 5],29,55,69,26,41
1,<environment.Job instance at 0x7f1815b98d20>,27,17,[5 5],28,69,86,41,57
1,<environment.Job instance at 0x7f17d1a44d20>,33,3,[3 9],34,86,89,52,82
1,<environment.Job instance at 0x7f17d1a440f0>,35,1,[ 1 10],36,89,90,53,82
1,<environment.Job instance at 0x7f17d1a44a00>,36,13,[5 9],37,90,103,53,82
1,<environment.Job instance at 0x7f181c9b0eb0>,43,3,[1 6],44,111,114,67,111
1,<environment.Job instance at 0x7f181606a4b0>,44,16,[8 1],45,111,127,66,111
1,<environment.Job instance at 0x7f181606a3c0>,45,3,[10  3],46,127,130,81,111
1,<environment.Job instance at 0x7f181606aaf0>,51,2,[6 2],52,138,140,86,138
1,<environment.Job instance at 0x7f181606a5a0>,48,19,[2 7],49,142,161,93,142
1,<environment.Job instance at 0x7f17d1815050>,60,17,[10  1],61,172,189,111,172
1,<environment.Job instance at 0x7f17d18150a0>,61,16,[2 5],62,189,205,127,181
1,<environment.Job instance at 0x7f17d1b9deb0>,56,18,[1 5],57,189,207,132,181
1,<environment.Job instance at 0x7f1815a760f0>,68,2,[7 5],69,205,207,136,185
1,<environment.Job instance at 0x7f1815a76410>,71,18,[4 9],72,207,225,135,197
1,<environment.Job instance at 0x7f1815a76f00>,70,18,[4 5],71,225,243,154,214
1,<environment.Job instance at 0x7f1815a7fc80>,76,14,[5 4],77,225,239,148,214
1,<environment.Job instance at 0x7f1815a7f280>,77,1,[3 8],78,243,244,165,224
1,<environment.Job instance at 0x7f1815439370>,6,1,[6 4],7,7,8,0,7
1,<environment.Job instance at 0x7f1815439eb0>,7,2,[3 8],8,8,10,0,8
1,<environment.Job instance at 0x7f18156eebe0>,10,16,[4 8],11,11,27,0,11
1,<environment.Job instance at 0x7f17d18d86e0>,11,3,[1 8],12,27,30,15,13
1,<environment.Job instance at 0x7f1815a7f280>,2,3,[6 1],3,15,18,12,15
1,<environment.Job instance at 0x7f17d18d8dc0>,13,17,[ 4 10],14,30,47,16,18
1,<environment.Job instance at 0x7f17d14078c0>,21,12,[8 2],22,47,59,25,31
1,<environment.Job instance at 0x7f17d1407730>,23,1,[8 4],24,59,60,35,40
1,<environment.Job instance at 0x7f17d1407be0>,25,1,[8 5],26,60,61,34,40
1,<environment.Job instance at 0x7f17d1407820>,26,3,[2 5],27,47,50,20,40
1,<environment.Job instance at 0x7f17d14070a0>,28,2,[5 7],29,61,63,32,43
1,<environment.Job instance at 0x7f17d18d83c0>,14,15,[5 3],15,61,76,46,53
1,<environment.Job instance at 0x7f17d1407aa0>,32,15,[1 6],33,63,78,30,55
1,<environment.Job instance at 0x7f1815425e60>,34,13,[1 9],35,78,91,43,65
1,<environment.Job instance at 0x7f1815425a00>,42,13,[1 9],43,102,115,59,102
1,<environment.Job instance at 0x7f1815425cd0>,44,14,[2 7],45,115,129,70,102
1,<environment.Job instance at 0x7f18154253c0>,47,1,[ 1 10],48,129,130,81,103
1,<environment.Job instance at 0x7f18154258c0>,48,16,[5 1],49,103,119,54,103
1,<environment.Job instance at 0x7f1815425d20>,51,14,[3 5],52,130,144,78,115
1,<environment.Job instance at 0x7f1815422fa0>,53,12,[4 5],54,130,142,76,115
1,<environment.Job instance at 0x7f1815422870>,60,18,[3 6],61,144,162,83,133
1,<environment.Job instance at 0x7f1815422dc0>,63,13,[6 4],64,142,155,78,137
1,<environment.Job instance at 0x7f1815422230>,66,16,[2 7],67,162,178,95,149
1,<environment.Job instance at 0x7f18154224b0>,67,13,[7 1],68,155,168,87,150
1,<environment.Job instance at 0x7f17d1d92230>,74,17,[10  5],75,178,195,103,166
1,<environment.Job instance at 0x7f1815422c80>,68,1,[8 3],69,175,176,106,175
1,<environment.Job instance at 0x7f17d1407cd0>,24,15,[4 7],25,195,210,170,195
1,<environment.Job instance at 0x7f1815422280>,70,14,[1 9],71,218,232,147,218
1,<environment.Job instance at 0x7f1815f286e0>,3,3,[5 4],4,4,7,0,4
1,<environment.Job instance at 0x7f1815f28f00>,5,17,[ 5 10],6,7,24,1,6
1,<environment.Job instance at 0x7f18157dde60>,8,12,[6 1],9,24,36,15,12
1,<environment.Job instance at 0x7f17d1732a50>,17,14,[ 5 10],18,36,50,18,21
1,<environment.Job instance at 0x7f17d1732a00>,19,16,[6 2],20,50,66,30,37
1,<environment.Job instance at 0x7f1815733e10>,24,16,[7 3],25,66,82,41,53
1,<environment.Job instance at 0x7f1815a1c5f0>,11,2,[10  4],12,82,84,70,65
1,<environment.Job instance at 0x7f17d1c00eb0>,32,14,[6 1],33,84,98,51,69
1,<environment.Job instance at 0x7f181575af00>,35,18,[10  4],36,98,116,62,90
1,<environment.Job instance at 0x7f181575a780>,37,15,[7 2],38,116,131,78,104
1,<environment.Job instance at 0x7f181575ab40>,40,2,[1 9],41,131,133,90,106
1,<environment.Job instance at 0x7f1815756140>,43,3,[6 1],44,131,134,87,106
1,<environment.Job instance at 0x7f1815756190>,44,3,[1 6],45,116,119,71,108
1,<environment.Job instance at 0x7f18157624b0>,46,1,[7 1],47,134,135,87,108
1,<environment.Job instance at 0x7f181573d5a0>,49,15,[6 5],50,135,150,85,121
1,<environment.Job instance at 0x7f181572ed20>,52,15,[ 2 10],53,150,165,97,144
1,<environment.Job instance at 0x7f1815bdd960>,54,17,[10  3],55,165,182,110,153
1,<environment.Job instance at 0x7f18159f49b0>,59,15,[9 3],60,182,197,122,168
1,<environment.Job instance at 0x7f1815a173c0>,66,15,[4 7],67,197,212,130,183
1,<environment.Job instance at 0x7f1815a09e60>,70,3,[5 7],71,212,215,141,195
1,<environment.Job instance at 0x7f17d191a4b0>,75,13,[3 7],76,215,228,139,199
1,<environment.Job instance at 0x7f181575a6e0>,3,2,[ 3 10],4,4,6,0,4
1,<environment.Job instance at 0x7f1815bdd7d0>,1,17,[9 4],2,6,23,4,5
1,<environment.Job instance at 0x7f1815431a00>,5,14,[6 1],6,23,37,17,8
1,<environment.Job instance at 0x7f1815425c30>,8,15,[1 8],9,23,38,14,9
1,<environment.Job instance at 0x7f1815425640>,13,1,[5 5],14,38,39,24,17
1,<environment.Job instance at 0x7f1815ed6c30>,15,14,[8 4],16,39,53,23,25
1,<environment.Job instance at 0x7f1815ed6730>,14,18,[ 2 10],15,53,71,38,42
1,<environment.Job instance at 0x7f17d1850280>,25,13,[2 7],26,71,84,45,55
1,<environment.Job instance at 0x7f17d1766640>,29,2,[5 1],30,71,73,41,55
1,<environment.Job instance at 0x7f1815425370>,11,2,[6 2],12,73,75,61,55
1,<environment.Job instance at 0x7f1815b113c0>,17,18,[5 9],18,87,105,69,87
1,<environment.Job instance at 0x7f181585fe60>,38,17,[2 7],39,105,122,66,93
1,<environment.Job instance at 0x7f1815563140>,41,2,[1 8],42,122,124,80,106
1,<environment.Job instance at 0x7f17d180faa0>,43,14,[4 8],44,124,138,80,111
1,<environment.Job instance at 0x7f18153725f0>,53,2,[8 3],54,138,140,84,137
1,<environment.Job instance at 0x7f1815d490a0>,39,16,[8 5],40,140,156,100,138
1,<environment.Job instance at 0x7f1815864eb0>,54,13,[9 1],55,156,169,101,140
1,<environment.Job instance at 0x7f17d1486f00>,60,14,[ 3 10],61,169,183,108,156
1,<environment.Job instance at 0x7f17d1486dc0>,63,14,[9 2],64,183,197,119,173
1,<environment.Job instance at 0x7f17d18dca50>,68,2,[2 9],69,197,199,128,173
1,<environment.Job instance at 0x7f17d18dca00>,70,15,[1 6],71,199,214,128,185
1,<environment.Job instance at 0x7f17d1939f50>,76,13,[4 5],77,214,227,137,201
1,<environment.Job instance at 0x7f17d1ce7eb0>,11,12,[4 5],12,12,24,0,12
1,<environment.Job instance at 0x7f17d1ce7a00>,12,18,[ 5 10],13,24,42,11,14
1,<environment.Job instance at 0x7f18156ffe60>,18,3,[2 8],19,42,45,23,19
1,<environment.Job instance at 0x7f1815854eb0>,24,12,[3 9],25,45,57,20,28
1,<environment.Job instance at 0x7f1815854320>,25,15,[5 1],26,42,57,16,29
1,<environment.Job instance at 0x7f18155d3c30>,28,3,[2 5],29,57,60,28,42
1,<environment.Job instance at 0x7f18156ff960>,17,12,[6 2],18,57,69,39,42
1,<environment.Job instance at 0x7f18155d30f0>,31,3,[2 9],32,69,72,37,43
1,<environment.Job instance at 0x7f18158540f0>,29,1,[5 1],30,69,70,39,43
1,<environment.Job instance at 0x7f1815898c30>,39,1,[6 3],40,72,73,32,47
1,<environment.Job instance at 0x7f18157f70f0>,33,15,[8 4],34,73,88,39,59
1,<environment.Job instance at 0x7f1816151820>,47,13,[7 4],48,88,101,40,72
1,<environment.Job instance at 0x7f1816151e10>,50,13,[10  1],51,101,114,50,96
1,<environment.Job instance at 0x7f17d1da10f0>,54,1,[6 5],55,114,115,59,106
1,<environment.Job instance at 0x7f18157f7aa0>,36,20,[4 9],37,115,135,78,107
1,<environment.Job instance at 0x7f17d1da1c80>,56,19,[9 4],57,135,154,78,125
1,<environment.Job instance at 0x7f17d1da1910>,61,14,[2 7],62,154,168,92,139
1,<environment.Job instance at 0x7f17d1da1780>,62,3,[5 1],63,154,157,91,142
1,<environment.Job instance at 0x7f17d1da1550>,64,1,[7 2],65,157,158,92,144
1,<environment.Job instance at 0x7f17d1dabaa0>,67,1,[6 4],68,168,169,100,146
1,<environment.Job instance at 0x7f181521c7d0>,70,3,[ 4 10],71,170,173,99,170
1,<environment.Job instance at 0x7f181521cd20>,71,3,[6 5],72,173,176,101,170
1,<environment.Job instance at 0x7f181521c780>,72,15,[ 3 10],73,176,191,103,170
1,<environment.Job instance at 0x7f181521cfa0>,76,3,[4 5],77,191,194,114,176
1,<environment.Job instance at 0x7f181521c3c0>,75,14,[2 9],76,194,208,118,179
1,<environment.Job instance at 0x7f1816151140>,45,17,[4 9],46,208,225,162,201
1,<environment.Job instance at 0x7f1815b8a9b0>,4,13,[10  5],5,5,18,0,5
1,<environment.Job instance at 0x7f1815b8a2d0>,7,17,[1 7],8,18,35,10,8
1,<environment.Job instance at 0x7f181c7376e0>,12,17,[8 1],13,18,35,5,13
1,<environment.Job instance at 0x7f17d18e10f0>,18,14,[1 6],19,35,49,16,27
1,<environment.Job instance at 0x7f17d1d36fa0>,17,3,[4 9],18,49,52,31,28
1,<environment.Job instance at 0x7f17d18e19b0>,19,3,[3 5],20,52,55,32,28
1,<environment.Job instance at 0x7f17d14cc960>,23,18,[1 8],24,55,73,31,44
1,<environment.Job instance at 0x7f17d1587af0>,24,13,[2 8],25,73,86,48,57
1,<environment.Job instance at 0x7f181539be60>,41,12,[7 4],42,86,98,44,76
1,<environment.Job instance at 0x7f181539b820>,42,18,[7 3],43,98,116,55,87
1,<environment.Job instance at 0x7f181539b230>,46,12,[4 6],47,116,128,69,100
1,<environment.Job instance at 0x7f18153a7f00>,51,12,[7 5],52,128,140,76,111
1,<environment.Job instance at 0x7f18153a70a0>,54,17,[5 6],55,140,157,85,128
1,<environment.Job instance at 0x7f17d18bddc0>,62,17,[3 8],63,157,174,94,145
1,<environment.Job instance at 0x7f18153b6a50>,69,15,[8 4],70,174,189,104,160
1,<environment.Job instance at 0x7f181523e280>,72,16,[6 3],73,189,205,116,176
1,<environment.Job instance at 0x7f17d167a640>,78,3,[2 6],79,179,182,100,179
1,<environment.Job instance at 0x7eff972d1370>,5,2,[1 5],6,6,8,0,6
1,<environment.Job instance at 0x7eff972d14b0>,6,20,[6 1],7,7,27,0,7
1,<environment.Job instance at 0x7eff972d1410>,7,1,[5 4],8,27,28,19,8
1,<environment.Job instance at 0x7eff972d1730>,8,13,[5 5],9,27,40,18,11
1,<environment.Job instance at 0x7eff972d19b0>,11,15,[4 8],12,12,27,0,12
1,<environment.Job instance at 0x7eff972d1c80>,14,13,[7 3],15,40,53,25,29
1,<environment.Job instance at 0x7eff972d1d20>,15,18,[2 8],16,53,71,37,42
1,<environment.Job instance at 0x7eff972d2320>,24,18,[2 6],25,71,89,46,60
1,<environment.Job instance at 0x7eff972d23c0>,25,12,[ 5 10],26,89,101,63,72
1,<environment.Job instance at 0x7eff972d2500>,27,15,[8 4],28,72,87,44,72
1,<environment.Job instance at 0x7eff972d2960>,32,3,[5 1],33,101,104,68,77
1,<environment.Job instance at 0x7eff972d28c0>,31,14,[2 5],32,101,115,69,86
1,<environment.Job instance at 0x7eff972d2820>,30,14,[5 2],31,104,118,73,89
1,<environment.Job instance at 0x7eff972d2c80>,37,2,[2 6],38,115,117,77,90
1,<environment.Job instance at 0x7eff972d2dc0>,39,2,[5 6],40,117,119,77,96
1,<environment.Job instance at 0x7eff972d2b40>,35,15,[9 5],36,119,134,83,105
1,<environment.Job instance at 0x7eff972d77d0>,48,15,[10  1],49,134,149,85,120
1,<environment.Job instance at 0x7eff972d7730>,47,2,[6 5],48,149,151,101,124
1,<environment.Job instance at 0x7eff972d7a50>,52,1,[8 5],53,151,152,98,126
1,<environment.Job instance at 0x7eff972d7c30>,55,2,[ 3 10],56,152,154,96,147
1,<environment.Job instance at 0x7eff972d7d70>,57,18,[2 8],58,154,172,96,147
1,<environment.Job instance at 0x7eff972d91e0>,61,2,[4 5],62,172,174,110,152
1,<environment.Job instance at 0x7eff972d7cd0>,56,17,[8 5],57,174,191,117,163
1,<environment.Job instance at 0x7eff972d9370>,66,3,[7 4],67,191,194,124,173
1,<environment.Job instance at 0x7eff972d94b0>,68,2,[ 3 10],69,194,196,125,190
1,<environment.Job instance at 0x7eff972d97d0>,70,3,[10  2],71,196,199,125,190
1,<environment.Job instance at 0x7eff972d9690>,71,2,[5 1],72,199,201,127,190
1,<environment.Job instance at 0x7eff972d9af0>,72,2,[5 9],73,199,201,126,191
1,<environment.Job instance at 0x7eff972d9a00>,73,13,[6 3],74,201,214,127,191
1,<environment.Job instance at 0x7eff972d9f50>,77,13,[8 5],78,220,233,142,220
1,<environment.Job instance at 0x7eff972da280>,78,12,[10  2],79,233,245,154,220
1,<environment.Job instance at 0x7eff9e858230>,3,2,[6 1],4,4,6,0,4
1,<environment.Job instance at 0x7eff9e856640>,13,16,[1 6],14,14,30,0,14
1,<environment.Job instance at 0x7eff9e856230>,14,15,[1 9],15,30,45,15,19
1,<environment.Job instance at 0x7eff9e70d230>,20,3,[6 5],21,45,48,24,33
1,<environment.Job instance at 0x7eff9e70de10>,22,2,[6 2],23,55,57,32,55
1,<environment.Job instance at 0x7eff9e70df00>,23,15,[6 1],24,57,72,33,56
1,<environment.Job instance at 0x7eff9e849960>,24,14,[2 5],25,56,70,31,56
1,<environment.Job instance at 0x7eff9e8490f0>,25,16,[7 5],26,72,88,46,59
1,<environment.Job instance at 0x7eff9e849730>,28,1,[3 6],29,70,71,41,60
1,<environment.Job instance at 0x7eff9e856fa0>,11,18,[ 1 10],12,88,106,76,82
1,<environment.Job instance at 0x7eff9e84e460>,35,21,[4 5],36,106,127,70,98
1,<environment.Job instance at 0x7eff9e855b40>,43,16,[ 3 10],44,127,143,83,116
1,<environment.Job instance at 0x7eff9e8526e0>,61,15,[10  4],62,168,183,106,168
1,<environment.Job instance at 0x7eff9e85c320>,68,14,[9 5],69,196,210,127,196
1,<environment.Job instance at 0x7eff972b0550>,71,15,[1 7],72,210,225,138,198
1,<environment.Job instance at 0x7eff9e85b8c0>,83,18,[6 5],84,225,243,141,220
1,<environment.Job instance at 0x7eff972daa50>,2,14,[2 9],3,3,17,0,3
1,<environment.Job instance at 0x7eff536cf910>,10,18,[10  3],11,17,35,6,12
1,<environment.Job instance at 0x7eff536cf0a0>,14,12,[3 8],15,35,47,20,18
1,<environment.Job instance at 0x7eff536cfb40>,19,2,[9 4],20,47,49,27,22
1,<environment.Job instance at 0x7eff53682280>,22,14,[2 7],23,49,63,26,34
1,<environment.Job instance at 0x7eff53682aa0>,23,14,[7 5],24,63,77,39,48
1,<environment.Job instance at 0x7eff53682410>,36,12,[ 3 10],37,77,89,40,60
1,<environment.Job instance at 0x7eff536ca370>,48,15,[7 5],49,89,104,40,75
1,<environment.Job instance at 0x7eff536cafa0>,50,13,[7 4],51,104,117,53,88
1,<environment.Job instance at 0x7eff536caaf0>,57,3,[1 6],58,104,107,46,90
1,<environment.Job instance at 0x7eff536cfc80>,20,13,[10  5],21,117,130,96,101
1,<environment.Job instance at 0x7eff5368cc30>,62,2,[9 3],63,130,132,67,104
1,<environment.Job instance at 0x7eff5368c050>,66,16,[7 4],67,132,148,65,119
1,<environment.Job instance at 0x7eff5368cc80>,70,3,[7 3],71,148,151,77,136
1,<environment.Job instance at 0x7eff5368caa0>,73,12,[9 1],74,151,163,77,136
1,<environment.Job instance at 0x7eff5368c910>,76,3,[9 1],77,163,166,86,153
1,<environment.Job instance at 0x7eff536b1640>,78,18,[4 5],79,166,184,87,160
1,<environment.Job instance at 0x7eff536b17d0>,83,2,[4 7],84,184,186,100,179
1,<environment.Job instance at 0x7eff536b1550>,84,12,[7 2],85,186,198,101,179
1,<environment.Job instance at 0x7eff536b1730>,86,3,[8 4],87,198,201,111,179
1,<environment.Job instance at 0x7eff536b15f0>,85,2,[1 5],86,181,183,95,181
1,<environment.Job instance at 0x7eff536b1500>,87,13,[9 2],88,201,214,113,185
1,<environment.Job instance at 0x7eff536b1910>,88,15,[3 6],89,214,229,125,214
1,<environment.Job instance at 0x7eff5368c7d0>,1,15,[8 4],2,2,17,0,2
1,<environment.Job instance at 0x7eff53a924b0>,4,2,[8 5],5,17,19,12,5
1,<environment.Job instance at 0x7eff53a92c80>,5,1,[8 1],6,19,20,13,6
1,<environment.Job instance at 0x7eff53a92d70>,10,2,[ 5 10],11,20,22,9,11
1,<environment.Job instance at 0x7eff53a92a50>,9,2,[10  2],10,22,24,12,11
1,<environment.Job instance at 0x7eff53a92460>,12,2,[2 6],13,28,30,15,28
1,<environment.Job instance at 0x7eff53a92820>,13,2,[7 3],14,28,30,14,28
1,<environment.Job instance at 0x7eff53a923c0>,14,15,[10  4],15,30,45,15,28
1,<environment.Job instance at 0x7eff53a92960>,17,3,[6 3],18,45,48,27,28
1,<environment.Job instance at 0x7eff53a92370>,18,13,[8 5],19,48,61,29,32
1,<environment.Job instance at 0x7eff53586d20>,20,18,[6 1],21,61,79,40,51
1,<environment.Job instance at 0x7eff53586190>,23,3,[9 5],24,79,82,55,57
1,<environment.Job instance at 0x7eff53586780>,24,2,[7 4],25,82,84,57,57
1,<environment.Job instance at 0x7eff53586960>,25,17,[4 6],26,61,78,35,58
1,<environment.Job instance at 0x7eff539e3af0>,29,16,[9 4],30,84,100,54,71
1,<environment.Job instance at 0x7eff53a606e0>,35,13,[6 4],36,100,113,64,91
1,<environment.Job instance at 0x7eff53a92af0>,8,13,[5 1],9,113,126,104,102
1,<environment.Job instance at 0x7eff53a60dc0>,38,17,[3 6],39,105,122,66,105
1,<environment.Job instance at 0x7eff9e84d0a0>,42,1,[5 9],43,122,123,79,106
1,<environment.Job instance at 0x7eff9e84d730>,39,15,[ 5 10],40,126,141,86,112
1,<environment.Job instance at 0x7eff536faaa0>,51,2,[1 7],52,123,125,71,113
1,<environment.Job instance at 0x7eff536faa50>,55,12,[2 6],56,141,153,85,129
1,<environment.Job instance at 0x7eff53a66e60>,59,15,[ 3 10],60,153,168,93,145
1,<environment.Job instance at 0x7eff53a66550>,62,3,[7 1],63,168,171,105,151
1,<environment.Job instance at 0x7eff536fad70>,58,15,[7 5],59,193,208,134,193
1,<environment.Job instance at 0x7eff53a5a870>,71,17,[10  3],72,208,225,136,208
1,<environment.Job instance at 0x7eff53a5a370>,73,3,[3 5],74,225,228,151,208
1,<environment.Job instance at 0x7eff536a59b0>,75,12,[ 4 10],76,228,240,152,215
1,<environment.Job instance at 0x7eff539e6280>,2,12,[3 8],3,3,15,0,3
1,<environment.Job instance at 0x7eff536a52d0>,4,15,[4 6],5,15,30,10,5
1,<environment.Job instance at 0x7eff53a320f0>,11,1,[ 4 10],12,30,31,18,28
1,<environment.Job instance at 0x7eff53a9bc30>,13,2,[5 7],14,31,33,17,28
1,<environment.Job instance at 0x7eff53ac5320>,12,3,[10  4],13,33,36,20,28
1,<environment.Job instance at 0x7eff536acc30>,15,13,[5 5],16,36,49,20,28
1,<environment.Job instance at 0x7eff53706320>,18,2,[6 3],19,28,30,9,28
1,<environment.Job instance at 0x7eff53a26230>,9,2,[8 2],10,49,51,39,28
1,<environment.Job instance at 0x7eff536ca0a0>,8,18,[1 5],9,36,54,27,29
1,<environment.Job instance at 0x7eff539c05a0>,23,2,[5 5],24,51,53,27,29
1,<environment.Job instance at 0x7eff539c0960>,27,12,[5 8],28,54,66,26,41
1,<environment.Job instance at 0x7eff539c0fa0>,30,18,[9 5],31,66,84,35,55
1,<environment.Job instance at 0x7eff539d7460>,36,12,[8 3],37,84,96,47,70
1,<environment.Job instance at 0x7eff539d78c0>,41,17,[2 6],42,84,101,42,83
1,<environment.Job instance at 0x7eff536a8dc0>,16,3,[2 8],17,101,104,84,91
1,<environment.Job instance at 0x7eff539d7cd0>,48,14,[ 2 10],49,104,118,55,95
1,<environment.Job instance at 0x7eff539bd370>,58,14,[4 6],59,130,144,71,130
1,<environment.Job instance at 0x7eff539bd460>,59,15,[10  2],60,144,159,84,130
1,<environment.Job instance at 0x7eff539bd820>,65,14,[7 4],66,166,180,100,166
1,<environment.Job instance at 0x7eff539bdd20>,70,16,[10  2],71,180,196,109,170
1,<environment.Job instance at 0x7eff534d92d0>,79,14,[5 7],80,196,210,116,192
1,<environment.Job instance at 0x7eff534d9230>,81,14,[1 5],82,210,224,128,195
1,<environment.Job instance at 0x7eff539c0640>,24,1,[7 4],25,210,211,185,210
1,<environment.Job instance at 0x7eff9719fbe0>,4,3,[6 1],5,5,8,0,5
1,<environment.Job instance at 0x7eff99f8a690>,15,16,[6 3],16,16,32,0,16
1,<environment.Job instance at 0x7eff97128c80>,17,2,[2 8],18,37,39,19,37
1,<environment.Job instance at 0x7eff99f8a820>,20,15,[7 5],21,39,54,18,39
1,<environment.Job instance at 0x7eff99f8afa0>,21,3,[ 4 10],22,54,57,32,39
1,<environment.Job instance at 0x7eff975040f0>,29,13,[1 9],30,102,115,72,102
1,<environment.Job instance at 0x7eff97504d70>,34,16,[10  3],35,115,131,80,102
1,<environment.Job instance at 0x7eff97504730>,37,13,[6 4],38,131,144,93,115
1,<environment.Job instance at 0x7eff97504b40>,43,13,[6 5],44,144,157,100,130
1,<environment.Job instance at 0x7eff97487a00>,49,15,[9 5],50,157,172,107,143
1,<environment.Job instance at 0x7eff974c80a0>,58,14,[5 9],59,172,186,113,157
1,<environment.Job instance at 0x7eff998c8c80>,65,12,[2 9],66,186,198,120,176
1,<environment.Job instance at 0x7eff998c86e0>,66,14,[3 9],67,198,212,131,183
1,<environment.Job instance at 0x7eff9758fd70>,69,13,[5 9],70,212,225,142,196
1,<environment.Job instance at 0x7eff975b6280>,76,16,[5 5],77,225,241,148,212
1,<environment.Job instance at 0x7eff975b6b40>,78,2,[5 7],79,241,243,162,224
1,<environment.Job instance at 0x7eff536ca870>,2,16,[9 2],3,3,19,0,3
1,<environment.Job instance at 0x7eff536da6e0>,5,18,[7 5],6,19,37,13,8
1,<environment.Job instance at 0x7eff53580c30>,11,22,[ 1 10],12,38,60,26,38
1,<environment.Job instance at 0x7eff97308b40>,10,1,[6 3],11,60,61,49,39
1,<environment.Job instance at 0x7eff970b13c0>,21,1,[8 5],22,61,62,39,39
1,<environment.Job instance at 0x7eff970b1320>,23,2,[5 5],24,62,64,38,40
1,<environment.Job instance at 0x7eff976abd70>,24,12,[4 6],25,64,76,39,49
1,<environment.Job instance at 0x7eff53762190>,27,18,[1 7],28,76,94,48,65
1,<environment.Job instance at 0x7eff973d30a0>,32,18,[5 5],33,94,112,61,85
1,<environment.Job instance at 0x7eff99999c30>,36,3,[8 1],37,87,90,50,87
1,<environment.Job instance at 0x7eff99999cd0>,40,12,[8 1],41,112,124,71,96
1,<environment.Job instance at 0x7eff9992cc30>,42,18,[5 1],43,124,142,81,113
1,<environment.Job instance at 0x7eff9992c870>,45,2,[4 7],46,124,126,78,115
1,<environment.Job instance at 0x7eff9992c960>,48,1,[5 7],49,126,127,77,123
1,<environment.Job instance at 0x7eff9992cf50>,50,3,[4 8],51,127,130,76,126
1,<environment.Job instance at 0x7eff9992cfa0>,51,1,[10  2],52,142,143,90,126
1,<environment.Job instance at 0x7eff9992c320>,52,3,[9 1],53,143,146,90,126
1,<environment.Job instance at 0x7eff9992ca00>,53,2,[ 4 10],54,146,148,92,126
1,<environment.Job instance at 0x7eff97226050>,55,1,[8 2],56,148,149,92,126
1,<environment.Job instance at 0x7eff538a18c0>,57,2,[8 4],58,149,151,91,143
1,<environment.Job instance at 0x7eff975f7780>,61,13,[1 7],62,151,164,89,146
1,<environment.Job instance at 0x7eff99fabf00>,62,13,[4 8],63,164,177,101,148
1,<environment.Job instance at 0x7eff971283c0>,70,14,[6 4],71,177,191,106,162
1,<environment.Job instance at 0x7eff9998cb90>,77,1,[9 4],78,191,192,113,169
1,<environment.Job instance at 0x7eff9998cf00>,78,17,[5 5],79,192,209,113,180
1,<environment.Job instance at 0x7eff99e20e60>,80,15,[9 4],81,209,224,128,195
1,<environment.Job instance at 0x7eff99a63910>,3,1,[7 2],4,4,5,0,4
1,<environment.Job instance at 0x7eff973cb730>,4,15,[10  3],5,5,20,0,5
1,<environment.Job instance at 0x7eff973e1050>,8,1,[ 3 10],9,20,21,11,12
1,<environment.Job instance at 0x7eff973e14b0>,7,13,[9 4],8,21,34,13,12
1,<environment.Job instance at 0x7eff972b40a0>,12,21,[1 6],13,21,42,8,19
1,<environment.Job instance at 0x7eff972b4690>,11,27,[5 1],12,34,61,22,32
1,<environment.Job instance at 0x7eff9743a690>,19,18,[7 3],20,61,79,41,51
1,<environment.Job instance at 0x7eff9743a820>,22,2,[5 8],23,54,56,31,54
1,<environment.Job instance at 0x7eff9743aa50>,23,12,[4 6],24,79,91,55,62
1,<environment.Job instance at 0x7eff9743abe0>,27,1,[3 6],28,71,72,43,71
1,<environment.Job instance at 0x7eff9743ac80>,28,3,[8 2],29,91,94,62,76
1,<environment.Job instance at 0x7eff9743adc0>,30,1,[4 6],31,94,95,63,76
1,<environment.Job instance at 0x7eff9743ae60>,31,1,[4 6],32,95,96,63,76
1,<environment.Job instance at 0x7eff9743a910>,33,16,[6 5],34,96,112,62,86
1,<environment.Job instance at 0x7eff9743a5a0>,21,19,[10  1],22,112,131,90,102
1,<environment.Job instance at 0x7eff97438960>,44,17,[9 5],45,131,148,86,119
1,<environment.Job instance at 0x7eff97438c80>,48,14,[9 4],49,148,162,99,134
1,<environment.Job instance at 0x7eff97438e60>,51,14,[4 6],52,162,176,110,147
1,<environment.Job instance at 0x7eff97414370>,61,17,[10  4],62,176,193,114,164
1,<environment.Job instance at 0x7eff97438500>,40,15,[3 9],41,193,208,152,182
1,<environment.Job instance at 0x7eff97414a00>,69,2,[5 6],70,208,210,138,195
1,<environment.Job instance at 0x7eff97414aa0>,70,1,[5 9],71,210,211,139,195
1,<environment.Job instance at 0x7eff97414cd0>,72,3,[5 2],73,211,214,138,195
1,<environment.Job instance at 0x7eff97414dc0>,73,3,[9 2],74,214,217,140,195
1,<environment.Job instance at 0x7eff97414f00>,75,12,[5 6],76,217,229,141,200
1,<environment.Job instance at 0x7eff97414fa0>,77,13,[8 2],78,229,242,151,215
1,<environment.Job instance at 0x7eff974275f0>,82,17,[1 6],83,229,246,146,217
1,<environment.Job instance at 0x7eff97105b40>,15,3,[1 5],16,44,47,28,44
1,<environment.Job instance at 0x7eff97112190>,7,16,[ 5 10],8,47,63,39,45
1,<environment.Job instance at 0x7eff972e04b0>,17,14,[4 7],18,63,77,45,49
1,<environment.Job instance at 0x7eff9722fc30>,22,17,[4 5],23,77,94,54,66
1,<environment.Job instance at 0x7eff53c523c0>,30,15,[ 4 10],31,97,112,66,97
1,<environment.Job instance at 0x7eff973a43c0>,33,15,[7 2],34,112,127,78,99
1,<environment.Job instance at 0x7eff53c941e0>,43,15,[10  4],44,127,142,83,121
1,<environment.Job instance at 0x7eff9723e870>,46,15,[ 5 10],47,142,157,95,128
1,<environment.Job instance at 0x7eff974dd7d0>,52,18,[9 4],53,157,175,104,148
1,<environment.Job instance at 0x7eff973b2d70>,57,15,[ 5 10],58,175,190,117,169
1,<environment.Job instance at 0x7eff537259b0>,65,16,[4 6],66,192,208,126,192
1,<environment.Job instance at 0x7eff97422640>,2,15,[3 8],3,3,18,0,3
1,<environment.Job instance at 0x7eff99d7a410>,3,13,[6 5],4,18,31,14,5
1,<environment.Job instance at 0x7eff97285780>,5,15,[9 1],6,31,46,25,17
1,<environment.Job instance at 0x7eff972eee10>,12,17,[1 7],13,31,48,18,30
1,<environment.Job instance at 0x7eff972ee0a0>,13,17,[6 4],14,48,65,34,36
1,<environment.Job instance at 0x7eff53496a50>,21,18,[9 3],22,65,83,43,54
1,<environment.Job instance at 0x7eff53496eb0>,25,3,[1 6],26,54,57,28,54
1,<environment.Job instance at 0x7eff971bb230>,29,16,[ 3 10],30,83,99,53,70
1,<environment.Job instance at 0x7eff5394f0f0>,32,18,[5 8],33,99,117,66,88
1,<environment.Job instance at 0x7eff970b30f0>,40,16,[5 9],41,117,133,76,104
1,<environment.Job instance at 0x7eff97288460>,42,14,[9 1],43,133,147,90,118
1,<environment.Job instance at 0x7eff99918a00>,48,14,[8 1],49,147,161,98,132
1,<environment.Job instance at 0x7eff99918730>,51,17,[3 7],52,161,178,109,152
1,<environment.Job instance at 0x7eff53bf4eb0>,59,13,[ 2 10],60,178,191,118,162
1,<environment.Job instance at 0x7eff99a72f50>,63,16,[8 2],64,191,207,127,178
1,<environment.Job instance at 0x7eff977e44b0>,57,3,[3 8],58,207,210,149,184
1,<environment.Job instance at 0x7eff99e74550>,69,15,[5 6],70,210,225,140,196
1,<environment.Job instance at 0x7eff53523fa0>,66,17,[9 3],67,225,242,158,215
1,<environment.Job instance at 0x7eff974ba6e0>,79,1,[9 4],80,242,243,162,221
1,<environment.Job instance at 0x7eff53958c30>,81,3,[3 7],82,243,246,161,222
1,<environment.Job instance at 0x7eff99fa8eb0>,2,17,[1 9],3,5,22,2,5
1,<environment.Job instance at 0x7eff99f30320>,7,16,[5 8],8,22,38,14,9
1,<environment.Job instance at 0x7eff53826aa0>,12,3,[10  5],13,38,41,25,13
1,<environment.Job instance at 0x7eff9771bd70>,15,12,[ 3 10],16,41,53,25,24
1,<environment.Job instance at 0x7eff53ab2eb0>,20,16,[9 2],21,53,69,32,40
1,<environment.Job instance at 0x7eff53a9d320>,25,12,[5 9],26,69,81,43,52
1,<environment.Job instance at 0x7eff53a9d550>,29,17,[9 2],30,81,98,51,69
1,<environment.Job instance at 0x7eff53a9d870>,32,15,[2 9],33,98,113,65,84
1,<environment.Job instance at 0x7eff53a9dbe0>,34,2,[1 6],35,92,94,57,92
1,<environment.Job instance at 0x7eff53958c30>,3,14,[5 5],4,113,127,109,98
1,<environment.Job instance at 0x7eff99f307d0>,8,16,[1 6],9,127,143,118,116
1,<environment.Job instance at 0x7eff53ace5a0>,50,1,[4 5],51,120,121,69,120
1,<environment.Job instance at 0x7eff53ace870>,52,1,[6 3],53,127,128,74,123
1,<environment.Job instance at 0x7eff53ace140>,51,16,[5 3],52,128,144,76,123
1,<environment.Job instance at 0x7eff53ace8c0>,54,1,[5 4],55,123,124,68,123
1,<environment.Job instance at 0x7eff53ace910>,53,3,[1 6],54,143,146,89,124
1,<environment.Job instance at 0x7eff53aceaa0>,56,3,[6 2],57,144,147,87,124
1,<environment.Job instance at 0x7eff53aceb40>,57,1,[6 3],58,147,148,89,124
1,<environment.Job instance at 0x7eff53ace230>,45,2,[3 7],46,146,148,100,125
1,<environment.Job instance at 0x7eff53acec80>,59,2,[5 4],60,148,150,88,135
1,<environment.Job instance at 0x7eff53acef00>,60,18,[9 2],61,150,168,89,139
1,<environment.Job instance at 0x7eff53acb0f0>,64,12,[7 4],65,168,180,103,151
1,<environment.Job instance at 0x7eff53acb550>,71,12,[6 3],72,180,192,108,164
1,<environment.Job instance at 0x7eff53acb870>,74,12,[1 8],75,192,204,117,176
1,<environment.Job instance at 0x7eff53acbd20>,79,13,[7 5],80,204,217,124,189
1,<environment.Job instance at 0x7eff53ace9b0>,55,17,[ 2 10],56,217,234,161,205
1,<environment.Job instance at 0x7eff53ab5050>,86,2,[8 3],87,234,236,147,212
1,<environment.Job instance at 0x7eff53ab51e0>,87,3,[2 8],88,236,239,148,212
1,<environment.Job instance at 0x7eff9735e3c0>,3,13,[3 7],4,4,17,0,4
1,<environment.Job instance at 0x7eff9735e460>,4,15,[6 4],5,17,32,12,5
1,<environment.Job instance at 0x7eff9735e820>,11,2,[6 2],12,12,14,0,12
1,<environment.Job instance at 0x7eff99814d20>,14,1,[9 2],15,32,33,17,15
1,<environment.Job instance at 0x7eff99814140>,15,3,[9 1],16,33,36,17,16
1,<environment.Job instance at 0x7eff9735ebe0>,10,2,[9 1],11,36,38,25,21
1,<environment.Job instance at 0x7eff998141e0>,18,15,[7 1],19,38,53,19,24
1,<environment.Job instance at 0x7eff998145a0>,19,14,[3 8],20,38,52,18,30
1,<environment.Job instance at 0x7eff99814aa0>,22,2,[8 2],23,53,55,30,30
1,<environment.Job instance at 0x7eff99814fa0>,24,1,[ 3 10],25,55,56,30,30
1,<environment.Job instance at 0x7eff99814230>,23,2,[8 1],24,56,58,32,30
1,<environment.Job instance at 0x7eff998140f0>,21,18,[5 9],22,58,76,36,47
1,<environment.Job instance at 0x7eff9735eb90>,9,2,[3 7],10,76,78,66,62
1,<environment.Job instance at 0x7eff99b890f0>,37,1,[2 6],38,78,79,40,67
1,<environment.Job instance at 0x7eff99814460>,25,17,[10  3],26,79,96,53,67
1,<environment.Job instance at 0x7eff99b89280>,43,17,[6 4],44,96,113,52,87
1,<environment.Job instance at 0x7eff99b899b0>,46,13,[10  5],47,113,126,66,101
1,<environment.Job instance at 0x7eff973525f0>,53,3,[1 6],54,104,107,50,104
1,<environment.Job instance at 0x7eff97352280>,55,14,[5 7],56,126,140,70,111
1,<environment.Job instance at 0x7eff97352910>,59,2,[3 7],60,140,142,80,115
1,<environment.Job instance at 0x7eff99b89b90>,48,12,[5 1],49,126,138,77,115
1,<environment.Job instance at 0x7eff975b6730>,60,18,[5 4],61,142,160,81,137
1,<environment.Job instance at 0x7eff9e2d8d20>,70,14,[2 6],71,142,156,71,141
1,<environment.Job instance at 0x7eff9e2d8be0>,72,2,[6 3],73,160,162,87,143
1,<environment.Job instance at 0x7eff9e2d8b90>,73,16,[3 8],74,162,178,88,149
1,<environment.Job instance at 0x7eff9e2d89b0>,77,18,[5 5],78,178,196,100,167
1,<environment.Job instance at 0x7eff998fe500>,83,18,[4 5],84,178,196,94,172
1,<environment.Job instance at 0x7eff99814050>,27,16,[8 4],28,196,212,168,185
1,<environment.Job instance at 0x7eff9e850870>,87,1,[9 1],88,212,213,124,190
1,<environment.Job instance at 0x7eff53bc1c80>,7,18,[9 4],8,8,26,0,8
1,<environment.Job instance at 0x7eff99a932d0>,8,15,[1 8],9,26,41,17,12
1,<environment.Job instance at 0x7eff99a936e0>,15,3,[5 7],16,41,44,25,16
1,<environment.Job instance at 0x7eff97211e60>,21,14,[6 1],22,44,58,22,32
1,<environment.Job instance at 0x7eff97211dc0>,23,14,[4 8],24,44,58,20,32
1,<environment.Job instance at 0x7eff972110a0>,26,14,[7 5],27,58,72,31,43
1,<environment.Job instance at 0x7eff97211910>,32,1,[3 9],33,72,73,39,51
1,<environment.Job instance at 0x7eff97211a50>,31,14,[ 1 10],32,73,87,41,62
1,<environment.Job instance at 0x7eff97631a50>,36,12,[8 3],37,87,99,50,70
1,<environment.Job instance at 0x7eff972113c0>,29,18,[2 9],30,99,117,69,88
1,<environment.Job instance at 0x7eff973d3550>,46,12,[3 5],47,117,129,70,103
1,<environment.Job instance at 0x7eff97211690>,33,18,[5 2],34,117,135,83,113
1,<environment.Job instance at 0x7eff999104b0>,55,14,[6 3],56,135,149,79,121
1,<environment.Job instance at 0x7eff99910550>,58,3,[9 2],59,149,152,90,123
1,<environment.Job instance at 0x7eff99910960>,59,2,[4 5],60,129,131,69,123
1,<environment.Job instance at 0x7eff99910230>,60,1,[10  3],61,152,153,91,125
1,<environment.Job instance at 0x7eff999101e0>,61,14,[1 5],62,153,167,91,140
1,<environment.Job instance at 0x7eff99910be0>,65,12,[8 3],66,153,165,87,140
1,<environment.Job instance at 0x7eff999108c0>,68,14,[9 5],69,165,179,96,150
1,<environment.Job instance at 0x7eff99910cd0>,63,3,[2 6],64,179,182,115,158
1,<environment.Job instance at 0x7eff97141190>,69,14,[8 5],70,182,196,112,167
1,<environment.Job instance at 0x7eff97141aa0>,73,3,[3 9],74,196,199,122,170
1,<environment.Job instance at 0x7eff97141910>,75,1,[ 1 10],76,199,200,123,171
1,<environment.Job instance at 0x7eff97141460>,72,17,[1 5],73,200,217,127,196
1,<environment.Job instance at 0x7eff538eb7d0>,84,16,[8 1],85,200,216,115,197
1,<environment.Job instance at 0x7eff538eb690>,81,14,[8 4],82,216,230,134,212
1,<environment.Job instance at 0x7eff973bdcd0>,4,13,[5 8],5,5,18,0,5
1,<environment.Job instance at 0x7eff971e76e0>,6,18,[1 5],7,18,36,11,7
1,<environment.Job instance at 0x7eff9741d6e0>,8,17,[7 5],9,18,35,9,10
1,<environment.Job instance at 0x7eff97747820>,18,2,[7 5],19,45,47,26,45
1,<environment.Job instance at 0x7eff538200f0>,11,16,[2 5],12,45,61,33,45
1,<environment.Job instance at 0x7eff97747f00>,20,18,[4 5],21,47,65,26,46
1,<environment.Job instance at 0x7eff97747190>,23,13,[9 3],24,65,78,41,50
1,<environment.Job instance at 0x7eff9774caf0>,25,14,[ 3 10],26,78,92,52,63
1,<environment.Job instance at 0x7eff9774c5a0>,35,18,[ 2 10],36,92,110,56,81
1,<environment.Job instance at 0x7eff9774c0a0>,40,16,[4 8],41,110,126,69,97
1,<environment.Job instance at 0x7eff535a7910>,41,3,[1 8],42,126,129,84,104
1,<environment.Job instance at 0x7eff535ae780>,45,15,[8 3],46,129,144,83,115
1,<environment.Job instance at 0x7eff977611e0>,51,12,[8 2],52,144,156,92,131
1,<environment.Job instance at 0x7eff532e63c0>,56,3,[2 5],57,142,145,85,142
1,<environment.Job instance at 0x7eff99f937d0>,55,1,[8 5],56,156,157,100,142
1,<environment.Job instance at 0x7eff538cd550>,50,13,[10  5],51,157,170,106,146
1,<environment.Job instance at 0x7eff53810370>,60,12,[ 5 10],61,170,182,109,153
1,<environment.Job instance at 0x7eff9750ba00>,64,13,[1 9],65,182,195,117,170
1,<environment.Job instance at 0x7eff99f908c0>,73,3,[9 4],74,198,201,124,198
1,<environment.Job instance at 0x7eff99f90a00>,74,14,[2 7],75,201,215,126,198
1,<environment.Job instance at 0x7eff99f90780>,78,16,[5 1],79,202,218,123,202
1,<environment.Job instance at 0x7eff9725b4b0>,80,17,[4 7],81,215,232,134,203
1,<environment.Job instance at 0x7eff9725bb40>,82,14,[6 3],83,218,232,135,206
1,<environment.Job instance at 0x7eff99f90fa0>,79,1,[6 4],80,232,233,152,214
1,<environment.Job instance at 0x7eff9725b5a0>,85,2,[10  1],86,233,235,147,215
1,<environment.Job instance at 0x7eff9725b730>,86,3,[ 1 10],87,235,238,148,217
1,<environment.Job instance at 0x7eff53820a50>,2,16,[1 9],3,4,20,1,4
1,<environment.Job instance at 0x7eff99fa5c30>,4,12,[10  3],5,20,32,15,5
1,<environment.Job instance at 0x7eff99a37e60>,13,3,[ 2 10],14,32,35,18,15
1,<environment.Job instance at 0x7eff99a37dc0>,12,12,[1 7],13,35,47,22,18
1,<environment.Job instance at 0x7eff99d59a50>,16,2,[ 2 10],17,47,49,30,25
1,<environment.Job instance at 0x7eff99ae4230>,18,13,[3 6],19,49,62,30,35
1,<environment.Job instance at 0x7eff99d59500>,15,15,[1 6],16,62,77,46,49
1,<environment.Job instance at 0x7eff99ae4280>,20,14,[3 5],21,77,91,56,62
1,<environment.Job instance at 0x7eff97170d20>,24,12,[7 2],25,62,74,37,62
1,<environment.Job instance at 0x7eff973cb3c0>,25,17,[ 5 10],26,91,108,65,79
1,<environment.Job instance at 0x7eff99ae4730>,22,3,[3 7],23,108,111,85,86
1,<environment.Job instance at 0x7eff99a4fa00>,34,16,[8 5],35,111,127,76,98
1,<environment.Job instance at 0x7eff53c05e60>,40,2,[5 4],41,127,129,86,105
1,<environment.Job instance at 0x7eff9774aaa0>,37,14,[ 5 10],38,129,143,91,114
1,<environment.Job instance at 0x7eff53c05960>,41,12,[2 5],42,143,155,101,127
1,<environment.Job instance at 0x7eff99c4af50>,49,3,[7 2],50,143,146,93,128
1,<environment.Job instance at 0x7eff99c4a3c0>,52,14,[6 1],53,147,161,94,147
1,<environment.Job instance at 0x7eff53c05a50>,39,16,[6 2],40,161,177,121,148
1,<environment.Job instance at 0x7eff99c4a690>,65,16,[2 7],66,192,208,126,192
1,<environment.Job instance at 0x7eff99c4a5a0>,48,13,[5 7],49,208,221,159,196
1,<environment.Job instance at 0x7eff974dae10>,72,15,[ 2 10],73,221,236,148,207
1,<environment.Job instance at 0x7eff973bdbe0>,1,3,[7 4],2,2,5,0,2
1,<environment.Job instance at 0x7eff97236500>,2,3,[1 5],3,3,6,0,3
1,<environment.Job instance at 0x7eff99bd17d0>,11,17,[9 4],12,12,29,0,12
1,<environment.Job instance at 0x7eff99bd1730>,15,14,[6 1],16,29,43,13,18
1,<environment.Job instance at 0x7eff99bd1c80>,18,15,[1 8],19,29,44,10,19
1,<environment.Job instance at 0x7eff99bd1280>,20,13,[7 3],21,44,57,23,28
1,<environment.Job instance at 0x7eff539939b0>,30,17,[8 2],31,57,74,26,47
1,<environment.Job instance at 0x7eff53993320>,35,13,[2 7],36,63,76,27,63
1,<environment.Job instance at 0x7eff99bd1f00>,17,18,[ 5 10],18,76,94,58,65
1,<environment.Job instance at 0x7eff532bdd70>,43,12,[1 8],44,94,106,50,94
1,<environment.Job instance at 0x7eff532bd140>,45,14,[5 9],46,106,120,60,94
1,<environment.Job instance at 0x7eff532bd500>,48,17,[2 7],49,121,138,72,121
1,<environment.Job instance at 0x7eff532bdaa0>,49,16,[8 5],50,138,154,88,125
1,<environment.Job instance at 0x7eff532bdb90>,56,1,[6 4],57,154,155,97,139
1,<environment.Job instance at 0x7eff532bd910>,57,2,[9 5],58,155,157,97,139
1,<environment.Job instance at 0x7eff532bd2d0>,58,12,[10  5],59,157,169,98,142
1,<environment.Job instance at 0x7eff532bd1e0>,44,14,[7 4],45,169,183,124,164
1,<environment.Job instance at 0x7eff532c03c0>,67,3,[6 1],68,183,186,115,164
1,<environment.Job instance at 0x7eff532c0870>,66,3,[1 8],67,183,186,116,164
1,<environment.Job instance at 0x7eff532c0cd0>,70,14,[ 3 10],71,186,200,115,171
1,<environment.Job instance at 0x7eff53993910>,26,18,[ 2 10],27,200,218,173,189
1,<environment.Job instance at 0x7eff532c0190>,76,1,[8 5],77,218,219,141,204
1,<environment.Job instance at 0x7eff532c0e10>,74,15,[3 7],75,219,234,144,205
1,<environment.Job instance at 0x7eff532c09b0>,77,3,[3 6],78,234,237,156,221
1,<environment.Job instance at 0x7eff532bdb40>,4,1,[2 5],5,6,7,1,6
1,<environment.Job instance at 0x7eff99cef5f0>,10,12,[10  4],11,14,26,3,14
1,<environment.Job instance at 0x7eff9704f460>,15,3,[4 8],16,26,29,10,16
1,<environment.Job instance at 0x7eff9704ff50>,16,16,[ 5 10],17,29,45,12,17
1,<environment.Job instance at 0x7eff534674b0>,23,14,[1 8],24,45,59,21,30
1,<environment.Job instance at 0x7eff97050140>,25,15,[5 1],26,45,60,19,31
1,<environment.Job instance at 0x7eff99a0c1e0>,13,3,[6 1],14,60,63,46,34
1,<environment.Job instance at 0x7eff97050410>,29,1,[5 1],30,59,60,29,34
1,<environment.Job instance at 0x7eff97071fa0>,28,3,[2 5],29,60,63,31,35
1,<environment.Job instance at 0x7eff97057230>,30,2,[10  1],31,63,65,32,36
1,<environment.Job instance at 0x7eff970577d0>,31,3,[2 9],32,65,68,33,39
1,<environment.Job instance at 0x7eff97057eb0>,34,3,[2 8],35,68,71,33,42
1,<environment.Job instance at 0x7eff970573c0>,32,3,[10  3],33,71,74,38,46
1,<environment.Job instance at 0x7eff53650780>,39,1,[6 3],40,74,75,34,46
1,<environment.Job instance at 0x7eff53622a50>,42,1,[5 5],43,75,76,32,52
1,<environment.Job instance at 0x7eff97057fa0>,37,2,[5 7],38,76,78,38,52
1,<environment.Job instance at 0x7eff53b082d0>,51,16,[5 7],52,92,108,40,92
1,<environment.Job instance at 0x7eff99d9af00>,56,19,[9 4],57,114,133,57,114
1,<environment.Job instance at 0x7eff999d4910>,63,18,[10  5],64,154,172,90,154
1,<environment.Job instance at 0x7eff99daf730>,74,17,[9 5],75,192,209,117,192
1,<environment.Job instance at 0x7eff99daf050>,75,14,[2 9],76,209,223,133,194
1,<environment.Job instance at 0x7eff99da6230>,1,16,[2 6],2,2,18,0,2
1,<environment.Job instance at 0x7eff532b4410>,4,13,[2 5],5,18,31,13,6
1,<environment.Job instance at 0x7eff974274b0>,9,3,[3 5],10,18,21,8,13
1,<environment.Job instance at 0x7eff973bd140>,12,18,[6 4],13,21,39,8,15
1,<environment.Job instance at 0x7eff532d9cd0>,17,12,[2 5],18,31,43,13,19
1,<environment.Job instance at 0x7eff998573c0>,19,15,[8 4],20,39,54,19,26
1,<environment.Job instance at 0x7eff99b84320>,25,13,[2 6],26,43,56,17,34
1,<environment.Job instance at 0x7eff9e6c35f0>,28,18,[5 6],29,56,74,27,45
1,<environment.Job instance at 0x7eff97427280>,8,14,[1 6],9,74,88,65,64
1,<environment.Job instance at 0x7eff53ae4f50>,33,13,[4 7],34,88,101,54,72
1,<environment.Job instance at 0x7eff9720fbe0>,40,17,[8 3],41,101,118,60,89
1,<environment.Job instance at 0x7eff972b0e10>,44,17,[5 6],45,118,135,73,106
1,<environment.Job instance at 0x7eff99f88af0>,48,2,[5 5],49,135,137,86,108
1,<environment.Job instance at 0x7eff99f88eb0>,49,3,[5 2],50,118,121,68,108
1,<environment.Job instance at 0x7eff99f885f0>,51,2,[4 8],52,137,139,85,110
1,<environment.Job instance at 0x7eff99b74550>,34,2,[7 3],35,139,141,104,112
1,<environment.Job instance at 0x7eff99f887d0>,53,3,[5 6],54,141,144,87,115
1,<environment.Job instance at 0x7eff970c59b0>,57,14,[9 3],58,144,158,86,129
1,<environment.Job instance at 0x7eff970c5960>,62,16,[6 3],63,158,174,95,145
1,<environment.Job instance at 0x7eff9760ef50>,67,15,[6 1],68,174,189,106,160
1,<environment.Job instance at 0x7eff99f880a0>,54,3,[9 3],55,189,192,134,167
1,<environment.Job instance at 0x7eff97226640>,74,1,[7 5],75,192,193,117,167
1,<environment.Job instance at 0x7eff5349ca00>,79,2,[2 5],80,183,185,103,183
1,<environment.Job instance at 0x7eff972264b0>,75,17,[ 4 10],76,193,210,117,183
1,<environment.Job instance at 0x7eff538d3190>,35,16,[5 7],36,210,226,174,197
1,<environment.Job instance at 0x7eff970ba050>,87,3,[9 2],88,226,229,138,209
1,<environment.Job instance at 0x7eff998f2fa0>,7,2,[9 3],8,8,10,0,8
1,<environment.Job instance at 0x7eff998f2410>,6,2,[5 5],7,10,12,3,9
1,<environment.Job instance at 0x7eff998f2a00>,8,16,[1 8],9,12,28,3,10
1,<environment.Job instance at 0x7eff998f2c30>,11,13,[5 5],12,28,41,16,12
1,<environment.Job instance at 0x7eff534f6b90>,16,2,[3 5],17,28,30,11,18
1,<environment.Job instance at 0x7eff973f4c80>,17,1,[5 1],18,21,22,3,21
1,<environment.Job instance at 0x7eff973f45f0>,19,2,[6 3],20,41,43,21,22
1,<environment.Job instance at 0x7eff973f4550>,20,13,[8 3],21,43,56,22,28
1,<environment.Job instance at 0x7eff973f4af0>,15,3,[5 6],16,56,59,40,30
1,<environment.Job instance at 0x7eff973f4730>,26,1,[3 9],27,59,60,32,37
1,<environment.Job instance at 0x7eff973f4dc0>,28,3,[9 1],29,60,63,31,56
1,<environment.Job instance at 0x7eff973f4eb0>,29,15,[6 1],30,63,78,33,56
1,<environment.Job instance at 0x7eff53510f00>,30,17,[2 8],31,63,80,32,57
1,<environment.Job instance at 0x7eff99d7aa50>,38,16,[10  3],39,90,106,51,90
1,<environment.Job instance at 0x7eff99d7a7d0>,39,15,[9 3],40,106,121,66,92
1,<environment.Job instance at 0x7eff99d7a780>,51,12,[1 7],52,108,120,56,108
1,<environment.Job instance at 0x7eff99d7a410>,54,2,[ 4 10],55,125,127,70,125
1,<environment.Job instance at 0x7eff99ef8d70>,9,12,[9 3],10,127,139,117,126
1,<environment.Job instance at 0x7eff9e8505a0>,61,16,[ 2 10],62,149,165,87,149
1,<environment.Job instance at 0x7eff99ffd7d0>,65,3,[6 1],66,172,175,106,172
1,<environment.Job instance at 0x7eff99ffdf50>,66,1,[7 3],67,175,176,108,172
1,<environment.Job instance at 0x7eff99ffdcd0>,67,15,[1 7],68,172,187,104,172
1,<environment.Job instance at 0x7eff99d7a550>,56,1,[3 5],57,187,188,130,177
1,<environment.Job instance at 0x7eff99ffddc0>,68,18,[5 6],69,188,206,119,179
1,<environment.Job instance at 0x7eff99ffd910>,75,16,[10  2],76,206,222,130,203
1,<environment.Job instance at 0x7eff99ffd4b0>,79,12,[ 5 10],80,222,234,142,209
1,<environment.Job instance at 0x7eff53accd20>,3,2,[9 4],4,4,6,0,4
1,<environment.Job instance at 0x7eff9725c690>,7,2,[8 3],8,8,10,0,8
1,<environment.Job instance at 0x7eff533b7550>,9,3,[ 4 10],10,10,13,0,10
1,<environment.Job instance at 0x7eff9725c0a0>,5,2,[ 5 10],6,13,15,7,11
1,<environment.Job instance at 0x7eff9725c140>,6,14,[3 9],7,15,29,8,12
1,<environment.Job instance at 0x7eff9732a230>,13,1,[6 3],14,29,30,15,14
1,<environment.Job instance at 0x7eff97135140>,15,1,[10  4],16,30,31,14,18
1,<environment.Job instance at 0x7eff53973c30>,12,1,[5 8],13,31,32,18,18
1,<environment.Job instance at 0x7eff9732aaf0>,18,14,[7 3],19,32,46,13,19
1,<environment.Job instance at 0x7eff975a0eb0>,21,1,[6 1],22,23,24,1,23
1,<environment.Job instance at 0x7eff975a0aa0>,22,2,[ 4 10],23,46,48,23,27
1,<environment.Job instance at 0x7eff536e3e10>,24,18,[6 3],25,48,66,23,37
1,<environment.Job instance at 0x7eff538660a0>,32,18,[9 5],33,66,84,33,60
1,<environment.Job instance at 0x7eff53804910>,45,12,[5 1],46,113,125,67,113
1,<environment.Job instance at 0x7eff53804eb0>,47,3,[9 3],48,125,128,77,115
1,<environment.Job instance at 0x7eff538049b0>,48,15,[6 1],49,128,143,79,115
1,<environment.Job instance at 0x7eff53804d70>,49,1,[8 4],50,143,144,93,115
1,<environment.Job instance at 0x7eff973440a0>,61,18,[6 1],62,144,162,82,141
1,<environment.Job instance at 0x7eff97344be0>,64,12,[9 4],65,162,174,97,152
1,<environment.Job instance at 0x7eff9733e0a0>,44,17,[5 7],45,174,191,129,167
1,<environment.Job instance at 0x7eff533d55a0>,73,2,[ 3 10],74,192,194,118,192
1,<environment.Job instance at 0x7eff535484b0>,76,17,[3 8],77,194,211,117,192
1,<environment.Job instance at 0x7eff97528690>,85,18,[5 5],86,211,229,125,203
1,<environment.Job instance at 0x7ff5c2349460>,6,20,[6 1],7,7,27,0,7
1,<environment.Job instance at 0x7ff5c2349550>,8,13,[5 5],9,27,40,18,12
1,<environment.Job instance at 0x7ff5c234a230>,25,12,[ 5 10],26,54,66,28,54
1,<environment.Job instance at 0x7ff5c234a820>,29,12,[5 4],30,72,84,42,72
1,<environment.Job instance at 0x7ff5c234a8c0>,30,14,[5 2],31,72,86,41,72
1,<environment.Job instance at 0x7ff5c234a960>,31,14,[2 5],32,84,98,52,72
1,<environment.Job instance at 0x7ff5c234aaa0>,33,14,[5 5],34,86,100,52,72
1,<environment.Job instance at 0x7ff5c234d320>,43,18,[5 5],44,98,116,54,94
1,<environment.Job instance at 0x7ff5c234d7d0>,48,15,[10  1],49,116,131,67,114
1,<environment.Job instance at 0x7ff5c23497d0>,11,15,[4 8],12,131,146,119,129
1,<environment.Job instance at 0x7ff5c234dfa0>,57,18,[2 8],58,146,164,88,142
1,<environment.Job instance at 0x7ff5c23514b0>,63,3,[5 9],64,167,170,103,167
1,<environment.Job instance at 0x7ff5c2351550>,64,18,[2 9],65,170,188,105,167
1,<environment.Job instance at 0x7ff5c2351690>,66,3,[7 4],67,188,191,121,168
1,<environment.Job instance at 0x7ff5c2351b90>,1,18,[ 1 10],2,3,21,1,3
1,<environment.Job instance at 0x7ff5c7782d20>,7,17,[9 3],8,21,38,13,9
1,<environment.Job instance at 0x7ff5c7782dc0>,8,3,[10  4],9,38,41,29,20
1,<environment.Job instance at 0x7ff5c7782b90>,12,2,[6 2],13,41,43,28,21
1,<environment.Job instance at 0x7ff5c78c6a50>,14,14,[2 5],15,41,55,26,26
1,<environment.Job instance at 0x7ff5c78c60a0>,15,16,[7 5],16,43,59,27,30
1,<environment.Job instance at 0x7ff5c78d02d0>,24,1,[8 4],25,59,60,34,58
1,<environment.Job instance at 0x7ff5c78c0d70>,29,2,[1 8],30,101,103,71,101
1,<environment.Job instance at 0x7ff5c7785d20>,31,1,[3 9],32,103,104,71,101
1,<environment.Job instance at 0x7ff586001500>,32,13,[ 5 10],33,104,117,71,102
1,<environment.Job instance at 0x7ff5c7785e10>,33,16,[ 3 10],34,117,133,83,104
1,<environment.Job instance at 0x7ff5c78c1d20>,34,3,[5 6],35,133,136,98,107
1,<environment.Job instance at 0x7ff5c78c1c30>,41,13,[5 6],42,145,158,103,145
1,<environment.Job instance at 0x7ff5c78cd410>,51,15,[10  4],52,158,173,106,157
1,<environment.Job instance at 0x7ff5c78d44b0>,52,14,[1 8],53,173,187,120,163
1,<environment.Job instance at 0x7ff5c78d4320>,58,14,[9 5],59,187,201,128,175
1,<environment.Job instance at 0x7ff5c78ca190>,68,19,[6 4],69,201,220,132,193
1,<environment.Job instance at 0x7ff5c78ca730>,69,14,[3 6],70,201,215,131,193
1,<environment.Job instance at 0x7ff5c78cb780>,79,14,[2 6],80,218,232,138,218
1,<environment.Job instance at 0x7ff5c78cb050>,81,13,[8 5],82,232,245,150,218
1,<environment.Job instance at 0x7ff57c804e10>,2,14,[2 7],3,4,18,1,4
1,<environment.Job instance at 0x7ff57c645640>,10,3,[5 6],11,18,21,7,11
1,<environment.Job instance at 0x7ff57c6409b0>,16,12,[ 3 10],17,21,33,4,17
1,<environment.Job instance at 0x7ff57c640b40>,17,3,[1 5],18,33,36,15,18
1,<environment.Job instance at 0x7ff57c63c370>,21,18,[2 8],22,36,54,14,25
1,<environment.Job instance at 0x7ff5c78cb050>,3,14,[7 5],4,54,68,50,41
1,<environment.Job instance at 0x7ff57c62dc30>,33,1,[ 4 10],34,68,69,34,46
1,<environment.Job instance at 0x7ff57c62dbe0>,34,3,[4 7],35,69,72,34,47
1,<environment.Job instance at 0x7ff57c690aa0>,37,3,[1 6],38,72,75,34,57
1,<environment.Job instance at 0x7ff57c690af0>,38,18,[6 3],39,69,87,30,58
1,<environment.Job instance at 0x7ff57c6900a0>,46,16,[7 4],47,87,103,40,82
1,<environment.Job instance at 0x7ff57c6248c0>,48,18,[4 6],49,103,121,54,92
1,<environment.Job instance at 0x7ff57c640500>,14,16,[7 2],15,121,137,106,111
1,<environment.Job instance at 0x7ff57c624640>,49,3,[5 1],50,114,117,64,114
1,<environment.Job instance at 0x7ff57c624cd0>,53,12,[9 1],54,137,149,83,120
1,<environment.Job instance at 0x7ff57c70ea00>,59,1,[5 4],60,149,150,89,126
1,<environment.Job instance at 0x7ff57c6246e0>,54,14,[5 5],55,149,163,94,134
1,<environment.Job instance at 0x7ff57c70e500>,62,1,[3 9],63,163,164,100,136
1,<environment.Job instance at 0x7ff57c70eaa0>,61,1,[ 2 10],62,164,165,102,136
1,<environment.Job instance at 0x7ff57c70e140>,63,2,[4 7],64,165,167,101,138
1,<environment.Job instance at 0x7ff57c70e3c0>,65,2,[1 5],66,139,141,73,139
1,<environment.Job instance at 0x7ff57c70e870>,67,13,[9 2],68,167,180,99,151
1,<environment.Job instance at 0x7ff57c70ef00>,66,3,[8 4],67,180,183,113,155
1,<environment.Job instance at 0x7ff57c69d7d0>,74,2,[8 5],75,183,185,108,157
1,<environment.Job instance at 0x7ff57c69d910>,78,13,[5 1],79,185,198,106,171
1,<environment.Job instance at 0x7ff57c69d730>,80,2,[ 5 10],81,198,200,117,187
1,<environment.Job instance at 0x7ff57c70e730>,64,12,[7 2],65,200,212,135,187
1,<environment.Job instance at 0x7ff57c69d8c0>,79,2,[10  2],80,212,214,132,187
1,<environment.Job instance at 0x7ff57c69d1e0>,82,2,[2 6],83,194,196,111,194
1,<environment.Job instance at 0x7ff57c69deb0>,83,2,[7 3],84,214,216,130,194
1,<environment.Job instance at 0x7ff57c7460a0>,86,1,[2 7],87,196,197,109,195
1,<environment.Job instance at 0x7ff57c746960>,87,3,[6 3],88,216,219,128,195
1,<environment.Job instance at 0x7ff57c746e60>,88,13,[8 5],89,219,232,130,203
1,<environment.Job instance at 0x7ff5c20afdc0>,6,2,[5 5],7,7,9,0,7
1,<environment.Job instance at 0x7ff57cad1960>,7,13,[1 9],8,9,22,1,8
1,<environment.Job instance at 0x7ff57cad1dc0>,8,17,[3 6],9,22,39,13,10
1,<environment.Job instance at 0x7ff57cc81460>,20,12,[9 2],21,39,51,18,22
1,<environment.Job instance at 0x7ff57c72bf50>,27,1,[9 3],28,51,52,23,34
1,<environment.Job instance at 0x7ff57c72b3c0>,26,15,[2 7],27,52,67,25,38
1,<environment.Job instance at 0x7ff57c74dd20>,36,16,[ 5 10],37,104,120,67,104
1,<environment.Job instance at 0x7ff57c74d6e0>,28,15,[7 5],29,120,135,91,107
1,<environment.Job instance at 0x7ff57cc7f9b0>,41,17,[10  3],42,135,152,93,123
1,<environment.Job instance at 0x7ff57cc7f3c0>,48,2,[5 7],49,152,154,103,129
1,<environment.Job instance at 0x7ff57cc7fe60>,42,13,[1 6],43,154,167,111,139
1,<environment.Job instance at 0x7ff57cb006e0>,51,2,[6 3],52,154,156,102,139
1,<environment.Job instance at 0x7ff57cb00c80>,52,12,[8 1],53,156,168,103,144
1,<environment.Job instance at 0x7ff57cb00500>,53,1,[1 7],54,167,168,113,150
1,<environment.Job instance at 0x7ff57c6d2870>,9,15,[ 5 10],10,168,183,158,156
1,<environment.Job instance at 0x7ff57cc210a0>,58,2,[9 4],59,183,185,124,156
1,<environment.Job instance at 0x7ff57c5ed140>,69,2,[8 2],70,190,192,120,190
1,<environment.Job instance at 0x7ff57c5ed5a0>,71,1,[ 4 10],72,192,193,120,192
1,<environment.Job instance at 0x7ff57cb009b0>,56,16,[9 2],57,193,209,136,193
1,<environment.Job instance at 0x7ff5c767df00>,77,1,[5 5],78,209,210,131,193
1,<environment.Job instance at 0x7ff57c5ed730>,78,2,[6 3],79,210,212,131,193
1,<environment.Job instance at 0x7ff5c767dfa0>,79,3,[7 2],80,212,215,132,193
1,<environment.Job instance at 0x7ff57c5ed280>,70,2,[1 7],71,195,197,124,195
1,<environment.Job instance at 0x7ff57cc18870>,81,3,[1 6],82,197,200,115,195
1,<environment.Job instance at 0x7ff57c5ed410>,76,3,[2 8],77,212,215,135,197
1,<environment.Job instance at 0x7ff57c9fffa0>,88,14,[7 5],89,215,229,126,209
1,<environment.Job instance at 0x7ff57c6ff2d0>,5,3,[2 5],6,8,11,2,8
1,<environment.Job instance at 0x7ff57cad1f00>,2,19,[8 2],3,10,29,7,10
1,<environment.Job instance at 0x7ff57c7b3500>,11,3,[7 3],12,29,32,17,17
1,<environment.Job instance at 0x7ff57c6ff690>,10,18,[3 5],11,29,47,18,23
1,<environment.Job instance at 0x7ff57c640870>,15,13,[ 1 10],16,47,60,31,31
1,<environment.Job instance at 0x7ff5c75e6b40>,19,15,[10  2],20,60,75,40,47
1,<environment.Job instance at 0x7ff57ca47190>,25,14,[7 4],26,75,89,49,61
1,<environment.Job instance at 0x7ff57ca479b0>,35,12,[ 1 10],36,89,101,53,75
1,<environment.Job instance at 0x7ff57ca472d0>,28,1,[2 8],29,101,102,72,85
1,<environment.Job instance at 0x7ff57ca47af0>,39,14,[5 7],40,102,116,62,87
1,<environment.Job instance at 0x7ff57ca464b0>,48,15,[8 5],49,116,131,67,102
1,<environment.Job instance at 0x7ff57ca46960>,56,18,[4 6],57,131,149,74,121
1,<environment.Job instance at 0x7ff57ca46d20>,61,3,[9 2],62,170,173,108,170
1,<environment.Job instance at 0x7ff57ca46d70>,62,18,[6 3],63,173,191,110,171
1,<environment.Job instance at 0x7ff57ca46cd0>,64,2,[1 8],65,171,173,106,171
1,<environment.Job instance at 0x7ff57ca46eb0>,63,2,[9 1],64,191,193,127,172
1,<environment.Job instance at 0x7ff57ca46dc0>,65,16,[6 3],66,193,209,127,180
1,<environment.Job instance at 0x7ff57c5520f0>,67,2,[2 8],68,209,211,141,185
1,<environment.Job instance at 0x7ff57c5521e0>,70,15,[7 5],71,211,226,140,206
1,<environment.Job instance at 0x7ff5c77e1050>,2,15,[5 1],3,3,18,0,3
1,<environment.Job instance at 0x7ff57c74db90>,3,18,[5 9],4,4,22,0,4
1,<environment.Job instance at 0x7ff5c4db61e0>,8,14,[5 9],9,22,36,13,9
1,<environment.Job instance at 0x7ff5c4db10a0>,16,14,[3 9],17,36,50,19,23
1,<environment.Job instance at 0x7ff5c4db16e0>,20,3,[1 7],21,50,53,29,24
1,<environment.Job instance at 0x7ff5c4db1690>,18,3,[5 9],19,53,56,34,32
1,<environment.Job instance at 0x7ff5c4db1190>,22,3,[ 1 10],23,56,59,33,32
1,<environment.Job instance at 0x7ff5c4db11e0>,23,3,[7 3],24,50,53,26,35
1,<environment.Job instance at 0x7ff5c4db1e10>,26,16,[5 5],27,59,75,32,47
1,<environment.Job instance at 0x7ff5c4db1410>,30,14,[6 4],31,75,89,44,61
1,<environment.Job instance at 0x7ff5c4db1f00>,31,18,[3 6],32,75,93,43,67
1,<environment.Job instance at 0x7ff5c2223050>,36,2,[5 1],37,69,71,32,69
1,<environment.Job instance at 0x7ff5c2223a50>,39,18,[7 5],40,93,111,53,86
1,<environment.Job instance at 0x7ff5c2223410>,42,16,[9 2],43,111,127,68,98
1,<environment.Job instance at 0x7ff5c4db1780>,13,27,[1 8],14,111,138,97,111
1,<environment.Job instance at 0x7ff5c2216550>,53,2,[5 6],54,138,140,84,128
1,<environment.Job instance at 0x7ff5c2216f00>,52,18,[5 1],53,128,146,75,128
1,<environment.Job instance at 0x7ff5c2216fa0>,55,3,[6 5],56,146,149,90,133
1,<environment.Job instance at 0x7ff5c2223cd0>,48,17,[10  3],49,149,166,100,137
1,<environment.Job instance at 0x7ff5c2216410>,56,3,[8 2],57,166,169,109,141
1,<environment.Job instance at 0x7ff5c2216f50>,60,14,[3 6],61,169,183,108,154
1,<environment.Job instance at 0x7ff5c22168c0>,65,17,[7 1],66,169,186,103,160
1,<environment.Job instance at 0x7ff5c2216230>,57,13,[7 3],58,186,199,128,171
1,<environment.Job instance at 0x7ff57c795be0>,70,15,[1 6],71,183,198,112,171
1,<environment.Job instance at 0x7ff57c7957d0>,73,2,[10  5],74,199,201,125,187
1,<environment.Job instance at 0x7ff5c24b4460>,74,12,[8 4],75,201,213,126,187
1,<environment.Job instance at 0x7ff57c7954b0>,71,14,[10  4],72,213,227,141,198
1,<environment.Job instance at 0x7ff5c24b45f0>,75,15,[7 4],76,227,242,151,213
1,<environment.Job instance at 0x7ff57ca2f960>,2,13,[4 8],3,3,16,0,3
1,<environment.Job instance at 0x7ff57c6402d0>,17,1,[9 4],18,29,30,11,29
1,<environment.Job instance at 0x7ff57c7cf190>,11,1,[10  4],12,30,31,18,29
1,<environment.Job instance at 0x7ff5c49a3be0>,18,17,[5 5],19,31,48,12,29
1,<environment.Job instance at 0x7ff5c49a3d70>,20,15,[9 4],21,48,63,27,36
1,<environment.Job instance at 0x7ff5c238b7d0>,19,14,[3 7],20,63,77,43,48
1,<environment.Job instance at 0x7ff57c7edaa0>,33,1,[7 2],34,63,64,29,49
1,<environment.Job instance at 0x7ff5c283ea00>,37,13,[9 4],38,77,90,39,68
1,<environment.Job instance at 0x7ff5c4ed1960>,40,15,[4 5],41,90,105,49,76
1,<environment.Job instance at 0x7ff57c7cfc80>,14,15,[9 1],15,105,120,90,91
1,<environment.Job instance at 0x7ff5c22eb320>,44,3,[6 1],45,95,98,50,95
1,<environment.Job instance at 0x7ff5c4f2c870>,50,16,[9 2],51,120,136,69,107
1,<environment.Job instance at 0x7ff5c22ebf50>,48,16,[ 5 10],49,136,152,87,124
1,<environment.Job instance at 0x7ff5c22eb820>,52,2,[5 8],53,152,154,99,126
1,<environment.Job instance at 0x7ff5c7649aa0>,53,12,[4 6],54,154,166,100,137
1,<environment.Job instance at 0x7ff5c2748dc0>,58,3,[8 2],59,166,169,107,143
1,<environment.Job instance at 0x7ff5c27488c0>,59,3,[ 5 10],60,169,172,109,143
1,<environment.Job instance at 0x7ff5c2748b40>,60,1,[4 6],61,172,173,111,144
1,<environment.Job instance at 0x7ff5c2748280>,61,1,[4 6],62,173,174,111,145
1,<environment.Job instance at 0x7ff5c2748f50>,64,2,[ 2 10],65,174,176,109,147
1,<environment.Job instance at 0x7ff5c78ceaa0>,65,1,[9 5],66,176,177,110,148
1,<environment.Job instance at 0x7ff5c2748410>,66,1,[2 6],67,166,167,99,148
1,<environment.Job instance at 0x7ff57c9213c0>,69,15,[6 3],70,177,192,107,163
1,<environment.Job instance at 0x7ff5c4e36eb0>,73,12,[6 2],74,192,204,118,176
1,<environment.Job instance at 0x7ff57c9215a0>,74,17,[9 5],75,204,221,129,192
1,<environment.Job instance at 0x7ff57c7c01e0>,81,14,[4 6],82,221,235,139,206
1,<environment.Job instance at 0x7ff57c9445f0>,5,12,[5 6],6,6,18,0,6
1,<environment.Job instance at 0x7ff57c6d2870>,6,17,[5 5],7,18,35,11,7
1,<environment.Job instance at 0x7ff57c59a0f0>,13,16,[4 9],14,35,51,21,22
1,<environment.Job instance at 0x7ff5c20eefa0>,18,15,[3 6],19,51,66,32,41
1,<environment.Job instance at 0x7ff57c62bb40>,28,1,[6 1],29,63,64,34,63
1,<environment.Job instance at 0x7ff57c62b730>,29,15,[5 2],30,64,79,34,63
1,<environment.Job instance at 0x7ff5c20ee690>,20,28,[5 6],21,66,94,45,65
1,<environment.Job instance at 0x7ff57c62bd70>,33,3,[5 8],34,94,97,60,79
1,<environment.Job instance at 0x7ff57c62beb0>,35,3,[1 5],36,97,100,61,80
1,<environment.Job instance at 0x7ff57c61d0f0>,36,15,[9 5],37,97,112,60,83
1,<environment.Job instance at 0x7ff57c61d370>,39,1,[10  3],40,112,113,72,88
1,<environment.Job instance at 0x7ff57c61d500>,42,17,[4 5],43,113,130,70,101
1,<environment.Job instance at 0x7ff57c62be60>,32,16,[9 4],33,130,146,97,125
1,<environment.Job instance at 0x7ff57c61d910>,48,3,[7 1],49,146,149,97,125
1,<environment.Job instance at 0x7ff57c61da50>,49,1,[7 3],50,149,150,99,125
1,<environment.Job instance at 0x7ff57c61dbe0>,53,15,[7 2],54,150,165,96,136
1,<environment.Job instance at 0x7ff57c61dc30>,58,14,[1 7],59,146,160,87,136
1,<environment.Job instance at 0x7ff57c647280>,63,15,[10  4],64,165,180,101,151
1,<environment.Job instance at 0x7ff57c6477d0>,69,14,[9 5],70,180,194,110,168
1,<environment.Job instance at 0x7ff57c6479b0>,71,13,[5 8],72,194,207,122,178
1,<environment.Job instance at 0x7ff57c61da00>,50,15,[ 4 10],51,207,222,156,193
1,<environment.Job instance at 0x7ff57c647e10>,80,1,[4 8],81,222,223,141,211
1,<environment.Job instance at 0x7ff57c6310f0>,81,16,[ 4 10],82,223,239,141,212
1,<environment.Job instance at 0x7ff57ca03c30>,7,16,[1 5],8,8,24,0,8
1,<environment.Job instance at 0x7ff57ca03b90>,9,1,[5 6],10,24,25,14,10
1,<environment.Job instance at 0x7ff57ca039b0>,8,2,[7 3],9,10,12,1,10
1,<environment.Job instance at 0x7ff57c9bb3c0>,11,16,[2 7],12,25,41,13,12
1,<environment.Job instance at 0x7ff57c9bbd20>,14,13,[5 4],15,41,54,26,25
1,<environment.Job instance at 0x7ff57ca0e640>,16,2,[7 3],17,34,36,17,34
1,<environment.Job instance at 0x7ff57c9bbc80>,13,13,[6 5],14,54,67,40,43
1,<environment.Job instance at 0x7ff5c232b820>,19,2,[4 6],20,43,45,23,43
1,<environment.Job instance at 0x7ff5c232bc30>,18,2,[2 7],19,67,69,48,43
1,<environment.Job instance at 0x7ff57c965a50>,24,1,[8 1],25,67,68,42,52
1,<environment.Job instance at 0x7ff57cab8370>,22,17,[1 7],23,69,86,46,57
1,<environment.Job instance at 0x7ff5c4f45cd0>,25,16,[1 6],26,86,102,60,73
1,<environment.Job instance at 0x7ff57c814550>,28,14,[5 4],29,86,100,57,74
1,<environment.Job instance at 0x7ff57ca03140>,6,1,[5 7],7,102,103,95,74
1,<environment.Job instance at 0x7ff5c74d9280>,32,2,[5 7],33,103,105,70,82
1,<environment.Job instance at 0x7ff5c2411230>,33,12,[4 9],34,105,117,71,89
1,<environment.Job instance at 0x7ff5c2774d20>,35,3,[1 6],36,117,120,81,92
1,<environment.Job instance at 0x7ff57cbb8d70>,41,13,[ 3 10],42,120,133,78,108
1,<environment.Job instance at 0x7ff5c22c2500>,46,16,[6 1],47,133,149,86,121
1,<environment.Job instance at 0x7ff5c4a1ac80>,52,14,[9 1],53,149,163,96,140
1,<environment.Job instance at 0x7ff5c4a1a370>,54,3,[8 2],55,163,166,108,143
1,<environment.Job instance at 0x7ff5c4a1a460>,56,3,[8 5],57,166,169,109,144
1,<environment.Job instance at 0x7ff5c2619e60>,60,18,[5 8],61,169,187,108,159
1,<environment.Job instance at 0x7ff5c2843460>,63,2,[2 8],64,187,189,123,171
1,<environment.Job instance at 0x7ff5c2843dc0>,69,13,[ 2 10],70,189,202,119,174
1,<environment.Job instance at 0x7ff5c28438c0>,70,15,[4 9],71,202,217,131,188
1,<environment.Job instance at 0x7ff5c2843410>,74,2,[5 2],75,217,219,142,194
1,<environment.Job instance at 0x7ff5c21620a0>,75,3,[5 1],76,202,205,126,194
1,<environment.Job instance at 0x7ff5c2162460>,79,15,[5 6],80,217,232,137,203
1,<environment.Job instance at 0x7ff5c4bf85f0>,83,16,[ 4 10],84,232,248,148,220
1,<environment.Job instance at 0x7ff57c9455a0>,2,17,[1 9],3,7,24,4,7
1,<environment.Job instance at 0x7ff5c77e1050>,12,3,[10  5],13,24,27,11,23
1,<environment.Job instance at 0x7ff5c77e1af0>,14,14,[10  4],15,41,55,26,41
1,<environment.Job instance at 0x7ff5c4a83960>,15,12,[ 3 10],16,55,67,39,41
1,<environment.Job instance at 0x7ff5c4ae0be0>,20,16,[9 2],21,67,83,46,65
1,<environment.Job instance at 0x7ff5c7785d20>,27,17,[8 2],28,83,100,55,79
1,<environment.Job instance at 0x7ff5c7785a50>,28,17,[1 6],29,79,96,50,79
1,<environment.Job instance at 0x7ff5c22daf50>,29,17,[9 2],30,100,117,70,88
1,<environment.Job instance at 0x7ff57ca3f410>,42,2,[2 7],43,96,98,53,95
1,<environment.Job instance at 0x7ff57cc4bb90>,44,17,[8 3],45,117,134,72,105
1,<environment.Job instance at 0x7ff57cc4b3c0>,48,15,[8 3],49,134,149,85,121
1,<environment.Job instance at 0x7ff57cc4b8c0>,56,3,[6 2],57,149,152,92,135
1,<environment.Job instance at 0x7ff57c946190>,57,1,[6 3],58,152,153,94,135
1,<environment.Job instance at 0x7ff57cc4b370>,55,17,[ 2 10],56,153,170,97,141
1,<environment.Job instance at 0x7ff5c256c370>,71,12,[6 3],72,170,182,98,169
1,<environment.Job instance at 0x7ff5c4e73730>,72,16,[10  2],73,182,198,109,171
1,<environment.Job instance at 0x7ff5c23b7960>,76,13,[9 5],77,198,211,121,182
1,<environment.Job instance at 0x7ff5c49ea0f0>,78,14,[ 4 10],79,211,225,132,196
1,<environment.Job instance at 0x7ff5c272d0f0>,82,15,[7 3],83,225,240,142,215
1,<environment.Job instance at 0x7ff5c4ae06e0>,2,14,[9 3],3,3,17,0,3
1,<environment.Job instance at 0x7ff5c20bb550>,6,16,[4 9],7,17,33,10,7
1,<environment.Job instance at 0x7ff5c76491e0>,9,14,[3 8],10,33,47,23,18
1,<environment.Job instance at 0x7ff5c22bbcd0>,18,14,[6 3],19,47,61,28,33
1,<environment.Job instance at 0x7ff5c20cf690>,19,2,[3 7],20,47,49,27,33
1,<environment.Job instance at 0x7ff5c20cf5a0>,20,17,[8 4],21,61,78,40,49
1,<environment.Job instance at 0x7ff5c76490f0>,12,2,[8 2],13,78,80,65,59
1,<environment.Job instance at 0x7ff5c20cf910>,23,13,[8 3],24,80,93,56,64
1,<environment.Job instance at 0x7ff5c20cfaa0>,27,1,[2 6],28,69,70,41,69
1,<environment.Job instance at 0x7ff5c20cfd20>,31,13,[5 2],32,93,106,61,77
1,<environment.Job instance at 0x7ff5c20cff00>,34,17,[4 7],35,93,110,58,88
1,<environment.Job instance at 0x7ff5c20c45f0>,42,14,[10  1],43,110,124,67,95
1,<environment.Job instance at 0x7ff5c20c47d0>,45,14,[5 7],46,124,138,78,109
1,<environment.Job instance at 0x7ff5c20c4910>,47,15,[3 9],48,138,153,90,124
1,<environment.Job instance at 0x7ff5c20d6230>,58,18,[ 4 10],59,167,185,108,167
1,<environment.Job instance at 0x7ff5c20d6050>,59,13,[7 2],60,185,198,125,169
1,<environment.Job instance at 0x7ff5c20d6370>,60,14,[2 6],61,185,199,124,170
1,<environment.Job instance at 0x7ff5c20d6870>,65,3,[3 9],66,199,202,133,176
1,<environment.Job instance at 0x7ff5c20d6780>,75,18,[5 8],76,210,228,134,210
1,<environment.Job instance at 0x7ff5c20d6eb0>,76,18,[3 9],77,228,246,151,217
1,<environment.Job instance at 0x7ff5c4acc910>,4,17,[3 7],5,7,24,2,7
1,<environment.Job instance at 0x7ff5c48a2af0>,9,18,[2 9],10,24,42,14,13
1,<environment.Job instance at 0x7ff57c4fcaf0>,16,12,[8 3],17,42,54,25,31
1,<environment.Job instance at 0x7ff5c48a2320>,11,14,[ 1 10],12,54,68,42,40
1,<environment.Job instance at 0x7ff57c4fcdc0>,27,3,[8 3],28,68,71,40,50
1,<environment.Job instance at 0x7ff57c4fc2d0>,28,1,[9 5],29,71,72,42,50
1,<environment.Job instance at 0x7ff57c4fc0a0>,30,2,[9 4],31,72,74,41,50
1,<environment.Job instance at 0x7ff57ca16c30>,33,3,[9 5],34,74,77,40,52
1,<environment.Job instance at 0x7ff5c78c5f00>,31,1,[3 8],32,77,78,45,56
1,<environment.Job instance at 0x7ff5c48a2c80>,6,14,[7 5],7,78,92,71,66
1,<environment.Job instance at 0x7ff57ca16fa0>,39,2,[4 5],40,92,94,52,86
1,<environment.Job instance at 0x7ff57ca167d0>,40,1,[10  3],41,94,95,53,86
1,<environment.Job instance at 0x7ff57ca160a0>,43,3,[2 6],44,95,98,51,88
1,<environment.Job instance at 0x7ff57ca16050>,44,2,[9 2],45,98,100,53,89
1,<environment.Job instance at 0x7ff5c20bc870>,45,12,[8 3],46,100,112,54,98
1,<environment.Job instance at 0x7ff5c20bcbe0>,47,17,[5 5],48,112,129,64,100
1,<environment.Job instance at 0x7ff5c20bc0f0>,48,14,[9 5],49,129,143,80,114
1,<environment.Job instance at 0x7ff5c20bcaa0>,51,15,[7 3],52,143,158,91,130
1,<environment.Job instance at 0x7ff5c4a8c050>,55,1,[ 1 10],56,158,159,102,134
1,<environment.Job instance at 0x7ff5c7684500>,60,18,[5 4],61,159,177,98,159
1,<environment.Job instance at 0x7ff5c20bc9b0>,49,14,[8 5],50,178,192,128,178
1,<environment.Job instance at 0x7ff5c2548be0>,70,12,[2 6],71,192,204,121,182
1,<environment.Job instance at 0x7ff5c25484b0>,69,3,[6 1],70,192,195,122,183
1,<environment.Job instance at 0x7ff5c2548c80>,73,3,[7 2],74,195,198,121,183
1,<environment.Job instance at 0x7ff5c25482d0>,71,2,[6 2],72,198,200,126,184
1,<environment.Job instance at 0x7ff5c2548460>,80,17,[10  1],81,206,223,125,206
1,<environment.Job instance at 0x7ff5c277df50>,11,3,[1 8],12,13,16,1,13
1,<environment.Job instance at 0x7ff5c277deb0>,13,17,[ 4 10],14,16,33,2,14
1,<environment.Job instance at 0x7ff5c277d320>,17,12,[9 2],18,33,45,15,19
1,<environment.Job instance at 0x7ff5c2405230>,23,1,[8 4],24,45,46,21,33
1,<environment.Job instance at 0x7ff5c277d410>,12,26,[1 5],13,33,59,20,33
1,<environment.Job instance at 0x7ff5c24055f0>,25,1,[8 5],26,46,47,20,33
1,<environment.Job instance at 0x7ff5c277d2d0>,15,15,[8 3],16,47,62,31,33
1,<environment.Job instance at 0x7ff5c2405d70>,24,15,[4 7],25,62,77,37,48
1,<environment.Job instance at 0x7ff5c4a345f0>,36,18,[7 1],37,90,108,53,90
1,<environment.Job instance at 0x7ff5c2405e10>,26,3,[2 5],27,110,113,83,110
1,<environment.Job instance at 0x7ff5c4a34820>,43,3,[9 4],44,113,116,69,110
1,<environment.Job instance at 0x7ff5c23a8a50>,44,14,[2 7],45,116,130,71,110
1,<environment.Job instance at 0x7ff5c23a85f0>,45,2,[1 9],46,130,132,84,112
1,<environment.Job instance at 0x7ff5c4a34be0>,37,3,[7 5],38,132,135,94,112
1,<environment.Job instance at 0x7ff5c23a80f0>,48,16,[5 1],49,116,132,67,112
1,<environment.Job instance at 0x7ff5c23a84b0>,49,1,[6 4],50,112,113,62,112
1,<environment.Job instance at 0x7ff5c4a34fa0>,42,13,[1 9],43,135,148,92,119
1,<environment.Job instance at 0x7ff5c23a8d70>,58,3,[5 9],59,148,151,89,136
1,<environment.Job instance at 0x7ff5c212ba50>,62,16,[1 9],63,151,167,88,140
1,<environment.Job instance at 0x7ff57c973690>,67,13,[7 1],68,151,164,83,148
1,<environment.Job instance at 0x7ff57c973820>,69,12,[4 8],70,167,179,97,150
1,<environment.Job instance at 0x7ff5c4c01a50>,74,17,[10  5],75,179,196,104,167
1,<environment.Job instance at 0x7ff5c22e5910>,78,13,[3 6],79,196,209,117,180
1,<environment.Job instance at 0x7ff5c23a8550>,46,16,[9 3],47,209,225,162,197
1,<environment.Job instance at 0x7ff5c248f690>,87,1,[ 5 10],88,225,226,137,204
1,<environment.Job instance at 0x7ff5c248fb90>,89,2,[1 9],90,226,228,136,207
1,<environment.Job instance at 0x7ff5c248f7d0>,91,2,[10  4],92,228,230,136,208
1,<environment.Job instance at 0x7ff5c277d6e0>,2,16,[9 3],3,3,19,0,3
1,<environment.Job instance at 0x7ff5c500edc0>,8,13,[5 7],9,19,32,10,9
1,<environment.Job instance at 0x7ff57c3db6e0>,16,3,[10  1],17,32,35,15,31
1,<environment.Job instance at 0x7ff5c7688e60>,19,2,[7 4],20,40,42,20,40
1,<environment.Job instance at 0x7ff57c3db8c0>,20,2,[1 9],21,43,45,22,43
1,<environment.Job instance at 0x7ff5c4cfb500>,23,3,[6 1],24,43,46,19,43
1,<environment.Job instance at 0x7ff5c4cfbdc0>,24,3,[1 6],25,45,48,20,43
1,<environment.Job instance at 0x7ff5c4cfb5f0>,21,18,[4 9],22,48,66,26,43
1,<environment.Job instance at 0x7ff5c4cfbbe0>,26,1,[7 1],27,46,47,19,43
1,<environment.Job instance at 0x7ff5c4cfb050>,28,18,[8 3],29,66,84,37,55
1,<environment.Job instance at 0x7ff5c4cfbe60>,25,16,[2 7],26,66,82,40,55
1,<environment.Job instance at 0x7ff5c4cfbfa0>,29,15,[6 5],30,84,99,54,70
1,<environment.Job instance at 0x7ff5c4d0eeb0>,33,18,[6 3],34,99,117,65,88
1,<environment.Job instance at 0x7ff5c4d2b0a0>,40,1,[2 7],41,114,115,73,114
1,<environment.Job instance at 0x7ff5c4d0e370>,41,2,[ 1 10],42,117,119,75,115
1,<environment.Job instance at 0x7ff5c4d0e0f0>,42,3,[2 6],43,119,122,76,115
1,<environment.Job instance at 0x7ff5c240a780>,43,12,[4 8],44,122,134,78,115
1,<environment.Job instance at 0x7ff5c2644870>,44,2,[10  3],45,134,136,89,115
1,<environment.Job instance at 0x7ff5c264faf0>,45,1,[5 2],46,119,120,73,115
1,<environment.Job instance at 0x7ff5c4d0ec30>,39,15,[9 3],40,136,151,96,123
1,<environment.Job instance at 0x7ff5c2429eb0>,50,3,[5 7],51,151,154,100,126
1,<environment.Job instance at 0x7ff5c265cf00>,52,3,[1 5],53,136,139,83,126
1,<environment.Job instance at 0x7ff5c265c5f0>,53,2,[5 6],54,154,156,100,127
1,<environment.Job instance at 0x7ff5c2166c30>,54,1,[2 5],55,156,157,101,128
1,<environment.Job instance at 0x7ff5c4b23e10>,11,28,[7 5],12,163,191,151,163
1,<environment.Job instance at 0x7ff57caf0460>,65,14,[6 1],66,191,205,125,178
1,<environment.Job instance at 0x7ff5c2851f50>,68,15,[1 8],69,191,206,122,181
1,<environment.Job instance at 0x7ff57caeccd0>,75,14,[8 4],76,206,220,130,199
1,<environment.Job instance at 0x7ff57caec550>,80,17,[8 2],81,220,237,139,215
1,<environment.Job instance at 0x7ff57caecc30>,81,14,[4 9],82,237,251,155,222
1,<environment.Job instance at 0x7ff5c24a3960>,3,14,[4 8],4,5,19,1,5
1,<environment.Job instance at 0x7ff57c564640>,5,17,[3 9],6,19,36,13,7
1,<environment.Job instance at 0x7ff57c9fea00>,17,3,[6 1],18,18,21,0,18
1,<environment.Job instance at 0x7ff5c20bc550>,20,14,[ 3 10],21,36,50,15,31
1,<environment.Job instance at 0x7ff57cc299b0>,23,14,[9 2],24,50,64,26,36
1,<environment.Job instance at 0x7ff5c500e550>,30,15,[1 6],31,51,66,20,51
1,<environment.Job instance at 0x7ff57c511b40>,35,16,[8 5],36,72,88,36,72
1,<environment.Job instance at 0x7ff57c9e57d0>,36,13,[4 5],37,88,101,51,72
1,<environment.Job instance at 0x7ff57cba9e60>,47,13,[5 5],48,88,101,40,79
1,<environment.Job instance at 0x7ff5c20dc1e0>,49,2,[1 8],50,101,103,51,94
1,<environment.Job instance at 0x7ff57cc29fa0>,24,15,[3 7],25,103,118,78,94
1,<environment.Job instance at 0x7ff5c491d5f0>,50,12,[10  4],51,118,130,67,101
1,<environment.Job instance at 0x7ff57ccfaa50>,51,12,[4 5],52,130,142,78,115
1,<environment.Job instance at 0x7ff57c90deb0>,57,12,[6 2],58,130,142,72,124
1,<environment.Job instance at 0x7ff57c90d550>,60,1,[7 1],61,142,143,81,126
1,<environment.Job instance at 0x7ff57c90d500>,56,16,[ 5 10],57,143,159,86,131
1,<environment.Job instance at 0x7ff57c6a85f0>,66,1,[5 5],67,159,160,92,140
1,<environment.Job instance at 0x7ff5c4b45410>,70,2,[10  1],71,160,162,89,143
1,<environment.Job instance at 0x7ff57c6a8eb0>,65,15,[5 1],66,162,177,96,148
1,<environment.Job instance at 0x7ff57cb69f50>,77,2,[5 7],78,162,164,84,160
1,<environment.Job instance at 0x7ff57cb69140>,78,12,[1 6],79,164,176,85,160
1,<environment.Job instance at 0x7ff5c27fa190>,80,16,[6 2],81,177,193,96,164
1,<environment.Job instance at 0x7ff5c27fab40>,82,1,[5 5],83,176,177,93,164
1,<environment.Job instance at 0x7ff5c4cf1e60>,84,14,[10  4],85,193,207,108,183
1,<environment.Job instance at 0x7ff5c4ce8460>,86,2,[8 3],87,207,209,120,185
1,<environment.Job instance at 0x7ff57cb696e0>,75,13,[5 1],76,213,226,137,213
1,<environment.Job instance at 0x7ff5c4d69a50>,4,1,[7 2],5,5,6,0,5
1,<environment.Job instance at 0x7ff57cb69460>,1,14,[2 7],2,7,21,5,7
1,<environment.Job instance at 0x7ff57c332140>,12,15,[ 3 10],13,23,38,10,23
1,<environment.Job instance at 0x7ff57c332e60>,14,17,[9 5],15,38,55,23,26
1,<environment.Job instance at 0x7ff57c332690>,21,1,[5 1],22,55,56,33,48
1,<environment.Job instance at 0x7ff57c3321e0>,22,2,[5 7],23,55,57,32,52
1,<environment.Job instance at 0x7ff57c3327d0>,23,1,[5 6],24,57,58,33,53
1,<environment.Job instance at 0x7ff57c332370>,24,13,[10  5],25,58,71,33,53
1,<environment.Job instance at 0x7ff57c2e1f00>,29,17,[8 4],30,71,88,41,59
1,<environment.Job instance at 0x7ff57c2e1c30>,31,16,[2 6],32,71,87,39,59
1,<environment.Job instance at 0x7ff57c32b960>,34,13,[2 5],35,87,100,52,78
1,<environment.Job instance at 0x7ff57c32b550>,37,3,[4 9],38,100,103,62,86
1,<environment.Job instance at 0x7ff57c32b320>,42,18,[6 4],43,103,121,60,94
1,<environment.Job instance at 0x7ff57c32b4b0>,47,12,[2 5],48,119,131,71,119
1,<environment.Job instance at 0x7ff57c32b0a0>,49,15,[8 4],50,121,136,71,121
1,<environment.Job instance at 0x7ff57cb2d0f0>,55,13,[2 6],56,131,144,75,127
1,<environment.Job instance at 0x7ff57cb2d6e0>,61,12,[7 4],62,136,148,74,133
1,<environment.Job instance at 0x7ff57c8092d0>,62,18,[7 3],63,148,166,85,137
1,<environment.Job instance at 0x7ff57c809fa0>,65,16,[5 7],66,166,182,100,153
1,<environment.Job instance at 0x7ff57c809af0>,70,17,[8 3],71,182,199,111,171
1,<environment.Job instance at 0x7ff57c809f50>,73,13,[10  3],74,199,212,125,183
1,<environment.Job instance at 0x7ff57c809500>,76,15,[1 5],77,212,227,135,199
1,<environment.Job instance at 0x7ff57c809640>,80,14,[6 1],81,212,226,131,199
1,<environment.Job instance at 0x7ff5c2108c80>,6,3,[1 8],7,7,10,0,7
1,<environment.Job instance at 0x7ff57c32e0f0>,7,1,[3 5],8,10,11,2,8
1,<environment.Job instance at 0x7ff57c2e1190>,3,22,[5 4],4,10,32,6,10
1,<environment.Job instance at 0x7ff57c9fdeb0>,9,2,[2 5],10,14,16,4,14
1,<environment.Job instance at 0x7ff57c9fd8c0>,8,2,[5 7],9,32,34,23,14
1,<environment.Job instance at 0x7ff57cb326e0>,17,3,[9 2],18,34,37,16,18
1,<environment.Job instance at 0x7ff57cb32190>,18,1,[1 6],19,19,20,0,19
1,<environment.Job instance at 0x7ff5c283f6e0>,20,2,[2 6],21,21,23,0,21
1,<environment.Job instance at 0x7ff57c5004b0>,21,3,[5 8],22,37,40,15,22
1,<environment.Job instance at 0x7ff5c2878fa0>,26,2,[5 5],27,30,32,3,30
1,<environment.Job instance at 0x7ff57cb324b0>,16,16,[3 6],17,40,56,23,32
1,<environment.Job instance at 0x7ff5c2878280>,31,13,[5 5],32,56,69,24,41
1,<environment.Job instance at 0x7ff5c2878f00>,27,2,[9 3],28,69,71,41,50
1,<environment.Job instance at 0x7ff57c8847d0>,36,2,[3 5],37,58,60,21,58
1,<environment.Job instance at 0x7ff5c2878c80>,28,16,[1 8],29,71,87,42,58
1,<environment.Job instance at 0x7ff57c9a7be0>,39,2,[6 3],40,87,89,47,87
1,<environment.Job instance at 0x7ff57c8598c0>,48,3,[9 1],49,89,92,40,87
1,<environment.Job instance at 0x7ff57c9b4e10>,49,15,[6 1],50,92,107,42,87
1,<environment.Job instance at 0x7ff5c4e0ff50>,56,12,[1 9],57,106,118,49,106
1,<environment.Job instance at 0x7ff5c20f84b0>,57,18,[7 1],58,107,125,49,106
1,<environment.Job instance at 0x7ff5c4e0f7d0>,58,16,[10  3],59,125,141,66,112
1,<environment.Job instance at 0x7ff57c991e10>,63,16,[4 9],64,141,157,77,128
1,<environment.Job instance at 0x7ff57c991910>,66,3,[ 4 10],67,157,160,90,132
1,<environment.Job instance at 0x7ff57c6648c0>,71,12,[1 7],72,160,172,88,143
1,<environment.Job instance at 0x7ff57c664eb0>,77,3,[5 5],78,172,175,94,155
1,<environment.Job instance at 0x7ff57c583a50>,81,16,[ 2 10],82,175,191,93,162
1,<environment.Job instance at 0x7ff57c9c8690>,50,17,[2 8],51,191,208,140,179
1,<environment.Job instance at 0x7ff57c574d20>,89,27,[5 9],90,208,235,118,207
1,<environment.Job instance at 0x7ff57c809c80>,11,12,[7 5],12,14,26,2,14
1,<environment.Job instance at 0x7ff5c2110e60>,13,2,[9 4],14,26,28,12,14
1,<environment.Job instance at 0x7ff5c2651820>,14,18,[3 8],15,28,46,13,17
1,<environment.Job instance at 0x7ff5c2110730>,18,13,[5 9],19,46,59,27,31
1,<environment.Job instance at 0x7ff5c24964b0>,30,12,[3 8],31,59,71,28,53
1,<environment.Job instance at 0x7ff5c2436cd0>,34,18,[6 3],35,71,89,36,67
1,<environment.Job instance at 0x7ff5c4ab2cd0>,37,16,[2 6],38,71,87,33,67
1,<environment.Job instance at 0x7ff5c5009960>,40,17,[6 4],41,89,106,48,89
1,<environment.Job instance at 0x7ff5c264fa50>,42,18,[9 5],43,106,124,63,98
1,<environment.Job instance at 0x7ff5c264ffa0>,48,14,[3 8],49,126,140,77,126
1,<environment.Job instance at 0x7ff5c264f320>,50,13,[6 5],51,140,153,89,129
1,<environment.Job instance at 0x7ff5c23490f0>,55,12,[5 1],56,153,165,97,147
1,<environment.Job instance at 0x7ff5c23498c0>,57,3,[9 3],58,165,168,107,147
1,<environment.Job instance at 0x7ff5c2349870>,59,1,[8 4],60,168,169,108,147
1,<environment.Job instance at 0x7ff5c23493c0>,61,2,[1 9],62,153,155,91,151
1,<environment.Job instance at 0x7ff5c2349aa0>,65,15,[8 2],66,169,184,103,155
1,<environment.Job instance at 0x7ff5c2794f50>,71,18,[6 1],72,184,202,112,173
1,<environment.Job instance at 0x7ff5c2747eb0>,73,14,[2 9],74,184,198,110,173
1,<environment.Job instance at 0x7ff5c2747b90>,77,3,[1 7],78,179,182,101,179
1,<environment.Job instance at 0x7ff5c2747d20>,78,12,[3 5],79,198,210,119,182
1,<environment.Job instance at 0x7ff5c2747f00>,79,2,[6 4],80,202,204,122,183
1,<environment.Job instance at 0x7ff57c82e960>,82,1,[7 5],83,204,205,121,188
1,<environment.Job instance at 0x7ff5c4e6e690>,83,2,[ 3 10],84,210,212,126,188
1,<environment.Job instance at 0x7ff5c4e6e230>,84,2,[1 8],85,212,214,127,188
1,<environment.Job instance at 0x7ff5c4e6ebe0>,85,3,[9 5],86,214,217,128,188
1,<environment.Job instance at 0x7ff57c3c24b0>,88,1,[10  4],89,217,218,128,205
1,<environment.Job instance at 0x7ff5c22af730>,89,18,[5 2],90,218,236,128,207
1,<environment.Job instance at 0x7ff57c781870>,1,17,[3 6],2,2,19,0,2
1,<environment.Job instance at 0x7ff57c781280>,2,17,[ 4 10],3,19,36,16,7
1,<environment.Job instance at 0x7ff5c21e4820>,11,18,[5 5],12,36,54,24,25
1,<environment.Job instance at 0x7ff5c21e45a0>,14,17,[6 1],15,54,71,39,42
1,<environment.Job instance at 0x7ff57cc6cb90>,17,1,[6 2],18,71,72,53,59
1,<environment.Job instance at 0x7ff57c814a00>,31,17,[6 1],32,72,89,40,60
1,<environment.Job instance at 0x7ff57cc6ca00>,30,12,[ 4 10],31,89,101,58,74
1,<environment.Job instance at 0x7ff5c4892190>,43,13,[10  1],44,101,114,57,91
1,<environment.Job instance at 0x7ff5c4892e10>,38,26,[2 5],39,118,144,79,118
1,<environment.Job instance at 0x7ff5c4892370>,50,1,[ 5 10],51,144,145,93,118
1,<environment.Job instance at 0x7ff5c48922d0>,51,1,[9 3],52,145,146,93,119
1,<environment.Job instance at 0x7ff57c34f690>,52,1,[1 7],53,145,146,92,120
1,<environment.Job instance at 0x7ff57c34f190>,53,1,[5 4],54,120,121,66,120
1,<environment.Job instance at 0x7ff57c34f050>,55,2,[8 2],56,125,127,69,125
1,<environment.Job instance at 0x7ff57c34fd20>,57,3,[9 4],58,146,149,88,128
1,<environment.Job instance at 0x7ff57c34f6e0>,58,14,[9 3],59,149,163,90,134
1,<environment.Job instance at 0x7ff57c34faf0>,65,16,[2 7],66,163,179,97,150
1,<environment.Job instance at 0x7ff57c3b1a50>,70,13,[8 2],71,163,176,92,156
1,<environment.Job instance at 0x7ff57c3b1410>,73,15,[3 5],74,179,194,105,166
1,<environment.Job instance at 0x7ff57c3b15a0>,79,13,[3 6],80,194,207,114,178
1,<environment.Job instance at 0x7ff57ca2ea00>,90,16,[8 2],91,207,223,116,201
1,<environment.Job instance at 0x7ff5c77ded70>,2,15,[4 9],3,3,18,0,3
1,<environment.Job instance at 0x7ff5c274feb0>,6,15,[6 4],7,18,33,11,8
1,<environment.Job instance at 0x7ff57c6faeb0>,18,3,[10  4],19,33,36,14,28
1,<environment.Job instance at 0x7ff5c2766c30>,16,12,[10  3],17,36,48,19,28
1,<environment.Job instance at 0x7ff57c6fa910>,21,12,[4 6],22,48,60,26,32
1,<environment.Job instance at 0x7ff57c6fa410>,25,1,[1 5],26,60,61,34,41
1,<environment.Job instance at 0x7ff57c6fa0f0>,19,14,[5 9],20,61,75,41,47
1,<environment.Job instance at 0x7ff57c5000f0>,35,1,[5 9],36,75,76,39,60
1,<environment.Job instance at 0x7ff57c4ee0a0>,39,17,[6 3],40,84,101,44,84
1,<environment.Job instance at 0x7ff5c4e5f7d0>,43,17,[10  3],44,101,118,57,89
1,<environment.Job instance at 0x7ff5c4e5fd20>,50,1,[4 5],51,92,93,41,92
1,<environment.Job instance at 0x7ff5c4e5f550>,40,1,[ 5 10],41,118,119,77,92
1,<environment.Job instance at 0x7ff5c4e65fa0>,51,2,[4 7],52,93,95,41,92
1,<environment.Job instance at 0x7ff5c4e65730>,63,13,[6 5],64,141,154,77,141
1,<environment.Job instance at 0x7ff5c4e68a00>,65,2,[3 7],66,156,158,90,156
1,<environment.Job instance at 0x7ff5c4e689b0>,67,18,[4 5],68,158,176,90,156
1,<environment.Job instance at 0x7ff5c4e68af0>,68,15,[5 4],69,158,173,89,156
1,<environment.Job instance at 0x7ff5c4e68d20>,71,15,[4 9],72,176,191,104,163
1,<environment.Job instance at 0x7ff5c4e68c30>,74,17,[3 6],75,191,208,116,179
1,<environment.Job instance at 0x7ff5c4e68eb0>,79,17,[7 1],80,199,216,119,199
1,<environment.Job instance at 0x7ff5c4e8a410>,83,12,[9 4],84,216,228,132,203
1,<environment.Job instance at 0x7ff5c4e8ad70>,89,13,[4 9],90,228,241,138,212
1,<environment.Job instance at 0x7fcd263ba370>,5,2,[1 5],6,7,9,1,7
1,<environment.Job instance at 0x7fcd263ba5f0>,7,1,[5 4],8,8,9,0,8
1,<environment.Job instance at 0x7fcd263ba6e0>,8,13,[5 5],9,9,22,0,9
1,<environment.Job instance at 0x7fcd263baa00>,11,15,[4 8],12,22,37,10,16
1,<environment.Job instance at 0x7fcd263bac80>,15,18,[2 8],16,43,61,27,43
1,<environment.Job instance at 0x7fcd263baf00>,18,3,[4 7],19,61,64,42,47
1,<environment.Job instance at 0x7fcd263be3c0>,25,12,[ 5 10],26,69,81,43,69
1,<environment.Job instance at 0x7fcd263be500>,27,15,[8 4],28,81,96,53,69
1,<environment.Job instance at 0x7fcd263be6e0>,30,14,[5 2],31,96,110,65,81
1,<environment.Job instance at 0x7fcd263be8c0>,33,14,[5 5],34,96,110,62,81
1,<environment.Job instance at 0x7fcd263bea00>,35,15,[9 5],36,110,125,74,96
1,<environment.Job instance at 0x7fcd263beeb0>,43,18,[5 5],44,125,143,81,114
1,<environment.Job instance at 0x7fcd263c04b0>,47,2,[6 5],48,143,145,95,129
1,<environment.Job instance at 0x7fcd263bab40>,13,18,[ 4 10],14,145,163,131,134
1,<environment.Job instance at 0x7fcd263c0af0>,53,17,[5 7],54,163,180,109,151
1,<environment.Job instance at 0x7fcd263c0e10>,58,14,[2 7],59,180,194,121,165
1,<environment.Job instance at 0x7fcd263c1370>,66,3,[7 4],67,194,197,127,186
1,<environment.Job instance at 0x7fcd263c02d0>,49,16,[2 5],50,194,210,144,189
1,<environment.Job instance at 0x7fcd263c14b0>,68,2,[ 3 10],69,210,212,141,195
1,<environment.Job instance at 0x7fcd2d938cd0>,2,2,[6 2],3,3,5,0,3
1,<environment.Job instance at 0x7fcd2d938dc0>,4,14,[2 5],5,5,19,0,5
1,<environment.Job instance at 0x7fcd2d9388c0>,5,16,[7 5],6,6,22,0,6
1,<environment.Job instance at 0x7fcd2d7f2820>,14,1,[8 4],15,22,23,7,22
1,<environment.Job instance at 0x7fcd2d7f28c0>,16,3,[ 5 10],17,30,33,13,30
1,<environment.Job instance at 0x7fcd2d7f2fa0>,22,13,[ 5 10],23,67,80,44,67
1,<environment.Job instance at 0x7fcd2d7f2b90>,23,16,[ 3 10],24,80,96,56,68
1,<environment.Job instance at 0x7fcd2d93d410>,32,3,[4 7],33,105,108,72,105
1,<environment.Job instance at 0x7fcd2d93a6e0>,40,2,[3 8],41,117,119,76,117
1,<environment.Job instance at 0x7fcd2d93af00>,41,15,[10  4],42,119,134,77,117
1,<environment.Job instance at 0x7fcd2d93a730>,43,3,[1 9],44,134,137,90,118
1,<environment.Job instance at 0x7fcd2d7f5f00>,48,14,[9 5],49,137,151,88,129
1,<environment.Job instance at 0x7fcd2d936b40>,59,14,[3 6],60,160,174,100,160
1,<environment.Job instance at 0x7fcd2d944500>,65,16,[ 2 10],66,174,190,108,165
1,<environment.Job instance at 0x7fcd2d944410>,69,14,[2 6],70,190,204,120,180
1,<environment.Job instance at 0x7fcd2d944140>,72,14,[2 9],73,204,218,131,189
1,<environment.Job instance at 0x7fcd2d93e780>,80,18,[10  3],81,218,236,137,207
1,<environment.Job instance at 0x7fcd2d944460>,1,18,[2 8],2,2,20,0,2
1,<environment.Job instance at 0x7fcce275e500>,9,13,[6 3],10,20,33,10,16
1,<environment.Job instance at 0x7fcce275ed20>,14,3,[4 7],15,21,24,6,21
1,<environment.Job instance at 0x7fcce275e8c0>,6,14,[10  1],7,33,47,26,21
1,<environment.Job instance at 0x7fcce275ecd0>,17,3,[1 6],18,47,50,29,31
1,<environment.Job instance at 0x7fcce275e9b0>,19,2,[5 8],20,50,52,30,34
1,<environment.Job instance at 0x7fcce26bbfa0>,24,16,[7 5],25,52,68,27,39
1,<environment.Job instance at 0x7fcce26bb550>,28,18,[4 6],29,68,86,39,57
1,<environment.Job instance at 0x7fcce26bbe60>,33,12,[9 1],34,86,98,52,69
1,<environment.Job instance at 0x7fcce275ed70>,8,15,[7 5],9,98,113,89,88
1,<environment.Job instance at 0x7fcce26b5820>,54,2,[8 5],55,125,127,70,125
1,<environment.Job instance at 0x7fcce26b5d70>,55,1,[8 1],56,127,128,71,125
1,<environment.Job instance at 0x7fcce26de730>,58,13,[5 1],59,158,171,99,158
1,<environment.Job instance at 0x7fcce26decd0>,60,2,[ 5 10],61,171,173,110,159
1,<environment.Job instance at 0x7fcce26de370>,62,2,[2 6],63,159,161,96,159
1,<environment.Job instance at 0x7fcce26defa0>,63,2,[7 3],64,173,175,109,161
1,<environment.Job instance at 0x7fcce26dec30>,64,15,[10  4],65,175,190,110,166
1,<environment.Job instance at 0x7fcce26de0f0>,59,2,[10  2],60,190,192,130,172
1,<environment.Job instance at 0x7fcce26de280>,66,1,[2 7],67,173,174,106,172
1,<environment.Job instance at 0x7fcce26de910>,68,13,[8 5],69,196,209,127,196
1,<environment.Job instance at 0x7fcce26de320>,71,2,[1 5],72,196,198,124,196
1,<environment.Job instance at 0x7fcce26adb90>,73,3,[9 5],74,209,212,135,198
1,<environment.Job instance at 0x7fcce26ad280>,74,2,[7 4],75,212,214,137,199
1,<environment.Job instance at 0x7fcce26de780>,70,18,[6 1],71,214,232,143,203
1,<environment.Job instance at 0x7fcce26ad910>,80,15,[8 2],81,232,247,151,222
1,<environment.Job instance at 0x7fcce2656640>,6,16,[ 5 10],7,7,23,0,7
1,<environment.Job instance at 0x7fcd26122e60>,7,1,[4 5],8,23,24,15,9
1,<environment.Job instance at 0x7fcce2741aa0>,8,1,[2 9],9,24,25,15,10
1,<environment.Job instance at 0x7fcce2b5b460>,9,13,[4 6],10,25,38,15,21
1,<environment.Job instance at 0x7fcce2b5bf00>,11,17,[10  3],12,38,55,26,26
1,<environment.Job instance at 0x7fcce2b490f0>,24,18,[3 6],25,55,73,30,47
1,<environment.Job instance at 0x7fcce2b5b640>,10,15,[7 1],11,57,72,46,57
1,<environment.Job instance at 0x7fcce2b5b0a0>,12,13,[1 6],13,73,86,60,57
1,<environment.Job instance at 0x7fcd2675d3c0>,28,2,[9 4],29,73,75,44,60
1,<environment.Job instance at 0x7fcce2b49cd0>,27,16,[9 4],28,75,91,47,66
1,<environment.Job instance at 0x7fcd2675d640>,34,15,[4 6],35,91,106,56,77
1,<environment.Job instance at 0x7fcd2675db40>,39,2,[8 2],40,106,108,66,85
1,<environment.Job instance at 0x7fcd2675db90>,29,3,[ 2 10],30,108,111,78,86
1,<environment.Job instance at 0x7fcd2675d5a0>,40,2,[1 7],41,106,108,65,87
1,<environment.Job instance at 0x7fcd2675d690>,41,1,[ 4 10],42,111,112,69,88
1,<environment.Job instance at 0x7fcce2c88870>,47,1,[5 5],48,112,113,64,89
1,<environment.Job instance at 0x7fcce2c88b90>,48,2,[6 3],49,91,93,42,89
1,<environment.Job instance at 0x7fcce2b915f0>,49,3,[7 2],50,113,116,63,89
1,<environment.Job instance at 0x7fcce2b91c30>,55,16,[10  4],56,116,132,60,104
1,<environment.Job instance at 0x7fcce2b91780>,58,14,[7 5],59,132,146,73,130
1,<environment.Job instance at 0x7fcce2cd6230>,64,17,[7 2],65,146,163,81,134
1,<environment.Job instance at 0x7fcce2a7adc0>,71,17,[2 6],72,146,163,74,137
1,<environment.Job instance at 0x7fcce2b59cd0>,79,17,[9 1],80,168,185,88,168
1,<environment.Job instance at 0x7fcce26ad460>,85,13,[ 1 10],86,185,198,99,173
1,<environment.Job instance at 0x7fcce26ad1e0>,89,15,[10  2],90,198,213,108,185
1,<environment.Job instance at 0x7fcce26adf00>,90,13,[5 6],91,213,226,122,198
1,<environment.Job instance at 0x7fcd2675dfa0>,1,14,[1 5],2,2,16,0,2
1,<environment.Job instance at 0x7fcce26ad5a0>,7,3,[3 5],8,8,11,0,8
1,<environment.Job instance at 0x7fcce2a7fd20>,8,15,[8 5],9,11,26,2,9
1,<environment.Job instance at 0x7fcce278d5f0>,12,3,[ 4 10],13,26,29,13,16
1,<environment.Job instance at 0x7fcce2747410>,10,1,[5 1],11,29,30,18,19
1,<environment.Job instance at 0x7fcd2679b460>,18,17,[7 4],19,30,47,11,19
1,<environment.Job instance at 0x7fcce2aa6640>,22,18,[6 3],23,47,65,24,37
1,<environment.Job instance at 0x7fcce2aa65a0>,21,3,[9 2],22,65,68,43,60
1,<environment.Job instance at 0x7fcce2aa6c30>,31,3,[ 4 10],32,68,71,36,60
1,<environment.Job instance at 0x7fcce2aa6e10>,34,17,[8 5],35,71,88,36,60
1,<environment.Job instance at 0x7fcce2aa6fa0>,36,2,[3 8],37,88,90,51,61
1,<environment.Job instance at 0x7fcce25c10f0>,40,19,[6 3],41,93,112,52,93
1,<environment.Job instance at 0x7fcce25c1640>,44,16,[10  3],45,112,128,67,99
1,<environment.Job instance at 0x7fcce25c1aa0>,51,18,[2 9],52,128,146,76,117
1,<environment.Job instance at 0x7fcce25c3140>,61,13,[5 3],62,146,159,84,130
1,<environment.Job instance at 0x7fcce25c3280>,62,15,[5 1],63,134,149,71,134
1,<environment.Job instance at 0x7fcce25c37d0>,67,2,[2 6],68,149,151,81,148
1,<environment.Job instance at 0x7fcce25c35a0>,66,1,[7 2],67,159,160,92,150
1,<environment.Job instance at 0x7fcce25c36e0>,68,14,[5 9],69,160,174,91,151
1,<environment.Job instance at 0x7fcce25c3c30>,74,1,[5 8],75,174,175,99,172
1,<environment.Job instance at 0x7fcce25c3cd0>,75,12,[2 9],76,175,187,99,172
1,<environment.Job instance at 0x7fcce25c3d70>,76,14,[3 9],77,187,201,110,172
1,<environment.Job instance at 0x7fcce25c6190>,82,3,[ 1 10],83,201,204,118,179
1,<environment.Job instance at 0x7fcce25c6230>,83,3,[7 3],84,204,207,120,179
1,<environment.Job instance at 0x7fcce25c62d0>,84,17,[3 9],85,207,224,122,195
1,<environment.Job instance at 0x7fcce25c6640>,88,2,[5 7],89,224,226,135,199
1,<environment.Job instance at 0x7fcce25c6550>,89,15,[7 1],90,207,222,117,199
1,<environment.Job instance at 0x7fcce25c7690>,3,2,[5 6],4,4,6,0,4
1,<environment.Job instance at 0x7fcce25c7910>,5,3,[6 5],6,7,10,1,7
1,<environment.Job instance at 0x7fcd2cf8e2d0>,9,15,[ 1 10],10,12,27,2,12
1,<environment.Job instance at 0x7fcd2cf8ecd0>,12,15,[1 6],13,27,42,14,13
1,<environment.Job instance at 0x7fcd2cf8e8c0>,15,17,[7 1],16,30,47,14,30
1,<environment.Job instance at 0x7fcd2cf8e050>,20,15,[1 6],21,42,57,21,34
1,<environment.Job instance at 0x7fcd2cf8e0f0>,19,14,[10  1],20,57,71,37,42
1,<environment.Job instance at 0x7fcd2d193410>,27,14,[6 2],28,71,85,43,60
1,<environment.Job instance at 0x7fcd2d193f50>,30,12,[8 1],31,85,97,54,68
1,<environment.Job instance at 0x7fcd2d193dc0>,25,15,[7 4],26,97,112,71,86
1,<environment.Job instance at 0x7fcd2d193190>,34,12,[6 5],35,112,124,77,95
1,<environment.Job instance at 0x7fcce2c9ec80>,45,1,[8 2],46,124,125,78,99
1,<environment.Job instance at 0x7fcd2d193960>,35,2,[4 7],36,125,127,89,122
1,<environment.Job instance at 0x7fcce2c9e320>,47,2,[8 4],48,127,129,79,127
1,<environment.Job instance at 0x7fcce2c9e730>,51,13,[1 7],52,129,142,77,127
1,<environment.Job instance at 0x7fcce2c9e5a0>,52,13,[4 8],53,142,155,89,127
1,<environment.Job instance at 0x7fcd2626a050>,64,15,[9 1],65,155,170,90,147
1,<environment.Job instance at 0x7fcd2cf8e550>,21,14,[10  4],22,170,184,148,160
1,<environment.Job instance at 0x7fcd2626abe0>,70,15,[9 4],71,184,199,113,171
1,<environment.Job instance at 0x7fcd2626a960>,72,13,[1 5],73,184,197,111,171
1,<environment.Job instance at 0x7fcd2626a690>,74,2,[10  3],75,199,201,124,172
1,<environment.Job instance at 0x7fcd2626a0a0>,75,3,[5 5],76,201,204,125,176
1,<environment.Job instance at 0x7fcd2629b410>,81,2,[5 1],82,201,203,119,187
1,<environment.Job instance at 0x7fcd2629b5a0>,78,3,[10  4],79,204,207,125,188
1,<environment.Job instance at 0x7fcd2626a320>,69,14,[3 7],70,207,221,137,192
1,<environment.Job instance at 0x7fcd2629c820>,90,15,[4 5],91,221,236,130,207
1,<environment.Job instance at 0x7fcce291bd70>,3,16,[6 5],4,5,21,1,5
1,<environment.Job instance at 0x7fcce29b3910>,6,1,[2 6],7,21,22,14,8
1,<environment.Job instance at 0x7fcce261c7d0>,8,18,[1 9],9,22,40,13,11
1,<environment.Job instance at 0x7fcce28467d0>,15,16,[5 3],16,40,56,24,29
1,<environment.Job instance at 0x7fcce28bb3c0>,19,13,[3 6],20,40,53,20,35
1,<environment.Job instance at 0x7fcd2cc7ba00>,21,14,[4 6],22,53,67,31,38
1,<environment.Job instance at 0x7fcce261c0f0>,9,15,[6 3],10,56,71,46,52
1,<environment.Job instance at 0x7fcd2d348230>,28,2,[8 5],29,71,73,42,52
1,<environment.Job instance at 0x7fcd2cdad9b0>,30,3,[2 7],31,67,70,36,52
1,<environment.Job instance at 0x7fcce275daf0>,31,17,[10  4],32,73,90,41,61
1,<environment.Job instance at 0x7fcce2a7ef00>,10,15,[3 9],11,90,105,79,79
1,<environment.Job instance at 0x7fcd265ecf50>,40,1,[5 9],41,105,106,64,79
1,<environment.Job instance at 0x7fcd2cf24aa0>,41,3,[8 4],42,106,109,64,80
1,<environment.Job instance at 0x7fcd265ec4b0>,39,2,[5 6],40,109,111,69,83
1,<environment.Job instance at 0x7fcd2ce7eaa0>,47,13,[8 2],48,111,124,63,100
1,<environment.Job instance at 0x7fcd2ce7ea00>,49,3,[7 4],50,124,127,74,100
1,<environment.Job instance at 0x7fcd2ce7e780>,52,17,[1 6],53,111,128,58,103
1,<environment.Job instance at 0x7fcd2ce7e5a0>,53,16,[4 9],54,128,144,74,115
1,<environment.Job instance at 0x7fcd26855370>,59,18,[9 5],60,144,162,84,134
1,<environment.Job instance at 0x7fcd262e5d20>,64,17,[6 5],65,168,185,103,168
1,<environment.Job instance at 0x7fcd2d0a33c0>,67,16,[ 5 10],68,185,201,117,182
1,<environment.Job instance at 0x7fcce2751050>,72,16,[9 4],73,201,217,128,193
1,<environment.Job instance at 0x7fcce27515a0>,73,3,[5 8],74,217,220,143,193
1,<environment.Job instance at 0x7fcd2d222f50>,74,1,[6 1],75,220,221,145,196
1,<environment.Job instance at 0x7fcd2cc3ec80>,75,3,[1 5],76,201,204,125,196
1,<environment.Job instance at 0x7fcce2656870>,80,16,[5 1],81,221,237,140,210
1,<environment.Job instance at 0x7fcd2cd86780>,82,17,[4 5],83,220,237,137,214
1,<environment.Job instance at 0x7fcd268e0230>,2,18,[9 4],3,4,22,1,4
1,<environment.Job instance at 0x7fcd26317690>,6,12,[6 3],7,22,34,15,7
1,<environment.Job instance at 0x7fcd2d15c0a0>,10,1,[4 8],11,34,35,23,13
1,<environment.Job instance at 0x7fcd2d15c370>,8,17,[5 7],9,35,52,26,23
1,<environment.Job instance at 0x7fcd262c83c0>,21,13,[2 8],22,52,65,30,36
1,<environment.Job instance at 0x7fcd2d15cb90>,12,3,[5 2],13,40,43,27,40
1,<environment.Job instance at 0x7fcd262c89b0>,26,18,[4 6],27,65,83,38,55
1,<environment.Job instance at 0x7fcd262c8f50>,33,17,[10  5],34,83,100,49,71
1,<environment.Job instance at 0x7fcd262d56e0>,42,15,[3 8],43,100,115,57,91
1,<environment.Job instance at 0x7fcd262d5690>,45,15,[9 1],46,115,130,69,105
1,<environment.Job instance at 0x7fcd262c8910>,25,17,[7 4],26,130,147,104,121
1,<environment.Job instance at 0x7fcd262d5af0>,52,17,[1 7],53,147,164,94,135
1,<environment.Job instance at 0x7fcd262cb050>,62,2,[5 7],63,164,166,101,139
1,<environment.Job instance at 0x7fcd262d5c30>,54,1,[8 1],55,147,148,92,141
1,<environment.Job instance at 0x7fcd262cb460>,63,12,[4 9],64,166,178,102,150
1,<environment.Job instance at 0x7fcd262cb690>,65,3,[1 6],66,178,181,112,154
1,<environment.Job instance at 0x7fcd262cb7d0>,67,1,[5 7],68,181,182,113,154
1,<environment.Job instance at 0x7fcd262cb870>,68,16,[2 7],69,182,198,113,174
1,<environment.Job instance at 0x7fcd262cb9b0>,70,3,[7 3],71,182,185,111,182
1,<environment.Job instance at 0x7fcd262cbcd0>,71,13,[ 3 10],72,198,211,126,182
1,<environment.Job instance at 0x7fcd262cb4b0>,78,1,[ 1 10],79,211,212,132,188
1,<environment.Job instance at 0x7fcd262cbb90>,79,2,[3 6],80,212,214,132,188
1,<environment.Job instance at 0x7fcd262da370>,81,15,[9 5],82,214,229,132,200
1,<environment.Job instance at 0x7fcce2bbcf00>,6,2,[7 2],7,8,10,1,8
1,<environment.Job instance at 0x7fcce2bbc230>,7,15,[6 1],8,10,25,2,9
1,<environment.Job instance at 0x7fcce2bbc5a0>,9,1,[9 4],10,25,26,15,10
1,<environment.Job instance at 0x7fcd262c8b40>,3,16,[ 4 10],4,26,42,22,13
1,<environment.Job instance at 0x7fcd2d935730>,10,20,[9 5],11,42,62,31,34
1,<environment.Job instance at 0x7fcd2cf78eb0>,23,14,[5 5],24,62,76,38,47
1,<environment.Job instance at 0x7fcd262edc30>,27,16,[5 8],28,76,92,48,63
1,<environment.Job instance at 0x7fcce2665230>,32,3,[10  5],33,92,95,59,67
1,<environment.Job instance at 0x7fcce2651d20>,34,14,[10  4],35,95,109,60,80
1,<environment.Job instance at 0x7fcd26673f50>,36,12,[9 4],37,109,121,72,92
1,<environment.Job instance at 0x7fcd26240730>,41,2,[5 5],42,121,123,79,99
1,<environment.Job instance at 0x7fcce2bbc500>,8,18,[5 8],9,123,141,114,115
1,<environment.Job instance at 0x7fcd266553c0>,47,17,[8 2],48,141,158,93,129
1,<environment.Job instance at 0x7fcd261c0500>,44,1,[10  4],45,158,159,113,140
1,<environment.Job instance at 0x7fcd26476230>,53,2,[1 7],54,142,144,88,142
1,<environment.Job instance at 0x7fcd26476a00>,54,2,[1 6],55,144,146,89,142
1,<environment.Job instance at 0x7fcce2a23d70>,56,3,[9 2],57,159,162,102,142
1,<environment.Job instance at 0x7fcd264766e0>,52,15,[2 9],53,162,177,109,148
1,<environment.Job instance at 0x7fcd2ce5e8c0>,65,2,[3 7],66,177,179,111,151
1,<environment.Job instance at 0x7fcd2ce5efa0>,64,17,[8 3],65,179,196,114,169
1,<environment.Job instance at 0x7fcd2ce5eb90>,69,16,[10  5],70,196,212,126,183
1,<environment.Job instance at 0x7fcd2d026280>,79,2,[5 4],80,212,214,132,186
1,<environment.Job instance at 0x7fcd2d0267d0>,83,14,[5 5],84,212,226,128,198
1,<environment.Job instance at 0x7fcd2d026e60>,84,12,[7 4],85,226,238,141,210
1,<environment.Job instance at 0x7fcd2635fd20>,3,13,[3 7],4,4,17,0,4
1,<environment.Job instance at 0x7fcce2a00960>,4,15,[6 4],5,17,32,12,7
1,<environment.Job instance at 0x7fcce2a009b0>,5,1,[5 2],6,10,11,4,10
1,<environment.Job instance at 0x7fcd2cf637d0>,9,2,[3 7],10,32,34,22,10
1,<environment.Job instance at 0x7fcce2a00410>,6,3,[8 3],7,34,37,27,14
1,<environment.Job instance at 0x7fcd26779f50>,14,1,[9 2],15,37,38,22,16
1,<environment.Job instance at 0x7fcce2916c80>,13,2,[2 7],14,34,36,20,16
1,<environment.Job instance at 0x7fcd26779c30>,15,3,[9 1],16,38,41,22,19
1,<environment.Job instance at 0x7fcd2d25ac80>,19,14,[3 8],20,41,55,21,26
1,<environment.Job instance at 0x7fcce2c4fdc0>,26,12,[7 5],27,55,67,28,38
1,<environment.Job instance at 0x7fcd267d1b90>,27,16,[8 4],28,67,83,39,54
1,<environment.Job instance at 0x7fcd2cff9cd0>,18,15,[7 1],19,83,98,64,69
1,<environment.Job instance at 0x7fcce2afa870>,35,1,[7 1],36,98,99,62,79
1,<environment.Job instance at 0x7fcd262a9230>,31,14,[ 5 10],32,99,113,67,84
1,<environment.Job instance at 0x7fcce28897d0>,44,17,[4 7],45,113,130,68,108
1,<environment.Job instance at 0x7fcd2cf6bd70>,47,14,[2 6],48,130,144,82,119
1,<environment.Job instance at 0x7fcd2cf6b0a0>,48,12,[5 1],49,119,131,70,119
1,<environment.Job instance at 0x7fcd2cf6b460>,50,2,[8 5],51,144,146,93,119
1,<environment.Job instance at 0x7fcd2cf6b910>,53,3,[1 6],54,146,149,92,123
1,<environment.Job instance at 0x7fcd2cf6bbe0>,55,14,[5 7],56,149,163,93,134
1,<environment.Job instance at 0x7fcce2a45870>,60,18,[5 4],61,163,181,102,153
1,<environment.Job instance at 0x7fcce2a45370>,61,1,[4 7],62,181,182,119,153
1,<environment.Job instance at 0x7fcce2a45c30>,58,15,[ 4 10],59,182,197,123,168
1,<environment.Job instance at 0x7fcd26673aa0>,68,18,[ 4 10],69,197,215,128,186
1,<environment.Job instance at 0x7fcd2642e870>,74,16,[9 2],75,215,231,140,202
1,<environment.Job instance at 0x7fcd2cc53e10>,4,17,[3 7],5,7,24,2,7
1,<environment.Job instance at 0x7fcd26689aa0>,7,2,[9 1],8,24,26,16,9
1,<environment.Job instance at 0x7fcd2cc53820>,8,2,[ 2 10],9,26,28,17,10
1,<environment.Job instance at 0x7fcce2a67f50>,9,18,[2 9],10,28,46,18,17
1,<environment.Job instance at 0x7fcd2d05ee10>,24,15,[10  2],25,46,61,21,37
1,<environment.Job instance at 0x7fcd2d0603c0>,29,1,[7 3],30,61,62,31,39
1,<environment.Job instance at 0x7fcd2d060230>,30,2,[9 4],31,62,64,31,39
1,<environment.Job instance at 0x7fcd2d204cd0>,10,18,[5 5],11,64,82,53,54
1,<environment.Job instance at 0x7fcd2d060640>,33,3,[9 5],34,82,85,48,57
1,<environment.Job instance at 0x7fcd2d060c80>,38,3,[9 2],39,85,88,46,70
1,<environment.Job instance at 0x7fcd2d060eb0>,39,2,[4 5],40,70,72,30,70
1,<environment.Job instance at 0x7fcd2d060fa0>,41,14,[1 5],42,72,86,30,70
1,<environment.Job instance at 0x7fcd2d060d20>,42,17,[5 1],43,88,105,45,76
1,<environment.Job instance at 0x7fcd2d0606e0>,34,14,[5 9],35,88,102,53,76
1,<environment.Job instance at 0x7fcd2d05f280>,45,12,[8 3],46,105,117,59,88
1,<environment.Job instance at 0x7fcd2d060d70>,44,2,[9 2],45,117,119,72,93
1,<environment.Job instance at 0x7fcd2d05f870>,55,1,[ 1 10],56,119,120,63,105
1,<environment.Job instance at 0x7fcd2d05f8c0>,56,13,[5 9],57,120,133,63,105
1,<environment.Job instance at 0x7fcd2d05fc30>,59,1,[10  5],60,133,134,73,126
1,<environment.Job instance at 0x7fcd2d05fcd0>,60,18,[5 4],61,134,152,73,126
1,<environment.Job instance at 0x7fcd2cd8e050>,67,3,[5 6],68,135,138,67,135
1,<environment.Job instance at 0x7fcd2cd8e190>,69,3,[6 1],70,152,155,82,135
1,<environment.Job instance at 0x7fcd2cd8eaa0>,78,17,[7 5],79,171,188,92,171
1,<environment.Job instance at 0x7fcd2cd8e410>,79,13,[4 8],80,188,201,108,178
1,<environment.Job instance at 0x7fcd2cd8ea50>,80,17,[10  1],81,201,218,120,190
1,<environment.Job instance at 0x7fcd2cd7b320>,1,3,[1 8],2,2,5,0,2
1,<environment.Job instance at 0x7fcd26273460>,3,17,[ 4 10],4,5,22,1,5
1,<environment.Job instance at 0x7fcd26273820>,6,1,[9 3],7,22,23,15,7
1,<environment.Job instance at 0x7fcd26273aa0>,7,12,[9 2],8,23,35,15,8
1,<environment.Job instance at 0x7fcd26273690>,8,3,[5 8],9,35,38,26,9
1,<environment.Job instance at 0x7fcd2cda52d0>,9,2,[3 9],10,38,40,28,11
1,<environment.Job instance at 0x7fcd2cda55f0>,13,1,[8 4],14,40,41,26,15
1,<environment.Job instance at 0x7fcd2cda5500>,14,15,[4 7],15,41,56,26,27
1,<environment.Job instance at 0x7fcd2d1c4d70>,22,15,[1 6],23,56,71,33,46
1,<environment.Job instance at 0x7fcce2a45be0>,24,13,[1 9],25,71,84,46,56
1,<environment.Job instance at 0x7fcce2a45eb0>,32,13,[1 9],33,84,97,51,81
1,<environment.Job instance at 0x7fcd26568f50>,38,16,[5 1],39,81,97,42,81
1,<environment.Job instance at 0x7fcd265685a0>,40,17,[4 7],41,97,114,56,85
1,<environment.Job instance at 0x7fcd26568cd0>,43,12,[4 5],44,114,126,70,97
1,<environment.Job instance at 0x7fcce2afa050>,50,18,[3 6],51,126,144,75,115
1,<environment.Job instance at 0x7fcce254efa0>,59,12,[4 8],60,144,156,84,128
1,<environment.Job instance at 0x7fcd2d253aa0>,64,17,[10  5],65,156,173,91,144
1,<environment.Job instance at 0x7fcd2d253320>,70,14,[3 5],71,173,187,102,163
1,<environment.Job instance at 0x7fcce25745f0>,75,17,[ 5 10],76,187,204,111,175
1,<environment.Job instance at 0x7fcd26565fa0>,83,16,[9 5],84,204,220,120,195
1,<environment.Job instance at 0x7fcd265652d0>,87,14,[ 5 10],88,220,234,132,207
1,<environment.Job instance at 0x7fcce2bb0b40>,3,3,[6 1],4,5,8,1,5
1,<environment.Job instance at 0x7fcd2cf07320>,5,16,[2 7],6,7,23,1,7
1,<environment.Job instance at 0x7fcce2cf2a50>,9,15,[6 5],10,23,38,13,10
1,<environment.Job instance at 0x7fcd2cdace10>,6,1,[7 1],7,18,19,11,18
1,<environment.Job instance at 0x7fcd2cdfa4b0>,4,3,[1 6],5,38,41,33,19
1,<environment.Job instance at 0x7fcce2cf2910>,8,18,[8 3],9,38,56,29,27
1,<environment.Job instance at 0x7fcce2554a00>,19,15,[9 3],20,57,72,37,57
1,<environment.Job instance at 0x7fcce2554af0>,26,15,[4 7],27,72,87,45,59
1,<environment.Job instance at 0x7fcd2cfb3640>,13,18,[6 3],14,75,93,61,75
1,<environment.Job instance at 0x7fcce2554370>,30,3,[5 7],31,93,96,62,80
1,<environment.Job instance at 0x7fcce2554e10>,32,3,[1 5],33,87,90,54,80
1,<environment.Job instance at 0x7fcd261b1500>,33,2,[5 6],34,96,98,62,80
1,<environment.Job instance at 0x7fcce2cf2780>,12,15,[ 2 10],13,98,113,85,84
1,<environment.Job instance at 0x7fcd2d519d70>,38,1,[1 5],39,90,91,51,84
1,<environment.Job instance at 0x7fcce2554640>,31,3,[7 4],32,113,116,81,91
1,<environment.Job instance at 0x7fcd2d519e10>,40,17,[5 9],41,116,133,75,104
1,<environment.Job instance at 0x7fcd262b5050>,48,15,[1 8],49,133,148,84,119
1,<environment.Job instance at 0x7fcd262b58c0>,53,1,[5 5],54,148,149,94,124
1,<environment.Job instance at 0x7fcd2d519f50>,39,13,[4 5],40,148,161,108,135
1,<environment.Job instance at 0x7fcd2d519dc0>,41,17,[9 4],42,161,178,119,151
1,<environment.Job instance at 0x7fcce28ad0a0>,58,3,[6 2],59,152,155,93,152
1,<environment.Job instance at 0x7fcce28ade10>,64,15,[2 5],65,178,193,113,167
1,<environment.Job instance at 0x7fcce29f6eb0>,69,2,[5 1],70,178,180,108,173
1,<environment.Job instance at 0x7fcd262b59b0>,56,18,[ 2 10],57,193,211,136,184
1,<environment.Job instance at 0x7fcce29f6b90>,72,13,[3 7],73,211,224,138,195
1,<environment.Job instance at 0x7fcce29f62d0>,77,16,[3 5],78,224,240,146,211
1,<environment.Job instance at 0x7fcd2d337a00>,10,2,[7 1],11,11,13,0,11
1,<environment.Job instance at 0x7fcce2cb63c0>,9,18,[7 2],10,13,31,3,13
1,<environment.Job instance at 0x7fcd2643f3c0>,13,12,[5 8],14,31,43,17,14
1,<environment.Job instance at 0x7fcd2cca4190>,15,3,[10  1],16,43,46,27,26
1,<environment.Job instance at 0x7fcd26455550>,20,12,[10  4],21,46,58,25,29
1,<environment.Job instance at 0x7fcce298f730>,14,1,[2 5],15,58,59,43,31
1,<environment.Job instance at 0x7fcd26710820>,25,3,[4 8],26,59,62,33,36
1,<environment.Job instance at 0x7fcd2670f5a0>,28,3,[2 8],29,62,65,33,41
1,<environment.Job instance at 0x7fcd26710cd0>,29,2,[4 5],30,65,67,35,41
1,<environment.Job instance at 0x7fcd2670f140>,31,2,[2 6],32,67,69,35,42
1,<environment.Job instance at 0x7fcd2670ffa0>,30,1,[7 1],31,58,59,27,43
1,<environment.Job instance at 0x7fcd2670f780>,34,12,[3 9],35,69,81,34,52
1,<environment.Job instance at 0x7fcd2670cd70>,39,1,[5 1],40,59,60,19,53
1,<environment.Job instance at 0x7fcd2670c140>,40,2,[10  1],41,81,83,40,54
1,<environment.Job instance at 0x7fcd2671ff00>,42,3,[10  3],43,83,86,40,57
1,<environment.Job instance at 0x7fcce29e6320>,48,12,[1 6],49,86,98,37,86
1,<environment.Job instance at 0x7fcce26f3c30>,50,16,[6 2],51,86,102,35,86
1,<environment.Job instance at 0x7fcce29caa00>,54,14,[10  4],55,109,123,54,109
1,<environment.Job instance at 0x7fcd2cdad1e0>,56,2,[8 3],57,123,125,66,111
1,<environment.Job instance at 0x7fcd26827140>,57,13,[7 4],58,125,138,67,111
1,<environment.Job instance at 0x7fcd2624e690>,60,13,[10  1],61,138,151,77,136
1,<environment.Job instance at 0x7fcd2d1c0140>,61,16,[5 7],62,151,167,89,138
1,<environment.Job instance at 0x7fcce26f38c0>,43,15,[8 4],44,167,182,123,155
1,<environment.Job instance at 0x7fcd26710f50>,26,16,[ 5 10],27,182,198,155,170
1,<environment.Job instance at 0x7fcce23db640>,72,3,[5 1],73,198,201,125,177
1,<environment.Job instance at 0x7fcce23db190>,73,18,[10  5],74,201,219,127,190
1,<environment.Job instance at 0x7fcce23f0d20>,80,3,[ 4 10],81,219,222,138,197
1,<environment.Job instance at 0x7fcd2d18ccd0>,79,14,[3 5],80,222,236,142,207
1,<environment.Job instance at 0x7fcce265d550>,81,3,[6 5],82,222,225,140,214
1,<environment.Job instance at 0x7fcce287d960>,4,13,[2 8],5,6,19,1,6
1,<environment.Job instance at 0x7fcd26768500>,11,12,[5 1],12,12,24,0,12
1,<environment.Job instance at 0x7fcd2cfabf50>,15,13,[2 6],16,19,32,3,16
1,<environment.Job instance at 0x7fcd2d7f4280>,18,18,[5 6],19,32,50,13,21
1,<environment.Job instance at 0x7fcd2cca9b90>,22,18,[7 3],23,50,68,27,40
1,<environment.Job instance at 0x7fcd2cca9820>,26,12,[4 6],27,68,80,41,51
1,<environment.Job instance at 0x7fcd26865d70>,31,12,[7 5],32,80,92,48,73
1,<environment.Job instance at 0x7fcce25434b0>,32,12,[5 4],33,92,104,59,75
1,<environment.Job instance at 0x7fcd2cc29460>,19,1,[3 5],20,80,81,60,75
1,<environment.Job instance at 0x7fcd2d314b40>,34,17,[5 6],35,92,109,57,80
1,<environment.Job instance at 0x7fcd2633e550>,46,13,[ 1 10],47,109,122,62,93
1,<environment.Job instance at 0x7fcd267640f0>,49,15,[8 4],50,122,137,72,108
1,<environment.Job instance at 0x7fcd2cca9dc0>,23,13,[4 7],24,137,150,113,132
1,<environment.Job instance at 0x7fcd2660a8c0>,66,3,[1 8],67,156,159,89,156
1,<environment.Job instance at 0x7fcd2660ab90>,67,1,[3 5],68,159,160,91,156
1,<environment.Job instance at 0x7fcd2660a870>,68,2,[5 7],69,160,162,91,156
1,<environment.Job instance at 0x7fcd2660acd0>,69,2,[2 5],70,162,164,92,156
1,<environment.Job instance at 0x7fcd2660a690>,70,16,[1 5],71,162,178,91,156
1,<environment.Job instance at 0x7fcd2d314cd0>,35,24,[7 5],36,164,188,128,159
1,<environment.Job instance at 0x7fcd2d32f140>,75,1,[2 5],76,159,160,83,159
1,<environment.Job instance at 0x7fcd2d32fc80>,74,2,[1 7],75,188,190,113,161
1,<environment.Job instance at 0x7fcd2d193910>,71,17,[6 5],72,190,207,118,178
1,<environment.Job instance at 0x7fcce2afaa50>,86,2,[5 5],87,207,209,120,191
1,<environment.Job instance at 0x7fcce2afa370>,87,2,[9 3],88,209,211,121,191
1,<environment.Job instance at 0x7fcce24a1c80>,89,12,[9 3],90,211,223,121,196
1,<environment.Job instance at 0x7fcd264c59b0>,95,3,[5 6],96,223,226,127,205
1,<environment.Job instance at 0x7fcce2682410>,97,1,[5 1],98,207,208,109,205
1,<environment.Job instance at 0x7fcd26712640>,1,3,[2 8],2,3,6,1,3
1,<environment.Job instance at 0x7fcd261abc30>,4,16,[6 3],5,6,22,1,5
1,<environment.Job instance at 0x7fcd264d22d0>,7,18,[7 1],8,22,40,14,11
1,<environment.Job instance at 0x7fcd2d1a4b40>,16,3,[ 4 10],17,40,43,23,17
1,<environment.Job instance at 0x7fcd2d1a4d70>,21,12,[1 7],22,25,37,3,25
1,<environment.Job instance at 0x7fcd2d1a44b0>,22,17,[1 6],23,43,60,20,31
1,<environment.Job instance at 0x7fcd264d2320>,10,2,[3 9],11,37,39,26,32
1,<environment.Job instance at 0x7fcd2d1a43c0>,24,2,[ 4 10],25,60,62,35,33
1,<environment.Job instance at 0x7fcd2d1a41e0>,26,1,[3 5],27,39,40,12,33
1,<environment.Job instance at 0x7fcd2d1a45f0>,28,1,[5 1],29,43,44,14,36
1,<environment.Job instance at 0x7fcd2d1a4c30>,29,1,[9 1],30,44,45,14,36
1,<environment.Job instance at 0x7fcd2d4cbb40>,32,2,[7 5],33,62,64,29,45
1,<environment.Job instance at 0x7fcd2d1a4cd0>,31,16,[ 2 10],32,64,80,32,51
1,<environment.Job instance at 0x7fcd262e4690>,36,1,[7 3],37,57,58,20,57
1,<environment.Job instance at 0x7fcd262e48c0>,38,18,[5 6],39,80,98,41,69
1,<environment.Job instance at 0x7fcd262e4410>,41,12,[8 3],42,98,110,56,84
1,<environment.Job instance at 0x7fcd262e4fa0>,45,16,[10  2],46,111,127,65,111
1,<environment.Job instance at 0x7fcd262e4730>,46,2,[5 6],47,127,129,80,111
1,<environment.Job instance at 0x7fcd262e4820>,49,12,[ 5 10],50,129,141,79,112
1,<environment.Job instance at 0x7fcd2d4cb910>,33,15,[10  1],34,141,156,107,130
1,<environment.Job instance at 0x7fcce2afa870>,53,2,[3 6],54,156,158,102,130
1,<environment.Job instance at 0x7fcce2afa050>,54,1,[1 7],55,158,159,103,130
1,<environment.Job instance at 0x7fcce2afaeb0>,52,1,[9 4],53,159,160,106,133
1,<environment.Job instance at 0x7fcce2afa0a0>,55,2,[1 8],56,160,162,104,135
1,<environment.Job instance at 0x7fcce2afac30>,51,2,[10  5],52,162,164,110,135
1,<environment.Job instance at 0x7fcce2afa7d0>,61,12,[7 5],62,164,176,102,147
1,<environment.Job instance at 0x7fcce2a59d20>,64,18,[3 8],65,176,194,111,165
1,<environment.Job instance at 0x7fcce2a598c0>,67,2,[8 3],68,194,196,126,168
1,<environment.Job instance at 0x7fcce2a59c30>,72,1,[5 8],73,196,197,123,181
1,<environment.Job instance at 0x7fcce2a59f50>,73,1,[6 3],74,197,198,123,181
1,<environment.Job instance at 0x7fcce2a59050>,74,3,[6 1],75,181,184,106,181
1,<environment.Job instance at 0x7fcce2a591e0>,76,12,[9 1],77,198,210,121,182
1,<environment.Job instance at 0x7fcce2a59dc0>,81,1,[6 1],82,210,211,128,194
1,<environment.Job instance at 0x7fcce2a594b0>,82,2,[ 4 10],83,211,213,128,194
1,<environment.Job instance at 0x7fcce2a59af0>,83,2,[4 7],84,213,215,129,195
1,<environment.Job instance at 0x7fcce2a59fa0>,79,1,[6 1],80,213,214,133,202
1,<environment.Job instance at 0x7fcd2cca95a0>,8,16,[10  3],9,215,231,206,203
1,<environment.Job instance at 0x7fcce2a16960>,5,15,[8 2],6,7,22,1,7
1,<environment.Job instance at 0x7fcd261810f0>,12,1,[ 4 10],13,22,23,9,13
1,<environment.Job instance at 0x7fcd261810a0>,13,14,[2 9],14,23,37,9,14
1,<environment.Job instance at 0x7fcce2b2dd20>,15,3,[1 7],16,16,19,0,16
1,<environment.Job instance at 0x7fcd26181e10>,11,18,[6 1],12,23,41,11,17
1,<environment.Job instance at 0x7fcd2642e190>,16,12,[3 5],17,37,49,20,21
1,<environment.Job instance at 0x7fcd2cc88a00>,22,1,[7 5],23,41,42,18,26
1,<environment.Job instance at 0x7fcd2cc6ac80>,28,1,[10  4],29,49,50,20,35
1,<environment.Job instance at 0x7fcd2cc6adc0>,33,1,[ 3 10],34,50,51,16,36
1,<environment.Job instance at 0x7fcd2cc88fa0>,26,17,[3 8],27,51,68,24,40
1,<environment.Job instance at 0x7fcce272ae60>,40,17,[4 8],41,72,89,31,72
1,<environment.Job instance at 0x7fcce2720be0>,41,17,[3 6],42,89,106,47,77
1,<environment.Job instance at 0x7fcd26658640>,51,18,[5 5],52,106,124,54,95
1,<environment.Job instance at 0x7fcce271fd20>,53,2,[1 9],54,124,126,70,98
1,<environment.Job instance at 0x7fcd26389460>,55,3,[8 5],56,126,129,70,100
1,<environment.Job instance at 0x7fcd26389320>,57,1,[6 2],58,100,101,42,100
1,<environment.Job instance at 0x7fcd266490f0>,65,18,[5 3],66,131,149,65,131
1,<environment.Job instance at 0x7fcd26649280>,70,12,[ 4 10],71,149,161,78,139
1,<environment.Job instance at 0x7fcd26649e10>,72,16,[9 2],73,161,177,88,149
1,<environment.Job instance at 0x7fcd26649230>,73,15,[5 8],74,177,192,103,163
1,<environment.Job instance at 0x7fcd2cc88e10>,3,15,[3 5],4,4,19,0,4
1,<environment.Job instance at 0x7fcd26553e10>,4,13,[6 5],5,5,18,0,5
1,<environment.Job instance at 0x7fcd26647c80>,9,13,[3 6],10,19,32,9,13
1,<environment.Job instance at 0x7fcd2cce81e0>,13,2,[1 9],14,32,34,18,14
1,<environment.Job instance at 0x7fcce26d9460>,12,2,[2 5],13,34,36,21,17
1,<environment.Job instance at 0x7fcce23ddaf0>,11,3,[3 8],12,36,39,24,18
1,<environment.Job instance at 0x7fcd2cd84410>,15,17,[5 8],16,39,56,23,27
1,<environment.Job instance at 0x7fcd265df230>,19,2,[5 5],20,34,36,14,30
1,<environment.Job instance at 0x7fcd2cbabe10>,25,3,[ 4 10],26,56,59,30,30
1,<environment.Job instance at 0x7fcce2a4bb40>,33,13,[7 3],34,59,72,25,43
1,<environment.Job instance at 0x7fcce2a4b5f0>,34,3,[2 5],35,59,62,24,43
1,<environment.Job instance at 0x7fcce2a4b5a0>,35,3,[1 5],36,62,65,26,44
1,<environment.Job instance at 0x7fcce2833230>,32,15,[4 9],33,72,87,39,58
1,<environment.Job instance at 0x7fcd2d19aeb0>,46,12,[10  3],47,87,99,40,84
1,<environment.Job instance at 0x7fcd2d19a8c0>,47,2,[10  5],48,99,101,51,84
1,<environment.Job instance at 0x7fcd2d19a6e0>,49,14,[5 9],50,101,115,51,86
1,<environment.Job instance at 0x7fcd2d19ac80>,53,1,[ 4 10],54,115,116,61,109
1,<environment.Job instance at 0x7fcd265df0f0>,20,16,[8 2],21,116,132,95,109
1,<environment.Job instance at 0x7fcd2cd2f2d0>,61,1,[3 9],62,132,133,70,119
1,<environment.Job instance at 0x7fcd26673be0>,62,13,[3 6],63,133,146,70,119
1,<environment.Job instance at 0x7fcce2c56be0>,69,17,[6 3],70,147,164,77,147
1,<environment.Job instance at 0x7fcce2c56cd0>,73,17,[10  3],74,164,181,90,152
1,<environment.Job instance at 0x7fcd262cc910>,76,13,[4 6],77,181,194,104,165
1,<environment.Job instance at 0x7fcce2c56280>,70,1,[ 5 10],71,194,195,123,170
1,<environment.Job instance at 0x7fcd267784b0>,87,2,[4 9],88,195,197,107,170
1,<environment.Job instance at 0x7fcd2d1a40a0>,91,12,[10  1],92,197,209,105,187
1,<environment.Job instance at 0x7fcce2c7e8c0>,3,12,[9 4],4,4,16,0,4
1,<environment.Job instance at 0x7fcce2cec960>,6,15,[5 2],7,16,31,9,7
1,<environment.Job instance at 0x7fcce28b7910>,15,13,[ 3 10],16,31,44,15,26
1,<environment.Job instance at 0x7fcce28b7dc0>,18,14,[10  3],19,44,58,25,29
1,<environment.Job instance at 0x7fcce28b74b0>,16,2,[9 4],17,58,60,41,41
1,<environment.Job instance at 0x7fcce27a2fa0>,22,2,[ 3 10],23,60,62,37,52
1,<environment.Job instance at 0x7fcce27a2e60>,24,14,[3 7],25,62,76,37,53
1,<environment.Job instance at 0x7fcce27a20f0>,27,12,[3 7],28,76,88,48,59
1,<environment.Job instance at 0x7fcce27a21e0>,28,16,[7 1],29,62,78,33,59
1,<environment.Job instance at 0x7fcce28b7780>,12,17,[3 8],13,88,105,75,76
1,<environment.Job instance at 0x7fcd263d40a0>,32,1,[7 3],33,78,79,45,77
1,<environment.Job instance at 0x7fcd263d4320>,34,13,[7 1],35,79,92,44,77
1,<environment.Job instance at 0x7fcd2cd01f00>,36,12,[4 6],37,105,117,68,88
1,<environment.Job instance at 0x7fcd2cd01eb0>,44,15,[6 3],45,105,120,60,97
1,<environment.Job instance at 0x7fcd2cd01a00>,45,2,[9 3],46,120,122,74,98
1,<environment.Job instance at 0x7fcd263d4fa0>,33,17,[7 3],34,122,139,88,118
1,<environment.Job instance at 0x7fcd26602780>,49,3,[4 7],50,139,142,89,120
1,<environment.Job instance at 0x7fcce2cecc80>,11,13,[ 1 10],12,142,155,130,130
1,<environment.Job instance at 0x7fcd266021e0>,51,1,[5 8],52,155,156,103,131
1,<environment.Job instance at 0x7fcd26602dc0>,55,3,[4 5],56,156,159,100,138
1,<environment.Job instance at 0x7fcd266028c0>,56,2,[8 2],57,159,161,102,138
1,<environment.Job instance at 0x7fcd26602050>,57,3,[10  4],58,161,164,103,138
1,<environment.Job instance at 0x7fcd26602e10>,59,13,[3 8],60,164,177,104,150
1,<environment.Job instance at 0x7fcd2ce4db40>,67,15,[5 1],68,164,179,96,162
1,<environment.Job instance at 0x7fcd2ce4de10>,69,2,[2 5],70,177,179,107,162
1,<environment.Job instance at 0x7fcd2ce4d6e0>,70,13,[1 5],71,179,192,108,163
1,<environment.Job instance at 0x7fcd2ce4d5a0>,73,1,[9 4],74,179,180,105,177
1,<environment.Job instance at 0x7fcd2ce4dc80>,74,16,[8 4],75,180,196,105,177
1,<environment.Job instance at 0x7fcd2ce4d2d0>,72,15,[3 8],73,196,211,123,184
1,<environment.Job instance at 0x7fcd2647b140>,76,14,[ 2 10],77,211,225,134,196
1,<environment.Job instance at 0x7fcce27864b0>,82,14,[7 5],83,225,239,142,210
1,<environment.Job instance at 0x7fcce2392320>,2,3,[5 5],3,3,6,0,3
1,<environment.Job instance at 0x7fcce2392f00>,5,18,[7 4],6,6,24,0,6
1,<environment.Job instance at 0x7fcd26170910>,8,13,[5 4],9,24,37,15,9
1,<environment.Job instance at 0x7fcd2cd5a9b0>,19,2,[5 1],20,24,26,4,20
1,<environment.Job instance at 0x7fcd261705f0>,17,1,[3 6],18,22,23,4,22
1,<environment.Job instance at 0x7fcd2cbc4500>,22,17,[ 1 10],23,37,54,14,29
1,<environment.Job instance at 0x7fcd2cbc4c30>,26,15,[5 5],27,54,69,27,40
1,<environment.Job instance at 0x7fcd2cd5a7d0>,23,14,[5 4],24,54,68,30,54
1,<environment.Job instance at 0x7fcd2cbc4aa0>,28,12,[3 7],29,69,81,40,54
1,<environment.Job instance at 0x7fcd2cbc4410>,33,12,[3 6],34,81,93,47,68
1,<environment.Job instance at 0x7fcd2cbc4230>,38,3,[9 4],39,93,96,54,76
1,<environment.Job instance at 0x7fcd2cbc4be0>,24,15,[7 5],25,96,111,71,83
1,<environment.Job instance at 0x7fcce2390eb0>,42,16,[5 3],43,111,127,68,98
1,<environment.Job instance at 0x7fcce2390be0>,47,12,[ 2 10],48,127,139,79,110
1,<environment.Job instance at 0x7fcce2390e10>,41,12,[6 3],42,139,151,97,123
1,<environment.Job instance at 0x7fcce2390f00>,51,14,[ 5 10],52,151,165,99,136
1,<environment.Job instance at 0x7fcce23835a0>,59,16,[1 8],60,165,181,105,152
1,<environment.Job instance at 0x7fcce2383690>,64,2,[7 2],65,165,167,100,165
1,<environment.Job instance at 0x7fcce2383fa0>,63,1,[6 1],64,167,168,103,165
1,<environment.Job instance at 0x7fcce2383140>,67,2,[9 2],68,168,170,100,166
1,<environment.Job instance at 0x7fcce2383f00>,68,2,[8 1],69,170,172,101,166
1,<environment.Job instance at 0x7fcce2383a50>,69,23,[8 2],70,172,195,102,168
1,<environment.Job instance at 0x7fcce2383af0>,72,3,[9 2],73,195,198,122,172
1,<environment.Job instance at 0x7fcd2cc3b870>,76,12,[3 9],77,198,210,121,182
1,<environment.Job instance at 0x7fcce2383dc0>,77,14,[5 6],78,210,224,132,196
1,<environment.Job instance at 0x7fcd2cc3b0a0>,80,2,[2 6],81,224,226,143,204
1,<environment.Job instance at 0x7fcd2cc3ba50>,82,2,[ 4 10],83,226,228,143,204
1,<environment.Job instance at 0x7fcd2cc3ba00>,85,15,[2 6],86,228,243,142,214
1,<environment.Job instance at 0x7fcdf5b6a370>,5,2,[1 5],6,6,8,0,6
1,<environment.Job instance at 0x7fcdf5b6a410>,7,1,[5 4],8,8,9,0,8
1,<environment.Job instance at 0x7fcdf5b6abe0>,14,13,[7 3],15,21,34,6,21
1,<environment.Job instance at 0x7fcdf5b6ac80>,15,18,[2 8],16,34,52,18,24
1,<environment.Job instance at 0x7fcdf5b6adc0>,17,3,[4 9],18,52,55,34,27
1,<environment.Job instance at 0x7fcdf5b6ae60>,18,3,[4 7],19,55,58,36,32
1,<environment.Job instance at 0x7fcdf5b6b280>,21,1,[6 5],22,58,59,36,32
1,<environment.Job instance at 0x7fcdf5b6b320>,22,1,[2 7],23,32,33,9,32
1,<environment.Job instance at 0x7fcdf5b6b5a0>,25,12,[ 5 10],26,59,71,33,47
1,<environment.Job instance at 0x7fcdf5b6baa0>,30,14,[5 2],31,71,85,40,56
1,<environment.Job instance at 0x7fcdf5b6b870>,29,12,[5 4],30,71,83,41,56
1,<environment.Job instance at 0x7fcdf5b6be60>,37,2,[2 6],38,83,85,45,82
1,<environment.Job instance at 0x7fcdf5b6e230>,39,2,[5 6],40,85,87,45,83
1,<environment.Job instance at 0x7fcdf5b6aaa0>,12,26,[ 1 10],13,87,113,74,84
1,<environment.Job instance at 0x7fcdf5b6e410>,42,2,[4 6],43,113,115,70,87
1,<environment.Job instance at 0x7fcdf5b6e5f0>,44,3,[5 5],45,115,118,70,91
1,<environment.Job instance at 0x7fcdf5b6e9b0>,48,15,[10  1],49,118,133,69,104
1,<environment.Job instance at 0x7fcdf5b6e780>,45,13,[6 5],46,133,146,87,118
1,<environment.Job instance at 0x7fcdf5b6eb40>,55,2,[ 3 10],56,146,148,90,131
1,<environment.Job instance at 0x7fcdf5b734b0>,56,17,[8 5],57,148,165,91,136
1,<environment.Job instance at 0x7fcdf5b73500>,58,14,[2 7],59,165,179,106,150
1,<environment.Job instance at 0x7fcdf5b73730>,63,3,[5 9],64,179,182,115,157
1,<environment.Job instance at 0x7fcdf5b737d0>,64,18,[2 9],65,182,200,117,171
1,<environment.Job instance at 0x7fcdf5b6ab40>,13,18,[ 4 10],14,200,218,186,190
1,<environment.Job instance at 0x7fcdf5b73e10>,71,2,[5 1],72,191,193,119,191
1,<environment.Job instance at 0x7fcdf5b73cd0>,72,2,[5 9],73,218,220,145,191
1,<environment.Job instance at 0x7fcdf5b73d20>,70,3,[10  2],71,220,223,149,194
1,<environment.Job instance at 0x7fcdf5b73f50>,74,14,[5 1],75,223,237,148,210
1,<environment.Job instance at 0x7fcdf5b71410>,80,14,[2 6],81,223,237,142,210
1,<environment.Job instance at 0x7fcdfaf79460>,1,1,[2 6],2,4,5,2,4
1,<environment.Job instance at 0x7fcdfaf79e10>,6,3,[ 5 10],7,7,10,0,7
1,<environment.Job instance at 0x7fcdfb0eeeb0>,12,13,[ 5 10],13,24,37,11,24
1,<environment.Job instance at 0x7fcdfb0ee6e0>,13,16,[ 3 10],14,37,53,23,24
1,<environment.Job instance at 0x7fcdfb0eecd0>,10,15,[8 3],11,53,68,42,44
1,<environment.Job instance at 0x7fcdfb0e2d70>,29,12,[4 9],30,68,80,38,66
1,<environment.Job instance at 0x7fcdfb0e2460>,31,15,[10  4],32,80,95,48,66
1,<environment.Job instance at 0x7fcdfb0e7820>,38,14,[9 5],39,95,109,56,85
1,<environment.Job instance at 0x7fcdfb0ebeb0>,47,2,[10  2],48,109,111,61,91
1,<environment.Job instance at 0x7fcdfaf799b0>,9,2,[1 8],10,111,113,101,93
1,<environment.Job instance at 0x7fcdfb0eb370>,51,2,[5 5],52,113,115,61,110
1,<environment.Job instance at 0x7fcdfb0ebc80>,52,1,[6 4],53,115,116,62,110
1,<environment.Job instance at 0x7fcdfb0eb2d0>,53,18,[6 5],54,116,134,62,110
1,<environment.Job instance at 0x7fcdfb0f55f0>,59,14,[2 6],60,134,148,74,119
1,<environment.Job instance at 0x7fcdfb0f55a0>,64,3,[4 6],65,148,151,83,131
1,<environment.Job instance at 0x7fcdfb0efb90>,69,12,[9 3],70,151,163,81,140
1,<environment.Job instance at 0x7fcdfb0ebdc0>,49,14,[3 6],50,163,177,113,148
1,<environment.Job instance at 0x7fcdfb0ef640>,72,3,[10  2],73,177,180,104,154
1,<environment.Job instance at 0x7fcdfb0efcd0>,75,1,[6 2],76,163,164,87,159
1,<environment.Job instance at 0x7fcdfb0efb40>,77,1,[9 1],78,180,181,102,161
1,<environment.Job instance at 0x7fcdfb0027d0>,79,2,[9 4],80,181,183,101,164
1,<environment.Job instance at 0x7fcdfb002500>,80,13,[10  5],81,183,196,102,167
1,<environment.Job instance at 0x7fcdfb0e4780>,94,16,[7 2],95,196,212,101,195
1,<environment.Job instance at 0x7fcdfb0e4320>,96,12,[ 3 10],97,212,224,115,195
1,<environment.Job instance at 0x7fcdafe130f0>,10,3,[7 3],11,11,14,0,11
1,<environment.Job instance at 0x7fcdafe13be0>,8,18,[4 6],9,14,32,5,12
1,<environment.Job instance at 0x7fcdafe13af0>,13,12,[9 1],14,32,44,18,30
1,<environment.Job instance at 0x7fcdafe13230>,9,3,[5 1],10,44,47,34,31
1,<environment.Job instance at 0x7fcdafe13460>,14,14,[5 5],15,44,58,29,33
1,<environment.Job instance at 0x7fcdafe07910>,19,1,[5 4],20,47,48,27,33
1,<environment.Job instance at 0x7fcdafe136e0>,16,3,[9 1],17,58,61,41,33
1,<environment.Job instance at 0x7fcdafe8e230>,21,1,[ 2 10],22,61,62,39,33
1,<environment.Job instance at 0x7fcdafe8ec30>,22,1,[3 9],23,62,63,39,34
1,<environment.Job instance at 0x7fcdafe8e050>,23,2,[4 7],24,63,65,39,36
1,<environment.Job instance at 0x7fcdafe8e730>,25,2,[1 5],26,36,38,10,36
1,<environment.Job instance at 0x7fcdafe8ee10>,26,3,[8 4],27,65,68,38,42
1,<environment.Job instance at 0x7fcdaff70c80>,28,15,[3 6],29,68,83,39,55
1,<environment.Job instance at 0x7fcdafe66500>,37,18,[5 9],38,89,107,51,89
1,<environment.Job instance at 0x7fcdafe6a500>,42,2,[2 6],43,107,109,64,101
1,<environment.Job instance at 0x7fcdafe6ae10>,44,15,[10  4],45,109,124,64,105
1,<environment.Job instance at 0x7fcdafe6a2d0>,47,3,[6 3],48,124,127,76,121
1,<environment.Job instance at 0x7fcdafe6aaf0>,50,18,[6 1],51,127,145,76,121
1,<environment.Job instance at 0x7fcdafe6aa00>,51,2,[1 5],52,125,127,73,125
1,<environment.Job instance at 0x7fcdafe6ae60>,53,3,[9 5],54,147,150,93,147
1,<environment.Job instance at 0x7fcdafe6ac80>,54,2,[7 4],55,150,152,95,148
1,<environment.Job instance at 0x7fcdafe707d0>,56,1,[7 3],57,161,162,104,161
1,<environment.Job instance at 0x7fcdafe6adc0>,49,28,[5 3],50,165,193,115,165
1,<environment.Job instance at 0x7fcdf5dcecd0>,63,2,[5 1],64,173,175,109,173
1,<environment.Job instance at 0x7fcdf593cd70>,64,17,[9 4],65,193,210,128,185
1,<environment.Job instance at 0x7fcdaff1e050>,70,1,[ 1 10],71,210,211,139,187
1,<environment.Job instance at 0x7fcdaff1ef00>,71,14,[8 2],72,211,225,139,196
1,<environment.Job instance at 0x7fcdaff1e370>,75,3,[5 2],76,225,228,149,199
1,<environment.Job instance at 0x7fcdf59b1640>,78,2,[2 6],79,211,213,132,199
1,<environment.Job instance at 0x7fcdf6616190>,2,12,[3 8],3,3,15,0,3
1,<environment.Job instance at 0x7fcdb01d85a0>,3,3,[4 8],4,15,18,11,5
1,<environment.Job instance at 0x7fcdf685a410>,9,2,[8 2],10,18,20,8,10
1,<environment.Job instance at 0x7fcdb0305af0>,8,18,[1 5],9,18,36,9,10
1,<environment.Job instance at 0x7fcdf5b53c80>,10,2,[1 7],11,36,38,25,11
1,<environment.Job instance at 0x7fcdf685a460>,12,3,[10  4],13,38,41,25,13
1,<environment.Job instance at 0x7fcdf5bc9aa0>,13,2,[5 7],14,41,43,27,14
1,<environment.Job instance at 0x7fcdf59b9d20>,11,1,[ 4 10],12,43,44,31,15
1,<environment.Job instance at 0x7fcdf5c7ae10>,16,3,[2 8],17,44,47,27,27
1,<environment.Job instance at 0x7fcdaff49140>,18,2,[6 3],19,27,29,8,27
1,<environment.Job instance at 0x7fcdf5d151e0>,19,3,[7 2],20,29,32,9,27
1,<environment.Job instance at 0x7fcdf59bbf50>,21,3,[1 6],22,47,50,25,27
1,<environment.Job instance at 0x7fcdf5bc9e60>,14,1,[3 8],15,50,51,35,29
1,<environment.Job instance at 0x7fcdf5bf31e0>,23,2,[5 5],24,32,34,8,32
1,<environment.Job instance at 0x7fcdaff49820>,15,13,[5 5],16,51,64,35,35
1,<environment.Job instance at 0x7fcdf5c04d70>,26,3,[6 3],27,35,38,8,35
1,<environment.Job instance at 0x7fcdf5e3feb0>,29,3,[5 5],30,51,54,21,46
1,<environment.Job instance at 0x7fcdf58d2140>,27,12,[5 8],28,64,76,36,47
1,<environment.Job instance at 0x7fcdb022f8c0>,36,12,[8 3],37,76,88,39,60
1,<environment.Job instance at 0x7fcdb04a57d0>,37,15,[2 9],38,88,103,50,74
1,<environment.Job instance at 0x7fcdb04a5c30>,38,1,[2 6],39,103,104,64,98
1,<environment.Job instance at 0x7fcdb030f5a0>,50,18,[3 5],51,104,122,53,98
1,<environment.Job instance at 0x7fcdb02bd640>,51,3,[7 3],52,104,107,52,104
1,<environment.Job instance at 0x7fcdb02bddc0>,53,1,[1 7],54,122,123,68,104
1,<environment.Job instance at 0x7fcdb030f5f0>,49,17,[9 1],50,122,139,72,110
1,<environment.Job instance at 0x7fcdb02bd910>,55,13,[ 1 10],56,139,152,83,125
1,<environment.Job instance at 0x7fcdb02fc280>,60,13,[5 6],61,152,165,91,136
1,<environment.Job instance at 0x7fcdb02e3960>,70,16,[10  2],71,165,181,94,153
1,<environment.Job instance at 0x7fcdafe0c460>,78,16,[6 3],79,181,197,102,168
1,<environment.Job instance at 0x7fcdaff0e960>,81,14,[1 5],82,181,195,99,170
1,<environment.Job instance at 0x7fcdaff0ee10>,80,18,[4 7],81,195,213,114,184
1,<environment.Job instance at 0x7fcdafe07370>,90,1,[5 1],91,203,204,112,203
1,<environment.Job instance at 0x7fcdb017a5f0>,0,19,[6 3],1,1,20,0,1
1,<environment.Job instance at 0x7fcdf6602be0>,4,16,[10  3],5,20,36,15,9
1,<environment.Job instance at 0x7fcdafdf8d20>,12,18,[10  4],13,36,54,23,25
1,<environment.Job instance at 0x7fcdaff8c4b0>,24,12,[6 4],25,54,66,29,37
1,<environment.Job instance at 0x7fcdb023ebe0>,27,2,[2 6],28,54,56,26,40
1,<environment.Job instance at 0x7fcdf5fc53c0>,28,14,[5 9],29,66,80,37,51
1,<environment.Job instance at 0x7fcdb01400f0>,7,13,[6 4],8,80,93,72,64
1,<environment.Job instance at 0x7fcdf59ec7d0>,38,3,[5 9],39,93,96,54,71
1,<environment.Job instance at 0x7fcdf59ec2d0>,40,3,[1 7],41,96,99,55,74
1,<environment.Job instance at 0x7fcdb0523fa0>,42,3,[ 1 10],43,99,102,56,75
1,<environment.Job instance at 0x7fcdf5a04780>,45,13,[10  4],46,102,115,56,92
1,<environment.Job instance at 0x7fcdf5a04820>,46,16,[5 5],47,115,131,68,102
1,<environment.Job instance at 0x7fcdf5a04a00>,51,18,[3 6],52,131,149,79,120
1,<environment.Job instance at 0x7fcdf5a050f0>,56,2,[5 1],57,125,127,68,125
1,<environment.Job instance at 0x7fcdf5956730>,35,12,[2 9],36,149,161,113,133
1,<environment.Job instance at 0x7fcdf5a051e0>,57,2,[4 5],58,161,163,103,134
1,<environment.Job instance at 0x7fcdf5a0b500>,63,15,[6 3],64,161,176,97,147
1,<environment.Job instance at 0x7fcdf5a0b6e0>,66,2,[2 9],67,176,178,109,160
1,<environment.Job instance at 0x7fcdf5a0b140>,68,17,[10  3],69,178,195,109,166
1,<environment.Job instance at 0x7fcdf5a0b3c0>,70,1,[6 3],71,195,196,124,167
1,<environment.Job instance at 0x7fcdf5a050a0>,59,18,[7 5],60,196,214,136,186
1,<environment.Job instance at 0x7fcdf5a06af0>,74,2,[2 5],75,195,197,120,190
1,<environment.Job instance at 0x7fcdf5a06f00>,75,3,[6 5],76,214,217,138,190
1,<environment.Job instance at 0x7fcdf5a06690>,76,3,[8 2],77,217,220,140,191
1,<environment.Job instance at 0x7fcdf59d22d0>,79,15,[ 1 10],80,220,235,140,207
1,<environment.Job instance at 0x7fcdf59d25a0>,84,12,[4 6],85,235,247,150,218
1,<environment.Job instance at 0x7fcdf66a3c30>,2,13,[4 8],3,3,16,0,3
1,<environment.Job instance at 0x7fcdf669c190>,12,3,[6 4],13,16,19,3,13
1,<environment.Job instance at 0x7fcdf600e230>,10,14,[6 4],11,19,33,8,14
1,<environment.Job instance at 0x7fcdf669c640>,17,1,[9 4],18,33,34,15,18
1,<environment.Job instance at 0x7fcdf669c460>,11,1,[10  4],12,34,35,22,18
1,<environment.Job instance at 0x7fcdf669c2d0>,18,17,[5 5],19,35,52,16,23
1,<environment.Job instance at 0x7fcdf61cae10>,20,15,[9 4],21,52,67,31,39
1,<environment.Job instance at 0x7fcdf61ca500>,33,1,[7 2],34,67,68,33,40
1,<environment.Job instance at 0x7fcdf61caaa0>,32,14,[6 5],33,68,82,35,53
1,<environment.Job instance at 0x7fcdf65d6aa0>,38,1,[ 3 10],39,82,83,43,59
1,<environment.Job instance at 0x7fcdf65d6550>,37,13,[9 4],38,83,96,45,67
1,<environment.Job instance at 0x7fcdf65d6870>,39,17,[5 9],40,96,113,56,84
1,<environment.Job instance at 0x7fcdf65d6690>,44,3,[6 1],45,113,116,68,87
1,<environment.Job instance at 0x7fcdf669cdc0>,14,15,[9 1],15,116,131,101,105
1,<environment.Job instance at 0x7fcdf65d61e0>,34,15,[10  3],35,131,146,96,119
1,<environment.Job instance at 0x7fcdf684e7d0>,54,3,[6 4],55,146,149,91,129
1,<environment.Job instance at 0x7fcdf684ea00>,53,12,[4 6],54,146,158,92,129
1,<environment.Job instance at 0x7fcdf684e8c0>,57,1,[3 6],58,158,159,100,131
1,<environment.Job instance at 0x7fcdf684ee60>,58,3,[8 2],59,159,162,100,134
1,<environment.Job instance at 0x7fcdf660f140>,64,2,[ 2 10],65,162,164,97,135
1,<environment.Job instance at 0x7fcdf660f5f0>,67,17,[5 2],68,164,181,96,152
1,<environment.Job instance at 0x7fcdf660f7d0>,70,15,[3 9],71,181,196,110,167
1,<environment.Job instance at 0x7fcdb04623c0>,74,17,[9 5],75,196,213,121,184
1,<environment.Job instance at 0x7fcdf5a1ae60>,78,14,[9 4],79,213,227,134,198
1,<environment.Job instance at 0x7fcdf5a1ab90>,86,1,[4 9],87,227,228,140,214
1,<environment.Job instance at 0x7fcdf61b1aa0>,88,2,[8 5],89,228,230,139,214
1,<environment.Job instance at 0x7fcdb02150f0>,12,16,[9 4],13,41,57,28,41
1,<environment.Job instance at 0x7fcdf5c19a50>,17,14,[4 7],18,57,71,39,44
1,<environment.Job instance at 0x7fcdf62dc7d0>,21,16,[ 2 10],22,71,87,49,59
1,<environment.Job instance at 0x7fcdf689c0f0>,30,15,[ 4 10],31,97,112,66,97
1,<environment.Job instance at 0x7fcdb0351f00>,38,14,[1 7],39,112,126,73,101
1,<environment.Job instance at 0x7fcdf63ed460>,42,1,[2 7],43,126,127,83,119
1,<environment.Job instance at 0x7fcdf5e58320>,43,15,[10  4],44,127,142,83,120
1,<environment.Job instance at 0x7fcdb01697d0>,47,2,[6 4],48,142,144,94,124
1,<environment.Job instance at 0x7fcdf5c94e10>,46,15,[ 5 10],47,144,159,97,130
1,<environment.Job instance at 0x7fcdb045d460>,51,13,[5 8],52,159,172,107,146
1,<environment.Job instance at 0x7fcdb045df50>,53,18,[ 4 10],54,172,190,118,161
1,<environment.Job instance at 0x7fcdf61752d0>,24,1,[1 6],25,190,191,165,170
1,<environment.Job instance at 0x7fcdb0408910>,61,16,[ 4 10],62,191,207,129,178
1,<environment.Job instance at 0x7fcdb0408500>,66,18,[9 4],67,207,225,140,202
1,<environment.Job instance at 0x7fcdb02e35a0>,75,17,[7 4],76,225,242,149,215
1,<environment.Job instance at 0x7fcdf5c19140>,2,18,[5 8],3,4,22,1,4
1,<environment.Job instance at 0x7fcdb02b2af0>,7,1,[8 3],8,22,23,14,10
1,<environment.Job instance at 0x7fcdf65154b0>,9,2,[3 6],10,23,25,13,11
1,<environment.Job instance at 0x7fcdf5cfbe10>,6,16,[6 1],7,23,39,16,11
1,<environment.Job instance at 0x7fcdf65073c0>,8,1,[ 1 10],9,39,40,30,12
1,<environment.Job instance at 0x7fcdb0097640>,14,3,[8 2],15,40,43,25,15
1,<environment.Job instance at 0x7fcdb00970f0>,16,3,[8 5],17,43,46,26,17
1,<environment.Job instance at 0x7fcdaff122d0>,21,17,[3 7],22,46,63,24,38
1,<environment.Job instance at 0x7fcdaff12320>,27,3,[3 8],28,63,66,35,45
1,<environment.Job instance at 0x7fcdaff125f0>,29,13,[ 2 10],30,66,79,36,50
1,<environment.Job instance at 0x7fcdb00973c0>,12,14,[9 1],13,79,93,66,64
1,<environment.Job instance at 0x7fcdaff12c30>,35,3,[5 1],36,93,96,57,78
1,<environment.Job instance at 0x7fcdf5c06780>,3,13,[1 7],4,79,92,75,78
1,<environment.Job instance at 0x7fcdaff12cd0>,36,17,[9 3],37,96,113,59,84
1,<environment.Job instance at 0x7fcdaff12d20>,39,15,[5 6],40,113,128,73,100
1,<environment.Job instance at 0x7fcdaff34460>,45,13,[4 7],46,128,141,82,112
1,<environment.Job instance at 0x7fcdaff344b0>,46,2,[7 2],47,141,143,94,114
1,<environment.Job instance at 0x7fcdaff345a0>,48,18,[5 8],49,143,161,94,132
1,<environment.Job instance at 0x7fcdaff348c0>,52,2,[5 6],53,161,163,108,135
1,<environment.Job instance at 0x7fcdaff34e10>,61,18,[3 7],62,163,181,101,152
1,<environment.Job instance at 0x7fcdaff691e0>,66,13,[3 7],67,181,194,114,167
1,<environment.Job instance at 0x7fcdaff12af0>,33,16,[8 2],34,194,210,160,181
1,<environment.Job instance at 0x7fcdaff69730>,72,3,[10  5],73,210,213,137,184
1,<environment.Job instance at 0x7fcdaff69910>,75,12,[ 3 10],76,213,225,137,196
1,<environment.Job instance at 0x7fcdaff69870>,74,14,[10  4],75,225,239,150,213
1,<environment.Job instance at 0x7fcdaff69e10>,81,2,[5 5],82,239,241,157,213
1,<environment.Job instance at 0x7fcdf5d1c190>,0,18,[9 2],1,5,23,4,5
1,<environment.Job instance at 0x7fcdf5ebcb90>,3,14,[5 5],4,35,49,31,35
1,<environment.Job instance at 0x7fcdf66bfbe0>,13,15,[4 8],14,49,64,35,35
1,<environment.Job instance at 0x7fcdf66ae0a0>,17,18,[6 2],18,49,67,31,38
1,<environment.Job instance at 0x7fcdf66bf050>,14,12,[1 8],15,64,76,49,47
1,<environment.Job instance at 0x7fcdf66ae4b0>,22,15,[7 3],23,76,91,53,62
1,<environment.Job instance at 0x7fcdf5b10cd0>,28,13,[3 7],29,76,89,47,63
1,<environment.Job instance at 0x7fcdf6887fa0>,31,13,[9 4],32,91,104,59,76
1,<environment.Job instance at 0x7fcdf68878c0>,34,15,[6 4],35,104,119,69,94
1,<environment.Job instance at 0x7fcdb04a3190>,46,16,[4 9],47,119,135,72,106
1,<environment.Job instance at 0x7fcdf5aa7af0>,56,12,[7 5],57,135,147,78,130
1,<environment.Job instance at 0x7fcdf5bf7870>,57,16,[8 4],58,147,163,89,134
1,<environment.Job instance at 0x7fcdb02d9b90>,68,14,[9 5],69,173,187,104,173
1,<environment.Job instance at 0x7fcdb0424cd0>,71,13,[5 2],72,187,200,115,184
1,<environment.Job instance at 0x7fcdb0424d70>,74,17,[4 7],75,190,207,115,190
1,<environment.Job instance at 0x7fcdf6161c30>,76,13,[10  5],77,207,220,130,191
1,<environment.Job instance at 0x7fcdf6161d20>,83,3,[1 6],84,220,223,136,202
1,<environment.Job instance at 0x7fcdf6161640>,86,1,[ 3 10],87,223,224,136,210
1,<environment.Job instance at 0x7fcdf6161f00>,87,15,[3 9],88,224,239,136,210
1,<environment.Job instance at 0x7fcdf5a446e0>,3,1,[5 5],4,5,6,1,5
1,<environment.Job instance at 0x7fcdbbb0b910>,6,12,[ 1 10],7,7,19,0,7
1,<environment.Job instance at 0x7fcdf6699960>,7,18,[9 4],8,19,37,11,9
1,<environment.Job instance at 0x7fcdb0203690>,15,3,[5 7],16,37,40,21,22
1,<environment.Job instance at 0x7fcdf5c04960>,18,14,[7 2],19,40,54,21,25
1,<environment.Job instance at 0x7fcdf637e370>,23,14,[4 8],24,54,68,30,39
1,<environment.Job instance at 0x7fcdb03247d0>,22,2,[1 5],23,49,51,26,49
1,<environment.Job instance at 0x7fcdf5d1ee60>,11,13,[5 2],12,54,67,42,49
1,<environment.Job instance at 0x7fcdfafa0870>,28,2,[ 2 10],29,68,70,39,49
1,<environment.Job instance at 0x7fcdfafa0820>,27,2,[9 1],28,70,72,42,49
1,<environment.Job instance at 0x7fcdf6236230>,31,14,[ 1 10],32,72,86,40,57
1,<environment.Job instance at 0x7fcdafff6550>,41,13,[9 1],42,86,99,44,70
1,<environment.Job instance at 0x7fcdf6556dc0>,44,15,[10  2],45,99,114,54,85
1,<environment.Job instance at 0x7fcdb0206500>,50,2,[9 4],51,114,116,63,95
1,<environment.Job instance at 0x7fcdb0206be0>,53,3,[9 5],54,116,119,62,100
1,<environment.Job instance at 0x7fcdf5c05500>,29,18,[2 9],30,119,137,89,108
1,<environment.Job instance at 0x7fcdb0206870>,58,3,[9 2],59,137,140,78,116
1,<environment.Job instance at 0x7fcdf5f6a550>,60,1,[10  3],61,140,141,79,117
1,<environment.Job instance at 0x7fcdb050e6e0>,63,3,[2 6],64,141,144,77,117
1,<environment.Job instance at 0x7fcdf59f7320>,64,2,[9 2],65,144,146,79,117
1,<environment.Job instance at 0x7fcdb043c780>,65,12,[8 3],66,146,158,80,129
1,<environment.Job instance at 0x7fcdafeb3fa0>,68,14,[9 5],69,158,172,89,143
1,<environment.Job instance at 0x7fcdf613e7d0>,72,17,[1 5],73,162,179,89,162
1,<environment.Job instance at 0x7fcdf613e550>,73,3,[3 9],74,179,182,105,163
1,<environment.Job instance at 0x7fcdb01cb280>,76,13,[5 9],77,182,195,105,167
1,<environment.Job instance at 0x7fcdf5d8ff50>,36,12,[8 3],37,208,220,171,208
1,<environment.Job instance at 0x7fcdb02cd5a0>,83,3,[1 6],84,209,212,125,209
1,<environment.Job instance at 0x7fcdaff8fc30>,7,2,[3 8],8,8,10,0,8
1,<environment.Job instance at 0x7fcdb01fc370>,13,17,[ 4 10],14,14,31,0,14
1,<environment.Job instance at 0x7fcdb01fcbe0>,14,15,[5 3],15,31,46,16,17
1,<environment.Job instance at 0x7fcdb01fceb0>,16,1,[9 3],17,46,47,29,20
1,<environment.Job instance at 0x7fcdb01fcb90>,18,3,[5 8],19,47,50,28,22
1,<environment.Job instance at 0x7fcdf61f31e0>,19,2,[3 9],20,50,52,30,23
1,<environment.Job instance at 0x7fcdf61f32d0>,20,13,[10  5],21,52,65,31,36
1,<environment.Job instance at 0x7fcdb01fc0f0>,11,3,[1 8],12,65,68,53,39
1,<environment.Job instance at 0x7fcdf61f3690>,26,3,[2 5],27,41,44,14,41
1,<environment.Job instance at 0x7fcdf61f3640>,25,1,[8 5],26,68,69,42,41
1,<environment.Job instance at 0x7fcdf61f3910>,28,2,[5 7],29,44,46,15,41
1,<environment.Job instance at 0x7fcdf61f3d70>,35,12,[5 2],36,72,84,36,72
1,<environment.Job instance at 0x7fcdf61f3fa0>,37,3,[7 5],38,84,87,46,72
1,<environment.Job instance at 0x7fcdf6216140>,38,2,[5 3],39,72,74,33,72
1,<environment.Job instance at 0x7fcdf62160f0>,40,1,[3 5],41,85,86,44,85
1,<environment.Job instance at 0x7fcdf61f3780>,24,15,[4 7],25,87,102,62,85
1,<environment.Job instance at 0x7fcdf6216230>,42,13,[1 9],43,102,115,59,87
1,<environment.Job instance at 0x7fcdf6216820>,45,2,[1 9],46,115,117,69,108
1,<environment.Job instance at 0x7fcdf62167d0>,46,16,[9 3],47,117,133,70,108
1,<environment.Job instance at 0x7fcdf6216a00>,49,1,[6 4],50,133,134,83,109
1,<environment.Job instance at 0x7fcdf6216b40>,51,14,[3 5],52,133,147,81,118
1,<environment.Job instance at 0x7fcdf6216c80>,53,12,[4 5],54,134,146,80,119
1,<environment.Job instance at 0x7fcdf6216a50>,57,17,[4 6],58,147,164,89,135
1,<environment.Job instance at 0x7fcdf6209690>,65,3,[3 8],66,164,167,98,146
1,<environment.Job instance at 0x7fcdf6209730>,66,16,[2 7],67,167,183,100,154
1,<environment.Job instance at 0x7fcdf62091e0>,70,14,[1 9],71,183,197,112,182
1,<environment.Job instance at 0x7fcdf6209cd0>,74,17,[10  5],75,197,214,122,186
1,<environment.Job instance at 0x7fcdf6209550>,63,13,[6 4],64,221,234,157,221
1,<environment.Job instance at 0x7fcdafe27280>,82,3,[3 7],83,234,237,151,221
1,<environment.Job instance at 0x7fcdaffb49b0>,2,18,[3 6],3,3,21,0,3
1,<environment.Job instance at 0x7fcdf5c8bc30>,9,15,[6 5],10,21,36,11,11
1,<environment.Job instance at 0x7fcdf5c8b960>,14,17,[10  3],15,36,53,21,24
1,<environment.Job instance at 0x7fcdf5c8b7d0>,19,15,[9 3],20,53,68,33,39
1,<environment.Job instance at 0x7fcdf5c8ba00>,12,15,[ 2 10],13,68,83,55,55
1,<environment.Job instance at 0x7fcdaff8fa50>,6,1,[7 1],7,83,84,76,55
1,<environment.Job instance at 0x7fcdaff1eaa0>,34,1,[2 5],35,83,84,48,57
1,<environment.Job instance at 0x7fcdf61ce3c0>,33,2,[5 6],34,84,86,50,58
1,<environment.Job instance at 0x7fcdf5f1a320>,48,15,[1 8],49,115,130,66,115
1,<environment.Job instance at 0x7fcdf5f1a410>,46,16,[3 8],47,130,146,83,117
1,<environment.Job instance at 0x7fcdf66c9280>,57,18,[5 9],58,155,173,97,155
1,<environment.Job instance at 0x7fcdf5f1a230>,55,14,[8 4],56,173,187,117,167
1,<environment.Job instance at 0x7fcdf66c9820>,69,2,[5 1],70,187,189,117,172
1,<environment.Job instance at 0x7fcdfaead0a0>,72,13,[3 7],73,193,206,120,193
1,<environment.Job instance at 0x7fcdb007cdc0>,74,14,[7 4],75,206,220,131,195
1,<environment.Job instance at 0x7fcdf681fc30>,10,12,[10  4],11,11,23,0,11
1,<environment.Job instance at 0x7fcdb0516d70>,16,16,[ 5 10],17,23,39,6,18
1,<environment.Job instance at 0x7fcdafd49dc0>,19,2,[4 5],20,39,41,19,20
1,<environment.Job instance at 0x7fcdafd490a0>,18,3,[2 8],19,41,44,22,20
1,<environment.Job instance at 0x7fcdafd49f00>,21,2,[2 6],22,44,46,22,23
1,<environment.Job instance at 0x7fcdb0516550>,20,1,[7 1],21,41,42,20,25
1,<environment.Job instance at 0x7fcdafd49280>,25,15,[5 1],26,42,57,16,28
1,<environment.Job instance at 0x7fcdafd499b0>,23,14,[1 8],24,46,60,22,33
1,<environment.Job instance at 0x7fcdafeb3b90>,28,3,[2 5],29,60,63,31,36
1,<environment.Job instance at 0x7fcdafeb35a0>,35,13,[5 1],36,57,70,21,43
1,<environment.Job instance at 0x7fcdafd49eb0>,24,12,[3 9],25,63,75,38,46
1,<environment.Job instance at 0x7fcdf63283c0>,38,12,[1 6],39,75,87,36,61
1,<environment.Job instance at 0x7fcdf6328c30>,46,2,[8 3],47,75,77,28,64
1,<environment.Job instance at 0x7fcdb0327280>,50,13,[10  1],51,87,100,36,75
1,<environment.Job instance at 0x7fcdb0516230>,14,26,[10  2],15,108,134,93,108
1,<environment.Job instance at 0x7fcdafd7b820>,59,2,[5 9],60,134,136,74,108
1,<environment.Job instance at 0x7fcdafd7bc80>,62,3,[5 1],63,134,137,71,133
1,<environment.Job instance at 0x7fcdafda6f00>,64,1,[7 2],65,137,138,72,137
1,<environment.Job instance at 0x7fcdafda6f50>,66,16,[5 2],67,138,154,71,137
1,<environment.Job instance at 0x7fcdafda65f0>,67,1,[6 4],68,154,155,86,138
1,<environment.Job instance at 0x7fcdafd7b460>,56,19,[9 4],57,155,174,98,148
1,<environment.Job instance at 0x7fcdafda6690>,70,3,[ 4 10],71,174,177,103,148
1,<environment.Job instance at 0x7fcdf59aca00>,79,19,[2 9],80,185,204,105,185
1,<environment.Job instance at 0x7fcdf59ac140>,84,13,[10  5],85,204,217,119,188
1,<environment.Job instance at 0x7fcdf5c79e10>,90,3,[ 4 10],91,217,220,126,202
1,<environment.Job instance at 0x7fcdb017d910>,3,13,[4 7],4,7,20,3,7
1,<environment.Job instance at 0x7fcdb03e2550>,7,16,[3 5],8,20,36,12,8
1,<environment.Job instance at 0x7fcdf5a58550>,10,17,[8 3],11,36,53,25,24
1,<environment.Job instance at 0x7fcdf65b0fa0>,16,15,[1 5],17,36,51,19,36
1,<environment.Job instance at 0x7fcdf6221eb0>,18,2,[5 5],19,53,55,34,39
1,<environment.Job instance at 0x7fcdf5b8b8c0>,19,3,[5 2],20,53,56,33,39
1,<environment.Job instance at 0x7fcdaff8f1e0>,13,13,[10  3],14,56,69,42,41
1,<environment.Job instance at 0x7fcdf628cf00>,29,15,[8 4],30,69,84,39,61
1,<environment.Job instance at 0x7fcdf5d95e10>,11,12,[7 5],12,84,96,72,67
1,<environment.Job instance at 0x7fcdf6293e10>,37,15,[6 1],38,96,111,58,82
1,<environment.Job instance at 0x7fcdf5b0d1e0>,22,17,[3 8],23,96,113,73,95
1,<environment.Job instance at 0x7fcdf5c55640>,47,1,[3 5],48,113,114,65,112
1,<environment.Job instance at 0x7fcdf5d0ed20>,49,2,[2 5],50,113,115,63,112
1,<environment.Job instance at 0x7fcdafd79d70>,50,16,[1 5],51,114,130,63,112
1,<environment.Job instance at 0x7fcdf6279a50>,43,22,[5 4],44,115,137,71,114
1,<environment.Job instance at 0x7fcdf5ce7050>,54,2,[1 7],55,137,139,82,116
1,<environment.Job instance at 0x7fcdf5d043c0>,53,18,[10  5],54,139,157,85,128
1,<environment.Job instance at 0x7fcdf599ff50>,68,16,[1 8],69,157,173,88,151
1,<environment.Job instance at 0x7fcdf599f6e0>,69,12,[9 3],70,173,185,103,156
1,<environment.Job instance at 0x7fcdf5ce63c0>,73,1,[10  5],74,185,186,111,157
1,<environment.Job instance at 0x7fcdafede870>,75,3,[5 6],76,186,189,110,160
1,<environment.Job instance at 0x7fcdafede910>,77,1,[5 1],78,164,165,86,164
1,<environment.Job instance at 0x7fcdafede410>,80,13,[8 3],81,189,202,108,174
1,<environment.Job instance at 0x7fcdb04273c0>,83,1,[7 3],84,202,203,118,175
1,<environment.Job instance at 0x7fcdb04271e0>,84,3,[3 7],85,202,205,117,176
1,<environment.Job instance at 0x7fcdb03a3230>,88,3,[9 1],89,205,208,116,204
1,<environment.Job instance at 0x7fcdb03a3460>,89,15,[6 1],90,208,223,118,204
1,<environment.Job instance at 0x7fcdb04120a0>,91,3,[2 8],92,208,211,116,205
1,<environment.Job instance at 0x7fcdb0412910>,92,12,[10  3],93,223,235,130,207
1,<environment.Job instance at 0x7fcdafd7b280>,1,16,[ 2 10],2,2,18,0,2
1,<environment.Job instance at 0x7fcdafc413c0>,8,18,[5 6],9,18,36,9,18
1,<environment.Job instance at 0x7fcdf62a58c0>,10,1,[8 1],11,36,37,25,18
1,<environment.Job instance at 0x7fcdf62a5c30>,11,12,[8 3],12,37,49,25,20
1,<environment.Job instance at 0x7fcdf5ab3050>,5,3,[6 1],6,49,52,43,45
1,<environment.Job instance at 0x7fcdf62f1690>,19,12,[ 5 10],20,52,64,32,49
1,<environment.Job instance at 0x7fcdafc41870>,7,15,[1 7],8,68,83,60,68
1,<environment.Job instance at 0x7fcdf5e4e280>,28,14,[7 5],29,83,97,54,68
1,<environment.Job instance at 0x7fcdb042f460>,33,2,[9 4],34,97,99,63,96
1,<environment.Job instance at 0x7fcdafe2e8c0>,37,2,[8 3],38,102,104,64,102
1,<environment.Job instance at 0x7fcdafe2e690>,38,13,[5 9],39,105,118,66,105
1,<environment.Job instance at 0x7fcdafe2eaf0>,40,14,[5 5],41,118,132,77,107
1,<environment.Job instance at 0x7fcdafe2e140>,39,3,[ 4 10],40,132,135,92,107
1,<environment.Job instance at 0x7fcdf6349140>,57,16,[2 6],58,153,169,95,153
1,<environment.Job instance at 0x7fcdafe13cd0>,59,15,[5 3],60,176,191,116,176
1,<environment.Job instance at 0x7fcdf63495a0>,60,17,[6 4],61,191,208,130,179
1,<environment.Job instance at 0x7fcdafc0ca00>,65,15,[9 5],66,208,223,142,194
1,<environment.Job instance at 0x7fcdf5e26af0>,68,14,[3 8],69,223,237,154,216
1,<environment.Job instance at 0x7fcdf5ec87d0>,72,2,[5 1],73,226,228,153,226
1,<environment.Job instance at 0x7fcdafe2efa0>,41,17,[2 9],42,237,254,195,226
1,<environment.Job instance at 0x7fcdafd494b0>,1,17,[3 6],2,2,19,0,2
1,<environment.Job instance at 0x7fcdafb7b410>,2,17,[ 4 10],3,19,36,16,7
1,<environment.Job instance at 0x7fcdafaf4780>,14,17,[6 1],15,36,53,21,24
1,<environment.Job instance at 0x7fcdafaf4d20>,21,17,[ 4 10],22,53,70,31,41
1,<environment.Job instance at 0x7fcdf60340a0>,27,15,[5 1],28,70,85,42,56
1,<environment.Job instance at 0x7fcdf6034af0>,30,12,[ 4 10],31,85,97,54,68
1,<environment.Job instance at 0x7fcdafb4fd70>,33,15,[5 8],34,97,112,63,83
1,<environment.Job instance at 0x7fcdafb4ff00>,42,3,[5 9],43,112,115,69,108
1,<environment.Job instance at 0x7fcdafb4f190>,44,2,[8 1],45,115,117,70,108
1,<environment.Job instance at 0x7fcdb04e7410>,12,28,[5 1],13,117,145,104,116
1,<environment.Job instance at 0x7fcdafb4f500>,48,18,[5 5],49,117,135,68,116
1,<environment.Job instance at 0x7fcdafb53d70>,52,1,[1 7],53,137,138,84,137
1,<environment.Job instance at 0x7fcdafb4f690>,50,1,[ 5 10],51,145,146,94,138
1,<environment.Job instance at 0x7fcdafb53d20>,56,1,[10  4],57,146,147,89,138
1,<environment.Job instance at 0x7fcdafb53a00>,57,3,[9 4],58,147,150,89,139
1,<environment.Job instance at 0x7fcdafb530f0>,55,2,[8 2],56,150,152,94,139
1,<environment.Job instance at 0x7fcdafb53f50>,58,14,[9 3],59,152,166,93,139
1,<environment.Job instance at 0x7fcdf602b6e0>,60,2,[ 4 10],61,166,168,105,139
1,<environment.Job instance at 0x7fcdf602b410>,64,16,[5 8],65,168,184,103,155
1,<environment.Job instance at 0x7fcdafbd02d0>,73,15,[3 5],74,184,199,110,170
1,<environment.Job instance at 0x7fcdafbd0fa0>,74,13,[6 5],75,184,197,109,181
1,<environment.Job instance at 0x7fcdf602b0f0>,70,13,[8 2],71,199,212,128,184
1,<environment.Job instance at 0x7fcdafbd0c80>,80,1,[ 2 10],81,212,213,131,184
1,<environment.Job instance at 0x7fcdafbd0d70>,77,2,[10  1],78,213,215,135,186
1,<environment.Job instance at 0x7fcdafbd00a0>,82,2,[2 5],83,197,199,114,186
1,<environment.Job instance at 0x7fcdafbd05a0>,87,2,[7 3],88,215,217,127,190
1,<environment.Job instance at 0x7fcdafbd0190>,89,2,[5 5],90,217,219,127,199
1,<environment.Job instance at 0x7fcdafc58c80>,90,16,[8 2],91,219,235,128,206
1,<environment.Job instance at 0x7fcdf5ff5e10>,6,24,[10  2],7,10,34,3,10
1,<environment.Job instance at 0x7fcdafc37a50>,2,18,[10  3],3,34,52,31,23
1,<environment.Job instance at 0x7fcdaff8cb40>,23,17,[10  3],24,52,69,28,48
1,<environment.Job instance at 0x7fcdf6003780>,26,13,[4 6],27,69,82,42,65
1,<environment.Job instance at 0x7fcdf5ffd730>,32,17,[6 3],33,69,86,36,66
1,<environment.Job instance at 0x7fcdaff8c910>,20,1,[ 5 10],21,86,87,65,70
1,<environment.Job instance at 0x7fcdf5a26aa0>,8,1,[2 6],9,82,83,73,70
1,<environment.Job instance at 0x7fcdf5ffdd70>,35,1,[9 2],36,87,88,51,70
1,<environment.Job instance at 0x7fcdf5ffdaf0>,37,2,[4 9],38,88,90,50,70
1,<environment.Job instance at 0x7fcdf5ffdb90>,34,2,[5 3],35,90,92,55,72
1,<environment.Job instance at 0x7fcdf5ffdcd0>,41,12,[10  1],42,92,104,50,75
1,<environment.Job instance at 0x7fcdf5fe5f50>,45,2,[3 7],46,104,106,58,99
1,<environment.Job instance at 0x7fcdf5fe56e0>,46,3,[1 5],47,106,109,59,99
1,<environment.Job instance at 0x7fcdf6011460>,47,18,[4 5],48,106,124,58,99
1,<environment.Job instance at 0x7fcdf597f640>,51,15,[4 9],52,124,139,72,112
1,<environment.Job instance at 0x7fcdf5feee10>,54,17,[3 6],55,139,156,84,130
1,<environment.Job instance at 0x7fcdf5ffdf50>,40,3,[7 1],41,139,142,98,131
1,<environment.Job instance at 0x7fcdf60d3870>,58,12,[4 8],59,156,168,97,139
1,<environment.Job instance at 0x7fcdf60123c0>,61,2,[5 3],62,153,155,91,153
1,<environment.Job instance at 0x7fcdf6012fa0>,62,1,[5 5],63,168,169,105,153
1,<environment.Job instance at 0x7fcdf597cdc0>,63,12,[9 4],64,169,181,105,154
1,<environment.Job instance at 0x7fcdf5e59be0>,57,1,[1 7],58,181,182,123,155
1,<environment.Job instance at 0x7fcdf597c460>,64,2,[9 3],65,181,183,116,163
1,<environment.Job instance at 0x7fcdf5ccc820>,60,16,[10  3],61,183,199,122,170
1,<environment.Job instance at 0x7fcdf59560f0>,71,13,[ 1 10],72,199,212,127,183
1,<environment.Job instance at 0x7fcdf5959b90>,75,13,[ 3 10],76,212,225,136,197
1,<environment.Job instance at 0x7fcdf60b7780>,81,17,[5 4],82,225,242,143,213
1,<environment.Job instance at 0x7fcdf6034410>,4,2,[2 5],5,5,7,0,5
1,<environment.Job instance at 0x7fcdf66e2d70>,5,3,[ 4 10],6,7,10,1,6
1,<environment.Job instance at 0x7fcdf6034780>,7,15,[5 1],8,10,25,2,8
1,<environment.Job instance at 0x7fcdf603b820>,9,2,[2 5],10,10,12,0,10
1,<environment.Job instance at 0x7fcdf603b9b0>,10,13,[1 5],11,12,25,1,11
1,<environment.Job instance at 0x7fcdf603b320>,11,3,[7 5],12,25,28,13,12
1,<environment.Job instance at 0x7fcdf6083050>,12,15,[3 8],13,28,43,15,15
1,<environment.Job instance at 0x7fcdb04183c0>,17,14,[7 4],18,43,57,25,28
1,<environment.Job instance at 0x7fcdf5fc4690>,23,1,[6 5],24,57,58,33,29
1,<environment.Job instance at 0x7fcdf66bde10>,13,1,[9 4],14,58,59,44,30
1,<environment.Job instance at 0x7fcdf59ca4b0>,18,14,[6 4],19,59,73,40,47
1,<environment.Job instance at 0x7fcdafc8b320>,28,13,[5 2],29,73,86,44,58
1,<environment.Job instance at 0x7fcdf6410dc0>,32,1,[3 7],33,73,74,40,69
1,<environment.Job instance at 0x7fcdafb3d280>,22,14,[7 5],23,86,100,63,71
1,<environment.Job instance at 0x7fcdf593a9b0>,36,2,[5 2],37,74,76,37,71
1,<environment.Job instance at 0x7fcdf593ad20>,37,17,[ 5 10],38,100,117,62,88
1,<environment.Job instance at 0x7fcdafb7fc30>,41,14,[4 8],42,117,131,75,103
1,<environment.Job instance at 0x7fcdafb7f960>,48,2,[3 7],49,131,133,82,105
1,<environment.Job instance at 0x7fcdafebdeb0>,51,13,[8 2],52,133,146,81,132
1,<environment.Job instance at 0x7fcdb03fe2d0>,52,3,[5 5],53,146,149,93,132
1,<environment.Job instance at 0x7fcdafb7fd70>,50,13,[1 8],51,133,146,82,132
1,<environment.Job instance at 0x7fcdb03feb40>,53,3,[ 3 10],54,149,152,95,132
1,<environment.Job instance at 0x7fcdb03fe820>,55,18,[7 4],56,152,170,96,141
1,<environment.Job instance at 0x7fcdf62a5a00>,60,1,[6 1],61,170,171,109,144
1,<environment.Job instance at 0x7fcdafebdbe0>,54,1,[10  2],55,171,172,116,145
1,<environment.Job instance at 0x7fcdb03fef50>,62,1,[1 5],63,147,148,84,147
1,<environment.Job instance at 0x7fcdf60b8870>,63,1,[7 1],64,172,173,108,151
1,<environment.Job instance at 0x7fcdf612dc30>,67,1,[3 6],68,159,160,91,159
1,<environment.Job instance at 0x7fcdf612d550>,69,2,[5 1],70,173,175,103,159
1,<environment.Job instance at 0x7fcdf64105a0>,34,16,[2 8],35,172,188,137,160
1,<environment.Job instance at 0x7fcdf5c36a50>,75,15,[7 1],76,175,190,99,171
1,<environment.Job instance at 0x7fcdf5c36140>,74,15,[7 5],75,190,205,115,178
1,<environment.Job instance at 0x7fcdb02b6960>,78,12,[3 7],79,205,217,126,189
1,<environment.Job instance at 0x7fcdf637ddc0>,84,14,[7 2],85,205,219,120,200
1,<environment.Job instance at 0x7fcdf612d140>,72,17,[ 1 10],73,219,236,146,207
1,<environment.Job instance at 0x7fcdf5b4d190>,2,3,[9 2],3,3,6,0,3
1,<environment.Job instance at 0x7fcdb01d8b90>,7,14,[5 6],8,8,22,0,8
1,<environment.Job instance at 0x7fcdb01d83c0>,8,12,[7 2],9,22,34,13,13
1,<environment.Job instance at 0x7fcdf6279690>,14,14,[ 3 10],15,34,48,19,19
1,<environment.Job instance at 0x7fcdafbc7c30>,23,17,[6 1],24,48,65,24,36
1,<environment.Job instance at 0x7fcdb01d8460>,10,2,[2 6],11,48,50,37,36
1,<environment.Job instance at 0x7fcdafbc74b0>,26,2,[10  3],27,65,67,38,39
1,<environment.Job instance at 0x7fcdafbc7280>,30,13,[4 7],31,67,80,36,62
1,<environment.Job instance at 0x7fcdafbc7cd0>,31,16,[5 5],32,80,96,48,67
1,<environment.Job instance at 0x7fcdafb5bb90>,37,17,[4 9],38,96,113,58,84
1,<environment.Job instance at 0x7fcdafb5bc30>,42,17,[ 5 10],43,113,130,70,101
1,<environment.Job instance at 0x7fcdf65fc960>,48,15,[8 2],49,130,145,81,116
1,<environment.Job instance at 0x7fcdf65fccd0>,50,12,[8 3],51,145,157,94,128
1,<environment.Job instance at 0x7fcdf65fc500>,56,13,[ 5 10],57,157,170,100,141
1,<environment.Job instance at 0x7fcdf5d8f140>,67,15,[10  1],68,170,185,102,157
1,<environment.Job instance at 0x7fcdf5d8f230>,72,2,[1 8],73,185,187,112,171
1,<environment.Job instance at 0x7fcdf5d8f0a0>,73,3,[9 3],74,187,190,113,174
1,<environment.Job instance at 0x7fcdf5d8ff00>,75,17,[8 3],76,190,207,114,178
1,<environment.Job instance at 0x7fcdf5d8f780>,83,1,[2 6],84,190,191,106,188
1,<environment.Job instance at 0x7fcdf5d8fa50>,85,14,[8 2],86,207,221,121,192
1,<environment.Job instance at 0x7fcdafb92730>,91,16,[4 9],92,221,237,129,208
1,<environment.Job instance at 0x7fcdf5b28280>,1,1,[1 8],2,2,3,0,2
1,<environment.Job instance at 0x7fcdf5b288c0>,7,14,[4 9],8,9,23,1,9
1,<environment.Job instance at 0x7fcdafc58b90>,4,3,[7 5],5,23,26,18,11
1,<environment.Job instance at 0x7fcdf5ef4c30>,11,2,[5 5],12,26,28,14,12
1,<environment.Job instance at 0x7fcdf625f7d0>,12,18,[1 5],13,23,41,10,13
1,<environment.Job instance at 0x7fcdf5ef4370>,15,3,[7 1],16,28,31,12,21
1,<environment.Job instance at 0x7fcdafdde6e0>,16,17,[5 8],17,41,58,24,29
1,<environment.Job instance at 0x7fcdf5f6b320>,10,17,[10  2],11,58,75,47,47
1,<environment.Job instance at 0x7fcdafa829b0>,19,2,[9 5],20,75,77,55,49
1,<environment.Job instance at 0x7fcdb04c4a00>,25,3,[10  3],26,77,80,51,70
1,<environment.Job instance at 0x7fcdafae0050>,26,2,[1 9],27,80,82,53,70
1,<environment.Job instance at 0x7fcdafae09b0>,27,15,[4 6],28,82,97,54,70
1,<environment.Job instance at 0x7fcdf669cd20>,35,3,[5 5],36,97,100,61,72
1,<environment.Job instance at 0x7fcdf663fbe0>,38,17,[3 8],39,100,117,61,88
1,<environment.Job instance at 0x7fcdb02895a0>,46,13,[9 1],47,117,130,70,101
1,<environment.Job instance at 0x7fcdb0289780>,53,3,[2 8],54,130,133,76,127
1,<environment.Job instance at 0x7fcdb0289b90>,52,17,[9 3],53,133,150,80,127
1,<environment.Job instance at 0x7fcdb0288190>,57,13,[5 6],58,150,163,92,134
1,<environment.Job instance at 0x7fcdb02883c0>,67,17,[10  4],68,163,180,95,151
1,<environment.Job instance at 0x7fcdb02aa730>,71,13,[4 5],72,180,193,108,176
1,<environment.Job instance at 0x7fcdb02aadc0>,75,2,[3 8],76,193,195,117,176
1,<environment.Job instance at 0x7fcdb02890f0>,55,1,[ 3 10],56,195,196,139,177
1,<environment.Job instance at 0x7fcdb02aa550>,76,16,[10  2],77,196,212,119,183
1,<environment.Job instance at 0x7fcdb0293870>,88,15,[5 3],89,212,227,123,203
1,<environment.Job instance at 0x7f0a04e01370>,5,2,[1 5],6,6,8,0,6
1,<environment.Job instance at 0x7f0a04e01410>,7,1,[5 4],8,8,9,0,8
1,<environment.Job instance at 0x7f0a04e01640>,8,13,[5 5],9,9,22,0,9
1,<environment.Job instance at 0x7f0a04e01730>,10,12,[3 7],11,22,34,11,12
1,<environment.Job instance at 0x7f0a04e014b0>,6,20,[6 1],7,30,50,23,30
1,<environment.Job instance at 0x7f0a04e01cd0>,15,18,[2 8],16,37,55,21,37
1,<environment.Job instance at 0x7f0a04e032d0>,24,18,[2 6],25,60,78,35,60
1,<environment.Job instance at 0x7f0a04e01c80>,14,13,[7 3],15,61,74,46,61
1,<environment.Job instance at 0x7f0a04e034b0>,27,15,[8 4],28,74,89,46,61
1,<environment.Job instance at 0x7f0a04e03960>,33,14,[5 5],34,89,103,55,74
1,<environment.Job instance at 0x7f0a04e03aa0>,35,15,[9 5],36,103,118,67,89
1,<environment.Job instance at 0x7f0a04e065f0>,45,13,[6 5],46,118,131,72,102
1,<environment.Job instance at 0x7f0a04e06730>,47,2,[6 5],48,131,133,83,110
1,<environment.Job instance at 0x7f0a0c2996e0>,3,3,[4 8],4,133,136,129,115
1,<environment.Job instance at 0x7f0a04e069b0>,51,3,[1 5],52,120,123,68,120
1,<environment.Job instance at 0x7f0a04e06a50>,52,1,[8 5],53,136,137,83,120
1,<environment.Job instance at 0x7f0a04e03690>,29,12,[5 4],30,137,149,107,124
1,<environment.Job instance at 0x7f0a04e06cd0>,56,17,[8 5],57,149,166,92,138
1,<environment.Job instance at 0x7f0a04e06eb0>,59,17,[1 6],60,166,183,106,154
1,<environment.Job instance at 0x7f0a04e095f0>,63,3,[5 9],64,183,186,119,158
1,<environment.Job instance at 0x7f0a04e099b0>,68,2,[ 3 10],69,198,200,129,198
1,<environment.Job instance at 0x7f0a04e09d20>,70,3,[10  2],71,201,204,130,201
1,<environment.Job instance at 0x7f0a04e09dc0>,71,2,[5 1],72,204,206,132,203
1,<environment.Job instance at 0x7f0a04e09e60>,72,2,[5 9],73,204,206,131,203
1,<environment.Job instance at 0x7f0a04e09f00>,73,13,[6 3],74,206,219,132,204
1,<environment.Job instance at 0x7f0a04e09eb0>,74,14,[5 1],75,219,233,144,204
1,<environment.Job instance at 0x7f0a04e09460>,76,19,[4 8],77,219,238,142,214
1,<environment.Job instance at 0x7f0a04e0b1e0>,79,13,[9 4],80,238,251,158,222
1,<environment.Job instance at 0x7f0a04e103c0>,2,13,[ 5 10],3,3,16,0,3
1,<environment.Job instance at 0x7f0a04e10e60>,3,16,[ 3 10],4,16,32,12,4
1,<environment.Job instance at 0x7f0a0c380960>,12,3,[4 7],13,32,35,19,16
1,<environment.Job instance at 0x7f0a0c380eb0>,14,2,[2 7],15,35,37,20,16
1,<environment.Job instance at 0x7f0a0c3802d0>,11,13,[5 6],12,37,50,25,21
1,<environment.Job instance at 0x7f0a0c386e60>,21,15,[10  4],22,50,65,28,36
1,<environment.Job instance at 0x7f0a0c386370>,24,14,[8 4],25,65,79,40,50
1,<environment.Job instance at 0x7f0a0c3797d0>,33,15,[5 2],34,79,94,45,65
1,<environment.Job instance at 0x7f0a0c3808c0>,16,17,[1 7],17,79,96,62,74
1,<environment.Job instance at 0x7f0a0c23b870>,40,2,[9 5],41,96,98,55,75
1,<environment.Job instance at 0x7f0a0c23baf0>,41,2,[5 5],42,98,100,56,75
1,<environment.Job instance at 0x7f0a0c23b960>,42,1,[6 4],43,100,101,57,75
1,<environment.Job instance at 0x7f0a0c23b730>,39,14,[3 6],40,100,114,60,85
1,<environment.Job instance at 0x7f0a0c23bbe0>,49,14,[2 6],50,114,128,64,104
1,<environment.Job instance at 0x7f0a0c23bdc0>,43,18,[6 5],44,128,146,84,118
1,<environment.Job instance at 0x7f0a0c1f9730>,62,3,[10  2],63,146,149,83,131
1,<environment.Job instance at 0x7f0a0c385f00>,63,2,[8 3],64,149,151,85,134
1,<environment.Job instance at 0x7f0a0c385aa0>,66,14,[5 5],67,151,165,84,138
1,<environment.Job instance at 0x7f0a0c385280>,67,1,[9 1],68,165,166,97,141
1,<environment.Job instance at 0x7f0a0c3853c0>,69,2,[9 4],70,166,168,96,143
1,<environment.Job instance at 0x7f0a0c23d730>,60,18,[10  3],61,168,186,107,157
1,<environment.Job instance at 0x7f0a0c38c410>,79,2,[10  4],80,186,188,106,159
1,<environment.Job instance at 0x7f0a0c38c3c0>,83,2,[5 6],84,188,190,104,161
1,<environment.Job instance at 0x7f0a0c382370>,86,12,[ 3 10],87,190,202,103,176
1,<environment.Job instance at 0x7f0a0c382f50>,90,18,[4 5],91,202,220,111,191
1,<environment.Job instance at 0x7f09c10a7050>,8,15,[3 6],9,9,24,0,9
1,<environment.Job instance at 0x7f0a0c210eb0>,10,17,[2 6],11,24,41,13,12
1,<environment.Job instance at 0x7f09c11775a0>,14,2,[8 5],15,41,43,26,15
1,<environment.Job instance at 0x7f09c10c8dc0>,20,2,[ 5 10],21,43,45,22,27
1,<environment.Job instance at 0x7f09c1051be0>,22,2,[2 6],23,45,47,22,27
1,<environment.Job instance at 0x7f09c1177d20>,18,13,[5 1],19,27,40,8,27
1,<environment.Job instance at 0x7f0a04bca7d0>,27,3,[6 3],28,45,48,17,28
1,<environment.Job instance at 0x7f09c1056e60>,28,13,[8 5],29,48,61,19,34
1,<environment.Job instance at 0x7f09c117d2d0>,30,18,[6 1],31,61,79,30,53
1,<environment.Job instance at 0x7f0a05000780>,35,17,[4 6],36,63,80,27,63
1,<environment.Job instance at 0x7f09c11a6dc0>,37,14,[ 1 10],38,80,94,42,65
1,<environment.Job instance at 0x7f09c123cb90>,44,17,[9 4],45,94,111,49,82
1,<environment.Job instance at 0x7f09c1051280>,24,15,[10  4],25,111,126,86,98
1,<environment.Job instance at 0x7f09c123cdc0>,50,1,[ 1 10],51,126,127,75,98
1,<environment.Job instance at 0x7f09c123c640>,49,15,[ 5 10],50,127,142,77,113
1,<environment.Job instance at 0x7f09c123c9b0>,51,14,[8 2],52,142,156,90,127
1,<environment.Job instance at 0x7f09c11874b0>,61,2,[1 7],62,142,144,80,130
1,<environment.Job instance at 0x7f09c1187190>,63,3,[2 5],64,144,147,80,131
1,<environment.Job instance at 0x7f09c1187910>,64,12,[5 9],65,156,168,91,139
1,<environment.Job instance at 0x7f0a04b78c80>,69,15,[ 3 10],70,168,183,98,155
1,<environment.Job instance at 0x7f09c11871e0>,60,12,[9 2],61,208,220,147,208
1,<environment.Job instance at 0x7f09c10bb730>,76,16,[ 5 10],77,220,236,143,216
1,<environment.Job instance at 0x7f0a04e10b90>,0,18,[9 5],1,1,19,0,1
1,<environment.Job instance at 0x7f0a04e74be0>,9,17,[8 1],10,19,36,9,12
1,<environment.Job instance at 0x7f09c157a2d0>,21,3,[7 3],22,36,39,14,28
1,<environment.Job instance at 0x7f0a04f14190>,23,1,[1 7],24,30,31,6,30
1,<environment.Job instance at 0x7f09c1571f50>,25,13,[ 1 10],26,39,52,13,31
1,<environment.Job instance at 0x7f09c1571f00>,29,15,[10  2],30,52,67,22,38
1,<environment.Job instance at 0x7f09c154d8c0>,33,13,[4 9],34,67,80,33,51
1,<environment.Job instance at 0x7f09c154da50>,41,13,[4 5],42,80,93,38,64
1,<environment.Job instance at 0x7f09c16d49b0>,45,12,[ 1 10],46,93,105,47,76
1,<environment.Job instance at 0x7f09c16d4d20>,49,14,[5 7],50,105,119,55,90
1,<environment.Job instance at 0x7f0a0c253f00>,58,15,[8 5],59,119,134,60,105
1,<environment.Job instance at 0x7f09c10a51e0>,66,18,[4 6],67,134,152,67,126
1,<environment.Job instance at 0x7f0a0508a0f0>,70,12,[8 5],71,158,170,87,158
1,<environment.Job instance at 0x7f0a0508a320>,71,3,[9 2],72,170,173,98,158
1,<environment.Job instance at 0x7f0a04ef61e0>,73,2,[9 1],74,173,175,99,158
1,<environment.Job instance at 0x7f09c10570a0>,74,2,[1 8],75,170,172,95,158
1,<environment.Job instance at 0x7f09c10570f0>,77,2,[2 8],78,176,178,98,176
1,<environment.Job instance at 0x7f0a04dfb190>,18,14,[ 2 10],19,180,194,161,180
1,<environment.Job instance at 0x7f0a04e57c30>,85,2,[6 3],86,208,210,122,208
1,<environment.Job instance at 0x7f0a04e575a0>,84,17,[8 5],85,210,227,125,209
1,<environment.Job instance at 0x7f0a04df2910>,2,3,[ 1 10],3,3,6,0,3
1,<environment.Job instance at 0x7f09c13da140>,3,3,[7 3],4,6,9,2,4
1,<environment.Job instance at 0x7f09c13d7c80>,4,17,[3 9],5,9,26,4,7
1,<environment.Job instance at 0x7f09c1100460>,11,18,[3 6],12,26,44,14,15
1,<environment.Job instance at 0x7f09c11d95f0>,16,2,[5 1],17,29,31,12,29
1,<environment.Job instance at 0x7f09c11d9780>,17,2,[4 5],18,44,46,26,29
1,<environment.Job instance at 0x7f09c16a1140>,10,14,[6 4],11,31,45,20,30
1,<environment.Job instance at 0x7f09c11d9c80>,18,16,[8 5],19,46,62,27,33
1,<environment.Job instance at 0x7f09c1425190>,28,17,[10  3],29,70,87,41,70
1,<environment.Job instance at 0x7f09c16a8fa0>,34,2,[2 5],35,95,97,60,95
1,<environment.Job instance at 0x7f0a0524b4b0>,35,3,[6 5],36,96,99,60,96
1,<environment.Job instance at 0x7f09c168dc80>,36,3,[8 2],37,99,102,62,96
1,<environment.Job instance at 0x7f0a0524cf00>,37,13,[7 3],38,102,115,64,96
1,<environment.Job instance at 0x7f0a0523f870>,39,15,[ 1 10],40,115,130,75,101
1,<environment.Job instance at 0x7f09c16d4050>,9,15,[7 1],10,130,145,120,116
1,<environment.Job instance at 0x7f0a0525e870>,47,18,[1 7],48,130,148,82,120
1,<environment.Job instance at 0x7f09c11d96e0>,19,18,[7 5],20,148,166,128,137
1,<environment.Job instance at 0x7f0a0525d190>,55,15,[7 4],56,166,181,110,152
1,<environment.Job instance at 0x7f0a0525d9b0>,54,12,[8 4],55,181,193,126,175
1,<environment.Job instance at 0x7f0a0525d550>,62,18,[5 1],63,193,211,130,182
1,<environment.Job instance at 0x7f0a05266960>,65,2,[4 7],66,193,195,127,185
1,<environment.Job instance at 0x7f0a0525a0a0>,77,2,[8 4],78,215,217,137,215
1,<environment.Job instance at 0x7f0a0525a7d0>,79,17,[1 5],80,215,232,135,215
1,<environment.Job instance at 0x7f0a0525a320>,81,13,[1 7],82,232,245,150,218
1,<environment.Job instance at 0x7f0a051e6230>,3,12,[4 6],4,4,16,0,4
1,<environment.Job instance at 0x7f0a051e6410>,4,3,[6 4],5,5,8,0,5
1,<environment.Job instance at 0x7f0a051e6870>,5,13,[2 6],6,16,29,10,6
1,<environment.Job instance at 0x7f0a051e6780>,12,18,[5 9],13,29,47,16,18
1,<environment.Job instance at 0x7f0a051e6be0>,16,1,[2 6],17,47,48,30,21
1,<environment.Job instance at 0x7f0a051d69b0>,21,2,[9 5],22,48,50,26,22
1,<environment.Job instance at 0x7f0a051e6a50>,15,1,[9 5],16,50,51,34,22
1,<environment.Job instance at 0x7f0a051d6eb0>,24,17,[9 5],25,51,68,26,39
1,<environment.Job instance at 0x7f0a051d6aa0>,28,14,[9 4],29,68,82,39,53
1,<environment.Job instance at 0x7f0a051d6820>,22,3,[9 5],23,82,85,59,57
1,<environment.Job instance at 0x7f09c1764320>,36,1,[4 9],37,85,86,48,64
1,<environment.Job instance at 0x7f09c1764640>,38,2,[8 5],39,86,88,47,74
1,<environment.Job instance at 0x7f09c1764eb0>,40,3,[2 7],41,88,91,47,74
1,<environment.Job instance at 0x7f09c17641e0>,39,14,[6 1],40,88,102,48,74
1,<environment.Job instance at 0x7f09c1764c80>,42,14,[3 9],43,91,105,48,76
1,<environment.Job instance at 0x7f09c17640f0>,45,18,[10  3],46,105,123,59,96
1,<environment.Job instance at 0x7f09c1750870>,52,3,[5 2],53,123,126,70,98
1,<environment.Job instance at 0x7f09c17500f0>,56,17,[5 5],57,123,140,66,114
1,<environment.Job instance at 0x7f09c1750140>,55,12,[5 6],56,140,152,84,123
1,<environment.Job instance at 0x7f0a051d6280>,19,15,[6 3],20,152,167,132,140
1,<environment.Job instance at 0x7f0a04e56a50>,68,15,[3 6],69,152,167,83,145
1,<environment.Job instance at 0x7f09c1750280>,57,13,[8 2],58,170,183,112,170
1,<environment.Job instance at 0x7f0a04e56460>,72,3,[9 1],73,183,186,110,171
1,<environment.Job instance at 0x7f0a04e56c80>,71,2,[2 6],72,172,174,100,172
1,<environment.Job instance at 0x7f0a04da72d0>,77,16,[ 5 10],78,186,202,108,184
1,<environment.Job instance at 0x7f0a04da7640>,82,16,[9 4],83,202,218,119,197
1,<environment.Job instance at 0x7f0a04da7960>,84,1,[6 1],85,218,219,133,197
1,<environment.Job instance at 0x7f0a04da7dc0>,85,3,[1 5],86,202,205,116,197
1,<environment.Job instance at 0x7f0a04da7c30>,86,15,[9 5],87,219,234,132,205
1,<environment.Job instance at 0x7f0a051e6730>,3,2,[2 5],4,4,6,0,4
1,<environment.Job instance at 0x7f09c1651870>,4,15,[ 2 10],5,6,21,1,5
1,<environment.Job instance at 0x7f0a051e2960>,6,18,[9 4],7,21,39,14,10
1,<environment.Job instance at 0x7f0a0513ea50>,15,17,[7 4],16,39,56,23,35
1,<environment.Job instance at 0x7f0a0513e460>,17,14,[5 5],18,56,70,38,41
1,<environment.Job instance at 0x7f0a0507daa0>,23,17,[10  5],24,70,87,46,58
1,<environment.Job instance at 0x7f0a074e4140>,31,16,[2 7],32,87,103,55,74
1,<environment.Job instance at 0x7f09c108a730>,33,13,[6 5],34,103,116,69,88
1,<environment.Job instance at 0x7f0a0c236320>,36,2,[7 3],37,89,91,52,89
1,<environment.Job instance at 0x7f0a073ee2d0>,27,16,[1 5],28,103,119,75,90
1,<environment.Job instance at 0x7f09c159e460>,38,2,[2 7],39,119,121,80,92
1,<environment.Job instance at 0x7f09c159e4b0>,39,2,[4 6],40,121,123,81,100
1,<environment.Job instance at 0x7f09c1591230>,43,17,[6 4],44,121,138,77,119
1,<environment.Job instance at 0x7f0a0514e410>,26,1,[5 7],27,138,139,111,122
1,<environment.Job instance at 0x7f09c128b7d0>,9,16,[2 8],10,139,155,129,126
1,<environment.Job instance at 0x7f0a079b4870>,49,2,[9 5],50,155,157,105,140
1,<environment.Job instance at 0x7f09c153d320>,53,12,[4 9],54,157,169,103,142
1,<environment.Job instance at 0x7f09c153d460>,60,3,[7 3],61,169,172,108,161
1,<environment.Job instance at 0x7f09c153d050>,59,16,[ 3 10],60,172,188,112,161
1,<environment.Job instance at 0x7f09c153deb0>,61,13,[ 3 10],62,188,201,126,184
1,<environment.Job instance at 0x7f0a04cdeb90>,68,1,[ 1 10],69,201,202,132,185
1,<environment.Job instance at 0x7f0a04eeb140>,71,15,[9 5],72,202,217,130,189
1,<environment.Job instance at 0x7f09c12b9e10>,79,16,[ 4 10],80,223,239,143,223
1,<environment.Job instance at 0x7f0a04d51e60>,4,14,[10  4],5,5,19,0,5
1,<environment.Job instance at 0x7f09c1298eb0>,5,12,[ 3 10],6,19,31,13,6
1,<environment.Job instance at 0x7f0a051c2a50>,11,2,[5 5],12,31,33,19,12
1,<environment.Job instance at 0x7f0a073c0500>,13,2,[8 4],14,33,35,19,14
1,<environment.Job instance at 0x7f09c1503f50>,16,12,[6 4],17,35,47,18,18
1,<environment.Job instance at 0x7f0a05297780>,17,17,[8 2],18,47,64,29,40
1,<environment.Job instance at 0x7f09c107d550>,26,3,[9 2],27,64,67,37,41
1,<environment.Job instance at 0x7f09c107d690>,28,1,[8 2],29,67,68,38,41
1,<environment.Job instance at 0x7f09c107d870>,29,3,[2 6],30,41,44,11,41
1,<environment.Job instance at 0x7f09c107d820>,31,1,[9 4],32,68,69,36,43
1,<environment.Job instance at 0x7f09c107d960>,32,2,[2 7],33,47,49,14,43
1,<environment.Job instance at 0x7f09c107dc80>,37,17,[7 4],38,69,86,31,59
1,<environment.Job instance at 0x7f09c1087410>,41,16,[5 3],42,86,102,44,73
1,<environment.Job instance at 0x7f09c1087aa0>,49,2,[5 4],50,86,88,36,77
1,<environment.Job instance at 0x7f09c1087b40>,50,18,[9 2],51,102,120,51,91
1,<environment.Job instance at 0x7f09c1087be0>,51,1,[2 7],52,97,98,45,97
1,<environment.Job instance at 0x7f09c10553c0>,62,16,[10  2],63,139,155,76,139
1,<environment.Job instance at 0x7f09c1055370>,63,15,[4 8],64,155,170,91,141
1,<environment.Job instance at 0x7f09c10557d0>,68,14,[ 4 10],69,170,184,101,155
1,<environment.Job instance at 0x7f09c1055820>,71,14,[9 5],72,184,198,112,169
1,<environment.Job instance at 0x7f09c1055b90>,78,13,[3 7],79,198,211,119,184
1,<environment.Job instance at 0x7f09c107e500>,82,16,[1 7],83,211,227,128,199
1,<environment.Job instance at 0x7f09c107e820>,87,16,[7 2],88,205,221,117,205
1,<environment.Job instance at 0x7f09c107eb40>,92,14,[9 3],93,221,235,128,210
1,<environment.Job instance at 0x7f0a074e3eb0>,9,2,[3 7],10,12,14,2,12
1,<environment.Job instance at 0x7f09c15a1af0>,11,1,[4 7],12,14,15,2,12
1,<environment.Job instance at 0x7f0a07559b90>,12,19,[6 2],13,13,32,0,13
1,<environment.Job instance at 0x7f0a074573c0>,13,3,[1 8],14,15,18,1,15
1,<environment.Job instance at 0x7f09c16513c0>,5,14,[5 7],6,32,46,26,17
1,<environment.Job instance at 0x7f0a04b75050>,20,14,[2 6],21,46,60,25,37
1,<environment.Job instance at 0x7f0a075f86e0>,26,18,[3 6],27,60,78,33,53
1,<environment.Job instance at 0x7f0a077ac1e0>,29,3,[2 9],30,78,81,48,77
1,<environment.Job instance at 0x7f0a05242550>,30,3,[9 2],31,81,84,50,80
1,<environment.Job instance at 0x7f0a077c4780>,33,18,[4 5],34,84,102,50,80
1,<environment.Job instance at 0x7f09c16c33c0>,34,15,[3 5],35,84,99,49,80
1,<environment.Job instance at 0x7f0a050d2870>,32,3,[10  3],33,102,105,69,94
1,<environment.Job instance at 0x7f09c138bb90>,35,18,[5 8],36,105,123,69,101
1,<environment.Job instance at 0x7f09c1104a50>,40,2,[7 4],41,123,125,82,120
1,<environment.Job instance at 0x7f0a0760fa00>,41,16,[6 5],42,125,141,83,124
1,<environment.Job instance at 0x7f09c1739dc0>,45,16,[6 5],46,144,160,98,144
1,<environment.Job instance at 0x7f0a04d27dc0>,47,18,[9 4],48,160,178,112,149
1,<environment.Job instance at 0x7f09c10e9910>,58,14,[7 2],59,178,192,119,163
1,<environment.Job instance at 0x7f09c128b3c0>,64,17,[3 7],65,178,195,113,169
1,<environment.Job instance at 0x7f09c16476e0>,69,18,[2 9],70,195,213,125,184
1,<environment.Job instance at 0x7f0a075f61e0>,70,18,[5 5],71,213,231,142,202
1,<environment.Job instance at 0x7f09c10ded20>,78,3,[6 3],79,231,234,152,205
1,<environment.Job instance at 0x7f09c10def50>,79,2,[10  3],80,234,236,154,209
1,<environment.Job instance at 0x7f09c10de690>,82,3,[5 8],83,236,239,153,211
1,<environment.Job instance at 0x7f09c16de7d0>,3,3,[7 2],4,4,7,0,4
1,<environment.Job instance at 0x7f0a04eaa370>,4,13,[5 8],5,7,20,2,5
1,<environment.Job instance at 0x7f0a073c0aa0>,6,18,[1 5],7,20,38,13,9
1,<environment.Job instance at 0x7f0a04c820f0>,12,15,[2 5],13,20,35,7,15
1,<environment.Job instance at 0x7f0a074e4640>,10,17,[10  1],11,38,55,27,26
1,<environment.Job instance at 0x7f0a04c82c30>,18,2,[7 5],19,55,57,36,42
1,<environment.Job instance at 0x7f0a04c82190>,11,16,[2 5],12,55,71,43,43
1,<environment.Job instance at 0x7f0a073f1730>,22,3,[1 7],23,71,74,48,54
1,<environment.Job instance at 0x7f0a04d6deb0>,23,13,[9 3],24,71,84,47,55
1,<environment.Job instance at 0x7f0a04c4d230>,30,2,[2 6],31,84,86,53,58
1,<environment.Job instance at 0x7f0a04c4da50>,32,3,[6 1],33,58,61,25,58
1,<environment.Job instance at 0x7f09c13dae10>,35,18,[ 2 10],36,86,104,50,78
1,<environment.Job instance at 0x7f0a04e3a370>,39,17,[9 1],40,104,121,64,92
1,<environment.Job instance at 0x7f0a07ac5e10>,44,15,[5 3],45,121,136,76,109
1,<environment.Job instance at 0x7f0a074e2c80>,48,3,[5 8],49,136,139,87,113
1,<environment.Job instance at 0x7f0a07442820>,49,2,[3 9],50,139,141,89,113
1,<environment.Job instance at 0x7f0a07442fa0>,50,13,[10  5],51,141,154,90,125
1,<environment.Job instance at 0x7f09c142b730>,56,3,[2 5],57,127,130,70,127
1,<environment.Job instance at 0x7f09c14742d0>,58,2,[5 7],59,132,134,73,132
1,<environment.Job instance at 0x7f0a073f12d0>,20,18,[4 5],21,154,172,133,144
1,<environment.Job instance at 0x7f09c1474af0>,62,15,[1 6],63,172,187,109,158
1,<environment.Job instance at 0x7f09c1474870>,65,12,[5 2],66,161,173,95,161
1,<environment.Job instance at 0x7f09c14746e0>,66,18,[7 1],67,173,191,106,162
1,<environment.Job instance at 0x7f09c14744b0>,61,16,[4 9],62,196,212,134,196
1,<environment.Job instance at 0x7f09c116f870>,74,14,[2 7],75,212,226,137,197
1,<environment.Job instance at 0x7f0a074cfd70>,81,14,[3 5],82,226,240,144,214
1,<environment.Job instance at 0x7f0a07986050>,82,14,[6 3],83,214,228,131,214
1,<environment.Job instance at 0x7f0a07986910>,83,12,[4 5],84,228,240,144,214
1,<environment.Job instance at 0x7f09c14b2d70>,9,3,[7 2],10,12,15,2,12
1,<environment.Job instance at 0x7f09c16dec30>,7,2,[2 6],8,12,14,4,12
1,<environment.Job instance at 0x7f09c1596460>,4,16,[7 3],5,16,32,11,16
1,<environment.Job instance at 0x7f0a04edd370>,17,15,[7 2],18,32,47,14,30
1,<environment.Job instance at 0x7f0a04c67910>,22,18,[3 6],23,31,49,8,31
1,<environment.Job instance at 0x7f0a04c67550>,24,3,[1 6],25,49,52,24,31
1,<environment.Job instance at 0x7f0a04c67b90>,26,1,[7 1],27,47,48,20,31
1,<environment.Job instance at 0x7f0a04c9f3c0>,30,24,[10  5],31,52,76,21,47
1,<environment.Job instance at 0x7f0a04c9f960>,34,17,[10  3],35,76,93,41,71
1,<environment.Job instance at 0x7f0a04c9fc80>,39,15,[9 3],40,102,117,62,102
1,<environment.Job instance at 0x7f0a04c9fa50>,43,12,[4 8],44,117,129,73,102
1,<environment.Job instance at 0x7f0a04c69550>,50,3,[5 7],51,129,132,78,106
1,<environment.Job instance at 0x7f0a04c69500>,51,3,[7 4],52,132,135,80,106
1,<environment.Job instance at 0x7f0a04c69410>,52,3,[1 5],53,107,110,54,107
1,<environment.Job instance at 0x7f0a04c695a0>,53,2,[5 6],54,135,137,81,108
1,<environment.Job instance at 0x7f0a04c69640>,54,1,[2 5],55,132,133,77,108
1,<environment.Job instance at 0x7f0a04c69960>,59,13,[4 5],60,137,150,77,131
1,<environment.Job instance at 0x7f0a04c696e0>,55,13,[3 7],56,150,163,94,135
1,<environment.Job instance at 0x7f0a04c69d20>,62,2,[3 7],63,163,165,100,144
1,<environment.Job instance at 0x7f0a04c69cd0>,61,17,[9 4],62,165,182,103,153
1,<environment.Job instance at 0x7f0a04c69f50>,65,14,[6 1],66,182,196,116,167
1,<environment.Job instance at 0x7f0a04c69d70>,66,16,[3 8],67,182,198,115,169
1,<environment.Job instance at 0x7f0a04c6c280>,74,18,[ 2 10],75,198,216,123,187
1,<environment.Job instance at 0x7f0a04c6c5f0>,77,18,[5 9],78,216,234,138,205
1,<environment.Job instance at 0x7f0a04c69dc0>,63,2,[ 3 10],64,234,236,170,212
1,<environment.Job instance at 0x7f0a04c6caf0>,83,3,[ 2 10],84,236,239,152,219
1,<environment.Job instance at 0x7f09c14b22d0>,2,2,[5 5],3,4,6,1,4
1,<environment.Job instance at 0x7f0a0529e5f0>,6,13,[4 5],7,9,22,2,9
1,<environment.Job instance at 0x7f09c1564190>,9,18,[7 2],10,22,40,12,15
1,<environment.Job instance at 0x7f09c1564e10>,19,2,[1 8],20,22,24,2,20
1,<environment.Job instance at 0x7f09c15646e0>,20,12,[10  4],21,40,52,19,23
1,<environment.Job instance at 0x7f09c1564460>,21,12,[4 5],22,52,64,30,38
1,<environment.Job instance at 0x7f09c15640a0>,28,3,[2 8],29,64,67,35,38
1,<environment.Job instance at 0x7f0a04df5a00>,29,2,[4 5],30,52,54,22,38
1,<environment.Job instance at 0x7f0a04df5aa0>,27,12,[6 2],28,54,66,26,38
1,<environment.Job instance at 0x7f09c14538c0>,34,12,[3 9],35,67,79,32,55
1,<environment.Job instance at 0x7f0a04df5370>,30,1,[7 1],31,66,67,35,55
1,<environment.Job instance at 0x7f09c1453280>,38,3,[2 5],39,79,82,40,55
1,<environment.Job instance at 0x7f0a04e58c80>,40,2,[10  1],41,82,84,41,55
1,<environment.Job instance at 0x7f09c1453f50>,39,1,[5 1],40,67,68,27,57
1,<environment.Job instance at 0x7f0a04e58f50>,41,3,[2 9],42,84,87,42,58
1,<environment.Job instance at 0x7f0a04e58e60>,42,3,[10  3],43,87,90,44,62
1,<environment.Job instance at 0x7f0a04e58cd0>,47,2,[5 7],48,90,92,42,90
1,<environment.Job instance at 0x7f0a04f2ba50>,50,16,[6 2],51,92,108,41,90
1,<environment.Job instance at 0x7f0a052ba780>,54,14,[10  4],55,113,127,58,113
1,<environment.Job instance at 0x7f0a052baaf0>,55,17,[4 9],56,127,144,71,115
1,<environment.Job instance at 0x7f0a052ba730>,60,13,[10  1],61,144,157,83,140
1,<environment.Job instance at 0x7f09c1564500>,13,12,[5 8],14,157,169,143,140
1,<environment.Job instance at 0x7f0a052bab40>,56,2,[8 3],57,169,171,112,142
1,<environment.Job instance at 0x7f0a052badc0>,64,1,[6 5],65,171,172,106,145
1,<environment.Job instance at 0x7f0a04e58d70>,48,12,[1 6],49,172,184,123,160
1,<environment.Job instance at 0x7f09c16ec5a0>,69,2,[5 9],70,184,186,114,164
1,<environment.Job instance at 0x7f09c16ec190>,74,1,[7 2],75,179,180,104,179
1,<environment.Job instance at 0x7f09c16ec910>,71,14,[2 7],72,186,200,114,180
1,<environment.Job instance at 0x7f0a0503b460>,77,1,[6 4],78,180,181,102,180
1,<environment.Job instance at 0x7f0a07799550>,81,3,[6 5],82,200,203,118,180
1,<environment.Job instance at 0x7f09c16ec870>,80,3,[ 4 10],81,203,206,122,180
1,<environment.Job instance at 0x7f0a077993c0>,83,2,[1 5],84,200,202,116,182
1,<environment.Job instance at 0x7f0a07799870>,84,17,[9 5],85,206,223,121,194
1,<environment.Job instance at 0x7f09c1564730>,2,18,[7 3],3,3,21,0,3
1,<environment.Job instance at 0x7f0a07993b90>,5,16,[5 7],6,21,37,15,8
1,<environment.Job instance at 0x7f0a07993640>,13,13,[10  3],14,37,50,23,21
1,<environment.Job instance at 0x7f0a07993500>,11,12,[7 5],12,50,62,38,33
1,<environment.Job instance at 0x7f0a04d804b0>,16,15,[1 5],17,50,65,33,36
1,<environment.Job instance at 0x7f0a04d80eb0>,19,3,[5 2],20,62,65,42,36
1,<environment.Job instance at 0x7f0a07583d20>,21,2,[4 8],22,65,67,43,38
1,<environment.Job instance at 0x7f0a04d80910>,18,2,[5 5],19,67,69,48,40
1,<environment.Job instance at 0x7f0a07583500>,27,14,[9 3],28,69,83,41,54
1,<environment.Job instance at 0x7f09c13de370>,31,15,[3 9],32,83,98,51,69
1,<environment.Job instance at 0x7f09c13deeb0>,37,15,[6 1],38,83,98,45,70
1,<environment.Job instance at 0x7f0a073d25a0>,40,2,[4 6],41,98,100,57,71
1,<environment.Job instance at 0x7f0a075830f0>,25,2,[7 1],26,100,102,74,87
1,<environment.Job instance at 0x7f0a075832d0>,22,17,[3 8],23,100,117,77,88
1,<environment.Job instance at 0x7f0a073d2fa0>,47,1,[3 5],48,117,118,69,105
1,<environment.Job instance at 0x7f0a073d2af0>,48,2,[5 7],49,118,120,69,106
1,<environment.Job instance at 0x7f0a073d2550>,49,2,[2 5],50,120,122,70,106
1,<environment.Job instance at 0x7f0a073d2460>,50,16,[1 5],51,120,136,69,107
1,<environment.Job instance at 0x7f09c0fd0140>,51,17,[6 5],52,122,139,70,110
1,<environment.Job instance at 0x7f09c0fd0960>,54,2,[1 7],55,139,141,84,113
1,<environment.Job instance at 0x7f09c0fd0f00>,58,1,[1 6],59,141,142,82,118
1,<environment.Job instance at 0x7f0a073d2be0>,45,17,[ 4 10],46,142,159,96,133
1,<environment.Job instance at 0x7f0a0be08be0>,66,2,[5 5],67,159,161,92,135
1,<environment.Job instance at 0x7f09c0fe42d0>,67,2,[9 3],68,139,141,71,135
1,<environment.Job instance at 0x7f0a0be08f50>,69,12,[9 3],70,161,173,91,146
1,<environment.Job instance at 0x7f0a0be08c80>,72,3,[9 3],73,173,176,100,150
1,<environment.Job instance at 0x7f0a0be08d20>,68,16,[1 8],69,176,192,107,164
1,<environment.Job instance at 0x7f0a074e2eb0>,75,3,[5 6],76,192,195,116,170
1,<environment.Job instance at 0x7f0a07a7beb0>,84,3,[3 7],85,195,198,110,170
1,<environment.Job instance at 0x7f09c174e0f0>,89,15,[6 1],90,195,210,105,184
1,<environment.Job instance at 0x7f09c174e1e0>,91,3,[2 8],92,198,201,106,184
1,<environment.Job instance at 0x7f09c174e370>,93,13,[5 1],94,210,223,116,194
1,<environment.Job instance at 0x7f09c174eaa0>,96,12,[1 9],97,201,213,104,195
1,<environment.Job instance at 0x7f0a079930f0>,8,1,[9 2],9,9,10,0,9
1,<environment.Job instance at 0x7f0a04c4b0f0>,9,12,[ 5 10],10,10,22,0,10
1,<environment.Job instance at 0x7f0a075c3410>,5,16,[10  2],6,22,38,16,11
1,<environment.Job instance at 0x7f0a078a7f50>,11,2,[10  5],12,38,40,26,12
1,<environment.Job instance at 0x7f09c145bb90>,21,12,[7 5],22,40,52,18,24
1,<environment.Job instance at 0x7f09c145bdc0>,23,2,[9 4],24,52,54,28,25
1,<environment.Job instance at 0x7f09c145bc30>,26,14,[3 9],27,54,68,27,39
1,<environment.Job instance at 0x7f09c147aaf0>,29,3,[ 4 10],30,68,71,38,52
1,<environment.Job instance at 0x7f09c147a7d0>,30,14,[5 5],31,71,85,40,56
1,<environment.Job instance at 0x7f09c1789730>,44,18,[6 3],45,85,103,40,74
1,<environment.Job instance at 0x7f0a0754faf0>,47,16,[2 6],48,85,101,37,81
1,<environment.Job instance at 0x7f0a04eeac30>,49,15,[5 3],50,103,118,53,103
1,<environment.Job instance at 0x7f09c0f06190>,10,20,[5 8],11,118,138,107,115
1,<environment.Job instance at 0x7f09c17bfa00>,52,18,[9 5],53,138,156,85,127
1,<environment.Job instance at 0x7f0a04ec1d70>,59,3,[2 9],60,156,159,96,143
1,<environment.Job instance at 0x7f0a0523bc30>,53,17,[5 1],54,156,173,102,144
1,<environment.Job instance at 0x7f0a050ca780>,62,2,[5 1],63,159,161,96,147
1,<environment.Job instance at 0x7f0a04ec7e60>,58,14,[3 8],59,161,175,102,148
1,<environment.Job instance at 0x7f0a07922460>,71,2,[1 9],72,175,177,103,164
1,<environment.Job instance at 0x7f0a07922640>,74,12,[ 4 10],75,178,190,103,178
1,<environment.Job instance at 0x7f0a07925cd0>,79,14,[8 5],80,199,213,119,199
1,<environment.Job instance at 0x7f0a079259b0>,83,14,[2 9],84,213,227,129,202
1,<environment.Job instance at 0x7f0a07925eb0>,86,12,[3 5],87,227,239,140,213
1,<environment.Job instance at 0x7f09c10a7780>,1,17,[ 4 10],2,3,20,1,3
1,<environment.Job instance at 0x7f0a079e4eb0>,9,13,[6 1],10,20,33,10,12
1,<environment.Job instance at 0x7f0a0c14ed20>,24,2,[8 1],25,56,58,31,56
1,<environment.Job instance at 0x7f09c13de6e0>,11,17,[6 1],12,72,89,60,72
1,<environment.Job instance at 0x7f09c16383c0>,32,1,[1 7],33,84,85,51,84
1,<environment.Job instance at 0x7f09c1638e10>,34,18,[ 2 10],35,89,107,54,84
1,<environment.Job instance at 0x7f09c14b63c0>,44,16,[5 8],45,107,123,62,94
1,<environment.Job instance at 0x7f09c14b65f0>,48,12,[3 8],49,123,135,74,106
1,<environment.Job instance at 0x7f0a04ebd910>,50,13,[8 2],51,135,148,84,119
1,<environment.Job instance at 0x7f0a04ebd3c0>,53,15,[3 5],54,148,163,94,135
1,<environment.Job instance at 0x7f0a04ebd960>,55,13,[6 1],56,148,161,92,135
1,<environment.Job instance at 0x7f09c1558e60>,65,17,[5 8],66,163,180,97,151
1,<environment.Job instance at 0x7f0a05235640>,74,13,[6 5],75,180,193,105,169
1,<environment.Job instance at 0x7f0a05235190>,79,15,[10  5],80,193,208,113,179
1,<environment.Job instance at 0x7f0a04e82960>,82,15,[4 9],83,208,223,125,194
1,<environment.Job instance at 0x7f0a0bf98500>,90,3,[ 5 10],91,223,226,132,199
1,<environment.Job instance at 0x7f0a0758aaf0>,4,2,[5 3],5,5,7,0,5
1,<environment.Job instance at 0x7f0a073cce60>,5,1,[9 2],6,7,8,1,6
1,<environment.Job instance at 0x7f09c157f230>,9,2,[1 6],10,12,14,2,12
1,<environment.Job instance at 0x7f09c157fa50>,12,16,[7 1],13,13,29,0,13
1,<environment.Job instance at 0x7f09c0e7fdc0>,17,18,[4 5],18,29,47,11,25
1,<environment.Job instance at 0x7f09c157f410>,15,2,[3 7],16,47,49,31,28
1,<environment.Job instance at 0x7f09c0e7f690>,22,13,[1 8],23,49,62,26,35
1,<environment.Job instance at 0x7f09c0e7fd70>,27,1,[1 7],28,73,74,45,73
1,<environment.Job instance at 0x7f09c0e7ff00>,26,15,[8 5],27,74,89,47,73
1,<environment.Job instance at 0x7f09c0e5c050>,30,16,[10  3],31,89,105,58,77
1,<environment.Job instance at 0x7f09c0e5c820>,37,3,[6 3],38,105,108,67,79
1,<environment.Job instance at 0x7f09c0e5c910>,43,14,[4 9],44,114,128,70,114
1,<environment.Job instance at 0x7f09c0ddebe0>,49,18,[8 2],50,132,150,82,132
1,<environment.Job instance at 0x7f09c0e5c190>,28,12,[4 8],29,150,162,121,134
1,<environment.Job instance at 0x7f09c0dde050>,52,2,[ 3 10],53,162,164,109,136
1,<environment.Job instance at 0x7f09c0dde1e0>,57,12,[3 7],58,164,176,106,149
1,<environment.Job instance at 0x7f09c0dde5a0>,63,17,[7 3],64,166,183,102,166
1,<environment.Job instance at 0x7f09c0de6820>,64,13,[7 1],65,183,196,118,167
1,<environment.Job instance at 0x7f09c0dde7d0>,62,1,[7 3],63,196,197,133,175
1,<environment.Job instance at 0x7f09c0de60a0>,66,12,[4 6],67,197,209,130,180
1,<environment.Job instance at 0x7f09c0de64b0>,68,12,[3 9],69,183,195,114,180
1,<environment.Job instance at 0x7f09c0de61e0>,69,3,[5 2],70,197,200,127,180
1,<environment.Job instance at 0x7f09c0de6780>,74,15,[6 3],75,200,215,125,186
1,<environment.Job instance at 0x7f09c0d90e60>,83,2,[9 1],84,219,221,135,219
1,<environment.Job instance at 0x7f0a07ac5fa0>,15,18,[7 4],16,16,34,0,16
1,<environment.Job instance at 0x7f0a07ac5190>,18,13,[5 4],19,34,47,15,19
1,<environment.Job instance at 0x7f09c16a1280>,14,1,[10  2],15,47,48,32,20
1,<environment.Job instance at 0x7f0a0796aaf0>,16,2,[4 9],17,48,50,31,21
1,<environment.Job instance at 0x7f0a0be0ecd0>,22,1,[1 5],23,23,24,0,23
1,<environment.Job instance at 0x7f0a0796f3c0>,20,1,[6 1],21,48,49,27,27
1,<environment.Job instance at 0x7f0a0794d910>,27,1,[3 6],28,29,30,1,29
1,<environment.Job instance at 0x7f0a0794deb0>,29,2,[5 1],30,34,36,4,34
1,<environment.Job instance at 0x7f0a0796fcd0>,28,2,[7 1],29,50,52,21,34
1,<environment.Job instance at 0x7f0a0794d4b0>,33,14,[5 4],34,52,66,18,39
1,<environment.Job instance at 0x7f0a079580a0>,35,15,[7 1],36,66,81,30,52
1,<environment.Job instance at 0x7f0a0794de10>,37,17,[9 4],38,81,98,43,69
1,<environment.Job instance at 0x7f0a07966b40>,43,12,[3 6],44,69,81,25,69
1,<environment.Job instance at 0x7f0a0794d730>,32,17,[ 1 10],33,98,115,65,86
1,<environment.Job instance at 0x7f0a079601e0>,48,3,[9 4],49,115,118,66,90
1,<environment.Job instance at 0x7f0a07960050>,46,13,[10  2],47,118,131,71,102
1,<environment.Job instance at 0x7f09c1150140>,61,14,[ 5 10],62,131,145,69,118
1,<environment.Job instance at 0x7f09c1161190>,66,1,[6 5],67,145,146,78,141
1,<environment.Job instance at 0x7f09c1161b40>,67,23,[3 5],68,145,168,77,141
1,<environment.Job instance at 0x7f09c1115640>,69,16,[1 8],70,168,184,98,155
1,<environment.Job instance at 0x7f0a074b4050>,71,1,[2 6],72,184,185,112,169
1,<environment.Job instance at 0x7f09c1144b90>,73,1,[6 1],74,171,172,97,171
1,<environment.Job instance at 0x7f09c11441e0>,74,2,[7 2],75,172,174,97,171
1,<environment.Job instance at 0x7f09c1161870>,68,16,[1 9],69,185,201,116,172
1,<environment.Job instance at 0x7f09c11447d0>,75,15,[4 9],76,201,216,125,187
1,<environment.Job instance at 0x7f09c1124230>,82,3,[9 2],83,216,219,133,195
1,<environment.Job instance at 0x7f09c1116550>,84,2,[2 7],85,219,221,134,196
1,<environment.Job instance at 0x7f09c1116820>,86,12,[3 9],87,221,233,134,205
1,<environment.Job instance at 0x7f09c0ded5f0>,2,14,[ 3 10],3,3,17,0,3
1,<environment.Job instance at 0x7f0a0c1400f0>,6,13,[ 5 10],7,17,30,10,7
1,<environment.Job instance at 0x7f0a07811050>,16,3,[9 5],17,30,33,13,17
1,<environment.Job instance at 0x7f09c1005780>,17,15,[10  1],18,33,48,15,19
1,<environment.Job instance at 0x7f0a05331cd0>,21,1,[10  5],22,48,49,26,29
1,<environment.Job instance at 0x7f09c173fa50>,24,2,[6 2],25,49,51,24,33
1,<environment.Job instance at 0x7f0a05331c80>,23,3,[9 3],24,51,54,27,38
1,<environment.Job instance at 0x7f09c173f0a0>,27,1,[1 6],28,49,50,21,40
1,<environment.Job instance at 0x7f0a07811910>,14,18,[2 5],15,54,72,39,43
1,<environment.Job instance at 0x7f09c173f8c0>,29,2,[7 3],30,54,56,24,44
1,<environment.Job instance at 0x7f0a0744b820>,31,1,[7 3],32,56,57,24,44
1,<environment.Job instance at 0x7f09c0d91a50>,34,3,[6 2],35,57,60,22,45
1,<environment.Job instance at 0x7f0a0770f6e0>,35,14,[8 2],36,60,74,24,45
1,<environment.Job instance at 0x7f0a0770f550>,36,3,[5 3],37,74,77,37,48
1,<environment.Job instance at 0x7f09c0e78e10>,33,1,[2 6],34,50,51,16,48
1,<environment.Job instance at 0x7f0a073d2820>,28,14,[5 6],29,74,88,45,59
1,<environment.Job instance at 0x7f0a0770fb90>,38,1,[5 8],39,88,89,49,73
1,<environment.Job instance at 0x7f09c0f8a640>,43,13,[3 7],44,89,102,45,73
1,<environment.Job instance at 0x7f09c0f8a5a0>,47,13,[10  3],48,102,115,54,95
1,<environment.Job instance at 0x7f09c10d7cd0>,53,13,[8 4],54,115,128,61,99
1,<environment.Job instance at 0x7f0a076a7b90>,59,15,[ 5 10],60,128,143,68,114
1,<environment.Job instance at 0x7f0a076bbaa0>,64,14,[5 5],65,143,157,78,129
1,<environment.Job instance at 0x7f09c0e02050>,75,2,[5 6],76,167,169,91,167
1,<environment.Job instance at 0x7f09c11a5aa0>,77,14,[4 9],78,169,183,91,168
1,<environment.Job instance at 0x7f09c11a58c0>,78,15,[5 4],79,184,199,105,184
1,<environment.Job instance at 0x7f0a04e035f0>,74,3,[7 5],75,199,202,124,186
1,<environment.Job instance at 0x7f0a04c93cd0>,81,2,[5 5],82,193,195,111,193
1,<environment.Job instance at 0x7f0a073eabe0>,5,2,[4 7],6,8,10,2,8
1,<environment.Job instance at 0x7f0a0bf61f00>,2,2,[7 5],3,10,12,7,8
1,<environment.Job instance at 0x7f0a073eaeb0>,8,17,[9 3],9,12,29,3,10
1,<environment.Job instance at 0x7f0a073eadc0>,7,17,[10  4],8,29,46,21,21
1,<environment.Job instance at 0x7f09c0e49410>,15,2,[3 8],16,46,48,30,22
1,<environment.Job instance at 0x7f09c0e49b40>,16,16,[10  2],17,48,64,31,37
1,<environment.Job instance at 0x7f0a051c90a0>,28,15,[5 3],29,64,79,35,50
1,<environment.Job instance at 0x7f0a051c93c0>,32,1,[2 5],33,64,65,31,51
1,<environment.Job instance at 0x7f0a051c9b40>,37,18,[10  3],38,79,97,41,69
1,<environment.Job instance at 0x7f0a051c9e10>,35,16,[3 7],36,97,113,61,85
1,<environment.Job instance at 0x7f09c0ef8960>,47,18,[3 6],48,113,131,65,103
1,<environment.Job instance at 0x7f09c0e49eb0>,19,17,[10  1],20,131,148,111,130
1,<environment.Job instance at 0x7f09c0ef8280>,52,2,[8 5],53,148,150,95,130
1,<environment.Job instance at 0x7f09c0ef8370>,45,12,[4 8],46,150,162,104,135
1,<environment.Job instance at 0x7f0a052a9eb0>,60,13,[ 4 10],61,162,175,101,149
1,<environment.Job instance at 0x7f0a052a9e60>,62,17,[10  4],63,175,192,112,163
1,<environment.Job instance at 0x7f0a052a9f00>,67,12,[6 5],68,192,204,124,175
1,<environment.Job instance at 0x7f0a052a90a0>,71,3,[8 3],72,204,207,132,182
1,<environment.Job instance at 0x7f0a052a9820>,72,2,[9 2],73,207,209,134,182
1,<environment.Job instance at 0x7f0a04cfabe0>,75,3,[8 2],76,209,212,133,193
1,<environment.Job instance at 0x7f0a04cfa500>,80,15,[1 8],81,216,231,135,216
1,<environment.Job instance at 0x7f0a04cfa050>,84,17,[3 5],85,231,248,146,219
1,<environment.Job instance at 0x7f0a051dec80>,0,1,[10  3],1,2,3,1,2
1,<environment.Job instance at 0x7f0a078ad960>,4,1,[3 7],5,5,6,0,5
1,<environment.Job instance at 0x7f0a051de4b0>,1,2,[2 5],2,6,8,4,6
1,<environment.Job instance at 0x7f09c10b8e10>,12,16,[ 1 10],13,13,29,0,13
1,<environment.Job instance at 0x7f09c0e5cb90>,10,1,[6 3],11,29,30,18,15
1,<environment.Job instance at 0x7f0a07347690>,8,18,[5 5],9,30,48,21,19
1,<environment.Job instance at 0x7f0a04e74730>,20,15,[10  4],21,48,63,27,34
1,<environment.Job instance at 0x7f0a04ca6eb0>,27,14,[6 2],28,63,77,35,49
1,<environment.Job instance at 0x7f09c10b8730>,13,15,[4 8],14,63,78,49,60
1,<environment.Job instance at 0x7f0a051fb0a0>,37,17,[9 5],38,78,95,40,74
1,<environment.Job instance at 0x7f0a051fbfa0>,39,14,[ 1 10],40,95,109,55,81
1,<environment.Job instance at 0x7f0a05302f00>,49,12,[8 1],50,109,121,59,92
1,<environment.Job instance at 0x7f0a053027d0>,52,2,[10  5],53,121,123,68,103
1,<environment.Job instance at 0x7f0a053020a0>,53,1,[2 5],54,109,110,55,103
1,<environment.Job instance at 0x7f0a05302960>,54,2,[2 7],55,110,112,55,104
1,<environment.Job instance at 0x7f0a05302c30>,55,3,[6 5],56,123,126,67,104
1,<environment.Job instance at 0x7f0a053028c0>,56,15,[5 8],57,126,141,69,112
1,<environment.Job instance at 0x7f0a0525c140>,63,12,[5 2],64,130,142,66,130
1,<environment.Job instance at 0x7f0a074de780>,11,18,[8 2],12,142,160,130,131
1,<environment.Job instance at 0x7f0a0525c2d0>,67,2,[2 8],68,141,143,73,141
1,<environment.Job instance at 0x7f0a05247500>,68,12,[2 6],69,147,159,78,147
1,<environment.Job instance at 0x7f0a05247190>,70,15,[5 5],71,160,175,89,147
1,<environment.Job instance at 0x7f0a05247b40>,72,14,[4 6],73,175,189,102,160
1,<environment.Job instance at 0x7f0a05247d70>,71,3,[8 1],72,189,192,117,182
1,<environment.Job instance at 0x7f0a052478c0>,77,13,[1 7],78,189,202,111,182
1,<environment.Job instance at 0x7f0a05247c80>,80,3,[5 6],81,202,205,121,182
1,<environment.Job instance at 0x7f0a05247690>,78,12,[2 5],79,205,217,126,190
1,<environment.Job instance at 0x7f0a05303e10>,84,2,[6 2],85,192,194,107,191
1,<environment.Job instance at 0x7f0a053039b0>,82,17,[4 8],83,217,234,134,205
1,<environment.Job instance at 0x7f0a05303c80>,86,3,[9 4],87,234,237,147,211
1,<environment.Job instance at 0x7f0a05303b40>,90,3,[10  5],91,237,240,146,212
1,<environment.Job instance at 0x7f3f92e55460>,6,20,[6 1],7,8,28,1,8
1,<environment.Job instance at 0x7f3f92e55370>,8,13,[5 5],9,28,41,19,12
1,<environment.Job instance at 0x7f3f92e55fa0>,19,14,[3 5],20,43,57,23,43
1,<environment.Job instance at 0x7f3f92e55870>,11,15,[4 8],12,57,72,45,54
1,<environment.Job instance at 0x7f3f92e565a0>,26,3,[3 7],27,72,75,45,54
1,<environment.Job instance at 0x7f3f92e56500>,25,12,[ 5 10],26,75,87,49,58
1,<environment.Job instance at 0x7f3f92e568c0>,31,14,[2 5],32,87,101,55,73
1,<environment.Job instance at 0x7f3f92e56a00>,33,14,[5 5],34,87,101,53,73
1,<environment.Job instance at 0x7f3f92e56b40>,35,15,[9 5],36,101,116,65,87
1,<environment.Job instance at 0x7f3f92e59550>,43,18,[5 5],44,116,134,72,105
1,<environment.Job instance at 0x7f3f92e59730>,47,2,[6 5],48,134,136,86,111
1,<environment.Job instance at 0x7f3f92e597d0>,48,15,[10  1],49,136,151,87,122
1,<environment.Job instance at 0x7f3f92e59a50>,52,1,[8 5],53,151,152,98,123
1,<environment.Job instance at 0x7f3f92e56640>,27,15,[8 4],28,152,167,124,139
1,<environment.Job instance at 0x7f3f92e59fa0>,55,2,[ 3 10],56,167,169,111,143
1,<environment.Job instance at 0x7f3f92e5d280>,58,14,[2 7],59,169,183,110,155
1,<environment.Job instance at 0x7f3f92e59e10>,57,18,[2 8],58,183,201,125,174
1,<environment.Job instance at 0x7f3f92e5d0a0>,63,3,[5 9],64,201,204,137,175
1,<environment.Job instance at 0x7f3f92e5d7d0>,66,3,[7 4],67,204,207,137,178
1,<environment.Job instance at 0x7f3f92e5db40>,70,3,[10  2],71,208,211,137,208
1,<environment.Job instance at 0x7f3f92e5dbe0>,71,2,[5 1],72,211,213,139,208
1,<environment.Job instance at 0x7f3f92e5db90>,72,2,[5 9],73,211,213,138,210
1,<environment.Job instance at 0x7f3f92e5deb0>,73,13,[6 3],74,213,226,139,210
1,<environment.Job instance at 0x7f3f92e5d370>,64,18,[2 9],65,226,244,161,226
1,<environment.Job instance at 0x7f3f9828ee10>,9,12,[4 9],10,10,22,0,10
1,<environment.Job instance at 0x7f3f9828e730>,11,15,[10  4],12,22,37,10,12
1,<environment.Job instance at 0x7f3f983dacd0>,21,15,[1 7],22,37,52,15,23
1,<environment.Job instance at 0x7f3f983da780>,14,14,[8 4],15,52,66,37,40
1,<environment.Job instance at 0x7f3f983cd140>,29,14,[3 6],30,66,80,36,51
1,<environment.Job instance at 0x7f3f5f922b40>,40,1,[5 8],41,80,81,39,57
1,<environment.Job instance at 0x7f3f983d9320>,42,14,[2 9],43,81,95,38,67
1,<environment.Job instance at 0x7f3f983d96e0>,44,3,[4 6],45,95,98,50,69
1,<environment.Job instance at 0x7f3f983d9e60>,45,2,[5 2],46,70,72,24,70
1,<environment.Job instance at 0x7f3f983d9280>,47,1,[2 9],48,98,99,50,71
1,<environment.Job instance at 0x7f3f983dc690>,31,2,[5 5],32,99,101,67,72
1,<environment.Job instance at 0x7f3f983d93c0>,49,12,[9 3],50,101,113,51,84
1,<environment.Job instance at 0x7f3f983e0050>,55,1,[6 2],56,95,96,39,85
1,<environment.Job instance at 0x7f3f983da460>,18,14,[9 5],19,113,127,94,98
1,<environment.Job instance at 0x7f3f983e0730>,59,2,[9 4],60,127,129,67,100
1,<environment.Job instance at 0x7f3f983e0190>,62,14,[2 7],63,129,143,66,114
1,<environment.Job instance at 0x7f3f983d62d0>,66,3,[2 8],67,143,146,76,122
1,<environment.Job instance at 0x7f3f983d6f50>,69,2,[10  4],70,146,148,76,122
1,<environment.Job instance at 0x7f3f983d6d20>,70,3,[5 6],71,148,151,77,122
1,<environment.Job instance at 0x7f3f983d2550>,73,2,[5 6],74,151,153,77,124
1,<environment.Job instance at 0x7f3f983d2730>,74,16,[7 2],75,129,145,54,124
1,<environment.Job instance at 0x7f3f982ed7d0>,80,18,[4 5],81,153,171,72,142
1,<environment.Job instance at 0x7f3f983df960>,84,16,[9 4],85,171,187,86,158
1,<environment.Job instance at 0x7f3f983dff50>,89,13,[6 3],90,187,200,97,172
1,<environment.Job instance at 0x7f3f983dfcd0>,91,1,[8 3],92,200,201,108,179
1,<environment.Job instance at 0x7f3f983cf780>,94,3,[4 7],95,187,190,92,179
1,<environment.Job instance at 0x7f3f983dfaa0>,88,15,[7 5],89,201,216,112,187
1,<environment.Job instance at 0x7f3f983d7460>,99,2,[5 8],100,216,218,116,194
1,<environment.Job instance at 0x7f3f983cf320>,95,1,[10  1],96,218,219,122,194
1,<environment.Job instance at 0x7f3f983d7dc0>,101,2,[9 5],102,219,221,117,194
1,<environment.Job instance at 0x7f3f983d7aa0>,102,2,[9 3],103,221,223,118,197
1,<environment.Job instance at 0x7f3f983d7aa0>,2,2,[2 6],3,4,6,1,4
1,<environment.Job instance at 0x7f3f4d165cd0>,6,1,[2 7],7,8,9,1,8
1,<environment.Job instance at 0x7f3f4d110050>,10,18,[6 1],11,11,29,0,11
1,<environment.Job instance at 0x7f3f4d110f00>,11,2,[1 5],12,13,15,1,13
1,<environment.Job instance at 0x7f3f92e61d20>,8,13,[8 5],9,29,42,20,15
1,<environment.Job instance at 0x7f3f4d1d3870>,16,1,[7 3],17,42,43,25,18
1,<environment.Job instance at 0x7f3f4d1dfc80>,18,1,[2 7],19,21,22,2,21
1,<environment.Job instance at 0x7f3f4d110140>,13,3,[9 5],14,43,46,29,25
1,<environment.Job instance at 0x7f3f4d102e60>,23,2,[5 1],24,57,59,33,57
1,<environment.Job instance at 0x7f3f4d1df410>,19,16,[9 4],20,59,75,39,57
1,<environment.Job instance at 0x7f3f4d102190>,26,2,[5 5],27,75,77,48,58
1,<environment.Job instance at 0x7f3f4d102eb0>,24,17,[9 4],25,77,94,52,65
1,<environment.Job instance at 0x7f3f4d121dc0>,32,1,[5 9],33,94,95,61,69
1,<environment.Job instance at 0x7f3f4d0fa500>,34,15,[5 1],35,94,109,59,80
1,<environment.Job instance at 0x7f3f4d0fc8c0>,28,17,[3 6],29,95,112,66,83
1,<environment.Job instance at 0x7f3f4d124050>,41,2,[1 7],42,112,114,70,85
1,<environment.Job instance at 0x7f3f4d154460>,48,15,[7 5],49,114,129,65,100
1,<environment.Job instance at 0x7f3f4d14dfa0>,49,15,[ 3 10],50,129,144,79,115
1,<environment.Job instance at 0x7f3f4d14d5f0>,50,24,[2 8],51,146,170,95,146
1,<environment.Job instance at 0x7f3f4d15b6e0>,59,13,[4 6],60,170,183,110,163
1,<environment.Job instance at 0x7f3f4d158fa0>,62,13,[1 6],63,183,196,120,171
1,<environment.Job instance at 0x7f3f4d158910>,63,3,[3 5],64,196,199,132,172
1,<environment.Job instance at 0x7f3f4d1588c0>,65,12,[ 4 10],66,199,211,133,182
1,<environment.Job instance at 0x7f3f933189b0>,69,16,[5 4],70,183,199,113,183
1,<environment.Job instance at 0x7f3f93318af0>,71,2,[6 3],72,211,213,139,186
1,<environment.Job instance at 0x7f3f4d0e0500>,76,16,[9 2],77,213,229,136,200
1,<environment.Job instance at 0x7f3f4d0e0c30>,81,17,[7 5],82,229,246,147,222
1,<environment.Job instance at 0x7f3f9328b870>,1,12,[5 5],2,2,14,0,2
1,<environment.Job instance at 0x7f3f983d6780>,3,13,[4 9],4,14,27,10,4
1,<environment.Job instance at 0x7f3f4d792f00>,8,1,[2 8],9,27,28,18,10
1,<environment.Job instance at 0x7f3f4d430870>,5,14,[7 4],6,28,42,22,13
1,<environment.Job instance at 0x7f3f92eadaa0>,16,3,[ 3 10],17,42,45,25,22
1,<environment.Job instance at 0x7f3f4d5fdd20>,18,16,[6 3],19,45,61,26,32
1,<environment.Job instance at 0x7f3f92e4d1e0>,20,18,[4 7],21,45,63,24,34
1,<environment.Job instance at 0x7f3f92f60500>,28,15,[8 5],29,63,78,34,49
1,<environment.Job instance at 0x7f3f92f4a3c0>,31,3,[9 3],32,78,81,46,62
1,<environment.Job instance at 0x7f3f92bc7730>,30,1,[5 1],31,81,82,50,63
1,<environment.Job instance at 0x7f3f92eef3c0>,34,3,[6 1],35,82,85,47,63
1,<environment.Job instance at 0x7f3f4d61ce60>,40,12,[8 5],41,90,102,49,90
1,<environment.Job instance at 0x7f3f4d61c410>,42,18,[6 3],43,102,120,59,91
1,<environment.Job instance at 0x7f3f4d61c460>,43,2,[9 1],44,120,122,76,105
1,<environment.Job instance at 0x7f3f4d737500>,47,2,[2 8],48,122,124,74,105
1,<environment.Job instance at 0x7f3f4d61cc80>,41,3,[9 2],42,124,127,82,113
1,<environment.Job instance at 0x7f3f983d4050>,51,3,[ 4 10],52,127,130,75,114
1,<environment.Job instance at 0x7f3f983d4230>,53,1,[3 5],54,114,115,60,114
1,<environment.Job instance at 0x7f3f983d4410>,54,17,[8 5],55,130,147,75,118
1,<environment.Job instance at 0x7f3f983d45f0>,55,2,[6 3],56,147,149,91,120
1,<environment.Job instance at 0x7f3f983d45a0>,56,2,[3 8],57,149,151,92,125
1,<environment.Job instance at 0x7f3f4d0facd0>,60,19,[6 3],61,151,170,90,141
1,<environment.Job instance at 0x7f3f4d0fa8c0>,63,12,[1 8],64,170,182,106,153
1,<environment.Job instance at 0x7f3f4d0fae10>,64,16,[10  3],65,182,198,117,169
1,<environment.Job instance at 0x7f3f4d0faa50>,61,13,[5 5],62,198,211,136,182
1,<environment.Job instance at 0x7f3f4d0fc050>,78,3,[5 8],79,211,214,132,187
1,<environment.Job instance at 0x7f3f4d0fef50>,77,18,[5 1],78,198,216,120,187
1,<environment.Job instance at 0x7f3f4d0fc1e0>,81,13,[5 3],82,214,227,132,199
1,<environment.Job instance at 0x7f3f92f57500>,85,21,[2 5],86,216,237,130,211
1,<environment.Job instance at 0x7f3f92f573c0>,86,1,[7 2],87,227,228,140,212
1,<environment.Job instance at 0x7f3f932ef190>,87,2,[2 6],88,237,239,149,213
1,<environment.Job instance at 0x7f3f92f575f0>,84,12,[6 4],85,228,240,143,213
1,<environment.Job instance at 0x7f3f92e03910>,4,12,[4 6],5,7,19,2,7
1,<environment.Job instance at 0x7f3f4d6f6d70>,7,18,[1 7],8,19,37,11,8
1,<environment.Job instance at 0x7f3f4d291f50>,17,14,[6 2],18,20,34,2,20
1,<environment.Job instance at 0x7f3f4d291a50>,19,17,[7 2],20,34,51,14,22
1,<environment.Job instance at 0x7f3f4d291f00>,12,18,[5 5],13,51,69,38,41
1,<environment.Job instance at 0x7f3f4d5478c0>,22,18,[5 1],23,51,69,28,41
1,<environment.Job instance at 0x7f3f932ef640>,5,17,[7 1],6,81,98,75,81
1,<environment.Job instance at 0x7f3f4d060370>,39,17,[1 5],40,82,99,42,82
1,<environment.Job instance at 0x7f3f4d060780>,41,13,[1 7],42,99,112,57,84
1,<environment.Job instance at 0x7f3f4d060af0>,46,12,[7 1],47,98,110,51,84
1,<environment.Job instance at 0x7f3f4d062230>,54,15,[9 1],55,110,125,55,97
1,<environment.Job instance at 0x7f3f4d062820>,64,2,[10  3],65,125,127,60,123
1,<environment.Job instance at 0x7f3f4d0628c0>,65,3,[5 5],66,127,130,61,123
1,<environment.Job instance at 0x7f3f4d062960>,66,2,[3 9],67,130,132,63,123
1,<environment.Job instance at 0x7f3f4d062a00>,67,2,[7 2],68,132,134,64,123
1,<environment.Job instance at 0x7f3f4d062b40>,69,1,[ 2 10],70,134,135,64,123
1,<environment.Job instance at 0x7f3f4d062460>,58,17,[5 5],59,135,152,76,125
1,<environment.Job instance at 0x7f3f4d259870>,11,14,[10  4],12,152,166,140,144
1,<environment.Job instance at 0x7f3f4d064050>,77,13,[9 4],78,166,179,88,152
1,<environment.Job instance at 0x7f3f4d064140>,78,1,[ 3 10],79,179,180,100,153
1,<environment.Job instance at 0x7f3f4d062f00>,74,15,[10  3],75,180,195,105,171
1,<environment.Job instance at 0x7f3f4d0645f0>,83,17,[8 5],84,195,212,111,183
1,<environment.Job instance at 0x7f3f4d064be0>,85,16,[4 5],86,212,228,126,200
1,<environment.Job instance at 0x7f3f4d067140>,92,2,[5 8],93,228,230,135,205
1,<environment.Job instance at 0x7f3f9330f3c0>,2,3,[5 2],3,4,7,1,4
1,<environment.Job instance at 0x7f3f9330f140>,5,12,[5 6],6,6,18,0,6
1,<environment.Job instance at 0x7f3f9330f8c0>,6,17,[5 5],7,18,35,11,7
1,<environment.Job instance at 0x7f3f9330f550>,7,13,[8 2],8,35,48,27,19
1,<environment.Job instance at 0x7f3f9330feb0>,9,3,[7 4],10,48,51,38,22
1,<environment.Job instance at 0x7f3f92f89550>,17,3,[6 4],18,51,54,33,27
1,<environment.Job instance at 0x7f3f93aedbe0>,24,17,[6 5],25,78,95,53,78
1,<environment.Job instance at 0x7f3f92fe30f0>,27,16,[ 5 10],28,95,111,67,82
1,<environment.Job instance at 0x7f3f930bab90>,32,16,[9 4],33,111,127,78,98
1,<environment.Job instance at 0x7f3f930badc0>,37,14,[4 7],38,127,141,89,112
1,<environment.Job instance at 0x7f3f92f310a0>,47,18,[10  5],48,146,164,98,146
1,<environment.Job instance at 0x7f3f92f31050>,53,15,[7 2],54,164,179,110,151
1,<environment.Job instance at 0x7f3f4d6b6cd0>,58,14,[1 7],59,164,178,105,162
1,<environment.Job instance at 0x7f3f4d6b6a00>,61,18,[4 8],62,179,197,117,168
1,<environment.Job instance at 0x7f3f4d42f3c0>,66,15,[ 5 10],67,197,212,130,183
1,<environment.Job instance at 0x7f3f4d42f050>,71,13,[5 8],72,212,225,140,196
1,<environment.Job instance at 0x7f3f92f89b40>,13,16,[4 9],14,225,241,211,213
1,<environment.Job instance at 0x7f3f93420500>,75,1,[10  1],76,241,242,165,215
1,<environment.Job instance at 0x7f3f93370410>,76,12,[6 3],77,242,254,165,225
1,<environment.Job instance at 0x7f3f93051e10>,1,13,[ 3 10],2,2,15,0,2
1,<environment.Job instance at 0x7f3f937a90f0>,3,13,[1 7],4,15,28,11,4
1,<environment.Job instance at 0x7f3f935362d0>,6,16,[6 1],7,15,31,8,7
1,<environment.Job instance at 0x7f3f92de7e10>,9,2,[3 6],10,28,30,18,10
1,<environment.Job instance at 0x7f3f92de7280>,10,16,[5 9],11,31,47,20,18
1,<environment.Job instance at 0x7f3f92ce7dc0>,14,3,[8 2],15,47,50,32,23
1,<environment.Job instance at 0x7f3f939a0320>,21,17,[3 7],22,50,67,28,38
1,<environment.Job instance at 0x7f3f92fe4b40>,30,15,[4 9],31,67,82,36,53
1,<environment.Job instance at 0x7f3f939a0730>,20,18,[5 8],21,82,100,61,74
1,<environment.Job instance at 0x7f3f4d2b4c30>,34,2,[5 2],35,82,84,47,74
1,<environment.Job instance at 0x7f3f93215550>,35,3,[5 1],36,75,78,39,75
1,<environment.Job instance at 0x7f3f93151050>,39,15,[5 6],40,100,115,60,86
1,<environment.Job instance at 0x7f3f93151780>,40,15,[9 1],41,115,130,74,101
1,<environment.Job instance at 0x7f3f4d4a0690>,43,16,[ 4 10],44,130,146,86,117
1,<environment.Job instance at 0x7f3f4d2b06e0>,51,3,[3 7],52,146,149,94,134
1,<environment.Job instance at 0x7f3f4d2b0be0>,52,2,[5 6],53,149,151,96,135
1,<environment.Job instance at 0x7f3f9330a370>,53,3,[10  1],54,151,154,97,135
1,<environment.Job instance at 0x7f3f4d38c050>,54,15,[7 5],55,154,169,99,141
1,<environment.Job instance at 0x7f3f9330adc0>,57,15,[ 1 10],58,169,184,111,163
1,<environment.Job instance at 0x7f3f9330a0a0>,68,16,[1 6],69,184,200,115,174
1,<environment.Job instance at 0x7f3f9330a780>,69,3,[10  2],70,200,203,130,175
1,<environment.Job instance at 0x7f3f4d37e140>,72,3,[10  5],73,203,206,130,182
1,<environment.Job instance at 0x7f3f4d37ecd0>,74,14,[10  4],75,206,220,131,191
1,<environment.Job instance at 0x7f3f4d333e60>,76,12,[9 4],77,220,232,143,203
1,<environment.Job instance at 0x7f3f92f31c80>,81,2,[5 5],82,232,234,150,205
1,<environment.Job instance at 0x7f3f92f17a00>,8,13,[3 7],9,9,22,0,9
1,<environment.Job instance at 0x7f3f4d49e500>,7,3,[2 8],8,22,25,14,10
1,<environment.Job instance at 0x7f3f93414dc0>,9,15,[8 5],10,25,40,15,11
1,<environment.Job instance at 0x7f3f9321cd70>,16,3,[8 3],17,40,43,23,19
1,<environment.Job instance at 0x7f3f4d78db90>,19,2,[3 7],20,43,45,23,29
1,<environment.Job instance at 0x7f3f4d78ddc0>,20,2,[9 1],21,45,47,24,29
1,<environment.Job instance at 0x7f3f9321c190>,17,16,[7 2],18,47,63,29,34
1,<environment.Job instance at 0x7f3f4d78dc80>,29,14,[3 8],30,48,62,18,48
1,<environment.Job instance at 0x7f3f4d78de60>,30,12,[5 9],31,63,75,32,48
1,<environment.Job instance at 0x7f3f92cb70a0>,10,1,[2 6],11,62,63,51,48
1,<environment.Job instance at 0x7f3f4d78f230>,31,18,[5 9],32,75,93,43,64
1,<environment.Job instance at 0x7f3f4d78d9b0>,22,14,[9 3],23,93,107,70,78
1,<environment.Job instance at 0x7f3f934767d0>,12,16,[1 7],13,93,109,80,82
1,<environment.Job instance at 0x7f3f4d78fa00>,39,2,[3 7],40,109,111,69,83
1,<environment.Job instance at 0x7f3f4d78f960>,38,14,[6 3],39,107,121,68,92
1,<environment.Job instance at 0x7f3f4d78f4b0>,44,17,[8 5],45,121,138,76,109
1,<environment.Job instance at 0x7f3f4d78f8c0>,37,16,[8 4],38,138,154,100,125
1,<environment.Job instance at 0x7f3f4d78faa0>,40,17,[8 4],41,154,171,113,143
1,<environment.Job instance at 0x7f3f4d77c410>,52,1,[5 2],53,171,172,118,144
1,<environment.Job instance at 0x7f3f4d77c370>,51,13,[5 2],52,171,184,119,156
1,<environment.Job instance at 0x7f3f4d77c5f0>,55,3,[ 3 10],56,184,187,128,159
1,<environment.Job instance at 0x7f3f4d77c780>,57,14,[2 6],58,187,201,129,172
1,<environment.Job instance at 0x7f3f4d77c5a0>,64,15,[8 1],65,187,202,122,186
1,<environment.Job instance at 0x7f3f4d77cdc0>,65,14,[5 7],66,202,216,136,187
1,<environment.Job instance at 0x7f3f4d77cf50>,71,1,[4 7],72,216,217,144,204
1,<environment.Job instance at 0x7f3f4d77cd20>,70,18,[5 4],71,217,235,146,207
1,<environment.Job instance at 0x7f3f4d77a550>,79,13,[7 2],80,235,248,155,219
1,<environment.Job instance at 0x7f3f4d77a820>,80,14,[2 6],81,219,233,138,219
1,<environment.Job instance at 0x7f3f97e5ccd0>,6,12,[3 5],7,7,19,0,7
1,<environment.Job instance at 0x7f3f4d5e6af0>,7,3,[8 3],8,19,22,11,9
1,<environment.Job instance at 0x7f3f4d5e6410>,9,1,[7 3],10,10,11,0,10
1,<environment.Job instance at 0x7f3f4d5e6780>,10,2,[9 4],11,22,24,11,11
1,<environment.Job instance at 0x7f3f4d5e67d0>,11,1,[3 8],12,24,25,12,12
1,<environment.Job instance at 0x7f3f4d77a9b0>,4,15,[10  2],5,25,40,20,13
1,<environment.Job instance at 0x7f3f4d5e6460>,8,1,[9 5],9,40,41,31,21
1,<environment.Job instance at 0x7f3f92d71550>,19,2,[4 5],20,41,43,21,21
1,<environment.Job instance at 0x7f3f4d23ab40>,20,1,[10  3],21,43,44,22,21
1,<environment.Job instance at 0x7f3f4d679f50>,24,2,[9 2],25,44,46,19,44
1,<environment.Job instance at 0x7f3f4d2f7f50>,25,12,[8 3],26,46,58,20,44
1,<environment.Job instance at 0x7f3f4d6795f0>,26,18,[ 2 10],27,58,76,31,47
1,<environment.Job instance at 0x7f3f98022c80>,29,14,[8 5],30,76,90,46,61
1,<environment.Job instance at 0x7f3f92c82cd0>,35,1,[ 1 10],36,90,91,54,69
1,<environment.Job instance at 0x7f3f92f64b90>,36,13,[5 9],37,91,104,54,90
1,<environment.Job instance at 0x7f3f982a7f00>,40,18,[5 4],41,104,122,63,93
1,<environment.Job instance at 0x7f3f92e61280>,43,3,[1 6],44,104,107,60,96
1,<environment.Job instance at 0x7f3f4d5fd820>,45,3,[10  3],46,122,125,76,100
1,<environment.Job instance at 0x7f3f92c9cdc0>,47,3,[5 6],48,107,110,59,104
1,<environment.Job instance at 0x7f3f4d6e5f00>,51,2,[6 2],52,125,127,73,118
1,<environment.Job instance at 0x7f3f930a75a0>,54,13,[5 8],55,127,140,72,118
1,<environment.Job instance at 0x7f3f4d6e58c0>,57,3,[3 7],58,140,143,82,124
1,<environment.Job instance at 0x7f3f4d6e5c80>,48,19,[2 7],49,143,162,94,133
1,<environment.Job instance at 0x7f3f9330ce10>,59,13,[4 8],60,162,175,102,146
1,<environment.Job instance at 0x7f3f932a4780>,61,16,[2 5],62,177,193,115,177
1,<environment.Job instance at 0x7f3f939e2f50>,69,16,[5 6],70,193,209,123,180
1,<environment.Job instance at 0x7f3f939e2050>,72,3,[1 7],73,209,212,136,184
1,<environment.Job instance at 0x7f3f4d547d70>,75,14,[ 3 10],76,212,226,136,197
1,<environment.Job instance at 0x7f3f4d547910>,85,18,[ 2 10],86,226,244,140,215
1,<environment.Job instance at 0x7f3f98291370>,2,16,[1 9],3,3,19,0,3
1,<environment.Job instance at 0x7f3f930abaf0>,8,1,[8 3],9,19,20,10,9
1,<environment.Job instance at 0x7f3f930ab460>,12,12,[1 7],13,19,31,6,14
1,<environment.Job instance at 0x7f3f930ab500>,13,3,[ 2 10],14,31,34,17,15
1,<environment.Job instance at 0x7f3f930ab5a0>,9,12,[4 8],10,34,46,24,17
1,<environment.Job instance at 0x7f3f4d5a65a0>,22,3,[3 7],23,46,49,23,25
1,<environment.Job instance at 0x7f3f93614eb0>,23,3,[5 4],24,49,52,25,25
1,<environment.Job instance at 0x7f3f4d71d140>,26,12,[5 6],27,49,61,22,33
1,<environment.Job instance at 0x7f3f92d1b370>,27,1,[ 5 10],28,61,62,33,33
1,<environment.Job instance at 0x7f3f93364460>,31,2,[10  4],32,62,64,30,42
1,<environment.Job instance at 0x7f3f92ddc500>,32,16,[5 3],33,64,80,31,52
1,<environment.Job instance at 0x7f3f93b141e0>,25,17,[ 5 10],26,80,97,54,68
1,<environment.Job instance at 0x7f3f4d73bf00>,14,17,[10  5],15,97,114,82,85
1,<environment.Job instance at 0x7f3f4d4f6190>,49,3,[7 2],50,114,117,64,90
1,<environment.Job instance at 0x7f3f92e2d0f0>,52,14,[6 1],53,117,131,64,109
1,<environment.Job instance at 0x7f3f4d65c640>,37,14,[ 5 10],38,131,145,93,118
1,<environment.Job instance at 0x7f3f4d5c2280>,58,1,[5 1],59,145,146,86,127
1,<environment.Job instance at 0x7f3f4d5c28c0>,59,2,[7 4],60,146,148,86,127
1,<environment.Job instance at 0x7f3f4d29d7d0>,60,2,[1 9],61,127,129,66,127
1,<environment.Job instance at 0x7f3f4d5c2e60>,56,3,[10  1],57,148,151,91,133
1,<environment.Job instance at 0x7f3f4d5c21e0>,57,15,[7 2],58,151,166,93,140
1,<environment.Job instance at 0x7f3f4d74d780>,65,16,[2 7],66,151,167,85,151
1,<environment.Job instance at 0x7f3f935e7960>,69,15,[6 5],70,167,182,97,155
1,<environment.Job instance at 0x7f3f935e7e10>,68,18,[8 3],69,182,200,113,180
1,<environment.Job instance at 0x7f3f93978410>,73,18,[6 3],74,200,218,126,189
1,<environment.Job instance at 0x7f3f93143c30>,77,18,[6 4],78,218,236,140,211
1,<environment.Job instance at 0x7f3f939782d0>,72,15,[ 2 10],73,236,251,163,222
1,<environment.Job instance at 0x7f3f92f57230>,3,14,[4 8],4,4,18,0,4
1,<environment.Job instance at 0x7f3f939813c0>,4,18,[10  2],5,18,36,13,7
1,<environment.Job instance at 0x7f3f4d7349b0>,9,2,[2 5],10,36,38,26,10
1,<environment.Job instance at 0x7f3f4d6acaa0>,10,3,[7 5],11,36,39,25,11
1,<environment.Job instance at 0x7f3f4d2c27d0>,13,2,[8 3],14,39,41,25,14
1,<environment.Job instance at 0x7f3f4d6ac230>,20,14,[ 3 10],21,41,55,20,35
1,<environment.Job instance at 0x7f3f935e0280>,21,1,[5 5],22,55,56,33,35
1,<environment.Job instance at 0x7f3f935e03c0>,23,14,[9 2],24,56,70,32,46
1,<environment.Job instance at 0x7f3f935e0730>,30,15,[1 6],31,56,71,25,54
1,<environment.Job instance at 0x7f3f935e0af0>,35,16,[8 5],36,72,88,36,72
1,<environment.Job instance at 0x7f3f93001870>,6,1,[6 4],7,109,110,102,109
1,<environment.Job instance at 0x7f3f4d6ac730>,14,13,[9 1],15,110,123,95,109
1,<environment.Job instance at 0x7f3f93611960>,53,3,[6 1],54,123,126,69,109
1,<environment.Job instance at 0x7f3f93611820>,51,12,[4 5],52,123,135,71,110
1,<environment.Job instance at 0x7f3f93611c30>,55,3,[4 8],56,135,138,79,110
1,<environment.Job instance at 0x7f3f936119b0>,63,14,[1 8],64,138,152,74,133
1,<environment.Job instance at 0x7f3f936054b0>,68,3,[2 5],69,152,155,83,142
1,<environment.Job instance at 0x7f3f93605460>,69,1,[5 1],70,142,143,72,142
1,<environment.Job instance at 0x7f3f936055a0>,70,2,[10  1],71,155,157,84,142
1,<environment.Job instance at 0x7f3f936055f0>,71,3,[2 9],72,157,160,85,142
1,<environment.Job instance at 0x7f3f93605a00>,72,3,[10  3],73,160,163,87,142
1,<environment.Job instance at 0x7f3f93605a50>,73,15,[8 4],74,163,178,89,149
1,<environment.Job instance at 0x7f3f939782d0>,5,17,[3 9],6,178,195,172,174
1,<environment.Job instance at 0x7f3f93605690>,77,2,[5 7],78,195,197,117,176
1,<environment.Job instance at 0x7f3f93605eb0>,80,16,[6 2],81,197,213,116,184
1,<environment.Job instance at 0x7f3f93605780>,84,14,[10  4],85,213,227,128,198
1,<environment.Job instance at 0x7f3f93605e10>,79,1,[6 3],80,227,228,147,205
1,<environment.Job instance at 0x7f3f93605b90>,75,13,[5 1],76,228,241,152,212
1,<environment.Job instance at 0x7f3f4d00a8c0>,4,13,[2 8],5,5,18,0,5
1,<environment.Job instance at 0x7f3f9818fb40>,11,12,[5 1],12,12,24,0,12
1,<environment.Job instance at 0x7f3f92e40fa0>,14,16,[5 3],15,18,34,3,15
1,<environment.Job instance at 0x7f3f92e40be0>,17,1,[5 4],18,24,25,6,18
1,<environment.Job instance at 0x7f3f92e40f50>,19,1,[3 5],20,25,26,5,20
1,<environment.Job instance at 0x7f3f4d47f730>,20,1,[4 9],21,34,35,13,21
1,<environment.Job instance at 0x7f3f4d47fcd0>,21,12,[7 4],22,35,47,13,22
1,<environment.Job instance at 0x7f3f4d01a6e0>,23,13,[4 7],24,47,60,23,32
1,<environment.Job instance at 0x7f3f4d47f190>,27,16,[3 5],28,60,76,32,47
1,<environment.Job instance at 0x7f3f93613280>,31,12,[7 5],32,60,72,28,60
1,<environment.Job instance at 0x7f3f93613140>,32,12,[5 4],33,72,84,39,61
1,<environment.Job instance at 0x7f3f93613aa0>,34,17,[5 6],35,76,93,41,65
1,<environment.Job instance at 0x7f3f93613be0>,36,15,[1 5],37,93,108,56,79
1,<environment.Job instance at 0x7f3f93613e60>,40,14,[6 1],41,93,107,52,79
1,<environment.Job instance at 0x7f3f93613190>,49,15,[8 4],50,107,122,57,93
1,<environment.Job instance at 0x7f3f93669370>,52,16,[6 3],53,122,138,69,109
1,<environment.Job instance at 0x7f3f93669d20>,58,3,[2 6],59,113,116,54,113
1,<environment.Job instance at 0x7f3f93669820>,60,2,[4 6],61,122,124,61,113
1,<environment.Job instance at 0x7f3f4d47fc30>,26,12,[4 6],27,124,136,97,113
1,<environment.Job instance at 0x7f3f4d1dfdc0>,64,1,[7 5],65,138,139,73,127
1,<environment.Job instance at 0x7f3f4d00aeb0>,3,18,[1 8],4,139,157,135,129
1,<environment.Job instance at 0x7f3f4d1df780>,66,3,[1 8],67,157,160,90,131
1,<environment.Job instance at 0x7f3f4d1df5a0>,69,2,[2 5],70,160,162,90,140
1,<environment.Job instance at 0x7f3f4d1dfc30>,68,2,[5 7],69,162,164,93,149
1,<environment.Job instance at 0x7f3f4d1dfa50>,73,18,[10  5],74,164,182,90,153
1,<environment.Job instance at 0x7f3f4d65b3c0>,77,3,[9 2],78,182,185,104,168
1,<environment.Job instance at 0x7f3f92cee050>,90,3,[8 4],91,185,188,94,169
1,<environment.Job instance at 0x7f3f92cee2d0>,89,12,[9 3],90,188,200,98,172
1,<environment.Job instance at 0x7f3f92ceeeb0>,96,2,[3 5],97,200,202,103,180
1,<environment.Job instance at 0x7f3f92cee5a0>,99,2,[6 3],100,200,202,100,181
1,<environment.Job instance at 0x7f3f92cee780>,94,17,[10  4],95,202,219,107,190
1,<environment.Job instance at 0x7f3f92cee230>,104,3,[3 7],105,219,222,114,193
1,<environment.Job instance at 0x7f3f98263fa0>,2,2,[7 5],3,3,5,0,3
1,<environment.Job instance at 0x7f3f4d63a050>,3,15,[10  1],4,5,20,1,4
1,<environment.Job instance at 0x7f3f939da230>,10,1,[8 1],11,46,47,35,46
1,<environment.Job instance at 0x7f3f939daa00>,14,16,[5 6],15,71,87,56,71
1,<environment.Job instance at 0x7f3f92d7ef00>,19,12,[ 5 10],20,87,99,67,73
1,<environment.Job instance at 0x7f3f4d3c7eb0>,25,2,[1 8],26,99,101,73,91
1,<environment.Job instance at 0x7f3f4d3c7fa0>,26,18,[3 5],27,101,119,74,91
1,<environment.Job instance at 0x7f3f4d3c7820>,28,14,[7 5],29,101,115,72,95
1,<environment.Job instance at 0x7f3f97ff2370>,31,12,[7 5],32,115,127,83,105
1,<environment.Job instance at 0x7f3f97ff24b0>,34,18,[3 8],35,127,145,92,122
1,<environment.Job instance at 0x7f3f97ff21e0>,36,14,[3 9],37,145,159,108,130
1,<environment.Job instance at 0x7f3f92d96c30>,41,17,[2 9],42,159,176,117,147
1,<environment.Job instance at 0x7f3f92d96460>,47,3,[10  1],48,176,179,128,161
1,<environment.Job instance at 0x7f3f92d963c0>,50,12,[3 8],51,179,191,128,162
1,<environment.Job instance at 0x7f3f92d96640>,51,1,[6 1],52,169,170,117,169
1,<environment.Job instance at 0x7f3f92d5f640>,59,15,[5 3],60,191,206,131,185
1,<environment.Job instance at 0x7f3f4d34cbe0>,62,18,[9 5],63,206,224,143,199
1,<environment.Job instance at 0x7f3f4d34c910>,65,15,[9 5],66,224,239,158,210
1,<environment.Job instance at 0x7f3f4d4a1b40>,71,16,[8 5],72,239,255,167,227
1,<environment.Job instance at 0x7f3f938fc0f0>,1,17,[ 4 10],2,2,19,0,2
1,<environment.Job instance at 0x7f3f981600f0>,7,15,[5 1],8,19,34,11,8
1,<environment.Job instance at 0x7f3f4d46b140>,14,2,[6 1],15,34,36,19,17
1,<environment.Job instance at 0x7f3f9321bdc0>,13,15,[5 8],14,56,71,42,56
1,<environment.Job instance at 0x7f3f9326ef00>,12,16,[9 2],13,71,87,58,61
1,<environment.Job instance at 0x7f3f933b08c0>,32,1,[1 7],33,85,86,52,85
1,<environment.Job instance at 0x7f3f933b0aa0>,33,1,[5 4],34,87,88,53,85
1,<environment.Job instance at 0x7f3f933b0960>,34,18,[ 2 10],35,88,106,53,85
1,<environment.Job instance at 0x7f3f933b0b40>,35,2,[8 2],36,106,108,70,85
1,<environment.Job instance at 0x7f3f933b0be0>,37,3,[9 4],38,108,111,70,85
1,<environment.Job instance at 0x7f3f4d6baaa0>,43,3,[9 5],44,111,114,67,95
1,<environment.Job instance at 0x7f3f4d6ba500>,44,16,[5 8],45,114,130,69,101
1,<environment.Job instance at 0x7f3f93817050>,52,13,[1 7],53,130,143,77,114
1,<environment.Job instance at 0x7f3f933a3c30>,55,13,[6 1],56,130,143,74,127
1,<environment.Job instance at 0x7f3f92d7ad70>,59,13,[3 6],60,143,156,83,127
1,<environment.Job instance at 0x7f3f92eb4550>,67,2,[7 3],68,143,145,75,132
1,<environment.Job instance at 0x7f3f93752a00>,68,12,[6 2],69,145,157,76,132
1,<environment.Job instance at 0x7f3f4d77d780>,69,2,[5 5],70,157,159,87,132
1,<environment.Job instance at 0x7f3f4d77d0f0>,71,12,[9 4],72,159,171,87,143
1,<environment.Job instance at 0x7f3f4d77d640>,72,17,[5 5],73,171,188,98,159
1,<environment.Job instance at 0x7f3f92d61230>,79,15,[10  5],80,188,203,108,174
1,<environment.Job instance at 0x7f3f4d48df50>,82,15,[4 9],83,203,218,120,189
1,<environment.Job instance at 0x7f3f4d3a7aa0>,91,13,[3 5],92,218,231,126,202
1,<environment.Job instance at 0x7f3f4d3a7870>,1,12,[10  1],2,2,14,0,2
1,<environment.Job instance at 0x7f3f4d7dbcd0>,5,2,[3 7],6,14,16,8,6
1,<environment.Job instance at 0x7f3f4d511c80>,6,3,[1 5],7,16,19,9,7
1,<environment.Job instance at 0x7f3f4ced0c80>,9,17,[7 5],10,16,33,6,10
1,<environment.Job instance at 0x7f3f931a0320>,16,15,[8 5],17,33,48,16,27
1,<environment.Job instance at 0x7f3f4ce26b90>,18,12,[4 8],19,48,60,29,31
1,<environment.Job instance at 0x7f3f4ce26460>,21,2,[5 3],22,60,62,38,39
1,<environment.Job instance at 0x7f3f4ce26780>,22,1,[5 5],23,60,61,37,39
1,<environment.Job instance at 0x7f3f4ce260a0>,23,12,[9 4],24,62,74,38,45
1,<environment.Job instance at 0x7f3f931a0910>,14,17,[3 6],15,74,91,59,62
1,<environment.Job instance at 0x7f3f92db5870>,35,13,[ 3 10],36,91,104,55,81
1,<environment.Job instance at 0x7f3f931a0870>,13,18,[1 8],14,104,122,90,93
1,<environment.Job instance at 0x7f3f93b34d20>,44,14,[3 7],45,122,136,77,107
1,<environment.Job instance at 0x7f3f92c39910>,47,12,[3 7],48,136,148,88,123
1,<environment.Job instance at 0x7f3f4d701b40>,52,1,[7 3],53,140,141,87,140
1,<environment.Job instance at 0x7f3f4d701af0>,53,17,[7 3],54,141,158,87,140
1,<environment.Job instance at 0x7f3f4d701460>,54,13,[7 1],55,158,171,103,143
1,<environment.Job instance at 0x7f3f4d701be0>,57,18,[3 9],58,158,176,100,155
1,<environment.Job instance at 0x7f3f92f2caf0>,63,17,[10  3],64,176,193,112,164
1,<environment.Job instance at 0x7f3f92f2cc80>,69,3,[4 7],70,194,197,124,194
1,<environment.Job instance at 0x7f3f92f2c140>,70,1,[7 3],71,197,198,126,194
1,<environment.Job instance at 0x7f3f92f2cb40>,72,21,[5 3],73,198,219,125,194
1,<environment.Job instance at 0x7f3f92f2ccd0>,71,1,[5 8],72,219,220,147,194
1,<environment.Job instance at 0x7f3f4d336190>,73,2,[9 1],74,220,222,146,194
1,<environment.Job instance at 0x7f3f4d1fe730>,41,17,[5 4],42,198,215,156,194
1,<environment.Job instance at 0x7f3f4d3412d0>,75,3,[4 5],76,215,218,139,194
1,<environment.Job instance at 0x7f3f4d341a50>,76,2,[8 2],77,222,224,145,198
1,<environment.Job instance at 0x7f3f92f2ceb0>,65,2,[9 3],66,224,226,158,199
1,<environment.Job instance at 0x7f3f4d336820>,74,15,[4 8],75,226,241,151,212
1,<environment.Job instance at 0x7f3f4d55fc80>,2,1,[1 5],3,4,5,1,4
1,<environment.Job instance at 0x7f3f92ec3320>,8,2,[7 1],9,10,12,1,10
1,<environment.Job instance at 0x7f3f92ec35f0>,9,2,[5 1],10,12,14,2,10
1,<environment.Job instance at 0x7f3f4d5180a0>,7,1,[3 6],8,10,11,2,10
1,<environment.Job instance at 0x7f3f92ec3410>,6,15,[10  5],7,14,29,7,10
1,<environment.Job instance at 0x7f3f4cfa14b0>,17,17,[9 4],18,29,46,11,18
1,<environment.Job instance at 0x7f3f4cfa19b0>,21,2,[10  3],22,46,48,24,30
1,<environment.Job instance at 0x7f3f4cfa1690>,23,12,[3 6],24,48,60,24,31
1,<environment.Job instance at 0x7f3f4cfa1230>,28,3,[9 4],29,60,63,31,35
1,<environment.Job instance at 0x7f3f4cfa1d70>,30,16,[1 9],31,63,79,32,55
1,<environment.Job instance at 0x7f3f4d52c9b0>,33,15,[9 4],34,79,94,45,65
1,<environment.Job instance at 0x7f3f4cfa18c0>,15,15,[7 1],16,94,109,78,80
1,<environment.Job instance at 0x7f3f4cfa1b40>,22,16,[2 8],23,94,110,71,81
1,<environment.Job instance at 0x7f3f4d52c190>,43,14,[5 7],44,110,124,66,95
1,<environment.Job instance at 0x7f3f4d52ca50>,46,1,[6 5],47,124,125,77,97
1,<environment.Job instance at 0x7f3f92d11640>,49,16,[1 8],50,125,141,75,113
1,<environment.Job instance at 0x7f3f9326e640>,55,15,[4 9],56,141,156,85,127
1,<environment.Job instance at 0x7f3f92ec31e0>,13,14,[5 4],14,156,170,142,145
1,<environment.Job instance at 0x7f3f4d70e5f0>,66,12,[3 9],67,170,182,103,153
1,<environment.Job instance at 0x7f3f4d70e690>,64,2,[2 7],65,182,184,117,155
1,<environment.Job instance at 0x7f3f4d70edc0>,68,12,[7 2],69,182,194,113,165
1,<environment.Job instance at 0x7f3f4d70e910>,72,2,[ 4 10],73,194,196,121,168
1,<environment.Job instance at 0x7f3f4d70e960>,74,14,[ 3 10],75,196,210,121,181
1,<environment.Job instance at 0x7f3f4cf20190>,84,12,[4 5],85,210,222,125,193
1,<environment.Job instance at 0x7f3f4cf20780>,86,2,[10  3],87,222,224,135,201
1,<environment.Job instance at 0x7f3f4d52c280>,42,17,[5 8],43,224,241,181,212
1,<environment.Job instance at 0x7f3f4d70ecd0>,5,14,[8 2],6,6,20,0,6
1,<environment.Job instance at 0x7f3f4d49df00>,11,16,[4 9],12,20,36,8,13
1,<environment.Job instance at 0x7f3f4d49dd20>,13,13,[3 7],14,36,49,22,20
1,<environment.Job instance at 0x7f3f92f1caa0>,15,1,[10  4],16,49,50,33,22
1,<environment.Job instance at 0x7f3f92d76c30>,14,1,[8 1],15,50,51,35,23
1,<environment.Job instance at 0x7f3f9318f500>,19,2,[7 1],20,36,38,16,27
1,<environment.Job instance at 0x7f3f9318f0a0>,22,1,[ 3 10],23,51,52,28,27
1,<environment.Job instance at 0x7f3f9318f1e0>,26,15,[7 3],27,52,67,25,47
1,<environment.Job instance at 0x7f3f9318fe60>,28,3,[4 6],29,67,70,38,47
1,<environment.Job instance at 0x7f3f9318f6e0>,20,17,[6 4],21,67,84,46,55
1,<environment.Job instance at 0x7f3f9319fcd0>,31,12,[7 5],32,84,96,52,68
1,<environment.Job instance at 0x7f3f9319f410>,35,2,[3 6],36,70,72,34,68
1,<environment.Job instance at 0x7f3f9319f500>,38,2,[4 9],39,96,98,57,74
1,<environment.Job instance at 0x7f3f9319f870>,37,12,[ 4 10],38,98,110,60,82
1,<environment.Job instance at 0x7f3f9318fb40>,21,23,[9 2],22,116,139,94,116
1,<environment.Job instance at 0x7f3f931b3640>,41,1,[1 8],42,116,117,74,116
1,<environment.Job instance at 0x7f3f4d5e67d0>,44,3,[7 5],45,139,142,94,118
1,<environment.Job instance at 0x7f3f4d5f2f50>,51,2,[5 5],52,142,144,90,134
1,<environment.Job instance at 0x7f3f4d220cd0>,52,18,[1 5],53,134,152,81,134
1,<environment.Job instance at 0x7f3f931bff50>,16,16,[ 5 10],17,152,168,135,139
1,<environment.Job instance at 0x7f3f4d388dc0>,55,3,[7 1],56,144,147,88,139
1,<environment.Job instance at 0x7f3f938721e0>,60,20,[ 3 10],61,168,188,107,160
1,<environment.Job instance at 0x7f3f93872140>,61,3,[7 4],62,188,191,126,162
1,<environment.Job instance at 0x7f3f938724b0>,63,3,[9 3],64,191,194,127,173
1,<environment.Job instance at 0x7f3f939d1690>,66,2,[1 9],67,194,196,127,182
1,<environment.Job instance at 0x7f3f939d1dc0>,64,16,[9 5],65,196,212,131,188
1,<environment.Job instance at 0x7f3f939d3af0>,73,1,[3 8],74,212,213,138,189
1,<environment.Job instance at 0x7f3f939d3370>,75,3,[5 5],76,213,216,137,189
1,<environment.Job instance at 0x7f3f4d7d2960>,78,17,[3 8],79,216,233,137,205
1,<environment.Job instance at 0x7f3f4ce94140>,8,14,[10  1],9,10,24,1,10
1,<environment.Job instance at 0x7f3f4ce944b0>,7,18,[3 6],8,24,42,16,14
1,<environment.Job instance at 0x7f3f934c34b0>,12,2,[8 5],13,42,44,29,15
1,<environment.Job instance at 0x7f3f934c3780>,15,14,[ 2 10],16,55,69,39,55
1,<environment.Job instance at 0x7f3f936f8370>,16,17,[9 4],17,69,86,52,57
1,<environment.Job instance at 0x7f3f9332b0a0>,22,17,[10  4],23,86,103,63,81
1,<environment.Job instance at 0x7f3f4ce6baf0>,23,13,[ 4 10],24,103,116,79,87
1,<environment.Job instance at 0x7f3f93546a00>,32,2,[9 2],33,116,118,83,104
1,<environment.Job instance at 0x7f3f92be3780>,34,15,[3 5],35,118,133,83,107
1,<environment.Job instance at 0x7f3f92be31e0>,38,3,[ 3 10],39,133,136,94,128
1,<environment.Job instance at 0x7f3f92be36e0>,39,13,[4 7],40,136,149,96,129
1,<environment.Job instance at 0x7f3f92ddbcd0>,45,18,[ 3 10],46,149,167,103,149
1,<environment.Job instance at 0x7f3f92ddb7d0>,52,13,[9 5],53,167,180,114,151
1,<environment.Job instance at 0x7f3f934c3a50>,11,16,[6 2],12,180,196,168,167
1,<environment.Job instance at 0x7f3f93b0d820>,61,16,[1 8],62,180,196,118,174
1,<environment.Job instance at 0x7f3f93b0d0a0>,60,2,[6 2],61,197,199,136,197
1,<environment.Job instance at 0x7f3f4d7bc280>,68,2,[5 4],69,199,201,130,197
1,<environment.Job instance at 0x7f3f93263a00>,69,1,[9 5],70,201,202,131,197
1,<environment.Job instance at 0x7f3f93b0d910>,59,14,[1 5],60,198,212,138,198
1,<environment.Job instance at 0x7f3f4d71a140>,71,2,[2 5],72,202,204,130,200
1,<environment.Job instance at 0x7f3f93947dc0>,72,13,[8 1],73,204,217,131,201
1,<environment.Job instance at 0x7f3f4d7bcc30>,67,3,[4 8],68,217,220,149,209
1,<environment.Job instance at 0x7f3f931832d0>,80,14,[9 4],81,221,235,140,221
1,<environment.Job instance at 0x7f3f92cd92d0>,6,15,[5 8],7,7,22,0,7
1,<environment.Job instance at 0x7f3f92cd9c30>,7,13,[ 1 10],8,22,35,14,8
1,<environment.Job instance at 0x7f3f92e4dbe0>,5,3,[6 5],6,35,38,29,19
1,<environment.Job instance at 0x7f3f4cde97d0>,21,3,[8 1],22,38,41,16,23
1,<environment.Job instance at 0x7f3f4cde9aa0>,22,14,[4 6],23,41,55,18,26
1,<environment.Job instance at 0x7f3f4cde9dc0>,27,13,[1 7],28,55,68,27,39
1,<environment.Job instance at 0x7f3f4cde9550>,31,18,[9 3],32,55,73,23,44
1,<environment.Job instance at 0x7f3f4cf46b40>,33,18,[8 3],34,73,91,39,62
1,<environment.Job instance at 0x7f3f4cf46d20>,39,12,[1 7],40,68,80,28,62
1,<environment.Job instance at 0x7f3f4cf46370>,41,14,[1 7],42,80,94,38,65
1,<environment.Job instance at 0x7f3f4cf46c80>,44,13,[1 6],45,94,107,49,79
1,<environment.Job instance at 0x7f3f93364460>,50,3,[1 9],51,107,110,56,88
1,<environment.Job instance at 0x7f3f93364d20>,48,13,[5 2],49,110,123,61,98
1,<environment.Job instance at 0x7f3f933646e0>,53,2,[1 7],54,110,112,56,99
1,<environment.Job instance at 0x7f3f93364b40>,54,13,[2 5],55,112,125,57,99
1,<environment.Job instance at 0x7f3f4cf46b90>,37,1,[8 4],38,100,101,62,100
1,<environment.Job instance at 0x7f3f4cde92d0>,19,18,[6 5],20,123,141,103,112
1,<environment.Job instance at 0x7f3f93364960>,57,12,[1 7],58,141,153,83,124
1,<environment.Job instance at 0x7f3f933648c0>,58,16,[8 1],59,141,157,82,134
1,<environment.Job instance at 0x7f3f9327c0f0>,66,2,[10  5],67,157,159,90,136
1,<environment.Job instance at 0x7f3f9327c230>,69,16,[ 5 10],70,159,175,89,146
1,<environment.Job instance at 0x7f3f9327c8c0>,68,28,[3 8],69,175,203,106,175
1,<environment.Job instance at 0x7f3f9327c820>,78,17,[8 1],79,203,220,124,200
1,<environment.Job instance at 0x7f3f4ce41f50>,81,2,[2 8],82,203,205,121,200
1,<environment.Job instance at 0x7f3f9327c6e0>,70,13,[2 9],71,215,228,144,215
1,<environment.Job instance at 0x7f3f4ce41690>,85,16,[6 3],86,228,244,142,215
1,<environment.Job instance at 0x7f3f93495500>,10,1,[ 5 10],11,14,15,3,14
1,<environment.Job instance at 0x7f3f93495280>,11,2,[3 6],12,15,17,3,14
1,<environment.Job instance at 0x7f3f93495140>,12,15,[6 1],13,15,30,2,14
1,<environment.Job instance at 0x7f3f93495320>,13,13,[6 3],14,30,43,16,14
1,<environment.Job instance at 0x7f3f93495820>,14,13,[2 9],15,17,30,2,15
1,<environment.Job instance at 0x7f3f93495640>,20,2,[8 1],21,45,47,24,45
1,<environment.Job instance at 0x7f3f934956e0>,21,17,[4 8],22,47,64,25,45
1,<environment.Job instance at 0x7f3f92d0c690>,9,12,[7 5],10,64,76,54,47
1,<environment.Job instance at 0x7f3f934ae460>,26,13,[5 1],27,47,60,20,47
1,<environment.Job instance at 0x7f3f934ae190>,34,3,[10  3],35,76,79,41,72
1,<environment.Job instance at 0x7f3f934aefa0>,35,2,[6 3],36,79,81,43,72
1,<environment.Job instance at 0x7f3f934aeaa0>,36,1,[3 8],37,81,82,44,72
1,<environment.Job instance at 0x7f3f934ae9b0>,38,3,[4 9],39,82,85,43,73
1,<environment.Job instance at 0x7f3f934aeaf0>,39,3,[7 4],40,85,88,45,73
1,<environment.Job instance at 0x7f3f934ae140>,40,2,[1 7],41,79,81,38,73
1,<environment.Job instance at 0x7f3f92d21280>,44,13,[2 8],45,88,101,43,81
1,<environment.Job instance at 0x7f3f92d21960>,45,17,[6 3],46,101,118,55,91
1,<environment.Job instance at 0x7f3f92d21d70>,49,16,[ 4 10],50,118,134,68,111
1,<environment.Job instance at 0x7f3f92cfbb90>,54,12,[7 2],55,134,146,79,117
1,<environment.Job instance at 0x7f3f92cfb7d0>,56,2,[ 1 10],57,146,148,89,119
1,<environment.Job instance at 0x7f3f92d13320>,60,16,[5 1],61,148,164,87,139
1,<environment.Job instance at 0x7f3f92d13410>,61,2,[9 4],62,164,166,102,147
1,<environment.Job instance at 0x7f3f92d13820>,70,3,[9 5],71,166,169,95,157
1,<environment.Job instance at 0x7f3f92d13140>,72,3,[6 5],73,169,172,96,158
1,<environment.Job instance at 0x7f3f92d13e10>,71,18,[1 9],72,172,190,100,161
1,<environment.Job instance at 0x7f3f9384aa50>,79,12,[ 5 10],80,190,202,110,174
1,<environment.Job instance at 0x7f3f4d0b9e60>,84,14,[3 5],85,202,216,117,187
1,<environment.Job instance at 0x7f3f93492460>,6,13,[3 5],7,202,215,195,195
1,<environment.Job instance at 0x7f3f4d0b9fa0>,88,14,[5 1],89,215,229,126,200
1,<environment.Job instance at 0x7f3f4d0b9d70>,89,12,[6 2],90,229,241,139,212
1,<environment.Job instance at 0x7f413e046230>,3,3,[4 8],4,4,7,0,4
1,<environment.Job instance at 0x7f413e0461e0>,4,14,[1 6],5,7,21,2,5
1,<environment.Job instance at 0x7f413e046460>,6,20,[6 1],7,7,27,0,7
1,<environment.Job instance at 0x7f413e046c30>,15,18,[2 8],16,21,39,5,16
1,<environment.Job instance at 0x7f413e046eb0>,17,3,[4 9],18,39,42,21,18
1,<environment.Job instance at 0x7f413e04a0a0>,18,3,[4 7],19,42,45,23,19
1,<environment.Job instance at 0x7f413e04ab90>,29,12,[5 4],30,50,62,20,50
1,<environment.Job instance at 0x7f413e04ae10>,33,14,[5 5],34,66,80,32,66
1,<environment.Job instance at 0x7f413e04af50>,35,15,[9 5],36,80,95,44,69
1,<environment.Job instance at 0x7f413e0482d0>,40,15,[10  3],41,95,110,54,83
1,<environment.Job instance at 0x7f413e0487d0>,48,15,[10  1],49,110,125,61,100
1,<environment.Job instance at 0x7f413e048a00>,53,17,[5 7],54,125,142,71,116
1,<environment.Job instance at 0x7f413e04d230>,77,13,[8 5],78,215,228,137,215
1,<environment.Job instance at 0x7f413e04d2d0>,78,12,[10  2],79,228,240,149,215
1,<environment.Job instance at 0x7f413e055780>,1,15,[10  4],2,2,17,0,2
1,<environment.Job instance at 0x7f40fa2bd2d0>,12,3,[3 7],13,17,20,4,13
1,<environment.Job instance at 0x7f40fa2bd7d0>,13,15,[5 2],14,17,32,3,14
1,<environment.Job instance at 0x7f413e05e960>,8,14,[9 5],9,32,46,23,17
1,<environment.Job instance at 0x7f40fa2bdf00>,14,3,[6 4],15,46,49,31,20
1,<environment.Job instance at 0x7f40fa443370>,23,18,[6 5],24,49,67,25,38
1,<environment.Job instance at 0x7f40fa443550>,31,13,[8 5],32,67,80,35,51
1,<environment.Job instance at 0x7f40fa440460>,39,12,[9 3],40,80,92,40,63
1,<environment.Job instance at 0x7f40fa2e5730>,20,2,[9 5],21,92,94,71,85
1,<environment.Job instance at 0x7f40fa445aa0>,50,13,[10  5],51,94,107,43,88
1,<environment.Job instance at 0x7f40fa443690>,32,14,[2 9],33,107,121,74,100
1,<environment.Job instance at 0x7f40fa445460>,52,14,[2 7],53,121,135,68,106
1,<environment.Job instance at 0x7f40fa43a8c0>,66,12,[ 3 10],67,135,147,68,118
1,<environment.Job instance at 0x7f40fa43f2d0>,74,16,[9 4],75,147,163,72,146
1,<environment.Job instance at 0x7f40fa4b0cd0>,75,1,[3 8],76,163,164,87,146
1,<environment.Job instance at 0x7f40fa4529b0>,76,14,[10  1],77,164,178,87,149
1,<environment.Job instance at 0x7f40fa4455a0>,51,14,[1 6],52,181,195,129,181
1,<environment.Job instance at 0x7f40fa522370>,87,3,[1 6],88,195,198,107,182
1,<environment.Job instance at 0x7f40fa550410>,88,18,[6 3],89,182,200,93,182
1,<environment.Job instance at 0x7f40fa522eb0>,89,2,[5 8],90,200,202,110,186
1,<environment.Job instance at 0x7f40fa587b90>,91,2,[9 5],92,202,204,110,186
1,<environment.Job instance at 0x7f40fa587500>,92,2,[9 3],93,204,206,111,189
1,<environment.Job instance at 0x7f40fa52f0f0>,96,16,[7 4],97,206,222,109,201
1,<environment.Job instance at 0x7f413e05c1e0>,3,2,[5 1],4,4,6,0,4
1,<environment.Job instance at 0x7f413e0467d0>,4,17,[9 4],5,6,23,1,5
1,<environment.Job instance at 0x7f41455bd5f0>,7,13,[1 9],8,23,36,15,8
1,<environment.Job instance at 0x7f40fa303190>,20,12,[9 2],21,36,48,15,21
1,<environment.Job instance at 0x7f40fa303fa0>,24,12,[5 9],25,48,60,23,31
1,<environment.Job instance at 0x7f413de002d0>,28,15,[7 5],29,60,75,31,47
1,<environment.Job instance at 0x7f413e56c960>,29,15,[ 3 10],30,75,90,45,61
1,<environment.Job instance at 0x7f40fa52f5f0>,9,15,[ 5 10],10,112,127,102,112
1,<environment.Job instance at 0x7f413ddc17d0>,39,13,[4 6],40,127,140,87,118
1,<environment.Job instance at 0x7f41455c6820>,42,13,[1 6],43,140,153,97,124
1,<environment.Job instance at 0x7f40fa408a50>,48,2,[5 7],49,153,155,104,134
1,<environment.Job instance at 0x7f40fa408410>,49,16,[5 4],50,155,171,105,142
1,<environment.Job instance at 0x7f40fa4083c0>,57,16,[9 4],58,171,187,113,161
1,<environment.Job instance at 0x7f413ddb7550>,36,16,[ 5 10],37,187,203,150,182
1,<environment.Job instance at 0x7f4145455140>,63,3,[4 8],64,203,206,139,184
1,<environment.Job instance at 0x7f414547fa00>,65,3,[3 8],66,206,209,140,192
1,<environment.Job instance at 0x7f414547e280>,11,14,[8 2],12,209,223,197,194
1,<environment.Job instance at 0x7f41454757d0>,67,15,[5 3],68,223,238,155,209
1,<environment.Job instance at 0x7f414547f1e0>,68,18,[1 5],69,211,229,142,211
1,<environment.Job instance at 0x7f413de20cd0>,70,2,[1 7],71,229,231,158,212
1,<environment.Job instance at 0x7f413ddb7780>,37,1,[4 5],38,231,232,193,212
1,<environment.Job instance at 0x7f414547f140>,69,2,[8 2],70,238,240,168,212
1,<environment.Job instance at 0x7f413e254640>,74,1,[3 8],75,240,241,165,212
1,<environment.Job instance at 0x7f413de20dc0>,71,1,[ 4 10],72,241,242,169,215
1,<environment.Job instance at 0x7f413e29f4b0>,77,1,[5 5],78,232,233,154,215
1,<environment.Job instance at 0x7f413de1ee60>,78,2,[6 3],79,242,244,163,217
1,<environment.Job instance at 0x7f413ddb80a0>,79,3,[7 2],80,244,247,164,218
1,<environment.Job instance at 0x7f4144ea6050>,8,17,[7 4],9,11,28,2,11
1,<environment.Job instance at 0x7f413e0cb730>,15,16,[6 3],16,28,44,12,16
1,<environment.Job instance at 0x7f4144fa0320>,10,12,[8 5],11,54,66,43,54
1,<environment.Job instance at 0x7f413e36baa0>,21,3,[ 4 10],22,66,69,44,54
1,<environment.Job instance at 0x7f413e4408c0>,20,15,[7 5],21,69,84,48,56
1,<environment.Job instance at 0x7f41449ead70>,37,13,[6 4],38,97,110,59,97
1,<environment.Job instance at 0x7f41449ea370>,41,18,[2 9],42,110,128,68,100
1,<environment.Job instance at 0x7f41449ea190>,43,13,[6 5],44,128,141,84,115
1,<environment.Job instance at 0x7f41449ea460>,44,2,[7 5],45,141,143,96,115
1,<environment.Job instance at 0x7f41449eacd0>,46,3,[2 7],47,143,146,96,117
1,<environment.Job instance at 0x7f41449ead20>,48,3,[5 8],49,146,149,97,120
1,<environment.Job instance at 0x7f413e02f190>,53,18,[5 9],54,149,167,95,139
1,<environment.Job instance at 0x7f413e080460>,60,12,[2 5],61,167,179,106,152
1,<environment.Job instance at 0x7f413e0805f0>,61,16,[6 5],62,167,183,105,154
1,<environment.Job instance at 0x7f413e09e050>,69,13,[5 9],70,183,196,113,172
1,<environment.Job instance at 0x7f413e09e9b0>,74,17,[3 9],75,196,213,121,190
1,<environment.Job instance at 0x7f413e30ebe0>,76,16,[5 5],77,213,229,136,200
1,<environment.Job instance at 0x7f413e4f5820>,1,13,[1 7],2,2,15,0,2
1,<environment.Job instance at 0x7f413e493500>,18,17,[5 5],19,24,41,5,24
1,<environment.Job instance at 0x7f413e493140>,20,15,[9 4],21,41,56,20,27
1,<environment.Job instance at 0x7f4144defcd0>,24,2,[10  3],25,56,58,31,39
1,<environment.Job instance at 0x7f40fa714fa0>,26,2,[3 9],27,58,60,31,39
1,<environment.Job instance at 0x7f40fa7f1550>,11,1,[10  4],12,60,61,48,39
1,<environment.Job instance at 0x7f4144dbc190>,28,3,[10  4],29,61,64,32,39
1,<environment.Job instance at 0x7f4144ddeb40>,29,1,[ 2 10],30,64,65,34,40
1,<environment.Job instance at 0x7f4144dbc9b0>,27,2,[7 2],28,65,67,37,41
1,<environment.Job instance at 0x7f40fa9bff00>,34,15,[10  3],35,67,82,32,53
1,<environment.Job instance at 0x7f4144dcc820>,40,15,[4 5],41,82,97,41,68
1,<environment.Job instance at 0x7f4144dcc0a0>,43,17,[8 5],44,97,114,53,85
1,<environment.Job instance at 0x7f4144dcc460>,44,3,[6 1],45,85,88,40,85
1,<environment.Job instance at 0x7f4144dcc640>,49,18,[7 3],50,114,132,64,103
1,<environment.Job instance at 0x7f4144de9eb0>,57,1,[3 6],58,121,122,63,121
1,<environment.Job instance at 0x7f4144de9550>,58,3,[8 2],59,132,135,73,121
1,<environment.Job instance at 0x7f4144ddf230>,59,3,[ 5 10],60,135,138,75,121
1,<environment.Job instance at 0x7f4144ddf190>,60,1,[4 6],61,138,139,77,121
1,<environment.Job instance at 0x7f4144ddf280>,61,1,[4 6],62,139,140,77,121
1,<environment.Job instance at 0x7f4144ddf500>,62,18,[5 9],63,140,158,77,129
1,<environment.Job instance at 0x7f4144ddf7d0>,69,15,[6 3],70,158,173,88,150
1,<environment.Job instance at 0x7f4144dd6960>,73,12,[6 2],74,173,185,99,166
1,<environment.Job instance at 0x7f4144dd6be0>,74,17,[9 5],75,185,202,110,173
1,<environment.Job instance at 0x7f40fa66ca00>,81,14,[4 6],82,202,216,120,190
1,<environment.Job instance at 0x7f40fa673410>,86,1,[4 9],87,216,217,129,204
1,<environment.Job instance at 0x7f40fa6733c0>,87,17,[4 9],88,217,234,129,205
1,<environment.Job instance at 0x7f413e4d0500>,3,15,[7 2],4,5,20,1,5
1,<environment.Job instance at 0x7f413e4ce2d0>,9,17,[9 4],10,20,37,10,10
1,<environment.Job instance at 0x7f413e4ce230>,16,15,[ 5 10],17,37,52,20,23
1,<environment.Job instance at 0x7f413e4cee60>,19,14,[9 5],20,52,66,32,39
1,<environment.Job instance at 0x7f40fa9276e0>,22,18,[9 4],23,66,84,43,55
1,<environment.Job instance at 0x7f40fa927be0>,27,15,[ 5 10],28,84,99,56,70
1,<environment.Job instance at 0x7f40fa9274b0>,34,15,[ 2 10],35,99,114,64,85
1,<environment.Job instance at 0x7f413dfeaeb0>,39,16,[2 8],40,114,130,74,101
1,<environment.Job instance at 0x7f413dfea3c0>,43,18,[ 5 10],44,130,148,86,119
1,<environment.Job instance at 0x7f413dfea820>,47,14,[5 5],48,148,162,100,134
1,<environment.Job instance at 0x7f413dfeacd0>,54,17,[3 6],55,162,179,107,150
1,<environment.Job instance at 0x7f413e0957d0>,62,15,[3 8],63,179,194,116,165
1,<environment.Job instance at 0x7f413e0955a0>,63,13,[6 5],64,194,207,130,180
1,<environment.Job instance at 0x7f413e095cd0>,61,16,[2 7],62,207,223,145,194
1,<environment.Job instance at 0x7f413e07e8c0>,75,16,[1 6],76,223,239,147,210
1,<environment.Job instance at 0x7f413e07e690>,73,17,[6 4],74,223,240,149,212
1,<environment.Job instance at 0x7f413e07e1e0>,79,2,[9 5],80,240,242,160,213
1,<environment.Job instance at 0x7f413e07ef50>,80,1,[8 5],81,242,243,161,217
1,<environment.Job instance at 0x7f413e07e4b0>,82,2,[5 7],83,243,245,160,218
1,<environment.Job instance at 0x7f4144e0c690>,2,17,[1 9],3,3,20,0,3
1,<environment.Job instance at 0x7f4144c57d20>,3,14,[5 5],4,20,34,16,5
1,<environment.Job instance at 0x7f4144946460>,9,3,[10  2],10,34,37,24,14
1,<environment.Job instance at 0x7f4144c0cd20>,8,16,[1 6],9,37,53,28,24
1,<environment.Job instance at 0x7f4144905c30>,16,12,[9 4],17,37,49,20,32
1,<environment.Job instance at 0x7f413e157910>,20,16,[9 2],21,49,65,28,36
1,<environment.Job instance at 0x7f413e351a50>,25,12,[5 9],26,65,77,39,48
1,<environment.Job instance at 0x7f413e0e2550>,29,17,[9 2],30,77,94,47,65
1,<environment.Job instance at 0x7f413e03aeb0>,37,16,[3 5],38,94,110,56,81
1,<environment.Job instance at 0x7f40fa2df550>,45,2,[3 7],46,110,112,64,100
1,<environment.Job instance at 0x7f40fa2df780>,47,17,[7 4],48,112,129,64,100
1,<environment.Job instance at 0x7f413e040a50>,55,17,[ 2 10],56,129,146,73,121
1,<environment.Job instance at 0x7f413e040690>,59,2,[5 4],60,146,148,86,130
1,<environment.Job instance at 0x7f41451cd5a0>,63,14,[5 5],64,146,160,82,139
1,<environment.Job instance at 0x7f40fa2dfe10>,50,1,[4 5],51,151,152,100,151
1,<environment.Job instance at 0x7f41449c2aa0>,69,18,[1 5],70,153,171,83,153
1,<environment.Job instance at 0x7f413e09c1e0>,44,17,[8 3],45,160,177,115,153
1,<environment.Job instance at 0x7f40fa44fb40>,74,12,[1 8],75,177,189,102,162
1,<environment.Job instance at 0x7f40fa825be0>,76,13,[9 5],77,189,202,112,173
1,<environment.Job instance at 0x7f40fa44f780>,72,16,[10  2],73,202,218,129,189
1,<environment.Job instance at 0x7f40fa825eb0>,78,14,[ 4 10],79,218,232,139,205
1,<environment.Job instance at 0x7f4145481460>,90,1,[2 6],91,232,233,141,212
1,<environment.Job instance at 0x7f40fa514aa0>,0,18,[5 4],1,1,19,0,1
1,<environment.Job instance at 0x7f40fa50a1e0>,13,16,[3 8],14,19,35,5,15
1,<environment.Job instance at 0x7f40fa50a910>,15,3,[3 9],16,35,38,19,20
1,<environment.Job instance at 0x7f40fa50a370>,17,18,[5 5],18,38,56,20,27
1,<environment.Job instance at 0x7f40fa2aae60>,23,18,[4 5],24,45,63,21,45
1,<environment.Job instance at 0x7f40fa2aafa0>,25,18,[5 8],26,63,81,37,52
1,<environment.Job instance at 0x7f40fa2c1370>,30,2,[7 4],31,86,88,55,86
1,<environment.Job instance at 0x7f40fa2c1410>,31,16,[6 5],32,88,104,56,86
1,<environment.Job instance at 0x7f413df2c820>,10,14,[2 6],11,104,118,93,89
1,<environment.Job instance at 0x7f40fa2c1550>,33,1,[5 5],34,121,122,87,121
1,<environment.Job instance at 0x7f40fa2c1690>,35,16,[6 5],36,122,138,86,121
1,<environment.Job instance at 0x7f40fa2c17d0>,37,18,[9 4],38,138,156,100,127
1,<environment.Job instance at 0x7f40fa2c1fa0>,46,1,[1 8],47,156,157,109,129
1,<environment.Job instance at 0x7f40fa2c1f00>,47,3,[4 5],48,129,132,81,129
1,<environment.Job instance at 0x7f40fa2c1dc0>,48,14,[7 2],49,156,170,107,141
1,<environment.Job instance at 0x7f40fa295550>,54,17,[3 7],55,157,174,102,145
1,<environment.Job instance at 0x7f40fa295910>,60,18,[5 5],61,174,192,113,164
1,<environment.Job instance at 0x7f40fa295b90>,63,18,[5 2],64,170,188,106,170
1,<environment.Job instance at 0x7f40fa295cd0>,66,12,[8 3],67,192,204,125,176
1,<environment.Job instance at 0x7f40fa295f00>,72,3,[5 8],73,204,207,131,179
1,<environment.Job instance at 0x7f40fa2c1730>,36,12,[ 1 10],37,207,219,170,190
1,<environment.Job instance at 0x7f40fa2a8230>,74,15,[10  2],75,219,234,144,205
1,<environment.Job instance at 0x7f40fa2a87d0>,83,3,[9 5],84,234,237,150,215
1,<environment.Job instance at 0x7f4144aee4b0>,11,3,[1 8],12,13,16,1,13
1,<environment.Job instance at 0x7f4144aee780>,13,17,[ 4 10],14,16,33,2,14
1,<environment.Job instance at 0x7f4144aee370>,16,1,[9 3],17,33,34,16,24
1,<environment.Job instance at 0x7f4144f84280>,15,15,[8 3],16,34,49,18,24
1,<environment.Job instance at 0x7f40fa8bf320>,19,2,[3 9],20,49,51,29,25
1,<environment.Job instance at 0x7f413e4e0410>,21,12,[8 2],22,51,63,29,34
1,<environment.Job instance at 0x7f413e4e0c30>,18,3,[5 8],19,63,66,44,40
1,<environment.Job instance at 0x7f413e30ce60>,28,2,[5 7],29,66,68,37,41
1,<environment.Job instance at 0x7f40fa84f140>,30,12,[ 5 10],31,68,80,37,52
1,<environment.Job instance at 0x7f40fa8b6c30>,32,15,[1 6],33,80,95,47,66
1,<environment.Job instance at 0x7f4144ad5460>,34,13,[1 9],35,95,108,60,79
1,<environment.Job instance at 0x7f4144d79280>,35,12,[5 2],36,80,92,44,79
1,<environment.Job instance at 0x7f40fa2ddc80>,10,16,[4 8],11,113,129,102,113
1,<environment.Job instance at 0x7f4145455280>,44,14,[2 7],45,129,143,84,114
1,<environment.Job instance at 0x7f4144f84d20>,14,15,[5 3],15,129,144,114,117
1,<environment.Job instance at 0x7f413e1f2230>,51,14,[3 5],52,143,157,91,128
1,<environment.Job instance at 0x7f40fa827be0>,53,12,[4 5],54,144,156,90,129
1,<environment.Job instance at 0x7f40fa827140>,54,3,[3 9],55,157,160,102,131
1,<environment.Job instance at 0x7f413e04df50>,60,18,[3 6],61,160,178,99,151
1,<environment.Job instance at 0x7f413e04d6e0>,58,3,[5 9],59,178,181,119,152
1,<environment.Job instance at 0x7f40fa852730>,65,3,[3 8],66,181,184,115,155
1,<environment.Job instance at 0x7f40fa939910>,68,1,[8 3],69,184,185,115,159
1,<environment.Job instance at 0x7f40fa939b90>,71,2,[5 4],72,165,167,93,165
1,<environment.Job instance at 0x7f40fa939af0>,70,14,[1 9],71,185,199,114,170
1,<environment.Job instance at 0x7f40fa919e60>,66,16,[2 7],67,199,215,132,186
1,<environment.Job instance at 0x7f40fa939500>,80,14,[3 5],81,215,229,134,200
1,<environment.Job instance at 0x7f40fa9395f0>,83,3,[5 4],84,215,218,131,207
1,<environment.Job instance at 0x7f40fa9392d0>,82,3,[3 7],83,229,232,146,212
1,<environment.Job instance at 0x7f40fa7f0af0>,88,12,[6 1],89,218,230,129,215
1,<environment.Job instance at 0x7f40fa751a50>,3,2,[5 6],4,4,6,0,4
1,<environment.Job instance at 0x7f40fa3d4550>,9,13,[4 5],10,11,24,1,11
1,<environment.Job instance at 0x7f4144966a50>,8,1,[1 5],9,11,12,2,11
1,<environment.Job instance at 0x7f40fa3d4910>,10,17,[5 9],11,24,41,13,12
1,<environment.Job instance at 0x7f413e4d7500>,19,2,[ 3 10],20,41,43,21,21
1,<environment.Job instance at 0x7f413e351cd0>,21,2,[6 2],22,43,45,21,24
1,<environment.Job instance at 0x7f413e442640>,22,12,[10  2],23,45,57,22,29
1,<environment.Job instance at 0x7f413dfba0a0>,23,1,[5 5],24,57,58,33,32
1,<environment.Job instance at 0x7f40fa5cd910>,27,18,[5 9],28,58,76,30,49
1,<environment.Job instance at 0x7f40fa8edd20>,32,16,[6 2],33,76,92,43,65
1,<environment.Job instance at 0x7f40fa9925a0>,34,15,[2 5],35,76,91,41,73
1,<environment.Job instance at 0x7f40fa618820>,18,15,[1 8],19,91,106,72,79
1,<environment.Job instance at 0x7f413e4277d0>,43,12,[1 8],44,106,118,62,97
1,<environment.Job instance at 0x7f413e4274b0>,45,14,[5 9],46,118,132,72,103
1,<environment.Job instance at 0x7f413e427a00>,51,2,[1 8],52,132,134,80,126
1,<environment.Job instance at 0x7f413e4272d0>,52,18,[5 6],53,134,152,81,126
1,<environment.Job instance at 0x7f4144a0ff00>,55,17,[3 9],56,152,169,96,142
1,<environment.Job instance at 0x7f4144a0fdc0>,59,2,[2 5],60,169,171,109,150
1,<environment.Job instance at 0x7f4144a0f050>,60,3,[7 5],61,169,172,108,150
1,<environment.Job instance at 0x7f4144a0f730>,61,2,[5 4],62,150,152,88,150
1,<environment.Job instance at 0x7f4144c2df00>,64,13,[9 1],65,172,185,107,165
1,<environment.Job instance at 0x7f40fa2ead70>,70,14,[ 3 10],71,198,212,127,198
1,<environment.Job instance at 0x7f40fa866c30>,73,14,[9 2],74,212,226,138,199
1,<environment.Job instance at 0x7f40fa866550>,76,1,[8 5],77,226,227,149,221
1,<environment.Job instance at 0x7f40fa866140>,77,3,[3 6],78,227,230,149,221
1,<environment.Job instance at 0x7f40fa3f4370>,78,2,[2 9],79,230,232,151,221
1,<environment.Job instance at 0x7f40fa135c30>,2,3,[5 1],3,3,6,0,3
1,<environment.Job instance at 0x7f413e3a8050>,4,1,[7 2],5,6,7,1,5
1,<environment.Job instance at 0x7f413e4d76e0>,3,18,[10  5],4,7,25,3,5
1,<environment.Job instance at 0x7f40fa69de60>,9,14,[3 5],10,25,39,15,14
1,<environment.Job instance at 0x7f40fa66a4b0>,11,3,[6 5],12,25,28,13,16
1,<environment.Job instance at 0x7f40fa38d280>,21,1,[5 1],22,41,42,19,41
1,<environment.Job instance at 0x7f40fa38d320>,22,2,[5 7],23,41,43,18,41
1,<environment.Job instance at 0x7f40fa38d460>,24,13,[10  5],25,43,56,18,41
1,<environment.Job instance at 0x7f40fa38d500>,25,14,[10  1],26,56,70,30,41
1,<environment.Job instance at 0x7f40fa38dc80>,32,17,[8 1],33,70,87,37,69
1,<environment.Job instance at 0x7f40fa705190>,15,14,[2 9],16,70,84,54,70
1,<environment.Job instance at 0x7f40fa38ddc0>,34,13,[2 5],35,84,97,49,72
1,<environment.Job instance at 0x7f40fa38dfa0>,37,3,[4 9],38,97,100,59,72
1,<environment.Job instance at 0x7f40fa3c0190>,44,13,[2 8],45,100,113,55,98
1,<environment.Job instance at 0x7f40fa3c08c0>,49,15,[8 4],50,113,128,63,108
1,<environment.Job instance at 0x7f40fa39e1e0>,63,13,[4 7],64,145,158,81,145
1,<environment.Job instance at 0x7f40fa39e550>,65,16,[5 7],66,158,174,92,145
1,<environment.Job instance at 0x7f40fa39e960>,70,17,[8 3],71,174,191,103,162
1,<environment.Job instance at 0x7f40fa39ed20>,74,17,[5 6],75,191,208,116,182
1,<environment.Job instance at 0x7f40fa39ea50>,78,2,[5 5],79,208,210,129,183
1,<environment.Job instance at 0x7f40fa39ef50>,79,3,[5 2],80,191,194,111,183
1,<environment.Job instance at 0x7f40fa390280>,81,2,[4 8],82,210,212,128,185
1,<environment.Job instance at 0x7f40fa3904b0>,86,13,[ 1 10],87,212,225,125,197
1,<environment.Job instance at 0x7f40fa3956e0>,1,3,[2 8],2,2,5,0,2
1,<environment.Job instance at 0x7f40fa6e5730>,2,12,[10  3],3,5,17,2,3
1,<environment.Job instance at 0x7f4144bf5910>,6,12,[1 9],7,17,29,10,7
1,<environment.Job instance at 0x7f40fa8c3050>,7,18,[7 1],8,17,35,9,8
1,<environment.Job instance at 0x7f413dfb5fa0>,15,1,[9 4],16,35,36,19,22
1,<environment.Job instance at 0x7f4144bf5c30>,11,3,[1 7],12,29,32,17,22
1,<environment.Job instance at 0x7f4145651d20>,17,2,[5 8],18,36,38,18,22
1,<environment.Job instance at 0x7f413dfb5e10>,18,12,[ 3 10],19,38,50,19,22
1,<environment.Job instance at 0x7f413dfb55a0>,19,3,[8 1],20,50,53,30,24
1,<environment.Job instance at 0x7f41449824b0>,20,2,[2 7],21,32,34,11,25
1,<environment.Job instance at 0x7f413dfb5050>,16,3,[ 4 10],17,53,56,36,29
1,<environment.Job instance at 0x7f413e0130a0>,24,2,[ 4 10],25,56,58,31,31
1,<environment.Job instance at 0x7f4144982050>,22,17,[1 6],23,58,75,35,47
1,<environment.Job instance at 0x7f4145212730>,21,12,[1 7],22,75,87,53,60
1,<environment.Job instance at 0x7f413e013af0>,33,15,[10  1],34,87,102,53,83
1,<environment.Job instance at 0x7f413e013c80>,36,1,[7 3],37,85,86,48,85
1,<environment.Job instance at 0x7f413e0135a0>,37,15,[1 7],38,102,117,64,88
1,<environment.Job instance at 0x7f40fa57a6e0>,40,1,[8 1],41,110,111,69,110
1,<environment.Job instance at 0x7f40fa57a550>,41,12,[8 3],42,111,123,69,111
1,<environment.Job instance at 0x7f413e013dc0>,38,18,[5 6],39,123,141,84,112
1,<environment.Job instance at 0x7f413df9a910>,45,16,[10  2],46,141,157,95,136
1,<environment.Job instance at 0x7f413df9a140>,44,16,[5 6],45,157,173,112,144
1,<environment.Job instance at 0x7f413e42fe10>,57,14,[8 3],58,173,187,115,158
1,<environment.Job instance at 0x7f413e42f910>,61,12,[7 5],62,187,199,125,170
1,<environment.Job instance at 0x7f413e406f50>,63,2,[9 4],64,199,201,135,174
1,<environment.Job instance at 0x7f414488d190>,65,2,[ 5 10],66,201,203,135,188
1,<environment.Job instance at 0x7f414488d370>,66,14,[3 9],67,203,217,136,188
1,<environment.Job instance at 0x7f413e548500>,76,12,[9 1],77,217,229,140,203
1,<environment.Job instance at 0x7f413e548dc0>,80,12,[3 8],81,229,241,148,212
1,<environment.Job instance at 0x7f40fa5c25f0>,6,1,[1 9],7,7,8,0,7
1,<environment.Job instance at 0x7f40fa5c2370>,8,3,[6 2],9,12,15,3,12
1,<environment.Job instance at 0x7f40fa5c2c30>,11,18,[5 5],12,15,33,3,12
1,<environment.Job instance at 0x7f40fa7140a0>,14,17,[6 1],15,33,50,18,21
1,<environment.Job instance at 0x7f40fa714e60>,16,17,[3 7],17,33,50,16,21
1,<environment.Job instance at 0x7f40fa5c20f0>,10,16,[5 4],11,50,66,39,38
1,<environment.Job instance at 0x7f40fa566640>,25,18,[5 3],26,50,68,24,39
1,<environment.Job instance at 0x7f40fa5660f0>,30,12,[ 4 10],31,68,80,37,52
1,<environment.Job instance at 0x7f40fa5669b0>,31,17,[6 1],32,80,97,48,68
1,<environment.Job instance at 0x7f40fa566960>,33,15,[5 8],34,97,112,63,83
1,<environment.Job instance at 0x7f41448d2a50>,42,3,[5 9],43,112,115,69,108
1,<environment.Job instance at 0x7f413df5f280>,43,13,[10  1],44,115,128,71,108
1,<environment.Job instance at 0x7f413df5f500>,48,18,[5 5],49,136,154,87,136
1,<environment.Job instance at 0x7f413df5faf0>,49,15,[3 6],50,154,169,104,141
1,<environment.Job instance at 0x7f4144ba5be0>,53,1,[5 4],54,141,142,87,141
1,<environment.Job instance at 0x7f4144ba5410>,58,14,[9 3],59,169,183,110,157
1,<environment.Job instance at 0x7f413df6f0f0>,64,16,[5 8],65,183,199,118,170
1,<environment.Job instance at 0x7f413df6f640>,67,12,[10  4],68,199,211,131,183
1,<environment.Job instance at 0x7f413df6f870>,74,13,[6 5],75,211,224,136,195
1,<environment.Job instance at 0x7f40fa90ad70>,75,13,[6 1],76,224,237,148,208
1,<environment.Job instance at 0x7f40fa90a050>,77,2,[10  1],78,237,239,159,210
1,<environment.Job instance at 0x7f40fa90af50>,78,1,[2 8],79,224,225,145,211
1,<environment.Job instance at 0x7f40fa90ad20>,81,3,[3 8],82,225,228,143,220
1,<environment.Job instance at 0x7f413e1d70f0>,9,2,[1 6],10,11,13,1,11
1,<environment.Job instance at 0x7f40fa3e4d70>,10,3,[7 1],11,13,16,2,13
1,<environment.Job instance at 0x7f41448edc80>,13,13,[6 5],14,16,29,2,14
1,<environment.Job instance at 0x7f414494c050>,22,13,[1 8],23,33,46,10,33
1,<environment.Job instance at 0x7f40fa836b90>,24,17,[3 6],25,46,63,21,39
1,<environment.Job instance at 0x7f40fa81bb40>,29,17,[7 1],30,62,79,32,62
1,<environment.Job instance at 0x7f40fa81bc30>,30,16,[10  3],31,79,95,48,66
1,<environment.Job instance at 0x7f40fa1953c0>,41,13,[ 1 10],42,95,108,53,86
1,<environment.Job instance at 0x7f40fa1ac190>,46,2,[9 4],47,108,110,61,103
1,<environment.Job instance at 0x7f40fa1ac0a0>,47,3,[7 3],48,110,113,62,103
1,<environment.Job instance at 0x7f413ddb8e10>,42,17,[3 8],43,113,130,70,103
1,<environment.Job instance at 0x7f40fa1ac280>,45,13,[ 3 10],46,130,143,84,114
1,<environment.Job instance at 0x7f4144c98190>,49,18,[8 2],50,143,161,93,134
1,<environment.Job instance at 0x7f40fa72d960>,54,14,[3 7],55,161,175,106,146
1,<environment.Job instance at 0x7f413dde8280>,52,2,[ 3 10],53,175,177,122,150
1,<environment.Job instance at 0x7f413ddb5410>,56,18,[10  1],57,177,195,120,167
1,<environment.Job instance at 0x7f413e234be0>,65,12,[5 5],66,195,207,129,180
1,<environment.Job instance at 0x7f40fa9866e0>,69,3,[5 2],70,195,198,125,190
1,<environment.Job instance at 0x7f40fa986550>,70,1,[6 3],71,207,208,136,190
1,<environment.Job instance at 0x7f40fa986910>,71,2,[ 3 10],72,208,210,136,190
1,<environment.Job instance at 0x7f413e09df00>,72,2,[6 4],73,210,212,137,191
1,<environment.Job instance at 0x7f40fa9a0140>,75,2,[9 3],76,212,214,136,196
1,<environment.Job instance at 0x7f40fa601eb0>,76,16,[2 9],77,214,230,137,201
1,<environment.Job instance at 0x7f413e10ed20>,48,14,[10  3],49,230,244,181,220
1,<environment.Job instance at 0x7f40fa324370>,6,15,[10  5],7,7,22,0,7
1,<environment.Job instance at 0x7f40fa4a8f00>,13,14,[5 4],14,22,36,8,14
1,<environment.Job instance at 0x7f413e046690>,14,15,[7 5],15,36,51,21,22
1,<environment.Job instance at 0x7f413df5fb90>,17,17,[9 4],18,51,68,33,39
1,<environment.Job instance at 0x7f40fa866550>,23,12,[3 6],24,68,80,44,51
1,<environment.Job instance at 0x7f413df5f4b0>,16,15,[5 5],17,80,95,63,68
1,<environment.Job instance at 0x7f40fa5d3140>,37,12,[ 2 10],38,95,107,57,82
1,<environment.Job instance at 0x7f40fa0efeb0>,32,16,[5 3],33,107,123,74,94
1,<environment.Job instance at 0x7f40fa6dc960>,45,12,[ 4 10],46,123,135,77,117
1,<environment.Job instance at 0x7f4144dedf50>,31,12,[6 3],32,135,147,103,118
1,<environment.Job instance at 0x7f40fa899870>,56,16,[6 2],57,147,163,90,142
1,<environment.Job instance at 0x7f40fa8991e0>,61,16,[1 7],62,143,159,81,143
1,<environment.Job instance at 0x7f40fa899be0>,62,3,[9 2],63,163,166,100,143
1,<environment.Job instance at 0x7f40fa8994b0>,64,2,[2 7],65,159,161,94,147
1,<environment.Job instance at 0x7f40fa6dc5f0>,49,16,[1 8],50,161,177,111,148
1,<environment.Job instance at 0x7f40fa899e60>,65,17,[9 1],66,166,183,100,154
1,<environment.Job instance at 0x7f40fa8995a0>,63,19,[3 9],64,183,202,119,181
1,<environment.Job instance at 0x7f40fa34d960>,21,2,[10  3],22,202,204,180,183
1,<environment.Job instance at 0x7f40fa446320>,74,14,[ 3 10],75,204,218,129,189
1,<environment.Job instance at 0x7f413e11d0a0>,83,17,[6 1],84,218,235,134,206
1,<environment.Job instance at 0x7f40fa446960>,75,15,[2 6],76,218,233,142,206
1,<environment.Job instance at 0x7f413df2dfa0>,86,2,[10  3],87,235,237,148,208
1,<environment.Job instance at 0x7f413e031730>,76,3,[ 3 10],77,237,240,160,214
1,<environment.Job instance at 0x7f40fa0ef3c0>,1,16,[4 9],2,2,18,0,2
1,<environment.Job instance at 0x7f413e00bfa0>,7,13,[10  3],8,18,31,10,8
1,<environment.Job instance at 0x7f4144d145a0>,9,2,[7 1],10,31,33,21,11
1,<environment.Job instance at 0x7f40fa4d5aa0>,12,1,[ 3 10],13,33,34,20,13
1,<environment.Job instance at 0x7f40fa4d5780>,14,2,[2 5],15,31,33,16,21
1,<environment.Job instance at 0x7f40fa66ed20>,6,16,[ 5 10],7,34,50,27,21
1,<environment.Job instance at 0x7f4144d50370>,17,3,[8 4],18,50,53,32,31
1,<environment.Job instance at 0x7f4144d50d20>,18,3,[4 6],19,53,56,34,31
1,<environment.Job instance at 0x7f4144d50be0>,21,12,[7 5],22,56,68,34,40
1,<environment.Job instance at 0x7f4144d50a00>,26,12,[5 9],27,68,80,41,52
1,<environment.Job instance at 0x7f40fa135d20>,35,2,[5 6],36,80,82,44,76
1,<environment.Job instance at 0x7f4144d50870>,16,15,[7 3],17,82,97,65,76
1,<environment.Job instance at 0x7f40fa1350a0>,37,14,[4 9],38,97,111,59,84
1,<environment.Job instance at 0x7f40fa135dc0>,40,17,[10  2],41,115,132,74,115
1,<environment.Job instance at 0x7f40fa135690>,45,3,[7 1],46,132,135,86,129
1,<environment.Job instance at 0x7f4144d145f0>,10,17,[6 4],11,135,152,124,129
1,<environment.Job instance at 0x7f40fa135230>,46,17,[5 8],47,152,169,105,140
1,<environment.Job instance at 0x7f40fa39e910>,8,18,[10  5],9,169,187,160,166
1,<environment.Job instance at 0x7f40fa5ae280>,51,3,[7 4],52,187,190,135,166
1,<environment.Job instance at 0x7f40fa5aecd0>,53,3,[9 3],54,190,193,136,166
1,<environment.Job instance at 0x7f40fa5ae730>,54,16,[9 5],55,193,209,138,180
1,<environment.Job instance at 0x7f40fa5ae870>,63,1,[3 8],64,209,210,145,187
1,<environment.Job instance at 0x7f40fa5aeeb0>,66,14,[ 3 10],67,210,224,143,196
1,<environment.Job instance at 0x7f413e1a60f0>,74,16,[9 1],75,224,240,149,211
1,<environment.Job instance at 0x7f413e18db90>,78,14,[7 1],79,240,254,161,225
1,<environment.Job instance at 0x7f40fa811e10>,1,16,[4 7],2,2,18,0,2
1,<environment.Job instance at 0x7f40fa5d3dc0>,3,13,[ 4 10],4,18,31,14,4
1,<environment.Job instance at 0x7f40fa0c1d20>,7,12,[6 5],8,31,43,23,14
1,<environment.Job instance at 0x7f40fa9cadc0>,18,3,[ 3 10],19,43,46,24,36
1,<environment.Job instance at 0x7f413df95a00>,19,13,[4 7],20,46,59,26,36
1,<environment.Job instance at 0x7f413df95820>,21,14,[6 4],22,59,73,37,44
1,<environment.Job instance at 0x7f4144d99af0>,14,15,[3 5],15,59,74,44,46
1,<environment.Job instance at 0x7f413df95c30>,29,2,[7 2],30,73,75,43,52
1,<environment.Job instance at 0x7f413df95d20>,30,1,[5 5],31,75,76,44,52
1,<environment.Job instance at 0x7f413df6d460>,31,2,[2 5],32,74,76,42,52
1,<environment.Job instance at 0x7f413df6d7d0>,33,12,[ 3 10],34,76,88,42,59
1,<environment.Job instance at 0x7f40fa2ec2d0>,44,1,[6 5],45,88,89,43,75
1,<environment.Job instance at 0x7f40fa7861e0>,9,15,[7 2],10,100,115,90,100
1,<environment.Job instance at 0x7f413ded8c30>,48,2,[5 4],49,115,117,66,100
1,<environment.Job instance at 0x7f413df6d0a0>,32,13,[9 5],33,117,130,84,101
1,<environment.Job instance at 0x7f40fa2d5fa0>,47,3,[4 8],48,130,133,82,104
1,<environment.Job instance at 0x7f413dee3690>,57,1,[5 2],58,115,116,57,107
1,<environment.Job instance at 0x7f413dee3910>,60,14,[9 4],61,133,147,72,121
1,<environment.Job instance at 0x7f413dec2190>,62,1,[2 5],63,147,148,84,122
1,<environment.Job instance at 0x7f413dec29b0>,61,17,[6 2],62,147,164,85,135
1,<environment.Job instance at 0x7f413dec2230>,65,12,[2 6],66,148,160,82,138
1,<environment.Job instance at 0x7f413dec2910>,68,3,[7 2],69,164,167,95,142
1,<environment.Job instance at 0x7f413decc730>,67,13,[2 7],68,160,173,92,144
1,<environment.Job instance at 0x7f40fa92e2d0>,80,1,[6 3],81,167,168,86,162
1,<environment.Job instance at 0x7f40fa92efa0>,81,18,[8 2],82,168,186,86,163
1,<environment.Job instance at 0x7f40fa9330f0>,83,15,[4 8],84,186,201,102,172
1,<environment.Job instance at 0x7f40fa933f50>,84,2,[1 7],85,173,175,88,172
1,<environment.Job instance at 0x7f40fa933a50>,85,14,[5 5],86,201,215,115,191
1,<environment.Job instance at 0x7f40fa913050>,91,16,[5 1],92,191,207,99,191
1,<environment.Job instance at 0x7f40fa9134b0>,89,17,[9 4],90,215,232,125,203
1,<environment.Job instance at 0x7f4144d99460>,3,18,[8 3],4,4,22,0,4
1,<environment.Job instance at 0x7f40fa3d3190>,5,15,[2 7],6,6,21,0,6
1,<environment.Job instance at 0x7f41449a41e0>,13,18,[2 6],14,21,39,7,14
1,<environment.Job instance at 0x7f413e302f00>,20,3,[1 9],21,39,42,18,23
1,<environment.Job instance at 0x7f413e142230>,24,13,[2 5],25,42,55,17,29
1,<environment.Job instance at 0x7f413e142c30>,25,16,[ 4 10],26,55,71,29,42
1,<environment.Job instance at 0x7f40fa99deb0>,31,14,[7 4],32,71,85,39,56
1,<environment.Job instance at 0x7f40fa99d9b0>,37,12,[6 5],38,85,97,47,68
1,<environment.Job instance at 0x7f40fa99d230>,40,13,[2 9],41,97,110,56,81
1,<environment.Job instance at 0x7f40fa99d0a0>,45,1,[10  5],46,110,111,64,97
1,<environment.Job instance at 0x7f413ddb63c0>,22,19,[1 5],23,111,130,88,102
1,<environment.Job instance at 0x7f40fa08b280>,50,15,[7 4],51,126,141,75,126
1,<environment.Job instance at 0x7f40fa11dd70>,19,15,[10  3],20,141,156,121,127
1,<environment.Job instance at 0x7f40fa08be60>,48,17,[8 1],49,156,173,107,147
1,<environment.Job instance at 0x7f4144ed9a50>,56,2,[4 9],57,173,175,116,147
1,<environment.Job instance at 0x7f4144ed9af0>,58,17,[1 8],59,156,173,97,150
1,<environment.Job instance at 0x7f40fa7bcaf0>,65,12,[9 1],66,175,187,109,169
1,<environment.Job instance at 0x7f40fa7bce10>,67,17,[ 3 10],68,193,210,125,193
1,<environment.Job instance at 0x7f413e140550>,74,1,[6 1],75,212,213,137,212
1,<environment.Job instance at 0x7f413dea6230>,3,14,[7 2],4,4,18,0,4
1,<environment.Job instance at 0x7f413dea6d20>,4,13,[2 8],5,5,18,0,5
1,<environment.Job instance at 0x7f413dea6960>,5,17,[6 3],6,18,35,12,6
1,<environment.Job instance at 0x7f413dea68c0>,11,1,[2 5],12,19,20,7,19
1,<environment.Job instance at 0x7f413dea65a0>,10,1,[5 9],11,35,36,24,19
1,<environment.Job instance at 0x7f413dea69b0>,12,18,[3 8],13,36,54,23,25
1,<environment.Job instance at 0x7f41448d60a0>,14,12,[7 2],15,40,52,25,40
1,<environment.Job instance at 0x7f413dea6be0>,9,16,[ 4 10],10,54,70,44,41
1,<environment.Job instance at 0x7f41448d6eb0>,28,1,[3 8],29,70,71,41,42
1,<environment.Job instance at 0x7f41448b7320>,34,3,[7 2],35,70,73,35,48
1,<environment.Job instance at 0x7f41448b7550>,35,3,[1 8],36,71,74,35,48
1,<environment.Job instance at 0x7f41448b73c0>,39,12,[ 5 10],40,74,86,34,67
1,<environment.Job instance at 0x7f41448b7460>,44,14,[3 5],45,86,100,41,78
1,<environment.Job instance at 0x7f41448b7b90>,45,17,[10  2],46,100,117,54,88
1,<environment.Job instance at 0x7f41448d60f0>,15,25,[8 3],16,138,163,122,138
1,<environment.Job instance at 0x7f41448d65a0>,31,18,[1 9],32,163,181,131,157
1,<environment.Job instance at 0x7f4144d51230>,62,2,[ 5 10],63,181,183,118,157
1,<environment.Job instance at 0x7f4144d51a00>,63,2,[3 7],64,183,185,119,157
1,<environment.Job instance at 0x7f4144d51320>,64,1,[ 1 10],65,185,186,120,157
1,<environment.Job instance at 0x7f413de95280>,66,3,[8 4],67,186,189,119,185
1,<environment.Job instance at 0x7f413de95b90>,67,18,[7 1],68,189,207,121,185
1,<environment.Job instance at 0x7f413de95960>,70,2,[7 3],71,207,209,136,186
1,<environment.Job instance at 0x7f413de95910>,72,14,[10  1],73,209,223,136,200
1,<environment.Job instance at 0x7f413e43f730>,78,14,[6 1],79,223,237,144,211
1,<environment.Job instance at 0x7f413dfb6870>,83,1,[3 7],84,223,224,139,212
1,<environment.Job instance at 0x7f4144aea280>,1,14,[5 8],2,2,16,0,2
1,<environment.Job instance at 0x7f4144aea780>,3,17,[3 7],4,16,33,12,4
1,<environment.Job instance at 0x7f413e14c820>,10,2,[6 2],11,16,18,5,11
1,<environment.Job instance at 0x7f413e14ce10>,15,15,[3 5],16,33,48,17,25
1,<environment.Job instance at 0x7f413e14cc30>,14,2,[7 1],15,25,27,10,25
1,<environment.Job instance at 0x7f413e14c690>,17,1,[4 7],18,48,49,30,25
1,<environment.Job instance at 0x7f413e14cdc0>,18,1,[5 3],19,27,28,8,25
1,<environment.Job instance at 0x7f413e13f320>,20,3,[5 6],21,49,52,28,25
1,<environment.Job instance at 0x7f413e13f7d0>,21,3,[5 9],22,52,55,30,26
1,<environment.Job instance at 0x7f413e14c550>,16,2,[ 3 10],17,55,57,38,31
1,<environment.Job instance at 0x7f413e13f500>,22,13,[4 8],23,57,70,34,44
1,<environment.Job instance at 0x7f413e13f9b0>,25,13,[8 2],26,70,83,44,57
1,<environment.Job instance at 0x7f413e13fc30>,29,15,[3 5],30,83,98,53,69
1,<environment.Job instance at 0x7f4144bf62d0>,35,3,[3 5],36,83,86,47,69
1,<environment.Job instance at 0x7f4144bf6d70>,38,15,[4 7],39,98,113,59,84
1,<environment.Job instance at 0x7f4144bf6820>,40,17,[9 5],41,113,130,72,102
1,<environment.Job instance at 0x7f4144bf6cd0>,42,12,[1 5],43,113,125,70,102
1,<environment.Job instance at 0x7f413e174eb0>,44,14,[9 2],45,130,144,85,115
1,<environment.Job instance at 0x7f413e174b90>,48,3,[8 3],49,144,147,95,129
1,<environment.Job instance at 0x7f4144bf65a0>,36,14,[2 9],37,147,161,110,132
1,<environment.Job instance at 0x7f413e147050>,53,3,[9 2],54,161,164,107,140
1,<environment.Job instance at 0x7f413e1470a0>,54,2,[8 3],55,164,166,109,140
1,<environment.Job instance at 0x7f413e1475a0>,58,3,[7 4],59,166,169,107,146
1,<environment.Job instance at 0x7f413e1472d0>,59,18,[7 3],60,169,187,109,158
1,<environment.Job instance at 0x7f413e149a50>,62,16,[1 7],63,169,185,106,158
1,<environment.Job instance at 0x7f413e149b40>,64,13,[5 9],65,187,200,122,173
1,<environment.Job instance at 0x7f413e147640>,51,16,[9 2],52,204,220,152,204
1,<environment.Job instance at 0x7f413e149cd0>,71,2,[2 9],72,220,222,148,204
1,<environment.Job instance at 0x7f413e149500>,70,13,[5 2],71,222,235,151,209
1,<environment.Job instance at 0x7f4144bf6c80>,34,16,[1 7],35,222,238,187,212
1,<environment.Job instance at 0x7f413e149f00>,76,17,[9 2],77,235,252,158,225
1,<environment.Job instance at 0x7f7e803601e0>,4,14,[1 6],5,5,19,0,5
1,<environment.Job instance at 0x7f7e803604b0>,5,2,[1 5],6,19,21,13,6
1,<environment.Job instance at 0x7f7e80360460>,6,20,[6 1],7,7,27,0,7
1,<environment.Job instance at 0x7f7e80360c30>,15,18,[2 8],16,21,39,5,18
1,<environment.Job instance at 0x7f7e80362f50>,35,15,[9 5],36,75,90,39,75
1,<environment.Job instance at 0x7f7e803642d0>,40,15,[10  3],41,91,106,50,91
1,<environment.Job instance at 0x7f7e80364e10>,57,18,[2 8],58,154,172,96,154
1,<environment.Job instance at 0x7f7e803691e0>,58,14,[2 7],59,172,186,113,157
1,<environment.Job instance at 0x7f7e834e8e10>,8,19,[6 4],9,13,32,4,13
1,<environment.Job instance at 0x7f7e834e89b0>,12,1,[6 4],13,32,33,19,19
1,<environment.Job instance at 0x7f7e834e8870>,11,2,[5 5],12,33,35,21,19
1,<environment.Job instance at 0x7f7e803792d0>,9,14,[3 6],10,35,49,25,22
1,<environment.Job instance at 0x7f7e83633730>,24,3,[4 6],25,30,33,5,30
1,<environment.Job instance at 0x7f7e836333c0>,29,12,[9 3],30,50,62,20,50
1,<environment.Job instance at 0x7f7e83630730>,32,3,[10  2],33,62,65,29,54
1,<environment.Job instance at 0x7f7e83630230>,30,18,[10  3],31,65,83,34,56
1,<environment.Job instance at 0x7f7e834eb370>,41,14,[1 6],42,83,97,41,70
1,<environment.Job instance at 0x7f7e471b63c0>,42,14,[2 7],43,97,111,54,82
1,<environment.Job instance at 0x7f7e8362ca50>,54,16,[7 2],55,85,101,30,85
1,<environment.Job instance at 0x7f7e834e9230>,56,12,[ 3 10],57,111,123,54,94
1,<environment.Job instance at 0x7f7e834e9320>,57,3,[1 5],58,123,126,65,107
1,<environment.Job instance at 0x7f7e83630370>,36,14,[5 5],37,123,137,86,108
1,<environment.Job instance at 0x7f7e834e9460>,69,13,[6 3],70,137,150,67,122
1,<environment.Job instance at 0x7f7e834e9be0>,70,13,[7 4],71,150,163,79,135
1,<environment.Job instance at 0x7f7e8363a1e0>,75,1,[10  1],76,163,164,87,149
1,<environment.Job instance at 0x7f7e8363ae60>,79,2,[5 8],80,164,166,84,151
1,<environment.Job instance at 0x7f7e834e92d0>,67,16,[9 2],68,170,186,102,170
1,<environment.Job instance at 0x7f7e8363a0f0>,84,16,[7 5],85,186,202,101,173
1,<environment.Job instance at 0x7f7e83547230>,89,3,[5 1],90,202,205,112,176
1,<environment.Job instance at 0x7f7e83639fa0>,93,12,[9 1],94,205,217,111,197
1,<environment.Job instance at 0x7f7e83639d70>,94,14,[5 5],95,217,231,122,202
1,<environment.Job instance at 0x7f7e3a71c280>,6,15,[2 7],7,8,23,1,8
1,<environment.Job instance at 0x7f7e3a71c050>,8,15,[7 5],9,23,38,14,10
1,<environment.Job instance at 0x7f7e3a71ceb0>,14,23,[10  2],15,38,61,23,32
1,<environment.Job instance at 0x7f7e3a60adc0>,20,15,[7 1],21,61,76,40,47
1,<environment.Job instance at 0x7f7e800d69b0>,28,2,[5 7],29,76,78,47,62
1,<environment.Job instance at 0x7f7e804e18c0>,29,16,[5 4],30,78,94,48,69
1,<environment.Job instance at 0x7f7e800d6910>,31,2,[6 3],32,94,96,62,69
1,<environment.Job instance at 0x7f7e801f0050>,33,1,[1 7],34,71,72,37,71
1,<environment.Job instance at 0x7f7e80135fa0>,36,16,[9 2],37,96,112,59,83
1,<environment.Job instance at 0x7f7e801f4e60>,34,18,[3 6],35,112,130,77,101
1,<environment.Job instance at 0x7f7e80598820>,42,12,[3 8],43,130,142,87,113
1,<environment.Job instance at 0x7f7e3a66eaf0>,44,15,[4 6],45,142,157,97,130
1,<environment.Job instance at 0x7f7e3a619cd0>,47,15,[5 3],48,142,157,94,130
1,<environment.Job instance at 0x7f7e3a5b9f50>,56,3,[2 8],57,157,160,100,134
1,<environment.Job instance at 0x7f7e3a5b9eb0>,59,3,[7 2],60,134,137,74,134
1,<environment.Job instance at 0x7f7e3a71c370>,9,15,[ 3 10],10,160,175,150,146
1,<environment.Job instance at 0x7f7e3a5b45a0>,64,1,[7 4],65,175,176,110,147
1,<environment.Job instance at 0x7f7e3a5b43c0>,66,3,[6 3],67,176,179,109,153
1,<environment.Job instance at 0x7f7e805b4c80>,69,3,[5 5],70,179,182,109,157
1,<environment.Job instance at 0x7f7e805bf190>,71,3,[9 4],72,182,185,110,164
1,<environment.Job instance at 0x7f7e3a5c5b90>,73,2,[9 2],74,185,187,111,166
1,<environment.Job instance at 0x7f7e80805280>,72,1,[7 4],73,187,188,114,166
1,<environment.Job instance at 0x7f7e801aceb0>,70,18,[9 5],71,188,206,117,179
1,<environment.Job instance at 0x7f7e3a6d8370>,81,17,[2 6],82,206,223,124,194
1,<environment.Job instance at 0x7f7e3a6d80a0>,82,19,[8 2],83,206,225,123,198
1,<environment.Job instance at 0x7f7e80585f50>,91,3,[7 3],92,225,228,133,200
1,<environment.Job instance at 0x7f7e803771e0>,0,19,[6 3],1,1,20,0,1
1,<environment.Job instance at 0x7f7e82c06410>,8,14,[10  3],9,20,34,11,9
1,<environment.Job instance at 0x7f7e80422190>,14,2,[7 5],15,34,36,19,15
1,<environment.Job instance at 0x7f7e804301e0>,16,3,[2 7],17,36,39,19,22
1,<environment.Job instance at 0x7f7e8046bb40>,18,3,[5 8],19,39,42,20,26
1,<environment.Job instance at 0x7f7e80455190>,19,15,[9 5],20,42,57,22,28
1,<environment.Job instance at 0x7f7e8050c4b0>,24,12,[6 4],25,57,69,32,40
1,<environment.Job instance at 0x7f7e3aab95f0>,31,16,[6 5],32,69,85,37,56
1,<environment.Job instance at 0x7f7e3a7403c0>,34,1,[5 8],35,85,86,50,60
1,<environment.Job instance at 0x7f7e3a740c30>,38,3,[5 9],39,86,89,47,68
1,<environment.Job instance at 0x7f7e3a7406e0>,37,2,[2 8],38,89,91,51,68
1,<environment.Job instance at 0x7f7e3a7408c0>,40,3,[1 7],41,91,94,50,68
1,<environment.Job instance at 0x7f7e3aa1c460>,44,17,[3 9],45,94,111,49,82
1,<environment.Job instance at 0x7f7e3aa1c190>,42,3,[ 1 10],43,111,114,68,90
1,<environment.Job instance at 0x7f7e3a5b85f0>,49,15,[7 1],50,114,129,64,101
1,<environment.Job instance at 0x7f7e3a5b8960>,48,2,[5 7],49,129,131,80,102
1,<environment.Job instance at 0x7f7e3a5b8aa0>,52,1,[9 3],53,131,132,78,103
1,<environment.Job instance at 0x7f7e834ebf00>,57,2,[4 5],58,132,134,74,123
1,<environment.Job instance at 0x7f7e80445870>,58,16,[8 5],59,134,150,75,123
1,<environment.Job instance at 0x7f7e804bcb40>,56,2,[5 1],57,129,131,72,123
1,<environment.Job instance at 0x7f7e806a0550>,62,16,[9 2],63,150,166,87,137
1,<environment.Job instance at 0x7f7e3a5b72d0>,68,17,[10  3],69,166,183,97,156
1,<environment.Job instance at 0x7f7e8043cc30>,70,1,[6 3],71,183,184,112,156
1,<environment.Job instance at 0x7f7e8043caf0>,72,18,[5 1],73,184,202,111,178
1,<environment.Job instance at 0x7f7e83630b90>,73,2,[5 6],74,184,186,110,180
1,<environment.Job instance at 0x7f7e83630190>,75,3,[6 5],76,202,205,126,180
1,<environment.Job instance at 0x7f7e3ab3d410>,76,3,[8 2],77,205,208,128,180
1,<environment.Job instance at 0x7f7e3ab3adc0>,80,14,[3 6],81,186,200,105,185
1,<environment.Job instance at 0x7f7e8074b190>,82,15,[1 6],83,205,220,122,191
1,<environment.Job instance at 0x7f7e8074bbe0>,87,18,[1 7],88,220,238,132,209
1,<environment.Job instance at 0x7f7e3a745910>,3,17,[8 5],4,6,23,2,6
1,<environment.Job instance at 0x7f7e80377550>,10,16,[9 2],11,23,39,12,14
1,<environment.Job instance at 0x7f7e3a5e90a0>,12,2,[5 8],13,39,41,26,21
1,<environment.Job instance at 0x7f7e3a6d8d70>,13,12,[4 6],14,41,53,27,24
1,<environment.Job instance at 0x7f7e3a5e99b0>,11,19,[10  1],12,53,72,41,49
1,<environment.Job instance at 0x7f7e8016a280>,28,18,[1 9],29,72,90,43,61
1,<environment.Job instance at 0x7f7e801d0a00>,30,15,[3 9],31,90,105,59,76
1,<environment.Job instance at 0x7f7e801c9820>,25,1,[9 5],26,105,106,79,89
1,<environment.Job instance at 0x7f7e3ac0e780>,34,17,[9 5],35,106,123,71,94
1,<environment.Job instance at 0x7f7e801d05a0>,31,2,[9 5],32,123,125,91,101
1,<environment.Job instance at 0x7f7e80204be0>,43,2,[6 3],44,125,127,81,107
1,<environment.Job instance at 0x7f7e802046e0>,41,14,[4 6],42,125,139,83,114
1,<environment.Job instance at 0x7f7e801e7870>,49,14,[6 1],50,127,141,77,115
1,<environment.Job instance at 0x7f7e80204c80>,44,1,[9 4],45,141,142,96,122
1,<environment.Job instance at 0x7f7e801e7690>,51,17,[10  4],52,142,159,90,130
1,<environment.Job instance at 0x7f7e801daa50>,61,3,[8 4],62,159,162,97,154
1,<environment.Job instance at 0x7f7e801dacd0>,64,18,[4 7],65,162,180,97,155
1,<environment.Job instance at 0x7f7e801d6370>,67,13,[8 2],68,180,193,112,164
1,<environment.Job instance at 0x7f7e801d61e0>,68,1,[8 4],69,193,194,124,167
1,<environment.Job instance at 0x7f7e801d6550>,69,3,[7 4],70,194,197,124,168
1,<environment.Job instance at 0x7f7e801d64b0>,72,17,[1 6],73,180,197,107,175
1,<environment.Job instance at 0x7f7e801e72d0>,52,14,[3 9],53,197,211,144,183
1,<environment.Job instance at 0x7f7e80205e10>,78,15,[3 6],79,211,226,132,197
1,<environment.Job instance at 0x7f7e80204140>,45,23,[7 1],46,208,231,162,208
1,<environment.Job instance at 0x7f7e82e25640>,81,2,[2 6],82,226,228,144,208
1,<environment.Job instance at 0x7f7e82e25690>,82,3,[9 1],83,231,234,148,208
1,<environment.Job instance at 0x7f7e3a6d8dc0>,3,17,[10  5],4,5,22,1,5
1,<environment.Job instance at 0x7f7e3ace2730>,8,2,[7 3],9,22,24,13,9
1,<environment.Job instance at 0x7f7e3ace2dc0>,9,1,[5 6],10,24,25,14,10
1,<environment.Job instance at 0x7f7e3ace2f50>,10,13,[9 3],11,25,38,14,11
1,<environment.Job instance at 0x7f7e3ace2d20>,12,15,[3 8],13,38,53,25,25
1,<environment.Job instance at 0x7f7e3a9c7d20>,18,2,[2 7],19,53,55,34,26
1,<environment.Job instance at 0x7f7e3a9c7460>,25,16,[1 6],26,55,71,29,52
1,<environment.Job instance at 0x7f7e3ace2c30>,14,13,[5 4],15,55,68,40,52
1,<environment.Job instance at 0x7f7e3a9c7c80>,28,14,[5 4],29,68,82,39,53
1,<environment.Job instance at 0x7f7e82981dc0>,33,12,[4 9],34,82,94,48,67
1,<environment.Job instance at 0x7f7e829814b0>,37,1,[5 7],38,94,95,56,70
1,<environment.Job instance at 0x7f7e82981cd0>,41,13,[ 3 10],42,95,108,53,94
1,<environment.Job instance at 0x7f7e82981910>,43,13,[1 7],44,108,121,64,105
1,<environment.Job instance at 0x7f7e3ace2910>,15,15,[9 1],16,108,123,92,105
1,<environment.Job instance at 0x7f7e829817d0>,47,1,[8 3],48,123,124,75,106
1,<environment.Job instance at 0x7f7e82981730>,48,1,[ 1 10],49,124,125,75,107
1,<environment.Job instance at 0x7f7e82981be0>,46,16,[6 1],47,125,141,78,112
1,<environment.Job instance at 0x7f7e82981e10>,49,2,[3 6],50,125,127,75,114
1,<environment.Job instance at 0x7f7e82d20aa0>,58,14,[8 1],59,141,155,82,136
1,<environment.Job instance at 0x7f7e82d20500>,60,18,[5 8],61,155,173,94,145
1,<environment.Job instance at 0x7f7e82d20640>,67,3,[3 8],68,173,176,105,155
1,<environment.Job instance at 0x7f7e82d200f0>,69,13,[ 2 10],70,176,189,106,161
1,<environment.Job instance at 0x7f7e82deb6e0>,71,15,[7 5],72,189,204,117,177
1,<environment.Job instance at 0x7f7e82debd70>,75,3,[5 1],76,204,207,128,184
1,<environment.Job instance at 0x7f7e82deb820>,76,17,[9 3],77,207,224,130,195
1,<environment.Job instance at 0x7f7e82debdc0>,82,13,[6 5],83,224,237,141,208
1,<environment.Job instance at 0x7f7e828a9c80>,3,14,[5 5],4,4,18,0,4
1,<environment.Job instance at 0x7f7e80626c80>,9,18,[1 5],10,10,28,0,10
1,<environment.Job instance at 0x7f7e3ac416e0>,14,12,[1 8],15,28,40,13,21
1,<environment.Job instance at 0x7f7e3ac41d70>,16,13,[9 5],17,40,53,23,24
1,<environment.Job instance at 0x7f7e3ac41500>,19,13,[7 5],20,53,66,33,37
1,<environment.Job instance at 0x7f7e3ac3d0a0>,22,15,[7 3],23,66,81,43,52
1,<environment.Job instance at 0x7f7e3a9a8be0>,28,13,[3 7],29,66,79,37,53
1,<environment.Job instance at 0x7f7e8028bbe0>,42,14,[9 3],43,99,113,56,99
1,<environment.Job instance at 0x7f7e8028b140>,46,16,[4 9],47,113,129,66,103
1,<environment.Job instance at 0x7f7e8028b2d0>,49,14,[3 8],50,129,143,79,114
1,<environment.Job instance at 0x7f7e80427c80>,56,12,[7 5],57,143,155,86,130
1,<environment.Job instance at 0x7f7e80427870>,58,14,[6 3],59,155,169,96,142
1,<environment.Job instance at 0x7f7e803d4d20>,63,13,[8 3],64,169,182,105,158
1,<environment.Job instance at 0x7f7e3a81e7d0>,68,14,[9 5],69,182,196,113,176
1,<environment.Job instance at 0x7f7e3a81ed70>,71,13,[5 2],72,196,209,124,180
1,<environment.Job instance at 0x7f7e3a7ea460>,74,17,[4 7],75,196,213,121,192
1,<environment.Job instance at 0x7f7e8028cb40>,82,14,[10  1],83,213,227,130,203
1,<environment.Job instance at 0x7f7e3a80c5a0>,84,15,[8 1],85,227,242,142,214
1,<environment.Job instance at 0x7f7e3a763c30>,6,12,[3 5],7,7,19,0,7
1,<environment.Job instance at 0x7f7e82cfffa0>,7,3,[8 3],8,19,22,11,8
1,<environment.Job instance at 0x7f7e80377f50>,10,2,[9 4],11,22,24,11,11
1,<environment.Job instance at 0x7f7e80310320>,11,1,[3 8],12,24,25,12,12
1,<environment.Job instance at 0x7f7e80377960>,8,1,[9 5],9,25,26,16,12
1,<environment.Job instance at 0x7f7e802bc0f0>,13,3,[9 5],14,26,29,12,14
1,<environment.Job instance at 0x7f7e3a95e8c0>,12,18,[9 2],13,29,47,16,20
1,<environment.Job instance at 0x7f7e3a56ceb0>,18,3,[9 2],19,47,50,28,29
1,<environment.Job instance at 0x7f7e802bc780>,19,2,[4 5],20,50,52,30,29
1,<environment.Job instance at 0x7f7e3a5a6140>,20,1,[10  3],21,52,53,31,29
1,<environment.Job instance at 0x7f7e3a5a60f0>,23,3,[2 6],24,53,56,29,30
1,<environment.Job instance at 0x7f7e3a5a6460>,25,12,[8 3],26,53,65,27,36
1,<environment.Job instance at 0x7f7e3a5a65a0>,27,17,[5 5],28,65,82,37,53
1,<environment.Job instance at 0x7f7e3a5a63c0>,24,2,[9 2],25,82,84,57,67
1,<environment.Job instance at 0x7f7e3a5a6820>,33,3,[3 9],34,84,87,50,69
1,<environment.Job instance at 0x7f7e3a5a6a50>,35,1,[ 1 10],36,87,88,51,70
1,<environment.Job instance at 0x7f7e3a5a6f00>,36,13,[5 9],37,88,101,51,73
1,<environment.Job instance at 0x7f7e3a58c0a0>,43,3,[1 6],44,111,114,67,111
1,<environment.Job instance at 0x7f7e3a58c2d0>,44,16,[8 1],45,111,127,66,111
1,<environment.Job instance at 0x7f7e3a58c1e0>,40,18,[5 4],41,127,145,86,126
1,<environment.Job instance at 0x7f7e3a58c550>,48,19,[2 7],49,147,166,98,147
1,<environment.Job instance at 0x7f7e3a58ce10>,59,13,[4 8],60,166,179,106,150
1,<environment.Job instance at 0x7f7e3a58cfa0>,61,16,[2 5],62,179,195,117,166
1,<environment.Job instance at 0x7f7e3a58c910>,63,16,[1 5],64,179,195,115,166
1,<environment.Job instance at 0x7f7e3a58cd70>,58,17,[7 5],59,195,212,136,189
1,<environment.Job instance at 0x7f7e3a593780>,73,13,[9 3],74,212,225,138,199
1,<environment.Job instance at 0x7f7e3a593c30>,78,12,[1 9],79,225,237,146,210
1,<environment.Job instance at 0x7f7e80377dc0>,4,12,[7 2],5,5,17,0,5
1,<environment.Job instance at 0x7f7e3aa4c910>,5,17,[ 5 10],6,17,34,11,6
1,<environment.Job instance at 0x7f7e807765a0>,12,16,[5 3],13,34,50,21,21
1,<environment.Job instance at 0x7f7e80875640>,22,16,[9 3],23,50,66,27,40
1,<environment.Job instance at 0x7f7e80875780>,23,14,[1 6],24,42,56,18,42
1,<environment.Job instance at 0x7f7e83709fa0>,24,16,[7 3],25,66,82,41,53
1,<environment.Job instance at 0x7f7e80776370>,13,16,[9 5],14,82,98,68,69
1,<environment.Job instance at 0x7f7e83088cd0>,32,14,[6 1],33,98,112,65,88
1,<environment.Job instance at 0x7f7e82d79960>,38,1,[5 1],39,112,113,73,92
1,<environment.Job instance at 0x7f7e3a9d6320>,39,2,[7 4],40,113,115,73,92
1,<environment.Job instance at 0x7f7e8073ef00>,40,2,[1 9],41,98,100,57,92
1,<environment.Job instance at 0x7f7e3acb4870>,43,3,[6 1],44,115,118,71,100
1,<environment.Job instance at 0x7f7e3acb4d70>,45,16,[2 7],46,115,131,69,102
1,<environment.Job instance at 0x7f7e3ac0ff00>,48,18,[8 3],49,118,136,69,111
1,<environment.Job instance at 0x7f7e3a64f410>,52,15,[ 2 10],53,136,151,83,136
1,<environment.Job instance at 0x7f7e3a962410>,41,18,[4 9],42,151,169,109,140
1,<environment.Job instance at 0x7f7e3aa5db40>,57,18,[6 4],58,169,187,111,158
1,<environment.Job instance at 0x7f7e3aa3b910>,59,15,[9 3],60,187,202,127,173
1,<environment.Job instance at 0x7f7e3aa3b370>,63,12,[4 8],64,202,214,138,186
1,<environment.Job instance at 0x7f7e3a746820>,70,3,[5 7],71,214,217,143,193
1,<environment.Job instance at 0x7f7e80362cd0>,78,1,[1 5],79,193,194,114,193
1,<environment.Job instance at 0x7f7e80362690>,79,13,[4 5],80,217,230,137,201
1,<environment.Job instance at 0x7f7e803629b0>,82,2,[3 7],83,230,232,147,207
1,<environment.Job instance at 0x7f7e804c32d0>,83,2,[ 3 10],84,232,234,148,209
1,<environment.Job instance at 0x7f7e805a1780>,7,13,[5 5],8,8,21,0,8
1,<environment.Job instance at 0x7f7e8302dbe0>,9,2,[1 8],10,21,23,11,10
1,<environment.Job instance at 0x7f7e8302db40>,10,12,[10  4],11,23,35,12,11
1,<environment.Job instance at 0x7f7e3a417c30>,15,3,[4 8],16,35,38,19,26
1,<environment.Job instance at 0x7f7e807b8910>,18,3,[2 8],19,38,41,19,26
1,<environment.Job instance at 0x7f7e807b84b0>,19,2,[4 5],20,41,43,21,26
1,<environment.Job instance at 0x7f7e82e039b0>,20,1,[7 1],21,38,39,17,27
1,<environment.Job instance at 0x7f7e802f8550>,21,2,[2 6],22,43,45,21,27
1,<environment.Job instance at 0x7f7e807b8dc0>,17,12,[6 2],18,39,51,21,28
1,<environment.Job instance at 0x7f7e82eaffa0>,25,15,[5 1],26,51,66,25,37
1,<environment.Job instance at 0x7f7e3a87b3c0>,37,2,[5 7],38,51,53,13,49
1,<environment.Job instance at 0x7f7e800d43c0>,38,12,[1 6],39,53,65,14,49
1,<environment.Job instance at 0x7f7e80644aa0>,40,16,[6 2],41,66,82,25,53
1,<environment.Job instance at 0x7f7e807b8960>,16,16,[ 5 10],17,82,98,65,72
1,<environment.Job instance at 0x7f7e806447d0>,46,2,[8 3],47,98,100,51,72
1,<environment.Job instance at 0x7f7e3abad640>,47,13,[7 4],48,100,113,52,84
1,<environment.Job instance at 0x7f7e802f8b90>,22,20,[5 2],23,113,133,90,104
1,<environment.Job instance at 0x7f7e3abad870>,52,19,[4 7],53,113,132,60,105
1,<environment.Job instance at 0x7f7e3abad3c0>,51,16,[5 7],52,138,154,86,138
1,<environment.Job instance at 0x7f7e802ce690>,59,2,[5 9],60,154,156,94,138
1,<environment.Job instance at 0x7f7e82c06f00>,62,3,[5 1],63,138,141,75,138
1,<environment.Job instance at 0x7f7e83082c30>,63,18,[10  5],64,156,174,92,145
1,<environment.Job instance at 0x7f7e82b54c80>,74,17,[9 5],75,174,191,99,162
1,<environment.Job instance at 0x7f7e3a9380f0>,75,14,[2 9],76,191,205,115,176
1,<environment.Job instance at 0x7f7e3aae00a0>,82,2,[5 7],83,205,207,122,192
1,<environment.Job instance at 0x7f7e3a8d16e0>,83,1,[5 6],84,207,208,123,193
1,<environment.Job instance at 0x7f7e3ac669b0>,84,13,[10  5],85,208,221,123,193
1,<environment.Job instance at 0x7f7e3aae0cd0>,81,1,[5 1],82,193,194,111,193
1,<environment.Job instance at 0x7f7e3a8d11e0>,86,2,[1 8],87,221,223,134,194
1,<environment.Job instance at 0x7f7e3ac66a00>,90,3,[ 4 10],91,223,226,132,210
1,<environment.Job instance at 0x7f7e805a1050>,6,3,[1 8],7,8,11,1,8
1,<environment.Job instance at 0x7f7e3a9d60a0>,8,2,[5 7],9,11,13,2,9
1,<environment.Job instance at 0x7f7e8296bc30>,7,1,[3 5],8,13,14,5,9
1,<environment.Job instance at 0x7f7e8046b0a0>,9,2,[2 5],10,13,15,3,10
1,<environment.Job instance at 0x7f7e801e8780>,15,1,[2 5],16,19,20,3,19
1,<environment.Job instance at 0x7f7e3ac01910>,16,16,[3 6],17,20,36,3,19
1,<environment.Job instance at 0x7f7e3ac010f0>,17,3,[9 2],18,36,39,18,20
1,<environment.Job instance at 0x7f7e3a417280>,18,1,[1 6],19,36,37,17,20
1,<environment.Job instance at 0x7f7e82b540f0>,19,3,[5 2],20,20,23,0,20
1,<environment.Job instance at 0x7f7e82b17cd0>,22,2,[2 8],23,39,41,16,24
1,<environment.Job instance at 0x7f7e3aa25190>,10,16,[1 5],11,41,57,30,28
1,<environment.Job instance at 0x7f7e82d37a50>,27,2,[9 3],28,45,47,17,45
1,<environment.Job instance at 0x7f7e82d37dc0>,28,16,[1 8],29,57,73,28,45
1,<environment.Job instance at 0x7f7e82d37f00>,32,3,[9 3],33,47,50,14,46
1,<environment.Job instance at 0x7f7e82d37820>,21,3,[5 8],22,73,76,51,50
1,<environment.Job instance at 0x7f7e82d36230>,35,3,[5 6],36,76,79,40,52
1,<environment.Job instance at 0x7f7e82d36370>,37,1,[5 1],38,64,65,26,64
1,<environment.Job instance at 0x7f7e82d364b0>,39,2,[6 3],40,79,81,39,64
1,<environment.Job instance at 0x7f7e82d36550>,40,13,[8 3],41,81,94,40,65
1,<environment.Job instance at 0x7f7e82d362d0>,36,2,[3 5],37,79,81,42,69
1,<environment.Job instance at 0x7f7e82d36730>,43,1,[7 3],44,94,95,50,74
1,<environment.Job instance at 0x7f7e82d365f0>,41,16,[8 1],42,95,111,53,82
1,<environment.Job instance at 0x7f7e82d36b90>,46,1,[3 9],47,111,112,64,84
1,<environment.Job instance at 0x7f7e82d36f00>,50,17,[2 8],51,112,129,61,100
1,<environment.Job instance at 0x7f7e82d36a50>,53,13,[5 1],54,111,124,57,102
1,<environment.Job instance at 0x7f7e82d18280>,57,18,[7 1],58,124,142,66,113
1,<environment.Job instance at 0x7f7e82d36d20>,48,3,[9 1],49,142,145,93,123
1,<environment.Job instance at 0x7f7e82d18320>,58,16,[10  3],59,145,161,86,133
1,<environment.Job instance at 0x7f7e82d18d70>,72,17,[1 6],73,161,178,88,149
1,<environment.Job instance at 0x7f7e82d34230>,79,1,[9 1],80,161,162,81,158
1,<environment.Job instance at 0x7f7e82d18640>,63,16,[4 9],64,181,197,117,181
1,<environment.Job instance at 0x7f7e82d34690>,82,2,[7 5],83,197,199,114,185
1,<environment.Job instance at 0x7f7e82d34a00>,86,1,[7 3],87,199,200,112,185
1,<environment.Job instance at 0x7f7e82d348c0>,87,15,[1 7],88,199,214,111,185
1,<environment.Job instance at 0x7f7e82d34cd0>,90,1,[8 1],91,207,208,116,207
1,<environment.Job instance at 0x7f7e82d34c30>,91,12,[8 3],92,208,220,116,207
1,<environment.Job instance at 0x7f7e8296b410>,4,12,[ 4 10],5,5,17,0,5
1,<environment.Job instance at 0x7f7e8296b780>,5,15,[8 2],6,17,32,11,6
1,<environment.Job instance at 0x7f7e80184af0>,17,3,[1 7],18,18,21,0,18
1,<environment.Job instance at 0x7f7e80184460>,16,12,[3 5],17,32,44,15,18
1,<environment.Job instance at 0x7f7e80184500>,14,12,[9 4],15,44,56,29,27
1,<environment.Job instance at 0x7f7e83237c30>,19,2,[6 4],20,34,36,14,34
1,<environment.Job instance at 0x7f7e83237b40>,22,1,[7 5],23,36,37,13,34
1,<environment.Job instance at 0x7f7e83237320>,23,2,[ 3 10],24,56,58,32,34
1,<environment.Job instance at 0x7f7e83237370>,24,2,[1 8],25,58,60,33,34
1,<environment.Job instance at 0x7f7e83237a50>,25,3,[9 5],26,60,63,34,35
1,<environment.Job instance at 0x7f7e3ab859b0>,29,18,[5 2],30,63,81,33,62
1,<environment.Job instance at 0x7f7e83237c80>,26,17,[3 8],27,65,82,38,65
1,<environment.Job instance at 0x7f7e3ab85050>,34,2,[10  3],35,82,84,47,66
1,<environment.Job instance at 0x7f7e80184190>,18,12,[3 5],19,84,96,65,68
1,<environment.Job instance at 0x7f7e3a62b0f0>,49,18,[5 5],50,104,122,54,104
1,<environment.Job instance at 0x7f7e3a62b780>,51,18,[5 5],52,104,122,52,104
1,<environment.Job instance at 0x7f7e3ab35230>,53,2,[1 9],54,122,124,68,108
1,<environment.Job instance at 0x7f7e3ab35f00>,55,3,[8 5],56,124,127,68,108
1,<environment.Job instance at 0x7f7e3ab35cd0>,57,1,[6 2],58,127,128,69,110
1,<environment.Job instance at 0x7f7e3ab354b0>,56,17,[3 7],57,127,144,70,115
1,<environment.Job instance at 0x7f7e8080fc80>,71,17,[6 1],72,184,201,112,184
1,<environment.Job instance at 0x7f7e3ab445f0>,73,15,[5 8],74,201,216,127,189
1,<environment.Job instance at 0x7f7e82c0d960>,7,18,[3 8],8,8,26,0,8
1,<environment.Job instance at 0x7f7e82c0d910>,9,12,[1 5],10,26,38,16,10
1,<environment.Job instance at 0x7f7e82c0d460>,11,1,[3 9],12,38,39,26,12
1,<environment.Job instance at 0x7f7e82a6c7d0>,5,1,[1 5],6,26,27,20,19
1,<environment.Job instance at 0x7f7e802b3aa0>,15,1,[5 9],16,39,40,23,19
1,<environment.Job instance at 0x7f7e3ab9f1e0>,17,18,[1 8],18,40,58,22,29
1,<environment.Job instance at 0x7f7e3ab9fbe0>,18,2,[6 2],19,29,31,10,29
1,<environment.Job instance at 0x7f7e82c0d690>,13,17,[7 2],14,40,57,26,29
1,<environment.Job instance at 0x7f7e3ab9f4b0>,20,1,[ 5 10],21,58,59,37,30
1,<environment.Job instance at 0x7f7e3ab9f6e0>,24,1,[3 8],25,59,60,34,34
1,<environment.Job instance at 0x7f7e3a9af0a0>,27,3,[8 5],28,60,63,32,46
1,<environment.Job instance at 0x7f7e3a9af410>,28,3,[9 3],29,63,66,34,46
1,<environment.Job instance at 0x7f7e3a9af460>,31,2,[4 7],32,66,68,34,46
1,<environment.Job instance at 0x7f7e3a9af500>,32,17,[6 3],33,66,83,33,54
1,<environment.Job instance at 0x7f7e3a9af1e0>,34,2,[5 3],35,83,85,48,59
1,<environment.Job instance at 0x7f7e82e5a5f0>,35,1,[9 2],36,85,86,49,59
1,<environment.Job instance at 0x7f7e8030f730>,42,16,[7 1],43,86,102,43,75
1,<environment.Job instance at 0x7f7e8056ed20>,48,15,[5 4],49,102,117,53,88
1,<environment.Job instance at 0x7f7e8056e870>,49,17,[7 5],50,117,134,67,105
1,<environment.Job instance at 0x7f7e8056e9b0>,52,13,[1 8],53,134,147,81,118
1,<environment.Job instance at 0x7f7e3ab616e0>,58,12,[4 8],59,147,159,88,134
1,<environment.Job instance at 0x7f7e3ab61af0>,60,16,[10  3],61,159,175,98,146
1,<environment.Job instance at 0x7f7e3ac41370>,65,3,[2 6],66,175,178,109,149
1,<environment.Job instance at 0x7f7e3ac415f0>,69,13,[4 9],70,178,191,108,163
1,<environment.Job instance at 0x7f7e3ac411e0>,73,14,[4 9],74,191,205,117,176
1,<environment.Job instance at 0x7f7e3ac41be0>,75,13,[ 3 10],76,205,218,129,189
1,<environment.Job instance at 0x7f7e3aabe2d0>,81,17,[5 4],82,218,235,136,207
1,<environment.Job instance at 0x7f7e3ac528c0>,11,13,[8 2],12,13,26,1,13
1,<environment.Job instance at 0x7f7e3a8a8d70>,20,1,[6 1],21,26,27,5,25
1,<environment.Job instance at 0x7f7e3a57fe60>,21,15,[5 1],22,27,42,5,25
1,<environment.Job instance at 0x7f7e3a57feb0>,22,1,[1 5],23,25,26,2,25
1,<environment.Job instance at 0x7f7e80195410>,23,1,[7 1],24,42,43,18,25
1,<environment.Job instance at 0x7f7e80195af0>,25,17,[4 6],26,43,60,17,31
1,<environment.Job instance at 0x7f7e801ad140>,33,14,[5 4],34,43,57,9,43
1,<environment.Job instance at 0x7f7e801ad320>,34,15,[7 5],35,60,75,25,46
1,<environment.Job instance at 0x7f7e801add20>,38,12,[3 7],39,75,87,36,66
1,<environment.Job instance at 0x7f7e801864b0>,42,16,[2 8],43,87,103,44,78
1,<environment.Job instance at 0x7f7e3aae9500>,49,20,[7 2],50,88,108,38,88
1,<environment.Job instance at 0x7f7e82c18780>,61,14,[ 5 10],62,132,146,70,132
1,<environment.Job instance at 0x7f7e82c18410>,62,17,[5 8],63,146,163,83,134
1,<environment.Job instance at 0x7f7e82cbd280>,76,16,[6 2],77,185,201,108,185
1,<environment.Job instance at 0x7f7e83016e60>,81,16,[1 7],82,194,210,112,194
1,<environment.Job instance at 0x7f7e82cb6eb0>,85,17,[9 1],86,211,228,125,211
1,<environment.Job instance at 0x7f7e82cb6b40>,86,12,[3 9],87,228,240,141,211
1,<environment.Job instance at 0x7f7e3a4e71e0>,9,3,[ 2 10],10,10,13,0,10
1,<environment.Job instance at 0x7f7e802cee60>,10,15,[8 2],11,13,28,2,11
1,<environment.Job instance at 0x7f7e8034b5f0>,11,16,[4 9],12,28,44,16,15
1,<environment.Job instance at 0x7f7e833acd20>,17,13,[10  3],18,44,57,26,33
1,<environment.Job instance at 0x7f7e3a8305a0>,22,1,[ 3 10],23,57,58,34,33
1,<environment.Job instance at 0x7f7e3a830140>,24,2,[2 5],25,58,60,33,33
1,<environment.Job instance at 0x7f7e82941730>,14,1,[8 1],15,58,59,43,33
1,<environment.Job instance at 0x7f7e82a3c730>,27,3,[8 4],28,59,62,31,38
1,<environment.Job instance at 0x7f7e82a3c870>,28,3,[4 6],29,62,65,33,38
1,<environment.Job instance at 0x7f7e3a67e960>,31,12,[7 5],32,65,77,33,52
1,<environment.Job instance at 0x7f7e82a3c4b0>,26,15,[7 3],27,77,92,50,63
1,<environment.Job instance at 0x7f7e802c7b40>,35,2,[3 6],36,77,79,41,63
1,<environment.Job instance at 0x7f7e3a5064b0>,38,2,[4 9],39,92,94,53,72
1,<environment.Job instance at 0x7f7e802c7190>,37,12,[ 4 10],38,94,106,56,78
1,<environment.Job instance at 0x7f7e3abc6050>,41,1,[1 8],42,106,107,64,86
1,<environment.Job instance at 0x7f7e3abc6cd0>,44,3,[7 5],45,107,110,62,89
1,<environment.Job instance at 0x7f7e3abc68c0>,47,14,[4 9],48,110,124,62,96
1,<environment.Job instance at 0x7f7e3abc6aa0>,50,17,[10  2],51,124,141,73,112
1,<environment.Job instance at 0x7f7e833fc2d0>,55,3,[7 1],56,141,144,85,125
1,<environment.Job instance at 0x7f7e3a659230>,13,13,[3 7],14,141,154,127,127
1,<environment.Job instance at 0x7f7e8034bc80>,12,15,[9 5],13,154,169,141,140
1,<environment.Job instance at 0x7f7e3ac95dc0>,63,3,[9 3],64,169,172,105,146
1,<environment.Job instance at 0x7f7e3ab1e140>,64,16,[9 5],65,172,188,107,162
1,<environment.Job instance at 0x7f7e3ac956e0>,66,2,[1 9],67,188,190,121,165
1,<environment.Job instance at 0x7f7e3ac959b0>,68,2,[10  3],69,190,192,121,165
1,<environment.Job instance at 0x7f7e3ac95910>,67,15,[4 6],68,192,207,124,178
1,<environment.Job instance at 0x7f7e829f2550>,79,14,[5 4],80,196,210,116,196
1,<environment.Job instance at 0x7f7e3a906e60>,80,1,[10  2],81,210,211,129,197
1,<environment.Job instance at 0x7f7e829f25a0>,81,12,[6 4],82,211,223,129,197
1,<environment.Job instance at 0x7f7e3aa9f190>,69,18,[1 9],70,223,241,153,214
1,<environment.Job instance at 0x7f7e82d1b280>,87,2,[5 6],88,241,243,153,216
1,<environment.Job instance at 0x7f7e80680690>,2,17,[10  4],3,3,20,0,3
1,<environment.Job instance at 0x7f7e80680230>,3,13,[ 4 10],4,20,33,16,4
1,<environment.Job instance at 0x7f7e3a33c640>,9,15,[7 2],10,33,48,23,19
1,<environment.Job instance at 0x7f7e3a33ca00>,14,15,[3 5],15,37,52,22,37
1,<environment.Job instance at 0x7f7e3a33c910>,15,3,[8 2],16,52,55,36,37
1,<environment.Job instance at 0x7f7e3a33cd20>,11,3,[8 3],12,55,58,43,37
1,<environment.Job instance at 0x7f7e3a33c230>,18,3,[ 3 10],19,58,61,39,38
1,<environment.Job instance at 0x7f7e3a353370>,25,18,[ 3 10],26,61,79,35,52
1,<environment.Job instance at 0x7f7e3a33c0a0>,19,13,[4 7],20,79,92,59,63
1,<environment.Job instance at 0x7f7e3a353be0>,35,1,[6 4],36,92,93,56,67
1,<environment.Job instance at 0x7f7e3a353910>,36,1,[6 5],37,93,94,56,68
1,<environment.Job instance at 0x7f7e3a3535a0>,33,12,[ 3 10],34,94,106,60,77
1,<environment.Job instance at 0x7f7e3a69aaf0>,48,2,[5 4],49,111,113,62,111
1,<environment.Job instance at 0x7f7e80680320>,10,21,[9 2],11,113,134,102,111
1,<environment.Job instance at 0x7f7e3a69ab40>,47,3,[4 8],48,134,137,86,112
1,<environment.Job instance at 0x7f7e3a69a460>,51,2,[2 5],52,137,139,85,114
1,<environment.Job instance at 0x7f7e3a69a500>,53,3,[1 5],54,120,123,66,120
1,<environment.Job instance at 0x7f7e3a69ae60>,49,1,[9 5],50,139,140,89,122
1,<environment.Job instance at 0x7f7e3a69a780>,55,2,[ 5 10],56,140,142,84,122
1,<environment.Job instance at 0x7f7e3a69a0f0>,57,1,[5 2],58,136,137,78,136
1,<environment.Job instance at 0x7f7e3a69a910>,60,14,[9 4],61,151,165,90,151
1,<environment.Job instance at 0x7f7e3a69afa0>,61,17,[6 2],62,165,182,103,153
1,<environment.Job instance at 0x7f7e3a34b5f0>,65,12,[2 6],66,165,177,99,153
1,<environment.Job instance at 0x7f7e3a353f00>,37,17,[8 4],38,182,199,144,177
1,<environment.Job instance at 0x7f7e3a34b690>,72,2,[3 9],73,199,201,126,180
1,<environment.Job instance at 0x7f7e3a34b9b0>,71,2,[2 5],72,180,182,108,180
1,<environment.Job instance at 0x7f7e3a34b3c0>,73,1,[8 5],74,201,202,127,180
1,<environment.Job instance at 0x7f7e3a34b280>,69,15,[10  5],70,202,217,132,188
1,<environment.Job instance at 0x7f7e3a2ea460>,82,16,[ 1 10],83,217,233,134,204
1,<environment.Job instance at 0x7f7e3a2ea960>,84,2,[1 7],85,233,235,148,210
1,<environment.Job instance at 0x7f7e3a2ea910>,86,2,[10  3],87,235,237,148,215
1,<environment.Job instance at 0x7f7e3a34fa00>,1,14,[1 7],2,2,16,0,2
1,<environment.Job instance at 0x7f7e3a36d2d0>,4,13,[1 6],5,16,29,11,6
1,<environment.Job instance at 0x7f7e83017910>,9,15,[10  3],10,29,44,19,15
1,<environment.Job instance at 0x7f7e82a2e960>,18,16,[8 1],19,44,60,25,31
1,<environment.Job instance at 0x7f7e3a554b40>,20,12,[3 6],21,60,72,39,43
1,<environment.Job instance at 0x7f7e82a1d5f0>,21,14,[7 4],22,60,74,38,45
1,<environment.Job instance at 0x7f7e82a1d8c0>,22,12,[2 8],23,45,57,22,45
1,<environment.Job instance at 0x7f7e82a44190>,27,12,[6 5],28,74,86,46,61
1,<environment.Job instance at 0x7f7e82a1daa0>,26,2,[10  5],27,86,88,59,61
1,<environment.Job instance at 0x7f7e82a1d460>,25,14,[1 5],26,72,86,46,61
1,<environment.Job instance at 0x7f7e82a1dd20>,29,16,[ 5 10],30,88,104,58,76
1,<environment.Job instance at 0x7f7e82a262d0>,31,2,[8 4],32,104,106,72,81
1,<environment.Job instance at 0x7f7e82a3ba00>,34,28,[8 5],35,106,134,71,106
1,<environment.Job instance at 0x7f7e82a515a0>,41,2,[2 8],42,134,136,92,107
1,<environment.Job instance at 0x7f7e3ad07e60>,45,16,[6 3],46,152,168,106,152
1,<environment.Job instance at 0x7f7e82a51460>,37,24,[2 9],38,172,196,134,172
1,<environment.Job instance at 0x7f7e807c5870>,51,16,[5 8],52,196,212,144,183
1,<environment.Job instance at 0x7f7e3a53c5a0>,57,17,[ 3 10],58,212,229,154,203
1,<environment.Job instance at 0x7f7e3a34b960>,5,3,[7 4],6,6,9,0,6
1,<environment.Job instance at 0x7f7e82b3fbe0>,12,3,[6 5],13,18,21,5,18
1,<environment.Job instance at 0x7f7e3a433fa0>,14,3,[7 2],15,21,24,6,18
1,<environment.Job instance at 0x7f7e3a8fce60>,16,1,[5 8],17,24,25,7,18
1,<environment.Job instance at 0x7f7e82c130f0>,10,3,[9 5],11,25,28,14,18
1,<environment.Job instance at 0x7f7e3a9f9370>,15,3,[1 8],16,21,24,5,18
1,<environment.Job instance at 0x7f7e3a9f9280>,17,16,[6 5],18,28,44,10,22
1,<environment.Job instance at 0x7f7e80364f50>,22,3,[5 5],23,44,47,21,23
1,<environment.Job instance at 0x7f7e80364f00>,24,14,[3 5],25,45,59,20,45
1,<environment.Job instance at 0x7f7e803645f0>,25,17,[10  2],26,59,76,33,48
1,<environment.Job instance at 0x7f7e3ab21fa0>,35,13,[6 4],36,76,89,40,61
1,<environment.Job instance at 0x7f7e3a8528c0>,19,12,[ 5 10],20,89,101,69,76
1,<environment.Job instance at 0x7f7e3a8180a0>,42,2,[ 5 10],43,115,117,72,115
1,<environment.Job instance at 0x7f7e3a818730>,44,1,[ 1 10],45,117,118,72,116
1,<environment.Job instance at 0x7f7e3a8180f0>,45,18,[5 9],46,118,136,72,116
1,<environment.Job instance at 0x7f7e3a8185f0>,46,3,[8 4],47,136,139,89,116
1,<environment.Job instance at 0x7f7e3a818870>,48,1,[8 5],49,139,140,90,117
1,<environment.Job instance at 0x7f7e82af9c30>,39,15,[8 3],40,140,155,100,127
1,<environment.Job instance at 0x7f7e82d37c30>,56,16,[3 5],57,155,171,98,142
1,<environment.Job instance at 0x7f7e80195140>,62,1,[1 8],63,171,172,108,151
1,<environment.Job instance at 0x7f7e802ce960>,64,17,[7 5],65,172,189,107,160
1,<environment.Job instance at 0x7f7e802ce9b0>,67,14,[1 5],68,172,186,104,166
1,<environment.Job instance at 0x7f7e3a727370>,68,12,[10  2],69,189,201,120,172
1,<environment.Job instance at 0x7f7e82d37690>,57,14,[5 1],58,201,215,143,192
1,<environment.Job instance at 0x7f7e802b6140>,75,12,[8 2],76,215,227,139,198
1,<environment.Job instance at 0x7f7e802b6640>,73,3,[10  2],74,227,230,153,201
1,<environment.Job instance at 0x7f7e82e5a1e0>,78,3,[10  2],79,230,233,151,204
1,<environment.Job instance at 0x7f7e82e5af00>,80,1,[10  2],81,233,234,152,205
1,<environment.Job instance at 0x7f7e828b5960>,82,1,[10  4],83,234,235,151,206
1,<environment.Job instance at 0x7f7e802b6f50>,74,1,[4 8],75,235,236,160,217
1,<environment.Job instance at 0x7f7e3a67d050>,5,3,[3 5],6,7,10,1,7
1,<environment.Job instance at 0x7f7e3a67d5a0>,7,13,[4 7],8,10,23,2,8
1,<environment.Job instance at 0x7f7e3a67d410>,8,15,[4 7],9,23,38,14,9
1,<environment.Job instance at 0x7f7e3a67d190>,12,12,[1 5],13,38,50,25,22
1,<environment.Job instance at 0x7f7e80814b40>,14,14,[9 2],15,38,52,23,23
1,<environment.Job instance at 0x7f7e80814af0>,18,3,[8 3],19,52,55,33,26
1,<environment.Job instance at 0x7f7e80814a00>,20,14,[6 3],21,55,69,34,40
1,<environment.Job instance at 0x7f7e80814eb0>,22,14,[2 8],23,69,83,46,56
1,<environment.Job instance at 0x7f7e808147d0>,28,3,[7 4],29,83,86,54,69
1,<environment.Job instance at 0x7f7e80814820>,29,18,[7 3],30,86,104,56,76
1,<environment.Job instance at 0x7f7e80814c30>,30,14,[5 3],31,104,118,73,89
1,<environment.Job instance at 0x7f7e3a6d9b90>,35,3,[2 8],36,118,121,82,96
1,<environment.Job instance at 0x7f7e3a6d9dc0>,36,2,[ 1 10],37,121,123,84,97
1,<environment.Job instance at 0x7f7e3a6d97d0>,37,2,[2 8],38,123,125,85,97
1,<environment.Job instance at 0x7f7e3a6d9f50>,40,13,[5 2],41,148,161,107,148
1,<environment.Job instance at 0x7f7e3a6d9d20>,41,2,[2 9],42,161,163,119,148
1,<environment.Job instance at 0x7f7e3a6d96e0>,43,13,[9 5],44,163,176,119,151
1,<environment.Job instance at 0x7f7e80814780>,31,2,[10  4],32,176,178,144,152
1,<environment.Job instance at 0x7f7e3a6d9a50>,34,13,[5 9],35,178,191,143,164
1,<environment.Job instance at 0x7f7e808143c0>,33,15,[7 1],34,191,206,157,177
1,<environment.Job instance at 0x7f7e3a6d9aa0>,53,1,[7 2],54,206,207,152,182
1,<environment.Job instance at 0x7f7e3a6d9230>,52,14,[5 8],53,207,221,154,194
1,<environment.Job instance at 0x7f7e3a6d9190>,55,3,[3 9],56,221,224,165,209
1,<environment.Job instance at 0x7f7e3a6d9af0>,54,12,[ 2 10],55,224,236,169,212
1,<environment.Job instance at 0x7f7e3aa95320>,61,17,[1 7],62,236,253,174,224
1,<environment.Job instance at 0x7f7e3aa95eb0>,62,13,[5 1],63,236,249,173,225
1,<environment.Job instance at 0x7f7e82e4d460>,2,18,[3 8],3,4,22,1,4
1,<environment.Job instance at 0x7f7e803e1140>,9,14,[9 5],10,22,36,12,10
1,<environment.Job instance at 0x7f7e82a44910>,15,2,[10  4],16,36,38,20,16
1,<environment.Job instance at 0x7f7e82a44dc0>,17,12,[1 6],18,38,50,20,23
1,<environment.Job instance at 0x7f7e807c0960>,16,2,[8 5],17,50,52,33,23
1,<environment.Job instance at 0x7f7e82a44e10>,18,3,[9 1],19,38,41,19,23
1,<environment.Job instance at 0x7f7e3a6e3960>,22,3,[6 3],23,41,44,18,25
1,<environment.Job instance at 0x7f7e3a6e3730>,24,13,[8 4],25,52,65,27,36
1,<environment.Job instance at 0x7f7e82a44af0>,19,3,[4 9],20,65,68,45,40
1,<environment.Job instance at 0x7f7e3aa2cfa0>,35,15,[5 2],36,83,98,47,83
1,<environment.Job instance at 0x7f7e3aa2c2d0>,36,16,[ 1 10],37,98,114,61,85
1,<environment.Job instance at 0x7f7e3aa2c190>,37,1,[3 5],38,93,94,55,93
1,<environment.Job instance at 0x7f7e3aa2ccd0>,38,3,[10  1],39,114,117,75,93
1,<environment.Job instance at 0x7f7e3aa2cbe0>,44,1,[7 5],45,117,118,72,93
1,<environment.Job instance at 0x7f7e3aa40e10>,46,15,[6 2],47,118,133,71,104
1,<environment.Job instance at 0x7f7e3aa404b0>,49,1,[3 7],50,118,119,68,115
1,<environment.Job instance at 0x7f7e3aa40780>,50,2,[1 7],51,119,121,68,115
1,<environment.Job instance at 0x7f7e3aa400f0>,51,12,[3 5],52,121,133,69,115
1,<environment.Job instance at 0x7f7e3a9310f0>,3,12,[6 3],4,140,152,136,140
1,<environment.Job instance at 0x7f7e3aa2c1e0>,42,17,[5 8],43,152,169,109,140
1,<environment.Job instance at 0x7f7e3aa40f00>,59,23,[1 5],60,169,192,109,163
1,<environment.Job instance at 0x7f7e3a8b37d0>,63,25,[10  1],64,192,217,128,188
1,<environment.Job instance at 0x7f7e3a8b3910>,69,3,[5 8],70,217,220,147,191
1,<environment.Job instance at 0x7f7e3aaa45a0>,75,14,[6 2],76,220,234,144,205
1,<environment.Job instance at 0x7f7e3aaa4cd0>,76,18,[3 7],77,220,238,143,212
1,<environment.Job instance at 0x7fb7be6e7370>,5,2,[1 5],6,6,8,0,6
1,<environment.Job instance at 0x7fb7be6e74b0>,6,20,[6 1],7,8,28,1,8
1,<environment.Job instance at 0x7fb7be6e7410>,7,1,[5 4],8,28,29,20,10
1,<environment.Job instance at 0x7fb7be6e7640>,11,15,[4 8],12,12,27,0,12
1,<environment.Job instance at 0x7fb7be6e7b90>,13,18,[ 4 10],14,29,47,15,27
1,<environment.Job instance at 0x7fb7be6e7cd0>,15,18,[2 8],16,47,65,31,36
1,<environment.Job instance at 0x7fb7be6e7f00>,20,1,[7 5],21,65,66,44,38
1,<environment.Job instance at 0x7fb7be6e76e0>,22,1,[2 7],23,66,67,43,44
1,<environment.Job instance at 0x7fb7be6e9410>,26,3,[3 7],27,67,70,40,49
1,<environment.Job instance at 0x7fb7be6e90a0>,27,15,[8 4],28,70,85,42,56
1,<environment.Job instance at 0x7fb7be6e9910>,32,3,[5 1],33,85,88,52,70
1,<environment.Job instance at 0x7fb7be6e9aa0>,33,14,[5 5],34,85,99,51,70
1,<environment.Job instance at 0x7fb7be6e9be0>,35,15,[9 5],36,99,114,63,85
1,<environment.Job instance at 0x7fb7be6ed3c0>,40,15,[10  3],41,114,129,73,100
1,<environment.Job instance at 0x7fb7be6ed870>,47,2,[6 5],48,129,131,81,111
1,<environment.Job instance at 0x7fb7be6ed820>,48,15,[10  1],49,131,146,82,120
1,<environment.Job instance at 0x7fb7be6edeb0>,55,2,[ 3 10],56,146,148,90,126
1,<environment.Job instance at 0x7fb7be6ec280>,56,17,[8 5],57,148,165,91,141
1,<environment.Job instance at 0x7fb7be6ec5a0>,61,2,[4 5],62,165,167,103,148
1,<environment.Job instance at 0x7fb7be6ec6e0>,63,3,[5 9],64,167,170,103,150
1,<environment.Job instance at 0x7fb7be6ec780>,64,18,[2 9],65,170,188,105,159
1,<environment.Job instance at 0x7fb7be6ec8c0>,66,3,[7 4],67,188,191,121,162
1,<environment.Job instance at 0x7fb7be6eca00>,68,2,[ 3 10],69,191,193,122,188
1,<environment.Job instance at 0x7fb7be6eccd0>,70,3,[10  2],71,193,196,122,189
1,<environment.Job instance at 0x7fb7be6ecbe0>,71,2,[5 1],72,196,198,124,189
1,<environment.Job instance at 0x7fb7be6ecb40>,72,2,[5 9],73,196,198,123,189
1,<environment.Job instance at 0x7fb7be6ecf50>,74,14,[5 1],75,198,212,123,190
1,<environment.Job instance at 0x7fb7be6f10a0>,77,13,[8 5],78,223,236,145,223
1,<environment.Job instance at 0x7fb7be6f10f0>,78,12,[10  2],79,236,248,157,225
1,<environment.Job instance at 0x7fb7be6f10f0>,4,19,[6 1],5,6,25,1,6
1,<environment.Job instance at 0x7fb7be704640>,9,14,[2 6],10,10,24,0,10
1,<environment.Job instance at 0x7fb7be704500>,11,13,[8 5],12,25,38,13,12
1,<environment.Job instance at 0x7fb77a95a690>,14,3,[4 6],15,38,41,23,17
1,<environment.Job instance at 0x7fb77a981f00>,15,2,[5 2],16,38,40,22,24
1,<environment.Job instance at 0x7fb77ab4a370>,20,18,[10  3],21,41,59,20,30
1,<environment.Job instance at 0x7fb77a940d20>,22,3,[10  2],23,59,62,36,35
1,<environment.Job instance at 0x7fb77aadb870>,25,1,[6 2],26,40,41,14,35
1,<environment.Job instance at 0x7fb77aadbdc0>,24,12,[3 8],25,62,74,37,45
1,<environment.Job instance at 0x7fb77aae5eb0>,35,14,[10  2],36,74,88,38,62
1,<environment.Job instance at 0x7fb77aae32d0>,44,16,[7 2],45,88,104,43,75
1,<environment.Job instance at 0x7fb77aae75a0>,51,18,[2 8],52,88,106,36,79
1,<environment.Job instance at 0x7fb77aae7f00>,54,16,[9 4],55,106,122,51,93
1,<environment.Job instance at 0x7fb77aae3410>,45,2,[5 5],46,122,124,76,96
1,<environment.Job instance at 0x7fb77aae7500>,60,13,[7 4],61,124,137,63,108
1,<environment.Job instance at 0x7fb77aae20f0>,72,2,[9 3],73,145,147,72,145
1,<environment.Job instance at 0x7fb77aae2050>,71,2,[9 5],72,147,149,75,145
1,<environment.Job instance at 0x7fb77aae7aa0>,59,13,[6 3],60,149,162,89,145
1,<environment.Job instance at 0x7fb77aae7460>,58,15,[7 5],59,162,177,103,152
1,<environment.Job instance at 0x7fb77ab67c80>,78,18,[4 6],79,177,195,98,171
1,<environment.Job instance at 0x7fb77ad04500>,83,12,[9 1],84,195,207,111,178
1,<environment.Job instance at 0x7fb77ab48190>,77,2,[4 5],78,207,209,129,186
1,<environment.Job instance at 0x7fb77aafe410>,86,3,[9 1],87,209,212,122,188
1,<environment.Job instance at 0x7fb77abd5550>,89,1,[5 4],90,194,195,104,194
1,<environment.Job instance at 0x7fb77aae22d0>,73,24,[7 4],74,212,236,138,207
1,<environment.Job instance at 0x7fb7be6f7e10>,1,17,[10  3],2,3,20,1,3
1,<environment.Job instance at 0x7fb7c5b21f00>,9,16,[5 4],10,20,36,10,10
1,<environment.Job instance at 0x7fb7c5b21960>,11,2,[6 3],12,36,38,24,14
1,<environment.Job instance at 0x7fb7c5b21500>,10,14,[8 3],11,38,52,27,24
1,<environment.Job instance at 0x7fb7c5c63730>,19,3,[ 2 10],20,52,55,32,26
1,<environment.Job instance at 0x7fb7beba5f00>,23,3,[4 8],24,55,58,31,32
1,<environment.Job instance at 0x7fb77aa0f730>,35,13,[5 5],36,58,71,22,56
1,<environment.Job instance at 0x7fb7be45cc30>,38,2,[6 3],39,71,73,32,60
1,<environment.Job instance at 0x7fb7c5c72d70>,40,14,[7 5],41,73,87,32,60
1,<environment.Job instance at 0x7fb7c5c64eb0>,17,16,[9 4],18,87,103,69,75
1,<environment.Job instance at 0x7fb7c5b20870>,46,3,[6 3],47,103,106,56,77
1,<environment.Job instance at 0x7fb7c5b20820>,49,3,[5 5],50,106,109,56,80
1,<environment.Job instance at 0x7fb77a9d2140>,54,17,[7 2],55,109,126,54,97
1,<environment.Job instance at 0x7fb77a940140>,65,3,[2 5],66,115,118,49,115
1,<environment.Job instance at 0x7fb7c5b20be0>,48,14,[7 5],49,126,140,77,115
1,<environment.Job instance at 0x7fb77a99aa50>,85,14,[7 4],86,182,196,96,182
1,<environment.Job instance at 0x7fb77a99a0a0>,90,16,[10  2],91,196,212,105,183
1,<environment.Job instance at 0x7fb77a99abe0>,95,12,[ 1 10],96,212,224,116,195
1,<environment.Job instance at 0x7fb7be700be0>,2,1,[2 9],3,3,4,0,3
1,<environment.Job instance at 0x7fb77ad1ff50>,4,1,[5 8],5,5,6,0,5
1,<environment.Job instance at 0x7fb77af8ee60>,5,12,[2 9],6,6,18,0,6
1,<environment.Job instance at 0x7fb77af8ef50>,6,14,[3 9],7,18,32,11,7
1,<environment.Job instance at 0x7fb7beb020f0>,13,3,[7 3],14,32,35,18,14
1,<environment.Job instance at 0x7fb7beb02eb0>,16,16,[5 5],17,35,51,18,22
1,<environment.Job instance at 0x7fb7beb02af0>,12,3,[ 1 10],13,51,54,38,28
1,<environment.Job instance at 0x7fb7beb584b0>,18,2,[5 7],19,54,56,35,28
1,<environment.Job instance at 0x7fb7be9af370>,26,2,[5 1],27,54,56,27,52
1,<environment.Job instance at 0x7fb7be8923c0>,27,2,[4 5],28,56,58,28,52
1,<environment.Job instance at 0x7fb7be7f70f0>,19,15,[7 1],20,58,73,38,52
1,<environment.Job instance at 0x7fb77ad3f730>,10,3,[1 7],11,58,61,47,55
1,<environment.Job instance at 0x7fb7be73ff00>,28,16,[8 5],29,73,89,44,60
1,<environment.Job instance at 0x7fb7be7b5e60>,33,15,[6 3],34,89,104,55,76
1,<environment.Job instance at 0x7fb7c0c5a0f0>,40,1,[6 3],41,104,105,63,84
1,<environment.Job instance at 0x7fb7beac6e60>,31,14,[5 8],32,105,119,73,91
1,<environment.Job instance at 0x7fb7c0d9d050>,38,17,[10  3],39,119,136,80,107
1,<environment.Job instance at 0x7fb7be7e9aa0>,52,15,[1 6],53,136,151,83,122
1,<environment.Job instance at 0x7fb7be7e9190>,55,17,[7 1],56,136,153,80,124
1,<environment.Job instance at 0x7fb7be746c80>,60,15,[1 6],61,151,166,90,137
1,<environment.Job instance at 0x7fb7be6df4b0>,62,18,[5 5],63,166,184,103,156
1,<environment.Job instance at 0x7fb7be4b5c80>,67,14,[6 2],68,184,198,116,171
1,<environment.Job instance at 0x7fb7be892410>,29,18,[7 5],30,198,216,168,187
1,<environment.Job instance at 0x7fb7be75af50>,75,2,[4 7],76,216,218,140,202
1,<environment.Job instance at 0x7fb7be7aa320>,70,12,[8 1],71,218,230,147,205
1,<environment.Job instance at 0x7fb7be893d20>,78,1,[5 7],79,230,231,151,207
1,<environment.Job instance at 0x7fb7be7ed410>,80,3,[4 8],81,231,234,150,207
1,<environment.Job instance at 0x7fb7be751dc0>,1,14,[4 6],2,3,17,1,3
1,<environment.Job instance at 0x7fb77b028820>,8,2,[8 5],9,17,19,8,12
1,<environment.Job instance at 0x7fb7be7cc500>,12,14,[3 9],13,19,33,6,13
1,<environment.Job instance at 0x7fb7be99e140>,10,3,[2 7],11,33,36,22,16
1,<environment.Job instance at 0x7fb7c136ff00>,14,14,[7 4],15,36,50,21,23
1,<environment.Job instance at 0x7fb7be4ef5a0>,17,18,[3 6],18,36,54,18,25
1,<environment.Job instance at 0x7fb7be4ea370>,25,12,[5 6],26,54,66,28,38
1,<environment.Job instance at 0x7fb7be557cd0>,27,13,[8 2],28,66,79,38,50
1,<environment.Job instance at 0x7fb7be55faa0>,33,16,[4 9],34,79,95,45,66
1,<environment.Job instance at 0x7fb7be55f3c0>,41,2,[2 6],42,97,99,55,97
1,<environment.Job instance at 0x7fb7be56ce60>,42,3,[9 1],43,99,102,56,98
1,<environment.Job instance at 0x7fb7be56c410>,44,17,[6 5],45,124,141,79,124
1,<environment.Job instance at 0x7fb7be56c910>,48,1,[6 1],49,141,142,92,138
1,<environment.Job instance at 0x7fb7be56c370>,49,15,[5 2],50,142,157,92,138
1,<environment.Job instance at 0x7fb7be5673c0>,52,16,[9 4],53,157,173,104,145
1,<environment.Job instance at 0x7fb7be5670a0>,53,3,[5 8],54,145,148,91,145
1,<environment.Job instance at 0x7fb7be567140>,54,1,[6 1],55,173,174,118,146
1,<environment.Job instance at 0x7fb7be5671e0>,55,3,[1 5],56,148,151,92,146
1,<environment.Job instance at 0x7fb7be567460>,57,14,[4 7],58,173,187,115,158
1,<environment.Job instance at 0x7fb7be5679b0>,60,16,[5 1],61,174,190,113,168
1,<environment.Job instance at 0x7fb7be5660a0>,65,12,[8 1],66,190,202,124,185
1,<environment.Job instance at 0x7fb7be566960>,68,3,[7 1],69,203,206,134,203
1,<environment.Job instance at 0x7fb7be566780>,70,15,[ 4 10],71,206,221,135,203
1,<environment.Job instance at 0x7fb7be57b550>,73,15,[7 2],74,221,236,147,207
1,<environment.Job instance at 0x7fb7be50f8c0>,4,3,[8 2],5,5,8,0,5
1,<environment.Job instance at 0x7fb7be50feb0>,7,12,[5 4],8,10,22,2,10
1,<environment.Job instance at 0x7fb7be50f960>,10,18,[5 8],11,22,40,11,11
1,<environment.Job instance at 0x7fb7c1225c30>,19,13,[ 2 10],20,40,53,20,24
1,<environment.Job instance at 0x7fb7c12255f0>,21,15,[7 5],22,53,68,31,40
1,<environment.Job instance at 0x7fb7c1073280>,26,17,[9 3],27,68,85,41,57
1,<environment.Job instance at 0x7fb7c1073e10>,30,15,[9 1],31,85,100,54,74
1,<environment.Job instance at 0x7fb7c111c8c0>,33,16,[ 4 10],34,100,116,66,87
1,<environment.Job instance at 0x7fb7c10ba960>,39,1,[9 4],40,116,117,76,102
1,<environment.Job instance at 0x7fb7be50ff00>,9,16,[ 4 10],10,117,133,107,106
1,<environment.Job instance at 0x7fb7c10baa00>,47,15,[ 1 10],48,133,148,85,119
1,<environment.Job instance at 0x7fb7c109ef00>,53,14,[5 5],54,148,162,94,133
1,<environment.Job instance at 0x7fb7c10ba280>,41,3,[3 7],42,162,165,120,136
1,<environment.Job instance at 0x7fb7c58b0410>,58,16,[1 6],59,165,181,106,158
1,<environment.Job instance at 0x7fb7be59fe60>,62,3,[10  5],63,181,184,118,161
1,<environment.Job instance at 0x7fb7be59fc30>,64,14,[10  4],65,184,198,119,169
1,<environment.Job instance at 0x7fb7be59f410>,66,12,[9 4],67,198,210,131,181
1,<environment.Job instance at 0x7fb7be7f6f00>,71,2,[5 5],72,210,212,138,190
1,<environment.Job instance at 0x7fb7be59f500>,57,16,[5 8],58,212,228,154,200
1,<environment.Job instance at 0x7fb7c1122280>,79,17,[9 2],80,228,245,148,216
1,<environment.Job instance at 0x7fb7c5c69230>,5,1,[7 1],6,6,7,0,6
1,<environment.Job instance at 0x7fb77acc4640>,1,14,[ 5 10],2,7,21,5,7
1,<environment.Job instance at 0x7fb7c137c370>,8,14,[9 5],9,21,35,12,9
1,<environment.Job instance at 0x7fb7be868280>,14,17,[4 7],15,35,52,20,23
1,<environment.Job instance at 0x7fb77afcb4b0>,18,12,[5 1],19,35,47,16,26
1,<environment.Job instance at 0x7fb77afcb370>,19,3,[7 1],20,52,55,32,27
1,<environment.Job instance at 0x7fb77afcb7d0>,23,3,[1 6],24,52,55,28,38
1,<environment.Job instance at 0x7fb7be9eae10>,24,15,[8 1],25,55,70,30,41
1,<environment.Job instance at 0x7fb7c1047910>,28,15,[ 4 10],29,70,85,41,56
1,<environment.Job instance at 0x7fb7be684410>,3,13,[8 3],4,85,98,81,73
1,<environment.Job instance at 0x7fb7c139c910>,40,14,[2 6],41,91,105,50,91
1,<environment.Job instance at 0x7fb7beb1b960>,42,2,[6 3],43,98,100,55,93
1,<environment.Job instance at 0x7fb7beb1b9b0>,43,16,[3 8],44,105,121,61,93
1,<environment.Job instance at 0x7fb7beb1bcd0>,47,18,[5 5],48,121,139,73,110
1,<environment.Job instance at 0x7fb7beb1b1e0>,49,3,[2 9],50,139,142,89,116
1,<environment.Job instance at 0x7fb7beb1b6e0>,50,3,[9 2],51,142,145,91,117
1,<environment.Job instance at 0x7fb7beb1bc30>,52,3,[10  3],53,145,148,92,120
1,<environment.Job instance at 0x7fb7c5c69730>,4,17,[8 5],5,148,165,143,145
1,<environment.Job instance at 0x7fb7c59f9190>,57,1,[9 1],58,165,166,107,145
1,<environment.Job instance at 0x7fb7c139c3c0>,38,18,[ 4 10],39,166,184,127,157
1,<environment.Job instance at 0x7fb7bea870f0>,63,1,[5 5],64,184,185,120,162
1,<environment.Job instance at 0x7fb77ad39730>,65,16,[6 5],66,185,201,119,172
1,<environment.Job instance at 0x7fb7be5d00f0>,69,3,[4 5],70,184,187,114,182
1,<environment.Job instance at 0x7fb7be610550>,70,15,[5 1],71,201,216,130,188
1,<environment.Job instance at 0x7fb7be6109b0>,72,1,[10  2],73,216,217,143,188
1,<environment.Job instance at 0x7fb7be610140>,73,1,[2 9],74,201,202,127,189
1,<environment.Job instance at 0x7fb7be5d5fa0>,84,17,[3 7],85,217,234,132,205
1,<environment.Job instance at 0x7fb77a9403c0>,1,18,[4 9],2,3,21,1,3
1,<environment.Job instance at 0x7fb7be7511e0>,7,1,[3 8],8,21,22,13,8
1,<environment.Job instance at 0x7fb77ab22fa0>,8,12,[1 9],9,22,34,13,9
1,<environment.Job instance at 0x7fb7be45aeb0>,9,3,[6 1],10,12,15,2,12
1,<environment.Job instance at 0x7fb7be6a54b0>,5,14,[ 3 10],6,34,48,28,19
1,<environment.Job instance at 0x7fb7be80a960>,19,17,[9 1],20,48,65,28,37
1,<environment.Job instance at 0x7fb7be5d8230>,24,15,[5 3],25,65,80,40,52
1,<environment.Job instance at 0x7fb7be5d8410>,27,12,[9 2],28,80,92,52,63
1,<environment.Job instance at 0x7fb7c139cfa0>,13,23,[1 7],14,73,96,59,73
1,<environment.Job instance at 0x7fb7be4a3050>,12,3,[6 1],13,92,95,79,73
1,<environment.Job instance at 0x7fb7be5d87d0>,33,1,[8 4],34,96,97,62,74
1,<environment.Job instance at 0x7fb7be5d8690>,31,12,[8 2],32,97,109,65,80
1,<environment.Job instance at 0x7fb7c137c4b0>,2,3,[1 7],3,97,100,94,82
1,<environment.Job instance at 0x7fb7be5d8a50>,38,2,[5 7],39,109,111,70,85
1,<environment.Job instance at 0x7fb7be5d8af0>,44,13,[1 9],45,111,124,66,103
1,<environment.Job instance at 0x7fb7be6050f0>,45,12,[5 2],46,124,136,78,107
1,<environment.Job instance at 0x7fb7be605690>,52,13,[1 9],53,142,155,89,142
1,<environment.Job instance at 0x7fb7be6058c0>,54,14,[2 7],55,155,169,100,144
1,<environment.Job instance at 0x7fb7be605af0>,60,17,[4 7],61,169,186,108,157
1,<environment.Job instance at 0x7fb7be605c30>,62,14,[6 3],63,158,172,95,158
1,<environment.Job instance at 0x7fb7be5d8870>,34,15,[4 7],35,186,201,151,172
1,<environment.Job instance at 0x7fb77aa1c3c0>,71,2,[4 9],72,201,203,129,179
1,<environment.Job instance at 0x7fb77aa1c7d0>,73,13,[6 4],74,203,216,129,187
1,<environment.Job instance at 0x7fb77aa1caa0>,79,12,[4 8],80,216,228,136,199
1,<environment.Job instance at 0x7fb77aa1c8c0>,74,12,[10  3],75,228,240,153,213
1,<environment.Job instance at 0x7fb77aa1d0a0>,89,3,[10  4],90,240,243,150,214
1,<environment.Job instance at 0x7fb77aa1d0a0>,2,2,[3 7],3,5,7,2,5
1,<environment.Job instance at 0x7fb7be677690>,1,17,[9 4],2,7,24,5,5
1,<environment.Job instance at 0x7fb7c0c454b0>,4,14,[9 5],5,24,38,19,10
1,<environment.Job instance at 0x7fb77ad29be0>,11,2,[6 2],12,38,40,26,13
1,<environment.Job instance at 0x7fb7c120f0a0>,13,1,[5 5],14,40,41,26,14
1,<environment.Job instance at 0x7fb77ad29f00>,7,18,[ 5 10],8,41,59,33,30
1,<environment.Job instance at 0x7fb77ad06cd0>,24,15,[2 5],25,59,74,34,45
1,<environment.Job instance at 0x7fb77ad065a0>,16,18,[ 2 10],17,74,92,57,63
1,<environment.Job instance at 0x7fb7be84af50>,35,14,[5 9],36,92,106,56,78
1,<environment.Job instance at 0x7fb7be81bd20>,38,17,[2 7],39,106,123,67,97
1,<environment.Job instance at 0x7fb7c0d08050>,41,2,[1 8],42,123,125,81,106
1,<environment.Job instance at 0x7fb77ae94550>,42,18,[5 6],43,125,143,82,115
1,<environment.Job instance at 0x7fb77a92e9b0>,48,12,[10  5],49,143,155,94,133
1,<environment.Job instance at 0x7fb77a92e8c0>,49,2,[2 5],50,155,157,105,133
1,<environment.Job instance at 0x7fb77a92e640>,50,3,[7 5],51,155,158,104,133
1,<environment.Job instance at 0x7fb7be466b40>,32,13,[3 7],33,158,171,125,142
1,<environment.Job instance at 0x7fb7be67be10>,57,3,[6 1],58,158,161,100,153
1,<environment.Job instance at 0x7fb7be67b370>,56,3,[1 8],57,171,174,114,154
1,<environment.Job instance at 0x7fb77ad29500>,14,18,[ 2 10],15,174,192,159,174
1,<environment.Job instance at 0x7fb77ad9e1e0>,61,1,[5 5],62,192,193,130,174
1,<environment.Job instance at 0x7fb7be661820>,60,14,[ 3 10],61,193,207,132,187
1,<environment.Job instance at 0x7fb7c118d640>,67,3,[3 6],68,207,210,139,191
1,<environment.Job instance at 0x7fb7c118d4b0>,69,15,[4 9],70,210,225,140,196
1,<environment.Job instance at 0x7fb77ad9d640>,79,18,[7 2],80,225,243,145,214
1,<environment.Job instance at 0x7fb7be6777d0>,2,17,[8 1],3,8,25,5,8
1,<environment.Job instance at 0x7fb7be9bba00>,7,3,[4 9],8,25,28,17,8
1,<environment.Job instance at 0x7fb7be90df00>,9,3,[3 5],10,28,31,18,10
1,<environment.Job instance at 0x7fb7c0f8ae10>,5,17,[1 8],6,31,48,25,21
1,<environment.Job instance at 0x7fb77ad847d0>,19,15,[8 4],20,48,63,28,34
1,<environment.Job instance at 0x7fb77b028b90>,21,12,[5 1],22,34,46,12,34
1,<environment.Job instance at 0x7fb7be63bc30>,24,16,[5 3],25,63,79,38,50
1,<environment.Job instance at 0x7fb77acc60a0>,28,18,[5 6],29,63,81,34,52
1,<environment.Job instance at 0x7fb77a9c1b40>,34,2,[7 3],35,81,83,46,64
1,<environment.Job instance at 0x7fb7be9023c0>,36,12,[4 6],37,83,95,46,67
1,<environment.Job instance at 0x7fb7be63b870>,33,13,[4 7],34,95,108,61,79
1,<environment.Job instance at 0x7fb7be4edaa0>,41,12,[7 5],42,108,120,66,92
1,<environment.Job instance at 0x7fb7c0ffd370>,46,15,[1 5],47,108,123,61,99
1,<environment.Job instance at 0x7fb7c0ffd820>,48,2,[5 5],49,120,122,71,102
1,<environment.Job instance at 0x7fb7c0ffd5f0>,49,3,[5 2],50,103,106,53,103
1,<environment.Job instance at 0x7fb7c0ffda00>,50,14,[6 1],51,122,136,71,108
1,<environment.Job instance at 0x7fb7be98faa0>,53,3,[5 6],54,136,139,82,111
1,<environment.Job instance at 0x7fb7be98fb40>,54,3,[9 3],55,139,142,84,113
1,<environment.Job instance at 0x7fb7be98ffa0>,57,14,[9 3],58,142,156,84,127
1,<environment.Job instance at 0x7fb7c1126140>,62,16,[6 3],63,156,172,93,143
1,<environment.Job instance at 0x7fb77afc5460>,68,3,[2 6],69,156,159,87,143
1,<environment.Job instance at 0x7fb77b00d0f0>,70,2,[4 6],71,159,161,88,147
1,<environment.Job instance at 0x7fb77b00dcd0>,74,1,[7 5],75,172,173,97,163
1,<environment.Job instance at 0x7fb77b00d370>,75,17,[ 4 10],76,173,190,97,165
1,<environment.Job instance at 0x7fb77afa8690>,86,16,[3 6],87,190,206,103,182
1,<environment.Job instance at 0x7fb7be9bb5a0>,12,18,[6 4],13,190,208,177,190
1,<environment.Job instance at 0x7fb77ace90f0>,97,2,[9 3],98,208,210,110,206
1,<environment.Job instance at 0x7fb7be73df50>,7,14,[8 3],8,9,23,1,9
1,<environment.Job instance at 0x7fb77ada3370>,13,2,[9 4],14,23,25,9,14
1,<environment.Job instance at 0x7fb7beb96730>,15,2,[ 5 10],16,25,27,9,16
1,<environment.Job instance at 0x7fb7beb963c0>,17,2,[8 3],18,27,29,9,18
1,<environment.Job instance at 0x7fb7beb96aa0>,16,14,[3 9],17,29,43,12,19
1,<environment.Job instance at 0x7fb77abe17d0>,28,14,[7 3],29,43,57,14,36
1,<environment.Job instance at 0x7fb77abe12d0>,30,12,[3 8],31,57,69,26,40
1,<environment.Job instance at 0x7fb7beb96370>,21,17,[2 9],22,69,86,47,64
1,<environment.Job instance at 0x7fb77abd4fa0>,18,13,[5 9],19,89,102,70,89
1,<environment.Job instance at 0x7fb77abdd410>,40,17,[6 4],41,102,119,61,90
1,<environment.Job instance at 0x7fb77abdd550>,45,15,[9 5],46,119,134,73,108
1,<environment.Job instance at 0x7fb77abdd910>,49,3,[2 9],50,134,137,84,119
1,<environment.Job instance at 0x7fb77abdd9b0>,50,13,[6 5],51,137,150,86,121
1,<environment.Job instance at 0x7fb77abe1eb0>,39,15,[5 3],40,150,165,110,136
1,<environment.Job instance at 0x7fb77abddcd0>,55,12,[5 1],56,150,162,94,136
1,<environment.Job instance at 0x7fb77abddd70>,56,1,[5 8],57,165,166,108,142
1,<environment.Job instance at 0x7fb77abddeb0>,58,15,[6 1],59,166,181,107,153
1,<environment.Job instance at 0x7fb77abeb190>,62,1,[7 2],63,181,182,118,158
1,<environment.Job instance at 0x7fb77abeb4b0>,64,12,[ 4 10],65,182,194,117,165
1,<environment.Job instance at 0x7fb77abeb780>,71,18,[6 1],72,194,212,122,183
1,<environment.Job instance at 0x7fb77abeb8c0>,73,14,[2 9],74,194,208,120,183
1,<environment.Job instance at 0x7fb77abebaa0>,76,12,[3 5],77,208,220,131,191
1,<environment.Job instance at 0x7fb77abebbe0>,78,12,[3 5],79,212,224,133,195
1,<environment.Job instance at 0x7fb77abebe60>,82,1,[7 5],83,220,221,137,218
1,<environment.Job instance at 0x7fb77abebfa0>,83,2,[ 3 10],84,224,226,140,219
1,<environment.Job instance at 0x7fb77abeb320>,84,2,[1 8],85,226,228,141,219
1,<environment.Job instance at 0x7fb77acc6d20>,3,15,[3 5],4,4,19,0,4
1,<environment.Job instance at 0x7fb77acc6230>,4,13,[6 5],5,5,18,0,5
1,<environment.Job instance at 0x7fb77a875140>,7,2,[10  1],8,19,21,11,8
1,<environment.Job instance at 0x7fb7c0c517d0>,9,13,[3 6],10,21,34,11,10
1,<environment.Job instance at 0x7fb7c1218050>,24,13,[6 5],25,34,47,9,28
1,<environment.Job instance at 0x7fb77a92d820>,29,15,[10  5],30,47,62,17,34
1,<environment.Job instance at 0x7fb77a92d5f0>,32,15,[4 9],33,62,77,29,48
1,<environment.Job instance at 0x7fb7c1218a00>,22,17,[5 5],23,77,94,54,76
1,<environment.Job instance at 0x7fb7c1417910>,47,2,[10  5],48,94,96,46,77
1,<environment.Job instance at 0x7fb7c1417fa0>,48,3,[10  4],49,96,99,47,78
1,<environment.Job instance at 0x7fb7be8f7550>,46,12,[10  3],47,99,111,52,82
1,<environment.Job instance at 0x7fb7be692820>,59,12,[1 5],60,111,123,51,109
1,<environment.Job instance at 0x7fb77acb9960>,62,13,[3 6],63,123,136,60,110
1,<environment.Job instance at 0x7fb77ae46f00>,67,18,[1 8],68,136,154,68,126
1,<environment.Job instance at 0x7fb7c0d41050>,75,16,[7 4],76,154,170,78,142
1,<environment.Job instance at 0x7fb7c5d34140>,76,13,[4 6],77,170,183,93,154
1,<environment.Job instance at 0x7fb7be531f50>,82,17,[6 3],83,170,187,87,158
1,<environment.Job instance at 0x7fb77af3eb40>,87,2,[4 9],88,187,189,99,164
1,<environment.Job instance at 0x7fb77aaf48c0>,91,12,[10  1],92,189,201,97,173
1,<environment.Job instance at 0x7fb77aaf4eb0>,4,2,[2 5],5,5,7,0,5
1,<environment.Job instance at 0x7fb7be532730>,8,12,[1 5],9,9,21,0,9
1,<environment.Job instance at 0x7fb7be532c30>,9,2,[2 5],10,10,12,0,10
1,<environment.Job instance at 0x7fb7be532410>,10,13,[1 5],11,13,26,2,13
1,<environment.Job instance at 0x7fb77ac1c320>,13,1,[9 4],14,21,22,7,14
1,<environment.Job instance at 0x7fb77ac1c960>,14,16,[8 4],15,22,38,7,15
1,<environment.Job instance at 0x7fb77ac1c500>,18,14,[6 4],19,38,52,19,23
1,<environment.Job instance at 0x7fb77a7983c0>,25,18,[2 9],26,52,70,26,45
1,<environment.Job instance at 0x7fb7be569780>,31,3,[1 5],32,70,73,38,58
1,<environment.Job instance at 0x7fb77a798f50>,22,14,[7 5],23,70,84,47,59
1,<environment.Job instance at 0x7fb7be533c80>,41,14,[4 8],42,100,114,58,100
1,<environment.Job instance at 0x7fb7c0e22690>,47,3,[1 7],48,114,117,66,103
1,<environment.Job instance at 0x7fb7c0e22960>,48,2,[3 7],49,117,119,68,103
1,<environment.Job instance at 0x7fb7c0e22190>,52,3,[5 5],53,119,122,66,103
1,<environment.Job instance at 0x7fb7c0e22640>,53,3,[ 3 10],54,122,125,68,103
1,<environment.Job instance at 0x7fb7c0e223c0>,55,18,[7 4],56,125,143,69,114
1,<environment.Job instance at 0x7fb7c0f9af50>,65,17,[4 6],66,143,160,77,133
1,<environment.Job instance at 0x7fb77aafe2d0>,74,15,[7 5],75,160,175,85,153
1,<environment.Job instance at 0x7fb77aafe7d0>,76,15,[5 5],77,175,190,98,172
1,<environment.Job instance at 0x7fb77aafef50>,77,17,[9 4],78,190,207,112,178
1,<environment.Job instance at 0x7fb77aeb63c0>,88,3,[9 4],89,207,210,118,187
1,<environment.Job instance at 0x7fb77aeb6370>,91,12,[6 3],92,210,222,118,195
1,<environment.Job instance at 0x7fb7c0e228c0>,51,13,[8 2],52,222,235,170,211
1,<environment.Job instance at 0x7fb7be532e60>,6,13,[ 5 10],7,7,20,0,7
1,<environment.Job instance at 0x7fb7be532140>,5,2,[1 9],6,20,22,14,7
1,<environment.Job instance at 0x7fb7c0e228c0>,3,1,[6 1],4,20,21,16,7
1,<environment.Job instance at 0x7fb7c13c4dc0>,7,2,[ 1 10],8,22,24,14,8
1,<environment.Job instance at 0x7fb7be54d280>,9,1,[2 5],10,24,25,14,13
1,<environment.Job instance at 0x7fb7c0ea25f0>,12,16,[1 7],13,25,41,12,13
1,<environment.Job instance at 0x7fb7c11b15a0>,13,3,[6 1],14,24,27,10,19
1,<environment.Job instance at 0x7fb7bebea140>,16,3,[9 5],17,41,44,24,20
1,<environment.Job instance at 0x7fb7c0ed62d0>,28,14,[5 6],29,44,58,15,31
1,<environment.Job instance at 0x7fb7be615730>,27,1,[1 6],28,58,59,30,32
1,<environment.Job instance at 0x7fb7be615a50>,30,1,[2 9],31,59,60,28,32
1,<environment.Job instance at 0x7fb77aa23fa0>,35,14,[8 2],36,60,74,24,45
1,<environment.Job instance at 0x7fb7be615eb0>,29,2,[7 3],30,74,76,44,58
1,<environment.Job instance at 0x7fb7be741fa0>,41,16,[4 9],42,76,92,34,63
1,<environment.Job instance at 0x7fb77aab4820>,50,17,[6 4],51,92,109,41,82
1,<environment.Job instance at 0x7fb7c0e360f0>,52,1,[ 3 10],53,109,110,56,99
1,<environment.Job instance at 0x7fb7c0e36910>,53,13,[8 4],54,110,123,56,99
1,<environment.Job instance at 0x7fb7c13910f0>,57,3,[8 4],58,123,126,65,99
1,<environment.Job instance at 0x7fb7be617050>,58,3,[4 6],59,100,103,41,100
1,<environment.Job instance at 0x7fb7be747640>,19,15,[2 5],20,110,125,90,100
1,<environment.Job instance at 0x7fb77acc1f50>,61,12,[7 5],62,126,138,64,110
1,<environment.Job instance at 0x7fb7c11bbf50>,62,3,[10  5],63,138,141,75,112
1,<environment.Job instance at 0x7fb77ad745a0>,64,14,[5 5],65,141,155,76,127
1,<environment.Job instance at 0x7fb7c0e59460>,67,12,[ 4 10],68,155,167,87,139
1,<environment.Job instance at 0x7fb7c129deb0>,73,13,[8 4],74,167,180,93,152
1,<environment.Job instance at 0x7fb7be4f7230>,77,14,[4 9],78,180,194,102,167
1,<environment.Job instance at 0x7fb7be4f7140>,80,17,[10  2],81,199,216,118,199
1,<environment.Job instance at 0x7fb7c5888140>,8,14,[10  1],9,10,24,1,10
1,<environment.Job instance at 0x7fb77a7211e0>,7,18,[3 6],8,24,42,16,13
1,<environment.Job instance at 0x7fb7c56f4a00>,11,16,[6 2],12,37,53,25,37
1,<environment.Job instance at 0x7fb7be746410>,12,2,[8 5],13,53,55,40,37
1,<environment.Job instance at 0x7fb77af9e3c0>,5,12,[4 8],6,55,67,49,39
1,<environment.Job instance at 0x7fb7c0e52910>,21,16,[4 7],22,67,83,45,63
1,<environment.Job instance at 0x7fb77a8a5780>,25,3,[4 8],26,83,86,57,72
1,<environment.Job instance at 0x7fb7c1184c30>,26,3,[9 4],27,86,89,59,72
1,<environment.Job instance at 0x7fb7c1184280>,27,12,[6 5],28,89,101,61,73
1,<environment.Job instance at 0x7fb7c11843c0>,23,13,[ 4 10],24,101,114,77,89
1,<environment.Job instance at 0x7fb7c1184e60>,31,3,[8 3],32,114,117,82,89
1,<environment.Job instance at 0x7fb77b0a2780>,32,2,[9 2],33,117,119,84,90
1,<environment.Job instance at 0x7fb7c11842d0>,28,18,[4 7],29,119,137,90,108
1,<environment.Job instance at 0x7fb77aa58820>,34,15,[3 5],35,137,152,102,124
1,<environment.Job instance at 0x7fb7be639140>,41,14,[6 4],42,137,151,95,125
1,<environment.Job instance at 0x7fb77b092820>,42,3,[8 3],43,152,155,109,131
1,<environment.Job instance at 0x7fb77a94ee10>,49,2,[7 2],50,155,157,105,133
1,<environment.Job instance at 0x7fb77a951d20>,46,3,[9 1],47,157,160,110,140
1,<environment.Job instance at 0x7fb77a94e4b0>,54,1,[7 2],55,151,152,96,142
1,<environment.Job instance at 0x7fb77a94ea50>,55,1,[6 4],56,160,161,104,143
1,<environment.Job instance at 0x7fb77a94e320>,56,1,[6 5],57,161,162,104,146
1,<environment.Job instance at 0x7fb77a94ef00>,53,12,[ 3 10],54,162,174,108,146
1,<environment.Job instance at 0x7fb77a94e960>,58,3,[1 5],59,152,155,93,146
1,<environment.Job instance at 0x7fb77a8dd960>,62,2,[8 5],63,174,176,111,154
1,<environment.Job instance at 0x7fb77a94e410>,57,17,[8 4],58,177,194,119,177
1,<environment.Job instance at 0x7fb77aaea410>,68,2,[5 4],69,194,196,125,177
1,<environment.Job instance at 0x7fb77aaeaaf0>,69,1,[9 5],70,196,197,126,178
1,<environment.Job instance at 0x7fb77aaea640>,67,3,[4 8],68,197,200,129,182
1,<environment.Job instance at 0x7fb77ab98c30>,71,2,[2 5],72,182,184,110,182
1,<environment.Job instance at 0x7fb77ac52640>,73,3,[1 5],74,184,187,110,182
1,<environment.Job instance at 0x7fb77a951870>,44,17,[3 5],45,202,219,157,202
1,<environment.Job instance at 0x7fb77afb5e10>,29,15,[7 2],30,204,219,174,204
1,<environment.Job instance at 0x7fb7beb1bc30>,75,2,[ 5 10],76,219,221,143,211
1,<environment.Job instance at 0x7fb77aaea4b0>,70,18,[5 8],71,221,239,150,218
1,<environment.Job instance at 0x7fb77a940eb0>,82,1,[2 5],83,239,240,156,219
1,<environment.Job instance at 0x7fb77a8e7550>,1,18,[9 3],2,2,20,0,2
1,<environment.Job instance at 0x7fb77a8dd050>,6,3,[9 4],7,20,23,13,10
1,<environment.Job instance at 0x7fb7c0e52370>,7,1,[8 4],8,23,24,15,10
1,<environment.Job instance at 0x7fb7be56c140>,8,2,[4 8],9,24,26,15,10
1,<environment.Job instance at 0x7fb77a728140>,11,14,[1 7],12,26,40,14,12
1,<environment.Job instance at 0x7fb77a728730>,15,1,[8 2],16,26,27,10,16
1,<environment.Job instance at 0x7fb7c0e5fcd0>,16,1,[2 8],17,40,41,23,25
1,<environment.Job instance at 0x7fb77a7286e0>,13,18,[2 6],14,41,59,27,30
1,<environment.Job instance at 0x7fb7c0e5f640>,25,16,[ 4 10],26,59,75,33,48
1,<environment.Job instance at 0x7fb7c0e5f820>,31,14,[7 4],32,75,89,43,62
1,<environment.Job instance at 0x7fb7be964c80>,35,14,[1 5],36,75,89,39,66
1,<environment.Job instance at 0x7fb7be964870>,36,2,[10  5],37,89,91,52,66
1,<environment.Job instance at 0x7fb7c0e5f050>,19,15,[10  3],20,91,106,71,84
1,<environment.Job instance at 0x7fb7be922230>,39,16,[ 5 10],40,106,122,66,93
1,<environment.Job instance at 0x7fb7be922050>,40,13,[2 9],41,122,135,81,112
1,<environment.Job instance at 0x7fb7be922a00>,45,1,[10  5],46,135,136,89,112
1,<environment.Job instance at 0x7fb7c0e5feb0>,17,18,[3 8],18,159,177,141,159
1,<environment.Job instance at 0x7fb7be964b90>,30,12,[3 6],31,177,189,146,160
1,<environment.Job instance at 0x7fb7beaa5690>,56,2,[4 9],57,189,191,132,166
1,<environment.Job instance at 0x7fb7beaa5960>,61,16,[5 8],62,191,207,129,187
1,<environment.Job instance at 0x7fb77ac29dc0>,64,13,[8 2],65,207,220,142,197
1,<environment.Job instance at 0x7fb77ac297d0>,68,1,[1 7],69,221,222,152,221
1,<environment.Job instance at 0x7fb77ac296e0>,69,1,[10  4],70,222,223,152,221
1,<environment.Job instance at 0x7fb77ac295f0>,70,1,[4 7],71,223,224,152,221
1,<environment.Job instance at 0x7fb77ac29780>,71,14,[1 6],72,224,238,152,221
1,<environment.Job instance at 0x7fb77ac29e60>,72,16,[1 9],73,238,254,165,225
1,<environment.Job instance at 0x7fb77ad497d0>,2,1,[2 7],3,3,4,0,3
1,<environment.Job instance at 0x7fb7be7cc2d0>,7,17,[6 2],8,8,25,0,8
1,<environment.Job instance at 0x7fb77ac0feb0>,15,3,[1 8],16,18,21,2,18
1,<environment.Job instance at 0x7fb77abae870>,16,1,[5 8],17,25,26,8,18
1,<environment.Job instance at 0x7fb77ac50dc0>,12,3,[6 5],13,26,29,13,20
1,<environment.Job instance at 0x7fb7bea64d20>,11,18,[1 9],12,29,47,17,23
1,<environment.Job instance at 0x7fb7c110b230>,19,12,[ 5 10],20,47,59,27,30
1,<environment.Job instance at 0x7fb7c1033dc0>,29,12,[6 2],30,59,71,29,42
1,<environment.Job instance at 0x7fb7c1019f00>,35,13,[6 4],36,71,84,35,55
1,<environment.Job instance at 0x7fb7c1022b40>,21,12,[7 5],22,84,96,62,67
1,<environment.Job instance at 0x7fb7c1014dc0>,24,14,[3 5],25,67,81,42,67
1,<environment.Job instance at 0x7fb77a6fb3c0>,43,2,[3 7],44,99,101,55,99
1,<environment.Job instance at 0x7fb7c0d4f4b0>,45,18,[5 9],46,101,119,55,100
1,<environment.Job instance at 0x7fb7c1025d70>,39,15,[8 3],40,119,134,79,108
1,<environment.Job instance at 0x7fb77afe45a0>,52,14,[10  1],53,134,148,81,119
1,<environment.Job instance at 0x7fb77b0772d0>,58,14,[6 1],59,148,162,89,133
1,<environment.Job instance at 0x7fb77a873640>,62,1,[1 8],63,148,149,85,133
1,<environment.Job instance at 0x7fb77a67d910>,63,1,[3 7],64,149,150,85,133
1,<environment.Job instance at 0x7fb7c0d28870>,54,2,[ 3 10],55,162,164,107,138
1,<environment.Job instance at 0x7fb77ac3ba00>,65,12,[6 2],66,164,176,98,147
1,<environment.Job instance at 0x7fb77ac6e230>,72,2,[5 9],73,176,178,103,162
1,<environment.Job instance at 0x7fb7bea3e500>,77,2,[6 4],78,178,180,100,176
1,<environment.Job instance at 0x7fb77ac6edc0>,69,28,[3 6],70,178,206,108,178
1,<environment.Job instance at 0x7fb77b09dfa0>,81,1,[7 4],82,189,190,107,189
1,<environment.Job instance at 0x7fb7bea39e60>,85,1,[3 9],86,206,207,120,193
1,<environment.Job instance at 0x7fb7bea39690>,1,14,[5 4],2,2,16,0,2
1,<environment.Job instance at 0x7fb7bea642d0>,4,14,[9 2],5,16,30,11,5
1,<environment.Job instance at 0x7fb7be922190>,11,16,[9 2],12,30,46,18,26
1,<environment.Job instance at 0x7fb7c1105690>,13,3,[9 2],14,46,49,32,26
1,<environment.Job instance at 0x7fb7c1105460>,14,2,[8 3],15,49,51,34,26
1,<environment.Job instance at 0x7fb7bead28c0>,16,2,[3 7],17,51,53,34,26
1,<environment.Job instance at 0x7fb7c0f9fc80>,21,2,[10  4],22,53,55,31,39
1,<environment.Job instance at 0x7fb7bead2af0>,23,15,[7 1],24,55,70,31,41
1,<environment.Job instance at 0x7fb7bead2b40>,22,16,[1 7],23,55,71,32,43
1,<environment.Job instance at 0x7fb77a67d780>,24,13,[5 9],25,94,107,69,94
1,<environment.Job instance at 0x7fb7c11b9d70>,35,23,[ 3 10],36,107,130,71,103
1,<environment.Job instance at 0x7fb7c11b9aa0>,38,1,[ 1 10],39,130,131,91,103
1,<environment.Job instance at 0x7fb7be856dc0>,44,12,[ 2 10],45,131,143,86,121
1,<environment.Job instance at 0x7fb7be856d70>,47,18,[10  1],48,143,161,95,132
1,<environment.Job instance at 0x7fb7be856280>,51,17,[1 7],52,161,178,109,149
1,<environment.Job instance at 0x7fb7be8563c0>,53,14,[7 3],54,161,175,107,149
1,<environment.Job instance at 0x7fb7bea6ff50>,59,14,[2 5],60,178,192,118,163
1,<environment.Job instance at 0x7fb7be52f870>,66,12,[5 5],67,187,199,120,187
1,<environment.Job instance at 0x7fb7be4fb410>,67,18,[3 5],68,192,210,124,191
1,<environment.Job instance at 0x7fb77a8ed5f0>,75,13,[5 5],76,204,217,128,204
1,<environment.Job instance at 0x7fb77a8ed9b0>,76,13,[4 6],77,217,230,140,204
1,<environment.Job instance at 0x7fb77a8ed370>,77,1,[5 8],78,230,231,152,204
1,<environment.Job instance at 0x7fb7be6d8820>,83,14,[5 2],84,216,230,132,216
1,<environment.Job instance at 0x7fb7be6d8280>,85,2,[7 3],86,231,233,145,218
1,<environment.Job instance at 0x7fb7be6c0820>,1,2,[5 5],2,5,7,3,5
1,<environment.Job instance at 0x7fb77ada9690>,5,1,[8 1],6,7,8,1,6
1,<environment.Job instance at 0x7fb7bea47e10>,6,17,[10  3],7,9,26,2,9
1,<environment.Job instance at 0x7fb7bea471e0>,9,12,[2 8],10,26,38,16,10
1,<environment.Job instance at 0x7fb7be886960>,4,13,[8 4],5,38,51,33,32
1,<environment.Job instance at 0x7fb7be6895a0>,18,3,[10  1],19,51,54,32,33
1,<environment.Job instance at 0x7fb7be689aa0>,19,1,[3 8],20,54,55,34,33
1,<environment.Job instance at 0x7fb7be689640>,17,1,[3 5],18,55,56,37,34
1,<environment.Job instance at 0x7fb7be6892d0>,20,16,[6 1],21,54,70,33,42
1,<environment.Job instance at 0x7fb7be6893c0>,16,16,[ 1 10],17,70,86,53,57
1,<environment.Job instance at 0x7fb7be689820>,27,1,[3 8],28,57,58,29,57
1,<environment.Job instance at 0x7fb7be689910>,29,1,[3 7],30,58,59,28,57
1,<environment.Job instance at 0x7fb7be689d20>,30,2,[1 7],31,59,61,28,57
1,<environment.Job instance at 0x7fb77aea88c0>,33,2,[5 4],34,86,88,52,69
1,<environment.Job instance at 0x7fb77aea8a50>,34,23,[ 5 10],35,88,111,53,82
1,<environment.Job instance at 0x7fb77aea8050>,40,18,[5 4],41,111,129,70,100
1,<environment.Job instance at 0x7fb77a67bc80>,42,1,[8 3],43,129,130,86,103
1,<environment.Job instance at 0x7fb7be689230>,26,15,[6 2],27,130,145,103,116
1,<environment.Job instance at 0x7fb77a67bf00>,48,13,[1 5],49,126,139,77,126
1,<environment.Job instance at 0x7fb77a67bbe0>,49,3,[5 8],50,145,148,95,127
1,<environment.Job instance at 0x7fb77a67b460>,54,16,[10  1],55,148,164,93,135
1,<environment.Job instance at 0x7fb77a67b1e0>,57,16,[7 4],58,164,180,106,155
1,<environment.Job instance at 0x7fb7be9383c0>,65,15,[10  1],66,180,195,114,166
1,<environment.Job instance at 0x7fb77a67b910>,55,14,[6 2],56,195,209,139,181
1,<environment.Job instance at 0x7fb7be938690>,69,15,[2 8],70,195,210,125,185
1,<environment.Job instance at 0x7fb7be938500>,73,2,[9 1],74,210,212,136,194
1,<environment.Job instance at 0x7fb77b04dbe0>,74,3,[5 2],75,212,215,137,194
1,<environment.Job instance at 0x7fb77b04d5a0>,81,13,[5 3],82,212,225,130,200
1,<environment.Job instance at 0x7fb77b04d5f0>,83,2,[1 8],84,210,212,126,200
1,<environment.Job instance at 0x7fb77b04d870>,85,16,[7 5],86,225,241,139,212
1,<environment.Job instance at 0x7fb77a7586e0>,3,16,[7 5],4,7,23,3,7
1,<environment.Job instance at 0x7fb77adbfdc0>,10,16,[9 1],11,23,39,12,11
1,<environment.Job instance at 0x7fb77adcec80>,20,18,[5 8],21,39,57,18,28
1,<environment.Job instance at 0x7fb77adb4910>,32,14,[6 2],33,57,71,24,54
1,<environment.Job instance at 0x7fb77adb4730>,33,14,[2 9],34,71,85,37,57
1,<environment.Job instance at 0x7fb77adb4190>,37,15,[2 8],38,85,100,47,71
1,<environment.Job instance at 0x7fb77adb4d70>,44,1,[ 4 10],45,100,101,55,91
1,<environment.Job instance at 0x7fb77adb40f0>,45,3,[5 6],46,101,104,55,91
1,<environment.Job instance at 0x7fb77adbf8c0>,8,17,[5 1],9,101,118,92,98
1,<environment.Job instance at 0x7fb77a758690>,6,17,[5 4],7,104,121,97,98
1,<environment.Job instance at 0x7fb77adcdc80>,48,15,[1 9],49,121,136,72,112
1,<environment.Job instance at 0x7fb77adcdc30>,50,2,[5 8],51,136,138,85,113
1,<environment.Job instance at 0x7fb77adcdb40>,51,2,[9 2],52,138,140,86,113
1,<environment.Job instance at 0x7fb77adcd280>,57,3,[5 5],58,140,143,82,127
1,<environment.Job instance at 0x7fb77adcd690>,59,17,[8 2],60,143,160,83,131
1,<environment.Job instance at 0x7fb77adcb500>,65,16,[1 6],66,147,163,81,147
1,<environment.Job instance at 0x7fb77adcb0f0>,66,13,[1 5],67,163,176,96,147
1,<environment.Job instance at 0x7fb77adcb230>,71,2,[2 5],72,164,166,92,164
1,<environment.Job instance at 0x7fb77adcb730>,72,17,[5 5],73,166,183,93,164
1,<environment.Job instance at 0x7fb77adcbfa0>,74,14,[5 7],75,183,197,108,168
1,<environment.Job instance at 0x7fb77adb0dc0>,80,18,[5 7],81,197,215,116,188
1,<environment.Job instance at 0x7f3f142bd410>,6,20,[6 1],7,7,27,0,7
1,<environment.Job instance at 0x7f3f142bd4b0>,7,1,[5 4],8,27,28,19,8
1,<environment.Job instance at 0x7f3f142bd370>,5,2,[1 5],6,14,16,8,14
1,<environment.Job instance at 0x7f3f142bd910>,10,12,[3 7],11,28,40,17,16
1,<environment.Job instance at 0x7f3f154a6e10>,3,3,[4 8],4,40,43,36,28
1,<environment.Job instance at 0x7f3f142bdf00>,17,3,[4 9],18,43,46,25,31
1,<environment.Job instance at 0x7f3f142bde60>,19,14,[3 5],20,46,60,26,32
1,<environment.Job instance at 0x7f3f142c1550>,26,3,[3 7],27,60,63,33,54
1,<environment.Job instance at 0x7f3f142c1640>,27,15,[8 4],28,63,78,35,54
1,<environment.Job instance at 0x7f3f142c1820>,29,12,[5 4],30,78,90,48,61
1,<environment.Job instance at 0x7f3f142c18c0>,30,14,[5 2],31,78,92,47,63
1,<environment.Job instance at 0x7f3f142c1f50>,35,15,[9 5],36,92,107,56,78
1,<environment.Job instance at 0x7f3f142c32d0>,40,15,[10  3],41,107,122,66,93
1,<environment.Job instance at 0x7f3f142c3730>,47,2,[6 5],48,122,124,74,107
1,<environment.Job instance at 0x7f3f142c37d0>,48,15,[10  1],49,124,139,75,110
1,<environment.Job instance at 0x7f3f142c39b0>,51,3,[1 5],52,139,142,87,122
1,<environment.Job instance at 0x7f3f142bdb90>,13,18,[ 4 10],14,142,160,128,131
1,<environment.Job instance at 0x7f3f142c3dc0>,55,2,[ 3 10],56,160,162,104,136
1,<environment.Job instance at 0x7f3f142c6320>,58,14,[2 7],59,162,176,103,148
1,<environment.Job instance at 0x7f3f142c63c0>,63,3,[5 9],64,176,179,112,158
1,<environment.Job instance at 0x7f3f142c65f0>,66,3,[7 4],67,179,182,112,178
1,<environment.Job instance at 0x7f3f142c6be0>,68,2,[ 3 10],69,205,207,136,205
1,<environment.Job instance at 0x7f3f142c6d20>,70,3,[10  2],71,214,217,143,214
1,<environment.Job instance at 0x7f3f142c6dc0>,71,2,[5 1],72,217,219,145,215
1,<environment.Job instance at 0x7f3f142c6e60>,72,2,[5 9],73,217,219,144,215
1,<environment.Job instance at 0x7f3f142c6eb0>,74,14,[5 1],75,219,233,144,219
1,<environment.Job instance at 0x7f3f142c40f0>,76,19,[4 8],77,221,240,144,221
1,<environment.Job instance at 0x7f3f142c4190>,77,13,[8 5],78,240,253,162,224
1,<environment.Job instance at 0x7f3f142d5640>,4,3,[4 6],5,5,8,0,5
1,<environment.Job instance at 0x7f3eca46f2d0>,13,2,[8 3],14,14,16,0,14
1,<environment.Job instance at 0x7f3f142d9d70>,9,12,[9 3],10,16,28,6,15
1,<environment.Job instance at 0x7f3eca3e4280>,16,14,[5 5],17,28,42,11,17
1,<environment.Job instance at 0x7f3f142d9910>,12,3,[10  2],13,42,45,29,20
1,<environment.Job instance at 0x7f3eca408820>,19,2,[9 4],20,45,47,25,22
1,<environment.Job instance at 0x7f3eca40af50>,14,12,[3 8],15,47,59,32,32
1,<environment.Job instance at 0x7f3eca401be0>,24,3,[9 2],25,59,62,34,35
1,<environment.Job instance at 0x7f3eca408960>,22,14,[2 7],23,62,76,39,47
1,<environment.Job instance at 0x7f3eca40cfa0>,40,18,[4 5],41,76,94,35,65
1,<environment.Job instance at 0x7f3eca402280>,47,16,[9 2],48,94,110,46,81
1,<environment.Job instance at 0x7f3eca4021e0>,50,13,[7 4],51,110,123,59,95
1,<environment.Job instance at 0x7f3eca408320>,20,13,[10  5],21,123,136,102,108
1,<environment.Job instance at 0x7f3eca477960>,59,2,[5 8],60,136,138,76,124
1,<environment.Job instance at 0x7f3eca4083c0>,23,14,[7 5],24,138,152,114,124
1,<environment.Job instance at 0x7f3eca423050>,67,2,[4 5],68,152,154,84,130
1,<environment.Job instance at 0x7f3eca420960>,64,16,[7 5],65,154,170,89,141
1,<environment.Job instance at 0x7f3eca54e1e0>,74,14,[5 5],75,170,184,95,158
1,<environment.Job instance at 0x7f3eca54e050>,76,3,[9 1],77,184,187,107,161
1,<environment.Job instance at 0x7f3eca423640>,68,18,[4 6],69,187,205,118,177
1,<environment.Job instance at 0x7f3eca4e95f0>,88,15,[3 6],89,205,220,116,191
1,<environment.Job instance at 0x7f3eca4f7d20>,81,1,[ 2 10],82,220,221,138,197
1,<environment.Job instance at 0x7f3eca5511e0>,94,2,[8 5],95,221,223,126,198
1,<environment.Job instance at 0x7f3eca4ee690>,95,1,[8 1],96,223,224,127,198
1,<environment.Job instance at 0x7f3f142d5dc0>,4,15,[4 6],5,5,20,0,5
1,<environment.Job instance at 0x7f3f142d7b90>,5,3,[3 8],6,20,23,14,8
1,<environment.Job instance at 0x7f3f14078a00>,10,2,[1 7],11,23,25,12,11
1,<environment.Job instance at 0x7f3eca342f50>,12,3,[10  4],13,25,28,12,13
1,<environment.Job instance at 0x7f3eca342370>,13,2,[5 7],14,28,30,14,14
1,<environment.Job instance at 0x7f3eca342fa0>,16,3,[2 8],17,30,33,13,18
1,<environment.Job instance at 0x7f3eca346460>,19,3,[7 2],20,20,23,0,20
1,<environment.Job instance at 0x7f3eca3460f0>,20,14,[7 5],21,33,47,12,21
1,<environment.Job instance at 0x7f3eca255500>,28,14,[7 5],29,47,61,18,33
1,<environment.Job instance at 0x7f3eca2bf0f0>,37,15,[2 9],38,61,76,23,52
1,<environment.Job instance at 0x7f3f14764af0>,27,12,[5 8],28,76,88,48,61
1,<environment.Job instance at 0x7f3eca2bac80>,45,3,[2 5],46,88,91,42,64
1,<environment.Job instance at 0x7f3eca2ba4b0>,49,17,[9 1],50,91,108,41,80
1,<environment.Job instance at 0x7f3f1541ba00>,59,15,[10  2],60,108,123,48,94
1,<environment.Job instance at 0x7f3f14038b40>,65,14,[7 4],66,123,137,57,108
1,<environment.Job instance at 0x7f3f1450feb0>,75,12,[ 1 10],76,137,149,61,128
1,<environment.Job instance at 0x7f3f1408b280>,80,18,[4 7],81,149,167,68,138
1,<environment.Job instance at 0x7f3eca2b6140>,92,3,[ 4 10],93,167,170,74,166
1,<environment.Job instance at 0x7f3eca70b5f0>,5,18,[7 5],6,6,24,0,6
1,<environment.Job instance at 0x7f3f14dea780>,12,18,[5 1],13,31,49,18,31
1,<environment.Job instance at 0x7f3eca909c30>,22,15,[1 6],23,40,55,17,40
1,<environment.Job instance at 0x7f3eca909d70>,24,12,[4 6],25,55,67,30,40
1,<environment.Job instance at 0x7f3f144ce5f0>,29,14,[10  1],30,67,81,37,60
1,<environment.Job instance at 0x7f3f14774aa0>,16,15,[9 5],17,44,59,27,44
1,<environment.Job instance at 0x7f3f14774550>,17,14,[4 7],18,59,73,41,44
1,<environment.Job instance at 0x7f3eca217d20>,51,13,[5 8],52,204,217,152,204
1,<environment.Job instance at 0x7f3eca217870>,2,17,[1 9],3,3,20,0,3
1,<environment.Job instance at 0x7f3eca65e230>,3,14,[5 5],4,20,34,16,7
1,<environment.Job instance at 0x7f3eca59e140>,13,15,[4 9],14,34,49,20,26
1,<environment.Job instance at 0x7f3f14fe96e0>,20,16,[9 2],21,49,65,28,44
1,<environment.Job instance at 0x7f3eca60c500>,23,2,[8 4],24,65,67,41,52
1,<environment.Job instance at 0x7f3eca60caf0>,25,12,[5 9],26,67,79,41,53
1,<environment.Job instance at 0x7f3eca6c7780>,30,2,[8 1],31,79,81,48,70
1,<environment.Job instance at 0x7f3eca6c72d0>,32,15,[2 9],33,79,94,46,70
1,<environment.Job instance at 0x7f3eca611780>,36,3,[9 2],37,94,97,57,84
1,<environment.Job instance at 0x7f3eca611dc0>,38,1,[8 2],39,97,98,58,84
1,<environment.Job instance at 0x7f3eca611050>,39,3,[2 6],40,97,100,57,84
1,<environment.Job instance at 0x7f3eca6113c0>,40,13,[6 4],41,98,111,57,85
1,<environment.Job instance at 0x7f3eca611cd0>,37,16,[3 5],38,100,116,62,88
1,<environment.Job instance at 0x7f3eca611730>,45,2,[3 7],46,116,118,70,94
1,<environment.Job instance at 0x7f3f14207be0>,48,15,[8 3],49,118,133,69,105
1,<environment.Job instance at 0x7f3f142070f0>,50,1,[4 5],51,133,134,82,118
1,<environment.Job instance at 0x7f3f14f4c320>,53,3,[1 6],54,120,123,66,120
1,<environment.Job instance at 0x7f3f149a0c80>,56,3,[6 2],57,133,136,76,120
1,<environment.Job instance at 0x7f3f149a07d0>,55,17,[ 2 10],56,136,153,80,124
1,<environment.Job instance at 0x7f3f142341e0>,59,2,[5 4],60,153,155,93,126
1,<environment.Job instance at 0x7f3f14f4cd20>,52,1,[6 3],53,155,156,102,130
1,<environment.Job instance at 0x7f3f142344b0>,62,2,[4 5],63,134,136,71,130
1,<environment.Job instance at 0x7f3f14234d70>,64,12,[7 4],65,156,168,91,139
1,<environment.Job instance at 0x7f3f142340f0>,57,1,[6 3],58,176,177,118,176
1,<environment.Job instance at 0x7f3f14234280>,58,19,[7 1],59,177,196,118,176
1,<environment.Job instance at 0x7f3eca4cf960>,74,12,[1 8],75,178,190,103,178
1,<environment.Job instance at 0x7f3eca4cf280>,72,16,[10  2],73,196,212,123,186
1,<environment.Job instance at 0x7f3eca4cfd20>,79,13,[7 5],80,212,225,132,196
1,<environment.Job instance at 0x7f3eca4cfa00>,77,18,[6 2],78,225,243,147,214
1,<environment.Job instance at 0x7f3eca629500>,87,3,[2 8],88,225,228,137,215
1,<environment.Job instance at 0x7f3f14e087d0>,7,18,[9 4],8,8,26,0,8
1,<environment.Job instance at 0x7f3f14d03050>,10,15,[5 1],11,26,41,15,14
1,<environment.Job instance at 0x7f3f14d03b90>,11,13,[5 2],12,26,39,14,14
1,<environment.Job instance at 0x7f3eca50cf50>,23,14,[4 8],24,39,53,15,26
1,<environment.Job instance at 0x7f3f141b6cd0>,29,18,[2 9],30,53,71,23,43
1,<environment.Job instance at 0x7f3f14d031e0>,8,15,[1 8],9,71,86,62,58
1,<environment.Job instance at 0x7f3f14678690>,41,13,[9 1],42,71,84,29,60
1,<environment.Job instance at 0x7f3f14f76b40>,36,12,[8 3],37,86,98,49,69
1,<environment.Job instance at 0x7f3f14678230>,47,3,[8 3],48,98,101,50,80
1,<environment.Job instance at 0x7f3f146625a0>,49,1,[7 3],50,101,102,51,80
1,<environment.Job instance at 0x7f3f14662c80>,50,2,[9 4],51,102,104,51,80
1,<environment.Job instance at 0x7f3f14662aa0>,51,1,[3 8],52,104,105,52,81
1,<environment.Job instance at 0x7f3f146620a0>,52,18,[9 2],53,105,123,52,94
1,<environment.Job instance at 0x7f3f1488e870>,59,2,[4 5],60,123,125,63,99
1,<environment.Job instance at 0x7f3f14de6550>,63,3,[2 6],64,125,128,61,112
1,<environment.Job instance at 0x7f3eca43ecd0>,62,17,[5 1],63,123,140,60,112
1,<environment.Job instance at 0x7f3f143cf960>,64,2,[9 2],65,140,142,75,113
1,<environment.Job instance at 0x7f3f14aad2d0>,68,14,[9 5],69,142,156,73,139
1,<environment.Job instance at 0x7f3f14aadd70>,69,14,[8 5],70,156,170,86,141
1,<environment.Job instance at 0x7f3f14662be0>,57,23,[6 1],58,170,193,112,164
1,<environment.Job instance at 0x7f3f14d447d0>,72,17,[1 5],73,164,181,91,164
1,<environment.Job instance at 0x7f3f14d44460>,73,3,[3 9],74,181,184,107,164
1,<environment.Job instance at 0x7f3f14888820>,79,1,[10  5],80,203,204,123,203
1,<environment.Job instance at 0x7f3f14aad7d0>,67,17,[5 5],68,204,221,136,203
1,<environment.Job instance at 0x7f3f148887d0>,80,18,[5 4],81,204,222,123,203
1,<environment.Job instance at 0x7f3eca629500>,85,3,[10  3],86,222,225,136,208
1,<environment.Job instance at 0x7f3f14f76370>,4,12,[10  3],5,5,17,0,5
1,<environment.Job instance at 0x7f3eca65e500>,7,13,[7 1],8,17,30,9,9
1,<environment.Job instance at 0x7f3eca6295f0>,9,12,[4 8],10,30,42,20,13
1,<environment.Job instance at 0x7f3eca65edc0>,8,1,[8 3],9,42,43,33,27
1,<environment.Job instance at 0x7f3eca33baa0>,18,13,[3 6],19,43,56,24,27
1,<environment.Job instance at 0x7f3f14c513c0>,11,2,[5 4],12,43,45,31,28
1,<environment.Job instance at 0x7f3eca34d460>,25,17,[ 5 10],26,56,73,30,44
1,<environment.Job instance at 0x7f3eca34db90>,33,16,[9 5],34,73,89,39,64
1,<environment.Job instance at 0x7f3eca34d820>,34,16,[8 5],35,89,105,54,79
1,<environment.Job instance at 0x7f3eca34ddc0>,39,16,[6 2],40,105,121,65,92
1,<environment.Job instance at 0x7f3eca34dfa0>,41,12,[2 5],42,92,104,50,92
1,<environment.Job instance at 0x7f3f1408b0f0>,43,14,[1 6],44,105,119,61,99
1,<environment.Job instance at 0x7f3f1408b8c0>,44,16,[7 3],45,121,137,76,108
1,<environment.Job instance at 0x7f3eca34d370>,27,1,[ 5 10],28,137,138,109,115
1,<environment.Job instance at 0x7f3f1408b140>,52,14,[6 1],53,138,152,85,123
1,<environment.Job instance at 0x7f3eca3aa460>,10,14,[1 9],11,138,152,127,125
1,<environment.Job instance at 0x7f3f1408baa0>,56,3,[10  1],57,152,155,95,146
1,<environment.Job instance at 0x7f3f1408bf00>,55,18,[10  4],56,155,173,99,151
1,<environment.Job instance at 0x7f3f1408b320>,64,3,[1 6],65,173,176,108,151
1,<environment.Job instance at 0x7f3f140850a0>,66,1,[7 1],67,173,174,106,162
1,<environment.Job instance at 0x7f3f14085550>,73,18,[6 3],74,176,194,102,176
1,<environment.Job instance at 0x7f3f140855f0>,74,17,[10  3],75,194,211,119,182
1,<environment.Job instance at 0x7f3f14085870>,77,18,[6 4],78,211,229,133,203
1,<environment.Job instance at 0x7f3f14085dc0>,84,2,[10  3],85,229,231,144,207
1,<environment.Job instance at 0x7f3f14085f00>,85,1,[5 2],86,231,232,145,210
1,<environment.Job instance at 0x7f3eca899050>,9,2,[1 8],10,10,12,0,10
1,<environment.Job instance at 0x7f3f149899b0>,10,12,[10  4],11,12,24,1,11
1,<environment.Job instance at 0x7f3f1541b8c0>,12,18,[ 5 10],13,24,42,11,13
1,<environment.Job instance at 0x7f3eca3e4910>,21,2,[2 6],22,42,44,20,23
1,<environment.Job instance at 0x7f3f1431ce10>,23,14,[1 8],24,44,58,20,29
1,<environment.Job instance at 0x7f3f1466d410>,33,15,[8 4],34,58,73,24,44
1,<environment.Job instance at 0x7f3f14469e10>,37,2,[5 7],38,73,75,35,55
1,<environment.Job instance at 0x7f3f1467e1e0>,40,16,[6 2],41,75,91,34,62
1,<environment.Job instance at 0x7f3f140f0550>,45,17,[4 9],46,91,108,45,80
1,<environment.Job instance at 0x7f3f140f06e0>,50,13,[10  1],51,108,121,57,105
1,<environment.Job instance at 0x7f3f14120550>,20,1,[7 1],21,121,122,100,108
1,<environment.Job instance at 0x7f3eca4494b0>,57,18,[4 7],58,125,143,67,125
1,<environment.Job instance at 0x7f3f140f0460>,55,13,[6 4],56,169,182,113,169
1,<environment.Job instance at 0x7f3f143cd690>,61,14,[2 7],62,182,196,120,170
1,<environment.Job instance at 0x7f3f14593960>,66,16,[5 2],67,182,198,115,182
1,<environment.Job instance at 0x7f3f143cdd70>,63,18,[10  5],64,208,226,144,208
1,<environment.Job instance at 0x7f3f14593aa0>,71,3,[6 5],72,226,229,154,208
1,<environment.Job instance at 0x7f3f14593320>,70,3,[ 4 10],71,229,232,158,211
1,<environment.Job instance at 0x7f3f14593e10>,69,14,[3 5],70,232,246,162,217
1,<environment.Job instance at 0x7f3f145937d0>,73,2,[1 5],74,226,228,152,223
1,<environment.Job instance at 0x7f3f1457c4b0>,7,2,[9 3],8,8,10,0,8
1,<environment.Job instance at 0x7f3f1484e370>,8,16,[1 8],9,10,26,1,9
1,<environment.Job instance at 0x7f3f1457cf00>,10,3,[8 4],11,26,29,15,11
1,<environment.Job instance at 0x7f3eca7aed70>,6,2,[5 5],7,29,31,22,13
1,<environment.Job instance at 0x7f3f14567690>,11,13,[5 5],12,29,42,17,13
1,<environment.Job instance at 0x7f3f14567a50>,12,3,[9 3],13,42,45,29,20
1,<environment.Job instance at 0x7f3f1466daf0>,19,2,[6 3],20,45,47,25,27
1,<environment.Job instance at 0x7f3f146ae280>,21,16,[8 1],22,47,63,25,34
1,<environment.Job instance at 0x7f3eca644a50>,30,17,[2 8],31,47,64,16,46
1,<environment.Job instance at 0x7f3f14259d70>,33,13,[5 1],34,63,76,29,47
1,<environment.Job instance at 0x7f3f142c68c0>,36,12,[1 9],37,64,76,27,56
1,<environment.Job instance at 0x7f3eca7e1c80>,37,18,[7 1],38,76,94,38,66
1,<environment.Job instance at 0x7f3eca7e1b40>,43,16,[4 9],44,94,110,50,81
1,<environment.Job instance at 0x7f3f146a12d0>,52,17,[1 6],53,110,127,57,99
1,<environment.Job instance at 0x7f3eca68e8c0>,57,3,[5 5],58,127,130,69,104
1,<environment.Job instance at 0x7f3f146ed230>,28,3,[9 1],29,130,133,101,129
1,<environment.Job instance at 0x7f3f146ae730>,20,13,[8 3],21,133,146,112,129
1,<environment.Job instance at 0x7f3eca454820>,61,16,[ 2 10],62,146,162,84,133
1,<environment.Job instance at 0x7f3f14db69b0>,74,16,[5 6],75,184,200,109,184
1,<environment.Job instance at 0x7f3f14db6a00>,75,16,[10  2],76,200,216,124,187
1,<environment.Job instance at 0x7f3eca9675a0>,79,12,[ 5 10],80,216,228,136,199
1,<environment.Job instance at 0x7f3f14a15d20>,88,14,[7 5],89,228,242,139,213
1,<environment.Job instance at 0x7f3f14a152d0>,1,17,[3 6],2,6,23,4,6
1,<environment.Job instance at 0x7f3eca97a6e0>,9,18,[5 5],10,23,41,13,12
1,<environment.Job instance at 0x7f3eca5e9460>,11,18,[5 5],12,23,41,11,12
1,<environment.Job instance at 0x7f3f144fb8c0>,13,2,[1 9],14,41,43,27,14
1,<environment.Job instance at 0x7f3f142525f0>,20,14,[7 4],21,43,57,22,28
1,<environment.Job instance at 0x7f3f14cbaaa0>,25,18,[5 3],26,57,75,31,46
1,<environment.Job instance at 0x7f3f14cbab90>,27,15,[5 1],28,57,72,29,46
1,<environment.Job instance at 0x7f3f14cbaeb0>,32,16,[9 2],33,75,91,42,62
1,<environment.Job instance at 0x7f3f14cc8730>,43,13,[10  1],44,98,111,54,98
1,<environment.Job instance at 0x7f3f142c6f00>,16,17,[3 7],17,111,128,94,102
1,<environment.Job instance at 0x7f3f14cc8b40>,49,15,[3 6],50,128,143,78,126
1,<environment.Job instance at 0x7f3f14cc8d20>,52,1,[1 7],53,143,144,90,128
1,<environment.Job instance at 0x7f3f14cc8fa0>,55,2,[8 2],56,143,145,87,132
1,<environment.Job instance at 0x7f3f14cc89b0>,54,18,[ 2 10],55,145,163,90,134
1,<environment.Job instance at 0x7f3f14cb36e0>,65,16,[2 7],66,163,179,97,150
1,<environment.Job instance at 0x7f3f14cb3050>,57,3,[9 4],58,179,182,121,157
1,<environment.Job instance at 0x7f3f14cb3550>,71,2,[5 2],72,164,166,92,164
1,<environment.Job instance at 0x7f3f14cb3be0>,69,16,[ 3 10],70,182,198,112,169
1,<environment.Job instance at 0x7f3f14cb3cd0>,72,13,[1 7],73,198,211,125,185
1,<environment.Job instance at 0x7f3f14ccf0f0>,78,1,[2 8],79,211,212,132,193
1,<environment.Job instance at 0x7f3f14cb3fa0>,77,2,[10  1],78,212,214,134,193
1,<environment.Job instance at 0x7f3f14ccf1e0>,80,1,[ 2 10],81,214,215,133,193
1,<environment.Job instance at 0x7f3f14ccf2d0>,81,3,[3 8],82,215,218,133,194
1,<environment.Job instance at 0x7f3f14ccf230>,83,2,[1 9],84,218,220,134,194
1,<environment.Job instance at 0x7f3f14ccf410>,84,2,[2 7],85,220,222,135,194
1,<environment.Job instance at 0x7f3f14ccf550>,86,1,[10  4],87,222,223,135,195
1,<environment.Job instance at 0x7f3f14ccf5f0>,87,2,[7 3],88,198,200,110,195
1,<environment.Job instance at 0x7f3f14ccf7d0>,90,16,[8 2],91,223,239,132,210
1,<environment.Job instance at 0x7f3f14ea0d70>,1,2,[5 3],2,2,4,0,2
1,<environment.Job instance at 0x7f3f14ccf870>,3,12,[9 4],4,6,18,2,6
1,<environment.Job instance at 0x7f3f14bf4be0>,6,15,[5 2],7,18,33,11,7
1,<environment.Job instance at 0x7f3eca90e730>,15,13,[ 3 10],16,33,46,17,28
1,<environment.Job instance at 0x7f3eca90eb40>,13,14,[4 9],14,46,60,32,33
1,<environment.Job instance at 0x7f3eca90e550>,21,17,[5 4],22,60,77,38,48
1,<environment.Job instance at 0x7f3eca90e500>,22,2,[ 3 10],23,77,79,54,51
1,<environment.Job instance at 0x7f3eca90e910>,25,12,[2 6],26,60,72,34,51
1,<environment.Job instance at 0x7f3eca90e780>,27,12,[3 7],28,79,91,51,62
1,<environment.Job instance at 0x7f3eca1e0550>,32,1,[7 3],33,79,80,46,75
1,<environment.Job instance at 0x7f3eca1e0140>,33,17,[7 3],34,80,97,46,77
1,<environment.Job instance at 0x7f3eca20f5f0>,36,12,[4 6],37,97,109,60,82
1,<environment.Job instance at 0x7f3eca20fb90>,41,2,[ 3 10],42,109,111,67,89
1,<environment.Job instance at 0x7f3eca68e460>,43,17,[10  3],44,111,128,67,99
1,<environment.Job instance at 0x7f3eca612280>,57,3,[10  4],58,128,131,70,127
1,<environment.Job instance at 0x7f3eca6128c0>,59,13,[3 8],60,131,144,71,128
1,<environment.Job instance at 0x7f3eca1e09b0>,34,13,[7 1],35,131,144,96,129
1,<environment.Job instance at 0x7f3eca6129b0>,61,2,[2 7],62,144,146,82,129
1,<environment.Job instance at 0x7f3eca6122d0>,62,13,[2 6],63,146,159,83,130
1,<environment.Job instance at 0x7f3eca612550>,63,17,[6 4],64,149,166,85,149
1,<environment.Job instance at 0x7f3f1469b910>,68,12,[1 5],69,163,175,94,163
1,<environment.Job instance at 0x7f3f1469b370>,69,2,[2 5],70,166,168,96,163
1,<environment.Job instance at 0x7f3f1469b550>,70,13,[1 5],71,168,181,97,163
1,<environment.Job instance at 0x7f3f1469bd20>,71,3,[7 5],72,175,178,103,164
1,<environment.Job instance at 0x7f3eca6123c0>,65,3,[ 4 10],66,181,184,115,165
1,<environment.Job instance at 0x7f3f1469b7d0>,72,15,[3 8],73,184,199,111,170
1,<environment.Job instance at 0x7f3f1469b1e0>,78,14,[6 4],79,199,213,120,184
1,<environment.Job instance at 0x7f3eca612910>,67,15,[5 1],68,213,228,145,199
1,<environment.Job instance at 0x7f3eca4fa3c0>,85,18,[2 9],86,213,231,127,209
1,<environment.Job instance at 0x7f3eca4fa370>,83,1,[6 5],84,231,232,147,209
1,<environment.Job instance at 0x7f3eca157a50>,4,2,[2 7],5,5,7,0,5
1,<environment.Job instance at 0x7f3eca157640>,5,17,[9 1],6,7,24,1,6
1,<environment.Job instance at 0x7f3f14cc33c0>,6,12,[3 9],7,24,36,17,7
1,<environment.Job instance at 0x7f3eca3c9960>,10,2,[2 6],11,36,38,25,19
1,<environment.Job instance at 0x7f3eca3c9910>,16,3,[ 3 10],17,38,41,21,19
1,<environment.Job instance at 0x7f3f14a9ccd0>,19,1,[10  2],20,41,42,21,22
1,<environment.Job instance at 0x7f3f14a9c190>,20,18,[8 3],21,42,60,21,33
1,<environment.Job instance at 0x7f3f14aad410>,26,2,[10  3],27,60,62,33,37
1,<environment.Job instance at 0x7f3f14aad280>,29,27,[3 5],30,62,89,32,60
1,<environment.Job instance at 0x7f3f14aadb90>,31,16,[5 5],32,62,78,30,60
1,<environment.Job instance at 0x7f3f14aad640>,30,13,[4 7],31,89,102,58,73
1,<environment.Job instance at 0x7f3eca6fbeb0>,34,15,[7 4],35,102,117,67,90
1,<environment.Job instance at 0x7f3eca5ee640>,44,18,[3 5],45,102,120,57,91
1,<environment.Job instance at 0x7f3eca5eee10>,45,1,[7 2],46,117,118,71,92
1,<environment.Job instance at 0x7f3eca5eeaf0>,43,1,[ 4 10],44,120,121,76,92
1,<environment.Job instance at 0x7f3eca5ee3c0>,42,17,[ 5 10],43,121,138,78,109
1,<environment.Job instance at 0x7f3f145ee9b0>,52,14,[ 3 10],53,138,152,85,123
1,<environment.Job instance at 0x7f3f145ee550>,67,15,[10  1],68,152,167,84,141
1,<environment.Job instance at 0x7f3f14d87d70>,48,15,[8 2],49,167,182,118,158
1,<environment.Job instance at 0x7f3f140a3140>,72,2,[1 8],73,167,169,94,160
1,<environment.Job instance at 0x7f3f140a31e0>,73,3,[9 3],74,182,185,108,160
1,<environment.Job instance at 0x7f3f140a3050>,74,2,[6 2],75,185,187,110,160
1,<environment.Job instance at 0x7f3f1494aa00>,77,1,[1 6],78,169,170,91,167
1,<environment.Job instance at 0x7f3f14d7e9b0>,79,2,[7 3],80,187,189,107,167
1,<environment.Job instance at 0x7f3f14d7e870>,80,1,[2 9],81,189,190,108,167
1,<environment.Job instance at 0x7f3f14d7e190>,81,1,[7 3],82,190,191,108,167
1,<environment.Job instance at 0x7f3f14d7ee10>,85,14,[8 2],86,191,205,105,182
1,<environment.Job instance at 0x7f3eca1af140>,92,15,[9 5],93,205,220,112,192
1,<environment.Job instance at 0x7f3eca1af690>,94,1,[8 1],95,220,221,125,192
1,<environment.Job instance at 0x7f3f14d976e0>,6,14,[4 9],7,7,21,0,7
1,<environment.Job instance at 0x7f3eca82d960>,8,17,[9 3],9,21,38,12,11
1,<environment.Job instance at 0x7f3eca773f50>,12,3,[6 3],13,38,41,25,21
1,<environment.Job instance at 0x7f3f14fad0a0>,19,17,[10  1],20,41,58,21,29
1,<environment.Job instance at 0x7f3f14888140>,17,13,[5 5],18,58,71,40,42
1,<environment.Job instance at 0x7f3eca6c0a00>,29,15,[4 9],30,71,86,41,58
1,<environment.Job instance at 0x7f3eca208780>,39,13,[2 8],40,86,99,46,70
1,<environment.Job instance at 0x7f3f146a60f0>,10,16,[ 1 10],11,99,115,88,87
1,<environment.Job instance at 0x7f3eca2a0d20>,45,12,[4 8],46,115,127,69,106
1,<environment.Job instance at 0x7f3eca2a2730>,47,18,[3 6],48,127,145,79,125
1,<environment.Job instance at 0x7f3eca2a2690>,48,14,[10  1],49,145,159,96,144
1,<environment.Job instance at 0x7f3eca4c0910>,52,2,[8 5],53,159,161,106,144
1,<environment.Job instance at 0x7f3eca1f7960>,60,13,[ 4 10],61,169,182,108,169
1,<environment.Job instance at 0x7f3f144cef00>,62,17,[10  4],63,184,201,121,184
1,<environment.Job instance at 0x7f3eca6b90a0>,63,13,[ 4 10],64,201,214,137,188
1,<environment.Job instance at 0x7f3f14d29820>,67,12,[6 5],68,214,226,146,197
1,<environment.Job instance at 0x7f3eca4c1320>,74,15,[3 5],75,214,229,139,205
1,<environment.Job instance at 0x7f3eca7e38c0>,2,2,[10  5],3,3,5,0,3
1,<environment.Job instance at 0x7f3eca1c6eb0>,4,2,[2 7],5,5,7,0,5
1,<environment.Job instance at 0x7f3eca105320>,5,3,[6 5],6,7,10,1,6
1,<environment.Job instance at 0x7f3eca0295a0>,6,15,[5 8],7,10,25,3,7
1,<environment.Job instance at 0x7f3eca0294b0>,9,17,[2 5],10,25,42,15,20
1,<environment.Job instance at 0x7f3f1467e7d0>,12,13,[5 5],13,25,38,12,25
1,<environment.Job instance at 0x7f3f1467e1e0>,14,1,[3 7],15,42,43,27,27
1,<environment.Job instance at 0x7f3f149f5f50>,16,18,[3 7],17,43,61,26,32
1,<environment.Job instance at 0x7f3f14740410>,21,3,[8 1],22,38,41,16,32
1,<environment.Job instance at 0x7f3f14740d20>,28,12,[2 5],29,61,73,32,45
1,<environment.Job instance at 0x7f3f149b2730>,29,17,[5 2],30,45,62,15,45
1,<environment.Job instance at 0x7f3f149f5730>,19,18,[6 5],20,62,80,42,53
1,<environment.Job instance at 0x7f3f14171a00>,34,2,[6 2],35,80,82,45,53
1,<environment.Job instance at 0x7f3f14171af0>,38,2,[4 8],39,80,82,41,63
1,<environment.Job instance at 0x7f3f141713c0>,39,12,[1 7],40,82,94,42,65
1,<environment.Job instance at 0x7f3f14171780>,35,15,[2 7],36,94,109,58,80
1,<environment.Job instance at 0x7f3f14b7df50>,48,13,[5 2],49,87,100,38,87
1,<environment.Job instance at 0x7f3f14b7df00>,50,3,[1 9],51,109,112,58,87
1,<environment.Job instance at 0x7f3f149e85f0>,53,2,[1 7],54,112,114,58,91
1,<environment.Job instance at 0x7f3f149e8eb0>,54,13,[2 5],55,114,127,59,98
1,<environment.Job instance at 0x7f3f14b7daa0>,52,19,[1 5],53,114,133,61,110
1,<environment.Job instance at 0x7f3eca937370>,59,14,[9 3],60,127,141,67,114
1,<environment.Job instance at 0x7f3f14740aa0>,25,18,[1 6],26,133,151,107,123
1,<environment.Job instance at 0x7f3eca59de60>,64,15,[5 2],65,141,156,76,127
1,<environment.Job instance at 0x7f3eca3183c0>,67,12,[6 5],68,156,168,88,142
1,<environment.Job instance at 0x7f3eca59d140>,65,14,[1 5],66,155,169,89,155
1,<environment.Job instance at 0x7f3eca5abb90>,75,1,[10  5],76,169,170,93,165
1,<environment.Job instance at 0x7f3eca5ab320>,74,28,[8 5],75,171,199,96,171
1,<environment.Job instance at 0x7f3eca323a00>,79,22,[5 3],80,199,221,119,196
1,<environment.Job instance at 0x7f3f14e571e0>,3,14,[7 2],4,4,18,0,4
1,<environment.Job instance at 0x7f3f1467ef00>,4,13,[2 8],5,5,18,0,5
1,<environment.Job instance at 0x7f3f14e57cd0>,5,17,[6 3],6,18,35,12,6
1,<environment.Job instance at 0x7f3eca0e0be0>,10,1,[5 9],11,35,36,24,18
1,<environment.Job instance at 0x7f3eca7ba910>,16,2,[ 1 10],17,36,38,19,25
1,<environment.Job instance at 0x7f3eca7bad70>,17,13,[ 5 10],18,38,51,20,25
1,<environment.Job instance at 0x7f3eca7bae60>,21,2,[9 4],22,51,53,29,34
1,<environment.Job instance at 0x7f3eca7ba730>,25,3,[7 4],26,53,56,27,35
1,<environment.Job instance at 0x7f3eca7bab90>,27,17,[6 2],28,56,73,28,45
1,<environment.Job instance at 0x7f3eca7ba7d0>,30,3,[9 5],31,73,76,42,66
1,<environment.Job instance at 0x7f3eca7ba1e0>,31,18,[1 9],32,76,94,44,68
1,<environment.Job instance at 0x7f3eca05f3c0>,35,3,[1 8],36,70,73,34,70
1,<environment.Job instance at 0x7f3eca05ff50>,36,1,[5 8],37,94,95,57,70
1,<environment.Job instance at 0x7f3eca7ba190>,32,3,[6 5],33,95,98,62,70
1,<environment.Job instance at 0x7f3eca0e0050>,13,1,[ 3 10],14,98,99,84,70
1,<environment.Job instance at 0x7f3eca05fc80>,40,18,[9 1],41,76,94,35,74
1,<environment.Job instance at 0x7f3eca05f140>,42,3,[5 5],43,99,102,56,75
1,<environment.Job instance at 0x7f3eca05f960>,44,14,[3 5],45,99,113,54,96
1,<environment.Job instance at 0x7f3eca05f320>,38,12,[9 5],39,113,125,74,97
1,<environment.Job instance at 0x7f3eca05f0a0>,53,13,[8 5],54,125,138,71,112
1,<environment.Job instance at 0x7f3eca05f500>,46,16,[ 5 10],47,138,154,91,127
1,<environment.Job instance at 0x7f3ec9ff87d0>,62,2,[ 5 10],63,161,163,98,161
1,<environment.Job instance at 0x7f3ec9ff8460>,64,1,[ 1 10],65,163,164,98,161
1,<environment.Job instance at 0x7f3eca795140>,65,18,[5 9],66,164,182,98,161
1,<environment.Job instance at 0x7f3eca795cd0>,66,3,[8 4],67,182,185,115,163
1,<environment.Job instance at 0x7f3ec9ff8e10>,59,15,[8 3],60,185,200,125,171
1,<environment.Job instance at 0x7f3eca795410>,74,2,[ 3 10],75,200,202,125,178
1,<environment.Job instance at 0x7f3eca7951e0>,76,16,[3 5],77,202,218,125,189
1,<environment.Job instance at 0x7f3eca795050>,78,14,[6 1],79,202,216,123,189
1,<environment.Job instance at 0x7f3ec9fe8e10>,82,1,[1 8],83,218,219,135,195
1,<environment.Job instance at 0x7f3ec9fe8410>,83,1,[3 7],84,219,220,135,196
1,<environment.Job instance at 0x7f3ec9fe8f50>,85,12,[6 2],86,216,228,130,207
1,<environment.Job instance at 0x7f3f14e57e10>,4,16,[1 7],5,5,21,0,5
1,<environment.Job instance at 0x7f3f14fab6e0>,5,3,[3 5],6,21,24,15,6
1,<environment.Job instance at 0x7f3f142d7cd0>,7,13,[4 7],8,24,37,16,8
1,<environment.Job instance at 0x7f3f14407d70>,17,15,[3 7],18,37,52,19,25
1,<environment.Job instance at 0x7f3eca3e0b90>,22,14,[2 8],23,52,66,29,38
1,<environment.Job instance at 0x7f3eca3c9dc0>,12,12,[1 5],13,66,78,53,54
1,<environment.Job instance at 0x7f3eca6faa50>,28,3,[7 4],29,66,69,37,54
1,<environment.Job instance at 0x7f3eca6faa00>,29,18,[7 3],30,69,87,39,58
1,<environment.Job instance at 0x7f3eca6fab40>,32,16,[1 7],33,78,94,45,69
1,<environment.Job instance at 0x7f3eca6fa460>,34,13,[5 9],35,94,107,59,78
1,<environment.Job instance at 0x7f3eca6e1370>,43,13,[9 5],44,119,132,75,119
1,<environment.Job instance at 0x7f3eca6fa550>,30,14,[5 3],31,132,146,101,119
1,<environment.Job instance at 0x7f3eca406320>,13,20,[1 7],14,135,155,121,135
1,<environment.Job instance at 0x7f3eca6d4f00>,46,17,[9 2],47,146,163,99,136
1,<environment.Job instance at 0x7f3eca6d4e60>,48,1,[ 1 10],49,163,164,114,136
1,<environment.Job instance at 0x7f3f146b9050>,49,2,[1 5],50,155,157,105,143
1,<environment.Job instance at 0x7f3eca40b4b0>,52,14,[5 8],53,164,178,111,149
1,<environment.Job instance at 0x7f3f146cc640>,58,14,[9 1],59,178,192,119,163
1,<environment.Job instance at 0x7f3f146cc190>,61,17,[1 7],62,178,195,116,177
1,<environment.Job instance at 0x7f3f146e02d0>,63,14,[7 3],64,192,206,128,177
1,<environment.Job instance at 0x7f3f146e0230>,68,14,[3 9],69,206,220,137,191
1,<environment.Job instance at 0x7f3f142c2b90>,4,13,[8 4],5,8,21,3,8
1,<environment.Job instance at 0x7f3eca0e0910>,8,17,[ 2 10],9,21,38,12,9
1,<environment.Job instance at 0x7f3f14aa9230>,16,16,[ 1 10],17,38,54,21,27
1,<environment.Job instance at 0x7f3eca9cc640>,13,26,[10  2],14,60,86,46,60
1,<environment.Job instance at 0x7f3f14902be0>,33,2,[5 4],34,86,88,52,63
1,<environment.Job instance at 0x7f3f1499e2d0>,22,17,[5 8],23,88,105,65,77
1,<environment.Job instance at 0x7f3eca208550>,36,1,[9 5],37,105,106,68,77
1,<environment.Job instance at 0x7f3eca63b1e0>,38,3,[8 2],39,106,109,67,80
1,<environment.Job instance at 0x7f3f14c1d320>,44,13,[2 9],45,109,122,64,100
1,<environment.Job instance at 0x7f3f14c1daf0>,47,17,[10  5],48,122,139,74,117
1,<environment.Job instance at 0x7f3f14dbc370>,53,18,[5 4],54,139,157,85,128
1,<environment.Job instance at 0x7f3f14dbc1e0>,57,16,[7 4],58,157,173,99,146
1,<environment.Job instance at 0x7f3f14dbce10>,58,2,[8 4],59,173,175,114,146
1,<environment.Job instance at 0x7f3f149d7cd0>,65,15,[10  1],66,175,190,109,166
1,<environment.Job instance at 0x7f3eca735870>,69,15,[2 8],70,190,205,120,189
1,<environment.Job instance at 0x7f3eca735140>,71,16,[4 5],72,205,221,133,192
1,<environment.Job instance at 0x7f3f141f0e60>,78,2,[5 3],79,205,207,126,192
1,<environment.Job instance at 0x7f3eca4a3a50>,81,13,[5 3],82,207,220,125,204
1,<environment.Job instance at 0x7f3eca4a3050>,84,15,[5 5],85,220,235,135,213
1,<environment.Job instance at 0x7f3eca0b7910>,4,2,[7 5],5,5,7,0,5
1,<environment.Job instance at 0x7f3eca0b7730>,5,14,[1 8],6,7,21,1,6
1,<environment.Job instance at 0x7f3eca118a50>,7,14,[5 1],8,8,22,0,8
1,<environment.Job instance at 0x7f3eca118910>,10,18,[5 8],11,21,39,10,11
1,<environment.Job instance at 0x7f3eca118320>,19,16,[7 4],20,39,55,19,30
1,<environment.Job instance at 0x7f3eca06c780>,23,14,[2 9],24,55,69,31,40
1,<environment.Job instance at 0x7f3eca06caa0>,29,2,[5 9],30,69,71,39,56
1,<environment.Job instance at 0x7f3eca06c6e0>,30,15,[ 4 10],31,71,86,40,57
1,<environment.Job instance at 0x7f3eca06c4b0>,39,17,[4 9],40,86,103,46,82
1,<environment.Job instance at 0x7f3eca06ccd0>,44,2,[8 5],45,103,105,58,82
1,<environment.Job instance at 0x7f3f15346cd0>,43,3,[ 2 10],44,105,108,61,84
1,<environment.Job instance at 0x7f3eca69f2d0>,49,17,[8 2],50,109,126,59,109
1,<environment.Job instance at 0x7f3f1502b8c0>,62,17,[5 5],63,144,161,81,144
1,<environment.Job instance at 0x7f3f1502b640>,64,14,[5 7],65,161,175,96,147
1,<environment.Job instance at 0x7f3f14aba550>,69,13,[2 5],70,175,188,105,161
1,<environment.Job instance at 0x7f3f14abafa0>,72,16,[1 9],73,188,204,115,178
1,<environment.Job instance at 0x7f3f14aba190>,76,1,[ 5 10],77,204,205,127,190
1,<environment.Job instance at 0x7f3f14abaeb0>,77,17,[8 4],78,205,222,127,193
1,<environment.Job instance at 0x7f3f14240870>,81,16,[1 8],82,222,238,140,209
1,<environment.Job instance at 0x7f3eca6820a0>,1,1,[2 7],2,4,5,2,4
1,<environment.Job instance at 0x7f3f143cd8c0>,3,3,[4 8],4,5,8,1,4
1,<environment.Job instance at 0x7f3f14415690>,5,3,[3 6],6,8,11,2,6
1,<environment.Job instance at 0x7f3eca66ed20>,7,14,[7 1],8,8,22,0,8
1,<environment.Job instance at 0x7f3eca690460>,8,14,[9 1],9,22,36,13,9
1,<environment.Job instance at 0x7f3eca468cd0>,13,2,[2 6],14,16,18,2,16
1,<environment.Job instance at 0x7f3eca468e10>,15,12,[4 5],16,36,48,20,19
1,<environment.Job instance at 0x7f3eca468be0>,20,3,[7 3],21,48,51,27,33
1,<environment.Job instance at 0x7f3eca468a00>,23,17,[6 2],24,51,68,27,41
1,<environment.Job instance at 0x7f3eca468730>,12,18,[7 1],13,68,86,55,57
1,<environment.Job instance at 0x7f3eca8bdfa0>,27,1,[4 8],28,57,58,29,57
1,<environment.Job instance at 0x7f3eca8bd3c0>,30,15,[1 7],31,66,81,35,66
1,<environment.Job instance at 0x7f3f14a0fdc0>,32,13,[10  1],33,86,99,53,70
1,<environment.Job instance at 0x7f3f14a0faa0>,37,14,[7 3],38,99,113,61,87
1,<environment.Job instance at 0x7f3f14a0f370>,38,13,[8 3],39,113,126,74,97
1,<environment.Job instance at 0x7f3f14a0fb40>,39,14,[2 6],40,99,113,59,99
1,<environment.Job instance at 0x7f3f14a0f280>,40,12,[5 4],41,126,138,85,110
1,<environment.Job instance at 0x7f3eca66e960>,11,14,[ 2 10],12,138,152,126,137
1,<environment.Job instance at 0x7f3f14a3d9b0>,47,17,[10  3],48,152,169,104,140
1,<environment.Job instance at 0x7f3f14a28370>,66,23,[2 9],67,210,233,143,210
1,<environment.Job instance at 0x7fa29d245460>,6,20,[6 1],7,12,32,5,12
1,<environment.Job instance at 0x7fa29d245780>,11,15,[4 8],12,14,29,2,14
1,<environment.Job instance at 0x7fa29d245a00>,13,18,[ 4 10],14,32,50,18,22
1,<environment.Job instance at 0x7fa29d248460>,24,18,[2 6],25,53,71,28,53
1,<environment.Job instance at 0x7fa29d248500>,25,12,[ 5 10],26,71,83,45,54
1,<environment.Job instance at 0x7fa29d248780>,29,12,[5 4],30,56,68,26,56
1,<environment.Job instance at 0x7fa29d248820>,32,3,[5 1],33,83,86,50,70
1,<environment.Job instance at 0x7fa29d2489b0>,35,15,[9 5],36,86,101,50,78
1,<environment.Job instance at 0x7fa29d24c370>,40,15,[10  3],41,101,116,60,92
1,<environment.Job instance at 0x7fa29d24c7d0>,48,15,[10  1],49,116,131,67,111
1,<environment.Job instance at 0x7fa29d24cc30>,53,17,[5 7],54,131,148,77,125
1,<environment.Job instance at 0x7fa29d24d320>,57,18,[2 8],58,148,166,90,138
1,<environment.Job instance at 0x7fa29d24d8c0>,66,3,[7 4],67,166,169,99,166
1,<environment.Job instance at 0x7fa29d2484b0>,33,14,[5 5],34,169,183,135,168
1,<environment.Job instance at 0x7fa29d24da00>,68,2,[ 3 10],69,183,185,114,169
1,<environment.Job instance at 0x7fa29d24df50>,74,14,[5 1],75,195,209,120,195
1,<environment.Job instance at 0x7fa29d251f50>,0,18,[10  3],1,2,20,1,2
1,<environment.Job instance at 0x7fa29d266370>,10,13,[10  5],11,20,33,9,11
1,<environment.Job instance at 0x7fa259643c80>,15,14,[10  2],16,33,47,17,19
1,<environment.Job instance at 0x7fa259646640>,27,3,[1 5],28,47,50,19,28
1,<environment.Job instance at 0x7fa2596466e0>,28,1,[10  5],29,50,51,21,29
1,<environment.Job instance at 0x7fa259643f00>,16,3,[2 8],17,51,54,34,30
1,<environment.Job instance at 0x7fa2596440a0>,29,1,[ 2 10],30,54,55,24,30
1,<environment.Job instance at 0x7fa259644d20>,34,16,[9 4],35,55,71,20,42
1,<environment.Job instance at 0x7fa2596412d0>,40,13,[7 4],41,71,84,30,57
1,<environment.Job instance at 0x7fa2596417d0>,41,1,[8 3],42,84,85,42,60
1,<environment.Job instance at 0x7fa259644780>,38,15,[7 5],39,85,100,46,71
1,<environment.Job instance at 0x7fa25994a550>,56,16,[7 4],57,102,118,45,102
1,<environment.Job instance at 0x7fa259862eb0>,57,2,[4 5],58,118,120,60,102
1,<environment.Job instance at 0x7fa25976ba00>,63,12,[9 1],64,130,142,66,130
1,<environment.Job instance at 0x7fa2597853c0>,64,14,[5 5],65,142,156,77,130
1,<environment.Job instance at 0x7fa2596460a0>,30,18,[4 5],31,142,160,111,136
1,<environment.Job instance at 0x7fa25971e1e0>,77,13,[9 2],78,161,174,83,161
1,<environment.Job instance at 0x7fa259771e10>,79,3,[4 7],80,174,177,94,161
1,<environment.Job instance at 0x7fa259771d70>,81,15,[8 4],82,177,192,95,164
1,<environment.Job instance at 0x7fa259725af0>,88,13,[5 1],89,200,213,111,200
1,<environment.Job instance at 0x7fa259878aa0>,68,18,[4 5],69,200,218,131,200
1,<environment.Job instance at 0x7fa2597254b0>,89,2,[10  2],90,218,220,128,200
1,<environment.Job instance at 0x7fa259725730>,90,2,[ 5 10],91,220,222,129,203
1,<environment.Job instance at 0x7fa259725730>,3,2,[5 5],4,8,10,4,8
1,<environment.Job instance at 0x7fa29d25fdc0>,5,16,[10  4],6,10,26,4,9
1,<environment.Job instance at 0x7fa2a47cff50>,11,3,[9 4],12,26,29,14,13
1,<environment.Job instance at 0x7fa2a47cf870>,13,2,[9 2],14,29,31,15,14
1,<environment.Job instance at 0x7fa2a47cf230>,12,1,[7 4],13,31,32,18,14
1,<environment.Job instance at 0x7fa2a47cf9b0>,9,3,[5 5],10,32,35,22,14
1,<environment.Job instance at 0x7fa2a467df50>,18,1,[2 6],19,31,32,12,23
1,<environment.Job instance at 0x7fa2a47cf190>,16,12,[8 3],17,35,47,18,23
1,<environment.Job instance at 0x7fa2a467dc30>,20,2,[10  2],21,47,49,26,23
1,<environment.Job instance at 0x7fa2a47bc5f0>,21,17,[2 6],22,49,66,27,47
1,<environment.Job instance at 0x7fa25957a410>,25,3,[2 5],26,66,69,40,50
1,<environment.Job instance at 0x7fa29d6e0aa0>,28,14,[ 2 10],29,69,83,40,54
1,<environment.Job instance at 0x7fa29cfcc6e0>,31,3,[7 3],32,55,58,23,55
1,<environment.Job instance at 0x7fa29d739500>,36,3,[8 1],37,65,68,28,65
1,<environment.Job instance at 0x7fa29d6e90f0>,38,14,[4 6],39,83,97,44,68
1,<environment.Job instance at 0x7fa29d0da7d0>,41,12,[5 5],42,97,109,55,82
1,<environment.Job instance at 0x7fa2594de5f0>,45,14,[7 4],46,109,123,63,97
1,<environment.Job instance at 0x7fa2594e9fa0>,55,12,[ 1 10],56,123,135,67,109
1,<environment.Job instance at 0x7fa2594e90f0>,59,14,[5 7],60,135,149,75,120
1,<environment.Job instance at 0x7fa2594eea00>,63,14,[2 7],64,149,163,85,135
1,<environment.Job instance at 0x7fa2594ee280>,72,3,[ 4 10],73,163,166,90,140
1,<environment.Job instance at 0x7fa29cfbb640>,74,3,[6 1],75,149,152,74,140
1,<environment.Job instance at 0x7fa2594f7640>,76,18,[4 6],77,166,184,89,155
1,<environment.Job instance at 0x7fa29cfccaf0>,29,17,[9 1],30,184,201,154,174
1,<environment.Job instance at 0x7fa259512690>,81,3,[9 2],82,201,204,119,182
1,<environment.Job instance at 0x7fa25951f280>,85,16,[6 3],86,204,220,118,192
1,<environment.Job instance at 0x7fa2a3a4a050>,87,2,[2 8],88,220,222,132,202
1,<environment.Job instance at 0x7fa29d260e10>,8,14,[7 5],9,222,236,213,211
1,<environment.Job instance at 0x7fa25971efa0>,1,14,[10  4],2,2,16,0,2
1,<environment.Job instance at 0x7fa259b838c0>,5,15,[7 4],6,16,31,10,7
1,<environment.Job instance at 0x7fa259b27910>,4,12,[8 4],5,31,43,26,14
1,<environment.Job instance at 0x7fa259b27230>,3,2,[10  5],4,43,45,39,30
1,<environment.Job instance at 0x7fa29d29de60>,12,18,[5 1],13,45,63,32,36
1,<environment.Job instance at 0x7fa29d365780>,27,2,[8 4],28,63,65,35,49
1,<environment.Job instance at 0x7fa29d3659b0>,28,1,[6 3],29,65,66,36,49
1,<environment.Job instance at 0x7fa29d365820>,29,17,[1 5],30,49,66,19,49
1,<environment.Job instance at 0x7fa29d318a00>,30,3,[9 5],31,66,69,35,49
1,<environment.Job instance at 0x7fa29d318f50>,32,13,[4 8],33,69,82,36,53
1,<environment.Job instance at 0x7fa29d6665a0>,49,14,[3 7],50,85,99,35,85
1,<environment.Job instance at 0x7fa29d6665f0>,50,15,[9 4],51,99,114,48,85
1,<environment.Job instance at 0x7fa29d2af8c0>,54,2,[10  3],55,114,116,59,90
1,<environment.Job instance at 0x7fa29d0a7730>,55,3,[5 5],56,116,119,60,90
1,<environment.Job instance at 0x7fa2594bca50>,58,3,[10  4],59,119,122,60,93
1,<environment.Job instance at 0x7fa259b22d70>,61,2,[5 1],62,116,118,54,109
1,<environment.Job instance at 0x7fa259b22280>,62,14,[6 5],63,122,136,59,116
1,<environment.Job instance at 0x7fa29d6f2140>,67,13,[9 4],68,136,149,68,127
1,<environment.Job instance at 0x7fa29d3fe2d0>,74,3,[6 1],75,154,157,79,154
1,<environment.Job instance at 0x7fa29d666050>,48,17,[5 5],49,157,174,108,154
1,<environment.Job instance at 0x7fa29d3fe460>,75,16,[4 5],76,157,173,81,157
1,<environment.Job instance at 0x7fa29d29d870>,11,28,[2 8],12,179,207,167,179
1,<environment.Job instance at 0x7fa2a3b000a0>,80,16,[9 2],81,207,223,126,196
1,<environment.Job instance at 0x7fa29d61daf0>,85,13,[2 6],86,223,236,137,210
1,<environment.Job instance at 0x7fa29d069190>,87,1,[3 6],88,236,237,148,212
1,<environment.Job instance at 0x7fa29d2e3550>,88,3,[8 2],89,223,226,134,212
1,<environment.Job instance at 0x7fa29d0695a0>,89,3,[ 5 10],90,237,240,147,212
1,<environment.Job instance at 0x7fa29d069410>,90,1,[4 6],91,240,241,149,213
1,<environment.Job instance at 0x7fa25971e190>,2,1,[2 7],3,3,4,0,3
1,<environment.Job instance at 0x7fa2a3fbf3c0>,3,15,[10  4],4,6,21,2,6
1,<environment.Job instance at 0x7fa25987b9b0>,5,13,[1 5],6,21,34,15,9
1,<environment.Job instance at 0x7fa2a467e230>,8,14,[8 3],9,21,35,12,11
1,<environment.Job instance at 0x7fa2599f1dc0>,11,13,[5 8],12,35,48,23,19
1,<environment.Job instance at 0x7fa2a3a38280>,16,12,[6 3],17,48,60,31,40
1,<environment.Job instance at 0x7fa29d686140>,22,3,[5 2],23,60,63,37,48
1,<environment.Job instance at 0x7fa2a3a38f00>,21,16,[ 4 10],22,63,79,41,50
1,<environment.Job instance at 0x7fa29d6863c0>,29,16,[2 8],30,79,95,49,66
1,<environment.Job instance at 0x7fa29d1d66e0>,35,17,[7 4],36,95,112,59,87
1,<environment.Job instance at 0x7fa2599160f0>,37,14,[5 5],38,112,126,74,98
1,<environment.Job instance at 0x7fa25992ed20>,43,17,[10  5],44,126,143,82,114
1,<environment.Job instance at 0x7fa25992e820>,51,16,[2 7],52,143,159,91,135
1,<environment.Job instance at 0x7fa259922e10>,54,13,[5 4],55,159,172,104,156
1,<environment.Job instance at 0x7fa25992baf0>,34,20,[9 5],35,172,192,137,163
1,<environment.Job instance at 0x7fa259922050>,59,2,[4 6],60,163,165,103,163
1,<environment.Job instance at 0x7fa2599225f0>,58,2,[2 7],59,192,194,133,165
1,<environment.Job instance at 0x7fa259922870>,60,16,[2 8],61,194,210,133,181
1,<environment.Job instance at 0x7fa259923b90>,69,2,[9 5],70,210,212,140,204
1,<environment.Job instance at 0x7fa2599231e0>,71,18,[9 3],72,212,230,140,204
1,<environment.Job instance at 0x7fa259923320>,68,14,[5 4],69,230,244,161,216
1,<environment.Job instance at 0x7fa2a3f34230>,2,1,[6 3],3,4,5,1,4
1,<environment.Job instance at 0x7fa2a3f34a50>,5,17,[ 2 10],6,6,23,0,6
1,<environment.Job instance at 0x7fa2a3f34b40>,10,18,[9 2],11,23,41,12,12
1,<environment.Job instance at 0x7fa2a3f34cd0>,19,18,[1 5],20,23,41,3,21
1,<environment.Job instance at 0x7fa25983a050>,22,16,[10  2],23,41,57,18,30
1,<environment.Job instance at 0x7fa25983a7d0>,27,18,[6 2],28,57,75,29,51
1,<environment.Job instance at 0x7fa25983a1e0>,23,15,[4 8],24,57,72,33,55
1,<environment.Job instance at 0x7fa25983a640>,31,14,[9 5],32,75,89,43,70
1,<environment.Job instance at 0x7fa25983a370>,32,15,[7 3],33,89,104,56,75
1,<environment.Job instance at 0x7fa25982a2d0>,38,13,[3 7],39,89,102,50,76
1,<environment.Job instance at 0x7fa25982a5f0>,43,13,[3 7],44,102,115,58,93
1,<environment.Job instance at 0x7fa25982ad70>,44,15,[6 4],45,115,130,70,101
1,<environment.Job instance at 0x7fa2a3b4c500>,58,15,[7 1],59,130,145,71,126
1,<environment.Job instance at 0x7fa2a3b4c5a0>,59,14,[3 8],60,130,144,70,126
1,<environment.Job instance at 0x7fa2a3b4cdc0>,60,12,[5 9],61,145,157,84,128
1,<environment.Job instance at 0x7fa2a3b4cfa0>,63,2,[8 1],64,157,159,93,130
1,<environment.Job instance at 0x7fa2a3b4c960>,71,14,[ 5 10],72,181,195,109,181
1,<environment.Job instance at 0x7fa2a3f53dc0>,74,17,[8 5],75,199,216,124,199
1,<environment.Job instance at 0x7fa2a3f53d70>,81,13,[5 2],82,216,229,134,202
1,<environment.Job instance at 0x7fa2598c36e0>,83,17,[6 4],84,229,246,145,219
1,<environment.Job instance at 0x7fa2a3be50a0>,3,3,[2 6],4,5,8,1,5
1,<environment.Job instance at 0x7fa29d2fc3c0>,6,18,[ 2 10],7,8,26,1,7
1,<environment.Job instance at 0x7fa29d1e8e60>,15,1,[ 1 10],16,26,27,10,22
1,<environment.Job instance at 0x7fa2a404f870>,20,18,[5 4],21,75,93,54,75
1,<environment.Job instance at 0x7fa2a3ad0230>,25,3,[10  3],26,93,96,67,77
1,<environment.Job instance at 0x7fa2a3ced910>,27,3,[5 6],28,78,81,50,78
1,<environment.Job instance at 0x7fa29d53ba00>,29,3,[6 1],30,96,99,66,82
1,<environment.Job instance at 0x7fa2596bfeb0>,35,13,[5 5],36,99,112,63,93
1,<environment.Job instance at 0x7fa2596bf370>,36,18,[1 5],37,96,114,59,94
1,<environment.Job instance at 0x7fa2596bf5a0>,37,3,[3 7],38,114,117,76,94
1,<environment.Job instance at 0x7fa29d766640>,39,13,[4 8],40,117,130,77,101
1,<environment.Job instance at 0x7fa29d766460>,45,15,[5 4],46,130,145,84,116
1,<environment.Job instance at 0x7fa29d1a2820>,49,16,[5 6],50,151,167,101,151
1,<environment.Job instance at 0x7fa2596e1d70>,53,13,[9 3],54,167,180,113,161
1,<environment.Job instance at 0x7fa2596e1870>,56,14,[5 4],57,181,195,124,181
1,<environment.Job instance at 0x7fa2a41aa230>,65,18,[ 2 10],66,195,213,129,186
1,<environment.Job instance at 0x7fa29d50c5a0>,67,2,[3 8],68,213,215,145,186
1,<environment.Job instance at 0x7fa29d50cb40>,70,16,[4 8],71,215,231,144,204
1,<environment.Job instance at 0x7fa2a3a866e0>,73,17,[ 4 10],74,231,248,157,219
1,<environment.Job instance at 0x7fa29d61f820>,7,18,[6 4],8,17,35,9,17
1,<environment.Job instance at 0x7fa29d357500>,9,15,[9 3],10,35,50,25,21
1,<environment.Job instance at 0x7fa259940870>,20,3,[5 7],21,50,53,29,48
1,<environment.Job instance at 0x7fa259940dc0>,21,3,[7 4],22,53,56,31,48
1,<environment.Job instance at 0x7fa2a3b37730>,4,17,[10  3],5,56,73,51,48
1,<environment.Job instance at 0x7fa2595675a0>,23,2,[5 6],24,73,75,49,48
1,<environment.Job instance at 0x7fa259940aa0>,22,3,[1 5],23,53,56,30,48
1,<environment.Job instance at 0x7fa259567460>,24,1,[2 5],25,75,76,50,50
1,<environment.Job instance at 0x7fa2595679b0>,28,1,[1 5],29,75,76,46,60
1,<environment.Job instance at 0x7fa259567a50>,29,13,[4 5],30,76,89,46,65
1,<environment.Job instance at 0x7fa29d2300a0>,3,18,[6 3],4,76,94,72,68
1,<environment.Job instance at 0x7fa259567c30>,32,2,[3 7],33,89,91,56,68
1,<environment.Job instance at 0x7fa259567cd0>,33,2,[ 3 10],34,94,96,60,81
1,<environment.Job instance at 0x7fa259567e10>,35,14,[6 1],36,96,110,60,82
1,<environment.Job instance at 0x7fa259567fa0>,38,15,[1 8],39,96,111,57,89
1,<environment.Job instance at 0x7fa259567690>,39,2,[ 3 10],40,111,113,71,89
1,<environment.Job instance at 0x7fa2596d7230>,41,2,[6 2],42,113,115,71,97
1,<environment.Job instance at 0x7fa2596d74b0>,45,14,[8 4],46,115,129,69,101
1,<environment.Job instance at 0x7fa259567b90>,31,17,[9 4],32,129,146,97,121
1,<environment.Job instance at 0x7fa2596d7960>,51,14,[4 9],52,146,160,94,131
1,<environment.Job instance at 0x7fa2596d7dc0>,55,13,[2 7],56,160,173,104,147
1,<environment.Job instance at 0x7fa2596d79b0>,50,17,[8 2],51,160,177,109,152
1,<environment.Job instance at 0x7fa2596d52d0>,62,13,[3 7],63,177,190,114,163
1,<environment.Job instance at 0x7fa2596d5190>,63,12,[1 8],64,190,202,126,173
1,<environment.Job instance at 0x7fa2596d5a50>,69,16,[8 5],70,202,218,132,190
1,<environment.Job instance at 0x7fa2596d5b90>,74,18,[10  2],75,218,236,143,207
1,<environment.Job instance at 0x7fa2596d5870>,80,3,[7 5],81,236,239,155,210
1,<environment.Job instance at 0x7fa2596cc0f0>,83,2,[8 3],84,239,241,155,216
1,<environment.Job instance at 0x7fa2a4054f00>,5,14,[10  1],6,6,20,0,6
1,<environment.Job instance at 0x7fa29d2ca550>,9,17,[8 4],10,20,37,10,10
1,<environment.Job instance at 0x7fa2a4054870>,14,13,[2 5],15,23,36,8,23
1,<environment.Job instance at 0x7fa2a3c5b190>,17,3,[4 9],18,37,40,19,23
1,<environment.Job instance at 0x7fa2a3c5b910>,18,14,[1 6],19,40,54,21,28
1,<environment.Job instance at 0x7fa29d2ca460>,12,17,[8 1],13,40,57,27,28
1,<environment.Job instance at 0x7fa2a3c5b410>,15,17,[1 8],16,54,71,38,44
1,<environment.Job instance at 0x7fa29d03d320>,25,3,[5 5],26,71,74,45,45
1,<environment.Job instance at 0x7fa29d03df50>,26,1,[5 3],27,71,72,44,57
1,<environment.Job instance at 0x7fa259ab66e0>,31,12,[5 1],32,57,69,25,57
1,<environment.Job instance at 0x7fa2a3c01190>,30,1,[1 7],31,74,75,43,57
1,<environment.Job instance at 0x7fa2a3c09a00>,32,2,[1 9],33,75,77,42,57
1,<environment.Job instance at 0x7fa2a3cec140>,33,2,[6 3],34,77,79,43,62
1,<environment.Job instance at 0x7fa25987ceb0>,36,1,[6 3],37,74,75,37,62
1,<environment.Job instance at 0x7fa29d206190>,29,15,[8 4],30,79,94,49,68
1,<environment.Job instance at 0x7fa29d565aa0>,43,13,[4 7],44,94,107,50,79
1,<environment.Job instance at 0x7fa2a41a7d70>,46,12,[4 6],47,107,119,60,93
1,<environment.Job instance at 0x7fa29d61f280>,50,17,[8 3],51,119,136,68,107
1,<environment.Job instance at 0x7fa2a3f5e7d0>,53,13,[10  3],54,136,149,82,120
1,<environment.Job instance at 0x7fa2a3f5e0a0>,56,15,[1 5],57,149,164,92,135
1,<environment.Job instance at 0x7fa259b1be60>,60,14,[6 1],61,149,163,88,135
1,<environment.Job instance at 0x7fa25989adc0>,63,3,[5 6],64,164,167,100,138
1,<environment.Job instance at 0x7fa25989aaa0>,65,2,[7 1],66,167,169,101,140
1,<environment.Job instance at 0x7fa25989a870>,68,3,[10  1],69,169,172,100,154
1,<environment.Job instance at 0x7fa25989a640>,69,15,[8 4],70,172,187,102,162
1,<environment.Job instance at 0x7fa25989a910>,71,15,[3 9],72,191,206,119,191
1,<environment.Job instance at 0x7fa2a3c01cd0>,34,16,[5 3],35,206,222,171,196
1,<environment.Job instance at 0x7fa29d1d3960>,7,2,[8 3],8,8,10,0,8
1,<environment.Job instance at 0x7fa2a3ad98c0>,9,3,[ 4 10],10,15,18,5,15
1,<environment.Job instance at 0x7fa2a3ad9fa0>,11,17,[2 9],12,18,35,6,15
1,<environment.Job instance at 0x7fa2a400e780>,15,1,[10  4],16,35,36,19,16
1,<environment.Job instance at 0x7fa259828410>,16,12,[9 1],17,36,48,19,19
1,<environment.Job instance at 0x7fa2a3ad9500>,8,13,[5 9],9,48,61,39,44
1,<environment.Job instance at 0x7fa2a404fb90>,29,15,[5 3],30,61,76,31,47
1,<environment.Job instance at 0x7fa29d0c35a0>,32,18,[9 5],33,76,94,43,70
1,<environment.Job instance at 0x7fa25979bbe0>,36,2,[4 6],37,94,96,57,79
1,<environment.Job instance at 0x7fa25979be10>,38,14,[3 8],39,101,115,62,101
1,<environment.Job instance at 0x7fa25979b370>,40,13,[6 5],41,115,128,74,103
1,<environment.Job instance at 0x7fa25979b0a0>,42,2,[5 1],43,106,108,63,106
1,<environment.Job instance at 0x7fa29d0c3fa0>,33,17,[5 1],34,128,145,94,118
1,<environment.Job instance at 0x7fa25979b050>,45,12,[5 1],46,128,140,82,119
1,<environment.Job instance at 0x7fa29d315410>,46,1,[5 8],47,140,141,93,119
1,<environment.Job instance at 0x7fa29d315d20>,47,3,[9 3],48,145,148,97,119
1,<environment.Job instance at 0x7fa29d315690>,49,1,[8 4],50,148,149,98,126
1,<environment.Job instance at 0x7fa29d315910>,54,12,[ 4 10],55,149,161,94,132
1,<environment.Job instance at 0x7fa2a3be0190>,59,14,[8 5],60,161,175,101,146
1,<environment.Job instance at 0x7fa29d6f2730>,63,14,[2 9],64,175,189,111,160
1,<environment.Job instance at 0x7fa25979a730>,72,1,[7 5],73,200,201,127,200
1,<environment.Job instance at 0x7fa2a3a32eb0>,73,2,[ 3 10],74,201,203,127,200
1,<environment.Job instance at 0x7fa259b40870>,74,2,[1 8],75,203,205,128,200
1,<environment.Job instance at 0x7fa259b400f0>,75,3,[9 5],76,205,208,129,200
1,<environment.Job instance at 0x7fa259b40f50>,76,17,[3 8],77,208,225,131,201
1,<environment.Job instance at 0x7fa2598266e0>,80,3,[ 2 10],81,225,228,144,201
1,<environment.Job instance at 0x7fa259826c30>,81,2,[8 5],82,228,230,146,201
1,<environment.Job instance at 0x7fa2596fee60>,84,2,[10  3],85,230,232,145,208
1,<environment.Job instance at 0x7fa259b33500>,2,15,[4 9],3,3,18,0,3
1,<environment.Job instance at 0x7fa2a4583e60>,4,3,[2 5],5,18,21,13,7
1,<environment.Job instance at 0x7fa29d20fe60>,7,3,[3 5],8,18,21,10,8
1,<environment.Job instance at 0x7fa25992a5f0>,8,3,[6 4],9,21,24,12,9
1,<environment.Job instance at 0x7fa25992aeb0>,9,16,[ 1 10],10,24,40,14,11
1,<environment.Job instance at 0x7fa29d20f7d0>,10,3,[ 5 10],11,40,43,29,34
1,<environment.Job instance at 0x7fa2a3d782d0>,17,2,[10  5],18,43,45,25,34
1,<environment.Job instance at 0x7fa2a3e2abe0>,18,3,[10  4],19,45,48,26,35
1,<environment.Job instance at 0x7fa2a3d785a0>,16,12,[10  3],17,48,60,31,35
1,<environment.Job instance at 0x7fa2a3e2ab40>,20,2,[1 8],21,60,62,39,35
1,<environment.Job instance at 0x7fa2a3e2adc0>,23,1,[ 4 10],24,62,63,38,40
1,<environment.Job instance at 0x7fa2a3d78eb0>,19,14,[5 9],20,63,77,43,59
1,<environment.Job instance at 0x7fa2a3e31140>,28,1,[2 6],29,77,78,48,59
1,<environment.Job instance at 0x7fa2a3e311e0>,29,12,[1 5],30,78,90,48,61
1,<environment.Job instance at 0x7fa2a3e31320>,31,1,[3 9],32,90,91,58,69
1,<environment.Job instance at 0x7fa2a3e31910>,35,1,[5 9],36,91,92,55,79
1,<environment.Job instance at 0x7fa2a3be7320>,6,15,[6 4],7,92,107,85,82
1,<environment.Job instance at 0x7fa2a3e31d20>,41,3,[10  5],42,107,110,65,92
1,<environment.Job instance at 0x7fa2a3e31c30>,44,1,[3 8],45,110,111,65,98
1,<environment.Job instance at 0x7fa2a3e31960>,36,23,[9 5],37,111,134,74,105
1,<environment.Job instance at 0x7fa2a3e31e10>,47,3,[8 5],48,134,137,86,114
1,<environment.Job instance at 0x7fa2a3e31c80>,48,3,[9 3],49,137,140,88,114
1,<environment.Job instance at 0x7fa25962a190>,51,2,[4 7],52,140,142,88,123
1,<environment.Job instance at 0x7fa25962a230>,52,17,[6 3],53,140,157,87,129
1,<environment.Job instance at 0x7fa25962a410>,55,1,[9 2],56,157,158,101,131
1,<environment.Job instance at 0x7fa25962a6e0>,59,2,[1 6],60,146,148,86,146
1,<environment.Job instance at 0x7fa25962aaa0>,60,3,[7 1],61,158,161,97,146
1,<environment.Job instance at 0x7fa2a3e31fa0>,45,16,[7 4],46,161,177,115,148
1,<environment.Job instance at 0x7fa25962aa50>,65,2,[3 7],66,158,160,92,157
1,<environment.Job instance at 0x7fa25962af00>,66,3,[1 5],67,160,163,93,157
1,<environment.Job instance at 0x7fa25962a9b0>,69,17,[7 5],70,177,194,107,166
1,<environment.Job instance at 0x7fa259640370>,74,17,[3 6],75,194,211,119,183
1,<environment.Job instance at 0x7fa259640820>,78,12,[4 8],79,211,223,132,200
1,<environment.Job instance at 0x7fa259640870>,79,17,[7 1],80,223,240,143,211
1,<environment.Job instance at 0x7fa2a3c26820>,5,18,[7 4],6,6,24,0,6
1,<environment.Job instance at 0x7fa29d056c30>,6,2,[4 9],7,24,26,17,7
1,<environment.Job instance at 0x7fa2a3ad11e0>,11,15,[5 1],12,24,39,12,12
1,<environment.Job instance at 0x7fa2a3f98a50>,19,2,[5 1],20,26,28,6,24
1,<environment.Job instance at 0x7fa2a3f98fa0>,18,2,[7 1],19,39,41,20,24
1,<environment.Job instance at 0x7fa2a3ad1d20>,17,1,[3 6],18,28,29,10,27
1,<environment.Job instance at 0x7fa2a3f98e60>,16,15,[10  5],17,41,56,24,27
1,<environment.Job instance at 0x7fa2a408f320>,25,15,[7 1],26,56,71,30,42
1,<environment.Job instance at 0x7fa2a408fd20>,27,17,[9 4],28,71,88,43,60
1,<environment.Job instance at 0x7fa2a3d8ec80>,33,12,[3 6],34,88,100,54,72
1,<environment.Job instance at 0x7fa2a3d8eaf0>,38,3,[9 4],39,100,103,61,74
1,<environment.Job instance at 0x7fa2a3d8ea00>,40,16,[1 9],41,103,119,62,90
1,<environment.Job instance at 0x7fa2a3d8e8c0>,44,1,[5 9],45,119,120,74,91
1,<environment.Job instance at 0x7fa2a3d8e1e0>,43,15,[9 4],44,120,135,76,106
1,<environment.Job instance at 0x7fa29d0e5eb0>,49,12,[7 5],50,135,147,85,118
1,<environment.Job instance at 0x7fa29d0e5640>,52,17,[5 8],53,147,164,94,136
1,<environment.Job instance at 0x7fa29d0e5d70>,56,1,[6 5],57,164,165,107,141
1,<environment.Job instance at 0x7fa29d0e55f0>,58,16,[1 9],59,165,181,106,152
1,<environment.Job instance at 0x7fa29d3155f0>,65,15,[4 9],66,181,196,115,168
1,<environment.Job instance at 0x7fa2a458aaa0>,74,2,[2 7],75,196,198,121,189
1,<environment.Job instance at 0x7fa2a3f98d70>,22,17,[ 1 10],23,198,215,175,189
1,<environment.Job instance at 0x7fa29d23d820>,77,14,[5 6],78,215,229,137,200
1,<environment.Job instance at 0x7fa29d23d460>,82,2,[ 4 10],83,229,231,146,215
1,<environment.Job instance at 0x7fa29d23d730>,84,14,[ 3 10],85,231,245,146,217
1,<environment.Job instance at 0x7fa2a3b3cb90>,4,3,[7 5],5,6,9,1,6
1,<environment.Job instance at 0x7fa29d32e410>,8,15,[5 4],9,9,24,0,9
1,<environment.Job instance at 0x7fa29d32ecd0>,10,17,[10  2],11,24,41,13,17
1,<environment.Job instance at 0x7fa29d2e1fa0>,15,3,[7 1],16,41,44,25,17
1,<environment.Job instance at 0x7fa29d692d70>,17,16,[5 1],18,44,60,26,31
1,<environment.Job instance at 0x7fa29d6927d0>,16,17,[5 8],17,47,64,30,47
1,<environment.Job instance at 0x7fa29d4e9320>,27,15,[4 6],28,67,82,39,67
1,<environment.Job instance at 0x7fa25964d320>,32,13,[5 1],33,70,83,37,70
1,<environment.Job instance at 0x7fa25964dd20>,35,3,[5 5],36,82,85,46,70
1,<environment.Job instance at 0x7fa25964d9b0>,36,14,[ 3 10],37,85,99,48,70
1,<environment.Job instance at 0x7fa25964de10>,39,14,[5 4],40,99,113,59,86
1,<environment.Job instance at 0x7fa2a3ac6f50>,49,18,[6 3],50,122,140,72,122
1,<environment.Job instance at 0x7fa2a3ac6910>,57,13,[5 6],58,143,156,85,143
1,<environment.Job instance at 0x7fa259922550>,66,14,[4 9],67,156,170,89,143
1,<environment.Job instance at 0x7fa259ac9910>,70,16,[ 1 10],71,170,186,99,157
1,<environment.Job instance at 0x7fa259ac9960>,74,2,[8 2],75,186,188,111,181
1,<environment.Job instance at 0x7fa259ac9190>,75,2,[3 8],76,188,190,112,182
1,<environment.Job instance at 0x7fa259ac9550>,76,16,[10  2],77,190,206,113,183
1,<environment.Job instance at 0x7fa259ac9d70>,78,3,[7 5],79,206,209,127,186
1,<environment.Job instance at 0x7fa2a3efbd70>,87,14,[10  2],88,209,223,121,194
1,<environment.Job instance at 0x7fa2a3ee9870>,3,1,[8 5],4,4,5,0,4
1,<environment.Job instance at 0x7fa2598ebaf0>,8,18,[5 5],9,14,32,5,14
1,<environment.Job instance at 0x7fa29d1b82d0>,17,17,[2 5],18,18,35,0,18
1,<environment.Job instance at 0x7fa259428b40>,19,17,[9 4],20,35,52,15,23
1,<environment.Job instance at 0x7fa259428820>,22,14,[1 8],23,52,66,29,37
1,<environment.Job instance at 0x7fa25942d1e0>,29,13,[5 3],30,66,79,36,51
1,<environment.Job instance at 0x7fa25942d690>,28,1,[9 2],29,52,53,23,52
1,<environment.Job instance at 0x7fa25942daa0>,30,1,[8 5],31,79,80,48,52
1,<environment.Job instance at 0x7fa259546dc0>,42,2,[4 7],43,80,82,37,79
1,<environment.Job instance at 0x7fa259417a50>,43,15,[5 6],44,82,97,38,79
1,<environment.Job instance at 0x7fa2593e6370>,50,14,[5 6],51,106,120,55,106
1,<environment.Job instance at 0x7fa29d6b1550>,12,16,[ 1 10],13,120,136,107,120
1,<environment.Job instance at 0x7fa2599cdaa0>,53,1,[2 5],54,136,137,82,121
1,<environment.Job instance at 0x7fa2593ff910>,55,3,[6 5],56,136,139,80,126
1,<environment.Job instance at 0x7fa29d5d7640>,54,2,[2 7],55,139,141,84,126
1,<environment.Job instance at 0x7fa2a3e0f820>,56,15,[5 8],57,141,156,84,127
1,<environment.Job instance at 0x7fa2599ec050>,68,12,[2 6],69,156,168,87,142
1,<environment.Job instance at 0x7fa259a149b0>,72,14,[4 6],73,168,182,95,153
1,<environment.Job instance at 0x7fa2599d8640>,78,12,[2 5],79,192,204,113,192
1,<environment.Job instance at 0x7fa259445280>,79,17,[5 2],80,192,209,112,192
1,<environment.Job instance at 0x7fa2593ff2d0>,57,13,[ 1 10],58,209,222,151,194
1,<environment.Job instance at 0x7fa29d567d70>,89,12,[1 7],90,222,234,132,205
1,<environment.Job instance at 0x7fa29d6b1cd0>,7,2,[8 4],8,8,10,0,8
1,<environment.Job instance at 0x7fa259264e10>,10,1,[ 5 10],11,15,16,4,15
1,<environment.Job instance at 0x7fa2a3df33c0>,11,2,[3 6],12,16,18,4,15
1,<environment.Job instance at 0x7fa2593650f0>,12,15,[6 1],13,16,31,3,16
1,<environment.Job instance at 0x7fa29d5919b0>,14,13,[2 9],15,18,31,3,18
1,<environment.Job instance at 0x7fa2a3e56550>,16,3,[4 9],17,31,34,14,20
1,<environment.Job instance at 0x7fa2a3afa0a0>,21,17,[4 8],22,34,51,12,28
1,<environment.Job instance at 0x7fa2a3afae10>,26,13,[5 1],27,33,46,6,33
1,<environment.Job instance at 0x7fa25972feb0>,27,15,[1 9],28,51,66,23,41
1,<environment.Job instance at 0x7fa2a45dac80>,34,3,[10  3],35,66,69,31,59
1,<environment.Job instance at 0x7fa2a45da730>,35,2,[6 3],36,69,71,33,59
1,<environment.Job instance at 0x7fa259305460>,36,1,[3 8],37,71,72,34,59
1,<environment.Job instance at 0x7fa29d1f60a0>,38,3,[4 9],39,72,75,33,62
1,<environment.Job instance at 0x7fa29d1f6a00>,40,2,[1 7],41,69,71,28,62
1,<environment.Job instance at 0x7fa2a3fcb910>,43,14,[7 2],44,75,89,31,73
1,<environment.Job instance at 0x7fa2a41ae1e0>,44,13,[2 8],45,75,88,30,73
1,<environment.Job instance at 0x7fa2a41aec30>,45,17,[6 3],46,89,106,43,77
1,<environment.Job instance at 0x7fa2a3e55e60>,49,16,[ 4 10],50,106,122,56,97
1,<environment.Job instance at 0x7fa259475280>,67,17,[6 2],68,129,146,61,129
1,<environment.Job instance at 0x7fa2597db280>,75,3,[1 8],76,152,155,76,152
1,<environment.Job instance at 0x7fa2a40ad690>,77,16,[6 5],78,155,171,77,152
1,<environment.Job instance at 0x7fa259612a50>,79,12,[ 5 10],80,171,183,91,155
1,<environment.Job instance at 0x7fa2a3f9d140>,81,12,[7 5],82,183,195,101,167
1,<environment.Job instance at 0x7fa2a3f9d8c0>,84,14,[3 5],85,183,197,98,181
1,<environment.Job instance at 0x7fa2a407d730>,86,16,[ 5 10],87,197,213,110,184
1,<environment.Job instance at 0x7fa2593b8320>,95,13,[6 4],96,213,226,117,199
1,<environment.Job instance at 0x7fa29d191cd0>,1,14,[5 8],2,2,16,0,2
1,<environment.Job instance at 0x7fa25957bf50>,3,17,[3 7],4,16,33,12,5
1,<environment.Job instance at 0x7fa2591d4320>,17,1,[4 7],18,33,34,15,26
1,<environment.Job instance at 0x7fa2591d45a0>,20,3,[5 6],21,34,37,13,27
1,<environment.Job instance at 0x7fa2591d4230>,15,15,[3 5],16,37,52,21,27
1,<environment.Job instance at 0x7fa2598876e0>,25,13,[8 2],26,52,65,26,38
1,<environment.Job instance at 0x7fa259887500>,26,13,[4 5],27,65,78,38,49
1,<environment.Job instance at 0x7fa2598879b0>,29,15,[3 5],30,65,80,35,53
1,<environment.Job instance at 0x7fa259367af0>,35,3,[3 5],36,78,81,42,69
1,<environment.Job instance at 0x7fa259367eb0>,36,14,[2 9],37,81,95,44,69
1,<environment.Job instance at 0x7fa2593671e0>,39,13,[3 7],40,95,108,55,84
1,<environment.Job instance at 0x7fa259367190>,40,17,[9 5],41,108,125,67,97
1,<environment.Job instance at 0x7fa259367be0>,47,15,[3 7],48,125,140,77,119
1,<environment.Job instance at 0x7fa259367b40>,52,14,[2 8],53,140,154,87,128
1,<environment.Job instance at 0x7fa259887aa0>,24,24,[ 3 10],25,154,178,129,149
1,<environment.Job instance at 0x7fa29d6398c0>,64,13,[5 9],65,178,191,113,162
1,<environment.Job instance at 0x7fa2598864b0>,70,13,[5 2],71,200,213,129,200
1,<environment.Job instance at 0x7fa259886b90>,71,2,[2 9],72,213,215,141,200
1,<environment.Job instance at 0x7fa259886eb0>,73,13,[9 5],74,215,228,141,202
1,<environment.Job instance at 0x7fa259886140>,77,12,[6 5],78,228,240,150,212
1,<environment.Job instance at 0x7fa2598860a0>,78,1,[ 1 10],79,240,241,161,212
1,<environment.Job instance at 0x7fa259886c30>,79,2,[1 5],80,215,217,135,212
1,<environment.Job instance at 0x7fa259644b90>,2,18,[3 8],3,3,21,0,3
1,<environment.Job instance at 0x7fa29d3d4280>,9,14,[9 5],10,21,35,11,11
1,<environment.Job instance at 0x7fa259254960>,15,2,[10  4],16,35,37,19,21
1,<environment.Job instance at 0x7fa2592540a0>,17,12,[1 6],18,37,49,19,21
1,<environment.Job instance at 0x7fa2a3c73e60>,21,2,[5 5],22,49,51,27,25
1,<environment.Job instance at 0x7fa2a3c732d0>,22,3,[6 3],23,37,40,14,26
1,<environment.Job instance at 0x7fa2a4063960>,18,3,[9 1],19,40,43,21,26
1,<environment.Job instance at 0x7fa2a3c73140>,23,3,[10  2],24,51,54,27,26
1,<environment.Job instance at 0x7fa2a3c54640>,26,17,[10  3],27,54,71,27,53
1,<environment.Job instance at 0x7fa2a3c38f50>,32,14,[5 8],33,71,85,38,57
1,<environment.Job instance at 0x7fa2a3c38280>,36,16,[ 1 10],37,85,101,48,79
1,<environment.Job instance at 0x7fa259789d70>,42,17,[5 8],43,101,118,58,89
1,<environment.Job instance at 0x7fa259773aa0>,53,2,[5 4],54,118,120,64,116
1,<environment.Job instance at 0x7fa29d329d70>,24,13,[8 4],25,120,133,95,116
1,<environment.Job instance at 0x7fa259915410>,61,15,[7 5],62,140,155,78,140
1,<environment.Job instance at 0x7fa259777500>,64,13,[2 9],65,161,174,96,161
1,<environment.Job instance at 0x7fa2a3c38190>,29,12,[2 8],30,179,191,149,179
1,<environment.Job instance at 0x7fa25990ff50>,68,13,[1 5],69,191,204,122,179
1,<environment.Job instance at 0x7fa29d4f1730>,70,3,[4 8],71,204,207,133,184
1,<environment.Job instance at 0x7fa29d4f1be0>,73,18,[5 4],74,207,225,133,197
1,<environment.Job instance at 0x7fa29d4f10a0>,76,18,[3 7],77,225,243,148,215
1,<environment.Job instance at 0x7fa25981d910>,3,16,[7 5],4,7,23,3,7
1,<environment.Job instance at 0x7fa2a40f14b0>,8,17,[5 1],9,23,40,14,11
1,<environment.Job instance at 0x7fa25947fe60>,10,16,[9 1],11,40,56,29,27
1,<environment.Job instance at 0x7fa2594289b0>,9,3,[4 8],10,29,32,19,29
1,<environment.Job instance at 0x7fa29d527140>,21,2,[3 5],22,32,34,10,30
1,<environment.Job instance at 0x7fa29d01b190>,22,3,[2 8],23,34,37,11,30
1,<environment.Job instance at 0x7fa29d01b6e0>,20,18,[5 8],21,56,74,35,45
1,<environment.Job instance at 0x7fa25981da00>,6,17,[5 4],7,74,91,67,62
1,<environment.Job instance at 0x7fa2a3f2a0f0>,37,15,[2 8],38,91,106,53,77
1,<environment.Job instance at 0x7fa2a3f2a190>,34,18,[10  3],35,106,124,71,95
1,<environment.Job instance at 0x7fa2596a2c30>,44,1,[ 4 10],45,124,125,79,114
1,<environment.Job instance at 0x7fa2596a2730>,48,15,[1 9],49,125,140,76,114
1,<environment.Job instance at 0x7fa2596a2d70>,50,2,[5 8],51,140,142,89,114
1,<environment.Job instance at 0x7fa2596a2e10>,51,2,[9 2],52,142,144,90,117
1,<environment.Job instance at 0x7fa259a98410>,53,3,[ 2 10],54,144,147,90,118
1,<environment.Job instance at 0x7fa2a3e31b90>,57,3,[5 5],58,147,150,89,121
1,<environment.Job instance at 0x7fa29d0422d0>,63,16,[3 5],64,147,163,83,136
1,<environment.Job instance at 0x7fa29d042910>,65,16,[1 6],66,163,179,97,150
1,<environment.Job instance at 0x7fa29d05e140>,72,17,[5 5],73,179,196,106,167
1,<environment.Job instance at 0x7fa259493fa0>,75,14,[9 1],76,196,210,120,181
1,<environment.Job instance at 0x7fa2a42637d0>,80,18,[5 7],81,210,228,129,199
1,<environment.Job instance at 0x7fa2a3e315f0>,58,3,[1 7],59,228,231,169,211
1,<environment.Job instance at 0x7fa2a3eee550>,5,3,[3 6],6,6,9,0,6
1,<environment.Job instance at 0x7fa2594891e0>,7,14,[7 1],8,8,22,0,8
1,<environment.Job instance at 0x7fa29d18faf0>,8,14,[9 1],9,22,36,13,9
1,<environment.Job instance at 0x7fa29d18f5f0>,14,13,[ 2 10],15,36,49,21,20
1,<environment.Job instance at 0x7fa29d18fc30>,15,12,[4 5],16,49,61,33,32
1,<environment.Job instance at 0x7fa29d18f780>,13,2,[2 6],14,61,63,47,48
1,<environment.Job instance at 0x7fa29d18f320>,12,18,[7 1],13,61,79,48,52
1,<environment.Job instance at 0x7fa2a3c19dc0>,20,3,[7 3],21,79,82,58,53
1,<environment.Job instance at 0x7fa2a3c195f0>,25,13,[10  1],26,82,95,56,68
1,<environment.Job instance at 0x7fa29d63e2d0>,32,13,[10  1],33,95,108,62,82
1,<environment.Job instance at 0x7fa29d63e730>,35,14,[6 3],36,108,122,72,93
1,<environment.Job instance at 0x7fa29d63e0a0>,37,14,[7 3],38,122,136,84,107
1,<environment.Job instance at 0x7fa29d63e050>,40,12,[5 4],41,136,148,95,119
1,<environment.Job instance at 0x7fa29d646370>,44,13,[6 4],45,148,161,103,133
1,<environment.Job instance at 0x7fa29d646f50>,51,17,[4 8],52,161,178,109,157
1,<environment.Job instance at 0x7fa2a3b23780>,58,12,[2 6],59,178,190,119,161
1,<environment.Job instance at 0x7fa2a3b23af0>,62,2,[8 5],63,190,192,127,174
1,<environment.Job instance at 0x7fa2a3b238c0>,64,2,[1 8],65,203,205,138,203
1,<environment.Job instance at 0x7fa29d63ed20>,30,15,[1 7],31,205,220,174,203
1,<environment.Job instance at 0x7fa25934faa0>,69,2,[10  5],70,220,222,150,203
1,<environment.Job instance at 0x7fa25934fc30>,70,2,[5 5],71,222,224,151,203
1,<environment.Job instance at 0x7fa25934f820>,72,13,[4 9],73,224,237,151,208
1,<environment.Job instance at 0x7fa29d5d96e0>,78,16,[10  1],79,237,253,158,224
1,<environment.Job instance at 0x7fa2599f7a00>,3,18,[5 6],4,4,22,0,4
1,<environment.Job instance at 0x7fa259a09410>,15,15,[2 7],16,22,37,6,16
1,<environment.Job instance at 0x7fa259a09fa0>,12,2,[1 9],13,49,51,36,49
1,<environment.Job instance at 0x7fa259a09af0>,21,1,[4 8],22,51,52,29,49
1,<environment.Job instance at 0x7fa259a09b40>,20,1,[9 4],21,52,53,31,52
1,<environment.Job instance at 0x7fa2599d5d70>,32,17,[1 8],33,111,128,78,111
1,<environment.Job instance at 0x7fa2599d5eb0>,33,3,[ 2 10],34,128,131,94,111
1,<environment.Job instance at 0x7fa2599d5910>,37,3,[6 4],38,131,134,93,127
1,<environment.Job instance at 0x7fa2599d51e0>,38,16,[3 5],39,131,147,92,127
1,<environment.Job instance at 0x7fa2599d5370>,40,3,[8 3],41,147,150,106,127
1,<environment.Job instance at 0x7fa259abdeb0>,42,2,[10  1],43,150,152,107,129
1,<environment.Job instance at 0x7fa259abd870>,47,16,[5 1],48,152,168,104,148
1,<environment.Job instance at 0x7fa259a096e0>,22,26,[5 3],23,153,179,130,153
1,<environment.Job instance at 0x7fa2599e4d20>,54,3,[5 6],55,182,185,127,182
1,<environment.Job instance at 0x7fa2599e4a00>,55,15,[1 8],56,185,200,129,182
1,<environment.Job instance at 0x7fa2599e49b0>,57,2,[5 7],58,200,202,142,183
1,<environment.Job instance at 0x7fa2599e41e0>,61,2,[9 3],62,202,204,140,184
1,<environment.Job instance at 0x7fa259acb9b0>,62,2,[3 7],63,204,206,141,184
1,<environment.Job instance at 0x7fa259acbc80>,66,15,[3 7],67,206,221,139,192
1,<environment.Job instance at 0x7fa259acb280>,71,12,[6 3],72,207,219,135,207
1,<environment.Job instance at 0x7fa259acb3c0>,73,18,[5 4],74,221,239,147,210
1,<environment.Job instance at 0x7f2bd3058a00>,4,13,[3 6],5,5,18,0,5
1,<environment.Job instance at 0x7f2bd3058d20>,6,15,[2 8],7,18,33,11,7
1,<environment.Job instance at 0x7f2bd3058f00>,11,3,[4 9],12,33,36,21,16
1,<environment.Job instance at 0x7f2bd305d5a0>,16,18,[7 3],17,36,54,19,25
1,<environment.Job instance at 0x7f2bd305d7d0>,20,3,[10  5],21,54,57,33,41
1,<environment.Job instance at 0x7f2bd305da00>,22,12,[3 8],23,57,69,34,44
1,<environment.Job instance at 0x7f2bd305d870>,24,2,[4 6],25,69,71,44,50
1,<environment.Job instance at 0x7f2bd305daa0>,23,16,[6 2],24,57,73,33,50
1,<environment.Job instance at 0x7f2bd305dc80>,25,2,[5 7],26,73,75,47,50
1,<environment.Job instance at 0x7f2bd305dd70>,26,12,[8 5],27,75,87,48,59
1,<environment.Job instance at 0x7f2bd305deb0>,29,2,[4 7],30,71,73,41,61
1,<environment.Job instance at 0x7f2bd305dc30>,27,17,[4 6],28,87,104,59,78
1,<environment.Job instance at 0x7f2bd305d780>,19,25,[5 9],20,104,129,84,103
1,<environment.Job instance at 0x7f2bd3061be0>,43,12,[4 5],44,129,141,85,128
1,<environment.Job instance at 0x7f2bd3061fa0>,47,13,[ 3 10],48,141,154,93,128
1,<environment.Job instance at 0x7f2bd3061820>,39,14,[9 4],40,154,168,114,154
1,<environment.Job instance at 0x7f2bd3063190>,1,2,[5 3],2,2,4,0,2
1,<environment.Job instance at 0x7f2bda0fed70>,8,17,[3 7],9,9,26,0,9
1,<environment.Job instance at 0x7f2bda0fe500>,12,14,[4 9],13,26,40,13,14
1,<environment.Job instance at 0x7f2bda0fea00>,13,12,[5 3],14,14,26,0,14
1,<environment.Job instance at 0x7f2bda0fe870>,14,2,[2 8],15,40,42,25,16
1,<environment.Job instance at 0x7f2bda0fe190>,16,2,[7 2],17,40,42,23,17
1,<environment.Job instance at 0x7f2bda0fe5a0>,15,1,[5 8],16,42,43,26,18
1,<environment.Job instance at 0x7f2bd2fec8c0>,23,2,[9 3],24,43,45,19,27
1,<environment.Job instance at 0x7f2bd3073f00>,24,2,[1 7],25,43,45,18,28
1,<environment.Job instance at 0x7f2bda3311e0>,19,14,[9 4],20,45,59,25,30
1,<environment.Job instance at 0x7f2bda331190>,20,1,[5 4],21,59,60,38,41
1,<environment.Job instance at 0x7f2bda335370>,30,1,[5 5],31,59,60,28,43
1,<environment.Job instance at 0x7f2bda3351e0>,28,14,[6 1],29,60,74,31,45
1,<environment.Job instance at 0x7f2bda335320>,35,15,[1 7],36,60,75,24,46
1,<environment.Job instance at 0x7f2bda331640>,22,18,[3 5],23,75,93,52,67
1,<environment.Job instance at 0x7f2bda32c550>,41,18,[5 4],42,75,93,33,67
1,<environment.Job instance at 0x7f2bda32cbe0>,1,15,[2 7],2,2,17,0,2
1,<environment.Job instance at 0x7f2b97420a50>,11,17,[6 4],12,17,34,5,13
1,<environment.Job instance at 0x7f2b974200a0>,8,3,[5 5],9,34,37,25,13
1,<environment.Job instance at 0x7f2b974202d0>,14,1,[9 2],15,37,38,22,19
1,<environment.Job instance at 0x7f2b97420be0>,16,12,[8 4],17,38,50,21,21
1,<environment.Job instance at 0x7f2b97413dc0>,22,18,[7 5],23,50,68,27,45
1,<environment.Job instance at 0x7f2b97413c30>,29,13,[5 5],30,68,81,38,52
1,<environment.Job instance at 0x7f2b97409320>,35,15,[8 3],36,81,96,45,81
1,<environment.Job instance at 0x7f2b97409410>,36,1,[9 5],37,96,97,59,83
1,<environment.Job instance at 0x7f2b97409b40>,34,12,[5 4],35,97,109,62,84
1,<environment.Job instance at 0x7f2b97409230>,40,2,[7 5],41,109,111,68,85
1,<environment.Job instance at 0x7f2b97409500>,46,13,[10  5],47,111,124,64,103
1,<environment.Job instance at 0x7f2b974263c0>,5,17,[10  4],6,6,23,0,6
1,<environment.Job instance at 0x7f2b97426fa0>,11,12,[5 4],12,23,35,11,17
1,<environment.Job instance at 0x7f2b9744b910>,13,2,[9 4],14,35,37,21,17
1,<environment.Job instance at 0x7f2b9744bc80>,14,14,[10  5],15,37,51,22,22
1,<environment.Job instance at 0x7f2b9744b5a0>,15,2,[5 6],16,23,25,7,22
1,<environment.Job instance at 0x7f2b977d2230>,25,17,[5 1],26,58,75,32,58
1,<environment.Job instance at 0x7f2b9799aaa0>,26,3,[10  3],27,75,78,48,58
1,<environment.Job instance at 0x7f2b9742d1e0>,28,2,[5 7],29,62,64,33,62
1,<environment.Job instance at 0x7f2b9742d4b0>,29,2,[10  2],30,78,80,48,62
1,<environment.Job instance at 0x7f2b9742d8c0>,36,17,[9 1],37,80,97,43,70
1,<environment.Job instance at 0x7f2b9742d320>,40,17,[9 5],41,97,114,56,87
1,<environment.Job instance at 0x7f2b9742dd70>,2,3,[8 2],3,3,6,0,3
1,<environment.Job instance at 0x7f2b9744ccd0>,3,14,[5 9],4,6,20,2,4
1,<environment.Job instance at 0x7f2b97705a00>,11,17,[3 6],12,20,37,8,14
1,<environment.Job instance at 0x7f2b977d2c80>,16,16,[1 8],17,37,53,20,35
1,<environment.Job instance at 0x7f2b977d26e0>,19,17,[8 5],20,76,93,56,76
1,<environment.Job instance at 0x7f2b97a05aa0>,20,3,[4 8],21,93,96,72,77
1,<environment.Job instance at 0x7f2b97a05a00>,21,3,[5 3],22,96,99,74,77
1,<environment.Job instance at 0x7f2b97a05af0>,23,18,[5 1],24,93,111,69,84
1,<environment.Job instance at 0x7f2b979f90f0>,31,1,[ 5 10],32,111,112,79,103
1,<environment.Job instance at 0x7f2b979f9190>,32,2,[10  4],33,112,114,79,103
1,<environment.Job instance at 0x7f2b979f92d0>,34,2,[3 8],35,105,107,70,105
1,<environment.Job instance at 0x7f2b979f9640>,36,1,[5 1],37,119,120,82,119
1,<environment.Job instance at 0x7f2b979f9820>,39,2,[7 2],40,124,126,84,124
1,<environment.Job instance at 0x7f2b979f98c0>,40,13,[5 9],41,128,141,87,128
1,<environment.Job instance at 0x7f2b979f9780>,38,13,[2 7],39,141,154,102,130
1,<environment.Job instance at 0x7f2b979f9be0>,45,27,[6 1],46,149,176,103,149
1,<environment.Job instance at 0x7f2b979f93c0>,1,16,[5 8],2,2,18,0,2
1,<environment.Job instance at 0x7f2bd5743e60>,12,1,[1 5],13,18,19,5,13
1,<environment.Job instance at 0x7f2b979f9230>,9,3,[4 8],10,19,22,9,14
1,<environment.Job instance at 0x7f2bd5743550>,14,3,[5 4],15,22,25,7,15
1,<environment.Job instance at 0x7f2bd5629500>,18,17,[1 5],19,22,39,3,19
1,<environment.Job instance at 0x7f2bd5629f50>,19,18,[5 2],20,25,43,5,20
1,<environment.Job instance at 0x7f2bd56297d0>,20,18,[5 8],21,39,57,18,28
1,<environment.Job instance at 0x7f2b974d7460>,24,3,[7 5],25,57,60,32,33
1,<environment.Job instance at 0x7f2bd5743cd0>,11,17,[10  2],12,60,77,48,48
1,<environment.Job instance at 0x7f2b974d7870>,32,15,[9 2],33,79,94,46,79
1,<environment.Job instance at 0x7f2b974d7cd0>,34,16,[7 5],35,94,110,59,81
1,<environment.Job instance at 0x7f2bd5d2b780>,40,2,[4 9],41,110,112,69,91
1,<environment.Job instance at 0x7f2b974d72d0>,25,2,[5 8],26,112,114,86,91
1,<environment.Job instance at 0x7f2bd5d2be10>,41,3,[9 4],42,114,117,72,96
1,<environment.Job instance at 0x7f2bd5d2be60>,45,1,[6 3],46,117,118,71,101
1,<environment.Job instance at 0x7f2b974d70f0>,30,15,[5 8],31,118,133,87,104
1,<environment.Job instance at 0x7f2bd5d2bbe0>,47,1,[1 5],48,104,105,56,104
1,<environment.Job instance at 0x7f2bd356b4b0>,8,14,[7 1],9,9,23,0,9
1,<environment.Job instance at 0x7f2bda0a4e60>,3,17,[7 4],4,23,40,19,11
1,<environment.Job instance at 0x7f2b9785af50>,14,15,[2 6],15,16,31,1,16
1,<environment.Job instance at 0x7f2b9785a050>,15,16,[7 5],16,40,56,24,27
1,<environment.Job instance at 0x7f2b9791a690>,22,2,[7 5],23,56,58,33,36
1,<environment.Job instance at 0x7f2b97812190>,24,2,[5 8],25,58,60,33,43
1,<environment.Job instance at 0x7f2b97445780>,23,16,[ 4 10],24,66,82,42,66
1,<environment.Job instance at 0x7f2b9783d0f0>,32,20,[4 9],33,82,102,49,77
1,<environment.Job instance at 0x7f2b9783d190>,34,1,[10  5],35,102,103,67,79
1,<environment.Job instance at 0x7f2bd313e280>,35,3,[10  5],36,103,106,67,79
1,<environment.Job instance at 0x7f2b97705aa0>,36,2,[5 5],37,106,108,69,79
1,<environment.Job instance at 0x7f2b9754d5a0>,37,3,[9 3],38,108,111,70,88
1,<environment.Job instance at 0x7f2b973d3a00>,41,1,[5 8],42,111,112,69,90
1,<environment.Job instance at 0x7f2b97716aa0>,45,3,[5 2],46,111,114,65,97
1,<environment.Job instance at 0x7f2b97716690>,46,13,[2 5],47,112,125,65,100
1,<environment.Job instance at 0x7f2bd3484be0>,42,17,[5 9],43,125,142,82,118
1,<environment.Job instance at 0x7f2bd5741e10>,4,16,[5 2],5,5,21,0,5
1,<environment.Job instance at 0x7f2bd5972870>,1,2,[4 5],2,5,7,3,5
1,<environment.Job instance at 0x7f2bd2fdbd70>,5,2,[6 3],6,21,23,15,6
1,<environment.Job instance at 0x7f2b97513690>,7,14,[3 6],8,8,22,0,8
1,<environment.Job instance at 0x7f2b978210f0>,8,12,[6 4],9,23,35,14,9
1,<environment.Job instance at 0x7f2bd2f86e10>,17,3,[10  5],18,35,38,17,20
1,<environment.Job instance at 0x7f2b971d6410>,19,2,[5 3],20,38,40,18,20
1,<environment.Job instance at 0x7f2b971b2410>,22,14,[2 8],23,40,54,17,26
1,<environment.Job instance at 0x7f2b971d67d0>,26,2,[2 7],27,38,40,11,28
1,<environment.Job instance at 0x7f2b973a9190>,27,13,[ 5 10],28,54,67,26,38
1,<environment.Job instance at 0x7f2b9725bf00>,32,17,[8 2],33,67,84,34,57
1,<environment.Job instance at 0x7f2bd31b13c0>,34,17,[6 1],35,84,101,49,72
1,<environment.Job instance at 0x7f2bd577f870>,40,15,[1 9],41,84,99,43,73
1,<environment.Job instance at 0x7f2bd577fbe0>,41,13,[1 7],42,99,112,57,83
1,<environment.Job instance at 0x7f2b971d6af0>,18,16,[5 2],19,101,117,82,95
1,<environment.Job instance at 0x7f2b97298d20>,36,17,[7 4],37,117,134,80,116
1,<environment.Job instance at 0x7f2bd577fb40>,44,18,[10  5],45,134,152,89,123
1,<environment.Job instance at 0x7f2bd5914690>,4,17,[2 6],5,5,22,0,5
1,<environment.Job instance at 0x7f2bd3012a00>,9,1,[8 5],10,22,23,12,10
1,<environment.Job instance at 0x7f2bd30120f0>,7,16,[7 4],8,23,39,15,12
1,<environment.Job instance at 0x7f2bd3012d20>,20,12,[10  5],21,39,51,18,22
1,<environment.Job instance at 0x7f2bd3012230>,11,16,[4 5],12,51,67,39,50
1,<environment.Job instance at 0x7f2bd3074640>,32,12,[7 5],33,70,82,37,70
1,<environment.Job instance at 0x7f2bd59146e0>,3,18,[1 6],4,84,102,80,84
1,<environment.Job instance at 0x7f2bd3074500>,30,13,[6 2],31,86,99,55,86
1,<environment.Job instance at 0x7f2bd3074230>,38,14,[8 2],39,99,113,60,86
1,<environment.Job instance at 0x7f2b97712280>,43,13,[ 4 10],44,113,126,69,103
1,<environment.Job instance at 0x7f2b97712aa0>,45,3,[8 5],46,126,129,80,124
1,<environment.Job instance at 0x7f2b97712f50>,46,14,[2 5],47,126,140,79,125
1,<environment.Job instance at 0x7f2bd5708c80>,5,14,[3 8],6,8,22,2,8
1,<environment.Job instance at 0x7f2bd5708370>,8,15,[2 9],9,22,37,13,9
1,<environment.Job instance at 0x7f2bd5afb1e0>,14,3,[2 8],15,37,40,22,20
1,<environment.Job instance at 0x7f2bd5afb4b0>,15,13,[6 3],16,40,53,24,24
1,<environment.Job instance at 0x7f2bd5afbaf0>,20,12,[3 7],21,40,52,19,32
1,<environment.Job instance at 0x7f2bd2e37190>,22,14,[5 3],23,53,67,30,43
1,<environment.Job instance at 0x7f2bd5708af0>,11,2,[7 2],12,67,69,55,47
1,<environment.Job instance at 0x7f2bd2e37aa0>,27,3,[3 5],28,52,55,24,49
1,<environment.Job instance at 0x7f2bd2e528c0>,28,1,[6 5],29,69,70,40,49
1,<environment.Job instance at 0x7f2b9744b140>,29,2,[1 9],30,70,72,40,52
1,<environment.Job instance at 0x7f2bd2e37910>,23,12,[2 7],24,55,67,31,53
1,<environment.Job instance at 0x7f2bd5afb370>,18,13,[8 3],19,72,85,53,56
1,<environment.Job instance at 0x7f2bd2e37f00>,26,3,[6 4],27,85,88,58,59
1,<environment.Job instance at 0x7f2b977ed410>,30,13,[5 5],31,88,101,57,72
1,<environment.Job instance at 0x7f2bd5afc410>,38,3,[3 7],39,101,104,62,76
1,<environment.Job instance at 0x7f2bd2ea10a0>,40,15,[2 5],41,77,92,36,77
1,<environment.Job instance at 0x7f2bd5afc550>,37,18,[8 2],38,104,122,66,94
1,<environment.Job instance at 0x7f2bd302ad20>,48,2,[9 3],49,122,124,73,96
1,<environment.Job instance at 0x7f2bd55e3780>,4,16,[9 5],5,5,21,0,5
1,<environment.Job instance at 0x7f2b97361460>,11,15,[8 1],12,28,43,16,28
1,<environment.Job instance at 0x7f2bd3418280>,14,16,[6 1],15,43,59,28,30
1,<environment.Job instance at 0x7f2bd3574230>,18,13,[9 1],19,59,72,40,43
1,<environment.Job instance at 0x7f2b97170fa0>,20,3,[2 9],21,43,46,22,43
1,<environment.Job instance at 0x7f2bd2e32a50>,8,1,[9 2],9,72,73,63,57
1,<environment.Job instance at 0x7f2bd3574af0>,23,2,[7 2],24,73,75,49,61
1,<environment.Job instance at 0x7f2bd5b3b7d0>,9,18,[5 8],10,75,93,65,64
1,<environment.Job instance at 0x7f2b973130a0>,35,18,[4 6],36,93,111,57,83
1,<environment.Job instance at 0x7f2bd336ffa0>,29,18,[1 7],30,111,129,81,100
1,<environment.Job instance at 0x7f2bd2e37d20>,41,12,[1 6],42,129,141,87,112
1,<environment.Job instance at 0x7f2bd2e37f00>,44,2,[ 5 10],45,141,143,96,116
1,<environment.Job instance at 0x7f2bd2e37be0>,43,3,[5 7],44,143,146,99,117
1,<environment.Job instance at 0x7f2b9769fb90>,47,1,[ 4 10],48,146,147,98,118
1,<environment.Job instance at 0x7f2b9769faf0>,46,18,[9 3],47,119,137,72,119
1,<environment.Job instance at 0x7f2bd3387690>,2,3,[6 5],3,3,6,0,3
1,<environment.Job instance at 0x7f2b9712a6e0>,3,17,[4 7],4,6,23,2,4
1,<environment.Job instance at 0x7f2bd2ea3550>,9,2,[4 7],10,23,25,13,12
1,<environment.Job instance at 0x7f2bd2ea3460>,8,1,[10  1],9,25,26,16,12
1,<environment.Job instance at 0x7f2b9769f230>,12,12,[2 9],13,26,38,13,13
1,<environment.Job instance at 0x7f2b9717ca50>,6,2,[2 6],7,38,40,31,20
1,<environment.Job instance at 0x7f2bd3191870>,17,18,[10  5],18,40,58,22,30
1,<environment.Job instance at 0x7f2bd56d30a0>,21,3,[5 1],22,30,33,8,30
1,<environment.Job instance at 0x7f2b972146e0>,23,14,[6 5],24,58,72,34,50
1,<environment.Job instance at 0x7f2b97214960>,27,2,[3 7],28,72,74,44,51
1,<environment.Job instance at 0x7f2b97214aa0>,29,3,[7 2],30,72,75,42,53
1,<environment.Job instance at 0x7f2b97214820>,25,1,[1 8],26,74,75,48,53
1,<environment.Job instance at 0x7f2b97214a50>,30,17,[5 6],31,100,117,69,100
1,<environment.Job instance at 0x7f2b97214eb0>,36,15,[10  2],37,117,132,80,104
1,<environment.Job instance at 0x7f2b971e7410>,44,2,[7 1],45,137,139,92,137
1,<environment.Job instance at 0x7f2b971e00a0>,0,17,[10  2],1,2,19,1,2
1,<environment.Job instance at 0x7f2b974aaa50>,8,3,[ 1 10],9,19,22,10,12
1,<environment.Job instance at 0x7f2b974aa690>,9,3,[3 7],10,22,25,12,12
1,<environment.Job instance at 0x7f2b974aad70>,11,2,[5 5],12,25,27,13,12
1,<environment.Job instance at 0x7f2b974aa5a0>,6,14,[8 4],7,27,41,20,12
1,<environment.Job instance at 0x7f2b974aa5f0>,13,1,[5 5],14,25,26,11,14
1,<environment.Job instance at 0x7f2bd56f94b0>,18,13,[1 5],19,26,39,7,19
1,<environment.Job instance at 0x7f2bd56f9230>,20,3,[1 9],21,41,44,20,22
1,<environment.Job instance at 0x7f2bd56f9f00>,21,14,[3 6],22,44,58,22,42
1,<environment.Job instance at 0x7f2bd56f9cd0>,17,15,[6 1],18,42,57,24,42
1,<environment.Job instance at 0x7f2bd56f97d0>,16,3,[3 9],17,58,61,41,43
1,<environment.Job instance at 0x7f2bd56f9820>,23,1,[1 6],24,61,62,37,43
1,<environment.Job instance at 0x7f2bd9f3d5a0>,27,15,[9 1],28,61,76,33,47
1,<environment.Job instance at 0x7f2bd56f90f0>,25,16,[9 2],26,76,92,50,68
1,<environment.Job instance at 0x7f2bd9f3deb0>,30,13,[5 4],31,92,105,61,78
1,<environment.Job instance at 0x7f2bd9f3de10>,33,3,[1 8],34,81,84,47,81
1,<environment.Job instance at 0x7f2bd9f3ddc0>,34,2,[9 2],35,105,107,70,82
1,<environment.Job instance at 0x7f2bd9f3d0f0>,32,3,[9 5],33,107,110,74,83
1,<environment.Job instance at 0x7f2bd9f3d140>,36,2,[10  2],37,110,112,73,84
1,<environment.Job instance at 0x7f2bd9f3d2d0>,41,18,[4 9],42,112,130,70,101
1,<environment.Job instance at 0x7f2bd9f3d0a0>,29,17,[5 2],30,130,147,100,123
1,<environment.Job instance at 0x7f2bd9f3d960>,35,15,[6 2],36,147,162,111,138
1,<environment.Job instance at 0x7f2b974aa4b0>,2,12,[7 2],3,3,15,0,3
1,<environment.Job instance at 0x7f2bd341d0f0>,6,3,[4 9],7,15,18,8,7
1,<environment.Job instance at 0x7f2bd563d050>,7,2,[1 6],8,18,20,10,15
1,<environment.Job instance at 0x7f2bd563d550>,10,12,[2 9],11,20,32,9,15
1,<environment.Job instance at 0x7f2bd563daf0>,9,15,[1 6],10,32,47,22,20
1,<environment.Job instance at 0x7f2bd563d1e0>,12,16,[5 4],13,32,48,19,20
1,<environment.Job instance at 0x7f2bd563dcd0>,14,2,[2 7],15,48,50,33,21
1,<environment.Job instance at 0x7f2bd34cbb90>,17,14,[7 2],18,48,62,30,33
1,<environment.Job instance at 0x7f2bd34cb2d0>,22,3,[3 7],23,50,53,27,42
1,<environment.Job instance at 0x7f2bd563d870>,11,15,[8 1],12,62,77,50,49
1,<environment.Job instance at 0x7f2bd34cbc30>,25,2,[8 3],26,77,79,51,55
1,<environment.Job instance at 0x7f2bd34cb370>,24,17,[3 5],25,87,104,62,87
1,<environment.Job instance at 0x7f2bd34cb410>,30,2,[10  4],31,104,106,73,87
1,<environment.Job instance at 0x7f2bd34cb6e0>,31,13,[2 5],32,87,100,55,87
1,<environment.Job instance at 0x7f2bd34cbeb0>,33,2,[9 2],34,106,108,72,87
1,<environment.Job instance at 0x7f2bd34cb5a0>,32,14,[2 6],33,108,122,75,93
1,<environment.Job instance at 0x7f2bd34cbdc0>,34,18,[6 4],35,108,126,73,98
1,<environment.Job instance at 0x7f2bd34cb550>,36,12,[1 7],37,126,138,89,113
1,<environment.Job instance at 0x7f2b97400460>,39,15,[ 2 10],40,138,153,98,125
1,<environment.Job instance at 0x7f2b97400aa0>,48,2,[ 1 10],49,153,155,104,126
1,<environment.Job instance at 0x7f2b976d0370>,3,18,[6 4],4,4,22,0,4
1,<environment.Job instance at 0x7f2bd341deb0>,11,3,[3 5],12,12,15,0,12
1,<environment.Job instance at 0x7f2bd341d0a0>,12,12,[4 7],13,22,34,9,14
1,<environment.Job instance at 0x7f2b974800a0>,19,2,[4 7],20,34,36,14,20
1,<environment.Job instance at 0x7f2bd5667dc0>,20,12,[2 5],21,36,48,15,21
1,<environment.Job instance at 0x7f2bd5667eb0>,22,1,[5 3],23,24,25,1,24
1,<environment.Job instance at 0x7f2bd2eab780>,26,12,[4 8],27,48,60,21,45
1,<environment.Job instance at 0x7f2bd2eb6190>,29,12,[1 9],30,60,72,30,47
1,<environment.Job instance at 0x7f2bd59a2cd0>,33,12,[9 3],34,72,84,38,55
1,<environment.Job instance at 0x7f2bd59a25f0>,38,17,[5 4],39,84,101,45,73
1,<environment.Job instance at 0x7f2bd59a2410>,42,12,[8 3],43,101,113,58,84
1,<environment.Job instance at 0x7f2bd59a7a00>,43,13,[5 6],44,84,97,40,84
1,<environment.Job instance at 0x7f2bd59a7320>,47,1,[5 6],48,97,98,49,87
1,<environment.Job instance at 0x7f2bd59a75a0>,48,14,[4 5],49,113,127,64,98
1,<environment.Job instance at 0x7f2bd348e0a0>,5,2,[ 2 10],6,6,8,0,6
1,<environment.Job instance at 0x7f2bd348e640>,6,17,[2 9],7,8,25,1,8
1,<environment.Job instance at 0x7f2bd348ec80>,7,13,[4 7],8,25,38,17,9
1,<environment.Job instance at 0x7f2bd348e0f0>,12,2,[3 9],13,38,40,25,20
1,<environment.Job instance at 0x7f2bd348e870>,11,17,[10  5],12,40,57,28,28
1,<environment.Job instance at 0x7f2bd5c385f0>,20,3,[ 1 10],21,57,60,36,36
1,<environment.Job instance at 0x7f2bd5c38960>,23,3,[4 8],24,60,63,36,40
1,<environment.Job instance at 0x7f2bd5c38640>,25,12,[3 7],26,63,75,37,47
1,<environment.Job instance at 0x7f2bd564d730>,28,15,[6 2],29,60,75,31,47
1,<environment.Job instance at 0x7f2bd564d320>,33,1,[6 2],34,75,76,41,57
1,<environment.Job instance at 0x7f2bd564daa0>,34,2,[2 7],35,75,77,40,59
1,<environment.Job instance at 0x7f2bd564d550>,32,14,[8 5],33,77,91,44,62
1,<environment.Job instance at 0x7f2bd564d8c0>,37,3,[4 6],38,91,94,53,65
1,<environment.Job instance at 0x7f2bd564dd20>,39,1,[5 6],40,94,95,54,66
1,<environment.Job instance at 0x7f2bd31cd5a0>,43,18,[ 2 10],44,95,113,51,84
1,<environment.Job instance at 0x7f2bd5c38af0>,24,12,[3 7],25,113,125,88,109
1,<environment.Job instance at 0x7f2bd348e410>,9,14,[4 7],10,125,139,115,110
1,<environment.Job instance at 0x7f2bd31cd9b0>,48,1,[6 4],49,139,140,90,131
1,<environment.Job instance at 0x7f2bd31cdc30>,1,12,[3 9],2,2,14,0,2
1,<environment.Job instance at 0x7f2b97145e60>,8,2,[6 4],9,14,16,5,9
1,<environment.Job instance at 0x7f2bd5b00910>,7,1,[2 8],8,16,17,8,11
1,<environment.Job instance at 0x7f2bd33a0370>,10,12,[3 6],11,17,29,6,11
1,<environment.Job instance at 0x7f2bd30e2460>,11,2,[3 5],12,14,16,2,12
1,<environment.Job instance at 0x7f2bd30e20f0>,12,1,[5 5],13,29,30,16,16
1,<environment.Job instance at 0x7f2b975c2e60>,15,14,[10  1],16,30,44,14,19
1,<environment.Job instance at 0x7f2bd2ef7230>,19,1,[6 2],20,22,23,2,22
1,<environment.Job instance at 0x7f2b9795a690>,20,15,[6 3],21,44,59,23,30
1,<environment.Job instance at 0x7f2bd30e2730>,13,24,[3 5],14,61,85,47,61
1,<environment.Job instance at 0x7f2bd2e8fa00>,25,3,[6 4],26,61,64,35,61
1,<environment.Job instance at 0x7f2bd2e8f550>,27,3,[3 8],28,85,88,57,64
1,<environment.Job instance at 0x7f2b975e7960>,29,1,[4 5],30,64,65,34,64
1,<environment.Job instance at 0x7f2b975e77d0>,30,18,[2 7],31,88,106,57,77
1,<environment.Job instance at 0x7f2bd33cda00>,36,13,[6 5],37,106,119,69,90
1,<environment.Job instance at 0x7f2b975e7870>,31,15,[6 3],32,90,105,58,90
1,<environment.Job instance at 0x7f2b9750c640>,41,1,[9 4],42,119,120,77,98
1,<environment.Job instance at 0x7f2b9750c4b0>,42,2,[3 6],43,120,122,77,99
1,<environment.Job instance at 0x7f2b9795ac30>,17,17,[2 7],18,122,139,104,113
1,<environment.Job instance at 0x7f2b9750cf00>,47,2,[4 6],48,139,141,91,113
1,<environment.Job instance at 0x7f2bd31cdfa0>,2,2,[5 1],3,4,6,1,4
1,<environment.Job instance at 0x7f2bd3505460>,4,16,[2 7],5,5,21,0,5
1,<environment.Job instance at 0x7f2bd2fb11e0>,8,2,[2 5],9,21,23,12,9
1,<environment.Job instance at 0x7f2bd5b00280>,9,12,[7 5],10,21,33,11,10
1,<environment.Job instance at 0x7f2bd31cd190>,12,2,[5 2],13,16,18,3,16
1,<environment.Job instance at 0x7f2b976d0a00>,13,3,[10  2],14,33,36,19,16
1,<environment.Job instance at 0x7f2bd2f83d20>,7,3,[ 4 10],8,36,39,28,17
1,<environment.Job instance at 0x7f2b976d0190>,14,12,[10  2],15,39,51,24,24
1,<environment.Job instance at 0x7f2b976d0fa0>,10,18,[5 6],11,72,90,61,72
1,<environment.Job instance at 0x7f2bd5a435a0>,28,3,[9 3],29,90,93,61,73
1,<environment.Job instance at 0x7f2bd3106960>,31,2,[2 6],32,93,95,61,74
1,<environment.Job instance at 0x7f2bd3106320>,30,1,[10  4],31,95,96,64,77
1,<environment.Job instance at 0x7f2bd30da280>,35,13,[4 7],36,96,109,60,80
1,<environment.Job instance at 0x7f2bd30da500>,38,2,[5 5],39,109,111,70,87
1,<environment.Job instance at 0x7f2bd31061e0>,33,16,[6 3],34,111,127,77,99
1,<environment.Job instance at 0x7f2bd30f1870>,41,12,[7 1],42,127,139,85,111
1,<environment.Job instance at 0x7f2bd30f1af0>,45,2,[1 5],46,133,135,87,133
1,<environment.Job instance at 0x7f2bd30f1a50>,47,13,[5 3],48,139,152,91,139
1,<environment.Job instance at 0x7f2bd30f17d0>,48,12,[10  2],49,152,164,103,139
1,<environment.Job instance at 0x7f2bd357ae60>,16,13,[9 1],17,164,177,147,159
1,<environment.Job instance at 0x7f2bda1b2aa0>,0,16,[ 2 10],1,1,17,0,1
1,<environment.Job instance at 0x7f2bd5782690>,7,13,[5 8],8,17,30,9,8
1,<environment.Job instance at 0x7f2bd5782320>,10,14,[6 3],11,30,44,19,15
1,<environment.Job instance at 0x7f2bd5782550>,15,3,[2 6],16,30,33,14,16
1,<environment.Job instance at 0x7f2bd57828c0>,20,13,[3 8],21,44,57,23,33
1,<environment.Job instance at 0x7f2bd55fc280>,22,17,[3 5],23,57,74,34,50
1,<environment.Job instance at 0x7f2bd55fc5f0>,27,3,[10  5],28,74,77,46,56
1,<environment.Job instance at 0x7f2bd55fcd20>,28,13,[8 3],29,77,90,48,62
1,<environment.Job instance at 0x7f2bd55fc500>,34,18,[5 2],35,90,108,55,79
1,<environment.Job instance at 0x7f2bd5782230>,12,15,[3 9],13,108,123,95,94
1,<environment.Job instance at 0x7f2b974846e0>,38,1,[1 9],39,123,124,84,95
1,<environment.Job instance at 0x7f2b97484910>,39,1,[3 6],40,98,99,58,98
1,<environment.Job instance at 0x7f2bd320fbe0>,42,12,[5 2],43,124,136,81,107
1,<environment.Job instance at 0x7f2b97484a50>,41,18,[7 2],42,136,154,94,125
1,<environment.Job instance at 0x7f2bd3302be0>,4,12,[7 1],5,8,20,3,8
1,<environment.Job instance at 0x7f2bd339a3c0>,8,16,[6 5],9,20,36,11,10
1,<environment.Job instance at 0x7f2bd3302aa0>,9,2,[6 4],10,36,38,26,12
1,<environment.Job instance at 0x7f2bd2fdfc30>,11,3,[5 9],12,38,41,26,12
1,<environment.Job instance at 0x7f2bd2fdfa00>,13,2,[7 5],14,41,43,27,14
1,<environment.Job instance at 0x7f2bd339aaf0>,12,3,[7 1],13,43,46,30,17
1,<environment.Job instance at 0x7f2bd2fdf3c0>,17,1,[5 4],18,46,47,28,32
1,<environment.Job instance at 0x7f2b973f9690>,18,3,[3 5],19,32,35,13,32
1,<environment.Job instance at 0x7f2bd2fdf730>,19,12,[1 6],20,43,55,23,33
1,<environment.Job instance at 0x7f2bd5a1f7d0>,22,15,[4 9],23,55,70,32,41
1,<environment.Job instance at 0x7f2bd5ae9eb0>,25,15,[7 1],26,70,85,44,56
1,<environment.Job instance at 0x7f2bd3302820>,7,17,[6 2],8,85,102,77,73
1,<environment.Job instance at 0x7f2bd5ae9aa0>,30,3,[9 1],31,102,105,71,76
1,<environment.Job instance at 0x7f2bd59039b0>,33,2,[9 1],34,105,107,71,85
1,<environment.Job instance at 0x7f2bd9daecd0>,35,2,[ 3 10],36,107,109,71,87
1,<environment.Job instance at 0x7f2bd5ae99b0>,34,14,[5 8],35,109,123,74,95
1,<environment.Job instance at 0x7f2bd5ae9dc0>,28,13,[7 1],29,123,136,94,107
1,<environment.Job instance at 0x7f2b97812d70>,41,13,[5 2],42,109,122,67,108
1,<environment.Job instance at 0x7f544f6b2aa0>,4,13,[3 6],5,5,18,0,5
1,<environment.Job instance at 0x7f544f6b2c80>,6,15,[2 8],7,18,33,11,7
1,<environment.Job instance at 0x7f5456ac14b0>,9,12,[8 2],10,18,30,8,17
1,<environment.Job instance at 0x7f544f6b2fa0>,10,22,[8 1],11,30,52,19,23
1,<environment.Job instance at 0x7f544f6b7460>,16,18,[7 3],17,52,70,35,41
1,<environment.Job instance at 0x7f544f6b78c0>,20,3,[10  5],21,70,73,49,48
1,<environment.Job instance at 0x7f544f6b7a00>,22,12,[3 8],23,73,85,50,64
1,<environment.Job instance at 0x7f544f6b79b0>,24,2,[4 6],25,85,87,60,64
1,<environment.Job instance at 0x7f544f6b7820>,23,16,[6 2],24,73,89,49,66
1,<environment.Job instance at 0x7f544f6b7fa0>,27,17,[4 6],28,87,104,59,75
1,<environment.Job instance at 0x7f544f6ba460>,34,14,[1 9],35,110,124,75,110
1,<environment.Job instance at 0x7f544f6ba5a0>,36,2,[7 5],37,124,126,87,111
1,<environment.Job instance at 0x7f544f6ba640>,37,14,[5 8],38,126,140,88,113
1,<environment.Job instance at 0x7f544f6ba820>,41,1,[7 1],42,140,141,98,136
1,<environment.Job instance at 0x7f544f6baaa0>,42,2,[4 7],43,141,143,98,136
1,<environment.Job instance at 0x7f544f6baa50>,43,12,[4 5],44,143,155,99,136
1,<environment.Job instance at 0x7f544f6babe0>,44,3,[5 1],45,136,139,91,136
1,<environment.Job instance at 0x7f544f6bac80>,45,15,[7 5],46,155,170,109,141
1,<environment.Job instance at 0x7f544f6bab40>,50,2,[5 6],51,170,172,119,143
1,<environment.Job instance at 0x7f544f6baeb0>,51,2,[5 3],52,143,145,91,143
1,<environment.Job instance at 0x7f544f6bd050>,52,2,[ 2 10],53,172,174,119,145
1,<environment.Job instance at 0x7f544f6bd280>,53,3,[2 9],54,174,177,120,148
1,<environment.Job instance at 0x7f544f6bd370>,56,3,[8 4],57,177,180,120,160
1,<environment.Job instance at 0x7f544f6bd2d0>,55,12,[2 6],56,177,189,121,160
1,<environment.Job instance at 0x7f544f6b7960>,21,18,[9 4],22,190,208,168,190
1,<environment.Job instance at 0x7f5456c35d20>,8,14,[6 4],9,9,23,0,9
1,<environment.Job instance at 0x7f5456c39cd0>,9,14,[9 4],10,23,37,13,10
1,<environment.Job instance at 0x7f5456c39780>,17,16,[8 1],18,37,53,19,24
1,<environment.Job instance at 0x7f5456c39e60>,16,13,[10  1],17,53,66,36,38
1,<environment.Job instance at 0x7f5456c39e10>,14,2,[1 7],15,49,51,34,49
1,<environment.Job instance at 0x7f5456c36690>,26,3,[6 3],27,66,69,39,49
1,<environment.Job instance at 0x7f5456c36140>,25,15,[1 7],26,66,81,40,52
1,<environment.Job instance at 0x7f5456aeff50>,35,3,[8 5],36,81,84,45,73
1,<environment.Job instance at 0x7f5456aef2d0>,36,18,[2 6],37,84,102,47,73
1,<environment.Job instance at 0x7f5456aef5a0>,37,2,[6 2],38,73,75,35,73
1,<environment.Job instance at 0x7f5456aef730>,42,13,[9 4],43,102,115,59,86
1,<environment.Job instance at 0x7f5456c367d0>,28,16,[4 9],29,115,131,86,103
1,<environment.Job instance at 0x7f5456c3eaf0>,53,17,[5 1],54,122,139,68,122
1,<environment.Job instance at 0x7f5456c33870>,58,16,[5 2],59,131,147,72,131
1,<environment.Job instance at 0x7f540baa2280>,7,14,[7 2],8,8,22,0,8
1,<environment.Job instance at 0x7f540ba8bcd0>,10,17,[9 5],11,22,39,11,12
1,<environment.Job instance at 0x7f540ba8baa0>,14,12,[5 4],15,39,51,24,22
1,<environment.Job instance at 0x7f540b9f7c80>,21,14,[ 3 10],22,51,65,29,36
1,<environment.Job instance at 0x7f540ba86d70>,29,17,[5 7],30,65,82,35,53
1,<environment.Job instance at 0x7f540ba86640>,32,1,[9 2],33,82,83,49,54
1,<environment.Job instance at 0x7f540ba86d20>,34,1,[8 3],35,83,84,48,55
1,<environment.Job instance at 0x7f540ba86a00>,41,12,[5 4],42,84,96,42,70
1,<environment.Job instance at 0x7f540bab00a0>,45,2,[5 6],46,84,86,38,76
1,<environment.Job instance at 0x7f540bab0870>,49,14,[ 5 10],50,96,110,46,91
1,<environment.Job instance at 0x7f540bab0f00>,55,17,[5 1],56,113,130,57,113
1,<environment.Job instance at 0x7f540bc7d5f0>,2,1,[8 3],3,3,4,0,3
1,<environment.Job instance at 0x7f540ba009b0>,3,3,[2 5],4,4,7,0,4
1,<environment.Job instance at 0x7f540ba56d70>,4,19,[6 2],5,5,24,0,5
1,<environment.Job instance at 0x7f540baad500>,13,12,[1 9],14,24,36,10,14
1,<environment.Job instance at 0x7f540baada00>,15,15,[5 3],16,39,54,23,39
1,<environment.Job instance at 0x7f540bb71a00>,26,16,[6 5],27,57,73,30,57
1,<environment.Job instance at 0x7f540bb71370>,29,15,[5 5],30,77,92,47,77
1,<environment.Job instance at 0x7f540bd1ad20>,31,17,[3 6],32,92,109,60,81
1,<environment.Job instance at 0x7f540bd1aaf0>,33,1,[4 8],34,109,110,75,98
1,<environment.Job instance at 0x7f540bd6e9b0>,36,16,[1 8],37,110,126,73,100
1,<environment.Job instance at 0x7f540bd6eb90>,41,3,[5 3],42,103,106,61,103
1,<environment.Job instance at 0x7f540bd6e3c0>,42,15,[8 2],43,110,125,67,103
1,<environment.Job instance at 0x7f540bd6ee10>,44,15,[8 5],45,126,141,81,116
1,<environment.Job instance at 0x7f540bd5a640>,16,3,[7 5],17,152,155,135,152
1,<environment.Job instance at 0x7f540b9b4550>,51,1,[ 5 10],52,155,156,103,152
1,<environment.Job instance at 0x7f540bd6a780>,49,13,[4 5],50,156,169,106,152
1,<environment.Job instance at 0x7f540b9b4a00>,52,2,[10  4],53,169,171,116,155
1,<environment.Job instance at 0x7f540bd6e910>,46,2,[10  2],47,171,173,124,155
1,<environment.Job instance at 0x7f540b9b4aa0>,56,1,[5 1],57,158,159,101,158
1,<environment.Job instance at 0x7f540b9b4050>,54,2,[3 8],55,173,175,118,158
1,<environment.Job instance at 0x7f540b9b4690>,55,18,[5 4],56,175,193,119,164
1,<environment.Job instance at 0x7f540bab0a00>,2,12,[ 5 10],3,4,16,1,4
1,<environment.Job instance at 0x7f540b990780>,4,13,[4 5],5,16,29,11,5
1,<environment.Job instance at 0x7f540be05410>,7,14,[10  3],8,29,43,21,14
1,<environment.Job instance at 0x7f540bda2a50>,17,14,[10  5],18,43,57,25,28
1,<environment.Job instance at 0x7f540bdad3c0>,24,3,[5 4],25,57,60,32,38
1,<environment.Job instance at 0x7f540bdad8c0>,29,18,[5 2],30,57,75,27,47
1,<environment.Job instance at 0x7f540bdad960>,30,18,[5 8],31,60,78,29,49
1,<environment.Job instance at 0x7f540be056e0>,9,2,[6 2],10,78,80,68,59
1,<environment.Job instance at 0x7f540be05050>,10,13,[3 5],11,78,91,67,62
1,<environment.Job instance at 0x7f540bdaddc0>,37,15,[3 6],38,91,106,53,77
1,<environment.Job instance at 0x7f540ba568c0>,8,3,[5 1],9,85,88,76,85
1,<environment.Job instance at 0x7f540bdadbe0>,34,3,[7 5],35,88,91,53,86
1,<environment.Job instance at 0x7f540bda91e0>,43,2,[7 3],44,91,93,47,86
1,<environment.Job instance at 0x7f540bdadc80>,35,2,[5 8],36,106,108,70,90
1,<environment.Job instance at 0x7f540bda93c0>,46,2,[8 1],47,108,110,61,93
1,<environment.Job instance at 0x7f540bda9280>,44,16,[7 5],45,110,126,65,103
1,<environment.Job instance at 0x7f540bda9910>,50,2,[4 9],51,126,128,75,105
1,<environment.Job instance at 0x7f540bda9a50>,52,2,[2 9],53,108,110,55,107
1,<environment.Job instance at 0x7f540bda9c30>,55,1,[6 3],56,128,129,72,107
1,<environment.Job instance at 0x7f540bda9cd0>,56,13,[8 2],57,129,142,72,113
1,<environment.Job instance at 0x7f540bda9eb0>,6,3,[4 5],7,12,15,5,12
1,<environment.Job instance at 0x7f540bda95f0>,8,14,[7 1],9,15,29,6,13
1,<environment.Job instance at 0x7f540bdb8eb0>,9,12,[6 3],10,29,41,19,13
1,<environment.Job instance at 0x7f540bdb8780>,12,2,[6 5],13,41,43,28,18
1,<environment.Job instance at 0x7f540bdb8460>,13,16,[4 5],14,43,59,29,43
1,<environment.Job instance at 0x7f544f5c0f00>,18,14,[9 4],19,59,73,40,44
1,<environment.Job instance at 0x7f544f5c0a50>,20,16,[8 3],21,73,89,52,60
1,<environment.Job instance at 0x7f544f5c0cd0>,19,18,[5 6],20,89,107,69,80
1,<environment.Job instance at 0x7f544f5c0fa0>,29,2,[7 4],30,107,109,77,80
1,<environment.Job instance at 0x7f5451e62820>,40,3,[6 2],41,109,112,68,96
1,<environment.Job instance at 0x7f544f8cbe60>,41,1,[5 8],42,112,113,70,96
1,<environment.Job instance at 0x7f544f8cb9b0>,42,17,[5 9],43,113,130,70,104
1,<environment.Job instance at 0x7f544f8cb7d0>,43,17,[7 1],44,130,147,86,124
1,<environment.Job instance at 0x7f544f8cbd70>,45,3,[5 2],46,147,150,101,126
1,<environment.Job instance at 0x7f544f77c410>,53,3,[7 5],54,150,153,96,150
1,<environment.Job instance at 0x7f544f8cb1e0>,50,14,[2 9],51,153,167,102,153
1,<environment.Job instance at 0x7f544f970a50>,57,14,[3 6],58,167,181,109,153
1,<environment.Job instance at 0x7f544f970730>,58,12,[6 4],59,167,179,108,159
1,<environment.Job instance at 0x7f544f4e7460>,4,14,[3 8],5,5,19,0,5
1,<environment.Job instance at 0x7f544f6670f0>,6,18,[8 3],7,19,37,12,8
1,<environment.Job instance at 0x7f540bf37190>,13,2,[10  2],14,37,39,23,15
1,<environment.Job instance at 0x7f540bb6f910>,10,12,[3 8],11,39,51,28,22
1,<environment.Job instance at 0x7f540be40be0>,20,16,[ 4 10],21,51,67,30,39
1,<environment.Job instance at 0x7f540be40320>,24,17,[6 1],25,67,84,42,55
1,<environment.Job instance at 0x7f544f479e60>,15,15,[1 5],16,67,82,51,61
1,<environment.Job instance at 0x7f544fa94fa0>,32,1,[10  4],33,84,85,51,61
1,<environment.Job instance at 0x7f540bb0c500>,30,15,[1 9],31,85,100,54,71
1,<environment.Job instance at 0x7f544f8f3320>,35,3,[8 3],36,100,103,64,75
1,<environment.Job instance at 0x7f540bbc9910>,40,16,[8 5],41,103,119,62,90
1,<environment.Job instance at 0x7f544f500370>,44,17,[2 6],45,119,136,74,107
1,<environment.Job instance at 0x7f544f500be0>,47,16,[7 4],48,119,135,71,107
1,<environment.Job instance at 0x7f544f500aa0>,51,16,[4 5],52,136,152,84,123
1,<environment.Job instance at 0x7f545230a190>,2,16,[6 4],3,3,19,0,3
1,<environment.Job instance at 0x7f540bf37280>,4,14,[3 6],5,5,19,0,5
1,<environment.Job instance at 0x7f544f500dc0>,5,13,[7 4],6,19,32,13,6
1,<environment.Job instance at 0x7f5451cbc780>,10,13,[6 2],11,32,45,21,22
1,<environment.Job instance at 0x7f5451cbc550>,11,3,[7 4],12,45,48,33,22
1,<environment.Job instance at 0x7f544f619aa0>,13,1,[5 8],14,48,49,34,27
1,<environment.Job instance at 0x7f544f9fa870>,17,1,[7 2],18,49,50,31,27
1,<environment.Job instance at 0x7f544f46a550>,18,14,[8 2],19,50,64,31,40
1,<environment.Job instance at 0x7f54520092d0>,23,13,[ 4 10],24,64,77,40,48
1,<environment.Job instance at 0x7f540bf298c0>,21,1,[3 6],22,77,78,55,65
1,<environment.Job instance at 0x7f5452019230>,26,14,[2 5],27,78,92,51,65
1,<environment.Job instance at 0x7f540bf0e320>,25,3,[8 5],26,78,81,52,66
1,<environment.Job instance at 0x7f540bf0efa0>,27,1,[4 6],28,92,93,64,69
1,<environment.Job instance at 0x7f540bf12d20>,31,17,[7 5],32,93,110,61,81
1,<environment.Job instance at 0x7f540bf12a00>,38,15,[2 9],39,110,125,71,97
1,<environment.Job instance at 0x7f540bf23e10>,47,12,[6 2],48,125,137,77,115
1,<environment.Job instance at 0x7f540bf19a00>,50,12,[3 7],51,125,137,74,117
1,<environment.Job instance at 0x7f540bf192d0>,52,14,[5 3],53,137,151,84,122
1,<environment.Job instance at 0x7f540bf19370>,56,3,[6 4],57,160,163,103,160
1,<environment.Job instance at 0x7f540bf194b0>,58,1,[6 5],59,163,164,104,160
1,<environment.Job instance at 0x7f5452019690>,29,15,[9 5],30,166,181,136,166
1,<environment.Job instance at 0x7f5451fc2f00>,1,15,[7 1],2,2,17,0,2
1,<environment.Job instance at 0x7f5451fc2780>,8,3,[3 7],9,9,12,0,9
1,<environment.Job instance at 0x7f5451fc2500>,9,3,[5 8],10,17,20,7,10
1,<environment.Job instance at 0x7f5451dfb410>,10,15,[2 5],11,20,35,9,11
1,<environment.Job instance at 0x7f5451dfbeb0>,12,17,[4 5],13,20,37,7,13
1,<environment.Job instance at 0x7f5451dfba00>,17,16,[7 2],18,37,53,19,24
1,<environment.Job instance at 0x7f5451dfb7d0>,24,16,[9 5],25,53,69,28,40
1,<environment.Job instance at 0x7f544f5c71e0>,28,1,[9 2],29,69,70,40,61
1,<environment.Job instance at 0x7f5451dfb140>,16,16,[1 9],17,70,86,53,62
1,<environment.Job instance at 0x7f544f5c7dc0>,31,15,[8 1],32,70,85,38,68
1,<environment.Job instance at 0x7f544f5c7a50>,33,2,[5 9],34,86,88,52,68
1,<environment.Job instance at 0x7f544f5c7eb0>,35,3,[4 6],36,88,91,52,74
1,<environment.Job instance at 0x7f544f5c7690>,36,18,[ 5 10],37,91,109,54,80
1,<environment.Job instance at 0x7f544f5c7e60>,41,14,[9 2],42,109,123,67,94
1,<environment.Job instance at 0x7f5451f4f2d0>,49,18,[1 7],50,109,127,59,103
1,<environment.Job instance at 0x7f5451f4f820>,52,17,[8 1],53,123,140,70,111
1,<environment.Job instance at 0x7f5451f4f5a0>,54,12,[3 9],55,140,152,85,123
1,<environment.Job instance at 0x7f5451f4f550>,50,14,[7 2],51,162,176,111,162
1,<environment.Job instance at 0x7f5452157a00>,6,18,[9 3],7,9,27,2,9
1,<environment.Job instance at 0x7f544faf5f00>,11,12,[2 6],12,27,39,15,13
1,<environment.Job instance at 0x7f5452157550>,9,18,[8 2],10,27,45,17,16
1,<environment.Job instance at 0x7f540bdc63c0>,23,12,[8 2],24,45,57,21,41
1,<environment.Job instance at 0x7f544f7af870>,24,16,[1 5],25,41,57,16,41
1,<environment.Job instance at 0x7f540be11320>,27,18,[10  5],28,57,75,29,46
1,<environment.Job instance at 0x7f540bc30640>,33,14,[6 5],34,75,89,41,67
1,<environment.Job instance at 0x7f544f590960>,37,2,[3 7],38,89,91,51,69
1,<environment.Job instance at 0x7f544f590c80>,38,2,[1 6],39,91,93,52,69
1,<environment.Job instance at 0x7f544f590fa0>,39,3,[7 2],40,89,92,49,69
1,<environment.Job instance at 0x7f544f590320>,40,17,[5 6],41,93,110,52,81
1,<environment.Job instance at 0x7f544faf5aa0>,13,17,[4 7],14,110,127,96,98
1,<environment.Job instance at 0x7f544fa69730>,46,15,[10  2],47,127,142,80,115
1,<environment.Job instance at 0x7f544f5efb40>,50,16,[10  1],51,142,158,91,129
1,<environment.Job instance at 0x7f540b8f4050>,54,2,[7 1],55,158,160,103,137
1,<environment.Job instance at 0x7f544faedcd0>,55,2,[4 7],56,160,162,104,137
1,<environment.Job instance at 0x7f5452159fa0>,57,1,[7 3],58,162,163,104,139
1,<environment.Job instance at 0x7f544faed0a0>,58,3,[9 3],59,163,166,104,139
1,<environment.Job instance at 0x7f544fa69f50>,45,21,[ 2 10],46,166,187,120,161
1,<environment.Job instance at 0x7f5451da8370>,0,17,[10  2],1,2,19,1,2
1,<environment.Job instance at 0x7f544f504eb0>,6,14,[8 4],7,19,33,12,7
1,<environment.Job instance at 0x7f540b8c2d20>,7,14,[9 2],8,33,47,25,18
1,<environment.Job instance at 0x7f540b8c2410>,11,2,[5 5],12,47,49,35,24
1,<environment.Job instance at 0x7f5451c46460>,18,13,[1 5],19,30,43,11,30
1,<environment.Job instance at 0x7f5451f4f140>,16,3,[3 9],17,49,52,32,30
1,<environment.Job instance at 0x7f540b7aad20>,19,1,[2 8],20,52,53,32,30
1,<environment.Job instance at 0x7f544f8f5b90>,20,3,[1 9],21,53,56,32,30
1,<environment.Job instance at 0x7f545208d820>,17,15,[6 1],18,49,64,31,36
1,<environment.Job instance at 0x7f5451ce32d0>,26,15,[10  3],27,64,79,37,51
1,<environment.Job instance at 0x7f544f751140>,32,3,[9 5],33,79,82,46,60
1,<environment.Job instance at 0x7f540bd6d960>,33,3,[1 8],34,60,63,26,60
1,<environment.Job instance at 0x7f540b79d4b0>,34,2,[9 2],35,82,84,47,64
1,<environment.Job instance at 0x7f540beff870>,35,15,[6 2],36,84,99,48,73
1,<environment.Job instance at 0x7f544f738320>,37,3,[10  1],38,99,102,61,73
1,<environment.Job instance at 0x7f545200d5f0>,38,2,[2 7],39,84,86,45,75
1,<environment.Job instance at 0x7f544f738370>,36,2,[10  2],37,102,104,65,83
1,<environment.Job instance at 0x7f540bdd6690>,41,18,[4 9],42,104,122,62,93
1,<environment.Job instance at 0x7f540ba04870>,45,16,[6 2],46,122,138,76,112
1,<environment.Job instance at 0x7f540ba04aa0>,49,16,[7 4],50,138,154,88,125
1,<environment.Job instance at 0x7f545200d1e0>,39,17,[6 2],40,154,171,114,143
1,<environment.Job instance at 0x7f544f662320>,56,3,[4 9],57,171,174,114,146
1,<environment.Job instance at 0x7f540ba048c0>,46,16,[8 2],47,174,190,127,174
1,<environment.Job instance at 0x7f544f4c0280>,4,2,[2 7],5,5,7,0,5
1,<environment.Job instance at 0x7f544f5b5d20>,7,14,[7 2],8,8,22,0,8
1,<environment.Job instance at 0x7f5451e64cd0>,9,1,[5 5],10,22,23,12,10
1,<environment.Job instance at 0x7f544f9e1690>,5,15,[5 6],6,23,38,17,12
1,<environment.Job instance at 0x7f544f7dcfa0>,15,2,[8 3],16,38,40,22,16
1,<environment.Job instance at 0x7f544f662fa0>,11,17,[ 4 10],12,40,57,28,33
1,<environment.Job instance at 0x7f540b86c280>,22,14,[2 6],23,57,71,34,57
1,<environment.Job instance at 0x7f540b86cb90>,24,18,[6 4],25,57,75,32,57
1,<environment.Job instance at 0x7f540b86c640>,25,15,[4 7],26,75,90,49,61
1,<environment.Job instance at 0x7f5451ec8dc0>,19,13,[10  5],20,90,103,70,75
1,<environment.Job instance at 0x7f540b862140>,31,3,[8 3],32,103,106,71,95
1,<environment.Job instance at 0x7f540b862410>,33,3,[3 8],34,106,109,72,95
1,<environment.Job instance at 0x7f540b862320>,34,2,[3 6],35,109,111,74,95
1,<environment.Job instance at 0x7f540b86cf50>,28,16,[1 7],29,111,127,82,98
1,<environment.Job instance at 0x7f540b862780>,39,12,[5 2],40,106,118,66,98
1,<environment.Job instance at 0x7f540b862960>,42,1,[5 9],43,127,128,84,101
1,<environment.Job instance at 0x7f540b862c80>,47,2,[8 3],48,118,120,70,104
1,<environment.Job instance at 0x7f540b862dc0>,49,1,[ 2 10],50,128,129,78,105
1,<environment.Job instance at 0x7f540b862be0>,46,1,[10  4],47,129,130,82,114
1,<environment.Job instance at 0x7f540b862a00>,43,18,[6 4],44,130,148,86,119
1,<environment.Job instance at 0x7f540b862f50>,52,12,[4 7],53,148,160,95,132
1,<environment.Job instance at 0x7f540b863af0>,58,12,[7 5],59,160,172,101,149
1,<environment.Job instance at 0x7f540b863a00>,6,12,[4 8],7,7,19,0,7
1,<environment.Job instance at 0x7f540b863370>,7,17,[5 7],8,19,36,11,8
1,<environment.Job instance at 0x7f540bcfbd70>,12,3,[4 7],13,36,39,23,14
1,<environment.Job instance at 0x7f540b863d70>,11,2,[4 5],12,39,41,27,16
1,<environment.Job instance at 0x7f540beada50>,15,14,[5 2],16,18,32,2,18
1,<environment.Job instance at 0x7f540b9675a0>,13,12,[9 3],14,41,53,27,24
1,<environment.Job instance at 0x7f544f8c0b90>,20,16,[9 4],21,53,69,32,40
1,<environment.Job instance at 0x7f540beadc80>,16,12,[6 4],17,69,81,52,52
1,<environment.Job instance at 0x7f540b863960>,10,3,[8 5],11,81,84,70,55
1,<environment.Job instance at 0x7f544f8c0460>,28,14,[4 5],29,84,98,55,69
1,<environment.Job instance at 0x7f5451c7e410>,33,3,[ 1 10],34,98,101,64,77
1,<environment.Job instance at 0x7f540bde15a0>,35,2,[ 2 10],36,101,103,65,82
1,<environment.Job instance at 0x7f540bde1050>,38,13,[ 3 10],39,103,116,64,87
1,<environment.Job instance at 0x7f544f778370>,43,17,[6 1],44,116,133,72,104
1,<environment.Job instance at 0x7f544f778140>,46,13,[8 5],47,133,146,86,117
1,<environment.Job instance at 0x7f544f778e10>,47,3,[2 7],48,117,120,69,117
1,<environment.Job instance at 0x7f5451dd6a00>,52,3,[5 7],53,146,149,93,120
1,<environment.Job instance at 0x7f544fbcad70>,57,16,[2 7],58,149,165,91,136
1,<environment.Job instance at 0x7f544fbca5a0>,58,15,[6 2],59,149,164,90,136
1,<environment.Job instance at 0x7f540bde1460>,39,14,[4 7],40,165,179,125,164
1,<environment.Job instance at 0x7f544f7fde10>,8,16,[8 4],9,23,39,14,23
1,<environment.Job instance at 0x7f54521fddc0>,7,3,[4 6],8,39,42,31,23
1,<environment.Job instance at 0x7f544f7fd550>,14,13,[7 3],15,42,55,27,41
1,<environment.Job instance at 0x7f544f7fdcd0>,12,1,[6 5],13,55,56,42,41
1,<environment.Job instance at 0x7f544f7fd9b0>,13,18,[ 2 10],14,56,74,42,48
1,<environment.Job instance at 0x7f540b7a9e60>,20,15,[3 8],21,74,89,53,66
1,<environment.Job instance at 0x7f540b7a9b90>,21,12,[3 9],22,89,101,67,72
1,<environment.Job instance at 0x7f544f7c64b0>,25,14,[7 3],26,105,119,79,105
1,<environment.Job instance at 0x7f544f7c6e60>,30,12,[3 6],31,106,118,75,106
1,<environment.Job instance at 0x7f540b7a93c0>,22,2,[10  4],23,119,121,96,106
1,<environment.Job instance at 0x7f544f7c6640>,31,2,[3 5],32,121,123,89,106
1,<environment.Job instance at 0x7f5451fffd70>,3,1,[6 2],4,121,122,117,110
1,<environment.Job instance at 0x7f544f7c60a0>,36,15,[3 6],37,123,138,86,110
1,<environment.Job instance at 0x7f544f7c6870>,40,15,[6 3],41,122,137,81,120
1,<environment.Job instance at 0x7f540b7a5320>,43,18,[3 7],44,138,156,94,127
1,<environment.Job instance at 0x7f540b7a5eb0>,46,15,[5 1],47,151,166,104,151
1,<environment.Job instance at 0x7f544f7c6370>,33,24,[3 5],34,156,180,122,152
1,<environment.Job instance at 0x7f540b7a5370>,49,1,[4 5],50,166,167,116,152
1,<environment.Job instance at 0x7f540b7a57d0>,51,15,[6 3],52,167,182,115,153
1,<environment.Job instance at 0x7f540b7a5c30>,47,3,[3 8],48,182,185,134,156
1,<environment.Job instance at 0x7f540b7a5b90>,55,13,[8 4],56,185,198,129,169
1,<environment.Job instance at 0x7f5452390dc0>,58,12,[5 5],59,198,210,139,181
1,<environment.Job instance at 0x7f540b7a9690>,9,20,[6 3],10,16,36,6,16
1,<environment.Job instance at 0x7f540b7a9410>,11,2,[8 5],12,36,38,24,16
1,<environment.Job instance at 0x7f544f80d410>,12,2,[5 1],13,38,40,25,16
1,<environment.Job instance at 0x7f544f80d3c0>,14,16,[2 7],15,17,33,2,17
1,<environment.Job instance at 0x7f540b7a5d70>,7,2,[4 6],8,33,35,25,23
1,<environment.Job instance at 0x7f540b7a99b0>,10,17,[5 8],11,38,55,27,26
1,<environment.Job instance at 0x7f544f80d140>,15,17,[6 3],16,55,72,39,43
1,<environment.Job instance at 0x7f540ba55a00>,23,3,[10  2],24,72,75,48,53
1,<environment.Job instance at 0x7f540ba55a50>,24,12,[10  2],25,75,87,50,58
1,<environment.Job instance at 0x7f540ba55af0>,25,2,[10  1],26,87,89,61,66
1,<environment.Job instance at 0x7f540ba55be0>,26,13,[9 1],27,89,102,62,74
1,<environment.Job instance at 0x7f540ba55d20>,33,1,[5 7],34,102,103,68,78
1,<environment.Job instance at 0x7f540ba40190>,34,1,[ 1 10],35,103,104,68,79
1,<environment.Job instance at 0x7f540ba40050>,35,1,[9 5],36,104,105,68,79
1,<environment.Job instance at 0x7f540ba402d0>,37,1,[5 3],38,102,103,64,83
1,<environment.Job instance at 0x7f540ba40370>,38,3,[9 3],39,105,108,66,83
1,<environment.Job instance at 0x7f540ba404b0>,40,1,[10  4],41,108,109,67,90
1,<environment.Job instance at 0x7f540ba405f0>,42,13,[ 3 10],43,109,122,66,93
1,<environment.Job instance at 0x7f540ba408c0>,44,17,[1 8],45,122,139,77,114
1,<environment.Job instance at 0x7f540ba40c80>,52,25,[7 5],53,139,164,86,135
1,<environment.Job instance at 0x7f540ba78370>,58,12,[10  2],59,192,204,133,192
1,<environment.Job instance at 0x7f540ba595f0>,4,1,[6 4],5,5,6,0,5
1,<environment.Job instance at 0x7f540ba59960>,7,13,[5 8],8,8,21,0,8
1,<environment.Job instance at 0x7f540ba598c0>,8,13,[5 5],9,21,34,12,10
1,<environment.Job instance at 0x7f540ba59af0>,10,14,[6 3],11,34,48,23,19
1,<environment.Job instance at 0x7f54520a1550>,18,1,[6 5],19,48,49,29,39
1,<environment.Job instance at 0x7f54520a1690>,19,17,[1 5],20,39,56,19,39
1,<environment.Job instance at 0x7f54520a1f00>,20,13,[3 8],21,56,69,35,41
1,<environment.Job instance at 0x7f5456a46910>,25,13,[10  5],26,69,82,43,53
1,<environment.Job instance at 0x7f5451e3db90>,30,13,[1 9],31,82,95,51,66
1,<environment.Job instance at 0x7f5451e3d5f0>,31,17,[9 4],32,95,112,63,83
1,<environment.Job instance at 0x7f544f674fa0>,35,14,[10  1],36,112,126,76,97
1,<environment.Job instance at 0x7f544f674f50>,38,1,[1 9],39,126,127,87,113
1,<environment.Job instance at 0x7f544f6746e0>,39,1,[3 6],40,127,128,87,115
1,<environment.Job instance at 0x7f544f6743c0>,40,16,[5 4],41,127,143,86,115
1,<environment.Job instance at 0x7f544f674b40>,42,12,[5 2],43,128,140,85,126
1,<environment.Job instance at 0x7f544f674e60>,45,3,[5 3],46,140,143,94,129
1,<environment.Job instance at 0x7f544f6745f0>,47,12,[7 2],48,146,158,98,146
1,<environment.Job instance at 0x7f544f674370>,48,3,[7 2],49,158,161,109,146
1,<environment.Job instance at 0x7f544f6745a0>,49,18,[ 5 10],50,161,179,111,150
1,<environment.Job instance at 0x7f544f91efa0>,56,13,[8 4],57,179,192,122,172
1,<environment.Job instance at 0x7f544f91ed20>,57,17,[6 2],58,192,209,134,180
1,<environment.Job instance at 0x7f544f41b690>,4,13,[5 7],5,6,19,1,6
1,<environment.Job instance at 0x7f544f41b500>,6,14,[5 7],7,19,33,12,7
1,<environment.Job instance at 0x7f540ba251e0>,12,15,[4 9],13,33,48,20,19
1,<environment.Job instance at 0x7f544f632e60>,19,14,[5 3],20,48,62,28,34
1,<environment.Job instance at 0x7f544f632410>,23,2,[9 1],24,62,64,38,35
1,<environment.Job instance at 0x7f540b78d460>,28,17,[9 2],29,64,81,35,52
1,<environment.Job instance at 0x7f540bd2d320>,32,18,[5 3],33,81,99,48,79
1,<environment.Job instance at 0x7f5452198730>,34,18,[6 3],35,110,128,75,110
1,<environment.Job instance at 0x7f544fa937d0>,37,1,[ 4 10],38,128,129,90,110
1,<environment.Job instance at 0x7f544fa93730>,38,13,[2 7],39,110,123,71,110
1,<environment.Job instance at 0x7f5451e078c0>,39,15,[4 7],40,129,144,89,115
1,<environment.Job instance at 0x7f5451c97550>,42,17,[5 9],43,144,161,101,132
1,<environment.Job instance at 0x7f540b8b4190>,49,13,[8 4],50,161,174,111,153
1,<environment.Job instance at 0x7f540b799cd0>,52,1,[4 8],53,174,175,121,155
1,<environment.Job instance at 0x7f540b799eb0>,54,16,[2 5],55,179,195,124,179
1,<environment.Job instance at 0x7f540b799410>,55,13,[ 5 10],56,195,208,139,179
1,<environment.Job instance at 0x7f544f6320a0>,22,18,[8 1],23,219,237,196,219
1,<environment.Job instance at 0x7f54521bd730>,7,18,[2 6],8,8,26,0,8
1,<environment.Job instance at 0x7f540bb01370>,10,13,[7 1],11,11,24,0,11
1,<environment.Job instance at 0x7f540b951af0>,12,1,[7 1],13,24,25,11,13
1,<environment.Job instance at 0x7f54521bd190>,8,15,[3 9],9,26,41,17,15
1,<environment.Job instance at 0x7f540bb770f0>,17,13,[5 1],18,26,39,8,26
1,<environment.Job instance at 0x7f544f92a050>,19,13,[5 8],20,41,54,21,33
1,<environment.Job instance at 0x7f544f92a370>,22,14,[4 6],23,54,68,31,39
1,<environment.Job instance at 0x7f540baca0a0>,25,14,[5 9],26,68,82,42,53
1,<environment.Job instance at 0x7f540bf310f0>,36,14,[5 7],37,82,96,45,71
1,<environment.Job instance at 0x7f540bf31a50>,37,12,[3 8],38,96,108,58,79
1,<environment.Job instance at 0x7f540bf31af0>,39,3,[4 7],40,108,111,68,83
1,<environment.Job instance at 0x7f540bf31190>,43,18,[5 3],44,108,126,64,97
1,<environment.Job instance at 0x7f540bf31c30>,44,3,[3 5],45,111,114,66,97
1,<environment.Job instance at 0x7f545209cc80>,45,2,[8 3],46,126,128,80,100
1,<environment.Job instance at 0x7f545209c4b0>,49,1,[4 9],50,128,129,78,116
1,<environment.Job instance at 0x7f545209c960>,46,13,[7 1],47,129,142,82,116
1,<environment.Job instance at 0x7f545209c190>,50,13,[1 6],51,129,142,78,116
1,<environment.Job instance at 0x7f5452090f00>,55,1,[8 4],56,142,143,86,116
1,<environment.Job instance at 0x7f5452090960>,56,18,[5 4],57,143,161,86,132
1,<environment.Job instance at 0x7f540b7998c0>,1,17,[7 4],2,2,19,0,2
1,<environment.Job instance at 0x7f540bb982d0>,4,12,[1 5],5,6,18,1,6
1,<environment.Job instance at 0x7f540be95c30>,10,1,[3 6],11,18,19,7,11
1,<environment.Job instance at 0x7f544fa9e4b0>,5,18,[8 2],6,19,37,13,13
1,<environment.Job instance at 0x7f540bb980a0>,8,1,[3 8],9,37,38,28,14
1,<environment.Job instance at 0x7f540be951e0>,21,15,[7 2],22,37,52,15,23
1,<environment.Job instance at 0x7f540be95460>,28,16,[10  1],29,52,68,23,40
1,<environment.Job instance at 0x7f544fb195f0>,33,14,[5 7],34,68,82,34,53
1,<environment.Job instance at 0x7f544fb19e60>,40,15,[5 8],41,82,97,41,72
1,<environment.Job instance at 0x7f544f70e140>,45,13,[2 6],46,97,110,51,85
1,<environment.Job instance at 0x7f540be957d0>,12,13,[9 3],13,110,123,97,94
1,<environment.Job instance at 0x7f540bae40a0>,53,3,[4 7],54,123,126,69,109
1,<environment.Job instance at 0x7f540bae4af0>,52,2,[6 5],53,126,128,73,109
1,<environment.Job instance at 0x7f540bae4190>,55,15,[9 4],56,128,143,72,115
1,<environment.Job instance at 0x7f545225f280>,8,16,[6 5],9,9,25,0,9
1,<environment.Job instance at 0x7f540b83d550>,10,15,[7 2],11,25,40,14,16
1,<environment.Job instance at 0x7f540bad5640>,20,16,[3 7],21,27,43,6,27
1,<environment.Job instance at 0x7f5452222a50>,21,18,[5 5],22,43,61,21,32
1,<environment.Job instance at 0x7f540b83d870>,12,18,[ 2 10],13,61,79,48,50
1,<environment.Job instance at 0x7f544f64cbe0>,32,14,[4 9],33,79,93,46,73
1,<environment.Job instance at 0x7f544f64ce10>,37,18,[3 9],38,100,118,62,100
1,<environment.Job instance at 0x7f544f64c0f0>,42,15,[ 1 10],43,118,133,75,104
1,<environment.Job instance at 0x7f5451dc5320>,45,16,[5 5],46,133,149,87,124
1,<environment.Job instance at 0x7f5451dc5690>,49,2,[8 4],50,149,151,99,131
1,<environment.Job instance at 0x7f544fb82640>,50,14,[2 8],51,151,165,100,136
1,<environment.Job instance at 0x7f54523e6690>,14,12,[9 4],15,165,177,150,148
1,<environment.Job instance at 0x7f540bac2960>,25,3,[6 4],26,177,180,151,160
1,<environment.Job instance at 0x7fb61451f320>,4,13,[3 6],5,5,18,0,5
1,<environment.Job instance at 0x7fb61451f5a0>,7,14,[7 5],8,18,32,10,8
1,<environment.Job instance at 0x7fb61451f9b0>,11,3,[4 9],12,32,35,20,12
1,<environment.Job instance at 0x7fb61451f870>,9,12,[8 2],10,35,47,25,20
1,<environment.Job instance at 0x7fb61451fb90>,15,3,[2 8],16,35,38,19,21
1,<environment.Job instance at 0x7fb61451fcd0>,16,18,[7 3],17,47,65,30,41
1,<environment.Job instance at 0x7fb614520500>,23,16,[6 2],24,65,81,41,60
1,<environment.Job instance at 0x7fb614520780>,26,12,[8 5],27,81,93,54,64
1,<environment.Job instance at 0x7fb61451f500>,10,22,[8 1],11,93,115,82,86
1,<environment.Job instance at 0x7fb6145201e0>,21,18,[9 4],22,115,133,93,104
1,<environment.Job instance at 0x7fb614524140>,41,1,[7 1],42,133,134,91,121
1,<environment.Job instance at 0x7fb614524500>,42,2,[4 7],43,134,136,91,121
1,<environment.Job instance at 0x7fb614520b90>,37,14,[5 8],38,136,150,98,121
1,<environment.Job instance at 0x7fb614524960>,49,17,[10  2],50,150,167,100,138
1,<environment.Job instance at 0x7fb614524eb0>,58,17,[3 7],59,167,184,108,156
1,<environment.Job instance at 0x7fb614528190>,63,12,[5 3],64,171,183,107,171
1,<environment.Job instance at 0x7fb614528730>,68,14,[6 4],69,184,198,115,176
1,<environment.Job instance at 0x7fb619aa4550>,4,2,[1 7],5,5,7,0,5
1,<environment.Job instance at 0x7fb619a97140>,15,15,[1 7],16,16,31,0,16
1,<environment.Job instance at 0x7fb619a97f00>,17,18,[7 1],18,18,36,0,18
1,<environment.Job instance at 0x7fb619959280>,21,18,[5 4],22,36,54,14,29
1,<environment.Job instance at 0x7fb619959a50>,31,15,[2 7],32,56,71,24,56
1,<environment.Job instance at 0x7fb619959f50>,33,16,[1 9],34,71,87,37,59
1,<environment.Job instance at 0x7fb619959190>,37,18,[5 5],38,87,105,49,80
1,<environment.Job instance at 0x7fb619aa62d0>,41,17,[6 4],42,105,122,63,93
1,<environment.Job instance at 0x7fb61995bf00>,48,16,[5 2],49,122,138,73,115
1,<environment.Job instance at 0x7fb619aa4370>,11,14,[8 5],12,138,152,126,135
1,<environment.Job instance at 0x7fb61995be10>,51,3,[1 6],52,135,138,83,135
1,<environment.Job instance at 0x7fb619aa3f00>,53,3,[10  1],54,152,155,98,137
1,<environment.Job instance at 0x7fb619aa36e0>,54,1,[6 1],55,155,156,100,137
1,<environment.Job instance at 0x7fb619aa3e60>,55,2,[7 4],56,156,158,100,137
1,<environment.Job instance at 0x7fb619aa3b40>,56,2,[1 6],57,155,157,98,137
1,<environment.Job instance at 0x7fb619aaa0a0>,58,1,[7 1],59,158,159,99,142
1,<environment.Job instance at 0x7fb619aaa960>,59,13,[5 5],60,159,172,99,143
1,<environment.Job instance at 0x7fb619aaa870>,61,13,[3 8],62,172,185,110,156
1,<environment.Job instance at 0x7fb619aaa780>,65,15,[8 3],66,185,200,119,171
1,<environment.Job instance at 0x7fb619aa3a00>,1,14,[ 3 10],2,2,16,0,2
1,<environment.Job instance at 0x7fb5ce853960>,7,2,[3 8],8,16,18,8,9
1,<environment.Job instance at 0x7fb5ce853140>,10,12,[5 1],11,16,28,5,11
1,<environment.Job instance at 0x7fb5ce8539b0>,8,3,[4 8],9,18,21,9,11
1,<environment.Job instance at 0x7fb5ce861960>,12,1,[9 2],13,28,29,15,13
1,<environment.Job instance at 0x7fb619aa3820>,5,3,[9 2],6,29,32,23,13
1,<environment.Job instance at 0x7fb5ce861140>,14,1,[8 3],15,32,33,17,16
1,<environment.Job instance at 0x7fb5ce853550>,6,13,[10  5],7,33,46,26,19
1,<environment.Job instance at 0x7fb5ce861500>,15,17,[10  4],16,53,70,37,53
1,<environment.Job instance at 0x7fb5ce80eaa0>,25,2,[5 6],26,70,72,44,53
1,<environment.Job instance at 0x7fb5ce80ed20>,21,12,[5 4],22,70,82,48,53
1,<environment.Job instance at 0x7fb5ce80e870>,23,2,[9 4],24,82,84,58,58
1,<environment.Job instance at 0x7fb5ce80eeb0>,28,2,[8 1],29,84,86,55,58
1,<environment.Job instance at 0x7fb5ce7fe780>,34,19,[3 8],35,86,105,51,76
1,<environment.Job instance at 0x7fb5ce7fe690>,39,2,[10  2],40,105,107,65,83
1,<environment.Job instance at 0x7fb5ce7fed20>,40,17,[3 5],41,107,124,66,96
1,<environment.Job instance at 0x7fb5ce820fa0>,46,17,[9 1],47,124,141,77,112
1,<environment.Job instance at 0x7fb5ce820b90>,49,1,[5 3],50,123,124,73,123
1,<environment.Job instance at 0x7fb5ce8530f0>,11,22,[5 6],12,141,163,129,137
1,<environment.Job instance at 0x7fb5ce8184b0>,59,3,[10  4],60,172,175,112,172
1,<environment.Job instance at 0x7fb5ce818050>,61,14,[ 1 10],62,175,189,113,173
1,<environment.Job instance at 0x7fb5ce818d20>,63,14,[5 9],64,189,203,125,174
1,<environment.Job instance at 0x7fb5ce80deb0>,2,13,[2 5],3,3,16,0,3
1,<environment.Job instance at 0x7fb5ce7775f0>,4,16,[5 6],5,16,32,11,5
1,<environment.Job instance at 0x7fb5ce777b90>,10,3,[4 8],11,32,35,21,12
1,<environment.Job instance at 0x7fb5ce777cd0>,9,17,[8 5],10,35,52,25,23
1,<environment.Job instance at 0x7fb5cebde5a0>,14,15,[8 5],15,52,67,37,38
1,<environment.Job instance at 0x7fb5ce9a1c30>,24,2,[3 8],25,67,69,42,53
1,<environment.Job instance at 0x7fb5ce9a1410>,25,18,[5 4],26,69,87,43,58
1,<environment.Job instance at 0x7fb5ce8ed140>,33,13,[9 2],34,87,100,53,71
1,<environment.Job instance at 0x7fb5ce8edd20>,37,14,[10  3],38,100,114,62,85
1,<environment.Job instance at 0x7fb5ce8e0e10>,50,2,[4 5],51,114,116,63,96
1,<environment.Job instance at 0x7fb5ce8e0cd0>,52,1,[1 5],53,114,115,61,107
1,<environment.Job instance at 0x7fb5ce8e02d0>,54,3,[5 4],55,115,118,60,107
1,<environment.Job instance at 0x7fb5ce8e0870>,51,17,[10  2],52,118,135,66,110
1,<environment.Job instance at 0x7fb5ce8eec80>,57,1,[4 6],58,116,117,58,110
1,<environment.Job instance at 0x7fb5ce8ee730>,60,18,[5 8],61,135,153,74,124
1,<environment.Job instance at 0x7fb619959370>,66,17,[8 4],67,153,170,86,141
1,<environment.Job instance at 0x7fb5ce8ee5a0>,58,17,[1 5],59,157,174,98,157
1,<environment.Job instance at 0x7fb5ce81a140>,2,15,[9 2],3,3,18,0,3
1,<environment.Job instance at 0x7fb5ce8f8050>,11,3,[9 4],12,18,21,6,13
1,<environment.Job instance at 0x7fb5ce8f82d0>,12,2,[2 9],13,21,23,8,13
1,<environment.Job instance at 0x7fb5ce8f87d0>,13,15,[7 2],14,23,38,9,15
1,<environment.Job instance at 0x7fb5ce8f8230>,15,1,[6 3],16,38,39,22,21
1,<environment.Job instance at 0x7fb5ce8f8dc0>,17,1,[1 5],18,23,24,5,22
1,<environment.Job instance at 0x7fb5ce8f8730>,18,12,[5 5],19,39,51,20,22
1,<environment.Job instance at 0x7fb5ce8f80f0>,14,12,[8 3],15,51,63,36,37
1,<environment.Job instance at 0x7fb5ce8bd780>,19,15,[6 5],20,63,78,43,62
1,<environment.Job instance at 0x7fb5cec26cd0>,23,17,[7 4],24,78,95,54,66
1,<environment.Job instance at 0x7fb5cec11190>,31,3,[9 4],32,95,98,63,77
1,<environment.Job instance at 0x7fb5cec114b0>,35,16,[7 5],36,98,114,62,85
1,<environment.Job instance at 0x7fb5cec11910>,41,2,[9 2],42,114,116,72,100
1,<environment.Job instance at 0x7fb5cec11a50>,44,2,[5 8],45,116,118,71,103
1,<environment.Job instance at 0x7fb5cec11af0>,43,16,[ 4 10],44,118,134,74,106
1,<environment.Job instance at 0x7fb5cec11e10>,49,2,[7 4],50,134,136,84,125
1,<environment.Job instance at 0x7fb5cec11be0>,51,2,[2 9],52,136,138,84,125
1,<environment.Job instance at 0x7fb5cec0b050>,53,12,[2 7],54,144,156,90,144
1,<environment.Job instance at 0x7fb5cec0bcd0>,61,1,[5 8],62,156,157,94,145
1,<environment.Job instance at 0x7fb5cec0b3c0>,62,17,[5 9],63,157,174,94,145
1,<environment.Job instance at 0x7fb5cec0ba00>,65,3,[5 2],66,154,157,88,154
1,<environment.Job instance at 0x7fb5cec0bc80>,2,1,[ 4 10],3,3,4,0,3
1,<environment.Job instance at 0x7fb5cec0b460>,1,2,[4 5],2,4,6,2,3
1,<environment.Job instance at 0x7fb6143f1e10>,7,14,[3 6],8,8,22,0,8
1,<environment.Job instance at 0x7fb6143f1640>,8,12,[6 4],9,10,22,1,10
1,<environment.Job instance at 0x7fb6143f12d0>,11,3,[6 1],12,22,25,10,12
1,<environment.Job instance at 0x7fb6143f1aa0>,12,2,[5 3],13,25,27,12,13
1,<environment.Job instance at 0x7fb6143f18c0>,13,3,[4 6],14,22,25,8,14
1,<environment.Job instance at 0x7fb5ceddc730>,14,14,[3 8],15,27,41,12,15
1,<environment.Job instance at 0x7fb5ceddcd70>,19,2,[5 3],20,25,27,5,21
1,<environment.Job instance at 0x7fb5ceddc870>,16,18,[8 3],17,41,59,24,30
1,<environment.Job instance at 0x7fb5ceddc3c0>,31,15,[5 7],32,59,74,27,45
1,<environment.Job instance at 0x7fb614609eb0>,32,17,[8 2],33,74,91,41,62
1,<environment.Job instance at 0x7fb6146aa5a0>,39,18,[10  4],40,91,109,51,80
1,<environment.Job instance at 0x7fb61430e410>,43,14,[5 6],44,109,123,65,95
1,<environment.Job instance at 0x7fb61430e4b0>,50,16,[8 5],51,123,139,72,110
1,<environment.Job instance at 0x7fb5ceddc230>,22,14,[2 8],23,139,153,116,124
1,<environment.Job instance at 0x7fb5ceddc7d0>,20,12,[3 8],21,153,165,132,140
1,<environment.Job instance at 0x7fb6142fbf50>,58,16,[9 2],59,165,181,106,152
1,<environment.Job instance at 0x7fb6142fb8c0>,62,2,[2 7],63,181,183,118,155
1,<environment.Job instance at 0x7fb6142fbbe0>,59,1,[8 5],60,183,184,123,155
1,<environment.Job instance at 0x7fb6142fb780>,66,2,[7 5],67,184,186,117,167
1,<environment.Job instance at 0x7fb5ceddc370>,21,18,[5 8],22,186,204,164,178
1,<environment.Job instance at 0x7fb6142fbcd0>,65,14,[6 1],66,206,220,140,206
1,<environment.Job instance at 0x7fb615248500>,2,16,[6 4],3,3,19,0,3
1,<environment.Job instance at 0x7fb61470d500>,4,14,[3 6],5,5,19,0,5
1,<environment.Job instance at 0x7fb5ce8e00a0>,5,13,[7 4],6,19,32,13,6
1,<environment.Job instance at 0x7fb5ce970e10>,10,13,[6 2],11,32,45,21,22
1,<environment.Job instance at 0x7fb5ce970550>,11,3,[7 4],12,45,48,33,22
1,<environment.Job instance at 0x7fb614bd6460>,21,1,[3 6],22,52,53,30,52
1,<environment.Job instance at 0x7fb6149cf410>,25,3,[8 5],26,54,57,28,54
1,<environment.Job instance at 0x7fb5ced669b0>,26,14,[2 5],27,54,68,27,54
1,<environment.Job instance at 0x7fb614946d20>,13,1,[5 8],14,82,83,68,82
1,<environment.Job instance at 0x7fb5cedcdb40>,24,24,[5 5],25,83,107,58,82
1,<environment.Job instance at 0x7fb5cee51dc0>,32,1,[4 8],33,107,108,74,82
1,<environment.Job instance at 0x7fb6146d7e60>,33,3,[10  3],34,108,111,74,83
1,<environment.Job instance at 0x7fb614906d70>,37,13,[3 7],38,111,124,73,95
1,<environment.Job instance at 0x7fb61430b960>,43,15,[6 4],44,124,139,80,111
1,<environment.Job instance at 0x7fb5ce7e20a0>,47,12,[6 2],48,111,123,63,111
1,<environment.Job instance at 0x7fb5ce7e2500>,48,13,[8 3],49,139,152,90,123
1,<environment.Job instance at 0x7fb5ce7e2c30>,50,12,[3 7],51,152,164,101,136
1,<environment.Job instance at 0x7fb5cee54fa0>,57,3,[3 5],58,164,167,106,139
1,<environment.Job instance at 0x7fb61462aeb0>,61,15,[7 1],62,153,168,91,153
1,<environment.Job instance at 0x7fb5cea58d70>,31,17,[7 5],32,168,185,136,163
1,<environment.Job instance at 0x7fb614cc5a50>,66,2,[ 3 10],67,185,187,118,163
1,<environment.Job instance at 0x7fb614946c80>,16,14,[9 4],17,187,201,170,176
1,<environment.Job instance at 0x7fb614a70e10>,3,14,[9 3],4,4,18,0,4
1,<environment.Job instance at 0x7fb61444e910>,7,16,[7 2],8,18,34,10,9
1,<environment.Job instance at 0x7fb61444e410>,12,16,[10  4],13,34,50,21,21
1,<environment.Job instance at 0x7fb614766050>,19,18,[5 8],20,50,68,30,43
1,<environment.Job instance at 0x7fb6147669b0>,22,13,[1 5],23,68,81,45,60
1,<environment.Job instance at 0x7fb5ce6d6d70>,24,16,[6 1],25,68,84,43,62
1,<environment.Job instance at 0x7fb5ce8daaf0>,26,18,[ 5 10],27,84,102,57,73
1,<environment.Job instance at 0x7fb6143187d0>,28,13,[9 1],29,102,115,73,86
1,<environment.Job instance at 0x7fb5cee460f0>,38,15,[2 8],39,115,130,76,101
1,<environment.Job instance at 0x7fb61444efa0>,14,16,[9 5],15,130,146,115,122
1,<environment.Job instance at 0x7fb5cee33550>,44,12,[3 9],45,146,158,101,130
1,<environment.Job instance at 0x7fb5ce6691e0>,46,3,[6 3],47,158,161,111,132
1,<environment.Job instance at 0x7fb5ce6695a0>,53,3,[5 7],54,161,164,107,144
1,<environment.Job instance at 0x7fb5ce669aa0>,54,2,[ 5 10],55,164,166,109,145
1,<environment.Job instance at 0x7fb5ce6696e0>,55,16,[4 7],56,166,182,110,153
1,<environment.Job instance at 0x7fb5cee574b0>,58,16,[1 7],59,182,198,123,169
1,<environment.Job instance at 0x7fb5ce6698c0>,51,12,[1 6],52,198,210,146,183
1,<environment.Job instance at 0x7fb5ce67ec80>,65,15,[5 9],66,210,225,144,197
1,<environment.Job instance at 0x7fb614a70820>,5,18,[4 9],6,7,25,1,7
1,<environment.Job instance at 0x7fb614c38690>,10,13,[10  1],11,25,38,14,12
1,<environment.Job instance at 0x7fb5cee54aa0>,6,1,[10  1],7,38,39,31,22
1,<environment.Job instance at 0x7fb614a706e0>,8,13,[5 5],9,39,52,30,26
1,<environment.Job instance at 0x7fb614a3a460>,17,2,[3 7],18,52,54,34,33
1,<environment.Job instance at 0x7fb614a3a500>,20,17,[5 6],21,54,71,33,42
1,<environment.Job instance at 0x7fb614a3a820>,24,1,[3 5],25,71,72,46,55
1,<environment.Job instance at 0x7fb614a3ab40>,26,15,[10  2],27,72,87,45,71
1,<environment.Job instance at 0x7fb614c91690>,29,13,[4 7],30,87,100,57,85
1,<environment.Job instance at 0x7fb614a3a370>,15,1,[1 8],16,100,101,84,85
1,<environment.Job instance at 0x7fb5cedf4a00>,30,16,[10  1],31,101,117,70,88
1,<environment.Job instance at 0x7fb5cedf4500>,34,2,[7 1],35,117,119,82,105
1,<environment.Job instance at 0x7fb5cedf4eb0>,35,2,[4 7],36,119,121,83,105
1,<environment.Job instance at 0x7fb5cedf4b40>,36,12,[6 4],37,121,133,84,105
1,<environment.Job instance at 0x7fb61510f320>,41,13,[10  2],42,133,146,91,117
1,<environment.Job instance at 0x7fb5ce67e9b0>,2,12,[2 9],3,146,158,143,133
1,<environment.Job instance at 0x7fb61510f4b0>,49,3,[3 7],50,158,161,108,140
1,<environment.Job instance at 0x7fb61510fd20>,50,14,[5 8],51,161,175,110,146
1,<environment.Job instance at 0x7fb61510f0f0>,56,3,[3 9],57,175,178,118,159
1,<environment.Job instance at 0x7fb61510ff00>,57,15,[6 1],58,175,190,117,161
1,<environment.Job instance at 0x7fb61486ad20>,66,15,[10  3],67,218,233,151,218
1,<environment.Job instance at 0x7fb61486a370>,67,15,[9 1],68,233,248,165,219
1,<environment.Job instance at 0x7fb5ceb523c0>,9,17,[6 2],10,12,29,2,12
1,<environment.Job instance at 0x7fb5ce6155a0>,12,12,[6 2],13,29,41,16,14
1,<environment.Job instance at 0x7fb5cebc87d0>,14,1,[2 8],15,15,16,0,15
1,<environment.Job instance at 0x7fb5cee5b5a0>,15,16,[6 2],16,41,57,25,28
1,<environment.Job instance at 0x7fb614d06410>,18,14,[8 5],19,57,71,38,42
1,<environment.Job instance at 0x7fb5ceb52a50>,13,1,[1 5],14,42,43,28,42
1,<environment.Job instance at 0x7fb614903500>,25,13,[5 7],26,71,84,45,55
1,<environment.Job instance at 0x7fb5cee9bf50>,29,15,[1 6],30,84,99,54,70
1,<environment.Job instance at 0x7fb5cee16aa0>,31,15,[8 1],32,84,99,52,72
1,<environment.Job instance at 0x7fb5cee161e0>,33,15,[ 3 10],34,99,114,65,92
1,<environment.Job instance at 0x7fb614632e60>,40,16,[5 4],41,114,130,73,111
1,<environment.Job instance at 0x7fb614632e10>,44,17,[3 5],45,120,137,75,120
1,<environment.Job instance at 0x7fb614ba8640>,46,14,[6 5],47,130,144,83,124
1,<environment.Job instance at 0x7fb5ceb52c30>,11,18,[4 9],12,144,162,132,133
1,<environment.Job instance at 0x7fb614e4b500>,50,2,[10  4],51,162,164,111,137
1,<environment.Job instance at 0x7fb5cecbe870>,51,13,[2 5],52,164,177,112,151
1,<environment.Job instance at 0x7fb5cecbe960>,56,12,[1 7],57,177,189,120,160
1,<environment.Job instance at 0x7fb5ce60f8c0>,54,18,[6 4],55,189,207,134,178
1,<environment.Job instance at 0x7fb614ce1320>,61,3,[8 3],62,178,181,116,178
1,<environment.Job instance at 0x7fb5cead3500>,65,13,[6 4],66,207,220,141,192
1,<environment.Job instance at 0x7fb5cec46aa0>,1,16,[8 4],2,2,18,0,2
1,<environment.Job instance at 0x7fb6143ae0a0>,10,13,[5 8],11,18,31,7,12
1,<environment.Job instance at 0x7fb5ceec15a0>,14,1,[6 4],15,31,32,16,17
1,<environment.Job instance at 0x7fb5ce60e6e0>,6,1,[10  4],7,32,33,25,18
1,<environment.Job instance at 0x7fb6148bda00>,13,15,[6 2],14,33,48,19,19
1,<environment.Job instance at 0x7fb6142ba910>,20,12,[2 5],21,33,45,12,26
1,<environment.Job instance at 0x7fb61520d640>,22,1,[5 3],23,48,49,25,28
1,<environment.Job instance at 0x7fb5ce7a22d0>,26,12,[4 8],27,49,61,22,33
1,<environment.Job instance at 0x7fb5ceaf55a0>,19,2,[4 7],20,45,47,25,33
1,<environment.Job instance at 0x7fb5ce7a2af0>,31,2,[4 5],32,47,49,15,44
1,<environment.Job instance at 0x7fb61506e1e0>,32,3,[4 7],33,61,64,28,44
1,<environment.Job instance at 0x7fb6148ffa50>,33,12,[9 3],34,64,76,30,48
1,<environment.Job instance at 0x7fb5cee557d0>,37,17,[2 6],38,76,93,38,64
1,<environment.Job instance at 0x7fb6145bd460>,40,16,[9 4],41,93,109,52,80
1,<environment.Job instance at 0x7fb614850140>,43,13,[5 6],44,109,122,65,93
1,<environment.Job instance at 0x7fb5cedbeb90>,49,14,[9 4],50,122,136,72,107
1,<environment.Job instance at 0x7fb5cedbef00>,53,3,[ 1 10],54,136,139,82,117
1,<environment.Job instance at 0x7fb5ced4fd70>,28,12,[7 5],29,139,151,110,127
1,<environment.Job instance at 0x7fb5cead3640>,58,13,[ 3 10],59,151,164,92,135
1,<environment.Job instance at 0x7fb5ce9b7640>,63,17,[6 1],64,164,181,100,152
1,<environment.Job instance at 0x7fb614a32140>,23,27,[3 5],24,164,191,140,164
1,<environment.Job instance at 0x7fb5ced1c910>,5,12,[3 7],6,6,18,0,6
1,<environment.Job instance at 0x7fb5ce64a500>,10,18,[1 7],11,18,36,7,11
1,<environment.Job instance at 0x7fb5ce9dfd70>,19,1,[5 6],20,36,37,16,34
1,<environment.Job instance at 0x7fb5ce9df640>,18,16,[8 4],19,37,53,18,34
1,<environment.Job instance at 0x7fb5ce9d90f0>,22,1,[6 5],23,53,54,30,35
1,<environment.Job instance at 0x7fb5ce9d9050>,23,18,[ 2 10],24,54,72,30,44
1,<environment.Job instance at 0x7fb5ce9d9500>,30,15,[3 8],31,72,87,41,64
1,<environment.Job instance at 0x7fb5ce64aeb0>,12,14,[8 5],13,104,118,91,104
1,<environment.Job instance at 0x7fb5ce9d9280>,26,12,[5 9],27,118,130,91,107
1,<environment.Job instance at 0x7fb5ce9d9e60>,41,2,[3 5],42,130,132,88,109
1,<environment.Job instance at 0x7fb5ce9d5230>,45,14,[10  1],46,132,146,86,128
1,<environment.Job instance at 0x7fb5ce9d50f0>,47,17,[2 7],48,146,163,98,134
1,<environment.Job instance at 0x7fb5ce9d9b40>,42,1,[5 5],43,163,164,120,149
1,<environment.Job instance at 0x7fb5ce9d5320>,46,15,[3 6],47,164,179,117,151
1,<environment.Job instance at 0x7fb5ce9d57d0>,55,3,[6 4],56,164,167,108,152
1,<environment.Job instance at 0x7fb5ce9d50a0>,60,18,[2 7],61,179,197,118,171
1,<environment.Job instance at 0x7fb5ce9d5d20>,63,13,[5 2],64,186,199,122,186
1,<environment.Job instance at 0x7fb5ce9cc280>,65,13,[8 4],66,199,212,133,186
1,<environment.Job instance at 0x7fb5ce9d5f00>,66,13,[6 5],67,212,225,145,197
1,<environment.Job instance at 0x7fb5ce9d5690>,53,18,[3 7],54,225,243,171,223
1,<environment.Job instance at 0x7fb5cea58a50>,7,2,[4 6],8,16,18,8,16
1,<environment.Job instance at 0x7fb615248d20>,11,2,[8 5],12,18,20,6,16
1,<environment.Job instance at 0x7fb615248d70>,9,20,[6 3],10,20,40,10,16
1,<environment.Job instance at 0x7fb615248870>,16,14,[10  1],17,40,54,23,25
1,<environment.Job instance at 0x7fb615248280>,20,18,[5 6],21,54,72,33,43
1,<environment.Job instance at 0x7fb6152485a0>,14,16,[2 7],15,72,88,57,60
1,<environment.Job instance at 0x7fb614446960>,30,20,[3 8],31,88,108,57,80
1,<environment.Job instance at 0x7fb614446230>,34,1,[ 1 10],35,108,109,73,80
1,<environment.Job instance at 0x7fb61461c2d0>,37,1,[5 3],38,80,81,42,80
1,<environment.Job instance at 0x7fb61461c280>,38,3,[9 3],39,109,112,70,84
1,<environment.Job instance at 0x7fb61461c4b0>,44,17,[1 8],45,112,129,67,107
1,<environment.Job instance at 0x7fb61461c870>,51,12,[7 1],52,126,138,74,126
1,<environment.Job instance at 0x7fb5cec50f00>,55,2,[1 5],56,145,147,89,145
1,<environment.Job instance at 0x7fb5cec50230>,57,13,[5 3],58,158,171,100,158
1,<environment.Job instance at 0x7fb5cec50820>,58,12,[10  2],59,171,183,112,161
1,<environment.Job instance at 0x7fb5cec501e0>,60,16,[ 2 10],61,183,199,122,170
1,<environment.Job instance at 0x7fb614508f50>,68,13,[5 5],69,199,212,130,183
1,<environment.Job instance at 0x7fb6152488c0>,1,18,[8 1],2,2,20,0,2
1,<environment.Job instance at 0x7fb614340780>,10,13,[3 8],11,22,35,11,22
1,<environment.Job instance at 0x7fb6143408c0>,12,17,[3 5],13,35,52,22,23
1,<environment.Job instance at 0x7fb614340c30>,14,1,[5 2],15,24,25,9,24
1,<environment.Job instance at 0x7fb614340d70>,9,17,[1 5],10,36,53,26,36
1,<environment.Job instance at 0x7fb6143400a0>,18,13,[8 3],19,52,65,33,40
1,<environment.Job instance at 0x7fb5ce9d5af0>,25,14,[10  1],26,65,79,39,63
1,<environment.Job instance at 0x7fb5ce9d5550>,26,12,[9 5],27,79,91,52,63
1,<environment.Job instance at 0x7fb6148e6190>,8,1,[6 5],9,91,92,82,63
1,<environment.Job instance at 0x7fb5ce9d5910>,30,16,[5 4],31,92,108,61,81
1,<environment.Job instance at 0x7fb5ce9d5c30>,35,3,[5 3],36,103,106,67,103
1,<environment.Job instance at 0x7fb614340fa0>,21,17,[9 4],22,110,127,88,110
1,<environment.Job instance at 0x7fb614fa7a00>,37,12,[7 2],38,127,139,89,110
1,<environment.Job instance at 0x7fb614fa7280>,38,3,[7 2],39,139,142,100,125
1,<environment.Job instance at 0x7fb614fa7eb0>,45,1,[10  5],46,142,143,96,125
1,<environment.Job instance at 0x7fb614fa7780>,44,12,[7 1],45,143,155,98,126
1,<environment.Job instance at 0x7fb614fa7690>,48,16,[6 5],49,155,171,106,142
1,<environment.Job instance at 0x7fb5ce87e690>,51,3,[5 9],52,171,174,119,152
1,<environment.Job instance at 0x7fb5ce87ed70>,52,3,[7 1],53,174,177,121,152
1,<environment.Job instance at 0x7fb5ce87e410>,53,2,[7 5],54,177,179,123,158
1,<environment.Job instance at 0x7fb5ce9d5780>,34,12,[7 2],35,179,191,144,164
1,<environment.Job instance at 0x7fb5ce87ee10>,57,1,[5 4],58,191,192,133,166
1,<environment.Job instance at 0x7fb5ce87e4b0>,58,3,[3 5],59,177,180,118,177
1,<environment.Job instance at 0x7fb5ce87ec30>,56,14,[5 7],57,192,206,135,181
1,<environment.Job instance at 0x7fb5ce87eaa0>,65,15,[7 1],66,206,221,140,192
1,<environment.Job instance at 0x7fb5cedace10>,68,13,[7 1],69,221,234,152,205
1,<environment.Job instance at 0x7fb5cedacaf0>,5,2,[ 3 10],6,6,8,0,6
1,<environment.Job instance at 0x7fb5ce603780>,7,2,[10  5],8,8,10,0,8
1,<environment.Job instance at 0x7fb5ced1c370>,8,17,[9 2],9,10,27,1,9
1,<environment.Job instance at 0x7fb5cee11e60>,14,18,[6 3],15,27,45,12,25
1,<environment.Job instance at 0x7fb5ce609af0>,19,15,[4 7],20,44,59,24,44
1,<environment.Job instance at 0x7fb5ce609d70>,23,18,[5 5],24,59,77,35,53
1,<environment.Job instance at 0x7fb5ce609f00>,25,17,[6 4],26,77,94,51,65
1,<environment.Job instance at 0x7fb5ce621500>,32,1,[4 8],33,103,104,70,103
1,<environment.Job instance at 0x7fb5ce621640>,34,16,[2 5],35,112,128,77,112
1,<environment.Job instance at 0x7fb5ce6216e0>,35,13,[ 5 10],36,128,141,92,112
1,<environment.Job instance at 0x7fb5ce621af0>,43,16,[7 2],44,141,157,97,128
1,<environment.Job instance at 0x7fb5ce621f50>,49,12,[10  4],50,157,169,107,141
1,<environment.Job instance at 0x7fb5ce6240f0>,50,13,[7 1],51,169,182,118,156
1,<environment.Job instance at 0x7fb5ce624820>,59,13,[5 8],60,182,195,122,166
1,<environment.Job instance at 0x7fb5ce624af0>,64,15,[5 5],65,195,210,130,185
1,<environment.Job instance at 0x7fb5ce6244b0>,53,19,[7 1],54,210,229,156,208
1,<environment.Job instance at 0x7fb5ce624d70>,3,18,[6 4],4,4,22,0,4
1,<environment.Job instance at 0x7fb5ce603dc0>,4,18,[9 1],5,22,40,17,11
1,<environment.Job instance at 0x7fb614cadb90>,20,13,[1 6],21,30,43,9,30
1,<environment.Job instance at 0x7fb614cad820>,26,18,[5 4],27,40,58,13,33
1,<environment.Job instance at 0x7fb5ce61e320>,7,12,[3 8],8,58,70,50,45
1,<environment.Job instance at 0x7fb614cadfa0>,32,15,[3 6],33,70,85,37,59
1,<environment.Job instance at 0x7fb6142af9b0>,30,17,[7 1],31,70,87,39,70
1,<environment.Job instance at 0x7fb614c2f320>,38,1,[3 8],39,85,86,46,72
1,<environment.Job instance at 0x7fb5ce624410>,6,14,[5 7],7,87,101,80,72
1,<environment.Job instance at 0x7fb614c2f5f0>,40,1,[3 6],41,86,87,45,73
1,<environment.Job instance at 0x7fb614c2fb90>,39,1,[10  3],40,101,102,61,73
1,<environment.Job instance at 0x7fb5ceba63c0>,43,2,[5 9],44,102,104,58,75
1,<environment.Job instance at 0x7fb5ceba64b0>,42,13,[9 3],43,104,117,61,88
1,<environment.Job instance at 0x7fb5ceba6dc0>,47,2,[4 9],48,117,119,69,94
1,<environment.Job instance at 0x7fb5ceba6910>,44,13,[5 5],45,119,132,74,103
1,<environment.Job instance at 0x7fb5ceba6370>,52,3,[2 8],53,132,135,79,106
1,<environment.Job instance at 0x7fb5ceba6870>,56,3,[8 5],57,135,138,78,109
1,<environment.Job instance at 0x7fb6145fb820>,58,16,[10  1],59,138,154,79,125
1,<environment.Job instance at 0x7fb614730370>,66,3,[4 7],67,154,157,87,138
1,<environment.Job instance at 0x7fb614730a00>,67,12,[9 1],68,157,169,89,140
1,<environment.Job instance at 0x7fb614730aa0>,68,1,[1 9],69,157,158,88,150
1,<environment.Job instance at 0x7fb5ceba65a0>,46,15,[10  2],47,169,184,122,157
1,<environment.Job instance at 0x7fb5cedbbdc0>,1,2,[4 7],2,2,4,0,2
1,<environment.Job instance at 0x7fb5cec333c0>,3,1,[9 5],4,4,5,0,4
1,<environment.Job instance at 0x7fb5ceaece10>,6,2,[7 3],7,10,12,3,10
1,<environment.Job instance at 0x7fb5ceaec190>,11,12,[ 1 10],12,12,24,0,12
1,<environment.Job instance at 0x7fb614c39730>,15,15,[9 4],16,25,40,9,25
1,<environment.Job instance at 0x7fb619aa6690>,19,3,[1 9],20,40,43,20,35
1,<environment.Job instance at 0x7fb614b7ce10>,20,15,[4 8],21,43,58,22,35
1,<environment.Job instance at 0x7fb6145a4c30>,25,15,[9 1],26,58,73,32,50
1,<environment.Job instance at 0x7fb5ce7a25a0>,26,3,[1 7],27,58,61,31,50
1,<environment.Job instance at 0x7fb5cebd8230>,29,1,[8 2],30,73,74,43,51
1,<environment.Job instance at 0x7fb5cedccd70>,30,15,[7 2],31,74,89,43,60
1,<environment.Job instance at 0x7fb614d33500>,37,15,[1 6],38,78,93,40,78
1,<environment.Job instance at 0x7fb614d33370>,41,18,[5 5],42,94,112,52,94
1,<environment.Job instance at 0x7fb614b7ca50>,21,3,[9 5],22,112,115,90,96
1,<environment.Job instance at 0x7fb614dc5f50>,44,16,[4 7],45,115,131,70,102
1,<environment.Job instance at 0x7fb614dc5550>,45,3,[6 4],46,131,134,85,106
1,<environment.Job instance at 0x7fb614dc5230>,47,1,[7 3],48,134,135,86,120
1,<environment.Job instance at 0x7fb614dc5e60>,46,2,[10  1],47,135,137,88,121
1,<environment.Job instance at 0x7fb5cec5d190>,42,14,[5 7],43,137,151,94,122
1,<environment.Job instance at 0x7fb5cea57f00>,49,2,[4 6],50,131,133,81,122
1,<environment.Job instance at 0x7fb5cea578c0>,50,2,[5 8],51,151,153,100,127
1,<environment.Job instance at 0x7fb6196a7370>,53,1,[6 5],54,153,154,99,143
1,<environment.Job instance at 0x7fb6196a7a50>,54,1,[4 9],55,154,155,99,143
1,<environment.Job instance at 0x7fb6196a7c80>,52,14,[4 9],53,155,169,102,143
1,<environment.Job instance at 0x7fb619aa0870>,58,1,[1 6],59,169,170,110,156
1,<environment.Job instance at 0x7fb5cea57050>,51,3,[6 5],52,170,173,118,156
1,<environment.Job instance at 0x7fb619aa0b90>,59,14,[5 4],60,173,187,113,161
1,<environment.Job instance at 0x7fb5cedda370>,64,2,[1 6],65,181,183,116,181
1,<environment.Job instance at 0x7fb5cedda2d0>,66,1,[3 7],67,187,188,120,181
1,<environment.Job instance at 0x7fb6149b1d70>,67,1,[4 7],68,188,189,120,181
1,<environment.Job instance at 0x7fb614e390f0>,68,17,[10  4],69,189,206,120,181
1,<environment.Job instance at 0x7fb5cee151e0>,60,15,[5 3],61,206,221,145,205
1,<environment.Job instance at 0x7fb6151d5780>,3,17,[4 9],4,4,21,0,4
1,<environment.Job instance at 0x7fb6149df820>,8,16,[9 2],9,21,37,12,9
1,<environment.Job instance at 0x7fb61438ebe0>,13,3,[10  4],14,37,40,23,16
1,<environment.Job instance at 0x7fb614353d20>,12,3,[7 5],13,40,43,27,17
1,<environment.Job instance at 0x7fb61438e3c0>,17,13,[ 5 10],18,43,56,25,27
1,<environment.Job instance at 0x7fb61452ea00>,20,18,[8 5],21,56,74,35,45
1,<environment.Job instance at 0x7fb615029f50>,24,13,[4 6],25,74,87,49,58
1,<environment.Job instance at 0x7fb61438ee60>,15,18,[6 2],16,74,92,58,65
1,<environment.Job instance at 0x7fb5ceac89b0>,30,2,[3 9],31,92,94,61,68
1,<environment.Job instance at 0x7fb5ceac8af0>,29,15,[5 9],30,94,109,64,81
1,<environment.Job instance at 0x7fb614420a50>,34,1,[6 2],35,109,110,74,81
1,<environment.Job instance at 0x7fb5ce6b9460>,37,3,[ 5 10],38,110,113,72,84
1,<environment.Job instance at 0x7fb5ce7ccc80>,32,16,[3 5],33,113,129,80,101
1,<environment.Job instance at 0x7fb5cead86e0>,41,2,[1 5],42,113,115,71,102
1,<environment.Job instance at 0x7fb614428730>,44,2,[7 4],45,115,117,70,103
1,<environment.Job instance at 0x7fb5ceac52d0>,42,3,[9 5],43,129,132,86,106
1,<environment.Job instance at 0x7fb614428640>,48,17,[3 8],49,132,149,83,120
1,<environment.Job instance at 0x7fb614428e10>,49,15,[ 5 10],50,149,164,99,135
1,<environment.Job instance at 0x7fb614422050>,55,16,[10  3],56,164,180,108,151
1,<environment.Job instance at 0x7fb61442b050>,61,3,[9 4],62,180,183,118,165
1,<environment.Job instance at 0x7fb61442b550>,62,13,[9 1],63,183,196,120,167
1,<environment.Job instance at 0x7fb5cead8960>,43,17,[10  3],44,196,213,152,184
1,<environment.Job instance at 0x7fb5ce7b1c80>,68,16,[3 5],69,213,229,144,204
1,<environment.Job instance at 0x7fb5cee0d0a0>,7,2,[8 2],8,8,10,0,8
1,<environment.Job instance at 0x7fb6196a75f0>,6,1,[1 9],7,10,11,3,8
1,<environment.Job instance at 0x7fb5cee0d4b0>,5,17,[9 3],6,11,28,5,10
1,<environment.Job instance at 0x7fb5ce609cd0>,11,12,[10  4],12,28,40,16,12
1,<environment.Job instance at 0x7fb614eb33c0>,23,2,[9 4],24,40,42,16,24
1,<environment.Job instance at 0x7fb614eb32d0>,25,17,[5 9],26,49,66,23,49
1,<environment.Job instance at 0x7fb619835230>,22,13,[7 3],23,66,79,43,50
1,<environment.Job instance at 0x7fb614eb3370>,32,18,[10  5],33,79,97,46,70
1,<environment.Job instance at 0x7fb614eb3cd0>,30,3,[10  4],31,97,100,66,81
1,<environment.Job instance at 0x7fb614eb3410>,31,17,[8 2],32,100,117,68,88
1,<environment.Job instance at 0x7fb5ce6090a0>,19,1,[5 5],20,117,118,97,103
1,<environment.Job instance at 0x7fb5ce8b1050>,39,12,[5 9],40,118,130,78,105
1,<environment.Job instance at 0x7fb5ce8b15a0>,50,2,[5 5],51,130,132,79,112
1,<environment.Job instance at 0x7fb5ce8b13c0>,45,13,[ 3 10],46,132,145,86,116
1,<environment.Job instance at 0x7fb5ce8b19b0>,44,13,[10  1],45,145,158,100,132
1,<environment.Job instance at 0x7fb61490ff50>,59,13,[4 7],60,158,171,98,143
1,<environment.Job instance at 0x7fb61490f730>,57,18,[5 2],58,165,183,107,165
1,<environment.Job instance at 0x7fb61490f1e0>,1,18,[7 1],2,2,20,0,2
1,<environment.Job instance at 0x7fb5cea6c7d0>,9,2,[10  1],10,20,22,10,10
1,<environment.Job instance at 0x7fb6145acb90>,12,14,[ 1 10],13,22,36,9,18
1,<environment.Job instance at 0x7fb6146009b0>,15,15,[10  1],16,36,51,20,22
1,<environment.Job instance at 0x7fb614600320>,20,3,[10  4],21,51,54,30,39
1,<environment.Job instance at 0x7fb6146000f0>,21,17,[5 6],22,54,71,32,43
1,<environment.Job instance at 0x7fb5cec6faa0>,25,12,[7 2],26,71,83,45,55
1,<environment.Job instance at 0x7fb5cea84820>,29,18,[3 8],30,71,89,41,65
1,<environment.Job instance at 0x7fb5ce5d71e0>,30,2,[4 9],31,89,91,58,67
1,<environment.Job instance at 0x7fb5ced44f00>,32,15,[1 7],33,91,106,58,81
1,<environment.Job instance at 0x7fb614e8e140>,35,12,[1 9],36,106,118,70,89
1,<environment.Job instance at 0x7fb5ceb240a0>,36,13,[8 3],37,91,104,54,89
1,<environment.Job instance at 0x7fb6144055f0>,40,2,[2 9],41,118,120,77,97
1,<environment.Job instance at 0x7fb614a0d730>,43,12,[5 9],44,120,132,76,113
1,<environment.Job instance at 0x7fb614a0daf0>,44,16,[1 8],45,132,148,87,119
1,<environment.Job instance at 0x7fb614cfe500>,33,17,[6 1],34,141,158,107,141
1,<environment.Job instance at 0x7fb5ce9696e0>,53,18,[8 1],54,158,176,104,147
1,<environment.Job instance at 0x7fb5ce9694b0>,54,13,[10  5],55,176,189,121,164
1,<environment.Job instance at 0x7fb5ce969cd0>,57,3,[5 7],58,189,192,131,166
1,<environment.Job instance at 0x7fb5ceb84910>,60,18,[5 7],61,192,210,131,182
1,<environment.Job instance at 0x7fb5ce5efeb0>,64,15,[6 4],65,210,225,145,196
1,<environment.Job instance at 0x7fa3b8603320>,2,14,[ 2 10],3,3,17,0,3
1,<environment.Job instance at 0x7fa3b31f3550>,7,14,[7 5],8,17,31,9,11
1,<environment.Job instance at 0x7fa3b31f3b90>,13,18,[5 9],14,31,49,17,22
1,<environment.Job instance at 0x7fa3b31f3f00>,17,12,[5 1],18,31,43,13,26
1,<environment.Job instance at 0x7fa3b31f7280>,22,12,[3 8],23,51,63,28,51
1,<environment.Job instance at 0x7fa3b31f72d0>,23,16,[6 2],24,51,67,27,51
1,<environment.Job instance at 0x7fa3b31f78c0>,26,12,[8 5],27,67,79,40,51
1,<environment.Job instance at 0x7fa3b31f7d70>,34,14,[1 9],35,98,112,63,98
1,<environment.Job instance at 0x7fa3b31f7f50>,37,14,[5 8],38,112,126,74,98
1,<environment.Job instance at 0x7fa3b31f7e10>,38,2,[6 1],39,98,100,59,98
1,<environment.Job instance at 0x7fa3b31f7fa0>,36,2,[7 5],37,126,128,89,104
1,<environment.Job instance at 0x7fa3b31f7f00>,35,16,[1 9],36,128,144,92,126
1,<environment.Job instance at 0x7fa3b31f8460>,43,12,[4 5],44,144,156,100,127
1,<environment.Job instance at 0x7fa3b31f8320>,41,1,[7 1],42,128,129,86,127
1,<environment.Job instance at 0x7fa3b31f8640>,46,2,[3 5],47,144,146,97,127
1,<environment.Job instance at 0x7fa3b31f88c0>,50,2,[5 6],51,156,158,105,139
1,<environment.Job instance at 0x7fa3b31f8c30>,51,2,[5 3],52,146,148,94,140
1,<environment.Job instance at 0x7fa3b31f8dc0>,52,2,[ 2 10],53,158,160,105,140
1,<environment.Job instance at 0x7fa3b31f8e10>,53,3,[2 9],54,160,163,106,142
1,<environment.Job instance at 0x7fa3b31f86e0>,47,13,[ 3 10],48,163,176,115,148
1,<environment.Job instance at 0x7fa3b31fc3c0>,58,17,[3 7],59,176,193,117,164
1,<environment.Job instance at 0x7fa3b31fcaa0>,67,16,[1 9],68,193,209,125,180
1,<environment.Job instance at 0x7fa3b31f8d20>,54,18,[7 1],55,180,198,125,180
1,<environment.Job instance at 0x7fa3b31fcaf0>,70,1,[5 4],71,209,210,138,181
1,<environment.Job instance at 0x7fa3b31fcb90>,71,2,[5 1],72,198,200,126,182
1,<environment.Job instance at 0x7fa3b31fcfa0>,74,2,[1 7],75,210,212,135,183
1,<environment.Job instance at 0x7fa3b31fce60>,75,3,[10  4],76,212,215,136,187
1,<environment.Job instance at 0x7fa3b31fcf00>,73,2,[9 3],74,210,212,136,195
1,<environment.Job instance at 0x7fa3b31fca50>,69,14,[9 4],70,215,229,145,200
1,<environment.Job instance at 0x7fa3b8778b90>,3,18,[ 3 10],4,4,22,0,4
1,<environment.Job instance at 0x7fa3b876bcd0>,11,18,[5 4],12,22,40,10,12
1,<environment.Job instance at 0x7fa3b876abe0>,21,15,[2 7],22,40,55,18,30
1,<environment.Job instance at 0x7fa3b862fe60>,22,13,[9 4],23,55,68,32,40
1,<environment.Job instance at 0x7fa3b876b9b0>,13,25,[ 1 10],14,68,93,54,67
1,<environment.Job instance at 0x7fa3b876bc30>,12,12,[5 5],13,93,105,80,76
1,<environment.Job instance at 0x7fa3b876f0a0>,35,2,[1 6],36,105,107,69,82
1,<environment.Job instance at 0x7fa3b8602c30>,33,17,[5 1],34,93,110,59,84
1,<environment.Job instance at 0x7fa3b876f780>,34,1,[9 2],35,110,111,75,84
1,<environment.Job instance at 0x7fa3b8770820>,45,2,[7 4],46,111,113,65,105
1,<environment.Job instance at 0x7fa3b87700a0>,47,14,[7 2],48,113,127,65,105
1,<environment.Job instance at 0x7fa3b8770b40>,50,17,[9 5],51,127,144,76,115
1,<environment.Job instance at 0x7fa3b87776e0>,55,15,[8 3],56,144,159,88,130
1,<environment.Job instance at 0x7fa3b8777e60>,58,3,[4 6],59,159,162,100,135
1,<environment.Job instance at 0x7fa3b8777c30>,59,1,[5 5],60,162,163,102,135
1,<environment.Job instance at 0x7fa3b87772d0>,60,2,[7 5],61,163,165,102,136
1,<environment.Job instance at 0x7fa3b8774f50>,63,1,[2 7],64,151,152,87,151
1,<environment.Job instance at 0x7fa3b876f9b0>,42,18,[7 5],43,165,183,122,154
1,<environment.Job instance at 0x7fa3b8774d20>,68,3,[4 8],69,183,186,114,157
1,<environment.Job instance at 0x7fa3b877e0f0>,72,1,[9 2],73,193,194,120,193
1,<environment.Job instance at 0x7fa3b877e460>,74,1,[8 3],75,194,195,119,193
1,<environment.Job instance at 0x7fa3b87746e0>,69,17,[5 7],70,195,212,125,195
1,<environment.Job instance at 0x7fa3b877e230>,78,2,[9 1],79,212,214,133,207
1,<environment.Job instance at 0x7fa36d4ffa50>,5,2,[5 6],6,6,8,0,6
1,<environment.Job instance at 0x7fa36d4fff50>,7,3,[5 6],8,8,11,0,8
1,<environment.Job instance at 0x7fa36d4fffa0>,8,2,[8 1],9,11,13,2,9
1,<environment.Job instance at 0x7fa36d4ff690>,9,14,[ 5 10],10,13,27,3,11
1,<environment.Job instance at 0x7fa36d4ff6e0>,11,13,[5 7],12,27,40,15,12
1,<environment.Job instance at 0x7fa36d4ff550>,16,3,[10  3],17,40,43,23,20
1,<environment.Job instance at 0x7fa36d4ffaf0>,18,2,[5 7],19,43,45,24,24
1,<environment.Job instance at 0x7fa36d4ff050>,20,17,[3 5],21,45,62,24,33
1,<environment.Job instance at 0x7fa3b876b550>,3,2,[9 4],4,62,64,58,43
1,<environment.Job instance at 0x7fa36d4ff730>,10,17,[4 7],11,64,81,53,52
1,<environment.Job instance at 0x7fa36d4cb690>,29,1,[5 3],30,54,55,24,54
1,<environment.Job instance at 0x7fa36d4cbc30>,31,3,[9 5],32,81,84,49,56
1,<environment.Job instance at 0x7fa36d4f9550>,35,15,[5 3],36,84,99,48,78
1,<environment.Job instance at 0x7fa36d4f95a0>,36,3,[7 5],37,99,102,62,80
1,<environment.Job instance at 0x7fa36d4f9190>,37,2,[5 3],38,84,86,46,80
1,<environment.Job instance at 0x7fa36d4f95f0>,41,14,[ 1 10],42,105,119,63,105
1,<environment.Job instance at 0x7fa36d4f9460>,43,14,[5 9],44,119,133,75,108
1,<environment.Job instance at 0x7fa36d47dc80>,51,17,[3 6],52,149,166,97,149
1,<environment.Job instance at 0x7fa36d47d960>,52,13,[2 5],53,166,179,113,150
1,<environment.Job instance at 0x7fa36d47d0f0>,61,3,[5 3],62,207,210,145,207
1,<environment.Job instance at 0x7fa36d47d5a0>,62,15,[8 2],63,210,225,147,208
1,<environment.Job instance at 0x7fa36d4f4140>,5,27,[6 1],6,6,33,0,6
1,<environment.Job instance at 0x7fa36d4f4320>,10,13,[3 5],11,15,28,4,15
1,<environment.Job instance at 0x7fa36d4f43c0>,11,16,[5 8],12,33,49,21,20
1,<environment.Job instance at 0x7fa36d4f4cd0>,6,1,[4 7],7,28,29,21,23
1,<environment.Job instance at 0x7fa36d8b2d70>,22,1,[1 5],23,31,32,8,31
1,<environment.Job instance at 0x7fa36d9ca460>,24,3,[5 4],25,49,52,24,31
1,<environment.Job instance at 0x7fa36d9ca370>,26,15,[6 5],27,52,67,25,38
1,<environment.Job instance at 0x7fa36d4ae8c0>,33,13,[8 3],34,67,80,33,57
1,<environment.Job instance at 0x7fa36d4ae370>,35,2,[5 8],36,80,82,44,57
1,<environment.Job instance at 0x7fa36d4ae0f0>,37,15,[3 6],38,82,97,44,68
1,<environment.Job instance at 0x7fa36d9ca230>,25,18,[ 1 10],26,97,115,71,86
1,<environment.Job instance at 0x7fa36d4ae7d0>,43,2,[7 3],44,115,117,71,103
1,<environment.Job instance at 0x7fa36d4ae5f0>,42,15,[9 2],43,117,132,74,103
1,<environment.Job instance at 0x7fa36d4aefa0>,45,2,[5 7],46,132,134,86,106
1,<environment.Job instance at 0x7fa36d448140>,50,2,[4 9],51,134,136,83,117
1,<environment.Job instance at 0x7fa36d448b90>,52,2,[2 9],53,136,138,83,118
1,<environment.Job instance at 0x7fa36d4481e0>,55,1,[6 3],56,138,139,82,118
1,<environment.Job instance at 0x7fa36d448780>,56,13,[8 2],57,139,152,82,124
1,<environment.Job instance at 0x7fa36d448b40>,57,1,[1 5],58,125,126,67,125
1,<environment.Job instance at 0x7fa36d448280>,58,12,[5 5],59,152,164,93,135
1,<environment.Job instance at 0x7fa36d448e10>,60,1,[7 2],61,164,165,103,141
1,<environment.Job instance at 0x7fa36d4f40f0>,12,23,[1 8],13,164,187,151,159
1,<environment.Job instance at 0x7fa36d67a4b0>,66,3,[4 5],67,159,162,92,159
1,<environment.Job instance at 0x7fa36d67a870>,67,16,[5 3],68,187,203,119,174
1,<environment.Job instance at 0x7fa36d47c550>,70,3,[5 2],71,174,177,103,174
1,<environment.Job instance at 0x7fa36d47c2d0>,72,2,[6 5],73,203,205,130,184
1,<environment.Job instance at 0x7fa36d47cb40>,74,15,[2 6],75,188,203,113,188
1,<environment.Job instance at 0x7fa36d47c0a0>,76,1,[9 2],77,205,206,128,192
1,<environment.Job instance at 0x7fa36d47c5a0>,77,2,[1 8],78,205,207,127,192
1,<environment.Job instance at 0x7fa36d47caf0>,78,14,[9 4],79,207,221,128,193
1,<environment.Job instance at 0x7fa3b8778fa0>,3,16,[ 4 10],4,4,20,0,4
1,<environment.Job instance at 0x7fa36d8e8190>,22,17,[5 9],23,23,40,0,23
1,<environment.Job instance at 0x7fa36d8e1190>,23,17,[7 1],24,40,57,16,30
1,<environment.Job instance at 0x7fa3b320e780>,12,20,[4 9],13,57,77,44,50
1,<environment.Job instance at 0x7fa36d8e1730>,31,2,[4 5],32,77,79,45,63
1,<environment.Job instance at 0x7fa36d8e1690>,32,1,[ 4 10],33,79,80,46,64
1,<environment.Job instance at 0x7fa36d8e1820>,34,16,[5 2],35,80,96,45,67
1,<environment.Job instance at 0x7fa36d8e18c0>,35,2,[6 3],36,77,79,41,67
1,<environment.Job instance at 0x7fa36d8e1550>,30,14,[2 9],31,96,110,65,88
1,<environment.Job instance at 0x7fa36d8e1320>,33,3,[7 5],34,110,113,76,88
1,<environment.Job instance at 0x7fa36d8e1c30>,39,2,[8 2],40,113,115,73,88
1,<environment.Job instance at 0x7fa36d8e1b40>,37,14,[3 6],38,115,129,77,100
1,<environment.Job instance at 0x7fa36d8f1230>,48,16,[5 2],49,115,131,66,102
1,<environment.Job instance at 0x7fa36d8f1190>,47,3,[10  5],48,131,134,83,107
1,<environment.Job instance at 0x7fa36d8f1550>,53,2,[10  2],54,134,136,80,113
1,<environment.Job instance at 0x7fa36d8f1780>,56,2,[2 7],57,113,115,56,113
1,<environment.Job instance at 0x7fa36d8f18c0>,58,1,[9 5],59,136,137,77,114
1,<environment.Job instance at 0x7fa36d8f1820>,57,13,[ 5 10],58,137,150,79,124
1,<environment.Job instance at 0x7fa36d8f1b40>,62,17,[8 2],63,150,167,87,141
1,<environment.Job instance at 0x7fa36d8ed0a0>,68,2,[3 5],69,167,169,98,153
1,<environment.Job instance at 0x7fa36d8ed500>,73,14,[5 6],74,187,201,113,187
1,<environment.Job instance at 0x7fa36d8ed5a0>,74,18,[10  5],75,201,219,126,192
1,<environment.Job instance at 0x7fa36d8edb90>,1,16,[4 5],2,2,18,0,2
1,<environment.Job instance at 0x7fa36d8e1b90>,3,18,[1 6],4,18,36,14,7
1,<environment.Job instance at 0x7fa36d88e960>,7,16,[7 4],8,18,34,10,8
1,<environment.Job instance at 0x7fa36d448460>,20,12,[10  5],21,36,48,15,21
1,<environment.Job instance at 0x7fa36d448780>,24,14,[3 6],25,48,62,23,34
1,<environment.Job instance at 0x7fa36d448870>,25,13,[7 4],26,48,61,22,44
1,<environment.Job instance at 0x7fa36d6449b0>,32,12,[7 5],33,62,74,29,45
1,<environment.Job instance at 0x7fa3b38838c0>,11,16,[4 5],12,74,90,62,61
1,<environment.Job instance at 0x7fa3b2fb9f50>,36,14,[9 4],37,90,104,53,78
1,<environment.Job instance at 0x7fa38126b190>,45,3,[8 5],46,104,107,58,93
1,<environment.Job instance at 0x7fa3b2fb90f0>,46,14,[2 5],47,104,118,57,93
1,<environment.Job instance at 0x7fa36d8a8870>,49,15,[9 5],50,118,133,68,106
1,<environment.Job instance at 0x7fa36d8a8be0>,52,1,[4 8],53,133,134,80,119
1,<environment.Job instance at 0x7fa36d8a8190>,53,3,[10  3],54,134,137,80,120
1,<environment.Job instance at 0x7fa36d8a8280>,54,1,[ 3 10],55,137,138,82,120
1,<environment.Job instance at 0x7fa36d8a8320>,55,14,[3 8],56,138,152,82,124
1,<environment.Job instance at 0x7fa3b2f5e910>,65,13,[6 3],66,152,165,86,138
1,<environment.Job instance at 0x7fa3b2f5ec30>,70,12,[3 7],71,158,170,87,158
1,<environment.Job instance at 0x7fa3b2f5daa0>,72,14,[5 3],73,165,179,92,158
1,<environment.Job instance at 0x7fa3b2f5d140>,73,12,[2 7],74,170,182,96,158
1,<environment.Job instance at 0x7fa36d88e370>,6,27,[2 6],7,186,213,179,186
1,<environment.Job instance at 0x7fa3b2f5d3c0>,76,3,[6 4],77,186,189,109,186
1,<environment.Job instance at 0x7fa3b2f5d5f0>,77,3,[3 5],78,213,216,135,202
1,<environment.Job instance at 0x7fa3b38836e0>,2,3,[8 3],3,3,6,0,3
1,<environment.Job instance at 0x7fa36d70e550>,3,2,[9 1],4,6,8,2,4
1,<environment.Job instance at 0x7fa36d70e320>,8,3,[3 7],9,9,12,0,9
1,<environment.Job instance at 0x7fa36d70e140>,9,3,[5 8],10,12,15,2,10
1,<environment.Job instance at 0x7fa36d70e0a0>,10,15,[2 5],11,15,30,4,11
1,<environment.Job instance at 0x7fa3b3e6d410>,5,12,[4 5],6,15,27,9,13
1,<environment.Job instance at 0x7fa36d70eaa0>,12,17,[4 5],13,27,44,14,17
1,<environment.Job instance at 0x7fa3b341b0a0>,14,2,[9 4],15,44,46,29,17
1,<environment.Job instance at 0x7fa3b33615f0>,18,2,[9 3],19,46,48,27,22
1,<environment.Job instance at 0x7fa3b33612d0>,21,1,[8 1],22,48,49,26,22
1,<environment.Job instance at 0x7fa3b39dd370>,22,16,[10  4],23,49,65,26,36
1,<environment.Job instance at 0x7fa3b38bf870>,29,18,[5 8],30,65,83,35,62
1,<environment.Job instance at 0x7fa3b3261370>,33,2,[5 9],34,83,85,49,68
1,<environment.Job instance at 0x7fa3b3a07cd0>,30,18,[ 2 10],31,85,103,54,74
1,<environment.Job instance at 0x7fa36d70e910>,7,18,[8 2],8,103,121,95,92
1,<environment.Job instance at 0x7fa3b32788c0>,40,3,[2 9],41,121,124,80,98
1,<environment.Job instance at 0x7fa3b3513b90>,41,14,[9 2],42,124,138,82,109
1,<environment.Job instance at 0x7fa36d98c730>,49,18,[1 7],50,124,142,74,113
1,<environment.Job instance at 0x7fa3b3278820>,39,3,[6 3],40,138,141,98,115
1,<environment.Job instance at 0x7fa3b3313dc0>,54,12,[3 9],55,142,154,87,126
1,<environment.Job instance at 0x7fa3b3341c30>,61,12,[1 6],62,154,166,92,148
1,<environment.Job instance at 0x7fa3b3341140>,64,2,[ 5 10],65,166,168,101,163
1,<environment.Job instance at 0x7fa3b3341410>,65,16,[4 7],66,168,184,102,163
1,<environment.Job instance at 0x7fa3b3313a00>,56,3,[6 3],57,170,173,113,170
1,<environment.Job instance at 0x7fa3b3341d20>,66,18,[9 3],67,184,202,117,173
1,<environment.Job instance at 0x7fa3b3341fa0>,68,16,[1 7],69,184,200,115,179
1,<environment.Job instance at 0x7fa3b3c90640>,75,15,[5 9],76,202,217,126,188
1,<environment.Job instance at 0x7fa3b3341a50>,2,12,[2 9],3,6,18,3,6
1,<environment.Job instance at 0x7fa3b3ee38c0>,8,13,[5 5],9,18,31,9,9
1,<environment.Job instance at 0x7fa3b3e6db40>,5,18,[4 9],6,31,49,25,22
1,<environment.Job instance at 0x7fa3b35b8f50>,15,1,[1 8],16,49,50,33,22
1,<environment.Job instance at 0x7fa3b35b8e10>,14,12,[9 3],15,54,66,39,54
1,<environment.Job instance at 0x7fa3b3e6dbe0>,4,16,[1 5],5,57,73,52,57
1,<environment.Job instance at 0x7fa36d8094b0>,24,1,[3 5],25,66,67,41,57
1,<environment.Job instance at 0x7fa36d809820>,30,16,[10  1],31,81,97,50,81
1,<environment.Job instance at 0x7fa36d809e10>,37,1,[7 3],38,111,112,73,111
1,<environment.Job instance at 0x7fa36d80c190>,42,14,[5 1],43,136,150,93,136
1,<environment.Job instance at 0x7fa36d80c230>,43,24,[2 6],44,140,164,96,140
1,<environment.Job instance at 0x7fa36d80c7d0>,52,18,[6 2],53,158,176,105,158
1,<environment.Job instance at 0x7fa36d80c870>,53,1,[5 5],54,176,177,122,158
1,<environment.Job instance at 0x7fa36d80cbe0>,56,3,[3 9],57,177,180,120,175
1,<environment.Job instance at 0x7fa36d80cd20>,58,13,[1 5],59,180,193,121,178
1,<environment.Job instance at 0x7fa36d80cf00>,63,1,[1 6],64,193,194,129,192
1,<environment.Job instance at 0x7fa36d80cfa0>,61,14,[3 6],62,194,208,132,193
1,<environment.Job instance at 0x7fa36d8062d0>,67,15,[9 1],68,210,225,142,210
1,<environment.Job instance at 0x7fa36d8065a0>,69,17,[5 2],70,225,242,155,221
1,<environment.Job instance at 0x7fa36d806500>,70,13,[5 4],71,225,238,154,225
1,<environment.Job instance at 0x7fa36d806690>,1,18,[4 9],2,6,24,4,6
1,<environment.Job instance at 0x7fa3b30a2910>,8,14,[8 5],9,24,38,15,9
1,<environment.Job instance at 0x7fa3b30a2280>,11,18,[ 3 10],12,38,56,26,27
1,<environment.Job instance at 0x7fa3b3e8a960>,15,13,[5 7],16,56,69,40,42
1,<environment.Job instance at 0x7fa3b3e8a640>,22,16,[5 4],23,69,85,46,56
1,<environment.Job instance at 0x7fa36db26640>,25,15,[5 6],26,69,84,43,63
1,<environment.Job instance at 0x7fa36d6ce8c0>,27,14,[7 2],28,85,99,57,70
1,<environment.Job instance at 0x7fa3b3341b90>,4,1,[2 8],5,85,86,80,79
1,<environment.Job instance at 0x7fa3b3d805a0>,31,17,[ 4 10],32,99,116,67,87
1,<environment.Job instance at 0x7fa3b38e3e10>,40,2,[10  4],41,116,118,75,109
1,<environment.Job instance at 0x7fa3b3aecb40>,41,13,[2 5],42,118,131,76,109
1,<environment.Job instance at 0x7fa3b3951dc0>,43,2,[9 2],44,131,133,87,115
1,<environment.Job instance at 0x7fa3b328daf0>,39,13,[10  5],40,133,146,93,117
1,<environment.Job instance at 0x7fa3b31556e0>,47,17,[8 4],48,146,163,98,135
1,<environment.Job instance at 0x7fa3b3155730>,49,15,[ 2 10],50,163,178,113,149
1,<environment.Job instance at 0x7fa3b3ae4f50>,61,16,[8 4],62,178,194,116,166
1,<environment.Job instance at 0x7fa3b31a9280>,70,13,[5 8],71,194,207,123,178
1,<environment.Job instance at 0x7fa3b31f88c0>,44,18,[6 4],45,207,225,162,199
1,<environment.Job instance at 0x7fa3b39b25a0>,78,12,[7 5],79,225,237,146,212
1,<environment.Job instance at 0x7fa36d829be0>,1,16,[1 6],2,2,18,0,2
1,<environment.Job instance at 0x7fa3b3da65f0>,6,12,[4 8],7,18,30,11,7
1,<environment.Job instance at 0x7fa36d816b90>,7,17,[5 7],8,30,47,22,18
1,<environment.Job instance at 0x7fa3b3995fa0>,16,12,[6 4],17,47,59,30,30
1,<environment.Job instance at 0x7fa3b3187640>,22,12,[8 3],23,59,71,36,42
1,<environment.Job instance at 0x7fa36d816410>,12,3,[4 7],13,71,74,58,49
1,<environment.Job instance at 0x7fa3b2ff05a0>,27,1,[5 6],28,74,75,46,49
1,<environment.Job instance at 0x7fa36db2ac30>,10,3,[8 5],11,75,78,64,50
1,<environment.Job instance at 0x7fa3b3850b90>,28,14,[4 5],29,78,92,49,71
1,<environment.Job instance at 0x7fa36d4a8e10>,33,3,[ 1 10],34,92,95,58,71
1,<environment.Job instance at 0x7fa3b3381550>,35,2,[ 2 10],36,95,97,59,71
1,<environment.Job instance at 0x7fa36d6c2b40>,38,13,[ 3 10],39,97,110,58,81
1,<environment.Job instance at 0x7fa36d6c2dc0>,41,17,[10  5],42,110,127,68,98
1,<environment.Job instance at 0x7fa36d8a90f0>,50,3,[ 1 10],51,127,130,76,118
1,<environment.Job instance at 0x7fa36d8a96e0>,51,2,[ 2 10],52,130,132,78,118
1,<environment.Job instance at 0x7fa36d8a9780>,52,3,[5 7],53,132,135,79,119
1,<environment.Job instance at 0x7fa36d8a9640>,53,3,[4 8],54,135,138,81,119
1,<environment.Job instance at 0x7fa3b3694a00>,54,12,[3 7],55,138,150,83,121
1,<environment.Job instance at 0x7fa3b395e3c0>,56,1,[2 8],57,150,151,93,133
1,<environment.Job instance at 0x7fa3b3af11e0>,59,14,[7 2],60,138,152,78,137
1,<environment.Job instance at 0x7fa36d6a9050>,61,14,[1 7],62,151,165,89,141
1,<environment.Job instance at 0x7fa36d626cd0>,64,2,[2 7],65,165,167,100,144
1,<environment.Job instance at 0x7fa36d6a95f0>,60,18,[1 7],61,170,188,109,170
1,<environment.Job instance at 0x7fa36da61690>,67,3,[4 6],68,188,191,120,170
1,<environment.Job instance at 0x7fa36d8393c0>,37,13,[4 7],38,208,221,170,208
1,<environment.Job instance at 0x7fa36d6a99b0>,62,14,[8 5],63,221,235,158,208
1,<environment.Job instance at 0x7fa3b39a98c0>,76,12,[5 9],77,235,247,158,224
1,<environment.Job instance at 0x7fa36d4a8aa0>,1,12,[3 9],2,2,14,0,2
1,<environment.Job instance at 0x7fa36d829320>,7,1,[2 8],8,14,15,6,9
1,<environment.Job instance at 0x7fa3b36bffa0>,14,14,[4 6],15,22,36,7,22
1,<environment.Job instance at 0x7fa3b36bfe60>,16,15,[3 6],17,36,51,19,22
1,<environment.Job instance at 0x7fa3b3bc8870>,19,1,[6 2],20,27,28,7,27
1,<environment.Job instance at 0x7fa3b3bc8910>,20,15,[6 3],21,28,43,7,28
1,<environment.Job instance at 0x7fa3b3bc8be0>,23,18,[3 7],24,51,69,27,40
1,<environment.Job instance at 0x7fa3b3bc8eb0>,26,15,[5 1],27,50,65,23,50
1,<environment.Job instance at 0x7fa3b3bcf230>,28,12,[1 8],29,69,81,40,52
1,<environment.Job instance at 0x7fa3b3bcf410>,31,15,[6 3],32,81,96,49,67
1,<environment.Job instance at 0x7fa3b36bfc80>,17,17,[2 7],18,81,98,63,77
1,<environment.Job instance at 0x7fa3b3bcf730>,36,13,[6 5],37,98,111,61,86
1,<environment.Job instance at 0x7fa3b3bcf050>,42,2,[3 6],43,111,113,68,99
1,<environment.Job instance at 0x7fa3b3ba2190>,51,2,[8 5],52,138,140,86,138
1,<environment.Job instance at 0x7fa3b3bcffa0>,52,2,[5 1],53,140,142,87,138
1,<environment.Job instance at 0x7fa3b3ba2500>,53,20,[5 3],54,140,160,86,139
1,<environment.Job instance at 0x7fa3b3ba2550>,57,3,[ 4 10],58,161,164,103,161
1,<environment.Job instance at 0x7fa3b3ba2a00>,62,2,[5 2],63,164,166,101,162
1,<environment.Job instance at 0x7fa3b3ba2aa0>,63,3,[10  2],64,166,169,102,164
1,<environment.Job instance at 0x7fa3b3ba2b40>,64,12,[10  2],65,169,181,104,164
1,<environment.Job instance at 0x7fa3b3ba2be0>,65,2,[10  1],66,181,183,115,166
1,<environment.Job instance at 0x7fa3b3ba2c80>,66,13,[9 1],67,183,196,116,168
1,<environment.Job instance at 0x7fa3b8645b90>,5,13,[4 7],6,6,19,0,6
1,<environment.Job instance at 0x7fa3b30df550>,15,2,[1 5],16,38,40,22,38
1,<environment.Job instance at 0x7fa3781e1cd0>,18,12,[10  2],19,50,62,31,50
1,<environment.Job instance at 0x7fa36d929870>,23,15,[4 8],24,62,77,38,55
1,<environment.Job instance at 0x7fa36d929c80>,26,18,[5 8],27,77,95,50,68
1,<environment.Job instance at 0x7fa36d929050>,31,18,[8 1],32,98,116,66,98
1,<environment.Job instance at 0x7fa3b2fa6280>,35,3,[2 6],36,109,112,73,109
1,<environment.Job instance at 0x7fa3b2fa66e0>,40,13,[3 8],41,127,140,86,127
1,<environment.Job instance at 0x7fa3b2fa6910>,41,15,[2 7],42,140,155,98,128
1,<environment.Job instance at 0x7fa3b2fa65f0>,46,17,[7 3],47,151,168,104,151
1,<environment.Job instance at 0x7fa3b2fa6cd0>,51,17,[9 4],52,168,185,116,156
1,<environment.Job instance at 0x7fa36d929280>,30,14,[6 3],31,185,199,154,171
1,<environment.Job instance at 0x7fa36d3d2aa0>,55,14,[10  1],56,199,213,143,184
1,<environment.Job instance at 0x7fa36d725dc0>,62,12,[5 2],63,213,225,150,196
1,<environment.Job instance at 0x7fa36d725140>,64,12,[7 2],65,225,237,160,208
1,<environment.Job instance at 0x7fa36d725c80>,65,3,[5 3],66,213,216,147,209
1,<environment.Job instance at 0x7fa3b3e731e0>,71,15,[5 5],72,237,252,165,228
1,<environment.Job instance at 0x7fa3b3e73370>,72,19,[2 5],73,228,247,155,228
1,<environment.Job instance at 0x7fa36d716f50>,4,13,[5 7],5,5,18,0,5
1,<environment.Job instance at 0x7fa36d606dc0>,1,3,[5 9],2,18,21,16,5
1,<environment.Job instance at 0x7fa36d716b90>,8,3,[3 5],9,21,24,12,9
1,<environment.Job instance at 0x7fa36dac02d0>,10,18,[6 4],11,21,39,10,11
1,<environment.Job instance at 0x7fa3b3106cd0>,14,2,[8 1],15,39,41,24,15
1,<environment.Job instance at 0x7fa3b31067d0>,15,15,[7 1],16,41,56,25,29
1,<environment.Job instance at 0x7fa3b31069b0>,18,13,[7 1],19,56,69,37,40
1,<environment.Job instance at 0x7fa36d7eee10>,23,2,[9 1],24,69,71,45,44
1,<environment.Job instance at 0x7fa36d7ee140>,25,2,[ 3 10],26,71,73,45,44
1,<environment.Job instance at 0x7fa36d7ee690>,24,14,[5 8],25,73,87,48,58
1,<environment.Job instance at 0x7fa3b339e6e0>,29,14,[7 5],30,87,101,57,72
1,<environment.Job instance at 0x7fa3b339e320>,31,13,[5 2],32,73,86,41,72
1,<environment.Job instance at 0x7fa3b30dacd0>,34,18,[6 3],35,101,119,66,97
1,<environment.Job instance at 0x7fa3b30daaa0>,37,1,[ 4 10],38,119,120,81,97
1,<environment.Job instance at 0x7fa3b30dac80>,38,13,[2 7],39,101,114,62,97
1,<environment.Job instance at 0x7fa36db3e500>,13,18,[8 3],14,120,138,106,109
1,<environment.Job instance at 0x7fa36d80d5f0>,45,17,[6 4],46,138,155,92,126
1,<environment.Job instance at 0x7fa36d80d050>,47,18,[5 5],48,155,173,107,145
1,<environment.Job instance at 0x7fa3b33f8960>,44,15,[8 2],45,173,188,128,165
1,<environment.Job instance at 0x7fa36d414fa0>,52,1,[4 8],53,188,189,135,165
1,<environment.Job instance at 0x7fa36d4147d0>,54,16,[2 5],55,170,186,115,170
1,<environment.Job instance at 0x7fa36d414780>,57,3,[5 6],58,189,192,131,170
1,<environment.Job instance at 0x7fa36d414820>,62,14,[3 8],63,192,206,129,177
1,<environment.Job instance at 0x7fa36d414e10>,64,12,[9 3],65,206,218,141,193
1,<environment.Job instance at 0x7fa36d5d3cd0>,68,15,[3 9],69,218,233,149,204
1,<environment.Job instance at 0x7fa36d5f4460>,74,15,[10  1],75,233,248,158,220
1,<environment.Job instance at 0x7fa3b30dc320>,5,14,[5 9],6,11,25,5,11
1,<environment.Job instance at 0x7fa3b3327dc0>,11,12,[3 8],12,25,37,13,12
1,<environment.Job instance at 0x7fa36db3eaf0>,13,18,[6 4],14,37,55,23,26
1,<environment.Job instance at 0x7fa36db3e410>,18,16,[1 7],19,55,71,36,42
1,<environment.Job instance at 0x7fa3b35a1460>,23,18,[5 3],24,55,73,31,44
1,<environment.Job instance at 0x7fa3b35a1fa0>,28,13,[2 9],29,73,86,44,63
1,<environment.Job instance at 0x7fa3b3597d70>,38,12,[5 5],39,86,98,47,75
1,<environment.Job instance at 0x7fa3b3597050>,40,17,[7 1],41,98,115,57,93
1,<environment.Job instance at 0x7fa3b302e8c0>,42,15,[3 6],43,98,113,55,97
1,<environment.Job instance at 0x7fa3b301e280>,43,3,[2 7],44,113,116,69,97
1,<environment.Job instance at 0x7fa3b2fabdc0>,9,1,[1 6],10,116,117,106,98
1,<environment.Job instance at 0x7fa3b3597320>,41,17,[7 4],42,116,133,74,104
1,<environment.Job instance at 0x7fa3b3120780>,46,1,[6 4],47,133,134,86,122
1,<environment.Job instance at 0x7fa3b319b640>,53,2,[5 9],54,134,136,80,123
1,<environment.Job instance at 0x7fa3b31a7780>,54,13,[5 5],55,136,149,81,123
1,<environment.Job instance at 0x7fa3b31aaaa0>,56,15,[10  2],57,149,164,92,135
1,<environment.Job instance at 0x7fa3b3362f50>,57,2,[4 9],58,164,166,106,146
1,<environment.Job instance at 0x7fa36d3c3320>,60,14,[10  4],61,166,180,105,157
1,<environment.Job instance at 0x7fa36d7e8aa0>,62,3,[2 8],63,180,183,117,157
1,<environment.Job instance at 0x7fa36d7e8f50>,63,2,[6 4],64,183,185,119,157
1,<environment.Job instance at 0x7fa3b31ce190>,66,3,[8 5],67,185,188,118,159
1,<environment.Job instance at 0x7fa3b31ce3c0>,69,18,[8 2],70,188,206,118,177
1,<environment.Job instance at 0x7fa36d8d90f0>,78,1,[1 9],79,206,207,127,205
1,<environment.Job instance at 0x7fa36d8d9370>,77,12,[9 1],78,206,218,128,206
1,<environment.Job instance at 0x7fa3b3d12050>,8,3,[1 5],9,12,15,3,12
1,<environment.Job instance at 0x7fa36d5a2cd0>,11,12,[ 1 10],12,15,27,3,12
1,<environment.Job instance at 0x7fa36db38cd0>,13,3,[4 7],14,27,30,13,14
1,<environment.Job instance at 0x7fa3b364d870>,16,15,[4 7],17,30,45,13,27
1,<environment.Job instance at 0x7fa36dab6820>,20,15,[4 8],21,45,60,24,31
1,<environment.Job instance at 0x7fa3b33a1b40>,25,15,[9 1],26,60,75,34,47
1,<environment.Job instance at 0x7fa3b3d1c280>,30,15,[7 2],31,75,90,44,61
1,<environment.Job instance at 0x7fa36d85cb40>,37,15,[1 6],38,70,85,32,70
1,<environment.Job instance at 0x7fa3b3817690>,40,16,[3 7],41,87,103,46,87
1,<environment.Job instance at 0x7fa3b34870a0>,42,14,[5 7],43,103,117,60,99
1,<environment.Job instance at 0x7fa3b3487c30>,45,3,[6 4],46,117,120,71,102
1,<environment.Job instance at 0x7fa3b3487aa0>,43,24,[4 7],44,120,144,76,119
1,<environment.Job instance at 0x7fa36d3c05a0>,54,1,[4 9],55,147,148,92,147
1,<environment.Job instance at 0x7fa36d3c0550>,57,18,[3 9],58,148,166,90,148
1,<environment.Job instance at 0x7fa3b315d320>,58,1,[1 6],59,166,167,107,158
1,<environment.Job instance at 0x7fa3b315d690>,62,15,[ 1 10],63,167,182,104,160
1,<environment.Job instance at 0x7fa3b3157550>,66,1,[3 7],67,182,183,115,160
1,<environment.Job instance at 0x7fa3b3157960>,67,1,[4 7],68,183,184,115,160
1,<environment.Job instance at 0x7fa3b341ea50>,70,14,[2 8],71,184,198,113,169
1,<environment.Job instance at 0x7fa3b341ed20>,72,15,[2 7],73,198,213,125,184
1,<environment.Job instance at 0x7fa36d33b280>,78,16,[9 2],79,213,229,134,200
1,<environment.Job instance at 0x7fa36d33ee60>,2,3,[7 5],3,3,6,0,3
1,<environment.Job instance at 0x7fa36d25d0f0>,3,3,[10  4],4,6,9,2,4
1,<environment.Job instance at 0x7fa36d25d0a0>,4,15,[3 8],5,9,24,4,6
1,<environment.Job instance at 0x7fa36d25db90>,7,13,[ 5 10],8,24,37,16,8
1,<environment.Job instance at 0x7fa36d25d050>,14,13,[4 6],15,37,50,22,21
1,<environment.Job instance at 0x7fa36d25d6e0>,17,3,[1 6],18,50,53,32,25
1,<environment.Job instance at 0x7fa36d8970a0>,18,17,[10  4],19,53,70,34,41
1,<environment.Job instance at 0x7fa36d897eb0>,20,2,[3 9],21,70,72,49,43
1,<environment.Job instance at 0x7fa36d897960>,21,2,[9 4],22,50,52,28,44
1,<environment.Job instance at 0x7fa36d25d640>,11,1,[10  4],12,72,73,60,49
1,<environment.Job instance at 0x7fa36d8975f0>,28,2,[3 9],29,73,75,44,57
1,<environment.Job instance at 0x7fa36d897e60>,30,18,[7 3],31,75,93,44,64
1,<environment.Job instance at 0x7fa36d8974b0>,38,17,[3 8],39,93,110,54,81
1,<environment.Job instance at 0x7fa36d333e10>,42,3,[5 9],43,110,113,67,97
1,<environment.Job instance at 0x7fa36d333550>,43,18,[9 2],44,113,131,69,102
1,<environment.Job instance at 0x7fa36d897730>,22,16,[3 5],23,131,147,108,119
1,<environment.Job instance at 0x7fa36d333190>,46,1,[3 9],47,147,148,100,122
1,<environment.Job instance at 0x7fa36d1d3fa0>,51,3,[9 4],52,148,151,96,126
1,<environment.Job instance at 0x7fa36d1d3460>,54,16,[3 9],55,151,167,96,140
1,<environment.Job instance at 0x7fa36d1d3780>,50,17,[10  1],51,167,184,116,156
1,<environment.Job instance at 0x7fa36d1d3a00>,60,1,[9 3],61,184,185,123,156
1,<environment.Job instance at 0x7fa36d1d3a50>,61,1,[4 6],62,185,186,123,157
1,<environment.Job instance at 0x7fa36d1d3aa0>,64,1,[4 7],65,186,187,121,168
1,<environment.Job instance at 0x7fa36d1cb460>,65,17,[9 3],66,187,204,121,175
1,<environment.Job instance at 0x7fa3b876b550>,4,17,[5 9],5,5,22,0,5
1,<environment.Job instance at 0x7fa36d52b0a0>,8,17,[4 9],9,22,39,13,10
1,<environment.Job instance at 0x7fa36d31d140>,11,17,[8 2],12,39,56,27,27
1,<environment.Job instance at 0x7fa36d3f32d0>,16,14,[4 7],17,56,70,39,42
1,<environment.Job instance at 0x7fa36d3f3af0>,18,12,[6 1],19,56,68,37,42
1,<environment.Job instance at 0x7fa36dba9910>,22,1,[2 7],23,53,54,30,53
1,<environment.Job instance at 0x7fa3b372ab90>,19,12,[5 9],20,70,82,50,54
1,<environment.Job instance at 0x7fa3b355b0f0>,25,13,[ 3 10],26,82,95,56,66
1,<environment.Job instance at 0x7fa3b355b3c0>,24,13,[10  1],25,95,108,70,84
1,<environment.Job instance at 0x7fa3b352f230>,34,18,[8 2],35,108,126,73,102
1,<environment.Job instance at 0x7fa3b352fd70>,38,17,[3 5],39,126,143,87,114
1,<environment.Job instance at 0x7fa3b353d0a0>,40,14,[6 3],41,127,141,86,127
1,<environment.Job instance at 0x7fa36d8ea780>,43,2,[4 8],44,143,145,99,132
1,<environment.Job instance at 0x7fa3b37f3910>,44,1,[ 3 10],45,145,146,100,132
1,<environment.Job instance at 0x7fa3b371e960>,45,12,[5 9],46,146,158,100,132
1,<environment.Job instance at 0x7fa3b354a550>,46,3,[7 4],47,158,161,111,136
1,<environment.Job instance at 0x7fa3b371ec80>,47,1,[8 2],48,161,162,113,143
1,<environment.Job instance at 0x7fa3b371eb90>,48,2,[8 3],49,162,164,113,144
1,<environment.Job instance at 0x7fa3b38dd9b0>,49,1,[ 3 10],50,164,165,114,145
1,<environment.Job instance at 0x7fa3b3555280>,52,1,[4 6],53,165,166,112,148
1,<environment.Job instance at 0x7fa3b35419b0>,54,1,[5 8],55,166,167,111,152
1,<environment.Job instance at 0x7fa3b8775be0>,51,18,[7 1],52,167,185,115,156
1,<environment.Job instance at 0x7fa3b3541280>,57,3,[ 1 10],58,185,188,127,161
1,<environment.Job instance at 0x7fa3b352f370>,33,18,[2 6],34,167,185,133,161
1,<environment.Job instance at 0x7fa36d8c0cd0>,59,2,[10  1],60,188,190,128,172
1,<environment.Job instance at 0x7fa36d8c0d70>,60,3,[8 2],61,190,193,129,174
1,<environment.Job instance at 0x7fa3b3541be0>,58,12,[10  2],59,193,205,134,177
1,<environment.Job instance at 0x7fa36d8d13c0>,67,15,[ 3 10],68,205,220,137,197
1,<environment.Job instance at 0x7fa36d8f58c0>,74,12,[4 9],75,220,232,145,208
1,<environment.Job instance at 0x7fa3b32e4dc0>,2,15,[1 7],3,3,18,0,3
1,<environment.Job instance at 0x7fa36d52bb40>,3,17,[6 1],4,4,21,0,4
1,<environment.Job instance at 0x7fa3b3770460>,5,12,[1 9],6,18,30,12,7
1,<environment.Job instance at 0x7fa36d8a9780>,7,12,[ 3 10],8,30,42,22,13
1,<environment.Job instance at 0x7fa3b340e320>,9,3,[5 6],10,48,51,38,48
1,<environment.Job instance at 0x7fa3b3f23c30>,23,18,[8 1],24,68,86,44,68
1,<environment.Job instance at 0x7fa3b31e4c30>,25,12,[10  3],26,86,98,60,69
1,<environment.Job instance at 0x7fa36d8951e0>,14,16,[1 8],15,98,114,83,91
1,<environment.Job instance at 0x7fa3b33a94b0>,32,2,[9 4],33,114,116,81,91
1,<environment.Job instance at 0x7fa3b3ab04b0>,34,15,[6 4],35,116,131,81,102
1,<environment.Job instance at 0x7fa3b3054230>,36,18,[1 5],37,114,132,77,110
1,<environment.Job instance at 0x7fa3b3054dc0>,37,3,[ 1 10],38,132,135,94,111
1,<environment.Job instance at 0x7fa3b3054d70>,38,1,[8 4],39,131,132,92,111
1,<environment.Job instance at 0x7fa3b340b190>,40,2,[6 3],41,135,137,94,113
1,<environment.Job instance at 0x7fa3b340b730>,44,14,[10  5],45,137,151,92,122
1,<environment.Job instance at 0x7fa3b39a9820>,51,17,[10  3],52,151,168,99,139
1,<environment.Job instance at 0x7fa3b3a99e60>,65,1,[7 1],66,176,177,110,176
1,<environment.Job instance at 0x7fa3b3a99190>,66,17,[2 7],67,181,198,114,181
1,<environment.Job instance at 0x7fa3b3a99690>,67,3,[10  2],68,198,201,130,181
1,<environment.Job instance at 0x7fa3b3a99f00>,70,3,[4 8],71,201,204,130,181
1,<environment.Job instance at 0x7fa3b3a06960>,71,15,[10  1],72,204,219,132,190
1,<environment.Job instance at 0x7fa36d5d9410>,3,18,[6 1],4,4,22,0,4
1,<environment.Job instance at 0x7fa36d5d9460>,5,15,[4 9],6,6,21,0,6
1,<environment.Job instance at 0x7fa3b3597730>,11,12,[4 8],12,21,33,9,12
1,<environment.Job instance at 0x7fa3b3597870>,18,14,[3 7],19,33,47,14,19
1,<environment.Job instance at 0x7fa3b3597460>,24,2,[7 4],25,47,49,22,30
1,<environment.Job instance at 0x7fa3b35971e0>,21,12,[10  5],22,49,61,27,32
1,<environment.Job instance at 0x7fa3b37bcb90>,31,3,[5 8],32,61,64,29,40
1,<environment.Job instance at 0x7fa3b35974b0>,25,12,[3 5],26,64,76,38,47
1,<environment.Job instance at 0x7fa3b30f3b40>,39,12,[ 5 10],40,76,88,36,59
1,<environment.Job instance at 0x7fa3b30f3d20>,41,12,[ 4 10],42,88,100,46,71
1,<environment.Job instance at 0x7fa3b3b33820>,45,2,[1 6],46,100,102,54,75
1,<environment.Job instance at 0x7fa3b3b33c30>,46,13,[2 9],47,102,115,55,86
1,<environment.Job instance at 0x7fa3b3b33be0>,51,15,[10  3],52,115,130,63,103
1,<environment.Job instance at 0x7fa3b36309b0>,54,17,[7 1],55,130,147,75,120
1,<environment.Job instance at 0x7fa3b3b332d0>,52,18,[1 9],53,131,149,78,131
1,<environment.Job instance at 0x7fa3b3630190>,57,13,[ 2 10],58,149,162,91,134
1,<environment.Job instance at 0x7fa3b3630dc0>,61,1,[7 1],62,147,148,85,145
1,<environment.Job instance at 0x7fa3b36305f0>,62,18,[4 9],63,162,180,99,151
1,<environment.Job instance at 0x7fa3b3630f50>,63,1,[10  4],64,180,181,116,166
1,<environment.Job instance at 0x7fa3b3b01870>,69,1,[9 1],70,181,182,111,166
1,<environment.Job instance at 0x7fa3b3b015f0>,66,18,[8 5],67,182,200,115,171
1,<environment.Job instance at 0x7fa3b33fc5f0>,75,12,[9 2],76,200,212,124,183
1,<environment.Job instance at 0x7fa3b33fcaa0>,76,17,[1 8],77,200,217,123,188
1,<environment.Job instance at 0x7fa3b328d6e0>,4,15,[9 2],5,5,20,0,5
1,<environment.Job instance at 0x7fa3b328d8c0>,6,12,[5 8],7,20,32,13,8
1,<environment.Job instance at 0x7fa3b3bc88c0>,9,15,[4 6],10,32,47,22,19
1,<environment.Job instance at 0x7fa3b3bc8640>,15,16,[5 1],16,33,49,17,33
1,<environment.Job instance at 0x7fa3b3bc8e60>,18,12,[9 4],19,49,61,30,34
1,<environment.Job instance at 0x7fa3b3bc87d0>,21,14,[9 4],22,61,75,39,46
1,<environment.Job instance at 0x7fa3b3bc85a0>,26,2,[1 6],27,60,62,33,60
1,<environment.Job instance at 0x7fa3b328d910>,7,3,[2 5],8,75,78,67,62
1,<environment.Job instance at 0x7fa3b3bc8320>,28,2,[7 4],29,75,77,46,63
1,<environment.Job instance at 0x7fa3b3bc8c80>,29,1,[2 6],30,78,79,48,63
1,<environment.Job instance at 0x7fa3b3bc8c30>,30,14,[6 3],31,77,91,46,64
1,<environment.Job instance at 0x7fa3b32e48c0>,3,14,[4 6],4,79,93,75,66
1,<environment.Job instance at 0x7fa36dafcb40>,37,17,[9 1],38,93,110,55,86
1,<environment.Job instance at 0x7fa36db0ea00>,43,17,[7 2],44,110,127,66,105
1,<environment.Job instance at 0x7fa3b328dd70>,10,26,[2 8],11,110,136,99,108
1,<environment.Job instance at 0x7fa36db0e410>,48,1,[5 9],49,136,137,87,115
1,<environment.Job instance at 0x7fa36db0ebe0>,49,3,[6 3],50,137,140,87,115
1,<environment.Job instance at 0x7fa36dafcf50>,34,1,[8 3],35,140,141,105,118
1,<environment.Job instance at 0x7fa36db0e370>,51,14,[ 2 10],52,141,155,89,127
1,<environment.Job instance at 0x7fa36db0e3c0>,46,14,[9 1],47,155,169,108,141
1,<environment.Job instance at 0x7fa3b3bc8cd0>,31,16,[9 2],32,169,185,137,158
1,<environment.Job instance at 0x7fa36db0e190>,57,3,[3 6],58,185,188,127,159
1,<environment.Job instance at 0x7fa36db0ed70>,52,2,[7 4],53,185,187,132,162
1,<environment.Job instance at 0x7fa36db076e0>,64,1,[8 1],65,188,189,123,164
1,<environment.Job instance at 0x7fa36db07730>,60,2,[5 2],61,189,191,128,164
1,<environment.Job instance at 0x7fa36db07d70>,67,17,[8 3],68,191,208,123,182
1,<environment.Job instance at 0x7fa3b3c96aa0>,69,3,[3 8],70,208,211,138,183
1,<environment.Job instance at 0x7fa36db07820>,61,2,[1 7],62,193,195,131,193
1,<environment.Job instance at 0x7fa3b3c96a50>,68,14,[9 3],69,211,225,142,199
1,<environment.Job instance at 0x7fb22fcd25a0>,6,15,[2 8],7,7,22,0,7
1,<environment.Job instance at 0x7fb22fcd2550>,7,14,[7 5],8,22,36,14,8
1,<environment.Job instance at 0x7fb22fcd2d20>,16,18,[7 3],17,36,54,19,30
1,<environment.Job instance at 0x7fb22fcd2640>,11,3,[4 9],12,54,57,42,31
1,<environment.Job instance at 0x7fb22fcd2eb0>,20,3,[10  5],21,57,60,36,31
1,<environment.Job instance at 0x7fb22fcd60f0>,22,12,[3 8],23,60,72,37,52
1,<environment.Job instance at 0x7fb22fcd62d0>,25,2,[5 7],26,72,74,46,52
1,<environment.Job instance at 0x7fb22fcd6410>,27,17,[4 6],28,74,91,46,62
1,<environment.Job instance at 0x7fb22fcd6550>,29,2,[4 7],30,91,93,61,71
1,<environment.Job instance at 0x7fb22fcd2910>,21,18,[9 4],22,93,111,71,91
1,<environment.Job instance at 0x7fb22fcd6e60>,34,14,[1 9],35,111,125,76,96
1,<environment.Job instance at 0x7fb22fcd6f00>,38,2,[6 1],39,111,113,72,97
1,<environment.Job instance at 0x7fb22fcd6f50>,39,14,[9 4],40,125,139,85,122
1,<environment.Job instance at 0x7fb22fcd3230>,42,2,[4 7],43,139,141,96,122
1,<environment.Job instance at 0x7fb22fcd32d0>,43,12,[4 5],44,141,153,97,124
1,<environment.Job instance at 0x7fb22fcd3370>,44,3,[5 1],45,139,142,94,124
1,<environment.Job instance at 0x7fb22fcd34b0>,46,2,[3 5],47,142,144,95,124
1,<environment.Job instance at 0x7fb22fcd3410>,45,15,[7 5],46,153,168,107,141
1,<environment.Job instance at 0x7fb22fcd3730>,50,2,[5 6],51,168,170,117,143
1,<environment.Job instance at 0x7fb22fcd37d0>,51,2,[5 3],52,144,146,92,143
1,<environment.Job instance at 0x7fb22fcdb1e0>,60,2,[2 6],61,170,172,109,156
1,<environment.Job instance at 0x7fb22fcdb230>,61,1,[7 5],62,172,173,110,158
1,<environment.Job instance at 0x7fb22fcd3e10>,58,17,[3 7],59,173,190,114,161
1,<environment.Job instance at 0x7fb22fcdb730>,68,14,[6 4],69,190,204,121,175
1,<environment.Job instance at 0x7fb22fcdbcd0>,72,18,[3 5],73,190,208,117,186
1,<environment.Job instance at 0x7fb22fcdbeb0>,78,14,[6 1],79,204,218,125,194
1,<environment.Job instance at 0x7fb22fcda230>,81,14,[8 5],82,218,232,136,203
1,<environment.Job instance at 0x7fb22fcda410>,84,1,[5 5],85,232,233,147,215
1,<environment.Job instance at 0x7fb22fcda5a0>,1,18,[5 4],2,2,20,0,2
1,<environment.Job instance at 0x7fb237251a00>,5,3,[8 5],6,20,23,14,8
1,<environment.Job instance at 0x7fb23710b5f0>,8,1,[2 9],9,23,24,14,9
1,<environment.Job instance at 0x7fb23710bc80>,9,2,[7 5],10,24,26,14,10
1,<environment.Job instance at 0x7fb23710b820>,10,2,[5 9],11,26,28,15,11
1,<environment.Job instance at 0x7fb23710be60>,17,18,[5 5],18,28,46,10,18
1,<environment.Job instance at 0x7fb23710b4b0>,12,13,[9 4],13,46,59,33,30
1,<environment.Job instance at 0x7fb237256eb0>,22,12,[1 6],23,46,58,23,35
1,<environment.Job instance at 0x7fb237256730>,26,12,[8 4],27,59,71,32,43
1,<environment.Job instance at 0x7fb23710bc30>,13,16,[1 9],14,71,87,57,63
1,<environment.Job instance at 0x7fb2372533c0>,31,3,[1 6],32,63,66,31,63
1,<environment.Job instance at 0x7fb237253870>,35,2,[7 4],36,87,89,51,67
1,<environment.Job instance at 0x7fb237253c80>,36,2,[1 6],37,67,69,30,67
1,<environment.Job instance at 0x7fb237253f00>,37,14,[7 2],38,89,103,51,82
1,<environment.Job instance at 0x7fb237249fa0>,41,13,[3 8],42,89,102,47,83
1,<environment.Job instance at 0x7fb23710e050>,43,2,[ 5 10],44,103,105,59,87
1,<environment.Job instance at 0x7fb237249be0>,42,18,[10  4],43,105,123,62,94
1,<environment.Job instance at 0x7fb23724fb90>,46,1,[9 5],47,123,124,76,95
1,<environment.Job instance at 0x7fb23724fa50>,51,14,[ 3 10],52,124,138,72,109
1,<environment.Job instance at 0x7fb23724f690>,56,13,[10  5],57,138,151,81,122
1,<environment.Job instance at 0x7fb23725de60>,65,17,[10  4],66,151,168,85,143
1,<environment.Job instance at 0x7fb23710ef00>,44,12,[5 4],45,168,180,123,164
1,<environment.Job instance at 0x7fb237257dc0>,70,24,[1 5],71,168,192,97,166
1,<environment.Job instance at 0x7fb237257460>,77,3,[5 6],78,192,195,114,171
1,<environment.Job instance at 0x7fb22fbef0f0>,81,13,[5 7],82,195,208,113,187
1,<environment.Job instance at 0x7fb23716a6e0>,85,17,[5 1],86,192,209,106,192
1,<environment.Job instance at 0x7fb23725cfa0>,87,16,[8 4],88,209,225,121,198
1,<environment.Job instance at 0x7fb1ec04a460>,2,1,[8 3],3,3,4,0,3
1,<environment.Job instance at 0x7fb23710b320>,1,18,[6 2],2,4,22,2,3
1,<environment.Job instance at 0x7fb1ebf2e820>,11,3,[9 5],12,22,25,10,12
1,<environment.Job instance at 0x7fb1ebf2e690>,7,13,[9 5],8,25,38,17,13
1,<environment.Job instance at 0x7fb1ebf2ef00>,15,15,[5 3],16,38,53,22,24
1,<environment.Job instance at 0x7fb1ec0d0eb0>,21,14,[ 1 10],22,53,67,31,46
1,<environment.Job instance at 0x7fb1ec0d0f00>,23,14,[5 9],24,67,81,43,52
1,<environment.Job instance at 0x7fb1ebf2e5f0>,10,17,[9 5],11,81,98,70,69
1,<environment.Job instance at 0x7fb1ec0d0aa0>,32,13,[2 5],33,98,111,65,84
1,<environment.Job instance at 0x7fb1ec0d0690>,36,16,[1 8],37,111,127,74,98
1,<environment.Job instance at 0x7fb1ec0d0320>,28,20,[ 2 10],29,130,150,101,130
1,<environment.Job instance at 0x7fb1ebf5d8c0>,41,3,[5 3],42,150,153,108,135
1,<environment.Job instance at 0x7fb1ebf5daa0>,46,2,[10  2],47,153,155,106,142
1,<environment.Job instance at 0x7fb1ebf5da00>,44,15,[8 5],45,155,170,110,145
1,<environment.Job instance at 0x7fb1ebf5d3c0>,49,13,[4 5],50,170,183,120,154
1,<environment.Job instance at 0x7fb1ebfd6960>,56,1,[5 1],57,170,171,113,165
1,<environment.Job instance at 0x7fb1ebfd6a00>,58,13,[2 7],59,183,196,124,170
1,<environment.Job instance at 0x7fb1ebfd61e0>,62,12,[ 5 10],63,196,208,133,184
1,<environment.Job instance at 0x7fb1ec017820>,66,1,[4 7],67,208,209,141,201
1,<environment.Job instance at 0x7fb1ebfd6140>,64,13,[4 5],65,209,222,144,205
1,<environment.Job instance at 0x7fb1ec017b90>,68,3,[5 1],69,208,211,139,205
1,<environment.Job instance at 0x7fb1ec017e10>,69,2,[6 2],70,211,213,141,205
1,<environment.Job instance at 0x7fb1ec017550>,70,13,[3 5],71,213,226,142,206
1,<environment.Job instance at 0x7fb1ec017640>,71,16,[5 8],72,226,242,154,213
1,<environment.Job instance at 0x7fb1ebf8a140>,2,18,[3 8],3,3,21,0,3
1,<environment.Job instance at 0x7fb1ebfc6280>,7,15,[3 6],8,21,36,13,10
1,<environment.Job instance at 0x7fb1ec0d73c0>,18,13,[8 4],19,36,49,17,30
1,<environment.Job instance at 0x7fb1ec0d7c80>,24,12,[8 3],25,49,61,24,47
1,<environment.Job instance at 0x7fb1ec0d7050>,26,13,[8 2],27,61,74,34,47
1,<environment.Job instance at 0x7fb1ec000280>,6,17,[8 4],7,90,107,83,90
1,<environment.Job instance at 0x7fb1ec0f48c0>,11,20,[ 4 10],12,108,128,96,108
1,<environment.Job instance at 0x7fb1ec29d1e0>,36,3,[4 5],37,128,131,91,114
1,<environment.Job instance at 0x7fb1ec1328c0>,38,14,[7 1],39,131,145,92,116
1,<environment.Job instance at 0x7fb1ec132c80>,40,3,[5 2],41,128,131,87,119
1,<environment.Job instance at 0x7fb1ec132320>,42,2,[6 5],43,145,147,102,120
1,<environment.Job instance at 0x7fb1ec1321e0>,48,14,[9 4],49,147,161,98,134
1,<environment.Job instance at 0x7fb1ec150be0>,53,16,[ 4 10],54,161,177,107,150
1,<environment.Job instance at 0x7fb1ec471690>,59,2,[7 4],60,177,179,117,164
1,<environment.Job instance at 0x7fb1ec471140>,60,3,[10  4],61,179,182,118,165
1,<environment.Job instance at 0x7fb1ec471f50>,63,12,[2 7],64,184,196,120,184
1,<environment.Job instance at 0x7fb1ec4add20>,64,1,[10  5],65,196,197,131,184
1,<environment.Job instance at 0x7fb1ec4adfa0>,65,3,[10  5],66,197,200,131,184
1,<environment.Job instance at 0x7fb1ec4addc0>,66,2,[5 5],67,200,202,133,184
1,<environment.Job instance at 0x7fb1ec4adcd0>,67,3,[9 3],68,202,205,134,184
1,<environment.Job instance at 0x7fb1ec4adc30>,68,3,[10  2],69,205,208,136,184
1,<environment.Job instance at 0x7fb23710ca00>,73,17,[7 1],74,208,225,134,196
1,<environment.Job instance at 0x7fb23710c0f0>,75,3,[5 2],76,225,228,149,209
1,<environment.Job instance at 0x7fb1ec449c30>,2,2,[5 3],3,3,5,0,3
1,<environment.Job instance at 0x7fb23710c3c0>,4,14,[3 8],5,5,19,0,5
1,<environment.Job instance at 0x7fb1ec0b10a0>,7,3,[10  5],8,19,22,11,11
1,<environment.Job instance at 0x7fb1ebfce5a0>,9,2,[5 3],10,22,24,12,11
1,<environment.Job instance at 0x7fb1ec0008c0>,11,18,[5 8],12,24,42,12,13
1,<environment.Job instance at 0x7fb1ebf750a0>,18,1,[9 5],19,42,43,23,26
1,<environment.Job instance at 0x7fb1ec3cc2d0>,21,15,[5 7],22,43,58,21,30
1,<environment.Job instance at 0x7fb1ec0000f0>,12,14,[2 8],13,58,72,45,43
1,<environment.Job instance at 0x7fb1ec3cc4b0>,27,2,[9 3],28,72,74,44,47
1,<environment.Job instance at 0x7fb2370e1280>,8,16,[5 2],9,47,63,38,47
1,<environment.Job instance at 0x7fb1ec3cc730>,28,2,[3 5],29,74,76,45,48
1,<environment.Job instance at 0x7fb1ec3cca00>,31,13,[1 7],32,76,89,44,60
1,<environment.Job instance at 0x7fb1ec3ccc30>,35,3,[8 3],36,76,79,40,74
1,<environment.Job instance at 0x7fb1ec3ccaa0>,36,16,[2 9],37,89,105,52,76
1,<environment.Job instance at 0x7fb1ec3d90f0>,41,16,[4 5],42,105,121,63,92
1,<environment.Job instance at 0x7fb1ec3d92d0>,43,18,[1 6],44,121,139,77,110
1,<environment.Job instance at 0x7fb1ec3d9780>,47,16,[7 4],48,121,137,73,113
1,<environment.Job instance at 0x7fb1ec3d9640>,51,16,[4 5],52,139,155,87,126
1,<environment.Job instance at 0x7fb1ec3d9c30>,55,14,[6 1],56,137,151,81,127
1,<environment.Job instance at 0x7fb1ec3bc2d0>,61,3,[3 8],62,155,158,93,130
1,<environment.Job instance at 0x7fb1ec3bc4b0>,64,14,[3 6],65,158,172,93,145
1,<environment.Job instance at 0x7fb1ec3bc550>,65,13,[7 4],66,158,171,92,146
1,<environment.Job instance at 0x7fb2370e1c80>,10,12,[3 8],11,172,184,161,155
1,<environment.Job instance at 0x7fb1ec3bc910>,71,3,[7 4],72,184,187,112,174
1,<environment.Job instance at 0x7fb1ec3bca50>,72,12,[7 5],73,187,199,114,178
1,<environment.Job instance at 0x7fb1ec3bcc80>,76,14,[9 4],77,199,213,122,192
1,<environment.Job instance at 0x7fb1ec3bcbe0>,75,17,[ 5 10],76,213,230,137,206
1,<environment.Job instance at 0x7fb1ec3bceb0>,81,1,[3 6],82,230,231,148,206
1,<environment.Job instance at 0x7fb1ec0d75a0>,5,14,[3 8],6,8,22,2,8
1,<environment.Job instance at 0x7fb1ec0d74b0>,8,15,[2 9],9,22,37,13,9
1,<environment.Job instance at 0x7fb232961fa0>,15,13,[6 3],16,37,50,21,21
1,<environment.Job instance at 0x7fb232961aa0>,20,12,[3 7],21,37,49,16,30
1,<environment.Job instance at 0x7fb1ec0d7190>,11,2,[7 2],12,50,52,38,32
1,<environment.Job instance at 0x7fb1ec0d7230>,7,13,[3 7],8,49,62,41,35
1,<environment.Job instance at 0x7fb22fc71230>,22,14,[5 3],23,52,66,29,43
1,<environment.Job instance at 0x7fb1ec0d7690>,12,2,[4 9],13,66,68,53,52
1,<environment.Job instance at 0x7fb2370e20f0>,27,3,[3 5],28,62,65,34,52
1,<environment.Job instance at 0x7fb2370e23c0>,28,1,[6 5],29,68,69,39,52
1,<environment.Job instance at 0x7fb2370e22d0>,23,12,[2 7],24,69,81,45,52
1,<environment.Job instance at 0x7fb2370e2140>,26,3,[6 4],27,81,84,54,59
1,<environment.Job instance at 0x7fb2327d84b0>,33,2,[9 1],34,84,86,50,60
1,<environment.Job instance at 0x7fb2323b5af0>,36,2,[ 3 10],37,86,88,49,69
1,<environment.Job instance at 0x7fb2327d8d20>,30,13,[5 5],31,88,101,57,72
1,<environment.Job instance at 0x7fb2323b5fa0>,39,3,[5 8],40,101,104,61,75
1,<environment.Job instance at 0x7fb2323b5820>,38,3,[3 7],39,104,107,65,78
1,<environment.Job instance at 0x7fb2300880f0>,44,2,[9 4],45,107,109,62,93
1,<environment.Job instance at 0x7fb230088690>,45,17,[8 2],46,109,126,63,97
1,<environment.Job instance at 0x7fb230088320>,46,16,[1 9],47,126,142,79,113
1,<environment.Job instance at 0x7fb1ebf755f0>,58,1,[9 2],59,147,148,88,147
1,<environment.Job instance at 0x7fb1ebf75a50>,59,18,[5 8],60,148,166,88,147
1,<environment.Job instance at 0x7fb1ebf74e60>,62,13,[1 5],63,166,179,103,151
1,<environment.Job instance at 0x7fb1ebf74640>,63,2,[5 9],64,179,181,115,157
1,<environment.Job instance at 0x7fb1ebf74b90>,64,16,[6 1],65,181,197,116,169
1,<environment.Job instance at 0x7fb1ebf74320>,65,3,[4 6],66,181,184,115,169
1,<environment.Job instance at 0x7fb1ebf74690>,69,3,[6 3],70,172,175,102,172
1,<environment.Job instance at 0x7fb1ebf74960>,70,3,[2 9],71,184,187,113,172
1,<environment.Job instance at 0x7fb2323b5500>,37,18,[8 2],38,197,215,159,196
1,<environment.Job instance at 0x7fb2322d6910>,79,18,[1 7],80,196,214,116,196
1,<environment.Job instance at 0x7fb1ebf74aa0>,66,18,[ 5 10],67,215,233,148,204
1,<environment.Job instance at 0x7fb1ec0b3140>,86,3,[6 3],87,233,236,146,214
1,<environment.Job instance at 0x7fb1ebf707d0>,3,3,[5 7],4,4,7,0,4
1,<environment.Job instance at 0x7fb2326eb050>,4,2,[ 5 10],5,7,9,2,5
1,<environment.Job instance at 0x7fb1ec0b3140>,5,16,[4 7],6,9,25,3,6
1,<environment.Job instance at 0x7fb232458140>,6,18,[9 3],7,25,43,18,14
1,<environment.Job instance at 0x7fb22fa7a5f0>,10,3,[10  1],11,43,46,32,22
1,<environment.Job instance at 0x7fb2301fc0f0>,14,16,[ 5 10],15,46,62,31,33
1,<environment.Job instance at 0x7fb232567280>,17,1,[5 1],18,62,63,44,38
1,<environment.Job instance at 0x7fb23017ed20>,18,1,[10  1],19,63,64,44,39
1,<environment.Job instance at 0x7fb1ebfce4b0>,27,18,[10  5],28,64,82,36,53
1,<environment.Job instance at 0x7fb2325c3d20>,34,12,[9 3],35,82,94,47,66
1,<environment.Job instance at 0x7fb2325c3460>,35,1,[1 8],36,94,95,58,69
1,<environment.Job instance at 0x7fb232362410>,40,17,[5 6],41,95,112,54,83
1,<environment.Job instance at 0x7fb232227370>,44,1,[3 5],45,112,113,67,96
1,<environment.Job instance at 0x7fb1ec5541e0>,46,15,[10  2],47,113,128,66,101
1,<environment.Job instance at 0x7fb1ec18b190>,36,12,[10  1],37,128,140,91,111
1,<environment.Job instance at 0x7fb22fb09f50>,55,2,[4 7],56,141,143,85,141
1,<environment.Job instance at 0x7fb22fb09190>,56,12,[6 4],57,143,155,86,141
1,<environment.Job instance at 0x7fb22fb09140>,57,1,[7 3],58,155,156,97,141
1,<environment.Job instance at 0x7fb22fb09320>,58,3,[9 3],59,156,159,97,141
1,<environment.Job instance at 0x7fb22fb09a50>,59,15,[ 3 10],60,159,174,99,145
1,<environment.Job instance at 0x7fb2300af5a0>,66,14,[8 4],67,182,196,115,182
1,<environment.Job instance at 0x7fb2300af3c0>,67,14,[9 2],68,196,210,128,182
1,<environment.Job instance at 0x7fb1ec3c0cd0>,69,3,[3 7],70,210,213,140,188
1,<environment.Job instance at 0x7fb22fa954b0>,70,14,[5 8],71,213,227,142,198
1,<environment.Job instance at 0x7fb22fbc1e60>,74,18,[6 2],75,227,245,152,216
1,<environment.Job instance at 0x7fb23220fd70>,81,14,[3 6],82,227,241,145,218
1,<environment.Job instance at 0x7fb23220f5f0>,83,1,[1 6],84,241,242,157,218
1,<environment.Job instance at 0x7fb2325554b0>,68,3,[ 1 10],69,245,248,176,219
1,<environment.Job instance at 0x7fb22fcb5870>,9,17,[6 2],10,11,28,1,11
1,<environment.Job instance at 0x7fb22fcb5780>,11,18,[4 9],12,28,46,16,17
1,<environment.Job instance at 0x7fb23011e2d0>,18,14,[8 5],19,46,60,27,32
1,<environment.Job instance at 0x7fb22fbdaf00>,13,1,[1 5],14,46,47,32,44
1,<environment.Job instance at 0x7fb23011e8c0>,24,14,[ 1 10],25,60,74,35,45
1,<environment.Job instance at 0x7fb23011ea00>,26,3,[4 9],27,74,77,47,48
1,<environment.Job instance at 0x7fb23011eaa0>,27,2,[1 6],28,77,79,49,51
1,<environment.Job instance at 0x7fb23011ec80>,30,12,[2 9],31,79,91,48,62
1,<environment.Job instance at 0x7fb23011ee60>,32,16,[5 4],33,91,107,58,78
1,<environment.Job instance at 0x7fb23011ef00>,35,15,[5 6],36,94,109,58,94
1,<environment.Job instance at 0x7fb2301110f0>,37,14,[7 2],38,109,123,71,98
1,<environment.Job instance at 0x7fb230111320>,41,17,[ 4 10],42,123,140,81,111
1,<environment.Job instance at 0x7fb22fbdad70>,15,16,[6 2],16,140,156,124,130
1,<environment.Job instance at 0x7fb230111b90>,50,2,[10  4],51,156,158,105,150
1,<environment.Job instance at 0x7fb230111960>,51,13,[2 5],52,158,171,106,150
1,<environment.Job instance at 0x7fb230111d20>,52,14,[2 6],53,171,185,118,156
1,<environment.Job instance at 0x7fb230111a50>,57,17,[8 4],58,173,190,115,173
1,<environment.Job instance at 0x7fb23013f0f0>,58,16,[1 7],59,190,206,131,178
1,<environment.Job instance at 0x7fb22ff47d70>,10,17,[5 2],11,192,209,181,192
1,<environment.Job instance at 0x7fb230111f50>,56,12,[1 7],57,206,218,149,192
1,<environment.Job instance at 0x7fb23013f960>,70,2,[2 7],71,218,220,147,194
1,<environment.Job instance at 0x7fb23013faf0>,72,1,[5 9],73,220,221,147,194
1,<environment.Job instance at 0x7fb23013ff50>,79,1,[ 2 10],80,221,222,141,207
1,<environment.Job instance at 0x7fb23013ffa0>,80,13,[5 8],81,222,235,141,207
1,<environment.Job instance at 0x7fb230130140>,81,3,[3 5],82,235,238,153,209
1,<environment.Job instance at 0x7fb22fcacc30>,7,17,[5 7],8,9,26,1,9
1,<environment.Job instance at 0x7fb22fcaccd0>,8,12,[7 5],9,26,38,17,9
1,<environment.Job instance at 0x7fb22fcac6e0>,10,3,[8 5],11,38,41,27,12
1,<environment.Job instance at 0x7fb1ec58e8c0>,11,2,[4 5],12,41,43,29,14
1,<environment.Job instance at 0x7fb22fc83320>,18,17,[5 4],19,41,58,22,29
1,<environment.Job instance at 0x7fb1f8b29410>,21,3,[5 4],22,43,46,21,39
1,<environment.Job instance at 0x7fb2327fcc30>,20,16,[9 4],21,58,74,37,45
1,<environment.Job instance at 0x7fb1ec58e820>,14,12,[1 5],15,48,60,33,48
1,<environment.Job instance at 0x7fb1ebf92960>,27,1,[5 6],28,74,75,46,48
1,<environment.Job instance at 0x7fb1ec246320>,29,14,[9 4],30,75,89,45,60
1,<environment.Job instance at 0x7fb23004fd70>,28,14,[4 5],29,89,103,60,74
1,<environment.Job instance at 0x7fb1ec1cfa00>,40,16,[10  3],41,103,119,62,91
1,<environment.Job instance at 0x7fb22fca3f00>,42,2,[3 9],43,119,121,76,96
1,<environment.Job instance at 0x7fb237249c30>,44,3,[9 2],45,121,124,76,105
1,<environment.Job instance at 0x7fb237251b90>,45,3,[8 2],46,124,127,78,105
1,<environment.Job instance at 0x7fb22fc8d0f0>,47,3,[2 7],48,124,127,76,110
1,<environment.Job instance at 0x7fb2324783c0>,22,12,[8 3],23,127,139,104,117
1,<environment.Job instance at 0x7fb1ec3970a0>,50,3,[ 1 10],51,139,142,88,117
1,<environment.Job instance at 0x7fb232459cd0>,53,3,[4 8],54,142,145,88,118
1,<environment.Job instance at 0x7fb232459aa0>,55,12,[3 7],56,145,157,89,132
1,<environment.Job instance at 0x7fb1ec3dad70>,41,17,[10  5],42,157,174,115,145
1,<environment.Job instance at 0x7fb2324595a0>,57,16,[2 7],58,174,190,116,161
1,<environment.Job instance at 0x7fb1ec3976e0>,52,3,[5 7],53,190,193,137,179
1,<environment.Job instance at 0x7fb232578050>,67,3,[4 6],68,193,196,125,179
1,<environment.Job instance at 0x7fb2324595f0>,58,15,[6 2],59,193,208,134,183
1,<environment.Job instance at 0x7fb2325782d0>,68,16,[8 4],69,208,224,139,195
1,<environment.Job instance at 0x7fb230035050>,76,12,[5 9],77,224,236,147,208
1,<environment.Job instance at 0x7fb2300359b0>,78,1,[6 4],79,236,237,157,208
1,<environment.Job instance at 0x7fb2324b5640>,6,15,[3 6],7,9,24,2,9
1,<environment.Job instance at 0x7fb2324b55f0>,5,14,[10  1],6,24,38,18,9
1,<environment.Job instance at 0x7fb1ec593870>,13,18,[3 7],14,38,56,24,27
1,<environment.Job instance at 0x7fb1ec392140>,25,13,[8 4],26,56,69,30,44
1,<environment.Job instance at 0x7fb236fe4280>,8,15,[5 5],9,69,84,60,61
1,<environment.Job instance at 0x7fb22fad1730>,37,2,[4 6],38,85,87,47,85
1,<environment.Job instance at 0x7fb23016ee10>,32,2,[3 6],33,87,89,54,85
1,<environment.Job instance at 0x7fb2322aea50>,40,17,[5 8],41,93,110,52,93
1,<environment.Job instance at 0x7fb1ec1dbcd0>,44,16,[2 7],45,110,126,65,101
1,<environment.Job instance at 0x7fb22fb0ceb0>,45,17,[6 3],46,119,136,73,119
1,<environment.Job instance at 0x7fb2324c2780>,49,12,[7 5],50,136,148,86,122
1,<environment.Job instance at 0x7fb230133d20>,3,24,[3 5],4,131,155,127,131
1,<environment.Job instance at 0x7fb2324c2be0>,50,18,[5 6],51,155,173,104,144
1,<environment.Job instance at 0x7fb1ec33faf0>,63,1,[5 7],64,173,174,109,170
1,<environment.Job instance at 0x7fb1ec1aab40>,57,22,[10  1],58,178,200,120,178
1,<environment.Job instance at 0x7fb1ec33fe10>,71,2,[2 6],72,200,202,128,192
1,<environment.Job instance at 0x7fb1ec33f9b0>,73,16,[6 3],74,200,216,126,193
1,<environment.Job instance at 0x7fb2324936e0>,75,13,[4 7],76,203,216,127,203
1,<environment.Job instance at 0x7fb232578050>,76,2,[2 8],77,216,218,139,203
1,<environment.Job instance at 0x7fb1ec33f050>,72,13,[ 3 10],73,218,231,145,208
1,<environment.Job instance at 0x7fb22fe40550>,81,12,[7 1],82,231,243,149,222
1,<environment.Job instance at 0x7fb1ec474e10>,0,16,[ 2 10],1,1,17,0,1
1,<environment.Job instance at 0x7fb1ec474410>,6,18,[5 8],7,17,35,10,7
1,<environment.Job instance at 0x7fb1ec5a1b40>,14,2,[7 1],15,35,37,20,18
1,<environment.Job instance at 0x7fb1ec5a10f0>,15,3,[2 6],16,35,38,19,18
1,<environment.Job instance at 0x7fb1ec5a1370>,16,1,[1 6],17,38,39,21,18
1,<environment.Job instance at 0x7fb1ec5a1320>,18,1,[6 5],19,39,40,20,39
1,<environment.Job instance at 0x7fb1ec5a12d0>,19,17,[1 5],20,39,56,19,39
1,<environment.Job instance at 0x7fb2301eb370>,20,13,[3 8],21,56,69,35,40
1,<environment.Job instance at 0x7fb2301eb640>,23,16,[5 2],24,50,66,26,50
1,<environment.Job instance at 0x7fb2301eb780>,25,13,[10  5],26,69,82,43,53
1,<environment.Job instance at 0x7fb2301ebaa0>,30,13,[1 9],31,82,95,51,66
1,<environment.Job instance at 0x7fb1ec5a16e0>,11,18,[8 1],12,82,100,70,80
1,<environment.Job instance at 0x7fb2301ebdc0>,35,14,[10  1],36,100,114,64,90
1,<environment.Job instance at 0x7fb2301ebf50>,38,1,[1 9],39,98,99,59,98
1,<environment.Job instance at 0x7fb2301c56e0>,39,1,[3 6],40,114,115,74,102
1,<environment.Job instance at 0x7fb2301c5f00>,40,16,[5 4],41,114,130,73,102
1,<environment.Job instance at 0x7fb2301c58c0>,44,12,[7 2],45,130,142,85,118
1,<environment.Job instance at 0x7fb2301c59b0>,49,18,[ 5 10],50,142,160,92,131
1,<environment.Job instance at 0x7fb2301c5500>,54,12,[7 1],55,160,172,105,155
1,<environment.Job instance at 0x7fb2301c5eb0>,56,13,[8 4],57,172,185,115,156
1,<environment.Job instance at 0x7fb2301e4320>,61,3,[5 9],62,185,188,123,174
1,<environment.Job instance at 0x7fb2301c50a0>,59,2,[6 4],60,188,190,128,174
1,<environment.Job instance at 0x7fb2301e41e0>,62,3,[7 1],63,190,193,127,176
1,<environment.Job instance at 0x7fb2301e4460>,64,13,[5 7],65,193,206,128,180
1,<environment.Job instance at 0x7fb2301e4140>,67,1,[5 4],68,206,207,138,193
1,<environment.Job instance at 0x7fb2301e4730>,68,3,[3 5],69,206,209,137,193
1,<environment.Job instance at 0x7fb2301e46e0>,69,12,[1 6],70,209,221,139,193
1,<environment.Job instance at 0x7fb2301e4820>,70,18,[6 4],71,207,225,136,196
1,<environment.Job instance at 0x7fb2301e48c0>,71,3,[7 5],72,225,228,153,201
1,<environment.Job instance at 0x7fb2301e4aa0>,74,2,[8 1],75,228,230,153,213
1,<environment.Job instance at 0x7fb2301e4690>,66,14,[5 7],67,230,244,163,216
1,<environment.Job instance at 0x7fb2301e4370>,63,2,[7 5],64,244,246,180,218
1,<environment.Job instance at 0x7fb2301e4dc0>,79,14,[5 3],80,230,244,150,220
1,<environment.Job instance at 0x7fb2301e44b0>,80,3,[9 1],81,246,249,165,220
1,<environment.Job instance at 0x7fb22fb0a910>,8,13,[2 7],9,26,39,17,26
1,<environment.Job instance at 0x7fb22fb0ae60>,6,3,[10  3],7,39,42,32,26
1,<environment.Job instance at 0x7fb22fb0a2d0>,7,1,[ 4 10],8,42,43,34,28
1,<environment.Job instance at 0x7fb23701ed70>,14,15,[8 2],15,43,58,28,29
1,<environment.Job instance at 0x7fb23701e6e0>,16,17,[1 6],17,43,60,26,32
1,<environment.Job instance at 0x7fb230133fa0>,19,13,[8 4],20,58,71,38,50
1,<environment.Job instance at 0x7fb230133c80>,22,1,[4 8],23,72,73,49,72
1,<environment.Job instance at 0x7fb230133be0>,24,16,[2 5],25,77,93,52,77
1,<environment.Job instance at 0x7fb23701ea00>,13,18,[5 5],14,77,95,63,77
1,<environment.Job instance at 0x7fb232241c30>,26,3,[3 9],27,95,98,68,80
1,<environment.Job instance at 0x7fb232241640>,25,13,[ 5 10],26,98,111,72,82
1,<environment.Job instance at 0x7fb2322414b0>,37,18,[2 6],38,111,129,73,105
1,<environment.Job instance at 0x7fb230102c80>,46,1,[4 5],47,129,130,82,116
1,<environment.Job instance at 0x7fb2301023c0>,47,13,[5 1],48,116,129,68,116
1,<environment.Job instance at 0x7fb230102190>,48,18,[ 2 10],49,130,148,81,119
1,<environment.Job instance at 0x7fb2301020a0>,49,13,[5 8],50,148,161,98,135
1,<environment.Job instance at 0x7fb23732e780>,54,15,[5 5],55,161,176,106,159
1,<environment.Job instance at 0x7fb22fde46e0>,57,3,[3 6],58,176,179,118,160
1,<environment.Job instance at 0x7fb236de4b40>,59,1,[1 6],60,179,180,119,160
1,<environment.Job instance at 0x7fb22febb820>,61,12,[3 8],62,180,192,118,163
1,<environment.Job instance at 0x7fb236de4d70>,60,13,[7 3],61,192,205,131,179
1,<environment.Job instance at 0x7fb22febbeb0>,68,16,[1 7],69,192,208,123,183
1,<environment.Job instance at 0x7fb22febb6e0>,70,18,[2 9],71,208,226,137,200
1,<environment.Job instance at 0x7fb2300d1be0>,74,3,[3 5],75,226,229,151,205
1,<environment.Job instance at 0x7fb2301cfaf0>,5,18,[8 2],6,6,24,0,6
1,<environment.Job instance at 0x7fb230144640>,10,1,[3 6],11,24,25,13,11
1,<environment.Job instance at 0x7fb230144280>,8,1,[3 8],9,25,26,16,11
1,<environment.Job instance at 0x7fb230144be0>,14,13,[5 5],15,26,39,11,15
1,<environment.Job instance at 0x7fb230144780>,13,2,[5 9],14,39,41,25,16
1,<environment.Job instance at 0x7fb230144140>,17,2,[4 9],18,41,43,23,25
1,<environment.Job instance at 0x7fb1ec174b40>,16,15,[10  2],17,43,58,26,30
1,<environment.Job instance at 0x7fb1ec1744b0>,23,2,[6 4],24,58,60,34,31
1,<environment.Job instance at 0x7fb1ec174320>,24,1,[7 5],25,60,61,35,32
1,<environment.Job instance at 0x7fb1ec174690>,25,1,[3 6],26,58,59,32,32
1,<environment.Job instance at 0x7fb1ec1743c0>,22,3,[2 8],23,61,64,38,41
1,<environment.Job instance at 0x7fb22fdf8be0>,29,18,[8 2],30,61,79,31,50
1,<environment.Job instance at 0x7fb22fdf8cd0>,37,12,[9 1],38,79,91,41,69
1,<environment.Job instance at 0x7fb22ff77190>,40,15,[5 8],41,91,106,50,77
1,<environment.Job instance at 0x7fb22ff77a50>,46,2,[7 3],47,106,108,59,82
1,<environment.Job instance at 0x7fb22ff774b0>,48,3,[1 5],49,82,85,33,82
1,<environment.Job instance at 0x7fb22ff77870>,51,12,[ 1 10],52,108,120,56,105
1,<environment.Job instance at 0x7fb22ff773c0>,54,17,[5 4],55,120,137,65,108
1,<environment.Job instance at 0x7fb2300b1aa0>,56,15,[4 7],57,137,152,80,123
1,<environment.Job instance at 0x7fb23287e140>,67,1,[6 5],68,152,153,84,139
1,<environment.Job instance at 0x7fb22fdf80a0>,30,18,[2 8],31,153,171,122,142
1,<environment.Job instance at 0x7fb23287e960>,69,1,[8 2],70,153,154,83,144
1,<environment.Job instance at 0x7fb23287ea00>,70,15,[7 2],71,154,169,83,144
1,<environment.Job instance at 0x7fb23287e910>,71,14,[1 5],72,171,185,99,156
1,<environment.Job instance at 0x7fb23287eaa0>,75,3,[7 5],76,171,174,95,157
1,<environment.Job instance at 0x7fb2327f5820>,78,1,[3 8],79,185,186,106,179
1,<environment.Job instance at 0x7fb2327f5d70>,82,14,[5 7],83,186,200,103,181
1,<environment.Job instance at 0x7fb2327f5d20>,85,3,[6 4],86,200,203,114,191
1,<environment.Job instance at 0x7fb2327f50f0>,86,2,[10  1],87,203,205,116,191
1,<environment.Job instance at 0x7fb2327f5550>,87,1,[7 3],88,205,206,117,191
1,<environment.Job instance at 0x7fb2327ba640>,12,15,[ 1 10],13,27,42,14,27
1,<environment.Job instance at 0x7fb23223c500>,11,3,[5 5],12,42,45,30,27
1,<environment.Job instance at 0x7fb23258f820>,17,1,[4 7],18,45,46,27,27
1,<environment.Job instance at 0x7fb23245a5a0>,19,2,[8 4],20,46,48,26,27
1,<environment.Job instance at 0x7fb232708230>,21,17,[4 7],22,48,65,26,36
1,<environment.Job instance at 0x7fb1ec4cfd70>,28,16,[9 2],29,65,81,36,52
1,<environment.Job instance at 0x7fb1ec4cf870>,31,16,[2 7],32,81,97,49,68
1,<environment.Job instance at 0x7fb1ec4d6410>,35,18,[6 2],36,81,99,45,72
1,<environment.Job instance at 0x7fb1ec4d6230>,36,2,[1 9],37,99,101,62,72
1,<environment.Job instance at 0x7fb2326f9cd0>,42,18,[4 5],43,101,119,58,98
1,<environment.Job instance at 0x7fb1ec4affa0>,44,13,[4 6],45,119,132,74,103
1,<environment.Job instance at 0x7fb1ec4d6d20>,37,13,[ 5 10],38,132,145,94,116
1,<environment.Job instance at 0x7fb2322b6550>,50,2,[3 9],51,145,147,94,122
1,<environment.Job instance at 0x7fb1ec2c1fa0>,51,2,[9 4],52,147,149,95,122
1,<environment.Job instance at 0x7fb1ec4af960>,49,15,[5 9],50,149,164,99,143
1,<environment.Job instance at 0x7fb1ec3e6cd0>,57,3,[ 5 10],58,164,167,106,161
1,<environment.Job instance at 0x7fb232585e10>,63,17,[10  3],64,167,184,103,162
1,<environment.Job instance at 0x7fb2301a1410>,64,2,[7 4],65,184,186,119,163
1,<environment.Job instance at 0x7fb22fc47d70>,62,3,[9 5],63,186,189,123,164
1,<environment.Job instance at 0x7fb1ec29b1e0>,69,15,[ 5 10],70,189,204,119,175
1,<environment.Job instance at 0x7fb2301a1e60>,66,12,[4 7],67,204,216,137,202
1,<environment.Job instance at 0x7fb1ebcf5d20>,67,15,[6 4],68,216,231,148,203
1,<environment.Job instance at 0x7fb2324495f0>,79,15,[6 5],80,231,246,151,217
1,<environment.Job instance at 0x7fb2323c1b90>,5,17,[9 3],6,9,26,3,9
1,<environment.Job instance at 0x7fb22fb3b1e0>,9,15,[5 5],10,26,41,16,12
1,<environment.Job instance at 0x7fb2323c1320>,7,2,[8 2],8,41,43,33,23
1,<environment.Job instance at 0x7fb22ff9a870>,10,2,[7 3],11,43,45,32,25
1,<environment.Job instance at 0x7fb22fcbbf50>,29,18,[9 5],30,45,63,15,45
1,<environment.Job instance at 0x7fb22fcbbdc0>,30,3,[10  4],31,63,66,32,46
1,<environment.Job instance at 0x7fb1ec09be60>,33,1,[6 2],34,66,67,32,48
1,<environment.Job instance at 0x7fb1ec09b780>,34,2,[8 4],35,67,69,32,50
1,<environment.Job instance at 0x7fb1ec37dc80>,35,16,[3 8],36,69,85,33,60
1,<environment.Job instance at 0x7fb1ec37d2d0>,39,12,[5 9],40,85,97,45,69
1,<environment.Job instance at 0x7fb1ec37d460>,43,16,[3 9],44,97,113,53,84
1,<environment.Job instance at 0x7fb22ffdfc30>,47,1,[4 8],48,113,114,65,93
1,<environment.Job instance at 0x7fb22ffdfa50>,48,2,[10  1],49,114,116,65,99
1,<environment.Job instance at 0x7fb1ec37dbe0>,45,13,[ 3 10],46,116,129,70,100
1,<environment.Job instance at 0x7fb1ec37d410>,36,14,[4 7],37,129,143,92,117
1,<environment.Job instance at 0x7fb22ffdffa0>,55,3,[9 3],56,143,146,87,131
1,<environment.Job instance at 0x7fb22fc1f820>,56,17,[1 6],57,143,160,86,131
1,<environment.Job instance at 0x7fb22ff3af50>,60,14,[6 3],61,146,160,85,135
1,<environment.Job instance at 0x7fb22ff3ad70>,61,15,[10  5],62,160,175,98,148
1,<environment.Job instance at 0x7fb22fcb5e10>,64,1,[ 3 10],65,175,176,110,148
1,<environment.Job instance at 0x7fb22fcb51e0>,65,12,[5 9],66,176,188,110,159
1,<environment.Job instance at 0x7fb22fcb5550>,66,3,[7 4],67,188,191,121,162
1,<environment.Job instance at 0x7fb1ebfb5690>,78,12,[10  2],79,191,203,112,174
1,<environment.Job instance at 0x7fb232457d70>,73,18,[ 3 10],74,203,221,129,192
1,<environment.Job instance at 0x7fb232457640>,72,1,[4 6],73,221,222,148,205
1,<environment.Job instance at 0x7fb23232c500>,82,14,[ 1 10],83,222,236,139,210
1,<environment.Job instance at 0x7fb1ebeb9dc0>,1,17,[5 6],2,2,19,0,2
1,<environment.Job instance at 0x7fb1ec473dc0>,8,15,[10  2],9,19,34,10,9
1,<environment.Job instance at 0x7fb1ec28f230>,11,18,[4 6],12,34,52,22,23
1,<environment.Job instance at 0x7fb1ebcb9dc0>,17,12,[ 3 10],18,52,64,34,35
1,<environment.Job instance at 0x7fb1ebcb98c0>,24,16,[1 8],25,64,80,39,57
1,<environment.Job instance at 0x7fb1ec28f6e0>,13,17,[6 1],14,64,81,50,60
1,<environment.Job instance at 0x7fb1ebc5d960>,33,18,[8 1],34,81,99,47,75
1,<environment.Job instance at 0x7fb1ebc5d190>,35,12,[10  3],36,99,111,63,87
1,<environment.Job instance at 0x7fb1ebc5d8c0>,37,3,[5 7],38,111,114,73,91
1,<environment.Job instance at 0x7fb1ebc5d1e0>,38,1,[ 4 10],39,114,115,75,92
1,<environment.Job instance at 0x7fb1ebc5d3c0>,42,2,[9 4],43,115,117,72,112
1,<environment.Job instance at 0x7fb1ebc5d050>,40,18,[5 7],41,117,135,76,112
1,<environment.Job instance at 0x7fb1ebc5d280>,43,14,[5 6],44,135,149,91,120
1,<environment.Job instance at 0x7fb1ebc5d5a0>,53,16,[ 3 10],54,149,165,95,138
1,<environment.Job instance at 0x7fb1ebcbf140>,61,17,[10  3],62,170,187,108,170
1,<environment.Job instance at 0x7fb1ebcbfe60>,63,12,[9 4],64,187,199,123,170
1,<environment.Job instance at 0x7fb1ebcbf960>,64,18,[5 3],65,199,217,134,189
1,<environment.Job instance at 0x7fb1ebcd9910>,75,1,[7 1],76,217,218,141,189
1,<environment.Job instance at 0x7fb1ebcb9aa0>,32,3,[5 8],33,218,221,185,215
1,<environment.Job instance at 0x7fb232678f00>,3,18,[6 1],4,6,24,2,6
1,<environment.Job instance at 0x7fb23243eaf0>,8,16,[8 5],9,24,40,15,11
1,<environment.Job instance at 0x7fb1ebdb4780>,11,12,[4 8],12,12,24,0,12
1,<environment.Job instance at 0x7fb23258f550>,10,3,[6 3],11,40,43,29,17
1,<environment.Job instance at 0x7fb23271ca00>,16,1,[1 5],17,24,25,7,20
1,<environment.Job instance at 0x7fb1ebd261e0>,21,12,[10  5],22,43,55,21,26
1,<environment.Job instance at 0x7fb232722050>,23,16,[5 8],24,55,71,31,42
1,<environment.Job instance at 0x7fb23271ceb0>,18,14,[3 7],19,71,85,52,59
1,<environment.Job instance at 0x7fb232724910>,37,3,[6 4],38,85,88,47,61
1,<environment.Job instance at 0x7fb22ffbfbe0>,41,12,[ 4 10],42,88,100,46,83
1,<environment.Job instance at 0x7fb232724c30>,36,12,[3 8],37,100,112,63,88
1,<environment.Job instance at 0x7fb23271df50>,46,13,[2 9],47,112,125,65,99
1,<environment.Job instance at 0x7fb2301a9370>,53,17,[6 3],54,125,142,71,117
1,<environment.Job instance at 0x7fb2301bc410>,55,3,[5 4],56,142,145,86,124
1,<environment.Job instance at 0x7fb23238daf0>,62,18,[4 9],63,151,169,88,151
1,<environment.Job instance at 0x7fb23238db40>,64,15,[9 5],65,169,184,104,155
1,<environment.Job instance at 0x7fb23238d8c0>,71,12,[7 1],72,184,196,112,170
1,<environment.Job instance at 0x7fb22ff66780>,72,2,[7 2],73,196,198,123,172
1,<environment.Job instance at 0x7fb232358550>,78,3,[3 9],79,200,203,121,200
1,<environment.Job instance at 0x7fb232358960>,81,17,[3 7],82,203,220,121,200
1,<environment.Job instance at 0x7fb2323585a0>,83,14,[4 6],84,220,234,136,205
1,<environment.Job instance at 0x7fb232358230>,2,14,[9 2],3,3,17,0,3
1,<environment.Job instance at 0x7fb1ebc9a780>,4,3,[2 7],5,17,20,12,5
1,<environment.Job instance at 0x7fb2326ad0f0>,5,16,[5 1],6,17,33,11,8
1,<environment.Job instance at 0x7fb22fccc370>,12,14,[7 1],13,33,47,20,19
1,<environment.Job instance at 0x7fb22fccce10>,13,17,[3 7],14,28,45,14,28
1,<environment.Job instance at 0x7fb1ebfba4b0>,20,14,[6 3],21,47,61,26,33
1,<environment.Job instance at 0x7fb22fcccaf0>,11,14,[9 4],12,61,75,49,47
1,<environment.Job instance at 0x7fb1ec0b0d70>,23,14,[ 4 10],24,75,89,51,60
1,<environment.Job instance at 0x7fb2325e55f0>,33,17,[7 2],34,89,106,55,77
1,<environment.Job instance at 0x7fb2325e5be0>,41,14,[ 2 10],42,106,120,64,92
1,<environment.Job instance at 0x7fb1ebfba820>,25,13,[10  4],26,120,133,94,110
1,<environment.Job instance at 0x7fb22fa4fcd0>,53,2,[2 6],54,133,135,79,125
1,<environment.Job instance at 0x7fb22fa4f820>,55,18,[4 5],56,135,153,79,125
1,<environment.Job instance at 0x7fb2300246e0>,57,17,[8 3],58,153,170,95,141
1,<environment.Job instance at 0x7fb22fa4f050>,49,18,[ 1 10],50,170,188,120,161
1,<environment.Job instance at 0x7fb2324e51e0>,63,2,[4 9],64,188,190,124,167
1,<environment.Job instance at 0x7fb2322952d0>,66,15,[3 5],67,190,205,123,176
1,<environment.Job instance at 0x7fb232295280>,72,15,[ 1 10],73,205,220,132,192
1,<environment.Job instance at 0x7fb237131b40>,77,15,[5 9],78,220,235,142,206
1,<environment.Job instance at 0x7fb1ebcf5280>,6,12,[6 4],7,11,23,4,11
1,<environment.Job instance at 0x7fb1ebcf5dc0>,9,1,[5 6],10,23,24,13,11
1,<environment.Job instance at 0x7fb1ebcf5d20>,7,3,[3 6],8,12,15,4,12
1,<environment.Job instance at 0x7fb1ebcf55f0>,10,17,[1 5],11,24,41,13,12
1,<environment.Job instance at 0x7fb22fbda3c0>,17,18,[7 5],18,24,42,6,19
1,<environment.Job instance at 0x7fb22fbda230>,18,12,[1 8],19,42,54,23,25
1,<environment.Job instance at 0x7fb22fbda280>,19,16,[6 3],20,54,70,34,41
1,<environment.Job instance at 0x7fb22fbdad70>,12,12,[3 7],13,54,66,41,50
1,<environment.Job instance at 0x7fb1ebcf5b90>,8,2,[1 7],9,66,68,57,50
1,<environment.Job instance at 0x7fb1ec28b4b0>,24,3,[3 6],25,68,71,43,50
1,<environment.Job instance at 0x7fb1ec28baf0>,27,2,[5 7],28,71,73,43,52
1,<environment.Job instance at 0x7fb1ec28b370>,28,3,[6 5],29,73,76,44,52
1,<environment.Job instance at 0x7fb1ec28b870>,29,3,[2 6],30,76,79,46,52
1,<environment.Job instance at 0x7fb22fbda640>,23,12,[5 7],24,79,91,55,62
1,<environment.Job instance at 0x7fb1ec28b230>,35,14,[6 4],36,91,105,55,78
1,<environment.Job instance at 0x7fb1ec28b0a0>,30,3,[1 5],31,91,94,60,78
1,<environment.Job instance at 0x7fb1ec28bdc0>,39,3,[8 2],40,105,108,65,80
1,<environment.Job instance at 0x7fb1ec28b0f0>,38,2,[4 8],39,108,110,69,85
1,<environment.Job instance at 0x7fb2326eb280>,42,14,[7 1],43,110,124,67,95
1,<environment.Job instance at 0x7fb2326eb460>,44,2,[ 2 10],45,124,126,79,101
1,<environment.Job instance at 0x7fb2326ebfa0>,45,1,[ 1 10],46,126,127,80,101
1,<environment.Job instance at 0x7fb1ec28b820>,25,1,[2 6],26,107,108,81,107
1,<environment.Job instance at 0x7fb2326eb190>,46,18,[9 2],47,127,145,80,116
1,<environment.Job instance at 0x7fb1ebc5e140>,52,14,[4 6],53,145,159,92,130
1,<environment.Job instance at 0x7fb1ebc5e870>,59,2,[3 5],60,159,161,99,133
1,<environment.Job instance at 0x7fb1ebc5e500>,61,3,[8 2],62,161,164,99,143
1,<environment.Job instance at 0x7fb1ec28bf50>,40,16,[8 2],41,164,180,123,151
1,<environment.Job instance at 0x7fb1ebc5ecd0>,65,2,[4 8],66,180,182,114,161
1,<environment.Job instance at 0x7fb1ebc5e370>,60,18,[7 1],61,182,200,121,171
1,<environment.Job instance at 0x7fb23240c460>,73,12,[2 8],74,182,194,108,171
1,<environment.Job instance at 0x7fb23240c730>,74,18,[6 5],75,200,218,125,189
1,<environment.Job instance at 0x7fb23240c0f0>,77,1,[1 8],78,194,195,116,189
1,<environment.Job instance at 0x7fb23240c870>,69,14,[3 7],70,218,232,148,209
1,<environment.Job instance at 0x7fb1ebc5e190>,67,21,[5 3],68,218,239,150,210
1,<environment.Job instance at 0x7fb23267d050>,14,18,[2 9],15,22,40,7,22
1,<environment.Job instance at 0x7fb22fbc8960>,10,2,[10  3],11,40,42,29,31
1,<environment.Job instance at 0x7fb232488320>,20,17,[2 7],21,42,59,21,33
1,<environment.Job instance at 0x7fb232462d70>,19,15,[2 8],20,59,74,39,47
1,<environment.Job instance at 0x7fb23732e690>,25,2,[9 4],26,74,76,48,47
1,<environment.Job instance at 0x7fb23725e050>,26,2,[5 5],27,76,78,49,49
1,<environment.Job instance at 0x7fb1ec22b9b0>,28,3,[4 5],29,76,79,47,62
1,<environment.Job instance at 0x7fb22fe6f910>,34,17,[6 3],35,78,95,43,71
1,<environment.Job instance at 0x7fb1ec249b40>,37,15,[5 4],38,95,110,57,81
1,<environment.Job instance at 0x7fb1ec253d70>,41,16,[ 2 10],42,110,126,68,102
1,<environment.Job instance at 0x7fb1ec253b40>,46,18,[8 3],47,126,144,79,121
1,<environment.Job instance at 0x7fb1ec253320>,47,3,[2 9],48,144,147,96,121
1,<environment.Job instance at 0x7fb1ec227d20>,51,14,[8 1],52,144,158,92,131
1,<environment.Job instance at 0x7fb1ec227230>,56,16,[6 4],57,158,174,101,146
1,<environment.Job instance at 0x7fb1ec227370>,52,17,[9 5],53,183,200,130,183
1,<environment.Job instance at 0x7fb1ec22deb0>,67,1,[5 9],68,200,201,132,183
1,<environment.Job instance at 0x7fb232450640>,69,1,[ 3 10],70,201,202,131,186
1,<environment.Job instance at 0x7fb1ec228870>,74,13,[3 6],75,202,215,127,199
1,<environment.Job instance at 0x7fb1ec228f00>,75,17,[4 6],76,215,232,139,204
1,<environment.Job instance at 0x7fb232421690>,82,1,[10  4],83,232,233,149,219
1,<environment.Job instance at 0x7f8070463320>,2,14,[ 2 10],3,3,17,0,3
1,<environment.Job instance at 0x7f8069053280>,4,13,[3 6],5,17,30,12,5
1,<environment.Job instance at 0x7f8069053d70>,15,3,[2 8],16,30,33,14,24
1,<environment.Job instance at 0x7f8069053aa0>,13,18,[5 9],14,33,51,19,24
1,<environment.Job instance at 0x7f8069053f00>,20,3,[10  5],21,51,54,30,31
1,<environment.Job instance at 0x7f8069057820>,27,17,[4 6],28,54,71,26,54
1,<environment.Job instance at 0x7f8069057d20>,32,21,[5 9],33,71,92,38,70
1,<environment.Job instance at 0x7f8069057f00>,35,16,[1 9],36,92,108,56,83
1,<environment.Job instance at 0x7f8069058190>,39,14,[9 4],40,108,122,68,96
1,<environment.Job instance at 0x7f8069058500>,45,15,[7 5],46,122,137,76,111
1,<environment.Job instance at 0x7f8069058910>,49,17,[10  2],50,137,154,87,125
1,<environment.Job instance at 0x7f8069057e60>,34,14,[1 9],35,154,168,119,140
1,<environment.Job instance at 0x7f806905ba00>,68,14,[6 4],69,168,182,99,159
1,<environment.Job instance at 0x7f806905bfa0>,74,2,[1 7],75,182,184,107,166
1,<environment.Job instance at 0x7f806905bf50>,75,3,[10  4],76,184,187,108,170
1,<environment.Job instance at 0x7f806905b460>,59,19,[1 7],60,187,206,127,177
1,<environment.Job instance at 0x7f806905e190>,78,14,[6 1],79,187,201,108,177
1,<environment.Job instance at 0x7f806905e8c0>,84,1,[5 5],85,206,207,121,193
1,<environment.Job instance at 0x7f806905be60>,72,18,[3 5],73,206,224,133,195
1,<environment.Job instance at 0x7f806905eaa0>,87,18,[7 1],88,207,225,119,196
1,<environment.Job instance at 0x7f806905eb90>,1,15,[2 7],2,2,17,0,2
1,<environment.Job instance at 0x7f80705d8aa0>,5,16,[7 5],6,17,33,11,10
1,<environment.Job instance at 0x7f80705cbc30>,15,2,[1 6],16,33,35,17,29
1,<environment.Job instance at 0x7f80705da2d0>,21,3,[1 6],22,39,42,17,39
1,<environment.Job instance at 0x7f807048fe10>,30,17,[9 5],31,84,101,53,84
1,<environment.Job instance at 0x7f80705d77d0>,35,15,[8 3],36,101,116,65,94
1,<environment.Job instance at 0x7f80705d7a50>,38,3,[4 6],39,116,119,77,106
1,<environment.Job instance at 0x7f80705d7e60>,40,2,[7 5],41,119,121,78,106
1,<environment.Job instance at 0x7f80705de1e0>,43,1,[2 7],44,109,110,65,109
1,<environment.Job instance at 0x7f80705de640>,39,1,[5 5],40,121,122,81,120
1,<environment.Job instance at 0x7f80705de370>,45,3,[9 2],46,122,125,76,121
1,<environment.Job instance at 0x7f80705de730>,48,3,[4 8],49,130,133,81,130
1,<environment.Job instance at 0x7f80705de3c0>,49,17,[5 7],50,149,166,99,149
1,<environment.Job instance at 0x7f80705d4870>,58,2,[9 1],59,166,168,107,157
1,<environment.Job instance at 0x7f80705d4230>,60,24,[1 5],61,196,220,135,196
1,<environment.Job instance at 0x7f8068f60eb0>,70,17,[4 7],71,220,237,149,208
1,<environment.Job instance at 0x7f80704eb550>,75,17,[5 1],76,221,238,145,221
1,<environment.Job instance at 0x7f80704eb500>,77,16,[8 4],78,238,254,160,225
1,<environment.Job instance at 0x7f80705dd5f0>,1,14,[ 1 10],2,2,16,0,2
1,<environment.Job instance at 0x7f8025346b40>,4,3,[5 6],5,16,19,11,5
1,<environment.Job instance at 0x7f8025346050>,12,13,[2 5],13,19,32,6,14
1,<environment.Job instance at 0x7f8025346500>,14,16,[5 6],15,32,48,17,19
1,<environment.Job instance at 0x7f80253441e0>,16,16,[1 8],17,48,64,31,35
1,<environment.Job instance at 0x7f80253462d0>,9,15,[5 5],10,76,91,66,76
1,<environment.Job instance at 0x7f8025344910>,20,3,[4 8],21,91,94,70,77
1,<environment.Job instance at 0x7f8025344f50>,21,3,[5 3],22,81,84,59,81
1,<environment.Job instance at 0x7f8025344640>,22,15,[8 2],23,94,109,71,82
1,<environment.Job instance at 0x7f8025399050>,27,12,[4 8],28,109,121,81,94
1,<environment.Job instance at 0x7f80253999b0>,36,1,[5 1],37,117,118,80,117
1,<environment.Job instance at 0x7f8025374aa0>,38,13,[2 7],39,121,134,82,119
1,<environment.Job instance at 0x7f8025374370>,39,2,[7 2],40,122,124,82,122
1,<environment.Job instance at 0x7f8025374cd0>,41,13,[8 1],42,126,139,84,126
1,<environment.Job instance at 0x7f8025374b40>,44,13,[4 5],45,139,152,94,136
1,<environment.Job instance at 0x7f8025374e10>,45,27,[6 1],46,139,166,93,137
1,<environment.Job instance at 0x7f8025374910>,49,2,[6 2],50,166,168,116,146
1,<environment.Job instance at 0x7f80254279b0>,57,14,[10  5],58,168,182,110,161
1,<environment.Job instance at 0x7f8025427320>,58,2,[5 3],59,182,184,123,161
1,<environment.Job instance at 0x7f80254275a0>,61,17,[10  2],62,184,201,122,172
1,<environment.Job instance at 0x7f8025427460>,67,1,[4 6],68,182,183,114,181
1,<environment.Job instance at 0x7f8025427960>,66,15,[6 5],67,201,216,134,190
1,<environment.Job instance at 0x7f8025427050>,71,3,[5 9],72,216,219,144,196
1,<environment.Job instance at 0x7f8025451050>,73,13,[8 3],74,219,232,145,207
1,<environment.Job instance at 0x7f80254510a0>,74,3,[7 5],75,232,235,157,207
1,<environment.Job instance at 0x7f8025451f00>,76,17,[8 4],77,235,252,158,223
1,<environment.Job instance at 0x7f802542efa0>,6,3,[4 5],7,16,19,9,16
1,<environment.Job instance at 0x7f802542e0a0>,7,16,[5 3],8,16,32,8,16
1,<environment.Job instance at 0x7f802542e690>,10,3,[5 2],11,19,22,8,16
1,<environment.Job instance at 0x7f802542e370>,11,3,[9 4],12,32,35,20,16
1,<environment.Job instance at 0x7f802542e230>,12,2,[6 5],13,35,37,22,16
1,<environment.Job instance at 0x7f802542e9b0>,15,16,[7 5],16,37,53,21,24
1,<environment.Job instance at 0x7f80254325f0>,20,16,[8 3],21,53,69,32,40
1,<environment.Job instance at 0x7f8025432dc0>,31,2,[2 9],32,76,78,44,76
1,<environment.Job instance at 0x7f802581eb90>,35,3,[10  5],36,95,98,59,95
1,<environment.Job instance at 0x7f802581ea00>,39,15,[ 2 10],40,98,113,58,95
1,<environment.Job instance at 0x7f8025432e10>,30,3,[10  4],31,113,116,82,98
1,<environment.Job instance at 0x7f80257f68c0>,45,3,[5 2],46,116,119,70,100
1,<environment.Job instance at 0x7f80257f66e0>,46,13,[2 5],47,116,129,69,104
1,<environment.Job instance at 0x7f80257f6550>,50,14,[2 9],51,130,144,79,130
1,<environment.Job instance at 0x7f80257f69b0>,57,14,[3 6],58,156,170,98,156
1,<environment.Job instance at 0x7f80257f6aa0>,58,12,[6 4],59,156,168,97,156
1,<environment.Job instance at 0x7f80257f6280>,59,2,[8 2],60,170,172,110,156
1,<environment.Job instance at 0x7f80257f6a00>,61,3,[6 1],62,172,175,110,160
1,<environment.Job instance at 0x7f80257f63c0>,62,2,[5 3],63,168,170,105,160
1,<environment.Job instance at 0x7f8025813dc0>,63,3,[4 6],64,172,175,108,160
1,<environment.Job instance at 0x7f80257f67d0>,64,14,[3 8],65,175,189,110,163
1,<environment.Job instance at 0x7f80258134b0>,71,18,[5 8],72,189,207,117,181
1,<environment.Job instance at 0x7f8025813be0>,75,15,[1 5],76,207,222,131,194
1,<environment.Job instance at 0x7f8025813910>,77,13,[ 5 10],78,222,235,144,207
1,<environment.Job instance at 0x7f8025489730>,81,15,[5 7],82,235,250,153,221
1,<environment.Job instance at 0x7f80253e7050>,4,17,[2 6],5,6,23,1,6
1,<environment.Job instance at 0x7f8025453550>,7,16,[7 4],8,9,25,1,9
1,<environment.Job instance at 0x7f8025430d70>,12,2,[2 7],13,25,27,12,13
1,<environment.Job instance at 0x7f8025430be0>,14,12,[8 1],15,25,37,10,19
1,<environment.Job instance at 0x7f8025430690>,15,14,[6 1],16,37,51,21,22
1,<environment.Job instance at 0x7f8025749af0>,22,16,[6 4],23,51,67,28,38
1,<environment.Job instance at 0x7f8068f606e0>,11,16,[4 5],12,47,63,35,47
1,<environment.Job instance at 0x7f8025749f00>,23,1,[7 1],24,67,68,43,50
1,<environment.Job instance at 0x7f802574b550>,31,3,[7 4],32,70,73,38,70
1,<environment.Job instance at 0x7f802574b4b0>,32,12,[7 5],33,73,85,40,70
1,<environment.Job instance at 0x7f802574b7d0>,37,1,[7 2],38,93,94,55,93
1,<environment.Job instance at 0x7f802574baf0>,38,14,[8 2],39,94,108,55,93
1,<environment.Job instance at 0x7f802574b690>,35,17,[ 5 10],36,108,125,72,96
1,<environment.Job instance at 0x7f802574bd20>,43,13,[ 4 10],44,125,138,81,118
1,<environment.Job instance at 0x7f802574b910>,47,1,[4 6],48,138,139,90,137
1,<environment.Job instance at 0x7f80257411e0>,49,15,[9 5],50,162,177,112,162
1,<environment.Job instance at 0x7f8025741230>,52,1,[4 8],53,177,178,124,166
1,<environment.Job instance at 0x7f8025741690>,55,14,[3 8],56,178,192,122,168
1,<environment.Job instance at 0x7f80257417d0>,57,13,[3 7],58,192,205,134,176
1,<environment.Job instance at 0x7f8025741d70>,66,12,[10  2],67,205,217,138,188
1,<environment.Job instance at 0x7f8025741e10>,67,12,[6 2],68,188,200,120,188
1,<environment.Job instance at 0x7f8025741fa0>,70,12,[3 7],71,217,229,146,200
1,<environment.Job instance at 0x7f8025741f00>,72,14,[5 3],73,217,231,144,202
1,<environment.Job instance at 0x7f802525c500>,76,3,[6 4],77,231,234,154,223
1,<environment.Job instance at 0x7f802525c5a0>,77,3,[3 5],78,229,232,151,224
1,<environment.Job instance at 0x7f802525c640>,78,1,[6 5],79,234,235,155,224
1,<environment.Job instance at 0x7f802525c6e0>,79,2,[1 9],80,235,237,155,224
1,<environment.Job instance at 0x7f80255178c0>,0,1,[4 8],1,2,3,1,2
1,<environment.Job instance at 0x7f8068eff960>,4,16,[9 5],5,6,22,1,6
1,<environment.Job instance at 0x7f8068eff140>,9,18,[5 8],10,28,46,18,28
1,<environment.Job instance at 0x7f80704f6320>,10,18,[ 2 10],11,46,64,35,35
1,<environment.Job instance at 0x7f80697b0b40>,21,14,[9 2],22,64,78,42,53
1,<environment.Job instance at 0x7f80697b02d0>,25,1,[5 4],26,78,79,52,61
1,<environment.Job instance at 0x7f80697b00f0>,24,3,[ 5 10],25,79,82,54,61
1,<environment.Job instance at 0x7f80697b0eb0>,29,18,[1 7],30,82,100,52,72
1,<environment.Job instance at 0x7f80691fe0f0>,34,12,[3 9],35,100,112,65,85
1,<environment.Job instance at 0x7f806925caa0>,41,12,[1 6],42,132,144,90,132
1,<environment.Job instance at 0x7f8069357870>,43,3,[5 7],44,144,147,100,132
1,<environment.Job instance at 0x7f8069357dc0>,44,2,[ 5 10],45,147,149,102,132
1,<environment.Job instance at 0x7f8068eff500>,11,15,[8 1],12,149,164,137,135
1,<environment.Job instance at 0x7f80697b0f00>,28,15,[2 8],29,149,164,120,135
1,<environment.Job instance at 0x7f80693577d0>,47,1,[ 4 10],48,164,165,116,138
1,<environment.Job instance at 0x7f8069357550>,45,16,[4 7],46,165,181,119,152
1,<environment.Job instance at 0x7f8070138050>,54,16,[ 5 10],55,181,197,126,168
1,<environment.Job instance at 0x7f8069d41640>,62,12,[2 9],63,197,209,134,181
1,<environment.Job instance at 0x7f8069d411e0>,67,18,[10  5],68,209,227,141,199
1,<environment.Job instance at 0x7f80692f9cd0>,71,3,[5 1],72,201,204,129,201
1,<environment.Job instance at 0x7f8068e1d370>,73,14,[6 5],74,227,241,153,214
1,<environment.Job instance at 0x7f8069257f00>,75,1,[1 8],76,241,242,165,215
1,<environment.Job instance at 0x7f8069257870>,77,2,[3 7],78,242,244,164,215
1,<environment.Job instance at 0x7f8069257910>,79,3,[7 2],80,241,244,161,215
1,<environment.Job instance at 0x7f802592d730>,0,17,[10  2],1,2,19,1,2
1,<environment.Job instance at 0x7f80697b0be0>,6,14,[8 4],7,19,33,12,7
1,<environment.Job instance at 0x7f80259441e0>,8,3,[ 1 10],9,33,36,24,13
1,<environment.Job instance at 0x7f8069be0640>,9,3,[3 7],10,36,39,26,13
1,<environment.Job instance at 0x7f8069163050>,11,2,[5 5],12,39,41,27,13
1,<environment.Job instance at 0x7f8069163280>,14,18,[6 2],15,41,59,26,31
1,<environment.Job instance at 0x7f8069ba2280>,21,14,[3 6],22,43,57,21,43
1,<environment.Job instance at 0x7f80254f7370>,7,14,[9 2],8,59,73,51,47
1,<environment.Job instance at 0x7f8069c4fe60>,25,16,[9 2],26,73,89,47,60
1,<environment.Job instance at 0x7f8069b9e4b0>,10,14,[5 8],11,89,103,78,74
1,<environment.Job instance at 0x7f80258ee9b0>,33,3,[1 8],34,74,77,40,74
1,<environment.Job instance at 0x7f80258eeeb0>,34,2,[9 2],35,103,105,68,84
1,<environment.Job instance at 0x7f8025319960>,41,18,[4 9],42,105,123,63,94
1,<environment.Job instance at 0x7f8069505d70>,48,14,[8 5],49,123,137,74,110
1,<environment.Job instance at 0x7f8069505c80>,49,16,[7 4],50,137,153,87,124
1,<environment.Job instance at 0x7f8068e405a0>,55,13,[5 7],56,153,166,97,145
1,<environment.Job instance at 0x7f80691b6fa0>,60,12,[2 9],61,166,178,105,155
1,<environment.Job instance at 0x7f806970a690>,62,16,[5 4],63,178,194,115,165
1,<environment.Job instance at 0x7f8069373320>,70,16,[5 4],71,186,202,115,186
1,<environment.Job instance at 0x7f8069373aa0>,72,3,[3 7],73,202,205,129,187
1,<environment.Job instance at 0x7f8068e404b0>,51,18,[ 3 10],52,205,223,153,195
1,<environment.Job instance at 0x7f80690d8e10>,75,2,[8 3],76,223,225,147,200
1,<environment.Job instance at 0x7f806980a910>,76,14,[6 5],77,225,239,148,210
1,<environment.Job instance at 0x7f806980aaa0>,81,13,[2 5],82,223,236,141,213
1,<environment.Job instance at 0x7f8025944b90>,2,1,[5 9],3,3,4,0,3
1,<environment.Job instance at 0x7f8069199be0>,3,18,[6 4],4,4,22,0,4
1,<environment.Job instance at 0x7f8069037230>,11,3,[3 5],12,13,16,1,13
1,<environment.Job instance at 0x7f80690371e0>,12,12,[4 7],13,22,34,9,13
1,<environment.Job instance at 0x7f8069037190>,13,15,[6 2],14,22,37,8,14
1,<environment.Job instance at 0x7f8069cd7820>,9,1,[ 2 10],10,37,38,27,21
1,<environment.Job instance at 0x7f8069588500>,18,12,[7 5],19,38,50,19,21
1,<environment.Job instance at 0x7f8068fad2d0>,22,1,[5 3],23,50,51,27,24
1,<environment.Job instance at 0x7f8068fad6e0>,26,12,[4 8],27,51,63,24,42
1,<environment.Job instance at 0x7f8068fadaa0>,28,12,[7 5],29,63,75,34,46
1,<environment.Job instance at 0x7f8068fadf50>,36,12,[6 4],37,75,87,38,58
1,<environment.Job instance at 0x7f8068f7e460>,41,3,[5 4],42,87,90,45,61
1,<environment.Job instance at 0x7f8068f7e140>,38,17,[5 4],39,87,104,48,75
1,<environment.Job instance at 0x7f8068f7e370>,43,13,[5 6],44,90,103,46,75
1,<environment.Job instance at 0x7f8068f7e550>,42,12,[8 3],43,104,116,61,87
1,<environment.Job instance at 0x7f8068f7e780>,47,1,[5 6],48,103,104,55,87
1,<environment.Job instance at 0x7f8068f7ef00>,53,3,[ 1 10],54,116,119,62,99
1,<environment.Job instance at 0x7f8068f7eaf0>,55,2,[ 2 10],56,119,121,63,103
1,<environment.Job instance at 0x7f8068f7ea00>,48,14,[4 5],49,121,135,72,106
1,<environment.Job instance at 0x7f8068f962d0>,59,14,[4 7],60,135,149,75,120
1,<environment.Job instance at 0x7f8068f96b90>,69,18,[5 2],70,134,152,64,134
1,<environment.Job instance at 0x7f8068f96c30>,70,3,[ 1 10],71,152,155,81,135
1,<environment.Job instance at 0x7f8068f96cd0>,71,2,[ 2 10],72,155,157,83,138
1,<environment.Job instance at 0x7f8068f96780>,72,3,[5 7],73,149,152,76,138
1,<environment.Job instance at 0x7f8068f96d70>,73,3,[4 8],74,157,160,83,140
1,<environment.Job instance at 0x7f8068f96a00>,75,12,[3 7],76,160,172,84,144
1,<environment.Job instance at 0x7f8068f86140>,77,16,[2 7],78,172,188,94,162
1,<environment.Job instance at 0x7f8068f86500>,83,1,[6 2],84,173,174,89,173
1,<environment.Job instance at 0x7f8068f865a0>,84,2,[2 7],85,188,190,103,174
1,<environment.Job instance at 0x7f8068f7e820>,56,17,[2 9],57,190,207,133,182
1,<environment.Job instance at 0x7f8068f86460>,82,14,[8 5],83,207,221,124,202
1,<environment.Job instance at 0x7f8068f86b40>,89,1,[5 6],90,221,222,131,202
1,<environment.Job instance at 0x7f8068f86a00>,87,3,[4 6],88,222,225,134,204
1,<environment.Job instance at 0x7f8068f86d20>,92,1,[6 5],93,225,226,132,205
1,<environment.Job instance at 0x7f8068f86c30>,1,12,[3 9],2,2,14,0,2
1,<environment.Job instance at 0x7f80692959b0>,8,2,[6 4],9,14,16,5,9
1,<environment.Job instance at 0x7f80692955a0>,7,1,[2 8],8,16,17,8,10
1,<environment.Job instance at 0x7f8069295690>,10,12,[3 6],11,17,29,6,11
1,<environment.Job instance at 0x7f8069523280>,11,2,[3 5],12,29,31,17,15
1,<environment.Job instance at 0x7f80692956e0>,12,1,[5 5],13,29,30,16,22
1,<environment.Job instance at 0x7f8069523820>,14,14,[4 6],15,31,45,16,22
1,<environment.Job instance at 0x7f802579ebe0>,18,15,[5 5],19,45,60,26,31
1,<environment.Job instance at 0x7f8068f86d20>,5,14,[7 3],6,60,74,54,47
1,<environment.Job instance at 0x7f8069433d70>,23,18,[3 7],24,60,78,36,49
1,<environment.Job instance at 0x7f80693545a0>,30,18,[2 7],31,78,96,47,67
1,<environment.Job instance at 0x7f8025285fa0>,33,13,[5 2],34,74,87,40,71
1,<environment.Job instance at 0x7f8068f153c0>,35,13,[8 4],36,96,109,60,80
1,<environment.Job instance at 0x7f8068f80be0>,38,12,[5 5],39,109,121,70,92
1,<environment.Job instance at 0x7f80697430a0>,45,2,[2 9],46,121,123,75,102
1,<environment.Job instance at 0x7f8069d85280>,49,20,[6 3],50,132,152,82,132
1,<environment.Job instance at 0x7f80690cdb90>,47,2,[4 6],48,132,134,84,132
1,<environment.Job instance at 0x7f8069391cd0>,51,2,[8 5],52,152,154,100,134
1,<environment.Job instance at 0x7f8069179fa0>,54,16,[2 7],55,154,170,99,141
1,<environment.Job instance at 0x7f8025555b40>,60,18,[5 6],61,170,188,109,159
1,<environment.Job instance at 0x7f8068fef370>,69,14,[5 1],70,173,187,103,173
1,<environment.Job instance at 0x7f80690cd0f0>,50,17,[5 8],51,188,205,137,178
1,<environment.Job instance at 0x7f8068fefeb0>,74,1,[ 1 10],75,205,206,130,192
1,<environment.Job instance at 0x7f8068e49c30>,77,1,[5 3],78,209,210,131,209
1,<environment.Job instance at 0x7f8068e49cd0>,78,3,[9 3],79,210,213,131,210
1,<environment.Job instance at 0x7f8069566460>,80,1,[10  4],81,213,214,132,212
1,<environment.Job instance at 0x7f8068fef870>,76,26,[9 5],77,214,240,137,213
1,<environment.Job instance at 0x7f80705cb0f0>,6,18,[5 8],7,7,25,0,7
1,<environment.Job instance at 0x7f80256b1050>,7,13,[5 8],8,25,38,17,9
1,<environment.Job instance at 0x7f8069166af0>,10,14,[6 3],11,38,52,27,28
1,<environment.Job instance at 0x7f80697a5a00>,15,3,[2 6],16,38,41,22,29
1,<environment.Job instance at 0x7f8069050960>,16,1,[1 6],17,41,42,24,31
1,<environment.Job instance at 0x7f8069050550>,14,2,[7 1],15,52,54,37,36
1,<environment.Job instance at 0x7f8069077e60>,19,17,[1 5],20,42,59,22,36
1,<environment.Job instance at 0x7f8025307640>,21,15,[2 7],22,59,74,37,45
1,<environment.Job instance at 0x7f8069077f00>,23,16,[5 2],24,54,70,30,46
1,<environment.Job instance at 0x7f8069ceb820>,27,3,[10  5],28,74,77,46,54
1,<environment.Job instance at 0x7f8069b4d3c0>,26,17,[7 3],27,77,94,50,65
1,<environment.Job instance at 0x7f80258440f0>,28,13,[8 3],29,94,107,65,85
1,<environment.Job instance at 0x7f8069b7faa0>,41,18,[7 2],42,108,126,66,108
1,<environment.Job instance at 0x7f8069b7fd20>,42,12,[5 2],43,126,138,83,109
1,<environment.Job instance at 0x7f80251eb550>,17,27,[8 5],18,141,168,123,141
1,<environment.Job instance at 0x7f8069843b90>,54,12,[7 1],55,168,180,113,154
1,<environment.Job instance at 0x7f8069843af0>,55,1,[10  5],56,180,181,124,156
1,<environment.Job instance at 0x7f80698439b0>,53,16,[6 1],54,181,197,127,168
1,<environment.Job instance at 0x7f8069843780>,58,16,[6 5],59,197,213,138,184
1,<environment.Job instance at 0x7f80697b0960>,66,14,[5 7],67,213,227,146,198
1,<environment.Job instance at 0x7f8068ee1fa0>,73,18,[8 3],74,227,245,153,216
1,<environment.Job instance at 0x7f8069cd7d70>,4,15,[8 2],5,7,22,2,7
1,<environment.Job instance at 0x7f80258e2820>,9,13,[8 4],10,22,35,12,10
1,<environment.Job instance at 0x7f80256bbc30>,14,16,[2 5],15,38,54,23,38
1,<environment.Job instance at 0x7f80256bb460>,18,17,[5 3],19,39,56,20,39
1,<environment.Job instance at 0x7f80252cb6e0>,23,16,[7 2],24,56,72,32,43
1,<environment.Job instance at 0x7f80252cbaa0>,27,18,[2 6],28,54,72,26,53
1,<environment.Job instance at 0x7f80252cbc30>,30,13,[7 1],31,72,85,41,60
1,<environment.Job instance at 0x7f80252cbfa0>,35,18,[7 4],36,85,103,49,74
1,<environment.Job instance at 0x7f8069631230>,6,17,[1 6],7,87,104,80,87
1,<environment.Job instance at 0x7f80252c4730>,41,3,[10  5],42,104,107,62,89
1,<environment.Job instance at 0x7f80252c4870>,42,14,[4 6],43,107,121,64,93
1,<environment.Job instance at 0x7f80252c4af0>,50,13,[7 3],51,121,134,70,115
1,<environment.Job instance at 0x7f80252c4f50>,53,18,[6 4],54,134,152,80,123
1,<environment.Job instance at 0x7f80252bc230>,56,14,[5 7],57,152,166,95,137
1,<environment.Job instance at 0x7f80252bc500>,59,3,[4 7],60,166,169,106,154
1,<environment.Job instance at 0x7f80252bc3c0>,62,3,[8 4],63,169,172,106,154
1,<environment.Job instance at 0x7f80252bcaa0>,66,13,[7 1],67,172,185,105,159
1,<environment.Job instance at 0x7f80252bcd20>,70,13,[1 6],71,174,187,103,174
1,<environment.Job instance at 0x7f80252bce60>,72,3,[2 9],73,187,190,114,175
1,<environment.Job instance at 0x7f80252bcf00>,74,17,[5 1],75,185,202,110,175
1,<environment.Job instance at 0x7f80252a30f0>,76,18,[5 4],77,190,208,113,179
1,<environment.Job instance at 0x7f8069209b90>,5,17,[6 4],6,208,225,202,200
1,<environment.Job instance at 0x7f80252a3140>,82,15,[3 6],83,204,219,121,204
1,<environment.Job instance at 0x7f80252a3500>,83,3,[2 7],84,225,228,141,204
1,<environment.Job instance at 0x7f80252a3af0>,86,1,[6 4],87,228,229,141,214
1,<environment.Job instance at 0x7f8069b7f1e0>,2,3,[2 8],3,3,6,0,3
1,<environment.Job instance at 0x7f8069b7f960>,3,2,[6 4],4,6,8,2,4
1,<environment.Job instance at 0x7f8069b7fd20>,6,3,[8 5],7,8,11,1,7
1,<environment.Job instance at 0x7f8069b75f50>,9,18,[8 2],10,11,29,1,10
1,<environment.Job instance at 0x7f8069b75d70>,10,18,[2 8],11,11,29,0,11
1,<environment.Job instance at 0x7f8069b75e60>,13,14,[5 7],14,29,43,15,14
1,<environment.Job instance at 0x7f8069c3c4b0>,20,15,[5 8],21,43,58,22,29
1,<environment.Job instance at 0x7f80256a7320>,33,3,[4 7],34,58,61,24,52
1,<environment.Job instance at 0x7f8069b75aa0>,21,2,[4 7],22,61,63,39,52
1,<environment.Job instance at 0x7f8069c3ce60>,31,12,[ 1 10],32,63,75,31,52
1,<environment.Job instance at 0x7f80256a7780>,39,3,[1 9],40,75,78,35,57
1,<environment.Job instance at 0x7f8069b75fa0>,15,18,[9 1],16,75,93,59,64
1,<environment.Job instance at 0x7f8025869e10>,44,1,[1 8],45,78,79,33,74
1,<environment.Job instance at 0x7f80691278c0>,42,3,[8 1],43,93,96,50,76
1,<environment.Job instance at 0x7f80258691e0>,45,15,[9 1],46,96,111,50,82
1,<environment.Job instance at 0x7f80258693c0>,51,14,[1 5],52,90,104,38,90
1,<environment.Job instance at 0x7f8025869c80>,50,15,[7 2],51,111,126,60,97
1,<environment.Job instance at 0x7f8025869be0>,47,1,[6 5],48,126,127,78,109
1,<environment.Job instance at 0x7f80694fd870>,52,18,[ 2 10],53,127,145,74,124
1,<environment.Job instance at 0x7f80694fd640>,62,14,[5 7],63,145,159,82,131
1,<environment.Job instance at 0x7f802570a870>,66,2,[10  1],67,159,161,92,132
1,<environment.Job instance at 0x7f802570a500>,67,1,[7 3],68,161,162,93,133
1,<environment.Job instance at 0x7f80257758c0>,72,14,[4 9],73,162,176,89,147
1,<environment.Job instance at 0x7f802570aa50>,68,23,[ 4 10],69,176,199,107,170
1,<environment.Job instance at 0x7f80253623c0>,78,1,[1 6],79,199,200,120,178
1,<environment.Job instance at 0x7f8025362730>,80,15,[5 3],81,199,214,118,185
1,<environment.Job instance at 0x7f8025362460>,84,2,[1 6],85,200,202,115,194
1,<environment.Job instance at 0x7f80694fd500>,64,16,[4 7],65,202,218,137,194
1,<environment.Job instance at 0x7f8025983820>,86,1,[3 7],87,218,219,131,194
1,<environment.Job instance at 0x7f8025983730>,89,2,[8 4],90,219,221,129,195
1,<environment.Job instance at 0x7f8068ef9eb0>,90,14,[2 8],91,221,235,130,206
1,<environment.Job instance at 0x7f80255384b0>,4,15,[3 8],5,5,20,0,5
1,<environment.Job instance at 0x7f8068ea6a00>,5,18,[6 2],6,8,26,2,8
1,<environment.Job instance at 0x7f8068fa9370>,8,13,[ 5 10],9,26,39,17,10
1,<environment.Job instance at 0x7f8068fa96e0>,14,13,[4 6],15,39,52,24,24
1,<environment.Job instance at 0x7f8068ea6960>,6,2,[1 9],7,52,54,45,28
1,<environment.Job instance at 0x7f8068fd4c30>,18,17,[10  4],19,54,71,35,42
1,<environment.Job instance at 0x7f8068fd4a00>,26,14,[6 1],27,71,85,44,56
1,<environment.Job instance at 0x7f8068fd45f0>,19,15,[5 9],20,85,100,65,73
1,<environment.Job instance at 0x7f8068edb870>,37,15,[6 4],38,100,115,62,86
1,<environment.Job instance at 0x7f8068edb6e0>,39,15,[ 5 10],40,115,130,75,101
1,<environment.Job instance at 0x7f8068edbf50>,36,12,[4 7],37,130,142,93,116
1,<environment.Job instance at 0x7f8069d7b230>,51,3,[9 4],52,142,145,90,122
1,<environment.Job instance at 0x7f8025526dc0>,46,1,[3 9],47,145,146,98,125
1,<environment.Job instance at 0x7f8069d7b6e0>,52,13,[9 1],53,146,159,93,134
1,<environment.Job instance at 0x7f8069d7baf0>,57,18,[ 3 10],58,159,177,101,156
1,<environment.Job instance at 0x7f8069d7b870>,59,16,[8 5],60,177,193,117,164
1,<environment.Job instance at 0x7f8069ae6910>,71,12,[10  4],72,193,205,121,193
1,<environment.Job instance at 0x7f8069d7b550>,54,16,[3 9],55,205,221,150,193
1,<environment.Job instance at 0x7f802595a2d0>,80,3,[4 8],81,221,224,140,195
1,<environment.Job instance at 0x7f802595aa50>,83,2,[9 4],84,224,226,140,211
1,<environment.Job instance at 0x7f802595a0f0>,82,13,[7 3],83,226,239,143,212
1,<environment.Job instance at 0x7f80694fdd20>,4,13,[10  1],5,5,18,0,5
1,<environment.Job instance at 0x7f806968a870>,5,13,[ 3 10],6,18,31,12,6
1,<environment.Job instance at 0x7f802564f3c0>,10,2,[5 5],11,31,33,20,11
1,<environment.Job instance at 0x7f8068ff4c80>,15,3,[9 3],16,33,36,17,19
1,<environment.Job instance at 0x7f802564f0f0>,11,17,[3 7],12,36,53,24,24
1,<environment.Job instance at 0x7f80697b5be0>,19,13,[4 7],20,53,66,33,41
1,<environment.Job instance at 0x7f80697b5820>,21,15,[10  5],22,66,81,44,52
1,<environment.Job instance at 0x7f806979b460>,38,12,[10  2],39,81,93,42,71
1,<environment.Job instance at 0x7f8068e98320>,42,14,[ 1 10],43,93,107,50,83
1,<environment.Job instance at 0x7f80250734b0>,47,15,[ 3 10],48,107,122,59,93
1,<environment.Job instance at 0x7f8025073550>,50,3,[10  4],51,122,125,71,106
1,<environment.Job instance at 0x7f8069a5e8c0>,53,17,[ 2 10],54,125,142,71,115
1,<environment.Job instance at 0x7f806946f500>,58,15,[10  2],59,142,157,83,134
1,<environment.Job instance at 0x7f802505c2d0>,60,2,[4 9],61,157,159,96,139
1,<environment.Job instance at 0x7f802522c870>,61,18,[4 6],62,159,177,97,148
1,<environment.Job instance at 0x7f8069d0c0f0>,63,17,[6 1],64,157,174,93,150
1,<environment.Job instance at 0x7f8069a56280>,67,12,[ 3 10],68,177,189,109,160
1,<environment.Job instance at 0x7f8025075e10>,54,12,[4 9],55,189,201,134,172
1,<environment.Job instance at 0x7f80252dc5a0>,77,2,[1 5],78,201,203,123,188
1,<environment.Job instance at 0x7f80252dcb40>,81,19,[5 5],82,204,223,122,204
1,<environment.Job instance at 0x7f80252dc8c0>,84,13,[10  5],85,223,236,138,207
1,<environment.Job instance at 0x7f80252dc4b0>,87,3,[5 7],88,236,239,148,210
1,<environment.Job instance at 0x7f80252dc140>,5,2,[1 8],6,7,9,1,7
1,<environment.Job instance at 0x7f80705d7a00>,4,14,[10  5],5,9,23,4,7
1,<environment.Job instance at 0x7f8025085e60>,10,1,[1 6],11,23,24,12,11
1,<environment.Job instance at 0x7f8068ffd820>,14,18,[5 3],15,23,41,8,15
1,<environment.Job instance at 0x7f8069d2a1e0>,15,2,[1 8],16,41,43,25,23
1,<environment.Job instance at 0x7f8068ffdb40>,17,1,[1 8],18,43,44,25,23
1,<environment.Job instance at 0x7f8068ffdbe0>,13,12,[9 4],14,44,56,30,27
1,<environment.Job instance at 0x7f8068eb8780>,20,2,[7 2],21,41,43,20,29
1,<environment.Job instance at 0x7f8069d2a870>,16,3,[8 4],17,56,59,39,30
1,<environment.Job instance at 0x7f8068eb8140>,21,1,[5 7],22,31,32,9,31
1,<environment.Job instance at 0x7f802598baa0>,25,1,[7 1],26,43,44,17,31
1,<environment.Job instance at 0x7f802598bfa0>,28,2,[3 5],29,33,35,4,33
1,<environment.Job instance at 0x7f80693d5d20>,27,3,[10  2],28,59,62,31,36
1,<environment.Job instance at 0x7f8069057050>,30,3,[4 8],31,62,65,31,36
1,<environment.Job instance at 0x7f8068eb8f50>,19,19,[9 1],20,68,87,48,68
1,<environment.Job instance at 0x7f80250f1410>,38,1,[8 3],39,87,88,48,68
1,<environment.Job instance at 0x7f80250f18c0>,39,18,[5 1],40,88,106,48,79
1,<environment.Job instance at 0x7f80250f1a50>,41,1,[4 8],42,88,89,46,81
1,<environment.Job instance at 0x7f80250f1aa0>,42,17,[5 9],43,89,106,46,84
1,<environment.Job instance at 0x7f80250f15a0>,43,18,[6 1],44,106,124,62,95
1,<environment.Job instance at 0x7f8070165e60>,47,17,[3 7],48,106,123,58,96
1,<environment.Job instance at 0x7f8070165cd0>,51,12,[4 8],52,123,135,71,106
1,<environment.Job instance at 0x7f80694f7410>,57,2,[10  1],58,135,137,77,112
1,<environment.Job instance at 0x7f8070165eb0>,48,16,[8 5],49,137,153,88,125
1,<environment.Job instance at 0x7f80694f7370>,64,2,[7 4],65,153,155,88,134
1,<environment.Job instance at 0x7f80250e5690>,65,12,[3 5],66,153,165,87,136
1,<environment.Job instance at 0x7f80250e5c30>,67,14,[6 2],68,155,169,87,142
1,<environment.Job instance at 0x7f8069507370>,72,1,[3 9],73,169,170,96,142
1,<environment.Job instance at 0x7f8069507b90>,73,1,[5 2],74,170,171,96,142
1,<environment.Job instance at 0x7f80253138c0>,33,27,[9 4],34,194,221,160,194
1,<environment.Job instance at 0x7f80255a4690>,85,2,[1 6],86,199,201,113,199
1,<environment.Job instance at 0x7f80255a47d0>,86,13,[2 9],87,221,234,134,209
1,<environment.Job instance at 0x7f80690c7500>,8,3,[2 8],9,9,12,0,9
1,<environment.Job instance at 0x7f80694cdb40>,7,1,[9 3],8,12,13,4,9
1,<environment.Job instance at 0x7f806985faf0>,11,12,[7 1],12,13,25,1,12
1,<environment.Job instance at 0x7f80690c79b0>,10,15,[9 2],11,25,40,14,14
1,<environment.Job instance at 0x7f806985f5f0>,15,12,[9 2],16,40,52,24,26
1,<environment.Job instance at 0x7f806985f960>,14,13,[1 9],15,52,65,37,37
1,<environment.Job instance at 0x7f8024fe16e0>,21,17,[3 7],22,65,82,43,53
1,<environment.Job instance at 0x7f8024fe1c30>,23,14,[4 6],24,82,96,58,67
1,<environment.Job instance at 0x7f8024fe13c0>,27,3,[2 5],28,96,99,68,72
1,<environment.Job instance at 0x7f8024fe18c0>,31,13,[5 2],32,73,86,41,73
1,<environment.Job instance at 0x7f8024fe1aa0>,32,14,[9 2],33,99,113,66,84
1,<environment.Job instance at 0x7f8024fe1d20>,30,26,[2 8],31,113,139,82,110
1,<environment.Job instance at 0x7f8025042af0>,42,14,[7 1],43,113,127,70,110
1,<environment.Job instance at 0x7f8025042a00>,46,2,[1 6],47,139,141,92,124
1,<environment.Job instance at 0x7f80250424b0>,51,16,[9 2],52,139,155,87,130
1,<environment.Job instance at 0x7f8025042500>,52,16,[6 1],53,155,171,102,142
1,<environment.Job instance at 0x7f8024fe1d70>,29,15,[4 6],30,155,170,125,142
1,<environment.Job instance at 0x7f80250420a0>,57,17,[9 1],58,171,188,113,159
1,<environment.Job instance at 0x7f802503d0f0>,73,18,[8 3],74,188,206,114,187
1,<environment.Job instance at 0x7f802503da00>,66,14,[9 1],67,214,228,147,214
1,<environment.Job instance at 0x7f80694cd780>,2,15,[ 1 10],3,3,18,0,3
1,<environment.Job instance at 0x7f8070392140>,6,17,[3 5],7,18,35,11,7
1,<environment.Job instance at 0x7f8025029b90>,12,12,[4 6],13,35,47,22,20
1,<environment.Job instance at 0x7f8025029500>,13,2,[5 2],14,20,22,6,20
1,<environment.Job instance at 0x7f80250213c0>,10,15,[10  5],11,47,62,36,33
1,<environment.Job instance at 0x7f802592a960>,21,13,[ 5 10],22,62,75,40,46
1,<environment.Job instance at 0x7f8025029f50>,14,18,[8 4],15,75,93,60,64
1,<environment.Job instance at 0x7f802592ad70>,27,3,[3 6],28,93,96,65,68
1,<environment.Job instance at 0x7f802592a2d0>,29,1,[5 6],30,96,97,66,70
1,<environment.Job instance at 0x7f802594f640>,35,13,[ 5 10],36,97,110,61,89
1,<environment.Job instance at 0x7f802592bd70>,37,18,[7 5],38,110,128,72,99
1,<environment.Job instance at 0x7f802594fe60>,39,16,[6 3],40,128,144,88,115
1,<environment.Job instance at 0x7f8025936960>,42,16,[6 5],43,144,160,101,131
1,<environment.Job instance at 0x7f80699ef050>,51,16,[3 9],52,160,176,108,147
1,<environment.Job instance at 0x7f8069372500>,55,14,[6 4],56,176,190,120,161
1,<environment.Job instance at 0x7f8068f8d0a0>,60,16,[8 2],61,190,206,129,181
1,<environment.Job instance at 0x7f802542c230>,64,2,[ 2 10],65,206,208,141,186
1,<environment.Job instance at 0x7f80251953c0>,65,1,[ 1 10],66,208,209,142,186
1,<environment.Job instance at 0x7f802502d0f0>,66,18,[9 2],67,209,227,142,201
1,<environment.Job instance at 0x7f806944ad70>,71,3,[5 9],72,227,230,155,201
1,<environment.Job instance at 0x7f806944a230>,74,1,[6 3],75,230,231,155,224
1,<environment.Job instance at 0x7f806944a410>,76,3,[9 4],77,231,234,154,224
1,<environment.Job instance at 0x7f806944a550>,77,19,[6 3],78,234,253,156,224
1,<environment.Job instance at 0x7f802503d780>,4,13,[3 8],5,6,19,1,6
1,<environment.Job instance at 0x7f80255f8870>,30,17,[2 7],31,96,113,65,96
1,<environment.Job instance at 0x7f80704b2fa0>,33,12,[10  3],34,113,125,79,100
1,<environment.Job instance at 0x7f806917d3c0>,11,16,[6 2],12,125,141,113,124
1,<environment.Job instance at 0x7f806917d6e0>,12,20,[1 9],13,141,161,128,132
1,<environment.Job instance at 0x7f80251402d0>,43,3,[9 5],44,161,164,117,149
1,<environment.Job instance at 0x7f80251403c0>,44,17,[6 3],45,164,181,119,152
1,<environment.Job instance at 0x7f802546a140>,47,15,[5 4],48,181,196,133,167
1,<environment.Job instance at 0x7f802546aa50>,49,14,[ 1 10],50,196,210,146,185
1,<environment.Job instance at 0x7f802546af50>,51,16,[ 2 10],52,210,226,158,197
1,<environment.Job instance at 0x7f806903c820>,57,3,[2 9],58,226,229,168,200
1,<environment.Job instance at 0x7f806903cdc0>,58,2,[5 1],59,226,228,167,200
1,<environment.Job instance at 0x7f8069115460>,63,1,[9 4],64,229,230,165,221
1,<environment.Job instance at 0x7f8068dc7e60>,64,18,[6 4],65,230,248,165,222
1,<environment.Job instance at 0x7f8025698820>,4,3,[5 2],5,5,8,0,5
1,<environment.Job instance at 0x7f80256984b0>,5,3,[ 1 10],6,8,11,2,6
1,<environment.Job instance at 0x7f802564f2d0>,6,3,[5 8],7,11,14,4,7
1,<environment.Job instance at 0x7f802564fc30>,7,15,[6 1],8,14,29,6,9
1,<environment.Job instance at 0x7f802564feb0>,19,13,[3 8],20,20,33,0,20
1,<environment.Job instance at 0x7f80255386e0>,23,18,[5 5],24,33,51,9,24
1,<environment.Job instance at 0x7f8025538500>,24,16,[10  2],25,51,67,26,40
1,<environment.Job instance at 0x7f8025538230>,32,15,[5 5],33,67,82,34,53
1,<environment.Job instance at 0x7f8025538a00>,37,17,[3 7],38,82,99,44,71
1,<environment.Job instance at 0x7f8025538460>,41,13,[6 3],42,82,95,40,76
1,<environment.Job instance at 0x7f8025538320>,42,3,[3 5],43,76,79,33,76
1,<environment.Job instance at 0x7f8069745730>,43,2,[3 8],44,99,101,55,76
1,<environment.Job instance at 0x7f8069745640>,49,1,[5 1],50,95,96,45,90
1,<environment.Job instance at 0x7f8069745280>,50,3,[1 7],51,101,104,50,90
1,<environment.Job instance at 0x7f8069745690>,51,14,[10  5],52,104,118,52,90
1,<environment.Job instance at 0x7f80255381e0>,26,16,[5 6],27,118,134,91,105
1,<environment.Job instance at 0x7f8025538140>,34,18,[ 3 10],35,134,152,99,123
1,<environment.Job instance at 0x7f80251286e0>,63,3,[ 3 10],64,152,155,88,128
1,<environment.Job instance at 0x7f8025128140>,65,2,[5 3],66,129,131,63,129
1,<environment.Job instance at 0x7f8025128d70>,64,3,[2 9],65,155,158,90,139
1,<environment.Job instance at 0x7f8069116820>,68,1,[9 4],69,158,159,89,140
1,<environment.Job instance at 0x7f8069116c30>,67,3,[3 5],68,159,162,91,140
1,<environment.Job instance at 0x7f80251281e0>,66,15,[3 6],67,162,177,95,148
1,<environment.Job instance at 0x7f80691161e0>,73,2,[ 1 10],74,177,179,103,164
1,<environment.Job instance at 0x7f8069116320>,74,3,[5 4],75,165,168,90,165
1,<environment.Job instance at 0x7f80259b0410>,75,2,[4 7],76,179,181,103,167
1,<environment.Job instance at 0x7f80259b03c0>,77,17,[1 5],78,181,198,103,169
1,<environment.Job instance at 0x7f80259b01e0>,78,18,[8 4],79,181,199,102,172
1,<environment.Job instance at 0x7f8068e0d690>,81,3,[5 7],82,199,202,117,175
1,<environment.Job instance at 0x7f8068e0d640>,84,3,[5 4],85,202,205,117,194
1,<environment.Job instance at 0x7f8068e0d500>,86,2,[3 7],87,205,207,118,200
1,<environment.Job instance at 0x7f8068e0da50>,87,3,[10  3],88,207,210,119,201
1,<environment.Job instance at 0x7f8069b90730>,88,3,[1 5],89,202,205,113,201
1,<environment.Job instance at 0x7f8068e0d5a0>,83,25,[ 4 10],84,210,235,126,209
1,<environment.Job instance at 0x7f8069a450a0>,5,16,[5 5],6,8,24,2,8
1,<environment.Job instance at 0x7f8069a70c30>,13,2,[6 4],14,24,26,10,14
1,<environment.Job instance at 0x7f8069a70c80>,11,13,[6 3],12,26,39,14,17
1,<environment.Job instance at 0x7f8069a70aa0>,19,1,[8 5],20,39,40,19,20
1,<environment.Job instance at 0x7f8069a538c0>,21,3,[5 8],22,40,43,18,23
1,<environment.Job instance at 0x7f8069a531e0>,22,2,[6 1],23,43,45,20,24
1,<environment.Job instance at 0x7f8069a53140>,23,14,[8 3],24,45,59,21,30
1,<environment.Job instance at 0x7f8069a53d70>,24,13,[10  2],25,59,72,34,43
1,<environment.Job instance at 0x7f8069a532d0>,29,3,[8 3],30,72,75,42,52
1,<environment.Job instance at 0x7f8069a53280>,30,12,[1 9],31,75,87,44,58
1,<environment.Job instance at 0x7f8069a530f0>,33,16,[5 8],34,87,103,53,74
1,<environment.Job instance at 0x7f8069a53cd0>,31,12,[3 5],32,103,115,71,88
1,<environment.Job instance at 0x7f8069a78230>,45,14,[1 5],46,103,117,57,97
1,<environment.Job instance at 0x7f8069a78d70>,42,17,[5 3],43,115,132,72,103
1,<environment.Job instance at 0x7f8069a78280>,43,18,[4 6],44,117,135,73,106
1,<environment.Job instance at 0x7f8069a780a0>,50,16,[7 5],51,135,151,84,122
1,<environment.Job instance at 0x7f8069a7a370>,58,14,[3 7],59,151,165,92,136
1,<environment.Job instance at 0x7f8069a7ae60>,59,18,[1 5],60,165,183,105,155
1,<environment.Job instance at 0x7f8069a7a910>,64,2,[4 5],65,165,167,100,155
1,<environment.Job instance at 0x7f8069a7a0f0>,65,2,[5 5],66,167,169,101,155
1,<environment.Job instance at 0x7f8069a7aeb0>,66,17,[7 1],67,169,186,102,157
1,<environment.Job instance at 0x7f8069a7a780>,67,3,[2 7],68,183,186,115,157
1,<environment.Job instance at 0x7f8069a7a4b0>,57,3,[9 3],58,186,189,128,160
1,<environment.Job instance at 0x7f8069a5b820>,71,1,[5 3],72,163,164,91,163
1,<environment.Job instance at 0x7f8069a5bcd0>,72,3,[3 6],73,189,192,116,163
1,<environment.Job instance at 0x7f8069a5b280>,74,1,[1 9],75,192,193,117,167
1,<environment.Job instance at 0x7f8069a5b8c0>,69,2,[1 8],70,193,195,123,167
1,<environment.Job instance at 0x7f8069a5b190>,76,1,[10  1],77,195,196,118,167
1,<environment.Job instance at 0x7f8069a5baa0>,75,2,[ 3 10],76,196,198,120,171
1,<environment.Job instance at 0x7f8069a5bc80>,77,12,[8 1],78,201,213,123,201
1,<environment.Job instance at 0x7f8069a62d20>,84,14,[ 1 10],85,213,227,128,204
1,<environment.Job instance at 0x7f8069a62640>,86,2,[5 9],87,227,229,140,213
1,<environment.Job instance at 0x7f8069a62690>,87,3,[6 2],88,229,232,141,213
1,<environment.Job instance at 0x7f8069a62780>,88,2,[6 5],89,232,234,143,214
1,<environment.Job instance at 0x7fdbe386d320>,2,14,[ 2 10],3,3,17,0,3
1,<environment.Job instance at 0x7fdbdc45d280>,4,13,[3 6],5,17,30,12,5
1,<environment.Job instance at 0x7fdbdc45d550>,7,14,[7 5],8,30,44,22,15
1,<environment.Job instance at 0x7fdbdc45dd70>,15,3,[2 8],16,44,47,28,19
1,<environment.Job instance at 0x7fdbdc45ddc0>,16,18,[7 3],17,47,65,30,36
1,<environment.Job instance at 0x7fdbdc45e460>,23,16,[6 2],24,65,81,41,57
1,<environment.Job instance at 0x7fdbdc45e5a0>,25,2,[5 7],26,81,83,55,57
1,<environment.Job instance at 0x7fdbdc45daa0>,12,23,[6 4],13,98,121,85,98
1,<environment.Job instance at 0x7fdbdc45ec80>,35,16,[1 9],36,121,137,85,108
1,<environment.Job instance at 0x7fdbdc45efa0>,39,14,[9 4],40,137,151,97,122
1,<environment.Job instance at 0x7fdbdc4634b0>,45,15,[7 5],46,151,166,105,137
1,<environment.Job instance at 0x7fdbdc463870>,51,2,[5 3],52,166,168,114,152
1,<environment.Job instance at 0x7fdbdc463910>,52,2,[ 2 10],53,168,170,115,152
1,<environment.Job instance at 0x7fdbdc4639b0>,53,3,[2 9],54,170,173,116,152
1,<environment.Job instance at 0x7fdbdc463a50>,54,18,[7 1],55,170,188,115,160
1,<environment.Job instance at 0x7fdbdc463c30>,56,3,[8 4],57,188,191,131,162
1,<environment.Job instance at 0x7fdbdc466320>,62,14,[4 9],63,191,205,128,179
1,<environment.Job instance at 0x7fdbdc466730>,68,14,[6 4],69,205,219,136,190
1,<environment.Job instance at 0x7fdbdc466c30>,72,18,[3 5],73,205,223,132,195
1,<environment.Job instance at 0x7fdbdc466fa0>,77,16,[8 1],78,223,239,145,210
1,<environment.Job instance at 0x7fdbe38964b0>,2,12,[1 6],3,3,15,0,3
1,<environment.Job instance at 0x7fdbe3896960>,3,17,[5 1],4,4,21,0,4
1,<environment.Job instance at 0x7fdbdc467320>,8,16,[5 2],9,15,31,6,9
1,<environment.Job instance at 0x7fdbe39e2fa0>,13,3,[10  1],14,31,34,17,15
1,<environment.Job instance at 0x7fdbe39e2410>,16,2,[1 6],17,29,31,12,29
1,<environment.Job instance at 0x7fdbe39e2cd0>,17,14,[7 2],18,34,48,16,29
1,<environment.Job instance at 0x7fdbe39e21e0>,15,2,[7 4],16,48,50,32,32
1,<environment.Job instance at 0x7fdbe39e2140>,19,13,[5 5],20,50,63,30,34
1,<environment.Job instance at 0x7fdbe3896aa0>,11,3,[1 6],12,35,38,23,35
1,<environment.Job instance at 0x7fdbe39d5730>,25,15,[8 3],26,63,78,37,49
1,<environment.Job instance at 0x7fdbe3897320>,36,13,[10  5],37,78,91,41,62
1,<environment.Job instance at 0x7fdbe39d5e10>,22,18,[10  4],23,91,109,68,80
1,<environment.Job instance at 0x7fdbe38970f0>,42,1,[9 2],43,109,110,66,86
1,<environment.Job instance at 0x7fdbe39e4640>,44,1,[8 3],45,110,111,65,87
1,<environment.Job instance at 0x7fdbe39e4690>,46,12,[1 6],47,109,121,62,92
1,<environment.Job instance at 0x7fdbe39d4be0>,48,2,[9 1],49,111,113,62,93
1,<environment.Job instance at 0x7fdbe39d4fa0>,49,2,[ 4 10],50,121,123,71,94
1,<environment.Job instance at 0x7fdbe3899230>,53,2,[9 4],54,113,115,59,111
1,<environment.Job instance at 0x7fdba344bcd0>,54,14,[10  5],55,123,137,68,113
1,<environment.Job instance at 0x7fdbe39e16e0>,57,3,[5 6],58,137,140,79,124
1,<environment.Job instance at 0x7fdbe39e1730>,58,2,[8 1],59,140,142,81,125
1,<environment.Job instance at 0x7fdbe39e1be0>,59,14,[ 5 10],60,142,156,82,127
1,<environment.Job instance at 0x7fdbe39e8460>,66,3,[10  3],67,156,159,89,149
1,<environment.Job instance at 0x7fdbe39e85f0>,67,16,[8 4],68,159,175,91,149
1,<environment.Job instance at 0x7fdbe39e85a0>,73,3,[2 5],74,161,164,87,161
1,<environment.Job instance at 0x7fdbe39e84b0>,75,1,[9 3],76,175,176,99,164
1,<environment.Job instance at 0x7fdbe39dfeb0>,77,13,[9 5],78,176,189,98,171
1,<environment.Job instance at 0x7fdbe39df140>,81,3,[9 5],82,189,192,107,179
1,<environment.Job instance at 0x7fdbe39e8e60>,76,17,[9 1],77,196,213,119,196
1,<environment.Job instance at 0x7fdbe38f5140>,1,3,[5 3],2,2,5,0,2
1,<environment.Job instance at 0x7fdb98720730>,3,18,[5 1],4,4,22,0,4
1,<environment.Job instance at 0x7fdb98720550>,8,19,[4 7],9,10,29,1,10
1,<environment.Job instance at 0x7fdb98720820>,11,1,[ 5 10],12,29,30,17,12
1,<environment.Job instance at 0x7fdb98720e10>,9,13,[4 5],10,30,43,20,14
1,<environment.Job instance at 0x7fdb98720f50>,12,2,[10  4],13,43,45,30,18
1,<environment.Job instance at 0x7fdb98708d70>,21,13,[8 1],22,45,58,23,32
1,<environment.Job instance at 0x7fdb987084b0>,23,13,[9 2],24,58,71,34,42
1,<environment.Job instance at 0x7fdb987082d0>,31,16,[5 8],32,71,87,39,60
1,<environment.Job instance at 0x7fdb986b17d0>,38,2,[5 3],39,87,89,48,63
1,<environment.Job instance at 0x7fdb986b1640>,42,1,[1 5],43,65,66,22,65
1,<environment.Job instance at 0x7fdb986b1050>,41,17,[10  2],42,89,106,47,77
1,<environment.Job instance at 0x7fdb98778230>,49,18,[5 2],50,106,124,56,95
1,<environment.Job instance at 0x7fdb98778550>,50,18,[5 8],51,106,124,55,95
1,<environment.Job instance at 0x7fdb98778410>,56,17,[8 4],57,124,141,67,112
1,<environment.Job instance at 0x7fdb98778500>,51,3,[5 9],52,141,144,89,121
1,<environment.Job instance at 0x7fdb98778460>,60,15,[5 8],61,144,159,83,130
1,<environment.Job instance at 0x7fdb987d05a0>,63,2,[7 3],64,159,161,95,140
1,<environment.Job instance at 0x7fdb987d0820>,64,16,[7 5],65,161,177,96,149
1,<environment.Job instance at 0x7fdb98764280>,70,2,[4 9],71,177,179,106,168
1,<environment.Job instance at 0x7fdb987648c0>,71,3,[9 4],72,179,182,107,168
1,<environment.Job instance at 0x7fdb98764550>,72,2,[2 9],73,182,184,109,168
1,<environment.Job instance at 0x7fdb98764780>,73,15,[7 2],74,184,199,110,170
1,<environment.Job instance at 0x7fdb98764640>,75,1,[6 3],76,199,200,123,171
1,<environment.Job instance at 0x7fdb98764e60>,78,12,[5 5],79,200,212,121,184
1,<environment.Job instance at 0x7fdb98720af0>,15,18,[5 4],16,200,218,184,198
1,<environment.Job instance at 0x7fdb988180a0>,83,17,[7 4],84,218,235,134,211
1,<environment.Job instance at 0x7fdb98764be0>,80,1,[7 2],81,235,236,154,211
1,<environment.Job instance at 0x7fdb9883d460>,10,3,[6 2],11,11,14,0,11
1,<environment.Job instance at 0x7fdb9883d8c0>,12,17,[5 9],13,14,31,1,13
1,<environment.Job instance at 0x7fdb9883d640>,16,13,[2 5],17,31,44,14,17
1,<environment.Job instance at 0x7fdb9883d6e0>,13,17,[7 1],14,31,48,17,19
1,<environment.Job instance at 0x7fdb98aa6af0>,24,16,[5 2],25,48,64,23,36
1,<environment.Job instance at 0x7fdb98865190>,27,14,[3 6],28,52,66,24,52
1,<environment.Job instance at 0x7fdb98865280>,28,12,[6 4],29,64,76,35,52
1,<environment.Job instance at 0x7fdb988653c0>,31,3,[6 1],32,76,79,44,52
1,<environment.Job instance at 0x7fdb988656e0>,32,2,[5 3],33,79,81,46,52
1,<environment.Job instance at 0x7fdb98865230>,33,3,[4 6],34,66,69,32,52
1,<environment.Job instance at 0x7fdb98865a00>,34,14,[3 8],35,81,95,46,66
1,<environment.Job instance at 0x7fdb98865eb0>,38,16,[5 2],39,79,95,40,68
1,<environment.Job instance at 0x7fdbdc403050>,41,18,[5 8],42,95,113,53,84
1,<environment.Job instance at 0x7fdb98832c30>,51,15,[5 7],52,113,128,61,99
1,<environment.Job instance at 0x7fdb98832a00>,54,17,[6 1],55,128,145,73,116
1,<environment.Job instance at 0x7fdb98832230>,60,15,[1 9],61,128,143,67,123
1,<environment.Job instance at 0x7fdb98b0b3c0>,62,1,[10  4],63,145,146,82,126
1,<environment.Job instance at 0x7fdb98832b40>,57,2,[9 3],58,146,148,88,126
1,<environment.Job instance at 0x7fdb98b0b870>,65,3,[8 3],66,148,151,82,133
1,<environment.Job instance at 0x7fdb98b10c80>,68,15,[10  4],69,151,166,82,144
1,<environment.Job instance at 0x7fdb98b1afa0>,70,16,[8 5],71,166,182,95,165
1,<environment.Job instance at 0x7fdb988de6e0>,73,18,[1 6],74,182,200,108,171
1,<environment.Job instance at 0x7fdb988de5f0>,77,16,[7 4],78,182,198,104,172
1,<environment.Job instance at 0x7fdb988de370>,79,1,[8 5],80,200,201,120,176
1,<environment.Job instance at 0x7fdb988def50>,82,2,[2 7],83,201,203,118,189
1,<environment.Job instance at 0x7fdb988dea00>,84,12,[8 1],85,201,213,116,189
1,<environment.Job instance at 0x7fdb986e94b0>,89,3,[2 7],90,203,206,113,190
1,<environment.Job instance at 0x7fdb988dee60>,74,17,[2 6],75,206,223,131,196
1,<environment.Job instance at 0x7fdb986e9e60>,92,16,[6 4],93,213,229,120,200
1,<environment.Job instance at 0x7fdb98aa65f0>,3,13,[ 4 10],4,4,17,0,4
1,<environment.Job instance at 0x7fdb98818730>,6,14,[2 5],7,24,38,17,24
1,<environment.Job instance at 0x7fdbdc95ce10>,12,1,[4 8],13,38,39,25,24
1,<environment.Job instance at 0x7fdbdc534aa0>,13,3,[10  3],14,39,42,25,24
1,<environment.Job instance at 0x7fdbdc580910>,15,14,[3 8],16,42,56,26,27
1,<environment.Job instance at 0x7fdbdcb257d0>,20,12,[4 5],21,56,68,35,43
1,<environment.Job instance at 0x7fdbdcb25a00>,23,15,[6 4],24,56,71,32,43
1,<environment.Job instance at 0x7fdb98b5c2d0>,28,13,[8 3],29,71,84,42,67
1,<environment.Job instance at 0x7fdb98b5ccd0>,36,3,[6 4],37,89,92,52,89
1,<environment.Job instance at 0x7fdb98b5ce10>,38,1,[6 5],39,92,93,53,89
1,<environment.Job instance at 0x7fdb98b5cfa0>,39,2,[1 9],40,93,95,53,89
1,<environment.Job instance at 0x7fdb98b5ce60>,40,13,[5 5],41,95,108,54,89
1,<environment.Job instance at 0x7fdb98665410>,43,2,[9 1],44,93,95,49,89
1,<environment.Job instance at 0x7fdbdc95c280>,10,13,[5 5],11,95,108,84,90
1,<environment.Job instance at 0x7fdbdc52d5f0>,7,1,[4 6],8,108,109,100,94
1,<environment.Job instance at 0x7fdb986655f0>,46,2,[ 3 10],47,109,111,62,94
1,<environment.Job instance at 0x7fdb98665780>,48,3,[3 7],49,111,114,62,94
1,<environment.Job instance at 0x7fdb98665820>,49,3,[5 8],50,114,117,64,95
1,<environment.Job instance at 0x7fdb986658c0>,50,15,[2 5],51,117,132,66,103
1,<environment.Job instance at 0x7fdb98665550>,52,17,[4 5],53,117,134,64,117
1,<environment.Job instance at 0x7fdb98665a00>,54,2,[9 4],55,134,136,79,119
1,<environment.Job instance at 0x7fdb986656e0>,47,18,[8 2],48,136,154,88,125
1,<environment.Job instance at 0x7fdb98665fa0>,60,1,[4 8],61,154,155,93,130
1,<environment.Job instance at 0x7fdb986670f0>,61,1,[8 1],62,155,156,93,130
1,<environment.Job instance at 0x7fdb986673c0>,63,16,[6 5],64,156,172,92,143
1,<environment.Job instance at 0x7fdb98667320>,64,16,[9 5],65,172,188,107,161
1,<environment.Job instance at 0x7fdb98667aa0>,72,13,[1 5],73,172,185,99,172
1,<environment.Job instance at 0x7fdb98667c30>,73,2,[5 9],74,188,190,114,177
1,<environment.Job instance at 0x7fdb986678c0>,69,18,[5 8],70,190,208,120,180
1,<environment.Job instance at 0x7fdb98667d20>,75,3,[4 6],76,208,211,132,188
1,<environment.Job instance at 0x7fdb98667d70>,80,3,[2 9],81,211,214,130,201
1,<environment.Job instance at 0x7fdb98667fa0>,81,14,[9 2],82,214,228,132,208
1,<environment.Job instance at 0x7fdb98b11e10>,4,16,[ 5 10],5,5,21,0,5
1,<environment.Job instance at 0x7fdb98b11a50>,7,1,[5 1],8,21,22,13,8
1,<environment.Job instance at 0x7fdb98b11be0>,9,2,[4 7],10,21,23,11,10
1,<environment.Job instance at 0x7fdbdc28d370>,14,16,[1 5],15,23,39,8,15
1,<environment.Job instance at 0x7fdbdc28d230>,13,12,[8 2],14,27,39,13,27
1,<environment.Job instance at 0x7fdbdc28db40>,15,18,[4 9],16,39,57,23,28
1,<environment.Job instance at 0x7fdbdc28d910>,20,13,[10  1],21,57,70,36,42
1,<environment.Job instance at 0x7fdbdc28d5a0>,25,1,[1 8],26,70,71,44,53
1,<environment.Job instance at 0x7fdbdc28daf0>,26,12,[10  1],27,71,83,44,54
1,<environment.Job instance at 0x7fdb98afdeb0>,28,2,[1 6],29,83,85,54,57
1,<environment.Job instance at 0x7fdbdc28dc30>,23,14,[6 5],24,85,99,61,70
1,<environment.Job instance at 0x7fdbdc28dfa0>,29,3,[7 2],30,99,102,69,79
1,<environment.Job instance at 0x7fdb98afd910>,36,15,[10  2],37,115,130,78,115
1,<environment.Job instance at 0x7fdb98afdaa0>,39,13,[4 7],40,137,150,97,137
1,<environment.Job instance at 0x7fdb98b76fa0>,46,12,[6 4],47,150,162,103,147
1,<environment.Job instance at 0x7fdb98b76cd0>,49,15,[ 3 10],50,162,177,112,149
1,<environment.Job instance at 0x7fdb98b76b40>,51,13,[10  2],52,177,190,125,171
1,<environment.Job instance at 0x7fdb98b767d0>,56,14,[8 4],57,194,208,137,194
1,<environment.Job instance at 0x7fdbdc229cd0>,58,3,[ 1 10],59,208,211,149,195
1,<environment.Job instance at 0x7fdbdc229a50>,61,2,[5 5],62,211,213,149,197
1,<environment.Job instance at 0x7fdbdc229910>,63,1,[5 5],64,211,212,147,199
1,<environment.Job instance at 0x7fdbdc229f50>,65,19,[6 3],66,213,232,147,203
1,<environment.Job instance at 0x7fdbdc229140>,66,3,[3 9],67,232,235,165,208
1,<environment.Job instance at 0x7fdbdc229230>,68,13,[1 5],69,212,225,143,210
1,<environment.Job instance at 0x7fdbdc229410>,69,1,[2 8],70,235,236,165,210
1,<environment.Job instance at 0x7fdbdc229d20>,70,3,[1 9],71,236,239,165,210
1,<environment.Job instance at 0x7fdbdc2295f0>,59,3,[3 7],60,225,228,165,212
1,<environment.Job instance at 0x7fdbdc229af0>,71,14,[3 6],72,239,253,167,230
1,<environment.Job instance at 0x7fdbdc54a550>,5,15,[5 6],6,6,21,0,6
1,<environment.Job instance at 0x7fdbdc9da500>,3,15,[ 3 10],4,21,36,17,7
1,<environment.Job instance at 0x7fdbdcf87820>,14,17,[3 5],15,36,53,21,24
1,<environment.Job instance at 0x7fdbdc70a460>,11,17,[ 4 10],12,53,70,41,42
1,<environment.Job instance at 0x7fdbdcf87280>,20,2,[10  4],21,70,72,49,61
1,<environment.Job instance at 0x7fdb98a2f6e0>,19,13,[10  5],20,72,85,52,61
1,<environment.Job instance at 0x7fdbdcf87fa0>,23,2,[9 2],24,85,87,61,62
1,<environment.Job instance at 0x7fdb98951f50>,25,15,[4 7],26,87,102,61,73
1,<environment.Job instance at 0x7fdbdc83b640>,35,13,[6 4],36,102,115,66,86
1,<environment.Job instance at 0x7fdbdc22acd0>,38,2,[ 1 10],39,115,117,76,101
1,<environment.Job instance at 0x7fdbdc3a5140>,39,12,[5 2],40,117,129,77,101
1,<environment.Job instance at 0x7fdbdc4fb6e0>,41,16,[8 4],42,129,145,87,118
1,<environment.Job instance at 0x7fdbdcf4ad70>,49,1,[ 2 10],50,145,146,95,119
1,<environment.Job instance at 0x7fdbdcf4a5f0>,51,3,[3 5],52,120,123,68,120
1,<environment.Job instance at 0x7fdbdc5a3960>,52,12,[4 7],53,146,158,93,130
1,<environment.Job instance at 0x7fdbdc5a3820>,54,1,[6 4],55,158,159,103,135
1,<environment.Job instance at 0x7fdbdc34ddc0>,58,12,[7 5],59,159,171,100,142
1,<environment.Job instance at 0x7fdbdc34db90>,59,2,[4 7],60,171,173,111,146
1,<environment.Job instance at 0x7fdbdc34d320>,62,1,[5 3],63,152,153,89,152
1,<environment.Job instance at 0x7fdbdc34dc30>,60,12,[2 5],61,158,170,97,152
1,<environment.Job instance at 0x7fdbdd046500>,66,12,[4 8],67,173,185,106,158
1,<environment.Job instance at 0x7fdbdc60f9b0>,73,12,[9 3],74,185,197,111,175
1,<environment.Job instance at 0x7fdbdc9295a0>,77,17,[2 6],78,197,214,119,188
1,<environment.Job instance at 0x7fdbdc929230>,78,17,[5 4],79,197,214,118,195
1,<environment.Job instance at 0x7fdbdc56e5f0>,80,16,[9 4],81,214,230,133,201
1,<environment.Job instance at 0x7fdb9876a6e0>,88,14,[4 5],89,230,244,141,215
1,<environment.Job instance at 0x7fdbdcd5d870>,9,14,[7 2],10,10,24,0,10
1,<environment.Job instance at 0x7fdbdcd5df50>,10,18,[1 7],11,11,29,0,11
1,<environment.Job instance at 0x7fdbdcaea960>,11,14,[1 7],12,29,43,17,14
1,<environment.Job instance at 0x7fdbdcaea780>,13,1,[6 2],14,33,34,19,33
1,<environment.Job instance at 0x7fdbdcaea6e0>,17,3,[4 6],18,43,46,25,33
1,<environment.Job instance at 0x7fdbdc33d500>,22,1,[6 5],23,46,47,23,33
1,<environment.Job instance at 0x7fdbdc33d3c0>,19,1,[5 6],20,47,48,27,33
1,<environment.Job instance at 0x7fdbdc33d640>,24,13,[7 3],25,48,61,23,33
1,<environment.Job instance at 0x7fdbdc33d780>,26,12,[5 9],27,61,73,34,44
1,<environment.Job instance at 0x7fdbdc33d8c0>,28,1,[6 4],29,73,74,44,57
1,<environment.Job instance at 0x7fdbdc33da00>,30,15,[3 8],31,74,89,43,61
1,<environment.Job instance at 0x7fdbdc31a2d0>,36,2,[5 7],37,89,91,52,79
1,<environment.Job instance at 0x7fdbdc31a370>,37,1,[2 8],38,91,92,53,79
1,<environment.Job instance at 0x7fdbdc31a0a0>,41,2,[3 5],42,92,94,50,91
1,<environment.Job instance at 0x7fdbdc31a500>,42,1,[5 5],43,92,93,49,92
1,<environment.Job instance at 0x7fdbdc31a050>,40,12,[3 6],41,94,106,53,92
1,<environment.Job instance at 0x7fdbdc31a8c0>,44,14,[4 6],45,106,120,61,92
1,<environment.Job instance at 0x7fdbdc31aaf0>,48,15,[5 5],49,120,135,71,108
1,<environment.Job instance at 0x7fdbdc31ac30>,50,15,[6 3],51,135,150,84,121
1,<environment.Job instance at 0x7fdbdc31ae10>,53,18,[3 7],54,135,153,81,124
1,<environment.Job instance at 0x7fdbdc321410>,63,13,[5 2],64,150,163,86,144
1,<environment.Job instance at 0x7fdbdc31a9b0>,46,15,[3 6],47,153,168,106,151
1,<environment.Job instance at 0x7fdbdc321280>,61,15,[6 3],62,163,178,101,155
1,<environment.Job instance at 0x7fdbdc3216e0>,65,13,[8 4],66,178,191,112,162
1,<environment.Job instance at 0x7fdbdc321c30>,75,2,[2 9],76,191,193,115,180
1,<environment.Job instance at 0x7fdbdc321d70>,77,2,[4 6],78,193,195,115,180
1,<environment.Job instance at 0x7fdbdc321eb0>,80,17,[5 8],81,195,212,114,188
1,<environment.Job instance at 0x7fdbdc317730>,87,3,[ 4 10],88,212,215,124,212
1,<environment.Job instance at 0x7fdbdc3175a0>,88,2,[2 5],89,215,217,126,213
1,<environment.Job instance at 0x7fdbdc317780>,89,12,[7 5],90,215,227,125,213
1,<environment.Job instance at 0x7fdbdc341960>,2,13,[ 3 10],3,3,16,0,3
1,<environment.Job instance at 0x7fdbdcd5d5f0>,4,17,[1 8],5,16,33,11,7
1,<environment.Job instance at 0x7fdbdcd5d910>,11,12,[7 1],12,16,28,4,12
1,<environment.Job instance at 0x7fdbdcd5d690>,6,2,[2 8],7,33,35,26,13
1,<environment.Job instance at 0x7fdbdc578e60>,19,13,[ 1 10],20,35,48,15,32
1,<environment.Job instance at 0x7fdb987c4320>,22,3,[7 4],23,48,51,25,34
1,<environment.Job instance at 0x7fdb987c4690>,21,1,[3 5],22,48,49,26,40
1,<environment.Job instance at 0x7fdb987558c0>,24,1,[6 4],25,51,52,26,40
1,<environment.Job instance at 0x7fdb987555f0>,26,18,[5 8],27,52,70,25,52
1,<environment.Job instance at 0x7fdb987550f0>,27,13,[5 8],28,70,83,42,54
1,<environment.Job instance at 0x7fdbdce0fe60>,32,15,[3 9],33,83,98,50,75
1,<environment.Job instance at 0x7fdbdc23a5f0>,38,1,[6 5],39,98,99,59,97
1,<environment.Job instance at 0x7fdbdc20e730>,28,13,[5 5],29,99,112,70,97
1,<environment.Job instance at 0x7fdbdc23a640>,39,17,[1 5],40,98,115,58,97
1,<environment.Job instance at 0x7fdbdcb93aa0>,41,15,[2 7],42,115,130,73,101
1,<environment.Job instance at 0x7fdbdcc5adc0>,43,16,[5 2],44,112,128,68,102
1,<environment.Job instance at 0x7fdb98cf6140>,48,13,[8 3],49,128,141,79,115
1,<environment.Job instance at 0x7fdb98cf6050>,46,17,[7 3],47,141,158,94,129
1,<environment.Job instance at 0x7fdbdce4d5a0>,54,18,[5 2],55,158,176,103,151
1,<environment.Job instance at 0x7fdbdcb97e10>,56,12,[9 5],57,176,188,119,169
1,<environment.Job instance at 0x7fdb9883c690>,62,12,[5 2],63,188,200,125,174
1,<environment.Job instance at 0x7fdbdccf21e0>,65,3,[5 3],66,188,191,122,182
1,<environment.Job instance at 0x7fdb9883ceb0>,60,16,[5 4],61,191,207,130,183
1,<environment.Job instance at 0x7fdbdce0dfa0>,67,12,[7 2],68,207,219,139,199
1,<environment.Job instance at 0x7fdbe386d140>,73,16,[6 1],74,219,235,145,206
1,<environment.Job instance at 0x7fdbdd185640>,78,16,[6 5],79,235,251,156,225
1,<environment.Job instance at 0x7fdbdc578230>,2,18,[5 3],3,3,21,0,3
1,<environment.Job instance at 0x7fdbdc27f870>,6,3,[10  3],7,26,29,19,26
1,<environment.Job instance at 0x7fdbdc27f500>,8,13,[2 7],9,29,42,20,26
1,<environment.Job instance at 0x7fdbdc27fb90>,7,1,[ 4 10],8,42,43,34,27
1,<environment.Job instance at 0x7fdbdc27f230>,9,15,[4 7],10,43,58,33,30
1,<environment.Job instance at 0x7fdb98537140>,14,15,[8 2],15,58,73,43,53
1,<environment.Job instance at 0x7fdb98a82cd0>,24,16,[2 5],25,67,83,42,67
1,<environment.Job instance at 0x7fdb98941460>,25,13,[ 5 10],26,83,96,57,72
1,<environment.Job instance at 0x7fdb98cf6c80>,32,14,[3 8],33,96,110,63,81
1,<environment.Job instance at 0x7fdbdc86db40>,35,2,[7 1],36,96,98,60,86
1,<environment.Job instance at 0x7fdb98a2dcd0>,37,18,[2 6],38,110,128,72,104
1,<environment.Job instance at 0x7fdb986a9cd0>,45,18,[7 4],46,112,130,66,112
1,<environment.Job instance at 0x7fdb986a9f50>,46,1,[4 5],47,130,131,83,112
1,<environment.Job instance at 0x7fdb986a9870>,39,12,[10  4],40,131,143,91,114
1,<environment.Job instance at 0x7fdb986a9b90>,44,15,[10  1],45,143,158,98,129
1,<environment.Job instance at 0x7fdbdc4579b0>,51,3,[10  5],52,158,161,106,139
1,<environment.Job instance at 0x7fdbdc457230>,54,15,[5 5],55,163,178,108,163
1,<environment.Job instance at 0x7fdbdc457730>,55,14,[5 9],56,178,192,122,163
1,<environment.Job instance at 0x7fdbdc3c37d0>,64,18,[9 1],65,192,210,127,181
1,<environment.Job instance at 0x7fdbdc85db40>,66,14,[5 7],67,210,224,143,195
1,<environment.Job instance at 0x7fdbdc33b320>,76,13,[7 1],77,224,237,147,208
1,<environment.Job instance at 0x7fdbdc457190>,2,3,[2 8],3,5,8,2,5
1,<environment.Job instance at 0x7fdbdcbe3f00>,7,3,[8 1],8,8,11,0,8
1,<environment.Job instance at 0x7fdbdccf2690>,8,16,[10  1],9,11,27,2,9
1,<environment.Job instance at 0x7fdbdc57dd20>,14,15,[7 2],15,27,42,12,15
1,<environment.Job instance at 0x7fdbdc57d780>,12,1,[8 4],13,42,43,29,20
1,<environment.Job instance at 0x7fdb98a11e60>,21,2,[4 7],22,43,45,21,23
1,<environment.Job instance at 0x7fdb98a0c0f0>,23,1,[9 5],24,45,46,21,26
1,<environment.Job instance at 0x7fdb98a0c2d0>,22,12,[5 5],23,46,58,23,29
1,<environment.Job instance at 0x7fdb98a0c4b0>,31,12,[ 1 10],32,58,70,26,41
1,<environment.Job instance at 0x7fdb98a0ca00>,33,3,[4 7],34,70,73,36,47
1,<environment.Job instance at 0x7fdb98a0c320>,25,13,[2 6],26,73,86,47,57
1,<environment.Job instance at 0x7fdb98a0ccd0>,40,15,[4 8],41,86,101,45,72
1,<environment.Job instance at 0x7fdb98a06820>,49,1,[8 2],50,101,102,51,86
1,<environment.Job instance at 0x7fdb98a068c0>,50,15,[7 2],51,102,117,51,89
1,<environment.Job instance at 0x7fdb98a06960>,51,14,[1 5],52,101,115,49,90
1,<environment.Job instance at 0x7fdb98a069b0>,53,14,[4 9],54,117,131,63,102
1,<environment.Job instance at 0x7fdb98a06cd0>,57,15,[1 6],58,131,146,73,117
1,<environment.Job instance at 0x7fdb98a06f00>,62,14,[5 7],63,146,160,83,133
1,<environment.Job instance at 0x7fdb98a141e0>,64,16,[4 7],65,160,176,95,156
1,<environment.Job instance at 0x7fdb98a146e0>,70,2,[5 8],71,179,181,108,179
1,<environment.Job instance at 0x7fdb98a14500>,71,3,[6 5],72,181,184,109,179
1,<environment.Job instance at 0x7fdb98a14910>,73,1,[6 5],74,184,185,110,179
1,<environment.Job instance at 0x7fdb98a14c80>,79,14,[5 4],80,193,207,113,193
1,<environment.Job instance at 0x7fdb98a14d20>,80,15,[5 3],81,193,208,112,193
1,<environment.Job instance at 0x7fdb98a14dc0>,81,3,[5 5],82,207,210,125,193
1,<environment.Job instance at 0x7fdb98a14e60>,82,15,[ 1 10],83,210,225,127,196
1,<environment.Job instance at 0x7fdbdcc04730>,8,17,[10  4],9,9,26,0,9
1,<environment.Job instance at 0x7fdbdcc04d70>,9,15,[5 9],10,26,41,16,12
1,<environment.Job instance at 0x7fdbe39dfbe0>,6,13,[5 6],7,41,54,34,32
1,<environment.Job instance at 0x7fdbdc8d79b0>,21,2,[1 5],22,54,56,32,32
1,<environment.Job instance at 0x7fdb98c683c0>,24,2,[7 4],25,54,56,29,38
1,<environment.Job instance at 0x7fdb98c685f0>,26,12,[4 7],27,56,68,29,39
1,<environment.Job instance at 0x7fdb98c68370>,29,15,[ 5 10],30,68,83,38,59
1,<environment.Job instance at 0x7fdbdc34cb90>,33,18,[9 2],34,83,101,49,72
1,<environment.Job instance at 0x7fdbdc34c7d0>,36,1,[3 9],37,101,102,64,78
1,<environment.Job instance at 0x7fdbdc34c4b0>,39,15,[6 5],40,102,117,62,89
1,<environment.Job instance at 0x7fdbdc34ccd0>,42,13,[9 1],43,117,130,74,101
1,<environment.Job instance at 0x7fdb98aaa780>,47,18,[ 3 10],48,130,148,82,128
1,<environment.Job instance at 0x7fdb98aaa960>,55,17,[9 3],56,148,165,92,141
1,<environment.Job instance at 0x7fdb98872cd0>,69,1,[5 5],70,165,166,95,158
1,<environment.Job instance at 0x7fdb98872410>,70,3,[4 8],71,166,169,95,158
1,<environment.Job instance at 0x7fdb98aaac30>,48,16,[3 5],49,169,185,120,158
1,<environment.Job instance at 0x7fdb9894cbe0>,74,17,[5 9],75,185,202,110,175
1,<environment.Job instance at 0x7fdb9894ce60>,78,17,[4 9],79,202,219,123,198
1,<environment.Job instance at 0x7fdb9894ce10>,81,17,[8 2],82,219,236,137,207
1,<environment.Job instance at 0x7fdb9894c500>,1,15,[10  5],2,2,17,0,2
1,<environment.Job instance at 0x7fdbdc34c8c0>,2,18,[10  1],3,17,35,14,7
1,<environment.Job instance at 0x7fdbdc901f00>,19,2,[10  1],20,35,37,15,23
1,<environment.Job instance at 0x7fdbdc9016e0>,20,3,[8 2],21,37,40,16,23
1,<environment.Job instance at 0x7fdbdc3c3280>,6,3,[7 4],7,40,43,33,24
1,<environment.Job instance at 0x7fdbdc6ca1e0>,13,18,[ 3 10],14,43,61,29,32
1,<environment.Job instance at 0x7fdbdc41e2d0>,30,3,[10  4],31,61,64,30,55
1,<environment.Job instance at 0x7fdbdc41ecd0>,27,15,[ 3 10],28,64,79,36,55
1,<environment.Job instance at 0x7fdbdc83f320>,34,12,[4 9],35,79,91,44,62
1,<environment.Job instance at 0x7fdbdc83f050>,41,18,[4 6],42,91,109,49,81
1,<environment.Job instance at 0x7fdbdc3c7aa0>,46,13,[8 3],47,109,122,62,93
1,<environment.Job instance at 0x7fdbdc4d7b90>,49,3,[5 6],50,122,125,72,106
1,<environment.Job instance at 0x7fdbdc4d7aa0>,53,12,[5 9],54,125,137,71,114
1,<environment.Job instance at 0x7fdbdc4d75a0>,55,1,[9 3],56,137,138,81,115
1,<environment.Job instance at 0x7fdb98d20370>,57,2,[1 5],58,137,139,79,133
1,<environment.Job instance at 0x7fdb98d20e60>,63,18,[8 1],64,181,199,117,181
1,<environment.Job instance at 0x7fdb98cd3730>,65,12,[10  3],66,199,211,133,182
1,<environment.Job instance at 0x7fdb98cd35a0>,72,2,[9 4],73,211,213,138,206
1,<environment.Job instance at 0x7fdb98cd3f00>,73,14,[5 6],74,213,227,139,206
1,<environment.Job instance at 0x7fdb98b8e910>,8,1,[8 3],9,10,11,1,10
1,<environment.Job instance at 0x7fdbdcb40c30>,12,17,[5 9],13,14,31,1,14
1,<environment.Job instance at 0x7fdbdcb40820>,15,15,[4 9],16,31,46,15,17
1,<environment.Job instance at 0x7fdbdcc4d190>,20,3,[6 3],21,46,49,25,22
1,<environment.Job instance at 0x7fdb98c54910>,9,18,[5 1],10,22,40,12,22
1,<environment.Job instance at 0x7fdbdcc4ddc0>,22,2,[5 7],23,49,51,26,23
1,<environment.Job instance at 0x7fdb98d187d0>,25,22,[9 4],26,51,73,25,44
1,<environment.Job instance at 0x7fdbdc579aa0>,30,13,[5 8],31,73,86,42,57
1,<environment.Job instance at 0x7fdbdc554410>,37,14,[6 2],38,86,100,48,71
1,<environment.Job instance at 0x7fdb98cde230>,49,12,[ 5 10],50,100,112,50,84
1,<environment.Job instance at 0x7fdb988a36e0>,46,12,[3 8],47,112,124,65,100
1,<environment.Job instance at 0x7fdbdc503b90>,53,14,[ 1 10],54,124,138,70,110
1,<environment.Job instance at 0x7fdbdc6ca910>,3,27,[9 4],4,141,168,137,141
1,<environment.Job instance at 0x7fdb989403c0>,64,17,[7 1],65,168,185,103,156
1,<environment.Job instance at 0x7fdb9894ad70>,48,17,[3 7],49,168,185,119,156
1,<environment.Job instance at 0x7fdb9877c370>,67,13,[ 2 10],68,185,198,117,170
1,<environment.Job instance at 0x7fdb989409b0>,69,2,[10  1],70,198,200,128,171
1,<environment.Job instance at 0x7fdb98940410>,68,1,[7 4],69,200,201,131,173
1,<environment.Job instance at 0x7fdb985ecb40>,71,1,[7 1],72,201,202,129,173
1,<environment.Job instance at 0x7fdbdc7a7d20>,70,14,[5 7],71,202,216,131,187
1,<environment.Job instance at 0x7fdb9862b9b0>,73,1,[10  4],74,216,217,142,191
1,<environment.Job instance at 0x7fdb9895c190>,77,1,[9 3],78,217,218,139,191
1,<environment.Job instance at 0x7fdb9895c780>,75,2,[4 6],76,218,220,142,191
1,<environment.Job instance at 0x7fdb9895cf50>,78,3,[2 8],79,220,223,141,194
1,<environment.Job instance at 0x7fdb9895cf00>,79,1,[9 1],80,223,224,143,209
1,<environment.Job instance at 0x7fdb9895c0a0>,85,12,[9 2],86,224,236,138,209
1,<environment.Job instance at 0x7fdbdc47fa50>,10,14,[6 3],11,12,26,1,12
1,<environment.Job instance at 0x7fdbdc47f460>,11,16,[9 2],12,26,42,14,13
1,<environment.Job instance at 0x7fdb9854ff00>,13,14,[ 4 10],14,42,56,28,27
1,<environment.Job instance at 0x7fdbdc46a320>,21,1,[9 5],22,56,57,34,37
1,<environment.Job instance at 0x7fdb98b58d20>,23,17,[7 2],24,57,74,33,45
1,<environment.Job instance at 0x7fdb98614aa0>,27,15,[2 5],28,64,79,36,64
1,<environment.Job instance at 0x7fdbdc42ba00>,29,3,[6 3],30,74,77,44,65
1,<environment.Job instance at 0x7fdbdc42b730>,30,12,[8 4],31,77,89,46,66
1,<environment.Job instance at 0x7fdbdcec5370>,31,14,[ 2 10],32,89,103,57,74
1,<environment.Job instance at 0x7fdbdc9b6fa0>,37,3,[3 6],38,103,106,65,92
1,<environment.Job instance at 0x7fdbdc3dabe0>,38,2,[5 6],39,106,108,67,92
1,<environment.Job instance at 0x7fdb98643140>,41,2,[1 7],42,108,110,66,98
1,<environment.Job instance at 0x7fdb98643aa0>,39,18,[ 1 10],40,110,128,70,99
1,<environment.Job instance at 0x7fdb9862d820>,47,17,[8 3],48,128,145,80,116
1,<environment.Job instance at 0x7fdb9862df00>,48,14,[9 3],49,145,159,96,130
1,<environment.Job instance at 0x7fdbdc3406e0>,40,2,[5 2],41,159,161,118,135
1,<environment.Job instance at 0x7fdb98b8e5a0>,53,2,[4 9],54,161,163,107,141
1,<environment.Job instance at 0x7fdb98b8ef00>,60,1,[5 1],61,159,160,98,149
1,<environment.Job instance at 0x7fdb98b8e730>,64,18,[9 2],65,163,181,98,161
1,<environment.Job instance at 0x7fdbdc5ab050>,65,18,[10  4],66,181,199,115,170
1,<environment.Job instance at 0x7fdb98a650a0>,70,15,[10  5],71,199,214,128,185
1,<environment.Job instance at 0x7fdb98a655a0>,74,18,[8 4],75,219,237,144,219
1,<environment.Job instance at 0x7fdbdc79b3c0>,0,3,[1 5],1,1,4,0,1
1,<environment.Job instance at 0x7fdb98d0d960>,4,16,[7 2],5,7,23,2,7
1,<environment.Job instance at 0x7fdbdc86ee10>,8,2,[4 8],9,23,25,14,9
1,<environment.Job instance at 0x7fdbdc86e0a0>,9,3,[8 2],10,25,28,15,10
1,<environment.Job instance at 0x7fdbdc86ec30>,10,16,[8 2],11,28,44,17,18
1,<environment.Job instance at 0x7fdbdc3978c0>,19,17,[4 5],20,44,61,24,32
1,<environment.Job instance at 0x7fdbdc397410>,22,14,[4 6],23,61,75,38,46
1,<environment.Job instance at 0x7fdbdcaed1e0>,30,18,[7 1],31,75,93,44,64
1,<environment.Job instance at 0x7fdbdcaedcd0>,36,22,[3 7],37,78,100,41,78
1,<environment.Job instance at 0x7fdbdcaedfa0>,40,17,[9 5],41,100,117,59,88
1,<environment.Job instance at 0x7fdbdcaed910>,44,18,[6 5],45,117,135,72,112
1,<environment.Job instance at 0x7fdbdc86e5f0>,13,28,[6 1],14,147,175,133,147
1,<environment.Job instance at 0x7fdbdca5ee10>,60,12,[4 8],61,155,167,94,155
1,<environment.Job instance at 0x7fdb98d209b0>,65,3,[4 7],66,167,170,101,164
1,<environment.Job instance at 0x7fdb98d200f0>,66,18,[3 6],67,170,188,103,164
1,<environment.Job instance at 0x7fdb98d20e60>,68,17,[2 5],69,190,207,121,190
1,<environment.Job instance at 0x7fdbe3900320>,76,3,[7 1],77,220,223,143,220
1,<environment.Job instance at 0x7fdbdd0121e0>,2,17,[9 5],3,5,22,2,5
1,<environment.Job instance at 0x7fdb98d0dbe0>,8,2,[10  1],9,22,24,13,9
1,<environment.Job instance at 0x7fdb986ea5f0>,6,16,[6 4],7,24,40,17,11
1,<environment.Job instance at 0x7fdb9874b410>,16,3,[7 5],17,40,43,23,17
1,<environment.Job instance at 0x7fdbdc600550>,20,14,[5 7],21,43,57,22,32
1,<environment.Job instance at 0x7fdbdc600e60>,29,3,[ 2 10],30,57,60,27,46
1,<environment.Job instance at 0x7fdbdc6125f0>,30,18,[7 3],31,60,78,29,49
1,<environment.Job instance at 0x7fdb98b75dc0>,35,17,[2 7],36,60,77,24,50
1,<environment.Job instance at 0x7fdb98b90370>,42,13,[3 9],43,111,124,68,111
1,<environment.Job instance at 0x7fdb98b900f0>,43,12,[5 8],44,124,136,80,111
1,<environment.Job instance at 0x7fdbdc5efcd0>,51,16,[5 4],52,136,152,84,123
1,<environment.Job instance at 0x7fdb98b71460>,59,13,[3 8],60,152,165,92,140
1,<environment.Job instance at 0x7fdbdcf50640>,63,18,[5 5],64,165,183,101,160
1,<environment.Job instance at 0x7fdb98b98410>,66,16,[5 6],67,183,199,116,170
1,<environment.Job instance at 0x7fdb98b98050>,71,2,[10  5],72,199,201,127,189
1,<environment.Job instance at 0x7fdbdc1cb550>,72,15,[5 5],73,201,216,128,190
1,<environment.Job instance at 0x7fdbdcf337d0>,75,14,[5 8],76,216,230,140,201
1,<environment.Job instance at 0x7fdbdc662fa0>,5,2,[4 7],6,6,8,0,6
1,<environment.Job instance at 0x7fdba34708c0>,3,2,[ 1 10],4,21,23,17,21
1,<environment.Job instance at 0x7fdbdc6629b0>,6,14,[8 5],7,23,37,16,21
1,<environment.Job instance at 0x7fdbdc6623c0>,7,17,[1 5],8,24,41,16,24
1,<environment.Job instance at 0x7fdbdc662a50>,10,16,[5 2],11,37,53,26,25
1,<environment.Job instance at 0x7fdb984d05f0>,16,2,[3 7],17,41,43,24,25
1,<environment.Job instance at 0x7fdb984d0dc0>,22,17,[4 5],23,44,61,21,44
1,<environment.Job instance at 0x7fdb98b87140>,24,3,[4 7],25,61,64,36,44
1,<environment.Job instance at 0x7fdb98b87f50>,25,2,[6 4],26,53,55,27,44
1,<environment.Job instance at 0x7fdb98b87c30>,26,2,[ 5 10],27,64,66,37,44
1,<environment.Job instance at 0x7fdbdc2a4eb0>,27,2,[10  3],28,66,68,38,44
1,<environment.Job instance at 0x7fdbdc2a4aa0>,28,3,[ 4 10],29,68,71,39,49
1,<environment.Job instance at 0x7fdbdc2a45f0>,31,2,[ 5 10],32,71,73,39,55
1,<environment.Job instance at 0x7fdbdd12acd0>,32,12,[ 4 10],33,73,85,40,56
1,<environment.Job instance at 0x7fdbdcc0fb90>,41,13,[6 3],42,85,98,43,81
1,<environment.Job instance at 0x7fdbdcffde60>,43,2,[6 4],44,98,100,54,87
1,<environment.Job instance at 0x7fdbdcbe0730>,38,12,[9 1],39,100,112,61,87
1,<environment.Job instance at 0x7fdb98d1b230>,47,1,[9 3],48,112,113,64,99
1,<environment.Job instance at 0x7fdb98d1b8c0>,48,16,[6 3],49,113,129,64,101
1,<environment.Job instance at 0x7fdb98d1bc80>,49,1,[8 5],50,129,130,79,101
1,<environment.Job instance at 0x7fdb98d1bf00>,51,3,[5 8],52,130,133,78,110
1,<environment.Job instance at 0x7fdb98d1b320>,54,13,[10  2],55,133,146,78,118
1,<environment.Job instance at 0x7fdb98d1b500>,56,16,[10  4],57,146,162,89,134
1,<environment.Job instance at 0x7fdbdc8af410>,63,16,[5 8],64,162,178,98,156
1,<environment.Job instance at 0x7fdbdd116460>,72,17,[5 3],73,178,195,105,178
1,<environment.Job instance at 0x7fdb98cdea50>,46,16,[5 8],47,195,211,148,184
1,<environment.Job instance at 0x7fdbdc4d2550>,78,1,[3 9],79,211,212,132,192
1,<environment.Job instance at 0x7fdbdcd104b0>,77,3,[10  4],78,212,215,134,195
1,<environment.Job instance at 0x7fdbdc4d20a0>,79,14,[ 5 10],80,215,229,135,200
1,<environment.Job instance at 0x7fdbdc593eb0>,6,2,[5 9],7,15,17,8,15
1,<environment.Job instance at 0x7fdbdc593550>,7,3,[6 2],8,17,20,9,15
1,<environment.Job instance at 0x7fdbdc593730>,8,2,[6 5],9,20,22,11,15
1,<environment.Job instance at 0x7fdbdc593f00>,11,15,[4 5],12,17,32,5,15
1,<environment.Job instance at 0x7fdbdc9dad70>,5,14,[4 5],6,22,36,16,15
1,<environment.Job instance at 0x7fdbdc9daeb0>,4,14,[ 1 10],5,36,50,31,21
1,<environment.Job instance at 0x7fdbdc4765f0>,14,13,[6 3],15,50,63,35,34
1,<environment.Job instance at 0x7fdbdc476dc0>,20,14,[3 9],21,63,77,42,49
1,<environment.Job instance at 0x7fdb98850780>,24,3,[4 7],25,77,80,52,63
1,<environment.Job instance at 0x7fdb98850e60>,26,16,[7 1],27,80,96,53,67
1,<environment.Job instance at 0x7fdb98850280>,29,15,[7 2],30,96,111,66,90
1,<environment.Job instance at 0x7fdbdc964f00>,41,16,[6 5],42,111,127,69,98
1,<environment.Job instance at 0x7fdbdc9649b0>,48,2,[6 4],49,127,129,78,108
1,<environment.Job instance at 0x7fdbdc2b0af0>,50,2,[5 5],51,129,131,78,115
1,<environment.Job instance at 0x7fdbdc476640>,18,18,[2 9],19,131,149,112,120
1,<environment.Job instance at 0x7fdbdc2b0aa0>,53,1,[9 5],54,149,150,95,128
1,<environment.Job instance at 0x7fdbdc2b0190>,54,17,[5 2],55,150,167,95,138
1,<environment.Job instance at 0x7fdbdc2b0320>,60,12,[3 8],61,150,162,89,142
1,<environment.Job instance at 0x7fdbdc2b01e0>,65,14,[3 5],66,162,176,96,148
1,<environment.Job instance at 0x7fdb98d6f960>,67,18,[7 5],68,167,185,99,156
1,<environment.Job instance at 0x7fdb98d6faa0>,72,14,[9 2],73,185,199,112,171
1,<environment.Job instance at 0x7fdb98d6fcd0>,78,2,[10  5],79,199,201,120,191
1,<environment.Job instance at 0x7fdb98d6f410>,77,17,[8 2],78,201,218,123,196
1,<environment.Job instance at 0x7fdb98d6f460>,81,3,[3 8],82,218,221,136,196
1,<environment.Job instance at 0x7fdb98d6faf0>,83,15,[3 8],84,221,236,137,207
1,<environment.Job instance at 0x7fdb98653cd0>,90,1,[5 7],91,236,237,145,212
1,<environment.Job instance at 0x7fdbdc9da500>,2,17,[7 4],3,4,21,1,4
1,<environment.Job instance at 0x7fdbdc9da6e0>,4,12,[4 7],5,21,33,16,5
1,<environment.Job instance at 0x7fdb98dda140>,10,14,[2 6],11,33,47,22,19
1,<environment.Job instance at 0x7fdb98dc1370>,14,12,[9 4],15,47,59,32,34
1,<environment.Job instance at 0x7fdb98dc1410>,16,15,[4 7],17,59,74,42,45
1,<environment.Job instance at 0x7fdb989f00f0>,23,15,[7 2],24,74,89,50,61
1,<environment.Job instance at 0x7fdb989f0e10>,25,1,[10  2],26,89,90,63,61
1,<environment.Job instance at 0x7fdb989f05f0>,31,12,[ 5 10],32,90,102,58,76
1,<environment.Job instance at 0x7fdb989f05a0>,33,14,[9 2],34,102,116,68,87
1,<environment.Job instance at 0x7fdbdc566690>,43,12,[5 5],44,116,128,72,106
1,<environment.Job instance at 0x7fdbdc5665a0>,47,17,[1 8],48,128,145,80,116
1,<environment.Job instance at 0x7fdbdc566320>,49,13,[8 2],50,128,141,78,119
1,<environment.Job instance at 0x7fdbdca39230>,54,15,[9 3],55,145,160,90,140
1,<environment.Job instance at 0x7fdb98ddab40>,9,17,[1 7],10,145,162,135,140
1,<environment.Job instance at 0x7fdbdca39c80>,57,3,[9 2],58,160,163,102,145
1,<environment.Job instance at 0x7fdbdca39500>,58,3,[9 1],59,163,166,104,145
1,<environment.Job instance at 0x7fdbdca39cd0>,60,2,[5 6],61,166,168,105,147
1,<environment.Job instance at 0x7fdb98a04460>,64,14,[5 8],65,168,182,103,159
1,<environment.Job instance at 0x7fdb98a049b0>,67,3,[5 5],68,182,185,114,162
1,<environment.Job instance at 0x7fdb98a04870>,70,3,[5 9],71,185,188,114,184
1,<environment.Job instance at 0x7fdb98a04910>,71,15,[7 4],72,188,203,116,184
1,<environment.Job instance at 0x7fdb98a044b0>,77,18,[2 7],78,203,221,125,195
1,<environment.Job instance at 0x7fd1e0c2c320>,4,13,[3 6],5,5,18,0,5
1,<environment.Job instance at 0x7fd1e0c2c500>,6,15,[2 8],7,18,33,11,7
1,<environment.Job instance at 0x7fd1e0c2c6e0>,8,17,[1 8],9,33,50,24,22
1,<environment.Job instance at 0x7fd1e0c2c780>,10,22,[8 1],11,22,44,11,22
1,<environment.Job instance at 0x7fd1e0c2caa0>,15,3,[2 8],16,50,53,34,25
1,<environment.Job instance at 0x7fd1e0c2ca00>,14,21,[8 1],15,44,65,29,36
1,<environment.Job instance at 0x7fd1e0c2cdc0>,20,3,[10  5],21,65,68,44,43
1,<environment.Job instance at 0x7fd1e0c2d280>,22,12,[3 8],23,68,80,45,51
1,<environment.Job instance at 0x7fd1e0c2de60>,37,14,[5 8],38,107,121,69,107
1,<environment.Job instance at 0x7fd1e0c30370>,45,15,[7 5],46,132,147,86,132
1,<environment.Job instance at 0x7fd1e0c305f0>,47,13,[ 3 10],48,147,160,99,132
1,<environment.Job instance at 0x7fd1e0c30e60>,55,12,[2 6],56,160,172,104,150
1,<environment.Job instance at 0x7fd1e0c2d2d0>,23,16,[6 2],24,160,176,136,155
1,<environment.Job instance at 0x7fd1e0c351e0>,59,19,[1 7],60,172,191,112,162
1,<environment.Job instance at 0x7fd1e0c357d0>,69,14,[9 4],70,191,205,121,181
1,<environment.Job instance at 0x7fd1e0c35d20>,73,2,[9 3],74,184,186,110,184
1,<environment.Job instance at 0x7fd1e0c35410>,63,12,[5 3],64,205,217,141,189
1,<environment.Job instance at 0x7fd1e0c365a0>,83,18,[ 3 10],84,217,235,133,210
1,<environment.Job instance at 0x7fd1e81ab5a0>,10,17,[9 5],11,11,28,0,11
1,<environment.Job instance at 0x7fd1a7c1acd0>,11,13,[3 8],12,28,41,16,12
1,<environment.Job instance at 0x7fd1e8065c80>,14,12,[5 4],15,41,53,26,24
1,<environment.Job instance at 0x7fd1e8065640>,20,2,[7 5],21,53,55,32,26
1,<environment.Job instance at 0x7fd1e8065d20>,21,14,[ 3 10],22,55,69,33,40
1,<environment.Job instance at 0x7fd1e8065230>,16,1,[9 5],17,69,70,52,49
1,<environment.Job instance at 0x7fd1e81b0e60>,28,3,[4 8],29,70,73,41,49
1,<environment.Job instance at 0x7fd1e81b0a00>,27,2,[3 8],28,73,75,45,51
1,<environment.Job instance at 0x7fd1e81b0aa0>,30,12,[5 1],31,70,82,39,53
1,<environment.Job instance at 0x7fd1e81b06e0>,35,17,[10  4],36,82,99,46,71
1,<environment.Job instance at 0x7fd1e80652d0>,15,15,[8 3],16,99,114,83,90
1,<environment.Job instance at 0x7fd1e81ad1e0>,38,2,[9 1],39,114,116,75,92
1,<environment.Job instance at 0x7fd1e81ad230>,40,24,[1 5],41,110,134,69,110
1,<environment.Job instance at 0x7fd1e81ad820>,45,2,[5 6],46,134,136,88,110
1,<environment.Job instance at 0x7fd1e81a3c30>,47,3,[5 6],48,136,139,88,110
1,<environment.Job instance at 0x7fd1e81a3f50>,48,2,[8 1],49,116,118,67,110
1,<environment.Job instance at 0x7fd1e80683c0>,49,14,[ 5 10],50,139,153,89,124
1,<environment.Job instance at 0x7fd1e81a9870>,56,3,[10  3],57,153,156,96,132
1,<environment.Job instance at 0x7fd1e81a9730>,58,2,[5 7],59,156,158,97,142
1,<environment.Job instance at 0x7fd1e81a9690>,60,17,[3 5],61,158,175,97,146
1,<environment.Job instance at 0x7fd1e81b7780>,66,17,[9 1],67,175,192,108,163
1,<environment.Job instance at 0x7fd1e81b7320>,70,17,[9 5],71,192,209,121,180
1,<environment.Job instance at 0x7fd1e81b7820>,73,12,[1 9],74,209,221,135,195
1,<environment.Job instance at 0x7fd1e81b7050>,71,3,[9 5],72,221,224,149,221
1,<environment.Job instance at 0x7fd1e81b7f50>,75,15,[5 3],76,224,239,148,221
1,<environment.Job instance at 0x7fd19d161b90>,2,12,[ 5 10],3,4,16,1,4
1,<environment.Job instance at 0x7fd19cee68c0>,7,14,[10  3],8,16,30,8,12
1,<environment.Job instance at 0x7fd19cee67d0>,11,16,[5 8],12,30,46,18,27
1,<environment.Job instance at 0x7fd19cf39eb0>,21,17,[10  2],22,46,63,24,34
1,<environment.Job instance at 0x7fd19d06b550>,30,18,[5 8],31,63,81,32,54
1,<environment.Job instance at 0x7fd19cee6c80>,6,1,[4 7],7,81,82,74,57
1,<environment.Job instance at 0x7fd19cee5460>,35,2,[5 8],36,82,84,46,58
1,<environment.Job instance at 0x7fd19cee58c0>,40,15,[5 8],41,84,99,43,83
1,<environment.Job instance at 0x7fd19cee5140>,44,16,[7 5],45,103,119,58,103
1,<environment.Job instance at 0x7fd19cee5550>,37,15,[3 6],38,119,134,81,107
1,<environment.Job instance at 0x7fd19cee5e60>,50,2,[4 9],51,134,136,83,122
1,<environment.Job instance at 0x7fd19ce96550>,54,12,[8 3],55,136,148,81,130
1,<environment.Job instance at 0x7fd19ce96910>,56,13,[8 2],57,148,161,91,132
1,<environment.Job instance at 0x7fd19ce96cd0>,57,1,[1 5],58,136,137,78,132
1,<environment.Job instance at 0x7fd19cf39320>,12,23,[1 8],13,148,171,135,142
1,<environment.Job instance at 0x7fd19ce96460>,63,17,[7 4],64,171,188,107,164
1,<environment.Job instance at 0x7fd19ce961e0>,58,12,[5 5],59,188,200,129,184
1,<environment.Job instance at 0x7fd19cef5780>,69,12,[6 3],70,200,212,130,184
1,<environment.Job instance at 0x7fd19cef5c30>,70,3,[5 2],71,188,191,117,184
1,<environment.Job instance at 0x7fd19cef5730>,72,2,[6 5],73,212,214,139,186
1,<environment.Job instance at 0x7fd19cef55f0>,73,16,[4 5],74,191,207,117,187
1,<environment.Job instance at 0x7fd19cef56e0>,71,3,[9 4],72,214,217,142,188
1,<environment.Job instance at 0x7fd19cef5f00>,76,1,[9 2],77,217,218,140,195
1,<environment.Job instance at 0x7fd19cef5d20>,77,2,[1 8],78,217,219,139,195
1,<environment.Job instance at 0x7fd19cef5500>,74,15,[2 6],75,219,234,144,207
1,<environment.Job instance at 0x7fd19cf235a0>,3,3,[4 6],4,4,7,0,4
1,<environment.Job instance at 0x7fd19cf2fbe0>,6,18,[8 3],7,8,26,1,8
1,<environment.Job instance at 0x7fd19cf2ff00>,7,3,[10  5],8,26,29,18,9
1,<environment.Job instance at 0x7fd1e81abeb0>,10,12,[3 8],11,29,41,18,13
1,<environment.Job instance at 0x7fd19d04f460>,19,18,[5 2],20,35,53,15,35
1,<environment.Job instance at 0x7fd19d04ff00>,21,15,[5 7],22,41,56,19,40
1,<environment.Job instance at 0x7fd19d04f190>,22,17,[8 2],23,56,73,33,44
1,<environment.Job instance at 0x7fd19cfcd050>,28,2,[3 5],29,73,75,44,56
1,<environment.Job instance at 0x7fd19cf44fa0>,31,13,[1 7],32,75,88,43,62
1,<environment.Job instance at 0x7fd19cf44f00>,35,3,[8 3],36,78,81,42,78
1,<environment.Job instance at 0x7fd19cf440a0>,36,16,[2 9],37,88,104,51,78
1,<environment.Job instance at 0x7fd19cf44960>,41,16,[4 5],42,104,120,62,93
1,<environment.Job instance at 0x7fd19cf44c80>,33,14,[5 6],34,120,134,86,105
1,<environment.Job instance at 0x7fd19d02e870>,48,16,[9 2],49,134,150,85,122
1,<environment.Job instance at 0x7fd1e0c50f50>,55,14,[6 1],56,150,164,94,138
1,<environment.Job instance at 0x7fd19d2df190>,58,3,[2 9],59,150,153,91,138
1,<environment.Job instance at 0x7fd19d2df2d0>,60,12,[10  5],61,164,176,103,148
1,<environment.Job instance at 0x7fd19cf446e0>,45,1,[1 6],46,158,159,112,158
1,<environment.Job instance at 0x7fd19cf44140>,43,18,[1 6],44,180,198,136,180
1,<environment.Job instance at 0x7fd19cf44910>,42,27,[8 3],43,184,211,141,184
1,<environment.Job instance at 0x7fd19d2dfd70>,75,17,[ 5 10],76,211,228,135,205
1,<environment.Job instance at 0x7fd1e0bd2be0>,77,1,[7 2],78,228,229,150,205
1,<environment.Job instance at 0x7fd19d2df280>,73,1,[5 8],74,229,230,155,212
1,<environment.Job instance at 0x7fd1e0bd2410>,81,1,[3 6],82,228,229,146,212
1,<environment.Job instance at 0x7fd19d04fbe0>,1,15,[7 1],2,2,17,0,2
1,<environment.Job instance at 0x7fd1e0f15460>,8,3,[3 7],9,9,12,0,9
1,<environment.Job instance at 0x7fd1e0dbae10>,9,3,[5 8],10,17,20,7,10
1,<environment.Job instance at 0x7fd1e112a190>,10,15,[2 5],11,20,35,9,11
1,<environment.Job instance at 0x7fd1e0c20c30>,12,17,[4 5],13,20,37,7,13
1,<environment.Job instance at 0x7fd1e0c9ac80>,17,16,[7 2],18,37,53,19,26
1,<environment.Job instance at 0x7fd19d32d8c0>,22,16,[10  4],23,53,69,30,40
1,<environment.Job instance at 0x7fd19d32dcd0>,29,18,[5 8],30,69,87,39,69
1,<environment.Job instance at 0x7fd19d32dfa0>,31,15,[8 1],32,87,102,55,73
1,<environment.Job instance at 0x7fd19ce34050>,32,13,[1 5],33,87,100,54,75
1,<environment.Job instance at 0x7fd19ce34320>,36,18,[ 5 10],37,102,120,65,91
1,<environment.Job instance at 0x7fd19ce348c0>,45,1,[5 4],46,120,121,74,108
1,<environment.Job instance at 0x7fd1e0c9aeb0>,15,17,[8 2],16,121,138,105,109
1,<environment.Job instance at 0x7fd19ce34c30>,48,15,[2 8],49,121,136,72,111
1,<environment.Job instance at 0x7fd19ce34dc0>,52,17,[8 1],53,138,155,85,126
1,<environment.Job instance at 0x7fd19ce370a0>,56,3,[6 3],57,155,158,98,136
1,<environment.Job instance at 0x7fd19ce34a00>,47,1,[6 2],48,158,159,110,155
1,<environment.Job instance at 0x7fd19ce37410>,61,12,[1 6],62,155,167,93,155
1,<environment.Job instance at 0x7fd19ce37550>,63,3,[5 7],64,167,170,103,160
1,<environment.Job instance at 0x7fd19ce37870>,68,16,[1 7],69,170,186,101,169
1,<environment.Job instance at 0x7fd19ce37c80>,69,18,[8 2],70,170,188,100,169
1,<environment.Job instance at 0x7fd19ce37f50>,73,17,[4 7],74,188,205,114,176
1,<environment.Job instance at 0x7fd19ce372d0>,59,18,[3 8],60,205,223,145,201
1,<environment.Job instance at 0x7fd19ce398c0>,85,18,[4 9],86,223,241,137,213
1,<environment.Job instance at 0x7fd19d2e0fa0>,0,17,[10  2],1,2,19,1,2
1,<environment.Job instance at 0x7fd1e355f410>,6,14,[8 4],7,19,33,12,9
1,<environment.Job instance at 0x7fd1e355fe60>,13,1,[5 5],14,33,34,19,14
1,<environment.Job instance at 0x7fd1e355ff50>,9,3,[3 7],10,34,37,24,16
1,<environment.Job instance at 0x7fd1e355fd20>,12,18,[6 2],13,34,52,21,23
1,<environment.Job instance at 0x7fd1e0ada780>,21,14,[3 6],22,37,51,15,23
1,<environment.Job instance at 0x7fd1e0adac30>,23,1,[1 6],24,51,52,27,49
1,<environment.Job instance at 0x7fd1e0ada4b0>,26,15,[10  3],27,54,69,27,54
1,<environment.Job instance at 0x7fd1e0ada1e0>,27,15,[9 1],28,69,84,41,57
1,<environment.Job instance at 0x7fd1e0adaa00>,30,13,[5 4],31,84,97,53,68
1,<environment.Job instance at 0x7fd1e0ad4550>,32,3,[9 5],33,97,100,64,71
1,<environment.Job instance at 0x7fd1e0ad4690>,39,17,[6 2],40,100,117,60,88
1,<environment.Job instance at 0x7fd1e0ad4230>,42,12,[6 2],43,117,129,74,100
1,<environment.Job instance at 0x7fd1e0ad46e0>,46,16,[8 2],47,129,145,82,116
1,<environment.Job instance at 0x7fd1e0ad42d0>,49,16,[7 4],50,145,161,95,133
1,<environment.Job instance at 0x7fd1e33c3e10>,52,12,[7 2],53,161,173,108,149
1,<environment.Job instance at 0x7fd1e33c34b0>,55,13,[5 7],56,173,186,117,157
1,<environment.Job instance at 0x7fd1e0ada640>,29,17,[5 2],30,173,190,143,162
1,<environment.Job instance at 0x7fd1e33c3370>,64,2,[2 7],65,163,165,98,163
1,<environment.Job instance at 0x7fd1e33c3910>,65,15,[5 6],66,186,201,120,172
1,<environment.Job instance at 0x7fd1e0aba0f0>,69,1,[5 5],70,201,202,131,184
1,<environment.Job instance at 0x7fd1e33c3dc0>,70,16,[5 4],71,190,206,119,185
1,<environment.Job instance at 0x7fd1e318ef50>,71,17,[ 4 10],72,206,223,134,194
1,<environment.Job instance at 0x7fd1e318e9b0>,75,2,[8 3],76,223,225,147,206
1,<environment.Job instance at 0x7fd1e318e370>,76,14,[6 5],77,225,239,148,210
1,<environment.Job instance at 0x7fd1e0ad31e0>,67,14,[7 2],68,239,253,171,225
1,<environment.Job instance at 0x7fd1e37dc8c0>,6,12,[4 8],7,8,20,1,8
1,<environment.Job instance at 0x7fd19d081d20>,8,12,[7 5],9,20,32,11,9
1,<environment.Job instance at 0x7fd1e35cba50>,9,12,[1 9],10,32,44,22,15
1,<environment.Job instance at 0x7fd1e0cdb500>,14,12,[1 5],15,20,32,5,18
1,<environment.Job instance at 0x7fd1e0fe8640>,19,3,[3 7],20,44,47,24,30
1,<environment.Job instance at 0x7fd1e0cdbd70>,11,2,[4 5],12,47,49,35,32
1,<environment.Job instance at 0x7fd1e0fe8aa0>,16,12,[6 4],17,47,59,30,32
1,<environment.Job instance at 0x7fd19d2df4b0>,22,12,[8 3],23,59,71,36,42
1,<environment.Job instance at 0x7fd1e0c17c30>,24,1,[4 7],25,71,72,46,44
1,<environment.Job instance at 0x7fd1e0fe8af0>,21,3,[5 4],22,72,75,50,46
1,<environment.Job instance at 0x7fd19d1b77d0>,29,14,[9 4],30,75,89,45,61
1,<environment.Job instance at 0x7fd1e0a50820>,37,13,[4 7],38,89,102,51,77
1,<environment.Job instance at 0x7fd1e0b12fa0>,41,17,[10  5],42,102,119,60,90
1,<environment.Job instance at 0x7fd19d479820>,28,14,[4 5],29,119,133,90,104
1,<environment.Job instance at 0x7fd1e0b12550>,49,18,[5 2],50,119,137,69,108
1,<environment.Job instance at 0x7fd19d4ac870>,58,15,[6 2],59,137,152,78,123
1,<environment.Job instance at 0x7fd1e0ef4e10>,62,14,[8 5],63,152,166,89,141
1,<environment.Job instance at 0x7fd1e0bb1f00>,67,3,[4 6],68,166,169,98,159
1,<environment.Job instance at 0x7fd1e0bb1eb0>,68,16,[8 4],69,169,185,100,161
1,<environment.Job instance at 0x7fd1e09fad70>,72,1,[6 5],73,185,186,112,170
1,<environment.Job instance at 0x7fd1e09fa9b0>,74,13,[7 3],75,186,199,111,170
1,<environment.Job instance at 0x7fd19d25a690>,80,15,[3 8],81,200,215,119,200
1,<environment.Job instance at 0x7fd1e0fe82d0>,4,18,[3 6],5,16,34,11,16
1,<environment.Job instance at 0x7fd19d2df140>,7,2,[4 6],8,34,36,26,16
1,<environment.Job instance at 0x7fd1e09954b0>,15,17,[6 3],16,20,37,4,20
1,<environment.Job instance at 0x7fd1e0c828c0>,10,17,[5 8],11,37,54,26,25
1,<environment.Job instance at 0x7fd1e0b2ad70>,21,17,[2 9],22,54,71,32,42
1,<environment.Job instance at 0x7fd1e0995b40>,16,14,[10  1],17,72,86,55,72
1,<environment.Job instance at 0x7fd1e0b223c0>,32,13,[9 2],33,86,99,53,77
1,<environment.Job instance at 0x7fd1e0b22780>,33,1,[5 7],34,99,100,65,77
1,<environment.Job instance at 0x7fd1e0b221e0>,34,1,[ 1 10],35,100,101,65,81
1,<environment.Job instance at 0x7fd1e0b22730>,35,1,[9 5],36,101,102,65,82
1,<environment.Job instance at 0x7fd1e0b225f0>,38,3,[9 3],39,102,105,63,84
1,<environment.Job instance at 0x7fd1e0b22870>,42,13,[ 3 10],43,105,118,62,91
1,<environment.Job instance at 0x7fd1e0b229b0>,39,13,[8 5],40,118,131,78,113
1,<environment.Job instance at 0x7fd1e0b18500>,51,12,[7 1],52,131,143,79,115
1,<environment.Job instance at 0x7fd1e0b188c0>,57,13,[5 3],58,143,156,85,143
1,<environment.Job instance at 0x7fd1e0b18a00>,59,13,[ 1 10],60,156,169,96,143
1,<environment.Job instance at 0x7fd1e0b18b40>,61,1,[3 5],62,148,149,86,148
1,<environment.Job instance at 0x7fd1e0b18be0>,62,3,[7 4],63,169,172,106,148
1,<environment.Job instance at 0x7fd1e0b18f00>,67,13,[5 8],68,172,185,104,166
1,<environment.Job instance at 0x7fd1e0b18fa0>,68,13,[5 5],69,185,198,116,169
1,<environment.Job instance at 0x7fd1e0b18e60>,66,18,[5 8],67,198,216,131,190
1,<environment.Job instance at 0x7fd1e0b325a0>,75,3,[2 6],76,216,219,140,190
1,<environment.Job instance at 0x7fd1e0b327d0>,78,1,[6 5],79,219,220,140,199
1,<environment.Job instance at 0x7fd1e0b18f50>,71,18,[8 1],72,220,238,148,209
1,<environment.Job instance at 0x7fd19d259fa0>,2,3,[7 1],3,3,6,0,3
1,<environment.Job instance at 0x7fd1e0b224b0>,6,14,[5 7],7,7,21,0,7
1,<environment.Job instance at 0x7fd19d42a190>,9,12,[1 6],10,21,33,11,11
1,<environment.Job instance at 0x7fd19d42a550>,12,15,[4 9],13,33,48,20,20
1,<environment.Job instance at 0x7fd1e3608af0>,19,14,[5 3],20,48,62,28,48
1,<environment.Job instance at 0x7fd1e104ee60>,24,14,[5 8],25,62,76,37,49
1,<environment.Job instance at 0x7fd1e7f796e0>,39,15,[4 7],40,124,139,84,124
1,<environment.Job instance at 0x7fd19d34efa0>,42,17,[5 9],43,139,156,96,127
1,<environment.Job instance at 0x7fd19d34ecd0>,44,15,[8 2],45,156,171,111,154
1,<environment.Job instance at 0x7fd1e3433550>,47,18,[5 5],48,171,189,123,160
1,<environment.Job instance at 0x7fd1e80625f0>,55,13,[ 5 10],56,199,212,143,199
1,<environment.Job instance at 0x7fd1e8062730>,56,3,[3 9],57,212,215,155,199
1,<environment.Job instance at 0x7fd1e8068320>,60,3,[10  2],61,215,218,154,202
1,<environment.Job instance at 0x7fd1e8062b90>,61,1,[2 8],62,218,219,156,202
1,<environment.Job instance at 0x7fd1e341cb90>,62,14,[3 8],63,219,233,156,204
1,<environment.Job instance at 0x7fd1e0d7c2d0>,68,15,[3 9],69,233,248,164,233
1,<environment.Job instance at 0x7fd1e3719e60>,1,17,[7 4],2,2,19,0,2
1,<environment.Job instance at 0x7fd19d330d20>,2,15,[3 6],3,3,18,0,3
1,<environment.Job instance at 0x7fd19d1f9b40>,8,1,[3 8],9,19,20,10,9
1,<environment.Job instance at 0x7fd19d1f92d0>,9,1,[10  3],10,20,21,10,10
1,<environment.Job instance at 0x7fd1e33d3460>,10,1,[3 6],11,18,19,7,12
1,<environment.Job instance at 0x7fd1e33d3550>,12,13,[9 3],13,21,34,8,13
1,<environment.Job instance at 0x7fd1e33d3fa0>,13,2,[5 9],14,34,36,20,14
1,<environment.Job instance at 0x7fd19d1b1cd0>,21,15,[7 2],22,36,51,14,31
1,<environment.Job instance at 0x7fd1e3200460>,22,3,[2 8],23,36,39,13,31
1,<environment.Job instance at 0x7fd1e3200f50>,23,2,[6 4],24,51,53,27,31
1,<environment.Job instance at 0x7fd1e3200550>,24,1,[7 5],25,53,54,28,31
1,<environment.Job instance at 0x7fd1e0f0b280>,28,16,[10  1],29,54,70,25,41
1,<environment.Job instance at 0x7fd19d320960>,35,18,[9 1],36,70,88,34,59
1,<environment.Job instance at 0x7fd1e0b0e5a0>,42,12,[5 5],43,88,100,45,71
1,<environment.Job instance at 0x7fd1e0d03960>,52,2,[6 5],53,103,105,50,103
1,<environment.Job instance at 0x7fd19d4f5820>,16,15,[10  2],17,105,120,88,103
1,<environment.Job instance at 0x7fd19d2995a0>,53,3,[4 7],54,120,123,66,105
1,<environment.Job instance at 0x7fd1e0d03e10>,51,12,[ 1 10],52,123,135,71,107
1,<environment.Job instance at 0x7fd19d1bf5f0>,62,3,[8 1],63,135,138,72,120
1,<environment.Job instance at 0x7fd1e10c7320>,63,17,[7 4],64,138,155,74,126
1,<environment.Job instance at 0x7fd1e341ccd0>,68,16,[6 5],69,155,171,86,142
1,<environment.Job instance at 0x7fd1e0efbf50>,73,14,[4 9],74,171,185,97,156
1,<environment.Job instance at 0x7fd19d299b90>,54,17,[5 4],55,185,202,130,173
1,<environment.Job instance at 0x7fd19d4059b0>,81,18,[5 5],82,185,203,103,179
1,<environment.Job instance at 0x7fd19d4058c0>,82,14,[5 7],83,203,217,120,188
1,<environment.Job instance at 0x7fd19cecd5f0>,84,16,[4 7],85,217,233,132,204
1,<environment.Job instance at 0x7fd1e34ec820>,2,3,[7 5],3,3,6,0,3
1,<environment.Job instance at 0x7fd1e394e5a0>,6,2,[1 9],7,8,10,1,8
1,<environment.Job instance at 0x7fd1e3366dc0>,8,13,[ 5 10],9,10,23,1,9
1,<environment.Job instance at 0x7fd19d003b90>,9,3,[ 4 10],10,23,26,13,10
1,<environment.Job instance at 0x7fd19d18f0a0>,11,1,[10  4],12,26,27,14,15
1,<environment.Job instance at 0x7fd1e371c870>,13,18,[8 1],14,27,45,13,16
1,<environment.Job instance at 0x7fd1e371c050>,16,13,[5 6],17,45,58,28,29
1,<environment.Job instance at 0x7fd1e371c0f0>,17,3,[1 6],18,29,32,11,29
1,<environment.Job instance at 0x7fd1e371c500>,14,13,[4 6],15,58,71,43,42
1,<environment.Job instance at 0x7fd19cec0a50>,26,14,[6 1],27,64,78,37,64
1,<environment.Job instance at 0x7fd19cec0b90>,28,2,[3 9],29,71,73,42,69
1,<environment.Job instance at 0x7fd1e37caf50>,21,2,[9 4],22,78,80,56,69
1,<environment.Job instance at 0x7fd19cec0e10>,30,18,[7 3],31,80,98,49,69
1,<environment.Job instance at 0x7fd19cec0690>,31,2,[1 5],32,73,75,41,73
1,<environment.Job instance at 0x7fd19cece550>,38,17,[3 8],39,98,115,59,87
1,<environment.Job instance at 0x7fd19cece690>,42,3,[5 9],43,115,118,72,89
1,<environment.Job instance at 0x7fd19cec0780>,20,2,[3 9],21,118,120,97,95
1,<environment.Job instance at 0x7fd19cece410>,39,15,[ 5 10],40,120,135,80,106
1,<environment.Job instance at 0x7fd19cececd0>,48,3,[1 9],49,135,138,86,127
1,<environment.Job instance at 0x7fd19cece7d0>,43,18,[9 2],44,138,156,94,128
1,<environment.Job instance at 0x7fd19ceced70>,49,15,[6 5],50,156,171,106,142
1,<environment.Job instance at 0x7fd19cece820>,54,16,[3 9],55,171,187,116,160
1,<environment.Job instance at 0x7fd19cee8410>,59,16,[8 5],60,187,203,127,174
1,<environment.Job instance at 0x7fd19cee84b0>,60,1,[9 3],61,203,204,142,175
1,<environment.Job instance at 0x7fd19cee8550>,61,1,[4 6],62,204,205,142,176
1,<environment.Job instance at 0x7fd19cee8640>,64,1,[4 7],65,205,206,140,179
1,<environment.Job instance at 0x7fd19cee8a50>,67,2,[8 2],68,206,208,138,188
1,<environment.Job instance at 0x7fd19cee8aa0>,68,3,[9 2],69,208,211,139,188
1,<environment.Job instance at 0x7fd19cee8be0>,70,2,[7 3],71,211,213,140,192
1,<environment.Job instance at 0x7fd19cee8e60>,71,12,[10  4],72,213,225,141,196
1,<environment.Job instance at 0x7fd19cebc410>,79,1,[5 5],80,225,226,145,206
1,<environment.Job instance at 0x7fd19cebc5a0>,80,3,[4 8],81,226,229,145,209
1,<environment.Job instance at 0x7fd19cebc5f0>,82,13,[7 3],83,229,242,146,213
1,<environment.Job instance at 0x7fd19cebc640>,1,15,[10  5],2,2,17,0,2
1,<environment.Job instance at 0x7fd1e38bb190>,2,18,[10  1],3,17,35,14,6
1,<environment.Job instance at 0x7fd1e38e1dc0>,25,15,[10  1],26,35,50,9,30
1,<environment.Job instance at 0x7fd19d330f50>,27,15,[ 3 10],28,50,65,22,36
1,<environment.Job instance at 0x7fd19d330eb0>,30,3,[10  4],31,65,68,34,56
1,<environment.Job instance at 0x7fd19d330730>,31,17,[5 6],32,68,85,36,56
1,<environment.Job instance at 0x7fd19d18f550>,13,18,[ 3 10],14,85,103,71,74
1,<environment.Job instance at 0x7fd1e09e9230>,40,2,[4 9],41,103,105,62,85
1,<environment.Job instance at 0x7fd19d36a4b0>,47,12,[ 3 10],48,105,117,57,100
1,<environment.Job instance at 0x7fd19d525960>,53,12,[5 9],54,117,129,63,112
1,<environment.Job instance at 0x7fd19d003820>,54,16,[1 8],55,129,145,74,116
1,<environment.Job instance at 0x7fd19d00b280>,5,12,[5 9],6,170,182,164,170
1,<environment.Job instance at 0x7fd19d4f5af0>,62,3,[5 8],63,182,185,119,170
1,<environment.Job instance at 0x7fd19d330f00>,32,16,[10  1],33,185,201,152,174
1,<environment.Job instance at 0x7fd1e10c76e0>,65,12,[10  3],66,201,213,135,184
1,<environment.Job instance at 0x7fd1e0dbcf00>,73,14,[5 6],74,213,227,139,207
1,<environment.Job instance at 0x7fd1e0dbc5f0>,74,15,[6 4],75,227,242,152,213
1,<environment.Job instance at 0x7fd1e337e640>,3,18,[6 1],4,4,22,0,4
1,<environment.Job instance at 0x7fd1e337e320>,7,17,[3 7],8,9,26,1,9
1,<environment.Job instance at 0x7fd1e10ae1e0>,11,12,[4 8],12,26,38,14,13
1,<environment.Job instance at 0x7fd1e10ae370>,17,2,[10  1],18,38,40,20,18
1,<environment.Job instance at 0x7fd19cd74be0>,20,13,[5 8],21,40,53,19,24
1,<environment.Job instance at 0x7fd19cd74780>,24,2,[7 4],25,53,55,28,38
1,<environment.Job instance at 0x7fd19cd74b90>,25,12,[3 5],26,53,65,27,38
1,<environment.Job instance at 0x7fd19cd749b0>,23,16,[5 8],24,65,81,41,52
1,<environment.Job instance at 0x7fd1e38f9190>,39,12,[ 5 10],40,81,93,41,64
1,<environment.Job instance at 0x7fd1e38f9f00>,43,14,[ 1 10],44,93,107,49,78
1,<environment.Job instance at 0x7fd1e38f97d0>,52,18,[1 9],53,137,155,84,137
1,<environment.Job instance at 0x7fd19cd74d20>,27,14,[6 2],28,155,169,127,140
1,<environment.Job instance at 0x7fd19d2eadc0>,57,13,[ 2 10],58,169,182,111,169
1,<environment.Job instance at 0x7fd19d177d70>,60,14,[5 7],61,182,196,121,171
1,<environment.Job instance at 0x7fd19d177640>,64,15,[9 5],65,196,211,131,187
1,<environment.Job instance at 0x7fd1e0b1d8c0>,74,13,[1 9],75,211,224,136,207
1,<environment.Job instance at 0x7fd1e38f90f0>,46,13,[2 9],47,224,237,177,208
1,<environment.Job instance at 0x7fd1e0b1dd70>,79,13,[9 5],80,237,250,157,221
1,<environment.Job instance at 0x7fd1e09fa820>,7,15,[2 5],8,9,24,1,9
1,<environment.Job instance at 0x7fd19cca1d70>,8,1,[5 9],9,24,25,15,10
1,<environment.Job instance at 0x7fd1e0bff690>,9,3,[6 3],10,10,13,0,10
1,<environment.Job instance at 0x7fd19d51c0f0>,10,12,[8 4],11,25,37,14,13
1,<environment.Job instance at 0x7fd19cd561e0>,12,2,[7 4],13,20,22,7,20
1,<environment.Job instance at 0x7fd19d3ea280>,13,18,[8 3],14,37,55,23,26
1,<environment.Job instance at 0x7fd19cc9bcd0>,18,2,[5 6],19,55,57,36,29
1,<environment.Job instance at 0x7fd19cc9b320>,17,3,[3 6],18,57,60,39,39
1,<environment.Job instance at 0x7fd1e0b00d20>,24,1,[8 1],25,60,61,35,39
1,<environment.Job instance at 0x7fd1e0b00fa0>,23,2,[2 6],24,42,44,18,42
1,<environment.Job instance at 0x7fd1e0b00aa0>,27,17,[8 3],28,61,78,33,49
1,<environment.Job instance at 0x7fd1e0b008c0>,25,18,[4 5],26,78,96,52,67
1,<environment.Job instance at 0x7fd1e0ad4460>,36,15,[3 5],37,78,93,41,73
1,<environment.Job instance at 0x7fd1e0af5aa0>,31,15,[3 7],32,96,111,64,82
1,<environment.Job instance at 0x7fd1e342ef00>,43,2,[5 7],44,111,113,67,85
1,<environment.Job instance at 0x7fd1e3432190>,45,18,[10  4],46,113,131,67,102
1,<environment.Job instance at 0x7fd1e3293870>,51,17,[8 2],52,131,148,79,119
1,<environment.Job instance at 0x7fd19ce3caf0>,52,12,[4 6],53,148,160,95,132
1,<environment.Job instance at 0x7fd19d1135f0>,55,12,[5 2],56,148,160,92,132
1,<environment.Job instance at 0x7fd19d38beb0>,58,2,[6 2],59,160,162,101,141
1,<environment.Job instance at 0x7fd19cc528c0>,59,14,[6 4],60,162,176,102,147
1,<environment.Job instance at 0x7fd19cc52d20>,57,17,[2 7],58,176,193,118,164
1,<environment.Job instance at 0x7fd1e0eb5a00>,68,2,[1 7],69,193,195,124,180
1,<environment.Job instance at 0x7fd1e3587be0>,69,1,[5 6],70,195,196,125,180
1,<environment.Job instance at 0x7fd19d39f230>,44,18,[9 2],45,196,214,151,185
1,<environment.Job instance at 0x7fd1e3587190>,70,17,[1 5],71,196,213,125,187
1,<environment.Job instance at 0x7fd1e0b069b0>,66,12,[6 4],67,214,226,147,197
1,<environment.Job instance at 0x7fd1e3289910>,79,16,[6 3],80,226,242,146,213
1,<environment.Job instance at 0x7fd1e3289690>,0,18,[7 1],1,1,19,0,1
1,<environment.Job instance at 0x7fd1e3754370>,5,2,[4 8],6,19,21,13,9
1,<environment.Job instance at 0x7fd19d0d1cd0>,8,3,[1 7],9,12,15,3,12
1,<environment.Job instance at 0x7fd19d28fe10>,7,21,[5 3],8,21,42,13,13
1,<environment.Job instance at 0x7fd19ce64500>,6,22,[3 7],7,21,43,14,17
1,<environment.Job instance at 0x7fd19ce07cd0>,13,12,[2 8],14,43,55,29,27
1,<environment.Job instance at 0x7fd19d29e1e0>,11,14,[9 4],12,55,69,43,40
1,<environment.Job instance at 0x7fd19cddb0f0>,27,16,[2 6],28,69,85,41,56
1,<environment.Job instance at 0x7fd19cddb6e0>,28,17,[7 4],29,69,86,40,57
1,<environment.Job instance at 0x7fd1e81a6320>,33,18,[3 7],34,86,104,52,75
1,<environment.Job instance at 0x7fd19cf48d70>,44,18,[2 9],45,108,126,63,108
1,<environment.Job instance at 0x7fd19cdb0f50>,24,13,[3 8],25,131,144,106,131
1,<environment.Job instance at 0x7fd19d2df5f0>,46,3,[7 1],47,133,136,86,133
1,<environment.Job instance at 0x7fd19cdf6640>,18,18,[1 8],19,144,162,125,138
1,<environment.Job instance at 0x7fd19d2df910>,53,12,[10  3],54,162,174,108,147
1,<environment.Job instance at 0x7fd1e0f85cd0>,65,22,[6 4],66,181,203,115,181
1,<environment.Job instance at 0x7fd1e7d114b0>,16,28,[7 3],17,222,250,205,222
1,<environment.Job instance at 0x7fd1e1077960>,3,12,[5 8],4,4,16,0,4
1,<environment.Job instance at 0x7fd1e7d114b0>,10,2,[ 3 10],11,16,18,5,11
1,<environment.Job instance at 0x7fd19cc021e0>,11,16,[5 4],12,18,34,6,12
1,<environment.Job instance at 0x7fd19cc020a0>,12,18,[2 9],13,34,52,21,23
1,<environment.Job instance at 0x7fd19cc025a0>,15,13,[6 3],16,52,65,36,37
1,<environment.Job instance at 0x7fd19cc02730>,18,1,[1 5],19,52,53,33,38
1,<environment.Job instance at 0x7fd19cc02f50>,27,3,[5 5],28,65,68,37,40
1,<environment.Job instance at 0x7fd19cc02b90>,25,13,[4 8],26,68,81,42,52
1,<environment.Job instance at 0x7fd19cc15460>,33,12,[9 5],34,81,93,47,64
1,<environment.Job instance at 0x7fd19cc15d70>,36,14,[5 5],37,93,107,56,78
1,<environment.Job instance at 0x7fd19cc15410>,38,16,[7 5],39,107,123,68,96
1,<environment.Job instance at 0x7fd1e3700910>,55,15,[7 2],56,123,138,67,109
1,<environment.Job instance at 0x7fd19cc15b90>,35,14,[5 8],36,138,152,102,125
1,<environment.Job instance at 0x7fd1e3700f00>,58,15,[8 5],59,152,167,93,150
1,<environment.Job instance at 0x7fd19cc02910>,26,16,[5 6],27,167,183,140,155
1,<environment.Job instance at 0x7fd1e3700730>,59,13,[5 1],60,167,180,107,155
1,<environment.Job instance at 0x7fd1e3700550>,66,15,[3 6],67,183,198,116,169
1,<environment.Job instance at 0x7fd1e3700690>,71,17,[6 1],72,183,200,111,173
1,<environment.Job instance at 0x7fd19cc31640>,78,18,[8 4],79,200,218,121,200
1,<environment.Job instance at 0x7fd19cc31140>,79,18,[2 5],80,200,218,120,200
1,<environment.Job instance at 0x7fd19cc31a50>,81,3,[5 7],82,218,221,136,205
1,<environment.Job instance at 0x7fd1e1077780>,0,17,[10  5],1,4,21,3,4
1,<environment.Job instance at 0x7fd1e378c7d0>,5,17,[9 4],6,21,38,15,9
1,<environment.Job instance at 0x7fd19d1e7050>,20,15,[5 9],21,38,53,17,24
1,<environment.Job instance at 0x7fd19d1e74b0>,22,17,[5 3],23,53,70,30,41
1,<environment.Job instance at 0x7fd19d1e7190>,25,14,[1 5],26,53,67,27,43
1,<environment.Job instance at 0x7fd19d1d68c0>,29,14,[ 5 10],30,70,84,40,55
1,<environment.Job instance at 0x7fd19d492e10>,8,14,[10  3],9,84,98,75,71
1,<environment.Job instance at 0x7fd19d1d61e0>,37,3,[9 3],38,98,101,60,72
1,<environment.Job instance at 0x7fd19d1d6690>,36,15,[6 4],37,101,116,64,87
1,<environment.Job instance at 0x7fd19d5377d0>,43,16,[10  5],44,116,132,72,107
1,<environment.Job instance at 0x7fd19d53a320>,47,3,[2 7],48,132,135,84,107
1,<environment.Job instance at 0x7fd19d53a550>,49,2,[1 8],50,135,137,85,108
1,<environment.Job instance at 0x7fd1e37dbf50>,51,1,[5 3],52,132,133,80,110
1,<environment.Job instance at 0x7fd1e37be9b0>,54,1,[1 9],55,137,138,82,114
1,<environment.Job instance at 0x7fd19cfe3870>,55,2,[ 3 10],56,138,140,82,117
1,<environment.Job instance at 0x7fd19d1d66e0>,42,14,[1 7],43,140,154,97,131
1,<environment.Job instance at 0x7fd1e1077f00>,3,14,[8 3],4,140,154,136,132
1,<environment.Job instance at 0x7fd1e37d91e0>,64,14,[ 1 10],65,154,168,89,150
1,<environment.Job instance at 0x7fd1e37d9370>,66,2,[5 9],67,168,170,101,152
1,<environment.Job instance at 0x7fd1e37d97d0>,68,2,[6 5],69,170,172,101,152
1,<environment.Job instance at 0x7fd1e37e8f50>,71,15,[4 5],72,170,185,98,156
1,<environment.Job instance at 0x7fd1e37e8af0>,73,13,[5 1],74,172,185,98,167
1,<environment.Job instance at 0x7fd1e37e8f00>,74,13,[6 3],75,185,198,110,169
1,<environment.Job instance at 0x7fd1e37d98c0>,62,3,[2 8],63,198,201,135,173
1,<environment.Job instance at 0x7fd1e37e8730>,75,15,[10  3],76,201,216,125,187
1,<environment.Job instance at 0x7fd1e3323af0>,81,16,[ 4 10],82,216,232,134,203
1,<environment.Job instance at 0x7fd19ccc8050>,3,17,[9 1],4,5,22,1,5
1,<environment.Job instance at 0x7fd1e3944c80>,8,2,[9 5],9,22,24,13,11
1,<environment.Job instance at 0x7fd19cc3f690>,11,18,[5 9],12,24,42,12,13
1,<environment.Job instance at 0x7fd19ccfac30>,10,1,[5 1],11,24,25,13,13
1,<environment.Job instance at 0x7fd19cc3fc30>,12,14,[9 2],13,42,56,29,27
1,<environment.Job instance at 0x7fd19cccd0a0>,19,17,[7 1],20,56,73,36,44
1,<environment.Job instance at 0x7fd19cccd500>,23,15,[3 8],24,56,71,32,45
1,<environment.Job instance at 0x7fd1e3703960>,28,3,[10  1],29,73,76,44,47
1,<environment.Job instance at 0x7fd1e81ae910>,30,1,[5 7],31,76,77,45,48
1,<environment.Job instance at 0x7fd19cf88d70>,36,14,[5 9],37,81,95,44,81
1,<environment.Job instance at 0x7fd19cf88be0>,38,1,[3 6],39,95,96,56,83
1,<environment.Job instance at 0x7fd19cf88eb0>,39,1,[8 3],40,96,97,56,83
1,<environment.Job instance at 0x7fd19cf88fa0>,40,2,[5 9],41,97,99,56,83
1,<environment.Job instance at 0x7fd19cf885a0>,41,12,[7 4],42,99,111,57,85
1,<environment.Job instance at 0x7fd1e0ebae60>,43,1,[ 3 10],44,111,112,67,88
1,<environment.Job instance at 0x7fd19d119230>,47,12,[7 5],48,112,124,64,95
1,<environment.Job instance at 0x7fd19d38b370>,48,2,[9 5],49,124,126,75,97
1,<environment.Job instance at 0x7fd19d38bb40>,50,1,[7 1],51,126,127,75,98
1,<environment.Job instance at 0x7fd19d38bc80>,53,14,[2 7],54,126,140,72,111
1,<environment.Job instance at 0x7fd1e38f9870>,57,14,[7 2],58,127,141,69,122
1,<environment.Job instance at 0x7fd1e09931e0>,59,17,[1 7],60,140,157,80,130
1,<environment.Job instance at 0x7fd1e0ebaaf0>,44,13,[8 2],45,141,154,96,132
1,<environment.Job instance at 0x7fd1e0993f50>,63,15,[1 5],64,157,172,93,143
1,<environment.Job instance at 0x7fd1e0993fa0>,65,18,[6 1],66,154,172,88,143
1,<environment.Job instance at 0x7fd1e388ba00>,66,15,[4 7],67,172,187,105,158
1,<environment.Job instance at 0x7fd19cc28be0>,71,3,[8 5],72,187,190,115,173
1,<environment.Job instance at 0x7fd1e33ee780>,73,15,[7 2],74,190,205,116,176
1,<environment.Job instance at 0x7fd19d39f0a0>,78,17,[3 6],79,190,207,111,179
1,<environment.Job instance at 0x7fd1e09937d0>,62,18,[ 1 10],63,207,225,144,196
1,<environment.Job instance at 0x7fd1e3409410>,84,2,[10  4],85,225,227,140,198
1,<environment.Job instance at 0x7fd1e0c2c820>,85,2,[6 1],86,205,207,119,203
1,<environment.Job instance at 0x7fd1e0c02190>,88,1,[4 7],89,227,228,138,203
1,<environment.Job instance at 0x7fd1e0c021e0>,89,3,[6 5],90,228,231,138,203
1,<environment.Job instance at 0x7fd1e0c2c0f0>,87,3,[2 5],88,228,231,140,205
1,<environment.Job instance at 0x7fd19d5bf5a0>,2,16,[7 2],3,4,20,1,4
1,<environment.Job instance at 0x7fd1e0d42230>,4,1,[5 2],5,20,21,15,5
1,<environment.Job instance at 0x7fd1e0d58c80>,5,14,[ 2 10],6,21,35,15,6
1,<environment.Job instance at 0x7fd19cd4faf0>,15,14,[7 4],16,35,49,19,23
1,<environment.Job instance at 0x7fd1e37a40f0>,19,14,[6 4],20,49,63,29,46
1,<environment.Job instance at 0x7fd1e37a4550>,20,18,[1 7],21,63,81,42,52
1,<environment.Job instance at 0x7fd1e0d58320>,9,15,[8 5],10,81,96,71,69
1,<environment.Job instance at 0x7fd1e37a4500>,34,17,[7 2],35,111,128,76,111
1,<environment.Job instance at 0x7fd1e1087500>,35,3,[4 6],36,128,131,92,111
1,<environment.Job instance at 0x7fd1e1087aa0>,40,2,[ 2 10],41,142,144,101,142
1,<environment.Job instance at 0x7fd1e10870a0>,42,12,[8 1],43,144,156,101,142
1,<environment.Job instance at 0x7fd1e1087690>,43,3,[7 4],44,156,159,112,142
1,<environment.Job instance at 0x7fd1e1087dc0>,44,1,[1 8],45,144,145,99,142
1,<environment.Job instance at 0x7fd1e10873c0>,45,16,[1 9],46,159,175,113,146
1,<environment.Job instance at 0x7fd1e37a4f00>,29,18,[5 9],30,175,193,145,165
1,<environment.Job instance at 0x7fd1e38ba9b0>,60,12,[4 9],61,193,205,132,178
1,<environment.Job instance at 0x7fd19d4efaa0>,64,12,[8 5],65,205,217,140,192
1,<environment.Job instance at 0x7fd19d4ef140>,67,13,[7 4],68,217,230,149,202
1,<environment.Job instance at 0x7fd19d4efcd0>,80,3,[4 7],81,230,233,149,216
1,<environment.Job instance at 0x7fd19d4eff00>,81,3,[5 8],82,233,236,151,216
1,<environment.Job instance at 0x7fd19d4ef780>,82,2,[10  5],83,236,238,153,216
1,<environment.Job instance at 0x7fd1e0bfef00>,1,15,[5 5],2,2,17,0,2
1,<environment.Job instance at 0x7fd1e0bfe690>,4,17,[7 2],5,17,34,12,5
1,<environment.Job instance at 0x7fd19cb9d410>,13,1,[5 5],14,14,15,0,14
1,<environment.Job instance at 0x7fd19cb9d5a0>,14,1,[6 2],15,34,35,19,15
1,<environment.Job instance at 0x7fd1e354ba00>,10,2,[6 2],11,35,37,24,15
1,<environment.Job instance at 0x7fd19cb9deb0>,18,3,[9 2],19,37,40,18,19
1,<environment.Job instance at 0x7fd19d0e17d0>,24,14,[2 5],25,40,54,15,25
1,<environment.Job instance at 0x7fd19cb9d1e0>,17,17,[3 5],18,40,57,22,28
1,<environment.Job instance at 0x7fd19d0e1870>,25,3,[ 1 10],26,57,60,31,31
1,<environment.Job instance at 0x7fd19d2740a0>,28,3,[2 6],29,31,34,2,31
1,<environment.Job instance at 0x7fd19d274e10>,29,1,[5 4],30,54,55,24,31
1,<environment.Job instance at 0x7fd19d274050>,31,3,[3 5],32,34,37,2,32
1,<environment.Job instance at 0x7fd1e0ce7c80>,26,2,[6 4],27,55,57,28,43
1,<environment.Job instance at 0x7fd19d4caf00>,34,3,[5 7],35,60,63,25,44
1,<environment.Job instance at 0x7fd19d4caf50>,37,1,[ 3 10],38,63,64,25,49
1,<environment.Job instance at 0x7fd1e0ce7910>,27,18,[3 6],28,64,82,36,58
1,<environment.Job instance at 0x7fd1e0c48f50>,43,2,[5 4],44,64,66,20,58
1,<environment.Job instance at 0x7fd1e0c48fa0>,44,18,[2 6],45,82,100,37,73
1,<environment.Job instance at 0x7fd1e0c483c0>,47,3,[7 2],48,73,76,25,73
1,<environment.Job instance at 0x7fd1e0c48190>,42,21,[9 2],43,100,121,57,94
1,<environment.Job instance at 0x7fd1e0c1deb0>,53,2,[ 3 10],54,121,123,67,105
1,<environment.Job instance at 0x7fd1e0c1d640>,57,2,[3 5],58,123,125,65,105
1,<environment.Job instance at 0x7fd1e0c1d280>,59,1,[10  1],60,125,126,65,111
1,<environment.Job instance at 0x7fd1e0c1d460>,60,3,[2 7],61,126,129,65,111
1,<environment.Job instance at 0x7fd1e0c41f50>,61,2,[6 4],62,123,125,61,111
1,<environment.Job instance at 0x7fd1e0c410a0>,62,3,[10  5],63,129,132,66,111
1,<environment.Job instance at 0x7fd1e0c41af0>,63,1,[7 3],64,126,127,62,111
1,<environment.Job instance at 0x7fd1e0c413c0>,66,1,[10  1],67,132,133,65,111
1,<environment.Job instance at 0x7fd1e0c41460>,65,13,[4 8],66,133,146,67,117
1,<environment.Job instance at 0x7fd1e0c41640>,71,13,[8 5],72,146,159,74,130
1,<environment.Job instance at 0x7fd1e0c41320>,74,1,[3 8],75,159,160,84,136
1,<environment.Job instance at 0x7fd1e0c41e10>,75,1,[1 7],76,160,161,84,140
1,<environment.Job instance at 0x7fd1e0c41960>,76,13,[6 4],77,161,174,84,145
1,<environment.Job instance at 0x7fd1e0c34be0>,80,12,[5 2],81,174,186,93,161
1,<environment.Job instance at 0x7fd1e0c343c0>,78,2,[3 6],79,162,164,83,162
1,<environment.Job instance at 0x7fd1e0c2f5f0>,86,1,[ 2 10],87,186,187,99,168
1,<environment.Job instance at 0x7fd1e0c2f5a0>,88,3,[ 1 10],89,187,190,98,169
1,<environment.Job instance at 0x7fd1e0c2fa00>,89,1,[10  3],90,190,191,100,169
1,<environment.Job instance at 0x7fd1e0c2f910>,93,13,[3 6],94,191,204,97,187
1,<environment.Job instance at 0x7fd1e0c2f960>,94,17,[10  1],95,204,221,109,192
1,<environment.Job instance at 0x7f2453a31320>,4,13,[3 6],5,5,18,0,5
1,<environment.Job instance at 0x7f2453a315a0>,6,15,[2 8],7,18,33,11,7
1,<environment.Job instance at 0x7f2453a319b0>,11,3,[4 9],12,33,36,21,18
1,<environment.Job instance at 0x7f2453a31870>,9,12,[8 2],10,18,30,8,18
1,<environment.Job instance at 0x7f2453a31af0>,13,18,[5 9],14,36,54,22,29
1,<environment.Job instance at 0x7f2453a31d70>,17,12,[5 1],18,35,47,17,35
1,<environment.Job instance at 0x7f2453a31910>,10,22,[8 1],11,54,76,43,48
1,<environment.Job instance at 0x7f2453a33460>,25,2,[5 7],26,76,78,50,58
1,<environment.Job instance at 0x7f2453a31f00>,21,18,[9 4],22,91,109,69,91
1,<environment.Job instance at 0x7f2453a33280>,22,12,[3 8],23,109,121,86,93
1,<environment.Job instance at 0x7f2453a36320>,43,12,[4 5],44,121,133,77,119
1,<environment.Job instance at 0x7f2453a36460>,45,15,[7 5],46,133,148,87,125
1,<environment.Job instance at 0x7f2453a367d0>,49,17,[10  2],50,148,165,98,138
1,<environment.Job instance at 0x7f2453a36be0>,54,18,[7 1],55,165,183,110,155
1,<environment.Job instance at 0x7f2453a36c80>,58,17,[3 7],59,174,191,115,174
1,<environment.Job instance at 0x7f2453a35370>,63,12,[5 3],64,183,195,119,180
1,<environment.Job instance at 0x7f2453a355f0>,67,16,[1 9],68,195,211,127,182
1,<environment.Job instance at 0x7f2453a35730>,69,14,[9 4],70,211,225,141,197
1,<environment.Job instance at 0x7f2453a350a0>,78,14,[6 1],79,225,239,146,210
1,<environment.Job instance at 0x7f2453a3c1e0>,1,13,[3 8],2,2,15,0,2
1,<environment.Job instance at 0x7f2453a3e9b0>,2,18,[10  4],3,15,33,12,5
1,<environment.Job instance at 0x7f245ae6a230>,8,3,[4 6],9,33,36,24,9
1,<environment.Job instance at 0x7f245ae6ad20>,11,14,[ 3 10],12,36,50,24,21
1,<environment.Job instance at 0x7f245ae409b0>,22,1,[9 2],23,50,51,27,39
1,<environment.Job instance at 0x7f245ae40460>,24,1,[8 3],25,51,52,26,42
1,<environment.Job instance at 0x7f245ae400f0>,19,17,[5 7],20,52,69,32,42
1,<environment.Job instance at 0x7f245afb8690>,28,2,[9 1],29,69,71,40,59
1,<environment.Job instance at 0x7f245afa8fa0>,31,12,[5 4],32,71,83,39,64
1,<environment.Job instance at 0x7f245afb6500>,34,14,[10  5],35,83,97,48,81
1,<environment.Job instance at 0x7f245afb6c80>,38,2,[8 1],39,97,99,58,94
1,<environment.Job instance at 0x7f245afb6780>,39,14,[ 5 10],40,99,113,59,94
1,<environment.Job instance at 0x7f245afb6140>,42,3,[8 5],43,113,116,70,96
1,<environment.Job instance at 0x7f245afa9e10>,50,17,[3 5],51,135,152,84,135
1,<environment.Job instance at 0x7f245afa90f0>,51,18,[6 2],52,137,155,85,137
1,<environment.Job instance at 0x7f2453a3ec30>,4,12,[5 4],5,155,167,150,140
1,<environment.Job instance at 0x7f245afaeb40>,63,12,[1 9],64,167,179,103,157
1,<environment.Job instance at 0x7f2453a3c280>,3,2,[ 5 10],4,185,187,181,185
1,<environment.Job instance at 0x7f245afb5cd0>,66,3,[7 5],67,187,190,120,185
1,<environment.Job instance at 0x7f245afb5320>,71,14,[ 1 10],72,206,220,134,206
1,<environment.Job instance at 0x7f245afb2b90>,76,16,[6 5],77,225,241,148,225
1,<environment.Job instance at 0x7f2453a3e140>,7,1,[4 6],8,8,9,0,8
1,<environment.Job instance at 0x7f240fd10fa0>,5,18,[ 1 10],6,9,27,3,8
1,<environment.Job instance at 0x7f240fde6b40>,11,3,[5 9],12,27,30,15,12
1,<environment.Job instance at 0x7f240fde6f50>,9,18,[5 2],10,30,48,20,19
1,<environment.Job instance at 0x7f240fde6eb0>,12,18,[3 8],13,30,48,17,22
1,<environment.Job instance at 0x7f240fde6230>,17,15,[3 6],18,48,63,30,34
1,<environment.Job instance at 0x7f240fde6960>,24,16,[7 5],25,63,79,38,50
1,<environment.Job instance at 0x7f240fdd8690>,28,13,[8 4],29,79,92,50,63
1,<environment.Job instance at 0x7f240fdd83c0>,36,13,[8 2],37,92,105,55,76
1,<environment.Job instance at 0x7f240fdd8370>,39,15,[6 5],40,105,120,65,91
1,<environment.Job instance at 0x7f240fe32460>,43,17,[7 4],44,120,137,76,108
1,<environment.Job instance at 0x7f240fe32960>,46,3,[4 5],47,137,140,90,122
1,<environment.Job instance at 0x7f240fe321e0>,47,16,[5 3],48,137,153,89,126
1,<environment.Job instance at 0x7f240fe328c0>,50,3,[5 2],51,140,143,89,134
1,<environment.Job instance at 0x7f240fe32550>,53,16,[4 5],54,143,159,89,134
1,<environment.Job instance at 0x7f240fe32500>,58,14,[9 4],59,159,173,100,144
1,<environment.Job instance at 0x7f240fe0d910>,66,2,[1 8],67,173,175,106,163
1,<environment.Job instance at 0x7f240fde6370>,19,26,[2 8],20,175,201,155,173
1,<environment.Job instance at 0x7f240fe0d140>,69,2,[7 4],70,201,203,131,176
1,<environment.Job instance at 0x7f240fe0daa0>,70,3,[10  4],71,203,206,132,177
1,<environment.Job instance at 0x7f240fe0d4b0>,71,2,[2 9],72,206,208,134,179
1,<environment.Job instance at 0x7f240fe0d6e0>,63,16,[ 4 10],64,208,224,144,195
1,<environment.Job instance at 0x7f240fe0a2d0>,83,17,[7 1],84,224,241,140,212
1,<environment.Job instance at 0x7f240fe0a050>,86,13,[2 5],87,224,237,137,213
1,<environment.Job instance at 0x7f2453a3ef00>,3,14,[5 6],4,5,19,1,5
1,<environment.Job instance at 0x7f240fddc280>,6,16,[2 9],7,19,35,12,7
1,<environment.Job instance at 0x7f241020ddc0>,14,17,[2 6],15,35,52,20,28
1,<environment.Job instance at 0x7f241020d910>,17,16,[7 4],18,35,51,17,28
1,<environment.Job instance at 0x7f241020d280>,18,16,[9 2],19,52,68,33,39
1,<environment.Job instance at 0x7f24101f5500>,25,14,[6 1],26,68,82,42,54
1,<environment.Job instance at 0x7f24101f52d0>,32,16,[6 4],33,82,98,49,69
1,<environment.Job instance at 0x7f24539ec230>,34,14,[3 6],35,69,83,34,69
1,<environment.Job instance at 0x7f240fddcb90>,10,16,[8 5],11,98,114,87,85
1,<environment.Job instance at 0x7f245ae90be0>,40,13,[6 2],41,114,127,73,98
1,<environment.Job instance at 0x7f24100efeb0>,45,17,[ 5 10],46,127,144,81,116
1,<environment.Job instance at 0x7f240fdf5c30>,4,18,[10  5],5,144,162,139,134
1,<environment.Job instance at 0x7f24100e1550>,57,1,[4 6],58,162,163,104,162
1,<environment.Job instance at 0x7f24100e1230>,59,15,[9 5],60,183,198,123,183
1,<environment.Job instance at 0x7f240feb8a00>,61,17,[7 5],62,198,215,136,186
1,<environment.Job instance at 0x7f240feb8780>,70,12,[4 5],71,215,227,144,200
1,<environment.Job instance at 0x7f240feb3fa0>,75,13,[6 3],76,223,236,147,223
1,<environment.Job instance at 0x7f2453aa4190>,7,1,[6 2],8,8,9,0,8
1,<environment.Job instance at 0x7f2453a1a960>,8,15,[2 8],9,9,24,0,9
1,<environment.Job instance at 0x7f2453a1c960>,14,12,[3 9],15,24,36,9,16
1,<environment.Job instance at 0x7f2453a1ce10>,16,3,[6 3],17,36,39,19,22
1,<environment.Job instance at 0x7f241006ce10>,25,16,[4 7],26,46,62,20,46
1,<environment.Job instance at 0x7f241006ca00>,26,18,[9 3],27,62,80,35,62
1,<environment.Job instance at 0x7f240fc3a4b0>,31,12,[2 6],32,80,92,48,66
1,<environment.Job instance at 0x7f240fc3a410>,34,16,[ 5 10],35,92,108,57,80
1,<environment.Job instance at 0x7f240fc3ac80>,42,12,[2 9],43,108,120,65,97
1,<environment.Job instance at 0x7f240fc3afa0>,45,18,[4 9],46,120,138,74,113
1,<environment.Job instance at 0x7f240fc3af50>,47,18,[10  5],48,138,156,90,127
1,<environment.Job instance at 0x7f240fc3c190>,56,12,[10  1],57,156,168,99,139
1,<environment.Job instance at 0x7f2453a1c140>,15,18,[4 6],16,168,186,152,163
1,<environment.Job instance at 0x7f240fc3f0f0>,70,16,[10  1],71,191,207,120,191
1,<environment.Job instance at 0x7f240fc3cdc0>,69,13,[4 7],70,207,220,137,205
1,<environment.Job instance at 0x7f240fc3f410>,75,2,[4 7],76,220,222,144,206
1,<environment.Job instance at 0x7f240fc3f4b0>,76,12,[6 4],77,222,234,145,207
1,<environment.Job instance at 0x7f240fc3f5f0>,78,3,[9 3],79,234,237,155,208
1,<environment.Job instance at 0x7f240feb8d70>,6,3,[4 9],7,15,18,8,15
1,<environment.Job instance at 0x7f24100a8a00>,7,2,[1 6],8,18,20,10,15
1,<environment.Job instance at 0x7f24100a87d0>,9,15,[1 6],10,20,35,10,15
1,<environment.Job instance at 0x7f24100a80f0>,10,12,[2 9],11,35,47,24,18
1,<environment.Job instance at 0x7f24100a8dc0>,11,15,[8 1],12,19,34,7,19
1,<environment.Job instance at 0x7f24100a8370>,15,15,[5 6],16,47,62,31,33
1,<environment.Job instance at 0x7f2410096b40>,19,1,[5 5],20,62,63,42,40
1,<environment.Job instance at 0x7f24100a8960>,20,16,[5 4],21,47,63,26,42
1,<environment.Job instance at 0x7f2410096960>,22,3,[3 7],23,63,66,40,45
1,<environment.Job instance at 0x7f240fc3fa00>,5,13,[5 7],6,66,79,60,65
1,<environment.Job instance at 0x7f2410096550>,34,18,[6 4],35,84,102,49,84
1,<environment.Job instance at 0x7f24100965a0>,35,15,[4 7],36,102,117,66,88
1,<environment.Job instance at 0x7f2453886af0>,60,13,[5 8],61,165,178,104,165
1,<environment.Job instance at 0x7f2453886aa0>,62,12,[4 7],63,178,190,115,168
1,<environment.Job instance at 0x7f2410096320>,29,13,[10  5],30,190,203,160,187
1,<environment.Job instance at 0x7f24538865a0>,67,14,[1 9],68,203,217,135,188
1,<environment.Job instance at 0x7f2410386aa0>,76,12,[4 8],77,217,229,140,214
1,<environment.Job instance at 0x7f2410386550>,77,17,[5 7],78,229,246,151,217
1,<environment.Job instance at 0x7f240feb3190>,1,14,[1 7],2,2,16,0,2
1,<environment.Job instance at 0x7f2453b0d460>,4,2,[2 7],5,16,18,11,5
1,<environment.Job instance at 0x7f2456584a00>,8,16,[8 4],9,18,34,9,11
1,<environment.Job instance at 0x7f2410008050>,13,18,[ 2 10],14,34,52,20,23
1,<environment.Job instance at 0x7f2453a1ad70>,12,1,[6 5],13,52,53,39,24
1,<environment.Job instance at 0x7f240fce9870>,20,15,[3 8],21,53,68,32,48
1,<environment.Job instance at 0x7f241023fbe0>,25,14,[7 3],26,75,89,49,75
1,<environment.Job instance at 0x7f241023f7d0>,26,2,[5 7],27,89,91,62,75
1,<environment.Job instance at 0x7f2410085910>,27,1,[2 8],28,91,92,63,75
1,<environment.Job instance at 0x7f24538c4f00>,28,2,[6 4],29,92,94,63,75
1,<environment.Job instance at 0x7f2410008a00>,16,12,[5 9],17,94,106,77,80
1,<environment.Job instance at 0x7f24566e6460>,3,1,[6 2],4,91,92,87,80
1,<environment.Job instance at 0x7f245382e0f0>,35,14,[10  1],36,106,120,70,91
1,<environment.Job instance at 0x7f240fe2c4b0>,38,15,[5 5],39,120,135,81,113
1,<environment.Job instance at 0x7f24538041e0>,43,18,[3 7],44,135,153,91,124
1,<environment.Job instance at 0x7f240fc3c910>,47,3,[3 8],48,153,156,105,136
1,<environment.Job instance at 0x7f240fc3cc30>,48,12,[1 8],49,156,168,107,139
1,<environment.Job instance at 0x7f240fc3c3c0>,53,13,[5 2],54,150,163,96,150
1,<environment.Job instance at 0x7f240fc3c050>,55,13,[8 4],56,168,181,112,154
1,<environment.Job instance at 0x7f240fc3ceb0>,52,12,[6 2],53,181,193,128,164
1,<environment.Job instance at 0x7f240fe38a50>,60,1,[1 7],61,181,182,120,177
1,<environment.Job instance at 0x7f240fe385f0>,61,1,[9 4],62,193,194,131,177
1,<environment.Job instance at 0x7f240fe38be0>,58,12,[5 5],59,194,206,135,178
1,<environment.Job instance at 0x7f240fc3c5a0>,51,15,[6 3],52,206,221,154,194
1,<environment.Job instance at 0x7f2456218460>,67,2,[4 6],68,206,208,138,195
1,<environment.Job instance at 0x7f2456042960>,74,16,[2 7],75,208,224,133,208
1,<environment.Job instance at 0x7f2456042230>,75,17,[6 3],76,221,238,145,209
1,<environment.Job instance at 0x7f24563ab9b0>,1,18,[8 1],2,2,20,0,2
1,<environment.Job instance at 0x7f2410204aa0>,4,2,[7 1],5,20,22,15,5
1,<environment.Job instance at 0x7f2410327690>,5,3,[2 6],6,6,9,0,6
1,<environment.Job instance at 0x7f245665fb40>,6,1,[1 6],7,9,10,2,7
1,<environment.Job instance at 0x7f2453edf960>,12,17,[3 5],13,22,39,9,22
1,<environment.Job instance at 0x7f2453edf4b0>,13,16,[5 2],14,22,38,8,22
1,<environment.Job instance at 0x7f2453edf1e0>,15,13,[10  5],16,39,52,23,23
1,<environment.Job instance at 0x7f2453edfcd0>,17,3,[10  5],18,52,55,34,27
1,<environment.Job instance at 0x7f2453edf2d0>,20,13,[1 9],21,55,68,34,39
1,<environment.Job instance at 0x7f24102be550>,24,18,[5 2],25,68,86,43,57
1,<environment.Job instance at 0x7f24102be500>,22,24,[4 6],23,68,92,45,63
1,<environment.Job instance at 0x7f24102be910>,28,1,[1 9],29,92,93,63,64
1,<environment.Job instance at 0x7f24102be960>,29,1,[3 6],30,93,94,63,65
1,<environment.Job instance at 0x7f2453c8b690>,10,13,[3 8],11,94,107,83,79
1,<environment.Job instance at 0x7f24102e71e0>,39,18,[ 5 10],40,107,125,67,102
1,<environment.Job instance at 0x7f24102e75a0>,46,13,[8 4],47,125,138,78,125
1,<environment.Job instance at 0x7f24102e7640>,47,17,[6 2],48,138,155,90,126
1,<environment.Job instance at 0x7f24102e7960>,48,16,[6 5],49,155,171,106,142
1,<environment.Job instance at 0x7f24102e7cd0>,54,13,[5 7],55,171,184,116,155
1,<environment.Job instance at 0x7f24102f3140>,62,15,[4 9],63,184,199,121,170
1,<environment.Job instance at 0x7f24102f30a0>,66,16,[7 5],67,199,215,132,186
1,<environment.Job instance at 0x7f24102f3870>,72,18,[8 1],73,215,233,142,205
1,<environment.Job instance at 0x7f24102f3aa0>,73,2,[9 1],74,233,235,159,217
1,<environment.Job instance at 0x7f24102f3f00>,79,14,[7 5],80,235,249,155,220
1,<environment.Job instance at 0x7f245ad7e4b0>,5,14,[5 9],6,7,21,1,7
1,<environment.Job instance at 0x7f2453b42be0>,12,1,[6 5],13,21,22,8,14
1,<environment.Job instance at 0x7f2453b42550>,11,12,[3 8],12,22,34,10,14
1,<environment.Job instance at 0x7f245616b9b0>,14,18,[9 1],15,34,52,19,23
1,<environment.Job instance at 0x7f2453845be0>,1,3,[10  5],2,52,55,50,31
1,<environment.Job instance at 0x7f24562e9690>,22,3,[8 4],23,55,58,32,48
1,<environment.Job instance at 0x7f2453b629b0>,24,3,[3 5],25,58,61,33,50
1,<environment.Job instance at 0x7f245afad2d0>,25,2,[8 3],26,61,63,35,50
1,<environment.Job instance at 0x7f2453cba730>,26,13,[7 1],27,63,76,36,52
1,<environment.Job instance at 0x7f2453b62230>,23,18,[5 3],24,76,94,52,75
1,<environment.Job instance at 0x7f240febc0f0>,30,13,[1 6],31,76,89,45,76
1,<environment.Job instance at 0x7f2410288370>,28,13,[2 9],29,94,107,65,80
1,<environment.Job instance at 0x7f2453a14910>,40,17,[7 1],41,95,112,54,95
1,<environment.Job instance at 0x7f2410195f50>,41,17,[7 4],42,112,129,70,100
1,<environment.Job instance at 0x7f2453a145a0>,42,15,[3 6],43,107,122,64,100
1,<environment.Job instance at 0x7f24102bebe0>,2,14,[4 6],3,129,143,126,119
1,<environment.Job instance at 0x7f24565c3280>,50,1,[3 6],51,124,125,73,124
1,<environment.Job instance at 0x7f240fd7b0a0>,53,2,[5 9],54,143,145,89,124
1,<environment.Job instance at 0x7f24565c3d70>,48,1,[3 8],49,145,146,96,124
1,<environment.Job instance at 0x7f24102135a0>,62,3,[2 8],63,148,151,85,148
1,<environment.Job instance at 0x7f2410213460>,63,2,[6 4],64,151,153,87,149
1,<environment.Job instance at 0x7f2410213af0>,65,1,[3 6],66,151,152,85,151
1,<environment.Job instance at 0x7f2453b39a00>,67,3,[8 1],68,153,156,85,151
1,<environment.Job instance at 0x7f2453b39640>,69,18,[8 2],70,156,174,86,151
1,<environment.Job instance at 0x7f2453b394b0>,71,2,[3 8],72,174,176,102,151
1,<environment.Job instance at 0x7f2453b39a50>,73,14,[5 7],74,176,190,102,161
1,<environment.Job instance at 0x7f240fc5f780>,78,1,[1 9],79,190,191,111,166
1,<environment.Job instance at 0x7f240fc5f2d0>,79,2,[4 9],80,191,193,111,167
1,<environment.Job instance at 0x7f240fc5feb0>,80,15,[5 8],81,193,208,112,179
1,<environment.Job instance at 0x7f2453b399b0>,68,16,[10  1],69,208,224,139,196
1,<environment.Job instance at 0x7f240fc5f230>,91,12,[ 1 10],92,224,236,132,211
1,<environment.Job instance at 0x7f241002bc30>,3,1,[6 5],4,6,7,2,6
1,<environment.Job instance at 0x7f2453bc2320>,9,14,[5 4],10,13,27,3,13
1,<environment.Job instance at 0x7f2453bc23c0>,12,15,[ 1 10],13,27,42,14,13
1,<environment.Job instance at 0x7f245620bc30>,19,2,[8 4],20,42,44,22,26
1,<environment.Job instance at 0x7f245634b8c0>,8,1,[1 6],9,26,27,17,26
1,<environment.Job instance at 0x7f241009f280>,20,14,[2 8],21,44,58,23,29
1,<environment.Job instance at 0x7f2453e76910>,25,14,[5 1],26,44,58,18,43
1,<environment.Job instance at 0x7f240fed9a50>,28,16,[9 2],29,58,74,29,45
1,<environment.Job instance at 0x7f241023bdc0>,32,3,[7 5],33,74,77,41,55
1,<environment.Job instance at 0x7f240fe18550>,31,16,[2 7],32,77,93,45,64
1,<environment.Job instance at 0x7f240fcc1140>,35,18,[6 2],36,77,95,41,72
1,<environment.Job instance at 0x7f24538754b0>,39,3,[ 4 10],40,95,98,55,75
1,<environment.Job instance at 0x7f2453f2fc30>,41,1,[10  4],42,98,99,56,78
1,<environment.Job instance at 0x7f2453875050>,38,13,[ 5 10],39,99,112,60,85
1,<environment.Job instance at 0x7f24560c0af0>,47,3,[1 6],48,112,115,64,99
1,<environment.Job instance at 0x7f2453f2f230>,46,13,[5 6],47,115,128,68,102
1,<environment.Job instance at 0x7f24560c0370>,48,17,[10  4],49,128,145,79,116
1,<environment.Job instance at 0x7f24562ce820>,57,3,[ 5 10],58,145,148,87,125
1,<environment.Job instance at 0x7f2455fb47d0>,60,18,[7 3],61,148,166,87,137
1,<environment.Job instance at 0x7f2453b7f5a0>,64,2,[7 4],65,166,168,101,142
1,<environment.Job instance at 0x7f24562cec30>,58,2,[3 9],59,168,170,109,142
1,<environment.Job instance at 0x7f2453b7fe10>,67,15,[6 4],68,170,185,102,156
1,<environment.Job instance at 0x7f24538df910>,73,18,[9 2],74,185,203,111,176
1,<environment.Job instance at 0x7f2453c64d70>,66,12,[4 7],67,203,215,136,190
1,<environment.Job instance at 0x7f2453b41eb0>,79,15,[6 5],80,215,230,135,204
1,<environment.Job instance at 0x7f2453df0a50>,5,13,[ 3 10],6,6,19,0,6
1,<environment.Job instance at 0x7f24564d60a0>,14,18,[8 2],15,19,37,4,16
1,<environment.Job instance at 0x7f24564d6f00>,15,3,[9 3],16,37,40,21,16
1,<environment.Job instance at 0x7f24564d6a00>,18,17,[3 5],19,40,57,21,28
1,<environment.Job instance at 0x7f24101b2b40>,23,2,[4 8],24,57,59,33,44
1,<environment.Job instance at 0x7f24101b29b0>,24,1,[ 3 10],25,59,60,34,44
1,<environment.Job instance at 0x7f24101b2fa0>,25,12,[5 9],26,60,72,34,44
1,<environment.Job instance at 0x7f24563730a0>,27,1,[8 2],28,72,73,44,52
1,<environment.Job instance at 0x7f2456373460>,30,2,[8 2],31,73,75,42,52
1,<environment.Job instance at 0x7f24563735a0>,32,1,[4 6],33,75,76,42,52
1,<environment.Job instance at 0x7f2456373550>,35,3,[7 3],36,52,55,16,52
1,<environment.Job instance at 0x7f24563735f0>,36,2,[5 5],37,55,57,18,52
1,<environment.Job instance at 0x7f24563739b0>,37,3,[ 1 10],38,76,79,38,54
1,<environment.Job instance at 0x7f2456373aa0>,39,2,[10  1],40,79,81,39,54
1,<environment.Job instance at 0x7f2456373b40>,40,3,[8 2],41,81,84,40,55
1,<environment.Job instance at 0x7f2456373690>,33,18,[ 3 10],34,84,102,50,73
1,<environment.Job instance at 0x7f245638d4b0>,51,17,[5 6],52,106,123,54,106
1,<environment.Job instance at 0x7f245638d870>,52,16,[10  1],53,123,139,70,110
1,<environment.Job instance at 0x7f245638dd20>,60,2,[4 9],61,139,141,78,131
1,<environment.Job instance at 0x7f245638df00>,61,18,[4 6],62,141,159,79,135
1,<environment.Job instance at 0x7f245638d9b0>,65,12,[1 9],66,159,171,93,142
1,<environment.Job instance at 0x7f2456366460>,68,15,[8 2],69,171,186,102,157
1,<environment.Job instance at 0x7f24563666e0>,73,12,[5 9],74,186,198,112,171
1,<environment.Job instance at 0x7f2456366a50>,1,15,[10  1],2,3,18,1,3
1,<environment.Job instance at 0x7f24537d8460>,7,13,[3 5],8,18,31,10,8
1,<environment.Job instance at 0x7f2453ba1320>,11,1,[4 8],12,31,32,19,30
1,<environment.Job instance at 0x7f2453ba1fa0>,12,17,[5 9],13,32,49,19,30
1,<environment.Job instance at 0x7f2453ba1280>,8,1,[8 3],9,49,50,40,30
1,<environment.Job instance at 0x7f2455f746e0>,9,18,[5 1],10,30,48,20,30
1,<environment.Job instance at 0x7f2453ba14b0>,16,2,[3 9],17,50,52,33,32
1,<environment.Job instance at 0x7f245ae6b7d0>,20,3,[6 3],21,52,55,31,33
1,<environment.Job instance at 0x7f245ae6b730>,23,2,[2 5],24,52,54,28,33
1,<environment.Job instance at 0x7f245ae6bc80>,24,2,[2 8],25,55,57,30,33
1,<environment.Job instance at 0x7f245ae6b460>,28,14,[3 7],29,57,71,28,53
1,<environment.Job instance at 0x7f245381b550>,30,13,[5 8],31,71,84,40,55
1,<environment.Job instance at 0x7f245ae6baf0>,19,16,[5 1],20,55,71,35,55
1,<environment.Job instance at 0x7f2453c99b90>,37,14,[6 2],38,84,98,46,77
1,<environment.Job instance at 0x7f241006af00>,46,12,[3 8],47,85,97,38,85
1,<environment.Job instance at 0x7f245ad77e60>,33,16,[5 8],34,98,114,64,85
1,<environment.Job instance at 0x7f241006abe0>,47,3,[6 4],48,114,117,66,90
1,<environment.Job instance at 0x7f241006a730>,53,14,[ 1 10],54,117,131,63,109
1,<environment.Job instance at 0x7f241006ae10>,48,17,[3 7],49,131,148,82,119
1,<environment.Job instance at 0x7f241006a5a0>,55,2,[1 6],56,148,150,92,122
1,<environment.Job instance at 0x7f241006ac30>,57,1,[9 4],58,148,149,90,129
1,<environment.Job instance at 0x7f241006a0a0>,56,13,[2 9],57,150,163,93,134
1,<environment.Job instance at 0x7f240fbe7fa0>,61,15,[10  3],62,163,178,101,150
1,<environment.Job instance at 0x7f241006a690>,50,18,[9 4],51,178,196,127,174
1,<environment.Job instance at 0x7f24537f0dc0>,68,1,[7 4],69,196,197,127,175
1,<environment.Job instance at 0x7f24537f0500>,69,2,[10  1],70,197,199,127,175
1,<environment.Job instance at 0x7f24537f0370>,67,13,[ 2 10],68,199,212,131,183
1,<environment.Job instance at 0x7f24102f5fa0>,80,15,[9 2],81,212,227,131,206
1,<environment.Job instance at 0x7f2456183d20>,82,2,[7 2],83,227,229,144,206
1,<environment.Job instance at 0x7f24537f04b0>,70,14,[5 7],71,229,243,158,219
1,<environment.Job instance at 0x7f245655a410>,11,14,[ 2 10],12,19,33,7,19
1,<environment.Job instance at 0x7f245655a230>,12,2,[7 4],13,33,35,20,20
1,<environment.Job instance at 0x7f245655a320>,13,18,[8 3],14,35,53,21,27
1,<environment.Job instance at 0x7f245655a500>,8,1,[5 9],9,53,54,44,32
1,<environment.Job instance at 0x7f241006a320>,7,15,[2 5],8,33,48,25,33
1,<environment.Job instance at 0x7f2453c73cd0>,18,2,[5 6],19,54,56,35,33
1,<environment.Job instance at 0x7f2453c73f00>,20,2,[5 2],21,54,56,33,34
1,<environment.Job instance at 0x7f2453c734b0>,21,2,[1 7],22,48,50,26,34
1,<environment.Job instance at 0x7f2453c73e10>,24,1,[8 1],25,56,57,31,42
1,<environment.Job instance at 0x7f2453c73a50>,22,15,[4 5],23,57,72,34,43
1,<environment.Job instance at 0x7f241005d320>,25,18,[4 5],26,57,75,31,53
1,<environment.Job instance at 0x7f241005dcd0>,29,3,[3 8],30,75,78,45,61
1,<environment.Job instance at 0x7f241005dbe0>,28,14,[9 3],29,78,92,49,63
1,<environment.Job instance at 0x7f2456563fa0>,36,15,[3 5],37,92,107,55,78
1,<environment.Job instance at 0x7f24565638c0>,41,18,[5 5],42,92,110,50,81
1,<environment.Job instance at 0x7f2456563d70>,46,17,[3 5],47,107,124,60,95
1,<environment.Job instance at 0x7f245633feb0>,50,15,[10  5],51,124,139,73,110
1,<environment.Job instance at 0x7f241005df50>,30,17,[8 5],31,139,156,108,127
1,<environment.Job instance at 0x7f245633f5f0>,57,17,[2 7],58,156,173,98,144
1,<environment.Job instance at 0x7f245633f550>,55,12,[5 2],56,156,168,100,156
1,<environment.Job instance at 0x7f2453b51140>,66,12,[6 4],67,173,185,106,160
1,<environment.Job instance at 0x7f2453b516e0>,67,3,[3 6],68,173,176,105,170
1,<environment.Job instance at 0x7f2453b519b0>,73,13,[4 6],74,176,189,102,176
1,<environment.Job instance at 0x7f240fedc3c0>,75,13,[ 5 10],76,189,202,113,176
1,<environment.Job instance at 0x7f240fedc690>,76,1,[4 9],77,202,203,125,191
1,<environment.Job instance at 0x7f240fedcc80>,78,12,[1 8],79,203,215,124,192
1,<environment.Job instance at 0x7f24560f6aa0>,82,16,[6 5],83,215,231,132,203
1,<environment.Job instance at 0x7f2453c1daa0>,3,12,[2 8],4,4,16,0,4
1,<environment.Job instance at 0x7f24560f6cd0>,7,1,[1 8],8,16,17,8,8
1,<environment.Job instance at 0x7f2453c733c0>,9,21,[10  5],10,17,38,7,10
1,<environment.Job instance at 0x7f2410030370>,5,3,[ 2 10],6,38,41,32,14
1,<environment.Job instance at 0x7f24100514b0>,14,13,[3 8],15,41,54,26,25
1,<environment.Job instance at 0x7f2453a55cd0>,20,12,[4 8],21,54,66,33,38
1,<environment.Job instance at 0x7f2453b11fa0>,13,1,[1 6],14,66,67,52,49
1,<environment.Job instance at 0x7f2453ca6550>,10,15,[4 9],11,67,82,56,53
1,<environment.Job instance at 0x7f240fa5fe10>,24,1,[10  5],25,82,83,57,54
1,<environment.Job instance at 0x7f240fa5fd70>,25,3,[4 7],26,83,86,57,57
1,<environment.Job instance at 0x7f240fa5c230>,30,2,[10  3],31,86,88,55,72
1,<environment.Job instance at 0x7f240fa5c6e0>,33,1,[9 2],34,88,89,54,88
1,<environment.Job instance at 0x7f240fe5b0a0>,37,15,[8 4],38,89,104,51,88
1,<environment.Job instance at 0x7f240fe593c0>,43,12,[10  3],44,104,116,60,92
1,<environment.Job instance at 0x7f240fbbe3c0>,48,3,[4 5],49,118,121,69,118
1,<environment.Job instance at 0x7f240fe592d0>,40,17,[2 7],41,124,141,83,124
1,<environment.Job instance at 0x7f240fa5cbe0>,38,22,[10  5],39,145,167,106,145
1,<environment.Job instance at 0x7f24561b7230>,58,13,[2 8],59,167,180,108,151
1,<environment.Job instance at 0x7f240fbf60f0>,65,16,[10  3],66,180,196,114,174
1,<environment.Job instance at 0x7f2453eca0f0>,67,3,[2 9],68,196,199,128,179
1,<environment.Job instance at 0x7f2453eca410>,69,17,[1 9],70,199,216,129,190
1,<environment.Job instance at 0x7f2453ecaa50>,71,14,[8 1],72,201,215,129,201
1,<environment.Job instance at 0x7f2453eca500>,72,17,[9 5],73,216,233,143,204
1,<environment.Job instance at 0x7f2453eca460>,76,16,[6 4],77,233,249,156,223
1,<environment.Job instance at 0x7f2453f2fc80>,9,13,[4 7],10,10,23,0,10
1,<environment.Job instance at 0x7f24561e45f0>,12,15,[5 5],13,23,38,10,13
1,<environment.Job instance at 0x7f24537a3be0>,13,12,[9 5],14,38,50,24,21
1,<environment.Job instance at 0x7f24561e4dc0>,16,14,[5 5],17,24,38,7,24
1,<environment.Job instance at 0x7f24100f74b0>,17,17,[3 7],18,50,67,32,41
1,<environment.Job instance at 0x7f24100a6410>,21,13,[6 3],22,50,63,28,41
1,<environment.Job instance at 0x7f2453f47640>,30,3,[1 7],31,67,70,36,51
1,<environment.Job instance at 0x7f2410315cd0>,31,14,[10  5],32,70,84,38,55
1,<environment.Job instance at 0x7f240fd4f6e0>,35,15,[7 2],36,84,99,48,70
1,<environment.Job instance at 0x7f240fd4f5a0>,39,13,[5 1],40,99,112,59,92
1,<environment.Job instance at 0x7f2453c47dc0>,7,3,[5 5],8,99,102,91,95
1,<environment.Job instance at 0x7f240fb08e60>,42,16,[5 6],43,102,118,59,98
1,<environment.Job instance at 0x7f240fd4f2d0>,43,3,[ 3 10],44,118,121,74,108
1,<environment.Job instance at 0x7f240fb08960>,46,15,[3 6],47,121,136,74,109
1,<environment.Job instance at 0x7f2456504370>,51,17,[6 1],52,132,149,80,132
1,<environment.Job instance at 0x7f2456504b40>,53,2,[ 1 10],54,159,161,105,159
1,<environment.Job instance at 0x7f2455fdb460>,55,2,[4 7],56,161,163,105,160
1,<environment.Job instance at 0x7f2453900050>,56,14,[8 5],57,163,177,106,160
1,<environment.Job instance at 0x7f240fb08c30>,44,3,[2 9],45,177,180,132,161
1,<environment.Job instance at 0x7f2453900eb0>,58,18,[8 4],59,180,198,121,169
1,<environment.Job instance at 0x7f24564b4460>,59,18,[2 5],60,180,198,120,169
1,<environment.Job instance at 0x7f24564b4550>,60,16,[5 2],61,198,214,137,185
1,<environment.Job instance at 0x7f24564b4140>,64,3,[5 4],65,198,201,133,185
1,<environment.Job instance at 0x7f24564fc140>,66,2,[3 7],67,201,203,134,193
1,<environment.Job instance at 0x7f24564fc640>,67,3,[10  3],68,214,217,146,195
1,<environment.Job instance at 0x7f245390d4b0>,71,12,[9 4],72,217,229,145,204
1,<environment.Job instance at 0x7f24564b4aa0>,61,3,[5 7],62,229,232,167,224
1,<environment.Job instance at 0x7f245390d190>,74,3,[4 7],75,232,235,157,228
1,<environment.Job instance at 0x7f240ff12c30>,6,15,[6 4],7,7,22,0,7
1,<environment.Job instance at 0x7f24539210a0>,14,2,[4 5],15,15,17,0,15
1,<environment.Job instance at 0x7f24539214b0>,12,14,[1 7],13,22,36,9,16
1,<environment.Job instance at 0x7f2456495c30>,19,2,[1 8],20,36,38,16,20
1,<environment.Job instance at 0x7f2456495af0>,22,3,[3 6],23,39,42,16,39
1,<environment.Job instance at 0x7f24564957d0>,23,13,[10  4],24,42,55,18,39
1,<environment.Job instance at 0x7f2456495410>,27,12,[8 1],28,55,67,27,39
1,<environment.Job instance at 0x7f2456495a00>,16,17,[7 1],17,76,93,59,76
1,<environment.Job instance at 0x7f241022b780>,34,14,[ 1 10],35,93,107,58,78
1,<environment.Job instance at 0x7f241022b280>,42,16,[10  5],43,107,123,64,94
1,<environment.Job instance at 0x7f2453efc8c0>,48,18,[2 9],49,123,141,74,113
1,<environment.Job instance at 0x7f2453efc370>,50,14,[3 9],51,141,155,90,135
1,<environment.Job instance at 0x7f2453efccd0>,51,16,[ 4 10],52,155,171,103,142
1,<environment.Job instance at 0x7f240fc44230>,59,15,[7 2],60,171,186,111,166
1,<environment.Job instance at 0x7f240fc44730>,70,14,[3 8],71,171,185,100,166
1,<environment.Job instance at 0x7f240fc44d70>,74,17,[4 9],75,186,203,111,179
1,<environment.Job instance at 0x7f2453f0bbe0>,79,18,[9 4],80,203,221,123,193
1,<environment.Job instance at 0x7f2453f0ba00>,89,16,[4 9],90,221,237,131,209
1,<environment.Job instance at 0x7f24560f6190>,6,12,[7 2],7,8,20,1,8
1,<environment.Job instance at 0x7f2453921dc0>,8,2,[9 5],9,20,22,11,9
1,<environment.Job instance at 0x7f2453a336e0>,11,16,[5 9],12,22,38,10,12
1,<environment.Job instance at 0x7f24566eb370>,12,17,[7 4],13,38,55,25,26
1,<environment.Job instance at 0x7f245643e230>,19,17,[1 7],20,55,72,35,43
1,<environment.Job instance at 0x7f24566eb050>,13,14,[2 7],14,72,86,58,59
1,<environment.Job instance at 0x7f24563936e0>,32,18,[10  1],33,86,104,53,81
1,<environment.Job instance at 0x7f24102543c0>,41,12,[ 5 10],42,104,116,62,94
1,<environment.Job instance at 0x7f2410254a50>,43,14,[9 2],44,116,130,72,105
1,<environment.Job instance at 0x7f24103cedc0>,51,18,[4 6],52,130,148,78,119
1,<environment.Job instance at 0x7f2410270370>,56,19,[5 4],57,130,149,73,123
1,<environment.Job instance at 0x7f24538bd320>,59,13,[8 2],60,149,162,89,134
1,<environment.Job instance at 0x7f24563711e0>,64,15,[9 3],65,162,177,97,148
1,<environment.Job instance at 0x7f240fcaa050>,71,16,[9 3],72,177,193,105,164
1,<environment.Job instance at 0x7f2453ab45f0>,73,3,[3 7],74,193,196,119,180
1,<environment.Job instance at 0x7f2453ab4550>,74,14,[5 8],75,196,210,121,181
1,<environment.Job instance at 0x7f2453ab4af0>,80,3,[5 9],81,210,213,129,197
1,<environment.Job instance at 0x7f2453ab4e60>,81,15,[7 4],82,213,228,131,199
1,<environment.Job instance at 0x7f240fc7eb40>,83,3,[1 5],84,213,216,129,207
1,<environment.Job instance at 0x7f2453ab1410>,84,1,[5 2],85,208,209,123,208
1,<environment.Job instance at 0x7f2453ac25f0>,86,3,[3 9],87,228,231,141,211
1,<environment.Job instance at 0x7f2453bbca50>,4,3,[2 8],5,5,8,0,5
1,<environment.Job instance at 0x7f24561274b0>,5,1,[7 4],6,8,9,2,6
1,<environment.Job instance at 0x7f240fc3ea00>,6,2,[6 1],7,9,11,2,7
1,<environment.Job instance at 0x7f240fbe01e0>,7,2,[7 5],8,11,13,3,8
1,<environment.Job instance at 0x7f24102e8d70>,8,1,[2 7],9,9,10,0,9
1,<environment.Job instance at 0x7f24102e89b0>,9,15,[8 4],10,13,28,3,10
1,<environment.Job instance at 0x7f24103be640>,10,12,[4 9],11,28,40,17,11
1,<environment.Job instance at 0x7f24538f40a0>,17,13,[7 4],18,40,53,22,24
1,<environment.Job instance at 0x7f245665f690>,29,2,[8 1],30,53,55,23,30
1,<environment.Job instance at 0x7f245605e9b0>,21,1,[10  2],22,55,56,33,32
1,<environment.Job instance at 0x7f240fcd3d70>,31,3,[5 8],32,56,59,24,32
1,<environment.Job instance at 0x7f245665f870>,32,2,[10  5],33,59,61,26,33
1,<environment.Job instance at 0x7f2453edfd70>,37,18,[5 9],38,61,79,23,50
1,<environment.Job instance at 0x7f240fd4f370>,43,12,[5 7],44,79,91,35,62
1,<environment.Job instance at 0x7f240fe51230>,53,17,[10  4],54,91,108,37,81
1,<environment.Job instance at 0x7f24560fbe10>,58,1,[5 7],59,108,109,49,92
1,<environment.Job instance at 0x7f245605ea50>,20,13,[8 5],21,109,122,88,94
1,<environment.Job instance at 0x7f2456101050>,62,3,[10  1],63,122,125,59,107
1,<environment.Job instance at 0x7f2456101f50>,63,13,[5 5],64,125,138,61,109
1,<environment.Job instance at 0x7f2453be5f50>,64,2,[9 5],65,138,140,73,123
1,<environment.Job instance at 0x7f240f9c20f0>,68,17,[7 2],69,140,157,71,130
1,<environment.Job instance at 0x7f24562e0640>,72,3,[10  5],73,157,160,84,132
1,<environment.Job instance at 0x7f24101d8640>,77,14,[3 8],78,160,174,82,151
1,<environment.Job instance at 0x7f24560fe230>,74,17,[7 2],75,160,177,85,151
1,<environment.Job instance at 0x7f24101d8aa0>,78,2,[8 4],79,177,179,98,152
1,<environment.Job instance at 0x7f2453be7e60>,80,2,[6 2],81,179,181,98,159
1,<environment.Job instance at 0x7f2453be76e0>,83,1,[5 5],84,181,182,97,159
1,<environment.Job instance at 0x7f240fcd96e0>,86,1,[5 5],87,181,182,94,160
1,<environment.Job instance at 0x7f240fe5b910>,89,2,[10  4],90,182,184,92,163
1,<environment.Job instance at 0x7f240fe5bb40>,90,13,[4 7],91,184,197,93,168
1,<environment.Job instance at 0x7f240fe5bd20>,96,2,[6 4],97,197,199,100,182
1,<environment.Job instance at 0x7f240fe5b820>,97,18,[3 6],98,197,215,99,186
1,<environment.Job instance at 0x7f240f9bf9b0>,11,13,[8 5],12,12,25,0,12
1,<environment.Job instance at 0x7f240f9bf550>,12,18,[ 5 10],13,25,43,12,14
1,<environment.Job instance at 0x7f24103f5f50>,20,12,[5 2],21,43,55,22,30
1,<environment.Job instance at 0x7f24103f5370>,22,15,[9 1],23,55,70,32,41
1,<environment.Job instance at 0x7f24103f5e60>,30,19,[5 1],31,70,89,39,65
1,<environment.Job instance at 0x7f24103f5eb0>,31,18,[5 2],32,70,88,38,65
1,<environment.Job instance at 0x7f24103f5410>,34,17,[10  1],35,89,106,54,87
1,<environment.Job instance at 0x7f240fb65aa0>,38,18,[7 1],39,106,124,67,95
1,<environment.Job instance at 0x7f24103f5a50>,23,2,[ 3 10],24,124,126,100,105
1,<environment.Job instance at 0x7f240fb65c80>,42,15,[5 7],43,126,141,83,112
1,<environment.Job instance at 0x7f240fb65d20>,50,18,[6 2],51,141,159,90,135
1,<environment.Job instance at 0x7f240fb65a00>,52,15,[4 8],53,141,156,88,135
1,<environment.Job instance at 0x7f240faf5aa0>,57,18,[2 7],58,156,174,98,145
1,<environment.Job instance at 0x7f240faf5cd0>,60,13,[10  5],61,174,187,113,158
1,<environment.Job instance at 0x7f240fb65f00>,43,12,[6 4],44,187,199,143,174
1,<environment.Job instance at 0x7f240faf5e10>,65,18,[10  1],66,199,217,133,195
1,<environment.Job instance at 0x7f240fb2b370>,73,1,[1 8],74,217,218,143,197
1,<environment.Job instance at 0x7f240fb2b280>,76,3,[1 9],77,218,221,141,197
1,<environment.Job instance at 0x7f240fb2b960>,77,2,[5 2],78,221,223,143,197
1,<environment.Job instance at 0x7f240faf5f00>,67,13,[8 1],68,223,236,155,208
1,<environment.Job instance at 0x7f240fb2bd70>,78,16,[2 8],79,221,237,142,208
1,<environment.Job instance at 0x7f240fe0aeb0>,1,1,[4 5],2,2,3,0,2
1,<environment.Job instance at 0x7f2455f95320>,2,2,[1 8],3,3,5,0,3
1,<environment.Job instance at 0x7f240fb6f550>,3,14,[7 2],4,4,18,0,4
1,<environment.Job instance at 0x7f2453ebc0a0>,6,15,[2 9],7,18,33,11,7
1,<environment.Job instance at 0x7f2453ebc5a0>,14,13,[5 9],15,33,46,18,19
1,<environment.Job instance at 0x7f2453ec4e10>,16,15,[8 4],17,46,61,29,32
1,<environment.Job instance at 0x7f2453ebcb90>,10,2,[5 5],11,61,63,50,39
1,<environment.Job instance at 0x7f2453ec4820>,20,15,[1 8],21,63,78,42,49
1,<environment.Job instance at 0x7f2453edb5f0>,32,17,[9 3],33,95,112,62,95
1,<environment.Job instance at 0x7f2453edb500>,36,18,[9 5],37,112,130,75,101
1,<environment.Job instance at 0x7f2453edb780>,43,15,[ 4 10],44,130,145,86,116
1,<environment.Job instance at 0x7f2453ed00a0>,50,13,[9 1],51,145,158,94,141
1,<environment.Job instance at 0x7f2453ed0f50>,53,17,[ 4 10],54,158,175,104,146
1,<environment.Job instance at 0x7f2453eaf050>,61,16,[5 5],62,175,191,113,162
1,<environment.Job instance at 0x7f2455f950a0>,8,18,[5 5],9,175,193,166,170
1,<environment.Job instance at 0x7f2453eaf4b0>,64,12,[ 5 10],65,193,205,128,184
1,<environment.Job instance at 0x7f2453eaf820>,71,18,[6 5],72,205,223,133,194
1,<environment.Job instance at 0x7f2453eafe60>,79,17,[8 3],80,223,240,143,219
1,<environment.Job instance at 0x7f45fadf6320>,4,13,[3 6],5,5,18,0,5
1,<environment.Job instance at 0x7f4602258dc0>,7,14,[7 5],8,18,32,10,8
1,<environment.Job instance at 0x7f45fadf6b40>,13,18,[5 9],14,32,50,18,21
1,<environment.Job instance at 0x7f45fadf81e0>,20,3,[10  5],21,50,53,29,35
1,<environment.Job instance at 0x7f45fadf80a0>,22,12,[3 8],23,53,65,30,44
1,<environment.Job instance at 0x7f45fadf85f0>,24,2,[4 6],25,65,67,40,44
1,<environment.Job instance at 0x7f45fadf8690>,25,2,[5 7],26,67,69,41,44
1,<environment.Job instance at 0x7f45fadf87d0>,27,17,[4 6],28,69,86,41,57
1,<environment.Job instance at 0x7f45fadf8af0>,32,21,[5 9],33,86,107,53,82
1,<environment.Job instance at 0x7f45fadf8f00>,35,16,[1 9],36,107,123,71,94
1,<environment.Job instance at 0x7f45fadf8be0>,37,14,[5 8],38,123,137,85,108
1,<environment.Job instance at 0x7f45fadfa6e0>,46,2,[3 5],47,137,139,90,131
1,<environment.Job instance at 0x7f45fadfa460>,43,12,[4 5],44,137,149,93,131
1,<environment.Job instance at 0x7f45fadfa550>,48,12,[9 2],49,149,161,100,133
1,<environment.Job instance at 0x7f45fadfaaf0>,50,2,[5 6],51,161,163,110,136
1,<environment.Job instance at 0x7f45fadfab90>,51,2,[5 3],52,139,141,87,136
1,<environment.Job instance at 0x7f45fadfac30>,52,2,[ 2 10],53,163,165,110,138
1,<environment.Job instance at 0x7f45fadfaaa0>,47,13,[ 3 10],48,165,178,117,149
1,<environment.Job instance at 0x7f45fadfaeb0>,56,3,[8 4],57,178,181,121,160
1,<environment.Job instance at 0x7f45fadfb6e0>,63,12,[5 3],64,181,193,117,164
1,<environment.Job instance at 0x7f45fadfba00>,68,14,[6 4],69,193,207,124,178
1,<environment.Job instance at 0x7f45fadfbc80>,72,18,[3 5],73,182,200,109,182
1,<environment.Job instance at 0x7f45fadfa910>,49,17,[10  2],50,207,224,157,195
1,<environment.Job instance at 0x7f45fadff320>,80,1,[5 5],81,224,225,143,196
1,<environment.Job instance at 0x7f45fadff460>,84,1,[5 5],85,224,225,139,211
1,<environment.Job instance at 0x7f45fadff550>,85,15,[1 7],86,225,240,139,211
1,<environment.Job instance at 0x7f45fadff5f0>,86,3,[6 3],87,225,228,138,212
1,<environment.Job instance at 0x7f45fadff780>,1,14,[ 3 10],2,2,16,0,2
1,<environment.Job instance at 0x7f45fae11280>,7,2,[3 8],8,16,18,8,10
1,<environment.Job instance at 0x7f45fae0fdc0>,10,12,[5 1],11,16,28,5,11
1,<environment.Job instance at 0x7f45b71e9870>,14,1,[8 3],15,32,33,17,32
1,<environment.Job instance at 0x7f45fae0fd70>,8,3,[4 8],9,33,36,24,32
1,<environment.Job instance at 0x7f45b71e9550>,12,1,[9 2],13,36,37,23,34
1,<environment.Job instance at 0x7f45b71f62d0>,18,2,[9 1],19,37,39,18,35
1,<environment.Job instance at 0x7f45b71f6190>,19,2,[ 4 10],20,39,41,19,35
1,<environment.Job instance at 0x7f45b71e9c30>,15,17,[10  4],16,41,58,25,35
1,<environment.Job instance at 0x7f45b71f6690>,27,3,[5 6],28,65,68,37,65
1,<environment.Job instance at 0x7f45b71f32d0>,30,17,[4 7],31,68,85,37,66
1,<environment.Job instance at 0x7f45b71f3230>,31,13,[5 7],32,85,98,53,69
1,<environment.Job instance at 0x7f45b71f49b0>,40,17,[3 5],41,98,115,57,93
1,<environment.Job instance at 0x7f45b71f4870>,41,18,[6 2],42,98,116,56,97
1,<environment.Job instance at 0x7f45b71f41e0>,45,1,[9 3],46,116,117,70,112
1,<environment.Job instance at 0x7f45b71f45f0>,46,17,[9 1],47,117,134,70,112
1,<environment.Job instance at 0x7f45b71f6e10>,20,24,[1 5],21,115,139,94,114
1,<environment.Job instance at 0x7f45b7276550>,49,1,[5 3],50,134,135,84,115
1,<environment.Job instance at 0x7f45b7256370>,51,3,[9 5],52,135,138,83,123
1,<environment.Job instance at 0x7f45b7206e10>,55,15,[5 3],56,162,177,106,162
1,<environment.Job instance at 0x7f45b72655a0>,50,17,[9 5],51,183,200,132,183
1,<environment.Job instance at 0x7f45b7320f50>,59,3,[10  4],60,200,203,140,183
1,<environment.Job instance at 0x7f45b720b1e0>,61,14,[ 1 10],62,203,217,141,188
1,<environment.Job instance at 0x7f45b7338410>,69,15,[5 5],70,217,232,147,206
1,<environment.Job instance at 0x7f45b742ae60>,72,13,[2 5],73,217,230,144,216
1,<environment.Job instance at 0x7f45b72ded20>,74,16,[5 6],75,232,248,157,219
1,<environment.Job instance at 0x7f45b7368230>,3,2,[7 3],4,5,7,1,5
1,<environment.Job instance at 0x7f45b7139140>,5,2,[5 7],6,7,9,1,6
1,<environment.Job instance at 0x7f45fae0f3c0>,6,2,[8 1],7,9,11,2,7
1,<environment.Job instance at 0x7f45b7064730>,10,2,[4 9],11,11,13,0,11
1,<environment.Job instance at 0x7f45b70643c0>,11,3,[9 4],12,13,16,1,12
1,<environment.Job instance at 0x7f45b7064af0>,8,13,[8 4],9,16,29,7,12
1,<environment.Job instance at 0x7f45b70644b0>,12,2,[2 9],13,29,31,16,13
1,<environment.Job instance at 0x7f45fab707d0>,13,15,[7 2],14,31,46,17,17
1,<environment.Job instance at 0x7f45b70641e0>,15,1,[6 3],16,46,47,30,19
1,<environment.Job instance at 0x7f45b706c0a0>,17,1,[1 5],18,19,20,1,19
1,<environment.Job instance at 0x7f45b7634460>,14,12,[8 3],15,47,59,32,33
1,<environment.Job instance at 0x7f45fb1ce190>,23,17,[7 4],24,59,76,35,47
1,<environment.Job instance at 0x7f45b705cf00>,26,3,[4 5],27,76,79,49,65
1,<environment.Job instance at 0x7f45b705caa0>,27,16,[5 3],28,76,92,48,65
1,<environment.Job instance at 0x7f45fb029d70>,30,3,[5 2],31,79,82,48,67
1,<environment.Job instance at 0x7f4602258a50>,31,3,[9 4],32,92,95,60,67
1,<environment.Job instance at 0x7f45fab698c0>,35,16,[7 5],36,95,111,59,94
1,<environment.Job instance at 0x7f45b704b5f0>,40,16,[8 3],41,111,127,70,98
1,<environment.Job instance at 0x7f45b704bc80>,46,2,[1 8],47,127,129,80,102
1,<environment.Job instance at 0x7f45b704b460>,49,2,[7 4],50,129,131,79,126
1,<environment.Job instance at 0x7f45b7119f50>,50,3,[10  4],51,131,134,80,126
1,<environment.Job instance at 0x7f45b7119af0>,51,2,[2 9],52,134,136,82,126
1,<environment.Job instance at 0x7f45b71197d0>,58,3,[10  2],59,146,149,87,146
1,<environment.Job instance at 0x7f45b70a6460>,59,15,[ 2 10],60,149,164,89,146
1,<environment.Job instance at 0x7f45c1de1fa0>,63,17,[7 1],64,164,181,100,152
1,<environment.Job instance at 0x7f45b70bf7d0>,65,3,[5 2],66,181,184,115,168
1,<environment.Job instance at 0x7f45fb01c6e0>,18,12,[5 5],19,181,193,162,168
1,<environment.Job instance at 0x7f460237a7d0>,66,13,[2 5],67,168,181,101,168
1,<environment.Job instance at 0x7f45fabba820>,73,3,[7 5],74,193,196,119,182
1,<environment.Job instance at 0x7f45fac8cfa0>,75,2,[6 3],76,196,198,120,183
1,<environment.Job instance at 0x7f45fabbab90>,70,14,[2 9],71,207,221,136,207
1,<environment.Job instance at 0x7f45fac8c640>,77,14,[3 6],78,221,235,143,207
1,<environment.Job instance at 0x7f45fabab410>,82,2,[5 3],83,221,223,138,209
1,<environment.Job instance at 0x7f45fb002b90>,83,3,[4 6],84,235,238,151,209
1,<environment.Job instance at 0x7f45b7409190>,2,16,[6 4],3,3,19,0,3
1,<environment.Job instance at 0x7f45fd53daf0>,4,14,[3 6],5,5,19,0,5
1,<environment.Job instance at 0x7f45b76d6eb0>,11,3,[7 4],12,22,25,10,22
1,<environment.Job instance at 0x7f45b769fdc0>,10,13,[6 2],11,25,38,14,23
1,<environment.Job instance at 0x7f45b73d0f00>,13,1,[5 8],14,38,39,24,23
1,<environment.Job instance at 0x7f45b73d0190>,12,12,[7 5],13,39,51,26,23
1,<environment.Job instance at 0x7f45b73d0500>,15,17,[ 5 10],16,51,68,35,43
1,<environment.Job instance at 0x7f45faeca6e0>,23,13,[ 4 10],24,68,81,44,63
1,<environment.Job instance at 0x7f45fd4ac050>,27,1,[4 6],28,81,82,53,65
1,<environment.Job instance at 0x7f45fac57a00>,26,14,[2 5],27,82,96,55,71
1,<environment.Job instance at 0x7f45faf017d0>,25,3,[8 5],26,82,85,56,75
1,<environment.Job instance at 0x7f45fb065870>,30,13,[5 5],31,85,98,54,75
1,<environment.Job instance at 0x7f45faefc410>,34,1,[ 3 10],35,98,99,63,79
1,<environment.Job instance at 0x7f45faefc910>,35,14,[3 8],36,99,113,63,85
1,<environment.Job instance at 0x7f45fade7460>,45,13,[6 3],46,113,126,67,98
1,<environment.Job instance at 0x7f45fae4ee10>,37,13,[3 7],38,113,126,75,106
1,<environment.Job instance at 0x7f45fae2f820>,50,12,[3 7],51,126,138,75,109
1,<environment.Job instance at 0x7f45fae2f3c0>,52,14,[5 3],53,126,140,73,111
1,<environment.Job instance at 0x7f45fae692d0>,58,1,[6 5],59,140,141,81,135
1,<environment.Job instance at 0x7f45fae64d70>,59,2,[1 9],60,141,143,81,135
1,<environment.Job instance at 0x7f45fae643c0>,60,13,[5 5],61,143,156,82,137
1,<environment.Job instance at 0x7f45fae64500>,62,3,[8 3],63,156,159,93,137
1,<environment.Job instance at 0x7f45fae3f190>,65,12,[4 5],66,159,171,93,152
1,<environment.Job instance at 0x7f45fae3fa50>,66,2,[ 3 10],67,171,173,104,152
1,<environment.Job instance at 0x7f45fade1a00>,68,3,[3 7],69,173,176,104,159
1,<environment.Job instance at 0x7f45fb0bb5f0>,47,12,[6 2],48,159,171,111,159
1,<environment.Job instance at 0x7f45faf42c80>,73,14,[9 3],74,176,190,102,166
1,<environment.Job instance at 0x7f45faddfc80>,77,16,[7 2],78,190,206,112,182
1,<environment.Job instance at 0x7f45fac4aeb0>,82,16,[10  4],83,206,222,123,193
1,<environment.Job instance at 0x7f45fac4aa00>,84,16,[9 5],85,222,238,137,209
1,<environment.Job instance at 0x7f45b73d69b0>,7,18,[10  5],8,9,27,1,9
1,<environment.Job instance at 0x7f45fae550a0>,13,14,[6 5],14,27,41,13,22
1,<environment.Job instance at 0x7f45fae47320>,14,12,[9 3],15,41,53,26,24
1,<environment.Job instance at 0x7f45faec9be0>,10,13,[10  1],11,53,66,42,51
1,<environment.Job instance at 0x7f45b77a47d0>,26,15,[10  2],27,66,81,39,58
1,<environment.Job instance at 0x7f45fb0650a0>,3,12,[8 2],4,81,93,77,68
1,<environment.Job instance at 0x7f45fd8be780>,34,2,[7 1],35,93,95,58,84
1,<environment.Job instance at 0x7f45fb20beb0>,35,2,[4 7],36,95,97,59,84
1,<environment.Job instance at 0x7f45fd8bedc0>,36,12,[6 4],37,97,109,60,84
1,<environment.Job instance at 0x7f45fd8f57d0>,39,15,[ 3 10],40,109,124,69,95
1,<environment.Job instance at 0x7f45fd8f5410>,46,14,[8 4],47,135,149,88,135
1,<environment.Job instance at 0x7f45fd8f5550>,47,14,[9 2],48,149,163,101,137
1,<environment.Job instance at 0x7f45fd8eb500>,48,3,[ 1 10],49,163,166,114,138
1,<environment.Job instance at 0x7f45fd8eb460>,49,3,[3 7],50,166,169,116,140
1,<environment.Job instance at 0x7f45fd8eb2d0>,51,2,[5 5],52,169,171,117,143
1,<environment.Job instance at 0x7f45fd8ebe10>,52,18,[6 2],53,171,189,118,161
1,<environment.Job instance at 0x7f45fd8ebeb0>,58,13,[1 5],59,169,182,110,163
1,<environment.Job instance at 0x7f45fd8eb230>,56,3,[3 9],57,189,192,132,168
1,<environment.Job instance at 0x7f45fd8d8d70>,63,1,[1 6],64,182,183,118,172
1,<environment.Job instance at 0x7f45fd8d85f0>,65,16,[9 2],66,192,208,126,182
1,<environment.Job instance at 0x7f45fd8d8500>,66,15,[10  3],67,208,223,141,200
1,<environment.Job instance at 0x7f45fd8d60f0>,75,15,[6 2],76,223,238,147,219
1,<environment.Job instance at 0x7f45fd8d6cd0>,78,2,[2 7],79,223,225,144,219
1,<environment.Job instance at 0x7f45fd4c05f0>,3,18,[6 4],4,7,25,3,7
1,<environment.Job instance at 0x7f45fd92cdc0>,18,12,[7 5],19,25,37,6,19
1,<environment.Job instance at 0x7f45b76cbd20>,26,12,[4 8],27,37,49,10,36
1,<environment.Job instance at 0x7f45b76cbe60>,27,17,[5 7],28,49,66,21,37
1,<environment.Job instance at 0x7f45b76cbb90>,29,12,[1 9],30,66,78,36,49
1,<environment.Job instance at 0x7f45fd92cc30>,22,1,[5 3],23,53,54,30,53
1,<environment.Job instance at 0x7f45b76c9e60>,38,17,[5 4],39,78,95,39,66
1,<environment.Job instance at 0x7f45b76c90a0>,42,12,[8 3],43,95,107,52,81
1,<environment.Job instance at 0x7f45b76c98c0>,43,13,[5 6],44,81,94,37,81
1,<environment.Job instance at 0x7f4601f8d640>,47,1,[5 6],48,94,95,46,88
1,<environment.Job instance at 0x7f4601f8db40>,49,14,[9 4],50,107,121,57,92
1,<environment.Job instance at 0x7f4601f8ddc0>,53,3,[ 1 10],54,121,124,67,108
1,<environment.Job instance at 0x7f4601f8df50>,57,13,[4 7],58,124,137,66,108
1,<environment.Job instance at 0x7f4601f8dbe0>,59,14,[4 7],60,137,151,77,126
1,<environment.Job instance at 0x7f45b7758910>,62,2,[3 9],63,151,153,88,138
1,<environment.Job instance at 0x7f4601f8d730>,61,17,[10  5],62,153,170,91,141
1,<environment.Job instance at 0x7f45fd92c960>,16,18,[10  5],17,170,188,153,160
1,<environment.Job instance at 0x7f45b76df820>,77,16,[2 7],78,188,204,110,175
1,<environment.Job instance at 0x7f45b76df870>,82,14,[8 5],83,204,218,121,192
1,<environment.Job instance at 0x7f45b7758be0>,63,17,[6 1],64,218,235,154,210
1,<environment.Job instance at 0x7f45b76df4b0>,87,3,[4 6],88,218,221,130,210
1,<environment.Job instance at 0x7f45b76dfa00>,89,1,[5 6],90,235,236,145,210
1,<environment.Job instance at 0x7f45b7758b90>,73,3,[4 8],74,221,224,147,211
1,<environment.Job instance at 0x7f45fd42de60>,7,2,[4 6],8,8,10,0,8
1,<environment.Job instance at 0x7f45faf201e0>,9,20,[6 3],10,13,33,3,13
1,<environment.Job instance at 0x7f45faea8960>,14,16,[2 7],15,44,60,29,44
1,<environment.Job instance at 0x7f45fd765a50>,15,17,[6 3],16,44,61,28,44
1,<environment.Job instance at 0x7f45fd450190>,17,3,[ 4 10],18,61,64,43,44
1,<environment.Job instance at 0x7f45fd450500>,18,2,[2 5],19,64,66,45,44
1,<environment.Job instance at 0x7f45fd4adb40>,12,2,[5 1],13,64,66,51,44
1,<environment.Job instance at 0x7f45fd450960>,19,12,[7 5],20,66,78,46,49
1,<environment.Job instance at 0x7f45fd450b90>,21,17,[2 9],22,78,95,56,77
1,<environment.Job instance at 0x7f45fd50aa50>,29,14,[5 1],30,78,92,48,77
1,<environment.Job instance at 0x7f45fd50a410>,35,1,[9 5],36,95,96,59,88
1,<environment.Job instance at 0x7f45fd97e410>,37,1,[5 3],38,96,97,58,89
1,<environment.Job instance at 0x7f45fd50acd0>,38,3,[9 3],39,97,100,58,90
1,<environment.Job instance at 0x7f45fd50ae60>,32,13,[9 2],33,100,113,67,96
1,<environment.Job instance at 0x7f45fd6f5c80>,40,1,[10  4],41,113,114,72,96
1,<environment.Job instance at 0x7f45fd450f00>,20,18,[5 6],21,114,132,93,108
1,<environment.Job instance at 0x7f45b74415a0>,45,13,[4 7],46,132,145,86,117
1,<environment.Job instance at 0x7f45fd3e3320>,48,2,[5 5],49,145,147,96,119
1,<environment.Job instance at 0x7f45fae11320>,46,2,[2 8],47,147,149,100,120
1,<environment.Job instance at 0x7f4602101820>,57,13,[5 3],58,159,172,101,159
1,<environment.Job instance at 0x7f4602101500>,55,2,[1 5],56,159,161,103,159
1,<environment.Job instance at 0x7f4602101a50>,58,12,[10  2],59,172,184,113,159
1,<environment.Job instance at 0x7f45fb0e7d20>,66,18,[5 8],67,184,202,117,173
1,<environment.Job instance at 0x7f45fb0e7f50>,68,13,[5 5],69,202,215,133,189
1,<environment.Job instance at 0x7f45b76d2640>,2,18,[8 1],3,3,21,0,3
1,<environment.Job instance at 0x7f45fb2e9c30>,7,2,[10  5],8,21,23,13,9
1,<environment.Job instance at 0x7f45b72f3410>,14,18,[6 3],15,25,43,10,25
1,<environment.Job instance at 0x7f45b72f3230>,13,27,[1 7],14,44,71,30,44
1,<environment.Job instance at 0x7f45b72f3b90>,16,3,[10  3],17,71,74,54,45
1,<environment.Job instance at 0x7f45b750ab40>,24,15,[8 2],25,45,60,20,45
1,<environment.Job instance at 0x7f45b750aeb0>,26,17,[1 6],27,74,91,47,62
1,<environment.Job instance at 0x7f45b750afa0>,28,18,[ 3 10],29,91,109,62,80
1,<environment.Job instance at 0x7f45b7520280>,32,1,[4 8],33,109,110,76,96
1,<environment.Job instance at 0x7f45b750adc0>,25,17,[6 4],26,110,127,84,98
1,<environment.Job instance at 0x7f45b75203c0>,34,16,[2 5],35,110,126,75,106
1,<environment.Job instance at 0x7f45b75205a0>,37,3,[5 6],38,127,130,89,107
1,<environment.Job instance at 0x7f45b75206e0>,39,13,[7 1],40,130,143,90,114
1,<environment.Job instance at 0x7f45b7520500>,36,3,[3 9],37,130,133,93,115
1,<environment.Job instance at 0x7f45b75208c0>,42,14,[3 8],43,133,147,90,118
1,<environment.Job instance at 0x7f45b7520e60>,49,12,[10  4],50,147,159,97,130
1,<environment.Job instance at 0x7f45b7520c80>,44,12,[9 3],45,159,171,114,147
1,<environment.Job instance at 0x7f45b75103c0>,57,13,[5 1],58,171,184,113,159
1,<environment.Job instance at 0x7f45b7510960>,62,14,[4 6],63,171,185,108,162
1,<environment.Job instance at 0x7f45b7510a50>,64,15,[5 5],65,185,200,120,171
1,<environment.Job instance at 0x7f45b7510cd0>,68,2,[7 4],69,200,202,131,176
1,<environment.Job instance at 0x7f45b7510f50>,72,1,[6 5],73,202,203,129,182
1,<environment.Job instance at 0x7f45b7510af0>,65,14,[5 9],66,203,217,137,188
1,<environment.Job instance at 0x7f45b75062d0>,77,12,[3 8],78,217,229,139,200
1,<environment.Job instance at 0x7f45b7506460>,79,3,[4 7],80,229,232,149,203
1,<environment.Job instance at 0x7f45b7506370>,82,3,[8 4],83,232,235,149,216
1,<environment.Job instance at 0x7f45b76cdd20>,6,2,[7 3],7,8,10,1,8
1,<environment.Job instance at 0x7f45fb0ad960>,5,13,[2 6],6,10,23,4,10
1,<environment.Job instance at 0x7f45fabbf460>,14,17,[5 4],15,15,32,0,15
1,<environment.Job instance at 0x7f45fabbfa50>,15,15,[9 4],16,32,47,16,18
1,<environment.Job instance at 0x7f45fd883af0>,18,3,[6 1],19,47,50,28,21
1,<environment.Job instance at 0x7f45facb2910>,19,3,[1 9],20,47,50,27,21
1,<environment.Job instance at 0x7f45fd7c1d20>,21,3,[9 5],22,50,53,28,24
1,<environment.Job instance at 0x7f45fb2a8640>,25,15,[9 1],26,53,68,27,39
1,<environment.Job instance at 0x7f45b70e6fa0>,30,15,[7 2],31,68,83,37,54
1,<environment.Job instance at 0x7f45fd597e10>,34,12,[9 4],35,83,95,48,66
1,<environment.Job instance at 0x7f45fadbb640>,26,3,[1 7],27,79,82,52,79
1,<environment.Job instance at 0x7f45fad2a3c0>,11,12,[ 1 10],12,95,107,83,79
1,<environment.Job instance at 0x7f45fad2ac80>,9,25,[ 3 10],10,107,132,97,103
1,<environment.Job instance at 0x7f45fd339370>,45,3,[6 4],46,132,135,86,106
1,<environment.Job instance at 0x7f45b7639c80>,46,2,[10  1],47,135,137,88,126
1,<environment.Job instance at 0x7f45fad6b500>,50,2,[5 8],51,137,139,86,126
1,<environment.Job instance at 0x7f45b70ef5f0>,51,3,[6 5],52,139,142,87,126
1,<environment.Job instance at 0x7f45fd3b5af0>,52,14,[4 9],53,142,156,89,128
1,<environment.Job instance at 0x7f45faf88820>,41,18,[5 5],42,156,174,114,153
1,<environment.Job instance at 0x7f45fd575d20>,58,1,[1 6],59,174,175,115,153
1,<environment.Job instance at 0x7f45fb08ee60>,60,15,[5 3],61,156,171,95,153
1,<environment.Job instance at 0x7f45fd3b5730>,53,1,[6 5],54,175,176,121,153
1,<environment.Job instance at 0x7f45fb08e550>,61,3,[5 5],62,171,174,109,155
1,<environment.Job instance at 0x7f45fb08e320>,64,2,[1 6],65,176,178,111,158
1,<environment.Job instance at 0x7f45fb08e690>,65,16,[5 5],66,178,194,112,165
1,<environment.Job instance at 0x7f45fb08ed20>,70,14,[2 8],71,194,208,123,179
1,<environment.Job instance at 0x7f45fb08e410>,72,15,[2 7],73,208,223,135,194
1,<environment.Job instance at 0x7f45fb08ec80>,63,24,[3 5],64,223,247,159,220
1,<environment.Job instance at 0x7f45fb1d07d0>,9,15,[5 5],10,10,25,0,10
1,<environment.Job instance at 0x7f45fb2a8d20>,13,3,[9 3],14,25,28,11,14
1,<environment.Job instance at 0x7f45b74f4640>,25,17,[5 9],26,28,45,2,26
1,<environment.Job instance at 0x7f45fb220640>,23,2,[9 4],24,47,49,23,47
1,<environment.Job instance at 0x7f45fb2205f0>,24,17,[5 9],25,49,66,24,47
1,<environment.Job instance at 0x7f45b7319aa0>,28,17,[4 9],29,66,83,37,54
1,<environment.Job instance at 0x7f45b73f6690>,30,3,[10  4],31,83,86,52,58
1,<environment.Job instance at 0x7f45fd5b5690>,33,1,[6 2],34,86,87,52,60
1,<environment.Job instance at 0x7f45fb29b370>,34,2,[8 4],35,87,89,52,60
1,<environment.Job instance at 0x7f45b77880a0>,37,18,[5 4],38,89,107,51,78
1,<environment.Job instance at 0x7f45fd6b3a50>,43,16,[3 9],44,107,123,63,99
1,<environment.Job instance at 0x7f45fd514140>,44,13,[10  1],45,123,136,78,117
1,<environment.Job instance at 0x7f45fd5147d0>,50,2,[5 5],51,136,138,85,124
1,<environment.Job instance at 0x7f45fd514d70>,51,17,[3 7],52,138,155,86,126
1,<environment.Job instance at 0x7f45b74bc230>,55,3,[9 3],56,155,158,99,142
1,<environment.Job instance at 0x7f45b74bceb0>,54,18,[8 2],55,158,176,103,148
1,<environment.Job instance at 0x7f45b74bca50>,59,13,[4 7],60,176,189,116,161
1,<environment.Job instance at 0x7f45fda950f0>,60,14,[6 3],61,176,190,115,161
1,<environment.Job instance at 0x7f45fd693c30>,65,12,[5 9],66,190,202,124,173
1,<environment.Job instance at 0x7f45b76a6fa0>,72,1,[4 6],73,189,190,116,182
1,<environment.Job instance at 0x7f45b74566e0>,74,1,[5 8],75,202,203,127,186
1,<environment.Job instance at 0x7f45b7456f00>,75,3,[7 3],76,203,206,127,186
1,<environment.Job instance at 0x7f45b74562d0>,76,2,[5 5],77,206,208,129,186
1,<environment.Job instance at 0x7f45fb111b90>,77,3,[ 1 10],78,208,211,130,186
1,<environment.Job instance at 0x7f45b7456320>,73,18,[ 3 10],74,211,229,137,200
1,<environment.Job instance at 0x7f45b74f0140>,79,2,[10  1],80,229,231,149,203
1,<environment.Job instance at 0x7f45fb0729b0>,5,2,[1 8],6,6,8,0,6
1,<environment.Job instance at 0x7f45fada3b40>,10,1,[1 6],11,12,13,1,12
1,<environment.Job instance at 0x7f45fada35f0>,13,12,[9 4],14,16,28,2,16
1,<environment.Job instance at 0x7f45fd68b0a0>,14,18,[5 3],15,28,46,13,17
1,<environment.Job instance at 0x7f45fb2b2370>,21,1,[5 7],22,28,29,6,22
1,<environment.Job instance at 0x7f45fd3ae3c0>,12,13,[5 2],13,37,50,24,37
1,<environment.Job instance at 0x7f45fb2b2870>,27,3,[10  2],28,50,53,22,38
1,<environment.Job instance at 0x7f45fb2b2780>,25,1,[7 1],26,53,54,27,39
1,<environment.Job instance at 0x7f45fb2b2640>,26,17,[2 7],27,53,70,26,41
1,<environment.Job instance at 0x7f45fb2b2d70>,35,2,[4 9],36,70,72,34,53
1,<environment.Job instance at 0x7f45fb2b2e10>,36,18,[7 2],37,72,90,35,62
1,<environment.Job instance at 0x7f45fb2e8500>,47,17,[3 7],48,81,98,33,81
1,<environment.Job instance at 0x7f45fb2e8820>,48,16,[8 5],49,98,114,49,85
1,<environment.Job instance at 0x7f45fb2e8aa0>,51,12,[4 8],52,114,126,62,97
1,<environment.Job instance at 0x7f45fb2e6280>,61,12,[10  5],62,126,138,64,109
1,<environment.Job instance at 0x7f45fb2e6500>,62,15,[ 5 10],63,138,153,75,124
1,<environment.Job instance at 0x7f45fb2e6e60>,76,12,[3 8],77,153,165,76,143
1,<environment.Job instance at 0x7f45fb2e6fa0>,77,3,[6 4],78,165,168,87,144
1,<environment.Job instance at 0x7f45fb2b5140>,80,18,[9 4],81,168,186,87,157
1,<environment.Job instance at 0x7f45fb2b54b0>,85,2,[1 6],86,167,169,81,167
1,<environment.Job instance at 0x7f45fb2b5640>,86,13,[2 9],87,186,199,99,170
1,<environment.Job instance at 0x7f45fb2b55a0>,87,1,[9 4],88,199,200,111,171
1,<environment.Job instance at 0x7f45fb2b58c0>,91,15,[10  3],92,200,215,108,199
1,<environment.Job instance at 0x7f45fb2b5960>,92,18,[1 9],93,215,233,122,206
1,<environment.Job instance at 0x7f45fd3ae730>,2,14,[7 1],3,3,17,0,3
1,<environment.Job instance at 0x7f45fd5315f0>,3,17,[3 7],4,4,21,0,4
1,<environment.Job instance at 0x7f45b71a14b0>,8,2,[7 4],9,21,23,12,9
1,<environment.Job instance at 0x7f45fb122b90>,10,14,[6 3],11,23,37,12,11
1,<environment.Job instance at 0x7f45fd55f050>,16,3,[5 5],17,37,40,20,21
1,<environment.Job instance at 0x7f45fb122a50>,15,13,[10  4],16,40,53,24,24
1,<environment.Job instance at 0x7f45fd8c0050>,21,1,[9 5],22,53,54,31,26
1,<environment.Job instance at 0x7f45fd8c08c0>,23,17,[7 2],24,54,71,30,48
1,<environment.Job instance at 0x7f45fd8c0640>,27,15,[2 5],28,54,69,26,53
1,<environment.Job instance at 0x7f45fd6a95f0>,29,3,[6 3],30,71,74,41,54
1,<environment.Job instance at 0x7f45fd6a9eb0>,30,12,[8 4],31,74,86,43,57
1,<environment.Job instance at 0x7f45fd6a92d0>,33,18,[8 3],34,86,104,52,75
1,<environment.Job instance at 0x7f45b71a15a0>,12,16,[6 1],13,104,120,91,97
1,<environment.Job instance at 0x7f45b73d7370>,47,17,[8 3],48,120,137,72,108
1,<environment.Job instance at 0x7f45fd6a94b0>,34,12,[7 5],35,137,149,102,120
1,<environment.Job instance at 0x7f45fade16e0>,59,3,[4 7],60,149,152,89,124
1,<environment.Job instance at 0x7f45fd52cfa0>,62,15,[ 1 10],63,152,167,89,138
1,<environment.Job instance at 0x7f45b7487500>,65,18,[10  4],66,167,185,101,156
1,<environment.Job instance at 0x7f45b6fc6230>,69,1,[10  5],70,185,186,115,159
1,<environment.Job instance at 0x7f45b6fc6140>,70,15,[10  5],71,186,201,115,172
1,<environment.Job instance at 0x7f45fd8e9190>,77,17,[2 7],78,201,218,123,189
1,<environment.Job instance at 0x7f45fd8e99b0>,82,3,[6 3],83,201,204,118,196
1,<environment.Job instance at 0x7f45b73d7230>,48,14,[9 3],49,218,232,169,203
1,<environment.Job instance at 0x7f45fd6e3fa0>,2,18,[6 5],3,3,21,0,3
1,<environment.Job instance at 0x7f45fd8a14b0>,13,12,[2 8],14,21,33,7,17
1,<environment.Job instance at 0x7f45fd8a1fa0>,14,18,[6 5],15,33,51,18,22
1,<environment.Job instance at 0x7f45fd8a1c30>,20,15,[4 9],21,51,66,30,46
1,<environment.Job instance at 0x7f45faddfb40>,9,14,[3 7],10,66,80,56,62
1,<environment.Job instance at 0x7f45b7245af0>,28,17,[7 4],29,80,97,51,68
1,<environment.Job instance at 0x7f45b7245320>,33,18,[3 7],34,97,115,63,86
1,<environment.Job instance at 0x7f45b7098500>,44,18,[2 9],45,115,133,70,115
1,<environment.Job instance at 0x7f45fd8a1f00>,10,17,[9 5],11,138,155,127,138
1,<environment.Job instance at 0x7f45b7098d20>,50,17,[2 7],51,155,172,104,143
1,<environment.Job instance at 0x7f45b7245910>,27,16,[2 6],28,172,188,144,163
1,<environment.Job instance at 0x7f45fb1d8140>,56,2,[5 5],57,188,190,131,163
1,<environment.Job instance at 0x7f45fb1d8870>,58,3,[4 5],59,188,191,129,168
1,<environment.Job instance at 0x7f45fb1d8820>,59,1,[5 7],60,191,192,131,168
1,<environment.Job instance at 0x7f45fb1d8960>,55,2,[9 4],56,192,194,136,168
1,<environment.Job instance at 0x7f45fb1d8730>,63,3,[9 5],64,194,197,130,169
1,<environment.Job instance at 0x7f45b752fd70>,64,17,[6 3],65,169,186,104,169
1,<environment.Job instance at 0x7f45b752f730>,66,15,[7 3],67,197,212,130,183
1,<environment.Job instance at 0x7f45fb1d8460>,57,14,[4 5],58,212,226,154,197
1,<environment.Job instance at 0x7f45b752faf0>,73,13,[5 1],74,212,225,138,199
1,<environment.Job instance at 0x7f45b752f190>,69,14,[ 1 10],70,226,240,156,211
1,<environment.Job instance at 0x7f45b74a3b90>,77,3,[2 9],78,240,243,162,218
1,<environment.Job instance at 0x7f45b74a3960>,78,2,[5 1],79,240,242,161,218
1,<environment.Job instance at 0x7f45fd75a0f0>,9,13,[4 7],10,10,23,0,10
1,<environment.Job instance at 0x7f45faf272d0>,12,15,[5 5],13,23,38,10,13
1,<environment.Job instance at 0x7f45b738d550>,13,12,[9 5],14,38,50,24,21
1,<environment.Job instance at 0x7f45fd5b3460>,17,17,[3 7],18,50,67,32,38
1,<environment.Job instance at 0x7f45fd5b30f0>,18,16,[7 5],19,67,83,48,54
1,<environment.Job instance at 0x7f45fd84c4b0>,31,14,[10  5],32,83,97,51,68
1,<environment.Job instance at 0x7f45fd83e7d0>,35,15,[7 2],36,97,112,61,86
1,<environment.Job instance at 0x7f45b7045910>,14,18,[ 3 10],15,112,130,97,108
1,<environment.Job instance at 0x7f45b770cd70>,43,3,[ 3 10],44,130,133,86,119
1,<environment.Job instance at 0x7f45fd841dc0>,44,3,[2 9],45,133,136,88,119
1,<environment.Job instance at 0x7f45fd841a00>,45,2,[5 3],46,136,138,90,119
1,<environment.Job instance at 0x7f45b7722280>,46,15,[3 6],47,136,151,89,123
1,<environment.Job instance at 0x7f45b7722460>,47,3,[3 5],48,151,154,103,127
1,<environment.Job instance at 0x7f45b7722640>,51,17,[6 1],52,153,170,101,153
1,<environment.Job instance at 0x7f45fb1b48c0>,53,2,[ 1 10],54,180,182,126,180
1,<environment.Job instance at 0x7f45b774fb90>,54,3,[5 4],55,182,185,127,180
1,<environment.Job instance at 0x7f45fd9a1730>,55,2,[4 7],56,185,187,129,180
1,<environment.Job instance at 0x7f45fd725320>,56,14,[8 5],57,187,201,130,180
1,<environment.Job instance at 0x7f45fb029640>,49,2,[7 2],50,201,203,151,181
1,<environment.Job instance at 0x7f45fafdfd70>,60,16,[5 2],61,203,219,142,190
1,<environment.Job instance at 0x7f45fb05f5f0>,61,3,[5 7],62,203,206,141,190
1,<environment.Job instance at 0x7f45fadc0eb0>,64,3,[5 4],65,206,209,141,206
1,<environment.Job instance at 0x7f45b77741e0>,59,18,[2 5],60,209,227,149,207
1,<environment.Job instance at 0x7f45fd756f00>,66,2,[3 7],67,227,229,160,208
1,<environment.Job instance at 0x7f45fd756820>,67,3,[10  3],68,229,232,161,208
1,<environment.Job instance at 0x7f45fadc0640>,68,3,[1 5],69,219,222,150,208
1,<environment.Job instance at 0x7f45fd97beb0>,70,2,[3 7],71,232,234,161,216
1,<environment.Job instance at 0x7f45fd97b050>,71,12,[9 4],72,234,246,162,217
1,<environment.Job instance at 0x7f45b769a960>,6,17,[7 1],7,7,24,0,7
1,<environment.Job instance at 0x7f45faef8280>,15,2,[ 3 10],16,24,26,8,16
1,<environment.Job instance at 0x7f45faef8960>,17,12,[8 1],18,26,38,8,18
1,<environment.Job instance at 0x7f4602231190>,25,14,[4 5],26,45,59,19,45
1,<environment.Job instance at 0x7f45fd409f00>,29,12,[7 5],30,59,71,29,46
1,<environment.Job instance at 0x7f45b7792a50>,34,13,[6 3],35,71,84,36,60
1,<environment.Job instance at 0x7f45fd8eb410>,38,18,[2 9],39,84,102,45,76
1,<environment.Job instance at 0x7f45b76f3dc0>,41,16,[ 4 10],42,102,118,60,98
1,<environment.Job instance at 0x7f45b77259b0>,49,15,[7 2],50,118,133,68,108
1,<environment.Job instance at 0x7f45b74faeb0>,60,14,[3 8],61,118,132,57,108
1,<environment.Job instance at 0x7f45b74fae10>,61,16,[6 5],62,133,149,71,120
1,<environment.Job instance at 0x7f45b747f280>,66,13,[7 5],67,149,162,82,133
1,<environment.Job instance at 0x7f45b71e4d70>,24,14,[ 1 10],25,162,176,137,147
1,<environment.Job instance at 0x7f45b7055050>,73,1,[9 5],74,176,177,102,154
1,<environment.Job instance at 0x7f45b7055190>,75,2,[ 4 10],76,177,179,101,165
1,<environment.Job instance at 0x7f45fafa8280>,76,2,[7 2],77,179,181,102,165
1,<environment.Job instance at 0x7f45fafa8820>,77,1,[9 4],78,181,182,103,166
1,<environment.Job instance at 0x7f45fafa8190>,78,3,[5 2],79,182,185,103,168
1,<environment.Job instance at 0x7f45fafa8550>,81,2,[9 4],82,185,187,103,171
1,<environment.Job instance at 0x7f45b74115a0>,84,13,[10  1],85,187,200,102,179
1,<environment.Job instance at 0x7f45b744b780>,87,18,[7 5],88,200,218,112,198
1,<environment.Job instance at 0x7f45fb0d5960>,90,1,[5 1],91,218,219,127,199
1,<environment.Job instance at 0x7f45b744b0f0>,88,2,[9 5],89,219,221,130,203
1,<environment.Job instance at 0x7f45fb0d5f00>,91,18,[5 9],92,221,239,129,211
1,<environment.Job instance at 0x7f45fb1497d0>,2,18,[ 1 10],3,4,22,1,4
1,<environment.Job instance at 0x7f45b7444be0>,5,18,[6 1],6,22,40,16,11
1,<environment.Job instance at 0x7f45b6ddd4b0>,13,15,[7 2],14,40,55,26,26
1,<environment.Job instance at 0x7f45b6ddd780>,18,17,[3 6],19,27,44,8,27
1,<environment.Job instance at 0x7f45fd3ca8c0>,7,3,[6 4],8,55,58,47,35
1,<environment.Job instance at 0x7f45fd880fa0>,30,13,[4 7],31,58,71,27,51
1,<environment.Job instance at 0x7f45fd880d70>,34,14,[1 7],35,71,85,36,56
1,<environment.Job instance at 0x7f45fd880410>,35,13,[10  4],36,85,98,49,69
1,<environment.Job instance at 0x7f45fd880dc0>,42,14,[5 6],43,98,112,55,83
1,<environment.Job instance at 0x7f45b6dddc80>,23,14,[9 2],24,112,126,88,100
1,<environment.Job instance at 0x7f45fd8a9a50>,47,3,[9 2],48,126,129,78,102
1,<environment.Job instance at 0x7f45fd8a9d20>,48,3,[9 1],49,129,132,80,103
1,<environment.Job instance at 0x7f45fd8a9820>,50,2,[5 6],51,132,134,81,107
1,<environment.Job instance at 0x7f45fd8a95f0>,53,3,[3 7],54,134,137,80,117
1,<environment.Job instance at 0x7f45fd8a9dc0>,54,14,[5 8],55,137,151,82,122
1,<environment.Job instance at 0x7f45fd8a9140>,60,3,[5 9],61,151,154,90,140
1,<environment.Job instance at 0x7f45fd8a91e0>,61,15,[7 4],62,154,169,92,140
1,<environment.Job instance at 0x7f45fd8a9280>,65,14,[ 2 10],66,169,183,103,154
1,<environment.Job instance at 0x7f45fd8a9af0>,51,16,[9 3],52,183,199,131,174
1,<environment.Job instance at 0x7f45b6f76e10>,74,15,[7 5],75,199,214,124,185
1,<environment.Job instance at 0x7f45b6f76c30>,80,18,[1 7],81,214,232,133,213
1,<environment.Job instance at 0x7f45b6f765f0>,82,3,[4 7],83,232,235,149,213
1,<environment.Job instance at 0x7f45fd8a9640>,55,13,[7 3],56,219,232,163,219
1,<environment.Job instance at 0x7f45b71e63c0>,4,15,[2 8],5,5,20,0,5
1,<environment.Job instance at 0x7f45fd3fb500>,7,18,[5 9],8,20,38,12,10
1,<environment.Job instance at 0x7f45b76bcb90>,12,13,[3 8],13,38,51,25,22
1,<environment.Job instance at 0x7f45fd7c45a0>,17,16,[2 5],18,51,67,33,38
1,<environment.Job instance at 0x7f45fd7c4cd0>,18,15,[5 5],19,51,66,32,38
1,<environment.Job instance at 0x7f45b76bc5a0>,14,12,[6 3],15,66,78,51,49
1,<environment.Job instance at 0x7f45fd7c4b90>,27,15,[3 8],28,78,93,50,64
1,<environment.Job instance at 0x7f45b6e09370>,13,12,[5 7],14,93,105,79,79
1,<environment.Job instance at 0x7f45fd7cd460>,39,15,[8 4],40,105,120,65,93
1,<environment.Job instance at 0x7f45fd7db4b0>,44,17,[7 2],45,120,137,75,108
1,<environment.Job instance at 0x7f45fd7d8640>,47,14,[3 8],48,120,134,72,108
1,<environment.Job instance at 0x7f45b718bd70>,51,12,[ 5 10],52,137,149,85,120
1,<environment.Job instance at 0x7f45b71a56e0>,58,3,[9 2],59,149,152,90,123
1,<environment.Job instance at 0x7f45fd7d59b0>,33,13,[5 5],34,152,165,118,137
1,<environment.Job instance at 0x7f45fd3f4d70>,62,3,[8 5],63,165,168,102,140
1,<environment.Job instance at 0x7f45fb133e60>,64,14,[2 5],65,152,166,87,140
1,<environment.Job instance at 0x7f45fb1331e0>,68,3,[2 6],69,168,171,99,147
1,<environment.Job instance at 0x7f45fb133a00>,70,13,[1 5],71,171,184,100,155
1,<environment.Job instance at 0x7f45fb15d2d0>,77,1,[ 3 10],78,184,185,106,175
1,<environment.Job instance at 0x7f45fd7aefa0>,30,16,[10  1],31,185,201,154,175
1,<environment.Job instance at 0x7f45fb15df50>,79,2,[ 5 10],80,201,203,121,175
1,<environment.Job instance at 0x7f45fac71c80>,81,1,[10  4],82,203,204,121,175
1,<environment.Job instance at 0x7f45fac714b0>,83,2,[5 4],84,178,180,94,178
1,<environment.Job instance at 0x7f45fac71f50>,84,18,[2 6],85,204,222,119,199
1,<environment.Job instance at 0x7f45fac805f0>,87,3,[7 2],88,204,207,116,201
1,<environment.Job instance at 0x7f45fac713c0>,86,17,[3 9],87,222,239,135,212
1,<environment.Job instance at 0x7f45fd7d57d0>,2,15,[5 7],3,3,18,0,3
1,<environment.Job instance at 0x7f45fdacd730>,11,15,[4 5],12,18,33,6,14
1,<environment.Job instance at 0x7f45fdae6820>,15,2,[2 9],16,33,35,17,16
1,<environment.Job instance at 0x7f45fac806e0>,8,14,[5 4],9,18,32,9,17
1,<environment.Job instance at 0x7f45fdae6af0>,16,3,[5 6],17,35,38,18,17
1,<environment.Job instance at 0x7f45b744a960>,10,18,[6 2],11,38,56,27,28
1,<environment.Job instance at 0x7f45fd7decd0>,21,2,[6 1],22,32,34,10,28
1,<environment.Job instance at 0x7f45fd488af0>,24,3,[5 8],25,56,59,31,31
1,<environment.Job instance at 0x7f45fd7de1e0>,20,13,[10  5],21,59,72,38,43
1,<environment.Job instance at 0x7f45fd54e640>,28,2,[7 1],29,72,74,43,45
1,<environment.Job instance at 0x7f45fb298a00>,29,1,[4 9],30,74,75,44,46
1,<environment.Job instance at 0x7f45b6e700f0>,31,3,[8 3],32,75,78,43,49
1,<environment.Job instance at 0x7f45b74fac80>,37,2,[5 2],38,78,80,40,61
1,<environment.Job instance at 0x7f45b74fa960>,38,16,[2 8],39,78,94,39,69
1,<environment.Job instance at 0x7f45b74fadc0>,41,2,[5 4],42,94,96,52,69
1,<environment.Job instance at 0x7f45fd7f7e60>,45,15,[3 7],46,96,111,50,86
1,<environment.Job instance at 0x7f45fd7f79b0>,50,2,[5 9],51,111,113,60,97
1,<environment.Job instance at 0x7f45fd7f7a50>,51,3,[6 5],52,113,116,61,97
1,<environment.Job instance at 0x7f45fac8cf00>,55,12,[5 5],56,116,128,60,101
1,<environment.Job instance at 0x7f45fd7f7f00>,52,13,[4 9],53,128,141,75,114
1,<environment.Job instance at 0x7f45fb0330a0>,58,3,[ 5 10],59,141,144,82,119
1,<environment.Job instance at 0x7f45fb033fa0>,61,3,[2 5],62,119,122,57,119
1,<environment.Job instance at 0x7f45fd83d2d0>,63,15,[3 5],64,144,159,80,131
1,<environment.Job instance at 0x7f45fb033690>,59,15,[10  1],60,159,174,99,145
1,<environment.Job instance at 0x7f45fd82feb0>,67,3,[10  2],68,174,177,106,149
1,<environment.Job instance at 0x7f45fd82f0f0>,69,3,[2 8],70,177,180,107,151
1,<environment.Job instance at 0x7f45fac8c2d0>,53,13,[5 5],54,180,193,126,164
1,<environment.Job instance at 0x7f45fd82fa50>,68,15,[7 3],69,193,208,124,179
1,<environment.Job instance at 0x7f45fac725f0>,79,14,[7 4],80,208,222,128,193
1,<environment.Job instance at 0x7f45fac72140>,76,17,[2 5],77,197,214,120,197
1,<environment.Job instance at 0x7f45fadd3190>,87,17,[4 5],88,222,239,134,214
1,<environment.Job instance at 0x7f45fd9f2640>,3,17,[ 4 10],4,4,21,0,4
1,<environment.Job instance at 0x7f45faf9f0f0>,11,16,[5 5],12,21,37,9,12
1,<environment.Job instance at 0x7f45faf9f140>,12,13,[5 5],13,21,34,8,13
1,<environment.Job instance at 0x7f45faf9f370>,13,12,[1 5],14,34,46,20,17
1,<environment.Job instance at 0x7f45faf9f050>,18,13,[7 3],19,37,50,18,24
1,<environment.Job instance at 0x7f45b6e999b0>,28,3,[1 8],29,56,59,27,56
1,<environment.Job instance at 0x7f45b6e99af0>,29,17,[8 3],30,59,76,29,56
1,<environment.Job instance at 0x7f45b6e99a00>,33,18,[2 7],34,59,77,25,56
1,<environment.Job instance at 0x7f45b6e99c30>,35,15,[10  1],36,77,92,41,64
1,<environment.Job instance at 0x7f45faf9f500>,15,19,[5 1],16,92,111,76,83
1,<environment.Job instance at 0x7f45b6dea820>,44,19,[3 6],45,92,111,47,83
1,<environment.Job instance at 0x7f45b6deaf50>,50,15,[ 4 10],51,111,126,60,107
1,<environment.Job instance at 0x7f45b6deae60>,52,15,[7 5],53,126,141,73,112
1,<environment.Job instance at 0x7f45b7093c80>,66,15,[8 4],67,141,156,74,135
1,<environment.Job instance at 0x7f45b7093960>,73,12,[9 4],74,156,168,82,147
1,<environment.Job instance at 0x7f45fad450f0>,82,16,[4 9],83,168,184,85,167
1,<environment.Job instance at 0x7f45fad45af0>,91,17,[5 8],92,192,209,100,192
1,<environment.Job instance at 0x7f45b6e39190>,5,1,[1 6],6,7,8,1,7
1,<environment.Job instance at 0x7f45b6e8edc0>,4,18,[8 1],5,8,26,3,8
1,<environment.Job instance at 0x7f45b6d13c30>,9,14,[ 5 10],10,26,40,16,11
1,<environment.Job instance at 0x7f45b6d13e60>,15,1,[7 3],16,40,41,24,21
1,<environment.Job instance at 0x7f45b6d6cdc0>,16,1,[3 9],17,41,42,24,21
1,<environment.Job instance at 0x7f45fd5a5b40>,11,13,[ 3 10],12,42,55,30,29
1,<environment.Job instance at 0x7f45b6d13190>,10,18,[5 7],11,55,73,44,47
1,<environment.Job instance at 0x7f45b6d6cf00>,17,16,[6 3],18,73,89,55,73
1,<environment.Job instance at 0x7f45b759fc30>,28,1,[ 3 10],29,89,90,60,74
1,<environment.Job instance at 0x7f45b759ff00>,33,2,[2 9],34,90,92,56,75
1,<environment.Job instance at 0x7f45b759f7d0>,34,18,[1 8],35,92,110,57,91
1,<environment.Job instance at 0x7f45b6d715a0>,32,3,[6 3],33,110,113,77,91
1,<environment.Job instance at 0x7f45fad10dc0>,36,3,[7 5],37,113,116,76,91
1,<environment.Job instance at 0x7f45b7739500>,40,1,[5 6],41,116,117,75,108
1,<environment.Job instance at 0x7f45b7739eb0>,41,2,[4 7],42,110,112,68,108
1,<environment.Job instance at 0x7f45b7739640>,42,17,[5 5],43,117,134,74,108
1,<environment.Job instance at 0x7f45fd865eb0>,47,16,[6 1],48,134,150,86,125
1,<environment.Job instance at 0x7f45fd865e60>,49,16,[9 2],50,150,166,100,137
1,<environment.Job instance at 0x7f45fd8548c0>,59,16,[6 3],60,166,182,106,153
1,<environment.Job instance at 0x7f45fd854a00>,61,13,[6 4],62,182,195,120,166
1,<environment.Job instance at 0x7f45fd8314b0>,65,14,[5 5],66,195,209,129,180
1,<environment.Job instance at 0x7f45fad10690>,35,21,[6 2],36,209,230,173,209
1,<environment.Job instance at 0x7f45fd859780>,74,2,[9 2],75,230,232,155,209
1,<environment.Job instance at 0x7f45fd831fa0>,73,1,[7 3],74,232,233,158,215
1,<environment.Job instance at 0x7f45fd831730>,76,3,[5 1],77,233,236,156,215
1,<environment.Job instance at 0x7f45fd859c80>,78,3,[ 4 10],79,236,239,157,216
1,<environment.Job instance at 0x7f45fd859aa0>,80,3,[ 1 10],81,239,242,158,218
1,<environment.Job instance at 0x7f0a676601e0>,2,14,[ 2 10],3,4,18,1,4
1,<environment.Job instance at 0x7f0a665015a0>,6,15,[2 8],7,18,33,11,7
1,<environment.Job instance at 0x7f0a66501870>,9,12,[8 2],10,18,30,8,10
1,<environment.Job instance at 0x7f0a66501a50>,11,3,[4 9],12,33,36,21,13
1,<environment.Job instance at 0x7f0a66501be0>,13,18,[5 9],14,36,54,22,25
1,<environment.Job instance at 0x7f0a66505280>,21,18,[9 4],22,54,72,32,51
1,<environment.Job instance at 0x7f0a66501f00>,16,18,[7 3],17,72,90,55,62
1,<environment.Job instance at 0x7f0a66505aa0>,29,2,[4 7],30,90,92,60,74
1,<environment.Job instance at 0x7f0a66505dc0>,33,26,[3 6],34,92,118,58,90
1,<environment.Job instance at 0x7f0a66505f50>,39,14,[9 4],40,118,132,78,104
1,<environment.Job instance at 0x7f0a665021e0>,41,1,[7 1],42,116,117,74,116
1,<environment.Job instance at 0x7f0a665022d0>,43,12,[4 5],44,132,144,88,116
1,<environment.Job instance at 0x7f0a66502230>,42,2,[4 7],43,144,146,101,118
1,<environment.Job instance at 0x7f0a665024b0>,46,2,[3 5],47,132,134,85,118
1,<environment.Job instance at 0x7f0a665025f0>,48,12,[9 2],49,146,158,97,129
1,<environment.Job instance at 0x7f0a66502fa0>,54,18,[7 1],55,158,176,103,147
1,<environment.Job instance at 0x7f0a6650a190>,58,17,[3 7],59,158,175,99,147
1,<environment.Job instance at 0x7f0a6650a730>,67,16,[1 9],68,175,191,107,162
1,<environment.Job instance at 0x7f0a6650abe0>,69,14,[9 4],70,191,205,121,176
1,<environment.Job instance at 0x7f0a66502690>,49,17,[10  2],50,205,222,155,196
1,<environment.Job instance at 0x7f0a66508230>,80,1,[5 5],81,222,223,141,196
1,<environment.Job instance at 0x7f0a66508550>,85,15,[1 7],86,223,238,137,209
1,<environment.Job instance at 0x7f0a66519960>,2,1,[9 2],3,4,5,1,4
1,<environment.Job instance at 0x7f0a6651a960>,5,17,[10  4],6,7,24,1,7
1,<environment.Job instance at 0x7f0a6651ad20>,8,2,[9 1],9,24,26,15,9
1,<environment.Job instance at 0x7f0a1c64ee60>,13,2,[9 4],14,26,28,12,14
1,<environment.Job instance at 0x7f0a1c64ea00>,15,2,[5 6],16,28,30,12,16
1,<environment.Job instance at 0x7f0a1c64ce10>,14,14,[10  5],15,30,44,15,20
1,<environment.Job instance at 0x7f0a1c64cbe0>,18,2,[8 1],19,44,46,25,25
1,<environment.Job instance at 0x7f0a1c64cb40>,19,14,[ 5 10],20,46,60,26,31
1,<environment.Job instance at 0x7f0a1c650f50>,30,17,[3 5],31,60,77,29,48
1,<environment.Job instance at 0x7f0a1c650550>,31,18,[6 2],32,60,78,28,49
1,<environment.Job instance at 0x7f0a1c6455f0>,40,17,[9 5],41,80,97,39,80
1,<environment.Job instance at 0x7f0a1c6ccc80>,43,12,[1 9],44,98,110,54,98
1,<environment.Job instance at 0x7f0a1c6cf280>,45,15,[5 3],46,124,139,78,124
1,<environment.Job instance at 0x7f0a1c64c0f0>,20,17,[4 7],21,147,164,126,147
1,<environment.Job instance at 0x7f0a1c6670a0>,52,3,[8 2],53,164,167,111,147
1,<environment.Job instance at 0x7f0a1c73f190>,54,3,[5 6],55,167,170,112,148
1,<environment.Job instance at 0x7f0a1c645b90>,37,13,[9 5],38,186,199,148,186
1,<environment.Job instance at 0x7f0a1c886cd0>,59,15,[5 5],60,199,214,139,189
1,<environment.Job instance at 0x7f0a1c73baf0>,62,13,[2 5],63,199,212,136,195
1,<environment.Job instance at 0x7f0a1c73b7d0>,66,16,[1 8],67,214,230,147,208
1,<environment.Job instance at 0x7f0a1c4c81e0>,6,3,[4 5],7,7,10,0,7
1,<environment.Job instance at 0x7f0a1c4a42d0>,7,16,[5 3],8,8,24,0,8
1,<environment.Job instance at 0x7f0a1c4a4f00>,8,14,[7 1],9,24,38,15,9
1,<environment.Job instance at 0x7f0a1c4c8aa0>,10,3,[5 2],11,11,14,0,11
1,<environment.Job instance at 0x7f0a1c4a4c80>,11,3,[9 4],12,38,41,26,14
1,<environment.Job instance at 0x7f0a1c4a40f0>,12,2,[6 5],13,41,43,28,19
1,<environment.Job instance at 0x7f0a1c4a4140>,9,12,[6 3],10,43,55,33,26
1,<environment.Job instance at 0x7f0a1c49abe0>,18,14,[9 4],19,55,69,36,40
1,<environment.Job instance at 0x7f0a1c4a46e0>,13,16,[4 5],14,69,85,55,56
1,<environment.Job instance at 0x7f0a1c5820a0>,22,2,[7 5],23,85,87,62,79
1,<environment.Job instance at 0x7f0a1c49aaa0>,23,16,[ 4 10],24,87,103,63,79
1,<environment.Job instance at 0x7f0a666fbd20>,31,2,[2 9],32,103,105,71,79
1,<environment.Job instance at 0x7f0a1c4a4e60>,15,16,[7 5],16,105,121,89,96
1,<environment.Job instance at 0x7f0a1c4b4c30>,35,3,[10  5],36,121,124,85,96
1,<environment.Job instance at 0x7f0a666fb5a0>,36,2,[5 5],37,124,126,87,97
1,<environment.Job instance at 0x7f0a66392af0>,40,3,[6 2],41,126,129,85,100
1,<environment.Job instance at 0x7f0a1cbe5820>,34,1,[10  5],35,129,130,94,117
1,<environment.Job instance at 0x7f0a1c57ae60>,43,17,[7 1],44,130,147,86,118
1,<environment.Job instance at 0x7f0a1c57a820>,46,13,[2 5],47,130,143,83,127
1,<environment.Job instance at 0x7f0a663634b0>,50,14,[2 9],51,143,157,92,128
1,<environment.Job instance at 0x7f0a669abc30>,32,20,[4 9],33,157,177,124,156
1,<environment.Job instance at 0x7f0a1c514e10>,58,12,[6 4],59,177,189,118,161
1,<environment.Job instance at 0x7f0a1c514f00>,57,14,[3 6],58,177,191,119,162
1,<environment.Job instance at 0x7f0a1c57a410>,51,2,[4 5],52,191,193,139,175
1,<environment.Job instance at 0x7f0a1c5142d0>,67,3,[10  5],68,193,196,125,175
1,<environment.Job instance at 0x7f0a1c4c5e10>,70,12,[3 8],71,196,208,125,186
1,<environment.Job instance at 0x7f0a1c4c5550>,73,2,[10  2],74,208,210,134,197
1,<environment.Job instance at 0x7f0a1c4c52d0>,72,14,[2 8],73,210,224,137,200
1,<environment.Job instance at 0x7f0a1c4accd0>,77,13,[ 5 10],78,224,237,146,208
1,<environment.Job instance at 0x7f0a1c863730>,1,17,[7 5],2,2,19,0,2
1,<environment.Job instance at 0x7f0a1c955820>,5,14,[3 8],6,19,33,13,6
1,<environment.Job instance at 0x7f0a66facbe0>,10,12,[4 5],11,33,45,22,19
1,<environment.Job instance at 0x7f0a6702a280>,13,15,[6 4],14,33,48,19,19
1,<environment.Job instance at 0x7f0a1c89b9b0>,11,2,[7 2],12,26,28,14,26
1,<environment.Job instance at 0x7f0a6638cf50>,22,14,[5 3],23,48,62,25,35
1,<environment.Job instance at 0x7f0a665cfd70>,20,12,[3 7],21,48,60,27,35
1,<environment.Job instance at 0x7f0a6709bcd0>,23,12,[2 7],24,60,72,36,43
1,<environment.Job instance at 0x7f0a668310f0>,27,3,[3 5],28,45,48,17,43
1,<environment.Job instance at 0x7f0a665d1870>,26,3,[6 4],27,72,75,45,49
1,<environment.Job instance at 0x7f0a66607f50>,14,3,[2 8],15,75,78,60,57
1,<environment.Job instance at 0x7f0a66739460>,30,13,[5 5],31,78,91,47,62
1,<environment.Job instance at 0x7f0a66923b90>,38,3,[3 7],39,91,94,52,71
1,<environment.Job instance at 0x7f0a66923eb0>,39,3,[5 8],40,94,97,54,71
1,<environment.Job instance at 0x7f0a66977b40>,48,2,[9 3],49,97,99,48,93
1,<environment.Job instance at 0x7f0a66574af0>,49,3,[4 7],50,99,102,49,93
1,<environment.Job instance at 0x7f0a66574eb0>,52,16,[10  4],53,102,118,49,94
1,<environment.Job instance at 0x7f0a665749b0>,58,1,[9 2],59,133,134,74,133
1,<environment.Job instance at 0x7f0a66574d70>,59,18,[5 8],60,136,154,76,136
1,<environment.Job instance at 0x7f0a66bb95a0>,63,2,[5 9],64,154,156,90,149
1,<environment.Job instance at 0x7f0a66bb9d70>,64,16,[6 1],65,156,172,91,149
1,<environment.Job instance at 0x7f0a666ba7d0>,69,3,[6 3],70,172,175,102,156
1,<environment.Job instance at 0x7f0a666ba370>,70,3,[2 9],71,159,162,88,159
1,<environment.Job instance at 0x7f0a6654aeb0>,71,14,[9 2],72,175,189,103,160
1,<environment.Job instance at 0x7f0a664eceb0>,73,2,[7 2],74,189,191,115,173
1,<environment.Job instance at 0x7f0a664ecd20>,75,1,[5 4],76,191,192,115,173
1,<environment.Job instance at 0x7f0a664ec5f0>,74,3,[ 5 10],75,192,195,117,176
1,<environment.Job instance at 0x7f0a66560cd0>,78,15,[2 8],79,195,210,116,181
1,<environment.Job instance at 0x7f0a6660c960>,80,14,[7 2],81,195,209,114,186
1,<environment.Job instance at 0x7f0a666350f0>,84,12,[3 9],85,210,222,125,194
1,<environment.Job instance at 0x7f0a665c4050>,89,18,[3 8],90,222,240,132,213
1,<environment.Job instance at 0x7f0a1c953230>,0,17,[10  2],1,3,20,2,3
1,<environment.Job instance at 0x7f0a1c82caa0>,8,3,[ 1 10],9,20,23,11,13
1,<environment.Job instance at 0x7f0a1c90cc80>,9,3,[3 7],10,23,26,13,13
1,<environment.Job instance at 0x7f0a1c613410>,6,14,[8 4],7,26,40,19,13
1,<environment.Job instance at 0x7f0a1c94c7d0>,10,14,[5 8],11,40,54,29,25
1,<environment.Job instance at 0x7f0a1cbea500>,20,3,[1 9],21,54,57,33,30
1,<environment.Job instance at 0x7f0a66fd20a0>,23,1,[1 6],24,57,58,33,45
1,<environment.Job instance at 0x7f0a6666c230>,13,1,[5 5],14,58,59,44,45
1,<environment.Job instance at 0x7f0a6666c4b0>,12,18,[6 2],13,59,77,46,48
1,<environment.Job instance at 0x7f0a6630da00>,27,15,[9 1],28,77,92,49,68
1,<environment.Job instance at 0x7f0a663a33c0>,30,13,[5 4],31,92,105,61,88
1,<environment.Job instance at 0x7f0a6636f3c0>,32,3,[9 5],33,105,108,72,97
1,<environment.Job instance at 0x7f0a66c8e690>,33,3,[1 8],34,108,111,74,97
1,<environment.Job instance at 0x7f0a66c8eb90>,35,15,[6 2],36,108,123,72,97
1,<environment.Job instance at 0x7f0a6637eaf0>,38,2,[2 7],39,111,113,72,98
1,<environment.Job instance at 0x7f0a6637e730>,41,18,[4 9],42,123,141,81,112
1,<environment.Job instance at 0x7f0a6637f1e0>,48,14,[8 5],49,141,155,92,137
1,<environment.Job instance at 0x7f0a6637fe60>,49,16,[7 4],50,155,171,105,142
1,<environment.Job instance at 0x7f0a6637e4b0>,39,17,[6 2],40,171,188,131,159
1,<environment.Job instance at 0x7f0a6638d320>,56,3,[4 9],57,188,191,131,168
1,<environment.Job instance at 0x7f0a6638d1e0>,57,2,[1 6],58,168,170,110,168
1,<environment.Job instance at 0x7f0a6638daf0>,59,15,[1 6],60,170,185,110,169
1,<environment.Job instance at 0x7f0a6638da50>,60,12,[2 9],61,191,203,130,177
1,<environment.Job instance at 0x7f0a6638deb0>,61,15,[8 1],62,191,206,129,187
1,<environment.Job instance at 0x7f0a6638d9b0>,64,2,[2 7],65,203,205,138,188
1,<environment.Job instance at 0x7f0a6638d550>,67,14,[7 2],68,206,220,138,191
1,<environment.Job instance at 0x7f0a66376eb0>,70,16,[5 4],71,220,236,149,207
1,<environment.Job instance at 0x7f0a66376050>,72,3,[3 7],73,207,210,134,207
1,<environment.Job instance at 0x7f0a66376d20>,74,17,[3 5],75,210,227,135,208
1,<environment.Job instance at 0x7f0a668ead20>,8,13,[ 3 10],9,9,22,0,9
1,<environment.Job instance at 0x7f0a668ea370>,9,14,[4 7],10,22,36,12,12
1,<environment.Job instance at 0x7f0a667d50f0>,16,13,[8 5],17,36,49,19,20
1,<environment.Job instance at 0x7f0a667d5140>,20,3,[ 1 10],21,49,52,28,32
1,<environment.Job instance at 0x7f0a66306c80>,23,3,[4 8],24,52,55,28,32
1,<environment.Job instance at 0x7f0a66306af0>,24,12,[3 7],25,55,67,30,38
1,<environment.Job instance at 0x7f0a66306cd0>,28,15,[6 2],29,52,67,23,40
1,<environment.Job instance at 0x7f0a66b8e870>,38,16,[8 4],39,76,92,37,76
1,<environment.Job instance at 0x7f0a66873e10>,44,13,[7 3],45,97,110,52,97
1,<environment.Job instance at 0x7f0a66306140>,32,14,[8 5],33,110,124,77,97
1,<environment.Job instance at 0x7f0a66869f50>,50,15,[3 8],51,124,139,73,122
1,<environment.Job instance at 0x7f0a66b020a0>,46,12,[5 9],47,139,151,92,125
1,<environment.Job instance at 0x7f0a670ad780>,52,2,[10  4],53,151,153,98,135
1,<environment.Job instance at 0x7f0a670ad7d0>,55,14,[7 3],56,153,167,97,139
1,<environment.Job instance at 0x7f0a670ade10>,61,2,[3 5],62,153,155,91,139
1,<environment.Job instance at 0x7f0a670ad730>,65,14,[10  1],66,167,181,101,162
1,<environment.Job instance at 0x7f0a66b5e9b0>,68,15,[5 5],69,181,196,112,167
1,<environment.Job instance at 0x7f0a66b5e690>,75,3,[6 4],76,199,202,123,199
1,<environment.Job instance at 0x7f0a66b5ef50>,77,3,[3 8],78,202,205,124,199
1,<environment.Job instance at 0x7f0a66a30c80>,78,12,[1 8],79,205,217,126,199
1,<environment.Job instance at 0x7f0a66a30a00>,80,18,[2 7],81,217,235,136,206
1,<environment.Job instance at 0x7f0a1c829140>,7,13,[5 8],8,9,22,1,9
1,<environment.Job instance at 0x7f0a1c8113c0>,9,17,[ 2 10],10,22,39,12,11
1,<environment.Job instance at 0x7f0a677cf910>,14,2,[7 1],15,39,41,24,24
1,<environment.Job instance at 0x7f0a677cf0f0>,15,3,[2 6],16,39,42,23,24
1,<environment.Job instance at 0x7f0a66ad5280>,20,13,[3 8],21,51,64,30,51
1,<environment.Job instance at 0x7f0a66a70a50>,21,15,[2 7],22,64,79,42,51
1,<environment.Job instance at 0x7f0a66b8e280>,23,16,[5 2],24,53,69,29,53
1,<environment.Job instance at 0x7f0a1c8a9b40>,26,17,[7 3],27,69,86,42,64
1,<environment.Job instance at 0x7f0a66b5e230>,30,13,[1 9],31,86,99,55,70
1,<environment.Job instance at 0x7f0a670a4910>,10,14,[6 3],11,99,113,88,93
1,<environment.Job instance at 0x7f0a663f7960>,36,12,[9 5],37,113,125,76,108
1,<environment.Job instance at 0x7f0a66492780>,12,15,[3 9],13,125,140,112,111
1,<environment.Job instance at 0x7f0a66b8ef00>,24,1,[5 2],25,140,141,115,112
1,<environment.Job instance at 0x7f0a1c9b5910>,34,18,[5 2],35,140,158,105,138
1,<environment.Job instance at 0x7f0a1c6ae460>,45,3,[5 3],46,141,144,95,139
1,<environment.Job instance at 0x7f0a1c6aedc0>,48,3,[7 2],49,158,161,109,144
1,<environment.Job instance at 0x7f0a1c6aec30>,49,18,[ 5 10],50,161,179,111,150
1,<environment.Job instance at 0x7f0a1c5fb140>,53,16,[6 1],54,179,195,125,171
1,<environment.Job instance at 0x7f0a1c5fb230>,57,17,[6 2],58,195,212,137,183
1,<environment.Job instance at 0x7f0a1c5fb050>,59,2,[6 4],60,212,214,152,186
1,<environment.Job instance at 0x7f0a1c6ae6e0>,47,12,[7 2],48,214,226,166,197
1,<environment.Job instance at 0x7f0a1cb14050>,63,2,[7 5],64,226,228,162,199
1,<environment.Job instance at 0x7f0a1cb141e0>,61,3,[5 9],62,228,231,166,204
1,<environment.Job instance at 0x7f0a665c3730>,66,14,[5 7],67,231,245,164,216
1,<environment.Job instance at 0x7f0a664f5e60>,71,3,[7 5],72,245,248,173,219
1,<environment.Job instance at 0x7f0a1c690910>,74,2,[8 1],75,248,250,173,224
1,<environment.Job instance at 0x7f0a66beb320>,3,18,[6 4],4,4,22,0,4
1,<environment.Job instance at 0x7f0a1cafeaf0>,7,12,[3 8],8,22,34,14,8
1,<environment.Job instance at 0x7f0a66472230>,9,3,[4 7],10,34,37,24,25
1,<environment.Job instance at 0x7f0a664724b0>,10,18,[2 9],11,37,55,26,26
1,<environment.Job instance at 0x7f0a663caeb0>,24,17,[5 1],25,30,47,5,30
1,<environment.Job instance at 0x7f0a1c7df1e0>,28,12,[5 5],29,55,67,26,38
1,<environment.Job instance at 0x7f0a1c7dfaf0>,34,12,[1 5],35,61,73,26,61
1,<environment.Job instance at 0x7f0a1c7dfb90>,35,18,[8 2],36,67,85,31,61
1,<environment.Job instance at 0x7f0a1c7dfdc0>,39,1,[10  3],40,85,86,45,80
1,<environment.Job instance at 0x7f0a1c7dfe10>,40,1,[3 6],41,86,87,45,80
1,<environment.Job instance at 0x7f0a1c7dff50>,43,2,[5 9],44,87,89,43,80
1,<environment.Job instance at 0x7f0a1c7dfe60>,38,1,[3 8],39,89,90,50,81
1,<environment.Job instance at 0x7f0a66d14280>,15,2,[8 3],16,90,92,74,82
1,<environment.Job instance at 0x7f0a1c7d9550>,51,15,[7 2],52,97,112,45,97
1,<environment.Job instance at 0x7f0a1c7d9730>,52,3,[2 8],53,97,100,44,97
1,<environment.Job instance at 0x7f0a1c7d97d0>,53,2,[6 4],54,112,114,58,97
1,<environment.Job instance at 0x7f0a1c7d98c0>,54,1,[7 5],55,114,115,59,100
1,<environment.Job instance at 0x7f0a1c7d9780>,55,1,[3 6],56,100,101,44,100
1,<environment.Job instance at 0x7f0a1c7d9870>,56,3,[8 5],57,115,118,58,100
1,<environment.Job instance at 0x7f0a1c7d99b0>,57,3,[8 1],58,118,121,60,100
1,<environment.Job instance at 0x7f0a1c7d9a50>,58,16,[10  1],59,121,137,62,108
1,<environment.Job instance at 0x7f0a1c7d9f50>,61,2,[3 8],62,137,139,75,118
1,<environment.Job instance at 0x7f0a1c7d9f00>,64,15,[7 2],65,137,152,72,125
1,<environment.Job instance at 0x7f0a1c7fc0a0>,66,3,[4 7],67,152,155,85,126
1,<environment.Job instance at 0x7f0a1c7fc2d0>,69,2,[4 9],70,155,157,85,133
1,<environment.Job instance at 0x7f0a1c7fc410>,71,2,[4 7],72,157,159,85,142
1,<environment.Job instance at 0x7f0a1c7fc4b0>,72,12,[5 5],73,159,171,86,149
1,<environment.Job instance at 0x7f0a1c7fc190>,67,12,[9 1],68,171,183,103,154
1,<environment.Job instance at 0x7f0a1c7fcaf0>,84,17,[5 4],85,183,200,98,172
1,<environment.Job instance at 0x7f0a1c8122d0>,86,15,[4 7],87,200,215,113,186
1,<environment.Job instance at 0x7f0a1c8120f0>,95,15,[9 1],96,215,230,119,203
1,<environment.Job instance at 0x7f0a1c7df320>,1,16,[2 7],2,2,18,0,2
1,<environment.Job instance at 0x7f0a66693230>,3,3,[10  4],4,18,21,14,4
1,<environment.Job instance at 0x7f0a1c667d70>,6,2,[1 9],7,21,23,14,7
1,<environment.Job instance at 0x7f0a6642d820>,7,13,[ 5 10],8,23,36,15,9
1,<environment.Job instance at 0x7f0a6642d500>,11,1,[10  4],12,36,37,24,20
1,<environment.Job instance at 0x7f0a665c3e60>,14,13,[4 6],15,37,50,22,21
1,<environment.Job instance at 0x7f0a1ca273c0>,17,3,[1 6],18,50,53,32,31
1,<environment.Job instance at 0x7f0a1ca27c80>,16,13,[5 6],17,53,66,36,39
1,<environment.Job instance at 0x7f0a1ca27e60>,20,2,[3 9],21,66,68,45,45
1,<environment.Job instance at 0x7f0a1ca27780>,21,2,[9 4],22,50,52,28,45
1,<environment.Job instance at 0x7f0a1c9508c0>,24,1,[6 2],25,45,46,20,45
1,<environment.Job instance at 0x7f0a676e8230>,26,14,[6 1],27,66,80,39,51
1,<environment.Job instance at 0x7f0a1ca279b0>,22,16,[3 5],23,68,84,45,64
1,<environment.Job instance at 0x7f0a6685fc80>,31,2,[1 5],32,80,82,48,65
1,<environment.Job instance at 0x7f0a677c8730>,34,2,[7 4],35,82,84,47,66
1,<environment.Job instance at 0x7f0a66d062d0>,32,3,[9 5],33,84,87,51,70
1,<environment.Job instance at 0x7f0a66827640>,36,12,[4 7],37,87,99,50,73
1,<environment.Job instance at 0x7f0a6635aaa0>,39,15,[ 5 10],40,99,114,59,87
1,<environment.Job instance at 0x7f0a66350050>,33,17,[10  3],34,114,131,80,102
1,<environment.Job instance at 0x7f0a66ce08c0>,46,1,[3 9],47,131,132,84,110
1,<environment.Job instance at 0x7f0a66f37410>,49,15,[6 5],50,132,147,82,126
1,<environment.Job instance at 0x7f0a66342640>,51,3,[9 4],52,147,150,95,127
1,<environment.Job instance at 0x7f0a66463e60>,45,16,[10  3],46,150,166,104,140
1,<environment.Job instance at 0x7f0a66edf9b0>,54,16,[3 9],55,166,182,111,153
1,<environment.Job instance at 0x7f0a66edff50>,58,16,[3 5],59,182,198,123,169
1,<environment.Job instance at 0x7f0a66b5c7d0>,69,15,[5 5],70,182,197,112,178
1,<environment.Job instance at 0x7f0a66b5c050>,71,12,[10  4],72,198,210,126,181
1,<environment.Job instance at 0x7f0a66b5c230>,80,3,[4 8],81,210,213,129,188
1,<environment.Job instance at 0x7f0a66edfdc0>,59,16,[8 5],60,213,229,153,201
1,<environment.Job instance at 0x7f0a66c5f8c0>,83,2,[9 4],84,229,231,145,204
1,<environment.Job instance at 0x7f0a6642dbe0>,2,16,[10  1],3,5,21,2,5
1,<environment.Job instance at 0x7f0a1c5f88c0>,5,12,[7 2],6,21,33,15,6
1,<environment.Job instance at 0x7f0a677d2500>,10,2,[4 9],11,33,35,22,11
1,<environment.Job instance at 0x7f0a1c8a0eb0>,13,17,[6 1],14,33,50,19,21
1,<environment.Job instance at 0x7f0a1c8fcf00>,17,12,[ 3 10],18,50,62,32,33
1,<environment.Job instance at 0x7f0a1c99c7d0>,19,3,[5 6],20,62,65,42,42
1,<environment.Job instance at 0x7f0a67231050>,23,12,[5 9],24,65,77,41,48
1,<environment.Job instance at 0x7f0a66f6e9b0>,27,2,[1 5],28,77,79,49,65
1,<environment.Job instance at 0x7f0a1c8a0910>,11,18,[4 6],12,79,97,67,77
1,<environment.Job instance at 0x7f0a1cb25dc0>,34,13,[10  5],35,97,110,62,85
1,<environment.Job instance at 0x7f0a1c7f9c80>,37,3,[5 7],38,110,113,72,87
1,<environment.Job instance at 0x7f0a1c7f95a0>,39,12,[7 1],40,113,125,73,96
1,<environment.Job instance at 0x7f0a671c2140>,43,14,[5 6],44,125,139,81,110
1,<environment.Job instance at 0x7f0a1cc0f230>,3,17,[ 2 10],4,139,156,135,128
1,<environment.Job instance at 0x7f0a66753640>,53,16,[ 3 10],54,156,172,102,147
1,<environment.Job instance at 0x7f0a1c5f5820>,59,14,[8 2],60,172,186,112,164
1,<environment.Job instance at 0x7f0a1c5f55a0>,62,13,[5 2],63,186,199,123,171
1,<environment.Job instance at 0x7f0a1cb297d0>,64,18,[5 3],65,186,204,121,175
1,<environment.Job instance at 0x7f0a1ca5f960>,75,1,[7 1],76,204,205,128,203
1,<environment.Job instance at 0x7f0a66743a00>,31,19,[5 5],32,205,224,173,203
1,<environment.Job instance at 0x7f0a1c8bbb40>,77,3,[10  2],78,224,227,146,203
1,<environment.Job instance at 0x7f0a1c8bb050>,78,2,[3 5],79,203,205,124,203
1,<environment.Job instance at 0x7f0a1c8bb3c0>,80,3,[4 8],81,227,230,146,209
1,<environment.Job instance at 0x7f0a1caf5410>,81,15,[10  1],82,230,245,148,216
1,<environment.Job instance at 0x7f0a1c5f8be0>,1,1,[7 1],2,2,3,0,2
1,<environment.Job instance at 0x7f0a1c997aa0>,2,18,[4 9],3,3,21,0,3
1,<environment.Job instance at 0x7f0a66284e60>,4,15,[9 5],5,21,36,16,7
1,<environment.Job instance at 0x7f0a1c866370>,12,2,[7 2],13,36,38,23,17
1,<environment.Job instance at 0x7f0a1ca59320>,18,3,[3 9],19,38,41,19,22
1,<environment.Job instance at 0x7f0a66c90910>,15,12,[9 2],16,41,53,25,24
1,<environment.Job instance at 0x7f0a1ca59690>,23,14,[4 6],24,53,67,29,38
1,<environment.Job instance at 0x7f0a1ca59e10>,33,14,[9 2],34,67,81,33,61
1,<environment.Job instance at 0x7f0a1ca85320>,40,20,[7 1],41,81,101,40,81
1,<environment.Job instance at 0x7f0a1ca850f0>,41,14,[9 4],42,101,115,59,86
1,<environment.Job instance at 0x7f0a1ca85be0>,48,2,[7 4],49,115,117,66,102
1,<environment.Job instance at 0x7f0a1ca85c80>,49,1,[2 6],50,115,116,65,115
1,<environment.Job instance at 0x7f0a1ca85dc0>,51,16,[9 2],52,117,133,65,116
1,<environment.Job instance at 0x7f0a1ca85d20>,50,14,[6 3],51,133,147,82,119
1,<environment.Job instance at 0x7f0a1ca85fa0>,54,1,[8 3],55,147,148,92,119
1,<environment.Job instance at 0x7f0a1ca85910>,56,3,[5 5],57,148,151,91,124
1,<environment.Job instance at 0x7f0a1ca80320>,59,2,[3 9],60,151,153,91,132
1,<environment.Job instance at 0x7f0a1ca804b0>,62,13,[ 4 10],63,153,166,90,137
1,<environment.Job instance at 0x7f0a1ca806e0>,66,14,[9 1],67,166,180,99,155
1,<environment.Job instance at 0x7f0a1ca80c30>,73,18,[8 3],74,180,198,106,177
1,<environment.Job instance at 0x7f0a1ca7f8c0>,87,17,[8 3],88,208,225,120,208
1,<environment.Job instance at 0x7f0a1ca7f6e0>,89,3,[3 8],90,225,228,135,210
1,<environment.Job instance at 0x7f0a6683f0f0>,3,3,[ 3 10],4,4,7,0,4
1,<environment.Job instance at 0x7f0a6683fd70>,4,16,[7 2],5,7,23,2,5
1,<environment.Job instance at 0x7f0a6683f8c0>,9,3,[8 2],10,23,26,13,10
1,<environment.Job instance at 0x7f0a6683f370>,8,2,[4 8],9,26,28,17,10
1,<environment.Job instance at 0x7f0a6683f3c0>,12,14,[7 1],13,28,42,15,13
1,<environment.Job instance at 0x7f0a6683f2d0>,14,2,[ 2 10],15,42,44,27,15
1,<environment.Job instance at 0x7f0a1caa61e0>,15,1,[ 1 10],16,44,45,28,17
1,<environment.Job instance at 0x7f0a6683f820>,10,16,[8 2],11,45,61,34,32
1,<environment.Job instance at 0x7f0a1caa6c30>,21,3,[5 9],22,61,64,39,37
1,<environment.Job instance at 0x7f0a1caa6460>,20,12,[1 9],21,64,76,43,56
1,<environment.Job instance at 0x7f0a66c700a0>,26,3,[9 4],27,76,79,49,56
1,<environment.Job instance at 0x7f0a1caa65a0>,25,1,[8 4],26,79,80,53,57
1,<environment.Job instance at 0x7f0a66c70d70>,29,2,[3 5],30,80,82,50,57
1,<environment.Job instance at 0x7f0a66c70b90>,28,1,[9 4],29,82,83,53,58
1,<environment.Job instance at 0x7f0a66c70910>,31,3,[8 2],32,83,86,51,59
1,<environment.Job instance at 0x7f0a66c70550>,35,2,[4 8],36,86,88,50,73
1,<environment.Job instance at 0x7f0a66c70050>,30,18,[7 1],31,88,106,57,78
1,<environment.Job instance at 0x7f0a6719a0f0>,38,3,[1 7],39,94,97,55,94
1,<environment.Job instance at 0x7f0a1caa6eb0>,19,17,[4 5],20,106,123,86,94
1,<environment.Job instance at 0x7f0a6719a960>,42,1,[9 1],43,123,124,80,96
1,<environment.Job instance at 0x7f0a1c425a00>,44,18,[6 5],45,124,142,79,113
1,<environment.Job instance at 0x7f0a1c425640>,50,15,[4 9],51,142,157,91,128
1,<environment.Job instance at 0x7f0a1c425dc0>,60,12,[4 8],61,157,169,96,143
1,<environment.Job instance at 0x7f0a671995a0>,61,16,[6 2],62,157,173,95,155
1,<environment.Job instance at 0x7f0a67199370>,63,18,[3 7],64,169,187,105,158
1,<environment.Job instance at 0x7f0a67199870>,68,17,[2 5],69,187,204,118,176
1,<environment.Job instance at 0x7f0a665cf730>,70,2,[10  3],71,204,206,133,178
1,<environment.Job instance at 0x7f0a665cfd70>,71,3,[1 9],72,206,209,134,180
1,<environment.Job instance at 0x7f0a67199fa0>,62,20,[1 9],63,209,229,146,203
1,<environment.Job instance at 0x7f0a6637f500>,80,17,[2 7],81,229,246,148,217
1,<environment.Job instance at 0x7f0a66858320>,3,12,[5 8],4,4,16,0,4
1,<environment.Job instance at 0x7f0a1c8f4910>,7,15,[6 1],8,16,31,8,8
1,<environment.Job instance at 0x7f0a66bcb460>,12,18,[2 9],13,16,34,3,13
1,<environment.Job instance at 0x7f0a66bcba00>,13,14,[3 7],14,34,48,20,19
1,<environment.Job instance at 0x7f0a665aa460>,24,16,[10  2],25,48,64,23,35
1,<environment.Job instance at 0x7f0a1c60c9b0>,25,13,[4 8],26,64,77,38,48
1,<environment.Job instance at 0x7f0a1c60c960>,32,15,[5 5],33,77,92,44,64
1,<environment.Job instance at 0x7f0a677cd820>,38,16,[7 5],39,92,108,53,83
1,<environment.Job instance at 0x7f0a6635ce60>,51,14,[10  5],52,108,122,56,100
1,<environment.Job instance at 0x7f0a6635c190>,53,13,[7 4],54,122,135,68,109
1,<environment.Job instance at 0x7f0a6635cf50>,58,15,[8 5],59,135,150,76,130
1,<environment.Job instance at 0x7f0a1c60c190>,34,18,[ 3 10],35,150,168,115,147
1,<environment.Job instance at 0x7f0a66432320>,64,3,[2 9],65,168,171,103,147
1,<environment.Job instance at 0x7f0a664325a0>,65,2,[5 3],66,171,173,105,147
1,<environment.Job instance at 0x7f0a66432460>,66,15,[3 6],67,171,186,104,157
1,<environment.Job instance at 0x7f0a66f36a00>,73,2,[ 1 10],74,186,188,112,179
1,<environment.Job instance at 0x7f0a66f36a50>,74,3,[5 4],75,179,182,104,179
1,<environment.Job instance at 0x7f0a66f36d20>,75,2,[4 7],76,188,190,112,179
1,<environment.Job instance at 0x7f0a66f360f0>,76,14,[8 5],77,190,204,113,181
1,<environment.Job instance at 0x7f0a673e7460>,79,18,[2 5],80,190,208,110,187
1,<environment.Job instance at 0x7f0a668c3370>,7,3,[9 3],8,8,11,0,8
1,<environment.Job instance at 0x7f0a66e1bc30>,8,14,[3 7],9,11,25,2,9
1,<environment.Job instance at 0x7f0a1c716eb0>,13,16,[10  5],14,25,41,11,15
1,<environment.Job instance at 0x7f0a67562230>,15,2,[5 5],16,41,43,25,17
1,<environment.Job instance at 0x7f0a1c8b1780>,17,3,[2 7],18,43,46,25,18
1,<environment.Job instance at 0x7f0a1c8b1820>,19,2,[1 8],20,46,48,26,21
1,<environment.Job instance at 0x7f0a1c8b7690>,23,13,[10  4],24,48,61,24,32
1,<environment.Job instance at 0x7f0a1c8b1f00>,20,21,[6 2],21,61,82,40,58
1,<environment.Job instance at 0x7f0a1c8a5eb0>,36,2,[5 9],37,82,84,45,76
1,<environment.Job instance at 0x7f0a668ebdc0>,41,15,[4 5],42,88,103,46,88
1,<environment.Job instance at 0x7f0a668eb5f0>,42,16,[10  5],43,103,119,60,92
1,<environment.Job instance at 0x7f0a1c9d7320>,46,12,[3 9],47,119,131,72,102
1,<environment.Job instance at 0x7f0a66852be0>,50,14,[3 9],51,131,145,80,116
1,<environment.Job instance at 0x7f0a1c923eb0>,65,16,[5 2],66,163,179,97,163
1,<environment.Job instance at 0x7f0a1c8b7820>,30,28,[4 7],31,181,209,150,181
1,<environment.Job instance at 0x7f0a66488140>,76,13,[7 5],77,209,222,132,193
1,<environment.Job instance at 0x7f0a1c4a2910>,80,2,[5 5],81,222,224,141,197
1,<environment.Job instance at 0x7f0a1c4a2050>,84,17,[5 2],85,222,239,137,214
1,<environment.Job instance at 0x7f0a1c8b15f0>,2,18,[ 1 10],3,3,21,0,3
1,<environment.Job instance at 0x7f0a66e65af0>,9,2,[2 5],10,21,23,11,10
1,<environment.Job instance at 0x7f0a1c60c370>,5,18,[6 1],6,21,39,15,10
1,<environment.Job instance at 0x7f0a668b5b40>,15,1,[10  2],16,39,40,23,17
1,<environment.Job instance at 0x7f0a1c9b0410>,16,13,[4 6],17,23,36,6,17
1,<environment.Job instance at 0x7f0a1c7f13c0>,17,18,[6 1],18,40,58,22,29
1,<environment.Job instance at 0x7f0a1c9b04b0>,18,17,[3 6],19,40,57,21,29
1,<environment.Job instance at 0x7f0a66bb74b0>,22,15,[4 7],23,57,72,34,45
1,<environment.Job instance at 0x7f0a1c71a690>,24,2,[10  4],25,72,74,47,52
1,<environment.Job instance at 0x7f0a664aedc0>,29,3,[6 5],30,74,77,44,56
1,<environment.Job instance at 0x7f0a667c10a0>,31,18,[4 6],32,77,95,45,66
1,<environment.Job instance at 0x7f0a664ae140>,28,1,[4 7],29,95,96,66,74
1,<environment.Job instance at 0x7f0a666acd70>,34,14,[1 7],35,96,110,61,81
1,<environment.Job instance at 0x7f0a1c89c8c0>,38,18,[4 6],39,110,128,71,99
1,<environment.Job instance at 0x7f0a1c89c500>,36,19,[5 4],37,110,129,73,102
1,<environment.Job instance at 0x7f0a1c474b90>,51,16,[9 3],52,129,145,77,117
1,<environment.Job instance at 0x7f0a1c474730>,54,14,[5 8],55,145,159,90,130
1,<environment.Job instance at 0x7f0a667cea50>,57,3,[5 5],58,159,162,101,133
1,<environment.Job instance at 0x7f0a667cecd0>,61,15,[7 4],62,162,177,100,148
1,<environment.Job instance at 0x7f0a665aa910>,13,15,[7 2],14,177,192,163,163
1,<environment.Job instance at 0x7f0a66cb0820>,66,3,[3 9],67,192,195,125,166
1,<environment.Job instance at 0x7f0a66cb0c30>,65,14,[ 2 10],66,195,209,129,180
1,<environment.Job instance at 0x7f0a1c474190>,44,15,[9 3],45,209,224,164,195
1,<environment.Job instance at 0x7f0a665574b0>,75,14,[7 4],76,224,238,148,209
1,<environment.Job instance at 0x7f0a667a2fa0>,78,1,[10  3],79,238,239,159,225
1,<environment.Job instance at 0x7f0a1c953b90>,3,12,[5 7],4,4,16,0,4
1,<environment.Job instance at 0x7f0a1c428820>,5,14,[7 2],6,16,30,10,6
1,<environment.Job instance at 0x7f0a1c428500>,7,16,[2 5],8,16,32,8,8
1,<environment.Job instance at 0x7f0a66e65050>,10,3,[1 7],11,32,35,21,16
1,<environment.Job instance at 0x7f0a6627a500>,14,2,[10  3],15,35,37,20,18
1,<environment.Job instance at 0x7f0a6627a4b0>,15,2,[2 9],16,37,39,21,20
1,<environment.Job instance at 0x7f0a1c428370>,9,2,[2 7],10,39,41,29,20
1,<environment.Job instance at 0x7f0a6627ae60>,13,17,[10  4],14,41,58,27,29
1,<environment.Job instance at 0x7f0a1c8fc0f0>,18,1,[5 7],19,58,59,39,34
1,<environment.Job instance at 0x7f0a1c8fc410>,23,13,[5 5],24,59,72,35,43
1,<environment.Job instance at 0x7f0a1c8fc460>,24,2,[9 5],25,72,74,47,45
1,<environment.Job instance at 0x7f0a1c8fc7d0>,25,2,[3 9],26,74,76,48,47
1,<environment.Job instance at 0x7f0a1c8fca50>,29,15,[8 4],30,76,91,46,62
1,<environment.Job instance at 0x7f0a66fee2d0>,34,17,[7 2],35,91,108,56,79
1,<environment.Job instance at 0x7f0a66fee050>,42,15,[9 5],43,108,123,65,95
1,<environment.Job instance at 0x7f0a670890f0>,54,14,[2 5],55,123,137,68,116
1,<environment.Job instance at 0x7f0a67089870>,63,17,[6 1],64,139,156,75,139
1,<environment.Job instance at 0x7f0a670894b0>,64,3,[5 7],65,156,159,91,139
1,<environment.Job instance at 0x7f0a6627a730>,17,15,[3 8],18,139,154,121,139
1,<environment.Job instance at 0x7f0a67089960>,67,1,[ 3 10],68,159,160,91,140
1,<environment.Job instance at 0x7f0a67089280>,66,16,[ 2 10],67,160,176,93,147
1,<environment.Job instance at 0x7f0a6663d690>,73,2,[5 4],74,176,178,102,157
1,<environment.Job instance at 0x7f0a66feee60>,35,1,[8 3],36,178,179,142,170
1,<environment.Job instance at 0x7f0a6663d8c0>,76,17,[3 9],77,179,196,102,175
1,<environment.Job instance at 0x7f0a1ca85140>,85,16,[4 8],86,202,218,116,202
1,<environment.Job instance at 0x7f0a1ca85190>,86,3,[9 5],87,218,221,131,202
1,<environment.Job instance at 0x7f0a1ca85410>,90,3,[2 7],91,221,224,130,203
1,<environment.Job instance at 0x7f0a1c8a8e10>,3,2,[5 6],4,5,7,1,5
1,<environment.Job instance at 0x7f0a1ca85be0>,4,3,[5 8],5,7,10,2,5
1,<environment.Job instance at 0x7f0a1c428230>,8,2,[7 1],9,10,12,1,9
1,<environment.Job instance at 0x7f0a6627a960>,10,21,[5 7],11,12,33,1,11
1,<environment.Job instance at 0x7f0a66741a50>,9,1,[4 9],10,33,34,23,11
1,<environment.Job instance at 0x7f0a1c874960>,12,17,[5 3],13,13,30,0,13
1,<environment.Job instance at 0x7f0a1cbeaaa0>,13,1,[1 8],14,34,35,20,15
1,<environment.Job instance at 0x7f0a66f2bd20>,14,1,[8 4],15,35,36,20,16
1,<environment.Job instance at 0x7f0a6680eeb0>,15,3,[1 5],16,35,38,19,16
1,<environment.Job instance at 0x7f0a671dacd0>,11,3,[8 3],12,36,39,24,23
1,<environment.Job instance at 0x7f0a66c3f500>,21,2,[5 4],22,39,41,17,23
1,<environment.Job instance at 0x7f0a66c3f550>,22,12,[2 7],23,41,53,18,24
1,<environment.Job instance at 0x7f0a1cb1c780>,25,15,[3 7],26,53,68,27,40
1,<environment.Job instance at 0x7f0a665fbf50>,27,14,[ 4 10],28,68,82,40,53
1,<environment.Job instance at 0x7f0a665fb5a0>,32,13,[4 9],33,82,95,49,66
1,<environment.Job instance at 0x7f0a665fb8c0>,36,12,[8 5],37,95,107,58,78
1,<environment.Job instance at 0x7f0a665fbb90>,28,2,[6 1],29,82,84,53,78
1,<environment.Job instance at 0x7f0a66fdc5f0>,38,3,[ 5 10],39,107,110,68,82
1,<environment.Job instance at 0x7f0a66633050>,41,3,[2 5],42,95,98,53,82
1,<environment.Job instance at 0x7f0a66ff49b0>,43,15,[3 5],44,110,125,66,96
1,<environment.Job instance at 0x7f0a66ff4c30>,45,12,[5 5],46,110,122,64,96
1,<environment.Job instance at 0x7f0a66609780>,48,15,[7 3],49,122,137,73,108
1,<environment.Job instance at 0x7f0a669bb140>,52,14,[6 4],53,137,151,84,122
1,<environment.Job instance at 0x7f0a66fc50f0>,57,2,[3 6],58,140,142,82,140
1,<environment.Job instance at 0x7f0a669b34b0>,58,12,[4 6],59,142,154,83,140
1,<environment.Job instance at 0x7f0a1c2ace10>,60,13,[5 7],61,154,167,93,142
1,<environment.Job instance at 0x7f0a669a5a00>,61,17,[ 5 10],62,167,184,105,155
1,<environment.Job instance at 0x7f0a66992d70>,67,17,[4 5],68,184,201,116,172
1,<environment.Job instance at 0x7f0a1cba7550>,71,1,[4 5],72,184,185,112,174
1,<environment.Job instance at 0x7f0a1cba7e10>,72,2,[1 8],73,201,203,128,174
1,<environment.Job instance at 0x7f0a1cba7910>,73,14,[7 2],74,201,215,127,186
1,<environment.Job instance at 0x7f0a1cba7f50>,77,17,[3 8],78,203,220,125,192
1,<environment.Job instance at 0x7f0a1cbd6e10>,80,2,[5 5],81,193,195,112,193
1,<environment.Job instance at 0x7f0a1cba7050>,81,14,[5 7],82,220,234,138,206
1,<environment.Job instance at 0x7f0a1cbd6780>,84,13,[5 9],85,234,247,149,218
1,<environment.Job instance at 0x7f0a1c293690>,1,18,[ 5 10],2,3,21,1,3
1,<environment.Job instance at 0x7f0a1c226960>,5,15,[10  1],6,21,36,15,7
1,<environment.Job instance at 0x7f0a1c320aa0>,13,17,[ 1 10],14,36,53,22,25
1,<environment.Job instance at 0x7f0a67558a00>,21,13,[1 5],22,53,66,31,38
1,<environment.Job instance at 0x7f0a1c50b780>,17,13,[3 5],18,53,66,35,41
1,<environment.Job instance at 0x7f0a1c320f00>,8,3,[5 1],9,66,69,57,51
1,<environment.Job instance at 0x7f0a1c8946e0>,25,16,[9 5],26,69,85,43,56
1,<environment.Job instance at 0x7f0a1c825050>,28,2,[9 3],29,85,87,56,59
1,<environment.Job instance at 0x7f0a673eda50>,40,13,[7 3],41,87,100,46,71
1,<environment.Job instance at 0x7f0a662b37d0>,14,19,[3 6],15,87,106,72,83
1,<environment.Job instance at 0x7f0a66e68a00>,54,3,[5 6],55,106,109,51,85
1,<environment.Job instance at 0x7f0a1c5b7a00>,58,2,[1 8],59,109,111,50,92
1,<environment.Job instance at 0x7f0a668f30a0>,59,2,[2 7],60,111,113,51,92
1,<environment.Job instance at 0x7f0a1c849f50>,60,15,[3 9],61,113,128,52,99
1,<environment.Job instance at 0x7f0a668f3a00>,61,17,[5 8],62,128,145,66,116
1,<environment.Job instance at 0x7f0a6693e960>,70,17,[2 8],71,145,162,74,134
1,<environment.Job instance at 0x7f0a668c33c0>,74,16,[2 9],75,162,178,87,150
1,<environment.Job instance at 0x7f0a66852aa0>,81,16,[10  5],82,178,194,96,165
1,<environment.Job instance at 0x7f0a6637c7d0>,83,3,[ 5 10],84,194,197,110,172
1,<environment.Job instance at 0x7f0a66acd9b0>,87,2,[5 1],88,197,199,109,179
1,<environment.Job instance at 0x7f0a1c931d20>,88,1,[9 2],89,199,200,110,181
1,<environment.Job instance at 0x7f0a1c931cd0>,90,1,[9 3],91,200,201,109,183
1,<environment.Job instance at 0x7f0a1cc082d0>,91,17,[9 1],92,201,218,109,189
1,<environment.Job instance at 0x7f0a1c407d20>,94,3,[3 7],95,218,221,123,194
1,<environment.Job instance at 0x7f0a1c407960>,95,17,[6 3],96,218,235,122,206
1,<environment.Job instance at 0x7f0a1caf44b0>,4,15,[5 9],5,5,20,0,5
1,<environment.Job instance at 0x7f0a66612f50>,5,13,[1 9],6,20,33,14,6
1,<environment.Job instance at 0x7f0a6699b410>,10,2,[8 4],11,33,35,22,14
1,<environment.Job instance at 0x7f0a6699b730>,9,16,[9 2],10,35,51,25,22
1,<environment.Job instance at 0x7f0a6699b820>,19,16,[6 3],20,51,67,31,39
1,<environment.Job instance at 0x7f0a6699bd70>,8,1,[5 4],9,67,68,58,41
1,<environment.Job instance at 0x7f0a665f3370>,22,1,[2 7],23,51,52,28,41
1,<environment.Job instance at 0x7f0a6699b460>,11,1,[8 1],12,68,69,56,44
1,<environment.Job instance at 0x7f0a665f3e60>,24,14,[7 5],25,69,83,44,54
1,<environment.Job instance at 0x7f0a665f3a50>,25,14,[5 5],26,83,97,57,68
1,<environment.Job instance at 0x7f0a665f3730>,23,18,[5 3],24,83,101,59,76
1,<environment.Job instance at 0x7f0a1c433460>,31,2,[2 9],32,101,103,69,87
1,<environment.Job instance at 0x7f0a1c433d20>,36,3,[5 1],37,97,100,60,91
1,<environment.Job instance at 0x7f0a1c433910>,37,14,[5 4],38,103,117,65,91
1,<environment.Job instance at 0x7f0a1c433500>,41,12,[8 3],42,117,129,75,102
1,<environment.Job instance at 0x7f0a1c1e6410>,50,15,[4 6],51,129,144,78,118
1,<environment.Job instance at 0x7f0a1c1e6e60>,56,15,[10  3],57,144,159,87,130
1,<environment.Job instance at 0x7f0a1c2e69b0>,62,13,[4 8],63,159,172,96,143
1,<environment.Job instance at 0x7f0a1c2e6d70>,69,12,[10  1],70,172,184,102,155
1,<environment.Job instance at 0x7f0a1c2e6e60>,72,1,[3 6],73,184,185,111,166
1,<environment.Job instance at 0x7f0a1c2e6eb0>,73,17,[6 2],74,184,201,110,172
1,<environment.Job instance at 0x7f0a1c2e6410>,76,15,[3 6],77,186,201,109,186
1,<environment.Job instance at 0x7f0a1c2e6140>,77,2,[7 4],78,201,203,123,187
1,<environment.Job instance at 0x7f0a1c2e67d0>,78,18,[1 6],79,201,219,122,191
1,<environment.Job instance at 0x7f0a1c2dd0f0>,81,15,[4 5],82,219,234,137,205
1,<environment.Job instance at 0x7f0a668bc190>,3,17,[5 3],4,4,21,0,4
1,<environment.Job instance at 0x7f0a1cadb2d0>,11,18,[7 5],12,21,39,9,13
1,<environment.Job instance at 0x7f0a665932d0>,17,18,[9 5],18,39,57,21,28
1,<environment.Job instance at 0x7f0a665934b0>,24,17,[9 4],25,57,74,32,45
1,<environment.Job instance at 0x7f0a66593320>,28,2,[9 2],29,74,76,45,47
1,<environment.Job instance at 0x7f0a66593be0>,30,3,[6 3],31,76,79,45,50
1,<environment.Job instance at 0x7f0a665935f0>,16,17,[6 5],17,79,96,62,71
1,<environment.Job instance at 0x7f0a66593230>,14,13,[ 2 10],15,96,109,81,80
1,<environment.Job instance at 0x7f0a6658baf0>,35,1,[9 1],36,109,110,73,81
1,<environment.Job instance at 0x7f0a6658b3c0>,37,3,[10  4],38,110,113,72,100
1,<environment.Job instance at 0x7f0a6658b050>,38,12,[9 2],39,113,125,74,100
1,<environment.Job instance at 0x7f0a6658be60>,45,2,[10  4],46,125,127,79,104
1,<environment.Job instance at 0x7f0a6658bd70>,47,1,[8 1],48,127,128,79,114
1,<environment.Job instance at 0x7f0a6658bcd0>,48,17,[6 1],49,128,145,79,116
1,<environment.Job instance at 0x7f0a670c39b0>,50,1,[5 1],51,145,146,94,117
1,<environment.Job instance at 0x7f0a6658b780>,34,2,[ 3 10],35,146,148,111,135
1,<environment.Job instance at 0x7f0a670c3f00>,52,1,[2 8],53,137,138,84,137
1,<environment.Job instance at 0x7f0a670c35a0>,51,18,[9 3],52,148,166,96,137
1,<environment.Job instance at 0x7f0a670c38c0>,60,1,[10  2],61,166,167,105,148
1,<environment.Job instance at 0x7f0a670c36e0>,56,13,[ 1 10],57,167,180,110,152
1,<environment.Job instance at 0x7f0a66590960>,66,15,[4 5],67,180,195,113,166
1,<environment.Job instance at 0x7f0a66590550>,67,17,[6 2],68,180,197,112,168
1,<environment.Job instance at 0x7f0a665acc30>,75,14,[4 9],76,197,211,121,182
1,<environment.Job instance at 0x7f0a665ac500>,80,2,[1 6],81,195,197,114,192
1,<environment.Job instance at 0x7f0a665ac230>,82,13,[4 6],83,211,224,128,201
1,<environment.Job instance at 0x7fb336bb3320>,2,14,[ 2 10],3,3,17,0,3
1,<environment.Job instance at 0x7fb32f7a35a0>,6,15,[2 8],7,17,32,10,7
1,<environment.Job instance at 0x7fb32f7a3910>,11,3,[4 9],12,32,35,20,12
1,<environment.Job instance at 0x7fb32f7a3f00>,17,12,[5 1],18,21,33,3,21
1,<environment.Job instance at 0x7fb32f7a3aa0>,13,18,[5 9],14,35,53,21,32
1,<environment.Job instance at 0x7fb32f7a7280>,20,3,[10  5],21,53,56,32,32
1,<environment.Job instance at 0x7fb32f7a75a0>,23,16,[6 2],24,56,72,32,54
1,<environment.Job instance at 0x7fb32f7a7640>,24,2,[4 6],25,56,58,31,54
1,<environment.Job instance at 0x7fb32f7a76e0>,25,2,[5 7],26,72,74,46,54
1,<environment.Job instance at 0x7fb32f7a7820>,27,17,[4 6],28,74,91,46,62
1,<environment.Job instance at 0x7fb32f7a7230>,21,18,[9 4],22,101,119,79,101
1,<environment.Job instance at 0x7fb336c3baf0>,9,12,[8 2],10,120,132,110,120
1,<environment.Job instance at 0x7fb32f7a7fa0>,35,16,[1 9],36,132,148,96,123
1,<environment.Job instance at 0x7fb32f7a7cd0>,38,2,[6 1],39,132,134,93,124
1,<environment.Job instance at 0x7fb32f7a4410>,43,12,[4 5],44,148,160,104,131
1,<environment.Job instance at 0x7fb32f7a4730>,49,17,[10  2],50,160,177,110,148
1,<environment.Job instance at 0x7fb32f7a4dc0>,55,12,[2 6],56,177,189,121,165
1,<environment.Job instance at 0x7fb32f7aa1e0>,60,2,[2 6],61,189,191,128,171
1,<environment.Job instance at 0x7fb32f7a3a50>,12,23,[6 4],13,177,200,164,171
1,<environment.Job instance at 0x7fb32f7aa500>,62,14,[4 9],63,200,214,137,185
1,<environment.Job instance at 0x7fb32f7a7f00>,34,14,[1 9],35,214,228,179,199
1,<environment.Job instance at 0x7fb32f7aa410>,63,12,[5 3],64,228,240,164,212
1,<environment.Job instance at 0x7fb32f7aad20>,80,1,[5 5],81,228,229,147,216
1,<environment.Job instance at 0x7fb32f7bdc30>,4,14,[10  5],5,5,19,0,5
1,<environment.Job instance at 0x7fb2eb9ecf50>,11,13,[5 7],12,19,32,7,12
1,<environment.Job instance at 0x7fb2eba165f0>,15,17,[5 1],16,33,50,17,33
1,<environment.Job instance at 0x7fb2eba65410>,18,2,[5 7],19,33,35,14,33
1,<environment.Job instance at 0x7fb2eba1c690>,20,17,[3 5],21,35,52,14,33
1,<environment.Job instance at 0x7fb2eba1ceb0>,25,1,[9 3],26,52,53,26,38
1,<environment.Job instance at 0x7fb2eba44910>,29,1,[5 3],30,54,55,24,54
1,<environment.Job instance at 0x7fb2ebba1320>,35,15,[5 3],36,93,108,57,93
1,<environment.Job instance at 0x7fb2ebba1f50>,41,14,[ 1 10],42,115,129,73,115
1,<environment.Job instance at 0x7fb2ebba1f00>,43,14,[5 9],44,129,143,85,115
1,<environment.Job instance at 0x7fb2ebb976e0>,47,2,[10  3],48,143,145,95,133
1,<environment.Job instance at 0x7fb2ebb9f690>,51,17,[3 6],52,153,170,101,153
1,<environment.Job instance at 0x7fb2ebb9f2d0>,56,16,[1 8],57,174,190,117,174
1,<environment.Job instance at 0x7fb2eba1a280>,9,14,[ 5 10],10,217,231,207,217
1,<environment.Job instance at 0x7fb2ebba3370>,61,3,[5 3],62,231,234,169,217
1,<environment.Job instance at 0x7fb2ebba3550>,62,15,[8 2],63,234,249,171,220
1,<environment.Job instance at 0x7fb2ebba3050>,67,12,[4 8],68,249,261,181,232
1,<environment.Job instance at 0x7fb32f7bae10>,3,16,[ 4 10],4,4,20,0,4
1,<environment.Job instance at 0x7fb2ebb9c820>,11,2,[2 9],12,20,22,8,12
1,<environment.Job instance at 0x7fb336d2d780>,10,3,[10  4],11,22,25,11,12
1,<environment.Job instance at 0x7fb2ebb9c8c0>,15,3,[10  5],16,25,28,9,18
1,<environment.Job instance at 0x7fb2ebb9ca00>,13,12,[2 7],14,28,40,14,18
1,<environment.Job instance at 0x7fb336d24dc0>,17,3,[9 3],18,40,43,22,18
1,<environment.Job instance at 0x7fb2ebb9c500>,14,1,[10  5],15,43,44,28,20
1,<environment.Job instance at 0x7fb32f580fa0>,20,3,[6 2],21,28,31,7,21
1,<environment.Job instance at 0x7fb2eba620a0>,23,17,[7 1],24,44,61,20,37
1,<environment.Job instance at 0x7fb32f564d20>,26,13,[2 5],27,44,57,17,38
1,<environment.Job instance at 0x7fb2eba677d0>,25,3,[5 2],26,61,64,35,39
1,<environment.Job instance at 0x7fb336d22230>,34,16,[5 2],35,61,77,26,50
1,<environment.Job instance at 0x7fb336d22870>,35,2,[6 3],36,77,79,41,50
1,<environment.Job instance at 0x7fb2eb9fd820>,38,12,[6 4],39,79,91,40,75
1,<environment.Job instance at 0x7fb2eb9fde10>,39,2,[8 2],40,91,93,51,76
1,<environment.Job instance at 0x7fb336d222d0>,37,14,[3 6],38,77,91,39,77
1,<environment.Job instance at 0x7fb2eb9fd370>,42,2,[5 3],43,93,95,50,77
1,<environment.Job instance at 0x7fb2eb9fdc80>,43,3,[4 6],44,93,96,49,77
1,<environment.Job instance at 0x7fb2eb9fd730>,45,13,[9 1],46,96,109,50,80
1,<environment.Job instance at 0x7fb336d28e10>,57,13,[ 5 10],58,128,141,70,128
1,<environment.Job instance at 0x7fb32f9dd0f0>,60,16,[ 4 10],61,141,157,80,128
1,<environment.Job instance at 0x7fb2eb9ed0a0>,69,18,[10  4],70,157,175,87,151
1,<environment.Job instance at 0x7fb2eb9ede60>,73,14,[5 6],74,175,189,101,169
1,<environment.Job instance at 0x7fb32f5160f0>,78,15,[10  4],79,189,204,110,175
1,<environment.Job instance at 0x7fb32f5190a0>,84,17,[2 6],85,204,221,119,195
1,<environment.Job instance at 0x7fb32f519eb0>,85,1,[1 6],86,221,222,135,195
1,<environment.Job instance at 0x7fb32f5275f0>,88,16,[9 2],89,221,237,132,214
1,<environment.Job instance at 0x7fb2ebdbb050>,1,15,[7 1],2,2,17,0,2
1,<environment.Job instance at 0x7fb32f8b4c30>,9,3,[5 8],10,17,20,7,11
1,<environment.Job instance at 0x7fb334482fa0>,10,15,[2 5],11,20,35,9,15
1,<environment.Job instance at 0x7fb32f86a4b0>,15,17,[8 2],16,22,39,6,22
1,<environment.Job instance at 0x7fb32fb848c0>,14,2,[9 4],15,39,41,24,24
1,<environment.Job instance at 0x7fb32f81ddc0>,18,2,[9 3],19,41,43,22,25
1,<environment.Job instance at 0x7fb32f94f7d0>,20,1,[4 8],21,43,44,22,25
1,<environment.Job instance at 0x7fb32f94f9b0>,21,1,[8 1],22,44,45,22,28
1,<environment.Job instance at 0x7fb32f906550>,24,16,[9 5],25,45,61,20,33
1,<environment.Job instance at 0x7fb32f7f4cd0>,25,2,[9 1],26,61,63,35,34
1,<environment.Job instance at 0x7fb32f78e320>,28,1,[9 2],29,63,64,34,36
1,<environment.Job instance at 0x7fb32f78eeb0>,29,18,[5 8],30,64,82,34,55
1,<environment.Job instance at 0x7fb32f9355f0>,35,3,[4 6],36,82,85,46,57
1,<environment.Job instance at 0x7fb32f78e500>,30,18,[ 2 10],31,85,103,54,76
1,<environment.Job instance at 0x7fb32f8cd2d0>,40,3,[2 9],41,103,106,62,83
1,<environment.Job instance at 0x7fb32f8cd910>,38,13,[9 1],39,106,119,67,94
1,<environment.Job instance at 0x7fb32f8765f0>,49,18,[1 7],50,106,124,56,95
1,<environment.Job instance at 0x7fb333def410>,55,18,[4 6],56,124,142,68,113
1,<environment.Job instance at 0x7fb32f807190>,61,12,[1 6],62,142,154,80,139
1,<environment.Job instance at 0x7fb32f9f45a0>,63,3,[5 7],64,154,157,90,139
1,<environment.Job instance at 0x7fb32f9f4870>,64,2,[ 5 10],65,157,159,92,139
1,<environment.Job instance at 0x7fb32f9f4c30>,66,18,[9 3],67,159,177,92,148
1,<environment.Job instance at 0x7fb32f816f50>,70,3,[10  1],71,177,180,106,153
1,<environment.Job instance at 0x7fb32f816b90>,71,12,[2 6],72,180,192,108,163
1,<environment.Job instance at 0x7fb32f830aa0>,52,17,[8 1],53,180,197,127,173
1,<environment.Job instance at 0x7fb32f8c6140>,79,2,[4 7],80,197,199,117,173
1,<environment.Job instance at 0x7fb32f8c4be0>,78,1,[10  1],79,199,200,120,177
1,<environment.Job instance at 0x7fb32f934fa0>,74,16,[ 5 10],75,200,216,125,187
1,<environment.Job instance at 0x7fb32f8d72d0>,87,18,[10  5],88,216,234,128,206
1,<environment.Job instance at 0x7fb3341ce550>,1,18,[4 9],2,2,20,0,2
1,<environment.Job instance at 0x7fb2ebde3b40>,5,16,[6 2],6,20,36,14,7
1,<environment.Job instance at 0x7fb2ec124550>,14,14,[ 1 10],15,36,50,21,25
1,<environment.Job instance at 0x7fb2ebde9a00>,16,3,[4 9],17,50,53,33,32
1,<environment.Job instance at 0x7fb2ebf45b90>,19,15,[1 6],20,53,68,33,39
1,<environment.Job instance at 0x7fb2ec0efc30>,21,15,[8 1],22,53,68,31,41
1,<environment.Job instance at 0x7fb32fbec460>,23,15,[ 3 10],24,68,83,44,54
1,<environment.Job instance at 0x7fb2ec0320f0>,29,1,[5 5],30,83,84,53,60
1,<environment.Job instance at 0x7fb2ebdbb690>,9,16,[7 4],10,84,100,74,73
1,<environment.Job instance at 0x7fb2ec0edaa0>,34,17,[3 5],35,83,100,48,83
1,<environment.Job instance at 0x7fb32fc124b0>,35,2,[8 3],36,100,102,64,83
1,<environment.Job instance at 0x7fb32fc15c30>,39,13,[10  5],40,117,130,77,117
1,<environment.Job instance at 0x7fb32fc15730>,42,14,[2 6],43,130,144,87,117
1,<environment.Job instance at 0x7fb32fc15af0>,44,18,[6 4],45,130,148,85,119
1,<environment.Job instance at 0x7fb32fc157d0>,49,15,[ 2 10],50,148,163,98,148
1,<environment.Job instance at 0x7fb32fc0e500>,59,12,[5 2],60,163,175,103,155
1,<environment.Job instance at 0x7fb32fc00d70>,61,16,[8 4],62,175,191,113,162
1,<environment.Job instance at 0x7fb32fc08500>,69,1,[ 2 10],70,191,192,121,180
1,<environment.Job instance at 0x7fb32fc08730>,70,13,[5 8],71,192,205,121,181
1,<environment.Job instance at 0x7fb32f911a50>,8,14,[8 5],9,205,219,196,193
1,<environment.Job instance at 0x7fb333f310a0>,80,12,[2 5],81,208,220,127,208
1,<environment.Job instance at 0x7fb333f31320>,81,16,[1 6],82,220,236,138,208
1,<environment.Job instance at 0x7fb2ebc5e320>,7,1,[2 8],8,9,10,1,9
1,<environment.Job instance at 0x7fb2ebc5e690>,8,2,[6 4],9,10,12,1,9
1,<environment.Job instance at 0x7fb2ebc5e780>,10,12,[3 6],11,11,23,0,11
1,<environment.Job instance at 0x7fb2ebc5e8c0>,11,2,[3 5],12,23,25,11,13
1,<environment.Job instance at 0x7fb2ebc5ee60>,17,17,[2 7],18,25,42,7,18
1,<environment.Job instance at 0x7fb2ebc5ea00>,19,1,[6 2],20,23,24,3,23
1,<environment.Job instance at 0x7fb32f6eb3c0>,20,15,[6 3],21,24,39,3,23
1,<environment.Job instance at 0x7fb32f6eb050>,23,18,[3 7],24,42,60,18,32
1,<environment.Job instance at 0x7fb32f6eb9b0>,30,18,[2 7],31,60,78,29,49
1,<environment.Job instance at 0x7fb32f6eb820>,33,13,[5 2],34,60,73,26,60
1,<environment.Job instance at 0x7fb3341dcc80>,35,13,[8 4],36,78,91,42,62
1,<environment.Job instance at 0x7fb3341dc460>,38,12,[5 5],39,91,103,52,74
1,<environment.Job instance at 0x7fb2ebdd8960>,44,18,[3 6],45,103,121,58,92
1,<environment.Job instance at 0x7fb2ebdd88c0>,47,2,[4 6],48,121,123,73,107
1,<environment.Job instance at 0x7fb2ebc5eaa0>,16,15,[3 6],17,123,138,106,110
1,<environment.Job instance at 0x7fb2ebdd8eb0>,49,20,[6 3],50,110,130,60,110
1,<environment.Job instance at 0x7fb2ebdd8370>,51,2,[8 5],52,138,140,86,113
1,<environment.Job instance at 0x7fb2ebdd8fa0>,52,2,[5 1],53,130,132,77,113
1,<environment.Job instance at 0x7fb2ebdd8be0>,55,17,[6 3],56,140,157,84,131
1,<environment.Job instance at 0x7fb2ebdd8870>,57,3,[ 4 10],58,157,160,99,132
1,<environment.Job instance at 0x7fb2ebdd8230>,58,2,[2 5],59,138,140,79,132
1,<environment.Job instance at 0x7fb2ebdd8140>,54,16,[2 7],55,140,156,85,137
1,<environment.Job instance at 0x7fb333db5d70>,64,12,[10  2],65,160,172,95,147
1,<environment.Job instance at 0x7fb333db55a0>,65,2,[10  1],66,172,174,106,147
1,<environment.Job instance at 0x7fb2ebdd8640>,59,12,[7 5],60,174,186,114,158
1,<environment.Job instance at 0x7fb2ebc5eb40>,15,14,[10  1],16,186,200,170,174
1,<environment.Job instance at 0x7fb334104b90>,80,1,[10  4],81,200,201,119,192
1,<environment.Job instance at 0x7fb334104be0>,81,2,[2 6],82,201,203,119,192
1,<environment.Job instance at 0x7fb334104730>,82,13,[ 3 10],83,203,216,120,192
1,<environment.Job instance at 0x7fb333dfd5a0>,86,2,[2 8],87,216,218,129,207
1,<environment.Job instance at 0x7fb336c460a0>,88,2,[5 5],89,218,220,129,208
1,<environment.Job instance at 0x7fb334104b40>,84,17,[1 8],85,220,237,135,210
1,<environment.Job instance at 0x7fb2ebdfbd70>,5,17,[8 5],6,7,24,1,7
1,<environment.Job instance at 0x7fb3341b3dc0>,10,18,[6 4],11,24,42,13,13
1,<environment.Job instance at 0x7fb334142730>,14,2,[8 1],15,42,44,27,17
1,<environment.Job instance at 0x7fb334142690>,15,15,[7 1],16,44,59,28,30
1,<environment.Job instance at 0x7fb32f8240a0>,22,18,[8 1],23,59,77,36,48
1,<environment.Job instance at 0x7fb32f824230>,27,2,[10  5],28,77,79,49,57
1,<environment.Job instance at 0x7fb32f8248c0>,28,17,[9 2],29,79,96,50,67
1,<environment.Job instance at 0x7fb32fb7c4b0>,31,13,[5 2],32,96,109,64,80
1,<environment.Job instance at 0x7fb32fa5df50>,34,18,[6 3],35,109,127,74,102
1,<environment.Job instance at 0x7fb32f6c5410>,38,13,[2 7],39,121,134,82,121
1,<environment.Job instance at 0x7fb2ebba4820>,39,15,[4 7],40,134,149,94,121
1,<environment.Job instance at 0x7fb32f83f050>,45,17,[6 4],46,149,166,103,142
1,<environment.Job instance at 0x7fb333d7ba50>,49,13,[8 4],50,166,179,116,150
1,<environment.Job instance at 0x7fb32f811f50>,52,1,[4 8],53,179,180,126,166
1,<environment.Job instance at 0x7fb2eba162d0>,54,16,[2 5],55,180,196,125,167
1,<environment.Job instance at 0x7fb32f90e9b0>,58,17,[5 3],59,180,197,121,180
1,<environment.Job instance at 0x7fb2eba3d820>,59,13,[7 1],60,197,210,137,183
1,<environment.Job instance at 0x7fb2eba3d140>,62,14,[3 8],63,197,211,134,184
1,<environment.Job instance at 0x7fb2eba3da50>,64,12,[9 3],65,211,223,146,198
1,<environment.Job instance at 0x7fb2ebb42410>,68,15,[3 9],69,223,238,154,209
1,<environment.Job instance at 0x7fb2ebb42a00>,74,15,[10  1],75,238,253,163,224
1,<environment.Job instance at 0x7fb3343e1c80>,1,2,[4 7],2,2,4,0,2
1,<environment.Job instance at 0x7fb32f90e050>,2,12,[5 5],3,4,16,1,3
1,<environment.Job instance at 0x7fb32f538b40>,8,3,[1 5],9,9,12,0,9
1,<environment.Job instance at 0x7fb333db5aa0>,12,2,[6 5],13,16,18,3,14
1,<environment.Job instance at 0x7fb334142b90>,14,17,[5 4],15,18,35,3,15
1,<environment.Job instance at 0x7fb32f715870>,16,15,[4 7],17,35,50,18,21
1,<environment.Job instance at 0x7fb2ec103d20>,18,3,[6 1],19,35,38,16,21
1,<environment.Job instance at 0x7fb2ec103e60>,20,15,[4 8],21,50,65,29,36
1,<environment.Job instance at 0x7fb2ec0fe4b0>,25,15,[9 1],26,65,80,39,51
1,<environment.Job instance at 0x7fb2ec0fedc0>,37,15,[1 6],38,65,80,27,64
1,<environment.Job instance at 0x7fb2ec0fed70>,40,16,[3 7],41,84,100,43,84
1,<environment.Job instance at 0x7fb2ec0fe8c0>,33,14,[4 9],34,100,114,66,85
1,<environment.Job instance at 0x7fb2ec0f1140>,42,14,[5 7],43,114,128,71,101
1,<environment.Job instance at 0x7fb2ec0f1780>,49,2,[4 6],50,128,130,78,101
1,<environment.Job instance at 0x7fb2ec0f1910>,52,14,[4 9],53,132,146,79,132
1,<environment.Job instance at 0x7fb2ec0f1dc0>,60,15,[5 3],61,146,161,85,146
1,<environment.Job instance at 0x7fb2eba14370>,64,2,[1 6],65,168,170,103,168
1,<environment.Job instance at 0x7fb2ec0f1be0>,57,18,[3 9],58,170,188,112,168
1,<environment.Job instance at 0x7fb2eba14460>,66,1,[3 7],67,188,189,121,173
1,<environment.Job instance at 0x7fb2eba145a0>,69,2,[8 4],70,189,191,119,173
1,<environment.Job instance at 0x7fb2eba14640>,70,14,[2 8],71,191,205,120,176
1,<environment.Job instance at 0x7fb2eba14280>,72,15,[2 7],73,205,220,132,191
1,<environment.Job instance at 0x7fb2eba14a50>,75,14,[5 1],76,191,205,115,191
1,<environment.Job instance at 0x7fb2eba14af0>,76,1,[2 5],77,220,221,143,196
1,<environment.Job instance at 0x7fb2eba14e10>,81,16,[2 7],82,221,237,139,211
1,<environment.Job instance at 0x7fb2eba14f50>,82,3,[7 5],83,237,240,154,211
1,<environment.Job instance at 0x7fb2ebfa4eb0>,8,17,[4 9],9,10,27,1,10
1,<environment.Job instance at 0x7fb32fb47a00>,10,3,[10  4],11,27,30,16,14
1,<environment.Job instance at 0x7fb333f26500>,12,18,[10  5],13,30,48,17,19
1,<environment.Job instance at 0x7fb2ebd258c0>,17,18,[5 4],18,48,66,30,37
1,<environment.Job instance at 0x7fb32f587500>,21,17,[7 2],22,66,83,44,54
1,<environment.Job instance at 0x7fb32f935820>,25,13,[ 3 10],26,83,96,57,67
1,<environment.Job instance at 0x7fb32f6c8730>,30,2,[5 5],31,96,98,65,73
1,<environment.Job instance at 0x7fb333f26dc0>,11,17,[8 2],12,98,115,86,93
1,<environment.Job instance at 0x7fb3342c5a00>,33,18,[2 6],34,99,117,65,99
1,<environment.Job instance at 0x7fb333ea8640>,35,3,[9 3],36,117,120,81,99
1,<environment.Job instance at 0x7fb2ebf35eb0>,36,17,[1 6],37,117,134,80,105
1,<environment.Job instance at 0x7fb2ec0e8050>,39,13,[4 7],40,134,147,94,118
1,<environment.Job instance at 0x7fb32fae5aa0>,44,1,[ 3 10],45,147,148,102,125
1,<environment.Job instance at 0x7fb32f54e5f0>,45,12,[5 9],46,148,160,102,131
1,<environment.Job instance at 0x7fb32f54efa0>,47,1,[8 2],48,160,161,112,134
1,<environment.Job instance at 0x7fb333f14fa0>,52,1,[4 6],53,161,162,108,146
1,<environment.Job instance at 0x7fb32fae1280>,54,1,[5 8],55,162,163,107,147
1,<environment.Job instance at 0x7fb336aa92d0>,55,3,[7 3],56,163,166,107,148
1,<environment.Job instance at 0x7fb336aa9eb0>,56,2,[5 5],57,166,168,109,148
1,<environment.Job instance at 0x7fb2ebdd97d0>,57,3,[ 1 10],58,168,171,110,148
1,<environment.Job instance at 0x7fb2ebdd9e60>,59,2,[10  1],60,171,173,111,158
1,<environment.Job instance at 0x7fb2ebdd98c0>,60,3,[8 2],61,173,176,112,158
1,<environment.Job instance at 0x7fb336b46cd0>,58,12,[10  2],59,176,188,117,159
1,<environment.Job instance at 0x7fb2ebdd9820>,62,14,[ 1 10],63,188,202,125,173
1,<environment.Job instance at 0x7fb3340505f0>,70,3,[10  4],71,202,205,131,193
1,<environment.Job instance at 0x7fb333f9de10>,71,17,[5 6],72,205,222,133,193
1,<environment.Job instance at 0x7fb333f9d960>,75,12,[7 2],76,222,234,146,209
1,<environment.Job instance at 0x7fb333f9d0f0>,78,15,[10  2],79,234,249,155,220
1,<environment.Job instance at 0x7fb336bdeb40>,3,18,[6 1],4,5,23,1,5
1,<environment.Job instance at 0x7fb32f61eaa0>,5,15,[4 9],6,6,21,0,6
1,<environment.Job instance at 0x7fb2ec06af50>,8,16,[8 5],9,23,39,14,10
1,<environment.Job instance at 0x7fb2ec086960>,11,12,[4 8],12,39,51,27,22
1,<environment.Job instance at 0x7fb333e04eb0>,9,16,[5 1],10,39,55,29,26
1,<environment.Job instance at 0x7fb2ec086fa0>,12,2,[5 7],13,51,53,38,26
1,<environment.Job instance at 0x7fb32f5c9730>,23,16,[5 8],24,53,69,29,48
1,<environment.Job instance at 0x7fb2ebe66640>,21,12,[10  5],22,69,81,47,52
1,<environment.Job instance at 0x7fb3342a38c0>,36,12,[3 8],37,81,93,44,67
1,<environment.Job instance at 0x7fb3342a33c0>,41,12,[ 4 10],42,93,105,51,77
1,<environment.Job instance at 0x7fb32f998820>,52,18,[1 9],53,126,144,73,126
1,<environment.Job instance at 0x7fb2ec1241e0>,54,17,[7 1],55,148,165,93,148
1,<environment.Job instance at 0x7fb3342a3af0>,38,17,[3 7],39,148,165,109,148
1,<environment.Job instance at 0x7fb2ec124730>,58,1,[7 4],59,165,166,106,148
1,<environment.Job instance at 0x7fb2ebe67320>,59,2,[10  1],60,166,168,106,148
1,<environment.Job instance at 0x7fb2ec124d70>,57,13,[ 2 10],58,168,181,110,153
1,<environment.Job instance at 0x7fb2ebc73050>,64,15,[9 5],65,181,196,116,167
1,<environment.Job instance at 0x7fb3342b7410>,68,3,[2 8],69,196,199,127,171
1,<environment.Job instance at 0x7fb333f2bf50>,71,12,[7 1],72,196,208,124,179
1,<environment.Job instance at 0x7fb333e5a5a0>,74,13,[1 9],75,199,212,124,190
1,<environment.Job instance at 0x7fb333e5aa00>,75,12,[9 2],76,212,224,136,195
1,<environment.Job instance at 0x7fb333e5af50>,80,15,[2 8],81,224,239,143,210
1,<environment.Job instance at 0x7fb336bde190>,2,15,[ 1 10],3,3,18,0,3
1,<environment.Job instance at 0x7fb2ebca79b0>,9,1,[10  5],10,18,19,8,11
1,<environment.Job instance at 0x7fb2ebe4ef00>,10,15,[10  5],11,19,34,8,11
1,<environment.Job instance at 0x7fb2ebcc5d70>,11,17,[8 2],12,34,51,22,22
1,<environment.Job instance at 0x7fb3344d3e60>,15,12,[5 2],16,51,63,35,34
1,<environment.Job instance at 0x7fb2ec137460>,17,17,[2 7],18,34,51,16,34
1,<environment.Job instance at 0x7fb32f5de370>,13,2,[5 2],14,51,53,37,42
1,<environment.Job instance at 0x7fb333e6f6e0>,12,12,[4 6],13,53,65,40,42
1,<environment.Job instance at 0x7fb2ec092910>,22,3,[6 3],23,63,66,40,45
1,<environment.Job instance at 0x7fb2ec092c80>,31,17,[10  2],32,78,95,46,78
1,<environment.Job instance at 0x7fb2ec092f00>,35,13,[ 5 10],36,95,108,59,81
1,<environment.Job instance at 0x7fb2ebc9f910>,46,14,[8 4],47,138,152,91,138
1,<environment.Job instance at 0x7fb2ebc9f0a0>,52,12,[7 5],53,152,164,99,138
1,<environment.Job instance at 0x7fb2ebc8c280>,58,2,[4 8],59,164,166,105,155
1,<environment.Job instance at 0x7fb2ebc8c320>,59,3,[8 2],60,166,169,106,155
1,<environment.Job instance at 0x7fb2ebc8c3c0>,60,16,[8 2],61,169,185,108,162
1,<environment.Job instance at 0x7fb32f998af0>,5,18,[10  4],6,189,207,183,189
1,<environment.Job instance at 0x7fb2ebc8ca50>,72,14,[4 6],73,207,221,134,198
1,<environment.Job instance at 0x7fb2ebc8cb90>,74,1,[6 3],75,208,209,133,208
1,<environment.Job instance at 0x7fb2ebc8cd70>,77,19,[6 3],78,209,228,131,209
1,<environment.Job instance at 0x7fb2ebc6f230>,80,18,[7 1],81,228,246,147,217
1,<environment.Job instance at 0x7fb32f60e190>,1,14,[8 1],2,2,16,0,2
1,<environment.Job instance at 0x7fb3340ec050>,2,17,[9 5],3,16,33,13,4
1,<environment.Job instance at 0x7fb2ebc6f5a0>,3,1,[9 4],4,33,34,29,7
1,<environment.Job instance at 0x7fb333e5b9b0>,24,13,[3 6],25,39,52,14,39
1,<environment.Job instance at 0x7fb333e5bbe0>,25,17,[4 6],26,52,69,26,40
1,<environment.Job instance at 0x7fb333e5beb0>,29,3,[ 2 10],30,69,72,39,51
1,<environment.Job instance at 0x7fb32fa03d20>,9,25,[10  1],10,73,98,63,73
1,<environment.Job instance at 0x7fb2ebc4bb90>,42,13,[3 9],43,117,130,74,117
1,<environment.Job instance at 0x7fb32fa6a500>,49,2,[ 5 10],50,130,132,80,123
1,<environment.Job instance at 0x7fb32fa6ad20>,51,16,[5 4],52,132,148,80,123
1,<environment.Job instance at 0x7fb32fa6ab90>,53,14,[3 7],54,148,162,94,141
1,<environment.Job instance at 0x7fb2ebea5f00>,64,16,[10  2],65,165,181,100,165
1,<environment.Job instance at 0x7fb2ebea5a50>,65,13,[4 8],66,181,194,115,165
1,<environment.Job instance at 0x7fb334026690>,39,1,[ 4 10],40,194,195,154,184
1,<environment.Job instance at 0x7fb2ebea59b0>,70,2,[6 2],71,187,189,116,187
1,<environment.Job instance at 0x7fb32fa03c30>,13,18,[10  5],14,195,213,181,187
1,<environment.Job instance at 0x7fb32f998190>,73,12,[9 5],74,213,225,139,196
1,<environment.Job instance at 0x7fb32f998550>,78,16,[7 5],79,225,241,146,212
1,<environment.Job instance at 0x7fb32fc1f640>,0,17,[10  5],1,2,19,1,2
1,<environment.Job instance at 0x7fb2ebc4b500>,5,17,[9 4],6,19,36,13,7
1,<environment.Job instance at 0x7fb2ec1615f0>,8,14,[10  3],9,36,50,27,21
1,<environment.Job instance at 0x7fb2ec161410>,13,16,[5 8],14,50,66,36,37
1,<environment.Job instance at 0x7fb2ec161aa0>,10,12,[1 9],11,66,78,55,53
1,<environment.Job instance at 0x7fb2ec161050>,15,3,[2 5],16,78,81,62,60
1,<environment.Job instance at 0x7fb2ebfc1410>,22,17,[5 3],23,78,95,55,67
1,<environment.Job instance at 0x7fb2ebfc1050>,25,14,[1 5],26,81,95,55,67
1,<environment.Job instance at 0x7fb2ebfc1a00>,30,16,[7 5],31,95,111,64,82
1,<environment.Job instance at 0x7fb2ec161e10>,14,2,[8 3],15,111,113,96,89
1,<environment.Job instance at 0x7fb2eb9c14b0>,36,15,[6 4],37,113,128,76,99
1,<environment.Job instance at 0x7fb2ebfc1960>,23,18,[4 6],24,122,140,98,122
1,<environment.Job instance at 0x7fb2eb9c1cd0>,42,14,[1 7],43,140,154,97,125
1,<environment.Job instance at 0x7fb2eb9c1c80>,47,3,[2 7],48,154,157,106,130
1,<environment.Job instance at 0x7fb2eb9c1e60>,49,2,[1 8],50,157,159,107,130
1,<environment.Job instance at 0x7fb2eb937e60>,51,1,[5 3],52,131,132,79,131
1,<environment.Job instance at 0x7fb2eb9374b0>,52,3,[3 6],53,159,162,106,133
1,<environment.Job instance at 0x7fb2eb9c16e0>,43,16,[10  5],44,162,178,118,150
1,<environment.Job instance at 0x7fb2eb940dc0>,65,14,[4 5],66,180,194,114,180
1,<environment.Job instance at 0x7fb2eb9409b0>,67,3,[6 2],68,182,185,114,182
1,<environment.Job instance at 0x7fb2eb940d70>,68,2,[6 5],69,185,187,116,182
1,<environment.Job instance at 0x7fb2eb993280>,69,12,[7 5],70,194,206,124,182
1,<environment.Job instance at 0x7fb2eb9935a0>,72,16,[10  5],73,206,222,133,194
1,<environment.Job instance at 0x7fb32faceb40>,79,17,[6 4],80,222,239,142,220
1,<environment.Job instance at 0x7fb32f521b40>,5,12,[8 3],6,9,21,3,9
1,<environment.Job instance at 0x7fb2eba41320>,8,2,[9 5],9,21,23,12,10
1,<environment.Job instance at 0x7fb32fc1f050>,6,12,[7 2],7,23,35,16,10
1,<environment.Job instance at 0x7fb2eb7dc500>,10,1,[7 1],11,35,36,24,11
1,<environment.Job instance at 0x7fb2ebd159b0>,13,14,[2 7],14,23,37,9,15
1,<environment.Job instance at 0x7fb2eb7dc820>,11,16,[5 9],12,37,53,25,24
1,<environment.Job instance at 0x7fb334160e10>,23,15,[1 5],24,53,68,29,39
1,<environment.Job instance at 0x7fb334160f50>,24,12,[9 4],25,53,65,28,39
1,<environment.Job instance at 0x7fb33418d8c0>,28,17,[9 3],29,65,82,36,53
1,<environment.Job instance at 0x7fb33417aaf0>,33,15,[7 2],34,82,97,48,68
1,<environment.Job instance at 0x7fb2ec014640>,38,17,[3 6],39,82,99,43,78
1,<environment.Job instance at 0x7fb334171640>,41,12,[ 5 10],42,99,111,57,82
1,<environment.Job instance at 0x7fb32f8afa00>,43,14,[9 2],44,111,125,67,96
1,<environment.Job instance at 0x7fb2ebff2870>,54,14,[1 7],55,121,135,66,121
1,<environment.Job instance at 0x7fb333f2c0f0>,59,13,[8 2],60,125,138,65,124
1,<environment.Job instance at 0x7fb32fa73960>,61,3,[5 4],62,138,141,76,124
1,<environment.Job instance at 0x7fb32fa735f0>,62,14,[5 6],63,138,152,75,124
1,<environment.Job instance at 0x7fb2ebbb8640>,14,12,[4 7],15,152,164,137,137
1,<environment.Job instance at 0x7fb333f29280>,68,3,[9 1],69,164,167,95,148
1,<environment.Job instance at 0x7fb333f299b0>,71,16,[9 3],72,167,183,95,154
1,<environment.Job instance at 0x7fb333f29190>,73,3,[3 7],74,183,186,109,157
1,<environment.Job instance at 0x7fb333f29460>,75,13,[7 3],76,183,196,107,167
1,<environment.Job instance at 0x7fb333f29f50>,77,3,[5 5],78,196,199,118,170
1,<environment.Job instance at 0x7fb32fbc7370>,80,3,[5 9],81,199,202,118,180
1,<environment.Job instance at 0x7fb32fbc7460>,81,15,[7 4],82,202,217,120,188
1,<environment.Job instance at 0x7fb333f30d20>,85,14,[ 2 10],86,217,231,131,202
1,<environment.Job instance at 0x7fb2ebad7b90>,10,17,[8 5],11,12,29,1,12
1,<environment.Job instance at 0x7fb2ebad7960>,11,3,[2 5],12,12,15,0,12
1,<environment.Job instance at 0x7fb334249320>,13,12,[5 7],14,29,41,15,14
1,<environment.Job instance at 0x7fb32fa48550>,14,12,[6 3],15,41,53,26,25
1,<environment.Job instance at 0x7fb334482eb0>,16,1,[4 6],17,41,42,24,32
1,<environment.Job instance at 0x7fb33424df50>,19,2,[2 7],20,42,44,22,32
1,<environment.Job instance at 0x7fb2eb7c05a0>,7,18,[5 9],8,53,71,45,42
1,<environment.Job instance at 0x7fb2ebe6f5f0>,23,17,[10  4],24,71,88,47,61
1,<environment.Job instance at 0x7fb2ebf66aa0>,20,3,[1 7],21,88,91,67,67
1,<environment.Job instance at 0x7fb2ec030140>,27,15,[3 8],28,91,106,63,77
1,<environment.Job instance at 0x7fb2ec0305f0>,28,1,[5 7],29,106,107,77,85
1,<environment.Job instance at 0x7fb333e7df50>,30,16,[10  1],31,107,123,76,94
1,<environment.Job instance at 0x7fb336d2ef50>,12,13,[3 8],13,123,136,110,109
1,<environment.Job instance at 0x7fb334056af0>,44,17,[7 2],45,123,140,78,117
1,<environment.Job instance at 0x7fb334056690>,45,1,[8 3],46,140,141,94,117
1,<environment.Job instance at 0x7fb3340561e0>,47,14,[3 8],48,141,155,93,126
1,<environment.Job instance at 0x7fb3340562d0>,52,15,[9 5],53,155,170,102,141
1,<environment.Job instance at 0x7fb333f8d9b0>,62,3,[8 5],63,170,173,107,152
1,<environment.Job instance at 0x7fb2ec000370>,64,14,[2 5],65,170,184,105,161
1,<environment.Job instance at 0x7fb2ec000460>,67,18,[3 6],68,184,202,116,173
1,<environment.Job instance at 0x7fb32fb97aa0>,73,17,[6 1],74,186,203,112,186
1,<environment.Job instance at 0x7fb32fb97690>,74,3,[5 7],75,203,206,128,189
1,<environment.Job instance at 0x7fb32faa2fa0>,76,16,[ 2 10],77,206,222,129,193
1,<environment.Job instance at 0x7fb32f877d20>,9,1,[4 9],10,11,12,1,11
1,<environment.Job instance at 0x7fb32f877dc0>,8,2,[7 1],9,12,14,3,12
1,<environment.Job instance at 0x7fb32f877960>,11,3,[8 3],12,14,17,2,12
1,<environment.Job instance at 0x7fb334467a00>,7,13,[8 1],8,17,30,9,12
1,<environment.Job instance at 0x7fb32f8774b0>,12,17,[5 3],13,30,47,17,18
1,<environment.Job instance at 0x7fb32f5f7b90>,24,18,[5 8],25,47,65,22,36
1,<environment.Job instance at 0x7fb32f5f75f0>,26,17,[5 7],27,65,82,38,61
1,<environment.Job instance at 0x7fb32fabe3c0>,33,13,[5 5],34,82,95,48,76
1,<environment.Job instance at 0x7fb32fabe230>,39,15,[10  1],40,95,110,55,88
1,<environment.Job instance at 0x7fb32fabe0f0>,42,14,[8 4],43,110,124,67,105
1,<environment.Job instance at 0x7fb32fabe730>,43,15,[3 5],44,124,139,80,110
1,<environment.Job instance at 0x7fb32f5f7a50>,15,3,[1 5],16,124,127,108,124
1,<environment.Job instance at 0x7fb2ebfc25f0>,52,14,[6 4],53,127,141,74,124
1,<environment.Job instance at 0x7fb2ebfc2af0>,54,17,[9 3],55,141,158,86,136
1,<environment.Job instance at 0x7fb2ebad7050>,56,17,[2 5],57,158,175,101,158
1,<environment.Job instance at 0x7fb2ebad7550>,58,12,[4 6],59,175,187,116,158
1,<environment.Job instance at 0x7fb2ebad77d0>,59,14,[7 4],60,158,172,98,158
1,<environment.Job instance at 0x7fb2ebad75a0>,57,2,[3 6],58,187,189,129,160
1,<environment.Job instance at 0x7fb2ebad7aa0>,61,17,[ 5 10],62,189,206,127,177
1,<environment.Job instance at 0x7fb2ebad7af0>,67,17,[4 5],68,206,223,138,194
1,<environment.Job instance at 0x7fb333f09cd0>,74,13,[9 2],75,223,236,148,208
1,<environment.Job instance at 0x7fb2ebc5eb90>,3,17,[ 1 10],4,4,21,0,4
1,<environment.Job instance at 0x7fb333d9d870>,14,2,[8 1],15,26,28,11,26
1,<environment.Job instance at 0x7fb32f770050>,15,16,[9 5],16,28,44,12,26
1,<environment.Job instance at 0x7fb32f744460>,16,18,[6 5],17,44,62,27,33
1,<environment.Job instance at 0x7fb2ec137a00>,27,16,[2 5],28,53,69,25,53
1,<environment.Job instance at 0x7fb3341dcf00>,28,3,[8 4],29,62,65,33,55
1,<environment.Job instance at 0x7fb3341dcdc0>,30,13,[7 3],31,65,78,34,55
1,<environment.Job instance at 0x7fb3341dc4b0>,34,1,[10  1],35,78,79,43,56
1,<environment.Job instance at 0x7fb3341f5a00>,37,3,[5 9],38,79,82,41,56
1,<environment.Job instance at 0x7fb3341f5b90>,38,3,[7 1],39,82,85,43,56
1,<environment.Job instance at 0x7fb2ebd27b90>,48,2,[1 8],49,103,105,54,103
1,<environment.Job instance at 0x7fb2ebd279b0>,49,2,[2 7],50,105,107,55,103
1,<environment.Job instance at 0x7fb2ebd27b40>,50,15,[3 9],51,107,122,56,103
1,<environment.Job instance at 0x7fb3341fc280>,52,3,[1 9],53,122,125,69,105
1,<environment.Job instance at 0x7fb2ebd1f500>,54,16,[ 5 10],55,125,141,70,112
1,<environment.Job instance at 0x7fb2ebff3d70>,59,2,[5 8],60,141,143,81,130
1,<environment.Job instance at 0x7fb32fb78e60>,61,14,[ 5 10],62,143,157,81,133
1,<environment.Job instance at 0x7fb2ebd0b780>,64,16,[2 9],65,157,173,92,144
1,<environment.Job instance at 0x7fb32f5ec7d0>,70,15,[9 1],71,173,188,102,171
1,<environment.Job instance at 0x7fb3342d5fa0>,71,16,[10  5],72,188,204,116,175
1,<environment.Job instance at 0x7fb32f5b7aa0>,81,17,[9 1],82,204,221,122,193
1,<environment.Job instance at 0x7fb32f594fa0>,88,3,[ 1 10],89,221,224,132,209
1,<environment.Job instance at 0x7fb32f594c30>,89,12,[5 4],90,224,236,134,211
1,<environment.Job instance at 0x7fb2ec140050>,2,1,[2 7],3,3,4,0,3
1,<environment.Job instance at 0x7fb2ec140820>,3,18,[5 3],4,4,22,0,4
1,<environment.Job instance at 0x7fb333dedb40>,9,14,[ 2 10],10,22,36,12,13
1,<environment.Job instance at 0x7fb333ded640>,11,2,[2 9],12,36,38,24,13
1,<environment.Job instance at 0x7fb32fbbd820>,16,3,[5 1],17,36,39,19,26
1,<environment.Job instance at 0x7fb32f995550>,17,14,[5 4],18,38,52,20,26
1,<environment.Job instance at 0x7fb32f9950f0>,18,3,[ 4 10],19,52,55,33,26
1,<environment.Job instance at 0x7fb32f995280>,21,12,[8 3],22,55,67,33,38
1,<environment.Job instance at 0x7fb2eb892b40>,29,16,[7 1],30,67,83,37,55
1,<environment.Job instance at 0x7fb2eb892af0>,32,2,[8 3],33,83,85,50,59
1,<environment.Job instance at 0x7fb333eea3c0>,34,17,[5 5],35,85,102,50,74
1,<environment.Job instance at 0x7fb333eea0a0>,37,15,[5 3],38,85,100,47,74
1,<environment.Job instance at 0x7fb32f7f8780>,42,13,[4 8],43,102,115,59,86
1,<environment.Job instance at 0x7fb32f7f8910>,40,3,[7 5],41,115,118,74,96
1,<environment.Job instance at 0x7fb33420ba00>,50,13,[10  5],51,118,131,67,108
1,<environment.Job instance at 0x7fb33420b280>,55,17,[5 9],56,131,148,75,120
1,<environment.Job instance at 0x7fb333ede230>,62,15,[9 3],63,148,163,85,137
1,<environment.Job instance at 0x7fb333edec30>,63,14,[1 6],64,148,162,84,137
1,<environment.Job instance at 0x7fb333ede140>,65,1,[5 1],66,137,138,71,137
1,<environment.Job instance at 0x7fb333edeeb0>,66,15,[9 5],67,163,178,96,149
1,<environment.Job instance at 0x7fb32f7e4f00>,68,16,[ 5 10],69,178,194,109,167
1,<environment.Job instance at 0x7fb32f7e47d0>,69,17,[3 7],70,194,211,124,182
1,<environment.Job instance at 0x7fb2ebe4cdc0>,73,3,[8 1],74,211,214,137,186
1,<environment.Job instance at 0x7fb2ebe4c690>,77,3,[5 8],78,214,217,136,195
1,<environment.Job instance at 0x7fb33420bf50>,56,15,[3 6],57,217,232,160,205
1,<environment.Job instance at 0x7fb2eba1daa0>,81,2,[1 6],82,211,213,129,207
1,<environment.Job instance at 0x7fb2eba1d730>,82,1,[7 3],83,208,209,125,208
1,<environment.Job instance at 0x7fb2eba47870>,86,3,[10  3],87,232,235,145,208
1,<environment.Job instance at 0x7fb2eba47690>,87,3,[9 5],88,235,238,147,210
1,<environment.Job instance at 0x7fb2eba47d70>,88,3,[ 4 10],89,238,241,149,212
1,<environment.Job instance at 0x7fb334049f00>,5,1,[9 1],6,7,8,1,7
1,<environment.Job instance at 0x7fb334049c30>,6,16,[7 3],7,8,24,1,7
1,<environment.Job instance at 0x7fb334049320>,8,12,[9 2],9,24,36,15,9
1,<environment.Job instance at 0x7fb334049a50>,7,3,[10  4],8,36,39,28,26
1,<environment.Job instance at 0x7fb33445ab40>,10,3,[9 5],11,39,42,28,26
1,<environment.Job instance at 0x7fb33445a9b0>,12,1,[ 5 10],13,42,43,29,26
1,<environment.Job instance at 0x7fb33445a960>,13,1,[2 9],14,43,44,29,26
1,<environment.Job instance at 0x7fb33445afa0>,15,2,[10  4],16,44,46,28,29
1,<environment.Job instance at 0x7fb33445a2d0>,11,2,[5 1],12,46,48,34,30
1,<environment.Job instance at 0x7fb33445ad20>,17,1,[8 1],18,43,44,25,30
1,<environment.Job instance at 0x7fb33445aaa0>,19,2,[10  4],20,48,50,28,34
1,<environment.Job instance at 0x7fb33445aeb0>,20,1,[5 1],21,46,47,25,34
1,<environment.Job instance at 0x7fb33445a730>,21,18,[9 3],22,50,68,28,39
1,<environment.Job instance at 0x7fb336bdca00>,28,14,[7 2],29,68,82,39,54
1,<environment.Job instance at 0x7fb336bdc410>,31,14,[8 4],32,82,96,50,67
1,<environment.Job instance at 0x7fb2ebc4df50>,33,3,[6 5],34,96,99,62,70
1,<environment.Job instance at 0x7fb31af41b40>,36,15,[4 5],37,96,111,59,82
1,<environment.Job instance at 0x7fb2ebc4d410>,37,17,[6 2],38,99,116,61,91
1,<environment.Job instance at 0x7fb333ce5320>,44,17,[3 7],45,111,128,66,103
1,<environment.Job instance at 0x7fb33445a140>,16,18,[7 1],17,116,134,99,113
1,<environment.Job instance at 0x7fb2eb8f2820>,52,13,[4 6],53,134,147,81,118
1,<environment.Job instance at 0x7fb2eb8f2eb0>,55,2,[5 5],56,147,149,91,120
1,<environment.Job instance at 0x7fb2eb8f24b0>,57,18,[1 6],58,149,167,91,140
1,<environment.Job instance at 0x7fb2eb8f2aa0>,59,15,[6 3],60,149,164,89,141
1,<environment.Job instance at 0x7fb2eb8f21e0>,64,13,[7 1],65,164,177,99,153
1,<environment.Job instance at 0x7fb2eb8f28c0>,66,13,[5 4],67,177,190,110,161
1,<environment.Job instance at 0x7fb2ebd9ceb0>,72,12,[7 5],73,190,202,117,173
1,<environment.Job instance at 0x7fb2ebd9c780>,75,12,[5 6],76,177,189,101,173
1,<environment.Job instance at 0x7fb2ebd9ccd0>,80,15,[6 2],81,202,217,121,188
1,<environment.Job instance at 0x7fb2ebd9cbe0>,84,14,[9 4],85,217,231,132,202
1,<environment.Job instance at 0x7fb3342c4a00>,3,16,[6 3],4,4,20,0,4
1,<environment.Job instance at 0x7fb2ebc86460>,5,13,[5 5],6,20,33,14,7
1,<environment.Job instance at 0x7fb333e59370>,11,12,[5 4],12,20,32,8,12
1,<environment.Job instance at 0x7fb333e59280>,12,1,[4 8],13,33,34,20,14
1,<environment.Job instance at 0x7fb333e59230>,13,3,[2 6],14,34,37,20,20
1,<environment.Job instance at 0x7fb333e59b90>,15,18,[5 5],16,37,55,21,26
1,<environment.Job instance at 0x7fb3341eb190>,20,1,[4 9],21,55,56,34,33
1,<environment.Job instance at 0x7fb2ebda8960>,17,18,[6 1],18,55,73,37,44
1,<environment.Job instance at 0x7fb32faf5190>,24,15,[4 7],25,56,71,31,45
1,<environment.Job instance at 0x7fb32faf5aa0>,27,13,[7 2],28,73,86,45,57
1,<environment.Job instance at 0x7fb32faf70f0>,30,17,[1 6],31,71,88,40,60
1,<environment.Job instance at 0x7fb2ebda3eb0>,34,16,[6 1],35,86,102,51,73
1,<environment.Job instance at 0x7fb2ebda3fa0>,36,15,[7 3],37,102,117,65,89
1,<environment.Job instance at 0x7fb32f813910>,39,15,[8 1],40,117,132,77,103
1,<environment.Job instance at 0x7fb32faafe60>,44,15,[10  3],45,132,147,87,118
1,<environment.Job instance at 0x7fb2ebc9d050>,48,15,[10  5],49,147,162,98,133
1,<environment.Job instance at 0x7fb2ebc91370>,57,16,[7 2],58,162,178,104,152
1,<environment.Job instance at 0x7fb2ebc91f50>,59,16,[5 4],60,178,194,118,167
1,<environment.Job instance at 0x7fb2ebc917d0>,64,17,[1 9],65,194,211,129,182
1,<environment.Job instance at 0x7fb2ebc911e0>,66,2,[7 3],67,211,213,144,185
1,<environment.Job instance at 0x7fb2ebc91230>,67,1,[6 1],68,194,195,126,189
1,<environment.Job instance at 0x7fb2ebc91910>,68,14,[10  4],69,213,227,144,200
1,<environment.Job instance at 0x7fb2ebc7beb0>,73,1,[4 7],74,227,228,153,210
1,<environment.Job instance at 0x7fb2ebc7ba00>,72,16,[8 4],73,228,244,155,216
1,<environment.Job instance at 0x7fce2913c0f0>,2,14,[ 2 10],3,3,17,0,3
1,<environment.Job instance at 0x7fce21d2d280>,4,13,[3 6],5,17,30,12,5
1,<environment.Job instance at 0x7fce21d2d910>,11,3,[4 9],12,30,33,18,12
1,<environment.Job instance at 0x7fce21d2db40>,13,18,[5 9],14,33,51,19,22
1,<environment.Job instance at 0x7fce21d2dd20>,15,3,[2 8],16,51,54,35,29
1,<environment.Job instance at 0x7fce21d2f0a0>,22,12,[3 8],23,54,66,31,42
1,<environment.Job instance at 0x7fce21d2f1e0>,23,16,[6 2],24,51,67,27,42
1,<environment.Job instance at 0x7fce21d2f690>,27,17,[4 6],28,66,83,38,54
1,<environment.Job instance at 0x7fce21d2f500>,29,2,[4 7],30,83,85,53,58
1,<environment.Job instance at 0x7fce21d2d780>,9,12,[8 2],10,85,97,75,85
1,<environment.Job instance at 0x7fce21d2fcd0>,36,2,[7 5],37,111,113,74,111
1,<environment.Job instance at 0x7fce21d2fd70>,37,14,[5 8],38,113,127,75,112
1,<environment.Job instance at 0x7fce21d2f730>,39,14,[9 4],40,127,141,87,112
1,<environment.Job instance at 0x7fce21d32550>,44,3,[5 1],45,141,144,96,138
1,<environment.Job instance at 0x7fce21d32370>,45,15,[7 5],46,144,159,98,138
1,<environment.Job instance at 0x7fce21d327d0>,47,13,[ 3 10],48,159,172,111,143
1,<environment.Job instance at 0x7fce21d32b40>,50,2,[5 6],51,172,174,121,149
1,<environment.Job instance at 0x7fce21d2fb90>,34,14,[1 9],35,174,188,139,159
1,<environment.Job instance at 0x7fce21d32aa0>,51,2,[5 3],52,172,174,120,160
1,<environment.Job instance at 0x7fce21d32cd0>,53,3,[2 9],54,188,191,134,163
1,<environment.Job instance at 0x7fce21d329b0>,56,3,[8 4],57,191,194,134,171
1,<environment.Job instance at 0x7fce21d35640>,62,14,[4 9],63,194,208,131,179
1,<environment.Job instance at 0x7fce21d35a00>,68,14,[6 4],69,208,222,139,193
1,<environment.Job instance at 0x7fce21d35aa0>,69,14,[9 4],70,222,236,152,207
1,<environment.Job instance at 0x7fce21d353c0>,80,1,[5 5],81,236,237,155,216
1,<environment.Job instance at 0x7fce21d356e0>,63,12,[5 3],64,236,248,172,219
1,<environment.Job instance at 0x7fce21d45e60>,1,13,[5 7],2,2,15,0,2
1,<environment.Job instance at 0x7fce21d4a230>,6,3,[10  3],7,15,18,8,9
1,<environment.Job instance at 0x7fce21d4a820>,8,2,[5 7],9,18,20,9,9
1,<environment.Job instance at 0x7fce21d4a0a0>,4,19,[3 8],5,20,39,15,10
1,<environment.Job instance at 0x7fce21d4aa00>,13,3,[2 5],14,39,42,25,23
1,<environment.Job instance at 0x7fcdddfebd70>,17,13,[9 5],18,42,55,24,26
1,<environment.Job instance at 0x7fcdde12a5a0>,26,3,[7 5],27,55,58,28,40
1,<environment.Job instance at 0x7fcdde12a280>,27,2,[5 3],28,58,60,30,43
1,<environment.Job instance at 0x7fcdde16bc30>,25,15,[5 3],26,58,73,32,44
1,<environment.Job instance at 0x7fcdde12aaa0>,33,14,[5 9],34,73,87,39,58
1,<environment.Job instance at 0x7fcdde128730>,41,17,[3 6],42,95,112,53,95
1,<environment.Job instance at 0x7fcdde12cb90>,53,18,[5 1],54,161,179,107,161
1,<environment.Job instance at 0x7fcdde12cc30>,54,15,[8 5],55,179,194,124,165
1,<environment.Job instance at 0x7fcdde12d5f0>,59,13,[4 5],60,194,207,134,180
1,<environment.Job instance at 0x7fcdde12d370>,62,2,[10  4],63,207,209,144,197
1,<environment.Job instance at 0x7fcdde122820>,68,13,[2 7],69,214,227,145,214
1,<environment.Job instance at 0x7fcdde122af0>,70,13,[5 9],71,227,240,156,215
1,<environment.Job instance at 0x7fcdddffac80>,6,13,[2 5],7,7,20,0,7
1,<environment.Job instance at 0x7fcdde0557d0>,12,1,[ 4 10],13,20,21,7,14
1,<environment.Job instance at 0x7fcdde055640>,13,3,[7 5],14,14,17,0,14
1,<environment.Job instance at 0x7fcdde0556e0>,14,16,[5 2],15,21,37,6,15
1,<environment.Job instance at 0x7fcdde0550a0>,15,2,[6 3],16,18,20,2,18
1,<environment.Job instance at 0x7fce292a6190>,17,14,[3 6],18,22,36,4,22
1,<environment.Job instance at 0x7fce292b3640>,19,2,[8 2],20,37,39,17,22
1,<environment.Job instance at 0x7fce2221fd70>,21,3,[6 1],22,39,42,17,36
1,<environment.Job instance at 0x7fcdddfa3280>,22,2,[5 3],23,42,44,19,36
1,<environment.Job instance at 0x7fcdddf89cd0>,24,14,[3 8],25,44,58,19,37
1,<environment.Job instance at 0x7fce2223a550>,26,18,[8 3],27,58,76,31,47
1,<environment.Job instance at 0x7fce21b78b90>,31,18,[5 8],32,76,94,44,65
1,<environment.Job instance at 0x7fce292ade60>,40,16,[ 4 10],41,94,110,53,81
1,<environment.Job instance at 0x7fce29165f00>,46,17,[7 4],47,110,127,63,99
1,<environment.Job instance at 0x7fce292b70f0>,51,13,[1 7],52,127,140,75,111
1,<environment.Job instance at 0x7fce292b7e60>,56,16,[2 9],57,140,156,83,127
1,<environment.Job instance at 0x7fcdde1037d0>,59,2,[2 7],60,156,158,96,130
1,<environment.Job instance at 0x7fce21aa5870>,63,18,[1 6],64,158,176,94,152
1,<environment.Job instance at 0x7fcdde103aa0>,67,16,[7 4],68,159,175,91,159
1,<environment.Job instance at 0x7fcdddff0e60>,68,16,[9 2],69,175,191,106,162
1,<environment.Job instance at 0x7fce21ae94b0>,76,2,[7 5],77,191,193,114,171
1,<environment.Job instance at 0x7fce21bc6230>,79,3,[2 7],80,193,196,113,174
1,<environment.Job instance at 0x7fce21f3baf0>,80,12,[10  5],81,196,208,115,180
1,<environment.Job instance at 0x7fce21f29230>,84,14,[3 6],85,208,222,123,193
1,<environment.Job instance at 0x7fce21aee910>,0,18,[ 2 10],1,1,19,0,1
1,<environment.Job instance at 0x7fcdde2ff870>,5,3,[4 6],6,19,22,13,6
1,<environment.Job instance at 0x7fcdde5cf1e0>,9,3,[6 3],10,19,22,9,10
1,<environment.Job instance at 0x7fcdde5cf780>,11,14,[9 2],12,22,36,10,12
1,<environment.Job instance at 0x7fce21e3f5a0>,15,1,[5 4],16,36,37,20,16
1,<environment.Job instance at 0x7fce21e3ff00>,14,3,[ 5 10],15,37,40,22,22
1,<environment.Job instance at 0x7fce28b65370>,17,1,[6 2],18,40,41,22,23
1,<environment.Job instance at 0x7fce220945f0>,13,2,[7 2],14,41,43,27,29
1,<environment.Job instance at 0x7fce287d7460>,18,15,[2 8],19,40,55,21,32
1,<environment.Job instance at 0x7fce21e403c0>,22,17,[8 1],23,43,60,20,41
1,<environment.Job instance at 0x7fce2203e640>,26,3,[6 3],27,60,63,33,47
1,<environment.Job instance at 0x7fce21d8c5f0>,25,18,[4 6],26,60,78,34,50
1,<environment.Job instance at 0x7fce21eae820>,35,16,[4 7],36,78,94,42,66
1,<environment.Job instance at 0x7fce286699b0>,40,3,[10  1],41,94,97,53,89
1,<environment.Job instance at 0x7fce21eae910>,39,18,[8 2],40,97,115,57,93
1,<environment.Job instance at 0x7fcdde66c910>,43,17,[4 7],44,115,132,71,112
1,<environment.Job instance at 0x7fcdde4d7b90>,54,16,[1 5],55,139,155,84,139
1,<environment.Job instance at 0x7fce22149c30>,57,18,[10  5],58,155,173,97,144
1,<environment.Job instance at 0x7fcdde66c820>,42,3,[6 5],43,173,176,130,158
1,<environment.Job instance at 0x7fce221de320>,63,14,[6 5],64,176,190,112,161
1,<environment.Job instance at 0x7fce2217a7d0>,74,1,[3 5],75,188,189,113,188
1,<environment.Job instance at 0x7fce286a9690>,64,12,[9 3],65,207,219,142,207
1,<environment.Job instance at 0x7fce21ebe5a0>,76,15,[10  2],77,219,234,142,211
1,<environment.Job instance at 0x7fce29167190>,2,14,[2 6],3,3,17,0,3
1,<environment.Job instance at 0x7fcdde3e80f0>,5,15,[4 7],6,17,32,11,7
1,<environment.Job instance at 0x7fce28a861e0>,15,13,[6 4],16,32,45,16,18
1,<environment.Job instance at 0x7fce21b26cd0>,21,16,[8 4],22,45,61,23,32
1,<environment.Job instance at 0x7fce21cad230>,29,1,[ 2 10],30,61,62,31,41
1,<environment.Job instance at 0x7fce21cad410>,30,13,[5 8],31,62,75,31,46
1,<environment.Job instance at 0x7fcdde384550>,9,15,[ 2 10],10,75,90,65,62
1,<environment.Job instance at 0x7fce21b385f0>,41,16,[1 6],42,90,106,48,79
1,<environment.Job instance at 0x7fce21b384b0>,42,1,[5 3],43,90,91,47,79
1,<environment.Job instance at 0x7fce21b22910>,36,18,[10  5],37,106,124,69,96
1,<environment.Job instance at 0x7fce21b3ab90>,55,14,[5 2],56,124,138,68,110
1,<environment.Job instance at 0x7fce21b3a780>,57,17,[2 6],58,124,141,66,121
1,<environment.Job instance at 0x7fce21b3a820>,58,17,[5 4],59,138,155,79,126
1,<environment.Job instance at 0x7fce21b37be0>,60,16,[9 4],61,155,171,94,142
1,<environment.Job instance at 0x7fce21b37b40>,61,3,[5 4],62,171,174,109,159
1,<environment.Job instance at 0x7fce21b225f0>,37,14,[1 9],38,174,188,136,161
1,<environment.Job instance at 0x7fce21b37370>,67,1,[5 6],68,171,172,103,161
1,<environment.Job instance at 0x7fce21b37c30>,69,14,[9 4],70,188,202,118,177
1,<environment.Job instance at 0x7fce21b40d20>,73,3,[ 1 10],74,202,205,128,177
1,<environment.Job instance at 0x7fce21b1bbe0>,76,17,[2 9],77,205,222,128,193
1,<environment.Job instance at 0x7fce28aa0d70>,82,2,[3 9],83,222,224,139,203
1,<environment.Job instance at 0x7fce28abbf00>,83,17,[6 1],84,205,222,121,203
1,<environment.Job instance at 0x7fce28ac34b0>,84,3,[9 2],85,224,227,139,207
1,<environment.Job instance at 0x7fce28ad5370>,81,17,[10  5],82,227,244,145,215
1,<environment.Job instance at 0x7fcdde4d9f50>,1,2,[8 5],2,2,4,0,2
1,<environment.Job instance at 0x7fce285ee7d0>,2,2,[5 1],3,4,6,1,4
1,<environment.Job instance at 0x7fce285eee10>,4,16,[2 7],5,5,21,0,5
1,<environment.Job instance at 0x7fce21d6cc80>,7,3,[ 4 10],8,21,24,13,8
1,<environment.Job instance at 0x7fce21d6c8c0>,9,12,[7 5],10,24,36,14,12
1,<environment.Job instance at 0x7fce21d6ce60>,15,2,[10  1],16,36,38,20,17
1,<environment.Job instance at 0x7fce21b6ca00>,19,14,[5 1],20,38,52,18,24
1,<environment.Job instance at 0x7fce21d6c230>,11,17,[2 9],12,38,55,26,26
1,<environment.Job instance at 0x7fce21b6cb40>,23,1,[5 7],24,55,56,31,33
1,<environment.Job instance at 0x7fce21b6c820>,17,22,[10  1],18,56,78,38,54
1,<environment.Job instance at 0x7fcdde37ad70>,28,3,[9 3],29,78,81,49,56
1,<environment.Job instance at 0x7fcdde37a190>,27,1,[5 3],28,81,82,53,60
1,<environment.Job instance at 0x7fcdde37acd0>,31,2,[2 6],32,81,83,49,60
1,<environment.Job instance at 0x7fcdde37aaa0>,32,13,[ 3 10],33,83,96,50,68
1,<environment.Job instance at 0x7fcdde3a0b90>,41,12,[7 1],42,96,108,54,82
1,<environment.Job instance at 0x7fce21b6cdc0>,20,20,[3 8],21,118,138,97,118
1,<environment.Job instance at 0x7fcdde3a0f00>,48,12,[10  2],49,138,150,89,130
1,<environment.Job instance at 0x7fcdde3a0320>,49,13,[ 1 10],50,150,163,100,134
1,<environment.Job instance at 0x7fce21d961e0>,52,3,[7 4],53,163,166,110,139
1,<environment.Job instance at 0x7fce21d96370>,57,13,[5 8],58,166,179,108,156
1,<environment.Job instance at 0x7fce21d96cd0>,58,13,[5 5],59,179,192,120,163
1,<environment.Job instance at 0x7fce21d96910>,62,15,[3 9],63,192,207,129,186
1,<environment.Job instance at 0x7fce21d96d70>,65,3,[2 6],66,207,210,141,191
1,<environment.Job instance at 0x7fce289d1b40>,74,1,[5 2],75,207,208,132,199
1,<environment.Job instance at 0x7fce28983640>,71,15,[2 7],72,210,225,138,200
1,<environment.Job instance at 0x7fce289d12d0>,78,13,[8 3],79,208,221,129,200
1,<environment.Job instance at 0x7fce289d15a0>,77,3,[10  5],78,225,228,147,222
1,<environment.Job instance at 0x7fce28969af0>,4,12,[9 3],5,5,17,0,5
1,<environment.Job instance at 0x7fce21c8cc30>,10,13,[7 1],11,17,30,6,11
1,<environment.Job instance at 0x7fcdde57b5f0>,16,1,[4 5],17,30,31,13,17
1,<environment.Job instance at 0x7fce28bc61e0>,14,15,[10  1],15,31,46,16,18
1,<environment.Job instance at 0x7fcdde57b640>,17,13,[5 1],18,46,59,28,32
1,<environment.Job instance at 0x7fce21dd6f00>,22,14,[4 6],23,46,60,23,32
1,<environment.Job instance at 0x7fce21c8cdc0>,15,18,[7 4],16,60,78,44,50
1,<environment.Job instance at 0x7fcdde60a0a0>,27,3,[3 6],28,60,63,32,59
1,<environment.Job instance at 0x7fce28a165f0>,28,2,[7 4],29,78,80,49,59
1,<environment.Job instance at 0x7fce286a9780>,31,12,[3 8],32,80,92,48,64
1,<environment.Job instance at 0x7fce21d35730>,29,1,[1 6],30,68,69,38,68
1,<environment.Job instance at 0x7fce21d6f3c0>,37,12,[3 8],38,92,104,54,76
1,<environment.Job instance at 0x7fce21d6ff50>,36,14,[5 7],37,104,118,67,89
1,<environment.Job instance at 0x7fce286a9410>,30,13,[7 3],31,118,131,87,104
1,<environment.Job instance at 0x7fce21da00f0>,42,3,[8 4],43,131,134,88,105
1,<environment.Job instance at 0x7fce288dc870>,44,3,[3 5],45,118,121,73,105
1,<environment.Job instance at 0x7fce21dfd550>,50,13,[1 6],51,124,137,73,124
1,<environment.Job instance at 0x7fce21dfd910>,53,3,[1 5],54,137,140,83,127
1,<environment.Job instance at 0x7fce21dfd780>,54,17,[5 1],55,134,151,79,127
1,<environment.Job instance at 0x7fce21dfd9b0>,58,12,[5 5],59,140,152,81,128
1,<environment.Job instance at 0x7fce21dfda00>,60,17,[7 1],61,153,170,92,153
1,<environment.Job instance at 0x7fce21da0aa0>,40,18,[2 9],41,157,175,116,157
1,<environment.Job instance at 0x7fce21af35f0>,63,3,[2 7],64,175,178,111,157
1,<environment.Job instance at 0x7fce286e9cd0>,64,12,[1 5],65,178,190,113,164
1,<environment.Job instance at 0x7fce21af3c80>,65,18,[8 2],66,175,193,109,165
1,<environment.Job instance at 0x7fcdde18d820>,72,13,[9 3],73,193,206,120,177
1,<environment.Job instance at 0x7fce21bd5a00>,76,15,[10  2],77,206,221,129,192
1,<environment.Job instance at 0x7fce21ce2be0>,86,3,[8 5],87,221,224,134,198
1,<environment.Job instance at 0x7fcdde5ec0a0>,66,1,[6 4],67,224,225,157,200
1,<environment.Job instance at 0x7fce21ce28c0>,88,16,[10  1],89,225,241,136,212
1,<environment.Job instance at 0x7fce21ce23c0>,3,17,[4 9],4,4,21,0,4
1,<environment.Job instance at 0x7fcdde4bfe60>,8,16,[9 2],9,21,37,12,9
1,<environment.Job instance at 0x7fcdde490730>,13,3,[10  4],14,37,40,23,17
1,<environment.Job instance at 0x7fce21def0f0>,16,2,[1 9],17,40,42,23,24
1,<environment.Job instance at 0x7fcdddf28f00>,19,3,[ 4 10],20,42,45,22,28
1,<environment.Job instance at 0x7fce28784d20>,17,13,[ 5 10],18,45,58,27,34
1,<environment.Job instance at 0x7fcdddefa410>,24,13,[4 6],25,58,71,33,43
1,<environment.Job instance at 0x7fce285a0870>,15,18,[6 2],16,58,76,42,57
1,<environment.Job instance at 0x7fcdddefa870>,27,3,[1 6],28,71,74,43,60
1,<environment.Job instance at 0x7fcdddefa690>,26,13,[5 6],27,76,89,49,65
1,<environment.Job instance at 0x7fcdddefab90>,31,2,[9 4],32,89,91,57,69
1,<environment.Job instance at 0x7fcdddefaf50>,37,3,[ 5 10],38,91,94,53,73
1,<environment.Job instance at 0x7fcdddefa140>,20,18,[8 5],21,94,112,73,86
1,<environment.Job instance at 0x7fcdddef82d0>,41,2,[1 5],42,89,91,47,86
1,<environment.Job instance at 0x7fcdddef8460>,44,2,[7 4],45,112,114,67,86
1,<environment.Job instance at 0x7fcdddef8230>,42,3,[9 5],43,114,117,71,88
1,<environment.Job instance at 0x7fcdddef8730>,49,15,[ 5 10],50,117,132,67,104
1,<environment.Job instance at 0x7fcdddef85f0>,47,15,[6 4],48,132,147,84,118
1,<environment.Job instance at 0x7fcdddef8f00>,59,15,[6 5],60,147,162,87,133
1,<environment.Job instance at 0x7fcdddef8cd0>,62,13,[9 1],63,162,175,99,148
1,<environment.Job instance at 0x7fcdddeff280>,67,18,[ 3 10],68,175,193,107,164
1,<environment.Job instance at 0x7fcdddeff5a0>,69,16,[8 5],70,193,209,123,180
1,<environment.Job instance at 0x7fcdddeffbe0>,75,17,[9 3],76,209,226,133,197
1,<environment.Job instance at 0x7fcdddf0c370>,84,3,[3 9],85,226,229,141,203
1,<environment.Job instance at 0x7fcdddf0c0a0>,86,2,[2 8],87,229,231,142,203
1,<environment.Job instance at 0x7fcdddf0c820>,89,1,[5 5],90,231,232,141,207
1,<environment.Job instance at 0x7fcdddf0c7d0>,90,3,[4 8],91,232,235,141,207
1,<environment.Job instance at 0x7fce28c76cd0>,2,15,[1 7],3,6,21,3,6
1,<environment.Job instance at 0x7fcdde20e8c0>,5,12,[1 9],6,22,34,16,22
1,<environment.Job instance at 0x7fce21d18460>,13,12,[5 9],14,34,46,20,24
1,<environment.Job instance at 0x7fce21d18730>,14,16,[1 8],15,60,76,45,60
1,<environment.Job instance at 0x7fce21cc7410>,24,13,[10  5],25,79,92,54,79
1,<environment.Job instance at 0x7fce21e1f460>,25,12,[10  3],26,92,104,66,79
1,<environment.Job instance at 0x7fcdde13da00>,29,12,[7 1],30,104,116,74,87
1,<environment.Job instance at 0x7fcdde13dc80>,34,15,[6 4],35,116,131,81,105
1,<environment.Job instance at 0x7fcdde20e370>,8,15,[8 2],9,131,146,122,120
1,<environment.Job instance at 0x7fce21c5acd0>,37,3,[ 1 10],38,146,149,108,121
1,<environment.Job instance at 0x7fce21e0fa00>,38,1,[8 4],39,149,150,110,123
1,<environment.Job instance at 0x7fce286b18c0>,43,16,[ 3 10],44,150,166,106,137
1,<environment.Job instance at 0x7fcdde139a50>,44,14,[10  5],45,166,180,121,151
1,<environment.Job instance at 0x7fce2866c410>,53,12,[9 4],54,180,192,126,163
1,<environment.Job instance at 0x7fcdde125cd0>,60,2,[7 2],61,192,194,131,191
1,<environment.Job instance at 0x7fce220cc410>,63,1,[7 1],64,194,195,130,191
1,<environment.Job instance at 0x7fce28957320>,61,1,[5 7],62,204,205,142,204
1,<environment.Job instance at 0x7fce220ccaa0>,67,3,[10  2],68,209,212,141,209
1,<environment.Job instance at 0x7fcdddf742d0>,71,15,[10  1],72,216,231,144,216
1,<environment.Job instance at 0x7fce21d02550>,3,14,[9 2],4,7,21,3,7
1,<environment.Job instance at 0x7fce21d08b40>,11,14,[9 4],12,21,35,9,15
1,<environment.Job instance at 0x7fce28766f00>,12,14,[7 1],13,35,49,22,24
1,<environment.Job instance at 0x7fce28693500>,20,14,[6 3],21,49,63,28,37
1,<environment.Job instance at 0x7fce21f66690>,21,16,[9 2],22,63,79,41,50
1,<environment.Job instance at 0x7fce21e3e8c0>,26,3,[5 5],27,79,82,52,62
1,<environment.Job instance at 0x7fce28717460>,27,17,[9 1],28,82,99,54,70
1,<environment.Job instance at 0x7fcdde404b90>,36,14,[9 1],37,99,113,62,94
1,<environment.Job instance at 0x7fcdde02e280>,37,15,[2 5],38,113,128,75,99
1,<environment.Job instance at 0x7fcdde244230>,50,2,[5 2],51,118,120,67,118
1,<environment.Job instance at 0x7fcdde244dc0>,51,2,[1 7],52,128,130,76,118
1,<environment.Job instance at 0x7fcdde244f50>,52,15,[4 5],53,130,145,77,118
1,<environment.Job instance at 0x7fce28532fa0>,57,17,[8 3],58,145,162,87,144
1,<environment.Job instance at 0x7fce288607d0>,66,15,[3 5],67,173,188,106,173
1,<environment.Job instance at 0x7fce21da0e10>,71,18,[5 5],72,177,195,105,177
1,<environment.Job instance at 0x7fcdde61f7d0>,76,17,[3 5],77,188,205,111,188
1,<environment.Job instance at 0x7fcdde18fb40>,77,15,[5 9],78,205,220,127,191
1,<environment.Job instance at 0x7fce28780230>,1,3,[4 9],2,3,6,1,3
1,<environment.Job instance at 0x7fce289f6370>,7,16,[2 6],8,8,24,0,8
1,<environment.Job instance at 0x7fce2208cd20>,10,12,[4 8],11,24,36,13,13
1,<environment.Job instance at 0x7fce21d05870>,11,16,[6 2],12,18,34,6,18
1,<environment.Job instance at 0x7fcdde604a00>,14,1,[10  5],15,36,37,21,19
1,<environment.Job instance at 0x7fcdde6045f0>,15,3,[4 7],16,37,40,21,19
1,<environment.Job instance at 0x7fcdde604640>,13,18,[3 7],14,40,58,26,29
1,<environment.Job instance at 0x7fcdde3d8a00>,23,1,[9 2],24,58,59,34,32
1,<environment.Job instance at 0x7fcdde3d8c80>,27,15,[8 4],28,59,74,31,53
1,<environment.Job instance at 0x7fcdde3d8f50>,29,15,[2 8],30,74,89,44,60
1,<environment.Job instance at 0x7fcdde604690>,12,20,[1 9],13,89,109,76,80
1,<environment.Job instance at 0x7fce21d05af0>,9,1,[5 9],10,109,110,99,81
1,<environment.Job instance at 0x7fce21e7f550>,36,2,[5 5],37,110,112,73,83
1,<environment.Job instance at 0x7fce21e7f500>,35,2,[9 4],36,112,114,76,85
1,<environment.Job instance at 0x7fce21e7f730>,39,1,[5 7],40,114,115,74,86
1,<environment.Job instance at 0x7fce21e7f690>,38,3,[4 5],39,115,118,76,103
1,<environment.Job instance at 0x7fce21e7f9b0>,43,3,[9 5],44,118,121,74,105
1,<environment.Job instance at 0x7fce21e7fb90>,46,15,[7 3],47,121,136,74,111
1,<environment.Job instance at 0x7fce21e7fcd0>,48,13,[2 8],49,136,149,87,120
1,<environment.Job instance at 0x7fce21e7feb0>,51,16,[ 2 10],52,149,165,97,136
1,<environment.Job instance at 0x7fce21e795f0>,60,15,[9 4],61,165,180,104,156
1,<environment.Job instance at 0x7fce21e79730>,61,14,[8 1],62,180,194,118,165
1,<environment.Job instance at 0x7fce21e79640>,64,18,[6 4],65,194,212,129,183
1,<environment.Job instance at 0x7fcdde604190>,16,18,[3 6],17,208,226,191,208
1,<environment.Job instance at 0x7fce21e79cd0>,71,2,[7 1],72,215,217,143,215
1,<environment.Job instance at 0x7fce2930bc80>,4,3,[5 4],5,6,9,1,6
1,<environment.Job instance at 0x7fce21d05eb0>,5,2,[4 7],6,9,11,3,6
1,<environment.Job instance at 0x7fce21ae6370>,8,18,[8 4],9,11,29,2,9
1,<environment.Job instance at 0x7fce21ae6af0>,10,16,[5 2],11,29,45,18,16
1,<environment.Job instance at 0x7fce221194b0>,11,3,[5 7],12,29,32,17,22
1,<environment.Job instance at 0x7fce21ae6cd0>,14,3,[5 4],15,32,35,17,25
1,<environment.Job instance at 0x7fce21ae61e0>,16,2,[3 7],17,35,37,18,25
1,<environment.Job instance at 0x7fce21ae6550>,17,3,[10  3],18,45,48,27,25
1,<environment.Job instance at 0x7fce21ae6c80>,18,3,[1 5],19,25,28,6,25
1,<environment.Job instance at 0x7fce221190f0>,6,14,[8 5],7,50,64,43,50
1,<environment.Job instance at 0x7fcdddf17730>,22,17,[4 5],23,64,81,41,52
1,<environment.Job instance at 0x7fce28880960>,25,2,[6 4],26,64,66,38,58
1,<environment.Job instance at 0x7fce28880640>,30,16,[6 4],31,66,82,35,65
1,<environment.Job instance at 0x7fce28880410>,31,2,[ 5 10],32,82,84,50,65
1,<environment.Job instance at 0x7fcdddfd16e0>,32,12,[ 4 10],33,84,96,51,68
1,<environment.Job instance at 0x7fcdddfd1320>,33,3,[2 6],34,96,99,62,70
1,<environment.Job instance at 0x7fcdddfd1870>,34,3,[3 8],35,99,102,64,73
1,<environment.Job instance at 0x7fcdddfd14b0>,38,12,[9 1],39,102,114,63,87
1,<environment.Job instance at 0x7fcdddfd1fa0>,35,16,[5 5],36,114,130,78,101
1,<environment.Job instance at 0x7fce285326e0>,46,16,[5 8],47,130,146,83,117
1,<environment.Job instance at 0x7fce285329b0>,52,2,[6 1],53,146,148,93,138
1,<environment.Job instance at 0x7fce285328c0>,42,18,[9 2],43,148,166,105,138
1,<environment.Job instance at 0x7fce2210a1e0>,56,16,[10  4],57,166,182,109,153
1,<environment.Job instance at 0x7fce2210a4b0>,59,3,[8 3],60,182,185,122,167
1,<environment.Job instance at 0x7fce2210ab40>,61,12,[3 5],62,185,197,123,170
1,<environment.Job instance at 0x7fce2210a960>,64,2,[8 3],65,197,199,132,177
1,<environment.Job instance at 0x7fce2210abe0>,65,3,[2 5],66,182,185,116,177
1,<environment.Job instance at 0x7fce2210aa50>,66,2,[9 3],67,199,201,132,178
1,<environment.Job instance at 0x7fce2210a8c0>,69,3,[7 2],70,185,188,115,180
1,<environment.Job instance at 0x7fce2210a870>,71,18,[8 4],72,201,219,129,190
1,<environment.Job instance at 0x7fcdde51c140>,75,14,[1 5],76,197,211,121,197
1,<environment.Job instance at 0x7fce2210ae10>,55,17,[9 4],56,219,236,163,208
1,<environment.Job instance at 0x7fcdde143cd0>,78,1,[3 9],79,236,237,157,209
1,<environment.Job instance at 0x7fce292ae140>,3,17,[9 1],4,4,21,0,4
1,<environment.Job instance at 0x7fce2874ff50>,12,14,[9 2],13,21,35,8,13
1,<environment.Job instance at 0x7fce2874f640>,15,18,[9 4],16,35,53,19,28
1,<environment.Job instance at 0x7fce2874f230>,19,17,[7 1],20,53,70,33,41
1,<environment.Job instance at 0x7fce21dc78c0>,23,15,[3 8],24,53,68,29,52
1,<environment.Job instance at 0x7fce21dc7f00>,25,18,[3 6],26,68,86,42,57
1,<environment.Job instance at 0x7fce292aedc0>,5,14,[3 5],6,86,100,80,72
1,<environment.Job instance at 0x7fcdde066f00>,38,1,[3 6],39,100,101,61,89
1,<environment.Job instance at 0x7fcdde066730>,39,1,[8 3],40,101,102,61,89
1,<environment.Job instance at 0x7fcdde066870>,41,12,[7 4],42,102,114,60,97
1,<environment.Job instance at 0x7fce21d49780>,43,1,[ 3 10],44,114,115,70,98
1,<environment.Job instance at 0x7fcdde066cd0>,40,2,[5 9],41,115,117,74,98
1,<environment.Job instance at 0x7fce21d49550>,45,12,[8 3],46,117,129,71,100
1,<environment.Job instance at 0x7fce21d495f0>,48,2,[9 5],49,129,131,80,102
1,<environment.Job instance at 0x7fce21d490a0>,50,1,[7 1],51,131,132,80,107
1,<environment.Job instance at 0x7fce21d49c80>,51,16,[5 9],52,132,148,80,119
1,<environment.Job instance at 0x7fce28ec9960>,55,13,[1 5],56,148,161,92,144
1,<environment.Job instance at 0x7fce28ec9af0>,56,17,[10  4],57,161,178,104,149
1,<environment.Job instance at 0x7fce28ec9d20>,60,14,[2 6],61,178,192,117,164
1,<environment.Job instance at 0x7fce28ec9230>,66,15,[4 7],67,192,207,125,178
1,<environment.Job instance at 0x7fce28aa60a0>,75,1,[10  2],76,207,208,131,196
1,<environment.Job instance at 0x7fce292b1050>,34,15,[4 9],35,208,223,173,196
1,<environment.Job instance at 0x7fce28aa6460>,78,17,[3 6],79,223,240,144,211
1,<environment.Job instance at 0x7fce2891b960>,5,1,[7 4],6,8,9,2,8
1,<environment.Job instance at 0x7fce286d4eb0>,2,12,[ 4 10],3,10,22,7,10
1,<environment.Job instance at 0x7fcdde3874b0>,14,12,[8 5],15,22,34,7,15
1,<environment.Job instance at 0x7fcdde636500>,17,13,[7 4],18,34,47,16,18
1,<environment.Job instance at 0x7fcdde66f960>,28,12,[9 4],29,47,59,18,30
1,<environment.Job instance at 0x7fce2874f320>,6,2,[6 1],7,59,61,52,44
1,<environment.Job instance at 0x7fce21b92190>,9,15,[8 4],10,61,76,51,47
1,<environment.Job instance at 0x7fce2878f190>,43,12,[5 7],44,76,88,32,59
1,<environment.Job instance at 0x7fce286c0c80>,48,15,[5 5],49,88,103,39,78
1,<environment.Job instance at 0x7fcdde34d5a0>,42,13,[3 8],43,103,116,60,94
1,<environment.Job instance at 0x7fce21e50370>,55,2,[2 9],56,116,118,60,100
1,<environment.Job instance at 0x7fce220840f0>,57,15,[3 8],58,118,133,60,104
1,<environment.Job instance at 0x7fce221ef5f0>,60,16,[10  1],61,133,149,72,120
1,<environment.Job instance at 0x7fce220cca50>,45,14,[7 2],46,149,163,103,138
1,<environment.Job instance at 0x7fce286a3780>,61,18,[3 7],62,149,167,87,148
1,<environment.Job instance at 0x7fce22216a50>,72,3,[10  5],73,167,170,94,149
1,<environment.Job instance at 0x7fce2214e280>,39,13,[3 8],40,170,183,130,156
1,<environment.Job instance at 0x7fce22216a00>,73,14,[5 2],74,170,184,96,162
1,<environment.Job instance at 0x7fce22216af0>,77,14,[3 8],78,183,197,105,168
1,<environment.Job instance at 0x7fce22259cd0>,75,1,[8 3],76,197,198,121,171
1,<environment.Job instance at 0x7fce22216690>,78,2,[8 4],79,198,200,119,171
1,<environment.Job instance at 0x7fce2221b2d0>,81,12,[ 5 10],82,200,212,118,183
1,<environment.Job instance at 0x7fce2221b0f0>,84,1,[6 2],85,184,185,99,183
1,<environment.Job instance at 0x7fce2221bdc0>,88,3,[9 2],89,212,215,123,186
1,<environment.Job instance at 0x7fce2221b9b0>,95,3,[ 1 10],96,215,218,119,204
1,<environment.Job instance at 0x7fce221eef50>,96,2,[6 4],97,218,220,121,204
1,<environment.Job instance at 0x7fce2221b910>,85,2,[10  4],86,220,222,134,205
1,<environment.Job instance at 0x7fcdde65e320>,2,15,[5 7],3,3,18,0,3
1,<environment.Job instance at 0x7fce21b53e10>,7,16,[6 1],8,18,34,10,12
1,<environment.Job instance at 0x7fcdddf47f00>,17,18,[2 7],18,23,41,5,23
1,<environment.Job instance at 0x7fcdde512690>,20,13,[10  5],21,41,54,20,29
1,<environment.Job instance at 0x7fcdde429910>,23,2,[5 6],24,54,56,30,42
1,<environment.Job instance at 0x7fcdde4297d0>,24,3,[5 8],25,56,59,31,42
1,<environment.Job instance at 0x7fcddde1c9b0>,10,18,[6 2],11,59,77,48,58
1,<environment.Job instance at 0x7fce21b38c30>,29,1,[4 9],30,77,78,47,58
1,<environment.Job instance at 0x7fce22113f50>,28,2,[7 1],29,78,80,49,58
1,<environment.Job instance at 0x7fce28638960>,32,17,[5 3],33,80,97,47,68
1,<environment.Job instance at 0x7fcdde27f1e0>,42,12,[2 7],43,78,90,35,74
1,<environment.Job instance at 0x7fcdde27f8c0>,44,18,[5 8],45,97,115,52,88
1,<environment.Job instance at 0x7fcdde54e6e0>,46,17,[5 7],47,115,132,68,103
1,<environment.Job instance at 0x7fcdde54e550>,52,13,[4 9],53,132,145,79,119
1,<environment.Job instance at 0x7fcdde54e870>,56,12,[8 5],57,145,157,88,133
1,<environment.Job instance at 0x7fcdde54efa0>,59,15,[10  1],60,157,172,97,143
1,<environment.Job instance at 0x7fcdddf10be0>,62,14,[8 4],63,172,186,109,158
1,<environment.Job instance at 0x7fcdde5f5190>,69,3,[2 8],70,186,189,116,166
1,<environment.Job instance at 0x7fcdddf28a50>,72,14,[6 4],73,189,203,116,184
1,<environment.Job instance at 0x7fcdddf28f00>,74,17,[9 3],75,203,220,128,199
1,<environment.Job instance at 0x7fce2903eb40>,76,17,[2 5],77,220,237,143,208
1,<environment.Job instance at 0x7fce2903e550>,77,2,[3 6],78,237,239,159,217
1,<environment.Job instance at 0x7fcdde43dbe0>,1,18,[ 5 10],2,2,20,0,2
1,<environment.Job instance at 0x7fce221ffeb0>,5,15,[10  1],6,20,35,14,6
1,<environment.Job instance at 0x7fcdde40bf00>,13,17,[ 1 10],14,35,52,21,23
1,<environment.Job instance at 0x7fcdde40b320>,20,15,[ 4 10],21,52,67,31,38
1,<environment.Job instance at 0x7fcdde40be60>,25,16,[9 5],26,67,83,41,54
1,<environment.Job instance at 0x7fcdddd9bbe0>,36,15,[8 4],37,83,98,46,70
1,<environment.Job instance at 0x7fcdddd9b410>,44,1,[10  1],45,98,99,53,82
1,<environment.Job instance at 0x7fcdddd9b640>,46,3,[1 9],47,99,102,52,82
1,<environment.Job instance at 0x7fcdddd9bd20>,49,12,[6 4],50,102,114,52,86
1,<environment.Job instance at 0x7fcddde03500>,53,3,[7 2],54,114,117,60,101
1,<environment.Job instance at 0x7fcddde03640>,54,3,[5 6],55,117,120,62,101
1,<environment.Job instance at 0x7fcddde03c30>,60,15,[3 9],61,122,137,61,122
1,<environment.Job instance at 0x7fcddde03a50>,64,16,[ 5 10],65,144,160,79,144
1,<environment.Job instance at 0x7fcdddcb8960>,70,17,[2 8],71,165,182,94,165
1,<environment.Job instance at 0x7fcdddcb8320>,75,16,[7 5],76,182,198,106,170
1,<environment.Job instance at 0x7fcdddcb8500>,69,2,[5 8],70,198,200,128,182
1,<environment.Job instance at 0x7fcdddcb8e60>,82,3,[1 6],83,200,203,117,186
1,<environment.Job instance at 0x7fcdddcb8a50>,81,16,[10  5],82,203,219,121,192
1,<environment.Job instance at 0x7fce21c09140>,93,13,[10  5],94,219,232,125,207
1,<environment.Job instance at 0x7fcdde3c7500>,3,18,[5 3],4,4,22,0,4
1,<environment.Job instance at 0x7fce292ae190>,4,14,[7 5],5,22,36,17,8
1,<environment.Job instance at 0x7fce28bd20a0>,12,15,[6 5],13,36,51,23,22
1,<environment.Job instance at 0x7fcdddf120a0>,19,13,[7 2],20,51,64,31,35
1,<environment.Job instance at 0x7fcdde619910>,22,12,[10  2],23,64,76,41,47
1,<environment.Job instance at 0x7fcdde5fb500>,30,15,[4 6],31,76,91,45,62
1,<environment.Job instance at 0x7fcdde60a6e0>,37,15,[5 3],38,76,91,38,76
1,<environment.Job instance at 0x7fcdde60a3c0>,38,2,[1 8],39,91,93,52,76
1,<environment.Job instance at 0x7fcdde45f1e0>,40,3,[7 5],41,93,96,52,79
1,<environment.Job instance at 0x7fce21b22190>,41,1,[5 6],42,96,97,54,79
1,<environment.Job instance at 0x7fcdde60af00>,42,13,[4 8],43,97,110,54,81
1,<environment.Job instance at 0x7fcdde5e9230>,43,16,[6 1],44,97,113,53,84
1,<environment.Job instance at 0x7fce21b3a550>,45,3,[3 7],46,110,113,64,96
1,<environment.Job instance at 0x7fce21b3a870>,46,1,[6 3],47,113,114,66,99
1,<environment.Job instance at 0x7fcdde5df280>,48,3,[9 1],49,114,117,65,99
1,<environment.Job instance at 0x7fce21b3ad20>,47,3,[8 2],48,117,120,69,100
1,<environment.Job instance at 0x7fce21b144b0>,49,12,[10  1],50,120,132,70,103
1,<environment.Job instance at 0x7fcdde5c9aa0>,56,15,[3 6],57,132,147,75,119
1,<environment.Job instance at 0x7fcdde609690>,60,12,[1 7],61,147,159,86,130
1,<environment.Job instance at 0x7fce28abbaf0>,62,15,[9 3],63,147,162,84,134
1,<environment.Job instance at 0x7fce21b22690>,39,18,[4 9],40,162,180,122,151
1,<environment.Job instance at 0x7fcdde1d6e60>,72,14,[5 4],73,180,194,107,168
1,<environment.Job instance at 0x7fcdde1b5be0>,74,18,[8 4],75,194,212,119,183
1,<environment.Job instance at 0x7fcdde1d69b0>,70,1,[9 4],71,212,213,141,184
1,<environment.Job instance at 0x7fce21bed320>,79,1,[2 5],80,185,186,105,185
1,<environment.Job instance at 0x7fcdde445f50>,86,3,[10  3],87,213,216,126,193
1,<environment.Job instance at 0x7fce21c7b7d0>,88,3,[ 4 10],89,216,219,127,193
1,<environment.Job instance at 0x7fcdde445870>,89,17,[4 5],90,219,236,129,207
1,<environment.Job instance at 0x7fcdddd8f410>,8,17,[6 1],9,9,26,0,9
1,<environment.Job instance at 0x7fcdddd8f780>,11,18,[9 3],12,26,44,14,15
1,<environment.Job instance at 0x7fce292ad230>,21,14,[8 4],22,44,58,22,29
1,<environment.Job instance at 0x7fce28520b90>,26,15,[4 5],27,58,73,31,44
1,<environment.Job instance at 0x7fcdde264c30>,29,14,[4 8],30,73,87,43,59
1,<environment.Job instance at 0x7fcdde56ea00>,35,14,[4 9],36,87,101,51,72
1,<environment.Job instance at 0x7fcdde56ea50>,42,13,[4 6],43,101,114,58,85
1,<environment.Job instance at 0x7fce21a9d410>,49,15,[6 3],50,103,118,53,103
1,<environment.Job instance at 0x7fcdde3c72d0>,50,15,[7 1],51,118,133,67,104
1,<environment.Job instance at 0x7fce21a9d5a0>,51,13,[5 5],52,133,146,81,117
1,<environment.Job instance at 0x7fce286d0d20>,55,3,[6 5],56,146,149,90,124
1,<environment.Job instance at 0x7fce286d0eb0>,56,13,[5 4],57,133,146,76,124
1,<environment.Job instance at 0x7fce2874f0f0>,62,12,[7 5],63,151,163,88,151
1,<environment.Job instance at 0x7fcddde19d20>,65,12,[5 6],66,163,175,97,151
1,<environment.Job instance at 0x7fcddde19550>,71,15,[8 2],72,175,190,103,162
1,<environment.Job instance at 0x7fcdde427b40>,16,13,[ 1 10],17,190,203,173,174
1,<environment.Job instance at 0x7fcdde427320>,14,12,[1 8],15,175,187,160,175
1,<environment.Job instance at 0x7fcdde618dc0>,77,2,[5 3],78,203,205,125,179
1,<environment.Job instance at 0x7fce28c75a50>,80,13,[1 6],81,203,216,122,187
1,<environment.Job instance at 0x7fce28957af0>,7,13,[7 2],8,8,21,0,8
1,<environment.Job instance at 0x7fce21bc2e60>,8,15,[6 4],9,21,36,12,9
1,<environment.Job instance at 0x7fce21bc25f0>,12,2,[ 1 10],13,36,38,23,21
1,<environment.Job instance at 0x7fce21bc2960>,15,16,[10  3],16,38,54,22,25
1,<environment.Job instance at 0x7fce21bc2910>,20,14,[10  4],21,54,68,33,43
1,<environment.Job instance at 0x7fce21e230f0>,4,15,[4 7],5,68,83,63,55
1,<environment.Job instance at 0x7fcdde065050>,28,15,[10  5],29,83,98,54,72
1,<environment.Job instance at 0x7fcdde0d2640>,33,17,[8 4],34,98,115,64,86
1,<environment.Job instance at 0x7fcdde0d2eb0>,39,16,[5 4],40,115,131,75,102
1,<environment.Job instance at 0x7fcdde065190>,25,1,[7 1],26,131,132,105,115
1,<environment.Job instance at 0x7fce21e23370>,10,17,[1 6],11,115,132,104,115
1,<environment.Job instance at 0x7fcdde0d2730>,46,2,[7 3],47,132,134,85,115
1,<environment.Job instance at 0x7fcdde0d2780>,44,17,[1 9],45,134,151,89,122
1,<environment.Job instance at 0x7fcdde0d2820>,47,1,[6 1],48,142,143,94,142
1,<environment.Job instance at 0x7fce289579b0>,5,16,[7 4],6,151,167,145,142
1,<environment.Job instance at 0x7fcdddd983c0>,58,2,[3 9],59,167,169,108,143
1,<environment.Job instance at 0x7fcdddd98b90>,61,16,[2 6],62,151,167,89,143
1,<environment.Job instance at 0x7fcdddd989b0>,59,3,[5 5],60,169,172,109,146
1,<environment.Job instance at 0x7fcdddd98a50>,66,14,[6 5],67,172,186,105,162
1,<environment.Job instance at 0x7fcdddd98410>,68,13,[6 4],69,186,199,117,172
1,<environment.Job instance at 0x7fcddde04550>,71,18,[5 6],72,199,217,127,188
1,<environment.Job instance at 0x7fcddde04af0>,79,16,[3 8],80,217,233,137,205
1,<environment.Job instance at 0x7fcddde043c0>,83,16,[ 4 10],84,233,249,149,220
1,<environment.Job instance at 0x7fce21e23b90>,4,13,[3 8],5,5,18,0,5
1,<environment.Job instance at 0x7fce21c48fa0>,10,19,[8 1],11,18,37,7,15
1,<environment.Job instance at 0x7fce21c48dc0>,14,3,[8 5],15,37,40,22,20
1,<environment.Job instance at 0x7fce21c2fc80>,15,15,[1 7],16,20,35,4,20
1,<environment.Job instance at 0x7fce21c2f5a0>,17,18,[9 5],18,40,58,22,29
1,<environment.Job instance at 0x7fce21c2f0f0>,21,3,[6 4],22,58,61,36,39
1,<environment.Job instance at 0x7fce21c2f1e0>,23,18,[6 2],24,61,79,37,50
1,<environment.Job instance at 0x7fce21c48f50>,7,2,[1 7],8,61,63,53,52
1,<environment.Job instance at 0x7fce21c48eb0>,8,2,[9 4],9,79,81,70,52
1,<environment.Job instance at 0x7fce21e29320>,25,3,[1 7],26,63,66,37,52
1,<environment.Job instance at 0x7fce21e297d0>,26,2,[5 7],27,81,83,54,60
1,<environment.Job instance at 0x7fce21e29b90>,30,1,[ 5 10],31,83,84,52,62
1,<environment.Job instance at 0x7fce21c13b90>,33,15,[5 3],34,84,99,50,70
1,<environment.Job instance at 0x7fce21c13140>,35,14,[5 2],36,84,98,48,70
1,<environment.Job instance at 0x7fce21e269b0>,51,14,[7 4],52,99,113,47,87
1,<environment.Job instance at 0x7fce21c13a00>,32,16,[1 6],33,112,128,79,112
1,<environment.Job instance at 0x7fce21e260f0>,58,12,[7 4],59,113,125,54,112
1,<environment.Job instance at 0x7fce21e26960>,57,3,[10  3],58,128,131,70,113
1,<environment.Job instance at 0x7fce21c4d0f0>,60,14,[4 9],61,131,145,70,116
1,<environment.Job instance at 0x7fce21c4d3c0>,65,18,[6 5],66,145,163,79,136
1,<environment.Job instance at 0x7fce21e26910>,59,12,[7 5],60,163,175,103,147
1,<environment.Job instance at 0x7fce21c4d9b0>,72,2,[6 2],73,175,177,102,148
1,<environment.Job instance at 0x7fce21e53cd0>,77,16,[10  2],78,177,193,99,164
1,<environment.Job instance at 0x7fce21e53f50>,80,15,[7 3],81,193,208,112,179
1,<environment.Job instance at 0x7fce21e53230>,85,16,[9 5],86,208,224,122,195
1,<environment.Job instance at 0x7f5064867320>,4,13,[3 6],5,5,18,0,5
1,<environment.Job instance at 0x7f5064867500>,6,15,[2 8],7,18,33,11,7
1,<environment.Job instance at 0x7f5064867c30>,15,3,[2 8],16,33,36,17,25
1,<environment.Job instance at 0x7f506bc770a0>,9,12,[8 2],10,25,37,15,25
1,<environment.Job instance at 0x7f5064867d70>,17,12,[5 1],18,37,49,19,25
1,<environment.Job instance at 0x7f5064867640>,13,18,[5 9],14,37,55,23,31
1,<environment.Job instance at 0x7f5064867cd0>,16,18,[7 3],17,55,73,38,44
1,<environment.Job instance at 0x7f5064868820>,27,17,[4 6],28,73,90,45,61
1,<environment.Job instance at 0x7f5064867fa0>,21,18,[9 4],22,90,108,68,86
1,<environment.Job instance at 0x7f506486c460>,43,12,[4 5],44,128,140,84,128
1,<environment.Job instance at 0x7f506486c550>,44,3,[5 1],45,128,131,83,128
1,<environment.Job instance at 0x7f506486c5f0>,45,15,[7 5],46,140,155,94,128
1,<environment.Job instance at 0x7f506486c8c0>,47,13,[ 3 10],48,155,168,107,139
1,<environment.Job instance at 0x7f5064868c80>,34,14,[1 9],35,168,182,133,153
1,<environment.Job instance at 0x7f506486ea00>,68,14,[6 4],69,185,199,116,185
1,<environment.Job instance at 0x7f506486eaa0>,69,14,[9 4],70,199,213,129,185
1,<environment.Job instance at 0x7f506486e5a0>,77,16,[8 1],78,213,229,135,201
1,<environment.Job instance at 0x7f506487a0f0>,1,18,[6 2],2,3,21,1,3
1,<environment.Job instance at 0x7f506488a050>,9,1,[5 3],10,21,22,11,11
1,<environment.Job instance at 0x7f5020c63500>,11,3,[9 5],12,22,25,10,12
1,<environment.Job instance at 0x7f506488a460>,10,17,[9 5],11,25,42,14,13
1,<environment.Job instance at 0x7f5020c635a0>,13,12,[1 9],14,42,54,28,38
1,<environment.Job instance at 0x7f5020c69410>,23,14,[5 9],24,54,68,30,41
1,<environment.Job instance at 0x7f5020c68b90>,29,15,[5 5],30,74,89,44,74
1,<environment.Job instance at 0x7f5020c68730>,32,13,[2 5],33,76,89,43,76
1,<environment.Job instance at 0x7f5020c63640>,21,14,[ 1 10],22,89,103,67,76
1,<environment.Job instance at 0x7f5020c68050>,36,16,[1 8],37,103,119,66,92
1,<environment.Job instance at 0x7f506488a370>,14,26,[3 9],15,125,151,110,125
1,<environment.Job instance at 0x7f5020cdcb40>,44,15,[8 5],45,151,166,106,137
1,<environment.Job instance at 0x7f5020cc8190>,47,12,[4 8],48,166,178,118,149
1,<environment.Job instance at 0x7f5020c7bb90>,51,1,[ 5 10],52,178,179,126,150
1,<environment.Job instance at 0x7f5020e79820>,52,2,[10  4],53,179,181,126,152
1,<environment.Job instance at 0x7f5020d44d20>,60,13,[5 9],61,181,194,120,171
1,<environment.Job instance at 0x7f5020da9d70>,62,12,[ 5 10],63,194,206,131,181
1,<environment.Job instance at 0x7f5020e9db40>,64,13,[4 5],65,206,219,141,190
1,<environment.Job instance at 0x7f5020e9d730>,66,1,[4 7],67,219,220,152,195
1,<environment.Job instance at 0x7f5020d522d0>,69,2,[6 2],70,206,208,136,197
1,<environment.Job instance at 0x7f5020d527d0>,70,13,[3 5],71,220,233,149,205
1,<environment.Job instance at 0x7f5020d52c30>,73,1,[9 5],74,233,234,159,207
1,<environment.Job instance at 0x7f5020d525f0>,74,2,[7 1],75,220,222,145,208
1,<environment.Job instance at 0x7f5020d52780>,75,1,[5 1],76,219,220,143,219
1,<environment.Job instance at 0x7f5020d3e0f0>,78,2,[5 3],79,222,224,143,219
1,<environment.Job instance at 0x7f5020d3ea50>,77,14,[10  5],78,234,248,156,219
1,<environment.Job instance at 0x7f5020d3e410>,80,2,[4 5],81,224,226,143,220
1,<environment.Job instance at 0x7f506487a0a0>,2,2,[5 3],3,3,5,0,3
1,<environment.Job instance at 0x7f5020d3e4b0>,4,14,[3 8],5,5,19,0,5
1,<environment.Job instance at 0x7f506bca09b0>,9,2,[5 3],10,19,21,9,12
1,<environment.Job instance at 0x7f506bca02d0>,11,18,[5 8],12,21,39,9,12
1,<environment.Job instance at 0x7f506bddf460>,13,2,[10  2],14,39,41,25,15
1,<environment.Job instance at 0x7f506bde1050>,12,14,[2 8],13,41,55,28,26
1,<environment.Job instance at 0x7f5020ab0af0>,21,15,[5 7],22,55,70,33,41
1,<environment.Job instance at 0x7f5064aa9a00>,26,17,[7 4],27,70,87,43,58
1,<environment.Job instance at 0x7f50647060f0>,30,15,[1 9],31,87,102,56,73
1,<environment.Job instance at 0x7f5064a9ee10>,38,15,[10  4],39,102,117,63,90
1,<environment.Job instance at 0x7f5020ab0190>,15,15,[1 5],16,117,132,101,106
1,<environment.Job instance at 0x7f5020b18780>,45,1,[1 6],46,132,133,86,123
1,<environment.Job instance at 0x7f506bdf2870>,47,16,[7 4],48,124,140,76,124
1,<environment.Job instance at 0x7f5020b188c0>,48,16,[9 2],49,140,156,91,127
1,<environment.Job instance at 0x7f506bdeba50>,52,2,[2 7],53,156,158,103,141
1,<environment.Job instance at 0x7f506bdebbe0>,53,1,[8 3],54,156,157,102,141
1,<environment.Job instance at 0x7f506bdeb3c0>,54,12,[8 1],55,157,169,102,141
1,<environment.Job instance at 0x7f506bdf1b90>,60,12,[10  5],61,169,181,108,152
1,<environment.Job instance at 0x7f5064ac17d0>,61,3,[3 8],62,181,184,119,163
1,<environment.Job instance at 0x7f5020ac3460>,70,13,[6 2],71,186,199,115,186
1,<environment.Job instance at 0x7f5064d0ca00>,73,1,[5 8],74,199,200,125,190
1,<environment.Job instance at 0x7f5020ac3190>,71,3,[7 4],72,200,203,128,200
1,<environment.Job instance at 0x7f5064631eb0>,78,14,[8 2],79,203,217,124,202
1,<environment.Job instance at 0x7f50646421e0>,75,17,[ 5 10],76,217,234,141,206
1,<environment.Job instance at 0x7f5064644eb0>,5,16,[4 7],6,7,23,1,7
1,<environment.Job instance at 0x7f50649ca690>,12,3,[6 5],13,23,26,10,15
1,<environment.Job instance at 0x7f5067046a00>,13,17,[4 7],14,26,43,12,16
1,<environment.Job instance at 0x7f5064badd70>,23,12,[8 2],24,43,55,19,37
1,<environment.Job instance at 0x7f5064b8df50>,27,18,[10  5],28,55,73,27,55
1,<environment.Job instance at 0x7f506493aa50>,31,3,[5 1],32,73,76,41,55
1,<environment.Job instance at 0x7f506493aeb0>,30,13,[10  1],31,76,89,45,64
1,<environment.Job instance at 0x7f5066e79b90>,34,12,[9 3],35,89,101,54,72
1,<environment.Job instance at 0x7f50648c6370>,44,1,[3 5],45,101,102,56,92
1,<environment.Job instance at 0x7f50648c6230>,46,15,[10  2],47,111,126,64,111
1,<environment.Job instance at 0x7f50648a12d0>,50,16,[10  1],51,126,142,75,124
1,<environment.Job instance at 0x7f50648bdcd0>,32,24,[1 9],33,148,172,115,148
1,<environment.Job instance at 0x7f50648a1af0>,55,2,[4 7],56,172,174,116,148
1,<environment.Job instance at 0x7f506489edc0>,61,13,[10  2],62,174,187,112,159
1,<environment.Job instance at 0x7f506489e230>,62,14,[5 1],63,187,201,124,172
1,<environment.Job instance at 0x7f50646d50f0>,66,14,[8 4],67,201,215,134,191
1,<environment.Job instance at 0x7f50646d57d0>,70,14,[5 8],71,215,229,144,200
1,<environment.Job instance at 0x7f50648d5460>,76,3,[3 9],77,229,232,152,205
1,<environment.Job instance at 0x7f50648da690>,71,2,[5 5],72,232,234,160,206
1,<environment.Job instance at 0x7f502114a5a0>,1,16,[1 6],2,2,18,0,2
1,<environment.Job instance at 0x7f5020b2b780>,6,12,[4 8],7,18,30,11,7
1,<environment.Job instance at 0x7f50646b8690>,7,17,[5 7],8,30,47,22,18
1,<environment.Job instance at 0x7f50648b07d0>,10,3,[8 5],11,47,50,36,23
1,<environment.Job instance at 0x7f5020f32230>,20,16,[9 4],21,50,66,29,37
1,<environment.Job instance at 0x7f5020f47460>,27,1,[5 6],28,66,67,38,43
1,<environment.Job instance at 0x7f5020f47b90>,28,14,[4 5],29,67,81,38,52
1,<environment.Job instance at 0x7f5064793eb0>,16,12,[6 4],17,67,79,50,57
1,<environment.Job instance at 0x7f5020f47820>,33,3,[ 1 10],34,81,84,47,57
1,<environment.Job instance at 0x7f5020f47960>,36,17,[2 9],37,84,101,47,72
1,<environment.Job instance at 0x7f5020f49550>,41,17,[10  5],42,101,118,59,93
1,<environment.Job instance at 0x7f5020efd960>,17,17,[2 6],18,118,135,100,109
1,<environment.Job instance at 0x7f5020f51050>,51,2,[ 2 10],52,135,137,83,110
1,<environment.Job instance at 0x7f5020f51140>,50,3,[ 1 10],51,137,140,86,112
1,<environment.Job instance at 0x7f5020f533c0>,55,12,[3 7],56,140,152,84,123
1,<environment.Job instance at 0x7f5020f53dc0>,61,14,[1 7],62,152,166,90,137
1,<environment.Job instance at 0x7f5020f512d0>,53,3,[4 8],54,166,169,112,145
1,<environment.Job instance at 0x7f5067331af0>,67,3,[4 6],68,169,172,101,145
1,<environment.Job instance at 0x7f5020f4ca00>,68,16,[8 4],69,172,188,103,164
1,<environment.Job instance at 0x7f5020ea7370>,76,12,[5 9],77,205,217,128,205
1,<environment.Job instance at 0x7f5020ea77d0>,78,1,[6 4],79,217,218,138,205
1,<environment.Job instance at 0x7f506732e0a0>,80,15,[3 8],81,218,233,137,205
1,<environment.Job instance at 0x7f506729e9b0>,4,1,[6 4],5,5,6,0,5
1,<environment.Job instance at 0x7f5020e790f0>,1,1,[3 5],2,6,7,4,6
1,<environment.Job instance at 0x7f5064b2e3c0>,6,18,[5 8],7,7,25,0,7
1,<environment.Job instance at 0x7f5064631e10>,8,13,[5 5],9,25,38,16,9
1,<environment.Job instance at 0x7f506492e370>,18,1,[6 5],19,38,39,19,34
1,<environment.Job instance at 0x7f5064aa9690>,19,17,[1 5],20,34,51,14,34
1,<environment.Job instance at 0x7f5064aa96e0>,20,13,[3 8],21,51,64,30,35
1,<environment.Job instance at 0x7f5064aa9aa0>,23,16,[5 2],24,42,58,18,42
1,<environment.Job instance at 0x7f5064aa9820>,26,17,[7 3],27,64,81,37,52
1,<environment.Job instance at 0x7f5064aa91e0>,31,17,[9 4],32,81,98,49,69
1,<environment.Job instance at 0x7f5064c27410>,36,12,[9 5],37,98,110,61,81
1,<environment.Job instance at 0x7f5064c27320>,41,18,[7 2],42,110,128,68,99
1,<environment.Job instance at 0x7f5064c27500>,51,15,[5 5],52,128,143,76,120
1,<environment.Job instance at 0x7f50648dbf50>,53,16,[6 1],54,143,159,89,132
1,<environment.Job instance at 0x7f50647ca050>,57,17,[6 2],58,159,176,101,147
1,<environment.Job instance at 0x7f5064c27690>,52,19,[2 5],53,159,178,106,159
1,<environment.Job instance at 0x7f50647ca780>,62,3,[7 1],63,176,179,113,163
1,<environment.Job instance at 0x7f5064727e10>,63,2,[7 5],64,179,181,115,163
1,<environment.Job instance at 0x7f5064727870>,64,13,[5 7],65,181,194,116,165
1,<environment.Job instance at 0x7f5064727d20>,70,18,[6 4],71,194,212,123,183
1,<environment.Job instance at 0x7f5064727a50>,75,15,[7 1],76,212,227,136,198
1,<environment.Job instance at 0x7f5064727fa0>,73,18,[8 3],74,227,245,153,216
1,<environment.Job instance at 0x7f5066e7a500>,1,17,[7 4],2,2,19,0,2
1,<environment.Job instance at 0x7f5064c0ba50>,2,15,[3 6],3,3,18,0,3
1,<environment.Job instance at 0x7f50674f5c30>,8,1,[3 8],9,19,20,10,9
1,<environment.Job instance at 0x7f5067167c30>,9,1,[10  3],10,20,21,10,10
1,<environment.Job instance at 0x7f50674a0550>,10,1,[3 6],11,18,19,7,11
1,<environment.Job instance at 0x7f5020eb1f50>,13,2,[5 9],14,21,23,7,14
1,<environment.Job instance at 0x7f5064d0b370>,12,13,[9 3],13,23,36,10,15
1,<environment.Job instance at 0x7f5064c0bb40>,6,1,[6 4],7,36,37,29,16
1,<environment.Job instance at 0x7f5020eb1cd0>,17,2,[4 9],18,37,39,19,22
1,<environment.Job instance at 0x7f5020eb1640>,16,15,[10  2],17,39,54,22,29
1,<environment.Job instance at 0x7f5067390eb0>,22,3,[2 8],23,54,57,31,36
1,<environment.Job instance at 0x7f5067390c30>,23,2,[6 4],24,57,59,33,36
1,<environment.Job instance at 0x7f5067390e60>,24,1,[7 5],25,59,60,34,36
1,<environment.Job instance at 0x7f5066e7f0a0>,25,1,[3 6],26,36,37,10,36
1,<environment.Job instance at 0x7f50672b4230>,26,3,[8 5],27,60,63,33,36
1,<environment.Job instance at 0x7f5067390b90>,27,3,[8 1],28,54,57,26,36
1,<environment.Job instance at 0x7f506729e2d0>,30,18,[2 8],31,63,81,32,52
1,<environment.Job instance at 0x7f50672673c0>,34,15,[7 2],35,63,78,28,54
1,<environment.Job instance at 0x7f506481dfa0>,40,15,[5 8],41,81,96,40,67
1,<environment.Job instance at 0x7f5067390410>,29,18,[8 2],30,96,114,66,85
1,<environment.Job instance at 0x7f5064b25d70>,54,17,[5 4],55,114,131,59,104
1,<environment.Job instance at 0x7f50647f1910>,60,15,[4 8],61,131,146,70,117
1,<environment.Job instance at 0x7f506493b050>,66,3,[1 7],67,146,149,79,127
1,<environment.Job instance at 0x7f506493b320>,67,1,[6 5],68,149,150,81,128
1,<environment.Job instance at 0x7f50674015a0>,70,15,[7 2],71,150,165,79,136
1,<environment.Job instance at 0x7f50649870a0>,71,14,[1 5],72,149,163,77,136
1,<environment.Job instance at 0x7f50648ec960>,73,14,[4 9],74,165,179,91,151
1,<environment.Job instance at 0x7f5064987e10>,72,18,[ 2 10],73,179,197,106,169
1,<environment.Job instance at 0x7f50647b2d20>,82,14,[5 7],83,197,211,114,182
1,<environment.Job instance at 0x7f50647b2b40>,84,16,[4 7],85,211,227,126,198
1,<environment.Job instance at 0x7f50647b20f0>,90,2,[5 8],91,227,229,136,212
1,<environment.Job instance at 0x7f5067329190>,6,1,[1 9],7,7,8,0,7
1,<environment.Job instance at 0x7f50672a03c0>,9,15,[5 5],10,10,25,0,10
1,<environment.Job instance at 0x7f5020e7ad20>,10,2,[7 3],11,25,27,14,11
1,<environment.Job instance at 0x7f5064651410>,11,12,[10  4],12,27,39,15,13
1,<environment.Job instance at 0x7f50649168c0>,13,3,[9 3],14,39,42,25,14
1,<environment.Job instance at 0x7f5064916460>,14,3,[3 9],15,42,45,27,16
1,<environment.Job instance at 0x7f5064916780>,16,2,[2 8],17,45,47,28,18
1,<environment.Job instance at 0x7f5064c0b0f0>,12,1,[7 3],13,47,48,34,19
1,<environment.Job instance at 0x7f5064916640>,17,3,[1 6],18,39,42,21,19
1,<environment.Job instance at 0x7f5020b8bd20>,27,15,[5 5],28,48,63,20,34
1,<environment.Job instance at 0x7f5020b8bfa0>,30,3,[10  4],31,63,66,32,48
1,<environment.Job instance at 0x7f5020b8bf00>,32,18,[10  5],33,66,84,33,55
1,<environment.Job instance at 0x7f5020b92140>,33,1,[6 2],34,84,85,50,56
1,<environment.Job instance at 0x7f5020b92320>,34,2,[8 4],35,85,87,50,58
1,<environment.Job instance at 0x7f5020b92280>,36,14,[4 7],37,87,101,50,75
1,<environment.Job instance at 0x7f5020b92550>,41,17,[7 2],42,101,118,59,91
1,<environment.Job instance at 0x7f5020b92780>,43,16,[3 9],44,118,134,74,105
1,<environment.Job instance at 0x7f5020b92dc0>,50,2,[5 5],51,134,136,83,113
1,<environment.Job instance at 0x7f5020b928c0>,45,13,[ 3 10],46,136,149,90,123
1,<environment.Job instance at 0x7f5020b92410>,38,12,[6 1],39,149,161,110,137
1,<environment.Job instance at 0x7f5020b76230>,55,3,[9 3],56,161,164,105,137
1,<environment.Job instance at 0x7f5020b76500>,59,13,[4 7],60,164,177,104,152
1,<environment.Job instance at 0x7f5020b76320>,61,15,[10  5],62,177,192,115,165
1,<environment.Job instance at 0x7f5020b76e10>,72,1,[4 6],73,192,193,119,179
1,<environment.Job instance at 0x7f5020b76f50>,74,1,[5 8],75,193,194,118,180
1,<environment.Job instance at 0x7f5020b76f00>,75,3,[7 3],76,194,197,118,180
1,<environment.Job instance at 0x7f5020b760a0>,76,2,[5 5],77,197,199,120,180
1,<environment.Job instance at 0x7f5020b7e0f0>,77,3,[ 1 10],78,199,202,121,180
1,<environment.Job instance at 0x7f5020b7e320>,81,15,[9 5],82,202,217,120,191
1,<environment.Job instance at 0x7f5020b7e140>,78,12,[10  2],79,217,229,138,204
1,<environment.Job instance at 0x7f5064c0b1e0>,3,18,[6 1],4,4,22,0,4
1,<environment.Job instance at 0x7f5020c2ce10>,6,2,[3 9],7,7,9,0,7
1,<environment.Job instance at 0x7f5020c2c370>,7,17,[3 7],8,9,26,1,8
1,<environment.Job instance at 0x7f5064783d20>,12,2,[5 7],13,26,28,13,13
1,<environment.Job instance at 0x7f50647834b0>,11,12,[4 8],12,28,40,16,13
1,<environment.Job instance at 0x7f50645e22d0>,13,2,[2 5],14,40,42,26,15
1,<environment.Job instance at 0x7f50645e2aa0>,16,1,[1 5],17,40,41,23,18
1,<environment.Job instance at 0x7f50645e24b0>,17,2,[10  1],18,42,44,24,19
1,<environment.Job instance at 0x7f5020d9b050>,10,3,[6 3],11,44,47,33,25
1,<environment.Job instance at 0x7f50648f4780>,20,13,[5 8],21,47,60,26,32
1,<environment.Job instance at 0x7f5020d887d0>,24,2,[7 4],25,60,62,35,35
1,<environment.Job instance at 0x7f5020c0b690>,28,2,[5 5],29,62,64,33,46
1,<environment.Job instance at 0x7f5020c0b190>,29,2,[10  1],30,64,66,34,46
1,<environment.Job instance at 0x7f506461d2d0>,31,3,[5 8],32,66,69,34,46
1,<environment.Job instance at 0x7f5020d79960>,27,14,[6 2],28,69,83,41,62
1,<environment.Job instance at 0x7f50649d5730>,36,12,[3 8],37,69,81,32,63
1,<environment.Job instance at 0x7f5064606280>,37,3,[6 4],38,83,86,45,63
1,<environment.Job instance at 0x7f5064759d70>,39,12,[ 5 10],40,86,98,46,69
1,<environment.Job instance at 0x7f5064be45a0>,23,16,[5 8],24,98,114,74,87
1,<environment.Job instance at 0x7f50645df190>,45,2,[1 6],46,114,116,68,87
1,<environment.Job instance at 0x7f5064870050>,47,1,[9 4],48,114,115,66,87
1,<environment.Job instance at 0x7f50645e8320>,40,18,[9 4],41,115,133,74,107
1,<environment.Job instance at 0x7f506bbfdd20>,53,17,[6 3],54,133,150,79,126
1,<environment.Job instance at 0x7f5064d25500>,46,13,[2 9],47,152,165,105,152
1,<environment.Job instance at 0x7f50647f14b0>,58,1,[7 4],59,165,166,106,152
1,<environment.Job instance at 0x7f5020b52d70>,51,15,[10  3],52,166,181,114,152
1,<environment.Job instance at 0x7f5066f80320>,59,2,[10  1],60,181,183,121,157
1,<environment.Job instance at 0x7f5064a823c0>,63,1,[10  4],64,183,184,119,157
1,<environment.Job instance at 0x7f5064a82820>,65,2,[4 6],66,184,186,118,157
1,<environment.Job instance at 0x7f5066f80cd0>,60,14,[5 7],61,186,200,125,175
1,<environment.Job instance at 0x7f5064a82a50>,72,2,[7 2],73,200,202,127,180
1,<environment.Job instance at 0x7f5020d885a0>,22,15,[ 5 10],23,202,217,179,195
1,<environment.Job instance at 0x7f5066ef7a50>,75,12,[9 2],76,217,229,141,200
1,<environment.Job instance at 0x7f5066ef7cd0>,78,3,[3 9],79,229,232,150,203
1,<environment.Job instance at 0x7f5066ef7370>,80,15,[2 8],81,232,247,151,219
1,<environment.Job instance at 0x7f5020c2cd70>,9,16,[5 1],10,229,245,219,220
1,<environment.Job instance at 0x7f5066e3f4b0>,4,18,[3 9],5,5,23,0,5
1,<environment.Job instance at 0x7f506bddf7d0>,12,12,[3 7],13,23,35,10,17
1,<environment.Job instance at 0x7f506705b050>,9,1,[5 6],10,35,36,25,17
1,<environment.Job instance at 0x7f5064670c80>,16,1,[4 9],17,36,37,19,18
1,<environment.Job instance at 0x7f5064670050>,15,13,[ 5 10],16,37,50,21,21
1,<environment.Job instance at 0x7f5064a7de60>,21,17,[5 3],22,50,67,28,39
1,<environment.Job instance at 0x7f50673ecc80>,24,3,[3 6],25,50,53,25,47
1,<environment.Job instance at 0x7f5020ce2c30>,25,1,[2 6],26,53,54,27,47
1,<environment.Job instance at 0x7f5020d79730>,27,2,[5 7],28,54,56,26,47
1,<environment.Job instance at 0x7f506753e6e0>,28,3,[6 5],29,67,70,38,47
1,<environment.Job instance at 0x7f5067555c80>,29,3,[2 6],30,56,59,26,47
1,<environment.Job instance at 0x7f5064cf9230>,32,12,[7 5],33,70,82,37,55
1,<environment.Job instance at 0x7f50648381e0>,38,2,[4 8],39,82,84,43,69
1,<environment.Job instance at 0x7f5064838370>,39,3,[8 2],40,84,87,44,69
1,<environment.Job instance at 0x7f5066f17dc0>,42,14,[7 1],43,87,101,44,82
1,<environment.Job instance at 0x7f5066f17870>,45,1,[ 1 10],46,101,102,55,95
1,<environment.Job instance at 0x7f5066f17eb0>,46,18,[9 2],47,102,120,55,95
1,<environment.Job instance at 0x7f5064cf9910>,30,3,[1 5],31,96,99,65,96
1,<environment.Job instance at 0x7f5020bbe550>,31,16,[3 9],32,120,136,88,108
1,<environment.Job instance at 0x7f506bdebe60>,52,14,[4 6],53,136,150,83,121
1,<environment.Job instance at 0x7f506480c730>,58,1,[9 4],59,150,151,91,122
1,<environment.Job instance at 0x7f50648676e0>,61,3,[8 2],62,151,154,89,126
1,<environment.Job instance at 0x7f5067457550>,65,2,[4 8],66,154,156,88,140
1,<environment.Job instance at 0x7f5066f17960>,49,17,[4 5],50,156,173,106,145
1,<environment.Job instance at 0x7f5064b38500>,68,3,[1 7],69,151,154,82,147
1,<environment.Job instance at 0x7f5064b38320>,70,17,[9 5],71,173,190,102,161
1,<environment.Job instance at 0x7f5020c75d20>,74,18,[6 5],75,190,208,115,179
1,<environment.Job instance at 0x7f50648363c0>,77,1,[1 8],78,208,209,130,180
1,<environment.Job instance at 0x7f5064836a50>,80,15,[4 9],81,209,224,128,196
1,<environment.Job instance at 0x7f5064a1f730>,84,13,[3 8],85,224,237,139,211
1,<environment.Job instance at 0x7f506488ac30>,86,3,[ 4 10],87,237,240,150,212
1,<environment.Job instance at 0x7f50210470a0>,2,13,[3 9],3,3,16,0,3
1,<environment.Job instance at 0x7f50674f53c0>,6,3,[5 8],7,16,19,9,7
1,<environment.Job instance at 0x7f506705fd70>,7,15,[6 1],8,19,34,11,8
1,<environment.Job instance at 0x7f5064943d20>,16,3,[4 6],17,19,22,2,17
1,<environment.Job instance at 0x7f50647fc820>,18,1,[1 5],19,22,23,3,19
1,<environment.Job instance at 0x7f50210c6d20>,19,13,[3 8],20,23,36,3,20
1,<environment.Job instance at 0x7f50210c6eb0>,20,2,[3 7],21,36,38,15,21
1,<environment.Job instance at 0x7f50210af0a0>,23,18,[5 5],24,38,56,14,27
1,<environment.Job instance at 0x7f50210af460>,26,16,[5 6],27,56,72,29,43
1,<environment.Job instance at 0x7f50210c6fa0>,22,2,[8 4],23,72,74,49,49
1,<environment.Job instance at 0x7f50210af410>,30,2,[6 2],31,74,76,43,51
1,<environment.Job instance at 0x7f50210af640>,31,2,[10  5],32,76,78,44,51
1,<environment.Job instance at 0x7f50210af780>,34,18,[ 3 10],35,78,96,43,67
1,<environment.Job instance at 0x7f50210af2d0>,32,15,[5 5],33,96,111,63,82
1,<environment.Job instance at 0x7f50210afcd0>,42,3,[3 5],43,96,99,53,82
1,<environment.Job instance at 0x7f50210afeb0>,43,2,[3 8],44,111,113,67,84
1,<environment.Job instance at 0x7f50210ce5a0>,50,3,[1 7],51,113,116,62,95
1,<environment.Job instance at 0x7f50210ce780>,53,13,[7 4],54,116,129,62,102
1,<environment.Job instance at 0x7f50210ce7d0>,55,15,[7 2],56,129,144,73,115
1,<environment.Job instance at 0x7f50210ce9b0>,58,15,[8 5],59,144,159,85,131
1,<environment.Job instance at 0x7f50210afc30>,41,13,[6 3],42,159,172,117,148
1,<environment.Job instance at 0x7f50210cee10>,63,3,[ 3 10],64,172,175,108,148
1,<environment.Job instance at 0x7f50210cefa0>,64,3,[2 9],65,175,178,110,151
1,<environment.Job instance at 0x7f50210ceaf0>,66,15,[3 6],67,178,193,111,165
1,<environment.Job instance at 0x7f50210ced20>,68,1,[9 4],69,193,194,124,165
1,<environment.Job instance at 0x7f50210c9500>,71,17,[6 1],72,175,192,103,169
1,<environment.Job instance at 0x7f50210c9370>,69,2,[7 2],70,194,196,124,175
1,<environment.Job instance at 0x7f50210c95f0>,76,14,[8 5],77,196,210,119,181
1,<environment.Job instance at 0x7f50210cee60>,62,16,[5 6],63,210,226,147,197
1,<environment.Job instance at 0x7f50210c9dc0>,84,3,[5 4],85,210,213,125,197
1,<environment.Job instance at 0x7f50210c9f00>,86,2,[3 7],87,226,228,139,199
1,<environment.Job instance at 0x7f5064a77910>,10,1,[10  2],11,17,18,6,17
1,<environment.Job instance at 0x7f5064a77f50>,11,15,[4 5],12,18,33,6,17
1,<environment.Job instance at 0x7f506bde1b40>,4,14,[ 1 10],5,33,47,28,19
1,<environment.Job instance at 0x7f5064a77a50>,14,13,[6 3],15,47,60,32,31
1,<environment.Job instance at 0x7f5064a77690>,18,18,[2 9],19,60,78,41,50
1,<environment.Job instance at 0x7f5064a77820>,13,13,[5 1],14,60,73,46,54
1,<environment.Job instance at 0x7f50210be460>,2,3,[2 8],3,78,81,75,58
1,<environment.Job instance at 0x7f5064a50e10>,26,16,[7 1],27,73,89,46,62
1,<environment.Job instance at 0x7f5064a50af0>,29,15,[7 2],30,89,104,59,75
1,<environment.Job instance at 0x7f5064a14a50>,40,14,[3 8],41,81,95,40,75
1,<environment.Job instance at 0x7f5020e960a0>,5,14,[4 5],6,104,118,98,91
1,<environment.Job instance at 0x7f5021085aa0>,45,17,[ 5 10],46,118,135,72,111
1,<environment.Job instance at 0x7f5021085b40>,53,1,[9 5],54,135,136,81,113
1,<environment.Job instance at 0x7f50673ec960>,55,2,[ 4 10],56,136,138,80,125
1,<environment.Job instance at 0x7f50673ecb40>,56,2,[7 2],57,138,140,81,125
1,<environment.Job instance at 0x7f506bba2820>,57,1,[9 4],58,140,141,82,125
1,<environment.Job instance at 0x7f506bba2190>,58,3,[5 2],59,141,144,82,125
1,<environment.Job instance at 0x7f506bba2690>,60,12,[3 8],61,141,153,80,129
1,<environment.Job instance at 0x7f506bba2780>,63,17,[9 1],64,153,170,89,141
1,<environment.Job instance at 0x7f5064c7f550>,70,1,[5 1],71,170,171,99,158
1,<environment.Job instance at 0x7f5064c7f190>,72,14,[9 2],73,171,185,98,161
1,<environment.Job instance at 0x7f5064c7fbe0>,75,18,[9 4],76,185,203,109,174
1,<environment.Job instance at 0x7f5021207500>,80,15,[8 3],81,207,222,126,207
1,<environment.Job instance at 0x7f50647bb0a0>,21,16,[ 4 10],22,222,238,200,211
1,<environment.Job instance at 0x7f50647e3190>,2,16,[7 2],3,3,19,0,3
1,<environment.Job instance at 0x7f50647e3460>,5,14,[ 2 10],6,19,33,13,6
1,<environment.Job instance at 0x7f5020d98410>,14,15,[7 5],15,33,48,18,23
1,<environment.Job instance at 0x7f5020d98f00>,21,14,[5 5],22,48,62,26,35
1,<environment.Job instance at 0x7f5020d98b90>,15,14,[7 4],16,62,76,46,54
1,<environment.Job instance at 0x7f50675119b0>,30,18,[4 5],31,76,94,45,65
1,<environment.Job instance at 0x7f5020d985f0>,19,14,[6 4],20,79,93,59,79
1,<environment.Job instance at 0x7f5067511d20>,32,1,[ 3 10],33,94,95,61,84
1,<environment.Job instance at 0x7f5020d98dc0>,17,22,[7 3],18,98,120,80,98
1,<environment.Job instance at 0x7f5020eb9aa0>,40,2,[ 2 10],41,120,122,79,104
1,<environment.Job instance at 0x7f5020eb9820>,41,15,[10  3],42,122,137,80,108
1,<environment.Job instance at 0x7f5020eb90a0>,48,3,[ 4 10],49,137,140,88,124
1,<environment.Job instance at 0x7f5020eb9f00>,50,2,[8 4],51,140,142,89,132
1,<environment.Job instance at 0x7f5020eb9550>,37,16,[6 5],38,151,167,113,151
1,<environment.Job instance at 0x7f5064794050>,54,3,[2 8],55,167,170,112,151
1,<environment.Job instance at 0x7f5064794fa0>,56,2,[6 1],57,167,169,110,152
1,<environment.Job instance at 0x7f5064794550>,57,2,[7 5],58,170,172,112,152
1,<environment.Job instance at 0x7f5064794e10>,55,1,[7 4],56,172,173,116,152
1,<environment.Job instance at 0x7f5064794640>,58,1,[2 7],59,173,174,114,152
1,<environment.Job instance at 0x7f50647942d0>,60,12,[4 9],61,174,186,113,157
1,<environment.Job instance at 0x7f5064794780>,66,2,[3 9],67,186,188,119,167
1,<environment.Job instance at 0x7f5064794690>,65,3,[2 5],66,188,191,122,173
1,<environment.Job instance at 0x7f5067359370>,68,2,[8 3],69,188,190,119,174
1,<environment.Job instance at 0x7f5067359960>,69,1,[5 6],70,191,192,121,174
1,<environment.Job instance at 0x7f5067359730>,72,1,[10  1],73,192,193,119,174
1,<environment.Job instance at 0x7f5067359e10>,77,2,[2 7],78,193,195,115,177
1,<environment.Job instance at 0x7f5067359a50>,78,12,[9 4],79,195,207,116,179
1,<environment.Job instance at 0x7f5064aa2aa0>,79,2,[8 1],80,193,195,113,180
1,<environment.Job instance at 0x7f5064aa2190>,80,3,[4 7],81,207,210,126,183
1,<environment.Job instance at 0x7f5064aa2500>,86,15,[9 4],87,210,225,123,196
1,<environment.Job instance at 0x7f5064aa2eb0>,89,13,[3 8],90,225,238,135,210
1,<environment.Job instance at 0x7f506729ec80>,7,16,[8 2],8,8,24,0,8
1,<environment.Job instance at 0x7f5020e77780>,11,13,[8 5],12,24,37,12,13
1,<environment.Job instance at 0x7f5064b8dc30>,14,1,[3 8],15,37,38,22,15
1,<environment.Job instance at 0x7f506bde10a0>,15,1,[1 7],16,22,23,6,22
1,<environment.Job instance at 0x7f506bde1230>,16,13,[6 4],17,38,51,21,23
1,<environment.Job instance at 0x7f50648d4870>,19,1,[8 1],20,51,52,31,23
1,<environment.Job instance at 0x7f50648d4a50>,20,12,[5 2],21,52,64,31,37
1,<environment.Job instance at 0x7f50645da8c0>,23,2,[ 3 10],24,64,66,40,51
1,<environment.Job instance at 0x7f5064b03e60>,24,13,[9 1],25,66,79,41,51
1,<environment.Job instance at 0x7f50648c2af0>,29,1,[10  3],30,79,80,49,52
1,<environment.Job instance at 0x7f50648c2e60>,26,1,[ 2 10],27,80,81,53,64
1,<environment.Job instance at 0x7f50648b51e0>,33,13,[3 6],34,81,94,47,65
1,<environment.Job instance at 0x7f50648b5410>,35,12,[5 4],36,81,93,45,65
1,<environment.Job instance at 0x7f50648a50f0>,38,18,[7 1],39,93,111,54,82
1,<environment.Job instance at 0x7f50648c3500>,42,15,[5 7],43,111,126,68,98
1,<environment.Job instance at 0x7f5064976320>,46,2,[5 3],47,111,113,64,109
1,<environment.Job instance at 0x7f5020a4c370>,47,16,[6 1],48,126,142,78,113
1,<environment.Job instance at 0x7f506498b190>,50,18,[6 2],51,142,160,91,134
1,<environment.Job instance at 0x7f506498baa0>,52,15,[4 8],53,143,158,90,143
1,<environment.Job instance at 0x7f5020a53550>,56,3,[5 6],57,160,163,103,147
1,<environment.Job instance at 0x7f5064963730>,58,16,[10  5],59,163,179,104,150
1,<environment.Job instance at 0x7f5064b705a0>,61,2,[6 1],62,179,181,117,160
1,<environment.Job instance at 0x7f50645fcc30>,63,2,[5 6],64,181,183,117,160
1,<environment.Job instance at 0x7f5064b7afa0>,64,3,[5 8],65,183,186,118,160
1,<environment.Job instance at 0x7f5020e91230>,67,13,[8 1],68,186,199,118,173
1,<environment.Job instance at 0x7f5020e91c30>,68,2,[7 1],69,199,201,130,173
1,<environment.Job instance at 0x7f5020a18370>,69,1,[4 9],70,179,180,109,176
1,<environment.Job instance at 0x7f50648b5730>,31,18,[5 2],32,201,219,169,191
1,<environment.Job instance at 0x7f5020a18780>,71,3,[8 3],72,219,222,147,194
1,<environment.Job instance at 0x7f5020a10af0>,82,12,[2 7],83,205,217,122,205
1,<environment.Job instance at 0x7f5020a18c80>,70,21,[5 7],71,222,243,151,216
1,<environment.Job instance at 0x7f5064ca8dc0>,76,3,[1 9],77,243,246,166,217
1,<environment.Job instance at 0x7f50208a4c30>,3,17,[ 4 10],4,4,21,0,4
1,<environment.Job instance at 0x7f5064ca8dc0>,6,16,[ 1 10],7,21,37,14,9
1,<environment.Job instance at 0x7f506ba04050>,11,16,[5 5],12,37,53,25,24
1,<environment.Job instance at 0x7f5020b2f9b0>,17,13,[2 9],18,53,66,35,37
1,<environment.Job instance at 0x7f50208a38c0>,12,13,[5 5],13,66,79,53,56
1,<environment.Job instance at 0x7f50209805a0>,13,12,[1 5],14,66,78,52,57
1,<environment.Job instance at 0x7f50210afcd0>,28,3,[1 8],29,79,82,50,57
1,<environment.Job instance at 0x7f50210beeb0>,33,18,[2 7],34,82,100,48,73
1,<environment.Job instance at 0x7f5020b79b90>,43,17,[ 1 10],44,100,117,56,100
1,<environment.Job instance at 0x7f5020b79cd0>,45,15,[6 2],46,117,132,71,103
1,<environment.Job instance at 0x7f5020b79a00>,50,15,[ 4 10],51,132,147,81,126
1,<environment.Job instance at 0x7f5064867370>,30,2,[2 7],31,147,149,116,135
1,<environment.Job instance at 0x7f5020b79f00>,52,15,[7 5],53,149,164,96,135
1,<environment.Job instance at 0x7f5020babbe0>,58,2,[9 3],59,164,166,105,151
1,<environment.Job instance at 0x7f5020babb90>,56,18,[6 5],57,166,184,109,155
1,<environment.Job instance at 0x7f502103c500>,67,16,[2 5],68,166,182,98,159
1,<environment.Job instance at 0x7f5064c9b190>,73,12,[9 4],74,184,196,110,170
1,<environment.Job instance at 0x7f5020b5de10>,79,12,[6 4],80,196,208,116,179
1,<environment.Job instance at 0x7f5020958c30>,90,15,[3 9],91,208,223,117,200
1,<environment.Job instance at 0x7f50210c9230>,2,17,[5 5],3,3,20,0,3
1,<environment.Job instance at 0x7f5064c44370>,6,17,[7 1],7,20,37,13,10
1,<environment.Job instance at 0x7f506b86ed20>,13,17,[2 7],14,20,37,6,18
1,<environment.Job instance at 0x7f506b86ef00>,18,14,[3 5],19,37,51,18,22
1,<environment.Job instance at 0x7f506b86eaf0>,19,16,[6 3],20,37,53,17,33
1,<environment.Job instance at 0x7f506b86ecd0>,21,13,[6 4],22,53,66,31,39
1,<environment.Job instance at 0x7f5020f47370>,25,14,[5 5],26,66,80,40,55
1,<environment.Job instance at 0x7f5020f47c80>,22,1,[2 7],23,80,81,57,60
1,<environment.Job instance at 0x7f5020f479b0>,31,2,[2 9],32,81,83,49,71
1,<environment.Job instance at 0x7f5020e222d0>,9,16,[9 2],10,83,99,73,71
1,<environment.Job instance at 0x7f506bdf3050>,33,1,[7 3],34,80,81,46,72
1,<environment.Job instance at 0x7f506cccab40>,34,2,[9 2],35,99,101,64,73
1,<environment.Job instance at 0x7f5020f47780>,36,3,[5 1],37,74,77,37,74
1,<environment.Job instance at 0x7f506b8749b0>,38,3,[ 4 10],39,101,104,62,87
1,<environment.Job instance at 0x7f506b874cd0>,39,13,[7 2],40,104,117,64,88
1,<environment.Job instance at 0x7f506b874e60>,43,13,[3 6],44,104,117,60,94
1,<environment.Job instance at 0x7f506b874050>,44,17,[5 1],45,117,134,72,105
1,<environment.Job instance at 0x7f506b8741e0>,50,15,[4 6],51,117,132,66,109
1,<environment.Job instance at 0x7f50649f5190>,54,17,[5 5],55,132,149,77,120
1,<environment.Job instance at 0x7f50649f5f50>,57,15,[5 3],58,134,149,76,124
1,<environment.Job instance at 0x7f50649f5550>,62,13,[4 8],63,149,162,86,133
1,<environment.Job instance at 0x7f506b874c80>,37,14,[5 4],38,162,176,124,147
1,<environment.Job instance at 0x7f502096cfa0>,72,1,[3 6],73,162,163,89,148
1,<environment.Job instance at 0x7f50649c3b90>,76,15,[3 6],77,167,182,90,167
1,<environment.Job instance at 0x7f50649c3d20>,79,15,[1 8],80,182,197,102,170
1,<environment.Job instance at 0x7f50649c3e60>,82,15,[9 3],83,197,212,114,183
1,<environment.Job instance at 0x7f50649c3aa0>,84,17,[7 2],85,212,229,127,200
1,<environment.Job instance at 0x7f50649c35a0>,83,14,[1 6],84,201,215,117,201
1,<environment.Job instance at 0x7f50649c3690>,89,17,[3 7],90,215,232,125,208
1,<environment.Job instance at 0x7f50646f66e0>,93,3,[8 1],94,232,235,138,209
1,<environment.Job instance at 0x7f50646f66e0>,5,1,[9 1],6,7,8,1,7
1,<environment.Job instance at 0x7f5066dbcf50>,7,3,[10  4],8,8,11,0,8
1,<environment.Job instance at 0x7f5066dbce60>,8,12,[9 2],9,11,23,2,9
1,<environment.Job instance at 0x7f50210bd820>,6,16,[7 3],7,23,39,16,10
1,<environment.Job instance at 0x7f5064c44be0>,11,2,[5 1],12,39,41,27,12
1,<environment.Job instance at 0x7f50208a24b0>,15,2,[10  4],16,41,43,25,17
1,<environment.Job instance at 0x7f5021203d20>,9,17,[10  5],10,43,60,33,32
1,<environment.Job instance at 0x7f5020d67820>,22,1,[2 8],23,39,40,16,37
1,<environment.Job instance at 0x7f5020d67eb0>,24,12,[1 8],25,60,72,35,43
1,<environment.Job instance at 0x7f5020d67dc0>,28,14,[7 2],29,60,74,31,51
1,<environment.Job instance at 0x7f5020d3bfa0>,31,14,[8 4],32,74,88,42,59
1,<environment.Job instance at 0x7f5020d678c0>,19,2,[10  4],20,88,90,68,71
1,<environment.Job instance at 0x7f5020d5cf50>,37,17,[6 2],38,90,107,52,78
1,<environment.Job instance at 0x7f5020d3be60>,36,15,[4 5],37,90,105,53,78
1,<environment.Job instance at 0x7f5020d5b3c0>,40,2,[1 8],41,105,107,64,78
1,<environment.Job instance at 0x7f5020d66aa0>,45,14,[4 9],46,107,121,61,92
1,<environment.Job instance at 0x7f502114f9b0>,53,1,[5 9],54,121,122,67,105
1,<environment.Job instance at 0x7f5021155d20>,52,13,[4 6],53,122,135,69,108
1,<environment.Job instance at 0x7f5067212c30>,59,15,[6 3],60,122,137,62,118
1,<environment.Job instance at 0x7f5067212320>,60,15,[7 1],61,137,152,76,123
1,<environment.Job instance at 0x7f5064a17500>,64,13,[7 1],65,152,165,87,137
1,<environment.Job instance at 0x7f5064a03730>,69,3,[4 5],70,165,168,95,149
1,<environment.Job instance at 0x7f5064a03960>,70,12,[2 7],71,149,161,78,149
1,<environment.Job instance at 0x7f5064a03820>,72,12,[7 5],73,168,180,95,151
1,<environment.Job instance at 0x7f5064a03370>,77,15,[4 6],78,180,195,102,166
1,<environment.Job instance at 0x7f50648b5e10>,54,14,[ 1 10],55,195,209,140,180
1,<environment.Job instance at 0x7f5020eb0a00>,84,14,[9 4],85,209,223,124,194
1,<environment.Job instance at 0x7f5020eb0d70>,89,15,[6 1],90,223,238,133,209
1,<environment.Job instance at 0x7f5021169550>,0,1,[4 9],1,1,2,0,1
1,<environment.Job instance at 0x7f50208518c0>,6,12,[5 2],7,7,19,0,7
1,<environment.Job instance at 0x7f50208513c0>,7,13,[7 2],8,19,32,11,8
1,<environment.Job instance at 0x7f5067104320>,10,17,[1 6],11,11,28,0,11
1,<environment.Job instance at 0x7f5064976e10>,12,2,[ 1 10],13,32,34,19,14
1,<environment.Job instance at 0x7f5064643140>,13,3,[3 8],14,28,31,14,14
1,<environment.Job instance at 0x7f502096cf50>,15,16,[10  3],16,34,50,18,21
1,<environment.Job instance at 0x7f5064962050>,18,17,[5 7],19,50,67,31,40
1,<environment.Job instance at 0x7f5064962320>,17,21,[1 8],18,67,88,49,62
1,<environment.Job instance at 0x7f5020e79320>,25,1,[7 1],26,67,68,41,62
1,<environment.Job instance at 0x7f5064a7db40>,14,16,[6 1],15,69,85,54,69
1,<environment.Job instance at 0x7f5020caf730>,28,15,[10  5],29,88,103,59,74
1,<environment.Job instance at 0x7f5064d0e8c0>,36,15,[8 3],37,103,118,66,91
1,<environment.Job instance at 0x7f5064c160f0>,38,18,[5 3],39,118,136,79,107
1,<environment.Job instance at 0x7f5067417140>,42,2,[5 1],43,118,120,75,107
1,<environment.Job instance at 0x7f5067417320>,46,2,[7 3],47,136,138,89,116
1,<environment.Job instance at 0x7f50674176e0>,47,1,[6 1],48,138,139,90,116
1,<environment.Job instance at 0x7f5020bc49b0>,39,16,[5 4],40,120,136,80,119
1,<environment.Job instance at 0x7f5067417b40>,48,14,[10  4],49,139,153,90,124
1,<environment.Job instance at 0x7f50674175f0>,49,1,[ 1 10],50,153,154,103,126
1,<environment.Job instance at 0x7f5067417690>,53,1,[4 7],54,138,139,84,126
1,<environment.Job instance at 0x7f5020a3c3c0>,61,16,[2 6],62,154,170,92,145
1,<environment.Job instance at 0x7f5020858410>,63,18,[8 4],64,154,172,90,145
1,<environment.Job instance at 0x7f5064c97eb0>,67,12,[5 5],68,172,184,104,167
1,<environment.Job instance at 0x7f5064c97550>,68,13,[6 4],69,184,197,115,168
1,<environment.Job instance at 0x7f5067521e60>,71,18,[5 6],72,197,215,125,191
1,<environment.Job instance at 0x7f5020daf8c0>,77,14,[9 5],78,215,229,137,208
1,<environment.Job instance at 0x7f506730ed20>,79,16,[3 8],80,229,245,149,217
1,<environment.Job instance at 0x7f5064d16b90>,82,1,[ 4 10],83,245,246,162,219
1,<environment.Job instance at 0x7f5020d99b40>,3,14,[10  5],4,6,20,2,6
1,<environment.Job instance at 0x7f506bbb3f00>,7,18,[9 5],8,20,38,12,9
1,<environment.Job instance at 0x7f5020a792d0>,16,2,[5 7],17,38,40,21,26
1,<environment.Job instance at 0x7f5020980230>,11,3,[6 4],12,40,43,28,26
1,<environment.Job instance at 0x7f5066fa1280>,18,3,[ 1 10],19,43,46,24,26
1,<environment.Job instance at 0x7f5020a79190>,15,3,[1 7],16,46,49,30,27
1,<environment.Job instance at 0x7f5066fa1190>,23,15,[5 3],24,46,61,22,32
1,<environment.Job instance at 0x7f5066fa1410>,25,14,[5 2],26,49,63,23,34
1,<environment.Job instance at 0x7f5020c46320>,30,15,[8 2],31,63,78,32,51
1,<environment.Job instance at 0x7f5020c46d20>,28,17,[1 7],29,61,78,32,51
1,<environment.Job instance at 0x7f5020c46a00>,29,1,[8 5],30,78,79,48,56
1,<environment.Job instance at 0x7f5020c46550>,41,14,[7 4],42,79,93,37,65
1,<environment.Job instance at 0x7f5066f3d690>,43,2,[6 4],44,93,95,49,77
1,<environment.Job instance at 0x7f5066f3db90>,47,3,[10  3],48,95,98,47,79
1,<environment.Job instance at 0x7f5066f3d910>,49,12,[7 5],50,98,110,48,81
1,<environment.Job instance at 0x7f5066f3d6e0>,53,18,[6 3],54,110,128,56,99
1,<environment.Job instance at 0x7f5066f3d0f0>,48,12,[7 4],49,128,140,79,111
1,<environment.Job instance at 0x7f50209864b0>,61,13,[3 7],62,112,125,50,112
1,<environment.Job instance at 0x7f5020986870>,62,2,[6 2],63,140,142,77,113
1,<environment.Job instance at 0x7f5020986730>,67,16,[10  2],68,142,158,74,129
1,<environment.Job instance at 0x7f5020a95e10>,70,15,[7 3],71,158,173,87,144
1,<environment.Job instance at 0x7f5020a95c80>,69,13,[6 3],70,173,186,103,157
1,<environment.Job instance at 0x7f5020a95460>,77,16,[2 8],78,186,202,108,175
1,<environment.Job instance at 0x7f5020a95f50>,80,1,[ 5 10],81,202,203,121,175
1,<environment.Job instance at 0x7f50211893c0>,81,2,[3 5],82,175,177,93,175
1,<environment.Job instance at 0x7f5021189af0>,82,1,[9 4],83,203,204,120,175
1,<environment.Job instance at 0x7f50211890a0>,83,1,[ 5 10],84,204,205,120,176
1,<environment.Job instance at 0x7f5066ff12d0>,84,1,[2 7],85,177,178,92,176
1,<environment.Job instance at 0x7f5066ff1c80>,87,2,[1 5],88,182,184,94,182
1,<environment.Job instance at 0x7f5020a954b0>,76,17,[7 5],77,205,222,128,193
1,<environment.Job instance at 0x7f5020980be0>,3,15,[ 1 10],4,5,20,1,5
1,<environment.Job instance at 0x7f5066e8ed70>,9,18,[9 3],10,20,38,10,11
1,<environment.Job instance at 0x7f5020a743c0>,15,3,[2 7],16,38,41,22,26
1,<environment.Job instance at 0x7f5020980fa0>,10,13,[9 5],11,41,54,30,26
1,<environment.Job instance at 0x7f5020a74230>,16,17,[4 8],17,54,71,37,42
1,<environment.Job instance at 0x7f5020a748c0>,20,12,[9 5],21,71,83,50,54
1,<environment.Job instance at 0x7f5020a74af0>,26,16,[7 5],27,83,99,56,73
1,<environment.Job instance at 0x7f5020a9a5a0>,32,12,[5 5],33,99,111,66,82
1,<environment.Job instance at 0x7f5020a9a140>,39,12,[10  1],40,111,123,71,105
1,<environment.Job instance at 0x7f5020a9af00>,41,3,[ 5 10],42,123,126,81,108
1,<environment.Job instance at 0x7f5020a85460>,43,14,[5 3],44,126,140,82,117
1,<environment.Job instance at 0x7f5020a85140>,46,1,[4 5],47,142,143,95,142
1,<environment.Job instance at 0x7f5020a85910>,48,16,[2 9],49,143,159,94,142
1,<environment.Job instance at 0x7f5020a85e60>,49,17,[ 4 10],50,159,176,109,147
1,<environment.Job instance at 0x7f5020a85be0>,53,15,[5 8],54,176,191,122,171
1,<environment.Job instance at 0x7f5020a87e10>,58,15,[2 5],59,191,206,132,186
1,<environment.Job instance at 0x7f5020a87d70>,60,14,[4 9],61,206,220,145,191
1,<environment.Job instance at 0x7f5020a87780>,64,13,[7 3],65,220,233,155,209
1,<environment.Job instance at 0x7f5020a87b90>,66,2,[7 1],67,233,235,166,214
1,<environment.Job instance at 0x7f5020a874b0>,67,3,[8 1],68,235,238,167,214
1,<environment.Job instance at 0x7f5066f11a00>,68,3,[5 6],69,238,241,169,214
1,<environment.Job instance at 0x7f5066f116e0>,69,12,[9 2],70,241,253,171,228
1,<environment.Job instance at 0x7f5066f11320>,73,3,[2 8],74,233,236,159,228
1,<environment.Job instance at 0x7f8833dc4320>,2,14,[ 2 10],3,3,17,0,3
1,<environment.Job instance at 0x7f882e9b4280>,4,13,[3 6],5,17,30,12,5
1,<environment.Job instance at 0x7f882e9b4910>,11,3,[4 9],12,30,33,18,13
1,<environment.Job instance at 0x7f882e9b4e60>,16,18,[7 3],17,33,51,16,22
1,<environment.Job instance at 0x7f882e9b4f00>,17,12,[5 1],18,51,63,33,37
1,<environment.Job instance at 0x7f882e9b80f0>,21,18,[9 4],22,63,81,41,52
1,<environment.Job instance at 0x7f882e9b4dc0>,20,3,[10  5],21,81,84,60,68
1,<environment.Job instance at 0x7f882e9b4b40>,13,18,[5 9],14,84,102,70,74
1,<environment.Job instance at 0x7f882e9b8af0>,35,16,[1 9],36,102,118,66,90
1,<environment.Job instance at 0x7f882e9b62d0>,43,12,[4 5],44,118,130,74,109
1,<environment.Job instance at 0x7f882e9b6820>,49,17,[10  2],50,130,147,80,118
1,<environment.Job instance at 0x7f882e9b6dc0>,52,2,[ 2 10],53,147,149,94,125
1,<environment.Job instance at 0x7f882e9b6e10>,55,12,[2 6],56,149,161,93,134
1,<environment.Job instance at 0x7f882e9b6cd0>,54,18,[7 1],55,155,173,100,155
1,<environment.Job instance at 0x7f882e9b91e0>,60,2,[2 6],61,161,163,100,155
1,<environment.Job instance at 0x7f882e9b95a0>,64,2,[2 8],65,163,165,98,156
1,<environment.Job instance at 0x7f882e9b96e0>,65,1,[5 8],66,173,174,107,156
1,<environment.Job instance at 0x7f882e9b9230>,66,2,[7 2],67,174,176,107,156
1,<environment.Job instance at 0x7f882e9b9af0>,68,14,[6 4],69,176,190,107,161
1,<environment.Job instance at 0x7f882e9b9f50>,77,16,[8 1],78,190,206,112,188
1,<environment.Job instance at 0x7f882e9bd4b0>,81,14,[8 5],82,206,220,124,196
1,<environment.Job instance at 0x7f882e9bd2d0>,80,1,[5 5],81,220,221,139,197
1,<environment.Job instance at 0x7f882e9b93c0>,61,1,[7 5],62,221,222,159,198
1,<environment.Job instance at 0x7f882e9bd6e0>,84,1,[5 5],85,220,221,135,198
1,<environment.Job instance at 0x7f882e9bd7d0>,88,16,[4 9],89,222,238,133,211
1,<environment.Job instance at 0x7f882e9bd870>,1,3,[9 5],2,4,7,2,4
1,<environment.Job instance at 0x7f882e9d8190>,5,15,[5 3],6,7,22,1,6
1,<environment.Job instance at 0x7f882e9d8d20>,11,14,[ 1 10],12,23,37,11,23
1,<environment.Job instance at 0x7f882e9cc230>,9,3,[10  4],10,37,40,27,23
1,<environment.Job instance at 0x7f87e8da98c0>,14,3,[5 6],15,40,43,25,24
1,<environment.Job instance at 0x7f87e8da96e0>,16,16,[6 5],17,43,59,26,30
1,<environment.Job instance at 0x7f87e8e17050>,19,15,[5 5],20,59,74,39,45
1,<environment.Job instance at 0x7f87e8db2dc0>,24,16,[5 6],25,74,90,49,62
1,<environment.Job instance at 0x7f87e8db2460>,29,17,[8 5],30,100,117,70,100
1,<environment.Job instance at 0x7f87e8db0fa0>,33,18,[5 1],34,117,135,83,106
1,<environment.Job instance at 0x7f87e8db0500>,37,12,[4 8],38,117,129,79,110
1,<environment.Job instance at 0x7f87e8d8dd70>,39,13,[4 5],40,129,142,89,120
1,<environment.Job instance at 0x7f87e8d8d190>,41,1,[ 5 10],42,142,143,100,127
1,<environment.Job instance at 0x7f87e8d8de10>,42,2,[10  4],43,143,145,100,127
1,<environment.Job instance at 0x7f87e8d8db90>,44,2,[3 8],45,145,147,100,129
1,<environment.Job instance at 0x7f882e9ce410>,3,12,[1 9],4,147,159,143,135
1,<environment.Job instance at 0x7f87e8db50f0>,50,13,[5 9],51,159,172,108,151
1,<environment.Job instance at 0x7f87e8db5eb0>,52,12,[ 5 10],53,172,184,119,155
1,<environment.Job instance at 0x7f87e8db60f0>,57,14,[10  3],58,184,198,126,177
1,<environment.Job instance at 0x7f87e8daa870>,61,16,[5 8],62,198,214,136,185
1,<environment.Job instance at 0x7f87e8e26cd0>,74,3,[5 4],75,214,217,139,208
1,<environment.Job instance at 0x7f87e8db3960>,75,18,[ 1 10],76,217,235,141,208
1,<environment.Job instance at 0x7f87e8dc2be0>,77,1,[4 6],78,214,215,136,209
1,<environment.Job instance at 0x7f87e8db30a0>,76,15,[6 5],77,235,250,158,222
1,<environment.Job instance at 0x7f882e9d2b40>,3,3,[2 8],4,4,7,0,4
1,<environment.Job instance at 0x7f882e9d2d70>,1,15,[5 7],2,7,22,5,4
1,<environment.Job instance at 0x7f882e9ceb40>,8,2,[3 5],9,22,24,13,12
1,<environment.Job instance at 0x7f87e8c277d0>,9,18,[10  4],10,24,42,14,13
1,<environment.Job instance at 0x7f87e8c27d70>,12,1,[10  4],13,42,43,29,14
1,<environment.Job instance at 0x7f87e8c27730>,15,3,[8 3],16,43,46,27,22
1,<environment.Job instance at 0x7f87e8c11460>,20,16,[8 5],21,46,62,25,39
1,<environment.Job instance at 0x7f87e8c11a00>,19,2,[2 7],20,43,45,23,39
1,<environment.Job instance at 0x7f882ec13500>,27,16,[7 4],28,62,78,34,51
1,<environment.Job instance at 0x7f87e8c16aa0>,29,1,[8 5],30,78,79,48,56
1,<environment.Job instance at 0x7f8833f39230>,32,2,[2 7],33,79,81,46,71
1,<environment.Job instance at 0x7f882eed6050>,33,1,[8 3],34,79,80,45,73
1,<environment.Job instance at 0x7f882e787a00>,34,12,[8 1],35,80,92,45,73
1,<environment.Job instance at 0x7f882e802be0>,36,2,[7 5],37,92,94,55,77
1,<environment.Job instance at 0x7f8833f38b40>,37,1,[2 8],38,81,82,43,77
1,<environment.Job instance at 0x7f882e794550>,38,3,[2 9],39,82,85,43,77
1,<environment.Job instance at 0x7f882e793690>,39,3,[2 7],40,85,88,45,77
1,<environment.Job instance at 0x7f882e7331e0>,40,12,[10  5],41,94,106,53,77
1,<environment.Job instance at 0x7f8833f2c9b0>,55,17,[ 5 10],56,136,153,80,136
1,<environment.Job instance at 0x7f882ee292d0>,67,1,[4 6],68,205,206,137,205
1,<environment.Job instance at 0x7f8833f30c80>,66,14,[2 5],67,206,220,139,205
1,<environment.Job instance at 0x7f8833f30690>,69,15,[9 5],70,220,235,150,211
1,<environment.Job instance at 0x7f883163c5f0>,3,14,[6 5],4,5,19,1,5
1,<environment.Job instance at 0x7f87e9294cd0>,6,12,[10  1],7,19,31,12,7
1,<environment.Job instance at 0x7f8831541a50>,14,1,[3 5],15,31,32,16,28
1,<environment.Job instance at 0x7f882ea35cd0>,19,13,[4 7],20,32,45,12,28
1,<environment.Job instance at 0x7f88313c4fa0>,15,21,[ 2 10],16,64,85,48,64
1,<environment.Job instance at 0x7f882ede4550>,31,13,[10  2],32,85,98,53,69
1,<environment.Job instance at 0x7f882ede4500>,30,17,[10  2],31,98,115,67,86
1,<environment.Job instance at 0x7f8831172c80>,39,3,[3 7],40,115,118,75,91
1,<environment.Job instance at 0x7f883111a280>,37,14,[9 2],38,118,132,80,103
1,<environment.Job instance at 0x7f882eb242d0>,40,14,[5 8],41,132,146,91,118
1,<environment.Job instance at 0x7f882e9f6500>,49,1,[2 8],50,146,147,96,120
1,<environment.Job instance at 0x7f882e9f6640>,50,3,[1 9],51,147,150,96,121
1,<environment.Job instance at 0x7f882ed8d140>,56,15,[10  3],57,150,165,93,139
1,<environment.Job instance at 0x7f882ed8d050>,59,17,[5 2],60,165,182,105,164
1,<environment.Job instance at 0x7f882ed8d6e0>,60,13,[5 4],61,165,178,104,164
1,<environment.Job instance at 0x7f882ed8db90>,66,2,[10  2],67,182,184,115,180
1,<environment.Job instance at 0x7f882eb62aa0>,69,17,[6 2],70,184,201,114,180
1,<environment.Job instance at 0x7f882eb62d70>,70,17,[5 2],71,201,218,130,189
1,<environment.Job instance at 0x7f882eab6e10>,76,16,[8 2],77,218,234,141,210
1,<environment.Job instance at 0x7f8831040280>,79,16,[7 4],80,234,250,154,224
1,<environment.Job instance at 0x7f87e8f92640>,3,17,[6 1],4,4,21,0,4
1,<environment.Job instance at 0x7f882ea77c30>,10,3,[ 1 10],11,21,24,10,12
1,<environment.Job instance at 0x7f882e9cc500>,11,2,[ 2 10],12,24,26,12,12
1,<environment.Job instance at 0x7f883107d230>,13,3,[4 8],14,14,17,0,14
1,<environment.Job instance at 0x7f8831079910>,14,12,[3 7],15,26,38,11,15
1,<environment.Job instance at 0x7f883107d370>,12,3,[5 7],13,38,41,25,16
1,<environment.Job instance at 0x7f8831079fa0>,16,1,[2 8],17,41,42,24,21
1,<environment.Job instance at 0x7f8831079190>,19,14,[7 2],20,41,55,21,27
1,<environment.Job instance at 0x7f882e8389b0>,21,14,[1 7],22,42,56,20,32
1,<environment.Job instance at 0x7f8831079dc0>,17,16,[2 7],18,56,72,38,44
1,<environment.Job instance at 0x7f8831483320>,29,1,[5 6],30,72,73,42,64
1,<environment.Job instance at 0x7f8831490b90>,20,18,[1 7],21,73,91,52,64
1,<environment.Job instance at 0x7f882e7dec80>,32,1,[6 5],33,91,92,58,64
1,<environment.Job instance at 0x7f88314a9640>,34,13,[7 3],35,73,86,38,71
1,<environment.Job instance at 0x7f88314a9aa0>,36,12,[5 9],37,92,104,55,85
1,<environment.Job instance at 0x7f88314a9d20>,40,15,[3 8],41,104,119,63,90
1,<environment.Job instance at 0x7f88314789b0>,28,16,[8 4],29,119,135,90,118
1,<environment.Job instance at 0x7f88314a98c0>,45,14,[7 3],46,135,149,89,120
1,<environment.Job instance at 0x7f88314a7780>,50,12,[3 6],51,135,147,84,130
1,<environment.Job instance at 0x7f8831483460>,31,21,[5 5],32,155,176,123,155
1,<environment.Job instance at 0x7f88314a76e0>,54,14,[4 6],55,176,190,121,161
1,<environment.Job instance at 0x7f88314a7410>,58,15,[5 5],59,161,176,102,161
1,<environment.Job instance at 0x7f88314af9b0>,62,3,[9 4],63,190,193,127,167
1,<environment.Job instance at 0x7f88314af5f0>,66,15,[5 1],67,194,209,127,194
1,<environment.Job instance at 0x7f88314a7500>,57,17,[2 7],58,195,212,137,195
1,<environment.Job instance at 0x7f87e8ff5be0>,68,12,[1 8],69,212,224,143,196
1,<environment.Job instance at 0x7f87e8ff5820>,69,1,[4 5],70,224,225,154,196
1,<environment.Job instance at 0x7f88314af280>,67,3,[3 8],68,225,228,157,200
1,<environment.Job instance at 0x7f87e8fe9140>,72,12,[6 2],73,209,221,136,200
1,<environment.Job instance at 0x7f87e8fccb40>,71,15,[6 3],72,228,243,156,214
1,<environment.Job instance at 0x7f88314863c0>,80,1,[1 7],81,228,229,147,218
1,<environment.Job instance at 0x7f8831486140>,81,1,[9 4],82,243,244,161,218
1,<environment.Job instance at 0x7f8831486640>,82,2,[3 6],83,229,231,146,219
1,<environment.Job instance at 0x7f88314a78c0>,47,1,[2 8],48,244,245,196,220
1,<environment.Job instance at 0x7f882e9090f0>,4,12,[7 1],5,5,17,0,5
1,<environment.Job instance at 0x7f882e9092d0>,6,13,[8 4],7,17,30,10,8
1,<environment.Job instance at 0x7f87e9240d70>,12,3,[7 1],13,30,33,17,14
1,<environment.Job instance at 0x7f882ea52d70>,20,18,[6 4],21,33,51,12,22
1,<environment.Job instance at 0x7f882ea52640>,26,16,[7 5],27,51,67,24,50
1,<environment.Job instance at 0x7f8830fdcfa0>,30,3,[9 1],31,67,70,36,50
1,<environment.Job instance at 0x7f882ea522d0>,16,14,[5 7],17,70,84,53,59
1,<environment.Job instance at 0x7f87e8c50f00>,32,18,[8 1],33,84,102,51,75
1,<environment.Job instance at 0x7f87e8c505f0>,41,13,[5 2],42,111,124,69,111
1,<environment.Job instance at 0x7f883135feb0>,44,18,[6 3],45,138,156,93,138
1,<environment.Job instance at 0x7f883135f140>,46,3,[10  3],47,156,159,109,156
1,<environment.Job instance at 0x7f883135f730>,48,13,[2 7],49,159,172,110,156
1,<environment.Job instance at 0x7f883135f0a0>,47,1,[ 4 10],48,172,173,124,157
1,<environment.Job instance at 0x7f883135f2d0>,49,15,[4 7],50,173,188,123,160
1,<environment.Job instance at 0x7f883135ff00>,55,17,[6 4],56,188,205,132,176
1,<environment.Job instance at 0x7f88313485a0>,61,28,[7 5],62,205,233,143,204
1,<environment.Job instance at 0x7f883135abe0>,68,17,[5 3],69,233,250,164,222
1,<environment.Job instance at 0x7f883135aaa0>,1,3,[9 5],2,2,5,0,2
1,<environment.Job instance at 0x7f882ee18cd0>,3,17,[7 4],4,5,22,1,4
1,<environment.Job instance at 0x7f882eabf8c0>,5,15,[9 1],6,22,37,16,8
1,<environment.Job instance at 0x7f882ec01d20>,15,3,[7 5],16,37,40,21,16
1,<environment.Job instance at 0x7f87e8c50eb0>,17,15,[1 6],18,22,37,4,22
1,<environment.Job instance at 0x7f882ec72f50>,20,16,[3 7],21,40,56,19,28
1,<environment.Job instance at 0x7f882ec72f00>,22,14,[5 7],23,56,70,33,41
1,<environment.Job instance at 0x7f8833ac68c0>,13,14,[4 9],14,70,84,56,62
1,<environment.Job instance at 0x7f8830fdc1e0>,30,2,[5 8],31,84,86,53,62
1,<environment.Job instance at 0x7f8831460140>,39,14,[5 4],40,86,100,46,78
1,<environment.Job instance at 0x7f882ed98f00>,40,15,[5 3],41,86,101,45,83
1,<environment.Job instance at 0x7f882ec012d0>,12,18,[ 2 10],13,101,119,88,93
1,<environment.Job instance at 0x7f882e92ae60>,44,2,[1 6],45,119,121,74,102
1,<environment.Job instance at 0x7f87e8df7aa0>,49,2,[8 4],50,119,121,69,102
1,<environment.Job instance at 0x7f882e8aec80>,51,17,[4 7],52,121,138,69,111
1,<environment.Job instance at 0x7f882ed8fbe0>,55,14,[5 1],56,121,135,65,119
1,<environment.Job instance at 0x7f882ed8f190>,58,16,[9 2],59,138,154,79,125
1,<environment.Job instance at 0x7f882ed8fc30>,61,16,[2 7],62,154,170,92,145
1,<environment.Job instance at 0x7f882ea7b460>,64,15,[3 8],65,170,185,105,156
1,<environment.Job instance at 0x7f882eb689b0>,71,1,[10  4],72,185,186,113,170
1,<environment.Job instance at 0x7f882e912280>,70,18,[8 5],71,186,204,115,175
1,<environment.Job instance at 0x7f882e912a00>,77,3,[1 6],78,204,207,126,193
1,<environment.Job instance at 0x7f882e912410>,72,18,[4 5],73,207,225,134,196
1,<environment.Job instance at 0x7f882e90c370>,78,17,[10  4],79,225,242,146,213
1,<environment.Job instance at 0x7f8830f31d70>,81,2,[9 4],82,242,244,160,215
1,<environment.Job instance at 0x7f882eb43e60>,80,2,[3 9],81,244,246,163,217
1,<environment.Job instance at 0x7f8830f31a00>,84,1,[6 2],85,217,218,132,217
1,<environment.Job instance at 0x7f87e9104a00>,1,18,[7 1],2,2,20,0,2
1,<environment.Job instance at 0x7f882ecabb40>,7,3,[ 1 10],8,20,23,12,8
1,<environment.Job instance at 0x7f882e95a820>,3,18,[ 3 10],4,23,41,19,12
1,<environment.Job instance at 0x7f88314d9af0>,6,2,[5 5],7,41,43,34,24
1,<environment.Job instance at 0x7f882eafa280>,15,15,[10  1],16,43,58,27,29
1,<environment.Job instance at 0x7f882e71eeb0>,29,18,[3 8],30,70,88,40,70
1,<environment.Job instance at 0x7f882e71ef50>,31,18,[4 6],32,88,106,56,77
1,<environment.Job instance at 0x7f882e740050>,33,17,[6 1],34,85,102,51,85
1,<environment.Job instance at 0x7f882e740500>,39,3,[5 6],40,106,109,66,91
1,<environment.Job instance at 0x7f882e7405a0>,40,2,[2 9],41,109,111,68,91
1,<environment.Job instance at 0x7f882e7400f0>,37,12,[ 3 10],38,111,123,73,94
1,<environment.Job instance at 0x7f882e740820>,44,16,[1 8],45,123,139,78,110
1,<environment.Job instance at 0x7f882e740b90>,47,2,[1 5],48,139,141,91,126
1,<environment.Job instance at 0x7f882e740c80>,51,19,[5 5],52,156,175,104,156
1,<environment.Job instance at 0x7f882e740d20>,52,3,[5 8],53,175,178,122,156
1,<environment.Job instance at 0x7f882e740f00>,54,13,[10  5],55,178,191,123,165
1,<environment.Job instance at 0x7f882e734050>,57,3,[5 7],58,191,194,133,169
1,<environment.Job instance at 0x7f882e734370>,60,18,[5 7],61,194,212,133,183
1,<environment.Job instance at 0x7f882e7345a0>,62,2,[9 4],63,212,214,149,185
1,<environment.Job instance at 0x7f882e734eb0>,73,16,[ 3 10],74,215,231,141,215
1,<environment.Job instance at 0x7f882e7250f0>,1,17,[3 7],2,2,19,0,2
1,<environment.Job instance at 0x7f882e978e10>,3,14,[4 6],4,19,33,15,7
1,<environment.Job instance at 0x7f88311a7780>,9,15,[4 6],10,33,48,23,19
1,<environment.Job instance at 0x7f87e904fc30>,13,14,[9 2],14,48,62,34,33
1,<environment.Job instance at 0x7f87e904f0f0>,15,16,[5 1],16,62,78,46,49
1,<environment.Job instance at 0x7f87e905e550>,5,1,[ 5 10],6,78,79,72,55
1,<environment.Job instance at 0x7f87e904f4b0>,16,3,[2 7],17,62,65,45,56
1,<environment.Job instance at 0x7f882ee16280>,6,12,[5 8],7,65,77,58,56
1,<environment.Job instance at 0x7f88310dddc0>,22,14,[7 1],23,79,93,56,64
1,<environment.Job instance at 0x7f88310ddf00>,23,17,[3 7],24,79,96,55,67
1,<environment.Job instance at 0x7f88310dda50>,29,1,[2 6],30,77,78,47,67
1,<environment.Job instance at 0x7f882e9b4280>,28,2,[7 4],29,96,98,67,69
1,<environment.Job instance at 0x7f8833f2bfa0>,33,14,[ 4 10],34,98,112,64,83
1,<environment.Job instance at 0x7f88310970a0>,41,1,[9 5],42,112,113,70,105
1,<environment.Job instance at 0x7f87e904f280>,20,20,[7 1],21,113,133,92,105
1,<environment.Job instance at 0x7f883116b7d0>,47,15,[2 5],48,129,144,81,129
1,<environment.Job instance at 0x7f882e92ce60>,50,12,[8 4],51,133,145,82,129
1,<environment.Job instance at 0x7f8830fafb90>,51,14,[ 2 10],52,145,159,93,130
1,<environment.Job instance at 0x7f8830faf140>,54,12,[7 5],55,159,171,104,142
1,<environment.Job instance at 0x7f88310d22d0>,57,3,[3 6],58,171,174,113,152
1,<environment.Job instance at 0x7f87e8f5d870>,58,2,[5 6],59,174,176,115,152
1,<environment.Job instance at 0x7f87e8f5dc80>,61,2,[1 7],62,176,178,114,154
1,<environment.Job instance at 0x7f87e8f5d230>,60,2,[5 2],61,171,173,110,156
1,<environment.Job instance at 0x7f87e9315500>,63,2,[2 6],64,178,180,114,157
1,<environment.Job instance at 0x7f87e93153c0>,62,15,[4 5],63,180,195,117,173
1,<environment.Job instance at 0x7f882ec05190>,32,16,[6 1],33,176,192,143,174
1,<environment.Job instance at 0x7f87e912c870>,69,3,[3 8],70,195,198,125,175
1,<environment.Job instance at 0x7f87e9315e60>,67,17,[8 3],68,198,215,130,186
1,<environment.Job instance at 0x7f882ed58be0>,76,15,[3 5],77,215,230,138,201
1,<environment.Job instance at 0x7f882ed58c80>,80,1,[5 1],81,215,216,134,203
1,<environment.Job instance at 0x7f882ed58f50>,81,18,[5 5],82,216,234,134,206
1,<environment.Job instance at 0x7f882ed58f00>,79,3,[4 7],80,234,237,154,210
1,<environment.Job instance at 0x7f8830f901e0>,1,16,[6 2],2,2,18,0,2
1,<environment.Job instance at 0x7f87e8f92690>,3,18,[3 7],4,5,23,1,5
1,<environment.Job instance at 0x7f882e7e2550>,10,2,[10  3],11,23,25,12,20
1,<environment.Job instance at 0x7f882e7e25a0>,11,3,[1 9],12,25,28,13,22
1,<environment.Job instance at 0x7f883113a050>,13,1,[9 2],14,28,29,14,22
1,<environment.Job instance at 0x7f883113abe0>,14,18,[2 9],15,29,47,14,23
1,<environment.Job instance at 0x7f882ec18690>,18,22,[10  5],19,47,69,28,46
1,<environment.Job instance at 0x7f882e922690>,23,12,[10  3],24,69,81,45,59
1,<environment.Job instance at 0x7f87e8dcc8c0>,25,2,[9 4],26,81,83,55,75
1,<environment.Job instance at 0x7f87e8dcc960>,27,14,[4 5],28,83,97,55,75
1,<environment.Job instance at 0x7f87e927cb40>,26,2,[5 5],27,83,85,56,75
1,<environment.Job instance at 0x7f88314dc780>,28,3,[4 5],29,85,88,56,75
1,<environment.Job instance at 0x7f87e8c4c0f0>,34,17,[6 3],35,113,130,78,113
1,<environment.Job instance at 0x7f87e8c4c410>,37,15,[5 4],38,130,145,92,116
1,<environment.Job instance at 0x7f87e8f87fa0>,22,2,[6 2],23,145,147,122,135
1,<environment.Job instance at 0x7f87e9156a00>,33,3,[9 5],34,147,150,113,139
1,<environment.Job instance at 0x7f87e8bfd230>,41,16,[ 2 10],42,150,166,108,140
1,<environment.Job instance at 0x7f87e8bfd320>,45,16,[10  3],46,166,182,120,153
1,<environment.Job instance at 0x7f87e91e5e10>,50,15,[9 4],51,182,197,131,168
1,<environment.Job instance at 0x7f87e91e5e60>,52,17,[9 5],53,197,214,144,186
1,<environment.Job instance at 0x7f882ea1ee60>,56,16,[6 4],57,214,230,157,201
1,<environment.Job instance at 0x7f87e92ae5f0>,61,2,[7 1],62,230,232,168,225
1,<environment.Job instance at 0x7f87e92ae410>,62,1,[4 6],63,225,226,162,225
1,<environment.Job instance at 0x7f88315b4460>,63,18,[10  5],64,232,250,168,226
1,<environment.Job instance at 0x7f88315b4b90>,64,1,[1 6],65,230,231,165,230
1,<environment.Job instance at 0x7f87e8db6870>,65,12,[9 4],66,250,262,184,233
1,<environment.Job instance at 0x7f882eb9d9b0>,2,12,[ 4 10],3,3,15,0,3
1,<environment.Job instance at 0x7f882e99f320>,5,16,[5 5],6,15,31,9,6
1,<environment.Job instance at 0x7f88315573c0>,11,13,[6 3],12,31,44,19,17
1,<environment.Job instance at 0x7f87e8d31d70>,20,17,[10  5],21,44,61,23,32
1,<environment.Job instance at 0x7f87e8d012d0>,25,17,[9 4],26,61,78,35,49
1,<environment.Job instance at 0x7f87e8d01a50>,33,16,[5 8],34,78,94,44,65
1,<environment.Job instance at 0x7f87e8d01e60>,41,18,[8 4],42,94,112,52,83
1,<environment.Job instance at 0x7f87e8d01960>,43,18,[4 6],44,112,130,68,101
1,<environment.Job instance at 0x7f87e8d01fa0>,42,17,[5 3],43,113,130,70,113
1,<environment.Job instance at 0x7f87e8d020f0>,49,14,[ 5 10],50,130,144,80,115
1,<environment.Job instance at 0x7f87e8d02910>,57,3,[9 3],58,144,147,86,120
1,<environment.Job instance at 0x7f87e8d02f00>,62,14,[1 7],63,150,164,87,150
1,<environment.Job instance at 0x7f87e8d02af0>,58,14,[3 7],59,164,178,105,150
1,<environment.Job instance at 0x7f87e8d02e60>,64,2,[4 5],65,178,180,113,151
1,<environment.Job instance at 0x7f87e8d04460>,65,2,[5 5],66,178,180,112,151
1,<environment.Job instance at 0x7f87e8d04780>,71,1,[5 3],72,158,159,86,158
1,<environment.Job instance at 0x7f87e8d04230>,72,3,[3 6],73,180,183,107,158
1,<environment.Job instance at 0x7f87e8d04910>,74,1,[1 9],75,183,184,108,161
1,<environment.Job instance at 0x7f87e8d049b0>,75,2,[ 3 10],76,184,186,108,161
1,<environment.Job instance at 0x7f87e8d044b0>,66,17,[7 1],67,191,208,124,191
1,<environment.Job instance at 0x7f88315575f0>,2,17,[7 4],3,4,21,1,4
1,<environment.Job instance at 0x7f87e8e1ba00>,4,12,[4 7],5,21,33,16,5
1,<environment.Job instance at 0x7f882ed96be0>,11,3,[7 5],12,33,36,21,19
1,<environment.Job instance at 0x7f87e8e1b050>,10,14,[2 6],11,36,50,25,21
1,<environment.Job instance at 0x7f882ed963c0>,14,12,[9 4],15,50,62,35,34
1,<environment.Job instance at 0x7f882ed96370>,18,17,[9 3],19,62,79,43,50
1,<environment.Job instance at 0x7f87e8f0b190>,26,13,[4 6],27,79,92,52,65
1,<environment.Job instance at 0x7f87e8f0b500>,27,18,[6 1],28,79,97,51,68
1,<environment.Job instance at 0x7f87e8f0b140>,30,3,[5 5],31,97,100,66,71
1,<environment.Job instance at 0x7f87e8f0ba50>,32,15,[4 7],33,100,115,67,86
1,<environment.Job instance at 0x7f882ebb8820>,40,13,[4 7],41,115,128,74,102
1,<environment.Job instance at 0x7f8830ef0640>,52,14,[5 6],53,138,152,85,138
1,<environment.Job instance at 0x7f8830ef01e0>,54,15,[9 3],55,152,167,97,141
1,<environment.Job instance at 0x7f883166bd70>,61,16,[9 3],62,167,183,105,156
1,<environment.Job instance at 0x7f883166b5a0>,64,14,[5 8],65,183,197,118,173
1,<environment.Job instance at 0x7f883166b870>,67,3,[5 5],68,197,200,129,176
1,<environment.Job instance at 0x7f883166baf0>,68,12,[4 5],69,197,209,128,180
1,<environment.Job instance at 0x7f8831112140>,70,3,[5 9],71,209,212,138,196
1,<environment.Job instance at 0x7f8831112c80>,71,15,[7 4],72,212,227,140,198
1,<environment.Job instance at 0x7f88311122d0>,73,3,[1 5],74,204,207,130,204
1,<environment.Job instance at 0x7f88311120a0>,74,1,[5 2],75,207,208,132,204
1,<environment.Job instance at 0x7f882e9eb550>,76,3,[3 9],77,227,230,150,209
1,<environment.Job instance at 0x7f882e9ebb40>,79,15,[8 5],80,230,245,150,224
1,<environment.Job instance at 0x7f88315571e0>,2,3,[10  5],3,3,6,0,3
1,<environment.Job instance at 0x7f8831557280>,3,14,[5 2],4,6,20,2,4
1,<environment.Job instance at 0x7f87e90ec140>,11,12,[ 5 10],12,20,32,8,12
1,<environment.Job instance at 0x7f87e90ecfa0>,7,14,[3 8],8,32,46,24,17
1,<environment.Job instance at 0x7f87e90ec870>,10,2,[6 2],11,32,34,21,23
1,<environment.Job instance at 0x7f882eb3ffa0>,22,3,[8 5],23,46,49,23,23
1,<environment.Job instance at 0x7f882eb3f5f0>,25,3,[ 1 10],26,49,52,23,26
1,<environment.Job instance at 0x7f882eb3f820>,26,2,[6 4],27,52,54,25,27
1,<environment.Job instance at 0x7f882eb3f5a0>,30,13,[1 5],31,52,65,21,43
1,<environment.Job instance at 0x7f882eb3faf0>,34,3,[5 7],35,65,68,30,43
1,<environment.Job instance at 0x7f882e71ed70>,39,2,[ 5 10],40,68,70,28,56
1,<environment.Job instance at 0x7f882eb3fc80>,24,14,[2 5],25,70,84,45,56
1,<environment.Job instance at 0x7f882e71e960>,43,2,[5 4],44,56,58,12,56
1,<environment.Job instance at 0x7f88311b3640>,46,17,[3 9],47,84,101,37,72
1,<environment.Job instance at 0x7f88311b3be0>,49,3,[3 6],50,101,104,51,76
1,<environment.Job instance at 0x7f882eafa730>,44,18,[2 6],45,104,122,59,99
1,<environment.Job instance at 0x7f87e8dcca50>,53,2,[ 3 10],54,122,124,68,99
1,<environment.Job instance at 0x7f8830fcc190>,60,3,[2 7],61,124,127,63,102
1,<environment.Job instance at 0x7f8830fcc690>,61,2,[6 4],62,102,104,40,102
1,<environment.Job instance at 0x7f8830ff1c80>,63,1,[7 3],64,104,105,40,102
1,<environment.Job instance at 0x7f8830ff1d70>,64,2,[9 3],65,127,129,62,102
1,<environment.Job instance at 0x7f8830ff14b0>,65,13,[4 8],66,129,142,63,113
1,<environment.Job instance at 0x7f8830ff1320>,71,13,[8 5],72,142,155,70,133
1,<environment.Job instance at 0x7f87e8ffe320>,74,1,[3 8],75,155,156,80,138
1,<environment.Job instance at 0x7f8830ff11e0>,66,1,[10  1],67,156,157,89,138
1,<environment.Job instance at 0x7f87e8ffe5a0>,75,1,[1 7],76,157,158,81,139
1,<environment.Job instance at 0x7f87e8ffe050>,76,13,[6 4],77,158,171,81,142
1,<environment.Job instance at 0x7f882ec26140>,80,12,[5 2],81,171,183,90,155
1,<environment.Job instance at 0x7f882ec26960>,82,15,[9 1],83,183,198,100,169
1,<environment.Job instance at 0x7f882ecdac30>,86,1,[ 2 10],87,198,199,111,178
1,<environment.Job instance at 0x7f882ecda320>,88,3,[ 1 10],89,199,202,110,180
1,<environment.Job instance at 0x7f87e8d02b40>,1,1,[4 5],2,4,5,2,4
1,<environment.Job instance at 0x7f8833f35780>,6,15,[2 9],7,9,24,2,9
1,<environment.Job instance at 0x7f882e85b870>,11,14,[5 7],12,24,38,12,12
1,<environment.Job instance at 0x7f8830f97780>,16,15,[8 4],17,38,53,21,24
1,<environment.Job instance at 0x7f8831557370>,10,2,[5 5],11,53,55,42,37
1,<environment.Job instance at 0x7f87e928d3c0>,22,2,[2 9],23,55,57,32,43
1,<environment.Job instance at 0x7f8830f97e60>,19,18,[8 4],20,57,75,37,46
1,<environment.Job instance at 0x7f87e928da00>,25,17,[2 9],26,75,92,49,63
1,<environment.Job instance at 0x7f87e9297c30>,33,12,[6 1],34,76,88,42,76
1,<environment.Job instance at 0x7f87e92976e0>,34,14,[2 9],35,92,106,57,77
1,<environment.Job instance at 0x7f87e92a6aa0>,39,16,[ 2 10],40,106,122,66,93
1,<environment.Job instance at 0x7f87e92a66e0>,40,2,[3 9],41,122,124,81,95
1,<environment.Job instance at 0x7f87e9280aa0>,42,3,[8 5],43,124,127,81,106
1,<environment.Job instance at 0x7f87e929ef00>,44,1,[4 9],45,127,128,82,106
1,<environment.Job instance at 0x7f87e92a97d0>,45,1,[4 9],46,128,129,82,106
1,<environment.Job instance at 0x7f87e92a9460>,46,3,[9 3],47,129,132,82,109
1,<environment.Job instance at 0x7f882e92c8c0>,48,13,[4 5],49,132,145,83,116
1,<environment.Job instance at 0x7f882e989370>,50,13,[9 1],51,145,158,94,129
1,<environment.Job instance at 0x7f882e989aa0>,53,17,[ 4 10],54,158,175,104,146
1,<environment.Job instance at 0x7f8831528730>,64,12,[ 5 10],65,175,187,110,158
1,<environment.Job instance at 0x7f87e906d9b0>,71,18,[6 5],72,187,205,115,181
1,<environment.Job instance at 0x7f8831504f50>,78,3,[1 8],79,205,208,126,202
1,<environment.Job instance at 0x7f882ed27eb0>,79,17,[8 3],80,208,225,128,202
1,<environment.Job instance at 0x7f88315048c0>,83,18,[2 7],84,208,226,124,203
1,<environment.Job instance at 0x7f88313a65f0>,84,3,[9 2],85,205,208,120,203
1,<environment.Job instance at 0x7f88313a6c80>,85,15,[10  1],86,226,241,140,212
1,<environment.Job instance at 0x7f882eda0dc0>,4,18,[8 1],5,5,23,0,5
1,<environment.Job instance at 0x7f87e8ad8e10>,5,1,[1 6],6,7,8,1,7
1,<environment.Job instance at 0x7f87e933d5f0>,8,1,[3 7],9,23,24,14,9
1,<environment.Job instance at 0x7f882ea66960>,9,14,[ 5 10],10,24,38,14,10
1,<environment.Job instance at 0x7f8833cba410>,26,17,[10  5],27,73,90,46,73
1,<environment.Job instance at 0x7f882ec55730>,30,12,[4 7],31,90,102,59,82
1,<environment.Job instance at 0x7f8831198be0>,39,17,[9 1],40,127,144,87,127
1,<environment.Job instance at 0x7f88311985a0>,44,15,[5 9],45,144,159,99,130
1,<environment.Job instance at 0x7f87e8ce9eb0>,45,13,[1 9],46,130,143,84,130
1,<environment.Job instance at 0x7f87e8ce9640>,49,16,[9 2],50,159,175,109,147
1,<environment.Job instance at 0x7f87e8e179b0>,58,14,[3 5],59,175,189,116,163
1,<environment.Job instance at 0x7f87e8e17280>,59,16,[6 3],60,175,191,115,163
1,<environment.Job instance at 0x7f88313a3550>,61,13,[6 4],62,191,204,129,180
1,<environment.Job instance at 0x7f87e8bb9d20>,69,14,[ 2 10],70,205,219,135,205
1,<environment.Job instance at 0x7f88313a3dc0>,64,14,[7 5],65,219,233,154,206
1,<environment.Job instance at 0x7f8830fcc6e0>,6,13,[6 4],7,11,24,4,11
1,<environment.Job instance at 0x7f882ed17550>,11,18,[7 5],12,24,42,12,13
1,<environment.Job instance at 0x7f87e897f370>,16,17,[6 5],17,42,59,25,30
1,<environment.Job instance at 0x7f87e897f690>,17,18,[9 5],18,59,77,41,49
1,<environment.Job instance at 0x7f87e897f3c0>,23,13,[3 9],24,77,90,53,61
1,<environment.Job instance at 0x7f882ed17f00>,9,18,[7 1],10,77,95,67,66
1,<environment.Job instance at 0x7f87e8aa92d0>,29,16,[3 8],30,90,106,60,80
1,<environment.Job instance at 0x7f87e8aa9730>,28,2,[9 2],29,119,121,90,119
1,<environment.Job instance at 0x7f87e8aa9e10>,34,2,[ 3 10],35,123,125,88,123
1,<environment.Job instance at 0x7f87e8aa9be0>,35,1,[9 1],36,125,126,89,125
1,<environment.Job instance at 0x7f87e8aa9af0>,33,18,[6 3],34,127,145,93,127
1,<environment.Job instance at 0x7f87e8aa9280>,37,3,[10  4],38,145,148,107,128
1,<environment.Job instance at 0x7f87e8aa9050>,38,12,[9 2],39,148,160,109,131
1,<environment.Job instance at 0x7f87e8bfe9b0>,48,17,[6 1],49,160,177,111,148
1,<environment.Job instance at 0x7f87e8bfe730>,50,1,[5 1],51,177,178,126,153
1,<environment.Job instance at 0x7f87e8d54780>,52,1,[2 8],53,160,161,107,153
1,<environment.Job instance at 0x7f87e8d549b0>,53,1,[ 3 10],54,178,179,124,153
1,<environment.Job instance at 0x7f87e8d54a50>,54,12,[1 8],55,161,173,106,153
1,<environment.Job instance at 0x7f87e8d540f0>,57,14,[5 3],58,179,193,121,164
1,<environment.Job instance at 0x7f87e8d54fa0>,59,16,[4 7],60,179,195,119,175
1,<environment.Job instance at 0x7f87e8d548c0>,61,14,[8 4],62,195,209,133,180
1,<environment.Job instance at 0x7f87e8d54280>,66,15,[4 5],67,209,224,142,195
1,<environment.Job instance at 0x7f87e8d54460>,67,17,[6 2],68,209,226,141,197
1,<environment.Job instance at 0x7f87e8aad500>,79,15,[9 4],80,226,241,146,212
1,<environment.Job instance at 0x7f87e897f870>,3,16,[6 3],4,4,20,0,4
1,<environment.Job instance at 0x7f8831198460>,5,13,[5 5],6,20,33,14,6
1,<environment.Job instance at 0x7f8831154af0>,17,18,[6 1],18,33,51,15,28
1,<environment.Job instance at 0x7f882e9a4c30>,24,15,[4 7],25,40,55,15,40
1,<environment.Job instance at 0x7f882e9a4b90>,25,16,[7 4],26,55,71,29,49
1,<environment.Job instance at 0x7f87e911edc0>,30,17,[1 6],31,57,74,26,57
1,<environment.Job instance at 0x7f882e9caa00>,35,16,[10  3],36,74,90,38,72
1,<environment.Job instance at 0x7f882e9cae60>,36,15,[7 3],37,90,105,53,79
1,<environment.Job instance at 0x7f87e8fcf3c0>,13,3,[2 6],14,90,93,76,90
1,<environment.Job instance at 0x7f883136d500>,42,2,[10  3],43,105,107,62,91
1,<environment.Job instance at 0x7f882e9ca3c0>,41,2,[8 5],42,107,109,65,94
1,<environment.Job instance at 0x7f87e8ee2b90>,44,15,[10  3],45,109,124,64,95
1,<environment.Job instance at 0x7f882ed4a780>,45,1,[7 1],46,124,125,78,112
1,<environment.Job instance at 0x7f87e8b6a780>,16,15,[5 3],17,125,140,108,112
1,<environment.Job instance at 0x7f88313610f0>,50,15,[1 5],51,124,139,73,122
1,<environment.Job instance at 0x7f88313618c0>,52,1,[1 8],53,140,141,87,122
1,<environment.Job instance at 0x7f88313a0050>,53,17,[8 4],54,141,158,87,129
1,<environment.Job instance at 0x7f882ed57eb0>,57,16,[7 2],58,158,174,100,145
1,<environment.Job instance at 0x7f87e8ef5190>,48,15,[10  5],49,174,189,125,165
1,<environment.Job instance at 0x7f8830ffac30>,67,1,[6 1],68,189,190,121,173
1,<environment.Job instance at 0x7f8830ffad20>,69,1,[ 1 10],70,190,191,120,178
1,<environment.Job instance at 0x7f882e99e500>,43,25,[6 2],44,191,216,147,187
1,<environment.Job instance at 0x7f883102ef00>,74,2,[ 5 10],75,216,218,141,189
1,<environment.Job instance at 0x7f883102e050>,78,2,[3 9],79,218,220,139,199
1,<environment.Job instance at 0x7f8831493fa0>,79,3,[5 5],80,220,223,140,200
1,<environment.Job instance at 0x7f8830ffa910>,68,14,[10  4],69,223,237,154,213
1,<environment.Job instance at 0x7f8830ffa1e0>,73,1,[4 7],74,237,238,163,219
1,<environment.Job instance at 0x7f87e8c271e0>,1,2,[9 1],2,2,4,0,2
1,<environment.Job instance at 0x7f8833cfa9b0>,9,13,[7 2],10,16,29,6,16
1,<environment.Job instance at 0x7f883164f230>,11,1,[3 9],12,29,30,17,16
1,<environment.Job instance at 0x7f883164f320>,12,1,[7 1],13,29,30,16,16
1,<environment.Job instance at 0x7f882e95b6e0>,14,3,[8 5],15,30,33,15,16
1,<environment.Job instance at 0x7f882e95b5a0>,13,14,[10  5],14,33,47,19,18
1,<environment.Job instance at 0x7f8831079d70>,21,3,[6 4],22,47,50,25,29
1,<environment.Job instance at 0x7f8830f85d70>,23,18,[6 2],24,50,68,26,39
1,<environment.Job instance at 0x7f87e8fcb730>,25,3,[1 7],26,50,53,24,39
1,<environment.Job instance at 0x7f882e95bfa0>,15,15,[1 7],16,53,68,37,41
1,<environment.Job instance at 0x7f87e8fcb050>,26,2,[5 7],27,68,70,41,41
1,<environment.Job instance at 0x7f88313449b0>,36,14,[6 2],37,70,84,33,60
1,<environment.Job instance at 0x7f883141de60>,40,15,[8 2],41,84,99,43,70
1,<environment.Job instance at 0x7f88312ffe10>,55,12,[10  3],56,99,111,43,82
1,<environment.Job instance at 0x7f87e92f5be0>,59,12,[7 5],60,111,123,51,95
1,<environment.Job instance at 0x7f8831040910>,63,18,[6 3],64,123,141,59,122
1,<environment.Job instance at 0x7f8831040aa0>,66,2,[6 5],67,141,143,74,124
1,<environment.Job instance at 0x7f87e905c460>,67,3,[7 3],68,143,146,75,124
1,<environment.Job instance at 0x7f87e905c8c0>,68,14,[5 1],69,146,160,77,131
1,<environment.Job instance at 0x7f882ec817d0>,71,13,[3 7],72,143,156,71,131
1,<environment.Job instance at 0x7f87e8adc960>,77,16,[10  2],78,160,176,82,150
1,<environment.Job instance at 0x7f88313c1e10>,85,16,[9 5],86,183,199,97,183
1,<environment.Job instance at 0x7f88313c1690>,86,17,[7 5],87,199,216,112,187
1,<environment.Job instance at 0x7f88313c10a0>,96,14,[5 5],97,216,230,119,201
1,<environment.Job instance at 0x7f87e8ab6730>,2,2,[7 5],3,3,5,0,3
1,<environment.Job instance at 0x7f882e80daf0>,3,15,[ 1 10],4,5,20,1,4
1,<environment.Job instance at 0x7f882e80d910>,5,14,[3 9],6,20,34,14,6
1,<environment.Job instance at 0x7f87e89e5410>,12,1,[4 6],13,34,35,21,23
1,<environment.Job instance at 0x7f87e89ca8c0>,9,18,[9 3],10,35,53,25,24
1,<environment.Job instance at 0x7f87e89e58c0>,13,18,[9 4],14,53,71,39,42
1,<environment.Job instance at 0x7f87e89cab40>,11,1,[1 7],12,44,45,32,44
1,<environment.Job instance at 0x7f87e89e5960>,14,3,[ 3 10],15,71,74,56,45
1,<environment.Job instance at 0x7f87e89e5aa0>,20,12,[9 5],21,74,86,53,57
1,<environment.Job instance at 0x7f87e8c73370>,31,2,[4 9],32,86,88,54,66
1,<environment.Job instance at 0x7f87e8c73c80>,32,12,[5 5],33,88,100,55,71
1,<environment.Job instance at 0x7f87e8c73eb0>,35,1,[9 1],36,100,101,64,79
1,<environment.Job instance at 0x7f882ed0d410>,38,3,[8 5],39,101,104,62,90
1,<environment.Job instance at 0x7f882ed0d050>,39,12,[10  1],40,104,116,64,91
1,<environment.Job instance at 0x7f882ed0d320>,41,3,[ 5 10],42,116,119,74,103
1,<environment.Job instance at 0x7f882ed0d820>,44,15,[9 1],45,119,134,74,109
1,<environment.Job instance at 0x7f882ecb7f00>,50,14,[8 2],51,134,148,83,134
1,<environment.Job instance at 0x7f882ecb75a0>,51,18,[10  3],52,148,166,96,137
1,<environment.Job instance at 0x7f882ecb76e0>,58,15,[2 5],59,166,181,107,152
1,<environment.Job instance at 0x7f882eb25f00>,63,16,[7 5],64,166,182,102,165
1,<environment.Job instance at 0x7f882ecb7e60>,53,15,[5 8],54,182,197,128,168
1,<environment.Job instance at 0x7f882eb252d0>,72,18,[8 1],73,197,215,124,192
1,<environment.Job instance at 0x7f882eb254b0>,73,3,[2 8],74,202,205,128,202
1,<environment.Job instance at 0x7f87e89d4640>,78,12,[4 6],79,215,227,136,202
1,<environment.Job instance at 0x7f882eb250f0>,80,2,[3 6],81,227,229,146,209
1,<environment.Job instance at 0x7f87e89d44b0>,79,13,[7 1],80,227,240,147,214
1,<environment.Job instance at 0x7f882eb58f50>,4,13,[2 9],5,5,18,0,5
1,<environment.Job instance at 0x7f882eb58780>,7,14,[4 7],8,18,32,10,8
1,<environment.Job instance at 0x7f882eb6baa0>,11,18,[9 1],12,32,50,20,21
1,<environment.Job instance at 0x7f882eb6b460>,14,3,[5 4],15,50,53,35,24
1,<environment.Job instance at 0x7f882eb6b0a0>,17,2,[ 4 10],18,53,55,35,26
1,<environment.Job instance at 0x7f882eb3eeb0>,21,18,[1 7],22,55,73,33,46
1,<environment.Job instance at 0x7f882eb6beb0>,18,14,[8 3],19,55,69,36,47
1,<environment.Job instance at 0x7f882eb3ee10>,26,3,[5 9],27,73,76,46,65
1,<environment.Job instance at 0x7f882eb3eb40>,24,18,[4 8],25,76,94,51,67
1,<environment.Job instance at 0x7f882eb3e3c0>,29,12,[4 7],30,94,106,64,78
1,<environment.Job instance at 0x7f882eb5b960>,32,15,[7 5],33,106,121,73,96
1,<environment.Job instance at 0x7f882eb5b640>,38,15,[4 7],39,121,136,82,110
1,<environment.Job instance at 0x7f883111c320>,48,13,[6 4],49,136,149,87,120
1,<environment.Job instance at 0x7f883111cf50>,52,1,[4 8],53,153,154,100,153
1,<environment.Job instance at 0x7f883111c0f0>,53,1,[6 3],54,154,155,100,153
1,<environment.Job instance at 0x7f883112f690>,55,1,[8 2],56,155,156,99,153
1,<environment.Job instance at 0x7f883112f3c0>,57,1,[10  3],58,156,157,98,155
1,<environment.Job instance at 0x7f883112ff00>,58,3,[8 4],59,157,160,98,155
1,<environment.Job instance at 0x7f883112f8c0>,59,15,[8 4],60,160,175,100,158
1,<environment.Job instance at 0x7f883111c2d0>,51,18,[2 5],52,165,183,113,165
1,<environment.Job instance at 0x7f883112f5f0>,60,16,[10  3],61,183,199,122,174
1,<environment.Job instance at 0x7f8831118780>,71,2,[5 6],72,199,201,127,192
1,<environment.Job instance at 0x7f88311188c0>,72,15,[6 4],73,201,216,128,193
1,<environment.Job instance at 0x7f88310fab90>,78,3,[8 3],79,216,219,137,195
1,<environment.Job instance at 0x7f88310fa190>,82,16,[10  2],83,219,235,136,206
1,<environment.Job instance at 0x7fa080a80a00>,3,18,[ 3 10],4,4,22,0,4
1,<environment.Job instance at 0x7fa080a80f50>,14,12,[3 7],15,22,34,7,16
1,<environment.Job instance at 0x7fa080a854b0>,18,16,[8 5],19,34,50,15,26
1,<environment.Job instance at 0x7fa080a85a50>,24,3,[5 9],25,50,53,25,35
1,<environment.Job instance at 0x7fa080a85f50>,27,2,[6 4],28,53,55,25,38
1,<environment.Job instance at 0x7fa080a85e60>,29,13,[1 6],30,53,66,23,40
1,<environment.Job instance at 0x7fa080a886e0>,32,17,[9 3],33,55,72,22,43
1,<environment.Job instance at 0x7fa080a88b40>,37,14,[5 5],38,72,86,34,57
1,<environment.Job instance at 0x7fa080a8a140>,42,14,[8 4],43,86,100,43,71
1,<environment.Job instance at 0x7fa080a80e10>,9,17,[ 4 10],10,100,117,90,88
1,<environment.Job instance at 0x7fa087dd5910>,7,3,[8 4],8,8,11,0,8
1,<environment.Job instance at 0x7fa087dd5b90>,5,17,[4 7],6,11,28,5,8
1,<environment.Job instance at 0x7fa087dd50f0>,11,2,[9 2],12,28,30,16,12
1,<environment.Job instance at 0x7fa087dd58c0>,8,1,[5 7],9,30,31,21,13
1,<environment.Job instance at 0x7fa087dd5190>,14,12,[6 1],15,31,43,16,19
1,<environment.Job instance at 0x7fa087dd6280>,15,13,[3 5],16,31,44,15,19
1,<environment.Job instance at 0x7fa087dd6320>,16,3,[ 2 10],17,44,47,27,19
1,<environment.Job instance at 0x7fa087dd5870>,9,14,[ 2 10],10,47,61,37,34
1,<environment.Job instance at 0x7fa087dd60a0>,19,13,[7 2],20,61,74,41,50
1,<environment.Job instance at 0x7fa087dd6410>,22,14,[9 1],23,74,88,51,59
1,<environment.Job instance at 0x7fa087dd64b0>,13,15,[1 5],14,61,76,47,59
1,<environment.Job instance at 0x7fa087dd4910>,30,2,[10  3],31,88,90,57,61
1,<environment.Job instance at 0x7fa087dd40a0>,32,3,[10  1],33,90,93,57,64
1,<environment.Job instance at 0x7fa087dd4e10>,38,12,[3 5],39,93,105,54,80
1,<environment.Job instance at 0x7fa087dd4b40>,43,12,[4 9],44,105,117,61,97
1,<environment.Job instance at 0x7fa087dd5140>,4,14,[1 7],5,117,131,112,104
1,<environment.Job instance at 0x7fa03cd7f870>,3,17,[5 6],4,4,21,0,4
1,<environment.Job instance at 0x7fa03cd7a230>,7,3,[7 4],8,21,24,13,9
1,<environment.Job instance at 0x7fa03cd7a910>,9,3,[5 3],10,10,13,0,10
1,<environment.Job instance at 0x7fa03cd7a410>,12,2,[4 8],13,24,26,11,13
1,<environment.Job instance at 0x7fa03cd7a280>,14,12,[6 1],15,24,36,9,21
1,<environment.Job instance at 0x7fa03cd7a320>,15,14,[9 1],16,36,50,20,21
1,<environment.Job instance at 0x7fa03cd7a460>,16,15,[9 2],17,50,65,33,36
1,<environment.Job instance at 0x7fa03cd785f0>,25,15,[5 3],26,65,80,39,51
1,<environment.Job instance at 0x7fa03cd6f500>,29,14,[8 1],30,80,94,50,65
1,<environment.Job instance at 0x7fa03cd6fd70>,30,16,[9 3],31,94,110,63,81
1,<environment.Job instance at 0x7fa03cd6f0f0>,36,18,[1 6],37,86,104,49,86
1,<environment.Job instance at 0x7fa03cd6f5f0>,39,3,[1 7],40,104,107,64,87
1,<environment.Job instance at 0x7fa03cdc2f50>,41,16,[5 4],42,110,126,68,98
1,<environment.Job instance at 0x7fa03cdc2910>,42,2,[4 9],43,126,128,83,99
1,<environment.Job instance at 0x7fa03cd577d0>,48,12,[3 9],49,128,140,79,119
1,<environment.Job instance at 0x7fa03cd7ae10>,1,16,[1 9],2,2,18,0,2
1,<environment.Job instance at 0x7fa03ce32550>,2,16,[6 2],3,18,34,15,5
1,<environment.Job instance at 0x7fa03ce42050>,7,17,[3 8],8,18,35,10,9
1,<environment.Job instance at 0x7fa03cd87c80>,14,13,[1 9],15,35,48,20,19
1,<environment.Job instance at 0x7fa03ce42370>,13,15,[4 8],14,48,63,34,37
1,<environment.Job instance at 0x7fa03d1dcb90>,22,1,[ 5 10],23,63,64,40,37
1,<environment.Job instance at 0x7fa03d1dcdc0>,24,1,[9 4],25,64,65,39,37
1,<environment.Job instance at 0x7fa03d1dcb40>,28,14,[4 7],29,65,79,36,50
1,<environment.Job instance at 0x7fa03d0531e0>,34,12,[5 7],35,79,91,44,62
1,<environment.Job instance at 0x7fa03cd87960>,18,18,[4 6],19,91,109,72,81
1,<environment.Job instance at 0x7fa03ce58820>,41,3,[8 2],42,109,112,67,93
1,<environment.Job instance at 0x7fa03ce581e0>,43,3,[5 4],44,95,98,51,95
1,<environment.Job instance at 0x7fa03ce58af0>,37,2,[9 3],38,112,114,74,99
1,<environment.Job instance at 0x7fa03ce58c30>,42,14,[8 4],43,114,128,71,100
1,<environment.Job instance at 0x7fa03ce588c0>,47,3,[4 9],48,128,131,80,116
1,<environment.Job instance at 0x7fa03ce58fa0>,48,2,[ 3 10],49,131,133,82,116
1,<environment.Job instance at 0x7fa03ce32640>,4,17,[10  2],5,7,24,2,7
1,<environment.Job instance at 0x7fa03d2620a0>,7,1,[1 6],8,24,25,16,8
1,<environment.Job instance at 0x7fa03d13d690>,10,17,[2 9],11,25,42,14,18
1,<environment.Job instance at 0x7fa03cd873c0>,13,12,[5 1],14,24,36,10,18
1,<environment.Job instance at 0x7fa03d21d4b0>,17,18,[ 1 10],18,42,60,24,31
1,<environment.Job instance at 0x7fa03d21dfa0>,19,1,[9 2],20,60,61,40,34
1,<environment.Job instance at 0x7fa03d16d870>,20,2,[4 5],21,61,63,40,34
1,<environment.Job instance at 0x7fa03d16d550>,21,1,[8 3],22,63,64,41,35
1,<environment.Job instance at 0x7fa03d16dc30>,22,1,[3 8],23,64,65,41,36
1,<environment.Job instance at 0x7fa03cd87730>,14,13,[5 9],15,65,78,50,63
1,<environment.Job instance at 0x7fa03d17c2d0>,29,12,[5 4],30,78,90,48,64
1,<environment.Job instance at 0x7fa03d17c370>,30,15,[7 4],31,90,105,59,76
1,<environment.Job instance at 0x7fa03d17c0a0>,31,13,[3 6],32,88,101,56,88
1,<environment.Job instance at 0x7fa03d17c640>,33,12,[3 8],34,105,117,71,88
1,<environment.Job instance at 0x7fa03d17ca50>,37,3,[4 9],38,117,120,79,96
1,<environment.Job instance at 0x7fa03d17cb40>,39,16,[9 4],40,120,136,80,108
1,<environment.Job instance at 0x7fa03d17cb90>,41,16,[7 4],42,136,152,94,124
1,<environment.Job instance at 0x7fa03d17cdc0>,45,3,[6 4],46,152,155,106,128
1,<environment.Job instance at 0x7fa03d17ce60>,46,17,[2 6],47,136,153,89,128
1,<environment.Job instance at 0x7fa03d178870>,4,17,[1 9],5,5,22,0,5
1,<environment.Job instance at 0x7fa03ce32be0>,9,12,[1 8],10,22,34,12,11
1,<environment.Job instance at 0x7fa080f2f690>,17,14,[3 5],18,35,49,17,35
1,<environment.Job instance at 0x7fa080c34140>,20,1,[9 5],21,49,50,28,38
1,<environment.Job instance at 0x7fa080f2f960>,19,1,[8 5],20,50,51,30,39
1,<environment.Job instance at 0x7fa080f2fc80>,14,18,[10  2],15,51,69,36,40
1,<environment.Job instance at 0x7fa080c34190>,24,1,[3 7],25,69,70,44,41
1,<environment.Job instance at 0x7fa080c341e0>,25,2,[7 1],26,41,43,15,41
1,<environment.Job instance at 0x7fa087a0f640>,27,14,[4 7],28,70,84,42,55
1,<environment.Job instance at 0x7fa087a0f0a0>,31,16,[6 2],32,69,85,37,63
1,<environment.Job instance at 0x7fa080d30870>,36,13,[3 6],37,84,97,47,68
1,<environment.Job instance at 0x7fa080d30be0>,39,14,[5 7],40,97,111,57,82
1,<environment.Job instance at 0x7fa080e5f460>,43,18,[9 2],44,111,129,67,100
1,<environment.Job instance at 0x7fa080e5f690>,47,1,[4 8],48,129,130,81,107
1,<environment.Job instance at 0x7fa03d2f5d20>,6,15,[7 3],7,7,22,0,7
1,<environment.Job instance at 0x7fa080ddf5f0>,9,1,[8 5],10,22,23,12,10
1,<environment.Job instance at 0x7fa080ddfe10>,10,14,[2 8],11,23,37,12,11
1,<environment.Job instance at 0x7fa087932b90>,13,2,[3 5],14,14,16,0,14
1,<environment.Job instance at 0x7fa03d3508c0>,17,14,[7 1],18,23,37,5,21
1,<environment.Job instance at 0x7fa080b21b40>,19,17,[4 8],20,37,54,17,25
1,<environment.Job instance at 0x7fa080b21cd0>,23,15,[7 4],24,54,69,30,40
1,<environment.Job instance at 0x7fa0879aac80>,26,15,[6 2],27,69,84,42,55
1,<environment.Job instance at 0x7fa03ce580a0>,30,13,[ 4 10],31,84,97,53,68
1,<environment.Job instance at 0x7fa03ce58cd0>,36,2,[3 5],37,72,74,35,72
1,<environment.Job instance at 0x7fa03ce58b40>,35,1,[5 7],36,97,98,61,73
1,<environment.Job instance at 0x7fa080ddfc80>,11,15,[10  3],12,98,113,86,88
1,<environment.Job instance at 0x7fa080b4acd0>,43,1,[2 8],44,113,114,69,97
1,<environment.Job instance at 0x7fa080b4a500>,45,17,[6 3],46,114,131,68,104
1,<environment.Job instance at 0x7fa080b4a960>,44,12,[3 5],45,114,126,69,108
1,<environment.Job instance at 0x7fa080e63af0>,4,12,[2 9],5,5,17,0,5
1,<environment.Job instance at 0x7fa03ceb1be0>,5,16,[2 6],6,17,33,11,6
1,<environment.Job instance at 0x7fa080e6b820>,17,13,[ 1 10],18,33,46,15,20
1,<environment.Job instance at 0x7fa080e6be10>,21,18,[3 8],22,46,64,24,35
1,<environment.Job instance at 0x7fa0808b3820>,13,12,[8 5],14,76,88,62,76
1,<environment.Job instance at 0x7fa03cf21eb0>,29,3,[9 2],30,88,91,58,79
1,<environment.Job instance at 0x7fa03d29c500>,31,3,[10  4],32,91,94,59,79
1,<environment.Job instance at 0x7fa087864c30>,32,2,[6 4],33,94,96,61,79
1,<environment.Job instance at 0x7fa03d35d7d0>,34,2,[1 9],35,96,98,61,81
1,<environment.Job instance at 0x7fa087870c30>,35,18,[ 3 10],36,98,116,62,87
1,<environment.Job instance at 0x7fa03cce3a00>,43,18,[8 1],44,116,134,72,105
1,<environment.Job instance at 0x7fa03cc950a0>,22,2,[6 3],23,134,136,111,133
1,<environment.Job instance at 0x7fa03cd054b0>,6,13,[8 3],7,8,21,1,8
1,<environment.Job instance at 0x7fa03d2b4d20>,8,14,[2 7],9,9,23,0,9
1,<environment.Job instance at 0x7fa03d2b45a0>,13,16,[3 5],14,23,39,9,21
1,<environment.Job instance at 0x7fa03d334500>,16,13,[1 6],17,40,53,23,40
1,<environment.Job instance at 0x7fa03d3345f0>,17,14,[10  3],18,53,67,35,40
1,<environment.Job instance at 0x7fa03d3344b0>,19,3,[9 3],20,40,43,20,40
1,<environment.Job instance at 0x7fa03d2b47d0>,10,2,[9 4],11,43,45,32,41
1,<environment.Job instance at 0x7fa03d342870>,23,1,[5 2],24,67,68,43,55
1,<environment.Job instance at 0x7fa03d2b4820>,11,18,[5 7],12,67,85,55,56
1,<environment.Job instance at 0x7fa03d342f50>,26,13,[8 4],27,85,98,58,70
1,<environment.Job instance at 0x7fa0878ae8c0>,31,1,[5 5],32,98,99,66,73
1,<environment.Job instance at 0x7fa0878ae640>,33,2,[ 4 10],34,99,101,65,73
1,<environment.Job instance at 0x7fa0878aecd0>,34,2,[5 3],35,73,75,38,73
1,<environment.Job instance at 0x7fa0878ae0a0>,32,12,[8 5],33,101,113,68,87
1,<environment.Job instance at 0x7fa08731d6e0>,40,3,[9 1],41,113,116,72,92
1,<environment.Job instance at 0x7fa08731d2d0>,43,17,[1 8],44,113,130,69,101
1,<environment.Job instance at 0x7fa0878ae690>,35,15,[5 7],36,130,145,94,130
1,<environment.Job instance at 0x7fa03d259cd0>,48,12,[ 2 10],49,145,157,96,130
1,<environment.Job instance at 0x7fa03cf3fb40>,3,13,[9 5],4,6,19,2,6
1,<environment.Job instance at 0x7fa0809461e0>,7,2,[5 2],8,19,21,11,8
1,<environment.Job instance at 0x7fa0808cb320>,4,15,[ 1 10],5,21,36,16,10
1,<environment.Job instance at 0x7fa03d36f690>,9,3,[8 5],10,36,39,26,18
1,<environment.Job instance at 0x7fa03d04ed70>,16,15,[ 5 10],17,39,54,22,25
1,<environment.Job instance at 0x7fa08736c500>,23,18,[4 8],24,54,72,30,43
1,<environment.Job instance at 0x7fa080c0ae60>,28,12,[5 6],29,72,84,43,57
1,<environment.Job instance at 0x7fa080a1a780>,13,14,[3 6],14,84,98,70,83
1,<environment.Job instance at 0x7fa03d2ec5f0>,33,3,[9 4],34,98,101,64,83
1,<environment.Job instance at 0x7fa03d2ecc30>,36,14,[8 1],37,101,115,64,87
1,<environment.Job instance at 0x7fa03d2ec280>,32,3,[1 7],33,101,104,68,87
1,<environment.Job instance at 0x7fa03d2eca00>,38,1,[2 5],39,104,105,65,87
1,<environment.Job instance at 0x7fa03cfef640>,48,3,[9 1],49,115,118,66,101
1,<environment.Job instance at 0x7fa080a1ae60>,14,25,[1 7],15,105,130,90,101
1,<environment.Job instance at 0x7fa03cfeff50>,47,18,[6 2],48,118,136,70,107
1,<environment.Job instance at 0x7fa03cc38460>,5,2,[9 3],6,15,17,9,15
1,<environment.Job instance at 0x7fa080a2f7d0>,4,1,[2 5],5,17,18,12,15
1,<environment.Job instance at 0x7fa08086daf0>,8,14,[3 8],9,18,32,9,15
1,<environment.Job instance at 0x7fa03d342550>,9,3,[3 6],10,32,35,22,15
1,<environment.Job instance at 0x7fa03d342a00>,10,3,[7 3],11,32,35,21,15
1,<environment.Job instance at 0x7fa080bede10>,12,12,[3 8],13,35,47,22,18
1,<environment.Job instance at 0x7fa08744fd20>,3,15,[6 5],4,47,62,43,43
1,<environment.Job instance at 0x7fa03ceff780>,20,18,[4 6],21,62,80,41,51
1,<environment.Job instance at 0x7fa03d2a6b90>,23,1,[8 5],24,80,81,56,52
1,<environment.Job instance at 0x7fa03cc687d0>,24,15,[5 7],25,81,96,56,67
1,<environment.Job instance at 0x7fa03d3da140>,26,14,[ 5 10],27,109,123,82,109
1,<environment.Job instance at 0x7fa03cc82370>,31,14,[5 4],32,123,137,91,109
1,<environment.Job instance at 0x7fa03cc82690>,30,1,[6 5],31,137,138,106,115
1,<environment.Job instance at 0x7fa03cf4b2d0>,34,1,[5 7],35,138,139,103,115
1,<environment.Job instance at 0x7fa080bed960>,11,17,[5 7],12,139,156,127,136
1,<environment.Job instance at 0x7fa03ced0780>,40,14,[8 4],41,156,170,115,143
1,<environment.Job instance at 0x7fa03cfefb40>,44,12,[4 7],45,170,182,125,153
1,<environment.Job instance at 0x7fa03d0df640>,43,18,[6 1],44,170,188,126,166
1,<environment.Job instance at 0x7fa08748ea50>,7,18,[3 6],8,9,27,1,9
1,<environment.Job instance at 0x7fa08748e3c0>,10,18,[5 9],11,27,45,16,16
1,<environment.Job instance at 0x7fa03ce3feb0>,19,14,[9 5],20,45,59,25,30
1,<environment.Job instance at 0x7fa080946730>,12,3,[4 9],13,59,62,46,33
1,<environment.Job instance at 0x7fa03ce1b4b0>,23,1,[7 1],24,62,63,38,40
1,<environment.Job instance at 0x7fa08748eaf0>,11,3,[1 6],12,62,65,50,40
1,<environment.Job instance at 0x7fa03ce1b8c0>,30,12,[7 2],31,67,79,36,67
1,<environment.Job instance at 0x7fa03ce1b9b0>,32,3,[1 9],33,79,82,46,68
1,<environment.Job instance at 0x7fa03ce1bd70>,36,14,[9 2],37,82,96,45,69
1,<environment.Job instance at 0x7fa080946190>,13,18,[ 1 10],14,96,114,82,85
1,<environment.Job instance at 0x7fa03ce1bfa0>,39,3,[4 9],40,114,117,74,90
1,<environment.Job instance at 0x7fa03ce1c410>,43,3,[1 8],44,117,120,73,101
1,<environment.Job instance at 0x7fa03ce1c1e0>,44,3,[5 2],45,117,120,72,102
1,<environment.Job instance at 0x7fa03ce1ba50>,31,13,[1 9],32,120,133,88,105
1,<environment.Job instance at 0x7fa03ce1c460>,46,1,[4 7],47,133,134,86,106
1,<environment.Job instance at 0x7fa03ce1c500>,47,1,[7 4],48,134,135,86,106
1,<environment.Job instance at 0x7fa03ce1c280>,48,17,[2 7],49,135,152,86,123
1,<environment.Job instance at 0x7fa03ce1c140>,1,3,[5 9],2,2,5,0,2
1,<environment.Job instance at 0x7fa03ce1c960>,5,13,[3 9],6,6,19,0,6
1,<environment.Job instance at 0x7fa03ce1c6e0>,8,17,[2 6],9,19,36,10,10
1,<environment.Job instance at 0x7fa0878868c0>,13,17,[5 3],14,19,36,5,14
1,<environment.Job instance at 0x7fa087886280>,15,13,[8 5],16,36,49,20,21
1,<environment.Job instance at 0x7fa0876f3550>,16,13,[3 9],17,49,62,32,33
1,<environment.Job instance at 0x7fa0876f3230>,28,13,[6 1],29,49,62,20,43
1,<environment.Job instance at 0x7fa03ce1cdc0>,12,15,[10  1],13,62,77,49,48
1,<environment.Job instance at 0x7fa087894050>,32,13,[ 5 10],33,77,90,44,61
1,<environment.Job instance at 0x7fa03ce45b40>,41,2,[2 9],42,90,92,48,77
1,<environment.Job instance at 0x7fa03ce45a00>,42,2,[7 3],43,92,94,49,77
1,<environment.Job instance at 0x7fa03ce45960>,43,3,[8 1],44,94,97,50,78
1,<environment.Job instance at 0x7fa03d104a00>,38,17,[7 2],39,97,114,58,85
1,<environment.Job instance at 0x7fa0809c78c0>,1,2,[5 7],2,2,4,0,2
1,<environment.Job instance at 0x7fa03ce1baf0>,2,1,[4 6],3,4,5,1,3
1,<environment.Job instance at 0x7fa0809ceb40>,3,1,[4 9],4,5,6,1,4
1,<environment.Job instance at 0x7fa0809ce690>,4,12,[3 5],5,6,18,1,6
1,<environment.Job instance at 0x7fa03d0448c0>,12,15,[10  1],13,18,33,5,14
1,<environment.Job instance at 0x7fa03d0445f0>,16,14,[1 7],17,33,47,16,20
1,<environment.Job instance at 0x7fa03d044e10>,23,16,[8 5],24,47,63,23,35
1,<environment.Job instance at 0x7fa03d044eb0>,26,15,[10  4],27,63,78,36,49
1,<environment.Job instance at 0x7fa03cb5ca50>,29,2,[9 1],30,78,80,48,67
1,<environment.Job instance at 0x7fa03d044050>,19,16,[5 3],20,80,96,60,67
1,<environment.Job instance at 0x7fa03cb5c190>,31,12,[5 6],32,80,92,48,68
1,<environment.Job instance at 0x7fa03cb5c8c0>,36,12,[1 5],37,92,104,55,75
1,<environment.Job instance at 0x7fa03cb5c050>,38,14,[9 1],39,96,110,57,81
1,<environment.Job instance at 0x7fa03cb5ce60>,40,1,[9 4],41,110,111,69,87
1,<environment.Job instance at 0x7fa03cb5c460>,43,3,[10  3],44,111,114,67,87
1,<environment.Job instance at 0x7fa03cb5cfa0>,44,3,[3 6],45,114,117,69,88
1,<environment.Job instance at 0x7fa03d2bcfa0>,45,1,[8 4],46,117,118,71,89
1,<environment.Job instance at 0x7fa03cb5c370>,32,3,[1 9],33,104,107,71,89
1,<environment.Job instance at 0x7fa080d39050>,3,16,[5 3],4,4,20,0,4
1,<environment.Job instance at 0x7fa03d044550>,4,17,[5 1],5,5,22,0,5
1,<environment.Job instance at 0x7fa03ce1bf50>,7,12,[7 2],8,22,34,14,8
1,<environment.Job instance at 0x7fa03cb535a0>,11,3,[5 2],12,34,37,22,23
1,<environment.Job instance at 0x7fa03cd07910>,16,2,[3 6],17,23,25,6,23
1,<environment.Job instance at 0x7fa03cd07640>,17,15,[4 6],18,34,49,16,23
1,<environment.Job instance at 0x7fa03cd07e10>,18,2,[5 8],19,49,51,30,25
1,<environment.Job instance at 0x7fa03cb53640>,12,17,[9 4],13,51,68,38,39
1,<environment.Job instance at 0x7fa080e41820>,22,2,[8 4],23,68,70,45,41
1,<environment.Job instance at 0x7fa080e6c050>,26,3,[8 3],27,72,75,45,72
1,<environment.Job instance at 0x7fa080e6c460>,27,1,[10  5],28,75,76,47,72
1,<environment.Job instance at 0x7fa080e6c5a0>,29,1,[5 1],30,76,77,46,76
1,<environment.Job instance at 0x7fa080e6c690>,30,12,[1 7],31,76,88,45,76
1,<environment.Job instance at 0x7fa080e6c550>,32,17,[ 2 10],33,88,105,55,76
1,<environment.Job instance at 0x7fa080e6c730>,37,3,[8 1],38,77,80,39,77
1,<environment.Job instance at 0x7fa080e6ca00>,36,13,[4 7],37,105,118,68,89
1,<environment.Job instance at 0x7fa080e6ce10>,40,24,[10  4],41,118,142,77,114
1,<environment.Job instance at 0x7fa080e6a190>,48,3,[8 3],49,142,145,93,118
1,<environment.Job instance at 0x7fa080e488c0>,1,18,[4 8],2,4,22,2,4
1,<environment.Job instance at 0x7fa080e6a870>,6,12,[2 7],7,22,34,15,7
1,<environment.Job instance at 0x7fa080e6af50>,3,3,[8 4],4,34,37,30,11
1,<environment.Job instance at 0x7fa080e6a960>,7,14,[ 4 10],8,37,51,29,22
1,<environment.Job instance at 0x7fa03cc88d20>,14,3,[7 4],15,51,54,36,26
1,<environment.Job instance at 0x7fa03cc883c0>,15,2,[4 5],16,54,56,38,27
1,<environment.Job instance at 0x7fa03cc88c80>,18,17,[9 5],19,56,73,37,44
1,<environment.Job instance at 0x7fa03cc88a50>,22,3,[4 8],23,73,76,50,53
1,<environment.Job instance at 0x7fa03cc88500>,21,16,[5 7],22,76,92,54,63
1,<environment.Job instance at 0x7fa03cc28eb0>,34,13,[5 3],35,76,89,41,75
1,<environment.Job instance at 0x7fa03cc88190>,23,13,[5 5],24,92,105,68,77
1,<environment.Job instance at 0x7fa03cc28f50>,36,14,[6 4],37,105,119,68,90
1,<environment.Job instance at 0x7fa087389f50>,40,13,[5 3],41,90,103,49,90
1,<environment.Job instance at 0x7fa080e6ab90>,8,18,[4 6],9,105,123,96,105
1,<environment.Job instance at 0x7fa0873890f0>,42,17,[6 4],43,119,136,76,107
1,<environment.Job instance at 0x7fa087389870>,43,12,[7 4],44,136,148,92,122
1,<environment.Job instance at 0x7fa0876cf4b0>,2,16,[ 3 10],3,3,19,0,3
1,<environment.Job instance at 0x7fa03ce3f0f0>,9,18,[9 5],10,19,37,9,10
1,<environment.Job instance at 0x7fa0873d7b40>,12,13,[9 4],13,37,50,24,21
1,<environment.Job instance at 0x7fa0873d73c0>,16,13,[5 5],17,50,63,33,34
1,<environment.Job instance at 0x7fa08744fcd0>,23,1,[10  1],24,63,64,39,53
1,<environment.Job instance at 0x7fa03d30a6e0>,24,17,[9 2],25,64,81,39,53
1,<environment.Job instance at 0x7fa03d30a230>,29,14,[5 1],30,81,95,51,81
1,<environment.Job instance at 0x7fa08733d500>,13,12,[2 6],14,81,93,67,81
1,<environment.Job instance at 0x7fa03cc88d70>,31,1,[7 3],32,95,96,63,81
1,<environment.Job instance at 0x7fa03d30ae10>,30,3,[5 7],31,96,99,65,81
1,<environment.Job instance at 0x7fa087499820>,34,14,[9 1],35,99,113,64,84
1,<environment.Job instance at 0x7fa03d306280>,39,1,[2 5],40,113,114,73,103
1,<environment.Job instance at 0x7fa087a581e0>,32,18,[4 7],33,114,132,81,103
1,<environment.Job instance at 0x7fa03cc495f0>,41,1,[6 5],42,132,133,90,127
1,<environment.Job instance at 0x7fa03cf04b40>,6,13,[3 9],7,133,146,126,127
1,<environment.Job instance at 0x7fa03cc49c30>,44,2,[9 3],45,146,148,101,127
1,<environment.Job instance at 0x7fa03d14f870>,46,13,[9 3],47,148,161,101,133
1,<environment.Job instance at 0x7fa087a65be0>,48,16,[9 4],49,161,177,112,149
1,<environment.Job instance at 0x7fa03ccf94b0>,9,18,[6 4],10,35,53,25,35
1,<environment.Job instance at 0x7fa080d7f820>,11,13,[6 3],12,53,66,41,37
1,<environment.Job instance at 0x7fa03d3bfd20>,18,15,[7 3],19,66,81,47,52
1,<environment.Job instance at 0x7fa0872c7eb0>,24,18,[5 6],25,81,99,56,73
1,<environment.Job instance at 0x7fa080ada870>,5,14,[ 1 10],6,99,113,93,85
1,<environment.Job instance at 0x7fa0876c9870>,29,3,[10  5],30,113,116,83,89
1,<environment.Job instance at 0x7fa0876ad9b0>,32,15,[5 9],33,116,131,83,102
1,<environment.Job instance at 0x7fa03cc18870>,37,2,[6 3],38,131,133,93,110
1,<environment.Job instance at 0x7fa080f16e10>,38,2,[2 8],39,133,135,94,110
1,<environment.Job instance at 0x7fa087816370>,40,2,[5 4],41,135,137,94,115
1,<environment.Job instance at 0x7fa0878162d0>,41,2,[3 8],42,137,139,95,115
1,<environment.Job instance at 0x7fa087816910>,42,1,[6 3],43,139,140,96,115
1,<environment.Job instance at 0x7fa087816b90>,45,2,[ 2 10],46,140,142,94,117
1,<environment.Job instance at 0x7fa087816690>,46,2,[7 1],47,133,135,86,117
1,<environment.Job instance at 0x7fa087439d70>,6,18,[7 4],7,145,163,138,145
1,<environment.Job instance at 0x7fa03cc280f0>,4,13,[2 6],5,164,177,159,164
1,<environment.Job instance at 0x7fa088003690>,2,2,[3 6],3,3,5,0,3
1,<environment.Job instance at 0x7fa088003500>,1,18,[10  5],2,8,26,6,8
1,<environment.Job instance at 0x7fa0875e5960>,12,3,[5 9],13,26,29,13,13
1,<environment.Job instance at 0x7fa0875e5690>,13,16,[8 1],14,29,45,15,17
1,<environment.Job instance at 0x7fa087a95960>,20,15,[2 8],21,29,44,8,27
1,<environment.Job instance at 0x7fa0875e56e0>,15,23,[8 4],16,45,68,29,43
1,<environment.Job instance at 0x7fa03d0ff460>,28,3,[2 7],29,68,71,39,56
1,<environment.Job instance at 0x7fa0875cfd20>,32,1,[5 1],33,68,69,35,56
1,<environment.Job instance at 0x7fa0875cffa0>,33,16,[9 4],34,71,87,37,58
1,<environment.Job instance at 0x7fa0875cf0f0>,41,12,[3 7],42,87,99,45,76
1,<environment.Job instance at 0x7fa0875cf7d0>,47,1,[7 3],48,99,100,51,99
1,<environment.Job instance at 0x7fa0875cfb90>,43,3,[10  3],44,119,122,75,119
1,<environment.Job instance at 0x7fa080fa5730>,1,18,[3 8],2,2,20,0,2
1,<environment.Job instance at 0x7fa080b5ae60>,7,15,[7 4],8,20,35,12,8
1,<environment.Job instance at 0x7fa0875d3140>,12,3,[1 8],13,35,38,22,15
1,<environment.Job instance at 0x7fa080cc1410>,15,15,[3 5],16,20,35,4,16
1,<environment.Job instance at 0x7fa03cb87730>,16,3,[7 4],17,38,41,21,17
1,<environment.Job instance at 0x7fa0809645a0>,14,3,[1 5],15,38,41,23,20
1,<environment.Job instance at 0x7fa08726c960>,19,2,[5 1],20,35,37,15,21
1,<environment.Job instance at 0x7fa0876ae3c0>,20,2,[10  5],21,41,43,20,22
1,<environment.Job instance at 0x7fa080e41c80>,21,3,[9 1],22,43,46,21,23
1,<environment.Job instance at 0x7fa08082c780>,24,13,[4 8],25,46,59,21,30
1,<environment.Job instance at 0x7fa03cf6b7d0>,22,13,[9 1],23,59,72,36,43
1,<environment.Job instance at 0x7fa08082c3c0>,26,12,[9 5],27,72,84,45,56
1,<environment.Job instance at 0x7fa080d12500>,32,13,[2 9],33,84,97,51,72
1,<environment.Job instance at 0x7fa03d1fd050>,35,18,[7 5],36,97,115,61,91
1,<environment.Job instance at 0x7fa03d2ddbe0>,45,3,[5 6],46,115,118,69,112
1,<environment.Job instance at 0x7fa080dc7e10>,44,18,[10  2],45,118,136,73,112
1,<environment.Job instance at 0x7fa03d2dd500>,46,1,[2 6],47,136,137,89,126
1,<environment.Job instance at 0x7f4fe7c64500>,0,18,[ 2 10],1,1,19,0,1
1,<environment.Job instance at 0x7f4fe0856e10>,8,17,[ 2 10],9,19,36,10,10
1,<environment.Job instance at 0x7f4fe0856f50>,10,1,[7 3],11,36,37,25,18
1,<environment.Job instance at 0x7f4fe085b050>,12,3,[6 3],13,37,40,24,18
1,<environment.Job instance at 0x7f4fe085b320>,17,3,[10  3],18,40,43,22,21
1,<environment.Job instance at 0x7f4fe085b0a0>,13,13,[1 8],14,43,56,29,28
1,<environment.Job instance at 0x7f4fe085beb0>,27,2,[6 4],28,56,58,28,45
1,<environment.Job instance at 0x7f4fe085bcd0>,28,2,[5 9],29,58,60,29,45
1,<environment.Job instance at 0x7f4fe085e0f0>,29,13,[1 6],30,60,73,30,45
1,<environment.Job instance at 0x7f4fe085e410>,35,16,[8 1],36,60,76,24,55
1,<environment.Job instance at 0x7f4fe085ea00>,38,12,[3 6],39,76,88,37,69
1,<environment.Job instance at 0x7f4fe0856b90>,7,14,[5 1],8,76,90,68,75
1,<environment.Job instance at 0x7f4fe085e230>,32,17,[9 3],33,90,107,57,78
1,<environment.Job instance at 0x7f4fe085ebe0>,41,14,[6 1],42,107,121,65,92
1,<environment.Job instance at 0x7f4fe0861370>,46,3,[5 4],47,121,124,74,95
1,<environment.Job instance at 0x7f4fe0861230>,47,1,[2 6],48,107,108,59,95
1,<environment.Job instance at 0x7f4fe08614b0>,49,2,[1 9],50,108,110,58,95
1,<environment.Job instance at 0x7f4fe0861050>,54,14,[1 7],55,124,138,69,124
1,<environment.Job instance at 0x7f4fe08613c0>,45,16,[6 2],46,124,140,78,124
1,<environment.Job instance at 0x7f4fe0861f00>,57,3,[8 4],58,140,143,82,126
1,<environment.Job instance at 0x7f4fe0861fa0>,58,1,[5 7],59,143,144,84,126
1,<environment.Job instance at 0x7f4fe0861d20>,55,17,[4 7],56,144,161,88,135
1,<environment.Job instance at 0x7f4fe08615f0>,51,2,[4 9],52,163,165,111,163
1,<environment.Job instance at 0x7f4fe7c92d70>,5,13,[3 5],6,6,19,0,6
1,<environment.Job instance at 0x7f4fe7c92f50>,6,3,[ 2 10],7,19,22,12,7
1,<environment.Job instance at 0x7f4fe7c92a00>,12,14,[9 1],13,22,36,9,21
1,<environment.Job instance at 0x7f4fe7c928c0>,14,1,[6 2],15,36,37,21,21
1,<environment.Job instance at 0x7f4fe7c92d20>,16,13,[1 5],17,22,35,5,21
1,<environment.Job instance at 0x7f4fe7c923c0>,9,13,[7 2],10,37,50,27,22
1,<environment.Job instance at 0x7f4fe7c92500>,19,17,[2 7],20,36,53,16,25
1,<environment.Job instance at 0x7f4fe7c929b0>,20,2,[10  3],21,53,55,32,26
1,<environment.Job instance at 0x7f4fe7ddc550>,26,3,[5 6],27,55,58,28,44
1,<environment.Job instance at 0x7f4fe7ddcb40>,27,2,[ 4 10],28,58,60,30,45
1,<environment.Job instance at 0x7f4fe7de19b0>,29,13,[7 2],30,60,73,30,46
1,<environment.Job instance at 0x7f4fe7de1b40>,36,2,[4 8],37,73,75,36,63
1,<environment.Job instance at 0x7f4fe7de1d70>,37,3,[5 3],38,75,78,37,63
1,<environment.Job instance at 0x7f4fe7de1e10>,38,12,[10  1],39,78,90,39,71
1,<environment.Job instance at 0x7f4fe7dd8370>,43,17,[5 6],44,90,107,46,90
1,<environment.Job instance at 0x7f4fe7dd8190>,46,12,[2 6],47,107,119,60,90
1,<environment.Job instance at 0x7f4fe7de1e60>,39,2,[10  4],40,119,121,79,110
1,<environment.Job instance at 0x7f4fe7dd9dc0>,49,3,[5 3],50,112,115,62,112
1,<environment.Job instance at 0x7f4fe7dd9910>,52,2,[4 8],53,129,131,76,129
1,<environment.Job instance at 0x7f4fe7dd9230>,53,3,[1 6],54,131,134,77,129
1,<environment.Job instance at 0x7f4fe7dd95f0>,55,14,[9 1],56,131,145,75,131
1,<environment.Job instance at 0x7f4fe7dd9eb0>,56,15,[9 2],57,145,160,88,132
1,<environment.Job instance at 0x7f4f9cb8f190>,3,3,[1 5],4,6,9,2,6
1,<environment.Job instance at 0x7f4f9cb8f7d0>,8,16,[7 1],9,9,25,0,9
1,<environment.Job instance at 0x7f4f9cb8f730>,5,15,[5 3],6,25,40,19,11
1,<environment.Job instance at 0x7f4f9cb8f9b0>,12,3,[8 5],13,40,43,27,17
1,<environment.Job instance at 0x7f4f9cc26be0>,21,16,[5 4],22,43,59,21,38
1,<environment.Job instance at 0x7f4f9cc26550>,23,16,[6 4],24,59,75,35,48
1,<environment.Job instance at 0x7f4f9cc59140>,30,13,[2 6],31,52,65,21,52
1,<environment.Job instance at 0x7f4f9cc26af0>,27,3,[ 2 10],28,75,78,47,73
1,<environment.Job instance at 0x7f4f9cc593c0>,39,3,[4 8],40,78,81,38,74
1,<environment.Job instance at 0x7f4f9cc59410>,38,16,[3 9],39,81,97,42,75
1,<environment.Job instance at 0x7f4f9cc594b0>,47,18,[5 2],48,105,123,57,105
1,<environment.Job instance at 0x7f4f9cc51eb0>,57,13,[ 4 10],58,129,142,71,129
1,<environment.Job instance at 0x7f4f9cc24230>,3,1,[3 9],4,4,5,0,4
1,<environment.Job instance at 0x7f4f9cc2a960>,7,2,[9 3],8,10,12,2,10
1,<environment.Job instance at 0x7f4fe7c911e0>,9,17,[9 2],10,12,29,2,11
1,<environment.Job instance at 0x7f4fe7c91dc0>,11,3,[8 2],12,29,32,17,12
1,<environment.Job instance at 0x7f4fe7c916e0>,12,14,[8 4],13,32,46,19,18
1,<environment.Job instance at 0x7f4fe7c91050>,8,14,[8 5],9,46,60,37,31
1,<environment.Job instance at 0x7f4fe7c91910>,18,2,[ 3 10],19,60,62,41,45
1,<environment.Job instance at 0x7f4f9cfed140>,26,13,[5 1],27,62,75,35,46
1,<environment.Job instance at 0x7f4f9cfed8c0>,27,1,[1 6],28,62,63,34,46
1,<environment.Job instance at 0x7f4f9cfeddc0>,30,17,[2 9],31,63,80,32,55
1,<environment.Job instance at 0x7f4f9cfed5a0>,32,17,[10  4],33,80,97,47,68
1,<environment.Job instance at 0x7f4f9cb63820>,36,16,[7 2],37,97,113,60,84
1,<environment.Job instance at 0x7f4f9cb63c30>,39,1,[9 2],40,113,114,73,90
1,<environment.Job instance at 0x7f4f9cb63730>,40,2,[4 5],41,114,116,73,91
1,<environment.Job instance at 0x7f4f9cb636e0>,41,1,[8 3],42,116,117,74,91
1,<environment.Job instance at 0x7f4f9cb639b0>,42,1,[3 8],43,97,98,54,91
1,<environment.Job instance at 0x7f4f9cb63690>,43,15,[5 6],44,117,132,73,103
1,<environment.Job instance at 0x7f4f9cb63e60>,46,15,[ 5 10],47,132,147,85,118
1,<environment.Job instance at 0x7f4f9cefae60>,50,15,[7 4],51,147,162,96,133
1,<environment.Job instance at 0x7f4f9cefabe0>,54,14,[8 5],55,162,176,107,148
1,<environment.Job instance at 0x7f4f9cc2e780>,55,12,[2 6],56,149,161,93,149
1,<environment.Job instance at 0x7f4f9cc2e870>,56,3,[7 5],57,176,179,119,150
1,<environment.Job instance at 0x7f4f9cc2e7d0>,57,3,[4 9],58,179,182,121,153
1,<environment.Job instance at 0x7f4f9cc2e820>,2,3,[3 9],3,4,7,1,4
1,<environment.Job instance at 0x7f4f9cc51050>,4,15,[9 5],5,7,22,2,5
1,<environment.Job instance at 0x7f4f9cc2f690>,8,12,[9 2],9,22,34,13,9
1,<environment.Job instance at 0x7f4f9cc25690>,13,14,[3 5],14,34,48,20,27
1,<environment.Job instance at 0x7f4f9cc258c0>,12,13,[2 5],13,58,71,45,58
1,<environment.Job instance at 0x7f4f9cc2f910>,11,3,[1 8],12,71,74,59,58
1,<environment.Job instance at 0x7f4f9cc2a7d0>,7,16,[2 8],8,74,90,66,61
1,<environment.Job instance at 0x7f4f9cf4e730>,28,21,[5 1],29,64,85,35,64
1,<environment.Job instance at 0x7f4f9cf4e780>,30,1,[9 5],31,90,91,59,65
1,<environment.Job instance at 0x7f4f9cf4eaf0>,33,18,[7 5],34,91,109,57,84
1,<environment.Job instance at 0x7f4f9cf4ee10>,36,14,[5 4],37,109,123,72,95
1,<environment.Job instance at 0x7f4f9cf4ebe0>,39,13,[5 7],40,123,136,83,107
1,<environment.Job instance at 0x7f4f9cf5b370>,46,13,[3 6],47,109,122,62,107
1,<environment.Job instance at 0x7f4f9cf5b5f0>,50,13,[7 4],51,136,149,85,120
1,<environment.Job instance at 0x7f4f9cf5b870>,54,18,[ 5 10],55,149,167,94,138
1,<environment.Job instance at 0x7f4f9cf5b1e0>,58,15,[2 5],59,167,182,108,161
1,<environment.Job instance at 0x7f4f9cc2e280>,1,2,[3 8],2,2,4,0,2
1,<environment.Job instance at 0x7f4f9cc2aaa0>,4,1,[3 8],5,5,6,0,5
1,<environment.Job instance at 0x7f4f9cf4cfa0>,10,14,[2 8],11,11,25,0,11
1,<environment.Job instance at 0x7f4f9cf4cf50>,11,15,[10  3],12,25,40,13,12
1,<environment.Job instance at 0x7f4f9cf4c820>,12,2,[7 1],13,23,25,10,23
1,<environment.Job instance at 0x7f4f9cf4c230>,16,2,[6 5],17,40,42,23,27
1,<environment.Job instance at 0x7f4f9cf4c7d0>,17,14,[7 1],18,42,56,24,28
1,<environment.Job instance at 0x7f4f9ce29eb0>,18,3,[5 1],19,56,59,37,30
1,<environment.Job instance at 0x7f4f9ce29d20>,23,15,[7 4],24,59,74,35,45
1,<environment.Job instance at 0x7f4fe78331e0>,28,2,[1 7],29,51,53,22,51
1,<environment.Job instance at 0x7f4fe7833500>,29,3,[8 4],30,74,77,44,51
1,<environment.Job instance at 0x7f4fe7833aa0>,30,13,[ 4 10],31,77,90,46,61
1,<environment.Job instance at 0x7f4f9cf4c8c0>,15,2,[4 6],16,90,92,74,72
1,<environment.Job instance at 0x7f4fe7833af0>,33,13,[2 5],34,92,105,58,77
1,<environment.Job instance at 0x7f4fe7833820>,35,1,[5 7],36,105,106,69,77
1,<environment.Job instance at 0x7f4fe0a94640>,38,14,[10  4],39,106,120,67,96
1,<environment.Job instance at 0x7f4fe0a4e500>,45,17,[6 3],46,120,137,74,112
1,<environment.Job instance at 0x7f4fe0a945f0>,42,20,[7 3],43,137,157,94,129
1,<environment.Job instance at 0x7f4fe0a4e910>,47,2,[5 9],48,157,159,109,131
1,<environment.Job instance at 0x7f4fe0a4e9b0>,50,1,[2 5],51,131,132,80,131
1,<environment.Job instance at 0x7f4fe0a4ee60>,49,1,[4 6],50,132,133,82,131
1,<environment.Job instance at 0x7f4fe0a4ef50>,51,14,[3 6],52,133,147,81,133
1,<environment.Job instance at 0x7f4fe70460f0>,56,15,[10  5],57,159,174,102,145
1,<environment.Job instance at 0x7f4f9cc2e4b0>,0,1,[5 1],1,1,2,0,1
1,<environment.Job instance at 0x7f4f9cc2e9b0>,2,2,[1 5],3,3,5,0,3
1,<environment.Job instance at 0x7f4f9ccb58c0>,9,18,[ 2 10],10,12,30,2,12
1,<environment.Job instance at 0x7f4fe0c3a140>,16,15,[4 9],17,30,45,13,24
1,<environment.Job instance at 0x7f4f9ccb5690>,14,2,[4 8],15,45,47,30,25
1,<environment.Job instance at 0x7f4fe06ff2d0>,19,3,[9 2],20,47,50,27,25
1,<environment.Job instance at 0x7f4fe06ffcd0>,21,3,[10  4],22,50,53,28,25
1,<environment.Job instance at 0x7f4fe07fc9b0>,24,2,[1 9],25,53,55,28,30
1,<environment.Job instance at 0x7f4f9cc2ea00>,10,17,[7 1],11,53,70,42,44
1,<environment.Job instance at 0x7f4f9ccd80f0>,27,13,[4 9],28,70,83,42,54
1,<environment.Job instance at 0x7f4fe07fc7d0>,20,18,[4 8],21,83,101,62,72
1,<environment.Job instance at 0x7f4f9d0e4870>,41,3,[3 7],42,101,104,59,96
1,<environment.Job instance at 0x7f4fe06ffe60>,15,20,[3 8],16,104,124,88,96
1,<environment.Job instance at 0x7f4f9d0e4640>,46,13,[8 3],47,124,137,77,117
1,<environment.Job instance at 0x7f4f9d0e40a0>,48,14,[2 7],49,124,138,75,120
1,<environment.Job instance at 0x7f4f9d0e4a50>,45,12,[4 7],46,138,150,92,122
1,<environment.Job instance at 0x7f4f9d0e43c0>,50,2,[9 4],51,150,152,99,123
1,<environment.Job instance at 0x7f4fe731ccd0>,54,3,[2 5],55,152,155,97,131
1,<environment.Job instance at 0x7f4f9d0e4370>,52,13,[8 1],53,152,165,99,137
1,<environment.Job instance at 0x7f4fe7c91a50>,3,1,[5 2],4,5,6,1,5
1,<environment.Job instance at 0x7f4fe70eb690>,5,16,[10  5],6,6,22,0,6
1,<environment.Job instance at 0x7f4f9cd40910>,10,17,[9 4],11,22,39,11,11
1,<environment.Job instance at 0x7f4f9cd40140>,11,1,[5 5],12,39,40,27,12
1,<environment.Job instance at 0x7f4f9cd40cd0>,13,2,[ 4 10],14,40,42,26,14
1,<environment.Job instance at 0x7f4f9cd405f0>,14,2,[5 3],15,42,44,27,15
1,<environment.Job instance at 0x7f4fe76401e0>,17,16,[2 6],18,42,58,24,30
1,<environment.Job instance at 0x7f4fe7671910>,16,13,[7 1],17,50,63,33,50
1,<environment.Job instance at 0x7f4fe767b2d0>,27,3,[10  3],28,63,66,35,52
1,<environment.Job instance at 0x7f4f9cfbf320>,28,12,[ 2 10],29,66,78,37,52
1,<environment.Job instance at 0x7f4f9cfb68c0>,34,15,[ 1 10],35,78,93,43,64
1,<environment.Job instance at 0x7f4f9cfd9e10>,29,16,[1 8],30,93,109,63,82
1,<environment.Job instance at 0x7f4f9cfb7af0>,47,13,[6 5],48,109,122,61,96
1,<environment.Job instance at 0x7f4f9cfacf00>,52,12,[4 9],53,122,134,69,109
1,<environment.Job instance at 0x7f4f9cfacdc0>,55,14,[7 3],56,134,148,78,121
1,<environment.Job instance at 0x7f4f9cfac460>,57,3,[5 6],58,148,151,90,139
1,<environment.Job instance at 0x7f4f9cfac370>,58,12,[5 6],59,151,163,92,146
1,<environment.Job instance at 0x7f4f9ce2a410>,5,19,[7 5],6,6,25,0,6
1,<environment.Job instance at 0x7f4f9ce2ae10>,8,1,[2 5],9,9,10,0,9
1,<environment.Job instance at 0x7f4f9ce2af00>,9,3,[4 8],10,25,28,15,10
1,<environment.Job instance at 0x7f4f9ce2a050>,10,14,[ 4 10],11,28,42,17,13
1,<environment.Job instance at 0x7f4f9ce2a0a0>,15,2,[7 5],16,42,44,26,27
1,<environment.Job instance at 0x7f4f9ce2a8c0>,17,18,[6 2],18,44,62,26,33
1,<environment.Job instance at 0x7f4fe0ade550>,24,1,[2 5],25,50,51,25,50
1,<environment.Job instance at 0x7f4fe0adef00>,26,14,[7 5],27,62,76,35,50
1,<environment.Job instance at 0x7f4f9ce2a870>,18,3,[9 1],19,76,79,57,50
1,<environment.Job instance at 0x7f4fe0ade870>,30,3,[7 3],31,79,82,48,53
1,<environment.Job instance at 0x7f4fe0ade230>,32,12,[3 8],33,82,94,49,70
1,<environment.Job instance at 0x7f4fe0ade2d0>,29,3,[3 6],30,94,97,64,83
1,<environment.Job instance at 0x7f4fe0affaa0>,38,1,[5 3],39,94,95,55,83
1,<environment.Job instance at 0x7f4fe0aff500>,39,17,[ 5 10],40,97,114,57,86
1,<environment.Job instance at 0x7f4fe0afff00>,44,15,[5 7],45,114,129,69,100
1,<environment.Job instance at 0x7f4fe0aff1e0>,51,14,[5 4],52,136,150,84,136
1,<environment.Job instance at 0x7f4fe0aff280>,50,1,[6 5],51,150,151,99,141
1,<environment.Job instance at 0x7f4fe069c280>,54,1,[5 7],55,159,160,104,159
1,<environment.Job instance at 0x7f4fe069c6e0>,58,15,[5 9],59,173,188,114,173
1,<environment.Job instance at 0x7f4fe7643730>,3,18,[6 1],4,4,22,0,4
1,<environment.Job instance at 0x7f4f9cfadc30>,4,12,[4 7],5,8,20,3,8
1,<environment.Job instance at 0x7f4f9d14c690>,9,1,[5 7],10,22,23,12,10
1,<environment.Job instance at 0x7f4f9d14ceb0>,13,12,[ 2 10],14,23,35,9,14
1,<environment.Job instance at 0x7f4f9ce526e0>,17,18,[3 6],18,35,53,17,24
1,<environment.Job instance at 0x7f4fe07dd410>,22,3,[4 9],23,53,56,30,34
1,<environment.Job instance at 0x7f4fe76c2140>,7,2,[2 6],8,56,58,48,34
1,<environment.Job instance at 0x7f4fe74a9be0>,25,12,[6 1],26,35,47,9,34
1,<environment.Job instance at 0x7f4f9c941f00>,19,1,[8 3],20,56,57,36,34
1,<environment.Job instance at 0x7f4fe0b84410>,26,2,[ 3 10],27,58,60,31,34
1,<environment.Job instance at 0x7f4fe0b84730>,28,2,[5 4],29,47,49,18,43
1,<environment.Job instance at 0x7f4fe0b84fa0>,29,14,[9 5],30,60,74,30,45
1,<environment.Job instance at 0x7f4fe0b84eb0>,30,1,[5 1],31,49,50,18,46
1,<environment.Job instance at 0x7f4fe0d046e0>,33,1,[7 1],34,57,58,23,55
1,<environment.Job instance at 0x7f4fe07fbf00>,38,16,[9 2],39,74,90,35,69
1,<environment.Job instance at 0x7f4fe07fbaa0>,40,12,[7 2],41,93,105,52,93
1,<environment.Job instance at 0x7f4fe07fb050>,41,13,[1 9],42,105,118,63,93
1,<environment.Job instance at 0x7f4fe07fb690>,42,3,[1 9],43,118,121,75,94
1,<environment.Job instance at 0x7f4fe0619be0>,46,14,[9 2],47,121,135,74,106
1,<environment.Job instance at 0x7f4fe07fb2d0>,45,3,[7 2],46,135,138,89,109
1,<environment.Job instance at 0x7f4fe0d04eb0>,36,17,[ 1 10],37,138,155,101,129
1,<environment.Job instance at 0x7f4fe07fb460>,1,3,[5 9],2,2,5,0,2
1,<environment.Job instance at 0x7f4f9d068b90>,2,2,[7 4],3,5,7,2,3
1,<environment.Job instance at 0x7f4fe0af6140>,6,18,[9 4],7,7,25,0,7
1,<environment.Job instance at 0x7f4fe7b5cdc0>,8,17,[2 6],9,25,42,16,13
1,<environment.Job instance at 0x7f4f9d2107d0>,13,17,[5 3],14,25,42,11,20
1,<environment.Job instance at 0x7f4fe7ba0d70>,10,1,[9 5],11,42,43,31,26
1,<environment.Job instance at 0x7f4f9d210b40>,15,13,[8 5],16,43,56,27,28
1,<environment.Job instance at 0x7f4f9c9ffe10>,19,3,[5 9],20,56,59,36,35
1,<environment.Job instance at 0x7f4f9c9ff780>,20,2,[6 4],21,59,61,38,35
1,<environment.Job instance at 0x7f4fe75d0d70>,23,14,[4 8],24,61,75,37,46
1,<environment.Job instance at 0x7f4fe75ce410>,28,13,[6 1],29,61,74,32,59
1,<environment.Job instance at 0x7f4fe7525a50>,29,13,[1 8],30,75,88,45,59
1,<environment.Job instance at 0x7f4fe75cedc0>,27,1,[3 6],28,88,89,60,63
1,<environment.Job instance at 0x7f4fe779fb90>,33,15,[6 1],34,74,89,40,71
1,<environment.Job instance at 0x7f4fe079a5f0>,36,2,[5 5],37,89,91,52,72
1,<environment.Job instance at 0x7f4fe0832690>,32,13,[ 5 10],33,91,104,58,80
1,<environment.Job instance at 0x7f4f9c931050>,41,2,[2 9],42,104,106,62,87
1,<environment.Job instance at 0x7f4fe77031e0>,39,16,[10  2],40,106,122,66,94
1,<environment.Job instance at 0x7f4f9c931910>,44,15,[7 3],45,122,137,77,108
1,<environment.Job instance at 0x7f4f9cbab690>,48,2,[4 5],49,137,139,88,113
1,<environment.Job instance at 0x7f4fe0645c30>,51,2,[5 7],52,139,141,87,130
1,<environment.Job instance at 0x7f4f9d176500>,53,1,[4 9],54,141,142,87,130
1,<environment.Job instance at 0x7f4f9d176320>,55,3,[9 2],56,142,145,86,130
1,<environment.Job instance at 0x7f4f9d176a50>,56,2,[8 4],57,145,147,88,130
1,<environment.Job instance at 0x7f4f9d176690>,57,3,[10  4],58,147,150,89,130
1,<environment.Job instance at 0x7f4f9cb13460>,5,3,[10  4],6,6,9,0,6
1,<environment.Job instance at 0x7f4fe751e9b0>,6,14,[1 7],7,9,23,2,8
1,<environment.Job instance at 0x7f4fe0d1c780>,10,18,[ 5 10],11,23,41,12,22
1,<environment.Job instance at 0x7f4f9cb3d5f0>,14,16,[9 4],15,41,57,26,28
1,<environment.Job instance at 0x7f4f9cd8e460>,20,14,[1 8],21,57,71,36,42
1,<environment.Job instance at 0x7f4f9cd8e690>,25,2,[3 5],26,71,73,45,44
1,<environment.Job instance at 0x7f4f9cd8e6e0>,26,12,[1 5],27,44,56,17,44
1,<environment.Job instance at 0x7f4f9cd8eaf0>,28,14,[9 1],29,57,71,28,44
1,<environment.Job instance at 0x7f4f9cd8ee10>,32,15,[6 2],33,71,86,38,59
1,<environment.Job instance at 0x7f4f9cd8eb40>,30,1,[9 4],31,86,87,55,86
1,<environment.Job instance at 0x7f4fe0d1c410>,9,16,[5 3],10,87,103,77,86
1,<environment.Job instance at 0x7f4f9cd78050>,42,1,[6 3],43,103,104,60,87
1,<environment.Job instance at 0x7f4f9cd780f0>,43,16,[5 3],44,87,103,43,87
1,<environment.Job instance at 0x7f4f9cd789b0>,44,17,[5 1],45,104,121,59,92
1,<environment.Job instance at 0x7f4f9cd78460>,40,2,[2 7],41,103,105,62,103
1,<environment.Job instance at 0x7f4f9cd78b40>,49,12,[4 6],50,105,117,55,103
1,<environment.Job instance at 0x7f4f9cd78be0>,50,13,[5 3],51,117,130,66,103
1,<environment.Job instance at 0x7f4f9cd78c80>,51,3,[5 2],52,121,124,69,104
1,<environment.Job instance at 0x7f4f9cd786e0>,53,3,[4 7],54,124,127,70,119
1,<environment.Job instance at 0x7f4f9cd78910>,56,2,[3 6],57,137,139,80,137
1,<environment.Job instance at 0x7f4f9cd7d320>,57,15,[4 6],58,139,154,81,137
1,<environment.Job instance at 0x7f4f9cd7d5a0>,7,1,[10  5],8,8,9,0,8
1,<environment.Job instance at 0x7f4f9cd7d910>,11,3,[6 4],12,12,15,0,12
1,<environment.Job instance at 0x7f4f9cd7da50>,12,17,[ 2 10],13,15,32,2,13
1,<environment.Job instance at 0x7f4f9cd7dcd0>,15,2,[6 3],16,32,34,16,16
1,<environment.Job instance at 0x7f4fe73c2eb0>,14,12,[9 1],15,34,46,19,17
1,<environment.Job instance at 0x7f4fe0655e10>,16,13,[4 7],17,46,59,29,45
1,<environment.Job instance at 0x7f4f9cd7deb0>,9,1,[5 1],10,48,49,38,48
1,<environment.Job instance at 0x7f4fe0655550>,25,2,[4 7],26,59,61,33,48
1,<environment.Job instance at 0x7f4fe08c4b40>,26,18,[6 3],27,49,67,22,48
1,<environment.Job instance at 0x7f4fe08c45f0>,27,1,[2 6],28,61,62,33,48
1,<environment.Job instance at 0x7f4fe08c4280>,28,3,[8 3],29,67,70,38,48
1,<environment.Job instance at 0x7f4fe08c49b0>,30,15,[10  4],31,70,85,39,61
1,<environment.Job instance at 0x7f4fe08c42d0>,32,15,[4 8],33,85,100,52,72
1,<environment.Job instance at 0x7f4fe08c4140>,29,19,[5 5],30,100,119,70,90
1,<environment.Job instance at 0x7f4fe08c4960>,37,14,[ 4 10],38,119,133,81,104
1,<environment.Job instance at 0x7f4f9d08aeb0>,44,3,[7 4],45,133,136,88,114
1,<environment.Job instance at 0x7f4f9d08ac80>,45,2,[4 5],46,114,116,68,114
1,<environment.Job instance at 0x7f4f9d08a0a0>,47,2,[7 4],48,136,138,88,121
1,<environment.Job instance at 0x7f4f9d08a690>,46,18,[10  2],47,138,156,91,127
1,<environment.Job instance at 0x7f4f9cb694b0>,52,3,[4 8],53,156,159,103,140
1,<environment.Job instance at 0x7f4f9cb692d0>,53,13,[5 5],54,159,172,105,143
1,<environment.Job instance at 0x7f4fe0b279b0>,56,1,[5 1],57,156,157,99,151
1,<environment.Job instance at 0x7f4fe0b27960>,55,14,[4 6],56,172,186,116,161
1,<environment.Job instance at 0x7f4fe0b27a00>,58,3,[2 6],59,186,189,127,161
1,<environment.Job instance at 0x7f4fe088d7d0>,6,14,[6 4],7,7,21,0,7
1,<environment.Job instance at 0x7f4fe088daa0>,8,17,[3 7],9,21,38,12,12
1,<environment.Job instance at 0x7f4fe088ddc0>,13,12,[7 4],14,38,50,24,21
1,<environment.Job instance at 0x7f4fe088d8c0>,15,1,[7 3],16,22,23,6,22
1,<environment.Job instance at 0x7f4fe088d730>,12,17,[6 4],13,50,67,37,38
1,<environment.Job instance at 0x7f4f9d096e10>,20,14,[ 2 10],21,67,81,46,53
1,<environment.Job instance at 0x7f4f9d0966e0>,27,2,[ 3 10],28,81,83,53,55
1,<environment.Job instance at 0x7f4f9d0960a0>,33,12,[2 6],34,83,95,49,66
1,<environment.Job instance at 0x7f4fe70fbc80>,36,13,[5 5],37,95,108,58,84
1,<environment.Job instance at 0x7f4f9d096d70>,28,18,[1 5],29,95,113,66,87
1,<environment.Job instance at 0x7f4fe08070f0>,44,17,[9 2],45,108,125,63,103
1,<environment.Job instance at 0x7f4f9d096b90>,22,16,[ 3 10],23,130,146,107,130
1,<environment.Job instance at 0x7f4fe0807dc0>,50,3,[5 7],51,146,149,95,131
1,<environment.Job instance at 0x7f4fe0807c30>,51,1,[7 3],52,149,150,97,133
1,<environment.Job instance at 0x7f4fe0807870>,53,18,[7 1],54,150,168,96,139
1,<environment.Job instance at 0x7f4fe0807f00>,45,18,[5 5],46,168,186,122,159
1,<environment.Job instance at 0x7f4fe0b27140>,5,18,[1 8],6,8,26,2,8
1,<environment.Job instance at 0x7f4fe0c3d190>,8,16,[9 4],9,26,42,17,15
1,<environment.Job instance at 0x7f4fe0c3d1e0>,10,14,[1 5],11,26,40,15,20
1,<environment.Job instance at 0x7f4f9cc26870>,15,14,[ 1 10],16,42,56,26,32
1,<environment.Job instance at 0x7f4fe0744190>,21,13,[6 3],22,65,78,43,65
1,<environment.Job instance at 0x7f4f9c957dc0>,28,15,[7 3],29,91,106,62,91
1,<environment.Job instance at 0x7f4f9c957e60>,29,17,[9 2],30,106,123,76,94
1,<environment.Job instance at 0x7f4f9c9564b0>,36,13,[8 2],37,123,136,86,112
1,<environment.Job instance at 0x7f4f9c956870>,42,15,[5 9],43,144,159,101,144
1,<environment.Job instance at 0x7f4f9c956c80>,48,2,[2 8],49,162,164,113,162
1,<environment.Job instance at 0x7f4f9c956b40>,46,25,[6 3],47,164,189,117,162
1,<environment.Job instance at 0x7f4f9c956be0>,47,2,[6 3],48,189,191,141,162
1,<environment.Job instance at 0x7f4f9c958320>,58,16,[7 2],59,191,207,132,184
1,<environment.Job instance at 0x7f4fe0b2f910>,2,2,[3 6],3,5,7,2,5
1,<environment.Job instance at 0x7f4f9c958e60>,4,3,[4 5],5,7,10,2,6
1,<environment.Job instance at 0x7f4fe7b5cd20>,6,3,[5 8],7,10,13,3,7
1,<environment.Job instance at 0x7f4fe7b5c0f0>,8,3,[6 1],9,13,16,4,9
1,<environment.Job instance at 0x7f4fe7b5c0a0>,9,3,[8 2],10,16,19,6,10
1,<environment.Job instance at 0x7f4fe7176cd0>,14,3,[2 7],15,24,27,9,24
1,<environment.Job instance at 0x7f4fe7176910>,15,23,[8 4],16,27,50,11,24
1,<environment.Job instance at 0x7f4fe7164550>,26,1,[7 4],27,50,51,23,42
1,<environment.Job instance at 0x7f4fe7176730>,17,20,[5 7],18,51,71,33,42
1,<environment.Job instance at 0x7f4fe71645f0>,28,3,[2 7],29,71,74,42,47
1,<environment.Job instance at 0x7f4fe7164a00>,32,1,[5 1],33,58,59,25,58
1,<environment.Job instance at 0x7f4fe7164a50>,34,13,[8 2],35,71,84,36,63
1,<environment.Job instance at 0x7f4fe71641e0>,29,18,[2 7],30,74,92,44,63
1,<environment.Job instance at 0x7f4fe7164780>,39,1,[8 1],40,84,85,44,65
1,<environment.Job instance at 0x7f4fe7164280>,35,1,[6 4],36,92,93,56,71
1,<environment.Job instance at 0x7f4fe0670870>,41,12,[3 7],42,93,105,51,76
1,<environment.Job instance at 0x7f4fe0670910>,49,18,[2 7],50,110,128,60,110
1,<environment.Job instance at 0x7f4fe0930870>,50,3,[5 3],51,110,113,59,110
1,<environment.Job instance at 0x7f4fe0930f50>,51,18,[3 8],52,128,146,76,117
1,<environment.Job instance at 0x7f4fe0670230>,40,24,[7 2],41,128,152,87,128
1,<environment.Job instance at 0x7f4fe0930c80>,56,16,[1 6],57,146,162,89,133
1,<environment.Job instance at 0x7f4fe70692d0>,7,13,[9 1],8,12,25,4,12
1,<environment.Job instance at 0x7f4fe7513a50>,10,2,[10  5],11,25,27,14,14
1,<environment.Job instance at 0x7f4fe075a870>,14,13,[4 8],15,27,40,12,15
1,<environment.Job instance at 0x7f4fe753bd70>,15,12,[2 8],16,40,52,24,23
1,<environment.Job instance at 0x7f4f9c970960>,17,17,[10  4],18,52,69,34,40
1,<environment.Job instance at 0x7f4fe740d280>,16,12,[9 5],17,69,81,52,56
1,<environment.Job instance at 0x7f4f9cdc9280>,31,1,[8 4],32,81,82,49,65
1,<environment.Job instance at 0x7f4fe09361e0>,32,1,[2 5],33,81,82,48,65
1,<environment.Job instance at 0x7f4f9ce37d20>,33,2,[ 4 10],34,82,84,48,65
1,<environment.Job instance at 0x7f4f9ce37640>,34,18,[10  2],35,84,102,49,73
1,<environment.Job instance at 0x7f4fe71a42d0>,39,17,[2 6],40,102,119,62,90
1,<environment.Job instance at 0x7f4f9ce2f550>,43,14,[ 5 10],44,119,133,75,104
1,<environment.Job instance at 0x7f4f9cc87280>,49,1,[4 5],50,133,134,83,107
1,<environment.Job instance at 0x7f4f9ce4d5f0>,50,13,[5 6],51,134,147,83,118
1,<environment.Job instance at 0x7f4f9d21c8c0>,55,15,[8 1],56,147,162,91,133
1,<environment.Job instance at 0x7f4f9ced6410>,3,17,[5 9],4,4,21,0,4
1,<environment.Job instance at 0x7f4f9cff3500>,9,14,[5 4],10,21,35,11,11
1,<environment.Job instance at 0x7f4f9cff3460>,10,12,[10  1],11,35,47,24,18
1,<environment.Job instance at 0x7f4f9cff3eb0>,13,12,[10  1],14,47,59,33,31
1,<environment.Job instance at 0x7f4f9d058a00>,21,13,[7 4],22,59,72,37,45
1,<environment.Job instance at 0x7f4fe746ddc0>,29,12,[4 6],30,72,84,42,55
1,<environment.Job instance at 0x7f4fe72c6dc0>,34,15,[5 6],35,84,99,49,75
1,<environment.Job instance at 0x7f4f9cf3e140>,38,12,[9 3],39,99,111,60,82
1,<environment.Job instance at 0x7f4f9cfb6410>,16,18,[8 1],17,111,129,94,108
1,<environment.Job instance at 0x7f4fe0ac4640>,7,25,[9 4],8,141,166,133,141
1,<environment.Job instance at 0x7f4f9cf45b40>,53,3,[8 2],54,166,169,112,143
1,<environment.Job instance at 0x7f4f9cf587d0>,57,3,[1 9],58,169,172,111,157
1,<environment.Job instance at 0x7f4f9cf581e0>,58,13,[4 6],59,172,185,113,159
1,<environment.Job instance at 0x7f4f9c9f6f50>,3,15,[3 9],4,4,19,0,4
1,<environment.Job instance at 0x7f4f9cac0d20>,8,17,[9 5],9,19,36,10,9
1,<environment.Job instance at 0x7f4fe7408690>,19,15,[3 9],20,36,51,16,22
1,<environment.Job instance at 0x7f4fe74265a0>,13,17,[9 1],14,51,68,37,39
1,<environment.Job instance at 0x7f4fe7408b90>,26,1,[5 5],27,68,69,41,40
1,<environment.Job instance at 0x7f4fe7408e60>,29,3,[9 3],30,69,72,39,43
1,<environment.Job instance at 0x7f4fe74260a0>,14,22,[4 9],15,78,100,63,78
1,<environment.Job instance at 0x7f4fe77b9b40>,33,3,[3 8],34,100,103,66,82
1,<environment.Job instance at 0x7f4fe7408190>,27,15,[6 2],28,100,115,72,86
1,<environment.Job instance at 0x7f4fe77b9280>,38,2,[6 3],39,115,117,76,88
1,<environment.Job instance at 0x7f4fe77b9a50>,39,2,[1 9],40,117,119,77,90
1,<environment.Job instance at 0x7f4fe0b7c5f0>,44,13,[2 7],45,119,132,74,106
1,<environment.Job instance at 0x7f4fe77b97d0>,37,12,[5 9],38,132,144,94,119
1,<environment.Job instance at 0x7f4fe0b7cf50>,49,3,[1 7],50,144,147,94,119
1,<environment.Job instance at 0x7f4fe77b9140>,34,12,[9 1],35,144,156,109,129
1,<environment.Job instance at 0x7f4fe0b7c9b0>,53,2,[2 7],54,156,158,102,129
1,<environment.Job instance at 0x7f4fe72fffa0>,54,3,[10  5],55,158,161,103,133
1,<environment.Job instance at 0x7f4fe0b7c960>,48,14,[6 4],49,161,175,112,146
1,<environment.Job instance at 0x7f4fe72ff280>,58,2,[4 6],59,161,163,102,159
1,<environment.Job instance at 0x7f4fe0d43c30>,2,14,[9 2],3,4,18,1,4
1,<environment.Job instance at 0x7f4fe0d435a0>,5,17,[5 3],6,18,35,12,6
1,<environment.Job instance at 0x7f4fe7644e60>,11,1,[5 4],12,18,19,6,18
1,<environment.Job instance at 0x7f4fe77b95a0>,3,16,[2 6],4,19,35,15,18
1,<environment.Job instance at 0x7f4fe0763f00>,9,2,[9 3],10,35,37,25,19
1,<environment.Job instance at 0x7f4fe7644910>,10,13,[4 6],11,37,50,26,21
1,<environment.Job instance at 0x7f4f9d18b230>,18,3,[10  2],19,50,53,31,25
1,<environment.Job instance at 0x7f4fe7540c80>,20,2,[4 6],21,53,55,32,33
1,<environment.Job instance at 0x7f4f9c915c30>,23,14,[ 2 10],24,55,69,31,42
1,<environment.Job instance at 0x7f4fe0d2e820>,25,2,[3 9],26,69,71,43,42
1,<environment.Job instance at 0x7f4fe72313c0>,26,2,[5 7],27,71,73,44,54
1,<environment.Job instance at 0x7f4fe7868c30>,28,3,[9 5],29,73,76,44,54
1,<environment.Job instance at 0x7f4f9cc4e6e0>,30,2,[8 4],31,76,78,45,55
1,<environment.Job instance at 0x7f4f9ccf65f0>,31,2,[3 9],32,78,80,46,55
1,<environment.Job instance at 0x7f4fe72294b0>,27,1,[8 1],28,80,81,52,55
1,<environment.Job instance at 0x7f4f9cc4e140>,33,16,[3 8],34,81,97,47,68
1,<environment.Job instance at 0x7f4f9cc4e730>,37,1,[10  2],38,97,98,59,75
1,<environment.Job instance at 0x7f4f9cc4ea00>,38,16,[3 8],39,98,114,59,85
1,<environment.Job instance at 0x7f4fe715fcd0>,41,12,[4 7],42,114,126,72,97
1,<environment.Job instance at 0x7f4f9cc4e910>,36,13,[5 7],37,126,139,89,110
1,<environment.Job instance at 0x7f4f9cd93820>,52,1,[1 8],53,139,140,86,138
1,<environment.Job instance at 0x7f4fe73b3870>,19,17,[5 7],20,141,158,121,141
1,<environment.Job instance at 0x7f4f9cd93be0>,54,2,[3 6],55,158,160,103,142
1,<environment.Job instance at 0x7f4fe0ab00f0>,56,1,[9 2],57,160,161,103,149
1,<environment.Job instance at 0x7f583425e230>,0,18,[ 2 10],1,1,19,0,1
1,<environment.Job instance at 0x7f582ce4f2d0>,3,18,[ 3 10],4,19,37,15,8
1,<environment.Job instance at 0x7f582ce4f780>,9,17,[ 4 10],10,37,54,27,25
1,<environment.Job instance at 0x7f582ce4fdc0>,18,16,[8 5],19,54,70,35,41
1,<environment.Job instance at 0x7f582ce4fc30>,20,1,[3 7],21,70,71,49,43
1,<environment.Job instance at 0x7f582ce4fe10>,21,3,[ 2 10],22,71,74,49,45
1,<environment.Job instance at 0x7f582ce4fd20>,24,3,[5 9],25,74,77,49,66
1,<environment.Job instance at 0x7f582ce51140>,25,3,[1 6],26,77,80,51,66
1,<environment.Job instance at 0x7f582ce51320>,27,2,[6 4],28,77,79,49,68
1,<environment.Job instance at 0x7f582ce51460>,28,2,[5 9],29,80,82,51,68
1,<environment.Job instance at 0x7f582ce51a50>,32,17,[9 3],33,82,99,49,74
1,<environment.Job instance at 0x7f582ce51af0>,33,2,[5 3],34,99,101,65,79
1,<environment.Job instance at 0x7f582ce512d0>,29,13,[1 6],30,82,95,52,80
1,<environment.Job instance at 0x7f582ce51e10>,40,1,[1 8],41,101,102,60,91
1,<environment.Job instance at 0x7f582ce551e0>,41,14,[6 1],42,101,115,59,91
1,<environment.Job instance at 0x7f582ce555f0>,46,3,[5 4],47,129,132,82,129
1,<environment.Job instance at 0x7f582ce55780>,47,1,[2 6],48,129,130,81,129
1,<environment.Job instance at 0x7f582ce51c30>,37,14,[5 5],38,130,144,92,129
1,<environment.Job instance at 0x7f582ce55a00>,51,2,[4 9],52,144,146,92,137
1,<environment.Job instance at 0x7f582ce55b40>,54,14,[1 7],55,146,160,91,137
1,<environment.Job instance at 0x7f582ce55f50>,59,14,[ 2 10],60,160,174,100,156
1,<environment.Job instance at 0x7f582ce575a0>,66,3,[ 2 10],67,174,177,107,160
1,<environment.Job instance at 0x7f582ce57050>,1,1,[8 2],2,2,3,0,2
1,<environment.Job instance at 0x7f582cf15af0>,2,14,[9 1],3,3,17,0,3
1,<environment.Job instance at 0x7f58343d3cd0>,14,12,[3 5],15,17,29,2,17
1,<environment.Job instance at 0x7f58343d36e0>,16,3,[5 6],17,29,32,12,17
1,<environment.Job instance at 0x7f58343d3370>,17,2,[ 4 10],18,32,34,14,18
1,<environment.Job instance at 0x7f58343c6d20>,19,13,[7 2],20,34,47,14,24
1,<environment.Job instance at 0x7f58343c6e60>,20,3,[7 2],21,25,28,4,25
1,<environment.Job instance at 0x7f58343c6f00>,23,12,[4 9],24,47,59,23,30
1,<environment.Job instance at 0x7f58343c5c30>,28,12,[10  1],29,59,71,30,45
1,<environment.Job instance at 0x7f5834289b90>,33,17,[5 6],34,72,89,38,72
1,<environment.Job instance at 0x7f5834289e10>,34,17,[5 4],35,72,89,37,72
1,<environment.Job instance at 0x7f5834289370>,36,12,[2 6],37,89,101,52,72
1,<environment.Job instance at 0x7f5834289a50>,39,3,[5 3],40,92,95,52,92
1,<environment.Job instance at 0x7f58343c6460>,21,16,[5 8],22,101,117,79,93
1,<environment.Job instance at 0x7f58342895a0>,42,2,[4 8],43,117,119,74,93
1,<environment.Job instance at 0x7f58342892d0>,43,3,[1 6],44,119,122,75,95
1,<environment.Job instance at 0x7f58342897d0>,44,12,[6 1],45,117,129,72,100
1,<environment.Job instance at 0x7f5834289910>,46,15,[9 2],47,129,144,82,124
1,<environment.Job instance at 0x7f583428a730>,49,16,[1 8],50,125,141,75,125
1,<environment.Job instance at 0x7f583428ad20>,50,2,[5 6],51,144,146,93,125
1,<environment.Job instance at 0x7f583428ae10>,48,3,[2 7],49,146,149,97,126
1,<environment.Job instance at 0x7f583425d190>,56,2,[9 1],57,149,151,92,141
1,<environment.Job instance at 0x7f583425de10>,57,3,[1 8],58,141,144,83,141
1,<environment.Job instance at 0x7f583425d2d0>,58,16,[7 1],59,151,167,92,141
1,<environment.Job instance at 0x7f583425dc30>,59,14,[8 1],60,167,181,107,152
1,<environment.Job instance at 0x7f58343d2320>,62,3,[8 5],63,181,184,118,159
1,<environment.Job instance at 0x7f58343d21e0>,63,3,[2 9],64,159,162,95,159
1,<environment.Job instance at 0x7f58343d2dc0>,66,18,[1 6],67,184,202,117,173
1,<environment.Job instance at 0x7f58343d2eb0>,64,15,[10  5],65,202,217,137,188
1,<environment.Job instance at 0x7f58343d3b90>,1,16,[5 4],2,2,18,0,2
1,<environment.Job instance at 0x7f57e91fcdc0>,5,15,[6 2],6,18,33,12,6
1,<environment.Job instance at 0x7f57e91fc690>,6,15,[6 2],7,33,48,26,19
1,<environment.Job instance at 0x7f57e91fccd0>,10,13,[2 6],11,19,32,8,19
1,<environment.Job instance at 0x7f57e91fc730>,15,14,[3 8],16,32,46,16,19
1,<environment.Job instance at 0x7f57e91fcaa0>,17,17,[3 8],18,46,63,28,34
1,<environment.Job instance at 0x7f57e919f280>,25,3,[5 5],26,63,66,37,39
1,<environment.Job instance at 0x7f57e9249500>,29,16,[3 5],30,63,79,33,50
1,<environment.Job instance at 0x7f57e91fc6e0>,12,16,[6 2],13,66,82,53,64
1,<environment.Job instance at 0x7f57e92493c0>,38,14,[4 7],39,79,93,40,64
1,<environment.Job instance at 0x7f57e9249640>,36,1,[7 4],37,93,94,56,65
1,<environment.Job instance at 0x7f57e9249960>,41,1,[5 1],42,82,83,40,67
1,<environment.Job instance at 0x7f57e9249050>,43,1,[3 9],44,94,95,50,67
1,<environment.Job instance at 0x7f57e9249b90>,45,17,[10  5],46,95,112,49,85
1,<environment.Job instance at 0x7f57e9287640>,47,2,[9 3],48,112,114,64,85
1,<environment.Job instance at 0x7f57e9287550>,51,3,[8 2],52,114,117,62,97
1,<environment.Job instance at 0x7f57e9287d70>,52,14,[8 4],53,117,131,64,102
1,<environment.Job instance at 0x7f57e9287140>,55,16,[ 3 10],56,131,147,75,118
1,<environment.Job instance at 0x7f57e922f4b0>,64,17,[10  2],65,147,164,82,141
1,<environment.Job instance at 0x7f57e922fdc0>,67,1,[1 6],68,164,165,96,148
1,<environment.Job instance at 0x7f582ce57690>,0,17,[2 9],1,1,18,0,1
1,<environment.Job instance at 0x7f58343cf1e0>,5,17,[8 1],6,10,27,4,10
1,<environment.Job instance at 0x7f57e9308af0>,13,15,[5 6],14,27,42,13,14
1,<environment.Job instance at 0x7f57e95b0500>,16,15,[ 5 10],17,42,57,25,29
1,<environment.Job instance at 0x7f57e95e80f0>,21,13,[3 6],22,57,70,35,41
1,<environment.Job instance at 0x7f57e9785910>,23,12,[3 8],24,70,82,46,53
1,<environment.Job instance at 0x7f57e9782780>,29,16,[9 4],30,82,98,52,70
1,<environment.Job instance at 0x7f57e9782d70>,32,3,[3 9],33,98,101,65,78
1,<environment.Job instance at 0x7f57e95ec6e0>,36,17,[2 6],37,101,118,64,89
1,<environment.Job instance at 0x7f57e92237d0>,6,16,[7 2],7,101,117,94,89
1,<environment.Job instance at 0x7f57e95ec7d0>,39,1,[8 3],40,117,118,77,104
1,<environment.Job instance at 0x7f57e95ec230>,41,3,[1 8],42,118,121,76,104
1,<environment.Job instance at 0x7f57e95eca50>,43,14,[3 5],44,121,135,77,106
1,<environment.Job instance at 0x7f57e95eca00>,45,2,[9 2],46,118,120,72,108
1,<environment.Job instance at 0x7f57e92a05a0>,46,2,[5 1],47,120,122,73,108
1,<environment.Job instance at 0x7f57e92a0f50>,47,1,[1 7],48,135,136,87,108
1,<environment.Job instance at 0x7f57e92a03c0>,50,2,[8 3],51,135,137,84,121
1,<environment.Job instance at 0x7f57e95ec190>,44,17,[1 9],45,140,157,95,140
1,<environment.Job instance at 0x7f57e92a0c80>,54,18,[10  2],55,157,175,102,146
1,<environment.Job instance at 0x7f57e90e6fa0>,62,17,[8 2],63,175,192,112,163
1,<environment.Job instance at 0x7f57e919fbe0>,10,13,[7 4],11,11,24,0,11
1,<environment.Job instance at 0x7f57e953e190>,15,1,[8 2],16,24,25,8,16
1,<environment.Job instance at 0x7f57e953e1e0>,16,16,[5 7],17,25,41,8,17
1,<environment.Job instance at 0x7f57e953e7d0>,24,1,[3 8],25,41,42,16,27
1,<environment.Job instance at 0x7f57e953e410>,25,18,[9 5],26,42,60,16,31
1,<environment.Job instance at 0x7f57e953ec80>,34,16,[8 3],35,71,87,36,71
1,<environment.Job instance at 0x7f57e95463c0>,37,14,[7 1],38,87,101,49,72
1,<environment.Job instance at 0x7f57e9546230>,40,14,[ 3 10],41,101,115,60,88
1,<environment.Job instance at 0x7f57e95465f0>,43,15,[7 4],44,115,130,71,101
1,<environment.Job instance at 0x7f57e9546af0>,51,16,[2 8],52,130,146,78,121
1,<environment.Job instance at 0x7f57e95462d0>,55,1,[5 7],56,146,147,90,122
1,<environment.Job instance at 0x7f57e9546e60>,56,2,[3 5],57,122,124,65,122
1,<environment.Job instance at 0x7f57e9546f00>,57,2,[9 1],58,147,149,89,122
1,<environment.Job instance at 0x7f57e9549230>,58,14,[10  4],59,149,163,90,134
1,<environment.Job instance at 0x7f57e9549410>,61,15,[3 5],62,163,178,101,151
1,<environment.Job instance at 0x7f57e95495f0>,64,12,[3 5],65,163,175,98,151
1,<environment.Job instance at 0x7f57e95497d0>,67,2,[5 9],68,178,180,110,151
1,<environment.Job instance at 0x7f57e9549870>,68,17,[2 8],69,180,197,111,168
1,<environment.Job instance at 0x7f582ce51500>,3,1,[2 8],4,4,5,0,4
1,<environment.Job instance at 0x7f57e9223c30>,4,12,[2 9],5,5,17,0,5
1,<environment.Job instance at 0x7f57e950cb40>,6,15,[10  5],7,17,32,10,7
1,<environment.Job instance at 0x7f57e950cbe0>,7,16,[ 3 10],8,32,48,24,19
1,<environment.Job instance at 0x7f58338facd0>,18,3,[4 7],19,48,51,29,22
1,<environment.Job instance at 0x7f57e950c1e0>,10,1,[5 1],11,48,49,37,22
1,<environment.Job instance at 0x7f582cfe0be0>,21,18,[3 8],22,51,69,29,40
1,<environment.Job instance at 0x7f57e9203960>,28,14,[3 6],29,69,83,40,66
1,<environment.Job instance at 0x7f57e92035f0>,35,18,[ 3 10],36,83,101,47,72
1,<environment.Job instance at 0x7f58337f0140>,37,13,[4 9],38,101,114,63,85
1,<environment.Job instance at 0x7f5833d9e1e0>,19,18,[ 2 10],20,114,132,94,108
1,<environment.Job instance at 0x7f582cfcd960>,49,17,[2 6],50,132,149,82,121
1,<environment.Job instance at 0x7f58338fa2d0>,20,17,[7 1],21,132,149,111,122
1,<environment.Job instance at 0x7f582cfcdc30>,51,3,[3 7],52,149,152,97,123
1,<environment.Job instance at 0x7f582cfcd730>,56,13,[8 3],57,152,165,95,145
1,<environment.Job instance at 0x7f582cfcdaf0>,58,14,[2 7],59,152,166,93,145
1,<environment.Job instance at 0x7f583370e3c0>,61,18,[5 7],62,166,184,104,155
1,<environment.Job instance at 0x7f583370efa0>,64,3,[2 5],65,184,187,119,169
1,<environment.Job instance at 0x7f582cc3dc80>,66,13,[1 6],67,187,200,120,173
1,<environment.Job instance at 0x7f582cc3de60>,67,14,[10  3],68,200,214,132,185
1,<environment.Job instance at 0x7f582cc3d780>,68,13,[8 2],69,185,198,116,185
1,<environment.Job instance at 0x7f58343cf3c0>,1,1,[10  1],2,2,3,0,2
1,<environment.Job instance at 0x7f582cc3d730>,3,1,[5 2],4,4,5,0,4
1,<environment.Job instance at 0x7f582d12dc80>,5,16,[10  5],6,6,22,0,6
1,<environment.Job instance at 0x7f582d370140>,11,1,[5 5],12,22,23,10,12
1,<environment.Job instance at 0x7f582d370af0>,10,17,[9 4],11,23,40,12,13
1,<environment.Job instance at 0x7f582d1134b0>,13,2,[ 4 10],14,40,42,26,16
1,<environment.Job instance at 0x7f582d2043c0>,18,3,[ 2 10],19,42,45,23,24
1,<environment.Job instance at 0x7f582cedc460>,26,17,[9 1],27,69,86,42,69
1,<environment.Job instance at 0x7f58338eff50>,28,12,[ 2 10],29,86,98,57,69
1,<environment.Job instance at 0x7f582d3708c0>,17,16,[2 6],18,98,114,80,85
1,<environment.Job instance at 0x7f582ce28690>,37,2,[5 2],38,98,100,60,95
1,<environment.Job instance at 0x7f582ce287d0>,46,15,[ 5 10],47,114,129,67,107
1,<environment.Job instance at 0x7f57e92c0d20>,52,12,[4 9],53,129,141,76,113
1,<environment.Job instance at 0x7f57e92c06e0>,54,17,[7 4],55,141,158,86,131
1,<environment.Job instance at 0x7f57e92c0730>,57,3,[5 6],58,158,161,100,155
1,<environment.Job instance at 0x7f582cdf2050>,60,1,[10  3],61,161,162,100,156
1,<environment.Job instance at 0x7f582cd6e140>,64,2,[4 8],65,181,183,116,181
1,<environment.Job instance at 0x7f582cd6ef50>,65,19,[7 5],66,183,202,117,183
1,<environment.Job instance at 0x7f57e91444b0>,67,12,[10  4],68,202,214,134,185
1,<environment.Job instance at 0x7f582d12d640>,2,17,[2 5],3,3,20,0,3
1,<environment.Job instance at 0x7f582cc3d910>,6,18,[8 2],7,7,25,0,7
1,<environment.Job instance at 0x7f582cdca280>,7,18,[6 2],8,25,43,17,14
1,<environment.Job instance at 0x7f582cec31e0>,16,14,[7 5],17,43,57,26,29
1,<environment.Job instance at 0x7f5833bf0690>,25,16,[4 5],26,57,73,31,57
1,<environment.Job instance at 0x7f5833bf09b0>,29,17,[ 5 10],30,73,90,43,66
1,<environment.Job instance at 0x7f5833bf0c30>,34,15,[5 7],35,90,105,55,82
1,<environment.Job instance at 0x7f582cdec9b0>,8,3,[9 1],9,105,108,96,98
1,<environment.Job instance at 0x7f582cdca550>,10,19,[2 7],11,108,127,97,98
1,<environment.Job instance at 0x7f5833bdf0f0>,41,14,[5 4],42,127,141,85,112
1,<environment.Job instance at 0x7f5833bf0e10>,37,18,[1 7],38,141,159,103,132
1,<environment.Job instance at 0x7f5833bdf1e0>,49,12,[9 1],50,141,153,91,139
1,<environment.Job instance at 0x7f5833bdf140>,50,14,[8 4],51,159,173,108,144
1,<environment.Job instance at 0x7f5833bdfa50>,55,1,[8 1],56,156,157,100,156
1,<environment.Job instance at 0x7f5833bdf4b0>,47,12,[5 5],48,173,185,125,156
1,<environment.Job instance at 0x7f582d08be10>,7,3,[5 1],8,8,11,0,8
1,<environment.Job instance at 0x7f582d238a00>,9,14,[9 5],10,11,25,1,10
1,<environment.Job instance at 0x7f5833bdfeb0>,4,14,[7 5],5,25,39,20,13
1,<environment.Job instance at 0x7f582d08b640>,12,2,[5 5],13,39,41,26,17
1,<environment.Job instance at 0x7f57e90f22d0>,21,13,[1 9],22,41,54,19,40
1,<environment.Job instance at 0x7f582d21e960>,22,3,[1 9],23,54,57,31,40
1,<environment.Job instance at 0x7f582cc79b90>,23,2,[6 5],24,57,59,33,40
1,<environment.Job instance at 0x7f582d21e190>,24,1,[7 3],25,59,60,34,40
1,<environment.Job instance at 0x7f582d21e7d0>,25,3,[7 2],26,60,63,34,40
1,<environment.Job instance at 0x7f58344aa690>,27,17,[3 8],28,60,77,32,49
1,<environment.Job instance at 0x7f5833913a50>,32,17,[2 5],33,77,94,44,66
1,<environment.Job instance at 0x7f582ccb1e60>,36,1,[4 7],37,94,95,57,71
1,<environment.Job instance at 0x7f582ce4f0f0>,37,1,[7 4],38,77,78,39,71
1,<environment.Job instance at 0x7f582ce4ffa0>,38,17,[2 7],39,95,112,56,83
1,<environment.Job instance at 0x7f57e92f1780>,45,13,[3 9],46,112,125,66,99
1,<environment.Job instance at 0x7f57e92f1f50>,47,17,[3 5],48,125,142,77,113
1,<environment.Job instance at 0x7f582d2c3af0>,52,15,[10  1],53,142,157,89,128
1,<environment.Job instance at 0x7f58339984b0>,57,14,[2 5],58,157,171,99,142
1,<environment.Job instance at 0x7f582cd43500>,59,3,[5 9],60,171,174,111,145
1,<environment.Job instance at 0x7f582cd43690>,60,2,[6 4],61,157,159,96,145
1,<environment.Job instance at 0x7f5833998140>,63,14,[4 8],64,174,188,110,159
1,<environment.Job instance at 0x7f57e9516370>,66,15,[9 1],67,188,203,121,174
1,<environment.Job instance at 0x7f5833d266e0>,2,13,[ 5 10],3,3,16,0,3
1,<environment.Job instance at 0x7f57e919fcd0>,3,15,[6 1],4,16,31,12,4
1,<environment.Job instance at 0x7f582d283d20>,11,2,[2 9],12,16,18,4,12
1,<environment.Job instance at 0x7f582cc309b0>,12,2,[7 3],13,31,33,18,14
1,<environment.Job instance at 0x7f582d151870>,14,15,[7 3],15,33,48,18,19
1,<environment.Job instance at 0x7f582cc30e10>,15,12,[10  3],16,48,60,32,32
1,<environment.Job instance at 0x7f582cc30aa0>,13,3,[8 1],14,60,63,46,38
1,<environment.Job instance at 0x7f5833b32f50>,25,3,[9 2],26,63,66,37,39
1,<environment.Job instance at 0x7f58341e4b90>,23,1,[4 9],24,66,67,42,39
1,<environment.Job instance at 0x7f583378e910>,28,3,[3 9],29,67,70,38,41
1,<environment.Job instance at 0x7f5833bf9eb0>,21,2,[5 7],22,70,72,48,56
1,<environment.Job instance at 0x7f583378ef50>,34,13,[1 8],35,72,85,37,56
1,<environment.Job instance at 0x7f582cf5f050>,35,3,[10  4],36,85,88,49,59
1,<environment.Job instance at 0x7f5833669960>,33,13,[7 5],34,88,101,54,72
1,<environment.Job instance at 0x7f582d2ff640>,41,2,[2 6],42,101,103,59,81
1,<environment.Job instance at 0x7f57e9726a50>,36,14,[1 7],37,103,117,66,88
1,<environment.Job instance at 0x7f57e968e050>,40,18,[ 5 10],41,117,135,76,106
1,<environment.Job instance at 0x7f57e96e8eb0>,59,17,[1 9],60,135,152,75,128
1,<environment.Job instance at 0x7f57e96e8c80>,62,15,[6 2],63,152,167,89,138
1,<environment.Job instance at 0x7f582d210a00>,44,16,[9 4],45,167,183,122,154
1,<environment.Job instance at 0x7f58338a7cd0>,68,18,[6 5],69,183,201,114,172
1,<environment.Job instance at 0x7f57e973a820>,2,1,[6 3],3,3,4,0,3
1,<environment.Job instance at 0x7f58338a6500>,3,16,[5 3],4,4,20,0,4
1,<environment.Job instance at 0x7f57e94f6d70>,4,17,[5 1],5,5,22,0,5
1,<environment.Job instance at 0x7f58337b5500>,7,12,[7 2],8,22,34,14,12
1,<environment.Job instance at 0x7f57e9419af0>,11,3,[5 2],12,34,37,22,18
1,<environment.Job instance at 0x7f582d145dc0>,10,13,[5 3],11,34,47,23,18
1,<environment.Job instance at 0x7f57e9419aa0>,18,2,[5 8],19,20,22,1,19
1,<environment.Job instance at 0x7f58337f07d0>,22,2,[8 4],23,47,49,24,24
1,<environment.Job instance at 0x7f57e9659460>,20,20,[4 6],21,49,69,28,47
1,<environment.Job instance at 0x7f5833a2b870>,31,3,[6 4],32,49,52,17,47
1,<environment.Job instance at 0x7f57e918d5a0>,27,1,[10  5],28,69,70,41,51
1,<environment.Job instance at 0x7f5833ac87d0>,33,15,[5 5],34,70,85,36,56
1,<environment.Job instance at 0x7f5833ac8be0>,39,13,[7 4],40,85,98,45,84
1,<environment.Job instance at 0x7f582cffbd70>,17,15,[4 6],18,98,113,80,84
1,<environment.Job instance at 0x7f5833acfc80>,43,15,[4 9],44,113,128,69,101
1,<environment.Job instance at 0x7f5833acfa50>,48,3,[8 3],49,128,131,79,102
1,<environment.Job instance at 0x7f5833ac8c80>,34,12,[9 1],35,131,143,96,121
1,<environment.Job instance at 0x7f5833aea7d0>,53,3,[8 4],54,143,146,89,126
1,<environment.Job instance at 0x7f5833acf9b0>,50,15,[10  4],51,146,161,95,132
1,<environment.Job instance at 0x7f5833aeaaf0>,56,12,[2 7],57,161,173,104,144
1,<environment.Job instance at 0x7f5833aeab90>,60,2,[5 1],61,161,163,100,154
1,<environment.Job instance at 0x7f5833aeac30>,61,12,[5 5],62,173,185,111,156
1,<environment.Job instance at 0x7f57e9419280>,16,2,[3 6],17,185,187,168,174
1,<environment.Job instance at 0x7f5833ab3b40>,66,18,[10  2],67,187,205,120,176
1,<environment.Job instance at 0x7f5833aea320>,52,15,[4 8],53,205,220,152,193
1,<environment.Job instance at 0x7f57e8f96280>,0,16,[ 3 10],1,1,17,0,1
1,<environment.Job instance at 0x7f57e8fa69b0>,2,3,[4 8],3,17,20,14,3
1,<environment.Job instance at 0x7f57e8fa6e10>,3,13,[5 5],4,20,33,16,4
1,<environment.Job instance at 0x7f57e8fa6b40>,8,3,[2 6],9,33,36,24,9
1,<environment.Job instance at 0x7f57e8fa66e0>,13,3,[10  3],14,36,39,22,14
1,<environment.Job instance at 0x7f57e8fc7230>,20,13,[5 3],21,39,52,18,26
1,<environment.Job instance at 0x7f57e8fc72d0>,22,17,[6 4],23,52,69,29,40
1,<environment.Job instance at 0x7f57e8fc7280>,32,16,[ 3 10],33,69,85,36,57
1,<environment.Job instance at 0x7f57e8fa6190>,18,17,[3 7],19,85,102,66,74
1,<environment.Job instance at 0x7f57e8fc7e60>,37,2,[ 3 10],38,102,104,64,75
1,<environment.Job instance at 0x7f57e8fc7d20>,35,17,[ 3 10],36,104,121,68,93
1,<environment.Job instance at 0x7f57e971a3c0>,48,16,[8 3],49,121,137,72,118
1,<environment.Job instance at 0x7f57e94fcc30>,54,17,[9 2],55,137,154,82,133
1,<environment.Job instance at 0x7f57e94fc0a0>,56,2,[5 9],57,154,156,97,137
1,<environment.Job instance at 0x7f57e94fc500>,57,2,[10  3],58,156,158,98,137
1,<environment.Job instance at 0x7f582cf0b730>,39,18,[9 5],40,161,179,121,161
1,<environment.Job instance at 0x7f57e94fc190>,60,3,[5 7],61,179,182,118,161
1,<environment.Job instance at 0x7f57e94fcbe0>,61,1,[7 3],62,182,183,120,162
1,<environment.Job instance at 0x7f57e94fc460>,62,18,[4 7],63,183,201,120,173
1,<environment.Job instance at 0x7f57e968e780>,66,18,[8 3],67,201,219,134,190
1,<environment.Job instance at 0x7f57e8fe9410>,8,16,[9 4],9,9,25,0,9
1,<environment.Job instance at 0x7f57e946bd20>,9,15,[5 7],10,25,40,15,11
1,<environment.Job instance at 0x7f57e8fe95a0>,5,18,[1 8],6,40,58,34,34
1,<environment.Job instance at 0x7f582cdfc410>,14,13,[2 6],15,58,71,43,56
1,<environment.Job instance at 0x7f582cdfc230>,16,18,[7 4],17,58,76,41,58
1,<environment.Job instance at 0x7f582cdfca00>,15,14,[ 1 10],16,76,90,60,61
1,<environment.Job instance at 0x7f5833daa500>,22,14,[3 9],23,90,104,67,77
1,<environment.Job instance at 0x7f5833bbcf50>,28,15,[7 3],29,104,119,75,95
1,<environment.Job instance at 0x7f57e8f17af0>,34,18,[5 6],35,119,137,84,113
1,<environment.Job instance at 0x7f57e92eb0f0>,36,13,[8 2],37,137,150,100,121
1,<environment.Job instance at 0x7f57e92eb320>,39,3,[10  5],40,150,153,110,125
1,<environment.Job instance at 0x7f57e9394b40>,41,2,[1 6],42,137,139,95,127
1,<environment.Job instance at 0x7f57e9394190>,44,14,[6 4],45,153,167,108,139
1,<environment.Job instance at 0x7f57e935de60>,3,14,[3 6],4,153,167,149,142
1,<environment.Job instance at 0x7f582cd2a8c0>,48,2,[2 8],49,167,169,118,153
1,<environment.Job instance at 0x7f582cd2a640>,49,12,[9 4],50,169,181,119,154
1,<environment.Job instance at 0x7f582cd2a550>,55,2,[ 2 10],56,181,183,125,155
1,<environment.Job instance at 0x7f57e8f65780>,59,1,[1 8],60,183,184,123,157
1,<environment.Job instance at 0x7f582d24c780>,64,3,[4 5],65,184,187,119,174
1,<environment.Job instance at 0x7f57e8f65b40>,61,18,[10  5],62,187,205,125,178
1,<environment.Job instance at 0x7f5833d96460>,68,3,[6 1],69,205,208,136,187
1,<environment.Job instance at 0x7f582cfdf3c0>,65,18,[9 2],66,217,235,151,217
1,<environment.Job instance at 0x7f58342ad690>,3,16,[8 1],4,5,21,1,5
1,<environment.Job instance at 0x7f57e8f52280>,9,18,[6 1],10,21,39,11,10
1,<environment.Job instance at 0x7f57e8f09be0>,10,15,[2 8],11,15,30,4,15
1,<environment.Job instance at 0x7f57e8f097d0>,11,3,[2 6],12,30,33,18,16
1,<environment.Job instance at 0x7f57e9447be0>,18,3,[2 7],19,33,36,14,30
1,<environment.Job instance at 0x7f57e977bb90>,17,16,[1 7],18,36,52,18,30
1,<environment.Job instance at 0x7f5834288b90>,4,3,[2 7],5,52,55,47,31
1,<environment.Job instance at 0x7f57e9447c30>,19,18,[2 7],20,55,73,35,44
1,<environment.Job instance at 0x7f582d2118c0>,26,3,[6 1],27,44,47,17,44
1,<environment.Job instance at 0x7f57e92a0370>,31,12,[3 7],32,73,85,41,56
1,<environment.Job instance at 0x7f57e910a500>,15,16,[10  5],16,85,101,69,72
1,<environment.Job instance at 0x7f582cca2d20>,37,1,[7 3],38,82,83,44,82
1,<environment.Job instance at 0x7f57e96ef960>,20,15,[4 7],21,101,116,80,87
1,<environment.Job instance at 0x7f58338f7af0>,40,3,[5 3],41,101,104,60,87
1,<environment.Job instance at 0x7f58338f70a0>,41,18,[3 8],42,116,134,74,105
1,<environment.Job instance at 0x7f582cdc5dc0>,45,1,[ 2 10],46,134,135,88,115
1,<environment.Job instance at 0x7f582cdc50f0>,44,15,[4 8],45,135,150,90,121
1,<environment.Job instance at 0x7f57e8fe79b0>,52,3,[1 8],53,150,153,97,138
1,<environment.Job instance at 0x7f57e8fe7050>,54,3,[1 5],55,153,156,98,138
1,<environment.Job instance at 0x7f57e8fe7410>,55,15,[3 5],56,153,168,97,139
1,<environment.Job instance at 0x7f57e9090910>,60,2,[10  5],61,168,170,107,143
1,<environment.Job instance at 0x7f57e9090550>,61,3,[9 1],62,150,153,88,143
1,<environment.Job instance at 0x7f582cdcaa50>,64,13,[4 8],65,170,183,105,167
1,<environment.Job instance at 0x7f582cdca870>,65,12,[2 8],66,183,195,117,167
1,<environment.Job instance at 0x7f58338a7640>,66,12,[9 5],67,195,207,128,195
1,<environment.Job instance at 0x7f582cdc5f00>,2,13,[2 9],3,3,16,0,3
1,<environment.Job instance at 0x7f5833d96870>,11,1,[8 4],12,16,17,4,12
1,<environment.Job instance at 0x7f5833d96cd0>,9,18,[ 2 10],10,17,35,7,12
1,<environment.Job instance at 0x7f58342adfa0>,12,1,[2 5],13,16,17,3,13
1,<environment.Job instance at 0x7f57e97ccb40>,13,2,[ 4 10],14,35,37,21,15
1,<environment.Job instance at 0x7f57e97ccf00>,15,3,[5 6],16,37,40,21,18
1,<environment.Job instance at 0x7f57e936d230>,20,1,[ 2 10],21,40,41,19,29
1,<environment.Job instance at 0x7f582cf72870>,17,15,[5 8],18,41,56,23,29
1,<environment.Job instance at 0x7f57e936d550>,22,1,[9 5],23,56,57,33,29
1,<environment.Job instance at 0x7f57e936d730>,25,3,[9 2],26,57,60,31,36
1,<environment.Job instance at 0x7f57e936d960>,28,15,[5 8],29,60,75,31,46
1,<environment.Job instance at 0x7f57e936d4b0>,21,2,[1 5],22,58,60,36,58
1,<environment.Job instance at 0x7f57e936dd20>,32,12,[10  4],33,75,87,42,59
1,<environment.Job instance at 0x7f57e936f0f0>,38,18,[5 5],39,87,105,48,77
1,<environment.Job instance at 0x7f57e936f1e0>,40,16,[7 5],41,105,121,64,92
1,<environment.Job instance at 0x7f57e936f460>,44,17,[2 5],45,107,124,62,107
1,<environment.Job instance at 0x7f57e936f3c0>,43,17,[5 9],44,124,141,80,112
1,<environment.Job instance at 0x7f57e936fc80>,55,2,[4 8],56,141,143,85,128
1,<environment.Job instance at 0x7f57e936fbe0>,54,17,[1 9],55,143,160,88,135
1,<environment.Job instance at 0x7f57e938c0f0>,60,3,[2 8],61,160,163,99,152
1,<environment.Job instance at 0x7f57e938c280>,61,13,[7 4],62,163,176,101,153
1,<environment.Job instance at 0x7f57e938c5f0>,66,17,[2 6],67,163,180,96,158
1,<environment.Job instance at 0x7f57e938c4b0>,64,18,[5 5],65,180,198,115,172
1,<environment.Job instance at 0x7f57e938c820>,1,13,[10  4],2,2,15,0,2
1,<environment.Job instance at 0x7f57e938c9b0>,5,1,[5 9],6,15,16,9,6
1,<environment.Job instance at 0x7f57e936ff00>,9,13,[6 4],10,16,29,6,10
1,<environment.Job instance at 0x7f58338e7550>,12,2,[3 6],13,16,18,3,13
1,<environment.Job instance at 0x7f57e93750f0>,14,12,[9 1],15,29,41,14,18
1,<environment.Job instance at 0x7f58338e7b90>,16,1,[6 3],17,41,42,24,20
1,<environment.Job instance at 0x7f58338e7050>,17,17,[1 9],18,42,59,24,31
1,<environment.Job instance at 0x7f57e936f820>,10,3,[8 3],11,59,62,48,42
1,<environment.Job instance at 0x7f58338e7be0>,20,17,[10  1],21,62,79,41,51
1,<environment.Job instance at 0x7f57e96916e0>,28,13,[4 6],29,79,92,50,65
1,<environment.Job instance at 0x7f57e9691e60>,33,15,[3 9],34,92,107,58,78
1,<environment.Job instance at 0x7f57e9691870>,38,17,[9 5],39,107,124,68,95
1,<environment.Job instance at 0x7f58338e72d0>,21,14,[5 8],22,124,138,102,111
1,<environment.Job instance at 0x7f582cf348c0>,47,1,[10  4],48,138,139,90,126
1,<environment.Job instance at 0x7f582cf34820>,48,2,[3 6],49,139,141,90,126
1,<environment.Job instance at 0x7f582cf34eb0>,49,15,[3 9],50,141,156,91,129
1,<environment.Job instance at 0x7f582cf34aa0>,51,3,[8 5],52,156,159,104,135
1,<environment.Job instance at 0x7f57e901f500>,54,15,[10  2],55,159,174,104,145
1,<environment.Job instance at 0x7f582cf341e0>,42,14,[4 6],43,174,188,131,159
1,<environment.Job instance at 0x7f57e901f550>,61,3,[1 8],62,188,191,126,162
1,<environment.Job instance at 0x7f57e901f9b0>,66,14,[6 4],67,174,188,107,167
1,<environment.Job instance at 0x7f57e901fa50>,67,12,[5 9],68,191,203,123,174
1,<environment.Job instance at 0x7f57e901f050>,68,2,[6 3],69,203,205,134,176
1,<environment.Job instance at 0x7f57e936d0a0>,1,16,[3 9],2,2,18,0,2
1,<environment.Job instance at 0x7f582d0980f0>,5,17,[10  3],6,18,35,12,7
1,<environment.Job instance at 0x7f582d0981e0>,10,2,[1 6],11,35,37,24,15
1,<environment.Job instance at 0x7f582ccbd1e0>,14,3,[10  5],15,37,40,22,15
1,<environment.Job instance at 0x7f582d098af0>,13,2,[2 7],14,40,42,26,16
1,<environment.Job instance at 0x7f582d098f50>,12,14,[ 4 10],13,42,56,29,27
1,<environment.Job instance at 0x7f582ccbdf00>,15,16,[7 3],16,56,72,40,43
1,<environment.Job instance at 0x7f57e9334af0>,23,16,[2 6],24,56,72,32,45
1,<environment.Job instance at 0x7f57e915ea00>,24,2,[6 1],25,72,74,47,45
1,<environment.Job instance at 0x7f582cc94820>,29,2,[9 3],30,74,76,44,61
1,<environment.Job instance at 0x7f582cc943c0>,30,13,[4 6],31,76,89,45,61
1,<environment.Job instance at 0x7f57e97e5f50>,31,1,[5 4],32,76,77,44,61
1,<environment.Job instance at 0x7f5833d833c0>,33,18,[4 6],34,89,107,55,78
1,<environment.Job instance at 0x7f582d34c140>,6,18,[6 4],7,86,104,79,86
1,<environment.Job instance at 0x7f582cf39640>,39,17,[5 7],40,107,124,67,95
1,<environment.Job instance at 0x7f57e97cf050>,43,14,[ 2 10],44,124,138,80,111
1,<environment.Job instance at 0x7f5833af8e60>,45,2,[3 9],46,138,140,92,122
1,<environment.Job instance at 0x7f5833af81e0>,46,2,[5 7],47,140,142,93,122
1,<environment.Job instance at 0x7f5833883fa0>,48,3,[9 5],49,142,145,93,123
1,<environment.Job instance at 0x7f58338835f0>,49,15,[3 9],50,145,160,95,131
1,<environment.Job instance at 0x7f57e9328730>,56,13,[5 7],57,160,173,103,144
1,<environment.Job instance at 0x7f58339b77d0>,22,14,[9 2],23,173,187,150,158
1,<environment.Job instance at 0x7f582d098460>,9,3,[1 7],10,173,176,163,173
1,<environment.Job instance at 0x7f57e916f9b0>,65,14,[4 8],66,187,201,121,174
1,<environment.Job instance at 0x7f57e94f70f0>,4,2,[3 6],5,6,8,1,6
1,<environment.Job instance at 0x7f57e94f7230>,5,3,[2 8],6,8,11,2,7
1,<environment.Job instance at 0x7f57e9070140>,6,1,[9 2],7,11,12,4,8
1,<environment.Job instance at 0x7f582d129280>,7,1,[5 3],8,12,13,4,8
1,<environment.Job instance at 0x7f57e9054910>,10,18,[6 4],11,13,31,2,11
1,<environment.Job instance at 0x7f58341e4d20>,12,3,[10  4],13,31,34,18,13
1,<environment.Job instance at 0x7f582d342af0>,13,13,[8 4],14,34,47,20,18
1,<environment.Job instance at 0x7f582d3424b0>,15,16,[7 3],16,60,76,44,60
1,<environment.Job instance at 0x7f57e8ece0f0>,22,16,[5 4],23,76,92,53,63
1,<environment.Job instance at 0x7f57e8ece190>,28,2,[1 9],29,92,94,63,89
1,<environment.Job instance at 0x7f57e8ece410>,27,18,[1 6],28,94,112,66,89
1,<environment.Job instance at 0x7f57e8ece2d0>,29,14,[5 1],30,89,103,59,89
1,<environment.Job instance at 0x7f57e8ece5f0>,31,2,[ 5 10],32,112,114,80,89
1,<environment.Job instance at 0x7f57e8ece7d0>,34,1,[7 4],35,103,104,68,100
1,<environment.Job instance at 0x7f57e8ece910>,35,3,[9 2],36,104,107,68,100
1,<environment.Job instance at 0x7f57e8ece730>,32,14,[7 3],33,114,128,81,100
1,<environment.Job instance at 0x7f57e8eceaa0>,38,3,[10  4],39,128,131,89,108
1,<environment.Job instance at 0x7f57e8ecea00>,37,3,[8 1],38,109,112,71,109
1,<environment.Job instance at 0x7f57e8ecec80>,41,1,[2 5],42,118,119,76,118
1,<environment.Job instance at 0x7f57e8eced20>,42,13,[ 3 10],43,131,144,88,119
1,<environment.Job instance at 0x7f57e8ecedc0>,43,14,[ 4 10],44,144,158,100,130
1,<environment.Job instance at 0x7f57e8e9f230>,50,2,[5 4],51,158,160,107,145
1,<environment.Job instance at 0x7f57e8e9f4b0>,52,12,[1 9],53,160,172,107,145
1,<environment.Job instance at 0x7f57e8e9f690>,55,16,[4 9],56,172,188,116,159
1,<environment.Job instance at 0x7f57e8ecefa0>,45,14,[5 7],46,188,202,142,173
1,<environment.Job instance at 0x7f57e8e9fd20>,62,18,[3 8],63,202,220,139,191
1,<environment.Job instance at 0x7f57e8eceb40>,39,18,[6 2],40,218,236,178,218
1,<environment.Job instance at 0x7f582cde1640>,2,18,[3 7],3,3,21,0,3
1,<environment.Job instance at 0x7f5833bcd5f0>,7,15,[3 6],8,21,36,13,8
1,<environment.Job instance at 0x7f5833bcdd20>,8,14,[ 1 10],9,36,50,27,21
1,<environment.Job instance at 0x7f57e92ca280>,12,2,[3 7],13,50,52,37,34
1,<environment.Job instance at 0x7f57e94cd690>,9,3,[ 3 10],10,52,55,42,36
1,<environment.Job instance at 0x7f57e8ee35a0>,20,3,[ 4 10],21,55,58,34,36
1,<environment.Job instance at 0x7f57e9051af0>,23,3,[8 1],24,58,61,34,36
1,<environment.Job instance at 0x7f57e8ee3550>,21,2,[2 9],22,58,60,36,37
1,<environment.Job instance at 0x7f5833884f50>,25,14,[7 2],26,61,75,35,47
1,<environment.Job instance at 0x7f5833b0f6e0>,30,16,[1 7],31,61,77,30,61
1,<environment.Job instance at 0x7f5833de3be0>,31,12,[2 6],32,77,89,45,61
1,<environment.Job instance at 0x7f57e9708aa0>,32,17,[6 4],33,77,94,44,72
1,<environment.Job instance at 0x7f582cccdaa0>,38,3,[ 4 10],39,94,97,55,77
1,<environment.Job instance at 0x7f582d2a5190>,39,12,[3 9],40,97,109,57,81
1,<environment.Job instance at 0x7f5833db5780>,41,16,[5 5],42,109,125,67,96
1,<environment.Job instance at 0x7f582d1488c0>,51,15,[5 2],52,115,130,63,115
1,<environment.Job instance at 0x7f582d1485f0>,56,1,[5 9],57,138,139,81,138
1,<environment.Job instance at 0x7f582d1480a0>,57,2,[10  2],58,139,141,81,138
1,<environment.Job instance at 0x7f582d148370>,59,17,[9 4],60,141,158,81,139
1,<environment.Job instance at 0x7f582cd79320>,65,15,[1 5],66,144,159,78,144
1,<environment.Job instance at 0x7f5833bec780>,66,16,[5 6],67,159,175,92,147
1,<environment.Job instance at 0x7f57e9051dc0>,24,17,[2 7],25,185,202,160,185
1,<environment.Job instance at 0x7f58338dab90>,2,15,[5 1],3,3,18,0,3
1,<environment.Job instance at 0x7f57e9055550>,3,3,[2 7],4,4,7,0,4
1,<environment.Job instance at 0x7f57e9055190>,4,1,[4 6],5,7,8,2,6
1,<environment.Job instance at 0x7f58343c6e10>,8,16,[ 5 10],9,18,34,9,9
1,<environment.Job instance at 0x7f582d351af0>,14,1,[4 8],15,34,35,19,18
1,<environment.Job instance at 0x7f582d351fa0>,17,15,[2 6],18,35,50,17,21
1,<environment.Job instance at 0x7f582d3515f0>,15,13,[5 4],16,38,51,22,38
1,<environment.Job instance at 0x7f582ce1e3c0>,24,13,[5 8],25,51,64,26,38
1,<environment.Job instance at 0x7f583425d910>,28,16,[9 1],29,64,80,35,57
1,<environment.Job instance at 0x7f58337c4b90>,35,14,[1 7],36,64,78,28,64
1,<environment.Job instance at 0x7f58337c40a0>,37,18,[1 9],38,78,96,40,67
1,<environment.Job instance at 0x7f58336e3190>,7,15,[10  4],8,96,111,88,87
1,<environment.Job instance at 0x7f57e9606a50>,40,1,[5 2],41,111,112,70,91
1,<environment.Job instance at 0x7f582cc420a0>,31,27,[8 5],32,112,139,80,111
1,<environment.Job instance at 0x7f57e9606e60>,48,12,[ 1 10],49,139,151,90,122
1,<environment.Job instance at 0x7f58337487d0>,55,3,[6 4],56,151,154,95,137
1,<environment.Job instance at 0x7f583375c050>,56,13,[1 6],57,151,164,94,137
1,<environment.Job instance at 0x7f583375ce60>,57,3,[1 8],58,164,167,106,139
1,<environment.Job instance at 0x7f582cdb50f0>,58,3,[3 6],59,167,170,108,141
1,<environment.Job instance at 0x7f57e9606cd0>,43,26,[7 1],44,154,180,110,152
1,<environment.Job instance at 0x7f5833748dc0>,54,15,[2 7],55,170,185,115,156
1,<environment.Job instance at 0x7f57e9570870>,67,2,[3 7],68,185,187,117,160
1,<environment.Job instance at 0x7f57e8edfd20>,61,3,[10  1],62,187,190,125,168
1,<environment.Job instance at 0x7f582cd36910>,68,15,[3 8],69,190,205,121,176
1,<environment.Job instance at 0x7fd6589e0280>,3,18,[ 3 10],4,4,22,0,4
1,<environment.Job instance at 0x7fd6589e0410>,7,14,[5 1],8,22,36,14,8
1,<environment.Job instance at 0x7fd6589e0e60>,20,1,[3 7],21,48,49,27,48
1,<environment.Job instance at 0x7fd6589e0eb0>,21,3,[ 2 10],22,49,52,27,48
1,<environment.Job instance at 0x7fd6589e40f0>,23,18,[5 2],24,52,70,28,49
1,<environment.Job instance at 0x7fd6589e41e0>,24,3,[5 9],25,70,73,45,49
1,<environment.Job instance at 0x7fd6589e4230>,25,3,[1 6],26,52,55,26,50
1,<environment.Job instance at 0x7fd6589e44b0>,29,13,[1 6],30,73,86,43,58
1,<environment.Job instance at 0x7fd6589e4af0>,35,16,[8 1],36,73,89,37,65
1,<environment.Job instance at 0x7fd6589e4c30>,37,14,[5 5],38,89,103,51,75
1,<environment.Job instance at 0x7fd6589e4f50>,42,14,[8 4],43,103,117,60,89
1,<environment.Job instance at 0x7fd6589e51e0>,45,16,[6 2],46,117,133,71,107
1,<environment.Job instance at 0x7fd6589e5b90>,54,14,[1 7],55,130,144,75,130
1,<environment.Job instance at 0x7fd6589e8230>,59,14,[ 2 10],60,144,158,84,137
1,<environment.Job instance at 0x7fd6589e8820>,63,15,[1 5],64,158,173,94,156
1,<environment.Job instance at 0x7fd6589e8730>,64,12,[6 1],65,158,170,93,156
1,<environment.Job instance at 0x7fd6589e8c30>,65,13,[3 5],66,170,183,104,158
1,<environment.Job instance at 0x7fd6589e8d20>,66,3,[ 2 10],67,183,186,116,158
1,<environment.Job instance at 0x7fd6589e8fa0>,70,18,[5 5],71,186,204,115,179
1,<environment.Job instance at 0x7fd6589e8960>,73,3,[10  4],74,204,207,130,183
1,<environment.Job instance at 0x7fd6589e7460>,77,15,[4 7],78,207,222,129,193
1,<environment.Job instance at 0x7fd65db69960>,8,12,[3 5],9,10,22,1,10
1,<environment.Job instance at 0x7fd65db69d20>,9,13,[7 2],10,10,23,0,10
1,<environment.Job instance at 0x7fd65db69af0>,12,2,[2 5],13,22,24,9,13
1,<environment.Job instance at 0x7fd65db69870>,13,12,[4 9],14,24,36,10,14
1,<environment.Job instance at 0x7fd65db69eb0>,7,2,[ 4 10],8,36,38,28,15
1,<environment.Job instance at 0x7fd65db69fa0>,14,2,[4 7],15,38,40,23,15
1,<environment.Job instance at 0x7fd65dcb4a00>,16,2,[4 8],17,40,42,23,17
1,<environment.Job instance at 0x7fd6589e70f0>,6,3,[5 6],7,42,45,35,17
1,<environment.Job instance at 0x7fd65db69e60>,10,3,[7 2],11,45,48,34,19
1,<environment.Job instance at 0x7fd65dcb4be0>,19,2,[10  4],20,48,50,28,21
1,<environment.Job instance at 0x7fd65dcb4410>,21,1,[9 4],22,50,51,28,22
1,<environment.Job instance at 0x7fd65dcb1dc0>,24,17,[5 4],25,51,68,26,40
1,<environment.Job instance at 0x7fd65db69d70>,11,16,[5 8],12,81,97,69,81
1,<environment.Job instance at 0x7fd65dca7f50>,34,12,[6 1],35,97,109,62,81
1,<environment.Job instance at 0x7fd65dca7fa0>,33,3,[1 6],34,97,100,63,83
1,<environment.Job instance at 0x7fd6218373c0>,38,3,[2 7],39,100,103,61,84
1,<environment.Job instance at 0x7fd65db6ce10>,39,16,[1 8],40,103,119,63,101
1,<environment.Job instance at 0x7fd65dcad9b0>,43,3,[1 5],44,119,122,75,101
1,<environment.Job instance at 0x7fd65dcad820>,44,15,[9 1],45,109,124,64,102
1,<environment.Job instance at 0x7fd65dcadeb0>,45,15,[5 3],46,124,139,78,111
1,<environment.Job instance at 0x7fd65dcad780>,46,2,[9 1],47,139,141,92,119
1,<environment.Job instance at 0x7fd65dcad550>,48,16,[7 1],49,141,157,92,128
1,<environment.Job instance at 0x7fd65dcad5a0>,47,3,[1 8],48,139,142,91,128
1,<environment.Job instance at 0x7fd65dcb2cd0>,51,2,[9 3],52,157,159,105,137
1,<environment.Job instance at 0x7fd65dcb23c0>,52,3,[8 5],53,159,162,106,137
1,<environment.Job instance at 0x7fd65dcb2eb0>,54,15,[10  5],55,162,177,107,148
1,<environment.Job instance at 0x7fd65dcb2c80>,61,16,[5 4],62,177,193,115,164
1,<environment.Job instance at 0x7fd65db6a4b0>,63,16,[6 4],64,193,209,129,180
1,<environment.Job instance at 0x7fd65db6a9b0>,66,15,[6 2],67,209,224,142,195
1,<environment.Job instance at 0x7fd65db6a8c0>,68,12,[3 9],69,224,236,155,207
1,<environment.Job instance at 0x7fd65db6a2d0>,75,14,[3 8],76,209,223,133,207
1,<environment.Job instance at 0x7fd65dcb29b0>,64,1,[7 1],65,224,225,159,221
1,<environment.Job instance at 0x7fd65db6ac30>,78,16,[3 9],79,236,252,157,223
1,<environment.Job instance at 0x7fd614cdc730>,4,13,[1 9],5,6,19,1,6
1,<environment.Job instance at 0x7fd614cdc5a0>,7,18,[5 2],8,19,37,11,9
1,<environment.Job instance at 0x7fd614cdc5f0>,9,16,[3 5],10,19,35,9,11
1,<environment.Job instance at 0x7fd614cdcc30>,10,3,[9 1],11,37,40,26,17
1,<environment.Job instance at 0x7fd614cd8910>,17,13,[ 4 10],18,40,53,22,24
1,<environment.Job instance at 0x7fd614cad2d0>,25,17,[10  5],26,53,70,27,43
1,<environment.Job instance at 0x7fd614d234b0>,31,3,[8 2],32,70,73,38,58
1,<environment.Job instance at 0x7fd614d23eb0>,32,14,[8 4],33,73,87,40,58
1,<environment.Job instance at 0x7fd614d23d70>,33,3,[5 4],34,87,90,53,61
1,<environment.Job instance at 0x7fd614d23820>,35,16,[ 3 10],36,90,106,54,77
1,<environment.Job instance at 0x7fd614cd1d70>,40,2,[3 8],41,106,108,65,80
1,<environment.Job instance at 0x7fd614d230f0>,34,17,[10  5],35,108,125,73,107
1,<environment.Job instance at 0x7fd614cd1500>,47,1,[1 6],48,125,126,77,109
1,<environment.Job instance at 0x7fd614cd8500>,18,14,[4 7],19,126,140,107,114
1,<environment.Job instance at 0x7fd614d243c0>,52,17,[10  4],53,140,157,87,129
1,<environment.Job instance at 0x7fd614d24640>,54,13,[5 9],55,157,170,102,141
1,<environment.Job instance at 0x7fd614d24f50>,53,12,[5 1],54,160,172,106,160
1,<environment.Job instance at 0x7fd614d268c0>,65,17,[3 5],66,170,187,104,161
1,<environment.Job instance at 0x7fd614d26500>,66,15,[ 5 10],67,187,202,120,183
1,<environment.Job instance at 0x7fd614d26fa0>,67,1,[7 2],68,202,203,134,190
1,<environment.Job instance at 0x7fd614d24c30>,55,17,[8 1],56,203,220,147,191
1,<environment.Job instance at 0x7fd614db1af0>,74,14,[8 5],75,220,234,145,205
1,<environment.Job instance at 0x7fd614db1730>,75,12,[2 6],76,205,217,129,205
1,<environment.Job instance at 0x7fd614dde320>,2,3,[3 9],3,4,7,1,4
1,<environment.Job instance at 0x7fd614dde410>,4,15,[9 5],5,7,22,2,5
1,<environment.Job instance at 0x7fd614dde910>,7,16,[2 8],8,22,38,14,10
1,<environment.Job instance at 0x7fd6150492d0>,19,12,[1 8],20,38,50,18,22
1,<environment.Job instance at 0x7fd65dcba1e0>,3,18,[1 6],4,58,76,54,58
1,<environment.Job instance at 0x7fd614dde5f0>,11,3,[1 8],12,76,79,64,58
1,<environment.Job instance at 0x7fd615049d70>,26,22,[6 1],27,58,80,31,58
1,<environment.Job instance at 0x7fd614dde870>,9,1,[8 3],10,80,81,70,60
1,<environment.Job instance at 0x7fd615049fa0>,24,18,[10  2],25,81,99,56,70
1,<environment.Job instance at 0x7fd614c916e0>,34,1,[3 7],35,99,100,64,84
1,<environment.Job instance at 0x7fd614c915a0>,27,14,[3 5],28,100,114,72,85
1,<environment.Job instance at 0x7fd614c91b40>,35,2,[7 1],36,99,101,63,86
1,<environment.Job instance at 0x7fd614c91960>,36,14,[5 4],37,101,115,64,86
1,<environment.Job instance at 0x7fd614c91320>,37,14,[4 7],38,115,129,77,100
1,<environment.Job instance at 0x7fd614c91dc0>,28,21,[5 1],29,114,135,85,109
1,<environment.Job instance at 0x7fd6153027d0>,40,2,[10  1],41,135,137,94,111
1,<environment.Job instance at 0x7fd615302af0>,44,2,[1 7],45,129,131,84,111
1,<environment.Job instance at 0x7fd6153028c0>,45,1,[ 4 10],46,137,138,91,111
1,<environment.Job instance at 0x7fd615095f00>,47,1,[9 4],48,138,139,90,113
1,<environment.Job instance at 0x7fd615302f50>,42,2,[9 4],43,139,141,96,113
1,<environment.Job instance at 0x7fd6150950f0>,49,14,[5 7],50,141,155,91,126
1,<environment.Job instance at 0x7fd614ea1780>,56,16,[5 7],57,155,171,98,144
1,<environment.Job instance at 0x7fd615095690>,46,13,[3 6],47,171,184,124,158
1,<environment.Job instance at 0x7fd6151b7c30>,60,17,[4 5],61,184,201,123,172
1,<environment.Job instance at 0x7fd614dbcbe0>,65,18,[9 5],66,201,219,135,190
1,<environment.Job instance at 0x7fd6151b7be0>,61,2,[3 8],62,219,221,157,196
1,<environment.Job instance at 0x7fd614dbce10>,69,1,[8 5],70,221,222,151,196
1,<environment.Job instance at 0x7fd614dbca50>,72,2,[7 1],73,219,221,146,208
1,<environment.Job instance at 0x7fd614dbc140>,67,17,[7 5],68,222,239,154,210
1,<environment.Job instance at 0x7fd614cd8820>,4,3,[5 8],5,6,9,1,6
1,<environment.Job instance at 0x7fd614dc1820>,6,15,[6 2],7,9,24,2,7
1,<environment.Job instance at 0x7fd614db29b0>,13,13,[2 5],14,14,27,0,14
1,<environment.Job instance at 0x7fd614db2320>,10,13,[ 4 10],11,27,40,16,14
1,<environment.Job instance at 0x7fd614e670a0>,17,2,[9 1],18,40,42,22,31
1,<environment.Job instance at 0x7fd614ca2fa0>,15,1,[5 7],16,42,43,26,31
1,<environment.Job instance at 0x7fd6150d53c0>,19,16,[1 7],20,43,59,23,32
1,<environment.Job instance at 0x7fd6150d5af0>,22,20,[7 3],23,43,63,20,42
1,<environment.Job instance at 0x7fd6150d5550>,25,17,[6 3],26,63,80,37,51
1,<environment.Job instance at 0x7fd6150dd550>,31,14,[3 6],32,59,73,27,56
1,<environment.Job instance at 0x7fd6150dd780>,32,15,[7 3],33,80,95,47,66
1,<environment.Job instance at 0x7fd6150dd9b0>,36,15,[10  5],37,95,110,58,81
1,<environment.Job instance at 0x7fd6150d50f0>,21,15,[3 5],22,110,125,88,106
1,<environment.Job instance at 0x7fd6150dde10>,42,2,[1 5],43,110,112,67,107
1,<environment.Job instance at 0x7fd6150ddcd0>,45,12,[2 5],46,112,124,66,107
1,<environment.Job instance at 0x7fd6150dde60>,46,3,[2 7],47,125,128,78,108
1,<environment.Job instance at 0x7fd6150ddc80>,40,1,[5 1],41,124,125,83,108
1,<environment.Job instance at 0x7fd6150ddf00>,48,3,[4 7],49,128,131,79,108
1,<environment.Job instance at 0x7fd6150ddf50>,43,12,[8 5],44,131,143,87,115
1,<environment.Job instance at 0x7fd6150de550>,52,2,[6 3],53,126,128,73,126
1,<environment.Job instance at 0x7fd6150de4b0>,54,2,[4 8],55,143,145,88,126
1,<environment.Job instance at 0x7fd6150de0a0>,49,18,[ 2 10],50,145,163,95,134
1,<environment.Job instance at 0x7fd6150deaf0>,59,3,[9 2],60,163,166,103,152
1,<environment.Job instance at 0x7fd6150de910>,58,14,[3 6],59,166,180,107,152
1,<environment.Job instance at 0x7fd6150decd0>,62,2,[6 4],63,166,168,103,152
1,<environment.Job instance at 0x7fd6150dee10>,64,2,[1 9],65,180,182,115,153
1,<environment.Job instance at 0x7fd6150de2d0>,66,21,[6 1],67,168,189,101,160
1,<environment.Job instance at 0x7fd6150da230>,70,12,[1 5],71,182,194,111,168
1,<environment.Job instance at 0x7fd6150da140>,72,17,[9 1],73,189,206,116,177
1,<environment.Job instance at 0x7fd6150da640>,77,20,[5 2],78,206,226,128,206
1,<environment.Job instance at 0x7fd6150deeb0>,65,18,[ 3 10],66,226,244,160,218
1,<environment.Job instance at 0x7fd65b386780>,6,13,[8 3],7,7,20,0,7
1,<environment.Job instance at 0x7fd65b386fa0>,5,12,[4 7],6,20,32,14,9
1,<environment.Job instance at 0x7fd65b386460>,9,17,[5 1],10,20,37,10,10
1,<environment.Job instance at 0x7fd65b386be0>,10,2,[9 4],11,37,39,26,11
1,<environment.Job instance at 0x7fd65b386dc0>,8,14,[2 7],9,39,53,30,24
1,<environment.Job instance at 0x7fd65b3860f0>,14,3,[2 5],15,32,35,17,24
1,<environment.Job instance at 0x7fd658b05960>,19,3,[9 3],20,53,56,33,37
1,<environment.Job instance at 0x7fd658b05460>,22,13,[3 9],23,56,69,33,40
1,<environment.Job instance at 0x7fd65b3869b0>,12,13,[8 1],13,40,53,27,40
1,<environment.Job instance at 0x7fd65b6b2780>,27,14,[9 1],28,69,83,41,55
1,<environment.Job instance at 0x7fd65b6b2cd0>,30,17,[9 4],31,83,100,52,71
1,<environment.Job instance at 0x7fd65b6b2eb0>,34,2,[5 3],35,100,102,65,73
1,<environment.Job instance at 0x7fd65b0a7550>,42,2,[3 5],43,100,102,57,83
1,<environment.Job instance at 0x7fd65b0a7910>,43,17,[1 8],44,102,119,58,90
1,<environment.Job instance at 0x7fd65b0a77d0>,46,17,[9 1],47,121,138,74,121
1,<environment.Job instance at 0x7fd65b0a70f0>,48,12,[ 2 10],49,138,150,89,122
1,<environment.Job instance at 0x7fd65b4fcf00>,53,13,[9 5],54,150,163,96,134
1,<environment.Job instance at 0x7fd65b4fca50>,57,2,[5 2],58,163,165,105,139
1,<environment.Job instance at 0x7fd65b4fcaa0>,58,2,[6 5],59,165,167,106,139
1,<environment.Job instance at 0x7fd6151143c0>,60,13,[3 8],61,167,180,106,151
1,<environment.Job instance at 0x7fd615114eb0>,63,14,[3 6],64,180,194,116,165
1,<environment.Job instance at 0x7fd6151148c0>,66,15,[ 5 10],67,194,209,127,180
1,<environment.Job instance at 0x7fd615114e60>,68,2,[7 3],69,180,182,111,180
1,<environment.Job instance at 0x7fd615114730>,70,2,[6 5],71,209,211,138,182
1,<environment.Job instance at 0x7fd615114370>,69,14,[2 6],70,211,225,141,196
1,<environment.Job instance at 0x7fd615114f50>,75,14,[7 3],76,211,225,135,207
1,<environment.Job instance at 0x7fd615114410>,77,3,[5 6],78,225,228,147,219
1,<environment.Job instance at 0x7fd65b0a78c0>,49,16,[1 8],50,228,244,178,219
1,<environment.Job instance at 0x7fd615229af0>,3,3,[9 4],4,4,7,0,4
1,<environment.Job instance at 0x7fd65b00d780>,5,19,[7 5],6,7,26,1,7
1,<environment.Job instance at 0x7fd65b03a0a0>,12,17,[2 5],13,13,30,0,13
1,<environment.Job instance at 0x7fd6587d2960>,13,14,[8 2],14,26,40,12,17
1,<environment.Job instance at 0x7fd658ab7d20>,15,2,[7 5],16,40,42,24,22
1,<environment.Job instance at 0x7fd614fd6fa0>,19,18,[5 8],20,42,60,22,31
1,<environment.Job instance at 0x7fd6150c99b0>,28,14,[3 8],29,60,74,31,45
1,<environment.Job instance at 0x7fd614edf5f0>,32,12,[3 8],33,74,86,41,58
1,<environment.Job instance at 0x7fd65b138870>,35,16,[4 5],36,86,102,50,74
1,<environment.Job instance at 0x7fd614dfc780>,41,15,[3 5],42,88,103,46,88
1,<environment.Job instance at 0x7fd614dfc9b0>,40,18,[4 6],41,103,121,62,92
1,<environment.Job instance at 0x7fd61502f320>,46,14,[ 5 10],47,121,135,74,106
1,<environment.Job instance at 0x7fd61502faf0>,50,1,[6 5],51,135,136,84,124
1,<environment.Job instance at 0x7fd658ab7960>,16,18,[8 2],17,136,154,119,126
1,<environment.Job instance at 0x7fd658aa6b40>,58,15,[5 9],59,163,178,104,163
1,<environment.Job instance at 0x7fd658aa6dc0>,60,14,[8 4],61,178,192,117,163
1,<environment.Job instance at 0x7fd658aeb5f0>,64,12,[4 7],65,192,204,127,175
1,<environment.Job instance at 0x7fd65b565050>,67,2,[2 6],68,181,183,113,181
1,<environment.Job instance at 0x7fd614f12780>,68,2,[5 5],69,204,206,135,181
1,<environment.Job instance at 0x7fd614f121e0>,69,1,[5 7],70,206,207,136,181
1,<environment.Job instance at 0x7fd614f12730>,70,3,[1 6],71,183,186,112,182
1,<environment.Job instance at 0x7fd615179aa0>,72,3,[4 9],73,207,210,134,184
1,<environment.Job instance at 0x7fd614ce1910>,57,12,[5 5],58,210,222,152,193
1,<environment.Job instance at 0x7fd658914a50>,77,18,[3 6],78,222,240,144,219
1,<environment.Job instance at 0x7fd614ce19b0>,1,3,[1 6],2,2,5,0,2
1,<environment.Job instance at 0x7fd65b00ddc0>,5,12,[6 1],6,7,19,1,7
1,<environment.Job instance at 0x7fd65b4890f0>,9,14,[9 5],10,19,33,9,11
1,<environment.Job instance at 0x7fd614b38230>,20,12,[7 2],21,37,49,16,37
1,<environment.Job instance at 0x7fd614b38140>,21,13,[1 9],22,49,62,27,37
1,<environment.Job instance at 0x7fd614b38640>,26,14,[9 2],27,62,76,35,49
1,<environment.Job instance at 0x7fd614b4c140>,39,14,[4 9],40,83,97,43,83
1,<environment.Job instance at 0x7fd614b4c4b0>,41,3,[5 9],42,97,100,55,83
1,<environment.Job instance at 0x7fd614b4c550>,42,2,[7 4],43,100,102,57,83
1,<environment.Job instance at 0x7fd614b4c5f0>,43,3,[5 5],44,102,105,58,83
1,<environment.Job instance at 0x7fd614b4c780>,45,13,[3 9],46,105,118,59,89
1,<environment.Job instance at 0x7fd65b4892d0>,13,1,[7 1],14,105,106,91,94
1,<environment.Job instance at 0x7fd614b4c8c0>,47,17,[3 5],48,118,135,70,106
1,<environment.Job instance at 0x7fd614b4cbe0>,53,17,[5 3],54,118,135,64,113
1,<environment.Job instance at 0x7fd614b4cfa0>,56,13,[3 9],57,135,148,78,122
1,<environment.Job instance at 0x7fd614b4f190>,60,2,[6 4],61,148,150,87,124
1,<environment.Job instance at 0x7fd614b4f320>,63,14,[4 8],64,150,164,86,135
1,<environment.Job instance at 0x7fd614b4f690>,68,13,[6 1],69,150,163,81,140
1,<environment.Job instance at 0x7fd614b4f5a0>,70,3,[10  4],71,164,167,93,148
1,<environment.Job instance at 0x7fd614b4f960>,72,13,[ 5 10],73,167,180,94,151
1,<environment.Job instance at 0x7fd65b00d1e0>,4,15,[7 3],5,7,22,2,7
1,<environment.Job instance at 0x7fd658dfb820>,10,17,[2 6],11,11,28,0,11
1,<environment.Job instance at 0x7fd658dfb7d0>,11,2,[5 7],12,28,30,16,12
1,<environment.Job instance at 0x7fd6150c3cd0>,8,2,[4 5],9,30,32,21,12
1,<environment.Job instance at 0x7fd6150f7be0>,14,12,[3 5],15,30,42,15,15
1,<environment.Job instance at 0x7fd65b3eca50>,22,15,[10  1],23,42,57,19,29
1,<environment.Job instance at 0x7fd614ed6730>,27,2,[ 2 10],28,57,59,29,44
1,<environment.Job instance at 0x7fd614f0cfa0>,25,3,[10  4],26,59,62,33,50
1,<environment.Job instance at 0x7fd61511db90>,31,2,[2 6],32,62,64,30,50
1,<environment.Job instance at 0x7fd65b149d20>,30,18,[ 5 10],31,64,82,33,61
1,<environment.Job instance at 0x7fd614c42960>,35,3,[1 9],36,82,85,46,66
1,<environment.Job instance at 0x7fd614c42f00>,36,15,[10  4],37,85,100,48,71
1,<environment.Job instance at 0x7fd658aeca00>,41,12,[5 6],42,100,112,58,83
1,<environment.Job instance at 0x7fd614ce4500>,37,13,[ 4 10],38,112,125,74,96
1,<environment.Job instance at 0x7fd658ea7c80>,50,1,[9 4],51,125,126,74,100
1,<environment.Job instance at 0x7fd658d015a0>,58,18,[6 5],59,151,169,92,151
1,<environment.Job instance at 0x7fd65d8c0e60>,59,18,[ 5 10],60,169,187,109,158
1,<environment.Job instance at 0x7fd65b583140>,67,12,[7 2],68,187,199,119,170
1,<environment.Job instance at 0x7fd65b5c3870>,69,12,[4 6],70,199,211,129,188
1,<environment.Job instance at 0x7fd65b5c3eb0>,73,3,[4 7],74,211,214,137,203
1,<environment.Job instance at 0x7fd6151f6b90>,76,2,[3 6],77,214,216,137,208
1,<environment.Job instance at 0x7fd65b5c3d70>,75,16,[9 4],76,216,232,140,208
1,<environment.Job instance at 0x7fd658de83c0>,2,2,[8 4],3,3,5,0,3
1,<environment.Job instance at 0x7fd658b92730>,7,1,[10  5],8,8,9,0,8
1,<environment.Job instance at 0x7fd65af2ecd0>,14,12,[9 1],15,15,27,0,15
1,<environment.Job instance at 0x7fd65897a5a0>,16,13,[4 7],17,27,40,10,19
1,<environment.Job instance at 0x7fd61502b6e0>,13,15,[5 5],14,40,55,26,26
1,<environment.Job instance at 0x7fd65b1caeb0>,9,1,[5 1],10,27,28,17,27
1,<environment.Job instance at 0x7fd6151f6690>,4,16,[4 5],5,40,56,35,29
1,<environment.Job instance at 0x7fd6152beaa0>,25,2,[4 7],26,56,58,30,41
1,<environment.Job instance at 0x7fd615119fa0>,23,15,[4 9],24,58,73,34,49
1,<environment.Job instance at 0x7fd65b132320>,30,15,[10  4],31,73,88,42,59
1,<environment.Job instance at 0x7fd65b488640>,37,14,[ 4 10],38,88,102,50,75
1,<environment.Job instance at 0x7fd658956fa0>,38,18,[4 6],39,102,120,63,92
1,<environment.Job instance at 0x7fd615108460>,48,17,[9 5],49,120,137,71,108
1,<environment.Job instance at 0x7fd65b6648c0>,53,13,[5 5],54,137,150,83,123
1,<environment.Job instance at 0x7fd65b6643c0>,58,3,[2 6],59,150,153,91,133
1,<environment.Job instance at 0x7fd65b664910>,60,2,[3 9],61,153,155,92,135
1,<environment.Job instance at 0x7fd65af5d410>,63,3,[10  3],64,155,158,91,135
1,<environment.Job instance at 0x7fd65af5d8c0>,64,13,[5 3],65,137,150,72,135
1,<environment.Job instance at 0x7fd65af5de10>,65,12,[8 5],66,158,170,92,141
1,<environment.Job instance at 0x7fd65af5dc30>,69,1,[8 2],70,170,171,100,153
1,<environment.Job instance at 0x7fd65af5da00>,70,13,[5 3],71,171,184,100,155
1,<environment.Job instance at 0x7fd65af5d4b0>,68,17,[3 7],69,171,188,102,159
1,<environment.Job instance at 0x7fd6152e2190>,3,18,[5 5],4,8,26,4,8
1,<environment.Job instance at 0x7fd658de8d20>,9,18,[9 5],10,26,44,16,20
1,<environment.Job instance at 0x7fd65b00dfa0>,7,2,[ 3 10],8,44,46,36,20
1,<environment.Job instance at 0x7fd658dfb4b0>,13,12,[2 6],14,46,58,32,29
1,<environment.Job instance at 0x7fd6151f64b0>,18,16,[8 3],19,46,62,27,33
1,<environment.Job instance at 0x7fd614ccf780>,23,1,[10  1],24,62,63,38,49
1,<environment.Job instance at 0x7fd614ccf820>,24,17,[9 2],25,63,80,38,51
1,<environment.Job instance at 0x7fd614ccf9b0>,26,2,[5 9],27,80,82,53,53
1,<environment.Job instance at 0x7fd614cd20f0>,33,18,[7 1],34,82,100,48,80
1,<environment.Job instance at 0x7fd614ccfd20>,34,14,[9 1],35,100,114,65,85
1,<environment.Job instance at 0x7fd65da36c80>,6,13,[3 9],7,126,139,119,126
1,<environment.Job instance at 0x7fd614cd2820>,44,2,[9 3],45,139,141,94,126
1,<environment.Job instance at 0x7fd614cd2780>,43,14,[3 6],44,141,155,97,127
1,<environment.Job instance at 0x7fd614cd2a00>,47,23,[5 3],48,143,166,95,143
1,<environment.Job instance at 0x7fd614cae0a0>,56,18,[7 4],57,180,198,123,180
1,<environment.Job instance at 0x7fd614cae3c0>,58,14,[1 7],59,199,213,140,199
1,<environment.Job instance at 0x7fd614cae320>,59,18,[6 4],60,213,231,153,202
1,<environment.Job instance at 0x7fd614cae690>,64,14,[5 3],65,231,245,166,216
1,<environment.Job instance at 0x7fd614cae9b0>,69,17,[9 2],70,245,262,175,233
1,<environment.Job instance at 0x7fd6151f6d70>,0,16,[ 2 10],1,1,17,0,1
1,<environment.Job instance at 0x7fd658aca230>,5,18,[ 5 10],6,17,35,11,6
1,<environment.Job instance at 0x7fd658aca730>,9,12,[9 4],10,35,47,25,18
1,<environment.Job instance at 0x7fd658eda0f0>,11,2,[3 8],12,47,49,35,26
1,<environment.Job instance at 0x7fd658eda2d0>,12,1,[6 3],13,49,50,36,28
1,<environment.Job instance at 0x7fd658ddf960>,29,3,[8 2],30,50,53,20,31
1,<environment.Job instance at 0x7fd658edafa0>,21,18,[10  5],22,53,71,31,43
1,<environment.Job instance at 0x7fd61504a460>,36,12,[3 9],37,71,83,34,54
1,<environment.Job instance at 0x7fd61504a190>,41,3,[2 6],42,83,86,41,70
1,<environment.Job instance at 0x7fd65b31e370>,42,12,[6 1],43,71,83,28,70
1,<environment.Job instance at 0x7fd65b31e7d0>,43,3,[8 3],44,83,86,39,70
1,<environment.Job instance at 0x7fd65b31eb40>,47,16,[1 7],48,86,102,38,73
1,<environment.Job instance at 0x7fd65b31e0a0>,53,16,[9 4],54,102,118,48,90
1,<environment.Job instance at 0x7fd615102d70>,61,12,[3 7],62,118,130,56,101
1,<environment.Job instance at 0x7fd61504adc0>,31,21,[4 9],32,132,153,100,132
1,<environment.Job instance at 0x7fd61539b190>,71,18,[3 8],72,153,171,81,142
1,<environment.Job instance at 0x7fd65b31e140>,45,16,[10  5],46,171,187,125,158
1,<environment.Job instance at 0x7fd614ec7be0>,6,3,[7 4],7,7,10,0,7
1,<environment.Job instance at 0x7fd6151d1320>,7,13,[9 1],8,10,23,2,8
1,<environment.Job instance at 0x7fd65874c5a0>,11,3,[9 1],12,23,26,11,13
1,<environment.Job instance at 0x7fd65874cdc0>,16,12,[9 5],17,26,38,9,17
1,<environment.Job instance at 0x7fd65874c6e0>,15,12,[2 8],16,38,50,22,26
1,<environment.Job instance at 0x7fd65874c8c0>,14,13,[4 8],15,50,63,35,39
1,<environment.Job instance at 0x7fd658819dc0>,29,18,[ 2 10],30,86,104,56,86
1,<environment.Job instance at 0x7fd6587c6870>,34,18,[10  2],35,104,122,69,93
1,<environment.Job instance at 0x7fd6587c6730>,39,17,[2 6],40,122,139,82,113
1,<environment.Job instance at 0x7fd65b3ed820>,48,15,[5 8],49,139,154,90,125
1,<environment.Job instance at 0x7fd65b3ed460>,52,12,[10  4],53,154,166,101,137
1,<environment.Job instance at 0x7fd65b116690>,56,3,[5 1],57,166,169,109,152
1,<environment.Job instance at 0x7fd65b116230>,57,1,[2 6],58,166,167,108,153
1,<environment.Job instance at 0x7fd65b3edd70>,55,15,[8 1],56,169,184,113,155
1,<environment.Job instance at 0x7fd65b116b90>,60,16,[7 5],61,184,200,123,171
1,<environment.Job instance at 0x7fd658b6beb0>,12,13,[9 1],13,200,213,187,190
1,<environment.Job instance at 0x7fd65b1162d0>,66,15,[3 5],67,213,228,146,199
1,<environment.Job instance at 0x7fd65b427780>,68,2,[7 5],69,213,215,144,204
1,<environment.Job instance at 0x7fd65b427aa0>,69,14,[5 4],70,215,229,145,210
1,<environment.Job instance at 0x7fd65b427b40>,71,1,[5 5],72,228,229,156,212
1,<environment.Job instance at 0x7fd65b4270f0>,72,16,[9 4],73,229,245,156,217
1,<environment.Job instance at 0x7fd65b427550>,75,2,[4 8],76,245,247,169,225
1,<environment.Job instance at 0x7fd658e64af0>,4,18,[5 5],5,6,24,1,6
1,<environment.Job instance at 0x7fd65879f6e0>,7,12,[2 8],8,24,36,16,8
1,<environment.Job instance at 0x7fd65b60e8c0>,10,13,[2 6],11,36,49,25,20
1,<environment.Job instance at 0x7fd65b2dfd70>,19,13,[6 4],20,36,49,16,25
1,<environment.Job instance at 0x7fd65b0e9910>,22,2,[3 6],23,49,51,26,40
1,<environment.Job instance at 0x7fd65b120f50>,24,12,[9 1],25,56,68,31,56
1,<environment.Job instance at 0x7fd65b120e10>,25,15,[3 9],26,68,83,42,56
1,<environment.Job instance at 0x7fd65b0f3230>,29,18,[7 5],30,83,101,53,75
1,<environment.Job instance at 0x7fd65b0f3f00>,31,14,[5 8],32,101,115,69,86
1,<environment.Job instance at 0x7fd65b1170f0>,37,3,[1 9],38,115,118,77,97
1,<environment.Job instance at 0x7fd65b0f3780>,38,13,[4 6],39,118,131,79,102
1,<environment.Job instance at 0x7fd658df7e60>,41,1,[4 5],42,131,132,89,104
1,<environment.Job instance at 0x7fd61509c460>,42,3,[8 1],43,115,118,72,104
1,<environment.Job instance at 0x7fd65888baa0>,43,15,[3 9],44,132,147,88,118
1,<environment.Job instance at 0x7fd61509c3c0>,46,1,[ 4 10],47,147,148,100,122
1,<environment.Job instance at 0x7fd615074910>,48,17,[9 5],49,148,165,99,136
1,<environment.Job instance at 0x7fd65b418fa0>,49,2,[5 8],50,165,167,115,145
1,<environment.Job instance at 0x7fd615123140>,55,1,[1 9],56,167,168,111,150
1,<environment.Job instance at 0x7fd615123cd0>,53,17,[9 1],54,167,184,113,156
1,<environment.Job instance at 0x7fd658b01640>,59,15,[3 9],60,184,199,124,170
1,<environment.Job instance at 0x7fd65b29ad20>,67,15,[6 2],68,199,214,131,185
1,<environment.Job instance at 0x7fd614ba9b90>,58,2,[3 6],59,199,201,140,192
1,<environment.Job instance at 0x7fd65b0b7370>,73,3,[3 8],74,201,204,127,193
1,<environment.Job instance at 0x7fd65b0b7c80>,74,12,[9 1],75,214,226,139,197
1,<environment.Job instance at 0x7fd65b4449b0>,71,3,[1 8],72,204,207,132,197
1,<environment.Job instance at 0x7fd65b0b7320>,76,14,[6 4],77,226,240,149,211
1,<environment.Job instance at 0x7fd65b427460>,4,13,[2 7],5,5,18,0,5
1,<environment.Job instance at 0x7fd65b0b72d0>,5,17,[10  3],6,18,35,12,6
1,<environment.Job instance at 0x7fd65b0ac190>,10,2,[1 6],11,35,37,24,11
1,<environment.Job instance at 0x7fd615112410>,9,3,[1 7],10,37,40,27,20
1,<environment.Job instance at 0x7fd614bb6af0>,14,3,[10  5],15,40,43,25,22
1,<environment.Job instance at 0x7fd614ae8820>,12,14,[ 4 10],13,43,57,30,28
1,<environment.Job instance at 0x7fd614fd67d0>,17,16,[1 8],18,57,73,39,44
1,<environment.Job instance at 0x7fd614fe3d20>,23,16,[2 6],24,73,89,49,64
1,<environment.Job instance at 0x7fd65b050320>,25,17,[5 3],26,73,90,47,65
1,<environment.Job instance at 0x7fd658aca690>,30,13,[4 6],31,89,102,58,74
1,<environment.Job instance at 0x7fd658aca410>,32,16,[9 2],33,102,118,69,89
1,<environment.Job instance at 0x7fd6152ddd70>,34,13,[2 8],35,118,131,83,102
1,<environment.Job instance at 0x7fd6151e63c0>,39,17,[5 7],40,131,148,91,119
1,<environment.Job instance at 0x7fd658c8daf0>,46,2,[5 7],47,148,150,101,126
1,<environment.Job instance at 0x7fd658c8da50>,48,3,[9 5],49,150,153,101,127
1,<environment.Job instance at 0x7fd658c8d230>,49,15,[3 9],50,153,168,103,139
1,<environment.Job instance at 0x7fd6151580f0>,53,16,[3 8],54,168,184,114,155
1,<environment.Job instance at 0x7fd615158af0>,57,1,[10  2],58,184,185,126,162
1,<environment.Job instance at 0x7fd615158a00>,58,16,[3 8],59,185,201,126,173
1,<environment.Job instance at 0x7fd614a7f280>,65,14,[4 8],66,201,215,135,187
1,<environment.Job instance at 0x7fd615158f00>,59,1,[9 4],60,215,216,155,201
1,<environment.Job instance at 0x7fd614a7f050>,68,3,[3 8],69,216,219,147,203
1,<environment.Job instance at 0x7fd614a7f3c0>,67,12,[1 6],68,219,231,151,204
1,<environment.Job instance at 0x7fd615158230>,60,18,[9 2],61,224,242,163,224
1,<environment.Job instance at 0x7fd614a7f960>,72,1,[1 8],73,231,232,158,230
1,<environment.Job instance at 0x7fd614f6ec30>,7,13,[10  4],8,8,21,0,8
1,<environment.Job instance at 0x7fd614f6ec80>,8,13,[8 5],9,21,34,12,10
1,<environment.Job instance at 0x7fd614f6e8c0>,15,27,[4 5],16,39,66,23,39
1,<environment.Job instance at 0x7fd6149c3f50>,19,14,[5 1],20,43,57,23,43
1,<environment.Job instance at 0x7fd6149c3be0>,22,14,[7 3],23,66,80,43,51
1,<environment.Job instance at 0x7fd6149c3d20>,27,3,[8 1],28,80,83,52,60
1,<environment.Job instance at 0x7fd614ed2730>,28,3,[10  4],29,83,86,54,61
1,<environment.Job instance at 0x7fd614ed2190>,31,1,[2 5],32,70,71,38,70
1,<environment.Job instance at 0x7fd614f6e230>,9,13,[8 2],10,86,99,76,71
1,<environment.Job instance at 0x7fd614ed2910>,35,14,[5 7],36,99,113,63,84
1,<environment.Job instance at 0x7fd6149cbb90>,39,2,[8 2],40,113,115,73,89
1,<environment.Job instance at 0x7fd6149cb2d0>,42,12,[1 9],43,115,127,72,98
1,<environment.Job instance at 0x7fd6149cb410>,46,18,[5 5],47,127,145,80,117
1,<environment.Job instance at 0x7fd6149cb0f0>,50,17,[ 5 10],51,145,162,94,133
1,<environment.Job instance at 0x7fd6149afaa0>,63,12,[5 4],64,162,174,98,145
1,<environment.Job instance at 0x7fd6149afaf0>,67,15,[3 6],68,162,177,94,148
1,<environment.Job instance at 0x7fd614ed2d70>,33,14,[ 4 10],34,177,191,143,164
1,<environment.Job instance at 0x7fd614a8f550>,74,13,[3 6],75,191,204,116,176
1,<environment.Job instance at 0x7fd6149afb40>,72,2,[3 7],73,204,206,131,198
1,<environment.Job instance at 0x7fd6149cbaa0>,51,14,[10  1],52,206,220,154,205
1,<environment.Job instance at 0x7fd6149ca140>,5,14,[7 2],6,6,20,0,6
1,<environment.Job instance at 0x7fd614f6e4b0>,8,17,[6 5],9,20,37,11,10
1,<environment.Job instance at 0x7fd6149aa050>,11,12,[2 6],12,37,49,25,21
1,<environment.Job instance at 0x7fd614f6e410>,12,17,[6 4],13,37,54,24,26
1,<environment.Job instance at 0x7fd614b2cb40>,18,3,[ 4 10],19,54,57,35,28
1,<environment.Job instance at 0x7fd6153607d0>,24,14,[ 3 10],25,57,71,32,42
1,<environment.Job instance at 0x7fd65b391be0>,28,1,[1 9],29,71,72,42,47
1,<environment.Job instance at 0x7fd61533c280>,30,2,[5 2],31,72,74,41,47
1,<environment.Job instance at 0x7fd61533e870>,35,16,[10  3],36,74,90,38,68
1,<environment.Job instance at 0x7fd658cade60>,45,15,[1 5],46,90,105,44,79
1,<environment.Job instance at 0x7fd614d5caf0>,46,16,[5 6],47,105,121,58,92
1,<environment.Job instance at 0x7fd658aae500>,48,13,[8 2],49,92,105,43,92
1,<environment.Job instance at 0x7fd658c9d370>,51,16,[4 6],52,121,137,69,108
1,<environment.Job instance at 0x7fd658cccaa0>,52,15,[5 1],53,110,125,57,110
1,<environment.Job instance at 0x7fd6588d0fa0>,59,3,[6 2],60,125,128,65,113
1,<environment.Job instance at 0x7fd6588eb460>,61,1,[6 3],62,128,129,66,121
1,<environment.Job instance at 0x7fd6588eb500>,60,13,[1 5],61,137,150,76,121
1,<environment.Job instance at 0x7fd6588eb9b0>,63,3,[10  4],64,150,153,86,124
1,<environment.Job instance at 0x7fd6588ebbe0>,64,1,[4 8],65,153,154,88,125
1,<environment.Job instance at 0x7fd61539ea50>,69,18,[10  2],70,154,172,84,143
1,<environment.Job instance at 0x7fd658ac9eb0>,65,13,[5 4],66,172,185,106,161
1,<environment.Job instance at 0x7fd61539e1e0>,66,27,[2 9],67,185,212,118,183
1,<environment.Job instance at 0x7fd614c2e7d0>,6,3,[8 2],7,9,12,2,9
1,<environment.Job instance at 0x7fd658dcdbe0>,7,18,[1 9],8,67,85,59,67
1,<environment.Job instance at 0x7fd658c1b050>,16,1,[7 3],17,85,86,68,68
1,<environment.Job instance at 0x7fd658c1b190>,18,12,[ 1 10],19,86,98,67,75
1,<environment.Job instance at 0x7fd614d05140>,19,1,[7 1],20,82,83,62,82
1,<environment.Job instance at 0x7fd65b487be0>,22,18,[9 1],23,98,116,75,87
1,<environment.Job instance at 0x7fd61530e410>,34,18,[7 1],35,116,134,81,111
1,<environment.Job instance at 0x7fd61536e7d0>,38,15,[3 8],39,116,131,77,116
1,<environment.Job instance at 0x7fd61536eaa0>,40,13,[5 8],41,134,147,93,118
1,<environment.Job instance at 0x7fd6588d3460>,23,13,[3 9],24,147,160,123,134
1,<environment.Job instance at 0x7fd658c9c640>,45,17,[1 7],46,160,177,114,148
1,<environment.Job instance at 0x7fd658e644b0>,51,12,[7 2],52,160,172,108,154
1,<environment.Job instance at 0x7fd615318c80>,54,18,[ 4 10],55,177,195,122,166
1,<environment.Job instance at 0x7fd615318960>,59,12,[7 5],60,195,207,135,179
1,<environment.Job instance at 0x7fd615318be0>,64,15,[6 2],65,207,222,142,193
1,<environment.Job instance at 0x7fd65b140c80>,69,2,[1 7],70,207,209,137,201
1,<environment.Job instance at 0x7fd65afc1b40>,71,17,[5 8],72,222,239,150,210
1,<environment.Job instance at 0x7fd658c1bb90>,17,15,[ 4 10],18,239,254,221,225
1,<environment.Job instance at 0x7fd65b0c39b0>,8,3,[9 5],9,10,13,1,10
1,<environment.Job instance at 0x7fd65b0c30f0>,10,2,[3 5],11,13,15,2,11
1,<environment.Job instance at 0x7fd65b0c3a00>,12,2,[1 9],13,15,17,2,13
1,<environment.Job instance at 0x7fd65b0c35f0>,11,12,[3 5],12,18,30,6,18
1,<environment.Job instance at 0x7fd65b468f50>,15,2,[9 5],16,30,32,14,18
1,<environment.Job instance at 0x7fd65b4683c0>,16,16,[4 9],17,32,48,15,19
1,<environment.Job instance at 0x7fd65b0c3640>,14,3,[8 5],15,48,51,33,22
1,<environment.Job instance at 0x7fd65b0c3820>,9,3,[5 4],10,51,54,41,34
1,<environment.Job instance at 0x7fd65b468aa0>,18,14,[5 4],19,51,65,32,37
1,<environment.Job instance at 0x7fd658c9ec80>,26,17,[1 6],27,54,71,27,45
1,<environment.Job instance at 0x7fd658c9e230>,29,3,[4 5],30,71,74,41,46
1,<environment.Job instance at 0x7fd658c9efa0>,30,2,[1 5],31,48,50,17,47
1,<environment.Job instance at 0x7fd658c9eaf0>,31,1,[3 6],32,74,75,42,47
1,<environment.Job instance at 0x7fd658c9eb90>,28,13,[4 8],29,78,91,49,78
1,<environment.Job instance at 0x7fd658c9e0f0>,37,15,[4 8],38,91,106,53,78
1,<environment.Job instance at 0x7fd658c9e5f0>,32,18,[6 5],33,106,124,73,95
1,<environment.Job instance at 0x7fd658a4bb90>,46,17,[4 6],47,124,141,77,112
1,<environment.Job instance at 0x7fd658a4b780>,45,14,[3 8],46,141,155,95,127
1,<environment.Job instance at 0x7fd658e8d7d0>,55,24,[5 2],56,130,154,74,130
1,<environment.Job instance at 0x7fd658e8d140>,56,12,[3 5],57,155,167,98,138
1,<environment.Job instance at 0x7fd658e8d050>,58,1,[5 6],59,167,168,108,139
1,<environment.Job instance at 0x7fd658e8d3c0>,59,1,[3 8],60,168,169,108,140
1,<environment.Job instance at 0x7fd658e8dd70>,57,3,[7 5],58,155,158,97,150
1,<environment.Job instance at 0x7fd65881f870>,64,1,[5 9],65,169,170,104,152
1,<environment.Job instance at 0x7fd65881f370>,66,12,[9 1],67,170,182,103,156
1,<environment.Job instance at 0x7fd658c9e9b0>,38,15,[1 6],39,170,185,131,158
1,<environment.Job instance at 0x7fd65881fbe0>,71,13,[9 3],72,182,195,110,167
1,<environment.Job instance at 0x7fd65881fcd0>,74,2,[7 5],75,195,197,120,176
1,<environment.Job instance at 0x7fd65881f0f0>,72,1,[1 7],73,185,186,112,181
1,<environment.Job instance at 0x7fd65881f550>,78,3,[2 6],79,197,200,118,193
1,<environment.Job instance at 0x7fd65b29d190>,1,17,[ 2 10],2,2,19,0,2
1,<environment.Job instance at 0x7fd65b56de10>,5,18,[4 6],6,19,37,13,8
1,<environment.Job instance at 0x7fd658b0ab90>,15,3,[9 1],16,37,40,21,23
1,<environment.Job instance at 0x7fd658b0a3c0>,16,15,[3 9],17,40,55,23,37
1,<environment.Job instance at 0x7fd65db8f4b0>,18,12,[5 4],19,55,67,36,38
1,<environment.Job instance at 0x7fd658cd0500>,21,1,[2 7],22,67,68,45,39
1,<environment.Job instance at 0x7fd614a1f460>,25,15,[10  1],26,68,83,42,58
1,<environment.Job instance at 0x7fd65afdef50>,29,3,[7 3],30,83,86,53,61
1,<environment.Job instance at 0x7fd65afde910>,27,12,[6 5],28,86,98,58,69
1,<environment.Job instance at 0x7fd6149ef640>,32,3,[5 8],33,98,101,65,72
1,<environment.Job instance at 0x7fd65b356050>,36,2,[ 1 10],37,101,103,64,87
1,<environment.Job instance at 0x7fd658a18f50>,10,15,[8 4],11,103,118,92,89
1,<environment.Job instance at 0x7fd658830f50>,40,18,[3 5],41,118,136,77,107
1,<environment.Job instance at 0x7fd658830d20>,43,14,[6 2],44,118,132,74,109
1,<environment.Job instance at 0x7fd6149f2eb0>,51,13,[3 5],52,132,145,80,116
1,<environment.Job instance at 0x7fd65d74f7d0>,56,13,[6 4],57,136,149,79,120
1,<environment.Job instance at 0x7fd614a0e3c0>,59,12,[5 8],60,149,161,89,137
1,<environment.Job instance at 0x7fd6149f2280>,53,15,[ 2 10],54,161,176,107,150
1,<environment.Job instance at 0x7fd6149ee2d0>,73,14,[ 5 10],74,176,190,102,161
1,<environment.Job instance at 0x7f42d808b230>,0,18,[ 2 10],1,1,19,0,1
1,<environment.Job instance at 0x7f42d2c7b410>,8,17,[ 2 10],9,19,36,10,9
1,<environment.Job instance at 0x7f42d2c7b780>,9,17,[ 4 10],10,36,53,26,24
1,<environment.Job instance at 0x7f42d2c7b9b0>,14,12,[3 7],15,53,65,38,36
1,<environment.Job instance at 0x7f42d2c7b640>,7,14,[5 1],8,53,67,45,47
1,<environment.Job instance at 0x7f42d2c7bd70>,20,1,[3 7],21,65,66,44,47
1,<environment.Job instance at 0x7f42d2c7be10>,21,3,[ 2 10],22,67,70,45,47
1,<environment.Job instance at 0x7f42d2c7d280>,27,2,[6 4],28,70,72,42,49
1,<environment.Job instance at 0x7f42d2c7d460>,28,2,[5 9],29,72,74,43,50
1,<environment.Job instance at 0x7f42d2c7d690>,29,13,[1 6],30,74,87,44,58
1,<environment.Job instance at 0x7f42d2c7d730>,30,1,[5 5],31,66,67,35,58
1,<environment.Job instance at 0x7f42d2c7d6e0>,32,17,[9 3],33,74,91,41,65
1,<environment.Job instance at 0x7f42d2c7d910>,35,16,[8 1],36,91,107,55,78
1,<environment.Job instance at 0x7f42d2c7dc30>,38,12,[3 6],39,107,119,68,90
1,<environment.Job instance at 0x7f42d2c7dc80>,39,18,[5 8],40,119,137,79,108
1,<environment.Job instance at 0x7f42d2c7b500>,5,13,[5 9],6,137,150,131,121
1,<environment.Job instance at 0x7f42d2c81230>,46,3,[5 4],47,150,153,103,128
1,<environment.Job instance at 0x7f42d2c81780>,47,1,[2 6],48,150,151,102,131
1,<environment.Job instance at 0x7f42d2c81c30>,49,2,[1 9],50,153,155,103,131
1,<environment.Job instance at 0x7f42d2c81cd0>,51,2,[4 9],52,155,157,103,138
1,<environment.Job instance at 0x7f42d2c818c0>,48,13,[6 1],49,153,166,104,150
1,<environment.Job instance at 0x7f42d2c81c80>,54,14,[1 7],55,157,171,102,152
1,<environment.Job instance at 0x7f42d2c83410>,59,14,[ 2 10],60,171,185,111,156
1,<environment.Job instance at 0x7f42d2c83690>,64,12,[6 1],65,185,197,120,173
1,<environment.Job instance at 0x7f42d2c839b0>,65,13,[3 5],66,185,198,119,173
1,<environment.Job instance at 0x7f42d2c811e0>,45,16,[6 2],46,199,215,153,199
1,<environment.Job instance at 0x7f42d2c83cd0>,71,1,[8 2],72,215,216,143,199
1,<environment.Job instance at 0x7f42d2c83d70>,72,14,[9 1],73,216,230,143,201
1,<environment.Job instance at 0x7f42d2c83e10>,73,3,[10  4],74,230,233,156,207
1,<environment.Job instance at 0x7f42d2c800f0>,77,15,[4 7],78,233,248,155,219
1,<environment.Job instance at 0x7f42d82021e0>,2,2,[2 5],3,3,5,0,3
1,<environment.Job instance at 0x7f42d81f2d70>,3,12,[4 9],4,5,17,1,4
1,<environment.Job instance at 0x7f42d80b7370>,6,2,[4 8],7,17,19,10,7
1,<environment.Job instance at 0x7f42d80b73c0>,7,3,[5 3],8,19,22,11,8
1,<environment.Job instance at 0x7f42d80b7050>,8,12,[10  1],9,22,34,13,10
1,<environment.Job instance at 0x7f42d808ac80>,14,17,[5 4],15,34,51,19,22
1,<environment.Job instance at 0x7f42d81ff280>,23,3,[1 6],24,38,41,14,38
1,<environment.Job instance at 0x7f42d81ffc30>,24,12,[6 1],25,51,63,26,38
1,<environment.Job instance at 0x7f42d81ff2d0>,26,15,[9 2],27,63,78,36,49
1,<environment.Job instance at 0x7f42d8206370>,35,15,[5 3],36,79,94,43,79
1,<environment.Job instance at 0x7f42d82062d0>,39,14,[8 1],40,94,108,54,79
1,<environment.Job instance at 0x7f42d8206410>,41,2,[9 3],42,108,110,66,84
1,<environment.Job instance at 0x7f42d82065a0>,42,3,[8 5],43,110,113,67,84
1,<environment.Job instance at 0x7f42d81fd960>,48,14,[5 1],49,114,128,65,114
1,<environment.Job instance at 0x7f42d81fdd70>,49,3,[1 7],50,114,117,64,114
1,<environment.Job instance at 0x7f42d81fd690>,50,17,[3 8],51,117,134,66,114
1,<environment.Job instance at 0x7f42d81fd4b0>,53,16,[6 4],54,134,150,80,121
1,<environment.Job instance at 0x7f42d81fc870>,62,16,[6 2],63,150,166,87,146
1,<environment.Job instance at 0x7f42d81f8eb0>,65,14,[3 8],66,150,164,84,149
1,<environment.Job instance at 0x7f42d81f8550>,68,16,[3 9],69,166,182,97,154
1,<environment.Job instance at 0x7f42d8113320>,77,18,[5 2],78,182,200,104,171
1,<environment.Job instance at 0x7f42d8113050>,79,16,[3 5],80,197,213,117,197
1,<environment.Job instance at 0x7f42d8205e10>,87,13,[ 4 10],88,213,226,125,198
1,<environment.Job instance at 0x7f42d8205780>,88,14,[4 7],89,226,240,137,211
1,<environment.Job instance at 0x7f428cfb52d0>,7,2,[9 3],8,8,10,0,8
1,<environment.Job instance at 0x7f428d04e910>,9,17,[9 2],10,11,28,1,11
1,<environment.Job instance at 0x7f428d04efa0>,14,17,[10  5],15,28,45,13,17
1,<environment.Job instance at 0x7f428d04e690>,15,16,[ 3 10],16,45,61,29,34
1,<environment.Job instance at 0x7f428d04e410>,19,1,[10  3],20,61,62,41,34
1,<environment.Job instance at 0x7f428d04ed20>,20,2,[3 8],21,62,64,41,35
1,<environment.Job instance at 0x7f428d04ee10>,17,3,[4 9],18,64,67,46,38
1,<environment.Job instance at 0x7f428d04e820>,10,18,[5 1],11,62,80,51,53
1,<environment.Job instance at 0x7f428d03fd20>,26,13,[5 1],27,67,80,40,56
1,<environment.Job instance at 0x7f428d03fc80>,32,17,[10  4],33,80,97,47,70
1,<environment.Job instance at 0x7f428d038870>,35,17,[8 1],36,97,114,61,85
1,<environment.Job instance at 0x7f428d038320>,40,2,[4 5],41,114,116,73,92
1,<environment.Job instance at 0x7f428d03fa00>,34,13,[5 9],35,121,134,86,121
1,<environment.Job instance at 0x7f428d038410>,46,15,[ 5 10],47,134,149,87,121
1,<environment.Job instance at 0x7f428d038730>,51,13,[3 6],52,149,162,97,133
1,<environment.Job instance at 0x7f428d021410>,53,12,[3 8],54,162,174,108,146
1,<environment.Job instance at 0x7f428d021c30>,59,16,[9 4],60,174,190,114,161
1,<environment.Job instance at 0x7f428d0211e0>,63,18,[1 6],64,174,192,110,169
1,<environment.Job instance at 0x7f428d021b40>,65,3,[6 4],66,190,193,124,169
1,<environment.Job instance at 0x7f428d0219b0>,64,15,[9 5],65,193,208,128,179
1,<environment.Job instance at 0x7f428d0217d0>,71,3,[1 8],72,208,211,136,191
1,<environment.Job instance at 0x7f428d0526e0>,73,14,[3 5],74,211,225,137,197
1,<environment.Job instance at 0x7f428d052140>,75,2,[9 2],76,208,210,132,207
1,<environment.Job instance at 0x7f428d0525f0>,74,17,[1 9],75,225,242,150,213
1,<environment.Job instance at 0x7f428d052a00>,80,2,[8 3],81,242,244,161,215
1,<environment.Job instance at 0x7f42d2a476e0>,3,18,[7 5],4,7,25,3,7
1,<environment.Job instance at 0x7f428d40fe60>,9,13,[5 7],10,25,38,15,10
1,<environment.Job instance at 0x7f428d40f460>,6,14,[5 4],7,38,52,31,26
1,<environment.Job instance at 0x7f428d41d410>,17,1,[9 4],18,52,53,34,35
1,<environment.Job instance at 0x7f428d40f410>,12,2,[9 4],13,53,55,40,39
1,<environment.Job instance at 0x7f428d41ddc0>,21,3,[3 6],22,45,48,23,45
1,<environment.Job instance at 0x7f428d41d820>,24,18,[ 5 10],25,55,73,30,46
1,<environment.Job instance at 0x7f428d41d6e0>,27,1,[4 8],28,73,74,45,47
1,<environment.Job instance at 0x7f428d46ce60>,31,2,[3 8],32,74,76,42,56
1,<environment.Job instance at 0x7f428d54b9b0>,35,18,[9 5],36,76,94,40,66
1,<environment.Job instance at 0x7f428cfcf8c0>,37,17,[7 5],38,94,111,56,82
1,<environment.Job instance at 0x7f428cfcf370>,40,14,[2 8],41,111,125,70,96
1,<environment.Job instance at 0x7f428cfcf140>,41,15,[10  3],42,125,140,83,111
1,<environment.Job instance at 0x7f428d5b1820>,49,17,[4 8],50,140,157,90,128
1,<environment.Job instance at 0x7f428d5b1370>,53,15,[7 4],54,157,172,103,143
1,<environment.Job instance at 0x7f428d5b1910>,58,2,[1 7],59,172,174,113,145
1,<environment.Job instance at 0x7f428d5b1960>,59,3,[8 4],60,174,177,114,148
1,<environment.Job instance at 0x7f428d331d20>,63,13,[2 5],64,157,170,93,152
1,<environment.Job instance at 0x7f428d0b0dc0>,68,14,[10  4],69,177,191,108,162
1,<environment.Job instance at 0x7f428d0b0fa0>,71,15,[3 5],72,191,206,119,177
1,<environment.Job instance at 0x7f428d0b0230>,73,1,[2 8],74,206,207,132,178
1,<environment.Job instance at 0x7f428d0b03c0>,74,12,[3 5],75,191,203,116,178
1,<environment.Job instance at 0x7f428d41de60>,23,18,[9 2],24,207,225,183,197
1,<environment.Job instance at 0x7f428d0b0410>,77,2,[5 9],78,225,227,147,198
1,<environment.Job instance at 0x7f428d0b0140>,80,1,[2 5],81,203,204,122,199
1,<environment.Job instance at 0x7f428d0b0e60>,82,15,[7 3],83,227,242,144,213
1,<environment.Job instance at 0x7f428d33db40>,6,3,[2 7],7,7,10,0,7
1,<environment.Job instance at 0x7f428d33df00>,7,13,[ 1 10],8,10,23,2,8
1,<environment.Job instance at 0x7f428d413e10>,9,18,[ 2 10],10,23,41,13,12
1,<environment.Job instance at 0x7f428d0fa4b0>,14,2,[4 8],15,41,43,26,22
1,<environment.Job instance at 0x7f428d400230>,18,14,[3 6],19,43,57,24,28
1,<environment.Job instance at 0x7f428d376d70>,21,3,[10  4],22,57,60,35,31
1,<environment.Job instance at 0x7f428d376fa0>,22,2,[6 4],23,43,45,20,31
1,<environment.Job instance at 0x7f428d4000f0>,19,3,[9 2],20,60,63,40,40
1,<environment.Job instance at 0x7f428d3711e0>,24,2,[1 9],25,63,65,38,41
1,<environment.Job instance at 0x7f428d376d20>,20,18,[4 8],21,65,83,44,54
1,<environment.Job instance at 0x7f428d3714b0>,28,12,[8 2],29,83,95,54,69
1,<environment.Job instance at 0x7f428d371820>,41,3,[3 7],42,95,98,53,90
1,<environment.Job instance at 0x7f428d371f50>,40,16,[1 9],41,98,114,57,95
1,<environment.Job instance at 0x7f428d371cd0>,37,20,[5 2],38,114,134,76,110
1,<environment.Job instance at 0x7f428d372410>,47,13,[4 6],48,122,135,74,122
1,<environment.Job instance at 0x7f428d3724b0>,48,14,[2 7],49,135,149,86,122
1,<environment.Job instance at 0x7f428d372730>,52,13,[8 1],53,138,151,85,138
1,<environment.Job instance at 0x7f428d3728c0>,53,16,[3 5],54,151,167,97,138
1,<environment.Job instance at 0x7f428d3720a0>,57,14,[10  3],58,167,181,109,152
1,<environment.Job instance at 0x7f428d372370>,46,13,[8 3],47,181,194,134,169
1,<environment.Job instance at 0x7f428d3771e0>,66,13,[8 4],67,194,207,127,178
1,<environment.Job instance at 0x7f428d377870>,73,2,[ 4 10],74,207,209,133,192
1,<environment.Job instance at 0x7f428d3779b0>,75,15,[5 7],76,209,224,133,195
1,<environment.Job instance at 0x7f428d377be0>,80,3,[9 1],81,224,227,143,208
1,<environment.Job instance at 0x7f428d377c80>,81,2,[5 6],82,227,229,145,208
1,<environment.Job instance at 0x7f428d377d20>,82,2,[3 5],83,229,231,146,208
1,<environment.Job instance at 0x7f42d30ecf50>,6,2,[9 2],7,7,9,0,7
1,<environment.Job instance at 0x7f42d30ec8c0>,10,13,[3 8],11,11,24,0,11
1,<environment.Job instance at 0x7f42d30ec410>,13,14,[3 6],14,24,38,10,16
1,<environment.Job instance at 0x7f42d2f8df50>,18,2,[7 3],19,24,26,5,24
1,<environment.Job instance at 0x7f42d2f8ddc0>,17,13,[6 5],18,38,51,20,24
1,<environment.Job instance at 0x7f42d2f8d140>,21,14,[1 9],22,51,65,29,38
1,<environment.Job instance at 0x7f42d2f8d870>,20,2,[6 5],21,65,67,44,54
1,<environment.Job instance at 0x7f42d3066500>,27,3,[5 6],28,67,70,39,54
1,<environment.Job instance at 0x7f42d3066d70>,28,12,[5 6],29,70,82,41,55
1,<environment.Job instance at 0x7f42d2f39e10>,36,14,[8 1],37,82,96,45,77
1,<environment.Job instance at 0x7f42d2f39a00>,37,12,[10  4],38,96,108,58,79
1,<environment.Job instance at 0x7f42d2a5df50>,42,17,[2 5],43,108,125,65,98
1,<environment.Job instance at 0x7f42d2a5dd70>,46,18,[8 2],47,108,126,61,98
1,<environment.Job instance at 0x7f42d3066c30>,26,27,[5 8],27,126,153,99,124
1,<environment.Job instance at 0x7f42d3066690>,29,1,[ 4 10],30,153,154,123,126
1,<environment.Job instance at 0x7f42d51b8aa0>,54,1,[2 5],55,154,155,99,132
1,<environment.Job instance at 0x7f42d51b8c30>,55,2,[9 3],56,155,157,99,133
1,<environment.Job instance at 0x7f42d51b80a0>,58,14,[3 8],59,157,171,98,142
1,<environment.Job instance at 0x7f42d535d3c0>,64,13,[1 9],65,171,184,106,156
1,<environment.Job instance at 0x7f42d51b8af0>,56,14,[7 5],57,184,198,127,172
1,<environment.Job instance at 0x7f42d535dd70>,73,1,[8 5],74,198,199,124,189
1,<environment.Job instance at 0x7f42d51b8870>,53,15,[6 5],54,199,214,145,190
1,<environment.Job instance at 0x7f42d535dd20>,77,18,[1 7],78,214,232,136,204
1,<environment.Job instance at 0x7f42d535ddc0>,78,19,[1 6],79,232,251,153,222
1,<environment.Job instance at 0x7f428d04d9b0>,1,12,[5 9],2,2,14,0,2
1,<environment.Job instance at 0x7f428d33d2d0>,4,12,[4 7],5,14,26,9,6
1,<environment.Job instance at 0x7f42d308a280>,8,2,[5 5],9,26,28,17,10
1,<environment.Job instance at 0x7f42d2e8ebe0>,9,1,[5 7],10,28,29,18,10
1,<environment.Job instance at 0x7f42d5246f00>,10,3,[1 6],11,29,32,18,11
1,<environment.Job instance at 0x7f428d019050>,6,14,[10  4],7,32,46,25,17
1,<environment.Job instance at 0x7f42d5246910>,12,3,[4 9],13,46,49,33,31
1,<environment.Job instance at 0x7f42d2eb5eb0>,25,12,[6 1],26,46,58,20,37
1,<environment.Job instance at 0x7f42d56b0550>,29,14,[9 5],30,58,72,28,43
1,<environment.Job instance at 0x7f42d2acf7d0>,32,2,[5 5],33,72,74,39,54
1,<environment.Job instance at 0x7f42d2eba4b0>,38,16,[9 2],39,74,90,35,62
1,<environment.Job instance at 0x7f42d2dc7780>,46,14,[9 2],47,90,104,43,84
1,<environment.Job instance at 0x7f42d2dc7370>,49,3,[4 9],50,104,107,54,97
1,<environment.Job instance at 0x7f42d2dc7aa0>,50,13,[10  4],51,107,120,56,97
1,<environment.Job instance at 0x7f42d535f960>,56,1,[4 7],57,126,127,69,126
1,<environment.Job instance at 0x7f42d535fd70>,58,17,[2 7],59,127,144,68,126
1,<environment.Job instance at 0x7f42d535f5f0>,59,14,[4 9],60,144,158,84,129
1,<environment.Job instance at 0x7f42d51beaf0>,67,17,[3 5],68,158,175,90,147
1,<environment.Job instance at 0x7f42d2e2d500>,72,15,[10  1],73,175,190,102,162
1,<environment.Job instance at 0x7f42d2e2d960>,76,13,[3 9],77,190,203,113,184
1,<environment.Job instance at 0x7f42d2e29230>,82,15,[2 5],83,203,218,120,189
1,<environment.Job instance at 0x7f428ce84280>,3,15,[6 1],4,5,20,1,5
1,<environment.Job instance at 0x7f42d535db90>,8,17,[7 2],9,20,37,11,11
1,<environment.Job instance at 0x7f42d2a5df00>,14,15,[7 3],15,37,52,22,23
1,<environment.Job instance at 0x7f42d2a5d280>,18,2,[4 5],19,52,54,33,25
1,<environment.Job instance at 0x7f42d2a5d460>,20,17,[2 6],21,34,51,13,34
1,<environment.Job instance at 0x7f42d2a5d8c0>,21,2,[5 7],22,54,56,32,36
1,<environment.Job instance at 0x7f42d5336fa0>,22,1,[4 6],23,56,57,33,36
1,<environment.Job instance at 0x7f42d2c283c0>,23,1,[4 9],24,57,58,33,36
1,<environment.Job instance at 0x7f42d2c28230>,27,3,[10  4],28,58,61,30,41
1,<environment.Job instance at 0x7f42d2c285f0>,28,3,[3 9],29,61,64,32,41
1,<environment.Job instance at 0x7f42d2a5d9b0>,16,14,[5 4],17,64,78,47,61
1,<environment.Job instance at 0x7f42d2c28a50>,34,13,[1 8],35,78,91,43,62
1,<environment.Job instance at 0x7f42d2a5da00>,15,12,[10  3],16,91,103,75,76
1,<environment.Job instance at 0x7f42d2c28e60>,41,2,[2 6],42,103,105,61,77
1,<environment.Job instance at 0x7f42d2c28c30>,40,18,[ 5 10],41,105,123,64,94
1,<environment.Job instance at 0x7f42d2c3f230>,43,16,[8 5],44,123,139,79,111
1,<environment.Job instance at 0x7f42d2c3f8c0>,52,3,[1 9],53,139,142,86,114
1,<environment.Job instance at 0x7f42d2c3f960>,53,13,[5 1],54,139,152,85,123
1,<environment.Job instance at 0x7f42d2c3fb40>,56,12,[1 5],57,123,135,66,123
1,<environment.Job instance at 0x7f42d2c3faa0>,55,2,[3 5],56,142,144,86,125
1,<environment.Job instance at 0x7f42d2c3fbe0>,57,2,[8 4],58,152,154,94,125
1,<environment.Job instance at 0x7f42d2c52050>,62,15,[6 2],63,154,169,91,141
1,<environment.Job instance at 0x7f42d2c52190>,64,3,[3 6],65,147,150,82,147
1,<environment.Job instance at 0x7f42d2c52780>,72,1,[6 3],73,169,170,96,155
1,<environment.Job instance at 0x7f42d2c52820>,73,16,[5 3],74,170,186,96,157
1,<environment.Job instance at 0x7f42d2c528c0>,74,17,[5 1],75,170,187,95,158
1,<environment.Job instance at 0x7f42d2c52960>,75,15,[ 1 10],76,187,202,111,179
1,<environment.Job instance at 0x7f42d2c52eb0>,79,12,[4 6],80,202,214,122,187
1,<environment.Job instance at 0x7f42d2c52f50>,80,13,[5 3],81,202,215,121,187
1,<environment.Job instance at 0x7f42d2c30550>,88,2,[5 8],89,215,217,126,203
1,<environment.Job instance at 0x7f42d2c30370>,86,2,[3 6],87,217,219,130,210
1,<environment.Job instance at 0x7f42d2cd2730>,11,3,[6 4],12,12,15,0,12
1,<environment.Job instance at 0x7f42d2cd2960>,12,17,[ 2 10],13,15,32,2,13
1,<environment.Job instance at 0x7f42d2d4e500>,14,12,[9 1],15,32,44,17,15
1,<environment.Job instance at 0x7f42d54632d0>,16,13,[4 7],17,44,57,27,29
1,<environment.Job instance at 0x7f42d2cd27d0>,17,3,[8 1],18,57,60,39,35
1,<environment.Job instance at 0x7f42d53f1d20>,9,1,[5 1],10,44,45,34,35
1,<environment.Job instance at 0x7f42d7f8ddc0>,25,2,[4 7],26,60,62,34,41
1,<environment.Job instance at 0x7f42d3096a50>,30,15,[10  4],31,62,77,31,58
1,<environment.Job instance at 0x7f42d2e6d1e0>,36,12,[2 7],37,90,102,53,90
1,<environment.Job instance at 0x7f42d2c1f640>,37,14,[ 4 10],38,102,116,64,97
1,<environment.Job instance at 0x7f42d2a9b870>,38,18,[4 6],39,116,134,77,109
1,<environment.Job instance at 0x7f428d269910>,42,16,[3 8],43,134,150,91,121
1,<environment.Job instance at 0x7f42d5827fa0>,50,16,[ 3 10],51,150,166,99,137
1,<environment.Job instance at 0x7f428cf1c640>,53,13,[5 5],54,166,179,112,150
1,<environment.Job instance at 0x7f42d53f2730>,55,14,[4 6],56,179,193,123,164
1,<environment.Job instance at 0x7f42d59320f0>,58,3,[2 6],59,193,196,134,167
1,<environment.Job instance at 0x7f42d2c32d70>,61,2,[7 1],62,193,195,131,167
1,<environment.Job instance at 0x7f428d336af0>,66,14,[6 4],67,179,193,112,175
1,<environment.Job instance at 0x7f428d336500>,68,17,[3 7],69,196,213,127,184
1,<environment.Job instance at 0x7f42d2c6cb90>,73,12,[7 4],74,213,225,139,196
1,<environment.Job instance at 0x7f42d2c6c5a0>,74,3,[ 3 10],75,225,228,150,199
1,<environment.Job instance at 0x7f42d2c6c9b0>,75,1,[7 3],76,199,200,123,199
1,<environment.Job instance at 0x7f42d2c6caa0>,81,3,[3 9],82,228,231,146,215
1,<environment.Job instance at 0x7f42d2c6caf0>,72,17,[6 4],73,231,248,158,219
1,<environment.Job instance at 0x7f428d639410>,4,16,[2 7],5,7,23,2,7
1,<environment.Job instance at 0x7f428d269f50>,13,1,[10  1],14,23,24,9,14
1,<environment.Job instance at 0x7f42d553b820>,14,17,[9 2],15,24,41,9,16
1,<environment.Job instance at 0x7f42d2e2d0a0>,16,2,[5 9],17,41,43,24,17
1,<environment.Job instance at 0x7f42d80abd20>,17,2,[10  3],18,43,45,25,18
1,<environment.Job instance at 0x7f428d639b40>,6,13,[5 5],7,45,58,38,30
1,<environment.Job instance at 0x7f428d333280>,19,14,[5 1],20,45,59,25,34
1,<environment.Job instance at 0x7f42d553b8c0>,22,18,[4 7],23,58,76,35,47
1,<environment.Job instance at 0x7f42d2eea4b0>,26,18,[8 3],27,76,94,49,65
1,<environment.Job instance at 0x7f42d3096b90>,30,26,[4 9],31,96,122,65,96
1,<environment.Job instance at 0x7f42d55a7780>,48,14,[1 7],49,134,148,85,134
1,<environment.Job instance at 0x7f42d2dc1fa0>,49,18,[6 4],50,148,166,98,137
1,<environment.Job instance at 0x7f42d2dc17d0>,53,1,[10  5],54,166,167,112,153
1,<environment.Job instance at 0x7f42d2dc1b90>,58,15,[7 3],59,167,182,108,160
1,<environment.Job instance at 0x7f42d2dc1a50>,60,14,[10  1],61,182,196,121,168
1,<environment.Job instance at 0x7f428d306d70>,69,3,[10  5],70,216,219,146,216
1,<environment.Job instance at 0x7f428d306780>,71,2,[1 6],72,225,227,153,225
1,<environment.Job instance at 0x7f42d2dc1f50>,59,17,[9 2],60,225,242,165,225
1,<environment.Job instance at 0x7f42d5768640>,2,2,[3 6],3,6,8,3,6
1,<environment.Job instance at 0x7f42d82c8140>,6,3,[5 8],7,8,11,1,7
1,<environment.Job instance at 0x7f42d81136e0>,7,20,[1 8],8,11,31,3,9
1,<environment.Job instance at 0x7f42d2c2baf0>,4,3,[4 5],5,31,34,26,12
1,<environment.Job instance at 0x7f42d59524b0>,12,3,[5 9],13,34,37,21,14
1,<environment.Job instance at 0x7f42d5952e10>,16,12,[3 9],17,37,49,20,23
1,<environment.Job instance at 0x7f42d5952a50>,14,3,[2 7],15,49,52,34,34
1,<environment.Job instance at 0x7f428d4ef5a0>,26,1,[7 4],27,52,53,25,41
1,<environment.Job instance at 0x7f428d4ebf00>,18,16,[4 8],19,53,69,34,42
1,<environment.Job instance at 0x7f428d4ef730>,29,18,[2 7],30,69,87,39,58
1,<environment.Job instance at 0x7f428d4efb90>,34,13,[8 2],35,69,82,34,63
1,<environment.Job instance at 0x7f428d4efdc0>,38,13,[2 5],39,87,100,48,71
1,<environment.Job instance at 0x7f428d4f3190>,42,15,[ 2 10],43,100,115,57,86
1,<environment.Job instance at 0x7f428d4f3370>,47,1,[7 3],48,96,97,48,96
1,<environment.Job instance at 0x7f428d4f3550>,49,18,[2 7],50,116,134,66,116
1,<environment.Job instance at 0x7f428d4f3960>,52,2,[5 7],53,134,136,81,121
1,<environment.Job instance at 0x7f428d4f3a00>,53,14,[ 4 10],54,136,150,82,121
1,<environment.Job instance at 0x7f428d4f3b40>,55,1,[ 2 10],56,150,151,94,123
1,<environment.Job instance at 0x7f428d4f3c80>,57,15,[7 4],58,151,166,93,137
1,<environment.Job instance at 0x7f428d4f3f50>,62,3,[1 8],63,166,169,103,163
1,<environment.Job instance at 0x7f428d4f3be0>,56,16,[1 6],57,169,185,112,163
1,<environment.Job instance at 0x7f428d4d12d0>,63,12,[3 8],64,185,197,121,168
1,<environment.Job instance at 0x7f428d4d1050>,67,13,[9 1],68,168,181,100,168
1,<environment.Job instance at 0x7f428d4d1550>,68,2,[7 4],69,181,183,112,168
1,<environment.Job instance at 0x7f428d4d15f0>,69,2,[5 1],70,183,185,113,168
1,<environment.Job instance at 0x7f428d4d1820>,72,13,[9 1],73,197,210,124,191
1,<environment.Job instance at 0x7f428d4d1870>,74,13,[4 8],75,210,223,135,194
1,<environment.Job instance at 0x7f428d4d1be0>,79,15,[2 6],80,223,238,143,209
1,<environment.Job instance at 0x7f428d4d1e60>,80,2,[5 5],81,238,240,157,212
1,<environment.Job instance at 0x7f428d4d1f00>,84,3,[4 5],85,238,241,153,218
1,<environment.Job instance at 0x7f428d2f0e60>,4,18,[10  2],5,7,25,2,7
1,<environment.Job instance at 0x7f42d2bdc3c0>,13,14,[ 5 10],14,25,39,11,14
1,<environment.Job instance at 0x7f42d2d8c320>,16,17,[3 5],17,39,56,22,27
1,<environment.Job instance at 0x7f42d2d8c9b0>,22,12,[10  4],23,56,68,33,42
1,<environment.Job instance at 0x7f42d2d8c7d0>,24,13,[ 5 10],25,68,81,43,52
1,<environment.Job instance at 0x7f42d538a9b0>,28,18,[5 5],29,81,99,52,70
1,<environment.Job instance at 0x7f42d538aaf0>,31,15,[5 4],32,81,96,49,78
1,<environment.Job instance at 0x7f42d538a3c0>,36,15,[3 5],37,96,111,59,89
1,<environment.Job instance at 0x7f42d2bdcdc0>,10,1,[ 2 10],11,111,112,100,90
1,<environment.Job instance at 0x7f428ce5b3c0>,38,2,[7 5],39,99,101,60,91
1,<environment.Job instance at 0x7f428ce5be10>,39,14,[5 4],40,112,126,72,108
1,<environment.Job instance at 0x7f428ce5bcd0>,40,12,[10  1],41,126,138,85,109
1,<environment.Job instance at 0x7f428ce5b820>,44,17,[1 9],45,138,155,93,126
1,<environment.Job instance at 0x7f428ce5b230>,41,1,[5 5],42,155,156,113,148
1,<environment.Job instance at 0x7f42d31916e0>,50,3,[2 8],51,156,159,105,148
1,<environment.Job instance at 0x7f42d5577190>,53,1,[8 5],54,159,160,105,148
1,<environment.Job instance at 0x7f42d55777d0>,54,18,[5 5],55,160,178,105,152
1,<environment.Job instance at 0x7f428d4199b0>,61,13,[10  4],62,178,191,116,162
1,<environment.Job instance at 0x7f428d419b90>,65,1,[5 9],66,191,192,125,176
1,<environment.Job instance at 0x7f428d419a00>,64,15,[5 6],65,192,207,127,178
1,<environment.Job instance at 0x7f42d547a550>,69,13,[6 4],70,207,220,137,191
1,<environment.Job instance at 0x7f42d5595c30>,72,2,[3 6],73,207,209,134,192
1,<environment.Job instance at 0x7f42d7f78c80>,77,17,[1 9],78,220,237,142,208
1,<environment.Job instance at 0x7f42d2d57320>,4,16,[7 4],5,5,21,0,5
1,<environment.Job instance at 0x7f42d2bdc780>,10,15,[5 3],11,21,36,10,11
1,<environment.Job instance at 0x7f42d2bdcb90>,11,18,[4 7],12,21,39,9,12
1,<environment.Job instance at 0x7f42d2bdcc80>,17,1,[10  4],18,39,40,21,26
1,<environment.Job instance at 0x7f42d2bdcbe0>,18,2,[3 6],19,40,42,21,26
1,<environment.Job instance at 0x7f42d2bdc500>,13,17,[9 1],14,42,59,28,30
1,<environment.Job instance at 0x7f42d80b10a0>,26,1,[5 5],27,59,60,32,41
1,<environment.Job instance at 0x7f42d80b1140>,27,15,[6 2],28,60,75,32,46
1,<environment.Job instance at 0x7f42d2fe83c0>,31,3,[1 8],32,54,57,22,54
1,<environment.Job instance at 0x7f42d2bdc8c0>,20,15,[5 5],21,75,90,54,61
1,<environment.Job instance at 0x7f42d2fe81e0>,38,2,[6 3],39,90,92,51,78
1,<environment.Job instance at 0x7f42d2fe85f0>,39,2,[1 9],40,92,94,52,78
1,<environment.Job instance at 0x7f42d2fe87d0>,37,12,[5 9],38,94,106,56,78
1,<environment.Job instance at 0x7f42d2ad35f0>,45,17,[10  3],46,106,123,60,94
1,<environment.Job instance at 0x7f42d2ad3730>,48,14,[6 4],49,123,137,74,112
1,<environment.Job instance at 0x7f42d546f190>,52,14,[ 4 10],53,137,151,84,126
1,<environment.Job instance at 0x7f42d2b8d820>,57,16,[1 8],58,151,167,93,138
1,<environment.Job instance at 0x7f42d2b8d730>,61,15,[8 4],62,167,182,105,153
1,<environment.Job instance at 0x7f42d2b8df50>,59,26,[2 6],60,173,199,113,173
1,<environment.Job instance at 0x7f42d536fe10>,71,1,[5 4],72,182,183,110,173
1,<environment.Job instance at 0x7f42d536faa0>,69,2,[9 3],70,199,201,129,177
1,<environment.Job instance at 0x7f42d536f410>,74,13,[2 8],75,201,214,126,185
1,<environment.Job instance at 0x7f42d536f1e0>,76,17,[3 7],77,214,231,137,203
1,<environment.Job instance at 0x7f42d2b82910>,80,2,[4 6],81,231,233,150,208
1,<environment.Job instance at 0x7f42d2b82500>,3,16,[3 8],4,4,20,0,4
1,<environment.Job instance at 0x7f42d57c08c0>,11,12,[4 7],12,20,32,8,12
1,<environment.Job instance at 0x7f42d55180f0>,9,1,[9 4],10,32,33,22,14
1,<environment.Job instance at 0x7f42d552aaf0>,13,3,[3 9],14,33,36,19,16
1,<environment.Job instance at 0x7f42d2a45640>,12,17,[9 4],13,36,53,23,24
1,<environment.Job instance at 0x7f428ce458c0>,17,12,[1 6],18,36,48,18,32
1,<environment.Job instance at 0x7f428ce453c0>,20,12,[4 8],21,53,65,32,36
1,<environment.Job instance at 0x7f428ce45820>,24,2,[3 6],25,65,67,40,38
1,<environment.Job instance at 0x7f428ce45500>,25,3,[2 8],26,67,70,41,41
1,<environment.Job instance at 0x7f428ce4cc30>,27,1,[5 3],28,65,66,37,42
1,<environment.Job instance at 0x7f42d2fd3b40>,31,2,[1 9],32,70,72,38,53
1,<environment.Job instance at 0x7f42d2fd3820>,30,18,[6 4],31,72,90,41,61
1,<environment.Job instance at 0x7f42d2fd38c0>,32,3,[10  4],33,90,93,57,68
1,<environment.Job instance at 0x7f42d2fec140>,38,13,[8 5],39,93,106,54,77
1,<environment.Job instance at 0x7f42d2fd3050>,29,3,[10  1],30,106,109,76,82
1,<environment.Job instance at 0x7f428ce58fa0>,43,3,[ 4 10],44,109,112,65,86
1,<environment.Job instance at 0x7f428ce20f50>,47,18,[1 6],48,112,130,64,105
1,<environment.Job instance at 0x7f42d3115460>,50,17,[9 2],51,112,129,61,107
1,<environment.Job instance at 0x7f42d2bc20f0>,58,3,[10  4],59,130,133,71,128
1,<environment.Job instance at 0x7f42d53c3dc0>,59,18,[6 2],60,133,151,73,128
1,<environment.Job instance at 0x7f428d3d5a00>,61,1,[2 5],62,133,134,71,130
1,<environment.Job instance at 0x7f428d3d58c0>,62,13,[ 3 10],63,151,164,88,135
1,<environment.Job instance at 0x7f42d2ba5e60>,66,16,[9 2],67,164,180,97,151
1,<environment.Job instance at 0x7f42d53c5550>,71,2,[6 1],72,180,182,108,166
1,<environment.Job instance at 0x7f42d53c5a00>,74,2,[2 5],75,180,182,105,166
1,<environment.Job instance at 0x7f42d53c5690>,76,18,[5 5],77,182,200,105,171
1,<environment.Job instance at 0x7f428cca2460>,81,14,[10  1],82,200,214,118,185
1,<environment.Job instance at 0x7f428cca2fa0>,88,12,[3 9],89,214,226,125,198
1,<environment.Job instance at 0x7f428d22ed70>,6,1,[5 7],7,7,8,0,7
1,<environment.Job instance at 0x7f428d22e460>,7,15,[3 6],8,8,23,0,8
1,<environment.Job instance at 0x7f42d2d57640>,3,12,[5 4],4,8,20,4,8
1,<environment.Job instance at 0x7f42d55786e0>,8,14,[ 1 10],9,23,37,14,9
1,<environment.Job instance at 0x7f42d596b370>,14,13,[3 6],15,37,50,22,24
1,<environment.Job instance at 0x7f428d22e960>,12,2,[3 7],13,50,52,37,28
1,<environment.Job instance at 0x7f42d5678500>,15,2,[8 1],16,52,54,36,30
1,<environment.Job instance at 0x7f42d2d4c3c0>,20,3,[ 4 10],21,54,57,33,52
1,<environment.Job instance at 0x7f428d3091e0>,21,2,[2 9],22,52,54,30,52
1,<environment.Job instance at 0x7f428cfc0e60>,23,3,[8 1],24,57,60,33,52
1,<environment.Job instance at 0x7f428cf3aa50>,24,17,[2 7],25,57,74,32,52
1,<environment.Job instance at 0x7f42d2f85320>,25,14,[7 2],26,60,74,34,52
1,<environment.Job instance at 0x7f42d2d4c140>,18,16,[10  3],19,74,90,55,61
1,<environment.Job instance at 0x7f42d5678be0>,17,1,[ 4 10],18,90,91,72,64
1,<environment.Job instance at 0x7f42d2dd3be0>,32,17,[6 4],33,91,108,58,79
1,<environment.Job instance at 0x7f428d2e6910>,38,3,[ 4 10],39,108,111,69,84
1,<environment.Job instance at 0x7f428d2e6820>,40,15,[1 8],41,111,126,70,97
1,<environment.Job instance at 0x7f42d2c53fa0>,29,18,[5 1],30,111,129,81,111
1,<environment.Job instance at 0x7f428d2e60a0>,44,14,[ 3 10],45,129,143,84,114
1,<environment.Job instance at 0x7f428d2e6050>,46,1,[ 5 10],47,143,144,96,127
1,<environment.Job instance at 0x7f428cdfc050>,56,1,[5 9],57,127,128,70,127
1,<environment.Job instance at 0x7f428cdfc500>,57,2,[10  2],58,144,146,86,127
1,<environment.Job instance at 0x7f42d80b6cd0>,58,2,[8 5],59,146,148,87,127
1,<environment.Job instance at 0x7f42d58da230>,62,2,[5 3],63,148,150,85,130
1,<environment.Job instance at 0x7f428d2e6870>,45,1,[6 1],46,150,151,104,133
1,<environment.Job instance at 0x7f42d2a914b0>,64,1,[6 1],65,151,152,86,135
1,<environment.Job instance at 0x7f42d30cf870>,63,18,[4 5],64,148,166,84,140
1,<environment.Job instance at 0x7f428d1735a0>,71,16,[4 6],72,166,182,94,153
1,<environment.Job instance at 0x7f428ce00280>,78,16,[ 5 10],79,182,198,103,172
1,<environment.Job instance at 0x7f42d2d35190>,88,18,[ 5 10],89,198,216,109,198
1,<environment.Job instance at 0x7f42d55f1690>,12,2,[10  3],13,41,43,28,41
1,<environment.Job instance at 0x7f42d55f1230>,13,1,[1 7],14,43,44,29,41
1,<environment.Job instance at 0x7f42d55f11e0>,15,14,[1 7],16,63,77,47,63
1,<environment.Job instance at 0x7f428d41a5f0>,17,18,[1 9],18,77,95,59,66
1,<environment.Job instance at 0x7f428d41afa0>,22,18,[10  5],23,95,113,72,84
1,<environment.Job instance at 0x7f428d41a410>,16,3,[8 2],17,113,116,96,100
1,<environment.Job instance at 0x7f428d41aa50>,26,1,[7 3],27,116,117,89,101
1,<environment.Job instance at 0x7f42d9164f00>,27,15,[ 4 10],28,117,132,89,105
1,<environment.Job instance at 0x7f428d560c30>,33,13,[3 9],34,132,145,98,116
1,<environment.Job instance at 0x7f428d560820>,39,12,[5 8],40,145,157,105,128
1,<environment.Job instance at 0x7f428d5602d0>,50,13,[5 8],51,157,170,106,143
1,<environment.Job instance at 0x7f42d81f2b40>,52,3,[2 8],53,170,173,117,162
1,<environment.Job instance at 0x7f42d57680f0>,55,17,[1 7],56,176,193,120,176
1,<environment.Job instance at 0x7f42d5768c30>,58,13,[10  4],59,193,206,134,178
1,<environment.Job instance at 0x7f428cfc8550>,66,15,[ 3 10],67,206,221,139,200
1,<environment.Job instance at 0x7f428cfc8870>,69,12,[7 5],70,221,233,151,204
1,<environment.Job instance at 0x7f428cfc8d70>,73,18,[9 2],74,233,251,159,222
1,<environment.Job instance at 0x7f428d14fcd0>,3,14,[ 4 10],4,4,18,0,4
1,<environment.Job instance at 0x7f428d1c53c0>,10,2,[3 5],11,18,20,7,12
1,<environment.Job instance at 0x7f428ce42910>,11,12,[3 5],12,18,30,6,12
1,<environment.Job instance at 0x7f42d2a54410>,12,2,[1 9],13,30,32,17,13
1,<environment.Job instance at 0x7f428d41a640>,13,1,[3 7],14,32,33,18,14
1,<environment.Job instance at 0x7f428ced0d20>,14,3,[8 5],15,33,36,18,15
1,<environment.Job instance at 0x7f428d158050>,15,2,[9 5],16,36,38,20,16
1,<environment.Job instance at 0x7f428d336eb0>,18,14,[5 4],19,38,52,19,24
1,<environment.Job instance at 0x7f428d3321e0>,26,17,[1 6],27,38,55,11,38
1,<environment.Job instance at 0x7f428d314e60>,27,13,[9 4],28,52,65,24,38
1,<environment.Job instance at 0x7f428cdf5b90>,36,16,[4 8],37,78,94,41,78
1,<environment.Job instance at 0x7f428d3142d0>,37,15,[4 8],38,94,109,56,80
1,<environment.Job instance at 0x7f42d2f78910>,44,17,[1 6],45,109,126,64,97
1,<environment.Job instance at 0x7f428cde5cd0>,49,3,[2 7],50,126,129,76,112
1,<environment.Job instance at 0x7f428cc86cd0>,16,16,[4 9],17,129,145,112,116
1,<environment.Job instance at 0x7f428d0d3af0>,51,1,[6 2],52,121,122,69,121
1,<environment.Job instance at 0x7f428cdcc0f0>,53,15,[8 4],54,145,160,91,131
1,<environment.Job instance at 0x7f42d2fa3d70>,58,1,[5 6],59,160,161,101,135
1,<environment.Job instance at 0x7f428d1d5280>,59,1,[3 8],60,161,162,101,135
1,<environment.Job instance at 0x7f42d2f98140>,56,12,[3 5],57,162,174,105,145
1,<environment.Job instance at 0x7f42d2fa3b90>,62,2,[8 4],63,174,176,111,148
1,<environment.Job instance at 0x7f42d2f98d20>,57,3,[7 5],58,162,165,104,151
1,<environment.Job instance at 0x7f428d0baf50>,67,3,[1 6],68,155,158,87,155
1,<environment.Job instance at 0x7f428d0d3690>,52,17,[ 1 10],53,176,193,123,168
1,<environment.Job instance at 0x7f428d0ba280>,74,2,[7 5],75,193,195,118,177
1,<environment.Job instance at 0x7f428d0ba7d0>,76,16,[ 1 10],77,195,211,118,186
1,<environment.Job instance at 0x7f428d0b3870>,81,17,[ 2 10],82,211,228,129,201
1,<environment.Job instance at 0x7f42d2a54f50>,2,13,[5 3],3,3,16,0,3
1,<environment.Job instance at 0x7f428d4c0f50>,10,13,[8 3],11,16,29,5,12
1,<environment.Job instance at 0x7f42d5945f50>,12,1,[1 8],13,29,30,16,13
1,<environment.Job instance at 0x7f428d4c07d0>,8,12,[5 4],9,30,42,21,14
1,<environment.Job instance at 0x7f428d5989b0>,16,13,[ 2 10],17,42,55,25,26
1,<environment.Job instance at 0x7f428d120a50>,21,12,[5 3],22,30,42,8,30
1,<environment.Job instance at 0x7f428d355910>,24,16,[5 8],25,55,71,30,42
1,<environment.Job instance at 0x7f42d30821e0>,43,15,[ 2 10],44,71,86,27,63
1,<environment.Job instance at 0x7f42d30827d0>,46,13,[6 4],47,86,99,39,70
1,<environment.Job instance at 0x7f42d30824b0>,48,12,[10  4],49,99,111,50,84
1,<environment.Job instance at 0x7f428d344af0>,61,17,[7 4],62,111,128,49,99
1,<environment.Job instance at 0x7f428ccb38c0>,65,13,[7 4],66,128,141,62,114
1,<environment.Job instance at 0x7f428d2fcf00>,71,1,[5 3],72,141,142,69,127
1,<environment.Job instance at 0x7f428d2fc0f0>,70,15,[5 5],71,141,156,70,127
1,<environment.Job instance at 0x7f428d2a9050>,80,18,[9 3],81,156,174,75,145
1,<environment.Job instance at 0x7f42d51ee370>,88,16,[8 4],89,174,190,85,161
1,<environment.Job instance at 0x7f428cc86b90>,1,3,[6 5],2,2,5,0,2
1,<environment.Job instance at 0x7f42d539ff50>,6,15,[4 6],7,7,22,0,7
1,<environment.Job instance at 0x7f428cd2f0a0>,8,3,[4 7],9,22,25,13,9
1,<environment.Job instance at 0x7f428cd3b9b0>,15,16,[3 5],16,25,41,9,19
1,<environment.Job instance at 0x7f428cd3ba00>,16,14,[6 2],17,19,33,2,19
1,<environment.Job instance at 0x7f428cd3b320>,20,14,[8 2],21,41,55,20,26
1,<environment.Job instance at 0x7f428d499460>,26,12,[5 3],27,55,67,28,38
1,<environment.Job instance at 0x7f428d499820>,29,13,[4 7],30,55,68,25,48
1,<environment.Job instance at 0x7f428cd3bcd0>,14,2,[10  2],15,68,70,53,48
1,<environment.Job instance at 0x7f428d499280>,32,14,[5 2],33,70,84,37,55
1,<environment.Job instance at 0x7f42d2b04dc0>,34,1,[ 2 10],35,84,85,49,56
1,<environment.Job instance at 0x7f42d2b04050>,39,3,[ 4 10],40,85,88,45,69
1,<environment.Job instance at 0x7f42d2b048c0>,40,13,[5 8],41,70,83,29,69
1,<environment.Job instance at 0x7f42d2b04a00>,43,15,[ 3 10],44,88,103,44,74
1,<environment.Job instance at 0x7f42d2b04f50>,45,14,[7 5],46,103,117,57,88
1,<environment.Job instance at 0x7f42d2b04a50>,41,16,[5 2],42,117,133,75,104
1,<environment.Job instance at 0x7f42d2ae7870>,51,3,[1 5],52,106,109,54,106
1,<environment.Job instance at 0x7f42d2ae7640>,49,1,[9 3],50,133,134,83,107
1,<environment.Job instance at 0x7f428d630190>,54,1,[10  4],55,134,135,79,114
1,<environment.Job instance at 0x7f428d630fa0>,55,2,[8 4],56,135,137,79,114
1,<environment.Job instance at 0x7f428d630f50>,52,12,[8 2],53,137,149,84,120
1,<environment.Job instance at 0x7f428d630730>,60,1,[1 9],61,150,151,89,150
1,<environment.Job instance at 0x7f428d6300f0>,61,16,[8 4],62,151,167,89,151
1,<environment.Job instance at 0x7f428d6300a0>,62,1,[1 5],63,151,152,88,151
1,<environment.Job instance at 0x7f428d630a00>,63,12,[6 5],64,167,179,103,151
1,<environment.Job instance at 0x7f428d630410>,64,2,[3 6],65,179,181,114,152
1,<environment.Job instance at 0x7f428d630690>,67,16,[8 4],68,181,197,113,168
1,<environment.Job instance at 0x7f428cd49c80>,74,14,[5 3],75,197,211,122,182
1,<environment.Job instance at 0x7f428cd49280>,80,12,[9 4],81,211,223,130,194
1,<environment.Job instance at 0x7f428cd49d20>,82,14,[3 7],83,197,211,114,194
1,<environment.Job instance at 0x7f428cd49aa0>,83,16,[ 5 10],84,223,239,139,210
1,<environment.Job instance at 0x7f42d5785aa0>,3,13,[6 5],4,4,17,0,4
1,<environment.Job instance at 0x7f42d596bb90>,7,18,[ 1 10],8,17,35,9,8
1,<environment.Job instance at 0x7f42d596b4b0>,11,3,[4 5],12,13,16,1,13
1,<environment.Job instance at 0x7f42d596b0f0>,10,2,[3 9],11,35,37,24,14
1,<environment.Job instance at 0x7f42d596bd70>,8,12,[6 3],9,37,49,28,20
1,<environment.Job instance at 0x7f428ce5e910>,19,17,[5 2],20,49,66,29,37
1,<environment.Job instance at 0x7f428ce5ed70>,22,3,[8 4],23,66,69,43,42
1,<environment.Job instance at 0x7f428ce5e050>,23,15,[2 7],24,45,60,21,45
1,<environment.Job instance at 0x7f428ce5eb90>,21,17,[9 3],22,69,86,47,57
1,<environment.Job instance at 0x7f428ce552d0>,34,2,[6 5],35,86,88,51,61
1,<environment.Job instance at 0x7f428ce55be0>,36,18,[7 3],37,88,106,51,77
1,<environment.Job instance at 0x7f428ce55410>,39,2,[1 6],40,77,79,37,77
1,<environment.Job instance at 0x7f428ce555a0>,42,15,[5 5],43,106,121,63,103
1,<environment.Job instance at 0x7f428ce48aa0>,49,15,[4 6],50,121,136,71,110
1,<environment.Job instance at 0x7f428ce48370>,55,24,[4 7],56,136,160,80,132
1,<environment.Job instance at 0x7f428ce48280>,56,12,[6 2],57,143,155,86,143
1,<environment.Job instance at 0x7f428ce7a1e0>,60,12,[10  4],61,160,172,99,149
1,<environment.Job instance at 0x7f428ce7ab40>,61,15,[10  4],62,172,187,110,158
1,<environment.Job instance at 0x7f428ce7a960>,62,1,[3 6],63,187,188,124,161
1,<environment.Job instance at 0x7f428ce5e0a0>,24,19,[1 8],25,190,209,165,190
1,<environment.Job instance at 0x7f42d2bce730>,71,1,[7 2],72,192,193,120,192
1,<environment.Job instance at 0x7f42d2bce870>,73,2,[4 9],74,209,211,135,194
1,<environment.Job instance at 0x7f428ce7a140>,66,14,[9 2],67,218,232,151,218
1,<environment.Job instance at 0x7f14f5616230>,0,18,[ 2 10],1,1,19,0,1
1,<environment.Job instance at 0x7f14ee206780>,10,1,[7 3],11,19,20,8,19
1,<environment.Job instance at 0x7f14ee206820>,11,2,[3 9],12,20,22,8,19
1,<environment.Job instance at 0x7f14ee2067d0>,12,3,[6 3],13,22,25,9,19
1,<environment.Job instance at 0x7f14ee206870>,13,13,[1 8],14,25,38,11,19
1,<environment.Job instance at 0x7f14ee206910>,14,12,[3 7],15,38,50,23,21
1,<environment.Job instance at 0x7f14ee206690>,8,17,[ 2 10],9,50,67,41,38
1,<environment.Job instance at 0x7f14ee206e60>,20,1,[3 7],21,67,68,46,51
1,<environment.Job instance at 0x7f14ee2097d0>,28,2,[5 9],29,68,70,39,51
1,<environment.Job instance at 0x7f14ee209690>,30,1,[5 5],31,70,71,39,51
1,<environment.Job instance at 0x7f14ee209820>,27,2,[6 4],28,71,73,43,51
1,<environment.Job instance at 0x7f14ee209910>,32,17,[9 3],33,73,90,40,61
1,<environment.Job instance at 0x7f14ee209d70>,37,14,[5 5],38,90,104,52,75
1,<environment.Job instance at 0x7f14ee20d6e0>,45,16,[6 2],46,110,126,64,110
1,<environment.Job instance at 0x7f14ee20d780>,46,3,[5 4],47,126,129,79,110
1,<environment.Job instance at 0x7f14ee20d960>,49,2,[1 9],50,129,131,79,110
1,<environment.Job instance at 0x7f14ee20df50>,51,2,[4 9],52,131,133,79,114
1,<environment.Job instance at 0x7f14ee20e1e0>,55,17,[4 7],56,133,150,77,131
1,<environment.Job instance at 0x7f14ee20e410>,59,14,[ 2 10],60,150,164,90,140
1,<environment.Job instance at 0x7f14ee2066e0>,9,17,[ 4 10],10,164,181,154,156
1,<environment.Job instance at 0x7f14ee20e910>,65,13,[3 5],66,181,194,115,167
1,<environment.Job instance at 0x7f14ee20ebe0>,66,3,[ 2 10],67,194,197,127,168
1,<environment.Job instance at 0x7f14ee20e6e0>,64,12,[6 1],65,181,193,116,181
1,<environment.Job instance at 0x7f14ee20ef00>,69,13,[7 2],70,197,210,127,182
1,<environment.Job instance at 0x7f14ee20ee60>,71,1,[8 2],72,210,211,138,182
1,<environment.Job instance at 0x7f14ee20ed20>,73,3,[10  4],74,211,214,137,190
1,<environment.Job instance at 0x7f14ee20b6e0>,79,17,[2 7],80,214,231,134,204
1,<environment.Job instance at 0x7f14ee20ba50>,82,3,[10  1],83,231,234,148,213
1,<environment.Job instance at 0x7f14ee20bbe0>,84,12,[3 5],85,234,246,149,217
1,<environment.Job instance at 0x7f14f563faa0>,3,17,[5 6],4,7,24,3,7
1,<environment.Job instance at 0x7f14f578a320>,12,2,[4 8],13,39,41,26,39
1,<environment.Job instance at 0x7f14f578a280>,13,3,[1 6],14,41,44,27,39
1,<environment.Job instance at 0x7f14f578ac30>,15,14,[9 1],16,41,55,25,39
1,<environment.Job instance at 0x7f14ee206410>,6,12,[2 6],7,55,67,48,39
1,<environment.Job instance at 0x7f14f578a820>,9,3,[5 3],10,62,65,52,62
1,<environment.Job instance at 0x7f14f577dd70>,18,3,[2 7],19,67,70,48,66
1,<environment.Job instance at 0x7f14f5642e60>,25,15,[5 3],26,75,90,49,75
1,<environment.Job instance at 0x7f14f57872d0>,27,3,[1 8],28,90,93,62,76
1,<environment.Job instance at 0x7f14f5787190>,29,14,[8 1],30,90,104,60,76
1,<environment.Job instance at 0x7f14f57876e0>,33,3,[2 9],34,93,96,59,86
1,<environment.Job instance at 0x7f14f57839b0>,36,18,[1 6],37,113,131,76,113
1,<environment.Job instance at 0x7f14f5787e60>,30,16,[9 3],31,125,141,94,125
1,<environment.Job instance at 0x7f14f5783730>,39,3,[1 7],40,131,134,91,126
1,<environment.Job instance at 0x7f14f5783370>,41,16,[5 4],42,141,157,99,128
1,<environment.Job instance at 0x7f14f5783820>,42,2,[4 9],43,157,159,114,130
1,<environment.Job instance at 0x7f14f57836e0>,38,14,[5 1],39,141,155,102,130
1,<environment.Job instance at 0x7f14f5642050>,24,15,[9 1],25,159,174,134,145
1,<environment.Job instance at 0x7f14f578b230>,44,1,[7 1],45,174,175,129,147
1,<environment.Job instance at 0x7f14f578bc80>,47,3,[ 2 10],48,175,178,127,149
1,<environment.Job instance at 0x7f14f578be60>,49,3,[5 5],50,178,181,128,155
1,<environment.Job instance at 0x7f14f5791500>,55,14,[3 8],56,181,195,125,166
1,<environment.Job instance at 0x7f14f5791dc0>,60,12,[6 3],61,195,207,134,178
1,<environment.Job instance at 0x7f14f57915a0>,63,15,[4 8],64,207,222,143,193
1,<environment.Job instance at 0x7f14f5791a00>,67,18,[5 2],68,207,225,139,197
1,<environment.Job instance at 0x7f14f5615b40>,68,18,[4 6],69,222,240,153,211
1,<environment.Job instance at 0x7f14f5615280>,71,14,[5 3],72,225,239,153,211
1,<environment.Job instance at 0x7f14ee1aceb0>,74,1,[9 4],75,240,241,165,221
1,<environment.Job instance at 0x7f14f5615a00>,73,12,[1 7],74,241,253,167,225
1,<environment.Job instance at 0x7f14aa55db90>,4,17,[10  2],5,7,24,2,7
1,<environment.Job instance at 0x7f14aa5acbe0>,12,17,[10  4],13,24,41,11,13
1,<environment.Job instance at 0x7f14aa5ac320>,23,15,[5 6],24,41,56,17,34
1,<environment.Job instance at 0x7f14aa5acaa0>,25,17,[3 5],26,62,79,36,62
1,<environment.Job instance at 0x7f14aa5acc80>,29,12,[5 4],30,69,81,39,69
1,<environment.Job instance at 0x7f14aa5aceb0>,31,13,[3 6],32,79,92,47,79
1,<environment.Job instance at 0x7f14aa5aca50>,32,16,[8 5],33,92,108,59,79
1,<environment.Job instance at 0x7f14aa5c1190>,38,18,[3 8],39,108,126,69,97
1,<environment.Job instance at 0x7f14aa5c1af0>,42,3,[3 9],43,126,129,83,110
1,<environment.Job instance at 0x7f14aa5c1550>,43,18,[1 6],44,129,147,85,118
1,<environment.Job instance at 0x7f14aa5c1960>,46,17,[2 6],47,147,164,100,135
1,<environment.Job instance at 0x7f14aa5995f0>,53,14,[3 5],54,164,178,110,151
1,<environment.Job instance at 0x7f14f56159b0>,5,17,[5 9],6,185,202,179,185
1,<environment.Job instance at 0x7f14aa599820>,67,14,[3 5],68,202,216,134,191
1,<environment.Job instance at 0x7f14aa6021e0>,69,1,[8 5],70,216,217,146,194
1,<environment.Job instance at 0x7f14aa602b40>,70,1,[9 5],71,217,218,146,194
1,<environment.Job instance at 0x7f14aa602050>,73,18,[7 5],74,218,236,144,213
1,<environment.Job instance at 0x7f14aa602730>,79,13,[5 7],80,236,249,156,221
1,<environment.Job instance at 0x7f14f5780af0>,1,2,[3 8],2,2,4,0,2
1,<environment.Job instance at 0x7f14aa625460>,7,17,[7 5],8,8,25,0,8
1,<environment.Job instance at 0x7f14ee045640>,4,1,[3 8],5,25,26,20,8
1,<environment.Job instance at 0x7f14aa625320>,9,1,[8 5],10,26,27,16,12
1,<environment.Job instance at 0x7f14aa625550>,10,14,[2 8],11,27,41,16,13
1,<environment.Job instance at 0x7f14aa625140>,12,2,[7 1],13,27,29,14,14
1,<environment.Job instance at 0x7f14aa991640>,17,14,[7 1],18,29,43,11,20
1,<environment.Job instance at 0x7f14aa625230>,15,2,[4 6],16,43,45,27,28
1,<environment.Job instance at 0x7f14aa4e83c0>,23,15,[7 4],24,45,60,21,36
1,<environment.Job instance at 0x7f14aa4e8b40>,29,3,[8 4],30,60,63,30,46
1,<environment.Job instance at 0x7f14aa4e8a00>,30,13,[ 4 10],31,63,76,32,47
1,<environment.Job instance at 0x7f14aa9974b0>,38,14,[10  4],39,76,90,37,63
1,<environment.Job instance at 0x7f14aa9914b0>,14,16,[8 3],15,90,106,75,77
1,<environment.Job instance at 0x7f14ee20b5a0>,48,17,[2 8],49,106,123,57,97
1,<environment.Job instance at 0x7f14ee20bf00>,52,15,[7 3],53,123,138,70,112
1,<environment.Job instance at 0x7f14ee20b320>,55,16,[2 6],56,123,139,67,112
1,<environment.Job instance at 0x7f14f553afa0>,57,16,[ 3 10],58,139,155,81,126
1,<environment.Job instance at 0x7f14aa604c30>,62,2,[1 5],63,155,157,92,136
1,<environment.Job instance at 0x7f14aa6042d0>,63,12,[8 5],64,155,167,91,138
1,<environment.Job instance at 0x7f14aa604e10>,65,12,[2 5],66,157,169,91,155
1,<environment.Job instance at 0x7f14aa6046e0>,66,3,[2 7],67,169,172,102,155
1,<environment.Job instance at 0x7f14aa604280>,68,3,[4 7],69,172,175,103,156
1,<environment.Job instance at 0x7f14aa604d70>,67,13,[ 1 10],68,175,188,107,159
1,<environment.Job instance at 0x7f14aa604050>,76,15,[4 9],77,188,203,111,177
1,<environment.Job instance at 0x7f14aa96ac30>,78,14,[3 6],79,203,217,124,194
1,<environment.Job instance at 0x7f14aa96a500>,81,3,[10  4],82,217,220,135,195
1,<environment.Job instance at 0x7f14aa96a730>,82,2,[6 4],83,203,205,120,195
1,<environment.Job instance at 0x7f14aa96ab40>,84,2,[1 9],85,220,222,135,198
1,<environment.Job instance at 0x7f14aa604a50>,69,18,[ 2 10],70,222,240,152,212
1,<environment.Job instance at 0x7f14aa97bc30>,1,3,[3 7],2,2,5,0,2
1,<environment.Job instance at 0x7f14aa5ab960>,7,13,[4 6],8,9,22,1,9
1,<environment.Job instance at 0x7f14aa5cd2d0>,8,14,[2 7],9,22,36,13,11
1,<environment.Job instance at 0x7f14ee20bc30>,5,12,[4 7],6,36,48,30,19
1,<environment.Job instance at 0x7f14aa63dc80>,12,13,[8 1],13,22,35,9,19
1,<environment.Job instance at 0x7f14aa63c230>,14,3,[2 5],15,48,51,33,27
1,<environment.Job instance at 0x7f14aa8568c0>,9,17,[5 1],10,35,52,25,27
1,<environment.Job instance at 0x7f14aa9beeb0>,10,2,[9 4],11,52,54,41,27
1,<environment.Job instance at 0x7f14ee647960>,18,13,[8 2],19,54,67,35,38
1,<environment.Job instance at 0x7f14aa904af0>,23,1,[5 2],24,51,52,27,39
1,<environment.Job instance at 0x7f14ee052230>,16,13,[1 6],17,52,65,35,39
1,<environment.Job instance at 0x7f14aa904d70>,26,13,[8 4],27,67,80,40,51
1,<environment.Job instance at 0x7f14aa53cb40>,6,13,[8 3],7,80,93,73,65
1,<environment.Job instance at 0x7f14aa902460>,33,2,[ 4 10],34,93,95,59,72
1,<environment.Job instance at 0x7f14aa902500>,34,2,[5 3],35,95,97,60,72
1,<environment.Job instance at 0x7f14aa902640>,36,13,[7 1],37,97,110,60,81
1,<environment.Job instance at 0x7f14aa9026e0>,37,16,[2 6],38,95,111,57,94
1,<environment.Job instance at 0x7f14aa902b90>,41,2,[5 6],42,111,113,69,97
1,<environment.Job instance at 0x7f14aa902cd0>,40,3,[9 1],41,113,116,72,98
1,<environment.Job instance at 0x7f14aa902fa0>,47,3,[10  3],48,116,119,68,105
1,<environment.Job instance at 0x7f14aa8f1230>,48,12,[ 2 10],49,119,131,70,105
1,<environment.Job instance at 0x7f14aa8f1500>,52,17,[10  3],53,131,148,78,129
1,<environment.Job instance at 0x7f14aa904cd0>,25,16,[10  5],26,148,164,122,137
1,<environment.Job instance at 0x7f14aa8f15f0>,56,2,[9 2],57,164,166,107,137
1,<environment.Job instance at 0x7f14aa8f13c0>,57,2,[5 2],58,166,168,108,140
1,<environment.Job instance at 0x7f14aa8f1a00>,59,3,[8 5],60,168,171,108,145
1,<environment.Job instance at 0x7f14aa8f1b90>,63,14,[3 6],64,171,185,107,162
1,<environment.Job instance at 0x7f14aa8f1dc0>,67,13,[6 5],68,185,198,117,174
1,<environment.Job instance at 0x7f14aa8f1eb0>,69,14,[2 6],70,198,212,128,183
1,<environment.Job instance at 0x7f14aa4114b0>,72,12,[4 9],73,212,224,139,195
1,<environment.Job instance at 0x7f14aa411500>,75,14,[7 3],76,224,238,148,209
1,<environment.Job instance at 0x7f14aa4137d0>,4,1,[2 5],5,15,16,10,15
1,<environment.Job instance at 0x7f14ee20beb0>,8,14,[3 8],9,16,30,7,15
1,<environment.Job instance at 0x7f14ee20b910>,9,3,[3 6],10,30,33,20,15
1,<environment.Job instance at 0x7f14ee20b4b0>,5,2,[9 3],6,33,35,27,15
1,<environment.Job instance at 0x7f14ee20b5a0>,12,12,[3 8],13,35,47,22,18
1,<environment.Job instance at 0x7f14ee20b050>,10,3,[7 3],11,30,33,19,29
1,<environment.Job instance at 0x7f14aa91b730>,2,3,[ 3 10],3,47,50,44,31
1,<environment.Job instance at 0x7f14ee20b320>,11,17,[5 7],12,50,67,38,38
1,<environment.Job instance at 0x7f14ee4d6d70>,19,17,[ 5 10],20,67,84,47,55
1,<environment.Job instance at 0x7f14ee4d6820>,20,18,[4 6],21,84,102,63,73
1,<environment.Job instance at 0x7f14aa604af0>,30,1,[6 5],31,102,103,71,90
1,<environment.Job instance at 0x7f14aa604820>,34,1,[5 7],35,110,111,75,110
1,<environment.Job instance at 0x7f14aa604c80>,27,18,[1 7],28,112,130,84,112
1,<environment.Job instance at 0x7f14aa6047d0>,37,12,[5 5],38,130,142,92,126
1,<environment.Job instance at 0x7f14aa604550>,39,12,[9 1],40,142,154,102,127
1,<environment.Job instance at 0x7f14aa8b11e0>,41,12,[5 9],42,154,166,112,138
1,<environment.Job instance at 0x7f14aa604e60>,38,15,[5 9],39,166,181,127,152
1,<environment.Job instance at 0x7f14edf761e0>,52,3,[4 9],53,181,184,128,159
1,<environment.Job instance at 0x7f14edf76dc0>,56,16,[2 6],57,184,200,127,171
1,<environment.Job instance at 0x7f14ee4b3e60>,58,14,[6 4],59,184,198,125,173
1,<environment.Job instance at 0x7f14ee4b3c30>,61,3,[1 6],62,200,203,138,174
1,<environment.Job instance at 0x7f14ee4b3b90>,62,3,[4 9],63,203,206,140,179
1,<environment.Job instance at 0x7f14ee4b3050>,64,14,[7 5],65,206,220,141,191
1,<environment.Job instance at 0x7f14ee4cf460>,66,2,[ 3 10],67,220,222,153,201
1,<environment.Job instance at 0x7f14aa66bfa0>,72,2,[5 5],73,222,224,149,202
1,<environment.Job instance at 0x7f14aa66bdc0>,73,1,[7 1],74,224,225,150,203
1,<environment.Job instance at 0x7f14aa66bcd0>,75,17,[ 5 10],76,225,242,149,217
1,<environment.Job instance at 0x7f14aa66be10>,1,3,[5 9],2,2,5,0,2
1,<environment.Job instance at 0x7f14aa53c870>,2,2,[7 4],3,5,7,2,3
1,<environment.Job instance at 0x7f14ee4cfc80>,5,13,[3 9],6,7,20,1,6
1,<environment.Job instance at 0x7f14ee0cd500>,10,1,[9 5],11,20,21,9,12
1,<environment.Job instance at 0x7f14aa668960>,12,15,[10  1],13,21,36,8,13
1,<environment.Job instance at 0x7f14ee0f9cd0>,8,17,[2 6],9,36,53,27,25
1,<environment.Job instance at 0x7f14aa668500>,13,17,[5 3],14,36,53,22,25
1,<environment.Job instance at 0x7f14aa668a00>,17,14,[2 5],18,53,67,35,38
1,<environment.Job instance at 0x7f14aa6ca9b0>,22,15,[2 5],23,53,68,30,39
1,<environment.Job instance at 0x7f14aa6cafa0>,23,14,[4 8],24,68,82,44,53
1,<environment.Job instance at 0x7f14aa99dcd0>,28,13,[6 1],29,67,80,38,53
1,<environment.Job instance at 0x7f14ee6a5320>,32,13,[ 5 10],33,82,95,49,66
1,<environment.Job instance at 0x7f14aa668230>,16,13,[3 9],17,95,108,78,84
1,<environment.Job instance at 0x7f14f0c3b9b0>,41,2,[2 9],42,108,110,66,89
1,<environment.Job instance at 0x7f14f0c3b4b0>,42,2,[7 3],43,110,112,67,89
1,<environment.Job instance at 0x7f14f0c3ba50>,43,3,[8 1],44,112,115,68,89
1,<environment.Job instance at 0x7f14f07c99b0>,9,2,[ 4 10],10,115,117,105,100
1,<environment.Job instance at 0x7f14f0c3bf00>,45,12,[10  3],46,117,129,71,100
1,<environment.Job instance at 0x7f14f0c3b5f0>,44,15,[7 3],45,129,144,84,118
1,<environment.Job instance at 0x7f14f0c3bb90>,50,17,[2 6],51,129,146,78,118
1,<environment.Job instance at 0x7f14f0c3b410>,51,2,[5 7],52,146,148,94,145
1,<environment.Job instance at 0x7f14aaabd0f0>,62,15,[10  1],63,148,163,85,147
1,<environment.Job instance at 0x7f14f0d327d0>,64,13,[1 8],65,163,176,98,147
1,<environment.Job instance at 0x7f14ee1605a0>,67,2,[ 2 10],68,176,178,108,155
1,<environment.Job instance at 0x7f14f0c3bd20>,46,14,[5 4],47,178,192,131,171
1,<environment.Job instance at 0x7f14f0ca3d20>,69,16,[5 3],70,178,194,108,175
1,<environment.Job instance at 0x7f14f0ca3730>,71,2,[2 6],72,192,194,120,175
1,<environment.Job instance at 0x7f14f0d320a0>,63,13,[7 5],64,194,207,130,181
1,<environment.Job instance at 0x7f14edfea4b0>,75,3,[1 9],76,207,210,131,181
1,<environment.Job instance at 0x7f14edfeaa00>,77,13,[ 4 10],78,210,223,132,196
1,<environment.Job instance at 0x7f14aa851e60>,79,2,[9 1],80,207,209,127,196
1,<environment.Job instance at 0x7f14aa851910>,82,3,[1 9],83,223,226,140,200
1,<environment.Job instance at 0x7f14aa6abbe0>,86,12,[1 5],87,226,238,139,210
1,<environment.Job instance at 0x7f14f098c640>,88,14,[9 1],89,223,237,134,210
1,<environment.Job instance at 0x7f14ee369fa0>,4,17,[5 1],5,6,23,1,6
1,<environment.Job instance at 0x7f14ee1880f0>,7,12,[7 2],8,23,35,15,15
1,<environment.Job instance at 0x7f14ee1887d0>,12,17,[9 4],13,35,52,22,23
1,<environment.Job instance at 0x7f14f0833500>,16,2,[3 6],17,32,34,15,32
1,<environment.Job instance at 0x7f14f0833410>,17,15,[4 6],18,52,67,34,38
1,<environment.Job instance at 0x7f14aab3fc80>,21,2,[8 4],22,67,69,45,40
1,<environment.Job instance at 0x7f14aab3f820>,22,2,[8 4],23,69,71,46,42
1,<environment.Job instance at 0x7f14ee1881e0>,10,13,[5 3],11,52,65,41,43
1,<environment.Job instance at 0x7f14aab1d2d0>,30,12,[1 7],31,71,83,40,71
1,<environment.Job instance at 0x7f14aab1d5a0>,32,17,[ 2 10],33,83,100,50,73
1,<environment.Job instance at 0x7f14aab3faa0>,24,16,[4 5],25,100,116,75,90
1,<environment.Job instance at 0x7f14aab1de60>,43,15,[4 9],44,116,131,72,107
1,<environment.Job instance at 0x7f14aab134b0>,50,15,[10  4],51,131,146,80,128
1,<environment.Job instance at 0x7f14ee188230>,9,12,[4 6],10,146,158,136,131
1,<environment.Job instance at 0x7f14aab13780>,56,12,[2 7],57,158,170,101,141
1,<environment.Job instance at 0x7f14aab13050>,55,12,[10  1],56,170,182,114,156
1,<environment.Job instance at 0x7f14aab139b0>,61,12,[5 5],62,182,194,120,171
1,<environment.Job instance at 0x7f14aab13f50>,70,16,[ 3 10],71,200,216,129,200
1,<environment.Job instance at 0x7f14aab1de10>,41,21,[4 7],42,216,237,174,213
1,<environment.Job instance at 0x7f14aab0e320>,72,3,[4 8],73,237,240,164,213
1,<environment.Job instance at 0x7f14aa6f7500>,1,3,[3 9],2,2,5,0,2
1,<environment.Job instance at 0x7f14aa688d70>,2,16,[ 3 10],3,5,21,2,3
1,<environment.Job instance at 0x7f14aa859780>,5,17,[ 3 10],6,21,38,15,11
1,<environment.Job instance at 0x7f14ee0b8e10>,14,16,[2 7],15,38,54,23,25
1,<environment.Job instance at 0x7f14aa929e60>,8,18,[1 5],9,54,72,45,45
1,<environment.Job instance at 0x7f14ee16a2d0>,29,14,[5 1],30,91,105,61,91
1,<environment.Job instance at 0x7f14ee200b90>,30,3,[5 7],31,91,94,60,91
1,<environment.Job instance at 0x7f14ee16a140>,31,1,[7 3],32,105,106,73,91
1,<environment.Job instance at 0x7f14aa50ce10>,32,18,[4 7],33,106,124,73,95
1,<environment.Job instance at 0x7f14f09adb90>,35,12,[7 1],36,124,136,88,108
1,<environment.Job instance at 0x7f14aa878eb0>,37,3,[6 3],38,108,111,70,108
1,<environment.Job instance at 0x7f14aa43a3c0>,39,1,[2 5],40,124,125,84,112
1,<environment.Job instance at 0x7f14aa9296e0>,10,19,[4 5],11,136,155,125,126
1,<environment.Job instance at 0x7f14aa74a820>,44,2,[9 3],45,155,157,110,128
1,<environment.Job instance at 0x7f14f55ed230>,46,13,[9 3],47,157,170,110,141
1,<environment.Job instance at 0x7f14aa394f00>,49,15,[5 7],50,170,185,120,156
1,<environment.Job instance at 0x7f14aa3a7780>,54,13,[2 6],55,196,209,141,196
1,<environment.Job instance at 0x7f14aa3a7230>,55,14,[ 1 10],56,209,223,153,196
1,<environment.Job instance at 0x7f14aa3a7b90>,58,14,[1 7],59,223,237,164,210
1,<environment.Job instance at 0x7f14aa3a7320>,61,13,[6 3],62,223,236,161,216
1,<environment.Job instance at 0x7f14f0e94870>,63,1,[10  5],64,237,238,173,227
1,<environment.Job instance at 0x7f14f0e946e0>,64,14,[5 3],65,238,252,173,227
1,<environment.Job instance at 0x7f14aa3a7190>,65,2,[8 3],66,252,254,186,227
1,<environment.Job instance at 0x7f14f0ed3780>,1,18,[10  5],2,3,21,1,3
1,<environment.Job instance at 0x7f14ee181780>,14,3,[2 7],15,21,24,6,15
1,<environment.Job instance at 0x7f14aaa50550>,16,12,[3 9],17,24,36,7,17
1,<environment.Job instance at 0x7f14f0ed29b0>,19,18,[6 1],20,25,43,5,25
1,<environment.Job instance at 0x7f14edffdd20>,6,3,[5 8],7,43,46,36,25
1,<environment.Job instance at 0x7f14ee531a00>,21,3,[2 6],22,36,39,14,25
1,<environment.Job instance at 0x7f14aa7de190>,23,3,[8 3],24,46,49,22,26
1,<environment.Job instance at 0x7f14ee3fd2d0>,25,16,[10  5],26,49,65,23,36
1,<environment.Job instance at 0x7f14aab93f50>,33,16,[9 4],34,65,81,31,63
1,<environment.Job instance at 0x7f14ee18b910>,36,3,[6 1],37,81,84,44,63
1,<environment.Job instance at 0x7f14ee18be60>,38,13,[2 5],39,81,94,42,65
1,<environment.Job instance at 0x7f14ee46a050>,39,1,[8 1],40,84,85,44,66
1,<environment.Job instance at 0x7f14ee448c30>,37,1,[5 1],38,85,86,47,66
1,<environment.Job instance at 0x7f14ee185140>,42,15,[ 2 10],43,94,109,51,80
1,<environment.Job instance at 0x7f14ee185b90>,47,1,[7 3],48,109,110,61,97
1,<environment.Job instance at 0x7f14ee185820>,49,18,[2 7],50,117,135,67,117
1,<environment.Job instance at 0x7f14ee185410>,53,14,[ 4 10],54,135,149,81,123
1,<environment.Job instance at 0x7f14ee601dc0>,57,15,[7 4],58,149,164,91,135
1,<environment.Job instance at 0x7f14ee155230>,62,3,[1 8],63,166,169,103,166
1,<environment.Job instance at 0x7f14aa86f730>,63,12,[3 8],64,169,181,105,166
1,<environment.Job instance at 0x7f14aa86f5f0>,64,3,[1 5],65,181,184,116,166
1,<environment.Job instance at 0x7f14aaaaa690>,66,3,[7 4],67,181,184,114,167
1,<environment.Job instance at 0x7f14ee14ddc0>,67,13,[9 1],68,184,197,116,168
1,<environment.Job instance at 0x7f14ee14d2d0>,71,3,[9 1],72,197,200,125,172
1,<environment.Job instance at 0x7f14ee14d0f0>,74,13,[4 8],75,200,213,125,193
1,<environment.Job instance at 0x7f14ee18a460>,75,12,[2 8],76,213,225,137,196
1,<environment.Job instance at 0x7f14ee18a1e0>,77,17,[10  4],78,225,242,147,213
1,<environment.Job instance at 0x7f14aa425690>,8,15,[5 8],9,10,25,1,10
1,<environment.Job instance at 0x7f14aa894f00>,10,13,[5 6],11,25,38,14,13
1,<environment.Job instance at 0x7f14aa894140>,13,2,[5 1],14,14,16,0,14
1,<environment.Job instance at 0x7f14aa894460>,14,13,[ 5 10],15,38,51,23,22
1,<environment.Job instance at 0x7f14ee426c80>,20,16,[7 5],21,51,67,30,38
1,<environment.Job instance at 0x7f14ee633fa0>,24,17,[2 5],25,51,68,26,46
1,<environment.Job instance at 0x7f14ee6041e0>,26,15,[3 5],27,67,82,40,53
1,<environment.Job instance at 0x7f14ee6043c0>,29,14,[5 4],30,68,82,38,53
1,<environment.Job instance at 0x7f14ee604410>,32,16,[9 4],33,82,98,49,69
1,<environment.Job instance at 0x7f14ee604780>,35,2,[4 8],36,98,100,62,82
1,<environment.Job instance at 0x7f14ee604a50>,38,2,[10  5],39,100,102,61,83
1,<environment.Job instance at 0x7f14ee604dc0>,44,18,[5 5],45,103,121,58,103
1,<environment.Job instance at 0x7f14ee604e60>,45,3,[7 5],46,121,124,75,104
1,<environment.Job instance at 0x7f14ee604f00>,46,17,[2 6],47,124,141,77,112
1,<environment.Job instance at 0x7f14ee6270a0>,48,18,[5 3],49,124,142,75,113
1,<environment.Job instance at 0x7f14ee6272d0>,50,13,[2 6],51,141,154,90,125
1,<environment.Job instance at 0x7f14ee627410>,52,15,[8 4],53,142,157,89,128
1,<environment.Job instance at 0x7f14ee627690>,54,15,[5 6],55,157,172,102,143
1,<environment.Job instance at 0x7f14ee426870>,21,15,[5 4],22,157,172,135,145
1,<environment.Job instance at 0x7f14ee627870>,59,13,[6 4],60,172,185,112,156
1,<environment.Job instance at 0x7f14ee604910>,47,12,[2 8],48,185,197,137,168
1,<environment.Job instance at 0x7f14ee627a50>,62,2,[3 6],63,172,174,109,170
1,<environment.Job instance at 0x7f14ee627b90>,64,12,[9 1],65,197,209,132,180
1,<environment.Job instance at 0x7f14ee627c80>,66,1,[6 3],67,209,210,142,181
1,<environment.Job instance at 0x7f14ee627dc0>,67,17,[1 9],68,210,227,142,198
1,<environment.Job instance at 0x7f14ee618640>,75,3,[5 3],76,227,230,151,202
1,<environment.Job instance at 0x7f14ee618320>,74,17,[7 2],75,230,247,155,218
1,<environment.Job instance at 0x7f14aa4257d0>,4,15,[10  2],5,5,20,0,5
1,<environment.Job instance at 0x7f14f0cb28c0>,7,15,[6 2],8,20,35,12,10
1,<environment.Job instance at 0x7f14f0cb2910>,11,3,[1 8],12,20,23,8,12
1,<environment.Job instance at 0x7f14aa58d9b0>,15,24,[8 3],16,35,59,19,30
1,<environment.Job instance at 0x7f14aaae09b0>,18,2,[6 3],19,59,61,40,32
1,<environment.Job instance at 0x7f14aaae0280>,19,2,[1 9],20,61,63,41,34
1,<environment.Job instance at 0x7f14f5366dc0>,21,16,[3 9],22,63,79,41,50
1,<environment.Job instance at 0x7f14f0cb2c80>,14,12,[9 1],15,79,91,64,68
1,<environment.Job instance at 0x7f14aa810140>,29,3,[1 7],30,79,82,49,68
1,<environment.Job instance at 0x7f14f07e70a0>,30,2,[1 6],31,82,84,51,70
1,<environment.Job instance at 0x7f14f07e7b90>,35,16,[7 3],36,91,107,55,81
1,<environment.Job instance at 0x7f14f0b1c0a0>,36,12,[8 4],37,107,119,70,90
1,<environment.Job instance at 0x7f14aa3a6910>,42,14,[9 2],43,119,133,76,104
1,<environment.Job instance at 0x7f14f5379c80>,46,12,[2 7],47,133,145,86,116
1,<environment.Job instance at 0x7f14f5638640>,50,13,[4 6],51,145,158,94,130
1,<environment.Job instance at 0x7f14edffe9b0>,57,12,[1 6],58,158,170,100,145
1,<environment.Job instance at 0x7f14edffe820>,62,18,[7 4],63,166,184,103,166
1,<environment.Job instance at 0x7f14aa92d8c0>,69,15,[3 9],70,184,199,114,171
1,<environment.Job instance at 0x7f14aa449e60>,76,13,[5 7],77,202,215,125,202
1,<environment.Job instance at 0x7f14aa803d70>,3,13,[8 4],4,4,17,0,4
1,<environment.Job instance at 0x7f14ee187cd0>,7,13,[10  4],8,17,30,9,8
1,<environment.Job instance at 0x7f14ee187640>,8,13,[8 5],9,30,43,21,15
1,<environment.Job instance at 0x7f14edfd2230>,17,18,[1 6],18,43,61,25,32
1,<environment.Job instance at 0x7f14f07fd870>,22,14,[7 3],23,43,57,20,40
1,<environment.Job instance at 0x7f14edfd2e60>,19,14,[5 1],20,57,71,37,44
1,<environment.Job instance at 0x7f14ee63a8c0>,28,3,[10  4],29,71,74,42,46
1,<environment.Job instance at 0x7f14ee63adc0>,31,1,[2 5],32,61,62,29,56
1,<environment.Job instance at 0x7f14ee63acd0>,32,13,[ 3 10],33,74,87,41,59
1,<environment.Job instance at 0x7f14ee59f320>,36,16,[9 2],37,87,103,50,74
1,<environment.Job instance at 0x7f14ee59ffa0>,39,2,[8 2],40,103,105,63,80
1,<environment.Job instance at 0x7f14ee59f8c0>,40,2,[5 4],41,105,107,64,85
1,<environment.Job instance at 0x7f14ee59fd70>,42,12,[1 9],43,107,119,64,90
1,<environment.Job instance at 0x7f14ee60e820>,51,14,[10  1],52,119,133,67,105
1,<environment.Job instance at 0x7f14ee60e730>,53,3,[6 3],54,133,136,79,113
1,<environment.Job instance at 0x7f14ee60e410>,52,18,[3 8],53,136,154,83,125
1,<environment.Job instance at 0x7f14f0ebc7d0>,56,2,[5 2],57,136,138,79,126
1,<environment.Job instance at 0x7f14f0ebceb0>,57,3,[1 6],58,133,136,75,126
1,<environment.Job instance at 0x7f14f0ebc1e0>,66,1,[5 7],67,154,155,87,135
1,<environment.Job instance at 0x7f14f0ebc5a0>,67,15,[3 6],68,155,170,87,141
1,<environment.Job instance at 0x7f14aa939820>,72,2,[3 7],73,170,172,97,151
1,<environment.Job instance at 0x7f14aa939730>,73,13,[5 6],74,172,185,98,168
1,<environment.Job instance at 0x7f14aab3c7d0>,75,2,[8 1],76,185,187,109,168
1,<environment.Job instance at 0x7f14aab3c0a0>,76,13,[8 1],77,187,200,110,171
1,<environment.Job instance at 0x7f14aab3c3c0>,83,3,[8 1],84,200,203,116,174
1,<environment.Job instance at 0x7f14ee5c6d70>,84,17,[2 7],85,185,202,100,176
1,<environment.Job instance at 0x7f14aa4adeb0>,89,18,[5 1],90,203,221,113,203
1,<environment.Job instance at 0x7f14aa4ad780>,1,16,[5 5],2,3,19,1,3
1,<environment.Job instance at 0x7f14aab36e60>,4,14,[ 3 10],5,19,33,14,6
1,<environment.Job instance at 0x7f14aa9835a0>,19,17,[9 4],20,33,50,13,21
1,<environment.Job instance at 0x7f14aa983820>,22,2,[5 3],23,50,52,27,23
1,<environment.Job instance at 0x7f14aa95a3c0>,28,13,[8 2],29,52,65,23,37
1,<environment.Job instance at 0x7f14f0b25af0>,12,1,[2 9],13,65,66,52,37
1,<environment.Job instance at 0x7f14aa95aa50>,31,16,[4 6],32,66,82,34,53
1,<environment.Job instance at 0x7f14aa96cc30>,48,18,[ 5 10],49,82,100,33,82
1,<environment.Job instance at 0x7f14ee6ee370>,38,16,[ 5 10],39,111,127,72,111
1,<environment.Job instance at 0x7f14aa393230>,58,16,[9 1],59,127,143,68,125
1,<environment.Job instance at 0x7f14aa393f50>,62,2,[10  3],63,156,158,93,156
1,<environment.Job instance at 0x7f14aa6888c0>,63,1,[1 7],64,158,159,94,156
1,<environment.Job instance at 0x7f14ee6ba6e0>,54,13,[5 8],55,159,172,104,156
1,<environment.Job instance at 0x7f14aa8188c0>,67,18,[1 9],68,173,191,105,173
1,<environment.Job instance at 0x7f14aa3b0b40>,75,18,[5 6],76,217,235,141,217
1,<environment.Job instance at 0x7f14aa8b5c80>,78,12,[ 1 10],79,235,247,156,219
1,<environment.Job instance at 0x7f14f0ab96e0>,6,16,[1 5],7,10,26,3,10
1,<environment.Job instance at 0x7f14aa6d9dc0>,8,13,[10  4],9,26,39,17,10
1,<environment.Job instance at 0x7f14aa5ab320>,12,3,[4 6],13,39,42,26,18
1,<environment.Job instance at 0x7f14aa5ab550>,14,18,[ 4 10],15,42,60,27,31
1,<environment.Job instance at 0x7f14aa92db90>,26,16,[5 9],27,70,86,43,70
1,<environment.Job instance at 0x7f14aa4062d0>,31,17,[5 8],32,86,103,54,75
1,<environment.Job instance at 0x7f14f095ea50>,36,14,[4 7],37,103,117,66,96
1,<environment.Job instance at 0x7f14ee35a190>,39,13,[10  4],40,117,130,77,101
1,<environment.Job instance at 0x7f14f09e5870>,7,2,[5 2],8,104,106,96,104
1,<environment.Job instance at 0x7f14ee35abe0>,41,1,[ 3 10],42,130,131,88,110
1,<environment.Job instance at 0x7f14ee35aaa0>,44,2,[1 9],45,131,133,86,111
1,<environment.Job instance at 0x7f14ee35a910>,48,3,[9 5],49,133,136,84,130
1,<environment.Job instance at 0x7f14ee35a960>,49,3,[5 4],50,136,139,86,130
1,<environment.Job instance at 0x7f14ee35a730>,50,2,[3 5],51,136,138,85,130
1,<environment.Job instance at 0x7f14ee35a3c0>,51,12,[3 5],52,138,150,86,130
1,<environment.Job instance at 0x7f14ee35aaf0>,52,2,[1 9],53,150,152,97,130
1,<environment.Job instance at 0x7f14ee33abe0>,54,3,[8 5],55,152,155,97,130
1,<environment.Job instance at 0x7f14ee33ab90>,55,2,[9 5],56,155,157,99,130
1,<environment.Job instance at 0x7f14ee33a910>,58,14,[5 4],59,157,171,98,145
1,<environment.Job instance at 0x7f14aaaf87d0>,63,1,[9 4],64,171,172,107,149
1,<environment.Job instance at 0x7f14ee3514b0>,66,17,[1 6],67,159,176,92,159
1,<environment.Job instance at 0x7f14ee351a50>,67,13,[9 4],68,172,185,104,159
1,<environment.Job instance at 0x7f14ee623820>,72,18,[6 5],73,185,203,112,175
1,<environment.Job instance at 0x7f14f08180f0>,76,16,[4 8],77,203,219,126,190
1,<environment.Job instance at 0x7f14f08186e0>,78,15,[1 6],79,219,234,140,205
1,<environment.Job instance at 0x7f14aa5abb90>,3,3,[10  2],4,7,10,3,7
1,<environment.Job instance at 0x7f14ee1327d0>,7,3,[1 6],8,10,13,2,8
1,<environment.Job instance at 0x7f14ee1325a0>,8,18,[10  4],9,13,31,4,9
1,<environment.Job instance at 0x7f14ee132fa0>,12,1,[1 7],13,31,32,18,19
1,<environment.Job instance at 0x7f14edf72960>,4,1,[5 9],5,32,33,27,19
1,<environment.Job instance at 0x7f14ee132aa0>,11,13,[9 3],12,33,46,21,19
1,<environment.Job instance at 0x7f14aa1f0550>,14,2,[7 5],15,46,48,31,19
1,<environment.Job instance at 0x7f14aaa1f730>,21,17,[ 2 10],22,48,65,26,36
1,<environment.Job instance at 0x7f14aaa1f4b0>,26,15,[5 9],27,65,80,38,53
1,<environment.Job instance at 0x7f14aa1f05a0>,16,16,[ 1 10],17,80,96,63,77
1,<environment.Job instance at 0x7f14aaa1f3c0>,35,3,[9 1],36,96,99,60,82
1,<environment.Job instance at 0x7f14aab7e7d0>,36,15,[3 9],37,99,114,62,88
1,<environment.Job instance at 0x7f14aab7eaf0>,41,1,[2 7],42,114,115,72,93
1,<environment.Job instance at 0x7f14aab7ea00>,42,1,[1 8],43,96,97,53,93
1,<environment.Job instance at 0x7f14aaa1f550>,29,17,[ 1 10],30,115,132,85,109
1,<environment.Job instance at 0x7f14aab7e3c0>,46,13,[ 2 10],47,132,145,85,117
1,<environment.Job instance at 0x7f14aab7e280>,49,3,[7 3],50,145,148,95,121
1,<environment.Job instance at 0x7f14aab7b320>,54,16,[5 8],55,148,164,93,135
1,<environment.Job instance at 0x7f14aab7eb40>,48,3,[1 7],49,164,167,115,146
1,<environment.Job instance at 0x7f14aab7bbe0>,63,14,[6 2],64,164,178,100,150
1,<environment.Job instance at 0x7f14aab7b780>,61,15,[3 7],62,167,182,105,153
1,<environment.Job instance at 0x7f14aa20c140>,71,13,[3 5],72,182,195,110,166
1,<environment.Job instance at 0x7f14aa20c640>,64,2,[3 9],65,195,197,130,168
1,<environment.Job instance at 0x7f14aa20c8c0>,75,3,[3 9],76,197,200,121,171
1,<environment.Job instance at 0x7f14aa20ccd0>,76,13,[6 4],77,182,195,105,172
1,<environment.Job instance at 0x7f14aa20c550>,80,2,[5 4],81,200,202,119,175
1,<environment.Job instance at 0x7f14aab654b0>,91,17,[7 4],92,202,219,110,195
1,<environment.Job instance at 0x7f14aab65460>,93,14,[ 5 10],94,219,233,125,207
1,<environment.Job instance at 0x7f14aa1f09b0>,2,17,[5 7],3,4,21,1,4
1,<environment.Job instance at 0x7f14edf72c30>,5,3,[ 1 10],6,21,24,15,7
1,<environment.Job instance at 0x7f14aa5ab0f0>,9,2,[3 9],10,24,26,14,11
1,<environment.Job instance at 0x7f14aa683b90>,12,2,[8 5],13,26,28,13,13
1,<environment.Job instance at 0x7f14f0a19230>,14,2,[8 5],15,28,30,13,15
1,<environment.Job instance at 0x7f14f0c65690>,15,3,[10  5],16,30,33,14,17
1,<environment.Job instance at 0x7f14f0c65050>,17,14,[5 6],18,33,47,15,21
1,<environment.Job instance at 0x7f14f0c65190>,19,17,[5 6],20,47,64,27,35
1,<environment.Job instance at 0x7f14f0c65d20>,23,3,[4 7],24,64,67,40,38
1,<environment.Job instance at 0x7f14f0c65eb0>,25,3,[8 5],26,67,70,41,41
1,<environment.Job instance at 0x7f14aa9dfe60>,30,12,[3 8],31,70,82,39,53
1,<environment.Job instance at 0x7f14aa9df820>,32,15,[6 2],33,70,85,37,58
1,<environment.Job instance at 0x7f14aa9df460>,34,2,[10  2],35,85,87,50,58
1,<environment.Job instance at 0x7f14aa9dfbe0>,37,2,[9 2],38,87,89,49,63
1,<environment.Job instance at 0x7f14aa9df3c0>,42,17,[1 5],43,87,104,44,86
1,<environment.Job instance at 0x7f14aa9cfb90>,46,12,[5 3],47,91,103,44,91
1,<environment.Job instance at 0x7f14ee192460>,48,15,[10  2],49,104,119,55,91
1,<environment.Job instance at 0x7f14edf6e690>,52,14,[5 2],53,119,133,66,106
1,<environment.Job instance at 0x7f14f0c65550>,20,15,[3 7],21,119,134,98,110
1,<environment.Job instance at 0x7f14edf9b690>,59,3,[ 4 10],60,134,137,74,134
1,<environment.Job instance at 0x7f14edf776e0>,60,13,[5 8],61,137,150,76,134
1,<environment.Job instance at 0x7f14edf77820>,63,15,[ 3 10],64,150,165,86,136
1,<environment.Job instance at 0x7f14edf77dc0>,65,14,[7 5],66,165,179,99,150
1,<environment.Job instance at 0x7f14edfa42d0>,55,3,[8 5],56,179,182,123,158
1,<environment.Job instance at 0x7f14edfab7d0>,69,1,[9 3],70,182,183,112,159
1,<environment.Job instance at 0x7f14edfab460>,71,3,[1 5],72,165,168,93,159
1,<environment.Job instance at 0x7f14edfab140>,73,12,[8 2],74,183,195,109,166
1,<environment.Job instance at 0x7f14f0804050>,83,12,[6 5],84,195,207,111,195
1,<environment.Job instance at 0x7f14f0804fa0>,85,15,[9 1],86,207,222,121,196
1,<environment.Job instance at 0x7f14f0c65460>,2,14,[3 7],3,3,17,0,3
1,<environment.Job instance at 0x7f14aab53230>,3,16,[ 5 10],4,17,33,13,4
1,<environment.Job instance at 0x7f14aa202820>,10,3,[ 2 10],11,33,36,22,16
1,<environment.Job instance at 0x7f14aa2ed0f0>,14,2,[1 5],15,36,38,21,16
1,<environment.Job instance at 0x7f14aa2363c0>,8,1,[10  1],9,38,39,29,18
1,<environment.Job instance at 0x7f14aa934280>,19,3,[7 4],20,39,42,19,23
1,<environment.Job instance at 0x7f14ee31bd20>,20,2,[3 9],21,42,44,21,24
1,<environment.Job instance at 0x7f14f0cb6fa0>,17,18,[ 1 10],18,44,62,26,33
1,<environment.Job instance at 0x7f14ee31b370>,22,3,[10  3],23,62,65,39,39
1,<environment.Job instance at 0x7f14edff0b40>,27,17,[5 6],28,65,82,37,53
1,<environment.Job instance at 0x7f14f08cef00>,31,17,[9 3],32,82,99,50,70
1,<environment.Job instance at 0x7f14aa49b460>,36,17,[8 4],37,99,116,62,87
1,<environment.Job instance at 0x7f14f0e94230>,42,12,[7 3],43,116,128,73,99
1,<environment.Job instance at 0x7f14f0e94910>,48,18,[1 5],49,105,123,56,105
1,<environment.Job instance at 0x7f14f0e94730>,49,2,[1 6],50,123,125,73,105
1,<environment.Job instance at 0x7f14f0cb6c30>,18,12,[6 3],19,128,140,109,111
1,<environment.Job instance at 0x7f14f0e94640>,52,15,[5 5],53,140,155,87,126
1,<environment.Job instance at 0x7f14aa2d6960>,59,15,[4 6],60,155,170,95,141
1,<environment.Job instance at 0x7f14f0e94dc0>,50,16,[ 2 10],51,170,186,119,157
1,<environment.Job instance at 0x7f14ee406960>,66,12,[6 2],67,157,169,90,157
1,<environment.Job instance at 0x7f14ee4067d0>,68,2,[3 8],69,186,188,117,164
1,<environment.Job instance at 0x7f14f0ebd820>,71,15,[10  4],72,188,203,116,176
1,<environment.Job instance at 0x7f14f0ebdc80>,72,1,[3 6],73,203,204,130,179
1,<environment.Job instance at 0x7f14aa555c30>,70,12,[10  4],71,204,216,133,187
1,<environment.Job instance at 0x7f14f0cf15f0>,80,13,[3 7],81,216,229,135,201
1,<environment.Job instance at 0x7f14f08e7a50>,1,3,[2 9],2,3,6,1,3
1,<environment.Job instance at 0x7f14aa2065f0>,6,14,[2 6],7,7,21,0,7
1,<environment.Job instance at 0x7f14aa206b40>,7,15,[6 2],8,8,23,0,8
1,<environment.Job instance at 0x7f14f0a89280>,9,17,[5 4],10,23,40,13,11
1,<environment.Job instance at 0x7f14ee71a8c0>,15,16,[3 8],16,40,56,24,32
1,<environment.Job instance at 0x7f14ee71adc0>,16,14,[6 2],17,40,54,23,36
1,<environment.Job instance at 0x7f14ee71a5a0>,19,14,[4 7],20,56,70,36,41
1,<environment.Job instance at 0x7f14aa2060f0>,12,15,[10  3],13,70,85,57,57
1,<environment.Job instance at 0x7f14ee534820>,32,2,[5 3],33,85,87,52,71
1,<environment.Job instance at 0x7f14ee71ab40>,30,15,[3 7],31,85,100,54,72
1,<environment.Job instance at 0x7f14aa206640>,10,16,[1 6],11,100,116,89,95
1,<environment.Job instance at 0x7f14ee534c30>,34,14,[5 3],35,95,109,60,95
1,<environment.Job instance at 0x7f14ee534e10>,39,1,[5 1],40,109,110,69,95
1,<environment.Job instance at 0x7f14ee534140>,40,1,[2 9],41,116,117,75,98
1,<environment.Job instance at 0x7f14aab24dc0>,41,18,[9 3],42,117,135,75,114
1,<environment.Job instance at 0x7f14aab247d0>,43,3,[3 6],44,135,138,91,115
1,<environment.Job instance at 0x7f14aab24910>,45,2,[5 7],46,138,140,92,115
1,<environment.Job instance at 0x7f14aab24370>,44,13,[4 7],45,140,153,95,124
1,<environment.Job instance at 0x7f14ee454eb0>,53,13,[10  4],54,153,166,99,137
1,<environment.Job instance at 0x7f14ee454d70>,57,15,[8 5],58,166,181,108,152
1,<environment.Job instance at 0x7f14aab24f00>,46,14,[9 3],47,181,195,134,166
1,<environment.Job instance at 0x7f14ee661c80>,65,2,[8 4],66,195,197,129,180
1,<environment.Job instance at 0x7f14ee661500>,68,2,[6 1],69,199,201,130,199
1,<environment.Job instance at 0x7f14ee6619b0>,70,13,[6 3],71,201,214,130,199
1,<environment.Job instance at 0x7f14f080f870>,4,15,[10  1],5,214,229,209,201
1,<environment.Job instance at 0x7f14ee661dc0>,69,12,[1 8],70,229,241,159,212
1,<environment.Job instance at 0x7f14f0d1f1e0>,3,3,[1 8],4,5,8,1,5
1,<environment.Job instance at 0x7f14f53d3eb0>,2,14,[10  5],3,8,22,5,6
1,<environment.Job instance at 0x7f14aa5a8050>,4,17,[4 9],5,22,39,17,10
1,<environment.Job instance at 0x7f14f09b9a00>,27,18,[5 3],28,83,101,55,83
1,<environment.Job instance at 0x7f14f09b9e60>,30,12,[2 6],31,100,112,69,100
1,<environment.Job instance at 0x7f14f09b9fa0>,32,16,[8 1],33,104,120,71,104
1,<environment.Job instance at 0x7f14aa8100a0>,36,16,[2 7],37,112,128,75,111
1,<environment.Job instance at 0x7f14aa810cd0>,39,17,[3 5],40,128,145,88,120
1,<environment.Job instance at 0x7f14aa810550>,40,17,[5 8],41,145,162,104,134
1,<environment.Job instance at 0x7f14aa586690>,46,17,[5 1],47,152,169,105,152
1,<environment.Job instance at 0x7f14f0968c30>,53,13,[2 7],54,172,185,118,172
1,<environment.Job instance at 0x7f14f0968a50>,58,18,[6 5],59,190,208,131,190
1,<environment.Job instance at 0x7f14f0968190>,68,14,[5 5],69,226,240,157,226
1,<environment.Job instance at 0x7fc49946e190>,0,18,[ 2 10],1,1,19,0,1
1,<environment.Job instance at 0x7fc49205e500>,5,13,[5 9],6,19,32,13,7
1,<environment.Job instance at 0x7fc49205eb40>,13,13,[1 8],14,32,45,18,16
1,<environment.Job instance at 0x7fc49205eeb0>,17,3,[10  3],18,45,48,27,22
1,<environment.Job instance at 0x7fc49205ec30>,16,12,[1 8],17,48,60,31,31
1,<environment.Job instance at 0x7fc49205f690>,27,2,[6 4],28,60,62,32,44
1,<environment.Job instance at 0x7fc49205f730>,28,2,[5 9],29,62,64,33,44
1,<environment.Job instance at 0x7fc49205f7d0>,29,13,[1 6],30,64,77,34,48
1,<environment.Job instance at 0x7fc49205faa0>,32,17,[9 3],33,64,81,31,53
1,<environment.Job instance at 0x7fc4920633c0>,37,14,[5 5],38,81,95,43,69
1,<environment.Job instance at 0x7fc492063500>,38,12,[3 6],39,95,107,56,78
1,<environment.Job instance at 0x7fc492063550>,41,14,[6 1],42,95,109,53,86
1,<environment.Job instance at 0x7fc4920635f0>,42,14,[8 4],43,109,123,66,94
1,<environment.Job instance at 0x7fc492063370>,40,1,[1 8],41,123,124,82,110
1,<environment.Job instance at 0x7fc492063410>,46,3,[5 4],47,124,127,77,110
1,<environment.Job instance at 0x7fc492063a50>,47,1,[2 6],48,110,111,62,110
1,<environment.Job instance at 0x7fc4920638c0>,45,16,[6 2],46,127,143,81,115
1,<environment.Job instance at 0x7fc492063d70>,49,2,[1 9],50,143,145,93,116
1,<environment.Job instance at 0x7fc492063e10>,51,2,[4 9],52,145,147,93,118
1,<environment.Job instance at 0x7fc492062370>,54,14,[1 7],55,147,161,92,132
1,<environment.Job instance at 0x7fc492063dc0>,48,13,[6 1],49,143,156,94,133
1,<environment.Job instance at 0x7fc492062410>,57,3,[8 4],58,161,164,103,142
1,<environment.Job instance at 0x7fc492062550>,59,14,[ 2 10],60,164,178,104,149
1,<environment.Job instance at 0x7fc492062e10>,69,13,[7 2],70,181,194,111,181
1,<environment.Job instance at 0x7fc492062eb0>,70,18,[5 5],71,194,212,123,183
1,<environment.Job instance at 0x7fc492062dc0>,71,1,[8 2],72,212,213,140,191
1,<environment.Job instance at 0x7fc492069780>,80,2,[10  3],81,213,215,132,191
1,<environment.Job instance at 0x7fc492069a00>,84,12,[3 5],85,215,227,130,201
1,<environment.Job instance at 0x7fc492069cd0>,86,3,[5 6],87,227,230,140,209
1,<environment.Job instance at 0x7fc4995e51e0>,4,12,[6 1],5,10,22,5,10
1,<environment.Job instance at 0x7fc499497a50>,9,16,[1 8],10,10,26,0,10
1,<environment.Job instance at 0x7fc499497cd0>,8,3,[2 7],9,26,29,17,11
1,<environment.Job instance at 0x7fc4995d69b0>,2,2,[4 8],3,29,31,26,12
1,<environment.Job instance at 0x7fc499497aa0>,16,2,[9 1],17,31,33,14,30
1,<environment.Job instance at 0x7fc499497050>,17,3,[1 8],18,31,34,13,30
1,<environment.Job instance at 0x7fc499497870>,18,16,[7 1],19,33,49,14,30
1,<environment.Job instance at 0x7fc499497b90>,15,15,[5 3],16,49,64,33,38
1,<environment.Job instance at 0x7fc4995e21e0>,22,3,[8 5],23,64,67,41,39
1,<environment.Job instance at 0x7fc4995e2e60>,24,15,[10  5],25,67,82,42,54
1,<environment.Job instance at 0x7fc4995e23c0>,29,3,[1 7],30,58,61,28,58
1,<environment.Job instance at 0x7fc4995df500>,33,16,[6 4],34,82,98,48,69
1,<environment.Job instance at 0x7fc4995df6e0>,37,3,[ 2 10],38,98,101,60,74
1,<environment.Job instance at 0x7fc4995d5640>,40,13,[2 6],41,101,114,60,86
1,<environment.Job instance at 0x7fc49949a050>,42,16,[6 2],43,101,117,58,89
1,<environment.Job instance at 0x7fc4995d5fa0>,38,12,[3 9],39,117,129,78,100
1,<environment.Job instance at 0x7fc4995dbb90>,49,3,[4 8],50,114,117,64,100
1,<environment.Job instance at 0x7fc4995db460>,51,3,[1 5],52,129,132,77,104
1,<environment.Job instance at 0x7fc4995db5a0>,52,1,[10  1],53,132,133,79,109
1,<environment.Job instance at 0x7fc4995dbeb0>,48,16,[3 9],49,133,149,84,120
1,<environment.Job instance at 0x7fc4995db550>,53,15,[4 8],54,149,164,95,137
1,<environment.Job instance at 0x7fc4995e0690>,67,13,[ 4 10],68,164,177,96,155
1,<environment.Job instance at 0x7fc4995e9500>,70,12,[2 5],71,178,190,107,178
1,<environment.Job instance at 0x7fc4995e9230>,71,1,[5 1],72,178,179,106,178
1,<environment.Job instance at 0x7fc4995e9e60>,74,12,[5 7],75,190,202,115,180
1,<environment.Job instance at 0x7fc4995e92d0>,77,2,[9 3],78,202,204,124,181
1,<environment.Job instance at 0x7fc4995e93c0>,79,17,[9 2],80,204,221,124,192
1,<environment.Job instance at 0x7fc4995e33c0>,81,3,[8 2],82,221,224,139,195
1,<environment.Job instance at 0x7fc4995e3780>,83,3,[5 4],84,224,227,140,206
1,<environment.Job instance at 0x7fc4995e3dc0>,85,16,[ 3 10],86,227,243,141,215
1,<environment.Job instance at 0x7fc44e4422d0>,6,15,[ 5 10],7,7,22,0,7
1,<environment.Job instance at 0x7fc44e4427d0>,10,15,[7 4],11,22,37,11,22
1,<environment.Job instance at 0x7fc44e442370>,14,14,[8 5],15,37,51,22,24
1,<environment.Job instance at 0x7fc44e442eb0>,16,3,[7 5],17,51,54,34,32
1,<environment.Job instance at 0x7fc44e442cd0>,17,3,[4 9],18,54,57,36,32
1,<environment.Job instance at 0x7fc44e442b90>,19,16,[9 4],20,57,73,37,46
1,<environment.Job instance at 0x7fc44e45f050>,24,15,[9 5],25,73,88,48,59
1,<environment.Job instance at 0x7fc44e45fe10>,28,12,[9 2],29,88,100,59,71
1,<environment.Job instance at 0x7fc44e45faf0>,39,12,[1 8],40,88,100,48,86
1,<environment.Job instance at 0x7fc44e4323c0>,40,2,[8 3],41,100,102,59,86
1,<environment.Job instance at 0x7fc44e4424b0>,15,12,[2 6],16,128,140,112,128
1,<environment.Job instance at 0x7fc44e432a00>,44,18,[10  2],45,140,158,95,129
1,<environment.Job instance at 0x7fc44e432050>,47,14,[3 5],48,158,172,110,143
1,<environment.Job instance at 0x7fc44e432d70>,53,18,[7 5],54,158,176,104,150
1,<environment.Job instance at 0x7fc44e394730>,57,14,[4 7],58,176,190,118,161
1,<environment.Job instance at 0x7fc44e394230>,59,13,[5 7],60,190,203,130,174
1,<environment.Job instance at 0x7fc44e432640>,48,21,[5 1],49,176,197,127,175
1,<environment.Job instance at 0x7fc44e394dc0>,70,13,[7 4],71,203,216,132,187
1,<environment.Job instance at 0x7fc44e493780>,78,15,[2 5],79,203,218,124,189
1,<environment.Job instance at 0x7fc44e493460>,83,13,[8 3],84,216,229,132,205
1,<environment.Job instance at 0x7fc44e493550>,85,18,[9 5],86,229,247,143,218
1,<environment.Job instance at 0x7fc44e462960>,1,16,[2 8],2,2,18,0,2
1,<environment.Job instance at 0x7fc49949a050>,15,17,[6 3],16,18,35,2,16
1,<environment.Job instance at 0x7fc44e3f7280>,16,20,[6 2],17,35,55,18,26
1,<environment.Job instance at 0x7fc44e3f7820>,20,1,[2 5],21,26,27,5,26
1,<environment.Job instance at 0x7fc44e3f7500>,21,14,[3 6],22,27,41,5,26
1,<environment.Job instance at 0x7fc44e3f7cd0>,24,12,[2 9],25,55,67,30,39
1,<environment.Job instance at 0x7fc44e3f7dc0>,26,15,[10  5],27,67,82,40,53
1,<environment.Job instance at 0x7fc44e3f77d0>,28,16,[3 6],29,82,98,53,69
1,<environment.Job instance at 0x7fc44e4250f0>,36,3,[2 7],37,98,101,61,75
1,<environment.Job instance at 0x7fc49949a460>,12,20,[7 3],13,82,102,69,82
1,<environment.Job instance at 0x7fc44e369dc0>,39,18,[ 2 10],40,102,120,62,91
1,<environment.Job instance at 0x7fc44e369b90>,40,17,[7 1],41,123,140,82,123
1,<environment.Job instance at 0x7fc44e369550>,48,14,[3 6],49,124,138,75,124
1,<environment.Job instance at 0x7fc44e369320>,49,3,[9 2],50,140,143,90,124
1,<environment.Job instance at 0x7fc44e369f50>,50,18,[4 8],51,143,161,92,132
1,<environment.Job instance at 0x7fc44e302280>,60,12,[1 5],61,161,173,100,144
1,<environment.Job instance at 0x7fc44e302230>,62,17,[9 1],63,161,178,98,149
1,<environment.Job instance at 0x7fc44e302aa0>,51,3,[10  4],52,178,181,126,160
1,<environment.Job instance at 0x7fc44e302af0>,67,20,[5 2],68,181,201,113,174
1,<environment.Job instance at 0x7fc44e51f3c0>,69,17,[2 6],70,181,198,111,174
1,<environment.Job instance at 0x7fc44e302410>,71,3,[3 7],72,198,201,126,174
1,<environment.Job instance at 0x7fc44e7fedc0>,72,17,[4 6],73,201,218,128,189
1,<environment.Job instance at 0x7fc44e855be0>,77,13,[4 6],78,218,231,140,202
1,<environment.Job instance at 0x7fc44e2fe190>,79,17,[5 1],80,204,221,124,204
1,<environment.Job instance at 0x7fc4946ec190>,9,16,[1 8],10,15,31,5,15
1,<environment.Job instance at 0x7fc44e3b1af0>,11,3,[9 3],12,31,34,19,15
1,<environment.Job instance at 0x7fc44e3b1dc0>,7,3,[10  3],8,34,37,26,17
1,<environment.Job instance at 0x7fc492181050>,13,13,[9 5],14,37,50,23,21
1,<environment.Job instance at 0x7fc44e7557d0>,23,14,[3 6],24,57,71,33,57
1,<environment.Job instance at 0x7fc44e755be0>,26,15,[ 5 10],27,71,86,44,57
1,<environment.Job instance at 0x7fc44e751230>,35,14,[7 3],36,88,102,52,88
1,<environment.Job instance at 0x7fc44e751690>,42,3,[1 7],43,131,134,88,131
1,<environment.Job instance at 0x7fc44e751730>,43,3,[9 4],44,134,137,90,131
1,<environment.Job instance at 0x7fc44e7517d0>,44,2,[4 8],45,137,139,92,131
1,<environment.Job instance at 0x7fc44e751870>,45,19,[7 5],46,139,158,93,132
1,<environment.Job instance at 0x7fc44e751a50>,48,1,[2 5],49,139,140,90,134
1,<environment.Job instance at 0x7fc44e751af0>,49,3,[4 8],50,158,161,108,134
1,<environment.Job instance at 0x7fc44e7510f0>,57,18,[6 2],58,163,181,105,163
1,<environment.Job instance at 0x7fc44e266550>,59,18,[5 8],60,181,199,121,170
1,<environment.Job instance at 0x7fc44e266460>,63,15,[6 5],64,199,214,135,187
1,<environment.Job instance at 0x7fc44e266d70>,71,17,[5 7],72,214,231,142,202
1,<environment.Job instance at 0x7fc44e267230>,78,1,[5 3],79,219,220,140,219
1,<environment.Job instance at 0x7fc4920b4b90>,6,17,[9 1],7,231,248,224,220
1,<environment.Job instance at 0x7fc44e6f3960>,7,18,[3 6],8,11,29,3,11
1,<environment.Job instance at 0x7fc44e6fce10>,13,18,[ 1 10],14,29,47,15,18
1,<environment.Job instance at 0x7fc44e6fcbe0>,22,2,[5 5],23,47,49,24,27
1,<environment.Job instance at 0x7fc44e6fc280>,15,12,[6 1],16,49,61,33,32
1,<environment.Job instance at 0x7fc44e6fcc30>,28,16,[9 2],29,61,77,32,51
1,<environment.Job instance at 0x7fc491fa56e0>,36,14,[9 2],37,77,91,40,68
1,<environment.Job instance at 0x7fc44e6fc3c0>,25,17,[ 5 10],26,91,108,65,80
1,<environment.Job instance at 0x7fc491fa5d70>,40,13,[10  4],41,108,121,67,92
1,<environment.Job instance at 0x7fc44e720eb0>,47,1,[7 4],48,121,122,73,108
1,<environment.Job instance at 0x7fc44e7208c0>,50,18,[8 1],51,122,140,71,111
1,<environment.Job instance at 0x7fc44e720e10>,51,3,[5 9],52,140,143,88,115
1,<environment.Job instance at 0x7fc44e720e60>,52,2,[7 4],53,143,145,90,116
1,<environment.Job instance at 0x7fc44e720190>,53,3,[5 5],54,145,148,91,119
1,<environment.Job instance at 0x7fc44e720be0>,54,2,[9 2],55,148,150,93,121
1,<environment.Job instance at 0x7fc4946cec30>,57,17,[3 5],58,150,167,92,138
1,<environment.Job instance at 0x7fc4946cef50>,60,1,[9 5],61,167,168,106,143
1,<environment.Job instance at 0x7fc4946ce230>,63,17,[5 3],64,150,167,86,147
1,<environment.Job instance at 0x7fc4946ce190>,66,13,[3 9],67,168,181,101,164
1,<environment.Job instance at 0x7fc4946cef00>,59,2,[ 4 10],60,181,183,121,165
1,<environment.Job instance at 0x7fc4946ce280>,65,13,[8 5],66,183,196,117,167
1,<environment.Job instance at 0x7fc4947ed0a0>,74,16,[9 2],75,196,212,121,184
1,<environment.Job instance at 0x7fc4947ed5a0>,77,1,[3 6],78,212,213,134,184
1,<environment.Job instance at 0x7fc4947ed8c0>,82,13,[ 5 10],83,213,226,130,197
1,<environment.Job instance at 0x7fc494740870>,4,13,[1 8],5,5,18,0,5
1,<environment.Job instance at 0x7fc44e3288c0>,6,14,[1 7],7,18,32,11,7
1,<environment.Job instance at 0x7fc494bf47d0>,13,16,[8 5],14,32,48,18,25
1,<environment.Job instance at 0x7fc494bf4be0>,15,3,[1 9],16,48,51,32,25
1,<environment.Job instance at 0x7fc494bf4d70>,11,2,[2 6],12,51,53,39,30
1,<environment.Job instance at 0x7fc44e3a5910>,21,12,[5 6],22,53,65,31,41
1,<environment.Job instance at 0x7fc44e619140>,26,12,[1 5],27,65,77,38,49
1,<environment.Job instance at 0x7fc49465f190>,28,14,[9 1],29,65,79,36,50
1,<environment.Job instance at 0x7fc44e501d70>,38,18,[6 5],39,98,116,59,98
1,<environment.Job instance at 0x7fc491f98a50>,45,15,[ 1 10],46,118,133,72,118
1,<environment.Job instance at 0x7fc44e634280>,49,12,[4 6],50,133,145,83,132
1,<environment.Job instance at 0x7fc44e634230>,50,13,[5 3],51,141,154,90,141
1,<environment.Job instance at 0x7fc49218fe10>,57,15,[4 6],58,164,179,106,164
1,<environment.Job instance at 0x7fc44e3a56e0>,18,17,[3 9],19,179,196,160,168
1,<environment.Job instance at 0x7fc4924fd640>,62,2,[8 4],63,196,198,133,171
1,<environment.Job instance at 0x7fc4924fde60>,61,2,[8 4],62,198,200,136,171
1,<environment.Job instance at 0x7fc44e87fa00>,72,17,[ 2 10],73,200,217,127,198
1,<environment.Job instance at 0x7fc44e87f140>,73,15,[5 5],74,217,232,143,203
1,<environment.Job instance at 0x7fc492120550>,79,13,[7 4],80,232,245,152,216
1,<environment.Job instance at 0x7fc4921205a0>,1,16,[5 7],2,2,18,0,2
1,<environment.Job instance at 0x7fc4920fcdc0>,5,14,[4 6],6,18,32,12,12
1,<environment.Job instance at 0x7fc49495f500>,8,3,[2 6],9,32,35,23,22
1,<environment.Job instance at 0x7fc491e30370>,18,17,[3 7],19,35,52,16,24
1,<environment.Job instance at 0x7fc491e305f0>,20,13,[5 3],21,29,42,8,29
1,<environment.Job instance at 0x7fc491e30550>,19,1,[8 2],20,52,53,32,29
1,<environment.Job instance at 0x7fc491e30460>,23,12,[7 4],24,53,65,29,39
1,<environment.Job instance at 0x7fc491e30aa0>,25,1,[7 3],26,42,43,16,40
1,<environment.Job instance at 0x7fc491e30b40>,26,3,[5 4],27,65,68,38,40
1,<environment.Job instance at 0x7fc491e30870>,31,3,[3 9],32,68,71,36,44
1,<environment.Job instance at 0x7fc491e30690>,21,17,[2 7],22,71,88,49,59
1,<environment.Job instance at 0x7fc491e177d0>,42,13,[9 4],43,88,101,45,78
1,<environment.Job instance at 0x7fc491e17280>,43,12,[2 6],44,101,113,57,84
1,<environment.Job instance at 0x7fc491e17960>,46,13,[5 5],47,113,126,66,97
1,<environment.Job instance at 0x7fc491e17fa0>,53,1,[10  1],54,126,127,72,103
1,<environment.Job instance at 0x7fc491e17780>,54,17,[9 2],55,127,144,72,115
1,<environment.Job instance at 0x7fc491e3f1e0>,57,2,[10  3],58,144,146,86,117
1,<environment.Job instance at 0x7fc491e30c30>,29,1,[5 7],30,146,147,116,119
1,<environment.Job instance at 0x7fc491e3f960>,63,18,[7 1],64,147,165,83,136
1,<environment.Job instance at 0x7fc491e3f5a0>,59,14,[5 1],60,165,179,105,150
1,<environment.Job instance at 0x7fc491e3fbe0>,67,3,[6 3],68,179,182,111,153
1,<environment.Job instance at 0x7fc491e3fd20>,69,1,[2 5],70,154,155,84,154
1,<environment.Job instance at 0x7fc491e3fe60>,71,1,[6 5],72,182,183,110,158
1,<environment.Job instance at 0x7fc491e307d0>,22,17,[6 4],23,183,200,160,175
1,<environment.Job instance at 0x7fc491e3ff50>,74,2,[9 3],75,200,202,125,183
1,<environment.Job instance at 0x7fc491e3f8c0>,75,18,[1 8],76,202,220,126,191
1,<environment.Job instance at 0x7fc491e3ffa0>,73,14,[3 6],74,220,234,146,205
1,<environment.Job instance at 0x7fc49495f960>,5,18,[ 5 10],6,6,24,0,6
1,<environment.Job instance at 0x7fc44e8a5be0>,9,12,[9 4],10,24,36,14,12
1,<environment.Job instance at 0x7fc4920490a0>,16,2,[7 1],17,36,38,19,17
1,<environment.Job instance at 0x7fc4949041e0>,11,2,[3 8],12,36,38,24,19
1,<environment.Job instance at 0x7fc44e852640>,19,1,[1 8],20,38,39,18,24
1,<environment.Job instance at 0x7fc44e852aa0>,22,2,[3 6],23,39,41,16,24
1,<environment.Job instance at 0x7fc44e852be0>,20,1,[8 1],21,38,39,17,31
1,<environment.Job instance at 0x7fc44e9a6640>,26,3,[5 8],27,41,44,14,31
1,<environment.Job instance at 0x7fc44e852050>,21,18,[10  5],22,44,62,22,33
1,<environment.Job instance at 0x7fc44e27ad70>,32,3,[5 9],33,67,70,34,67
1,<environment.Job instance at 0x7fc44e367b90>,33,16,[8 1],34,70,86,36,67
1,<environment.Job instance at 0x7fc44e27aa00>,34,3,[2 7],35,70,73,35,67
1,<environment.Job instance at 0x7fc44e801550>,28,3,[6 1],29,86,89,57,69
1,<environment.Job instance at 0x7fc4920d2640>,36,12,[3 9],37,86,98,49,69
1,<environment.Job instance at 0x7fc44e9c0af0>,40,15,[2 8],41,98,113,57,87
1,<environment.Job instance at 0x7fc499450140>,25,18,[9 2],26,113,131,87,102
1,<environment.Job instance at 0x7fc44e2c8c30>,48,3,[2 7],49,131,134,82,115
1,<environment.Job instance at 0x7fc49231c370>,45,16,[10  5],46,134,150,88,121
1,<environment.Job instance at 0x7fc491f947d0>,52,1,[5 1],53,131,132,78,126
1,<environment.Job instance at 0x7fc491f94190>,54,13,[8 2],55,150,163,95,137
1,<environment.Job instance at 0x7fc44e2c82d0>,49,18,[2 7],50,150,168,100,145
1,<environment.Job instance at 0x7fc44e31c460>,38,16,[4 8],39,168,184,129,155
1,<environment.Job instance at 0x7fc49490dc30>,69,18,[2 7],70,184,202,114,173
1,<environment.Job instance at 0x7fc49490d870>,72,2,[5 7],73,202,204,129,190
1,<environment.Job instance at 0x7fc49483b9b0>,62,15,[ 2 10],63,204,219,141,190
1,<environment.Job instance at 0x7fc492437820>,4,18,[10  2],5,6,24,1,6
1,<environment.Job instance at 0x7fc491f8bb40>,8,18,[5 8],9,24,42,15,13
1,<environment.Job instance at 0x7fc44e955960>,15,3,[9 2],16,42,45,26,16
1,<environment.Job instance at 0x7fc44e9558c0>,11,2,[1 5],12,42,44,30,26
1,<environment.Job instance at 0x7fc44e955050>,12,1,[9 5],13,45,46,32,27
1,<environment.Job instance at 0x7fc494d13e60>,18,15,[5 8],19,46,61,27,32
1,<environment.Job instance at 0x7fc44e997a00>,28,18,[5 5],29,61,79,32,54
1,<environment.Job instance at 0x7fc491f00870>,30,16,[7 5],31,79,95,48,70
1,<environment.Job instance at 0x7fc492216230>,36,15,[3 5],37,72,87,35,72
1,<environment.Job instance at 0x7fc44e35d320>,21,25,[10  1],22,95,120,73,91
1,<environment.Job instance at 0x7fc44e93b190>,19,1,[4 5],20,120,121,100,92
1,<environment.Job instance at 0x7fc4948e1e60>,38,2,[7 5],39,121,123,82,98
1,<environment.Job instance at 0x7fc44e6c9370>,45,2,[4 8],46,123,125,77,105
1,<environment.Job instance at 0x7fc49212c960>,42,16,[9 4],43,125,141,82,114
1,<environment.Job instance at 0x7fc44e87e640>,40,12,[10  1],41,141,153,100,125
1,<environment.Job instance at 0x7fc492480230>,53,1,[8 5],54,153,154,99,126
1,<environment.Job instance at 0x7fc492480d20>,55,3,[7 5],56,154,157,98,128
1,<environment.Job instance at 0x7fc492480f00>,59,12,[4 6],60,157,169,97,140
1,<environment.Job instance at 0x7fc44e6c94b0>,51,13,[7 4],52,169,182,117,153
1,<environment.Job instance at 0x7fc4921ac3c0>,65,1,[5 9],66,182,183,116,157
1,<environment.Job instance at 0x7fc4921acaa0>,68,12,[9 3],69,183,195,114,170
1,<environment.Job instance at 0x7fc44e7165f0>,64,15,[5 6],65,195,210,130,183
1,<environment.Job instance at 0x7fc494d38c80>,81,14,[5 8],82,210,224,128,209
1,<environment.Job instance at 0x7fc44e7264b0>,83,3,[8 2],84,224,227,140,213
1,<environment.Job instance at 0x7fc494632320>,77,17,[1 9],78,227,244,149,215
1,<environment.Job instance at 0x7fc492318a00>,4,15,[10  2],5,5,20,0,5
1,<environment.Job instance at 0x7fc44e4d82d0>,6,1,[5 5],7,20,21,13,7
1,<environment.Job instance at 0x7fc4946763c0>,7,15,[6 2],8,21,36,13,8
1,<environment.Job instance at 0x7fc4946a4820>,11,3,[1 8],12,21,24,9,12
1,<environment.Job instance at 0x7fc44e282c30>,19,2,[1 9],20,36,38,16,31
1,<environment.Job instance at 0x7fc44e282d20>,20,12,[5 6],21,38,50,17,31
1,<environment.Job instance at 0x7fc44e282b40>,22,1,[5 9],23,50,51,27,31
1,<environment.Job instance at 0x7fc44e282f00>,23,1,[2 6],24,31,32,7,31
1,<environment.Job instance at 0x7fc44e282fa0>,24,13,[2 7],25,51,64,26,35
1,<environment.Job instance at 0x7fc44e2851e0>,28,14,[6 4],29,64,78,35,49
1,<environment.Job instance at 0x7fc44e285820>,34,3,[10  5],35,78,81,43,60
1,<environment.Job instance at 0x7fc44e285780>,32,14,[ 4 10],33,81,95,48,66
1,<environment.Job instance at 0x7fc44e285a50>,35,16,[7 3],36,95,111,59,86
1,<environment.Job instance at 0x7fc44e2681e0>,46,12,[2 7],47,101,113,54,101
1,<environment.Job instance at 0x7fc44e2683c0>,49,2,[9 3],50,113,115,63,107
1,<environment.Job instance at 0x7fc44e2684b0>,50,13,[4 6],51,115,128,64,107
1,<environment.Job instance at 0x7fc44e268640>,52,16,[9 2],53,128,144,75,115
1,<environment.Job instance at 0x7fc44e2688c0>,56,17,[3 7],57,144,161,87,134
1,<environment.Job instance at 0x7fc44e268f00>,63,14,[ 2 10],64,163,177,99,163
1,<environment.Job instance at 0x7fc44e268e10>,65,2,[3 9],66,177,179,111,166
1,<environment.Job instance at 0x7fc44e26c050>,66,2,[5 7],67,179,181,112,166
1,<environment.Job instance at 0x7fc44e26c500>,68,3,[9 5],69,181,184,112,167
1,<environment.Job instance at 0x7fc44e26c550>,69,15,[3 9],70,184,199,114,170
1,<environment.Job instance at 0x7fc44e26c780>,74,13,[10  5],75,199,212,124,194
1,<environment.Job instance at 0x7fc44e26c640>,76,13,[5 7],77,212,225,135,196
1,<environment.Job instance at 0x7fc44e26ca50>,80,18,[9 2],81,225,243,144,214
1,<environment.Job instance at 0x7fc494c533c0>,4,3,[10  2],5,8,11,3,8
1,<environment.Job instance at 0x7fc44e283cd0>,9,14,[5 1],10,11,25,1,10
1,<environment.Job instance at 0x7fc44e283140>,8,2,[1 9],9,11,13,2,10
1,<environment.Job instance at 0x7fc44ea05500>,7,18,[1 6],8,13,31,5,11
1,<environment.Job instance at 0x7fc491ee6fa0>,13,3,[6 2],14,25,28,11,15
1,<environment.Job instance at 0x7fc491ee6320>,14,1,[7 4],15,28,29,13,16
1,<environment.Job instance at 0x7fc491ee6c30>,10,17,[9 2],11,29,46,18,18
1,<environment.Job instance at 0x7fc4921acdc0>,23,14,[ 4 10],24,46,60,22,32
1,<environment.Job instance at 0x7fc44e68a8c0>,29,2,[8 2],30,60,62,30,42
1,<environment.Job instance at 0x7fc44e68af50>,30,2,[5 4],31,62,64,31,42
1,<environment.Job instance at 0x7fc44e68a140>,32,12,[1 9],33,64,76,31,47
1,<environment.Job instance at 0x7fc44e68ad20>,34,2,[2 5],35,60,62,25,47
1,<environment.Job instance at 0x7fc44e68a0f0>,36,18,[5 5],37,76,94,39,65
1,<environment.Job instance at 0x7fc4921ac640>,15,3,[9 2],16,94,97,78,68
1,<environment.Job instance at 0x7fc4923744b0>,48,12,[3 9],49,97,109,48,86
1,<environment.Job instance at 0x7fc44e9cc9b0>,53,12,[5 4],54,109,121,55,98
1,<environment.Job instance at 0x7fc4923740a0>,42,18,[3 8],43,121,139,78,119
1,<environment.Job instance at 0x7fc492585b40>,62,2,[3 7],63,139,141,76,121
1,<environment.Job instance at 0x7fc492585050>,63,13,[5 6],64,141,154,77,127
1,<environment.Job instance at 0x7fc492585190>,65,2,[8 1],66,154,156,88,128
1,<environment.Job instance at 0x7fc4947d0410>,67,1,[ 4 10],68,156,157,88,132
1,<environment.Job instance at 0x7fc499633910>,70,3,[ 4 10],71,157,160,86,136
1,<environment.Job instance at 0x7fc4947d03c0>,71,2,[2 9],72,154,156,82,137
1,<environment.Job instance at 0x7fc4947d0f50>,73,3,[8 1],74,160,163,86,156
1,<environment.Job instance at 0x7fc49241e7d0>,75,14,[7 2],76,163,177,87,156
1,<environment.Job instance at 0x7fc4947d0c80>,74,17,[2 7],75,160,177,85,160
1,<environment.Job instance at 0x7fc492585cd0>,66,13,[8 1],67,177,190,110,161
1,<environment.Job instance at 0x7fc44e23f820>,86,15,[5 6],87,190,205,103,177
1,<environment.Job instance at 0x7fc44e45bd70>,80,16,[1 7],81,205,221,124,202
1,<environment.Job instance at 0x7fc44e23fe10>,94,14,[ 3 10],95,221,235,126,207
1,<environment.Job instance at 0x7fc494bb80f0>,6,16,[5 6],7,7,23,0,7
1,<environment.Job instance at 0x7fc494bb86e0>,8,13,[8 2],9,23,36,14,12
1,<environment.Job instance at 0x7fc44e7383c0>,12,15,[5 1],13,36,51,23,22
1,<environment.Job instance at 0x7fc44e738550>,20,13,[1 5],21,23,36,2,23
1,<environment.Job instance at 0x7fc44e738fa0>,22,14,[3 7],23,36,50,13,23
1,<environment.Job instance at 0x7fc491e0e4b0>,27,15,[2 6],28,50,65,22,40
1,<environment.Job instance at 0x7fc44e738960>,18,16,[ 5 10],19,65,81,46,58
1,<environment.Job instance at 0x7fc44e738780>,11,16,[4 6],12,81,97,69,73
1,<environment.Job instance at 0x7fc44e9203c0>,34,13,[5 8],35,97,110,62,83
1,<environment.Job instance at 0x7fc494b016e0>,45,14,[1 7],46,127,141,81,127
1,<environment.Job instance at 0x7fc494b01410>,46,3,[8 2],47,127,130,80,127
1,<environment.Job instance at 0x7fc49232d910>,52,18,[10  5],53,144,162,91,144
1,<environment.Job instance at 0x7fc44e920aa0>,30,13,[2 8],31,164,177,133,164
1,<environment.Job instance at 0x7fc49232d870>,56,1,[7 3],57,177,178,120,167
1,<environment.Job instance at 0x7fc49232ddc0>,57,15,[ 4 10],58,178,193,120,169
1,<environment.Job instance at 0x7fc44e7f4f00>,63,13,[3 9],64,193,206,129,177
1,<environment.Job instance at 0x7fc44e7f4280>,73,2,[2 6],74,206,208,132,197
1,<environment.Job instance at 0x7fc44e7f4230>,74,18,[7 1],75,199,217,124,199
1,<environment.Job instance at 0x7fc44e7f4b40>,75,1,[7 3],76,217,218,141,199
1,<environment.Job instance at 0x7fc44e955910>,80,13,[5 8],81,218,231,137,211
1,<environment.Job instance at 0x7fc491e0ee60>,5,1,[4 9],6,7,8,1,7
1,<environment.Job instance at 0x7fc44e565fa0>,6,14,[4 7],7,13,27,6,13
1,<environment.Job instance at 0x7fc494901280>,7,2,[9 4],8,27,29,19,15
1,<environment.Job instance at 0x7fc44e565cd0>,12,16,[6 1],13,29,45,16,19
1,<environment.Job instance at 0x7fc44e968820>,14,2,[1 9],15,29,31,14,23
1,<environment.Job instance at 0x7fc4948718c0>,21,12,[3 5],22,37,49,15,37
1,<environment.Job instance at 0x7fc44e5a5c80>,26,16,[4 9],27,49,65,22,38
1,<environment.Job instance at 0x7fc44e5890a0>,33,1,[9 4],34,76,77,42,76
1,<environment.Job instance at 0x7fc44e589cd0>,36,17,[1 6],37,87,104,50,87
1,<environment.Job instance at 0x7fc44e58e4b0>,37,13,[9 4],38,87,100,49,87
1,<environment.Job instance at 0x7fc44e570140>,38,13,[4 8],39,104,117,65,88
1,<environment.Job instance at 0x7fc44e58b370>,44,14,[ 5 10],45,117,131,72,102
1,<environment.Job instance at 0x7fc492537f00>,47,15,[4 8],48,131,146,83,120
1,<environment.Job instance at 0x7fc44e507780>,51,12,[5 6],52,146,158,94,134
1,<environment.Job instance at 0x7fc44e2eb910>,55,14,[3 8],56,158,172,102,146
1,<environment.Job instance at 0x7fc44e455f00>,57,2,[6 5],58,172,174,114,160
1,<environment.Job instance at 0x7fc494723be0>,60,15,[4 7],61,174,189,113,160
1,<environment.Job instance at 0x7fc44e438550>,61,1,[6 2],62,162,163,100,162
1,<environment.Job instance at 0x7fc494d000f0>,63,15,[8 4],64,189,204,125,176
1,<environment.Job instance at 0x7fc44e6708c0>,59,3,[2 7],60,204,207,144,193
1,<environment.Job instance at 0x7fc44e631780>,72,2,[8 4],73,207,209,134,193
1,<environment.Job instance at 0x7fc44e631870>,73,3,[10  2],74,209,212,135,195
1,<environment.Job instance at 0x7fc44e631c80>,71,17,[9 4],72,212,229,140,200
1,<environment.Job instance at 0x7fc44e141d20>,6,13,[ 2 10],7,8,21,1,8
1,<environment.Job instance at 0x7fc44e0930f0>,8,3,[1 7],9,21,24,12,9
1,<environment.Job instance at 0x7fc491ffd190>,9,3,[7 3],10,21,24,11,10
1,<environment.Job instance at 0x7fc44e141730>,5,15,[10  1],6,24,39,18,12
1,<environment.Job instance at 0x7fc44e79ec30>,21,15,[3 7],22,39,54,17,28
1,<environment.Job instance at 0x7fc49255cb40>,24,2,[3 9],25,54,56,29,28
1,<environment.Job instance at 0x7fc4946ee5a0>,25,1,[1 7],26,56,57,30,28
1,<environment.Job instance at 0x7fc44e7f77d0>,26,2,[5 3],27,51,53,24,51
1,<environment.Job instance at 0x7fc44e2a48c0>,15,25,[4 5],16,57,82,41,53
1,<environment.Job instance at 0x7fc44e9675a0>,36,13,[6 4],37,57,70,20,53
1,<environment.Job instance at 0x7fc494a3cb90>,50,12,[2 5],51,70,82,19,66
1,<environment.Job instance at 0x7fc494a3c8c0>,51,17,[7 4],52,82,99,30,72
1,<environment.Job instance at 0x7fc44e43b870>,55,13,[7 4],56,99,112,43,83
1,<environment.Job instance at 0x7fc44e2fe5f0>,60,15,[5 5],61,112,127,51,101
1,<environment.Job instance at 0x7fc44e2fe5a0>,62,17,[5 7],63,127,144,64,115
1,<environment.Job instance at 0x7fc494bf40f0>,68,12,[7 5],69,144,156,75,128
1,<environment.Job instance at 0x7fc49484bc30>,72,2,[8 5],73,156,158,83,133
1,<environment.Job instance at 0x7fc4924e5af0>,75,3,[10  5],76,158,161,82,133
1,<environment.Job instance at 0x7fc49484b0f0>,74,2,[8 5],75,161,163,86,134
1,<environment.Job instance at 0x7fc44e800dc0>,78,16,[8 4],79,163,179,84,150
1,<environment.Job instance at 0x7fc44e47cf00>,81,3,[6 5],82,179,182,97,163
1,<environment.Job instance at 0x7fc494a6e2d0>,83,3,[4 7],84,182,185,98,167
1,<environment.Job instance at 0x7fc44e47ccd0>,84,13,[10  1],85,185,198,100,169
1,<environment.Job instance at 0x7fc494a6e140>,89,3,[4 8],90,198,201,108,178
1,<environment.Job instance at 0x7fc44e7ad230>,91,18,[7 1],92,201,219,109,190
1,<environment.Job instance at 0x7fc44e7adeb0>,95,16,[3 5],96,201,217,105,194
1,<environment.Job instance at 0x7fc4920c8d20>,97,2,[9 2],98,219,221,121,198
1,<environment.Job instance at 0x7fc44e250aa0>,10,13,[5 8],11,23,36,12,23
1,<environment.Job instance at 0x7fc44e88d7d0>,15,14,[7 5],16,36,50,20,23
1,<environment.Job instance at 0x7fc44e126b90>,19,1,[9 3],20,50,51,30,29
1,<environment.Job instance at 0x7fc44e1266e0>,22,12,[8 2],23,51,63,28,35
1,<environment.Job instance at 0x7fc44e88dc30>,18,26,[2 5],19,51,77,32,48
1,<environment.Job instance at 0x7fc44e126780>,30,1,[1 9],31,77,78,46,59
1,<environment.Job instance at 0x7fc44e126dc0>,31,16,[8 4],32,78,94,46,65
1,<environment.Job instance at 0x7fc44e874f50>,33,12,[6 5],34,65,77,31,65
1,<environment.Job instance at 0x7fc44e2505a0>,13,15,[ 3 10],14,94,109,80,80
1,<environment.Job instance at 0x7fc44e874960>,50,12,[9 4],51,109,121,58,92
1,<environment.Job instance at 0x7fc44e063aa0>,52,14,[3 7],53,121,135,68,106
1,<environment.Job instance at 0x7fc44e0630f0>,53,16,[ 5 10],54,135,151,81,122
1,<environment.Job instance at 0x7fc44e0631e0>,61,13,[5 8],62,151,164,89,135
1,<environment.Job instance at 0x7fc44e063b40>,69,3,[7 4],70,164,167,94,153
1,<environment.Job instance at 0x7fc44e063550>,70,2,[3 9],71,167,169,96,153
1,<environment.Job instance at 0x7fc44e038640>,72,3,[10  3],73,169,172,96,153
1,<environment.Job instance at 0x7fc44e038050>,73,16,[9 5],74,172,188,98,160
1,<environment.Job instance at 0x7fc44e0383c0>,76,14,[10  3],77,188,202,111,173
1,<environment.Job instance at 0x7fc44e038550>,80,14,[6 1],81,202,216,121,187
1,<environment.Job instance at 0x7fc44e038e10>,83,15,[2 7],84,202,217,118,190
1,<environment.Job instance at 0x7fc44e038730>,88,12,[ 1 10],89,217,229,128,203
1,<environment.Job instance at 0x7fc44e47c370>,7,15,[1 8],8,8,23,0,8
1,<environment.Job instance at 0x7fc492052e60>,9,15,[9 1],10,12,27,2,12
1,<environment.Job instance at 0x7fc44e967730>,12,1,[3 6],13,27,28,14,13
1,<environment.Job instance at 0x7fc491f8e8c0>,10,12,[10  4],11,28,40,17,14
1,<environment.Job instance at 0x7fc491f8edc0>,15,3,[2 8],16,40,43,24,26
1,<environment.Job instance at 0x7fc49217fcd0>,11,15,[10  4],12,43,58,31,33
1,<environment.Job instance at 0x7fc44e88dd70>,3,26,[10  4],4,58,84,54,55
1,<environment.Job instance at 0x7fc44e46b3c0>,28,14,[1 9],29,84,98,55,75
1,<environment.Job instance at 0x7fc44e476a00>,35,3,[ 1 10],36,98,101,62,85
1,<environment.Job instance at 0x7fc44e476aa0>,36,14,[8 3],37,101,115,64,86
1,<environment.Job instance at 0x7fc44e46be60>,27,20,[10  2],28,115,135,87,106
1,<environment.Job instance at 0x7fc44e476960>,38,3,[6 2],39,135,138,96,109
1,<environment.Job instance at 0x7fc44e4a3d70>,44,15,[10  1],45,138,153,93,125
1,<environment.Job instance at 0x7fc44e49e910>,51,12,[2 8],52,153,165,101,137
1,<environment.Job instance at 0x7fc44e473be0>,55,16,[3 8],56,165,181,109,152
1,<environment.Job instance at 0x7fc44e4a5d20>,57,3,[8 3],58,181,184,123,155
1,<environment.Job instance at 0x7fc44e186320>,58,2,[1 7],59,181,183,122,155
1,<environment.Job instance at 0x7fc44e0b0aa0>,61,1,[3 9],62,184,185,122,162
1,<environment.Job instance at 0x7fc44e579550>,59,14,[4 7],60,185,199,125,170
1,<environment.Job instance at 0x7fc44e21dc30>,64,14,[5 6],65,199,213,134,190
1,<environment.Job instance at 0x7fc44e21dcd0>,67,17,[ 5 10],68,213,230,145,205
1,<environment.Job instance at 0x7fc44e1f65f0>,70,15,[3 7],71,230,245,159,217
1,<environment.Job instance at 0x7fc491ff85f0>,5,12,[10  3],6,6,18,0,6
1,<environment.Job instance at 0x7fc44e5aaa50>,6,16,[1 7],7,18,34,11,8
1,<environment.Job instance at 0x7fc44e7790a0>,17,13,[ 5 10],18,34,47,16,20
1,<environment.Job instance at 0x7fc491e80c80>,21,2,[5 2],22,22,24,0,22
1,<environment.Job instance at 0x7fc4922983c0>,29,3,[7 5],30,47,50,17,43
1,<environment.Job instance at 0x7fc494bf4f00>,30,16,[5 9],31,50,66,19,43
1,<environment.Job instance at 0x7fc44e634960>,13,15,[2 8],14,66,81,52,60
1,<environment.Job instance at 0x7fc44e1c5460>,34,17,[4 9],35,81,98,46,69
1,<environment.Job instance at 0x7fc44e1c5be0>,33,3,[1 8],34,123,126,89,123
1,<environment.Job instance at 0x7fc49462f730>,39,12,[10  1],40,126,138,86,123
1,<environment.Job instance at 0x7fc44e36a960>,41,3,[9 2],42,123,126,81,123
1,<environment.Job instance at 0x7fc49462fc30>,40,15,[8 5],41,138,153,97,124
1,<environment.Job instance at 0x7fc44e36a320>,49,1,[1 5],50,138,139,88,128
1,<environment.Job instance at 0x7fc44e36a0a0>,44,3,[10  5],45,153,156,108,129
1,<environment.Job instance at 0x7fc44e3d8500>,51,17,[7 1],52,156,173,104,144
1,<environment.Job instance at 0x7fc494b7c870>,57,18,[5 3],58,173,191,115,162
1,<environment.Job instance at 0x7fc44e20b690>,60,12,[2 6],61,164,176,103,164
1,<environment.Job instance at 0x7fc44e36a5f0>,43,15,[5 3],44,176,191,132,173
1,<environment.Job instance at 0x7fc44e20b050>,69,17,[3 5],70,191,208,121,182
1,<environment.Job instance at 0x7fc44e71e780>,71,14,[7 5],72,199,213,127,199
1,<environment.Job instance at 0x7fc44e71e2d0>,74,18,[6 5],75,213,231,138,203
1,<environment.Job instance at 0x7fc494b7c190>,58,2,[7 3],59,231,233,172,216
1,<environment.Job instance at 0x7fc494d80050>,78,3,[6 1],79,233,236,154,218
1,<environment.Job instance at 0x7fc44e583c80>,80,1,[9 3],81,236,237,155,219
1,<environment.Job instance at 0x7fc491ee4eb0>,6,12,[1 9],7,8,20,1,8
1,<environment.Job instance at 0x7fc491ee4a00>,8,18,[5 9],9,20,38,11,9
1,<environment.Job instance at 0x7fc491ee4f50>,15,15,[ 3 10],16,38,53,22,24
1,<environment.Job instance at 0x7fc44e0f84b0>,23,12,[8 2],24,53,65,29,39
1,<environment.Job instance at 0x7fc491ee4c30>,11,2,[3 5],12,65,67,53,44
1,<environment.Job instance at 0x7fc44e66c0f0>,28,1,[5 9],29,67,68,38,44
1,<environment.Job instance at 0x7fc44e66c910>,29,2,[ 1 10],30,68,70,38,49
1,<environment.Job instance at 0x7fc44e66c280>,31,3,[4 6],32,70,73,38,53
1,<environment.Job instance at 0x7fc44e66ca50>,30,14,[5 3],31,70,84,39,56
1,<environment.Job instance at 0x7fc44e66c370>,27,13,[9 2],28,84,97,56,68
1,<environment.Job instance at 0x7fc44e3a48c0>,40,15,[4 9],41,97,112,56,83
1,<environment.Job instance at 0x7fc44e3a4c80>,44,17,[9 5],45,112,129,67,100
1,<environment.Job instance at 0x7fc492419be0>,53,12,[ 4 10],54,129,141,75,112
1,<environment.Job instance at 0x7fc44e3a4c30>,33,14,[5 9],34,141,155,107,126
1,<environment.Job instance at 0x7fc44e13dd70>,63,18,[10  4],64,155,173,91,144
1,<environment.Job instance at 0x7fc44e13d0f0>,69,13,[6 5],70,173,186,103,160
1,<environment.Job instance at 0x7fc44e13d8c0>,71,16,[ 2 10],72,186,202,114,173
1,<environment.Job instance at 0x7fc44e13daf0>,74,1,[4 6],75,202,203,127,175
1,<environment.Job instance at 0x7fc44e13da50>,72,3,[3 8],73,203,206,130,177
1,<environment.Job instance at 0x7fc44e13d780>,75,15,[2 8],76,206,221,130,192
1,<environment.Job instance at 0x7fc44e13dbe0>,77,3,[5 6],78,221,224,143,195
1,<environment.Job instance at 0x7fc44e13ddc0>,82,15,[6 2],83,205,220,122,205
1,<environment.Job instance at 0x7fc44e13dfa0>,83,1,[6 3],84,224,225,140,206
1,<environment.Job instance at 0x7fc44e13db40>,73,16,[1 9],74,225,241,151,212
1,<environment.Job instance at 0x7fc494663460>,4,14,[ 4 10],5,5,19,0,5
1,<environment.Job instance at 0x7fc494663780>,5,16,[6 5],6,19,35,13,6
1,<environment.Job instance at 0x7fc44e5d32d0>,11,3,[6 4],12,35,38,23,15
1,<environment.Job instance at 0x7fc44e5d3640>,7,18,[3 8],8,38,56,30,27
1,<environment.Job instance at 0x7fc49211f140>,22,16,[6 4],23,56,72,33,47
1,<environment.Job instance at 0x7fc44e5d31e0>,13,15,[9 4],14,72,87,58,58
1,<environment.Job instance at 0x7fc49211f910>,33,14,[7 2],34,87,101,53,72
1,<environment.Job instance at 0x7fc44e20bb40>,42,16,[1 7],43,87,103,44,86
1,<environment.Job instance at 0x7fc44e20b550>,43,3,[6 5],44,103,106,59,86
1,<environment.Job instance at 0x7fc44e20be10>,45,18,[4 5],46,103,121,57,92
1,<environment.Job instance at 0x7fc491fcd320>,48,12,[1 5],49,106,118,57,95
1,<environment.Job instance at 0x7fc491fcd820>,55,14,[4 9],56,121,135,65,106
1,<environment.Job instance at 0x7fc44e20b4b0>,38,12,[10  1],39,135,147,96,122
1,<environment.Job instance at 0x7fc491fe9c80>,62,2,[5 5],63,147,149,84,122
1,<environment.Job instance at 0x7fc491fe9b40>,61,2,[5 3],62,147,149,85,128
1,<environment.Job instance at 0x7fc491fe9280>,68,2,[ 5 10],69,149,151,80,137
1,<environment.Job instance at 0x7fc491fe9d70>,69,2,[9 2],70,151,153,81,137
1,<environment.Job instance at 0x7fc491fe92d0>,70,3,[3 7],71,153,156,82,137
1,<environment.Job instance at 0x7fc491fe9b90>,71,2,[4 5],72,156,158,84,137
1,<environment.Job instance at 0x7fc491fd8e60>,72,16,[9 2],73,158,174,85,145
1,<environment.Job instance at 0x7fc491fd8050>,78,12,[ 4 10],79,174,186,95,157
1,<environment.Job instance at 0x7fc491fe9a00>,67,2,[4 6],68,186,188,118,172
1,<environment.Job instance at 0x7fc491fcb690>,86,21,[5 3],87,186,207,99,179
1,<environment.Job instance at 0x7fc491fcb960>,88,16,[1 7],89,188,204,99,179
1,<environment.Job instance at 0x7fc491fcb2d0>,89,1,[ 4 10],90,207,208,117,181
1,<environment.Job instance at 0x7fc491fcb190>,93,17,[8 3],94,208,225,114,198
1,<environment.Job instance at 0x7fc491fcbc80>,92,2,[6 5],93,225,227,132,203
1,<environment.Job instance at 0x7ff282cc8230>,0,18,[ 2 10],1,1,19,0,1
1,<environment.Job instance at 0x7ff27b8b8690>,8,17,[ 2 10],9,19,36,10,9
1,<environment.Job instance at 0x7ff27b8b8820>,11,2,[3 9],12,36,38,24,12
1,<environment.Job instance at 0x7ff27b8b8af0>,13,13,[1 8],14,38,51,24,30
1,<environment.Job instance at 0x7ff27b8b8a50>,14,12,[3 7],15,51,63,36,34
1,<environment.Job instance at 0x7ff27b8b8dc0>,20,1,[3 7],21,63,64,42,41
1,<environment.Job instance at 0x7ff27b8b8f00>,21,3,[ 2 10],22,64,67,42,43
1,<environment.Job instance at 0x7ff27b8ba0a0>,24,3,[5 9],25,67,70,42,45
1,<environment.Job instance at 0x7ff27b8ba190>,25,3,[1 6],26,70,73,44,48
1,<environment.Job instance at 0x7ff27b8ba280>,27,2,[6 4],28,70,72,42,50
1,<environment.Job instance at 0x7ff27b8ba320>,28,2,[5 9],29,73,75,44,50
1,<environment.Job instance at 0x7ff27b8ba5a0>,30,1,[5 5],31,75,76,44,53
1,<environment.Job instance at 0x7ff27b8ba640>,33,2,[5 3],34,75,77,41,64
1,<environment.Job instance at 0x7ff27b8bab90>,34,3,[9 5],35,77,80,42,64
1,<environment.Job instance at 0x7ff27b8baa00>,36,2,[5 1],37,68,70,31,68
1,<environment.Job instance at 0x7ff27b8babe0>,37,14,[5 5],38,80,94,42,68
1,<environment.Job instance at 0x7ff27b8bacd0>,38,12,[3 6],39,94,106,55,77
1,<environment.Job instance at 0x7ff27b8ba050>,23,18,[5 2],24,83,101,59,83
1,<environment.Job instance at 0x7ff27b8bf820>,45,16,[6 2],46,101,117,55,90
1,<environment.Job instance at 0x7ff27b8bf550>,47,1,[2 6],48,106,107,58,99
1,<environment.Job instance at 0x7ff27b8bf780>,46,3,[5 4],47,117,120,70,99
1,<environment.Job instance at 0x7ff27b8bfbe0>,49,2,[1 9],50,120,122,70,100
1,<environment.Job instance at 0x7ff27b8bff00>,51,2,[4 9],52,122,124,70,100
1,<environment.Job instance at 0x7ff27b8bf870>,48,13,[6 1],49,120,133,71,104
1,<environment.Job instance at 0x7ff27b8c03c0>,56,18,[4 5],57,125,143,68,125
1,<environment.Job instance at 0x7ff27b8c0410>,59,14,[ 2 10],60,143,157,83,128
1,<environment.Job instance at 0x7ff27b8c09b0>,66,3,[ 2 10],67,157,160,90,139
1,<environment.Job instance at 0x7ff27b8bad70>,39,18,[5 8],40,160,178,120,153
1,<environment.Job instance at 0x7ff27b8c0c80>,69,13,[7 2],70,178,191,108,163
1,<environment.Job instance at 0x7ff27b8c0e10>,71,1,[8 2],72,191,192,119,165
1,<environment.Job instance at 0x7ff27b8c2960>,80,2,[10  3],81,192,194,111,182
1,<environment.Job instance at 0x7ff27b8c28c0>,79,17,[2 7],80,203,220,123,203
1,<environment.Job instance at 0x7ff282cf1730>,9,14,[8 1],10,19,33,9,19
1,<environment.Job instance at 0x7ff27b8c7960>,4,15,[9 1],5,33,48,28,19
1,<environment.Job instance at 0x7ff282cf1fa0>,13,3,[2 9],14,24,27,10,24
1,<environment.Job instance at 0x7ff282cf1d70>,16,18,[1 6],17,28,46,11,28
1,<environment.Job instance at 0x7ff282e3ca00>,18,14,[5 1],19,48,62,29,38
1,<environment.Job instance at 0x7ff282e3c2d0>,21,16,[5 4],22,48,64,26,38
1,<environment.Job instance at 0x7ff282e39e60>,28,12,[3 9],29,74,86,45,74
1,<environment.Job instance at 0x7ff282e39820>,30,13,[2 6],31,86,99,55,74
1,<environment.Job instance at 0x7ff282e39c80>,32,16,[6 2],33,86,102,53,77
1,<environment.Job instance at 0x7ff282cf1050>,14,15,[10  5],15,102,117,87,88
1,<environment.Job instance at 0x7ff282cf4050>,39,3,[4 8],40,99,102,59,90
1,<environment.Job instance at 0x7ff282e30960>,43,15,[4 8],44,117,132,73,103
1,<environment.Job instance at 0x7ff282e350a0>,51,14,[5 3],52,132,146,80,117
1,<environment.Job instance at 0x7ff282e356e0>,53,12,[1 7],54,132,144,78,117
1,<environment.Job instance at 0x7ff282e35550>,56,1,[7 4],57,146,147,89,128
1,<environment.Job instance at 0x7ff282e35690>,57,13,[ 4 10],58,147,160,89,131
1,<environment.Job instance at 0x7ff282cc7be0>,60,12,[2 5],61,160,172,99,150
1,<environment.Job instance at 0x7ff282cc7a50>,61,1,[5 1],62,160,161,98,150
1,<environment.Job instance at 0x7ff282cc76e0>,62,2,[8 2],63,161,163,98,151
1,<environment.Job instance at 0x7ff282cc7280>,64,12,[5 7],65,172,184,107,155
1,<environment.Job instance at 0x7ff282cf1410>,6,2,[9 1],7,184,186,177,158
1,<environment.Job instance at 0x7ff282e43870>,69,17,[9 2],70,186,203,116,175
1,<environment.Job instance at 0x7ff282e43500>,72,14,[8 4],73,203,217,130,188
1,<environment.Job instance at 0x7ff282e431e0>,75,16,[ 3 10],76,217,233,141,204
1,<environment.Job instance at 0x7ff237fb2500>,2,3,[3 9],3,3,6,0,3
1,<environment.Job instance at 0x7ff237bc4960>,3,18,[1 6],4,6,24,2,4
1,<environment.Job instance at 0x7ff237bbfdc0>,4,15,[9 5],5,24,39,19,10
1,<environment.Job instance at 0x7ff237bbf3c0>,11,3,[1 8],12,39,42,27,13
1,<environment.Job instance at 0x7ff237bb80a0>,13,14,[3 5],14,42,56,28,27
1,<environment.Job instance at 0x7ff237bb85f0>,20,2,[8 3],21,56,58,35,29
1,<environment.Job instance at 0x7ff237bb8c30>,24,18,[10  2],25,58,76,33,56
1,<environment.Job instance at 0x7ff237bba2d0>,32,17,[8 2],33,90,107,57,90
1,<environment.Job instance at 0x7ff237bbf2d0>,8,12,[9 2],9,107,119,98,90
1,<environment.Job instance at 0x7ff237bbad70>,35,2,[7 1],36,119,121,83,92
1,<environment.Job instance at 0x7ff237bbabe0>,34,1,[3 7],35,119,120,84,94
1,<environment.Job instance at 0x7ff237bb4690>,39,13,[5 7],40,121,134,81,105
1,<environment.Job instance at 0x7ff237bb4f50>,36,14,[5 4],37,134,148,97,119
1,<environment.Job instance at 0x7ff237bace60>,49,14,[5 7],50,148,162,98,133
1,<environment.Job instance at 0x7ff237bacf50>,54,18,[ 5 10],55,162,180,107,151
1,<environment.Job instance at 0x7ff237b82e60>,63,13,[8 3],64,180,193,116,164
1,<environment.Job instance at 0x7ff237b9eb40>,66,15,[7 3],67,193,208,126,182
1,<environment.Job instance at 0x7ff237b9e1e0>,70,14,[2 8],71,208,222,137,193
1,<environment.Job instance at 0x7ff237bac960>,55,1,[8 2],56,208,209,152,194
1,<environment.Job instance at 0x7ff237b9e320>,72,2,[7 1],73,209,211,136,194
1,<environment.Job instance at 0x7ff237b9e8c0>,73,2,[3 5],74,195,197,121,195
1,<environment.Job instance at 0x7ff237b9edc0>,75,2,[4 6],76,222,224,146,203
1,<environment.Job instance at 0x7ff237c12e60>,76,2,[6 5],77,224,226,147,203
1,<environment.Job instance at 0x7ff237c12550>,77,14,[7 1],78,226,240,148,213
1,<environment.Job instance at 0x7ff237f7c910>,6,3,[2 7],7,7,10,0,7
1,<environment.Job instance at 0x7ff2380966e0>,7,13,[ 1 10],8,10,23,2,8
1,<environment.Job instance at 0x7ff2380bb230>,10,17,[7 1],11,23,40,12,11
1,<environment.Job instance at 0x7ff2380bbb90>,11,18,[3 8],12,23,41,11,13
1,<environment.Job instance at 0x7ff2380bb870>,14,2,[4 8],15,41,43,26,25
1,<environment.Job instance at 0x7ff238053190>,20,18,[4 8],21,43,61,22,32
1,<environment.Job instance at 0x7ff238027d70>,27,13,[4 9],28,61,74,33,45
1,<environment.Job instance at 0x7ff2380277d0>,31,2,[7 4],32,74,76,42,48
1,<environment.Job instance at 0x7ff238053e60>,21,3,[10  4],22,76,79,54,76
1,<environment.Job instance at 0x7ff238090690>,39,17,[2 6],40,79,96,39,77
1,<environment.Job instance at 0x7ff2380909b0>,37,20,[5 2],38,79,99,41,77
1,<environment.Job instance at 0x7ff238090fa0>,41,3,[3 7],42,96,99,54,77
1,<environment.Job instance at 0x7ff238090550>,40,16,[1 9],41,100,116,59,100
1,<environment.Job instance at 0x7ff2380908c0>,45,12,[4 7],46,116,128,70,100
1,<environment.Job instance at 0x7ff2380734b0>,46,13,[8 3],47,128,141,81,112
1,<environment.Job instance at 0x7ff2380380f0>,48,14,[2 7],49,128,142,79,120
1,<environment.Job instance at 0x7ff238073fa0>,50,2,[9 4],51,142,144,91,120
1,<environment.Job instance at 0x7ff238073140>,51,18,[5 7],52,144,162,92,133
1,<environment.Job instance at 0x7ff237f7f140>,56,13,[1 6],57,162,175,105,146
1,<environment.Job instance at 0x7ff237f7f280>,58,13,[8 2],59,162,175,103,150
1,<environment.Job instance at 0x7ff237f7fd20>,62,13,[3 9],63,175,188,112,159
1,<environment.Job instance at 0x7ff238073870>,49,17,[5 1],50,175,192,125,163
1,<environment.Job instance at 0x7ff238000c80>,67,14,[9 1],68,192,206,124,177
1,<environment.Job instance at 0x7ff238000d20>,72,12,[8 5],73,206,218,133,193
1,<environment.Job instance at 0x7ff238000a00>,75,15,[5 7],76,218,233,142,204
1,<environment.Job instance at 0x7ff237cbf960>,4,2,[4 8],5,5,7,0,5
1,<environment.Job instance at 0x7ff237cbf0a0>,5,19,[7 5],6,7,26,1,7
1,<environment.Job instance at 0x7ff27b922c30>,14,2,[4 9],15,26,28,11,19
1,<environment.Job instance at 0x7ff27b91c3c0>,17,18,[6 2],18,28,46,10,22
1,<environment.Job instance at 0x7ff27bd18be0>,22,3,[ 3 10],23,46,49,23,23
1,<environment.Job instance at 0x7ff27bd18eb0>,26,14,[7 5],27,49,63,22,34
1,<environment.Job instance at 0x7ff27bd18fa0>,28,14,[3 8],29,63,77,34,49
1,<environment.Job instance at 0x7ff237ac04b0>,32,12,[3 8],33,77,89,44,63
1,<environment.Job instance at 0x7ff237ac07d0>,38,1,[5 3],39,89,90,50,67
1,<environment.Job instance at 0x7ff27bd18b90>,29,3,[3 6],30,89,92,59,67
1,<environment.Job instance at 0x7ff237ac08c0>,39,17,[ 5 10],40,92,109,52,80
1,<environment.Job instance at 0x7ff237ac0690>,40,18,[4 6],41,109,127,68,101
1,<environment.Job instance at 0x7ff237ac0e10>,46,14,[ 5 10],47,127,141,80,112
1,<environment.Job instance at 0x7ff237ac0d70>,50,1,[6 5],51,141,142,90,128
1,<environment.Job instance at 0x7ff237ac0be0>,48,19,[1 6],49,142,161,93,132
1,<environment.Job instance at 0x7ff237ac3230>,54,1,[5 7],55,161,162,106,140
1,<environment.Job instance at 0x7ff237ac3460>,57,12,[5 5],58,165,177,107,165
1,<environment.Job instance at 0x7ff237ac3500>,58,15,[5 9],59,177,192,118,165
1,<environment.Job instance at 0x7ff237ac36e0>,61,12,[5 9],62,192,204,130,175
1,<environment.Job instance at 0x7ff237ac3f00>,67,2,[2 6],68,204,206,136,186
1,<environment.Job instance at 0x7ff237ac3fa0>,68,2,[5 5],69,206,208,137,186
1,<environment.Job instance at 0x7ff237ac3cd0>,69,1,[5 7],70,208,209,138,186
1,<environment.Job instance at 0x7ff237ac3f50>,70,3,[1 6],71,209,212,138,186
1,<environment.Job instance at 0x7ff237ac4140>,72,3,[4 9],73,212,215,139,193
1,<environment.Job instance at 0x7ff237ac41e0>,73,12,[ 2 10],74,215,227,141,198
1,<environment.Job instance at 0x7ff237ac4500>,78,14,[6 4],79,227,241,148,213
1,<environment.Job instance at 0x7ff237ac48c0>,81,3,[1 6],82,227,230,145,217
1,<environment.Job instance at 0x7ff237ac4aa0>,1,3,[5 9],2,2,5,0,2
1,<environment.Job instance at 0x7ff27bec3dc0>,5,13,[3 9],6,6,19,0,6
1,<environment.Job instance at 0x7ff27bec3960>,8,17,[2 6],9,19,36,10,9
1,<environment.Job instance at 0x7ff27b6e0730>,16,13,[3 9],17,36,49,19,21
1,<environment.Job instance at 0x7ff27b6e0b90>,23,14,[4 8],24,49,63,25,38
1,<environment.Job instance at 0x7ff27b6e0640>,27,1,[3 6],28,63,64,35,50
1,<environment.Job instance at 0x7ff27b6e0780>,30,3,[10  4],31,64,67,33,50
1,<environment.Job instance at 0x7ff27b6e0230>,32,13,[ 5 10],33,67,80,34,51
1,<environment.Job instance at 0x7ff27b6e45f0>,35,3,[9 4],36,80,83,44,62
1,<environment.Job instance at 0x7ff27b6e0dc0>,26,15,[9 1],27,83,98,56,69
1,<environment.Job instance at 0x7ff27b6e45a0>,36,2,[5 5],37,98,100,61,80
1,<environment.Job instance at 0x7ff27b6e4910>,40,15,[5 6],41,100,115,59,86
1,<environment.Job instance at 0x7ff27b6e4e10>,46,14,[5 4],47,98,112,51,94
1,<environment.Job instance at 0x7ff27b6e4dc0>,47,15,[10  1],48,115,130,67,101
1,<environment.Job instance at 0x7ff27b6f0d70>,51,2,[5 7],52,130,132,78,103
1,<environment.Job instance at 0x7ff27b6f08c0>,52,1,[4 6],53,132,133,79,106
1,<environment.Job instance at 0x7ff27b6f05a0>,56,2,[8 4],57,133,135,76,107
1,<environment.Job instance at 0x7ff27b6f0e60>,57,3,[10  4],58,135,138,77,109
1,<environment.Job instance at 0x7ff27b6fe190>,65,3,[10  4],66,138,141,72,122
1,<environment.Job instance at 0x7ff27b6feaa0>,66,14,[1 7],67,141,155,74,127
1,<environment.Job instance at 0x7ff27b6fe0a0>,67,2,[ 2 10],68,155,157,87,128
1,<environment.Job instance at 0x7ff27b6fe500>,71,2,[2 6],72,157,159,85,139
1,<environment.Job instance at 0x7ff27b6fe4b0>,70,18,[ 5 10],71,159,177,88,148
1,<environment.Job instance at 0x7ff27b6fe5f0>,69,16,[5 3],70,177,193,107,164
1,<environment.Job instance at 0x7ff27b6fe8c0>,79,2,[9 1],80,193,195,113,166
1,<environment.Job instance at 0x7ff27b6fe960>,81,12,[5 6],82,177,189,95,177
1,<environment.Job instance at 0x7ff27bc9b780>,86,12,[1 5],87,189,201,102,181
1,<environment.Job instance at 0x7ff27bc9b960>,88,14,[9 1],89,195,209,106,181
1,<environment.Job instance at 0x7ff27bd72780>,90,1,[9 4],91,209,210,118,184
1,<environment.Job instance at 0x7ff27b6fe820>,80,14,[1 8],81,210,224,129,198
1,<environment.Job instance at 0x7ff237c50960>,12,17,[ 2 10],13,13,30,0,13
1,<environment.Job instance at 0x7ff27b7e2e60>,14,12,[9 1],15,30,42,15,17
1,<environment.Job instance at 0x7ff237c50aa0>,15,2,[6 3],16,42,44,26,26
1,<environment.Job instance at 0x7ff27b7e2af0>,19,13,[7 4],20,44,57,24,28
1,<environment.Job instance at 0x7ff2381ae910>,29,19,[5 5],30,58,77,28,58
1,<environment.Job instance at 0x7ff27b6fc8c0>,34,14,[3 8],35,77,91,42,63
1,<environment.Job instance at 0x7ff27c06ff00>,37,14,[ 4 10],38,91,105,53,78
1,<environment.Job instance at 0x7ff23805a370>,46,18,[10  2],47,105,123,58,104
1,<environment.Job instance at 0x7ff282bf3190>,48,17,[9 5],49,123,140,74,111
1,<environment.Job instance at 0x7ff282bf3820>,53,13,[5 5],54,140,153,86,126
1,<environment.Job instance at 0x7ff27bdfbaa0>,58,3,[2 6],59,153,156,94,135
1,<environment.Job instance at 0x7ff27bdfbb40>,61,2,[7 1],62,153,155,91,137
1,<environment.Job instance at 0x7ff237d01460>,63,3,[10  3],64,156,159,92,137
1,<environment.Job instance at 0x7ff27bdfba00>,64,13,[5 3],65,140,153,75,137
1,<environment.Job instance at 0x7ff237fa6500>,65,12,[8 5],66,159,171,93,142
1,<environment.Job instance at 0x7ff27b68a5f0>,67,3,[7 5],68,171,174,103,145
1,<environment.Job instance at 0x7ff237ee4730>,71,17,[2 7],72,174,191,102,162
1,<environment.Job instance at 0x7ff237ee4460>,73,12,[7 4],74,191,203,117,174
1,<environment.Job instance at 0x7ff27c04a820>,80,14,[ 2 10],81,203,217,122,188
1,<environment.Job instance at 0x7ff27bf12910>,86,13,[3 9],87,217,230,130,202
1,<environment.Job instance at 0x7ff27b7df640>,10,14,[1 5],11,21,35,10,21
1,<environment.Job instance at 0x7ff27b6b4d70>,14,13,[2 6],15,38,51,23,38
1,<environment.Job instance at 0x7ff27b6b4e60>,15,14,[ 1 10],16,51,65,35,41
1,<environment.Job instance at 0x7ff27b6b4640>,16,18,[7 4],17,65,83,48,58
1,<environment.Job instance at 0x7ff27b8f1f00>,7,23,[5 3],8,89,112,81,89
1,<environment.Job instance at 0x7ff237a35af0>,29,17,[9 2],30,112,129,82,107
1,<environment.Job instance at 0x7ff237a38050>,36,13,[8 2],37,129,142,92,122
1,<environment.Job instance at 0x7ff237a38320>,38,12,[ 4 10],39,142,154,103,125
1,<environment.Job instance at 0x7ff237a38550>,40,16,[ 2 10],41,154,170,113,141
1,<environment.Job instance at 0x7ff237a38d20>,51,2,[3 8],52,170,172,118,160
1,<environment.Job instance at 0x7ff237a38a00>,52,1,[6 3],53,172,173,119,160
1,<environment.Job instance at 0x7ff237a38e60>,55,2,[ 2 10],56,173,175,117,160
1,<environment.Job instance at 0x7ff237a358c0>,25,2,[8 3],26,175,177,149,162
1,<environment.Job instance at 0x7ff237a3b230>,60,1,[8 1],61,177,178,116,164
1,<environment.Job instance at 0x7ff237a3b050>,62,2,[3 6],63,178,180,115,168
1,<environment.Job instance at 0x7ff237a3b460>,64,3,[4 5],65,180,183,115,170
1,<environment.Job instance at 0x7ff237a38f50>,58,16,[7 2],59,183,199,124,171
1,<environment.Job instance at 0x7ff237a38f00>,57,18,[3 8],58,207,225,149,207
1,<environment.Job instance at 0x7ff27b6b4730>,4,3,[1 5],5,5,8,0,5
1,<environment.Job instance at 0x7ff27b6b4500>,5,15,[3 5],6,6,21,0,6
1,<environment.Job instance at 0x7ff237a3beb0>,7,13,[9 1],8,21,34,13,8
1,<environment.Job instance at 0x7ff27c1783c0>,11,3,[9 1],12,34,37,22,12
1,<environment.Job instance at 0x7ff27bd8e320>,17,17,[10  4],18,37,54,19,28
1,<environment.Job instance at 0x7ff27bd8eb40>,16,12,[9 5],17,54,66,37,37
1,<environment.Job instance at 0x7ff27bd8e640>,24,3,[4 5],25,66,69,41,43
1,<environment.Job instance at 0x7ff237b75d70>,22,13,[2 9],23,69,82,46,59
1,<environment.Job instance at 0x7ff238245550>,28,13,[1 5],29,82,95,53,69
1,<environment.Job instance at 0x7ff27bafa7d0>,30,22,[2 5],31,89,111,58,89
1,<environment.Job instance at 0x7ff27bc6a8c0>,40,1,[ 2 10],41,111,112,70,98
1,<environment.Job instance at 0x7ff238130be0>,41,2,[1 5],42,98,100,56,98
1,<environment.Job instance at 0x7ff2382220a0>,38,18,[5 8],39,112,130,73,101
1,<environment.Job instance at 0x7ff27c4b82d0>,42,1,[9 5],43,130,131,87,111
1,<environment.Job instance at 0x7ff27b6fb050>,49,1,[4 5],50,131,132,81,114
1,<environment.Job instance at 0x7ff27b6fb0a0>,48,15,[5 8],49,132,147,83,119
1,<environment.Job instance at 0x7ff2828bfaf0>,52,12,[10  4],53,147,159,94,130
1,<environment.Job instance at 0x7ff2828bfc30>,56,3,[5 1],57,133,136,76,133
1,<environment.Job instance at 0x7ff27bb77f50>,60,16,[7 5],61,159,175,98,152
1,<environment.Job instance at 0x7ff27bb77fa0>,61,15,[5 4],62,175,190,113,161
1,<environment.Job instance at 0x7ff237f7af50>,64,17,[2 5],65,161,178,96,161
1,<environment.Job instance at 0x7ff2828bfeb0>,50,13,[5 6],51,178,191,127,162
1,<environment.Job instance at 0x7ff27c151cd0>,68,2,[7 5],69,191,193,122,186
1,<environment.Job instance at 0x7ff27b8bfaf0>,71,1,[5 5],72,193,194,121,186
1,<environment.Job instance at 0x7ff27b8bf0a0>,72,16,[9 4],73,194,210,121,188
1,<environment.Job instance at 0x7ff27c3da140>,70,12,[10  1],71,210,222,139,193
1,<environment.Job instance at 0x7ff27b8bfd70>,78,2,[10  5],79,222,224,143,197
1,<environment.Job instance at 0x7ff27b8bf3c0>,80,3,[2 8],81,224,227,143,213
1,<environment.Job instance at 0x7ff27b8bff00>,81,13,[7 4],82,227,240,145,213
1,<environment.Job instance at 0x7ff27b8d2e60>,86,17,[2 6],87,227,244,140,215
1,<environment.Job instance at 0x7ff27bec73c0>,4,16,[7 4],5,5,21,0,5
1,<environment.Job instance at 0x7ff237ecb370>,10,15,[5 3],11,21,36,10,11
1,<environment.Job instance at 0x7ff27baf49b0>,11,18,[4 7],12,21,39,9,12
1,<environment.Job instance at 0x7ff27bea54b0>,19,15,[3 9],20,39,54,19,27
1,<environment.Job instance at 0x7ff27b8793c0>,27,15,[6 2],28,54,69,26,41
1,<environment.Job instance at 0x7ff27bf0e140>,31,3,[1 8],32,54,57,22,48
1,<environment.Job instance at 0x7ff27baf4780>,13,17,[9 1],14,69,86,55,68
1,<environment.Job instance at 0x7ff238263c30>,33,3,[3 8],34,86,89,52,68
1,<environment.Job instance at 0x7ff27b68b9b0>,34,12,[9 1],35,89,101,54,72
1,<environment.Job instance at 0x7ff27b718be0>,39,2,[1 9],40,74,76,34,74
1,<environment.Job instance at 0x7ff27bfa3be0>,45,17,[10  3],46,101,118,55,100
1,<environment.Job instance at 0x7ff27bdfbdc0>,37,12,[5 9],38,118,130,80,108
1,<environment.Job instance at 0x7ff27bfa3aa0>,48,14,[6 4],49,130,144,81,115
1,<environment.Job instance at 0x7ff2380bb280>,55,16,[7 3],56,144,160,88,131
1,<environment.Job instance at 0x7ff2380bbfa0>,49,3,[1 7],50,155,158,105,155
1,<environment.Job instance at 0x7ff27baff140>,61,15,[8 4],62,160,175,98,155
1,<environment.Job instance at 0x7ff27bdf5640>,63,16,[2 6],64,158,174,94,156
1,<environment.Job instance at 0x7ff27bdf5910>,62,14,[9 2],63,175,189,112,160
1,<environment.Job instance at 0x7ff237cf0e10>,73,18,[4 6],74,189,207,115,183
1,<environment.Job instance at 0x7ff23818ac30>,65,17,[5 3],66,189,206,123,183
1,<environment.Job instance at 0x7ff27ba64730>,76,17,[3 7],77,207,224,130,195
1,<environment.Job instance at 0x7ff27b9be730>,83,14,[ 2 10],84,224,238,140,209
1,<environment.Job instance at 0x7ff237d73f00>,3,13,[8 4],4,4,17,0,4
1,<environment.Job instance at 0x7ff27b926dc0>,7,13,[10  4],8,17,30,9,9
1,<environment.Job instance at 0x7ff27be8c870>,9,13,[8 2],10,30,43,20,17
1,<environment.Job instance at 0x7ff27c013e10>,17,18,[1 6],18,30,48,12,20
1,<environment.Job instance at 0x7ff27b7a83c0>,20,17,[9 2],21,43,60,22,32
1,<environment.Job instance at 0x7ff27b7a8690>,27,3,[8 1],28,60,63,32,46
1,<environment.Job instance at 0x7ff27b7a8910>,31,1,[2 5],32,60,61,28,59
1,<environment.Job instance at 0x7ff27be8c190>,12,16,[5 4],13,63,79,50,59
1,<environment.Job instance at 0x7ff27b7a8c30>,32,13,[ 3 10],33,79,92,46,64
1,<environment.Job instance at 0x7ff27b7a8cd0>,34,1,[5 5],35,92,93,57,79
1,<environment.Job instance at 0x7ff27b7a8f50>,39,2,[8 2],40,93,95,53,79
1,<environment.Job instance at 0x7ff27b7ab0f0>,40,2,[5 4],41,95,97,54,80
1,<environment.Job instance at 0x7ff27b7ab190>,41,2,[6 1],42,97,99,55,80
1,<environment.Job instance at 0x7ff27b7ab230>,42,12,[1 9],43,97,109,54,80
1,<environment.Job instance at 0x7ff27b7ab1e0>,44,2,[2 5],45,92,94,47,81
1,<environment.Job instance at 0x7ff27b7ab410>,46,18,[5 5],47,109,127,62,98
1,<environment.Job instance at 0x7ff27b7aba00>,50,17,[ 5 10],51,127,144,76,115
1,<environment.Job instance at 0x7ff27b7ad690>,67,15,[3 6],68,144,159,76,136
1,<environment.Job instance at 0x7ff27b7ad730>,68,14,[ 1 10],69,159,173,90,144
1,<environment.Job instance at 0x7ff27b7ad910>,74,13,[3 6],75,173,186,98,168
1,<environment.Job instance at 0x7ff27b7adb90>,78,16,[10  3],79,186,202,107,175
1,<environment.Job instance at 0x7ff27b7be0a0>,83,3,[8 1],84,202,205,118,199
1,<environment.Job instance at 0x7ff27b7be1e0>,84,17,[2 7],85,202,219,117,199
1,<environment.Job instance at 0x7ff27b7be500>,88,17,[6 5],89,219,236,130,207
1,<environment.Job instance at 0x7ff27c3e1b40>,0,13,[10  1],1,1,14,0,1
1,<environment.Job instance at 0x7ff27c05e320>,6,16,[5 6],7,14,30,7,8
1,<environment.Job instance at 0x7ff27c05e550>,11,16,[4 6],12,30,46,18,18
1,<environment.Job instance at 0x7ff27b66eeb0>,14,1,[4 6],15,46,47,31,21
1,<environment.Job instance at 0x7ff27b66ed70>,13,3,[2 7],14,47,50,33,22
1,<environment.Job instance at 0x7ff237a821e0>,21,1,[6 3],22,31,32,9,31
1,<environment.Job instance at 0x7ff27b66e6e0>,18,16,[ 5 10],19,50,66,31,37
1,<environment.Job instance at 0x7ff237a82500>,23,3,[10  4],24,66,69,42,53
1,<environment.Job instance at 0x7ff237a82cd0>,30,13,[2 8],31,69,82,38,54
1,<environment.Job instance at 0x7ff237a82d70>,31,1,[10  1],32,82,83,50,57
1,<environment.Job instance at 0x7ff237a82eb0>,34,13,[5 8],35,83,96,48,67
1,<environment.Job instance at 0x7ff237cf0b40>,42,2,[10  3],43,96,98,53,84
1,<environment.Job instance at 0x7ff237cf0730>,45,14,[1 7],46,98,112,52,89
1,<environment.Job instance at 0x7ff237cf0550>,46,3,[8 2],47,98,101,51,89
1,<environment.Job instance at 0x7ff237b61870>,41,27,[8 5],42,112,139,70,111
1,<environment.Job instance at 0x7ff237cf0460>,50,1,[5 2],51,139,140,88,115
1,<environment.Job instance at 0x7ff27c22edc0>,54,17,[10  5],55,140,157,85,128
1,<environment.Job instance at 0x7ff27c22e730>,56,1,[7 3],57,157,158,100,130
1,<environment.Job instance at 0x7ff27c22eeb0>,58,12,[ 1 10],59,158,170,99,141
1,<environment.Job instance at 0x7ff2381ba8c0>,66,13,[1 6],67,170,183,103,154
1,<environment.Job instance at 0x7ff2381ba640>,69,12,[5 8],70,183,195,113,166
1,<environment.Job instance at 0x7ff237a82370>,32,22,[8 1],33,195,217,162,189
1,<environment.Job instance at 0x7ff27c22eaa0>,63,13,[3 9],64,217,230,153,202
1,<environment.Job instance at 0x7ff27bb85190>,87,2,[5 2],88,230,232,142,215
1,<environment.Job instance at 0x7ff27c05ee10>,3,14,[ 4 10],4,4,18,0,4
1,<environment.Job instance at 0x7ff237eb3aa0>,10,2,[3 5],11,18,20,7,11
1,<environment.Job instance at 0x7ff237eb3910>,11,12,[3 5],12,18,30,6,12
1,<environment.Job instance at 0x7ff237eb34b0>,12,2,[1 9],13,30,32,17,14
1,<environment.Job instance at 0x7ff237eb3410>,13,1,[3 7],14,32,33,18,14
1,<environment.Job instance at 0x7ff237eb3a50>,14,3,[8 5],15,33,36,18,16
1,<environment.Job instance at 0x7ff237eb3640>,15,2,[9 5],16,36,38,20,18
1,<environment.Job instance at 0x7ff27b96f6e0>,18,14,[5 4],19,38,52,19,23
1,<environment.Job instance at 0x7ff27b96f140>,20,2,[7 5],21,52,54,31,35
1,<environment.Job instance at 0x7ff237edd5f0>,23,1,[9 4],24,54,55,30,36
1,<environment.Job instance at 0x7ff237eb32d0>,9,3,[5 4],10,38,41,28,37
1,<environment.Job instance at 0x7ff237dbf640>,8,3,[9 5],9,55,58,46,44
1,<environment.Job instance at 0x7ff237eddd20>,28,13,[4 8],29,58,71,29,46
1,<environment.Job instance at 0x7ff237edda50>,31,1,[3 6],32,46,47,14,46
1,<environment.Job instance at 0x7ff237eddb90>,34,14,[ 5 10],35,71,85,36,56
1,<environment.Job instance at 0x7ff237eb3050>,16,16,[4 9],17,85,101,68,72
1,<environment.Job instance at 0x7ff237eded20>,40,1,[7 5],41,101,102,60,74
1,<environment.Job instance at 0x7ff237edeaa0>,41,12,[5 6],42,102,114,60,86
1,<environment.Job instance at 0x7ff237ede9b0>,45,14,[3 8],46,114,128,68,99
1,<environment.Job instance at 0x7ff237eb30f0>,17,18,[6 1],18,114,132,96,109
1,<environment.Job instance at 0x7ff237ede870>,51,1,[6 2],52,132,133,80,109
1,<environment.Job instance at 0x7ff237edee60>,49,3,[2 7],50,128,131,78,109
1,<environment.Job instance at 0x7ff237ede910>,53,15,[8 4],54,133,148,79,119
1,<environment.Job instance at 0x7ff237ede1e0>,54,13,[1 9],55,148,161,93,132
1,<environment.Job instance at 0x7ff237dbd3c0>,65,14,[4 8],66,161,175,95,152
1,<environment.Job instance at 0x7ff237dbd690>,67,3,[1 6],68,175,178,107,156
1,<environment.Job instance at 0x7ff237edd820>,37,15,[4 8],38,178,193,140,168
1,<environment.Job instance at 0x7ff27b778640>,74,2,[7 5],75,193,195,118,184
1,<environment.Job instance at 0x7ff237a0b3c0>,81,17,[ 2 10],82,199,216,117,199
1,<environment.Job instance at 0x7ff237a0b8c0>,83,12,[3 9],84,216,228,132,207
1,<environment.Job instance at 0x7ff27b68be60>,1,15,[3 7],2,2,17,0,2
1,<environment.Job instance at 0x7ff27c2630a0>,8,12,[6 4],9,17,29,8,9
1,<environment.Job instance at 0x7ff27bab2e60>,16,13,[6 4],17,29,42,12,17
1,<environment.Job instance at 0x7ff27c26f780>,19,12,[5 8],20,42,54,22,32
1,<environment.Job instance at 0x7ff27b6cd410>,22,1,[2 6],23,37,38,14,37
1,<environment.Job instance at 0x7ff27c26faf0>,20,2,[5 4],21,54,56,33,39
1,<environment.Job instance at 0x7ff27c289140>,33,14,[ 5 10],34,56,70,22,42
1,<environment.Job instance at 0x7ff2378f2550>,36,16,[3 8],37,70,86,33,57
1,<environment.Job instance at 0x7ff2382737d0>,42,17,[5 7],43,86,103,43,74
1,<environment.Job instance at 0x7ff23824bd70>,52,2,[8 5],53,103,105,50,87
1,<environment.Job instance at 0x7ff27c03c320>,55,3,[10  5],56,105,108,49,87
1,<environment.Job instance at 0x7ff23824b140>,54,2,[8 5],55,108,110,53,94
1,<environment.Job instance at 0x7ff27c2747d0>,35,13,[7 4],36,110,123,74,95
1,<environment.Job instance at 0x7ff27b6ba550>,51,17,[9 4],52,123,140,71,116
1,<environment.Job instance at 0x7ff27c3bb050>,70,12,[3 8],71,140,152,69,129
1,<environment.Job instance at 0x7ff27c3bbc30>,71,18,[7 1],72,140,158,68,129
1,<environment.Job instance at 0x7ff238277960>,74,2,[10  2],75,158,160,83,133
1,<environment.Job instance at 0x7ff27c3bb640>,75,16,[3 5],76,160,176,84,147
1,<environment.Job instance at 0x7ff237b1dcd0>,79,14,[7 3],80,160,174,80,147
1,<environment.Job instance at 0x7ff237b1d820>,82,17,[1 5],83,174,191,91,163
1,<environment.Job instance at 0x7ff27c151230>,58,16,[8 4],59,176,192,117,164
1,<environment.Job instance at 0x7ff237b1de10>,85,3,[9 4],86,192,195,106,172
1,<environment.Job instance at 0x7ff237b3ceb0>,89,13,[4 7],90,195,208,105,179
1,<environment.Job instance at 0x7ff2378de640>,59,17,[5 6],60,208,225,148,199
1,<environment.Job instance at 0x7ff237b3c500>,98,1,[5 3],99,201,202,102,201
1,<environment.Job instance at 0x7ff237b3c960>,101,16,[5 2],102,202,218,100,202
1,<environment.Job instance at 0x7ff27c1556e0>,5,15,[9 1],6,6,21,0,6
1,<environment.Job instance at 0x7ff237ce1910>,7,16,[8 4],8,21,37,13,11
1,<environment.Job instance at 0x7ff27c34b230>,17,14,[4 7],18,37,51,19,22
1,<environment.Job instance at 0x7ff23821be10>,14,14,[5 3],15,38,52,23,38
1,<environment.Job instance at 0x7ff27c34be10>,23,16,[ 5 10],24,52,68,28,39
1,<environment.Job instance at 0x7ff27baffa00>,29,3,[3 5],30,68,71,38,49
1,<environment.Job instance at 0x7ff27ba6ea50>,30,3,[ 2 10],31,71,74,40,50
1,<environment.Job instance at 0x7ff27bd68d70>,33,13,[6 5],34,74,87,40,58
1,<environment.Job instance at 0x7ff238240e60>,24,17,[3 5],25,74,91,49,62
1,<environment.Job instance at 0x7ff237a22870>,38,12,[6 3],39,87,99,48,71
1,<environment.Job instance at 0x7ff237f4ab90>,42,3,[10  3],43,99,102,56,82
1,<environment.Job instance at 0x7ff27b849cd0>,46,14,[10  3],47,102,116,55,87
1,<environment.Job instance at 0x7ff27b849c30>,51,17,[9 3],52,116,133,64,104
1,<environment.Job instance at 0x7ff27b76ef50>,60,13,[8 4],61,133,146,72,117
1,<environment.Job instance at 0x7ff27bd527d0>,64,2,[6 5],65,146,148,81,119
1,<environment.Job instance at 0x7ff27b76e550>,58,12,[ 1 10],59,148,160,89,137
1,<environment.Job instance at 0x7ff27c155370>,8,2,[7 4],9,160,162,151,137
1,<environment.Job instance at 0x7ff237984780>,71,18,[3 9],72,162,180,90,151
1,<environment.Job instance at 0x7ff27b67d5a0>,78,13,[8 5],79,180,193,101,164
1,<environment.Job instance at 0x7ff27bd52140>,69,2,[1 6],70,193,195,123,179
1,<environment.Job instance at 0x7ff27b67da50>,84,17,[5 5],85,195,212,110,183
1,<environment.Job instance at 0x7ff2379bc320>,92,1,[3 6],93,212,213,119,198
1,<environment.Job instance at 0x7ff2379bcf00>,93,2,[5 5],94,200,202,106,200
1,<environment.Job instance at 0x7ff27b849550>,45,20,[7 2],46,212,232,166,204
1,<environment.Job instance at 0x7ff2379bcbe0>,95,3,[2 8],96,213,216,117,205
1,<environment.Job instance at 0x7ff27b778e60>,3,1,[8 3],4,4,5,0,4
1,<environment.Job instance at 0x7ff27c34b370>,2,18,[2 5],3,5,23,2,5
1,<environment.Job instance at 0x7ff237c8dbe0>,6,14,[2 6],7,23,37,16,9
1,<environment.Job instance at 0x7ff237c8d050>,9,17,[5 4],10,10,27,0,10
1,<environment.Job instance at 0x7ff237c8d9b0>,12,15,[10  3],13,37,52,24,23
1,<environment.Job instance at 0x7ff237906f50>,23,3,[6 1],24,52,55,28,37
1,<environment.Job instance at 0x7ff237c8d910>,11,12,[2 8],12,52,64,40,40
1,<environment.Job instance at 0x7ff237daeeb0>,24,14,[5 6],25,64,78,39,49
1,<environment.Job instance at 0x7ff237dae320>,30,15,[3 7],31,78,93,47,66
1,<environment.Job instance at 0x7ff237dae910>,34,14,[5 3],35,76,90,41,76
1,<environment.Job instance at 0x7ff27b76ed70>,7,15,[6 2],8,100,115,92,100
1,<environment.Job instance at 0x7ff27bcc0dc0>,43,3,[3 6],44,101,104,57,101
1,<environment.Job instance at 0x7ff27bcc0820>,42,14,[5 5],43,115,129,72,101
1,<environment.Job instance at 0x7ff27bcc0a00>,48,18,[7 1],49,129,147,80,119
1,<environment.Job instance at 0x7ff27bcc00f0>,51,12,[4 6],52,147,159,95,130
1,<environment.Job instance at 0x7ff27bcc0910>,53,13,[10  4],54,159,172,105,143
1,<environment.Job instance at 0x7ff23789eaf0>,62,16,[8 1],63,172,188,109,160
1,<environment.Job instance at 0x7ff27bcc03c0>,49,14,[1 8],50,181,195,131,181
1,<environment.Job instance at 0x7ff23789e730>,73,14,[6 4],74,205,219,131,205
1,<environment.Job instance at 0x7ff2378a15f0>,74,3,[ 3 10],75,219,222,144,205
1,<environment.Job instance at 0x7ff2378a10a0>,75,12,[10  3],76,222,234,146,205
1,<environment.Job instance at 0x7ff2378a1320>,77,1,[7 1],78,234,235,156,206
1,<environment.Job instance at 0x7ff2378a1550>,78,1,[1 5],79,206,207,127,206
1,<environment.Job instance at 0x7ff2378a15a0>,80,12,[4 5],81,235,247,154,218
1,<environment.Job instance at 0x7ff27b9d9370>,8,2,[7 3],9,9,11,0,9
1,<environment.Job instance at 0x7ff27bc801e0>,9,13,[9 3],10,11,24,1,10
1,<environment.Job instance at 0x7ff27bc3a320>,10,12,[2 6],11,24,36,13,11
1,<environment.Job instance at 0x7ff27b832be0>,12,16,[8 1],13,24,40,11,16
1,<environment.Job instance at 0x7ff2380f0820>,17,2,[7 1],18,40,42,22,18
1,<environment.Job instance at 0x7ff2380f0b40>,18,2,[5 5],19,42,44,23,19
1,<environment.Job instance at 0x7ff27b83b6e0>,20,17,[5 8],21,44,61,23,32
1,<environment.Job instance at 0x7ff2379f5140>,14,13,[8 1],15,61,74,46,56
1,<environment.Job instance at 0x7ff2380f7960>,31,1,[2 5],32,61,62,29,56
1,<environment.Job instance at 0x7ff2380a81e0>,34,2,[7 3],35,74,76,39,56
1,<environment.Job instance at 0x7ff2380f7640>,33,13,[2 7],34,62,75,28,56
1,<environment.Job instance at 0x7ff238081460>,38,18,[6 5],39,76,94,37,65
1,<environment.Job instance at 0x7ff2380a85a0>,36,14,[8 5],37,94,108,57,87
1,<environment.Job instance at 0x7ff238099aa0>,49,2,[9 5],50,108,110,58,96
1,<environment.Job instance at 0x7ff238099f00>,48,14,[5 5],49,110,124,61,96
1,<environment.Job instance at 0x7ff237bdefa0>,51,2,[10  3],52,124,126,72,97
1,<environment.Job instance at 0x7ff238099410>,50,1,[8 3],51,126,127,75,99
1,<environment.Job instance at 0x7ff27bb4eb40>,54,2,[7 5],55,127,129,72,103
1,<environment.Job instance at 0x7ff237bdea50>,52,3,[ 4 10],53,129,132,76,103
1,<environment.Job instance at 0x7ff238264370>,58,1,[9 5],59,132,133,73,121
1,<environment.Job instance at 0x7ff2380bc140>,53,15,[8 2],54,133,148,79,121
1,<environment.Job instance at 0x7ff27c094050>,60,2,[9 2],61,148,150,87,122
1,<environment.Job instance at 0x7ff27c0c3eb0>,64,12,[ 1 10],65,150,162,85,143
1,<environment.Job instance at 0x7ff27c0bb960>,67,2,[4 5],68,162,164,94,145
1,<environment.Job instance at 0x7ff2379d2eb0>,56,2,[ 2 10],57,164,166,107,146
1,<environment.Job instance at 0x7ff27c0bb870>,68,18,[5 9],69,166,184,97,155
1,<environment.Job instance at 0x7ff2378ab0a0>,74,16,[3 5],75,184,200,109,171
1,<environment.Job instance at 0x7ff27c323960>,76,12,[1 5],77,184,196,107,183
1,<environment.Job instance at 0x7ff27c323e10>,81,12,[7 5],82,196,208,114,187
1,<environment.Job instance at 0x7ff27c323b40>,83,12,[8 2],84,208,220,124,191
1,<environment.Job instance at 0x7ff27bb484b0>,61,16,[1 7],62,208,224,146,195
1,<environment.Job instance at 0x7ff27c3237d0>,87,13,[9 2],88,220,233,132,205
1,<environment.Job instance at 0x7ff27c3239b0>,89,2,[ 1 10],90,233,235,143,206
1,<environment.Job instance at 0x7ff27b70cfa0>,2,15,[1 9],3,3,18,0,3
1,<environment.Job instance at 0x7ff27bcc0870>,6,2,[5 1],7,7,9,0,7
1,<environment.Job instance at 0x7ff27c0c3500>,3,18,[10  4],4,18,36,14,7
1,<environment.Job instance at 0x7ff237dc35a0>,18,13,[7 4],19,36,49,17,24
1,<environment.Job instance at 0x7ff27b96ebe0>,22,15,[6 2],23,49,64,26,40
1,<environment.Job instance at 0x7ff2381035f0>,25,16,[2 9],26,64,80,38,51
1,<environment.Job instance at 0x7ff237dae050>,10,16,[10  2],11,80,96,69,67
1,<environment.Job instance at 0x7ff27bca8640>,38,12,[4 6],39,96,108,57,81
1,<environment.Job instance at 0x7ff27b9445a0>,46,13,[4 9],47,108,121,61,108
1,<environment.Job instance at 0x7ff27b9442d0>,49,12,[4 7],50,121,133,71,111
1,<environment.Job instance at 0x7ff23809cd70>,54,14,[ 4 10],55,133,147,78,118
1,<environment.Job instance at 0x7ff23809c1e0>,57,18,[3 8],58,147,165,89,136
1,<environment.Job instance at 0x7ff27bf8c6e0>,63,15,[9 4],64,165,180,101,157
1,<environment.Job instance at 0x7ff27c3d77d0>,71,14,[1 8],72,180,194,108,165
1,<environment.Job instance at 0x7ff237dae960>,11,16,[ 2 10],12,194,210,182,181
1,<environment.Job instance at 0x7ff237e5c730>,77,2,[ 1 10],78,210,212,132,184
1,<environment.Job instance at 0x7ff27c2eecd0>,83,14,[7 2],84,212,226,128,197
1,<environment.Job instance at 0x7ff27c2eedc0>,84,3,[5 1],85,226,229,141,200
1,<environment.Job instance at 0x7ff27b83b690>,82,17,[1 7],83,212,229,129,201
1,<environment.Job instance at 0x7ff27c2ee9b0>,86,1,[10  1],87,229,230,142,202
1,<environment.Job instance at 0x7ff27c2ee8c0>,89,12,[4 6],90,230,242,140,213
1,<environment.Job instance at 0x7ff27bd59be0>,11,15,[9 3],12,13,28,1,13
1,<environment.Job instance at 0x7ff27bbf14b0>,20,12,[10  5],21,28,40,7,26
1,<environment.Job instance at 0x7ff27bbf1140>,21,16,[10  1],22,40,56,18,27
1,<environment.Job instance at 0x7ff237918050>,30,14,[1 9],31,59,73,28,59
1,<environment.Job instance at 0x7ff27bbf1aa0>,17,22,[1 9],18,73,95,55,66
1,<environment.Job instance at 0x7ff2379189b0>,33,3,[4 8],34,95,98,61,69
1,<environment.Job instance at 0x7ff2379188c0>,34,1,[4 6],35,98,99,63,70
1,<environment.Job instance at 0x7ff237918c80>,35,2,[4 5],36,99,101,63,83
1,<environment.Job instance at 0x7ff2379185f0>,37,1,[ 3 10],38,101,102,63,83
1,<environment.Job instance at 0x7ff237918140>,38,1,[4 5],39,99,100,60,83
1,<environment.Job instance at 0x7ff27bd59fa0>,15,13,[7 2],16,102,115,86,88
1,<environment.Job instance at 0x7ff237918320>,41,1,[5 7],42,115,116,73,90
1,<environment.Job instance at 0x7ff27c550fa0>,44,18,[ 3 10],45,116,134,71,105
1,<environment.Job instance at 0x7ff27c550870>,47,3,[ 2 10],48,134,137,86,108
1,<environment.Job instance at 0x7ff27c550140>,53,2,[7 1],54,137,139,83,135
1,<environment.Job instance at 0x7ff27c550eb0>,54,2,[4 5],55,139,141,84,135
1,<environment.Job instance at 0x7ff27c550b40>,55,13,[9 1],56,141,154,85,135
1,<environment.Job instance at 0x7ff27c550d20>,56,3,[4 7],57,154,157,97,135
1,<environment.Job instance at 0x7ff2380000a0>,58,15,[3 5],59,157,172,98,144
1,<environment.Job instance at 0x7ff238000b90>,62,15,[8 3],63,172,187,109,158
1,<environment.Job instance at 0x7ff2380003c0>,65,14,[6 3],66,158,172,92,158
1,<environment.Job instance at 0x7ff238000910>,66,13,[2 7],67,172,185,105,158
1,<environment.Job instance at 0x7ff2380006e0>,69,12,[7 4],70,187,199,117,170
1,<environment.Job instance at 0x7ff27ba5c820>,77,2,[1 6],78,185,187,107,179
1,<environment.Job instance at 0x7ff27ba5c460>,78,3,[10  2],79,199,202,120,179
1,<environment.Job instance at 0x7ff27ba5c050>,73,13,[10  5],74,202,215,128,186
1,<environment.Job instance at 0x7ff27ba5c140>,84,14,[5 2],85,215,229,130,201
1,<environment.Job instance at 0x7ff27ba5c780>,88,12,[5 3],89,215,227,126,209
1,<environment.Job instance at 0x7ff2380dd910>,11,1,[4 6],12,12,13,0,12
1,<environment.Job instance at 0x7ff23782e5f0>,12,13,[5 8],13,13,26,0,13
1,<environment.Job instance at 0x7ff27b631690>,14,18,[7 1],15,26,44,11,16
1,<environment.Job instance at 0x7ff27b7c5410>,21,1,[ 5 10],22,44,45,22,26
1,<environment.Job instance at 0x7ff27b699230>,23,3,[4 6],24,45,48,21,26
1,<environment.Job instance at 0x7ff27b6990f0>,29,12,[3 8],30,48,60,18,43
1,<environment.Job instance at 0x7ff23824bc30>,30,18,[1 7],31,60,78,29,49
1,<environment.Job instance at 0x7ff23824ba50>,38,3,[6 4],39,78,81,39,71
1,<environment.Job instance at 0x7ff27c0a4780>,40,16,[8 3],41,81,97,40,72
1,<environment.Job instance at 0x7ff27bb10460>,45,1,[1 9],46,97,98,51,89
1,<environment.Job instance at 0x7ff27bb10370>,46,2,[1 9],47,98,100,51,89
1,<environment.Job instance at 0x7ff27b699140>,26,13,[7 3],27,100,113,73,89
1,<environment.Job instance at 0x7ff27bb10af0>,47,13,[5 6],48,113,126,65,97
1,<environment.Job instance at 0x7ff27bb0c730>,62,18,[5 8],63,126,144,63,118
1,<environment.Job instance at 0x7ff27bb0caf0>,66,3,[10  1],67,144,147,77,136
1,<environment.Job instance at 0x7ff23824b3c0>,31,21,[5 8],32,147,168,115,139
1,<environment.Job instance at 0x7ff27bafbaf0>,70,18,[5 5],71,168,186,97,164
1,<environment.Job instance at 0x7ff27bafb0a0>,78,1,[5 2],79,179,180,100,179
1,<environment.Job instance at 0x7ff27bafbe10>,79,17,[8 2],80,186,203,106,179
1,<environment.Job instance at 0x7ff27bafbeb0>,80,1,[3 6],81,203,204,122,179
1,<environment.Job instance at 0x7ff27bafe050>,85,17,[10  2],86,204,221,118,195
1,<environment.Job instance at 0x7ff27bafe9b0>,87,12,[5 6],88,221,233,133,204
1,<environment.Job instance at 0x7fd54912b230>,0,18,[ 2 10],1,1,19,0,1
1,<environment.Job instance at 0x7fd541d1b730>,8,17,[ 2 10],9,19,36,10,9
1,<environment.Job instance at 0x7fd541d1bc80>,14,12,[3 7],15,36,48,21,20
1,<environment.Job instance at 0x7fd541d1bf50>,17,3,[10  3],18,48,51,30,23
1,<environment.Job instance at 0x7fd541d1bb90>,13,13,[1 8],14,51,64,37,35
1,<environment.Job instance at 0x7fd541d1d9b0>,31,17,[4 9],32,64,81,32,52
1,<environment.Job instance at 0x7fd541d21460>,38,12,[3 6],39,81,93,42,64
1,<environment.Job instance at 0x7fd541d216e0>,42,14,[8 4],43,93,107,50,79
1,<environment.Job instance at 0x7fd541d1bc30>,18,16,[8 5],19,107,123,88,97
1,<environment.Job instance at 0x7fd541d21aa0>,48,13,[6 1],49,123,136,74,110
1,<environment.Job instance at 0x7fd541d21fa0>,51,2,[4 9],52,123,125,71,123
1,<environment.Job instance at 0x7fd541d21960>,46,3,[5 4],47,136,139,89,127
1,<environment.Job instance at 0x7fd541d23500>,54,14,[1 7],55,139,153,84,127
1,<environment.Job instance at 0x7fd541d23460>,57,3,[8 4],58,153,156,95,129
1,<environment.Job instance at 0x7fd541d23690>,58,1,[5 7],59,156,157,97,130
1,<environment.Job instance at 0x7fd541d239b0>,63,15,[1 5],64,157,172,93,146
1,<environment.Job instance at 0x7fd541d23c30>,64,12,[6 1],65,157,169,92,147
1,<environment.Job instance at 0x7fd541d23dc0>,65,13,[3 5],66,169,182,103,160
1,<environment.Job instance at 0x7fd541d252d0>,70,18,[5 5],71,172,190,101,172
1,<environment.Job instance at 0x7fd541d23af0>,69,13,[7 2],70,190,203,120,174
1,<environment.Job instance at 0x7fd541d256e0>,76,13,[1 5],77,182,195,105,176
1,<environment.Job instance at 0x7fd541d251e0>,80,2,[10  3],81,203,205,122,188
1,<environment.Job instance at 0x7fd541d25460>,72,14,[9 1],73,205,219,132,190
1,<environment.Job instance at 0x7fd541d25dc0>,86,3,[5 6],87,219,222,132,204
1,<environment.Job instance at 0x7fd541d25d70>,87,2,[ 4 10],88,222,224,134,204
1,<environment.Job instance at 0x7fd541d25e10>,88,12,[3 5],89,224,236,135,207
1,<environment.Job instance at 0x7fd541d2a460>,0,16,[9 3],1,1,17,0,1
1,<environment.Job instance at 0x7fd541d2f690>,4,15,[10  5],5,17,32,12,5
1,<environment.Job instance at 0x7fd5491541e0>,14,1,[7 1],15,32,33,17,16
1,<environment.Job instance at 0x7fd549154d20>,15,15,[6 2],16,33,48,17,20
1,<environment.Job instance at 0x7fd5491545f0>,10,17,[3 8],11,32,49,21,20
1,<environment.Job instance at 0x7fd549298870>,26,2,[8 2],27,49,51,22,30
1,<environment.Job instance at 0x7fd5492989b0>,27,17,[3 8],28,51,68,23,39
1,<environment.Job instance at 0x7fd549298730>,29,3,[4 8],30,68,71,38,42
1,<environment.Job instance at 0x7fd549292f50>,33,15,[4 8],34,71,86,37,57
1,<environment.Job instance at 0x7fd5492a0230>,37,18,[5 2],38,57,75,19,57
1,<environment.Job instance at 0x7fd5492a0eb0>,38,18,[4 6],39,86,104,47,75
1,<environment.Job instance at 0x7fd549154dc0>,13,16,[6 4],14,93,109,79,93
1,<environment.Job instance at 0x7fd549157460>,47,13,[ 4 10],48,109,122,61,93
1,<environment.Job instance at 0x7fd549154410>,17,3,[ 2 10],18,122,125,104,96
1,<environment.Job instance at 0x7fd5492a0500>,39,16,[3 5],40,125,141,85,117
1,<environment.Job instance at 0x7fd549157730>,50,12,[2 5],51,125,137,74,117
1,<environment.Job instance at 0x7fd549293730>,55,17,[10  5],56,141,158,85,129
1,<environment.Job instance at 0x7fd549157e10>,48,14,[4 7],49,158,172,109,143
1,<environment.Job instance at 0x7fd54929f280>,63,3,[5 4],64,172,175,108,146
1,<environment.Job instance at 0x7fd54929f690>,67,3,[4 9],68,175,178,107,160
1,<environment.Job instance at 0x7fd54929cf50>,69,1,[10  3],70,178,179,108,160
1,<environment.Job instance at 0x7fd54929cd20>,70,2,[3 8],71,179,181,108,160
1,<environment.Job instance at 0x7fd54929cf00>,74,17,[10  2],75,183,200,108,183
1,<environment.Job instance at 0x7fd54929fc30>,64,17,[10  5],65,200,217,135,199
1,<environment.Job instance at 0x7fd5492a6230>,82,17,[10  4],83,217,234,134,205
1,<environment.Job instance at 0x7fd4fe074d70>,12,17,[8 2],13,15,32,2,15
1,<environment.Job instance at 0x7fd4fe074230>,13,18,[7 5],14,32,50,18,21
1,<environment.Job instance at 0x7fd4fe11dcd0>,19,13,[5 7],20,50,63,30,34
1,<environment.Job instance at 0x7fd4fe11d460>,29,14,[5 7],30,63,77,33,50
1,<environment.Job instance at 0x7fd4fe11d0f0>,35,1,[8 2],36,77,78,41,60
1,<environment.Job instance at 0x7fd4fe0d9b90>,36,16,[5 7],37,78,94,41,68
1,<environment.Job instance at 0x7fd4fe0d9370>,37,1,[4 8],38,98,99,60,98
1,<environment.Job instance at 0x7fd4fe0d9460>,45,18,[9 5],46,99,117,53,98
1,<environment.Job instance at 0x7fd4fe0d9c80>,46,15,[7 3],47,117,132,70,103
1,<environment.Job instance at 0x7fd4fe0a72d0>,56,2,[6 5],57,132,134,75,114
1,<environment.Job instance at 0x7fd4fe0a70a0>,57,14,[7 1],58,134,148,76,119
1,<environment.Job instance at 0x7fd4fe0a7a00>,59,17,[4 8],60,148,165,88,136
1,<environment.Job instance at 0x7fd4fe0a7460>,64,3,[5 8],65,165,168,100,143
1,<environment.Job instance at 0x7fd4fe0a7a50>,66,15,[6 2],67,148,163,81,144
1,<environment.Job instance at 0x7fd4fe0d9f00>,51,15,[10  3],52,168,183,116,158
1,<environment.Job instance at 0x7fd4fe0a7190>,69,3,[8 4],70,183,186,113,160
1,<environment.Job instance at 0x7fd4fe0d95a0>,47,17,[7 5],48,186,203,138,175
1,<environment.Job instance at 0x7fd4fe101c30>,76,2,[3 5],77,186,188,109,177
1,<environment.Job instance at 0x7fd4fe101a50>,81,15,[3 5],82,188,203,106,182
1,<environment.Job instance at 0x7fd4fe0a7c80>,70,13,[ 4 10],71,203,216,132,187
1,<environment.Job instance at 0x7fd4fe101320>,82,20,[7 3],83,216,236,133,213
1,<environment.Job instance at 0x7fd4fe064c80>,2,17,[9 1],3,4,21,1,4
1,<environment.Job instance at 0x7fd54917a6e0>,12,17,[4 6],13,21,38,8,13
1,<environment.Job instance at 0x7fd5492a21e0>,15,12,[4 7],16,38,50,22,32
1,<environment.Job instance at 0x7fd4fdfd1f00>,16,13,[8 3],17,50,63,33,36
1,<environment.Job instance at 0x7fd541cc3690>,9,17,[2 6],10,50,67,40,40
1,<environment.Job instance at 0x7fd4fdfd1d20>,20,2,[9 4],21,67,69,46,44
1,<environment.Job instance at 0x7fd4fdfd1d70>,24,3,[2 5],25,69,72,44,56
1,<environment.Job instance at 0x7fd4fdfd1320>,26,13,[1 6],27,72,85,45,61
1,<environment.Job instance at 0x7fd4fdfd1460>,28,13,[8 2],29,69,82,40,62
1,<environment.Job instance at 0x7fd4fdfd15a0>,29,3,[9 3],30,82,85,52,62
1,<environment.Job instance at 0x7fd541cce640>,32,13,[3 9],33,85,98,52,69
1,<environment.Job instance at 0x7fd4fdfd48c0>,36,13,[8 4],37,98,111,61,86
1,<environment.Job instance at 0x7fd4fdfd4460>,40,17,[9 4],41,111,128,70,99
1,<environment.Job instance at 0x7fd4fdfd45a0>,43,2,[ 4 10],44,128,130,84,102
1,<environment.Job instance at 0x7fd54904ffa0>,44,2,[5 3],45,130,132,85,103
1,<environment.Job instance at 0x7fd4fdfd4280>,41,1,[5 5],42,130,131,88,103
1,<environment.Job instance at 0x7fd4fdfd4550>,47,16,[2 6],48,131,147,83,118
1,<environment.Job instance at 0x7fd54904ff00>,46,13,[7 1],47,133,146,86,133
1,<environment.Job instance at 0x7fd4fdfd1b90>,21,18,[5 7],22,147,165,125,136
1,<environment.Job instance at 0x7fd4fdfdbd20>,57,3,[10  3],58,165,168,107,139
1,<environment.Job instance at 0x7fd4fdfdb460>,60,1,[2 9],61,168,169,107,141
1,<environment.Job instance at 0x7fd4fdfdbc30>,61,3,[9 3],62,169,172,107,147
1,<environment.Job instance at 0x7fd4fdfdbb40>,59,16,[1 8],60,172,188,112,160
1,<environment.Job instance at 0x7fd5491575a0>,64,15,[ 1 10],65,188,203,123,175
1,<environment.Job instance at 0x7fd4fe6267d0>,75,1,[3 6],76,203,204,127,188
1,<environment.Job instance at 0x7fd4fe626b90>,76,15,[ 5 10],77,204,219,127,190
1,<environment.Job instance at 0x7fd4fe6261e0>,77,13,[6 5],78,219,232,141,205
1,<environment.Job instance at 0x7fd4fdfc1410>,6,14,[ 5 10],7,7,21,0,7
1,<environment.Job instance at 0x7fd541d13f00>,8,19,[1 6],9,21,40,12,11
1,<environment.Job instance at 0x7fd5421c7fa0>,11,14,[5 4],12,21,35,9,16
1,<environment.Job instance at 0x7fd541eab780>,17,12,[5 5],18,40,52,22,35
1,<environment.Job instance at 0x7fd4fe41baa0>,19,12,[9 1],20,52,64,32,36
1,<environment.Job instance at 0x7fd4fdfd4cd0>,4,15,[5 7],5,64,79,59,53
1,<environment.Job instance at 0x7fd4fe41bfa0>,26,14,[10  4],27,79,93,52,64
1,<environment.Job instance at 0x7fd4fdf23460>,32,3,[4 9],33,93,96,60,72
1,<environment.Job instance at 0x7fd4fdf235a0>,34,2,[10  3],35,96,98,61,79
1,<environment.Job instance at 0x7fd4fdf23820>,36,16,[2 6],37,98,114,61,85
1,<environment.Job instance at 0x7fd4fdf23a50>,41,3,[1 6],42,114,117,72,93
1,<environment.Job instance at 0x7fd4fe41bd70>,24,12,[4 7],25,117,129,92,101
1,<environment.Job instance at 0x7fd4fdf23cd0>,45,12,[6 1],46,115,127,69,115
1,<environment.Job instance at 0x7fd4fdf23eb0>,48,2,[5 4],49,129,131,80,115
1,<environment.Job instance at 0x7fd4fdf26320>,50,1,[5 1],51,127,128,76,115
1,<environment.Job instance at 0x7fd4fdf261e0>,52,2,[5 5],53,129,131,76,116
1,<environment.Job instance at 0x7fd4fdf237d0>,40,18,[5 9],41,131,149,90,120
1,<environment.Job instance at 0x7fd4fdf26190>,58,16,[9 2],59,149,165,90,140
1,<environment.Job instance at 0x7fd4fdf26b40>,61,13,[1 9],62,165,178,103,153
1,<environment.Job instance at 0x7fd4fdf26f50>,67,17,[3 8],68,178,195,110,172
1,<environment.Job instance at 0x7fd4fdf273c0>,72,17,[2 5],73,195,212,122,184
1,<environment.Job instance at 0x7fd4fdf27780>,80,18,[8 1],81,195,213,114,192
1,<environment.Job instance at 0x7fd4fdf27e10>,85,13,[3 9],86,213,226,127,197
1,<environment.Job instance at 0x7fd4fdf27f00>,87,17,[3 5],88,226,243,138,214
1,<environment.Job instance at 0x7fd4fdf27d20>,1,2,[5 7],2,2,4,0,2
1,<environment.Job instance at 0x7fd4fe0c2d70>,2,1,[4 6],3,4,5,1,3
1,<environment.Job instance at 0x7fd4fe0c2c80>,3,1,[4 9],4,5,6,1,4
1,<environment.Job instance at 0x7fd4fe0c2550>,4,12,[3 5],5,6,18,1,6
1,<environment.Job instance at 0x7fd54201ec30>,12,15,[10  1],13,18,33,5,14
1,<environment.Job instance at 0x7fd541c31690>,14,13,[1 8],15,33,46,18,17
1,<environment.Job instance at 0x7fd541c316e0>,15,3,[10  4],16,46,49,30,33
1,<environment.Job instance at 0x7fd541c31500>,16,14,[1 7],17,49,63,32,35
1,<environment.Job instance at 0x7fd4fdf27f00>,5,3,[9 2],6,35,38,29,35
1,<environment.Job instance at 0x7fd541c31af0>,19,16,[5 3],20,49,65,29,36
1,<environment.Job instance at 0x7fd5444d98c0>,25,3,[1 9],26,65,68,39,39
1,<environment.Job instance at 0x7fd5444d9af0>,30,14,[1 8],31,68,82,37,56
1,<environment.Job instance at 0x7fd5444d9960>,32,3,[1 9],33,82,85,49,65
1,<environment.Job instance at 0x7fd5444d99b0>,31,12,[5 6],32,85,97,53,69
1,<environment.Job instance at 0x7fd5444d9730>,36,12,[1 5],37,97,109,60,81
1,<environment.Job instance at 0x7fd5443bcaa0>,42,15,[6 2],43,97,112,54,86
1,<environment.Job instance at 0x7fd5444d9d20>,39,17,[1 9],40,112,129,72,100
1,<environment.Job instance at 0x7fd549156c30>,51,12,[1 8],52,129,141,77,116
1,<environment.Job instance at 0x7fd549156aa0>,52,1,[6 3],53,141,142,88,116
1,<environment.Job instance at 0x7fd5443bce60>,44,3,[3 6],45,141,144,96,116
1,<environment.Job instance at 0x7fd549156640>,55,15,[ 1 10],56,144,159,88,133
1,<environment.Job instance at 0x7fd549156a00>,53,16,[5 3],54,159,175,105,151
1,<environment.Job instance at 0x7fd549156d70>,60,13,[5 3],61,159,172,98,151
1,<environment.Job instance at 0x7fd549156af0>,50,2,[2 7],51,172,174,121,151
1,<environment.Job instance at 0x7fd549156e10>,59,12,[4 6],60,174,186,114,157
1,<environment.Job instance at 0x7fd549156190>,61,3,[5 2],62,175,178,113,158
1,<environment.Job instance at 0x7fd541b7dd20>,65,16,[9 4],66,186,202,120,173
1,<environment.Job instance at 0x7fd541d9cf00>,72,2,[8 4],73,202,204,129,179
1,<environment.Job instance at 0x7fd541b7d320>,71,2,[8 4],72,204,206,132,179
1,<environment.Job instance at 0x7fd541fd7140>,81,3,[6 4],82,206,209,124,195
1,<environment.Job instance at 0x7fd541fd71e0>,82,17,[ 2 10],83,209,226,126,198
1,<environment.Job instance at 0x7fd541c93d70>,86,13,[4 7],87,226,239,139,211
1,<environment.Job instance at 0x7fd54462e5f0>,1,2,[7 1],2,2,4,0,2
1,<environment.Job instance at 0x7fd5448b1eb0>,6,14,[6 4],7,7,21,0,7
1,<environment.Job instance at 0x7fd544406f50>,7,3,[7 5],8,21,24,13,8
1,<environment.Job instance at 0x7fd5444277d0>,11,17,[2 7],12,24,41,12,12
1,<environment.Job instance at 0x7fd541e2d8c0>,13,12,[7 4],14,41,53,27,24
1,<environment.Job instance at 0x7fd4fe5fd050>,19,1,[5 7],20,53,54,33,33
1,<environment.Job instance at 0x7fd541e69b40>,21,3,[3 9],22,54,57,32,41
1,<environment.Job instance at 0x7fd541e69a00>,20,14,[ 2 10],21,57,71,36,42
1,<environment.Job instance at 0x7fd54a15ac80>,29,18,[9 5],30,73,91,43,73
1,<environment.Job instance at 0x7fd541fd7870>,33,12,[2 6],34,91,103,57,77
1,<environment.Job instance at 0x7fd541eadc30>,38,16,[8 3],39,106,122,67,106
1,<environment.Job instance at 0x7fd549061c30>,43,1,[10  1],44,122,123,78,121
1,<environment.Job instance at 0x7fd542054eb0>,44,17,[9 2],45,123,140,78,121
1,<environment.Job instance at 0x7fd541c7f5a0>,22,16,[ 3 10],23,140,156,117,127
1,<environment.Job instance at 0x7fd5420541e0>,47,2,[10  3],48,156,158,108,129
1,<environment.Job instance at 0x7fd5420542d0>,50,3,[5 7],51,158,161,107,132
1,<environment.Job instance at 0x7fd5448b1690>,9,1,[8 2],10,161,162,151,146
1,<environment.Job instance at 0x7fd5420549b0>,54,14,[9 1],55,162,176,107,149
1,<environment.Job instance at 0x7fd54214f690>,57,3,[6 3],58,176,179,118,153
1,<environment.Job instance at 0x7fd542054be0>,53,18,[7 1],54,179,197,125,168
1,<environment.Job instance at 0x7fd541aef780>,63,14,[3 6],64,181,195,117,181
1,<environment.Job instance at 0x7fd544808690>,65,18,[1 8],66,195,213,129,184
1,<environment.Job instance at 0x7fd541e2d960>,12,17,[6 4],13,213,230,200,204
1,<environment.Job instance at 0x7fd5445d8870>,70,14,[1 5],71,213,227,142,210
1,<environment.Job instance at 0x7fd54462e6e0>,4,3,[2 7],5,5,8,0,5
1,<environment.Job instance at 0x7fd541f700a0>,10,15,[2 8],11,11,26,0,11
1,<environment.Job instance at 0x7fd541ca5690>,13,3,[8 3],14,26,29,12,14
1,<environment.Job instance at 0x7fd4fe5fdcd0>,9,18,[6 1],10,29,47,19,21
1,<environment.Job instance at 0x7fd541ca5aa0>,17,16,[1 7],18,26,42,8,22
1,<environment.Job instance at 0x7fd541ca5a50>,20,15,[4 7],21,42,57,21,33
1,<environment.Job instance at 0x7fd541cd2550>,24,13,[8 2],25,57,70,32,51
1,<environment.Job instance at 0x7fd541cd2820>,28,13,[2 5],29,57,70,28,51
1,<environment.Job instance at 0x7fd541cd2a00>,31,12,[3 7],32,70,82,38,53
1,<environment.Job instance at 0x7fd541cd2d70>,34,17,[8 1],35,82,99,47,70
1,<environment.Job instance at 0x7fd541ca55f0>,19,18,[2 7],20,95,113,75,95
1,<environment.Job instance at 0x7fd541cd2780>,27,1,[5 1],28,99,100,71,95
1,<environment.Job instance at 0x7fd541cf0230>,40,3,[5 3],41,100,103,59,95
1,<environment.Job instance at 0x7fd541cf00a0>,42,2,[5 7],43,113,115,70,97
1,<environment.Job instance at 0x7fd541cf05a0>,44,15,[4 8],45,115,130,70,104
1,<environment.Job instance at 0x7fd541c7f780>,8,16,[4 8],9,130,146,121,118
1,<environment.Job instance at 0x7fd541cf0f50>,56,3,[7 4],57,146,149,89,146
1,<environment.Job instance at 0x7fd541cf0fa0>,57,13,[9 1],58,149,162,91,146
1,<environment.Job instance at 0x7fd541cd4230>,60,2,[10  5],61,162,164,101,149
1,<environment.Job instance at 0x7fd541cd4370>,62,13,[9 1],63,164,177,101,149
1,<environment.Job instance at 0x7fd541cf0280>,43,14,[ 4 10],44,177,191,133,169
1,<environment.Job instance at 0x7fd541cd44b0>,64,13,[4 8],65,191,204,126,175
1,<environment.Job instance at 0x7fd541cd4410>,65,12,[2 8],66,204,216,138,187
1,<environment.Job instance at 0x7fd541cd49b0>,70,2,[5 5],71,216,218,145,190
1,<environment.Job instance at 0x7fd541cd4dc0>,75,18,[7 5],76,218,236,142,208
1,<environment.Job instance at 0x7fd541ca5d70>,4,18,[5 5],5,5,23,0,5
1,<environment.Job instance at 0x7fd541a81730>,9,12,[4 6],10,23,35,13,10
1,<environment.Job instance at 0x7fd541a81960>,10,13,[2 6],11,35,48,24,21
1,<environment.Job instance at 0x7fd541a818c0>,18,12,[9 3],19,48,60,29,31
1,<environment.Job instance at 0x7fd5449d5cd0>,22,2,[3 6],23,60,62,37,38
1,<environment.Job instance at 0x7fd541a81d70>,12,15,[8 4],13,62,77,49,50
1,<environment.Job instance at 0x7fd541d3ea00>,26,1,[6 3],27,60,61,33,54
1,<environment.Job instance at 0x7fd541b17c80>,29,18,[7 5],30,77,95,47,73
1,<environment.Job instance at 0x7fd54912b320>,25,15,[3 9],26,95,110,69,84
1,<environment.Job instance at 0x7fd541c854b0>,34,17,[7 2],35,110,127,75,98
1,<environment.Job instance at 0x7fd4fe3d47d0>,37,3,[1 9],38,127,130,89,102
1,<environment.Job instance at 0x7fd4fe1723c0>,39,15,[10  2],40,130,145,90,116
1,<environment.Job instance at 0x7fd54214e730>,40,12,[7 4],41,145,157,104,132
1,<environment.Job instance at 0x7fd4fe068b40>,46,1,[ 4 10],47,157,158,110,132
1,<environment.Job instance at 0x7fd4fe068b90>,49,2,[5 8],50,158,160,108,132
1,<environment.Job instance at 0x7fd5420f4320>,48,17,[9 5],49,160,177,111,148
1,<environment.Job instance at 0x7fd5420366e0>,58,2,[3 6],59,177,179,118,161
1,<environment.Job instance at 0x7fd542036410>,59,15,[3 9],60,179,194,119,165
1,<environment.Job instance at 0x7fd54902dfa0>,38,13,[4 6],39,194,207,155,179
1,<environment.Job instance at 0x7fd541d2a690>,67,15,[6 2],68,194,209,126,182
1,<environment.Job instance at 0x7fd541d2a2d0>,71,3,[1 8],72,207,210,135,202
1,<environment.Job instance at 0x7fd4fe23b870>,54,22,[4 9],55,210,232,155,203
1,<environment.Job instance at 0x7fd54486abe0>,66,1,[5 5],67,232,233,165,205
1,<environment.Job instance at 0x7fd541d2a280>,73,3,[3 8],74,233,236,159,222
1,<environment.Job instance at 0x7fd541d2a910>,74,12,[9 1],75,236,248,161,222
1,<environment.Job instance at 0x7fd4fe534820>,3,16,[3 8],4,4,20,0,4
1,<environment.Job instance at 0x7fd4fe367640>,10,18,[9 2],11,20,38,9,12
1,<environment.Job instance at 0x7fd544761b40>,9,1,[9 4],10,38,39,28,18
1,<environment.Job instance at 0x7fd544367f00>,15,14,[4 8],16,39,53,23,24
1,<environment.Job instance at 0x7fd5443a9a00>,19,16,[10  5],20,53,69,33,40
1,<environment.Job instance at 0x7fd5447abbe0>,22,1,[1 8],23,69,70,46,41
1,<environment.Job instance at 0x7fd541b68550>,11,12,[4 7],12,70,82,58,53
1,<environment.Job instance at 0x7fd541cb7be0>,30,18,[6 4],31,82,100,51,71
1,<environment.Job instance at 0x7fd4fe6b55a0>,34,3,[9 3],35,100,103,65,74
1,<environment.Job instance at 0x7fd5444a2e60>,37,13,[10  4],38,103,116,65,90
1,<environment.Job instance at 0x7fd541c35fa0>,39,13,[8 2],40,116,129,76,104
1,<environment.Job instance at 0x7fd5420fc3c0>,49,14,[5 1],50,132,146,82,132
1,<environment.Job instance at 0x7fd5420fcc80>,50,17,[9 2],51,146,163,95,134
1,<environment.Job instance at 0x7fd541ca25a0>,24,2,[3 6],25,163,165,138,158
1,<environment.Job instance at 0x7fd5420fcf50>,58,3,[10  4],59,165,168,106,158
1,<environment.Job instance at 0x7fd5420fc690>,61,1,[2 5],62,168,169,106,159
1,<environment.Job instance at 0x7fd54431c9b0>,62,13,[ 3 10],63,169,182,106,159
1,<environment.Job instance at 0x7fd541ae1410>,65,14,[5 7],66,182,196,116,170
1,<environment.Job instance at 0x7fd4fe2efc80>,69,2,[8 2],70,196,198,126,178
1,<environment.Job instance at 0x7fd542027230>,70,2,[5 4],71,198,200,127,178
1,<environment.Job instance at 0x7fd542027dc0>,71,2,[6 1],72,200,202,128,179
1,<environment.Job instance at 0x7fd542027410>,72,12,[1 9],73,200,212,127,184
1,<environment.Job instance at 0x7fd542027af0>,75,16,[4 9],76,212,228,136,199
1,<environment.Job instance at 0x7fd541f1f280>,78,2,[5 7],79,228,230,149,201
1,<environment.Job instance at 0x7fd5420273c0>,73,1,[7 3],74,230,231,156,211
1,<environment.Job instance at 0x7fd541f245a0>,74,2,[2 5],75,230,232,155,218
1,<environment.Job instance at 0x7fd4fe534dc0>,4,14,[ 3 10],5,5,19,0,5
1,<environment.Job instance at 0x7fd4fe3c8690>,12,1,[2 9],13,19,20,6,13
1,<environment.Job instance at 0x7fd4fdf9a5a0>,16,1,[5 9],17,20,21,3,17
1,<environment.Job instance at 0x7fd4fe3c8460>,15,16,[10  3],16,21,37,5,18
1,<environment.Job instance at 0x7fd4fdf9a870>,18,2,[8 5],19,37,39,18,19
1,<environment.Job instance at 0x7fd4fdf9abe0>,22,2,[5 3],23,39,41,16,25
1,<environment.Job instance at 0x7fd4fdf9a690>,17,2,[10  2],18,41,43,23,25
1,<environment.Job instance at 0x7fd4fdf9ab40>,24,1,[6 1],25,43,44,18,25
1,<environment.Job instance at 0x7fd4fdf9ae60>,26,16,[5 6],27,44,60,17,31
1,<environment.Job instance at 0x7fd4fdf6f370>,33,3,[2 7],34,60,63,26,35
1,<environment.Job instance at 0x7fd4fdf9a9b0>,23,18,[4 5],24,63,81,39,54
1,<environment.Job instance at 0x7fd4fdf6fb40>,38,16,[ 5 10],39,81,97,42,68
1,<environment.Job instance at 0x7fd4fdf6fdc0>,45,13,[5 4],46,68,81,22,68
1,<environment.Job instance at 0x7fd4fdf6fbe0>,39,3,[6 2],40,97,100,57,82
1,<environment.Job instance at 0x7fd4fdf6e050>,49,18,[10  2],50,100,118,50,90
1,<environment.Job instance at 0x7fd4fdf6e6e0>,54,13,[5 8],55,118,131,63,104
1,<environment.Job instance at 0x7fd4fdf9a960>,19,17,[9 4],20,131,148,111,122
1,<environment.Job instance at 0x7fd4fdf6e5f0>,59,2,[10  2],60,148,150,88,125
1,<environment.Job instance at 0x7fd4fdf6e960>,62,2,[10  3],63,150,152,87,146
1,<environment.Job instance at 0x7fd4fdf6e0f0>,48,18,[ 5 10],49,152,170,103,147
1,<environment.Job instance at 0x7fd4fdf6ebe0>,66,3,[8 2],67,170,173,103,149
1,<environment.Job instance at 0x7fd4fdf6ee60>,69,14,[2 8],70,170,184,100,163
1,<environment.Job instance at 0x7fd4fdf9c050>,70,1,[5 2],71,173,174,102,163
1,<environment.Job instance at 0x7fd4fdf9c4b0>,74,17,[10  5],75,204,221,129,204
1,<environment.Job instance at 0x7fd4fdf9c730>,78,12,[ 1 10],79,221,233,142,205
1,<environment.Job instance at 0x7fd541a85a50>,5,1,[4 9],6,6,7,0,6
1,<environment.Job instance at 0x7fd541ffa140>,6,14,[4 7],7,7,21,0,7
1,<environment.Job instance at 0x7fd541ffa5f0>,8,12,[10  3],9,21,33,12,9
1,<environment.Job instance at 0x7fd541ffa5a0>,11,1,[ 3 10],12,33,34,21,14
1,<environment.Job instance at 0x7fd4fe3a70f0>,14,2,[1 9],15,34,36,19,18
1,<environment.Job instance at 0x7fd4fe3a7cd0>,13,14,[ 4 10],14,36,50,22,21
1,<environment.Job instance at 0x7fd4fe380aa0>,26,16,[4 9],27,50,66,23,39
1,<environment.Job instance at 0x7fd4fe380e10>,33,1,[9 4],34,66,67,32,62
1,<environment.Job instance at 0x7fd4fe3a7be0>,15,14,[5 4],16,67,81,51,66
1,<environment.Job instance at 0x7fd541f410a0>,36,17,[1 6],37,66,83,29,66
1,<environment.Job instance at 0x7fd541f41730>,37,13,[9 4],38,81,94,43,66
1,<environment.Job instance at 0x7fd541de15a0>,44,14,[ 5 10],45,94,108,49,90
1,<environment.Job instance at 0x7fd541de1320>,47,15,[4 8],48,108,123,60,108
1,<environment.Job instance at 0x7fd541eabbe0>,48,15,[1 6],49,123,138,74,115
1,<environment.Job instance at 0x7fd541fc8fa0>,55,14,[3 8],56,138,152,82,134
1,<environment.Job instance at 0x7fd541fc80a0>,56,17,[4 6],57,152,169,95,140
1,<environment.Job instance at 0x7fd542106190>,66,12,[3 5],67,169,181,102,156
1,<environment.Job instance at 0x7fd542106730>,69,1,[3 8],70,181,182,111,156
1,<environment.Job instance at 0x7fd5421ba640>,73,3,[10  2],74,182,185,108,159
1,<environment.Job instance at 0x7fd541fc8e60>,58,18,[10  1],59,185,203,126,174
1,<environment.Job instance at 0x7fd5421ba9b0>,81,13,[9 3],82,203,216,121,193
1,<environment.Job instance at 0x7fd548ee8730>,89,15,[ 5 10],90,216,231,126,202
1,<environment.Job instance at 0x7fd4fe22a870>,1,15,[3 7],2,2,17,0,2
1,<environment.Job instance at 0x7fd541b7cdc0>,8,12,[6 4],9,17,29,8,9
1,<environment.Job instance at 0x7fd542215e60>,15,3,[3 9],16,29,32,13,16
1,<environment.Job instance at 0x7fd541b7c820>,12,18,[4 8],13,32,50,19,21
1,<environment.Job instance at 0x7fd542215c80>,19,12,[5 8],20,50,62,30,33
1,<environment.Job instance at 0x7fd5422154b0>,16,13,[6 4],17,62,75,45,48
1,<environment.Job instance at 0x7fd541e08fa0>,4,2,[3 9],5,75,77,70,48
1,<environment.Job instance at 0x7fd541ec6550>,33,14,[ 5 10],34,77,91,43,62
1,<environment.Job instance at 0x7fd4fe0fb960>,42,17,[5 7],43,91,108,48,79
1,<environment.Job instance at 0x7fd541c6b1e0>,51,17,[9 4],52,108,125,56,97
1,<environment.Job instance at 0x7fd4fe0fb820>,36,16,[3 8],37,125,141,88,118
1,<environment.Job instance at 0x7fd541c6bdc0>,57,14,[5 6],58,141,155,83,126
1,<environment.Job instance at 0x7fd541c6be60>,61,3,[6 5],62,155,158,93,131
1,<environment.Job instance at 0x7fd541e2d9b0>,66,15,[4 6],67,158,173,91,144
1,<environment.Job instance at 0x7fd541e2d820>,74,2,[10  2],75,173,175,98,154
1,<environment.Job instance at 0x7fd541e2d2d0>,76,14,[6 2],77,158,172,81,157
1,<environment.Job instance at 0x7fd541e2d0f0>,79,14,[7 3],80,175,189,95,160
1,<environment.Job instance at 0x7fd541e692d0>,83,3,[8 2],84,189,192,105,178
1,<environment.Job instance at 0x7fd5445d52d0>,84,18,[4 8],85,192,210,107,181
1,<environment.Job instance at 0x7fd5445d5370>,89,13,[4 7],90,210,223,120,194
1,<environment.Job instance at 0x7fd5445d5af0>,92,14,[5 2],93,194,208,101,194
1,<environment.Job instance at 0x7fd5445d50f0>,94,1,[ 2 10],95,223,224,128,196
1,<environment.Job instance at 0x7fd4fe03a0a0>,1,2,[6 3],2,2,4,0,2
1,<environment.Job instance at 0x7fd541b1a870>,7,14,[4 7],8,8,22,0,8
1,<environment.Job instance at 0x7fd541b8b4b0>,8,1,[3 6],9,22,23,13,10
1,<environment.Job instance at 0x7fd541b1abe0>,9,1,[9 1],10,23,24,13,10
1,<environment.Job instance at 0x7fd541b8b640>,10,12,[9 4],11,24,36,13,13
1,<environment.Job instance at 0x7fd541c2ca50>,4,14,[5 3],5,36,50,31,21
1,<environment.Job instance at 0x7fd541b78230>,20,3,[ 2 10],21,50,53,29,31
1,<environment.Job instance at 0x7fd541b0faa0>,22,14,[6 2],23,53,67,30,38
1,<environment.Job instance at 0x7fd544338230>,28,12,[6 3],29,67,79,38,50
1,<environment.Job instance at 0x7fd5443385a0>,29,3,[7 4],30,79,82,49,53
1,<environment.Job instance at 0x7fd4fdd39e10>,31,3,[4 5],32,75,78,43,75
1,<environment.Job instance at 0x7fd4fdd395f0>,36,14,[10  3],37,82,96,45,75
1,<environment.Job instance at 0x7fd4fe66ba00>,13,16,[ 5 10],14,96,112,82,83
1,<environment.Job instance at 0x7fd4fdd5d370>,41,17,[9 3],42,112,129,70,102
1,<environment.Job instance at 0x7fd4fdd39b90>,38,2,[7 1],39,129,131,90,110
1,<environment.Job instance at 0x7fd4fdf4bdc0>,48,12,[ 1 10],49,131,143,82,115
1,<environment.Job instance at 0x7fd4fdf27f00>,49,3,[5 3],50,143,146,93,117
1,<environment.Job instance at 0x7fd4fe38e870>,52,12,[7 3],53,146,158,93,129
1,<environment.Job instance at 0x7fd4fdd42550>,51,3,[10  1],52,158,161,106,134
1,<environment.Job instance at 0x7fd5446d63c0>,58,18,[1 5],59,161,179,102,150
1,<environment.Job instance at 0x7fd544462410>,62,15,[5 5],63,162,177,99,162
1,<environment.Job instance at 0x7fd4fdd522d0>,68,13,[8 5],69,177,190,108,162
1,<environment.Job instance at 0x7fd4fdd34e10>,61,18,[3 9],62,190,208,128,187
1,<environment.Job instance at 0x7fd4fe4f10f0>,74,17,[5 5],75,208,225,133,196
1,<environment.Job instance at 0x7fd4fe521d70>,80,12,[10  4],81,225,237,144,213
1,<environment.Job instance at 0x7fd4fdd39690>,1,1,[3 9],2,2,3,0,2
1,<environment.Job instance at 0x7fd4fdf9cd70>,6,1,[3 9],7,14,15,7,14
1,<environment.Job instance at 0x7fd4fdd59320>,12,2,[5 3],13,15,17,2,14
1,<environment.Job instance at 0x7fd4fded3730>,22,14,[5 5],23,48,62,25,48
1,<environment.Job instance at 0x7fd4fde9acd0>,24,13,[4 7],25,62,75,37,50
1,<environment.Job instance at 0x7fd5420f8eb0>,34,2,[8 4],35,91,93,56,91
1,<environment.Job instance at 0x7fd541e3eeb0>,37,15,[8 5],38,93,108,55,93
1,<environment.Job instance at 0x7fd54431f8c0>,56,16,[1 7],57,173,189,116,173
1,<environment.Job instance at 0x7fd54431fa00>,59,14,[2 5],60,189,203,129,174
1,<environment.Job instance at 0x7fd54431fd70>,60,12,[4 5],61,189,201,128,175
1,<environment.Job instance at 0x7fd548eb8230>,3,13,[2 7],4,4,17,0,4
1,<environment.Job instance at 0x7fd541f1ab90>,5,18,[4 9],6,17,35,11,9
1,<environment.Job instance at 0x7fd4fdf17690>,18,14,[5 5],19,35,49,16,24
1,<environment.Job instance at 0x7fd4fdf179b0>,24,2,[7 5],25,49,51,24,28
1,<environment.Job instance at 0x7fd4fdef3460>,33,3,[5 2],34,75,78,41,75
1,<environment.Job instance at 0x7fd4fdef35a0>,34,12,[ 1 10],35,78,90,43,75
1,<environment.Job instance at 0x7fd4fdef3500>,35,1,[8 4],36,90,91,54,75
1,<environment.Job instance at 0x7fd4fdef3550>,36,12,[1 9],37,91,103,54,75
1,<environment.Job instance at 0x7fd4fdd1b140>,42,16,[4 7],43,106,122,63,106
1,<environment.Job instance at 0x7fd4fdd1be10>,45,15,[ 3 10],46,128,143,82,128
1,<environment.Job instance at 0x7fd4fdd1b6e0>,53,12,[8 2],54,143,155,89,130
1,<environment.Job instance at 0x7fd4fdd1bd70>,54,3,[5 3],55,155,158,100,131
1,<environment.Job instance at 0x7fd541f1acd0>,7,1,[8 1],8,158,159,150,137
1,<environment.Job instance at 0x7fd4fdd1bd20>,55,15,[8 3],56,159,174,103,145
1,<environment.Job instance at 0x7fd4fdda64b0>,61,3,[4 6],62,155,158,93,145
1,<environment.Job instance at 0x7fd4fdda68c0>,63,14,[5 9],64,174,188,110,159
1,<environment.Job instance at 0x7fd4fdda6f00>,68,13,[7 2],69,188,201,119,172
1,<environment.Job instance at 0x7fd4fdda6640>,70,15,[4 9],71,201,216,130,187
1,<environment.Job instance at 0x7fd4fdda6dc0>,71,12,[4 6],72,216,228,144,201
1,<environment.Job instance at 0x7fd4fe58daa0>,79,2,[5 2],80,216,218,136,201
1,<environment.Job instance at 0x7fd4fe58d550>,80,2,[1 6],81,228,230,147,202
1,<environment.Job instance at 0x7fd4fe58d870>,77,18,[3 7],78,230,248,152,219
1,<environment.Job instance at 0x7fd4fdf17aa0>,0,2,[1 7],1,1,3,0,1
1,<environment.Job instance at 0x7fd548eb87d0>,3,18,[1 7],4,4,22,0,4
1,<environment.Job instance at 0x7fd4fe5e2690>,7,2,[7 5],8,22,24,14,8
1,<environment.Job instance at 0x7fd4fdf9c870>,10,1,[9 5],11,24,25,13,11
1,<environment.Job instance at 0x7fd4fe42da50>,9,12,[4 7],10,25,37,15,12
1,<environment.Job instance at 0x7fd4fe1d2730>,19,14,[2 7],20,37,51,17,26
1,<environment.Job instance at 0x7fd4fe1d2aa0>,22,16,[3 7],23,51,67,28,38
1,<environment.Job instance at 0x7fd4fe1d2550>,26,14,[7 3],27,48,62,21,48
1,<environment.Job instance at 0x7fd4fe1aecd0>,31,14,[1 8],32,67,81,35,53
1,<environment.Job instance at 0x7fd541de2960>,16,15,[1 6],17,81,96,64,67
1,<environment.Job instance at 0x7fd4fe1aeb90>,38,1,[4 7],39,96,97,57,70
1,<environment.Job instance at 0x7fd4fe1ae550>,40,15,[8 4],41,81,96,40,79
1,<environment.Job instance at 0x7fd4fe1c9a50>,43,14,[7 2],44,97,111,53,84
1,<environment.Job instance at 0x7fd54445e280>,44,3,[5 1],45,111,114,66,85
1,<environment.Job instance at 0x7fd5421c8d20>,47,15,[ 3 10],48,114,129,66,100
1,<environment.Job instance at 0x7fd542031460>,52,16,[1 7],53,129,145,76,116
1,<environment.Job instance at 0x7fd541db94b0>,56,12,[2 8],57,145,157,88,129
1,<environment.Job instance at 0x7fd541e5b870>,59,1,[1 7],60,157,158,97,145
1,<environment.Job instance at 0x7fd541e8e730>,66,2,[4 7],67,158,160,91,145
1,<environment.Job instance at 0x7fd541e8eb90>,65,14,[4 9],66,160,174,94,145
1,<environment.Job instance at 0x7fd541e8ea50>,67,2,[ 4 10],68,174,176,106,172
1,<environment.Job instance at 0x7fd541e812d0>,72,2,[5 5],73,176,178,103,173
1,<environment.Job instance at 0x7fd541e81b40>,74,12,[9 5],75,178,190,103,174
1,<environment.Job instance at 0x7fd541e816e0>,71,2,[5 3],72,190,192,118,178
1,<environment.Job instance at 0x7fd541e81910>,76,2,[9 2],77,192,194,115,179
1,<environment.Job instance at 0x7fd541e68cd0>,77,2,[4 6],78,190,192,112,180
1,<environment.Job instance at 0x7fd541e68c30>,78,2,[ 5 10],79,194,196,115,180
1,<environment.Job instance at 0x7fd541cc8a50>,79,2,[9 2],80,196,198,116,180
1,<environment.Job instance at 0x7fd541e680a0>,80,3,[3 7],81,198,201,117,180
1,<environment.Job instance at 0x7fd5449cddc0>,81,2,[4 5],82,201,203,119,180
1,<environment.Job instance at 0x7fd541cd1e60>,85,1,[4 8],86,203,204,117,181
1,<environment.Job instance at 0x7fd541cd1f50>,89,2,[9 5],90,204,206,114,199
1,<environment.Job instance at 0x7fd541cd1cd0>,90,3,[8 2],91,206,209,115,199
1,<environment.Job instance at 0x7fd541cd1640>,91,15,[9 3],92,209,224,117,199
1,<environment.Job instance at 0x7fd541cc51e0>,93,1,[5 5],94,201,202,107,199
1,<environment.Job instance at 0x7fd541cd1370>,84,3,[5 3],85,224,227,139,206
1,<environment.Job instance at 0x7fd4fdf17cd0>,7,17,[5 6],8,8,25,0,8
1,<environment.Job instance at 0x7fd541c11d70>,9,14,[ 2 10],10,25,39,15,10
1,<environment.Job instance at 0x7fd541c1c050>,10,2,[3 9],11,39,41,28,12
1,<environment.Job instance at 0x7fd4fded9aa0>,13,3,[7 5],14,41,44,27,18
1,<environment.Job instance at 0x7fd54904a9b0>,18,14,[2 8],19,44,58,25,29
1,<environment.Job instance at 0x7fd544410370>,25,15,[10  4],26,58,73,32,44
1,<environment.Job instance at 0x7fd541da87d0>,28,3,[10  2],29,73,76,44,48
1,<environment.Job instance at 0x7fd4fdd425f0>,34,14,[5 2],35,76,90,41,61
1,<environment.Job instance at 0x7fd4fdd42140>,38,12,[5 3],39,76,88,37,74
1,<environment.Job instance at 0x7fd4fded92d0>,15,14,[6 3],16,90,104,74,75
1,<environment.Job instance at 0x7fd541aecb40>,51,17,[7 4],52,104,121,52,104
1,<environment.Job instance at 0x7fd54905a0f0>,53,16,[1 9],54,121,137,67,108
1,<environment.Job instance at 0x7fd541b355f0>,57,15,[10  5],58,137,152,79,123
1,<environment.Job instance at 0x7fd4fe0183c0>,63,15,[5 2],64,152,167,88,146
1,<environment.Job instance at 0x7fd4fe2f09b0>,66,12,[7 2],67,167,179,100,154
1,<environment.Job instance at 0x7fd4fe2f06e0>,69,12,[9 5],70,179,191,109,166
1,<environment.Job instance at 0x7fd4fe362410>,74,2,[1 8],75,167,169,92,167
1,<environment.Job instance at 0x7fd544376190>,82,13,[5 8],83,191,204,108,177
1,<environment.Job instance at 0x7fd542190a50>,90,12,[9 3],91,204,216,113,193
1,<environment.Job instance at 0x7fd54434eb40>,93,3,[4 6],94,216,219,122,203
1,<environment.Job instance at 0x7fd54434eaa0>,94,18,[ 4 10],95,219,237,124,208
1,<environment.Job instance at 0x7fd4fdd2c410>,2,18,[5 8],3,4,22,1,4
1,<environment.Job instance at 0x7fd4fdd9ae60>,8,2,[10  3],9,22,24,13,9
1,<environment.Job instance at 0x7fd4fdd9a960>,9,1,[2 6],10,24,25,14,10
1,<environment.Job instance at 0x7fd4fdd9a0a0>,10,18,[5 5],11,25,43,14,14
1,<environment.Job instance at 0x7fd542138eb0>,12,2,[1 7],13,43,45,30,35
1,<environment.Job instance at 0x7fd4fdd9adc0>,11,19,[3 6],12,45,64,33,35
1,<environment.Job instance at 0x7fd4fdea9410>,24,2,[9 3],25,43,45,18,41
1,<environment.Job instance at 0x7fd4fdea9190>,27,12,[5 6],28,64,76,36,51
1,<environment.Job instance at 0x7fd4fdea93c0>,30,13,[1 6],31,76,89,45,60
1,<environment.Job instance at 0x7fd4fdea9dc0>,33,2,[ 4 10],34,89,91,55,62
1,<environment.Job instance at 0x7fd4fde3c9b0>,36,13,[5 7],37,91,104,54,75
1,<environment.Job instance at 0x7fd4fde3c7d0>,46,15,[3 5],47,112,127,65,112
1,<environment.Job instance at 0x7fd4fde3c690>,48,14,[4 7],49,127,141,78,113
1,<environment.Job instance at 0x7fd54436eeb0>,54,19,[6 5],55,153,172,98,153
1,<environment.Job instance at 0x7fd54436ec80>,55,18,[4 5],56,153,171,97,153
1,<environment.Job instance at 0x7fd4fdea90f0>,23,13,[2 7],24,172,185,148,157
1,<environment.Job instance at 0x7fd54435e550>,63,12,[6 3],64,172,184,108,157
1,<environment.Job instance at 0x7fd54436e320>,59,3,[ 1 10],60,185,188,125,167
1,<environment.Job instance at 0x7fd54435e050>,68,12,[6 1],69,188,200,119,171
1,<environment.Job instance at 0x7fd54435e410>,72,12,[3 6],73,188,200,115,173
1,<environment.Job instance at 0x7fd4fdfd4820>,81,13,[ 3 10],82,200,213,118,199
1,<environment.Job instance at 0x7fd4fdea9320>,6,14,[1 8],7,13,27,6,13
1,<environment.Job instance at 0x7fd4fde48410>,5,15,[5 5],6,27,42,21,13
1,<environment.Job instance at 0x7fd4fdd291e0>,8,13,[9 1],9,13,26,4,13
1,<environment.Job instance at 0x7fd541bb55f0>,9,1,[1 5],10,27,28,17,13
1,<environment.Job instance at 0x7fd4fdd40aa0>,11,2,[3 9],12,42,44,30,15
1,<environment.Job instance at 0x7fd541bb5640>,10,12,[7 4],11,44,56,33,27
1,<environment.Job instance at 0x7fd5448a0500>,15,3,[5 9],16,56,59,40,41
1,<environment.Job instance at 0x7fd4fdd3bfa0>,14,17,[5 2],15,59,76,44,47
1,<environment.Job instance at 0x7fd5448a07d0>,23,12,[2 9],24,76,88,52,61
1,<environment.Job instance at 0x7fd4fdd40460>,12,16,[7 5],13,88,104,75,78
1,<environment.Job instance at 0x7fd4fe3fbe60>,30,2,[10  4],31,104,106,73,86
1,<environment.Job instance at 0x7fd5443d3550>,33,3,[10  2],34,106,109,72,90
1,<environment.Job instance at 0x7fd4fe1b0190>,36,1,[6 4],37,109,110,72,90
1,<environment.Job instance at 0x7fd4fe1b0eb0>,37,12,[7 2],38,110,122,72,93
1,<environment.Job instance at 0x7fd4fe1e2460>,49,12,[2 9],50,122,134,72,105
1,<environment.Job instance at 0x7fd544462730>,52,12,[7 5],53,134,146,81,117
1,<environment.Job instance at 0x7fd541e5be60>,55,3,[2 5],56,139,142,83,139
1,<environment.Job instance at 0x7fd4fde3e6e0>,58,1,[ 2 10],59,146,147,87,141
1,<environment.Job instance at 0x7fd4fde3ea50>,60,14,[5 1],61,147,161,86,147
1,<environment.Job instance at 0x7fd4fde3e550>,62,17,[4 9],63,152,169,89,152
1,<environment.Job instance at 0x7fd4fde3e4b0>,63,1,[10  2],64,169,170,105,152
1,<environment.Job instance at 0x7fd4fde3e7d0>,64,2,[8 5],65,170,172,105,152
1,<environment.Job instance at 0x7fd4fe3fb050>,32,2,[4 8],33,172,174,139,158
1,<environment.Job instance at 0x7fd541e5b820>,56,17,[10  5],57,174,191,117,166
1,<environment.Job instance at 0x7fd4fde505f0>,72,1,[ 3 10],73,191,192,118,170
1,<environment.Job instance at 0x7fd4fde50aa0>,73,13,[6 4],74,192,205,118,176
1,<environment.Job instance at 0x7fd4fde50a50>,74,1,[5 4],75,205,206,130,178
1,<environment.Job instance at 0x7fd4fde505a0>,76,2,[7 5],77,206,208,129,180
1,<environment.Job instance at 0x7fd4fe27d410>,80,14,[2 7],81,208,222,127,195
1,<environment.Job instance at 0x7f487ba2a3c0>,5,13,[5 9],6,6,19,0,6
1,<environment.Job instance at 0x7f487ba2ae10>,20,1,[3 7],21,45,46,24,45
1,<environment.Job instance at 0x7f487ba2aeb0>,21,3,[ 2 10],22,46,49,24,45
1,<environment.Job instance at 0x7f487ba2b0f0>,23,18,[5 2],24,49,67,25,47
1,<environment.Job instance at 0x7f487ba2b730>,29,13,[1 6],30,49,62,19,49
1,<environment.Job instance at 0x7f487ba2b690>,32,17,[9 3],33,67,84,34,55
1,<environment.Job instance at 0x7f487ba2baf0>,37,14,[5 5],38,84,98,46,76
1,<environment.Job instance at 0x7f487ba2a820>,9,17,[ 4 10],10,103,120,93,103
1,<environment.Job instance at 0x7f487ba314b0>,45,16,[6 2],46,120,136,74,107
1,<environment.Job instance at 0x7f487ba31dc0>,51,2,[4 9],52,136,138,84,120
1,<environment.Job instance at 0x7f487ba302d0>,55,17,[4 7],56,148,165,92,148
1,<environment.Job instance at 0x7f487ba307d0>,63,15,[1 5],64,165,180,101,161
1,<environment.Job instance at 0x7f487ba30910>,65,13,[3 5],66,165,178,99,161
1,<environment.Job instance at 0x7f487ba309b0>,66,3,[ 2 10],67,180,183,113,161
1,<environment.Job instance at 0x7f487ba30c30>,70,18,[5 5],71,183,201,112,183
1,<environment.Job instance at 0x7f487ba30e10>,73,3,[10  4],74,201,204,127,187
1,<environment.Job instance at 0x7f487ba33320>,75,3,[6 4],76,204,207,128,187
1,<environment.Job instance at 0x7f487ba331e0>,76,13,[1 5],77,187,200,110,187
1,<environment.Job instance at 0x7f487ba332d0>,77,15,[4 7],78,207,222,129,193
1,<environment.Job instance at 0x7f487ba33910>,1,16,[5 4],2,6,22,4,6
1,<environment.Job instance at 0x7f487ba41dc0>,8,12,[3 9],9,22,34,13,9
1,<environment.Job instance at 0x7f4839e26b90>,9,3,[5 5],10,10,13,0,10
1,<environment.Job instance at 0x7f487ba41aa0>,4,1,[7 1],5,22,23,17,10
1,<environment.Job instance at 0x7f487ba41cd0>,7,3,[ 2 10],8,34,37,26,11
1,<environment.Job instance at 0x7f4839e26320>,16,2,[8 2],17,37,39,20,20
1,<environment.Job instance at 0x7f487ba41f50>,10,13,[2 6],11,37,50,26,22
1,<environment.Job instance at 0x7f4839e26c30>,12,16,[6 2],13,39,55,26,27
1,<environment.Job instance at 0x7f4839e1e780>,21,3,[1 5],22,50,53,28,27
1,<environment.Job instance at 0x7f4839e1e910>,19,3,[4 8],20,53,56,33,27
1,<environment.Job instance at 0x7f4839e1ee10>,22,1,[10  1],23,56,57,33,29
1,<environment.Job instance at 0x7f4839e26280>,17,17,[3 8],18,57,74,39,45
1,<environment.Job instance at 0x7f4839e2a050>,27,18,[5 2],28,57,75,29,46
1,<environment.Job instance at 0x7f4839e2a5a0>,31,14,[5 3],32,74,88,42,59
1,<environment.Job instance at 0x7f4839e2a6e0>,33,12,[1 7],34,75,87,41,59
1,<environment.Job instance at 0x7f4839e2a280>,25,3,[5 5],26,87,90,61,65
1,<environment.Job instance at 0x7f4839e27550>,40,12,[2 5],41,88,100,47,87
1,<environment.Job instance at 0x7f4839e27a00>,42,2,[8 2],43,90,92,47,87
1,<environment.Job instance at 0x7f4839e27f00>,43,1,[3 9],44,100,101,56,87
1,<environment.Job instance at 0x7f4839e27140>,44,12,[5 7],45,101,113,56,87
1,<environment.Job instance at 0x7f4839e28960>,47,2,[9 3],48,113,115,65,98
1,<environment.Job instance at 0x7f4839e28dc0>,48,14,[8 5],49,115,129,66,100
1,<environment.Job instance at 0x7f4839e286e0>,52,14,[8 4],53,129,143,76,114
1,<environment.Job instance at 0x7f4839e1e3c0>,23,15,[4 8],24,143,158,119,129
1,<environment.Job instance at 0x7f4839e99690>,57,3,[4 9],58,158,161,100,133
1,<environment.Job instance at 0x7f4839e3afa0>,59,1,[10  3],60,161,162,101,134
1,<environment.Job instance at 0x7f4839e3af50>,58,2,[ 3 10],59,162,164,103,136
1,<environment.Job instance at 0x7f4839e3a370>,55,16,[ 3 10],56,164,180,108,151
1,<environment.Job instance at 0x7f4839f14820>,70,17,[2 9],71,180,197,109,168
1,<environment.Job instance at 0x7f483a0df280>,73,12,[5 1],74,180,192,106,173
1,<environment.Job instance at 0x7f4839f14910>,75,17,[8 1],76,192,209,116,181
1,<environment.Job instance at 0x7f4839ef3280>,79,1,[9 2],80,209,210,129,193
1,<environment.Job instance at 0x7f4839ef3f00>,80,2,[4 5],81,210,212,129,193
1,<environment.Job instance at 0x7f4839f54af0>,81,1,[8 3],82,212,213,130,193
1,<environment.Job instance at 0x7f4839efc910>,82,1,[3 8],83,213,214,130,193
1,<environment.Job instance at 0x7f4839efcfa0>,83,15,[5 6],84,214,229,130,203
1,<environment.Job instance at 0x7f4839efc870>,89,12,[5 4],90,214,226,124,213
1,<environment.Job instance at 0x7f4839c75a00>,10,13,[7 4],11,11,24,0,11
1,<environment.Job instance at 0x7f4839ca11e0>,11,3,[3 6],12,12,15,0,12
1,<environment.Job instance at 0x7f4839d65230>,13,18,[9 2],14,24,42,10,14
1,<environment.Job instance at 0x7f4839c9fc30>,19,15,[7 4],20,42,57,22,42
1,<environment.Job instance at 0x7f487beedbe0>,24,1,[3 8],25,57,58,32,42
1,<environment.Job instance at 0x7f4839d65690>,18,15,[2 5],19,42,57,23,42
1,<environment.Job instance at 0x7f487b799140>,23,13,[8 3],24,58,71,34,42
1,<environment.Job instance at 0x7f487bef56e0>,30,14,[2 8],31,72,86,41,72
1,<environment.Job instance at 0x7f4884fa75a0>,34,16,[8 3],35,86,102,51,73
1,<environment.Job instance at 0x7f4839ce5910>,39,17,[4 8],40,102,119,62,90
1,<environment.Job instance at 0x7f4884fa45a0>,46,15,[6 2],47,105,120,58,105
1,<environment.Job instance at 0x7f4884fa4af0>,48,2,[1 7],49,119,121,70,106
1,<environment.Job instance at 0x7f4884fa4320>,49,3,[8 4],50,121,124,71,106
1,<environment.Job instance at 0x7f4884fa4780>,50,13,[ 4 10],51,124,137,73,108
1,<environment.Job instance at 0x7f4839c88aa0>,58,14,[10  4],59,137,151,78,122
1,<environment.Job instance at 0x7f4839ce9370>,64,12,[3 5],65,156,168,91,156
1,<environment.Job instance at 0x7f4839ce9b90>,63,1,[2 8],64,168,169,104,156
1,<environment.Job instance at 0x7f487b88e500>,25,18,[9 5],26,169,187,143,158
1,<environment.Job instance at 0x7f4839cf30f0>,69,1,[4 6],70,187,188,117,175
1,<environment.Job instance at 0x7f4839ce9820>,65,17,[6 3],66,187,204,121,175
1,<environment.Job instance at 0x7f4839cf32d0>,70,1,[2 5],71,188,189,117,175
1,<environment.Job instance at 0x7f4839cf3d70>,71,14,[3 6],72,189,203,117,175
1,<environment.Job instance at 0x7f487bc894b0>,73,1,[2 8],74,204,205,130,176
1,<environment.Job instance at 0x7f487bc89190>,74,12,[2 9],75,205,217,130,189
1,<environment.Job instance at 0x7f488021ec30>,1,1,[10  1],2,3,4,1,3
1,<environment.Job instance at 0x7f488021e500>,3,1,[5 2],4,4,5,0,4
1,<environment.Job instance at 0x7f483a008eb0>,5,16,[10  5],6,6,22,0,6
1,<environment.Job instance at 0x7f487b8833c0>,11,1,[5 5],12,22,23,10,12
1,<environment.Job instance at 0x7f487b883a00>,10,17,[9 4],11,23,40,12,15
1,<environment.Job instance at 0x7f487be21870>,14,2,[5 3],15,40,42,25,15
1,<environment.Job instance at 0x7f487bc165a0>,13,2,[ 4 10],14,42,44,28,15
1,<environment.Job instance at 0x7f487bb78410>,20,3,[9 1],21,44,47,23,30
1,<environment.Job instance at 0x7f487baa4500>,21,2,[5 6],22,40,42,18,30
1,<environment.Job instance at 0x7f487be21500>,22,2,[3 5],23,47,49,24,30
1,<environment.Job instance at 0x7f487be21050>,16,13,[7 1],17,47,60,30,33
1,<environment.Job instance at 0x7f487ba61230>,28,12,[ 2 10],29,60,72,31,48
1,<environment.Job instance at 0x7f487bb1f870>,33,13,[9 5],34,72,85,38,64
1,<environment.Job instance at 0x7f487ba24550>,40,13,[3 8],41,85,98,44,69
1,<environment.Job instance at 0x7f487ba24eb0>,46,15,[ 5 10],47,98,113,51,94
1,<environment.Job instance at 0x7f487bab7af0>,49,14,[2 6],50,113,127,63,99
1,<environment.Job instance at 0x7f487ba899b0>,54,17,[7 4],55,133,150,78,133
1,<environment.Job instance at 0x7f487ba1baf0>,58,12,[5 6],59,150,162,91,143
1,<environment.Job instance at 0x7f487bafa410>,62,3,[1 7],63,162,165,99,162
1,<environment.Job instance at 0x7f487bafa5f0>,64,2,[4 8],65,165,167,100,164
1,<environment.Job instance at 0x7f487bafa370>,66,14,[8 1],67,167,181,100,164
1,<environment.Job instance at 0x7f487bd831e0>,67,12,[10  4],68,181,193,113,164
1,<environment.Job instance at 0x7f487bb54780>,75,2,[7 5],76,193,195,117,173
1,<environment.Job instance at 0x7f487bb5b6e0>,76,18,[8 2],77,195,213,118,184
1,<environment.Job instance at 0x7f487bb5ea50>,82,3,[ 3 10],83,213,216,130,210
1,<environment.Job instance at 0x7f487bb5e460>,83,15,[6 5],84,216,231,132,210
1,<environment.Job instance at 0x7f487bb5ef50>,84,1,[2 5],85,210,211,125,210
1,<environment.Job instance at 0x7f487bb5e5a0>,85,2,[9 3],86,231,233,145,210
1,<environment.Job instance at 0x7f487bc50f50>,1,3,[1 6],2,2,5,0,2
1,<environment.Job instance at 0x7f487bb3b0f0>,2,3,[4 9],3,5,8,2,3
1,<environment.Job instance at 0x7f487ba63aa0>,3,18,[ 1 10],4,8,26,4,4
1,<environment.Job instance at 0x7f483a1245a0>,5,12,[6 1],6,26,38,20,9
1,<environment.Job instance at 0x7f487bab79b0>,9,14,[9 5],10,38,52,28,23
1,<environment.Job instance at 0x7f487ba13c80>,18,16,[9 2],19,52,68,33,39
1,<environment.Job instance at 0x7f487ba738c0>,20,12,[7 2],21,68,80,47,56
1,<environment.Job instance at 0x7f487b89a5a0>,26,14,[9 2],27,80,94,53,65
1,<environment.Job instance at 0x7f487ba82eb0>,10,1,[5 1],11,94,95,83,69
1,<environment.Job instance at 0x7f487b84d730>,7,3,[5 1],8,94,97,86,70
1,<environment.Job instance at 0x7f48801cdb90>,29,3,[4 9],30,95,98,65,71
1,<environment.Job instance at 0x7f483a12a5f0>,34,3,[5 2],35,98,101,63,80
1,<environment.Job instance at 0x7f4880506f00>,37,1,[7 4],38,101,102,63,100
1,<environment.Job instance at 0x7f4880506a50>,38,17,[2 7],39,106,123,67,106
1,<environment.Job instance at 0x7f483a0e7140>,39,14,[4 9],40,123,137,83,108
1,<environment.Job instance at 0x7f483a0f6d20>,48,17,[2 6],49,137,154,88,129
1,<environment.Job instance at 0x7f483a0f6f00>,53,17,[5 3],54,139,156,85,139
1,<environment.Job instance at 0x7f483a108230>,31,15,[1 9],32,156,171,124,143
1,<environment.Job instance at 0x7f483a0f4b90>,62,15,[2 5],63,171,186,108,157
1,<environment.Job instance at 0x7f483a0f4af0>,63,14,[4 8],64,186,200,122,171
1,<environment.Job instance at 0x7f483a0fcb90>,68,13,[6 1],69,172,185,103,172
1,<environment.Job instance at 0x7f483a0fc910>,71,13,[6 5],72,200,213,128,185
1,<environment.Job instance at 0x7f483a0fc690>,74,3,[7 4],75,213,216,138,195
1,<environment.Job instance at 0x7f483a0fc960>,77,1,[10  3],78,216,217,138,197
1,<environment.Job instance at 0x7f483a0fc7d0>,73,15,[6 1],74,217,232,143,203
1,<environment.Job instance at 0x7f483a1167d0>,56,13,[3 9],57,217,230,160,210
1,<environment.Job instance at 0x7f483a103190>,82,2,[7 3],83,232,234,149,210
1,<environment.Job instance at 0x7f488006ccd0>,2,1,[6 3],3,3,4,0,3
1,<environment.Job instance at 0x7f4880085410>,4,17,[5 1],5,6,23,1,6
1,<environment.Job instance at 0x7f487ba135a0>,7,12,[7 2],8,23,35,15,10
1,<environment.Job instance at 0x7f488075a960>,11,3,[5 2],12,15,18,3,15
1,<environment.Job instance at 0x7f4880344f50>,15,16,[9 4],16,35,51,19,22
1,<environment.Job instance at 0x7f488075a1e0>,9,12,[4 6],10,51,63,41,44
1,<environment.Job instance at 0x7f488054c5a0>,30,12,[1 7],31,63,75,32,50
1,<environment.Job instance at 0x7f488054c780>,34,12,[9 1],35,68,80,33,68
1,<environment.Job instance at 0x7f488054c3c0>,36,13,[4 7],37,80,93,43,68
1,<environment.Job instance at 0x7f487bafd0a0>,45,2,[4 7],46,122,124,76,122
1,<environment.Job instance at 0x7f487bafdc30>,46,18,[6 3],47,122,140,75,122
1,<environment.Job instance at 0x7f487bafd230>,48,3,[8 3],49,140,143,91,122
1,<environment.Job instance at 0x7f487bc8e370>,50,15,[10  4],51,143,158,92,139
1,<environment.Job instance at 0x7f487bc8ef50>,53,3,[8 4],54,158,161,104,143
1,<environment.Job instance at 0x7f487bc8ea50>,54,14,[3 8],55,161,175,106,147
1,<environment.Job instance at 0x7f487bc8e410>,61,12,[5 5],62,175,187,113,160
1,<environment.Job instance at 0x7f487bc8e280>,63,13,[7 4],64,187,200,123,171
1,<environment.Job instance at 0x7f487bc8e050>,67,2,[7 4],68,200,202,132,176
1,<environment.Job instance at 0x7f483a076730>,69,16,[7 2],70,202,218,132,189
1,<environment.Job instance at 0x7f483a0764b0>,72,3,[4 8],73,218,221,145,192
1,<environment.Job instance at 0x7f483a076780>,74,2,[1 6],75,200,202,125,200
1,<environment.Job instance at 0x7f483a076b90>,75,14,[4 6],76,221,235,145,206
1,<environment.Job instance at 0x7f483a076460>,76,1,[5 1],77,218,219,141,206
1,<environment.Job instance at 0x7f483a076dc0>,78,3,[2 6],79,209,212,130,209
1,<environment.Job instance at 0x7f487bb86aa0>,15,14,[ 1 10],16,57,71,41,57
1,<environment.Job instance at 0x7f487baf8050>,16,18,[7 4],17,71,89,54,60
1,<environment.Job instance at 0x7f48800028c0>,21,13,[6 3],22,89,102,67,78
1,<environment.Job instance at 0x7f487bbba370>,28,15,[7 3],29,102,117,73,102
1,<environment.Job instance at 0x7f483a18a6e0>,5,18,[1 8],6,117,135,111,107
1,<environment.Job instance at 0x7f48801af280>,35,17,[3 6],36,135,152,99,125
1,<environment.Job instance at 0x7f483a2aca00>,38,12,[ 4 10],39,152,164,113,137
1,<environment.Job instance at 0x7f487bd0f730>,42,15,[5 9],43,164,179,121,150
1,<environment.Job instance at 0x7f487b9f3410>,55,2,[ 2 10],56,179,181,123,157
1,<environment.Job instance at 0x7f4880061e60>,32,3,[7 1],33,181,184,148,174
1,<environment.Job instance at 0x7f487bad3550>,59,1,[1 8],60,181,182,121,174
1,<environment.Job instance at 0x7f487bad3140>,60,1,[8 1],61,184,185,123,174
1,<environment.Job instance at 0x7f487bad36e0>,57,18,[3 8],58,185,203,127,174
1,<environment.Job instance at 0x7f4839ef0320>,73,16,[8 1],74,209,225,135,209
1,<environment.Job instance at 0x7f4839ef07d0>,74,3,[2 7],75,210,213,135,210
1,<environment.Job instance at 0x7f487bad3190>,61,18,[10  5],62,225,243,163,214
1,<environment.Job instance at 0x7f4839ef08c0>,1,14,[9 4],2,2,16,0,2
1,<environment.Job instance at 0x7f488054c0f0>,11,1,[8 4],12,16,17,4,13
1,<environment.Job instance at 0x7f483a309a50>,12,1,[2 5],13,16,17,3,14
1,<environment.Job instance at 0x7f483a309730>,13,2,[ 4 10],14,17,19,3,14
1,<environment.Job instance at 0x7f483a309af0>,14,18,[10  2],15,19,37,4,16
1,<environment.Job instance at 0x7f483a309c30>,16,1,[2 6],17,37,38,20,17
1,<environment.Job instance at 0x7f483a3094b0>,15,3,[5 6],16,38,41,22,19
1,<environment.Job instance at 0x7f483a144e10>,23,14,[ 5 10],24,41,55,17,27
1,<environment.Job instance at 0x7f483a141410>,28,15,[5 8],29,55,70,26,42
1,<environment.Job instance at 0x7f483a1415a0>,30,13,[5 6],31,70,83,39,55
1,<environment.Job instance at 0x7f483a1416e0>,33,2,[5 1],34,63,65,29,63
1,<environment.Job instance at 0x7f483a141780>,34,13,[ 5 10],35,83,96,48,68
1,<environment.Job instance at 0x7f483a141aa0>,39,15,[6 2],40,96,111,56,90
1,<environment.Job instance at 0x7f483a141be0>,41,15,[5 4],42,111,126,69,97
1,<environment.Job instance at 0x7f483a1418c0>,36,3,[5 1],37,111,114,74,98
1,<environment.Job instance at 0x7f483a1380a0>,46,15,[3 5],47,114,129,67,100
1,<environment.Job instance at 0x7f483a1381e0>,48,2,[7 5],49,126,128,77,100
1,<environment.Job instance at 0x7f483a1383c0>,51,1,[5 5],52,128,129,76,110
1,<environment.Job instance at 0x7f483a138500>,53,12,[10  1],54,129,141,75,114
1,<environment.Job instance at 0x7f483a138190>,57,2,[1 8],58,141,143,83,134
1,<environment.Job instance at 0x7f483a309fa0>,18,18,[5 8],19,143,161,124,134
1,<environment.Job instance at 0x7f483a1386e0>,58,2,[10  5],59,161,163,102,136
1,<environment.Job instance at 0x7f483a138960>,60,3,[2 8],61,163,166,102,137
1,<environment.Job instance at 0x7f483a138eb0>,63,1,[8 5],64,166,167,102,140
1,<environment.Job instance at 0x7f483a138e60>,65,3,[7 5],66,167,170,101,141
1,<environment.Job instance at 0x7f483a138fa0>,67,12,[2 8],68,170,182,102,153
1,<environment.Job instance at 0x7f483a138c80>,69,12,[4 6],70,182,194,112,170
1,<environment.Job instance at 0x7f483a165550>,72,15,[8 4],73,194,209,121,180
1,<environment.Job instance at 0x7f483a1659b0>,80,3,[8 3],81,209,212,128,197
1,<environment.Job instance at 0x7f483a1650f0>,76,17,[2 5],77,197,214,120,197
1,<environment.Job instance at 0x7f483a165af0>,82,2,[3 6],83,214,216,131,198
1,<environment.Job instance at 0x7f483a165c30>,84,12,[9 1],85,216,228,131,208
1,<environment.Job instance at 0x7f483a165e10>,87,17,[1 9],88,216,233,128,213
1,<environment.Job instance at 0x7f487b79e5f0>,2,1,[5 9],3,5,6,2,5
1,<environment.Job instance at 0x7f487b79e9b0>,6,18,[6 4],7,8,26,1,8
1,<environment.Job instance at 0x7f487ba61f00>,9,3,[1 7],10,26,29,16,10
1,<environment.Job instance at 0x7f487b9702d0>,10,2,[1 6],11,12,14,1,12
1,<environment.Job instance at 0x7f487ba79aa0>,8,14,[6 4],9,29,43,20,18
1,<environment.Job instance at 0x7f487bbd4640>,16,12,[8 4],17,43,55,26,26
1,<environment.Job instance at 0x7f483a3a8b90>,21,15,[8 4],22,55,70,33,41
1,<environment.Job instance at 0x7f483a3a8dc0>,23,16,[2 6],24,44,60,20,44
1,<environment.Job instance at 0x7f483a3a88c0>,29,2,[9 3],30,70,72,40,60
1,<environment.Job instance at 0x7f48800e1230>,30,13,[4 6],31,72,85,41,62
1,<environment.Job instance at 0x7f483a16deb0>,33,18,[4 6],34,85,103,51,74
1,<environment.Job instance at 0x7f487b9eddc0>,37,12,[1 6],38,103,115,65,88
1,<environment.Job instance at 0x7f483a2ab140>,42,18,[7 4],43,103,121,60,102
1,<environment.Job instance at 0x7f487ffbbd70>,7,24,[5 9],8,121,145,113,116
1,<environment.Job instance at 0x7f483a3017d0>,46,2,[5 7],47,145,147,98,118
1,<environment.Job instance at 0x7f483a3af6e0>,45,2,[3 9],46,147,149,101,123
1,<environment.Job instance at 0x7f48802d0690>,50,2,[8 4],51,149,151,98,124
1,<environment.Job instance at 0x7f48802d0780>,51,2,[3 9],52,151,153,99,124
1,<environment.Job instance at 0x7f48802d05a0>,54,13,[10  5],55,153,166,98,137
1,<environment.Job instance at 0x7f487bb0fc30>,48,3,[9 5],49,166,169,117,144
1,<environment.Job instance at 0x7f483a24bbe0>,59,1,[9 4],60,169,170,109,151
1,<environment.Job instance at 0x7f4839cc30a0>,57,1,[10  2],58,170,171,112,154
1,<environment.Job instance at 0x7f4839cc3500>,58,16,[3 8],59,171,187,112,158
1,<environment.Job instance at 0x7f4839d021e0>,65,14,[4 8],66,187,201,121,172
1,<environment.Job instance at 0x7f488074c140>,72,1,[1 8],73,201,202,128,195
1,<environment.Job instance at 0x7f487bbd41e0>,15,16,[7 3],16,202,218,186,201
1,<environment.Job instance at 0x7f488074cdc0>,74,2,[3 6],75,204,206,129,204
1,<environment.Job instance at 0x7f488074c9b0>,75,3,[2 8],76,218,221,142,205
1,<environment.Job instance at 0x7f488074c690>,76,1,[9 2],77,221,222,144,220
1,<environment.Job instance at 0x7f488074cbe0>,79,3,[10  1],80,222,225,142,221
1,<environment.Job instance at 0x7f48806c2960>,80,18,[6 4],81,225,243,144,223
1,<environment.Job instance at 0x7f483a3a87d0>,3,12,[5 4],4,4,16,0,4
1,<environment.Job instance at 0x7f483a078a50>,7,15,[3 6],8,8,23,0,8
1,<environment.Job instance at 0x7f483a078190>,8,14,[ 1 10],9,23,37,14,9
1,<environment.Job instance at 0x7f487bf4ce10>,14,13,[3 6],15,37,50,22,23
1,<environment.Job instance at 0x7f487bf4c5f0>,15,2,[8 1],16,50,52,34,23
1,<environment.Job instance at 0x7f4880579aa0>,20,3,[ 4 10],21,52,55,31,31
1,<environment.Job instance at 0x7f483a2eaa50>,23,3,[8 1],24,55,58,31,31
1,<environment.Job instance at 0x7f483a3d4dc0>,18,16,[10  3],19,58,74,39,45
1,<environment.Job instance at 0x7f4880497370>,31,12,[2 6],32,74,86,42,60
1,<environment.Job instance at 0x7f4880057190>,32,17,[6 4],33,74,91,41,62
1,<environment.Job instance at 0x7f487b87c730>,38,3,[ 4 10],39,91,94,52,65
1,<environment.Job instance at 0x7f487b87c550>,39,12,[3 9],40,94,106,54,77
1,<environment.Job instance at 0x7f487b82d910>,29,18,[5 1],30,94,112,64,90
1,<environment.Job instance at 0x7f48801ac730>,45,1,[6 1],46,112,113,66,91
1,<environment.Job instance at 0x7f48801acaf0>,46,1,[ 5 10],47,113,114,66,91
1,<environment.Job instance at 0x7f4884d2a5f0>,28,17,[6 5],29,114,131,85,106
1,<environment.Job instance at 0x7f487b990640>,62,2,[5 3],63,131,133,68,114
1,<environment.Job instance at 0x7f487b990a50>,63,18,[4 5],64,115,133,51,115
1,<environment.Job instance at 0x7f488019b280>,66,16,[5 6],67,133,149,66,127
1,<environment.Job instance at 0x7f488019b9b0>,70,2,[8 2],71,149,151,78,132
1,<environment.Job instance at 0x7f488006d730>,71,16,[4 6],72,151,167,79,138
1,<environment.Job instance at 0x7f487bbb94b0>,77,15,[10  4],78,167,182,89,153
1,<environment.Job instance at 0x7f4839fb8e10>,82,14,[3 7],83,182,196,99,168
1,<environment.Job instance at 0x7f488020d550>,88,18,[ 5 10],89,196,214,107,185
1,<environment.Job instance at 0x7f487b87a5f0>,59,17,[9 4],60,214,231,154,202
1,<environment.Job instance at 0x7f487bc9f780>,4,17,[8 5],5,11,28,6,11
1,<environment.Job instance at 0x7f4839ff01e0>,8,13,[10  4],9,28,41,19,12
1,<environment.Job instance at 0x7f488038a230>,10,1,[2 5],11,18,19,7,18
1,<environment.Job instance at 0x7f4839ff0780>,7,2,[5 2],8,41,43,33,18
1,<environment.Job instance at 0x7f4884fac910>,12,3,[4 6],13,41,44,28,18
1,<environment.Job instance at 0x7f487b9bee10>,13,1,[5 5],14,44,45,30,18
1,<environment.Job instance at 0x7f487b8c3730>,20,3,[8 1],21,45,48,24,26
1,<environment.Job instance at 0x7f483a1187d0>,24,15,[6 2],25,50,65,25,50
1,<environment.Job instance at 0x7f483a118c80>,31,17,[5 8],32,65,82,33,54
1,<environment.Job instance at 0x7f483a118e60>,34,16,[8 2],35,82,98,47,69
1,<environment.Job instance at 0x7f483a0f83c0>,38,12,[10  3],39,98,110,59,81
1,<environment.Job instance at 0x7f483a0f85a0>,42,16,[6 1],43,110,126,67,97
1,<environment.Job instance at 0x7f483a0f8730>,44,2,[1 9],45,110,112,65,98
1,<environment.Job instance at 0x7f483a0f89b0>,48,3,[9 5],49,126,129,77,114
1,<environment.Job instance at 0x7f483a0f8a00>,51,12,[3 5],52,114,126,62,114
1,<environment.Job instance at 0x7f483a0f8b40>,52,2,[1 9],53,129,131,76,114
1,<environment.Job instance at 0x7f483a0f8fa0>,55,2,[9 5],56,131,133,75,115
1,<environment.Job instance at 0x7f483a12f3c0>,58,14,[5 4],59,133,147,74,120
1,<environment.Job instance at 0x7f483a12f8c0>,66,17,[1 6],67,152,169,85,152
1,<environment.Job instance at 0x7f483a12f140>,67,13,[9 4],68,152,165,84,152
1,<environment.Job instance at 0x7f483a12f190>,68,13,[4 8],69,169,182,100,153
1,<environment.Job instance at 0x7f483a12fc30>,69,3,[4 5],70,182,185,112,156
1,<environment.Job instance at 0x7f483a12fc80>,70,2,[1 5],71,182,184,111,156
1,<environment.Job instance at 0x7f483a12f9b0>,76,16,[4 8],77,185,201,108,181
1,<environment.Job instance at 0x7f483a122460>,81,12,[5 6],82,205,217,123,205
1,<environment.Job instance at 0x7f487b9be140>,6,13,[ 2 10],7,7,20,0,7
1,<environment.Job instance at 0x7f487b888780>,7,12,[6 5],8,20,32,12,8
1,<environment.Job instance at 0x7f487b888370>,9,3,[7 3],10,32,35,22,10
1,<environment.Job instance at 0x7f487b8b7640>,13,2,[6 2],14,35,37,21,16
1,<environment.Job instance at 0x7f487b8b7870>,12,3,[5 8],13,37,40,24,19
1,<environment.Job instance at 0x7f487b8b73c0>,22,3,[5 8],23,40,43,17,30
1,<environment.Job instance at 0x7f487b8b7fa0>,24,2,[3 9],25,43,45,18,30
1,<environment.Job instance at 0x7f487b8b71e0>,26,2,[5 3],27,45,47,18,31
1,<environment.Job instance at 0x7f487b8b79b0>,28,12,[6 4],29,47,59,18,32
1,<environment.Job instance at 0x7f487b8e41e0>,31,13,[3 5],32,45,58,13,35
1,<environment.Job instance at 0x7f487b8e4960>,32,18,[4 8],33,59,77,26,49
1,<environment.Job instance at 0x7f487b9703c0>,36,13,[6 4],37,77,90,40,61
1,<environment.Job instance at 0x7f487b970dc0>,39,12,[5 8],40,90,102,50,73
1,<environment.Job instance at 0x7f483a21a8c0>,50,12,[2 5],51,77,89,26,75
1,<environment.Job instance at 0x7f487bcb3eb0>,53,14,[ 5 10],54,102,116,48,87
1,<environment.Job instance at 0x7f48803383c0>,60,15,[5 5],61,116,131,55,111
1,<environment.Job instance at 0x7f4880338690>,62,17,[5 7],63,131,148,68,120
1,<environment.Job instance at 0x7f487b888dc0>,11,12,[5 3],12,128,140,116,128
1,<environment.Job instance at 0x7f483a3085a0>,70,18,[9 3],71,148,166,77,137
1,<environment.Job instance at 0x7f4839cefdc0>,77,14,[5 6],78,166,180,88,151
1,<environment.Job instance at 0x7f483a3089b0>,71,17,[9 4],72,180,197,108,168
1,<environment.Job instance at 0x7f4839cef1e0>,83,3,[4 7],84,197,200,113,171
1,<environment.Job instance at 0x7f4839cef640>,86,15,[4 6],87,200,215,113,186
1,<environment.Job instance at 0x7f4839cef5f0>,89,3,[4 8],90,215,218,125,190
1,<environment.Job instance at 0x7f487bcf9690>,95,16,[3 5],96,218,234,122,205
1,<environment.Job instance at 0x7f487bcf9280>,96,14,[6 2],97,205,219,108,205
1,<environment.Job instance at 0x7f4839a344b0>,3,12,[6 5],4,4,16,0,4
1,<environment.Job instance at 0x7f487bcb3500>,5,15,[9 1],6,16,31,10,6
1,<environment.Job instance at 0x7f483a059820>,10,15,[1 8],11,16,31,5,11
1,<environment.Job instance at 0x7f483a059050>,13,13,[10  3],14,31,44,17,15
1,<environment.Job instance at 0x7f4839cd4aa0>,23,16,[ 5 10],24,44,60,20,31
1,<environment.Job instance at 0x7f483a1cd910>,32,14,[6 2],33,60,74,27,45
1,<environment.Job instance at 0x7f487bbd4230>,38,12,[6 3],39,74,86,35,63
1,<environment.Job instance at 0x7f483a0591e0>,21,23,[1 8],22,86,109,64,82
1,<environment.Job instance at 0x7f4839cd40f0>,22,14,[3 7],23,109,123,86,94
1,<environment.Job instance at 0x7f487bc3d690>,50,14,[6 1],51,95,109,44,95
1,<environment.Job instance at 0x7f487bc7bb40>,46,14,[10  3],47,123,137,76,108
1,<environment.Job instance at 0x7f487bc3db90>,55,3,[9 3],56,137,140,81,111
1,<environment.Job instance at 0x7f4839ff5960>,60,13,[8 4],61,140,153,79,125
1,<environment.Job instance at 0x7f4839ff5d70>,66,18,[7 3],67,153,171,86,142
1,<environment.Job instance at 0x7f4880021320>,68,18,[1 5],69,150,168,81,150
1,<environment.Job instance at 0x7f4880021e60>,69,2,[1 6],70,168,170,98,151
1,<environment.Job instance at 0x7f48800212d0>,75,3,[5 2],76,171,174,95,161
1,<environment.Job instance at 0x7f4880021d70>,74,2,[5 2],75,171,173,96,162
1,<environment.Job instance at 0x7f48800210f0>,72,15,[5 5],73,173,188,100,164
1,<environment.Job instance at 0x7f4880021140>,79,15,[4 6],80,188,203,108,174
1,<environment.Job instance at 0x7f4880021870>,71,18,[3 9],72,203,221,131,192
1,<environment.Job instance at 0x7f4880057870>,92,1,[3 6],93,221,222,128,203
1,<environment.Job instance at 0x7f48800575f0>,93,2,[5 5],94,222,224,128,204
1,<environment.Job instance at 0x7f4880057190>,95,3,[2 8],96,224,227,128,208
1,<environment.Job instance at 0x7f4880057e60>,4,14,[5 6],5,5,19,0,5
1,<environment.Job instance at 0x7f487ba66280>,7,17,[ 5 10],8,19,36,11,8
1,<environment.Job instance at 0x7f487be16410>,19,1,[5 1],20,36,37,16,35
1,<environment.Job instance at 0x7f487be16910>,20,1,[2 9],21,36,37,15,35
1,<environment.Job instance at 0x7f487be16f00>,21,18,[9 3],22,37,55,15,36
1,<environment.Job instance at 0x7f487be16500>,24,13,[4 7],25,55,68,30,39
1,<environment.Job instance at 0x7f487bdefeb0>,31,12,[4 6],32,68,80,36,51
1,<environment.Job instance at 0x7f487b7af050>,37,15,[8 5],38,80,95,42,66
1,<environment.Job instance at 0x7f487bde3f00>,45,2,[8 4],46,95,97,49,83
1,<environment.Job instance at 0x7f4839d72780>,48,2,[6 1],49,126,128,77,126
1,<environment.Job instance at 0x7f483a02ffa0>,50,13,[6 3],51,128,141,77,126
1,<environment.Job instance at 0x7f487b7b63c0>,53,14,[6 4],54,141,155,87,127
1,<environment.Job instance at 0x7f4880387500>,59,14,[2 5],60,142,156,82,142
1,<environment.Job instance at 0x7f48804d40a0>,62,18,[1 5],63,155,173,92,152
1,<environment.Job instance at 0x7f4839d8caa0>,67,13,[ 5 10],68,173,186,105,157
1,<environment.Job instance at 0x7f4839f342d0>,78,3,[7 1],79,196,199,117,196
1,<environment.Job instance at 0x7f483a089cd0>,79,3,[7 5],80,199,202,119,196
1,<environment.Job instance at 0x7f483a089910>,80,16,[5 9],81,202,218,121,197
1,<environment.Job instance at 0x7f483a089be0>,83,3,[1 8],84,218,221,134,200
1,<environment.Job instance at 0x7f483a089a50>,84,17,[4 9],85,221,238,136,209
1,<environment.Job instance at 0x7f487bc2a0a0>,8,14,[5 5],9,9,23,0,9
1,<environment.Job instance at 0x7f48803c9190>,9,2,[9 5],10,23,25,13,11
1,<environment.Job instance at 0x7f487bc2af50>,10,1,[8 3],11,25,26,14,12
1,<environment.Job instance at 0x7f487b9a6410>,5,16,[10  1],6,26,42,20,14
1,<environment.Job instance at 0x7f483a332460>,16,2,[ 2 10],17,42,44,25,28
1,<environment.Job instance at 0x7f488003bbe0>,12,3,[ 4 10],13,44,47,31,28
1,<environment.Job instance at 0x7f487bdaa5a0>,20,2,[9 2],21,47,49,26,28
1,<environment.Job instance at 0x7f487bdaae10>,18,1,[9 5],19,49,50,30,28
1,<environment.Job instance at 0x7f483a1bb9b0>,23,3,[5 2],24,50,53,26,46
1,<environment.Job instance at 0x7f487bdaab40>,24,12,[ 1 10],25,53,65,28,46
1,<environment.Job instance at 0x7f4880543500>,27,2,[4 5],28,50,52,22,46
1,<environment.Job instance at 0x7f487bde01e0>,28,18,[5 9],29,65,83,36,54
1,<environment.Job instance at 0x7f4839dd3c80>,33,16,[5 9],34,83,99,49,73
1,<environment.Job instance at 0x7f483a3afa50>,43,12,[8 2],44,99,111,55,92
1,<environment.Job instance at 0x7f487bdaaf00>,21,16,[1 7],22,99,115,77,94
1,<environment.Job instance at 0x7f4839c7bf50>,47,13,[9 2],48,111,124,63,97
1,<environment.Job instance at 0x7f4839c7bb40>,49,2,[ 1 10],50,124,126,74,98
1,<environment.Job instance at 0x7f487be031e0>,51,3,[4 6],52,126,129,74,107
1,<environment.Job instance at 0x7f487be03280>,52,12,[9 4],53,129,141,76,112
1,<environment.Job instance at 0x7f487be03a00>,60,15,[4 9],61,141,156,80,135
1,<environment.Job instance at 0x7f487be03eb0>,64,17,[9 5],65,156,173,91,144
1,<environment.Job instance at 0x7f487bd1dc80>,73,12,[ 4 10],74,173,185,99,159
1,<environment.Job instance at 0x7f487bc139b0>,76,14,[2 9],77,185,199,108,170
1,<environment.Job instance at 0x7f487ff7fc80>,82,15,[1 9],83,199,214,116,190
1,<environment.Job instance at 0x7f487bdaafa0>,19,22,[9 1],20,199,221,179,192
1,<environment.Job instance at 0x7f487ff7f500>,85,12,[1 8],86,214,226,128,198
1,<environment.Job instance at 0x7f487ff7fa50>,86,2,[5 1],87,221,223,134,205
1,<environment.Job instance at 0x7f487bb4a3c0>,89,13,[6 5],90,226,239,136,210
1,<environment.Job instance at 0x7f487bb4a370>,88,3,[9 1],89,223,226,134,211
1,<environment.Job instance at 0x7f487b8d08c0>,10,3,[8 1],11,11,14,0,11
1,<environment.Job instance at 0x7f4880330550>,9,1,[8 3],10,14,15,4,12
1,<environment.Job instance at 0x7f487b8d0be0>,11,14,[1 8],12,15,29,3,13
1,<environment.Job instance at 0x7f487b8d0d70>,13,12,[10  2],14,29,41,15,16
1,<environment.Job instance at 0x7f487b8d0410>,14,1,[10  2],15,41,42,26,16
1,<environment.Job instance at 0x7f4839d3fc80>,7,18,[2 8],8,42,60,34,31
1,<environment.Job instance at 0x7f487b8d0c30>,12,16,[6 4],13,60,76,47,47
1,<environment.Job instance at 0x7f487b8d05f0>,24,3,[5 1],25,52,55,27,52
1,<environment.Job instance at 0x7f487b8d0aa0>,23,14,[7 2],24,76,90,52,61
1,<environment.Job instance at 0x7f48800e2b90>,29,12,[4 6],30,61,73,31,61
1,<environment.Job instance at 0x7f48800e2550>,32,16,[1 7],33,76,92,43,70
1,<environment.Job instance at 0x7f48800e2c30>,36,12,[2 8],37,92,104,55,75
1,<environment.Job instance at 0x7f48800e2410>,40,15,[6 1],41,90,105,49,80
1,<environment.Job instance at 0x7f48800e2870>,39,1,[1 7],40,104,105,64,90
1,<environment.Job instance at 0x7f48800e2a00>,27,15,[ 3 10],28,105,120,77,91
1,<environment.Job instance at 0x7f4839aae460>,47,2,[ 4 10],48,120,122,72,94
1,<environment.Job instance at 0x7f4839aae6e0>,48,3,[8 2],49,122,125,73,96
1,<environment.Job instance at 0x7f4839aaed20>,45,14,[4 9],46,125,139,79,110
1,<environment.Job instance at 0x7f4880460af0>,62,16,[9 2],63,139,155,76,126
1,<environment.Job instance at 0x7f4839d5ad70>,78,16,[1 7],79,154,170,75,154
1,<environment.Job instance at 0x7f4839d5a460>,80,12,[10  5],81,170,182,89,155
1,<environment.Job instance at 0x7f487bb77d20>,86,2,[3 7],87,201,203,114,201
1,<environment.Job instance at 0x7f487bb773c0>,90,14,[1 9],91,203,217,112,201
1,<environment.Job instance at 0x7f487be03190>,4,14,[5 2],5,6,20,1,6
1,<environment.Job instance at 0x7f483a09a9b0>,12,17,[3 6],13,15,32,2,15
1,<environment.Job instance at 0x7f487ba2b8c0>,13,14,[5 4],14,20,34,6,15
1,<environment.Job instance at 0x7f483a206780>,21,17,[7 4],22,35,52,13,35
1,<environment.Job instance at 0x7f483a206eb0>,26,2,[9 1],27,52,54,25,39
1,<environment.Job instance at 0x7f4839c51910>,8,12,[5 3],9,54,66,45,41
1,<environment.Job instance at 0x7f483a21ebe0>,32,13,[6 1],33,75,88,42,75
1,<environment.Job instance at 0x7f483a21e370>,35,14,[9 4],36,88,102,52,78
1,<environment.Job instance at 0x7f483a21e8c0>,36,12,[7 2],37,102,114,65,88
1,<environment.Job instance at 0x7f483a21e500>,40,12,[5 7],41,114,126,73,97
1,<environment.Job instance at 0x7f483a1f8500>,57,1,[10  4],58,126,127,68,112
1,<environment.Job instance at 0x7f48804fdfa0>,10,16,[4 9],11,127,143,116,115
1,<environment.Job instance at 0x7f487bb86500>,60,12,[9 3],61,143,155,82,127
1,<environment.Job instance at 0x7f48804fb6e0>,66,13,[7 3],67,155,168,88,139
1,<environment.Job instance at 0x7f48804fb0f0>,69,12,[3 8],70,168,180,98,161
1,<environment.Job instance at 0x7f4880523f50>,72,3,[4 6],73,180,183,107,162
1,<environment.Job instance at 0x7f4880523460>,73,2,[1 5],74,162,164,88,162
1,<environment.Job instance at 0x7f48804fbf00>,65,12,[10  4],66,183,195,117,168
1,<environment.Job instance at 0x7f4880523c80>,76,1,[7 5],77,195,196,118,170
1,<environment.Job instance at 0x7f4880523b40>,75,3,[10  1],76,196,199,120,170
1,<environment.Job instance at 0x7f48804f9690>,78,3,[6 4],79,180,183,101,170
1,<environment.Job instance at 0x7f4880523fa0>,79,1,[9 5],80,199,200,119,171
1,<environment.Job instance at 0x7f48805235a0>,81,15,[3 5],82,200,215,118,188
1,<environment.Job instance at 0x7f487bdcb5f0>,82,2,[5 3],83,200,202,117,189
1,<environment.Job instance at 0x7f487bdcbaf0>,84,15,[10  3],85,215,230,130,202
1,<environment.Job instance at 0x7f4880523690>,5,2,[1 7],6,6,8,0,6
1,<environment.Job instance at 0x7f488044cc80>,3,16,[10  1],4,8,24,4,7
1,<environment.Job instance at 0x7f48800e24b0>,7,14,[9 1],8,24,38,16,9
1,<environment.Job instance at 0x7f48800e2f00>,8,14,[4 7],9,44,58,35,44
1,<environment.Job instance at 0x7f4884e663c0>,9,2,[4 6],10,58,60,48,45
1,<environment.Job instance at 0x7f4880189230>,13,3,[ 3 10],14,60,63,46,45
1,<environment.Job instance at 0x7f4839e8cd20>,12,12,[7 2],13,63,75,50,46
1,<environment.Job instance at 0x7f488019ce60>,16,3,[5 6],17,75,78,58,62
1,<environment.Job instance at 0x7f4839fa8aa0>,18,1,[7 4],19,78,79,59,62
1,<environment.Job instance at 0x7f48399bc4b0>,23,12,[6 3],24,79,91,55,68
1,<environment.Job instance at 0x7f487beb7370>,27,3,[6 5],28,91,94,63,68
1,<environment.Job instance at 0x7f4880568870>,31,17,[ 3 10],32,94,111,62,84
1,<environment.Job instance at 0x7f4839bb59b0>,35,13,[3 7],36,111,124,75,95
1,<environment.Job instance at 0x7f4884fa9d20>,44,18,[7 5],45,124,142,79,115
1,<environment.Job instance at 0x7f4880008780>,47,16,[7 4],48,142,158,94,129
1,<environment.Job instance at 0x7f4880008910>,50,2,[ 4 10],51,158,160,107,146
1,<environment.Job instance at 0x7f4880074780>,14,19,[6 5],15,160,179,145,150
1,<environment.Job instance at 0x7f48804971e0>,57,17,[8 2],58,179,196,121,167
1,<environment.Job instance at 0x7f48804978c0>,62,18,[5 5],63,196,214,133,185
1,<environment.Job instance at 0x7f487bba7fa0>,66,12,[1 9],67,214,226,147,197
1,<environment.Job instance at 0x7f487ba245a0>,73,16,[1 8],74,226,242,152,213
1,<environment.Job instance at 0x7f488060daf0>,77,12,[5 5],78,242,254,164,225
1,<environment.Job instance at 0x7f4839d8cc30>,2,12,[7 5],3,5,17,2,5
1,<environment.Job instance at 0x7f48802e43c0>,5,3,[2 5],6,6,9,0,6
1,<environment.Job instance at 0x7f48802e4be0>,8,1,[ 2 10],9,17,18,8,10
1,<environment.Job instance at 0x7f48802e4af0>,6,17,[10  5],7,18,35,11,11
1,<environment.Job instance at 0x7f48802e4410>,10,14,[5 1],11,36,50,25,36
1,<environment.Job instance at 0x7f4839b80b40>,19,18,[1 5],20,55,73,35,55
1,<environment.Job instance at 0x7f4839b22280>,4,1,[5 7],5,73,74,68,56
1,<environment.Job instance at 0x7f4839b80d20>,22,1,[ 3 10],23,74,75,51,59
1,<environment.Job instance at 0x7f4839b80b90>,21,14,[10  4],22,75,89,53,60
1,<environment.Job instance at 0x7f4839b80780>,30,14,[2 7],31,89,103,58,88
1,<environment.Job instance at 0x7f4880559be0>,33,1,[3 5],34,112,113,78,112
1,<environment.Job instance at 0x7f4880559cd0>,34,3,[10  1],35,113,116,78,112
1,<environment.Job instance at 0x7f4880559f00>,35,1,[10  4],36,116,117,80,113
1,<environment.Job instance at 0x7f4880559af0>,36,1,[1 6],37,117,118,80,113
1,<environment.Job instance at 0x7f4880559820>,37,15,[3 5],38,118,133,80,113
1,<environment.Job instance at 0x7f4839d8c780>,3,17,[10  5],4,145,162,141,145
1,<environment.Job instance at 0x7f4839b80cd0>,23,13,[6 4],24,162,175,138,148
1,<environment.Job instance at 0x7f4880559eb0>,44,15,[9 1],45,175,190,130,161
1,<environment.Job instance at 0x7f4839b806e0>,18,24,[7 4],19,190,214,171,185
1,<environment.Job instance at 0x7f4839b2ee10>,48,3,[6 2],49,214,217,165,188
1,<environment.Job instance at 0x7f4839b2e9b0>,47,12,[3 5],48,190,202,142,188
1,<environment.Job instance at 0x7f4839a74c80>,52,14,[5 6],53,217,231,164,202
1,<environment.Job instance at 0x7f4839a74820>,53,13,[2 7],54,232,245,178,232
1,<environment.Job instance at 0x7f4839b2e140>,50,13,[1 5],51,245,258,194,232
1,<environment.Job instance at 0x7f4884b8af00>,59,1,[8 5],60,245,246,185,233
1,<environment.Job instance at 0x7f4839a74460>,57,17,[7 2],58,246,263,188,235
1,<environment.Job instance at 0x7f4839b95c80>,7,12,[5 5],8,9,21,1,9
1,<environment.Job instance at 0x7f4839b875f0>,9,14,[8 1],10,21,35,11,10
1,<environment.Job instance at 0x7f483a304af0>,13,14,[2 7],14,21,35,7,18
1,<environment.Job instance at 0x7f483a3020a0>,15,2,[5 1],16,18,20,2,18
1,<environment.Job instance at 0x7f483a302050>,16,2,[4 7],17,35,37,18,18
1,<environment.Job instance at 0x7f483a31f0a0>,8,16,[5 9],9,37,53,28,32
1,<environment.Job instance at 0x7f483a31fd20>,11,1,[8 4],12,53,54,41,32
1,<environment.Job instance at 0x7f487ffa74b0>,25,14,[3 5],26,54,68,28,51
1,<environment.Job instance at 0x7f487ffa7190>,27,16,[ 2 10],28,68,84,40,56
1,<environment.Job instance at 0x7f487ffa7870>,33,2,[5 6],34,84,86,50,66
1,<environment.Job instance at 0x7f4839fef1e0>,37,18,[3 7],38,86,104,48,76
1,<environment.Job instance at 0x7f4839fef3c0>,44,15,[ 5 10],45,104,119,59,91
1,<environment.Job instance at 0x7f4839fef550>,50,16,[9 3],51,119,135,68,110
1,<environment.Job instance at 0x7f483a2ff910>,57,16,[5 9],58,146,162,88,146
1,<environment.Job instance at 0x7f4839fd8550>,61,17,[4 6],62,162,179,100,154
1,<environment.Job instance at 0x7f4839fd8050>,66,3,[3 8],67,179,182,112,165
1,<environment.Job instance at 0x7f4839fd8c80>,67,3,[3 5],68,182,185,114,165
1,<environment.Job instance at 0x7f4839fd8140>,69,3,[3 5],70,182,185,112,168
1,<environment.Job instance at 0x7f487ffa7cd0>,29,14,[3 9],30,185,199,155,181
1,<environment.Job instance at 0x7f4839fd8640>,73,14,[8 4],74,199,213,125,184
1,<environment.Job instance at 0x7f4839fd8cd0>,76,1,[8 5],77,213,214,136,189
1,<environment.Job instance at 0x7f4839fe4cd0>,79,12,[1 5],80,199,211,119,197
1,<environment.Job instance at 0x7f4839fe4550>,80,3,[2 6],81,214,217,133,197
1,<environment.Job instance at 0x7f4839fe44b0>,81,18,[1 8],82,217,235,135,206
1,<environment.Job instance at 0x7f4839fe4410>,86,2,[5 2],87,214,216,127,214
1,<environment.Job instance at 0x7f2011f7c190>,0,18,[ 2 10],1,1,19,0,1
1,<environment.Job instance at 0x7f200ab6c690>,9,17,[ 4 10],10,19,36,9,10
1,<environment.Job instance at 0x7f200ab6cdc0>,17,3,[10  3],18,36,39,18,22
1,<environment.Job instance at 0x7f200ab6ceb0>,18,16,[8 5],19,39,55,20,26
1,<environment.Job instance at 0x7f200ab700a0>,20,1,[3 7],21,55,56,34,30
1,<environment.Job instance at 0x7f200ab700f0>,21,3,[ 2 10],22,56,59,34,30
1,<environment.Job instance at 0x7f200ab70460>,24,3,[5 9],25,59,62,34,37
1,<environment.Job instance at 0x7f200ab70230>,25,3,[1 6],26,62,65,36,37
1,<environment.Job instance at 0x7f200ab70dc0>,32,17,[9 3],33,62,79,29,50
1,<environment.Job instance at 0x7f200ab71460>,38,12,[3 6],39,79,91,40,64
1,<environment.Job instance at 0x7f200ab71640>,41,14,[6 1],42,79,93,37,65
1,<environment.Job instance at 0x7f200ab6c280>,7,14,[5 1],8,93,107,85,78
1,<environment.Job instance at 0x7f200ab71a50>,46,3,[5 4],47,93,96,46,87
1,<environment.Job instance at 0x7f200ab71e60>,48,13,[6 1],49,107,120,58,95
1,<environment.Job instance at 0x7f200ab71d70>,49,2,[1 9],50,96,98,46,95
1,<environment.Job instance at 0x7f200ab71b90>,47,1,[2 6],48,102,103,54,102
1,<environment.Job instance at 0x7f200ab71af0>,45,16,[6 2],46,120,136,74,107
1,<environment.Job instance at 0x7f200ab74190>,51,2,[4 9],52,107,109,55,107
1,<environment.Job instance at 0x7f200ab74230>,54,14,[1 7],55,109,123,54,107
1,<environment.Job instance at 0x7f200ab742d0>,55,17,[4 7],56,123,140,67,111
1,<environment.Job instance at 0x7f200ab74780>,63,15,[1 5],64,140,155,76,133
1,<environment.Job instance at 0x7f200ab74e60>,64,12,[6 1],65,136,148,71,135
1,<environment.Job instance at 0x7f200ab74f50>,65,13,[3 5],66,148,161,82,135
1,<environment.Job instance at 0x7f200ab74d70>,66,3,[ 2 10],67,161,164,94,135
1,<environment.Job instance at 0x7f200ab76320>,70,18,[5 5],71,172,190,101,172
1,<environment.Job instance at 0x7f200ab76460>,72,14,[9 1],73,190,204,117,177
1,<environment.Job instance at 0x7f200ab76910>,79,17,[2 7],80,204,221,124,192
1,<environment.Job instance at 0x7f200ab76b90>,84,12,[3 5],85,221,233,136,204
1,<environment.Job instance at 0x7f200ab86460>,2,16,[6 2],3,7,23,4,7
1,<environment.Job instance at 0x7f200ab85cd0>,7,17,[3 8],8,8,25,0,8
1,<environment.Job instance at 0x7f200ab85e10>,8,16,[3 9],9,25,41,16,12
1,<environment.Job instance at 0x7f1fc6f680a0>,14,13,[1 9],15,41,54,26,26
1,<environment.Job instance at 0x7f1fc6f68820>,13,15,[4 8],14,54,69,40,40
1,<environment.Job instance at 0x7f1fc6f6a410>,23,12,[1 7],24,69,81,45,52
1,<environment.Job instance at 0x7f1fc6f68320>,15,3,[5 5],16,81,84,65,56
1,<environment.Job instance at 0x7f1fc6f6af50>,26,1,[7 4],27,84,85,57,57
1,<environment.Job instance at 0x7f1fc6f6aeb0>,27,13,[ 4 10],28,85,98,57,69
1,<environment.Job instance at 0x7f1fc6f6d5a0>,34,12,[5 7],35,98,110,63,81
1,<environment.Job instance at 0x7f1fc6f45d70>,28,14,[4 7],29,110,124,81,96
1,<environment.Job instance at 0x7f1fc6f6c6e0>,38,14,[8 5],39,124,138,85,109
1,<environment.Job instance at 0x7f200ab76780>,4,2,[8 5],5,138,140,133,115
1,<environment.Job instance at 0x7f1fc6f6c140>,43,3,[5 4],44,140,143,96,115
1,<environment.Job instance at 0x7f1fc6f6cf00>,47,3,[4 9],48,143,146,95,118
1,<environment.Job instance at 0x7f1fc6f62eb0>,48,2,[ 3 10],49,146,148,97,119
1,<environment.Job instance at 0x7f1fc6f670a0>,54,17,[10  2],55,148,165,93,145
1,<environment.Job instance at 0x7f1fc6f67870>,60,17,[2 9],61,169,186,108,169
1,<environment.Job instance at 0x7f1fc6f80a00>,65,17,[8 1],66,177,194,111,177
1,<environment.Job instance at 0x7f1fc6f80230>,66,16,[7 2],67,194,210,127,181
1,<environment.Job instance at 0x7f1fc705b460>,69,1,[9 2],70,210,211,140,186
1,<environment.Job instance at 0x7f1fc717a050>,70,2,[4 5],71,211,213,140,186
1,<environment.Job instance at 0x7f1fc7223eb0>,75,17,[3 5],76,211,228,135,209
1,<environment.Job instance at 0x7f1fc7187460>,79,12,[5 4],80,219,231,139,219
1,<environment.Job instance at 0x7f1fc7057e10>,80,15,[7 4],81,231,246,150,221
1,<environment.Job instance at 0x7f200ab86dc0>,1,2,[3 8],2,2,4,0,2
1,<environment.Job instance at 0x7f1fc6de3730>,5,18,[9 5],6,7,25,1,7
1,<environment.Job instance at 0x7f1fc6dcf9b0>,7,17,[7 5],8,25,42,17,13
1,<environment.Job instance at 0x7f1fc6e92dc0>,17,14,[7 1],18,42,56,24,27
1,<environment.Job instance at 0x7f1fc6dcff00>,9,1,[8 5],10,56,57,46,56
1,<environment.Job instance at 0x7f200a8df9b0>,23,15,[7 4],24,57,72,33,56
1,<environment.Job instance at 0x7f200aced230>,24,3,[5 8],25,72,75,47,56
1,<environment.Job instance at 0x7f200a947500>,25,2,[2 6],26,57,59,31,57
1,<environment.Job instance at 0x7f200b08efa0>,28,2,[1 7],29,75,77,46,57
1,<environment.Job instance at 0x7f1fc6dbe0f0>,29,3,[8 4],30,77,80,47,57
1,<environment.Job instance at 0x7f2011f53230>,33,13,[2 5],34,77,90,43,71
1,<environment.Job instance at 0x7f200aa15050>,31,16,[2 8],32,90,106,58,89
1,<environment.Job instance at 0x7f20120f0aa0>,36,2,[3 5],37,106,108,69,89
1,<environment.Job instance at 0x7f1fc6f2eaa0>,37,2,[9 1],38,108,110,70,90
1,<environment.Job instance at 0x7f200d1032d0>,35,1,[5 7],36,110,111,74,91
1,<environment.Job instance at 0x7f200d0affa0>,30,13,[ 4 10],31,111,124,80,95
1,<environment.Job instance at 0x7f1fc6f2e190>,38,14,[10  4],39,124,138,85,110
1,<environment.Job instance at 0x7f1fc6f2efa0>,43,1,[2 8],44,138,139,94,110
1,<environment.Job instance at 0x7f1fc6f2ec80>,47,2,[5 9],48,139,141,91,113
1,<environment.Job instance at 0x7f20120ed3c0>,52,15,[7 3],53,141,156,88,129
1,<environment.Job instance at 0x7f20120ed6e0>,55,16,[2 6],56,141,157,85,136
1,<environment.Job instance at 0x7f1fc6dc62d0>,57,16,[ 3 10],58,157,173,99,144
1,<environment.Job instance at 0x7f20120edf00>,51,14,[3 6],52,173,187,121,159
1,<environment.Job instance at 0x7f200acf1870>,62,2,[1 5],63,187,189,124,160
1,<environment.Job instance at 0x7f20120eec30>,65,12,[2 5],66,187,199,121,170
1,<environment.Job instance at 0x7f1fc6ea6d70>,69,18,[ 2 10],70,199,217,129,188
1,<environment.Job instance at 0x7f200ada74b0>,76,15,[4 9],77,217,232,140,203
1,<environment.Job instance at 0x7f1fc6ea66e0>,71,18,[3 8],72,232,250,160,222
1,<environment.Job instance at 0x7f1fc6ea6af0>,70,17,[7 1],71,232,249,161,223
1,<environment.Job instance at 0x7f200ab7b6e0>,2,17,[10  3],3,4,21,1,4
1,<environment.Job instance at 0x7f200d8539b0>,10,13,[3 8],11,21,34,10,11
1,<environment.Job instance at 0x7f200d171c30>,17,13,[6 5],18,34,47,16,26
1,<environment.Job instance at 0x7f200acbcd20>,18,2,[7 3],19,47,49,28,27
1,<environment.Job instance at 0x7f200abf5a00>,20,2,[6 5],21,49,51,28,30
1,<environment.Job instance at 0x7f200ac40f00>,25,14,[7 3],26,55,69,29,55
1,<environment.Job instance at 0x7f200abf51e0>,22,12,[4 9],23,78,90,55,78
1,<environment.Job instance at 0x7f200acb29b0>,32,3,[1 7],33,90,93,57,81
1,<environment.Job instance at 0x7f200ac3f960>,36,14,[8 1],37,90,104,53,83
1,<environment.Job instance at 0x7f200a9c7820>,40,14,[ 4 10],41,104,118,63,97
1,<environment.Job instance at 0x7f200abc4550>,44,2,[4 9],45,118,120,73,103
1,<environment.Job instance at 0x7f200abc45f0>,45,2,[7 5],46,120,122,74,103
1,<environment.Job instance at 0x7f200abc4500>,46,18,[8 2],47,122,140,75,111
1,<environment.Job instance at 0x7f200d17ec80>,58,14,[3 8],59,144,158,85,144
1,<environment.Job instance at 0x7f200acc8af0>,59,3,[3 6],60,158,161,98,145
1,<environment.Job instance at 0x7f200d17e050>,60,3,[7 3],61,158,161,97,145
1,<environment.Job instance at 0x7f200ac3fa50>,37,12,[10  4],38,161,173,123,147
1,<environment.Job instance at 0x7f200abdf500>,62,12,[3 8],63,173,185,110,156
1,<environment.Job instance at 0x7f200abdf640>,64,13,[1 9],65,185,198,120,177
1,<environment.Job instance at 0x7f200aba5a00>,73,1,[8 5],74,198,199,124,178
1,<environment.Job instance at 0x7f200aba5870>,76,14,[ 5 10],77,199,213,122,198
1,<environment.Job instance at 0x7f200abda5f0>,1,3,[5 9],2,2,5,0,2
1,<environment.Job instance at 0x7f200ad17500>,3,3,[5 5],4,5,8,1,5
1,<environment.Job instance at 0x7f200aca0460>,5,13,[3 9],6,8,21,2,6
1,<environment.Job instance at 0x7f1fc71cae10>,8,17,[2 6],9,21,38,12,10
1,<environment.Job instance at 0x7f200abcb140>,15,13,[8 5],16,38,51,22,24
1,<environment.Job instance at 0x7f200abcb9b0>,18,16,[6 5],19,51,67,32,38
1,<environment.Job instance at 0x7f200a979050>,26,15,[9 1],27,67,82,40,53
1,<environment.Job instance at 0x7f200afb7690>,31,13,[6 5],32,82,95,50,66
1,<environment.Job instance at 0x7f1fc7230af0>,38,17,[7 2],39,95,112,56,83
1,<environment.Job instance at 0x7f200afbf5a0>,44,15,[7 3],45,112,127,67,100
1,<environment.Job instance at 0x7f200afbf780>,48,2,[4 5],49,127,129,78,108
1,<environment.Job instance at 0x7f200afbf0a0>,50,17,[2 6],51,108,125,57,108
1,<environment.Job instance at 0x7f200afbf640>,51,2,[5 7],52,129,131,77,108
1,<environment.Job instance at 0x7f200afd31e0>,53,1,[4 9],54,131,132,77,108
1,<environment.Job instance at 0x7f200afbdb90>,54,12,[3 5],55,132,144,77,115
1,<environment.Job instance at 0x7f200afd3820>,62,15,[10  1],63,144,159,81,134
1,<environment.Job instance at 0x7f200afd80a0>,66,14,[1 7],67,159,173,92,144
1,<environment.Job instance at 0x7f200aba3b90>,13,17,[5 3],14,162,179,148,162
1,<environment.Job instance at 0x7f200afd8cd0>,71,2,[2 6],72,173,175,101,162
1,<environment.Job instance at 0x7f200afd4190>,74,16,[9 4],75,183,199,108,183
1,<environment.Job instance at 0x7f200afd45f0>,75,3,[1 9],76,199,202,123,183
1,<environment.Job instance at 0x7f200afd4550>,78,17,[3 9],79,202,219,123,190
1,<environment.Job instance at 0x7f200afcef50>,82,3,[1 9],83,219,222,136,200
1,<environment.Job instance at 0x7f200afaafa0>,86,12,[1 5],87,222,234,135,206
1,<environment.Job instance at 0x7f1fc71819b0>,88,14,[9 1],89,219,233,130,210
1,<environment.Job instance at 0x7f200d235910>,1,18,[4 8],2,2,20,0,2
1,<environment.Job instance at 0x7f200d5addc0>,3,3,[8 4],4,20,23,16,4
1,<environment.Job instance at 0x7f1fc71c9050>,4,14,[3 8],5,23,37,18,8
1,<environment.Job instance at 0x7f1fc71c9e10>,8,18,[4 6],9,37,55,28,26
1,<environment.Job instance at 0x7f1fc71c9640>,13,13,[7 4],14,55,68,41,39
1,<environment.Job instance at 0x7f1fc71c9370>,21,16,[5 7],22,68,84,46,55
1,<environment.Job instance at 0x7f200aa217d0>,25,14,[4 6],26,84,98,58,71
1,<environment.Job instance at 0x7f200aa21cd0>,36,14,[6 4],37,84,98,47,72
1,<environment.Job instance at 0x7f200abc37d0>,5,12,[10  1],6,98,110,92,82
1,<environment.Job instance at 0x7f200d5fa820>,41,17,[2 7],42,110,127,68,98
1,<environment.Job instance at 0x7f200afe6f00>,51,3,[3 9],52,127,130,75,112
1,<environment.Job instance at 0x7f200afe6fa0>,53,18,[5 5],54,130,148,76,119
1,<environment.Job instance at 0x7f200afe69b0>,54,16,[5 5],55,133,149,78,133
1,<environment.Job instance at 0x7f200afe6b40>,56,13,[3 9],57,149,162,92,133
1,<environment.Job instance at 0x7f1fc71c92d0>,19,16,[7 2],20,162,178,142,150
1,<environment.Job instance at 0x7f200d623a00>,63,12,[2 6],64,162,174,98,150
1,<environment.Job instance at 0x7f200d6233c0>,65,1,[5 8],66,178,179,112,152
1,<environment.Job instance at 0x7f200d623960>,68,16,[8 3],69,179,195,110,166
1,<environment.Job instance at 0x7f200d8216e0>,73,1,[10  1],74,195,196,121,184
1,<environment.Job instance at 0x7f200d821690>,74,17,[9 2],75,196,213,121,184
1,<environment.Job instance at 0x7f200d821500>,76,2,[5 9],77,214,216,137,214
1,<environment.Job instance at 0x7f200d821b40>,80,3,[5 7],81,216,219,135,214
1,<environment.Job instance at 0x7f200d5d3f50>,81,1,[7 3],82,219,220,137,214
1,<environment.Job instance at 0x7f200d5d3d70>,82,18,[4 7],83,220,238,137,214
1,<environment.Job instance at 0x7f200d821960>,79,14,[5 1],80,220,234,140,214
1,<environment.Job instance at 0x7f1fc74b0780>,2,2,[3 6],3,4,6,1,4
1,<environment.Job instance at 0x7f200ac1bdc0>,6,3,[5 8],7,7,10,0,7
1,<environment.Job instance at 0x7f200d12b640>,12,3,[5 9],13,14,17,1,14
1,<environment.Job instance at 0x7f200d12b320>,13,16,[8 1],14,17,33,3,14
1,<environment.Job instance at 0x7f200ac8f870>,16,12,[3 9],17,33,45,16,18
1,<environment.Job instance at 0x7f200d140870>,18,16,[4 8],19,45,61,26,33
1,<environment.Job instance at 0x7f200d1c21e0>,25,16,[10  5],26,61,77,35,51
1,<environment.Job instance at 0x7f1fc7313af0>,32,1,[5 1],33,77,78,44,70
1,<environment.Job instance at 0x7f200d1c2550>,27,16,[1 7],28,77,93,49,70
1,<environment.Job instance at 0x7f200ab39730>,36,3,[6 1],37,78,81,41,70
1,<environment.Job instance at 0x7f200af106e0>,34,13,[8 2],35,81,94,46,70
1,<environment.Job instance at 0x7f200aabb460>,41,12,[3 7],42,94,106,52,79
1,<environment.Job instance at 0x7f200aabb910>,43,3,[10  3],44,106,109,62,106
1,<environment.Job instance at 0x7f200aabb0f0>,47,1,[7 3],48,109,110,61,106
1,<environment.Job instance at 0x7f200d12b550>,15,23,[8 4],16,110,133,94,106
1,<environment.Job instance at 0x7f200aadb640>,50,3,[5 3],51,133,136,82,108
1,<environment.Job instance at 0x7f1fc71bdaa0>,54,15,[4 8],55,136,151,81,123
1,<environment.Job instance at 0x7f1fc7229b90>,59,17,[ 1 10],60,151,168,91,140
1,<environment.Job instance at 0x7f200d2de780>,63,12,[3 8],64,168,180,104,158
1,<environment.Job instance at 0x7f1fc7229410>,66,3,[7 4],67,180,183,113,158
1,<environment.Job instance at 0x7f1fc73d7b90>,71,3,[9 1],72,183,186,111,169
1,<environment.Job instance at 0x7f200d0fd190>,72,13,[9 1],73,186,199,113,170
1,<environment.Job instance at 0x7f200d0fd460>,74,13,[4 8],75,199,212,124,186
1,<environment.Job instance at 0x7f1fc7317370>,79,15,[2 6],80,212,227,132,199
1,<environment.Job instance at 0x7f1fc7331370>,82,13,[2 9],83,227,240,144,213
1,<environment.Job instance at 0x7f1fc6e156e0>,84,3,[4 5],85,240,243,155,218
1,<environment.Job instance at 0x7f200d238690>,6,17,[2 5],7,7,24,0,7
1,<environment.Job instance at 0x7f1fc6e156e0>,5,1,[5 9],6,24,25,18,7
1,<environment.Job instance at 0x7f200d235be0>,8,12,[9 3],9,25,37,16,11
1,<environment.Job instance at 0x7f200ae14780>,9,13,[6 4],10,37,50,27,21
1,<environment.Job instance at 0x7f200abbd2d0>,19,18,[7 5],20,51,69,31,51
1,<environment.Job instance at 0x7f1fc6f835f0>,21,14,[5 8],22,69,83,47,54
1,<environment.Job instance at 0x7f1fc748f910>,27,3,[1 9],28,83,86,55,67
1,<environment.Job instance at 0x7f1fc748fa50>,28,13,[4 6],29,86,99,57,70
1,<environment.Job instance at 0x7f1fc748fd20>,32,3,[8 1],33,83,86,50,81
1,<environment.Job instance at 0x7f1fc74b3140>,38,17,[9 5],39,102,119,63,102
1,<environment.Job instance at 0x7f1fc74b33c0>,42,14,[4 6],43,119,133,76,117
1,<environment.Job instance at 0x7f1fc74b34b0>,43,17,[9 1],44,133,150,89,121
1,<environment.Job instance at 0x7f1fc74b3aa0>,50,15,[5 5],51,150,165,99,136
1,<environment.Job instance at 0x7f1fc74990a0>,61,3,[1 8],62,178,181,116,178
1,<environment.Job instance at 0x7f1fc7499320>,63,3,[3 8],64,197,200,133,197
1,<environment.Job instance at 0x7f1fc7499730>,67,12,[5 9],68,205,217,137,205
1,<environment.Job instance at 0x7f1fc7499a00>,71,16,[3 9],72,217,233,145,208
1,<environment.Job instance at 0x7f1fc7499d20>,76,18,[6 4],77,233,251,156,222
1,<environment.Job instance at 0x7f200d348a00>,3,13,[8 4],4,5,18,1,5
1,<environment.Job instance at 0x7f200d348820>,5,16,[7 3],6,18,34,12,8
1,<environment.Job instance at 0x7f200d6bba50>,12,16,[5 4],13,34,50,21,21
1,<environment.Job instance at 0x7f1fc720cf00>,19,14,[5 1],20,34,48,14,30
1,<environment.Job instance at 0x7f1fc720c500>,21,2,[ 5 10],22,50,52,28,32
1,<environment.Job instance at 0x7f200aaa6140>,22,14,[7 3],23,52,66,29,37
1,<environment.Job instance at 0x7f1fc720cd70>,18,2,[1 9],19,66,68,47,41
1,<environment.Job instance at 0x7f1fc720c280>,25,3,[9 2],26,68,71,42,42
1,<environment.Job instance at 0x7f200b026050>,28,3,[10  4],29,71,74,42,55
1,<environment.Job instance at 0x7f200d65caa0>,29,18,[6 2],30,74,92,44,63
1,<environment.Job instance at 0x7f200d363f50>,35,14,[5 7],36,92,106,56,77
1,<environment.Job instance at 0x7f200d5b9280>,23,3,[6 2],24,106,109,82,80
1,<environment.Job instance at 0x7f200d2804b0>,39,2,[8 2],40,109,111,69,82
1,<environment.Job instance at 0x7f200d238a00>,43,1,[7 3],44,111,112,67,86
1,<environment.Job instance at 0x7f200ae14a00>,44,2,[2 5],45,88,90,43,88
1,<environment.Job instance at 0x7f200ae14d70>,46,18,[5 5],47,112,130,65,101
1,<environment.Job instance at 0x7f1fc72ad9b0>,52,18,[3 8],53,130,148,77,121
1,<environment.Job instance at 0x7f1fc730e550>,63,12,[5 4],64,148,160,84,131
1,<environment.Job instance at 0x7f200ad58e10>,67,15,[3 6],68,148,163,80,135
1,<environment.Job instance at 0x7f200ad58280>,69,3,[ 3 10],70,163,166,93,137
1,<environment.Job instance at 0x7f200ad58190>,73,13,[5 6],74,166,179,92,158
1,<environment.Job instance at 0x7f200ad585a0>,74,13,[3 6],75,179,192,104,163
1,<environment.Job instance at 0x7f200d14d4b0>,80,3,[ 4 10],81,192,195,111,174
1,<environment.Job instance at 0x7f200d348190>,7,13,[10  4],8,195,208,187,179
1,<environment.Job instance at 0x7f200d14d6e0>,84,17,[2 7],85,208,225,123,196
1,<environment.Job instance at 0x7f200d724b40>,1,1,[10  1],2,2,3,0,2
1,<environment.Job instance at 0x7f200ac8f190>,8,16,[9 1],9,15,31,6,15
1,<environment.Job instance at 0x7f1fc71c6690>,12,2,[10  3],13,40,42,27,40
1,<environment.Job instance at 0x7f1fc71c65f0>,13,1,[1 7],14,42,43,28,40
1,<environment.Job instance at 0x7f1fc7222fa0>,24,17,[10  5],25,100,117,75,100
1,<environment.Job instance at 0x7f200d356870>,27,15,[ 4 10],28,117,132,89,104
1,<environment.Job instance at 0x7f200abe6fa0>,33,13,[3 9],34,132,145,98,116
1,<environment.Job instance at 0x7f200af56a50>,43,2,[2 6],44,145,147,101,137
1,<environment.Job instance at 0x7f200af56410>,44,18,[7 1],45,137,155,92,137
1,<environment.Job instance at 0x7f200b01d910>,48,15,[3 8],49,147,162,98,137
1,<environment.Job instance at 0x7f1fc7303910>,56,16,[1 5],57,176,192,119,176
1,<environment.Job instance at 0x7f1fc73033c0>,57,2,[5 2],58,176,178,118,176
1,<environment.Job instance at 0x7f1fc7303280>,58,13,[10  4],59,192,205,133,176
1,<environment.Job instance at 0x7f1fc73034b0>,59,19,[2 5],60,205,224,145,195
1,<environment.Job instance at 0x7f1fc73038c0>,62,3,[4 6],63,224,227,161,198
1,<environment.Job instance at 0x7f1fc73035a0>,63,1,[5 5],64,205,206,141,201
1,<environment.Job instance at 0x7f1fc7303e10>,66,15,[ 3 10],67,227,242,160,213
1,<environment.Job instance at 0x7f200d1231e0>,71,12,[5 8],72,242,254,170,227
1,<environment.Job instance at 0x7f200d2f12d0>,3,3,[10  2],4,4,7,0,4
1,<environment.Job instance at 0x7f1fc74241e0>,5,14,[4 8],6,7,21,1,6
1,<environment.Job instance at 0x7f200abed9b0>,8,18,[10  4],9,21,39,12,10
1,<environment.Job instance at 0x7f200d51a1e0>,17,1,[10  1],18,39,40,21,24
1,<environment.Job instance at 0x7f200d51a5f0>,18,3,[2 6],19,40,43,21,26
1,<environment.Job instance at 0x7f200ad87500>,16,16,[ 1 10],17,43,59,26,30
1,<environment.Job instance at 0x7f1fc7158c30>,23,12,[3 9],24,59,71,35,42
1,<environment.Job instance at 0x7f1fc7158f00>,26,15,[5 9],27,71,86,44,57
1,<environment.Job instance at 0x7f1fc713a230>,31,12,[8 1],32,86,98,54,75
1,<environment.Job instance at 0x7f200d51a230>,19,15,[ 5 10],20,98,113,78,84
1,<environment.Job instance at 0x7f1fc713a820>,40,13,[8 3],41,113,126,72,97
1,<environment.Job instance at 0x7f1fc713adc0>,46,13,[ 2 10],47,126,139,79,111
1,<environment.Job instance at 0x7f1fc715e050>,51,12,[5 3],52,139,151,87,125
1,<environment.Job instance at 0x7f1fc713a460>,36,15,[3 9],37,151,166,114,137
1,<environment.Job instance at 0x7f1fc715e4b0>,56,2,[ 1 10],57,166,168,109,139
1,<environment.Job instance at 0x7f1fc715e500>,59,1,[5 6],60,168,169,108,163
1,<environment.Job instance at 0x7f1fc715efa0>,72,18,[4 8],73,180,198,107,180
1,<environment.Job instance at 0x7f1fc7156280>,78,12,[10  4],79,198,210,119,193
1,<environment.Job instance at 0x7f1fc7156550>,80,2,[5 4],81,210,212,129,198
1,<environment.Job instance at 0x7f1fc7156230>,83,3,[6 1],84,212,215,128,200
1,<environment.Job instance at 0x7f1fc7156a50>,84,1,[7 3],85,215,216,130,200
1,<environment.Job instance at 0x7f1fc71569b0>,85,3,[8 1],86,216,219,130,200
1,<environment.Job instance at 0x7f1fc7156960>,86,2,[5 9],87,219,221,132,200
1,<environment.Job instance at 0x7f1fc7156b90>,88,3,[6 2],89,221,224,132,200
1,<environment.Job instance at 0x7f1fc7156dc0>,93,14,[ 5 10],94,224,238,130,209
1,<environment.Job instance at 0x7f200ab2a780>,12,2,[5 4],13,23,25,10,23
1,<environment.Job instance at 0x7f200ab2a9b0>,13,15,[ 3 10],14,25,40,11,23
1,<environment.Job instance at 0x7f200ab2ac80>,15,14,[7 5],16,40,54,24,25
1,<environment.Job instance at 0x7f200ac1bb40>,19,1,[9 3],20,54,55,34,36
1,<environment.Job instance at 0x7f1fc6e51910>,22,12,[8 2],23,55,67,32,39
1,<environment.Job instance at 0x7f200ae5f640>,32,1,[1 5],33,86,87,53,86
1,<environment.Job instance at 0x7f200d476230>,10,13,[5 8],11,87,100,76,86
1,<environment.Job instance at 0x7f200ae5f5a0>,33,12,[6 5],34,100,112,66,86
1,<environment.Job instance at 0x7f200a8d5730>,40,15,[1 8],41,112,127,71,98
1,<environment.Job instance at 0x7f200ae985f0>,45,2,[8 1],46,112,114,66,103
1,<environment.Job instance at 0x7f200ae5ffa0>,34,2,[3 6],35,127,129,92,103
1,<environment.Job instance at 0x7f200ae98aa0>,50,12,[9 4],51,129,141,78,114
1,<environment.Job instance at 0x7f200aea9a00>,53,16,[ 5 10],54,141,157,87,128
1,<environment.Job instance at 0x7f200aea9be0>,59,3,[3 5],60,157,160,97,142
1,<environment.Job instance at 0x7f200aa1e500>,61,13,[5 8],62,160,173,98,144
1,<environment.Job instance at 0x7f200aa1e780>,63,13,[6 5],64,173,186,109,168
1,<environment.Job instance at 0x7f200aa1e6e0>,64,2,[1 5],65,173,175,108,168
1,<environment.Job instance at 0x7f200ae98a00>,48,1,[3 6],49,186,187,137,175
1,<environment.Job instance at 0x7f200aa1e7d0>,67,18,[ 1 10],68,187,205,119,176
1,<environment.Job instance at 0x7f200d532690>,76,14,[10  3],77,205,219,128,198
1,<environment.Job instance at 0x7f200aadf370>,80,14,[6 1],81,219,233,138,204
1,<environment.Job instance at 0x7f1fc7077320>,82,3,[8 4],83,233,236,150,208
1,<environment.Job instance at 0x7f1fc7077af0>,1,3,[2 9],2,2,5,0,2
1,<environment.Job instance at 0x7f200d25ec80>,2,18,[2 5],3,5,23,2,4
1,<environment.Job instance at 0x7f200d11dfa0>,6,14,[2 6],7,23,37,16,8
1,<environment.Job instance at 0x7f200ac1b5a0>,12,15,[10  3],13,37,52,24,24
1,<environment.Job instance at 0x7f1fc70e6fa0>,16,14,[6 2],17,52,66,35,37
1,<environment.Job instance at 0x7f1fc70e6870>,19,14,[4 7],20,52,66,32,38
1,<environment.Job instance at 0x7f1fc70e6eb0>,24,14,[5 6],25,66,80,41,51
1,<environment.Job instance at 0x7f200aefe780>,31,13,[1 7],32,80,93,48,79
1,<environment.Job instance at 0x7f200ac1b640>,10,16,[1 6],11,93,109,82,80
1,<environment.Job instance at 0x7f200aa3dc80>,35,2,[5 2],36,104,106,68,104
1,<environment.Job instance at 0x7f200aa3d0a0>,34,14,[5 3],35,106,120,71,104
1,<environment.Job instance at 0x7f200aefec80>,28,21,[2 5],29,109,130,80,105
1,<environment.Job instance at 0x7f200d523280>,43,3,[3 6],44,130,133,86,119
1,<environment.Job instance at 0x7f200d523640>,46,14,[9 3],47,133,147,86,120
1,<environment.Job instance at 0x7f200d523690>,49,14,[1 8],50,147,161,97,132
1,<environment.Job instance at 0x7f200d523410>,54,2,[8 4],55,161,163,106,139
1,<environment.Job instance at 0x7f200d523320>,57,15,[8 5],58,163,178,105,149
1,<environment.Job instance at 0x7f200d2d2370>,61,3,[ 1 10],62,178,181,116,160
1,<environment.Job instance at 0x7f200d2d22d0>,65,2,[8 4],66,181,183,115,165
1,<environment.Job instance at 0x7f200d2d2050>,73,14,[6 4],74,192,206,118,192
1,<environment.Job instance at 0x7f1fc71efaf0>,75,12,[10  3],76,206,218,130,194
1,<environment.Job instance at 0x7f1fc71ef730>,79,14,[2 5],80,218,232,138,211
1,<environment.Job instance at 0x7f1fc71ef320>,83,15,[2 8],84,232,247,148,218
1,<environment.Job instance at 0x7f200d486a50>,1,1,[2 5],2,2,3,0,2
1,<environment.Job instance at 0x7f200d261460>,5,18,[4 9],6,8,26,2,8
1,<environment.Job instance at 0x7f1fc73ec460>,8,18,[6 5],9,26,44,17,15
1,<environment.Job instance at 0x7f1fc7524280>,19,2,[9 5],20,44,46,24,31
1,<environment.Job instance at 0x7f1fc6e99500>,26,2,[ 2 10],27,46,48,19,41
1,<environment.Job instance at 0x7f200d24f9b0>,27,20,[8 3],28,48,68,20,42
1,<environment.Job instance at 0x7f200d227230>,33,3,[5 2],34,68,71,34,66
1,<environment.Job instance at 0x7f200d203730>,34,12,[ 1 10],35,71,83,36,67
1,<environment.Job instance at 0x7f200ae37410>,36,12,[1 9],37,83,95,46,67
1,<environment.Job instance at 0x7f200d350640>,39,16,[8 4],40,95,111,55,82
1,<environment.Job instance at 0x7f200d884e60>,7,1,[8 1],8,89,90,81,89
1,<environment.Job instance at 0x7f200a914460>,46,12,[1 5],47,96,108,49,96
1,<environment.Job instance at 0x7f200d3431e0>,47,1,[1 9],48,111,112,63,97
1,<environment.Job instance at 0x7f200a9140f0>,48,3,[7 1],49,111,114,62,97
1,<environment.Job instance at 0x7f200b00ad70>,50,1,[5 8],51,114,115,63,100
1,<environment.Job instance at 0x7f200d21ce60>,43,16,[5 9],44,115,131,71,102
1,<environment.Job instance at 0x7f200b003780>,54,3,[5 3],55,131,134,76,113
1,<environment.Job instance at 0x7f200b00a910>,51,12,[7 5],52,134,146,82,118
1,<environment.Job instance at 0x7f200b0037d0>,57,13,[9 2],58,146,159,88,130
1,<environment.Job instance at 0x7f200d211dc0>,62,12,[9 4],63,159,171,96,142
1,<environment.Job instance at 0x7f1fc6fc5b90>,65,18,[6 4],66,171,189,105,160
1,<environment.Job instance at 0x7f200d321c30>,71,12,[4 6],72,171,183,99,170
1,<environment.Job instance at 0x7f200a926640>,74,17,[9 5],75,189,206,114,177
1,<environment.Job instance at 0x7f200aeb2910>,80,2,[1 6],81,206,208,125,188
1,<environment.Job instance at 0x7f200d30bb90>,81,17,[7 1],82,206,223,124,195
1,<environment.Job instance at 0x7f200a9261e0>,77,18,[3 7],78,208,226,130,201
1,<environment.Job instance at 0x7f1fc6e6b230>,87,2,[ 3 10],88,226,228,138,201
1,<environment.Job instance at 0x7f1fc6e6b1e0>,86,14,[2 9],87,228,242,141,213
1,<environment.Job instance at 0x7f1fc71567d0>,3,15,[9 4],4,7,22,3,7
1,<environment.Job instance at 0x7f1fc6b856e0>,11,14,[1 8],12,22,36,10,14
1,<environment.Job instance at 0x7f1fc740db40>,12,16,[6 4],13,36,52,23,24
1,<environment.Job instance at 0x7f200ac2ed20>,9,1,[8 3],10,52,53,42,28
1,<environment.Job instance at 0x7f200aaba730>,8,3,[ 2 10],9,53,56,44,36
1,<environment.Job instance at 0x7f1fc6e52a00>,25,12,[8 1],26,56,68,30,43
1,<environment.Job instance at 0x7f1fc72045a0>,29,12,[4 6],30,68,80,38,51
1,<environment.Job instance at 0x7f200d5dcb40>,32,16,[1 7],33,80,96,47,67
1,<environment.Job instance at 0x7f1fc724af00>,23,14,[7 2],24,80,94,56,68
1,<environment.Job instance at 0x7f200abdfbe0>,6,14,[7 3],7,99,113,92,99
1,<environment.Job instance at 0x7f200abc4a50>,22,17,[1 7],23,99,116,76,99
1,<environment.Job instance at 0x7f200d6cb2d0>,47,2,[ 4 10],48,116,118,68,99
1,<environment.Job instance at 0x7f200d6cbb40>,46,2,[4 7],47,118,120,71,99
1,<environment.Job instance at 0x7f200d6cbc80>,52,2,[5 5],53,120,122,67,104
1,<environment.Job instance at 0x7f200d6cb870>,45,14,[4 9],46,122,136,76,107
1,<environment.Job instance at 0x7f200aa08b40>,60,3,[3 7],61,136,139,75,110
1,<environment.Job instance at 0x7f200aa08eb0>,61,2,[4 5],62,120,122,58,110
1,<environment.Job instance at 0x7f1fc72f7f00>,63,2,[2 8],64,139,141,75,112
1,<environment.Job instance at 0x7f1fc72f76e0>,64,3,[5 3],65,113,116,48,113
1,<environment.Job instance at 0x7f1fc6ba6780>,65,1,[4 8],66,141,142,75,114
1,<environment.Job instance at 0x7f1fc6b3fa50>,71,15,[9 3],72,142,157,70,128
1,<environment.Job instance at 0x7f1fc6d9b730>,75,13,[7 2],76,157,170,81,151
1,<environment.Job instance at 0x7f1fc6d9b7d0>,78,16,[1 7],79,151,167,72,151
1,<environment.Job instance at 0x7f1fc6c6b370>,80,12,[10  5],81,170,182,89,153
1,<environment.Job instance at 0x7f200aa50960>,82,2,[6 5],83,182,184,99,156
1,<environment.Job instance at 0x7f200aa082d0>,54,12,[9 5],55,184,196,129,172
1,<environment.Job instance at 0x7f200d32baa0>,83,17,[8 3],84,196,213,112,184
1,<environment.Job instance at 0x7f200d32b730>,87,15,[5 5],88,213,228,125,200
1,<environment.Job instance at 0x7f200d32b820>,88,1,[9 4],89,228,229,139,209
1,<environment.Job instance at 0x7f1fc6be3c80>,3,14,[5 4],4,4,18,0,4
1,<environment.Job instance at 0x7f200d47ab90>,5,14,[8 2],6,18,32,12,6
1,<environment.Job instance at 0x7f1fc6b56640>,16,2,[9 1],17,32,34,15,27
1,<environment.Job instance at 0x7f1fc6b56370>,13,16,[1 9],14,32,48,18,27
1,<environment.Job instance at 0x7f200d47a4b0>,10,1,[3 6],11,48,49,37,27
1,<environment.Job instance at 0x7f1fc6b560a0>,12,2,[6 2],13,48,50,35,29
1,<environment.Job instance at 0x7f1fc6b56dc0>,17,15,[10  5],18,50,65,32,36
1,<environment.Job instance at 0x7f1fc6af9eb0>,26,12,[7 2],27,65,77,38,50
1,<environment.Job instance at 0x7f1fc6af91e0>,29,12,[9 5],30,77,89,47,67
1,<environment.Job instance at 0x7f1fc6af9960>,30,12,[5 7],31,89,101,58,72
1,<environment.Job instance at 0x7f1fc6b62d20>,44,18,[7 1],45,101,119,56,90
1,<environment.Job instance at 0x7f1fc6b56320>,20,17,[8 2],21,119,136,98,108
1,<environment.Job instance at 0x7f1fc6b62910>,51,1,[ 5 10],52,136,137,84,108
1,<environment.Job instance at 0x7f1fc6b628c0>,53,3,[4 6],54,137,140,83,117
1,<environment.Job instance at 0x7f1fc6b62410>,56,13,[7 3],57,142,155,85,142
1,<environment.Job instance at 0x7f1fc6c5a8c0>,60,18,[1 7],61,143,161,82,143
1,<environment.Job instance at 0x7f1fc6c5adc0>,64,18,[3 8],65,161,179,96,150
1,<environment.Job instance at 0x7f1fc6b029b0>,70,16,[8 3],71,179,195,108,169
1,<environment.Job instance at 0x7f1fc6c5afa0>,68,3,[6 4],69,195,198,126,170
1,<environment.Job instance at 0x7f1fc6b025a0>,72,2,[5 3],73,198,200,125,171
1,<environment.Job instance at 0x7f1fc6b02c80>,73,13,[ 4 10],74,200,213,126,184
1,<environment.Job instance at 0x7f1fc6afd690>,80,3,[5 1],81,213,216,132,201
1,<environment.Job instance at 0x7f200d32bb90>,2,17,[3 6],3,213,230,210,204
1,<environment.Job instance at 0x7f1fc6afdaf0>,83,2,[1 5],84,230,232,146,206
1,<environment.Job instance at 0x7f1fc6afd6e0>,84,3,[7 2],85,216,219,131,206
1,<environment.Job instance at 0x7f1fc6afdbe0>,87,16,[6 3],88,219,235,131,206
1,<environment.Job instance at 0x7f1fc6b56cd0>,0,20,[7 1],1,1,21,0,1
1,<environment.Job instance at 0x7f200d47a370>,9,16,[1 8],10,10,26,0,10
1,<environment.Job instance at 0x7f1fc70e2140>,10,3,[2 6],11,26,29,15,11
1,<environment.Job instance at 0x7f200d89c370>,11,17,[ 3 10],12,29,46,17,17
1,<environment.Job instance at 0x7f200a9aa5f0>,23,16,[5 5],24,46,62,22,44
1,<environment.Job instance at 0x7f1fc7144050>,13,2,[7 2],14,70,72,56,70
1,<environment.Job instance at 0x7f200a99f0a0>,28,12,[8 2],29,72,84,43,71
1,<environment.Job instance at 0x7f200a9aafa0>,26,1,[7 2],27,84,85,57,71
1,<environment.Job instance at 0x7f200a99fe10>,30,2,[ 4 10],31,85,87,54,71
1,<environment.Job instance at 0x7f200a9ca780>,31,17,[ 3 10],32,87,104,55,75
1,<environment.Job instance at 0x7f200a9ca3c0>,36,15,[9 4],37,104,119,67,97
1,<environment.Job instance at 0x7f200a9cabe0>,39,2,[1 8],40,119,121,79,101
1,<environment.Job instance at 0x7f200a9ca820>,40,1,[2 9],41,121,122,80,101
1,<environment.Job instance at 0x7f1fc72dc4b0>,38,1,[7 1],39,119,120,80,103
1,<environment.Job instance at 0x7f200a9ca1e0>,42,18,[5 5],43,122,140,79,111
1,<environment.Job instance at 0x7f1fc72ef500>,46,12,[1 9],47,140,152,93,123
1,<environment.Job instance at 0x7f200a9ca280>,41,15,[6 1],42,140,155,98,128
1,<environment.Job instance at 0x7f1fc72bcd70>,53,16,[1 8],54,152,168,98,140
1,<environment.Job instance at 0x7f200d2ca370>,49,12,[10  3],50,168,180,118,155
1,<environment.Job instance at 0x7f1fc6ebd4b0>,58,13,[8 3],59,180,193,121,164
1,<environment.Job instance at 0x7f200d2d42d0>,54,17,[6 4],55,193,210,138,181
1,<environment.Job instance at 0x7f1fc6f815a0>,71,1,[ 5 10],72,210,211,138,182
1,<environment.Job instance at 0x7f1fc6f8a460>,75,15,[5 5],76,211,226,135,198
1,<environment.Job instance at 0x7f200d25e7d0>,13,18,[2 9],14,14,32,0,14
1,<environment.Job instance at 0x7f1fc715e5a0>,15,3,[3 8],16,32,35,16,23
1,<environment.Job instance at 0x7f200d524550>,19,17,[7 1],20,39,56,19,39
1,<environment.Job instance at 0x7f200ae37d20>,22,14,[5 6],23,56,70,33,42
1,<environment.Job instance at 0x7f1fc715e280>,12,17,[4 7],13,70,87,57,63
1,<environment.Job instance at 0x7f200d238960>,27,17,[7 2],28,133,150,105,133
1,<environment.Job instance at 0x7f200aeb2d70>,37,3,[7 1],38,150,153,112,138
1,<environment.Job instance at 0x7f200aeb23c0>,39,3,[5 8],40,153,156,113,138
1,<environment.Job instance at 0x7f200abed870>,44,2,[8 2],45,178,180,133,178
1,<environment.Job instance at 0x7f200abed140>,46,18,[10  3],47,182,200,135,182
1,<environment.Job instance at 0x7f200abc21e0>,51,1,[3 6],52,200,201,148,197
1,<environment.Job instance at 0x7f200abc2b90>,52,17,[1 9],53,201,218,148,198
1,<environment.Job instance at 0x7f200abc2280>,53,1,[7 5],54,218,219,164,198
1,<environment.Job instance at 0x7f200abc25a0>,56,16,[9 3],57,219,235,162,210
1,<environment.Job instance at 0x7f1fc6fc5960>,59,15,[1 5],60,218,233,158,213
1,<environment.Job instance at 0x7f1fc6fc5820>,60,12,[1 6],61,233,245,172,216
1,<environment.Job instance at 0x7f1fc7343280>,61,13,[3 5],62,245,258,183,230
1,<environment.Job instance at 0x7f1fc6f6e2d0>,8,1,[ 2 10],9,9,10,0,9
1,<environment.Job instance at 0x7f200ad58cd0>,4,15,[ 5 10],5,10,25,5,10
1,<environment.Job instance at 0x7f1fc6f6edc0>,12,17,[8 1],13,25,42,12,14
1,<environment.Job instance at 0x7f2011f02730>,16,15,[5 5],17,42,57,25,28
1,<environment.Job instance at 0x7f1fc6b86af0>,7,16,[5 7],8,57,73,49,44
1,<environment.Job instance at 0x7f1fc6be37d0>,20,2,[7 1],21,73,75,52,56
1,<environment.Job instance at 0x7f1fc6be3410>,22,1,[ 1 10],23,75,76,52,57
1,<environment.Job instance at 0x7f1fc6be3fa0>,27,3,[3 5],28,76,79,48,58
1,<environment.Job instance at 0x7f1fc6be3870>,26,3,[3 8],27,79,82,52,58
1,<environment.Job instance at 0x7f1fc6be3b90>,29,3,[3 5],30,76,79,46,58
1,<environment.Job instance at 0x7f1fc6be3910>,31,1,[2 7],32,73,74,41,62
1,<environment.Job instance at 0x7f1fc71e32d0>,35,18,[4 6],36,82,100,46,71
1,<environment.Job instance at 0x7f1fc71e30f0>,43,17,[6 4],44,90,107,46,90
1,<environment.Job instance at 0x7f1fc71e3370>,34,18,[2 6],35,106,124,71,106
1,<environment.Job instance at 0x7f1fc6c7a410>,46,2,[5 2],47,107,109,60,106
1,<environment.Job instance at 0x7f1fc6c7aaa0>,48,2,[1 6],49,124,126,75,107
1,<environment.Job instance at 0x7f1fc6c7abe0>,49,3,[9 2],50,124,127,74,107
1,<environment.Job instance at 0x7f1fc71e3410>,45,12,[9 4],46,127,139,81,110
1,<environment.Job instance at 0x7f200d0c1e10>,55,18,[7 3],56,139,157,83,132
1,<environment.Job instance at 0x7f200d0c1d70>,59,18,[3 7],60,139,157,79,132
1,<environment.Job instance at 0x7f200d0c1690>,63,2,[5 4],64,157,159,93,138
1,<environment.Job instance at 0x7f200d0c1f50>,67,2,[9 2],68,159,161,91,154
1,<environment.Job instance at 0x7f200d0c1c80>,65,18,[6 3],66,161,179,95,154
1,<environment.Job instance at 0x7f200d0c1320>,70,13,[1 6],71,157,170,86,154
1,<environment.Job instance at 0x7f200d0c11e0>,68,18,[5 8],69,179,197,110,168
1,<environment.Job instance at 0x7f200a970500>,74,1,[8 4],75,197,198,122,169
1,<environment.Job instance at 0x7f200d0c1af0>,69,3,[10  4],70,198,201,128,182
1,<environment.Job instance at 0x7f200a970b90>,76,13,[9 3],77,201,214,124,185
1,<environment.Job instance at 0x7f200a970550>,87,18,[ 5 10],88,214,232,126,203
1,<environment.Job instance at 0x7f200ad581e0>,2,14,[2 7],3,3,17,0,3
1,<environment.Job instance at 0x7f200d4fab40>,9,12,[9 3],10,17,29,7,10
1,<environment.Job instance at 0x7f200d4fa410>,6,2,[2 7],7,29,31,22,13
1,<environment.Job instance at 0x7f200d509870>,14,3,[5 6],15,31,34,16,20
1,<environment.Job instance at 0x7f200d5096e0>,12,22,[8 5],13,34,56,21,27
1,<environment.Job instance at 0x7f200d509cd0>,18,15,[5 7],19,56,71,37,47
1,<environment.Job instance at 0x7f200d509e60>,22,2,[7 2],23,71,73,48,47
1,<environment.Job instance at 0x7f200d509780>,23,17,[9 1],24,73,90,49,69
1,<environment.Job instance at 0x7f200d50e190>,31,2,[8 5],32,90,92,58,73
1,<environment.Job instance at 0x7f200d50e7d0>,32,3,[3 5],33,92,95,59,73
1,<environment.Job instance at 0x7f200d50e500>,33,2,[5 8],34,95,97,61,73
1,<environment.Job instance at 0x7f200d514960>,35,13,[7 1],36,97,110,61,84
1,<environment.Job instance at 0x7f200d514190>,39,13,[6 2],40,110,123,70,95
1,<environment.Job instance at 0x7f200d514230>,43,16,[1 8],44,110,126,66,110
1,<environment.Job instance at 0x7f200d514280>,44,15,[9 3],45,126,141,81,112
1,<environment.Job instance at 0x7f200d50ea50>,34,17,[7 5],35,141,158,106,130
1,<environment.Job instance at 0x7f200d4e8cd0>,57,12,[5 6],58,158,170,100,141
1,<environment.Job instance at 0x7f200d4e8690>,61,14,[9 1],62,170,184,108,155
1,<environment.Job instance at 0x7f200d4e8230>,62,13,[8 3],63,184,197,121,168
1,<environment.Job instance at 0x7f200d5125a0>,72,3,[1 6],73,202,205,129,202
1,<environment.Job instance at 0x7f200d512690>,73,12,[10  3],74,205,217,131,202
1,<environment.Job instance at 0x7f200d512050>,74,14,[10  2],75,217,231,142,202
1,<environment.Job instance at 0x7f71aac0d190>,0,18,[ 2 10],1,1,19,0,1
1,<environment.Job instance at 0x7f71a37fe2d0>,3,18,[ 3 10],4,19,37,15,8
1,<environment.Job instance at 0x7f71a37fe9b0>,13,13,[1 8],14,37,50,23,21
1,<environment.Job instance at 0x7f71a37fe820>,10,1,[7 3],11,50,51,39,35
1,<environment.Job instance at 0x7f71a37fe370>,20,1,[3 7],21,50,51,29,38
1,<environment.Job instance at 0x7f71a37feeb0>,18,16,[8 5],19,51,67,32,46
1,<environment.Job instance at 0x7f71a37ff0a0>,24,3,[5 9],25,67,70,42,46
1,<environment.Job instance at 0x7f71a37ff690>,28,2,[5 9],29,70,72,41,46
1,<environment.Job instance at 0x7f71a37ff960>,33,2,[5 3],34,72,74,38,58
1,<environment.Job instance at 0x7f71a37ffaf0>,34,3,[9 5],35,74,77,39,59
1,<environment.Job instance at 0x7f71a37fff50>,38,12,[3 6],39,77,89,38,65
1,<environment.Job instance at 0x7f71a37ffe10>,37,14,[5 5],38,89,103,51,74
1,<environment.Job instance at 0x7f71a37ffd70>,36,2,[5 1],37,91,93,54,91
1,<environment.Job instance at 0x7f71a38030a0>,39,18,[5 8],40,103,121,63,92
1,<environment.Job instance at 0x7f71a38039b0>,47,1,[2 6],48,121,122,73,93
1,<environment.Job instance at 0x7f71a38036e0>,45,16,[6 2],46,121,137,75,121
1,<environment.Job instance at 0x7f71a3803a50>,48,13,[6 1],49,137,150,88,122
1,<environment.Job instance at 0x7f71a38026e0>,58,1,[5 7],59,150,151,91,123
1,<environment.Job instance at 0x7f71a3802500>,56,18,[4 5],57,123,141,66,123
1,<environment.Job instance at 0x7f71a3802b90>,69,13,[7 2],70,157,170,87,157
1,<environment.Job instance at 0x7f71a3802dc0>,70,18,[5 5],71,170,188,99,159
1,<environment.Job instance at 0x7f71a3809320>,73,3,[10  4],74,188,191,114,162
1,<environment.Job instance at 0x7f71a38096e0>,76,13,[1 5],77,162,175,85,162
1,<environment.Job instance at 0x7f71a38098c0>,79,17,[2 7],80,191,208,111,185
1,<environment.Job instance at 0x7f71a38072d0>,91,16,[5 8],92,212,228,120,212
1,<environment.Job instance at 0x7f71a3814e60>,3,15,[4 8],4,4,19,0,4
1,<environment.Job instance at 0x7f71a381b280>,7,18,[5 2],8,8,26,0,8
1,<environment.Job instance at 0x7f71a381b9b0>,8,18,[4 6],9,19,37,10,11
1,<environment.Job instance at 0x7f715fbd7910>,18,14,[4 7],19,37,51,18,25
1,<environment.Job instance at 0x7f715fbfb410>,20,12,[2 5],21,51,63,30,34
1,<environment.Job instance at 0x7f715fbfb730>,25,17,[10  5],26,63,80,37,51
1,<environment.Job instance at 0x7f715fbd3dc0>,32,14,[8 4],33,80,94,47,67
1,<environment.Job instance at 0x7f715fbd6f00>,35,16,[ 3 10],36,94,110,58,81
1,<environment.Job instance at 0x7f715fbf9320>,44,17,[10  2],45,110,127,65,108
1,<environment.Job instance at 0x7f71a381b820>,14,1,[9 4],15,127,128,112,109
1,<environment.Job instance at 0x7f715fbff780>,46,13,[5 1],47,128,141,81,112
1,<environment.Job instance at 0x7f715fbff320>,47,1,[1 6],48,127,128,79,112
1,<environment.Job instance at 0x7f715fbff410>,52,17,[10  4],53,141,158,88,129
1,<environment.Job instance at 0x7f71a381baf0>,9,16,[3 5],10,186,202,176,186
1,<environment.Job instance at 0x7f715fc5f140>,67,1,[7 2],68,187,188,119,187
1,<environment.Job instance at 0x7f715fc6fd20>,69,12,[5 4],70,188,200,118,188
1,<environment.Job instance at 0x7f715fc5ee60>,70,15,[7 4],71,200,215,129,188
1,<environment.Job instance at 0x7f715fc68f50>,71,13,[3 6],72,202,215,130,188
1,<environment.Job instance at 0x7f715fc115f0>,74,14,[8 5],75,215,229,140,203
1,<environment.Job instance at 0x7f715fbff500>,50,17,[2 9],51,229,246,178,217
1,<environment.Job instance at 0x7f71a3817780>,4,3,[5 8],5,5,8,0,5
1,<environment.Job instance at 0x7f715fa55320>,9,3,[8 4],10,10,13,0,10
1,<environment.Job instance at 0x7f71aad7a2d0>,10,13,[ 4 10],11,13,26,2,13
1,<environment.Job instance at 0x7f71aad7a410>,13,13,[2 5],14,26,39,12,14
1,<environment.Job instance at 0x7f715fb26640>,15,1,[5 7],16,39,40,23,17
1,<environment.Job instance at 0x7f71aad87410>,19,16,[1 7],20,40,56,20,30
1,<environment.Job instance at 0x7f71a35b77d0>,22,20,[7 3],23,50,70,27,50
1,<environment.Job instance at 0x7f71a35b7d70>,24,12,[3 5],25,56,68,31,50
1,<environment.Job instance at 0x7f71a3d2d5a0>,29,1,[4 6],30,70,71,40,68
1,<environment.Job instance at 0x7f71a35b74b0>,21,15,[3 5],22,71,86,49,68
1,<environment.Job instance at 0x7f71aad81b40>,30,1,[2 5],31,68,69,37,68
1,<environment.Job instance at 0x7f71aad81f00>,32,15,[7 3],33,71,86,38,70
1,<environment.Job instance at 0x7f71a35d8190>,34,12,[2 9],35,86,98,51,70
1,<environment.Job instance at 0x7f71a3d1f6e0>,37,16,[ 3 10],38,98,114,60,87
1,<environment.Job instance at 0x7f71aad87c80>,18,14,[10  4],19,114,128,95,102
1,<environment.Job instance at 0x7f71a3a3c9b0>,42,2,[1 5],43,128,130,85,105
1,<environment.Job instance at 0x7f715faae6e0>,46,3,[2 7],47,130,133,83,117
1,<environment.Job instance at 0x7f715faaa960>,47,13,[ 1 10],48,133,146,85,117
1,<environment.Job instance at 0x7f71a35d8780>,36,15,[10  5],37,146,161,109,135
1,<environment.Job instance at 0x7f715faaa410>,52,2,[6 3],53,161,163,108,135
1,<environment.Job instance at 0x7f715faaaa50>,54,2,[4 8],55,163,165,108,136
1,<environment.Job instance at 0x7f715faaef50>,43,12,[8 5],44,165,177,121,148
1,<environment.Job instance at 0x7f715fbbe8c0>,58,14,[3 6],59,177,191,118,163
1,<environment.Job instance at 0x7f715fbbebe0>,61,3,[10  4],62,191,194,129,165
1,<environment.Job instance at 0x7f715fbbe320>,62,2,[6 4],63,177,179,114,165
1,<environment.Job instance at 0x7f715fbbee10>,64,2,[1 9],65,194,196,129,167
1,<environment.Job instance at 0x7f715fbbe7d0>,67,13,[4 9],68,196,209,128,180
1,<environment.Job instance at 0x7f715fa55b90>,11,16,[2 8],12,209,225,197,196
1,<environment.Job instance at 0x7f71a3695c30>,73,18,[8 1],74,209,227,135,198
1,<environment.Job instance at 0x7f71aac36f50>,76,22,[2 8],77,225,247,148,221
1,<environment.Job instance at 0x7f715fe1bc30>,3,3,[9 4],4,5,8,1,5
1,<environment.Job instance at 0x7f71a35d7b90>,5,19,[7 5],6,8,27,2,6
1,<environment.Job instance at 0x7f71aa1668c0>,8,1,[2 5],9,9,10,0,9
1,<environment.Job instance at 0x7f71aa166370>,9,3,[4 8],10,27,30,17,11
1,<environment.Job instance at 0x7f71a3904eb0>,12,17,[2 5],13,30,47,17,18
1,<environment.Job instance at 0x7f71a39043c0>,16,18,[8 2],17,30,48,13,19
1,<environment.Job instance at 0x7f71aa79d7d0>,22,3,[ 3 10],23,48,51,25,39
1,<environment.Job instance at 0x7f71aa79cb40>,23,15,[6 5],24,51,66,27,39
1,<environment.Job instance at 0x7f71a39048c0>,14,2,[4 9],15,66,68,51,39
1,<environment.Job instance at 0x7f71a38354b0>,29,3,[3 6],30,68,71,38,42
1,<environment.Job instance at 0x7f71a3835730>,32,12,[3 8],33,71,83,38,56
1,<environment.Job instance at 0x7f71aa6aec80>,13,14,[8 2],14,83,97,69,68
1,<environment.Job instance at 0x7f71a38402d0>,38,1,[5 3],39,69,70,30,69
1,<environment.Job instance at 0x7f71a38409b0>,39,17,[ 5 10],40,97,114,57,86
1,<environment.Job instance at 0x7f71a37ecb40>,44,15,[5 7],45,114,129,69,100
1,<environment.Job instance at 0x7f71a37e9f00>,51,14,[5 4],52,129,143,77,123
1,<environment.Job instance at 0x7f71aa804c30>,10,14,[ 4 10],11,143,157,132,128
1,<environment.Job instance at 0x7f71a37e9c80>,50,1,[6 5],51,157,158,106,129
1,<environment.Job instance at 0x7f71aa169550>,54,1,[5 7],55,158,159,103,130
1,<environment.Job instance at 0x7f71aa1769b0>,57,12,[5 5],58,159,171,101,150
1,<environment.Job instance at 0x7f71aa176460>,59,12,[9 1],60,171,183,111,159
1,<environment.Job instance at 0x7f71aa176aa0>,61,12,[5 9],62,183,195,121,166
1,<environment.Job instance at 0x7f71aa17a280>,68,2,[5 5],69,195,197,126,180
1,<environment.Job instance at 0x7f71a38cea00>,67,2,[2 6],68,197,199,129,185
1,<environment.Job instance at 0x7f71a38c1af0>,72,3,[4 9],73,199,202,126,187
1,<environment.Job instance at 0x7f71a38c1230>,73,12,[ 2 10],74,202,214,128,187
1,<environment.Job instance at 0x7f71a38ebaf0>,76,16,[2 6],77,214,230,137,201
1,<environment.Job instance at 0x7f71a3909050>,78,14,[6 4],79,214,228,135,210
1,<environment.Job instance at 0x7f71aa176be0>,8,2,[4 5],9,10,12,1,10
1,<environment.Job instance at 0x7f71a365f910>,10,17,[2 6],11,12,29,1,11
1,<environment.Job instance at 0x7f715ff64aa0>,5,12,[10  3],6,29,41,23,12
1,<environment.Job instance at 0x7f715fe58460>,11,2,[5 7],12,41,43,29,26
1,<environment.Job instance at 0x7f71a3612d20>,23,13,[7 5],24,43,56,19,27
1,<environment.Job instance at 0x7f71a3c47d20>,25,3,[10  4],26,56,59,30,32
1,<environment.Job instance at 0x7f716015adc0>,26,14,[1 7],27,59,73,32,44
1,<environment.Job instance at 0x7f71a3c3e5a0>,29,16,[5 3],30,59,75,29,47
1,<environment.Job instance at 0x7f715fe2a550>,24,13,[1 8],25,75,88,50,59
1,<environment.Job instance at 0x7f71a3c3da00>,31,2,[2 6],32,73,75,41,69
1,<environment.Job instance at 0x7f71a3c57370>,36,15,[10  4],37,88,103,51,74
1,<environment.Job instance at 0x7f71a3c574b0>,39,2,[9 1],40,75,77,35,74
1,<environment.Job instance at 0x7f71a3c65cd0>,43,13,[5 1],44,103,116,59,87
1,<environment.Job instance at 0x7f71a3c65b90>,46,12,[1 5],47,103,115,56,87
1,<environment.Job instance at 0x7f71a3c654b0>,50,1,[9 4],51,116,117,65,98
1,<environment.Job instance at 0x7f71a3c6b460>,52,15,[6 2],53,117,132,64,103
1,<environment.Job instance at 0x7f71a3c57b90>,40,14,[1 8],41,117,131,76,104
1,<environment.Job instance at 0x7f71a3c6bb90>,55,1,[8 4],56,132,133,76,105
1,<environment.Job instance at 0x7f71a3c6beb0>,54,3,[3 6],55,133,136,78,108
1,<environment.Job instance at 0x7f71a3c4bbe0>,62,1,[6 3],63,133,134,70,124
1,<environment.Job instance at 0x7f71a3c57690>,34,16,[9 4],35,136,152,101,125
1,<environment.Job instance at 0x7f71a3c4b0a0>,67,12,[7 2],68,152,164,84,140
1,<environment.Job instance at 0x7f71a3c69d70>,72,17,[9 4],73,164,181,91,159
1,<environment.Job instance at 0x7f71aa595280>,76,2,[3 6],77,162,164,85,162
1,<environment.Job instance at 0x7f71a3c586e0>,75,16,[9 4],76,181,197,105,168
1,<environment.Job instance at 0x7f71aa5a4d70>,81,2,[8 4],82,197,199,115,184
1,<environment.Job instance at 0x7f71aa599690>,82,2,[8 4],83,199,201,116,184
1,<environment.Job instance at 0x7f71aa5997d0>,84,16,[4 5],85,201,217,116,198
1,<environment.Job instance at 0x7f715fe298c0>,86,3,[8 3],87,217,220,130,214
1,<environment.Job instance at 0x7f715fe29410>,87,1,[10  5],88,220,221,132,214
1,<environment.Job instance at 0x7f71aa59e870>,89,1,[5 1],90,214,215,124,214
1,<environment.Job instance at 0x7f71a3b7adc0>,0,14,[ 2 10],1,1,15,0,1
1,<environment.Job instance at 0x7f71aa5c0500>,3,18,[5 5],4,15,33,11,8
1,<environment.Job instance at 0x7f715fdf3500>,10,19,[4 5],11,15,34,4,12
1,<environment.Job instance at 0x7f715fdf39b0>,12,13,[9 4],13,34,47,21,18
1,<environment.Job instance at 0x7f715fdf3b90>,14,16,[2 7],15,47,63,32,34
1,<environment.Job instance at 0x7f715fdf3f00>,18,16,[8 3],19,47,63,28,38
1,<environment.Job instance at 0x7f71aa5c0a00>,6,13,[3 9],7,63,76,56,53
1,<environment.Job instance at 0x7f715fba6870>,23,1,[10  1],24,76,77,52,53
1,<environment.Job instance at 0x7f715fdf3cd0>,11,3,[1 9],12,77,80,65,53
1,<environment.Job instance at 0x7f715fba6550>,26,2,[5 9],27,83,85,56,83
1,<environment.Job instance at 0x7f715fba6460>,24,17,[9 2],25,85,102,60,83
1,<environment.Job instance at 0x7f715fba63c0>,31,1,[7 3],32,102,103,70,83
1,<environment.Job instance at 0x7f715fba6fa0>,30,3,[5 7],31,103,106,72,83
1,<environment.Job instance at 0x7f715fba6af0>,29,14,[5 1],30,103,117,73,89
1,<environment.Job instance at 0x7f715fba6d70>,32,18,[4 7],33,106,124,73,100
1,<environment.Job instance at 0x7f715fba6e10>,39,1,[2 5],40,102,103,62,100
1,<environment.Job instance at 0x7f715fba6be0>,33,18,[7 1],34,124,142,90,114
1,<environment.Job instance at 0x7f71aa533cd0>,45,18,[1 8],46,124,142,78,115
1,<environment.Job instance at 0x7f71aa5332d0>,44,2,[9 3],45,142,144,97,119
1,<environment.Job instance at 0x7f71aa533e60>,46,13,[9 3],47,144,157,97,140
1,<environment.Job instance at 0x7f71aa533b90>,50,14,[1 5],51,142,156,91,140
1,<environment.Job instance at 0x7f71aa533a50>,48,16,[9 4],49,157,173,108,144
1,<environment.Job instance at 0x7f71aa5335f0>,54,13,[2 6],55,173,186,118,164
1,<environment.Job instance at 0x7f71aa533aa0>,56,18,[7 4],57,173,191,116,166
1,<environment.Job instance at 0x7f715fbb9d20>,59,18,[6 4],60,191,209,131,185
1,<environment.Job instance at 0x7f71aa5334b0>,58,14,[1 7],59,209,223,150,194
1,<environment.Job instance at 0x7f715fbb9370>,64,14,[5 3],65,209,223,144,201
1,<environment.Job instance at 0x7f715fbb9a00>,69,17,[9 2],70,223,240,153,211
1,<environment.Job instance at 0x7f715fbb9820>,74,18,[5 6],75,240,258,165,229
1,<environment.Job instance at 0x7f715ffdf9b0>,11,3,[9 1],12,12,15,0,12
1,<environment.Job instance at 0x7f715fa6f410>,7,13,[9 1],8,15,28,7,12
1,<environment.Job instance at 0x7f715ffdfd20>,12,13,[9 1],13,28,41,15,14
1,<environment.Job instance at 0x7f715fe5b4b0>,16,12,[9 5],17,41,53,24,24
1,<environment.Job instance at 0x7f71aa69eb90>,20,2,[5 5],21,53,55,32,33
1,<environment.Job instance at 0x7f71aa601c30>,24,3,[4 5],25,53,56,28,34
1,<environment.Job instance at 0x7f715fe5bb40>,17,17,[10  4],18,56,73,38,45
1,<environment.Job instance at 0x7f71a3adc050>,28,13,[1 5],29,73,86,44,67
1,<environment.Job instance at 0x7f71a394e5a0>,29,18,[ 2 10],30,86,104,56,75
1,<environment.Job instance at 0x7f71a3c28c80>,39,17,[2 6],40,104,121,64,93
1,<environment.Job instance at 0x7f71aac37cd0>,42,1,[9 5],43,121,122,78,93
1,<environment.Job instance at 0x7f71a38d2230>,45,3,[9 2],46,122,125,76,100
1,<environment.Job instance at 0x7f71a38d25f0>,48,15,[5 8],49,125,140,76,117
1,<environment.Job instance at 0x7f71a38d2050>,50,13,[5 6],51,140,153,89,126
1,<environment.Job instance at 0x7f71aa746f50>,54,13,[ 5 10],55,153,166,98,137
1,<environment.Job instance at 0x7f71aa746730>,60,16,[7 5],61,166,182,105,153
1,<environment.Job instance at 0x7f71a37f21e0>,64,17,[2 5],65,166,183,101,160
1,<environment.Job instance at 0x7f71a38d5a50>,66,15,[3 5],67,182,197,115,170
1,<environment.Job instance at 0x7f71aa65a910>,69,14,[5 4],70,186,200,116,186
1,<environment.Job instance at 0x7f71a390fc30>,37,15,[5 8],38,200,215,162,197
1,<environment.Job instance at 0x7f71600d8280>,73,12,[10  1],74,215,227,141,198
1,<environment.Job instance at 0x7f71a398d5f0>,78,2,[10  5],79,227,229,148,210
1,<environment.Job instance at 0x7f7160068460>,77,2,[1 8],78,229,231,151,210
1,<environment.Job instance at 0x7f71a398dc80>,81,13,[7 4],82,231,244,149,215
1,<environment.Job instance at 0x7f715fe5ba00>,4,13,[2 7],5,6,19,1,6
1,<environment.Job instance at 0x7f71a35e6280>,6,18,[6 4],7,19,37,12,9
1,<environment.Job instance at 0x7f715ffa8dc0>,14,3,[10  5],15,37,40,22,16
1,<environment.Job instance at 0x7f71a3747b90>,12,14,[ 4 10],13,40,54,27,25
1,<environment.Job instance at 0x7f71aa13b4b0>,22,14,[9 2],23,54,68,31,45
1,<environment.Job instance at 0x7f71a3747be0>,13,2,[2 7],14,68,70,54,50
1,<environment.Job instance at 0x7f71a3574820>,16,12,[8 4],17,70,82,53,53
1,<environment.Job instance at 0x7f71aa13b870>,32,16,[9 2],33,82,98,49,69
1,<environment.Job instance at 0x7f71aa13be10>,36,17,[3 7],37,98,115,61,89
1,<environment.Job instance at 0x7f71aa13bfa0>,39,17,[5 7],40,115,132,75,103
1,<environment.Job instance at 0x7f71aa133500>,45,2,[3 9],46,132,134,86,119
1,<environment.Job instance at 0x7f71aa133550>,46,2,[5 7],47,134,136,87,119
1,<environment.Job instance at 0x7f71aa1330f0>,48,3,[9 5],49,136,139,87,119
1,<environment.Job instance at 0x7f71aa1338c0>,50,2,[8 4],51,139,141,88,119
1,<environment.Job instance at 0x7f71aa133910>,52,14,[ 2 10],53,141,155,88,126
1,<environment.Job instance at 0x7f71aa133b90>,56,13,[5 7],57,155,168,98,139
1,<environment.Job instance at 0x7f71aa14b0f0>,61,12,[4 7],62,168,180,106,151
1,<environment.Job instance at 0x7f71aa14b140>,62,17,[9 4],63,180,197,117,168
1,<environment.Job instance at 0x7f71aa14b500>,67,12,[1 6],68,180,192,112,171
1,<environment.Job instance at 0x7f71aa14b820>,70,12,[4 8],71,197,209,126,182
1,<environment.Job instance at 0x7f71aa14b780>,72,1,[1 8],73,209,210,136,191
1,<environment.Job instance at 0x7f71aa14bbe0>,75,3,[2 8],76,215,218,139,215
1,<environment.Job instance at 0x7f71aa14bc80>,77,1,[5 3],78,218,219,140,215
1,<environment.Job instance at 0x7f71aa14ba00>,74,2,[3 6],75,218,220,143,218
1,<environment.Job instance at 0x7f71aa14bd70>,79,3,[10  1],80,220,223,140,218
1,<environment.Job instance at 0x7f71aa14be10>,80,18,[6 4],81,223,241,142,219
1,<environment.Job instance at 0x7f71600207d0>,5,14,[7 2],6,6,20,0,6
1,<environment.Job instance at 0x7f71aa066d20>,7,16,[5 4],8,20,36,12,9
1,<environment.Job instance at 0x7f715ff4d5a0>,14,3,[8 2],15,36,39,21,17
1,<environment.Job instance at 0x7f71a3cd8d70>,16,15,[5 6],17,20,35,3,17
1,<environment.Job instance at 0x7f715ff4dd20>,13,1,[5 4],14,35,36,21,18
1,<environment.Job instance at 0x7f715fb75c80>,18,3,[ 4 10],19,39,42,20,22
1,<environment.Job instance at 0x7f715ff4dd70>,21,16,[5 5],22,42,58,20,29
1,<environment.Job instance at 0x7f71aa79dd70>,19,12,[3 9],20,58,70,38,45
1,<environment.Job instance at 0x7f71aa2adeb0>,30,2,[5 2],31,52,54,21,52
1,<environment.Job instance at 0x7f715fac7c80>,31,15,[5 2],32,70,85,38,56
1,<environment.Job instance at 0x7f7160047500>,38,2,[8 5],39,85,87,46,79
1,<environment.Job instance at 0x7f715fb76230>,39,17,[9 4],40,87,104,47,79
1,<environment.Job instance at 0x7f715fb48910>,44,1,[6 1],45,104,105,59,81
1,<environment.Job instance at 0x7f715fe06d20>,45,15,[1 5],46,81,96,35,81
1,<environment.Job instance at 0x7f715fd984b0>,36,1,[5 9],37,105,106,68,81
1,<environment.Job instance at 0x7f715fe03460>,48,13,[8 2],49,106,119,57,92
1,<environment.Job instance at 0x7f71a3cf2b90>,53,3,[2 7],54,106,109,52,102
1,<environment.Job instance at 0x7f715fe03a00>,47,3,[9 4],48,119,122,71,104
1,<environment.Job instance at 0x7f71a37837d0>,58,16,[ 5 10],59,122,138,63,110
1,<environment.Job instance at 0x7f71600bad20>,59,3,[6 2],60,138,141,78,112
1,<environment.Job instance at 0x7f716005a0a0>,62,14,[3 7],63,138,152,75,123
1,<environment.Job instance at 0x7f71aa0210f0>,68,18,[ 5 10],69,152,170,83,141
1,<environment.Job instance at 0x7f71600ba4b0>,60,13,[1 5],61,170,183,109,154
1,<environment.Job instance at 0x7f71aa0218c0>,69,18,[10  2],70,183,201,113,173
1,<environment.Job instance at 0x7f71aa2175f0>,79,2,[10  2],80,201,203,121,199
1,<environment.Job instance at 0x7f71a364ce10>,83,1,[1 7],84,203,204,119,199
1,<environment.Job instance at 0x7f71a364c0a0>,82,2,[10  3],83,204,206,121,199
1,<environment.Job instance at 0x7f71a364cfa0>,85,14,[1 7],86,206,220,120,200
1,<environment.Job instance at 0x7f71a364c780>,86,3,[8 2],87,206,209,119,200
1,<environment.Job instance at 0x7f71aa219640>,3,14,[ 4 10],4,4,18,0,4
1,<environment.Job instance at 0x7f71a3c44eb0>,10,2,[3 5],11,18,20,7,11
1,<environment.Job instance at 0x7f715ffcc690>,11,12,[3 5],12,18,30,6,12
1,<environment.Job instance at 0x7f71aa5550f0>,12,2,[1 9],13,30,32,17,14
1,<environment.Job instance at 0x7f7160174eb0>,13,1,[3 7],14,32,33,18,15
1,<environment.Job instance at 0x7f71aa763690>,14,3,[8 5],15,33,36,18,16
1,<environment.Job instance at 0x7f71aa331230>,15,2,[9 5],16,36,38,20,17
1,<environment.Job instance at 0x7f716015af50>,18,14,[5 4],19,38,52,19,24
1,<environment.Job instance at 0x7f715faebc30>,20,2,[7 5],21,24,26,3,24
1,<environment.Job instance at 0x7f71a38ad9b0>,21,2,[ 2 10],22,52,54,30,25
1,<environment.Job instance at 0x7f71aa747050>,27,13,[9 4],28,54,67,26,38
1,<environment.Job instance at 0x7f71a3c17820>,32,18,[6 5],33,67,85,34,56
1,<environment.Job instance at 0x7f71a3c170f0>,36,16,[4 8],37,85,101,48,72
1,<environment.Job instance at 0x7f71a39b6f50>,41,12,[5 6],42,101,113,59,86
1,<environment.Job instance at 0x7f71a3a39780>,23,1,[9 4],24,113,114,89,98
1,<environment.Job instance at 0x7f71a39b61e0>,48,18,[10  1],49,114,132,65,103
1,<environment.Job instance at 0x7f71a39441e0>,53,15,[8 4],54,132,147,78,119
1,<environment.Job instance at 0x7f71a37e9cd0>,16,16,[4 9],17,147,163,130,141
1,<environment.Job instance at 0x7f715fd394b0>,61,17,[9 4],62,163,180,101,151
1,<environment.Job instance at 0x7f71aa54bd70>,66,12,[9 1],67,180,192,113,164
1,<environment.Job instance at 0x7f71a3a830f0>,62,2,[8 4],63,192,194,129,167
1,<environment.Job instance at 0x7f71600ab820>,74,2,[7 5],75,194,196,119,181
1,<environment.Job instance at 0x7f71a3b43640>,76,16,[ 1 10],77,196,212,119,183
1,<environment.Job instance at 0x7f71a389c0a0>,82,16,[2 8],83,212,228,129,199
1,<environment.Job instance at 0x7f71a389cf50>,4,12,[7 1],5,6,18,1,6
1,<environment.Job instance at 0x7f71a37d1870>,9,2,[3 9],10,11,13,1,11
1,<environment.Job instance at 0x7f71a3634eb0>,8,12,[7 5],9,18,30,9,11
1,<environment.Job instance at 0x7f715fe36410>,3,3,[7 1],4,30,33,26,13
1,<environment.Job instance at 0x7f715fe06a50>,12,2,[8 5],13,33,35,20,14
1,<environment.Job instance at 0x7f715fe21eb0>,14,2,[8 5],15,35,37,20,16
1,<environment.Job instance at 0x7f715fe06eb0>,15,3,[10  5],16,37,40,21,17
1,<environment.Job instance at 0x7f71600cf0a0>,19,17,[5 6],20,40,57,20,28
1,<environment.Job instance at 0x7f715ff14500>,26,15,[4 6],27,57,72,30,43
1,<environment.Job instance at 0x7f71aa20b190>,17,14,[5 6],18,72,86,54,58
1,<environment.Job instance at 0x7f715ff14820>,28,3,[4 7],29,86,89,57,69
1,<environment.Job instance at 0x7f715ff14af0>,34,2,[10  2],35,89,91,54,70
1,<environment.Job instance at 0x7f715ff147d0>,30,12,[3 8],31,91,103,60,75
1,<environment.Job instance at 0x7f715ff20370>,42,17,[1 5],43,103,120,60,98
1,<environment.Job instance at 0x7f715ff200a0>,43,3,[8 2],44,103,106,59,98
1,<environment.Job instance at 0x7f715ff14b90>,37,2,[9 2],38,106,108,68,98
1,<environment.Job instance at 0x7f715ff204b0>,45,3,[9 4],46,108,111,62,98
1,<environment.Job instance at 0x7f715ff200f0>,44,18,[4 8],45,120,138,75,109
1,<environment.Job instance at 0x7f715ff14f00>,46,12,[5 3],47,138,150,91,121
1,<environment.Job instance at 0x7f715ff20870>,52,14,[5 2],53,124,138,71,124
1,<environment.Job instance at 0x7f715ff20b90>,54,1,[ 2 10],55,150,151,95,124
1,<environment.Job instance at 0x7f715ff20c30>,55,3,[8 5],56,151,154,95,125
1,<environment.Job instance at 0x7f715ff20c80>,61,16,[5 2],62,154,170,92,142
1,<environment.Job instance at 0x7f715ff0c230>,64,12,[7 5],65,170,182,105,153
1,<environment.Job instance at 0x7f715ff14c30>,35,16,[3 5],36,159,175,123,159
1,<environment.Job instance at 0x7f715ff0c410>,67,16,[8 4],68,182,198,114,170
1,<environment.Job instance at 0x7f715ff0c5f0>,69,1,[9 3],70,198,199,128,170
1,<environment.Job instance at 0x7f715ff0c640>,71,3,[1 5],72,175,178,103,170
1,<environment.Job instance at 0x7f715ff0c8c0>,73,12,[8 2],74,199,211,125,182
1,<environment.Job instance at 0x7f715ff0c960>,74,1,[10  4],75,211,212,136,183
1,<environment.Job instance at 0x7f715ff0cf50>,80,1,[1 9],81,212,213,131,201
1,<environment.Job instance at 0x7f715ff0caa0>,82,1,[1 5],83,206,207,123,206
1,<environment.Job instance at 0x7f715ff0ccd0>,83,12,[6 5],84,213,225,129,207
1,<environment.Job instance at 0x7f71600062d0>,84,2,[3 6],85,225,227,140,207
1,<environment.Job instance at 0x7f7160006320>,85,15,[9 1],86,227,242,141,213
1,<environment.Job instance at 0x7f7160006640>,90,15,[1 8],91,227,242,136,213
1,<environment.Job instance at 0x7f71a3723730>,11,15,[10  4],12,16,31,4,16
1,<environment.Job instance at 0x7f71a3723640>,7,15,[1 8],8,31,46,23,29
1,<environment.Job instance at 0x7f71a3723e60>,16,14,[9 2],17,31,45,14,31
1,<environment.Job instance at 0x7f71a3723960>,15,3,[2 8],16,46,49,30,40
1,<environment.Job instance at 0x7f71aa5a46e0>,20,13,[3 7],21,49,62,28,41
1,<environment.Job instance at 0x7f71a369c0a0>,4,17,[5 5],5,75,92,70,75
1,<environment.Job instance at 0x7f716013f1e0>,28,14,[1 9],29,92,106,63,78
1,<environment.Job instance at 0x7f716013f5a0>,29,12,[5 1],30,78,90,48,78
1,<environment.Job instance at 0x7f716013f9b0>,33,3,[8 4],34,106,109,72,82
1,<environment.Job instance at 0x7f716013f460>,34,2,[3 8],35,109,111,74,83
1,<environment.Job instance at 0x7f71600db780>,40,15,[2 8],41,111,126,70,106
1,<environment.Job instance at 0x7f716013feb0>,39,15,[5 5],40,126,141,86,117
1,<environment.Job instance at 0x7f71600dbc30>,44,15,[10  1],45,141,156,96,127
1,<environment.Job instance at 0x7f715fe368c0>,51,12,[2 8],52,156,168,104,139
1,<environment.Job instance at 0x7f715fe36fa0>,53,2,[1 7],54,168,170,114,154
1,<environment.Job instance at 0x7f715fe367d0>,54,18,[9 3],55,168,186,113,160
1,<environment.Job instance at 0x7f71a3792960>,57,3,[8 3],58,186,189,128,168
1,<environment.Job instance at 0x7f71a3792a00>,56,14,[6 2],57,189,203,132,175
1,<environment.Job instance at 0x7f71a3792190>,63,3,[6 1],64,203,206,139,180
1,<environment.Job instance at 0x7f71a3792fa0>,59,14,[4 7],60,189,203,129,180
1,<environment.Job instance at 0x7f715ff4db90>,64,14,[5 6],65,206,220,141,191
1,<environment.Job instance at 0x7f715fe36dc0>,55,16,[3 8],56,220,236,164,207
1,<environment.Job instance at 0x7f715ff4d9b0>,70,15,[3 7],71,236,251,165,222
1,<environment.Job instance at 0x7f715ff4de10>,74,14,[5 3],75,236,250,161,228
1,<environment.Job instance at 0x7f7160025e60>,2,15,[9 5],3,4,19,1,4
1,<environment.Job instance at 0x7f71aa505190>,10,12,[2 6],11,19,31,8,19
1,<environment.Job instance at 0x7f71aa505e10>,12,16,[8 1],13,20,36,7,20
1,<environment.Job instance at 0x7f71aa5055f0>,16,16,[2 7],17,36,52,19,36
1,<environment.Job instance at 0x7f715fe8a050>,9,13,[9 3],10,52,65,42,40
1,<environment.Job instance at 0x7f71aa5058c0>,17,2,[7 1],18,43,45,25,43
1,<environment.Job instance at 0x7f715fbfe780>,23,1,[5 3],24,45,46,21,43
1,<environment.Job instance at 0x7f715fbfe550>,25,1,[5 1],26,46,47,20,45
1,<environment.Job instance at 0x7f71aadd2910>,3,2,[2 7],4,65,67,61,51
1,<environment.Job instance at 0x7f715fbfefa0>,20,17,[5 8],21,67,84,46,55
1,<environment.Job instance at 0x7f715fbfea00>,26,17,[5 1],27,66,83,39,66
1,<environment.Job instance at 0x7f715fbfee10>,22,2,[6 4],23,84,86,61,66
1,<environment.Job instance at 0x7f715fa757d0>,37,1,[8 1],38,86,87,48,66
1,<environment.Job instance at 0x7f715fa755f0>,39,3,[9 5],40,87,90,47,66
1,<environment.Job instance at 0x7f71aa5fd050>,40,2,[8 4],41,90,92,49,66
1,<environment.Job instance at 0x7f715fa75e60>,36,14,[8 5],37,92,106,55,77
1,<environment.Job instance at 0x7f71aa5fddc0>,48,14,[5 5],49,106,120,57,99
1,<environment.Job instance at 0x7f71aa5fd6e0>,49,2,[9 5],50,120,122,70,99
1,<environment.Job instance at 0x7f71aa5fd640>,51,2,[10  3],52,122,124,70,99
1,<environment.Job instance at 0x7f71aa5fdbe0>,52,3,[ 4 10],53,124,127,71,99
1,<environment.Job instance at 0x7f71aa6a37d0>,56,2,[ 2 10],57,127,129,70,109
1,<environment.Job instance at 0x7f71aa6a31e0>,60,2,[9 2],61,141,143,80,141
1,<environment.Job instance at 0x7f71aa6a3a00>,61,16,[1 7],62,141,157,79,141
1,<environment.Job instance at 0x7f715fb2caa0>,63,3,[5 2],64,143,146,79,141
1,<environment.Job instance at 0x7f715fb2cf50>,64,12,[ 1 10],65,157,169,92,141
1,<environment.Job instance at 0x7f715fe27f50>,69,16,[8 4],70,169,185,99,156
1,<environment.Job instance at 0x7f715fe27b40>,74,16,[3 5],75,185,201,110,175
1,<environment.Job instance at 0x7f71a3c991e0>,81,12,[7 5],82,185,197,103,177
1,<environment.Job instance at 0x7f71a3c99190>,83,12,[8 2],84,201,213,117,191
1,<environment.Job instance at 0x7f71a3c993c0>,84,3,[5 3],85,197,200,112,191
1,<environment.Job instance at 0x7f71aa5fdd70>,53,15,[8 2],54,213,228,159,202
1,<environment.Job instance at 0x7f71aa079230>,87,13,[9 2],88,228,241,140,212
1,<environment.Job instance at 0x7f71aa5fdf00>,9,12,[4 7],10,14,26,4,14
1,<environment.Job instance at 0x7f715f8ee050>,10,1,[9 5],11,26,27,15,14
1,<environment.Job instance at 0x7f7160006b40>,11,18,[5 6],12,27,45,15,16
1,<environment.Job instance at 0x7f715ff20730>,15,16,[6 5],16,45,61,29,32
1,<environment.Job instance at 0x7f715ffd4fa0>,7,2,[7 5],8,61,63,53,42
1,<environment.Job instance at 0x7f715ff7a730>,19,14,[2 7],20,63,77,43,48
1,<environment.Job instance at 0x7f71a38c0280>,23,15,[9 4],24,77,92,53,63
1,<environment.Job instance at 0x7f71a38c00f0>,26,14,[7 3],27,63,77,36,63
1,<environment.Job instance at 0x7f71a37ced70>,32,16,[6 4],33,92,108,59,79
1,<environment.Job instance at 0x7f71a38e7320>,40,15,[8 4],41,108,123,67,94
1,<environment.Job instance at 0x7f71a37df410>,42,17,[1 7],43,123,140,80,111
1,<environment.Job instance at 0x7f71a38db050>,52,16,[1 7],53,140,156,87,128
1,<environment.Job instance at 0x7f71a38ea500>,56,12,[2 8],57,156,168,99,139
1,<environment.Job instance at 0x7f715fe23140>,60,15,[6 1],61,144,159,83,144
1,<environment.Job instance at 0x7f71aa104f00>,61,3,[4 7],62,168,171,106,144
1,<environment.Job instance at 0x7f71a38c01e0>,21,3,[6 4],22,171,174,149,156
1,<environment.Job instance at 0x7f71aa450f00>,66,2,[4 7],67,174,176,107,156
1,<environment.Job instance at 0x7f715f9b86e0>,67,2,[ 4 10],68,176,178,108,156
1,<environment.Job instance at 0x7f715fe2cdc0>,68,3,[8 2],69,159,162,90,156
1,<environment.Job instance at 0x7f71aa4505a0>,65,14,[4 9],66,178,192,112,163
1,<environment.Job instance at 0x7f715fe2c140>,69,13,[2 6],70,192,205,122,187
1,<environment.Job instance at 0x7f71a36f1d20>,78,2,[ 5 10],79,205,207,126,198
1,<environment.Job instance at 0x7f715f991410>,79,2,[9 2],80,207,209,127,198
1,<environment.Job instance at 0x7f715fe2c230>,74,12,[9 5],75,209,221,134,198
1,<environment.Job instance at 0x7f715f98dfa0>,81,2,[4 5],82,221,223,139,198
1,<environment.Job instance at 0x7f715f98db90>,80,3,[3 7],81,223,226,142,198
1,<environment.Job instance at 0x7f715f9deaa0>,84,3,[5 3],85,198,201,113,198
1,<environment.Job instance at 0x7f715f9ded20>,85,1,[4 8],86,226,227,140,198
1,<environment.Job instance at 0x7f71a36f14b0>,77,2,[4 6],78,227,229,149,200
1,<environment.Job instance at 0x7f715f9deaf0>,90,3,[8 2],91,201,204,110,200
1,<environment.Job instance at 0x7f716004dd70>,18,3,[7 1],19,223,226,204,204
1,<environment.Job instance at 0x7f71aa29bfa0>,5,3,[4 7],6,6,9,0,6
1,<environment.Job instance at 0x7f71a3d1feb0>,12,17,[3 6],13,13,30,0,13
1,<environment.Job instance at 0x7f715fbb9a00>,13,14,[5 4],14,14,28,0,14
1,<environment.Job instance at 0x7f71a3d1f2d0>,15,14,[8 2],16,30,44,14,16
1,<environment.Job instance at 0x7f71a39b4460>,27,15,[10  5],28,44,59,16,40
1,<environment.Job instance at 0x7f71a39b47d0>,29,18,[5 2],30,59,77,29,48
1,<environment.Job instance at 0x7f71a36b75f0>,34,3,[8 2],35,77,80,42,57
1,<environment.Job instance at 0x7f71a36b7e10>,35,14,[9 4],36,80,94,44,65
1,<environment.Job instance at 0x7f71600515f0>,52,13,[5 8],53,94,107,41,78
1,<environment.Job instance at 0x7f71a3d1f460>,10,16,[4 9],11,111,127,100,111
1,<environment.Job instance at 0x7f71aa0b2b90>,61,1,[ 5 10],62,127,128,65,111
1,<environment.Job instance at 0x7f71a3746960>,60,12,[9 3],61,128,140,67,120
1,<environment.Job instance at 0x7f715fdddeb0>,65,12,[10  4],66,140,152,74,130
1,<environment.Job instance at 0x7f716007a410>,69,12,[3 8],70,152,164,82,135
1,<environment.Job instance at 0x7f716007af00>,72,3,[4 6],73,164,167,91,141
1,<environment.Job instance at 0x7f716007a140>,73,2,[1 5],74,167,169,93,141
1,<environment.Job instance at 0x7f716002efa0>,76,1,[7 5],77,167,168,90,151
1,<environment.Job instance at 0x7f715fed63c0>,75,3,[10  1],76,169,172,93,153
1,<environment.Job instance at 0x7f71a3b15a50>,78,3,[6 4],79,164,167,85,153
1,<environment.Job instance at 0x7f71a3b15be0>,79,1,[9 5],80,168,169,88,153
1,<environment.Job instance at 0x7f715fc9f410>,36,12,[7 2],37,172,184,135,156
1,<environment.Job instance at 0x7f715ffe0d20>,82,2,[5 3],83,184,186,101,167
1,<environment.Job instance at 0x7f71a3cc90f0>,83,13,[ 4 10],84,186,199,102,170
1,<environment.Job instance at 0x7f71a3cc90a0>,87,13,[5 6],88,199,212,111,187
1,<environment.Job instance at 0x7f71a3cc9410>,90,3,[5 1],91,199,202,108,198
1,<environment.Job instance at 0x7f71a3cc98c0>,91,14,[4 6],92,212,226,120,198
1,<environment.Job instance at 0x7f71a3cc9050>,96,1,[7 2],97,226,227,129,199
1,<environment.Job instance at 0x7f715fa26be0>,6,14,[8 2],7,7,21,0,7
1,<environment.Job instance at 0x7f715f7f30f0>,11,17,[ 3 10],12,21,38,9,12
1,<environment.Job instance at 0x7f715f7f35f0>,21,13,[ 3 10],22,38,51,16,23
1,<environment.Job instance at 0x7f715f7f30a0>,24,18,[7 5],25,51,69,26,41
1,<environment.Job instance at 0x7f715f7f3d20>,26,1,[7 2],27,69,70,42,42
1,<environment.Job instance at 0x7f715fcd40f0>,13,2,[7 2],14,70,72,56,44
1,<environment.Job instance at 0x7f715f7f3960>,15,13,[3 7],16,69,82,53,64
1,<environment.Job instance at 0x7f715f8019b0>,30,2,[ 4 10],31,82,84,51,64
1,<environment.Job instance at 0x7f715f8015a0>,32,14,[1 7],33,84,98,51,69
1,<environment.Job instance at 0x7f715f801690>,37,17,[8 2],38,84,101,46,79
1,<environment.Job instance at 0x7f715f801cd0>,43,16,[9 3],44,107,123,63,107
1,<environment.Job instance at 0x7f715f857190>,49,12,[10  3],50,123,135,73,118
1,<environment.Job instance at 0x7f715f857550>,50,12,[9 5],51,135,147,84,118
1,<environment.Job instance at 0x7f715f857410>,54,17,[6 4],55,147,164,92,146
1,<environment.Job instance at 0x7f715f7dffa0>,65,16,[ 3 10],66,164,180,98,157
1,<environment.Job instance at 0x7f715f7df500>,68,1,[8 4],69,180,181,111,162
1,<environment.Job instance at 0x7f715f7df190>,69,15,[3 7],70,181,196,111,169
1,<environment.Job instance at 0x7f715f7f3190>,22,28,[1 7],23,221,249,198,221
1,<environment.Job instance at 0x7f715fb4c9b0>,4,15,[9 1],5,5,20,0,5
1,<environment.Job instance at 0x7f715fa30690>,9,17,[7 1],10,20,37,10,18
1,<environment.Job instance at 0x7f71a3cc96e0>,8,3,[6 2],9,37,40,28,18
1,<environment.Job instance at 0x7f71a3b150a0>,10,13,[1 5],11,22,35,11,22
1,<environment.Job instance at 0x7f715f8d0640>,13,13,[2 7],14,35,48,21,22
1,<environment.Job instance at 0x7f71aa16f9b0>,18,1,[2 8],19,59,60,40,59
1,<environment.Job instance at 0x7f71a35825a0>,21,3,[5 9],22,60,63,38,60
1,<environment.Job instance at 0x7f715f86ac80>,12,14,[5 6],13,84,98,71,84
1,<environment.Job instance at 0x7f71a38860f0>,33,22,[10  1],34,128,150,94,128
1,<environment.Job instance at 0x7f71a389b1e0>,46,16,[9 3],47,162,178,115,162
1,<environment.Job instance at 0x7f71a388a640>,48,16,[8 3],49,178,194,129,165
1,<environment.Job instance at 0x7f71a38920f0>,50,12,[1 6],51,165,177,114,165
1,<environment.Job instance at 0x7f71a389baa0>,37,16,[3 9],38,194,210,156,188
1,<environment.Job instance at 0x7f71a399df00>,56,14,[5 3],57,210,224,153,196
1,<environment.Job instance at 0x7f71a3784460>,57,2,[8 4],58,224,226,166,207
1,<environment.Job instance at 0x7f71a38af780>,60,3,[2 5],61,233,236,172,233
1,<environment.Job instance at 0x7f71600255a0>,10,1,[4 6],11,11,12,0,11
1,<environment.Job instance at 0x7f7160025960>,11,1,[2 7],12,15,16,3,15
1,<environment.Job instance at 0x7f71aa546780>,7,3,[3 5],8,21,24,13,21
1,<environment.Job instance at 0x7f71a3b15a00>,5,23,[1 8],6,24,47,18,21
1,<environment.Job instance at 0x7f71aa44d5a0>,21,18,[1 8],22,47,65,25,44
1,<environment.Job instance at 0x7f715f8cca50>,25,12,[9 4],26,65,77,39,49
1,<environment.Job instance at 0x7f71aa44da00>,26,2,[5 2],27,49,51,22,49
1,<environment.Job instance at 0x7f71a37d1c80>,28,2,[1 6],29,65,67,36,50
1,<environment.Job instance at 0x7f71a37d1af0>,29,3,[9 2],30,51,54,21,51
1,<environment.Job instance at 0x7f71aa5405a0>,32,3,[9 1],33,56,59,23,56
1,<environment.Job instance at 0x7f71aa217cd0>,34,16,[10  1],35,77,93,42,64
1,<environment.Job instance at 0x7f71aa217eb0>,35,18,[7 3],36,93,111,57,90
1,<environment.Job instance at 0x7f71a38dbf50>,51,18,[10  3],52,111,129,59,109
1,<environment.Job instance at 0x7f71a397c8c0>,31,13,[ 5 10],32,132,145,100,132
1,<environment.Job instance at 0x7f71a38db460>,58,15,[4 6],59,145,160,86,132
1,<environment.Job instance at 0x7f715fa18820>,67,18,[ 5 10],68,160,178,92,150
1,<environment.Job instance at 0x7f715fe06780>,74,14,[3 5],75,178,192,103,167
1,<environment.Job instance at 0x7f71aa80a960>,79,13,[5 7],80,192,205,112,185
1,<environment.Job instance at 0x7f715fe06aa0>,80,15,[10  1],81,205,220,124,192
1,<environment.Job instance at 0x7f71aa104a50>,48,18,[5 8],49,220,238,171,209
1,<environment.Job instance at 0x7f71a38d4910>,89,2,[7 5],90,238,240,148,211
1,<environment.Job instance at 0x7f715f8f8320>,5,13,[7 1],6,7,20,1,7
1,<environment.Job instance at 0x7f71aa456690>,8,12,[5 3],9,20,32,11,9
1,<environment.Job instance at 0x7f71aa57e460>,19,2,[5 8],20,32,34,12,22
1,<environment.Job instance at 0x7f715f794eb0>,20,15,[2 9],21,34,49,13,22
1,<environment.Job instance at 0x7f715f794fa0>,22,2,[3 7],23,23,25,0,23
1,<environment.Job instance at 0x7f715f794c80>,27,12,[5 6],28,49,61,21,34
1,<environment.Job instance at 0x7f715f794be0>,30,14,[1 8],31,61,75,30,50
1,<environment.Job instance at 0x7f71aa57e960>,14,15,[9 3],15,80,95,65,80
1,<environment.Job instance at 0x7f71aa59f5a0>,40,2,[5 1],41,95,97,54,81
1,<environment.Job instance at 0x7f71aa59fcd0>,42,3,[1 6],43,81,84,38,81
1,<environment.Job instance at 0x7f71aa59f230>,41,1,[10  5],42,97,98,55,81
1,<environment.Job instance at 0x7f71aa59f730>,39,2,[5 9],40,95,97,55,84
1,<environment.Job instance at 0x7f71aa59feb0>,46,3,[1 5],47,84,87,37,84
1,<environment.Job instance at 0x7f71aa59fb90>,48,13,[4 6],49,98,111,49,84
1,<environment.Job instance at 0x7f71aa59f0f0>,50,2,[5 2],51,98,100,47,86
1,<environment.Job instance at 0x7f71aa59fa00>,49,3,[7 3],50,111,114,61,93
1,<environment.Job instance at 0x7f715fdb52d0>,53,14,[8 5],54,114,128,60,100
1,<environment.Job instance at 0x7f71aa59ffa0>,51,18,[1 6],52,128,146,76,117
1,<environment.Job instance at 0x7f715fdb5690>,58,1,[2 6],59,146,147,87,129
1,<environment.Job instance at 0x7f715fdb5370>,61,15,[2 9],62,147,162,85,133
1,<environment.Job instance at 0x7f71aa5bf2d0>,73,16,[8 3],74,162,178,88,150
1,<environment.Job instance at 0x7f71aa5bf5a0>,76,15,[5 2],77,178,193,101,164
1,<environment.Job instance at 0x7f715fdb5500>,59,18,[5 6],60,184,202,124,184
1,<environment.Job instance at 0x7f715fe49230>,81,3,[10  2],82,202,205,120,194
1,<environment.Job instance at 0x7f715f870910>,84,2,[3 8],85,205,207,120,196
1,<environment.Job instance at 0x7f715fdb5320>,63,27,[2 5],64,210,237,146,210
1,<environment.Job instance at 0x7f715f870a00>,88,3,[2 6],89,237,240,148,212
1,<environment.Job instance at 0x7f715f8704b0>,90,18,[2 5],91,212,230,121,212
1,<environment.Job instance at 0x7f71a3bed4b0>,6,13,[9 2],7,9,22,2,9
1,<environment.Job instance at 0x7f715fdcfa00>,11,16,[10  2],12,22,38,10,13
1,<environment.Job instance at 0x7f71601809b0>,12,1,[9 5],13,38,39,25,19
1,<environment.Job instance at 0x7f715fec7cd0>,17,13,[ 5 10],18,39,52,21,27
1,<environment.Job instance at 0x7f715fec7780>,20,1,[8 5],21,52,53,31,27
1,<environment.Job instance at 0x7f715f7829b0>,21,2,[9 5],22,53,55,31,27
1,<environment.Job instance at 0x7f715fec7d20>,19,2,[8 3],20,55,57,35,32
1,<environment.Job instance at 0x7f71aa632190>,24,2,[9 4],25,57,59,32,35
1,<environment.Job instance at 0x7f71a39780f0>,25,2,[2 8],26,59,61,33,35
1,<environment.Job instance at 0x7f71aa6324b0>,22,15,[4 5],23,61,76,38,47
1,<environment.Job instance at 0x7f71a3657140>,36,13,[ 1 10],37,76,89,39,69
1,<environment.Job instance at 0x7f71a3657910>,40,14,[10  2],41,89,103,48,79
1,<environment.Job instance at 0x7f71aa5a69b0>,51,16,[3 6],52,123,139,71,123
1,<environment.Job instance at 0x7f71aa5a6410>,55,13,[5 1],56,131,144,75,131
1,<environment.Job instance at 0x7f71aa5a6d70>,56,16,[6 2],57,144,160,87,131
1,<environment.Job instance at 0x7f71aa5a63c0>,58,14,[3 7],59,139,153,80,133
1,<environment.Job instance at 0x7f71aa5a6640>,59,12,[3 8],60,153,165,93,139
1,<environment.Job instance at 0x7f71aa57f1e0>,63,18,[8 4],64,165,183,101,156
1,<environment.Job instance at 0x7f71aa57fd70>,67,13,[9 3],68,183,196,115,168
1,<environment.Job instance at 0x7f71aa57feb0>,70,15,[2 7],71,196,211,125,182
1,<environment.Job instance at 0x7f715f7d9be0>,89,15,[3 9],90,214,229,124,214
1,<environment.Job instance at 0x7fecef973140>,0,18,[ 2 10],1,1,19,0,1
1,<environment.Job instance at 0x7fece8564230>,9,17,[ 4 10],10,19,36,9,18
1,<environment.Job instance at 0x7fece8564820>,11,2,[3 9],12,36,38,24,18
1,<environment.Job instance at 0x7fece85647d0>,12,3,[6 3],13,38,41,25,18
1,<environment.Job instance at 0x7fece8564910>,14,12,[3 7],15,38,50,23,21
1,<environment.Job instance at 0x7fece8564a50>,16,12,[1 8],17,50,62,33,33
1,<environment.Job instance at 0x7fece8564410>,7,14,[5 1],8,41,55,33,35
1,<environment.Job instance at 0x7fece8565500>,25,3,[1 6],26,62,65,36,37
1,<environment.Job instance at 0x7fece85651e0>,23,18,[5 2],24,55,73,31,47
1,<environment.Job instance at 0x7fece8565cd0>,33,2,[5 3],34,65,67,31,51
1,<environment.Job instance at 0x7fece8565b90>,34,3,[9 5],35,73,76,38,51
1,<environment.Job instance at 0x7fece85684b0>,37,14,[5 5],38,76,90,38,63
1,<environment.Job instance at 0x7fece8568500>,40,1,[1 8],41,90,91,49,77
1,<environment.Job instance at 0x7fece8568820>,41,14,[6 1],42,90,104,48,77
1,<environment.Job instance at 0x7fece85685a0>,38,12,[3 6],39,91,103,52,77
1,<environment.Job instance at 0x7fece8568730>,45,16,[6 2],46,104,120,58,103
1,<environment.Job instance at 0x7fece8568be0>,47,1,[2 6],48,103,104,55,103
1,<environment.Job instance at 0x7fece8568870>,48,13,[6 1],49,120,133,71,104
1,<environment.Job instance at 0x7fece856d1e0>,51,2,[4 9],52,120,122,68,104
1,<environment.Job instance at 0x7fece856d370>,55,17,[4 7],56,125,142,69,125
1,<environment.Job instance at 0x7fece856d690>,57,3,[8 4],58,142,145,84,128
1,<environment.Job instance at 0x7fece856d780>,59,14,[ 2 10],60,145,159,85,130
1,<environment.Job instance at 0x7fece8564690>,8,17,[ 2 10],9,159,176,150,149
1,<environment.Job instance at 0x7fece856db90>,66,3,[ 2 10],67,176,179,109,160
1,<environment.Job instance at 0x7fece856dc80>,64,12,[6 1],65,179,191,114,168
1,<environment.Job instance at 0x7fece856deb0>,69,13,[7 2],70,191,204,121,175
1,<environment.Job instance at 0x7fece856de10>,71,1,[8 2],72,204,205,132,176
1,<environment.Job instance at 0x7fece856e1e0>,73,3,[10  4],74,205,208,131,179
1,<environment.Job instance at 0x7fece856e230>,74,1,[6 2],75,208,209,133,180
1,<environment.Job instance at 0x7fece856e5a0>,76,13,[1 5],77,180,193,103,180
1,<environment.Job instance at 0x7fece856e2d0>,75,3,[6 4],76,209,212,133,183
1,<environment.Job instance at 0x7fece856e820>,79,17,[2 7],80,212,229,132,200
1,<environment.Job instance at 0x7fece8571f50>,1,14,[5 3],2,2,16,0,2
1,<environment.Job instance at 0x7fece857f370>,7,13,[ 4 10],8,16,29,8,8
1,<environment.Job instance at 0x7feca47cd730>,12,2,[8 2],13,29,31,16,25
1,<environment.Job instance at 0x7fece857ef00>,10,12,[2 5],11,29,41,18,25
1,<environment.Job instance at 0x7fece857f190>,13,1,[3 9],14,41,42,27,25
1,<environment.Job instance at 0x7feca47dc0a0>,17,2,[9 3],18,42,44,24,25
1,<environment.Job instance at 0x7feca47cde10>,11,1,[5 1],12,31,32,19,29
1,<environment.Job instance at 0x7feca47dceb0>,18,14,[8 5],19,44,58,25,29
1,<environment.Job instance at 0x7feca47dacd0>,25,16,[ 3 10],26,58,74,32,48
1,<environment.Job instance at 0x7feca47fdeb0>,28,2,[ 3 10],29,74,76,45,57
1,<environment.Job instance at 0x7feca47ff0a0>,30,2,[3 8],31,76,78,45,58
1,<environment.Job instance at 0x7feca47bbe10>,34,17,[10  2],35,78,95,43,72
1,<environment.Job instance at 0x7feca4958cd0>,40,17,[2 9],41,95,112,54,83
1,<environment.Job instance at 0x7feca4961cd0>,43,12,[5 1],44,99,111,55,99
1,<environment.Job instance at 0x7feca4961690>,44,13,[5 9],45,112,125,67,99
1,<environment.Job instance at 0x7feca49610f0>,46,16,[7 2],47,125,141,78,117
1,<environment.Job instance at 0x7feca4961d20>,50,2,[4 5],51,141,143,90,118
1,<environment.Job instance at 0x7feca493c910>,55,17,[3 5],56,144,161,88,144
1,<environment.Job instance at 0x7feca495f550>,57,1,[7 2],58,149,150,91,149
1,<environment.Job instance at 0x7feca47dc5a0>,15,17,[10  5],16,161,178,145,149
1,<environment.Job instance at 0x7feca493d9b0>,62,16,[8 5],63,178,194,115,165
1,<environment.Job instance at 0x7feca495f230>,59,12,[5 4],60,194,206,134,177
1,<environment.Job instance at 0x7feca49646e0>,73,18,[1 6],74,194,212,120,186
1,<environment.Job instance at 0x7feca49645a0>,74,15,[9 5],75,212,227,137,198
1,<environment.Job instance at 0x7feca4964280>,81,3,[1 8],82,227,230,145,213
1,<environment.Job instance at 0x7feca4959640>,83,14,[3 5],84,230,244,146,215
1,<environment.Job instance at 0x7fece857e190>,4,12,[3 5],5,11,23,6,11
1,<environment.Job instance at 0x7fece856e140>,7,2,[5 9],8,23,25,15,11
1,<environment.Job instance at 0x7feca47dcf50>,14,12,[2 9],15,25,37,10,15
1,<environment.Job instance at 0x7feca4836280>,18,16,[3 6],19,37,53,18,31
1,<environment.Job instance at 0x7feca4836dc0>,22,2,[1 5],23,56,58,33,56
1,<environment.Job instance at 0x7feca4836640>,23,12,[8 5],24,56,68,32,56
1,<environment.Job instance at 0x7feca4836500>,25,12,[2 5],26,58,70,32,56
1,<environment.Job instance at 0x7fece8333690>,26,3,[2 7],27,70,73,43,56
1,<environment.Job instance at 0x7fece86e9d70>,28,3,[4 7],29,73,76,44,56
1,<environment.Job instance at 0x7fece87b4280>,30,17,[7 1],31,76,93,45,64
1,<environment.Job instance at 0x7fece8402b90>,38,14,[3 6],39,109,123,70,109
1,<environment.Job instance at 0x7feca493bc30>,8,17,[2 8],9,123,140,114,112
1,<environment.Job instance at 0x7fecefae4780>,44,2,[1 9],45,140,142,95,114
1,<environment.Job instance at 0x7fecefaedfa0>,48,12,[8 2],49,142,154,93,138
1,<environment.Job instance at 0x7fecefaed690>,52,17,[9 1],53,154,171,101,142
1,<environment.Job instance at 0x7feca4821e10>,60,16,[1 9],61,159,175,98,159
1,<environment.Job instance at 0x7feca4821af0>,61,3,[3 7],62,175,178,113,161
1,<environment.Job instance at 0x7feca48214b0>,62,17,[4 6],63,178,195,115,172
1,<environment.Job instance at 0x7feca4821b90>,65,12,[4 7],66,195,207,129,195
1,<environment.Job instance at 0x7fece834cfa0>,67,13,[4 6],68,207,220,139,195
1,<environment.Job instance at 0x7feca4821a00>,69,17,[5 1],70,198,215,128,198
1,<environment.Job instance at 0x7feca47cd550>,71,18,[5 7],72,220,238,148,209
1,<environment.Job instance at 0x7feca47cd230>,72,13,[8 1],73,238,251,165,222
1,<environment.Job instance at 0x7fecef2ded70>,4,13,[1 9],5,7,20,2,7
1,<environment.Job instance at 0x7feca4b74280>,5,16,[4 5],6,20,36,14,7
1,<environment.Job instance at 0x7feceee19c30>,8,1,[5 3],9,20,21,11,13
1,<environment.Job instance at 0x7feceefd29b0>,2,12,[3 8],3,36,48,33,19
1,<environment.Job instance at 0x7fece8889960>,11,15,[3 5],12,21,36,9,19
1,<environment.Job instance at 0x7fece866aaa0>,10,18,[4 6],11,48,66,37,41
1,<environment.Job instance at 0x7fece83c5af0>,17,18,[1 7],18,66,84,48,55
1,<environment.Job instance at 0x7fece89400f0>,27,12,[5 5],28,94,106,66,94
1,<environment.Job instance at 0x7fece859d140>,29,12,[9 1],30,106,118,76,94
1,<environment.Job instance at 0x7fece855e0f0>,18,19,[1 6],19,106,125,87,96
1,<environment.Job instance at 0x7fece85d7640>,30,14,[8 4],31,118,132,87,104
1,<environment.Job instance at 0x7fece8848aa0>,42,3,[4 9],43,132,135,89,121
1,<environment.Job instance at 0x7fece8848af0>,43,12,[ 2 10],44,135,147,91,121
1,<environment.Job instance at 0x7fece855c0f0>,34,12,[4 7],35,147,159,112,136
1,<environment.Job instance at 0x7fece8848cd0>,49,1,[8 3],50,159,160,109,137
1,<environment.Job instance at 0x7fece854f140>,51,3,[1 6],52,159,162,107,142
1,<environment.Job instance at 0x7fece854f8c0>,52,3,[4 9],53,162,165,109,145
1,<environment.Job instance at 0x7fece854f370>,54,14,[7 5],55,165,179,110,152
1,<environment.Job instance at 0x7fece854f690>,53,18,[ 1 10],54,179,197,125,171
1,<environment.Job instance at 0x7fece85cef50>,62,2,[5 5],63,197,199,134,174
1,<environment.Job instance at 0x7fece854d910>,63,1,[7 1],64,199,200,135,174
1,<environment.Job instance at 0x7fece870fdc0>,68,16,[9 2],69,200,216,131,187
1,<environment.Job instance at 0x7fece877c730>,71,13,[1 9],72,216,229,144,208
1,<environment.Job instance at 0x7fece85a6460>,76,14,[9 2],77,229,243,152,214
1,<environment.Job instance at 0x7feca4b3f2d0>,1,12,[5 6],2,2,14,0,2
1,<environment.Job instance at 0x7fece88485f0>,8,14,[9 1],9,14,28,5,9
1,<environment.Job instance at 0x7fece86743c0>,9,17,[1 9],10,14,31,4,10
1,<environment.Job instance at 0x7fecef1daeb0>,15,1,[8 4],16,31,32,15,17
1,<environment.Job instance at 0x7feca4bb3f00>,12,15,[6 2],13,32,47,19,18
1,<environment.Job instance at 0x7fece89a5690>,20,2,[2 7],21,32,34,11,21
1,<environment.Job instance at 0x7fece89a5be0>,21,12,[1 8],22,34,46,12,22
1,<environment.Job instance at 0x7fece83ec2d0>,27,12,[7 2],28,48,60,20,48
1,<environment.Job instance at 0x7feca4c52410>,30,13,[5 3],31,60,73,29,48
1,<environment.Job instance at 0x7feca4c4bf50>,31,3,[5 2],32,60,63,28,54
1,<environment.Job instance at 0x7feca4c4bb40>,32,17,[9 4],33,73,90,40,61
1,<environment.Job instance at 0x7feca4c36a00>,46,3,[8 3],47,105,108,58,105
1,<environment.Job instance at 0x7feca4c552d0>,52,17,[ 2 10],53,108,125,55,106
1,<environment.Job instance at 0x7feca4c30c30>,54,12,[9 1],55,125,137,70,111
1,<environment.Job instance at 0x7feca4c30870>,56,13,[4 7],57,137,150,80,121
1,<environment.Job instance at 0x7feca4c535a0>,35,16,[9 4],36,150,166,114,137
1,<environment.Job instance at 0x7feca4c43460>,63,15,[4 9],64,166,181,102,152
1,<environment.Job instance at 0x7feca4c438c0>,71,18,[4 8],72,181,199,109,171
1,<environment.Job instance at 0x7feca4c43c80>,73,3,[8 4],74,199,202,125,174
1,<environment.Job instance at 0x7feca4c4f9b0>,74,14,[3 8],75,202,216,127,189
1,<environment.Job instance at 0x7feca4c4f870>,78,18,[4 6],79,216,234,137,209
1,<environment.Job instance at 0x7feca4b5faa0>,7,19,[1 5],8,18,37,10,18
1,<environment.Job instance at 0x7feca4b58e60>,9,18,[6 4],10,18,36,8,18
1,<environment.Job instance at 0x7feca4b58d70>,18,15,[7 3],19,48,63,29,48
1,<environment.Job instance at 0x7feca4b58640>,19,17,[9 2],20,63,80,43,51
1,<environment.Job instance at 0x7feca4b58d20>,22,3,[7 1],23,80,83,57,54
1,<environment.Job instance at 0x7feca4b5a910>,25,17,[3 6],26,80,97,54,74
1,<environment.Job instance at 0x7feca4b5acd0>,32,15,[5 9],33,97,112,64,83
1,<environment.Job instance at 0x7feca4b5aaf0>,37,2,[6 3],38,112,114,74,96
1,<environment.Job instance at 0x7feca4b5ad70>,38,2,[2 8],39,114,116,75,97
1,<environment.Job instance at 0x7feca4b5ad20>,39,12,[9 4],40,116,128,76,99
1,<environment.Job instance at 0x7feca4b5aaa0>,41,2,[3 8],42,128,130,86,107
1,<environment.Job instance at 0x7fece8413e60>,45,2,[ 2 10],46,130,132,84,107
1,<environment.Job instance at 0x7fece8413320>,46,2,[7 1],47,114,116,67,107
1,<environment.Job instance at 0x7fece8413960>,48,16,[7 2],49,132,148,83,121
1,<environment.Job instance at 0x7fece8413910>,47,18,[3 8],48,132,150,84,121
1,<environment.Job instance at 0x7fecef221af0>,54,3,[4 5],55,150,153,95,129
1,<environment.Job instance at 0x7fece8413e10>,52,2,[3 6],53,153,155,100,129
1,<environment.Job instance at 0x7fece8413640>,49,1,[1 8],50,155,156,105,129
1,<environment.Job instance at 0x7fece84131e0>,50,1,[8 1],51,155,156,104,132
1,<environment.Job instance at 0x7fecef2214b0>,58,3,[6 1],59,148,151,89,133
1,<environment.Job instance at 0x7fecef221190>,59,3,[8 2],60,156,159,96,134
1,<environment.Job instance at 0x7feceef83b40>,66,12,[3 9],67,161,173,94,161
1,<environment.Job instance at 0x7feceef838c0>,68,16,[4 8],69,173,189,104,167
1,<environment.Job instance at 0x7feca4b740a0>,76,1,[7 4],77,189,190,112,185
1,<environment.Job instance at 0x7feca4b74af0>,77,16,[1 7],78,190,206,112,186
1,<environment.Job instance at 0x7feca498eb40>,80,15,[4 7],81,206,221,125,195
1,<environment.Job instance at 0x7feceef83280>,70,15,[2 8],71,221,236,150,208
1,<environment.Job instance at 0x7feca498eb90>,84,13,[8 2],85,221,234,136,208
1,<environment.Job instance at 0x7fece8a07870>,1,15,[5 4],2,2,17,0,2
1,<environment.Job instance at 0x7feca4e418c0>,3,17,[5 9],4,17,34,13,5
1,<environment.Job instance at 0x7fece86b0be0>,10,12,[10  1],11,34,46,23,18
1,<environment.Job instance at 0x7fece86b0f00>,13,12,[10  1],14,46,58,32,31
1,<environment.Job instance at 0x7fecef33dfa0>,24,18,[5 5],25,58,76,33,47
1,<environment.Job instance at 0x7fecef875d20>,30,13,[2 6],31,76,89,45,60
1,<environment.Job instance at 0x7fece8583640>,34,15,[5 6],35,89,104,54,75
1,<environment.Job instance at 0x7fece86b0730>,12,16,[9 4],13,104,120,91,103
1,<environment.Job instance at 0x7fece84ae370>,42,2,[3 6],43,120,122,77,104
1,<environment.Job instance at 0x7fece84ae050>,44,12,[9 1],45,122,134,77,105
1,<environment.Job instance at 0x7fece84ae870>,46,1,[6 3],47,120,121,73,110
1,<environment.Job instance at 0x7feceef2d7d0>,47,17,[1 9],48,122,139,74,110
1,<environment.Job instance at 0x7feceef2ddc0>,51,14,[5 8],52,139,153,87,124
1,<environment.Job instance at 0x7fece86f35f0>,58,13,[4 6],59,153,166,94,144
1,<environment.Job instance at 0x7fece86f3c80>,60,12,[7 4],61,166,178,105,149
1,<environment.Job instance at 0x7fece86f3320>,61,1,[4 5],62,178,179,116,150
1,<environment.Job instance at 0x7feca492dcd0>,62,3,[8 1],63,179,182,116,153
1,<environment.Job instance at 0x7feca492d730>,64,16,[7 4],65,182,198,117,169
1,<environment.Job instance at 0x7fece8687140>,69,2,[5 8],70,198,200,128,176
1,<environment.Job instance at 0x7fece8687910>,70,15,[5 3],71,200,215,129,188
1,<environment.Job instance at 0x7fece8687500>,71,18,[4 7],72,200,218,128,190
1,<environment.Job instance at 0x7fece8941cd0>,78,2,[3 6],79,218,220,139,201
1,<environment.Job instance at 0x7fece8613eb0>,80,15,[5 5],81,220,235,139,206
1,<environment.Job instance at 0x7fece85306e0>,6,1,[9 2],7,7,8,0,7
1,<environment.Job instance at 0x7fecef18ae10>,7,1,[5 3],8,8,9,0,8
1,<environment.Job instance at 0x7fece876db90>,8,18,[5 9],9,9,27,0,9
1,<environment.Job instance at 0x7feca4d820f0>,5,3,[2 8],6,27,30,21,11
1,<environment.Job instance at 0x7feca4e416e0>,11,2,[1 9],12,30,32,18,12
1,<environment.Job instance at 0x7fece888ee10>,16,1,[5 2],17,29,30,12,29
1,<environment.Job instance at 0x7feceefbca00>,17,13,[10  4],18,32,45,14,29
1,<environment.Job instance at 0x7feca474af00>,19,13,[8 2],20,45,58,25,29
1,<environment.Job instance at 0x7fece8718550>,13,13,[8 4],14,58,71,44,43
1,<environment.Job instance at 0x7feca4759320>,27,18,[1 6],28,66,84,38,66
1,<environment.Job instance at 0x7feca47593c0>,28,2,[1 9],29,84,86,55,66
1,<environment.Job instance at 0x7feca47595a0>,30,17,[9 2],31,86,103,55,74
1,<environment.Job instance at 0x7feca4759640>,29,14,[5 1],30,103,117,73,90
1,<environment.Job instance at 0x7feca4759e10>,41,1,[2 5],42,103,104,61,90
1,<environment.Job instance at 0x7feca4759f50>,44,1,[5 5],45,104,105,59,103
1,<environment.Job instance at 0x7feca47590f0>,22,16,[5 4],23,105,121,82,103
1,<environment.Job instance at 0x7feca4759500>,42,13,[ 3 10],43,121,134,78,106
1,<environment.Job instance at 0x7feca4734410>,50,2,[5 4],51,117,119,66,115
1,<environment.Job instance at 0x7feca47347d0>,55,16,[4 9],56,134,150,78,134
1,<environment.Job instance at 0x7feca4734910>,56,18,[5 5],57,150,168,93,140
1,<environment.Job instance at 0x7feca4734cd0>,62,18,[3 8],63,168,186,105,157
1,<environment.Job instance at 0x7feca4745640>,72,18,[3 7],73,186,204,113,175
1,<environment.Job instance at 0x7feca4745730>,83,13,[5 6],84,204,217,120,192
1,<environment.Job instance at 0x7feca4745f50>,86,13,[8 1],87,217,230,130,201
1,<environment.Job instance at 0x7fece888e640>,3,1,[1 7],4,4,5,0,4
1,<environment.Job instance at 0x7fecef009550>,10,1,[5 2],11,34,35,23,34
1,<environment.Job instance at 0x7fece8527910>,17,15,[ 4 10],18,46,61,28,46
1,<environment.Job instance at 0x7fece8527230>,18,12,[ 1 10],19,61,73,42,46
1,<environment.Job instance at 0x7feca4d8b320>,24,15,[2 7],25,73,88,48,70
1,<environment.Job instance at 0x7feca4be39b0>,29,12,[5 8],30,88,100,58,77
1,<environment.Job instance at 0x7fece84b6b40>,35,1,[7 3],36,78,79,42,78
1,<environment.Job instance at 0x7fece8821730>,36,3,[5 5],37,100,103,63,78
1,<environment.Job instance at 0x7feca4bc4c80>,37,2,[3 7],38,103,105,65,78
1,<environment.Job instance at 0x7fece83630f0>,7,18,[1 9],8,105,123,97,95
1,<environment.Job instance at 0x7fece8578690>,44,17,[8 5],45,123,140,78,112
1,<environment.Job instance at 0x7fecdd245a00>,48,13,[10  4],49,140,153,91,124
1,<environment.Job instance at 0x7fece82fdaa0>,56,15,[ 3 10],57,153,168,96,139
1,<environment.Job instance at 0x7feceee6e3c0>,61,12,[5 8],62,168,180,106,151
1,<environment.Job instance at 0x7feca4939fa0>,71,17,[5 8],72,180,197,108,175
1,<environment.Job instance at 0x7fecef009460>,14,17,[10  5],15,197,214,182,190
1,<environment.Job instance at 0x7feca4939640>,73,14,[3 6],74,214,228,140,199
1,<environment.Job instance at 0x7feca4939aa0>,82,16,[6 1],83,216,232,133,216
1,<environment.Job instance at 0x7feca4939a50>,83,14,[ 4 10],84,232,246,148,217
1,<environment.Job instance at 0x7feca4a75690>,6,15,[3 9],7,12,27,5,12
1,<environment.Job instance at 0x7feca4a75c30>,5,3,[9 1],6,27,30,21,13
1,<environment.Job instance at 0x7fecd498eeb0>,3,3,[6 5],4,30,33,26,14
1,<environment.Job instance at 0x7feca4a755f0>,8,12,[5 4],9,33,45,24,16
1,<environment.Job instance at 0x7fecef8635a0>,17,12,[6 5],18,45,57,27,29
1,<environment.Job instance at 0x7feca4e1b370>,22,3,[5 8],23,57,60,34,47
1,<environment.Job instance at 0x7feca4e00cd0>,24,16,[5 8],25,60,76,35,47
1,<environment.Job instance at 0x7fece83b6370>,27,3,[2 7],28,76,79,48,54
1,<environment.Job instance at 0x7feca4a75140>,10,13,[8 3],11,76,89,65,60
1,<environment.Job instance at 0x7fece89ff640>,31,15,[3 7],32,89,104,57,75
1,<environment.Job instance at 0x7feca4a4a7d0>,45,3,[3 9],46,104,107,58,79
1,<environment.Job instance at 0x7feca4a6f370>,33,14,[6 2],34,89,103,55,87
1,<environment.Job instance at 0x7feca4c4cf00>,61,17,[7 4],62,108,125,46,108
1,<environment.Job instance at 0x7fece882b500>,63,14,[ 5 10],64,125,139,61,110
1,<environment.Job instance at 0x7fecef4cd2d0>,66,16,[3 8],67,139,155,72,126
1,<environment.Job instance at 0x7fece863ba50>,74,12,[7 1],75,152,164,77,152
1,<environment.Job instance at 0x7feceefaca50>,80,18,[9 3],81,164,182,83,162
1,<environment.Job instance at 0x7fece83c6e10>,86,17,[4 8],87,182,199,95,173
1,<environment.Job instance at 0x7fece884cd70>,88,16,[8 4],89,199,215,110,195
1,<environment.Job instance at 0x7fecef30edc0>,90,15,[3 7],91,215,230,124,204
1,<environment.Job instance at 0x7fecef22d5a0>,3,16,[ 5 10],4,4,20,0,4
1,<environment.Job instance at 0x7feceeeccc80>,4,17,[3 5],5,20,37,15,8
1,<environment.Job instance at 0x7fecef36eeb0>,13,13,[6 5],14,20,33,6,14
1,<environment.Job instance at 0x7fece836a550>,19,3,[7 4],20,33,36,13,24
1,<environment.Job instance at 0x7fecef2d7820>,18,12,[6 3],19,36,48,17,24
1,<environment.Job instance at 0x7feceeed32d0>,22,3,[10  3],23,48,51,25,24
1,<environment.Job instance at 0x7feceeed3230>,21,3,[4 5],22,44,47,22,44
1,<environment.Job instance at 0x7feca46529b0>,12,14,[6 2],13,51,65,38,44
1,<environment.Job instance at 0x7feceeed33c0>,26,14,[10  3],27,65,79,38,50
1,<environment.Job instance at 0x7feceeed3910>,33,15,[2 7],34,79,94,45,65
1,<environment.Job instance at 0x7feceeed3cd0>,38,12,[ 1 10],39,94,106,55,77
1,<environment.Job instance at 0x7feceeed3f50>,42,12,[7 3],43,106,118,63,97
1,<environment.Job instance at 0x7feceeef05a0>,48,18,[1 5],49,107,125,58,107
1,<environment.Job instance at 0x7feceeef07d0>,49,2,[1 6],50,125,127,75,107
1,<environment.Job instance at 0x7feceeed3780>,29,17,[5 2],30,118,135,88,109
1,<environment.Job instance at 0x7feceeef0c80>,58,13,[8 5],59,141,154,82,141
1,<environment.Job instance at 0x7feceeef0e60>,59,15,[4 6],60,154,169,94,148
1,<environment.Job instance at 0x7feceeed3550>,27,17,[5 6],28,169,186,141,163
1,<environment.Job instance at 0x7feceeedf320>,67,15,[1 8],68,186,201,118,172
1,<environment.Job instance at 0x7feceeedf230>,66,12,[6 2],67,186,198,119,185
1,<environment.Job instance at 0x7feceeedf910>,75,3,[2 8],76,201,204,125,186
1,<environment.Job instance at 0x7feceeedfc80>,78,3,[4 5],79,204,207,125,202
1,<environment.Job instance at 0x7feceeedfd20>,80,13,[3 7],81,211,224,130,211
1,<environment.Job instance at 0x7feceeedfb90>,81,1,[7 2],82,211,212,129,211
1,<environment.Job instance at 0x7feceeedfb90>,3,14,[6 4],4,4,18,0,4
1,<environment.Job instance at 0x7feca4b3d9b0>,5,12,[10  3],6,18,30,12,6
1,<environment.Job instance at 0x7feca4b3d190>,11,16,[1 5],12,30,46,18,21
1,<environment.Job instance at 0x7fece8999820>,26,3,[8 4],27,47,50,20,47
1,<environment.Job instance at 0x7fece8999870>,27,16,[1 7],28,50,66,22,47
1,<environment.Job instance at 0x7fece8999e60>,30,16,[5 9],31,66,82,35,53
1,<environment.Job instance at 0x7feca4b3d5f0>,15,3,[ 1 10],16,82,85,66,66
1,<environment.Job instance at 0x7fece8999690>,37,27,[4 8],38,87,114,49,87
1,<environment.Job instance at 0x7fece89f9c30>,44,3,[10  5],45,114,117,69,100
1,<environment.Job instance at 0x7fece89f9f00>,45,3,[6 3],46,117,120,71,100
1,<environment.Job instance at 0x7fece89f9e10>,40,15,[8 5],41,120,135,79,107
1,<environment.Job instance at 0x7feca4c43730>,50,1,[10  3],51,135,136,84,108
1,<environment.Job instance at 0x7feca4c43960>,57,18,[5 3],58,136,154,78,131
1,<environment.Job instance at 0x7feca4c436e0>,64,13,[8 1],65,154,167,89,138
1,<environment.Job instance at 0x7feca4c53780>,67,2,[7 1],68,167,169,99,143
1,<environment.Job instance at 0x7feca4c53fa0>,68,2,[5 5],69,149,151,80,149
1,<environment.Job instance at 0x7feca4c532d0>,71,14,[7 5],72,169,183,97,155
1,<environment.Job instance at 0x7feca4c53be0>,76,17,[5 1],77,183,200,106,173
1,<environment.Job instance at 0x7feca4c53cd0>,77,13,[6 1],78,200,213,122,184
1,<environment.Job instance at 0x7feca46eddc0>,79,16,[5 5],80,184,200,104,184
1,<environment.Job instance at 0x7feca46ed6e0>,83,13,[2 7],84,200,213,116,185
1,<environment.Job instance at 0x7feca46ed1e0>,88,18,[6 5],89,213,231,124,202
1,<environment.Job instance at 0x7feca4b3d3c0>,2,15,[1 9],3,3,18,0,3
1,<environment.Job instance at 0x7feca4b3d820>,3,18,[10  4],4,18,36,14,7
1,<environment.Job instance at 0x7feca47ffb90>,6,2,[5 1],7,13,15,6,13
1,<environment.Job instance at 0x7feca4efe190>,10,16,[10  2],11,36,52,25,23
1,<environment.Job instance at 0x7fece83c1050>,14,1,[4 6],15,52,53,37,25
1,<environment.Job instance at 0x7fece87adaa0>,21,13,[8 2],22,53,66,31,39
1,<environment.Job instance at 0x7fece86cfb90>,25,16,[2 9],26,66,82,40,53
1,<environment.Job instance at 0x7fece86cf0a0>,36,12,[9 1],37,82,94,45,68
1,<environment.Job instance at 0x7fece86cf7d0>,39,13,[9 4],40,94,107,54,79
1,<environment.Job instance at 0x7fecef998410>,46,13,[4 9],47,107,120,60,107
1,<environment.Job instance at 0x7fecef998960>,51,18,[5 6],52,120,138,68,110
1,<environment.Job instance at 0x7feca475d910>,56,15,[1 6],57,138,153,81,124
1,<environment.Job instance at 0x7feca475d2d0>,58,3,[7 1],59,138,141,79,131
1,<environment.Job instance at 0x7feca475dd20>,62,16,[3 7],63,153,169,90,140
1,<environment.Job instance at 0x7feceeddf410>,81,18,[7 3],82,205,223,123,205
1,<environment.Job instance at 0x7feceeddf140>,82,17,[1 7],83,207,224,124,207
1,<environment.Job instance at 0x7feceeddff00>,85,12,[8 1],86,223,235,137,214
1,<environment.Job instance at 0x7feca45827d0>,7,17,[5 6],8,9,26,1,9
1,<environment.Job instance at 0x7feca4e17640>,15,14,[6 3],16,26,40,10,22
1,<environment.Job instance at 0x7feca4e172d0>,14,12,[2 9],15,40,52,25,24
1,<environment.Job instance at 0x7feca4b6e960>,13,3,[7 5],14,52,55,38,27
1,<environment.Job instance at 0x7feca491bbe0>,21,2,[ 1 10],22,55,57,33,38
1,<environment.Job instance at 0x7feca4b74910>,18,14,[2 8],19,57,71,38,42
1,<environment.Job instance at 0x7feca48eecd0>,27,2,[1 6],28,71,73,43,52
1,<environment.Job instance at 0x7feca48eeaf0>,28,3,[10  2],29,73,76,44,52
1,<environment.Job instance at 0x7feca48ee960>,30,1,[7 3],31,71,72,40,52
1,<environment.Job instance at 0x7feca48ee320>,31,12,[7 1],32,57,69,25,52
1,<environment.Job instance at 0x7feca48f0870>,32,13,[6 3],33,76,89,43,60
1,<environment.Job instance at 0x7feca48f0410>,38,12,[5 3],39,89,101,50,72
1,<environment.Job instance at 0x7feca491be60>,23,13,[10  5],24,101,114,77,87
1,<environment.Job instance at 0x7feca48bae60>,45,14,[8 2],46,114,128,68,99
1,<environment.Job instance at 0x7feceedd5d70>,47,2,[1 9],48,128,130,80,102
1,<environment.Job instance at 0x7feca48bf910>,50,1,[3 6],51,130,131,79,102
1,<environment.Job instance at 0x7fece836f3c0>,56,2,[9 1],57,128,130,71,121
1,<environment.Job instance at 0x7feceedea3c0>,59,18,[5 2],60,130,148,70,121
1,<environment.Job instance at 0x7fece88b37d0>,61,2,[7 3],62,148,150,86,125
1,<environment.Job instance at 0x7feca47007d0>,62,13,[6 1],63,150,163,87,134
1,<environment.Job instance at 0x7fece898b1e0>,65,14,[9 4],66,163,177,97,148
1,<environment.Job instance at 0x7fecef2cfd70>,69,12,[9 5],70,177,189,107,169
1,<environment.Job instance at 0x7fecef2cf780>,70,12,[5 7],71,189,201,118,172
1,<environment.Job instance at 0x7feceee05dc0>,57,15,[10  5],58,201,216,143,191
1,<environment.Job instance at 0x7feceef77780>,88,1,[2 9],89,216,217,127,191
1,<environment.Job instance at 0x7feca48f1910>,3,16,[10  1],4,5,21,1,5
1,<environment.Job instance at 0x7feceef620f0>,6,15,[3 5],7,21,36,14,11
1,<environment.Job instance at 0x7feca468ab40>,12,12,[7 2],13,21,33,8,13
1,<environment.Job instance at 0x7fece86c7b90>,15,18,[4 5],16,33,51,17,23
1,<environment.Job instance at 0x7fece8a11140>,24,1,[10  3],25,51,52,26,25
1,<environment.Job instance at 0x7fece8a11af0>,25,3,[4 6],26,52,55,26,26
1,<environment.Job instance at 0x7feceef71960>,28,12,[6 1],29,36,48,7,34
1,<environment.Job instance at 0x7fecef14aaa0>,29,16,[1 8],30,55,71,25,42
1,<environment.Job instance at 0x7feceefcd050>,41,13,[ 3 10],42,71,84,29,65
1,<environment.Job instance at 0x7feceefcdfa0>,43,16,[5 5],44,91,107,47,91
1,<environment.Job instance at 0x7feca48d1870>,47,16,[7 4],48,118,134,70,118
1,<environment.Job instance at 0x7feca49faa50>,10,27,[3 8],11,168,195,157,168
1,<environment.Job instance at 0x7feca48d1e60>,55,3,[4 7],56,195,198,139,170
1,<environment.Job instance at 0x7feceefd3af0>,61,15,[6 1],62,171,186,109,171
1,<environment.Job instance at 0x7fecef14b910>,64,3,[1 9],65,198,201,133,178
1,<environment.Job instance at 0x7feceefd3be0>,63,16,[9 3],64,201,217,137,188
1,<environment.Job instance at 0x7feca4b006e0>,74,17,[6 4],75,217,234,142,217
1,<environment.Job instance at 0x7feca454d780>,9,13,[3 8],10,10,23,0,10
1,<environment.Job instance at 0x7feca454d0f0>,14,15,[9 1],15,23,38,8,18
1,<environment.Job instance at 0x7feca454d960>,12,17,[4 7],13,38,55,25,26
1,<environment.Job instance at 0x7feca454d820>,18,3,[6 2],19,38,41,19,26
1,<environment.Job instance at 0x7feca47e7f00>,22,14,[5 6],23,55,69,32,40
1,<environment.Job instance at 0x7feca454d1e0>,13,18,[2 9],14,96,114,82,96
1,<environment.Job instance at 0x7feca45b6870>,37,3,[7 1],38,118,121,80,118
1,<environment.Job instance at 0x7feca45b6c80>,39,3,[5 8],40,121,124,81,118
1,<environment.Job instance at 0x7feca45b6d70>,43,22,[10  1],44,140,162,96,140
1,<environment.Job instance at 0x7feca45b6730>,44,2,[8 2],45,162,164,117,142
1,<environment.Job instance at 0x7feca45b6690>,46,18,[10  3],47,164,182,117,153
1,<environment.Job instance at 0x7feca4675280>,52,17,[1 9],53,182,199,129,171
1,<environment.Job instance at 0x7feca4675e10>,55,2,[1 9],56,199,201,143,172
1,<environment.Job instance at 0x7feca4675370>,59,15,[1 5],60,201,216,141,187
1,<environment.Job instance at 0x7feca4675dc0>,56,16,[9 3],57,202,218,145,202
1,<environment.Job instance at 0x7feca4675230>,63,17,[5 8],64,218,235,154,211
1,<environment.Job instance at 0x7feca4558460>,70,3,[2 5],71,235,238,164,233
1,<environment.Job instance at 0x7fecef544780>,6,3,[3 8],7,7,10,0,7
1,<environment.Job instance at 0x7fece84bffa0>,7,3,[3 5],8,10,13,2,8
1,<environment.Job instance at 0x7fecef33d550>,14,18,[2 6],15,18,36,3,18
1,<environment.Job instance at 0x7feca4b0d7d0>,17,18,[3 5],18,36,54,18,26
1,<environment.Job instance at 0x7feca4bc8d70>,11,1,[2 7],12,54,55,42,33
1,<environment.Job instance at 0x7feca462ff00>,20,3,[2 6],21,55,58,34,34
1,<environment.Job instance at 0x7feca462fc80>,19,12,[1 5],20,39,51,19,39
1,<environment.Job instance at 0x7fece83ac3c0>,10,1,[4 6],11,61,62,50,61
1,<environment.Job instance at 0x7fece84023c0>,23,17,[6 4],24,61,78,37,61
1,<environment.Job instance at 0x7fece84027d0>,26,2,[5 2],27,78,80,51,61
1,<environment.Job instance at 0x7fece8402cd0>,29,3,[9 2],30,80,83,50,61
1,<environment.Job instance at 0x7fece8402dc0>,25,12,[9 4],26,83,95,57,67
1,<environment.Job instance at 0x7fece83ce0a0>,39,18,[3 7],40,95,113,55,84
1,<environment.Job instance at 0x7fece8402d20>,30,22,[6 2],31,99,121,68,99
1,<environment.Job instance at 0x7fece83d6500>,44,1,[10  5],45,121,122,76,103
1,<environment.Job instance at 0x7fece83d60a0>,45,18,[6 3],46,122,140,76,111
1,<environment.Job instance at 0x7fece83d64b0>,49,3,[10  4],50,140,143,90,115
1,<environment.Job instance at 0x7fece83ead70>,50,13,[1 6],51,122,135,71,115
1,<environment.Job instance at 0x7fece83d6640>,47,2,[9 2],48,143,145,95,122
1,<environment.Job instance at 0x7feca462f960>,21,18,[1 8],22,143,161,121,133
1,<environment.Job instance at 0x7feceed91550>,54,1,[8 4],55,161,162,106,133
1,<environment.Job instance at 0x7fecef36dfa0>,57,14,[10  2],58,162,176,104,161
1,<environment.Job instance at 0x7fece83ea8c0>,48,18,[5 8],49,176,194,127,165
1,<environment.Job instance at 0x7fecef389050>,75,18,[1 8],76,195,213,119,195
1,<environment.Job instance at 0x7fecef389960>,79,13,[5 7],80,213,226,133,197
1,<environment.Job instance at 0x7feca45438c0>,1,2,[1 6],2,2,4,0,2
1,<environment.Job instance at 0x7feca45016e0>,4,15,[9 3],5,5,20,0,5
1,<environment.Job instance at 0x7feca48bfd70>,11,1,[2 5],12,20,21,8,13
1,<environment.Job instance at 0x7feca45b9fa0>,13,1,[6 3],14,20,21,6,15
1,<environment.Job instance at 0x7feca45b9280>,19,1,[8 4],20,21,22,1,21
1,<environment.Job instance at 0x7feca45a1d20>,20,14,[1 8],21,22,36,1,21
1,<environment.Job instance at 0x7feca4e1b320>,21,14,[9 1],22,22,36,0,22
1,<environment.Job instance at 0x7fece88a8b40>,23,15,[4 9],24,36,51,12,33
1,<environment.Job instance at 0x7feca46304b0>,29,2,[5 9],30,52,54,22,52
1,<environment.Job instance at 0x7feca4630870>,32,3,[1 6],33,54,57,21,52
1,<environment.Job instance at 0x7feca4630190>,33,12,[10  3],34,57,69,23,52
1,<environment.Job instance at 0x7feca4630f00>,34,14,[10  2],35,69,83,34,54
1,<environment.Job instance at 0x7feceef7aeb0>,47,16,[3 5],48,83,99,35,73
1,<environment.Job instance at 0x7feca4bf2cd0>,56,16,[4 6],57,142,158,85,142
1,<environment.Job instance at 0x7fece85bc550>,63,16,[8 3],64,158,174,94,145
1,<environment.Job instance at 0x7fece879db90>,71,3,[10  2],72,184,187,112,184
1,<environment.Job instance at 0x7feca4700d20>,74,2,[3 8],75,187,189,112,185
1,<environment.Job instance at 0x7fece85c3780>,75,17,[5 8],76,189,206,113,185
1,<environment.Job instance at 0x7fece85c3c30>,78,3,[2 6],79,206,209,127,186
1,<environment.Job instance at 0x7feca4af1dc0>,83,18,[7 3],84,206,224,122,197
1,<environment.Job instance at 0x7fece88fe050>,86,18,[3 5],87,209,227,122,207
1,<environment.Job instance at 0x7feca4efed20>,2,15,[4 5],3,3,18,0,3
1,<environment.Job instance at 0x7feca4642410>,12,16,[ 5 10],13,18,34,5,13
1,<environment.Job instance at 0x7fecef56acd0>,17,18,[7 4],18,34,52,16,26
1,<environment.Job instance at 0x7fecef56aa00>,15,1,[5 5],16,52,53,36,26
1,<environment.Job instance at 0x7feca46425a0>,11,16,[1 8],12,53,69,41,40
1,<environment.Job instance at 0x7fecef268e60>,23,1,[9 4],24,69,70,45,50
1,<environment.Job instance at 0x7fecef268e10>,26,3,[3 5],27,70,73,43,57
1,<environment.Job instance at 0x7fecef268cd0>,25,17,[5 3],26,71,88,45,71
1,<environment.Job instance at 0x7fece89565a0>,28,2,[ 1 10],29,88,90,59,73
1,<environment.Job instance at 0x7fece8956050>,30,15,[4 8],31,90,105,59,76
1,<environment.Job instance at 0x7fece8956d70>,34,3,[5 4],35,78,81,43,78
1,<environment.Job instance at 0x7fece8956a50>,35,13,[5 1],36,90,103,54,78
1,<environment.Job instance at 0x7fece883c820>,38,14,[3 7],39,105,119,66,90
1,<environment.Job instance at 0x7fece883c190>,43,18,[8 4],44,119,137,75,108
1,<environment.Job instance at 0x7fece883ceb0>,48,15,[7 4],49,137,152,88,123
1,<environment.Job instance at 0x7fece85e5190>,54,13,[5 6],55,152,165,97,136
1,<environment.Job instance at 0x7fece85e56e0>,67,17,[8 3],68,165,182,97,157
1,<environment.Job instance at 0x7feca4cd0370>,72,3,[9 3],73,182,185,109,163
1,<environment.Job instance at 0x7feca4cd0690>,75,3,[4 5],76,185,188,109,179
1,<environment.Job instance at 0x7feca4cd04b0>,76,1,[10  4],77,188,189,111,179
1,<environment.Job instance at 0x7feca4cd0460>,79,15,[3 5],80,192,207,112,192
1,<environment.Job instance at 0x7feceed86690>,81,12,[7 4],82,192,204,110,192
1,<environment.Job instance at 0x7feceed86820>,83,13,[4 7],84,207,220,123,197
1,<environment.Job instance at 0x7fece8617d70>,89,17,[5 3],90,204,221,114,197
1,<environment.Job instance at 0x7fece8617c30>,1,1,[10  3],2,3,4,1,3
1,<environment.Job instance at 0x7feca4ea51e0>,6,16,[ 2 10],7,7,23,0,7
1,<environment.Job instance at 0x7fecef2c25a0>,7,12,[5 4],8,23,35,15,10
1,<environment.Job instance at 0x7feca44d9eb0>,15,14,[4 7],16,35,49,19,27
1,<environment.Job instance at 0x7feca44d94b0>,19,2,[10  4],20,49,51,29,29
1,<environment.Job instance at 0x7fecef578d20>,21,14,[4 7],22,51,65,29,36
1,<environment.Job instance at 0x7feca4566280>,25,3,[6 3],26,51,54,25,49
1,<environment.Job instance at 0x7feca4ea52d0>,9,16,[3 8],10,65,81,55,52
1,<environment.Job instance at 0x7fece83fc370>,32,16,[5 8],33,81,97,48,68
1,<environment.Job instance at 0x7feca4a62410>,38,14,[ 5 10],39,97,111,58,82
1,<environment.Job instance at 0x7feca4a4c500>,42,3,[5 7],43,111,114,68,96
1,<environment.Job instance at 0x7feca4566910>,27,14,[10  5],28,114,128,86,99
1,<environment.Job instance at 0x7feca47c40f0>,47,18,[9 5],48,128,146,80,117
1,<environment.Job instance at 0x7feca47c4af0>,51,16,[2 9],52,146,162,94,136
1,<environment.Job instance at 0x7feca47c4690>,44,13,[ 2 10],45,162,175,117,148
1,<environment.Job instance at 0x7feca47c09b0>,57,3,[5 3],58,175,178,117,158
1,<environment.Job instance at 0x7feca47c0a50>,56,14,[10  3],57,178,192,121,163
1,<environment.Job instance at 0x7feca47c0e60>,60,2,[2 6],61,176,178,115,176
1,<environment.Job instance at 0x7feca47c0c30>,67,17,[9 1],68,192,209,124,184
1,<environment.Job instance at 0x7feca47d9a00>,74,18,[1 5],75,207,225,132,207
1,<environment.Job instance at 0x7feca47d9fa0>,76,2,[5 4],77,209,211,132,207
1,<environment.Job instance at 0x7feca47d9d20>,73,18,[9 5],74,211,229,137,208
1,<environment.Job instance at 0x7feca47d9780>,82,12,[ 4 10],83,229,241,146,212
1,<environment.Job instance at 0x7feef361a190>,0,18,[ 2 10],1,1,19,0,1
1,<environment.Job instance at 0x7feeec20b280>,4,18,[10  4],5,19,37,14,8
1,<environment.Job instance at 0x7feeec20b690>,7,14,[5 1],8,37,51,29,23
1,<environment.Job instance at 0x7feeec20b870>,12,3,[6 3],13,51,54,38,27
1,<environment.Job instance at 0x7feeec20b910>,13,13,[1 8],14,37,50,23,27
1,<environment.Job instance at 0x7feeec20bc30>,18,16,[8 5],19,54,70,35,41
1,<environment.Job instance at 0x7feeec20d0f0>,25,3,[1 6],26,50,53,24,45
1,<environment.Job instance at 0x7feeec20d280>,27,2,[6 4],28,70,72,42,55
1,<environment.Job instance at 0x7feeec20d500>,29,13,[1 6],30,70,83,40,56
1,<environment.Job instance at 0x7feeec20d690>,32,17,[9 3],33,72,89,39,64
1,<environment.Job instance at 0x7feeec20dc30>,37,14,[5 5],38,89,103,51,74
1,<environment.Job instance at 0x7feeec212500>,42,14,[8 4],43,103,117,60,88
1,<environment.Job instance at 0x7feeec20b640>,11,2,[3 9],12,117,119,105,91
1,<environment.Job instance at 0x7feeec212960>,46,3,[5 4],47,92,95,45,92
1,<environment.Job instance at 0x7feeec212a00>,47,1,[2 6],48,103,104,55,92
1,<environment.Job instance at 0x7feeec212b40>,49,2,[1 9],50,119,121,69,104
1,<environment.Job instance at 0x7feeec212aa0>,48,13,[6 1],49,117,130,68,104
1,<environment.Job instance at 0x7feeec212c80>,51,2,[4 9],52,121,123,69,104
1,<environment.Job instance at 0x7feeec212e60>,54,14,[1 7],55,123,137,68,122
1,<environment.Job instance at 0x7feeec2143c0>,56,18,[4 5],57,137,155,80,126
1,<environment.Job instance at 0x7feeec214690>,63,15,[1 5],64,146,161,82,146
1,<environment.Job instance at 0x7feeec214870>,64,12,[6 1],65,155,167,90,146
1,<environment.Job instance at 0x7feeec214f00>,69,13,[7 2],70,176,189,106,176
1,<environment.Job instance at 0x7feeec214fa0>,70,18,[5 5],71,189,207,118,178
1,<environment.Job instance at 0x7feeec215820>,79,17,[2 7],80,207,224,127,196
1,<environment.Job instance at 0x7feeec215a00>,82,3,[10  1],83,224,227,141,211
1,<environment.Job instance at 0x7feeec215aa0>,83,3,[9 2],84,227,230,143,211
1,<environment.Job instance at 0x7feeec215b40>,2,2,[8 2],3,6,8,3,6
1,<environment.Job instance at 0x7feeec225140>,4,12,[5 7],5,8,20,3,6
1,<environment.Job instance at 0x7feeec22e0a0>,8,14,[8 5],9,20,34,11,9
1,<environment.Job instance at 0x7feea8609dc0>,14,17,[10  5],15,34,51,19,22
1,<environment.Job instance at 0x7feeec225640>,5,17,[10  5],6,51,68,45,40
1,<environment.Job instance at 0x7feea85ff780>,12,14,[8 4],13,68,82,55,54
1,<environment.Job instance at 0x7feea860bc80>,35,17,[8 1],36,82,99,46,70
1,<environment.Job instance at 0x7feea860c0a0>,25,17,[5 9],26,99,116,73,87
1,<environment.Job instance at 0x7feea8600c80>,41,1,[8 3],42,116,117,74,90
1,<environment.Job instance at 0x7feea860b1e0>,39,1,[9 2],40,117,118,77,90
1,<environment.Job instance at 0x7feea8600f00>,42,1,[3 8],43,118,119,75,92
1,<environment.Job instance at 0x7feea8600730>,43,15,[5 6],44,119,134,75,105
1,<environment.Job instance at 0x7feea867c050>,49,12,[5 4],50,119,131,69,115
1,<environment.Job instance at 0x7feea85ffeb0>,15,16,[ 3 10],16,134,150,118,121
1,<environment.Job instance at 0x7feea861e550>,54,14,[8 5],55,150,164,95,135
1,<environment.Job instance at 0x7feea86225f0>,59,16,[9 4],60,164,180,104,151
1,<environment.Job instance at 0x7feea86220f0>,62,3,[3 9],63,180,183,117,154
1,<environment.Job instance at 0x7feea872b7d0>,64,15,[9 5],65,183,198,118,169
1,<environment.Job instance at 0x7feea86f5190>,70,18,[8 5],71,198,216,127,187
1,<environment.Job instance at 0x7feea8787c80>,79,12,[1 8],80,216,228,136,199
1,<environment.Job instance at 0x7feeec225e60>,2,2,[1 5],3,3,5,0,3
1,<environment.Job instance at 0x7feeec225dc0>,4,22,[1 9],5,5,27,0,5
1,<environment.Job instance at 0x7feea8462f50>,16,15,[4 9],17,27,42,10,17
1,<environment.Job instance at 0x7feea84625f0>,14,2,[4 8],15,42,44,27,25
1,<environment.Job instance at 0x7feea8462640>,19,3,[9 2],20,44,47,24,25
1,<environment.Job instance at 0x7feea8462cd0>,18,14,[3 6],19,47,61,28,32
1,<environment.Job instance at 0x7feea8550cd0>,30,12,[1 5],31,63,75,32,63
1,<environment.Job instance at 0x7feef3643320>,32,17,[9 1],33,63,80,30,63
1,<environment.Job instance at 0x7feeec6a0d70>,33,18,[8 1],34,80,98,46,70
1,<environment.Job instance at 0x7feeec6bf730>,39,17,[2 6],40,85,102,45,85
1,<environment.Job instance at 0x7feeebf866e0>,40,16,[1 9],41,102,118,61,89
1,<environment.Job instance at 0x7feea8462230>,20,18,[4 8],21,118,136,97,112
1,<environment.Job instance at 0x7feeec43d5f0>,45,12,[4 7],46,136,148,90,120
1,<environment.Job instance at 0x7feef3789190>,50,2,[9 4],51,148,150,97,130
1,<environment.Job instance at 0x7feef3789eb0>,47,13,[4 6],48,150,163,102,135
1,<environment.Job instance at 0x7feea860e460>,56,13,[1 6],57,163,176,106,163
1,<environment.Job instance at 0x7feea860e5a0>,54,3,[2 5],55,176,179,121,163
1,<environment.Job instance at 0x7feea860eaa0>,58,13,[8 2],59,163,176,104,163
1,<environment.Job instance at 0x7feea860e550>,59,3,[9 3],60,179,182,119,163
1,<environment.Job instance at 0x7feea860e410>,61,1,[10  1],62,182,183,120,166
1,<environment.Job instance at 0x7feea860ebe0>,62,13,[3 9],63,183,196,120,170
1,<environment.Job instance at 0x7feea860ed70>,67,14,[9 1],68,196,210,128,181
1,<environment.Job instance at 0x7feea84bc500>,70,17,[9 4],71,210,227,139,198
1,<environment.Job instance at 0x7feeebfe9230>,80,3,[9 1],81,227,230,146,214
1,<environment.Job instance at 0x7feeebfe5500>,81,2,[5 6],82,230,232,148,217
1,<environment.Job instance at 0x7feef2c42d70>,1,12,[5 9],2,2,14,0,2
1,<environment.Job instance at 0x7feeec2e2140>,6,14,[10  4],7,14,28,7,8
1,<environment.Job instance at 0x7feeec3678c0>,13,12,[ 2 10],14,28,40,14,14
1,<environment.Job instance at 0x7feeec469a00>,19,1,[8 3],20,40,41,20,37
1,<environment.Job instance at 0x7feeec2616e0>,26,2,[ 3 10],27,41,43,14,37
1,<environment.Job instance at 0x7feeec261b90>,27,3,[5 1],28,43,46,15,37
1,<environment.Job instance at 0x7feeec3905f0>,20,18,[5 9],21,43,61,22,38
1,<environment.Job instance at 0x7feeec5cbdc0>,29,14,[9 5],30,61,75,31,46
1,<environment.Job instance at 0x7feeec1f4fa0>,33,1,[7 1],34,75,76,41,48
1,<environment.Job instance at 0x7feeec3351e0>,38,16,[9 2],39,76,92,37,64
1,<environment.Job instance at 0x7feeec335230>,41,13,[1 9],42,92,105,50,81
1,<environment.Job instance at 0x7feeec5cb6e0>,28,2,[5 4],29,105,107,76,86
1,<environment.Job instance at 0x7feeec24dbe0>,52,17,[2 5],53,105,122,52,93
1,<environment.Job instance at 0x7feeec2790f0>,58,17,[2 7],59,122,139,63,116
1,<environment.Job instance at 0x7feeec2757d0>,60,18,[8 1],61,116,134,55,116
1,<environment.Job instance at 0x7feeec4c6aa0>,67,17,[3 5],68,139,156,71,132
1,<environment.Job instance at 0x7feeec25c3c0>,72,15,[10  1],73,156,171,83,142
1,<environment.Job instance at 0x7feeec54b410>,83,14,[4 8],84,180,194,96,180
1,<environment.Job instance at 0x7feeec54b5f0>,84,16,[9 2],85,194,210,109,183
1,<environment.Job instance at 0x7feeec54b690>,89,13,[1 8],90,194,207,104,187
1,<environment.Job instance at 0x7feeec54b550>,92,13,[ 5 10],93,210,223,117,194
1,<environment.Job instance at 0x7feea89b6230>,4,16,[4 5],5,5,21,0,5
1,<environment.Job instance at 0x7feeec658910>,7,1,[10  5],8,21,22,13,8
1,<environment.Job instance at 0x7feeebfeacd0>,11,3,[6 4],12,12,15,0,12
1,<environment.Job instance at 0x7feeec635af0>,12,17,[ 2 10],13,22,39,9,14
1,<environment.Job instance at 0x7feea8ae6d70>,15,2,[6 3],16,16,18,0,16
1,<environment.Job instance at 0x7feea8b4d730>,16,13,[4 7],17,39,52,22,23
1,<environment.Job instance at 0x7feeec1a2870>,23,15,[4 9],24,52,67,28,44
1,<environment.Job instance at 0x7feeec212f00>,13,15,[5 5],14,67,82,53,62
1,<environment.Job instance at 0x7feea88db190>,25,2,[4 7],26,82,84,56,62
1,<environment.Job instance at 0x7feea88db550>,27,1,[2 6],28,84,85,56,62
1,<environment.Job instance at 0x7feef2f96780>,28,3,[8 3],29,84,87,55,62
1,<environment.Job instance at 0x7feef2c5ae60>,30,15,[10  4],31,87,102,56,80
1,<environment.Job instance at 0x7feef2fa9730>,33,3,[8 4],34,102,105,68,81
1,<environment.Job instance at 0x7feeec01f820>,34,14,[3 8],35,105,119,70,90
1,<environment.Job instance at 0x7feef2fa9c30>,32,15,[4 8],33,119,134,86,107
1,<environment.Job instance at 0x7feea87ebf00>,6,3,[8 3],7,134,137,127,111
1,<environment.Job instance at 0x7feef2f8f960>,44,3,[7 4],45,137,140,92,111
1,<environment.Job instance at 0x7feef2f8f190>,42,16,[3 8],43,140,156,97,127
1,<environment.Job instance at 0x7feef2f93960>,55,14,[4 6],56,156,170,100,144
1,<environment.Job instance at 0x7feef2f930a0>,58,3,[2 6],59,170,173,111,155
1,<environment.Job instance at 0x7feef2f935a0>,60,2,[3 9],61,173,175,112,155
1,<environment.Job instance at 0x7feef2f94050>,63,3,[10  3],64,175,178,111,156
1,<environment.Job instance at 0x7feef2fa7b40>,64,13,[5 3],65,156,169,91,156
1,<environment.Job instance at 0x7feef2f94870>,66,14,[6 4],67,178,192,111,163
1,<environment.Job instance at 0x7feef2f94a50>,72,17,[6 4],73,192,209,119,181
1,<environment.Job instance at 0x7feef2f94c30>,71,17,[2 7],72,209,226,137,197
1,<environment.Job instance at 0x7feef2f94e60>,73,12,[7 4],74,226,238,152,214
1,<environment.Job instance at 0x7feef2f94c80>,1,18,[10  5],2,6,24,4,6
1,<environment.Job instance at 0x7feea8869870>,14,3,[2 7],15,24,27,9,24
1,<environment.Job instance at 0x7feea8869500>,13,16,[8 1],14,26,42,12,26
1,<environment.Job instance at 0x7feea8869280>,16,12,[3 9],17,42,54,25,26
1,<environment.Job instance at 0x7feef33a7780>,20,15,[2 8],21,54,69,33,44
1,<environment.Job instance at 0x7feef33a7960>,23,3,[8 3],24,69,72,45,45
1,<environment.Job instance at 0x7feef33a78c0>,27,16,[1 7],28,69,85,41,62
1,<environment.Job instance at 0x7feef2ff5370>,34,13,[8 2],35,72,85,37,68
1,<environment.Job instance at 0x7feef2ff5910>,38,13,[2 5],39,85,98,46,69
1,<environment.Job instance at 0x7feef2ff5af0>,42,15,[ 2 10],43,98,113,55,87
1,<environment.Job instance at 0x7feef2ff50f0>,49,18,[2 7],50,136,154,86,136
1,<environment.Job instance at 0x7feef2fdec80>,57,15,[7 4],58,155,170,97,155
1,<environment.Job instance at 0x7feea88ac9b0>,4,16,[7 4],5,5,21,0,5
1,<environment.Job instance at 0x7feef2de7640>,10,15,[5 3],11,21,36,10,12
1,<environment.Job instance at 0x7feea8a02d70>,15,1,[1 9],16,36,37,20,18
1,<environment.Job instance at 0x7feef2c5c4b0>,17,1,[10  4],18,37,38,19,18
1,<environment.Job instance at 0x7feef2c5c690>,18,2,[3 6],19,19,21,0,19
1,<environment.Job instance at 0x7feef2c78af0>,19,15,[3 9],20,38,53,18,24
1,<environment.Job instance at 0x7feef2c78c30>,21,3,[8 5],22,53,56,31,39
1,<environment.Job instance at 0x7feef2c78370>,22,12,[ 1 10],23,56,68,33,41
1,<environment.Job instance at 0x7feef2f63870>,9,2,[5 8],10,68,70,58,44
1,<environment.Job instance at 0x7feef3048910>,25,25,[1 6],26,70,95,44,66
1,<environment.Job instance at 0x7feeec224f00>,31,3,[1 8],32,95,98,63,72
1,<environment.Job instance at 0x7feea84810f0>,33,3,[3 8],34,98,101,64,74
1,<environment.Job instance at 0x7feea868d960>,34,12,[9 1],35,74,86,39,74
1,<environment.Job instance at 0x7feef3059d20>,20,15,[5 5],21,101,116,80,90
1,<environment.Job instance at 0x7feeec0b34b0>,38,2,[6 3],39,92,94,53,92
1,<environment.Job instance at 0x7feef2abc500>,39,2,[1 9],40,116,118,76,92
1,<environment.Job instance at 0x7feef2abc9b0>,40,12,[5 6],41,118,130,77,101
1,<environment.Job instance at 0x7feeec195d70>,42,1,[5 9],43,130,131,87,110
1,<environment.Job instance at 0x7feeec3bf910>,28,3,[ 1 10],29,131,134,102,113
1,<environment.Job instance at 0x7feeec5015a0>,49,3,[1 7],50,134,137,84,116
1,<environment.Job instance at 0x7feeec5018c0>,52,14,[ 4 10],53,137,151,84,127
1,<environment.Job instance at 0x7feeec1ff820>,54,3,[10  5],55,151,154,96,128
1,<environment.Job instance at 0x7feeec1ffc80>,56,12,[8 4],57,154,166,97,137
1,<environment.Job instance at 0x7feeec501460>,48,14,[6 4],49,166,180,117,151
1,<environment.Job instance at 0x7feea86842d0>,61,15,[8 4],62,180,195,118,166
1,<environment.Job instance at 0x7feef2c790a0>,70,13,[4 6],71,195,208,124,179
1,<environment.Job instance at 0x7feef2c79820>,71,1,[5 4],72,195,196,123,190
1,<environment.Job instance at 0x7feef2bab050>,72,16,[9 2],73,208,224,135,196
1,<environment.Job instance at 0x7feef2bab9b0>,77,12,[1 6],78,208,220,130,196
1,<environment.Job instance at 0x7feea87e63c0>,78,3,[10  2],79,224,227,145,198
1,<environment.Job instance at 0x7feea87ecbe0>,80,2,[4 6],81,227,229,146,202
1,<environment.Job instance at 0x7feeec131640>,83,14,[ 2 10],84,229,243,145,216
1,<environment.Job instance at 0x7feef2bab230>,3,12,[5 4],4,5,17,1,5
1,<environment.Job instance at 0x7feeec419960>,5,13,[9 1],6,17,30,11,8
1,<environment.Job instance at 0x7feeec6a0b40>,13,13,[5 6],14,30,43,16,15
1,<environment.Job instance at 0x7feea87e5960>,9,3,[ 3 10],10,43,46,33,21
1,<environment.Job instance at 0x7feeec1aac80>,23,3,[8 1],24,46,49,22,26
1,<environment.Job instance at 0x7feeec1aabe0>,27,16,[5 4],28,56,72,28,56
1,<environment.Job instance at 0x7feeec1ae3c0>,29,18,[5 1],30,61,79,31,61
1,<environment.Job instance at 0x7feeec1ae550>,31,12,[2 6],32,72,84,40,69
1,<environment.Job instance at 0x7feeec1ae5f0>,32,17,[6 4],33,79,96,46,70
1,<environment.Job instance at 0x7feeec1aeb90>,41,16,[5 5],42,99,115,57,99
1,<environment.Job instance at 0x7feeec1924b0>,55,16,[10  3],56,141,157,85,141
1,<environment.Job instance at 0x7feeec192f50>,68,13,[8 2],69,171,184,102,171
1,<environment.Job instance at 0x7feeec1a8410>,72,15,[5 1],73,184,199,111,180
1,<environment.Job instance at 0x7feeec1aa9b0>,19,28,[3 9],20,191,219,171,191
1,<environment.Job instance at 0x7feeec1a8d20>,85,13,[5 4],86,219,232,133,213
1,<environment.Job instance at 0x7feea885a0f0>,3,14,[ 4 10],4,4,18,0,4
1,<environment.Job instance at 0x7feeec5e2960>,11,12,[3 5],12,18,30,6,12
1,<environment.Job instance at 0x7feeec263f00>,12,2,[1 9],13,30,32,17,14
1,<environment.Job instance at 0x7feeec2631e0>,13,1,[3 7],14,32,33,18,15
1,<environment.Job instance at 0x7feeec263460>,15,2,[9 5],16,33,35,17,16
1,<environment.Job instance at 0x7feeec2635a0>,18,14,[5 4],19,35,49,16,22
1,<environment.Job instance at 0x7feeec59c370>,19,15,[6 4],20,49,64,29,36
1,<environment.Job instance at 0x7feeec59c9b0>,23,1,[9 4],24,64,65,40,36
1,<environment.Job instance at 0x7feea881e230>,26,17,[1 6],27,40,57,13,40
1,<environment.Job instance at 0x7feeec2635f0>,14,3,[8 5],15,65,68,50,40
1,<environment.Job instance at 0x7feeec5e2500>,9,3,[5 4],10,68,71,58,43
1,<environment.Job instance at 0x7feeec2032d0>,31,1,[3 6],32,57,58,25,44
1,<environment.Job instance at 0x7feeec5259b0>,30,2,[1 5],31,58,60,27,44
1,<environment.Job instance at 0x7feef2c93c30>,36,16,[4 8],37,75,91,38,75
1,<environment.Job instance at 0x7feea8844af0>,37,15,[4 8],38,91,106,53,77
1,<environment.Job instance at 0x7feea887f870>,42,2,[3 5],43,106,108,63,85
1,<environment.Job instance at 0x7feef2f58960>,44,17,[1 6],45,108,125,63,96
1,<environment.Job instance at 0x7feea861ea00>,46,17,[4 6],47,125,142,78,113
1,<environment.Job instance at 0x7feef2de3b90>,53,15,[8 4],54,142,157,88,128
1,<environment.Job instance at 0x7feef2b0b3c0>,29,3,[4 5],30,157,160,127,141
1,<environment.Job instance at 0x7feea83e5690>,63,3,[10  2],64,160,163,96,155
1,<environment.Job instance at 0x7feea83e5910>,66,12,[9 1],67,163,175,96,155
1,<environment.Job instance at 0x7feea83e51e0>,65,14,[4 8],66,175,189,109,160
1,<environment.Job instance at 0x7feea83e5050>,68,18,[10  4],69,189,207,120,181
1,<environment.Job instance at 0x7feef2abf640>,77,1,[10  1],78,207,208,129,181
1,<environment.Job instance at 0x7feef2abf6e0>,78,3,[2 6],79,208,211,129,185
1,<environment.Job instance at 0x7feef2abfbe0>,82,16,[2 8],83,211,227,128,198
1,<environment.Job instance at 0x7feea8526eb0>,85,18,[4 6],86,227,245,141,216
1,<environment.Job instance at 0x7feeec4fb4b0>,1,3,[6 5],2,2,5,0,2
1,<environment.Job instance at 0x7feea889c2d0>,6,15,[4 6],7,9,24,2,9
1,<environment.Job instance at 0x7feea873f1e0>,12,15,[6 2],13,13,28,0,13
1,<environment.Job instance at 0x7feea873f050>,14,2,[10  2],15,28,30,13,15
1,<environment.Job instance at 0x7feea8669a00>,11,18,[7 1],12,30,48,18,19
1,<environment.Job instance at 0x7feea88921e0>,15,16,[3 5],16,33,49,17,33
1,<environment.Job instance at 0x7feeec0755f0>,16,14,[6 2],17,48,62,31,33
1,<environment.Job instance at 0x7feef300acd0>,23,3,[8 2],24,62,65,38,36
1,<environment.Job instance at 0x7feef3515280>,25,3,[9 4],26,65,68,39,40
1,<environment.Job instance at 0x7feea8b7fe10>,26,12,[5 3],27,68,80,41,52
1,<environment.Job instance at 0x7feef3515c30>,30,2,[8 1],31,80,82,49,53
1,<environment.Job instance at 0x7feeec0aca00>,34,1,[ 2 10],35,82,83,47,56
1,<environment.Job instance at 0x7feea8675c30>,38,1,[5 3],39,68,69,29,59
1,<environment.Job instance at 0x7feea895a4b0>,39,3,[ 4 10],40,83,86,43,60
1,<environment.Job instance at 0x7feea895a2d0>,42,2,[5 4],43,69,71,26,64
1,<environment.Job instance at 0x7feea895af00>,44,12,[7 5],45,86,98,41,83
1,<environment.Job instance at 0x7feea895ae10>,45,14,[7 5],46,98,112,52,84
1,<environment.Job instance at 0x7feea895a190>,48,26,[2 5],49,88,114,39,88
1,<environment.Job instance at 0x7feea895a140>,51,3,[1 5],52,112,115,60,89
1,<environment.Job instance at 0x7feea895a5f0>,50,15,[10  5],51,115,130,64,101
1,<environment.Job instance at 0x7feea886bf50>,61,16,[8 4],62,150,166,88,150
1,<environment.Job instance at 0x7feea886be10>,63,12,[6 5],64,166,178,102,150
1,<environment.Job instance at 0x7feea85e3cd0>,70,15,[1 8],71,178,193,107,169
1,<environment.Job instance at 0x7feea88cd6e0>,74,14,[5 3],75,193,207,118,178
1,<environment.Job instance at 0x7feeec214e60>,77,14,[4 7],78,193,207,115,178
1,<environment.Job instance at 0x7feeec1c5320>,82,14,[3 7],83,207,221,124,192
1,<environment.Job instance at 0x7feeec63feb0>,91,13,[5 8],92,221,234,129,210
1,<environment.Job instance at 0x7feeec153c80>,5,15,[8 4],6,6,21,0,6
1,<environment.Job instance at 0x7feea873fc30>,2,18,[2 5],3,8,26,5,8
1,<environment.Job instance at 0x7feeec2d1dc0>,3,1,[8 3],4,21,22,17,10
1,<environment.Job instance at 0x7feea85ff5a0>,9,17,[5 4],10,22,39,12,11
1,<environment.Job instance at 0x7feef2b85050>,6,14,[2 6],7,26,40,19,13
1,<environment.Job instance at 0x7feeec631910>,13,2,[1 7],14,40,42,26,27
1,<environment.Job instance at 0x7feeec138aa0>,10,16,[1 6],11,42,58,31,29
1,<environment.Job instance at 0x7feeec5c97d0>,14,18,[9 3],15,40,58,25,29
1,<environment.Job instance at 0x7feef2d78cd0>,18,2,[1 7],19,58,60,39,31
1,<environment.Job instance at 0x7feeec5500f0>,16,14,[6 2],17,58,72,41,50
1,<environment.Job instance at 0x7feeec631550>,20,14,[1 7],21,60,74,39,50
1,<environment.Job instance at 0x7feeec636050>,31,13,[1 7],32,74,87,42,58
1,<environment.Job instance at 0x7feeec5ffe60>,30,15,[3 7],31,90,105,59,90
1,<environment.Job instance at 0x7feeec636870>,39,1,[5 1],40,109,110,69,109
1,<environment.Job instance at 0x7feeec636910>,40,1,[2 9],41,109,110,68,109
1,<environment.Job instance at 0x7feeec6369b0>,41,18,[9 3],42,110,128,68,109
1,<environment.Job instance at 0x7feeec636230>,43,3,[3 6],44,128,131,84,109
1,<environment.Job instance at 0x7feeec636be0>,45,2,[5 7],46,131,133,85,110
1,<environment.Job instance at 0x7feeec636af0>,47,3,[10  5],48,133,136,85,114
1,<environment.Job instance at 0x7feeec636f00>,46,14,[9 3],47,136,150,89,121
1,<environment.Job instance at 0x7feeec624230>,51,12,[4 6],52,150,162,98,133
1,<environment.Job instance at 0x7feeec624640>,56,1,[6 4],57,150,151,93,143
1,<environment.Job instance at 0x7feeec624460>,53,13,[10  4],54,162,175,108,149
1,<environment.Job instance at 0x7feeec624140>,57,15,[8 5],58,175,190,117,161
1,<environment.Job instance at 0x7feeec624820>,65,2,[8 4],66,207,209,141,207
1,<environment.Job instance at 0x7feeec618140>,73,14,[6 4],74,209,223,135,209
1,<environment.Job instance at 0x7feeec618320>,76,16,[1 7],77,223,239,146,210
1,<environment.Job instance at 0x7feef2ca2550>,8,18,[5 9],9,10,28,1,10
1,<environment.Job instance at 0x7feef2b85b40>,12,16,[4 7],13,30,46,17,30
1,<environment.Job instance at 0x7feeec72bd20>,21,12,[7 5],22,46,58,24,39
1,<environment.Job instance at 0x7feeec013820>,25,15,[8 3],26,58,73,32,44
1,<environment.Job instance at 0x7feeec0134b0>,27,13,[9 2],28,73,86,45,57
1,<environment.Job instance at 0x7feea8902960>,35,18,[6 4],36,86,104,50,75
1,<environment.Job instance at 0x7feea8902820>,40,15,[4 9],41,104,119,63,92
1,<environment.Job instance at 0x7feef2b85820>,13,16,[5 9],14,119,135,105,115
1,<environment.Job instance at 0x7feef2cce8c0>,50,2,[1 6],51,135,137,84,116
1,<environment.Job instance at 0x7feeec653f00>,9,16,[8 4],10,135,151,125,122
1,<environment.Job instance at 0x7feef2cce640>,49,2,[5 2],50,151,153,101,124
1,<environment.Job instance at 0x7feeec1a9410>,54,18,[ 2 10],55,153,171,98,142
1,<environment.Job instance at 0x7feea8430be0>,60,2,[4 7],61,151,153,90,145
1,<environment.Job instance at 0x7feea84300a0>,65,12,[1 8],66,171,183,105,155
1,<environment.Job instance at 0x7feea84308c0>,70,16,[10  2],71,183,199,112,171
1,<environment.Job instance at 0x7feea8544500>,75,15,[2 8],76,199,214,123,185
1,<environment.Job instance at 0x7feea8430230>,62,15,[1 9],63,214,229,151,200
1,<environment.Job instance at 0x7feeebfd4280>,82,15,[6 2],83,229,244,146,215
1,<environment.Job instance at 0x7feeebfd40f0>,80,17,[1 7],81,229,246,148,217
1,<environment.Job instance at 0x7feeec6360f0>,3,2,[2 8],4,4,6,0,4
1,<environment.Job instance at 0x7feef2c2a320>,9,2,[9 5],10,12,14,2,12
1,<environment.Job instance at 0x7feef2c2ab40>,12,17,[4 9],13,14,31,1,13
1,<environment.Job instance at 0x7feef2c2a280>,18,16,[1 7],19,31,47,12,26
1,<environment.Job instance at 0x7feef2c2aa00>,15,13,[7 2],16,31,44,15,27
1,<environment.Job instance at 0x7feef3789960>,20,12,[10  5],21,47,59,26,30
1,<environment.Job instance at 0x7feeec131910>,26,2,[3 7],27,72,74,45,72
1,<environment.Job instance at 0x7feef2c2af50>,16,21,[5 3],17,72,93,55,72
1,<environment.Job instance at 0x7feeec131960>,31,1,[10  1],32,93,94,61,72
1,<environment.Job instance at 0x7feeec1314b0>,30,14,[1 9],31,94,108,63,79
1,<environment.Job instance at 0x7feeec2a5910>,35,2,[4 5],36,85,87,49,85
1,<environment.Job instance at 0x7feeec2a5be0>,33,3,[4 8],34,108,111,74,87
1,<environment.Job instance at 0x7feeec2a5550>,41,1,[5 7],42,111,112,69,97
1,<environment.Job instance at 0x7feeec2a5dc0>,43,16,[8 1],44,112,128,68,99
1,<environment.Job instance at 0x7feeec069c30>,47,3,[ 2 10],48,128,131,80,107
1,<environment.Job instance at 0x7feeec069aa0>,48,3,[10  5],49,131,134,82,107
1,<environment.Job instance at 0x7feeec212b90>,56,3,[4 7],57,134,137,77,122
1,<environment.Job instance at 0x7feeec212c30>,57,17,[5 6],58,137,154,79,125
1,<environment.Job instance at 0x7feef301ab40>,62,15,[8 3],63,154,169,91,140
1,<environment.Job instance at 0x7feeec224640>,66,13,[2 7],67,154,167,87,148
1,<environment.Job instance at 0x7feeec224b40>,68,14,[2 8],69,169,183,100,158
1,<environment.Job instance at 0x7feea899aaa0>,73,13,[10  5],74,183,196,109,168
1,<environment.Job instance at 0x7feeec2a52d0>,42,18,[ 3 10],43,196,214,153,185
1,<environment.Job instance at 0x7feea899a0f0>,78,3,[10  2],79,214,217,135,188
1,<environment.Job instance at 0x7feea899a5a0>,80,1,[7 3],81,217,218,136,189
1,<environment.Job instance at 0x7feea8792b40>,85,3,[4 7],86,218,221,132,193
1,<environment.Job instance at 0x7feea8792140>,88,12,[5 3],89,218,230,129,203
1,<environment.Job instance at 0x7feea8792780>,2,18,[5 8],3,5,23,2,5
1,<environment.Job instance at 0x7feef2c62730>,3,13,[7 2],4,23,36,19,9
1,<environment.Job instance at 0x7feeec557370>,6,3,[10  1],7,36,39,29,11
1,<environment.Job instance at 0x7feeec6622d0>,13,13,[1 7],14,23,36,9,21
1,<environment.Job instance at 0x7feeec61caf0>,19,17,[8 2],20,39,56,19,27
1,<environment.Job instance at 0x7feeec1bc140>,22,16,[5 5],23,56,72,33,43
1,<environment.Job instance at 0x7feea8a95e60>,23,13,[2 7],24,43,56,19,43
1,<environment.Job instance at 0x7feea899a500>,9,1,[2 6],10,72,73,62,50
1,<environment.Job instance at 0x7feea84fe370>,31,1,[1 6],32,73,74,41,51
1,<environment.Job instance at 0x7feea84fe410>,30,13,[1 6],31,74,87,43,61
1,<environment.Job instance at 0x7feea84feeb0>,35,16,[6 1],36,72,88,36,65
1,<environment.Job instance at 0x7feea85d5a50>,38,16,[6 1],39,88,104,49,76
1,<environment.Job instance at 0x7feea84f2b40>,46,15,[3 5],47,106,121,59,106
1,<environment.Job instance at 0x7feea86a29b0>,47,14,[9 1],48,121,135,73,106
1,<environment.Job instance at 0x7feea85dbdc0>,54,19,[6 5],55,137,156,82,137
1,<environment.Job instance at 0x7feeec07e280>,57,13,[7 4],58,156,169,98,149
1,<environment.Job instance at 0x7feea8b4ccd0>,63,12,[6 3],64,169,181,105,157
1,<environment.Job instance at 0x7feea83b7550>,64,1,[10  3],65,181,182,116,158
1,<environment.Job instance at 0x7feef2a99f50>,68,12,[6 1],69,182,194,113,168
1,<environment.Job instance at 0x7feef2af29b0>,72,12,[3 6],73,182,194,109,179
1,<environment.Job instance at 0x7feef2af2e60>,71,17,[ 3 10],72,194,211,122,185
1,<environment.Job instance at 0x7feef2b265a0>,81,13,[ 3 10],82,211,224,129,200
1,<environment.Job instance at 0x7feea84d77d0>,2,12,[7 5],3,7,19,4,7
1,<environment.Job instance at 0x7feeec084050>,5,3,[2 5],6,8,11,2,8
1,<environment.Job instance at 0x7feea82df550>,10,14,[5 1],11,19,33,8,11
1,<environment.Job instance at 0x7feea830c050>,12,17,[4 9],13,19,36,6,19
1,<environment.Job instance at 0x7feea8a5bf00>,4,1,[5 7],5,52,53,47,52
1,<environment.Job instance at 0x7feea8b50eb0>,18,24,[7 4],19,60,84,41,60
1,<environment.Job instance at 0x7feeec1a3410>,19,18,[1 5],20,65,83,45,65
1,<environment.Job instance at 0x7feef2bb03c0>,23,13,[6 4],24,84,97,60,78
1,<environment.Job instance at 0x7feea87659b0>,30,14,[2 7],31,97,111,66,85
1,<environment.Job instance at 0x7feea8765a00>,32,2,[10  2],33,111,113,78,108
1,<environment.Job instance at 0x7feea8b923c0>,34,3,[10  1],35,113,116,78,109
1,<environment.Job instance at 0x7feef2e555f0>,36,1,[1 6],37,116,117,79,109
1,<environment.Job instance at 0x7feef2e55d70>,37,15,[3 5],38,117,132,79,110
1,<environment.Job instance at 0x7feeec4aba50>,39,13,[3 8],40,134,147,94,134
1,<environment.Job instance at 0x7feeec4a6b90>,42,17,[4 7],43,147,164,104,144
1,<environment.Job instance at 0x7feeec2a5b40>,48,3,[6 2],49,170,173,121,170
1,<environment.Job instance at 0x7feea8811c80>,47,12,[3 5],48,171,183,123,171
1,<environment.Job instance at 0x7feeec2a5870>,50,13,[1 5],51,173,186,122,171
1,<environment.Job instance at 0x7feea8a78be0>,52,14,[5 6],53,186,200,133,175
1,<environment.Job instance at 0x7feeec2a51e0>,49,17,[7 1],50,200,217,150,188
1,<environment.Job instance at 0x7feea8a785a0>,58,1,[2 8],59,212,213,153,212
1,<environment.Job instance at 0x7feea8a78aa0>,59,1,[8 5],60,217,218,157,212
1,<environment.Job instance at 0x7feea8b4fcd0>,60,1,[8 2],61,218,219,157,215
1,<environment.Job instance at 0x7feea8b4fe10>,61,3,[5 9],62,219,222,157,216
1,<environment.Job instance at 0x7feea8b4f550>,62,1,[1 9],63,216,217,153,216
1,<environment.Job instance at 0x7feea8b4f6e0>,63,2,[7 1],64,222,224,158,216
1,<environment.Job instance at 0x7feea8a78820>,57,17,[7 2],58,224,241,166,216
1,<environment.Job instance at 0x7feea845f280>,8,1,[ 2 10],9,9,10,0,9
1,<environment.Job instance at 0x7feea84e0c30>,4,15,[ 5 10],5,10,25,5,10
1,<environment.Job instance at 0x7feea845f5f0>,10,16,[9 3],11,25,41,14,12
1,<environment.Job instance at 0x7feea845f050>,16,15,[5 5],17,41,56,24,27
1,<environment.Job instance at 0x7feea845f8c0>,18,16,[7 3],19,56,72,37,43
1,<environment.Job instance at 0x7feef3002d20>,26,3,[3 8],27,72,75,45,57
1,<environment.Job instance at 0x7feef30023c0>,27,3,[3 5],28,57,60,29,57
1,<environment.Job instance at 0x7feea845fdc0>,11,3,[7 1],12,72,75,60,58
1,<environment.Job instance at 0x7feef3002690>,31,1,[2 7],32,70,71,38,70
1,<environment.Job instance at 0x7feea81937d0>,7,16,[5 7],8,75,91,67,70
1,<environment.Job instance at 0x7feef30024b0>,33,14,[8 4],34,91,105,57,76
1,<environment.Job instance at 0x7feef3002140>,39,12,[1 5],40,92,104,52,92
1,<environment.Job instance at 0x7feef3002f00>,30,1,[4 6],31,105,106,74,93
1,<environment.Job instance at 0x7feea81f7a00>,42,1,[10  2],43,106,107,63,94
1,<environment.Job instance at 0x7feef3002be0>,40,3,[2 6],41,107,110,66,95
1,<environment.Job instance at 0x7feea81f77d0>,43,17,[6 4],44,107,124,63,95
1,<environment.Job instance at 0x7feef3002410>,34,18,[2 6],35,118,136,83,118
1,<environment.Job instance at 0x7feea81f7dc0>,45,12,[9 4],46,136,148,90,119
1,<environment.Job instance at 0x7feea81f79b0>,48,2,[1 6],49,136,138,87,119
1,<environment.Job instance at 0x7feea81f7e10>,49,3,[9 2],50,148,151,98,122
1,<environment.Job instance at 0x7feea81f7050>,51,13,[ 5 10],52,151,164,99,138
1,<environment.Job instance at 0x7feef3002230>,29,3,[3 5],30,164,167,134,138
1,<environment.Job instance at 0x7feea82dd1e0>,56,3,[4 7],57,167,170,110,145
1,<environment.Job instance at 0x7feea82ddaa0>,58,1,[10  4],59,170,171,111,148
1,<environment.Job instance at 0x7feea82ddf50>,60,3,[ 4 10],61,171,174,110,152
1,<environment.Job instance at 0x7feea82dd460>,63,2,[5 4],64,164,166,100,161
1,<environment.Job instance at 0x7feea81f7f50>,47,17,[4 8],48,174,191,126,162
1,<environment.Job instance at 0x7feea82dddc0>,69,3,[10  4],70,191,194,121,173
1,<environment.Job instance at 0x7feea8473be0>,72,2,[2 8],73,194,196,121,179
1,<environment.Job instance at 0x7feea8473cd0>,74,1,[8 4],75,196,197,121,185
1,<environment.Job instance at 0x7feea8473a50>,73,15,[5 6],74,197,212,123,185
1,<environment.Job instance at 0x7feea8473780>,76,13,[9 3],77,212,225,135,198
1,<environment.Job instance at 0x7feea8473d70>,78,15,[4 6],79,225,240,146,213
1,<environment.Job instance at 0x7feea84735f0>,81,3,[5 3],82,225,228,143,215
1,<environment.Job instance at 0x7feea8473690>,83,3,[5 5],84,240,243,156,215
1,<environment.Job instance at 0x7feea8197140>,84,3,[4 6],85,243,246,158,217
1,<environment.Job instance at 0x7feea83a0eb0>,4,17,[7 5],5,5,22,0,5
1,<environment.Job instance at 0x7feeec620460>,8,12,[5 3],9,22,34,13,12
1,<environment.Job instance at 0x7feeec18d230>,14,15,[9 3],15,34,49,19,20
1,<environment.Job instance at 0x7feeec48c7d0>,20,15,[2 9],21,49,64,28,35
1,<environment.Job instance at 0x7feeec481050>,30,14,[1 8],31,64,78,33,51
1,<environment.Job instance at 0x7feeec4815a0>,33,15,[4 9],34,78,93,44,64
1,<environment.Job instance at 0x7feeec4b54b0>,44,14,[10  2],45,93,107,48,80
1,<environment.Job instance at 0x7feef3787f50>,52,17,[5 2],53,107,124,54,95
1,<environment.Job instance at 0x7feea825b870>,55,18,[5 8],56,107,125,51,103
1,<environment.Job instance at 0x7feeec48c820>,21,1,[2 5],22,125,126,103,108
1,<environment.Job instance at 0x7feef2ee44b0>,61,15,[2 9],62,126,141,64,112
1,<environment.Job instance at 0x7feef2f63500>,9,13,[6 2],10,189,202,179,189
1,<environment.Job instance at 0x7feea8581190>,84,2,[3 8],85,193,195,108,193
1,<environment.Job instance at 0x7feea856a910>,81,3,[10  2],82,202,205,120,193
1,<environment.Job instance at 0x7feea8581910>,87,12,[2 8],88,205,217,117,193
1,<environment.Job instance at 0x7feea8581370>,88,3,[2 6],89,195,198,106,193
1,<environment.Job instance at 0x7feea81f7c80>,7,14,[5 1],8,8,22,0,8
1,<environment.Job instance at 0x7feeec5c9e10>,4,2,[9 4],5,22,24,17,8
1,<environment.Job instance at 0x7feea8473aa0>,10,2,[2 5],11,12,14,1,12
1,<environment.Job instance at 0x7feea84730a0>,11,16,[1 8],12,24,40,12,12
1,<environment.Job instance at 0x7feea874bfa0>,12,16,[ 5 10],13,40,56,27,35
1,<environment.Job instance at 0x7feeec423190>,18,2,[2 5],19,56,58,37,36
1,<environment.Job instance at 0x7feef2fcf820>,20,14,[10  2],21,58,72,37,50
1,<environment.Job instance at 0x7feeec624960>,26,3,[3 5],27,72,75,45,65
1,<environment.Job instance at 0x7feeec0c3500>,27,13,[2 9],28,75,88,47,65
1,<environment.Job instance at 0x7feea8906a50>,30,15,[4 8],31,88,103,57,74
1,<environment.Job instance at 0x7feea87f0e10>,35,13,[5 1],36,85,98,49,85
1,<environment.Job instance at 0x7feef2c09b40>,36,16,[6 2],37,98,114,61,85
1,<environment.Job instance at 0x7feef2ad58c0>,37,2,[6 3],38,114,116,76,87
1,<environment.Job instance at 0x7feea87f07d0>,38,14,[3 7],39,103,117,64,89
1,<environment.Job instance at 0x7feef2d58050>,40,3,[5 6],41,117,120,76,105
1,<environment.Job instance at 0x7feef2d58370>,41,15,[5 5],42,120,135,78,107
1,<environment.Job instance at 0x7feef2d580a0>,47,13,[9 3],48,135,148,87,120
1,<environment.Job instance at 0x7feea878abe0>,54,13,[5 6],55,148,161,93,132
1,<environment.Job instance at 0x7feea878a9b0>,61,3,[4 8],62,161,164,99,138
1,<environment.Job instance at 0x7feeec543c30>,63,2,[7 1],64,164,166,100,145
1,<environment.Job instance at 0x7feeec543190>,65,16,[9 5],66,166,182,100,153
1,<environment.Job instance at 0x7feeec1a9640>,71,12,[6 2],72,182,194,110,167
1,<environment.Job instance at 0x7feeec28c5f0>,67,17,[8 3],68,194,211,126,186
1,<environment.Job instance at 0x7feef29f9910>,80,18,[1 5],81,187,205,106,187
1,<environment.Job instance at 0x7feef29f91e0>,81,12,[7 4],82,211,223,129,198
1,<environment.Job instance at 0x7feef2fe4f50>,87,2,[2 7],88,205,207,117,198
1,<environment.Job instance at 0x7feea87582d0>,88,3,[1 7],89,207,210,118,200
1,<environment.Job instance at 0x7feef29f9190>,84,3,[ 2 10],85,223,226,138,201
1,<environment.Job instance at 0x7feef2fe4690>,90,2,[1 6],91,210,212,119,201
1,<environment.Job instance at 0x7feef2fe4e60>,91,1,[5 2],92,226,227,134,201
1,<environment.Job instance at 0x7feef2ac9fa0>,1,18,[4 9],2,4,22,2,4
1,<environment.Job instance at 0x7feef305a050>,8,13,[9 1],9,22,35,13,13
1,<environment.Job instance at 0x7feeec208eb0>,16,18,[6 5],17,35,53,18,24
1,<environment.Job instance at 0x7feeec4d1dc0>,20,13,[1 7],21,53,66,32,37
1,<environment.Job instance at 0x7feeec4d1870>,24,3,[9 5],25,66,69,41,47
1,<environment.Job instance at 0x7feef30085f0>,26,2,[5 4],27,69,71,42,48
1,<environment.Job instance at 0x7feef3008460>,27,12,[4 6],28,69,81,41,55
1,<environment.Job instance at 0x7feef3008820>,32,3,[5 7],33,81,84,48,55
1,<environment.Job instance at 0x7feef3008b90>,37,18,[9 5],38,90,108,52,90
1,<environment.Job instance at 0x7feea8aa60f0>,44,18,[9 3],45,108,126,63,103
1,<environment.Job instance at 0x7feea8aa6e60>,48,12,[3 9],49,129,141,80,129
1,<environment.Job instance at 0x7feea8aa6460>,54,13,[10  2],55,160,173,105,160
1,<environment.Job instance at 0x7feea8aa68c0>,55,18,[5 2],56,176,194,120,176
1,<environment.Job instance at 0x7feea8491c80>,62,1,[ 1 10],63,194,195,131,176
1,<environment.Job instance at 0x7feea8491820>,61,19,[3 5],62,195,214,133,185
1,<environment.Job instance at 0x7feea8491230>,64,18,[1 5],65,195,213,130,185
1,<environment.Job instance at 0x7feea84914b0>,66,2,[5 4],67,185,187,118,185
1,<environment.Job instance at 0x7feea8491cd0>,71,15,[2 5],72,213,228,141,199
1,<environment.Job instance at 0x7feea8491f00>,74,16,[8 4],75,214,230,139,201
1,<environment.Job instance at 0x7feea857faa0>,11,18,[8 3],12,18,36,6,18
1,<environment.Job instance at 0x7feef2b17690>,13,12,[5 7],14,36,48,22,23
1,<environment.Job instance at 0x7feeec33be60>,17,15,[6 4],18,48,63,30,34
1,<environment.Job instance at 0x7feeec33b050>,24,18,[1 6],25,51,69,26,51
1,<environment.Job instance at 0x7feeec33b140>,25,2,[1 8],26,69,71,43,51
1,<environment.Job instance at 0x7feeec326a00>,26,12,[10  3],27,71,83,44,55
1,<environment.Job instance at 0x7feeec3260f0>,33,14,[5 1],34,83,97,49,70
1,<environment.Job instance at 0x7feea857fb40>,9,17,[1 9],10,83,100,73,72
1,<environment.Job instance at 0x7feef3141820>,38,15,[3 7],39,100,115,61,86
1,<environment.Job instance at 0x7feeec3264b0>,37,15,[5 2],38,100,115,62,97
1,<environment.Job instance at 0x7feea857fd20>,8,15,[2 9],9,115,130,106,101
1,<environment.Job instance at 0x7feef3141140>,45,3,[4 8],46,130,133,84,104
1,<environment.Job instance at 0x7feef3141230>,44,2,[9 3],45,133,135,88,106
1,<environment.Job instance at 0x7feef3141780>,49,12,[5 9],50,135,147,85,118
1,<environment.Job instance at 0x7feeec3214b0>,53,13,[9 4],54,147,160,93,131
1,<environment.Job instance at 0x7feef2afb9b0>,7,2,[10  4],8,160,162,152,139
1,<environment.Job instance at 0x7feef3141a00>,46,13,[9 1],47,162,175,115,146
1,<environment.Job instance at 0x7feeec321c30>,63,15,[5 6],64,175,190,111,163
1,<environment.Job instance at 0x7feeec2ff910>,70,17,[ 5 10],71,190,207,119,178
1,<environment.Job instance at 0x7feeec321320>,61,3,[8 3],62,207,210,145,184
1,<environment.Job instance at 0x7feeec2ffe10>,73,1,[1 5],74,207,208,133,184
1,<environment.Job instance at 0x7feeec2ff6e0>,76,18,[10  1],77,210,228,133,206
1,<environment.Job instance at 0x7fd3fb263230>,0,18,[ 2 10],1,1,19,0,1
1,<environment.Job instance at 0x7fd3f3e54280>,4,18,[10  4],5,19,37,14,8
1,<environment.Job instance at 0x7fd3f3e555f0>,31,17,[4 9],32,78,95,46,78
1,<environment.Job instance at 0x7fd3f3e55910>,32,17,[9 3],33,95,112,62,84
1,<environment.Job instance at 0x7fd3f3e55f50>,42,14,[8 4],43,112,126,69,110
1,<environment.Job instance at 0x7fd3fb2b5af0>,5,13,[5 9],6,126,139,120,110
1,<environment.Job instance at 0x7fd3f3e54690>,7,14,[5 1],8,126,140,118,111
1,<environment.Job instance at 0x7fd3f3e5a410>,49,2,[1 9],50,139,141,89,126
1,<environment.Job instance at 0x7fd3f3e5a550>,51,2,[4 9],52,141,143,89,127
1,<environment.Job instance at 0x7fd3f3e5a0f0>,46,3,[5 4],47,143,146,96,127
1,<environment.Job instance at 0x7fd3f3e5a8c0>,55,17,[4 7],56,146,163,90,136
1,<environment.Job instance at 0x7fd3f3e5d820>,72,14,[9 1],73,195,209,122,195
1,<environment.Job instance at 0x7fd3f3e5db40>,77,15,[4 7],78,209,224,131,196
1,<environment.Job instance at 0x7fd3f3e6f6e0>,0,18,[5 1],1,1,19,0,1
1,<environment.Job instance at 0x7fd3f3e728c0>,4,17,[10  5],5,19,36,14,7
1,<environment.Job instance at 0x7fd3b0251460>,14,17,[10  2],15,36,53,21,24
1,<environment.Job instance at 0x7fd3b0255280>,20,17,[2 9],21,53,70,32,41
1,<environment.Job instance at 0x7fd3b02556e0>,23,12,[5 1],24,53,65,29,43
1,<environment.Job instance at 0x7fd3b0254dc0>,25,17,[8 1],26,65,82,39,53
1,<environment.Job instance at 0x7fd3b02548c0>,27,18,[ 1 10],28,82,100,54,71
1,<environment.Job instance at 0x7fd3b0254e60>,30,2,[4 5],31,100,102,69,73
1,<environment.Job instance at 0x7fd3b02495f0>,36,15,[ 5 10],37,102,117,65,93
1,<environment.Job instance at 0x7fd3b02497d0>,41,13,[3 6],42,117,130,75,101
1,<environment.Job instance at 0x7fd3b02496e0>,43,12,[3 8],44,130,142,86,114
1,<environment.Job instance at 0x7fd3b02520f0>,45,12,[2 6],46,142,154,96,129
1,<environment.Job instance at 0x7fd3b0252500>,51,16,[7 4],52,142,158,90,141
1,<environment.Job instance at 0x7fd3b024e0a0>,54,15,[9 5],55,158,173,103,144
1,<environment.Job instance at 0x7fd3b024e3c0>,57,16,[2 8],58,173,189,115,167
1,<environment.Job instance at 0x7fd3b02c5dc0>,63,14,[3 5],64,189,203,125,179
1,<environment.Job instance at 0x7fd3b0254aa0>,34,28,[9 1],35,210,238,175,210
1,<environment.Job instance at 0x7fd3b02517d0>,16,13,[5 1],17,238,251,221,222
1,<environment.Job instance at 0x7fd3b04887d0>,77,14,[3 5],78,238,252,160,226
1,<environment.Job instance at 0x7fd3f3e6bd20>,2,2,[6 4],3,3,5,0,3
1,<environment.Job instance at 0x7fd3f3e6b280>,5,18,[ 3 10],6,6,24,0,6
1,<environment.Job instance at 0x7fd3b0110f00>,8,12,[8 2],9,24,36,15,9
1,<environment.Job instance at 0x7fd3b0110370>,10,12,[1 5],11,24,36,13,15
1,<environment.Job instance at 0x7fd3f3e6bdc0>,13,18,[8 1],14,36,54,22,27
1,<environment.Job instance at 0x7fd3b0178550>,20,16,[1 9],21,36,52,15,27
1,<environment.Job instance at 0x7fd3b0178eb0>,21,3,[3 7],22,54,57,32,28
1,<environment.Job instance at 0x7fd3b0178370>,19,17,[2 6],20,59,76,39,59
1,<environment.Job instance at 0x7fd3fb3d8fa0>,25,12,[4 7],26,76,88,50,68
1,<environment.Job instance at 0x7fd3f3cf6780>,28,14,[2 7],29,88,102,59,74
1,<environment.Job instance at 0x7fd3b01171e0>,30,2,[9 4],31,102,104,71,76
1,<environment.Job instance at 0x7fd3f43486e0>,32,13,[8 1],33,88,101,55,80
1,<environment.Job instance at 0x7fd3f3c11190>,33,16,[3 5],34,104,120,70,92
1,<environment.Job instance at 0x7fd3f404e500>,36,13,[1 6],37,120,133,83,104
1,<environment.Job instance at 0x7fd3b017cdc0>,39,3,[9 3],40,120,123,80,104
1,<environment.Job instance at 0x7fd3f430c2d0>,42,13,[3 9],43,133,146,90,117
1,<environment.Job instance at 0x7fd3f3cf64b0>,29,17,[5 1],30,123,140,93,118
1,<environment.Job instance at 0x7fd3fb28c4b0>,47,14,[9 1],48,146,160,98,133
1,<environment.Job instance at 0x7fd3fb28c140>,52,12,[8 5],53,160,172,107,145
1,<environment.Job instance at 0x7fd3f3c3aa00>,46,13,[8 4],47,172,185,125,156
1,<environment.Job instance at 0x7fd3fb3d2910>,60,3,[9 1],61,185,188,124,159
1,<environment.Job instance at 0x7fd3b00afcd0>,67,3,[10  3],68,188,191,120,180
1,<environment.Job instance at 0x7fd3b00af8c0>,68,12,[ 2 10],69,191,203,122,181
1,<environment.Job instance at 0x7fd3fb3d0730>,72,17,[10  3],73,203,220,130,191
1,<environment.Job instance at 0x7fd3fb28cc30>,48,21,[9 5],49,220,241,171,212
1,<environment.Job instance at 0x7fd3f42c8780>,85,1,[3 6],86,241,242,155,216
1,<environment.Job instance at 0x7fd3b048a3c0>,2,2,[5 5],3,3,5,0,3
1,<environment.Job instance at 0x7fd3fa6bf190>,3,1,[7 1],4,7,8,3,7
1,<environment.Job instance at 0x7fd3fa856dc0>,9,28,[1 8],10,11,39,1,11
1,<environment.Job instance at 0x7fd3fababfa0>,10,12,[7 2],11,11,23,0,11
1,<environment.Job instance at 0x7fd3f41ac7d0>,8,16,[9 2],9,23,39,14,13
1,<environment.Job instance at 0x7fd3f40adaf0>,12,3,[1 9],13,39,42,26,14
1,<environment.Job instance at 0x7fd3f3ece0f0>,15,3,[7 2],16,42,45,26,18
1,<environment.Job instance at 0x7fd3fa7e5d70>,22,17,[2 5],23,42,59,19,32
1,<environment.Job instance at 0x7fd3f3eb3f50>,30,18,[8 1],31,72,90,41,72
1,<environment.Job instance at 0x7fd3f3eb3fa0>,32,2,[7 4],33,90,92,57,72
1,<environment.Job instance at 0x7fd3f3eb3c30>,35,13,[3 9],36,92,105,56,76
1,<environment.Job instance at 0x7fd3f426ebe0>,38,17,[2 6],39,105,122,66,93
1,<environment.Job instance at 0x7fd3f3e42af0>,45,13,[8 5],46,122,135,76,112
1,<environment.Job instance at 0x7fd3f3e3f0a0>,47,14,[2 5],48,122,136,74,119
1,<environment.Job instance at 0x7fd3f3e3fa50>,48,16,[6 5],49,135,151,86,122
1,<environment.Job instance at 0x7fd3f3e3f960>,53,14,[4 8],54,151,165,97,140
1,<environment.Job instance at 0x7fd3f3fbf5a0>,56,15,[9 1],57,165,180,108,151
1,<environment.Job instance at 0x7fd3f40e4690>,59,13,[1 8],60,165,178,105,160
1,<environment.Job instance at 0x7fd3fa792960>,62,13,[ 5 10],63,180,193,117,173
1,<environment.Job instance at 0x7fd3b038d8c0>,68,17,[7 2],69,194,211,125,194
1,<environment.Job instance at 0x7fd3b038d230>,69,16,[10  2],70,211,227,141,198
1,<environment.Job instance at 0x7fd3fa71c870>,74,15,[7 3],75,227,242,152,213
1,<environment.Job instance at 0x7fd3f42f26e0>,3,13,[7 4],4,7,20,3,7
1,<environment.Job instance at 0x7fd3b046d780>,7,2,[7 4],8,20,22,12,8
1,<environment.Job instance at 0x7fd3f3cb9e10>,8,17,[9 5],9,22,39,13,11
1,<environment.Job instance at 0x7fd3fa7ceb40>,18,3,[2 6],19,39,42,20,31
1,<environment.Job instance at 0x7fd3fa7ce640>,20,2,[3 9],21,42,44,21,33
1,<environment.Job instance at 0x7fd3b048f870>,21,2,[7 1],22,39,41,17,34
1,<environment.Job instance at 0x7fd3b048f280>,23,3,[10  3],24,44,47,20,34
1,<environment.Job instance at 0x7fd3b0712190>,24,13,[5 3],25,47,60,22,34
1,<environment.Job instance at 0x7fd3b048f1e0>,26,14,[6 4],27,60,74,33,46
1,<environment.Job instance at 0x7fd3fabf4460>,31,17,[2 7],32,74,91,42,62
1,<environment.Job instance at 0x7fd3fabd64b0>,40,14,[ 2 10],41,91,105,50,78
1,<environment.Job instance at 0x7fd3fabd6eb0>,45,17,[ 3 10],46,105,122,59,95
1,<environment.Job instance at 0x7fd3fabe4410>,52,13,[9 4],53,122,135,69,115
1,<environment.Job instance at 0x7fd3fabf5410>,58,16,[8 3],59,152,168,93,152
1,<environment.Job instance at 0x7fd3b054b140>,10,16,[ 3 10],11,168,184,157,167
1,<environment.Job instance at 0x7fd3fabf5f50>,63,1,[10  1],64,184,185,120,167
1,<environment.Job instance at 0x7fd3fabf5280>,66,2,[5 9],67,185,187,118,171
1,<environment.Job instance at 0x7fd3fabf5550>,67,2,[10  3],68,187,189,119,171
1,<environment.Job instance at 0x7fd3fabff5a0>,69,14,[5 1],70,197,211,127,197
1,<environment.Job instance at 0x7fd3fabff910>,70,3,[5 7],71,197,200,126,197
1,<environment.Job instance at 0x7fd3fabff500>,71,1,[7 3],72,211,212,139,197
1,<environment.Job instance at 0x7fd3fabff3c0>,72,18,[4 7],73,212,230,139,201
1,<environment.Job instance at 0x7fd3b038d370>,6,18,[10  2],7,230,248,223,219
1,<environment.Job instance at 0x7fd3fabfff00>,77,3,[6 3],78,223,226,145,223
1,<environment.Job instance at 0x7fd3f3e8e5a0>,2,2,[5 7],3,3,5,0,3
1,<environment.Job instance at 0x7fd3f3f63690>,4,15,[4 8],5,5,20,0,5
1,<environment.Job instance at 0x7fd3fadbbbe0>,12,3,[1 8],13,20,23,7,14
1,<environment.Job instance at 0x7fd3fadbb280>,13,12,[3 8],14,23,35,9,14
1,<environment.Job instance at 0x7fd3b0742d70>,14,3,[1 5],15,35,38,20,15
1,<environment.Job instance at 0x7fd3b07426e0>,16,3,[7 4],17,35,38,18,19
1,<environment.Job instance at 0x7fd3b0742320>,17,13,[9 1],18,38,51,20,23
1,<environment.Job instance at 0x7fd3b0742190>,24,13,[4 8],25,51,64,26,35
1,<environment.Job instance at 0x7fd3b0742910>,25,12,[2 8],26,64,76,38,48
1,<environment.Job instance at 0x7fd3b0747550>,30,2,[5 5],31,76,78,45,58
1,<environment.Job instance at 0x7fd3b0742b90>,15,15,[3 5],16,76,91,60,62
1,<environment.Job instance at 0x7fd3b0747c30>,34,3,[4 5],35,82,85,47,82
1,<environment.Job instance at 0x7fd3b0747af0>,27,17,[10  4],28,91,108,63,82
1,<environment.Job instance at 0x7fd3b07474b0>,35,18,[7 5],36,108,126,72,102
1,<environment.Job instance at 0x7fd3b0747b40>,39,18,[ 2 10],40,126,144,86,118
1,<environment.Job instance at 0x7fd3b0747e60>,41,1,[8 4],42,144,145,102,119
1,<environment.Job instance at 0x7fd3b0747dc0>,42,1,[2 5],43,119,120,76,119
1,<environment.Job instance at 0x7fd3b07c9820>,45,3,[5 6],46,145,148,99,120
1,<environment.Job instance at 0x7fd3b07c9370>,46,1,[2 6],47,144,145,97,124
1,<environment.Job instance at 0x7fd3b07c9910>,47,15,[5 8],48,148,163,100,135
1,<environment.Job instance at 0x7fd3b07c9f50>,56,17,[3 5],57,163,180,106,151
1,<environment.Job instance at 0x7fd3fadd5230>,59,1,[4 5],60,163,164,103,163
1,<environment.Job instance at 0x7fd3b07c9cd0>,58,15,[5 8],59,180,195,121,167
1,<environment.Job instance at 0x7fd3fadd5b40>,70,16,[7 5],71,195,211,124,183
1,<environment.Job instance at 0x7fd3b07c97d0>,49,17,[2 6],50,211,228,161,199
1,<environment.Job instance at 0x7fd3fadd54b0>,71,15,[5 4],72,211,226,139,199
1,<environment.Job instance at 0x7fd3fadd57d0>,72,2,[1 7],73,228,230,155,202
1,<environment.Job instance at 0x7fd3b042cc80>,78,2,[7 5],79,230,232,151,203
1,<environment.Job instance at 0x7fd3f426ebe0>,79,14,[5 4],80,232,246,152,222
1,<environment.Job instance at 0x7fd3b0220c30>,2,14,[9 2],3,4,18,1,4
1,<environment.Job instance at 0x7fd3f4169e60>,5,17,[5 3],6,18,35,12,6
1,<environment.Job instance at 0x7fd3fa9f5550>,6,12,[2 7],7,18,30,11,7
1,<environment.Job instance at 0x7fd3b04a0460>,11,1,[5 4],12,30,31,18,18
1,<environment.Job instance at 0x7fd3fa8c3690>,13,18,[4 6],14,31,49,17,20
1,<environment.Job instance at 0x7fd3fa8c35a0>,19,17,[5 7],20,49,66,29,47
1,<environment.Job instance at 0x7fd3fa818e60>,25,2,[3 9],26,68,70,42,68
1,<environment.Job instance at 0x7fd3faa73410>,27,1,[8 1],28,70,71,42,69
1,<environment.Job instance at 0x7fd3b0675e60>,28,3,[9 5],29,71,74,42,69
1,<environment.Job instance at 0x7fd3b0675c30>,29,15,[3 9],30,74,89,44,70
1,<environment.Job instance at 0x7fd3fac570f0>,34,13,[10  5],35,89,102,54,73
1,<environment.Job instance at 0x7fd3fac576e0>,38,16,[3 8],39,102,118,63,99
1,<environment.Job instance at 0x7fd3f3f1bd70>,42,17,[9 4],43,118,135,75,106
1,<environment.Job instance at 0x7fd3f41ac050>,47,12,[1 6],48,118,130,70,117
1,<environment.Job instance at 0x7fd3f41ac230>,49,16,[10  5],50,135,151,85,122
1,<environment.Job instance at 0x7fd3f41ac140>,52,1,[1 8],53,151,152,98,146
1,<environment.Job instance at 0x7fd3b04a04b0>,10,13,[4 6],11,153,166,142,153
1,<environment.Job instance at 0x7fd3f3e06be0>,58,18,[5 9],59,172,190,113,172
1,<environment.Job instance at 0x7fd3f422dbe0>,65,16,[7 3],66,199,215,133,199
1,<environment.Job instance at 0x7fd3f3dca640>,68,13,[8 5],69,215,228,146,199
1,<environment.Job instance at 0x7fd3f422d050>,66,1,[5 2],67,228,229,161,201
1,<environment.Job instance at 0x7fd3fa793910>,3,3,[2 7],4,5,8,1,5
1,<environment.Job instance at 0x7fd3f3ee1460>,12,14,[3 7],13,13,27,0,13
1,<environment.Job instance at 0x7fd3fadbda50>,13,3,[10  4],14,27,30,13,15
1,<environment.Job instance at 0x7fd3f3c429b0>,15,13,[5 4],16,30,43,14,16
1,<environment.Job instance at 0x7fd3f3df7f50>,14,1,[4 8],15,43,44,28,27
1,<environment.Job instance at 0x7fd3b01982d0>,18,18,[ 5 10],19,44,62,25,33
1,<environment.Job instance at 0x7fd3b0198500>,20,13,[2 8],21,62,75,41,48
1,<environment.Job instance at 0x7fd3b0198a50>,28,16,[9 1],29,75,91,46,62
1,<environment.Job instance at 0x7fd3b0198cd0>,32,2,[10  3],33,91,93,58,87
1,<environment.Job instance at 0x7fd3b0198eb0>,33,1,[1 7],34,87,88,53,87
1,<environment.Job instance at 0x7fd3b0506320>,8,16,[ 5 10],9,93,109,84,88
1,<environment.Job instance at 0x7fd3b0198c80>,36,3,[8 2],37,109,112,72,90
1,<environment.Job instance at 0x7fd3b0188280>,39,14,[2 8],40,109,123,69,104
1,<environment.Job instance at 0x7fd3b01884b0>,42,18,[10  5],43,123,141,80,117
1,<environment.Job instance at 0x7fd3b0188690>,45,18,[5 6],46,141,159,95,130
1,<environment.Job instance at 0x7fd3b0188a50>,53,13,[3 9],54,159,172,105,150
1,<environment.Job instance at 0x7fd3b0188f00>,59,12,[5 8],60,172,184,112,155
1,<environment.Job instance at 0x7fd3b018c320>,63,2,[2 6],64,184,186,120,163
1,<environment.Job instance at 0x7fd3b018c280>,64,18,[7 1],65,184,202,119,173
1,<environment.Job instance at 0x7fd3b018c690>,68,15,[3 8],69,186,201,117,176
1,<environment.Job instance at 0x7fd3f40cf0a0>,19,18,[10  2],20,202,220,182,191
1,<environment.Job instance at 0x7fd3b018c910>,72,3,[2 8],73,220,223,147,194
1,<environment.Job instance at 0x7fd3b018cb90>,76,16,[1 5],77,223,239,146,216
1,<environment.Job instance at 0x7fd3b04e2f50>,1,17,[ 2 10],2,2,19,0,2
1,<environment.Job instance at 0x7fd3fab154b0>,3,12,[3 9],4,19,31,15,4
1,<environment.Job instance at 0x7fd3f3f882d0>,12,13,[5 3],13,31,44,18,18
1,<environment.Job instance at 0x7fd3f3f885a0>,9,17,[ 1 10],10,44,61,34,32
1,<environment.Job instance at 0x7fd3fb3ded20>,25,15,[10  1],26,61,76,35,49
1,<environment.Job instance at 0x7fd3fac57910>,27,12,[6 5],28,76,88,48,60
1,<environment.Job instance at 0x7fd3f3f2b3c0>,31,12,[5 3],32,88,100,56,72
1,<environment.Job instance at 0x7fd3f425aaf0>,40,18,[3 5],41,81,99,40,81
1,<environment.Job instance at 0x7fd3b0653be0>,41,15,[3 7],42,99,114,57,85
1,<environment.Job instance at 0x7fd3b05ae5a0>,51,13,[3 5],52,114,127,62,103
1,<environment.Job instance at 0x7fd3f3fff780>,53,15,[ 2 10],54,127,142,73,113
1,<environment.Job instance at 0x7fd3f3ffffa0>,56,13,[6 4],57,114,127,57,113
1,<environment.Job instance at 0x7fd3fb182820>,58,12,[10  4],59,142,154,83,130
1,<environment.Job instance at 0x7fd3fb182550>,59,12,[5 8],60,154,166,94,137
1,<environment.Job instance at 0x7fd3f3f10fa0>,75,13,[7 4],76,166,179,90,151
1,<environment.Job instance at 0x7fd3f3f10140>,80,15,[5 5],81,179,194,98,165
1,<environment.Job instance at 0x7fd3fb187f00>,64,1,[7 3],65,194,195,129,179
1,<environment.Job instance at 0x7fd3f41a5be0>,83,3,[7 1],84,195,198,111,179
1,<environment.Job instance at 0x7fd3f41a5410>,88,12,[7 5],89,198,210,109,182
1,<environment.Job instance at 0x7fd3f3f10a50>,70,12,[2 5],71,193,205,122,193
1,<environment.Job instance at 0x7fd3f41a5cd0>,92,2,[8 5],93,210,212,117,198
1,<environment.Job instance at 0x7fd3f3f889b0>,10,15,[8 4],11,212,227,201,199
1,<environment.Job instance at 0x7fd3f41a5e60>,94,2,[8 5],95,227,229,132,200
1,<environment.Job instance at 0x7fd3f41a5c30>,95,3,[10  5],96,229,232,133,204
1,<environment.Job instance at 0x7fd3fa705730>,3,13,[6 5],4,6,19,2,6
1,<environment.Job instance at 0x7fd3b04fb1e0>,8,12,[6 3],9,19,31,10,9
1,<environment.Job instance at 0x7fd3f437dd70>,9,3,[7 4],10,31,34,21,10
1,<environment.Job instance at 0x7fd3fad3dfa0>,10,2,[3 9],11,34,36,23,11
1,<environment.Job instance at 0x7fd3fad3d230>,11,3,[4 5],12,13,16,1,13
1,<environment.Job instance at 0x7fd3fad3dd20>,13,16,[9 5],14,36,52,22,23
1,<environment.Job instance at 0x7fd3f3deec30>,21,17,[9 3],22,52,69,30,40
1,<environment.Job instance at 0x7fd3f3f74870>,30,13,[8 4],31,69,82,38,54
1,<environment.Job instance at 0x7fd3f3f28460>,36,18,[7 3],37,82,100,45,71
1,<environment.Job instance at 0x7fd3f3f28140>,41,18,[3 9],42,100,118,58,89
1,<environment.Job instance at 0x7fd3f4132be0>,43,15,[1 5],44,118,133,74,104
1,<environment.Job instance at 0x7fd3f4132230>,44,2,[5 2],45,118,120,73,104
1,<environment.Job instance at 0x7fd3fa818be0>,47,2,[5 5],48,120,122,72,104
1,<environment.Job instance at 0x7fd3fa818690>,48,13,[8 5],49,122,135,73,106
1,<environment.Job instance at 0x7fd3f4132b90>,42,15,[5 5],43,135,150,92,134
1,<environment.Job instance at 0x7fd3f3d0dd20>,56,12,[6 2],57,150,162,93,138
1,<environment.Job instance at 0x7fd3f4356320>,59,15,[9 1],60,162,177,102,148
1,<environment.Job instance at 0x7fd3f3d0d9b0>,57,15,[1 8],58,151,166,93,151
1,<environment.Job instance at 0x7fd3f3ddbeb0>,63,2,[5 5],64,177,179,113,152
1,<environment.Job instance at 0x7fd3fac1dcd0>,66,14,[9 2],67,179,193,112,164
1,<environment.Job instance at 0x7fd3fac1d140>,68,3,[4 5],69,193,196,124,168
1,<environment.Job instance at 0x7fd3f3cefc80>,23,15,[2 7],24,214,229,190,214
1,<environment.Job instance at 0x7fd3fb1595f0>,4,17,[4 9],5,6,23,1,6
1,<environment.Job instance at 0x7fd3fb4af280>,9,12,[10  1],10,23,35,13,23
1,<environment.Job instance at 0x7fd3b042eaa0>,10,15,[8 5],11,35,50,24,23
1,<environment.Job instance at 0x7fd3f410bfa0>,21,17,[7 1],22,50,67,28,44
1,<environment.Job instance at 0x7fd3f410be10>,22,15,[9 5],23,67,82,44,53
1,<environment.Job instance at 0x7fd3f4116960>,29,13,[9 3],30,82,95,52,72
1,<environment.Job instance at 0x7fd3f4116b40>,32,16,[8 1],33,95,111,62,82
1,<environment.Job instance at 0x7fd3f4116dc0>,36,16,[2 7],37,95,111,58,86
1,<environment.Job instance at 0x7fd3f4116e10>,40,17,[5 8],41,111,128,70,103
1,<environment.Job instance at 0x7fd3f41168c0>,28,2,[7 3],29,128,130,99,103
1,<environment.Job instance at 0x7fd3f4109460>,44,18,[6 5],45,130,148,85,119
1,<environment.Job instance at 0x7fd3f4109d70>,56,14,[8 5],57,148,162,91,141
1,<environment.Job instance at 0x7fd3b02c73c0>,65,16,[10  1],66,175,191,109,175
1,<environment.Job instance at 0x7fd3b02c75a0>,68,14,[5 5],69,199,213,130,199
1,<environment.Job instance at 0x7fd3b02c7640>,69,2,[9 5],70,213,215,143,199
1,<environment.Job instance at 0x7fd3b02c70a0>,72,3,[ 4 10],73,215,218,142,200
1,<environment.Job instance at 0x7fd3b02c78c0>,73,15,[8 2],74,218,233,144,204
1,<environment.Job instance at 0x7fd3fb428910>,4,14,[ 4 10],5,5,19,0,5
1,<environment.Job instance at 0x7fd3affeae60>,7,18,[3 8],8,19,37,11,8
1,<environment.Job instance at 0x7fd3b03885f0>,13,15,[9 4],14,37,52,23,23
1,<environment.Job instance at 0x7fd3b03887d0>,18,3,[ 2 10],19,52,55,33,26
1,<environment.Job instance at 0x7fd3b0388370>,19,1,[8 3],20,55,56,35,28
1,<environment.Job instance at 0x7fd3b0388e10>,11,3,[6 4],12,56,59,44,30
1,<environment.Job instance at 0x7fd3b0388140>,20,3,[8 1],21,59,62,38,33
1,<environment.Job instance at 0x7fd3b03882d0>,24,1,[10  2],25,62,63,37,38
1,<environment.Job instance at 0x7fd3f3d0d0f0>,30,15,[8 4],31,63,78,32,54
1,<environment.Job instance at 0x7fd3f3d0dfa0>,33,14,[7 2],34,78,92,44,63
1,<environment.Job instance at 0x7fd3f42f2230>,37,15,[ 3 10],38,92,107,54,78
1,<environment.Job instance at 0x7fd3b0435dc0>,43,3,[6 5],44,107,110,63,83
1,<environment.Job instance at 0x7fd3b0435f50>,44,3,[6 4],45,110,113,65,86
1,<environment.Job instance at 0x7fd3b0435e10>,46,12,[2 8],47,113,125,66,96
1,<environment.Job instance at 0x7fd3fab97aa0>,50,15,[6 1],51,113,128,62,108
1,<environment.Job instance at 0x7fd3fab97280>,52,3,[10  5],53,128,131,75,108
1,<environment.Job instance at 0x7fd3face7e60>,57,2,[ 4 10],58,131,133,73,112
1,<environment.Job instance at 0x7fd3face7c30>,59,13,[2 6],60,133,146,73,119
1,<environment.Job instance at 0x7fd3f3f2b0f0>,73,2,[2 8],74,152,154,78,152
1,<environment.Job instance at 0x7fd3f3f2b050>,74,3,[5 3],75,154,157,79,152
1,<environment.Job instance at 0x7fd3f3f2b550>,78,12,[ 4 10],79,157,169,78,157
1,<environment.Job instance at 0x7fd3b002c320>,79,2,[9 5],80,169,171,89,157
1,<environment.Job instance at 0x7fd3b002c0a0>,80,3,[8 2],81,171,174,90,157
1,<environment.Job instance at 0x7fd3b002c460>,81,15,[9 3],82,174,189,92,160
1,<environment.Job instance at 0x7fd3b01bd3c0>,85,13,[7 2],86,189,202,103,178
1,<environment.Job instance at 0x7fd3b01bdf50>,88,16,[1 7],89,179,195,90,179
1,<environment.Job instance at 0x7fd3b01bd050>,91,16,[10  1],92,202,218,110,189
1,<environment.Job instance at 0x7fd3fb1a0640>,64,12,[9 5],65,218,230,153,202
1,<environment.Job instance at 0x7fd3f3c27c80>,7,3,[1 9],8,10,13,2,10
1,<environment.Job instance at 0x7fd3f3d301e0>,10,1,[3 7],11,13,14,2,12
1,<environment.Job instance at 0x7fd3f3d30cd0>,11,1,[4 6],12,14,15,2,13
1,<environment.Job instance at 0x7fd3f3d30f00>,13,2,[2 7],14,16,18,2,16
1,<environment.Job instance at 0x7fd3f4300a50>,18,1,[2 9],19,20,21,1,20
1,<environment.Job instance at 0x7fd3b0388f00>,21,1,[ 5 10],22,22,23,0,22
1,<environment.Job instance at 0x7fd3b03885a0>,20,12,[9 3],21,23,35,2,23
1,<environment.Job instance at 0x7fd3b005f5f0>,23,3,[4 6],24,35,38,11,24
1,<environment.Job instance at 0x7fd3b005ff00>,24,18,[ 4 10],25,38,56,13,28
1,<environment.Job instance at 0x7fd3b0388870>,26,13,[7 3],27,56,69,29,40
1,<environment.Job instance at 0x7fd3b005f190>,30,18,[1 7],31,56,74,25,45
1,<environment.Job instance at 0x7fd3b005feb0>,29,12,[3 8],30,74,86,44,57
1,<environment.Job instance at 0x7fd3f425cc80>,35,3,[10  1],36,86,89,50,67
1,<environment.Job instance at 0x7fd3f425ce10>,36,1,[7 5],37,89,90,52,69
1,<environment.Job instance at 0x7fd3f425c9b0>,38,3,[6 4],39,90,93,51,70
1,<environment.Job instance at 0x7fd3f3ebe8c0>,39,1,[9 5],40,93,94,53,70
1,<environment.Job instance at 0x7fd3f425ceb0>,34,18,[3 8],35,94,112,59,83
1,<environment.Job instance at 0x7fd3f3ebe0a0>,44,15,[10  3],45,112,127,67,98
1,<environment.Job instance at 0x7fd3affa75f0>,50,3,[5 1],51,130,133,79,130
1,<environment.Job instance at 0x7fd3affa7190>,60,14,[7 5],61,133,147,72,130
1,<environment.Job instance at 0x7fd3f3e207d0>,61,14,[8 5],62,147,161,85,132
1,<environment.Job instance at 0x7fd3f3e20820>,63,13,[7 2],64,161,174,97,157
1,<environment.Job instance at 0x7fd3f3e20aa0>,66,3,[10  1],67,174,177,107,169
1,<environment.Job instance at 0x7fd3f3e20050>,68,2,[10  3],69,177,179,108,169
1,<environment.Job instance at 0x7fd3b0724870>,69,1,[2 6],70,169,170,99,169
1,<environment.Job instance at 0x7fd3b07246e0>,70,18,[5 5],71,179,197,108,171
1,<environment.Job instance at 0x7fd3b0724410>,72,2,[1 7],73,197,199,124,176
1,<environment.Job instance at 0x7fd3b0105f00>,79,17,[8 2],80,197,214,117,185
1,<environment.Job instance at 0x7fd3b01050a0>,83,13,[2 7],84,206,219,122,206
1,<environment.Job instance at 0x7fd3b0105280>,84,2,[9 3],85,219,221,134,207
1,<environment.Job instance at 0x7fd3b0105a50>,85,17,[10  2],86,221,238,135,210
1,<environment.Job instance at 0x7fd3b04ac9b0>,6,14,[1 8],7,13,27,6,13
1,<environment.Job instance at 0x7fd3f41164b0>,8,13,[9 1],9,13,26,4,13
1,<environment.Job instance at 0x7fd3f3caa730>,9,1,[1 5],10,27,28,17,13
1,<environment.Job instance at 0x7fd3f3caa2d0>,10,12,[7 4],11,27,39,16,13
1,<environment.Job instance at 0x7fd3f408f0a0>,11,2,[3 9],12,39,41,27,13
1,<environment.Job instance at 0x7fd3b01059b0>,5,15,[5 5],6,41,56,35,27
1,<environment.Job instance at 0x7fd3f4300370>,13,3,[8 3],14,56,59,42,40
1,<environment.Job instance at 0x7fd3f437aa00>,15,3,[5 9],16,59,62,43,42
1,<environment.Job instance at 0x7fd3fa7f6690>,18,18,[2 5],19,67,85,48,67
1,<environment.Job instance at 0x7fd3fb3cd550>,17,3,[5 9],18,85,88,67,69
1,<environment.Job instance at 0x7fd3fa7f6550>,22,2,[8 3],23,72,74,49,72
1,<environment.Job instance at 0x7fd3fa7f65f0>,23,12,[2 9],24,88,100,64,73
1,<environment.Job instance at 0x7fd3fa7f6aa0>,24,3,[4 8],25,100,103,75,78
1,<environment.Job instance at 0x7fd3f408fa00>,12,16,[7 5],13,103,119,90,91
1,<environment.Job instance at 0x7fd3b081a1e0>,32,2,[4 8],33,119,121,86,104
1,<environment.Job instance at 0x7fd3b081a0a0>,31,14,[ 2 10],32,121,135,89,107
1,<environment.Job instance at 0x7fd3b081a820>,33,3,[10  2],34,135,138,101,120
1,<environment.Job instance at 0x7fd3b080f050>,43,2,[7 1],44,138,140,94,123
1,<environment.Job instance at 0x7fd3f3f8efa0>,44,3,[2 5],45,138,141,93,125
1,<environment.Job instance at 0x7fd3b07ded20>,45,1,[7 4],46,140,141,94,125
1,<environment.Job instance at 0x7fd3b07de5a0>,46,1,[5 9],47,141,142,94,127
1,<environment.Job instance at 0x7fd3b0815960>,47,2,[5 5],48,142,144,94,127
1,<environment.Job instance at 0x7fd3b081a370>,40,13,[7 2],41,144,157,103,128
1,<environment.Job instance at 0x7fd3b07f8f50>,50,13,[2 8],51,144,157,93,128
1,<environment.Job instance at 0x7fd3b0522280>,55,3,[2 5],56,157,160,101,141
1,<environment.Job instance at 0x7fd3b00216e0>,58,1,[ 2 10],59,160,161,101,144
1,<environment.Job instance at 0x7fd3b07fef00>,26,15,[9 2],27,161,176,134,152
1,<environment.Job instance at 0x7fd3b07025f0>,60,14,[5 1],61,176,190,115,161
1,<environment.Job instance at 0x7fd3b07f01e0>,64,2,[8 5],65,190,192,125,180
1,<environment.Job instance at 0x7fd3b022ceb0>,67,17,[5 5],68,192,209,124,187
1,<environment.Job instance at 0x7fd3f3e5de10>,69,18,[1 5],70,197,215,127,197
1,<environment.Job instance at 0x7fd3b070e3c0>,70,1,[9 3],71,209,210,138,199
1,<environment.Job instance at 0x7fd3fae309b0>,71,14,[10  4],72,215,229,143,200
1,<environment.Job instance at 0x7fd3b022ee10>,72,1,[ 3 10],73,229,230,156,201
1,<environment.Job instance at 0x7fd3affc5460>,73,13,[6 4],74,230,243,156,215
1,<environment.Job instance at 0x7fd3affa0dc0>,74,1,[5 4],75,243,244,168,215
1,<environment.Job instance at 0x7fd3b0248280>,76,2,[7 5],77,244,246,167,217
1,<environment.Job instance at 0x7fd3fa8ac9b0>,2,13,[8 4],3,4,17,1,4
1,<environment.Job instance at 0x7fd3b0105370>,7,12,[5 5],8,17,29,9,8
1,<environment.Job instance at 0x7fd3f3bdd2d0>,8,16,[5 9],9,29,45,20,16
1,<environment.Job instance at 0x7fd3b0174460>,16,2,[4 7],17,45,47,28,20
1,<environment.Job instance at 0x7fd3b00a0f50>,11,1,[8 4],12,47,48,35,21
1,<environment.Job instance at 0x7fd3b00d2140>,21,12,[5 6],22,48,60,26,31
1,<environment.Job instance at 0x7fd3fac9acd0>,27,16,[ 2 10],28,60,76,32,53
1,<environment.Job instance at 0x7fd3f3f665f0>,32,16,[5 8],33,76,92,43,63
1,<environment.Job instance at 0x7fd3f3f753c0>,34,18,[2 9],35,92,110,57,81
1,<environment.Job instance at 0x7fd3f3f75960>,37,18,[3 7],38,110,128,72,99
1,<environment.Job instance at 0x7fd3b01b03c0>,41,3,[5 3],42,110,113,68,110
1,<environment.Job instance at 0x7fd3b01b0f00>,40,13,[9 4],41,128,141,87,112
1,<environment.Job instance at 0x7fd3fa7316e0>,45,2,[8 5],46,141,143,95,117
1,<environment.Job instance at 0x7fd3fa731820>,46,1,[5 3],47,117,118,70,117
1,<environment.Job instance at 0x7fd3fa731c30>,52,17,[8 1],53,143,160,90,136
1,<environment.Job instance at 0x7fd3f4212e10>,56,15,[5 5],57,160,175,103,146
1,<environment.Job instance at 0x7fd3f4212eb0>,58,16,[7 3],59,175,191,116,162
1,<environment.Job instance at 0x7fd3f4212d70>,64,14,[10  2],65,191,205,126,176
1,<environment.Job instance at 0x7fd3b0717960>,75,18,[4 6],76,205,223,129,194
1,<environment.Job instance at 0x7fd3b0717550>,79,12,[1 5],80,223,235,143,210
1,<environment.Job instance at 0x7fd3b07175f0>,80,3,[2 6],81,235,238,154,212
1,<environment.Job instance at 0x7fd3fadce8c0>,83,17,[6 4],84,212,229,128,212
1,<environment.Job instance at 0x7fd3fa731140>,2,14,[2 7],3,3,17,0,3
1,<environment.Job instance at 0x7fd3b005fc30>,3,17,[10  2],4,17,34,13,5
1,<environment.Job instance at 0x7fd3f4358460>,14,3,[5 6],15,34,37,19,24
1,<environment.Job instance at 0x7fd3f4358640>,17,15,[7 3],18,37,52,19,33
1,<environment.Job instance at 0x7fd3f4358230>,18,15,[5 7],19,52,67,33,38
1,<environment.Job instance at 0x7fd3f4147780>,10,2,[ 4 10],11,67,69,56,52
1,<environment.Job instance at 0x7fd3aff37960>,22,2,[7 2],23,69,71,46,53
1,<environment.Job instance at 0x7fd3aff37690>,24,1,[6 1],25,71,72,46,55
1,<environment.Job instance at 0x7fd3f4358e10>,21,16,[7 3],22,72,88,50,60
1,<environment.Job instance at 0x7fd3aff379b0>,31,2,[8 5],32,88,90,56,88
1,<environment.Job instance at 0x7fd3f43584b0>,12,22,[8 5],13,90,112,77,88
1,<environment.Job instance at 0x7fd3aff37460>,33,2,[5 8],34,112,114,78,88
1,<environment.Job instance at 0x7fd3aff37c80>,37,1,[9 1],38,114,115,76,96
1,<environment.Job instance at 0x7fd3aff37370>,38,12,[5 3],39,115,127,76,98
1,<environment.Job instance at 0x7fd3aff31aa0>,41,2,[1 6],42,114,116,72,99
1,<environment.Job instance at 0x7fd3aff318c0>,45,15,[4 8],46,127,142,81,113
1,<environment.Job instance at 0x7fd3aff31140>,49,2,[5 8],50,142,144,92,123
1,<environment.Job instance at 0x7fd3aff31550>,52,2,[3 7],53,144,146,91,129
1,<environment.Job instance at 0x7fd3aff31a00>,54,13,[5 6],55,146,159,91,130
1,<environment.Job instance at 0x7fd3aff31370>,56,2,[6 3],57,144,146,87,134
1,<environment.Job instance at 0x7fd3aff31b90>,59,1,[8 4],60,159,160,99,146
1,<environment.Job instance at 0x7fd3afec3d20>,60,14,[1 8],61,160,174,99,146
1,<environment.Job instance at 0x7fd3afec3230>,61,14,[9 1],62,160,174,98,147
1,<environment.Job instance at 0x7fd3afec3500>,65,14,[6 2],66,174,188,108,171
1,<environment.Job instance at 0x7fd3afec3960>,66,18,[2 5],67,174,192,107,172
1,<environment.Job instance at 0x7fd3aff37820>,36,14,[ 4 10],37,192,206,155,177
1,<environment.Job instance at 0x7fd3afec3e60>,70,2,[5 1],71,188,190,117,180
1,<environment.Job instance at 0x7fd3afec3c80>,71,1,[10  5],72,206,207,134,180
1,<environment.Job instance at 0x7fd3afec3b40>,73,12,[10  3],74,207,219,133,190
1,<environment.Job instance at 0x7fd3b03e2a50>,82,17,[5 2],83,219,236,136,207
1,<environment.Job instance at 0x7fd3b03e2140>,85,18,[5 8],86,219,237,133,215
1,<environment.Job instance at 0x7fd3afe297d0>,1,3,[5 4],2,2,5,0,2
1,<environment.Job instance at 0x7fd3fab5feb0>,3,12,[3 7],4,5,17,1,5
1,<environment.Job instance at 0x7fd3fab5f190>,5,3,[2 8],6,17,20,11,6
1,<environment.Job instance at 0x7fd3f42128c0>,7,17,[2 8],8,20,37,12,8
1,<environment.Job instance at 0x7fd3f3e5a280>,8,14,[4 8],9,37,51,28,22
1,<environment.Job instance at 0x7fd3b039f910>,10,13,[9 1],11,51,64,40,41
1,<environment.Job instance at 0x7fd3aff7f910>,24,2,[9 4],25,64,66,39,41
1,<environment.Job instance at 0x7fd3b07cfa50>,19,2,[8 3],20,66,68,46,41
1,<environment.Job instance at 0x7fd3b07cc640>,25,2,[2 8],26,68,70,42,41
1,<environment.Job instance at 0x7fd3b07ccfa0>,30,2,[2 5],31,66,68,35,51
1,<environment.Job instance at 0x7fd3b07cce60>,27,14,[5 1],28,68,82,40,53
1,<environment.Job instance at 0x7fd3b07b7910>,36,13,[ 1 10],37,82,95,45,69
1,<environment.Job instance at 0x7fd3f3c3b460>,49,17,[8 4],50,182,199,132,182
1,<environment.Job instance at 0x7fd3f3df9190>,51,16,[3 6],52,199,215,147,187
1,<environment.Job instance at 0x7fd3b0288dc0>,56,16,[6 2],57,199,215,142,187
1,<environment.Job instance at 0x7fd3b0266690>,61,15,[5 5],62,215,230,153,201
1,<environment.Job instance at 0x7fd3b02665a0>,63,18,[8 4],64,230,248,166,219
1,<environment.Job instance at 0x7fd3b0281820>,68,15,[7 4],69,248,263,179,234
1,<environment.Job instance at 0x7fd3b02815a0>,69,12,[3 5],70,248,260,178,234
1,<environment.Job instance at 0x7fd3fab11910>,1,1,[10  3],2,4,5,2,4
1,<environment.Job instance at 0x7fd3f3c58500>,4,16,[10  5],5,6,22,1,6
1,<environment.Job instance at 0x7fd3afeb5b90>,7,12,[5 4],8,22,34,14,9
1,<environment.Job instance at 0x7fd3f3fa4280>,8,13,[1 5],9,22,35,13,19
1,<environment.Job instance at 0x7fd3f3bddf50>,10,15,[7 3],11,34,49,23,20
1,<environment.Job instance at 0x7fd3b065caa0>,13,15,[6 1],14,49,64,35,38
1,<environment.Job instance at 0x7fd3aff23eb0>,20,2,[10  1],21,64,66,43,38
1,<environment.Job instance at 0x7fd3f3fa0c80>,21,14,[4 7],22,49,63,27,38
1,<environment.Job instance at 0x7fd3afec4f00>,25,3,[6 3],26,66,69,40,50
1,<environment.Job instance at 0x7fd3afec4aa0>,26,18,[6 5],27,69,87,42,58
1,<environment.Job instance at 0x7fd3f3df10a0>,32,16,[5 8],33,87,103,54,74
1,<environment.Job instance at 0x7fd3f3ee1c30>,27,14,[10  5],28,103,117,75,88
1,<environment.Job instance at 0x7fd3b06385f0>,44,13,[ 2 10],45,117,130,72,104
1,<environment.Job instance at 0x7fd3b0638d20>,45,2,[8 3],46,130,132,84,104
1,<environment.Job instance at 0x7fd3b0638b90>,47,18,[9 5],48,132,150,84,121
1,<environment.Job instance at 0x7fd3f3fe4d70>,52,16,[5 4],53,150,166,97,137
1,<environment.Job instance at 0x7fd3b06361e0>,53,19,[7 4],54,166,185,112,156
1,<environment.Job instance at 0x7fd3b0636050>,57,3,[5 3],58,157,160,99,157
1,<environment.Job instance at 0x7fd3b06366e0>,60,2,[2 6],61,167,169,106,167
1,<environment.Job instance at 0x7fd3b0636dc0>,59,2,[5 1],60,185,187,125,168
1,<environment.Job instance at 0x7fd3b0636aa0>,65,18,[5 2],66,185,203,119,175
1,<environment.Job instance at 0x7fd3faaa6640>,71,19,[3 5],72,198,217,126,198
1,<environment.Job instance at 0x7fd3faaa6780>,72,1,[ 1 10],73,217,218,144,198
1,<environment.Job instance at 0x7fd3b006a5a0>,77,17,[4 6],78,218,235,140,206
1,<environment.Job instance at 0x7fd3afe765f0>,9,17,[1 9],10,18,35,8,18
1,<environment.Job instance at 0x7fd3afe76eb0>,12,16,[4 9],13,35,51,22,27
1,<environment.Job instance at 0x7fd3b0409910>,19,13,[3 9],20,54,67,34,54
1,<environment.Job instance at 0x7fd3b0409820>,22,16,[6 1],23,68,84,45,68
1,<environment.Job instance at 0x7fd3b0209c30>,8,15,[2 9],9,68,83,59,68
1,<environment.Job instance at 0x7fd3f3d098c0>,7,2,[10  4],8,84,86,76,68
1,<environment.Job instance at 0x7fd3b0409730>,26,12,[10  3],27,86,98,59,71
1,<environment.Job instance at 0x7fd3fa849960>,30,3,[4 6],31,98,101,67,73
1,<environment.Job instance at 0x7fd3fa8494b0>,33,14,[5 1],34,98,112,64,89
1,<environment.Job instance at 0x7fd3b0409370>,27,13,[4 5],28,101,114,73,91
1,<environment.Job instance at 0x7fd3fa849320>,35,3,[8 4],36,114,117,78,91
1,<environment.Job instance at 0x7fd3fa849be0>,39,12,[6 3],40,117,129,77,101
1,<environment.Job instance at 0x7fd3fa849640>,41,15,[ 4 10],42,129,144,87,115
1,<environment.Job instance at 0x7fd3f40454b0>,47,18,[9 5],48,144,162,96,134
1,<environment.Job instance at 0x7fd3f40455f0>,53,13,[9 4],54,162,175,108,146
1,<environment.Job instance at 0x7fd3fa66fa00>,55,14,[ 3 10],56,175,189,119,160
1,<environment.Job instance at 0x7fd3aff54be0>,61,3,[8 3],62,189,192,127,165
1,<environment.Job instance at 0x7fd3b073d550>,65,3,[9 2],66,192,195,126,179
1,<environment.Job instance at 0x7fd3b073dc80>,66,1,[5 6],67,195,196,128,179
1,<environment.Job instance at 0x7fd3b073dd20>,67,2,[4 6],68,196,198,128,179
1,<environment.Job instance at 0x7fd3b073d230>,68,1,[5 3],69,195,196,126,180
1,<environment.Job instance at 0x7fd3b0409af0>,28,16,[6 3],29,196,212,167,184
1,<environment.Job instance at 0x7fd3b0319690>,72,12,[ 3 10],73,214,226,141,214
1,<environment.Job instance at 0x7fd3b0319410>,74,12,[8 1],75,226,238,151,215
1,<environment.Job instance at 0x7fd3b06b8320>,13,13,[7 3],14,41,54,27,41
1,<environment.Job instance at 0x7fd3b06b8870>,15,16,[8 3],16,65,81,49,65
1,<environment.Job instance at 0x7fd3f3ef3550>,17,2,[10  1],18,81,83,63,66
1,<environment.Job instance at 0x7fd3fa99de60>,20,16,[4 9],21,83,99,62,71
1,<environment.Job instance at 0x7fd3fa99d140>,22,2,[1 9],23,99,101,76,88
1,<environment.Job instance at 0x7fd3fa99d640>,23,14,[5 6],24,101,115,77,89
1,<environment.Job instance at 0x7fd3fabaffa0>,26,2,[8 5],27,115,117,88,89
1,<environment.Job instance at 0x7fd3b0248f00>,29,3,[6 1],30,90,93,60,90
1,<environment.Job instance at 0x7fd3fa7265a0>,30,12,[2 8],31,117,129,86,100
1,<environment.Job instance at 0x7fd3fade1c80>,34,17,[1 7],35,129,146,94,117
1,<environment.Job instance at 0x7fd3fade1cd0>,36,13,[5 8],37,146,159,109,130
1,<environment.Job instance at 0x7fd3fa758eb0>,43,14,[9 1],44,159,173,115,147
1,<environment.Job instance at 0x7fd3b06749b0>,50,18,[7 1],51,173,191,122,166
1,<environment.Job instance at 0x7fd3b0674be0>,52,1,[10  2],53,191,192,138,188
1,<environment.Job instance at 0x7fd3b06745f0>,53,2,[2 5],54,189,191,135,189
1,<environment.Job instance at 0x7fd3b06742d0>,54,15,[1 5],55,192,207,137,189
1,<environment.Job instance at 0x7fd3f4212d70>,7,18,[8 5],8,201,219,193,201
1,<environment.Job instance at 0x7fd3f3e731e0>,58,16,[8 4],59,219,235,160,212
1,<environment.Job instance at 0x7fd3afebdcd0>,62,3,[6 4],63,235,238,172,233
1,<environment.Job instance at 0x7fd3afebd190>,64,1,[8 4],65,238,239,173,233
1,<environment.Job instance at 0x7fd3afebdd70>,65,2,[9 2],66,239,241,173,233
1,<environment.Job instance at 0x7fd3afebd1e0>,68,1,[5 1],69,241,242,172,233
1,<environment.Job instance at 0x7fd3afebdf50>,69,18,[3 8],70,241,259,171,233
