iteration,job object,job ID,job Length,job ressource requirement,job enter time,job start time,job finish time,job waiting time,current time
1,<environment.Job instance at 0x7f9e8cb1fcd0>,8,13,[5 5],9,14,27,5,9
1,<environment.Job instance at 0x7f9e8cb24370>,13,18,[ 4 10],14,27,45,13,17
1,<environment.Job instance at 0x7f9e8cb244b0>,14,13,[7 3],15,45,58,30,29
1,<environment.Job instance at 0x7f9e8cb245a0>,16,16,[3 5],17,45,61,28,32
1,<environment.Job instance at 0x7f9e8cb24a50>,25,12,[ 5 10],26,61,73,35,48
1,<environment.Job instance at 0x7f9e8cb24e10>,31,14,[2 5],32,73,87,41,58
1,<environment.Job instance at 0x7f9e8cb28370>,33,14,[5 5],34,73,87,39,58
1,<environment.Job instance at 0x7f9e8cb28a50>,40,15,[10  3],41,87,102,46,87
1,<environment.Job instance at 0x7f9e8cb28d70>,43,18,[5 5],44,102,120,58,91
1,<environment.Job instance at 0x7f9e8cb28eb0>,47,2,[6 5],48,120,122,72,106
1,<environment.Job instance at 0x7f9e8cb2a370>,48,15,[10  1],49,122,137,73,121
1,<environment.Job instance at 0x7f9e91bc5910>,9,17,[1 6],10,13,30,3,13
1,<environment.Job instance at 0x7f9e91bc5410>,14,18,[2 9],15,30,48,15,29
1,<environment.Job instance at 0x7f9e8cb2a7d0>,2,1,[8 5],3,48,49,45,33
1,<environment.Job instance at 0x7f9e91bc6a00>,23,13,[6 3],24,49,62,25,43
1,<environment.Job instance at 0x7f9e8c2b8b90>,30,14,[2 6],31,75,89,44,75
1,<environment.Job instance at 0x7f9e8c2a0640>,31,15,[5 9],32,89,104,57,75
1,<environment.Job instance at 0x7f9e91bc6a50>,20,3,[10  2],21,104,107,83,83
1,<environment.Job instance at 0x7f9e91dfc500>,34,18,[3 7],35,107,125,72,96
1,<environment.Job instance at 0x7f9e91dfc820>,37,3,[10  5],38,125,128,87,103
1,<environment.Job instance at 0x7f9e91dfc190>,38,2,[7 4],39,128,130,89,103
1,<environment.Job instance at 0x7f9e91dfc0f0>,39,14,[5 3],40,107,121,67,103
1,<environment.Job instance at 0x7f9e91df35f0>,46,2,[1 8],47,130,132,83,113
1,<environment.Job instance at 0x7f9e91df3730>,48,2,[5 2],49,121,123,72,115
1,<environment.Job instance at 0x7f9e91bc52d0>,3,17,[5 7],4,132,149,128,128
1,<environment.Job instance at 0x7f9e50e639b0>,0,18,[2 7],1,1,19,0,1
1,<environment.Job instance at 0x7f9e50e63af0>,3,16,[1 6],4,19,35,15,6
1,<environment.Job instance at 0x7f9e50ed0500>,7,17,[9 3],8,19,36,11,8
1,<environment.Job instance at 0x7f9e50ed0be0>,21,1,[2 6],22,42,43,20,42
1,<environment.Job instance at 0x7f9e50e63050>,4,15,[1 9],5,57,72,52,57
1,<environment.Job instance at 0x7f9e50eedaa0>,30,15,[8 3],31,102,117,71,102
1,<environment.Job instance at 0x7f9e50eedc80>,35,14,[ 2 10],36,117,131,81,102
1,<environment.Job instance at 0x7f9e50eed690>,42,3,[4 7],43,140,143,97,140
1,<environment.Job instance at 0x7f9e50eed3c0>,44,2,[2 7],45,147,149,102,147
1,<environment.Job instance at 0x7f9e50eedf50>,46,17,[1 7],47,149,166,102,148
1,<environment.Job instance at 0x7f9e50eed1e0>,25,21,[4 5],26,166,187,140,166
1,<environment.Job instance at 0x7f9e50eed500>,40,16,[2 8],41,187,203,146,175
1,<environment.Job instance at 0x7f9e50ed0460>,0,2,[3 8],1,1,3,0,1
1,<environment.Job instance at 0x7f9e50ed0eb0>,1,15,[10  4],2,3,18,1,2
1,<environment.Job instance at 0x7f9e50ed0550>,2,14,[1 8],3,18,32,15,3
1,<environment.Job instance at 0x7f9e512e9d20>,6,1,[6 3],7,32,33,25,14
1,<environment.Job instance at 0x7f9e50e20730>,14,3,[6 4],15,33,36,18,16
1,<environment.Job instance at 0x7f9e50e20870>,13,15,[5 2],14,36,51,22,22
1,<environment.Job instance at 0x7f9e50e204b0>,16,2,[8 1],17,24,26,7,24
1,<environment.Job instance at 0x7f9e50e20eb0>,20,2,[9 5],21,51,53,30,27
1,<environment.Job instance at 0x7f9e50e200f0>,23,18,[6 5],24,53,71,29,42
1,<environment.Job instance at 0x7f9e512fc690>,29,14,[2 6],30,71,85,41,56
1,<environment.Job instance at 0x7f9e512fc910>,31,13,[8 5],32,85,98,53,69
1,<environment.Job instance at 0x7f9e512cde60>,41,17,[10  2],42,98,115,56,86
1,<environment.Job instance at 0x7f9e513ede10>,44,12,[3 8],45,115,127,70,98
1,<environment.Job instance at 0x7f9e50e205f0>,24,19,[6 1],25,120,139,95,120
1,<environment.Job instance at 0x7f9e50ee8af0>,0,13,[10  5],1,1,14,0,1
1,<environment.Job instance at 0x7f9e50e20460>,1,14,[1 6],2,14,28,12,2
1,<environment.Job instance at 0x7f9e512dd5f0>,7,1,[2 8],8,28,29,20,8
1,<environment.Job instance at 0x7f9e511bffa0>,10,3,[5 6],11,29,32,18,11
1,<environment.Job instance at 0x7f9e8d1d4d20>,19,1,[ 2 10],20,32,33,12,20
1,<environment.Job instance at 0x7f9e50ef40f0>,21,18,[2 8],22,33,51,11,26
1,<environment.Job instance at 0x7f9e8d1a6050>,27,16,[9 2],28,52,68,24,52
1,<environment.Job instance at 0x7f9e8d1a6280>,29,13,[6 3],30,68,81,38,54
1,<environment.Job instance at 0x7f9e8d1a64b0>,30,13,[7 4],31,81,94,50,66
1,<environment.Job instance at 0x7f9e8d1ba0f0>,46,16,[7 4],47,94,110,47,85
1,<environment.Job instance at 0x7f9e8d1ba140>,48,18,[4 6],49,110,128,61,99
1,<environment.Job instance at 0x7f9e8d1a69b0>,0,3,[7 3],1,1,4,0,1
1,<environment.Job instance at 0x7f9e8d1ba870>,4,14,[5 5],5,8,22,3,8
1,<environment.Job instance at 0x7f9e8d1ba960>,8,18,[4 5],9,9,27,0,9
1,<environment.Job instance at 0x7f9e8d83a410>,11,1,[ 2 10],12,27,28,15,12
1,<environment.Job instance at 0x7f9e8d83a0f0>,12,1,[3 9],13,28,29,15,13
1,<environment.Job instance at 0x7f9e8d83aa50>,13,2,[4 7],14,29,31,15,14
1,<environment.Job instance at 0x7f9e8cf4c2d0>,15,2,[1 5],16,22,24,6,16
1,<environment.Job instance at 0x7f9e8cf4cb90>,16,3,[8 4],17,31,34,14,17
1,<environment.Job instance at 0x7f9e8c1d5c80>,17,13,[9 2],18,34,47,16,18
1,<environment.Job instance at 0x7f9e8d713b40>,21,15,[8 4],22,47,62,25,33
1,<environment.Job instance at 0x7f9e50db1320>,40,18,[6 1],41,107,125,66,107
1,<environment.Job instance at 0x7f9e8cd49730>,45,17,[4 6],46,135,152,89,135
1,<environment.Job instance at 0x7f9e8d41bb90>,0,15,[8 2],1,1,16,0,1
1,<environment.Job instance at 0x7f9e5111f690>,3,2,[5 1],4,16,18,12,4
1,<environment.Job instance at 0x7f9e5111f280>,4,17,[9 4],5,18,35,13,6
1,<environment.Job instance at 0x7f9e8cf96e60>,14,15,[5 1],15,35,50,20,21
1,<environment.Job instance at 0x7f9e50ecb910>,25,12,[2 6],26,35,47,9,29
1,<environment.Job instance at 0x7f9e8cccd3c0>,26,15,[2 7],27,47,62,20,33
1,<environment.Job instance at 0x7f9e8c0f8f50>,29,15,[ 3 10],30,62,77,32,48
1,<environment.Job instance at 0x7f9e8cba96e0>,37,1,[4 5],38,84,85,46,84
1,<environment.Job instance at 0x7f9e8cba9d70>,38,1,[2 9],39,85,86,46,84
1,<environment.Job instance at 0x7f9e8cba9b40>,39,13,[4 6],40,86,99,46,84
1,<environment.Job instance at 0x7f9e8cba9140>,41,17,[10  3],42,99,116,57,87
1,<environment.Job instance at 0x7f9e8cba90a0>,42,13,[1 6],43,116,129,73,100
1,<environment.Job instance at 0x7f9e514050a0>,5,13,[6 4],6,116,129,110,108
1,<environment.Job instance at 0x7f9e8cba94b0>,45,12,[ 4 10],46,129,141,83,115
1,<environment.Job instance at 0x7f9e510c69b0>,8,17,[3 6],9,141,158,132,137
1,<environment.Job instance at 0x7f9e8d713820>,0,14,[8 3],1,1,15,0,1
1,<environment.Job instance at 0x7f9e8c1524b0>,2,12,[8 1],3,15,27,12,3
1,<environment.Job instance at 0x7f9e8d810280>,11,17,[7 5],12,27,44,15,15
1,<environment.Job instance at 0x7f9e8d713690>,8,2,[9 4],9,44,46,35,19
1,<environment.Job instance at 0x7f9e8c0fccd0>,17,15,[5 3],18,46,61,28,32
1,<environment.Job instance at 0x7f9e8c0fc640>,18,18,[1 5],19,32,50,13,32
1,<environment.Job instance at 0x7f9e50cf17d0>,25,13,[5 5],26,50,63,24,34
1,<environment.Job instance at 0x7f9e50cf19b0>,29,3,[7 2],30,63,66,33,37
1,<environment.Job instance at 0x7f9e8c0fc9b0>,15,3,[3 8],16,63,66,47,48
1,<environment.Job instance at 0x7f9e50cf1b90>,30,14,[7 5],31,66,80,35,51
1,<environment.Job instance at 0x7f9e50d055a0>,37,12,[5 8],38,80,92,42,63
1,<environment.Job instance at 0x7f9e50d05af0>,46,12,[8 3],47,92,104,45,81
1,<environment.Job instance at 0x7f9e50d05870>,42,1,[7 4],43,122,123,79,122
1,<environment.Job instance at 0x7f9e50d05f00>,1,17,[2 6],2,2,19,0,2
1,<environment.Job instance at 0x7f9e8d3dc870>,15,13,[ 1 10],16,19,32,3,16
1,<environment.Job instance at 0x7f9e8d3dc0f0>,16,3,[8 1],17,32,35,15,17
1,<environment.Job instance at 0x7f9e8ce71be0>,18,14,[4 6],19,35,49,16,20
1,<environment.Job instance at 0x7f9e50d069b0>,21,12,[5 5],22,49,61,27,39
1,<environment.Job instance at 0x7f9e50d06a50>,10,18,[3 5],11,49,67,38,39
1,<environment.Job instance at 0x7f9e8d30dd70>,22,12,[5 5],23,61,73,38,44
1,<environment.Job instance at 0x7f9e8c1621e0>,30,16,[10  2],31,73,89,42,60
1,<environment.Job instance at 0x7f9e8d5e5f50>,38,16,[6 3],39,89,105,50,79
1,<environment.Job instance at 0x7f9e8d1475a0>,41,14,[1 5],42,92,106,50,92
1,<environment.Job instance at 0x7f9e8d147e60>,43,14,[2 7],44,106,120,62,95
1,<environment.Job instance at 0x7f9e50f38b90>,47,3,[3 5],48,120,123,72,95
1,<environment.Job instance at 0x7f9e510e6370>,48,15,[8 5],49,123,138,74,109
1,<environment.Job instance at 0x7f9e8d84fd20>,0,1,[5 1],1,1,2,0,1
1,<environment.Job instance at 0x7f9e8d4276e0>,1,3,[9 3],2,2,5,0,2
1,<environment.Job instance at 0x7f9e8d613f50>,3,3,[8 4],4,5,8,1,4
1,<environment.Job instance at 0x7f9e51134eb0>,4,3,[6 1],5,8,11,3,5
1,<environment.Job instance at 0x7f9e50bb4190>,15,16,[6 3],16,17,33,1,17
1,<environment.Job instance at 0x7f9e510d4960>,20,15,[7 5],21,71,86,50,71
1,<environment.Job instance at 0x7f9e512f97d0>,29,13,[1 9],30,87,100,57,87
1,<environment.Job instance at 0x7f9e50dba9b0>,32,2,[9 3],33,100,102,67,87
1,<environment.Job instance at 0x7f9e50dbaaf0>,33,12,[1 8],34,102,114,68,87
1,<environment.Job instance at 0x7f9e8cd2ea50>,34,16,[10  3],35,114,130,79,101
1,<environment.Job instance at 0x7f9e50f221e0>,42,18,[10  4],43,130,148,87,120
1,<environment.Job instance at 0x7f9e513a7f00>,8,17,[7 4],9,148,165,139,139
1,<environment.Job instance at 0x7f9e50e23aa0>,0,1,[6 3],1,1,2,0,1
1,<environment.Job instance at 0x7f9e8d140640>,1,13,[5 3],2,2,15,0,2
1,<environment.Job instance at 0x7f9e51439960>,4,12,[6 4],5,15,27,10,5
1,<environment.Job instance at 0x7f9e510eb640>,11,16,[6 5],12,27,43,15,14
1,<environment.Job instance at 0x7f9e91df5320>,19,13,[5 9],20,43,56,23,31
1,<environment.Job instance at 0x7f9e50f41690>,21,18,[8 4],22,56,74,34,45
1,<environment.Job instance at 0x7f9e8ccd1a00>,30,14,[6 4],31,74,88,43,59
1,<environment.Job instance at 0x7f9e8ce87370>,38,16,[8 5],39,88,104,49,76
1,<environment.Job instance at 0x7f9e8ce87690>,39,18,[7 5],40,104,122,64,104
1,<environment.Job instance at 0x7f9e8ce5c0f0>,45,18,[7 5],46,122,140,76,122
1,<environment.Job instance at 0x7f9e8ce5ccd0>,48,17,[10  3],49,140,157,91,140
1,<environment.Job instance at 0x7f9e8d55b500>,0,1,[6 3],1,1,2,0,1
1,<environment.Job instance at 0x7f9e8d55b370>,2,18,[5 1],3,3,21,0,3
1,<environment.Job instance at 0x7f9e8d55b870>,5,3,[6 5],6,21,24,15,6
1,<environment.Job instance at 0x7f9e51362aa0>,7,13,[7 3],8,24,37,16,8
1,<environment.Job instance at 0x7f9e51362820>,10,14,[3 6],11,24,38,13,11
1,<environment.Job instance at 0x7f9e51362410>,13,2,[5 5],14,14,16,0,14
1,<environment.Job instance at 0x7f9e50d25e60>,14,12,[4 6],15,38,50,23,23
1,<environment.Job instance at 0x7f9e50d25b40>,21,14,[10  4],22,50,64,28,37
1,<environment.Job instance at 0x7f9e50d25d20>,24,12,[8 4],25,64,76,39,47
1,<environment.Job instance at 0x7f9e8cb17d70>,27,14,[6 2],28,76,90,48,62
1,<environment.Job instance at 0x7f9e8cb178c0>,30,12,[8 1],31,90,102,59,75
1,<environment.Job instance at 0x7f9e50deea00>,32,18,[5 1],33,102,120,69,92
1,<environment.Job instance at 0x7f9e50dee910>,37,12,[ 4 10],38,120,132,82,105
1,<environment.Job instance at 0x7f9e50deed20>,40,3,[4 8],41,105,108,64,105
1,<environment.Job instance at 0x7f9e50dee690>,45,1,[8 2],46,132,133,86,105
1,<environment.Job instance at 0x7f9e51362500>,0,3,[9 5],1,1,4,0,1
1,<environment.Job instance at 0x7f9e5148f960>,1,13,[1 7],2,4,17,2,2
1,<environment.Job instance at 0x7f9e5148f730>,4,2,[4 6],5,17,19,12,5
1,<environment.Job instance at 0x7f9e5148fd70>,5,3,[8 5],6,19,22,13,6
1,<environment.Job instance at 0x7f9e5148f190>,6,12,[7 1],7,22,34,15,7
1,<environment.Job instance at 0x7f9e8cf14e10>,18,17,[5 5],19,34,51,15,22
1,<environment.Job instance at 0x7f9e51248730>,31,2,[5 1],32,54,56,22,54
1,<environment.Job instance at 0x7f9e5110a8c0>,40,15,[4 5],41,83,98,42,83
1,<environment.Job instance at 0x7f9e8c156e10>,43,17,[8 5],44,98,115,54,88
1,<environment.Job instance at 0x7f9e8d62a780>,0,16,[9 2],1,1,17,0,1
1,<environment.Job instance at 0x7f9e50b67e60>,16,1,[2 6],17,17,18,0,17
1,<environment.Job instance at 0x7f9e50b67d70>,17,17,[5 2],18,18,35,0,18
1,<environment.Job instance at 0x7f9e8cb07fa0>,2,2,[5 8],3,23,25,20,23
1,<environment.Job instance at 0x7f9e513f5d70>,24,17,[9 5],25,39,56,14,39
1,<environment.Job instance at 0x7f9e8ce67910>,25,16,[5 3],26,56,72,30,46
1,<environment.Job instance at 0x7f9e8c25caa0>,29,13,[3 6],30,56,69,26,46
1,<environment.Job instance at 0x7f9e8d118780>,37,17,[4 9],38,81,98,43,81
1,<environment.Job instance at 0x7f9e50def5f0>,42,14,[3 9],43,98,112,55,95
1,<environment.Job instance at 0x7f9e50def3c0>,47,18,[3 6],48,123,141,75,123
1,<environment.Job instance at 0x7f9e8c156e10>,0,1,[5 9],1,1,2,0,1
1,<environment.Job instance at 0x7f9e51482aa0>,1,3,[8 4],2,2,5,0,2
1,<environment.Job instance at 0x7f9e8d1ce780>,2,3,[5 2],3,5,8,2,3
1,<environment.Job instance at 0x7f9e8d331410>,6,17,[5 5],7,7,24,0,7
1,<environment.Job instance at 0x7f9e8c168550>,12,17,[1 6],13,24,41,11,13
1,<environment.Job instance at 0x7f9e8cb2df00>,18,15,[3 6],19,41,56,22,27
1,<environment.Job instance at 0x7f9e8cc33d20>,31,14,[7 1],32,79,93,47,79
1,<environment.Job instance at 0x7f9e8cc33f00>,32,16,[9 4],33,93,109,60,80
1,<environment.Job instance at 0x7f9e8cc4b2d0>,37,14,[4 7],38,109,123,71,95
1,<environment.Job instance at 0x7f9e8cc4b4b0>,40,16,[5 1],41,109,125,68,96
1,<environment.Job instance at 0x7f9e8cc4b7d0>,45,12,[8 1],46,125,137,79,113
1,<environment.Job instance at 0x7f9e8cc4b5f0>,42,17,[4 5],43,158,175,115,158
1,<environment.Job instance at 0x7f9e8cc4bcd0>,0,15,[ 4 10],1,1,16,0,1
1,<environment.Job instance at 0x7f9e8cc177d0>,3,15,[7 2],4,16,31,12,4
1,<environment.Job instance at 0x7f9e8c149460>,8,14,[1 7],9,16,30,7,9
1,<environment.Job instance at 0x7f9e8cee23c0>,15,13,[1 5],16,30,43,14,16
1,<environment.Job instance at 0x7f9e8cee2f50>,18,14,[8 3],19,31,45,12,19
1,<environment.Job instance at 0x7f9e8cee2c30>,19,14,[9 5],20,45,59,25,30
1,<environment.Job instance at 0x7f9e8cee2d20>,21,13,[5 8],22,59,72,37,43
1,<environment.Job instance at 0x7f9e8d3bec80>,26,12,[6 3],27,72,84,45,55
1,<environment.Job instance at 0x7f9e8d3beaa0>,32,3,[5 2],33,84,87,51,71
1,<environment.Job instance at 0x7f9e8d3be8c0>,33,2,[2 5],34,72,74,38,71
1,<environment.Job instance at 0x7f9e8d3be910>,34,15,[ 2 10],35,87,102,52,73
1,<environment.Job instance at 0x7f9e8cf96730>,39,16,[2 8],40,102,118,62,89
1,<environment.Job instance at 0x7f9e8cf96320>,45,17,[7 4],46,118,135,72,106
1,<environment.Job instance at 0x7f9e8cf96550>,47,14,[5 5],48,135,149,87,122
1,<environment.Job instance at 0x7f9e8cd640f0>,0,2,[2 7],1,1,3,0,1
1,<environment.Job instance at 0x7f9e51495c80>,2,3,[3 8],3,3,6,0,3
1,<environment.Job instance at 0x7f9e8c2d46e0>,6,1,[5 7],7,7,8,0,7
1,<environment.Job instance at 0x7f9e8c2d4c30>,7,16,[1 5],8,8,24,0,8
1,<environment.Job instance at 0x7f9e511fa5a0>,10,13,[9 3],11,11,24,0,11
1,<environment.Job instance at 0x7f9e50d8ac80>,15,15,[9 1],16,24,39,8,21
1,<environment.Job instance at 0x7f9e511fa230>,13,13,[6 5],14,39,52,25,24
1,<environment.Job instance at 0x7f9e8d108370>,23,17,[6 4],24,52,69,28,40
1,<environment.Job instance at 0x7f9e51495af0>,4,17,[3 6],5,61,78,56,61
1,<environment.Job instance at 0x7f9e8d52b6e0>,38,16,[2 7],39,78,94,39,77
1,<environment.Job instance at 0x7f9e8d52b0f0>,39,16,[ 3 10],40,94,110,54,81
1,<environment.Job instance at 0x7f9e8cba99b0>,46,16,[6 1],47,110,126,63,108
1,<environment.Job instance at 0x7f9e511fa320>,0,16,[5 9],1,1,17,0,1
1,<environment.Job instance at 0x7f9e8c259dc0>,1,15,[9 5],2,17,32,15,3
1,<environment.Job instance at 0x7f9e8cd64be0>,11,17,[3 7],12,32,49,20,20
1,<environment.Job instance at 0x7f9e8d1025f0>,17,3,[3 8],18,49,52,31,23
1,<environment.Job instance at 0x7f9e50b76a50>,20,15,[4 9],21,52,67,31,38
1,<environment.Job instance at 0x7f9e50b76550>,26,17,[9 3],27,67,84,40,61
1,<environment.Job instance at 0x7f9e50bbabe0>,33,16,[ 4 10],34,84,100,50,75
1,<environment.Job instance at 0x7f9e50e72aa0>,35,13,[4 7],36,100,113,64,88
1,<environment.Job instance at 0x7f9e50bbe4b0>,37,15,[6 1],38,100,115,62,88
1,<environment.Job instance at 0x7f9e50df0230>,47,15,[ 1 10],48,115,130,67,109
1,<environment.Job instance at 0x7f9e50bc0780>,29,15,[5 6],30,130,145,100,122
1,<environment.Job instance at 0x7f9e50df0e10>,0,1,[8 1],1,1,2,0,1
1,<environment.Job instance at 0x7f9e50df04b0>,1,18,[3 7],2,2,20,0,2
1,<environment.Job instance at 0x7f9e50df00f0>,2,17,[1 9],3,20,37,17,8
1,<environment.Job instance at 0x7f9e8d810cd0>,13,15,[4 9],14,37,52,23,25
1,<environment.Job instance at 0x7f9e8d810e10>,15,12,[ 3 10],16,52,64,36,36
1,<environment.Job instance at 0x7f9e5145b2d0>,20,16,[9 2],21,64,80,43,51
1,<environment.Job instance at 0x7f9e5145b050>,26,12,[6 4],27,80,92,53,68
1,<environment.Job instance at 0x7f9e5145baa0>,32,15,[2 9],33,92,107,59,90
1,<environment.Job instance at 0x7f9e8d7e2410>,40,13,[6 4],41,107,120,66,100
1,<environment.Job instance at 0x7f9e8d7e26e0>,44,17,[8 3],45,120,137,75,108
1,<environment.Job instance at 0x7f9e8d7e2e10>,48,15,[8 3],49,137,152,88,123
1,<environment.Job instance at 0x7f9e50df0c30>,3,14,[5 5],4,158,172,154,158
1,<environment.Job instance at 0x7f9e8d268460>,0,1,[4 5],1,1,2,0,1
1,<environment.Job instance at 0x7f9e8d268370>,1,16,[5 3],2,2,18,0,2
1,<environment.Job instance at 0x7f9e50e04460>,13,14,[5 5],14,14,28,0,14
1,<environment.Job instance at 0x7f9e8cfedcd0>,21,12,[6 3],22,28,40,6,26
1,<environment.Job instance at 0x7f9e8c295780>,26,13,[9 5],27,40,53,13,31
1,<environment.Job instance at 0x7f9e8d139cd0>,28,14,[ 4 10],29,53,67,24,38
1,<environment.Job instance at 0x7f9e8d62bf50>,29,13,[7 5],30,67,80,37,51
1,<environment.Job instance at 0x7f9e8c09a3c0>,39,15,[8 5],40,80,95,40,67
1,<environment.Job instance at 0x7f9e51068190>,24,12,[1 8],25,95,107,70,79
1,<environment.Job instance at 0x7f9e50e11be0>,42,16,[1 7],43,107,123,64,94
1,<environment.Job instance at 0x7f9e50e11cd0>,47,16,[7 2],48,99,115,51,99
1,<environment.Job instance at 0x7f9e50e11960>,43,13,[3 7],44,128,141,84,128
1,<environment.Job instance at 0x7fb8e71fc500>,0,13,[9 3],1,1,14,0,1
1,<environment.Job instance at 0x7fb8dfdf2370>,14,13,[7 3],15,21,34,6,21
1,<environment.Job instance at 0x7fb8dfdf24b0>,15,18,[2 8],16,34,52,18,23
1,<environment.Job instance at 0x7fb8dfdf20a0>,16,16,[3 5],17,52,68,35,40
1,<environment.Job instance at 0x7fb8dfdf2780>,19,14,[3 5],20,52,66,32,40
1,<environment.Job instance at 0x7fb8dfdf2d70>,29,12,[5 4],30,66,78,36,56
1,<environment.Job instance at 0x7fb8dfdf2eb0>,31,14,[2 5],32,68,82,36,60
1,<environment.Job instance at 0x7fb8dfdede60>,11,15,[4 8],12,82,97,70,76
1,<environment.Job instance at 0x7fb8dfdf5af0>,40,15,[10  3],41,97,112,56,83
1,<environment.Job instance at 0x7fb8dfdf5eb0>,45,13,[6 5],46,112,125,66,96
1,<environment.Job instance at 0x7fb8dfdf8aa0>,57,18,[2 8],58,133,151,75,133
1,<environment.Job instance at 0x7fb8dfdf8910>,56,17,[8 5],57,161,178,104,161
1,<environment.Job instance at 0x7fb8dfdf8780>,1,2,[4 5],2,2,4,0,2
1,<environment.Job instance at 0x7fb8e7370230>,6,3,[7 4],7,7,10,0,7
1,<environment.Job instance at 0x7fb8e7370190>,8,2,[ 3 10],9,24,26,15,24
1,<environment.Job instance at 0x7fb8e7370e60>,10,3,[10  2],11,30,33,19,30
1,<environment.Job instance at 0x7fb8e7371140>,18,12,[10  2],19,38,50,19,38
1,<environment.Job instance at 0x7fb8e73710f0>,19,13,[9 4],20,50,63,30,39
1,<environment.Job instance at 0x7fb8e73717d0>,22,16,[ 4 10],23,63,79,40,57
1,<environment.Job instance at 0x7fb8e7371780>,16,19,[4 8],17,81,100,64,81
1,<environment.Job instance at 0x7fb8e7374e10>,29,14,[5 3],30,100,114,70,86
1,<environment.Job instance at 0x7fb8e722a4b0>,42,16,[3 9],43,114,130,71,111
1,<environment.Job instance at 0x7fb8e7374e60>,32,20,[1 5],33,130,150,97,124
1,<environment.Job instance at 0x7fb8e722a410>,47,17,[9 3],48,130,147,82,129
1,<environment.Job instance at 0x7fb8e722a9b0>,53,15,[6 1],54,147,162,93,138
1,<environment.Job instance at 0x7fb8e736eeb0>,57,1,[1 5],58,150,151,92,146
1,<environment.Job instance at 0x7fb8e736eb90>,58,1,[3 6],59,151,152,92,146
1,<environment.Job instance at 0x7fb8e736e870>,55,16,[7 5],56,162,178,106,156
1,<environment.Job instance at 0x7fb8e7374c80>,0,2,[7 2],1,1,3,0,1
1,<environment.Job instance at 0x7fb89c1decd0>,9,2,[1 8],10,18,20,8,18
1,<environment.Job instance at 0x7fb89c1ded70>,10,15,[8 3],11,20,35,9,18
1,<environment.Job instance at 0x7fb89c1de870>,13,16,[ 3 10],14,35,51,21,22
1,<environment.Job instance at 0x7fb89c1de780>,20,16,[2 8],21,59,75,38,59
1,<environment.Job instance at 0x7fb89c1cccd0>,31,15,[10  4],32,86,101,54,86
1,<environment.Job instance at 0x7fb89c1cc0a0>,29,12,[4 9],30,101,113,71,89
1,<environment.Job instance at 0x7fb89c1cc7d0>,41,15,[1 7],42,113,128,71,104
1,<environment.Job instance at 0x7fb89c1e86e0>,49,14,[3 6],50,128,142,78,123
1,<environment.Job instance at 0x7fb89c1e8230>,53,18,[6 5],54,142,160,88,131
1,<environment.Job instance at 0x7fb89c1de460>,0,1,[5 8],1,1,2,0,1
1,<environment.Job instance at 0x7fb89c1ead70>,1,13,[8 5],2,2,15,0,2
1,<environment.Job instance at 0x7fb89c1beeb0>,2,14,[2 9],3,15,29,12,3
1,<environment.Job instance at 0x7fb89c21ecd0>,20,13,[10  5],21,29,42,8,29
1,<environment.Job instance at 0x7fb89c21e230>,23,14,[7 5],24,42,56,18,40
1,<environment.Job instance at 0x7fb89c270780>,12,3,[10  2],13,56,59,43,42
1,<environment.Job instance at 0x7fb89c21ee60>,36,12,[ 3 10],37,59,71,22,53
1,<environment.Job instance at 0x7fb89c21e370>,40,18,[4 5],41,71,89,30,60
1,<environment.Job instance at 0x7fb89c438500>,49,13,[6 3],50,78,91,28,78
1,<environment.Job instance at 0x7fb89c438140>,50,13,[7 4],51,91,104,40,79
1,<environment.Job instance at 0x7fb89c438730>,46,14,[10  1],47,104,118,57,90
1,<environment.Job instance at 0x7fb89c21eb40>,1,2,[9 5],2,2,4,0,2
1,<environment.Job instance at 0x7fb89c1ea5a0>,2,2,[9 3],3,4,6,1,3
1,<environment.Job instance at 0x7fb89c1bea00>,4,16,[7 5],5,6,22,1,5
1,<environment.Job instance at 0x7fb89c5c0910>,9,3,[5 1],10,22,25,12,11
1,<environment.Job instance at 0x7fb89c4e8fa0>,17,17,[5 2],18,35,52,17,35
1,<environment.Job instance at 0x7fb89c56df50>,18,18,[4 5],19,36,54,17,36
1,<environment.Job instance at 0x7fb89c21e6e0>,6,16,[7 4],7,55,71,48,55
1,<environment.Job instance at 0x7fb89c4df4b0>,27,13,[9 2],28,71,84,43,59
1,<environment.Job instance at 0x7fb89c4dfe10>,36,28,[6 5],37,92,120,55,92
1,<environment.Job instance at 0x7fb89c26b3c0>,0,15,[8 2],1,1,16,0,1
1,<environment.Job instance at 0x7fb89c4dfaa0>,1,3,[4 5],2,16,19,14,2
1,<environment.Job instance at 0x7fb89c1ea690>,3,2,[5 1],4,16,18,12,4
1,<environment.Job instance at 0x7fb89c4f2410>,7,13,[1 9],8,19,32,11,8
1,<environment.Job instance at 0x7fb89c4f2870>,11,14,[8 2],12,32,46,20,18
1,<environment.Job instance at 0x7fb8dfba56e0>,26,15,[2 7],27,32,47,5,31
1,<environment.Job instance at 0x7fb8e4a8bd20>,27,1,[9 3],28,47,48,19,31
1,<environment.Job instance at 0x7fb8dfba51e0>,28,15,[7 5],29,48,63,19,34
1,<environment.Job instance at 0x7fb89c1ea730>,5,13,[6 4],6,63,76,57,48
1,<environment.Job instance at 0x7fb8e435cb90>,37,1,[4 5],38,81,82,43,81
1,<environment.Job instance at 0x7fb8e435c410>,39,13,[4 6],40,82,95,42,81
1,<environment.Job instance at 0x7fb8e435ca00>,40,15,[7 1],41,95,110,54,81
1,<environment.Job instance at 0x7fb8dfbaa280>,45,12,[ 4 10],46,110,122,64,93
1,<environment.Job instance at 0x7fb8dfbaa410>,49,16,[5 4],50,122,138,72,109
1,<environment.Job instance at 0x7fb8dfbaa870>,57,16,[9 4],58,138,154,80,134
1,<environment.Job instance at 0x7fb8dfbaa5f0>,56,16,[9 2],57,154,170,97,144
1,<environment.Job instance at 0x7fb89c438640>,1,17,[7 5],2,6,23,4,6
1,<environment.Job instance at 0x7fb8e442c3c0>,12,3,[10  4],13,24,27,11,24
1,<environment.Job instance at 0x7fb8e442c8c0>,15,13,[5 5],16,27,40,11,24
1,<environment.Job instance at 0x7fb8e442cd70>,18,2,[6 3],19,40,42,21,24
1,<environment.Job instance at 0x7fb8dffd7690>,25,16,[10  4],26,42,58,16,30
1,<environment.Job instance at 0x7fb89c25ad70>,27,12,[5 8],28,58,70,30,42
1,<environment.Job instance at 0x7fb8dfe09c80>,34,17,[7 2],35,70,87,35,58
1,<environment.Job instance at 0x7fb89c093320>,38,1,[2 6],39,70,71,31,66
1,<environment.Job instance at 0x7fb89c093d70>,41,17,[2 6],42,90,107,48,90
1,<environment.Job instance at 0x7fb8dfba50a0>,50,18,[3 5],51,107,125,56,107
1,<environment.Job instance at 0x7fb8dfba5550>,55,13,[ 1 10],56,125,138,69,109
1,<environment.Job instance at 0x7fb89c438460>,2,12,[3 8],3,237,249,234,237
1,<environment.Job instance at 0x7fb8e442ca00>,0,13,[5 6],1,1,14,0,1
1,<environment.Job instance at 0x7fb89c252fa0>,1,12,[5 5],2,14,26,12,2
1,<environment.Job instance at 0x7fb8e4b13f50>,9,1,[ 3 10],10,26,27,16,16
1,<environment.Job instance at 0x7fb8e4b13cd0>,10,16,[10  2],11,27,43,16,16
1,<environment.Job instance at 0x7fb8dfed7730>,18,16,[6 3],19,43,59,24,30
1,<environment.Job instance at 0x7fb8dfed7cd0>,20,18,[4 7],21,43,61,22,40
1,<environment.Job instance at 0x7fb8dfdbf370>,36,18,[4 6],37,80,98,43,80
1,<environment.Job instance at 0x7fb8e4962dc0>,42,18,[6 3],43,84,102,41,84
1,<environment.Job instance at 0x7fb89bf72b90>,54,17,[8 5],55,137,154,82,137
1,<environment.Job instance at 0x7fb89bf722d0>,50,15,[7 5],51,204,219,153,204
1,<environment.Job instance at 0x7fb89c1ea190>,1,13,[5 5],2,2,15,0,2
1,<environment.Job instance at 0x7fb8e45d8a00>,3,12,[1 8],4,15,27,11,5
1,<environment.Job instance at 0x7fb8e45d8dc0>,8,14,[10  3],9,27,41,18,14
1,<environment.Job instance at 0x7fb89c1e81e0>,19,15,[9 5],20,41,56,21,31
1,<environment.Job instance at 0x7fb89c1e89b0>,24,12,[6 4],25,56,68,31,45
1,<environment.Job instance at 0x7fb8e44dbdc0>,31,16,[6 5],32,68,84,36,56
1,<environment.Job instance at 0x7fb8e44dbb40>,41,18,[8 4],42,84,102,42,82
1,<environment.Job instance at 0x7fb8e44dbe10>,46,16,[5 5],47,102,118,55,89
1,<environment.Job instance at 0x7fb89c1e8d70>,23,18,[5 9],24,118,136,94,111
1,<environment.Job instance at 0x7fb8e010f640>,54,14,[7 1],55,163,177,108,163
1,<environment.Job instance at 0x7fb8e44db690>,39,13,[5 9],40,179,192,139,179
1,<environment.Job instance at 0x7fb89c0b4cd0>,1,14,[5 8],2,2,16,0,2
1,<environment.Job instance at 0x7fb89c2fdb40>,2,16,[9 2],3,16,32,13,4
1,<environment.Job instance at 0x7fb89c6d40f0>,8,17,[10  3],9,32,49,23,21
1,<environment.Job instance at 0x7fb89c50bd20>,20,14,[3 6],21,49,63,28,35
1,<environment.Job instance at 0x7fb89c50b500>,17,13,[7 3],18,49,62,31,40
1,<environment.Job instance at 0x7fb89c4d8280>,27,18,[1 7],28,63,81,35,56
1,<environment.Job instance at 0x7fb8dfd8b370>,30,15,[1 6],31,81,96,50,67
1,<environment.Job instance at 0x7fb8dff3d9b0>,34,12,[8 4],35,81,93,46,80
1,<environment.Job instance at 0x7fb8dfd3e690>,35,15,[7 4],36,93,108,57,80
1,<environment.Job instance at 0x7fb8e492faf0>,37,14,[6 2],38,108,122,70,93
1,<environment.Job instance at 0x7fb8e492f2d0>,40,12,[8 1],41,122,134,81,105
1,<environment.Job instance at 0x7fb8e492f0a0>,44,12,[6 5],45,134,146,89,120
1,<environment.Job instance at 0x7fb89c3e1460>,47,12,[ 4 10],48,146,158,98,141
1,<environment.Job instance at 0x7fb89bea25f0>,25,17,[7 1],26,161,178,135,161
1,<environment.Job instance at 0x7fb8e4b13e10>,0,3,[9 5],1,1,4,0,1
1,<environment.Job instance at 0x7fb8dfd8b5f0>,1,13,[1 7],2,4,17,2,2
1,<environment.Job instance at 0x7fb8e70f1f50>,2,13,[4 8],3,17,30,14,3
1,<environment.Job instance at 0x7fb8dfc9dcd0>,12,3,[6 4],13,30,33,17,14
1,<environment.Job instance at 0x7fb89c46fdc0>,19,14,[3 7],20,34,48,14,34
1,<environment.Job instance at 0x7fb89c46fe60>,20,15,[9 4],21,48,63,27,36
1,<environment.Job instance at 0x7fb8dfbe65f0>,37,13,[9 4],38,67,80,29,67
1,<environment.Job instance at 0x7fb8dff10640>,40,15,[4 5],41,80,95,39,68
1,<environment.Job instance at 0x7fb89c41b6e0>,43,17,[8 5],44,95,112,51,83
1,<environment.Job instance at 0x7fb8dfe26410>,45,16,[4 5],46,112,128,66,99
1,<environment.Job instance at 0x7fb8dfe26500>,53,12,[4 6],54,129,141,75,129
1,<environment.Job instance at 0x7fb8dfe26f50>,54,3,[6 4],55,129,132,74,129
1,<environment.Job instance at 0x7fb8dfe26820>,48,16,[ 5 10],49,141,157,92,136
1,<environment.Job instance at 0x7fb89c3124b0>,32,14,[6 5],33,170,184,137,170
1,<environment.Job instance at 0x7fb8e01ae730>,1,1,[4 6],2,2,3,0,2
1,<environment.Job instance at 0x7fb89c46f1e0>,2,18,[5 9],3,3,21,0,3
1,<environment.Job instance at 0x7fb8e48949b0>,3,16,[6 5],4,21,37,17,8
1,<environment.Job instance at 0x7fb8e4a753c0>,12,3,[9 5],13,37,40,24,13
1,<environment.Job instance at 0x7fb8e0155fa0>,18,14,[9 4],19,40,54,21,29
1,<environment.Job instance at 0x7fb89bea75f0>,21,14,[4 6],22,54,68,32,39
1,<environment.Job instance at 0x7fb8e0252280>,28,2,[8 5],29,68,70,39,45
1,<environment.Job instance at 0x7fb8e02520a0>,29,14,[6 1],30,54,68,24,45
1,<environment.Job instance at 0x7fb8e02525f0>,31,17,[10  4],32,70,87,38,58
1,<environment.Job instance at 0x7fb8e0252960>,37,18,[3 6],38,89,107,51,89
1,<environment.Job instance at 0x7fb8e0251190>,47,13,[8 2],48,107,120,59,91
1,<environment.Job instance at 0x7fb8e0251230>,49,3,[7 4],50,91,94,41,91
1,<environment.Job instance at 0x7fb8e0251500>,52,17,[1 6],53,107,124,54,95
1,<environment.Job instance at 0x7fb8e49288c0>,14,17,[9 5],15,140,157,125,140
1,<environment.Job instance at 0x7fb8e0252e60>,44,18,[4 7],45,157,175,112,149
1,<environment.Job instance at 0x7fb8e0251910>,1,2,[2 6],2,4,6,2,4
1,<environment.Job instance at 0x7fb89c06c640>,9,15,[5 2],10,10,25,0,10
1,<environment.Job instance at 0x7fb8dfcab960>,12,16,[9 4],13,25,41,12,24
1,<environment.Job instance at 0x7fb8dfcab4b0>,16,15,[9 5],17,41,56,24,28
1,<environment.Job instance at 0x7fb8dfcabaa0>,21,16,[ 2 10],22,56,72,34,44
1,<environment.Job instance at 0x7fb8dfcab0f0>,25,12,[8 1],26,72,84,46,58
1,<environment.Job instance at 0x7fb8dfcab690>,28,3,[7 1],29,84,87,55,70
1,<environment.Job instance at 0x7fb8dfcab780>,30,15,[ 4 10],31,87,102,56,73
1,<environment.Job instance at 0x7fb89c4f4550>,38,14,[1 7],39,102,116,63,88
1,<environment.Job instance at 0x7fb89c4f41e0>,43,15,[10  4],44,116,131,72,103
1,<environment.Job instance at 0x7fb89c4f47d0>,45,13,[1 5],46,131,144,85,115
1,<environment.Job instance at 0x7fb8dfd1c460>,48,14,[8 3],49,131,145,82,116
1,<environment.Job instance at 0x7fb8dfd1c730>,51,13,[5 8],52,145,158,93,129
1,<environment.Job instance at 0x7fb8dfd1cbe0>,56,12,[6 3],57,158,170,101,144
1,<environment.Job instance at 0x7fb8dfd1c410>,57,15,[ 5 10],58,170,185,112,156
1,<environment.Job instance at 0x7fb8dfd1c0a0>,53,18,[ 4 10],54,185,203,131,177
1,<environment.Job instance at 0x7fb89c1325f0>,0,1,[4 8],1,1,2,0,1
1,<environment.Job instance at 0x7fb89c132370>,1,16,[ 4 10],2,2,18,0,2
1,<environment.Job instance at 0x7fb89c132a00>,2,3,[5 2],3,18,21,15,3
1,<environment.Job instance at 0x7fb8e48d4460>,5,16,[4 6],6,18,34,12,6
1,<environment.Job instance at 0x7fb8e447adc0>,12,18,[5 1],13,21,39,8,14
1,<environment.Job instance at 0x7fb8e447a960>,11,13,[2 8],12,34,47,22,19
1,<environment.Job instance at 0x7fb89bee1910>,17,14,[5 5],18,47,61,29,33
1,<environment.Job instance at 0x7fb89bee1cd0>,19,12,[5 7],20,61,73,41,44
1,<environment.Job instance at 0x7fb8e496b230>,30,13,[9 3],31,73,86,42,66
1,<environment.Job instance at 0x7fb8e496bbe0>,33,13,[6 5],34,86,99,52,70
1,<environment.Job instance at 0x7fb8e496b4b0>,34,13,[5 4],35,99,112,64,83
1,<environment.Job instance at 0x7fb8e496b6e0>,40,16,[2 8],41,112,128,71,99
1,<environment.Job instance at 0x7fb8e496ba50>,31,16,[2 7],32,128,144,96,128
1,<environment.Job instance at 0x7fb89c132960>,0,3,[7 3],1,1,4,0,1
1,<environment.Job instance at 0x7fb8dfcab820>,2,18,[5 8],3,4,22,1,3
1,<environment.Job instance at 0x7fb8dfb9e1e0>,3,13,[1 7],4,22,35,18,6
1,<environment.Job instance at 0x7fb8dfb9ee60>,7,1,[8 3],8,22,23,14,8
1,<environment.Job instance at 0x7fb8e0300dc0>,9,2,[3 6],10,35,37,25,10
1,<environment.Job instance at 0x7fb8e45e9a50>,17,12,[5 4],18,35,47,17,20
1,<environment.Job instance at 0x7fb8e45e90f0>,18,14,[8 1],19,47,61,28,32
1,<environment.Job instance at 0x7fb89bff8910>,21,17,[3 7],22,61,78,39,50
1,<environment.Job instance at 0x7fb89bff8e10>,29,13,[ 2 10],30,78,91,48,62
1,<environment.Job instance at 0x7fb89bff8f50>,31,15,[7 5],32,91,106,59,77
1,<environment.Job instance at 0x7fb89c023190>,34,2,[5 2],35,106,108,71,85
1,<environment.Job instance at 0x7fb89c023370>,36,17,[9 3],37,108,125,71,108
1,<environment.Job instance at 0x7fb89c023690>,43,16,[ 4 10],44,125,141,81,125
1,<environment.Job instance at 0x7fb89c023910>,47,15,[6 1],48,141,156,93,127
1,<environment.Job instance at 0x7fb89bff9140>,54,15,[7 5],55,156,171,101,142
1,<environment.Job instance at 0x7fb89bff90a0>,57,15,[ 1 10],58,171,186,113,161
1,<environment.Job instance at 0x7fb89c0237d0>,45,13,[4 7],46,186,199,140,172
1,<environment.Job instance at 0x7fb8dfc26190>,0,1,[8 1],1,1,2,0,1
1,<environment.Job instance at 0x7fb89c023960>,1,18,[3 7],2,2,20,0,2
1,<environment.Job instance at 0x7fb89bff9280>,3,14,[5 5],4,20,34,16,5
1,<environment.Job instance at 0x7fb89c6056e0>,14,14,[10  4],15,34,48,19,20
1,<environment.Job instance at 0x7fb89c605370>,25,12,[5 9],26,50,62,24,50
1,<environment.Job instance at 0x7fb89c605870>,27,17,[8 2],28,62,79,34,51
1,<environment.Job instance at 0x7fb89c605fa0>,29,17,[9 2],30,79,96,49,67
1,<environment.Job instance at 0x7fb8e00b0230>,36,3,[9 2],37,96,99,59,70
1,<environment.Job instance at 0x7fb8e00b0960>,40,13,[6 4],41,99,112,58,83
1,<environment.Job instance at 0x7fb89c377230>,47,17,[7 4],48,112,129,64,101
1,<environment.Job instance at 0x7fb89c377b90>,48,15,[8 3],49,129,144,80,122
1,<environment.Job instance at 0x7fb89c125aa0>,53,3,[1 6],54,122,125,68,122
1,<environment.Job instance at 0x7fb89c125af0>,51,16,[5 3],52,144,160,92,141
1,<environment.Job instance at 0x7fb89bff9870>,7,16,[5 8],8,160,176,152,157
1,<environment.Job instance at 0x7fb8e02f1230>,0,18,[9 2],1,4,22,3,4
1,<environment.Job instance at 0x7fb8e02f1d20>,4,12,[7 4],5,22,34,17,5
1,<environment.Job instance at 0x7fb89c009960>,9,18,[1 5],10,10,28,0,10
1,<environment.Job instance at 0x7fb89c353aa0>,14,12,[1 8],15,35,47,20,35
1,<environment.Job instance at 0x7fb89c634d70>,16,13,[9 5],17,47,60,30,37
1,<environment.Job instance at 0x7fb8dfcd8eb0>,18,14,[ 4 10],19,60,74,41,45
1,<environment.Job instance at 0x7fb8e45e42d0>,22,15,[7 3],23,74,89,51,62
1,<environment.Job instance at 0x7fb89bfadaf0>,29,15,[8 5],30,89,104,59,76
1,<environment.Job instance at 0x7fb89bfad5f0>,33,13,[3 7],34,104,117,70,91
1,<environment.Job instance at 0x7fb89c4a1dc0>,34,15,[6 4],35,117,132,82,104
1,<environment.Job instance at 0x7fb89c265910>,41,2,[6 2],42,111,113,69,111
1,<environment.Job instance at 0x7fb89c265b90>,42,14,[9 3],43,132,146,89,117
1,<environment.Job instance at 0x7fb89c1673c0>,46,16,[4 9],47,146,162,99,133
1,<environment.Job instance at 0x7fb89c167500>,55,17,[10  3],56,162,179,106,150
1,<environment.Job instance at 0x7fb8e01cf730>,12,16,[10  2],13,183,199,170,183
1,<environment.Job instance at 0x7fb8e0124cd0>,11,12,[6 3],12,199,211,187,183
1,<environment.Job instance at 0x7fb8e02f1370>,3,14,[5 5],4,211,225,207,196
1,<environment.Job instance at 0x7fb8dfcf5050>,0,17,[8 4],1,1,18,0,1
1,<environment.Job instance at 0x7fb89bfadc30>,1,14,[ 5 10],2,18,32,16,8
1,<environment.Job instance at 0x7fb89c4f14b0>,8,14,[9 5],9,32,46,23,17
1,<environment.Job instance at 0x7fb8e44ba870>,13,17,[6 4],14,46,63,32,35
1,<environment.Job instance at 0x7fb8dfc260a0>,17,14,[2 6],18,46,60,28,39
1,<environment.Job instance at 0x7fb8e4743fa0>,24,15,[8 1],25,63,78,38,49
1,<environment.Job instance at 0x7fb89bef1870>,34,1,[1 7],35,63,64,28,60
1,<environment.Job instance at 0x7fb89c6ab050>,38,18,[ 4 10],39,89,107,50,89
1,<environment.Job instance at 0x7fb89c6ab870>,39,13,[7 2],40,107,120,67,93
1,<environment.Job instance at 0x7fb89c6ab690>,45,3,[3 9],46,120,123,74,99
1,<environment.Job instance at 0x7fb89c69c050>,46,18,[3 6],47,123,141,76,112
1,<environment.Job instance at 0x7fb89c69ce10>,50,3,[9 2],51,141,144,90,120
1,<environment.Job instance at 0x7fb89c69c690>,52,3,[10  3],53,144,147,91,120
1,<environment.Job instance at 0x7fb89c69c230>,53,18,[4 5],54,147,165,93,136
1,<environment.Job instance at 0x7fb89c69ceb0>,54,15,[3 5],55,147,162,92,136
1,<environment.Job instance at 0x7fb89c6b69b0>,57,1,[9 1],58,165,166,107,139
1,<environment.Job instance at 0x7fb8dff730a0>,0,2,[7 4],1,1,3,0,1
1,<environment.Job instance at 0x7fb8dff73280>,1,16,[6 5],2,3,19,1,2
1,<environment.Job instance at 0x7fb8dfc3b280>,11,13,[5 2],12,19,32,7,16
1,<environment.Job instance at 0x7fb8dfd3f500>,16,1,[1 8],17,19,20,2,17
1,<environment.Job instance at 0x7fb8dfd3fa00>,17,3,[4 5],18,20,23,2,18
1,<environment.Job instance at 0x7fb8dfd3f9b0>,18,14,[7 2],19,32,46,13,19
1,<environment.Job instance at 0x7fb89c413aa0>,24,17,[3 7],25,25,42,0,25
1,<environment.Job instance at 0x7fb89c413c80>,25,3,[10  2],26,46,49,20,26
1,<environment.Job instance at 0x7fb89c413230>,26,14,[7 5],27,49,63,22,34
1,<environment.Job instance at 0x7fb89c413d70>,30,18,[5 5],31,63,81,32,52
1,<environment.Job instance at 0x7fb89c6264b0>,33,18,[5 2],34,63,81,29,52
1,<environment.Job instance at 0x7fb89c626c30>,34,16,[7 5],35,81,97,46,68
1,<environment.Job instance at 0x7fb8dfef1dc0>,44,15,[10  2],45,97,112,52,97
1,<environment.Job instance at 0x7fb8dfef1320>,52,18,[9 2],53,118,136,65,118
1,<environment.Job instance at 0x7fb8dfef1eb0>,58,3,[9 2],59,136,139,77,124
1,<environment.Job instance at 0x7fb8dfef14b0>,55,14,[6 3],56,139,153,83,133
1,<environment.Job instance at 0x7fb8dfcce550>,1,14,[1 5],2,2,16,0,2
1,<environment.Job instance at 0x7fb89c5a39b0>,6,18,[ 2 10],7,16,34,9,7
1,<environment.Job instance at 0x7fb8e02c9690>,8,14,[9 5],9,34,48,25,24
1,<environment.Job instance at 0x7fb8e0247050>,21,14,[8 4],22,48,62,26,36
1,<environment.Job instance at 0x7fb89c405730>,22,2,[ 2 10],23,62,64,39,38
1,<environment.Job instance at 0x7fb89c4a1aa0>,23,3,[1 6],24,48,51,24,38
1,<environment.Job instance at 0x7fb8e0247960>,25,3,[10  3],26,64,67,38,51
1,<environment.Job instance at 0x7fb8e0174aa0>,27,3,[5 6],28,67,70,39,52
1,<environment.Job instance at 0x7fb89be9ccd0>,29,3,[6 1],30,70,73,40,61
1,<environment.Job instance at 0x7fb89c644370>,30,12,[2 6],31,70,82,39,61
1,<environment.Job instance at 0x7fb8e439d0a0>,35,13,[5 5],36,82,95,46,71
1,<environment.Job instance at 0x7fb8dfd3f0f0>,39,13,[4 8],40,95,108,55,85
1,<environment.Job instance at 0x7fb8e487df00>,40,17,[10  1],41,108,125,67,96
1,<environment.Job instance at 0x7fb89c0d25a0>,44,2,[9 5],45,125,127,80,98
1,<environment.Job instance at 0x7fb89c0d2b90>,45,15,[5 4],46,127,142,81,113
1,<environment.Job instance at 0x7fb89c0d2460>,48,2,[7 5],49,142,144,93,131
1,<environment.Job instance at 0x7fb8e46a2a50>,50,18,[4 5],51,144,162,93,133
1,<environment.Job instance at 0x7fb89c469af0>,56,14,[5 4],57,150,164,93,150
1,<environment.Job instance at 0x7fb89c4695a0>,58,12,[1 9],59,164,176,105,154
1,<environment.Job instance at 0x7f0121001230>,0,13,[9 3],1,1,14,0,1
1,<environment.Job instance at 0x7f0119bf1870>,11,15,[4 8],12,14,29,2,13
1,<environment.Job instance at 0x7f0119bf1b40>,13,18,[ 4 10],14,29,47,15,18
1,<environment.Job instance at 0x7f0119bf3190>,20,1,[7 5],21,47,48,26,26
1,<environment.Job instance at 0x7f0119bf3410>,21,1,[6 5],22,48,49,26,26
1,<environment.Job instance at 0x7f0119bf36e0>,24,18,[2 6],25,49,67,24,40
1,<environment.Job instance at 0x7f0119bf3960>,27,15,[8 4],28,49,64,21,41
1,<environment.Job instance at 0x7f0119bf3b90>,29,12,[5 4],30,64,76,34,48
1,<environment.Job instance at 0x7f0119bf3c30>,30,14,[5 2],31,67,81,36,52
1,<environment.Job instance at 0x7f0119bf6730>,41,1,[5 2],42,79,80,37,79
1,<environment.Job instance at 0x7f0119bf6870>,45,13,[6 5],46,81,94,35,81
1,<environment.Job instance at 0x7f0119bf6c30>,48,15,[10  1],49,99,114,50,99
1,<environment.Job instance at 0x7f0119bf6dc0>,49,16,[2 5],50,114,130,64,101
1,<environment.Job instance at 0x7f0119bfa410>,58,14,[2 7],59,136,150,77,136
1,<environment.Job instance at 0x7f0119bfa4b0>,59,17,[1 6],60,150,167,90,138
1,<environment.Job instance at 0x7f0119bfa5f0>,61,2,[4 5],62,167,169,105,140
1,<environment.Job instance at 0x7f0119bfa0a0>,56,17,[8 5],57,199,216,142,199
1,<environment.Job instance at 0x7f0119bfb460>,0,3,[10  2],1,1,4,0,1
1,<environment.Job instance at 0x7f0121170050>,3,13,[6 3],4,4,17,0,4
1,<environment.Job instance at 0x7f0121169d20>,4,14,[5 1],5,17,31,12,5
1,<environment.Job instance at 0x7f01210000f0>,12,16,[ 4 10],13,31,47,18,18
1,<environment.Job instance at 0x7f01211690f0>,7,13,[8 5],8,47,60,39,37
1,<environment.Job instance at 0x7f01210009b0>,19,14,[5 3],20,60,74,40,45
1,<environment.Job instance at 0x7f0121178140>,25,15,[5 7],26,60,75,34,46
1,<environment.Job instance at 0x7f012102d050>,30,18,[2 7],31,75,93,44,74
1,<environment.Job instance at 0x7f012102b910>,37,17,[9 3],38,93,110,55,89
1,<environment.Job instance at 0x7f012102bfa0>,39,1,[10  4],40,110,111,70,90
1,<environment.Job instance at 0x7f012102b870>,40,3,[6 5],41,111,114,70,90
1,<environment.Job instance at 0x7f012102bd20>,44,14,[2 5],45,113,127,68,113
1,<environment.Job instance at 0x7f0121175be0>,64,3,[5 6],65,182,185,117,182
1,<environment.Job instance at 0x7f01211752d0>,65,14,[ 2 10],66,187,201,121,187
1,<environment.Job instance at 0x7f0119bfbd70>,0,16,[2 8],1,1,17,0,1
1,<environment.Job instance at 0x7f00d5ea1960>,6,17,[1 7],7,17,34,10,7
1,<environment.Job instance at 0x7f00d5f0e4b0>,18,14,[9 5],19,34,48,15,19
1,<environment.Job instance at 0x7f00d5ef6640>,26,2,[8 1],27,30,32,3,30
1,<environment.Job instance at 0x7f00d5ef63c0>,29,14,[3 6],30,55,69,25,55
1,<environment.Job instance at 0x7f00d5e81e60>,39,14,[2 6],40,69,83,29,63
1,<environment.Job instance at 0x7f00d5e815a0>,41,13,[8 5],42,83,96,41,67
1,<environment.Job instance at 0x7f00d5e81140>,49,12,[9 3],50,96,108,46,83
1,<environment.Job instance at 0x7f00d5e81a50>,53,2,[8 3],54,108,110,54,96
1,<environment.Job instance at 0x7f00d5e810a0>,50,18,[10  3],51,117,135,66,117
1,<environment.Job instance at 0x7f00d5f998c0>,63,14,[7 5],64,135,149,71,125
1,<environment.Job instance at 0x7f0121172eb0>,0,3,[5 6],1,1,4,0,1
1,<environment.Job instance at 0x7f012116e730>,3,2,[5 6],4,4,6,0,4
1,<environment.Job instance at 0x7f00df8a9500>,4,16,[7 2],5,6,22,1,5
1,<environment.Job instance at 0x7f0119bfb9b0>,6,12,[ 3 10],7,22,34,15,7
1,<environment.Job instance at 0x7f00d5fcaf50>,18,15,[7 5],19,34,49,15,20
1,<environment.Job instance at 0x7f00d5fcae10>,20,13,[7 4],21,49,62,28,34
1,<environment.Job instance at 0x7f00d634e820>,28,18,[6 3],29,62,80,33,52
1,<environment.Job instance at 0x7f00d634e8c0>,34,16,[7 5],35,80,96,45,67
1,<environment.Job instance at 0x7f00d5f16b90>,38,18,[4 6],39,96,114,57,85
1,<environment.Job instance at 0x7f00d5f16320>,43,12,[9 1],44,114,126,70,97
1,<environment.Job instance at 0x7f00d5e93c30>,58,15,[3 6],59,147,162,88,147
1,<environment.Job instance at 0x7f00d5e93cd0>,64,2,[8 5],65,162,164,97,160
1,<environment.Job instance at 0x7f00d5e93960>,68,13,[5 1],69,180,193,111,180
1,<environment.Job instance at 0x7f00d5f45dc0>,13,3,[9 5],14,15,18,1,15
1,<environment.Job instance at 0x7f00d6352b40>,15,17,[4 6],16,18,35,2,17
1,<environment.Job instance at 0x7f00d6352cd0>,17,14,[ 1 10],18,35,49,17,23
1,<environment.Job instance at 0x7f00d62e06e0>,21,3,[4 5],22,49,52,27,28
1,<environment.Job instance at 0x7f00d62e0230>,24,17,[9 4],25,52,69,27,45
1,<environment.Job instance at 0x7f00d62ed0f0>,29,15,[ 5 10],30,69,84,39,55
1,<environment.Job instance at 0x7f00d62edaf0>,40,12,[9 2],41,84,96,43,83
1,<environment.Job instance at 0x7f00d62edf00>,46,15,[2 7],47,96,111,49,84
1,<environment.Job instance at 0x7f00d62edcd0>,47,1,[9 3],48,111,112,63,84
1,<environment.Job instance at 0x7f00d62ede60>,44,12,[5 9],45,112,124,67,98
1,<environment.Job instance at 0x7f00d62e99b0>,59,13,[4 6],60,153,166,93,153
1,<environment.Job instance at 0x7f00d62e9a50>,60,15,[7 1],61,166,181,105,155
1,<environment.Job instance at 0x7f00d62e9cd0>,64,14,[1 5],65,166,180,101,157
1,<environment.Job instance at 0x7f00d62e9e10>,65,12,[ 4 10],66,181,193,115,164
1,<environment.Job instance at 0x7f00d62f7230>,68,2,[5 7],69,193,195,124,167
1,<environment.Job instance at 0x7f00d64bb140>,8,13,[8 5],9,195,208,186,185
1,<environment.Job instance at 0x7f00d62e97d0>,56,16,[ 5 10],57,208,224,151,203
1,<environment.Job instance at 0x7f00d62e95a0>,0,14,[8 3],1,1,15,0,1
1,<environment.Job instance at 0x7f00d62f7280>,2,12,[8 1],3,15,27,12,3
1,<environment.Job instance at 0x7f00d62f76e0>,11,17,[7 5],12,27,44,15,15
1,<environment.Job instance at 0x7f011e678b90>,18,18,[1 5],19,34,52,15,34
1,<environment.Job instance at 0x7f01199d3eb0>,30,14,[7 5],31,53,67,22,53
1,<environment.Job instance at 0x7f011e3ae8c0>,40,18,[9 5],41,68,86,27,68
1,<environment.Job instance at 0x7f011e3aecd0>,44,17,[7 2],45,123,140,78,123
1,<environment.Job instance at 0x7f011e17fd20>,68,14,[4 6],69,140,154,71,140
1,<environment.Job instance at 0x7f00d61fb910>,59,17,[9 1],60,154,171,94,145
1,<environment.Job instance at 0x7f0119d82a50>,0,13,[5 6],1,1,14,0,1
1,<environment.Job instance at 0x7f0119d82af0>,1,12,[5 5],2,14,26,12,2
1,<environment.Job instance at 0x7f011e34f6e0>,2,12,[5 5],3,14,26,11,3
1,<environment.Job instance at 0x7f00d63e1640>,9,1,[ 3 10],10,26,27,16,10
1,<environment.Job instance at 0x7f00d610f230>,12,1,[ 5 10],13,27,28,14,14
1,<environment.Job instance at 0x7f00d6081eb0>,18,16,[6 3],19,28,44,9,19
1,<environment.Job instance at 0x7f00d60afe10>,19,14,[5 7],20,44,58,24,29
1,<environment.Job instance at 0x7f00d6052aa0>,23,14,[2 7],24,58,72,34,43
1,<environment.Job instance at 0x7f00d63e1230>,11,13,[4 5],12,72,85,60,63
1,<environment.Job instance at 0x7f011e736d70>,33,3,[8 4],34,85,88,51,63
1,<environment.Job instance at 0x7f011a0332d0>,42,18,[6 3],43,94,112,51,94
1,<environment.Job instance at 0x7f00d6070780>,55,2,[6 3],56,155,157,99,155
1,<environment.Job instance at 0x7f00d6070f50>,56,2,[3 8],57,157,159,100,155
1,<environment.Job instance at 0x7f00d64b8500>,59,13,[1 9],60,177,190,117,177
1,<environment.Job instance at 0x7f00d64b8870>,61,13,[5 5],62,190,203,128,177
1,<environment.Job instance at 0x7f00d64b85f0>,62,2,[9 3],63,203,205,140,178
1,<environment.Job instance at 0x7f00d64b8d20>,64,16,[10  3],65,205,221,140,192
1,<environment.Job instance at 0x7f00d6526f50>,67,13,[6 4],68,221,234,153,205
1,<environment.Job instance at 0x7f011a033d20>,40,12,[8 5],41,234,246,193,225
1,<environment.Job instance at 0x7f011a033be0>,1,18,[2 9],2,2,20,0,2
1,<environment.Job instance at 0x7f011e81f960>,6,3,[2 7],7,20,23,13,8
1,<environment.Job instance at 0x7f00d62f7690>,8,3,[5 8],9,23,26,14,9
1,<environment.Job instance at 0x7f0119d54e60>,12,15,[5 1],13,13,28,0,13
1,<environment.Job instance at 0x7f0119d54190>,14,12,[6 4],15,28,40,13,15
1,<environment.Job instance at 0x7f00d65418c0>,20,12,[2 5],21,26,38,5,24
1,<environment.Job instance at 0x7f00d6541820>,21,16,[6 5],22,40,56,18,27
1,<environment.Job instance at 0x7f00d60e8b40>,25,12,[2 9],26,56,68,30,39
1,<environment.Job instance at 0x7f00d61d0460>,27,2,[2 8],28,68,70,40,44
1,<environment.Job instance at 0x7f00d5f23e10>,29,13,[5 9],30,70,83,40,54
1,<environment.Job instance at 0x7f00d5d66190>,33,3,[7 3],34,83,86,49,68
1,<environment.Job instance at 0x7f00d5d82910>,34,17,[3 9],35,86,103,51,74
1,<environment.Job instance at 0x7f011e376550>,7,18,[5 1],8,86,104,78,79
1,<environment.Job instance at 0x7f00d5e483c0>,39,15,[7 1],40,104,119,64,90
1,<environment.Job instance at 0x7f00d5e48c80>,41,18,[3 6],42,103,121,61,92
1,<environment.Job instance at 0x7f00d5e48320>,44,14,[7 1],45,119,133,74,104
1,<environment.Job instance at 0x7f00d5e57140>,47,2,[4 5],48,133,135,85,107
1,<environment.Job instance at 0x7f00d5d8e2d0>,49,18,[7 5],50,135,153,85,124
1,<environment.Job instance at 0x7f00d5d8e320>,53,15,[6 3],54,153,168,99,139
1,<environment.Job instance at 0x7f00d5e5a050>,56,2,[2 9],57,168,170,111,151
1,<environment.Job instance at 0x7f00d5e5a690>,57,3,[7 1],58,168,171,110,151
1,<environment.Job instance at 0x7f00d5e5ab90>,58,17,[10  3],59,171,188,112,160
1,<environment.Job instance at 0x7f00d5e43dc0>,66,3,[8 2],67,188,191,121,182
1,<environment.Job instance at 0x7f00d5e43e60>,67,13,[7 3],68,191,204,123,182
1,<environment.Job instance at 0x7f00d5d7beb0>,36,16,[5 5],37,204,220,167,192
1,<environment.Job instance at 0x7f00d6023960>,0,14,[3 6],1,1,15,0,1
1,<environment.Job instance at 0x7f00d6023140>,4,12,[4 6],5,15,27,10,5
1,<environment.Job instance at 0x7f011e4ff2d0>,10,15,[1 6],11,27,42,16,13
1,<environment.Job instance at 0x7f011e4ff870>,14,12,[8 4],15,27,39,12,15
1,<environment.Job instance at 0x7f011e4f7190>,19,17,[7 2],20,43,60,23,43
1,<environment.Job instance at 0x7f0119ea82d0>,24,12,[6 5],25,63,75,38,63
1,<environment.Job instance at 0x7f011e334dc0>,42,13,[4 8],43,123,136,80,123
1,<environment.Job instance at 0x7f011a0a1be0>,11,14,[10  4],12,136,150,124,135
1,<environment.Job instance at 0x7f011e7f1be0>,53,3,[6 2],54,153,156,99,153
1,<environment.Job instance at 0x7f011e7f1e60>,59,14,[3 7],60,153,167,93,153
1,<environment.Job instance at 0x7f00d5d4a0a0>,62,13,[1 5],63,167,180,104,153
1,<environment.Job instance at 0x7f011e7f1b40>,54,15,[9 1],55,167,182,112,159
1,<environment.Job instance at 0x7f011e89ebe0>,19,18,[7 3],20,61,79,41,61
1,<environment.Job instance at 0x7f00d632c190>,23,12,[4 6],24,79,91,55,70
1,<environment.Job instance at 0x7f011e528370>,25,13,[2 6],26,91,104,65,75
1,<environment.Job instance at 0x7f00d5ce80a0>,32,18,[5 9],33,104,122,71,103
1,<environment.Job instance at 0x7f011e696690>,40,15,[3 9],41,122,137,81,115
1,<environment.Job instance at 0x7f011e696dc0>,43,12,[6 2],44,137,149,93,120
1,<environment.Job instance at 0x7f011e6961e0>,45,16,[5 3],46,149,165,103,136
1,<environment.Job instance at 0x7f011e696c30>,49,13,[3 6],50,145,158,95,145
1,<environment.Job instance at 0x7f0119d22aa0>,57,17,[4 9],58,181,198,123,181
1,<environment.Job instance at 0x7f00d657ff50>,62,14,[3 9],63,198,212,135,183
1,<environment.Job instance at 0x7f00d5ceabe0>,0,1,[5 9],1,1,2,0,1
1,<environment.Job instance at 0x7f01199ed550>,1,3,[8 4],2,2,5,0,2
1,<environment.Job instance at 0x7f0119f1cfa0>,4,18,[4 7],5,5,23,0,5
1,<environment.Job instance at 0x7f00d64d7960>,12,17,[1 6],13,23,40,10,13
1,<environment.Job instance at 0x7f011a0a1730>,18,15,[3 6],19,40,55,21,26
1,<environment.Job instance at 0x7f011e7e6af0>,36,15,[9 5],37,113,128,76,113
1,<environment.Job instance at 0x7f0119e465a0>,7,13,[8 2],8,128,141,120,115
1,<environment.Job instance at 0x7f00d5f6db40>,42,17,[4 5],43,141,158,98,129
1,<environment.Job instance at 0x7f0119f0c7d0>,50,15,[ 4 10],51,158,173,107,158
1,<environment.Job instance at 0x7f00d6438af0>,59,17,[9 4],60,173,190,113,166
1,<environment.Job instance at 0x7f00d6438be0>,66,15,[ 5 10],67,193,208,126,193
1,<environment.Job instance at 0x7f011e71efa0>,68,14,[8 3],69,208,222,139,193
1,<environment.Job instance at 0x7f0119fb3550>,1,13,[5 8],2,2,15,0,2
1,<environment.Job instance at 0x7f0119d805a0>,8,17,[5 7],9,15,32,6,12
1,<environment.Job instance at 0x7f0119f1c730>,11,16,[ 4 10],12,32,48,20,19
1,<environment.Job instance at 0x7f01199ed9b0>,14,15,[ 2 10],15,48,63,33,47
1,<environment.Job instance at 0x7f00d60c2be0>,29,12,[5 7],30,63,75,33,62
1,<environment.Job instance at 0x7f00d60c2910>,27,14,[5 5],28,75,89,47,62
1,<environment.Job instance at 0x7f00d60c2500>,32,3,[3 8],33,89,92,56,64
1,<environment.Job instance at 0x7f00d60c2b40>,37,16,[1 5],38,92,108,54,79
1,<environment.Job instance at 0x7f01199edc30>,16,18,[9 4],17,93,111,76,93
1,<environment.Job instance at 0x7f00d60c9410>,42,15,[3 8],43,111,126,68,100
1,<environment.Job instance at 0x7f00d60c95f0>,45,15,[9 1],46,126,141,80,126
1,<environment.Job instance at 0x7f00d60c9dc0>,55,16,[1 6],56,129,145,73,129
1,<environment.Job instance at 0x7f00d60c9fa0>,58,14,[5 4],59,149,163,90,149
1,<environment.Job instance at 0x7f00d60d7550>,63,12,[4 9],64,174,186,110,174
1,<environment.Job instance at 0x7f00d60d77d0>,65,3,[1 6],66,186,189,120,174
1,<environment.Job instance at 0x7f00d60d7910>,67,1,[5 7],68,189,190,121,174
1,<environment.Job instance at 0x7f00d60d79b0>,68,16,[2 7],69,190,206,121,177
1,<environment.Job instance at 0x7f0119f95910>,0,3,[7 3],1,1,4,0,1
1,<environment.Job instance at 0x7f00d60c9a50>,1,13,[ 3 10],2,4,17,2,2
1,<environment.Job instance at 0x7f00d5f81aa0>,3,13,[1 7],4,17,30,13,4
1,<environment.Job instance at 0x7f0119d043c0>,4,3,[3 5],5,30,33,25,5
1,<environment.Job instance at 0x7f011a099280>,6,16,[6 1],7,17,33,10,7
1,<environment.Job instance at 0x7f011a099aa0>,7,1,[8 3],8,33,34,25,8
1,<environment.Job instance at 0x7f011a099eb0>,8,1,[ 1 10],9,34,35,25,9
1,<environment.Job instance at 0x7f011a0995a0>,9,2,[3 6],10,35,37,25,10
1,<environment.Job instance at 0x7f00d6303aa0>,12,14,[9 1],13,37,51,24,22
1,<environment.Job instance at 0x7f00d6303960>,24,14,[10  1],25,51,65,26,41
1,<environment.Job instance at 0x7f00d6303a00>,30,15,[4 9],31,65,80,34,63
1,<environment.Job instance at 0x7f00d6303870>,33,16,[8 2],34,80,96,46,75
1,<environment.Job instance at 0x7f00d6303fa0>,34,2,[5 2],35,96,98,61,75
1,<environment.Job instance at 0x7f011e377e10>,35,3,[5 1],36,75,78,39,75
1,<environment.Job instance at 0x7f011e377fa0>,40,15,[9 1],41,103,118,62,103
1,<environment.Job instance at 0x7f011e377910>,42,13,[6 5],43,118,131,75,114
1,<environment.Job instance at 0x7f011e1a8280>,47,15,[6 1],48,131,146,83,131
1,<environment.Job instance at 0x7f011e1a80f0>,54,15,[7 5],55,146,161,91,144
1,<environment.Job instance at 0x7f011e1a8780>,58,3,[2 7],59,161,164,102,144
1,<environment.Job instance at 0x7f011e4ab820>,61,18,[3 7],62,164,182,102,153
1,<environment.Job instance at 0x7f011e4ab1e0>,66,13,[3 7],67,182,195,115,166
1,<environment.Job instance at 0x7f00d61c7730>,68,16,[1 6],69,195,211,126,183
1,<environment.Job instance at 0x7f011e1a8550>,57,15,[ 1 10],58,211,226,153,200
1,<environment.Job instance at 0x7f0120d796e0>,3,15,[4 9],4,4,19,0,4
1,<environment.Job instance at 0x7f00d5e57190>,5,12,[ 3 10],6,19,31,13,6
1,<environment.Job instance at 0x7f00d5e57780>,6,12,[9 4],7,31,43,24,15
1,<environment.Job instance at 0x7f00d5e57820>,16,12,[6 4],17,43,55,26,26
1,<environment.Job instance at 0x7f00d65300a0>,19,17,[9 2],20,55,72,35,43
1,<environment.Job instance at 0x7f00d6530e60>,27,16,[3 5],28,72,88,44,59
1,<environment.Job instance at 0x7f00d6530f50>,30,13,[6 4],31,72,85,41,59
1,<environment.Job instance at 0x7f011e8a18c0>,37,17,[7 4],38,85,102,47,73
1,<environment.Job instance at 0x7f011e8a1e10>,41,16,[5 3],42,102,118,60,89
1,<environment.Job instance at 0x7f011e8a1d70>,50,18,[9 2],51,118,136,67,107
1,<environment.Job instance at 0x7f00d5e57a00>,9,21,[1 7],10,121,142,111,121
1,<environment.Job instance at 0x7f00d650eeb0>,64,12,[1 8],65,142,154,77,141
1,<environment.Job instance at 0x7f00d650ef00>,66,13,[9 5],67,154,167,87,141
1,<environment.Job instance at 0x7f00d650e2d0>,68,14,[ 4 10],69,167,181,98,152
1,<environment.Job instance at 0x7f011e65f190>,1,14,[9 5],2,2,16,0,2
1,<environment.Job instance at 0x7f00d5e57c30>,2,15,[7 3],3,16,31,13,3
1,<environment.Job instance at 0x7f00d5cce2d0>,11,13,[9 4],12,31,44,19,15
1,<environment.Job instance at 0x7f011e2c1eb0>,22,14,[9 3],23,44,58,21,29
1,<environment.Job instance at 0x7f00d5cce370>,12,16,[1 7],13,44,60,31,39
1,<environment.Job instance at 0x7f011e2c8460>,30,12,[5 9],31,60,72,29,48
1,<environment.Job instance at 0x7f011e2c8870>,33,2,[8 1],34,58,60,24,58
1,<environment.Job instance at 0x7f011e2c8b90>,36,12,[7 5],37,72,84,35,62
1,<environment.Job instance at 0x7f011e2c8af0>,35,17,[10  3],36,84,101,48,72
1,<environment.Job instance at 0x7f011e2ca5a0>,48,14,[9 5],49,101,115,52,91
1,<environment.Job instance at 0x7f011e2ca910>,53,17,[6 4],54,116,133,62,116
1,<environment.Job instance at 0x7f011e2cab90>,57,14,[2 6],58,120,134,62,120
1,<environment.Job instance at 0x7f011e2cacd0>,58,12,[5 1],59,133,145,74,120
1,<environment.Job instance at 0x7f011e2cab40>,63,3,[1 6],64,134,137,70,124
1,<environment.Job instance at 0x7f011e2caf50>,64,15,[8 1],65,145,160,80,132
1,<environment.Job instance at 0x7f011e2b2280>,67,15,[3 9],68,160,175,92,146
1,<environment.Job instance at 0x7f011e2ca7d0>,51,13,[5 2],52,175,188,123,160
1,<environment.Job instance at 0x7f011e2ca140>,44,17,[8 5],45,188,205,143,178
1,<environment.Job instance at 0x7f0119f95730>,0,18,[5 4],1,1,19,0,1
1,<environment.Job instance at 0x7f011e2b2050>,9,13,[7 2],10,26,39,16,26
1,<environment.Job instance at 0x7f00d5dc40a0>,16,18,[3 6],17,26,44,9,26
1,<environment.Job instance at 0x7f011a096320>,23,18,[4 5],24,44,62,20,38
1,<environment.Job instance at 0x7f011e4f2c30>,25,18,[5 8],26,62,80,36,51
1,<environment.Job instance at 0x7f011e4f2550>,31,16,[6 5],32,83,99,51,83
1,<environment.Job instance at 0x7f0121170190>,35,16,[6 5],36,99,115,63,99
1,<environment.Job instance at 0x7f00d61f3690>,39,3,[4 5],40,101,104,61,101
1,<environment.Job instance at 0x7f00d61f31e0>,40,15,[5 1],41,115,130,74,102
1,<environment.Job instance at 0x7f00d61f3500>,41,13,[5 2],42,115,128,73,102
1,<environment.Job instance at 0x7f011e8c8dc0>,44,1,[10  4],45,130,131,85,103
1,<environment.Job instance at 0x7f011e8c83c0>,45,3,[5 7],46,131,134,85,105
1,<environment.Job instance at 0x7f011e8c8410>,47,3,[4 5],48,105,108,57,105
1,<environment.Job instance at 0x7f011e8c81e0>,48,14,[7 2],49,134,148,85,119
1,<environment.Job instance at 0x7f011e8c8500>,54,17,[3 7],55,134,151,79,122
1,<environment.Job instance at 0x7f011e1e60f0>,60,18,[5 5],61,151,169,90,143
1,<environment.Job instance at 0x7f011a09e6e0>,64,16,[7 5],65,169,185,104,156
1,<environment.Job instance at 0x7f00d5d1f050>,0,1,[4 8],1,1,2,0,1
1,<environment.Job instance at 0x7f0119da7320>,1,13,[9 1],2,2,15,0,2
1,<environment.Job instance at 0x7f011e50bf50>,0,18,[4 5],1,1,19,0,1
1,<environment.Job instance at 0x7f00d602d280>,2,3,[1 7],3,19,22,16,3
1,<environment.Job instance at 0x7f011e90e9b0>,3,13,[9 3],4,19,32,15,4
1,<environment.Job instance at 0x7f00d6462640>,19,17,[9 1],20,46,63,26,46
1,<environment.Job instance at 0x7f0119fdc370>,25,15,[8 3],26,63,78,37,49
1,<environment.Job instance at 0x7f0119c6a0a0>,27,12,[9 2],28,78,90,50,61
1,<environment.Job instance at 0x7f0119c6aa00>,31,12,[8 2],32,90,102,58,73
1,<environment.Job instance at 0x7f011a01e640>,34,15,[4 7],35,102,117,67,88
1,<environment.Job instance at 0x7f011a021d20>,44,13,[1 9],45,117,130,72,112
1,<environment.Job instance at 0x7f011a0218c0>,46,18,[7 1],47,117,135,70,113
1,<environment.Job instance at 0x7f011a007be0>,52,13,[1 9],53,130,143,77,119
1,<environment.Job instance at 0x7f011a0076e0>,56,16,[9 3],57,143,159,86,132
1,<environment.Job instance at 0x7f011a007eb0>,61,14,[3 5],62,159,173,97,144
1,<environment.Job instance at 0x7f0119fe62d0>,62,14,[6 3],63,159,173,96,144
1,<environment.Job instance at 0x7f0119fe64b0>,67,17,[4 6],68,173,190,105,161
1,<environment.Job instance at 0x7f0119cb41e0>,0,18,[3 6],1,1,19,0,1
1,<environment.Job instance at 0x7f00d62e6af0>,3,13,[6 4],4,4,17,0,4
1,<environment.Job instance at 0x7f00d62e6aa0>,6,16,[2 7],7,19,35,12,7
1,<environment.Job instance at 0x7f00d62e6f00>,7,13,[7 1],8,17,30,9,8
1,<environment.Job instance at 0x7f0119cb4050>,11,2,[5 4],12,35,37,23,22
1,<environment.Job instance at 0x7f011e5e6500>,12,12,[1 7],13,37,49,24,22
1,<environment.Job instance at 0x7f011e5e6fa0>,19,3,[10  4],20,49,52,29,23
1,<environment.Job instance at 0x7f00d64b8b90>,24,12,[7 2],25,37,49,12,25
1,<environment.Job instance at 0x7f011e5e62d0>,25,17,[ 5 10],26,52,69,26,48
1,<environment.Job instance at 0x7f00d64b8d20>,32,16,[5 3],33,69,85,36,56
1,<environment.Job instance at 0x7f011e6fe5f0>,39,16,[6 2],40,85,101,45,72
1,<environment.Job instance at 0x7f00d6298780>,41,12,[2 5],42,72,84,30,72
1,<environment.Job instance at 0x7f011e5e6550>,20,14,[3 5],21,84,98,63,81
1,<environment.Job instance at 0x7f00d6298c80>,42,16,[9 3],43,101,117,58,89
1,<environment.Job instance at 0x7f00d6298d70>,55,18,[10  4],56,117,135,61,108
1,<environment.Job instance at 0x7f011e238af0>,58,1,[5 1],59,135,136,76,110
1,<environment.Job instance at 0x7f00d6298f00>,57,15,[7 2],58,136,151,78,122
1,<environment.Job instance at 0x7f011e238f50>,65,16,[2 7],66,138,154,72,138
1,<environment.Job instance at 0x7f00d64b8190>,2,15,[ 2 10],3,9,24,6,9
1,<environment.Job instance at 0x7f0119b59730>,3,18,[6 3],4,36,54,32,36
1,<environment.Job instance at 0x7f011e82caa0>,13,12,[4 8],14,54,66,40,37
1,<environment.Job instance at 0x7f01199ddaa0>,22,3,[1 5],23,66,69,43,55
1,<environment.Job instance at 0x7f011e497050>,32,2,[3 7],33,73,75,40,73
1,<environment.Job instance at 0x7f011e143730>,34,14,[9 5],35,75,89,40,75
1,<environment.Job instance at 0x7f00d5cb1910>,35,14,[6 1],36,89,103,53,75
1,<environment.Job instance at 0x7f0119997140>,36,16,[3 8],37,89,105,52,87
1,<environment.Job instance at 0x7f00d629ea00>,38,15,[1 8],39,105,120,66,91
1,<environment.Job instance at 0x7f011e718050>,44,18,[ 2 10],45,120,138,75,109
1,<environment.Job instance at 0x7f0119a405a0>,51,14,[4 9],52,138,152,86,126
1,<environment.Job instance at 0x7f0119a40730>,52,16,[6 2],53,152,168,99,139
1,<environment.Job instance at 0x7f011e182e10>,54,15,[2 5],55,152,167,97,139
1,<environment.Job instance at 0x7f01199eb960>,64,14,[7 4],65,168,182,103,157
1,<environment.Job instance at 0x7f01199eb0a0>,65,14,[5 9],66,182,196,116,168
1,<environment.Job instance at 0x7f00d6150190>,68,17,[2 7],69,196,213,127,184
1,<environment.Job instance at 0x7f181c83f190>,0,13,[9 3],1,1,14,0,1
1,<environment.Job instance at 0x7f181542fc30>,14,13,[7 3],15,29,42,14,29
1,<environment.Job instance at 0x7f181542fcd0>,15,18,[2 8],16,42,60,26,38
1,<environment.Job instance at 0x7f1815431370>,25,12,[ 5 10],26,61,73,35,61
1,<environment.Job instance at 0x7f18154310a0>,29,12,[5 4],30,73,85,43,62
1,<environment.Job instance at 0x7f1815431820>,30,14,[5 2],31,73,87,42,70
1,<environment.Job instance at 0x7f18154318c0>,31,14,[2 5],32,85,99,53,75
1,<environment.Job instance at 0x7f1815431a00>,33,14,[5 5],34,87,101,53,75
1,<environment.Job instance at 0x7f1815431fa0>,40,15,[10  3],41,101,116,60,99
1,<environment.Job instance at 0x7f18154345f0>,45,13,[6 5],46,116,129,70,111
1,<environment.Job instance at 0x7f1815434870>,49,16,[2 5],50,130,146,80,130
1,<environment.Job instance at 0x7f1815434e10>,58,14,[2 7],59,146,160,87,135
1,<environment.Job instance at 0x7f1815437e60>,74,14,[5 1],75,188,202,113,188
1,<environment.Job instance at 0x7f1815434af0>,53,17,[5 7],54,198,215,144,198
1,<environment.Job instance at 0x7f1815439370>,0,14,[2 6],1,1,15,0,1
1,<environment.Job instance at 0x7f1815439280>,1,15,[5 9],2,15,30,13,2
1,<environment.Job instance at 0x7f181c868320>,8,2,[7 4],9,9,11,0,9
1,<environment.Job instance at 0x7f181c868af0>,14,3,[4 5],15,30,33,15,15
1,<environment.Job instance at 0x7f181c9b43c0>,20,18,[2 7],21,33,51,12,26
1,<environment.Job instance at 0x7f181c9b4410>,23,16,[1 6],24,51,67,27,38
1,<environment.Job instance at 0x7f181c9b4140>,24,15,[1 9],25,67,82,42,53
1,<environment.Job instance at 0x7f181c9a7550>,34,14,[2 5],35,82,96,47,67
1,<environment.Job instance at 0x7f181c9a79b0>,37,1,[1 5],38,83,84,45,83
1,<environment.Job instance at 0x7f181c86be10>,50,15,[8 3],51,114,129,63,114
1,<environment.Job instance at 0x7f181c9ba6e0>,60,16,[2 8],61,145,161,84,145
1,<environment.Job instance at 0x7f181c9b3e60>,55,14,[ 2 10],56,161,175,105,156
1,<environment.Job instance at 0x7f181c9baa00>,68,1,[4 6],69,175,176,106,165
1,<environment.Job instance at 0x7f181c9ba190>,72,14,[1 8],73,176,190,103,165
1,<environment.Job instance at 0x7f181c9ab780>,73,3,[1 9],74,190,193,116,165
1,<environment.Job instance at 0x7f181c9abc30>,74,14,[8 4],75,193,207,118,178
1,<environment.Job instance at 0x7f181c9baf50>,61,13,[5 6],62,207,220,145,194
1,<environment.Job instance at 0x7f181c9a7e60>,1,15,[1 7],2,2,17,0,2
1,<environment.Job instance at 0x7f17d1759cd0>,10,2,[9 5],11,17,19,6,11
1,<environment.Job instance at 0x7f17d17595a0>,15,16,[ 2 10],16,19,35,3,16
1,<environment.Job instance at 0x7f17d176b5f0>,19,14,[2 6],20,35,49,15,20
1,<environment.Job instance at 0x7f17d176b780>,29,12,[9 3],30,52,64,22,52
1,<environment.Job instance at 0x7f17d17241e0>,34,12,[3 8],35,64,76,29,55
1,<environment.Job instance at 0x7f17d18290f0>,40,13,[10  5],41,76,89,35,62
1,<environment.Job instance at 0x7f17d1829320>,41,14,[1 6],42,89,103,47,75
1,<environment.Job instance at 0x7f17d18299b0>,43,14,[7 5],44,103,117,59,88
1,<environment.Job instance at 0x7f17d1829d70>,57,3,[1 5],58,103,106,45,91
1,<environment.Job instance at 0x7f17d1829fa0>,58,1,[10  5],59,117,118,58,91
1,<environment.Job instance at 0x7f17d1731f00>,60,18,[4 5],61,118,136,57,107
1,<environment.Job instance at 0x7f17d1731c30>,64,16,[9 4],65,136,152,71,123
1,<environment.Job instance at 0x7f17d1731be0>,71,1,[8 3],72,152,153,80,140
1,<environment.Job instance at 0x7f17d1731280>,67,16,[9 2],68,153,169,85,141
1,<environment.Job instance at 0x7f17d1731b90>,68,15,[7 5],69,183,198,114,183
1,<environment.Job instance at 0x7f17d17201e0>,1,2,[9 5],2,2,4,0,2
1,<environment.Job instance at 0x7f17d1720410>,2,2,[9 3],3,4,6,1,3
1,<environment.Job instance at 0x7f17d1720cd0>,4,16,[7 5],5,6,22,1,5
1,<environment.Job instance at 0x7f17d180b1e0>,17,17,[5 2],18,32,49,14,32
1,<environment.Job instance at 0x7f17d180b500>,21,1,[ 2 10],22,49,50,27,45
1,<environment.Job instance at 0x7f17d180baa0>,22,1,[3 9],23,50,51,27,45
1,<environment.Job instance at 0x7f17d180bb40>,23,2,[4 7],24,45,47,21,45
1,<environment.Job instance at 0x7f17d180b320>,24,12,[7 2],25,51,63,26,45
1,<environment.Job instance at 0x7f17d180be10>,27,13,[9 2],28,63,76,35,47
1,<environment.Job instance at 0x7f17d1d63870>,30,17,[2 6],31,76,93,45,64
1,<environment.Job instance at 0x7f17d1d63a50>,31,15,[8 4],32,76,91,44,64
1,<environment.Job instance at 0x7f17d1bbda50>,52,18,[8 2],53,164,182,111,164
1,<environment.Job instance at 0x7f17d1aecaa0>,57,14,[ 1 10],58,182,196,124,173
1,<environment.Job instance at 0x7f17d1aec0f0>,64,17,[9 4],65,196,213,131,184
1,<environment.Job instance at 0x7f17d1af1370>,71,14,[8 2],72,213,227,141,204
1,<environment.Job instance at 0x7f17d1af1c30>,74,15,[5 1],75,227,242,152,214
1,<environment.Job instance at 0x7f17d1c23aa0>,0,12,[9 2],1,1,13,0,1
1,<environment.Job instance at 0x7f181c8c7730>,3,3,[2 5],4,13,16,9,4
1,<environment.Job instance at 0x7f181c9b0dc0>,4,12,[5 9],5,16,28,11,5
1,<environment.Job instance at 0x7f17d1b8b3c0>,19,13,[4 6],20,28,41,8,27
1,<environment.Job instance at 0x7f17d1b22780>,26,1,[2 6],27,51,52,24,51
1,<environment.Job instance at 0x7f17d1b226e0>,28,2,[5 7],29,58,60,29,58
1,<environment.Job instance at 0x7f17d1b22370>,29,16,[5 4],30,60,76,30,58
1,<environment.Job instance at 0x7f17d1b22cd0>,32,12,[8 1],33,76,88,43,65
1,<environment.Job instance at 0x7f17d1b1b0f0>,34,18,[3 6],35,88,106,53,77
1,<environment.Job instance at 0x7f17d1b1b230>,37,16,[9 4],38,106,122,68,94
1,<environment.Job instance at 0x7f17d1b1ba50>,48,18,[1 5],49,131,149,82,131
1,<environment.Job instance at 0x7f17d1b1b780>,41,17,[7 5],42,131,148,89,131
1,<environment.Job instance at 0x7f17d1b1bfa0>,55,13,[5 5],56,148,161,92,142
1,<environment.Job instance at 0x7f17d1b28910>,66,3,[6 3],67,161,164,94,152
1,<environment.Job instance at 0x7f17d1b28b90>,68,14,[7 5],69,164,178,95,152
1,<environment.Job instance at 0x7f17d1b289b0>,65,16,[10  4],66,178,194,112,165
1,<environment.Job instance at 0x7f17d1b28b40>,76,12,[8 3],77,194,206,117,177
1,<environment.Job instance at 0x7f17d1b28f50>,74,17,[7 2],75,206,223,131,197
1,<environment.Job instance at 0x7f17d1638e10>,0,2,[10  2],1,1,3,0,1
1,<environment.Job instance at 0x7f17d1ac32d0>,8,14,[ 2 10],9,9,23,0,9
1,<environment.Job instance at 0x7f17d1ac34b0>,10,18,[3 5],11,23,41,12,12
1,<environment.Job instance at 0x7f17d1ac3e10>,13,1,[1 7],14,41,42,27,14
1,<environment.Job instance at 0x7f17d1acd190>,18,14,[4 6],19,42,56,23,27
1,<environment.Job instance at 0x7f17d1acdd70>,25,14,[7 4],26,56,70,30,49
1,<environment.Job instance at 0x7f17d1acdf00>,31,13,[4 5],32,70,83,38,54
1,<environment.Job instance at 0x7f18152e8050>,38,16,[6 3],39,75,91,36,75
1,<environment.Job instance at 0x7f18152e8410>,39,14,[5 7],40,91,105,51,82
1,<environment.Job instance at 0x7f18155db0a0>,48,15,[8 5],49,105,120,56,96
1,<environment.Job instance at 0x7f17d1acdc30>,21,12,[5 5],22,120,132,98,110
1,<environment.Job instance at 0x7f1815956a50>,58,17,[7 4],59,132,149,73,120
1,<environment.Job instance at 0x7f1815956af0>,62,18,[6 3],63,149,167,86,138
1,<environment.Job instance at 0x7f18152e8910>,40,18,[4 7],41,149,167,108,142
1,<environment.Job instance at 0x7f1815667c80>,1,13,[5 5],2,2,15,0,2
1,<environment.Job instance at 0x7f18153485f0>,3,12,[1 8],4,15,27,11,4
1,<environment.Job instance at 0x7f1815519410>,12,18,[10  4],13,27,45,14,16
1,<environment.Job instance at 0x7f17d18de1e0>,13,13,[6 5],14,45,58,31,34
1,<environment.Job instance at 0x7f17d1766410>,28,14,[5 9],29,58,72,29,46
1,<environment.Job instance at 0x7f1815afaeb0>,42,3,[ 1 10],43,78,81,35,78
1,<environment.Job instance at 0x7f1815afa730>,44,17,[3 9],45,81,98,36,80
1,<environment.Job instance at 0x7f1815afab40>,45,13,[10  4],46,98,111,52,88
1,<environment.Job instance at 0x7f1815afa3c0>,46,16,[5 5],47,111,127,64,101
1,<environment.Job instance at 0x7f18156850a0>,54,14,[7 1],55,127,141,72,112
1,<environment.Job instance at 0x7f1815552af0>,58,16,[8 5],59,141,157,82,133
1,<environment.Job instance at 0x7f17d1cb66e0>,61,14,[5 8],62,157,171,95,143
1,<environment.Job instance at 0x7f17d1cb65f0>,65,18,[7 5],66,171,189,105,160
1,<environment.Job instance at 0x7f1815f5d1e0>,77,13,[7 3],78,189,202,111,187
1,<environment.Job instance at 0x7f17d1638730>,0,14,[3 6],1,1,15,0,1
1,<environment.Job instance at 0x7f17d1638320>,4,12,[4 6],5,15,27,10,5
1,<environment.Job instance at 0x7f17d1cc1f50>,10,15,[1 6],11,27,42,16,13
1,<environment.Job instance at 0x7f17d1cc1d20>,14,12,[8 4],15,27,39,12,26
1,<environment.Job instance at 0x7f17d1835280>,15,15,[7 4],16,39,54,23,26
1,<environment.Job instance at 0x7f1815280cd0>,19,17,[7 2],20,54,71,34,42
1,<environment.Job instance at 0x7f1815345b40>,30,3,[4 8],31,81,84,50,81
1,<environment.Job instance at 0x7f1815f5d960>,2,15,[1 6],3,84,99,81,81
1,<environment.Job instance at 0x7f1815327190>,41,13,[1 7],42,102,115,60,102
1,<environment.Job instance at 0x7f18153271e0>,42,13,[4 8],43,115,128,72,104
1,<environment.Job instance at 0x7f18153275a0>,49,3,[5 1],50,113,116,63,113
1,<environment.Job instance at 0x7f1815327690>,50,14,[6 4],51,128,142,77,124
1,<environment.Job instance at 0x7f1815327b90>,54,15,[9 1],55,142,157,87,128
1,<environment.Job instance at 0x7f181533a820>,74,15,[10  3],75,157,172,82,155
1,<environment.Job instance at 0x7f181533aa00>,77,13,[9 4],78,172,185,94,172
1,<environment.Job instance at 0x7f18153226e0>,0,15,[4 5],1,1,16,0,1
1,<environment.Job instance at 0x7f1815bc1780>,5,16,[4 5],6,7,23,1,7
1,<environment.Job instance at 0x7f17d1a38c30>,27,17,[5 2],28,58,75,30,58
1,<environment.Job instance at 0x7f181580d140>,28,18,[1 9],29,75,93,46,64
1,<environment.Job instance at 0x7f1815e4cc30>,24,2,[ 2 10],25,93,95,68,77
1,<environment.Job instance at 0x7f1815ec72d0>,33,12,[6 2],34,95,107,61,80
1,<environment.Job instance at 0x7f17d1929370>,35,16,[5 3],36,107,123,71,97
1,<environment.Job instance at 0x7f1815f64820>,38,14,[9 4],39,123,137,84,111
1,<environment.Job instance at 0x7f1815f4d5a0>,45,23,[7 1],46,147,170,101,147
1,<environment.Job instance at 0x7f17d18d4f50>,52,14,[3 9],53,147,161,94,147
1,<environment.Job instance at 0x7f17d18d4960>,55,18,[10  3],56,170,188,114,163
1,<environment.Job instance at 0x7f1815ecc550>,64,18,[4 7],65,188,206,123,177
1,<environment.Job instance at 0x7f17d18d4c30>,57,18,[3 6],58,206,224,148,195
1,<environment.Job instance at 0x7f1815ecce10>,73,16,[4 9],74,224,240,150,211
1,<environment.Job instance at 0x7f17d19b0500>,9,15,[5 2],10,28,43,18,28
1,<environment.Job instance at 0x7f1815434e60>,7,16,[ 5 10],8,43,59,35,31
1,<environment.Job instance at 0x7f17d150d410>,16,15,[9 5],17,59,74,42,50
1,<environment.Job instance at 0x7f18159c03c0>,21,16,[ 2 10],22,74,90,52,61
1,<environment.Job instance at 0x7f18151f6280>,25,12,[8 1],26,90,102,64,73
1,<environment.Job instance at 0x7f18160bec80>,27,18,[10  5],28,102,120,74,91
1,<environment.Job instance at 0x7f17d1ac77d0>,39,17,[9 4],40,120,137,80,109
1,<environment.Job instance at 0x7f18157eac80>,46,15,[ 5 10],47,137,152,90,123
1,<environment.Job instance at 0x7f18157ead20>,49,14,[9 5],50,152,166,102,137
1,<environment.Job instance at 0x7f18157ea910>,51,13,[5 8],52,166,179,114,151
1,<environment.Job instance at 0x7f18157ea4b0>,58,17,[5 7],59,179,196,120,167
1,<environment.Job instance at 0x7f181576d280>,65,16,[4 6],66,196,212,130,183
1,<environment.Job instance at 0x7f17d1835be0>,69,16,[2 8],70,212,228,142,199
1,<environment.Job instance at 0x7f1815b111e0>,76,18,[4 6],77,228,246,151,227
1,<environment.Job instance at 0x7f17d1880d70>,0,2,[2 7],1,1,3,0,1
1,<environment.Job instance at 0x7f181539deb0>,2,3,[3 8],3,3,6,0,3
1,<environment.Job instance at 0x7f1815abcbe0>,10,13,[9 3],11,11,24,0,11
1,<environment.Job instance at 0x7f1815abcc80>,8,2,[7 3],9,24,26,15,23
1,<environment.Job instance at 0x7f17d1bc5af0>,11,16,[2 7],12,24,40,12,24
1,<environment.Job instance at 0x7f17d1dbaf00>,20,16,[2 8],21,40,56,19,28
1,<environment.Job instance at 0x7f1815b111e0>,4,17,[3 6],5,56,73,51,44
1,<environment.Job instance at 0x7f1815a44550>,31,18,[9 3],32,73,91,41,63
1,<environment.Job instance at 0x7f1815a44b40>,38,16,[2 7],39,91,107,52,79
1,<environment.Job instance at 0x7f17d1bc5e60>,13,13,[6 5],14,107,120,93,95
1,<environment.Job instance at 0x7f1815a44d20>,41,13,[ 3 10],42,120,133,78,106
1,<environment.Job instance at 0x7f1815a67640>,50,16,[5 9],51,133,149,82,123
1,<environment.Job instance at 0x7f1815a67be0>,57,12,[5 4],58,149,161,91,137
1,<environment.Job instance at 0x7f1815a67e10>,61,17,[3 7],62,161,178,99,156
1,<environment.Job instance at 0x7f1815a4b280>,70,15,[4 9],71,178,193,107,168
1,<environment.Job instance at 0x7f1815a4b4b0>,71,15,[7 5],72,193,208,121,179
1,<environment.Job instance at 0x7f181576d1e0>,0,15,[9 1],1,1,16,0,1
1,<environment.Job instance at 0x7f1815e651e0>,4,18,[1 8],5,5,23,0,5
1,<environment.Job instance at 0x7f1815e65140>,5,13,[4 7],6,23,36,17,7
1,<environment.Job instance at 0x7f1815e656e0>,7,15,[6 1],8,16,31,8,8
1,<environment.Job instance at 0x7f1815e65730>,8,18,[5 8],9,36,54,27,27
1,<environment.Job instance at 0x7f17d15ca550>,27,16,[5 8],28,54,70,26,41
1,<environment.Job instance at 0x7f1815559d20>,33,15,[4 9],34,70,85,36,69
1,<environment.Job instance at 0x7f1815559820>,35,12,[ 3 10],36,85,97,49,72
1,<environment.Job instance at 0x7f1815559230>,36,12,[9 4],37,97,109,60,81
1,<environment.Job instance at 0x7f1815559af0>,40,16,[9 2],41,109,125,68,99
1,<environment.Job instance at 0x7f18152961e0>,48,17,[1 6],49,107,124,58,107
1,<environment.Job instance at 0x7f1815296550>,49,17,[9 2],50,125,142,75,113
1,<environment.Job instance at 0x7f1815296230>,53,2,[1 7],54,124,126,70,119
1,<environment.Job instance at 0x7f1815f286e0>,56,3,[9 2],57,142,145,85,121
1,<environment.Job instance at 0x7f181ca7c140>,57,16,[3 5],58,145,161,87,132
1,<environment.Job instance at 0x7f1815f28eb0>,60,13,[6 4],61,145,158,84,132
1,<environment.Job instance at 0x7f17d19f2be0>,69,16,[10  5],70,161,177,91,150
1,<environment.Job instance at 0x7f17d19f2050>,71,16,[5 3],72,177,193,105,165
1,<environment.Job instance at 0x7f18158a9410>,64,17,[8 3],65,193,210,128,187
1,<environment.Job instance at 0x7f17d1c20370>,0,18,[9 2],1,4,22,3,4
1,<environment.Job instance at 0x7f18153ce960>,16,13,[9 5],17,23,36,6,23
1,<environment.Job instance at 0x7f18153ce690>,17,18,[6 2],18,36,54,18,25
1,<environment.Job instance at 0x7f18153ce8c0>,19,13,[7 5],20,54,67,34,38
1,<environment.Job instance at 0x7f18153ce280>,22,15,[7 3],23,67,82,44,53
1,<environment.Job instance at 0x7f1815339370>,32,16,[1 7],33,67,83,34,65
1,<environment.Job instance at 0x7f18153392d0>,28,13,[3 7],29,83,96,54,67
1,<environment.Job instance at 0x7f18154f21e0>,33,13,[3 7],34,96,109,62,80
1,<environment.Job instance at 0x7f18154f2230>,37,16,[7 2],38,82,98,44,80
1,<environment.Job instance at 0x7f1815b1f320>,50,12,[5 9],51,109,121,58,92
1,<environment.Job instance at 0x7f17d1a00fa0>,56,12,[7 5],57,121,133,64,109
1,<environment.Job instance at 0x7f17d1a00aa0>,57,16,[8 4],58,133,149,75,120
1,<environment.Job instance at 0x7f18152204b0>,58,14,[6 3],59,149,163,90,135
1,<environment.Job instance at 0x7f17d1a00550>,60,17,[8 4],61,163,180,102,151
1,<environment.Job instance at 0x7f18153ba870>,68,14,[9 5],69,180,194,111,168
1,<environment.Job instance at 0x7f17d1d1be60>,71,13,[5 2],72,194,207,122,178
1,<environment.Job instance at 0x7f17d1d1b500>,74,17,[4 7],75,194,211,119,185
1,<environment.Job instance at 0x7f17d1d1b780>,75,3,[ 3 10],76,211,214,135,185
1,<environment.Job instance at 0x7f17d1d1bd70>,76,13,[10  5],77,214,227,137,198
1,<environment.Job instance at 0x7f17d18610f0>,0,2,[8 5],1,1,3,0,1
1,<environment.Job instance at 0x7f18153ba050>,2,14,[10  1],3,3,17,0,3
1,<environment.Job instance at 0x7f1815a50690>,5,14,[5 7],6,17,31,11,6
1,<environment.Job instance at 0x7f1816151370>,9,2,[3 7],10,31,33,21,12
1,<environment.Job instance at 0x7f1816151f00>,13,3,[1 8],14,33,36,19,16
1,<environment.Job instance at 0x7f18154cbd70>,10,18,[5 4],11,36,54,25,25
1,<environment.Job instance at 0x7f1815f6baf0>,24,16,[9 2],25,54,70,29,42
1,<environment.Job instance at 0x7f1815f6b190>,27,18,[5 5],28,70,88,42,59
1,<environment.Job instance at 0x7f1815f4dc80>,33,18,[4 5],34,70,88,36,64
1,<environment.Job instance at 0x7f1815f4d190>,35,18,[5 8],36,88,106,52,77
1,<environment.Job instance at 0x7f1815f33e10>,50,15,[5 1],51,127,142,76,127
1,<environment.Job instance at 0x7f18159867d0>,51,13,[5 2],52,127,140,75,127
1,<environment.Job instance at 0x7f18151c98c0>,58,14,[7 2],59,142,156,83,131
1,<environment.Job instance at 0x7f1815973730>,61,14,[6 1],62,156,170,94,146
1,<environment.Job instance at 0x7f18160e4820>,63,14,[4 8],64,156,170,92,153
1,<environment.Job instance at 0x7f181555a0f0>,70,18,[5 5],71,170,188,99,166
1,<environment.Job instance at 0x7f1815f4deb0>,34,15,[3 5],35,170,185,135,167
1,<environment.Job instance at 0x7f17d18455f0>,48,15,[1 8],49,188,203,139,175
1,<environment.Job instance at 0x7f1815370f50>,8,15,[ 4 10],9,203,218,194,189
1,<environment.Job instance at 0x7f17d1ce86e0>,2,3,[5 8],3,3,6,0,3
1,<environment.Job instance at 0x7f17d1a44960>,32,17,[1 5],33,82,99,49,82
1,<environment.Job instance at 0x7f17d1a44cd0>,31,15,[7 3],32,82,97,50,82
1,<environment.Job instance at 0x7f17d1a44c80>,39,1,[10  5],40,110,111,70,110
1,<environment.Job instance at 0x7f181c9b0280>,41,14,[8 4],42,111,125,69,111
1,<environment.Job instance at 0x7f181c9b06e0>,42,2,[ 2 10],43,125,127,82,111
1,<environment.Job instance at 0x7f18158d1780>,26,18,[ 2 10],27,127,145,100,125
1,<environment.Job instance at 0x7f181606a320>,47,3,[5 6],48,145,148,97,136
1,<environment.Job instance at 0x7f181606abe0>,54,13,[5 8],55,148,161,93,142
1,<environment.Job instance at 0x7f17d1b9d8c0>,55,13,[5 5],56,161,174,105,160
1,<environment.Job instance at 0x7f17d1815e10>,62,15,[2 5],63,172,187,109,172
1,<environment.Job instance at 0x7f181594a2d0>,63,16,[1 5],64,174,190,110,172
1,<environment.Job instance at 0x7f181594ae60>,65,15,[5 4],66,187,202,121,173
1,<environment.Job instance at 0x7f1815a76f50>,69,16,[5 6],70,190,206,120,190
1,<environment.Job instance at 0x7f17d1b9d550>,59,13,[4 8],60,206,219,146,197
1,<environment.Job instance at 0x7f1815a76fa0>,72,3,[1 7],73,219,222,146,201
1,<environment.Job instance at 0x7f1815a76280>,73,13,[9 3],74,219,232,145,203
1,<environment.Job instance at 0x7f1815a7fe10>,75,14,[ 3 10],76,232,246,156,217
1,<environment.Job instance at 0x7f1815e17f50>,0,2,[2 6],1,1,3,0,1
1,<environment.Job instance at 0x7f1815e17190>,1,2,[7 1],2,3,5,1,3
1,<environment.Job instance at 0x7f1815439c80>,5,18,[ 2 10],6,6,24,0,6
1,<environment.Job instance at 0x7f17d1407280>,16,1,[9 3],17,24,25,7,18
1,<environment.Job instance at 0x7f17d1407460>,17,12,[9 2],18,25,37,7,18
1,<environment.Job instance at 0x7f17d1407a00>,18,3,[5 8],19,37,40,18,19
1,<environment.Job instance at 0x7f17d14070f0>,19,2,[3 9],20,40,42,20,20
1,<environment.Job instance at 0x7f17d1407870>,20,13,[10  5],21,42,55,21,26
1,<environment.Job instance at 0x7f17d1407370>,30,12,[ 5 10],31,55,67,24,55
1,<environment.Job instance at 0x7f1815425910>,35,12,[5 2],36,67,79,31,65
1,<environment.Job instance at 0x7f1815425500>,36,18,[7 1],37,79,97,42,68
1,<environment.Job instance at 0x7f18154252d0>,38,2,[5 3],39,71,73,32,71
1,<environment.Job instance at 0x7f1815425410>,43,3,[9 4],44,102,105,58,102
1,<environment.Job instance at 0x7f1815425190>,46,16,[9 3],47,105,121,58,103
1,<environment.Job instance at 0x7f1815425870>,50,17,[4 7],51,121,138,70,110
1,<environment.Job instance at 0x7f1815425d70>,52,14,[6 3],53,121,135,68,115
1,<environment.Job instance at 0x7f1815422af0>,57,17,[4 6],58,138,155,80,126
1,<environment.Job instance at 0x7f18154223c0>,64,12,[10  3],65,155,167,90,142
1,<environment.Job instance at 0x7f1815422730>,69,12,[4 8],70,167,179,97,153
1,<environment.Job instance at 0x7f1815422370>,72,12,[1 7],73,179,191,106,162
1,<environment.Job instance at 0x7f18154398c0>,9,17,[9 1],10,183,200,173,183
1,<environment.Job instance at 0x7f17d1d926e0>,78,13,[3 6],79,200,213,121,195
1,<environment.Job instance at 0x7f18154319b0>,0,14,[3 5],1,1,15,0,1
1,<environment.Job instance at 0x7f17d1407140>,2,3,[3 7],3,15,18,12,3
1,<environment.Job instance at 0x7f17d15043c0>,4,12,[7 2],5,5,17,0,5
1,<environment.Job instance at 0x7f17d1c90870>,6,12,[5 6],7,18,30,11,7
1,<environment.Job instance at 0x7f1815932460>,12,16,[5 3],13,17,33,4,13
1,<environment.Job instance at 0x7f1815aadd20>,13,16,[9 5],14,33,49,19,20
1,<environment.Job instance at 0x7f17d1732960>,21,12,[2 5],22,49,61,27,37
1,<environment.Job instance at 0x7f1815733640>,22,16,[9 3],23,61,77,38,48
1,<environment.Job instance at 0x7f1815733fa0>,23,14,[1 6],24,61,75,37,48
1,<environment.Job instance at 0x7f1815733f50>,28,13,[5 7],29,77,90,48,62
1,<environment.Job instance at 0x7f181575aa00>,38,1,[5 1],39,106,107,67,106
1,<environment.Job instance at 0x7f181575aaa0>,41,18,[4 9],42,116,134,74,116
1,<environment.Job instance at 0x7f17d1748fa0>,53,18,[6 3],54,148,166,94,148
1,<environment.Job instance at 0x7f181573d460>,48,18,[8 3],49,166,184,117,157
1,<environment.Job instance at 0x7f1815bec2d0>,62,3,[2 6],63,169,172,106,169
1,<environment.Job instance at 0x7f17d17448c0>,63,12,[4 8],64,184,196,120,169
1,<environment.Job instance at 0x7f1815a09eb0>,71,3,[7 4],72,196,199,124,195
1,<environment.Job instance at 0x7f1815a098c0>,72,3,[1 5],73,196,199,123,195
1,<environment.Job instance at 0x7f1815a09960>,73,2,[5 6],74,199,201,125,195
1,<environment.Job instance at 0x7f17d191afa0>,78,1,[1 5],79,204,205,125,204
1,<environment.Job instance at 0x7f1815741f00>,58,27,[5 1],59,219,246,160,219
1,<environment.Job instance at 0x7f17d1c90e60>,0,17,[5 9],1,1,18,0,1
1,<environment.Job instance at 0x7f17d1d92c30>,4,14,[9 5],5,18,32,13,5
1,<environment.Job instance at 0x7f18154221e0>,7,18,[ 5 10],8,32,50,24,21
1,<environment.Job instance at 0x7f18157dd050>,20,17,[8 2],21,50,67,29,42
1,<environment.Job instance at 0x7f1815bbe640>,21,14,[4 9],22,67,81,45,52
1,<environment.Job instance at 0x7f1815bbe550>,24,15,[2 5],25,52,67,27,52
1,<environment.Job instance at 0x7f17d151f370>,36,15,[2 7],37,87,102,50,87
1,<environment.Job instance at 0x7f17d1d19190>,37,16,[3 5],38,102,118,64,92
1,<environment.Job instance at 0x7f17d180f500>,42,18,[5 6],43,118,136,75,111
1,<environment.Job instance at 0x7f1815bd6fa0>,45,17,[3 9],46,136,153,90,124
1,<environment.Job instance at 0x7f17d1486230>,61,1,[5 5],62,156,157,94,156
1,<environment.Job instance at 0x7f17d1486fa0>,64,15,[3 7],65,173,188,108,173
1,<environment.Job instance at 0x7f17d1486500>,66,1,[8 5],67,188,189,121,173
1,<environment.Job instance at 0x7f17d14866e0>,67,3,[3 6],68,189,192,121,173
1,<environment.Job instance at 0x7f17d18dcc80>,69,15,[4 9],70,192,207,122,179
1,<environment.Job instance at 0x7f17d18dcc30>,74,1,[9 1],75,207,208,132,198
1,<environment.Job instance at 0x7f17d18dc730>,75,16,[8 5],76,208,224,132,198
1,<environment.Job instance at 0x7f181536fc30>,35,14,[5 9],36,224,238,188,224
1,<environment.Job instance at 0x7f1815f34820>,0,2,[7 1],1,1,3,0,1
1,<environment.Job instance at 0x7f1815f340a0>,2,1,[ 3 10],3,3,4,0,3
1,<environment.Job instance at 0x7f1815f342d0>,3,12,[5 8],4,4,16,0,4
1,<environment.Job instance at 0x7f17d1ce7b40>,7,13,[5 5],8,16,29,8,8
1,<environment.Job instance at 0x7f18156ffc30>,15,3,[4 8],16,29,32,13,16
1,<environment.Job instance at 0x7f18156ff550>,16,16,[ 5 10],17,32,48,15,19
1,<environment.Job instance at 0x7f17d1ce7e60>,13,3,[6 1],14,29,32,15,25
1,<environment.Job instance at 0x7f18156ff230>,23,14,[1 8],24,48,62,24,42
1,<environment.Job instance at 0x7f1815898410>,37,2,[5 7],38,62,64,24,46
1,<environment.Job instance at 0x7f1815898730>,38,12,[1 6],39,64,76,25,47
1,<environment.Job instance at 0x7f1815898280>,40,16,[6 2],41,64,80,23,51
1,<environment.Job instance at 0x7f18157f7820>,35,13,[5 1],36,51,64,15,51
1,<environment.Job instance at 0x7f1816151dc0>,51,16,[5 7],52,96,112,44,96
1,<environment.Job instance at 0x7f1816151eb0>,55,13,[6 4],56,112,125,56,108
1,<environment.Job instance at 0x7f17d1da18c0>,57,18,[4 7],58,125,143,67,114
1,<environment.Job instance at 0x7f181521c280>,73,2,[1 5],74,170,172,96,170
1,<environment.Job instance at 0x7f181521c1e0>,74,17,[9 5],75,170,187,95,170
1,<environment.Job instance at 0x7f17d1dab780>,66,16,[5 2],67,187,203,120,175
1,<environment.Job instance at 0x7f17d1da1eb0>,63,18,[10  5],64,203,221,139,201
1,<environment.Job instance at 0x7f17d18efaa0>,1,1,[5 1],2,2,3,0,2
1,<environment.Job instance at 0x7f17d1696550>,2,2,[5 7],3,3,5,0,3
1,<environment.Job instance at 0x7f17d18985f0>,3,1,[5 6],4,5,6,1,4
1,<environment.Job instance at 0x7f1815b8a6e0>,5,14,[10  1],6,6,20,0,6
1,<environment.Job instance at 0x7f1815b8a690>,9,17,[8 4],10,20,37,10,10
1,<environment.Job instance at 0x7f1815b8a050>,11,16,[2 6],12,20,36,8,12
1,<environment.Job instance at 0x7f181c75e500>,15,17,[1 8],16,37,54,21,27
1,<environment.Job instance at 0x7f1815e22640>,22,18,[6 4],23,54,72,31,43
1,<environment.Job instance at 0x7f17d15870a0>,27,12,[2 5],28,57,69,29,57
1,<environment.Job instance at 0x7f17d18bb730>,29,15,[8 4],30,72,87,42,58
1,<environment.Job instance at 0x7f1815e226e0>,20,3,[2 6],21,69,72,48,59
1,<environment.Job instance at 0x7f1815398230>,38,18,[5 6],39,87,105,48,76
1,<environment.Job instance at 0x7f181539b0f0>,45,16,[5 7],46,105,121,59,92
1,<environment.Job instance at 0x7f18153a7f50>,50,17,[8 3],51,121,138,70,109
1,<environment.Job instance at 0x7f18153a79b0>,52,12,[5 4],53,138,150,85,121
1,<environment.Job instance at 0x7f17d18c9eb0>,56,15,[1 5],57,129,144,72,129
1,<environment.Job instance at 0x7f17d18c9280>,60,14,[6 1],61,150,164,89,135
1,<environment.Job instance at 0x7f1815b8a190>,14,13,[2 5],15,144,157,129,136
1,<environment.Job instance at 0x7f181539e820>,67,14,[9 3],68,164,178,96,152
1,<environment.Job instance at 0x7f181523ccd0>,71,15,[3 9],72,178,193,106,164
1,<environment.Job instance at 0x7f18153b74b0>,77,15,[6 1],78,179,194,101,179
1,<environment.Job instance at 0x7f17d18bb6e0>,35,13,[2 6],36,193,206,157,189
1,<environment.Job instance at 0x7eff9e6e1230>,0,13,[9 3],1,1,14,0,1
1,<environment.Job instance at 0x7eff972d1dc0>,16,16,[3 5],17,42,58,25,42
1,<environment.Job instance at 0x7eff972d1fa0>,19,14,[3 5],20,42,56,22,42
1,<environment.Job instance at 0x7eff972d1820>,10,12,[3 7],11,69,81,58,69
1,<environment.Job instance at 0x7eff972d2460>,26,3,[3 7],27,81,84,54,76
1,<environment.Job instance at 0x7eff972d1230>,4,14,[1 6],5,84,98,79,76
1,<environment.Job instance at 0x7eff972d20f0>,29,12,[5 4],30,84,96,54,77
1,<environment.Job instance at 0x7eff972d2a00>,33,14,[5 5],34,98,112,64,83
1,<environment.Job instance at 0x7eff972d1be0>,13,18,[ 4 10],14,112,130,98,105
1,<environment.Job instance at 0x7eff972d2e60>,40,15,[10  3],41,130,145,89,116
1,<environment.Job instance at 0x7eff972d7410>,43,18,[5 5],44,145,163,101,136
1,<environment.Job instance at 0x7eff972d7af0>,53,17,[5 7],54,166,183,112,166
1,<environment.Job instance at 0x7eff972d9230>,64,18,[2 9],65,183,201,118,172
1,<environment.Job instance at 0x7eff972d99b0>,74,14,[5 1],75,192,206,117,192
1,<environment.Job instance at 0x7eff972da320>,79,13,[9 4],80,223,236,143,223
1,<environment.Job instance at 0x7eff9e70aaf0>,0,2,[9 3],1,1,3,0,1
1,<environment.Job instance at 0x7eff972da230>,1,3,[1 8],2,3,6,1,2
1,<environment.Job instance at 0x7eff9e858190>,4,3,[4 5],5,6,9,1,6
1,<environment.Job instance at 0x7eff9e8566e0>,17,17,[9 3],18,31,48,13,31
1,<environment.Job instance at 0x7eff9e849f00>,30,2,[7 2],31,78,80,47,78
1,<environment.Job instance at 0x7eff9e84ea50>,31,1,[2 6],32,78,79,46,78
1,<environment.Job instance at 0x7eff9e848b40>,10,18,[2 7],11,82,100,71,82
1,<environment.Job instance at 0x7eff9e84e870>,34,1,[8 4],35,100,101,65,90
1,<environment.Job instance at 0x7eff9e84e780>,40,15,[8 3],41,115,130,74,115
1,<environment.Job instance at 0x7eff9e8551e0>,42,13,[ 5 10],43,130,143,87,115
1,<environment.Job instance at 0x7eff9e855690>,51,13,[5 6],52,155,168,103,155
1,<environment.Job instance at 0x7eff9e855cd0>,50,16,[2 8],51,168,184,117,155
1,<environment.Job instance at 0x7eff9e85c0a0>,59,12,[4 9],60,184,196,124,167
1,<environment.Job instance at 0x7eff9e85c280>,62,14,[1 8],63,196,210,133,181
1,<environment.Job instance at 0x7eff9e85c500>,64,14,[8 4],65,210,224,145,195
1,<environment.Job instance at 0x7eff9e769320>,79,14,[3 6],80,224,238,144,220
1,<environment.Job instance at 0x7eff9e85c640>,0,1,[5 8],1,1,2,0,1
1,<environment.Job instance at 0x7eff972dad70>,1,13,[8 5],2,2,15,0,2
1,<environment.Job instance at 0x7eff536cf8c0>,9,12,[9 3],10,15,27,5,10
1,<environment.Job instance at 0x7eff536cf050>,16,14,[5 5],17,27,41,10,19
1,<environment.Job instance at 0x7eff53682190>,21,14,[1 6],22,41,55,19,27
1,<environment.Job instance at 0x7eff53682960>,34,16,[7 2],35,48,64,13,48
1,<environment.Job instance at 0x7eff53682870>,40,18,[4 5],41,64,82,23,61
1,<environment.Job instance at 0x7eff536cf5a0>,17,1,[9 1],18,82,83,64,65
1,<environment.Job instance at 0x7eff536cad20>,44,16,[9 4],45,83,99,38,74
1,<environment.Job instance at 0x7eff536ca230>,49,13,[6 3],50,99,112,49,90
1,<environment.Job instance at 0x7eff536caeb0>,58,18,[6 3],59,112,130,53,103
1,<environment.Job instance at 0x7eff5368c4b0>,64,16,[7 5],65,130,146,65,118
1,<environment.Job instance at 0x7eff5368c640>,69,3,[5 1],70,146,149,76,129
1,<environment.Job instance at 0x7eff5368c550>,68,18,[4 6],69,146,164,77,136
1,<environment.Job instance at 0x7eff5368c8c0>,74,14,[5 5],75,164,178,89,153
1,<environment.Job instance at 0x7eff536cfbe0>,0,17,[2 6],1,1,18,0,1
1,<environment.Job instance at 0x7eff53586c30>,21,2,[1 5],22,51,53,29,51
1,<environment.Job instance at 0x7eff53586320>,22,18,[8 2],23,56,74,33,56
1,<environment.Job instance at 0x7eff53586c80>,27,14,[ 1 10],28,74,88,46,60
1,<environment.Job instance at 0x7eff539e3e60>,30,15,[8 2],31,88,103,57,74
1,<environment.Job instance at 0x7eff53a60690>,34,17,[9 4],35,103,120,68,91
1,<environment.Job instance at 0x7eff53a5a9b0>,69,13,[4 6],70,203,216,133,203
1,<environment.Job instance at 0x7eff53a5a230>,72,13,[1 6],73,216,229,143,208
1,<environment.Job instance at 0x7eff53a5a550>,74,14,[1 5],75,229,243,154,214
1,<environment.Job instance at 0x7eff536a51e0>,79,16,[5 4],80,216,232,136,216
1,<environment.Job instance at 0x7eff536a52d0>,80,14,[8 3],81,232,246,151,221
1,<environment.Job instance at 0x7eff539e3d70>,1,17,[7 5],2,2,19,0,2
1,<environment.Job instance at 0x7eff9e70bd20>,5,3,[3 8],6,19,22,13,6
1,<environment.Job instance at 0x7eff536ca0f0>,10,2,[1 7],11,28,30,17,28
1,<environment.Job instance at 0x7eff53706f00>,19,3,[7 2],20,28,31,8,28
1,<environment.Job instance at 0x7eff5378edc0>,20,14,[7 5],21,31,45,10,29
1,<environment.Job instance at 0x7eff53988690>,21,3,[1 6],22,45,48,23,29
1,<environment.Job instance at 0x7eff539c06e0>,25,16,[10  4],26,48,64,22,35
1,<environment.Job instance at 0x7eff539c0780>,26,3,[6 3],27,45,48,18,35
1,<environment.Job instance at 0x7eff539c0e10>,28,14,[7 5],29,64,78,35,49
1,<environment.Job instance at 0x7eff539d70a0>,34,17,[7 2],35,78,95,43,66
1,<environment.Job instance at 0x7eff539d7410>,37,15,[2 9],38,95,110,57,81
1,<environment.Job instance at 0x7eff539d7e60>,49,17,[9 1],50,110,127,60,99
1,<environment.Job instance at 0x7eff539d7eb0>,50,18,[3 5],51,127,145,76,116
1,<environment.Job instance at 0x7eff539bd500>,60,13,[5 6],61,145,158,84,130
1,<environment.Job instance at 0x7eff539bd5a0>,61,12,[5 5],62,131,143,69,131
1,<environment.Job instance at 0x7eff539bd640>,62,12,[5 5],63,158,170,95,141
1,<environment.Job instance at 0x7eff539bd6e0>,63,13,[4 9],64,170,183,106,154
1,<environment.Job instance at 0x7eff53a73960>,7,15,[5 3],8,183,198,175,170
1,<environment.Job instance at 0x7eff534d91e0>,78,16,[6 3],79,198,214,119,185
1,<environment.Job instance at 0x7eff534d9370>,80,18,[4 7],81,192,210,111,192
1,<environment.Job instance at 0x7eff534d97d0>,83,14,[2 7],84,210,224,126,195
1,<environment.Job instance at 0x7eff534d9a00>,88,15,[8 5],89,224,239,135,210
1,<environment.Job instance at 0x7eff534ddc80>,0,1,[5 1],1,1,2,0,1
1,<environment.Job instance at 0x7eff5368ceb0>,1,3,[9 3],2,2,5,0,2
1,<environment.Job instance at 0x7eff9719faf0>,2,3,[ 4 10],3,5,8,2,3
1,<environment.Job instance at 0x7eff971285a0>,12,18,[6 3],13,13,31,0,13
1,<environment.Job instance at 0x7eff99f8a870>,14,2,[1 8],15,31,33,16,15
1,<environment.Job instance at 0x7eff99f8a410>,24,17,[8 5],25,63,80,38,63
1,<environment.Job instance at 0x7eff99f8a780>,26,2,[3 8],27,80,82,53,63
1,<environment.Job instance at 0x7eff97504eb0>,31,13,[5 5],32,102,115,70,102
1,<environment.Job instance at 0x7eff97504cd0>,33,12,[1 8],34,115,127,81,102
1,<environment.Job instance at 0x7eff97504a50>,38,14,[10  3],39,127,141,88,115
1,<environment.Job instance at 0x7eff97504690>,42,18,[10  4],43,141,159,98,130
1,<environment.Job instance at 0x7eff97487690>,51,13,[5 3],52,159,172,107,143
1,<environment.Job instance at 0x7eff97487870>,54,12,[6 4],55,172,184,117,155
1,<environment.Job instance at 0x7eff974c8be0>,61,16,[6 5],62,184,200,122,171
1,<environment.Job instance at 0x7eff99fbfb40>,8,17,[7 4],9,200,217,191,190
1,<environment.Job instance at 0x7eff975b69b0>,75,13,[10  4],76,217,230,141,206
1,<environment.Job instance at 0x7eff9758d500>,79,15,[7 1],80,230,245,150,224
1,<environment.Job instance at 0x7eff534ddf00>,1,14,[5 8],2,2,16,0,2
1,<environment.Job instance at 0x7eff99b8e5f0>,3,15,[6 3],4,16,31,12,4
1,<environment.Job instance at 0x7eff53580e60>,8,17,[10  3],9,31,48,22,19
1,<environment.Job instance at 0x7eff53c07b90>,15,3,[6 5],16,48,51,32,27
1,<environment.Job instance at 0x7eff99a2e730>,16,3,[8 2],17,51,54,34,27
1,<environment.Job instance at 0x7eff973bbe10>,17,13,[7 3],18,54,67,36,38
1,<environment.Job instance at 0x7eff97157550>,20,14,[3 6],21,54,68,33,42
1,<environment.Job instance at 0x7eff976ab780>,22,15,[1 6],23,73,88,50,73
1,<environment.Job instance at 0x7eff973cba00>,30,15,[1 6],31,88,103,57,76
1,<environment.Job instance at 0x7eff9e855c30>,34,12,[8 4],35,85,97,50,85
1,<environment.Job instance at 0x7eff9726e1e0>,35,15,[7 4],36,97,112,61,87
1,<environment.Job instance at 0x7eff99999730>,37,14,[6 2],38,112,126,74,97
1,<environment.Job instance at 0x7eff9992cb40>,44,12,[6 5],45,126,138,81,115
1,<environment.Job instance at 0x7eff9992c190>,47,12,[ 4 10],48,138,150,90,123
1,<environment.Job instance at 0x7eff999997d0>,39,17,[7 2],40,150,167,110,143
1,<environment.Job instance at 0x7eff97128cd0>,66,12,[7 1],67,167,179,100,150
1,<environment.Job instance at 0x7eff538a1e60>,59,17,[1 5],60,155,172,95,155
1,<environment.Job instance at 0x7eff99f881e0>,72,3,[6 4],73,179,182,106,162
1,<environment.Job instance at 0x7eff99f88690>,74,15,[9 1],75,182,197,107,168
1,<environment.Job instance at 0x7eff99e20960>,79,14,[3 7],80,197,211,117,182
1,<environment.Job instance at 0x7eff9777da00>,85,3,[5 5],86,211,214,125,195
1,<environment.Job instance at 0x7eff9777d460>,86,2,[3 9],87,214,216,127,195
1,<environment.Job instance at 0x7eff99a63a00>,9,17,[5 9],10,19,36,9,19
1,<environment.Job instance at 0x7eff972b4b40>,14,3,[6 1],15,36,39,21,19
1,<environment.Job instance at 0x7eff972b46e0>,15,16,[4 5],16,36,52,20,23
1,<environment.Job instance at 0x7eff972b4640>,18,16,[ 5 10],19,52,68,33,42
1,<environment.Job instance at 0x7eff9743aaa0>,24,3,[6 4],25,68,71,43,62
1,<environment.Job instance at 0x7eff9743aaf0>,25,13,[2 6],26,68,81,42,63
1,<environment.Job instance at 0x7eff9743a9b0>,32,18,[5 9],33,84,102,51,84
1,<environment.Job instance at 0x7eff974380a0>,36,1,[2 6],37,102,103,65,86
1,<environment.Job instance at 0x7eff97438320>,38,18,[1 9],39,103,121,64,92
1,<environment.Job instance at 0x7eff97438550>,39,15,[6 3],40,121,136,81,107
1,<environment.Job instance at 0x7eff974385a0>,41,2,[9 5],42,136,138,94,119
1,<environment.Job instance at 0x7eff97438780>,45,16,[5 3],46,138,154,92,126
1,<environment.Job instance at 0x7eff974387d0>,49,13,[3 6],50,138,151,88,136
1,<environment.Job instance at 0x7eff97414190>,57,17,[4 9],58,158,175,100,158
1,<environment.Job instance at 0x7eff97414230>,59,14,[6 1],60,158,172,98,158
1,<environment.Job instance at 0x7eff974142d0>,60,3,[2 7],61,175,178,114,158
1,<environment.Job instance at 0x7eff97414550>,62,14,[3 9],63,178,192,115,164
1,<environment.Job instance at 0x7eff97414780>,64,14,[7 4],65,192,206,127,177
1,<environment.Job instance at 0x7eff97414d70>,71,3,[8 4],72,206,209,134,195
1,<environment.Job instance at 0x7eff97414eb0>,74,18,[4 7],75,209,227,134,198
1,<environment.Job instance at 0x7eff97414f50>,76,17,[5 5],77,227,244,150,215
1,<environment.Job instance at 0x7eff97427500>,1,2,[2 6],2,2,4,0,2
1,<environment.Job instance at 0x7eff99ac5280>,2,3,[9 1],3,4,7,1,3
1,<environment.Job instance at 0x7eff97112cd0>,9,15,[5 2],10,28,43,18,28
1,<environment.Job instance at 0x7eff97112fa0>,11,14,[7 1],12,43,57,31,41
1,<environment.Job instance at 0x7eff97112690>,12,16,[9 4],13,57,73,44,44
1,<environment.Job instance at 0x7eff972e07d0>,16,15,[9 5],17,73,88,56,59
1,<environment.Job instance at 0x7eff97233370>,25,12,[8 1],26,88,100,62,79
1,<environment.Job instance at 0x7eff972982d0>,27,18,[10  5],28,100,118,72,97
1,<environment.Job instance at 0x7eff9738e190>,38,14,[1 7],39,118,132,79,103
1,<environment.Job instance at 0x7eff99f0aaf0>,39,17,[9 4],40,132,149,92,120
1,<environment.Job instance at 0x7eff53c94f50>,45,13,[1 5],46,132,145,86,123
1,<environment.Job instance at 0x7eff53c945f0>,48,14,[8 3],49,149,163,100,134
1,<environment.Job instance at 0x7eff53460190>,51,13,[5 8],52,163,176,111,148
1,<environment.Job instance at 0x7eff973b2140>,56,12,[6 3],57,176,188,119,169
1,<environment.Job instance at 0x7eff97285640>,58,17,[5 7],59,188,205,129,176
1,<environment.Job instance at 0x7eff99a56190>,61,16,[ 4 10],62,205,221,143,192
1,<environment.Job instance at 0x7eff99857910>,66,18,[9 4],67,221,239,154,210
1,<environment.Job instance at 0x7eff99857af0>,69,16,[2 8],70,239,255,169,226
1,<environment.Job instance at 0x7eff97422a50>,0,13,[9 3],1,1,14,0,1
1,<environment.Job instance at 0x7eff99857a00>,1,16,[2 7],2,14,30,12,2
1,<environment.Job instance at 0x7eff97231320>,10,16,[2 8],11,30,46,19,17
1,<environment.Job instance at 0x7eff972ee190>,15,16,[1 6],16,46,62,30,37
1,<environment.Job instance at 0x7eff5392e230>,8,2,[2 7],9,62,64,53,37
1,<environment.Job instance at 0x7eff99857cd0>,4,13,[5 4],5,49,62,44,49
1,<environment.Job instance at 0x7eff53b741e0>,23,12,[4 9],24,64,76,40,54
1,<environment.Job instance at 0x7eff53496140>,28,16,[2 7],29,76,92,47,63
1,<environment.Job instance at 0x7eff976b3280>,31,13,[ 3 10],32,92,105,60,76
1,<environment.Job instance at 0x7eff97051190>,36,16,[6 1],37,105,121,68,92
1,<environment.Job instance at 0x7eff53a42cd0>,41,15,[9 5],42,121,136,79,107
1,<environment.Job instance at 0x7eff99918870>,47,12,[5 4],48,136,148,88,120
1,<environment.Job instance at 0x7eff99918410>,49,16,[ 4 10],50,148,164,98,135
1,<environment.Job instance at 0x7eff53bf40f0>,53,2,[2 8],54,164,166,110,152
1,<environment.Job instance at 0x7eff53bf44b0>,54,14,[10  1],55,166,180,111,153
1,<environment.Job instance at 0x7eff99a72cd0>,61,15,[7 5],62,180,195,118,168
1,<environment.Job instance at 0x7eff53523aa0>,64,2,[5 2],65,195,197,130,178
1,<environment.Job instance at 0x7eff99a72640>,65,3,[5 1],66,195,198,129,179
1,<environment.Job instance at 0x7eff99a72410>,60,15,[4 9],61,197,212,136,184
1,<environment.Job instance at 0x7eff974ba230>,75,13,[4 7],76,215,228,139,215
1,<environment.Job instance at 0x7eff974ba820>,77,15,[6 1],78,216,231,138,216
1,<environment.Job instance at 0x7eff99b8ebe0>,0,1,[8 1],1,1,2,0,1
1,<environment.Job instance at 0x7eff99814370>,1,18,[3 7],2,2,20,0,2
1,<environment.Job instance at 0x7eff53981780>,6,13,[3 7],7,20,33,13,7
1,<environment.Job instance at 0x7eff9771b190>,13,15,[4 9],14,33,48,19,19
1,<environment.Job instance at 0x7eff9771baa0>,16,12,[9 4],17,48,60,31,31
1,<environment.Job instance at 0x7eff53a9d3c0>,26,12,[6 4],27,60,72,33,52
1,<environment.Job instance at 0x7eff53a9d410>,27,17,[8 2],28,72,89,44,60
1,<environment.Job instance at 0x7eff53a9d370>,28,17,[1 6],29,60,77,31,60
1,<environment.Job instance at 0x7eff97388d20>,14,14,[10  4],15,89,103,74,76
1,<environment.Job instance at 0x7eff53a9d820>,33,2,[1 7],34,79,81,45,79
1,<environment.Job instance at 0x7eff53a9db90>,37,16,[3 5],38,103,119,65,90
1,<environment.Job instance at 0x7eff53a9de10>,40,13,[6 4],41,103,116,62,90
1,<environment.Job instance at 0x7eff53ace550>,49,16,[10  5],50,123,139,73,123
1,<environment.Job instance at 0x7eff53acebe0>,58,19,[7 1],59,139,158,80,139
1,<environment.Job instance at 0x7eff53acb190>,69,18,[1 5],70,152,170,82,152
1,<environment.Job instance at 0x7eff53acb5f0>,70,27,[7 4],71,158,185,87,156
1,<environment.Job instance at 0x7eff53acb500>,78,14,[ 4 10],79,189,203,110,189
1,<environment.Job instance at 0x7eff53acbcd0>,81,14,[9 5],82,205,219,123,205
1,<environment.Job instance at 0x7eff53acbe10>,82,15,[7 3],83,219,234,136,209
1,<environment.Job instance at 0x7eff538260f0>,0,1,[2 6],1,1,2,0,1
1,<environment.Job instance at 0x7eff53ab52d0>,1,13,[9 4],2,2,15,0,2
1,<environment.Job instance at 0x7eff9735eb40>,2,16,[1 7],3,15,31,12,3
1,<environment.Job instance at 0x7eff9735ed70>,7,16,[7 2],8,17,33,9,17
1,<environment.Job instance at 0x7eff99814280>,20,12,[5 9],21,33,45,12,30
1,<environment.Job instance at 0x7eff97159a50>,28,14,[6 3],29,47,61,18,47
1,<environment.Job instance at 0x7eff97159f50>,30,17,[8 4],31,61,78,30,49
1,<environment.Job instance at 0x7eff99b893c0>,34,17,[8 5],35,78,95,43,67
1,<environment.Job instance at 0x7eff99b890a0>,41,13,[5 2],42,95,108,53,79
1,<environment.Job instance at 0x7eff99b895f0>,44,17,[4 7],45,95,112,50,87
1,<environment.Job instance at 0x7eff97352460>,52,14,[10  1],53,112,126,59,104
1,<environment.Job instance at 0x7eff97352410>,57,15,[3 9],58,126,141,68,113
1,<environment.Job instance at 0x7eff53b7c050>,69,13,[7 2],70,141,154,71,141
1,<environment.Job instance at 0x7eff9e2d8c80>,74,16,[9 2],75,154,170,79,149
1,<environment.Job instance at 0x7eff9e2d8b40>,76,18,[3 6],77,170,188,93,159
1,<environment.Job instance at 0x7eff998fe1e0>,84,15,[3 5],85,188,203,103,174
1,<environment.Job instance at 0x7eff99b89f00>,39,25,[7 3],40,176,201,136,176
1,<environment.Job instance at 0x7eff998fe3c0>,86,18,[3 9],87,203,221,116,197
1,<environment.Job instance at 0x7eff53826a00>,0,2,[7 4],1,1,3,0,1
1,<environment.Job instance at 0x7eff9e850370>,1,16,[6 5],2,3,19,1,2
1,<environment.Job instance at 0x7eff53bc1460>,6,12,[ 1 10],7,19,31,12,7
1,<environment.Job instance at 0x7eff99a938c0>,11,13,[5 2],12,31,44,19,15
1,<environment.Job instance at 0x7eff972119b0>,18,14,[7 2],19,44,58,25,29
1,<environment.Job instance at 0x7eff97211730>,24,17,[3 7],25,33,50,8,33
1,<environment.Job instance at 0x7eff53bc1910>,9,3,[4 5],10,58,61,48,43
1,<environment.Job instance at 0x7eff972112d0>,30,18,[5 5],31,58,76,27,47
1,<environment.Job instance at 0x7eff99a93500>,10,15,[5 1],11,61,76,50,49
1,<environment.Job instance at 0x7eff97631fa0>,34,16,[7 5],35,76,92,41,65
1,<environment.Job instance at 0x7eff973d33c0>,52,18,[9 2],53,94,112,41,94
1,<environment.Job instance at 0x7eff999105f0>,54,14,[5 9],55,126,140,71,126
1,<environment.Job instance at 0x7eff99910b90>,62,17,[5 1],63,140,157,77,140
1,<environment.Job instance at 0x7eff99910870>,67,17,[5 5],68,145,162,77,145
1,<environment.Job instance at 0x7eff971413c0>,71,15,[7 3],72,167,182,95,167
1,<environment.Job instance at 0x7eff971419b0>,76,13,[5 9],77,182,195,105,172
1,<environment.Job instance at 0x7eff538ebe10>,80,18,[5 4],81,196,214,115,196
1,<environment.Job instance at 0x7eff538eb550>,82,2,[ 2 10],83,214,216,131,196
1,<environment.Job instance at 0x7eff538eb410>,83,3,[1 6],84,196,199,112,196
1,<environment.Job instance at 0x7eff538eba50>,85,3,[10  3],86,216,219,130,197
1,<environment.Job instance at 0x7eff538ebdc0>,87,3,[5 6],88,219,222,131,212
1,<environment.Job instance at 0x7eff971e7230>,0,12,[2 6],1,1,13,0,1
1,<environment.Job instance at 0x7eff999102d0>,1,2,[6 2],2,3,5,1,3
1,<environment.Job instance at 0x7eff99a93b90>,3,3,[7 2],4,5,8,1,4
1,<environment.Job instance at 0x7eff9737a550>,5,13,[5 5],6,13,26,7,6
1,<environment.Job instance at 0x7eff538660f0>,7,3,[3 7],8,26,29,18,8
1,<environment.Job instance at 0x7eff53516050>,12,15,[2 5],13,29,44,16,15
1,<environment.Job instance at 0x7eff53516550>,15,15,[5 4],16,29,44,13,16
1,<environment.Job instance at 0x7eff97747cd0>,19,16,[5 6],20,46,62,26,46
1,<environment.Job instance at 0x7eff9774cb90>,26,14,[5 4],27,63,77,36,63
1,<environment.Job instance at 0x7eff535a79b0>,39,17,[9 1],40,103,120,63,103
1,<environment.Job instance at 0x7eff535aea00>,44,15,[5 3],45,120,135,75,107
1,<environment.Job instance at 0x7eff535ae280>,47,12,[9 2],48,135,147,87,121
1,<environment.Job instance at 0x7eff99c5ddc0>,9,13,[4 8],10,147,160,137,134
1,<environment.Job instance at 0x7eff53810d70>,61,16,[4 9],62,160,176,98,153
1,<environment.Job instance at 0x7eff533177d0>,62,15,[1 6],63,176,191,113,163
1,<environment.Job instance at 0x7eff532e61e0>,58,2,[5 7],59,191,193,132,164
1,<environment.Job instance at 0x7eff99f905a0>,75,2,[1 9],76,198,200,122,198
1,<environment.Job instance at 0x7eff99f90cd0>,76,16,[9 3],77,200,216,123,200
1,<environment.Job instance at 0x7eff9725b910>,81,14,[3 5],82,216,230,134,206
1,<environment.Job instance at 0x7eff97761730>,0,18,[3 6],1,1,19,0,1
1,<environment.Job instance at 0x7eff9725b730>,3,13,[6 4],4,4,17,0,4
1,<environment.Job instance at 0x7eff538eb730>,6,16,[2 7],7,19,35,12,7
1,<environment.Job instance at 0x7eff538ebaa0>,7,13,[7 1],8,17,30,9,8
1,<environment.Job instance at 0x7eff99d59370>,14,17,[10  5],15,35,52,20,23
1,<environment.Job instance at 0x7eff538ebf50>,9,12,[4 8],10,52,64,42,39
1,<environment.Job instance at 0x7eff53c08910>,28,12,[6 1],29,79,91,50,79
1,<environment.Job instance at 0x7eff53b9ffa0>,30,15,[6 2],31,91,106,60,79
1,<environment.Job instance at 0x7eff53873690>,33,16,[9 5],34,106,122,72,95
1,<environment.Job instance at 0x7eff53c054b0>,42,16,[9 3],43,122,138,79,115
1,<environment.Job instance at 0x7eff53c05fa0>,43,14,[1 6],44,122,136,78,115
1,<environment.Job instance at 0x7eff53c05eb0>,44,16,[7 3],45,138,154,93,125
1,<environment.Job instance at 0x7eff99c4a780>,55,18,[10  4],56,160,178,104,160
1,<environment.Job instance at 0x7eff99c4a820>,61,18,[4 9],62,178,196,116,167
1,<environment.Job instance at 0x7eff99c4a320>,62,18,[3 6],63,196,214,133,185
1,<environment.Job instance at 0x7eff99c4a0f0>,57,15,[7 2],58,196,211,138,192
1,<environment.Job instance at 0x7eff998a53c0>,0,3,[5 7],1,1,4,0,1
1,<environment.Job instance at 0x7eff97427e60>,3,2,[5 6],4,4,6,0,4
1,<environment.Job instance at 0x7eff97427140>,8,1,[1 5],9,9,10,0,9
1,<environment.Job instance at 0x7eff97427f00>,10,17,[5 9],11,11,28,0,11
1,<environment.Job instance at 0x7eff99bd1910>,14,14,[9 5],15,28,42,13,15
1,<environment.Job instance at 0x7eff53993050>,24,18,[ 2 10],25,42,60,17,31
1,<environment.Job instance at 0x7eff99bd1a00>,21,2,[6 2],22,60,62,38,35
1,<environment.Job instance at 0x7eff53993960>,25,14,[8 4],26,62,76,36,47
1,<environment.Job instance at 0x7eff539931e0>,32,16,[6 2],33,76,92,43,63
1,<environment.Job instance at 0x7eff53993cd0>,34,15,[2 5],35,63,78,28,63
1,<environment.Job instance at 0x7eff53993dc0>,42,13,[3 7],43,94,107,51,94
1,<environment.Job instance at 0x7eff532bdc80>,46,15,[2 7],47,107,122,60,94
1,<environment.Job instance at 0x7eff532bde60>,47,16,[3 5],48,122,138,74,109
1,<environment.Job instance at 0x7eff99fbf550>,9,13,[4 5],10,124,137,114,124
1,<environment.Job instance at 0x7eff532bd870>,53,14,[4 8],54,138,152,84,125
1,<environment.Job instance at 0x7eff532c0280>,63,2,[8 3],64,152,154,88,148
1,<environment.Job instance at 0x7eff532c05f0>,64,13,[9 1],65,154,167,89,148
1,<environment.Job instance at 0x7eff532c0780>,71,1,[5 5],72,171,172,99,171
1,<environment.Job instance at 0x7eff532c0be0>,73,14,[9 2],74,181,195,107,181
1,<environment.Job instance at 0x7eff532bfdc0>,80,15,[1 6],81,205,220,124,205
1,<environment.Job instance at 0x7eff972365a0>,0,2,[7 1],1,1,3,0,1
1,<environment.Job instance at 0x7eff99bd1550>,2,1,[ 3 10],3,3,4,0,3
1,<environment.Job instance at 0x7eff532b4d70>,3,12,[5 8],4,4,16,0,4
1,<environment.Job instance at 0x7eff972175a0>,6,3,[2 5],7,16,19,9,7
1,<environment.Job instance at 0x7eff99f30140>,7,13,[5 5],8,16,29,8,8
1,<environment.Job instance at 0x7eff975a0f50>,9,2,[1 8],10,29,31,19,10
1,<environment.Job instance at 0x7eff9704f3c0>,17,12,[6 2],18,29,41,11,18
1,<environment.Job instance at 0x7eff9704f640>,18,3,[2 8],19,31,34,12,19
1,<environment.Job instance at 0x7eff99fbfa50>,5,3,[10  1],6,41,44,35,20
1,<environment.Job instance at 0x7eff53467640>,21,2,[2 6],22,34,36,12,22
1,<environment.Job instance at 0x7eff534671e0>,24,12,[3 9],25,44,56,19,30
1,<environment.Job instance at 0x7eff973fe550>,40,16,[6 2],41,56,72,15,56
1,<environment.Job instance at 0x7eff999da780>,47,13,[7 4],48,72,85,24,65
1,<environment.Job instance at 0x7eff53b08be0>,55,13,[6 4],56,111,124,55,111
1,<environment.Job instance at 0x7eff973d1eb0>,57,18,[4 7],58,124,142,66,114
1,<environment.Job instance at 0x7eff999d4dc0>,61,14,[2 7],62,154,168,92,154
1,<environment.Job instance at 0x7eff999dbb90>,66,16,[5 2],67,168,184,101,168
1,<environment.Job instance at 0x7eff999db0a0>,69,14,[3 5],70,192,206,122,192
1,<environment.Job instance at 0x7eff973e6190>,72,15,[ 3 10],73,206,221,133,192
1,<environment.Job instance at 0x7eff9704feb0>,0,3,[ 4 10],1,1,4,0,1
1,<environment.Job instance at 0x7eff97043140>,2,17,[8 1],3,4,21,1,3
1,<environment.Job instance at 0x7eff534883c0>,13,18,[1 8],14,16,34,2,16
1,<environment.Job instance at 0x7eff534885a0>,14,13,[2 8],15,34,47,19,19
1,<environment.Job instance at 0x7eff99b84910>,24,16,[5 3],25,47,63,22,34
1,<environment.Job instance at 0x7eff99df6b90>,31,12,[7 4],32,63,75,31,46
1,<environment.Job instance at 0x7eff53ae40f0>,32,18,[7 3],33,75,93,42,64
1,<environment.Job instance at 0x7eff97427c30>,7,3,[4 9],8,93,96,85,68
1,<environment.Job instance at 0x7eff9720f780>,36,12,[4 6],37,96,108,59,79
1,<environment.Job instance at 0x7eff9720fa00>,41,12,[7 5],42,108,120,66,91
1,<environment.Job instance at 0x7eff972b0c30>,42,12,[5 4],43,96,108,53,91
1,<environment.Job instance at 0x7eff99f88dc0>,46,15,[1 5],47,108,123,61,106
1,<environment.Job instance at 0x7eff99f881e0>,50,14,[6 1],51,120,134,69,109
1,<environment.Job instance at 0x7eff99f883c0>,52,17,[3 8],53,123,140,70,112
1,<environment.Job instance at 0x7eff970c5af0>,59,15,[8 4],60,140,155,80,129
1,<environment.Job instance at 0x7eff538a4370>,61,15,[3 9],62,155,170,93,141
1,<environment.Job instance at 0x7eff970c55f0>,55,2,[7 1],56,155,157,99,141
1,<environment.Job instance at 0x7eff97226460>,77,1,[3 5],78,183,184,105,183
1,<environment.Job instance at 0x7eff97226780>,78,2,[5 7],79,184,186,105,183
1,<environment.Job instance at 0x7eff5349c190>,80,16,[1 5],81,186,202,105,183
1,<environment.Job instance at 0x7eff97226b90>,81,17,[6 5],82,186,203,104,183
1,<environment.Job instance at 0x7eff53c0d960>,83,18,[10  5],84,206,224,122,206
1,<environment.Job instance at 0x7eff99a2f5f0>,0,2,[2 6],1,1,3,0,1
1,<environment.Job instance at 0x7eff998f2eb0>,2,2,[2 8],3,3,5,0,3
1,<environment.Job instance at 0x7eff998f2500>,3,18,[4 9],4,5,23,1,5
1,<environment.Job instance at 0x7eff998f2460>,10,3,[8 4],11,23,26,12,12
1,<environment.Job instance at 0x7eff973f4960>,14,17,[10  4],15,26,43,11,15
1,<environment.Job instance at 0x7eff53510190>,31,3,[2 8],32,57,60,25,57
1,<environment.Job instance at 0x7eff53510050>,32,12,[10  3],33,60,72,27,57
1,<environment.Job instance at 0x7eff53510320>,33,13,[5 1],34,72,85,38,57
1,<environment.Job instance at 0x7eff535100a0>,34,16,[6 3],35,85,101,50,72
1,<environment.Job instance at 0x7eff99d7a730>,37,18,[7 1],38,101,119,63,90
1,<environment.Job instance at 0x7eff99d7a910>,46,3,[ 4 10],47,119,122,72,108
1,<environment.Job instance at 0x7eff99d7ab90>,48,12,[ 3 10],49,122,134,73,108
1,<environment.Job instance at 0x7eff99d7a820>,52,17,[1 6],53,134,151,81,122
1,<environment.Job instance at 0x7eff99ffdb40>,71,12,[8 3],72,179,191,107,179
1,<environment.Job instance at 0x7eff99ffd2d0>,74,16,[5 6],75,200,216,125,200
1,<environment.Job instance at 0x7eff99ffd550>,76,2,[5 6],77,216,218,139,203
1,<environment.Job instance at 0x7eff99ffd280>,77,12,[4 7],78,218,230,140,203
1,<environment.Job instance at 0x7eff99ffdfa0>,78,1,[9 2],79,230,231,151,203
1,<environment.Job instance at 0x7eff538303c0>,1,12,[7 5],2,2,14,0,2
1,<environment.Job instance at 0x7eff970710f0>,8,13,[5 9],9,14,27,5,10
1,<environment.Job instance at 0x7eff97750d20>,10,14,[5 5],11,27,41,16,12
1,<environment.Job instance at 0x7eff534b92d0>,20,12,[3 8],21,41,53,20,27
1,<environment.Job instance at 0x7eff53866b40>,29,15,[5 3],30,53,68,23,39
1,<environment.Job instance at 0x7eff973070f0>,30,17,[6 4],31,68,85,37,56
1,<environment.Job instance at 0x7eff97306820>,35,15,[9 5],36,85,100,49,71
1,<environment.Job instance at 0x7eff97306500>,38,14,[3 8],39,100,114,61,86
1,<environment.Job instance at 0x7eff5319fcd0>,40,13,[6 5],41,114,127,73,98
1,<environment.Job instance at 0x7eff53804d20>,46,1,[5 8],47,127,128,80,115
1,<environment.Job instance at 0x7eff53804370>,50,12,[6 1],51,128,140,77,115
1,<environment.Job instance at 0x7eff53804a50>,51,2,[1 9],52,128,130,76,115
1,<environment.Job instance at 0x7eff99d1e6e0>,54,12,[ 4 10],55,140,152,85,123
1,<environment.Job instance at 0x7eff973398c0>,59,14,[8 5],60,152,166,92,138
1,<environment.Job instance at 0x7eff97344f50>,63,14,[2 9],64,166,180,102,151
1,<environment.Job instance at 0x7eff97344c30>,66,12,[3 5],67,180,192,113,163
1,<environment.Job instance at 0x7eff533bb320>,68,12,[3 5],69,180,192,111,163
1,<environment.Job instance at 0x7eff533d5cd0>,72,1,[7 5],73,192,193,119,192
1,<environment.Job instance at 0x7eff535361e0>,75,3,[9 5],76,193,196,117,192
1,<environment.Job instance at 0x7eff973128c0>,78,1,[10  4],79,196,197,117,192
1,<environment.Job instance at 0x7eff53548c80>,79,18,[5 2],80,197,215,117,192
1,<environment.Job instance at 0x7eff53550460>,80,3,[ 2 10],81,215,218,134,193
1,<environment.Job instance at 0x7eff97528550>,82,13,[9 4],83,218,231,135,202
1,<environment.Job instance at 0x7ff5c7759230>,0,13,[9 3],1,1,14,0,1
1,<environment.Job instance at 0x7ff5c2349230>,3,3,[4 8],4,14,17,10,4
1,<environment.Job instance at 0x7ff5c23491e0>,4,14,[1 6],5,17,31,12,5
1,<environment.Job instance at 0x7ff5c23494b0>,5,2,[1 5],6,6,8,0,6
1,<environment.Job instance at 0x7ff5c2349370>,7,1,[5 4],8,17,18,9,8
1,<environment.Job instance at 0x7ff5c2349c80>,14,13,[7 3],15,22,35,7,22
1,<environment.Job instance at 0x7ff5c2349730>,10,12,[3 7],11,31,43,20,28
1,<environment.Job instance at 0x7ff5c2349d20>,15,18,[2 8],16,43,61,27,34
1,<environment.Job instance at 0x7ff5c2349fa0>,19,14,[3 5],20,61,75,41,46
1,<environment.Job instance at 0x7ff5c234a640>,27,15,[8 4],28,75,90,47,61
1,<environment.Job instance at 0x7ff5c234adc0>,35,15,[9 5],36,90,105,54,82
1,<environment.Job instance at 0x7ff5c234ac30>,40,15,[10  3],41,105,120,64,92
1,<environment.Job instance at 0x7ff5c234d460>,45,13,[6 5],46,120,133,74,104
1,<environment.Job instance at 0x7ff5c234d870>,49,16,[2 5],50,120,136,70,114
1,<environment.Job instance at 0x7ff5c234db90>,53,17,[5 7],54,136,153,82,129
1,<environment.Job instance at 0x7ff5c234df50>,56,17,[8 5],57,153,170,96,142
1,<environment.Job instance at 0x7ff5c2351190>,61,2,[4 5],62,170,172,108,149
1,<environment.Job instance at 0x7ff5c2351f50>,74,14,[5 1],75,212,226,137,212
1,<environment.Job instance at 0x7ff5c2352a50>,0,18,[2 7],1,1,19,0,1
1,<environment.Job instance at 0x7ff5c7782c80>,3,16,[1 6],4,19,35,15,6
1,<environment.Job instance at 0x7ff5c78c6b40>,17,1,[1 5],18,35,36,17,30
1,<environment.Job instance at 0x7ff5c78c6730>,20,2,[7 2],21,39,41,18,39
1,<environment.Job instance at 0x7ff5c77825f0>,4,15,[1 9],5,41,56,36,39
1,<environment.Job instance at 0x7ff5c78c6870>,21,1,[2 6],22,39,40,17,39
1,<environment.Job instance at 0x7ff5c7785e60>,30,15,[8 3],31,101,116,70,101
1,<environment.Job instance at 0x7ff5c2352050>,2,16,[3 9],3,116,132,113,104
1,<environment.Job instance at 0x7ff5c78cd320>,44,2,[2 7],45,151,153,106,151
1,<environment.Job instance at 0x7ff5c78cd6e0>,46,17,[1 7],47,153,170,106,153
1,<environment.Job instance at 0x7ff5c78cdaa0>,49,12,[4 9],50,170,182,120,155
1,<environment.Job instance at 0x7ff5c78d4460>,54,14,[8 4],55,182,196,127,167
1,<environment.Job instance at 0x7ff5c78d45a0>,64,3,[6 4],65,196,199,131,181
1,<environment.Job instance at 0x7ff5c78cadc0>,70,2,[9 5],71,199,201,128,193
1,<environment.Job instance at 0x7ff5c78ca280>,71,2,[5 5],72,201,203,129,193
1,<environment.Job instance at 0x7ff5c78ca2d0>,72,1,[6 4],73,203,204,130,193
1,<environment.Job instance at 0x7ff5c78cae60>,73,18,[6 5],74,204,222,130,193
1,<environment.Job instance at 0x7ff5c78ca3c0>,75,16,[ 2 10],76,222,238,146,209
1,<environment.Job instance at 0x7ff5c78d3460>,0,13,[10  5],1,1,14,0,1
1,<environment.Job instance at 0x7ff5c78cb0f0>,1,14,[1 6],2,14,28,12,2
1,<environment.Job instance at 0x7ff57c640fa0>,15,2,[5 5],16,28,30,12,16
1,<environment.Job instance at 0x7ff57c63cf50>,20,18,[4 5],21,28,46,7,21
1,<environment.Job instance at 0x7ff57c63c320>,24,16,[9 4],25,46,62,21,33
1,<environment.Job instance at 0x7ff57c62df00>,30,13,[7 4],31,62,75,31,46
1,<environment.Job instance at 0x7ff57c690e60>,44,16,[7 5],45,80,96,35,80
1,<environment.Job instance at 0x7ff57c62d0f0>,29,13,[6 3],30,96,109,66,82
1,<environment.Job instance at 0x7ff57c624e10>,56,3,[9 1],57,120,123,63,120
1,<environment.Job instance at 0x7ff57c70ed70>,57,17,[5 2],58,124,141,66,124
1,<environment.Job instance at 0x7ff57c624370>,58,18,[4 5],59,125,143,66,125
1,<environment.Job instance at 0x7ff57c63c280>,28,15,[7 5],29,143,158,114,138
1,<environment.Job instance at 0x7ff57c70ec80>,69,3,[4 7],70,158,161,88,151
1,<environment.Job instance at 0x7ff57c70e820>,70,17,[2 6],71,161,178,90,151
1,<environment.Job instance at 0x7ff57c70ed20>,71,15,[8 4],72,161,176,89,154
1,<environment.Job instance at 0x7ff57c746730>,90,18,[6 1],91,206,224,115,206
1,<environment.Job instance at 0x7ff57c746500>,91,2,[1 5],92,206,208,114,206
1,<environment.Job instance at 0x7ff57c6f5910>,0,15,[8 2],1,1,16,0,1
1,<environment.Job instance at 0x7ff57c804dc0>,3,2,[5 1],4,16,18,12,5
1,<environment.Job instance at 0x7ff57c6d2f00>,5,13,[6 4],6,18,31,12,6
1,<environment.Job instance at 0x7ff57cad1460>,11,14,[8 2],12,31,45,19,16
1,<environment.Job instance at 0x7ff57cc811e0>,23,3,[2 5],24,24,27,0,24
1,<environment.Job instance at 0x7ff57c72b5f0>,24,12,[5 9],25,45,57,20,28
1,<environment.Job instance at 0x7ff57cc81820>,25,12,[2 6],26,31,43,5,31
1,<environment.Job instance at 0x7ff57c74dcd0>,32,3,[7 1],33,62,65,29,62
1,<environment.Job instance at 0x7ff57c74d500>,39,13,[4 6],40,104,117,64,104
1,<environment.Job instance at 0x7ff57cc7f280>,40,15,[7 1],41,117,132,76,105
1,<environment.Job instance at 0x7ff57cc7f550>,44,14,[1 5],45,126,140,81,126
1,<environment.Job instance at 0x7ff57cc7f910>,49,16,[5 4],50,132,148,82,132
1,<environment.Job instance at 0x7ff57cc19a50>,50,14,[8 3],51,148,162,97,139
1,<environment.Job instance at 0x7ff57cad1af0>,13,20,[2 6],14,140,160,126,139
1,<environment.Job instance at 0x7ff57cb005f0>,57,16,[9 4],58,162,178,104,149
1,<environment.Job instance at 0x7ff57c5ed7d0>,64,15,[4 6],65,178,193,113,164
1,<environment.Job instance at 0x7ff57cc1e5f0>,61,17,[7 5],62,193,210,131,190
1,<environment.Job instance at 0x7ff57c6ffd20>,87,12,[5 8],88,210,222,122,209
1,<environment.Job instance at 0x7ff57c9ffe10>,89,3,[5 5],90,222,225,132,210
1,<environment.Job instance at 0x7ff57c9faa00>,0,2,[10  2],1,1,3,0,1
1,<environment.Job instance at 0x7ff57c9fadc0>,1,17,[2 6],2,3,20,1,2
1,<environment.Job instance at 0x7ff57c7566e0>,9,17,[9 1],10,20,37,10,10
1,<environment.Job instance at 0x7ff57c80cb40>,18,14,[4 6],19,37,51,18,37
1,<environment.Job instance at 0x7ff57cb14e60>,21,12,[5 5],22,51,63,29,47
1,<environment.Job instance at 0x7ff57c63ca00>,22,12,[5 5],23,51,63,28,47
1,<environment.Job instance at 0x7ff57ca3e640>,23,13,[4 9],24,63,76,39,48
1,<environment.Job instance at 0x7ff57ca47320>,26,1,[3 8],27,76,77,49,62
1,<environment.Job instance at 0x7ff57ca47410>,30,16,[10  2],31,77,93,46,75
1,<environment.Job instance at 0x7ff57ca47a50>,36,3,[ 3 10],37,93,96,56,75
1,<environment.Job instance at 0x7ff57ca47aa0>,38,16,[6 3],39,96,112,57,83
1,<environment.Job instance at 0x7ff57ca47e10>,41,14,[1 5],42,96,110,54,87
1,<environment.Job instance at 0x7ff57ca47dc0>,43,14,[2 7],44,110,124,66,100
1,<environment.Job instance at 0x7ff57ca46820>,54,3,[6 1],55,112,115,57,102
1,<environment.Job instance at 0x7ff57ca46aa0>,58,17,[7 4],59,133,150,74,133
1,<environment.Job instance at 0x7ff57ca47c30>,40,18,[4 7],41,165,183,124,165
1,<environment.Job instance at 0x7ff57ca46c30>,60,12,[8 5],61,183,195,122,170
1,<environment.Job instance at 0x7ff57c554be0>,0,1,[6 3],1,1,2,0,1
1,<environment.Job instance at 0x7ff57c552550>,1,13,[5 3],2,2,15,0,2
1,<environment.Job instance at 0x7ff57c74de10>,4,12,[6 4],5,15,27,10,5
1,<environment.Job instance at 0x7ff5c4db6e60>,10,12,[2 5],11,11,23,0,11
1,<environment.Job instance at 0x7ff5c4db6370>,11,16,[6 5],12,27,43,15,14
1,<environment.Job instance at 0x7ff5c4db15f0>,14,1,[5 8],15,43,44,28,16
1,<environment.Job instance at 0x7ff5c4db1a50>,19,13,[5 9],20,44,57,24,32
1,<environment.Job instance at 0x7ff5c4db1460>,21,18,[8 4],22,57,75,35,47
1,<environment.Job instance at 0x7ff5c4db1c80>,29,15,[7 1],30,75,90,45,61
1,<environment.Job instance at 0x7ff5c22230f0>,38,16,[8 5],39,90,106,51,80
1,<environment.Job instance at 0x7ff5c22233c0>,43,15,[6 3],44,106,121,62,98
1,<environment.Job instance at 0x7ff5c2223e60>,45,18,[7 5],46,121,139,75,110
1,<environment.Job instance at 0x7ff5c2216af0>,59,15,[ 1 10],60,141,156,81,141
1,<environment.Job instance at 0x7ff5c2216e10>,62,15,[1 6],63,156,171,93,155
1,<environment.Job instance at 0x7ff5c2216960>,64,12,[4 6],65,171,183,106,155
1,<environment.Job instance at 0x7ff5c2216280>,61,1,[8 5],62,183,184,121,155
1,<environment.Job instance at 0x7ff57c795af0>,69,14,[10  1],70,184,198,114,179
1,<environment.Job instance at 0x7ff57c795aa0>,72,18,[5 5],73,198,216,125,187
1,<environment.Job instance at 0x7ff57c6d20f0>,79,17,[7 2],80,222,239,142,222
1,<environment.Job instance at 0x7ff57ca2f280>,0,3,[9 5],1,1,4,0,1
1,<environment.Job instance at 0x7ff57c6d2be0>,1,13,[1 7],2,4,17,2,2
1,<environment.Job instance at 0x7ff57c9447d0>,3,1,[6 2],4,4,5,0,4
1,<environment.Job instance at 0x7ff5c77e1500>,4,2,[4 6],5,17,19,12,5
1,<environment.Job instance at 0x7ff5c2329d70>,5,3,[8 5],6,19,22,13,6
1,<environment.Job instance at 0x7ff5c78d3780>,6,12,[7 1],7,22,34,15,7
1,<environment.Job instance at 0x7ff57c7cf730>,12,3,[6 4],13,34,37,21,18
1,<environment.Job instance at 0x7ff57c7cf640>,13,3,[6 2],14,37,40,23,20
1,<environment.Job instance at 0x7ff57c79d140>,10,14,[6 4],11,40,54,29,29
1,<environment.Job instance at 0x7ff5c49a3820>,21,3,[5 5],22,54,57,32,36
1,<environment.Job instance at 0x7ff57c7f0730>,22,13,[1 5],23,36,49,13,36
1,<environment.Job instance at 0x7ff5c4a38af0>,25,3,[5 5],26,54,57,28,36
1,<environment.Job instance at 0x7ff5c48b33c0>,27,2,[7 2],28,57,59,29,36
1,<environment.Job instance at 0x7ff5c4a38f00>,28,3,[10  4],29,59,62,30,36
1,<environment.Job instance at 0x7ff57c7212d0>,32,14,[6 5],33,62,76,29,48
1,<environment.Job instance at 0x7ff5c4ed1780>,39,17,[5 9],40,76,93,36,73
1,<environment.Job instance at 0x7ff5c22ebe60>,43,17,[8 5],44,94,111,50,94
1,<environment.Job instance at 0x7ff5c4f2c820>,49,18,[7 3],50,111,129,61,105
1,<environment.Job instance at 0x7ff5c4a15960>,54,3,[6 4],55,129,132,74,126
1,<environment.Job instance at 0x7ff5c4a15550>,55,13,[2 6],56,126,139,70,126
1,<environment.Job instance at 0x7ff57c9990f0>,62,18,[5 9],63,147,165,84,147
1,<environment.Job instance at 0x7ff5c4a15c30>,57,1,[3 6],58,165,166,107,148
1,<environment.Job instance at 0x7ff5c4dcc870>,68,18,[1 9],69,166,184,97,156
1,<environment.Job instance at 0x7ff5c4dcca00>,70,15,[3 9],71,184,199,113,171
1,<environment.Job instance at 0x7ff5c21d02d0>,77,1,[9 5],78,199,200,121,192
1,<environment.Job instance at 0x7ff57c645190>,78,14,[9 4],79,200,214,121,192
1,<environment.Job instance at 0x7ff57c645550>,79,13,[3 6],80,214,227,134,198
1,<environment.Job instance at 0x7ff5c2329550>,0,1,[5 9],1,1,2,0,1
1,<environment.Job instance at 0x7ff5c4a38a50>,1,3,[8 4],2,2,5,0,2
1,<environment.Job instance at 0x7ff57ca2fc30>,4,18,[4 7],5,5,23,0,5
1,<environment.Job instance at 0x7ff57ca2f500>,7,13,[8 2],8,23,36,15,8
1,<environment.Job instance at 0x7ff57c59a7d0>,12,17,[1 6],13,23,40,10,13
1,<environment.Job instance at 0x7ff57c59a550>,17,3,[6 4],18,36,39,18,31
1,<environment.Job instance at 0x7ff5c20eecd0>,19,18,[9 5],20,40,58,20,31
1,<environment.Job instance at 0x7ff57c62b8c0>,24,17,[6 5],25,58,75,33,46
1,<environment.Job instance at 0x7ff57c62bc30>,31,14,[7 1],32,75,89,43,71
1,<environment.Job instance at 0x7ff57c61d230>,37,14,[4 7],38,89,103,51,86
1,<environment.Job instance at 0x7ff57c61d320>,40,16,[5 1],41,92,108,51,92
1,<environment.Job instance at 0x7ff57c61d5a0>,41,16,[ 2 10],42,108,124,66,100
1,<environment.Job instance at 0x7ff57c61d960>,47,18,[10  5],48,132,150,84,132
1,<environment.Job instance at 0x7ff57c61de10>,59,17,[9 4],60,150,167,90,138
1,<environment.Job instance at 0x7ff57c647780>,66,15,[ 5 10],67,167,182,100,153
1,<environment.Job instance at 0x7ff57c647640>,68,14,[8 3],69,182,196,113,168
1,<environment.Job instance at 0x7ff57c62baa0>,27,16,[ 5 10],28,196,212,168,185
1,<environment.Job instance at 0x7ff57c647aa0>,75,1,[10  1],76,212,213,136,207
1,<environment.Job instance at 0x7ff57c647550>,76,12,[6 3],77,213,225,136,209
1,<environment.Job instance at 0x7ff57c6314b0>,83,2,[2 5],84,213,215,129,212
1,<environment.Job instance at 0x7ff57c631500>,84,15,[ 2 10],85,225,240,140,212
1,<environment.Job instance at 0x7ff57c944a50>,0,2,[2 7],1,1,3,0,1
1,<environment.Job instance at 0x7ff57ca03e60>,2,3,[3 8],3,3,6,0,3
1,<environment.Job instance at 0x7ff57ca03dc0>,3,17,[10  5],4,6,23,2,5
1,<environment.Job instance at 0x7ff57c9bbf00>,15,15,[9 1],16,34,49,18,34
1,<environment.Job instance at 0x7ff57c9bbb90>,10,13,[9 3],11,50,63,39,50
1,<environment.Job instance at 0x7ff57cc2e190>,31,18,[9 3],32,80,98,48,80
1,<environment.Job instance at 0x7ff57cbb87d0>,38,16,[2 7],39,98,114,59,97
1,<environment.Job instance at 0x7ff5c4e7c410>,43,13,[1 7],44,114,127,70,108
1,<environment.Job instance at 0x7ff5c4fa8140>,50,16,[5 9],51,127,143,76,127
1,<environment.Job instance at 0x7ff5c27981e0>,51,15,[9 5],52,143,158,91,130
1,<environment.Job instance at 0x7ff5c2619320>,59,16,[ 4 10],60,159,175,99,159
1,<environment.Job instance at 0x7ff5c2619eb0>,64,14,[10  1],65,175,189,110,163
1,<environment.Job instance at 0x7ff5c28437d0>,66,1,[9 4],67,189,190,122,166
1,<environment.Job instance at 0x7ff5c28433c0>,67,3,[3 8],68,190,193,122,166
1,<environment.Job instance at 0x7ff5c2843b90>,71,15,[7 5],72,193,208,121,179
1,<environment.Job instance at 0x7ff5c2843a50>,76,17,[9 3],77,208,225,131,196
1,<environment.Job instance at 0x7ff5c4bf83c0>,82,13,[6 5],83,225,238,142,209
1,<environment.Job instance at 0x7ff57c646b40>,0,1,[8 1],1,1,2,0,1
1,<environment.Job instance at 0x7ff57c8d2b90>,1,18,[3 7],2,2,20,0,2
1,<environment.Job instance at 0x7ff5c23bcd20>,7,16,[5 8],8,20,36,12,8
1,<environment.Job instance at 0x7ff57ca88a50>,8,16,[1 6],9,36,52,27,23
1,<environment.Job instance at 0x7ff5c23bc140>,13,15,[4 9],14,52,67,38,38
1,<environment.Job instance at 0x7ff5c2764690>,16,12,[9 4],17,67,79,50,50
1,<environment.Job instance at 0x7ff57cbf4cd0>,23,2,[8 4],24,79,81,55,65
1,<environment.Job instance at 0x7ff57c8e0d70>,25,12,[5 9],26,81,93,55,65
1,<environment.Job instance at 0x7ff5c22ef8c0>,26,12,[6 4],27,93,105,66,76
1,<environment.Job instance at 0x7ff57cd09370>,37,16,[3 5],38,93,109,55,91
1,<environment.Job instance at 0x7ff57ca3f5a0>,40,13,[6 4],41,105,118,64,93
1,<environment.Job instance at 0x7ff57cc4bbe0>,47,17,[7 4],48,118,135,70,107
1,<environment.Job instance at 0x7ff57cc4b140>,51,16,[5 3],52,135,151,83,122
1,<environment.Job instance at 0x7ff57c946960>,62,2,[4 5],63,141,143,78,141
1,<environment.Job instance at 0x7ff57c946eb0>,63,14,[5 5],64,143,157,79,141
1,<environment.Job instance at 0x7ff57c946e60>,64,12,[7 4],65,157,169,92,141
1,<environment.Job instance at 0x7ff57cc4b6e0>,49,16,[10  5],50,172,188,122,172
1,<environment.Job instance at 0x7ff5c4e73d70>,73,15,[4 8],74,188,203,114,182
1,<environment.Job instance at 0x7ff5c23b7820>,77,18,[6 2],78,188,206,110,182
1,<environment.Job instance at 0x7ff5c4e73dc0>,74,12,[1 8],75,203,215,128,195
1,<environment.Job instance at 0x7ff5c272ddc0>,81,14,[9 5],82,215,229,133,200
1,<environment.Job instance at 0x7ff5c49ea2d0>,79,13,[7 5],80,229,242,149,215
1,<environment.Job instance at 0x7ff5c247a9b0>,0,2,[9 1],1,1,3,0,1
1,<environment.Job instance at 0x7ff5c26ffbe0>,1,2,[6 2],2,3,5,1,2
1,<environment.Job instance at 0x7ff57ca3fcd0>,4,1,[9 2],5,5,6,0,5
1,<environment.Job instance at 0x7ff57c6467d0>,5,3,[9 1],6,6,9,0,6
1,<environment.Job instance at 0x7ff5c7649140>,8,15,[7 1],9,9,24,0,9
1,<environment.Job instance at 0x7ff5c22bbb40>,13,2,[8 1],14,24,26,10,20
1,<environment.Job instance at 0x7ff5c22bb5a0>,15,17,[10  3],16,26,43,10,21
1,<environment.Job instance at 0x7ff5c22bb2d0>,17,16,[8 4],18,43,59,25,33
1,<environment.Job instance at 0x7ff5c20cf550>,21,14,[ 5 10],22,59,73,37,59
1,<environment.Job instance at 0x7ff5c7649460>,11,18,[5 9],12,73,91,61,64
1,<environment.Job instance at 0x7ff5c20cffa0>,33,17,[6 4],34,91,108,57,79
1,<environment.Job instance at 0x7ff5c20c40f0>,37,14,[2 6],38,91,105,53,90
1,<environment.Job instance at 0x7ff5c20c4460>,38,12,[5 1],39,108,120,69,91
1,<environment.Job instance at 0x7ff5c20c4730>,44,15,[8 1],45,120,135,75,106
1,<environment.Job instance at 0x7ff5c20c49b0>,48,15,[ 4 10],49,135,150,86,124
1,<environment.Job instance at 0x7ff5c20c4cd0>,50,18,[5 4],51,150,168,99,139
1,<environment.Job instance at 0x7ff5c20c4eb0>,53,3,[1 8],54,168,171,114,142
1,<environment.Job instance at 0x7ff5c20d64b0>,63,16,[3 8],64,172,188,108,172
1,<environment.Job instance at 0x7ff5c20d65f0>,64,16,[9 2],65,188,204,123,176
1,<environment.Job instance at 0x7ff5c20cfb40>,28,14,[9 5],29,204,218,175,190
1,<environment.Job instance at 0x7ff5c20d6b40>,69,3,[2 9],70,218,221,148,207
1,<environment.Job instance at 0x7ff5c20d6cd0>,73,18,[4 5],74,221,239,147,210
1,<environment.Job instance at 0x7ff5c20d6d70>,74,15,[3 5],75,221,236,146,210
1,<environment.Job instance at 0x7ff5c20ba5f0>,1,14,[6 1],2,2,16,0,2
1,<environment.Job instance at 0x7ff57cc29730>,3,14,[4 8],4,4,18,0,4
1,<environment.Job instance at 0x7ff5c4acc870>,5,3,[10  2],6,18,21,12,14
1,<environment.Job instance at 0x7ff5c7516c80>,13,18,[5 2],14,21,39,7,14
1,<environment.Job instance at 0x7ff5c48a2b40>,14,16,[7 5],15,39,55,24,27
1,<environment.Job instance at 0x7ff5c48a25f0>,15,1,[5 6],16,28,29,12,28
1,<environment.Job instance at 0x7ff57c4fca50>,21,13,[9 1],22,55,68,33,39
1,<environment.Job instance at 0x7ff5c20bc960>,46,18,[ 2 10],47,98,116,51,98
1,<environment.Job instance at 0x7ff5c79db1e0>,42,17,[5 1],43,130,147,87,130
1,<environment.Job instance at 0x7ff5c20bc3c0>,52,17,[1 5],53,130,147,77,130
1,<environment.Job instance at 0x7ff5c7684140>,56,13,[5 9],57,147,160,90,136
1,<environment.Job instance at 0x7ff5c7684640>,61,14,[8 4],62,160,174,98,159
1,<environment.Job instance at 0x7ff5c76844b0>,64,16,[8 1],65,174,190,109,161
1,<environment.Job instance at 0x7ff5c2548af0>,74,13,[5 8],75,190,203,115,186
1,<environment.Job instance at 0x7ff5c2548dc0>,76,18,[1 5],77,203,221,126,192
1,<environment.Job instance at 0x7ff5c25483c0>,78,17,[7 5],79,203,220,124,192
1,<environment.Job instance at 0x7ff5c2548500>,79,13,[4 8],80,221,234,141,205
1,<environment.Job instance at 0x7ff57c58d190>,81,16,[2 5],82,234,250,152,221
1,<environment.Job instance at 0x7ff57c58d1e0>,82,15,[2 5],83,234,249,151,221
1,<environment.Job instance at 0x7ff57ca16af0>,0,2,[2 6],1,1,3,0,1
1,<environment.Job instance at 0x7ff5c23b3e10>,1,2,[7 1],2,2,4,0,2
1,<environment.Job instance at 0x7ff5ac78a190>,2,3,[6 1],3,4,7,1,3
1,<environment.Job instance at 0x7ff57c379910>,5,18,[ 2 10],6,7,25,1,6
1,<environment.Job instance at 0x7ff5c2764eb0>,6,1,[6 4],7,25,26,18,7
1,<environment.Job instance at 0x7ff5c277d780>,7,2,[3 8],8,26,28,18,8
1,<environment.Job instance at 0x7ff5c277d140>,14,15,[5 3],15,28,43,13,18
1,<environment.Job instance at 0x7ff5c277d690>,18,3,[5 8],19,43,46,24,20
1,<environment.Job instance at 0x7ff5c2405140>,19,2,[3 9],20,46,48,26,20
1,<environment.Job instance at 0x7ff5c2405820>,21,12,[8 2],22,48,60,26,31
1,<environment.Job instance at 0x7ff5c4a34230>,30,12,[ 5 10],31,60,72,29,48
1,<environment.Job instance at 0x7ff5c4a349b0>,31,16,[4 9],32,72,88,40,59
1,<environment.Job instance at 0x7ff5c4a34910>,34,13,[1 9],35,88,101,53,72
1,<environment.Job instance at 0x7ff5c4a34730>,35,12,[5 2],36,101,113,65,84
1,<environment.Job instance at 0x7ff5c277d640>,10,16,[4 8],11,101,117,90,90
1,<environment.Job instance at 0x7ff5c23a8870>,51,14,[3 5],52,124,138,72,124
1,<environment.Job instance at 0x7ff5c23a8af0>,52,14,[6 3],53,126,140,73,126
1,<environment.Job instance at 0x7ff5c23a8280>,57,17,[4 6],58,138,155,80,136
1,<environment.Job instance at 0x7ff57c973b40>,63,13,[6 4],64,140,153,76,140
1,<environment.Job instance at 0x7ff57c9733c0>,66,16,[2 7],67,155,171,88,146
1,<environment.Job instance at 0x7ff5c4c019b0>,72,12,[1 7],73,171,183,98,158
1,<environment.Job instance at 0x7ff5c22e5d70>,75,15,[1 6],76,183,198,107,169
1,<environment.Job instance at 0x7ff5c22e5aa0>,80,14,[3 5],81,198,212,117,183
1,<environment.Job instance at 0x7ff5c23b3640>,0,2,[5 4],1,1,3,0,1
1,<environment.Job instance at 0x7ff5c4e3d0f0>,1,12,[2 5],2,2,14,0,2
1,<environment.Job instance at 0x7ff5c23b3690>,3,14,[1 6],4,14,28,10,4
1,<environment.Job instance at 0x7ff5c4c01730>,4,16,[7 3],5,5,21,0,5
1,<environment.Job instance at 0x7ff5c2879b40>,9,3,[7 2],10,21,24,11,10
1,<environment.Job instance at 0x7ff57c3db690>,17,15,[7 2],18,36,51,18,36
1,<environment.Job instance at 0x7ff5c4cfb6e0>,22,18,[3 6],23,51,69,28,51
1,<environment.Job instance at 0x7ff5c4d17f00>,32,15,[ 2 10],33,77,92,44,77
1,<environment.Job instance at 0x7ff5c4d0e910>,37,18,[6 4],38,92,110,54,90
1,<environment.Job instance at 0x7ff5c4d0e410>,34,17,[10  3],35,112,129,77,112
1,<environment.Job instance at 0x7ff57c739b40>,59,13,[4 5],60,157,170,97,157
1,<environment.Job instance at 0x7ff5c2794370>,60,17,[5 9],61,170,187,109,160
1,<environment.Job instance at 0x7ff5c77821e0>,64,14,[9 5],65,187,201,122,174
1,<environment.Job instance at 0x7ff5c2851640>,67,18,[ 5 10],68,201,219,133,193
1,<environment.Job instance at 0x7ff57caece10>,77,18,[5 9],78,219,237,141,215
1,<environment.Job instance at 0x7ff57cbe6640>,1,2,[1 8],2,2,4,0,2
1,<environment.Job instance at 0x7ff5c4b23280>,2,18,[5 6],3,4,22,1,3
1,<environment.Job instance at 0x7ff5c4e0f960>,8,12,[10  5],9,22,34,13,9
1,<environment.Job instance at 0x7ff5c277d0a0>,13,2,[8 3],14,34,36,20,14
1,<environment.Job instance at 0x7ff5c20ba6e0>,6,1,[6 4],7,36,37,29,16
1,<environment.Job instance at 0x7ff5c4884e60>,29,15,[4 9],30,50,65,20,50
1,<environment.Job instance at 0x7ff57c41c7d0>,39,18,[7 2],40,73,91,33,73
1,<environment.Job instance at 0x7ff57c5cfc30>,43,12,[5 8],44,91,103,47,78
1,<environment.Job instance at 0x7ff57c90d0a0>,63,14,[1 8],64,131,145,67,131
1,<environment.Job instance at 0x7ff57c90dbe0>,64,12,[3 9],65,145,157,80,132
1,<environment.Job instance at 0x7ff5c222e960>,72,3,[10  3],73,157,160,84,148
1,<environment.Job instance at 0x7ff5c4ce8b40>,85,17,[4 9],86,184,201,98,184
1,<environment.Job instance at 0x7ff5c4ce8f50>,87,13,[7 4],88,201,214,113,190
1,<environment.Job instance at 0x7ff57c45e6e0>,7,1,[6 4],8,8,9,0,8
1,<environment.Job instance at 0x7ff5c4d69320>,9,14,[3 5],10,22,36,12,22
1,<environment.Job instance at 0x7ff57c332c80>,10,3,[ 4 10],11,36,39,25,23
1,<environment.Job instance at 0x7ff57c332f50>,11,3,[6 5],12,23,26,11,23
1,<environment.Job instance at 0x7ff57c332c30>,15,14,[2 9],16,39,53,23,26
1,<environment.Job instance at 0x7ff57cb696e0>,2,3,[5 1],3,31,34,28,31
1,<environment.Job instance at 0x7ff57c332190>,17,12,[ 3 10],18,53,65,35,36
1,<environment.Job instance at 0x7ff57c3325a0>,27,17,[1 7],28,65,82,37,53
1,<environment.Job instance at 0x7ff57c2e1780>,30,3,[ 4 10],31,82,85,51,59
1,<environment.Job instance at 0x7ff57c2e18c0>,32,17,[8 1],33,65,82,32,59
1,<environment.Job instance at 0x7ff57c32ba50>,35,17,[1 8],36,85,102,49,82
1,<environment.Job instance at 0x7ff57c32b5a0>,38,14,[1 6],39,102,116,63,88
1,<environment.Job instance at 0x7ff57c32b410>,39,3,[3 5],40,116,119,76,90
1,<environment.Job instance at 0x7ff57c32b3c0>,40,3,[2 6],41,119,122,78,93
1,<environment.Job instance at 0x7ff57c332d20>,18,2,[6 4],19,111,113,92,111
1,<environment.Job instance at 0x7ff57c32b640>,43,18,[1 8],44,122,140,78,111
1,<environment.Job instance at 0x7ff57cb2dc80>,58,18,[5 6],59,140,158,81,129
1,<environment.Job instance at 0x7ff57c8094b0>,63,13,[4 7],64,158,171,94,144
1,<environment.Job instance at 0x7ff57c809910>,66,12,[4 6],67,171,183,104,154
1,<environment.Job instance at 0x7ff57c809820>,67,16,[3 5],68,183,199,115,170
1,<environment.Job instance at 0x7ff57c8091e0>,71,12,[7 5],72,183,195,111,171
1,<environment.Job instance at 0x7ff57c809460>,72,12,[5 4],73,195,207,122,178
1,<environment.Job instance at 0x7ff57c8090f0>,74,17,[5 6],75,199,216,124,187
1,<environment.Job instance at 0x7ff57c8093c0>,82,17,[3 8],83,216,233,133,204
1,<environment.Job instance at 0x7ff57c336730>,86,13,[ 1 10],87,233,246,146,217
1,<environment.Job instance at 0x7ff5c2108af0>,0,2,[4 6],1,1,3,0,1
1,<environment.Job instance at 0x7ff57c415eb0>,10,16,[1 5],11,11,27,0,11
1,<environment.Job instance at 0x7ff57c323fa0>,11,17,[6 5],12,12,29,0,12
1,<environment.Job instance at 0x7ff57c3378c0>,12,3,[6 2],13,29,32,16,13
1,<environment.Job instance at 0x7ff5c240b050>,13,18,[10  5],14,32,50,18,32
1,<environment.Job instance at 0x7ff5c2878050>,29,12,[9 3],30,50,62,20,33
1,<environment.Job instance at 0x7ff57c859960>,41,16,[8 1],42,63,79,21,63
1,<environment.Job instance at 0x7ff57c9a7d70>,40,13,[8 3],41,82,95,41,82
1,<environment.Job instance at 0x7ff5c271d2d0>,46,1,[3 9],47,106,107,59,106
1,<environment.Job instance at 0x7ff5c26b7410>,53,13,[5 1],54,106,119,52,106
1,<environment.Job instance at 0x7ff5c20f8aa0>,59,15,[9 3],60,119,134,59,112
1,<environment.Job instance at 0x7ff57c664730>,68,12,[ 3 10],69,138,150,69,138
1,<environment.Job instance at 0x7ff57c664550>,72,17,[1 6],73,150,167,77,143
1,<environment.Job instance at 0x7ff57c9a8e10>,54,16,[6 3],55,155,171,100,155
1,<environment.Job instance at 0x7ff57c575140>,85,3,[6 1],86,172,175,86,172
1,<environment.Job instance at 0x7ff57c39cb90>,87,15,[1 7],88,177,192,89,177
1,<environment.Job instance at 0x7ff57c574910>,88,18,[5 6],89,192,210,103,182
1,<environment.Job instance at 0x7ff57c574dc0>,91,12,[8 3],92,210,222,118,193
1,<environment.Job instance at 0x7ff57c5740a0>,1,2,[10  5],2,2,4,0,2
1,<environment.Job instance at 0x7ff57cb1fa50>,2,1,[9 4],3,4,5,1,4
1,<environment.Job instance at 0x7ff57cb2d140>,6,18,[3 5],7,7,25,0,7
1,<environment.Job instance at 0x7ff57c9e5870>,7,14,[8 3],8,25,39,17,10
1,<environment.Job instance at 0x7ff5c4d56d70>,16,14,[3 9],17,39,53,22,24
1,<environment.Job instance at 0x7ff5c4ae2460>,20,14,[5 5],21,53,67,32,38
1,<environment.Job instance at 0x7ff5c22b7870>,28,14,[7 3],29,67,81,38,52
1,<environment.Job instance at 0x7ff5c23d2d20>,39,15,[5 3],40,86,101,46,86
1,<environment.Job instance at 0x7ff5c264f6e0>,43,17,[5 1],44,98,115,54,98
1,<environment.Job instance at 0x7ff5c264f690>,45,15,[9 5],46,115,130,69,101
1,<environment.Job instance at 0x7ff5c264f9b0>,51,16,[8 5],52,130,146,78,129
1,<environment.Job instance at 0x7ff5c2349050>,58,15,[6 1],59,147,162,88,147
1,<environment.Job instance at 0x7ff5c2349960>,60,12,[6 1],61,162,174,101,150
1,<environment.Job instance at 0x7ff5c2794870>,69,14,[8 5],70,174,188,104,161
1,<environment.Job instance at 0x7ff5c2747640>,74,12,[9 4],75,188,200,113,173
1,<environment.Job instance at 0x7ff5c27472d0>,76,12,[3 5],77,200,212,123,184
1,<environment.Job instance at 0x7ff5c4e6ef00>,86,17,[3 8],87,212,229,125,200
1,<environment.Job instance at 0x7ff57c3c2550>,90,3,[ 2 10],91,229,232,138,208
1,<environment.Job instance at 0x7ff5c267af00>,91,2,[8 5],92,232,234,140,208
1,<environment.Job instance at 0x7ff57c781cd0>,0,17,[4 8],1,1,18,0,1
1,<environment.Job instance at 0x7ff5c49fca00>,8,3,[6 2],9,9,12,0,9
1,<environment.Job instance at 0x7ff5c49fc3c0>,9,18,[5 5],10,18,36,8,10
1,<environment.Job instance at 0x7ff5c49fcb90>,10,16,[5 4],11,18,34,7,11
1,<environment.Job instance at 0x7ff5c49fc5f0>,6,1,[1 9],7,36,37,29,28
1,<environment.Job instance at 0x7ff57cc6c5f0>,20,14,[7 4],21,37,51,16,35
1,<environment.Job instance at 0x7ff57cc6c640>,21,17,[ 4 10],22,51,68,29,40
1,<environment.Job instance at 0x7ff57cc6ce10>,25,18,[5 3],26,68,86,42,58
1,<environment.Job instance at 0x7ff57cc6c280>,27,15,[5 1],28,68,83,40,58
1,<environment.Job instance at 0x7ff57c8144b0>,33,15,[5 8],34,86,101,52,74
1,<environment.Job instance at 0x7ff5c4892b90>,48,18,[5 5],49,118,136,69,118
1,<environment.Job instance at 0x7ff5c4892320>,49,15,[3 6],50,136,151,86,125
1,<environment.Job instance at 0x7ff57c34fc80>,62,18,[7 2],63,136,154,73,134
1,<environment.Job instance at 0x7ff57c34fa50>,64,16,[5 8],65,154,170,89,141
1,<environment.Job instance at 0x7ff57c3b1780>,72,13,[1 7],73,170,183,97,160
1,<environment.Job instance at 0x7ff57c3b1b90>,74,13,[6 5],75,183,196,108,167
1,<environment.Job instance at 0x7ff57c3b1820>,75,13,[6 1],76,170,183,94,167
1,<environment.Job instance at 0x7ff57c3b10f0>,77,2,[10  1],78,196,198,118,169
1,<environment.Job instance at 0x7ff57ca2ed70>,85,17,[5 8],86,198,215,112,186
1,<environment.Job instance at 0x7ff57ca2e730>,91,12,[9 4],92,215,227,123,201
1,<environment.Job instance at 0x7ff5c2163be0>,0,12,[9 2],1,1,13,0,1
1,<environment.Job instance at 0x7ff57c781410>,3,13,[7 3],4,13,26,9,4
1,<environment.Job instance at 0x7ff5c2120280>,8,3,[6 4],9,26,29,17,9
1,<environment.Job instance at 0x7ff5c2120eb0>,10,3,[ 5 10],11,29,32,18,17
1,<environment.Job instance at 0x7ff5c49d6d70>,11,13,[3 5],12,32,45,20,20
1,<environment.Job instance at 0x7ff5c49d6a00>,13,21,[5 4],14,32,53,18,27
1,<environment.Job instance at 0x7ff5c4d56320>,12,1,[2 8],13,53,54,40,27
1,<environment.Job instance at 0x7ff5c4e4f190>,7,3,[3 5],8,54,57,46,51
1,<environment.Job instance at 0x7ff57c500140>,32,13,[3 6],33,57,70,24,53
1,<environment.Job instance at 0x7ff57c500640>,33,17,[7 2],34,57,74,23,57
1,<environment.Job instance at 0x7ff57c4ee140>,37,18,[1 8],38,79,97,41,79
1,<environment.Job instance at 0x7ff57c6facd0>,17,2,[10  5],18,97,99,79,84
1,<environment.Job instance at 0x7ff5c4e5ffa0>,42,18,[1 6],43,99,117,56,88
1,<environment.Job instance at 0x7ff5c4e5fa50>,45,16,[7 4],46,99,115,53,89
1,<environment.Job instance at 0x7ff5c4e65190>,61,12,[10  1],62,141,153,79,141
1,<environment.Job instance at 0x7ff5c4e65f00>,62,16,[7 1],63,153,169,90,141
1,<environment.Job instance at 0x7ff5c4e68b90>,69,17,[7 5],70,169,186,99,160
1,<environment.Job instance at 0x7ff5c4e68d70>,72,13,[1 8],73,186,199,113,170
1,<environment.Job instance at 0x7ff5c4e68640>,76,15,[8 5],77,199,214,122,185
1,<environment.Job instance at 0x7ff5c4e68c80>,78,12,[4 8],79,214,226,135,197
1,<environment.Job instance at 0x7ff5c4e8afa0>,86,15,[5 2],87,214,229,127,203
1,<environment.Job instance at 0x7fcd2d7c9190>,0,13,[9 3],1,1,14,0,1
1,<environment.Job instance at 0x7fcd263babe0>,14,13,[7 3],15,42,55,27,42
1,<environment.Job instance at 0x7fcd263bae10>,16,16,[3 5],17,43,59,26,43
1,<environment.Job instance at 0x7fcd263bafa0>,19,14,[3 5],20,55,69,35,48
1,<environment.Job instance at 0x7fcd263be320>,24,18,[2 6],25,69,87,44,69
1,<environment.Job instance at 0x7fcd263be640>,29,12,[5 4],30,74,86,44,74
1,<environment.Job instance at 0x7fcd263be780>,31,14,[2 5],32,87,101,55,81
1,<environment.Job instance at 0x7fcd263bed20>,40,15,[10  3],41,111,126,70,111
1,<environment.Job instance at 0x7fcd263c00a0>,45,13,[6 5],46,126,139,80,115
1,<environment.Job instance at 0x7fcd263c0870>,48,15,[10  1],49,141,156,92,141
1,<environment.Job instance at 0x7fcd263c09b0>,51,3,[1 5],52,156,159,104,141
1,<environment.Job instance at 0x7fcd263c0a50>,52,1,[8 5],53,156,157,103,141
1,<environment.Job instance at 0x7fcd263c0cd0>,56,17,[8 5],57,157,174,100,151
1,<environment.Job instance at 0x7fcd263c0eb0>,59,17,[1 6],60,174,191,114,165
1,<environment.Job instance at 0x7fcd2d938230>,0,3,[6 5],1,1,4,0,1
1,<environment.Job instance at 0x7fcd2d9385a0>,3,15,[6 1],4,4,19,0,4
1,<environment.Job instance at 0x7fcd2d7f2e10>,20,15,[8 3],21,67,82,46,67
1,<environment.Job instance at 0x7fcd2d93d7d0>,25,14,[ 2 10],26,82,96,56,75
1,<environment.Job instance at 0x7fcd2d7f27d0>,11,1,[2 6],12,96,97,84,91
1,<environment.Job instance at 0x7fcd2d93daa0>,31,13,[5 6],32,104,117,72,104
1,<environment.Job instance at 0x7fcd2d93a870>,39,12,[4 9],40,117,129,77,117
1,<environment.Job instance at 0x7fcd2d93aeb0>,42,14,[1 8],43,129,143,86,118
1,<environment.Job instance at 0x7fcd2d930a50>,44,14,[8 4],45,143,157,98,128
1,<environment.Job instance at 0x7fcd2d7f54b0>,51,15,[1 7],52,157,172,105,143
1,<environment.Job instance at 0x7fcd2d7f5730>,53,15,[5 2],54,157,172,103,143
1,<environment.Job instance at 0x7fcd2d936730>,63,18,[6 5],64,172,190,108,163
1,<environment.Job instance at 0x7fcd2d944820>,71,13,[8 5],72,190,203,118,181
1,<environment.Job instance at 0x7fcd2d93e3c0>,79,12,[9 3],80,204,216,124,204
1,<environment.Job instance at 0x7fcd2d93a3c0>,36,17,[1 7],37,211,228,174,211
1,<environment.Job instance at 0x7fcd2d93d730>,0,18,[4 5],1,1,19,0,1
1,<environment.Job instance at 0x7fcce275ebe0>,7,16,[9 2],8,19,35,11,9
1,<environment.Job instance at 0x7fcce275e1e0>,5,1,[3 8],6,35,36,29,18
1,<environment.Job instance at 0x7fcce275e190>,10,13,[7 4],11,36,49,25,20
1,<environment.Job instance at 0x7fcce275e140>,18,18,[6 3],19,49,67,30,38
1,<environment.Job instance at 0x7fcce26bb780>,26,16,[7 4],27,67,83,40,54
1,<environment.Job instance at 0x7fcce26bb960>,34,14,[5 5],35,83,97,48,70
1,<environment.Job instance at 0x7fcce26b66e0>,38,18,[4 5],39,89,107,50,89
1,<environment.Job instance at 0x7fcce26b6dc0>,41,1,[ 2 10],42,107,108,65,89
1,<environment.Job instance at 0x7fcce26b6960>,42,1,[3 9],43,108,109,65,89
1,<environment.Job instance at 0x7fcce26b69b0>,43,2,[4 7],44,109,111,65,89
1,<environment.Job instance at 0x7fcce26b6a50>,44,12,[7 2],45,111,123,66,94
1,<environment.Job instance at 0x7fcce26b6eb0>,45,2,[1 5],46,97,99,51,94
1,<environment.Job instance at 0x7fcce26b6aa0>,46,3,[8 4],47,123,126,76,97
1,<environment.Job instance at 0x7fcce26b5f50>,50,17,[2 6],51,111,128,60,107
1,<environment.Job instance at 0x7fcce26b5640>,51,15,[8 4],52,126,141,74,112
1,<environment.Job instance at 0x7fcce26de820>,57,18,[5 9],58,153,171,95,153
1,<environment.Job instance at 0x7fcce2ab4870>,4,16,[9 4],5,171,187,166,158
1,<environment.Job instance at 0x7fcce26ad7d0>,77,14,[ 1 10],78,206,220,128,206
1,<environment.Job instance at 0x7fcce26ad2d0>,79,16,[9 4],80,220,236,140,209
1,<environment.Job instance at 0x7fcce275ec30>,2,3,[7 1],3,3,6,0,3
1,<environment.Job instance at 0x7fcce2bb7730>,14,14,[1 5],15,26,40,11,26
1,<environment.Job instance at 0x7fcce2bb7820>,19,16,[5 4],20,36,52,16,36
1,<environment.Job instance at 0x7fcce2b49e60>,20,14,[8 3],21,52,66,31,37
1,<environment.Job instance at 0x7fcce2b49f50>,26,16,[9 2],27,66,82,39,53
1,<environment.Job instance at 0x7fcd2675d050>,31,17,[7 5],32,82,99,50,70
1,<environment.Job instance at 0x7fcd2675d1e0>,37,15,[5 3],38,99,114,61,85
1,<environment.Job instance at 0x7fcd2675d6e0>,38,18,[1 5],39,85,103,46,85
1,<environment.Job instance at 0x7fcd2675d190>,42,3,[10  4],43,114,117,71,88
1,<environment.Job instance at 0x7fcd2675deb0>,45,13,[5 5],46,117,130,71,101
1,<environment.Job instance at 0x7fcce2b91a00>,53,2,[5 5],54,104,106,50,104
1,<environment.Job instance at 0x7fcce2b917d0>,54,1,[7 4],55,130,131,75,104
1,<environment.Job instance at 0x7fcce2b91cd0>,56,3,[6 3],57,131,134,74,105
1,<environment.Job instance at 0x7fcce2b91c80>,57,12,[5 8],58,134,146,76,117
1,<environment.Job instance at 0x7fcce2b91b90>,51,3,[1 6],52,130,133,78,130
1,<environment.Job instance at 0x7fcce2b91190>,59,3,[5 5],60,146,149,86,130
1,<environment.Job instance at 0x7fcce2a7a6e0>,69,17,[8 1],70,149,166,79,137
1,<environment.Job instance at 0x7fcce2b596e0>,78,14,[ 2 10],79,168,182,89,168
1,<environment.Job instance at 0x7fcce2b590f0>,80,18,[3 5],81,182,200,101,171
1,<environment.Job instance at 0x7fcce26ade60>,88,14,[4 6],89,200,214,111,185
1,<environment.Job instance at 0x7fcce2cf2c30>,91,12,[5 5],92,214,226,122,198
1,<environment.Job instance at 0x7fcce2cf2190>,92,12,[5 5],93,214,226,121,198
1,<environment.Job instance at 0x7fcce2b5b5f0>,0,18,[4 7],1,1,19,0,1
1,<environment.Job instance at 0x7fcd26565280>,11,3,[9 3],12,19,22,7,16
1,<environment.Job instance at 0x7fcd264c5870>,16,18,[4 6],17,22,40,5,17
1,<environment.Job instance at 0x7fcce2aa6500>,20,12,[8 5],21,40,52,19,28
1,<environment.Job instance at 0x7fcce2793870>,5,2,[5 5],6,52,54,46,39
1,<environment.Job instance at 0x7fcce2aa6820>,25,16,[6 3],26,54,70,28,41
1,<environment.Job instance at 0x7fcce2aa6b90>,30,15,[7 5],31,71,86,40,71
1,<environment.Job instance at 0x7fcce25c11e0>,39,13,[1 9],40,87,100,47,87
1,<environment.Job instance at 0x7fcce25c14b0>,41,13,[5 5],42,100,113,58,90
1,<environment.Job instance at 0x7fcce25c18c0>,48,14,[10  3],49,113,127,64,100
1,<environment.Job instance at 0x7fcce25c1be0>,53,13,[6 5],54,127,140,73,117
1,<environment.Job instance at 0x7fcce25c1f50>,59,15,[9 5],60,140,155,80,126
1,<environment.Job instance at 0x7fcce25c30a0>,64,12,[6 4],65,155,167,90,138
1,<environment.Job instance at 0x7fcce25c3f50>,79,13,[5 9],80,177,190,97,177
1,<environment.Job instance at 0x7fcce25c3b40>,81,18,[8 4],82,190,208,108,179
1,<environment.Job instance at 0x7fcce25c6410>,86,16,[5 5],87,208,224,121,195
1,<environment.Job instance at 0x7fcce25c67d0>,90,14,[6 4],91,224,238,133,209
1,<environment.Job instance at 0x7fcce2a7fbe0>,0,1,[6 3],1,1,2,0,1
1,<environment.Job instance at 0x7fcd2d84ef00>,2,18,[5 1],3,3,21,0,3
1,<environment.Job instance at 0x7fcd261224b0>,4,2,[2 5],5,5,7,0,5
1,<environment.Job instance at 0x7fcd2cf8e730>,7,13,[7 3],8,21,34,13,8
1,<environment.Job instance at 0x7fcd2cf8e1e0>,11,1,[8 5],12,34,35,22,13
1,<environment.Job instance at 0x7fcd2cf8e6e0>,13,2,[5 5],14,14,16,0,14
1,<environment.Job instance at 0x7fcd2cf8eeb0>,14,12,[4 6],15,35,47,20,18
1,<environment.Job instance at 0x7fcd2cf8e870>,22,18,[5 5],23,47,65,24,42
1,<environment.Job instance at 0x7fcd26122fa0>,6,3,[8 2],7,65,68,58,48
1,<environment.Job instance at 0x7fcd2d193550>,24,12,[8 4],25,68,80,43,51
1,<environment.Job instance at 0x7fcd2d193370>,29,17,[7 2],30,80,97,50,68
1,<environment.Job instance at 0x7fcce2793460>,10,14,[3 6],11,83,97,72,83
1,<environment.Job instance at 0x7fcd2d193be0>,32,18,[5 1],33,97,115,64,86
1,<environment.Job instance at 0x7fcd2d193460>,37,12,[ 4 10],38,115,127,77,99
1,<environment.Job instance at 0x7fcce2c9e550>,50,3,[9 5],51,127,130,76,127
1,<environment.Job instance at 0x7fcce2c9e960>,53,1,[6 2],54,130,131,76,127
1,<environment.Job instance at 0x7fcce2c9ee60>,54,2,[4 6],55,130,132,75,127
1,<environment.Job instance at 0x7fcce2c9e190>,55,3,[8 5],56,132,135,76,127
1,<environment.Job instance at 0x7fcce2c9efa0>,56,12,[7 1],57,135,147,78,127
1,<environment.Job instance at 0x7fcce2c9e9b0>,59,3,[5 1],60,147,150,87,136
1,<environment.Job instance at 0x7fcce2c9e8c0>,60,14,[6 4],61,150,164,89,136
1,<environment.Job instance at 0x7fcce2c9eaa0>,61,1,[10  4],62,164,165,102,136
1,<environment.Job instance at 0x7fcd2626aeb0>,62,3,[6 4],63,165,168,102,139
1,<environment.Job instance at 0x7fcd2626aaa0>,63,3,[6 2],64,168,171,104,142
1,<environment.Job instance at 0x7fcd2626af50>,67,1,[9 4],68,171,172,103,147
1,<environment.Job instance at 0x7fcd2626a550>,68,17,[5 5],69,172,189,103,160
1,<environment.Job instance at 0x7fcd2629b960>,87,13,[9 4],88,199,212,111,199
1,<environment.Job instance at 0x7fcd2629caa0>,89,17,[5 9],90,212,229,122,201
1,<environment.Job instance at 0x7fcce2a65a00>,0,1,[4 6],1,1,2,0,1
1,<environment.Job instance at 0x7fcce2c5fcd0>,1,1,[4 6],2,2,3,0,2
1,<environment.Job instance at 0x7fcd2d298c80>,2,18,[5 9],3,3,21,0,3
1,<environment.Job instance at 0x7fcce2bc42d0>,13,12,[6 2],14,21,33,7,14
1,<environment.Job instance at 0x7fcce2bc4410>,14,17,[9 5],15,33,50,18,21
1,<environment.Job instance at 0x7fcce2a7ebe0>,18,14,[9 4],19,50,64,31,35
1,<environment.Job instance at 0x7fcce275d0f0>,32,14,[3 9],33,64,78,31,61
1,<environment.Job instance at 0x7fcd2cdad5f0>,29,14,[6 1],30,64,78,34,63
1,<environment.Job instance at 0x7fcce2af0280>,34,14,[7 4],35,78,92,43,65
1,<environment.Job instance at 0x7fcd2ce7e1e0>,44,18,[4 7],45,94,112,49,94
1,<environment.Job instance at 0x7fcd2ce7ecd0>,46,17,[5 5],47,112,129,65,100
1,<environment.Job instance at 0x7fcce2c53eb0>,58,15,[3 6],59,129,144,70,129
1,<environment.Job instance at 0x7fcd2d0a3c80>,69,15,[5 2],70,182,197,112,182
1,<environment.Job instance at 0x7fcd2ce7e9b0>,45,12,[5 6],46,187,199,141,187
1,<environment.Job instance at 0x7fcd2d93b5f0>,35,18,[10  3],36,199,217,163,193
1,<environment.Job instance at 0x7fcce2656730>,81,16,[ 2 10],82,217,233,135,214
1,<environment.Job instance at 0x7fcd2cd4b190>,85,12,[8 1],86,233,245,147,216
1,<environment.Job instance at 0x7fcd26125230>,1,13,[5 8],2,2,15,0,2
1,<environment.Job instance at 0x7fcd2d15c460>,7,15,[ 5 10],8,15,30,7,8
1,<environment.Job instance at 0x7fcce29cec30>,15,16,[4 6],16,30,46,14,23
1,<environment.Job instance at 0x7fcd262c8280>,19,16,[2 8],20,46,62,26,33
1,<environment.Job instance at 0x7fcd262c8a50>,27,14,[5 5],28,62,76,34,59
1,<environment.Job instance at 0x7fcd262c8c30>,29,12,[5 7],30,76,88,46,60
1,<environment.Job instance at 0x7fcd262d5320>,37,16,[1 5],38,88,104,50,82
1,<environment.Job instance at 0x7fcd262d50f0>,40,13,[9 3],41,88,101,47,82
1,<environment.Job instance at 0x7fcd262d55f0>,41,16,[2 7],42,104,120,62,91
1,<environment.Job instance at 0x7fcd262d51e0>,43,13,[6 5],44,120,133,76,104
1,<environment.Job instance at 0x7fcd2d15caf0>,11,16,[ 4 10],12,133,149,121,120
1,<environment.Job instance at 0x7fcd262d59b0>,50,16,[2 8],51,149,165,98,139
1,<environment.Job instance at 0x7fcd262cb910>,69,16,[ 3 10],70,175,191,105,175
1,<environment.Job instance at 0x7fcd262cbfa0>,76,16,[6 1],77,191,207,114,188
1,<environment.Job instance at 0x7fcd262da280>,80,16,[5 9],81,207,223,126,194
1,<environment.Job instance at 0x7fcd262da4b0>,82,14,[9 1],83,223,237,140,208
1,<environment.Job instance at 0x7fcd262da500>,0,15,[9 1],1,1,16,0,1
1,<environment.Job instance at 0x7fcce25c36e0>,2,13,[6 5],3,16,29,13,3
1,<environment.Job instance at 0x7fcd2635bb40>,14,15,[7 5],15,29,44,14,15
1,<environment.Job instance at 0x7fcce25e8320>,21,18,[3 7],22,44,62,22,33
1,<environment.Job instance at 0x7fcd2656cd20>,26,13,[3 7],27,62,75,35,47
1,<environment.Job instance at 0x7fcd2cf176e0>,28,16,[1 6],29,75,91,46,63
1,<environment.Job instance at 0x7fcce25ff5f0>,33,15,[4 9],34,91,106,57,78
1,<environment.Job instance at 0x7fcd26867b40>,40,16,[9 2],41,106,122,65,99
1,<environment.Job instance at 0x7fcd264a7a50>,45,12,[5 9],46,122,134,76,115
1,<environment.Job instance at 0x7fcd26240460>,46,12,[6 4],47,134,146,87,118
1,<environment.Job instance at 0x7fcd2d944500>,48,17,[1 6],49,134,151,85,129
1,<environment.Job instance at 0x7fcd26655c80>,49,17,[9 2],50,146,163,96,134
1,<environment.Job instance at 0x7fcce2a23730>,60,13,[6 4],61,163,176,102,148
1,<environment.Job instance at 0x7fcce2a23690>,57,16,[3 5],58,164,180,106,164
1,<environment.Job instance at 0x7fcd2ce5e410>,67,17,[7 4],68,176,193,108,168
1,<environment.Job instance at 0x7fcd2d026690>,71,16,[5 3],72,193,209,121,183
1,<environment.Job instance at 0x7fcd2d0265f0>,80,18,[9 2],81,209,227,128,198
1,<environment.Job instance at 0x7fcd2d026d70>,89,18,[1 5],90,212,230,122,212
1,<environment.Job instance at 0x7fcd26670320>,0,1,[2 6],1,1,2,0,1
1,<environment.Job instance at 0x7fcd2cc53af0>,1,13,[9 4],2,2,15,0,2
1,<environment.Job instance at 0x7fcce2991af0>,2,16,[1 7],3,15,31,12,3
1,<environment.Job instance at 0x7fcd2685da50>,7,16,[7 2],8,15,31,7,12
1,<environment.Job instance at 0x7fcce28db780>,12,14,[9 3],13,31,45,18,21
1,<environment.Job instance at 0x7fcce2c7e4b0>,25,17,[10  3],26,45,62,19,33
1,<environment.Job instance at 0x7fcd26240870>,28,14,[6 3],29,62,76,33,54
1,<environment.Job instance at 0x7fcd2640b1e0>,30,17,[8 4],31,76,93,45,64
1,<environment.Job instance at 0x7fcd2651d820>,38,14,[9 5],39,93,107,54,84
1,<environment.Job instance at 0x7fcce28896e0>,41,13,[5 2],42,107,120,65,95
1,<environment.Job instance at 0x7fcce28898c0>,42,1,[5 2],43,107,108,64,95
1,<environment.Job instance at 0x7fcce28899b0>,43,17,[6 4],44,120,137,76,108
1,<environment.Job instance at 0x7fcd2cf6b370>,49,3,[7 1],50,137,140,87,119
1,<environment.Job instance at 0x7fcce2a459b0>,54,15,[8 1],55,140,155,85,126
1,<environment.Job instance at 0x7fcce2a45e60>,57,15,[3 9],58,155,170,97,141
1,<environment.Job instance at 0x7fcd26779b40>,17,22,[6 1],18,155,177,137,150
1,<environment.Job instance at 0x7fcd26443f50>,69,13,[7 2],70,186,199,116,186
1,<environment.Job instance at 0x7fcd26673f00>,70,14,[2 6],71,186,200,115,186
1,<environment.Job instance at 0x7fcd2642e820>,73,16,[3 8],74,200,216,126,190
1,<environment.Job instance at 0x7fcd2642ecd0>,77,18,[5 5],78,216,234,138,205
1,<environment.Job instance at 0x7fcce28dbbe0>,1,14,[6 1],2,2,16,0,2
1,<environment.Job instance at 0x7fcd265df230>,3,14,[4 8],4,4,18,0,4
1,<environment.Job instance at 0x7fcd261b2e10>,11,14,[ 1 10],12,18,32,6,12
1,<environment.Job instance at 0x7fcd2d204690>,16,12,[8 3],17,32,44,15,17
1,<environment.Job instance at 0x7fcd2d204410>,14,16,[7 5],15,44,60,29,35
1,<environment.Job instance at 0x7fcd2d0605a0>,32,18,[9 2],33,60,78,27,51
1,<environment.Job instance at 0x7fcd2d060190>,35,14,[6 3],36,78,92,42,63
1,<environment.Job instance at 0x7fcd2d060140>,26,12,[3 5],27,78,90,51,76
1,<environment.Job instance at 0x7fcd2d05f3c0>,47,17,[5 5],48,92,109,44,80
1,<environment.Job instance at 0x7fcd2d05f460>,48,14,[9 5],49,109,123,60,97
1,<environment.Job instance at 0x7fcd2d05f550>,52,17,[1 5],53,97,114,44,97
1,<environment.Job instance at 0x7fcd2d05fe10>,62,2,[ 2 10],63,126,128,63,126
1,<environment.Job instance at 0x7fcd2d05faf0>,63,3,[1 6],64,128,131,64,126
1,<environment.Job instance at 0x7fcd2d05ff00>,64,16,[8 1],65,128,144,63,126
1,<environment.Job instance at 0x7fcd2d05fd70>,61,14,[8 4],62,144,158,82,135
1,<environment.Job instance at 0x7fcd2cd8e690>,74,13,[5 8],75,165,178,90,165
1,<environment.Job instance at 0x7fcd2cd8e0a0>,68,19,[2 7],69,178,197,109,171
1,<environment.Job instance at 0x7fcd2cd8ed70>,85,15,[5 4],86,197,212,111,190
1,<environment.Job instance at 0x7fcd2cd8ef50>,83,16,[1 5],84,198,214,114,198
1,<environment.Job instance at 0x7fcd2cd7b370>,88,2,[7 5],89,212,214,123,199
1,<environment.Job instance at 0x7fcd2cd7b500>,89,16,[5 6],90,214,230,124,201
1,<environment.Job instance at 0x7fcce2b8cb90>,0,16,[4 8],1,1,17,0,1
1,<environment.Job instance at 0x7fcd262737d0>,5,15,[8 3],6,17,32,11,6
1,<environment.Job instance at 0x7fcd2cda5730>,11,12,[8 2],12,32,44,20,15
1,<environment.Job instance at 0x7fcd2d1c4370>,20,12,[ 5 10],21,44,56,23,27
1,<environment.Job instance at 0x7fcd2d1c4410>,21,16,[4 9],22,56,72,34,43
1,<environment.Job instance at 0x7fcce2a455f0>,25,12,[5 2],26,72,84,46,56
1,<environment.Job instance at 0x7fcd2cda5640>,18,2,[5 7],19,72,74,53,61
1,<environment.Job instance at 0x7fcce2a450f0>,27,3,[7 5],28,84,87,56,81
1,<environment.Job instance at 0x7fcce2a45b40>,33,3,[9 4],34,87,90,53,81
1,<environment.Job instance at 0x7fcce2a45f50>,35,2,[1 9],36,90,92,54,81
1,<environment.Job instance at 0x7fcce2a459b0>,36,16,[9 3],37,92,108,55,81
1,<environment.Job instance at 0x7fcd26568b40>,39,1,[6 4],40,108,109,68,81
1,<environment.Job instance at 0x7fcd26568af0>,41,14,[3 5],42,108,122,66,94
1,<environment.Job instance at 0x7fcd26568640>,42,14,[6 3],43,109,123,66,94
1,<environment.Job instance at 0x7fcce2afa7d0>,47,17,[4 6],48,122,139,74,111
1,<environment.Job instance at 0x7fcce2afaeb0>,53,13,[6 4],54,123,136,69,117
1,<environment.Job instance at 0x7fcd2640b1e0>,56,16,[2 7],57,139,155,82,126
1,<environment.Job instance at 0x7fcd2640bf50>,57,13,[7 1],58,139,152,81,126
1,<environment.Job instance at 0x7fcd2d253190>,65,15,[1 6],66,155,170,89,144
1,<environment.Job instance at 0x7fcd2d253460>,68,13,[3 6],69,170,183,101,154
1,<environment.Job instance at 0x7fcce2574d20>,74,12,[7 2],75,164,176,89,164
1,<environment.Job instance at 0x7fcce2574a00>,78,12,[6 1],79,176,188,97,175
1,<environment.Job instance at 0x7fcce2574c30>,80,15,[6 2],81,188,203,107,175
1,<environment.Job instance at 0x7fcce2574870>,82,16,[5 3],83,203,219,120,192
1,<environment.Job instance at 0x7fcd265657d0>,84,16,[8 5],85,219,235,134,207
1,<environment.Job instance at 0x7fcd2d1c4550>,0,2,[1 9],1,1,3,0,1
1,<environment.Job instance at 0x7fcd26565820>,1,18,[4 9],2,3,21,1,3
1,<environment.Job instance at 0x7fcd2cfb3370>,14,17,[10  3],15,27,44,12,27
1,<environment.Job instance at 0x7fcd2cfb37d0>,17,18,[6 4],18,44,62,26,33
1,<environment.Job instance at 0x7fcce2554410>,23,12,[4 8],24,62,74,38,57
1,<environment.Job instance at 0x7fcd261b1820>,35,13,[3 7],36,80,93,44,80
1,<environment.Job instance at 0x7fcd2d519d20>,42,2,[3 7],43,104,106,61,104
1,<environment.Job instance at 0x7fcd262b57d0>,44,14,[9 5],45,106,120,61,104
1,<environment.Job instance at 0x7fcd262b5d20>,45,14,[6 1],46,120,134,74,105
1,<environment.Job instance at 0x7fcd262b5410>,46,16,[3 8],47,120,136,73,107
1,<environment.Job instance at 0x7fcd262b5870>,50,13,[7 3],51,136,149,85,120
1,<environment.Job instance at 0x7fcd262b53c0>,55,14,[8 4],56,149,163,93,138
1,<environment.Job instance at 0x7fcce28adcd0>,60,17,[8 2],61,163,180,102,161
1,<environment.Job instance at 0x7fcce28ad820>,62,16,[6 2],63,180,196,117,167
1,<environment.Job instance at 0x7fcce28ad0f0>,65,13,[2 7],66,172,185,106,172
1,<environment.Job instance at 0x7fcce29f6320>,73,12,[1 8],74,191,203,117,191
1,<environment.Job instance at 0x7fcce29f66e0>,74,14,[7 4],75,203,217,128,191
1,<environment.Job instance at 0x7fcce29f6690>,75,14,[5 9],76,217,231,141,206
1,<environment.Job instance at 0x7fcce29f6280>,79,16,[8 5],80,231,247,151,219
1,<environment.Job instance at 0x7fcce2bb00a0>,0,15,[1 6],1,1,16,0,1
1,<environment.Job instance at 0x7fcd261e5a50>,2,2,[5 5],3,16,18,13,3
1,<environment.Job instance at 0x7fcce29f6280>,4,1,[9 1],5,5,6,0,5
1,<environment.Job instance at 0x7fcce2cb6af0>,5,16,[8 5],6,18,34,12,6
1,<environment.Job instance at 0x7fcd264eb820>,6,13,[4 5],7,34,47,27,20
1,<environment.Job instance at 0x7fcd2ccf82d0>,7,2,[9 2],8,47,49,39,23
1,<environment.Job instance at 0x7fcd26411870>,17,13,[5 5],18,34,47,16,24
1,<environment.Job instance at 0x7fcd26710b90>,27,12,[6 2],28,49,61,21,39
1,<environment.Job instance at 0x7fcd26455190>,21,12,[4 5],22,49,61,27,41
1,<environment.Job instance at 0x7fcd2670f1e0>,33,14,[1 8],34,61,75,27,47
1,<environment.Job instance at 0x7fcd2670fc80>,35,15,[5 1],36,61,76,25,52
1,<environment.Job instance at 0x7fcce26f3870>,47,2,[5 7],48,86,88,38,86
1,<environment.Job instance at 0x7fcce267fd20>,49,1,[6 3],50,88,89,38,86
1,<environment.Job instance at 0x7fcd267ed640>,52,1,[5 5],53,89,90,36,88
1,<environment.Job instance at 0x7fcce29f53c0>,55,17,[4 9],56,111,128,55,111
1,<environment.Job instance at 0x7fcce28eacd0>,64,1,[6 5],65,155,156,90,155
1,<environment.Job instance at 0x7fcce28eae60>,65,13,[6 4],66,156,169,90,155
1,<environment.Job instance at 0x7fcce28eab90>,67,18,[4 7],68,169,187,101,162
1,<environment.Job instance at 0x7fcce23db6e0>,71,14,[2 7],72,187,201,115,177
1,<environment.Job instance at 0x7fcd26247d70>,76,16,[5 2],77,190,206,113,190
1,<environment.Job instance at 0x7fcce265dc80>,82,15,[ 3 10],83,209,224,126,209
1,<environment.Job instance at 0x7fcce265d9b0>,83,2,[1 5],84,224,226,140,209
1,<environment.Job instance at 0x7fcce265dd20>,84,17,[9 5],85,224,241,139,214
1,<environment.Job instance at 0x7fcce287dfa0>,0,3,[2 6],1,1,4,0,1
1,<environment.Job instance at 0x7fcce29f5e10>,6,1,[5 3],7,7,8,0,7
1,<environment.Job instance at 0x7fcd267685a0>,7,12,[2 5],8,8,20,0,8
1,<environment.Job instance at 0x7fcce2793d20>,9,15,[8 4],10,10,25,0,10
1,<environment.Job instance at 0x7fcce24a71e0>,14,16,[5 3],15,25,41,10,15
1,<environment.Job instance at 0x7fcd2cca9280>,21,12,[7 4],22,41,53,19,24
1,<environment.Job instance at 0x7fcce287d050>,5,3,[5 5],6,25,28,19,25
1,<environment.Job instance at 0x7fcce264caa0>,25,16,[5 7],26,53,69,27,40
1,<environment.Job instance at 0x7fcd2cdf8050>,27,16,[3 5],28,69,85,41,56
1,<environment.Job instance at 0x7fcd262fa820>,30,17,[8 3],31,85,102,54,73
1,<environment.Job instance at 0x7fcd2685aa50>,36,15,[1 5],37,81,96,44,81
1,<environment.Job instance at 0x7fcce2639c30>,40,14,[6 1],41,102,116,61,87
1,<environment.Job instance at 0x7fcce29bb550>,47,14,[9 3],48,116,130,68,101
1,<environment.Job instance at 0x7fcd267645a0>,52,16,[6 3],53,130,146,77,117
1,<environment.Job instance at 0x7fcd26764550>,57,15,[6 1],58,146,161,88,132
1,<environment.Job instance at 0x7fcd2d14f910>,80,2,[2 6],81,179,181,98,179
1,<environment.Job instance at 0x7fcd2d32fd20>,81,3,[5 8],82,181,184,99,179
1,<environment.Job instance at 0x7fcd2d32f870>,76,16,[3 6],77,185,201,108,185
1,<environment.Job instance at 0x7fcce24a1820>,88,16,[1 8],89,201,217,112,196
1,<environment.Job instance at 0x7fcd2d7eecd0>,91,13,[5 5],92,217,230,125,205
1,<environment.Job instance at 0x7fcd264c5aa0>,92,3,[9 3],93,230,233,137,205
1,<environment.Job instance at 0x7fcd26712e60>,0,17,[2 8],1,1,18,0,1
1,<environment.Job instance at 0x7fcd2d19c690>,3,13,[5 1],4,4,17,0,4
1,<environment.Job instance at 0x7fcd264d20a0>,6,12,[1 9],7,18,30,11,7
1,<environment.Job instance at 0x7fcd264d2d20>,13,16,[4 9],14,30,46,16,17
1,<environment.Job instance at 0x7fccf5ee3870>,27,3,[5 5],28,46,49,18,36
1,<environment.Job instance at 0x7fcd264d23c0>,14,23,[6 5],15,49,72,34,43
1,<environment.Job instance at 0x7fcd262e4190>,37,15,[1 7],38,72,87,34,66
1,<environment.Job instance at 0x7fcd262e4cd0>,44,16,[5 6],45,110,126,65,110
1,<environment.Job instance at 0x7fcd262e47d0>,47,12,[4 7],48,126,138,78,112
1,<environment.Job instance at 0x7fcce2afa910>,58,14,[7 5],59,138,152,79,138
1,<environment.Job instance at 0x7fcce2afac80>,57,14,[8 3],58,154,168,96,154
1,<environment.Job instance at 0x7fcce2a595f0>,66,14,[3 9],67,168,182,101,165
1,<environment.Job instance at 0x7fcce2a59870>,70,14,[5 5],71,182,196,111,173
1,<environment.Job instance at 0x7fcce2afa500>,56,18,[3 5],57,185,203,128,185
1,<environment.Job instance at 0x7fcce2a599b0>,78,14,[7 3],79,196,210,117,192
1,<environment.Job instance at 0x7fcce2a59820>,84,18,[6 3],85,210,228,125,206
1,<environment.Job instance at 0x7fcce2a59e60>,80,12,[3 8],81,228,240,147,211
1,<environment.Job instance at 0x7fcd261ab960>,0,12,[6 1],1,1,13,0,1
1,<environment.Job instance at 0x7fcd2cdac960>,4,12,[ 4 10],5,13,25,8,5
1,<environment.Job instance at 0x7fcd2637e5f0>,9,14,[8 5],10,25,39,15,13
1,<environment.Job instance at 0x7fcce24d1a00>,14,12,[9 4],15,39,51,24,22
1,<environment.Job instance at 0x7fcd2cc881e0>,25,3,[9 5],26,51,54,25,26
1,<environment.Job instance at 0x7fcd2cc6a960>,36,14,[10  1],37,54,68,17,42
1,<environment.Job instance at 0x7fcd2639f910>,42,17,[ 4 10],43,77,94,34,77
1,<environment.Job instance at 0x7fcd267bc230>,48,3,[6 2],49,94,97,45,77
1,<environment.Job instance at 0x7fcd267bc9b0>,49,18,[5 5],50,97,115,47,86
1,<environment.Job instance at 0x7fcd26658e60>,50,16,[5 4],51,97,113,46,86
1,<environment.Job instance at 0x7fcd26664780>,60,14,[7 4],61,115,129,54,109
1,<environment.Job instance at 0x7fcd266494b0>,61,17,[ 4 10],62,129,146,67,118
1,<environment.Job instance at 0x7fcd26649870>,67,15,[5 1],68,146,161,78,132
1,<environment.Job instance at 0x7fcd26649c30>,71,17,[6 1],72,161,178,89,149
1,<environment.Job instance at 0x7fcd26647730>,83,13,[10  1],84,188,201,104,188
1,<environment.Job instance at 0x7fcd2cc88690>,0,13,[8 2],1,1,14,0,1
1,<environment.Job instance at 0x7fcce2a73b40>,2,13,[1 7],3,3,16,0,3
1,<environment.Job instance at 0x7fcd265538c0>,5,13,[6 1],6,14,27,8,6
1,<environment.Job instance at 0x7fcd2620ce10>,17,2,[7 3],18,27,29,9,20
1,<environment.Job instance at 0x7fcd2cd84370>,16,1,[10  4],17,29,30,12,27
1,<environment.Job instance at 0x7fcd262fa8c0>,21,12,[9 4],22,30,42,8,27
1,<environment.Job instance at 0x7fcd2cdc7050>,22,17,[5 5],23,42,59,19,30
1,<environment.Job instance at 0x7fcd2cdc70f0>,24,13,[6 5],25,59,72,34,43
1,<environment.Job instance at 0x7fcce2a4ba00>,41,13,[3 5],42,62,75,20,62
1,<environment.Job instance at 0x7fcce2a4bf00>,36,15,[6 4],37,72,87,35,71
1,<environment.Job instance at 0x7fcd2d19af50>,51,12,[4 6],52,86,98,34,86
1,<environment.Job instance at 0x7fcce23ddd70>,10,1,[ 2 10],11,98,99,87,89
1,<environment.Job instance at 0x7fcd2d19a370>,52,18,[10  3],53,99,117,46,89
1,<environment.Job instance at 0x7fcd2cd2fcd0>,57,18,[3 8],58,117,135,59,117
1,<environment.Job instance at 0x7fcd262c9550>,63,17,[7 2],64,119,136,55,119
1,<environment.Job instance at 0x7fcd2cd2f780>,59,12,[1 5],60,135,147,75,123
1,<environment.Job instance at 0x7fcce2c561e0>,67,18,[1 8],68,147,165,79,140
1,<environment.Job instance at 0x7fcd262c96e0>,65,1,[5 9],66,165,166,99,145
1,<environment.Job instance at 0x7fcd262cc5a0>,75,16,[7 4],76,166,182,90,153
1,<environment.Job instance at 0x7fcd2cd2f3c0>,58,1,[2 6],59,166,167,107,162
1,<environment.Job instance at 0x7fcd2d39aa00>,82,17,[6 3],83,182,199,99,170
1,<environment.Job instance at 0x7fcd2d1a45f0>,89,2,[1 6],90,178,180,88,178
1,<environment.Job instance at 0x7fcce27a7780>,30,12,[9 2],31,199,211,168,186
1,<environment.Job instance at 0x7fcd2cd2fd20>,0,16,[10  3],1,2,18,1,2
1,<environment.Job instance at 0x7fcce2cec550>,9,13,[4 9],10,18,31,8,10
1,<environment.Job instance at 0x7fcce28b7730>,13,14,[4 9],14,31,45,17,26
1,<environment.Job instance at 0x7fcce28b78c0>,19,18,[8 2],20,45,63,25,34
1,<environment.Job instance at 0x7fcce27a26e0>,21,17,[5 4],22,63,80,41,51
1,<environment.Job instance at 0x7fcd263d4cd0>,29,15,[ 4 10],30,80,95,50,68
1,<environment.Job instance at 0x7fcd263d4af0>,35,12,[5 5],36,95,107,59,81
1,<environment.Job instance at 0x7fcd2cd01d20>,38,12,[3 9],39,107,119,68,91
1,<environment.Job instance at 0x7fcd2cd01be0>,46,16,[2 9],47,119,135,72,106
1,<environment.Job instance at 0x7fcd266026e0>,53,2,[9 1],54,150,152,96,150
1,<environment.Job instance at 0x7fcd2ce4d550>,61,2,[2 7],62,152,154,90,150
1,<environment.Job instance at 0x7fcd2ce4d280>,63,17,[6 4],64,154,171,90,150
1,<environment.Job instance at 0x7fcd2ce4d5f0>,68,12,[1 5],69,162,174,93,162
1,<environment.Job instance at 0x7fcd2ce4d820>,62,13,[2 6],63,174,187,111,162
1,<environment.Job instance at 0x7fcd26602f00>,52,21,[5 3],53,176,197,123,176
1,<environment.Job instance at 0x7fcd2647ba00>,77,14,[7 4],78,197,211,119,184
1,<environment.Job instance at 0x7fcd2647b0a0>,78,14,[6 4],79,211,225,132,196
1,<environment.Job instance at 0x7fcce2c7e280>,0,13,[1 8],1,1,14,0,1
1,<environment.Job instance at 0x7fcce2c7eb40>,1,13,[8 2],2,2,15,0,2
1,<environment.Job instance at 0x7fcd261704b0>,9,17,[4 6],10,15,32,5,11
1,<environment.Job instance at 0x7fcd26170b40>,11,15,[5 1],12,15,30,3,12
1,<environment.Job instance at 0x7fcd26170f50>,15,17,[4 6],16,32,49,16,20
1,<environment.Job instance at 0x7fcd261708c0>,18,2,[7 1],19,49,51,30,24
1,<environment.Job instance at 0x7fcd2cbc4b40>,25,15,[7 1],26,51,66,25,37
1,<environment.Job instance at 0x7fcd26170050>,16,15,[10  5],17,66,81,49,53
1,<environment.Job instance at 0x7fcd2cbc40f0>,32,16,[2 8],33,81,97,48,68
1,<environment.Job instance at 0x7fcd2cbc4960>,27,17,[9 4],28,97,114,69,86
1,<environment.Job instance at 0x7fcce2390b90>,43,15,[9 4],44,114,129,70,100
1,<environment.Job instance at 0x7fcce2390370>,49,12,[7 5],50,129,141,79,112
1,<environment.Job instance at 0x7fcce23909b0>,55,12,[ 4 10],56,141,153,85,138
1,<environment.Job instance at 0x7fcce2383190>,58,16,[1 9],59,153,169,94,141
1,<environment.Job instance at 0x7fcce23905a0>,53,14,[5 7],54,169,183,115,165
1,<environment.Job instance at 0x7fcce2383410>,71,16,[1 7],72,183,199,111,171
1,<environment.Job instance at 0x7fcce2383b90>,66,16,[6 2],67,187,203,120,187
1,<environment.Job instance at 0x7fcd2cc3bfa0>,78,12,[7 2],79,203,215,124,190
1,<environment.Job instance at 0x7fcd2cc3b1e0>,79,18,[5 3],80,215,233,135,204
1,<environment.Job instance at 0x7fcdfaf7a230>,0,13,[9 3],1,1,14,0,1
1,<environment.Job instance at 0x7fcdf5b6a230>,4,14,[1 6],5,19,33,14,19
1,<environment.Job instance at 0x7fcdf5b6a4b0>,6,20,[6 1],7,21,41,14,21
1,<environment.Job instance at 0x7fcdf5b6ad20>,16,16,[3 5],17,33,49,16,29
1,<environment.Job instance at 0x7fcdf5b6b410>,24,18,[2 6],25,49,67,24,47
1,<environment.Job instance at 0x7fcdf5b6b780>,27,15,[8 4],28,49,64,21,47
1,<environment.Job instance at 0x7fcdf5b6be10>,32,3,[5 1],33,64,67,31,56
1,<environment.Job instance at 0x7fcdf5b6bd20>,33,14,[5 5],34,67,81,33,56
1,<environment.Job instance at 0x7fcdf5b6bf50>,35,15,[9 5],36,81,96,45,68
1,<environment.Job instance at 0x7fcdf5b6e2d0>,40,15,[10  3],41,96,111,55,84
1,<environment.Job instance at 0x7fcdf5b6eb90>,49,16,[2 5],50,111,127,61,104
1,<environment.Job instance at 0x7fcdf5b6efa0>,53,17,[5 7],54,131,148,77,131
1,<environment.Job instance at 0x7fcdf5b73370>,57,18,[2 8],58,148,166,90,137
1,<environment.Job instance at 0x7fcdf5b730f0>,59,17,[1 6],60,166,183,106,154
1,<environment.Job instance at 0x7fcdf5b71230>,77,13,[8 5],78,210,223,132,210
1,<environment.Job instance at 0x7fcdf5b71550>,81,15,[5 9],82,223,238,141,210
1,<environment.Job instance at 0x7fcdfafa3b90>,0,2,[7 2],1,1,3,0,1
1,<environment.Job instance at 0x7fcdfb0eee60>,14,3,[5 6],15,24,27,9,24
1,<environment.Job instance at 0x7fcdfb0eedc0>,15,14,[ 2 10],16,27,41,11,24
1,<environment.Job instance at 0x7fcdfb0ee3c0>,20,16,[2 8],21,49,65,28,49
1,<environment.Job instance at 0x7fcdfb0e1a00>,22,3,[4 7],23,65,68,42,60
1,<environment.Job instance at 0x7fcdfb0e1be0>,26,17,[1 7],27,68,85,41,60
1,<environment.Job instance at 0x7fcdfb0e2d20>,28,1,[4 6],29,85,86,56,61
1,<environment.Job instance at 0x7fcdfb0e2e10>,32,14,[1 8],33,86,100,53,71
1,<environment.Job instance at 0x7fcdfb0e2e60>,34,14,[8 4],35,100,114,65,85
1,<environment.Job instance at 0x7fcdfb0e7780>,43,15,[5 2],44,85,100,41,85
1,<environment.Job instance at 0x7fcdfb0f5460>,55,16,[ 2 10],56,114,130,58,112
1,<environment.Job instance at 0x7fcdfb0f5780>,61,13,[8 5],62,130,143,68,119
1,<environment.Job instance at 0x7fcdfb0f51e0>,62,14,[2 9],63,143,157,80,131
1,<environment.Job instance at 0x7fcdfb0effa0>,70,18,[10  3],71,157,175,86,146
1,<environment.Job instance at 0x7fcdf5a7c550>,76,14,[5 5],77,175,189,98,164
1,<environment.Job instance at 0x7fcdfb002320>,81,14,[1 6],82,189,203,107,174
1,<environment.Job instance at 0x7fcdf5ad6410>,73,2,[8 3],74,189,191,115,185
1,<environment.Job instance at 0x7fcdfb002230>,82,14,[2 7],83,203,217,120,188
1,<environment.Job instance at 0x7fcdfb0f4960>,93,2,[5 6],94,217,219,123,195
1,<environment.Job instance at 0x7fcdfb0e4500>,97,3,[1 5],98,219,222,121,195
1,<environment.Job instance at 0x7fcdfb0f50a0>,1,2,[9 5],2,2,4,0,2
1,<environment.Job instance at 0x7fcdb01b3e10>,4,16,[7 5],5,5,21,0,5
1,<environment.Job instance at 0x7fcdafe07500>,18,18,[4 5],19,33,51,14,33
1,<environment.Job instance at 0x7fcdafeec8c0>,30,17,[2 6],31,58,75,27,58
1,<environment.Job instance at 0x7fcdf58d1f50>,31,15,[8 4],32,64,79,32,64
1,<environment.Job instance at 0x7fcdafe66690>,38,13,[5 1],39,89,102,50,89
1,<environment.Job instance at 0x7fcdafe6ab90>,52,18,[8 2],53,173,191,120,173
1,<environment.Job instance at 0x7fcdaff1e8c0>,69,15,[ 5 10],70,191,206,121,187
1,<environment.Job instance at 0x7fcdf59b6c30>,1,17,[7 5],2,2,19,0,2
1,<environment.Job instance at 0x7fcdb035da50>,20,14,[7 5],21,27,41,6,27
1,<environment.Job instance at 0x7fcdf5c38eb0>,24,1,[7 4],25,41,42,16,34
1,<environment.Job instance at 0x7fcdf5c380f0>,25,16,[10  4],26,42,58,16,35
1,<environment.Job instance at 0x7fcdf5c04fa0>,28,14,[7 5],29,58,72,29,46
1,<environment.Job instance at 0x7fcdf5c08c80>,34,17,[7 2],35,72,89,37,60
1,<environment.Job instance at 0x7fcdf5c08c30>,32,1,[7 4],33,89,90,56,67
1,<environment.Job instance at 0x7fcdb022f640>,31,3,[9 4],32,90,93,58,70
1,<environment.Job instance at 0x7fcdb0327e60>,48,14,[ 2 10],49,98,112,49,98
1,<environment.Job instance at 0x7fcdb04a5550>,39,17,[8 1],40,112,129,72,101
1,<environment.Job instance at 0x7fcdb02bd4b0>,58,14,[4 6],59,129,143,70,114
1,<environment.Job instance at 0x7fcdb02c9410>,63,13,[4 9],64,143,156,79,137
1,<environment.Job instance at 0x7fcdb02d1f50>,65,14,[7 4],66,156,170,90,142
1,<environment.Job instance at 0x7fcdafe0c370>,75,12,[ 1 10],76,170,182,94,154
1,<environment.Job instance at 0x7fcdafe0c230>,79,14,[5 7],80,182,196,102,170
1,<environment.Job instance at 0x7fcdaff0eb90>,83,14,[2 7],84,196,210,112,185
1,<environment.Job instance at 0x7fcdb0324b90>,88,15,[8 5],89,210,225,121,196
1,<environment.Job instance at 0x7fcdf5e95fa0>,1,13,[5 5],2,2,15,0,2
1,<environment.Job instance at 0x7fcdaff77320>,3,12,[1 8],4,15,27,11,4
1,<environment.Job instance at 0x7fcdafdf81e0>,14,2,[7 5],15,27,29,12,25
1,<environment.Job instance at 0x7fcdafdf8b40>,19,15,[9 5],20,29,44,9,25
1,<environment.Job instance at 0x7fcdafdf8d70>,21,13,[5 3],22,44,57,22,28
1,<environment.Job instance at 0x7fcdf5fac5f0>,31,16,[6 5],32,57,73,25,51
1,<environment.Job instance at 0x7fcdb013dd20>,8,14,[10  3],9,73,87,64,65
1,<environment.Job instance at 0x7fcdf59d35f0>,36,14,[3 9],37,87,101,50,72
1,<environment.Job instance at 0x7fcdb050f780>,44,17,[3 9],45,101,118,56,89
1,<environment.Job instance at 0x7fcdf5a04500>,49,15,[7 1],50,107,122,57,107
1,<environment.Job instance at 0x7fcdf5a04dc0>,50,14,[6 4],51,122,136,71,107
1,<environment.Job instance at 0x7fcdf5a0bd20>,61,14,[5 8],62,141,155,79,141
1,<environment.Job instance at 0x7fcdf5a0b780>,62,16,[9 2],63,155,171,92,145
1,<environment.Job instance at 0x7fcdf5a0b2d0>,65,18,[7 5],66,171,189,105,160
1,<environment.Job instance at 0x7fcdf5a06960>,72,18,[5 1],73,190,208,117,190
1,<environment.Job instance at 0x7fcdf5a06e10>,77,13,[7 3],78,208,221,130,199
1,<environment.Job instance at 0x7fcdf59d20f0>,80,14,[3 6],81,207,221,126,207
1,<environment.Job instance at 0x7fcdf59d2780>,82,15,[1 6],83,221,236,138,210
1,<environment.Job instance at 0x7fcdb04a5fa0>,0,3,[9 5],1,1,4,0,1
1,<environment.Job instance at 0x7fcdb04a50f0>,1,13,[1 7],2,4,17,2,2
1,<environment.Job instance at 0x7fcdf600ee10>,6,12,[7 1],7,7,19,0,7
1,<environment.Job instance at 0x7fcdf669c3c0>,13,3,[6 2],14,19,22,5,16
1,<environment.Job instance at 0x7fcdf61cad70>,21,3,[5 5],22,23,26,1,23
1,<environment.Job instance at 0x7fcdf61ca910>,22,13,[1 5],23,23,36,0,23
1,<environment.Job instance at 0x7fcdf61ca1e0>,24,2,[10  3],25,36,38,11,25
1,<environment.Job instance at 0x7fcdf61caeb0>,25,3,[5 5],26,26,29,0,26
1,<environment.Job instance at 0x7fcdf61cab40>,26,2,[3 9],27,38,40,11,27
1,<environment.Job instance at 0x7fcdf61ca140>,29,1,[ 2 10],30,40,41,10,30
1,<environment.Job instance at 0x7fcdf61ca0f0>,19,14,[3 7],20,41,55,21,35
1,<environment.Job instance at 0x7fcdf65d6730>,40,15,[4 5],41,67,82,26,67
1,<environment.Job instance at 0x7fcdf65d6d70>,43,17,[8 5],44,85,102,41,85
1,<environment.Job instance at 0x7fcdf684ef50>,48,16,[ 5 10],49,108,124,59,108
1,<environment.Job instance at 0x7fcdf684e960>,50,16,[9 2],51,124,140,73,113
1,<environment.Job instance at 0x7fcdf684e190>,55,13,[2 6],56,140,153,84,131
1,<environment.Job instance at 0x7fcdf660fc30>,62,18,[5 9],63,153,171,90,142
1,<environment.Job instance at 0x7fcdf660f190>,69,15,[6 3],70,171,186,101,159
1,<environment.Job instance at 0x7fcdb04628c0>,73,12,[6 2],74,186,198,112,169
1,<environment.Job instance at 0x7fcdb04621e0>,75,16,[5 3],76,198,214,122,185
1,<environment.Job instance at 0x7fcdf5a1aa00>,79,13,[3 6],80,198,211,118,198
1,<environment.Job instance at 0x7fcdf660f410>,66,1,[2 6],67,211,212,144,208
1,<environment.Job instance at 0x7fcdf5a1a3c0>,81,14,[4 6],82,212,226,130,211
1,<environment.Job instance at 0x7fcdfad0b140>,1,2,[2 6],2,2,4,0,2
1,<environment.Job instance at 0x7fcdb04244b0>,2,3,[9 1],3,4,7,1,3
1,<environment.Job instance at 0x7fcdb0215c80>,9,15,[5 2],10,28,43,18,28
1,<environment.Job instance at 0x7fcdf645b8c0>,11,14,[7 1],12,43,57,31,41
1,<environment.Job instance at 0x7fcdf5c19be0>,16,15,[9 5],17,57,72,40,44
1,<environment.Job instance at 0x7fcdf6175e60>,22,17,[4 5],23,72,89,49,61
1,<environment.Job instance at 0x7fcdf6474820>,4,17,[6 5],5,72,89,67,72
1,<environment.Job instance at 0x7fcdf689cf50>,27,18,[10  5],28,95,113,67,95
1,<environment.Job instance at 0x7fcdf5eec4b0>,33,15,[7 2],34,113,128,79,99
1,<environment.Job instance at 0x7fcdb03514b0>,39,17,[9 4],40,128,145,88,116
1,<environment.Job instance at 0x7fcdf5c94190>,45,13,[1 5],46,121,134,75,121
1,<environment.Job instance at 0x7fcdb045d2d0>,49,14,[9 5],50,145,159,95,130
1,<environment.Job instance at 0x7fcdb045d690>,52,18,[9 4],53,159,177,106,148
1,<environment.Job instance at 0x7fcdb045deb0>,56,12,[6 3],57,177,189,120,161
1,<environment.Job instance at 0x7fcdb045db90>,58,17,[5 7],59,189,206,130,177
1,<environment.Job instance at 0x7fcdb0408460>,63,2,[2 5],64,180,182,116,180
1,<environment.Job instance at 0x7fcdb045d6e0>,60,1,[4 8],61,206,207,145,180
1,<environment.Job instance at 0x7fcdb0408cd0>,64,15,[ 2 10],65,207,222,142,193
1,<environment.Job instance at 0x7fcdb02e37d0>,71,13,[2 8],72,222,235,150,206
1,<environment.Job instance at 0x7fcdb02b2320>,76,18,[4 6],77,235,253,158,224
1,<environment.Job instance at 0x7fcdf62d9550>,0,3,[7 3],1,1,4,0,1
1,<environment.Job instance at 0x7fcdf5f5ca00>,1,13,[ 3 10],2,4,17,2,2
1,<environment.Job instance at 0x7fcdf612d230>,11,15,[9 5],12,17,32,5,15
1,<environment.Job instance at 0x7fcdf5df89b0>,17,12,[5 4],18,32,44,14,18
1,<environment.Job instance at 0x7fcdaff0bfa0>,19,16,[ 4 10],20,44,60,24,31
1,<environment.Job instance at 0x7fcdaff123c0>,24,14,[10  1],25,60,74,35,45
1,<environment.Job instance at 0x7fcdaff12690>,30,15,[4 9],31,74,89,43,60
1,<environment.Job instance at 0x7fcdaff12a00>,31,15,[7 5],32,89,104,57,78
1,<environment.Job instance at 0x7fcdaff12dc0>,40,15,[9 1],41,104,119,63,90
1,<environment.Job instance at 0x7fcdaff34230>,42,13,[6 5],43,119,132,76,105
1,<environment.Job instance at 0x7fcdaff340a0>,47,15,[6 1],48,132,147,84,119
1,<environment.Job instance at 0x7fcdaff34910>,51,3,[3 7],52,135,138,83,135
1,<environment.Job instance at 0x7fcdaff34aa0>,54,15,[7 5],55,147,162,92,142
1,<environment.Job instance at 0x7fcdaff34c80>,57,15,[ 1 10],58,162,177,104,149
1,<environment.Job instance at 0x7fcdaff69230>,63,14,[5 5],64,177,191,113,166
1,<environment.Job instance at 0x7fcdaff694b0>,68,16,[1 6],69,191,207,122,178
1,<environment.Job instance at 0x7fcdaff699b0>,76,12,[9 4],77,197,209,120,197
1,<environment.Job instance at 0x7fcdaff69a50>,77,2,[3 7],78,209,211,131,197
1,<environment.Job instance at 0x7fcdaff69410>,78,12,[10  1],79,211,223,132,197
1,<environment.Job instance at 0x7fcdaff69af0>,80,16,[9 2],81,223,239,142,213
1,<environment.Job instance at 0x7fcdafee9a50>,9,18,[1 5],10,10,28,0,10
1,<environment.Job instance at 0x7fcdf66bf5a0>,12,16,[10  2],13,37,53,24,37
1,<environment.Job instance at 0x7fcdf66bfdc0>,16,13,[9 5],17,53,66,36,38
1,<environment.Job instance at 0x7fcdf66aeb90>,21,14,[9 5],22,66,80,44,51
1,<environment.Job instance at 0x7fcdf5c04aa0>,29,15,[8 5],30,80,95,50,68
1,<environment.Job instance at 0x7fcdf68870a0>,32,16,[1 7],33,95,111,62,82
1,<environment.Job instance at 0x7fcdafed12d0>,37,16,[7 2],38,95,111,57,94
1,<environment.Job instance at 0x7fcdb04a3690>,42,14,[9 3],43,111,125,68,96
1,<environment.Job instance at 0x7fcdf635e0f0>,49,14,[3 8],50,125,139,75,111
1,<environment.Job instance at 0x7fcdf6515370>,2,2,[4 5],3,139,141,136,118
1,<environment.Job instance at 0x7fcdf5aa7b90>,55,17,[10  3],56,141,158,85,129
1,<environment.Job instance at 0x7fcdf6317280>,58,14,[6 3],59,158,172,99,143
1,<environment.Job instance at 0x7fcdb022faf0>,63,13,[8 3],64,172,185,108,156
1,<environment.Job instance at 0x7fcdf6419e60>,64,17,[8 5],65,185,202,120,173
1,<environment.Job instance at 0x7fcdb04249b0>,73,17,[6 4],74,202,219,128,190
1,<environment.Job instance at 0x7fcdf6161500>,77,14,[2 6],78,202,216,124,191
1,<environment.Job instance at 0x7fcdf6161f50>,84,15,[8 1],85,219,234,134,207
1,<environment.Job instance at 0x7fcdf5b55460>,1,16,[6 5],2,2,18,0,2
1,<environment.Job instance at 0x7fcdb0429c80>,5,16,[6 5],6,18,34,12,6
1,<environment.Job instance at 0x7fcdf5d1e190>,9,3,[4 5],10,10,13,0,10
1,<environment.Job instance at 0x7fcdb01d5a50>,10,15,[5 1],11,34,49,23,22
1,<environment.Job instance at 0x7fcdb0203b90>,12,1,[10  2],13,49,50,36,33
1,<environment.Job instance at 0x7fcdf637e3c0>,21,14,[6 1],22,50,64,28,35
1,<environment.Job instance at 0x7fcdb0373910>,24,17,[3 7],25,50,67,25,39
1,<environment.Job instance at 0x7fcdb0324be0>,26,14,[7 5],27,67,81,40,56
1,<environment.Job instance at 0x7fcdf5e1c7d0>,34,16,[7 5],35,81,97,46,69
1,<environment.Job instance at 0x7fcdafff6280>,46,12,[3 5],47,90,102,43,90
1,<environment.Job instance at 0x7fcdfafa0be0>,30,18,[5 5],31,100,118,69,100
1,<environment.Job instance at 0x7fcdb0206a50>,54,14,[5 9],55,118,132,63,106
1,<environment.Job instance at 0x7fcdf5ac86e0>,59,2,[4 5],60,116,118,56,116
1,<environment.Job instance at 0x7fcdf62fc820>,61,14,[1 5],62,132,146,70,117
1,<environment.Job instance at 0x7fcdb0206c80>,55,14,[6 3],56,132,146,76,117
1,<environment.Job instance at 0x7fcdb043c5a0>,62,17,[5 1],63,146,163,83,134
1,<environment.Job instance at 0x7fcdafeb3550>,67,17,[5 5],68,146,163,78,134
1,<environment.Job instance at 0x7fcdafeb3eb0>,69,14,[8 5],70,163,177,93,148
1,<environment.Job instance at 0x7fcdf613e870>,71,15,[7 3],72,177,192,105,164
1,<environment.Job instance at 0x7fcdb01cb3c0>,79,1,[10  5],80,208,209,128,208
1,<environment.Job instance at 0x7fcdb02cd050>,81,14,[8 4],82,209,223,127,208
1,<environment.Job instance at 0x7fcdb02cdc80>,82,2,[ 2 10],83,223,225,140,208
1,<environment.Job instance at 0x7fcdb02cd640>,84,16,[8 1],85,225,241,140,212
1,<environment.Job instance at 0x7fcdf5b5eaf0>,0,2,[2 6],1,1,3,0,1
1,<environment.Job instance at 0x7fcdf5e40960>,1,2,[7 1],2,3,5,1,3
1,<environment.Job instance at 0x7fcdf5cd9280>,5,18,[ 2 10],6,6,24,0,6
1,<environment.Job instance at 0x7fcdb01fc870>,15,15,[8 3],16,24,39,8,20
1,<environment.Job instance at 0x7fcdf61f3280>,17,12,[9 2],18,39,51,21,22
1,<environment.Job instance at 0x7fcdf61f34b0>,21,12,[8 2],22,51,63,29,36
1,<environment.Job instance at 0x7fcdb01fc190>,12,26,[1 5],13,40,66,27,40
1,<environment.Job instance at 0x7fcdf61f3b90>,32,15,[1 6],33,66,81,33,57
1,<environment.Job instance at 0x7fcdf61f3cd0>,34,13,[1 9],35,81,94,46,70
1,<environment.Job instance at 0x7fcdf61f3eb0>,36,18,[7 1],37,72,90,35,72
1,<environment.Job instance at 0x7fcdf6216780>,44,14,[2 7],45,108,122,63,108
1,<environment.Job instance at 0x7fcdf6216460>,43,3,[9 4],44,122,125,78,108
1,<environment.Job instance at 0x7fcdf6216aa0>,50,17,[4 7],51,125,142,74,114
1,<environment.Job instance at 0x7fcdf6216be0>,52,14,[6 3],53,125,139,72,119
1,<environment.Job instance at 0x7fcdf62169b0>,48,16,[5 1],49,139,155,90,130
1,<environment.Job instance at 0x7fcdf6209370>,60,18,[3 6],61,142,160,81,138
1,<environment.Job instance at 0x7fcdf62166e0>,58,3,[5 9],59,160,163,101,140
1,<environment.Job instance at 0x7fcdf62095f0>,64,12,[10  3],65,163,175,98,146
1,<environment.Job instance at 0x7fcdf62097d0>,67,13,[7 1],68,175,188,107,159
1,<environment.Job instance at 0x7fcdf6209910>,69,12,[4 8],70,188,200,118,171
1,<environment.Job instance at 0x7fcdf6209c80>,72,12,[1 7],73,200,212,127,184
1,<environment.Job instance at 0x7fcdf6209dc0>,75,15,[1 6],76,212,227,136,198
1,<environment.Job instance at 0x7fcdafe27230>,1,18,[4 9],2,2,20,0,2
1,<environment.Job instance at 0x7fcdaffb4a00>,5,16,[2 7],6,20,36,14,7
1,<environment.Job instance at 0x7fcdf5c8b190>,13,18,[6 3],14,20,38,6,15
1,<environment.Job instance at 0x7fcdf5c8b5f0>,17,18,[6 4],18,38,56,20,27
1,<environment.Job instance at 0x7fcdf5c8b730>,20,1,[2 7],21,56,57,35,39
1,<environment.Job instance at 0x7fcdf5c8a730>,23,12,[4 8],24,57,69,33,40
1,<environment.Job instance at 0x7fcdf5c8afa0>,26,15,[4 7],27,69,84,42,55
1,<environment.Job instance at 0x7fcdaff1e5f0>,35,13,[3 7],36,84,97,48,79
1,<environment.Job instance at 0x7fcdaff1e190>,40,17,[5 9],41,97,114,56,96
1,<environment.Job instance at 0x7fcdf5f1a780>,44,14,[9 5],45,114,128,69,113
1,<environment.Job instance at 0x7fcdf66c9b90>,60,17,[8 2],61,165,182,104,165
1,<environment.Job instance at 0x7fcdf66c9e60>,61,14,[4 9],62,182,196,120,167
1,<environment.Job instance at 0x7fcdb007c460>,76,15,[2 7],77,225,240,148,225
1,<environment.Job instance at 0x7fcdf62162d0>,0,2,[7 1],1,1,3,0,1
1,<environment.Job instance at 0x7fcdaff8fa00>,2,1,[ 3 10],3,3,4,0,3
1,<environment.Job instance at 0x7fcdf681fd20>,3,12,[5 8],4,4,16,0,4
1,<environment.Job instance at 0x7fcdf681fa00>,7,13,[5 5],8,16,29,8,8
1,<environment.Job instance at 0x7fcdf681fd70>,11,12,[4 5],12,16,28,4,12
1,<environment.Job instance at 0x7fcdafd49550>,29,1,[5 1],30,35,36,5,35
1,<environment.Job instance at 0x7fcdafeb30a0>,30,2,[10  1],31,36,38,5,35
1,<environment.Job instance at 0x7fcdafeb3cd0>,31,3,[2 9],32,38,41,6,35
1,<environment.Job instance at 0x7fcdafeb3640>,32,3,[10  3],33,41,44,8,35
1,<environment.Job instance at 0x7fcdafeb33c0>,33,15,[8 4],34,44,59,10,35
1,<environment.Job instance at 0x7fcdf6328640>,44,14,[10  4],45,61,75,16,61
1,<environment.Job instance at 0x7fcdf6328a00>,45,17,[4 9],46,75,92,29,75
1,<environment.Job instance at 0x7fcdb0327730>,51,16,[5 7],52,92,108,40,79
1,<environment.Job instance at 0x7fcdafd7b640>,57,18,[4 7],58,108,126,50,108
1,<environment.Job instance at 0x7fcdafd7b3c0>,61,14,[2 7],62,133,147,71,133
1,<environment.Job instance at 0x7fcdafd7bcd0>,63,18,[10  5],64,147,165,83,136
1,<environment.Job instance at 0x7fcdafda6730>,71,3,[6 5],72,165,168,93,149
1,<environment.Job instance at 0x7fcdafda6b90>,72,15,[ 3 10],73,168,183,95,157
1,<environment.Job instance at 0x7fcdf59ac460>,77,12,[ 3 10],78,183,195,105,169
1,<environment.Job instance at 0x7fcdf59ac0a0>,78,2,[6 4],79,195,197,116,171
1,<environment.Job instance at 0x7fcdafda6af0>,69,14,[3 5],70,195,209,125,182
1,<environment.Job instance at 0x7fcdf59ac6e0>,82,2,[5 7],83,209,211,126,188
1,<environment.Job instance at 0x7fcdf59ac640>,85,14,[10  1],86,211,225,125,196
1,<environment.Job instance at 0x7fcdb00710f0>,1,12,[7 4],2,2,14,0,2
1,<environment.Job instance at 0x7fcdb03e8960>,2,18,[7 3],3,14,32,11,3
1,<environment.Job instance at 0x7fcdf5a2c230>,12,12,[5 4],13,32,44,19,20
1,<environment.Job instance at 0x7fcdaff8f320>,14,17,[5 6],15,32,49,17,24
1,<environment.Job instance at 0x7fcdafd59550>,20,14,[6 1],21,49,63,28,41
1,<environment.Job instance at 0x7fcdf628c820>,26,13,[ 1 10],27,63,76,36,49
1,<environment.Job instance at 0x7fcdf628cdc0>,27,14,[9 3],28,76,90,48,61
1,<environment.Job instance at 0x7fcdaff45af0>,21,2,[4 8],22,90,92,68,78
1,<environment.Job instance at 0x7fcdf628ce60>,31,15,[3 9],32,92,107,60,80
1,<environment.Job instance at 0x7fcdf5c550f0>,46,3,[1 8],47,112,115,65,112
1,<environment.Job instance at 0x7fcdf5c55230>,48,2,[5 7],49,115,117,66,112
1,<environment.Job instance at 0x7fcdf5d0ec30>,51,17,[6 5],52,117,134,65,114
1,<environment.Job instance at 0x7fcdafdaf690>,52,3,[6 2],53,147,150,94,147
1,<environment.Job instance at 0x7fcdf5fc29b0>,66,2,[5 5],67,150,152,83,149
1,<environment.Job instance at 0x7fcdb0411e60>,71,13,[5 5],72,156,169,84,156
1,<environment.Job instance at 0x7fcdafda3d70>,45,17,[ 4 10],46,169,186,123,157
1,<environment.Job instance at 0x7fcdf599f230>,67,2,[9 3],68,186,188,118,160
1,<environment.Job instance at 0x7fcdb03a3690>,86,1,[3 9],87,188,189,101,185
1,<environment.Job instance at 0x7fcdb0412870>,90,17,[2 8],91,204,221,113,204
1,<environment.Job instance at 0x7fcdb0412af0>,93,13,[5 1],94,207,220,113,207
1,<environment.Job instance at 0x7fcdb043dd20>,2,2,[7 5],3,3,5,0,3
1,<environment.Job instance at 0x7fcdf5a2ccd0>,3,15,[10  1],4,5,20,1,4
1,<environment.Job instance at 0x7fcdf62a5d20>,14,16,[5 6],15,45,61,30,45
1,<environment.Job instance at 0x7fcdf62a51e0>,15,16,[10  2],16,61,77,45,48
1,<environment.Job instance at 0x7fcdb03250f0>,26,18,[3 5],27,77,95,50,67
1,<environment.Job instance at 0x7fcdf5e62a00>,31,12,[7 5],32,81,93,49,81
1,<environment.Job instance at 0x7fcdf62f1550>,17,12,[4 7],18,96,108,78,96
1,<environment.Job instance at 0x7fcdf62a5870>,12,26,[ 1 10],13,108,134,95,105
1,<environment.Job instance at 0x7fcdf5bc5af0>,44,3,[6 1],45,134,137,89,109
1,<environment.Job instance at 0x7fcdf5bc5d70>,46,12,[9 1],47,137,149,90,120
1,<environment.Job instance at 0x7fcdf6349320>,48,14,[7 3],49,149,163,100,134
1,<environment.Job instance at 0x7fcdf6349be0>,54,18,[6 3],55,163,181,108,153
1,<environment.Job instance at 0x7fcdf5e2b3c0>,62,18,[9 5],63,188,206,125,188
1,<environment.Job instance at 0x7fcdb042f9b0>,36,14,[3 9],37,219,233,182,219
1,<environment.Job instance at 0x7fcdf5ec8af0>,71,16,[8 5],72,233,249,161,220
1,<environment.Job instance at 0x7fcdf62f17d0>,0,17,[4 8],1,1,18,0,1
1,<environment.Job instance at 0x7fcdb04e7e10>,9,18,[5 5],10,18,36,8,10
1,<environment.Job instance at 0x7fcdb04e7c80>,10,16,[5 4],11,18,34,7,15
1,<environment.Job instance at 0x7fcdafaf4eb0>,16,17,[3 7],17,36,53,19,24
1,<environment.Job instance at 0x7fcdafaf4050>,20,14,[7 4],21,53,67,32,38
1,<environment.Job instance at 0x7fcdf6034aa0>,25,18,[5 3],26,67,85,41,56
1,<environment.Job instance at 0x7fcdafb4f870>,32,16,[9 2],33,85,101,52,72
1,<environment.Job instance at 0x7fcdf5a26a50>,11,18,[5 5],12,108,126,96,108
1,<environment.Job instance at 0x7fcdafb4f640>,49,15,[3 6],50,136,151,86,136
1,<environment.Job instance at 0x7fcdafb53460>,53,1,[5 4],54,138,139,84,138
1,<environment.Job instance at 0x7fcdf602bb90>,59,1,[8 3],60,151,152,91,139
1,<environment.Job instance at 0x7fcdf602b730>,62,18,[7 2],63,152,170,89,152
1,<environment.Job instance at 0x7fcdf602b0a0>,65,16,[2 7],66,156,172,90,156
1,<environment.Job instance at 0x7fcdf602baa0>,68,12,[3 8],69,172,184,103,158
1,<environment.Job instance at 0x7fcdf602b5a0>,61,1,[9 1],62,184,185,122,166
1,<environment.Job instance at 0x7fcdafbd0640>,72,13,[1 7],73,184,197,111,168
1,<environment.Job instance at 0x7fcdafbd0c30>,75,13,[6 1],76,185,198,109,181
1,<environment.Job instance at 0x7fcdafbd0cd0>,78,1,[2 8],79,197,198,118,184
1,<environment.Job instance at 0x7fcdafbd0d20>,79,13,[3 6],80,198,211,118,184
1,<environment.Job instance at 0x7fcdafbd00f0>,85,17,[5 8],86,211,228,125,199
1,<environment.Job instance at 0x7fcdafb4f5a0>,0,2,[1 8],1,1,3,0,1
1,<environment.Job instance at 0x7fcdf608a5a0>,1,12,[4 6],2,3,15,1,2
1,<environment.Job instance at 0x7fcdf5ff5500>,9,12,[1 5],10,15,27,5,15
1,<environment.Job instance at 0x7fcdb02b74b0>,12,13,[3 6],13,27,40,14,23
1,<environment.Job instance at 0x7fcdf5a61d20>,13,17,[7 2],14,23,40,9,23
1,<environment.Job instance at 0x7fcdaff8c550>,17,18,[1 8],18,40,58,22,29
1,<environment.Job instance at 0x7fcdaff8c2d0>,18,2,[6 2],19,40,42,21,29
1,<environment.Job instance at 0x7fcdf5e26410>,11,1,[3 9],12,58,59,46,41
1,<environment.Job instance at 0x7fcdaff8c690>,19,17,[6 3],20,59,76,39,47
1,<environment.Job instance at 0x7fcdaff8cf00>,22,18,[1 6],23,59,77,36,48
1,<environment.Job instance at 0x7fcdaff8c7d0>,24,1,[3 8],25,77,78,52,49
1,<environment.Job instance at 0x7fcdf6003460>,25,16,[7 4],26,78,94,52,65
1,<environment.Job instance at 0x7fcdf5fe5e10>,43,13,[6 5],44,94,107,50,80
1,<environment.Job instance at 0x7fcdf6051eb0>,48,15,[5 4],49,107,122,58,99
1,<environment.Job instance at 0x7fcdf5fe6500>,49,17,[7 5],50,122,139,72,112
1,<environment.Job instance at 0x7fcdf5cbdb40>,56,15,[8 5],57,139,154,82,138
1,<environment.Job instance at 0x7fcdf6012f00>,59,17,[7 1],60,154,171,94,142
1,<environment.Job instance at 0x7fcdf5962460>,65,3,[2 6],66,167,170,101,167
1,<environment.Job instance at 0x7fcdf5956eb0>,69,13,[4 9],70,171,184,101,171
1,<environment.Job instance at 0x7fcdf59595a0>,72,17,[3 8],73,184,201,111,184
1,<environment.Job instance at 0x7fcdf5959050>,73,14,[4 9],74,201,215,127,186
1,<environment.Job instance at 0x7fcdf59593c0>,79,18,[8 2],80,215,233,135,204
1,<environment.Job instance at 0x7fcdf5d6f050>,1,2,[2 7],2,2,4,0,2
1,<environment.Job instance at 0x7fcdaff8cd20>,2,13,[2 6],3,4,17,1,3
1,<environment.Job instance at 0x7fcdafcfdc30>,3,17,[6 4],4,4,21,0,4
1,<environment.Job instance at 0x7fcdf66bdb90>,8,12,[1 5],9,17,29,8,9
1,<environment.Job instance at 0x7fcdf5c5ca50>,15,12,[6 4],16,21,33,5,16
1,<environment.Job instance at 0x7fcdf5c5c870>,16,14,[ 2 10],17,33,47,16,19
1,<environment.Job instance at 0x7fcdf5fc4cd0>,26,18,[10  3],27,47,65,20,47
1,<environment.Job instance at 0x7fcdf5cc3be0>,29,17,[1 5],30,65,82,35,53
1,<environment.Job instance at 0x7fcdf6410a00>,33,15,[5 7],34,82,97,48,71
1,<environment.Job instance at 0x7fcdafb7faf0>,38,15,[2 6],39,97,112,58,88
1,<environment.Job instance at 0x7fcdafb7fd20>,39,16,[5 5],40,112,128,72,99
1,<environment.Job instance at 0x7fcdf5bc27d0>,31,3,[1 5],32,112,115,80,100
1,<environment.Job instance at 0x7fcdafb7f320>,47,3,[1 7],48,128,131,80,104
1,<environment.Job instance at 0x7fcdb03fee60>,58,13,[5 4],59,141,154,82,141
1,<environment.Job instance at 0x7fcdb03fe870>,59,17,[4 6],60,144,161,84,144
1,<environment.Job instance at 0x7fcdf62a55a0>,61,15,[5 1],62,154,169,92,149
1,<environment.Job instance at 0x7fcdf60b8b40>,65,17,[4 6],66,161,178,95,159
1,<environment.Job instance at 0x7fcdf612d410>,73,14,[5 4],74,169,183,95,169
1,<environment.Job instance at 0x7fcdf612de60>,66,15,[10  5],67,183,198,116,171
1,<environment.Job instance at 0x7fcdf5c36370>,77,17,[9 4],78,198,215,120,186
1,<environment.Job instance at 0x7fcdf637d730>,83,12,[3 6],84,215,227,131,198
1,<environment.Job instance at 0x7fcdafc58820>,1,16,[1 7],2,2,18,0,2
1,<environment.Job instance at 0x7fcdb01d8140>,6,12,[3 9],7,18,30,11,7
1,<environment.Job instance at 0x7fcdf6279550>,15,15,[2 6],16,30,45,14,19
1,<environment.Job instance at 0x7fcdafbc7140>,20,18,[8 3],21,34,52,13,34
1,<environment.Job instance at 0x7fcdafbc7d20>,24,12,[4 5],25,52,64,27,36
1,<environment.Job instance at 0x7fcdafbc77d0>,27,20,[1 5],28,62,82,34,62
1,<environment.Job instance at 0x7fcdafbc7050>,33,13,[3 7],34,82,95,48,68
1,<environment.Job instance at 0x7fcdafb5ba50>,34,15,[7 4],35,95,110,60,81
1,<environment.Job instance at 0x7fcdafb5b910>,41,12,[8 5],42,110,122,68,95
1,<environment.Job instance at 0x7fcdafb5b8c0>,46,13,[5 4],47,122,135,75,107
1,<environment.Job instance at 0x7fcdf65fc820>,51,14,[9 3],52,135,149,83,134
1,<environment.Job instance at 0x7fcdf65fcb40>,52,14,[ 3 10],53,149,163,96,134
1,<environment.Job instance at 0x7fcdf65fc690>,63,3,[6 1],64,163,166,99,149
1,<environment.Job instance at 0x7fcdf65fc190>,64,18,[2 5],65,163,181,98,152
1,<environment.Job instance at 0x7fcdf65fceb0>,69,15,[2 5],70,169,184,99,169
1,<environment.Job instance at 0x7fcdf5d8f960>,77,1,[1 6],78,184,185,106,178
1,<environment.Job instance at 0x7fcdf5d8fd70>,78,14,[5 6],79,185,199,106,178
1,<environment.Job instance at 0x7fcdf5d8f1e0>,79,2,[7 3],80,181,183,101,179
1,<environment.Job instance at 0x7fcdf5d8f410>,81,1,[7 3],82,183,184,101,179
1,<environment.Job instance at 0x7fcdf5d8fd20>,82,18,[7 3],83,199,217,116,188
1,<environment.Job instance at 0x7fcdafb92320>,88,1,[5 8],89,217,218,128,192
1,<environment.Job instance at 0x7fcdafb92370>,90,15,[8 2],91,218,233,127,204
1,<environment.Job instance at 0x7fcdf5b285f0>,0,18,[3 7],1,1,19,0,1
1,<environment.Job instance at 0x7fcdf59e2500>,3,13,[8 4],4,19,32,15,4
1,<environment.Job instance at 0x7fcdafa82aa0>,17,16,[5 1],18,32,48,14,29
1,<environment.Job instance at 0x7fcdf609aeb0>,21,3,[7 4],22,69,72,47,69
1,<environment.Job instance at 0x7fcdb000c8c0>,23,3,[9 3],24,72,75,48,70
1,<environment.Job instance at 0x7fcdf669ceb0>,32,13,[5 1],33,75,88,42,70
1,<environment.Job instance at 0x7fcdf663f690>,36,14,[ 3 10],37,88,102,51,74
1,<environment.Job instance at 0x7fcdf663ff00>,39,14,[5 4],40,102,116,62,88
1,<environment.Job instance at 0x7fcdb0289460>,48,14,[7 1],49,116,130,67,101
1,<environment.Job instance at 0x7fcdb0289370>,49,18,[6 3],50,130,148,80,119
1,<environment.Job instance at 0x7fcdb0288b40>,66,14,[4 9],67,148,162,81,137
1,<environment.Job instance at 0x7fcdb0288640>,68,17,[9 3],69,162,179,93,151
1,<environment.Job instance at 0x7fcdb02886e0>,70,16,[ 1 10],71,179,195,108,166
1,<environment.Job instance at 0x7fcdb02aad70>,79,17,[10  1],80,195,212,115,183
1,<environment.Job instance at 0x7fcdb02aa5f0>,87,14,[10  2],88,212,226,124,197
1,<environment.Job instance at 0x7fcdb0293a00>,89,15,[4 9],90,226,241,136,212
1,<environment.Job instance at 0x7f0a0c211230>,0,13,[9 3],1,1,14,0,1
1,<environment.Job instance at 0x7f0a04e019b0>,11,15,[4 8],12,14,29,2,14
1,<environment.Job instance at 0x7f0a04e015f0>,13,18,[ 4 10],14,37,55,23,37
1,<environment.Job instance at 0x7f0a04e01d70>,16,16,[3 5],17,55,71,38,42
1,<environment.Job instance at 0x7f0a04e01f50>,19,14,[3 5],20,55,69,35,42
1,<environment.Job instance at 0x7f0a04e03370>,25,12,[ 5 10],26,71,83,45,63
1,<environment.Job instance at 0x7f0a04e03730>,30,14,[5 2],31,83,97,52,68
1,<environment.Job instance at 0x7f0a04e03820>,31,14,[2 5],32,83,97,51,68
1,<environment.Job instance at 0x7f0a04e03b90>,40,15,[10  3],41,97,112,56,95
1,<environment.Job instance at 0x7f0a04e06550>,43,18,[5 5],44,112,130,68,102
1,<environment.Job instance at 0x7f0a04e067d0>,48,15,[10  1],49,130,145,81,118
1,<environment.Job instance at 0x7f0a04e06af0>,53,17,[5 7],54,145,162,91,133
1,<environment.Job instance at 0x7f0a04e06e10>,58,14,[2 7],59,162,176,103,147
1,<environment.Job instance at 0x7f0a04e098c0>,66,3,[7 4],67,176,179,109,171
1,<environment.Job instance at 0x7f0a04e03550>,28,23,[10  4],29,201,224,172,201
1,<environment.Job instance at 0x7f0a04e0b0a0>,77,13,[8 5],78,224,237,146,214
1,<environment.Job instance at 0x7f0a04e0b460>,80,14,[2 6],81,237,251,156,222
1,<environment.Job instance at 0x7f0a04e10870>,0,15,[8 3],1,1,16,0,1
1,<environment.Job instance at 0x7f0a04e10eb0>,4,3,[5 6],5,16,19,11,5
1,<environment.Job instance at 0x7f0a04e19140>,5,14,[ 2 10],6,19,33,13,6
1,<environment.Job instance at 0x7f0a04e19230>,6,1,[9 3],7,33,34,26,7
1,<environment.Job instance at 0x7f0a0c386f50>,18,1,[4 6],19,34,35,15,24
1,<environment.Job instance at 0x7f0a0c386aa0>,19,12,[4 9],20,35,47,15,24
1,<environment.Job instance at 0x7f0a0c386230>,20,2,[3 8],21,47,49,26,24
1,<environment.Job instance at 0x7f0a0c3861e0>,22,14,[1 8],23,49,63,26,36
1,<environment.Job instance at 0x7f0a0c379c30>,28,14,[9 5],29,63,77,34,50
1,<environment.Job instance at 0x7f0a0c3799b0>,31,15,[1 7],32,77,92,45,63
1,<environment.Job instance at 0x7f0a0c23b7d0>,51,13,[8 5],52,110,123,58,110
1,<environment.Job instance at 0x7f0a0c378b40>,52,14,[2 9],53,123,137,70,121
1,<environment.Job instance at 0x7f0a0c378fa0>,53,2,[7 3],54,137,139,83,121
1,<environment.Job instance at 0x7f0a0c23d370>,59,12,[9 3],60,139,151,79,123
1,<environment.Job instance at 0x7f0a0c38c6e0>,73,14,[7 5],74,157,171,83,157
1,<environment.Job instance at 0x7f0a0c38c190>,75,14,[10  2],76,171,185,95,159
1,<environment.Job instance at 0x7f0a0c382730>,84,16,[7 2],85,185,201,100,176
1,<environment.Job instance at 0x7f0a0c38c4b0>,72,14,[2 7],73,192,206,119,192
1,<environment.Job instance at 0x7f0a0c37eb40>,1,1,[ 2 10],2,2,3,0,2
1,<environment.Job instance at 0x7f0a0c385a00>,2,1,[3 9],3,3,4,0,3
1,<environment.Job instance at 0x7f0a04e107d0>,3,2,[4 7],4,4,6,0,4
1,<environment.Job instance at 0x7f0a0c383aa0>,4,12,[7 2],5,6,18,1,5
1,<environment.Job instance at 0x7f09c10a75f0>,6,3,[8 4],7,18,21,11,7
1,<environment.Job instance at 0x7f09c10a7910>,7,13,[9 2],8,21,34,13,8
1,<environment.Job instance at 0x7f09c1177690>,15,1,[8 1],16,34,35,18,17
1,<environment.Job instance at 0x7f09c10c8690>,19,2,[10  2],20,35,37,15,24
1,<environment.Job instance at 0x7f09c10c8230>,17,18,[5 9],18,37,55,19,27
1,<environment.Job instance at 0x7f09c1056be0>,32,18,[8 2],33,63,81,30,63
1,<environment.Job instance at 0x7f09c11a6500>,39,16,[9 4],40,81,97,41,68
1,<environment.Job instance at 0x7f09c123c960>,45,13,[6 4],46,97,110,51,83
1,<environment.Job instance at 0x7f09c123cc80>,48,17,[3 6],49,97,114,48,95
1,<environment.Job instance at 0x7f09c123c320>,54,15,[5 1],55,113,128,58,113
1,<environment.Job instance at 0x7f0a04bbf280>,65,12,[2 6],66,139,151,73,139
1,<environment.Job instance at 0x7f09c1187780>,66,15,[2 7],67,151,166,84,140
1,<environment.Job instance at 0x7f0a04bd5c80>,68,15,[7 5],69,166,181,97,153
1,<environment.Job instance at 0x7f09c10bb1e0>,80,15,[7 1],81,216,231,135,216
1,<environment.Job instance at 0x7f0a04bbf190>,1,3,[9 4],2,2,5,0,2
1,<environment.Job instance at 0x7f0a04e100a0>,2,1,[7 4],3,5,6,2,3
1,<environment.Job instance at 0x7f09c1416b40>,3,2,[9 2],4,6,8,2,4
1,<environment.Job instance at 0x7f0a04ba7730>,4,17,[7 2],5,8,25,3,5
1,<environment.Job instance at 0x7f09c173ebe0>,6,12,[8 3],7,25,37,18,8
1,<environment.Job instance at 0x7f09c15717d0>,27,2,[6 4],28,37,39,9,31
1,<environment.Job instance at 0x7f09c1571550>,28,14,[4 6],29,37,51,8,31
1,<environment.Job instance at 0x7f0a051e2aa0>,30,13,[5 6],31,51,64,20,38
1,<environment.Job instance at 0x7f09c154d690>,31,12,[5 5],32,64,76,32,47
1,<environment.Job instance at 0x7f09c1571eb0>,32,12,[5 5],33,64,76,31,47
1,<environment.Job instance at 0x7f09c154d730>,35,14,[7 4],36,76,90,40,61
1,<environment.Job instance at 0x7f09c16d4be0>,47,2,[10  4],48,90,92,42,76
1,<environment.Job instance at 0x7f09c16d41e0>,48,16,[6 3],49,92,108,43,79
1,<environment.Job instance at 0x7f09c15752d0>,51,14,[1 5],52,92,106,40,90
1,<environment.Job instance at 0x7f0a04f220a0>,53,14,[2 7],54,106,120,52,91
1,<environment.Job instance at 0x7f09c10c1190>,63,3,[8 4],64,120,123,56,112
1,<environment.Job instance at 0x7f09c10a5050>,68,17,[7 4],69,145,162,76,145
1,<environment.Job instance at 0x7f0a04e744b0>,11,17,[2 6],12,149,166,137,149
1,<environment.Job instance at 0x7f09c16d4820>,50,18,[4 7],51,166,184,115,158
1,<environment.Job instance at 0x7f09c1057af0>,75,16,[6 3],76,164,180,88,164
1,<environment.Job instance at 0x7f09c1051690>,81,3,[ 4 10],82,196,199,114,196
1,<environment.Job instance at 0x7f09c1051d20>,80,15,[7 5],81,205,220,124,205
1,<environment.Job instance at 0x7f0a04c5d3c0>,0,3,[1 7],1,1,4,0,1
1,<environment.Job instance at 0x7f0a04e57280>,1,18,[8 4],2,4,22,2,2
1,<environment.Job instance at 0x7f09c11d9190>,14,14,[7 1],15,22,36,7,15
1,<environment.Job instance at 0x7f09c1425370>,21,14,[5 8],22,36,50,14,35
1,<environment.Job instance at 0x7f09c1425c80>,22,16,[9 2],23,50,66,27,37
1,<environment.Job instance at 0x7f09c1425960>,23,15,[6 3],24,66,81,42,52
1,<environment.Job instance at 0x7f09c1425780>,25,18,[7 5],26,81,99,55,70
1,<environment.Job instance at 0x7f0a0523e1e0>,32,18,[5 1],33,99,117,66,92
1,<environment.Job instance at 0x7f09c169b4b0>,40,14,[3 6],41,101,115,60,101
1,<environment.Job instance at 0x7f0a0523f370>,42,15,[1 6],43,115,130,72,101
1,<environment.Job instance at 0x7f0a0525eb90>,45,17,[7 1],46,117,134,71,113
1,<environment.Job instance at 0x7f0a0525e9b0>,50,15,[1 6],51,130,145,79,121
1,<environment.Job instance at 0x7f0a0525eaf0>,51,14,[10  4],52,145,159,93,130
1,<environment.Job instance at 0x7f0a0525d050>,53,2,[10  5],54,159,161,105,139
1,<environment.Job instance at 0x7f0a0525d2d0>,57,14,[6 2],58,161,175,103,152
1,<environment.Job instance at 0x7f0a0525dd70>,59,17,[7 2],60,175,192,115,163
1,<environment.Job instance at 0x7f0a05266e60>,64,12,[6 5],65,192,204,127,185
1,<environment.Job instance at 0x7f0a05266280>,67,12,[ 4 10],68,204,216,136,191
1,<environment.Job instance at 0x7f0a0525d5a0>,63,27,[9 3],64,216,243,152,215
1,<environment.Job instance at 0x7f09c13d95a0>,0,16,[9 2],1,1,17,0,1
1,<environment.Job instance at 0x7f0a051e6d70>,7,1,[3 6],8,17,18,9,8
1,<environment.Job instance at 0x7f0a051e6af0>,8,3,[8 2],9,18,21,9,9
1,<environment.Job instance at 0x7f0a051e6cd0>,9,3,[ 5 10],10,21,24,11,10
1,<environment.Job instance at 0x7f0a051e6500>,10,1,[4 6],11,24,25,13,11
1,<environment.Job instance at 0x7f0a051e6690>,11,1,[4 6],12,25,26,13,12
1,<environment.Job instance at 0x7f0a051e60a0>,17,17,[5 2],18,24,41,6,18
1,<environment.Job instance at 0x7f0a051e6fa0>,14,2,[ 2 10],15,41,43,26,19
1,<environment.Job instance at 0x7f0a051d6be0>,20,15,[3 9],21,43,58,22,29
1,<environment.Job instance at 0x7f0a051d61e0>,25,16,[5 3],26,58,74,32,46
1,<environment.Job instance at 0x7f0a051d6320>,29,13,[3 6],30,58,71,28,55
1,<environment.Job instance at 0x7f0a051d60f0>,31,14,[4 6],32,71,85,39,61
1,<environment.Job instance at 0x7f09c1764910>,37,17,[4 9],38,85,102,47,74
1,<environment.Job instance at 0x7f09c17647d0>,44,14,[7 4],45,102,116,57,89
1,<environment.Job instance at 0x7f09c1764f50>,47,18,[3 6],48,102,120,54,96
1,<environment.Job instance at 0x7f09c1750960>,53,3,[9 2],54,120,123,66,99
1,<environment.Job instance at 0x7f09c1750d20>,58,1,[8 4],59,123,124,64,123
1,<environment.Job instance at 0x7f09c17505f0>,59,3,[7 4],60,124,127,64,123
1,<environment.Job instance at 0x7f09c1750640>,60,2,[4 9],61,127,129,66,123
1,<environment.Job instance at 0x7f09c1750eb0>,62,17,[1 6],63,129,146,66,128
1,<environment.Job instance at 0x7f0a04e56410>,63,16,[4 9],64,146,162,82,133
1,<environment.Job instance at 0x7f0a04e56d20>,69,18,[9 5],70,162,180,92,155
1,<environment.Job instance at 0x7f0a04da7c80>,78,1,[6 1],79,184,185,105,184
1,<environment.Job instance at 0x7f0a04da70f0>,79,15,[5 2],80,185,200,105,184
1,<environment.Job instance at 0x7f0a04da7910>,74,17,[6 5],75,200,217,125,188
1,<environment.Job instance at 0x7f0a04da7370>,83,3,[5 8],84,197,200,113,197
1,<environment.Job instance at 0x7f0a07b2a280>,89,1,[10  3],90,217,218,127,212
1,<environment.Job instance at 0x7f0a051ba410>,90,16,[5 1],91,218,234,127,212
1,<environment.Job instance at 0x7f0a051e65a0>,0,1,[4 8],1,1,2,0,1
1,<environment.Job instance at 0x7f09c1100e60>,1,16,[ 4 10],2,2,18,0,2
1,<environment.Job instance at 0x7f0a0c260690>,2,3,[5 2],3,18,21,15,3
1,<environment.Job instance at 0x7f0a07b235a0>,5,16,[4 6],6,18,34,12,6
1,<environment.Job instance at 0x7f0a04e38be0>,11,13,[2 8],12,34,47,22,18
1,<environment.Job instance at 0x7f0a0513eaf0>,16,18,[4 6],17,47,65,30,36
1,<environment.Job instance at 0x7f0a073e5050>,19,12,[5 7],20,65,77,45,48
1,<environment.Job instance at 0x7f0a073ee1e0>,30,13,[9 3],31,77,90,46,65
1,<environment.Job instance at 0x7f0a074e4550>,32,15,[3 8],33,90,105,57,76
1,<environment.Job instance at 0x7f09c1591cd0>,45,16,[1 6],46,119,135,73,119
1,<environment.Job instance at 0x7f0a079b4c80>,51,18,[9 3],52,140,158,88,140
1,<environment.Job instance at 0x7f09c153dcd0>,58,16,[2 7],59,161,177,102,161
1,<environment.Job instance at 0x7f09c153d370>,62,18,[5 8],63,177,195,114,168
1,<environment.Job instance at 0x7f09c153d280>,66,16,[6 1],67,195,211,128,188
1,<environment.Job instance at 0x7f0a04eebdc0>,72,14,[9 1],73,211,225,138,197
1,<environment.Job instance at 0x7f09c12b92d0>,77,12,[5 4],78,225,237,147,208
1,<environment.Job instance at 0x7f09c12b9550>,78,14,[8 1],79,237,251,158,222
1,<environment.Job instance at 0x7f09c16516e0>,3,15,[4 9],4,4,19,0,4
1,<environment.Job instance at 0x7f0a04bbf3c0>,6,12,[9 4],7,19,31,12,7
1,<environment.Job instance at 0x7f0a05297140>,15,12,[5 9],16,31,43,15,16
1,<environment.Job instance at 0x7f09c107d2d0>,22,15,[2 9],23,43,58,20,33
1,<environment.Job instance at 0x7f09c107d7d0>,30,13,[6 4],31,58,71,27,42
1,<environment.Job instance at 0x7f09c107df00>,38,15,[8 3],39,71,86,32,60
1,<environment.Job instance at 0x7f09c107da00>,39,16,[10  5],40,86,102,46,73
1,<environment.Job instance at 0x7f09c107d5f0>,27,16,[3 5],28,102,118,74,89
1,<environment.Job instance at 0x7f09c1087d20>,53,14,[5 5],54,102,116,48,91
1,<environment.Job instance at 0x7f09c1087550>,61,12,[6 3],62,139,151,77,139
1,<environment.Job instance at 0x7f09c10550a0>,64,12,[1 8],65,151,163,86,142
1,<environment.Job instance at 0x7f09c1055500>,66,13,[9 5],67,163,176,96,147
1,<environment.Job instance at 0x7f09c10556e0>,69,13,[7 5],70,176,189,106,160
1,<environment.Job instance at 0x7f09c10558c0>,72,15,[7 3],73,189,204,116,175
1,<environment.Job instance at 0x7f09c10552d0>,59,18,[1 5],60,176,194,116,176
1,<environment.Job instance at 0x7f09c107e280>,81,13,[9 4],82,204,217,122,188
1,<environment.Job instance at 0x7f09c107e370>,84,15,[6 4],85,217,232,132,205
1,<environment.Job instance at 0x7f09c1055b40>,0,2,[8 5],1,1,3,0,1
1,<environment.Job instance at 0x7f0a07701280>,2,14,[10  1],3,3,17,0,3
1,<environment.Job instance at 0x7f09c1651b40>,4,15,[8 1],5,17,32,12,5
1,<environment.Job instance at 0x7f0a07457eb0>,18,18,[ 4 10],19,35,53,16,35
1,<environment.Job instance at 0x7f0a077e1320>,19,13,[7 2],20,53,66,33,37
1,<environment.Job instance at 0x7f0a07457500>,14,1,[1 7],15,53,54,38,38
1,<environment.Job instance at 0x7f0a04d85a00>,24,16,[9 2],25,66,82,41,53
1,<environment.Job instance at 0x7f0a04b753c0>,23,16,[3 8],24,82,98,58,77
1,<environment.Job instance at 0x7f0a0c13bcd0>,8,15,[ 4 10],9,98,113,89,90
1,<environment.Job instance at 0x7f0a0770f910>,48,15,[1 8],49,149,164,100,149
1,<environment.Job instance at 0x7f0a0770fe10>,50,15,[5 1],51,149,164,98,149
1,<environment.Job instance at 0x7f09c16c1a50>,51,13,[5 2],52,164,177,112,150
1,<environment.Job instance at 0x7f09c128bbe0>,61,14,[6 1],62,177,191,115,164
1,<environment.Job instance at 0x7f09c128b910>,63,14,[4 8],64,167,181,103,167
1,<environment.Job instance at 0x7f0a0776e7d0>,66,14,[7 5],67,191,205,124,177
1,<environment.Job instance at 0x7f09c10def00>,74,16,[7 5],75,205,221,130,192
1,<environment.Job instance at 0x7f0a0c147c30>,0,12,[2 6],1,1,13,0,1
1,<environment.Job instance at 0x7f09c11000a0>,5,13,[5 5],6,13,26,7,6
1,<environment.Job instance at 0x7f0a04c82f50>,9,13,[4 8],10,26,39,16,14
1,<environment.Job instance at 0x7f0a04c828c0>,13,16,[1 5],14,39,55,25,26
1,<environment.Job instance at 0x7f09c1623230>,15,15,[5 4],16,39,54,23,26
1,<environment.Job instance at 0x7f0a07583870>,19,16,[5 6],20,55,71,35,54
1,<environment.Job instance at 0x7f0a04d6dfa0>,25,14,[ 3 10],26,71,85,45,57
1,<environment.Job instance at 0x7f09c13da410>,26,14,[5 4],27,57,71,30,57
1,<environment.Job instance at 0x7f0a04e3acd0>,40,16,[4 8],41,92,108,51,92
1,<environment.Job instance at 0x7f0a07ac52d0>,43,17,[ 4 10],44,109,126,65,109
1,<environment.Job instance at 0x7f0a07ac5aa0>,45,15,[8 3],46,126,141,80,112
1,<environment.Job instance at 0x7f09c142b0f0>,54,15,[4 7],55,141,156,86,127
1,<environment.Job instance at 0x7f09c14745a0>,64,13,[1 9],65,161,174,96,161
1,<environment.Job instance at 0x7f09c1474320>,67,3,[7 5],68,174,177,106,163
1,<environment.Job instance at 0x7f09c145e6e0>,72,13,[1 9],73,196,209,123,196
1,<environment.Job instance at 0x7f0a04b7d3c0>,76,16,[9 3],77,209,225,132,197
1,<environment.Job instance at 0x7f0a052935f0>,80,17,[4 7],81,225,242,144,214
1,<environment.Job instance at 0x7f09c1652500>,0,2,[5 4],1,1,3,0,1
1,<environment.Job instance at 0x7f09c14f9730>,1,12,[2 5],2,2,14,0,2
1,<environment.Job instance at 0x7f09c13dac80>,2,16,[9 3],3,14,30,11,3
1,<environment.Job instance at 0x7f09c16deaa0>,3,14,[1 6],4,14,28,10,4
1,<environment.Job instance at 0x7f0a04c4b640>,16,3,[10  1],17,30,33,13,30
1,<environment.Job instance at 0x7f0a04c4bb40>,18,1,[5 1],19,33,34,14,30
1,<environment.Job instance at 0x7f0a04c675f0>,19,2,[7 4],20,34,36,14,30
1,<environment.Job instance at 0x7f0a04c67af0>,20,2,[1 9],21,36,38,15,30
1,<environment.Job instance at 0x7f0a04c67500>,21,18,[4 9],22,38,56,16,31
1,<environment.Job instance at 0x7f0a04c67aa0>,23,3,[6 1],24,36,39,12,31
1,<environment.Job instance at 0x7f0a04edda00>,12,14,[6 1],13,39,53,26,31
1,<environment.Job instance at 0x7f0a04edd0a0>,15,18,[10  4],16,56,74,40,46
1,<environment.Job instance at 0x7f0a04c9f780>,37,18,[6 4],38,80,98,42,80
1,<environment.Job instance at 0x7f0a04c9fd70>,40,1,[2 7],41,102,103,61,102
1,<environment.Job instance at 0x7f0a04c9fd20>,41,2,[ 1 10],42,103,105,61,102
1,<environment.Job instance at 0x7f0a04c9fcd0>,42,3,[2 6],43,105,108,62,102
1,<environment.Job instance at 0x7f0a04c9faf0>,45,1,[5 2],46,102,103,56,102
1,<environment.Job instance at 0x7f0a04c691e0>,46,15,[4 7],47,108,123,61,103
1,<environment.Job instance at 0x7f0a04c9fe60>,47,2,[5 5],48,123,125,75,104
1,<environment.Job instance at 0x7f0a04c9f8c0>,33,18,[6 3],34,125,143,91,122
1,<environment.Job instance at 0x7f0a04c69a00>,60,17,[5 9],61,143,160,82,133
1,<environment.Job instance at 0x7f0a04c69f00>,64,14,[9 5],65,167,181,102,167
1,<environment.Job instance at 0x7f0a04c69eb0>,68,15,[1 8],69,181,196,112,169
1,<environment.Job instance at 0x7f0a04c6c050>,70,13,[7 3],71,196,209,125,180
1,<environment.Job instance at 0x7f0a04c6c4b0>,75,14,[8 4],76,209,223,133,194
1,<environment.Job instance at 0x7f0a04c6c9b0>,80,17,[8 2],81,223,240,142,211
1,<environment.Job instance at 0x7f09c14b2c80>,0,15,[1 6],1,1,16,0,1
1,<environment.Job instance at 0x7f09c1309460>,5,16,[8 5],6,16,32,10,6
1,<environment.Job instance at 0x7f09c1564dc0>,17,13,[5 5],18,32,45,14,18
1,<environment.Job instance at 0x7f09c1564550>,12,1,[ 3 10],13,45,46,32,20
1,<environment.Job instance at 0x7f09c1564a50>,14,1,[2 5],15,23,24,8,23
1,<environment.Job instance at 0x7f09c15642d0>,23,3,[6 1],24,46,49,22,27
1,<environment.Job instance at 0x7f09c15640f0>,26,16,[ 5 10],27,49,65,22,38
1,<environment.Job instance at 0x7f0a0c09eb40>,31,2,[2 6],32,46,48,14,42
1,<environment.Job instance at 0x7f09c1453eb0>,35,15,[5 1],36,65,80,29,55
1,<environment.Job instance at 0x7f0a04e58e10>,45,13,[5 1],46,70,83,24,70
1,<environment.Job instance at 0x7f0a04e585f0>,43,15,[8 4],44,90,105,46,90
1,<environment.Job instance at 0x7f0a04e58410>,44,3,[2 8],45,115,118,70,115
1,<environment.Job instance at 0x7f0a052ba140>,57,13,[7 4],58,118,131,60,115
1,<environment.Job instance at 0x7f0a052ba1e0>,61,16,[5 7],62,140,156,78,140
1,<environment.Job instance at 0x7f0a052bac30>,65,13,[6 4],66,156,169,90,145
1,<environment.Job instance at 0x7f09c16ecb90>,67,18,[4 7],68,174,192,106,174
1,<environment.Job instance at 0x7f0a0c10c5f0>,76,16,[5 2],77,180,196,103,180
1,<environment.Job instance at 0x7f09c16ec370>,79,14,[3 5],80,192,206,112,180
1,<environment.Job instance at 0x7f0a077995f0>,85,14,[2 9],86,206,220,120,194
1,<environment.Job instance at 0x7f0a076b9320>,0,1,[4 9],1,1,2,0,1
1,<environment.Job instance at 0x7f0a07799a50>,1,12,[7 4],2,2,14,0,2
1,<environment.Job instance at 0x7f0a0744d5f0>,3,13,[4 7],4,14,27,10,4
1,<environment.Job instance at 0x7f0a07993050>,10,17,[8 3],11,27,44,16,15
1,<environment.Job instance at 0x7f0a079937d0>,14,17,[5 6],15,44,61,29,32
1,<environment.Job instance at 0x7f0a07583f50>,24,3,[9 3],25,61,64,36,42
1,<environment.Job instance at 0x7f0a07583050>,26,13,[ 1 10],27,64,77,37,49
1,<environment.Job instance at 0x7f0a07583a50>,29,15,[8 4],30,77,92,47,63
1,<environment.Job instance at 0x7f09c0fd00a0>,52,3,[6 2],53,110,113,57,110
1,<environment.Job instance at 0x7f09c0fd0fa0>,53,18,[10  5],54,113,131,59,113
1,<environment.Job instance at 0x7f09c0fd00f0>,56,16,[3 6],57,131,147,74,118
1,<environment.Job instance at 0x7f0a073d2dc0>,43,22,[5 4],44,144,166,100,144
1,<environment.Job instance at 0x7f0a074e23c0>,70,3,[8 4],71,166,169,95,148
1,<environment.Job instance at 0x7f0a074e2aa0>,71,13,[5 5],72,169,182,97,168
1,<environment.Job instance at 0x7f0a07a7b5f0>,80,13,[8 3],81,182,195,101,170
1,<environment.Job instance at 0x7f09c13de730>,32,16,[6 3],33,195,211,162,184
1,<environment.Job instance at 0x7f0a07a7b960>,87,19,[4 7],88,195,214,107,188
1,<environment.Job instance at 0x7f09c174e280>,98,16,[10  3],99,214,230,115,203
1,<environment.Job instance at 0x7f0a073d26e0>,0,1,[8 1],1,1,2,0,1
1,<environment.Job instance at 0x7f0a0521b280>,1,12,[8 3],2,2,14,0,2
1,<environment.Job instance at 0x7f09c1564050>,4,16,[5 6],5,14,30,9,5
1,<environment.Job instance at 0x7f0a0530b6e0>,14,1,[1 7],15,30,31,15,15
1,<environment.Job instance at 0x7f09c0e170a0>,15,2,[1 8],16,31,33,15,16
1,<environment.Job instance at 0x7f0a04c9f0f0>,16,18,[3 5],17,33,51,16,22
1,<environment.Job instance at 0x7f0a04c9f550>,18,14,[7 5],19,33,47,14,22
1,<environment.Job instance at 0x7f09c0f1be10>,17,14,[8 3],18,51,65,33,43
1,<environment.Job instance at 0x7f09c147aa50>,28,13,[5 9],29,65,78,36,49
1,<environment.Job instance at 0x7f09c17a73c0>,38,14,[7 3],39,78,92,39,63
1,<environment.Job instance at 0x7f0a04ec75f0>,50,17,[6 4],51,103,120,52,103
1,<environment.Job instance at 0x7f09c11660a0>,7,12,[4 7],8,123,135,115,123
1,<environment.Job instance at 0x7f0a04ec1b90>,55,15,[9 5],56,135,150,79,127
1,<environment.Job instance at 0x7f09c147ae10>,31,17,[2 9],32,150,167,118,143
1,<environment.Job instance at 0x7f0a078ce3c0>,64,17,[5 7],65,167,184,102,155
1,<environment.Job instance at 0x7f09c17bff00>,54,1,[9 2],55,184,185,129,161
1,<environment.Job instance at 0x7f0a07922820>,75,15,[8 2],76,185,200,109,178
1,<environment.Job instance at 0x7f0a07925870>,81,18,[6 1],82,201,219,119,201
1,<environment.Job instance at 0x7f0a079254b0>,84,12,[9 4],85,219,231,134,205
1,<environment.Job instance at 0x7f0a07925dc0>,88,12,[3 5],89,231,243,142,214
1,<environment.Job instance at 0x7f0a077b2b90>,0,14,[7 4],1,1,15,0,1
1,<environment.Job instance at 0x7f09c1473050>,3,2,[4 5],4,15,17,11,4
1,<environment.Job instance at 0x7f09c175dd70>,5,18,[5 3],6,15,33,9,6
1,<environment.Job instance at 0x7f0a073d2410>,7,15,[5 1],8,17,32,9,8
1,<environment.Job instance at 0x7f09c0e42f00>,8,2,[10  1],9,33,35,24,9
1,<environment.Job instance at 0x7f0a04cc4730>,12,16,[9 2],13,35,51,22,22
1,<environment.Job instance at 0x7f09c1638aa0>,30,1,[ 5 10],31,84,85,53,84
1,<environment.Job instance at 0x7f0a051e1190>,37,3,[9 4],38,85,88,47,84
1,<environment.Job instance at 0x7f0a0771b640>,38,14,[9 3],39,88,102,49,85
1,<environment.Job instance at 0x7f0a0771ba50>,40,2,[ 4 10],41,102,104,61,86
1,<environment.Job instance at 0x7f09c14b67d0>,42,18,[7 2],43,104,122,61,93
1,<environment.Job instance at 0x7f09c14b60a0>,45,16,[2 7],46,104,120,58,95
1,<environment.Job instance at 0x7f0a04ebdfa0>,49,16,[ 3 10],50,122,138,72,109
1,<environment.Job instance at 0x7f0a04ebd820>,52,13,[1 7],53,138,151,85,122
1,<environment.Job instance at 0x7f0a04ebd050>,54,13,[6 5],55,151,164,96,135
1,<environment.Job instance at 0x7f09c17601e0>,70,16,[8 2],71,164,180,93,151
1,<environment.Job instance at 0x7f09c13fd730>,72,17,[5 5],73,180,197,107,168
1,<environment.Job instance at 0x7f09c13808c0>,29,15,[3 6],30,197,212,167,195
1,<environment.Job instance at 0x7f0a04e82870>,83,13,[7 3],84,197,210,113,195
1,<environment.Job instance at 0x7f09c154d3c0>,86,15,[6 4],87,210,225,123,198
1,<environment.Job instance at 0x7f0a0bf985a0>,91,13,[3 5],92,212,225,120,204
1,<environment.Job instance at 0x7f0a0c13bc80>,0,1,[4 5],1,1,2,0,1
1,<environment.Job instance at 0x7f0a075bc410>,1,2,[4 7],2,2,4,0,2
1,<environment.Job instance at 0x7f09c158e640>,2,17,[6 3],3,4,21,1,4
1,<environment.Job instance at 0x7f09c0e7fb40>,16,3,[1 5],17,25,28,8,25
1,<environment.Job instance at 0x7f09c0e7f910>,18,15,[5 4],19,25,40,6,25
1,<environment.Job instance at 0x7f09c0e7f2d0>,19,17,[7 5],20,40,57,20,28
1,<environment.Job instance at 0x7f09c0e7f320>,24,17,[3 6],25,57,74,32,46
1,<environment.Job instance at 0x7f09c0e5cc80>,33,12,[9 4],34,77,89,43,77
1,<environment.Job instance at 0x7f09c0e5cb90>,35,3,[2 6],36,89,92,53,78
1,<environment.Job instance at 0x7f09c0e5c280>,36,15,[5 2],37,89,104,52,79
1,<environment.Job instance at 0x7f09c0e5ceb0>,41,13,[ 1 10],42,104,117,62,91
1,<environment.Job instance at 0x7f09c0e5caf0>,42,17,[3 8],43,117,134,74,105
1,<environment.Job instance at 0x7f09c0e5c2d0>,45,13,[ 3 10],46,134,147,88,126
1,<environment.Job instance at 0x7f09c0dde8c0>,48,14,[10  3],49,147,161,98,132
1,<environment.Job instance at 0x7f09c0dded70>,55,12,[2 6],56,161,173,105,148
1,<environment.Job instance at 0x7f09c0dde190>,51,17,[5 4],52,161,178,109,149
1,<environment.Job instance at 0x7f09c0dde910>,60,17,[3 8],61,178,195,117,166
1,<environment.Job instance at 0x7f09c0de6280>,70,1,[6 3],71,195,196,124,180
1,<environment.Job instance at 0x7f09c0de6d20>,73,17,[10  3],74,196,213,122,184
1,<environment.Job instance at 0x7f09c0e7f9b0>,0,17,[6 1],1,2,19,1,2
1,<environment.Job instance at 0x7f09c157f6e0>,7,3,[1 7],8,8,11,0,8
1,<environment.Job instance at 0x7f09c0dedc30>,8,2,[3 7],9,11,13,2,10
1,<environment.Job instance at 0x7f0a04b731e0>,10,13,[1 8],11,13,26,2,11
1,<environment.Job instance at 0x7f09c16a1aa0>,11,13,[8 2],12,19,32,7,12
1,<environment.Job instance at 0x7f0a07ac5690>,12,3,[5 5],13,32,35,19,16
1,<environment.Job instance at 0x7f0a0796f320>,21,15,[5 1],22,32,47,10,23
1,<environment.Job instance at 0x7f0a0796fe60>,25,17,[4 6],26,35,52,9,34
1,<environment.Job instance at 0x7f0a07958050>,34,15,[7 5],35,52,67,17,39
1,<environment.Job instance at 0x7f0a0794d3c0>,36,15,[5 5],37,67,82,30,55
1,<environment.Job instance at 0x7f09c11eb1e0>,42,16,[2 8],43,82,98,39,69
1,<environment.Job instance at 0x7f0a079668c0>,44,14,[7 2],45,82,96,37,74
1,<environment.Job instance at 0x7f0a0796fa00>,26,15,[10  5],27,98,113,71,90
1,<environment.Job instance at 0x7f09c13af190>,57,12,[ 2 10],58,113,125,55,113
1,<environment.Job instance at 0x7f0a0511c550>,59,12,[7 5],60,125,137,65,113
1,<environment.Job instance at 0x7f09c1161690>,63,14,[5 7],64,137,151,73,124
1,<environment.Job instance at 0x7f09c11617d0>,65,12,[ 4 10],66,151,163,85,151
1,<environment.Job instance at 0x7f09c1116d70>,87,14,[5 6],88,205,219,117,205
1,<environment.Job instance at 0x7f09c1116a50>,88,12,[7 2],89,219,231,130,207
1,<environment.Job instance at 0x7f0a0794d5f0>,0,12,[8 3],1,1,13,0,1
1,<environment.Job instance at 0x7f09c1203a00>,1,14,[9 3],2,13,27,11,2
1,<environment.Job instance at 0x7f0a07700410>,10,18,[6 1],11,27,45,16,16
1,<environment.Job instance at 0x7f0a07811d70>,19,15,[2 5],20,27,42,7,24
1,<environment.Job instance at 0x7f0a078113c0>,13,3,[6 1],14,45,48,31,28
1,<environment.Job instance at 0x7f0a075a7690>,25,17,[8 3],26,48,65,22,37
1,<environment.Job instance at 0x7f0a0770f0f0>,40,15,[8 2],41,65,80,24,59
1,<environment.Job instance at 0x7f09c0f8af00>,42,15,[9 5],43,80,95,37,66
1,<environment.Job instance at 0x7f09c0f8a050>,44,1,[8 1],45,95,96,50,79
1,<environment.Job instance at 0x7f0a04d34e60>,50,17,[6 4],51,96,113,45,85
1,<environment.Job instance at 0x7f09c10d7dc0>,52,1,[ 3 10],53,113,114,60,99
1,<environment.Job instance at 0x7f09c10d7b90>,56,15,[7 3],57,114,129,57,100
1,<environment.Job instance at 0x7f0a076a7c30>,57,3,[8 4],58,129,132,71,103
1,<environment.Job instance at 0x7f0a076a70f0>,58,3,[4 6],59,103,106,44,103
1,<environment.Job instance at 0x7f0a076a7320>,61,12,[7 5],62,132,144,70,115
1,<environment.Job instance at 0x7f0a076bbc30>,66,12,[5 9],67,144,156,77,129
1,<environment.Job instance at 0x7f09c0e424b0>,67,12,[ 4 10],68,156,168,88,139
1,<environment.Job instance at 0x7f0a073d2f50>,0,1,[7 5],1,1,2,0,1
1,<environment.Job instance at 0x7f0a073ea730>,6,14,[4 9],7,7,21,0,7
1,<environment.Job instance at 0x7f0a073d24b0>,4,1,[3 8],5,21,22,16,8
1,<environment.Job instance at 0x7f09c0e49f50>,11,13,[4 5],12,22,35,10,12
1,<environment.Job instance at 0x7f09c0e49e60>,17,13,[5 5],18,35,48,17,35
1,<environment.Job instance at 0x7f0a051c98c0>,27,14,[10  2],28,48,62,20,44
1,<environment.Job instance at 0x7f0a051c9e60>,29,15,[4 9],30,62,77,32,51
1,<environment.Job instance at 0x7f0a051c9500>,31,17,[9 4],32,77,94,45,65
1,<environment.Job instance at 0x7f09c0ef8f00>,39,13,[2 8],40,94,107,54,78
1,<environment.Job instance at 0x7f09c0ef80f0>,48,14,[10  1],49,116,130,67,116
1,<environment.Job instance at 0x7f09c0ef8140>,51,16,[6 2],52,130,146,78,130
1,<environment.Job instance at 0x7f0a052a97d0>,58,14,[ 1 10],59,149,163,90,149
1,<environment.Job instance at 0x7f0a052a9a50>,61,16,[4 7],62,163,179,101,150
1,<environment.Job instance at 0x7f0a052a9780>,63,13,[ 4 10],64,179,192,115,163
1,<environment.Job instance at 0x7f0a052a9a00>,69,15,[7 2],70,192,207,122,178
1,<environment.Job instance at 0x7f09c0e49280>,22,14,[9 2],23,207,221,184,192
1,<environment.Job instance at 0x7f0a04cfa370>,79,13,[4 7],80,221,234,141,212
1,<environment.Job instance at 0x7f0a04cfa550>,81,14,[6 4],82,234,248,152,219
1,<environment.Job instance at 0x7f0a051de730>,3,1,[8 5],4,4,5,0,4
1,<environment.Job instance at 0x7f0a051deaf0>,6,1,[6 2],7,7,8,0,7
1,<environment.Job instance at 0x7f0a04f0c7d0>,7,17,[2 8],8,8,25,0,8
1,<environment.Job instance at 0x7f0a04e74c30>,17,17,[2 5],18,25,42,7,19
1,<environment.Job instance at 0x7f0a050f6b90>,19,17,[9 4],20,42,59,22,30
1,<environment.Job instance at 0x7f0a04c9df50>,23,17,[7 4],24,59,76,35,48
1,<environment.Job instance at 0x7f0a04ca6320>,29,13,[5 3],30,76,89,46,60
1,<environment.Job instance at 0x7f0a051f27d0>,43,15,[5 6],44,82,97,38,82
1,<environment.Job instance at 0x7f0a051f2c30>,44,16,[10  5],45,97,113,52,84
1,<environment.Job instance at 0x7f0a053022d0>,50,14,[5 6],51,113,127,62,100
1,<environment.Job instance at 0x7f0a0525cb40>,60,13,[ 2 10],61,127,140,66,113
1,<environment.Job instance at 0x7f0a0525cf00>,61,18,[4 5],62,140,158,78,129
1,<environment.Job instance at 0x7f0a0525c320>,62,13,[5 5],63,140,153,77,129
1,<environment.Job instance at 0x7f0a0525c1e0>,66,18,[3 7],67,158,176,91,147
1,<environment.Job instance at 0x7f0a05247780>,79,17,[5 2],80,182,199,102,182
1,<environment.Job instance at 0x7f0a05247f00>,81,18,[9 3],82,199,217,117,188
1,<environment.Job instance at 0x7f0a05303be0>,85,15,[2 7],86,217,232,131,205
1,<environment.Job instance at 0x7f3f98265140>,0,13,[9 3],1,1,14,0,1
1,<environment.Job instance at 0x7f3f92e55230>,3,3,[4 8],4,14,17,10,4
1,<environment.Job instance at 0x7f3f92e551e0>,4,14,[1 6],5,17,31,12,5
1,<environment.Job instance at 0x7f3f92e554b0>,5,2,[1 5],6,6,8,0,6
1,<environment.Job instance at 0x7f3f92e55c80>,14,13,[7 3],15,22,35,7,22
1,<environment.Job instance at 0x7f3f92e55dc0>,16,16,[3 5],17,40,56,23,40
1,<environment.Job instance at 0x7f3f92e55be0>,13,18,[ 4 10],14,56,74,42,54
1,<environment.Job instance at 0x7f3f92e56780>,29,12,[5 4],30,74,86,44,66
1,<environment.Job instance at 0x7f3f92e56820>,30,14,[5 2],31,74,88,43,73
1,<environment.Job instance at 0x7f3f92e56f50>,40,15,[10  3],41,96,111,55,96
1,<environment.Job instance at 0x7f3f92e55820>,10,12,[3 7],11,111,123,100,101
1,<environment.Job instance at 0x7f3f92e59870>,49,16,[2 5],50,123,139,73,122
1,<environment.Job instance at 0x7f3f92e599b0>,51,3,[1 5],52,123,126,71,123
1,<environment.Job instance at 0x7f3f92e59b90>,53,17,[5 7],54,139,156,85,127
1,<environment.Job instance at 0x7f3f92e59f50>,56,17,[8 5],57,156,173,99,155
1,<environment.Job instance at 0x7f3f92e5d320>,59,17,[1 6],60,173,190,113,161
1,<environment.Job instance at 0x7f3f92e5ddc0>,74,14,[5 1],75,210,224,135,210
1,<environment.Job instance at 0x7f3f92e566e0>,28,23,[10  4],29,224,247,195,222
1,<environment.Job instance at 0x7f3f92e60e60>,0,16,[2 8],1,1,17,0,1
1,<environment.Job instance at 0x7f3f92e60050>,1,13,[5 6],2,17,30,15,2
1,<environment.Job instance at 0x7f3f92e69a00>,4,2,[2 7],5,30,32,25,5
1,<environment.Job instance at 0x7f3f9828eaf0>,12,14,[1 8],13,32,46,19,17
1,<environment.Job instance at 0x7f3f983da7d0>,15,1,[9 1],16,32,33,16,17
1,<environment.Job instance at 0x7f3f57e6aa00>,23,15,[5 2],24,33,48,9,24
1,<environment.Job instance at 0x7f3f983dc190>,30,2,[9 5],31,48,50,17,46
1,<environment.Job instance at 0x7f3f983ccbe0>,33,18,[6 5],34,51,69,17,51
1,<environment.Job instance at 0x7f3f98291e60>,39,14,[2 6],40,69,83,29,57
1,<environment.Job instance at 0x7f3f98291730>,41,13,[8 5],42,83,96,41,67
1,<environment.Job instance at 0x7f3f983e01e0>,54,12,[3 8],55,96,108,41,85
1,<environment.Job instance at 0x7f3f983e0280>,56,14,[5 5],57,108,122,51,95
1,<environment.Job instance at 0x7f3f983e0320>,61,14,[1 6],62,122,136,60,107
1,<environment.Job instance at 0x7f3f983e05a0>,63,14,[7 5],64,136,150,72,121
1,<environment.Job instance at 0x7f3f92dbf690>,75,2,[5 5],76,150,152,74,125
1,<environment.Job instance at 0x7f3f92d6ac80>,76,12,[ 3 10],77,152,164,75,136
1,<environment.Job instance at 0x7f3f983dfc80>,86,14,[10  1],87,164,178,77,158
1,<environment.Job instance at 0x7f3f983df0a0>,87,16,[9 2],88,178,194,90,165
1,<environment.Job instance at 0x7f3f983d7be0>,98,18,[6 3],99,194,212,95,194
1,<environment.Job instance at 0x7f3f4d1112d0>,0,2,[ 5 10],1,1,3,0,1
1,<environment.Job instance at 0x7f3f4d0e5230>,21,3,[4 5],22,32,35,10,32
1,<environment.Job instance at 0x7f3f4d0ac8c0>,29,15,[ 5 10],30,68,83,38,68
1,<environment.Job instance at 0x7f3f92c24690>,31,14,[8 2],32,83,97,51,69
1,<environment.Job instance at 0x7f3f4d154190>,44,12,[5 9],45,97,109,52,90
1,<environment.Job instance at 0x7f3f4d1549b0>,46,15,[2 7],47,109,124,62,100
1,<environment.Job instance at 0x7f3f4d154a00>,45,12,[2 6],46,124,136,78,109
1,<environment.Job instance at 0x7f3f4d14dd70>,52,3,[7 1],53,125,128,72,125
1,<environment.Job instance at 0x7f3f4d158cd0>,60,15,[7 1],61,163,178,102,163
1,<environment.Job instance at 0x7f3f4d158820>,61,17,[10  3],62,178,195,116,171
1,<environment.Job instance at 0x7f3f4d158370>,64,14,[1 5],65,195,209,130,181
1,<environment.Job instance at 0x7f3f92ce7460>,70,14,[8 3],71,195,209,124,186
1,<environment.Job instance at 0x7f3f4d14ee60>,74,18,[3 6],75,209,227,134,198
1,<environment.Job instance at 0x7f3f4d0e00a0>,77,16,[9 4],78,227,243,149,215
1,<environment.Job instance at 0x7f3f4d1a0af0>,0,13,[5 6],1,1,14,0,1
1,<environment.Job instance at 0x7f3f4d46baa0>,2,12,[5 5],3,14,26,11,3
1,<environment.Job instance at 0x7f3f92ead230>,15,12,[ 1 10],16,26,38,10,21
1,<environment.Job instance at 0x7f3f4d5fdb90>,19,14,[5 7],20,38,52,18,32
1,<environment.Job instance at 0x7f3f92e4dd70>,23,14,[2 7],24,52,66,28,37
1,<environment.Job instance at 0x7f3f4d297aa0>,36,18,[4 6],37,67,85,30,67
1,<environment.Job instance at 0x7f3f4d0abdc0>,38,17,[7 4],39,85,102,46,73
1,<environment.Job instance at 0x7f3f92e8e910>,10,16,[10  2],11,102,118,91,90
1,<environment.Job instance at 0x7f3f4d737140>,45,16,[6 3],46,118,134,72,105
1,<environment.Job instance at 0x7f3f983d4d70>,50,15,[7 5],51,134,149,83,120
1,<environment.Job instance at 0x7f3f4d0faf50>,59,13,[1 9],60,149,162,89,149
1,<environment.Job instance at 0x7f3f4d5cd190>,67,13,[6 4],68,169,182,101,169
1,<environment.Job instance at 0x7f3f4d0f9780>,72,18,[10  4],73,182,200,109,182
1,<environment.Job instance at 0x7f3f4d0fefa0>,76,3,[2 7],77,200,203,123,184
1,<environment.Job instance at 0x7f3f4d0fe280>,73,13,[6 5],74,203,216,129,187
1,<environment.Job instance at 0x7f3f983d6370>,0,14,[3 6],1,1,15,0,1
1,<environment.Job instance at 0x7f3f4d0aef00>,2,15,[1 6],3,15,30,12,3
1,<environment.Job instance at 0x7f3f4d1fdd70>,10,15,[1 6],11,30,45,19,16
1,<environment.Job instance at 0x7f3f4d291c80>,14,12,[8 4],15,17,29,2,17
1,<environment.Job instance at 0x7f3f4d291960>,15,15,[7 4],16,29,44,13,20
1,<environment.Job instance at 0x7f3f4d291dc0>,20,12,[8 1],21,44,56,23,28
1,<environment.Job instance at 0x7f3f4d547a50>,24,12,[6 5],25,56,68,31,46
1,<environment.Job instance at 0x7f3f4d547b40>,27,12,[ 4 10],28,68,80,40,51
1,<environment.Job instance at 0x7f3f4d060230>,37,2,[8 4],38,82,84,44,82
1,<environment.Job instance at 0x7f3f4d060410>,40,3,[9 5],41,84,87,43,84
1,<environment.Job instance at 0x7f3f4d0607d0>,42,13,[4 8],43,87,100,44,84
1,<environment.Job instance at 0x7f3f4d060c80>,50,14,[6 4],51,100,114,49,90
1,<environment.Job instance at 0x7f3f4d060f50>,52,3,[6 4],53,114,117,61,90
1,<environment.Job instance at 0x7f3f4d0620f0>,53,3,[6 2],54,90,93,36,90
1,<environment.Job instance at 0x7f3f4d0625a0>,60,15,[9 4],61,122,137,61,122
1,<environment.Job instance at 0x7f3f4d062640>,61,3,[5 5],62,137,140,75,122
1,<environment.Job instance at 0x7f3f4d0626e0>,62,13,[1 5],63,122,135,59,122
1,<environment.Job instance at 0x7f3f4d062aa0>,68,3,[10  4],69,140,143,71,123
1,<environment.Job instance at 0x7f3f4d547910>,23,27,[9 3],24,152,179,128,152
1,<environment.Job instance at 0x7f3f4d064280>,80,15,[4 5],81,179,194,98,166
1,<environment.Job instance at 0x7f3f4d062d20>,72,14,[6 5],73,179,193,106,171
1,<environment.Job instance at 0x7f3f4d0641e0>,79,17,[5 9],80,194,211,114,183
1,<environment.Job instance at 0x7f3f983d6730>,0,1,[5 9],1,1,2,0,1
1,<environment.Job instance at 0x7f3f4d067050>,1,3,[8 4],2,2,5,0,2
1,<environment.Job instance at 0x7f3f9330f500>,4,18,[4 7],5,5,23,0,5
1,<environment.Job instance at 0x7f3f9330f1e0>,10,2,[4 9],11,23,25,12,22
1,<environment.Job instance at 0x7f3f9330f870>,12,17,[1 6],13,25,42,12,22
1,<environment.Job instance at 0x7f3f92f89d20>,18,15,[3 6],19,42,57,23,31
1,<environment.Job instance at 0x7f3f930ba410>,29,15,[5 2],30,82,97,52,82
1,<environment.Job instance at 0x7f3f930ba050>,31,14,[7 1],32,97,111,65,91
1,<environment.Job instance at 0x7f3f4d067140>,3,3,[9 2],4,111,114,107,98
1,<environment.Job instance at 0x7f3f930bae10>,35,3,[1 5],36,98,101,62,98
1,<environment.Job instance at 0x7f3f930ba910>,36,15,[9 5],37,114,129,77,101
1,<environment.Job instance at 0x7f3f930ba780>,41,16,[ 2 10],42,129,145,87,116
1,<environment.Job instance at 0x7f3f984aff50>,42,17,[4 5],43,145,162,102,133
1,<environment.Job instance at 0x7f3f92f318c0>,50,15,[ 4 10],51,162,177,111,149
1,<environment.Job instance at 0x7f3f4d6b6410>,59,17,[9 4],60,177,194,117,167
1,<environment.Job instance at 0x7f3f4d42f910>,65,13,[1 5],66,177,190,111,173
1,<environment.Job instance at 0x7f3f4d42fdc0>,68,14,[8 3],69,194,208,125,183
1,<environment.Job instance at 0x7f3f4d42f0f0>,69,14,[9 5],70,208,222,138,193
1,<environment.Job instance at 0x7f3f4d42ff50>,72,18,[9 4],73,222,240,149,212
1,<environment.Job instance at 0x7f3f4d0645a0>,0,3,[7 3],1,1,4,0,1
1,<environment.Job instance at 0x7f3f4d064eb0>,2,18,[5 8],3,4,22,1,3
1,<environment.Job instance at 0x7f3f92de7f00>,11,15,[9 5],12,22,37,10,20
1,<environment.Job instance at 0x7f3f939a0640>,18,14,[8 1],19,37,51,18,23
1,<environment.Job instance at 0x7f3f939a06e0>,19,16,[ 4 10],20,51,67,31,38
1,<environment.Job instance at 0x7f3f92db55f0>,29,13,[ 2 10],30,67,80,37,51
1,<environment.Job instance at 0x7f3f4d736fa0>,31,15,[7 5],32,80,95,48,67
1,<environment.Job instance at 0x7f3f92fe4410>,33,16,[8 2],34,95,111,61,82
1,<environment.Job instance at 0x7f3f9397f820>,12,14,[9 1],13,111,125,98,96
1,<environment.Job instance at 0x7f3f4d4a0280>,42,13,[6 5],43,125,138,82,109
1,<environment.Job instance at 0x7f3f4d4a0c30>,45,13,[4 7],46,138,151,92,122
1,<environment.Job instance at 0x7f3f4d4a07d0>,47,15,[6 1],48,138,153,90,124
1,<environment.Job instance at 0x7f3f9330ae10>,55,2,[10  5],56,153,155,97,141
1,<environment.Job instance at 0x7f3f9330ad20>,58,3,[2 7],59,155,158,96,141
1,<environment.Job instance at 0x7f3f9330ad70>,59,2,[10  2],60,158,160,98,141
1,<environment.Job instance at 0x7f3f9330a6e0>,60,1,[8 1],61,155,156,94,141
1,<environment.Job instance at 0x7f3f9330a2d0>,61,18,[3 7],62,160,178,98,150
1,<environment.Job instance at 0x7f3f9330a8c0>,63,14,[5 5],64,178,192,114,163
1,<environment.Job instance at 0x7f3f93598f00>,73,15,[4 9],74,192,207,118,190
1,<environment.Job instance at 0x7f3f4d37efa0>,75,12,[ 3 10],76,207,219,131,192
1,<environment.Job instance at 0x7f3f93986cd0>,80,16,[9 2],81,219,235,138,206
1,<environment.Job instance at 0x7f3f92f319b0>,83,2,[8 4],84,235,237,151,208
1,<environment.Job instance at 0x7f3f92d95500>,1,14,[9 5],2,2,16,0,2
1,<environment.Job instance at 0x7f3f92f42a00>,2,15,[7 3],3,16,31,13,3
1,<environment.Job instance at 0x7f3f9321c640>,13,13,[3 7],14,16,29,2,14
1,<environment.Job instance at 0x7f3f9321c050>,14,15,[6 4],15,31,46,16,29
1,<environment.Job instance at 0x7f3f4d78d370>,26,16,[4 9],27,46,62,19,34
1,<environment.Job instance at 0x7f3f4d78da50>,28,15,[7 1],29,62,77,33,48
1,<environment.Job instance at 0x7f3f4d78f780>,35,17,[10  3],36,77,94,41,65
1,<environment.Job instance at 0x7f3f4d78f820>,36,12,[7 5],37,94,106,57,80
1,<environment.Job instance at 0x7f3f4d78fb40>,41,14,[ 5 10],42,106,120,64,94
1,<environment.Job instance at 0x7f3f4d78fc80>,43,13,[8 3],44,120,133,76,105
1,<environment.Job instance at 0x7f3f4d78feb0>,48,14,[9 5],49,133,147,84,118
1,<environment.Job instance at 0x7f3f4d77c4b0>,53,17,[6 4],54,147,164,93,147
1,<environment.Job instance at 0x7f3f4d77c550>,54,17,[4 7],55,164,181,109,164
1,<environment.Job instance at 0x7f3f4d77c820>,58,12,[5 1],59,172,184,113,172
1,<environment.Job instance at 0x7f3f4d77caf0>,67,15,[3 9],68,187,202,119,187
1,<environment.Job instance at 0x7f3f4d77c2d0>,68,15,[ 4 10],69,202,217,133,189
1,<environment.Job instance at 0x7f3f93752e60>,11,13,[9 4],12,217,230,205,203
1,<environment.Job instance at 0x7f3f92cb77d0>,0,1,[4 8],1,1,2,0,1
1,<environment.Job instance at 0x7f3f4d77a7d0>,1,13,[9 1],2,2,15,0,2
1,<environment.Job instance at 0x7f3f92e43550>,2,3,[5 8],3,15,18,12,3
1,<environment.Job instance at 0x7f3f4d5e6d70>,13,3,[9 5],14,18,21,4,14
1,<environment.Job instance at 0x7f3f4d5e0410>,14,14,[5 9],15,21,35,6,15
1,<environment.Job instance at 0x7f3f4d5e0050>,15,14,[6 3],16,35,49,19,20
1,<environment.Job instance at 0x7f3f981a1dc0>,27,17,[5 5],28,49,66,21,47
1,<environment.Job instance at 0x7f3f4cfcd050>,28,14,[9 5],29,66,80,37,53
1,<environment.Job instance at 0x7f3f4d1cb2d0>,21,14,[1 5],22,56,70,34,56
1,<environment.Job instance at 0x7f3f93216050>,31,15,[7 3],32,80,95,48,66
1,<environment.Job instance at 0x7f3f93216870>,32,17,[1 5],33,70,87,37,66
1,<environment.Job instance at 0x7f3f92c825a0>,41,14,[8 4],42,95,109,53,93
1,<environment.Job instance at 0x7f3f984a2140>,44,16,[8 1],45,109,125,64,97
1,<environment.Job instance at 0x7f3f4d6e5fa0>,55,13,[5 5],56,125,138,69,124
1,<environment.Job instance at 0x7f3f930a7fa0>,56,18,[1 5],57,124,142,67,124
1,<environment.Job instance at 0x7f3f9330cb40>,58,17,[7 5],59,138,155,79,126
1,<environment.Job instance at 0x7f3f9330c410>,62,15,[2 5],63,146,161,83,146
1,<environment.Job instance at 0x7f3f932a45a0>,65,15,[5 4],66,155,170,89,154
1,<environment.Job instance at 0x7f3f939e2500>,68,2,[7 5],69,180,182,111,180
1,<environment.Job instance at 0x7f3f939e2410>,71,18,[4 9],72,182,200,110,181
1,<environment.Job instance at 0x7f3f4d547c80>,73,13,[9 3],74,200,213,126,187
1,<environment.Job instance at 0x7f3f4d547b90>,76,14,[5 4],77,213,227,136,198
1,<environment.Job instance at 0x7f3f4d3016e0>,0,18,[3 6],1,1,19,0,1
1,<environment.Job instance at 0x7f3f981eb690>,3,13,[6 4],4,4,17,0,4
1,<environment.Job instance at 0x7f3f92ee2690>,6,16,[2 7],7,19,35,12,7
1,<environment.Job instance at 0x7f3f92ee2500>,7,13,[7 1],8,17,30,9,8
1,<environment.Job instance at 0x7f3f4d71d5a0>,20,14,[3 5],21,35,49,14,25
1,<environment.Job instance at 0x7f3f4d71d0a0>,24,12,[7 2],25,30,42,5,30
1,<environment.Job instance at 0x7f3f9321bbe0>,28,12,[6 1],29,42,54,13,39
1,<environment.Job instance at 0x7f3f92ddc410>,30,15,[6 2],31,54,69,23,42
1,<environment.Job instance at 0x7f3f4d7440a0>,36,3,[10  3],37,69,72,32,54
1,<environment.Job instance at 0x7f3f4d65cd20>,39,16,[6 2],40,72,88,32,68
1,<environment.Job instance at 0x7f3f4d65cfa0>,41,12,[2 5],42,72,84,30,68
1,<environment.Job instance at 0x7f3f4d65ce10>,42,16,[9 3],43,88,104,45,75
1,<environment.Job instance at 0x7f3f4d65cf50>,43,14,[1 6],44,87,101,43,87
1,<environment.Job instance at 0x7f3f4d4f6e10>,48,13,[5 7],49,104,117,55,93
1,<environment.Job instance at 0x7f3f4d65ca00>,44,16,[7 3],45,127,143,82,127
1,<environment.Job instance at 0x7f3f4d29de10>,61,18,[4 9],62,143,161,81,136
1,<environment.Job instance at 0x7f3f4d29dc80>,63,3,[6 1],64,143,146,79,141
1,<environment.Job instance at 0x7f3f4d29d280>,66,1,[7 1],67,161,162,94,155
1,<environment.Job instance at 0x7f3f93978a50>,1,2,[1 8],2,2,4,0,2
1,<environment.Job instance at 0x7f3f4d42c3c0>,2,18,[5 6],3,4,22,1,3
1,<environment.Job instance at 0x7f3f934763c0>,8,12,[10  5],9,22,34,13,9
1,<environment.Job instance at 0x7f3f935e0460>,24,15,[3 7],25,46,61,21,46
1,<environment.Job instance at 0x7f3f935e0640>,27,3,[3 6],28,61,64,33,48
1,<environment.Job instance at 0x7f3f935e06e0>,28,2,[2 9],29,64,66,35,48
1,<environment.Job instance at 0x7f3f935e07d0>,29,15,[4 9],30,66,81,36,54
1,<environment.Job instance at 0x7f3f935e0a00>,36,13,[4 5],37,81,94,44,72
1,<environment.Job instance at 0x7f3f935e0be0>,39,18,[7 2],40,94,112,54,83
1,<environment.Job instance at 0x7f3f935e0e10>,43,12,[5 8],44,112,124,68,95
1,<environment.Job instance at 0x7f3f936114b0>,47,13,[5 5],48,124,137,76,108
1,<environment.Job instance at 0x7f3f93611cd0>,56,16,[ 5 10],57,137,153,80,124
1,<environment.Job instance at 0x7f3f93605230>,64,12,[3 9],65,153,165,88,136
1,<environment.Job instance at 0x7f3f936052d0>,65,15,[5 1],66,153,168,87,139
1,<environment.Job instance at 0x7f3f93605af0>,74,3,[2 8],75,165,168,90,152
1,<environment.Job instance at 0x7f3f93605f00>,82,1,[5 5],83,184,185,101,184
1,<environment.Job instance at 0x7f3f935df1e0>,85,17,[4 9],86,198,215,112,198
1,<environment.Job instance at 0x7f3f935df280>,86,2,[8 3],87,215,217,128,199
1,<environment.Job instance at 0x7f3f935df140>,87,13,[7 4],88,217,230,129,203
1,<environment.Job instance at 0x7f3f93521e10>,0,3,[2 6],1,1,4,0,1
1,<environment.Job instance at 0x7f3f4d00a2d0>,5,3,[5 5],6,6,9,0,6
1,<environment.Job instance at 0x7f3f98160910>,6,1,[5 3],7,7,8,0,7
1,<environment.Job instance at 0x7f3f98160eb0>,7,12,[2 5],8,8,20,0,8
1,<environment.Job instance at 0x7f3f981605a0>,8,3,[10  4],9,20,23,11,9
1,<environment.Job instance at 0x7f3f98160550>,9,15,[8 4],10,23,38,13,10
1,<environment.Job instance at 0x7f3f4d01aa50>,13,2,[6 3],14,14,16,0,14
1,<environment.Job instance at 0x7f3f92e40eb0>,15,13,[2 6],16,23,36,7,16
1,<environment.Job instance at 0x7f3f92e40e10>,18,18,[5 6],19,38,56,19,27
1,<environment.Job instance at 0x7f3f4d47fd70>,25,16,[5 7],26,56,72,30,43
1,<environment.Job instance at 0x7f3f4d47f500>,30,17,[8 3],31,72,89,41,60
1,<environment.Job instance at 0x7f3f936133c0>,42,17,[3 8],43,89,106,46,83
1,<environment.Job instance at 0x7f3f93613870>,47,14,[9 3],48,106,120,58,91
1,<environment.Job instance at 0x7f3f93669730>,57,15,[6 1],58,120,135,62,113
1,<environment.Job instance at 0x7f3f4d1df690>,65,17,[ 4 10],66,140,157,74,140
1,<environment.Job instance at 0x7f3f4d1dfc80>,70,16,[1 5],71,157,173,86,144
1,<environment.Job instance at 0x7f3f4d1dfb40>,71,17,[6 5],72,158,175,86,158
1,<environment.Job instance at 0x7f3f92d4cd70>,83,18,[4 9],84,175,193,91,164
1,<environment.Job instance at 0x7f3f92ceebe0>,91,13,[5 5],92,193,206,101,179
1,<environment.Job instance at 0x7f3f92ceee60>,101,16,[8 1],102,206,222,104,193
1,<environment.Job instance at 0x7f3f4d47f9b0>,1,16,[ 2 10],2,2,18,0,2
1,<environment.Job instance at 0x7f3f939da320>,15,16,[10  2],16,71,87,55,71
1,<environment.Job instance at 0x7f3f92d7e9b0>,17,12,[4 7],18,87,99,69,73
1,<environment.Job instance at 0x7f3f4d3c7cd0>,27,14,[8 3],28,99,113,71,94
1,<environment.Job instance at 0x7f3f939dafa0>,8,18,[5 6],9,116,134,107,116
1,<environment.Job instance at 0x7f3f92d966e0>,38,13,[5 9],39,134,147,95,130
1,<environment.Job instance at 0x7f3f92d96780>,40,14,[5 5],41,147,161,106,132
1,<environment.Job instance at 0x7f3f92d962d0>,37,2,[8 3],38,161,163,123,137
1,<environment.Job instance at 0x7f3f92d96dc0>,42,1,[5 8],43,163,164,120,137
1,<environment.Job instance at 0x7f3f92d96550>,43,1,[6 3],44,164,165,120,138
1,<environment.Job instance at 0x7f3f92d96730>,45,1,[10  4],46,165,166,119,147
1,<environment.Job instance at 0x7f3f92d96190>,48,14,[7 3],49,166,180,117,161
1,<environment.Job instance at 0x7f3f92d5f550>,54,18,[6 3],55,180,198,125,169
1,<environment.Job instance at 0x7f3f92d5f1e0>,57,16,[2 6],58,169,185,111,169
1,<environment.Job instance at 0x7f3f939daf50>,11,12,[8 3],12,198,210,186,181
1,<environment.Job instance at 0x7f3f4d34c460>,63,17,[5 1],64,210,227,146,199
1,<environment.Job instance at 0x7f3f4d4a1960>,69,3,[2 9],70,210,213,140,210
1,<environment.Job instance at 0x7f3f4d4a1410>,70,13,[6 5],71,227,240,156,211
1,<environment.Job instance at 0x7f3f4d34ca00>,66,2,[4 6],67,240,242,173,227
1,<environment.Job instance at 0x7f3f938fceb0>,0,14,[7 4],1,1,15,0,1
1,<environment.Job instance at 0x7f3f4d453a00>,5,18,[5 3],6,15,33,9,6
1,<environment.Job instance at 0x7f3f4d7ac280>,9,13,[6 1],10,33,46,23,17
1,<environment.Job instance at 0x7f3f4d4a19b0>,10,12,[ 4 10],11,56,68,45,56
1,<environment.Job instance at 0x7f3f933b0410>,31,1,[9 3],32,85,86,53,85
1,<environment.Job instance at 0x7f3f933b0fa0>,38,14,[9 3],39,91,105,52,91
1,<environment.Job instance at 0x7f3f4d6babe0>,42,18,[7 2],43,105,123,62,95
1,<environment.Job instance at 0x7f3f4d7f3280>,45,16,[2 7],46,105,121,59,101
1,<environment.Job instance at 0x7f3f4d6ba6e0>,49,16,[ 3 10],50,123,139,73,114
1,<environment.Job instance at 0x7f3f93817230>,53,15,[3 5],54,139,154,85,125
1,<environment.Job instance at 0x7f3f93835460>,54,13,[6 5],55,139,152,84,126
1,<environment.Job instance at 0x7f3f4d77d6e0>,70,16,[8 2],71,154,170,83,143
1,<environment.Job instance at 0x7f3f4d486690>,74,13,[6 5],75,170,183,95,169
1,<environment.Job instance at 0x7f3f4d48db90>,80,12,[9 2],81,183,195,102,174
1,<environment.Job instance at 0x7f3f4d48d8c0>,83,13,[7 3],84,195,208,111,189
1,<environment.Job instance at 0x7f3f4d3a7410>,86,15,[6 4],87,208,223,121,194
1,<environment.Job instance at 0x7f3f92ebf5a0>,0,3,[7 1],1,1,4,0,1
1,<environment.Job instance at 0x7f3f933a0e10>,2,16,[7 1],3,4,20,1,3
1,<environment.Job instance at 0x7f3f93521820>,3,13,[6 5],4,20,33,16,4
1,<environment.Job instance at 0x7f3f93143aa0>,7,18,[4 5],8,20,38,12,9
1,<environment.Job instance at 0x7f3f4ced0910>,11,15,[4 9],12,38,53,26,24
1,<environment.Job instance at 0x7f3f93302e60>,26,15,[5 2],27,53,68,26,45
1,<environment.Job instance at 0x7f3f93114500>,29,13,[4 9],30,68,81,38,53
1,<environment.Job instance at 0x7f3f9815d5a0>,33,14,[4 9],34,81,95,47,67
1,<environment.Job instance at 0x7f3f939c8690>,38,14,[10  3],39,95,109,56,82
1,<environment.Job instance at 0x7f3f4d59c550>,45,12,[2 6],46,109,121,63,108
1,<environment.Job instance at 0x7f3f4d47cbe0>,32,17,[3 8],33,121,138,88,121
1,<environment.Job instance at 0x7f3f92c394b0>,48,16,[7 1],49,123,139,74,123
1,<environment.Job instance at 0x7f3f4d701190>,50,17,[3 8],51,138,155,87,127
1,<environment.Job instance at 0x7f3f4d701820>,55,12,[5 5],56,155,167,99,144
1,<environment.Job instance at 0x7f3f4d701aa0>,56,12,[4 6],57,167,179,110,154
1,<environment.Job instance at 0x7f3f4ce6e5a0>,12,13,[1 8],13,179,192,166,164
1,<environment.Job instance at 0x7f3f92f2c690>,64,15,[6 3],65,192,207,127,179
1,<environment.Job instance at 0x7f3f4d701cd0>,49,15,[ 4 10],50,207,222,157,194
1,<environment.Job instance at 0x7f3f4d5846e0>,82,13,[2 6],83,222,235,139,212
1,<environment.Job instance at 0x7f3f93708a00>,83,17,[6 4],84,222,239,138,218
1,<environment.Job instance at 0x7f3f92cb0d70>,0,1,[6 1],1,1,2,0,1
1,<environment.Job instance at 0x7f3f4d069e10>,1,15,[5 1],2,2,17,0,2
1,<environment.Job instance at 0x7f3f4d25b5f0>,5,17,[4 6],6,6,23,0,6
1,<environment.Job instance at 0x7f3f4cfa1e10>,12,17,[ 1 10],13,23,40,10,17
1,<environment.Job instance at 0x7f3f4cfa11e0>,18,12,[3 7],19,40,52,21,24
1,<environment.Job instance at 0x7f3f4cfa1960>,24,14,[7 2],25,40,54,15,31
1,<environment.Job instance at 0x7f3f4d52c870>,31,12,[6 3],32,55,67,23,55
1,<environment.Job instance at 0x7f3f4d52c3c0>,32,16,[5 3],33,67,83,34,64
1,<environment.Job instance at 0x7f3f4d52cc30>,37,12,[ 2 10],38,83,95,45,66
1,<environment.Job instance at 0x7f3f4d52c7d0>,39,12,[7 5],40,95,107,55,78
1,<environment.Job instance at 0x7f3f4d52cc80>,41,14,[ 5 10],42,107,121,65,95
1,<environment.Job instance at 0x7f3f4d52c140>,48,16,[1 9],49,121,137,72,111
1,<environment.Job instance at 0x7f3f92d11280>,56,16,[6 2],57,137,153,80,127
1,<environment.Job instance at 0x7f3f4d70e280>,61,16,[1 7],62,140,156,78,140
1,<environment.Job instance at 0x7f3f4d52cf00>,45,12,[ 4 10],46,156,168,110,152
1,<environment.Job instance at 0x7f3f4d70e0f0>,69,18,[5 3],70,168,186,98,159
1,<environment.Job instance at 0x7f3f4d70e5a0>,75,15,[2 6],76,181,196,105,181
1,<environment.Job instance at 0x7f3f4cf20fa0>,80,18,[8 3],81,186,204,105,182
1,<environment.Job instance at 0x7f3f4d70e320>,67,14,[5 6],68,204,218,136,201
1,<environment.Job instance at 0x7f3f93095c80>,0,1,[2 9],1,1,2,0,1
1,<environment.Job instance at 0x7f3f4cfa1910>,2,18,[7 3],3,3,21,0,3
1,<environment.Job instance at 0x7f3f4cf815f0>,10,15,[8 2],11,21,36,10,11
1,<environment.Job instance at 0x7f3f9318f780>,23,13,[8 4],24,36,49,12,35
1,<environment.Job instance at 0x7f3f9318f960>,27,3,[8 4],28,49,52,21,47
1,<environment.Job instance at 0x7f3f9319f0a0>,29,15,[ 5 10],30,54,69,24,54
1,<environment.Job instance at 0x7f3f9319fc30>,34,14,[5 5],35,69,83,34,68
1,<environment.Job instance at 0x7f3f9319f9b0>,36,12,[5 9],37,83,95,46,74
1,<environment.Job instance at 0x7f3f4d5e6410>,43,13,[8 4],44,116,129,72,116
1,<environment.Job instance at 0x7f3f939b52d0>,47,14,[4 9],48,129,143,81,127
1,<environment.Job instance at 0x7f3f93853b90>,48,15,[5 4],49,143,158,94,130
1,<environment.Job instance at 0x7f3f4d2287d0>,56,17,[5 8],57,158,175,101,146
1,<environment.Job instance at 0x7f3f939d1cd0>,69,18,[1 9],70,188,206,118,188
1,<environment.Job instance at 0x7f3f939d35f0>,70,1,[6 3],71,206,207,135,188
1,<environment.Job instance at 0x7f3f939d3960>,72,13,[5 1],73,189,202,116,189
1,<environment.Job instance at 0x7f3f939d3e60>,74,1,[10  1],75,207,208,132,189
1,<environment.Job instance at 0x7f3f939d3910>,76,14,[ 3 10],77,208,222,131,195
1,<environment.Job instance at 0x7f3f934f08c0>,81,12,[6 4],82,222,234,140,207
1,<environment.Job instance at 0x7f3f939d1640>,1,16,[1 7],2,2,18,0,2
1,<environment.Job instance at 0x7f3f4cf20eb0>,3,1,[5 6],4,18,19,14,4
1,<environment.Job instance at 0x7f3f939c2230>,5,12,[4 8],6,57,69,51,57
1,<environment.Job instance at 0x7f3f4d6d1f00>,17,2,[2 5],18,69,71,51,57
1,<environment.Job instance at 0x7f3f4d70e870>,19,2,[3 7],20,71,73,51,58
1,<environment.Job instance at 0x7f3f9332b230>,20,13,[ 4 10],21,73,86,52,58
1,<environment.Job instance at 0x7f3f9332b910>,21,16,[4 7],22,86,102,64,73
1,<environment.Job instance at 0x7f3f4ce6b7d0>,27,12,[6 5],28,102,114,74,87
1,<environment.Job instance at 0x7f3f935465a0>,31,3,[8 3],32,114,117,82,103
1,<environment.Job instance at 0x7f3f93546140>,33,18,[ 4 10],34,117,135,83,107
1,<environment.Job instance at 0x7f3f92be3640>,35,3,[8 2],36,135,138,99,109
1,<environment.Job instance at 0x7f3f92be39b0>,41,14,[6 4],42,138,152,96,129
1,<environment.Job instance at 0x7f3f92be3dc0>,42,3,[8 3],43,152,155,109,129
1,<environment.Job instance at 0x7f3f92ddb9b0>,43,2,[8 5],44,155,157,111,129
1,<environment.Job instance at 0x7f3f92ddbc30>,44,17,[3 5],45,157,174,112,145
1,<environment.Job instance at 0x7f3f92ddbaf0>,53,12,[ 3 10],54,174,186,120,157
1,<environment.Job instance at 0x7f3f93aedaf0>,57,17,[8 4],58,186,203,128,174
1,<environment.Job instance at 0x7f3f934c3d70>,10,28,[8 5],11,210,238,199,210
1,<environment.Job instance at 0x7f3f4cf260a0>,0,14,[5 6],1,1,15,0,1
1,<environment.Job instance at 0x7f3f92cd9280>,8,2,[1 9],9,15,17,6,9
1,<environment.Job instance at 0x7f3f92cd9410>,9,17,[2 5],10,17,34,7,10
1,<environment.Job instance at 0x7f3f4d03d820>,12,13,[5 5],13,17,30,4,13
1,<environment.Job instance at 0x7f3f4d03d1e0>,13,12,[5 2],14,30,42,16,14
1,<environment.Job instance at 0x7f3f4d03d370>,16,18,[3 7],17,34,52,17,28
1,<environment.Job instance at 0x7f3f4d03d410>,18,12,[2 6],19,52,64,33,39
1,<environment.Job instance at 0x7f3f4cde9640>,29,17,[5 2],30,42,59,12,39
1,<environment.Job instance at 0x7f3f4cde9190>,32,17,[4 8],33,64,81,31,52
1,<environment.Job instance at 0x7f3f4cf46cd0>,43,18,[2 6],44,81,99,37,70
1,<environment.Job instance at 0x7f3f4cf46230>,36,3,[9 4],37,99,102,62,82
1,<environment.Job instance at 0x7f3f933645f0>,49,15,[10  3],50,102,117,52,88
1,<environment.Job instance at 0x7f3f93364820>,51,17,[9 5],52,117,134,65,111
1,<environment.Job instance at 0x7f3f93364190>,61,14,[7 4],62,134,148,72,128
1,<environment.Job instance at 0x7f3f93364230>,60,12,[3 6],61,134,146,73,134
1,<environment.Job instance at 0x7f3f9327c960>,65,14,[1 5],66,146,160,80,136
1,<environment.Job instance at 0x7f3f4ce41190>,80,15,[7 4],81,200,215,119,200
1,<environment.Job instance at 0x7f3f930dccd0>,2,17,[7 2],3,3,20,0,3
1,<environment.Job instance at 0x7f3f92e4dc30>,3,1,[5 3],4,20,21,16,4
1,<environment.Job instance at 0x7f3f93492320>,4,2,[2 7],5,5,7,0,5
1,<environment.Job instance at 0x7f3f934aed70>,22,17,[9 5],23,45,62,22,45
1,<environment.Job instance at 0x7f3f934ae6e0>,24,2,[1 6],25,62,64,37,51
1,<environment.Job instance at 0x7f3f934aebe0>,27,15,[1 9],28,64,79,36,51
1,<environment.Job instance at 0x7f3f92d210f0>,42,17,[7 2],43,79,96,36,73
1,<environment.Job instance at 0x7f3f92d21050>,43,14,[7 2],44,96,110,52,81
1,<environment.Job instance at 0x7f3f92d21af0>,46,12,[ 4 10],47,110,122,63,93
1,<environment.Job instance at 0x7f3f92d21cd0>,48,18,[8 3],49,122,140,73,111
1,<environment.Job instance at 0x7f3f92cfbbe0>,57,13,[ 5 10],58,140,153,82,124
1,<environment.Job instance at 0x7f3f934ae870>,25,3,[5 7],26,153,156,127,133
1,<environment.Job instance at 0x7f3f92d136e0>,67,17,[6 2],68,156,173,88,144
1,<environment.Job instance at 0x7f3f9384a050>,77,16,[6 5],78,173,189,95,161
1,<environment.Job instance at 0x7f3f9384abe0>,78,12,[9 5],79,189,201,110,173
1,<environment.Job instance at 0x7f3f4d0b90a0>,81,12,[7 5],82,201,213,119,185
1,<environment.Job instance at 0x7f3f4d0b9e10>,86,16,[ 5 10],87,213,229,126,200
1,<environment.Job instance at 0x7f4145455190>,0,13,[9 3],1,1,14,0,1
1,<environment.Job instance at 0x7f413e0464b0>,5,2,[1 5],6,6,8,0,6
1,<environment.Job instance at 0x7f413e046370>,7,1,[5 4],8,14,15,6,8
1,<environment.Job instance at 0x7f413e046550>,8,13,[5 5],9,14,27,5,9
1,<environment.Job instance at 0x7f413e046be0>,14,13,[7 3],15,27,40,12,15
1,<environment.Job instance at 0x7f413e046960>,16,16,[3 5],17,17,33,0,17
1,<environment.Job instance at 0x7f413e04a280>,19,14,[3 5],20,33,47,13,22
1,<environment.Job instance at 0x7f413e04a5f0>,24,18,[2 6],25,47,65,22,41
1,<environment.Job instance at 0x7f413e04a910>,25,12,[ 5 10],26,65,77,39,50
1,<environment.Job instance at 0x7f413e04aa50>,27,15,[8 4],28,50,65,22,50
1,<environment.Job instance at 0x7f41454df7d0>,10,12,[3 7],11,77,89,66,62
1,<environment.Job instance at 0x7f413e04ac30>,30,14,[5 2],31,77,91,46,63
1,<environment.Job instance at 0x7f413e048500>,43,18,[5 5],44,89,107,45,83
1,<environment.Job instance at 0x7f413e0485f0>,45,13,[6 5],46,107,120,61,91
1,<environment.Job instance at 0x7f413e048870>,49,16,[2 5],50,100,116,50,100
1,<environment.Job instance at 0x7f413e04e280>,56,17,[8 5],57,129,146,72,129
1,<environment.Job instance at 0x7f413e04e3c0>,58,14,[2 7],59,146,160,87,133
1,<environment.Job instance at 0x7f413e04e690>,63,3,[5 9],64,160,163,96,154
1,<environment.Job instance at 0x7f413e04e960>,64,18,[2 9],65,163,181,98,154
1,<environment.Job instance at 0x7f413e04e870>,66,3,[7 4],67,181,184,114,159
1,<environment.Job instance at 0x7f413e04ebe0>,71,2,[5 1],72,201,203,129,201
1,<environment.Job instance at 0x7f413e04ee10>,72,2,[5 9],73,201,203,128,201
1,<environment.Job instance at 0x7f413e04ec30>,73,13,[6 3],74,203,216,129,201
1,<environment.Job instance at 0x7f413e04ef50>,74,14,[5 1],75,216,230,141,202
1,<environment.Job instance at 0x7f413e04acd0>,31,14,[2 5],32,211,225,179,211
1,<environment.Job instance at 0x7f413e04d370>,79,13,[9 4],80,230,243,150,215
1,<environment.Job instance at 0x7f413e055a50>,0,2,[3 8],1,1,3,0,1
1,<environment.Job instance at 0x7f413e04e550>,2,14,[1 8],3,3,17,0,3
1,<environment.Job instance at 0x7f413e05e190>,3,3,[1 9],4,17,20,13,4
1,<environment.Job instance at 0x7f413e05e370>,4,14,[8 4],5,20,34,15,5
1,<environment.Job instance at 0x7f413e05e910>,7,3,[4 5],8,34,37,26,8
1,<environment.Job instance at 0x7f40fa4a8460>,19,14,[3 6],20,37,51,17,29
1,<environment.Job instance at 0x7f40fa443a00>,25,16,[ 2 10],26,51,67,25,38
1,<environment.Job instance at 0x7f413e05e460>,9,2,[4 9],10,67,69,57,49
1,<environment.Job instance at 0x7f40fa439d20>,40,18,[10  3],41,69,87,28,68
1,<environment.Job instance at 0x7f40fa439be0>,44,12,[3 8],45,87,99,42,84
1,<environment.Job instance at 0x7f40fa445960>,46,14,[5 5],47,99,113,52,84
1,<environment.Job instance at 0x7f40fa4460a0>,55,14,[10  2],56,113,127,57,107
1,<environment.Job instance at 0x7f40fa43a730>,64,16,[7 2],65,127,143,62,114
1,<environment.Job instance at 0x7f40fa4a70a0>,77,16,[9 2],78,149,165,71,149
1,<environment.Job instance at 0x7f40fa43f1e0>,78,15,[7 5],79,165,180,86,151
1,<environment.Job instance at 0x7f40fa459910>,79,13,[6 3],80,180,193,100,164
1,<environment.Job instance at 0x7f40fa452460>,80,13,[7 4],81,193,206,112,177
1,<environment.Job instance at 0x7f40fa52faa0>,98,18,[4 6],99,206,224,107,201
1,<environment.Job instance at 0x7f413e05cb90>,0,15,[8 2],1,1,16,0,1
1,<environment.Job instance at 0x7f413de98190>,5,13,[6 4],6,16,29,10,6
1,<environment.Job instance at 0x7f414547e8c0>,12,1,[5 9],13,29,30,16,16
1,<environment.Job instance at 0x7f414547ecd0>,8,17,[3 6],9,30,47,21,18
1,<environment.Job instance at 0x7f414547ee10>,14,15,[5 1],15,29,44,14,18
1,<environment.Job instance at 0x7f40fa28faf0>,21,2,[1 7],22,47,49,25,23
1,<environment.Job instance at 0x7f40fa3038c0>,23,3,[2 5],24,24,27,0,24
1,<environment.Job instance at 0x7f41455c9280>,25,12,[2 6],26,49,61,23,32
1,<environment.Job instance at 0x7f41455d06e0>,26,15,[2 7],27,61,76,34,47
1,<environment.Job instance at 0x7f414547e1e0>,13,20,[2 6],14,112,132,98,112
1,<environment.Job instance at 0x7f413e53ae60>,40,15,[7 1],41,120,135,79,120
1,<environment.Job instance at 0x7f413e53a0f0>,41,17,[10  3],42,135,152,93,123
1,<environment.Job instance at 0x7f414547ef00>,10,1,[ 1 10],11,152,153,141,124
1,<environment.Job instance at 0x7f40fa408140>,50,14,[8 3],51,153,167,102,142
1,<environment.Job instance at 0x7f40fa4084b0>,56,16,[9 2],57,167,183,110,154
1,<environment.Job instance at 0x7f4145455460>,61,17,[7 5],62,183,200,121,182
1,<environment.Job instance at 0x7f414547f280>,64,15,[4 6],65,200,215,135,192
1,<environment.Job instance at 0x7f414547f910>,62,12,[3 8],63,215,227,152,212
1,<environment.Job instance at 0x7f413e194500>,72,3,[10  4],73,227,230,154,218
1,<environment.Job instance at 0x7f40fa67dd70>,0,1,[5 1],1,1,2,0,1
1,<environment.Job instance at 0x7f413deaac30>,1,3,[9 3],2,2,5,0,2
1,<environment.Job instance at 0x7f40fa620960>,3,3,[8 4],4,5,8,1,4
1,<environment.Job instance at 0x7f40fa303a00>,6,18,[4 6],7,8,26,1,7
1,<environment.Job instance at 0x7f413e0cb870>,12,18,[6 3],13,13,31,0,13
1,<environment.Job instance at 0x7f413e09d780>,29,13,[1 9],30,75,88,45,75
1,<environment.Job instance at 0x7f413e07f370>,31,13,[5 5],32,88,101,56,75
1,<environment.Job instance at 0x7f413e0fd6e0>,33,12,[1 8],34,101,113,67,84
1,<environment.Job instance at 0x7f41449ea960>,38,14,[10  3],39,113,127,74,98
1,<environment.Job instance at 0x7f41449ea690>,47,18,[5 1],48,127,145,79,120
1,<environment.Job instance at 0x7f41449eaaf0>,49,15,[9 5],50,145,160,95,131
1,<environment.Job instance at 0x7f41449ea3c0>,51,13,[5 3],52,131,144,79,131
1,<environment.Job instance at 0x7f413e02ff50>,58,14,[5 9],59,160,174,101,151
1,<environment.Job instance at 0x7f4144986a50>,65,12,[2 9],66,174,186,108,161
1,<environment.Job instance at 0x7f4144986f50>,66,14,[3 9],67,186,200,119,171
1,<environment.Job instance at 0x7f413e09e690>,71,18,[8 4],72,200,218,128,189
1,<environment.Job instance at 0x7f413e07d7d0>,79,15,[7 1],80,218,233,138,204
1,<environment.Job instance at 0x7f413e07ddc0>,80,14,[6 4],81,233,247,152,218
1,<environment.Job instance at 0x7f413e1fecd0>,0,3,[9 5],1,1,4,0,1
1,<environment.Job instance at 0x7f413e4032d0>,2,13,[4 8],3,4,17,1,3
1,<environment.Job instance at 0x7f40fa926460>,6,12,[7 1],7,17,29,10,7
1,<environment.Job instance at 0x7f413e467a00>,12,3,[6 4],13,29,32,16,15
1,<environment.Job instance at 0x7f413e467320>,13,3,[6 2],14,32,35,18,21
1,<environment.Job instance at 0x7f413e493aa0>,19,14,[3 7],20,32,46,12,24
1,<environment.Job instance at 0x7f40fa710d20>,22,13,[1 5],23,46,59,23,30
1,<environment.Job instance at 0x7f413e467780>,14,15,[9 1],15,46,61,31,39
1,<environment.Job instance at 0x7f4144dedc80>,37,13,[9 4],38,61,74,23,53
1,<environment.Job instance at 0x7f413e43fdc0>,39,17,[5 9],40,74,91,34,62
1,<environment.Job instance at 0x7f4144ded370>,32,14,[6 5],33,91,105,58,79
1,<environment.Job instance at 0x7f4144dccaa0>,45,16,[4 5],46,91,107,45,85
1,<environment.Job instance at 0x7f413e0b0dc0>,10,14,[6 4],11,105,119,94,95
1,<environment.Job instance at 0x7f4144de9690>,53,12,[4 6],54,114,126,60,114
1,<environment.Job instance at 0x7f4144de9190>,54,3,[6 4],55,119,122,64,115
1,<environment.Job instance at 0x7f4144de9a50>,55,13,[2 6],56,126,139,70,115
1,<environment.Job instance at 0x7f4144ddf690>,63,16,[6 5],64,139,155,75,129
1,<environment.Job instance at 0x7f4144ddf910>,64,2,[ 2 10],65,155,157,90,129
1,<environment.Job instance at 0x7f4144ddfe60>,67,17,[5 2],68,157,174,89,145
1,<environment.Job instance at 0x7f4144ded550>,35,20,[4 7],36,157,177,121,155
1,<environment.Job instance at 0x7f4144dd65f0>,70,15,[3 9],71,177,192,106,163
1,<environment.Job instance at 0x7f4144de5230>,78,14,[9 4],79,192,206,113,177
1,<environment.Job instance at 0x7f4144dd6140>,79,13,[3 6],80,206,219,126,190
1,<environment.Job instance at 0x7f413de2ee10>,89,14,[6 1],90,206,220,116,205
1,<environment.Job instance at 0x7f413de2ea50>,91,17,[10  4],92,220,237,128,208
1,<environment.Job instance at 0x7f413e169e60>,0,15,[ 4 10],1,1,16,0,1
1,<environment.Job instance at 0x7f413e4d0320>,2,2,[ 2 10],3,16,18,13,3
1,<environment.Job instance at 0x7f413e4d02d0>,8,14,[1 7],9,18,32,9,9
1,<environment.Job instance at 0x7f413e4ce910>,10,1,[5 4],11,32,33,21,11
1,<environment.Job instance at 0x7f413e4ceaa0>,11,18,[4 8],12,33,51,21,22
1,<environment.Job instance at 0x7f413e4cebe0>,17,2,[6 4],18,51,53,33,24
1,<environment.Job instance at 0x7f413e4ce280>,18,14,[8 3],19,53,67,34,38
1,<environment.Job instance at 0x7f413e4cee10>,21,13,[5 8],22,67,80,45,51
1,<environment.Job instance at 0x7f40fa927d70>,26,12,[6 3],27,80,92,53,63
1,<environment.Job instance at 0x7f413e4ce780>,15,13,[1 5],16,80,93,64,65
1,<environment.Job instance at 0x7f40fa927500>,31,16,[ 4 10],32,93,109,61,81
1,<environment.Job instance at 0x7f40fa9270f0>,35,16,[4 6],36,109,125,73,96
1,<environment.Job instance at 0x7f413dfea550>,41,13,[2 8],42,125,138,83,109
1,<environment.Job instance at 0x7f413dfea960>,45,17,[7 4],46,138,155,92,126
1,<environment.Job instance at 0x7f413dfea190>,49,12,[5 7],50,155,167,105,138
1,<environment.Job instance at 0x7f413e095fa0>,57,16,[1 5],58,167,183,109,154
1,<environment.Job instance at 0x7f413e095a50>,60,13,[9 3],61,167,180,106,154
1,<environment.Job instance at 0x7f413e4ce0a0>,13,15,[10  4],14,183,198,169,180
1,<environment.Job instance at 0x7f413e095320>,70,16,[2 8],71,198,214,127,197
1,<environment.Job instance at 0x7f413e095780>,66,2,[7 3],67,214,216,147,201
1,<environment.Job instance at 0x7f413e095500>,72,17,[1 7],73,214,231,141,202
1,<environment.Job instance at 0x7f413e095730>,65,15,[9 1],66,216,231,150,205
1,<environment.Job instance at 0x7f413e07e820>,78,14,[5 4],79,231,245,152,217
1,<environment.Job instance at 0x7f40fa8ec820>,1,18,[3 7],2,2,20,0,2
1,<environment.Job instance at 0x7f4144d790a0>,6,13,[3 7],7,20,33,13,18
1,<environment.Job instance at 0x7f413df62dc0>,13,15,[4 9],14,33,48,19,22
1,<environment.Job instance at 0x7f4144ef6a00>,26,12,[6 4],27,48,60,21,48
1,<environment.Job instance at 0x7f413defbeb0>,27,17,[8 2],28,60,77,32,49
1,<environment.Job instance at 0x7f413e2ed050>,28,17,[1 6],29,62,79,33,62
1,<environment.Job instance at 0x7f413e3b8b90>,32,15,[2 9],33,79,94,46,65
1,<environment.Job instance at 0x7f413e27e9b0>,40,13,[6 4],41,94,107,53,81
1,<environment.Job instance at 0x7f40fa2dfc80>,48,15,[8 3],49,107,122,58,100
1,<environment.Job instance at 0x7f413df624b0>,15,12,[ 3 10],16,122,134,106,109
1,<environment.Job instance at 0x7f413e0409b0>,51,16,[5 3],52,134,150,82,121
1,<environment.Job instance at 0x7f413e040d70>,53,3,[1 6],54,134,137,80,121
1,<environment.Job instance at 0x7f413e040be0>,60,18,[9 2],61,150,168,89,139
1,<environment.Job instance at 0x7f41451cd4b0>,64,12,[7 4],65,168,180,103,151
1,<environment.Job instance at 0x7f40fa44fdc0>,73,15,[4 8],74,180,195,106,168
1,<environment.Job instance at 0x7f40fa825aa0>,77,18,[6 2],78,180,198,102,173
1,<environment.Job instance at 0x7f40fa4d2690>,88,13,[3 7],89,205,218,116,205
1,<environment.Job instance at 0x7f4144c049b0>,89,15,[8 5],90,218,233,128,212
1,<environment.Job instance at 0x7f40fa48c780>,1,1,[4 7],2,2,3,0,2
1,<environment.Job instance at 0x7f413e157b90>,2,19,[6 2],3,3,22,0,3
1,<environment.Job instance at 0x7f40fa6bdb40>,4,1,[1 7],5,5,6,0,5
1,<environment.Job instance at 0x7f40fa50a780>,14,16,[9 2],15,22,38,7,16
1,<environment.Job instance at 0x7f40fa2aaf00>,24,15,[3 5],25,45,60,20,45
1,<environment.Job instance at 0x7f40fa2c1960>,40,15,[5 1],41,127,142,86,127
1,<environment.Job instance at 0x7f40fa2c1820>,41,13,[5 2],42,129,142,87,129
1,<environment.Job instance at 0x7f40fa2c1870>,38,15,[1 8],39,142,157,103,134
1,<environment.Job instance at 0x7f40fa295320>,51,14,[6 1],52,142,156,90,142
1,<environment.Job instance at 0x7f40fa2954b0>,53,14,[4 8],54,157,171,103,145
1,<environment.Job instance at 0x7f40fa295690>,56,14,[7 5],57,171,185,114,156
1,<environment.Job instance at 0x7f40fa295a00>,64,16,[7 5],65,185,201,120,174
1,<environment.Job instance at 0x7f40fa2a8410>,77,3,[8 3],78,205,208,127,205
1,<environment.Job instance at 0x7f40fa2a8730>,82,18,[9 2],83,208,226,125,206
1,<environment.Job instance at 0x7f414490e3c0>,0,2,[2 6],1,1,3,0,1
1,<environment.Job instance at 0x7f40fa3babe0>,2,3,[6 1],3,3,6,0,3
1,<environment.Job instance at 0x7f40fa2dd2d0>,5,18,[ 2 10],6,6,24,0,6
1,<environment.Job instance at 0x7f40fa44f0f0>,7,2,[3 8],8,24,26,16,8
1,<environment.Job instance at 0x7f4144aee820>,17,12,[9 2],18,26,38,8,25
1,<environment.Job instance at 0x7f413dfd82d0>,20,13,[10  5],21,38,51,17,30
1,<environment.Job instance at 0x7f4144999d20>,24,15,[4 7],25,51,66,26,39
1,<environment.Job instance at 0x7f413e30c280>,31,16,[4 9],32,66,82,34,56
1,<environment.Job instance at 0x7f4144ad5690>,36,18,[7 1],37,82,100,45,80
1,<environment.Job instance at 0x7f413e4eb370>,42,13,[1 9],43,112,125,69,112
1,<environment.Job instance at 0x7f4145437550>,43,3,[9 4],44,125,128,81,113
1,<environment.Job instance at 0x7f413e1f2280>,46,16,[9 3],47,128,144,81,117
1,<environment.Job instance at 0x7f413e1f2a00>,50,17,[4 7],51,144,161,93,142
1,<environment.Job instance at 0x7f40fa827640>,55,2,[10  1],56,161,163,105,145
1,<environment.Job instance at 0x7f40fa827e60>,57,17,[4 6],58,163,180,105,151
1,<environment.Job instance at 0x7f40fa852500>,63,13,[6 4],64,163,176,99,151
1,<environment.Job instance at 0x7f40fa919f50>,67,13,[7 1],68,182,195,114,182
1,<environment.Job instance at 0x7f40fa939140>,79,3,[10  4],80,195,198,115,194
1,<environment.Job instance at 0x7f40fa939fa0>,78,13,[3 6],79,198,211,119,194
1,<environment.Job instance at 0x7f40fa9390a0>,74,17,[10  5],75,212,229,137,212
1,<environment.Job instance at 0x7f40fa939f50>,86,12,[5 6],87,229,241,142,214
1,<environment.Job instance at 0x7f4144940690>,0,3,[5 7],1,1,4,0,1
1,<environment.Job instance at 0x7f413e446d70>,1,3,[7 4],2,4,7,2,3
1,<environment.Job instance at 0x7f40fa3d4aa0>,11,17,[9 4],12,13,30,1,13
1,<environment.Job instance at 0x7f40fa3d4460>,13,2,[ 3 10],14,30,32,16,14
1,<environment.Job instance at 0x7f413e3a8370>,14,14,[9 5],15,32,46,17,17
1,<environment.Job instance at 0x7f40fa618320>,17,18,[ 5 10],18,46,64,28,35
1,<environment.Job instance at 0x7f40fa7ac780>,25,14,[8 4],26,64,78,38,49
1,<environment.Job instance at 0x7f40fa8ed410>,31,14,[4 9],32,78,92,46,63
1,<environment.Job instance at 0x7f413e427b90>,39,2,[5 1],40,79,81,39,79
1,<environment.Job instance at 0x7f413e427c80>,44,14,[7 4],45,97,111,52,97
1,<environment.Job instance at 0x7f413e427eb0>,42,13,[3 7],43,111,124,68,103
1,<environment.Job instance at 0x7f413e427dc0>,46,15,[2 7],47,124,139,77,110
1,<environment.Job instance at 0x7f413e427190>,49,16,[8 5],50,139,155,89,126
1,<environment.Job instance at 0x7f413e543820>,53,14,[4 8],54,155,169,101,141
1,<environment.Job instance at 0x7f4144c2dfa0>,66,3,[1 8],67,179,182,112,179
1,<environment.Job instance at 0x7f40fa2eaa00>,71,1,[5 5],72,198,199,126,198
1,<environment.Job instance at 0x7f40fa716190>,74,15,[3 7],75,210,225,135,210
1,<environment.Job instance at 0x7f40fa3f4550>,1,14,[2 7],2,2,16,0,2
1,<environment.Job instance at 0x7f413e3b2d20>,7,1,[6 4],8,16,17,8,13
1,<environment.Job instance at 0x7f40fa705050>,14,17,[9 5],15,26,43,11,26
1,<environment.Job instance at 0x7f40fa3abe60>,16,3,[4 5],17,43,46,26,26
1,<environment.Job instance at 0x7f40fa3abfa0>,17,12,[ 3 10],18,46,58,28,29
1,<environment.Job instance at 0x7f40fa38d230>,26,2,[1 8],27,58,60,31,42
1,<environment.Job instance at 0x7f4144ae0be0>,6,16,[5 2],7,58,74,51,47
1,<environment.Job instance at 0x7f40fa38d780>,27,17,[1 7],28,60,77,32,50
1,<environment.Job instance at 0x7f40fa38daf0>,29,17,[8 4],30,77,94,47,65
1,<environment.Job instance at 0x7f40fa38dbe0>,31,16,[2 6],32,77,93,45,65
1,<environment.Job instance at 0x7f40fa38d640>,38,14,[1 6],39,93,107,54,78
1,<environment.Job instance at 0x7f40fa3c0550>,43,18,[1 8],44,107,125,63,96
1,<environment.Job instance at 0x7f40fa3c0820>,47,12,[2 5],48,125,137,77,108
1,<environment.Job instance at 0x7f40fa3c0af0>,51,12,[5 1],52,108,120,56,108
1,<environment.Job instance at 0x7f40fa3c0be0>,54,16,[5 3],55,125,141,70,112
1,<environment.Job instance at 0x7f40fa39e0a0>,61,12,[7 4],62,141,153,79,126
1,<environment.Job instance at 0x7f40fa39e140>,62,18,[7 3],63,153,171,90,142
1,<environment.Job instance at 0x7f40fa39e460>,66,12,[4 6],67,171,183,104,154
1,<environment.Job instance at 0x7f40fa39e3c0>,67,16,[3 5],68,154,170,86,154
1,<environment.Job instance at 0x7f40fa39e690>,71,12,[7 5],72,183,195,111,166
1,<environment.Job instance at 0x7f40fa39ec30>,72,12,[5 4],73,171,183,98,168
1,<environment.Job instance at 0x7f40fa39ee60>,76,15,[1 5],77,183,198,106,183
1,<environment.Job instance at 0x7f40fa390050>,80,14,[6 1],81,195,209,114,185
1,<environment.Job instance at 0x7f40fa3903c0>,82,17,[3 8],83,198,215,115,195
1,<environment.Job instance at 0x7f40fa390550>,87,14,[9 3],88,215,229,127,200
1,<environment.Job instance at 0x7f40fa3c0320>,0,17,[2 8],1,1,18,0,1
1,<environment.Job instance at 0x7f40fa866730>,3,13,[5 1],4,4,17,0,4
1,<environment.Job instance at 0x7f40fa8668c0>,4,16,[6 3],5,18,34,13,5
1,<environment.Job instance at 0x7f4145437460>,13,16,[4 9],14,34,50,20,22
1,<environment.Job instance at 0x7f40fa8c3870>,8,16,[10  3],9,50,66,41,40
1,<environment.Job instance at 0x7f413e013500>,35,3,[6 1],36,83,86,47,83
1,<environment.Job instance at 0x7f413df9a870>,46,2,[5 6],47,136,138,89,136
1,<environment.Job instance at 0x7f40fa5cde60>,47,12,[4 7],48,138,150,90,138
1,<environment.Job instance at 0x7f40fa5cd910>,49,12,[ 5 10],50,150,162,100,148
1,<environment.Job instance at 0x7f413e42f410>,56,18,[3 5],57,162,180,105,151
1,<environment.Job instance at 0x7f413e42faf0>,58,14,[7 5],59,162,176,103,158
1,<environment.Job instance at 0x7f413df62e60>,71,17,[2 9],72,198,215,126,198
1,<environment.Job instance at 0x7f413e548690>,78,14,[7 3],79,215,229,136,207
1,<environment.Job instance at 0x7f413e548370>,84,18,[6 3],85,229,247,144,218
1,<environment.Job instance at 0x7f40fa69d730>,0,17,[4 8],1,1,18,0,1
1,<environment.Job instance at 0x7f40fa3c02d0>,1,17,[3 6],2,18,35,16,6
1,<environment.Job instance at 0x7f40fa7149b0>,20,14,[7 4],21,21,35,0,21
1,<environment.Job instance at 0x7f40fa714370>,21,17,[ 4 10],22,35,52,13,25
1,<environment.Job instance at 0x7f40fa566e10>,27,15,[5 1],28,52,67,24,40
1,<environment.Job instance at 0x7f40fa566370>,29,13,[6 1],30,67,80,37,52
1,<environment.Job instance at 0x7f40fa566e60>,32,16,[9 2],33,80,96,47,68
1,<environment.Job instance at 0x7f4144ba5320>,61,1,[9 1],62,158,159,96,158
1,<environment.Job instance at 0x7f4144ba5820>,62,18,[7 2],63,159,177,96,158
1,<environment.Job instance at 0x7f413df6feb0>,65,16,[2 7],66,177,193,111,177
1,<environment.Job instance at 0x7f40fa69daa0>,3,1,[9 3],4,193,194,189,177
1,<environment.Job instance at 0x7f413df6f690>,72,13,[1 7],73,193,206,120,188
1,<environment.Job instance at 0x7f413df6fb90>,73,15,[3 5],74,206,221,132,195
1,<environment.Job instance at 0x7f40fa90a690>,79,13,[3 6],80,221,234,141,220
1,<environment.Job instance at 0x7f40fa90a870>,82,2,[2 5],83,234,236,151,220
1,<environment.Job instance at 0x7f40fa3c0870>,0,1,[4 5],1,1,2,0,1
1,<environment.Job instance at 0x7f40fa5c20a0>,2,17,[6 3],3,3,20,0,3
1,<environment.Job instance at 0x7f414494ccd0>,18,15,[5 4],19,21,36,2,21
1,<environment.Job instance at 0x7f413e00be10>,19,17,[7 5],20,36,53,16,25
1,<environment.Job instance at 0x7f40fa8368c0>,26,15,[8 5],27,60,75,33,60
1,<environment.Job instance at 0x7f40fa81b500>,28,12,[4 8],29,75,87,46,61
1,<environment.Job instance at 0x7f40fa81b0f0>,36,15,[5 2],37,75,90,38,67
1,<environment.Job instance at 0x7f40fa1b02d0>,39,13,[4 9],40,90,103,50,74
1,<environment.Job instance at 0x7f413ddb8460>,43,14,[4 9],44,103,117,59,89
1,<environment.Job instance at 0x7f413e126c80>,51,17,[5 4],52,136,153,84,136
1,<environment.Job instance at 0x7f40fa950320>,59,15,[ 4 10],60,153,168,93,153
1,<environment.Job instance at 0x7f40fa73a690>,68,12,[3 9],69,190,202,121,190
1,<environment.Job instance at 0x7f40fa9a0690>,74,15,[6 3],75,202,217,127,196
1,<environment.Job instance at 0x7f4144d93fa0>,0,1,[6 1],1,1,2,0,1
1,<environment.Job instance at 0x7f4144d930a0>,1,15,[5 1],2,2,17,0,2
1,<environment.Job instance at 0x7f40fa73baf0>,2,1,[1 5],3,3,4,0,3
1,<environment.Job instance at 0x7f413e41d820>,3,1,[7 1],4,17,18,13,4
1,<environment.Job instance at 0x7f413e4a0be0>,5,17,[4 6],6,18,35,12,6
1,<environment.Job instance at 0x7f40fa05baf0>,7,1,[3 6],8,8,9,0,8
1,<environment.Job instance at 0x7f40fa05d1e0>,8,2,[7 1],9,35,37,26,9
1,<environment.Job instance at 0x7f40fa05daa0>,9,2,[5 1],10,10,12,0,10
1,<environment.Job instance at 0x7f40fa9226e0>,18,12,[3 7],19,35,47,16,24
1,<environment.Job instance at 0x7f40fa4a8c80>,15,15,[7 1],16,37,52,21,25
1,<environment.Job instance at 0x7f4144ded5f0>,30,16,[1 9],31,71,87,40,71
1,<environment.Job instance at 0x7f40fa363780>,33,15,[9 4],34,87,102,53,81
1,<environment.Job instance at 0x7f413ddbe640>,39,12,[7 5],40,102,114,62,85
1,<environment.Job instance at 0x7f40fa6dc280>,43,14,[5 7],44,114,128,70,109
1,<environment.Job instance at 0x7f413ddbe9b0>,42,17,[5 8],43,128,145,85,116
1,<environment.Job instance at 0x7f40fa8998c0>,55,15,[4 9],56,145,160,89,142
1,<environment.Job instance at 0x7f40fa8990f0>,67,14,[5 6],68,160,174,92,154
1,<environment.Job instance at 0x7f413df462d0>,68,12,[7 2],69,174,186,105,161
1,<environment.Job instance at 0x7f413df469b0>,69,18,[5 3],70,186,204,116,175
1,<environment.Job instance at 0x7f413e031a00>,80,18,[8 3],81,204,222,123,193
1,<environment.Job instance at 0x7f4144bfc6e0>,84,12,[4 5],85,222,234,137,206
1,<environment.Job instance at 0x7f40fa0c1280>,0,15,[8 2],1,1,16,0,1
1,<environment.Job instance at 0x7f40fa05b7d0>,2,15,[9 5],3,16,31,13,4
1,<environment.Job instance at 0x7f4144d50e60>,13,13,[8 4],14,31,44,17,19
1,<environment.Job instance at 0x7f40fa3d35a0>,3,13,[3 7],4,44,57,40,31
1,<environment.Job instance at 0x7f4144d50140>,24,14,[5 5],25,57,71,32,42
1,<environment.Job instance at 0x7f40fa135640>,30,18,[3 7],31,71,89,40,60
1,<environment.Job instance at 0x7f40fa135550>,33,13,[8 4],34,89,102,55,76
1,<environment.Job instance at 0x7f40fa1355f0>,34,3,[7 5],35,102,105,67,76
1,<environment.Job instance at 0x7f40fa135c30>,41,2,[5 5],42,115,117,73,115
1,<environment.Job instance at 0x7f40fa1359b0>,42,18,[1 5],43,115,133,72,115
1,<environment.Job instance at 0x7f40fa5aef00>,57,15,[4 6],58,180,195,122,180
1,<environment.Job instance at 0x7f40fa5ae550>,62,13,[5 1],63,186,199,123,186
1,<environment.Job instance at 0x7f40fa5aef50>,65,3,[5 5],66,195,198,129,187
1,<environment.Job instance at 0x7f40fa5aea50>,68,17,[3 8],69,198,215,129,198
1,<environment.Job instance at 0x7f40fa5ae0a0>,69,14,[5 4],70,215,229,145,200
1,<environment.Job instance at 0x7f413e1a6140>,76,13,[9 1],77,229,242,152,215
1,<environment.Job instance at 0x7f40fa0c2fa0>,0,13,[ 4 10],1,1,14,0,1
1,<environment.Job instance at 0x7f4144d506e0>,2,17,[10  4],3,14,31,11,3
1,<environment.Job instance at 0x7f40fa651690>,6,3,[9 4],7,31,34,24,7
1,<environment.Job instance at 0x7f40fa786eb0>,11,3,[8 3],12,34,37,22,23
1,<environment.Job instance at 0x7f413df951e0>,20,15,[1 8],21,37,52,16,36
1,<environment.Job instance at 0x7f413df95460>,24,17,[3 5],25,52,69,27,46
1,<environment.Job instance at 0x7f413df6d2d0>,37,17,[8 4],38,69,86,31,59
1,<environment.Job instance at 0x7f40fa2df230>,39,14,[1 5],40,63,77,23,63
1,<environment.Job instance at 0x7f4144a1c820>,52,13,[8 1],53,105,118,52,105
1,<environment.Job instance at 0x7f40fa7eac30>,53,3,[1 5],54,107,110,53,107
1,<environment.Job instance at 0x7f413dec22d0>,59,14,[8 1],60,118,132,58,116
1,<environment.Job instance at 0x7f40fa80ce10>,50,18,[5 8],51,132,150,81,122
1,<environment.Job instance at 0x7f413dec20f0>,64,12,[4 9],65,150,162,85,138
1,<environment.Job instance at 0x7f413e126140>,78,18,[5 5],79,162,180,83,154
1,<environment.Job instance at 0x7f40fa01cf00>,77,17,[2 8],78,180,197,102,178
1,<environment.Job instance at 0x7f40fa933f00>,87,17,[2 5],88,197,214,109,185
1,<environment.Job instance at 0x7f413deb6a50>,0,3,[5 6],1,1,4,0,1
1,<environment.Job instance at 0x7f40fa913cd0>,1,18,[9 3],2,4,22,2,3
1,<environment.Job instance at 0x7f40fa48ae60>,11,14,[1 7],12,12,26,0,12
1,<environment.Job instance at 0x7f4144f8ef00>,14,13,[1 6],15,26,39,11,15
1,<environment.Job instance at 0x7f40fa11d5a0>,17,18,[3 8],18,39,57,21,28
1,<environment.Job instance at 0x7f413de93c30>,18,13,[5 2],19,35,48,16,35
1,<environment.Job instance at 0x7f40fa07bcd0>,27,12,[1 7],28,57,69,29,42
1,<environment.Job instance at 0x7f40fa07bd70>,29,14,[9 3],30,57,71,27,43
1,<environment.Job instance at 0x7f40fa99dcd0>,34,15,[5 2],35,71,86,36,57
1,<environment.Job instance at 0x7f40fa99d910>,35,14,[1 5],36,69,83,33,57
1,<environment.Job instance at 0x7f40fa99d690>,39,16,[ 5 10],40,86,102,46,81
1,<environment.Job instance at 0x7f413e29a0f0>,51,2,[2 8],52,126,128,74,126
1,<environment.Job instance at 0x7f40fa59f190>,55,16,[6 3],56,147,163,91,147
1,<environment.Job instance at 0x7f413e04a910>,61,16,[5 8],62,163,179,101,150
1,<environment.Job instance at 0x7f40fa7bcb40>,64,13,[8 2],65,179,192,114,168
1,<environment.Job instance at 0x7f40fa7bc0f0>,71,14,[1 6],72,193,207,121,193
1,<environment.Job instance at 0x7f413e0adc30>,72,16,[1 9],73,207,223,134,194
1,<environment.Job instance at 0x7f40fa3b0550>,0,2,[1 7],1,1,3,0,1
1,<environment.Job instance at 0x7f4144aeac80>,2,17,[7 2],3,3,20,0,3
1,<environment.Job instance at 0x7f413dea6690>,6,12,[ 4 10],7,20,32,13,7
1,<environment.Job instance at 0x7f413dea6aa0>,7,14,[9 4],8,32,46,24,18
1,<environment.Job instance at 0x7f41448d6c80>,17,13,[ 5 10],18,46,59,28,30
1,<environment.Job instance at 0x7f41448d6910>,27,17,[6 2],28,59,76,31,48
1,<environment.Job instance at 0x7f41448b7fa0>,37,16,[6 5],38,76,92,38,63
1,<environment.Job instance at 0x7f41448b7b40>,41,12,[7 5],42,92,104,50,75
1,<environment.Job instance at 0x7f40fa604e10>,48,14,[5 1],49,104,118,55,89
1,<environment.Job instance at 0x7f40fa604c30>,49,12,[6 2],50,118,130,68,101
1,<environment.Job instance at 0x7f4144d51dc0>,53,13,[8 5],54,130,143,76,116
1,<environment.Job instance at 0x7f413de95f00>,68,1,[8 5],69,185,186,116,185
1,<environment.Job instance at 0x7f413de95fa0>,69,17,[6 3],70,186,203,116,186
1,<environment.Job instance at 0x7f413de95a50>,73,12,[ 1 10],74,203,215,129,200
1,<environment.Job instance at 0x7f413e43f410>,76,16,[3 5],77,215,231,138,202
1,<environment.Job instance at 0x7f413e43f7d0>,77,14,[5 1],78,215,229,137,202
1,<environment.Job instance at 0x7f41448b7e10>,0,16,[7 5],1,1,17,0,1
1,<environment.Job instance at 0x7f413e14ceb0>,9,17,[10  4],10,17,34,7,10
1,<environment.Job instance at 0x7f413e13fb90>,23,18,[2 9],24,34,52,10,34
1,<environment.Job instance at 0x7f413e13f960>,26,13,[4 5],27,52,65,25,49
1,<environment.Job instance at 0x7f413e13f8c0>,27,17,[7 5],28,65,82,37,53
1,<environment.Job instance at 0x7f413e13fa00>,30,3,[4 8],31,82,85,51,57
1,<environment.Job instance at 0x7f4144bf6af0>,31,1,[8 1],32,85,86,53,57
1,<environment.Job instance at 0x7f4144bf6640>,32,2,[9 1],33,86,88,53,59
1,<environment.Job instance at 0x7f413e4b28c0>,12,1,[4 5],13,60,61,47,60
1,<environment.Job instance at 0x7f4144bf6690>,37,13,[4 7],38,88,101,50,82
1,<environment.Job instance at 0x7f4144bf6fa0>,39,13,[3 7],40,101,114,61,85
1,<environment.Job instance at 0x7f4144bf61e0>,41,14,[5 4],42,114,128,72,102
1,<environment.Job instance at 0x7f413e174550>,47,15,[3 7],48,129,144,81,129
1,<environment.Job instance at 0x7f413e147780>,50,14,[6 3],51,139,153,88,139
1,<environment.Job instance at 0x7f413e1475f0>,56,2,[3 7],57,146,148,89,146
1,<environment.Job instance at 0x7f413e147e60>,55,16,[7 4],56,153,169,97,146
1,<environment.Job instance at 0x7f413e149050>,60,14,[5 3],61,169,183,108,158
1,<environment.Job instance at 0x7f413e149190>,63,15,[7 1],64,183,198,119,169
1,<environment.Job instance at 0x7f413e149320>,73,13,[9 5],74,209,222,135,209
1,<environment.Job instance at 0x7f7e834bf190>,0,13,[9 3],1,1,14,0,1
1,<environment.Job instance at 0x7f7e80360230>,3,3,[4 8],4,14,17,10,4
1,<environment.Job instance at 0x7f7e80360370>,7,1,[5 4],8,17,18,9,8
1,<environment.Job instance at 0x7f7e80360550>,8,13,[5 5],9,17,30,8,9
1,<environment.Job instance at 0x7f7e80360be0>,14,13,[7 3],15,30,43,15,15
1,<environment.Job instance at 0x7f7e80360f00>,16,16,[3 5],17,18,34,1,18
1,<environment.Job instance at 0x7f7e803621e0>,18,3,[4 7],19,43,46,24,19
1,<environment.Job instance at 0x7f7e80362280>,19,14,[3 5],20,46,60,26,31
1,<environment.Job instance at 0x7f7e80362780>,25,12,[ 5 10],26,60,72,34,43
1,<environment.Job instance at 0x7f7e80362a00>,29,12,[5 4],30,73,85,43,73
1,<environment.Job instance at 0x7f7e80362aa0>,30,14,[5 2],31,73,87,42,73
1,<environment.Job instance at 0x7f7e80362d70>,31,14,[2 5],32,85,99,53,73
1,<environment.Job instance at 0x7f7e80362190>,32,3,[5 1],33,87,90,54,73
1,<environment.Job instance at 0x7f7e80362e10>,33,14,[5 5],34,90,104,56,75
1,<environment.Job instance at 0x7f7e80364230>,39,2,[5 6],40,104,106,64,90
1,<environment.Job instance at 0x7f7e80364780>,43,18,[5 5],44,106,124,62,96
1,<environment.Job instance at 0x7f7e80364870>,45,13,[6 5],46,124,137,78,108
1,<environment.Job instance at 0x7f7e80364af0>,49,16,[2 5],50,124,140,74,124
1,<environment.Job instance at 0x7f7e80364d20>,53,17,[5 7],54,141,158,87,141
1,<environment.Job instance at 0x7f7e80364fa0>,56,17,[8 5],57,158,175,101,154
1,<environment.Job instance at 0x7f7e80369230>,59,17,[1 6],60,175,192,115,163
1,<environment.Job instance at 0x7f7e80369780>,1,15,[1 7],2,2,17,0,2
1,<environment.Job instance at 0x7f7e80379370>,2,3,[3 7],3,17,20,14,3
1,<environment.Job instance at 0x7f7e803793c0>,3,15,[5 2],4,4,19,0,4
1,<environment.Job instance at 0x7f7e834e8fa0>,10,2,[9 5],11,20,22,9,16
1,<environment.Job instance at 0x7f7e8362e960>,13,18,[6 5],14,22,40,8,19
1,<environment.Job instance at 0x7f7e8362e870>,15,16,[ 2 10],16,40,56,24,30
1,<environment.Job instance at 0x7f7e83630500>,31,17,[10  2],32,69,86,37,69
1,<environment.Job instance at 0x7f7e83626640>,40,13,[10  5],41,86,99,45,70
1,<environment.Job instance at 0x7f7e834eb730>,43,14,[7 5],44,99,113,55,85
1,<environment.Job instance at 0x7f7e83626d70>,39,2,[9 4],40,113,115,73,87
1,<environment.Job instance at 0x7f7e834e9e10>,61,18,[2 8],62,115,133,53,105
1,<environment.Job instance at 0x7f7e834e9b40>,64,16,[9 4],65,133,149,68,120
1,<environment.Job instance at 0x7f7e834e90f0>,68,15,[7 5],69,149,164,80,149
1,<environment.Job instance at 0x7f7e83547550>,87,2,[4 5],88,173,175,85,173
1,<environment.Job instance at 0x7f7e83547730>,88,18,[4 6],89,175,193,86,175
1,<environment.Job instance at 0x7f7e83639550>,90,3,[7 3],91,193,196,102,178
1,<environment.Job instance at 0x7f7e836301e0>,0,12,[9 2],1,1,13,0,1
1,<environment.Job instance at 0x7f7e80377b90>,4,12,[5 9],5,13,25,8,6
1,<environment.Job instance at 0x7f7e3a71c0a0>,12,3,[7 1],13,25,28,12,13
1,<environment.Job instance at 0x7f7e3a71cf50>,16,16,[ 5 10],17,32,48,15,32
1,<environment.Job instance at 0x7f7e3a60a9b0>,18,1,[2 9],19,48,49,29,32
1,<environment.Job instance at 0x7f7e3a60aeb0>,19,13,[4 6],20,49,62,29,33
1,<environment.Job instance at 0x7f7e3a6e5410>,22,13,[1 6],23,62,75,39,49
1,<environment.Job instance at 0x7f7e3a60a6e0>,17,1,[4 5],18,75,76,57,58
1,<environment.Job instance at 0x7f7e805752d0>,30,14,[8 3],31,76,90,45,69
1,<environment.Job instance at 0x7f7e801f4550>,32,12,[8 1],33,90,102,57,74
1,<environment.Job instance at 0x7f7e80135e10>,37,16,[9 4],38,102,118,64,89
1,<environment.Job instance at 0x7f7e80598550>,41,17,[7 5],42,118,135,76,113
1,<environment.Job instance at 0x7f7e3a5b9c30>,53,2,[5 7],54,135,137,81,133
1,<environment.Job instance at 0x7f7e3a5b96e0>,54,1,[3 8],55,137,138,82,133
1,<environment.Job instance at 0x7f7e3a5b90a0>,55,13,[5 5],56,138,151,82,134
1,<environment.Job instance at 0x7f7e3a5b4320>,60,14,[7 5],61,151,165,90,137
1,<environment.Job instance at 0x7f7e3a6195a0>,48,18,[1 5],49,144,162,95,144
1,<environment.Job instance at 0x7f7e3a5b4870>,68,14,[7 5],69,165,179,96,164
1,<environment.Job instance at 0x7f7e3a5b4910>,67,12,[5 8],68,179,191,111,164
1,<environment.Job instance at 0x7f7e3a6d8f50>,79,17,[8 1],80,191,208,111,180
1,<environment.Job instance at 0x7f7e3a6d8d70>,77,15,[2 9],78,191,206,113,180
1,<environment.Job instance at 0x7f7e3a5c5730>,74,17,[7 2],75,208,225,133,198
1,<environment.Job instance at 0x7f7e801bf140>,1,13,[5 5],2,2,15,0,2
1,<environment.Job instance at 0x7f7e3a936f00>,3,12,[1 8],4,15,27,11,5
1,<environment.Job instance at 0x7f7e3a745b90>,13,13,[6 5],14,27,40,13,14
1,<environment.Job instance at 0x7f7e80494d20>,21,13,[5 3],22,40,53,18,28
1,<environment.Job instance at 0x7f7e83633410>,22,15,[5 1],23,40,55,17,28
1,<environment.Job instance at 0x7f7e801e85a0>,28,14,[5 9],29,53,67,24,43
1,<environment.Job instance at 0x7f7e3a7400a0>,35,12,[2 9],36,67,79,31,65
1,<environment.Job instance at 0x7f7e3a740910>,36,14,[3 9],37,79,93,42,68
1,<environment.Job instance at 0x7f7e3ab26780>,30,12,[2 5],31,93,105,62,78
1,<environment.Job instance at 0x7f7e3a7402d0>,41,18,[8 4],42,93,111,51,82
1,<environment.Job instance at 0x7f7e3a740140>,39,13,[5 9],40,111,124,71,96
1,<environment.Job instance at 0x7f7e804bcd20>,54,14,[7 1],55,124,138,69,109
1,<environment.Job instance at 0x7f7e80445140>,61,14,[5 8],62,138,152,76,130
1,<environment.Job instance at 0x7f7e806a0640>,63,15,[6 3],64,152,167,88,138
1,<environment.Job instance at 0x7f7e3a5b7f00>,65,18,[7 5],66,167,185,101,156
1,<environment.Job instance at 0x7f7e803e5050>,51,18,[3 6],52,185,203,133,179
1,<environment.Job instance at 0x7f7e3ab3a140>,77,13,[7 3],78,185,198,107,185
1,<environment.Job instance at 0x7f7e8074b460>,84,12,[4 6],85,203,215,118,191
1,<environment.Job instance at 0x7f7e8074ba00>,85,17,[7 1],86,215,232,129,203
1,<environment.Job instance at 0x7f7e82c060f0>,0,15,[4 5],1,1,16,0,1
1,<environment.Job instance at 0x7f7e82c06550>,9,18,[7 3],10,16,34,6,14
1,<environment.Job instance at 0x7f7e3a6d8e10>,14,3,[6 4],15,34,37,19,24
1,<environment.Job instance at 0x7f7e3a6d8320>,15,13,[2 6],16,24,37,8,24
1,<environment.Job instance at 0x7f7e80781320>,23,16,[6 5],24,52,68,28,52
1,<environment.Job instance at 0x7f7e8016a0a0>,27,17,[5 2],28,68,85,40,57
1,<environment.Job instance at 0x7f7e801d0910>,29,15,[6 3],30,85,100,55,71
1,<environment.Job instance at 0x7f7e801c6d70>,26,1,[2 6],27,71,72,44,71
1,<environment.Job instance at 0x7f7e3abf5140>,33,12,[6 2],34,100,112,66,83
1,<environment.Job instance at 0x7f7e3abf5280>,38,14,[9 4],39,112,126,73,97
1,<environment.Job instance at 0x7f7e80204780>,39,13,[3 6],40,97,110,57,97
1,<environment.Job instance at 0x7f7e801e7fa0>,47,17,[4 9],48,126,143,78,115
1,<environment.Job instance at 0x7f7e801e7730>,54,14,[7 4],55,143,157,88,130
1,<environment.Job instance at 0x7f7e801da320>,59,2,[5 6],60,157,159,97,154
1,<environment.Job instance at 0x7f7e801da0a0>,62,3,[5 2],63,157,160,94,155
1,<environment.Job instance at 0x7f7e801daaf0>,63,3,[9 2],64,160,163,96,155
1,<environment.Job instance at 0x7f7e801dae60>,65,12,[5 6],66,163,175,97,155
1,<environment.Job instance at 0x7f7e801da9b0>,66,17,[5 5],67,175,192,108,163
1,<environment.Job instance at 0x7f7e801d6be0>,73,16,[4 9],74,192,208,118,183
1,<environment.Job instance at 0x7f7e801d9a50>,79,18,[9 5],80,208,226,128,197
1,<environment.Job instance at 0x7f7e3ab1c690>,0,2,[2 7],1,1,3,0,1
1,<environment.Job instance at 0x7f7e3ab1c960>,2,3,[3 8],3,3,6,0,3
1,<environment.Job instance at 0x7f7e3ace2e10>,6,1,[5 7],7,7,8,0,7
1,<environment.Job instance at 0x7f7e3ace24b0>,7,16,[1 5],8,8,24,0,8
1,<environment.Job instance at 0x7f7e3ace29b0>,11,16,[2 7],12,24,40,12,12
1,<environment.Job instance at 0x7f7e3a9c7910>,19,2,[4 6],20,40,42,20,27
1,<environment.Job instance at 0x7f7e3a9c7e60>,20,16,[2 8],21,42,58,21,29
1,<environment.Job instance at 0x7f7e801da5f0>,13,13,[6 5],14,58,71,44,44
1,<environment.Job instance at 0x7f7e3a9c7f00>,31,18,[9 3],32,71,89,39,60
1,<environment.Job instance at 0x7f7e82981500>,38,16,[2 7],39,89,105,50,77
1,<environment.Job instance at 0x7f7e829816e0>,39,16,[ 3 10],40,105,121,65,92
1,<environment.Job instance at 0x7f7e829812d0>,50,16,[5 9],51,121,137,70,114
1,<environment.Job instance at 0x7f7e82d20a00>,56,3,[8 5],57,137,140,80,136
1,<environment.Job instance at 0x7f7e82d206e0>,57,12,[5 4],58,140,152,82,136
1,<environment.Job instance at 0x7f7e82d20b90>,59,16,[ 4 10],60,152,168,92,139
1,<environment.Job instance at 0x7f7e82d205a0>,64,14,[10  1],65,168,182,103,155
1,<environment.Job instance at 0x7f7e82debe60>,70,15,[4 9],71,182,197,111,168
1,<environment.Job instance at 0x7f7e82deb500>,73,16,[8 2],74,197,213,123,184
1,<environment.Job instance at 0x7f7e82deb550>,79,15,[5 6],80,213,228,133,200
1,<environment.Job instance at 0x7f7e82debeb0>,83,16,[ 4 10],84,228,244,144,215
1,<environment.Job instance at 0x7f7e82a255a0>,0,18,[9 2],1,1,19,0,1
1,<environment.Job instance at 0x7f7e3a7a8280>,4,12,[7 4],5,19,31,14,5
1,<environment.Job instance at 0x7f7e80437140>,13,15,[4 8],14,31,46,17,26
1,<environment.Job instance at 0x7f7e3ac41b90>,17,18,[6 2],18,34,52,16,34
1,<environment.Job instance at 0x7f7e8067ab90>,21,14,[9 5],22,52,66,30,46
1,<environment.Job instance at 0x7f7e3ab9ffa0>,29,15,[8 5],30,66,81,36,55
1,<environment.Job instance at 0x7f7e3ab9fdc0>,31,13,[9 4],32,81,94,49,65
1,<environment.Job instance at 0x7f7e803545a0>,33,13,[3 7],34,94,107,60,81
1,<environment.Job instance at 0x7f7e3ab9f5a0>,34,15,[6 4],35,107,122,72,93
1,<environment.Job instance at 0x7f7e8028b0a0>,48,15,[7 1],49,122,137,73,111
1,<environment.Job instance at 0x7f7e80427e60>,55,17,[10  3],56,137,154,81,130
1,<environment.Job instance at 0x7f7e80427370>,57,16,[8 4],58,154,170,96,142
1,<environment.Job instance at 0x7f7e80427e10>,60,17,[8 4],61,170,187,109,158
1,<environment.Job instance at 0x7f7e8060c4b0>,64,17,[8 5],65,187,204,122,176
1,<environment.Job instance at 0x7f7e3a81e410>,73,17,[6 4],74,204,221,130,192
1,<environment.Job instance at 0x7f7e80323cd0>,11,12,[6 3],12,221,233,209,207
1,<environment.Job instance at 0x7f7e82fee1e0>,0,1,[4 8],1,1,2,0,1
1,<environment.Job instance at 0x7f7e8028b410>,1,13,[9 1],2,2,15,0,2
1,<environment.Job instance at 0x7f7e802bc7d0>,15,14,[6 3],16,17,31,1,17
1,<environment.Job instance at 0x7f7e3a5a62d0>,21,14,[1 5],22,29,43,7,29
1,<environment.Job instance at 0x7f7e3a56cf50>,22,17,[5 1],23,34,51,11,34
1,<environment.Job instance at 0x7f7e3a5a6500>,26,18,[ 2 10],27,51,69,24,40
1,<environment.Job instance at 0x7f7e3a5a6730>,28,14,[9 5],29,69,83,40,60
1,<environment.Job instance at 0x7f7e3a5a6910>,29,14,[8 5],30,83,97,53,70
1,<environment.Job instance at 0x7f7e3a5a6c80>,39,1,[10  5],40,106,107,66,106
1,<environment.Job instance at 0x7f7e3a5a6cd0>,41,14,[8 4],42,107,121,65,107
1,<environment.Job instance at 0x7f7e3a58c4b0>,47,3,[5 6],48,126,129,78,126
1,<environment.Job instance at 0x7f7e3a58c5f0>,49,3,[6 1],50,129,132,79,126
1,<environment.Job instance at 0x7f7e3a58c690>,50,12,[2 6],51,129,141,78,126
1,<environment.Job instance at 0x7f7e3a58c730>,51,2,[6 2],52,132,134,80,126
1,<environment.Job instance at 0x7f7e3a58caa0>,53,3,[7 2],54,146,149,92,146
1,<environment.Job instance at 0x7f7e3a58caf0>,54,13,[5 8],55,149,162,94,146
1,<environment.Job instance at 0x7f7e3a58cb90>,55,13,[5 5],56,162,175,106,146
1,<environment.Job instance at 0x7f7e3a58cdc0>,62,15,[2 5],63,166,181,103,166
1,<environment.Job instance at 0x7f7e3a593230>,65,15,[5 4],66,175,190,109,166
1,<environment.Job instance at 0x7f7e3a593550>,68,2,[7 5],69,190,192,121,180
1,<environment.Job instance at 0x7f7e3a593280>,69,16,[5 6],70,192,208,122,180
1,<environment.Job instance at 0x7f7e3a5937d0>,70,18,[4 5],71,208,226,137,197
1,<environment.Job instance at 0x7f7e3a593730>,72,3,[1 7],73,226,229,153,208
1,<environment.Job instance at 0x7f7e3a593af0>,76,14,[5 4],77,208,222,131,208
1,<environment.Job instance at 0x7f7e3a593b90>,77,1,[3 8],78,229,230,151,209
1,<environment.Job instance at 0x7f7e3a593cd0>,79,3,[6 1],80,222,225,142,210
1,<environment.Job instance at 0x7f7e3a593f00>,80,2,[2 6],81,230,232,149,210
1,<environment.Job instance at 0x7f7e3a593f50>,81,2,[7 1],82,226,228,144,210
1,<environment.Job instance at 0x7f7e3a593d20>,82,3,[6 1],83,228,231,145,210
1,<environment.Job instance at 0x7f7e3aa4c640>,0,14,[3 5],1,1,15,0,1
1,<environment.Job instance at 0x7f7e3aa4c9b0>,3,3,[5 4],4,4,7,0,4
1,<environment.Job instance at 0x7f7e829b09b0>,6,12,[5 6],7,15,27,8,7
1,<environment.Job instance at 0x7f7e829237d0>,8,12,[6 1],9,27,39,18,11
1,<environment.Job instance at 0x7f7e80718b40>,17,14,[ 5 10],18,39,53,21,24
1,<environment.Job instance at 0x7f7e80718370>,19,16,[6 2],20,53,69,33,40
1,<environment.Job instance at 0x7f7e8050e5a0>,21,12,[2 5],22,53,65,31,40
1,<environment.Job instance at 0x7f7e3ace1d70>,28,13,[5 7],29,69,82,40,54
1,<environment.Job instance at 0x7f7e82923320>,14,16,[8 5],15,92,108,77,92
1,<environment.Job instance at 0x7f7e834e96e0>,36,3,[10  1],37,108,111,71,99
1,<environment.Job instance at 0x7f7e8304feb0>,44,3,[1 6],45,111,114,66,100
1,<environment.Job instance at 0x7f7e8304f370>,46,1,[7 1],47,111,112,64,102
1,<environment.Job instance at 0x7f7e831944b0>,49,15,[6 5],50,114,129,64,111
1,<environment.Job instance at 0x7f7e8073aeb0>,53,18,[6 3],54,139,157,85,139
1,<environment.Job instance at 0x7f7e8073a2d0>,54,17,[10  3],55,157,174,102,145
1,<environment.Job instance at 0x7f7e3aa3b4b0>,64,2,[10  3],65,174,176,109,173
1,<environment.Job instance at 0x7f7e3aa3b960>,65,1,[5 2],66,176,177,110,173
1,<environment.Job instance at 0x7f7e3aa3be10>,66,15,[4 7],67,179,194,112,179
1,<environment.Job instance at 0x7f7e3a746870>,67,2,[5 5],68,194,196,126,179
1,<environment.Job instance at 0x7f7e3a7468c0>,72,3,[1 5],73,194,197,121,189
1,<environment.Job instance at 0x7f7e80362780>,75,13,[3 7],76,197,210,121,191
1,<environment.Job instance at 0x7f7e8030d4b0>,0,2,[7 1],1,1,3,0,1
1,<environment.Job instance at 0x7f7e82abd780>,2,1,[ 3 10],3,3,4,0,3
1,<environment.Job instance at 0x7f7e82d79af0>,3,12,[5 8],4,4,16,0,4
1,<environment.Job instance at 0x7f7e83237370>,11,12,[4 5],12,16,28,4,12
1,<environment.Job instance at 0x7f7e3a417140>,12,18,[ 5 10],13,28,46,15,17
1,<environment.Job instance at 0x7f7e802f82d0>,24,12,[3 9],25,46,58,21,29
1,<environment.Job instance at 0x7f7e3a9f8320>,33,15,[8 4],34,58,73,24,44
1,<environment.Job instance at 0x7f7e80644960>,44,14,[10  4],45,88,102,43,88
1,<environment.Job instance at 0x7f7e3abadb90>,50,13,[10  1],51,105,118,54,105
1,<environment.Job instance at 0x7f7e3abad1e0>,54,1,[6 5],55,118,119,63,106
1,<environment.Job instance at 0x7f7e3abadf00>,55,13,[6 4],56,119,132,63,106
1,<environment.Job instance at 0x7f7e802f8410>,23,14,[1 8],24,132,146,108,119
1,<environment.Job instance at 0x7f7e82c060a0>,61,14,[2 7],62,146,160,84,144
1,<environment.Job instance at 0x7f7e83082fa0>,66,16,[5 2],67,145,161,78,145
1,<environment.Job instance at 0x7f7e80305910>,69,14,[3 5],70,160,174,90,148
1,<environment.Job instance at 0x7f7e3ac37140>,72,15,[ 3 10],73,174,189,101,160
1,<environment.Job instance at 0x7f7e3a938050>,77,12,[ 3 10],78,189,201,111,177
1,<environment.Job instance at 0x7f7e3a7935f0>,87,17,[1 7],88,201,218,113,200
1,<environment.Job instance at 0x7f7e3a7937d0>,89,17,[8 4],90,218,235,128,207
1,<environment.Job instance at 0x7f7e3ac3f230>,0,2,[4 6],1,1,3,0,1
1,<environment.Job instance at 0x7f7e803d3cd0>,12,3,[6 2],13,18,21,5,18
1,<environment.Job instance at 0x7f7e3aa252d0>,13,18,[10  5],14,24,42,10,24
1,<environment.Job instance at 0x7f7e82d379b0>,26,2,[5 5],27,45,47,18,45
1,<environment.Job instance at 0x7f7e82d37e10>,29,12,[9 3],30,47,59,17,45
1,<environment.Job instance at 0x7f7e82d37eb0>,30,3,[8 4],31,59,62,28,45
1,<environment.Job instance at 0x7f7e82d37f50>,31,13,[5 5],32,62,75,30,46
1,<environment.Job instance at 0x7f7e82d37b90>,34,17,[10  4],35,75,92,40,64
1,<environment.Job instance at 0x7f7e8302d4b0>,5,17,[ 4 10],6,92,109,86,90
1,<environment.Job instance at 0x7f7e82d36dc0>,51,3,[2 8],52,109,112,57,100
1,<environment.Job instance at 0x7f7e82d36cd0>,52,12,[10  3],53,112,124,59,100
1,<environment.Job instance at 0x7f7e82d180f0>,54,16,[6 3],55,124,140,69,111
1,<environment.Job instance at 0x7f7e82d36c80>,47,19,[4 7],48,124,143,76,123
1,<environment.Job instance at 0x7f7e82d18a50>,68,12,[ 3 10],69,143,155,74,140
1,<environment.Job instance at 0x7f7e82d18c80>,71,12,[1 7],72,155,167,83,140
1,<environment.Job instance at 0x7f7e82d18fa0>,74,2,[ 4 10],75,167,169,92,156
1,<environment.Job instance at 0x7f7e82d34050>,76,1,[3 5],77,169,170,92,156
1,<environment.Job instance at 0x7f7e82d34190>,77,3,[5 5],78,169,172,91,157
1,<environment.Job instance at 0x7f7e82d34320>,78,1,[5 1],79,158,159,79,158
1,<environment.Job instance at 0x7f7e82d34370>,81,16,[ 2 10],82,185,201,103,185
1,<environment.Job instance at 0x7f7e82d34870>,85,3,[6 1],86,201,204,115,185
1,<environment.Job instance at 0x7f7e82d345f0>,88,18,[5 6],89,204,222,115,193
1,<environment.Job instance at 0x7f7e3a659730>,0,12,[6 1],1,1,13,0,1
1,<environment.Job instance at 0x7f7e3aa1d0f0>,9,14,[8 5],10,13,27,3,10
1,<environment.Job instance at 0x7f7e801845f0>,12,1,[ 4 10],13,27,28,14,13
1,<environment.Job instance at 0x7f7e801844b0>,13,14,[2 9],14,28,42,14,14
1,<environment.Job instance at 0x7f7e3ab850f0>,32,13,[9 4],33,64,77,31,64
1,<environment.Job instance at 0x7f7e3a556230>,35,18,[5 5],36,77,95,41,71
1,<environment.Job instance at 0x7f7e3a556410>,40,17,[4 8],41,95,112,54,83
1,<environment.Job instance at 0x7f7e3a556690>,41,17,[3 6],42,112,129,70,100
1,<environment.Job instance at 0x7f7e3a62b320>,50,16,[5 4],51,112,128,61,104
1,<environment.Job instance at 0x7f7e3ab35780>,60,14,[7 4],61,128,142,67,115
1,<environment.Job instance at 0x7f7e3ab35820>,61,17,[ 4 10],62,142,159,80,130
1,<environment.Job instance at 0x7f7e8080fe60>,65,18,[5 3],66,159,177,93,149
1,<environment.Job instance at 0x7f7e8080f9b0>,67,15,[5 1],68,159,174,91,149
1,<environment.Job instance at 0x7f7e8080fb90>,69,13,[6 1],70,177,190,107,161
1,<environment.Job instance at 0x7f7e8080f690>,70,12,[ 4 10],71,190,202,119,174
1,<environment.Job instance at 0x7f7e8080faf0>,72,16,[9 2],73,202,218,129,189
1,<environment.Job instance at 0x7f7e82d34c30>,11,18,[6 1],12,218,236,206,214
1,<environment.Job instance at 0x7f7e3ab44fa0>,81,1,[9 5],82,236,237,154,214
1,<environment.Job instance at 0x7f7e8080feb0>,0,2,[1 8],1,1,3,0,1
1,<environment.Job instance at 0x7f7e801e80a0>,1,12,[4 6],2,3,15,1,2
1,<environment.Job instance at 0x7f7e801e8dc0>,2,18,[10  3],3,15,33,12,5
1,<environment.Job instance at 0x7f7e3ab9faf0>,19,17,[6 3],20,33,50,13,33
1,<environment.Job instance at 0x7f7e3ab9fe10>,25,16,[7 4],26,50,66,24,46
1,<environment.Job instance at 0x7f7e3a9af910>,26,13,[4 6],27,66,79,39,62
1,<environment.Job instance at 0x7f7e8030f140>,39,2,[1 6],40,79,81,39,65
1,<environment.Job instance at 0x7f7e8030fa00>,43,13,[6 5],44,83,96,39,83
1,<environment.Job instance at 0x7f7e8056e550>,45,2,[3 7],46,96,98,50,84
1,<environment.Job instance at 0x7f7e8056e2d0>,47,18,[4 5],48,98,116,50,87
1,<environment.Job instance at 0x7f7e8056e140>,51,15,[4 9],52,116,131,64,105
1,<environment.Job instance at 0x7f7e8056eaf0>,54,17,[3 6],55,131,148,76,119
1,<environment.Job instance at 0x7f7e8056ea50>,56,15,[8 5],57,148,163,91,134
1,<environment.Job instance at 0x7f7e3ab610f0>,66,15,[5 2],67,163,178,96,152
1,<environment.Job instance at 0x7f7e8056e3c0>,53,18,[1 8],54,163,181,109,154
1,<environment.Job instance at 0x7f7e3ac41c80>,78,14,[10  3],79,189,203,110,189
1,<environment.Job instance at 0x7f7e3aabec80>,79,18,[8 2],80,203,221,123,192
1,<environment.Job instance at 0x7f7e82d18cd0>,0,17,[6 1],1,1,18,0,1
1,<environment.Job instance at 0x7f7e82d18960>,1,14,[4 8],2,2,16,0,2
1,<environment.Job instance at 0x7f7e82e2c460>,17,2,[9 2],18,24,26,6,24
1,<environment.Job instance at 0x7f7e82ef67d0>,19,17,[4 6],20,31,48,11,31
1,<environment.Job instance at 0x7f7e801959b0>,26,15,[10  5],27,48,63,21,34
1,<environment.Job instance at 0x7f7e801adfa0>,36,15,[5 5],37,63,78,26,49
1,<environment.Job instance at 0x7f7e801adc30>,37,17,[9 4],38,78,95,40,66
1,<environment.Job instance at 0x7f7e3aaf47d0>,43,12,[3 6],44,95,107,51,78
1,<environment.Job instance at 0x7f7e3a8227d0>,44,14,[7 2],45,95,109,50,80
1,<environment.Job instance at 0x7f7e3a7ef5a0>,48,3,[9 4],49,109,112,60,91
1,<environment.Job instance at 0x7f7e3a520820>,51,12,[6 3],52,112,124,60,95
1,<environment.Job instance at 0x7f7e3a80d5f0>,53,15,[9 4],54,124,139,70,110
1,<environment.Job instance at 0x7f7e82f03cd0>,59,12,[7 5],60,139,151,79,122
1,<environment.Job instance at 0x7f7e3aa3b5a0>,63,14,[5 7],64,151,165,87,136
1,<environment.Job instance at 0x7f7e82eed3c0>,65,12,[ 4 10],66,165,177,99,151
1,<environment.Job instance at 0x7f7e82f133c0>,68,16,[1 9],69,177,193,108,164
1,<environment.Job instance at 0x7f7e82cbdaf0>,74,2,[7 2],75,193,195,118,185
1,<environment.Job instance at 0x7f7e82cbdc30>,75,15,[4 9],76,195,210,119,185
1,<environment.Job instance at 0x7f7e82cb6e60>,87,14,[5 6],88,211,225,123,211
1,<environment.Job instance at 0x7f7e82cb6be0>,88,12,[7 2],89,225,237,136,211
1,<environment.Job instance at 0x7f7e82e35f00>,0,1,[2 9],1,1,2,0,1
1,<environment.Job instance at 0x7f7e82e35370>,1,1,[7 3],2,2,3,0,2
1,<environment.Job instance at 0x7f7e801ad870>,2,18,[7 3],3,3,21,0,3
1,<environment.Job instance at 0x7f7e801e8c80>,5,14,[8 2],6,21,35,15,6
1,<environment.Job instance at 0x7f7e3a5985a0>,20,17,[6 4],21,35,52,14,23
1,<environment.Job instance at 0x7f7e82a3ceb0>,29,15,[ 5 10],30,52,67,22,50
1,<environment.Job instance at 0x7f7e8294d4b0>,23,13,[8 4],24,67,80,43,62
1,<environment.Job instance at 0x7f7e802c7730>,36,12,[5 9],37,80,92,43,71
1,<environment.Job instance at 0x7f7e3aa47dc0>,34,14,[5 5],35,92,106,57,89
1,<environment.Job instance at 0x7f7e3abc6fa0>,43,13,[8 4],44,106,119,62,93
1,<environment.Job instance at 0x7f7e3abc6370>,48,15,[5 4],49,119,134,70,105
1,<environment.Job instance at 0x7f7e833fca50>,52,18,[1 5],53,112,130,59,112
1,<environment.Job instance at 0x7f7e833fc820>,56,17,[5 8],57,134,151,77,134
1,<environment.Job instance at 0x7f7e3ac950f0>,65,3,[10  3],66,165,168,99,165
1,<environment.Job instance at 0x7f7e3a906910>,71,1,[6 5],72,178,179,106,178
1,<environment.Job instance at 0x7f7e3a9065f0>,72,13,[5 1],73,179,192,106,178
1,<environment.Job instance at 0x7f7e3a906c30>,75,3,[5 5],76,180,183,104,180
1,<environment.Job instance at 0x7f7e3a906960>,76,14,[ 3 10],77,192,206,115,180
1,<environment.Job instance at 0x7f7e3a906230>,78,17,[3 8],79,206,223,127,195
1,<environment.Job instance at 0x7f7e3a9571e0>,0,13,[ 4 10],1,1,14,0,1
1,<environment.Job instance at 0x7f7e8299b370>,1,16,[4 7],2,14,30,12,2
1,<environment.Job instance at 0x7f7e80680960>,4,2,[3 9],5,30,32,25,5
1,<environment.Job instance at 0x7f7e806807d0>,5,3,[4 8],6,32,35,26,6
1,<environment.Job instance at 0x7f7e80680500>,6,3,[9 4],7,35,38,28,9
1,<environment.Job instance at 0x7f7e3a33c500>,13,18,[ 4 10],14,38,56,24,37
1,<environment.Job instance at 0x7f7e3a353500>,24,17,[3 5],25,56,73,31,52
1,<environment.Job instance at 0x7f7e3a353c30>,32,13,[9 5],33,73,86,40,59
1,<environment.Job instance at 0x7f7e3a353870>,39,14,[1 5],40,77,91,37,77
1,<environment.Job instance at 0x7f7e3a353280>,41,16,[1 8],42,91,107,49,78
1,<environment.Job instance at 0x7f7e3a69a280>,52,13,[8 1],53,119,132,66,119
1,<environment.Job instance at 0x7f7e3a69ac80>,59,14,[8 1],60,151,165,91,151
1,<environment.Job instance at 0x7f7e3a34b780>,64,12,[4 9],65,165,177,100,153
1,<environment.Job instance at 0x7f7e3a34b370>,67,13,[2 7],68,177,190,109,161
1,<environment.Job instance at 0x7f7e3a2ea190>,80,1,[6 3],81,190,191,109,190
1,<environment.Job instance at 0x7f7e3a2ea0a0>,81,18,[8 2],82,193,211,111,193
1,<environment.Job instance at 0x7f7e3a2eaeb0>,83,15,[4 8],84,211,226,127,210
1,<environment.Job instance at 0x7f7e3a2eabe0>,85,14,[5 5],86,226,240,140,215
1,<environment.Job instance at 0x7f7e3a69a0a0>,0,3,[10  5],1,1,4,0,1
1,<environment.Job instance at 0x7f7e834e5a00>,3,18,[2 6],4,4,22,0,4
1,<environment.Job instance at 0x7f7e82b16280>,8,13,[5 2],9,9,22,0,9
1,<environment.Job instance at 0x7f7e82c03550>,14,13,[2 5],15,22,35,7,15
1,<environment.Job instance at 0x7f7e830170a0>,10,3,[1 9],11,35,38,24,19
1,<environment.Job instance at 0x7f7e3a36d190>,5,1,[8 2],6,22,23,16,19
1,<environment.Job instance at 0x7f7e82a2e5a0>,15,16,[ 4 10],16,38,54,22,25
1,<environment.Job instance at 0x7f7e82a2e640>,19,14,[9 3],20,54,68,34,39
1,<environment.Job instance at 0x7f7e82a1d370>,24,15,[5 2],25,68,83,43,55
1,<environment.Job instance at 0x7f7e3a5310f0>,12,19,[1 5],13,56,75,43,56
1,<environment.Job instance at 0x7f7e82a2e5f0>,17,12,[1 7],18,75,87,57,65
1,<environment.Job instance at 0x7f7e82a1dc80>,30,13,[2 9],31,87,100,56,71
1,<environment.Job instance at 0x7f7e829a7e60>,46,2,[4 9],47,153,155,106,153
1,<environment.Job instance at 0x7f7e807b02d0>,48,17,[1 8],49,172,189,123,172
1,<environment.Job instance at 0x7f7e3ad0ce10>,54,13,[8 2],55,200,213,145,200
1,<environment.Job instance at 0x7f7e3a6f6730>,58,1,[1 7],59,203,204,144,203
1,<environment.Job instance at 0x7f7e8018da50>,59,1,[10  4],60,213,214,153,203
1,<environment.Job instance at 0x7f7e8018da00>,60,1,[4 7],61,214,215,153,203
1,<environment.Job instance at 0x7f7e3a6f65a0>,61,14,[1 6],62,215,229,153,203
1,<environment.Job instance at 0x7f7e801d06e0>,64,1,[6 1],65,216,217,151,216
1,<environment.Job instance at 0x7f7e807a3320>,0,16,[5 1],1,1,17,0,1
1,<environment.Job instance at 0x7f7e830174b0>,7,17,[6 2],8,17,34,9,8
1,<environment.Job instance at 0x7f7e3a852460>,21,12,[7 5],22,34,46,12,22
1,<environment.Job instance at 0x7f7e3a562460>,27,2,[3 5],28,48,50,20,48
1,<environment.Job instance at 0x7f7e3a562960>,28,14,[5 1],29,48,62,19,48
1,<environment.Job instance at 0x7f7e803da820>,29,12,[6 2],30,62,74,32,49
1,<environment.Job instance at 0x7f7e803da5f0>,33,13,[8 5],34,74,87,40,58
1,<environment.Job instance at 0x7f7e3a818820>,40,18,[7 4],41,87,105,46,87
1,<environment.Job instance at 0x7f7e3a818be0>,43,2,[3 7],44,115,117,71,115
1,<environment.Job instance at 0x7f7e3a8187d0>,47,18,[7 1],48,117,135,69,117
1,<environment.Job instance at 0x7f7e3a8185a0>,49,17,[6 3],50,135,152,85,126
1,<environment.Job instance at 0x7f7e82d37280>,55,2,[4 5],56,135,137,79,133
1,<environment.Job instance at 0x7f7e82d37870>,52,14,[10  1],53,152,166,99,137
1,<environment.Job instance at 0x7f7e82d37a50>,58,14,[6 1],59,166,180,107,151
1,<environment.Job instance at 0x7f7e802ce050>,65,12,[6 2],66,180,192,114,163
1,<environment.Job instance at 0x7f7e3a433190>,11,18,[1 9],12,192,210,180,192
1,<environment.Job instance at 0x7f7e802b6230>,76,12,[ 3 10],77,210,222,133,204
1,<environment.Job instance at 0x7f7e82e5a5f0>,81,1,[7 4],82,222,223,140,206
1,<environment.Job instance at 0x7f7e82a52f00>,0,3,[4 8],1,1,4,0,1
1,<environment.Job instance at 0x7f7e3a67deb0>,4,16,[1 7],5,5,21,0,5
1,<environment.Job instance at 0x7f7e3a67da00>,9,13,[3 7],10,21,34,11,10
1,<environment.Job instance at 0x7f7e3a67d2d0>,10,17,[9 5],11,34,51,23,22
1,<environment.Job instance at 0x7f7e80814e10>,17,15,[3 7],18,51,66,33,40
1,<environment.Job instance at 0x7f7e80814140>,21,16,[9 2],22,66,82,44,56
1,<environment.Job instance at 0x7f7e80814690>,25,16,[7 4],26,82,98,56,69
1,<environment.Job instance at 0x7f7e3a6d98c0>,47,12,[6 5],48,166,178,118,166
1,<environment.Job instance at 0x7f7e3a6d91e0>,46,17,[9 2],47,182,199,135,182
1,<environment.Job instance at 0x7f7e3aa951e0>,58,14,[9 1],59,199,213,140,196
1,<environment.Job instance at 0x7f7e3aa95280>,59,17,[2 7],60,213,230,153,201
1,<environment.Job instance at 0x7f7e3aa95910>,67,13,[6 5],68,230,243,162,224
1,<environment.Job instance at 0x7f7e3aa950a0>,68,14,[3 9],69,243,257,174,229
1,<environment.Job instance at 0x7f7e82e4df00>,1,18,[2 8],2,2,20,0,2
1,<environment.Job instance at 0x7f7e803e1500>,10,13,[5 6],11,20,33,9,11
1,<environment.Job instance at 0x7f7e82a44960>,13,18,[5 6],14,33,51,19,23
1,<environment.Job instance at 0x7f7e3a6e37d0>,26,17,[10  3],27,51,68,24,39
1,<environment.Job instance at 0x7f7e801efaf0>,32,14,[5 8],33,68,82,35,57
1,<environment.Job instance at 0x7f7e829830a0>,28,17,[ 2 10],29,83,100,54,83
1,<environment.Job instance at 0x7f7e3aa2ce10>,39,1,[3 8],40,100,101,60,93
1,<environment.Job instance at 0x7f7e3aa2cc30>,40,16,[6 1],41,100,116,59,93
1,<environment.Job instance at 0x7f7e3aa409b0>,53,2,[5 4],54,137,139,83,137
1,<environment.Job instance at 0x7f7e3aa401e0>,60,18,[5 4],61,158,176,97,158
1,<environment.Job instance at 0x7f7e3a8b3370>,61,15,[7 5],62,176,191,114,163
1,<environment.Job instance at 0x7f7e3a8b3960>,67,17,[10  5],68,191,208,123,191
1,<environment.Job instance at 0x7f7e3a8b36e0>,71,18,[5 5],72,208,226,136,197
1,<environment.Job instance at 0x7f7e3a8b3c30>,73,18,[5 4],74,208,226,134,198
1,<environment.Job instance at 0x7fb7c5af7140>,0,13,[9 3],1,1,14,0,1
1,<environment.Job instance at 0x7fb7be6e75f0>,8,13,[5 5],9,14,27,5,11
1,<environment.Job instance at 0x7fb7be6e7c30>,14,13,[7 3],15,27,40,12,27
1,<environment.Job instance at 0x7fb7be6e7870>,10,12,[3 7],11,32,44,21,32
1,<environment.Job instance at 0x7fb7be6e7d70>,16,16,[3 5],17,44,60,27,36
1,<environment.Job instance at 0x7fb7be6e7f50>,19,14,[3 5],20,44,58,24,38
1,<environment.Job instance at 0x7fb7be6e9370>,25,12,[ 5 10],26,60,72,34,49
1,<environment.Job instance at 0x7fb7be6e9780>,29,12,[5 4],30,72,84,42,56
1,<environment.Job instance at 0x7fb7be6e98c0>,31,14,[2 5],32,72,86,40,70
1,<environment.Job instance at 0x7fb7be6e9b90>,37,2,[2 6],38,92,94,54,92
1,<environment.Job instance at 0x7fb7be6ed050>,39,2,[5 6],40,94,96,54,94
1,<environment.Job instance at 0x7fb7be6ed460>,41,1,[5 2],42,100,101,58,100
1,<environment.Job instance at 0x7fb7be6ed5a0>,43,18,[5 5],44,100,118,56,100
1,<environment.Job instance at 0x7fb7be6ed780>,45,13,[6 5],46,118,131,72,102
1,<environment.Job instance at 0x7fb7be6edc30>,51,3,[1 5],52,120,123,68,120
1,<environment.Job instance at 0x7fb7be6edd70>,53,17,[5 7],54,131,148,77,125
1,<environment.Job instance at 0x7fb7be6ec3c0>,58,14,[2 7],59,148,162,89,141
1,<environment.Job instance at 0x7fb7be6eca50>,73,13,[6 3],74,189,202,115,189
1,<environment.Job instance at 0x7fb7be6f1730>,0,2,[9 5],1,1,3,0,1
1,<environment.Job instance at 0x7fb7c5af7230>,2,1,[6 4],3,3,4,0,3
1,<environment.Job instance at 0x7fb7be6f70f0>,3,18,[6 5],4,4,22,0,4
1,<environment.Job instance at 0x7fb77a95a050>,12,14,[2 9],13,22,36,9,22
1,<environment.Job instance at 0x7fb77a9831e0>,19,12,[9 3],20,36,48,16,34
1,<environment.Job instance at 0x7fb77aae5aa0>,30,13,[10  5],31,48,61,17,46
1,<environment.Job instance at 0x7fb77aae5b40>,32,14,[2 7],33,61,75,28,47
1,<environment.Job instance at 0x7fb77aae5690>,33,14,[7 5],34,75,89,41,60
1,<environment.Job instance at 0x7fb77aadb910>,26,14,[5 5],27,89,103,62,74
1,<environment.Job instance at 0x7fb77aae71e0>,50,18,[4 5],51,89,107,38,79
1,<environment.Job instance at 0x7fb77aae7e60>,57,16,[9 2],58,108,124,50,108
1,<environment.Job instance at 0x7fb77aadc870>,68,18,[6 3],69,124,142,55,122
1,<environment.Job instance at 0x7fb77aae2aa0>,74,16,[7 5],75,149,165,74,149
1,<environment.Job instance at 0x7fb77ab52dc0>,76,16,[7 4],77,165,181,88,154
1,<environment.Job instance at 0x7fb7be6f7d20>,5,16,[ 2 10],6,181,197,175,169
1,<environment.Job instance at 0x7fb7be6f7c80>,0,15,[7 1],1,1,16,0,1
1,<environment.Job instance at 0x7fb77acba550>,4,14,[1 5],5,5,19,0,5
1,<environment.Job instance at 0x7fb7c5b21a00>,5,12,[ 4 10],6,19,31,13,6
1,<environment.Job instance at 0x7fb7c5b21eb0>,12,12,[8 1],13,31,43,18,14
1,<environment.Job instance at 0x7fb77a9bcc30>,21,17,[7 5],22,43,60,21,36
1,<environment.Job instance at 0x7fb7863d9e60>,25,3,[3 8],26,60,63,34,36
1,<environment.Job instance at 0x7fb7bea20820>,27,15,[5 3],28,63,78,35,53
1,<environment.Job instance at 0x7fb77aa0f3c0>,28,18,[1 5],29,63,81,34,53
1,<environment.Job instance at 0x7fb7bebf5c80>,33,2,[5 7],34,81,83,47,56
1,<environment.Job instance at 0x7fb7c5c72910>,41,3,[1 6],42,83,86,41,60
1,<environment.Job instance at 0x7fb7c5b20690>,45,16,[10  4],46,86,102,40,74
1,<environment.Job instance at 0x7fb7c5b20eb0>,50,18,[9 5],51,102,120,51,91
1,<environment.Job instance at 0x7fb77a930050>,59,17,[8 1],60,120,137,60,108
1,<environment.Job instance at 0x7fb77a940a50>,61,17,[2 6],62,120,137,58,108
1,<environment.Job instance at 0x7fb7be4ed6e0>,70,18,[3 5],71,137,155,66,136
1,<environment.Job instance at 0x7fb7be4ed0f0>,71,3,[7 3],72,137,140,65,136
1,<environment.Job instance at 0x7fb7be4b16e0>,75,13,[ 1 10],76,155,168,79,139
1,<environment.Job instance at 0x7fb7be9209b0>,78,14,[4 6],79,168,182,89,154
1,<environment.Job instance at 0x7fb7c0c45910>,80,13,[5 6],81,182,195,101,166
1,<environment.Job instance at 0x7fb7be532af0>,81,12,[5 5],82,195,207,113,178
1,<environment.Job instance at 0x7fb7c0c457d0>,82,12,[5 5],83,195,207,112,178
1,<environment.Job instance at 0x7fb77a99a9b0>,91,13,[4 5],92,207,220,115,191
1,<environment.Job instance at 0x7fb77a99ac30>,98,16,[6 3],99,207,223,108,198
1,<environment.Job instance at 0x7fb7be700a50>,0,12,[2 5],1,1,13,0,1
1,<environment.Job instance at 0x7fb7be7004b0>,1,16,[6 5],2,2,18,0,2
1,<environment.Job instance at 0x7fb7c0fe0280>,9,13,[5 9],10,18,31,8,13
1,<environment.Job instance at 0x7fb7beb02e60>,15,13,[10  4],16,31,44,15,18
1,<environment.Job instance at 0x7fb7be783190>,20,14,[6 4],21,44,58,23,33
1,<environment.Job instance at 0x7fb7be738a50>,21,18,[3 6],22,44,62,22,39
1,<environment.Job instance at 0x7fb7be7bbaf0>,24,14,[7 1],25,58,72,33,43
1,<environment.Job instance at 0x7fb7be8f3b40>,32,16,[9 2],33,72,88,39,60
1,<environment.Job instance at 0x7fb7c0cf9fa0>,35,18,[7 5],36,88,106,52,78
1,<environment.Job instance at 0x7fb7be7e9320>,49,15,[ 1 10],50,108,123,58,108
1,<environment.Job instance at 0x7fb7be7e9c80>,50,14,[3 6],51,123,137,72,111
1,<environment.Job instance at 0x7fb7be7e9d70>,54,12,[4 6],55,137,149,82,122
1,<environment.Job instance at 0x7fb7be746dc0>,61,14,[10  4],62,149,163,87,144
1,<environment.Job instance at 0x7fb7be6dffa0>,64,12,[8 4],65,163,175,98,156
1,<environment.Job instance at 0x7fb7be7290a0>,65,15,[7 4],66,175,190,109,163
1,<environment.Job instance at 0x7fb7be4b5050>,69,17,[7 2],70,190,207,120,178
1,<environment.Job instance at 0x7fb7be893050>,77,12,[ 4 10],78,207,219,129,207
1,<environment.Job instance at 0x7fb7be6d0f00>,82,3,[9 1],83,219,222,136,208
1,<environment.Job instance at 0x7fb7c0d21cd0>,85,1,[8 2],86,222,223,136,211
1,<environment.Job instance at 0x7fb77ade5b40>,3,2,[6 3],4,4,6,0,4
1,<environment.Job instance at 0x7fb7c5c69460>,6,1,[4 9],7,7,8,0,7
1,<environment.Job instance at 0x7fb7c5c649b0>,7,17,[4 9],8,8,25,0,8
1,<environment.Job instance at 0x7fb7beac0780>,11,17,[10  4],12,25,42,13,16
1,<environment.Job instance at 0x7fb77b04bd20>,24,18,[4 7],25,42,60,17,31
1,<environment.Job instance at 0x7fb7be557730>,26,17,[5 5],27,60,77,33,48
1,<environment.Job instance at 0x7fb7be55f7d0>,37,3,[6 4],38,77,80,39,68
1,<environment.Job instance at 0x7fb7be55f780>,38,15,[3 6],39,77,92,38,69
1,<environment.Job instance at 0x7fb7be55f460>,39,18,[9 5],40,92,110,52,81
1,<environment.Job instance at 0x7fb7be7c3a00>,15,18,[10  3],16,133,151,117,133
1,<environment.Job instance at 0x7fb7be56c550>,47,16,[ 5 10],48,151,167,103,145
1,<environment.Job instance at 0x7fb7be5676e0>,56,15,[9 5],57,167,182,110,166
1,<environment.Job instance at 0x7fb7be566870>,62,17,[4 5],63,182,199,119,174
1,<environment.Job instance at 0x7fb7be566f00>,67,18,[10  5],68,203,221,135,203
1,<environment.Job instance at 0x7fb77adbb5a0>,78,14,[1 7],79,221,235,142,209
1,<environment.Job instance at 0x7fb77adcc5a0>,79,17,[9 4],80,235,252,155,223
1,<environment.Job instance at 0x7fb7be7517d0>,0,16,[5 9],1,1,17,0,1
1,<environment.Job instance at 0x7fb7beb3a460>,1,15,[9 5],2,17,32,15,3
1,<environment.Job instance at 0x7fb7be50faf0>,6,3,[8 5],7,32,35,25,7
1,<environment.Job instance at 0x7fb7c1225140>,11,17,[3 7],12,35,52,23,23
1,<environment.Job instance at 0x7fb7c1225730>,20,15,[4 9],21,52,67,31,39
1,<environment.Job instance at 0x7fb7c12253c0>,23,16,[8 2],24,67,83,43,54
1,<environment.Job instance at 0x7fb7c1073f00>,29,15,[5 6],30,83,98,53,69
1,<environment.Job instance at 0x7fb7c1073820>,32,13,[6 5],33,98,111,65,82
1,<environment.Job instance at 0x7fb7c111cd20>,35,13,[4 7],36,111,124,75,97
1,<environment.Job instance at 0x7fb7c111c320>,37,15,[6 1],38,111,126,73,102
1,<environment.Job instance at 0x7fb7c10ba140>,44,15,[7 5],45,126,141,81,112
1,<environment.Job instance at 0x7fb7c109e550>,51,18,[3 7],52,141,159,89,130
1,<environment.Job instance at 0x7fb7c109e0a0>,56,13,[3 7],57,159,172,102,144
1,<environment.Job instance at 0x7fb7be59f550>,63,15,[4 9],64,172,187,108,169
1,<environment.Job instance at 0x7fb7be59fe10>,65,12,[ 3 10],66,187,199,121,172
1,<environment.Job instance at 0x7fb7be7f6460>,70,16,[9 2],71,199,215,128,190
1,<environment.Job instance at 0x7fb7c0d75eb0>,78,17,[1 6],79,210,227,131,210
1,<environment.Job instance at 0x7fb77acc44b0>,82,15,[2 9],83,227,242,144,216
1,<environment.Job instance at 0x7fb7c12065f0>,0,17,[8 4],1,1,18,0,1
1,<environment.Job instance at 0x7fb77a940e10>,11,13,[5 2],12,18,31,6,14
1,<environment.Job instance at 0x7fb7beaa5c30>,13,17,[6 4],14,31,48,17,20
1,<environment.Job instance at 0x7fb77afcb910>,17,14,[2 6],18,25,39,7,25
1,<environment.Job instance at 0x7fb77ae463c0>,25,14,[5 7],26,48,62,22,44
1,<environment.Job instance at 0x7fb7c11542d0>,27,15,[3 9],28,62,77,34,48
1,<environment.Job instance at 0x7fb7be6155f0>,33,3,[1 8],34,77,80,43,58
1,<environment.Job instance at 0x7fb7c139cf50>,39,13,[7 2],40,91,104,51,91
1,<environment.Job instance at 0x7fb7beb1b550>,44,16,[9 2],45,104,120,59,93
1,<environment.Job instance at 0x7fb7beb1b910>,46,18,[3 6],47,120,138,73,110
1,<environment.Job instance at 0x7fb7beb1b280>,53,18,[4 5],54,138,156,84,127
1,<environment.Job instance at 0x7fb7c59f9b90>,54,15,[3 5],55,138,153,83,127
1,<environment.Job instance at 0x7fb7c59f9d70>,55,18,[5 8],56,156,174,100,145
1,<environment.Job instance at 0x7fb7be5d0730>,66,12,[ 1 10],67,174,186,107,172
1,<environment.Job instance at 0x7fb7be5d0460>,67,18,[9 4],68,186,204,118,175
1,<environment.Job instance at 0x7fb7be5d0050>,68,15,[1 8],69,204,219,135,194
1,<environment.Job instance at 0x7fb7c1084870>,86,14,[7 5],87,219,233,132,205
1,<environment.Job instance at 0x7fb7c140fc80>,0,18,[4 5],1,1,19,0,1
1,<environment.Job instance at 0x7fb7be6c24b0>,3,13,[9 3],4,19,32,15,4
1,<environment.Job instance at 0x7fb7c139c640>,11,2,[7 1],12,32,34,20,17
1,<environment.Job instance at 0x7fb7be46c9b0>,15,18,[ 2 10],16,34,52,18,23
1,<environment.Job instance at 0x7fb7be5effa0>,20,16,[4 8],21,52,68,31,39
1,<environment.Job instance at 0x7fb7be5d8190>,25,15,[8 3],26,68,83,42,54
1,<environment.Job instance at 0x7fb7be5d85f0>,30,13,[10  5],31,83,96,52,68
1,<environment.Job instance at 0x7fb7be5d8d70>,41,16,[4 9],42,96,112,54,90
1,<environment.Job instance at 0x7fb7be5d8e60>,42,15,[1 6],43,112,127,69,98
1,<environment.Job instance at 0x7fb7be605190>,46,18,[7 1],47,112,130,65,107
1,<environment.Job instance at 0x7fb7be605870>,56,16,[9 3],57,144,160,87,144
1,<environment.Job instance at 0x7fb7be605b90>,61,14,[3 5],62,160,174,98,158
1,<environment.Job instance at 0x7fb7be605e60>,63,12,[4 5],64,161,173,97,161
1,<environment.Job instance at 0x7fb77aa1c140>,67,17,[4 6],68,174,191,106,162
1,<environment.Job instance at 0x7fb77aa1c9b0>,76,16,[2 7],77,191,207,114,187
1,<environment.Job instance at 0x7fb77a9bfa00>,6,14,[5 4],7,207,221,200,193
1,<environment.Job instance at 0x7fb77aa1ceb0>,82,12,[1 7],83,221,233,138,204
1,<environment.Job instance at 0x7fb77aa1ca00>,78,1,[8 3],79,221,222,142,209
1,<environment.Job instance at 0x7fb77aa1cd20>,86,2,[ 2 10],87,233,235,146,209
1,<environment.Job instance at 0x7fb7be73d780>,0,17,[5 9],1,1,18,0,1
1,<environment.Job instance at 0x7fb77addb550>,5,14,[6 1],6,18,32,12,7
1,<environment.Job instance at 0x7fb77ad296e0>,8,15,[1 8],9,18,33,9,18
1,<environment.Job instance at 0x7fb77ad29550>,12,12,[10  2],13,33,45,20,22
1,<environment.Job instance at 0x7fb77ad29d70>,10,13,[7 3],11,45,58,34,33
1,<environment.Job instance at 0x7fb77ad06320>,22,16,[6 2],23,58,74,35,45
1,<environment.Job instance at 0x7fb7be5c03c0>,25,13,[2 7],26,45,58,19,45
1,<environment.Job instance at 0x7fb7bea80d70>,33,12,[1 8],34,78,90,44,78
1,<environment.Job instance at 0x7fb7c0cff2d0>,34,14,[7 4],35,90,104,55,78
1,<environment.Job instance at 0x7fb77a8f8b40>,36,15,[2 7],37,104,119,67,91
1,<environment.Job instance at 0x7fb7be99e640>,39,16,[8 5],40,119,135,79,106
1,<environment.Job instance at 0x7fb77a8f8eb0>,43,14,[4 8],44,135,149,91,120
1,<environment.Job instance at 0x7fb77a92e550>,47,2,[9 5],48,149,151,101,133
1,<environment.Job instance at 0x7fb77a92e500>,53,2,[8 3],54,151,153,97,137
1,<environment.Job instance at 0x7fb77acf4c30>,54,13,[9 1],55,153,166,98,139
1,<environment.Job instance at 0x7fb77ad9e820>,63,14,[9 2],64,187,201,123,187
1,<environment.Job instance at 0x7fb77ad9ed70>,64,15,[3 7],65,201,216,136,191
1,<environment.Job instance at 0x7fb7be9daf50>,75,16,[8 5],76,216,232,140,205
1,<environment.Job instance at 0x7fb77ab453c0>,83,12,[5 8],84,232,244,148,219
1,<environment.Job instance at 0x7fb7c1236460>,0,3,[ 4 10],1,1,4,0,1
1,<environment.Job instance at 0x7fb7c5af6b90>,1,16,[2 6],2,4,20,2,2
1,<environment.Job instance at 0x7fb7be9bb4b0>,8,14,[1 6],9,20,34,11,9
1,<environment.Job instance at 0x7fb7be90de60>,14,13,[2 8],15,34,47,19,21
1,<environment.Job instance at 0x7fb77ad84460>,15,3,[5 5],16,47,50,31,21
1,<environment.Job instance at 0x7fb77ad84aa0>,17,12,[2 5],18,47,59,29,31
1,<environment.Job instance at 0x7fb7c10d1b40>,25,13,[2 6],26,59,72,33,50
1,<environment.Job instance at 0x7fb7be865e10>,31,12,[7 4],32,52,64,20,52
1,<environment.Job instance at 0x7fb7be865cd0>,32,18,[7 3],33,64,82,31,54
1,<environment.Job instance at 0x7fb7c1030190>,40,17,[8 3],41,82,99,41,79
1,<environment.Job instance at 0x7fb77afcd280>,44,17,[5 6],45,99,116,54,99
1,<environment.Job instance at 0x7fb77afcda00>,43,13,[10  3],44,116,129,72,108
1,<environment.Job instance at 0x7fb7be98fa00>,59,15,[8 4],60,129,144,69,127
1,<environment.Job instance at 0x7fb7c11268c0>,61,15,[3 9],62,144,159,82,130
1,<environment.Job instance at 0x7fb77afc52d0>,67,15,[6 1],68,144,159,76,143
1,<environment.Job instance at 0x7fb77b00dd20>,77,1,[3 5],78,165,166,87,165
1,<environment.Job instance at 0x7fb77accadc0>,78,2,[5 7],79,166,168,87,165
1,<environment.Job instance at 0x7fb7be621f00>,79,2,[2 5],80,168,170,88,165
1,<environment.Job instance at 0x7fb77acca910>,80,16,[1 5],81,168,184,87,165
1,<environment.Job instance at 0x7fb7c1214e10>,81,17,[6 5],82,170,187,88,165
1,<environment.Job instance at 0x7fb7c1214820>,82,3,[6 2],83,187,190,104,165
1,<environment.Job instance at 0x7fb7c0e4d190>,76,3,[1 8],77,187,190,110,170
1,<environment.Job instance at 0x7fb7be6e9dc0>,83,18,[10  5],84,190,208,106,179
1,<environment.Job instance at 0x7fb7be466230>,90,2,[2 6],91,208,210,117,182
1,<environment.Job instance at 0x7fb7be9027d0>,1,2,[10  5],2,2,4,0,2
1,<environment.Job instance at 0x7fb77aeac2d0>,3,2,[3 6],4,4,6,0,4
1,<environment.Job instance at 0x7fb77afbce10>,5,2,[1 8],6,6,8,0,6
1,<environment.Job instance at 0x7fb7beac5690>,6,18,[3 5],7,8,26,1,7
1,<environment.Job instance at 0x7fb77acca3c0>,11,12,[7 5],12,13,25,1,13
1,<environment.Job instance at 0x7fb77adc9b40>,14,18,[3 8],15,26,44,11,15
1,<environment.Job instance at 0x7fb77abe1140>,20,14,[5 5],21,44,58,23,29
1,<environment.Job instance at 0x7fb77abe1780>,29,1,[6 1],30,36,37,6,36
1,<environment.Job instance at 0x7fb77abe1fa0>,37,16,[2 6],38,64,80,26,64
1,<environment.Job instance at 0x7fb77abdd500>,42,18,[9 5],43,90,108,47,90
1,<environment.Job instance at 0x7fb77abdd5a0>,43,17,[5 1],44,108,125,64,97
1,<environment.Job instance at 0x7fb77abdd5f0>,44,1,[9 2],45,125,126,80,97
1,<environment.Job instance at 0x7fb77abdd6e0>,48,14,[3 8],49,126,140,77,118
1,<environment.Job instance at 0x7fb77abdda50>,51,16,[8 5],52,140,156,88,127
1,<environment.Job instance at 0x7fb77abddc30>,54,17,[5 7],55,156,173,101,150
1,<environment.Job instance at 0x7fb77abddfa0>,60,12,[6 1],61,173,185,112,158
1,<environment.Job instance at 0x7fb77abeb640>,69,14,[8 5],70,185,199,115,178
1,<environment.Job instance at 0x7fb77abeb960>,74,12,[9 4],75,199,211,124,184
1,<environment.Job instance at 0x7fb7c57cc4b0>,0,13,[8 2],1,1,14,0,1
1,<environment.Job instance at 0x7fb7be872d20>,2,13,[1 7],3,3,16,0,3
1,<environment.Job instance at 0x7fb77acc6550>,5,13,[6 1],6,14,27,8,6
1,<environment.Job instance at 0x7fb7c0c51e60>,12,2,[2 5],13,16,18,3,13
1,<environment.Job instance at 0x7fb7c0c51370>,13,2,[1 9],14,18,20,4,14
1,<environment.Job instance at 0x7fb7c0c51e10>,14,2,[2 7],15,20,22,5,15
1,<environment.Job instance at 0x7fb77acc61e0>,15,17,[5 8],16,27,44,11,16
1,<environment.Job instance at 0x7fb7c1218a50>,27,2,[4 6],28,44,46,16,28
1,<environment.Job instance at 0x7fb77ad4db40>,19,2,[5 5],20,46,48,26,28
1,<environment.Job instance at 0x7fb77a92d140>,33,13,[7 3],34,48,61,14,48
1,<environment.Job instance at 0x7fb77a92dd70>,36,15,[6 4],37,61,76,24,50
1,<environment.Job instance at 0x7fb77a92da00>,41,13,[3 5],42,60,73,18,60
1,<environment.Job instance at 0x7fb7c1218730>,21,12,[9 4],22,76,88,54,67
1,<environment.Job instance at 0x7fb7be692a50>,51,12,[4 6],52,88,100,36,82
1,<environment.Job instance at 0x7fb7be692af0>,52,18,[10  3],53,100,118,47,89
1,<environment.Job instance at 0x7fb7be692b40>,57,18,[3 8],58,118,136,60,107
1,<environment.Job instance at 0x7fb7be6920a0>,63,17,[7 2],64,118,135,54,113
1,<environment.Job instance at 0x7fb77ae46b40>,69,17,[6 3],70,136,153,66,126
1,<environment.Job instance at 0x7fb7c0d41690>,72,18,[1 6],73,136,154,63,134
1,<environment.Job instance at 0x7fb7c0d41140>,73,17,[10  3],74,154,171,80,142
1,<environment.Job instance at 0x7fb7c1417230>,49,14,[5 9],50,171,185,121,163
1,<environment.Job instance at 0x7fb77afbcf00>,3,17,[6 4],4,4,21,0,4
1,<environment.Job instance at 0x7fb7c13c42d0>,2,13,[2 6],3,4,17,1,4
1,<environment.Job instance at 0x7fb77ac1cd20>,15,12,[6 4],16,21,33,5,16
1,<environment.Job instance at 0x7fb77ac1cbe0>,16,14,[ 2 10],17,33,47,16,22
1,<environment.Job instance at 0x7fb7be532eb0>,11,3,[7 5],12,47,50,35,45
1,<environment.Job instance at 0x7fb77a798a00>,26,18,[10  3],27,50,68,23,45
1,<environment.Job instance at 0x7fb7be5699b0>,28,13,[5 2],29,68,81,39,52
1,<environment.Job instance at 0x7fb7be569690>,29,17,[1 5],30,68,85,38,56
1,<environment.Job instance at 0x7fb7be569910>,33,15,[5 7],34,85,100,51,71
1,<environment.Job instance at 0x7fb7be533be0>,38,15,[2 6],39,100,115,61,86
1,<environment.Job instance at 0x7fb7be533050>,40,17,[6 1],41,100,117,59,100
1,<environment.Job instance at 0x7fb7be5325a0>,12,15,[3 8],13,115,130,102,103
1,<environment.Job instance at 0x7fb77ae2ddc0>,7,15,[5 1],8,117,132,109,103
1,<environment.Job instance at 0x7fb7c0f9a500>,58,13,[5 4],59,130,143,71,114
1,<environment.Job instance at 0x7fb7c0f9adc0>,59,17,[4 6],60,132,149,72,120
1,<environment.Job instance at 0x7fb7c0f9ae10>,66,15,[10  5],67,149,164,82,135
1,<environment.Job instance at 0x7fb77aafe460>,73,14,[5 4],74,164,178,90,153
1,<environment.Job instance at 0x7fb77aafec80>,75,15,[7 1],76,178,193,102,164
1,<environment.Job instance at 0x7fb77aafe910>,78,12,[3 7],79,179,191,100,179
1,<environment.Job instance at 0x7fb77aeb6960>,82,16,[2 8],83,191,207,108,179
1,<environment.Job instance at 0x7fb77aeb60a0>,84,14,[7 2],85,193,207,108,187
1,<environment.Job instance at 0x7fb77aeb61e0>,90,16,[1 9],91,207,223,116,195
1,<environment.Job instance at 0x7fb77abe1d70>,0,12,[8 3],1,1,13,0,1
1,<environment.Job instance at 0x7fb7c0e22e60>,1,14,[9 3],2,13,27,11,2
1,<environment.Job instance at 0x7fb7be65b730>,11,3,[7 4],12,27,30,15,23
1,<environment.Job instance at 0x7fb7be75a2d0>,22,2,[1 8],23,30,32,7,23
1,<environment.Job instance at 0x7fb7be75a230>,23,3,[9 3],24,32,35,8,24
1,<environment.Job instance at 0x7fb7be75ad20>,24,2,[6 2],25,30,32,5,25
1,<environment.Job instance at 0x7fb7be733140>,25,17,[8 3],26,35,52,9,27
1,<environment.Job instance at 0x7fb7be625e10>,32,18,[7 3],33,52,70,19,41
1,<environment.Job instance at 0x7fb7be741b40>,40,15,[8 2],41,70,85,29,58
1,<environment.Job instance at 0x7fb77acdaaf0>,46,16,[ 5 10],47,85,101,38,72
1,<environment.Job instance at 0x7fb7be62bf50>,54,2,[2 5],55,101,103,46,99
1,<environment.Job instance at 0x7fb77ada0320>,56,15,[7 3],57,101,116,44,99
1,<environment.Job instance at 0x7fb7be741cd0>,42,15,[9 5],43,116,131,73,110
1,<environment.Job instance at 0x7fb7c13914b0>,59,15,[ 5 10],60,131,146,71,118
1,<environment.Job instance at 0x7fb7c0e599b0>,66,12,[5 9],67,146,158,79,129
1,<environment.Job instance at 0x7fb7c11d6b90>,74,3,[7 5],75,158,161,83,152
1,<environment.Job instance at 0x7fb7c11d6dc0>,75,2,[5 6],76,161,163,85,153
1,<environment.Job instance at 0x7fb7be4f71e0>,78,15,[5 4],79,167,182,88,167
1,<environment.Job instance at 0x7fb7be7416e0>,43,13,[3 7],44,182,195,138,167
1,<environment.Job instance at 0x7fb7be4f7dc0>,82,18,[1 5],83,195,213,112,184
1,<environment.Job instance at 0x7fb77aeee6e0>,1,16,[1 7],2,2,18,0,2
1,<environment.Job instance at 0x7fb77aae5280>,15,14,[ 2 10],16,41,55,25,41
1,<environment.Job instance at 0x7fb7be761c80>,17,2,[2 5],18,55,57,37,41
1,<environment.Job instance at 0x7fb7be7610f0>,18,14,[ 1 10],19,57,71,38,42
1,<environment.Job instance at 0x7fb7c0e52500>,20,13,[ 4 10],21,71,84,50,55
1,<environment.Job instance at 0x7fb7c1184a50>,22,17,[10  4],23,84,101,61,72
1,<environment.Job instance at 0x7fb7be7616e0>,16,17,[9 4],17,101,118,84,89
1,<environment.Job instance at 0x7fb77aea1500>,39,13,[4 7],40,118,131,78,115
1,<environment.Job instance at 0x7fb7be639690>,40,15,[1 8],41,131,146,90,117
1,<environment.Job instance at 0x7fb77ae93d70>,30,21,[9 2],31,131,152,100,124
1,<environment.Job instance at 0x7fb77a94e7d0>,52,13,[9 5],53,152,165,99,139
1,<environment.Job instance at 0x7fb77a94e280>,59,14,[1 5],60,152,166,92,152
1,<environment.Job instance at 0x7fb77a8dd410>,61,16,[1 8],62,166,182,104,154
1,<environment.Job instance at 0x7fb77ac521e0>,72,13,[8 1],73,182,195,109,182
1,<environment.Job instance at 0x7fb77a967c30>,80,14,[9 4],81,219,233,138,219
1,<environment.Job instance at 0x7fb7c10afc30>,0,3,[5 6],1,1,4,0,1
1,<environment.Job instance at 0x7fb77a6af9b0>,2,17,[4 8],3,4,21,1,3
1,<environment.Job instance at 0x7fb77aa5a730>,3,18,[8 3],4,21,39,17,10
1,<environment.Job instance at 0x7fb77ab982d0>,5,15,[2 7],6,25,40,19,25
1,<environment.Job instance at 0x7fb7c0e5fa00>,21,17,[9 5],22,40,57,18,30
1,<environment.Job instance at 0x7fb7c0e5f730>,24,13,[2 5],25,57,70,32,41
1,<environment.Job instance at 0x7fb7c0e5f7d0>,28,16,[8 1],29,57,73,28,48
1,<environment.Job instance at 0x7fb77a728050>,14,13,[1 6],15,70,83,55,54
1,<environment.Job instance at 0x7fb7c0e5ffa0>,29,14,[9 3],30,73,87,43,58
1,<environment.Job instance at 0x7fb7be9640f0>,37,12,[6 5],38,87,99,49,70
1,<environment.Job instance at 0x7fb7be922870>,50,15,[7 4],51,136,151,85,136
1,<environment.Job instance at 0x7fb7be922460>,51,2,[2 8],52,151,153,99,136
1,<environment.Job instance at 0x7fb7be9220a0>,54,20,[1 9],55,166,186,111,166
1,<environment.Job instance at 0x7fb7beaa5370>,58,17,[1 8],59,186,203,127,174
1,<environment.Job instance at 0x7fb7beaa5eb0>,60,3,[6 2],61,186,189,125,174
1,<environment.Job instance at 0x7fb77ac29a00>,65,12,[9 1],66,202,214,136,202
1,<environment.Job instance at 0x7fb7be922d20>,0,16,[5 1],1,1,17,0,1
1,<environment.Job instance at 0x7fb77a92ce60>,14,3,[7 2],15,18,21,3,18
1,<environment.Job instance at 0x7fb77ac52780>,17,16,[6 5],18,21,37,3,18
1,<environment.Job instance at 0x7fb7c110b7d0>,18,12,[9 5],19,37,49,18,20
1,<environment.Job instance at 0x7fb7c1033c80>,26,16,[ 5 10],27,49,65,22,36
1,<environment.Job instance at 0x7fb7c1019a00>,33,13,[8 5],34,65,78,31,49
1,<environment.Job instance at 0x7fb77a71f0f0>,36,16,[4 8],37,78,94,41,65
1,<environment.Job instance at 0x7fb77b0a0b90>,47,18,[7 1],48,100,118,52,100
1,<environment.Job instance at 0x7fb77afe5a00>,49,17,[6 3],50,118,135,68,106
1,<environment.Job instance at 0x7fb77aa0a730>,56,16,[3 5],57,119,135,62,119
1,<environment.Job instance at 0x7fb77a6ea870>,57,14,[5 1],58,135,149,77,123
1,<environment.Job instance at 0x7fb77ac3bd70>,64,17,[7 5],65,149,166,84,137
1,<environment.Job instance at 0x7fb77ac3b4b0>,68,12,[10  2],69,166,178,97,154
1,<environment.Job instance at 0x7fb7bea64870>,0,17,[9 5],1,1,18,0,1
1,<environment.Job instance at 0x7fb77afc8c80>,2,12,[1 5],3,3,15,0,3
1,<environment.Job instance at 0x7fb7c1105140>,12,14,[2 8],13,26,40,13,26
1,<environment.Job instance at 0x7fb7be922fa0>,10,14,[6 3],11,40,54,29,26
1,<environment.Job instance at 0x7fb7c1105050>,15,16,[7 4],16,54,70,38,41
1,<environment.Job instance at 0x7fb7be688500>,30,13,[5 2],31,89,102,58,89
1,<environment.Job instance at 0x7fb7c11b9960>,33,13,[9 5],34,102,115,68,93
1,<environment.Job instance at 0x7fb7c11b9b90>,36,17,[9 2],37,115,132,78,103
1,<environment.Job instance at 0x7fb7be856f00>,42,14,[5 8],43,132,146,89,124
1,<environment.Job instance at 0x7fb7be856be0>,49,17,[2 7],50,146,163,96,134
1,<environment.Job instance at 0x7fb7be856fa0>,52,13,[5 1],53,149,162,96,149
1,<environment.Job instance at 0x7fb7be877f00>,57,13,[6 5],58,163,176,105,153
1,<environment.Job instance at 0x7fb7be8f3500>,58,14,[3 9],59,176,190,117,163
1,<environment.Job instance at 0x7fb7bea6f0a0>,62,3,[5 1],63,176,179,113,163
1,<environment.Job instance at 0x7fb7be52f1e0>,65,14,[ 2 10],66,190,204,124,177
1,<environment.Job instance at 0x7fb7be4fb500>,74,2,[2 7],75,204,206,129,204
1,<environment.Job instance at 0x7fb77a8edaa0>,78,18,[2 5],79,206,224,127,204
1,<environment.Job instance at 0x7fb7be6d8b40>,79,13,[4 9],80,224,237,144,209
1,<environment.Job instance at 0x7fb7c0edf8c0>,0,18,[ 4 10],1,1,19,0,1
1,<environment.Job instance at 0x7fb7bea474b0>,12,14,[5 8],13,19,33,6,13
1,<environment.Job instance at 0x7fb7bea47050>,15,15,[5 2],16,42,57,26,42
1,<environment.Job instance at 0x7fb7be689780>,22,17,[5 8],23,57,74,34,57
1,<environment.Job instance at 0x7fb7be689190>,24,1,[7 5],25,74,75,49,57
1,<environment.Job instance at 0x7fb77a67b870>,41,15,[7 5],42,100,115,58,100
1,<environment.Job instance at 0x7fb77a67b4b0>,44,13,[2 9],45,116,129,71,116
1,<environment.Job instance at 0x7fb77aea80f0>,37,18,[3 8],38,129,147,91,124
1,<environment.Job instance at 0x7fb77a67b0f0>,47,17,[10  5],48,147,164,99,135
1,<environment.Job instance at 0x7fb77a67b640>,56,18,[3 7],57,164,182,107,153
1,<environment.Job instance at 0x7fb7be9382d0>,66,18,[9 4],67,182,200,115,171
1,<environment.Job instance at 0x7fb77b04d410>,75,12,[2 9],76,200,212,124,198
1,<environment.Job instance at 0x7fb77b04df50>,80,13,[10  1],81,212,225,131,200
1,<environment.Job instance at 0x7fb77b04d320>,87,18,[10  1],88,225,243,137,215
1,<environment.Job instance at 0x7fb77ac70500>,1,1,[5 3],2,2,3,0,2
1,<environment.Job instance at 0x7fb77a74ab90>,2,17,[2 8],3,3,20,0,3
1,<environment.Job instance at 0x7fb77adbf870>,7,16,[ 2 10],8,20,36,12,9
1,<environment.Job instance at 0x7fb77adbf3c0>,15,14,[1 8],16,36,50,20,21
1,<environment.Job instance at 0x7fb77adbf410>,17,14,[5 1],18,36,50,18,21
1,<environment.Job instance at 0x7fb77adcef50>,24,17,[4 7],25,50,67,25,38
1,<environment.Job instance at 0x7fb77adce4b0>,26,14,[3 5],27,67,81,40,52
1,<environment.Job instance at 0x7fb77adb4500>,29,16,[7 4],30,67,83,37,54
1,<environment.Job instance at 0x7fb77a758b40>,5,15,[9 2],6,83,98,77,69
1,<environment.Job instance at 0x7fb77adb4410>,41,17,[9 3],42,98,115,56,86
1,<environment.Job instance at 0x7fb77adcdbe0>,53,3,[ 2 10],54,125,128,71,125
1,<environment.Job instance at 0x7fb77adcd050>,49,17,[4 9],50,128,145,78,127
1,<environment.Job instance at 0x7fb77adcd320>,60,16,[6 5],61,145,161,84,133
1,<environment.Job instance at 0x7fb77adcb640>,63,16,[3 5],64,145,161,81,136
1,<environment.Job instance at 0x7fb77adcbc30>,75,14,[9 1],76,168,182,92,168
1,<environment.Job instance at 0x7fb77adcbb40>,76,13,[4 7],77,182,195,105,171
1,<environment.Job instance at 0x7fb77adcbf50>,79,13,[2 5],80,195,208,115,179
1,<environment.Job instance at 0x7fb77adb0be0>,82,16,[1 9],83,208,224,125,196
1,<environment.Job instance at 0x7fb77adcb780>,68,15,[5 6],69,224,239,155,216
1,<environment.Job instance at 0x7f3f1541c190>,0,13,[9 3],1,1,14,0,1
1,<environment.Job instance at 0x7f3f142bd6e0>,8,13,[5 5],9,14,27,5,9
1,<environment.Job instance at 0x7f3f142bd230>,4,14,[1 6],5,27,41,22,13
1,<environment.Job instance at 0x7f3f142bdd20>,15,18,[2 8],16,41,59,25,31
1,<environment.Job instance at 0x7f3f142c13c0>,24,18,[2 6],25,59,77,34,54
1,<environment.Job instance at 0x7f3f142bdcd0>,14,13,[7 3],15,59,72,44,54
1,<environment.Job instance at 0x7f3f142c1460>,25,12,[ 5 10],26,77,89,51,67
1,<environment.Job instance at 0x7f3f142c1e10>,32,3,[5 1],33,72,75,39,67
1,<environment.Job instance at 0x7f3f142c1d70>,33,14,[5 5],34,89,103,55,74
1,<environment.Job instance at 0x7f3f142c34b0>,43,18,[5 5],44,97,115,53,97
1,<environment.Job instance at 0x7f3f142c35f0>,45,13,[6 5],46,115,128,69,100
1,<environment.Job instance at 0x7f3f142c3af0>,53,17,[5 7],54,130,147,76,130
1,<environment.Job instance at 0x7f3f142c3eb0>,56,17,[8 5],57,148,165,91,148
1,<environment.Job instance at 0x7f3f142bd9b0>,11,15,[4 8],12,165,180,153,152
1,<environment.Job instance at 0x7f3f142c3870>,49,16,[2 5],50,212,228,162,212
1,<environment.Job instance at 0x7f3f142c8a50>,0,1,[5 8],1,1,2,0,1
1,<environment.Job instance at 0x7f3f142c8d20>,1,13,[8 5],2,2,15,0,2
1,<environment.Job instance at 0x7f3f142c3e10>,2,14,[2 9],3,15,29,12,3
1,<environment.Job instance at 0x7f3eca3e4d70>,21,14,[1 6],22,30,44,8,30
1,<environment.Job instance at 0x7f3f142d9dc0>,11,17,[10  2],12,44,61,32,32
1,<environment.Job instance at 0x7f3eca40d280>,34,16,[7 2],35,61,77,26,48
1,<environment.Job instance at 0x7f3eca40ce60>,44,16,[9 4],45,77,93,32,66
1,<environment.Job instance at 0x7f3eca402eb0>,48,15,[7 5],49,93,108,44,81
1,<environment.Job instance at 0x7f3eca4025a0>,49,13,[6 3],50,108,121,58,92
1,<environment.Job instance at 0x7f3eca46dbe0>,54,3,[4 7],55,108,111,53,95
1,<environment.Job instance at 0x7f3eca401a50>,25,14,[10  2],26,121,135,95,108
1,<environment.Job instance at 0x7f3eca40b0f0>,58,18,[6 3],59,135,153,76,124
1,<environment.Job instance at 0x7f3eca54e780>,73,12,[9 1],74,161,173,87,161
1,<environment.Job instance at 0x7f3eca6430a0>,77,17,[5 2],78,173,190,95,163
1,<environment.Job instance at 0x7f3eca4f7fa0>,78,18,[4 5],79,173,191,94,173
1,<environment.Job instance at 0x7f3eca4f77d0>,84,12,[7 2],85,191,203,106,181
1,<environment.Job instance at 0x7f3eca533aa0>,90,17,[2 6],91,191,208,100,191
1,<environment.Job instance at 0x7f3eca533eb0>,91,15,[8 4],92,203,218,111,194
1,<environment.Job instance at 0x7f3eca4ee190>,1,17,[7 5],2,5,22,3,5
1,<environment.Job instance at 0x7f3f14078870>,8,18,[1 5],9,11,29,2,11
1,<environment.Job instance at 0x7f3f1409bb90>,11,1,[ 4 10],12,29,30,17,12
1,<environment.Job instance at 0x7f3f14078780>,9,2,[8 2],10,22,24,12,14
1,<environment.Job instance at 0x7f3f14078730>,14,1,[3 8],15,30,31,15,15
1,<environment.Job instance at 0x7f3eca3420a0>,15,13,[5 5],16,31,44,15,16
1,<environment.Job instance at 0x7f3f142c3b90>,3,3,[4 8],4,44,47,40,20
1,<environment.Job instance at 0x7f3f140a95a0>,21,3,[1 6],22,47,50,25,22
1,<environment.Job instance at 0x7f3eca342cd0>,17,1,[5 5],18,26,27,8,26
1,<environment.Job instance at 0x7f3f15591460>,24,1,[7 4],25,28,29,3,28
1,<environment.Job instance at 0x7f3f149a0550>,23,2,[5 5],24,33,35,9,33
1,<environment.Job instance at 0x7f3f14030050>,29,3,[5 5],30,35,38,5,34
1,<environment.Job instance at 0x7f3eca348500>,31,3,[9 4],32,47,50,15,34
1,<environment.Job instance at 0x7f3f14504190>,33,2,[9 2],34,50,52,16,34
1,<environment.Job instance at 0x7f3f14114cd0>,34,17,[7 2],35,52,69,17,40
1,<environment.Job instance at 0x7f3eca2bf7d0>,36,12,[8 3],37,69,81,32,52
1,<environment.Job instance at 0x7f3eca2bfa00>,41,17,[2 6],42,54,71,12,54
1,<environment.Job instance at 0x7f3eca2ba1e0>,48,14,[ 2 10],49,81,95,32,70
1,<environment.Job instance at 0x7f3eca2ba5a0>,50,18,[3 5],51,95,113,44,84
1,<environment.Job instance at 0x7f3f1541b0a0>,60,13,[5 6],61,113,126,52,97
1,<environment.Job instance at 0x7f3f15589c80>,61,12,[5 5],62,97,109,35,97
1,<environment.Job instance at 0x7f3f1409d8c0>,71,13,[4 5],72,126,139,54,111
1,<environment.Job instance at 0x7f3f14035be0>,78,16,[6 3],79,130,146,51,130
1,<environment.Job instance at 0x7f3f14035e60>,79,14,[5 7],80,146,160,66,134
1,<environment.Job instance at 0x7f3eca2b6fa0>,83,14,[2 7],84,160,174,76,146
1,<environment.Job instance at 0x7f3eca2b1f50>,93,3,[8 4],94,174,177,80,166
1,<environment.Job instance at 0x7f3eca2b1640>,94,3,[6 1],95,166,169,71,166
1,<environment.Job instance at 0x7f3eca2b17d0>,96,18,[4 6],97,180,198,83,180
1,<environment.Job instance at 0x7f3eca712550>,1,14,[5 8],2,2,16,0,2
1,<environment.Job instance at 0x7f3f15447c30>,2,16,[9 2],3,16,32,13,4
1,<environment.Job instance at 0x7f3f149736e0>,8,17,[10  3],9,32,49,23,20
1,<environment.Job instance at 0x7f3f1467d410>,13,2,[5 6],14,49,51,35,31
1,<environment.Job instance at 0x7f3f143b74b0>,15,3,[6 5],16,51,54,35,31
1,<environment.Job instance at 0x7f3f143a71e0>,17,13,[7 3],18,54,67,36,38
1,<environment.Job instance at 0x7f3eca909550>,20,14,[3 6],21,54,68,33,40
1,<environment.Job instance at 0x7f3f143c3870>,25,17,[7 1],26,67,84,41,55
1,<environment.Job instance at 0x7f3f143c35f0>,27,18,[1 7],28,68,86,40,57
1,<environment.Job instance at 0x7f3f145260f0>,30,15,[1 6],31,86,101,55,72
1,<environment.Job instance at 0x7f3f1494d3c0>,31,14,[10  4],32,101,115,69,86
1,<environment.Job instance at 0x7f3f1476e960>,32,18,[5 5],33,115,133,82,104
1,<environment.Job instance at 0x7f3f1446b230>,34,12,[8 4],35,133,145,98,116
1,<environment.Job instance at 0x7f3f14357c30>,35,15,[7 4],36,145,160,109,131
1,<environment.Job instance at 0x7f3f1432baa0>,37,14,[6 2],38,160,174,122,145
1,<environment.Job instance at 0x7f3f14374eb0>,39,17,[7 2],40,174,191,134,162
1,<environment.Job instance at 0x7f3f142aed20>,40,12,[8 1],41,191,203,150,174
1,<environment.Job instance at 0x7f3f14880e10>,42,18,[5 1],43,203,221,160,192
1,<environment.Job instance at 0x7f3f14880780>,44,12,[6 5],45,221,233,176,204
1,<environment.Job instance at 0x7f3f14880fa0>,45,2,[4 7],46,204,206,158,204
1,<environment.Job instance at 0x7f3f14880d70>,47,12,[ 4 10],48,233,245,185,216
1,<environment.Job instance at 0x7f3f14880be0>,48,1,[5 7],49,216,217,167,216
1,<environment.Job instance at 0x7f3f148cc550>,57,2,[8 4],58,245,247,187,229
1,<environment.Job instance at 0x7f3f148cc190>,58,1,[6 3],59,247,248,188,229
1,<environment.Job instance at 0x7f3f148cc9b0>,59,17,[1 5],60,245,262,185,233
1,<environment.Job instance at 0x7f3f148cce60>,60,3,[9 5],61,248,251,187,233
1,<environment.Job instance at 0x7f3eca4db0a0>,1,2,[2 6],2,2,4,0,2
1,<environment.Job instance at 0x7f3f146f2a50>,2,3,[9 1],3,4,7,1,3
1,<environment.Job instance at 0x7f3f146e9aa0>,9,15,[5 2],10,28,43,18,28
1,<environment.Job instance at 0x7f3eca65e640>,11,14,[7 1],12,43,57,31,41
1,<environment.Job instance at 0x7f3eca77e0f0>,12,16,[9 4],13,57,73,44,44
1,<environment.Job instance at 0x7f3f14774780>,20,16,[5 1],21,73,89,52,60
1,<environment.Job instance at 0x7f3eca214640>,21,16,[ 2 10],22,89,105,67,76
1,<environment.Job instance at 0x7f3eca2145a0>,22,17,[4 5],23,105,122,82,93
1,<environment.Job instance at 0x7f3eca214910>,27,18,[10  5],28,122,140,94,111
1,<environment.Job instance at 0x7f3eca214be0>,30,15,[ 4 10],31,140,155,109,126
1,<environment.Job instance at 0x7f3eca217280>,39,17,[9 4],40,155,172,115,143
1,<environment.Job instance at 0x7f3eca217550>,43,15,[10  4],44,172,187,128,158
1,<environment.Job instance at 0x7f3eca2170f0>,45,13,[1 5],46,158,171,112,158
1,<environment.Job instance at 0x7f3eca217910>,46,15,[ 5 10],47,187,202,140,173
1,<environment.Job instance at 0x7f3eca217b40>,48,14,[8 3],49,202,216,153,187
1,<environment.Job instance at 0x7f3eca217be0>,49,14,[9 5],50,216,230,166,201
1,<environment.Job instance at 0x7f3eca217e60>,53,18,[ 4 10],54,230,248,176,219
1,<environment.Job instance at 0x7f3eca217f00>,56,12,[6 3],57,248,260,191,231
1,<environment.Job instance at 0x7f3eca21a140>,57,15,[ 5 10],58,260,275,202,246
1,<environment.Job instance at 0x7f3eca77e500>,0,1,[8 1],1,1,2,0,1
1,<environment.Job instance at 0x7f3eca21dc30>,1,18,[3 7],2,2,20,0,2
1,<environment.Job instance at 0x7f3eca8b3190>,7,16,[5 8],8,20,36,12,8
1,<environment.Job instance at 0x7f3eca8b30a0>,9,3,[10  2],10,36,39,26,13
1,<environment.Job instance at 0x7f3eca8b3370>,8,16,[1 6],9,39,55,30,26
1,<environment.Job instance at 0x7f3eca59e0f0>,16,12,[9 4],17,39,51,22,26
1,<environment.Job instance at 0x7f3eca60c730>,26,12,[6 4],27,53,65,26,53
1,<environment.Job instance at 0x7f3eca6c76e0>,27,17,[8 2],28,65,82,37,53
1,<environment.Job instance at 0x7f3eca60c5a0>,28,17,[1 6],29,62,79,33,62
1,<environment.Job instance at 0x7f3eca611b90>,42,2,[2 7],43,89,91,46,89
1,<environment.Job instance at 0x7f3eca611320>,44,17,[8 3],45,94,111,49,94
1,<environment.Job instance at 0x7f3eca611fa0>,47,17,[7 4],48,111,128,63,105
1,<environment.Job instance at 0x7f3eca611e10>,41,1,[9 4],42,128,129,86,110
1,<environment.Job instance at 0x7f3eca611370>,49,16,[10  5],50,129,145,79,118
1,<environment.Job instance at 0x7f3f14234690>,63,14,[5 5],64,145,159,81,135
1,<environment.Job instance at 0x7f3f142342d0>,69,18,[1 5],70,149,167,79,149
1,<environment.Job instance at 0x7f3eca4cfaf0>,78,14,[ 4 10],79,190,204,111,190
1,<environment.Job instance at 0x7f3eca4cfbe0>,81,14,[9 5],82,204,218,122,202
1,<environment.Job instance at 0x7f3eca4cfdc0>,82,15,[7 3],83,218,233,135,209
1,<environment.Job instance at 0x7f3eca21a280>,0,2,[7 4],1,1,3,0,1
1,<environment.Job instance at 0x7f3eca8eb820>,1,16,[6 5],2,3,19,1,2
1,<environment.Job instance at 0x7f3eca877960>,13,1,[2 9],14,19,20,5,14
1,<environment.Job instance at 0x7f3f14d03730>,9,3,[4 5],10,14,17,4,14
1,<environment.Job instance at 0x7f3eca656b40>,15,3,[5 7],16,20,23,4,16
1,<environment.Job instance at 0x7f3eca656d70>,17,3,[4 5],18,23,26,5,18
1,<environment.Job instance at 0x7f3eca6560f0>,18,14,[7 2],19,26,40,7,20
1,<environment.Job instance at 0x7f3eca7672d0>,21,14,[6 1],22,40,54,18,25
1,<environment.Job instance at 0x7f3f141b6a50>,24,17,[3 7],25,27,44,2,27
1,<environment.Job instance at 0x7f3f142c6be0>,26,14,[7 5],27,54,68,27,39
1,<environment.Job instance at 0x7f3f14f82910>,34,16,[7 5],35,68,84,33,58
1,<environment.Job instance at 0x7f3eca74d320>,40,1,[4 8],41,84,85,43,59
1,<environment.Job instance at 0x7f3f14678d70>,44,15,[10  2],45,85,100,40,80
1,<environment.Job instance at 0x7f3f14d44550>,71,15,[7 3],72,167,182,95,167
1,<environment.Job instance at 0x7f3f1437f4b0>,82,2,[ 2 10],83,203,205,120,203
1,<environment.Job instance at 0x7f3eca629780>,83,3,[1 6],84,205,208,121,203
1,<environment.Job instance at 0x7f3eca629fa0>,84,16,[8 1],85,208,224,123,208
1,<environment.Job instance at 0x7f3f14bc7730>,0,18,[3 6],1,1,19,0,1
1,<environment.Job instance at 0x7f3f14056280>,3,13,[6 4],4,4,17,0,4
1,<environment.Job instance at 0x7f3eca6565a0>,6,16,[2 7],7,19,35,12,7
1,<environment.Job instance at 0x7f3f1444f9b0>,15,15,[1 6],16,35,50,19,21
1,<environment.Job instance at 0x7f3eca34d1e0>,22,3,[3 7],23,50,53,27,27
1,<environment.Job instance at 0x7f3eca33b280>,23,3,[5 4],24,35,38,11,27
1,<environment.Job instance at 0x7f3eca34d320>,24,12,[7 2],25,38,50,13,27
1,<environment.Job instance at 0x7f3eca34d780>,28,12,[6 1],29,50,62,21,44
1,<environment.Job instance at 0x7f3eca34d6e0>,30,15,[6 2],31,62,77,31,48
1,<environment.Job instance at 0x7f3eca34d960>,32,16,[5 3],33,77,93,44,64
1,<environment.Job instance at 0x7f3eca34d4b0>,26,12,[5 6],27,77,89,50,77
1,<environment.Job instance at 0x7f3eca34dc80>,37,14,[ 5 10],38,93,107,55,79
1,<environment.Job instance at 0x7f3eca34d7d0>,42,16,[9 3],43,107,123,64,99
1,<environment.Job instance at 0x7f3f1408bc80>,48,13,[5 7],49,123,136,74,109
1,<environment.Job instance at 0x7f3f1408be10>,58,1,[5 1],59,151,152,92,151
1,<environment.Job instance at 0x7f3f1408ba00>,63,3,[6 1],64,152,155,88,151
1,<environment.Job instance at 0x7f3f1408b910>,65,16,[2 7],66,154,170,88,154
1,<environment.Job instance at 0x7f3f140851e0>,68,18,[8 3],69,162,180,93,162
1,<environment.Job instance at 0x7f3f14085370>,70,24,[10  5],71,180,204,109,176
1,<environment.Job instance at 0x7f3eca7fcf00>,0,2,[7 1],1,1,3,0,1
1,<environment.Job instance at 0x7f3f14678190>,2,1,[ 3 10],3,3,4,0,3
1,<environment.Job instance at 0x7f3f14b6c8c0>,3,12,[5 8],4,4,16,0,4
1,<environment.Job instance at 0x7f3eca83d780>,7,13,[5 5],8,16,29,8,8
1,<environment.Job instance at 0x7f3f14989d70>,11,12,[4 5],12,16,28,4,12
1,<environment.Job instance at 0x7f3f1541b960>,13,3,[6 1],14,29,32,15,14
1,<environment.Job instance at 0x7f3f1541bc30>,15,3,[4 8],16,29,32,13,16
1,<environment.Job instance at 0x7f3f14120640>,16,16,[ 5 10],17,32,48,15,19
1,<environment.Job instance at 0x7f3eca3e43c0>,19,2,[4 5],20,48,50,28,21
1,<environment.Job instance at 0x7f3f148d0320>,24,12,[3 9],25,50,62,25,34
1,<environment.Job instance at 0x7f3f14d4faf0>,35,13,[5 1],36,48,61,12,45
1,<environment.Job instance at 0x7f3f14469d70>,38,12,[1 6],39,62,74,23,55
1,<environment.Job instance at 0x7f3f140f0780>,44,14,[10  4],45,78,92,33,78
1,<environment.Job instance at 0x7f3f140f07d0>,47,13,[7 4],48,92,105,44,80
1,<environment.Job instance at 0x7f3f140f0b90>,51,16,[5 7],52,108,124,56,108
1,<environment.Job instance at 0x7f3f14211280>,74,17,[9 5],75,223,240,148,223
1,<environment.Job instance at 0x7f3eca285280>,0,2,[2 6],1,1,3,0,1
1,<environment.Job instance at 0x7f3eca46e230>,1,3,[5 8],2,3,6,1,2
1,<environment.Job instance at 0x7f3f148990f0>,3,18,[4 9],4,6,24,2,5
1,<environment.Job instance at 0x7f3f14d231e0>,9,12,[9 3],10,24,36,14,13
1,<environment.Job instance at 0x7f3f1466d370>,14,17,[10  4],15,36,53,21,27
1,<environment.Job instance at 0x7f3eca644fa0>,29,15,[6 1],30,53,68,23,46
1,<environment.Job instance at 0x7f3f1423eaf0>,34,16,[6 3],35,68,84,33,56
1,<environment.Job instance at 0x7f3eca7e1af0>,39,15,[9 3],40,84,99,44,75
1,<environment.Job instance at 0x7f3eca7e1370>,41,3,[1 7],42,75,78,33,75
1,<environment.Job instance at 0x7f3f146a10a0>,47,2,[5 8],48,99,101,51,82
1,<environment.Job instance at 0x7f3eca7e15a0>,48,12,[ 3 10],49,101,113,52,84
1,<environment.Job instance at 0x7f3f146a15f0>,51,12,[1 7],52,85,97,33,85
1,<environment.Job instance at 0x7f3eca612e60>,67,15,[1 7],68,133,148,65,133
1,<environment.Job instance at 0x7f3f141095f0>,68,18,[5 6],69,148,166,79,138
1,<environment.Job instance at 0x7f3f14db61e0>,71,12,[8 3],72,166,178,94,156
1,<environment.Job instance at 0x7f3eca967690>,77,12,[4 7],78,194,206,116,194
1,<environment.Job instance at 0x7f3f14cf03c0>,85,2,[1 8],86,206,208,120,202
1,<environment.Job instance at 0x7f3eca70ef00>,86,18,[3 5],87,208,226,121,202
1,<environment.Job instance at 0x7f3eca70eaf0>,87,14,[8 3],88,226,240,138,211
1,<environment.Job instance at 0x7f3f14240780>,0,17,[4 8],1,1,18,0,1
1,<environment.Job instance at 0x7f3eca63f910>,10,16,[5 4],11,18,34,7,12
1,<environment.Job instance at 0x7f3f1541c2d0>,14,17,[6 1],15,34,51,19,22
1,<environment.Job instance at 0x7f3f146a1320>,3,1,[9 3],4,51,52,47,47
1,<environment.Job instance at 0x7f3f14cbab40>,29,13,[6 1],30,52,65,22,48
1,<environment.Job instance at 0x7f3f14cbae10>,31,17,[6 1],32,65,82,33,53
1,<environment.Job instance at 0x7f3f14cbaa50>,33,15,[5 8],34,82,97,48,68
1,<environment.Job instance at 0x7f3f14cc8690>,42,3,[5 9],43,98,101,55,98
1,<environment.Job instance at 0x7f3f14cc8af0>,48,18,[5 5],49,128,146,79,128
1,<environment.Job instance at 0x7f3f14cb30a0>,58,14,[9 3],59,146,160,87,134
1,<environment.Job instance at 0x7f3f14cb3500>,64,16,[5 8],65,160,176,95,149
1,<environment.Job instance at 0x7f3f14cb3b90>,68,12,[3 8],69,176,188,107,164
1,<environment.Job instance at 0x7f3f14cb3aa0>,74,13,[6 5],75,188,201,113,172
1,<environment.Job instance at 0x7f3f14ccf320>,82,2,[2 5],83,194,196,111,194
1,<environment.Job instance at 0x7f3f14ccf4b0>,85,17,[5 8],86,201,218,115,195
1,<environment.Job instance at 0x7f3f14ccf690>,88,12,[6 2],89,218,230,129,202
1,<environment.Job instance at 0x7f3f14d97640>,0,16,[10  3],1,3,19,2,3
1,<environment.Job instance at 0x7f3f14bf40f0>,9,13,[4 9],10,19,32,9,10
1,<environment.Job instance at 0x7f3f14bf47d0>,11,13,[ 1 10],12,32,45,20,16
1,<environment.Job instance at 0x7f3eca90ef00>,18,14,[10  3],19,45,59,26,30
1,<environment.Job instance at 0x7f3eca90e190>,26,18,[10  1],27,59,77,32,58
1,<environment.Job instance at 0x7f3eca644190>,28,16,[7 1],29,77,93,48,64
1,<environment.Job instance at 0x7f3f14d970f0>,5,3,[2 6],6,77,80,71,70
1,<environment.Job instance at 0x7f3eca90eeb0>,24,14,[3 7],25,80,94,55,74
1,<environment.Job instance at 0x7f3eca1e0230>,35,12,[5 5],36,94,106,58,82
1,<environment.Job instance at 0x7f3eca20f370>,38,12,[3 9],39,106,118,67,89
1,<environment.Job instance at 0x7f3eca20f7d0>,44,15,[6 3],45,118,133,73,104
1,<environment.Job instance at 0x7f3eca68e7d0>,49,3,[4 7],50,120,123,70,120
1,<environment.Job instance at 0x7f3eca68eaa0>,50,1,[7 3],51,133,134,82,120
1,<environment.Job instance at 0x7f3eca68ed70>,54,15,[4 8],55,134,149,79,123
1,<environment.Job instance at 0x7f3f1469b0a0>,74,16,[8 4],75,170,186,95,170
1,<environment.Job instance at 0x7f3f1469b500>,75,12,[6 4],76,186,198,110,170
1,<environment.Job instance at 0x7f3eca62a8c0>,79,3,[1 6],80,184,187,104,184
1,<environment.Job instance at 0x7f3eca4fa4b0>,82,14,[7 5],83,199,213,116,199
1,<environment.Job instance at 0x7f3eca4fa690>,86,18,[10  3],87,213,231,126,209
1,<environment.Job instance at 0x7f3f14244280>,1,16,[1 7],2,2,18,0,2
1,<environment.Job instance at 0x7f3eca3c95f0>,7,14,[5 6],8,18,32,10,8
1,<environment.Job instance at 0x7f3eca3c9fa0>,8,12,[7 2],9,32,44,23,15
1,<environment.Job instance at 0x7f3eca3c9190>,15,15,[2 6],16,32,47,16,22
1,<environment.Job instance at 0x7f3f14a9c280>,23,17,[6 1],24,44,61,20,33
1,<environment.Job instance at 0x7f3f14aad050>,24,12,[4 5],25,47,59,22,33
1,<environment.Job instance at 0x7f3eca6fb5f0>,33,13,[3 7],34,70,83,36,70
1,<environment.Job instance at 0x7f3eca6fbb90>,36,2,[4 7],37,83,85,46,73
1,<environment.Job instance at 0x7f3eca6fb550>,37,17,[4 9],38,85,102,47,73
1,<environment.Job instance at 0x7f3eca5eecd0>,41,12,[8 5],42,102,114,60,85
1,<environment.Job instance at 0x7f3f14d87500>,50,12,[8 3],51,114,126,63,109
1,<environment.Job instance at 0x7f3f14d870f0>,51,14,[9 3],52,126,140,74,113
1,<environment.Job instance at 0x7f3f145ee910>,56,13,[ 5 10],57,140,153,83,125
1,<environment.Job instance at 0x7f3f140a3c80>,69,15,[2 5],70,167,182,97,167
1,<environment.Job instance at 0x7f3f1494ae60>,75,17,[8 3],76,167,184,91,167
1,<environment.Job instance at 0x7f3f14d7e6e0>,82,18,[7 3],83,184,202,101,173
1,<environment.Job instance at 0x7f3eca1af910>,90,15,[8 2],91,202,217,111,188
1,<environment.Job instance at 0x7f3eca157870>,0,1,[7 5],1,1,2,0,1
1,<environment.Job instance at 0x7f3eca6fb0f0>,2,2,[7 5],3,3,5,0,3
1,<environment.Job instance at 0x7f3eca4723c0>,4,1,[3 8],5,5,6,0,5
1,<environment.Job instance at 0x7f3eca472870>,5,2,[4 7],6,6,8,0,6
1,<environment.Job instance at 0x7f3f15445a50>,7,17,[10  4],8,8,25,0,8
1,<environment.Job instance at 0x7f3f14a00a50>,11,13,[4 5],12,25,38,13,14
1,<environment.Job instance at 0x7f3eca472690>,9,18,[2 7],10,38,56,28,27
1,<environment.Job instance at 0x7f3f14fad780>,22,14,[9 2],23,56,70,33,42
1,<environment.Job instance at 0x7f3eca6c0370>,28,15,[5 3],29,70,85,41,56
1,<environment.Job instance at 0x7f3eca2086e0>,35,16,[3 7],36,70,86,34,65
1,<environment.Job instance at 0x7f3eca208e60>,37,18,[10  3],38,86,104,48,81
1,<environment.Job instance at 0x7f3f14cf3b90>,51,16,[6 2],52,145,161,93,145
1,<environment.Job instance at 0x7f3eca2a3910>,56,17,[9 4],57,164,181,107,164
1,<environment.Job instance at 0x7f3eca211550>,57,2,[2 5],58,181,183,123,164
1,<environment.Job instance at 0x7f3eca6b93c0>,58,14,[ 1 10],59,183,197,124,168
1,<environment.Job instance at 0x7f3f14d1b280>,61,16,[4 7],62,197,213,135,184
1,<environment.Job instance at 0x7f3f1558e190>,64,2,[3 9],65,213,215,148,188
1,<environment.Job instance at 0x7f3f14d1bc80>,65,3,[4 8],66,215,218,149,189
1,<environment.Job instance at 0x7f3f14d29fa0>,69,15,[7 2],70,218,233,148,204
1,<environment.Job instance at 0x7f3eca211730>,0,14,[5 6],1,1,15,0,1
1,<environment.Job instance at 0x7f3eca735280>,3,1,[2 5],4,15,16,11,4
1,<environment.Job instance at 0x7f3f14d7ec80>,7,13,[ 1 10],8,16,29,8,8
1,<environment.Job instance at 0x7f3f146e9aa0>,10,13,[ 2 10],11,29,42,18,16
1,<environment.Job instance at 0x7f3f1467e3c0>,13,12,[5 2],14,42,54,28,26
1,<environment.Job instance at 0x7f3f149f55f0>,17,2,[2 8],18,42,44,24,32
1,<environment.Job instance at 0x7f3f14740dc0>,22,14,[4 6],23,44,58,21,32
1,<environment.Job instance at 0x7f3eca7e26e0>,27,13,[1 7],28,58,71,30,44
1,<environment.Job instance at 0x7f3f149b2280>,31,18,[9 3],32,58,76,26,48
1,<environment.Job instance at 0x7f3f141716e0>,41,14,[1 7],42,71,85,29,65
1,<environment.Job instance at 0x7f3f14a7c820>,33,18,[8 3],34,76,94,42,74
1,<environment.Job instance at 0x7f3f14171460>,43,18,[2 6],44,85,103,41,74
1,<environment.Job instance at 0x7f3f14b7d1e0>,51,17,[9 5],52,103,120,51,91
1,<environment.Job instance at 0x7f3eca937550>,58,16,[8 1],59,120,136,61,120
1,<environment.Job instance at 0x7f3eca59d6e0>,61,14,[7 4],62,136,150,74,123
1,<environment.Job instance at 0x7f3eca59dc30>,62,12,[2 8],63,150,162,87,133
1,<environment.Job instance at 0x7f3eca318500>,69,16,[ 5 10],70,162,178,92,149
1,<environment.Job instance at 0x7f3eca518690>,81,2,[2 8],82,196,198,114,196
1,<environment.Job instance at 0x7f3eca8bae60>,0,2,[1 7],1,1,3,0,1
1,<environment.Job instance at 0x7f3f1495ea50>,2,17,[7 2],3,3,20,0,3
1,<environment.Job instance at 0x7f3eca0e0d70>,6,12,[ 4 10],7,20,32,13,7
1,<environment.Job instance at 0x7f3eca0e0f50>,7,14,[9 4],8,32,46,24,17
1,<environment.Job instance at 0x7f3eca7ba4b0>,19,1,[7 1],20,46,47,26,26
1,<environment.Job instance at 0x7f3eca7ba2d0>,20,16,[5 1],21,47,63,26,34
1,<environment.Job instance at 0x7f3eca7baaf0>,28,1,[3 8],29,46,47,17,45
1,<environment.Job instance at 0x7f3eca05faf0>,34,3,[7 2],35,70,73,35,70
1,<environment.Job instance at 0x7f3eca05f7d0>,37,16,[6 5],38,73,89,35,73
1,<environment.Job instance at 0x7f3eca05f9b0>,41,12,[7 5],42,89,101,47,75
1,<environment.Job instance at 0x7f3eca05f410>,45,17,[10  2],46,101,118,55,98
1,<environment.Job instance at 0x7f3eca05f690>,39,12,[ 5 10],40,118,130,78,102
1,<environment.Job instance at 0x7f3ec9ff88c0>,56,16,[4 8],57,130,146,73,117
1,<environment.Job instance at 0x7f3ec9ff80f0>,60,18,[7 4],61,146,164,85,135
1,<environment.Job instance at 0x7f3eca7ba6e0>,15,25,[8 3],16,164,189,148,161
1,<environment.Job instance at 0x7f3eca7956e0>,73,12,[ 1 10],74,189,201,115,178
1,<environment.Job instance at 0x7f3eca795f00>,77,14,[5 1],78,201,215,123,189
1,<environment.Job instance at 0x7f3ec9fe8640>,84,17,[7 5],85,215,232,130,207
1,<environment.Job instance at 0x7f3f14e57550>,0,3,[4 8],1,1,4,0,1
1,<environment.Job instance at 0x7f3ec9fe8b90>,1,1,[8 1],2,4,5,2,2
1,<environment.Job instance at 0x7f3eca0e0190>,2,2,[9 1],3,5,7,2,3
1,<environment.Job instance at 0x7f3ec9fe82d0>,6,14,[2 9],7,7,21,0,7
1,<environment.Job instance at 0x7f3f1411d7d0>,8,15,[4 7],9,21,36,12,9
1,<environment.Job instance at 0x7f3f141fb690>,9,13,[3 7],10,36,49,26,20
1,<environment.Job instance at 0x7f3eca6f7320>,20,14,[6 3],21,35,49,14,35
1,<environment.Job instance at 0x7f3eca3e07d0>,21,16,[9 2],22,49,65,27,38
1,<environment.Job instance at 0x7f3eca6fa0a0>,25,16,[7 4],26,65,81,39,52
1,<environment.Job instance at 0x7f3eca6fabe0>,33,15,[7 1],34,81,96,47,70
1,<environment.Job instance at 0x7f3eca6df0a0>,40,13,[5 2],41,115,128,74,115
1,<environment.Job instance at 0x7f3eca6d4f50>,47,12,[6 5],48,146,158,98,146
1,<environment.Job instance at 0x7f3eca6f6a00>,54,12,[ 2 10],55,158,170,103,149
1,<environment.Job instance at 0x7f3f142d1fa0>,56,1,[8 2],57,170,171,113,149
1,<environment.Job instance at 0x7f3f146e0820>,62,13,[5 1],63,177,190,114,177
1,<environment.Job instance at 0x7f3f146e01e0>,64,1,[1 8],65,177,178,112,177
1,<environment.Job instance at 0x7f3f146e0dc0>,66,3,[10  3],67,190,193,123,178
1,<environment.Job instance at 0x7f3f146e0050>,67,13,[6 5],68,193,206,125,180
1,<environment.Job instance at 0x7f3f146e00f0>,69,14,[2 5],70,193,207,123,191
1,<environment.Job instance at 0x7f3f146ef910>,75,14,[ 2 10],76,207,221,131,194
1,<environment.Job instance at 0x7f3f146efdc0>,76,12,[5 5],77,221,233,144,204
1,<environment.Job instance at 0x7f3f146ef410>,77,18,[3 5],78,221,239,143,210
1,<environment.Job instance at 0x7f3eca862c30>,0,18,[ 4 10],1,1,19,0,1
1,<environment.Job instance at 0x7f3f14d94b90>,1,2,[5 5],2,19,21,17,2
1,<environment.Job instance at 0x7f3eca6d7050>,2,3,[6 3],3,21,24,18,3
1,<environment.Job instance at 0x7f3f14ab5960>,9,12,[2 8],10,24,36,14,10
1,<environment.Job instance at 0x7f3eca1f7640>,12,14,[5 8],13,36,50,23,21
1,<environment.Job instance at 0x7f3eca9ccbe0>,15,15,[5 2],16,24,39,8,21
1,<environment.Job instance at 0x7f3eca6fa230>,5,1,[8 1],6,50,51,44,27
1,<environment.Job instance at 0x7f3f14aa95a0>,17,1,[3 5],18,51,52,33,28
1,<environment.Job instance at 0x7f3f14aa92d0>,19,1,[3 8],20,52,53,32,28
1,<environment.Job instance at 0x7f3f14aa9cd0>,20,16,[6 1],21,51,67,30,39
1,<environment.Job instance at 0x7f3f14a65eb0>,24,1,[7 5],25,67,68,42,49
1,<environment.Job instance at 0x7f3f14a65cd0>,26,15,[6 2],27,68,83,41,54
1,<environment.Job instance at 0x7f3f14a65e60>,31,12,[3 5],32,63,75,31,63
1,<environment.Job instance at 0x7f3f142bacd0>,40,18,[5 4],41,83,101,42,82
1,<environment.Job instance at 0x7f3f14c1da50>,41,15,[7 5],42,101,116,59,87
1,<environment.Job instance at 0x7f3f14c1d820>,48,13,[1 5],49,117,130,68,117
1,<environment.Job instance at 0x7f3f14c1d870>,50,3,[4 8],51,130,133,79,121
1,<environment.Job instance at 0x7f3f14dbcb40>,51,18,[5 5],52,133,151,81,123
1,<environment.Job instance at 0x7f3f14dbc280>,55,14,[6 2],56,151,165,95,136
1,<environment.Job instance at 0x7f3f14dbc6e0>,56,18,[3 7],57,151,169,94,146
1,<environment.Job instance at 0x7f3f14dbc5f0>,59,2,[5 2],60,146,148,86,146
1,<environment.Job instance at 0x7f3f1489dc80>,63,17,[ 1 10],64,169,186,105,157
1,<environment.Job instance at 0x7f3eca735820>,66,18,[9 4],67,186,204,119,176
1,<environment.Job instance at 0x7f3f14fede10>,75,12,[2 9],76,204,216,128,192
1,<environment.Job instance at 0x7f3f141f0910>,80,13,[10  1],81,216,229,135,200
1,<environment.Job instance at 0x7f3eca52be60>,85,16,[7 5],86,229,245,143,216
1,<environment.Job instance at 0x7f3f143cdb40>,0,16,[9 1],1,3,19,2,3
1,<environment.Job instance at 0x7f3eca0b7f00>,2,3,[8 5],3,19,22,16,4
1,<environment.Job instance at 0x7f3eca118140>,11,2,[3 5],12,22,24,10,12
1,<environment.Job instance at 0x7f3eca118cd0>,13,12,[10  4],14,24,36,10,14
1,<environment.Job instance at 0x7f3eca118a00>,14,17,[4 7],15,36,53,21,24
1,<environment.Job instance at 0x7f3eca118d20>,22,14,[6 2],23,36,50,13,30
1,<environment.Job instance at 0x7f3eca118be0>,16,14,[3 5],17,53,67,36,43
1,<environment.Job instance at 0x7f3eca06c500>,24,18,[10  3],25,67,85,42,56
1,<environment.Job instance at 0x7f3eca06cc30>,28,3,[5 3],29,85,88,56,70
1,<environment.Job instance at 0x7f3eca06c3c0>,38,15,[1 9],39,88,103,49,74
1,<environment.Job instance at 0x7f3eca69fcd0>,47,3,[5 5],48,109,112,61,109
1,<environment.Job instance at 0x7f3eca69f280>,50,16,[6 5],51,112,128,61,109
1,<environment.Job instance at 0x7f3eca69f910>,53,16,[3 5],54,111,127,57,111
1,<environment.Job instance at 0x7f3eca69f8c0>,55,16,[1 6],56,128,144,72,115
1,<environment.Job instance at 0x7f3eca69ffa0>,56,13,[1 5],57,144,157,87,128
1,<environment.Job instance at 0x7f3eca69fe10>,58,15,[5 6],59,157,172,98,143
1,<environment.Job instance at 0x7f3f14119f50>,66,13,[4 7],67,172,185,105,157
1,<environment.Job instance at 0x7f3f14abadc0>,73,19,[8 3],74,185,204,111,185
1,<environment.Job instance at 0x7f3f14abaaf0>,75,15,[9 3],76,204,219,128,190
1,<environment.Job instance at 0x7f3f14aba910>,78,18,[6 5],79,219,237,140,208
1,<environment.Job instance at 0x7f3f143cd780>,0,15,[5 2],1,1,16,0,1
1,<environment.Job instance at 0x7f3eca691f00>,4,14,[7 3],5,16,30,11,5
1,<environment.Job instance at 0x7f3eca468dc0>,10,13,[8 3],11,30,43,19,14
1,<environment.Job instance at 0x7f3eca4680f0>,14,13,[ 2 10],15,43,56,28,27
1,<environment.Job instance at 0x7f3eca1b8d20>,2,1,[2 8],3,56,57,53,32
1,<environment.Job instance at 0x7f3eca8bdd70>,26,18,[7 3],27,61,79,34,61
1,<environment.Job instance at 0x7f3f14a0faf0>,35,14,[6 3],36,79,93,43,79
1,<environment.Job instance at 0x7f3eca8bd230>,29,18,[8 1],30,94,112,64,94
1,<environment.Job instance at 0x7f3f14a0fa50>,43,13,[8 3],44,112,125,68,98
1,<environment.Job instance at 0x7f3f14a0f190>,44,13,[6 4],45,125,138,80,112
1,<environment.Job instance at 0x7f3f14a3ddc0>,52,16,[7 3],53,140,156,87,140
1,<environment.Job instance at 0x7f3f14a28280>,71,16,[7 1],72,210,226,138,210
1,<environment.Job instance at 0x7f3f14a28c80>,72,13,[4 9],73,226,239,153,210
1,<environment.Job instance at 0x7fa2a4654230>,0,13,[9 3],1,1,14,0,1
1,<environment.Job instance at 0x7fa29d245230>,3,3,[4 8],4,14,17,10,4
1,<environment.Job instance at 0x7fa29d2451e0>,4,14,[1 6],5,17,31,12,5
1,<environment.Job instance at 0x7fa29d2454b0>,5,2,[1 5],6,6,8,0,6
1,<environment.Job instance at 0x7fa29d245c80>,14,13,[7 3],15,22,35,7,22
1,<environment.Job instance at 0x7fa29d245cd0>,15,18,[2 8],16,35,53,19,30
1,<environment.Job instance at 0x7fa29d245d70>,16,16,[3 5],17,53,69,36,40
1,<environment.Job instance at 0x7fa29d245f50>,19,14,[3 5],20,53,67,33,40
1,<environment.Job instance at 0x7fa29d248640>,27,15,[8 4],28,69,84,41,55
1,<environment.Job instance at 0x7fa29d2485a0>,30,14,[5 2],31,84,98,53,69
1,<environment.Job instance at 0x7fa29d248870>,31,14,[2 5],32,69,83,37,69
1,<environment.Job instance at 0x7fa29d245550>,10,12,[3 7],11,84,96,73,69
1,<environment.Job instance at 0x7fa29d24c4b0>,43,18,[5 5],44,96,114,52,92
1,<environment.Job instance at 0x7fa29d24c5f0>,45,13,[6 5],46,114,127,68,100
1,<environment.Job instance at 0x7fa29d24c870>,49,16,[2 5],50,111,127,61,111
1,<environment.Job instance at 0x7fa29d24d280>,56,17,[8 5],57,138,155,81,138
1,<environment.Job instance at 0x7fa29d24d3c0>,58,14,[2 7],59,155,169,96,140
1,<environment.Job instance at 0x7fa29d24d780>,64,18,[2 9],65,169,187,104,163
1,<environment.Job instance at 0x7fa29d24dc80>,73,13,[6 3],74,195,208,121,195
1,<environment.Job instance at 0x7fa29d25f230>,4,12,[3 8],5,5,17,0,5
1,<environment.Job instance at 0x7fa29d260460>,6,14,[5 5],7,17,31,10,7
1,<environment.Job instance at 0x7fa29d266190>,11,14,[1 6],12,31,45,19,17
1,<environment.Job instance at 0x7fa29d266280>,14,3,[9 2],15,31,34,16,17
1,<environment.Job instance at 0x7fa259646550>,24,16,[7 2],25,34,50,9,27
1,<environment.Job instance at 0x7fa259646460>,26,12,[ 3 10],27,50,62,23,35
1,<environment.Job instance at 0x7fa259644f00>,37,16,[9 2],38,62,78,24,49
1,<environment.Job instance at 0x7fa2596b9d70>,48,18,[6 3],49,78,96,29,75
1,<environment.Job instance at 0x7fa2597b2050>,54,16,[7 5],55,99,115,44,99
1,<environment.Job instance at 0x7fa25965c690>,58,18,[4 6],59,115,133,56,108
1,<environment.Job instance at 0x7fa259641aa0>,42,20,[1 7],43,135,155,92,135
1,<environment.Job instance at 0x7fa2597852d0>,67,17,[5 2],68,149,166,81,149
1,<environment.Job instance at 0x7fa25972f820>,74,12,[7 2],75,166,178,91,149
1,<environment.Job instance at 0x7fa2597c5b40>,76,3,[8 4],77,178,181,101,152
1,<environment.Job instance at 0x7fa2597bfc30>,78,15,[3 6],79,161,176,82,161
1,<environment.Job instance at 0x7fa259821960>,80,17,[2 6],81,176,193,95,164
1,<environment.Job instance at 0x7fa29d25fd20>,0,14,[7 5],1,1,15,0,1
1,<environment.Job instance at 0x7fa25950ba00>,6,3,[6 3],7,15,18,8,9
1,<environment.Job instance at 0x7fa2a467d820>,14,17,[7 2],15,18,35,3,15
1,<environment.Job instance at 0x7fa2a467d230>,19,17,[8 1],20,35,52,15,23
1,<environment.Job instance at 0x7fa2a467daf0>,17,15,[2 9],18,46,61,28,46
1,<environment.Job instance at 0x7fa29cfc4730>,30,18,[3 5],31,61,79,30,54
1,<environment.Job instance at 0x7fa2a3a570a0>,39,15,[10  2],40,79,94,39,68
1,<environment.Job instance at 0x7fa29d47beb0>,40,13,[5 6],41,94,107,53,78
1,<environment.Job instance at 0x7fa29d47bf50>,43,13,[4 9],44,107,120,63,91
1,<environment.Job instance at 0x7fa2594e9e10>,56,3,[ 3 10],57,120,123,63,109
1,<environment.Job instance at 0x7fa2594e9960>,57,2,[10  4],58,123,125,65,109
1,<environment.Job instance at 0x7fa2594e9550>,58,16,[6 3],59,125,141,66,112
1,<environment.Job instance at 0x7fa2594e95a0>,60,18,[4 7],61,125,143,64,121
1,<environment.Job instance at 0x7fa2594e9c30>,61,14,[1 5],62,143,157,81,128
1,<environment.Job instance at 0x7fa29d4a8280>,68,15,[8 5],69,143,158,74,135
1,<environment.Job instance at 0x7fa29d747780>,71,3,[9 3],72,158,161,86,140
1,<environment.Job instance at 0x7fa259512230>,78,17,[7 4],79,174,191,95,174
1,<environment.Job instance at 0x7fa259512aa0>,80,12,[8 5],81,191,203,110,181
1,<environment.Job instance at 0x7fa2595125f0>,82,18,[6 3],83,203,221,120,192
1,<environment.Job instance at 0x7fa25951fb40>,90,15,[7 5],91,221,236,130,211
1,<environment.Job instance at 0x7fa25971e870>,0,15,[1 6],1,1,16,0,1
1,<environment.Job instance at 0x7fa25971e0a0>,2,18,[5 5],3,16,34,13,5
1,<environment.Job instance at 0x7fa259b27f00>,7,14,[6 2],8,34,48,26,20
1,<environment.Job instance at 0x7fa29d34b190>,14,12,[6 5],15,48,60,33,31
1,<environment.Job instance at 0x7fa2a467fa50>,20,3,[4 8],21,37,40,16,37
1,<environment.Job instance at 0x7fa2a467fe10>,21,1,[10  2],22,60,61,38,38
1,<environment.Job instance at 0x7fa29d3070a0>,22,3,[9 1],23,61,64,38,39
1,<environment.Job instance at 0x7fa29d3078c0>,23,2,[ 4 10],24,64,66,40,39
1,<environment.Job instance at 0x7fa29d365dc0>,25,1,[8 2],26,66,67,40,39
1,<environment.Job instance at 0x7fa29d287960>,31,13,[1 7],32,66,79,34,53
1,<environment.Job instance at 0x7fa29d3503c0>,35,3,[8 5],36,79,82,43,54
1,<environment.Job instance at 0x7fa29d350320>,36,12,[7 1],37,67,79,30,54
1,<environment.Job instance at 0x7fa29d32f050>,15,2,[4 7],16,82,84,66,59
1,<environment.Job instance at 0x7fa29d4836e0>,17,12,[ 4 10],18,84,96,66,67
1,<environment.Job instance at 0x7fa29d666a50>,40,14,[6 4],41,96,110,55,82
1,<environment.Job instance at 0x7fa29d666780>,51,3,[5 5],52,110,113,58,85
1,<environment.Job instance at 0x7fa29d666dc0>,52,13,[1 5],53,96,109,43,85
1,<environment.Job instance at 0x7fa29d666e60>,56,2,[3 9],57,113,115,56,92
1,<environment.Job instance at 0x7fa2a3b96eb0>,57,2,[7 2],58,115,117,57,92
1,<environment.Job instance at 0x7fa29d6f2a50>,63,1,[7 2],64,117,118,53,116
1,<environment.Job instance at 0x7fa29d6f25a0>,64,15,[10  3],65,118,133,53,117
1,<environment.Job instance at 0x7fa29d6f2dc0>,69,17,[5 9],70,133,150,63,131
1,<environment.Job instance at 0x7fa29d6f2e10>,70,15,[4 5],71,150,165,79,136
1,<environment.Job instance at 0x7fa29d3fea50>,73,17,[8 5],74,165,182,91,157
1,<environment.Job instance at 0x7fa29d2b86e0>,78,16,[ 5 10],79,182,198,103,169
1,<environment.Job instance at 0x7fa29d2b8870>,79,18,[7 3],80,198,216,118,187
1,<environment.Job instance at 0x7fa29d34bf50>,0,1,[5 4],1,1,2,0,1
1,<environment.Job instance at 0x7fa2599df730>,1,18,[4 8],2,2,20,0,2
1,<environment.Job instance at 0x7fa2a467ee10>,6,15,[ 5 10],7,20,35,13,7
1,<environment.Job instance at 0x7fa29d54cc30>,9,14,[9 5],10,35,49,25,20
1,<environment.Job instance at 0x7fa2a3a38a50>,15,1,[10  1],16,49,50,33,34
1,<environment.Job instance at 0x7fa2a3a38730>,17,15,[ 5 10],18,50,65,32,40
1,<environment.Job instance at 0x7fa29d686690>,25,16,[4 6],26,65,81,39,52
1,<environment.Job instance at 0x7fa29d686050>,23,2,[2 5],24,81,83,57,69
1,<environment.Job instance at 0x7fa259947e60>,33,18,[ 5 10],34,83,101,49,72
1,<environment.Job instance at 0x7fa29d1d6e60>,36,18,[4 6],37,101,119,64,90
1,<environment.Job instance at 0x7fa2a3c9e190>,39,12,[5 7],40,119,131,79,102
1,<environment.Job instance at 0x7fa25992eeb0>,44,17,[3 6],45,131,148,86,119
1,<environment.Job instance at 0x7fa25992ec80>,47,16,[1 5],48,148,164,100,135
1,<environment.Job instance at 0x7fa25991bd70>,50,13,[9 3],51,148,161,97,135
1,<environment.Job instance at 0x7fa25991bfa0>,53,13,[6 5],54,161,174,107,145
1,<environment.Job instance at 0x7fa2599226e0>,55,15,[9 1],56,174,189,118,160
1,<environment.Job instance at 0x7fa259922690>,62,17,[1 7],63,174,191,111,173
1,<environment.Job instance at 0x7fa259922b90>,63,17,[6 4],64,191,208,127,179
1,<environment.Job instance at 0x7fa259922c80>,65,16,[1 6],66,191,207,125,180
1,<environment.Job instance at 0x7fa2599230a0>,72,2,[5 7],73,208,210,135,204
1,<environment.Job instance at 0x7fa259923050>,73,12,[4 9],74,210,222,136,210
1,<environment.Job instance at 0x7fa25991cb90>,75,3,[1 6],76,222,225,146,216
1,<environment.Job instance at 0x7fa25991c780>,77,1,[5 7],78,225,226,147,216
1,<environment.Job instance at 0x7fa25991c140>,78,16,[2 7],79,226,242,147,221
1,<environment.Job instance at 0x7fa2a3f34a00>,0,1,[4 5],1,1,2,0,1
1,<environment.Job instance at 0x7fa2a3f348c0>,1,16,[5 3],2,2,18,0,2
1,<environment.Job instance at 0x7fa2a3f34460>,4,1,[5 4],5,5,6,0,5
1,<environment.Job instance at 0x7fa2a3f34fa0>,12,2,[4 5],13,13,15,0,13
1,<environment.Job instance at 0x7fa2a3f34be0>,13,14,[5 5],14,15,29,1,14
1,<environment.Job instance at 0x7fa25983a140>,14,12,[7 4],15,29,41,14,15
1,<environment.Job instance at 0x7fa25983a5a0>,24,12,[1 8],25,41,53,16,33
1,<environment.Job instance at 0x7fa25983ae60>,26,13,[9 5],27,53,66,26,39
1,<environment.Job instance at 0x7fa25983ab40>,28,14,[ 4 10],29,66,80,37,55
1,<environment.Job instance at 0x7fa25983a460>,29,13,[7 5],30,80,93,50,64
1,<environment.Job instance at 0x7fa25982aaa0>,39,15,[8 5],40,93,108,53,79
1,<environment.Job instance at 0x7fa25982a690>,41,13,[9 4],42,108,121,66,92
1,<environment.Job instance at 0x7fa25982a820>,47,16,[7 2],48,121,137,73,108
1,<environment.Job instance at 0x7fa25982a230>,45,1,[5 2],46,137,138,91,121
1,<environment.Job instance at 0x7fa2a3b32370>,52,14,[9 3],53,138,152,85,123
1,<environment.Job instance at 0x7fa2a3b32cd0>,53,2,[2 7],54,152,154,98,140
1,<environment.Job instance at 0x7fa2a3b4cb40>,65,17,[10  3],66,154,171,88,142
1,<environment.Job instance at 0x7fa2a3b4c320>,67,16,[8 4],68,171,187,103,158
1,<environment.Job instance at 0x7fa2a3b4cbe0>,70,17,[8 4],71,187,204,116,175
1,<environment.Job instance at 0x7fa2a3b4c780>,73,13,[8 3],74,204,217,130,188
1,<environment.Job instance at 0x7fa2a3f53aa0>,78,14,[9 5],79,217,231,138,202
1,<environment.Job instance at 0x7fa2598c3c80>,84,17,[4 7],85,231,248,146,219
1,<environment.Job instance at 0x7fa29d38bc30>,0,1,[10  3],1,1,2,0,1
1,<environment.Job instance at 0x7fa29d38bd20>,1,14,[1 5],2,2,16,0,2
1,<environment.Job instance at 0x7fa29d23f190>,2,17,[5 1],3,3,20,0,3
1,<environment.Job instance at 0x7fa2a3f05140>,5,12,[8 3],6,20,32,14,6
1,<environment.Job instance at 0x7fa29d2fca00>,7,17,[5 5],8,32,49,24,20
1,<environment.Job instance at 0x7fa29d1e8870>,12,17,[1 5],13,20,37,7,20
1,<environment.Job instance at 0x7fa2a3bd71e0>,21,14,[8 4],22,75,89,53,75
1,<environment.Job instance at 0x7fa2a3bd7960>,23,3,[1 6],24,77,80,53,77
1,<environment.Job instance at 0x7fa2a3ad0b90>,24,16,[8 1],25,89,105,64,77
1,<environment.Job instance at 0x7fa29d131230>,30,12,[2 6],31,82,94,51,82
1,<environment.Job instance at 0x7fa2a3ced5a0>,28,19,[2 7],29,94,113,65,93
1,<environment.Job instance at 0x7fa2596ab4b0>,33,3,[7 2],34,105,108,71,93
1,<environment.Job instance at 0x7fa29d7669b0>,38,17,[7 5],39,113,130,74,101
1,<environment.Job instance at 0x7fa29d7668c0>,41,16,[2 5],42,113,129,71,109
1,<environment.Job instance at 0x7fa29d7664b0>,43,16,[1 5],44,129,145,85,116
1,<environment.Job instance at 0x7fa2a401d0f0>,48,2,[7 5],49,151,153,102,151
1,<environment.Job instance at 0x7fa29d1a25f0>,50,18,[4 5],51,153,171,102,151
1,<environment.Job instance at 0x7fa2596e1e10>,51,18,[4 9],52,171,189,119,160
1,<environment.Job instance at 0x7fa2596e17d0>,55,14,[ 3 10],56,189,203,133,174
1,<environment.Job instance at 0x7fa2596e1fa0>,58,12,[1 9],59,203,215,144,186
1,<environment.Job instance at 0x7fa29d50ca50>,69,17,[9 1],70,204,221,134,204
1,<environment.Job instance at 0x7fa2a3a86230>,74,15,[5 3],75,221,236,146,219
1,<environment.Job instance at 0x7fa29d2a99b0>,75,15,[8 3],76,236,251,160,222
1,<environment.Job instance at 0x7fa29d4b9b40>,12,3,[2 6],13,22,25,9,22
1,<environment.Job instance at 0x7fa2a3c30280>,13,12,[4 8],14,25,37,11,22
1,<environment.Job instance at 0x7fa29d50cb90>,16,15,[4 7],17,37,52,20,23
1,<environment.Job instance at 0x7fa259567640>,25,13,[3 7],26,53,66,27,53
1,<environment.Job instance at 0x7fa259567af0>,30,17,[5 9],31,81,98,50,81
1,<environment.Job instance at 0x7fa2596d7190>,40,13,[7 3],41,98,111,57,97
1,<environment.Job instance at 0x7fa2596d7370>,43,1,[5 5],44,111,112,67,98
1,<environment.Job instance at 0x7fa2596d7410>,44,18,[ 2 10],45,112,130,67,101
1,<environment.Job instance at 0x7fa259567d70>,34,14,[9 5],35,130,144,95,119
1,<environment.Job instance at 0x7fa2596d7910>,49,1,[6 1],50,144,145,94,124
1,<environment.Job instance at 0x7fa2596d7c30>,52,16,[6 2],53,145,161,92,132
1,<environment.Job instance at 0x7fa2596d7be0>,54,15,[2 5],55,146,161,91,146
1,<environment.Job instance at 0x7fa2596d55a0>,65,14,[5 9],66,173,187,107,173
1,<environment.Job instance at 0x7fa2596d51e0>,66,15,[2 7],67,187,202,120,173
1,<environment.Job instance at 0x7fa2596d55f0>,67,16,[3 5],68,202,218,134,190
1,<environment.Job instance at 0x7fa2596d53c0>,64,14,[7 4],65,202,216,137,201
1,<environment.Job instance at 0x7fa2596d5780>,72,18,[5 6],73,218,236,145,207
1,<environment.Job instance at 0x7fa2596ccdc0>,1,1,[5 1],2,2,3,0,2
1,<environment.Job instance at 0x7fa2596d7640>,2,2,[5 7],3,3,5,0,3
1,<environment.Job instance at 0x7fa2a42125f0>,4,13,[10  5],5,5,18,0,5
1,<environment.Job instance at 0x7fa29d2cabe0>,7,17,[1 7],8,18,35,10,8
1,<environment.Job instance at 0x7fa29d2ca320>,11,16,[2 6],12,35,51,23,22
1,<environment.Job instance at 0x7fa2a3c5bb90>,19,3,[3 5],20,51,54,31,25
1,<environment.Job instance at 0x7fa2a3ca1a00>,20,3,[2 6],21,54,57,33,28
1,<environment.Job instance at 0x7fa2a3ca1cd0>,24,13,[2 8],25,57,70,32,51
1,<environment.Job instance at 0x7fa29d03d6e0>,27,12,[2 5],28,70,82,42,54
1,<environment.Job instance at 0x7fa29d743280>,41,12,[7 4],42,70,82,28,69
1,<environment.Job instance at 0x7fa259509190>,42,18,[7 3],43,82,100,39,72
1,<environment.Job instance at 0x7fa29d365f00>,45,16,[5 7],46,100,116,54,87
1,<environment.Job instance at 0x7fa29d761500>,47,16,[3 5],48,116,132,68,105
1,<environment.Job instance at 0x7fa2a3f5eaf0>,51,12,[7 5],52,116,128,64,107
1,<environment.Job instance at 0x7fa2a3f5e780>,52,12,[5 4],53,128,140,75,111
1,<environment.Job instance at 0x7fa2a3f5e9b0>,54,17,[5 6],55,132,149,77,120
1,<environment.Job instance at 0x7fa25989a8c0>,66,13,[ 1 10],67,149,162,82,145
1,<environment.Job instance at 0x7fa25989a2d0>,67,14,[9 3],68,162,176,94,153
1,<environment.Job instance at 0x7fa25989ac80>,72,16,[6 3],73,176,192,103,163
1,<environment.Job instance at 0x7fa2a3b16b40>,77,15,[6 1],78,192,207,114,178
1,<environment.Job instance at 0x7fa2a48d61e0>,1,12,[7 5],2,2,14,0,2
1,<environment.Job instance at 0x7fa29d1d3910>,6,14,[3 9],7,15,29,8,15
1,<environment.Job instance at 0x7fa259828190>,18,14,[7 3],19,29,43,10,19
1,<environment.Job instance at 0x7fa29d02f7d0>,20,12,[3 8],21,43,55,22,29
1,<environment.Job instance at 0x7fa2598288c0>,14,3,[6 1],15,43,46,28,31
1,<environment.Job instance at 0x7fa29d056a00>,24,18,[6 3],25,55,73,30,44
1,<environment.Job instance at 0x7fa259bbc7d0>,27,16,[2 6],28,55,71,27,44
1,<environment.Job instance at 0x7fa2596514b0>,25,23,[7 4],26,73,96,47,70
1,<environment.Job instance at 0x7fa29d0c3500>,34,1,[9 2],35,96,97,61,78
1,<environment.Job instance at 0x7fa25979b230>,39,3,[2 9],40,103,106,63,103
1,<environment.Job instance at 0x7fa25979b690>,41,16,[8 5],42,106,122,64,106
1,<environment.Job instance at 0x7fa25979b780>,44,17,[5 7],45,124,141,79,124
1,<environment.Job instance at 0x7fa29d315730>,50,12,[6 1],51,141,153,90,129
1,<environment.Job instance at 0x7fa29d02b730>,55,15,[8 2],56,153,168,97,139
1,<environment.Job instance at 0x7fa2a3be0960>,61,18,[6 1],62,168,186,106,157
1,<environment.Job instance at 0x7fa29d6f26e0>,66,12,[3 5],67,168,180,101,161
1,<environment.Job instance at 0x7fa25981f7d0>,68,12,[3 5],69,180,192,111,163
1,<environment.Job instance at 0x7fa259b40c30>,79,18,[5 2],80,201,219,121,201
1,<environment.Job instance at 0x7fa2598264b0>,82,13,[9 4],83,219,232,136,205
1,<environment.Job instance at 0x7fa29d1d34b0>,0,12,[9 2],1,1,13,0,1
1,<environment.Job instance at 0x7fa29d456780>,3,13,[7 3],4,13,26,9,4
1,<environment.Job instance at 0x7fa2a3e2ac80>,21,12,[4 6],22,35,47,13,35
1,<environment.Job instance at 0x7fa2a3e2ad20>,22,18,[10  3],23,47,65,24,40
1,<environment.Job instance at 0x7fa2a3e2af00>,27,18,[3 8],28,69,87,41,69
1,<environment.Job instance at 0x7fa2a3e313c0>,32,13,[3 6],33,87,100,54,75
1,<environment.Job instance at 0x7fa2a3e315a0>,33,17,[7 2],34,84,101,50,84
1,<environment.Job instance at 0x7fa2a3e31aa0>,38,2,[6 2],39,101,103,62,84
1,<environment.Job instance at 0x7fa2a3e31b40>,39,17,[6 3],40,103,120,63,91
1,<environment.Job instance at 0x7fa2a3e31dc0>,42,18,[1 6],43,100,118,57,95
1,<environment.Job instance at 0x7fa2a3e31690>,46,13,[4 6],47,118,131,71,113
1,<environment.Job instance at 0x7fa2a3e31e60>,43,17,[10  3],44,131,148,87,119
1,<environment.Job instance at 0x7fa25962ac30>,61,12,[10  1],62,148,160,86,148
1,<environment.Job instance at 0x7fa25962ac80>,62,16,[7 1],63,160,176,97,148
1,<environment.Job instance at 0x7fa25962afa0>,67,18,[4 5],68,176,194,108,166
1,<environment.Job instance at 0x7fa25962af50>,68,15,[5 4],69,176,191,107,166
1,<environment.Job instance at 0x7fa259640230>,73,18,[1 8],74,194,212,120,183
1,<environment.Job instance at 0x7fa2596406e0>,76,15,[8 5],77,212,227,135,198
1,<environment.Job instance at 0x7fa259640960>,81,2,[5 3],82,227,229,145,211
1,<environment.Job instance at 0x7fa259640190>,83,12,[9 4],84,229,241,145,212
1,<environment.Job instance at 0x7fa2a3c7b0a0>,0,13,[1 8],1,1,14,0,1
1,<environment.Job instance at 0x7fa259640e10>,1,13,[8 2],2,2,15,0,2
1,<environment.Job instance at 0x7fa29d0563c0>,8,13,[5 4],9,15,28,6,10
1,<environment.Job instance at 0x7fa2a46541e0>,15,17,[4 6],16,16,33,0,16
1,<environment.Job instance at 0x7fa2a3f985a0>,23,14,[5 4],24,28,42,4,27
1,<environment.Job instance at 0x7fa2a408fc80>,24,15,[7 5],25,42,57,17,29
1,<environment.Job instance at 0x7fa2a408f820>,26,15,[5 5],27,57,72,30,46
1,<environment.Job instance at 0x7fa2a408fcd0>,28,12,[3 7],29,72,84,43,60
1,<environment.Job instance at 0x7fa2a3d8e910>,41,12,[6 3],42,90,102,48,90
1,<environment.Job instance at 0x7fa2a3d8ed70>,42,16,[5 3],43,102,118,59,90
1,<environment.Job instance at 0x7fa2a3d8e050>,47,12,[ 2 10],48,118,130,70,106
1,<environment.Job instance at 0x7fa29d0e5230>,51,14,[ 5 10],52,130,144,78,125
1,<environment.Job instance at 0x7fa29d0e5410>,53,14,[5 7],54,144,158,90,134
1,<environment.Job instance at 0x7fa29d0e5370>,59,16,[1 8],60,158,174,98,152
1,<environment.Job instance at 0x7fa29d315f50>,66,16,[6 2],67,168,184,101,168
1,<environment.Job instance at 0x7fa29d3158c0>,71,16,[1 7],72,174,190,102,170
1,<environment.Job instance at 0x7fa2a458acd0>,75,17,[9 1],76,193,210,117,193
1,<environment.Job instance at 0x7fa29d23d6e0>,79,18,[5 3],80,210,228,130,200
1,<environment.Job instance at 0x7fa2a458ae60>,0,18,[3 7],1,1,19,0,1
1,<environment.Job instance at 0x7fa2a3ad1500>,3,13,[8 4],4,19,32,15,4
1,<environment.Job instance at 0x7fa29d6923c0>,21,3,[7 4],22,47,50,25,47
1,<environment.Job instance at 0x7fa29d2e11e0>,14,22,[7 4],15,64,86,49,64
1,<environment.Job instance at 0x7fa25964db90>,38,17,[3 8],39,86,103,47,75
1,<environment.Job instance at 0x7fa25964de60>,41,12,[6 4],42,103,115,61,86
1,<environment.Job instance at 0x7fa2a3ac60f0>,44,16,[9 1],45,115,131,70,102
1,<environment.Job instance at 0x7fa2a3ac6140>,48,14,[7 1],49,131,145,82,116
1,<environment.Job instance at 0x7fa29d2e1370>,12,18,[1 5],13,122,140,109,122
1,<environment.Job instance at 0x7fa2a3ac6cd0>,50,2,[4 5],51,145,147,94,129
1,<environment.Job instance at 0x7fa2a3ac6d20>,52,17,[9 3],53,147,164,94,135
1,<environment.Job instance at 0x7fa2a3ac6dc0>,53,3,[2 8],54,164,167,110,143
1,<environment.Job instance at 0x7fa29d4e94b0>,24,16,[9 5],25,167,183,142,154
1,<environment.Job instance at 0x7fa259ac9140>,71,13,[4 5],72,183,196,111,168
1,<environment.Job instance at 0x7fa259ac9690>,77,13,[5 5],78,186,199,108,186
1,<environment.Job instance at 0x7fa259ac9230>,82,14,[9 2],83,199,213,116,193
1,<environment.Job instance at 0x7fa2a3efbb40>,88,15,[5 3],89,213,228,124,199
1,<environment.Job instance at 0x7fa29d0c3370>,0,1,[10  3],1,1,2,0,1
1,<environment.Job instance at 0x7fa2a3f27190>,1,2,[2 5],2,2,4,0,2
1,<environment.Job instance at 0x7fa2a3ac6960>,2,2,[3 9],3,4,6,1,3
1,<environment.Job instance at 0x7fa2a458ab40>,6,1,[6 2],7,7,8,0,7
1,<environment.Job instance at 0x7fa259b09190>,7,17,[2 8],8,8,25,0,8
1,<environment.Job instance at 0x7fa2a3b3c320>,15,14,[5 5],16,25,39,9,16
1,<environment.Job instance at 0x7fa259428a00>,21,16,[5 1],22,25,41,3,25
1,<environment.Job instance at 0x7fa2a3bea410>,13,15,[4 8],14,39,54,25,30
1,<environment.Job instance at 0x7fa25942d0a0>,27,14,[6 2],28,42,56,14,42
1,<environment.Job instance at 0x7fa259428b90>,23,17,[7 4],24,56,73,32,45
1,<environment.Job instance at 0x7fa2594317d0>,37,17,[9 5],38,73,90,35,68
1,<environment.Job instance at 0x7fa259417eb0>,39,14,[ 1 10],40,90,104,50,79
1,<environment.Job instance at 0x7fa2594170a0>,41,3,[ 1 10],42,104,107,62,79
1,<environment.Job instance at 0x7fa2595463c0>,44,16,[10  5],45,107,123,62,94
1,<environment.Job instance at 0x7fa259546320>,48,12,[1 5],49,123,135,74,106
1,<environment.Job instance at 0x7fa259548d20>,49,12,[8 1],50,123,135,73,106
1,<environment.Job instance at 0x7fa25952ba00>,59,17,[2 5],60,135,152,75,128
1,<environment.Job instance at 0x7fa29d761c30>,61,18,[4 5],62,135,153,73,130
1,<environment.Job instance at 0x7fa2a3b41320>,62,13,[5 5],63,152,165,89,136
1,<environment.Job instance at 0x7fa2599ec910>,70,15,[5 5],71,153,168,82,148
1,<environment.Job instance at 0x7fa2a3b58a00>,77,13,[1 7],78,192,205,114,192
1,<environment.Job instance at 0x7fa29d5675a0>,81,18,[9 3],82,192,210,110,192
1,<environment.Job instance at 0x7fa29d567140>,85,15,[2 7],86,210,225,124,200
1,<environment.Job instance at 0x7fa29d5ae5f0>,3,1,[5 3],4,4,5,0,4
1,<environment.Job instance at 0x7fa2a4087dc0>,4,2,[2 7],5,5,7,0,5
1,<environment.Job instance at 0x7fa259581370>,13,13,[6 3],14,16,29,2,16
1,<environment.Job instance at 0x7fa259a42be0>,9,12,[7 5],10,29,41,19,20
1,<environment.Job instance at 0x7fa2594e9140>,20,2,[8 1],21,41,43,20,28
1,<environment.Job instance at 0x7fa2a3afa190>,22,17,[9 5],23,43,60,20,31
1,<environment.Job instance at 0x7fa25972f190>,30,1,[1 7],31,60,61,29,50
1,<environment.Job instance at 0x7fa29d1f66e0>,39,3,[7 4],40,62,65,22,62
1,<environment.Job instance at 0x7fa29d1f6d70>,42,17,[7 2],43,73,90,30,73
1,<environment.Job instance at 0x7fa2a41ae730>,46,12,[ 4 10],47,90,102,43,77
1,<environment.Job instance at 0x7fa2a3e55b40>,47,14,[9 4],48,102,116,54,87
1,<environment.Job instance at 0x7fa2a3a78460>,54,12,[7 2],55,116,128,61,102
1,<environment.Job instance at 0x7fa2a3a782d0>,57,13,[ 5 10],58,128,141,70,112
1,<environment.Job instance at 0x7fa2a3a78eb0>,60,16,[5 1],61,141,157,80,129
1,<environment.Job instance at 0x7fa2597db4b0>,71,18,[1 9],72,151,169,79,151
1,<environment.Job instance at 0x7fa29d6f5b40>,74,3,[7 2],75,169,172,94,151
1,<environment.Job instance at 0x7fa2596128c0>,78,12,[9 5],79,172,184,93,155
1,<environment.Job instance at 0x7fa2a407d550>,85,17,[10  2],86,184,201,98,181
1,<environment.Job instance at 0x7fa2a407d5f0>,88,14,[5 1],89,201,215,112,186
1,<environment.Job instance at 0x7fa259456d20>,93,13,[8 5],94,215,228,121,199
1,<environment.Job instance at 0x7fa2593b80f0>,0,16,[7 5],1,1,17,0,1
1,<environment.Job instance at 0x7fa29d3d4730>,9,17,[10  4],10,17,34,7,10
1,<environment.Job instance at 0x7fa2591d4dc0>,22,13,[4 8],23,34,47,11,31
1,<environment.Job instance at 0x7fa2591d4aa0>,23,18,[2 9],24,47,65,23,38
1,<environment.Job instance at 0x7fa259887f00>,27,17,[7 5],28,65,82,37,53
1,<environment.Job instance at 0x7fa259367fa0>,37,13,[4 7],38,82,95,44,70
1,<environment.Job instance at 0x7fa259367370>,38,15,[4 7],39,95,110,56,81
1,<environment.Job instance at 0x7fa2593678c0>,41,14,[5 4],42,110,124,68,97
1,<environment.Job instance at 0x7fa259367e60>,50,14,[6 3],51,124,138,73,120
1,<environment.Job instance at 0x7fa259367a50>,51,16,[9 2],52,138,154,86,127
1,<environment.Job instance at 0x7fa29d6395f0>,55,16,[7 4],56,154,170,98,141
1,<environment.Job instance at 0x7fa29d639f00>,63,15,[7 1],64,170,185,106,156
1,<environment.Job instance at 0x7fa2598866e0>,75,23,[ 3 10],76,206,229,130,206
1,<environment.Job instance at 0x7fa29d639640>,62,16,[1 7],63,229,245,166,219
1,<environment.Job instance at 0x7fa2596441e0>,0,1,[4 5],1,1,2,0,1
1,<environment.Job instance at 0x7fa2592acaf0>,1,18,[2 8],2,2,20,0,2
1,<environment.Job instance at 0x7fa2591d4af0>,3,12,[6 3],4,20,32,16,4
1,<environment.Job instance at 0x7fa2598626e0>,12,3,[8 1],13,13,16,0,13
1,<environment.Job instance at 0x7fa2a3daf410>,13,18,[5 6],14,32,50,18,21
1,<environment.Job instance at 0x7fa259254d20>,16,2,[8 5],17,50,52,33,26
1,<environment.Job instance at 0x7fa2598ec550>,14,15,[1 5],15,50,65,35,36
1,<environment.Job instance at 0x7fa259b149b0>,10,13,[5 6],11,65,78,54,50
1,<environment.Job instance at 0x7fa2a3c38af0>,35,15,[5 2],36,79,94,43,79
1,<environment.Job instance at 0x7fa2a3c38910>,37,1,[3 5],38,79,80,41,79
1,<environment.Job instance at 0x7fa2a3c38a50>,38,3,[10  1],39,94,97,55,79
1,<environment.Job instance at 0x7fa2a3c430f0>,39,1,[3 8],40,80,81,40,79
1,<environment.Job instance at 0x7fa2a3c43d20>,40,16,[6 1],41,97,113,56,84
1,<environment.Job instance at 0x7fa2a3c775f0>,46,15,[6 2],47,113,128,66,99
1,<environment.Job instance at 0x7fa2a3c77190>,51,12,[3 5],52,99,111,47,99
1,<environment.Job instance at 0x7fa25943a8c0>,58,3,[8 2],59,135,138,76,135
1,<environment.Job instance at 0x7fa2599158c0>,60,18,[5 4],61,140,158,79,140
1,<environment.Job instance at 0x7fa2a3c76a00>,27,25,[4 6],28,184,209,156,184
1,<environment.Job instance at 0x7fa25990fb90>,67,17,[10  5],68,209,226,141,197
1,<environment.Job instance at 0x7fa29d4f15f0>,77,16,[7 4],78,226,242,148,215
1,<environment.Job instance at 0x7fa259b47230>,1,1,[5 3],2,2,3,0,2
1,<environment.Job instance at 0x7fa259887fa0>,2,17,[2 8],3,3,20,0,3
1,<environment.Job instance at 0x7fa259428cd0>,7,16,[ 2 10],8,20,36,12,8
1,<environment.Job instance at 0x7fa25981d280>,4,15,[5 6],5,36,51,31,28
1,<environment.Job instance at 0x7fa2a3c9f190>,17,14,[5 1],18,36,50,18,29
1,<environment.Job instance at 0x7fa259313a50>,26,14,[3 5],27,51,65,24,45
1,<environment.Job instance at 0x7fa2593139b0>,29,16,[7 4],30,52,68,22,52
1,<environment.Job instance at 0x7fa2a3f2ab40>,32,14,[6 2],33,68,82,35,56
1,<environment.Job instance at 0x7fa2a3f2ac30>,33,14,[2 9],34,82,96,48,67
1,<environment.Job instance at 0x7fa2a3f2acd0>,41,17,[9 3],42,96,113,54,84
1,<environment.Job instance at 0x7fa2596a26e0>,49,17,[4 9],50,114,131,64,114
1,<environment.Job instance at 0x7fa25947f820>,15,14,[1 8],16,131,145,115,119
1,<environment.Job instance at 0x7fa29d042690>,59,17,[8 2],60,131,148,71,130
1,<environment.Job instance at 0x7fa29d0427d0>,60,16,[6 5],61,148,164,87,135
1,<environment.Job instance at 0x7fa29d042cd0>,66,13,[1 5],67,150,163,83,150
1,<environment.Job instance at 0x7fa2591cd410>,68,15,[5 6],69,164,179,95,151
1,<environment.Job instance at 0x7fa29d05ef00>,71,2,[2 5],72,179,181,107,165
1,<environment.Job instance at 0x7fa29d05e730>,74,14,[5 7],75,181,195,106,170
1,<environment.Job instance at 0x7fa259493c30>,76,13,[4 7],77,195,208,118,181
1,<environment.Job instance at 0x7fa2a4263820>,82,16,[1 9],83,208,224,125,200
1,<environment.Job instance at 0x7fa259887140>,0,15,[5 2],1,1,16,0,1
1,<environment.Job instance at 0x7fa2a3f28780>,4,14,[7 3],5,16,30,11,5
1,<environment.Job instance at 0x7fa29d18fd70>,9,3,[4 9],10,30,33,20,10
1,<environment.Job instance at 0x7fa29d18f2d0>,10,13,[8 3],11,33,46,22,20
1,<environment.Job instance at 0x7fa2a3eee8c0>,11,14,[ 2 10],12,46,60,34,32
1,<environment.Job instance at 0x7fa29d18ff00>,16,15,[4 6],17,60,75,43,47
1,<environment.Job instance at 0x7fa2a3c194b0>,24,18,[10  1],25,75,93,50,68
1,<environment.Job instance at 0x7fa29d63edc0>,33,16,[ 2 10],34,93,109,59,82
1,<environment.Job instance at 0x7fa29d63e7d0>,36,17,[10  5],37,109,126,72,98
1,<environment.Job instance at 0x7fa29d63e5a0>,38,13,[8 3],39,126,139,87,110
1,<environment.Job instance at 0x7fa29d63e500>,39,14,[2 6],40,126,140,86,111
1,<environment.Job instance at 0x7fa29d646870>,43,13,[8 3],44,139,152,95,123
1,<environment.Job instance at 0x7fa29d646af0>,47,17,[10  3],48,152,169,104,140
1,<environment.Job instance at 0x7fa29d646dc0>,49,1,[5 4],50,169,170,119,157
1,<environment.Job instance at 0x7fa29d646aa0>,52,16,[7 3],53,170,186,117,157
1,<environment.Job instance at 0x7fa29d6466e0>,53,12,[1 6],54,169,181,115,157
1,<environment.Job instance at 0x7fa29d63ea50>,26,18,[7 3],27,203,221,176,203
1,<environment.Job instance at 0x7fa29d5d97d0>,75,12,[9 2],76,221,233,145,219
1,<environment.Job instance at 0x7fa29d2d6960>,0,1,[7 1],1,1,2,0,1
1,<environment.Job instance at 0x7fa29d2d6690>,1,3,[7 3],2,2,5,0,2
1,<environment.Job instance at 0x7fa2599f79b0>,4,2,[ 5 10],5,5,7,0,5
1,<environment.Job instance at 0x7fa2599f78c0>,5,15,[3 8],6,7,22,1,6
1,<environment.Job instance at 0x7fa259a09f50>,14,13,[8 5],15,22,35,7,15
1,<environment.Job instance at 0x7fa259a090f0>,17,3,[2 7],18,35,38,17,23
1,<environment.Job instance at 0x7fa259a09c30>,13,16,[4 9],14,49,65,35,49
1,<environment.Job instance at 0x7fa2599d5d20>,31,2,[5 7],32,111,113,79,111
1,<environment.Job instance at 0x7fa2599d5e60>,34,12,[10  4],35,113,125,78,111
1,<environment.Job instance at 0x7fa2599d5960>,39,3,[5 1],40,127,130,87,127
1,<environment.Job instance at 0x7fa2599d5190>,41,17,[5 2],42,129,146,87,129
1,<environment.Job instance at 0x7fa259abdf00>,45,15,[7 2],46,148,163,102,148
1,<environment.Job instance at 0x7fa259abd960>,49,18,[2 5],50,148,166,98,148
1,<environment.Job instance at 0x7fa2599d55a0>,30,14,[6 5],31,182,196,151,182
1,<environment.Job instance at 0x7fa259acbdc0>,74,15,[5 7],75,223,238,148,223
1,<environment.Job instance at 0x7f2bda1b3500>,0,17,[6 1],1,1,18,0,1
1,<environment.Job instance at 0x7f2bda1b35f0>,2,14,[ 2 10],3,18,32,15,3
1,<environment.Job instance at 0x7f2bd3058cd0>,7,14,[7 5],8,32,46,24,17
1,<environment.Job instance at 0x7f2bd305d320>,13,18,[5 9],14,46,64,32,40
1,<environment.Job instance at 0x7f2bd305d960>,21,18,[9 4],22,64,82,42,61
1,<environment.Job instance at 0x7f2bd30611e0>,34,14,[1 9],35,104,118,69,104
1,<environment.Job instance at 0x7f2bd3061550>,37,14,[5 8],38,118,132,80,113
1,<environment.Job instance at 0x7f2bd3061b40>,42,2,[4 7],43,132,134,89,128
1,<environment.Job instance at 0x7f2bd3061e60>,45,15,[7 5],46,134,149,88,128
1,<environment.Job instance at 0x7f2bd3061f50>,48,12,[9 2],49,149,161,100,132
1,<environment.Job instance at 0x7f2bd3061410>,35,16,[1 9],36,161,177,125,158
1,<environment.Job instance at 0x7f2bd30617d0>,0,2,[5 6],1,1,3,0,1
1,<environment.Job instance at 0x7f2bda243af0>,2,2,[ 2 10],3,3,5,0,3
1,<environment.Job instance at 0x7f2bda0fe050>,5,12,[2 6],6,6,18,0,6
1,<environment.Job instance at 0x7f2bda0fe370>,17,16,[1 9],18,18,34,0,18
1,<environment.Job instance at 0x7f2bda0fe3c0>,18,14,[6 4],19,34,48,15,19
1,<environment.Job instance at 0x7f2bda335190>,27,16,[8 1],28,48,64,20,35
1,<environment.Job instance at 0x7f2bda32c8c0>,40,3,[6 1],41,67,70,26,67
1,<environment.Job instance at 0x7f2bda32c460>,42,12,[5 5],43,70,82,27,67
1,<environment.Job instance at 0x7f2bd2e66280>,44,1,[ 5 10],45,82,83,37,67
1,<environment.Job instance at 0x7f2bda32c730>,45,3,[8 5],46,83,86,37,67
1,<environment.Job instance at 0x7f2bda1b3280>,46,18,[2 6],47,86,104,39,76
1,<environment.Job instance at 0x7f2bda335870>,31,14,[8 5],32,104,118,72,93
1,<environment.Job instance at 0x7f2b97391910>,0,2,[5 9],1,1,3,0,1
1,<environment.Job instance at 0x7f2b97391b90>,2,13,[9 4],3,3,16,0,3
1,<environment.Job instance at 0x7f2b97391c80>,3,16,[1 9],4,16,32,12,4
1,<environment.Job instance at 0x7f2bda32c5f0>,5,16,[7 5],6,32,48,26,19
1,<environment.Job instance at 0x7f2b97420d20>,12,12,[1 6],13,48,60,35,37
1,<environment.Job instance at 0x7f2b97420550>,18,16,[5 2],19,48,64,29,37
1,<environment.Job instance at 0x7f2b97413cd0>,27,14,[7 2],28,64,78,36,49
1,<environment.Job instance at 0x7f2b97413780>,30,17,[9 5],31,78,95,47,67
1,<environment.Job instance at 0x7f2b97409dc0>,41,14,[ 3 10],42,95,109,53,95
1,<environment.Job instance at 0x7f2b974130a0>,32,18,[10  4],33,124,142,91,124
1,<environment.Job instance at 0x7f2b97413b40>,0,12,[5 1],1,1,13,0,1
1,<environment.Job instance at 0x7f2b974261e0>,6,12,[1 6],7,7,19,0,7
1,<environment.Job instance at 0x7f2b977d2aa0>,22,3,[8 5],23,40,43,17,40
1,<environment.Job instance at 0x7f2b9742d640>,27,16,[8 4],28,62,78,34,62
1,<environment.Job instance at 0x7f2b9742d6e0>,30,17,[3 5],31,78,95,47,66
1,<environment.Job instance at 0x7f2b9742d0f0>,31,18,[6 2],32,78,96,46,68
1,<environment.Job instance at 0x7f2b9742d960>,37,13,[9 5],38,96,109,58,80
1,<environment.Job instance at 0x7f2b9742d5a0>,43,12,[1 9],44,109,121,65,104
1,<environment.Job instance at 0x7f2b97805aa0>,45,15,[5 3],46,130,145,84,130
1,<environment.Job instance at 0x7f2b97805c80>,46,3,[7 5],47,145,148,98,130
1,<environment.Job instance at 0x7f2b97805050>,47,2,[5 3],48,130,132,82,130
1,<environment.Job instance at 0x7f2b977d2b40>,21,13,[5 7],22,178,191,156,178
1,<environment.Job instance at 0x7f2b977d2870>,20,17,[4 7],21,191,208,170,189
1,<environment.Job instance at 0x7f2b9744c190>,1,14,[ 1 10],2,2,16,0,2
1,<environment.Job instance at 0x7f2b97426140>,4,3,[5 6],5,16,19,11,5
1,<environment.Job instance at 0x7f2b97705af0>,12,13,[2 5],13,19,32,6,14
1,<environment.Job instance at 0x7f2b97705be0>,14,16,[5 6],15,32,48,17,20
1,<environment.Job instance at 0x7f2b97a05b40>,22,15,[8 2],23,80,95,57,80
1,<environment.Job instance at 0x7f2b974268c0>,6,16,[6 5],7,95,111,88,83
1,<environment.Job instance at 0x7f2b97a05e10>,27,12,[4 8],28,111,123,83,103
1,<environment.Job instance at 0x7f2b979fd190>,0,13,[3 5],1,1,14,0,1
1,<environment.Job instance at 0x7f2bd5743410>,6,1,[2 6],7,14,15,7,7
1,<environment.Job instance at 0x7f2bd5743b90>,7,14,[10  5],8,15,29,7,8
1,<environment.Job instance at 0x7f2b974d7f50>,23,13,[8 3],24,33,46,9,33
1,<environment.Job instance at 0x7f2bd5743af0>,10,2,[4 5],11,46,48,35,33
1,<environment.Job instance at 0x7f2b972eebe0>,21,3,[5 9],22,48,51,26,33
1,<environment.Job instance at 0x7f2b974d7820>,27,15,[3 6],28,51,66,23,38
1,<environment.Job instance at 0x7f2b974d75a0>,33,2,[7 3],34,79,81,45,79
1,<environment.Job instance at 0x7f2b974d7a00>,38,13,[8 4],39,83,96,44,83
1,<environment.Job instance at 0x7f2b974d7c30>,26,17,[8 4],27,96,113,69,89
1,<environment.Job instance at 0x7f2bd5d2b370>,44,12,[8 3],45,113,125,68,104
1,<environment.Job instance at 0x7f2bd5d2bcd0>,48,12,[5 5],49,125,137,76,109
1,<environment.Job instance at 0x7f2bd5741d20>,0,1,[7 2],1,1,2,0,1
1,<environment.Job instance at 0x7f2bd574dc80>,6,3,[4 5],7,9,12,2,9
1,<environment.Job instance at 0x7f2b974a5140>,9,12,[6 3],10,10,22,0,10
1,<environment.Job instance at 0x7f2bd2fa1370>,7,16,[5 3],8,22,38,14,11
1,<environment.Job instance at 0x7f2b9785adc0>,12,2,[6 5],13,38,40,25,16
1,<environment.Job instance at 0x7f2b9785a5f0>,13,16,[4 5],14,16,32,2,16
1,<environment.Job instance at 0x7f2b9791a780>,20,16,[8 3],21,40,56,19,40
1,<environment.Job instance at 0x7f2b97781190>,39,15,[ 2 10],40,87,102,47,87
1,<environment.Job instance at 0x7f2b973d3cd0>,40,3,[6 2],41,102,105,61,88
1,<environment.Job instance at 0x7f2bd5741f00>,0,14,[2 9],1,1,15,0,1
1,<environment.Job instance at 0x7f2bd5741140>,9,2,[8 2],10,15,17,5,10
1,<environment.Job instance at 0x7f2bd2f86f00>,11,3,[6 1],12,12,15,0,12
1,<environment.Job instance at 0x7f2bd2f86af0>,12,2,[5 3],13,17,19,4,13
1,<environment.Job instance at 0x7f2bd2f86550>,13,3,[4 6],14,17,20,3,14
1,<environment.Job instance at 0x7f2bd2f86870>,14,14,[3 8],15,20,34,5,15
1,<environment.Job instance at 0x7f2bd2f869b0>,15,13,[9 1],16,34,47,18,22
1,<environment.Job instance at 0x7f2b974e38c0>,25,15,[1 5],26,34,49,8,26
1,<environment.Job instance at 0x7f2b9725be60>,30,16,[ 4 10],31,49,65,18,38
1,<environment.Job instance at 0x7f2b9725b640>,31,15,[5 7],32,65,80,33,53
1,<environment.Job instance at 0x7f2b97298b40>,37,2,[9 3],38,80,82,42,72
1,<environment.Job instance at 0x7f2bd576d280>,38,2,[3 5],39,82,84,43,72
1,<environment.Job instance at 0x7f2bd576d0a0>,39,18,[10  4],40,84,102,44,73
1,<environment.Job instance at 0x7f2bd577f1e0>,43,14,[5 6],44,102,116,58,91
1,<environment.Job instance at 0x7f2bd577f8c0>,45,3,[8 3],46,116,119,70,96
1,<environment.Job instance at 0x7f2b971d6960>,20,12,[3 8],21,119,131,98,102
1,<environment.Job instance at 0x7f2bd5914be0>,0,16,[8 5],1,1,17,0,1
1,<environment.Job instance at 0x7f2bd577f780>,1,16,[4 5],2,17,33,15,4
1,<environment.Job instance at 0x7f2bd30124b0>,14,12,[8 1],15,33,45,18,16
1,<environment.Job instance at 0x7f2bd30121e0>,15,14,[6 1],16,17,31,1,17
1,<environment.Job instance at 0x7f2bd30745a0>,25,13,[7 4],26,45,58,19,32
1,<environment.Job instance at 0x7f2bd30745f0>,31,3,[7 4],32,70,73,38,70
1,<environment.Job instance at 0x7f2bd3074c30>,35,17,[ 5 10],36,97,114,61,97
1,<environment.Job instance at 0x7f2bd3074d70>,36,14,[9 4],37,144,158,107,144
1,<environment.Job instance at 0x7f2bd3501af0>,0,13,[5 5],1,1,14,0,1
1,<environment.Job instance at 0x7f2bd3012dc0>,1,17,[7 5],2,14,31,12,2
1,<environment.Job instance at 0x7f2bd57082d0>,4,1,[ 3 10],5,31,32,26,5
1,<environment.Job instance at 0x7f2bd57086e0>,10,12,[4 5],11,32,44,21,16
1,<environment.Job instance at 0x7f2bd5708aa0>,13,15,[6 4],14,32,47,18,20
1,<environment.Job instance at 0x7f2bd57085f0>,12,2,[4 9],13,47,49,34,28
1,<environment.Job instance at 0x7f2bd5afb7d0>,17,12,[6 2],18,49,61,31,32
1,<environment.Job instance at 0x7f2bd5708e60>,7,13,[3 7],8,49,62,41,43
1,<environment.Job instance at 0x7f2bd302a730>,47,16,[7 2],48,99,115,51,99
1,<environment.Job instance at 0x7f2bd2e9ca50>,45,17,[8 2],46,115,132,69,113
1,<environment.Job instance at 0x7f2b97958820>,0,1,[4 8],1,1,2,0,1
1,<environment.Job instance at 0x7f2b979ffd70>,1,1,[8 1],2,2,3,0,2
1,<environment.Job instance at 0x7f2bd3396050>,2,16,[10  4],3,4,20,1,4
1,<environment.Job instance at 0x7f2bd3418af0>,12,13,[1 5],13,28,41,15,28
1,<environment.Job instance at 0x7f2bd3418230>,13,2,[5 9],14,41,43,27,28
1,<environment.Job instance at 0x7f2b97130320>,16,18,[ 5 10],17,43,61,26,32
1,<environment.Job instance at 0x7f2bd35742d0>,19,3,[6 3],20,61,64,41,43
1,<environment.Job instance at 0x7f2b9742e7d0>,21,14,[9 2],22,64,78,42,49
1,<environment.Job instance at 0x7f2bd31a5be0>,28,15,[2 8],29,78,93,49,65
1,<environment.Job instance at 0x7f2b9717cdc0>,30,14,[7 2],31,78,92,47,65
1,<environment.Job instance at 0x7f2b9717c230>,24,3,[ 5 10],25,93,96,68,76
1,<environment.Job instance at 0x7f2b9717c960>,25,1,[5 4],26,96,97,70,77
1,<environment.Job instance at 0x7f2b972b45a0>,36,3,[6 3],37,97,100,60,83
1,<environment.Job instance at 0x7f2bd2e378c0>,39,18,[3 8],40,100,118,60,89
1,<environment.Job instance at 0x7f2bd2e373c0>,45,16,[4 7],46,118,134,72,117
1,<environment.Job instance at 0x7f2b9769ff50>,48,16,[1 7],49,150,166,101,150
1,<environment.Job instance at 0x7f2b97799b40>,0,3,[10  1],1,1,4,0,1
1,<environment.Job instance at 0x7f2b97799140>,1,12,[2 6],2,4,16,2,2
1,<environment.Job instance at 0x7f2bd3396b90>,4,16,[ 5 10],5,16,32,11,7
1,<environment.Job instance at 0x7f2b9769fe10>,13,12,[8 2],14,32,44,18,19
1,<environment.Job instance at 0x7f2bd56d3780>,18,13,[5 5],19,44,57,25,30
1,<environment.Job instance at 0x7f2b97214780>,24,12,[9 3],25,57,69,32,50
1,<environment.Job instance at 0x7f2b9769fdc0>,14,16,[1 5],15,53,69,38,53
1,<environment.Job instance at 0x7f2b971e70a0>,39,13,[4 7],40,108,121,68,108
1,<environment.Job instance at 0x7f2b971afd70>,2,14,[5 1],3,3,17,0,3
1,<environment.Job instance at 0x7f2b974aa460>,10,14,[5 8],11,12,26,1,12
1,<environment.Job instance at 0x7f2b974aaaa0>,12,18,[6 2],13,26,44,13,15
1,<environment.Job instance at 0x7f2bd9f3db90>,26,15,[10  3],27,70,85,43,70
1,<environment.Job instance at 0x7f2bd9f3dc80>,38,2,[2 7],39,85,87,46,85
1,<environment.Job instance at 0x7f2bd9f3dfa0>,39,17,[6 2],40,86,103,46,86
1,<environment.Job instance at 0x7f2bd9f3d230>,40,17,[5 2],41,103,120,62,91
1,<environment.Job instance at 0x7f2bd9f3d410>,42,12,[6 2],43,120,132,77,103
1,<environment.Job instance at 0x7f2b976d0b90>,46,16,[8 2],47,132,148,85,119
1,<environment.Job instance at 0x7f2b976d0230>,48,14,[8 5],49,148,162,99,138
1,<environment.Job instance at 0x7f2b976d0b40>,1,18,[ 3 10],2,2,20,0,2
1,<environment.Job instance at 0x7f2bd563d8c0>,13,15,[ 3 10],14,21,36,7,21
1,<environment.Job instance at 0x7f2bd563d3c0>,15,15,[5 6],16,36,51,20,23
1,<environment.Job instance at 0x7f2bd34cbcd0>,19,1,[5 5],20,51,52,31,37
1,<environment.Job instance at 0x7f2bd34cbbe0>,20,16,[5 4],21,38,54,17,38
1,<environment.Job instance at 0x7f2bd34cb3c0>,21,17,[ 4 10],22,54,71,32,42
1,<environment.Job instance at 0x7f2bd34cb960>,29,13,[10  5],30,87,100,57,87
1,<environment.Job instance at 0x7f2bd34cbd70>,35,15,[4 7],36,100,115,64,100
1,<environment.Job instance at 0x7f2b97400320>,38,16,[1 7],39,115,131,76,103
1,<environment.Job instance at 0x7f2b97400870>,44,2,[3 6],45,131,133,86,126
1,<environment.Job instance at 0x7f2bd56f9960>,0,2,[2 7],1,1,3,0,1
1,<environment.Job instance at 0x7f2b974aa960>,1,16,[8 4],2,3,19,1,2
1,<environment.Job instance at 0x7f2bd5d76320>,14,1,[6 4],15,20,21,5,20
1,<environment.Job instance at 0x7f2b97480050>,21,16,[1 6],22,24,40,2,24
1,<environment.Job instance at 0x7f2bd2eab730>,27,17,[5 7],28,47,64,19,47
1,<environment.Job instance at 0x7f2bd2eab960>,28,12,[7 5],29,64,76,35,47
1,<environment.Job instance at 0x7f2bd59a2b90>,34,12,[1 5],35,64,76,29,55
1,<environment.Job instance at 0x7f2bd59a2190>,35,14,[5 2],36,76,90,40,61
1,<environment.Job instance at 0x7f2bd59a2550>,37,17,[2 6],38,76,93,38,65
1,<environment.Job instance at 0x7f2bd59a2c30>,40,16,[9 4],41,93,109,52,80
1,<environment.Job instance at 0x7f2b97480550>,18,12,[7 5],19,109,121,90,103
1,<environment.Job instance at 0x7f2bd590d960>,1,18,[4 8],2,2,20,0,2
1,<environment.Job instance at 0x7f2bd348e730>,8,13,[ 3 10],9,20,33,11,20
1,<environment.Job instance at 0x7f2bd348e960>,16,13,[8 5],17,33,46,16,28
1,<environment.Job instance at 0x7f2bd5c38d20>,19,18,[5 2],20,46,64,26,45
1,<environment.Job instance at 0x7f2bd5c38410>,27,16,[2 7],28,47,63,19,47
1,<environment.Job instance at 0x7f2bd564ddc0>,29,14,[7 2],30,64,78,34,49
1,<environment.Job instance at 0x7f2bd564da50>,31,14,[1 7],32,63,77,31,53
1,<environment.Job instance at 0x7f2bd31cda00>,44,13,[7 3],45,84,97,39,84
1,<environment.Job instance at 0x7f2bd31cd050>,46,12,[5 9],47,110,122,63,110
1,<environment.Job instance at 0x7f2b976d0dc0>,0,15,[3 8],1,1,16,0,1
1,<environment.Job instance at 0x7f2bd55a3050>,14,14,[4 6],15,19,33,4,19
1,<environment.Job instance at 0x7f2b971da8c0>,18,15,[5 5],19,33,48,14,21
1,<environment.Job instance at 0x7f2bd5ae9d70>,23,18,[3 7],24,48,66,24,37
1,<environment.Job instance at 0x7f2bd2e8fdc0>,26,15,[5 1],27,61,76,34,61
1,<environment.Job instance at 0x7f2b975e71e0>,28,12,[1 8],29,74,86,45,74
1,<environment.Job instance at 0x7f2b975e7140>,33,13,[5 2],34,77,90,43,77
1,<environment.Job instance at 0x7f2b975e7cd0>,35,13,[8 4],36,90,103,54,77
1,<environment.Job instance at 0x7f2b9750ca00>,39,18,[7 4],40,103,121,63,97
1,<environment.Job instance at 0x7f2bd33cd690>,38,12,[5 5],39,121,133,82,104
1,<environment.Job instance at 0x7f2bd30e2fa0>,16,15,[3 6],17,133,148,116,121
1,<environment.Job instance at 0x7f2bd31cd550>,0,17,[5 8],1,1,18,0,1
1,<environment.Job instance at 0x7f2bd3505e60>,5,17,[6 3],6,18,35,12,6
1,<environment.Job instance at 0x7f2bd5d2baf0>,6,14,[10  1],7,35,49,28,23
1,<environment.Job instance at 0x7f2bd2fd20f0>,29,13,[8 5],30,72,85,42,72
1,<environment.Job instance at 0x7f2bd2fdb410>,32,13,[ 3 10],33,85,98,52,80
1,<environment.Job instance at 0x7f2bd3106870>,34,17,[1 8],35,98,115,63,87
1,<environment.Job instance at 0x7f2b971bad70>,1,1,[3 5],2,2,3,0,2
1,<environment.Job instance at 0x7f2bd30f1690>,2,3,[7 4],3,3,6,0,3
1,<environment.Job instance at 0x7f2bd30f1c30>,3,15,[4 8],4,6,21,2,4
1,<environment.Job instance at 0x7f2bd5782960>,8,13,[5 5],9,21,34,12,9
1,<environment.Job instance at 0x7f2bd5782b40>,14,2,[7 1],15,34,36,19,15
1,<environment.Job instance at 0x7f2bd5782f50>,16,1,[1 6],17,34,35,17,17
1,<environment.Job instance at 0x7f2bd5782370>,19,17,[1 5],20,35,52,15,23
1,<environment.Job instance at 0x7f2bd55fca50>,21,15,[2 7],22,52,67,30,38
1,<environment.Job instance at 0x7f2bda1b2c80>,11,18,[8 1],12,42,60,30,42
1,<environment.Job instance at 0x7f2bd55fc190>,26,17,[7 3],27,60,77,33,50
1,<environment.Job instance at 0x7f2bd55fc050>,31,17,[9 4],32,77,94,45,65
1,<environment.Job instance at 0x7f2b97484dc0>,36,12,[9 5],37,94,106,57,82
1,<environment.Job instance at 0x7f2b97484d70>,40,16,[5 4],41,106,122,65,105
1,<environment.Job instance at 0x7f2bd320fe10>,44,12,[7 2],45,122,134,77,117
1,<environment.Job instance at 0x7f2bd320f3c0>,45,3,[5 3],46,118,121,72,118
1,<environment.Job instance at 0x7f2bd55fc6e0>,23,16,[5 2],24,137,153,113,137
1,<environment.Job instance at 0x7f2bd3302eb0>,1,15,[5 5],2,2,17,0,2
1,<environment.Job instance at 0x7f2bd3302780>,2,19,[2 5],3,3,22,0,3
1,<environment.Job instance at 0x7f2bd3302d70>,3,16,[6 1],4,17,33,13,4
1,<environment.Job instance at 0x7f2bd2fdfdc0>,15,17,[8 5],16,33,50,17,22
1,<environment.Job instance at 0x7f2bd2fdfb40>,16,14,[5 7],17,50,64,33,39
1,<environment.Job instance at 0x7f2bd5a1f730>,23,18,[8 3],24,64,82,40,53
1,<environment.Job instance at 0x7f2bd5ae9d20>,29,14,[5 3],30,82,96,52,75
1,<environment.Job instance at 0x7f2bda0ffb40>,32,18,[8 1],33,96,114,63,85
1,<environment.Job instance at 0x7f2bd5c10550>,39,14,[7 5],40,114,128,74,108
1,<environment.Job instance at 0x7f2b978e8c30>,44,18,[6 3],45,128,146,83,117
1,<environment.Job instance at 0x7f2b976d9370>,48,13,[2 7],49,133,146,84,133
1,<environment.Job instance at 0x7f2bd5ae9140>,26,16,[7 5],27,148,164,121,148
1,<environment.Job instance at 0x7f2bd33025a0>,6,13,[8 4],7,164,177,157,149
1,<environment.Job instance at 0x7f5456ac1500>,0,17,[6 1],1,3,20,2,3
1,<environment.Job instance at 0x7f544f6b2c30>,7,14,[7 5],8,20,34,12,8
1,<environment.Job instance at 0x7f544f6b7e60>,25,2,[5 7],26,83,85,57,83
1,<environment.Job instance at 0x7f544f6b7dc0>,29,2,[4 7],30,85,87,55,83
1,<environment.Job instance at 0x7f544f6ba500>,35,16,[1 9],36,111,127,75,111
1,<environment.Job instance at 0x7f544f6ba7d0>,39,14,[9 4],40,127,141,87,114
1,<environment.Job instance at 0x7f544f6bad20>,46,2,[3 5],47,142,144,95,142
1,<environment.Job instance at 0x7f544f6bae10>,47,13,[ 3 10],48,144,157,96,142
1,<environment.Job instance at 0x7f544f6bae60>,48,12,[9 2],49,157,169,108,142
1,<environment.Job instance at 0x7f544f6baa00>,49,17,[10  2],50,169,186,119,157
1,<environment.Job instance at 0x7f544f6bd4b0>,58,17,[3 7],59,186,203,127,175
1,<environment.Job instance at 0x7f5456c3b230>,0,2,[2 6],1,1,3,0,1
1,<environment.Job instance at 0x7f5456c35370>,3,12,[5 3],4,4,16,0,4
1,<environment.Job instance at 0x7f5456c35870>,7,16,[1 9],8,16,32,8,8
1,<environment.Job instance at 0x7f5456c396e0>,15,3,[10  4],16,32,35,16,23
1,<environment.Job instance at 0x7f5456c39140>,18,14,[6 1],19,35,49,16,26
1,<environment.Job instance at 0x7f5456c35c80>,13,2,[9 3],14,49,51,35,36
1,<environment.Job instance at 0x7f5456c39690>,21,14,[8 5],22,51,65,29,36
1,<environment.Job instance at 0x7f5456aef050>,32,12,[5 5],33,65,77,32,53
1,<environment.Job instance at 0x7f5456aef8c0>,41,15,[2 7],42,82,97,40,82
1,<environment.Job instance at 0x7f5456aef230>,45,16,[7 5],46,97,113,51,86
1,<environment.Job instance at 0x7f5456aef9b0>,47,18,[5 5],48,113,131,65,103
1,<environment.Job instance at 0x7f5456c3edc0>,51,17,[6 4],52,131,148,79,119
1,<environment.Job instance at 0x7f5456c3e910>,56,12,[8 4],57,148,160,91,131
1,<environment.Job instance at 0x7f5456aef410>,43,16,[1 9],44,160,176,116,151
1,<environment.Job instance at 0x7f5456c36c80>,1,3,[1 6],2,2,5,0,2
1,<environment.Job instance at 0x7f540baa25a0>,2,18,[7 5],3,5,23,2,3
1,<environment.Job instance at 0x7f540baa2c30>,5,2,[7 4],6,23,25,17,6
1,<environment.Job instance at 0x7f540baa20a0>,9,13,[5 5],10,25,38,15,10
1,<environment.Job instance at 0x7f540ba8bc30>,12,18,[10  4],13,38,56,25,29
1,<environment.Job instance at 0x7f540ba86140>,26,13,[10  5],27,56,69,29,42
1,<environment.Job instance at 0x7f540ba8b1e0>,16,1,[9 5],17,69,70,52,53
1,<environment.Job instance at 0x7f540ba86460>,35,17,[10  4],36,70,87,34,58
1,<environment.Job instance at 0x7f540bab0fa0>,44,14,[10  5],45,87,101,42,76
1,<environment.Job instance at 0x7f540bab0410>,47,3,[5 6],48,101,104,53,89
1,<environment.Job instance at 0x7f540bab0370>,48,2,[8 1],49,104,106,55,89
1,<environment.Job instance at 0x7f540bab03c0>,50,17,[4 7],51,106,123,55,94
1,<environment.Job instance at 0x7f540bab06e0>,51,13,[5 7],52,123,136,71,107
1,<environment.Job instance at 0x7f540bab0c80>,57,16,[8 4],58,136,152,78,123
1,<environment.Job instance at 0x7f540baa2cd0>,11,13,[3 8],12,152,165,140,136
1,<environment.Job instance at 0x7f540bab0a50>,0,17,[3 5],1,1,18,0,1
1,<environment.Job instance at 0x7f540ba86be0>,1,18,[6 2],2,2,20,0,2
1,<environment.Job instance at 0x7f540baadc30>,6,17,[9 1],7,20,37,13,9
1,<environment.Job instance at 0x7f540baad7d0>,10,17,[9 5],11,37,54,26,25
1,<environment.Job instance at 0x7f540baad410>,11,3,[9 5],12,54,57,42,38
1,<environment.Job instance at 0x7f540bd5aaf0>,21,14,[ 1 10],22,57,71,35,42
1,<environment.Job instance at 0x7f540bd5a190>,23,14,[5 9],24,71,85,47,56
1,<environment.Job instance at 0x7f540ba00140>,7,13,[9 5],8,85,98,77,77
1,<environment.Job instance at 0x7f540bd6e370>,34,16,[5 6],35,98,114,63,86
1,<environment.Job instance at 0x7f540bd6ecd0>,39,17,[8 5],40,114,131,74,102
1,<environment.Job instance at 0x7f540bd6a140>,47,12,[4 8],48,133,145,85,133
1,<environment.Job instance at 0x7f540bd5ac30>,14,26,[3 9],15,147,173,132,147
1,<environment.Job instance at 0x7f540b9b43c0>,58,13,[2 7],59,198,211,139,198
1,<environment.Job instance at 0x7f540b9900f0>,0,13,[5 9],1,1,14,0,1
1,<environment.Job instance at 0x7f540baadb40>,1,13,[8 1],2,14,27,12,2
1,<environment.Job instance at 0x7f540be05640>,11,16,[5 8],12,27,43,15,15
1,<environment.Job instance at 0x7f540bdad460>,25,18,[ 1 10],26,43,61,17,38
1,<environment.Job instance at 0x7f540bdad500>,26,15,[6 5],27,61,76,34,47
1,<environment.Job instance at 0x7f540bdadb40>,33,13,[8 3],34,76,89,42,74
1,<environment.Job instance at 0x7f540bdadfa0>,40,15,[5 8],41,93,108,52,93
1,<environment.Job instance at 0x7f540bda9730>,48,13,[8 4],49,108,121,59,103
1,<environment.Job instance at 0x7f540bda9140>,42,15,[9 2],43,121,136,78,107
1,<environment.Job instance at 0x7f540ba56d20>,0,1,[7 2],1,1,2,0,1
1,<environment.Job instance at 0x7f540bda9460>,7,16,[5 3],8,13,29,5,13
1,<environment.Job instance at 0x7f540bdb8320>,11,3,[9 4],12,29,32,17,18
1,<environment.Job instance at 0x7f5451d140f0>,14,15,[2 6],15,32,47,17,18
1,<environment.Job instance at 0x7f540bdb87d0>,15,16,[7 5],16,47,63,31,34
1,<environment.Job instance at 0x7f5451cf1e60>,33,12,[2 7],34,87,99,53,87
1,<environment.Job instance at 0x7f5451e62320>,38,3,[10  2],39,99,102,60,88
1,<environment.Job instance at 0x7f5451cf1af0>,32,20,[4 9],33,102,122,69,94
1,<environment.Job instance at 0x7f544f77c190>,54,16,[5 2],55,150,166,95,150
1,<environment.Job instance at 0x7f540ba56dc0>,1,3,[6 1],2,2,5,0,2
1,<environment.Job instance at 0x7f544f4e7fa0>,2,2,[5 3],3,5,7,2,3
1,<environment.Job instance at 0x7f544f4e7d70>,3,3,[4 6],4,4,7,0,4
1,<environment.Job instance at 0x7f544f4e7370>,5,13,[9 1],6,7,20,1,6
1,<environment.Job instance at 0x7f544f4e7500>,8,16,[5 2],9,20,36,11,9
1,<environment.Job instance at 0x7f544f970fa0>,7,3,[10  5],8,36,39,28,11
1,<environment.Job instance at 0x7f544f479aa0>,17,13,[ 5 10],18,39,52,21,27
1,<environment.Job instance at 0x7f544f805050>,22,17,[8 2],23,52,69,29,40
1,<environment.Job instance at 0x7f540becc1e0>,26,17,[7 4],27,69,86,42,58
1,<environment.Job instance at 0x7f544f8f3370>,34,18,[10  5],35,86,104,51,75
1,<environment.Job instance at 0x7f540b8ff6e0>,41,16,[4 5],42,104,120,62,91
1,<environment.Job instance at 0x7f544f500870>,48,16,[9 2],49,120,136,71,107
1,<environment.Job instance at 0x7f544f4fa870>,55,14,[6 1],56,136,150,80,123
1,<environment.Job instance at 0x7f5451f6f8c0>,36,16,[2 9],37,151,167,114,151
1,<environment.Job instance at 0x7f544f8f30f0>,33,14,[5 6],34,167,181,133,156
1,<environment.Job instance at 0x7f545230a550>,0,12,[10  5],1,1,13,0,1
1,<environment.Job instance at 0x7f545230a4b0>,1,3,[3 8],2,13,16,11,2
1,<environment.Job instance at 0x7f544f619c80>,12,12,[7 5],13,22,34,9,22
1,<environment.Job instance at 0x7f544f6191e0>,15,17,[ 5 10],16,34,51,18,26
1,<environment.Job instance at 0x7f540bf12f00>,30,13,[5 5],31,73,86,42,73
1,<environment.Job instance at 0x7f540bf12280>,34,1,[ 3 10],35,86,87,51,81
1,<environment.Job instance at 0x7f540bf12fa0>,35,14,[3 8],36,87,101,51,84
1,<environment.Job instance at 0x7f540bf12c80>,37,13,[3 7],38,101,114,63,91
1,<environment.Job instance at 0x7f540bf26140>,40,12,[4 5],41,114,126,73,97
1,<environment.Job instance at 0x7f540bf260a0>,43,15,[6 4],44,114,129,70,100
1,<environment.Job instance at 0x7f540bf23f50>,45,13,[6 3],46,101,114,55,100
1,<environment.Job instance at 0x7f540bf19730>,48,13,[8 3],49,129,142,80,117
1,<environment.Job instance at 0x7f540bf19960>,53,12,[2 7],54,129,141,75,122
1,<environment.Job instance at 0x7f540bf19eb0>,57,3,[3 5],58,166,169,108,166
1,<environment.Job instance at 0x7f5451fc2460>,0,13,[5 5],1,1,14,0,1
1,<environment.Job instance at 0x7f5451fc26e0>,6,2,[ 3 10],7,14,16,7,7
1,<environment.Job instance at 0x7f5451fc2960>,7,18,[8 2],8,16,34,8,8
1,<environment.Job instance at 0x7f5451dfb2d0>,13,14,[9 3],14,34,48,20,20
1,<environment.Job instance at 0x7f5451dfbc80>,23,16,[6 5],24,48,64,24,35
1,<environment.Job instance at 0x7f544f5c7d20>,29,18,[5 8],30,67,85,37,67
1,<environment.Job instance at 0x7f544f5c7b40>,34,16,[6 1],35,85,101,50,74
1,<environment.Job instance at 0x7f544f5c7af0>,38,13,[9 1],39,101,114,62,85
1,<environment.Job instance at 0x7f5451f4f9b0>,48,15,[2 8],49,114,129,65,100
1,<environment.Job instance at 0x7f5451dfb5a0>,15,17,[8 2],16,114,131,98,103
1,<environment.Job instance at 0x7f544f5c7730>,32,13,[1 5],33,145,158,112,145
1,<environment.Job instance at 0x7f5451f4f140>,55,18,[4 6],56,158,176,102,154
1,<environment.Job instance at 0x7f544f5c7b90>,1,12,[1 6],2,2,14,0,2
1,<environment.Job instance at 0x7f5452157230>,3,3,[5 7],4,14,17,10,4
1,<environment.Job instance at 0x7f54521573c0>,4,2,[ 5 10],5,17,19,12,5
1,<environment.Job instance at 0x7f54521575f0>,5,16,[4 7],6,19,35,13,6
1,<environment.Job instance at 0x7f544f6624b0>,15,15,[5 9],16,41,56,25,41
1,<environment.Job instance at 0x7f540be113c0>,28,13,[5 5],29,56,69,27,47
1,<environment.Job instance at 0x7f540bc30aa0>,34,12,[9 3],35,69,81,34,67
1,<environment.Job instance at 0x7f540be40410>,25,18,[4 9],26,81,99,55,76
1,<environment.Job instance at 0x7f5452157050>,8,16,[1 7],9,99,115,90,96
1,<environment.Job instance at 0x7f544fa69cd0>,44,1,[3 5],45,115,116,70,98
1,<environment.Job instance at 0x7f544fa69460>,49,13,[4 7],50,116,129,66,108
1,<environment.Job instance at 0x7f544faed640>,56,12,[6 4],57,137,149,80,137
1,<environment.Job instance at 0x7f544fa69be0>,2,14,[5 1],3,3,17,0,3
1,<environment.Job instance at 0x7f544f504a50>,8,3,[ 1 10],9,17,20,8,13
1,<environment.Job instance at 0x7f540b8c28c0>,10,14,[5 8],11,20,34,9,20
1,<environment.Job instance at 0x7f540b8c2f00>,12,18,[6 2],13,34,52,21,24
1,<environment.Job instance at 0x7f540bfa7b90>,25,16,[9 2],26,52,68,26,46
1,<environment.Job instance at 0x7f5451ce3b40>,27,15,[9 1],28,68,83,40,60
1,<environment.Job instance at 0x7f540bdd6500>,40,17,[5 2],41,85,102,44,85
1,<environment.Job instance at 0x7f540bdd6c80>,42,12,[6 2],43,102,114,59,93
1,<environment.Job instance at 0x7f540bdbe640>,1,13,[10  2],2,114,127,112,99
1,<environment.Job instance at 0x7f540ba04370>,48,14,[8 5],49,127,141,78,115
1,<environment.Job instance at 0x7f540ba04e10>,51,18,[ 3 10],52,141,159,89,130
1,<environment.Job instance at 0x7f540ba04d20>,55,13,[5 7],56,159,172,103,146
1,<environment.Job instance at 0x7f540ba04eb0>,54,14,[ 1 10],55,172,186,117,160
1,<environment.Job instance at 0x7f544fa986e0>,0,12,[2 9],1,1,13,0,1
1,<environment.Job instance at 0x7f5451cd9190>,1,15,[8 1],2,2,17,0,2
1,<environment.Job instance at 0x7f544f984960>,2,16,[5 4],3,17,33,14,4
1,<environment.Job instance at 0x7f5451ec8230>,14,17,[3 5],15,17,34,2,16
1,<environment.Job instance at 0x7f540b9455f0>,16,14,[6 5],17,33,47,16,23
1,<environment.Job instance at 0x7f540b86c140>,21,13,[2 5],22,57,70,35,57
1,<environment.Job instance at 0x7f540b86cd70>,26,12,[1 7],27,70,82,43,65
1,<environment.Job instance at 0x7f540b86cc80>,27,17,[8 4],28,82,99,54,72
1,<environment.Job instance at 0x7f540b86cf00>,29,15,[ 2 10],30,99,114,69,87
1,<environment.Job instance at 0x7f540b8628c0>,41,16,[8 4],42,114,130,72,101
1,<environment.Job instance at 0x7f540b862f00>,53,15,[6 2],54,130,145,76,119
1,<environment.Job instance at 0x7f540b8633c0>,56,18,[10  5],57,145,163,88,139
1,<environment.Job instance at 0x7f544f6387d0>,0,12,[2 5],1,1,13,0,1
1,<environment.Job instance at 0x7f544f4c02d0>,1,16,[1 6],2,13,29,11,2
1,<environment.Job instance at 0x7f540b8638c0>,8,12,[7 5],9,29,41,20,14
1,<environment.Job instance at 0x7f544f8c0aa0>,18,17,[5 4],19,41,58,22,29
1,<environment.Job instance at 0x7f544f8c0d20>,21,3,[5 4],22,41,44,19,40
1,<environment.Job instance at 0x7f540bcfb2d0>,17,17,[2 6],18,44,61,26,42
1,<environment.Job instance at 0x7f544f8c06e0>,22,12,[8 3],23,58,70,35,47
1,<environment.Job instance at 0x7f544f8c0c80>,29,14,[9 4],30,70,84,40,68
1,<environment.Job instance at 0x7f540bde11e0>,37,13,[4 7],38,85,98,47,85
1,<environment.Job instance at 0x7f540bde13c0>,40,16,[10  3],41,98,114,57,87
1,<environment.Job instance at 0x7f540bde1500>,41,17,[10  5],42,114,131,72,102
1,<environment.Job instance at 0x7f544f778d70>,49,18,[5 2],50,131,149,81,120
1,<environment.Job instance at 0x7f5451dd6c80>,54,12,[3 7],55,131,143,76,130
1,<environment.Job instance at 0x7f5451dd6460>,55,12,[3 7],56,143,155,87,132
1,<environment.Job instance at 0x7f5451c7ecd0>,31,18,[4 8],32,163,181,131,163
1,<environment.Job instance at 0x7f544f4c0780>,0,18,[1 7],1,1,19,0,1
1,<environment.Job instance at 0x7f544f5363c0>,1,14,[1 7],2,19,33,17,4
1,<environment.Job instance at 0x7f540b7a9c80>,18,1,[6 4],19,67,68,48,67
1,<environment.Job instance at 0x7f540b7a95a0>,16,12,[5 9],17,106,118,89,106
1,<environment.Job instance at 0x7f544f7c67d0>,34,14,[4 6],35,118,132,83,106
1,<environment.Job instance at 0x7f544f7c6eb0>,38,15,[5 5],39,132,147,93,118
1,<environment.Job instance at 0x7f540b7a5460>,45,3,[6 4],46,151,154,105,151
1,<environment.Job instance at 0x7f544f7c6dc0>,37,17,[2 7],38,154,171,116,151
1,<environment.Job instance at 0x7f540b7a5780>,53,13,[5 2],54,160,173,106,160
1,<environment.Job instance at 0x7f540b7a5e10>,56,13,[6 5],57,173,186,116,171
1,<environment.Job instance at 0x7f540b7a5910>,48,12,[1 8],49,218,230,169,218
1,<environment.Job instance at 0x7f5451fff6e0>,0,1,[1 7],1,1,2,0,1
1,<environment.Job instance at 0x7f5451dd69b0>,1,1,[9 4],2,2,3,0,2
1,<environment.Job instance at 0x7f5451fff910>,2,2,[3 6],3,3,5,0,3
1,<environment.Job instance at 0x7f540bfc9550>,17,3,[ 4 10],18,28,31,10,28
1,<environment.Job instance at 0x7f540bfc92d0>,18,2,[2 5],19,31,33,12,29
1,<environment.Job instance at 0x7f540ba55550>,19,12,[7 5],20,31,43,11,31
1,<environment.Job instance at 0x7f540ba55500>,20,18,[5 6],21,43,61,22,32
1,<environment.Job instance at 0x7f544f80d960>,16,14,[10  1],17,61,75,44,53
1,<environment.Job instance at 0x7f540ba55690>,21,17,[2 9],22,75,92,53,74
1,<environment.Job instance at 0x7f540ba55e60>,32,13,[9 2],33,92,105,59,77
1,<environment.Job instance at 0x7f540ba40410>,39,13,[8 5],40,105,118,65,90
1,<environment.Job instance at 0x7f540ba40140>,43,16,[6 3],44,118,134,74,106
1,<environment.Job instance at 0x7f540ba407d0>,45,13,[4 7],46,118,131,72,106
1,<environment.Job instance at 0x7f540ba40230>,36,26,[9 5],37,147,173,110,147
1,<environment.Job instance at 0x7f540ba78f00>,0,16,[ 2 10],1,1,17,0,1
1,<environment.Job instance at 0x7f540ba596e0>,6,18,[5 8],7,17,35,10,7
1,<environment.Job instance at 0x7f54520a18c0>,12,15,[3 9],13,35,50,22,21
1,<environment.Job instance at 0x7f54520a1c30>,21,15,[2 7],22,50,65,28,48
1,<environment.Job instance at 0x7f54521bdf00>,22,17,[3 5],23,65,82,42,53
1,<environment.Job instance at 0x7f5456a46d70>,23,16,[5 2],24,53,69,29,53
1,<environment.Job instance at 0x7f5451e3d230>,28,13,[8 3],29,82,95,53,66
1,<environment.Job instance at 0x7f544f674730>,34,18,[5 2],35,95,113,60,93
1,<environment.Job instance at 0x7f544f674190>,36,12,[9 5],37,113,125,76,97
1,<environment.Job instance at 0x7f544f674af0>,44,12,[7 2],45,129,141,84,129
1,<environment.Job instance at 0x7f544f6741e0>,51,15,[5 5],52,150,165,98,150
1,<environment.Job instance at 0x7f544f91e780>,53,16,[6 1],54,165,181,111,160
1,<environment.Job instance at 0x7f544f91ef00>,54,12,[7 1],55,181,193,126,164
1,<environment.Job instance at 0x7f544f91e0a0>,58,16,[6 5],59,193,209,134,182
1,<environment.Job instance at 0x7f540ba78410>,3,15,[4 8],4,209,224,205,196
1,<environment.Job instance at 0x7f5451dd6d70>,1,3,[5 9],2,2,5,0,2
1,<environment.Job instance at 0x7f544f41bc80>,2,3,[7 1],3,5,8,2,3
1,<environment.Job instance at 0x7f544f41b9b0>,3,2,[7 5],4,8,10,4,4
1,<environment.Job instance at 0x7f5456c2cd20>,5,17,[8 5],6,10,27,4,6
1,<environment.Job instance at 0x7f544f41b0a0>,7,1,[5 4],8,27,28,19,8
1,<environment.Job instance at 0x7f544f41b0f0>,8,3,[3 5],9,27,30,18,9
1,<environment.Job instance at 0x7f540ba256e0>,9,12,[1 6],10,30,42,20,14
1,<environment.Job instance at 0x7f540bdc6730>,15,15,[7 1],16,28,43,12,17
1,<environment.Job instance at 0x7f540b983a00>,16,16,[7 5],17,43,59,26,41
1,<environment.Job instance at 0x7f540bd2d3c0>,29,14,[7 5],30,59,73,29,52
1,<environment.Job instance at 0x7f540bd2dfa0>,31,13,[5 2],32,79,92,47,79
1,<environment.Job instance at 0x7f544fa93c80>,36,3,[10  3],37,110,113,73,110
1,<environment.Job instance at 0x7f544fbc30f0>,45,17,[6 4],46,132,149,86,132
1,<environment.Job instance at 0x7f540b8b4e60>,46,17,[1 6],47,133,150,86,133
1,<environment.Job instance at 0x7f544f632550>,24,14,[5 8],25,150,164,125,135
1,<environment.Job instance at 0x7f540b8b4640>,47,18,[5 5],48,164,182,116,153
1,<environment.Job instance at 0x7f540b799fa0>,58,17,[5 3],59,179,196,120,179
1,<environment.Job instance at 0x7f54521fcdc0>,44,15,[8 2],45,204,219,159,204
1,<environment.Job instance at 0x7f540ba787d0>,0,3,[10  2],1,1,4,0,1
1,<environment.Job instance at 0x7f544f6320a0>,3,16,[7 2],4,4,20,0,4
1,<environment.Job instance at 0x7f5452198f00>,4,12,[9 3],5,20,32,15,5
1,<environment.Job instance at 0x7f54521bd910>,9,12,[10  4],10,32,44,22,17
1,<environment.Job instance at 0x7f5451dba0a0>,15,18,[7 4],16,44,62,28,33
1,<environment.Job instance at 0x7f540be8f820>,24,15,[5 5],25,62,77,37,48
1,<environment.Job instance at 0x7f540b9a2280>,34,18,[9 1],35,77,95,42,66
1,<environment.Job instance at 0x7f540bf317d0>,38,16,[1 7],39,83,99,44,83
1,<environment.Job instance at 0x7f540bf31550>,40,18,[2 9],41,99,117,58,91
1,<environment.Job instance at 0x7f545209c3c0>,53,3,[1 5],54,117,120,63,116
1,<environment.Job instance at 0x7f545209ce60>,54,17,[5 1],55,116,133,61,116
1,<environment.Job instance at 0x7f545209c1e0>,51,3,[7 2],52,133,136,81,130
1,<environment.Job instance at 0x7f54520902d0>,58,12,[5 5],59,136,148,77,132
1,<environment.Job instance at 0x7f545209ca00>,48,13,[2 9],49,149,162,100,149
1,<environment.Job instance at 0x7f540b799050>,0,17,[7 1],1,1,18,0,1
1,<environment.Job instance at 0x7f544fa9e820>,2,15,[3 6],3,3,18,0,3
1,<environment.Job instance at 0x7f540be95870>,14,13,[5 5],15,18,31,3,18
1,<environment.Job instance at 0x7f540be958c0>,17,2,[4 9],18,31,33,13,18
1,<environment.Job instance at 0x7f540be956e0>,20,14,[10  4],21,33,47,12,23
1,<environment.Job instance at 0x7f540be95190>,22,3,[2 8],23,47,50,24,23
1,<environment.Job instance at 0x7f544f4ba230>,23,2,[6 4],24,50,52,26,24
1,<environment.Job instance at 0x7f540be955a0>,24,1,[7 5],25,52,53,27,25
1,<environment.Job instance at 0x7f544f536780>,26,3,[8 5],27,53,56,26,27
1,<environment.Job instance at 0x7f5456c3fdc0>,27,3,[8 1],28,47,50,19,29
1,<environment.Job instance at 0x7f544fb190a0>,29,18,[8 2],30,56,74,26,45
1,<environment.Job instance at 0x7f544fb19690>,34,15,[7 2],35,74,89,39,60
1,<environment.Job instance at 0x7f544fb19be0>,42,12,[5 5],43,89,101,46,72
1,<environment.Job instance at 0x7f540bae4c80>,51,12,[ 1 10],52,109,121,57,109
1,<environment.Job instance at 0x7f540bae4280>,58,3,[6 1],59,123,126,64,123
1,<environment.Job instance at 0x7f540bae49b0>,56,15,[4 7],57,144,159,87,144
1,<environment.Job instance at 0x7f545201c190>,0,15,[4 8],1,1,16,0,1
1,<environment.Job instance at 0x7f5451da89b0>,5,15,[9 1],6,16,31,10,6
1,<environment.Job instance at 0x7f5451da8e60>,11,14,[1 5],12,16,30,4,15
1,<environment.Job instance at 0x7f540c001be0>,17,15,[1 6],18,30,45,12,18
1,<environment.Job instance at 0x7f540be4f0a0>,22,14,[5 7],23,45,59,22,40
1,<environment.Job instance at 0x7f544f6bc140>,24,16,[4 7],25,59,75,34,59
1,<environment.Job instance at 0x7f544f64c190>,39,14,[5 4],40,100,114,60,100
1,<environment.Job instance at 0x7f544f64c7d0>,40,15,[5 3],41,100,115,59,100
1,<environment.Job instance at 0x7f5451dc5640>,48,17,[10  4],49,131,148,82,131
1,<environment.Job instance at 0x7f544fb829b0>,51,17,[4 7],52,148,165,96,139
1,<environment.Job instance at 0x7f544fb821e0>,52,15,[2 7],53,165,180,112,152
1,<environment.Job instance at 0x7f5452051eb0>,55,14,[5 1],56,152,166,96,152
1,<environment.Job instance at 0x7f5452051be0>,58,16,[9 2],59,180,196,121,167
1,<environment.Job instance at 0x7f5452051aa0>,53,17,[4 9],54,196,213,142,184
1,<environment.Job instance at 0x7fb61992f230>,0,17,[6 1],1,3,20,2,3
1,<environment.Job instance at 0x7fb61992f1e0>,6,15,[2 8],7,9,24,2,9
1,<environment.Job instance at 0x7fb61451f6e0>,8,17,[1 8],9,24,41,15,12
1,<environment.Job instance at 0x7fb61451ff50>,20,3,[10  5],21,41,44,20,41
1,<environment.Job instance at 0x7fb614520370>,22,12,[3 8],23,44,56,21,41
1,<environment.Job instance at 0x7fb614520820>,27,17,[4 6],28,64,81,36,64
1,<environment.Job instance at 0x7fb614520d20>,34,14,[1 9],35,101,115,66,101
1,<environment.Job instance at 0x7fb614520e60>,36,2,[7 5],37,115,117,78,105
1,<environment.Job instance at 0x7fb614520e10>,38,2,[6 1],39,106,108,67,106
1,<environment.Job instance at 0x7fb614520eb0>,39,14,[9 4],40,117,131,77,108
1,<environment.Job instance at 0x7fb6145245a0>,43,12,[4 5],44,131,143,87,121
1,<environment.Job instance at 0x7fb614524640>,44,3,[5 1],45,131,134,86,121
1,<environment.Job instance at 0x7fb6145246e0>,46,2,[3 5],47,134,136,87,121
1,<environment.Job instance at 0x7fb614524820>,47,13,[ 3 10],48,143,156,95,127
1,<environment.Job instance at 0x7fb6145245f0>,54,18,[7 1],55,156,174,101,145
1,<environment.Job instance at 0x7fb614524dc0>,55,12,[2 6],56,156,168,100,145
1,<environment.Job instance at 0x7fb6145280f0>,62,14,[4 9],63,174,188,111,159
1,<environment.Job instance at 0x7fb614528690>,67,16,[1 9],68,188,204,120,175
1,<environment.Job instance at 0x7fb614524410>,45,15,[7 5],46,206,221,160,206
1,<environment.Job instance at 0x7fb619a9ed20>,0,1,[5 4],1,1,2,0,1
1,<environment.Job instance at 0x7fb614524370>,1,2,[5 1],2,2,4,0,2
1,<environment.Job instance at 0x7fb619a9e5a0>,2,18,[3 5],3,3,21,0,3
1,<environment.Job instance at 0x7fb619aa4c80>,8,14,[6 1],9,9,23,0,9
1,<environment.Job instance at 0x7fb619a97960>,14,1,[5 5],15,23,24,8,15
1,<environment.Job instance at 0x7fb619a97c30>,16,3,[6 3],17,24,27,7,17
1,<environment.Job instance at 0x7fb619a97fa0>,18,16,[4 9],19,27,43,8,19
1,<environment.Job instance at 0x7fb619959550>,22,12,[5 5],23,43,55,20,29
1,<environment.Job instance at 0x7fb619959b40>,26,18,[2 6],27,55,73,28,55
1,<environment.Job instance at 0x7fb619959fa0>,30,2,[5 9],31,73,75,42,56
1,<environment.Job instance at 0x7fb619959460>,32,13,[9 4],33,75,88,42,59
1,<environment.Job instance at 0x7fb619959be0>,35,16,[7 5],36,88,104,52,75
1,<environment.Job instance at 0x7fb619aa4500>,10,1,[5 5],11,104,105,93,78
1,<environment.Job instance at 0x7fb619a96d70>,42,12,[1 6],43,105,117,62,93
1,<environment.Job instance at 0x7fb619a96be0>,43,17,[5 1],44,104,121,60,93
1,<environment.Job instance at 0x7fb61995b4b0>,46,12,[8 4],47,121,133,74,104
1,<environment.Job instance at 0x7fb619aa32d0>,57,14,[7 2],58,142,156,84,142
1,<environment.Job instance at 0x7fb619aaa640>,60,17,[9 5],61,156,173,95,145
1,<environment.Job instance at 0x7fb619aaa7d0>,64,12,[5 4],65,173,185,108,161
1,<environment.Job instance at 0x7fb619aaae60>,68,3,[4 6],69,173,176,104,172
1,<environment.Job instance at 0x7fb614524410>,7,16,[8 1],8,185,201,177,178
1,<environment.Job instance at 0x7fb619aa6230>,38,3,[5 5],39,181,184,142,181
1,<environment.Job instance at 0x7fb5d81e5280>,13,18,[ 3 10],14,201,219,187,195
1,<environment.Job instance at 0x7fb5ce9d42d0>,0,2,[7 5],1,1,3,0,1
1,<environment.Job instance at 0x7fb5ce853dc0>,3,1,[2 7],4,4,5,0,4
1,<environment.Job instance at 0x7fb5ce853eb0>,9,17,[5 7],10,19,36,9,19
1,<environment.Job instance at 0x7fb5ce80e1e0>,29,14,[ 5 10],30,64,78,34,64
1,<environment.Job instance at 0x7fb5ce7fe870>,31,13,[5 7],32,78,91,46,66
1,<environment.Job instance at 0x7fb5ce7fee60>,32,3,[8 5],33,91,94,58,66
1,<environment.Job instance at 0x7fb5ce7fe5f0>,37,16,[8 4],38,94,110,56,82
1,<environment.Job instance at 0x7fb5ce7fee10>,41,18,[6 2],42,110,128,68,99
1,<environment.Job instance at 0x7fb5ce820f00>,47,13,[9 5],48,128,141,80,114
1,<environment.Job instance at 0x7fb5ce820be0>,50,17,[9 5],51,141,158,90,130
1,<environment.Job instance at 0x7fb5ce8202d0>,55,15,[5 3],56,158,173,102,150
1,<environment.Job instance at 0x7fb5ce818dc0>,62,3,[8 2],63,173,176,110,173
1,<environment.Job instance at 0x7fb5ce8187d0>,66,16,[6 5],67,192,208,125,192
1,<environment.Job instance at 0x7fb5ce80ea50>,24,14,[10  5],25,215,229,190,215
1,<environment.Job instance at 0x7fb5ce81a960>,1,17,[3 6],2,2,19,0,2
1,<environment.Job instance at 0x7fb5ce777dc0>,6,16,[1 8],7,19,35,12,9
1,<environment.Job instance at 0x7fb5cebde820>,17,12,[4 8],18,35,47,17,23
1,<environment.Job instance at 0x7fb5ce9a13c0>,19,13,[4 5],20,47,60,27,46
1,<environment.Job instance at 0x7fb5ce9a1730>,28,13,[2 7],29,60,73,31,58
1,<environment.Job instance at 0x7fb5ce8ed320>,30,13,[5 9],31,73,86,42,58
1,<environment.Job instance at 0x7fb5ce8edfa0>,31,13,[8 1],32,60,73,28,59
1,<environment.Job instance at 0x7fb5ce8edb90>,34,13,[4 5],35,86,99,51,71
1,<environment.Job instance at 0x7fb5ce8ed370>,40,13,[3 5],41,86,99,45,85
1,<environment.Job instance at 0x7fb5ce8e0f00>,41,16,[5 8],42,99,115,57,86
1,<environment.Job instance at 0x7fb5cebde960>,13,18,[5 1],14,99,117,85,92
1,<environment.Job instance at 0x7fb5ce8e0410>,47,14,[10  5],48,117,131,69,116
1,<environment.Job instance at 0x7fb5ce8ee870>,59,18,[5 2],60,131,149,71,124
1,<environment.Job instance at 0x7fb5cee3f820>,62,18,[3 8],63,131,149,68,124
1,<environment.Job instance at 0x7fb5cee3f0f0>,63,13,[8 3],64,149,162,85,133
1,<environment.Job instance at 0x7fb5ce8ee050>,56,15,[6 5],57,162,177,105,149
1,<environment.Job instance at 0x7fb5ce7feeb0>,0,15,[5 8],1,1,16,0,1
1,<environment.Job instance at 0x7fb5ce8fa0a0>,4,16,[7 5],5,16,32,11,5
1,<environment.Job instance at 0x7fb5ce8f8500>,8,13,[8 4],9,32,45,23,16
1,<environment.Job instance at 0x7fb5cec26be0>,28,14,[7 1],29,73,87,44,73
1,<environment.Job instance at 0x7fb5cec26f50>,29,12,[6 3],30,87,99,57,77
1,<environment.Job instance at 0x7fb5cec111e0>,30,3,[5 2],31,99,102,68,77
1,<environment.Job instance at 0x7fb5cec11410>,34,15,[2 6],35,82,97,47,82
1,<environment.Job instance at 0x7fb5cec11730>,38,14,[9 4],39,102,116,63,87
1,<environment.Job instance at 0x7fb5cec112d0>,32,2,[6 5],33,116,118,83,95
1,<environment.Job instance at 0x7fb5cec11370>,33,16,[4 5],34,125,141,91,125
1,<environment.Job instance at 0x7fb5cec11820>,50,3,[10  4],51,144,147,93,144
1,<environment.Job instance at 0x7fb5cec0b410>,57,3,[9 3],58,147,150,89,144
1,<environment.Job instance at 0x7fb5cec0bd70>,59,15,[ 2 10],60,150,165,90,144
1,<environment.Job instance at 0x7fb5cec0baf0>,55,3,[10  5],56,165,168,109,153
1,<environment.Job instance at 0x7fb5cec0beb0>,66,13,[2 5],67,168,181,101,154
1,<environment.Job instance at 0x7fb5cec11b90>,45,27,[4 5],46,168,195,122,167
1,<environment.Job instance at 0x7fb5ce8e0d70>,0,14,[2 9],1,1,15,0,1
1,<environment.Job instance at 0x7fb5cebca050>,4,16,[5 2],5,15,31,10,5
1,<environment.Job instance at 0x7fb5ceddc550>,15,13,[9 1],16,31,44,15,16
1,<environment.Job instance at 0x7fb5ceddc5f0>,25,15,[1 5],26,30,45,4,30
1,<environment.Job instance at 0x7fb5ceddc960>,27,13,[ 5 10],28,45,58,17,32
1,<environment.Job instance at 0x7fb61953e820>,30,16,[ 4 10],31,58,74,27,45
1,<environment.Job instance at 0x7fb61494b410>,34,17,[6 1],35,74,91,39,62
1,<environment.Job instance at 0x7fb6146aa0f0>,36,17,[7 4],37,91,108,54,79
1,<environment.Job instance at 0x7fb6146aa6e0>,41,13,[1 7],42,108,121,66,92
1,<environment.Job instance at 0x7fb61430e8c0>,48,15,[10  4],49,121,136,72,108
1,<environment.Job instance at 0x7fb61430e960>,51,16,[4 5],52,136,152,84,123
1,<environment.Job instance at 0x7fb6142fb820>,57,16,[7 4],58,152,168,94,139
1,<environment.Job instance at 0x7fb6142fb370>,61,16,[4 5],62,168,184,106,155
1,<environment.Job instance at 0x7fb6142fb5a0>,64,12,[8 1],65,184,196,119,167
1,<environment.Job instance at 0x7fb6142fba00>,68,3,[2 9],69,184,187,115,167
1,<environment.Job instance at 0x7fb5ceddcb90>,18,16,[5 2],19,196,212,177,191
1,<environment.Job instance at 0x7fb5cec18b90>,0,12,[10  5],1,1,13,0,1
1,<environment.Job instance at 0x7fb614baf910>,12,12,[7 5],13,22,34,9,22
1,<environment.Job instance at 0x7fb6149467d0>,15,17,[ 5 10],16,34,51,18,26
1,<environment.Job instance at 0x7fb614bd6730>,18,14,[8 2],19,51,65,32,36
1,<environment.Job instance at 0x7fb614bd6b90>,23,13,[ 4 10],24,65,78,41,53
1,<environment.Job instance at 0x7fb6145a8820>,27,1,[4 6],28,78,79,50,54
1,<environment.Job instance at 0x7fb6145a85a0>,29,15,[9 5],30,82,97,52,82
1,<environment.Job instance at 0x7fb61430d410>,34,1,[ 3 10],35,97,98,62,83
1,<environment.Job instance at 0x7fb61430d7d0>,35,14,[3 8],36,98,112,62,88
1,<environment.Job instance at 0x7fb5cebca6e0>,38,15,[2 9],39,112,127,73,98
1,<environment.Job instance at 0x7fb5cebcaa50>,40,12,[4 5],41,127,139,86,110
1,<environment.Job instance at 0x7fb5ce7e2370>,45,13,[6 3],46,127,140,81,111
1,<environment.Job instance at 0x7fb6146d70a0>,30,13,[5 5],31,140,153,109,125
1,<environment.Job instance at 0x7fb5ce7e2be0>,52,14,[5 3],53,140,154,87,136
1,<environment.Job instance at 0x7fb5cee545f0>,53,12,[2 7],54,153,165,99,136
1,<environment.Job instance at 0x7fb6148da730>,56,3,[6 4],57,165,168,108,139
1,<environment.Job instance at 0x7fb614dd2aa0>,60,13,[5 5],61,168,181,107,152
1,<environment.Job instance at 0x7fb619a9c550>,0,15,[2 5],1,1,16,0,1
1,<environment.Job instance at 0x7fb614aea3c0>,2,17,[4 5],3,3,20,0,3
1,<environment.Job instance at 0x7fb61470d320>,6,16,[1 9],7,20,36,13,7
1,<environment.Job instance at 0x7fb61432cfa0>,21,15,[8 1],22,60,75,38,60
1,<environment.Job instance at 0x7fb5ce8995a0>,31,14,[9 2],32,86,100,54,86
1,<environment.Job instance at 0x7fb5cee58b40>,40,14,[7 2],41,101,115,60,101
1,<environment.Job instance at 0x7fb5ce66a0a0>,42,17,[8 1],43,115,132,72,115
1,<environment.Job instance at 0x7fb61444e500>,13,16,[6 5],14,132,148,118,131
1,<environment.Job instance at 0x7fb5ce6693c0>,49,18,[3 8],50,148,166,98,137
1,<environment.Job instance at 0x7fb5cee57cd0>,56,18,[9 3],57,166,184,109,155
1,<environment.Job instance at 0x7fb5cee572d0>,61,12,[2 6],62,184,196,122,171
1,<environment.Job instance at 0x7fb5ce67e910>,63,17,[4 7],64,196,213,132,184
1,<environment.Job instance at 0x7fb5ce7e2d20>,5,17,[8 2],6,217,234,211,217
1,<environment.Job instance at 0x7fb5cee54b40>,3,12,[8 2],4,4,16,0,4
1,<environment.Job instance at 0x7fb614a70230>,4,16,[1 5],5,5,21,0,5
1,<environment.Job instance at 0x7fb614a70f00>,7,18,[10  5],8,21,39,13,12
1,<environment.Job instance at 0x7fb614c384b0>,13,14,[6 5],14,39,53,25,27
1,<environment.Job instance at 0x7fb61510f0a0>,39,15,[ 3 10],40,109,124,69,109
1,<environment.Job instance at 0x7fb61510f8c0>,40,17,[10  2],41,124,141,83,112
1,<environment.Job instance at 0x7fb61510ff50>,42,14,[5 1],43,141,155,98,128
1,<environment.Job instance at 0x7fb61510f460>,46,14,[8 4],47,155,169,108,140
1,<environment.Job instance at 0x7fb61510faf0>,54,18,[6 2],55,169,187,114,158
1,<environment.Job instance at 0x7fb61486acd0>,58,13,[1 5],59,161,174,102,161
1,<environment.Job instance at 0x7fb61486ae10>,61,14,[3 6],62,174,188,112,161
1,<environment.Job instance at 0x7fb61486aaa0>,65,16,[9 2],66,234,250,168,234
1,<environment.Job instance at 0x7fb614af3b90>,0,13,[5 4],1,1,14,0,1
1,<environment.Job instance at 0x7fb5cebdf140>,2,3,[9 5],3,14,17,11,3
1,<environment.Job instance at 0x7fb5cebdfe10>,3,3,[1 8],4,17,20,13,4
1,<environment.Job instance at 0x7fb5cebdf1e0>,4,2,[9 2],5,17,19,12,5
1,<environment.Job instance at 0x7fb5cebdfc30>,5,15,[6 2],6,19,34,13,6
1,<environment.Job instance at 0x7fb5cee05f00>,6,2,[10  2],7,34,36,27,7
1,<environment.Job instance at 0x7fb5cebc8f50>,16,16,[8 2],17,36,52,19,28
1,<environment.Job instance at 0x7fb614d063c0>,19,16,[7 4],20,52,68,32,42
1,<environment.Job instance at 0x7fb614903460>,24,14,[ 1 10],25,68,82,43,54
1,<environment.Job instance at 0x7fb5cee16230>,30,12,[2 9],31,82,94,51,72
1,<environment.Job instance at 0x7fb5cee16960>,32,16,[5 4],33,94,110,61,81
1,<environment.Job instance at 0x7fb5cee162d0>,35,15,[5 6],36,94,109,58,92
1,<environment.Job instance at 0x7fb5cee16320>,37,14,[7 2],38,110,124,72,95
1,<environment.Job instance at 0x7fb614632c30>,41,17,[ 4 10],42,124,141,82,112
1,<environment.Job instance at 0x7fb5cecbeaf0>,52,14,[2 6],53,151,165,98,151
1,<environment.Job instance at 0x7fb6144469b0>,55,15,[4 7],56,165,180,109,151
1,<environment.Job instance at 0x7fb614446e60>,57,17,[8 4],58,180,197,122,168
1,<environment.Job instance at 0x7fb614e4b8c0>,49,13,[10  5],50,197,210,147,181
1,<environment.Job instance at 0x7fb614903f50>,22,12,[7 2],23,210,222,187,205
1,<environment.Job instance at 0x7fb614ce1cd0>,64,2,[3 6],65,212,214,147,212
1,<environment.Job instance at 0x7fb5cec46f00>,0,2,[2 7],1,1,3,0,1
1,<environment.Job instance at 0x7fb5ceac25a0>,2,1,[5 9],3,3,4,0,3
1,<environment.Job instance at 0x7fb615199b90>,3,18,[6 4],4,4,22,0,4
1,<environment.Job instance at 0x7fb6142ba820>,21,16,[1 6],22,26,42,4,26
1,<environment.Job instance at 0x7fb614a32fa0>,27,17,[5 7],28,42,59,14,41
1,<environment.Job instance at 0x7fb5ced4fbe0>,29,12,[1 9],30,59,71,29,44
1,<environment.Job instance at 0x7fb614dcc410>,34,12,[1 5],35,71,83,36,54
1,<environment.Job instance at 0x7fb61506e640>,36,12,[6 4],37,71,83,34,54
1,<environment.Job instance at 0x7fb6145a40a0>,38,17,[5 4],39,83,100,44,71
1,<environment.Job instance at 0x7fb614361eb0>,42,12,[8 3],43,100,112,57,83
1,<environment.Job instance at 0x7fb5cedbeeb0>,48,14,[4 5],49,112,126,63,98
1,<environment.Job instance at 0x7fb5cead3e60>,57,13,[4 7],58,133,146,75,133
1,<environment.Job instance at 0x7fb5cead3960>,59,14,[4 7],60,146,160,86,135
1,<environment.Job instance at 0x7fb5cead3f00>,60,16,[10  3],61,160,176,99,151
1,<environment.Job instance at 0x7fb5ce873320>,66,13,[8 5],67,176,189,109,160
1,<environment.Job instance at 0x7fb61506a230>,0,3,[ 1 10],1,1,4,0,1
1,<environment.Job instance at 0x7fb5ce60df50>,1,2,[ 2 10],2,4,6,2,2
1,<environment.Job instance at 0x7fb61506acd0>,2,3,[5 7],3,6,9,3,3
1,<environment.Job instance at 0x7fb615199aa0>,4,12,[3 7],5,9,21,4,5
1,<environment.Job instance at 0x7fb5cec46230>,7,16,[2 7],8,21,37,13,8
1,<environment.Job instance at 0x7fb614392640>,8,15,[6 2],9,9,24,0,9
1,<environment.Job instance at 0x7fb5ceb52460>,9,14,[7 2],10,24,38,14,10
1,<environment.Job instance at 0x7fb5ce9d95a0>,31,12,[3 9],32,64,76,32,64
1,<environment.Job instance at 0x7fb5ce9d99b0>,35,14,[7 3],36,107,121,71,107
1,<environment.Job instance at 0x7fb5ce9d9f50>,40,12,[3 6],41,107,119,66,107
1,<environment.Job instance at 0x7fb5ce9d5190>,44,14,[4 6],45,128,142,83,128
1,<environment.Job instance at 0x7fb5ce9d5370>,48,15,[5 5],49,142,157,93,135
1,<environment.Job instance at 0x7fb5ce9d54b0>,50,15,[6 3],51,157,172,106,143
1,<environment.Job instance at 0x7fb5ce9d5870>,56,15,[5 1],57,172,187,115,158
1,<environment.Job instance at 0x7fb5ce9d59b0>,58,12,[1 8],59,172,184,113,158
1,<environment.Job instance at 0x7fb5ce9d5c30>,61,15,[6 3],62,187,202,125,173
1,<environment.Job instance at 0x7fb5ce9d5d70>,62,12,[6 2],63,202,214,139,185
1,<environment.Job instance at 0x7fb5ce9cc320>,68,12,[5 5],69,214,226,145,202
1,<environment.Job instance at 0x7fb5ce9d9140>,24,13,[7 3],25,226,239,201,224
1,<environment.Job instance at 0x7fb5ce9ccbe0>,0,1,[1 7],1,1,2,0,1
1,<environment.Job instance at 0x7fb5ceec1a00>,2,2,[3 6],3,3,5,0,3
1,<environment.Job instance at 0x7fb6152486e0>,10,17,[5 8],11,16,33,5,16
1,<environment.Job instance at 0x7fb615248b90>,15,17,[6 3],16,33,50,17,21
1,<environment.Job instance at 0x7fb615248910>,18,2,[2 5],19,33,35,14,25
1,<environment.Job instance at 0x7fb615248e60>,19,12,[7 5],20,50,62,30,34
1,<environment.Job instance at 0x7fb6144464b0>,26,13,[9 1],27,62,75,35,46
1,<environment.Job instance at 0x7fb61461cb40>,45,13,[4 7],46,104,117,58,104
1,<environment.Job instance at 0x7fb61461c640>,46,2,[2 8],47,117,119,70,104
1,<environment.Job instance at 0x7fb61461c550>,48,2,[5 5],49,119,121,70,105
1,<environment.Job instance at 0x7fb5cec50910>,59,13,[ 1 10],60,166,179,106,166
1,<environment.Job instance at 0x7fb5cec503c0>,62,3,[7 4],63,179,182,116,170
1,<environment.Job instance at 0x7fb5cec50500>,63,15,[4 8],64,182,197,118,170
1,<environment.Job instance at 0x7fb614508dc0>,67,13,[5 8],68,197,210,129,181
1,<environment.Job instance at 0x7fb61461c5a0>,43,16,[6 3],44,210,226,166,200
1,<environment.Job instance at 0x7fb5ced1c190>,0,14,[6 3],1,1,15,0,1
1,<environment.Job instance at 0x7fb5cec07320>,2,15,[3 9],3,15,30,12,3
1,<environment.Job instance at 0x7fb614340aa0>,11,15,[2 7],12,36,51,24,36
1,<environment.Job instance at 0x7fb614340870>,16,17,[7 3],17,40,57,23,40
1,<environment.Job instance at 0x7fb614340690>,17,3,[10  5],18,57,60,39,45
1,<environment.Job instance at 0x7fb614340050>,20,13,[1 9],21,60,73,39,49
1,<environment.Job instance at 0x7fb6143402d0>,15,13,[10  5],16,73,86,57,64
1,<environment.Job instance at 0x7fb5ce9d5280>,31,18,[7 2],32,110,128,78,110
1,<environment.Job instance at 0x7fb614fa7d70>,41,15,[5 5],42,128,143,86,114
1,<environment.Job instance at 0x7fb614fa7460>,43,16,[6 1],44,143,159,99,134
1,<environment.Job instance at 0x7fb614fa7dc0>,46,13,[8 4],47,159,172,112,154
1,<environment.Job instance at 0x7fb5ce87e3c0>,55,17,[8 5],56,176,193,120,176
1,<environment.Job instance at 0x7fb5ce87eaf0>,61,3,[7 5],62,193,196,131,183
1,<environment.Job instance at 0x7fb5ce87edc0>,62,15,[4 9],63,196,211,133,184
1,<environment.Job instance at 0x7fb614340b90>,0,3,[9 1],1,1,4,0,1
1,<environment.Job instance at 0x7fb6148e67d0>,2,18,[8 1],3,5,23,2,5
1,<environment.Job instance at 0x7fb5cee113c0>,9,14,[7 5],10,23,37,13,10
1,<environment.Job instance at 0x7fb5cee11370>,17,1,[ 4 10],18,44,45,26,44
1,<environment.Job instance at 0x7fb5cee11690>,18,13,[2 7],19,45,58,26,44
1,<environment.Job instance at 0x7fb5ce609cd0>,22,17,[5 9],23,58,75,35,53
1,<environment.Job instance at 0x7fb5ce609e10>,24,15,[8 2],25,75,90,50,62
1,<environment.Job instance at 0x7fb5ce609fa0>,26,17,[1 6],27,75,92,48,65
1,<environment.Job instance at 0x7fb5ce609a50>,27,18,[5 5],28,92,110,64,83
1,<environment.Job instance at 0x7fb5cee114b0>,12,18,[5 3],13,90,108,77,84
1,<environment.Job instance at 0x7fb5ce621820>,37,3,[5 6],38,112,115,74,112
1,<environment.Job instance at 0x7fb5ce6218c0>,38,17,[5 3],39,112,129,73,112
1,<environment.Job instance at 0x7fb5ce621960>,39,13,[7 1],40,129,142,89,113
1,<environment.Job instance at 0x7fb5ce621b40>,42,14,[3 8],43,129,143,86,115
1,<environment.Job instance at 0x7fb5ce621dc0>,44,12,[9 3],45,143,155,98,128
1,<environment.Job instance at 0x7fb5ce621c30>,48,15,[3 9],49,155,170,106,155
1,<environment.Job instance at 0x7fb5ce87ef50>,4,14,[5 8],5,170,184,165,155
1,<environment.Job instance at 0x7fb5ce624640>,56,1,[4 5],57,184,185,127,161
1,<environment.Job instance at 0x7fb5ce624960>,61,3,[10  5],62,185,188,123,166
1,<environment.Job instance at 0x7fb5ce624b40>,62,14,[4 6],63,188,202,125,173
1,<environment.Job instance at 0x7fb5ce624e10>,65,14,[5 9],66,202,216,136,187
1,<environment.Job instance at 0x7fb5ce603820>,0,13,[7 3],1,1,14,0,1
1,<environment.Job instance at 0x7fb5ce9cc690>,1,12,[3 8],2,14,26,12,3
1,<environment.Job instance at 0x7fb5ce61e820>,12,3,[8 4],13,26,29,13,13
1,<environment.Job instance at 0x7fb5ce61e3c0>,14,3,[3 5],15,29,32,14,17
1,<environment.Job instance at 0x7fb614cada50>,16,13,[7 1],17,29,42,12,18
1,<environment.Job instance at 0x7fb614cad460>,18,13,[2 9],19,32,45,13,29
1,<environment.Job instance at 0x7fb614caddc0>,24,17,[5 1],25,42,59,17,33
1,<environment.Job instance at 0x7fb614cade60>,28,12,[5 5],29,45,57,16,34
1,<environment.Job instance at 0x7fb6142af5f0>,31,17,[7 4],32,59,76,27,59
1,<environment.Job instance at 0x7fb614c2f640>,34,12,[1 5],35,60,72,25,60
1,<environment.Job instance at 0x7fb614c2f1e0>,35,18,[8 2],36,76,94,40,67
1,<environment.Job instance at 0x7fb5ceba6cd0>,50,14,[10  4],51,103,117,52,103
1,<environment.Job instance at 0x7fb6145fb050>,61,2,[3 8],62,125,127,63,125
1,<environment.Job instance at 0x7fb6145fb370>,62,1,[8 4],63,127,128,64,125
1,<environment.Job instance at 0x7fb614730460>,63,14,[5 7],64,128,142,64,125
1,<environment.Job instance at 0x7fb614730190>,64,15,[7 2],65,142,157,77,128
1,<environment.Job instance at 0x7fb614730cd0>,65,18,[9 1],66,157,175,91,146
1,<environment.Job instance at 0x7fb5cedbb0f0>,0,15,[5 8],1,1,16,0,1
1,<environment.Job instance at 0x7fb5ce7ca550>,2,12,[5 5],3,16,28,13,3
1,<environment.Job instance at 0x7fb61452ce10>,13,3,[4 7],14,28,31,14,14
1,<environment.Job instance at 0x7fb61452caa0>,14,17,[5 4],15,31,48,16,19
1,<environment.Job instance at 0x7fb614c39190>,16,15,[4 7],17,48,63,31,35
1,<environment.Job instance at 0x7fb5ceaec780>,8,3,[1 5],9,35,38,26,35
1,<environment.Job instance at 0x7fb5ce937e60>,18,3,[6 1],19,48,51,29,35
1,<environment.Job instance at 0x7fb6145a4d20>,28,16,[6 5],29,63,79,34,51
1,<environment.Job instance at 0x7fb5cedcc140>,31,14,[1 5],32,63,77,31,60
1,<environment.Job instance at 0x7fb614d33f00>,33,14,[4 9],34,79,93,45,64
1,<environment.Job instance at 0x7fb5ceaec230>,9,25,[ 3 10],10,94,119,84,94
1,<environment.Job instance at 0x7fb614d33cd0>,40,16,[3 7],41,149,165,108,149
1,<environment.Job instance at 0x7fb5cee15190>,61,3,[5 5],62,165,168,103,161
1,<environment.Job instance at 0x7fb5ceddaf00>,62,15,[ 1 10],63,168,183,105,161
1,<environment.Job instance at 0x7fb5ce76b910>,5,13,[2 6],6,183,196,177,180
1,<environment.Job instance at 0x7fb5ced4f320>,57,18,[3 9],58,204,222,146,204
1,<environment.Job instance at 0x7fb6151d5d20>,0,14,[2 8],1,1,15,0,1
1,<environment.Job instance at 0x7fb5ced4f730>,1,17,[4 7],2,15,32,13,3
1,<environment.Job instance at 0x7fb61460c4b0>,5,14,[5 1],6,6,20,0,6
1,<environment.Job instance at 0x7fb61438e230>,11,16,[2 7],12,32,48,20,23
1,<environment.Job instance at 0x7fb61438e2d0>,18,13,[ 5 10],19,48,61,29,32
1,<environment.Job instance at 0x7fb61438ef00>,16,2,[1 9],17,61,63,44,47
1,<environment.Job instance at 0x7fb61452eb90>,22,18,[4 5],23,63,81,40,52
1,<environment.Job instance at 0x7fb5ce6d4370>,26,13,[5 6],27,81,94,54,65
1,<environment.Job instance at 0x7fb614a0fd70>,36,14,[6 1],37,94,108,57,84
1,<environment.Job instance at 0x7fb614420820>,40,18,[7 3],41,108,126,67,102
1,<environment.Job instance at 0x7fb614428140>,46,12,[4 7],47,126,138,79,113
1,<environment.Job instance at 0x7fb614428eb0>,51,17,[ 2 10],52,138,155,86,135
1,<environment.Job instance at 0x7fb614428aa0>,53,18,[9 2],54,155,173,101,145
1,<environment.Job instance at 0x7fb61442b4b0>,58,3,[1 9],59,173,176,114,151
1,<environment.Job instance at 0x7fb61442b5f0>,59,15,[6 5],60,176,191,116,165
1,<environment.Job instance at 0x7fb61442b230>,64,16,[3 9],65,191,207,126,178
1,<environment.Job instance at 0x7fb61442bcd0>,67,18,[ 3 10],68,207,225,139,196
1,<environment.Job instance at 0x7fb614353320>,0,1,[9 3],1,1,2,0,1
1,<environment.Job instance at 0x7fb6196a78c0>,1,1,[4 6],2,2,3,0,2
1,<environment.Job instance at 0x7fb6143535a0>,2,18,[4 7],3,3,21,0,3
1,<environment.Job instance at 0x7fb5cee0d0f0>,8,3,[9 2],9,21,24,12,11
1,<environment.Job instance at 0x7fb5ce609c80>,15,2,[4 9],16,24,26,8,16
1,<environment.Job instance at 0x7fb5cee0dd20>,9,15,[5 5],10,26,41,16,18
1,<environment.Job instance at 0x7fb614eb31e0>,27,15,[5 5],28,49,64,21,49
1,<environment.Job instance at 0x7fb614eb3500>,29,18,[9 5],30,64,82,34,64
1,<environment.Job instance at 0x7fb614eb3c30>,33,1,[6 2],34,82,83,48,70
1,<environment.Job instance at 0x7fb614eb39b0>,34,2,[8 4],35,83,85,48,70
1,<environment.Job instance at 0x7fb614eb3aa0>,35,16,[3 8],36,85,101,49,72
1,<environment.Job instance at 0x7fb614eb3d20>,36,14,[4 7],37,101,115,64,88
1,<environment.Job instance at 0x7fb5ce8b1550>,41,17,[7 2],42,115,132,73,103
1,<environment.Job instance at 0x7fb5ce8b1c30>,46,14,[1 5],47,115,129,68,107
1,<environment.Job instance at 0x7fb5ce8b10f0>,51,17,[3 7],52,138,155,86,138
1,<environment.Job instance at 0x7fb61490f4b0>,60,14,[6 3],61,143,157,82,143
1,<environment.Job instance at 0x7fb61490f550>,61,15,[10  5],62,157,172,95,144
1,<environment.Job instance at 0x7fb61490ff00>,63,2,[4 8],64,172,174,108,153
1,<environment.Job instance at 0x7fb61490fcd0>,65,12,[5 9],66,174,186,108,157
1,<environment.Job instance at 0x7fb6147790f0>,0,2,[8 2],1,1,3,0,1
1,<environment.Job instance at 0x7fb614779910>,2,1,[4 6],3,3,4,0,3
1,<environment.Job instance at 0x7fb614779af0>,3,18,[ 3 10],4,4,22,0,4
1,<environment.Job instance at 0x7fb5cea6c5a0>,8,12,[10  2],9,22,34,13,9
1,<environment.Job instance at 0x7fb614600b40>,17,15,[ 3 10],18,34,49,16,33
1,<environment.Job instance at 0x7fb614600780>,23,17,[ 2 10],24,49,66,25,48
1,<environment.Job instance at 0x7fb5cec6fd20>,24,12,[4 9],25,66,78,41,49
1,<environment.Job instance at 0x7fb5cea84f00>,28,15,[10  2],29,78,93,49,65
1,<environment.Job instance at 0x7fb5ce5c1140>,37,12,[ 3 10],38,93,105,55,93
1,<environment.Job instance at 0x7fb5ceb24cd0>,38,15,[8 2],39,105,120,66,93
1,<environment.Job instance at 0x7fb5ce9699b0>,47,2,[1 5],48,128,130,80,128
1,<environment.Job instance at 0x7fb614b619b0>,31,18,[4 6],32,140,158,108,140
1,<environment.Job instance at 0x7fb5ce9695a0>,55,12,[10  3],56,164,176,108,164
1,<environment.Job instance at 0x7fb5ceb844b0>,59,12,[7 1],60,176,188,116,167
1,<environment.Job instance at 0x7fb5ce969e10>,63,14,[5 6],64,188,202,124,182
1,<environment.Job instance at 0x7fb5ceaf2140>,66,18,[1 5],67,202,220,135,196
1,<environment.Job instance at 0x7fb5ce969f50>,52,3,[5 8],53,220,223,167,201
1,<environment.Job instance at 0x7fa3b8603190>,0,17,[6 1],1,1,18,0,1
1,<environment.Job instance at 0x7fa3b31f3280>,4,13,[3 6],5,5,18,0,5
1,<environment.Job instance at 0x7fa3b31f35a0>,6,15,[2 8],7,18,33,11,7
1,<environment.Job instance at 0x7fa3b31f38c0>,9,12,[8 2],10,22,34,12,22
1,<environment.Job instance at 0x7fa3b31f3e60>,16,18,[7 3],17,34,52,17,26
1,<environment.Job instance at 0x7fa3b31f7870>,27,17,[4 6],28,52,69,24,51
1,<environment.Job instance at 0x7fa3b31f3c30>,21,18,[9 4],22,98,116,76,98
1,<environment.Job instance at 0x7fa3b31f3960>,10,22,[8 1],11,139,161,128,139
1,<environment.Job instance at 0x7fa3b31f8eb0>,55,12,[2 6],56,149,161,93,149
1,<environment.Job instance at 0x7fa3b31f8780>,48,12,[9 2],49,164,176,115,164
1,<environment.Job instance at 0x7fa3b31fc640>,62,14,[4 9],63,176,190,113,166
1,<environment.Job instance at 0x7fa3b31fc730>,68,14,[6 4],69,190,204,121,180
1,<environment.Job instance at 0x7fa3b31fa280>,78,14,[6 1],79,212,226,133,212
1,<environment.Job instance at 0x7fa3b8778230>,0,1,[5 5],1,1,2,0,1
1,<environment.Job instance at 0x7fa3b31f7b90>,1,14,[8 5],2,2,16,0,2
1,<environment.Job instance at 0x7fa376eab500>,4,1,[5 5],5,16,17,11,5
1,<environment.Job instance at 0x7fa3b8778b40>,5,15,[1 7],6,17,32,11,6
1,<environment.Job instance at 0x7fa3b87786e0>,6,3,[6 3],7,17,20,10,7
1,<environment.Job instance at 0x7fa3b876b7d0>,7,18,[7 1],8,20,38,12,10
1,<environment.Job instance at 0x7fa3b877a690>,15,3,[8 5],16,38,41,22,16
1,<environment.Job instance at 0x7fa3b877a1e0>,16,18,[2 6],17,41,59,24,30
1,<environment.Job instance at 0x7fa3b862fe10>,23,16,[1 9],24,59,75,35,47
1,<environment.Job instance at 0x7fa3b86020a0>,28,3,[5 5],29,75,78,46,56
1,<environment.Job instance at 0x7fa3b8602280>,31,17,[6 4],32,78,95,46,67
1,<environment.Job instance at 0x7fa3b86028c0>,32,12,[1 6],33,81,93,48,81
1,<environment.Job instance at 0x7fa3b876fc30>,36,12,[8 4],37,95,107,58,84
1,<environment.Job instance at 0x7fa3b8770050>,46,2,[1 6],47,105,107,58,105
1,<environment.Job instance at 0x7fa3b8770780>,48,1,[7 1],49,107,108,58,105
1,<environment.Job instance at 0x7fa3781e1cd0>,49,13,[5 5],50,108,121,58,107
1,<environment.Job instance at 0x7fa3b8770690>,52,18,[10  4],53,121,139,68,115
1,<environment.Job instance at 0x7fa3b8777a00>,54,12,[5 4],55,139,151,84,127
1,<environment.Job instance at 0x7fa3b87773c0>,61,14,[ 3 10],62,151,165,89,140
1,<environment.Job instance at 0x7fa3b8774e60>,70,12,[5 1],71,165,177,94,165
1,<environment.Job instance at 0x7fa36d73bd70>,1,12,[5 4],2,2,14,0,2
1,<environment.Job instance at 0x7fa36d4ff410>,12,3,[8 5],13,14,17,1,13
1,<environment.Job instance at 0x7fa36d4ffd70>,15,17,[5 1],16,20,37,4,20
1,<environment.Job instance at 0x7fa36d4ff370>,17,16,[8 4],18,37,53,19,24
1,<environment.Job instance at 0x7fa36d4cb500>,26,17,[9 1],27,53,70,26,43
1,<environment.Job instance at 0x7fa36d4cba50>,27,13,[9 5],28,70,83,42,54
1,<environment.Job instance at 0x7fa36d4ff230>,4,14,[10  5],5,83,97,78,80
1,<environment.Job instance at 0x7fa36d4f9c30>,44,3,[5 6],45,108,111,63,108
1,<environment.Job instance at 0x7fa36d4f93c0>,46,16,[6 5],47,120,136,73,120
1,<environment.Job instance at 0x7fa36d47d2d0>,49,15,[5 5],50,144,159,94,144
1,<environment.Job instance at 0x7fa36d47d820>,54,16,[5 6],55,159,175,104,151
1,<environment.Job instance at 0x7fa36d47dbe0>,59,17,[8 5],60,202,219,142,202
1,<environment.Job instance at 0x7fa36d47d640>,64,15,[8 5],65,219,234,154,210
1,<environment.Job instance at 0x7fa36d5092d0>,67,12,[4 8],68,234,246,166,222
1,<environment.Job instance at 0x7fa3b8688af0>,0,13,[5 9],1,1,14,0,1
1,<environment.Job instance at 0x7fa3b3077aa0>,1,13,[8 1],2,14,27,12,2
1,<environment.Job instance at 0x7fa36d4f4b40>,2,12,[ 5 10],3,27,39,24,14
1,<environment.Job instance at 0x7fa36d8b23c0>,21,17,[10  2],22,39,56,17,27
1,<environment.Job instance at 0x7fa36d4ae3c0>,30,18,[5 8],31,56,74,25,47
1,<environment.Job instance at 0x7fa36d4ae4b0>,34,3,[7 5],35,74,77,39,57
1,<environment.Job instance at 0x7fa36d4aeb40>,36,17,[8 4],37,77,94,40,65
1,<environment.Job instance at 0x7fa36d4ae5a0>,40,15,[5 8],41,94,109,53,83
1,<environment.Job instance at 0x7fa36d4ae910>,44,16,[7 5],45,109,125,64,103
1,<environment.Job instance at 0x7fa36d448d70>,51,3,[9 4],52,125,128,73,117
1,<environment.Job instance at 0x7fa36d448c80>,53,15,[7 2],54,128,143,74,117
1,<environment.Job instance at 0x7fa36d448a50>,54,12,[8 3],55,143,155,88,135
1,<environment.Job instance at 0x7fa36d448190>,59,15,[6 5],60,155,170,95,141
1,<environment.Job instance at 0x7fa36d47c3c0>,73,16,[4 5],74,186,202,112,186
1,<environment.Job instance at 0x7fa36d9caa50>,0,16,[8 3],1,1,17,0,1
1,<environment.Job instance at 0x7fa36d9bc910>,11,2,[2 9],12,17,19,5,14
1,<environment.Job instance at 0x7fa36d9a7640>,13,12,[2 7],14,19,31,5,16
1,<environment.Job instance at 0x7fa36d8e80a0>,19,15,[ 2 10],20,31,46,11,20
1,<environment.Job instance at 0x7fa36d8e1230>,26,13,[2 5],27,46,59,19,37
1,<environment.Job instance at 0x7fa36d8e1aa0>,44,14,[3 8],45,100,114,55,100
1,<environment.Job instance at 0x7fa36d8e1c80>,38,12,[6 4],39,114,126,75,100
1,<environment.Job instance at 0x7fa36d8f1640>,55,15,[1 5],56,114,129,58,113
1,<environment.Job instance at 0x7fa36d8f1a00>,60,16,[ 4 10],61,129,145,68,124
1,<environment.Job instance at 0x7fa36d8f1aa0>,61,15,[5 7],62,145,160,83,131
1,<environment.Job instance at 0x7fa36d8f1eb0>,64,17,[6 1],65,160,177,95,148
1,<environment.Job instance at 0x7fa36d8ed280>,69,18,[10  4],70,177,195,107,174
1,<environment.Job instance at 0x7fa36d8ed820>,78,15,[10  4],79,195,210,116,195
1,<environment.Job instance at 0x7fa36d8ed960>,0,16,[8 5],1,1,17,0,1
1,<environment.Job instance at 0x7fa36d88e3c0>,8,16,[9 2],9,17,33,8,9
1,<environment.Job instance at 0x7fa3b32afb90>,15,14,[6 1],16,33,47,17,19
1,<environment.Job instance at 0x7fa36d448320>,22,16,[6 4],23,47,63,24,34
1,<environment.Job instance at 0x7fa36d5b15f0>,4,17,[2 6],5,44,61,39,44
1,<environment.Job instance at 0x7fa36d644370>,35,17,[ 5 10],36,66,83,30,66
1,<environment.Job instance at 0x7fa3b2fb95f0>,43,13,[ 4 10],44,93,106,49,93
1,<environment.Job instance at 0x7fa3b2fb9730>,48,28,[ 5 10],49,119,147,70,119
1,<environment.Job instance at 0x7fa36d8a80f0>,60,12,[4 5],61,147,159,86,130
1,<environment.Job instance at 0x7fa36d8a8a50>,63,15,[6 4],64,147,162,83,133
1,<environment.Job instance at 0x7fa3b2f5e050>,67,12,[6 2],68,162,174,94,145
1,<environment.Job instance at 0x7fa3b2f5ec80>,68,13,[8 3],69,174,187,105,158
1,<environment.Job instance at 0x7fa3b3e6d960>,0,13,[5 5],1,1,14,0,1
1,<environment.Job instance at 0x7fa3b3e6d3c0>,1,15,[7 1],2,14,29,12,2
1,<environment.Job instance at 0x7fa36d70e960>,6,2,[ 3 10],7,29,31,22,22
1,<environment.Job instance at 0x7fa3b3361c30>,19,3,[4 7],20,31,34,11,22
1,<environment.Job instance at 0x7fa3b3361870>,23,16,[6 5],24,36,52,12,36
1,<environment.Job instance at 0x7fa3b38bf6e0>,24,16,[9 5],25,52,68,27,41
1,<environment.Job instance at 0x7fa3b33837d0>,20,1,[4 8],21,68,69,47,65
1,<environment.Job instance at 0x7fa3b341b5f0>,15,17,[8 2],16,69,86,53,67
1,<environment.Job instance at 0x7fa36d841050>,38,13,[9 1],39,98,111,59,98
1,<environment.Job instance at 0x7fa3b2fd75f0>,48,15,[2 8],49,111,126,62,111
1,<environment.Job instance at 0x7fa3b2fd7c80>,50,14,[7 2],51,113,127,62,113
1,<environment.Job instance at 0x7fa3b3313820>,52,17,[8 1],53,127,144,74,115
1,<environment.Job instance at 0x7fa3b3d22cd0>,34,16,[6 1],35,144,160,109,143
1,<environment.Job instance at 0x7fa3b3341cd0>,59,18,[3 8],60,145,163,85,145
1,<environment.Job instance at 0x7fa3b3341d70>,63,3,[5 7],64,163,166,99,163
1,<environment.Job instance at 0x7fa3b33414b0>,71,12,[2 6],72,173,185,101,173
1,<environment.Job instance at 0x7fa3b35f7fa0>,72,3,[6 5],73,185,188,112,173
1,<environment.Job instance at 0x7fa3b35f7c30>,73,17,[4 7],74,188,205,114,178
1,<environment.Job instance at 0x7fa3b3341e10>,69,18,[8 2],70,205,223,135,201
1,<environment.Job instance at 0x7fa36da09500>,7,18,[10  5],8,8,26,0,8
1,<environment.Job instance at 0x7fa3b35b8550>,13,14,[6 5],14,26,40,12,22
1,<environment.Job instance at 0x7fa3b35b8c80>,19,3,[7 2],20,40,43,20,28
1,<environment.Job instance at 0x7fa36d80dfa0>,20,17,[5 6],21,43,60,22,31
1,<environment.Job instance at 0x7fa36d809730>,29,13,[4 7],30,81,94,51,81
1,<environment.Job instance at 0x7fa36d809d70>,36,12,[6 4],37,111,123,74,111
1,<environment.Job instance at 0x7fa36d80c410>,46,14,[8 4],47,157,171,110,157
1,<environment.Job instance at 0x7fa36d80cf50>,60,3,[1 9],61,191,194,130,191
1,<environment.Job instance at 0x7fa36d829d70>,0,17,[5 2],1,1,18,0,1
1,<environment.Job instance at 0x7fa3b30a2780>,6,16,[8 2],7,18,34,11,7
1,<environment.Job instance at 0x7fa3b33410a0>,3,1,[1 5],4,10,11,6,10
1,<environment.Job instance at 0x7fa3b30a2050>,9,16,[7 4],10,34,50,24,21
1,<environment.Job instance at 0x7fa36d9560f0>,12,12,[7 2],13,50,62,37,33
1,<environment.Job instance at 0x7fa3b3e8a730>,19,15,[1 6],20,42,57,22,42
1,<environment.Job instance at 0x7fa3b319b9b0>,20,12,[2 9],21,62,74,41,45
1,<environment.Job instance at 0x7fa3b39a4d20>,21,15,[8 1],22,62,77,40,48
1,<environment.Job instance at 0x7fa3b30c3e60>,23,15,[ 3 10],24,77,92,53,63
1,<environment.Job instance at 0x7fa3b3f1f410>,30,16,[5 4],31,92,108,61,79
1,<environment.Job instance at 0x7fa3b38e1f00>,36,14,[6 5],37,108,122,71,93
1,<environment.Job instance at 0x7fa3b84fefa0>,42,14,[2 6],43,122,136,79,115
1,<environment.Job instance at 0x7fa3b398b8c0>,45,15,[4 7],46,136,151,90,122
1,<environment.Job instance at 0x7fa3b3155f50>,48,16,[1 7],49,151,167,102,138
1,<environment.Job instance at 0x7fa3b3d04b40>,55,13,[6 4],56,167,180,111,151
1,<environment.Job instance at 0x7fa36d5379b0>,59,12,[5 2],60,155,167,95,155
1,<environment.Job instance at 0x7fa3b3ae41e0>,63,18,[6 4],64,180,198,116,169
1,<environment.Job instance at 0x7fa3b39b2fa0>,72,12,[4 7],73,198,210,125,181
1,<environment.Job instance at 0x7fa3b39b2be0>,73,15,[6 2],74,198,213,124,184
1,<environment.Job instance at 0x7fa3b39b22d0>,76,18,[10  5],77,213,231,136,210
1,<environment.Job instance at 0x7fa36d829b40>,0,12,[2 5],1,1,13,0,1
1,<environment.Job instance at 0x7fa3b3d42730>,13,12,[9 3],14,18,30,4,18
1,<environment.Job instance at 0x7fa3b3995500>,14,12,[1 5],15,19,31,4,19
1,<environment.Job instance at 0x7fa36d899c80>,17,17,[2 6],18,31,48,13,30
1,<environment.Job instance at 0x7fa3b3f0bc30>,18,17,[5 4],19,31,48,12,31
1,<environment.Job instance at 0x7fa36d87a690>,20,16,[9 4],21,48,64,27,36
1,<environment.Job instance at 0x7fa3b853fa00>,23,13,[5 6],24,64,77,40,48
1,<environment.Job instance at 0x7fa3b3091640>,29,14,[9 4],30,77,91,47,63
1,<environment.Job instance at 0x7fa3b3280a50>,36,17,[2 9],37,91,108,54,79
1,<environment.Job instance at 0x7fa36d6c28c0>,39,14,[4 7],40,108,122,68,93
1,<environment.Job instance at 0x7fa36d6c2d70>,43,17,[6 1],44,98,115,54,98
1,<environment.Job instance at 0x7fa36d913be0>,46,13,[8 5],47,122,135,75,108
1,<environment.Job instance at 0x7fa3b39b5820>,73,18,[ 2 10],74,208,226,134,208
1,<environment.Job instance at 0x7fa36d4a8d20>,0,15,[3 8],1,1,16,0,1
1,<environment.Job instance at 0x7fa3b36bf730>,13,24,[3 5],14,16,40,2,14
1,<environment.Job instance at 0x7fa3b36bf230>,18,15,[5 5],19,27,42,8,27
1,<environment.Job instance at 0x7fa3b3bc87d0>,21,18,[5 9],22,42,60,20,40
1,<environment.Job instance at 0x7fa3b3bc8d20>,25,3,[6 4],26,60,63,34,50
1,<environment.Job instance at 0x7fa3b3bc8f00>,27,3,[3 8],28,63,66,35,51
1,<environment.Job instance at 0x7fa3b3bcf370>,30,18,[2 7],31,66,84,35,55
1,<environment.Job instance at 0x7fa3b3bcf690>,35,13,[8 4],36,84,97,48,73
1,<environment.Job instance at 0x7fa3b3bcf870>,38,12,[5 5],39,97,109,58,86
1,<environment.Job instance at 0x7fa3b3bcf910>,39,18,[7 4],40,109,127,69,99
1,<environment.Job instance at 0x7fa3b3ba25f0>,55,17,[6 3],56,155,172,99,155
1,<environment.Job instance at 0x7fa3b3ba2370>,56,14,[10  1],57,172,186,115,158
1,<environment.Job instance at 0x7fa3b3ba28c0>,60,18,[5 6],61,195,213,134,195
1,<environment.Job instance at 0x7fa36d606190>,72,13,[9 2],73,222,235,149,222
1,<environment.Job instance at 0x7fa36d6062d0>,73,1,[5 7],74,235,236,161,224
1,<environment.Job instance at 0x7fa36d9133c0>,1,2,[2 6],2,2,4,0,2
1,<environment.Job instance at 0x7fa36dac0960>,2,13,[ 3 10],3,4,17,1,3
1,<environment.Job instance at 0x7fa36d83be60>,3,16,[6 3],4,17,33,13,5
1,<environment.Job instance at 0x7fa36d9293c0>,22,3,[7 4],23,55,58,32,55
1,<environment.Job instance at 0x7fa36d929eb0>,24,1,[6 4],25,58,59,33,55
1,<environment.Job instance at 0x7fa36d9290f0>,27,13,[5 8],28,68,81,40,68
1,<environment.Job instance at 0x7fa36d929be0>,28,13,[5 5],29,81,94,52,73
1,<environment.Job instance at 0x7fa3b86032d0>,11,12,[7 1],12,94,106,82,77
1,<environment.Job instance at 0x7fa36d9291e0>,29,17,[ 2 10],30,106,123,76,94
1,<environment.Job instance at 0x7fa3b2fa68c0>,32,15,[3 9],33,123,138,90,109
1,<environment.Job instance at 0x7fa3b2fa6410>,39,17,[1 5],40,138,155,98,127
1,<environment.Job instance at 0x7fa3b2fa60a0>,42,17,[3 5],43,138,155,95,128
1,<environment.Job instance at 0x7fa3b2fa60f0>,45,13,[10  5],46,155,168,109,139
1,<environment.Job instance at 0x7fa3b2fa6aa0>,48,13,[8 3],49,168,181,119,152
1,<environment.Job instance at 0x7fa3b3728fa0>,54,18,[5 2],55,181,199,126,171
1,<environment.Job instance at 0x7fa36d725960>,60,16,[5 4],61,190,206,129,190
1,<environment.Job instance at 0x7fa36d7257d0>,61,18,[7 2],62,206,224,144,196
1,<environment.Job instance at 0x7fa36d725550>,67,12,[7 2],68,224,236,156,213
1,<environment.Job instance at 0x7fa3b30df7d0>,20,16,[ 2 10],21,236,252,215,227
1,<environment.Job instance at 0x7fa3b852dcd0>,5,17,[8 5],6,7,24,1,7
1,<environment.Job instance at 0x7fa36db3e690>,11,3,[7 5],12,24,27,12,12
1,<environment.Job instance at 0x7fa3b3106dc0>,12,15,[4 9],13,27,42,14,15
1,<environment.Job instance at 0x7fa3b3106c80>,16,16,[7 5],17,42,58,25,29
1,<environment.Job instance at 0x7fa3b3106730>,19,14,[5 3],20,58,72,38,43
1,<environment.Job instance at 0x7fa3b876b0f0>,9,12,[1 6],10,58,70,48,43
1,<environment.Job instance at 0x7fa3b339e960>,28,17,[9 2],29,72,89,43,60
1,<environment.Job instance at 0x7fa3b339ec80>,32,18,[5 3],33,89,107,56,78
1,<environment.Job instance at 0x7fa3b30da6e0>,36,3,[10  3],37,107,110,70,97
1,<environment.Job instance at 0x7fa3b30da500>,39,15,[4 7],40,110,125,70,100
1,<environment.Job instance at 0x7fa3b33f8910>,43,18,[5 5],44,125,143,81,116
1,<environment.Job instance at 0x7fa36d80dbe0>,46,17,[1 6],47,143,160,96,131
1,<environment.Job instance at 0x7fa36d80d0f0>,49,13,[8 4],50,147,160,97,147
1,<environment.Job instance at 0x7fa36d414730>,56,3,[3 9],57,170,173,113,170
1,<environment.Job instance at 0x7fa36d4140f0>,58,17,[5 3],59,173,190,114,173
1,<environment.Job instance at 0x7fa36d414230>,59,13,[7 1],60,190,203,130,175
1,<environment.Job instance at 0x7fa36d414c30>,63,16,[7 2],64,203,219,139,190
1,<environment.Job instance at 0x7fa36d5d30f0>,67,18,[2 6],68,194,212,126,194
1,<environment.Job instance at 0x7fa36d5d3500>,70,13,[7 1],71,219,232,148,204
1,<environment.Job instance at 0x7fa36d5f4b40>,77,13,[5 1],78,232,245,154,221
1,<environment.Job instance at 0x7fa36d5f4b40>,2,14,[4 6],3,3,17,0,3
1,<environment.Job instance at 0x7fa36d7168c0>,4,15,[5 5],5,17,32,12,5
1,<environment.Job instance at 0x7fa36db3e730>,12,1,[6 5],13,32,33,19,13
1,<environment.Job instance at 0x7fa36db10410>,16,14,[5 7],17,33,47,16,33
1,<environment.Job instance at 0x7fa36db3e820>,17,12,[3 8],18,47,59,29,33
1,<environment.Job instance at 0x7fa3b3d38d70>,8,2,[7 4],9,59,61,50,40
1,<environment.Job instance at 0x7fa3b35a1c80>,26,13,[7 1],27,61,74,34,45
1,<environment.Job instance at 0x7fa3b35a1c30>,30,13,[1 6],31,64,77,33,64
1,<environment.Job instance at 0x7fa3b3597e10>,36,18,[5 4],37,75,93,38,75
1,<environment.Job instance at 0x7fa3b3327190>,14,18,[9 1],15,95,113,80,95
1,<environment.Job instance at 0x7fa36d3c3690>,61,15,[7 2],62,157,172,95,157
1,<environment.Job instance at 0x7fa3b31ce140>,68,16,[10  1],69,172,188,103,167
1,<environment.Job instance at 0x7fa3b3121c80>,73,14,[5 7],74,188,202,114,184
1,<environment.Job instance at 0x7fa3b3121280>,74,15,[7 2],75,202,217,127,189
1,<environment.Job instance at 0x7fa36d606820>,0,15,[5 8],1,1,16,0,1
1,<environment.Job instance at 0x7fa3b8775c80>,2,12,[5 5],3,16,28,13,3
1,<environment.Job instance at 0x7fa3b38e8d20>,5,13,[2 6],6,28,41,22,14
1,<environment.Job instance at 0x7fa3b364d230>,14,17,[5 4],15,16,33,1,15
1,<environment.Job instance at 0x7fa3b364d6e0>,15,15,[9 4],16,41,56,25,27
1,<environment.Job instance at 0x7fa36dab6190>,18,3,[6 1],19,33,36,14,27
1,<environment.Job instance at 0x7fa3b33a1a00>,21,3,[9 5],22,56,59,34,31
1,<environment.Job instance at 0x7fa3b33a1410>,22,3,[8 1],23,36,39,13,31
1,<environment.Job instance at 0x7fa3b33a1f00>,23,17,[7 4],24,59,76,35,47
1,<environment.Job instance at 0x7fa3b30b2730>,31,14,[1 5],32,61,75,29,61
1,<environment.Job instance at 0x7fa3b30b2e10>,33,14,[4 9],34,76,90,42,63
1,<environment.Job instance at 0x7fa3b8390dc0>,35,3,[7 5],36,90,93,54,69
1,<environment.Job instance at 0x7fa36d5a2b90>,12,2,[6 5],13,93,95,80,85
1,<environment.Job instance at 0x7fa36da3fe60>,41,18,[5 5],42,95,113,53,87
1,<environment.Job instance at 0x7fa3b3487640>,44,16,[4 7],45,113,129,68,102
1,<environment.Job instance at 0x7fa3b315df50>,60,15,[5 3],61,158,173,97,158
1,<environment.Job instance at 0x7fa3b315d3c0>,61,3,[5 5],62,158,161,96,158
1,<environment.Job instance at 0x7fa3b315de60>,64,2,[1 6],65,161,163,96,160
1,<environment.Job instance at 0x7fa3b3157050>,65,16,[5 5],66,163,179,97,160
1,<environment.Job instance at 0x7fa3b3bc9c30>,53,1,[6 5],54,179,180,125,167
1,<environment.Job instance at 0x7fa3b3157730>,68,17,[10  4],69,180,197,111,168
1,<environment.Job instance at 0x7fa3b32d1960>,73,17,[4 9],74,197,214,123,185
1,<environment.Job instance at 0x7fa3b315d0a0>,59,14,[5 4],60,214,228,154,199
1,<environment.Job instance at 0x7fa3b32d1c30>,69,2,[8 4],70,228,230,158,210
1,<environment.Job instance at 0x7fa36d33e820>,1,16,[2 7],2,2,18,0,2
1,<environment.Job instance at 0x7fa36d25dc30>,8,13,[ 5 10],9,18,31,9,9
1,<environment.Job instance at 0x7fa36d25d2d0>,10,18,[8 5],11,31,49,20,21
1,<environment.Job instance at 0x7fa36d8977d0>,19,15,[5 9],20,49,64,29,48
1,<environment.Job instance at 0x7fa36d8971e0>,26,14,[6 1],27,64,78,37,57
1,<environment.Job instance at 0x7fa36d897870>,27,3,[ 5 10],28,78,81,50,62
1,<environment.Job instance at 0x7fa36d897910>,36,12,[4 7],37,81,93,44,69
1,<environment.Job instance at 0x7fa36d8975a0>,37,15,[6 4],38,93,108,55,79
1,<environment.Job instance at 0x7fa36d333e60>,45,16,[10  3],46,122,138,76,122
1,<environment.Job instance at 0x7fa36d1d3820>,52,13,[9 1],53,138,151,85,135
1,<environment.Job instance at 0x7fa36d1d3e10>,57,18,[ 3 10],58,156,174,98,156
1,<environment.Job instance at 0x7fa36d1d3d20>,59,16,[8 5],60,174,190,114,161
1,<environment.Job instance at 0x7fa36d1cbf00>,69,15,[5 5],70,190,205,120,176
1,<environment.Job instance at 0x7fa36d1cb2d0>,73,3,[9 3],74,205,208,131,185
1,<environment.Job instance at 0x7fa36d1cb640>,75,2,[4 9],76,208,210,132,185
1,<environment.Job instance at 0x7fa36d1cbbe0>,77,3,[1 6],78,205,208,127,185
1,<environment.Job instance at 0x7fa3b876bcd0>,0,3,[4 8],1,1,4,0,1
1,<environment.Job instance at 0x7fa36d25d870>,12,18,[10  5],13,36,54,23,36
1,<environment.Job instance at 0x7fa36d3f3780>,17,18,[5 4],18,54,72,36,52
1,<environment.Job instance at 0x7fa3b372af00>,20,12,[2 9],21,72,84,51,57
1,<environment.Job instance at 0x7fa3b355beb0>,31,17,[3 7],32,84,101,52,78
1,<environment.Job instance at 0x7fa3b352f140>,35,3,[9 3],36,103,106,67,103
1,<environment.Job instance at 0x7fa3b353d0f0>,36,17,[1 6],37,103,120,66,103
1,<environment.Job instance at 0x7fa3b372abe0>,23,16,[3 9],24,120,136,96,109
1,<environment.Job instance at 0x7fa3b382f9b0>,41,15,[10  5],42,162,177,120,162
1,<environment.Job instance at 0x7fa36d8c0140>,61,15,[9 5],62,177,192,115,173
1,<environment.Job instance at 0x7fa36d8f5280>,71,17,[5 6],72,197,214,125,197
1,<environment.Job instance at 0x7fa36d8f55a0>,73,17,[ 2 10],74,214,231,140,202
1,<environment.Job instance at 0x7fa3b3541cd0>,0,2,[4 9],1,1,3,0,1
1,<environment.Job instance at 0x7fa36d8f5640>,1,18,[4 6],2,3,21,1,2
1,<environment.Job instance at 0x7fa36db91be0>,13,12,[5 9],14,21,33,7,17
1,<environment.Job instance at 0x7fa3b31e4aa0>,22,3,[5 8],23,68,71,45,68
1,<environment.Job instance at 0x7fa36da38f00>,24,13,[10  5],25,71,84,46,68
1,<environment.Job instance at 0x7fa36d8f54b0>,6,13,[8 3],7,84,97,77,71
1,<environment.Job instance at 0x7fa3b36e6690>,27,3,[5 7],28,97,100,69,71
1,<environment.Job instance at 0x7fa3b36e6320>,28,1,[ 4 10],29,100,101,71,73
1,<environment.Job instance at 0x7fa36d8dea50>,29,12,[7 1],30,101,113,71,84
1,<environment.Job instance at 0x7fa3b3741640>,33,14,[5 6],34,113,127,79,113
1,<environment.Job instance at 0x7fa3b340beb0>,43,16,[ 3 10],44,127,143,83,122
1,<environment.Job instance at 0x7fa3b340bcd0>,49,14,[8 2],50,143,157,93,132
1,<environment.Job instance at 0x7fa3b39a9c80>,50,1,[1 6],51,143,144,92,132
1,<environment.Job instance at 0x7fa3b39a9af0>,53,12,[9 4],54,157,169,103,140
1,<environment.Job instance at 0x7fa3b39a9050>,54,18,[5 3],55,169,187,114,158
1,<environment.Job instance at 0x7fa3b3a99730>,68,2,[3 5],69,181,183,112,181
1,<environment.Job instance at 0x7fa36d370f50>,30,18,[5 7],31,183,201,152,183
1,<environment.Job instance at 0x7fa3b32e4b40>,1,1,[4 8],2,2,3,0,2
1,<environment.Job instance at 0x7fa3b35b86e0>,2,17,[5 9],3,3,20,0,3
1,<environment.Job instance at 0x7fa36d5d9dc0>,7,17,[3 7],8,20,37,12,9
1,<environment.Job instance at 0x7fa36d5d9d70>,9,16,[5 1],10,10,26,0,10
1,<environment.Job instance at 0x7fa3b35979b0>,20,13,[5 8],21,37,50,16,21
1,<environment.Job instance at 0x7fa3b3597410>,27,14,[6 2],28,50,64,22,40
1,<environment.Job instance at 0x7fa3b37bcc30>,37,3,[6 4],38,64,67,26,51
1,<environment.Job instance at 0x7fa3b30f37d0>,40,18,[9 4],41,67,85,26,67
1,<environment.Job instance at 0x7fa36db67b40>,43,14,[ 1 10],44,85,99,41,72
1,<environment.Job instance at 0x7fa3b30f3320>,38,17,[3 7],39,103,120,64,103
1,<environment.Job instance at 0x7fa3b3630f00>,53,17,[6 3],54,120,137,66,120
1,<environment.Job instance at 0x7fa3b36300a0>,55,3,[5 4],56,137,140,81,120
1,<environment.Job instance at 0x7fa3b3630230>,60,14,[5 7],61,145,159,84,145
1,<environment.Job instance at 0x7fa3b3630320>,58,1,[7 4],59,159,160,100,150
1,<environment.Job instance at 0x7fa3b3630fa0>,64,15,[9 5],65,160,175,95,152
1,<environment.Job instance at 0x7fa36d5d9320>,22,15,[ 5 10],23,175,190,152,162
1,<environment.Job instance at 0x7fa3b33fc640>,74,13,[1 9],75,190,203,115,174
1,<environment.Job instance at 0x7fa3b3b01550>,68,3,[2 8],69,203,206,134,185
1,<environment.Job instance at 0x7fa3b3b013c0>,70,15,[9 2],71,206,221,135,204
1,<environment.Job instance at 0x7fa3b34ff230>,0,15,[2 8],1,1,16,0,1
1,<environment.Job instance at 0x7fa3b32e4f00>,1,17,[3 7],2,16,33,14,4
1,<environment.Job instance at 0x7fa3b3bc80f0>,11,13,[5 2],12,19,32,7,19
1,<environment.Job instance at 0x7fa3b3bc8d20>,12,14,[9 2],13,33,47,20,19
1,<environment.Job instance at 0x7fa3b3bc8aa0>,13,14,[9 2],14,47,61,33,32
1,<environment.Job instance at 0x7fa3b3bc8af0>,22,14,[7 1],23,61,75,38,51
1,<environment.Job instance at 0x7fa3b3bc8870>,23,17,[3 7],24,61,78,37,57
1,<environment.Job instance at 0x7fa36dafc190>,32,16,[6 1],33,75,91,42,64
1,<environment.Job instance at 0x7fa36dafc550>,33,14,[ 4 10],34,91,105,57,77
1,<environment.Job instance at 0x7fa36db0e500>,42,13,[ 4 10],43,105,118,62,90
1,<environment.Job instance at 0x7fa36db0e2d0>,47,15,[2 5],48,118,133,70,115
1,<environment.Job instance at 0x7fa36db0ecd0>,50,12,[8 4],51,118,130,67,117
1,<environment.Job instance at 0x7fa36db0ed20>,53,18,[8 3],54,130,148,76,130
1,<environment.Job instance at 0x7fa36db0efa0>,54,12,[7 5],55,148,160,93,133
1,<environment.Job instance at 0x7fa36db07870>,63,2,[2 6],64,164,166,100,164
1,<environment.Job instance at 0x7fa3b3c96c30>,65,18,[4 5],66,166,184,100,164
1,<environment.Job instance at 0x7fa3b3c96d70>,76,15,[3 5],77,200,215,123,200
1,<environment.Job instance at 0x7fa36dafc280>,35,13,[10  4],36,215,228,179,205
1,<environment.Job instance at 0x7fb2370e2230>,0,17,[6 1],1,1,18,0,1
1,<environment.Job instance at 0x7fb2370e2320>,2,14,[ 2 10],3,18,32,15,3
1,<environment.Job instance at 0x7fb22fcd2280>,4,13,[3 6],5,5,18,0,5
1,<environment.Job instance at 0x7fb22fcd2780>,8,17,[1 8],9,32,49,23,21
1,<environment.Job instance at 0x7fb22fcd2b40>,15,3,[2 8],16,49,52,33,30
1,<environment.Job instance at 0x7fb22fcd2c80>,17,12,[5 1],18,32,44,14,30
1,<environment.Job instance at 0x7fb22fcd6050>,23,16,[6 2],24,52,68,28,52
1,<environment.Job instance at 0x7fb22fcd6230>,24,2,[4 6],25,52,54,27,52
1,<environment.Job instance at 0x7fb22fcd6370>,26,12,[8 5],27,68,80,41,57
1,<environment.Job instance at 0x7fb22fcd2a00>,13,18,[5 9],14,80,98,66,70
1,<environment.Job instance at 0x7fb22fcd6dc0>,35,16,[1 9],36,98,114,62,96
1,<environment.Job instance at 0x7fb22fcd6fa0>,36,2,[7 5],37,114,116,77,96
1,<environment.Job instance at 0x7fb22fcd6e10>,37,14,[5 8],38,116,130,78,101
1,<environment.Job instance at 0x7fb22fcd3550>,47,13,[ 3 10],48,130,143,82,130
1,<environment.Job instance at 0x7fb22fcd3690>,49,17,[10  2],50,143,160,93,143
1,<environment.Job instance at 0x7fb22fcd3c30>,55,12,[2 6],56,160,172,104,143
1,<environment.Job instance at 0x7fb22fcd3d70>,56,3,[8 4],57,160,163,103,143
1,<environment.Job instance at 0x7fb22fcdb410>,63,12,[5 3],64,163,175,99,161
1,<environment.Job instance at 0x7fb22fcdb690>,67,16,[1 9],68,175,191,107,162
1,<environment.Job instance at 0x7fb22fcdb9b0>,69,14,[9 4],70,191,205,121,177
1,<environment.Job instance at 0x7fb22fcdb870>,77,16,[8 1],78,205,221,127,192
1,<environment.Job instance at 0x7fb22fcdb190>,59,19,[1 7],60,208,227,148,208
1,<environment.Job instance at 0x7fb22fcdb500>,62,14,[4 9],63,227,241,164,213
1,<environment.Job instance at 0x7fb237251190>,0,3,[6 1],1,1,4,0,1
1,<environment.Job instance at 0x7fb2372515a0>,2,12,[5 5],3,4,16,1,3
1,<environment.Job instance at 0x7fb23710b050>,11,15,[2 7],12,16,31,4,14
1,<environment.Job instance at 0x7fb23710b640>,15,16,[7 5],16,31,47,15,18
1,<environment.Job instance at 0x7fb2372566e0>,23,17,[5 1],24,47,64,23,43
1,<environment.Job instance at 0x7fb2372562d0>,28,16,[5 2],29,47,63,18,46
1,<environment.Job instance at 0x7fb237256690>,21,17,[6 4],22,87,104,65,87
1,<environment.Job instance at 0x7fb237249640>,40,17,[9 5],41,104,121,63,93
1,<environment.Job instance at 0x7fb238135b40>,45,15,[8 3],46,121,136,75,107
1,<environment.Job instance at 0x7fb23725d460>,59,17,[5 7],60,136,153,76,125
1,<environment.Job instance at 0x7fb23725d0a0>,60,12,[5 1],61,136,148,75,125
1,<environment.Job instance at 0x7fb23725d140>,66,12,[1 6],67,153,165,86,143
1,<environment.Job instance at 0x7fb23725d2d0>,68,2,[9 1],69,164,166,95,164
1,<environment.Job instance at 0x7fb237257050>,71,12,[5 4],72,171,183,99,171
1,<environment.Job instance at 0x7fb237257640>,78,2,[8 1],79,183,185,104,171
1,<environment.Job instance at 0x7fb237257fa0>,79,14,[ 5 10],80,185,199,105,180
1,<environment.Job instance at 0x7fb22fbdc8c0>,80,17,[4 7],81,199,216,118,187
1,<environment.Job instance at 0x7fb23725c460>,88,2,[5 7],89,216,218,127,198
1,<environment.Job instance at 0x7fb23710bdc0>,0,17,[3 5],1,1,18,0,1
1,<environment.Job instance at 0x7fb237251dc0>,3,3,[2 5],4,4,7,0,4
1,<environment.Job instance at 0x7fb1ebf2e230>,5,1,[9 3],6,18,19,12,6
1,<environment.Job instance at 0x7fb1ebf2e2d0>,6,17,[9 1],7,19,36,12,7
1,<environment.Job instance at 0x7fb1ec0d0780>,22,3,[8 2],23,46,49,23,46
1,<environment.Job instance at 0x7fb1ec0d0fa0>,26,16,[6 5],27,69,85,42,69
1,<environment.Job instance at 0x7fb1ec0d0190>,29,15,[5 5],30,85,100,55,72
1,<environment.Job instance at 0x7fb1ec0d05f0>,34,16,[5 6],35,100,116,65,87
1,<environment.Job instance at 0x7fb1ebf5d820>,39,17,[8 5],40,130,147,90,130
1,<environment.Job instance at 0x7fb1ebf5d320>,42,15,[8 2],43,147,162,104,135
1,<environment.Job instance at 0x7fb1ebfd65a0>,54,2,[3 8],55,165,167,110,165
1,<environment.Job instance at 0x7fb1ebfd68c0>,55,18,[5 4],56,167,185,111,165
1,<environment.Job instance at 0x7fb1ebfd6c30>,59,2,[7 2],60,185,187,125,170
1,<environment.Job instance at 0x7fb1ebfd6af0>,60,13,[5 9],61,187,200,126,171
1,<environment.Job instance at 0x7fb1ebfd64b0>,61,13,[8 1],62,200,213,138,184
1,<environment.Job instance at 0x7fb1ebfd6050>,63,13,[9 2],64,213,226,149,197
1,<environment.Job instance at 0x7fb1ebfd6190>,67,14,[10  3],68,226,240,158,220
1,<environment.Job instance at 0x7fb237251d70>,0,18,[5 8],1,1,19,0,1
1,<environment.Job instance at 0x7fb1ebfcec30>,3,13,[8 3],4,19,32,15,4
1,<environment.Job instance at 0x7fb1ec0f4af0>,14,16,[7 5],15,32,48,17,19
1,<environment.Job instance at 0x7fb1ec0d7500>,27,1,[1 5],28,47,48,19,47
1,<environment.Job instance at 0x7fb1ec0d77d0>,28,12,[5 5],29,48,60,19,47
1,<environment.Job instance at 0x7fb1ec0d7af0>,29,15,[6 5],30,60,75,30,58
1,<environment.Job instance at 0x7fb1ec0d7b40>,33,17,[7 4],34,90,107,56,90
1,<environment.Job instance at 0x7fb1ec132730>,39,12,[6 3],40,119,131,79,119
1,<environment.Job instance at 0x7fb1ec29d640>,37,16,[5 3],38,131,147,93,119
1,<environment.Job instance at 0x7fb1ec132280>,44,15,[2 6],45,125,140,80,125
1,<environment.Job instance at 0x7fb1ec1325f0>,45,16,[7 5],46,147,163,101,134
1,<environment.Job instance at 0x7fb1ec150780>,50,16,[8 3],51,163,179,112,150
1,<environment.Job instance at 0x7fb1ec4ad500>,69,15,[ 2 10],70,190,205,120,190
1,<environment.Job instance at 0x7fb23710c410>,72,17,[5 9],73,205,222,132,193
1,<environment.Job instance at 0x7fb23710ccd0>,1,3,[6 1],2,2,5,0,2
1,<environment.Job instance at 0x7fb1ec0b16e0>,3,3,[4 6],4,4,7,0,4
1,<environment.Job instance at 0x7fb1ec0fab90>,5,13,[9 1],6,7,20,1,6
1,<environment.Job instance at 0x7fb23725cfa0>,6,18,[8 3],7,20,38,13,9
1,<environment.Job instance at 0x7fb1ebf75230>,15,15,[1 5],16,16,31,0,16
1,<environment.Job instance at 0x7fb1ec3cc050>,17,13,[ 5 10],18,38,51,20,22
1,<environment.Job instance at 0x7fb1ec3cc280>,24,17,[6 1],25,51,68,26,39
1,<environment.Job instance at 0x7fb1ec3cc690>,26,17,[7 4],27,68,85,41,56
1,<environment.Job instance at 0x7fb1ec3ccd20>,33,14,[5 6],34,85,99,51,72
1,<environment.Job instance at 0x7fb1ec3d91e0>,40,16,[8 5],41,99,115,58,86
1,<environment.Job instance at 0x7fb1ec3cc500>,22,17,[8 2],23,115,132,92,108
1,<environment.Job instance at 0x7fb1ec3d9b90>,54,12,[8 1],55,132,144,77,126
1,<environment.Job instance at 0x7fb1ec3d9c80>,60,12,[10  5],61,144,156,83,130
1,<environment.Job instance at 0x7fb1ec3bc370>,62,16,[6 4],63,156,172,93,145
1,<environment.Job instance at 0x7fb1ec3bc870>,70,13,[6 2],71,174,187,103,174
1,<environment.Job instance at 0x7fb1ec3bcaa0>,73,1,[5 8],74,187,188,113,178
1,<environment.Job instance at 0x7fb1ec3d9820>,48,16,[9 2],49,188,204,139,182
1,<environment.Job instance at 0x7fb1ec3bce60>,77,1,[7 2],78,204,205,126,192
1,<environment.Job instance at 0x7fb1ec3bcdc0>,78,14,[8 2],79,205,219,126,198
1,<environment.Job instance at 0x7fb1ec37bd70>,0,13,[5 5],1,1,14,0,1
1,<environment.Job instance at 0x7fb1ec37b4b0>,1,17,[7 5],2,14,31,12,2
1,<environment.Job instance at 0x7fb1ec0d70a0>,10,12,[4 5],11,31,43,20,14
1,<environment.Job instance at 0x7fb1ec0d7e60>,13,15,[6 4],14,31,46,17,17
1,<environment.Job instance at 0x7fb232961500>,18,13,[8 3],19,46,59,27,30
1,<environment.Job instance at 0x7fb230088870>,43,14,[9 3],44,92,106,48,92
1,<environment.Job instance at 0x7fb2300883c0>,42,17,[4 5],43,106,123,63,98
1,<environment.Job instance at 0x7fb1ec070690>,52,16,[10  4],53,123,139,70,115
1,<environment.Job instance at 0x7fb1ec070780>,53,16,[6 5],54,139,155,85,126
1,<environment.Job instance at 0x7fb1ec0705f0>,54,16,[9 5],55,155,171,100,149
1,<environment.Job instance at 0x7fb1ebf74730>,68,13,[9 1],69,171,184,102,171
1,<environment.Job instance at 0x7fb2322d6320>,71,14,[9 2],72,184,198,112,177
1,<environment.Job instance at 0x7fb2322d6a00>,78,15,[2 8],79,198,213,119,196
1,<environment.Job instance at 0x7fb2322d65a0>,80,14,[7 2],81,198,212,117,196
1,<environment.Job instance at 0x7fb2322d6cd0>,82,17,[8 1],83,212,229,129,201
1,<environment.Job instance at 0x7fb1ec0b3e60>,1,12,[1 6],2,2,14,0,2
1,<environment.Job instance at 0x7fb232961eb0>,11,12,[2 6],12,14,26,2,14
1,<environment.Job instance at 0x7fb237108190>,13,17,[4 7],14,26,43,12,14
1,<environment.Job instance at 0x7fb23017e140>,24,16,[1 5],25,43,59,18,43
1,<environment.Job instance at 0x7fb22fdbc6e0>,25,18,[4 9],26,59,77,33,52
1,<environment.Job instance at 0x7fb22fdbc500>,28,13,[5 5],29,77,90,48,61
1,<environment.Job instance at 0x7fb232825870>,33,14,[6 5],34,90,104,56,78
1,<environment.Job instance at 0x7fb23017e280>,22,12,[2 9],23,104,116,81,96
1,<environment.Job instance at 0x7fb23276f870>,49,13,[4 7],50,116,129,66,109
1,<environment.Job instance at 0x7fb22fb096e0>,54,2,[7 1],55,141,143,86,141
1,<environment.Job instance at 0x7fb22fb09e10>,60,17,[10  2],61,145,162,84,145
1,<environment.Job instance at 0x7fb22fb09870>,62,14,[5 1],63,162,176,99,151
1,<environment.Job instance at 0x7fb22fde39b0>,45,21,[ 2 10],46,182,203,136,182
1,<environment.Job instance at 0x7fb2325557d0>,71,2,[5 5],72,203,205,131,198
1,<environment.Job instance at 0x7fb22fbc17d0>,72,18,[6 2],73,205,223,132,198
1,<environment.Job instance at 0x7fb22fcb3410>,77,15,[6 1],78,223,238,145,216
1,<environment.Job instance at 0x7fb22fcb3500>,78,13,[1 5],79,216,229,137,216
1,<environment.Job instance at 0x7fb22fc28d70>,80,3,[1 9],81,229,232,148,218
1,<environment.Job instance at 0x7fb1ebf70690>,0,13,[5 4],1,1,14,0,1
1,<environment.Job instance at 0x7fb23276a190>,2,3,[9 5],3,14,17,11,3
1,<environment.Job instance at 0x7fb1ebf700f0>,3,3,[1 8],4,17,20,13,4
1,<environment.Job instance at 0x7fb2329614b0>,5,15,[6 2],6,17,32,11,6
1,<environment.Job instance at 0x7fb22fbda460>,14,1,[2 8],15,20,21,5,17
1,<environment.Job instance at 0x7fb22fbda910>,16,16,[8 2],17,32,48,15,19
1,<environment.Job instance at 0x7fb22fcb55a0>,12,12,[6 2],13,48,60,35,32
1,<environment.Job instance at 0x7fb23011e780>,22,12,[7 2],23,60,72,37,43
1,<environment.Job instance at 0x7fb23011e960>,25,13,[5 7],26,72,85,46,56
1,<environment.Job instance at 0x7fb23011ebe0>,29,15,[1 6],30,56,71,26,56
1,<environment.Job instance at 0x7fb23011ed20>,31,15,[8 1],32,85,100,53,71
1,<environment.Job instance at 0x7fb23011ef50>,33,15,[ 3 10],34,100,115,66,86
1,<environment.Job instance at 0x7fb230111050>,40,16,[5 4],41,115,131,74,102
1,<environment.Job instance at 0x7fb2301117d0>,44,17,[3 5],45,115,132,70,111
1,<environment.Job instance at 0x7fb230111820>,46,14,[6 5],47,131,145,84,118
1,<environment.Job instance at 0x7fb230111a00>,54,18,[6 4],55,156,174,101,156
1,<environment.Job instance at 0x7fb230111aa0>,49,13,[10  5],50,174,187,124,161
1,<environment.Job instance at 0x7fb230111e10>,55,15,[4 7],56,187,202,131,173
1,<environment.Job instance at 0x7fb23013f640>,65,13,[6 4],66,202,215,136,186
1,<environment.Job instance at 0x7fb23013faa0>,73,18,[6 4],74,215,233,141,204
1,<environment.Job instance at 0x7fb2301308c0>,0,12,[2 5],1,1,13,0,1
1,<environment.Job instance at 0x7fb1ebf705f0>,1,16,[1 6],2,13,29,11,2
1,<environment.Job instance at 0x7fb1ec58ef00>,12,3,[4 7],13,29,32,16,16
1,<environment.Job instance at 0x7fb1ec58e0f0>,13,12,[9 3],14,16,28,2,16
1,<environment.Job instance at 0x7fb1ec58e5f0>,16,12,[6 4],17,32,44,15,17
1,<environment.Job instance at 0x7fb22fcf00f0>,17,17,[2 6],18,32,49,14,20
1,<environment.Job instance at 0x7fb1ec58e1e0>,15,14,[5 2],16,44,58,28,36
1,<environment.Job instance at 0x7fb1ec3ef280>,23,13,[5 6],24,49,62,25,46
1,<environment.Job instance at 0x7fb1ec5f8d20>,36,17,[2 9],37,76,93,39,76
1,<environment.Job instance at 0x7fb230094820>,37,13,[4 7],38,93,106,55,77
1,<environment.Job instance at 0x7fb1ec1cf9b0>,39,14,[4 7],40,106,120,66,91
1,<environment.Job instance at 0x7fb22fca3960>,43,17,[6 1],44,108,125,64,108
1,<environment.Job instance at 0x7fb2324599b0>,59,14,[7 2],60,145,159,85,145
1,<environment.Job instance at 0x7fb232459af0>,61,14,[1 7],62,145,159,83,145
1,<environment.Job instance at 0x7fb232578a00>,62,14,[8 5],63,159,173,96,145
1,<environment.Job instance at 0x7fb2300350f0>,74,13,[7 3],75,195,208,120,195
1,<environment.Job instance at 0x7fb230035190>,80,15,[3 8],81,208,223,127,208
1,<environment.Job instance at 0x7fb236fe4280>,81,12,[3 9],82,223,235,141,210
1,<environment.Job instance at 0x7fb237107cd0>,0,12,[3 6],1,1,13,0,1
1,<environment.Job instance at 0x7fb2300357d0>,1,2,[3 5],2,13,15,11,4
1,<environment.Job instance at 0x7fb23732e280>,4,14,[4 6],5,15,29,10,5
1,<environment.Job instance at 0x7fb22fe18550>,10,15,[6 3],11,11,26,0,11
1,<environment.Job instance at 0x7fb1ec132f50>,7,17,[2 7],8,29,46,21,17
1,<environment.Job instance at 0x7fb2323885a0>,21,15,[6 3],22,34,49,12,34
1,<environment.Job instance at 0x7fb232388fa0>,22,12,[6 2],23,49,61,26,34
1,<environment.Job instance at 0x7fb1ec392fa0>,26,13,[6 5],27,61,74,34,45
1,<environment.Job instance at 0x7fb22fedb050>,28,12,[5 5],29,74,86,45,57
1,<environment.Job instance at 0x7fb1ec5be960>,29,18,[7 4],30,86,104,56,75
1,<environment.Job instance at 0x7fb22fe40fa0>,1,1,[3 5],2,2,3,0,2
1,<environment.Job instance at 0x7fb22fc50b90>,2,3,[7 4],3,3,6,0,3
1,<environment.Job instance at 0x7fb23256b140>,3,15,[4 8],4,6,21,2,4
1,<environment.Job instance at 0x7fb2300efaf0>,7,13,[5 8],8,21,34,13,8
1,<environment.Job instance at 0x7fb1ec33f7d0>,8,13,[5 5],9,34,47,25,18
1,<environment.Job instance at 0x7fb2301eb500>,21,15,[2 7],22,47,62,25,43
1,<environment.Job instance at 0x7fb2301eb5a0>,22,17,[3 5],23,62,79,39,50
1,<environment.Job instance at 0x7fb2301eb820>,26,17,[7 3],27,53,70,26,53
1,<environment.Job instance at 0x7fb2301eb960>,28,13,[8 3],29,79,92,50,64
1,<environment.Job instance at 0x7fb2301ebb40>,31,17,[9 4],32,92,109,60,80
1,<environment.Job instance at 0x7fb2301ebe60>,36,12,[9 5],37,109,121,72,96
1,<environment.Job instance at 0x7fb2301ebf00>,41,18,[7 2],42,121,139,79,110
1,<environment.Job instance at 0x7fb2301c5d70>,47,12,[7 2],48,139,151,91,123
1,<environment.Job instance at 0x7fb2301c5cd0>,51,15,[5 5],52,151,166,99,143
1,<environment.Job instance at 0x7fb2301c5640>,57,17,[6 2],58,166,183,108,156
1,<environment.Job instance at 0x7fb2301c5910>,53,16,[6 1],54,183,199,129,170
1,<environment.Job instance at 0x7fb2301c5be0>,58,16,[6 5],59,200,216,141,200
1,<environment.Job instance at 0x7fb2301e4960>,72,15,[4 9],73,217,232,144,217
1,<environment.Job instance at 0x7fb2301e4eb0>,1,13,[5 2],2,2,15,0,2
1,<environment.Job instance at 0x7fb23257f3c0>,2,18,[5 3],3,3,21,0,3
1,<environment.Job instance at 0x7fb22fb0a550>,9,15,[4 7],10,26,41,16,26
1,<environment.Job instance at 0x7fb23701e2d0>,15,17,[6 4],16,41,58,25,32
1,<environment.Job instance at 0x7fb230133cd0>,17,18,[5 5],18,58,76,40,47
1,<environment.Job instance at 0x7fb232241aa0>,29,13,[7 1],30,82,95,52,82
1,<environment.Job instance at 0x7fb232241500>,31,1,[2 8],32,82,83,50,82
1,<environment.Job instance at 0x7fb232241eb0>,32,14,[3 8],33,85,99,52,85
1,<environment.Job instance at 0x7fb2322415a0>,33,16,[7 2],34,95,111,61,89
1,<environment.Job instance at 0x7fb232241050>,34,12,[9 3],35,111,123,76,94
1,<environment.Job instance at 0x7fb232763d20>,38,15,[3 9],39,123,138,84,109
1,<environment.Job instance at 0x7fb2327630f0>,40,13,[7 1],41,123,136,82,109
1,<environment.Job instance at 0x7fb22fde43c0>,55,14,[5 9],56,160,174,104,160
1,<environment.Job instance at 0x7fb230102410>,51,3,[10  5],52,174,177,122,160
1,<environment.Job instance at 0x7fb22febb910>,63,18,[6 4],64,177,195,113,166
1,<environment.Job instance at 0x7fb23014f410>,0,17,[7 1],1,2,19,1,2
1,<environment.Job instance at 0x7fb23014f8c0>,2,15,[3 6],3,3,18,0,3
1,<environment.Job instance at 0x7fb232708730>,4,12,[1 5],5,18,30,13,6
1,<environment.Job instance at 0x7fb1ec04a050>,9,1,[10  3],10,30,31,20,29
1,<environment.Job instance at 0x7fb1ec174f50>,21,15,[7 2],22,31,46,9,31
1,<environment.Job instance at 0x7fb1ec1746e0>,26,3,[8 5],27,46,49,19,33
1,<environment.Job instance at 0x7fb1ec174960>,27,3,[8 1],28,49,52,21,35
1,<environment.Job instance at 0x7fb22fdf8a00>,28,16,[10  1],29,52,68,23,41
1,<environment.Job instance at 0x7fb22fdf85f0>,33,14,[5 7],34,68,82,34,53
1,<environment.Job instance at 0x7fb22fdf83c0>,34,15,[7 2],35,82,97,47,68
1,<environment.Job instance at 0x7fb22ff77f00>,45,13,[2 6],46,82,95,36,82
1,<environment.Job instance at 0x7fb22ff77e10>,53,3,[4 7],54,105,108,51,105
1,<environment.Job instance at 0x7fb22ff77a00>,55,15,[9 4],56,110,125,54,110
1,<environment.Job instance at 0x7fb2300b1a50>,60,15,[4 8],61,125,140,64,125
1,<environment.Job instance at 0x7fb2300b1140>,63,17,[7 4],64,140,157,76,129
1,<environment.Job instance at 0x7fb23287e9b0>,73,14,[4 9],74,157,171,83,145
1,<environment.Job instance at 0x7fb23287e1e0>,74,12,[9 4],75,171,183,96,160
1,<environment.Job instance at 0x7fb2327f5690>,84,16,[4 7],85,191,207,106,191
1,<environment.Job instance at 0x7fb1ec470780>,0,2,[5 8],1,1,3,0,1
1,<environment.Job instance at 0x7fb230144a50>,1,3,[6 5],2,3,6,1,2
1,<environment.Job instance at 0x7fb1f597ffa0>,2,14,[4 9],3,6,20,3,3
1,<environment.Job instance at 0x7fb2301224b0>,7,18,[3 9],8,20,38,12,9
1,<environment.Job instance at 0x7fb1ec3b9820>,9,14,[5 4],10,38,52,28,23
1,<environment.Job instance at 0x7fb23258fcd0>,15,16,[5 5],16,38,54,22,27
1,<environment.Job instance at 0x7fb22fb9adc0>,25,14,[5 1],26,52,66,26,40
1,<environment.Job instance at 0x7fb23245af50>,18,17,[10  4],19,69,86,50,69
1,<environment.Job instance at 0x7fb1ec4d60a0>,34,15,[3 8],35,86,101,51,75
1,<environment.Job instance at 0x7fb232605140>,40,18,[8 5],41,101,119,60,90
1,<environment.Job instance at 0x7fb1ec4aff00>,46,13,[5 6],47,119,132,72,103
1,<environment.Job instance at 0x7fb1ec4c9050>,38,13,[ 5 10],39,132,145,93,122
1,<environment.Job instance at 0x7fb1ec2c14b0>,56,14,[6 1],57,145,159,88,143
1,<environment.Job instance at 0x7fb1ec3e6b40>,58,2,[3 9],59,145,147,86,143
1,<environment.Job instance at 0x7fb2326fc410>,60,18,[7 3],61,161,179,100,161
1,<environment.Job instance at 0x7fb2325ecfa0>,52,16,[3 5],53,161,177,108,161
1,<environment.Job instance at 0x7fb1ebd10820>,68,17,[3 8],69,179,196,110,168
1,<environment.Job instance at 0x7fb1ebce1dc0>,72,3,[5 9],73,196,199,123,184
1,<environment.Job instance at 0x7fb1ec29b460>,73,18,[9 2],74,199,217,125,188
1,<environment.Job instance at 0x7fb1ec29b370>,75,16,[10  3],76,217,233,141,205
1,<environment.Job instance at 0x7fb2322a7320>,78,3,[1 9],79,233,236,154,207
1,<environment.Job instance at 0x7fb232449dc0>,82,13,[9 1],83,233,246,150,217
1,<environment.Job instance at 0x7fb1ec56b2d0>,0,1,[9 3],1,1,2,0,1
1,<environment.Job instance at 0x7fb23243e550>,1,1,[4 6],2,2,3,0,2
1,<environment.Job instance at 0x7fb1ec4cf5a0>,2,18,[4 7],3,3,21,0,3
1,<environment.Job instance at 0x7fb1ebcffd70>,22,13,[7 3],23,25,38,2,25
1,<environment.Job instance at 0x7fb1ec3111e0>,27,15,[5 5],28,45,60,17,45
1,<environment.Job instance at 0x7fb1ec37d690>,37,18,[5 4],38,61,79,23,61
1,<environment.Job instance at 0x7fb1ec37db40>,38,12,[6 1],39,79,91,40,65
1,<environment.Job instance at 0x7fb1ec37d6e0>,40,12,[2 9],41,79,91,38,72
1,<environment.Job instance at 0x7fb23010e780>,31,17,[8 2],32,92,109,60,92
1,<environment.Job instance at 0x7fb22ffdfdc0>,51,17,[3 7],52,109,126,57,105
1,<environment.Job instance at 0x7fb1ebe23140>,53,18,[2 6],54,130,148,76,130
1,<environment.Job instance at 0x7fb22ffdf4b0>,49,25,[8 3],50,134,159,84,134
1,<environment.Job instance at 0x7fb22fc1fb90>,57,18,[5 2],58,159,177,101,148
1,<environment.Job instance at 0x7fb22fcb5730>,68,2,[8 3],69,177,179,108,169
1,<environment.Job instance at 0x7fb22ff3a050>,62,18,[10  1],63,179,197,116,170
1,<environment.Job instance at 0x7fb1ec3ef5f0>,81,15,[9 5],82,197,212,115,183
1,<environment.Job instance at 0x7fb23232c690>,86,21,[3 7],87,213,234,126,213
1,<environment.Job instance at 0x7fb1ec02de10>,0,3,[10  4],1,1,4,0,1
1,<environment.Job instance at 0x7fb23287e5f0>,2,16,[10  1],3,4,20,1,3
1,<environment.Job instance at 0x7fb1ec473410>,5,12,[7 2],6,20,32,14,6
1,<environment.Job instance at 0x7fb1ec4738c0>,9,18,[3 8],10,20,38,10,10
1,<environment.Job instance at 0x7fb1ebcb94b0>,16,13,[8 3],17,38,51,21,28
1,<environment.Job instance at 0x7fb1ebcb9730>,18,15,[8 2],19,51,66,32,37
1,<environment.Job instance at 0x7fb1ebcb9550>,23,12,[5 9],24,66,78,42,49
1,<environment.Job instance at 0x7fb1ec473c30>,12,15,[1 7],13,78,93,65,75
1,<environment.Job instance at 0x7fb1ebc5deb0>,34,13,[10  5],35,93,106,58,91
1,<environment.Job instance at 0x7fb1ebc5dcd0>,39,12,[7 1],40,106,118,66,93
1,<environment.Job instance at 0x7fb1ebc5d910>,46,18,[1 5],47,122,140,75,122
1,<environment.Job instance at 0x7fb1ebc5de10>,44,15,[6 4],45,137,152,92,137
1,<environment.Job instance at 0x7fb1ebcbf550>,59,14,[8 2],60,169,183,109,169
1,<environment.Job instance at 0x7fb1ebcbfa50>,54,14,[10  5],55,183,197,128,170
1,<environment.Job instance at 0x7fb1ebcd9870>,1,1,[4 8],2,2,3,0,2
1,<environment.Job instance at 0x7fb1ebcb9640>,2,17,[5 9],3,3,20,0,3
1,<environment.Job instance at 0x7fb1ebcd91e0>,7,17,[3 7],8,20,37,12,8
1,<environment.Job instance at 0x7fb1ebdb4280>,20,13,[5 8],21,37,50,16,25
1,<environment.Job instance at 0x7fb1ec354820>,22,15,[ 5 10],23,50,65,27,38
1,<environment.Job instance at 0x7fb232722d20>,25,12,[3 5],26,65,77,39,48
1,<environment.Job instance at 0x7fb232722640>,27,14,[6 2],28,65,79,37,50
1,<environment.Job instance at 0x7fb1ebd328c0>,38,17,[3 7],39,77,94,38,68
1,<environment.Job instance at 0x7fb22ffbe5f0>,40,18,[9 4],41,94,112,53,83
1,<environment.Job instance at 0x7fb1ec3541e0>,19,27,[5 8],20,116,143,96,116
1,<environment.Job instance at 0x7fb23236d3c0>,57,13,[ 2 10],58,148,161,90,148
1,<environment.Job instance at 0x7fb23236dd70>,60,14,[5 7],61,161,175,100,151
1,<environment.Job instance at 0x7fb23238df50>,66,18,[8 5],67,175,193,108,164
1,<environment.Job instance at 0x7fb23238d5f0>,70,15,[9 2],71,193,208,122,184
1,<environment.Job instance at 0x7fb232358190>,75,12,[9 2],76,208,220,132,191
1,<environment.Job instance at 0x7fb2323582d0>,76,17,[1 8],77,193,210,116,192
1,<environment.Job instance at 0x7fb232358c30>,79,13,[9 5],80,220,233,140,204
1,<environment.Job instance at 0x7fb22fa52cd0>,1,13,[5 2],2,2,15,0,2
1,<environment.Job instance at 0x7fb2324896e0>,3,14,[9 2],4,15,29,11,4
1,<environment.Job instance at 0x7fb1ec4ba5f0>,8,12,[9 4],9,29,41,20,12
1,<environment.Job instance at 0x7fb23263b410>,16,2,[1 6],17,28,30,11,28
1,<environment.Job instance at 0x7fb22fcccd20>,18,2,[7 4],19,41,43,22,33
1,<environment.Job instance at 0x7fb1ebfbadc0>,19,1,[2 6],20,41,42,21,33
1,<environment.Job instance at 0x7fb1ebd1c8c0>,21,16,[9 2],22,43,59,21,33
1,<environment.Job instance at 0x7fb1ebe70c80>,22,16,[6 1],23,59,75,36,47
1,<environment.Job instance at 0x7fb23290ba50>,27,17,[9 1],28,75,92,47,63
1,<environment.Job instance at 0x7fb2325e59b0>,36,14,[9 1],37,92,106,55,90
1,<environment.Job instance at 0x7fb2325e5910>,37,15,[2 5],38,106,121,68,92
1,<environment.Job instance at 0x7fb2325e5460>,39,3,[6 3],40,106,109,66,92
1,<environment.Job instance at 0x7fb2325e50f0>,40,12,[8 4],41,109,121,68,92
1,<environment.Job instance at 0x7fb22ff50230>,6,3,[2 7],7,121,124,114,100
1,<environment.Job instance at 0x7fb2325e5a00>,43,18,[8 3],44,121,139,77,110
1,<environment.Job instance at 0x7fb22fa4f190>,52,15,[4 5],53,139,154,86,125
1,<environment.Job instance at 0x7fb230024140>,58,14,[9 3],59,154,168,95,141
1,<environment.Job instance at 0x7fb2300249b0>,60,17,[8 5],61,168,185,107,156
1,<environment.Job instance at 0x7fb232295910>,69,3,[4 7],70,185,188,115,176
1,<environment.Job instance at 0x7fb232295af0>,71,18,[5 5],72,188,206,116,177
1,<environment.Job instance at 0x7fb22ff3ab90>,76,17,[3 5],77,200,217,123,200
1,<environment.Job instance at 0x7fb2301c7be0>,80,15,[10  5],81,217,232,136,206
1,<environment.Job instance at 0x7fb2301c7e60>,81,17,[8 2],82,232,249,150,220
1,<environment.Job instance at 0x7fb23700d0a0>,1,13,[ 5 10],2,2,15,0,2
1,<environment.Job instance at 0x7fb1ebcf55a0>,11,17,[10  2],12,15,32,3,12
1,<environment.Job instance at 0x7fb22fbdae10>,15,13,[ 5 10],16,32,45,16,19
1,<environment.Job instance at 0x7fb1ebcf51e0>,13,13,[4 6],14,45,58,31,33
1,<environment.Job instance at 0x7fb1f36cdfa0>,21,17,[5 3],22,45,62,23,41
1,<environment.Job instance at 0x7fb22fbda320>,22,16,[6 5],23,62,78,39,49
1,<environment.Job instance at 0x7fb1ec28ba50>,32,12,[7 5],33,78,90,45,62
1,<environment.Job instance at 0x7fb1ec28b280>,34,16,[7 2],35,90,106,55,78
1,<environment.Job instance at 0x7fb2326eb640>,49,17,[4 5],50,116,133,66,116
1,<environment.Job instance at 0x7fb2326eb0a0>,50,12,[1 9],51,133,145,82,116
1,<environment.Job instance at 0x7fb2326eb500>,47,16,[10  4],48,145,161,97,134
1,<environment.Job instance at 0x7fb2326eb2d0>,48,23,[ 3 10],49,161,184,112,158
1,<environment.Job instance at 0x7fb23240c230>,71,14,[9 4],72,184,198,112,171
1,<environment.Job instance at 0x7fb23240c4b0>,78,18,[1 8],79,198,216,119,196
1,<environment.Job instance at 0x7fb23240c3c0>,80,15,[4 9],81,216,231,135,210
1,<environment.Job instance at 0x7fb23240cd20>,83,1,[1 6],84,231,232,147,210
1,<environment.Job instance at 0x7fb23240c190>,84,13,[3 8],85,232,245,147,216
1,<environment.Job instance at 0x7fb23700d230>,0,12,[4 8],1,1,13,0,1
1,<environment.Job instance at 0x7fb23240c690>,1,16,[6 2],2,2,18,0,2
1,<environment.Job instance at 0x7fb22fe55190>,3,18,[3 7],4,13,31,9,4
1,<environment.Job instance at 0x7fb23700d7d0>,5,3,[4 7],6,31,34,25,8
1,<environment.Job instance at 0x7fb22fbc8730>,8,17,[2 5],9,34,51,25,22
1,<environment.Job instance at 0x7fb23245e820>,16,3,[7 1],17,23,26,6,23
1,<environment.Job instance at 0x7fb23245e910>,17,15,[8 4],18,34,49,16,32
1,<environment.Job instance at 0x7fb23246e910>,23,12,[10  3],24,51,63,27,34
1,<environment.Job instance at 0x7fb1ec22bb90>,29,1,[5 7],30,68,69,38,68
1,<environment.Job instance at 0x7fb1ec249be0>,36,15,[7 3],37,71,86,34,71
1,<environment.Job instance at 0x7fb1ec249f00>,38,13,[2 8],39,86,99,47,81
1,<environment.Job instance at 0x7fb1ec2493c0>,39,14,[ 1 10],40,99,113,59,88
1,<environment.Job instance at 0x7fb1ec2530a0>,43,13,[5 1],44,113,126,69,105
1,<environment.Job instance at 0x7fb1ec2537d0>,44,12,[1 9],45,113,125,68,109
1,<environment.Job instance at 0x7fb1ec253d20>,45,16,[10  3],46,129,145,83,129
1,<environment.Job instance at 0x7fb1ec253c80>,50,15,[9 4],51,145,160,94,131
1,<environment.Job instance at 0x7fb1ec22d6e0>,64,1,[1 6],65,183,184,118,183
1,<environment.Job instance at 0x7fb1ec22dd70>,65,12,[9 4],66,183,195,117,183
1,<environment.Job instance at 0x7fb1ec22d2d0>,66,3,[7 5],67,195,198,128,183
1,<environment.Job instance at 0x7fb1ec22d500>,68,16,[8 2],69,198,214,129,186
1,<environment.Job instance at 0x7fb1ec2280f0>,72,2,[6 2],73,214,216,141,199
1,<environment.Job instance at 0x7fb1ec228140>,73,2,[ 5 10],74,216,218,142,199
1,<environment.Job instance at 0x7fb1ec228050>,76,2,[7 1],77,218,220,141,204
1,<environment.Job instance at 0x7fb1ec228fa0>,77,13,[ 2 10],78,220,233,142,204
1,<environment.Job instance at 0x7f8070463230>,0,17,[6 1],1,1,18,0,1
1,<environment.Job instance at 0x7f80690535a0>,6,15,[2 8],7,7,22,0,7
1,<environment.Job instance at 0x7f8069053550>,7,14,[7 5],8,22,36,14,8
1,<environment.Job instance at 0x7f8069053e10>,16,18,[7 3],17,36,54,19,36
1,<environment.Job instance at 0x7f8069057230>,22,12,[3 8],23,54,66,31,37
1,<environment.Job instance at 0x7f80690572d0>,23,16,[6 2],24,54,70,30,41
1,<environment.Job instance at 0x7f80690575f0>,24,2,[4 6],25,66,68,41,41
1,<environment.Job instance at 0x7f80690573c0>,26,12,[8 5],27,70,82,43,53
1,<environment.Job instance at 0x7f8069057dc0>,33,26,[3 6],34,82,108,48,79
1,<environment.Job instance at 0x7f8069057fa0>,36,2,[7 5],37,108,110,71,83
1,<environment.Job instance at 0x7f8069057eb0>,37,14,[5 8],38,110,124,72,95
1,<environment.Job instance at 0x7f8069058550>,41,1,[7 1],42,97,98,55,97
1,<environment.Job instance at 0x7f8069058460>,43,12,[4 5],44,124,136,80,107
1,<environment.Job instance at 0x7f80690585f0>,44,3,[5 1],45,110,113,65,107
1,<environment.Job instance at 0x7f8069058fa0>,55,12,[2 6],56,136,148,80,125
1,<environment.Job instance at 0x7f806905b3c0>,58,17,[3 7],59,148,165,89,143
1,<environment.Job instance at 0x7f806905b640>,62,14,[4 9],63,165,179,102,150
1,<environment.Job instance at 0x7f806905b6e0>,63,12,[5 3],64,150,162,86,150
1,<environment.Job instance at 0x7f806905baf0>,69,14,[9 4],70,179,193,109,164
1,<environment.Job instance at 0x7f8069053cd0>,14,21,[8 1],15,193,214,178,187
1,<environment.Job instance at 0x7f806905ea00>,86,3,[6 3],87,214,217,127,195
1,<environment.Job instance at 0x7f806905eb40>,88,16,[4 9],89,217,233,128,204
1,<environment.Job instance at 0x7f80705d25f0>,0,2,[5 9],1,1,3,0,1
1,<environment.Job instance at 0x7f80705d8550>,2,13,[9 4],3,3,16,0,3
1,<environment.Job instance at 0x7f80705d8500>,3,16,[1 9],4,16,32,12,4
1,<environment.Job instance at 0x7f80705cbd20>,11,17,[6 4],12,32,49,20,20
1,<environment.Job instance at 0x7f80705d8cd0>,12,12,[1 6],13,32,44,19,20
1,<environment.Job instance at 0x7f80705cb140>,14,1,[9 2],15,49,50,34,31
1,<environment.Job instance at 0x7f80705cbd70>,13,17,[5 1],14,50,67,36,38
1,<environment.Job instance at 0x7f80705ca640>,22,18,[7 5],23,67,85,44,56
1,<environment.Job instance at 0x7f80705cad70>,27,14,[7 2],28,85,99,57,70
1,<environment.Job instance at 0x7f807048f460>,29,13,[5 5],30,99,112,69,83
1,<environment.Job instance at 0x7f80705d7a00>,31,13,[3 8],32,85,98,53,84
1,<environment.Job instance at 0x7f80705d71e0>,34,12,[5 4],35,99,111,64,84
1,<environment.Job instance at 0x7f80705de5f0>,41,14,[ 3 10],42,112,126,70,106
1,<environment.Job instance at 0x7f80705de190>,46,13,[10  5],47,126,139,79,126
1,<environment.Job instance at 0x7f80705de410>,50,12,[5 1],51,139,151,88,130
1,<environment.Job instance at 0x7f80705d4500>,55,17,[10  4],56,151,168,95,149
1,<environment.Job instance at 0x7f80705d4e60>,56,12,[1 6],57,168,180,111,151
1,<environment.Job instance at 0x7f80705d8370>,9,27,[3 9],10,196,223,186,196
1,<environment.Job instance at 0x7f8068ff4d20>,71,13,[5 7],72,223,236,151,212
1,<environment.Job instance at 0x7f802538e5f0>,2,3,[8 2],3,3,6,0,3
1,<environment.Job instance at 0x7f802538e6e0>,3,14,[5 9],4,6,20,2,4
1,<environment.Job instance at 0x7f8025346140>,11,17,[3 6],12,20,37,8,14
1,<environment.Job instance at 0x7f8025344e60>,19,17,[8 5],20,81,98,61,81
1,<environment.Job instance at 0x7f8025399190>,24,15,[8 5],25,98,113,73,91
1,<environment.Job instance at 0x7f8025399280>,29,13,[4 5],30,113,126,83,97
1,<environment.Job instance at 0x7f8025374820>,51,16,[5 8],52,155,171,103,155
1,<environment.Job instance at 0x7f8025374b90>,55,1,[5 1],56,161,162,105,161
1,<environment.Job instance at 0x7f8025427690>,56,1,[2 6],57,171,172,114,161
1,<environment.Job instance at 0x7f8025427e60>,59,3,[4 8],60,172,175,112,161
1,<environment.Job instance at 0x7f8025427af0>,60,2,[4 5],61,175,177,114,161
1,<environment.Job instance at 0x7f8025427a50>,64,3,[5 4],65,179,182,114,179
1,<environment.Job instance at 0x7f8025427730>,65,18,[ 1 10],66,182,200,116,180
1,<environment.Job instance at 0x7f8025427780>,70,18,[5 8],71,200,218,129,196
1,<environment.Job instance at 0x7f80254278c0>,72,18,[3 8],73,218,236,145,207
1,<environment.Job instance at 0x7f80253fa9b0>,0,1,[7 2],1,1,2,0,1
1,<environment.Job instance at 0x7f802542e730>,9,12,[6 3],10,16,28,6,16
1,<environment.Job instance at 0x7f802542ec80>,13,16,[4 5],14,16,32,2,16
1,<environment.Job instance at 0x7f802542e320>,14,15,[2 6],15,32,47,17,22
1,<environment.Job instance at 0x7f8025848500>,18,14,[9 4],19,47,61,28,32
1,<environment.Job instance at 0x7f8025432370>,23,16,[ 4 10],24,61,77,37,48
1,<environment.Job instance at 0x7f802542e780>,8,14,[7 1],9,77,91,68,72
1,<environment.Job instance at 0x7f8025432140>,29,2,[7 4],30,91,93,61,74
1,<environment.Job instance at 0x7f8025432be0>,33,12,[2 7],34,95,107,61,95
1,<environment.Job instance at 0x7f802581ef50>,42,17,[5 9],43,107,124,64,96
1,<environment.Job instance at 0x7f80257f6960>,54,16,[5 2],55,131,147,76,131
1,<environment.Job instance at 0x7f8025813550>,65,13,[9 1],66,163,176,97,163
1,<environment.Job instance at 0x7f8025813cd0>,66,18,[8 3],67,176,194,109,165
1,<environment.Job instance at 0x7f8025813050>,70,12,[3 8],71,194,206,123,180
1,<environment.Job instance at 0x7f8025813960>,72,14,[2 8],73,206,220,133,191
1,<environment.Job instance at 0x7f8025489640>,80,16,[ 4 10],81,220,236,139,210
1,<environment.Job instance at 0x7f802592d640>,0,16,[8 5],1,1,17,0,1
1,<environment.Job instance at 0x7f8025489b40>,1,16,[4 5],2,17,33,15,4
1,<environment.Job instance at 0x7f80256a12d0>,20,12,[10  5],21,33,45,12,26
1,<environment.Job instance at 0x7f8025749be0>,21,3,[3 8],22,45,48,23,26
1,<environment.Job instance at 0x7f8025430dc0>,13,1,[8 3],14,48,49,34,30
1,<environment.Job instance at 0x7f8025749410>,24,14,[3 6],25,49,63,24,38
1,<environment.Job instance at 0x7f80257499b0>,25,13,[7 4],26,49,62,23,38
1,<environment.Job instance at 0x7f802574b3c0>,30,13,[6 2],31,70,83,39,70
1,<environment.Job instance at 0x7f8025716f00>,8,16,[9 2],9,83,99,74,82
1,<environment.Job instance at 0x7f80253e70f0>,3,18,[1 6],4,84,102,80,84
1,<environment.Job instance at 0x7f802574ba00>,41,1,[3 6],42,102,103,60,101
1,<environment.Job instance at 0x7f8025741460>,51,17,[7 5],52,162,179,110,162
1,<environment.Job instance at 0x7f8025741870>,58,15,[2 9],59,179,194,120,177
1,<environment.Job instance at 0x7f80257419b0>,60,12,[4 5],61,194,206,133,177
1,<environment.Job instance at 0x7f8025741b90>,63,15,[6 4],64,194,209,130,180
1,<environment.Job instance at 0x7f8025741eb0>,68,13,[8 3],69,209,222,140,195
1,<environment.Job instance at 0x7f802525c1e0>,73,12,[2 7],74,209,221,135,208
1,<environment.Job instance at 0x7f8068ee9d20>,2,16,[10  4],3,4,20,1,4
1,<environment.Job instance at 0x7f80254897d0>,5,2,[9 1],6,33,35,27,33
1,<environment.Job instance at 0x7f8068eff5f0>,8,1,[9 2],9,35,36,26,34
1,<environment.Job instance at 0x7f8068eff690>,14,16,[6 1],15,36,52,21,35
1,<environment.Job instance at 0x7f8068effc80>,12,13,[1 5],13,36,49,23,36
1,<environment.Job instance at 0x7f80697b0c80>,16,18,[ 5 10],17,52,70,35,41
1,<environment.Job instance at 0x7f80697b09b0>,23,2,[7 2],24,70,72,46,59
1,<environment.Job instance at 0x7f802525c6e0>,3,16,[6 5],4,72,88,68,61
1,<environment.Job instance at 0x7f80691feaf0>,30,14,[7 2],31,88,102,57,73
1,<environment.Job instance at 0x7f80697b0fa0>,27,1,[6 2],28,102,103,74,83
1,<environment.Job instance at 0x7f80697b0820>,17,28,[9 1],18,135,163,117,135
1,<environment.Job instance at 0x7f80701380f0>,51,12,[2 6],52,163,175,111,152
1,<environment.Job instance at 0x7f8069d41280>,55,15,[5 9],56,175,190,119,168
1,<environment.Job instance at 0x7f8069d41190>,64,16,[1 5],65,190,206,125,182
1,<environment.Job instance at 0x7f8069d41d70>,68,13,[5 5],69,199,212,130,199
1,<environment.Job instance at 0x7f8069d419b0>,65,18,[4 9],66,212,230,146,201
1,<environment.Job instance at 0x7f8068e1df50>,74,12,[9 3],75,230,242,155,215
1,<environment.Job instance at 0x7f8069199f50>,2,14,[5 1],3,3,17,0,3
1,<environment.Job instance at 0x7f8069ba2f00>,12,18,[6 2],13,19,37,6,19
1,<environment.Job instance at 0x7f802592dc80>,1,13,[10  2],2,37,50,35,27
1,<environment.Job instance at 0x7f8068f15550>,17,15,[6 1],18,50,65,32,36
1,<environment.Job instance at 0x7f8069ba2fa0>,18,13,[1 5],19,50,63,31,36
1,<environment.Job instance at 0x7f8068ea88c0>,29,17,[5 2],30,65,82,35,62
1,<environment.Job instance at 0x7f8069ba6c30>,30,13,[5 4],31,69,82,38,69
1,<environment.Job instance at 0x7f80253190a0>,42,12,[6 2],43,94,106,51,94
1,<environment.Job instance at 0x7f8069505550>,45,16,[6 2],46,106,122,60,94
1,<environment.Job instance at 0x7f8069505910>,46,16,[8 2],47,122,138,75,109
1,<environment.Job instance at 0x7f8025319aa0>,39,17,[6 2],40,138,155,98,126
1,<environment.Job instance at 0x7f80691b66e0>,59,15,[1 6],60,152,167,92,152
1,<environment.Job instance at 0x7f80691b6eb0>,61,15,[8 1],62,155,170,93,155
1,<environment.Job instance at 0x7f8068f801e0>,65,15,[5 6],66,170,185,104,167
1,<environment.Job instance at 0x7f8069373e60>,67,14,[7 2],68,185,199,117,170
1,<environment.Job instance at 0x7f8069373050>,71,17,[ 4 10],72,199,216,127,193
1,<environment.Job instance at 0x7f8068e627d0>,82,14,[2 6],83,216,230,133,214
1,<environment.Job instance at 0x7f8069241e10>,84,18,[6 4],85,216,234,131,215
1,<environment.Job instance at 0x7f8069505280>,0,2,[2 7],1,1,3,0,1
1,<environment.Job instance at 0x7f8069afc820>,1,16,[8 4],2,3,19,1,2
1,<environment.Job instance at 0x7f8069cd7e10>,4,1,[2 5],5,5,6,0,5
1,<environment.Job instance at 0x7f8069588410>,14,1,[6 4],15,19,20,4,15
1,<environment.Job instance at 0x7f8068fad320>,19,2,[4 7],20,21,23,1,21
1,<environment.Job instance at 0x7f8068fad500>,21,16,[1 6],22,23,39,1,23
1,<environment.Job instance at 0x7f8068fada00>,27,17,[5 7],28,42,59,14,42
1,<environment.Job instance at 0x7f8068faddc0>,33,12,[9 3],34,59,71,25,48
1,<environment.Job instance at 0x7f8068fade60>,34,12,[1 5],35,59,71,24,48
1,<environment.Job instance at 0x7f8068fadfa0>,35,14,[5 2],36,71,85,35,56
1,<environment.Job instance at 0x7f8068fadf00>,37,17,[2 6],38,71,88,33,59
1,<environment.Job instance at 0x7f8068f7ec80>,49,14,[9 4],50,95,109,45,95
1,<environment.Job instance at 0x7f8069037cd0>,16,18,[10  5],17,109,127,92,102
1,<environment.Job instance at 0x7f8068f7ec30>,57,13,[4 7],58,127,140,69,111
1,<environment.Job instance at 0x7f8068f96640>,63,17,[6 1],64,128,145,64,128
1,<environment.Job instance at 0x7f8068f969b0>,66,13,[8 5],67,145,158,78,130
1,<environment.Job instance at 0x7f8068f86280>,79,14,[7 2],80,162,176,82,162
1,<environment.Job instance at 0x7f8068f86320>,80,18,[1 7],81,173,191,92,173
1,<environment.Job instance at 0x7f8068f86af0>,88,16,[8 4],89,204,220,115,204
1,<environment.Job instance at 0x7f8068e91f00>,0,15,[3 8],1,1,16,0,1
1,<environment.Job instance at 0x7f80695235f0>,16,15,[3 6],17,26,41,9,26
1,<environment.Job instance at 0x7f802579e190>,17,17,[2 7],18,41,58,23,29
1,<environment.Job instance at 0x7f802579ea00>,20,15,[6 3],21,31,46,10,31
1,<environment.Job instance at 0x7f8069295a00>,6,2,[5 7],7,58,60,51,46
1,<environment.Job instance at 0x7f8069c8e1e0>,26,15,[5 1],27,49,64,22,49
1,<environment.Job instance at 0x7f8025983780>,28,12,[1 8],29,60,72,31,52
1,<environment.Job instance at 0x7f8069044870>,31,15,[6 3],32,72,87,40,67
1,<environment.Job instance at 0x7f8025983730>,32,12,[6 2],33,87,99,54,70
1,<environment.Job instance at 0x7f80693720f0>,36,13,[6 5],37,99,112,62,86
1,<environment.Job instance at 0x7f8069074280>,41,1,[9 4],42,112,113,70,92
1,<environment.Job instance at 0x7f80690a9280>,42,2,[3 6],43,93,95,50,93
1,<environment.Job instance at 0x7f8069902d20>,44,18,[3 6],45,113,131,68,102
1,<environment.Job instance at 0x7f8069179190>,55,17,[6 3],56,141,158,85,141
1,<environment.Job instance at 0x7f8069179960>,56,14,[10  1],57,158,172,101,143
1,<environment.Job instance at 0x7f80691790a0>,59,12,[7 5],60,172,184,112,155
1,<environment.Job instance at 0x7f8068fefd20>,66,13,[9 1],67,184,197,117,168
1,<environment.Job instance at 0x7f8069cd7d20>,0,16,[ 2 10],1,1,17,0,1
1,<environment.Job instance at 0x7f8069295f00>,4,1,[6 4],5,17,18,12,6
1,<environment.Job instance at 0x7f8069cd7e60>,3,15,[4 8],4,18,33,14,6
1,<environment.Job instance at 0x7f8069166a50>,12,15,[3 9],13,33,48,20,20
1,<environment.Job instance at 0x7f80705cb550>,8,13,[5 5],9,48,61,39,36
1,<environment.Job instance at 0x7f80690770a0>,22,17,[3 5],23,48,65,25,45
1,<environment.Job instance at 0x7f80257474b0>,25,13,[10  5],26,65,78,39,49
1,<environment.Job instance at 0x7f8069b4d050>,31,17,[9 4],32,78,95,46,68
1,<environment.Job instance at 0x7f8069b440a0>,34,18,[5 2],35,95,113,60,93
1,<environment.Job instance at 0x7f80256b3eb0>,40,16,[5 4],41,104,120,63,104
1,<environment.Job instance at 0x7f80253d8550>,36,12,[9 5],37,120,132,83,108
1,<environment.Job instance at 0x7f8069b7fd70>,44,12,[7 2],45,132,144,87,115
1,<environment.Job instance at 0x7f8069843960>,57,17,[6 2],58,168,185,110,168
1,<environment.Job instance at 0x7f8069a88dc0>,64,13,[5 7],65,185,198,120,185
1,<environment.Job instance at 0x7f80697b0c30>,65,17,[8 5],66,198,215,132,198
1,<environment.Job instance at 0x7f8069aff5f0>,69,12,[1 6],70,215,227,145,199
1,<environment.Job instance at 0x7f8069aff050>,70,18,[6 4],71,215,233,144,204
1,<environment.Job instance at 0x7f8068ee1460>,72,15,[4 9],73,233,248,160,222
1,<environment.Job instance at 0x7f80692948c0>,2,17,[5 9],3,4,21,1,4
1,<environment.Job instance at 0x7f80258e2460>,7,18,[5 5],8,21,39,13,10
1,<environment.Job instance at 0x7f80256bbf00>,15,13,[ 5 10],16,39,52,23,38
1,<environment.Job instance at 0x7f80256bb910>,16,3,[3 9],17,52,55,35,39
1,<environment.Job instance at 0x7f80256bbb40>,19,13,[7 1],20,52,65,32,39
1,<environment.Job instance at 0x7f80252cb5f0>,22,14,[3 8],23,55,69,32,41
1,<environment.Job instance at 0x7f80252cb780>,24,12,[9 3],25,69,81,44,52
1,<environment.Job instance at 0x7f80252cbf00>,34,15,[10  1],35,81,96,46,73
1,<environment.Job instance at 0x7f80252c4050>,37,13,[5 1],38,96,109,58,80
1,<environment.Job instance at 0x7f80252c4640>,39,13,[5 8],40,96,109,56,86
1,<environment.Job instance at 0x7f80252c4780>,44,15,[5 5],45,109,124,64,98
1,<environment.Job instance at 0x7f80252c49b0>,45,14,[5 9],46,124,138,78,109
1,<environment.Job instance at 0x7f80252c4cd0>,51,12,[3 8],52,138,150,86,121
1,<environment.Job instance at 0x7f80252bc140>,57,12,[3 8],58,150,162,92,142
1,<environment.Job instance at 0x7f80252c4690>,43,27,[5 1],44,142,169,98,142
1,<environment.Job instance at 0x7f80252bc5a0>,58,16,[1 7],59,162,178,103,151
1,<environment.Job instance at 0x7f80252bc960>,64,3,[3 5],65,178,181,113,159
1,<environment.Job instance at 0x7f80252bca00>,65,2,[8 3],66,169,171,103,159
1,<environment.Job instance at 0x7f80252bcbe0>,68,13,[2 9],69,181,194,112,173
1,<environment.Job instance at 0x7f80252a3320>,78,12,[5 5],79,194,206,115,179
1,<environment.Job instance at 0x7f80252a35f0>,80,17,[7 1],81,206,223,125,203
1,<environment.Job instance at 0x7f80252a3780>,84,12,[1 5],85,207,219,122,207
1,<environment.Job instance at 0x7f80252a3820>,85,18,[8 2],86,223,241,137,214
1,<environment.Job instance at 0x7f8069b7faf0>,0,14,[10  4],1,1,15,0,1
1,<environment.Job instance at 0x7f80252a38c0>,1,15,[7 2],2,15,30,13,2
1,<environment.Job instance at 0x7f8069b75e10>,14,15,[7 2],15,30,45,15,16
1,<environment.Job instance at 0x7f8069c3cbe0>,25,13,[2 6],26,29,42,3,29
1,<environment.Job instance at 0x7f8069c3c9b0>,22,12,[5 5],23,45,57,22,33
1,<environment.Job instance at 0x7f8069c3cdc0>,34,17,[5 4],35,52,69,17,52
1,<environment.Job instance at 0x7f80256a7f00>,35,15,[9 4],36,69,84,33,57
1,<environment.Job instance at 0x7f80256a7cd0>,40,15,[4 8],41,84,99,43,70
1,<environment.Job instance at 0x7f8069127f00>,43,17,[7 4],44,99,116,55,87
1,<environment.Job instance at 0x7f80694fd230>,54,12,[9 4],55,116,128,61,101
1,<environment.Job instance at 0x7f80694fdd70>,57,15,[1 6],58,106,121,48,106
1,<environment.Job instance at 0x7f802570a0a0>,69,2,[4 6],70,143,145,73,143
1,<environment.Job instance at 0x7f802570ad20>,70,2,[5 8],71,145,147,74,145
1,<environment.Job instance at 0x7f802570a1e0>,71,3,[6 5],72,147,150,75,145
1,<environment.Job instance at 0x7f8025775410>,77,18,[3 9],78,170,188,92,170
1,<environment.Job instance at 0x7f8025362910>,81,3,[5 5],82,188,191,106,185
1,<environment.Job instance at 0x7f8025362aa0>,82,15,[ 1 10],83,191,206,108,185
1,<environment.Job instance at 0x7f8025362050>,85,16,[5 5],86,206,222,120,194
1,<environment.Job instance at 0x7f8025983960>,87,1,[4 7],88,222,223,134,194
1,<environment.Job instance at 0x7f8025362d70>,79,14,[5 4],80,223,237,143,211
1,<environment.Job instance at 0x7f80694fd5f0>,1,16,[2 7],2,5,21,3,5
1,<environment.Job instance at 0x7f8068fa9a00>,10,18,[8 5],11,21,39,10,11
1,<environment.Job instance at 0x7f80694fd410>,2,3,[7 5],3,39,42,36,19
1,<environment.Job instance at 0x7f8068fd4050>,16,13,[5 6],17,42,55,25,27
1,<environment.Job instance at 0x7f8068fd4910>,22,16,[3 5],23,55,71,32,43
1,<environment.Job instance at 0x7f802527c640>,30,18,[7 3],31,64,82,33,64
1,<environment.Job instance at 0x7f8068ea6a50>,7,13,[ 5 10],8,82,95,74,71
1,<environment.Job instance at 0x7f8025526e60>,43,18,[9 2],44,101,119,57,101
1,<environment.Job instance at 0x7f8025526640>,45,16,[10  3],46,119,135,73,118
1,<environment.Job instance at 0x7f8069d7b640>,49,15,[6 5],50,135,150,85,121
1,<environment.Job instance at 0x7f8069d7bfa0>,58,16,[3 5],59,156,172,97,156
1,<environment.Job instance at 0x7f80256bdeb0>,62,18,[4 7],63,172,190,109,164
1,<environment.Job instance at 0x7f80256bd280>,65,17,[9 3],66,190,207,124,178
1,<environment.Job instance at 0x7f8069ae6aa0>,69,15,[5 5],70,207,222,137,193
1,<environment.Job instance at 0x7f802570a140>,0,12,[2 9],1,1,13,0,1
1,<environment.Job instance at 0x7f802595a550>,1,17,[7 2],2,13,30,11,4
1,<environment.Job instance at 0x7f80694cd370>,6,14,[1 5],7,13,27,6,7
1,<environment.Job instance at 0x7f8069b7e2d0>,14,18,[8 2],15,30,48,15,19
1,<environment.Job instance at 0x7f80697b5aa0>,18,17,[3 5],19,48,65,29,36
1,<environment.Job instance at 0x7f80697b5690>,20,14,[6 3],21,48,62,27,41
1,<environment.Job instance at 0x7f80697ca140>,25,12,[5 9],26,65,77,39,52
1,<environment.Job instance at 0x7f80697ca190>,26,3,[7 4],27,62,65,35,53
1,<environment.Job instance at 0x7f80697cac80>,30,2,[8 2],31,77,79,46,54
1,<environment.Job instance at 0x7f80697caa00>,31,18,[7 1],32,79,97,47,68
1,<environment.Job instance at 0x7f8068dbcb40>,41,15,[9 5],42,97,112,55,83
1,<environment.Job instance at 0x7f80250730a0>,51,17,[5 6],52,113,130,61,113
1,<environment.Job instance at 0x7f806924a550>,52,16,[10  1],53,130,146,77,118
1,<environment.Job instance at 0x7f802549a870>,55,12,[7 2],56,146,158,90,129
1,<environment.Job instance at 0x7f80704b2690>,59,18,[3 8],60,146,164,86,139
1,<environment.Job instance at 0x7f8069d0cfa0>,62,15,[1 7],63,164,179,101,150
1,<environment.Job instance at 0x7f8069a56b40>,66,13,[8 3],67,164,177,97,150
1,<environment.Job instance at 0x7f8069a567d0>,68,15,[8 2],69,177,192,108,165
1,<environment.Job instance at 0x7f8025245730>,73,12,[5 9],74,192,204,118,175
1,<environment.Job instance at 0x7f80252dcaa0>,82,3,[5 8],83,204,207,121,204
1,<environment.Job instance at 0x7f80252dc410>,83,18,[8 1],84,207,225,123,207
1,<environment.Job instance at 0x7f80252dcc30>,85,12,[10  3],86,225,237,139,210
1,<environment.Job instance at 0x7f807048cf00>,0,2,[6 3],1,1,3,0,1
1,<environment.Job instance at 0x7f80694cd050>,3,16,[ 3 10],4,4,20,0,4
1,<environment.Job instance at 0x7f80694a60a0>,9,14,[8 2],10,20,34,10,10
1,<environment.Job instance at 0x7f80253e0fa0>,11,17,[10  3],12,34,51,22,23
1,<environment.Job instance at 0x7f80257db050>,31,15,[10  1],32,80,95,48,80
1,<environment.Job instance at 0x7f8069314dc0>,45,15,[4 9],46,95,110,49,84
1,<environment.Job instance at 0x7f8070165d70>,56,1,[1 5],57,111,112,54,111
1,<environment.Job instance at 0x7f80694f72d0>,58,14,[3 7],59,126,140,67,126
1,<environment.Job instance at 0x7f80694f7730>,60,13,[5 8],61,140,153,79,138
1,<environment.Job instance at 0x7f80695079b0>,71,3,[5 8],72,153,156,81,142
1,<environment.Job instance at 0x7f802540abe0>,0,14,[5 7],1,1,15,0,1
1,<environment.Job instance at 0x7f806917d910>,4,15,[9 5],5,15,30,10,5
1,<environment.Job instance at 0x7f80690c7cd0>,6,18,[8 5],7,41,59,34,41
1,<environment.Job instance at 0x7f8024fe1050>,22,14,[1 9],23,59,73,36,54
1,<environment.Job instance at 0x7f8024fe1140>,26,12,[5 8],27,73,85,46,72
1,<environment.Job instance at 0x7f8024fe15f0>,20,15,[2 8],21,85,100,64,72
1,<environment.Job instance at 0x7f8024fe1370>,35,16,[5 1],36,84,100,48,84
1,<environment.Job instance at 0x7f8024fe1a00>,38,12,[9 4],39,100,112,61,87
1,<environment.Job instance at 0x7f80250422d0>,41,14,[9 4],42,124,138,82,124
1,<environment.Job instance at 0x7f8025042960>,50,14,[6 3],51,138,152,87,129
1,<environment.Job instance at 0x7f8025042050>,43,17,[3 7],44,138,155,94,137
1,<environment.Job instance at 0x7f80250425f0>,56,3,[5 5],57,155,158,98,147
1,<environment.Job instance at 0x7f802503d640>,63,17,[7 2],64,158,175,94,147
1,<environment.Job instance at 0x7f802503d550>,67,15,[2 5],68,168,183,100,168
1,<environment.Job instance at 0x7f802503df00>,70,12,[8 4],71,175,187,104,170
1,<environment.Job instance at 0x7f802503daf0>,71,14,[ 2 10],72,187,201,115,172
1,<environment.Job instance at 0x7f802503d500>,62,13,[ 4 10],63,201,214,138,186
1,<environment.Job instance at 0x7f8024fe09b0>,82,15,[4 5],83,214,229,131,200
1,<environment.Job instance at 0x7f8024fe0cd0>,85,18,[4 5],86,214,232,128,203
1,<environment.Job instance at 0x7f807048ceb0>,0,1,[5 1],1,1,2,0,1
1,<environment.Job instance at 0x7f802503d410>,1,18,[5 5],2,2,20,0,2
1,<environment.Job instance at 0x7f8069d06cd0>,7,15,[5 9],8,20,35,12,9
1,<environment.Job instance at 0x7f8025029c80>,17,17,[2 7],18,35,52,17,33
1,<environment.Job instance at 0x7f8069a1ca50>,19,14,[6 4],20,52,66,32,37
1,<environment.Job instance at 0x7f802592aeb0>,25,15,[6 1],26,68,83,42,68
1,<environment.Job instance at 0x7f802592ae10>,28,2,[1 7],29,69,71,40,69
1,<environment.Job instance at 0x7f802592ac80>,30,17,[1 5],31,71,88,40,70
1,<environment.Job instance at 0x7f802594f0a0>,31,17,[10  2],32,88,105,56,76
1,<environment.Job instance at 0x7f802594f960>,33,13,[4 6],34,105,118,71,89
1,<environment.Job instance at 0x7f802592b1e0>,38,12,[1 8],39,118,130,79,101
1,<environment.Job instance at 0x7f8025936640>,41,17,[5 3],42,130,147,88,119
1,<environment.Job instance at 0x7f80693705a0>,46,14,[8 4],47,147,161,100,132
1,<environment.Job instance at 0x7f80699f0d20>,52,12,[7 5],53,161,173,108,147
1,<environment.Job instance at 0x7f8069426730>,54,16,[7 2],55,173,189,118,160
1,<environment.Job instance at 0x7f80259361e0>,43,12,[5 7],44,189,201,145,174
1,<environment.Job instance at 0x7f8025440910>,62,14,[7 1],63,201,215,138,186
1,<environment.Job instance at 0x7f80699e0550>,70,12,[1 9],71,201,213,130,201
1,<environment.Job instance at 0x7f806944a3c0>,72,14,[4 6],73,215,229,142,204
1,<environment.Job instance at 0x7f806944ab40>,75,1,[8 4],76,229,230,153,224
1,<environment.Job instance at 0x7f806944a280>,78,1,[9 4],79,230,231,151,224
1,<environment.Job instance at 0x7f806944a7d0>,79,2,[3 5],80,231,233,151,224
1,<environment.Job instance at 0x7f80254512d0>,0,15,[4 9],1,1,16,0,1
1,<environment.Job instance at 0x7f806944aaa0>,1,3,[4 9],2,16,19,14,2
1,<environment.Job instance at 0x7f80698f6410>,2,3,[1 8],3,19,22,16,3
1,<environment.Job instance at 0x7f806944a7d0>,3,1,[1 6],4,22,23,18,4
1,<environment.Job instance at 0x7f802503d280>,7,16,[2 6],8,23,39,15,10
1,<environment.Job instance at 0x7f806917d910>,9,1,[5 9],10,39,40,29,15
1,<environment.Job instance at 0x7f8069413690>,10,12,[4 8],11,40,52,29,23
1,<environment.Job instance at 0x7f80701ea960>,18,17,[2 5],19,52,69,33,52
1,<environment.Job instance at 0x7f802574c730>,27,15,[8 4],28,79,94,51,79
1,<environment.Job instance at 0x7f8069747140>,29,15,[2 8],30,96,111,66,96
1,<environment.Job instance at 0x7f8069632c80>,37,14,[4 5],38,124,138,86,124
1,<environment.Job instance at 0x7f802546afa0>,46,15,[7 3],47,160,175,113,160
1,<environment.Job instance at 0x7f802546ac80>,48,13,[2 8],49,177,190,128,177
1,<environment.Job instance at 0x7f802546a190>,53,13,[5 1],54,189,202,135,189
1,<environment.Job instance at 0x7f806903c370>,54,12,[1 9],55,190,202,135,189
1,<environment.Job instance at 0x7f806903ca00>,55,16,[10  3],56,202,218,146,190
1,<environment.Job instance at 0x7f806903c910>,59,17,[1 9],60,218,235,158,210
1,<environment.Job instance at 0x7f806903c320>,56,18,[8 3],57,235,253,178,225
1,<environment.Job instance at 0x7f80692a9640>,1,2,[8 3],2,2,4,0,2
1,<environment.Job instance at 0x7f806990da50>,2,13,[3 9],3,4,17,1,3
1,<environment.Job instance at 0x7f8025698640>,3,12,[5 8],4,17,29,13,4
1,<environment.Job instance at 0x7f80692a9dc0>,8,1,[2 8],9,29,30,20,9
1,<environment.Job instance at 0x7f802564f230>,11,16,[5 4],12,30,46,18,17
1,<environment.Job instance at 0x7f802564f4b0>,14,3,[6 5],15,46,49,31,27
1,<environment.Job instance at 0x7f802564f8c0>,25,13,[4 8],26,49,62,23,37
1,<environment.Job instance at 0x7f80255385a0>,29,13,[4 7],30,62,75,32,48
1,<environment.Job instance at 0x7f802564fb40>,15,13,[6 3],16,62,75,46,55
1,<environment.Job instance at 0x7f80255388c0>,36,14,[5 5],37,75,89,38,61
1,<environment.Job instance at 0x7f8025538c80>,38,16,[7 5],39,89,105,50,76
1,<environment.Job instance at 0x7f8069745cd0>,53,13,[7 4],54,105,118,51,93
1,<environment.Job instance at 0x7f8069745e60>,55,15,[7 2],56,118,133,62,104
1,<environment.Job instance at 0x7f8069745be0>,58,15,[8 5],59,133,148,74,119
1,<environment.Job instance at 0x7f80692a9cd0>,0,16,[6 4],1,1,17,0,1
1,<environment.Job instance at 0x7f80692a99b0>,2,12,[ 4 10],3,17,29,14,3
1,<environment.Job instance at 0x7f8069a53870>,18,16,[6 3],19,29,45,10,20
1,<environment.Job instance at 0x7f8069a537d0>,20,17,[10  5],21,45,62,24,37
1,<environment.Job instance at 0x7f8069a53e60>,25,17,[9 4],26,63,80,37,63
1,<environment.Job instance at 0x7f8069a53960>,32,18,[3 6],33,80,98,47,69
1,<environment.Job instance at 0x7f8069a78eb0>,41,18,[8 4],42,98,116,56,87
1,<environment.Job instance at 0x7f8069a78410>,49,14,[ 5 10],50,116,130,66,106
1,<environment.Job instance at 0x7f8069a7a820>,56,15,[6 4],57,130,145,73,128
1,<environment.Job instance at 0x7f8069a7af50>,62,14,[1 7],63,155,169,92,155
1,<environment.Job instance at 0x7f8069a7ad70>,63,16,[10  5],64,173,189,109,173
1,<environment.Job instance at 0x7f8069a62c80>,78,22,[4 8],79,202,224,123,202
1,<environment.Job instance at 0x7f8069a62460>,85,14,[4 5],86,224,238,138,213
1,<environment.Job instance at 0x7fdbe386d190>,0,17,[6 1],1,1,18,0,1
1,<environment.Job instance at 0x7fdbdc45d5a0>,6,15,[2 8],7,7,22,0,7
1,<environment.Job instance at 0x7fdbdc45db40>,13,18,[5 9],14,22,40,8,17
1,<environment.Job instance at 0x7fdbdc45d8c0>,9,12,[8 2],10,40,52,30,26
1,<environment.Job instance at 0x7fdbdc45e500>,24,2,[4 6],25,57,59,32,57
1,<environment.Job instance at 0x7fdbdc45e5f0>,26,12,[8 5],27,60,72,33,60
1,<environment.Job instance at 0x7fdbdc45e1e0>,29,2,[4 7],30,72,74,42,72
1,<environment.Job instance at 0x7fdbdc45ebe0>,34,14,[1 9],35,105,119,70,105
1,<environment.Job instance at 0x7fdbdc45ec30>,36,2,[7 5],37,119,121,82,108
1,<environment.Job instance at 0x7fdbdc45ecd0>,37,14,[5 8],38,121,135,83,108
1,<environment.Job instance at 0x7fdbdc45eeb0>,38,2,[6 1],39,108,110,69,108
1,<environment.Job instance at 0x7fdbdc463370>,43,12,[4 5],44,135,147,91,125
1,<environment.Job instance at 0x7fdbdc4635f0>,47,13,[ 3 10],48,147,160,99,137
1,<environment.Job instance at 0x7fdbdc463730>,49,17,[10  2],50,160,177,110,148
1,<environment.Job instance at 0x7fdbdc4630a0>,55,12,[2 6],56,177,189,121,165
1,<environment.Job instance at 0x7fdbdc463e60>,58,17,[3 7],59,189,206,130,179
1,<environment.Job instance at 0x7fdbdc4664b0>,63,12,[5 3],64,179,191,115,179
1,<environment.Job instance at 0x7fdbdc4667d0>,69,14,[9 4],70,206,220,136,195
1,<environment.Job instance at 0x7fdbdc466c80>,78,14,[6 1],79,220,234,141,210
1,<environment.Job instance at 0x7fdbdc467280>,81,14,[8 5],82,234,248,152,220
1,<environment.Job instance at 0x7fdbdc467230>,1,17,[6 4],2,2,19,0,2
1,<environment.Job instance at 0x7fdbe3896af0>,6,12,[8 4],7,19,31,12,7
1,<environment.Job instance at 0x7fdbe39e2c80>,14,1,[6 1],15,31,32,16,29
1,<environment.Job instance at 0x7fdbe39d5960>,20,17,[9 5],21,32,49,11,31
1,<environment.Job instance at 0x7fdbe39d50f0>,21,13,[3 8],22,49,62,27,38
1,<environment.Job instance at 0x7fdbe39d5690>,28,3,[4 6],29,62,65,33,57
1,<environment.Job instance at 0x7fdbe39d5550>,23,2,[ 5 10],24,65,67,41,57
1,<environment.Job instance at 0x7fdbe3897190>,31,14,[ 3 10],32,67,81,35,57
1,<environment.Job instance at 0x7fdbe3897780>,38,3,[4 8],39,81,84,42,62
1,<environment.Job instance at 0x7fdbe3897690>,39,17,[5 7],40,84,101,44,72
1,<environment.Job instance at 0x7fdbe39e42d0>,45,17,[10  4],46,101,118,55,90
1,<environment.Job instance at 0x7fdbe38994b0>,51,12,[5 4],52,118,130,66,104
1,<environment.Job instance at 0x7fdbe39e1aa0>,60,17,[4 7],61,130,147,69,127
1,<environment.Job instance at 0x7fdbe39e1e60>,61,13,[5 7],62,147,160,85,134
1,<environment.Job instance at 0x7fdbe39e80f0>,65,17,[5 1],66,148,165,82,148
1,<environment.Job instance at 0x7fdbe39e8230>,70,17,[3 5],71,160,177,89,150
1,<environment.Job instance at 0x7fdbe39e8370>,71,18,[6 2],72,165,183,93,160
1,<environment.Job instance at 0x7fdbe39df550>,80,17,[9 5],81,183,200,102,179
1,<environment.Job instance at 0x7fdbe39df3c0>,83,12,[1 9],84,200,212,116,194
1,<environment.Job instance at 0x7fdbe39d9500>,0,3,[4 8],1,1,4,0,1
1,<environment.Job instance at 0x7fdbe39df230>,2,15,[8 2],3,4,19,1,3
1,<environment.Job instance at 0x7fdb98720d70>,4,15,[8 5],5,19,34,14,5
1,<environment.Job instance at 0x7fdb98708c80>,22,12,[ 5 10],23,34,46,11,32
1,<environment.Job instance at 0x7fdb98708b40>,28,3,[5 1],29,50,53,21,50
1,<environment.Job instance at 0x7fdb98708aa0>,30,13,[3 5],31,50,63,19,50
1,<environment.Job instance at 0x7fdb986b1690>,37,14,[10  5],38,63,77,25,63
1,<environment.Job instance at 0x7fdb98708780>,27,14,[10  3],28,77,91,49,64
1,<environment.Job instance at 0x7fdb98778190>,46,15,[6 5],47,91,106,44,82
1,<environment.Job instance at 0x7fdb987782d0>,48,17,[1 5],49,91,108,42,84
1,<environment.Job instance at 0x7fdb98708a00>,24,13,[4 5],25,106,119,81,95
1,<environment.Job instance at 0x7fdb98778aa0>,52,18,[3 8],53,119,137,66,108
1,<environment.Job instance at 0x7fdb98778fa0>,57,15,[3 6],58,137,152,79,123
1,<environment.Job instance at 0x7fdb987d08c0>,62,15,[9 2],63,152,167,89,140
1,<environment.Job instance at 0x7fdb98764a50>,68,13,[8 4],69,167,180,98,153
1,<environment.Job instance at 0x7fdb987645a0>,74,12,[8 3],75,180,192,105,171
1,<environment.Job instance at 0x7fdb987646e0>,76,13,[8 2],77,192,205,115,179
1,<environment.Job instance at 0x7fdb98764c30>,79,15,[6 5],80,205,220,125,198
1,<environment.Job instance at 0x7fdb98710d20>,1,2,[2 9],2,2,4,0,2
1,<environment.Job instance at 0x7fdbdc21cbe0>,3,12,[2 7],4,4,16,0,4
1,<environment.Job instance at 0x7fdbdc2b54b0>,6,2,[5 5],7,16,18,9,7
1,<environment.Job instance at 0x7fdb9883d9b0>,7,3,[9 3],8,18,21,10,8
1,<environment.Job instance at 0x7fdb9883d5a0>,9,15,[ 2 10],10,21,36,11,10
1,<environment.Job instance at 0x7fdb98aa6eb0>,20,14,[2 9],21,36,50,15,22
1,<environment.Job instance at 0x7fdb98865fa0>,36,18,[8 3],37,66,84,29,66
1,<environment.Job instance at 0x7fdbdc403870>,40,12,[3 8],41,84,96,43,70
1,<environment.Job instance at 0x7fdb98b18730>,45,15,[1 5],46,96,111,50,84
1,<environment.Job instance at 0x7fdb98832320>,49,18,[5 2],50,87,105,37,87
1,<environment.Job instance at 0x7fdb98832410>,50,16,[ 4 10],51,111,127,60,98
1,<environment.Job instance at 0x7fdb988321e0>,59,18,[10  4],60,132,150,72,132
1,<environment.Job instance at 0x7fdb98b10e60>,66,16,[2 9],67,150,166,83,141
1,<environment.Job instance at 0x7fdb98b10eb0>,71,16,[4 5],72,166,182,94,153
1,<environment.Job instance at 0x7fdb988de190>,78,16,[9 2],79,182,198,103,176
1,<environment.Job instance at 0x7fdb988ded20>,81,16,[4 5],82,198,214,116,188
1,<environment.Job instance at 0x7fdb988de140>,85,14,[6 1],86,198,212,112,190
1,<environment.Job instance at 0x7fdb986e9be0>,91,3,[3 8],92,214,217,122,197
1,<environment.Job instance at 0x7fdb986e9d20>,94,14,[3 6],95,217,231,122,205
1,<environment.Job instance at 0x7fdb986e95a0>,1,1,[3 6],2,2,3,0,2
1,<environment.Job instance at 0x7fdbdc52dc80>,9,15,[9 5],10,24,39,14,24
1,<environment.Job instance at 0x7fdbdc4a6eb0>,17,13,[3 7],18,39,52,21,36
1,<environment.Job instance at 0x7fdbdc911190>,18,15,[2 9],19,52,67,33,41
1,<environment.Job instance at 0x7fdbdcb250f0>,25,13,[6 3],26,67,80,41,51
1,<environment.Job instance at 0x7fdb98b5c370>,27,12,[6 2],28,80,92,52,63
1,<environment.Job instance at 0x7fdb98b5c820>,30,12,[3 7],31,67,79,36,67
1,<environment.Job instance at 0x7fdb98b5ca50>,33,12,[2 7],34,79,91,45,73
1,<environment.Job instance at 0x7fdb98b5cdc0>,37,3,[3 5],38,91,94,53,89
1,<environment.Job instance at 0x7fdb98665190>,41,15,[7 1],42,92,107,50,89
1,<environment.Job instance at 0x7fdb98665140>,42,3,[8 3],43,107,110,64,89
1,<environment.Job instance at 0x7fdbdc57d140>,8,28,[ 5 10],9,130,158,121,130
1,<environment.Job instance at 0x7fdbdc5ed3c0>,0,3,[10  1],1,1,4,0,1
1,<environment.Job instance at 0x7fdbe35fe1e0>,1,12,[2 6],2,4,16,2,2
1,<environment.Job instance at 0x7fdb98b118c0>,5,15,[5 9],6,16,31,10,6
1,<environment.Job instance at 0x7fdbdc28d500>,17,18,[10  5],18,31,49,13,26
1,<environment.Job instance at 0x7fdbdc28df50>,18,13,[5 5],19,49,62,30,33
1,<environment.Job instance at 0x7fdbdc28d820>,24,12,[9 3],25,62,74,37,53
1,<environment.Job instance at 0x7fdb98afd1e0>,30,17,[5 6],31,75,92,44,75
1,<environment.Job instance at 0x7fdb98afd5f0>,40,16,[10  1],41,142,158,101,142
1,<environment.Job instance at 0x7fdbdc2291e0>,57,14,[9 2],58,194,208,136,194
1,<environment.Job instance at 0x7fdbdc229b40>,60,14,[5 8],61,208,222,147,196
1,<environment.Job instance at 0x7fdbdc5edd70>,0,12,[2 9],1,1,13,0,1
1,<environment.Job instance at 0x7fdbdc229190>,1,15,[8 1],2,3,18,1,3
1,<environment.Job instance at 0x7fdb98aa8d70>,7,14,[7 2],8,18,32,10,8
1,<environment.Job instance at 0x7fdbdcfb0500>,10,16,[5 4],11,32,48,21,19
1,<environment.Job instance at 0x7fdbdcf877d0>,16,14,[6 5],17,48,62,31,33
1,<environment.Job instance at 0x7fdbdc840e60>,21,13,[2 5],22,62,75,40,62
1,<environment.Job instance at 0x7fdbdca3e410>,24,18,[6 4],25,63,81,38,63
1,<environment.Job instance at 0x7fdbdca3ef00>,27,17,[8 4],28,81,98,53,73
1,<environment.Job instance at 0x7fdbdc912b90>,28,16,[1 7],29,98,114,69,85
1,<environment.Job instance at 0x7fdbdc5242d0>,26,12,[1 7],27,114,126,87,101
1,<environment.Job instance at 0x7fdbdc83f500>,43,18,[6 4],44,126,144,82,115
1,<environment.Job instance at 0x7fdbdc34dbe0>,57,14,[1 9],58,144,158,86,135
1,<environment.Job instance at 0x7fdbdd0463c0>,67,17,[5 7],68,158,175,90,158
1,<environment.Job instance at 0x7fdbdd046960>,68,12,[7 5],69,175,187,106,158
1,<environment.Job instance at 0x7fdbdc5307d0>,70,3,[8 5],71,187,190,116,163
1,<environment.Job instance at 0x7fdbdc52bfa0>,72,3,[4 7],73,190,193,117,164
1,<environment.Job instance at 0x7fdbdc60f230>,74,12,[1 5],75,175,187,100,175
1,<environment.Job instance at 0x7fdbdc60f640>,75,14,[5 2],76,190,204,114,175
1,<environment.Job instance at 0x7fdbdc60faf0>,76,12,[6 4],77,204,216,127,188
1,<environment.Job instance at 0x7fdbdc56e5a0>,82,12,[8 3],83,216,228,133,201
1,<environment.Job instance at 0x7fdbdc56ed70>,83,13,[5 6],84,228,241,144,212
1,<environment.Job instance at 0x7fdbdc9e05a0>,0,3,[ 1 10],1,1,4,0,1
1,<environment.Job instance at 0x7fdb98aa8690>,2,3,[5 7],3,4,7,1,3
1,<environment.Job instance at 0x7fdbe39d9c30>,5,12,[3 7],6,7,19,1,6
1,<environment.Job instance at 0x7fdbdc54a190>,7,16,[2 7],8,19,35,11,8
1,<environment.Job instance at 0x7fdbdc615370>,8,15,[6 2],9,9,24,0,9
1,<environment.Job instance at 0x7fdbdc33d280>,18,16,[8 4],19,35,51,16,33
1,<environment.Job instance at 0x7fdbdc33d5a0>,23,18,[ 2 10],24,51,69,27,40
1,<environment.Job instance at 0x7fdbdc33daa0>,31,12,[3 9],32,69,81,37,65
1,<environment.Job instance at 0x7fdbdc33d2d0>,20,25,[5 4],21,81,106,60,79
1,<environment.Job instance at 0x7fdbdc31aa50>,47,17,[2 7],48,108,125,60,108
1,<environment.Job instance at 0x7fdbdc31acd0>,51,18,[5 9],52,125,143,73,123
1,<environment.Job instance at 0x7fdbdc31a870>,58,12,[1 8],59,143,155,84,129
1,<environment.Job instance at 0x7fdbdc321190>,60,18,[2 7],61,155,173,94,144
1,<environment.Job instance at 0x7fdbdc321370>,62,12,[6 2],63,144,156,81,144
1,<environment.Job instance at 0x7fdbdc321aa0>,69,18,[7 4],70,173,191,103,168
1,<environment.Job instance at 0x7fdbdc321b90>,74,18,[3 6],75,180,198,105,180
1,<environment.Job instance at 0x7fdbdc3178c0>,1,2,[2 6],2,2,4,0,2
1,<environment.Job instance at 0x7fdbdcd5d8c0>,3,16,[6 3],4,4,20,0,4
1,<environment.Job instance at 0x7fdbdc20e410>,29,17,[ 2 10],30,55,72,25,55
1,<environment.Job instance at 0x7fdbdc20e6e0>,30,14,[6 3],31,72,86,41,57
1,<environment.Job instance at 0x7fdbdc20ef00>,31,18,[8 1],32,86,104,54,75
1,<environment.Job instance at 0x7fdbdcb931e0>,42,17,[3 5],43,104,121,61,102
1,<environment.Job instance at 0x7fdbdd0e58c0>,45,13,[10  5],46,121,134,75,106
1,<environment.Job instance at 0x7fdb98d0d780>,51,17,[9 4],52,136,153,84,136
1,<environment.Job instance at 0x7fdb9883cb40>,61,18,[7 2],62,180,198,118,180
1,<environment.Job instance at 0x7fdbdccf2910>,64,12,[7 2],65,198,210,133,182
1,<environment.Job instance at 0x7fdb98ccc1e0>,71,15,[5 5],72,210,225,138,203
1,<environment.Job instance at 0x7fdbe386d1e0>,74,12,[7 1],75,225,237,150,208
1,<environment.Job instance at 0x7fdbdd185550>,77,17,[6 2],78,237,254,159,225
1,<environment.Job instance at 0x7fdbdc69cc80>,1,13,[5 2],2,2,15,0,2
1,<environment.Job instance at 0x7fdbdc5192d0>,12,17,[5 9],13,30,47,17,30
1,<environment.Job instance at 0x7fdb98537190>,15,17,[6 4],16,47,64,31,35
1,<environment.Job instance at 0x7fdb98cccb90>,16,17,[1 6],17,47,64,30,35
1,<environment.Job instance at 0x7fdb98ccc960>,17,18,[5 5],18,64,82,46,53
1,<environment.Job instance at 0x7fdb98537e10>,13,18,[5 5],14,64,82,50,53
1,<environment.Job instance at 0x7fdbdcf16eb0>,26,3,[3 9],27,82,85,55,72
1,<environment.Job instance at 0x7fdb98ccceb0>,18,18,[ 3 10],19,85,103,66,78
1,<environment.Job instance at 0x7fdbdc5c0500>,34,12,[9 3],35,103,115,68,86
1,<environment.Job instance at 0x7fdb986a90f0>,40,13,[7 1],41,115,128,74,104
1,<environment.Job instance at 0x7fdbdcb93460>,60,13,[7 3],61,163,176,102,163
1,<environment.Job instance at 0x7fdbdcb93690>,61,12,[3 8],62,176,188,114,163
1,<environment.Job instance at 0x7fdbdc3c3be0>,63,18,[6 4],64,188,206,124,177
1,<environment.Job instance at 0x7fdbdc85d410>,67,12,[3 8],68,206,218,138,195
1,<environment.Job instance at 0x7fdbdc33b7d0>,73,18,[5 3],74,218,236,144,207
1,<environment.Job instance at 0x7fdbdd113550>,0,14,[10  4],1,1,15,0,1
1,<environment.Job instance at 0x7fdbdcb4da00>,1,15,[7 2],2,15,30,13,2
1,<environment.Job instance at 0x7fdbdc57dbe0>,15,18,[9 1],16,30,48,14,19
1,<environment.Job instance at 0x7fdb98a11d70>,20,15,[5 8],21,48,63,27,34
1,<environment.Job instance at 0x7fdb98a0c960>,32,2,[6 5],33,63,65,30,47
1,<environment.Job instance at 0x7fdb98a0c870>,35,15,[9 4],36,65,80,29,53
1,<environment.Job instance at 0x7fdb98a0ce60>,36,15,[4 7],37,80,95,43,69
1,<environment.Job instance at 0x7fdb98a06230>,43,17,[7 4],44,95,112,51,83
1,<environment.Job instance at 0x7fdb98a06370>,45,15,[9 1],46,112,127,66,98
1,<environment.Job instance at 0x7fdb98a06f50>,61,18,[5 5],62,133,151,71,133
1,<environment.Job instance at 0x7fdb98a06fa0>,60,16,[3 7],61,179,195,118,179
1,<environment.Job instance at 0x7fdb98a14b40>,77,18,[3 9],78,195,213,117,193
1,<environment.Job instance at 0x7fdb98a06780>,48,16,[6 5],49,217,233,168,217
1,<environment.Job instance at 0x7fdbdccf2aa0>,0,18,[8 5],1,1,19,0,1
1,<environment.Job instance at 0x7fdb98922cd0>,2,18,[4 5],3,19,37,16,8
1,<environment.Job instance at 0x7fdbdcc043c0>,12,16,[3 5],13,19,35,6,13
1,<environment.Job instance at 0x7fdbe3aba500>,20,18,[7 3],21,38,56,17,38
1,<environment.Job instance at 0x7fdb98c68410>,27,15,[6 4],28,56,71,28,42
1,<environment.Job instance at 0x7fdb98c68690>,28,17,[3 8],29,71,88,42,59
1,<environment.Job instance at 0x7fdbdc34cc80>,35,16,[10  3],36,88,104,52,85
1,<environment.Job instance at 0x7fdbdc34c5a0>,40,17,[10  1],41,104,121,63,92
1,<environment.Job instance at 0x7fdb98aaa1e0>,44,16,[3 9],45,121,137,76,108
1,<environment.Job instance at 0x7fdbe39df500>,4,13,[4 6],5,137,150,132,126
1,<environment.Job instance at 0x7fdb98aaabe0>,52,18,[4 7],53,150,168,97,139
1,<environment.Job instance at 0x7fdbdc889a00>,59,15,[5 5],60,168,183,108,154
1,<environment.Job instance at 0x7fdbdc8891e0>,67,3,[1 6],68,183,186,115,157
1,<environment.Job instance at 0x7fdb98872780>,73,2,[9 4],74,183,185,109,175
1,<environment.Job instance at 0x7fdb9894c690>,75,17,[5 9],76,186,203,110,175
1,<environment.Job instance at 0x7fdb9894c4b0>,77,15,[5 5],78,203,218,125,196
1,<environment.Job instance at 0x7fdb9894c280>,79,18,[9 5],80,218,236,138,207
1,<environment.Job instance at 0x7fdb989ffbe0>,0,14,[6 3],1,1,15,0,1
1,<environment.Job instance at 0x7fdbdc6ca0a0>,11,18,[7 1],12,15,33,3,12
1,<environment.Job instance at 0x7fdbdc901d20>,18,12,[10  2],19,33,45,14,23
1,<environment.Job instance at 0x7fdbdc41ec80>,31,17,[5 6],32,55,72,23,55
1,<environment.Job instance at 0x7fdbdc83f5f0>,32,16,[10  1],33,72,88,39,60
1,<environment.Job instance at 0x7fdbdc901730>,16,2,[5 5],17,88,90,71,71
1,<environment.Job instance at 0x7fdbdc83fa00>,35,12,[7 2],36,90,102,54,73
1,<environment.Job instance at 0x7fdbdc83f870>,42,15,[1 7],43,90,105,47,81
1,<environment.Job instance at 0x7fdbdc83f780>,43,17,[6 1],44,102,119,58,90
1,<environment.Job instance at 0x7fdbdc3c7730>,48,15,[8 2],49,119,134,70,106
1,<environment.Job instance at 0x7fdbdc4d7a00>,54,16,[1 8],55,114,130,59,114
1,<environment.Job instance at 0x7fdb98cd3960>,64,13,[10  5],65,181,194,116,181
1,<environment.Job instance at 0x7fdb98cd33c0>,69,12,[7 1],70,194,206,124,183
1,<environment.Job instance at 0x7fdb98cd3af0>,70,18,[5 7],71,206,224,135,195
1,<environment.Job instance at 0x7fdb98cd3e60>,74,15,[6 4],75,224,239,149,210
1,<environment.Job instance at 0x7fdb98cd3d70>,76,18,[1 5],77,224,242,147,221
1,<environment.Job instance at 0x7fdbdc580230>,77,3,[ 1 10],78,242,245,164,221
1,<environment.Job instance at 0x7fdbdc206870>,0,3,[4 8],1,1,4,0,1
1,<environment.Job instance at 0x7fdbdc9b6af0>,1,15,[10  1],2,4,19,2,4
1,<environment.Job instance at 0x7fdb9894cc30>,5,2,[4 9],6,19,21,13,6
1,<environment.Job instance at 0x7fdbdc516910>,6,18,[7 2],7,21,39,14,10
1,<environment.Job instance at 0x7fdb98868460>,11,1,[4 8],12,39,40,27,12
1,<environment.Job instance at 0x7fdbdc55b5a0>,17,17,[3 7],18,21,38,3,18
1,<environment.Job instance at 0x7fdbdcc4d370>,18,16,[8 5],19,40,56,21,27
1,<environment.Job instance at 0x7fdbdc579f50>,28,14,[3 7],29,56,70,27,41
1,<environment.Job instance at 0x7fdbdc579a50>,33,16,[5 8],34,70,86,36,57
1,<environment.Job instance at 0x7fdb98868410>,13,18,[6 1],14,86,104,72,84
1,<environment.Job instance at 0x7fdb98cad1e0>,50,18,[9 4],51,104,122,53,93
1,<environment.Job instance at 0x7fdbdcc510a0>,56,13,[2 9],57,122,135,65,110
1,<environment.Job instance at 0x7fdb98663f50>,61,15,[10  3],62,142,157,80,142
1,<environment.Job instance at 0x7fdb98940280>,63,17,[6 3],64,157,174,93,145
1,<environment.Job instance at 0x7fdb9865a6e0>,72,18,[4 9],73,183,201,110,183
1,<environment.Job instance at 0x7fdb9895ceb0>,80,15,[9 2],81,201,216,120,198
1,<environment.Job instance at 0x7fdb9895c050>,81,12,[7 1],82,216,228,134,203
1,<environment.Job instance at 0x7fdb9895c690>,84,13,[1 9],85,216,229,131,215
1,<environment.Job instance at 0x7fdb9895ca50>,1,14,[9 4],2,2,16,0,2
1,<environment.Job instance at 0x7fdb98c541e0>,2,14,[7 1],3,16,30,13,3
1,<environment.Job instance at 0x7fdb985ec3c0>,3,17,[3 7],4,16,33,12,4
1,<environment.Job instance at 0x7fdbdc79b500>,17,17,[9 1],18,34,51,16,34
1,<environment.Job instance at 0x7fdbdc79bdc0>,15,13,[10  4],16,51,64,35,39
1,<environment.Job instance at 0x7fdbdc46a0f0>,22,13,[ 4 10],23,64,77,41,50
1,<environment.Job instance at 0x7fdbdc42b960>,26,14,[9 1],27,77,91,50,62
1,<environment.Job instance at 0x7fdbdc782a50>,33,18,[8 3],34,91,109,57,80
1,<environment.Job instance at 0x7fdbdc42b550>,34,12,[7 5],35,109,121,74,92
1,<environment.Job instance at 0x7fdbdc47f500>,14,1,[8 3],15,130,131,115,130
1,<environment.Job instance at 0x7fdb98b8e820>,51,15,[3 7],52,131,146,79,130
1,<environment.Job instance at 0x7fdb98b8e7d0>,56,15,[3 5],57,149,164,92,149
1,<environment.Job instance at 0x7fdb98b8ec80>,59,3,[4 7],60,164,167,104,149
1,<environment.Job instance at 0x7fdb98b8eaf0>,61,18,[5 5],62,167,185,105,156
1,<environment.Job instance at 0x7fdbdcee33c0>,66,17,[3 5],67,170,187,103,170
1,<environment.Job instance at 0x7fdbdcee3460>,67,15,[5 9],68,187,202,119,173
1,<environment.Job instance at 0x7fdb98a65b40>,71,17,[8 2],72,202,219,130,190
1,<environment.Job instance at 0x7fdb98a651e0>,72,12,[4 6],73,219,231,146,202
1,<environment.Job instance at 0x7fdbdce69e60>,42,15,[4 5],43,231,246,188,218
1,<environment.Job instance at 0x7fdbdc662690>,1,16,[3 9],2,2,18,0,2
1,<environment.Job instance at 0x7fdbdc662dc0>,2,12,[7 5],3,18,30,15,3
1,<environment.Job instance at 0x7fdbdc86ecd0>,17,16,[10  4],18,30,46,12,27
1,<environment.Job instance at 0x7fdbdc3970a0>,20,12,[1 9],21,46,58,25,32
1,<environment.Job instance at 0x7fdbdc3970f0>,21,3,[5 9],22,58,61,36,32
1,<environment.Job instance at 0x7fdbdc397b90>,24,1,[6 3],25,61,62,36,48
1,<environment.Job instance at 0x7fdbdc397c80>,27,19,[6 3],28,62,81,34,52
1,<environment.Job instance at 0x7fdbdcaed690>,32,18,[6 5],33,81,99,48,71
1,<environment.Job instance at 0x7fdbdcaede60>,41,14,[9 4],42,99,113,57,97
1,<environment.Job instance at 0x7fdbdcaed9b0>,42,1,[9 1],43,113,114,70,97
1,<environment.Job instance at 0x7fdbdcaedb90>,43,12,[2 8],44,114,126,70,97
1,<environment.Job instance at 0x7fdbdcaed5a0>,45,3,[ 2 10],46,126,129,80,113
1,<environment.Job instance at 0x7fdbdcaedaa0>,47,1,[1 8],48,113,114,65,113
1,<environment.Job instance at 0x7fdbdca5eb90>,48,18,[1 8],49,129,147,80,118
1,<environment.Job instance at 0x7fdbdca5e640>,58,17,[7 4],59,151,168,92,151
1,<environment.Job instance at 0x7fdbdca5e780>,57,16,[2 6],58,155,171,97,155
1,<environment.Job instance at 0x7fdbdca5e820>,62,20,[1 9],63,171,191,108,164
1,<environment.Job instance at 0x7fdbdca5ea00>,63,18,[3 7],64,191,209,127,190
1,<environment.Job instance at 0x7fdbdca5efa0>,61,16,[6 2],62,193,209,131,193
1,<environment.Job instance at 0x7fdbdc86e4b0>,0,15,[9 4],1,1,16,0,1
1,<environment.Job instance at 0x7fdbc8888eb0>,1,14,[8 1],2,16,30,14,2
1,<environment.Job instance at 0x7fdbdc55d4b0>,14,1,[1 6],15,17,18,2,17
1,<environment.Job instance at 0x7fdb98427aa0>,15,12,[9 4],16,30,42,14,17
1,<environment.Job instance at 0x7fdbdc600410>,18,16,[8 2],19,42,58,23,31
1,<environment.Job instance at 0x7fdbdc600c80>,25,17,[4 6],26,58,75,32,46
1,<environment.Job instance at 0x7fdbdc5f20f0>,34,15,[6 1],35,58,73,23,50
1,<environment.Job instance at 0x7fdbdc607910>,36,17,[5 2],37,73,90,36,62
1,<environment.Job instance at 0x7fdbdcbcb730>,41,2,[8 3],42,111,113,69,111
1,<environment.Job instance at 0x7fdbdc5efbe0>,46,3,[5 8],47,114,117,67,114
1,<environment.Job instance at 0x7fdbdc5ef500>,47,15,[6 1],48,117,132,69,114
1,<environment.Job instance at 0x7fdbdc1cddc0>,53,14,[3 7],54,137,151,83,137
1,<environment.Job instance at 0x7fdbdc5ef910>,55,13,[6 3],56,138,151,82,138
1,<environment.Job instance at 0x7fdbdcf501e0>,62,2,[8 4],63,160,162,97,160
1,<environment.Job instance at 0x7fdb98b981e0>,64,16,[10  2],65,162,178,97,161
1,<environment.Job instance at 0x7fdb98b985f0>,65,13,[4 8],66,178,191,112,162
1,<environment.Job instance at 0x7fdbdcf2aa50>,69,13,[4 7],70,191,204,121,176
1,<environment.Job instance at 0x7fdbdc1cbdc0>,73,12,[9 5],74,204,216,130,191
1,<environment.Job instance at 0x7fdbdcf33dc0>,77,17,[3 7],78,217,234,139,217
1,<environment.Job instance at 0x7fdba3e625f0>,1,17,[6 1],2,2,19,0,2
1,<environment.Job instance at 0x7fdbdc6620a0>,8,18,[8 4],9,25,43,16,25
1,<environment.Job instance at 0x7fdb984d0460>,17,3,[10  3],18,43,46,25,26
1,<environment.Job instance at 0x7fdb984d0780>,18,3,[1 5],19,26,29,7,26
1,<environment.Job instance at 0x7fdb986bc280>,23,19,[8 5],24,46,65,22,44
1,<environment.Job instance at 0x7fdbdcbffd70>,30,16,[6 4],31,65,81,34,54
1,<environment.Job instance at 0x7fdbe386cb90>,34,3,[3 8],35,81,84,46,56
1,<environment.Job instance at 0x7fdbdc8cd960>,21,12,[9 4],22,84,96,62,70
1,<environment.Job instance at 0x7fdbdcffdb40>,42,18,[9 2],43,96,114,53,87
1,<environment.Job instance at 0x7fdb98d1bcd0>,50,17,[10  5],51,114,131,63,110
1,<environment.Job instance at 0x7fdb98d1b460>,53,14,[8 3],54,131,145,77,116
1,<environment.Job instance at 0x7fdb98d1b7d0>,55,17,[9 4],56,145,162,89,134
1,<environment.Job instance at 0x7fdbdc8af2d0>,61,12,[3 5],62,162,174,100,145
1,<environment.Job instance at 0x7fdb98427780>,70,15,[5 9],71,174,189,103,160
1,<environment.Job instance at 0x7fdb98427fa0>,71,18,[8 4],72,189,207,117,178
1,<environment.Job instance at 0x7fdbdc5932d0>,9,12,[7 5],10,15,27,5,15
1,<environment.Job instance at 0x7fdbdc476eb0>,13,13,[5 1],14,27,40,13,21
1,<environment.Job instance at 0x7fdbdc593190>,12,16,[10  5],13,40,56,27,27
1,<environment.Job instance at 0x7fdbdc476050>,19,17,[6 4],20,56,73,36,49
1,<environment.Job instance at 0x7fdb98850460>,25,3,[3 8],26,73,76,47,63
1,<environment.Job instance at 0x7fdb988508c0>,27,13,[5 5],28,76,89,48,67
1,<environment.Job instance at 0x7fdb98850320>,28,17,[ 1 10],29,89,106,60,77
1,<environment.Job instance at 0x7fdb98850fa0>,35,16,[5 2],36,106,122,70,93
1,<environment.Job instance at 0x7fdbdc9648c0>,40,14,[3 8],41,106,120,65,93
1,<environment.Job instance at 0x7fdb98934a00>,2,3,[2 8],3,120,123,117,108
1,<environment.Job instance at 0x7fdbdc9644b0>,49,18,[9 4],50,123,141,73,114
1,<environment.Job instance at 0x7fdbdc2b0be0>,58,3,[5 2],59,141,144,82,138
1,<environment.Job instance at 0x7fdbdc2b00f0>,59,16,[4 9],60,144,160,84,138
1,<environment.Job instance at 0x7fdbdc2b0730>,63,17,[9 1],64,160,177,96,148
1,<environment.Job instance at 0x7fdbdc476460>,15,15,[10  3],16,177,192,161,164
1,<environment.Job instance at 0x7fdb98d6f280>,71,18,[5 9],72,192,210,120,183
1,<environment.Job instance at 0x7fdb98d6f0a0>,82,12,[2 6],83,210,222,127,196
1,<environment.Job instance at 0x7fdb98d6fa50>,76,25,[6 2],77,211,236,134,211
1,<environment.Job instance at 0x7fdbdc9daaa0>,0,1,[7 1],1,1,2,0,1
1,<environment.Job instance at 0x7fdb98653dc0>,1,16,[5 9],2,2,18,0,2
1,<environment.Job instance at 0x7fdb98ddb2d0>,5,13,[1 5],6,18,31,12,6
1,<environment.Job instance at 0x7fdbdc9da640>,6,17,[10  4],7,31,48,24,19
1,<environment.Job instance at 0x7fdb98dc1fa0>,13,15,[1 5],14,48,63,34,34
1,<environment.Job instance at 0x7fdb98dc1be0>,18,17,[9 3],19,48,65,29,46
1,<environment.Job instance at 0x7fdb989f0370>,26,13,[4 6],27,65,78,38,65
1,<environment.Job instance at 0x7fdb989f09b0>,27,18,[6 1],28,66,84,38,66
1,<environment.Job instance at 0x7fdb989f0550>,28,17,[3 6],29,78,95,49,76
1,<environment.Job instance at 0x7fdb989f0320>,32,15,[4 7],33,95,110,62,81
1,<environment.Job instance at 0x7fdbdc566e60>,40,13,[4 7],41,110,123,69,94
1,<environment.Job instance at 0x7fdbdc566dc0>,44,14,[1 7],45,123,137,78,108
1,<environment.Job instance at 0x7fdbdc5663c0>,51,3,[5 4],52,137,140,85,119
1,<environment.Job instance at 0x7fdbdca391e0>,52,14,[5 6],53,137,151,84,129
1,<environment.Job instance at 0x7fdbdca39550>,61,16,[9 3],62,151,167,89,151
1,<environment.Job instance at 0x7fdb98a04cd0>,63,3,[3 7],64,167,170,103,159
1,<environment.Job instance at 0x7fdb98a04640>,65,13,[7 3],66,167,180,101,159
1,<environment.Job instance at 0x7fdb98a045a0>,68,12,[4 5],69,180,192,111,165
1,<environment.Job instance at 0x7fdb98a046e0>,72,16,[7 2],73,192,208,119,185
1,<environment.Job instance at 0x7fdb98a04780>,73,3,[1 5],74,185,188,111,185
1,<environment.Job instance at 0x7fdb98a047d0>,75,14,[ 2 10],76,208,222,132,193
1,<environment.Job instance at 0x7fdb98a10780>,79,15,[8 5],80,222,237,142,208
1,<environment.Job instance at 0x7fd1e803c230>,0,17,[6 1],1,3,20,2,3
1,<environment.Job instance at 0x7fd1e0c2c4b0>,7,14,[7 5],8,20,34,12,8
1,<environment.Job instance at 0x7fd1e0c2cd70>,17,12,[5 1],18,34,46,16,29
1,<environment.Job instance at 0x7fd1e0c2c960>,13,18,[5 9],14,34,52,20,30
1,<environment.Job instance at 0x7fd1e0c2ce60>,21,18,[9 4],22,52,70,30,41
1,<environment.Job instance at 0x7fd1e0c2d6e0>,26,12,[8 5],27,70,82,43,54
1,<environment.Job instance at 0x7fd1e0c2d780>,27,17,[4 6],28,82,99,54,70
1,<environment.Job instance at 0x7fd1e0c2dd20>,34,14,[1 9],35,105,119,70,105
1,<environment.Job instance at 0x7fd1e0c2ddc0>,35,16,[1 9],36,119,135,83,106
1,<environment.Job instance at 0x7fd1e0c2df50>,39,14,[9 4],40,135,149,95,120
1,<environment.Job instance at 0x7fd1e0c30190>,43,12,[4 5],44,149,161,105,132
1,<environment.Job instance at 0x7fd1e0c30fa0>,54,18,[7 1],55,161,179,106,150
1,<environment.Job instance at 0x7fd1e0c35190>,58,17,[3 7],59,161,178,102,155
1,<environment.Job instance at 0x7fd1e0c35370>,62,14,[4 9],63,179,193,116,167
1,<environment.Job instance at 0x7fd1e0c35730>,68,14,[6 4],69,193,207,124,180
1,<environment.Job instance at 0x7fd1e0c35c80>,72,18,[3 5],73,193,211,120,182
1,<environment.Job instance at 0x7fd1e0c36460>,81,14,[8 5],82,211,225,129,208
1,<environment.Job instance at 0x7fd1e0c36640>,84,1,[5 5],85,225,226,140,211
1,<environment.Job instance at 0x7fd1e0c366e0>,85,15,[1 7],86,226,241,140,212
1,<environment.Job instance at 0x7fd1e0c36780>,86,3,[6 3],87,226,229,139,212
1,<environment.Job instance at 0x7fd1e0c2c0a0>,1,3,[1 6],2,2,5,0,2
1,<environment.Job instance at 0x7fd1e0cf2370>,2,18,[7 5],3,5,23,2,3
1,<environment.Job instance at 0x7fd1e81ab0f0>,5,2,[7 4],6,23,25,17,6
1,<environment.Job instance at 0x7fd1e81abeb0>,7,14,[7 2],8,25,39,17,10
1,<environment.Job instance at 0x7fd1e81abb90>,13,2,[ 5 10],14,39,41,25,20
1,<environment.Job instance at 0x7fd1e8065af0>,25,3,[9 2],26,46,49,20,46
1,<environment.Job instance at 0x7fd1e8065050>,26,13,[10  5],27,49,62,22,49
1,<environment.Job instance at 0x7fd1e81b01e0>,36,12,[1 6],37,71,83,34,71
1,<environment.Job instance at 0x7fd1e81adeb0>,41,12,[5 4],42,92,104,50,92
1,<environment.Job instance at 0x7fd1e81a3fa0>,50,17,[4 7],51,124,141,73,124
1,<environment.Job instance at 0x7fd1e81a9780>,55,17,[5 1],56,132,149,76,132
1,<environment.Job instance at 0x7fd1e81a9aa0>,57,16,[8 4],58,149,165,91,140
1,<environment.Job instance at 0x7fd1e81b7280>,67,13,[9 5],68,165,178,97,163
1,<environment.Job instance at 0x7fd1e81b0dc0>,29,17,[5 7],30,180,197,150,180
1,<environment.Job instance at 0x7fd1e80c4050>,0,13,[5 9],1,1,14,0,1
1,<environment.Job instance at 0x7fd1e81b1780>,1,13,[8 1],2,14,27,12,2
1,<environment.Job instance at 0x7fd19d230320>,4,13,[4 5],5,27,40,22,11
1,<environment.Job instance at 0x7fd19cee6a00>,10,13,[3 5],11,27,40,16,11
1,<environment.Job instance at 0x7fd19d06b640>,26,15,[6 5],27,40,55,13,36
1,<environment.Job instance at 0x7fd19d06baa0>,27,1,[4 6],28,55,56,27,36
1,<environment.Job instance at 0x7fd19d06bc30>,28,17,[1 5],29,56,73,27,44
1,<environment.Job instance at 0x7fd19d06baf0>,29,18,[5 2],30,55,73,25,44
1,<environment.Job instance at 0x7fd19d06b6e0>,33,13,[8 3],34,73,86,39,57
1,<environment.Job instance at 0x7fd19cee5dc0>,42,15,[9 2],43,103,118,60,103
1,<environment.Job instance at 0x7fd19cee54b0>,48,13,[8 4],49,118,131,69,107
1,<environment.Job instance at 0x7fd19ce968c0>,51,3,[9 4],52,131,134,79,121
1,<environment.Job instance at 0x7fd19ce96fa0>,53,15,[7 2],54,134,149,80,121
1,<environment.Job instance at 0x7fd19ce96870>,55,1,[6 3],56,149,150,93,132
1,<environment.Job instance at 0x7fd19ce96050>,59,15,[6 5],60,150,165,90,141
1,<environment.Job instance at 0x7fd19cef5280>,68,14,[7 1],69,184,198,115,184
1,<environment.Job instance at 0x7fd19cef51e0>,75,16,[7 5],76,198,214,122,195
1,<environment.Job instance at 0x7fd19cec55a0>,78,14,[9 4],79,214,228,135,200
1,<environment.Job instance at 0x7fd19cfc5eb0>,1,3,[6 1],2,3,6,1,3
1,<environment.Job instance at 0x7fd19cfc5fa0>,4,14,[3 8],5,8,22,3,8
1,<environment.Job instance at 0x7fd19cf2fe10>,8,16,[5 2],9,9,25,0,9
1,<environment.Job instance at 0x7fd19cf2f550>,9,2,[5 3],10,22,24,12,10
1,<environment.Job instance at 0x7fd19d4fe780>,15,15,[1 5],16,24,39,8,16
1,<environment.Job instance at 0x7fd19d04f640>,17,13,[ 5 10],18,39,52,21,24
1,<environment.Job instance at 0x7fd19d04ffa0>,20,16,[ 4 10],21,52,68,31,40
1,<environment.Job instance at 0x7fd19d04fb40>,24,17,[6 1],25,68,85,43,56
1,<environment.Job instance at 0x7fd19cf44550>,38,15,[10  4],39,85,100,46,82
1,<environment.Job instance at 0x7fd19cfcd140>,29,18,[10  4],30,100,118,70,89
1,<environment.Job instance at 0x7fd19cf44b40>,40,16,[8 5],41,118,134,77,106
1,<environment.Job instance at 0x7fd19d02e460>,47,16,[7 4],48,134,150,86,122
1,<environment.Job instance at 0x7fd1e0c4d5a0>,51,16,[4 5],52,150,166,98,137
1,<environment.Job instance at 0x7fd19d2dfdc0>,62,16,[6 4],63,150,166,87,148
1,<environment.Job instance at 0x7fd19d2df1e0>,64,14,[3 6],65,166,180,101,151
1,<environment.Job instance at 0x7fd19d2dfc30>,65,13,[7 4],66,166,179,100,154
1,<environment.Job instance at 0x7fd19d2df780>,76,14,[9 4],77,205,219,128,205
1,<environment.Job instance at 0x7fd1e0bd2370>,78,14,[8 2],79,219,233,140,207
1,<environment.Job instance at 0x7fd19cf2f5a0>,0,13,[5 5],1,1,14,0,1
1,<environment.Job instance at 0x7fd19d02ddc0>,2,3,[8 3],3,14,17,11,3
1,<environment.Job instance at 0x7fd1e81aba00>,7,18,[8 2],8,17,35,9,8
1,<environment.Job instance at 0x7fd1e0c20eb0>,13,14,[9 3],14,35,49,21,20
1,<environment.Job instance at 0x7fd19d02e050>,5,12,[4 5],6,49,61,43,34
1,<environment.Job instance at 0x7fd19d32d780>,24,16,[9 5],25,61,77,36,48
1,<environment.Job instance at 0x7fd19d32df00>,30,18,[ 2 10],31,77,95,46,71
1,<environment.Job instance at 0x7fd1e0c75370>,14,2,[9 4],15,95,97,80,74
1,<environment.Job instance at 0x7fd19ce341e0>,34,16,[6 1],35,97,113,62,84
1,<environment.Job instance at 0x7fd1e0d88a00>,16,16,[1 9],17,97,113,80,84
1,<environment.Job instance at 0x7fd19ce34820>,41,14,[9 2],42,113,127,71,98
1,<environment.Job instance at 0x7fd19ce34690>,43,2,[7 2],44,127,129,83,111
1,<environment.Job instance at 0x7fd19ce34be0>,49,18,[1 7],50,113,131,63,111
1,<environment.Job instance at 0x7fd19ce34b40>,50,14,[7 2],51,129,143,78,114
1,<environment.Job instance at 0x7fd19ce34f50>,54,12,[3 9],55,143,155,88,126
1,<environment.Job instance at 0x7fd19ce37050>,55,18,[4 6],56,155,173,99,144
1,<environment.Job instance at 0x7fd19ce377d0>,67,1,[ 4 10],68,173,174,105,169
1,<environment.Job instance at 0x7fd19ce37cd0>,70,3,[10  1],71,174,177,103,169
1,<environment.Job instance at 0x7fd19ce37d20>,71,12,[2 6],72,177,189,105,169
1,<environment.Job instance at 0x7fd19ce37a50>,72,3,[6 5],73,189,192,116,169
1,<environment.Job instance at 0x7fd19ce37eb0>,75,15,[5 9],76,192,207,116,180
1,<environment.Job instance at 0x7fd19ce39460>,83,12,[8 2],84,207,219,123,201
1,<environment.Job instance at 0x7fd19ce39870>,84,16,[1 5],85,207,223,122,201
1,<environment.Job instance at 0x7fd19ce37730>,66,18,[9 3],67,219,237,152,208
1,<environment.Job instance at 0x7fd19ce397d0>,2,14,[5 1],3,3,17,0,3
1,<environment.Job instance at 0x7fd1e355fa50>,7,14,[9 2],8,17,31,9,8
1,<environment.Job instance at 0x7fd1e355f1e0>,8,3,[ 1 10],9,31,34,22,10
1,<environment.Job instance at 0x7fd1e0adaa50>,17,15,[6 1],18,34,49,16,23
1,<environment.Job instance at 0x7fd1e0ada230>,18,13,[1 5],19,34,47,15,23
1,<environment.Job instance at 0x7fd1e0adacd0>,15,19,[6 3],16,59,78,43,59
1,<environment.Job instance at 0x7fd1e0adaaa0>,25,16,[9 2],26,78,94,52,66
1,<environment.Job instance at 0x7fd1e0ad4c80>,35,15,[6 2],36,94,109,58,81
1,<environment.Job instance at 0x7fd1e0ad4640>,40,17,[5 2],41,109,126,68,97
1,<environment.Job instance at 0x7fd1e0ad4460>,45,16,[6 2],46,126,142,80,113
1,<environment.Job instance at 0x7fd1e0ad45f0>,48,14,[8 5],49,142,156,93,136
1,<environment.Job instance at 0x7fd1e33c3fa0>,54,14,[ 1 10],55,156,170,101,156
1,<environment.Job instance at 0x7fd1e33c3780>,59,15,[1 6],60,170,185,110,157
1,<environment.Job instance at 0x7fd1e33c3460>,61,15,[8 1],62,170,185,108,159
1,<environment.Job instance at 0x7fd1e33c3f00>,62,16,[5 4],63,185,201,122,172
1,<environment.Job instance at 0x7fd1e318e820>,74,17,[3 5],75,201,218,126,201
1,<environment.Job instance at 0x7fd1e7c41dc0>,0,12,[2 5],1,1,13,0,1
1,<environment.Job instance at 0x7fd1e7c41a00>,1,16,[1 6],2,13,29,11,2
1,<environment.Job instance at 0x7fd1e0cdb0f0>,13,12,[9 3],14,18,30,4,18
1,<environment.Job instance at 0x7fd1e0cdb7d0>,12,3,[4 7],13,30,33,17,18
1,<environment.Job instance at 0x7fd1e0fe89b0>,17,17,[2 6],18,33,50,15,22
1,<environment.Job instance at 0x7fd1e0fe8d20>,18,17,[5 4],19,33,50,14,30
1,<environment.Job instance at 0x7fd19d474960>,20,16,[9 4],21,50,66,29,38
1,<environment.Job instance at 0x7fd1e0fe8f50>,23,13,[5 6],24,66,79,42,50
1,<environment.Job instance at 0x7fd1e371e8c0>,31,18,[4 8],32,79,97,47,68
1,<environment.Job instance at 0x7fd1e0a50f50>,39,14,[4 7],40,97,111,57,82
1,<environment.Job instance at 0x7fd1e0b12910>,43,17,[6 1],44,90,107,46,90
1,<environment.Job instance at 0x7fd1e0b120a0>,46,13,[8 5],47,111,124,64,95
1,<environment.Job instance at 0x7fd19d4acaa0>,55,12,[3 7],56,124,136,68,108
1,<environment.Job instance at 0x7fd19d4ac280>,57,16,[2 7],58,136,152,78,123
1,<environment.Job instance at 0x7fd19d4ac3c0>,59,14,[7 2],60,124,138,64,123
1,<environment.Job instance at 0x7fd1e0ef44b0>,61,14,[1 7],62,152,166,90,137
1,<environment.Job instance at 0x7fd1e09fa050>,71,21,[5 5],72,170,191,98,170
1,<environment.Job instance at 0x7fd1e09fa5f0>,78,1,[6 4],79,197,198,118,197
1,<environment.Job instance at 0x7fd19d25ac30>,81,12,[3 9],82,200,212,118,200
1,<environment.Job instance at 0x7fd19cf8c0f0>,0,1,[1 7],1,1,2,0,1
1,<environment.Job instance at 0x7fd19cf8c960>,1,1,[9 4],2,2,3,0,2
1,<environment.Job instance at 0x7fd1e0cdbf50>,2,2,[3 6],3,3,5,0,3
1,<environment.Job instance at 0x7fd1e09959b0>,17,3,[ 4 10],18,25,28,7,25
1,<environment.Job instance at 0x7fd1e0995820>,19,12,[7 5],20,28,40,8,25
1,<environment.Job instance at 0x7fd1e0b2aaa0>,20,18,[5 6],21,40,58,19,29
1,<environment.Job instance at 0x7fd1e0b227d0>,36,26,[9 5],37,84,110,47,84
1,<environment.Job instance at 0x7fd1e0b22f00>,43,16,[6 3],44,110,126,66,97
1,<environment.Job instance at 0x7fd1e0b22fa0>,45,13,[4 7],46,110,123,64,100
1,<environment.Job instance at 0x7fd1e0b18c80>,63,15,[4 8],64,148,163,84,148
1,<environment.Job instance at 0x7fd1e0b180f0>,69,17,[ 2 10],70,169,186,99,169
1,<environment.Job instance at 0x7fd1e0b18190>,70,14,[6 3],71,186,200,115,171
1,<environment.Job instance at 0x7fd1e0b18960>,58,12,[10  2],59,200,212,141,184
1,<environment.Job instance at 0x7fd1e0b328c0>,81,15,[2 7],82,212,227,130,209
1,<environment.Job instance at 0x7fd1e0b32460>,82,17,[3 5],83,227,244,144,215
1,<environment.Job instance at 0x7fd1e0b22050>,1,3,[5 9],2,2,5,0,2
1,<environment.Job instance at 0x7fd1e0b50af0>,4,13,[5 7],5,5,18,0,5
1,<environment.Job instance at 0x7fd19d23d410>,5,17,[8 5],6,18,35,12,6
1,<environment.Job instance at 0x7fd1e3608280>,16,16,[7 5],17,35,51,18,22
1,<environment.Job instance at 0x7fd1e3608c80>,18,13,[7 1],19,51,64,32,35
1,<environment.Job instance at 0x7fd1e0bd20f0>,28,17,[9 2],29,66,83,37,66
1,<environment.Job instance at 0x7fd1e323d050>,29,14,[7 5],30,83,97,53,68
1,<environment.Job instance at 0x7fd1e38eba50>,31,13,[5 2],32,97,110,65,93
1,<environment.Job instance at 0x7fd1e112aaa0>,32,18,[5 3],33,97,115,64,93
1,<environment.Job instance at 0x7fd1e3608460>,15,15,[7 1],16,120,135,104,120
1,<environment.Job instance at 0x7fd1e0f4deb0>,34,18,[6 3],35,135,153,100,124
1,<environment.Job instance at 0x7fd1a8517550>,38,13,[2 7],39,124,137,85,124
1,<environment.Job instance at 0x7fd19d34eaa0>,43,18,[5 5],44,153,171,109,142
1,<environment.Job instance at 0x7fd1e10beaa0>,45,17,[6 4],46,171,188,125,159
1,<environment.Job instance at 0x7fd19ce6d050>,46,17,[1 6],47,171,188,124,159
1,<environment.Job instance at 0x7fd1e3427a00>,49,13,[8 4],50,188,201,138,172
1,<environment.Job instance at 0x7fd1e0b8e190>,54,16,[2 5],55,199,215,144,199
1,<environment.Job instance at 0x7fd1e8062280>,57,3,[5 6],58,215,218,157,199
1,<environment.Job instance at 0x7fd1e8062d20>,58,17,[5 3],59,201,218,142,199
1,<environment.Job instance at 0x7fd1e8068550>,59,13,[7 1],60,218,231,158,202
1,<environment.Job instance at 0x7fd1e341c0f0>,63,16,[7 2],64,231,247,167,218
1,<environment.Job instance at 0x7fd1e0f85370>,64,12,[9 3],65,247,259,182,230
1,<environment.Job instance at 0x7fd1e3719690>,0,17,[7 1],1,1,18,0,1
1,<environment.Job instance at 0x7fd1e33d3820>,14,13,[5 5],15,18,31,3,15
1,<environment.Job instance at 0x7fd19d51cf50>,20,14,[10  4],21,31,45,10,31
1,<environment.Job instance at 0x7fd1e33d3280>,17,2,[4 9],18,45,47,27,31
1,<environment.Job instance at 0x7fd1e3200eb0>,26,3,[8 5],27,47,50,20,31
1,<environment.Job instance at 0x7fd1e3200d20>,27,3,[8 1],28,50,53,22,35
1,<environment.Job instance at 0x7fd19d51eaf0>,33,14,[5 7],34,53,67,19,42
1,<environment.Job instance at 0x7fd19d2300a0>,34,15,[7 2],35,67,82,32,53
1,<environment.Job instance at 0x7fd1e33eb320>,40,15,[5 8],41,82,97,41,68
1,<environment.Job instance at 0x7fd1e0b0ecd0>,45,13,[2 6],46,97,110,51,84
1,<environment.Job instance at 0x7fd19d2998c0>,56,15,[4 7],57,111,126,54,111
1,<environment.Job instance at 0x7fd19d3c8c80>,58,3,[6 1],59,115,118,56,115
1,<environment.Job instance at 0x7fd19d3c8460>,60,15,[4 8],61,126,141,65,119
1,<environment.Job instance at 0x7fd1e341c550>,65,15,[9 1],66,141,156,75,128
1,<environment.Job instance at 0x7fd1e319f280>,70,15,[7 2],71,156,171,85,142
1,<environment.Job instance at 0x7fd1e0efb870>,74,12,[9 4],75,171,183,96,156
1,<environment.Job instance at 0x7fd19d2c72d0>,77,15,[1 6],78,166,181,88,166
1,<environment.Job instance at 0x7fd1e0c1a6e0>,1,16,[2 7],2,2,18,0,2
1,<environment.Job instance at 0x7fd1e33bbdc0>,5,18,[6 2],6,6,24,0,6
1,<environment.Job instance at 0x7fd19d0dfa00>,10,18,[8 5],11,24,42,13,15
1,<environment.Job instance at 0x7fd1e371ce10>,18,17,[10  4],19,42,59,23,31
1,<environment.Job instance at 0x7fd1e32dc6e0>,4,15,[3 8],5,69,84,64,69
1,<environment.Job instance at 0x7fd19cece0a0>,34,2,[7 4],35,84,86,49,71
1,<environment.Job instance at 0x7fd19cece370>,36,12,[4 7],37,86,98,49,72
1,<environment.Job instance at 0x7fd19cece320>,37,15,[6 4],38,98,113,60,84
1,<environment.Job instance at 0x7fd19cecef50>,52,13,[9 1],53,143,156,90,143
1,<environment.Job instance at 0x7fd19cecee10>,50,17,[10  1],51,171,188,120,171
1,<environment.Job instance at 0x7fd19cee82d0>,57,18,[ 3 10],58,188,206,130,188
1,<environment.Job instance at 0x7fd19cee8910>,69,15,[5 5],70,206,221,136,192
1,<environment.Job instance at 0x7fd19cee8780>,65,17,[9 3],66,221,238,155,214
1,<environment.Job instance at 0x7fd1e38bb5a0>,0,14,[6 3],1,1,15,0,1
1,<environment.Job instance at 0x7fd19d18f690>,11,18,[7 1],12,15,33,3,14
1,<environment.Job instance at 0x7fd1e38e1fa0>,21,15,[9 5],22,33,48,11,22
1,<environment.Job instance at 0x7fd19d00bf50>,12,1,[4 6],13,48,49,35,27
1,<environment.Job instance at 0x7fd19d3307d0>,33,17,[ 2 10],34,60,77,26,60
1,<environment.Job instance at 0x7fd19d3306e0>,34,12,[4 9],35,77,89,42,61
1,<environment.Job instance at 0x7fd19d330c30>,35,12,[7 2],36,89,101,53,73
1,<environment.Job instance at 0x7fd1e38bbd20>,4,1,[ 3 10],5,101,102,96,90
1,<environment.Job instance at 0x7fd1e09e90f0>,41,18,[4 6],42,102,120,60,91
1,<environment.Job instance at 0x7fd1e09e9820>,43,17,[6 1],44,102,119,58,91
1,<environment.Job instance at 0x7fd19d525b40>,48,15,[8 2],49,120,135,71,106
1,<environment.Job instance at 0x7fd1e10c7230>,67,3,[5 7],68,184,187,116,184
1,<environment.Job instance at 0x7fd1e10c7b90>,69,12,[7 1],70,187,199,117,185
1,<environment.Job instance at 0x7fd1e10c75a0>,70,18,[5 7],71,199,217,128,188
1,<environment.Job instance at 0x7fd1e09e9a50>,39,18,[3 8],40,217,235,177,212
1,<environment.Job instance at 0x7fd1e337ea00>,1,1,[4 8],2,2,3,0,2
1,<environment.Job instance at 0x7fd1e337eaf0>,2,17,[5 9],3,3,20,0,3
1,<environment.Job instance at 0x7fd1e337e6e0>,5,15,[4 9],6,20,35,14,6
1,<environment.Job instance at 0x7fd1e337e9b0>,9,16,[5 1],10,10,26,0,10
1,<environment.Job instance at 0x7fd19cd740f0>,21,12,[10  5],22,35,47,13,24
1,<environment.Job instance at 0x7fd19cd747d0>,22,15,[ 5 10],23,47,62,24,35
1,<environment.Job instance at 0x7fd1e3419c30>,36,12,[3 8],37,62,74,25,55
1,<environment.Job instance at 0x7fd1e38f9690>,38,17,[3 7],39,74,91,35,62
1,<environment.Job instance at 0x7fd1e337e140>,12,2,[5 7],13,91,93,78,76
1,<environment.Job instance at 0x7fd19cd74550>,26,22,[3 8],27,93,115,66,89
1,<environment.Job instance at 0x7fd1e38f9410>,51,15,[10  3],52,137,152,85,137
1,<environment.Job instance at 0x7fd19cf39c80>,53,17,[6 3],54,152,169,98,140
1,<environment.Job instance at 0x7fd19d177780>,66,18,[8 5],67,187,205,120,187
1,<environment.Job instance at 0x7fd1e0b1d280>,68,3,[2 8],69,205,208,136,187
1,<environment.Job instance at 0x7fd1e0b1d2d0>,70,15,[9 2],71,208,223,137,197
1,<environment.Job instance at 0x7fd1e0b1d320>,71,12,[7 1],72,223,235,151,208
1,<environment.Job instance at 0x7fd1e10600a0>,1,1,[9 5],2,2,3,0,2
1,<environment.Job instance at 0x7fd1e33d5690>,2,13,[ 4 10],3,3,16,0,3
1,<environment.Job instance at 0x7fd19cee8a00>,3,17,[7 2],4,16,33,12,4
1,<environment.Job instance at 0x7fd19cc9bf00>,19,18,[ 1 10],20,33,51,13,33
1,<environment.Job instance at 0x7fd1e0b00b40>,20,2,[5 2],21,51,53,30,33
1,<environment.Job instance at 0x7fd1e0adc6e0>,21,2,[1 7],22,51,53,29,33
1,<environment.Job instance at 0x7fd1e0b00f50>,22,15,[4 5],23,53,68,30,39
1,<environment.Job instance at 0x7fd1e0af5230>,28,14,[9 3],29,68,82,39,58
1,<environment.Job instance at 0x7fd19d377410>,41,18,[5 5],42,82,100,40,82
1,<environment.Job instance at 0x7fd1e3432960>,46,17,[3 5],47,102,119,55,102
1,<environment.Job instance at 0x7fd1e3432c80>,47,15,[5 9],48,119,134,71,105
1,<environment.Job instance at 0x7fd19cc583c0>,50,15,[10  5],51,134,149,83,120
1,<environment.Job instance at 0x7fd19d388190>,54,18,[8 4],55,149,167,94,141
1,<environment.Job instance at 0x7fd1e358ad70>,61,13,[ 5 10],62,167,180,105,164
1,<environment.Job instance at 0x7fd1e099b780>,65,15,[6 1],66,180,195,114,169
1,<environment.Job instance at 0x7fd1e0ebabe0>,73,13,[4 6],74,197,210,123,197
1,<environment.Job instance at 0x7fd1e3289410>,75,13,[ 5 10],76,210,223,134,198
1,<environment.Job instance at 0x7fd1e0dd8fa0>,1,3,[8 2],2,2,5,0,2
1,<environment.Job instance at 0x7fd1e0b00c80>,2,18,[6 5],3,5,23,2,3
1,<environment.Job instance at 0x7fd1e35cb0a0>,14,18,[6 5],15,27,45,12,27
1,<environment.Job instance at 0x7fd19cdb0050>,20,15,[4 9],21,45,60,24,42
1,<environment.Job instance at 0x7fd19cdf7230>,30,12,[4 8],31,60,72,29,57
1,<environment.Job instance at 0x7fd1e3958870>,31,16,[6 2],32,60,76,28,57
1,<environment.Job instance at 0x7fd1e3532460>,36,18,[3 6],37,78,96,41,78
1,<environment.Job instance at 0x7fd1e7f67820>,38,17,[2 5],39,104,121,65,104
1,<environment.Job instance at 0x7fd19d2df5a0>,47,15,[8 4],48,131,146,83,131
1,<environment.Job instance at 0x7fd19d2dfe60>,57,14,[4 5],58,147,161,89,147
1,<environment.Job instance at 0x7fd19ccfa4b0>,1,2,[8 3],2,2,4,0,2
1,<environment.Job instance at 0x7fd19ce07730>,2,13,[3 9],3,4,17,1,3
1,<environment.Job instance at 0x7fd1e395e0a0>,7,15,[6 1],8,8,23,0,8
1,<environment.Job instance at 0x7fd19cc026e0>,14,3,[6 5],15,23,26,8,18
1,<environment.Job instance at 0x7fd19cc025f0>,16,3,[4 6],17,26,29,9,23
1,<environment.Job instance at 0x7fd19cc02c80>,19,13,[3 8],20,29,42,9,23
1,<environment.Job instance at 0x7fd19cc02280>,23,18,[5 5],24,42,60,18,31
1,<environment.Job instance at 0x7fd19cc155a0>,29,13,[4 7],30,60,73,30,54
1,<environment.Job instance at 0x7fd19cc15550>,32,15,[5 5],33,73,88,40,59
1,<environment.Job instance at 0x7fd19cc157d0>,34,18,[ 3 10],35,88,106,53,77
1,<environment.Job instance at 0x7fd19cc15500>,37,17,[3 7],38,106,123,68,94
1,<environment.Job instance at 0x7fd19cc15dc0>,41,13,[6 3],42,106,119,64,96
1,<environment.Job instance at 0x7fd1e37000f0>,53,13,[7 4],54,123,136,69,108
1,<environment.Job instance at 0x7fd1e3700b90>,62,16,[5 6],63,166,182,103,166
1,<environment.Job instance at 0x7fd1e3700280>,64,3,[2 9],65,182,185,117,166
1,<environment.Job instance at 0x7fd1e3700050>,67,3,[3 5],68,185,188,117,169
1,<environment.Job instance at 0x7fd19cc31370>,76,14,[8 5],77,200,214,123,200
1,<environment.Job instance at 0x7fd19cc31d20>,77,17,[1 5],78,200,217,122,200
1,<environment.Job instance at 0x7fd19cc310f0>,80,16,[5 2],81,214,230,133,204
1,<environment.Job instance at 0x7fd19cc12370>,4,13,[10  2],5,5,18,0,5
1,<environment.Job instance at 0x7fd1e3550c30>,11,12,[3 5],12,18,30,6,12
1,<environment.Job instance at 0x7fd1e33d39b0>,13,16,[5 8],14,30,46,16,18
1,<environment.Job instance at 0x7fd19d1e7af0>,23,18,[4 6],24,46,64,22,41
1,<environment.Job instance at 0x7fd19d1e7e60>,26,16,[7 4],27,64,80,37,51
1,<environment.Job instance at 0x7fd19d1d6d20>,30,16,[7 5],31,80,96,49,67
1,<environment.Job instance at 0x7fd19d555280>,44,2,[4 5],45,107,109,62,107
1,<environment.Job instance at 0x7fd19d537910>,46,17,[7 1],47,109,126,62,107
1,<environment.Job instance at 0x7fd19d174410>,53,13,[10  4],54,126,139,72,114
1,<environment.Job instance at 0x7fd1e37d92d0>,65,14,[4 5],66,152,166,86,152
1,<environment.Job instance at 0x7fd1e37d9910>,67,3,[6 2],68,152,155,84,152
1,<environment.Job instance at 0x7fd1e37e8140>,69,12,[7 5],70,166,178,96,152
1,<environment.Job instance at 0x7fd1e37e8be0>,72,16,[10  5],73,178,194,105,167
1,<environment.Job instance at 0x7fd1e3323780>,79,17,[6 4],80,194,211,114,192
1,<environment.Job instance at 0x7fd1e0d4c230>,80,14,[3 9],81,211,225,130,196
1,<environment.Job instance at 0x7fd19ccbb690>,0,12,[3 8],1,1,13,0,1
1,<environment.Job instance at 0x7fd1e3700dc0>,5,14,[3 5],6,13,27,7,6
1,<environment.Job instance at 0x7fd1e3700190>,7,18,[7 5],8,13,31,5,13
1,<environment.Job instance at 0x7fd19d3a96e0>,17,17,[8 2],18,31,48,13,27
1,<environment.Job instance at 0x7fd19cccd280>,22,12,[2 6],23,45,57,22,45
1,<environment.Job instance at 0x7fd19cccd3c0>,20,15,[8 3],21,48,63,27,45
1,<environment.Job instance at 0x7fd1e36d2cd0>,29,16,[10  3],30,83,99,53,83
1,<environment.Job instance at 0x7fd19d119e10>,45,12,[8 3],46,99,111,53,95
1,<environment.Job instance at 0x7fd19d1196e0>,46,12,[7 2],47,111,123,64,95
1,<environment.Job instance at 0x7fd19d38ba50>,52,17,[7 4],53,123,140,70,111
1,<environment.Job instance at 0x7fd19d38bdc0>,51,16,[5 9],52,140,156,88,130
1,<environment.Job instance at 0x7fd1e0993780>,61,3,[7 5],62,156,159,94,132
1,<environment.Job instance at 0x7fd1e388b050>,64,12,[9 4],65,159,171,94,143
1,<environment.Job instance at 0x7fd1e0993640>,60,14,[2 6],61,171,185,110,163
1,<environment.Job instance at 0x7fd19d39f230>,76,13,[4 6],77,185,198,108,179
1,<environment.Job instance at 0x7fd19d39f1e0>,77,18,[6 1],78,179,197,101,179
1,<environment.Job instance at 0x7fd19d148b90>,82,15,[4 7],83,198,213,115,186
1,<environment.Job instance at 0x7fd1e3409640>,83,14,[9 2],84,213,227,129,200
1,<environment.Job instance at 0x7fd1e09c78c0>,0,3,[5 9],1,1,4,0,1
1,<environment.Job instance at 0x7fd1e0bfe6e0>,1,15,[7 4],2,4,19,2,2
1,<environment.Job instance at 0x7fd1e0d585f0>,6,3,[3 9],7,19,22,12,7
1,<environment.Job instance at 0x7fd19cd4f780>,14,15,[7 5],15,23,38,8,23
1,<environment.Job instance at 0x7fd1e37a49b0>,21,14,[5 5],22,48,62,26,48
1,<environment.Job instance at 0x7fd1e37a4eb0>,23,15,[3 8],24,62,77,38,49
1,<environment.Job instance at 0x7fd1e37a4c30>,30,18,[4 5],31,111,129,80,111
1,<environment.Job instance at 0x7fd1e1087d20>,48,3,[ 4 10],49,162,165,113,162
1,<environment.Job instance at 0x7fd1e0af3550>,50,2,[8 4],51,166,168,115,166
1,<environment.Job instance at 0x7fd1e0af3690>,52,12,[ 4 10],53,170,182,117,170
1,<environment.Job instance at 0x7fd1e0af3140>,53,3,[2 7],54,182,185,128,170
1,<environment.Job instance at 0x7fd1e0af3870>,54,3,[2 8],55,185,188,130,170
1,<environment.Job instance at 0x7fd1e0af3fa0>,55,1,[7 4],56,188,189,132,170
1,<environment.Job instance at 0x7fd1e0af3aa0>,56,2,[6 1],57,182,184,125,170
1,<environment.Job instance at 0x7fd1e38badc0>,57,2,[7 5],58,189,191,131,171
1,<environment.Job instance at 0x7fd1e38ba5f0>,58,1,[2 7],59,191,192,132,172
1,<environment.Job instance at 0x7fd1e38ba050>,59,15,[8 4],60,192,207,132,178
1,<environment.Job instance at 0x7fd19d4ef2d0>,62,14,[6 3],63,207,221,144,192
1,<environment.Job instance at 0x7fd19d4ef320>,70,13,[8 5],71,221,234,150,205
1,<environment.Job instance at 0x7fd1e0bfe9b0>,0,13,[4 5],1,1,14,0,1
1,<environment.Job instance at 0x7fd1e09c75f0>,3,14,[5 2],4,4,18,0,4
1,<environment.Job instance at 0x7fd19cba0280>,7,14,[3 8],8,14,28,6,8
1,<environment.Job instance at 0x7fd19d0e1a50>,22,3,[8 5],23,28,31,5,23
1,<environment.Job instance at 0x7fd19cb9dbe0>,21,20,[5 5],22,31,51,9,25
1,<environment.Job instance at 0x7fd19d274870>,30,13,[1 5],31,32,45,1,32
1,<environment.Job instance at 0x7fd19d4cad70>,33,17,[6 1],34,51,68,17,49
1,<environment.Job instance at 0x7fd19d4cabe0>,39,2,[ 5 10],40,68,70,28,58
1,<environment.Job instance at 0x7fd19d4cae60>,36,16,[ 2 10],37,70,86,33,58
1,<environment.Job instance at 0x7fd1e0c48960>,40,12,[9 1],41,86,98,45,69
1,<environment.Job instance at 0x7fd1e0c48320>,46,17,[3 9],47,98,115,51,89
1,<environment.Job instance at 0x7fd1e0c1de10>,55,16,[4 8],56,115,131,59,102
1,<environment.Job instance at 0x7fd1e0c41eb0>,70,16,[ 4 10],71,131,147,60,119
1,<environment.Job instance at 0x7fd19d0e1eb0>,20,13,[4 7],21,147,160,126,146
1,<environment.Job instance at 0x7fd1e0c34140>,81,16,[ 5 10],82,165,181,83,165
1,<environment.Job instance at 0x7fd1e0c34af0>,84,13,[9 1],85,181,194,96,169
1,<environment.Job instance at 0x7fd1e0c2faa0>,95,12,[5 4],96,194,206,98,192
1,<environment.Job instance at 0x7f245ae41230>,0,17,[6 1],1,2,19,1,2
1,<environment.Job instance at 0x7f245ae41140>,2,14,[ 2 10],3,19,33,16,4
1,<environment.Job instance at 0x7f2453a31690>,7,14,[7 5],8,33,47,25,18
1,<environment.Job instance at 0x7f2453a31e60>,20,3,[10  5],21,55,58,34,55
1,<environment.Job instance at 0x7f2453a33320>,23,16,[6 2],24,58,74,34,55
1,<environment.Job instance at 0x7f2453a333c0>,24,2,[4 6],25,58,60,33,56
1,<environment.Job instance at 0x7f2453a33500>,26,12,[8 5],27,74,86,47,59
1,<environment.Job instance at 0x7f2453a33550>,27,17,[4 6],28,86,103,58,74
1,<environment.Job instance at 0x7f2453a33dc0>,36,2,[7 5],37,109,111,72,109
1,<environment.Job instance at 0x7f2453a33e60>,37,14,[5 8],38,111,125,73,109
1,<environment.Job instance at 0x7f2453a33f00>,38,2,[6 1],39,125,127,86,109
1,<environment.Job instance at 0x7f2453a33d20>,39,14,[9 4],40,127,141,87,112
1,<environment.Job instance at 0x7f2453a33910>,41,1,[7 1],42,141,142,99,118
1,<environment.Job instance at 0x7f2453a36280>,42,2,[4 7],43,125,127,82,118
1,<environment.Job instance at 0x7f2453a363c0>,44,3,[5 1],45,119,122,74,119
1,<environment.Job instance at 0x7f2453a365a0>,47,13,[ 3 10],48,142,155,94,126
1,<environment.Job instance at 0x7f2453a366e0>,48,12,[9 2],49,155,167,106,138
1,<environment.Job instance at 0x7f2453a36960>,50,2,[5 6],51,167,169,116,140
1,<environment.Job instance at 0x7f2453a36a00>,51,2,[5 3],52,167,169,115,140
1,<environment.Job instance at 0x7f2453a36aa0>,52,2,[ 2 10],53,169,171,116,142
1,<environment.Job instance at 0x7f2453a36b40>,53,3,[2 9],54,171,174,117,145
1,<environment.Job instance at 0x7f2453a36870>,55,12,[2 6],56,174,186,118,157
1,<environment.Job instance at 0x7f2453a36eb0>,56,3,[8 4],57,174,177,117,157
1,<environment.Job instance at 0x7f2453a352d0>,62,14,[4 9],63,186,200,123,174
1,<environment.Job instance at 0x7f2453a35690>,68,14,[6 4],69,200,214,131,185
1,<environment.Job instance at 0x7f2453a35910>,72,18,[3 5],73,200,218,127,197
1,<environment.Job instance at 0x7f2453a35fa0>,77,16,[8 1],78,218,234,140,205
1,<environment.Job instance at 0x7f2453a3c280>,81,14,[8 5],82,234,248,152,219
1,<environment.Job instance at 0x7f2453a3eaf0>,0,17,[9 5],1,1,18,0,1
1,<environment.Job instance at 0x7f2453a3eaa0>,5,15,[8 3],6,18,33,12,6
1,<environment.Job instance at 0x7f245ae6a8c0>,10,2,[7 5],11,33,35,22,11
1,<environment.Job instance at 0x7f245ae6a870>,16,13,[10  5],17,35,48,18,21
1,<environment.Job instance at 0x7f245ae6aaa0>,13,1,[2 7],14,21,22,7,21
1,<environment.Job instance at 0x7f245ae40be0>,25,17,[10  4],26,49,66,23,49
1,<environment.Job instance at 0x7f245afb8640>,26,12,[1 6],27,94,106,67,94
1,<environment.Job instance at 0x7f245afb61e0>,41,13,[5 7],42,106,119,64,94
1,<environment.Job instance at 0x7f245ae6df00>,45,17,[5 1],46,118,135,72,118
1,<environment.Job instance at 0x7f24196f7280>,47,16,[8 4],48,135,151,87,122
1,<environment.Job instance at 0x7f245afa9d20>,56,17,[9 1],57,151,168,94,149
1,<environment.Job instance at 0x7f245afaeb90>,60,17,[9 5],61,168,185,107,156
1,<environment.Job instance at 0x7f245afaeaa0>,65,15,[5 3],66,185,200,119,185
1,<environment.Job instance at 0x7f245afb5be0>,73,14,[5 9],74,206,220,132,206
1,<environment.Job instance at 0x7f240fc86c80>,0,2,[4 5],1,1,3,0,1
1,<environment.Job instance at 0x7f240fc86af0>,1,17,[10  2],2,4,21,2,4
1,<environment.Job instance at 0x7f240fde6780>,8,17,[1 5],9,21,38,12,9
1,<environment.Job instance at 0x7f240fde6be0>,13,13,[8 3],14,21,34,7,19
1,<environment.Job instance at 0x7f240fde63c0>,16,17,[8 4],17,34,51,17,22
1,<environment.Job instance at 0x7f240fde6af0>,22,15,[9 2],23,51,66,28,37
1,<environment.Job instance at 0x7f240fdd8eb0>,30,2,[4 9],31,66,68,35,65
1,<environment.Job instance at 0x7f240fdd8140>,32,2,[2 9],33,68,70,35,65
1,<environment.Job instance at 0x7f240fdd8aa0>,33,15,[7 2],34,70,85,36,67
1,<environment.Job instance at 0x7f240fdd8c30>,34,12,[8 3],35,85,97,50,73
1,<environment.Job instance at 0x7f240fdd8820>,38,12,[5 5],39,97,109,58,80
1,<environment.Job instance at 0x7f240fe32fa0>,48,14,[7 1],49,128,142,79,128
1,<environment.Job instance at 0x7f240fe329b0>,49,12,[6 3],50,142,154,92,134
1,<environment.Job instance at 0x7f240fe327d0>,54,15,[2 6],55,134,149,79,134
1,<environment.Job instance at 0x7f240fe32be0>,55,16,[7 5],56,154,170,98,142
1,<environment.Job instance at 0x7f240fe0d1e0>,60,16,[8 3],61,170,186,109,157
1,<environment.Job instance at 0x7f240fe0daf0>,73,12,[2 7],74,195,207,121,195
1,<environment.Job instance at 0x7f240fe0af00>,82,17,[5 9],83,207,224,124,196
1,<environment.Job instance at 0x7f2453a3eeb0>,0,15,[1 9],1,1,16,0,1
1,<environment.Job instance at 0x7f240fde6b90>,1,13,[1 7],2,16,29,14,2
1,<environment.Job instance at 0x7f240fddcaa0>,11,16,[4 5],12,29,45,17,16
1,<environment.Job instance at 0x7f241020db90>,21,16,[4 5],22,47,63,25,47
1,<environment.Job instance at 0x7f24101f5280>,24,12,[8 1],25,63,75,38,47
1,<environment.Job instance at 0x7f24101f5730>,30,12,[10  5],31,75,87,44,58
1,<environment.Job instance at 0x7f24539ec550>,35,13,[7 4],36,87,100,51,74
1,<environment.Job instance at 0x7f24539d8e60>,41,3,[7 4],42,101,104,59,101
1,<environment.Job instance at 0x7f245ae83550>,42,12,[7 5],43,104,116,61,104
1,<environment.Job instance at 0x7f24100ef3c0>,46,14,[9 4],47,116,130,69,116
1,<environment.Job instance at 0x7f24100ef230>,48,14,[8 2],49,130,144,81,116
1,<environment.Job instance at 0x7f240feb8d20>,60,13,[5 5],61,188,201,127,188
1,<environment.Job instance at 0x7f240feb8690>,67,13,[3 7],68,201,214,133,192
1,<environment.Job instance at 0x7f240feb80f0>,68,15,[2 9],69,214,229,145,200
1,<environment.Job instance at 0x7f24100e0320>,73,15,[6 4],74,229,244,155,215
1,<environment.Job instance at 0x7f245379b730>,0,3,[2 9],1,1,4,0,1
1,<environment.Job instance at 0x7f2453bbc5a0>,1,14,[9 2],2,4,18,2,2
1,<environment.Job instance at 0x7f240fd2ca50>,3,2,[7 2],4,18,20,14,4
1,<environment.Job instance at 0x7f241020d3c0>,4,3,[ 5 10],5,20,23,15,5
1,<environment.Job instance at 0x7f240fdf0c30>,9,18,[1 7],10,23,41,13,12
1,<environment.Job instance at 0x7f2453a1c0a0>,12,17,[8 1],13,23,40,10,13
1,<environment.Job instance at 0x7f241006cc30>,19,18,[3 8],20,41,59,21,30
1,<environment.Job instance at 0x7f241006cd70>,21,12,[1 6],22,59,71,37,42
1,<environment.Job instance at 0x7f241006cf00>,23,3,[5 7],24,71,74,47,45
1,<environment.Job instance at 0x7f240fc3a0a0>,28,16,[1 7],29,74,90,45,62
1,<environment.Job instance at 0x7f240fc3a3c0>,29,18,[8 2],30,74,92,44,63
1,<environment.Job instance at 0x7f240fc3a5a0>,33,17,[4 7],34,92,109,58,80
1,<environment.Job instance at 0x7f240fc3a5f0>,35,15,[5 9],36,109,124,73,95
1,<environment.Job instance at 0x7f240fc3ad20>,44,16,[1 5],45,124,140,79,111
1,<environment.Job instance at 0x7f240fc3ac30>,43,12,[8 2],44,124,136,80,111
1,<environment.Job instance at 0x7f240fc3c230>,48,13,[5 5],49,136,149,87,127
1,<environment.Job instance at 0x7f240fc3c550>,53,14,[6 5],54,149,163,95,138
1,<environment.Job instance at 0x7f240fc3c690>,55,1,[1 8],56,163,164,107,151
1,<environment.Job instance at 0x7f240fc3c9b0>,60,17,[5 6],61,164,181,103,152
1,<environment.Job instance at 0x7f240fc3f690>,79,15,[ 3 10],80,219,234,139,219
1,<environment.Job instance at 0x7f240fc3fa00>,81,13,[10  2],82,234,247,152,222
1,<environment.Job instance at 0x7f24100f2c80>,2,12,[7 2],3,3,15,0,3
1,<environment.Job instance at 0x7f245aec6f00>,4,14,[ 1 10],5,18,32,13,18
1,<environment.Job instance at 0x7f24100a8e10>,13,15,[ 3 10],14,33,48,19,33
1,<environment.Job instance at 0x7f24100a8af0>,17,14,[7 2],18,48,62,30,33
1,<environment.Job instance at 0x7f2410096730>,21,17,[ 4 10],22,62,79,40,50
1,<environment.Job instance at 0x7f2410096e10>,26,14,[6 5],27,79,93,52,65
1,<environment.Job instance at 0x7f2410096c30>,32,14,[2 6],33,93,107,60,84
1,<environment.Job instance at 0x7f2410096dc0>,36,12,[1 7],37,107,119,70,90
1,<environment.Job instance at 0x7f2410096370>,37,17,[8 4],38,119,136,81,107
1,<environment.Job instance at 0x7f245385f730>,39,15,[ 2 10],40,136,151,96,124
1,<environment.Job instance at 0x7f245385f780>,45,13,[6 4],46,151,164,105,135
1,<environment.Job instance at 0x7f245385faa0>,49,12,[5 2],50,164,176,114,147
1,<environment.Job instance at 0x7f2453886eb0>,53,18,[6 4],54,176,194,122,165
1,<environment.Job instance at 0x7f2453886320>,63,15,[6 2],64,194,209,130,180
1,<environment.Job instance at 0x7f2453886820>,66,18,[10  5],67,209,227,142,198
1,<environment.Job instance at 0x7f2410386d70>,71,16,[1 6],72,227,243,155,214
1,<environment.Job instance at 0x7f240feb39b0>,0,18,[1 7],1,1,19,0,1
1,<environment.Job instance at 0x7f245635dfa0>,2,14,[8 5],3,19,33,16,4
1,<environment.Job instance at 0x7f24560c0d20>,18,1,[6 4],19,45,46,26,45
1,<environment.Job instance at 0x7f2453bc3e10>,21,12,[3 9],22,48,60,26,48
1,<environment.Job instance at 0x7f24560e8cd0>,34,14,[4 6],35,91,105,56,91
1,<environment.Job instance at 0x7f245382ebe0>,36,15,[3 6],37,105,120,68,92
1,<environment.Job instance at 0x7f2453897460>,37,17,[2 7],38,120,137,82,108
1,<environment.Job instance at 0x7f2453804230>,40,15,[6 3],41,113,128,72,113
1,<environment.Job instance at 0x7f2453cad7d0>,32,1,[5 5],33,137,138,104,114
1,<environment.Job instance at 0x7f2453cadfa0>,33,24,[3 5],34,137,161,103,133
1,<environment.Job instance at 0x7f240fc3c690>,46,15,[5 1],47,138,153,91,133
1,<environment.Job instance at 0x7f240fc3cbe0>,50,18,[2 7],51,161,179,110,150
1,<environment.Job instance at 0x7f240fc3c410>,56,13,[6 5],57,179,192,122,163
1,<environment.Job instance at 0x7f240fe38eb0>,64,18,[3 6],65,192,210,127,182
1,<environment.Job instance at 0x7f240fd294b0>,70,17,[5 8],71,210,227,139,208
1,<environment.Job instance at 0x7f2456042e10>,71,2,[8 5],72,227,229,155,208
1,<environment.Job instance at 0x7f240fc3c780>,49,1,[4 5],50,229,230,179,208
1,<environment.Job instance at 0x7f2456042190>,72,2,[5 1],73,208,210,135,208
1,<environment.Job instance at 0x7f24538c6140>,77,3,[ 4 10],78,230,233,152,209
1,<environment.Job instance at 0x7f24101b0e60>,79,12,[7 5],80,233,245,153,216
1,<environment.Job instance at 0x7f24563ab5a0>,0,14,[6 3],1,1,15,0,1
1,<environment.Job instance at 0x7f2453b0d140>,2,15,[3 9],3,15,30,12,3
1,<environment.Job instance at 0x7f2453edffa0>,16,17,[7 3],17,30,47,13,25
1,<environment.Job instance at 0x7f2453edfa50>,18,13,[8 3],19,47,60,28,31
1,<environment.Job instance at 0x7f2453edf050>,11,15,[2 7],12,41,56,29,41
1,<environment.Job instance at 0x7f24102be2d0>,21,17,[9 4],22,60,77,38,48
1,<environment.Job instance at 0x7f24102be7d0>,26,12,[9 5],27,77,89,50,62
1,<environment.Job instance at 0x7f24102befa0>,37,12,[7 2],38,99,111,61,99
1,<environment.Job instance at 0x7f24102e7410>,41,15,[5 5],42,111,126,69,102
1,<environment.Job instance at 0x7f24102e7230>,43,16,[6 1],44,126,142,82,115
1,<environment.Job instance at 0x7f24102e73c0>,44,12,[7 1],45,142,154,97,125
1,<environment.Job instance at 0x7f24102becd0>,34,12,[7 2],35,154,166,119,140
1,<environment.Job instance at 0x7f24102e7b90>,52,3,[7 1],53,166,169,113,142
1,<environment.Job instance at 0x7f24102bedc0>,35,3,[5 3],36,169,172,133,146
1,<environment.Job instance at 0x7f24102e7e10>,56,14,[5 7],57,169,183,112,155
1,<environment.Job instance at 0x7f24102e7190>,49,2,[6 4],50,183,185,133,165
1,<environment.Job instance at 0x7f24102f3280>,65,15,[7 1],66,185,200,119,171
1,<environment.Job instance at 0x7f24102f35a0>,68,13,[7 1],69,200,213,131,187
1,<environment.Job instance at 0x7f24102bec30>,32,12,[5 2],33,213,225,180,202
1,<environment.Job instance at 0x7f24102f39b0>,74,14,[5 8],75,213,227,138,206
1,<environment.Job instance at 0x7f24102e7eb0>,4,15,[5 5],5,5,20,0,5
1,<environment.Job instance at 0x7f2453b42f00>,7,3,[3 6],8,20,23,12,8
1,<environment.Job instance at 0x7f2453b425a0>,8,2,[7 4],9,20,22,11,9
1,<environment.Job instance at 0x7f2453b42640>,9,1,[1 6],10,23,24,13,10
1,<environment.Job instance at 0x7f2453b42690>,10,13,[7 3],11,22,35,11,11
1,<environment.Job instance at 0x7f240fff0550>,16,14,[5 7],17,35,49,18,27
1,<environment.Job instance at 0x7f245616b050>,17,12,[3 8],18,49,61,31,35
1,<environment.Job instance at 0x7f2453ec79b0>,32,3,[2 9],33,80,83,47,80
1,<environment.Job instance at 0x7f24565589b0>,34,17,[5 1],35,80,97,45,80
1,<environment.Job instance at 0x7f24539280f0>,36,18,[5 4],37,84,102,47,84
1,<environment.Job instance at 0x7f245397d140>,38,12,[5 5],39,97,109,58,85
1,<environment.Job instance at 0x7f24101958c0>,44,12,[1 5],45,102,114,57,100
1,<environment.Job instance at 0x7f24565c3aa0>,45,18,[8 2],46,109,127,63,100
1,<environment.Job instance at 0x7f240fd7b2d0>,54,13,[5 5],55,127,140,72,125
1,<environment.Job instance at 0x7f24102130f0>,60,14,[10  4],61,147,161,86,147
1,<environment.Job instance at 0x7f2453b39f50>,74,15,[7 2],75,161,176,86,161
1,<environment.Job instance at 0x7f240fc5f0f0>,75,18,[9 1],76,176,194,100,166
1,<environment.Job instance at 0x7f240fc5faa0>,82,12,[5 5],83,194,206,111,179
1,<environment.Job instance at 0x7f240fc5f640>,85,13,[2 6],86,206,219,120,190
1,<environment.Job instance at 0x7f240ffbb1e0>,0,2,[5 8],1,1,3,0,1
1,<environment.Job instance at 0x7f245ad470a0>,1,3,[6 5],2,3,6,1,2
1,<environment.Job instance at 0x7f2455fa4550>,2,14,[4 9],3,6,20,3,3
1,<environment.Job instance at 0x7f240fc5fc80>,7,18,[3 9],8,20,38,12,9
1,<environment.Job instance at 0x7f2453bc21e0>,15,16,[5 5],16,38,54,22,25
1,<environment.Job instance at 0x7f245aa38aa0>,23,17,[4 9],24,54,71,30,43
1,<environment.Job instance at 0x7f2453c6e370>,34,15,[3 8],35,72,87,37,72
1,<environment.Job instance at 0x7f2453875b90>,37,13,[ 5 10],38,87,100,49,73
1,<environment.Job instance at 0x7f2453f2fcd0>,44,13,[4 6],45,100,113,55,90
1,<environment.Job instance at 0x7f2453f2fbe0>,42,18,[4 5],43,113,131,70,102
1,<environment.Job instance at 0x7f24560c0c30>,52,16,[3 5],53,117,133,64,117
1,<environment.Job instance at 0x7f24562ced20>,56,14,[6 1],57,131,145,74,121
1,<environment.Job instance at 0x7f24560c02d0>,49,15,[5 9],50,145,160,95,142
1,<environment.Job instance at 0x7f2453d395a0>,68,17,[3 8],69,160,177,91,157
1,<environment.Job instance at 0x7f2453d39280>,69,15,[ 5 10],70,177,192,107,163
1,<environment.Job instance at 0x7f2453d396e0>,71,17,[ 2 10],72,192,209,120,180
1,<environment.Job instance at 0x7f2453dec5a0>,75,16,[10  3],76,209,225,133,196
1,<environment.Job instance at 0x7f2453b41a00>,78,3,[1 9],79,225,228,146,211
1,<environment.Job instance at 0x7f2453d01be0>,82,13,[9 1],83,225,238,142,216
1,<environment.Job instance at 0x7f245ad7ecd0>,0,12,[2 9],1,1,13,0,1
1,<environment.Job instance at 0x7f2456225b90>,1,17,[7 2],2,13,30,11,2
1,<environment.Job instance at 0x7f2453bc27d0>,6,14,[1 5],7,13,27,6,7
1,<environment.Job instance at 0x7f2410096910>,16,17,[1 6],17,27,44,10,17
1,<environment.Job instance at 0x7f2410096050>,17,18,[5 2],18,30,48,12,20
1,<environment.Job instance at 0x7f24101b2d20>,20,14,[6 3],21,48,62,27,33
1,<environment.Job instance at 0x7f24564d6550>,13,18,[2 6],14,44,62,30,44
1,<environment.Job instance at 0x7f24101b2cd0>,26,3,[7 4],27,62,65,35,46
1,<environment.Job instance at 0x7f2456373370>,28,2,[8 3],29,65,67,36,46
1,<environment.Job instance at 0x7f2456373c80>,41,15,[9 5],42,67,82,25,58
1,<environment.Job instance at 0x7f2456373cd0>,42,14,[ 1 10],43,82,96,39,68
1,<environment.Job instance at 0x7f245638d410>,50,3,[10  4],51,106,109,55,106
1,<environment.Job instance at 0x7f2456373eb0>,47,15,[ 3 10],48,109,124,61,106
1,<environment.Job instance at 0x7f245638da50>,54,12,[4 9],55,124,136,69,110
1,<environment.Job instance at 0x7f245638da00>,55,12,[7 2],56,136,148,80,119
1,<environment.Job instance at 0x7f245638dfa0>,62,15,[1 7],63,136,151,73,135
1,<environment.Job instance at 0x7f245638df50>,63,17,[6 1],64,148,165,84,136
1,<environment.Job instance at 0x7f2456366280>,66,13,[8 3],67,165,178,98,149
1,<environment.Job instance at 0x7f2456366910>,74,16,[1 8],75,178,194,103,171
1,<environment.Job instance at 0x7f2456753460>,0,3,[4 8],1,1,4,0,1
1,<environment.Job instance at 0x7f2453ba1be0>,13,18,[6 1],14,30,48,16,30
1,<environment.Job instance at 0x7f2453ba1aa0>,14,2,[5 6],15,48,50,33,30
1,<environment.Job instance at 0x7f2453ba1a50>,15,15,[4 9],16,30,45,14,30
1,<environment.Job instance at 0x7f245ae6b230>,21,12,[4 8],22,50,62,28,33
1,<environment.Job instance at 0x7f245381bbe0>,31,12,[10  5],32,62,74,30,55
1,<environment.Job instance at 0x7f245381b9b0>,32,15,[ 5 10],33,74,89,41,63
1,<environment.Job instance at 0x7f2453c99370>,44,3,[5 4],45,89,92,44,81
1,<environment.Job instance at 0x7f2453ba17d0>,17,17,[3 7],18,92,109,74,83
1,<environment.Job instance at 0x7f240ff41820>,62,18,[1 9],63,150,168,87,150
1,<environment.Job instance at 0x7f240ff413c0>,63,17,[6 3],64,168,185,104,156
1,<environment.Job instance at 0x7f240ff415a0>,64,17,[7 1],65,185,202,120,173
1,<environment.Job instance at 0x7f24537f0460>,74,15,[9 5],75,202,217,127,192
1,<environment.Job instance at 0x7f24537f0730>,76,18,[8 5],77,217,235,140,206
1,<environment.Job instance at 0x7f2456360910>,1,1,[9 5],2,2,3,0,2
1,<environment.Job instance at 0x7f24102f56e0>,2,13,[ 4 10],3,3,16,0,3
1,<environment.Job instance at 0x7f2456366780>,3,17,[7 2],4,16,33,12,4
1,<environment.Job instance at 0x7f245655abe0>,9,3,[6 3],10,33,36,23,12
1,<environment.Job instance at 0x7f245655aa00>,10,12,[8 4],11,36,48,25,19
1,<environment.Job instance at 0x7f2453c736e0>,14,12,[7 5],15,48,60,33,31
1,<environment.Job instance at 0x7f241005d370>,27,17,[8 3],28,63,80,35,63
1,<environment.Job instance at 0x7f2456563b40>,42,15,[ 1 10],43,81,96,38,81
1,<environment.Job instance at 0x7f2456563b90>,44,18,[9 2],45,96,114,51,85
1,<environment.Job instance at 0x7f245633f050>,51,17,[8 2],52,114,131,62,111
1,<environment.Job instance at 0x7f245633f640>,52,12,[4 6],53,131,143,78,114
1,<environment.Job instance at 0x7f245633fe60>,54,18,[8 4],55,143,161,88,133
1,<environment.Job instance at 0x7f2453c6cc30>,59,14,[6 4],60,161,175,101,146
1,<environment.Job instance at 0x7f2453b51640>,70,17,[1 5],71,169,186,98,169
1,<environment.Job instance at 0x7f2453b512d0>,72,12,[3 7],73,186,198,113,172
1,<environment.Job instance at 0x7f240fedc0f0>,79,16,[6 3],80,200,216,120,200
1,<environment.Job instance at 0x7f24560f6500>,83,12,[5 7],84,216,228,132,203
1,<environment.Job instance at 0x7f24560f6cd0>,81,17,[5 3],82,216,233,134,204
1,<environment.Job instance at 0x7f2453d94730>,0,17,[9 5],1,1,18,0,1
1,<environment.Job instance at 0x7f2453f2f870>,1,14,[9 4],2,18,32,16,3
1,<environment.Job instance at 0x7f2453862e60>,4,18,[6 5],5,32,50,27,21
1,<environment.Job instance at 0x7f24560fce10>,17,16,[2 6],18,50,66,32,37
1,<environment.Job instance at 0x7f240fa465a0>,18,17,[7 4],19,50,67,31,38
1,<environment.Job instance at 0x7f240fa66640>,23,18,[3 7],24,67,85,43,58
1,<environment.Job instance at 0x7f2453b11f50>,12,3,[1 8],13,85,88,72,70
1,<environment.Job instance at 0x7f240fa5c140>,28,17,[2 5],29,88,105,59,76
1,<environment.Job instance at 0x7f24103ceb90>,53,3,[9 5],54,145,148,91,145
1,<environment.Job instance at 0x7f240fe47af0>,56,15,[7 3],57,148,163,91,145
1,<environment.Job instance at 0x7f24561dad20>,57,15,[5 4],58,163,178,105,149
1,<environment.Job instance at 0x7f240fbf6460>,63,13,[5 1],64,174,187,110,174
1,<environment.Job instance at 0x7f240fbf6f00>,64,12,[1 9],65,178,190,113,174
1,<environment.Job instance at 0x7f240fbf6fa0>,66,18,[8 3],67,190,208,123,179
1,<environment.Job instance at 0x7f2453ecaeb0>,70,15,[9 4],71,208,223,137,194
1,<environment.Job instance at 0x7f2453eca550>,74,18,[6 4],75,223,241,148,212
1,<environment.Job instance at 0x7f240fcd25f0>,0,2,[3 7],1,1,3,0,1
1,<environment.Job instance at 0x7f240fa5c0f0>,2,2,[8 4],3,3,5,0,3
1,<environment.Job instance at 0x7f240fcd2dc0>,3,18,[5 5],4,5,23,1,4
1,<environment.Job instance at 0x7f240fc1da50>,4,16,[10  2],5,23,39,18,10
1,<environment.Job instance at 0x7f24100f7a00>,15,14,[5 8],16,39,53,23,24
1,<environment.Job instance at 0x7f2410129c80>,18,16,[7 5],19,53,69,34,41
1,<environment.Job instance at 0x7f2456079500>,33,13,[7 4],34,69,82,35,58
1,<environment.Job instance at 0x7f240fd4f140>,38,15,[8 5],39,92,107,53,92
1,<environment.Job instance at 0x7f2453900dc0>,57,17,[1 5],58,160,177,102,160
1,<environment.Job instance at 0x7f2453d946e0>,6,16,[5 6],7,177,193,170,169
1,<environment.Job instance at 0x7f24563499b0>,72,17,[4 5],73,204,221,131,204
1,<environment.Job instance at 0x7f240fb08c80>,0,16,[7 5],1,1,17,0,1
1,<environment.Job instance at 0x7f24100a6640>,1,2,[ 3 10],2,17,19,15,2
1,<environment.Job instance at 0x7f2453d94910>,2,1,[1 8],3,19,20,16,8
1,<environment.Job instance at 0x7f240ff12a00>,8,14,[3 7],9,20,34,11,10
1,<environment.Job instance at 0x7f241022b2d0>,35,14,[4 5],36,78,92,42,78
1,<environment.Job instance at 0x7f241022b500>,39,12,[7 5],40,92,104,52,80
1,<environment.Job instance at 0x7f241022ba50>,41,15,[4 5],42,104,119,62,90
1,<environment.Job instance at 0x7f2453efc320>,45,15,[10  3],46,119,134,73,105
1,<environment.Job instance at 0x7f2453efce60>,49,17,[6 4],50,134,151,84,122
1,<environment.Job instance at 0x7f2453efc3c0>,56,16,[7 1],57,151,167,94,142
1,<environment.Job instance at 0x7f240fc445a0>,57,13,[5 5],58,167,180,109,151
1,<environment.Job instance at 0x7f240fc449b0>,65,16,[5 2],66,167,183,101,166
1,<environment.Job instance at 0x7f240fc44d20>,71,16,[6 5],72,183,199,111,171
1,<environment.Job instance at 0x7f2453f0b870>,76,13,[7 5],77,199,212,122,183
1,<environment.Job instance at 0x7f2453f0b0f0>,84,17,[5 2],85,212,229,127,200
1,<environment.Job instance at 0x7f2453ca0aa0>,90,12,[3 8],91,212,224,121,209
1,<environment.Job instance at 0x7f240fa10230>,0,2,[5 9],1,1,3,0,1
1,<environment.Job instance at 0x7f240fc63af0>,1,12,[7 4],2,3,15,1,2
1,<environment.Job instance at 0x7f240ff127d0>,5,12,[8 3],6,15,27,9,6
1,<environment.Job instance at 0x7f24566eb4b0>,16,17,[10  4],17,27,44,10,26
1,<environment.Job instance at 0x7f24102e2910>,17,14,[7 2],18,44,58,26,29
1,<environment.Job instance at 0x7f24102743c0>,25,18,[6 1],26,58,76,32,54
1,<environment.Job instance at 0x7f2410274c80>,26,15,[4 7],27,58,73,31,58
1,<environment.Job instance at 0x7f241023e050>,33,15,[7 2],34,81,96,47,81
1,<environment.Job instance at 0x7f240ff12050>,7,12,[7 5],8,96,108,88,81
1,<environment.Job instance at 0x7f24566ebf50>,15,13,[1 5],16,86,99,70,86
1,<environment.Job instance at 0x7f2410254cd0>,42,15,[4 7],43,108,123,65,94
1,<environment.Job instance at 0x7f241024aeb0>,50,13,[4 7],51,123,136,72,107
1,<environment.Job instance at 0x7f24102434b0>,53,12,[5 5],54,136,148,82,119
1,<environment.Job instance at 0x7f2456371a00>,62,14,[5 6],63,148,162,85,138
1,<environment.Job instance at 0x7f2410254b90>,36,13,[4 6],37,162,175,125,153
1,<environment.Job instance at 0x7f240fcaadc0>,66,17,[ 2 10],67,175,192,108,163
1,<environment.Job instance at 0x7f2453ab43c0>,75,13,[7 3],76,192,205,116,183
1,<environment.Job instance at 0x7f2453ab1550>,85,14,[ 2 10],86,210,224,124,210
1,<environment.Job instance at 0x7f2453ac2320>,89,15,[8 5],90,224,239,134,212
1,<environment.Job instance at 0x7f24102730a0>,0,2,[8 4],1,1,3,0,1
1,<environment.Job instance at 0x7f2456495640>,2,12,[ 4 10],3,4,16,1,4
1,<environment.Job instance at 0x7f240fb2cfa0>,12,14,[6 3],13,16,30,3,13
1,<environment.Job instance at 0x7f240fb2c050>,14,12,[8 5],15,30,42,15,15
1,<environment.Job instance at 0x7f240fb2c8c0>,15,3,[2 5],16,16,19,0,16
1,<environment.Job instance at 0x7f245665fbe0>,28,12,[9 4],29,42,54,13,29
1,<environment.Job instance at 0x7f2453edf140>,36,15,[9 4],37,54,69,17,40
1,<environment.Job instance at 0x7f2453edffa0>,40,17,[8 5],41,69,86,28,57
1,<environment.Job instance at 0x7f241020a050>,47,16,[2 5],48,69,85,21,65
1,<environment.Job instance at 0x7f241020ab90>,48,15,[5 5],49,86,101,37,72
1,<environment.Job instance at 0x7f24560fb550>,57,15,[3 8],58,101,116,43,92
1,<environment.Job instance at 0x7f24560fbe60>,60,16,[10  1],61,116,132,55,107
1,<environment.Job instance at 0x7f2453edf460>,39,13,[3 8],40,132,145,92,117
1,<environment.Job instance at 0x7f24562e06e0>,70,13,[4 5],71,145,158,74,132
1,<environment.Job instance at 0x7f24562e0b90>,73,14,[5 2],74,139,153,65,139
1,<environment.Job instance at 0x7f240f9c2b40>,69,15,[8 4],70,158,173,88,145
1,<environment.Job instance at 0x7f240fcd9e60>,87,17,[3 5],88,173,190,85,161
1,<environment.Job instance at 0x7f240fe5ba00>,94,14,[2 5],95,179,193,84,179
1,<environment.Job instance at 0x7f240fe5be60>,100,13,[1 5],101,190,203,89,186
1,<environment.Job instance at 0x7f2456763690>,0,3,[2 7],1,1,4,0,1
1,<environment.Job instance at 0x7f2456763050>,1,2,[6 4],2,4,6,2,2
1,<environment.Job instance at 0x7f240fe0ae10>,5,13,[4 8],6,6,19,0,6
1,<environment.Job instance at 0x7f240f9bf2d0>,7,16,[8 2],8,19,35,11,8
1,<environment.Job instance at 0x7f24103f5780>,16,13,[6 4],17,35,48,18,19
1,<environment.Job instance at 0x7f24103f5140>,21,16,[ 5 10],22,48,64,26,35
1,<environment.Job instance at 0x7f24103f5f00>,18,2,[3 6],19,39,41,20,39
1,<environment.Job instance at 0x7f24103f5d70>,26,1,[ 2 10],27,64,65,37,48
1,<environment.Job instance at 0x7f24103f5280>,28,3,[ 1 10],29,65,68,36,65
1,<environment.Job instance at 0x7f24103f5e10>,33,13,[3 6],34,87,100,53,87
1,<environment.Job instance at 0x7f24103f5460>,35,12,[5 4],36,87,99,51,87
1,<environment.Job instance at 0x7f24103f5230>,36,17,[10  2],37,100,117,63,89
1,<environment.Job instance at 0x7f240fb659b0>,39,12,[4 5],40,117,129,77,100
1,<environment.Job instance at 0x7f240fb657d0>,47,16,[6 1],48,117,133,69,112
1,<environment.Job instance at 0x7f240fb65dc0>,48,14,[5 4],49,133,147,84,118
1,<environment.Job instance at 0x7f240fb65820>,49,18,[4 5],50,129,147,79,119
1,<environment.Job instance at 0x7f240fb653c0>,51,15,[4 5],52,147,162,95,135
1,<environment.Job instance at 0x7f240faf57d0>,56,3,[5 6],57,162,165,105,137
1,<environment.Job instance at 0x7f240faf5b90>,58,16,[10  5],59,165,181,106,152
1,<environment.Job instance at 0x7f240faf58c0>,71,3,[8 3],72,195,198,123,195
1,<environment.Job instance at 0x7f240fb2bd20>,72,17,[5 3],73,198,215,125,195
1,<environment.Job instance at 0x7f240faf50a0>,70,21,[5 7],71,204,225,133,204
1,<environment.Job instance at 0x7f240fb2b460>,82,12,[2 7],83,225,237,142,212
1,<environment.Job instance at 0x7f2455f95910>,0,16,[4 9],1,1,17,0,1
1,<environment.Job instance at 0x7f24561270f0>,4,13,[9 2],5,17,30,12,5
1,<environment.Job instance at 0x7f2453ebcbe0>,12,18,[5 7],13,30,48,17,19
1,<environment.Job instance at 0x7f2453ec42d0>,18,18,[5 3],19,32,50,13,32
1,<environment.Job instance at 0x7f2453ec4730>,19,18,[8 4],20,50,68,30,39
1,<environment.Job instance at 0x7f2453ec40a0>,24,12,[5 4],25,68,80,43,53
1,<environment.Job instance at 0x7f2453ec40f0>,27,14,[3 8],28,80,94,52,65
1,<environment.Job instance at 0x7f2453ec49b0>,29,18,[4 6],30,94,112,64,83
1,<environment.Job instance at 0x7f2453edb6e0>,33,12,[6 1],34,95,107,61,95
1,<environment.Job instance at 0x7f2453edb230>,34,14,[2 9],35,112,126,77,97
1,<environment.Job instance at 0x7f2453edb280>,39,16,[ 2 10],40,126,142,86,113
1,<environment.Job instance at 0x7f2453ed0050>,48,13,[4 5],49,142,155,93,126
1,<environment.Job instance at 0x7f2453ed0140>,49,13,[3 6],50,155,168,105,139
1,<environment.Job instance at 0x7f2453ed0cd0>,52,13,[2 5],53,142,155,89,141
1,<environment.Job instance at 0x7f2453ed0460>,60,18,[7 5],61,168,186,107,157
1,<environment.Job instance at 0x7f2453eaf5a0>,62,13,[5 5],63,186,199,123,170
1,<environment.Job instance at 0x7f2453eafc80>,68,13,[7 3],69,199,212,130,184
1,<environment.Job instance at 0x7f2453eaf690>,70,16,[1 7],71,199,215,128,186
1,<environment.Job instance at 0x7f2453eaf370>,72,3,[7 4],73,215,218,142,194
1,<environment.Job instance at 0x7f2453eaf3c0>,73,2,[8 3],74,212,214,138,194
1,<environment.Job instance at 0x7f2453eaf910>,77,1,[1 5],78,219,220,141,219
1,<environment.Job instance at 0x7f2453eaf7d0>,78,3,[1 8],79,220,223,141,219
1,<environment.Job instance at 0x7f2453eaf640>,80,2,[2 7],81,223,225,142,219
1,<environment.Job instance at 0x7f240fbc1d20>,81,18,[ 5 10],82,225,243,143,219
1,<environment.Job instance at 0x7f4602206140>,0,17,[6 1],1,3,20,2,3
1,<environment.Job instance at 0x7f45fadf6500>,6,15,[2 8],7,7,22,0,7
1,<environment.Job instance at 0x7f45fadf6780>,8,17,[1 8],9,22,39,13,10
1,<environment.Job instance at 0x7f45fadf8500>,21,18,[9 4],22,44,62,22,44
1,<environment.Job instance at 0x7f45fadf8730>,26,12,[8 5],27,62,74,35,47
1,<environment.Job instance at 0x7f45fadf8dc0>,34,14,[1 9],35,93,107,58,93
1,<environment.Job instance at 0x7f45fadf6a50>,14,21,[8 1],15,94,115,79,94
1,<environment.Job instance at 0x7f45fadfa190>,39,14,[9 4],40,115,129,75,102
1,<environment.Job instance at 0x7f45fadfad70>,54,18,[7 1],55,149,167,94,149
1,<environment.Job instance at 0x7f45fadfacd0>,53,3,[2 9],54,156,159,102,156
1,<environment.Job instance at 0x7f45fadfb640>,62,14,[4 9],63,167,181,104,162
1,<environment.Job instance at 0x7f45fadfb960>,67,16,[1 9],68,181,197,113,172
1,<environment.Job instance at 0x7f45fadfbaa0>,69,14,[9 4],70,197,211,127,182
1,<environment.Job instance at 0x7f45fadfb3c0>,77,16,[8 1],78,211,227,133,211
1,<environment.Job instance at 0x7f45fae0f730>,0,2,[7 5],1,1,3,0,1
1,<environment.Job instance at 0x7f45fae0fc80>,3,1,[2 7],4,4,5,0,4
1,<environment.Job instance at 0x7f45b71f23c0>,9,17,[5 7],10,10,27,0,10
1,<environment.Job instance at 0x7f45b71f6eb0>,21,12,[5 4],22,35,47,13,35
1,<environment.Job instance at 0x7f45b71f64b0>,24,14,[10  5],25,52,66,27,52
1,<environment.Job instance at 0x7f45b71e99b0>,16,12,[1 6],17,66,78,49,65
1,<environment.Job instance at 0x7f45b71f3be0>,35,17,[5 1],36,89,106,53,89
1,<environment.Job instance at 0x7f45b71f4cd0>,37,16,[8 4],38,106,122,68,93
1,<environment.Job instance at 0x7f45b71f4460>,47,13,[9 5],48,122,135,74,113
1,<environment.Job instance at 0x7f45b71eba50>,53,12,[1 9],54,137,149,83,137
1,<environment.Job instance at 0x7f45b720b2d0>,56,3,[7 5],57,162,165,105,162
1,<environment.Job instance at 0x7f45b7313f50>,57,2,[5 3],58,165,167,107,162
1,<environment.Job instance at 0x7f45b720baa0>,63,14,[5 9],64,194,208,130,194
1,<environment.Job instance at 0x7f45b720bb90>,62,3,[8 2],63,208,211,145,194
1,<environment.Job instance at 0x7f45b72e1370>,66,16,[6 5],67,211,227,144,198
1,<environment.Job instance at 0x7f45b742ad70>,71,17,[3 6],72,227,244,155,216
1,<environment.Job instance at 0x7f45b72c9410>,0,15,[5 8],1,1,16,0,1
1,<environment.Job instance at 0x7f45fae0f6e0>,2,15,[9 2],3,16,31,13,3
1,<environment.Job instance at 0x7f45b70b5730>,16,13,[8 2],17,31,44,14,19
1,<environment.Job instance at 0x7f45fafed4b0>,19,15,[6 5],20,44,59,24,33
1,<environment.Job instance at 0x7f45b705cbe0>,28,14,[7 1],29,65,79,36,65
1,<environment.Job instance at 0x7f45fb2e9550>,29,12,[6 3],30,79,91,49,66
1,<environment.Job instance at 0x7f45fab77af0>,33,16,[4 5],34,79,95,45,70
1,<environment.Job instance at 0x7f45fabb65a0>,34,15,[2 6],35,95,110,60,81
1,<environment.Job instance at 0x7f45b704b960>,38,14,[9 4],39,110,124,71,95
1,<environment.Job instance at 0x7f45b7119d70>,53,12,[2 7],54,146,158,92,146
1,<environment.Job instance at 0x7f45b70b15a0>,62,17,[5 9],63,158,175,95,147
1,<environment.Job instance at 0x7f45fabbad20>,71,2,[4 5],72,181,183,109,181
1,<environment.Job instance at 0x7f45fabbac30>,74,16,[5 2],75,183,199,108,183
1,<environment.Job instance at 0x7f45fabab4b0>,81,3,[6 1],82,209,212,127,209
1,<environment.Job instance at 0x7f45b70c7230>,84,14,[3 8],85,217,231,132,217
1,<environment.Job instance at 0x7f45b70c7f00>,85,13,[9 1],86,231,244,145,217
1,<environment.Job instance at 0x7f45b744ae10>,0,12,[10  5],1,1,13,0,1
1,<environment.Job instance at 0x7f45b74f6960>,5,13,[7 4],6,13,26,7,6
1,<environment.Job instance at 0x7f45b73d0fa0>,16,14,[9 4],17,26,40,9,24
1,<environment.Job instance at 0x7f45fb2a18c0>,18,14,[8 2],19,40,54,21,26
1,<environment.Job instance at 0x7f45faecaa50>,31,17,[7 5],32,75,92,43,75
1,<environment.Job instance at 0x7f45fae91140>,40,12,[4 5],41,93,105,52,93
1,<environment.Job instance at 0x7f45fade7870>,43,15,[6 4],44,95,110,51,95
1,<environment.Job instance at 0x7f45fb2a1690>,21,1,[3 6],22,105,106,83,100
1,<environment.Job instance at 0x7f45fb0bba00>,46,12,[10  2],47,110,122,63,106
1,<environment.Job instance at 0x7f45fb0bbe60>,48,13,[8 3],49,122,135,73,106
1,<environment.Job instance at 0x7f45fae2fd70>,53,12,[2 7],54,122,134,68,114
1,<environment.Job instance at 0x7f45fae69230>,57,3,[3 5],58,135,138,77,135
1,<environment.Job instance at 0x7f45fae64230>,61,15,[7 1],62,137,152,75,137
1,<environment.Job instance at 0x7f45faef8fa0>,63,2,[9 1],64,152,154,88,137
1,<environment.Job instance at 0x7f45fade1910>,67,18,[8 2],68,158,176,90,158
1,<environment.Job instance at 0x7f45fade17d0>,72,17,[4 5],73,176,193,103,164
1,<environment.Job instance at 0x7f45fade1550>,70,15,[2 5],71,168,183,97,168
1,<environment.Job instance at 0x7f4602378500>,75,17,[8 2],76,193,210,117,181
1,<environment.Job instance at 0x7f45fac4a690>,83,16,[6 5],84,210,226,126,197
1,<environment.Job instance at 0x7f45fd4c0640>,6,1,[10  1],7,9,10,2,9
1,<environment.Job instance at 0x7f45b74b29b0>,8,13,[5 5],9,10,23,1,9
1,<environment.Job instance at 0x7f45b769a820>,4,16,[1 5],5,10,26,5,9
1,<environment.Job instance at 0x7f45fae4cf00>,11,3,[5 1],12,23,26,11,12
1,<environment.Job instance at 0x7f45fae478c0>,16,12,[10  1],17,26,38,9,24
1,<environment.Job instance at 0x7f45fae475f0>,19,3,[7 2],20,38,41,18,24
1,<environment.Job instance at 0x7f45fae47be0>,20,17,[5 6],21,41,58,20,29
1,<environment.Job instance at 0x7f45b769af00>,5,18,[4 9],6,58,76,52,51
1,<environment.Job instance at 0x7f45fd8df780>,24,1,[3 5],25,76,77,51,59
1,<environment.Job instance at 0x7f45fb05e820>,2,12,[2 9],3,83,95,80,83
1,<environment.Job instance at 0x7f45fd8f5af0>,40,17,[10  2],41,95,112,54,95
1,<environment.Job instance at 0x7f45fd8bdd20>,29,13,[4 7],30,122,135,92,122
1,<environment.Job instance at 0x7f45b74f5a00>,25,21,[ 2 10],26,135,156,109,131
1,<environment.Job instance at 0x7f45fd8eb050>,50,14,[5 8],51,156,170,105,152
1,<environment.Job instance at 0x7f45fd8ebaf0>,54,18,[6 2],55,170,188,115,159
1,<environment.Job instance at 0x7f45fd8d89b0>,61,14,[3 6],62,170,184,108,164
1,<environment.Job instance at 0x7f45fd8d6f50>,67,15,[9 1],68,188,203,120,184
1,<environment.Job instance at 0x7f45fd8d65f0>,77,3,[10  1],78,219,222,141,219
1,<environment.Job instance at 0x7f45fd8d6a00>,70,13,[5 4],71,222,235,151,219
1,<environment.Job instance at 0x7f45fae55460>,0,2,[2 7],1,1,3,0,1
1,<environment.Job instance at 0x7f45fd41e370>,1,16,[8 4],2,3,19,1,2
1,<environment.Job instance at 0x7f45fd92ce10>,7,2,[8 3],8,19,21,11,8
1,<environment.Job instance at 0x7f45fd92cb40>,11,3,[3 5],12,21,24,9,12
1,<environment.Job instance at 0x7f45fd92caf0>,12,12,[4 7],13,24,36,11,13
1,<environment.Job instance at 0x7f45fd92c140>,13,15,[6 2],14,21,36,7,14
1,<environment.Job instance at 0x7f45b76cb6e0>,20,12,[2 5],21,36,48,15,21
1,<environment.Job instance at 0x7f45fd931cd0>,9,1,[ 2 10],10,48,49,38,31
1,<environment.Job instance at 0x7f45b76cb820>,21,16,[1 6],22,49,65,27,36
1,<environment.Job instance at 0x7f45b76cb870>,28,12,[7 5],29,65,77,36,49
1,<environment.Job instance at 0x7f45b76cbf50>,34,12,[1 5],35,65,77,30,51
1,<environment.Job instance at 0x7f45b76c9320>,35,14,[5 2],36,77,91,41,62
1,<environment.Job instance at 0x7f45b76c9910>,37,17,[2 6],38,77,94,39,65
1,<environment.Job instance at 0x7f45b76c9690>,40,16,[9 4],41,94,110,53,81
1,<environment.Job instance at 0x7f45b76c9730>,45,18,[3 9],46,110,128,64,101
1,<environment.Job instance at 0x7f4601f8dd20>,58,13,[ 3 10],59,128,141,69,112
1,<environment.Job instance at 0x7f4601f8d910>,60,16,[10  3],61,141,157,80,130
1,<environment.Job instance at 0x7f45b77585f0>,66,13,[8 5],67,157,170,90,141
1,<environment.Job instance at 0x7f45b7758730>,74,12,[3 7],75,170,182,95,163
1,<environment.Job instance at 0x7f45b76dff00>,75,12,[3 7],76,182,194,106,167
1,<environment.Job instance at 0x7f45b76dfb40>,78,15,[6 2],79,175,190,96,175
1,<environment.Job instance at 0x7f45b76dff50>,79,14,[7 2],80,190,204,110,175
1,<environment.Job instance at 0x7f45b76df500>,81,14,[1 7],82,194,208,112,179
1,<environment.Job instance at 0x7f45fd4c0730>,0,1,[1 7],1,1,2,0,1
1,<environment.Job instance at 0x7f46024881e0>,1,1,[9 4],2,2,3,0,2
1,<environment.Job instance at 0x7f45fd41aa00>,4,18,[3 6],5,7,25,2,7
1,<environment.Job instance at 0x7f45fd70c050>,10,17,[5 8],11,44,61,33,44
1,<environment.Job instance at 0x7f45fd4ada50>,11,2,[8 5],12,61,63,49,52
1,<environment.Job instance at 0x7f45fb111c30>,26,13,[9 1],27,63,76,36,55
1,<environment.Job instance at 0x7f45fd423820>,36,26,[9 5],37,108,134,71,108
1,<environment.Job instance at 0x7f45fd3e3190>,51,12,[7 1],52,134,146,82,133
1,<environment.Job instance at 0x7f45faf05a50>,44,17,[1 8],45,141,158,96,141
1,<environment.Job instance at 0x7f4602101cd0>,60,16,[ 2 10],61,165,181,104,165
1,<environment.Job instance at 0x7f4602101be0>,61,1,[3 5],62,181,182,119,165
1,<environment.Job instance at 0x7f4602101050>,62,3,[7 4],63,181,184,118,165
1,<environment.Job instance at 0x7f45faebd320>,63,15,[4 8],64,184,199,120,170
1,<environment.Job instance at 0x7f45fb0e7410>,67,13,[5 8],68,199,212,131,183
1,<environment.Job instance at 0x7f45fd401500>,64,1,[6 4],65,212,213,147,192
1,<environment.Job instance at 0x7f45fb0e79b0>,71,18,[8 1],72,213,231,141,202
1,<environment.Job instance at 0x7f45fb1735a0>,72,15,[3 9],73,231,246,158,217
1,<environment.Job instance at 0x7f45fad55f00>,0,3,[9 1],1,1,4,0,1
1,<environment.Job instance at 0x7f45fd7655a0>,3,2,[9 1],4,4,6,0,4
1,<environment.Job instance at 0x7f45fd3e3d20>,4,14,[5 8],5,6,20,1,5
1,<environment.Job instance at 0x7f45fb1b7550>,9,14,[7 5],10,20,34,10,10
1,<environment.Job instance at 0x7f45b72f3910>,12,18,[5 3],13,34,52,21,26
1,<environment.Job instance at 0x7f45b72f30a0>,18,13,[2 7],19,44,57,25,44
1,<environment.Job instance at 0x7f45b72f36e0>,19,15,[4 7],20,57,72,37,44
1,<environment.Job instance at 0x7f45b750aa00>,22,17,[5 9],23,72,89,49,61
1,<environment.Job instance at 0x7f45b750af50>,29,13,[8 4],30,89,102,59,80
1,<environment.Job instance at 0x7f45b7520460>,35,13,[ 5 10],36,107,120,71,107
1,<environment.Job instance at 0x7f45b7520640>,38,17,[5 3],39,120,137,81,114
1,<environment.Job instance at 0x7f45b750aaa0>,23,18,[5 5],24,120,138,96,115
1,<environment.Job instance at 0x7f45b7520d70>,48,15,[3 9],49,138,153,89,126
1,<environment.Job instance at 0x7f45b7520fa0>,50,13,[7 1],51,138,151,87,130
1,<environment.Job instance at 0x7f45b7510280>,55,18,[7 4],56,153,171,97,147
1,<environment.Job instance at 0x7f45b75101e0>,54,15,[10  1],55,171,186,116,159
1,<environment.Job instance at 0x7f45b7510500>,59,13,[5 8],60,186,199,126,172
1,<environment.Job instance at 0x7f45b7510f00>,73,18,[6 4],74,199,217,125,195
1,<environment.Job instance at 0x7f45b75064b0>,80,18,[2 9],81,217,235,136,210
1,<environment.Job instance at 0x7f45fb1f7550>,0,15,[5 8],1,1,16,0,1
1,<environment.Job instance at 0x7f45fd408c30>,2,12,[5 5],3,16,28,13,3
1,<environment.Job instance at 0x7f45fad2a8c0>,16,15,[4 7],17,28,43,11,18
1,<environment.Job instance at 0x7f45fabbf6e0>,20,15,[4 8],21,43,58,22,29
1,<environment.Job instance at 0x7f45fadc7e10>,22,3,[8 1],23,58,61,35,38
1,<environment.Job instance at 0x7f4601dfdf50>,28,16,[6 5],29,61,77,32,48
1,<environment.Job instance at 0x7f45fd7b13c0>,31,14,[1 5],32,58,72,26,54
1,<environment.Job instance at 0x7f45b70d9500>,33,14,[4 9],34,77,91,43,62
1,<environment.Job instance at 0x7f45faffa140>,37,15,[1 6],38,91,106,53,77
1,<environment.Job instance at 0x7f45faf886e0>,40,16,[3 7],41,106,122,65,93
1,<environment.Job instance at 0x7f45b7639d70>,44,16,[4 7],45,122,138,77,109
1,<environment.Job instance at 0x7f45fd575280>,57,18,[3 9],58,153,171,95,153
1,<environment.Job instance at 0x7f45fd575820>,59,14,[5 4],60,171,185,111,156
1,<environment.Job instance at 0x7f45fb08ef50>,68,17,[10  4],69,185,202,116,173
1,<environment.Job instance at 0x7f45fb08e780>,71,17,[4 7],72,202,219,130,190
1,<environment.Job instance at 0x7f45fb1f7690>,0,1,[9 3],1,1,2,0,1
1,<environment.Job instance at 0x7f45fb1f7dc0>,2,18,[4 7],3,3,21,0,3
1,<environment.Job instance at 0x7f45b70efd20>,11,12,[10  4],12,21,33,9,12
1,<environment.Job instance at 0x7f45b71a1190>,20,3,[4 8],21,33,36,12,21
1,<environment.Job instance at 0x7f45b7226c80>,27,15,[5 5],28,54,69,26,54
1,<environment.Job instance at 0x7f45faddf050>,31,17,[8 2],32,69,86,37,57
1,<environment.Job instance at 0x7f45fb20b230>,36,14,[4 7],37,86,100,49,71
1,<environment.Job instance at 0x7f45fad2ed70>,39,12,[5 9],40,100,112,60,83
1,<environment.Job instance at 0x7f45fb20bb90>,35,16,[3 8],36,112,128,76,99
1,<environment.Job instance at 0x7f45fb29bf50>,29,18,[9 5],30,141,159,111,141
1,<environment.Job instance at 0x7f45b74bc4b0>,58,17,[3 5],59,159,176,100,148
1,<environment.Job instance at 0x7f45fda958c0>,61,15,[10  5],62,176,191,114,162
1,<environment.Job instance at 0x7f45fb111690>,78,12,[10  2],79,198,210,119,198
1,<environment.Job instance at 0x7f45fb111820>,81,15,[9 5],82,210,225,128,200
1,<environment.Job instance at 0x7f45fd915190>,0,2,[6 3],1,1,3,0,1
1,<environment.Job instance at 0x7f45fb1da140>,4,14,[10  5],5,5,19,0,5
1,<environment.Job instance at 0x7f45fd68b4b0>,15,2,[1 8],16,19,21,3,17
1,<environment.Job instance at 0x7f45fd68b550>,16,3,[8 4],17,21,24,4,17
1,<environment.Job instance at 0x7f45fd68b690>,17,1,[1 8],18,24,25,6,18
1,<environment.Job instance at 0x7f45fb2d5f50>,19,19,[9 1],20,24,43,4,22
1,<environment.Job instance at 0x7f45fb2b2320>,20,2,[7 2],21,43,45,22,22
1,<environment.Job instance at 0x7f45fabbfc80>,11,17,[10  3],12,45,62,33,41
1,<environment.Job instance at 0x7f45fb2b2af0>,31,15,[10  1],32,62,77,30,50
1,<environment.Job instance at 0x7f45fb2e83c0>,42,17,[5 9],43,77,94,34,67
1,<environment.Job instance at 0x7f45fb2e8640>,45,15,[4 9],46,94,109,48,81
1,<environment.Job instance at 0x7f45fb2e88c0>,49,16,[5 1],50,85,101,35,85
1,<environment.Job instance at 0x7f45fb2e8eb0>,58,14,[3 7],59,109,123,50,97
1,<environment.Job instance at 0x7f45fb2e62d0>,60,13,[5 8],61,123,136,62,107
1,<environment.Job instance at 0x7f45fb2e6550>,63,16,[5 8],64,136,152,72,124
1,<environment.Job instance at 0x7f45fb2e63c0>,65,12,[3 5],66,152,164,86,135
1,<environment.Job instance at 0x7f45fb2e6960>,67,14,[6 2],68,152,166,84,137
1,<environment.Job instance at 0x7f45fb2b5230>,81,12,[ 4 10],82,166,178,84,164
1,<environment.Job instance at 0x7f45fb2b5af0>,1,14,[9 4],2,2,16,0,2
1,<environment.Job instance at 0x7f45fb1221e0>,9,1,[2 6],10,16,17,6,10
1,<environment.Job instance at 0x7f45fb122280>,11,16,[9 2],12,17,33,5,13
1,<environment.Job instance at 0x7f45fb122230>,13,14,[ 4 10],14,33,47,19,18
1,<environment.Job instance at 0x7f45fb122af0>,14,1,[8 3],15,47,48,32,19
1,<environment.Job instance at 0x7f45fd8c0dc0>,22,13,[ 4 10],23,48,61,25,35
1,<environment.Job instance at 0x7f45fd8c0690>,26,14,[9 1],27,61,75,34,53
1,<environment.Job instance at 0x7f45fd6a9870>,31,14,[ 2 10],32,75,89,43,62
1,<environment.Job instance at 0x7f4602125500>,37,3,[3 6],38,89,92,51,76
1,<environment.Job instance at 0x7f4602125870>,38,2,[5 6],39,92,94,53,77
1,<environment.Job instance at 0x7f45fb2b5960>,6,2,[1 6],7,94,96,87,82
1,<environment.Job instance at 0x7f46021255a0>,40,2,[5 2],41,89,91,48,85
1,<environment.Job instance at 0x7f45b73d7f00>,45,18,[4 5],46,96,114,50,86
1,<environment.Job instance at 0x7f45fb1b3f00>,50,17,[8 5],51,114,131,63,109
1,<environment.Job instance at 0x7f45fac3dd70>,51,15,[3 7],52,131,146,79,117
1,<environment.Job instance at 0x7f45fd52c5f0>,61,18,[5 5],62,146,164,84,135
1,<environment.Job instance at 0x7f45b6fc6a50>,66,17,[3 5],67,156,173,89,156
1,<environment.Job instance at 0x7f45b6fc69b0>,67,15,[5 9],68,173,188,105,159
1,<environment.Job instance at 0x7f45b6fc6550>,72,12,[4 6],73,188,200,115,172
1,<environment.Job instance at 0x7f45fade1370>,56,15,[3 5],57,200,215,143,186
1,<environment.Job instance at 0x7f45b779cdc0>,75,12,[5 2],76,188,200,112,187
1,<environment.Job instance at 0x7f45fd8e9af0>,79,14,[6 4],80,200,214,120,189
1,<environment.Job instance at 0x7f45fd8e90f0>,84,18,[3 9],85,215,233,130,207
1,<environment.Job instance at 0x7f45fd8e9c80>,86,12,[6 4],87,233,245,146,216
1,<environment.Job instance at 0x7f45fae7f870>,0,18,[7 1],1,1,19,0,1
1,<environment.Job instance at 0x7f45fd8a1370>,11,14,[9 4],12,19,33,7,17
1,<environment.Job instance at 0x7f45fd8a1460>,24,13,[3 8],25,46,59,21,46
1,<environment.Job instance at 0x7f45faddf640>,6,22,[3 7],7,68,90,61,68
1,<environment.Job instance at 0x7f45b7245d20>,30,12,[4 8],31,90,102,59,74
1,<environment.Job instance at 0x7f45b72458c0>,38,17,[2 5],39,111,128,72,111
1,<environment.Job instance at 0x7f45b7098b40>,47,15,[8 4],48,138,153,90,138
1,<environment.Job instance at 0x7f45fb1d8320>,53,12,[10  3],54,153,165,99,152
1,<environment.Job instance at 0x7f45fb1d8550>,60,25,[9 5],61,168,193,107,168
1,<environment.Job instance at 0x7f45b752f230>,67,15,[5 4],68,193,208,125,184
1,<environment.Job instance at 0x7f45b752faa0>,68,13,[2 8],69,208,221,139,192
1,<environment.Job instance at 0x7f45b752fc30>,71,16,[ 2 10],72,221,237,149,210
1,<environment.Job instance at 0x7f4601f93f50>,0,2,[3 7],1,1,3,0,1
1,<environment.Job instance at 0x7f45fd6e3a50>,2,2,[8 4],3,3,5,0,3
1,<environment.Job instance at 0x7f45fafa1eb0>,3,18,[5 5],4,5,23,1,4
1,<environment.Job instance at 0x7f45fb2b2460>,4,16,[10  2],5,23,39,18,10
1,<environment.Job instance at 0x7f45fafa1a00>,7,3,[5 5],8,11,14,3,11
1,<environment.Job instance at 0x7f45b738d140>,15,14,[5 8],16,39,53,23,27
1,<environment.Job instance at 0x7f45b70ce8c0>,16,14,[5 5],17,53,67,36,38
1,<environment.Job instance at 0x7f45b6fd7d70>,21,13,[6 3],22,67,80,45,54
1,<environment.Job instance at 0x7f45fd84c050>,25,15,[1 9],26,80,95,54,66
1,<environment.Job instance at 0x7f45fd84ca00>,30,3,[1 7],31,67,70,36,67
1,<environment.Job instance at 0x7f45fd84c1e0>,33,13,[7 4],34,95,108,61,79
1,<environment.Job instance at 0x7f45fd83e500>,38,15,[8 5],39,108,123,69,98
1,<environment.Job instance at 0x7f45fd83f140>,39,13,[5 1],40,123,136,83,107
1,<environment.Job instance at 0x7f45b77228c0>,48,1,[9 4],49,136,137,87,129
1,<environment.Job instance at 0x7f45fae6faa0>,57,17,[1 5],58,180,197,122,180
1,<environment.Job instance at 0x7f45b7774dc0>,58,18,[8 4],59,189,207,130,189
1,<environment.Job instance at 0x7f45fd97b4b0>,72,17,[4 5],73,217,234,144,217
1,<environment.Job instance at 0x7f45fd97b820>,74,3,[4 7],75,234,237,159,223
1,<environment.Job instance at 0x7f45fb0c54b0>,76,2,[ 5 10],77,237,239,160,223
1,<environment.Job instance at 0x7f45fb0c5730>,78,3,[ 4 10],79,239,242,160,225
1,<environment.Job instance at 0x7f45b70f8a50>,5,2,[5 5],6,6,8,0,6
1,<environment.Job instance at 0x7f45fd921960>,4,2,[4 5],5,7,9,2,7
1,<environment.Job instance at 0x7f45fb0475a0>,7,3,[2 7],8,9,12,1,8
1,<environment.Job instance at 0x7f45fac5b960>,11,1,[5 3],12,12,13,0,12
1,<environment.Job instance at 0x7f45fb149a50>,9,2,[1 8],10,13,15,3,12
1,<environment.Job instance at 0x7f45fac5b1e0>,12,3,[3 6],13,15,18,2,13
1,<environment.Job instance at 0x7f45fae6f320>,13,13,[10  4],14,18,31,4,14
1,<environment.Job instance at 0x7f45fad1dcd0>,22,3,[2 8],23,38,41,15,38
1,<environment.Job instance at 0x7f45fadc10a0>,3,16,[10  5],4,41,57,37,40
1,<environment.Job instance at 0x7f45fd7ad7d0>,27,3,[6 2],28,57,60,29,46
1,<environment.Job instance at 0x7f45fd409af0>,31,15,[4 5],32,57,72,25,46
1,<environment.Job instance at 0x7f45b775cbe0>,32,16,[10  5],33,72,88,39,59
1,<environment.Job instance at 0x7f45fd3cab40>,39,17,[6 4],40,88,105,48,77
1,<environment.Job instance at 0x7f45b76f3370>,40,14,[3 9],41,105,119,64,90
1,<environment.Job instance at 0x7f45b77252d0>,47,13,[5 5],48,119,132,71,103
1,<environment.Job instance at 0x7f45fb07f780>,55,16,[5 2],56,119,135,63,108
1,<environment.Job instance at 0x7f45b747f5a0>,64,17,[4 9],65,135,152,70,124
1,<environment.Job instance at 0x7f45b747f0f0>,69,18,[9 4],70,152,170,82,141
1,<environment.Job instance at 0x7f45b744b820>,89,18,[ 3 10],90,198,216,108,198
1,<environment.Job instance at 0x7f45fd3ca1e0>,0,14,[2 6],1,1,15,0,1
1,<environment.Job instance at 0x7f45b6e0daf0>,4,12,[9 4],5,15,27,10,5
1,<environment.Job instance at 0x7f45b6ddd050>,16,13,[4 6],17,27,40,10,27
1,<environment.Job instance at 0x7f45b6dddd20>,17,18,[6 1],18,27,45,9,27
1,<environment.Job instance at 0x7f45b6ddd690>,21,12,[ 5 10],22,45,57,23,30
1,<environment.Job instance at 0x7f45b6dddcd0>,22,15,[4 7],23,57,72,34,43
1,<environment.Job instance at 0x7f45fd880af0>,33,12,[5 5],34,72,84,38,55
1,<environment.Job instance at 0x7f45fb0d5f00>,3,15,[1 5],4,72,87,68,69
1,<environment.Job instance at 0x7f45fd880e10>,39,13,[8 2],40,84,97,44,71
1,<environment.Job instance at 0x7f45fd880a00>,44,15,[9 3],45,97,112,52,85
1,<environment.Job instance at 0x7f45fd91e780>,8,17,[9 3],9,112,129,103,100
1,<environment.Job instance at 0x7f45b7247280>,6,15,[4 7],7,129,144,122,122
1,<environment.Job instance at 0x7f45fd8a90a0>,58,12,[4 5],59,144,156,85,127
1,<environment.Job instance at 0x7f45fd8a9190>,62,16,[7 2],63,156,172,93,143
1,<environment.Job instance at 0x7f45b6f76960>,67,18,[2 7],68,156,174,88,154
1,<environment.Job instance at 0x7f45b6f76d20>,69,15,[8 5],70,174,189,104,160
1,<environment.Job instance at 0x7f45b6f769b0>,75,14,[7 4],76,189,203,113,185
1,<environment.Job instance at 0x7f45b6f76b90>,79,14,[6 4],80,211,225,131,211
1,<environment.Job instance at 0x7f45fd91ee10>,0,3,[4 7],1,1,4,0,1
1,<environment.Job instance at 0x7f45b7627f00>,1,3,[5 8],2,4,7,2,2
1,<environment.Job instance at 0x7f45fb13c9b0>,6,15,[9 4],7,7,22,0,7
1,<environment.Job instance at 0x7f45b76bc550>,10,17,[8 5],11,22,39,11,11
1,<environment.Job instance at 0x7f45b76bc500>,15,14,[7 2],16,39,53,23,24
1,<environment.Job instance at 0x7f45fd7c44b0>,23,17,[10  4],24,53,70,29,46
1,<environment.Job instance at 0x7f45fd7aee60>,28,1,[5 7],29,70,71,41,67
1,<environment.Job instance at 0x7f45b74e7b40>,8,25,[3 6],9,76,101,67,76
1,<environment.Job instance at 0x7f45fd7bdd70>,40,13,[4 5],41,101,114,60,93
1,<environment.Job instance at 0x7f45fd7bd320>,41,15,[5 5],42,101,116,59,96
1,<environment.Job instance at 0x7f45fd7bfbe0>,43,14,[5 2],44,114,128,70,101
1,<environment.Job instance at 0x7f45fd7d5690>,38,17,[7 2],39,128,145,89,116
1,<environment.Job instance at 0x7f45b71a5370>,57,17,[3 5],58,120,137,62,120
1,<environment.Job instance at 0x7f45fb12f4b0>,60,13,[4 7],61,145,158,84,131
1,<environment.Job instance at 0x7f45fb133820>,66,2,[6 4],67,158,160,91,143
1,<environment.Job instance at 0x7f45fb133280>,67,18,[3 6],68,158,176,90,147
1,<environment.Job instance at 0x7f45fb133550>,73,17,[6 1],74,160,177,86,155
1,<environment.Job instance at 0x7f45fb15d230>,80,12,[9 1],81,177,189,96,177
1,<environment.Job instance at 0x7f45fac801e0>,88,17,[2 8],89,208,225,119,208
1,<environment.Job instance at 0x7f45fac6d780>,0,12,[8 1],1,1,13,0,1
1,<environment.Job instance at 0x7f45b6e806e0>,3,12,[6 4],4,13,25,9,4
1,<environment.Job instance at 0x7f45fdac2b90>,7,16,[6 1],8,25,41,17,12
1,<environment.Job instance at 0x7f45fdae6dc0>,12,15,[4 8],13,25,40,12,13
1,<environment.Job instance at 0x7f45fabf7e60>,18,16,[10  5],19,41,57,22,28
1,<environment.Job instance at 0x7f45fadb1050>,32,17,[5 3],33,61,78,28,61
1,<environment.Job instance at 0x7f45b74fa820>,42,12,[2 7],43,80,92,37,80
1,<environment.Job instance at 0x7f45b74fafa0>,44,18,[5 8],45,92,110,47,83
1,<environment.Job instance at 0x7f45fd7f7e10>,47,14,[ 4 10],48,110,124,62,101
1,<environment.Job instance at 0x7f45fb033c80>,56,12,[8 5],57,124,136,67,107
1,<environment.Job instance at 0x7f45fb033550>,62,14,[8 4],63,136,150,73,125
1,<environment.Job instance at 0x7f45fd83d3c0>,65,12,[5 5],66,150,162,84,134
1,<environment.Job instance at 0x7f45fd3ad550>,72,14,[6 4],73,164,178,91,164
1,<environment.Job instance at 0x7f45fd3adc30>,74,17,[9 3],75,179,196,104,179
1,<environment.Job instance at 0x7f45fac721e0>,78,12,[4 6],79,196,208,117,183
1,<environment.Job instance at 0x7f45fac72eb0>,80,13,[5 7],81,208,221,127,196
1,<environment.Job instance at 0x7f45fac72d20>,81,17,[ 5 10],82,221,238,139,209
1,<environment.Job instance at 0x7f45b6e72780>,88,2,[4 7],89,238,240,149,214
1,<environment.Job instance at 0x7f45b6e39780>,0,13,[9 1],1,1,14,0,1
1,<environment.Job instance at 0x7f45fd715190>,1,2,[7 2],2,14,16,12,2
1,<environment.Job instance at 0x7f45fd715960>,2,13,[2 5],3,14,27,11,3
1,<environment.Job instance at 0x7f45faf9fbe0>,4,2,[1 5],5,5,7,0,5
1,<environment.Job instance at 0x7f45faf9fdc0>,10,18,[7 5],11,16,34,5,11
1,<environment.Job instance at 0x7f45faf9f960>,17,13,[2 9],18,34,47,16,24
1,<environment.Job instance at 0x7f45faf9f190>,21,18,[6 5],22,47,65,25,37
1,<environment.Job instance at 0x7f45b6e99370>,27,1,[1 5],28,56,57,28,56
1,<environment.Job instance at 0x7f45b6e99550>,31,18,[ 5 10],32,65,83,33,56
1,<environment.Job instance at 0x7f45b6e99e60>,39,14,[8 2],40,83,97,43,68
1,<environment.Job instance at 0x7f45b6dea8c0>,41,14,[2 5],42,83,97,41,68
1,<environment.Job instance at 0x7f45b6dea410>,43,17,[ 1 10],44,97,114,53,85
1,<environment.Job instance at 0x7f45b6deae10>,47,13,[3 5],48,114,127,66,98
1,<environment.Job instance at 0x7f45b6dea7d0>,45,15,[6 2],46,114,129,68,105
1,<environment.Job instance at 0x7f45b6dea5f0>,55,16,[9 5],56,129,145,73,116
1,<environment.Job instance at 0x7f45b6dea280>,56,18,[6 5],57,145,163,88,135
1,<environment.Job instance at 0x7f45b70930f0>,67,16,[2 5],68,145,161,77,135
1,<environment.Job instance at 0x7f45b7093d20>,70,13,[7 3],71,163,176,92,147
1,<environment.Job instance at 0x7f45fad45410>,81,3,[6 4],82,176,179,94,167
1,<environment.Job instance at 0x7f45fad45b90>,84,3,[5 6],85,179,182,94,167
1,<environment.Job instance at 0x7f45faf9f4b0>,14,12,[ 5 10],15,191,203,176,191
1,<environment.Job instance at 0x7f45fad454b0>,89,2,[2 7],90,203,205,113,191
1,<environment.Job instance at 0x7f45fad45a00>,88,2,[1 8],89,205,207,116,192
1,<environment.Job instance at 0x7f45b6e39dc0>,0,3,[9 4],1,1,4,0,1
1,<environment.Job instance at 0x7f45fd715be0>,2,3,[4 9],3,4,7,1,3
1,<environment.Job instance at 0x7f45faf9ff50>,3,15,[ 5 10],4,7,22,3,4
1,<environment.Job instance at 0x7f45fd8529b0>,6,2,[3 8],7,22,24,15,11
1,<environment.Job instance at 0x7f45fd7cd780>,12,18,[6 5],13,24,42,11,14
1,<environment.Job instance at 0x7f45b6d6c820>,18,14,[5 7],19,42,56,23,36
1,<environment.Job instance at 0x7f45b6dff140>,21,16,[7 1],22,56,72,34,43
1,<environment.Job instance at 0x7f45fd51cb90>,27,12,[10  4],28,72,84,44,57
1,<environment.Job instance at 0x7f45b759f230>,30,12,[4 7],31,84,96,53,72
1,<environment.Job instance at 0x7f45b6d6c690>,14,16,[9 5],15,100,116,85,100
1,<environment.Job instance at 0x7f45facde050>,43,12,[1 5],44,108,120,64,108
1,<environment.Job instance at 0x7f45facde9b0>,44,15,[5 9],45,120,135,75,110
1,<environment.Job instance at 0x7f45fd8658c0>,46,17,[7 1],47,135,152,88,123
1,<environment.Job instance at 0x7f45fd865f00>,53,17,[2 7],54,137,154,83,137
1,<environment.Job instance at 0x7f45fd854c30>,56,17,[ 2 10],57,154,171,97,150
1,<environment.Job instance at 0x7f45fd854aa0>,60,14,[7 4],61,171,185,110,156
1,<environment.Job instance at 0x7f45fd854690>,58,14,[3 5],59,171,185,112,166
1,<environment.Job instance at 0x7f45fd8543c0>,64,14,[7 5],65,185,199,120,170
1,<environment.Job instance at 0x7f45fd831870>,69,14,[ 2 10],70,199,213,129,191
1,<environment.Job instance at 0x7f45fad104b0>,39,17,[9 1],40,213,230,173,202
1,<environment.Job instance at 0x7f45fd8595f0>,77,14,[5 4],78,230,244,152,218
1,<environment.Job instance at 0x7f0a67660190>,0,17,[6 1],1,2,19,1,2
1,<environment.Job instance at 0x7f0a66501320>,4,13,[3 6],5,5,18,0,5
1,<environment.Job instance at 0x7f0a66501690>,7,14,[7 5],8,19,33,11,8
1,<environment.Job instance at 0x7f0a66501e60>,15,3,[2 8],16,33,36,17,22
1,<environment.Job instance at 0x7f0a66501fa0>,17,12,[5 1],18,33,45,15,25
1,<environment.Job instance at 0x7f0a665052d0>,22,12,[3 8],23,51,63,28,51
1,<environment.Job instance at 0x7f0a66505500>,24,2,[4 6],25,63,65,38,51
1,<environment.Job instance at 0x7f0a66505780>,25,2,[5 7],26,65,67,39,51
1,<environment.Job instance at 0x7f0a66505820>,26,12,[8 5],27,67,79,40,51
1,<environment.Job instance at 0x7f0a665058c0>,27,17,[4 6],28,79,96,51,69
1,<environment.Job instance at 0x7f0a66505910>,34,14,[1 9],35,97,111,62,97
1,<environment.Job instance at 0x7f0a66505c30>,37,14,[5 8],38,111,125,73,101
1,<environment.Job instance at 0x7f0a66505d70>,35,16,[1 9],36,125,141,89,116
1,<environment.Job instance at 0x7f0a66501dc0>,14,21,[8 1],15,125,146,110,124
1,<environment.Job instance at 0x7f0a66502cd0>,55,12,[2 6],56,145,157,89,145
1,<environment.Job instance at 0x7f0a6650a5a0>,62,14,[4 9],63,157,171,94,155
1,<environment.Job instance at 0x7f0a6650a370>,63,12,[5 3],64,171,183,107,155
1,<environment.Job instance at 0x7f0a6650a7d0>,68,14,[6 4],69,183,197,114,168
1,<environment.Job instance at 0x7f0a6650aeb0>,77,16,[8 1],78,197,213,119,185
1,<environment.Job instance at 0x7f0a66508410>,83,18,[ 3 10],84,213,231,129,205
1,<environment.Job instance at 0x7f0a665085f0>,86,3,[6 3],87,231,234,144,209
1,<environment.Job instance at 0x7f0a66510910>,0,12,[5 1],1,1,13,0,1
1,<environment.Job instance at 0x7f0a6651a500>,6,12,[1 6],7,9,21,2,9
1,<environment.Job instance at 0x7f0a6651a820>,9,2,[ 4 10],10,21,23,11,11
1,<environment.Job instance at 0x7f0a1c64ebe0>,11,12,[5 4],12,23,35,11,12
1,<environment.Job instance at 0x7f0a1c64cfa0>,17,3,[5 6],18,23,26,5,20
1,<environment.Job instance at 0x7f0a1c64c190>,21,13,[5 7],22,35,48,13,31
1,<environment.Job instance at 0x7f0a1c650370>,25,17,[5 1],26,42,59,16,42
1,<environment.Job instance at 0x7f0a1c650eb0>,27,16,[8 4],28,59,75,31,47
1,<environment.Job instance at 0x7f0a6651ab40>,10,24,[1 5],11,58,82,47,58
1,<environment.Job instance at 0x7f0a1c645780>,39,1,[5 3],40,80,81,40,80
1,<environment.Job instance at 0x7f0a1c6a2690>,47,2,[5 3],48,124,126,76,124
1,<environment.Job instance at 0x7f0a1c667140>,53,14,[5 9],54,147,161,93,147
1,<environment.Job instance at 0x7f0a1c785e10>,56,16,[6 5],57,166,182,109,166
1,<environment.Job instance at 0x7f0a1c792280>,61,17,[3 6],62,195,212,133,195
1,<environment.Job instance at 0x7f0a1c73bc80>,64,16,[5 6],65,212,228,147,201
1,<environment.Job instance at 0x7f0a66519be0>,0,1,[7 2],1,1,2,0,1
1,<environment.Job instance at 0x7f0a665190f0>,3,17,[7 4],4,4,21,0,4
1,<environment.Job instance at 0x7f0a1c4c79b0>,19,18,[5 6],20,40,58,20,40
1,<environment.Job instance at 0x7f0a1c49aaf0>,20,16,[8 3],21,58,74,37,47
1,<environment.Job instance at 0x7f0a66364690>,33,12,[2 7],34,96,108,62,96
1,<environment.Job instance at 0x7f0a662e8b90>,37,3,[9 3],38,108,111,70,98
1,<environment.Job instance at 0x7f0a66392c30>,39,15,[ 2 10],40,111,126,71,100
1,<environment.Job instance at 0x7f0a1c57ac80>,42,17,[5 9],43,126,143,83,114
1,<environment.Job instance at 0x7f0a1c514f50>,54,16,[5 2],55,143,159,88,131
1,<environment.Job instance at 0x7f0a1c514aa0>,61,3,[6 1],62,162,165,100,162
1,<environment.Job instance at 0x7f0a1c514730>,62,2,[5 3],63,165,167,102,162
1,<environment.Job instance at 0x7f0a1c514870>,63,3,[4 6],64,162,165,98,162
1,<environment.Job instance at 0x7f0a1c5148c0>,64,14,[3 8],65,169,183,104,169
1,<environment.Job instance at 0x7f0a1c514b90>,65,13,[9 1],66,183,196,117,172
1,<environment.Job instance at 0x7f0a1c5146e0>,66,18,[8 3],67,196,214,129,185
1,<environment.Job instance at 0x7f0a1c512c80>,76,2,[2 7],77,208,210,131,208
1,<environment.Job instance at 0x7f0a663210f0>,0,13,[5 5],1,1,14,0,1
1,<environment.Job instance at 0x7f0a675625f0>,7,13,[3 7],8,14,27,6,8
1,<environment.Job instance at 0x7f0a66bb1f00>,8,15,[2 9],9,27,42,18,13
1,<environment.Job instance at 0x7f0a665bd230>,15,13,[6 3],16,42,55,26,26
1,<environment.Job instance at 0x7f0a66558640>,31,15,[7 1],32,55,70,23,53
1,<environment.Job instance at 0x7f0a66977410>,40,15,[2 5],41,71,86,30,71
1,<environment.Job instance at 0x7f0a66671960>,37,18,[8 2],38,73,91,35,73
1,<environment.Job instance at 0x7f0a66977fa0>,43,14,[9 3],44,91,105,47,80
1,<environment.Job instance at 0x7f0a66977910>,47,16,[7 2],48,105,121,57,92
1,<environment.Job instance at 0x7f0a1c499e10>,35,12,[4 5],36,121,133,85,108
1,<environment.Job instance at 0x7f0a665745a0>,53,16,[6 5],54,121,137,67,108
1,<environment.Job instance at 0x7f0a66bb94b0>,61,15,[8 1],62,148,163,86,148
1,<environment.Job instance at 0x7f0a66bb9370>,62,13,[1 5],63,148,161,85,148
1,<environment.Job instance at 0x7f0a1c499c80>,36,2,[ 3 10],37,163,165,126,150
1,<environment.Job instance at 0x7f0a66977aa0>,42,17,[4 5],43,165,182,122,156
1,<environment.Job instance at 0x7f0a666baaa0>,66,18,[ 5 10],67,182,200,115,173
1,<environment.Job instance at 0x7f0a6660c780>,82,17,[8 1],83,200,217,117,188
1,<environment.Job instance at 0x7f0a66560500>,85,18,[4 6],86,217,235,131,206
1,<environment.Job instance at 0x7f0a6656baa0>,86,3,[6 3],87,217,220,130,206
1,<environment.Job instance at 0x7f0a1c9536e0>,2,14,[5 1],3,8,22,5,8
1,<environment.Job instance at 0x7f0a6666c5a0>,14,18,[6 2],15,25,43,10,25
1,<environment.Job instance at 0x7f0a6666c730>,17,15,[6 1],18,43,58,25,29
1,<environment.Job instance at 0x7f0a6666c5f0>,18,13,[1 5],19,29,42,10,29
1,<environment.Job instance at 0x7f0a6666c550>,21,14,[3 6],22,42,56,20,36
1,<environment.Job instance at 0x7f0a6636afa0>,26,15,[10  3],27,72,87,45,72
1,<environment.Job instance at 0x7f0a1cade5a0>,29,17,[5 2],30,97,114,67,97
1,<environment.Job instance at 0x7f0a6637e190>,40,17,[5 2],41,103,120,62,103
1,<environment.Job instance at 0x7f0a6637e5f0>,43,1,[1 5],44,114,115,70,112
1,<environment.Job instance at 0x7f0a6637f320>,44,1,[2 8],45,115,116,70,112
1,<environment.Job instance at 0x7f0a6637e0f0>,42,12,[6 2],43,120,132,77,113
1,<environment.Job instance at 0x7f0a6637e2d0>,45,16,[6 2],46,132,148,86,119
1,<environment.Job instance at 0x7f0a6637bdc0>,25,16,[9 2],26,148,164,122,140
1,<environment.Job instance at 0x7f0a6637fbe0>,52,12,[7 2],53,164,176,111,151
1,<environment.Job instance at 0x7f0a6637fd20>,55,13,[5 7],56,176,189,120,168
1,<environment.Job instance at 0x7f0a6638df50>,62,16,[5 4],63,189,205,126,184
1,<environment.Job instance at 0x7f0a6638d870>,63,15,[ 3 10],64,205,220,141,198
1,<environment.Job instance at 0x7f0a66376820>,71,17,[ 4 10],72,220,237,148,214
1,<environment.Job instance at 0x7f0a66b4daa0>,6,17,[2 9],7,7,24,0,7
1,<environment.Job instance at 0x7f0a665f6910>,7,13,[4 7],8,24,37,16,8
1,<environment.Job instance at 0x7f0a1c704870>,13,17,[6 1],14,14,31,0,14
1,<environment.Job instance at 0x7f0a667d5780>,19,18,[5 2],20,32,50,12,32
1,<environment.Job instance at 0x7f0a1c704910>,17,3,[2 7],18,37,40,19,32
1,<environment.Job instance at 0x7f0a66306550>,25,12,[3 7],26,40,52,14,38
1,<environment.Job instance at 0x7f0a66306fa0>,27,16,[2 7],28,52,68,24,40
1,<environment.Job instance at 0x7f0a663060a0>,29,14,[7 2],30,50,64,20,40
1,<environment.Job instance at 0x7f0a66306500>,22,3,[5 7],23,68,71,45,43
1,<environment.Job instance at 0x7f0a1c4aa960>,43,18,[ 2 10],44,97,115,53,97
1,<environment.Job instance at 0x7f0a66b4dd70>,10,16,[10  3],11,122,138,111,122
1,<environment.Job instance at 0x7f0a670adc80>,51,12,[3 9],52,138,150,86,129
1,<environment.Job instance at 0x7f0a670adc30>,58,2,[6 4],59,150,152,91,139
1,<environment.Job instance at 0x7f0a670ad190>,60,12,[3 6],61,150,162,89,139
1,<environment.Job instance at 0x7f0a670adaf0>,64,14,[4 6],65,162,176,97,158
1,<environment.Job instance at 0x7f0a66b5ee10>,67,17,[2 7],68,176,193,108,167
1,<environment.Job instance at 0x7f0a66b5e1e0>,70,15,[6 3],71,167,182,96,167
1,<environment.Job instance at 0x7f0a66b5e0f0>,73,18,[3 7],74,193,211,119,182
1,<environment.Job instance at 0x7f0a66b5e550>,66,15,[3 6],67,211,226,144,199
1,<environment.Job instance at 0x7f0a670ad870>,57,1,[2 8],58,226,227,168,200
1,<environment.Job instance at 0x7f0a66a30be0>,83,13,[5 2],84,206,219,122,206
1,<environment.Job instance at 0x7f0a1cc0faa0>,0,16,[ 2 10],1,1,17,0,1
1,<environment.Job instance at 0x7f0a66eebb40>,6,18,[5 8],7,17,35,10,7
1,<environment.Job instance at 0x7f0a677cf960>,16,1,[1 6],17,35,36,18,24
1,<environment.Job instance at 0x7f0a6717bdc0>,19,17,[1 5],20,51,68,31,51
1,<environment.Job instance at 0x7f0a66ad5460>,22,17,[3 5],23,52,69,29,52
1,<environment.Job instance at 0x7f0a66f2caf0>,8,13,[5 5],9,68,81,59,52
1,<environment.Job instance at 0x7f0a1c8a9a50>,28,13,[8 3],29,81,94,52,67
1,<environment.Job instance at 0x7f0a670e4820>,31,17,[9 4],32,94,111,62,82
1,<environment.Job instance at 0x7f0a66428be0>,42,12,[5 2],43,132,144,89,132
1,<environment.Job instance at 0x7f0a66a00b40>,40,16,[5 4],41,138,154,97,138
1,<environment.Job instance at 0x7f0a1c6aeaf0>,51,15,[5 5],52,152,167,100,152
1,<environment.Job instance at 0x7f0a1c5fbb40>,54,12,[7 1],55,171,183,116,171
1,<environment.Job instance at 0x7f0a1c5fb3c0>,56,13,[8 4],57,183,196,126,171
1,<environment.Job instance at 0x7f0a1c5fbcd0>,58,16,[6 5],59,196,212,137,186
1,<environment.Job instance at 0x7f0a665c3f00>,64,13,[5 7],65,212,225,147,200
1,<environment.Job instance at 0x7f0a664f5f50>,69,12,[1 6],70,225,237,155,216
1,<environment.Job instance at 0x7f0a1c6906e0>,70,18,[6 4],71,225,243,154,217
1,<environment.Job instance at 0x7f0a67257e10>,0,13,[7 3],1,1,14,0,1
1,<environment.Job instance at 0x7f0a1c8a9640>,1,12,[3 8],2,14,26,12,2
1,<environment.Job instance at 0x7f0a665c8a00>,12,3,[8 4],13,26,29,13,24
1,<environment.Job instance at 0x7f0a665c84b0>,13,18,[5 3],14,29,47,15,24
1,<environment.Job instance at 0x7f0a664723c0>,8,16,[1 7],9,29,45,20,25
1,<environment.Job instance at 0x7f0a66d14870>,20,13,[1 6],21,45,58,24,30
1,<environment.Job instance at 0x7f0a1c7df140>,26,18,[5 4],27,47,65,20,36
1,<environment.Job instance at 0x7f0a1c7df8c0>,30,17,[7 1],31,65,82,34,53
1,<environment.Job instance at 0x7f0a1c7df9b0>,32,15,[3 6],33,61,76,28,61
1,<environment.Job instance at 0x7f0a1c7dfa50>,33,3,[2 7],34,76,79,42,61
1,<environment.Job instance at 0x7f0a1c7df5a0>,36,1,[6 4],37,82,83,45,61
1,<environment.Job instance at 0x7f0a66d14140>,16,13,[7 1],17,83,96,66,80
1,<environment.Job instance at 0x7f0a66d14230>,17,26,[3 7],18,83,109,65,80
1,<environment.Job instance at 0x7f0a1c7d92d0>,47,2,[4 9],48,109,111,61,94
1,<environment.Job instance at 0x7f0a1c7d94b0>,50,14,[10  4],51,111,125,60,97
1,<environment.Job instance at 0x7f0a1c7d9af0>,59,18,[8 2],60,125,143,65,114
1,<environment.Job instance at 0x7f0a1c7d9b90>,60,18,[2 8],61,133,151,72,133
1,<environment.Job instance at 0x7f0a1c7fc230>,68,1,[1 9],69,151,152,82,133
1,<environment.Job instance at 0x7f0a1c7fc370>,70,15,[5 8],71,152,167,81,142
1,<environment.Job instance at 0x7f0a1c7fc690>,75,13,[2 6],76,167,180,91,151
1,<environment.Job instance at 0x7f0a1c7fc7d0>,77,1,[1 7],78,180,181,102,152
1,<environment.Job instance at 0x7f0a1c7fceb0>,83,3,[4 7],84,181,184,97,171
1,<environment.Job instance at 0x7f0a1c812230>,85,15,[9 4],86,184,199,98,172
1,<environment.Job instance at 0x7f0a1c812550>,90,15,[4 8],91,199,214,108,186
1,<environment.Job instance at 0x7f0a1c812730>,93,17,[7 4],94,214,231,120,203
1,<environment.Job instance at 0x7f0a1c7f6550>,2,3,[7 5],3,3,6,0,3
1,<environment.Job instance at 0x7f0a1c9e4500>,4,15,[3 8],5,6,21,1,6
1,<environment.Job instance at 0x7f0a6642d5f0>,9,3,[ 4 10],10,21,24,11,10
1,<environment.Job instance at 0x7f0a6642d190>,10,18,[8 5],11,24,42,13,13
1,<environment.Job instance at 0x7f0a665c3730>,13,18,[8 1],14,42,60,28,31
1,<environment.Job instance at 0x7f0a667ef9b0>,27,3,[ 5 10],28,60,63,32,51
1,<environment.Job instance at 0x7f0a1ca275f0>,30,18,[7 3],31,64,82,33,64
1,<environment.Job instance at 0x7f0a1c51e820>,37,15,[6 4],38,82,97,44,73
1,<environment.Job instance at 0x7f0a1c9fc0a0>,38,17,[3 8],39,97,114,58,85
1,<environment.Job instance at 0x7f0a66bc67d0>,48,3,[1 9],49,126,129,77,126
1,<environment.Job instance at 0x7f0a66342f50>,50,17,[10  1],51,129,146,78,126
1,<environment.Job instance at 0x7f0a66342410>,52,13,[9 1],53,146,159,93,130
1,<environment.Job instance at 0x7f0a666ad0a0>,62,18,[4 7],63,172,190,109,172
1,<environment.Job instance at 0x7f0a666ad870>,65,17,[9 3],66,190,207,124,178
1,<environment.Job instance at 0x7f0a66c5f730>,82,13,[7 3],83,207,220,124,203
1,<environment.Job instance at 0x7f0a66c5fc80>,1,17,[5 6],2,2,19,0,2
1,<environment.Job instance at 0x7f0a1cc0f0a0>,4,12,[4 9],5,19,31,14,8
1,<environment.Job instance at 0x7f0a6700eaf0>,8,15,[10  2],9,31,46,22,17
1,<environment.Job instance at 0x7f0a1c99c190>,16,13,[8 3],17,46,59,29,30
1,<environment.Job instance at 0x7f0a677d2c80>,12,15,[1 7],13,46,61,33,42
1,<environment.Job instance at 0x7f0a1c5ee4b0>,18,15,[8 2],19,59,74,40,45
1,<environment.Job instance at 0x7f0a66be9320>,24,16,[1 8],25,61,77,36,48
1,<environment.Job instance at 0x7f0a1c94d280>,33,18,[8 1],34,85,103,51,85
1,<environment.Job instance at 0x7f0a1c7f9af0>,35,12,[10  3],36,103,115,67,86
1,<environment.Job instance at 0x7f0a1c7f9230>,40,18,[5 7],41,115,133,74,104
1,<environment.Job instance at 0x7f0a671c26e0>,44,15,[6 4],45,133,148,88,119
1,<environment.Job instance at 0x7f0a671c24b0>,47,3,[ 1 10],48,148,151,100,130
1,<environment.Job instance at 0x7f0a66753690>,54,14,[10  5],55,151,165,96,147
1,<environment.Job instance at 0x7f0a1c5f5f50>,60,1,[1 6],61,165,166,104,164
1,<environment.Job instance at 0x7f0a1c5f5410>,61,17,[10  3],62,166,183,104,166
1,<environment.Job instance at 0x7f0a1cb29410>,63,12,[9 4],64,183,195,119,174
1,<environment.Job instance at 0x7f0a1c8bbbe0>,76,17,[2 7],77,206,223,129,206
1,<environment.Job instance at 0x7f0a1c5f8640>,0,14,[5 7],1,1,15,0,1
1,<environment.Job instance at 0x7f0a1c8665f0>,10,15,[9 2],11,15,30,4,11
1,<environment.Job instance at 0x7f0a66c90640>,11,12,[7 1],12,30,42,18,13
1,<environment.Job instance at 0x7f0a66c904b0>,14,13,[1 9],15,30,43,15,15
1,<environment.Job instance at 0x7f0a1ca595a0>,21,17,[3 7],22,43,60,21,31
1,<environment.Job instance at 0x7f0a1ca59d20>,31,13,[5 2],32,60,73,28,60
1,<environment.Job instance at 0x7f0a1ca59fa0>,32,14,[9 2],33,73,87,40,60
1,<environment.Job instance at 0x7f0a1ca59aa0>,35,16,[5 1],36,87,103,51,74
1,<environment.Job instance at 0x7f0a1ca857d0>,42,14,[7 1],43,103,117,60,88
1,<environment.Job instance at 0x7f0a1ca85730>,43,17,[3 7],44,88,105,44,88
1,<environment.Job instance at 0x7f0a1ca59550>,20,15,[2 8],21,105,120,84,102
1,<environment.Job instance at 0x7f0a1ca85f00>,53,14,[ 4 10],54,120,134,66,119
1,<environment.Job instance at 0x7f0a1ca85aa0>,55,13,[10  4],56,134,147,78,122
1,<environment.Job instance at 0x7f0a1ca859b0>,57,17,[9 1],58,147,164,89,135
1,<environment.Job instance at 0x7f0a1ca80780>,67,15,[2 5],68,164,179,96,155
1,<environment.Job instance at 0x7f0a1ca808c0>,69,3,[6 3],70,164,167,94,155
1,<environment.Job instance at 0x7f0a1ca80960>,70,12,[8 4],71,167,179,96,155
1,<environment.Job instance at 0x7f0a1ca80a00>,71,14,[ 2 10],72,179,193,107,165
1,<environment.Job instance at 0x7f0a1ca80eb0>,74,12,[7 5],75,193,205,118,177
1,<environment.Job instance at 0x7f0a1ca7f0a0>,80,2,[5 2],81,205,207,124,178
1,<environment.Job instance at 0x7f0a1ca7f500>,81,2,[1 7],82,205,207,123,178
1,<environment.Job instance at 0x7f0a1ca7f730>,85,18,[4 5],86,207,225,121,196
1,<environment.Job instance at 0x7f0a1ca7f9b0>,88,14,[9 3],89,225,239,136,210
1,<environment.Job instance at 0x7f0a669cda50>,0,3,[1 5],1,1,4,0,1
1,<environment.Job instance at 0x7f0a1c653410>,1,16,[3 9],2,4,20,2,2
1,<environment.Job instance at 0x7f0a1ca59140>,2,12,[7 5],3,20,32,17,3
1,<environment.Job instance at 0x7f0a6683f690>,5,14,[6 4],6,32,46,26,21
1,<environment.Job instance at 0x7f0a1caa6500>,22,14,[4 6],23,41,55,18,41
1,<environment.Job instance at 0x7f0a1caa67d0>,24,1,[6 3],25,56,57,31,56
1,<environment.Job instance at 0x7f0a66c70c30>,27,19,[6 3],28,57,76,29,57
1,<environment.Job instance at 0x7f0a66c70370>,32,18,[6 5],33,76,94,43,65
1,<environment.Job instance at 0x7f0a6719a2d0>,39,14,[3 7],40,96,110,56,96
1,<environment.Job instance at 0x7f0a6719acd0>,43,12,[2 8],44,110,122,66,103
1,<environment.Job instance at 0x7f0a1caa6cd0>,13,28,[6 1],14,108,136,94,108
1,<environment.Job instance at 0x7f0a1c425140>,53,1,[1 6],54,130,131,76,130
1,<environment.Job instance at 0x7f0a1c425460>,54,13,[3 8],55,131,144,76,130
1,<environment.Job instance at 0x7f0a66613140>,57,16,[2 6],58,144,160,86,132
1,<environment.Job instance at 0x7f0a67199460>,58,17,[7 4],59,144,161,85,132
1,<environment.Job instance at 0x7f0a6719a460>,41,14,[9 4],42,161,175,119,146
1,<environment.Job instance at 0x7f0a665cf280>,74,18,[2 9],75,180,198,105,180
1,<environment.Job instance at 0x7f0a66adff00>,79,15,[2 8],80,209,224,129,209
1,<environment.Job instance at 0x7f0a6637f690>,83,12,[10  3],84,224,236,140,217
1,<environment.Job instance at 0x7f0a1c6b29b0>,1,2,[8 3],2,2,4,0,2
1,<environment.Job instance at 0x7f0a1ca7f7d0>,2,13,[3 9],3,4,17,1,3
1,<environment.Job instance at 0x7f0a67562640>,4,3,[5 2],5,17,20,12,5
1,<environment.Job instance at 0x7f0a66bcb6e0>,11,16,[5 4],12,17,33,5,12
1,<environment.Job instance at 0x7f0a665aae10>,19,13,[3 8],20,33,46,13,22
1,<environment.Job instance at 0x7f0a66bcb280>,16,3,[4 6],17,22,25,5,22
1,<environment.Job instance at 0x7f0a1c60ca50>,23,18,[5 5],24,46,64,22,35
1,<environment.Job instance at 0x7f0a67562460>,6,3,[5 8],7,64,67,57,44
1,<environment.Job instance at 0x7f0a1c60cd20>,29,13,[4 7],30,67,80,37,51
1,<environment.Job instance at 0x7f0a1c8f4280>,14,3,[6 5],15,80,83,65,55
1,<environment.Job instance at 0x7f0a66bcbaa0>,15,13,[6 3],16,67,80,51,58
1,<environment.Job instance at 0x7f0a1c60cb40>,35,14,[5 8],36,83,97,47,69
1,<environment.Job instance at 0x7f0a677cdb40>,36,14,[5 5],37,97,111,60,82
1,<environment.Job instance at 0x7f0a677cd550>,42,3,[3 5],43,97,100,54,87
1,<environment.Job instance at 0x7f0a6635cb90>,46,18,[1 8],47,111,129,64,100
1,<environment.Job instance at 0x7f0a6635caa0>,55,15,[7 2],56,111,126,55,109
1,<environment.Job instance at 0x7f0a6635c050>,59,13,[5 1],60,130,143,70,130
1,<environment.Job instance at 0x7f0a66432f00>,62,16,[5 6],63,147,163,84,147
1,<environment.Job instance at 0x7f0a664320a0>,63,3,[ 3 10],64,163,166,99,157
1,<environment.Job instance at 0x7f0a66f362d0>,69,2,[7 2],70,166,168,96,158
1,<environment.Job instance at 0x7f0a66f366e0>,71,17,[6 1],72,168,185,96,158
1,<environment.Job instance at 0x7f0a66f36fa0>,77,17,[1 5],78,181,198,103,181
1,<environment.Job instance at 0x7f0a673e7eb0>,78,18,[8 4],79,187,205,108,187
1,<environment.Job instance at 0x7f0a673e7910>,80,16,[5 2],81,205,221,124,192
1,<environment.Job instance at 0x7f0a1ca59e60>,0,16,[7 5],1,1,17,0,1
1,<environment.Job instance at 0x7f0a1ca590f0>,6,15,[6 4],7,17,32,10,7
1,<environment.Job instance at 0x7f0a1c289eb0>,9,18,[1 5],10,10,28,0,10
1,<environment.Job instance at 0x7f0a66575140>,16,17,[7 1],17,32,49,15,21
1,<environment.Job instance at 0x7f0a1c8b70a0>,27,12,[8 1],28,49,61,21,32
1,<environment.Job instance at 0x7f0a1c8a5690>,34,14,[ 1 10],35,75,89,40,75
1,<environment.Job instance at 0x7f0a1c8a5820>,35,14,[4 5],36,89,103,53,75
1,<environment.Job instance at 0x7f0a1c8a5af0>,37,3,[6 2],38,89,92,51,76
1,<environment.Job instance at 0x7f0a668ebb90>,39,12,[7 5],40,103,115,63,86
1,<environment.Job instance at 0x7f0a1c7bf960>,44,13,[6 3],45,115,128,70,99
1,<environment.Job instance at 0x7f0a1c4b4b90>,49,17,[6 4],50,128,145,78,116
1,<environment.Job instance at 0x7f0a1c83dc80>,54,3,[4 7],55,145,148,90,128
1,<environment.Job instance at 0x7f0a1c4d1b90>,56,16,[7 1],57,148,164,91,135
1,<environment.Job instance at 0x7f0a665eecd0>,57,13,[5 5],58,164,177,106,148
1,<environment.Job instance at 0x7f0a665ed190>,59,15,[7 2],60,177,192,117,163
1,<environment.Job instance at 0x7f0a664857d0>,70,14,[3 8],71,177,191,106,163
1,<environment.Job instance at 0x7f0a66485a50>,71,16,[6 5],72,192,208,120,188
1,<environment.Job instance at 0x7f0a6647e730>,79,18,[9 4],80,208,226,128,197
1,<environment.Job instance at 0x7f0a1c92a9b0>,74,17,[4 9],75,226,243,151,214
1,<environment.Job instance at 0x7f0a667cb230>,0,14,[2 6],1,1,15,0,1
1,<environment.Job instance at 0x7f0a668b12d0>,1,3,[7 5],2,15,18,13,2
1,<environment.Job instance at 0x7f0a1c3bd190>,3,15,[1 5],4,15,30,11,4
1,<environment.Job instance at 0x7f0a1ca7f0f0>,4,12,[9 4],5,18,30,13,5
1,<environment.Job instance at 0x7f0a1ca97280>,10,14,[10  1],11,30,44,19,17
1,<environment.Job instance at 0x7f0a66bb7b90>,21,12,[ 5 10],22,44,56,22,30
1,<environment.Job instance at 0x7f0a66bb7d20>,23,14,[9 2],24,56,70,32,52
1,<environment.Job instance at 0x7f0a67688730>,25,2,[6 1],26,70,72,44,56
1,<environment.Job instance at 0x7f0a1c69fc30>,30,13,[4 7],31,70,83,39,57
1,<environment.Job instance at 0x7f0a666ac500>,33,12,[5 5],34,83,95,49,66
1,<environment.Job instance at 0x7f0a1caf6370>,37,17,[1 8],38,95,112,57,83
1,<environment.Job instance at 0x7f0a1c474fa0>,42,14,[5 6],43,112,126,69,99
1,<environment.Job instance at 0x7f0a1c474c80>,46,17,[ 2 10],47,126,143,79,114
1,<environment.Job instance at 0x7f0a1c474410>,50,2,[5 6],51,143,145,92,117
1,<environment.Job instance at 0x7f0a1c474280>,53,3,[3 7],54,145,148,91,123
1,<environment.Job instance at 0x7f0a1c474eb0>,55,13,[7 3],56,145,158,89,131
1,<environment.Job instance at 0x7f0a667cedc0>,58,12,[4 5],59,158,170,99,141
1,<environment.Job instance at 0x7f0a667ce410>,62,16,[7 2],63,170,186,107,157
1,<environment.Job instance at 0x7f0a665bce10>,69,15,[8 5],70,186,201,116,181
1,<environment.Job instance at 0x7f0a66cb0e10>,67,18,[2 7],68,205,223,137,205
1,<environment.Job instance at 0x7f0a1c3202d0>,0,17,[8 5],1,1,18,0,1
1,<environment.Job instance at 0x7f0a1c6b0a50>,4,12,[6 3],5,18,30,13,5
1,<environment.Job instance at 0x7f0a1c428910>,8,15,[5 5],9,30,45,21,16
1,<environment.Job instance at 0x7f0a1c8fccd0>,20,16,[10  1],21,45,61,24,34
1,<environment.Job instance at 0x7f0a1c8fc690>,26,1,[6 4],27,61,62,34,55
1,<environment.Job instance at 0x7f0a1c8fc780>,21,18,[3 7],22,62,80,40,56
1,<environment.Job instance at 0x7f0a1c8fcd20>,28,17,[7 2],29,62,79,33,56
1,<environment.Job instance at 0x7f0a1c8fc190>,30,13,[4 5],31,80,93,49,64
1,<environment.Job instance at 0x7f0a66feec30>,31,15,[5 5],32,80,95,48,67
1,<environment.Job instance at 0x7f0a66feefa0>,37,14,[3 8],38,95,109,57,80
1,<environment.Job instance at 0x7f0a66feeaa0>,41,12,[ 5 10],42,109,121,67,92
1,<environment.Job instance at 0x7f0a670892d0>,50,13,[4 7],51,121,134,70,105
1,<environment.Job instance at 0x7f0a67089690>,57,18,[3 6],58,134,152,76,123
1,<environment.Job instance at 0x7f0a668d9960>,70,12,[9 1],71,152,164,81,149
1,<environment.Job instance at 0x7f0a6663d460>,74,18,[2 6],75,164,182,89,164
1,<environment.Job instance at 0x7f0a1ca85aa0>,84,3,[ 2 10],85,202,205,117,202
1,<environment.Job instance at 0x7f0a1ca85370>,95,13,[4 8],96,205,218,109,205
1,<environment.Job instance at 0x7f0a1c2897d0>,0,13,[10  5],1,1,14,0,1
1,<environment.Job instance at 0x7f0a1c6b05f0>,5,18,[10  1],6,14,32,8,11
1,<environment.Job instance at 0x7f0a666050f0>,24,18,[5 8],25,47,65,22,47
1,<environment.Job instance at 0x7f0a665fbaf0>,29,16,[3 7],30,65,81,35,53
1,<environment.Job instance at 0x7f0a66620c30>,19,12,[5 1],20,54,66,34,54
1,<environment.Job instance at 0x7f0a665fb190>,35,12,[5 5],36,81,93,45,66
1,<environment.Job instance at 0x7f0a66633190>,39,15,[10  1],40,93,108,53,80
1,<environment.Job instance at 0x7f0a66ff4820>,42,14,[8 4],43,108,122,65,93
1,<environment.Job instance at 0x7f0a66633e60>,40,18,[8 5],41,122,140,81,113
1,<environment.Job instance at 0x7f0a669b3640>,59,14,[7 4],60,140,154,80,140
1,<environment.Job instance at 0x7f0a669a53c0>,62,17,[6 5],63,155,172,92,155
1,<environment.Job instance at 0x7f0a1c227d20>,63,14,[1 7],64,172,186,108,157
1,<environment.Job instance at 0x7f0a1cba72d0>,70,16,[4 9],71,186,202,115,174
1,<environment.Job instance at 0x7f0a1cba7f00>,76,15,[2 9],77,202,217,125,188
1,<environment.Job instance at 0x7f0a1cbd6eb0>,82,18,[5 7],83,217,235,134,206
1,<environment.Job instance at 0x7f0a1c953280>,0,2,[2 7],1,1,3,0,1
1,<environment.Job instance at 0x7f0a6663d4b0>,3,18,[2 7],4,4,22,0,4
1,<environment.Job instance at 0x7f0a1cbcec30>,4,3,[9 2],5,22,25,17,5
1,<environment.Job instance at 0x7f0a1c7b05a0>,9,14,[8 2],10,25,39,15,10
1,<environment.Job instance at 0x7f0a1ca32050>,11,14,[2 5],12,25,39,13,12
1,<environment.Job instance at 0x7f0a1c50bb90>,18,12,[9 5],19,39,51,20,27
1,<environment.Job instance at 0x7f0a67558050>,22,15,[7 5],23,51,66,28,39
1,<environment.Job instance at 0x7f0a673ed780>,36,15,[8 4],37,66,81,29,57
1,<environment.Job instance at 0x7f0a673edf50>,37,16,[2 5],38,59,75,21,59
1,<environment.Job instance at 0x7f0a673ed500>,43,12,[9 4],44,81,93,37,71
1,<environment.Job instance at 0x7f0a66e68410>,49,12,[6 4],50,93,105,43,78
1,<environment.Job instance at 0x7f0a66e68d70>,52,16,[4 9],53,105,121,52,92
1,<environment.Job instance at 0x7f0a6693edc0>,64,16,[ 5 10],65,121,137,56,116
1,<environment.Job instance at 0x7f0a6693ee60>,66,13,[9 4],67,137,150,70,121
1,<environment.Job instance at 0x7f0a6693e230>,69,2,[5 8],70,150,152,80,123
1,<environment.Job instance at 0x7f0a66f841e0>,71,14,[ 5 10],72,152,166,80,139
1,<environment.Job instance at 0x7f0a668c3eb0>,76,13,[4 7],77,166,179,89,150
1,<environment.Job instance at 0x7f0a1c56aeb0>,84,16,[2 6],85,179,195,94,175
1,<environment.Job instance at 0x7f0a66acdcd0>,85,12,[3 7],86,195,207,109,178
1,<environment.Job instance at 0x7f0a1c56a500>,86,17,[7 1],87,179,196,92,179
1,<environment.Job instance at 0x7f0a1cc08e10>,92,15,[1 7],93,207,222,114,194
1,<environment.Job instance at 0x7f0a668527d0>,80,15,[9 1],81,207,222,126,206
1,<environment.Job instance at 0x7f0a6643b2d0>,0,1,[5 6],1,1,2,0,1
1,<environment.Job instance at 0x7f0a668c3cd0>,1,2,[4 7],2,2,4,0,2
1,<environment.Job instance at 0x7f0a66f99f00>,2,17,[5 5],3,4,21,1,4
1,<environment.Job instance at 0x7f0a6699b7d0>,6,17,[7 1],7,21,38,14,9
1,<environment.Job instance at 0x7f0a6699b140>,13,17,[2 7],14,23,40,9,23
1,<environment.Job instance at 0x7f0a668527d0>,3,12,[1 5],4,40,52,36,25
1,<environment.Job instance at 0x7f0a6699baa0>,18,14,[3 5],19,40,54,21,32
1,<environment.Job instance at 0x7f0a665f36e0>,20,14,[7 4],21,52,66,31,39
1,<environment.Job instance at 0x7f0a665f3f50>,21,13,[6 4],22,66,79,44,50
1,<environment.Job instance at 0x7f0a1c4331e0>,32,15,[6 5],33,87,102,54,87
1,<environment.Job instance at 0x7f0a1c433dc0>,34,2,[9 2],35,102,104,67,87
1,<environment.Job instance at 0x7f0a1c4339b0>,38,3,[ 4 10],39,104,107,65,91
1,<environment.Job instance at 0x7f0a1c4332d0>,39,13,[7 2],40,107,120,67,91
1,<environment.Job instance at 0x7f0a1c1e64b0>,43,13,[3 6],44,107,120,63,102
1,<environment.Job instance at 0x7f0a1c1e6be0>,51,2,[8 5],52,120,122,68,118
1,<environment.Job instance at 0x7f0a1c1e6140>,52,2,[8 3],53,122,124,69,118
1,<environment.Job instance at 0x7f0a1c1e6190>,53,16,[8 1],54,124,140,70,118
1,<environment.Job instance at 0x7f0a1c1e66e0>,54,17,[5 5],55,140,157,85,128
1,<environment.Job instance at 0x7f0a1c1e6fa0>,57,15,[5 3],58,140,155,82,130
1,<environment.Job instance at 0x7f0a1c2e6fa0>,60,3,[7 5],61,157,160,96,134
1,<environment.Job instance at 0x7f0a1c2e6b40>,64,13,[5 5],65,160,173,95,144
1,<environment.Job instance at 0x7f0a1c4330a0>,27,20,[5 5],28,160,180,132,154
1,<environment.Job instance at 0x7f0a1c2e62d0>,74,18,[2 9],75,180,198,105,174
1,<environment.Job instance at 0x7f0a1c2e6500>,70,13,[10  5],71,198,211,127,186
1,<environment.Job instance at 0x7f0a1c2e6320>,80,12,[1 7],81,211,223,130,200
1,<environment.Job instance at 0x7f0a1c2ddc30>,82,15,[9 3],83,211,226,128,211
1,<environment.Job instance at 0x7f0a1c2dd6e0>,83,14,[1 6],84,223,237,139,216
1,<environment.Job instance at 0x7f0a6637cb40>,0,2,[ 5 10],1,1,3,0,1
1,<environment.Job instance at 0x7f0a6637cf00>,2,2,[10  1],3,3,5,0,3
1,<environment.Job instance at 0x7f0a1cadb230>,4,1,[5 2],5,5,6,0,5
1,<environment.Job instance at 0x7f0a1cadbaa0>,5,13,[1 9],6,6,19,0,6
1,<environment.Job instance at 0x7f0a1cadbb40>,6,13,[6 4],7,19,32,12,7
1,<environment.Job instance at 0x7f0a66593280>,15,3,[10  5],16,32,35,16,17
1,<environment.Job instance at 0x7f0a66593dc0>,21,14,[5 2],22,35,49,13,28
1,<environment.Job instance at 0x7f0a66593500>,23,13,[3 9],24,49,62,25,36
1,<environment.Job instance at 0x7f0a66593460>,29,16,[3 8],30,62,78,32,49
1,<environment.Job instance at 0x7f0a6658b8c0>,39,17,[10  5],40,103,120,63,103
1,<environment.Job instance at 0x7f0a6658b9b0>,46,18,[7 1],47,120,138,73,113
1,<environment.Job instance at 0x7f0a6658bb40>,36,16,[7 3],37,138,154,101,128
1,<environment.Job instance at 0x7f0a670c3820>,57,14,[5 3],58,154,168,96,139
1,<environment.Job instance at 0x7f0a670c3870>,55,16,[3 7],56,142,158,86,142
1,<environment.Job instance at 0x7f0a670c3910>,59,16,[4 7],60,158,174,98,147
1,<environment.Job instance at 0x7f0a66590c80>,69,14,[4 8],70,174,188,104,168
1,<environment.Job instance at 0x7f0a66590aa0>,61,14,[8 4],62,188,202,126,173
1,<environment.Job instance at 0x7f0a665aca00>,74,17,[3 7],75,202,219,127,190
1,<environment.Job instance at 0x7f0a665ac640>,85,2,[5 5],86,219,221,133,201
1,<environment.Job instance at 0x7f0a665acf00>,83,1,[5 9],84,221,222,137,207
1,<environment.Job instance at 0x7f0a665ac820>,86,13,[ 3 10],87,222,235,135,207
1,<environment.Job instance at 0x7fb336bb3190>,0,17,[6 1],1,1,18,0,1
1,<environment.Job instance at 0x7fb32f7a3280>,4,13,[3 6],5,5,18,0,5
1,<environment.Job instance at 0x7fb32f7a3550>,7,14,[7 5],8,18,32,10,8
1,<environment.Job instance at 0x7fb32f7a3d20>,16,18,[7 3],17,32,50,15,21
1,<environment.Job instance at 0x7fb32f7a7780>,26,12,[8 5],27,56,68,29,56
1,<environment.Job instance at 0x7fb32f7a7dc0>,37,14,[5 8],38,123,137,85,123
1,<environment.Job instance at 0x7fb32f7a4280>,39,14,[9 4],40,137,151,97,124
1,<environment.Job instance at 0x7fb32f7a45f0>,47,13,[ 3 10],48,151,164,103,135
1,<environment.Job instance at 0x7fb32f7a4690>,48,12,[9 2],49,164,176,115,148
1,<environment.Job instance at 0x7fb32f7a4d20>,54,18,[7 1],55,176,194,121,165
1,<environment.Job instance at 0x7fb32f7a4be0>,58,17,[3 7],59,176,193,117,167
1,<environment.Job instance at 0x7fb32f7a4550>,45,15,[7 5],46,194,209,148,185
1,<environment.Job instance at 0x7fb32f7aa7d0>,69,14,[9 4],70,209,223,139,198
1,<environment.Job instance at 0x7fb32f7aae60>,75,3,[10  4],76,223,226,147,212
1,<environment.Job instance at 0x7fb32f7aaf00>,76,13,[10  1],77,226,239,149,212
1,<environment.Job instance at 0x7fb32f7ac140>,1,12,[5 4],2,2,14,0,2
1,<environment.Job instance at 0x7fb32f7bda50>,3,2,[9 4],4,14,16,10,4
1,<environment.Job instance at 0x7fb32f7be280>,5,2,[5 6],6,6,8,0,6
1,<environment.Job instance at 0x7fb32f7bddc0>,8,2,[8 1],9,16,18,7,12
1,<environment.Job instance at 0x7fb2eb9ecb40>,12,3,[8 5],13,18,21,5,13
1,<environment.Job instance at 0x7fb2eba652d0>,17,16,[8 4],18,33,49,15,33
1,<environment.Job instance at 0x7fb2eba1c3c0>,21,18,[6 2],22,49,67,27,38
1,<environment.Job instance at 0x7fb2eba1abe0>,10,17,[4 7],11,49,66,38,38
1,<environment.Job instance at 0x7fb2eba446e0>,27,13,[9 5],28,67,80,39,53
1,<environment.Job instance at 0x7fb2eba0e910>,33,12,[1 9],34,80,92,46,67
1,<environment.Job instance at 0x7fb2ebba19b0>,36,3,[7 5],37,93,96,56,93
1,<environment.Job instance at 0x7fb2ebba1a50>,37,2,[5 3],38,96,98,58,93
1,<environment.Job instance at 0x7fb2ebbca230>,26,17,[9 1],27,114,131,87,114
1,<environment.Job instance at 0x7fb2ebb97b90>,46,16,[6 5],47,133,149,86,133
1,<environment.Job instance at 0x7fb2ebb973c0>,49,15,[5 5],50,153,168,103,153
1,<environment.Job instance at 0x7fb2ebb9f050>,52,13,[2 5],53,153,166,100,153
1,<environment.Job instance at 0x7fb2ebb9fdc0>,54,16,[5 6],55,168,184,113,156
1,<environment.Job instance at 0x7fb2ebb98780>,59,17,[8 5],60,217,234,157,217
1,<environment.Job instance at 0x7fb2ebba3a50>,64,15,[8 5],65,234,249,169,220
1,<environment.Job instance at 0x7fb32f7ba690>,0,16,[8 3],1,1,17,0,1
1,<environment.Job instance at 0x7fb32f7bad70>,2,2,[7 5],3,17,19,14,3
1,<environment.Job instance at 0x7fb336c38d70>,4,2,[5 8],5,19,21,14,5
1,<environment.Job instance at 0x7fb336d2d5f0>,6,2,[1 8],7,21,23,14,7
1,<environment.Job instance at 0x7fb2ebb9c1e0>,18,3,[10  2],19,23,26,4,20
1,<environment.Job instance at 0x7fb2eba679b0>,22,17,[5 9],23,31,48,8,31
1,<environment.Job instance at 0x7fb32f57acd0>,30,14,[2 9],31,50,64,19,50
1,<environment.Job instance at 0x7fb32f57e8c0>,31,2,[4 5],32,64,66,32,50
1,<environment.Job instance at 0x7fb32fc61370>,32,1,[ 4 10],33,66,67,33,50
1,<environment.Job instance at 0x7fb32f564730>,33,3,[7 5],34,67,70,33,50
1,<environment.Job instance at 0x7fb336d22370>,40,26,[8 3],41,77,103,36,77
1,<environment.Job instance at 0x7fb2eb9fd780>,46,18,[8 3],47,103,121,56,92
1,<environment.Job instance at 0x7fb2eb9fdb90>,48,16,[5 2],49,121,137,72,109
1,<environment.Job instance at 0x7fb2eb9fda50>,50,12,[3 8],51,121,133,70,109
1,<environment.Job instance at 0x7fb32f921eb0>,52,14,[2 8],53,133,147,80,118
1,<environment.Job instance at 0x7fb32f640e10>,59,18,[5 2],60,137,155,77,128
1,<environment.Job instance at 0x7fb32f9ddb40>,61,15,[5 7],62,147,162,85,133
1,<environment.Job instance at 0x7fb336b8a2d0>,66,17,[7 4],67,162,179,95,150
1,<environment.Job instance at 0x7fb2eb9ed780>,71,13,[1 7],72,179,192,107,163
1,<environment.Job instance at 0x7fb32f5f19b0>,80,16,[8 5],81,192,208,111,179
1,<environment.Job instance at 0x7fb32f5f1d20>,81,16,[4 5],82,208,224,126,195
1,<environment.Job instance at 0x7fb32f55be10>,83,18,[1 6],84,224,242,140,213
1,<environment.Job instance at 0x7fb32f519820>,87,16,[7 4],88,224,240,136,213
1,<environment.Job instance at 0x7fb2ebdfa0a0>,0,13,[5 5],1,1,14,0,1
1,<environment.Job instance at 0x7fb32f8b48c0>,12,17,[4 5],13,15,32,2,15
1,<environment.Job instance at 0x7fb32f9dfe10>,16,16,[1 9],17,32,48,15,28
1,<environment.Job instance at 0x7fb32f79df00>,22,16,[10  4],23,48,64,25,42
1,<environment.Job instance at 0x7fb32f78ec80>,33,2,[5 9],34,64,66,30,56
1,<environment.Job instance at 0x7fb32f9351e0>,34,16,[6 1],35,66,82,31,57
1,<environment.Job instance at 0x7fb32f8cd780>,36,18,[ 5 10],37,82,100,45,71
1,<environment.Job instance at 0x7fb32f876e60>,50,14,[7 2],51,100,114,49,95
1,<environment.Job instance at 0x7fb32f802280>,48,15,[2 8],49,100,115,51,95
1,<environment.Job instance at 0x7fb32f8a9a00>,54,12,[3 9],55,115,127,60,106
1,<environment.Job instance at 0x7fb32f807d20>,59,18,[3 8],60,127,145,67,117
1,<environment.Job instance at 0x7fb32f9f4690>,65,16,[4 7],66,145,161,79,144
1,<environment.Job instance at 0x7fb32f82c730>,67,1,[ 4 10],68,161,162,93,148
1,<environment.Job instance at 0x7fb32f82c370>,68,16,[1 7],69,162,178,93,149
1,<environment.Job instance at 0x7fb32f82c780>,69,18,[8 2],70,162,180,92,151
1,<environment.Job instance at 0x7fb32f816fa0>,72,3,[6 5],73,180,183,107,163
1,<environment.Job instance at 0x7fb32f934140>,73,17,[4 7],74,183,200,109,171
1,<environment.Job instance at 0x7fb32f9ac3c0>,83,12,[8 2],84,200,212,116,187
1,<environment.Job instance at 0x7fb32fbf3500>,88,13,[5 5],89,212,225,123,206
1,<environment.Job instance at 0x7fb32fbf3cd0>,91,3,[5 1],92,212,215,120,208
1,<environment.Job instance at 0x7fb32fcb6eb0>,0,17,[5 2],1,1,18,0,1
1,<environment.Job instance at 0x7fb32f8f1550>,2,12,[6 2],3,18,30,15,3
1,<environment.Job instance at 0x7fb32f9120a0>,12,12,[7 2],13,30,42,17,13
1,<environment.Job instance at 0x7fb2ebf45cd0>,15,13,[5 7],16,42,55,26,32
1,<environment.Job instance at 0x7fb2ec126f50>,20,12,[2 9],21,55,67,34,41
1,<environment.Job instance at 0x7fb32fbecc80>,22,16,[5 4],23,67,83,44,54
1,<environment.Job instance at 0x7fb32fbf0370>,25,15,[5 6],26,67,82,41,54
1,<environment.Job instance at 0x7fb2ec1612d0>,30,16,[5 4],31,82,98,51,69
1,<environment.Job instance at 0x7fb32fc12910>,36,14,[6 5],37,98,112,61,85
1,<environment.Job instance at 0x7fb32fc15370>,41,13,[2 5],42,117,130,75,117
1,<environment.Job instance at 0x7fb32fc154b0>,45,15,[4 7],46,130,145,84,120
1,<environment.Job instance at 0x7fb32fc152d0>,46,12,[1 7],47,145,157,98,128
1,<environment.Job instance at 0x7fb32fc123c0>,32,3,[3 7],33,157,160,124,139
1,<environment.Job instance at 0x7fb32fc15870>,47,17,[8 4],48,160,177,112,148
1,<environment.Job instance at 0x7fb32fc00dc0>,63,18,[6 4],64,177,195,113,166
1,<environment.Job instance at 0x7fb32fc08640>,72,12,[4 7],73,195,207,122,181
1,<environment.Job instance at 0x7fb333f29190>,73,15,[6 2],74,195,210,121,181
1,<environment.Job instance at 0x7fb333f31550>,78,12,[7 5],79,210,222,131,208
1,<environment.Job instance at 0x7fb32f816140>,0,15,[3 8],1,1,16,0,1
1,<environment.Job instance at 0x7fb33409fc30>,1,12,[3 9],2,16,28,14,2
1,<environment.Job instance at 0x7fb2ebc5e370>,12,1,[5 5],13,28,29,15,13
1,<environment.Job instance at 0x7fb32f6ebbe0>,18,15,[5 5],19,28,43,9,22
1,<environment.Job instance at 0x7fb32f6ebeb0>,21,18,[5 9],22,43,61,21,32
1,<environment.Job instance at 0x7fb32f6eb230>,26,15,[5 1],27,44,59,17,44
1,<environment.Job instance at 0x7fb32f6eb730>,28,12,[1 8],29,61,73,32,46
1,<environment.Job instance at 0x7fb32f6eb320>,31,15,[6 3],32,73,88,41,59
1,<environment.Job instance at 0x7fb3341dc190>,36,13,[6 5],37,88,101,51,72
1,<environment.Job instance at 0x7fb3341dc3c0>,39,18,[7 4],40,101,119,61,90
1,<environment.Job instance at 0x7fb2ebdd8910>,53,20,[5 3],54,123,143,69,123
1,<environment.Job instance at 0x7fb2ebdd8af0>,56,14,[10  1],57,143,157,86,141
1,<environment.Job instance at 0x7fb2ebdd83c0>,61,17,[2 9],62,157,174,95,145
1,<environment.Job instance at 0x7fb333db59b0>,66,13,[9 1],67,174,187,107,158
1,<environment.Job instance at 0x7fb333dfd550>,85,13,[4 7],86,207,220,121,207
1,<environment.Job instance at 0x7fb32f6eb870>,1,3,[5 9],2,2,5,0,2
1,<environment.Job instance at 0x7fb32f911c80>,2,3,[7 1],3,5,8,2,3
1,<environment.Job instance at 0x7fb32f911b40>,3,2,[7 5],4,8,10,4,4
1,<environment.Job instance at 0x7fb32f911a00>,4,13,[5 7],5,10,23,5,5
1,<environment.Job instance at 0x7fb2ebdd84b0>,9,12,[1 6],10,23,35,13,10
1,<environment.Job instance at 0x7fb32f6bdaf0>,13,18,[8 3],14,23,41,9,16
1,<environment.Job instance at 0x7fb2ebf0abe0>,18,13,[7 1],19,41,54,22,31
1,<environment.Job instance at 0x7fb333e00730>,19,14,[5 3],20,54,68,34,39
1,<environment.Job instance at 0x7fb32f824a50>,24,14,[5 8],25,68,82,43,57
1,<environment.Job instance at 0x7fb32fb7c0f0>,29,14,[7 5],30,82,96,52,67
1,<environment.Job instance at 0x7fb32fb7c730>,32,18,[5 3],33,96,114,63,85
1,<environment.Job instance at 0x7fb32f6fdb90>,42,17,[5 9],43,121,138,78,121
1,<environment.Job instance at 0x7fb32f6fdd70>,43,18,[5 5],44,138,156,94,127
1,<environment.Job instance at 0x7fb32f6fd550>,44,15,[8 2],45,156,171,111,142
1,<environment.Job instance at 0x7fb32f6fd910>,46,17,[1 6],47,156,173,109,144
1,<environment.Job instance at 0x7fb333f00050>,12,15,[4 9],13,173,188,160,166
1,<environment.Job instance at 0x7fb2eba16370>,55,13,[ 5 10],56,188,201,132,173
1,<environment.Job instance at 0x7fb32f90e370>,57,3,[5 6],58,201,204,143,175
1,<environment.Job instance at 0x7fb2eba3d050>,61,1,[2 8],62,204,205,142,183
1,<environment.Job instance at 0x7fb2eba3d190>,63,16,[7 2],64,204,220,140,191
1,<environment.Job instance at 0x7fb2ebb42690>,67,18,[2 6],68,205,223,137,198
1,<environment.Job instance at 0x7fb32f931aa0>,11,3,[7 5],12,223,226,211,209
1,<environment.Job instance at 0x7fb2ebb42550>,69,12,[10  4],70,226,238,156,209
1,<environment.Job instance at 0x7fb32f652230>,0,15,[5 8],1,1,16,0,1
1,<environment.Job instance at 0x7fb334335550>,5,13,[2 6],6,16,29,10,6
1,<environment.Job instance at 0x7fb32f6eb1e0>,15,15,[9 4],16,29,44,13,21
1,<environment.Job instance at 0x7fb2ec0fe3c0>,23,17,[7 4],24,44,61,20,36
1,<environment.Job instance at 0x7fb2ec0fe960>,34,12,[9 4],35,61,73,26,51
1,<environment.Job instance at 0x7fb2ec0fe820>,32,18,[ 2 10],33,73,91,40,68
1,<environment.Job instance at 0x7fb2ec0fee60>,41,18,[5 5],42,91,109,49,90
1,<environment.Job instance at 0x7fb2ec0f1320>,44,16,[4 7],45,109,125,64,101
1,<environment.Job instance at 0x7fb2ec0f1d20>,59,14,[5 4],60,146,160,86,146
1,<environment.Job instance at 0x7fb2ec0f1fa0>,62,15,[ 1 10],63,160,175,97,146
1,<environment.Job instance at 0x7fb2eba143c0>,65,16,[5 5],66,175,191,109,173
1,<environment.Job instance at 0x7fb2eba147d0>,71,17,[4 7],72,191,208,119,181
1,<environment.Job instance at 0x7fb2eba14500>,67,1,[4 7],68,208,209,140,191
1,<environment.Job instance at 0x7fb2eba14c30>,78,16,[9 2],79,209,225,130,196
1,<environment.Job instance at 0x7fb2eba14780>,84,15,[3 8],85,225,240,140,219
1,<environment.Job instance at 0x7fb2eb9ed140>,0,3,[4 8],1,1,4,0,1
1,<environment.Job instance at 0x7fb334169aa0>,9,18,[9 5],10,10,28,0,10
1,<environment.Job instance at 0x7fb2ebd25dc0>,15,16,[3 8],16,28,44,12,19
1,<environment.Job instance at 0x7fb2ebd25050>,16,14,[4 7],17,44,58,27,29
1,<environment.Job instance at 0x7fb32f5ef320>,20,12,[2 9],21,58,70,37,41
1,<environment.Job instance at 0x7fb32f5efe60>,23,16,[3 9],24,70,86,46,57
1,<environment.Job instance at 0x7fb32f6c8f50>,26,14,[1 5],27,86,100,59,71
1,<environment.Job instance at 0x7fb2ec0ef460>,31,17,[3 7],32,100,117,68,88
1,<environment.Job instance at 0x7fb334240f50>,37,18,[5 2],38,105,123,67,105
1,<environment.Job instance at 0x7fb32f7e5aa0>,38,17,[3 5],39,117,134,78,111
1,<environment.Job instance at 0x7fb33417ef50>,40,14,[6 3],41,123,137,82,118
1,<environment.Job instance at 0x7fb32fae58c0>,41,15,[10  5],42,137,152,95,125
1,<environment.Job instance at 0x7fb2ebbe2e10>,42,18,[10  1],43,157,175,114,157
1,<environment.Job instance at 0x7fb32f689320>,61,15,[9 5],62,175,190,113,161
1,<environment.Job instance at 0x7fb334050e60>,67,15,[ 3 10],68,190,205,122,177
1,<environment.Job instance at 0x7fb333f9ddc0>,72,16,[10  1],73,205,221,132,196
1,<environment.Job instance at 0x7fb333f9d910>,74,12,[4 9],75,221,233,146,204
1,<environment.Job instance at 0x7fb32fa158c0>,79,18,[3 8],80,233,251,153,222
1,<environment.Job instance at 0x7fb336bde5a0>,2,17,[5 9],3,3,20,0,3
1,<environment.Job instance at 0x7fb32f61e050>,7,17,[3 7],8,20,37,12,8
1,<environment.Job instance at 0x7fb336bde410>,4,2,[5 6],5,37,39,32,17
1,<environment.Job instance at 0x7fb32f9c6cd0>,18,14,[3 7],19,39,53,20,26
1,<environment.Job instance at 0x7fb32f7da0a0>,20,13,[5 8],21,53,66,32,37
1,<environment.Job instance at 0x7fb333df3870>,25,12,[3 5],26,66,78,40,49
1,<environment.Job instance at 0x7fb2ebfc5870>,27,14,[6 2],28,66,80,38,51
1,<environment.Job instance at 0x7fb3342a3500>,40,18,[9 4],41,80,98,39,70
1,<environment.Job instance at 0x7fb2eba41820>,43,14,[ 1 10],44,98,112,54,83
1,<environment.Job instance at 0x7fb2ebc3cfa0>,51,15,[10  3],52,125,140,73,125
1,<environment.Job instance at 0x7fb3340eccd0>,53,17,[6 3],54,140,157,86,129
1,<environment.Job instance at 0x7fb3342a3690>,39,12,[ 5 10],40,157,169,117,145
1,<environment.Job instance at 0x7fb2ebe67730>,61,1,[7 1],62,169,170,107,153
1,<environment.Job instance at 0x7fb2ebc73f50>,62,18,[4 9],63,170,188,107,159
1,<environment.Job instance at 0x7fb333f2b7d0>,70,15,[9 2],71,188,203,117,175
1,<environment.Job instance at 0x7fb333e5ac30>,76,17,[1 8],77,195,212,118,195
1,<environment.Job instance at 0x7fb333e5abe0>,79,13,[9 5],80,212,225,132,203
1,<environment.Job instance at 0x7fb336bd9a00>,22,15,[ 5 10],23,225,240,202,212
1,<environment.Job instance at 0x7fb32fa32d70>,0,1,[5 1],1,1,2,0,1
1,<environment.Job instance at 0x7fb32fa32460>,1,18,[5 5],2,2,20,0,2
1,<environment.Job instance at 0x7fb2ebc4b0f0>,7,15,[5 9],8,20,35,12,8
1,<environment.Job instance at 0x7fb32fafcdc0>,14,18,[8 4],15,35,53,20,24
1,<environment.Job instance at 0x7fb333e6ffa0>,19,14,[6 4],20,53,67,33,42
1,<environment.Job instance at 0x7fb2ec092640>,21,13,[ 5 10],22,67,80,45,51
1,<environment.Job instance at 0x7fb2ec0925f0>,25,15,[6 1],26,80,95,54,66
1,<environment.Job instance at 0x7fb2ec0929b0>,26,12,[6 4],27,95,107,68,78
1,<environment.Job instance at 0x7fb2ec092be0>,30,17,[1 5],31,80,97,49,78
1,<environment.Job instance at 0x7fb2ec092dc0>,33,13,[4 6],34,97,110,63,81
1,<environment.Job instance at 0x7fb2ebc9faf0>,39,16,[6 3],40,107,123,67,94
1,<environment.Job instance at 0x7fb2ebc9f870>,41,17,[5 3],42,123,140,81,111
1,<environment.Job instance at 0x7fb2ebc9fdc0>,42,16,[6 5],43,140,156,97,127
1,<environment.Job instance at 0x7fb2ebc9f5f0>,43,12,[5 7],44,127,139,83,127
1,<environment.Job instance at 0x7fb32fab5cd0>,6,17,[3 5],7,139,156,132,138
1,<environment.Job instance at 0x7fb2ebc9fbe0>,55,14,[6 4],56,156,170,100,141
1,<environment.Job instance at 0x7fb2ebc8c500>,62,14,[7 1],63,170,184,107,163
1,<environment.Job instance at 0x7fb2ebc8c7d0>,66,18,[9 2],67,193,211,126,193
1,<environment.Job instance at 0x7fb2ebc8c730>,70,12,[1 9],71,211,223,140,194
1,<environment.Job instance at 0x7fb2ebc8cdc0>,76,3,[9 4],77,223,226,146,209
1,<environment.Job instance at 0x7fb2ebc8ceb0>,78,1,[9 4],79,226,227,147,209
1,<environment.Job instance at 0x7fb2ebc8cfa0>,79,2,[3 5],80,227,229,147,209
1,<environment.Job instance at 0x7fb2ebc8cc30>,75,1,[8 4],76,229,230,153,212
1,<environment.Job instance at 0x7fb2ebc6f370>,82,18,[6 5],83,230,248,147,219
1,<environment.Job instance at 0x7fb3340ec7d0>,0,15,[9 4],1,1,16,0,1
1,<environment.Job instance at 0x7fb32fa03aa0>,4,18,[6 4],5,16,34,11,5
1,<environment.Job instance at 0x7fb32fa036e0>,6,16,[6 4],7,34,50,27,21
1,<environment.Job instance at 0x7fb32fa037d0>,16,3,[7 5],17,50,53,33,24
1,<environment.Job instance at 0x7fb333e5b960>,20,14,[5 7],21,53,67,32,38
1,<environment.Job instance at 0x7fb333e5bfa0>,30,18,[7 3],31,67,85,36,56
1,<environment.Job instance at 0x7fb334026280>,35,17,[2 7],36,70,87,34,70
1,<environment.Job instance at 0x7fb3340265f0>,36,17,[5 2],37,85,102,48,73
1,<environment.Job instance at 0x7fb2ebc4bdc0>,43,12,[5 8],44,117,129,73,117
1,<environment.Job instance at 0x7fb32fa6abe0>,46,3,[5 8],47,129,132,82,122
1,<environment.Job instance at 0x7fb32fa6a140>,47,15,[6 1],48,132,147,84,122
1,<environment.Job instance at 0x7fb32fa6a550>,55,13,[6 3],56,147,160,91,141
1,<environment.Job instance at 0x7fb32fa6a230>,59,13,[3 8],60,160,173,100,144
1,<environment.Job instance at 0x7fb2ebea5050>,63,18,[5 5],64,173,191,109,164
1,<environment.Job instance at 0x7fb2ebea5e10>,66,16,[5 6],67,191,207,124,178
1,<environment.Job instance at 0x7fb2ebea5a00>,69,13,[4 7],70,207,220,137,196
1,<environment.Job instance at 0x7fb2ebea5370>,71,2,[10  5],72,220,222,148,196
1,<environment.Job instance at 0x7fb32f998af0>,76,14,[5 5],77,222,236,145,209
1,<environment.Job instance at 0x7fb32f998230>,80,1,[1 5],81,222,223,141,212
1,<environment.Job instance at 0x7fb32f998cd0>,81,13,[6 3],82,236,249,154,220
1,<environment.Job instance at 0x7fb32fc1fe60>,2,2,[6 1],3,3,5,0,3
1,<environment.Job instance at 0x7fb32f5212d0>,3,14,[8 3],4,5,19,1,4
1,<environment.Job instance at 0x7fb2ebc9f690>,4,13,[10  2],5,19,32,14,5
1,<environment.Job instance at 0x7fb2ec161b40>,9,3,[8 3],10,32,35,22,26
1,<environment.Job instance at 0x7fb2ec1616e0>,11,12,[3 5],12,35,47,23,29
1,<environment.Job instance at 0x7fb2ebfc1c30>,20,15,[5 9],21,47,62,26,37
1,<environment.Job instance at 0x7fb2ebfc1690>,21,18,[8 4],22,62,80,40,52
1,<environment.Job instance at 0x7fb2ebfc1820>,26,16,[7 4],27,80,96,53,67
1,<environment.Job instance at 0x7fb2eb9c1af0>,38,14,[3 7],39,100,114,61,100
1,<environment.Job instance at 0x7fb2eb9c13c0>,46,17,[7 1],47,127,144,80,127
1,<environment.Job instance at 0x7fb2eb937f00>,53,13,[10  4],54,144,157,90,141
1,<environment.Job instance at 0x7fb2eb937910>,57,12,[8 1],58,157,169,99,141
1,<environment.Job instance at 0x7fb2eb9933c0>,71,15,[4 5],72,182,197,110,182
1,<environment.Job instance at 0x7fb2eb993460>,73,13,[5 1],74,194,207,120,194
1,<environment.Job instance at 0x7fb2eb9931e0>,74,13,[6 3],75,207,220,132,195
1,<environment.Job instance at 0x7fb2eb993aa0>,76,12,[3 9],77,220,232,143,203
1,<environment.Job instance at 0x7fb334463370>,0,2,[5 9],1,1,3,0,1
1,<environment.Job instance at 0x7fb32facee60>,1,12,[7 4],2,3,15,1,2
1,<environment.Job instance at 0x7fb32f852730>,3,1,[ 3 10],4,15,16,11,4
1,<environment.Job instance at 0x7fb333e5b2d0>,4,13,[8 2],5,16,29,11,5
1,<environment.Job instance at 0x7fb334160960>,17,14,[7 2],18,29,43,11,24
1,<environment.Job instance at 0x7fb334160550>,19,17,[1 7],20,26,43,6,26
1,<environment.Job instance at 0x7fb3341600f0>,20,14,[2 6],21,43,57,22,32
1,<environment.Job instance at 0x7fb33418d0a0>,25,18,[6 1],26,43,61,17,39
1,<environment.Job instance at 0x7fb33418d960>,26,15,[4 7],27,57,72,30,43
1,<environment.Job instance at 0x7fb2ebbb81e0>,16,17,[10  4],17,72,89,55,68
1,<environment.Job instance at 0x7fb33415a960>,36,13,[4 6],37,89,102,52,73
1,<environment.Job instance at 0x7fb33415ab40>,37,18,[6 1],38,89,107,51,78
1,<environment.Job instance at 0x7fb32f8a9be0>,42,15,[4 7],43,102,117,59,88
1,<environment.Job instance at 0x7fb33415bb90>,50,13,[4 7],51,117,130,66,101
1,<environment.Job instance at 0x7fb2ebff27d0>,53,12,[5 5],54,130,142,76,113
1,<environment.Job instance at 0x7fb3341605f0>,15,13,[1 5],16,130,143,114,124
1,<environment.Job instance at 0x7fb334133780>,64,15,[9 3],65,143,158,78,143
1,<environment.Job instance at 0x7fb334133820>,66,17,[ 2 10],67,158,175,91,148
1,<environment.Job instance at 0x7fb333f290a0>,74,14,[5 8],75,175,189,100,164
1,<environment.Job instance at 0x7fb333f29960>,78,12,[4 5],79,189,201,110,172
1,<environment.Job instance at 0x7fb32fbc7b90>,82,16,[7 2],83,201,217,118,189
1,<environment.Job instance at 0x7fb333f30730>,87,18,[2 7],88,204,222,116,204
1,<environment.Job instance at 0x7fb333f30e60>,89,15,[8 5],90,222,237,132,210
1,<environment.Job instance at 0x7fb33428f1e0>,0,3,[4 7],1,1,4,0,1
1,<environment.Job instance at 0x7fb32f5213c0>,4,15,[2 8],5,5,20,0,5
1,<environment.Job instance at 0x7fb32f8529b0>,5,3,[7 2],6,6,9,0,6
1,<environment.Job instance at 0x7fb2eb7dc4b0>,6,15,[9 4],7,20,35,13,7
1,<environment.Job instance at 0x7fb334459870>,15,14,[7 2],16,35,49,19,25
1,<environment.Job instance at 0x7fb334459640>,17,16,[2 5],18,35,51,17,32
1,<environment.Job instance at 0x7fb333f00640>,33,13,[5 5],34,94,107,60,94
1,<environment.Job instance at 0x7fb333e7d8c0>,38,17,[7 2],39,109,126,70,109
1,<environment.Job instance at 0x7fb2ec0fadc0>,40,13,[4 5],41,126,139,85,111
1,<environment.Job instance at 0x7fb2ebd10e10>,41,15,[5 5],42,126,141,84,115
1,<environment.Job instance at 0x7fb334056dc0>,51,12,[ 5 10],52,141,153,89,129
1,<environment.Job instance at 0x7fb334056910>,57,17,[3 5],58,153,170,95,143
1,<environment.Job instance at 0x7fb2ec0fa870>,39,15,[8 4],40,170,185,130,164
1,<environment.Job instance at 0x7fb334056870>,60,13,[4 7],61,185,198,124,172
1,<environment.Job instance at 0x7fb2ec000820>,70,13,[1 5],71,198,211,127,182
1,<environment.Job instance at 0x7fb333e980a0>,0,13,[10  5],1,1,14,0,1
1,<environment.Job instance at 0x7fb2ebc4b9b0>,5,18,[10  1],6,14,32,8,12
1,<environment.Job instance at 0x7fb32f5f7320>,18,16,[2 8],19,32,48,13,20
1,<environment.Job instance at 0x7fb32f5f7f50>,19,12,[5 1],20,32,44,12,20
1,<environment.Job instance at 0x7fb32f5f7910>,14,1,[8 4],15,48,49,33,22
1,<environment.Job instance at 0x7fb32f5f72d0>,22,12,[2 7],23,49,61,26,32
1,<environment.Job instance at 0x7fb32f5f79b0>,25,15,[3 7],26,61,76,35,47
1,<environment.Job instance at 0x7fb32fabed20>,29,16,[3 7],30,76,92,46,63
1,<environment.Job instance at 0x7fb32fabeeb0>,35,12,[5 5],36,92,104,56,76
1,<environment.Job instance at 0x7fb32fabe9b0>,36,12,[8 5],37,104,116,67,87
1,<environment.Job instance at 0x7fb32fabe140>,40,18,[8 5],41,116,134,75,105
1,<environment.Job instance at 0x7fb2ebfc2c80>,48,15,[7 3],49,134,149,85,120
1,<environment.Job instance at 0x7fb32f8776e0>,10,21,[5 7],11,158,179,147,158
1,<environment.Job instance at 0x7fb32fabe5f0>,27,14,[ 4 10],28,179,193,151,175
1,<environment.Job instance at 0x7fb2ebad7fa0>,65,12,[10  5],66,193,205,127,180
1,<environment.Job instance at 0x7fb333f091e0>,70,16,[4 9],71,205,221,134,197
1,<environment.Job instance at 0x7fb333f09e10>,73,14,[7 2],74,221,235,147,206
1,<environment.Job instance at 0x7fb333f09780>,76,15,[2 9],77,235,250,158,221
1,<environment.Job instance at 0x7fb33428f280>,0,2,[5 1],1,1,3,0,1
1,<environment.Job instance at 0x7fb33428fa50>,1,14,[2 5],2,2,16,0,2
1,<environment.Job instance at 0x7fb2ebc4b550>,5,15,[6 2],6,6,21,0,6
1,<environment.Job instance at 0x7fb333f82e10>,11,13,[1 5],12,25,38,13,25
1,<environment.Job instance at 0x7fb2ec0e7be0>,12,15,[7 5],13,25,40,12,25
1,<environment.Job instance at 0x7fb334467b90>,9,2,[10  2],10,40,42,30,29
1,<environment.Job instance at 0x7fb2eb954d20>,24,12,[10  4],25,42,54,17,36
1,<environment.Job instance at 0x7fb3341dc640>,26,15,[8 4],27,54,69,27,52
1,<environment.Job instance at 0x7fb3341f56e0>,33,12,[9 4],34,69,81,35,56
1,<environment.Job instance at 0x7fb3341f5870>,39,12,[6 4],40,81,93,41,64
1,<environment.Job instance at 0x7fb33420c2d0>,42,16,[4 9],43,93,109,50,80
1,<environment.Job instance at 0x7fb333d93a00>,10,15,[ 4 10],11,109,124,98,103
1,<environment.Job instance at 0x7fb3341fc230>,51,17,[5 8],52,124,141,72,112
1,<environment.Job instance at 0x7fb32f5fb960>,56,13,[9 4],57,141,154,84,125
1,<environment.Job instance at 0x7fb2ebd0b4b0>,65,16,[7 5],66,154,170,88,144
1,<environment.Job instance at 0x7fb32f59f230>,66,13,[4 7],67,170,183,103,154
1,<environment.Job instance at 0x7fb3342d5550>,74,16,[2 6],75,183,199,108,175
1,<environment.Job instance at 0x7fb32f5b7eb0>,75,12,[3 7],76,199,211,123,182
1,<environment.Job instance at 0x7fb32f5b7730>,76,17,[7 1],77,183,200,106,182
1,<environment.Job instance at 0x7fb32f594910>,83,13,[10  5],84,211,224,127,195
1,<environment.Job instance at 0x7fb32f606820>,0,14,[7 4],1,1,15,0,1
1,<environment.Job instance at 0x7fb2eb78f780>,1,13,[6 4],2,15,28,13,2
1,<environment.Job instance at 0x7fb3341f5cd0>,4,14,[7 5],5,28,42,23,13
1,<environment.Job instance at 0x7fb333e983c0>,19,13,[7 2],20,42,55,22,29
1,<environment.Job instance at 0x7fb333e04050>,20,3,[ 1 10],21,55,58,34,29
1,<environment.Job instance at 0x7fb32f824640>,23,13,[3 6],24,58,71,34,49
1,<environment.Job instance at 0x7fb3343932d0>,24,17,[5 1],25,58,75,33,50
1,<environment.Job instance at 0x7fb2ec0edf00>,31,2,[8 5],32,75,77,43,59
1,<environment.Job instance at 0x7fb333eeaaa0>,33,16,[8 1],34,77,93,43,65
1,<environment.Job instance at 0x7fb32f76f960>,5,14,[5 5],6,93,107,87,79
1,<environment.Job instance at 0x7fb32f7f8280>,44,13,[5 5],45,93,106,48,92
1,<environment.Job instance at 0x7fb33420b0f0>,53,17,[6 2],54,108,125,54,108
1,<environment.Job instance at 0x7fb33420bc80>,57,2,[7 4],58,125,127,67,120
1,<environment.Job instance at 0x7fb33420bd70>,58,18,[1 6],59,120,138,61,120
1,<environment.Job instance at 0x7fb33420b690>,61,15,[4 5],62,138,153,76,126
1,<environment.Job instance at 0x7fb2ebe4cb40>,72,14,[5 4],73,190,204,117,190
1,<environment.Job instance at 0x7fb333f05af0>,85,13,[10  4],86,210,223,124,210
1,<environment.Job instance at 0x7fb3340495f0>,0,3,[6 3],1,1,4,0,1
1,<environment.Job instance at 0x7fb33445a500>,18,17,[6 1],19,33,50,14,33
1,<environment.Job instance at 0x7fb336bdc3c0>,22,1,[2 8],23,39,40,16,39
1,<environment.Job instance at 0x7fb336bdccd0>,23,1,[ 3 10],24,50,51,26,39
1,<environment.Job instance at 0x7fb336bdc550>,24,12,[1 8],25,51,63,26,39
1,<environment.Job instance at 0x7fb336bdc320>,25,16,[3 7],26,63,79,37,50
1,<environment.Job instance at 0x7fb336bdc820>,27,14,[5 3],28,63,77,35,50
1,<environment.Job instance at 0x7fb336bdc6e0>,29,16,[4 7],30,79,95,49,66
1,<environment.Job instance at 0x7fb2ebc4d5a0>,34,16,[5 5],35,95,111,60,82
1,<environment.Job instance at 0x7fb333ce56e0>,39,14,[4 8],40,111,125,71,97
1,<environment.Job instance at 0x7fb333ce5cd0>,49,15,[9 4],50,125,140,75,111
1,<environment.Job instance at 0x7fb2eb8f2370>,56,13,[ 3 10],57,140,153,83,133
1,<environment.Job instance at 0x7fb2eb8f2f00>,61,13,[5 5],62,153,166,91,141
1,<environment.Job instance at 0x7fb2eb8f20a0>,62,16,[8 5],63,166,182,103,153
1,<environment.Job instance at 0x7fb2ebd9c8c0>,70,12,[2 7],71,182,194,111,168
1,<environment.Job instance at 0x7fb2eb8f23c0>,60,15,[7 1],61,182,197,121,176
1,<environment.Job instance at 0x7fb2ebd9c410>,77,15,[4 6],78,197,212,119,183
1,<environment.Job instance at 0x7fb2ebd9c4b0>,81,15,[8 2],82,212,227,130,201
1,<environment.Job instance at 0x7fb2ebd9c190>,88,15,[6 2],89,227,242,138,213
1,<environment.Job instance at 0x7fb3342c4280>,0,13,[8 2],1,1,14,0,1
1,<environment.Job instance at 0x7fb2ebc861e0>,4,12,[3 8],5,14,26,9,5
1,<environment.Job instance at 0x7fb2ebc70500>,8,13,[6 3],9,26,39,17,11
1,<environment.Job instance at 0x7fb2ebda8820>,16,15,[5 3],17,39,54,22,25
1,<environment.Job instance at 0x7fb3341eb1e0>,19,17,[5 7],20,39,56,19,32
1,<environment.Job instance at 0x7fb32faf5dc0>,25,16,[7 4],26,56,72,30,45
1,<environment.Job instance at 0x7fb32faf58c0>,28,15,[6 4],29,72,87,43,60
1,<environment.Job instance at 0x7fb2ebda3d20>,35,16,[10  3],36,87,103,51,75
1,<environment.Job instance at 0x7fb32f813410>,38,17,[5 7],39,103,120,64,91
1,<environment.Job instance at 0x7fb32faf56e0>,26,12,[5 2],27,103,115,76,99
1,<environment.Job instance at 0x7fb2ebc9d500>,47,14,[6 5],48,122,136,74,122
1,<environment.Job instance at 0x7fb2ebc9d140>,50,15,[1 5],51,133,148,82,133
1,<environment.Job instance at 0x7fb2ebc9d0f0>,53,17,[8 4],54,136,153,82,133
1,<environment.Job instance at 0x7fb2ebc9d910>,54,14,[2 5],55,148,162,93,133
1,<environment.Job instance at 0x7fb2ebc91320>,55,17,[2 5],56,153,170,97,141
1,<environment.Job instance at 0x7fb2ebc91460>,56,15,[8 3],57,162,177,105,148
1,<environment.Job instance at 0x7fb2ebc91d70>,58,18,[5 3],59,177,195,118,167
1,<environment.Job instance at 0x7fb2ebc7bcd0>,74,2,[ 5 10],75,216,218,141,216
1,<environment.Job instance at 0x7fb2ebc7bbe0>,78,2,[3 9],79,218,220,139,218
1,<environment.Job instance at 0x7fb2ebc7bc80>,79,3,[5 5],80,220,223,140,218
1,<environment.Job instance at 0x7fce2913c140>,0,17,[6 1],1,1,18,0,1
1,<environment.Job instance at 0x7fce21d2d5a0>,6,15,[2 8],7,11,26,4,11
1,<environment.Job instance at 0x7fce21d2d460>,8,17,[1 8],9,26,43,17,19
1,<environment.Job instance at 0x7fce21d2dc80>,14,21,[8 1],15,25,46,10,25
1,<environment.Job instance at 0x7fce21d2dc30>,21,18,[9 4],22,46,64,24,42
1,<environment.Job instance at 0x7fce21d2f460>,25,2,[5 7],26,64,66,38,42
1,<environment.Job instance at 0x7fce21d2f550>,26,12,[8 5],27,66,78,39,49
1,<environment.Job instance at 0x7fce21d2faf0>,35,16,[1 9],36,111,127,75,111
1,<environment.Job instance at 0x7fce21d32640>,43,12,[4 5],44,137,149,93,137
1,<environment.Job instance at 0x7fce21d32870>,48,12,[9 2],49,149,161,100,143
1,<environment.Job instance at 0x7fce21d32be0>,49,17,[10  2],50,161,178,111,157
1,<environment.Job instance at 0x7fce21d35370>,58,17,[3 7],59,178,195,119,167
1,<environment.Job instance at 0x7fce21d35960>,67,16,[1 9],68,195,211,127,183
1,<environment.Job instance at 0x7fce21d35c80>,72,18,[3 5],73,211,229,138,208
1,<environment.Job instance at 0x7fce21d35fa0>,77,16,[8 1],78,229,245,151,216
1,<environment.Job instance at 0x7fce21d45050>,0,17,[4 7],1,1,18,0,1
1,<environment.Job instance at 0x7fcdddfa5960>,10,17,[3 5],11,18,35,7,11
1,<environment.Job instance at 0x7fcdddfa5b40>,11,18,[6 2],12,12,30,0,12
1,<environment.Job instance at 0x7fcdddfcd910>,16,17,[9 1],17,35,52,18,23
1,<environment.Job instance at 0x7fcdde18f140>,20,17,[9 5],21,52,69,31,40
1,<environment.Job instance at 0x7fcdde128e60>,36,16,[6 5],37,75,91,38,75
1,<environment.Job instance at 0x7fcdde128410>,39,15,[5 5],40,95,110,55,95
1,<environment.Job instance at 0x7fcdde128690>,42,13,[2 5],43,95,108,52,95
1,<environment.Job instance at 0x7fcdde120af0>,44,16,[5 6],45,110,126,65,97
1,<environment.Job instance at 0x7fcdde12c870>,46,16,[1 8],47,126,142,79,117
1,<environment.Job instance at 0x7fcdde12c2d0>,49,17,[8 5],50,157,174,107,157
1,<environment.Job instance at 0x7fcdde12cd70>,52,15,[8 2],53,174,189,121,160
1,<environment.Job instance at 0x7fcdde12c190>,57,12,[4 8],58,189,201,131,172
1,<environment.Job instance at 0x7fcdde16bfa0>,24,26,[3 9],25,208,234,183,208
1,<environment.Job instance at 0x7fcdde122140>,71,13,[8 1],72,234,247,162,218
1,<environment.Job instance at 0x7fcdde127190>,72,12,[ 5 10],73,247,259,174,230
1,<environment.Job instance at 0x7fce21d49c30>,0,3,[6 2],1,1,4,0,1
1,<environment.Job instance at 0x7fce21d49e10>,3,17,[7 1],4,4,21,0,4
1,<environment.Job instance at 0x7fce21d45730>,5,3,[5 2],6,21,24,15,6
1,<environment.Job instance at 0x7fcdde055d20>,10,14,[2 9],11,24,38,13,21
1,<environment.Job instance at 0x7fce292b0be0>,18,12,[6 4],19,38,50,19,22
1,<environment.Job instance at 0x7fce292a65a0>,23,3,[4 6],24,38,41,14,36
1,<environment.Job instance at 0x7fce21ebc5f0>,25,13,[9 1],26,50,63,24,41
1,<environment.Job instance at 0x7fcdddf89410>,28,16,[5 2],29,63,79,34,50
1,<environment.Job instance at 0x7fce2224ee60>,30,12,[3 8],31,63,75,32,51
1,<environment.Job instance at 0x7fce21aaecd0>,35,15,[1 5],36,75,90,39,65
1,<environment.Job instance at 0x7fce292adeb0>,39,18,[5 2],40,79,97,39,69
1,<environment.Job instance at 0x7fcdddf76780>,41,15,[5 7],42,90,105,48,81
1,<environment.Job instance at 0x7fcdddf76fa0>,44,17,[6 1],45,105,122,60,93
1,<environment.Job instance at 0x7fce292b7fa0>,50,15,[1 9],51,108,123,57,108
1,<environment.Job instance at 0x7fce21f6e0f0>,32,14,[2 8],33,123,137,90,111
1,<environment.Job instance at 0x7fce292b74b0>,53,14,[5 6],54,137,151,83,122
1,<environment.Job instance at 0x7fcdde103c80>,60,16,[8 5],61,151,167,90,138
1,<environment.Job instance at 0x7fce21f6baa0>,64,17,[2 6],65,167,184,102,158
1,<environment.Job instance at 0x7fce292a9550>,71,16,[4 5],72,184,200,112,171
1,<environment.Job instance at 0x7fce291c4730>,74,12,[8 1],75,171,183,96,171
1,<environment.Job instance at 0x7fce21ae95a0>,75,14,[6 1],76,183,197,107,171
1,<environment.Job instance at 0x7fce21af8190>,82,16,[6 4],83,197,213,114,185
1,<environment.Job instance at 0x7fce21af87d0>,85,13,[7 4],86,213,226,127,197
1,<environment.Job instance at 0x7fce21ae4cd0>,1,15,[8 1],2,2,17,0,2
1,<environment.Job instance at 0x7fcdde3f39b0>,2,13,[1 5],3,3,16,0,3
1,<environment.Job instance at 0x7fcdde3e8550>,4,16,[6 1],5,17,33,12,5
1,<environment.Job instance at 0x7fcdde5d2a00>,6,18,[ 5 10],7,35,53,28,35
1,<environment.Job instance at 0x7fce21e409b0>,24,12,[3 9],25,53,65,28,43
1,<environment.Job instance at 0x7fce2852b870>,29,18,[3 8],30,65,83,35,54
1,<environment.Job instance at 0x7fcdde5f03c0>,31,12,[1 6],32,83,95,51,66
1,<environment.Job instance at 0x7fce21eae460>,36,18,[9 3],37,83,101,46,72
1,<environment.Job instance at 0x7fce28669e60>,38,16,[1 7],39,95,111,56,82
1,<environment.Job instance at 0x7fce2202f9b0>,20,14,[7 2],21,101,115,80,89
1,<environment.Job instance at 0x7fce28cc4e60>,19,18,[1 7],20,111,129,91,102
1,<environment.Job instance at 0x7fcdde66c280>,45,15,[5 9],46,129,144,83,115
1,<environment.Job instance at 0x7fce22149550>,52,12,[2 9],53,144,156,91,127
1,<environment.Job instance at 0x7fce221495a0>,53,12,[8 2],54,156,168,102,139
1,<environment.Job instance at 0x7fce221490f0>,58,13,[5 5],59,168,181,109,152
1,<environment.Job instance at 0x7fce221dee60>,61,3,[5 1],62,153,156,91,153
1,<environment.Job instance at 0x7fce21db2320>,65,1,[1 8],66,161,162,95,161
1,<environment.Job instance at 0x7fce21db23c0>,67,2,[3 7],68,181,183,113,162
1,<environment.Job instance at 0x7fcdde66b780>,68,2,[1 6],69,162,164,93,162
1,<environment.Job instance at 0x7fce2217a730>,69,3,[7 2],70,181,184,111,164
1,<environment.Job instance at 0x7fce2217a4b0>,70,17,[5 6],71,184,201,113,172
1,<environment.Job instance at 0x7fcdde66c8c0>,44,16,[ 5 10],45,207,223,162,207
1,<environment.Job instance at 0x7fce21d76a50>,79,13,[4 7],80,223,236,143,211
1,<environment.Job instance at 0x7fce21e3f910>,1,13,[2 5],2,2,15,0,2
1,<environment.Job instance at 0x7fce21da0f50>,4,18,[6 4],5,5,23,0,5
1,<environment.Job instance at 0x7fcdde2ff910>,7,17,[8 4],8,23,40,15,11
1,<environment.Job instance at 0x7fce21b3d5f0>,19,12,[5 2],20,40,52,20,23
1,<environment.Job instance at 0x7fce21b26f00>,23,18,[6 4],24,52,70,28,41
1,<environment.Job instance at 0x7fce21cadcd0>,31,3,[3 5],32,46,49,14,46
1,<environment.Job instance at 0x7fce21cbc690>,32,12,[4 7],33,70,82,37,53
1,<environment.Job instance at 0x7fce21b22230>,33,15,[6 2],34,70,85,36,56
1,<environment.Job instance at 0x7fce21b22870>,40,12,[2 5],41,82,94,41,79
1,<environment.Job instance at 0x7fce21b38370>,47,17,[5 7],48,94,111,46,90
1,<environment.Job instance at 0x7fce21b3a280>,49,12,[1 9],50,111,123,61,96
1,<environment.Job instance at 0x7fce21b3af50>,52,3,[4 7],53,123,126,70,97
1,<environment.Job instance at 0x7fce21b3aa50>,53,12,[9 3],54,126,138,72,109
1,<environment.Job instance at 0x7fce21b3a5f0>,56,12,[6 4],57,138,150,81,121
1,<environment.Job instance at 0x7fce21b38b90>,48,12,[7 5],49,150,162,101,133
1,<environment.Job instance at 0x7fce21b37eb0>,62,12,[8 3],63,162,174,99,145
1,<environment.Job instance at 0x7fce21b37410>,63,13,[5 6],64,174,187,110,158
1,<environment.Job instance at 0x7fce21b40550>,71,18,[4 8],72,187,205,115,176
1,<environment.Job instance at 0x7fce28aadeb0>,77,13,[4 7],78,205,218,127,193
1,<environment.Job instance at 0x7fce28ab40a0>,87,3,[2 7],88,218,221,130,215
1,<environment.Job instance at 0x7fcdde4d9500>,0,17,[5 8],1,1,18,0,1
1,<environment.Job instance at 0x7fce21d6ccd0>,5,17,[6 3],6,18,35,12,6
1,<environment.Job instance at 0x7fce21b6c2d0>,16,13,[9 1],17,35,48,18,21
1,<environment.Job instance at 0x7fce21b6c460>,22,13,[9 2],23,48,61,25,32
1,<environment.Job instance at 0x7fce21b6cb90>,24,1,[ 1 10],25,61,62,36,33
1,<environment.Job instance at 0x7fce21b6c410>,25,1,[9 5],26,62,63,36,34
1,<environment.Job instance at 0x7fcdde37aeb0>,33,16,[6 3],34,68,84,34,68
1,<environment.Job instance at 0x7fcdde37ab90>,35,13,[4 7],36,69,82,33,69
1,<environment.Job instance at 0x7fcdde37a7d0>,29,13,[8 5],30,84,97,54,80
1,<environment.Job instance at 0x7fcdde3a0be0>,42,25,[7 5],43,97,122,54,93
1,<environment.Job instance at 0x7fcdde3a05f0>,47,13,[5 3],48,128,141,80,128
1,<environment.Job instance at 0x7fcdde3a0c80>,50,16,[ 2 10],51,141,157,90,139
1,<environment.Job instance at 0x7fcdde3a0190>,45,2,[1 5],46,157,159,111,147
1,<environment.Job instance at 0x7fce21d96b40>,53,15,[4 8],54,159,174,105,153
1,<environment.Job instance at 0x7fce21d967d0>,59,17,[ 2 10],60,174,191,114,174
1,<environment.Job instance at 0x7fce21d96be0>,64,2,[7 1],65,191,193,126,191
1,<environment.Job instance at 0x7fce28983e10>,72,17,[3 5],73,191,208,118,191
1,<environment.Job instance at 0x7fce28983cd0>,73,16,[5 2],74,193,209,119,191
1,<environment.Job instance at 0x7fce289d1140>,76,17,[7 3],77,209,226,132,200
1,<environment.Job instance at 0x7fce292aed70>,0,3,[10  2],1,1,4,0,1
1,<environment.Job instance at 0x7fcdde34cf50>,2,14,[3 8],3,4,18,1,3
1,<environment.Job instance at 0x7fce288dd0f0>,3,16,[7 2],4,4,20,0,4
1,<environment.Job instance at 0x7fce21d9bc80>,7,18,[2 6],8,18,36,10,10
1,<environment.Job instance at 0x7fce28914aa0>,19,13,[5 8],20,36,49,16,23
1,<environment.Job instance at 0x7fcdde57b550>,24,15,[5 5],25,49,64,24,35
1,<environment.Job instance at 0x7fcdde60ac80>,23,27,[5 1],24,35,62,11,35
1,<environment.Job instance at 0x7fcdde60abe0>,25,14,[5 9],26,64,78,38,64
1,<environment.Job instance at 0x7fce21c782d0>,33,18,[6 4],34,78,96,44,67
1,<environment.Job instance at 0x7fce288dc6e0>,46,13,[7 1],47,105,118,58,105
1,<environment.Job instance at 0x7fce21dfd3c0>,48,13,[2 9],49,123,136,74,123
1,<environment.Job instance at 0x7fce21dfd460>,56,18,[5 4],57,136,154,79,127
1,<environment.Job instance at 0x7fce2202b4b0>,61,17,[7 4],62,157,174,95,157
1,<environment.Job instance at 0x7fce21da0550>,43,18,[5 3],44,174,192,130,163
1,<environment.Job instance at 0x7fce21af3d70>,62,15,[3 6],63,165,180,102,165
1,<environment.Job instance at 0x7fce28601b40>,74,13,[5 5],75,180,193,105,177
1,<environment.Job instance at 0x7fce286012d0>,77,2,[4 9],78,193,195,115,192
1,<environment.Job instance at 0x7fcdde18ff00>,80,14,[10  4],81,195,209,114,192
1,<environment.Job instance at 0x7fcdde18fa50>,81,15,[7 2],82,209,224,127,197
1,<environment.Job instance at 0x7fce21ab25a0>,0,14,[2 8],1,1,15,0,1
1,<environment.Job instance at 0x7fce21ce21e0>,1,17,[4 7],2,15,32,13,3
1,<environment.Job instance at 0x7fcdde68bc80>,5,14,[5 1],6,6,20,0,6
1,<environment.Job instance at 0x7fce292ae230>,11,16,[2 7],12,32,48,20,24
1,<environment.Job instance at 0x7fcdddefa190>,22,18,[4 5],23,48,66,25,38
1,<environment.Job instance at 0x7fcdddefa9b0>,29,15,[5 9],30,69,84,39,69
1,<environment.Job instance at 0x7fcdddefabe0>,32,16,[3 5],33,84,100,51,72
1,<environment.Job instance at 0x7fcdddefaeb0>,36,14,[6 1],37,84,98,47,73
1,<environment.Job instance at 0x7fcdddef8550>,46,12,[4 7],47,100,112,53,91
1,<environment.Job instance at 0x7fcdddef8690>,48,17,[3 8],49,112,129,63,100
1,<environment.Job instance at 0x7fcdddef80a0>,43,17,[10  3],44,129,146,85,118
1,<environment.Job instance at 0x7fcdddef8e60>,58,3,[1 9],59,146,149,87,133
1,<environment.Job instance at 0x7fcdddef8dc0>,60,17,[10  1],61,149,166,88,140
1,<environment.Job instance at 0x7fcdddeff2d0>,64,16,[3 9],65,166,182,101,162
1,<environment.Job instance at 0x7fcdddeff4b0>,68,16,[3 5],69,182,198,113,169
1,<environment.Job instance at 0x7fcdddeffaa0>,72,18,[4 7],73,198,216,125,187
1,<environment.Job instance at 0x7fcdddefff00>,79,15,[5 5],80,216,231,136,202
1,<environment.Job instance at 0x7fce21c22410>,0,2,[4 9],1,1,3,0,1
1,<environment.Job instance at 0x7fcdddf0c8c0>,1,18,[4 6],2,3,21,1,2
1,<environment.Job instance at 0x7fce21ce2960>,6,13,[8 3],7,21,34,14,7
1,<environment.Job instance at 0x7fce21cc75f0>,15,1,[9 3],16,34,35,18,24
1,<environment.Job instance at 0x7fce21c0bf50>,22,3,[5 8],23,79,82,56,79
1,<environment.Job instance at 0x7fce21c0bc80>,23,18,[8 1],24,82,100,58,79
1,<environment.Job instance at 0x7fcdde13db90>,30,18,[5 7],31,100,118,69,90
1,<environment.Job instance at 0x7fce22253370>,33,14,[5 6],34,118,132,84,105
1,<environment.Job instance at 0x7fce221ffb90>,36,18,[1 5],37,132,150,95,132
1,<environment.Job instance at 0x7fce28880640>,49,14,[8 2],50,157,171,107,157
1,<environment.Job instance at 0x7fcdde18a1e0>,51,17,[10  3],52,171,188,119,159
1,<environment.Job instance at 0x7fcdddf74dc0>,70,3,[4 8],71,214,217,143,214
1,<environment.Job instance at 0x7fcdddf74b90>,72,3,[7 2],73,217,220,144,216
1,<environment.Job instance at 0x7fce292ae4b0>,1,13,[5 2],2,2,15,0,2
1,<environment.Job instance at 0x7fce21fd1c80>,2,14,[9 2],3,15,29,12,3
1,<environment.Job instance at 0x7fcdde20e1e0>,7,2,[9 5],8,29,31,21,8
1,<environment.Job instance at 0x7fce21d05d20>,8,12,[9 4],9,31,43,22,14
1,<environment.Job instance at 0x7fcdde33c6e0>,13,17,[3 7],14,43,60,29,32
1,<environment.Job instance at 0x7fcdde20e0f0>,6,3,[2 7],7,60,63,53,41
1,<environment.Job instance at 0x7fce21df3280>,23,14,[ 4 10],24,63,77,39,50
1,<environment.Job instance at 0x7fce21f24730>,25,13,[10  4],26,77,90,51,61
1,<environment.Job instance at 0x7fce21b99f00>,32,13,[ 4 10],33,90,103,57,74
1,<environment.Job instance at 0x7fce21cbe2d0>,38,1,[5 9],39,103,104,64,99
1,<environment.Job instance at 0x7fcdde122230>,40,12,[8 4],41,104,116,63,99
1,<environment.Job instance at 0x7fce21d27af0>,43,18,[8 3],44,116,134,72,106
1,<environment.Job instance at 0x7fcdde25c0a0>,44,12,[7 5],45,134,146,89,117
1,<environment.Job instance at 0x7fce285321e0>,53,2,[2 6],54,119,121,65,119
1,<environment.Job instance at 0x7fce28ac9d20>,41,14,[ 2 10],42,146,160,104,131
1,<environment.Job instance at 0x7fce28532cd0>,59,3,[3 8],60,160,163,100,144
1,<environment.Job instance at 0x7fce285326e0>,60,17,[8 5],61,163,180,102,151
1,<environment.Job instance at 0x7fce28a602d0>,61,15,[3 7],62,180,195,118,166
1,<environment.Job instance at 0x7fcdde23fdc0>,5,16,[5 1],6,180,196,174,176
1,<environment.Job instance at 0x7fcdde61fa50>,74,18,[9 2],75,196,214,121,187
1,<environment.Job instance at 0x7fce28915e10>,79,1,[10  5],80,214,215,134,196
1,<environment.Job instance at 0x7fce21f325f0>,80,15,[10  5],81,215,230,134,201
1,<environment.Job instance at 0x7fce28915c30>,81,17,[8 2],82,230,247,148,218
1,<environment.Job instance at 0x7fce2208c4b0>,0,15,[4 9],1,1,16,0,1
1,<environment.Job instance at 0x7fce28915c30>,2,3,[1 8],3,16,19,13,7
1,<environment.Job instance at 0x7fcdde61fe60>,6,3,[ 4 10],7,19,22,12,7
1,<environment.Job instance at 0x7fce22011820>,8,17,[7 4],9,22,39,13,10
1,<environment.Job instance at 0x7fcdde3d85a0>,18,17,[2 5],19,29,46,10,29
1,<environment.Job instance at 0x7fcdde3d8aa0>,24,18,[2 9],25,46,64,21,35
1,<environment.Job instance at 0x7fce2208c460>,4,13,[3 8],5,64,77,59,53
1,<environment.Job instance at 0x7fcdde3d8640>,33,12,[10  3],34,77,89,43,65
1,<environment.Job instance at 0x7fce21e7fa50>,44,17,[6 3],45,107,124,62,107
1,<environment.Job instance at 0x7fce21e7fc30>,47,15,[5 4],48,124,139,76,114
1,<environment.Job instance at 0x7fce21e7f1e0>,53,13,[5 1],54,136,149,82,136
1,<environment.Job instance at 0x7fce21e7ffa0>,54,12,[1 9],55,139,151,84,137
1,<environment.Job instance at 0x7fce21e79050>,55,16,[10  3],56,151,167,95,139
1,<environment.Job instance at 0x7fce21e792d0>,56,18,[8 3],57,167,185,110,156
1,<environment.Job instance at 0x7fce21e79690>,62,17,[9 5],63,185,202,122,173
1,<environment.Job instance at 0x7fce289f6be0>,1,17,[6 1],2,8,25,6,8
1,<environment.Job instance at 0x7fce21ae68c0>,9,18,[2 5],10,10,28,0,10
1,<environment.Job instance at 0x7fce21ae65a0>,21,12,[9 4],22,58,70,36,58
1,<environment.Job instance at 0x7fce28532500>,41,13,[6 3],42,101,114,59,101
1,<environment.Job instance at 0x7fce28532af0>,48,16,[6 3],49,117,133,68,117
1,<environment.Job instance at 0x7fce28532e10>,45,12,[5 7],46,133,145,87,122
1,<environment.Job instance at 0x7fce28532410>,50,17,[10  5],51,160,177,109,160
1,<environment.Job instance at 0x7fce2210ac30>,63,16,[5 8],64,180,196,116,180
1,<environment.Job instance at 0x7fcdde51c910>,72,17,[5 3],73,196,213,123,195
1,<environment.Job instance at 0x7fcdde143e60>,76,16,[7 4],77,213,229,136,200
1,<environment.Job instance at 0x7fce21ae66e0>,0,12,[3 8],1,1,13,0,1
1,<environment.Job instance at 0x7fce292a47d0>,7,18,[7 5],8,13,31,5,8
1,<environment.Job instance at 0x7fce21e7f4b0>,9,18,[ 3 10],10,31,49,21,20
1,<environment.Job instance at 0x7fce2874f140>,17,17,[8 2],18,49,66,31,37
1,<environment.Job instance at 0x7fce2874f280>,20,15,[8 3],21,66,81,45,52
1,<environment.Job instance at 0x7fce2874fc80>,22,12,[2 6],23,52,64,29,52
1,<environment.Job instance at 0x7fce21dc7550>,29,16,[10  3],30,81,97,51,68
1,<environment.Job instance at 0x7fce21d49320>,44,13,[8 2],45,98,111,53,98
1,<environment.Job instance at 0x7fce21d49690>,47,12,[7 5],48,111,123,63,100
1,<environment.Job instance at 0x7fce21d49e60>,52,17,[7 4],53,123,140,70,119
1,<environment.Job instance at 0x7fce21d49aa0>,53,14,[2 7],54,140,154,86,125
1,<environment.Job instance at 0x7fce21d49a00>,54,12,[4 7],55,154,166,99,137
1,<environment.Job instance at 0x7fce28ec94b0>,57,14,[7 2],58,166,180,108,151
1,<environment.Job instance at 0x7fce28ec9e60>,59,17,[1 7],60,166,183,106,156
1,<environment.Job instance at 0x7fce28ec93c0>,63,15,[1 5],64,183,198,119,169
1,<environment.Job instance at 0x7fce28ec9c80>,64,12,[9 4],65,183,195,118,169
1,<environment.Job instance at 0x7fce28ec9aa0>,68,17,[9 3],69,195,212,126,183
1,<environment.Job instance at 0x7fce28aa6fa0>,76,13,[4 6],77,212,225,135,197
1,<environment.Job instance at 0x7fce21d49f00>,46,12,[7 2],47,225,237,178,211
1,<environment.Job instance at 0x7fce28ecd140>,0,2,[8 4],1,1,3,0,1
1,<environment.Job instance at 0x7fce21cadb90>,10,12,[4 9],11,11,23,0,11
1,<environment.Job instance at 0x7fcdde28d4b0>,12,14,[6 3],13,23,37,10,13
1,<environment.Job instance at 0x7fcdde636c80>,20,13,[8 5],21,37,50,16,21
1,<environment.Job instance at 0x7fcdde65e1e0>,34,15,[2 8],35,50,65,15,36
1,<environment.Job instance at 0x7fce220b5be0>,36,15,[9 4],37,65,80,28,54
1,<environment.Job instance at 0x7fcdde34d5f0>,41,3,[2 5],42,80,83,38,60
1,<environment.Job instance at 0x7fcdde34d7d0>,40,17,[8 5],41,80,97,39,68
1,<environment.Job instance at 0x7fce2222f190>,53,17,[10  4],54,100,117,46,100
1,<environment.Job instance at 0x7fcdde34d6e0>,44,12,[6 3],45,117,129,72,117
1,<environment.Job instance at 0x7fce221ef0a0>,63,13,[5 5],64,129,142,65,120
1,<environment.Job instance at 0x7fce221ef870>,66,1,[6 4],67,142,143,75,120
1,<environment.Job instance at 0x7fce21e2f320>,68,17,[7 2],69,143,160,74,138
1,<environment.Job instance at 0x7fce221ef690>,69,15,[8 4],70,160,175,90,148
1,<environment.Job instance at 0x7fce286a3c30>,58,1,[5 7],59,175,176,116,161
1,<environment.Job instance at 0x7fce221ef960>,71,15,[5 5],72,176,191,104,162
1,<environment.Job instance at 0x7fce2221baa0>,87,17,[3 5],88,186,203,98,186
1,<environment.Job instance at 0x7fce2221bbe0>,90,13,[4 7],91,203,216,112,191
1,<environment.Job instance at 0x7fce2221be10>,94,14,[2 5],95,216,230,121,204
1,<environment.Job instance at 0x7fce21c770a0>,0,12,[8 1],1,1,13,0,1
1,<environment.Job instance at 0x7fcdde6360a0>,3,12,[6 4],4,13,25,9,4
1,<environment.Job instance at 0x7fce21ae6190>,4,2,[5 2],5,25,27,20,5
1,<environment.Job instance at 0x7fce21f48820>,12,15,[4 8],13,25,40,12,13
1,<environment.Job instance at 0x7fce285ee190>,18,16,[10  5],19,40,56,21,29
1,<environment.Job instance at 0x7fce21b38370>,27,13,[8 1],28,58,71,30,58
1,<environment.Job instance at 0x7fcdde1f1a00>,11,15,[4 5],12,71,86,59,58
1,<environment.Job instance at 0x7fcdde038550>,37,2,[5 2],38,71,73,33,69
1,<environment.Job instance at 0x7fce221de960>,38,16,[2 8],39,86,102,47,74
1,<environment.Job instance at 0x7fcdde27f730>,39,12,[5 1],40,74,86,34,74
1,<environment.Job instance at 0x7fcdde27f0a0>,45,15,[3 7],46,102,117,56,97
1,<environment.Job instance at 0x7fcdde54e140>,47,14,[ 4 10],48,117,131,69,103
1,<environment.Job instance at 0x7fcdde54e500>,49,16,[3 7],50,131,147,81,118
1,<environment.Job instance at 0x7fcdde54ec30>,53,13,[5 5],54,147,160,93,131
1,<environment.Job instance at 0x7fcdde54eb40>,55,12,[5 5],56,147,159,91,131
1,<environment.Job instance at 0x7fcdddef7320>,60,18,[8 5],61,160,178,99,149
1,<environment.Job instance at 0x7fcdddef75f0>,61,3,[2 5],62,159,162,97,149
1,<environment.Job instance at 0x7fcdddf10730>,63,15,[3 5],64,178,193,114,164
1,<environment.Job instance at 0x7fcdde5f54b0>,65,12,[5 5],66,178,190,112,164
1,<environment.Job instance at 0x7fcdde5f5a00>,68,15,[7 3],69,199,214,130,199
1,<environment.Job instance at 0x7fce2903e910>,78,12,[4 6],79,217,229,138,217
1,<environment.Job instance at 0x7fce2903eeb0>,80,13,[5 7],81,229,242,148,217
1,<environment.Job instance at 0x7fcdddf28e10>,0,2,[2 7],1,1,3,0,1
1,<environment.Job instance at 0x7fce21f67c30>,2,2,[10  1],3,3,5,0,3
1,<environment.Job instance at 0x7fce221ff3c0>,3,18,[2 7],4,5,23,1,4
1,<environment.Job instance at 0x7fce221ff550>,4,3,[9 2],5,23,26,18,5
1,<environment.Job instance at 0x7fcdde295190>,9,14,[8 2],10,26,40,16,11
1,<environment.Job instance at 0x7fcdddd200a0>,11,14,[2 5],12,26,40,14,12
1,<environment.Job instance at 0x7fcdde40bf50>,17,13,[3 5],18,40,53,22,24
1,<environment.Job instance at 0x7fcdde40ba00>,18,12,[9 5],19,53,65,34,36
1,<environment.Job instance at 0x7fcdde40b0a0>,21,13,[1 5],22,40,53,18,38
1,<environment.Job instance at 0x7fcdde40b640>,22,15,[7 5],23,65,80,42,51
1,<environment.Job instance at 0x7fcdde40b820>,31,3,[ 5 10],32,80,83,48,66
1,<environment.Job instance at 0x7fcdddd9bd70>,34,12,[10  4],35,83,95,48,66
1,<environment.Job instance at 0x7fcdddd9b730>,37,16,[2 5],38,95,111,57,82
1,<environment.Job instance at 0x7fcdddd9bfa0>,40,13,[7 3],41,95,108,54,82
1,<environment.Job instance at 0x7fcdddd9ba50>,48,3,[7 1],49,108,111,59,82
1,<environment.Job instance at 0x7fcddde03be0>,51,3,[6 4],52,111,114,59,97
1,<environment.Job instance at 0x7fcddde03a00>,52,16,[4 9],53,114,130,61,101
1,<environment.Job instance at 0x7fcddde03910>,58,2,[1 8],59,130,132,71,119
1,<environment.Job instance at 0x7fcddde03aa0>,59,2,[2 7],60,132,134,72,122
1,<environment.Job instance at 0x7fcddde03e10>,61,17,[5 8],62,134,151,72,123
1,<environment.Job instance at 0x7fcddde030f0>,66,13,[9 4],67,151,164,84,144
1,<environment.Job instance at 0x7fcdddcb8870>,71,14,[ 5 10],72,165,179,93,165
1,<environment.Job instance at 0x7fcdddcb8280>,74,16,[2 9],75,179,195,104,168
1,<environment.Job instance at 0x7fcdddcb8370>,76,13,[4 7],77,195,208,118,179
1,<environment.Job instance at 0x7fce21c093c0>,91,17,[9 1],92,208,225,116,206
1,<environment.Job instance at 0x7fce21c09870>,92,15,[1 7],93,208,223,115,206
1,<environment.Job instance at 0x7fce21c09c30>,94,3,[3 7],95,225,228,130,208
1,<environment.Job instance at 0x7fcdddd203c0>,0,14,[7 4],1,1,15,0,1
1,<environment.Job instance at 0x7fcdde40b140>,1,13,[6 4],2,15,28,13,2
1,<environment.Job instance at 0x7fcdde4270a0>,9,14,[ 2 10],10,28,42,18,14
1,<environment.Job instance at 0x7fce28520190>,17,14,[5 4],18,42,56,24,28
1,<environment.Job instance at 0x7fce2204d3c0>,21,12,[8 3],22,56,68,34,39
1,<environment.Job instance at 0x7fcdde619e10>,23,13,[3 6],24,68,81,44,52
1,<environment.Job instance at 0x7fcdde5fb460>,29,16,[7 1],30,68,84,38,55
1,<environment.Job instance at 0x7fcdde5fba00>,34,17,[5 5],35,84,101,49,72
1,<environment.Job instance at 0x7fcdde43d960>,7,20,[5 5],8,84,104,76,76
1,<environment.Job instance at 0x7fce28aab7d0>,44,13,[5 5],45,101,114,56,95
1,<environment.Job instance at 0x7fcdde60a0a0>,36,15,[10  3],37,114,129,77,105
1,<environment.Job instance at 0x7fcdde5c9500>,53,17,[6 2],54,129,146,75,118
1,<environment.Job instance at 0x7fcdde609be0>,59,15,[1 8],60,130,145,70,130
1,<environment.Job instance at 0x7fcdddd9bdc0>,61,15,[4 5],62,145,160,83,134
1,<environment.Job instance at 0x7fcdde1d67d0>,66,15,[9 5],67,160,175,93,146
1,<environment.Job instance at 0x7fcdde1d6500>,68,16,[ 5 10],69,175,191,106,162
1,<environment.Job instance at 0x7fcdde1b5e60>,73,3,[8 1],74,191,194,117,168
1,<environment.Job instance at 0x7fcdde445dc0>,84,12,[ 3 10],85,194,206,109,192
1,<environment.Job instance at 0x7fcdde3523c0>,85,13,[10  4],86,206,219,120,193
1,<environment.Job instance at 0x7fcdde445e10>,90,14,[8 4],91,219,233,128,207
1,<environment.Job instance at 0x7fcdde5fb410>,0,3,[9 5],1,1,4,0,1
1,<environment.Job instance at 0x7fcdde42faa0>,3,1,[2 9],4,4,5,0,4
1,<environment.Job instance at 0x7fce2913c460>,6,18,[7 1],7,7,25,0,7
1,<environment.Job instance at 0x7fcdde4274b0>,15,16,[3 7],16,17,33,1,17
1,<environment.Job instance at 0x7fce21c207d0>,17,14,[5 3],18,25,39,7,18
1,<environment.Job instance at 0x7fcdddd8fc30>,13,1,[ 3 10],14,39,40,25,21
1,<environment.Job instance at 0x7fce2853f820>,18,14,[7 2],19,40,54,21,25
1,<environment.Job instance at 0x7fcdde427f00>,24,16,[5 5],25,54,70,29,41
1,<environment.Job instance at 0x7fcdde264a50>,27,17,[6 2],28,70,87,42,58
1,<environment.Job instance at 0x7fcdde56e2d0>,34,17,[3 7],35,70,87,35,63
1,<environment.Job instance at 0x7fcdde56eb40>,39,15,[9 4],40,87,102,47,73
1,<environment.Job instance at 0x7fce21a9da00>,46,13,[ 3 10],47,102,115,55,86
1,<environment.Job instance at 0x7fce21a9df50>,48,16,[6 3],49,115,131,66,103
1,<environment.Job instance at 0x7fce21a9d550>,54,13,[7 1],55,131,144,76,124
1,<environment.Job instance at 0x7fce286d0230>,58,17,[ 1 10],59,144,161,85,138
1,<environment.Job instance at 0x7fce286d0d70>,60,12,[2 7],61,161,173,100,144
1,<environment.Job instance at 0x7fcddde19780>,67,15,[4 6],68,173,188,105,159
1,<environment.Job instance at 0x7fcddde19f50>,70,15,[6 2],71,161,176,90,159
1,<environment.Job instance at 0x7fcddde19230>,74,14,[9 4],75,188,202,113,174
1,<environment.Job instance at 0x7fce28b8d230>,86,14,[8 1],87,202,216,115,188
1,<environment.Job instance at 0x7fce28b00cd0>,0,1,[4 9],1,1,2,0,1
1,<environment.Job instance at 0x7fce289570a0>,6,12,[5 2],7,7,19,0,7
1,<environment.Job instance at 0x7fce21bc2050>,9,1,[8 4],10,19,20,9,11
1,<environment.Job instance at 0x7fce21bc2640>,16,15,[7 3],17,25,40,8,25
1,<environment.Job instance at 0x7fce21bc2c80>,18,17,[5 7],19,40,57,21,29
1,<environment.Job instance at 0x7fce21bc2a00>,19,15,[8 1],20,57,72,37,43
1,<environment.Job instance at 0x7fcdde0657d0>,24,15,[10  3],25,72,87,47,59
1,<environment.Job instance at 0x7fcdde0654b0>,27,14,[6 5],28,87,101,59,72
1,<environment.Job instance at 0x7fcdde0655a0>,30,15,[1 5],31,87,102,56,73
1,<environment.Job instance at 0x7fcdde0d2be0>,34,14,[2 5],35,101,115,66,86
1,<environment.Job instance at 0x7fcdde0d2dc0>,37,16,[7 2],38,102,118,64,90
1,<environment.Job instance at 0x7fcdde0d2a00>,43,17,[10  5],44,118,135,74,115
1,<environment.Job instance at 0x7fcdde0d29b0>,48,14,[10  4],49,135,149,86,123
1,<environment.Job instance at 0x7fcdddd98d20>,52,16,[8 4],53,149,165,96,136
1,<environment.Job instance at 0x7fcdddd986e0>,57,14,[5 3],58,165,179,107,153
1,<environment.Job instance at 0x7fcdddd98f00>,65,17,[3 5],66,165,182,99,162
1,<environment.Job instance at 0x7fcdddd985f0>,67,12,[5 5],68,179,191,111,162
1,<environment.Job instance at 0x7fcdddd98b40>,69,18,[6 3],70,191,209,121,180
1,<environment.Job instance at 0x7fcddde04f50>,73,17,[3 6],74,191,208,117,188
1,<environment.Job instance at 0x7fcddde04640>,77,14,[9 5],78,209,223,131,194
1,<environment.Job instance at 0x7fcddde045a0>,78,14,[8 5],79,223,237,144,208
1,<environment.Job instance at 0x7fce21e23140>,0,17,[5 6],1,1,18,0,1
1,<environment.Job instance at 0x7fce21e23190>,1,2,[9 1],2,18,20,16,2
1,<environment.Job instance at 0x7fce21c482d0>,9,13,[7 2],10,20,33,10,15
1,<environment.Job instance at 0x7fce21c481e0>,11,1,[3 9],12,33,34,21,15
1,<environment.Job instance at 0x7fce21c48e60>,12,1,[7 1],13,33,34,20,15
1,<environment.Job instance at 0x7fce21c48370>,13,14,[10  5],14,34,48,20,20
1,<environment.Job instance at 0x7fce21c2feb0>,16,1,[5 2],17,48,49,31,20
1,<environment.Job instance at 0x7fce21c2faa0>,19,3,[6 4],20,49,52,29,29
1,<environment.Job instance at 0x7fce21c2f3c0>,20,16,[9 2],21,52,68,31,39
1,<environment.Job instance at 0x7fce21e292d0>,29,18,[8 4],30,68,86,38,57
1,<environment.Job instance at 0x7fce21c13fa0>,36,14,[6 2],37,86,100,49,71
1,<environment.Job instance at 0x7fce21c137d0>,40,15,[8 2],41,100,115,59,86
1,<environment.Job instance at 0x7fce21e26a50>,50,16,[2 5],51,86,102,35,86
1,<environment.Job instance at 0x7fce21e26230>,54,17,[6 2],55,115,132,60,103
1,<environment.Job instance at 0x7fce21c4da50>,63,18,[6 3],64,132,150,68,130
1,<environment.Job instance at 0x7fce21c4dcd0>,68,14,[5 1],69,150,164,81,136
1,<environment.Job instance at 0x7fce21c4d5a0>,71,13,[3 7],72,151,164,79,151
1,<environment.Job instance at 0x7fce21e53b40>,76,17,[10  4],77,164,181,87,153
1,<environment.Job instance at 0x7fce21e53d20>,79,13,[6 3],80,181,194,101,165
1,<environment.Job instance at 0x7fce21e53960>,82,17,[7 5],83,194,211,111,185
1,<environment.Job instance at 0x7fce21e5acd0>,87,16,[2 8],88,211,227,123,198
1,<environment.Job instance at 0x7f506bc77190>,0,17,[6 1],1,3,20,2,3
1,<environment.Job instance at 0x7f50648674b0>,7,14,[7 5],8,20,34,12,8
1,<environment.Job instance at 0x7f5064867f00>,22,12,[3 8],23,44,56,21,44
1,<environment.Job instance at 0x7f50648681e0>,23,16,[6 2],24,46,62,22,46
1,<environment.Job instance at 0x7f5064868780>,26,12,[8 5],27,62,74,35,56
1,<environment.Job instance at 0x7f5064868f00>,35,16,[1 9],36,102,118,66,102
1,<environment.Job instance at 0x7f5064868f50>,39,14,[9 4],40,118,132,78,103
1,<environment.Job instance at 0x7f5064868b90>,32,21,[5 9],33,132,153,99,128
1,<environment.Job instance at 0x7f506486cc30>,54,18,[7 1],55,153,171,98,142
1,<environment.Job instance at 0x7f506486ccd0>,55,12,[2 6],56,153,165,97,145
1,<environment.Job instance at 0x7f506486ce10>,58,17,[3 7],59,165,182,106,156
1,<environment.Job instance at 0x7f506486e640>,62,14,[4 9],63,182,196,119,167
1,<environment.Job instance at 0x7f506486e6e0>,63,12,[5 3],64,196,208,132,179
1,<environment.Job instance at 0x7f506486ec80>,72,18,[3 5],73,196,214,123,185
1,<environment.Job instance at 0x7f506486ed70>,78,14,[6 1],79,208,222,129,201
1,<environment.Job instance at 0x7f5064870230>,81,14,[8 5],82,222,236,140,208
1,<environment.Job instance at 0x7f5064874b90>,0,17,[3 5],1,1,18,0,1
1,<environment.Job instance at 0x7f5064874be0>,3,3,[2 5],4,4,7,0,4
1,<environment.Job instance at 0x7f5064884a00>,5,1,[9 3],6,18,19,12,6
1,<environment.Job instance at 0x7f5064884e10>,6,17,[9 1],7,19,36,12,7
1,<environment.Job instance at 0x7f5064882be0>,7,13,[9 5],8,36,49,28,20
1,<environment.Job instance at 0x7f5020c630f0>,15,15,[5 3],16,49,64,33,35
1,<environment.Job instance at 0x7f5020c695f0>,22,3,[8 2],23,64,67,41,38
1,<environment.Job instance at 0x7f5020c69870>,24,3,[5 6],25,49,52,24,41
1,<environment.Job instance at 0x7f5020c690f0>,26,16,[6 5],27,67,83,40,54
1,<environment.Job instance at 0x7f5020c684b0>,31,17,[3 6],32,83,100,51,76
1,<environment.Job instance at 0x7f5020c68f50>,34,16,[5 6],35,100,116,65,87
1,<environment.Job instance at 0x7f5020c62960>,39,17,[8 5],40,116,133,76,116
1,<environment.Job instance at 0x7f5020c62230>,40,3,[4 8],41,133,136,92,117
1,<environment.Job instance at 0x7f5020cd2e60>,41,3,[5 3],42,136,139,94,117
1,<environment.Job instance at 0x7f5020cc9870>,42,15,[8 2],43,139,154,96,125
1,<environment.Job instance at 0x7f5020c7b730>,49,13,[4 5],50,154,167,104,139
1,<environment.Job instance at 0x7f5020d7f6e0>,53,22,[9 1],54,186,208,132,186
1,<environment.Job instance at 0x7f5020da94b0>,65,27,[6 1],66,218,245,152,218
1,<environment.Job instance at 0x7f5064882af0>,1,3,[6 1],2,2,5,0,2
1,<environment.Job instance at 0x7f5064884eb0>,3,3,[4 6],4,4,7,0,4
1,<environment.Job instance at 0x7f5020d3e410>,5,13,[9 1],6,7,20,1,6
1,<environment.Job instance at 0x7f5064884c30>,6,18,[8 3],7,20,38,13,9
1,<environment.Job instance at 0x7f5020ab0eb0>,20,16,[ 4 10],21,38,54,17,26
1,<environment.Job instance at 0x7f5020ab0f00>,24,17,[6 1],25,54,71,29,42
1,<environment.Job instance at 0x7f50645dc910>,29,18,[10  4],30,71,89,41,60
1,<environment.Job instance at 0x7f5064d0bb90>,33,14,[5 6],34,89,103,55,78
1,<environment.Job instance at 0x7f5064646500>,40,16,[8 5],41,103,119,62,90
1,<environment.Job instance at 0x7f5064707dc0>,41,16,[4 5],42,119,135,77,106
1,<environment.Job instance at 0x7f506bdeb690>,51,16,[4 5],52,135,151,83,135
1,<environment.Job instance at 0x7f506bde42d0>,55,14,[6 1],56,142,156,86,142
1,<environment.Job instance at 0x7f5020b18b90>,44,17,[2 6],45,151,168,106,143
1,<environment.Job instance at 0x7f5020ba4dc0>,62,16,[6 4],63,156,172,93,152
1,<environment.Job instance at 0x7f5020ba4370>,64,14,[3 6],65,168,182,103,153
1,<environment.Job instance at 0x7f5020ba4a00>,65,13,[7 4],66,172,185,106,156
1,<environment.Job instance at 0x7f5020ac37d0>,72,12,[7 5],73,188,200,115,188
1,<environment.Job instance at 0x7f50675550a0>,1,12,[1 6],2,2,14,0,2
1,<environment.Job instance at 0x7f5020f67820>,3,3,[5 7],4,14,17,10,4
1,<environment.Job instance at 0x7f502110a9b0>,4,2,[ 5 10],5,17,19,12,5
1,<environment.Job instance at 0x7f5064644280>,8,16,[1 7],9,19,35,10,9
1,<environment.Job instance at 0x7f50673ecb90>,9,18,[8 2],10,19,37,9,10
1,<environment.Job instance at 0x7f5064b5a4b0>,22,12,[2 9],23,37,49,14,37
1,<environment.Job instance at 0x7f5067311f00>,24,16,[1 5],25,49,65,24,37
1,<environment.Job instance at 0x7f5064a5e5f0>,28,13,[5 5],29,55,68,26,55
1,<environment.Job instance at 0x7f5064a12640>,14,16,[ 5 10],15,68,84,53,55
1,<environment.Job instance at 0x7f5066e796e0>,33,14,[6 5],34,84,98,50,69
1,<environment.Job instance at 0x7f50648c6d20>,40,17,[5 6],41,98,115,57,86
1,<environment.Job instance at 0x7f50648c6b90>,49,13,[4 7],50,124,137,74,124
1,<environment.Job instance at 0x7f50211651e0>,6,18,[9 3],7,148,166,141,148
1,<environment.Job instance at 0x7f50648cb190>,56,12,[6 4],57,166,178,109,153
1,<environment.Job instance at 0x7f50646d5eb0>,67,14,[9 2],68,191,205,123,191
1,<environment.Job instance at 0x7f5064bb4f50>,74,18,[6 2],75,205,223,130,201
1,<environment.Job instance at 0x7f50648d5730>,77,15,[6 1],78,223,238,145,209
1,<environment.Job instance at 0x7f5064cb6730>,81,14,[3 6],82,210,224,128,210
1,<environment.Job instance at 0x7f502114a550>,0,12,[2 5],1,1,13,0,1
1,<environment.Job instance at 0x7f5020f749b0>,13,12,[9 3],14,18,30,4,18
1,<environment.Job instance at 0x7f502104a5a0>,8,12,[7 5],9,30,42,21,18
1,<environment.Job instance at 0x7f502100e460>,11,2,[4 5],12,42,44,30,26
1,<environment.Job instance at 0x7f5066ef3d70>,14,12,[1 5],15,26,38,11,26
1,<environment.Job instance at 0x7f5020f2f820>,18,17,[5 4],19,42,59,23,30
1,<environment.Job instance at 0x7f5020f32f00>,22,12,[8 3],23,59,71,36,42
1,<environment.Job instance at 0x7f5020f460a0>,23,13,[5 6],24,44,57,20,42
1,<environment.Job instance at 0x7f5020f47910>,29,14,[9 4],30,71,85,41,56
1,<environment.Job instance at 0x7f502100e870>,9,12,[1 9],10,85,97,75,71
1,<environment.Job instance at 0x7f5020f49190>,39,14,[4 7],40,97,111,57,82
1,<environment.Job instance at 0x7f5020f51370>,43,17,[6 1],44,95,112,51,95
1,<environment.Job instance at 0x7f5020f51b90>,46,13,[8 5],47,112,125,65,96
1,<environment.Job instance at 0x7f5020f51dc0>,52,3,[5 7],53,125,128,72,111
1,<environment.Job instance at 0x7f5020f51230>,54,12,[3 7],55,128,140,73,118
1,<environment.Job instance at 0x7f5020f51910>,49,18,[5 2],50,125,143,75,123
1,<environment.Job instance at 0x7f5020f53af0>,57,16,[2 7],58,140,156,82,127
1,<environment.Job instance at 0x7f5020f53a00>,59,14,[7 2],60,143,157,83,128
1,<environment.Job instance at 0x7f5020f53b90>,62,14,[8 5],63,157,171,94,142
1,<environment.Job instance at 0x7f5020eb9dc0>,15,14,[5 2],16,173,187,157,173
1,<environment.Job instance at 0x7f506732e0f0>,81,12,[3 9],82,205,217,123,205
1,<environment.Job instance at 0x7f5064c0b640>,0,16,[ 2 10],1,1,17,0,1
1,<environment.Job instance at 0x7f5064b2e230>,7,13,[5 8],8,17,30,9,8
1,<environment.Job instance at 0x7f506492e910>,12,15,[3 9],13,30,45,17,16
1,<environment.Job instance at 0x7f5064aa9cd0>,21,15,[2 7],22,45,60,23,36
1,<environment.Job instance at 0x7f5064631fa0>,10,14,[6 3],11,45,59,34,42
1,<environment.Job instance at 0x7f5064aa9050>,25,13,[10  5],26,60,73,34,47
1,<environment.Job instance at 0x7f5064aa98c0>,24,1,[5 2],25,59,60,34,58
1,<environment.Job instance at 0x7f5064aa9fa0>,28,13,[8 3],29,73,86,44,58
1,<environment.Job instance at 0x7f5064aa9870>,35,14,[10  1],36,87,101,51,87
1,<environment.Job instance at 0x7f5064c27870>,40,16,[5 4],41,101,117,60,88
1,<environment.Job instance at 0x7f5064c27d20>,42,12,[5 2],43,101,113,58,99
1,<environment.Job instance at 0x7f5064c270a0>,44,12,[7 2],45,117,129,72,100
1,<environment.Job instance at 0x7f5064aa9e60>,34,18,[5 2],35,129,147,94,118
1,<environment.Job instance at 0x7f50648db410>,54,12,[7 1],55,147,159,92,136
1,<environment.Job instance at 0x7f50647ca4b0>,56,13,[8 4],57,159,172,102,143
1,<environment.Job instance at 0x7f50647ca7d0>,58,16,[6 5],59,172,188,113,159
1,<environment.Job instance at 0x7f5064727280>,66,14,[5 7],67,188,202,121,174
1,<environment.Job instance at 0x7f5064727140>,72,15,[4 9],73,202,217,129,190
1,<environment.Job instance at 0x7f5066e7a4b0>,78,13,[7 1],79,223,236,144,223
1,<environment.Job instance at 0x7f5064842190>,0,17,[7 1],1,1,18,0,1
1,<environment.Job instance at 0x7f50674f5d70>,4,12,[1 5],5,5,17,0,5
1,<environment.Job instance at 0x7f502102b870>,5,18,[8 2],6,18,36,12,8
1,<environment.Job instance at 0x7f50673905a0>,21,15,[7 2],22,36,51,14,36
1,<environment.Job instance at 0x7f50673905f0>,28,16,[10  1],29,51,67,22,39
1,<environment.Job instance at 0x7f50647af0a0>,33,14,[5 7],34,67,81,33,54
1,<environment.Job instance at 0x7f50647fdbe0>,37,12,[9 1],38,81,93,43,64
1,<environment.Job instance at 0x7f5064793640>,45,13,[2 6],46,93,106,47,77
1,<environment.Job instance at 0x7f50647934b0>,51,12,[ 1 10],52,106,118,54,89
1,<environment.Job instance at 0x7f5064902320>,53,3,[4 7],54,118,121,64,92
1,<environment.Job instance at 0x7f5064b252d0>,55,15,[9 4],56,121,136,65,107
1,<environment.Job instance at 0x7f5064b25a00>,58,3,[6 1],59,118,121,59,111
1,<environment.Job instance at 0x7f5064b25870>,59,3,[1 9],60,136,139,76,111
1,<environment.Job instance at 0x7f50647f19b0>,63,17,[7 4],64,139,156,75,127
1,<environment.Job instance at 0x7f5064987550>,68,16,[6 5],69,156,172,87,143
1,<environment.Job instance at 0x7f50648ec140>,74,12,[9 4],75,172,184,97,155
1,<environment.Job instance at 0x7f5064b38500>,77,15,[1 6],78,172,187,94,158
1,<environment.Job instance at 0x7f50647990f0>,80,16,[3 7],81,187,203,106,181
1,<environment.Job instance at 0x7f5064861500>,69,1,[8 2],70,203,204,133,198
1,<environment.Job instance at 0x7f50647b2a00>,91,3,[6 5],92,212,215,120,212
1,<environment.Job instance at 0x7f50674a0140>,0,1,[9 3],1,1,2,0,1
1,<environment.Job instance at 0x7f50647b24b0>,1,1,[4 6],2,2,3,0,2
1,<environment.Job instance at 0x7f50210b9f50>,2,18,[4 7],3,3,21,0,3
1,<environment.Job instance at 0x7f5067329c30>,5,17,[9 3],6,21,38,15,9
1,<environment.Job instance at 0x7f5020b8b960>,22,13,[7 3],23,38,51,15,23
1,<environment.Job instance at 0x7f5020b8bbe0>,25,17,[5 9],26,51,68,25,48
1,<environment.Job instance at 0x7f5020b8bf50>,31,17,[8 2],32,68,85,36,67
1,<environment.Job instance at 0x7f5020b92690>,39,12,[5 9],40,85,97,45,83
1,<environment.Job instance at 0x7f5020b8bb40>,24,17,[5 9],25,97,114,72,85
1,<environment.Job instance at 0x7f5020b925f0>,40,12,[2 9],41,114,126,73,99
1,<environment.Job instance at 0x7f5020b92f00>,51,17,[3 7],52,126,143,74,117
1,<environment.Job instance at 0x7f5020b92aa0>,54,18,[8 2],55,144,162,89,144
1,<environment.Job instance at 0x7f5020b763c0>,58,17,[3 5],59,162,179,103,152
1,<environment.Job instance at 0x7f5020b76460>,60,14,[6 3],61,162,176,101,152
1,<environment.Job instance at 0x7f5020b767d0>,65,12,[5 9],66,179,191,113,165
1,<environment.Job instance at 0x7f5020b76eb0>,73,18,[ 3 10],74,191,209,117,191
1,<environment.Job instance at 0x7f5020b7e3c0>,82,14,[ 1 10],83,209,223,126,194
1,<environment.Job instance at 0x7f5020b7e370>,1,1,[4 8],2,2,3,0,2
1,<environment.Job instance at 0x7f5064c0baf0>,2,17,[5 9],3,3,20,0,3
1,<environment.Job instance at 0x7f5020c2c690>,5,15,[4 9],6,20,35,14,6
1,<environment.Job instance at 0x7f5020c2cf50>,8,16,[8 5],9,35,51,26,32
1,<environment.Job instance at 0x7f50648f4500>,25,12,[3 5],26,51,63,25,35
1,<environment.Job instance at 0x7f506461df00>,34,3,[5 4],35,51,54,16,48
1,<environment.Job instance at 0x7f5064606910>,38,17,[3 7],39,63,80,24,63
1,<environment.Job instance at 0x7f5064759a00>,41,12,[ 4 10],42,80,92,38,69
1,<environment.Job instance at 0x7f502104a140>,43,14,[ 1 10],44,92,106,48,77
1,<environment.Job instance at 0x7f5066ea6e10>,52,18,[1 9],53,125,143,72,125
1,<environment.Job instance at 0x7f50647f15a0>,54,17,[7 1],55,126,143,71,126
1,<environment.Job instance at 0x7f50648d1c30>,57,13,[ 2 10],58,154,167,96,154
1,<environment.Job instance at 0x7f5066f80870>,61,1,[7 1],62,167,168,105,154
1,<environment.Job instance at 0x7f5066f800f0>,62,18,[4 9],63,168,186,105,157
1,<environment.Job instance at 0x7f5064a82870>,66,18,[8 5],67,186,204,119,175
1,<environment.Job instance at 0x7f5066ef7640>,74,13,[1 9],75,204,217,129,202
1,<environment.Job instance at 0x7f5066ef7fa0>,79,13,[9 5],80,217,230,137,206
1,<environment.Job instance at 0x7f5066ef77d0>,82,14,[1 9],83,230,244,147,220
1,<environment.Job instance at 0x7f5020c2cd20>,2,3,[6 3],3,3,6,0,3
1,<environment.Job instance at 0x7f5020c2ccd0>,1,13,[ 5 10],2,6,19,4,4
1,<environment.Job instance at 0x7f5064d71b90>,5,15,[6 1],6,19,34,13,6
1,<environment.Job instance at 0x7f5020b0c320>,6,12,[6 4],7,34,46,27,17
1,<environment.Job instance at 0x7f506bddfe10>,13,13,[4 6],14,19,32,5,17
1,<environment.Job instance at 0x7f5020b0c550>,10,17,[1 5],11,32,49,21,21
1,<environment.Job instance at 0x7f5020b527d0>,22,16,[6 5],23,46,62,23,39
1,<environment.Job instance at 0x7f5020d79cd0>,26,14,[8 4],27,62,76,35,47
1,<environment.Job instance at 0x7f5064838690>,34,16,[7 2],35,76,92,41,63
1,<environment.Job instance at 0x7f5066f17b90>,40,16,[8 2],41,92,108,51,79
1,<environment.Job instance at 0x7f5066f17e60>,47,16,[10  4],48,108,124,60,95
1,<environment.Job instance at 0x7f5066f171e0>,50,12,[1 9],51,124,136,73,115
1,<environment.Job instance at 0x7f5064867b40>,59,2,[3 5],60,136,138,76,124
1,<environment.Job instance at 0x7f5064867aa0>,60,18,[7 1],61,124,142,63,124
1,<environment.Job instance at 0x7f50648670a0>,62,18,[6 5],63,142,160,79,133
1,<environment.Job instance at 0x7f5064b38780>,69,14,[3 7],70,160,174,90,154
1,<environment.Job instance at 0x7f5066fc43c0>,71,14,[9 4],72,174,188,102,161
1,<environment.Job instance at 0x7f5066fc4d70>,73,12,[2 8],74,188,200,114,171
1,<environment.Job instance at 0x7f50672ef5a0>,78,18,[1 8],79,200,218,121,189
1,<environment.Job instance at 0x7f5020f687d0>,82,3,[1 8],83,218,221,135,196
1,<environment.Job instance at 0x7f5064a1f6e0>,87,16,[2 6],88,221,237,133,216
1,<environment.Job instance at 0x7f5066fc4f00>,1,2,[8 3],2,2,4,0,2
1,<environment.Job instance at 0x7f50673ec190>,3,12,[5 8],4,4,16,0,4
1,<environment.Job instance at 0x7f506705fc30>,4,3,[5 2],5,5,8,0,5
1,<environment.Job instance at 0x7f506753ee60>,11,16,[5 4],12,16,32,4,16
1,<environment.Job instance at 0x7f5064603cd0>,15,13,[6 3],16,32,45,16,19
1,<environment.Job instance at 0x7f5064a8a7d0>,14,3,[6 5],15,45,48,30,21
1,<environment.Job instance at 0x7f50210af3c0>,25,13,[4 8],26,48,61,22,32
1,<environment.Job instance at 0x7f50210af050>,29,13,[4 7],30,61,74,31,60
1,<environment.Job instance at 0x7f50210af320>,33,12,[9 5],34,74,86,40,60
1,<environment.Job instance at 0x7f50210af870>,36,14,[5 5],37,86,100,49,73
1,<environment.Job instance at 0x7f50210ce050>,45,15,[1 9],46,100,115,54,87
1,<environment.Job instance at 0x7f50210ce6e0>,51,14,[10  5],52,115,129,63,100
1,<environment.Job instance at 0x7f50210cea50>,59,13,[5 1],60,132,145,72,132
1,<environment.Job instance at 0x7f50210af0f0>,24,16,[10  2],25,148,164,123,148
1,<environment.Job instance at 0x7f50210c9a00>,79,18,[2 5],80,181,199,101,181
1,<environment.Job instance at 0x7f50210c9960>,80,16,[5 2],81,182,198,101,182
1,<environment.Job instance at 0x7f50210c9fa0>,88,3,[1 5],89,199,202,110,199
1,<environment.Job instance at 0x7f5064a77320>,9,12,[7 5],10,17,29,7,17
1,<environment.Job instance at 0x7f5064a775a0>,12,16,[10  5],13,29,45,16,20
1,<environment.Job instance at 0x7f5064a77190>,16,12,[3 9],17,45,57,28,35
1,<environment.Job instance at 0x7f50647bb3c0>,19,17,[6 4],20,57,74,37,52
1,<environment.Job instance at 0x7f50647bb050>,20,14,[3 9],21,74,88,53,62
1,<environment.Job instance at 0x7f5064a506e0>,27,13,[5 5],28,88,101,60,72
1,<environment.Job instance at 0x7f5064a50280>,35,16,[5 2],36,88,104,52,75
1,<environment.Job instance at 0x7f5064a14550>,41,16,[6 5],42,104,120,62,91
1,<environment.Job instance at 0x7f50647bbfa0>,22,2,[1 7],23,101,103,78,95
1,<environment.Job instance at 0x7f5021085410>,49,18,[9 4],50,120,138,70,109
1,<environment.Job instance at 0x7f506bba2aa0>,59,16,[4 9],60,138,154,78,127
1,<environment.Job instance at 0x7f506bba2960>,65,14,[3 5],66,154,168,88,141
1,<environment.Job instance at 0x7f5064c7f460>,67,18,[7 5],68,155,173,87,155
1,<environment.Job instance at 0x7f5064c7f7d0>,73,17,[8 4],74,173,190,99,161
1,<environment.Job instance at 0x7f50212078c0>,77,17,[8 2],78,190,207,112,188
1,<environment.Job instance at 0x7f5021207a00>,79,17,[7 1],80,207,224,127,195
1,<environment.Job instance at 0x7f5021207050>,82,12,[2 6],83,207,219,124,207
1,<environment.Job instance at 0x7f5066fa16e0>,89,16,[10  3],90,224,240,134,211
1,<environment.Job instance at 0x7f50673ec7d0>,0,3,[5 9],1,1,4,0,1
1,<environment.Job instance at 0x7f506bba2870>,1,15,[7 4],2,4,19,2,2
1,<environment.Job instance at 0x7f5020d98910>,9,15,[8 5],10,19,34,9,10
1,<environment.Job instance at 0x7f5020d98140>,20,18,[1 7],21,34,52,13,34
1,<environment.Job instance at 0x7f5020d98cd0>,23,15,[3 8],24,52,67,28,38
1,<environment.Job instance at 0x7f5067511cd0>,28,14,[5 9],29,67,81,38,55
1,<environment.Job instance at 0x7f5067511b90>,35,3,[4 6],36,94,97,58,94
1,<environment.Job instance at 0x7f5020eb99b0>,42,12,[8 1],43,108,120,65,108
1,<environment.Job instance at 0x7f5020eb95f0>,43,3,[7 4],44,120,123,76,108
1,<environment.Job instance at 0x7f5020eb9050>,44,1,[1 8],45,108,109,63,108
1,<environment.Job instance at 0x7f5020eb92d0>,45,16,[1 9],46,123,139,77,110
1,<environment.Job instance at 0x7f5064794230>,52,12,[ 4 10],53,163,175,110,163
1,<environment.Job instance at 0x7f50647941e0>,63,3,[1 5],64,175,178,111,163
1,<environment.Job instance at 0x7f5064794d70>,64,12,[8 5],65,175,187,110,166
1,<environment.Job instance at 0x7f50673597d0>,70,13,[8 5],71,187,200,116,187
1,<environment.Job instance at 0x7f5064aa2410>,84,15,[2 8],85,200,215,115,189
1,<environment.Job instance at 0x7f5064aa2780>,87,18,[5 9],88,215,233,127,206
1,<environment.Job instance at 0x7f50648ec7d0>,0,3,[2 7],1,1,4,0,1
1,<environment.Job instance at 0x7f5066fd8eb0>,3,1,[7 3],4,4,5,0,4
1,<environment.Job instance at 0x7f50673591e0>,4,2,[9 3],5,5,7,0,5
1,<environment.Job instance at 0x7f50210af6e0>,5,13,[4 8],6,7,20,1,7
1,<environment.Job instance at 0x7f50208a4190>,10,16,[ 4 10],11,20,36,9,11
1,<environment.Job instance at 0x7f50648c2dc0>,28,3,[ 1 10],29,52,55,23,52
1,<environment.Job instance at 0x7f5064b03f00>,25,21,[3 8],26,55,76,29,54
1,<environment.Job instance at 0x7f50648c2fa0>,30,19,[5 1],31,64,83,33,64
1,<environment.Job instance at 0x7f50648a3500>,36,17,[10  2],37,83,100,46,72
1,<environment.Job instance at 0x7f50648b5c80>,39,12,[4 5],40,100,112,60,86
1,<environment.Job instance at 0x7f50648b5a50>,40,12,[8 1],41,112,124,71,95
1,<environment.Job instance at 0x7f50648c3c30>,43,12,[6 4],44,124,136,80,107
1,<environment.Job instance at 0x7f5064cd8410>,44,2,[5 2],45,108,110,63,108
1,<environment.Job instance at 0x7f50209fac80>,48,14,[5 4],49,136,150,87,121
1,<environment.Job instance at 0x7f5020a8ea50>,49,18,[4 5],50,124,142,74,121
1,<environment.Job instance at 0x7f50648a7c30>,51,15,[4 5],52,142,157,90,134
1,<environment.Job instance at 0x7f5064cd18c0>,54,18,[ 3 10],55,157,175,102,146
1,<environment.Job instance at 0x7f506737d0a0>,60,13,[10  5],61,175,188,114,160
1,<environment.Job instance at 0x7f5064b7aa00>,65,18,[10  1],66,201,219,135,201
1,<environment.Job instance at 0x7f5020ead5f0>,79,12,[5 1],80,219,231,139,202
1,<environment.Job instance at 0x7f5020a10fa0>,81,2,[5 4],82,219,221,137,204
1,<environment.Job instance at 0x7f5020feb730>,0,13,[9 1],1,1,14,0,1
1,<environment.Job instance at 0x7f50648b2410>,2,13,[2 5],3,14,27,11,3
1,<environment.Job instance at 0x7f5020f3a550>,4,2,[1 5],5,5,7,0,5
1,<environment.Job instance at 0x7f5020d989b0>,10,18,[7 5],11,14,32,3,11
1,<environment.Job instance at 0x7f5066fc6910>,14,12,[ 5 10],15,33,45,18,33
1,<environment.Job instance at 0x7f5020b2f0a0>,18,13,[7 3],19,45,58,26,40
1,<environment.Job instance at 0x7f50210afa50>,20,16,[1 7],21,45,61,24,43
1,<environment.Job instance at 0x7f50210af370>,21,18,[6 5],22,61,79,39,51
1,<environment.Job instance at 0x7f5020ea8190>,39,14,[8 2],40,79,93,39,78
1,<environment.Job instance at 0x7f5066f4a9b0>,41,14,[2 5],42,82,96,40,82
1,<environment.Job instance at 0x7f5020b79410>,47,13,[3 5],48,126,139,78,126
1,<environment.Job instance at 0x7f5020b795a0>,48,12,[9 5],49,139,151,90,126
1,<environment.Job instance at 0x7f5020b790f0>,51,13,[1 5],52,126,139,74,126
1,<environment.Job instance at 0x7f5020bab730>,55,16,[9 5],56,151,167,95,145
1,<environment.Job instance at 0x7f5064852910>,59,2,[5 5],60,167,169,107,152
1,<environment.Job instance at 0x7f5064852a50>,60,3,[3 5],61,167,170,106,159
1,<environment.Job instance at 0x7f502103cbe0>,66,15,[8 4],67,170,185,103,159
1,<environment.Job instance at 0x7f5064c9bb90>,70,13,[7 3],71,185,198,114,170
1,<environment.Job instance at 0x7f5020b5d410>,82,16,[4 9],83,198,214,115,186
1,<environment.Job instance at 0x7f5020958820>,91,17,[5 8],92,214,231,122,202
1,<environment.Job instance at 0x7f5020ba2d70>,0,1,[5 6],1,1,2,0,1
1,<environment.Job instance at 0x7f5064c781e0>,1,2,[4 7],2,2,4,0,2
1,<environment.Job instance at 0x7f5020958550>,3,12,[1 5],4,4,16,0,4
1,<environment.Job instance at 0x7f5020f3a780>,4,15,[5 9],5,16,31,11,5
1,<environment.Job instance at 0x7f5020e220f0>,12,2,[2 9],13,31,33,18,13
1,<environment.Job instance at 0x7f506b86edc0>,17,16,[3 9],18,33,49,15,20
1,<environment.Job instance at 0x7f506b86ee60>,20,14,[7 4],21,49,63,28,35
1,<environment.Job instance at 0x7f5020e22d70>,14,3,[7 3],15,63,66,48,39
1,<environment.Job instance at 0x7f5020e22820>,8,1,[5 4],9,66,67,57,48
1,<environment.Job instance at 0x7f5020f473c0>,23,18,[5 3],24,66,84,42,55
1,<environment.Job instance at 0x7f5020f478c0>,29,14,[ 2 10],30,84,98,54,71
1,<environment.Job instance at 0x7f506b874870>,41,12,[8 3],42,98,110,56,88
1,<environment.Job instance at 0x7f506b874e10>,42,12,[10  2],43,110,122,67,94
1,<environment.Job instance at 0x7f5020dd2aa0>,49,16,[7 1],50,122,138,72,109
1,<environment.Job instance at 0x7f50649f50f0>,56,15,[10  3],57,138,153,81,124
1,<environment.Job instance at 0x7f50649f55a0>,64,13,[5 5],65,153,166,88,140
1,<environment.Job instance at 0x7f502096ce60>,70,13,[10  5],71,166,179,95,151
1,<environment.Job instance at 0x7f502096ceb0>,75,17,[5 9],76,179,196,103,167
1,<environment.Job instance at 0x7f50649c3af0>,81,15,[4 5],82,196,211,114,182
1,<environment.Job instance at 0x7f50649c37d0>,86,15,[9 5],87,211,226,124,200
1,<environment.Job instance at 0x7f5020db1820>,0,3,[6 3],1,1,4,0,1
1,<environment.Job instance at 0x7f5020d59500>,17,1,[8 1],18,32,33,14,32
1,<environment.Job instance at 0x7f5020d67e60>,20,1,[5 1],21,33,34,12,32
1,<environment.Job instance at 0x7f5020d67b40>,21,18,[9 3],22,34,52,12,33
1,<environment.Job instance at 0x7f5020d67fa0>,25,16,[3 7],26,52,68,26,49
1,<environment.Job instance at 0x7f5020d67640>,27,14,[5 3],28,52,66,24,51
1,<environment.Job instance at 0x7f5020d3bf00>,29,16,[4 7],30,68,84,38,57
1,<environment.Job instance at 0x7f5020d3b050>,34,16,[5 5],35,84,100,49,71
1,<environment.Job instance at 0x7f5064b66f00>,49,15,[9 4],50,100,115,50,95
1,<environment.Job instance at 0x7f50208980f0>,56,13,[ 3 10],57,115,128,58,112
1,<environment.Job instance at 0x7f50211691e0>,58,16,[6 3],59,128,144,69,117
1,<environment.Job instance at 0x7f5020c75f50>,14,25,[1 6],15,128,153,113,128
1,<environment.Job instance at 0x7f50649e8280>,61,13,[5 5],62,153,166,91,137
1,<environment.Job instance at 0x7f5064a17550>,66,13,[5 4],67,144,157,77,139
1,<environment.Job instance at 0x7f5064a03460>,75,12,[5 6],76,166,178,90,165
1,<environment.Job instance at 0x7f5020eb06e0>,80,15,[6 2],81,178,193,97,166
1,<environment.Job instance at 0x7f5020eb0b40>,81,15,[8 2],82,193,208,111,179
1,<environment.Job instance at 0x7f50207f4f00>,87,2,[5 3],88,208,210,120,194
1,<environment.Job instance at 0x7f5020c441e0>,88,15,[6 2],89,210,225,121,198
1,<environment.Job instance at 0x7f5020eb0410>,90,13,[1 6],91,209,222,118,209
1,<environment.Job instance at 0x7f5020851280>,5,16,[7 4],6,6,22,0,6
1,<environment.Job instance at 0x7f5067104230>,8,15,[6 4],9,22,37,13,9
1,<environment.Job instance at 0x7f5066e88910>,16,15,[7 3],17,37,52,20,23
1,<environment.Job instance at 0x7f50649620a0>,19,15,[8 1],20,52,67,32,40
1,<environment.Job instance at 0x7f5067397960>,24,15,[10  3],25,67,82,42,63
1,<environment.Job instance at 0x7f5064bde780>,27,14,[6 5],28,82,96,54,67
1,<environment.Job instance at 0x7f5020fcc0a0>,33,17,[8 4],34,96,113,62,85
1,<environment.Job instance at 0x7f5066de4460>,34,14,[2 5],35,85,99,50,85
1,<environment.Job instance at 0x7f5064c16be0>,37,16,[7 2],38,113,129,75,100
1,<environment.Job instance at 0x7f506b87cd20>,30,15,[1 5],31,100,115,69,100
1,<environment.Job instance at 0x7f5067417a00>,51,17,[1 7],52,126,143,74,126
1,<environment.Job instance at 0x7f5067417190>,52,16,[8 4],53,143,159,90,131
1,<environment.Job instance at 0x7f5020a3ccd0>,58,2,[3 9],59,159,161,100,132
1,<environment.Job instance at 0x7f5020a3c410>,59,3,[5 5],60,161,164,101,135
1,<environment.Job instance at 0x7f5064c970a0>,65,17,[3 5],66,167,184,101,167
1,<environment.Job instance at 0x7f5064c97370>,66,14,[6 5],67,167,181,100,167
1,<environment.Job instance at 0x7f50675219b0>,69,18,[6 3],70,181,199,111,173
1,<environment.Job instance at 0x7f5064c97870>,70,13,[ 2 10],71,199,212,128,183
1,<environment.Job instance at 0x7f5067521e10>,73,17,[3 6],74,212,229,138,200
1,<environment.Job instance at 0x7f5020daf960>,78,14,[8 5],79,229,243,150,214
1,<environment.Job instance at 0x7f50649c3e10>,0,19,[8 1],1,3,22,2,3
1,<environment.Job instance at 0x7f5020984c30>,9,3,[6 4],10,22,25,12,10
1,<environment.Job instance at 0x7f5020984f00>,10,16,[9 2],11,25,41,14,12
1,<environment.Job instance at 0x7f506bde30f0>,8,1,[5 5],9,41,42,32,18
1,<environment.Job instance at 0x7f5020a79140>,13,18,[6 2],14,42,60,28,31
1,<environment.Job instance at 0x7f5020c46f00>,26,14,[6 2],27,60,74,33,45
1,<environment.Job instance at 0x7f5066fa1690>,22,16,[1 6],23,47,63,24,47
1,<environment.Job instance at 0x7f5020c46c30>,40,16,[2 5],41,63,79,22,55
1,<environment.Job instance at 0x7f5066f3d820>,50,14,[4 9],51,81,95,30,81
1,<environment.Job instance at 0x7f5066f3dd70>,51,16,[1 7],52,95,111,43,83
1,<environment.Job instance at 0x7f50209860f0>,55,18,[6 5],56,111,129,55,100
1,<environment.Job instance at 0x7f5020986a50>,64,2,[6 5],65,129,131,64,112
1,<environment.Job instance at 0x7f5020986fa0>,65,3,[8 4],66,131,134,65,112
1,<environment.Job instance at 0x7f5020986a00>,66,17,[10  4],67,134,151,67,122
1,<environment.Job instance at 0x7f5020a95780>,72,17,[7 5],73,151,168,78,145
1,<environment.Job instance at 0x7f5020a951e0>,75,16,[9 5],76,168,184,92,155
1,<environment.Job instance at 0x7f5066f3d1e0>,44,17,[6 2],45,184,201,139,174
1,<environment.Job instance at 0x7f5066ff1af0>,88,15,[8 3],89,201,216,112,193
1,<environment.Job instance at 0x7f5066ff1190>,93,16,[8 3],94,216,232,122,203
1,<environment.Job instance at 0x7f5020980f50>,0,2,[5 5],1,1,3,0,1
1,<environment.Job instance at 0x7f5066ff1730>,1,17,[8 2],2,3,20,1,2
1,<environment.Job instance at 0x7f5020980960>,2,2,[7 5],3,20,22,17,3
1,<environment.Job instance at 0x7f5064cfb140>,5,14,[3 9],6,22,36,16,7
1,<environment.Job instance at 0x7f5020a92910>,13,18,[9 4],14,36,54,22,26
1,<environment.Job instance at 0x7f5020a74370>,19,17,[8 1],20,54,71,34,42
1,<environment.Job instance at 0x7f5020a74b40>,18,14,[2 6],19,54,68,35,54
1,<environment.Job instance at 0x7f5020a92730>,14,3,[ 3 10],15,71,74,56,54
1,<environment.Job instance at 0x7f5020a74280>,25,12,[7 1],26,74,86,48,57
1,<environment.Job instance at 0x7f5020a74eb0>,23,16,[9 2],24,86,102,62,75
1,<environment.Job instance at 0x7f5020a9aa50>,34,18,[ 5 10],35,102,120,67,91
1,<environment.Job instance at 0x7f5020a9a320>,38,3,[8 5],39,120,123,81,102
1,<environment.Job instance at 0x7f5020a74b90>,24,13,[5 9],25,123,136,98,108
1,<environment.Job instance at 0x7f5020a851e0>,44,15,[9 1],45,142,157,97,142
1,<environment.Job instance at 0x7f5020a85dc0>,50,14,[8 2],51,157,171,106,147
1,<environment.Job instance at 0x7f5020a85b40>,51,18,[10  3],52,171,189,119,160
1,<environment.Job instance at 0x7f5020a859b0>,55,12,[2 6],56,189,201,133,172
1,<environment.Job instance at 0x7f5020a852d0>,47,1,[ 4 10],48,201,202,153,186
1,<environment.Job instance at 0x7f5020a879b0>,61,12,[5 2],62,202,214,140,192
1,<environment.Job instance at 0x7f5020a87690>,63,16,[7 5],64,214,230,150,201
1,<environment.Job instance at 0x7f5020a87050>,65,17,[9 4],66,230,247,164,219
1,<environment.Job instance at 0x7f8833dc4230>,0,17,[6 1],1,1,18,0,1
1,<environment.Job instance at 0x7f882e9b45a0>,6,15,[2 8],7,7,22,0,7
1,<environment.Job instance at 0x7f882e9b4550>,7,14,[7 5],8,22,36,14,8
1,<environment.Job instance at 0x7f882e9b4780>,8,17,[1 8],9,36,53,27,36
1,<environment.Job instance at 0x7f882e9b8320>,22,12,[3 8],23,53,65,30,52
1,<environment.Job instance at 0x7f882e9b8500>,23,16,[6 2],24,52,68,28,52
1,<environment.Job instance at 0x7f882e9b86e0>,26,12,[8 5],27,68,80,41,52
1,<environment.Job instance at 0x7f8833e16af0>,9,12,[8 2],10,80,92,70,65
1,<environment.Job instance at 0x7f882e9b8550>,27,17,[4 6],28,92,109,64,80
1,<environment.Job instance at 0x7f882e9b8d20>,37,14,[5 8],38,109,123,71,94
1,<environment.Job instance at 0x7f882e9b8fa0>,39,14,[9 4],40,123,137,83,108
1,<environment.Job instance at 0x7f882e9b65a0>,45,15,[7 5],46,137,152,91,125
1,<environment.Job instance at 0x7f882e9b6910>,58,17,[3 7],59,152,169,93,140
1,<environment.Job instance at 0x7f882e9b9550>,67,16,[1 9],68,169,185,101,160
1,<environment.Job instance at 0x7f882e9b9a50>,69,14,[9 4],70,185,199,115,170
1,<environment.Job instance at 0x7f882e9b9dc0>,72,18,[3 5],73,199,217,126,188
1,<environment.Job instance at 0x7f882e9bd190>,78,14,[6 1],79,199,213,120,188
1,<environment.Job instance at 0x7f882e9b9370>,63,12,[5 3],64,213,225,149,206
1,<environment.Job instance at 0x7f882e9cc460>,0,17,[9 5],1,1,18,0,1
1,<environment.Job instance at 0x7f882e9d8410>,10,23,[4 7],11,23,46,12,23
1,<environment.Job instance at 0x7f87e8db25a0>,21,17,[3 6],22,46,63,24,46
1,<environment.Job instance at 0x7f87e8db26e0>,22,13,[2 5],23,63,76,40,47
1,<environment.Job instance at 0x7f87e8da9be0>,13,14,[5 9],14,76,90,62,61
1,<environment.Job instance at 0x7f87e8db0140>,32,15,[8 2],33,103,118,70,103
1,<environment.Job instance at 0x7f87e8db0280>,34,15,[8 5],35,118,133,83,106
1,<environment.Job instance at 0x7f87e8db29b0>,25,21,[1 6],26,133,154,107,126
1,<environment.Job instance at 0x7f87e8db5550>,49,2,[7 2],50,151,153,101,151
1,<environment.Job instance at 0x7f87e8db5370>,51,13,[8 1],52,153,166,101,151
1,<environment.Job instance at 0x7f87e8db6410>,54,13,[4 5],55,166,179,111,155
1,<environment.Job instance at 0x7f87e8db62d0>,60,13,[3 5],61,177,190,116,177
1,<environment.Job instance at 0x7f87e8daaaf0>,67,14,[10  5],68,190,204,122,185
1,<environment.Job instance at 0x7f87e8db54b0>,45,18,[5 4],46,208,226,162,208
1,<environment.Job instance at 0x7f87e8e15fa0>,80,18,[5 8],81,226,244,145,222
1,<environment.Job instance at 0x7f882e9d2dc0>,0,16,[ 4 10],1,1,17,0,1
1,<environment.Job instance at 0x7f87e8c786e0>,4,17,[6 1],5,17,34,12,5
1,<environment.Job instance at 0x7f87e8c27780>,10,15,[1 9],11,21,36,10,21
1,<environment.Job instance at 0x7f87e8c27aa0>,16,16,[2 9],17,36,52,19,29
1,<environment.Job instance at 0x7f88311a4910>,18,15,[10  4],19,52,67,33,39
1,<environment.Job instance at 0x7f882eb321e0>,26,27,[2 6],27,67,94,40,65
1,<environment.Job instance at 0x7f882e802b40>,35,14,[6 1],36,77,91,41,77
1,<environment.Job instance at 0x7f882e801910>,42,16,[6 4],43,91,107,48,78
1,<environment.Job instance at 0x7f8833f35190>,44,14,[3 6],45,94,108,49,80
1,<environment.Job instance at 0x7f8833f35dc0>,45,13,[7 4],46,107,120,61,91
1,<environment.Job instance at 0x7f8833f2ce60>,53,1,[5 8],54,124,125,70,124
1,<environment.Job instance at 0x7f8833f3f460>,56,14,[9 4],57,136,150,79,136
1,<environment.Job instance at 0x7f8833f3f320>,58,14,[8 2],59,150,164,91,136
1,<environment.Job instance at 0x7f8833f2ccd0>,52,12,[7 5],53,180,192,127,180
1,<environment.Job instance at 0x7f882e855aa0>,73,3,[10  3],74,211,214,137,211
1,<environment.Job instance at 0x7f882ee69230>,74,1,[ 3 10],75,214,215,139,211
1,<environment.Job instance at 0x7f882ee69910>,75,14,[3 8],76,215,229,139,211
1,<environment.Job instance at 0x7f882ee69050>,77,13,[3 7],78,229,242,151,217
1,<environment.Job instance at 0x7f88314ae190>,0,13,[10  1],1,1,14,0,1
1,<environment.Job instance at 0x7f87e9259870>,7,2,[3 7],8,14,16,6,8
1,<environment.Job instance at 0x7f882ea76eb0>,10,17,[5 6],11,16,33,5,11
1,<environment.Job instance at 0x7f882ee5fd70>,16,15,[10  2],17,33,48,16,25
1,<environment.Job instance at 0x7f88310fb320>,26,12,[6 4],27,61,73,34,61
1,<environment.Job instance at 0x7f882ede44b0>,29,15,[ 3 10],30,73,88,43,64
1,<environment.Job instance at 0x7f882ede4870>,32,14,[5 1],33,88,102,55,75
1,<environment.Job instance at 0x7f882ea820f0>,36,14,[8 4],37,102,116,65,89
1,<environment.Job instance at 0x7f882e9f6320>,46,3,[3 9],47,119,122,72,119
1,<environment.Job instance at 0x7f882e9f6aa0>,48,13,[1 5],49,122,135,73,119
1,<environment.Job instance at 0x7f882e9f61e0>,47,15,[6 1],48,120,135,72,120
1,<environment.Job instance at 0x7f882e9f66e0>,51,14,[3 6],52,135,149,83,121
1,<environment.Job instance at 0x7f882e9f6f50>,55,16,[9 2],56,150,166,94,150
1,<environment.Job instance at 0x7f882ed8d960>,65,15,[6 2],66,180,195,114,180
1,<environment.Job instance at 0x7f882ed8da50>,57,15,[9 1],58,195,210,137,183
1,<environment.Job instance at 0x7f882ea70320>,72,12,[6 2],73,210,222,137,193
1,<environment.Job instance at 0x7f882eab6be0>,75,16,[6 2],76,222,238,146,209
1,<environment.Job instance at 0x7f882eab6c30>,78,14,[8 5],79,238,252,159,223
1,<environment.Job instance at 0x7f87e8f87320>,0,16,[10  3],1,2,18,1,2
1,<environment.Job instance at 0x7f88311b17d0>,6,13,[8 5],7,18,31,11,7
1,<environment.Job instance at 0x7f8831079c80>,18,15,[6 2],19,32,47,13,32
1,<environment.Job instance at 0x7f87e905f370>,22,14,[8 5],23,47,61,24,32
1,<environment.Job instance at 0x7f882e806870>,33,18,[ 2 10],34,71,89,37,71
1,<environment.Job instance at 0x7f88314a9b40>,41,12,[3 9],42,90,102,48,90
1,<environment.Job instance at 0x7f88314a7be0>,46,2,[5 7],47,127,129,80,127
1,<environment.Job instance at 0x7f88314a7f00>,48,2,[6 4],49,130,132,81,130
1,<environment.Job instance at 0x7f88314afeb0>,60,15,[6 3],61,161,176,100,161
1,<environment.Job instance at 0x7f88314a7640>,55,14,[10  1],56,176,190,120,165
1,<environment.Job instance at 0x7f88314afc30>,63,18,[3 7],64,195,213,131,195
1,<environment.Job instance at 0x7f8831486320>,75,13,[8 4],76,213,226,137,203
1,<environment.Job instance at 0x7f8831486780>,76,13,[6 5],77,226,239,149,211
1,<environment.Job instance at 0x7f882e9cc910>,1,15,[5 5],2,2,17,0,2
1,<environment.Job instance at 0x7f882e9093c0>,3,16,[6 1],4,17,33,13,4
1,<environment.Job instance at 0x7f882e909a00>,8,16,[6 5],9,33,49,24,20
1,<environment.Job instance at 0x7f882ea52eb0>,19,12,[1 6],20,20,32,0,20
1,<environment.Job instance at 0x7f882ea52730>,22,15,[4 9],23,49,64,26,35
1,<environment.Job instance at 0x7f882ea52820>,25,15,[7 1],26,64,79,38,50
1,<environment.Job instance at 0x7f87e8c50640>,37,2,[10  5],38,84,86,46,84
1,<environment.Job instance at 0x7f87e8c507d0>,42,18,[5 3],43,111,129,68,111
1,<environment.Job instance at 0x7f87e8c50dc0>,39,14,[7 5],40,156,170,116,156
1,<environment.Job instance at 0x7f883135f500>,54,15,[8 2],55,173,188,118,173
1,<environment.Job instance at 0x7f8831348280>,56,17,[1 6],57,176,193,119,176
1,<environment.Job instance at 0x7f8831348b90>,57,18,[5 5],58,193,211,135,182
1,<environment.Job instance at 0x7f883135f5a0>,53,18,[5 5],54,193,211,139,188
1,<environment.Job instance at 0x7f8831348e10>,58,18,[ 3 10],59,222,240,163,222
1,<environment.Job instance at 0x7f883135aa50>,69,13,[7 1],70,240,253,170,228
1,<environment.Job instance at 0x7f882ee18c80>,0,15,[4 8],1,1,16,0,1
1,<environment.Job instance at 0x7f87e8e12aa0>,8,16,[6 5],9,16,32,7,15
1,<environment.Job instance at 0x7f882ec01640>,14,12,[9 4],15,32,44,17,16
1,<environment.Job instance at 0x7f882ec72140>,24,16,[4 7],25,44,60,19,44
1,<environment.Job instance at 0x7f88313ed870>,32,14,[4 9],33,70,84,37,70
1,<environment.Job instance at 0x7f88315b40a0>,37,18,[3 9],38,84,102,46,78
1,<environment.Job instance at 0x7f882e92a500>,45,16,[5 5],46,102,118,56,102
1,<environment.Job instance at 0x7f882e8ae050>,52,15,[2 7],53,118,133,65,112
1,<environment.Job instance at 0x7f882eb68dc0>,68,13,[ 5 10],69,166,179,97,166
1,<environment.Job instance at 0x7f882e8ae870>,50,14,[2 8],51,179,193,128,166
1,<environment.Job instance at 0x7f882e912e60>,74,13,[4 6],75,193,206,118,181
1,<environment.Job instance at 0x7f882eb432d0>,79,15,[5 9],80,217,232,137,217
1,<environment.Job instance at 0x7f87e91046e0>,0,2,[8 2],1,1,3,0,1
1,<environment.Job instance at 0x7f882ec72050>,2,1,[4 6],3,3,4,0,3
1,<environment.Job instance at 0x7f882e97d730>,10,3,[8 2],11,12,15,1,12
1,<environment.Job instance at 0x7f8831042550>,11,15,[9 5],12,15,30,3,14
1,<environment.Job instance at 0x7f882ecab0a0>,12,14,[ 1 10],13,30,44,17,17
1,<environment.Job instance at 0x7f882e71e910>,22,16,[10  1],23,44,60,21,31
1,<environment.Job instance at 0x7f882e71eb40>,24,12,[4 9],25,60,72,35,46
1,<environment.Job instance at 0x7f882e71eb90>,25,12,[7 2],26,72,84,46,55
1,<environment.Job instance at 0x7f882e71e9b0>,28,15,[10  2],29,84,99,55,70
1,<environment.Job instance at 0x7f882e71efa0>,32,15,[1 7],33,99,114,66,85
1,<environment.Job instance at 0x7f882e740320>,36,13,[8 3],37,99,112,62,85
1,<environment.Job instance at 0x7f882e740780>,43,12,[5 9],44,114,126,70,104
1,<environment.Job instance at 0x7f882e740dc0>,53,18,[8 1],54,164,182,110,164
1,<environment.Job instance at 0x7f882e7341e0>,55,12,[10  3],56,182,194,126,168
1,<environment.Job instance at 0x7f882e7342d0>,59,12,[7 1],60,194,206,134,177
1,<environment.Job instance at 0x7f882e740a00>,49,20,[2 8],50,194,214,144,190
1,<environment.Job instance at 0x7f882e734550>,63,14,[5 6],64,214,228,150,199
1,<environment.Job instance at 0x7f882e734f50>,74,14,[10  5],75,228,242,153,216
1,<environment.Job instance at 0x7f882e978af0>,0,15,[2 8],1,1,16,0,1
1,<environment.Job instance at 0x7f882ea39500>,2,14,[1 9],3,16,30,13,3
1,<environment.Job instance at 0x7f87e904f690>,11,13,[5 2],12,30,43,18,19
1,<environment.Job instance at 0x7f87e904f370>,12,14,[9 2],13,43,57,30,28
1,<environment.Job instance at 0x7f87e904f9b0>,17,2,[9 5],18,57,59,39,49
1,<environment.Job instance at 0x7f87e904fb90>,18,12,[9 4],19,59,71,40,49
1,<environment.Job instance at 0x7f88310dd690>,30,14,[6 3],31,71,85,40,69
1,<environment.Job instance at 0x7f88310dd460>,31,16,[9 2],32,85,101,53,72
1,<environment.Job instance at 0x7f87e913b500>,35,13,[10  4],36,101,114,65,85
1,<environment.Job instance at 0x7f8818821b40>,42,13,[ 4 10],43,115,128,72,115
1,<environment.Job instance at 0x7f883116be10>,46,14,[9 1],47,129,143,82,129
1,<environment.Job instance at 0x7f882e92cdc0>,49,3,[6 3],50,143,146,93,129
1,<environment.Job instance at 0x7f8830fafbe0>,53,18,[8 3],54,146,164,92,136
1,<environment.Job instance at 0x7f882eb00780>,43,17,[7 2],44,164,181,120,153
1,<environment.Job instance at 0x7f87e9315f00>,65,18,[4 5],66,181,199,115,170
1,<environment.Job instance at 0x7f882ed58550>,71,15,[3 7],72,199,214,127,186
1,<environment.Job instance at 0x7f882ed58a50>,70,17,[8 5],71,214,231,143,203
1,<environment.Job instance at 0x7f87e8e450f0>,68,14,[9 3],69,231,245,162,217
1,<environment.Job instance at 0x7f882ee16370>,0,12,[4 8],1,1,13,0,1
1,<environment.Job instance at 0x7f882eb9d230>,5,3,[4 7],6,13,16,7,6
1,<environment.Job instance at 0x7f882eb9d960>,6,18,[3 6],7,16,34,9,7
1,<environment.Job instance at 0x7f883113a280>,16,3,[7 1],17,46,49,29,46
1,<environment.Job instance at 0x7f882ec18370>,20,17,[2 7],21,47,64,26,47
1,<environment.Job instance at 0x7f882ebc42d0>,29,1,[5 7],30,75,76,45,75
1,<environment.Job instance at 0x7f87e8eb0eb0>,36,15,[7 3],37,113,128,76,113
1,<environment.Job instance at 0x7f87e9162230>,38,13,[2 8],39,128,141,89,121
1,<environment.Job instance at 0x7f87e8bfd0f0>,39,14,[ 1 10],40,141,155,101,127
1,<environment.Job instance at 0x7f87e8bfdaa0>,44,12,[1 9],45,155,167,110,140
1,<environment.Job instance at 0x7f87e8bfd2d0>,46,18,[8 3],47,167,185,120,156
1,<environment.Job instance at 0x7f87e91e5370>,51,14,[8 1],52,185,199,133,170
1,<environment.Job instance at 0x7f87e91e5690>,54,18,[6 4],55,199,217,144,188
1,<environment.Job instance at 0x7f87e9162050>,35,22,[6 4],36,225,247,189,225
1,<environment.Job instance at 0x7f87e90c11e0>,68,16,[8 2],69,247,263,178,235
1,<environment.Job instance at 0x7f882ed069b0>,0,16,[6 4],1,1,17,0,1
1,<environment.Job instance at 0x7f87e91e50a0>,3,3,[2 6],4,4,7,0,4
1,<environment.Job instance at 0x7f87e90c11e0>,4,3,[3 8],5,17,20,12,5
1,<environment.Job instance at 0x7f87e8bfd190>,8,12,[9 1],9,20,32,11,9
1,<environment.Job instance at 0x7f87e8d31e10>,18,16,[6 3],19,32,48,13,19
1,<environment.Job instance at 0x7f87e8c7a550>,13,2,[6 4],14,48,50,34,23
1,<environment.Job instance at 0x7f87e8d01320>,23,14,[8 3],24,50,64,26,36
1,<environment.Job instance at 0x7f87e8d01500>,28,14,[10  3],29,64,78,35,50
1,<environment.Job instance at 0x7f87e8d31eb0>,21,3,[5 8],22,78,81,56,65
1,<environment.Job instance at 0x7f87e8d010a0>,38,18,[2 8],39,81,99,42,71
1,<environment.Job instance at 0x7f87e8d01dc0>,40,15,[5 9],41,99,114,58,89
1,<environment.Job instance at 0x7f87e8d01cd0>,39,3,[7 2],40,114,117,74,100
1,<environment.Job instance at 0x7f87e8d02140>,45,14,[1 5],46,114,128,68,102
1,<environment.Job instance at 0x7f87e8d021e0>,46,16,[7 4],47,117,133,70,108
1,<environment.Job instance at 0x7f87e8d029b0>,56,15,[6 4],57,133,148,76,128
1,<environment.Job instance at 0x7f87e8d02a50>,59,18,[1 5],60,130,148,70,130
1,<environment.Job instance at 0x7f87e8d02d20>,63,16,[10  5],64,158,174,94,158
1,<environment.Job instance at 0x7f87e8d043c0>,73,13,[10  4],74,174,187,100,161
1,<environment.Job instance at 0x7f8831274910>,0,1,[7 1],1,1,2,0,1
1,<environment.Job instance at 0x7f882ebc0c30>,1,16,[5 9],2,2,18,0,2
1,<environment.Job instance at 0x7f87e8e1bb40>,5,13,[1 5],6,18,31,12,6
1,<environment.Job instance at 0x7f87e8e1bd20>,6,17,[10  4],7,31,48,24,19
1,<environment.Job instance at 0x7f882ed968c0>,13,15,[1 5],14,48,63,34,34
1,<environment.Job instance at 0x7f882ed96c80>,16,15,[4 7],17,63,78,46,49
1,<environment.Job instance at 0x7f87e8f0b460>,23,15,[7 2],24,78,93,54,64
1,<environment.Job instance at 0x7f87e8f0b0a0>,28,17,[3 6],29,78,95,49,69
1,<environment.Job instance at 0x7f87e8f0b910>,31,12,[ 5 10],32,95,107,63,82
1,<environment.Job instance at 0x7f882e92d960>,36,16,[1 9],37,107,123,70,94
1,<environment.Job instance at 0x7f87e8c3eeb0>,43,12,[5 5],44,123,135,79,107
1,<environment.Job instance at 0x7f87e8c3e0a0>,44,14,[1 7],45,135,149,90,120
1,<environment.Job instance at 0x7f88314f98c0>,7,14,[7 2],8,135,149,127,133
1,<environment.Job instance at 0x7f87e8c3e640>,48,18,[4 6],49,149,167,100,138
1,<environment.Job instance at 0x7f883166b050>,56,17,[ 2 10],57,167,184,110,155
1,<environment.Job instance at 0x7f883166baa0>,63,3,[3 7],64,184,187,120,173
1,<environment.Job instance at 0x7f883166b910>,65,13,[7 3],66,184,197,118,174
1,<environment.Job instance at 0x7f8831112cd0>,72,16,[7 2],73,204,220,131,204
1,<environment.Job instance at 0x7f882e9eba50>,75,14,[ 2 10],76,220,234,144,209
1,<environment.Job instance at 0x7f882ed96820>,12,18,[ 1 10],13,234,252,221,223
1,<environment.Job instance at 0x7f8831557c80>,0,13,[4 5],1,1,14,0,1
1,<environment.Job instance at 0x7f882e9eb3c0>,1,15,[5 5],2,2,17,0,2
1,<environment.Job instance at 0x7f87e90ec1e0>,4,17,[7 2],5,17,34,12,5
1,<environment.Job instance at 0x7f882e95c730>,17,17,[3 5],18,18,35,0,18
1,<environment.Job instance at 0x7f882e95cfa0>,20,13,[4 7],21,35,48,14,23
1,<environment.Job instance at 0x7f882eb3f0f0>,27,18,[3 6],28,48,66,20,37
1,<environment.Job instance at 0x7f882eb3f280>,33,17,[6 1],34,43,60,9,43
1,<environment.Job instance at 0x7f882eb3f4b0>,36,16,[ 2 10],37,66,82,29,53
1,<environment.Job instance at 0x7f88311b30f0>,48,17,[2 8],49,82,99,33,75
1,<environment.Job instance at 0x7f87e90ecc80>,12,15,[9 5],13,99,114,86,99
1,<environment.Job instance at 0x7f87e8dccdc0>,54,3,[ 2 10],55,114,117,59,99
1,<environment.Job instance at 0x7f87e8dcc370>,57,2,[3 5],58,117,119,59,99
1,<environment.Job instance at 0x7f8830ff1e10>,67,16,[8 2],68,119,135,51,113
1,<environment.Job instance at 0x7f8830ff1370>,70,16,[ 4 10],71,135,151,64,122
1,<environment.Job instance at 0x7f882ec26e10>,81,16,[ 5 10],82,164,180,82,164
1,<environment.Job instance at 0x7f882ec268c0>,84,13,[9 1],85,180,193,95,169
1,<environment.Job instance at 0x7f87e8d02690>,0,16,[4 9],1,1,17,0,1
1,<environment.Job instance at 0x7f882ea27c30>,4,13,[9 2],5,17,30,12,5
1,<environment.Job instance at 0x7f87e90a86e0>,14,13,[5 9],15,30,43,15,15
1,<environment.Job instance at 0x7f8830f97410>,18,18,[5 3],19,43,61,24,32
1,<environment.Job instance at 0x7f8831421e60>,13,20,[2 6],14,43,63,29,37
1,<environment.Job instance at 0x7f87e928d640>,24,12,[5 4],25,61,73,36,46
1,<environment.Job instance at 0x7f87e928d960>,27,14,[3 8],28,73,87,45,63
1,<environment.Job instance at 0x7f87e9297d70>,32,17,[9 3],33,87,104,54,76
1,<environment.Job instance at 0x7f87e92971e0>,36,18,[9 5],37,104,122,67,93
1,<environment.Job instance at 0x7f87e929b230>,37,15,[10  2],38,122,137,84,114
1,<environment.Job instance at 0x7f882eb56780>,49,13,[3 6],50,137,150,87,123
1,<environment.Job instance at 0x7f8831505be0>,52,13,[2 5],53,150,163,97,134
1,<environment.Job instance at 0x7f882e872eb0>,60,18,[7 5],61,150,168,89,146
1,<environment.Job instance at 0x7f882eb4b190>,62,13,[5 5],63,168,181,105,153
1,<environment.Job instance at 0x7f882e890500>,63,12,[1 5],64,163,175,99,153
1,<environment.Job instance at 0x7f87e8c5e910>,67,13,[2 9],68,181,194,113,165
1,<environment.Job instance at 0x7f87e8c5ed70>,68,13,[7 3],69,194,207,125,178
1,<environment.Job instance at 0x7f88315040a0>,77,1,[1 5],78,202,203,124,202
1,<environment.Job instance at 0x7f8831504730>,80,2,[2 7],81,203,205,122,202
1,<environment.Job instance at 0x7f8831504c80>,81,18,[ 5 10],82,207,225,125,203
1,<environment.Job instance at 0x7f88313a6b40>,89,14,[8 2],90,225,239,135,213
1,<environment.Job instance at 0x7f87e8b6baf0>,0,3,[9 4],1,1,4,0,1
1,<environment.Job instance at 0x7f88315b43c0>,1,1,[7 1],2,4,5,2,2
1,<environment.Job instance at 0x7f87e928d0a0>,2,3,[4 9],3,5,8,2,3
1,<environment.Job instance at 0x7f87e89cafa0>,3,15,[ 5 10],4,8,23,4,4
1,<environment.Job instance at 0x7f87e8aa43c0>,7,12,[10  3],8,23,35,15,8
1,<environment.Job instance at 0x7f882e81b2d0>,10,18,[5 7],11,35,53,24,24
1,<environment.Job instance at 0x7f882e81b640>,17,16,[6 3],18,53,69,35,40
1,<environment.Job instance at 0x7f882ead7190>,18,14,[5 7],19,69,83,50,54
1,<environment.Job instance at 0x7f882ead7320>,21,16,[7 1],22,83,99,61,70
1,<environment.Job instance at 0x7f8833b517d0>,27,12,[10  4],28,99,111,71,82
1,<environment.Job instance at 0x7f87e8aa45f0>,11,13,[ 3 10],12,125,138,113,125
1,<environment.Job instance at 0x7f882e996d20>,36,3,[7 5],37,138,141,101,126
1,<environment.Job instance at 0x7f8831198fa0>,43,12,[1 5],44,138,150,94,127
1,<environment.Job instance at 0x7f8831198a00>,42,17,[5 5],43,141,158,98,130
1,<environment.Job instance at 0x7f87e8ce96e0>,47,16,[6 1],48,158,174,110,146
1,<environment.Job instance at 0x7f87e8ce9be0>,53,17,[2 7],54,158,175,104,147
1,<environment.Job instance at 0x7f87e8e17050>,57,16,[3 9],58,175,191,117,162
1,<environment.Job instance at 0x7f87e8e177d0>,60,14,[7 4],61,191,205,130,176
1,<environment.Job instance at 0x7f87e8ce99b0>,48,1,[5 4],49,205,206,156,190
1,<environment.Job instance at 0x7f88313a3c30>,63,18,[5 3],64,205,223,141,194
1,<environment.Job instance at 0x7f88313a3910>,65,14,[5 5],66,206,220,140,194
1,<environment.Job instance at 0x7f883166de10>,72,15,[6 5],73,223,238,150,214
1,<environment.Job instance at 0x7f883166a960>,1,1,[4 8],2,2,3,0,2
1,<environment.Job instance at 0x7f883166d460>,2,2,[10  1],3,3,5,0,3
1,<environment.Job instance at 0x7f8830f4b5f0>,3,17,[5 3],4,5,22,1,5
1,<environment.Job instance at 0x7f8830fccfa0>,5,13,[1 9],6,22,35,16,6
1,<environment.Job instance at 0x7f87e897f1e0>,14,13,[ 2 10],15,35,48,20,24
1,<environment.Job instance at 0x7f87e897faf0>,18,13,[10  3],19,49,62,30,49
1,<environment.Job instance at 0x7f87e897f320>,21,14,[5 2],22,62,76,40,49
1,<environment.Job instance at 0x7f87e897f230>,24,17,[9 4],25,76,93,51,64
1,<environment.Job instance at 0x7f87e8aa94b0>,30,3,[6 3],31,93,96,62,80
1,<environment.Job instance at 0x7f87e8aa9410>,40,3,[9 5],41,131,134,90,131
1,<environment.Job instance at 0x7f87e8aa9910>,41,2,[5 1],42,134,136,92,131
1,<environment.Job instance at 0x7f87e8aa9cd0>,46,18,[7 1],47,147,165,100,147
1,<environment.Job instance at 0x7f87e8d54410>,55,16,[3 7],56,161,177,105,161
1,<environment.Job instance at 0x7f87e8d54be0>,56,13,[ 1 10],57,177,190,120,163
1,<environment.Job instance at 0x7f87e8d54cd0>,58,14,[7 2],59,190,204,131,175
1,<environment.Job instance at 0x7f87e8d54190>,64,16,[5 5],65,204,220,139,192
1,<environment.Job instance at 0x7f87e897f140>,15,3,[10  5],16,220,223,204,200
1,<environment.Job instance at 0x7f87e8aadbe0>,75,14,[4 9],76,223,237,147,208
1,<environment.Job instance at 0x7f87e8aa9960>,0,13,[8 2],1,1,14,0,1
1,<environment.Job instance at 0x7f87e933dfa0>,4,12,[3 8],5,14,26,9,5
1,<environment.Job instance at 0x7f882e7d9e10>,8,13,[6 3],9,26,39,17,10
1,<environment.Job instance at 0x7f882eed6be0>,11,12,[5 4],12,39,51,27,22
1,<environment.Job instance at 0x7f882eed6a50>,12,1,[4 8],13,51,52,38,23
1,<environment.Job instance at 0x7f8831154aa0>,19,17,[5 7],20,52,69,32,40
1,<environment.Job instance at 0x7f882e9a4c80>,26,12,[5 2],27,49,61,22,49
1,<environment.Job instance at 0x7f882e9a4870>,28,15,[6 4],29,69,84,40,56
1,<environment.Job instance at 0x7f882e9cafa0>,34,16,[6 1],35,84,100,49,72
1,<environment.Job instance at 0x7f882e9ca8c0>,38,17,[5 7],39,100,117,61,88
1,<environment.Job instance at 0x7f882e9a31e0>,40,14,[10  4],41,117,131,76,102
1,<environment.Job instance at 0x7f87e8ef5870>,47,14,[6 5],48,131,145,83,122
1,<environment.Job instance at 0x7f882e9c7f50>,54,14,[2 5],55,131,145,76,129
1,<environment.Job instance at 0x7f8831373e60>,55,17,[2 5],56,145,162,89,133
1,<environment.Job instance at 0x7f882ed52460>,56,15,[8 3],57,145,160,88,133
1,<environment.Job instance at 0x7f882ed57460>,59,16,[5 4],60,160,176,100,147
1,<environment.Job instance at 0x7f8830ffa370>,64,17,[1 9],65,176,193,111,164
1,<environment.Job instance at 0x7f8830ffa5f0>,72,16,[8 4],73,193,209,120,193
1,<environment.Job instance at 0x7f883102e5a0>,77,14,[5 3],78,209,223,131,198
1,<environment.Job instance at 0x7f882e80b820>,0,17,[5 6],1,1,18,0,1
1,<environment.Job instance at 0x7f8830f92500>,16,1,[5 2],17,18,19,1,18
1,<environment.Job instance at 0x7f882e95b870>,17,18,[9 5],18,19,37,1,18
1,<environment.Job instance at 0x7f87e8b6bf50>,19,3,[6 4],20,37,40,17,20
1,<environment.Job instance at 0x7f882e9b9640>,20,16,[9 2],21,40,56,19,27
1,<environment.Job instance at 0x7f882ebd40a0>,29,18,[8 4],30,56,74,26,46
1,<environment.Job instance at 0x7f8831344b40>,32,16,[1 6],33,48,64,15,48
1,<environment.Job instance at 0x7f8831344d20>,33,15,[5 3],34,74,89,40,60
1,<environment.Job instance at 0x7f8831344910>,35,14,[5 2],36,74,88,38,60
1,<environment.Job instance at 0x7f882e943eb0>,50,16,[2 5],51,88,104,37,76
1,<environment.Job instance at 0x7f88312ffe60>,51,14,[7 4],52,89,103,37,76
1,<environment.Job instance at 0x7f88312ffeb0>,58,12,[7 4],59,103,115,44,91
1,<environment.Job instance at 0x7f87e92f5b40>,60,14,[4 9],61,115,129,54,100
1,<environment.Job instance at 0x7f88310408c0>,65,18,[6 5],66,129,147,63,123
1,<environment.Job instance at 0x7f87e8d705a0>,76,17,[10  4],77,150,167,73,150
1,<environment.Job instance at 0x7f87e8ed5730>,79,13,[6 3],80,167,180,87,154
1,<environment.Job instance at 0x7f87e8ed56e0>,80,15,[7 3],81,180,195,99,166
1,<environment.Job instance at 0x7f88313c1a50>,82,17,[7 5],83,195,212,112,183
1,<environment.Job instance at 0x7f88313c17d0>,89,16,[1 7],90,212,228,122,199
1,<environment.Job instance at 0x7f88313c13c0>,98,15,[8 3],99,212,227,113,201
1,<environment.Job instance at 0x7f882e9658c0>,0,2,[5 5],1,1,3,0,1
1,<environment.Job instance at 0x7f882e965a50>,1,17,[8 2],2,3,20,1,2
1,<environment.Job instance at 0x7f882e80dc80>,6,18,[5 5],7,23,41,16,23
1,<environment.Job instance at 0x7f87e89e5140>,18,14,[2 6],19,42,56,23,42
1,<environment.Job instance at 0x7f87e89e5190>,19,17,[8 1],20,44,61,24,44
1,<environment.Job instance at 0x7f87e89e5050>,22,13,[1 9],23,56,69,33,52
1,<environment.Job instance at 0x7f87e8c73780>,26,16,[7 5],27,69,85,42,66
1,<environment.Job instance at 0x7f87e89e50f0>,23,16,[9 2],24,85,101,61,78
1,<environment.Job instance at 0x7f87e8c73820>,36,23,[3 6],37,101,124,64,95
1,<environment.Job instance at 0x7f882ed0df50>,43,14,[5 3],44,102,116,58,102
1,<environment.Job instance at 0x7f882ed0dd20>,48,16,[2 9],49,124,140,75,111
1,<environment.Job instance at 0x7f882ecb74b0>,49,17,[ 4 10],50,140,157,90,128
1,<environment.Job instance at 0x7f882ecb7820>,55,12,[2 6],56,157,169,101,146
1,<environment.Job instance at 0x7f882ecb7eb0>,59,3,[ 3 10],60,169,172,109,152
1,<environment.Job instance at 0x7f882ecb7780>,60,14,[4 9],61,172,186,111,157
1,<environment.Job instance at 0x7f882ecb7050>,61,12,[5 2],62,157,169,95,157
1,<environment.Job instance at 0x7f882eb25050>,65,17,[9 4],66,186,203,120,174
1,<environment.Job instance at 0x7f882eb25e60>,71,15,[7 3],72,203,218,131,189
1,<environment.Job instance at 0x7f882eb25b40>,74,16,[4 8],75,218,234,143,217
1,<environment.Job instance at 0x7f882e9655f0>,0,1,[2 7],1,1,2,0,1
1,<environment.Job instance at 0x7f882e965410>,1,13,[10  5],2,2,15,0,2
1,<environment.Job instance at 0x7f882eb58460>,5,17,[7 2],6,15,32,9,6
1,<environment.Job instance at 0x7f882eb6b9b0>,8,12,[4 6],9,32,44,23,15
1,<environment.Job instance at 0x7f882eb6b7d0>,16,14,[5 7],17,44,58,27,32
1,<environment.Job instance at 0x7f882eb6b820>,19,17,[5 9],20,58,75,38,46
1,<environment.Job instance at 0x7f882eb3e460>,25,18,[8 3],26,75,93,49,65
1,<environment.Job instance at 0x7f882eb3e640>,30,16,[6 4],31,93,109,62,80
1,<environment.Job instance at 0x7f882eb3e870>,31,16,[10  3],32,109,125,77,96
1,<environment.Job instance at 0x7f882eb5b8c0>,40,15,[5 2],41,125,140,84,111
1,<environment.Job instance at 0x7f883111c4b0>,49,14,[2 9],50,140,154,90,127
1,<environment.Job instance at 0x7f883111c500>,50,12,[3 9],51,154,166,103,137
1,<environment.Job instance at 0x7f882e9657d0>,3,14,[6 5],4,166,180,162,153
1,<environment.Job instance at 0x7f883112faa0>,63,14,[9 4],64,180,194,116,167
1,<environment.Job instance at 0x7f8831118910>,74,12,[5 1],75,194,206,119,194
1,<environment.Job instance at 0x7f8831118aa0>,76,12,[7 1],77,206,218,129,194
1,<environment.Job instance at 0x7f88310fa320>,83,18,[5 4],84,218,236,134,207
1,<environment.Job instance at 0x7fa087e8a4b0>,2,12,[5 4],3,3,15,0,3
1,<environment.Job instance at 0x7fa080a80a50>,5,13,[5 9],6,15,28,9,6
1,<environment.Job instance at 0x7fa080a851e0>,12,3,[6 3],13,28,31,15,13
1,<environment.Job instance at 0x7fa080a850f0>,13,13,[1 8],14,31,44,17,15
1,<environment.Job instance at 0x7fa080a859b0>,23,18,[5 2],24,32,50,8,32
1,<environment.Job instance at 0x7fa080a88500>,31,17,[4 9],32,50,67,18,40
1,<environment.Job instance at 0x7fa080a887d0>,35,16,[8 1],36,67,83,31,54
1,<environment.Job instance at 0x7fa080a88af0>,38,12,[3 6],39,83,95,44,66
1,<environment.Job instance at 0x7fa080a88f50>,41,14,[6 1],42,83,97,41,70
1,<environment.Job instance at 0x7fa080a8a410>,45,16,[6 2],46,97,113,51,93
1,<environment.Job instance at 0x7fa080a8a5f0>,48,13,[6 1],49,115,128,66,115
1,<environment.Job instance at 0x7fa087e8a410>,7,14,[5 1],8,128,142,120,122
1,<environment.Job instance at 0x7fa080a88320>,1,2,[4 9],2,2,4,0,2
1,<environment.Job instance at 0x7fa087dd5730>,6,18,[4 5],7,7,25,0,7
1,<environment.Job instance at 0x7fa087dd6be0>,20,18,[5 5],21,50,68,29,50
1,<environment.Job instance at 0x7fa087dd6820>,26,13,[1 5],27,59,72,32,59
1,<environment.Job instance at 0x7fa087dd6870>,27,15,[4 7],28,72,87,44,59
1,<environment.Job instance at 0x7fa087dd4f50>,29,17,[2 7],30,87,104,57,80
1,<environment.Job instance at 0x7fa087dd4a50>,41,16,[5 8],42,104,120,62,91
1,<environment.Job instance at 0x7fa03d0bb050>,0,18,[7 5],1,1,19,0,1
1,<environment.Job instance at 0x7fa03cd7a640>,4,17,[5 4],5,19,36,14,7
1,<environment.Job instance at 0x7fa03cd7ae60>,6,12,[2 6],7,19,31,12,9
1,<environment.Job instance at 0x7fa03cd78f00>,19,16,[1 8],20,36,52,16,36
1,<environment.Job instance at 0x7fa03cd7a9b0>,18,3,[2 7],19,52,55,33,36
1,<environment.Job instance at 0x7fa03cd78aa0>,23,3,[1 5],24,55,58,31,40
1,<environment.Job instance at 0x7fa03cd78230>,24,15,[9 1],25,55,70,30,41
1,<environment.Job instance at 0x7fa03cd6fa50>,28,16,[7 1],29,70,86,41,63
1,<environment.Job instance at 0x7fa03cd6f4b0>,34,15,[10  5],35,86,101,51,82
1,<environment.Job instance at 0x7fa03cdc2500>,43,16,[6 4],44,101,117,57,101
1,<environment.Job instance at 0x7fa03cdc2960>,45,15,[6 2],46,117,132,71,104
1,<environment.Job instance at 0x7fa03cdc2dc0>,46,15,[6 2],47,132,147,85,118
1,<environment.Job instance at 0x7fa03cdc2730>,40,17,[3 8],41,137,154,96,137
1,<environment.Job instance at 0x7fa03ce32fa0>,0,13,[2 6],1,1,14,0,1
1,<environment.Job instance at 0x7fa03ce32a50>,5,14,[3 8],6,14,28,8,6
1,<environment.Job instance at 0x7fa03ce32b90>,4,2,[8 5],5,28,30,23,8
1,<environment.Job instance at 0x7fa03cd7a5a0>,3,1,[5 6],4,30,31,26,10
1,<environment.Job instance at 0x7fa03ce326e0>,10,12,[6 3],11,31,43,20,14
1,<environment.Job instance at 0x7fa03ce42640>,12,1,[10  1],13,43,44,30,30
1,<environment.Job instance at 0x7fa03cd87b40>,17,18,[5 2],18,44,62,26,33
1,<environment.Job instance at 0x7fa03cd87780>,19,16,[3 5],20,44,60,24,33
1,<environment.Job instance at 0x7fa03d1dccd0>,27,13,[ 4 10],28,62,75,34,47
1,<environment.Job instance at 0x7fa03d1dc780>,30,12,[2 5],31,75,87,44,59
1,<environment.Job instance at 0x7fa03d053870>,35,17,[10  5],36,87,104,51,76
1,<environment.Job instance at 0x7fa03ce582d0>,44,17,[10  5],45,120,137,75,120
1,<environment.Job instance at 0x7fa03ce58370>,45,16,[ 3 10],46,137,153,91,132
1,<environment.Job instance at 0x7fa03ce32370>,0,2,[3 8],1,1,3,0,1
1,<environment.Job instance at 0x7fa03cd78190>,2,14,[9 2],3,3,17,0,3
1,<environment.Job instance at 0x7fa03cd87370>,12,17,[10  4],13,18,35,5,18
1,<environment.Job instance at 0x7fa03d21de60>,16,16,[7 2],17,35,51,18,26
1,<environment.Job instance at 0x7fa03d16d1e0>,23,15,[5 6],24,51,66,27,40
1,<environment.Job instance at 0x7fa03d16deb0>,25,17,[3 5],26,66,83,40,54
1,<environment.Job instance at 0x7fa03d13de60>,6,13,[5 1],7,54,67,47,54
1,<environment.Job instance at 0x7fa03d16d730>,26,15,[ 5 10],27,92,107,65,92
1,<environment.Job instance at 0x7fa03d17c050>,35,12,[2 6],36,107,119,71,96
1,<environment.Job instance at 0x7fa03d16d190>,27,1,[7 2],28,124,125,96,124
1,<environment.Job instance at 0x7fa03d17c7d0>,42,3,[3 9],43,125,128,82,124
1,<environment.Job instance at 0x7fa03d17cd20>,44,15,[9 5],45,128,143,83,128
1,<environment.Job instance at 0x7fa03d17c550>,34,14,[8 5],35,143,157,108,129
1,<environment.Job instance at 0x7fa03d17c0f0>,32,16,[8 5],33,157,173,124,154
1,<environment.Job instance at 0x7fa03d178320>,0,18,[8 5],1,1,19,0,1
1,<environment.Job instance at 0x7fa03d178af0>,2,13,[2 5],3,3,16,0,3
1,<environment.Job instance at 0x7fa03d1783c0>,3,14,[3 5],4,19,33,15,4
1,<environment.Job instance at 0x7fa080c34a00>,22,17,[8 2],23,40,57,17,40
1,<environment.Job instance at 0x7fa087a0f370>,26,14,[5 4],27,57,71,30,50
1,<environment.Job instance at 0x7fa087a0fc80>,29,13,[5 7],30,71,84,41,55
1,<environment.Job instance at 0x7fa080d301e0>,40,13,[7 4],41,84,97,43,82
1,<environment.Job instance at 0x7fa080e5f140>,46,16,[5 7],47,103,119,56,103
1,<environment.Job instance at 0x7fa080e5f0a0>,48,15,[2 5],49,119,134,70,109
1,<environment.Job instance at 0x7fa080c347d0>,23,18,[7 5],24,137,155,113,137
1,<environment.Job instance at 0x7fa080e2ffa0>,0,17,[4 5],1,1,18,0,1
1,<environment.Job instance at 0x7fa03d08c370>,3,13,[8 3],4,18,31,14,4
1,<environment.Job instance at 0x7fa03d2f5dc0>,7,17,[7 5],8,31,48,23,21
1,<environment.Job instance at 0x7fa080dc1eb0>,20,14,[ 3 10],21,48,62,27,36
1,<environment.Job instance at 0x7fa03ce58140>,31,16,[2 8],32,68,84,36,68
1,<environment.Job instance at 0x7fa03ce58050>,33,13,[2 5],34,84,97,50,68
1,<environment.Job instance at 0x7fa080df7cd0>,14,16,[8 3],15,88,104,73,88
1,<environment.Job instance at 0x7fa080b4a0f0>,41,15,[3 5],42,104,119,62,97
1,<environment.Job instance at 0x7fa0874bff00>,0,1,[2 5],1,1,2,0,1
1,<environment.Job instance at 0x7fa080b4a780>,1,14,[3 6],2,2,16,0,2
1,<environment.Job instance at 0x7fa080d39190>,2,15,[7 3],3,3,18,0,3
1,<environment.Job instance at 0x7fa0808b3be0>,8,16,[3 6],9,16,32,7,9
1,<environment.Job instance at 0x7fa080f920f0>,15,12,[2 5],16,32,44,16,20
1,<environment.Job instance at 0x7fa0873db910>,20,17,[7 1],21,27,44,6,27
1,<environment.Job instance at 0x7fa080b746e0>,12,2,[1 5],13,44,46,31,30
1,<environment.Job instance at 0x7fa03cc9d500>,26,15,[4 9],27,51,66,24,51
1,<environment.Job instance at 0x7fa03d29c780>,28,14,[3 6],29,80,94,51,80
1,<environment.Job instance at 0x7fa087869e60>,37,13,[4 9],38,94,107,56,88
1,<environment.Job instance at 0x7fa03d2b2550>,38,12,[8 2],39,107,119,68,90
1,<environment.Job instance at 0x7fa03d2b2190>,39,1,[10  5],40,119,120,79,91
1,<environment.Job instance at 0x7fa03d2b2af0>,40,12,[1 5],41,107,119,66,91
1,<environment.Job instance at 0x7fa03ccfc1e0>,41,2,[7 4],42,91,93,49,91
1,<environment.Job instance at 0x7fa03d0e73c0>,0,16,[1 9],1,1,17,0,1
1,<environment.Job instance at 0x7fa03d2b4280>,7,13,[4 6],8,17,30,9,9
1,<environment.Job instance at 0x7fa03d2b4be0>,12,13,[8 1],13,30,43,17,15
1,<environment.Job instance at 0x7fa03d3349b0>,18,13,[8 2],19,43,56,24,40
1,<environment.Job instance at 0x7fa03d342410>,22,13,[3 9],23,56,69,33,50
1,<environment.Job instance at 0x7fa03d342b40>,25,16,[10  5],26,69,85,43,69
1,<environment.Job instance at 0x7fa0878ae1e0>,30,17,[9 4],31,85,102,54,73
1,<environment.Job instance at 0x7fa08731d5f0>,37,16,[2 6],38,102,118,64,89
1,<environment.Job instance at 0x7fa03d259aa0>,47,3,[10  3],48,130,133,82,130
1,<environment.Job instance at 0x7fa03d259af0>,46,17,[9 1],47,144,161,97,144
1,<environment.Job instance at 0x7fa0808cb6e0>,0,1,[2 9],1,1,2,0,1
1,<environment.Job instance at 0x7fa0808cb690>,1,3,[9 3],2,2,5,0,2
1,<environment.Job instance at 0x7fa0808cb960>,2,17,[10  3],3,5,22,2,4
1,<environment.Job instance at 0x7fa03d36f960>,10,13,[3 8],11,22,35,11,18
1,<environment.Job instance at 0x7fa03d04e8c0>,17,13,[6 5],18,35,48,17,25
1,<environment.Job instance at 0x7fa08736c9b0>,21,14,[1 9],22,48,62,26,34
1,<environment.Job instance at 0x7fa03d055b40>,25,14,[7 3],26,62,76,36,47
1,<environment.Job instance at 0x7fa03d2ec460>,34,2,[4 8],35,87,89,52,87
1,<environment.Job instance at 0x7fa03cfef5a0>,42,17,[2 5],43,89,106,46,89
1,<environment.Job instance at 0x7fa03cfef960>,43,14,[8 2],44,94,108,50,94
1,<environment.Job instance at 0x7fa03cfef370>,46,18,[8 2],47,108,126,61,98
1,<environment.Job instance at 0x7fa03d2ec6e0>,40,14,[ 4 10],41,130,144,89,130
1,<environment.Job instance at 0x7fa03d0d17d0>,6,14,[7 5],7,15,29,8,15
1,<environment.Job instance at 0x7fa080bed9b0>,14,13,[1 9],15,29,42,14,26
1,<environment.Job instance at 0x7fa080bed370>,15,16,[4 5],16,42,58,26,30
1,<environment.Job instance at 0x7fa080f4a0f0>,27,18,[1 7],28,82,100,54,82
1,<environment.Job instance at 0x7fa03d046e10>,37,12,[5 5],38,136,148,98,136
1,<environment.Job instance at 0x7fa03ced0e10>,39,12,[9 1],40,148,160,108,136
1,<environment.Job instance at 0x7fa03d0df230>,41,12,[5 9],42,160,172,118,147
1,<environment.Job instance at 0x7fa08748eb90>,46,14,[10  4],47,172,186,125,157
1,<environment.Job instance at 0x7fa03ceffb40>,19,17,[ 5 10],20,186,203,166,184
1,<environment.Job instance at 0x7fa0878d7cd0>,0,3,[1 6],1,1,4,0,1
1,<environment.Job instance at 0x7fa08792de10>,2,3,[4 9],3,4,7,1,3
1,<environment.Job instance at 0x7fa080e83d70>,3,12,[ 2 10],4,7,19,3,4
1,<environment.Job instance at 0x7fa080a024b0>,6,16,[2 6],7,19,35,12,7
1,<environment.Job instance at 0x7fa0809460a0>,14,14,[7 5],15,35,49,20,21
1,<environment.Job instance at 0x7fa03ce1b5f0>,25,17,[ 5 10],26,49,66,23,48
1,<environment.Job instance at 0x7fa03ce1b7d0>,28,16,[9 2],29,66,82,37,53
1,<environment.Job instance at 0x7fa080c78cd0>,8,14,[6 4],9,82,96,73,67
1,<environment.Job instance at 0x7fa03ce1be10>,37,17,[3 8],38,96,113,58,84
1,<environment.Job instance at 0x7fa03ce1c5a0>,0,18,[8 1],1,1,19,0,1
1,<environment.Job instance at 0x7fa03ce1caa0>,6,18,[9 4],7,19,37,12,8
1,<environment.Job instance at 0x7fa0876f30a0>,18,16,[6 5],19,37,53,18,33
1,<environment.Job instance at 0x7fa0876f3f00>,22,15,[2 5],23,37,52,14,34
1,<environment.Job instance at 0x7fa0876f3050>,23,14,[4 8],24,53,67,29,40
1,<environment.Job instance at 0x7fa087894190>,29,13,[1 8],30,67,80,37,52
1,<environment.Job instance at 0x7fa0876f7e10>,33,15,[6 1],34,62,77,28,62
1,<environment.Job instance at 0x7fa0876f39b0>,17,14,[2 5],18,80,94,62,66
1,<environment.Job instance at 0x7fa087894410>,31,13,[6 5],32,80,93,48,67
1,<environment.Job instance at 0x7fa03ce453c0>,46,14,[5 4],47,93,107,46,86
1,<environment.Job instance at 0x7fa03ce45f50>,40,15,[5 6],41,94,109,53,90
1,<environment.Job instance at 0x7fa03ce45460>,48,2,[4 5],49,109,111,60,90
1,<environment.Job instance at 0x7fa03ce45190>,44,15,[7 3],45,111,126,66,97
1,<environment.Job instance at 0x7fa03ce1b190>,0,17,[2 6],1,1,18,0,1
1,<environment.Job instance at 0x7fa03d0445a0>,14,13,[1 8],15,18,31,3,15
1,<environment.Job instance at 0x7fa03d044f50>,15,3,[10  4],16,31,34,15,16
1,<environment.Job instance at 0x7fa03d044820>,21,2,[2 6],22,34,36,12,24
1,<environment.Job instance at 0x7fa03d044a00>,20,18,[ 5 10],21,36,54,15,25
1,<environment.Job instance at 0x7fa03d0447d0>,24,16,[9 4],25,54,70,29,41
1,<environment.Job instance at 0x7fa03d044dc0>,27,13,[ 4 10],28,70,83,42,54
1,<environment.Job instance at 0x7fa03cb5c2d0>,28,17,[3 9],29,83,100,54,71
1,<environment.Job instance at 0x7fa03cb5c4b0>,33,13,[5 1],34,92,105,58,92
1,<environment.Job instance at 0x7fa03cb5cd70>,42,15,[6 2],43,105,120,62,105
1,<environment.Job instance at 0x7fa0809c7d70>,0,2,[2 7],1,1,3,0,1
1,<environment.Job instance at 0x7fa03d2bcb90>,1,12,[1 8],2,3,15,1,3
1,<environment.Job instance at 0x7fa0873581e0>,5,15,[ 1 10],6,15,30,9,7
1,<environment.Job instance at 0x7fa03cb53320>,10,13,[5 3],11,30,43,19,17
1,<environment.Job instance at 0x7fa03cd07aa0>,15,16,[9 4],16,43,59,27,30
1,<environment.Job instance at 0x7fa080e41cd0>,24,16,[4 5],25,59,75,34,59
1,<environment.Job instance at 0x7fa080e6c6e0>,31,3,[6 4],32,76,79,44,76
1,<environment.Job instance at 0x7fa080e6c820>,33,15,[5 5],34,79,94,45,76
1,<environment.Job instance at 0x7fa080e6c8c0>,34,12,[9 1],35,94,106,59,77
1,<environment.Job instance at 0x7fa03ce1b050>,9,12,[4 6],10,106,118,96,89
1,<environment.Job instance at 0x7fa080e6a140>,46,18,[6 3],47,118,136,71,118
1,<environment.Job instance at 0x7fa080e6caa0>,38,20,[3 8],39,136,156,97,132
1,<environment.Job instance at 0x7fa080e6a0a0>,47,1,[2 6],48,156,157,108,150
1,<environment.Job instance at 0x7fa080e48280>,0,15,[10  4],1,1,16,0,1
1,<environment.Job instance at 0x7fa080e6a230>,4,14,[3 8],5,16,30,11,5
1,<environment.Job instance at 0x7fa080e6a5a0>,12,16,[3 8],13,30,46,17,23
1,<environment.Job instance at 0x7fa03cc889b0>,13,13,[7 4],14,46,59,32,33
1,<environment.Job instance at 0x7fa03cc880f0>,20,16,[ 3 10],21,59,75,38,47
1,<environment.Job instance at 0x7fa03cc888c0>,25,14,[4 6],26,75,89,49,66
1,<environment.Job instance at 0x7fa03cc285a0>,35,12,[8 5],36,89,101,53,75
1,<environment.Job instance at 0x7fa0873895a0>,41,17,[2 7],42,101,118,59,98
1,<environment.Job instance at 0x7fa080de36e0>,48,12,[ 4 10],49,118,130,69,108
1,<environment.Job instance at 0x7fa080de3500>,44,3,[ 3 10],45,130,133,85,113
1,<environment.Job instance at 0x7fa03cc28690>,38,17,[3 7],39,134,151,95,134
1,<environment.Job instance at 0x7fa03cb53eb0>,0,14,[ 2 10],1,1,15,0,1
1,<environment.Job instance at 0x7fa03cb53d20>,1,3,[3 9],2,15,18,13,2
1,<environment.Job instance at 0x7fa0878abd20>,3,18,[5 5],4,18,36,14,7
1,<environment.Job instance at 0x7fa03cf040a0>,8,18,[1 5],9,18,36,9,9
1,<environment.Job instance at 0x7fa0877d7fa0>,11,3,[1 9],12,36,39,24,12
1,<environment.Job instance at 0x7fa0873d7af0>,14,16,[2 7],15,39,55,24,27
1,<environment.Job instance at 0x7fa03cf21d70>,18,16,[8 3],19,39,55,20,37
1,<environment.Job instance at 0x7fa03d30a320>,25,18,[5 5],26,55,73,29,53
1,<environment.Job instance at 0x7fa0808edaa0>,27,2,[10  3],28,73,75,45,55
1,<environment.Job instance at 0x7fa0874999b0>,33,18,[7 1],34,84,102,50,84
1,<environment.Job instance at 0x7fa0875363c0>,35,12,[7 1],36,102,114,66,87
1,<environment.Job instance at 0x7fa03d306190>,36,18,[8 3],37,114,132,77,103
1,<environment.Job instance at 0x7fa0878ab460>,5,17,[ 3 10],6,144,161,138,144
1,<environment.Job instance at 0x7fa080de3690>,0,14,[1 5],1,1,15,0,1
1,<environment.Job instance at 0x7fa087a65640>,8,14,[1 7],9,35,49,26,35
1,<environment.Job instance at 0x7fa080d7f3c0>,12,14,[3 9],13,49,63,36,38
1,<environment.Job instance at 0x7fa080d7f960>,14,14,[5 3],15,63,77,48,48
1,<environment.Job instance at 0x7fa03d3bf140>,19,17,[9 2],20,77,94,57,65
1,<environment.Job instance at 0x7fa0872e17d0>,26,13,[8 2],27,94,107,67,79
1,<environment.Job instance at 0x7fa0872b4e60>,27,13,[4 5],28,107,120,79,95
1,<environment.Job instance at 0x7fa03cc0fe10>,34,14,[6 4],35,107,121,72,102
1,<environment.Job instance at 0x7fa080f16be0>,39,12,[9 4],40,121,133,81,112
1,<environment.Job instance at 0x7fa0878164b0>,47,18,[3 8],48,133,151,85,123
1,<environment.Job instance at 0x7fa087816a50>,48,16,[7 2],49,133,149,84,123
1,<environment.Job instance at 0x7fa0872ca190>,28,12,[ 4 10],29,164,176,135,164
1,<environment.Job instance at 0x7fa088003050>,0,1,[8 1],1,1,2,0,1
1,<environment.Job instance at 0x7fa0875e5190>,9,3,[8 2],10,10,13,0,10
1,<environment.Job instance at 0x7fa0875e5320>,16,12,[3 9],17,17,29,0,17
1,<environment.Job instance at 0x7fa0875e5e60>,18,16,[4 8],19,29,45,10,27
1,<environment.Job instance at 0x7fa087a959b0>,22,12,[6 1],23,27,39,4,27
1,<environment.Job instance at 0x7fa03d0ffdc0>,25,16,[10  5],26,45,61,19,43
1,<environment.Job instance at 0x7fa03d0ffb90>,30,15,[4 7],31,61,76,30,56
1,<environment.Job instance at 0x7fa0875cf730>,34,13,[8 2],35,76,89,41,60
1,<environment.Job instance at 0x7fa0875cf960>,38,13,[2 5],39,76,89,37,60
1,<environment.Job instance at 0x7fa0875cf6e0>,42,15,[ 2 10],43,89,104,46,84
1,<environment.Job instance at 0x7fa080fa5f00>,0,3,[5 3],1,1,4,0,1
1,<environment.Job instance at 0x7fa080fa5870>,3,14,[ 4 10],4,4,18,0,4
1,<environment.Job instance at 0x7fa03cefbd70>,4,15,[4 8],5,18,33,13,5
1,<environment.Job instance at 0x7fa08796daa0>,9,17,[ 1 10],10,33,50,23,22
1,<environment.Job instance at 0x7fa08082c0a0>,29,15,[2 6],30,50,65,20,43
1,<environment.Job instance at 0x7fa08082c2d0>,30,2,[5 5],31,65,67,34,43
1,<environment.Job instance at 0x7fa08082cb40>,31,14,[9 4],32,67,81,35,56
1,<environment.Job instance at 0x7fa03d1fd460>,38,13,[1 5],39,79,92,40,79
1,<environment.Job instance at 0x7fa03d1fd4b0>,39,18,[ 2 10],40,92,110,52,87
1,<environment.Job instance at 0x7fa080dc73c0>,42,1,[2 5],43,110,111,67,92
1,<environment.Job instance at 0x7fa03d0bb500>,43,2,[ 4 10],44,111,113,67,92
1,<environment.Job instance at 0x7fa03d2dd050>,48,18,[5 8],49,113,131,64,113
1,<environment.Job instance at 0x7f4fe7c643c0>,2,12,[5 4],3,3,15,0,3
1,<environment.Job instance at 0x7f4fe0856a50>,3,18,[ 3 10],4,15,33,11,4
1,<environment.Job instance at 0x7f4fe0856f00>,11,2,[3 9],12,33,35,21,18
1,<environment.Job instance at 0x7f4fe085b1e0>,15,3,[10  2],16,35,38,19,18
1,<environment.Job instance at 0x7f4fe085b280>,16,12,[1 8],17,38,50,21,21
1,<environment.Job instance at 0x7f4fe085b5f0>,18,16,[8 5],19,50,66,31,37
1,<environment.Job instance at 0x7f4fe085b7d0>,20,1,[3 7],21,66,67,45,52
1,<environment.Job instance at 0x7f4fe085e050>,31,17,[4 9],32,67,84,35,55
1,<environment.Job instance at 0x7f4fe085e910>,37,14,[5 5],38,84,98,46,69
1,<environment.Job instance at 0x7f4fe085ec30>,42,14,[8 4],43,98,112,55,83
1,<environment.Job instance at 0x7f4fe0861d70>,1,2,[9 2],2,2,4,0,2
1,<environment.Job instance at 0x7f4fe7c92b40>,4,12,[6 1],5,5,17,0,5
1,<environment.Job instance at 0x7f4fe7c925a0>,11,1,[8 2],12,21,22,9,21
1,<environment.Job instance at 0x7f4fe7c92c80>,13,3,[10  4],14,22,25,8,21
1,<environment.Job instance at 0x7f4fe7c92730>,15,3,[6 4],16,25,28,9,21
1,<environment.Job instance at 0x7f4fe7c92550>,17,15,[4 7],18,28,43,10,26
1,<environment.Job instance at 0x7f4fe7ddc690>,24,12,[3 5],25,43,55,18,27
1,<environment.Job instance at 0x7f4fe7de1dc0>,30,3,[7 2],31,46,49,15,46
1,<environment.Job instance at 0x7f4fe7de1550>,31,16,[5 8],32,55,71,23,47
1,<environment.Job instance at 0x7f4fe7de1f00>,32,2,[2 5],33,49,51,16,47
1,<environment.Job instance at 0x7f4fe7de1f50>,33,12,[4 9],34,71,83,37,54
1,<environment.Job instance at 0x7f4fe7dd8aa0>,40,18,[7 5],41,83,101,42,78
1,<environment.Job instance at 0x7f4fe7dd8e60>,44,17,[5 4],45,101,118,56,90
1,<environment.Job instance at 0x7f4fe7dd9780>,54,12,[6 1],55,130,142,75,130
1,<environment.Job instance at 0x7f4fe7dd9730>,58,3,[2 7],59,146,149,87,146
1,<environment.Job instance at 0x7f4fe7c924b0>,8,22,[5 6],9,169,191,160,169
1,<environment.Job instance at 0x7f4f9cb776e0>,0,2,[5 6],1,1,3,0,1
1,<environment.Job instance at 0x7f4f9cb8faf0>,9,14,[8 1],10,17,31,7,17
1,<environment.Job instance at 0x7f4f9cb8f050>,14,15,[10  5],15,31,46,16,17
1,<environment.Job instance at 0x7f4f9cb8f960>,13,3,[2 9],14,46,49,32,29
1,<environment.Job instance at 0x7f4f9cc267d0>,18,14,[5 1],19,46,60,27,31
1,<environment.Job instance at 0x7f4f9cc26c30>,20,17,[3 8],21,49,66,28,37
1,<environment.Job instance at 0x7f4f9cc26c80>,25,15,[6 2],26,60,75,34,48
1,<environment.Job instance at 0x7f4f9cb8f5a0>,11,2,[9 3],12,75,77,63,51
1,<environment.Job instance at 0x7f4f9cc59b90>,32,16,[6 2],33,77,93,44,64
1,<environment.Job instance at 0x7f4f9cc597d0>,35,14,[3 8],36,77,91,41,64
1,<environment.Job instance at 0x7f4f9cc59780>,43,15,[4 8],44,91,106,47,79
1,<environment.Job instance at 0x7f4f9cc59eb0>,44,13,[1 9],45,106,119,61,90
1,<environment.Job instance at 0x7f4f9cc59280>,40,12,[6 3],41,119,131,78,102
1,<environment.Job instance at 0x7f4f9cc591e0>,49,16,[3 5],50,119,135,69,106
1,<environment.Job instance at 0x7f4f9cc51d70>,53,12,[1 7],54,135,147,81,118
1,<environment.Job instance at 0x7f4f9cc51a00>,58,14,[4 7],59,147,161,88,132
1,<environment.Job instance at 0x7f4f9cb8fb90>,10,16,[9 3],11,186,202,175,186
1,<environment.Job instance at 0x7f4f9cc2a280>,0,12,[2 5],1,1,13,0,1
1,<environment.Job instance at 0x7f4f9cc2a640>,1,1,[5 1],2,2,3,0,2
1,<environment.Job instance at 0x7f4f9cc24870>,2,2,[8 2],3,3,5,0,3
1,<environment.Job instance at 0x7f4f9cc24eb0>,4,12,[5 7],5,13,25,8,5
1,<environment.Job instance at 0x7f4f9cc24e10>,5,17,[10  5],6,31,48,25,31
1,<environment.Job instance at 0x7f4fe7c91370>,22,14,[9 2],23,48,62,25,36
1,<environment.Job instance at 0x7f4f9cfed6e0>,24,17,[10  2],25,62,79,37,53
1,<environment.Job instance at 0x7f4f9cb630a0>,34,13,[5 9],35,79,92,44,68
1,<environment.Job instance at 0x7f4f9cb635f0>,37,18,[ 1 10],38,92,110,54,84
1,<environment.Job instance at 0x7f4f9cb63fa0>,45,17,[3 5],46,118,135,72,118
1,<environment.Job instance at 0x7f4fe7c91280>,14,17,[10  5],15,135,152,120,131
1,<environment.Job instance at 0x7f4f9cefa8c0>,52,16,[8 5],53,152,168,99,143
1,<environment.Job instance at 0x7f4f9cefe1e0>,1,16,[7 4],2,2,18,0,2
1,<environment.Job instance at 0x7f4f9cc51500>,6,17,[2 6],7,8,25,1,8
1,<environment.Job instance at 0x7f4f9cc2f870>,10,18,[8 5],11,25,43,14,14
1,<environment.Job instance at 0x7f4f9cf41870>,19,12,[1 8],20,43,55,23,28
1,<environment.Job instance at 0x7f4f9cf4e3c0>,24,18,[10  2],25,78,96,53,78
1,<environment.Job instance at 0x7f4f9cf4ea50>,32,17,[8 2],33,96,113,63,84
1,<environment.Job instance at 0x7f4f9cf4ecd0>,37,14,[4 7],38,113,127,75,98
1,<environment.Job instance at 0x7f4f9cf4ee60>,41,16,[6 2],42,113,129,71,107
1,<environment.Job instance at 0x7f4f9cf5b550>,49,14,[5 7],50,129,143,79,115
1,<environment.Job instance at 0x7f4f9cf5b7d0>,53,18,[9 2],54,143,161,89,133
1,<environment.Job instance at 0x7f4f9cf5b9b0>,56,16,[5 7],57,161,177,104,148
1,<environment.Job instance at 0x7f4f9cf4e0a0>,27,14,[3 5],28,177,191,149,166
1,<environment.Job instance at 0x7f4f9cc2aaf0>,0,17,[4 5],1,1,18,0,1
1,<environment.Job instance at 0x7f4f9cf4e9b0>,3,13,[8 3],4,18,31,14,4
1,<environment.Job instance at 0x7f4f9cf5bd70>,5,18,[9 5],6,31,49,25,20
1,<environment.Job instance at 0x7f4f9ce29780>,20,14,[ 3 10],21,49,63,28,37
1,<environment.Job instance at 0x7f4fe7833c30>,26,15,[6 2],27,63,78,36,49
1,<environment.Job instance at 0x7f4f9ce29f50>,19,17,[4 8],20,63,80,43,51
1,<environment.Job instance at 0x7f4fe7eb33c0>,39,16,[1 7],40,80,96,40,80
1,<environment.Job instance at 0x7f4fe0a4e7d0>,52,15,[7 3],53,133,148,80,133
1,<environment.Job instance at 0x7f4fe0a4e1e0>,55,16,[2 6],56,140,156,84,140
1,<environment.Job instance at 0x7f4fe7046c80>,57,16,[ 3 10],58,161,177,103,161
1,<environment.Job instance at 0x7f4fe7833140>,3,12,[8 5],4,4,16,0,4
1,<environment.Job instance at 0x7f4f9cf89910>,5,12,[2 5],6,6,18,0,6
1,<environment.Job instance at 0x7f4f9ccb5820>,6,3,[2 7],7,18,21,11,7
1,<environment.Job instance at 0x7f4f9ccb5370>,7,13,[ 1 10],8,21,34,13,8
1,<environment.Job instance at 0x7f4f9ccb51e0>,8,3,[4 7],9,34,37,25,9
1,<environment.Job instance at 0x7f4f9ccb5d70>,12,2,[6 3],13,16,18,3,13
1,<environment.Job instance at 0x7f4fe06ff460>,18,14,[3 6],19,37,51,18,25
1,<environment.Job instance at 0x7f4fe70eb500>,22,2,[6 4],23,37,39,14,25
1,<environment.Job instance at 0x7f4f9cb35cd0>,25,18,[ 3 10],26,51,69,25,42
1,<environment.Job instance at 0x7f4f9cd8a500>,30,12,[1 5],31,69,81,38,54
1,<environment.Job instance at 0x7f4f9d11df50>,31,2,[7 4],32,69,71,37,54
1,<environment.Job instance at 0x7f4fe06a9a00>,32,17,[9 1],33,71,88,38,59
1,<environment.Job instance at 0x7f4f9d0e45f0>,42,17,[4 6],43,96,113,53,96
1,<environment.Job instance at 0x7f4f9d0e4410>,47,13,[4 6],48,117,130,69,117
1,<environment.Job instance at 0x7f4f9d0e4550>,49,17,[5 1],50,130,147,80,130
1,<environment.Job instance at 0x7f4f9d0e42d0>,53,16,[3 5],54,130,146,76,130
1,<environment.Job instance at 0x7f4fe731c550>,58,13,[8 2],59,148,161,89,148
1,<environment.Job instance at 0x7f4fe731cd20>,57,14,[10  3],58,161,175,103,154
1,<environment.Job instance at 0x7f4f9cf09550>,2,13,[3 9],3,3,16,0,3
1,<environment.Job instance at 0x7f4fe065ddc0>,6,13,[8 4],7,16,29,9,7
1,<environment.Job instance at 0x7f4f9cb63140>,7,14,[9 1],8,29,43,21,29
1,<environment.Job instance at 0x7f4f9cd40a50>,20,3,[9 1],21,43,46,22,30
1,<environment.Job instance at 0x7f4f9cf891e0>,1,1,[10  1],2,46,47,44,30
1,<environment.Job instance at 0x7f4f9cd400a0>,22,2,[3 5],23,47,49,24,34
1,<environment.Job instance at 0x7f4f9d096f00>,23,17,[1 8],24,49,66,25,38
1,<environment.Job instance at 0x7f4f9cfdd9b0>,26,17,[9 1],27,52,69,25,52
1,<environment.Job instance at 0x7f4fe7669870>,33,13,[9 5],34,69,82,35,56
1,<environment.Job instance at 0x7f4f9cfb77d0>,40,13,[3 8],41,82,95,41,69
1,<environment.Job instance at 0x7f4f9cfb72d0>,43,14,[3 6],44,95,109,51,91
1,<environment.Job instance at 0x7f4f9cfb7870>,46,15,[ 5 10],47,109,124,62,95
1,<environment.Job instance at 0x7f4f9cfb75f0>,49,14,[2 6],50,124,138,74,109
1,<environment.Job instance at 0x7f4f9cfacbe0>,54,17,[7 4],55,124,141,69,119
1,<environment.Job instance at 0x7f4f9d0e4280>,2,3,[1 7],3,3,6,0,3
1,<environment.Job instance at 0x7f4fe090dd70>,3,3,[9 4],4,6,9,2,4
1,<environment.Job instance at 0x7f4f9ce2aa00>,6,14,[8 1],7,9,23,2,7
1,<environment.Job instance at 0x7f4f9ce2acd0>,7,12,[10  4],8,23,35,15,8
1,<environment.Job instance at 0x7f4f9ce2ab40>,13,14,[8 2],14,35,49,21,21
1,<environment.Job instance at 0x7f4fe0ade6e0>,23,15,[6 5],24,50,65,26,50
1,<environment.Job instance at 0x7f4fe0ade370>,28,14,[3 8],29,65,79,36,53
1,<environment.Job instance at 0x7f4fe0ade5f0>,31,17,[5 7],32,79,96,47,67
1,<environment.Job instance at 0x7f4fe0ade1e0>,35,16,[4 5],36,96,112,60,83
1,<environment.Job instance at 0x7f4fe0affeb0>,41,15,[3 5],42,96,111,54,95
1,<environment.Job instance at 0x7f4fe0affdc0>,46,14,[ 5 10],47,112,126,65,109
1,<environment.Job instance at 0x7f4fe0adef50>,19,18,[5 8],20,136,154,116,136
1,<environment.Job instance at 0x7f4fe069ca50>,56,27,[4 5],57,163,190,106,163
1,<environment.Job instance at 0x7f4fe0aff640>,40,18,[4 6],41,190,208,149,188
1,<environment.Job instance at 0x7f4f9cfad640>,0,14,[8 4],1,1,15,0,1
1,<environment.Job instance at 0x7f4f9cfad0a0>,1,12,[5 9],2,15,27,13,2
1,<environment.Job instance at 0x7f4f9c9dd550>,12,3,[4 9],13,27,30,14,13
1,<environment.Job instance at 0x7f4fe7643230>,5,1,[8 1],6,30,31,24,13
1,<environment.Job instance at 0x7f4f9ce7b820>,16,16,[2 6],17,30,46,13,17
1,<environment.Job instance at 0x7f4fe07dd3c0>,21,3,[1 6],22,46,49,24,34
1,<environment.Job instance at 0x7f4fe0a995a0>,18,14,[6 4],19,34,48,15,34
1,<environment.Job instance at 0x7f4fe0b849b0>,24,14,[7 5],25,49,63,24,37
1,<environment.Job instance at 0x7f4fe0d04cd0>,32,2,[5 5],33,94,96,61,94
1,<environment.Job instance at 0x7f4fe06199b0>,47,17,[3 8],48,106,123,58,106
1,<environment.Job instance at 0x7f4f9cef8820>,52,17,[2 5],53,127,144,74,127
1,<environment.Job instance at 0x7f4fe7ddc690>,0,18,[8 1],1,1,19,0,1
1,<environment.Job instance at 0x7f4fe0635280>,5,13,[3 9],6,19,32,13,6
1,<environment.Job instance at 0x7f4f9cb13be0>,7,17,[3 5],8,32,49,24,20
1,<environment.Job instance at 0x7f4f9d122a00>,18,16,[6 5],19,35,51,16,35
1,<environment.Job instance at 0x7f4fe75d0550>,22,15,[2 5],23,49,64,26,37
1,<environment.Job instance at 0x7f4f9d2100a0>,16,13,[3 9],17,64,77,47,49
1,<environment.Job instance at 0x7f4fe75d0fa0>,25,2,[2 9],26,77,79,51,58
1,<environment.Job instance at 0x7f4fe0832b40>,31,13,[6 5],32,79,92,47,68
1,<environment.Job instance at 0x7f4fe77037d0>,38,17,[7 2],39,92,109,53,80
1,<environment.Job instance at 0x7f4f9cf7a1e0>,43,3,[8 1],44,109,112,65,95
1,<environment.Job instance at 0x7f4fe72c07d0>,46,14,[5 4],47,112,126,65,108
1,<environment.Job instance at 0x7f4fe0c16190>,45,12,[10  3],46,130,142,84,130
1,<environment.Job instance at 0x7f4f9d176910>,50,17,[2 6],51,144,161,93,144
1,<environment.Job instance at 0x7f4f9ce2aa00>,42,2,[7 3],43,154,156,111,154
1,<environment.Job instance at 0x7f4fe0c305f0>,3,13,[7 5],4,4,17,0,4
1,<environment.Job instance at 0x7f4fe0608be0>,4,13,[1 8],5,17,30,12,5
1,<environment.Job instance at 0x7f4f9cb3d2d0>,13,16,[8 5],14,30,46,16,22
1,<environment.Job instance at 0x7f4f9d176140>,16,15,[10  4],17,46,61,29,32
1,<environment.Job instance at 0x7f4f9cd8e500>,21,12,[5 6],22,61,73,39,44
1,<environment.Job instance at 0x7f4f9cd7a690>,7,2,[ 2 10],8,73,75,65,53
1,<environment.Job instance at 0x7f4f9cd78320>,38,18,[6 5],39,87,105,48,87
1,<environment.Job instance at 0x7f4f9cd78550>,45,15,[ 1 10],46,105,120,59,102
1,<environment.Job instance at 0x7f4f9cd78690>,47,12,[7 2],48,120,132,72,103
1,<environment.Job instance at 0x7f4f9cd78500>,41,12,[1 8],42,134,146,92,134
1,<environment.Job instance at 0x7f4f9cd78e60>,55,16,[9 4],56,146,162,90,145
1,<environment.Job instance at 0x7f4fe0613730>,1,2,[8 4],2,2,4,0,2
1,<environment.Job instance at 0x7f4f9cd7d690>,6,3,[8 3],7,7,10,0,7
1,<environment.Job instance at 0x7f4f9cd7d500>,10,12,[1 7],11,11,23,0,11
1,<environment.Job instance at 0x7f4f9cd7d780>,13,15,[5 5],14,23,38,9,14
1,<environment.Job instance at 0x7f4fe73c2640>,19,13,[7 4],20,38,51,18,28
1,<environment.Job instance at 0x7f4fe06553c0>,23,15,[4 9],24,51,66,27,46
1,<environment.Job instance at 0x7f4fe08c4050>,31,18,[4 8],32,67,85,35,67
1,<environment.Job instance at 0x7f4fe08c4320>,34,14,[3 8],35,85,99,50,72
1,<environment.Job instance at 0x7f4fe08c41e0>,36,12,[2 7],37,99,111,62,82
1,<environment.Job instance at 0x7f4f9d08a280>,41,12,[5 5],42,111,123,69,104
1,<environment.Job instance at 0x7f4f9d08a780>,42,16,[3 8],43,123,139,80,112
1,<environment.Job instance at 0x7f4f9cb69c80>,50,16,[ 3 10],51,139,155,88,128
1,<environment.Job instance at 0x7f4f9cb69fa0>,51,16,[5 7],52,155,171,103,151
1,<environment.Job instance at 0x7f4fe0766370>,0,2,[3 9],1,1,3,0,1
1,<environment.Job instance at 0x7f4fe07663c0>,3,3,[10  3],4,4,7,0,4
1,<environment.Job instance at 0x7f4fe07665f0>,4,13,[5 3],5,7,20,2,5
1,<environment.Job instance at 0x7f4fe088d1e0>,5,12,[8 5],6,20,32,14,6
1,<environment.Job instance at 0x7f4fe088de60>,10,13,[5 3],11,32,45,21,21
1,<environment.Job instance at 0x7f4fe088dd20>,11,17,[2 7],12,38,55,26,38
1,<environment.Job instance at 0x7f4fe088da00>,16,3,[5 4],17,55,58,38,38
1,<environment.Job instance at 0x7f4f9d096be0>,23,18,[5 5],24,55,73,31,44
1,<environment.Job instance at 0x7f4f9d0962d0>,24,16,[5 5],25,58,74,33,47
1,<environment.Job instance at 0x7f4f9d096a00>,32,13,[9 4],33,74,87,41,63
1,<environment.Job instance at 0x7f4fe70fb0a0>,34,16,[2 7],35,87,103,52,75
1,<environment.Job instance at 0x7f4fe70fb7d0>,38,16,[8 3],39,87,103,48,84
1,<environment.Job instance at 0x7f4fe0807190>,46,2,[5 9],47,103,105,56,103
1,<environment.Job instance at 0x7f4fe0807be0>,47,2,[10  3],48,105,107,57,103
1,<environment.Job instance at 0x7f4fe08071e0>,49,14,[5 1],50,139,153,89,139
1,<environment.Job instance at 0x7f4fe08072d0>,55,12,[7 1],56,153,165,97,139
1,<environment.Job instance at 0x7f4fe0807640>,56,18,[8 3],57,165,183,108,154
1,<environment.Job instance at 0x7f4f9d096820>,29,18,[9 5],30,183,201,153,177
1,<environment.Job instance at 0x7f4fe7416d20>,1,1,[6 5],2,2,3,0,2
1,<environment.Job instance at 0x7f4fe08c44b0>,9,15,[5 7],10,15,30,5,15
1,<environment.Job instance at 0x7f4fe088d2d0>,7,23,[5 3],8,19,42,11,19
1,<environment.Job instance at 0x7f4fe0766a00>,14,13,[2 6],15,32,45,17,32
1,<environment.Job instance at 0x7f4f9cc262d0>,16,18,[7 4],17,42,60,25,33
1,<environment.Job instance at 0x7f4fe0766230>,18,14,[1 7],19,60,74,41,45
1,<environment.Job instance at 0x7f4fe0744050>,19,18,[6 4],20,74,92,54,64
1,<environment.Job instance at 0x7f4f9c957a00>,22,14,[3 9],23,92,106,69,77
1,<environment.Job instance at 0x7f4f9c957b40>,24,14,[5 3],25,106,120,81,91
1,<environment.Job instance at 0x7f4f9c956370>,34,18,[5 6],35,106,124,71,102
1,<environment.Job instance at 0x7f4f9c956410>,35,17,[3 6],36,124,141,88,112
1,<environment.Job instance at 0x7f4f9c956550>,37,13,[4 5],38,141,154,103,125
1,<environment.Job instance at 0x7f4f9c956730>,40,16,[ 2 10],41,154,170,113,141
1,<environment.Job instance at 0x7f4f9c9569b0>,44,14,[6 4],45,170,184,125,155
1,<environment.Job instance at 0x7f4f9c956af0>,45,18,[ 5 10],46,184,202,138,173
1,<environment.Job instance at 0x7f4f9c9f5dc0>,0,1,[8 1],1,1,2,0,1
1,<environment.Job instance at 0x7f4f9c956280>,1,18,[10  5],2,6,24,4,6
1,<environment.Job instance at 0x7f4fe7176d70>,16,12,[3 9],17,26,38,9,26
1,<environment.Job instance at 0x7f4fe7176640>,18,16,[4 8],19,38,54,19,26
1,<environment.Job instance at 0x7f4fe7176780>,19,18,[6 1],20,39,57,19,39
1,<environment.Job instance at 0x7f4f9d11deb0>,22,12,[6 1],23,57,69,34,40
1,<environment.Job instance at 0x7f4fe7176a00>,20,15,[2 8],21,54,69,33,42
1,<environment.Job instance at 0x7f4fe7164dc0>,27,16,[1 7],28,69,85,41,65
1,<environment.Job instance at 0x7f4fe71643c0>,38,13,[2 5],39,85,98,46,71
1,<environment.Job instance at 0x7f4fe0670960>,44,17,[8 1],45,77,94,32,77
1,<environment.Job instance at 0x7f4fe0930c30>,53,14,[ 4 10],54,117,131,63,117
1,<environment.Job instance at 0x7f4fe0930190>,54,15,[4 8],55,131,146,76,122
1,<environment.Job instance at 0x7f4fe7b5c690>,13,16,[8 1],14,155,171,141,155
1,<environment.Job instance at 0x7f4f9d025500>,2,3,[1 8],3,3,6,0,3
1,<environment.Job instance at 0x7f4fe7269640>,3,12,[3 8],4,6,18,2,4
1,<environment.Job instance at 0x7f4fe083e370>,4,3,[1 5],5,18,21,13,5
1,<environment.Job instance at 0x7f4fe083e500>,5,15,[3 5],6,18,33,12,6
1,<environment.Job instance at 0x7f4fe083ed70>,6,3,[7 4],7,21,24,14,7
1,<environment.Job instance at 0x7f4f9cd63e60>,12,13,[9 1],13,33,46,20,17
1,<environment.Job instance at 0x7f4fe7259460>,21,14,[9 4],22,46,60,24,41
1,<environment.Job instance at 0x7f4fe739e410>,24,3,[4 5],25,60,63,35,49
1,<environment.Job instance at 0x7f4fe7259af0>,25,18,[7 5],26,63,81,37,53
1,<environment.Job instance at 0x7f4fe7053a00>,37,15,[5 8],38,81,96,43,73
1,<environment.Job instance at 0x7f4fe71a4870>,38,18,[5 8],39,96,114,57,85
1,<environment.Job instance at 0x7f4f9ce143c0>,41,2,[1 5],42,114,116,72,91
1,<environment.Job instance at 0x7f4fe0bcf460>,45,3,[9 2],46,114,117,68,106
1,<environment.Job instance at 0x7f4f9ce4d730>,48,15,[5 8],49,117,132,68,107
1,<environment.Job instance at 0x7f4f9cc87690>,52,12,[10  4],53,132,144,79,121
1,<environment.Job instance at 0x7f4f9cc87140>,54,13,[ 5 10],55,144,157,89,129
1,<environment.Job instance at 0x7f4fe0c50780>,58,18,[5 5],59,157,175,98,146
1,<environment.Job instance at 0x7f4fe0936730>,30,22,[2 5],31,157,179,126,151
1,<environment.Job instance at 0x7f4fe75a9dc0>,0,16,[7 5],1,1,17,0,1
1,<environment.Job instance at 0x7f4fe7247050>,1,15,[5 4],2,17,32,15,3
1,<environment.Job instance at 0x7f4fe0637dc0>,4,17,[2 5],5,5,22,0,5
1,<environment.Job instance at 0x7f4fe75eeb40>,6,15,[3 5],7,22,37,15,11
1,<environment.Job instance at 0x7f4fe7470500>,11,1,[5 5],12,32,33,20,12
1,<environment.Job instance at 0x7f4f9cff3910>,12,16,[9 4],13,37,53,24,24
1,<environment.Job instance at 0x7f4f9d058550>,24,18,[5 5],25,53,71,28,45
1,<environment.Job instance at 0x7f4f9d0f4af0>,28,18,[5 3],29,53,71,24,53
1,<environment.Job instance at 0x7f4fe72c6550>,32,15,[8 4],33,71,86,38,61
1,<environment.Job instance at 0x7f4f9cf3ed20>,39,13,[6 4],40,86,99,46,84
1,<environment.Job instance at 0x7f4f9cf3e780>,44,12,[9 1],45,108,120,63,108
1,<environment.Job instance at 0x7f4f9cf3e460>,46,1,[6 3],47,120,121,73,108
1,<environment.Job instance at 0x7f4f9cf450f0>,47,17,[1 9],48,121,138,73,109
1,<environment.Job instance at 0x7f4f9cf45230>,49,18,[7 5],50,138,156,88,127
1,<environment.Job instance at 0x7f4f9cf45b90>,52,13,[7 2],53,156,169,103,143
1,<environment.Job instance at 0x7f4f9cf585f0>,55,3,[5 3],56,169,172,113,149
1,<environment.Job instance at 0x7f4fe06a2be0>,8,2,[7 5],9,172,174,163,160
1,<environment.Job instance at 0x7f4f9cf459b0>,51,14,[5 8],52,174,188,122,160
1,<environment.Job instance at 0x7f4f9cd9f8c0>,0,12,[7 4],1,1,13,0,1
1,<environment.Job instance at 0x7f4f9cd9fe10>,4,16,[7 4],5,13,29,8,5
1,<environment.Job instance at 0x7f4fe74269b0>,9,2,[5 8],10,29,31,19,10
1,<environment.Job instance at 0x7f4fe7426410>,10,15,[5 3],11,31,46,20,17
1,<environment.Job instance at 0x7f4fe7426eb0>,12,14,[4 6],13,31,45,18,21
1,<environment.Job instance at 0x7f4fe7408aa0>,28,3,[ 1 10],29,46,49,17,42
1,<environment.Job instance at 0x7f4fe77b98c0>,31,3,[1 8],32,58,61,26,58
1,<environment.Job instance at 0x7f4fe77b9870>,36,14,[6 4],37,87,101,50,87
1,<environment.Job instance at 0x7f4fe0b7cd20>,40,12,[5 6],41,101,113,60,95
1,<environment.Job instance at 0x7f4fe77b9050>,41,16,[3 9],42,113,129,71,106
1,<environment.Job instance at 0x7f4fe0b7c190>,46,18,[6 4],47,129,147,82,119
1,<environment.Job instance at 0x7f4fe0b7c0f0>,52,14,[ 4 10],53,147,161,94,146
1,<environment.Job instance at 0x7f4fe72ff050>,56,12,[8 4],57,161,173,104,150
1,<environment.Job instance at 0x7f4fe060c8c0>,1,15,[8 4],2,2,17,0,2
1,<environment.Job instance at 0x7f4fe0d43aa0>,6,12,[2 7],7,17,29,10,7
1,<environment.Job instance at 0x7f4fe7644f50>,12,16,[9 2],13,30,46,17,30
1,<environment.Job instance at 0x7f4f9cb40910>,17,12,[1 6],18,34,46,16,34
1,<environment.Job instance at 0x7f4fe7644eb0>,16,17,[3 7],17,46,63,29,36
1,<environment.Job instance at 0x7f4f9d085dc0>,22,18,[7 4],23,63,81,40,54
1,<environment.Job instance at 0x7f4f9ccf6e60>,29,15,[3 9],30,81,96,51,68
1,<environment.Job instance at 0x7f4fe715f550>,40,18,[9 2],41,96,114,55,85
1,<environment.Job instance at 0x7f4fe715ff00>,42,17,[9 4],43,114,131,71,102
1,<environment.Job instance at 0x7f4fe715f5f0>,45,14,[4 8],46,131,145,85,116
1,<environment.Job instance at 0x7f4fe72f11e0>,47,12,[1 6],48,116,128,68,116
1,<environment.Job instance at 0x7f4f9ca43410>,49,16,[10  5],50,150,166,100,150
1,<environment.Job instance at 0x7f583425e0f0>,2,12,[5 4],3,3,15,0,3
1,<environment.Job instance at 0x7f582ce4f460>,8,17,[ 2 10],9,15,32,6,9
1,<environment.Job instance at 0x7f582ce4f640>,7,14,[5 1],8,32,46,24,25
1,<environment.Job instance at 0x7f582ce4fb40>,14,12,[3 7],15,32,44,17,32
1,<environment.Job instance at 0x7f582ce4f9b0>,16,12,[1 8],17,44,56,27,32
1,<environment.Job instance at 0x7f582ce4fa00>,13,13,[1 8],14,56,69,42,41
1,<environment.Job instance at 0x7f582ce51b90>,36,2,[5 1],37,83,85,46,83
1,<environment.Job instance at 0x7f582ce51cd0>,38,12,[3 6],39,84,96,45,84
1,<environment.Job instance at 0x7f582ce550f0>,42,14,[8 4],43,98,112,55,98
1,<environment.Job instance at 0x7f582ce51d70>,39,18,[5 8],40,129,147,89,129
1,<environment.Job instance at 0x7f582ce55f00>,57,3,[8 4],58,155,158,97,155
1,<environment.Job instance at 0x7f582ce55d20>,56,18,[4 5],57,158,176,101,156
1,<environment.Job instance at 0x7f582ce572d0>,63,15,[1 5],64,159,174,95,159
1,<environment.Job instance at 0x7f582ce57460>,64,12,[6 1],65,174,186,109,159
1,<environment.Job instance at 0x7f582ce57500>,65,13,[3 5],66,176,189,110,160
1,<environment.Job instance at 0x7f582cf15730>,0,18,[5 5],1,1,19,0,1
1,<environment.Job instance at 0x7f58343cd8c0>,6,13,[1 5],7,7,20,0,7
1,<environment.Job instance at 0x7f58343d3460>,7,15,[4 7],8,20,35,12,8
1,<environment.Job instance at 0x7f58343c5b40>,27,3,[5 3],28,45,48,17,45
1,<environment.Job instance at 0x7f58343c5f50>,30,18,[7 5],31,48,66,17,45
1,<environment.Job instance at 0x7f5834289640>,37,3,[7 4],38,74,77,36,74
1,<environment.Job instance at 0x7f583425da00>,60,16,[9 3],61,159,175,98,159
1,<environment.Job instance at 0x7f582ce58dc0>,0,17,[3 8],1,1,18,0,1
1,<environment.Job instance at 0x7f582ce57aa0>,3,16,[6 4],4,18,34,14,5
1,<environment.Job instance at 0x7f57e91fc190>,9,3,[5 5],10,34,37,24,19
1,<environment.Job instance at 0x7f57e91fc0f0>,8,12,[3 9],9,37,49,28,22
1,<environment.Job instance at 0x7f57e91fc370>,20,12,[6 3],21,49,61,28,34
1,<environment.Job instance at 0x7f57e919f190>,28,18,[4 6],29,49,67,20,48
1,<environment.Job instance at 0x7f57e92495a0>,31,14,[5 3],32,61,75,29,51
1,<environment.Job instance at 0x7f57e9249190>,33,12,[1 7],34,67,79,33,53
1,<environment.Job instance at 0x7f57e9249cd0>,40,12,[2 5],41,79,91,38,67
1,<environment.Job instance at 0x7f57e9249370>,44,12,[5 7],45,91,103,46,74
1,<environment.Job instance at 0x7f57e91fce10>,7,3,[ 2 10],8,103,106,95,85
1,<environment.Job instance at 0x7f57e92876e0>,49,17,[9 2],50,106,123,56,94
1,<environment.Job instance at 0x7f57e92875f0>,57,3,[4 9],58,123,126,65,118
1,<environment.Job instance at 0x7f57e922f5f0>,60,2,[3 8],61,126,128,65,118
1,<environment.Job instance at 0x7f57e922f3c0>,62,14,[9 2],63,128,142,65,118
1,<environment.Job instance at 0x7f57e922f1e0>,65,17,[5 9],66,142,159,76,142
1,<environment.Job instance at 0x7f57e922f500>,66,13,[5 1],67,148,161,81,148
1,<environment.Job instance at 0x7f57e91fcb40>,18,16,[3 9],19,159,175,140,148
1,<environment.Job instance at 0x7f582ce57a00>,2,17,[10  4],3,3,20,0,3
1,<environment.Job instance at 0x7f57e92232d0>,3,12,[5 1],4,20,32,16,4
1,<environment.Job instance at 0x7f57e9223460>,4,13,[5 9],5,20,33,15,5
1,<environment.Job instance at 0x7f57e9308aa0>,12,1,[3 8],13,33,34,20,13
1,<environment.Job instance at 0x7f57e95b0780>,15,17,[3 5],16,34,51,18,23
1,<environment.Job instance at 0x7f57e95e8c80>,19,12,[5 4],20,34,46,14,29
1,<environment.Job instance at 0x7f57e95e84b0>,20,15,[7 4],21,46,61,25,38
1,<environment.Job instance at 0x7f57e95e8820>,22,16,[8 5],23,61,77,38,50
1,<environment.Job instance at 0x7f57e9785d20>,24,14,[8 5],25,77,91,52,62
1,<environment.Job instance at 0x7f57e9782eb0>,31,16,[7 4],32,91,107,59,78
1,<environment.Job instance at 0x7f57e97822d0>,33,18,[1 6],34,91,109,57,83
1,<environment.Job instance at 0x7f57e9782be0>,34,15,[9 5],35,121,136,86,121
1,<environment.Job instance at 0x7f57e92a0550>,49,12,[1 8],50,136,148,86,121
1,<environment.Job instance at 0x7f57e90e6c30>,57,14,[3 5],58,153,167,95,153
1,<environment.Job instance at 0x7f57e90e6d70>,59,1,[8 5],60,167,168,107,162
1,<environment.Job instance at 0x7f57e90e65a0>,60,1,[9 5],61,168,169,107,163
1,<environment.Job instance at 0x7f57e90e6190>,63,18,[7 5],64,169,187,105,163
1,<environment.Job instance at 0x7f582ce689b0>,64,1,[3 7],65,187,188,122,163
1,<environment.Job instance at 0x7f57e90e6460>,65,2,[7 1],66,163,165,97,163
1,<environment.Job instance at 0x7f582ce684b0>,66,14,[5 4],67,188,202,121,173
1,<environment.Job instance at 0x7f582ce00910>,67,14,[4 7],68,202,216,134,187
1,<environment.Job instance at 0x7f58343d9280>,0,2,[10  1],1,1,3,0,1
1,<environment.Job instance at 0x7f57e90e68c0>,1,16,[6 2],2,3,19,1,2
1,<environment.Job instance at 0x7f57e9223550>,6,13,[3 6],7,7,20,0,7
1,<environment.Job instance at 0x7f57e919f690>,13,18,[9 2],14,20,38,6,15
1,<environment.Job instance at 0x7f57e953e320>,18,15,[2 5],19,38,53,19,24
1,<environment.Job instance at 0x7f57e953e780>,23,13,[8 3],24,38,51,14,27
1,<environment.Job instance at 0x7f57e953e9b0>,26,15,[7 3],27,51,66,24,37
1,<environment.Job instance at 0x7f57e953ecd0>,27,17,[7 5],28,66,83,38,54
1,<environment.Job instance at 0x7f57e953ee60>,30,14,[2 8],31,83,97,52,69
1,<environment.Job instance at 0x7f57e95460a0>,39,17,[4 8],40,97,114,57,88
1,<environment.Job instance at 0x7f57e9546550>,42,2,[9 3],43,114,116,71,88
1,<environment.Job instance at 0x7f57e9546690>,44,3,[5 8],45,116,119,71,102
1,<environment.Job instance at 0x7f57e95467d0>,46,15,[6 2],47,119,134,72,105
1,<environment.Job instance at 0x7f57e9546910>,48,2,[1 7],49,114,116,65,105
1,<environment.Job instance at 0x7f57e95469b0>,49,3,[8 4],50,134,137,84,108
1,<environment.Job instance at 0x7f57e9546a50>,50,13,[ 4 10],51,137,150,86,121
1,<environment.Job instance at 0x7f57e9546c30>,53,13,[2 5],54,121,134,67,121
1,<environment.Job instance at 0x7f57e95492d0>,59,16,[1 7],60,150,166,90,137
1,<environment.Job instance at 0x7f57e9549690>,65,17,[6 3],66,151,168,85,151
1,<environment.Job instance at 0x7f57e953e500>,20,17,[4 5],21,166,183,145,161
1,<environment.Job instance at 0x7f57e919f780>,14,18,[ 5 10],15,197,215,182,197
1,<environment.Job instance at 0x7f57e919f8c0>,19,15,[7 4],20,215,230,195,211
1,<environment.Job instance at 0x7f57e9546280>,0,1,[2 5],1,1,2,0,1
1,<environment.Job instance at 0x7f57e953e0a0>,1,14,[3 6],2,2,16,0,2
1,<environment.Job instance at 0x7f582ce57c80>,2,15,[7 3],3,3,18,0,3
1,<environment.Job instance at 0x7f57e9223320>,5,16,[2 6],6,16,32,10,6
1,<environment.Job instance at 0x7f57e90e65f0>,13,12,[8 5],14,32,44,18,19
1,<environment.Job instance at 0x7f58338fa3c0>,15,12,[2 5],16,32,44,16,19
1,<environment.Job instance at 0x7f58338fae60>,17,13,[ 1 10],18,44,57,26,33
1,<environment.Job instance at 0x7f57e92034b0>,26,15,[4 9],27,57,72,30,44
1,<environment.Job instance at 0x7f57e9203d70>,31,3,[10  4],32,72,75,40,72
1,<environment.Job instance at 0x7f58337f0050>,38,12,[8 2],39,85,97,46,85
1,<environment.Job instance at 0x7f58337f0cd0>,40,12,[1 5],41,86,98,45,86
1,<environment.Job instance at 0x7f582cfcdf50>,42,17,[9 1],43,97,114,54,90
1,<environment.Job instance at 0x7f582cfcd370>,43,18,[8 1],44,114,132,70,103
1,<environment.Job instance at 0x7f582cfcd230>,50,16,[1 9],51,135,151,84,135
1,<environment.Job instance at 0x7f582cfcdb90>,57,13,[4 6],58,151,164,93,145
1,<environment.Job instance at 0x7f582cfcd0a0>,59,17,[5 1],60,145,162,85,145
1,<environment.Job instance at 0x7f583370e5f0>,62,13,[8 1],63,164,177,101,155
1,<environment.Job instance at 0x7f582cfcd5a0>,55,12,[4 7],56,177,189,121,163
1,<environment.Job instance at 0x7f583370ec30>,63,16,[3 5],64,189,205,125,180
1,<environment.Job instance at 0x7f582d1bb0f0>,2,13,[3 9],3,3,16,0,3
1,<environment.Job instance at 0x7f582d12dc30>,6,13,[8 4],7,16,29,9,7
1,<environment.Job instance at 0x7f582d204370>,15,15,[5 7],16,29,44,13,29
1,<environment.Job instance at 0x7f57e93fb3c0>,29,16,[1 8],30,69,85,39,69
1,<environment.Job instance at 0x7f58336cac80>,33,13,[9 5],34,85,98,51,73
1,<environment.Job instance at 0x7f582ce288c0>,40,13,[3 8],41,98,111,57,86
1,<environment.Job instance at 0x7f582ce28a50>,43,14,[3 6],44,111,125,67,99
1,<environment.Job instance at 0x7f582ce28e60>,45,1,[3 6],46,125,126,79,102
1,<environment.Job instance at 0x7f582ce28500>,47,13,[6 5],48,126,139,78,110
1,<environment.Job instance at 0x7f57e92c0230>,55,14,[7 3],56,139,153,83,132
1,<environment.Job instance at 0x7f57e92c0f00>,58,12,[5 6],59,155,167,96,155
1,<environment.Job instance at 0x7f582cdf2820>,63,3,[9 4],64,180,183,116,180
1,<environment.Job instance at 0x7f582cd6e460>,66,14,[8 1],67,183,197,116,183
1,<environment.Job instance at 0x7f582cdf2370>,62,3,[1 7],63,185,188,122,185
1,<environment.Job instance at 0x7f582cfe0050>,0,14,[ 4 10],1,1,15,0,1
1,<environment.Job instance at 0x7f57e93fb190>,3,14,[8 2],4,15,29,11,4
1,<environment.Job instance at 0x7f582cdca460>,13,15,[6 5],14,29,44,15,15
1,<environment.Job instance at 0x7f582cdca6e0>,14,1,[2 5],15,15,16,0,15
1,<environment.Job instance at 0x7f582cec3870>,18,14,[3 8],19,44,58,25,29
1,<environment.Job instance at 0x7f582cec36e0>,19,3,[3 6],20,58,61,38,32
1,<environment.Job instance at 0x7f582cec3e60>,20,3,[7 3],21,58,61,37,32
1,<environment.Job instance at 0x7f582cec3be0>,21,17,[5 7],22,61,78,39,49
1,<environment.Job instance at 0x7f5833bf0870>,28,1,[5 3],29,66,67,37,66
1,<environment.Job instance at 0x7f5833bf08c0>,30,18,[4 6],31,78,96,47,67
1,<environment.Job instance at 0x7f5833bf02d0>,31,15,[3 5],32,96,111,64,82
1,<environment.Job instance at 0x7f5833bf0d70>,36,14,[ 5 10],37,111,125,74,106
1,<environment.Job instance at 0x7f5833bdf2d0>,44,1,[5 7],45,125,126,80,121
1,<environment.Job instance at 0x7f5833bf0eb0>,38,19,[1 6],39,132,151,93,132
1,<environment.Job instance at 0x7f5833bdf780>,51,12,[5 9],52,151,163,99,144
1,<environment.Job instance at 0x7f5833bdf8c0>,53,18,[6 1],54,163,181,109,152
1,<environment.Job instance at 0x7f5833bdf960>,54,12,[4 7],55,163,175,108,159
1,<environment.Job instance at 0x7f5833bdffa0>,62,3,[4 9],63,175,178,112,159
1,<environment.Job instance at 0x7f5833be70f0>,63,12,[ 2 10],64,181,193,117,164
1,<environment.Job instance at 0x7f5833bdf910>,60,3,[1 6],61,178,181,117,164
1,<environment.Job instance at 0x7f5833be7410>,67,18,[3 6],68,193,211,125,182
1,<environment.Job instance at 0x7f5833be7280>,68,14,[6 4],69,193,207,124,182
1,<environment.Job instance at 0x7f582cdca730>,9,18,[5 8],10,211,229,201,201
1,<environment.Job instance at 0x7f5833be75a0>,66,16,[2 6],67,229,245,162,223
1,<environment.Job instance at 0x7f582d1a7140>,0,18,[5 9],1,1,19,0,1
1,<environment.Job instance at 0x7f582d141140>,1,3,[1 6],2,19,22,17,2
1,<environment.Job instance at 0x7f582d08b370>,5,12,[6 1],6,19,31,13,7
1,<environment.Job instance at 0x7f57e934eeb0>,20,12,[7 2],21,40,52,19,40
1,<environment.Job instance at 0x7f582cc49f00>,26,14,[9 2],27,52,66,25,46
1,<environment.Job instance at 0x7f57e93e5370>,29,3,[4 9],30,66,69,36,50
1,<environment.Job instance at 0x7f582d21e3c0>,30,13,[10  4],31,69,82,38,53
1,<environment.Job instance at 0x7f582ccadbe0>,39,14,[4 9],40,83,97,43,83
1,<environment.Job instance at 0x7f58337b5050>,40,18,[8 1],41,97,115,56,86
1,<environment.Job instance at 0x7f57e92f1140>,46,18,[9 4],47,115,133,68,104
1,<environment.Job instance at 0x7f57e92f1eb0>,48,17,[2 6],49,133,150,84,122
1,<environment.Job instance at 0x7f582d2c3140>,53,17,[5 3],54,133,150,79,128
1,<environment.Job instance at 0x7f57e92d9280>,55,13,[8 5],56,150,163,94,134
1,<environment.Job instance at 0x7f5833998960>,56,13,[3 9],57,163,176,106,152
1,<environment.Job instance at 0x7f57e95167d0>,64,16,[9 2],65,176,192,111,163
1,<environment.Job instance at 0x7f57e9516d70>,68,13,[6 1],69,192,205,123,177
1,<environment.Job instance at 0x7f57e8f9ea00>,62,15,[2 5],63,192,207,129,183
1,<environment.Job instance at 0x7f57e92da230>,15,17,[ 5 10],16,211,228,195,211
1,<environment.Job instance at 0x7f5833b46320>,0,3,[10  4],1,1,4,0,1
1,<environment.Job instance at 0x7f57e973a140>,1,13,[6 5],2,4,17,2,2
1,<environment.Job instance at 0x7f5833d26820>,8,17,[7 2],9,17,34,8,10
1,<environment.Job instance at 0x7f582d1514b0>,10,15,[5 6],11,34,49,23,20
1,<environment.Job instance at 0x7f57e949ea00>,16,14,[5 4],17,34,48,17,20
1,<environment.Job instance at 0x7f5833885820>,9,16,[10  2],10,49,65,39,38
1,<environment.Job instance at 0x7f57e9516d20>,32,15,[10  1],33,65,80,32,55
1,<environment.Job instance at 0x7f57e91d60f0>,39,16,[5 3],40,80,96,40,80
1,<environment.Job instance at 0x7f57e91d6e10>,42,24,[1 6],43,89,113,46,89
1,<environment.Job instance at 0x7f582d1f2d20>,48,17,[3 9],49,113,130,64,106
1,<environment.Job instance at 0x7f582d1f21e0>,51,12,[5 6],52,130,142,78,113
1,<environment.Job instance at 0x7f57e96e8be0>,53,13,[5 1],54,113,126,59,113
1,<environment.Job instance at 0x7f57e96e8320>,56,12,[1 5],57,142,154,85,125
1,<environment.Job instance at 0x7f57e96e8a50>,58,14,[9 1],59,142,156,83,127
1,<environment.Job instance at 0x7f582d210320>,46,15,[10  4],47,173,188,126,173
1,<environment.Job instance at 0x7f582d2107d0>,43,16,[8 5],44,232,248,188,232
1,<environment.Job instance at 0x7f57e92d9e10>,0,2,[2 7],1,1,3,0,1
1,<environment.Job instance at 0x7f57e92d97d0>,1,12,[1 8],2,3,15,1,2
1,<environment.Job instance at 0x7f57e968e4b0>,5,15,[ 1 10],6,15,30,9,6
1,<environment.Job instance at 0x7f57e9419780>,12,17,[9 4],13,30,47,17,18
1,<environment.Job instance at 0x7f57e9171cd0>,24,16,[4 5],25,47,63,22,36
1,<environment.Job instance at 0x7f5833a2b3c0>,30,12,[1 7],31,63,75,32,47
1,<environment.Job instance at 0x7f5833ac8960>,36,13,[4 7],37,75,88,38,64
1,<environment.Job instance at 0x7f5833acf910>,46,18,[6 3],47,102,120,55,102
1,<environment.Job instance at 0x7f5833ac8500>,41,21,[4 7],42,121,142,79,121
1,<environment.Job instance at 0x7f5833aeaa50>,57,14,[ 4 10],58,154,168,96,154
1,<environment.Job instance at 0x7f5833ab3870>,62,16,[3 8],63,168,184,105,157
1,<environment.Job instance at 0x7f5833ab3140>,63,13,[7 4],64,184,197,120,169
1,<environment.Job instance at 0x7f5833ab3c80>,67,2,[7 4],68,197,199,129,184
1,<environment.Job instance at 0x7f5833aea0a0>,54,14,[3 8],55,199,213,144,188
1,<environment.Job instance at 0x7f5833ab30a0>,68,17,[9 5],69,213,230,144,201
1,<environment.Job instance at 0x7f57e8f965f0>,1,16,[5 7],2,2,18,0,2
1,<environment.Job instance at 0x7f57e8fa64b0>,5,14,[4 6],6,18,32,12,6
1,<environment.Job instance at 0x7f57e8fa60a0>,14,13,[5 3],15,15,28,0,15
1,<environment.Job instance at 0x7f57e8fa6a50>,15,12,[8 5],16,32,44,16,20
1,<environment.Job instance at 0x7f57e8fc7140>,21,17,[2 7],22,44,61,22,32
1,<environment.Job instance at 0x7f57e8fc7910>,30,14,[ 2 10],31,61,75,30,50
1,<environment.Job instance at 0x7f57e8fc7780>,34,16,[5 5],35,75,91,40,62
1,<environment.Job instance at 0x7f582cec9230>,42,13,[9 4],43,93,106,50,93
1,<environment.Job instance at 0x7f582cec98c0>,43,12,[2 6],44,106,118,62,94
1,<environment.Job instance at 0x7f582cec9370>,46,13,[5 5],47,118,131,71,102
1,<environment.Job instance at 0x7f57e971a870>,53,1,[10  1],54,133,134,79,133
1,<environment.Job instance at 0x7f57e94fc820>,55,18,[5 5],56,134,152,78,133
1,<environment.Job instance at 0x7f57e94fc690>,59,14,[5 1],60,167,181,107,167
1,<environment.Job instance at 0x7f57e94fc230>,63,18,[7 1],64,181,199,117,170
1,<environment.Job instance at 0x7f57e968ec30>,64,14,[9 1],65,199,213,134,184
1,<environment.Job instance at 0x7f57e935d960>,1,1,[6 5],2,2,3,0,2
1,<environment.Job instance at 0x7f57e8fe93c0>,7,23,[5 3],8,9,32,1,9
1,<environment.Job instance at 0x7f57e97bf280>,18,14,[1 7],19,61,75,42,61
1,<environment.Job instance at 0x7f57e97bf6e0>,19,18,[6 4],20,75,93,55,64
1,<environment.Job instance at 0x7f5833daa190>,21,13,[6 3],22,93,106,71,77
1,<environment.Job instance at 0x7f583372c410>,24,14,[5 3],25,106,120,81,91
1,<environment.Job instance at 0x7f57e90ff410>,29,17,[9 2],30,120,137,90,108
1,<environment.Job instance at 0x7f5833736d70>,17,19,[1 5],18,117,136,99,117
1,<environment.Job instance at 0x7f57e92eb1e0>,37,13,[4 5],38,137,150,99,121
1,<environment.Job instance at 0x7f57e9394870>,40,16,[ 2 10],41,150,166,109,138
1,<environment.Job instance at 0x7f57e8fe95f0>,4,2,[9 3],5,166,168,161,155
1,<environment.Job instance at 0x7f57e8f8b910>,56,2,[7 1],57,168,170,111,155
1,<environment.Job instance at 0x7f57e8f65f00>,58,16,[7 2],59,170,186,111,157
1,<environment.Job instance at 0x7f582ce2a640>,57,18,[3 8],58,227,245,169,227
1,<environment.Job instance at 0x7f582d169140>,2,3,[5 9],3,3,6,0,3
1,<environment.Job instance at 0x7f5833d8e190>,6,12,[3 9],7,7,19,0,7
1,<environment.Job instance at 0x7f57e8f52c30>,12,12,[6 1],13,15,27,2,15
1,<environment.Job instance at 0x7f57e8f09910>,13,3,[8 3],14,27,30,13,15
1,<environment.Job instance at 0x7f57e94b20a0>,23,16,[9 4],24,44,60,20,44
1,<environment.Job instance at 0x7f5833c64b40>,24,13,[8 2],25,60,73,35,44
1,<environment.Job instance at 0x7f57e92a0d20>,34,17,[8 1],35,73,90,38,63
1,<environment.Job instance at 0x7f582cdc5eb0>,43,14,[ 4 10],44,108,122,64,108
1,<environment.Job instance at 0x7f582cdc5370>,47,15,[7 4],48,122,137,74,121
1,<environment.Job instance at 0x7f57e8fe78c0>,49,17,[ 1 10],50,137,154,87,134
1,<environment.Job instance at 0x7f57e8fe7370>,57,13,[9 1],58,154,167,96,141
1,<environment.Job instance at 0x7f582cdcab40>,67,17,[10  4],68,170,187,102,170
1,<environment.Job instance at 0x7f582d115f00>,0,2,[5 5],1,1,3,0,1
1,<environment.Job instance at 0x7f58337ef730>,1,14,[9 4],2,3,17,1,2
1,<environment.Job instance at 0x7f582d169fa0>,5,18,[7 5],6,17,35,11,6
1,<environment.Job instance at 0x7f57e8f4d870>,8,13,[1 5],9,26,39,17,26
1,<environment.Job instance at 0x7f5833d8e820>,14,18,[10  2],15,39,57,24,29
1,<environment.Job instance at 0x7f57e936d870>,26,17,[3 5],27,57,74,30,45
1,<environment.Job instance at 0x7f57e936de60>,34,13,[ 5 10],35,74,87,39,59
1,<environment.Job instance at 0x7f57e936df00>,35,15,[8 1],36,87,102,51,73
1,<environment.Job instance at 0x7f57e936f140>,39,15,[6 2],40,102,117,62,90
1,<environment.Job instance at 0x7f57e936ddc0>,33,2,[5 1],34,117,119,83,102
1,<environment.Job instance at 0x7f57e936f280>,41,15,[5 4],42,117,132,75,103
1,<environment.Job instance at 0x7f57e936f870>,49,14,[5 4],50,119,133,69,112
1,<environment.Job instance at 0x7f57e936faa0>,52,16,[9 4],53,133,149,80,120
1,<environment.Job instance at 0x7f57e938c410>,63,1,[8 5],64,157,158,93,157
1,<environment.Job instance at 0x7f57e938c550>,65,3,[7 5],66,158,161,92,158
1,<environment.Job instance at 0x7f57e938c690>,67,12,[2 8],68,161,173,93,158
1,<environment.Job instance at 0x7f57e938c730>,68,18,[5 3],69,173,191,104,162
1,<environment.Job instance at 0x7f57e936f690>,45,21,[9 3],46,191,212,145,187
1,<environment.Job instance at 0x7f58339ae960>,0,13,[2 6],1,1,14,0,1
1,<environment.Job instance at 0x7f57e938c320>,2,15,[8 4],3,3,18,0,3
1,<environment.Job instance at 0x7f57e938cc80>,6,17,[2 5],7,14,31,7,7
1,<environment.Job instance at 0x7f58338e7820>,15,15,[3 9],16,31,46,15,20
1,<environment.Job instance at 0x7f58338e7370>,19,18,[7 5],20,46,64,26,37
1,<environment.Job instance at 0x7f57e9691c30>,22,13,[7 2],23,64,77,41,51
1,<environment.Job instance at 0x7f57e9691500>,24,17,[7 2],25,77,94,52,65
1,<environment.Job instance at 0x7f57e9691190>,30,12,[7 4],31,94,106,63,77
1,<environment.Job instance at 0x7f57e9691370>,34,16,[7 4],35,106,122,71,93
1,<environment.Job instance at 0x7f582cf34500>,40,15,[5 3],41,122,137,81,121
1,<environment.Job instance at 0x7f582cf34640>,41,18,[4 7],42,124,142,82,124
1,<environment.Job instance at 0x7f582cf34dc0>,50,15,[5 5],51,142,157,91,135
1,<environment.Job instance at 0x7f582cf34690>,52,12,[ 1 10],53,157,169,104,140
1,<environment.Job instance at 0x7f57e901f910>,57,15,[6 2],58,169,184,111,155
1,<environment.Job instance at 0x7f57e901fb90>,63,3,[3 8],64,169,172,105,165
1,<environment.Job instance at 0x7f57e901f140>,64,12,[9 1],65,184,196,119,167
1,<environment.Job instance at 0x7f57e936da00>,0,12,[5 6],1,1,13,0,1
1,<environment.Job instance at 0x7f582d34c320>,4,13,[2 7],5,13,26,8,5
1,<environment.Job instance at 0x7f582d098410>,8,14,[6 4],9,26,40,17,12
1,<environment.Job instance at 0x7f57e9134b90>,21,15,[8 4],22,43,58,21,43
1,<environment.Job instance at 0x7f582cc94550>,25,17,[5 3],26,58,75,32,52
1,<environment.Job instance at 0x7f582cc94230>,26,12,[2 7],27,58,70,31,54
1,<environment.Job instance at 0x7f582cea0be0>,32,16,[9 2],33,75,91,42,70
1,<environment.Job instance at 0x7f582cea0f00>,34,13,[2 8],35,91,104,56,79
1,<environment.Job instance at 0x7f582cf390a0>,36,17,[3 7],37,104,121,67,92
1,<environment.Job instance at 0x7f57e97cfeb0>,42,18,[7 4],43,121,139,78,110
1,<environment.Job instance at 0x7f58338830f0>,50,2,[8 4],51,139,141,88,131
1,<environment.Job instance at 0x7f5833883050>,52,14,[ 2 10],53,141,155,88,136
1,<environment.Job instance at 0x7f5833883b40>,53,16,[3 8],54,155,171,101,142
1,<environment.Job instance at 0x7f5833e2e780>,58,16,[3 8],59,171,187,112,158
1,<environment.Job instance at 0x7f5833a2b190>,61,12,[4 7],62,187,199,125,170
1,<environment.Job instance at 0x7f57e916f500>,67,12,[1 6],68,199,211,131,187
1,<environment.Job instance at 0x7f57e9414af0>,0,12,[4 8],1,1,13,0,1
1,<environment.Job instance at 0x7f57e8ece280>,23,3,[ 4 10],24,79,82,55,79
1,<environment.Job instance at 0x7f57e8ecebe0>,40,26,[6 4],41,118,144,77,118
1,<environment.Job instance at 0x7f57e8e9f0f0>,46,16,[9 2],47,144,160,97,134
1,<environment.Job instance at 0x7f57e8e9f870>,58,2,[5 7],59,161,163,102,161
1,<environment.Job instance at 0x7f57e8e9f1e0>,60,17,[ 5 10],61,187,204,126,187
1,<environment.Job instance at 0x7f57e8e9ffa0>,68,12,[3 9],69,204,216,135,191
1,<environment.Job instance at 0x7f57e8e9f140>,61,14,[10  1],62,216,230,154,212
1,<environment.Job instance at 0x7f582cde1c30>,0,2,[6 1],1,1,3,0,1
1,<environment.Job instance at 0x7f57e8ececd0>,1,3,[7 4],2,3,6,1,2
1,<environment.Job instance at 0x7f57e94cd280>,3,12,[5 4],4,6,18,2,4
1,<environment.Job instance at 0x7f57e94cd820>,5,13,[9 1],6,18,31,12,6
1,<environment.Job instance at 0x7f5833bcd190>,14,13,[3 6],15,31,44,16,21
1,<environment.Job instance at 0x7f582d2d1e60>,13,13,[5 6],14,44,57,30,30
1,<environment.Job instance at 0x7f582cf8f0a0>,18,16,[10  3],19,57,73,38,46
1,<environment.Job instance at 0x7f582cc50a00>,28,17,[6 5],29,73,90,44,61
1,<environment.Job instance at 0x7f582d2d5280>,36,15,[5 6],37,90,105,53,77
1,<environment.Job instance at 0x7f57e8ea4a50>,40,15,[1 8],41,105,120,64,91
1,<environment.Job instance at 0x7f5833e2ed70>,29,18,[5 1],30,108,126,78,108
1,<environment.Job instance at 0x7f57e8ea4230>,44,14,[ 3 10],45,126,140,81,111
1,<environment.Job instance at 0x7f582d148230>,58,2,[8 5],59,140,142,81,139
1,<environment.Job instance at 0x7f582cbb8b90>,60,13,[10  1],61,142,155,81,139
1,<environment.Job instance at 0x7f582cd79690>,62,2,[5 3],63,155,157,92,140
1,<environment.Job instance at 0x7f5833ada370>,63,18,[4 5],64,155,173,91,144
1,<environment.Job instance at 0x7f5833bec280>,67,3,[9 4],68,173,176,105,147
1,<environment.Job instance at 0x7f5833becb90>,68,13,[8 2],69,176,189,107,160
1,<environment.Job instance at 0x7f582d148e10>,55,16,[10  3],56,189,205,133,180
1,<environment.Job instance at 0x7f57e96bc690>,0,2,[8 2],1,1,3,0,1
1,<environment.Job instance at 0x7f58338da050>,1,16,[4 6],2,3,19,1,2
1,<environment.Job instance at 0x7f57e97b6960>,9,3,[6 2],10,10,13,0,10
1,<environment.Job instance at 0x7f582cbf3460>,10,13,[1 5],11,19,32,8,11
1,<environment.Job instance at 0x7f582cbf3a00>,12,14,[3 7],13,32,46,19,18
1,<environment.Job instance at 0x7f582d351320>,20,13,[2 8],21,46,59,25,30
1,<environment.Job instance at 0x7f57e9606820>,42,18,[10  5],43,111,129,68,111
1,<environment.Job instance at 0x7f57e9606dc0>,46,1,[7 3],47,129,130,82,111
1,<environment.Job instance at 0x7f57e96060f0>,47,15,[ 4 10],48,130,145,82,116
1,<environment.Job instance at 0x7f5833748eb0>,53,13,[3 9],54,145,158,91,134
1,<environment.Job instance at 0x7f582cdb5e10>,59,12,[5 8],60,158,170,98,147
1,<environment.Job instance at 0x7f582cd36190>,64,18,[7 1],65,170,188,105,159
1,<environment.Job instance at 0x7fd65db400a0>,2,12,[5 4],3,3,15,0,3
1,<environment.Job instance at 0x7fd6589e01e0>,4,18,[10  4],5,15,33,10,7
1,<environment.Job instance at 0x7fd6589e0870>,12,3,[6 3],13,33,36,20,16
1,<environment.Job instance at 0x7fd6589e0910>,13,13,[1 8],14,36,49,22,20
1,<environment.Job instance at 0x7fd6589e09b0>,14,12,[3 7],15,49,61,34,32
1,<environment.Job instance at 0x7fd6589e0dc0>,18,16,[8 5],19,61,77,42,48
1,<environment.Job instance at 0x7fd6589e4910>,32,17,[9 3],33,77,94,44,65
1,<environment.Job instance at 0x7fd6589e4eb0>,41,14,[6 1],42,94,108,52,82
1,<environment.Job instance at 0x7fd6589e5230>,46,3,[5 4],47,108,111,61,107
1,<environment.Job instance at 0x7fd6589e5690>,48,13,[6 1],49,111,124,62,107
1,<environment.Job instance at 0x7fd6589e5e60>,55,17,[4 7],56,131,148,75,131
1,<environment.Job instance at 0x7fd6589e5f50>,56,18,[4 5],57,148,166,91,137
1,<environment.Job instance at 0x7fd6589e8f00>,69,13,[7 2],70,179,192,109,179
1,<environment.Job instance at 0x7fd6589e8be0>,72,14,[9 1],73,192,206,119,183
1,<environment.Job instance at 0x7fd6589e70a0>,76,13,[1 5],77,184,197,107,184
1,<environment.Job instance at 0x7fd65db69910>,2,3,[10  1],3,3,6,0,3
1,<environment.Job instance at 0x7fd65db69c30>,3,3,[9 2],4,6,9,2,4
1,<environment.Job instance at 0x7fd65db697d0>,4,12,[3 5],5,9,21,4,5
1,<environment.Job instance at 0x7fd65dcb4e60>,18,12,[10  1],19,21,33,2,21
1,<environment.Job instance at 0x7fd65dcb12d0>,25,1,[3 6],26,40,41,14,40
1,<environment.Job instance at 0x7fd65dcb1500>,26,12,[2 6],27,41,53,14,40
1,<environment.Job instance at 0x7fd65dcb1280>,27,3,[7 4],28,40,43,12,40
1,<environment.Job instance at 0x7fd65dca7640>,32,2,[4 8],33,81,83,48,81
1,<environment.Job instance at 0x7fd65dca7c30>,35,14,[9 1],36,83,97,47,82
1,<environment.Job instance at 0x7fd65dca7d70>,36,15,[9 2],37,97,112,60,83
1,<environment.Job instance at 0x7fd65dcb43c0>,23,17,[5 6],24,112,129,88,101
1,<environment.Job instance at 0x7fd65dcadaa0>,50,16,[9 3],51,136,152,85,136
1,<environment.Job instance at 0x7fd65dcb2550>,56,18,[1 6],57,148,166,91,148
1,<environment.Job instance at 0x7fd65dcb2690>,60,17,[3 8],61,166,183,105,154
1,<environment.Job instance at 0x7fd65dcad370>,49,14,[8 1],50,183,197,133,171
1,<environment.Job instance at 0x7fd65db6a500>,65,15,[6 2],66,197,212,131,183
1,<environment.Job instance at 0x7fd65db6a0a0>,70,13,[2 6],71,207,220,136,207
1,<environment.Job instance at 0x7fd65db6ab40>,72,16,[6 2],73,212,228,139,207
1,<environment.Job instance at 0x7fd65db6af50>,77,17,[3 8],78,220,237,142,210
1,<environment.Job instance at 0x7fd65dcb11e0>,0,12,[6 3],1,1,13,0,1
1,<environment.Job instance at 0x7fd65dbc8730>,1,3,[1 5],2,2,5,0,2
1,<environment.Job instance at 0x7fd65db6ac30>,3,15,[4 8],4,13,28,9,4
1,<environment.Job instance at 0x7fd614cd86e0>,11,14,[5 3],12,28,42,16,13
1,<environment.Job instance at 0x7fd614cd8320>,13,12,[1 7],14,28,40,14,14
1,<environment.Job instance at 0x7fd614cdca00>,12,1,[ 5 10],13,42,43,29,15
1,<environment.Job instance at 0x7fd614cad5a0>,20,12,[2 5],21,43,55,22,26
1,<environment.Job instance at 0x7fd614d23c80>,24,12,[5 7],25,55,67,30,38
1,<environment.Job instance at 0x7fd614d23190>,27,2,[9 3],28,67,69,39,43
1,<environment.Job instance at 0x7fd614d23730>,28,14,[8 5],29,69,83,40,54
1,<environment.Job instance at 0x7fd614d23230>,30,18,[5 1],31,83,101,52,72
1,<environment.Job instance at 0x7fd614cd16e0>,42,14,[9 2],43,101,115,58,86
1,<environment.Job instance at 0x7fd614cd15a0>,44,17,[10  2],45,129,146,84,129
1,<environment.Job instance at 0x7fd614d24d20>,56,16,[7 2],57,146,162,89,141
1,<environment.Job instance at 0x7fd614d24320>,59,1,[9 2],60,162,163,102,155
1,<environment.Job instance at 0x7fd614d247d0>,60,2,[4 5],61,163,165,102,155
1,<environment.Job instance at 0x7fd614d26410>,61,1,[8 3],62,165,166,103,155
1,<environment.Job instance at 0x7fd614d24dc0>,62,1,[3 8],63,155,156,92,155
1,<environment.Job instance at 0x7fd614d26870>,63,15,[5 6],64,166,181,102,155
1,<environment.Job instance at 0x7fd614db10f0>,70,15,[7 4],71,191,206,120,191
1,<environment.Job instance at 0x7fd614db1e10>,72,16,[8 5],73,206,222,133,202
1,<environment.Job instance at 0x7fd614db1370>,73,12,[3 8],74,222,234,148,211
1,<environment.Job instance at 0x7fd65dcba8c0>,1,16,[7 4],2,2,18,0,2
1,<environment.Job instance at 0x7fd614dde2d0>,6,17,[2 6],7,7,24,0,7
1,<environment.Job instance at 0x7fd614dde640>,10,18,[8 5],11,24,42,13,13
1,<environment.Job instance at 0x7fd614ddeb40>,12,13,[2 5],13,24,37,11,14
1,<environment.Job instance at 0x7fd614c91e60>,32,17,[8 2],33,78,95,45,78
1,<environment.Job instance at 0x7fd614c91c30>,33,18,[7 5],34,95,113,61,84
1,<environment.Job instance at 0x7fd614c91140>,39,13,[5 7],40,113,126,73,111
1,<environment.Job instance at 0x7fd615095550>,50,13,[7 4],51,127,140,76,127
1,<environment.Job instance at 0x7fd614ea1aa0>,54,18,[ 5 10],55,144,162,89,144
1,<environment.Job instance at 0x7fd6151b7730>,58,15,[2 5],59,162,177,103,148
1,<environment.Job instance at 0x7fd6151b7c80>,59,15,[7 4],60,162,177,102,148
1,<environment.Job instance at 0x7fd614dde0f0>,8,12,[9 2],9,177,189,168,172
1,<environment.Job instance at 0x7fd614dbceb0>,63,13,[8 3],64,189,202,125,173
1,<environment.Job instance at 0x7fd614dbcf50>,66,15,[7 3],67,202,217,135,190
1,<environment.Job instance at 0x7fd614e16780>,77,14,[7 1],78,217,231,139,210
1,<environment.Job instance at 0x7fd614de2e10>,0,14,[ 3 10],1,1,15,0,1
1,<environment.Job instance at 0x7fd614de23c0>,3,15,[7 4],4,15,30,11,4
1,<environment.Job instance at 0x7fd614db22d0>,16,2,[3 5],17,31,33,14,31
1,<environment.Job instance at 0x7fd614db2050>,11,16,[2 8],12,38,54,26,38
1,<environment.Job instance at 0x7fd614e67690>,18,14,[10  4],19,54,68,35,47
1,<environment.Job instance at 0x7fd6150dd2d0>,28,17,[2 8],29,68,85,39,56
1,<environment.Job instance at 0x7fd6150dd870>,34,12,[2 9],35,85,97,50,68
1,<environment.Job instance at 0x7fd6150d52d0>,23,1,[2 8],24,97,98,73,81
1,<environment.Job instance at 0x7fd6150ddb90>,38,16,[3 6],39,106,122,67,106
1,<environment.Job instance at 0x7fd6150de230>,47,13,[ 1 10],48,122,135,74,115
1,<environment.Job instance at 0x7fd6150de9b0>,56,15,[4 9],57,136,151,79,136
1,<environment.Job instance at 0x7fd6150de690>,55,20,[3 8],56,152,172,96,152
1,<environment.Job instance at 0x7fd6150defa0>,67,13,[4 9],68,172,185,104,161
1,<environment.Job instance at 0x7fd6150da0f0>,68,12,[8 2],69,185,197,116,168
1,<environment.Job instance at 0x7fd6150deb90>,60,18,[4 8],61,218,236,157,218
1,<environment.Job instance at 0x7fd614ca2730>,0,16,[1 9],1,1,17,0,1
1,<environment.Job instance at 0x7fd6150dee60>,1,3,[3 7],2,17,20,15,2
1,<environment.Job instance at 0x7fd614be90a0>,2,17,[4 6],3,20,37,17,8
1,<environment.Job instance at 0x7fd658b05230>,16,13,[1 6],17,37,50,20,27
1,<environment.Job instance at 0x7fd658b05690>,17,14,[10  3],18,50,64,32,37
1,<environment.Job instance at 0x7fd658b059b0>,18,13,[8 2],19,37,50,18,37
1,<environment.Job instance at 0x7fd65b6b2aa0>,25,16,[10  5],26,64,80,38,55
1,<environment.Job instance at 0x7fd65b6b29b0>,32,12,[8 5],33,80,92,47,71
1,<environment.Job instance at 0x7fd65b6b22d0>,36,13,[7 1],37,92,105,55,78
1,<environment.Job instance at 0x7fd65b0a71e0>,37,16,[2 6],38,92,108,54,79
1,<environment.Job instance at 0x7fd65b6b2140>,26,13,[8 4],27,122,135,95,122
1,<environment.Job instance at 0x7fd65b4fc190>,52,17,[10  3],53,135,152,82,124
1,<environment.Job instance at 0x7fd615114230>,65,1,[3 6],66,165,166,99,165
1,<environment.Job instance at 0x7fd615114d70>,67,13,[6 5],68,180,193,112,180
1,<environment.Job instance at 0x7fd65b6b2500>,35,15,[5 7],36,193,208,157,180
1,<environment.Job instance at 0x7fd615114be0>,71,14,[1 9],72,208,222,136,207
1,<environment.Job instance at 0x7fd65b2df410>,78,12,[5 6],79,222,234,143,219
1,<environment.Job instance at 0x7fd6152291e0>,0,1,[10  3],1,1,2,0,1
1,<environment.Job instance at 0x7fd615229cd0>,2,3,[1 7],3,3,6,0,3
1,<environment.Job instance at 0x7fd615229a50>,4,2,[4 8],5,6,8,1,5
1,<environment.Job instance at 0x7fd615229640>,7,12,[10  4],8,8,20,0,8
1,<environment.Job instance at 0x7fd65b03d640>,8,1,[2 5],9,20,21,11,9
1,<environment.Job instance at 0x7fd6587d25f0>,9,3,[4 8],10,21,24,11,10
1,<environment.Job instance at 0x7fd658cd7af0>,10,14,[ 4 10],11,24,38,13,11
1,<environment.Job instance at 0x7fd614e81be0>,23,15,[6 5],24,38,53,14,36
1,<environment.Job instance at 0x7fd61527aaa0>,26,14,[7 5],27,53,67,26,38
1,<environment.Job instance at 0x7fd65b1d48c0>,30,3,[7 3],31,67,70,36,45
1,<environment.Job instance at 0x7fd614edf500>,31,17,[5 7],32,70,87,38,58
1,<environment.Job instance at 0x7fd614dfc730>,39,17,[ 5 10],40,87,104,47,75
1,<environment.Job instance at 0x7fd61502f500>,44,15,[5 7],45,104,119,59,92
1,<environment.Job instance at 0x7fd614eb9c30>,51,14,[5 4],52,128,142,76,128
1,<environment.Job instance at 0x7fd614ce1230>,54,1,[5 7],55,142,143,87,128
1,<environment.Job instance at 0x7fd658aa6410>,59,12,[9 1],60,163,175,103,163
1,<environment.Job instance at 0x7fd658aebeb0>,61,12,[5 9],62,175,187,113,163
1,<environment.Job instance at 0x7fd65b565870>,66,14,[10  4],67,187,201,120,181
1,<environment.Job instance at 0x7fd6151796e0>,73,12,[ 2 10],74,201,213,127,187
1,<environment.Job instance at 0x7fd615095230>,76,16,[2 6],77,213,229,136,200
1,<environment.Job instance at 0x7fd615095b90>,78,14,[6 4],79,213,227,134,200
1,<environment.Job instance at 0x7fd614ce1870>,53,20,[5 7],54,229,249,175,221
1,<environment.Job instance at 0x7fd65b00d320>,0,18,[5 9],1,1,19,0,1
1,<environment.Job instance at 0x7fd6587d2870>,4,14,[7 5],5,19,33,14,5
1,<environment.Job instance at 0x7fd65b489aa0>,15,17,[ 5 10],16,33,50,17,21
1,<environment.Job instance at 0x7fd614b380f0>,18,16,[9 2],19,50,66,31,37
1,<environment.Job instance at 0x7fd614dfc690>,6,2,[ 3 10],7,66,68,59,40
1,<environment.Job instance at 0x7fd614b381e0>,24,1,[7 3],25,68,69,43,44
1,<environment.Job instance at 0x7fd614b38820>,29,3,[4 9],30,69,72,39,49
1,<environment.Job instance at 0x7fd614b388c0>,30,13,[10  4],31,72,85,41,56
1,<environment.Job instance at 0x7fd614b38eb0>,38,17,[2 7],39,85,102,46,82
1,<environment.Job instance at 0x7fd614b4c460>,40,18,[8 1],41,85,103,44,83
1,<environment.Job instance at 0x7fd614b4c820>,46,18,[9 4],47,103,121,56,93
1,<environment.Job instance at 0x7fd614b4cd20>,55,13,[8 5],56,122,135,66,122
1,<environment.Job instance at 0x7fd614b4cf50>,57,14,[2 5],58,122,136,64,122
1,<environment.Job instance at 0x7fd614b4ce60>,58,16,[6 5],59,135,151,76,124
1,<environment.Job instance at 0x7fd614b4f2d0>,62,15,[2 5],63,136,151,73,130
1,<environment.Job instance at 0x7fd614b4f550>,66,15,[9 1],67,151,166,84,140
1,<environment.Job instance at 0x7fd614b4f640>,69,13,[1 8],70,151,164,81,148
1,<environment.Job instance at 0x7fd614b4fa00>,71,13,[6 5],72,166,179,94,150
1,<environment.Job instance at 0x7fd614b4fcd0>,78,17,[7 2],79,179,196,100,167
1,<environment.Job instance at 0x7fd614b4c960>,48,17,[2 6],49,179,196,130,176
1,<environment.Job instance at 0x7fd65b00de60>,3,18,[ 1 10],4,200,218,196,200
1,<environment.Job instance at 0x7fd614b386e0>,27,17,[3 8],28,218,235,190,206
1,<environment.Job instance at 0x7fd658de8eb0>,0,15,[5 6],1,1,16,0,1
1,<environment.Job instance at 0x7fd614dfcaf0>,5,12,[10  3],6,16,28,10,8
1,<environment.Job instance at 0x7fd614ec4190>,23,13,[7 5],24,29,42,5,29
1,<environment.Job instance at 0x7fd614f0cc30>,24,13,[1 8],25,42,55,17,42
1,<environment.Job instance at 0x7fd614ed6410>,29,16,[5 3],30,55,71,25,50
1,<environment.Job instance at 0x7fd614ebf5a0>,33,16,[8 5],34,71,87,37,58
1,<environment.Job instance at 0x7fd658994050>,39,2,[9 1],40,87,89,47,76
1,<environment.Job instance at 0x7fd658aecc80>,40,14,[1 8],41,87,101,46,76
1,<environment.Job instance at 0x7fd658897b40>,43,13,[5 1],44,89,102,45,83
1,<environment.Job instance at 0x7fd65b3fbd20>,46,12,[1 5],47,101,113,54,84
1,<environment.Job instance at 0x7fd65b3346e0>,48,14,[9 1],49,102,116,53,87
1,<environment.Job instance at 0x7fd658d01960>,60,2,[2 7],61,158,160,97,158
1,<environment.Job instance at 0x7fd658d01b90>,61,12,[1 8],62,160,172,98,158
1,<environment.Job instance at 0x7fd658d01e60>,63,16,[5 3],64,172,188,108,159
1,<environment.Job instance at 0x7fd65b583b90>,64,17,[5 1],65,159,176,94,159
1,<environment.Job instance at 0x7fd65b5c3c80>,70,13,[5 3],71,188,201,117,188
1,<environment.Job instance at 0x7fd65b5c3dc0>,72,17,[9 4],73,201,218,128,199
1,<environment.Job instance at 0x7fd6151f66e0>,77,15,[4 6],78,218,233,140,218
1,<environment.Job instance at 0x7fd65b00d140>,1,2,[8 4],2,2,4,0,2
1,<environment.Job instance at 0x7fd614fee870>,6,3,[8 3],7,7,10,0,7
1,<environment.Job instance at 0x7fd658d84be0>,10,12,[1 7],11,11,23,0,11
1,<environment.Job instance at 0x7fd61502b320>,11,3,[6 4],12,23,26,11,12
1,<environment.Job instance at 0x7fd658d846e0>,12,17,[ 2 10],13,26,43,13,14
1,<environment.Job instance at 0x7fd65b1cac80>,19,13,[7 4],20,43,56,23,39
1,<environment.Job instance at 0x7fd6151192d0>,26,18,[6 3],27,56,74,29,45
1,<environment.Job instance at 0x7fd658cbfe10>,32,15,[4 8],33,74,89,41,60
1,<environment.Job instance at 0x7fd658956d20>,36,12,[2 7],37,62,74,25,62
1,<environment.Job instance at 0x7fd658764870>,41,12,[5 5],42,89,101,47,76
1,<environment.Job instance at 0x7fd658764b40>,43,13,[7 4],44,101,114,57,85
1,<environment.Job instance at 0x7fd615108a50>,50,16,[ 3 10],51,114,130,63,108
1,<environment.Job instance at 0x7fd615108910>,51,16,[5 7],52,130,146,78,117
1,<environment.Job instance at 0x7fd65b664870>,55,14,[4 6],56,146,160,90,131
1,<environment.Job instance at 0x7fd65af5d500>,66,14,[6 4],67,146,160,79,141
1,<environment.Job instance at 0x7fd65b5dcaa0>,49,16,[7 2],50,160,176,110,149
1,<environment.Job instance at 0x7fd65b0b55a0>,75,1,[7 3],76,176,177,100,159
1,<environment.Job instance at 0x7fd65b123460>,76,3,[5 4],77,177,180,100,159
1,<environment.Job instance at 0x7fd65b0b5aa0>,77,2,[7 2],78,180,182,102,159
1,<environment.Job instance at 0x7fd65b123500>,78,12,[ 4 10],79,182,194,103,165
1,<environment.Job instance at 0x7fd615179b40>,0,14,[ 2 10],1,1,15,0,1
1,<environment.Job instance at 0x7fd65b1d0870>,2,16,[ 3 10],3,15,31,12,4
1,<environment.Job instance at 0x7fd61524d8c0>,8,18,[1 5],9,31,49,22,20
1,<environment.Job instance at 0x7fd658dfbeb0>,12,13,[9 4],13,31,44,18,20
1,<environment.Job instance at 0x7fd6151f65a0>,16,13,[5 5],17,44,57,27,29
1,<environment.Job instance at 0x7fd614ccf910>,25,18,[5 5],26,51,69,25,51
1,<environment.Job instance at 0x7fd614ccfdc0>,29,14,[5 1],30,79,93,49,79
1,<environment.Job instance at 0x7fd614ccfcd0>,30,3,[5 7],31,79,82,48,79
1,<environment.Job instance at 0x7fd614ccfe60>,32,18,[4 7],33,82,100,49,80
1,<environment.Job instance at 0x7fd614cd2280>,35,12,[7 1],36,100,112,64,86
1,<environment.Job instance at 0x7fd614cd20a0>,36,18,[8 3],37,112,130,75,101
1,<environment.Job instance at 0x7fd6151f6eb0>,14,16,[2 7],15,126,142,111,126
1,<environment.Job instance at 0x7fd614cd2960>,46,13,[9 3],47,142,155,95,130
1,<environment.Job instance at 0x7fd614cd2dc0>,50,14,[1 5],51,150,164,99,150
1,<environment.Job instance at 0x7fd614cd2370>,54,13,[2 6],55,180,193,125,180
1,<environment.Job instance at 0x7fd614cae190>,55,14,[ 1 10],56,193,207,137,180
1,<environment.Job instance at 0x7fd614cae4b0>,61,13,[6 3],62,207,220,145,203
1,<environment.Job instance at 0x7fd614cae550>,62,14,[3 9],63,220,234,157,210
1,<environment.Job instance at 0x7fd614cae910>,68,15,[7 3],69,234,249,165,220
1,<environment.Job instance at 0x7fd614caebe0>,1,2,[1 6],2,2,4,0,2
1,<environment.Job instance at 0x7fd6151f6640>,2,15,[5 9],3,4,19,1,3
1,<environment.Job instance at 0x7fd65af5dc80>,4,14,[6 4],5,19,33,14,5
1,<environment.Job instance at 0x7fd658acad70>,7,2,[6 3],8,33,35,25,8
1,<environment.Job instance at 0x7fd658aca1e0>,8,2,[2 8],9,35,37,26,9
1,<environment.Job instance at 0x7fd658eda820>,17,18,[3 8],18,37,55,19,26
1,<environment.Job instance at 0x7fd658eda5a0>,18,16,[7 2],19,35,51,16,26
1,<environment.Job instance at 0x7fd61504a730>,38,16,[4 8],39,55,71,16,45
1,<environment.Job instance at 0x7fd61504a500>,39,18,[6 1],40,51,69,11,51
1,<environment.Job instance at 0x7fd61504a820>,40,15,[2 8],41,71,86,30,69
1,<environment.Job instance at 0x7fd65b31e8c0>,50,15,[4 7],51,86,101,35,78
1,<environment.Job instance at 0x7fd65b31e780>,54,13,[8 2],55,101,114,46,90
1,<environment.Job instance at 0x7fd615102c80>,58,13,[2 5],59,101,114,42,91
1,<environment.Job instance at 0x7fd615102e10>,64,17,[8 1],65,114,131,49,102
1,<environment.Job instance at 0x7fd615102e60>,67,1,[7 3],68,132,133,64,132
1,<environment.Job instance at 0x7fd65b2f6f50>,69,18,[2 7],70,132,150,62,132
1,<environment.Job instance at 0x7fd61539b910>,70,3,[5 3],71,133,136,62,132
1,<environment.Job instance at 0x7fd658b6b5f0>,74,15,[4 8],75,150,165,75,142
1,<environment.Job instance at 0x7fd658b6b050>,76,16,[1 6],77,165,181,88,152
1,<environment.Job instance at 0x7fd658b6b2d0>,77,15,[7 4],78,165,180,87,153
1,<environment.Job instance at 0x7fd658906190>,2,3,[1 8],3,3,6,0,3
1,<environment.Job instance at 0x7fd614cdfc80>,3,12,[3 8],4,6,18,2,4
1,<environment.Job instance at 0x7fd65dcb7190>,4,3,[1 5],5,18,21,13,5
1,<environment.Job instance at 0x7fd65b0b5cd0>,5,15,[3 5],6,18,33,12,6
1,<environment.Job instance at 0x7fd658e37550>,8,2,[7 4],9,21,23,12,9
1,<environment.Job instance at 0x7fd65874c280>,17,17,[10  4],18,39,56,21,39
1,<environment.Job instance at 0x7fd658819be0>,25,18,[7 5],26,56,74,30,45
1,<environment.Job instance at 0x7fd6588191e0>,28,13,[1 5],29,85,98,56,85
1,<environment.Job instance at 0x7fd6587c63c0>,37,15,[5 8],38,98,113,60,96
1,<environment.Job instance at 0x7fd6587c6910>,38,18,[5 8],39,113,131,74,106
1,<environment.Job instance at 0x7fd65b3edaa0>,46,17,[3 5],47,131,148,84,119
1,<environment.Job instance at 0x7fd65b3ed1e0>,50,13,[5 6],51,148,161,97,132
1,<environment.Job instance at 0x7fd65b3edc30>,54,13,[ 5 10],55,161,174,106,149
1,<environment.Job instance at 0x7fd65b116050>,59,15,[6 2],60,174,189,114,164
1,<environment.Job instance at 0x7fd65b116410>,61,15,[5 4],62,189,204,127,175
1,<environment.Job instance at 0x7fd65b116c80>,63,17,[5 9],64,204,221,140,193
1,<environment.Job instance at 0x7fd65b427eb0>,74,17,[1 9],75,225,242,150,225
1,<environment.Job instance at 0x7fd65b427190>,76,18,[8 1],77,226,244,149,226
1,<environment.Job instance at 0x7fd6589065f0>,0,3,[2 8],1,1,4,0,1
1,<environment.Job instance at 0x7fd65b427c30>,1,13,[7 4],2,4,17,2,2
1,<environment.Job instance at 0x7fd614f8e910>,6,17,[2 6],7,7,24,0,7
1,<environment.Job instance at 0x7fd65b34fd70>,8,18,[5 3],9,17,35,8,9
1,<environment.Job instance at 0x7fd658b6be10>,9,12,[4 6],10,24,36,14,10
1,<environment.Job instance at 0x7fd658906d70>,5,3,[7 5],6,36,39,30,13
1,<environment.Job instance at 0x7fd61502c320>,16,17,[2 5],17,36,53,19,24
1,<environment.Job instance at 0x7fd65b0f3aa0>,27,17,[1 9],28,56,73,28,56
1,<environment.Job instance at 0x7fd65b0f3c80>,32,13,[7 2],33,86,99,53,86
1,<environment.Job instance at 0x7fd65b0f3b40>,34,17,[7 2],35,99,116,64,88
1,<environment.Job instance at 0x7fd614bc5b40>,40,12,[7 4],41,116,128,75,104
1,<environment.Job instance at 0x7fd61509c5a0>,44,16,[7 4],45,128,144,83,122
1,<environment.Job instance at 0x7fd615074f50>,51,18,[4 7],52,145,163,93,145
1,<environment.Job instance at 0x7fd65b0eeb90>,52,14,[4 6],53,163,177,110,150
1,<environment.Job instance at 0x7fd65b5409b0>,62,12,[ 1 10],63,177,189,114,172
1,<environment.Job instance at 0x7fd65b50a870>,64,15,[10  2],65,189,204,124,176
1,<environment.Job instance at 0x7fd658b6b320>,11,13,[10  4],12,204,217,192,192
1,<environment.Job instance at 0x7fd65b0b7500>,77,12,[5 9],78,217,229,139,211
1,<environment.Job instance at 0x7fd65b2dec30>,0,12,[5 6],1,1,13,0,1
1,<environment.Job instance at 0x7fd65b0b7780>,1,16,[3 9],2,13,29,11,2
1,<environment.Job instance at 0x7fd65879f0f0>,6,18,[6 4],7,29,47,22,18
1,<environment.Job instance at 0x7fd614fd6050>,16,12,[8 4],17,47,59,30,30
1,<environment.Job instance at 0x7fd614fd6f00>,21,15,[8 4],22,59,74,37,46
1,<environment.Job instance at 0x7fd658e72b90>,22,14,[9 2],23,74,88,51,59
1,<environment.Job instance at 0x7fd65b050cd0>,26,12,[2 7],27,88,100,61,71
1,<environment.Job instance at 0x7fd658acadc0>,33,18,[4 6],34,100,118,66,89
1,<environment.Job instance at 0x7fd65d73d9b0>,36,17,[3 7],37,118,135,81,106
1,<environment.Job instance at 0x7fd658c8d730>,42,18,[7 4],43,135,153,92,124
1,<environment.Job instance at 0x7fd658c8dc30>,52,14,[ 2 10],53,153,167,100,139
1,<environment.Job instance at 0x7fd614bb61e0>,15,16,[7 3],16,167,183,151,162
1,<environment.Job instance at 0x7fd615158870>,56,13,[5 7],57,184,197,127,184
1,<environment.Job instance at 0x7fd6152b8fa0>,62,17,[9 4],63,197,214,134,185
1,<environment.Job instance at 0x7fd614a7f4b0>,70,12,[4 8],71,214,226,143,214
1,<environment.Job instance at 0x7fd614f54f00>,0,18,[6 4],1,1,19,0,1
1,<environment.Job instance at 0x7fd65879f2d0>,2,3,[10  4],3,19,22,16,3
1,<environment.Job instance at 0x7fd614f6e6e0>,3,13,[8 4],4,22,35,18,6
1,<environment.Job instance at 0x7fd614f6e190>,12,16,[5 4],13,35,51,22,31
1,<environment.Job instance at 0x7fd614f6e3c0>,14,3,[10  2],15,51,54,36,39
1,<environment.Job instance at 0x7fd6149c3b90>,17,18,[1 6],18,54,72,36,43
1,<environment.Job instance at 0x7fd6149c3820>,20,17,[9 2],21,54,71,33,44
1,<environment.Job instance at 0x7fd614ed2460>,29,18,[6 2],30,71,89,41,67
1,<environment.Job instance at 0x7fd614ed2640>,32,13,[ 3 10],33,89,102,56,80
1,<environment.Job instance at 0x7fd614ed2e60>,36,16,[9 2],37,102,118,65,89
1,<environment.Job instance at 0x7fd6149cb870>,45,16,[4 9],46,118,134,72,105
1,<environment.Job instance at 0x7fd6149af820>,58,12,[3 9],59,134,146,75,133
1,<environment.Job instance at 0x7fd6149af140>,62,18,[3 7],63,146,164,83,141
1,<environment.Job instance at 0x7fd6149af460>,68,14,[ 1 10],69,164,178,95,150
1,<environment.Job instance at 0x7fd614a8f870>,76,13,[8 1],77,178,191,101,176
1,<environment.Job instance at 0x7fd614a8f960>,78,16,[10  3],79,191,207,112,178
1,<environment.Job instance at 0x7fd65b0b55a0>,0,3,[ 4 10],1,1,4,0,1
1,<environment.Job instance at 0x7fd614a8f410>,3,3,[8 1],4,4,7,0,4
1,<environment.Job instance at 0x7fd658df0c80>,4,17,[2 7],5,5,22,0,5
1,<environment.Job instance at 0x7fd65b4d2460>,10,16,[1 7],11,22,38,11,11
1,<environment.Job instance at 0x7fd614a41190>,16,15,[5 6],17,38,53,21,26
1,<environment.Job instance at 0x7fd614a1b280>,13,1,[5 4],14,38,39,24,33
1,<environment.Job instance at 0x7fd6153602d0>,20,15,[1 8],21,53,68,32,39
1,<environment.Job instance at 0x7fd61533c0a0>,31,15,[5 2],32,52,67,20,52
1,<environment.Job instance at 0x7fd61533e730>,36,1,[5 9],37,68,69,31,68
1,<environment.Job instance at 0x7fd61533e6e0>,37,2,[10  2],38,69,71,31,68
1,<environment.Job instance at 0x7fd658cb64b0>,38,2,[8 5],39,71,73,32,68
1,<environment.Job instance at 0x7fd61533ee60>,39,17,[9 4],40,73,90,33,68
1,<environment.Job instance at 0x7fd61535ae10>,43,18,[4 5],44,90,108,46,79
1,<environment.Job instance at 0x7fd614b2c230>,19,12,[3 9],20,108,120,88,91
1,<environment.Job instance at 0x7fd658acf460>,47,3,[9 4],48,120,123,72,102
1,<environment.Job instance at 0x7fd6588d08c0>,57,15,[10  4],58,123,138,65,109
1,<environment.Job instance at 0x7fd6588d02d0>,58,16,[ 5 10],59,138,154,79,130
1,<environment.Job instance at 0x7fd658ac9e10>,67,15,[2 6],68,154,169,86,141
1,<environment.Job instance at 0x7fd6588ed0a0>,70,13,[2 8],71,169,182,98,153
1,<environment.Job instance at 0x7fd614f6e5f0>,9,18,[5 1],10,166,184,156,166
1,<environment.Job instance at 0x7fd6588ed1e0>,78,16,[9 1],79,188,204,109,188
1,<environment.Job instance at 0x7fd6149aaf50>,2,2,[10  3],3,3,5,0,3
1,<environment.Job instance at 0x7fd6149cab40>,3,1,[1 7],4,5,6,1,4
1,<environment.Job instance at 0x7fd614a8faf0>,14,17,[10  5],15,67,84,52,67
1,<environment.Job instance at 0x7fd614a8fe60>,12,18,[10  5],13,84,102,71,73
1,<environment.Job instance at 0x7fd65b487140>,26,13,[1 6],27,102,115,75,87
1,<environment.Job instance at 0x7fd65b42d910>,29,12,[5 8],30,115,127,85,98
1,<environment.Job instance at 0x7fd614b2b5f0>,30,12,[4 6],31,127,139,96,110
1,<environment.Job instance at 0x7fd658c9c7d0>,46,16,[1 5],47,148,164,101,148
1,<environment.Job instance at 0x7fd614bd53c0>,48,13,[10  4],49,164,177,115,152
1,<environment.Job instance at 0x7fd658e64aa0>,52,3,[4 6],53,177,180,124,154
1,<environment.Job instance at 0x7fd6153185a0>,56,15,[ 3 10],57,180,195,123,169
1,<environment.Job instance at 0x7fd615318af0>,58,13,[6 2],59,195,208,136,179
1,<environment.Job instance at 0x7fd615318f00>,66,16,[5 9],67,208,224,141,196
1,<environment.Job instance at 0x7fd61516dd20>,1,1,[ 3 10],2,2,3,0,2
1,<environment.Job instance at 0x7fd658c1bb90>,2,16,[6 1],3,3,19,0,3
1,<environment.Job instance at 0x7fd65b29d870>,3,14,[ 4 10],4,19,33,15,4
1,<environment.Job instance at 0x7fd65b0c3e60>,5,14,[5 4],6,33,47,27,18
1,<environment.Job instance at 0x7fd65b4686e0>,19,15,[6 4],20,47,62,27,34
1,<environment.Job instance at 0x7fd658c9edc0>,36,16,[4 8],37,78,94,41,78
1,<environment.Job instance at 0x7fd658a4b550>,41,12,[5 6],42,94,106,52,80
1,<environment.Job instance at 0x7fd658a4b910>,44,17,[1 6],45,106,123,61,95
1,<environment.Job instance at 0x7fd658e8d6e0>,50,15,[4 7],51,123,138,72,115
1,<environment.Job instance at 0x7fd658e8de60>,53,15,[8 4],54,138,153,84,124
1,<environment.Job instance at 0x7fd658e8df00>,54,13,[1 9],55,153,166,98,146
1,<environment.Job instance at 0x7fd658e8da00>,61,17,[9 4],62,166,183,104,156
1,<environment.Job instance at 0x7fd65881f1e0>,76,16,[ 1 10],77,183,199,106,181
1,<environment.Job instance at 0x7fd65881f5f0>,77,1,[10  1],78,199,200,121,183
1,<environment.Job instance at 0x7fd65b29d460>,0,2,[10  4],1,1,3,0,1
1,<environment.Job instance at 0x7fd614e9da50>,2,16,[2 8],3,3,19,0,3
1,<environment.Job instance at 0x7fd65b29d320>,3,12,[3 9],4,19,31,15,4
1,<environment.Job instance at 0x7fd658a18500>,11,12,[8 1],12,31,43,19,22
1,<environment.Job instance at 0x7fd65885cb40>,20,13,[8 3],21,43,56,22,38
1,<environment.Job instance at 0x7fd614ad0910>,22,1,[1 8],23,39,40,16,39
1,<environment.Job instance at 0x7fd6149efe10>,31,12,[5 3],32,69,81,37,69
1,<environment.Job instance at 0x7fd614a2df50>,26,13,[ 2 10],27,81,94,54,69
1,<environment.Job instance at 0x7fd6149efaf0>,34,16,[5 8],35,94,110,59,81
1,<environment.Job instance at 0x7fd6588300a0>,41,15,[3 7],42,110,125,68,109
1,<environment.Job instance at 0x7fd614a0ae10>,48,12,[6 4],49,125,137,76,109
1,<environment.Job instance at 0x7fd6149ef910>,33,2,[6 2],34,116,118,82,116
1,<environment.Job instance at 0x7fd614a0e820>,58,12,[10  4],59,137,149,78,137
1,<environment.Job instance at 0x7fd658846a00>,70,12,[2 5],71,149,161,78,141
1,<environment.Job instance at 0x7fd6149ee050>,71,17,[7 4],72,149,166,77,142
1,<environment.Job instance at 0x7fd6149eeeb0>,76,16,[3 8],77,166,182,89,161
1,<environment.Job instance at 0x7fd6149ee8c0>,75,13,[7 4],76,185,198,109,185
1,<environment.Job instance at 0x7fd658a37c30>,6,15,[5 9],7,198,213,191,193
1,<environment.Job instance at 0x7f42d808b0f0>,2,12,[5 4],3,3,15,0,3
1,<environment.Job instance at 0x7f42d2c7b2d0>,3,18,[ 3 10],4,15,33,11,8
1,<environment.Job instance at 0x7f42d2c7b910>,13,13,[1 8],14,33,46,19,24
1,<environment.Job instance at 0x7f42d2c7baf0>,16,12,[1 8],17,46,58,29,36
1,<environment.Job instance at 0x7f42d2c7bc30>,18,16,[8 5],19,58,74,39,47
1,<environment.Job instance at 0x7f42d2c7d820>,31,17,[4 9],32,74,91,42,65
1,<environment.Job instance at 0x7f42d2c7dd70>,37,14,[5 5],38,91,105,53,79
1,<environment.Job instance at 0x7f42d2c7deb0>,41,14,[6 1],42,108,122,66,108
1,<environment.Job instance at 0x7f42d2c7df50>,42,14,[8 4],43,122,136,79,110
1,<environment.Job instance at 0x7f42d2c81f50>,56,18,[4 5],57,152,170,95,152
1,<environment.Job instance at 0x7f42d2c83190>,57,3,[8 4],58,170,173,112,152
1,<environment.Job instance at 0x7f42d2c83460>,58,1,[5 7],59,173,174,114,152
1,<environment.Job instance at 0x7f42d2c835f0>,63,15,[1 5],64,174,189,110,173
1,<environment.Job instance at 0x7f42d2c83b90>,69,13,[7 2],70,199,212,129,199
1,<environment.Job instance at 0x7f42d2c81910>,55,17,[4 7],56,212,229,156,201
1,<environment.Job instance at 0x7f42d81f3cd0>,0,3,[7 2],1,1,4,0,1
1,<environment.Job instance at 0x7f42d8202140>,1,16,[5 8],2,4,20,2,2
1,<environment.Job instance at 0x7f42d808aa50>,10,18,[7 5],11,20,38,9,14
1,<environment.Job instance at 0x7f42d808a0f0>,16,12,[2 6],17,38,50,21,22
1,<environment.Job instance at 0x7f42d81ff3c0>,25,14,[9 1],26,50,64,24,43
1,<environment.Job instance at 0x7f42d8206960>,29,16,[1 8],30,59,75,29,59
1,<environment.Job instance at 0x7f42d8206050>,33,3,[1 5],34,79,82,45,79
1,<environment.Job instance at 0x7f42d8206910>,37,3,[1 8],38,82,85,44,79
1,<environment.Job instance at 0x7f42d8206e60>,38,16,[7 1],39,79,95,40,79
1,<environment.Job instance at 0x7f42d8206f50>,40,16,[9 3],41,95,111,54,84
1,<environment.Job instance at 0x7f42d81fdeb0>,44,15,[10  5],45,111,126,66,98
1,<environment.Job instance at 0x7f42d81fdaa0>,51,16,[5 4],52,126,142,74,114
1,<environment.Job instance at 0x7f42d81fdc80>,55,15,[6 2],56,142,157,86,128
1,<environment.Job instance at 0x7f42d81fcf50>,58,12,[3 9],59,157,169,98,142
1,<environment.Job instance at 0x7f42d81fc6e0>,60,13,[2 6],61,142,155,81,142
1,<environment.Job instance at 0x7f42d2b82230>,70,12,[6 3],71,169,181,98,156
1,<environment.Job instance at 0x7f42d81f8050>,73,15,[4 8],74,181,196,107,167
1,<environment.Job instance at 0x7f42d8113550>,78,18,[4 6],79,196,214,117,185
1,<environment.Job instance at 0x7f42d8205e60>,81,14,[5 3],82,197,211,115,197
1,<environment.Job instance at 0x7f42d8205280>,83,12,[1 7],84,214,226,130,197
1,<environment.Job instance at 0x7f42d8206230>,34,15,[9 1],35,214,229,179,211
1,<environment.Job instance at 0x7f42d8202190>,0,12,[2 5],1,1,13,0,1
1,<environment.Job instance at 0x7f428cfb5f00>,4,12,[5 7],5,13,25,8,5
1,<environment.Job instance at 0x7f428cfb5140>,5,17,[10  5],6,25,42,19,13
1,<environment.Job instance at 0x7f428d03fa50>,22,14,[9 2],23,42,56,19,42
1,<environment.Job instance at 0x7f428d03f0f0>,24,17,[10  2],25,56,73,31,56
1,<environment.Job instance at 0x7f428d03fb40>,25,17,[5 9],26,73,90,47,66
1,<environment.Job instance at 0x7f428d0383c0>,36,16,[7 2],37,90,106,53,87
1,<environment.Job instance at 0x7f428d0384b0>,43,15,[5 6],44,106,121,62,93
1,<environment.Job instance at 0x7f428d038050>,45,17,[3 5],46,121,138,75,121
1,<environment.Job instance at 0x7f428d038d70>,50,15,[7 4],51,123,138,72,123
1,<environment.Job instance at 0x7f428d021370>,52,16,[8 5],53,138,154,85,138
1,<environment.Job instance at 0x7f428d038a00>,54,14,[8 5],55,154,168,99,146
1,<environment.Job instance at 0x7f428d021910>,61,16,[7 4],62,169,185,107,169
1,<environment.Job instance at 0x7f428d0216e0>,67,16,[2 8],68,185,201,117,179
1,<environment.Job instance at 0x7f428d021820>,66,17,[2 6],67,201,218,134,190
1,<environment.Job instance at 0x7f428d0215f0>,70,18,[8 5],71,218,236,147,207
1,<environment.Job instance at 0x7f428d0529b0>,79,12,[1 8],80,236,248,156,219
1,<environment.Job instance at 0x7f428cecc1e0>,0,1,[9 5],1,1,2,0,1
1,<environment.Job instance at 0x7f428d460af0>,2,17,[8 2],3,3,20,0,3
1,<environment.Job instance at 0x7f428d40faa0>,7,14,[4 7],8,20,34,12,9
1,<environment.Job instance at 0x7f428d41d870>,11,16,[6 2],12,35,51,23,35
1,<environment.Job instance at 0x7f428d41d640>,16,13,[3 6],17,35,48,18,35
1,<environment.Job instance at 0x7f428d46c5a0>,28,15,[2 5],29,51,66,22,51
1,<environment.Job instance at 0x7f428d46ca00>,33,13,[8 3],34,66,79,32,66
1,<environment.Job instance at 0x7f428cfcfa00>,36,15,[7 3],37,79,94,42,66
1,<environment.Job instance at 0x7f428d46c4b0>,29,15,[7 4],30,94,109,64,80
1,<environment.Job instance at 0x7f428cfcfeb0>,44,16,[8 3],45,111,127,66,111
1,<environment.Job instance at 0x7f428cfcfc80>,47,14,[7 1],48,127,141,79,112
1,<environment.Job instance at 0x7f428d5b1500>,50,14,[ 3 10],51,141,155,90,131
1,<environment.Job instance at 0x7f428d5b1b40>,56,15,[6 2],57,155,170,98,143
1,<environment.Job instance at 0x7f428d331370>,61,16,[2 8],62,155,171,93,152
1,<environment.Job instance at 0x7f428d0b01e0>,69,16,[1 7],70,171,187,101,162
1,<environment.Job instance at 0x7f428d331820>,60,13,[ 4 10],61,187,200,126,172
1,<environment.Job instance at 0x7f428d0b02d0>,81,14,[3 6],82,210,224,128,210
1,<environment.Job instance at 0x7f428d413410>,84,12,[2 9],85,224,236,139,213
1,<environment.Job instance at 0x7f428d460b40>,0,1,[5 1],1,2,3,1,2
1,<environment.Job instance at 0x7f428d413410>,2,2,[1 5],3,3,5,0,3
1,<environment.Job instance at 0x7f428d04d230>,3,12,[8 5],4,4,16,0,4
1,<environment.Job instance at 0x7f428d019aa0>,5,12,[2 5],6,6,18,0,6
1,<environment.Job instance at 0x7f428d337c80>,8,3,[4 7],9,18,21,9,9
1,<environment.Job instance at 0x7f428d059e10>,12,2,[6 3],13,16,18,3,13
1,<environment.Job instance at 0x7f428d0fac30>,16,15,[4 9],17,22,37,5,22
1,<environment.Job instance at 0x7f428d087e60>,15,20,[3 8],16,37,57,21,31
1,<environment.Job instance at 0x7f428d371460>,25,18,[ 3 10],26,57,75,31,57
1,<environment.Job instance at 0x7f428d371500>,30,12,[1 5],31,75,87,44,58
1,<environment.Job instance at 0x7f428d3719b0>,32,17,[9 1],33,75,92,42,63
1,<environment.Job instance at 0x7f428d371eb0>,42,17,[4 6],43,95,112,52,95
1,<environment.Job instance at 0x7f428d372550>,49,17,[5 1],50,122,139,72,122
1,<environment.Job instance at 0x7f428d3725f0>,50,2,[9 4],51,139,141,88,122
1,<environment.Job instance at 0x7f428d372690>,51,18,[5 7],52,141,159,89,130
1,<environment.Job instance at 0x7f428d372aa0>,56,13,[1 6],57,159,172,102,143
1,<environment.Job instance at 0x7f428d372cd0>,58,13,[8 2],59,159,172,100,152
1,<environment.Job instance at 0x7f428d372e10>,62,13,[3 9],63,172,185,109,157
1,<environment.Job instance at 0x7f428d372b40>,65,16,[10  5],66,185,201,119,173
1,<environment.Job instance at 0x7f428d377960>,76,13,[7 1],77,201,214,124,195
1,<environment.Job instance at 0x7f428d377a00>,77,16,[2 6],78,201,217,123,195
1,<environment.Job instance at 0x7f428d377dc0>,83,17,[1 8],84,217,234,133,212
1,<environment.Job instance at 0x7f428d0210a0>,0,1,[2 9],1,1,2,0,1
1,<environment.Job instance at 0x7f42d2beeb40>,1,3,[9 3],2,2,5,0,2
1,<environment.Job instance at 0x7f42d30ecbe0>,4,15,[ 1 10],5,5,20,0,5
1,<environment.Job instance at 0x7f42d30eceb0>,7,2,[5 2],8,20,22,12,8
1,<environment.Job instance at 0x7f42d30ec0f0>,8,2,[6 5],9,22,24,13,9
1,<environment.Job instance at 0x7f42d2f8d050>,15,1,[3 6],16,20,21,4,16
1,<environment.Job instance at 0x7f42d2f8d9b0>,16,15,[ 5 10],17,24,39,7,24
1,<environment.Job instance at 0x7f42d2f8d550>,19,14,[2 6],20,39,53,19,24
1,<environment.Job instance at 0x7f428d377dc0>,3,13,[9 5],4,53,66,49,38
1,<environment.Job instance at 0x7f42d5877d70>,24,17,[7 4],25,66,83,41,54
1,<environment.Job instance at 0x7f42d3066910>,25,14,[7 3],26,83,97,57,68
1,<environment.Job instance at 0x7f42d2a5d2d0>,40,14,[ 4 10],41,97,111,56,82
1,<environment.Job instance at 0x7f42d2a5d370>,43,14,[8 2],44,111,125,67,98
1,<environment.Job instance at 0x7f42d51b8690>,49,18,[5 8],50,125,143,75,115
1,<environment.Job instance at 0x7f42d535d190>,61,17,[5 7],62,143,160,81,143
1,<environment.Job instance at 0x7f42d535d0a0>,62,12,[3 8],63,160,172,97,150
1,<environment.Job instance at 0x7f42d535dfa0>,65,16,[4 5],66,172,188,106,159
1,<environment.Job instance at 0x7f42d535da50>,71,15,[3 5],72,172,187,100,172
1,<environment.Job instance at 0x7f42d535d230>,74,15,[5 7],75,199,214,124,199
1,<environment.Job instance at 0x7f42d535dbe0>,76,14,[ 5 10],77,214,228,137,201
1,<environment.Job instance at 0x7f428d04dd20>,0,14,[8 4],1,1,15,0,1
1,<environment.Job instance at 0x7f428d04d690>,3,18,[6 1],4,15,33,11,4
1,<environment.Job instance at 0x7f42d3036e10>,16,16,[2 6],17,18,34,1,18
1,<environment.Job instance at 0x7f42d536baf0>,17,18,[3 6],18,34,52,16,24
1,<environment.Job instance at 0x7f42d5333e60>,18,14,[6 4],19,33,47,14,24
1,<environment.Job instance at 0x7f42d3095690>,24,14,[7 5],25,52,66,27,37
1,<environment.Job instance at 0x7f42d520c460>,35,17,[ 5 10],36,66,83,30,62
1,<environment.Job instance at 0x7f428d23e460>,40,12,[7 2],41,83,95,42,81
1,<environment.Job instance at 0x7f428d23e140>,41,13,[1 9],42,95,108,53,81
1,<environment.Job instance at 0x7f42d2dc74b0>,47,17,[3 8],48,108,125,60,96
1,<environment.Job instance at 0x7f42d535f910>,60,18,[8 1],61,129,147,68,129
1,<environment.Job instance at 0x7f42d2ee3820>,65,13,[3 9],66,147,160,81,132
1,<environment.Job instance at 0x7f42d2e2d780>,73,17,[5 3],74,162,179,88,162
1,<environment.Job instance at 0x7f42d2e2d4b0>,75,13,[8 5],76,184,197,108,184
1,<environment.Job instance at 0x7f42d58033c0>,77,14,[2 5],78,184,198,106,184
1,<environment.Job instance at 0x7f42d5803320>,78,16,[6 5],79,197,213,118,185
1,<environment.Job instance at 0x7f428d120cd0>,84,16,[9 2],85,213,229,128,200
1,<environment.Job instance at 0x7f42d2e29f50>,0,3,[10  4],1,1,4,0,1
1,<environment.Job instance at 0x7f42d31a5d20>,1,13,[6 5],2,4,17,2,2
1,<environment.Job instance at 0x7f428ce845a0>,2,13,[ 5 10],3,17,30,14,3
1,<environment.Job instance at 0x7f428ce84d20>,5,3,[9 4],6,30,33,24,7
1,<environment.Job instance at 0x7f428ce840a0>,6,2,[5 5],7,33,35,26,8
1,<environment.Job instance at 0x7f42d2a5d500>,12,2,[7 3],13,35,37,22,13
1,<environment.Job instance at 0x7f42d2a5db40>,13,3,[8 1],14,37,40,23,14
1,<environment.Job instance at 0x7f42d2c28410>,24,12,[3 5],25,41,53,16,41
1,<environment.Job instance at 0x7f42d2a5daa0>,10,15,[5 6],11,61,76,50,61
1,<environment.Job instance at 0x7f42d2c288c0>,35,3,[10  4],36,76,79,40,69
1,<environment.Job instance at 0x7f42d2c28d20>,39,16,[5 3],40,79,95,39,76
1,<environment.Job instance at 0x7f42d2c28fa0>,42,24,[1 6],43,88,112,45,88
1,<environment.Job instance at 0x7f42d2c3f3c0>,44,16,[9 4],45,95,111,50,94
1,<environment.Job instance at 0x7f42d2c3f5a0>,47,13,[ 4 10],48,112,125,64,107
1,<environment.Job instance at 0x7f42d2c3f640>,48,17,[3 9],49,149,166,100,149
1,<environment.Job instance at 0x7f42d2c525f0>,69,18,[ 5 10],70,166,184,96,158
1,<environment.Job instance at 0x7f42d2c52a50>,77,12,[7 2],78,184,196,106,167
1,<environment.Job instance at 0x7f42d2c52dc0>,82,17,[9 4],83,196,213,113,189
1,<environment.Job instance at 0x7f42d2c302d0>,85,16,[9 4],86,213,229,127,200
1,<environment.Job instance at 0x7f42d2c523c0>,1,2,[8 4],2,2,4,0,2
1,<environment.Job instance at 0x7f42d53f1870>,7,1,[10  5],8,8,9,0,8
1,<environment.Job instance at 0x7f42d2cd2410>,10,12,[1 7],11,11,23,0,11
1,<environment.Job instance at 0x7f42d2d4e6e0>,13,15,[5 5],14,23,38,9,14
1,<environment.Job instance at 0x7f42d53f13c0>,6,3,[8 3],7,38,41,31,22
1,<environment.Job instance at 0x7f42d52695f0>,19,13,[7 4],20,41,54,21,35
1,<environment.Job instance at 0x7f42d5969870>,23,15,[4 9],24,54,69,30,40
1,<environment.Job instance at 0x7f42d7f8d780>,26,18,[6 3],27,69,87,42,58
1,<environment.Job instance at 0x7f42d2f35cd0>,32,15,[4 8],33,87,102,54,73
1,<environment.Job instance at 0x7f428cf20870>,34,14,[3 8],35,102,116,67,87
1,<environment.Job instance at 0x7f42d2c309b0>,4,16,[4 5],5,116,132,111,105
1,<environment.Job instance at 0x7f42d82d5fa0>,41,12,[5 5],42,116,128,74,109
1,<environment.Job instance at 0x7f428d269370>,43,13,[7 4],44,132,145,88,121
1,<environment.Job instance at 0x7f42d5827eb0>,49,16,[7 2],50,145,161,95,132
1,<environment.Job instance at 0x7f428cf1cf00>,51,16,[5 7],52,161,177,109,148
1,<environment.Job instance at 0x7f42d2c32190>,60,2,[3 9],61,177,179,116,167
1,<environment.Job instance at 0x7f428d336a00>,64,13,[5 3],65,179,192,114,169
1,<environment.Job instance at 0x7f428d336550>,65,12,[8 5],66,192,204,126,175
1,<environment.Job instance at 0x7f428d3362d0>,70,13,[5 3],71,204,217,133,188
1,<environment.Job instance at 0x7f42d2c6c230>,71,17,[2 7],72,204,221,132,192
1,<environment.Job instance at 0x7f42d2c6cf50>,78,12,[ 4 10],79,221,233,142,206
1,<environment.Job instance at 0x7f42d2a72410>,1,3,[1 9],2,2,5,0,2
1,<environment.Job instance at 0x7f42d5463fa0>,2,13,[9 4],3,5,18,2,3
1,<environment.Job instance at 0x7f428ceccf50>,3,12,[2 6],4,18,30,14,4
1,<environment.Job instance at 0x7f42d2a73f50>,8,16,[8 3],9,18,34,9,9
1,<environment.Job instance at 0x7f42d2c73c80>,25,12,[7 1],26,48,60,22,48
1,<environment.Job instance at 0x7f42d3096640>,31,1,[6 5],32,65,66,33,65
1,<environment.Job instance at 0x7f42d55a7050>,46,18,[7 4],47,131,149,84,131
1,<environment.Job instance at 0x7f42d55a7640>,47,19,[1 5],48,133,152,85,133
1,<environment.Job instance at 0x7f42d55a7320>,45,14,[ 1 10],46,152,166,106,144
1,<environment.Job instance at 0x7f42d2dc1230>,54,14,[5 3],55,166,180,111,155
1,<environment.Job instance at 0x7f42d5768e10>,73,2,[3 5],74,225,227,151,225
1,<environment.Job instance at 0x7f42d5768820>,74,14,[6 4],75,225,239,150,225
1,<environment.Job instance at 0x7f42d5768640>,75,18,[ 5 10],76,239,257,163,228
1,<environment.Job instance at 0x7f42d2c73820>,0,1,[8 1],1,1,2,0,1
1,<environment.Job instance at 0x7f428d038410>,5,18,[9 2],6,9,27,3,9
1,<environment.Job instance at 0x7f42d2c240a0>,1,18,[10  5],2,27,45,25,26
1,<environment.Job instance at 0x7f428d4ebf50>,20,15,[2 8],21,45,60,24,31
1,<environment.Job instance at 0x7f428d4ebc30>,22,12,[6 1],23,45,57,22,32
1,<environment.Job instance at 0x7f428d4ef5f0>,27,16,[1 7],28,60,76,32,49
1,<environment.Job instance at 0x7f428d4ef8c0>,33,16,[9 4],34,76,92,42,63
1,<environment.Job instance at 0x7f428d4efd70>,41,12,[3 7],42,92,104,50,80
1,<environment.Job instance at 0x7f428d4f3910>,51,18,[3 8],52,117,135,65,117
1,<environment.Job instance at 0x7f428d4ef7d0>,30,15,[4 7],31,135,150,104,121
1,<environment.Job instance at 0x7f428d4f3aa0>,54,15,[4 8],55,150,165,95,137
1,<environment.Job instance at 0x7f428d4d10a0>,65,15,[3 5],66,168,183,102,168
1,<environment.Job instance at 0x7f428d4f3f00>,64,3,[1 5],65,168,171,103,168
1,<environment.Job instance at 0x7f428d4d1780>,71,3,[9 1],72,183,186,111,170
1,<environment.Job instance at 0x7f428d4d1b90>,77,17,[10  4],78,200,217,122,200
1,<environment.Job instance at 0x7f428d4e80a0>,1,1,[8 4],2,2,3,0,2
1,<environment.Job instance at 0x7f428d2f0690>,2,1,[2 5],3,3,4,0,3
1,<environment.Job instance at 0x7f42d2bdc1e0>,7,15,[5 8],8,8,23,0,8
1,<environment.Job instance at 0x7f42d2bdc5f0>,8,18,[5 8],9,23,41,14,14
1,<environment.Job instance at 0x7f42d2d8c870>,18,15,[5 8],19,41,56,22,27
1,<environment.Job instance at 0x7f42d2bdcaf0>,11,2,[1 5],12,56,58,44,40
1,<environment.Job instance at 0x7f42d2d8c8c0>,20,13,[5 6],21,58,71,37,42
1,<environment.Job instance at 0x7f42d2d8c780>,25,15,[8 1],26,71,86,45,57
1,<environment.Job instance at 0x7f428d2f05f0>,6,1,[2 6],7,71,72,64,57
1,<environment.Job instance at 0x7f428d2f06e0>,9,17,[2 6],10,72,89,62,71
1,<environment.Job instance at 0x7f42d538ab40>,29,15,[6 2],30,86,101,56,77
1,<environment.Job instance at 0x7f42d538a820>,33,17,[5 9],34,101,118,67,89
1,<environment.Job instance at 0x7f428ce5b550>,42,16,[9 4],43,118,134,75,118
1,<environment.Job instance at 0x7f42d7fc1910>,46,18,[8 1],47,134,152,87,126
1,<environment.Job instance at 0x7f428d419a50>,57,12,[2 8],58,153,165,95,153
1,<environment.Job instance at 0x7f428d4194b0>,58,18,[5 3],59,165,183,106,154
1,<environment.Job instance at 0x7f428d419410>,59,12,[4 6],60,165,177,105,155
1,<environment.Job instance at 0x7f428d419960>,60,13,[2 6],61,177,190,116,162
1,<environment.Job instance at 0x7f428d419b40>,62,15,[8 4],63,183,198,120,169
1,<environment.Job instance at 0x7f428d419e60>,66,17,[2 5],67,190,207,123,179
1,<environment.Job instance at 0x7f42d31914b0>,51,13,[7 4],52,198,211,146,185
1,<environment.Job instance at 0x7f42d2c6f050>,79,18,[7 5],80,215,233,135,215
1,<environment.Job instance at 0x7f42d2c6ff50>,81,14,[5 8],82,233,247,151,218
1,<environment.Job instance at 0x7f428d4e8a00>,0,12,[7 4],1,1,13,0,1
1,<environment.Job instance at 0x7f42d2d57e10>,3,15,[3 9],4,13,28,9,4
1,<environment.Job instance at 0x7f42d2bdc5a0>,12,14,[4 6],13,28,42,15,13
1,<environment.Job instance at 0x7f42d2bdcfa0>,15,1,[1 9],16,42,43,26,16
1,<environment.Job instance at 0x7f42d2bdcd70>,22,12,[ 1 10],23,43,55,20,30
1,<environment.Job instance at 0x7f42d80b1a50>,24,15,[10  2],25,55,70,30,41
1,<environment.Job instance at 0x7f42d2fe8410>,34,12,[9 1],35,72,84,37,72
1,<environment.Job instance at 0x7f42d2ad32d0>,40,12,[5 6],41,84,96,43,78
1,<environment.Job instance at 0x7f42d2ad3af0>,42,1,[5 9],43,96,97,53,78
1,<environment.Job instance at 0x7f42d2ad3640>,43,1,[2 6],44,97,98,53,78
1,<environment.Job instance at 0x7f42d2ad3e10>,44,13,[2 7],45,98,111,53,82
1,<environment.Job instance at 0x7f42d2ad3500>,46,18,[6 4],47,111,129,64,100
1,<environment.Job instance at 0x7f42d546f2d0>,50,2,[1 6],51,112,114,61,112
1,<environment.Job instance at 0x7f42d546f7d0>,55,16,[7 3],56,129,145,73,126
1,<environment.Job instance at 0x7f42d546fa50>,56,12,[8 4],57,145,157,88,129
1,<environment.Job instance at 0x7f42d2b8d5f0>,63,16,[2 6],64,153,169,89,153
1,<environment.Job instance at 0x7f42d2b8d0a0>,64,2,[6 1],65,157,159,92,153
1,<environment.Job instance at 0x7f42d2b8d690>,65,17,[5 3],66,159,176,93,157
1,<environment.Job instance at 0x7f42d2b8d960>,66,12,[2 7],67,169,181,102,158
1,<environment.Job instance at 0x7f42d536fe60>,77,12,[1 6],78,203,215,125,203
1,<environment.Job instance at 0x7f42d536faf0>,79,17,[5 7],80,215,232,135,207
1,<environment.Job instance at 0x7f42d5945d70>,0,2,[8 4],1,1,3,0,1
1,<environment.Job instance at 0x7f42d2b82050>,2,14,[ 2 10],3,3,17,0,3
1,<environment.Job instance at 0x7f42d7faaaf0>,4,13,[10  5],5,17,30,12,5
1,<environment.Job instance at 0x7f428ce45140>,19,16,[10  5],20,30,46,10,30
1,<environment.Job instance at 0x7f42d2fd3190>,28,18,[5 9],29,48,66,19,48
1,<environment.Job instance at 0x7f42d2fd36e0>,33,13,[8 4],34,66,79,32,61
1,<environment.Job instance at 0x7f42d2fd3aa0>,35,16,[7 3],36,79,95,43,67
1,<environment.Job instance at 0x7f42d2fcef00>,37,13,[10  4],38,95,108,57,81
1,<environment.Job instance at 0x7f42d2fb5640>,42,16,[5 4],43,108,124,65,102
1,<environment.Job instance at 0x7f42d2bc23c0>,52,14,[7 3],53,124,138,71,109
1,<environment.Job instance at 0x7f428d3d55f0>,63,14,[ 4 10],64,138,152,74,136
1,<environment.Job instance at 0x7f42d2ba5d70>,65,14,[5 7],66,152,166,86,143
1,<environment.Job instance at 0x7f42d53c5af0>,69,2,[8 2],70,166,168,96,166
1,<environment.Job instance at 0x7f42d2c81af0>,75,16,[4 9],76,168,184,92,168
1,<environment.Job instance at 0x7f428cca2410>,80,17,[ 5 10],81,184,201,103,184
1,<environment.Job instance at 0x7f428cca2500>,82,18,[3 8],83,201,219,118,190
1,<environment.Job instance at 0x7f42d2fcef50>,39,13,[8 2],40,219,232,179,210
1,<environment.Job instance at 0x7f42d2fd3fa0>,0,2,[6 1],1,1,3,0,1
1,<environment.Job instance at 0x7f428d34a140>,1,3,[7 4],2,3,6,1,2
1,<environment.Job instance at 0x7f428d560d20>,2,18,[3 7],3,6,24,3,3
1,<environment.Job instance at 0x7f42d596bc30>,13,13,[5 6],14,24,37,10,23
1,<environment.Job instance at 0x7f42d5678e60>,16,13,[8 1],17,52,65,35,52
1,<environment.Job instance at 0x7f42d2c53690>,27,16,[5 4],28,65,81,37,55
1,<environment.Job instance at 0x7f42d2eba690>,28,17,[6 5],29,81,98,52,69
1,<environment.Job instance at 0x7f42d2eba3c0>,31,12,[2 6],32,69,81,37,69
1,<environment.Job instance at 0x7f428d2e6960>,36,15,[5 6],37,98,113,61,84
1,<environment.Job instance at 0x7f428d2e6640>,41,16,[5 5],42,113,129,71,100
1,<environment.Job instance at 0x7f428d2e62d0>,42,18,[2 5],43,113,131,70,102
1,<environment.Job instance at 0x7f428d2e6140>,48,1,[1 9],49,131,132,82,114
1,<environment.Job instance at 0x7f428cdfc4b0>,50,2,[5 2],51,129,131,78,114
1,<environment.Job instance at 0x7f428cdfc0f0>,51,15,[5 2],52,132,147,80,118
1,<environment.Job instance at 0x7f428d3097d0>,22,23,[3 7],23,132,155,109,127
1,<environment.Job instance at 0x7f42d2a91cd0>,66,16,[5 6],67,155,171,88,143
1,<environment.Job instance at 0x7f42d80b0960>,80,13,[1 5],81,172,185,91,172
1,<environment.Job instance at 0x7f42d525a5a0>,82,14,[3 7],83,185,199,102,172
1,<environment.Job instance at 0x7f42d540aaa0>,85,13,[5 4],86,199,212,113,183
1,<environment.Job instance at 0x7f42d540ab40>,87,15,[2 6],88,199,214,111,197
1,<environment.Job instance at 0x7f428d22ea50>,0,13,[2 8],1,1,14,0,1
1,<environment.Job instance at 0x7f42d55f1190>,8,16,[9 1],9,14,30,5,11
1,<environment.Job instance at 0x7f428d41acd0>,19,14,[2 8],20,73,87,53,73
1,<environment.Job instance at 0x7f428d41ab90>,24,17,[10  5],25,100,117,75,100
1,<environment.Job instance at 0x7f428d560690>,32,18,[9 1],33,117,135,84,106
1,<environment.Job instance at 0x7f428d560960>,34,15,[2 7],35,135,150,100,121
1,<environment.Job instance at 0x7f428d5606e0>,36,13,[1 6],37,121,134,84,121
1,<environment.Job instance at 0x7f428d560f00>,44,18,[7 1],45,135,153,90,130
1,<environment.Job instance at 0x7f428d560f50>,48,15,[3 8],49,150,165,101,136
1,<environment.Job instance at 0x7f42d5768460>,54,17,[8 5],55,176,193,121,176
1,<environment.Job instance at 0x7f42d5768dc0>,56,16,[1 5],57,176,192,119,176
1,<environment.Job instance at 0x7f42d5768910>,57,2,[5 2],58,193,195,135,176
1,<environment.Job instance at 0x7f42d5768140>,59,19,[2 5],60,192,211,132,182
1,<environment.Job instance at 0x7f42d5768690>,60,1,[2 5],61,195,196,134,182
1,<environment.Job instance at 0x7f42d57680a0>,61,12,[7 2],62,196,208,134,182
1,<environment.Job instance at 0x7f42d5768b40>,62,3,[4 6],63,211,214,148,185
1,<environment.Job instance at 0x7f428d3e8050>,63,1,[5 5],64,208,209,144,185
1,<environment.Job instance at 0x7f42d2d574b0>,4,13,[5 8],5,214,227,209,200
1,<environment.Job instance at 0x7f428cfc8b90>,70,3,[8 1],71,227,230,156,204
1,<environment.Job instance at 0x7f428cfc8190>,71,12,[5 8],72,230,242,158,213
1,<environment.Job instance at 0x7f428d4c0a00>,74,15,[6 2],75,242,257,167,228
1,<environment.Job instance at 0x7f428d4c0a50>,1,1,[ 3 10],2,2,3,0,2
1,<environment.Job instance at 0x7f428d2d7e60>,2,16,[6 1],3,3,19,0,3
1,<environment.Job instance at 0x7f42d2b8d550>,5,14,[5 4],6,19,33,13,6
1,<environment.Job instance at 0x7f42d2a52e60>,19,15,[6 4],20,33,48,13,33
1,<environment.Job instance at 0x7f428d3320a0>,28,13,[4 8],29,54,67,25,54
1,<environment.Job instance at 0x7f428d32a1e0>,38,15,[1 6],39,80,95,41,80
1,<environment.Job instance at 0x7f428d330320>,41,12,[5 6],42,95,107,53,82
1,<environment.Job instance at 0x7f428d1ff820>,45,14,[3 8],46,107,121,61,107
1,<environment.Job instance at 0x7f428ce027d0>,46,17,[4 6],47,121,138,74,109
1,<environment.Job instance at 0x7f428d0eb3c0>,54,13,[1 9],55,138,151,83,131
1,<environment.Job instance at 0x7f42d2fa3fa0>,61,17,[9 4],62,151,168,89,147
1,<environment.Job instance at 0x7f42d2fa6230>,65,14,[4 8],66,168,182,102,155
1,<environment.Job instance at 0x7f428d0bacd0>,68,18,[10  4],69,182,200,113,171
1,<environment.Job instance at 0x7f428d0ba0f0>,72,1,[1 7],73,200,201,127,175
1,<environment.Job instance at 0x7f428d0badc0>,79,15,[ 5 10],80,201,216,121,188
1,<environment.Job instance at 0x7f42d3004690>,83,12,[3 9],84,216,228,132,201
1,<environment.Job instance at 0x7f428cca2910>,86,15,[5 9],87,228,243,141,214
1,<environment.Job instance at 0x7f42d2a529b0>,0,15,[8 4],1,1,16,0,1
1,<environment.Job instance at 0x7f42d2a525f0>,1,12,[8 1],2,16,28,14,2
1,<environment.Job instance at 0x7f42d2a54be0>,3,3,[6 5],4,28,31,24,4
1,<environment.Job instance at 0x7f42d2e7b500>,15,15,[10  1],16,31,46,15,21
1,<environment.Job instance at 0x7f428cced730>,17,12,[6 5],18,46,58,28,29
1,<environment.Job instance at 0x7f428d355960>,30,18,[3 5],31,46,64,15,42
1,<environment.Job instance at 0x7f428cd75f50>,31,15,[3 7],32,64,79,32,50
1,<environment.Job instance at 0x7f428d315e10>,33,14,[6 2],34,58,72,24,50
1,<environment.Job instance at 0x7f42d3124b90>,38,12,[6 4],39,79,91,40,62
1,<environment.Job instance at 0x7f42d3082c80>,41,13,[3 5],42,79,92,37,63
1,<environment.Job instance at 0x7f42d30826e0>,49,12,[5 8],50,92,104,42,84
1,<environment.Job instance at 0x7f42d31a55a0>,57,2,[5 8],58,104,106,46,88
1,<environment.Job instance at 0x7f42d31a5fa0>,58,3,[6 2],59,106,109,47,88
1,<environment.Job instance at 0x7f42d31a5eb0>,60,12,[2 5],61,106,118,45,90
1,<environment.Job instance at 0x7f428d344d20>,63,14,[ 5 10],64,118,132,54,103
1,<environment.Job instance at 0x7f428ccb31e0>,66,16,[3 8],67,132,148,65,121
1,<environment.Job instance at 0x7f428d2856e0>,74,12,[7 1],75,132,144,57,128
1,<environment.Job instance at 0x7f428d2a9c30>,78,12,[7 5],79,148,160,69,131
1,<environment.Job instance at 0x7f428cc86d70>,84,2,[8 5],85,160,162,75,145
1,<environment.Job instance at 0x7f42d552e1e0>,86,17,[4 8],87,162,179,75,151
1,<environment.Job instance at 0x7f428ce2f140>,87,14,[5 6],88,179,193,91,168
1,<environment.Job instance at 0x7f42d2cc85a0>,0,15,[3 7],1,1,16,0,1
1,<environment.Job instance at 0x7f428cd2ff00>,7,13,[7 1],8,8,21,0,8
1,<environment.Job instance at 0x7f428cd2fb40>,9,3,[4 8],10,21,24,11,10
1,<environment.Job instance at 0x7f428cd2ffa0>,10,12,[3 8],11,24,36,13,11
1,<environment.Job instance at 0x7f428cd2f870>,11,18,[7 1],12,24,42,12,13
1,<environment.Job instance at 0x7f428cd3b2d0>,17,2,[9 2],18,42,44,24,21
1,<environment.Job instance at 0x7f428d499e10>,22,17,[1 5],23,36,53,13,26
1,<environment.Job instance at 0x7f428cd3b460>,19,14,[7 3],20,44,58,24,29
1,<environment.Job instance at 0x7f428d4995f0>,27,15,[6 1],28,58,73,30,44
1,<environment.Job instance at 0x7f428d499a00>,24,18,[4 8],25,58,76,33,48
1,<environment.Job instance at 0x7f428d4997d0>,28,15,[10  2],29,76,91,47,64
1,<environment.Job instance at 0x7f42d2b04140>,44,12,[7 5],45,91,103,46,74
1,<environment.Job instance at 0x7f42d2ae79b0>,47,16,[8 4],48,103,119,55,90
1,<environment.Job instance at 0x7f42d2ae7fa0>,53,12,[8 2],54,119,131,65,110
1,<environment.Job instance at 0x7f428d6307d0>,65,15,[9 1],66,161,176,95,161
1,<environment.Job instance at 0x7f428cd49cd0>,70,15,[1 8],71,168,183,97,168
1,<environment.Job instance at 0x7f428cd495f0>,73,13,[10  3],74,183,196,109,168
1,<environment.Job instance at 0x7f428cd491e0>,77,14,[4 7],78,196,210,118,182
1,<environment.Job instance at 0x7f42d539fbe0>,4,13,[10  1],5,210,223,205,194
1,<environment.Job instance at 0x7f42d5535730>,0,3,[ 2 10],1,1,4,0,1
1,<environment.Job instance at 0x7f428d32caa0>,1,13,[5 8],2,4,17,2,2
1,<environment.Job instance at 0x7f42d5785c80>,2,14,[6 2],3,17,31,14,3
1,<environment.Job instance at 0x7f428ce5ea00>,16,14,[10  3],17,32,46,15,32
1,<environment.Job instance at 0x7f428ce5ef50>,17,17,[5 6],18,46,63,28,42
1,<environment.Job instance at 0x7f428ce55820>,30,13,[8 4],31,63,76,32,57
1,<environment.Job instance at 0x7f428ce55370>,32,12,[7 3],33,76,88,43,60
1,<environment.Job instance at 0x7f428ce55c80>,38,18,[1 5],39,77,95,38,77
1,<environment.Job instance at 0x7f428ce5ebe0>,26,17,[8 4],27,88,105,61,82
1,<environment.Job instance at 0x7f428ce557d0>,40,16,[ 2 10],41,105,121,64,92
1,<environment.Job instance at 0x7f428ce55f50>,43,15,[1 5],44,121,136,77,107
1,<environment.Job instance at 0x7f428ce48960>,48,13,[8 5],49,121,134,72,107
1,<environment.Job instance at 0x7f428ce7a370>,57,15,[1 8],58,136,151,78,135
1,<environment.Job instance at 0x7f428ce7acd0>,58,2,[3 8],59,151,153,92,138
1,<environment.Job instance at 0x7f428ce7a550>,59,15,[9 1],60,165,180,105,165
1,<environment.Job instance at 0x7f42d2bce690>,70,13,[3 7],71,190,203,119,190
1,<environment.Job instance at 0x7f14f56160f0>,2,12,[5 4],3,3,15,0,3
1,<environment.Job instance at 0x7f14ee2062d0>,3,18,[ 3 10],4,15,33,11,4
1,<environment.Job instance at 0x7f14ee206be0>,16,12,[1 8],17,33,45,16,25
1,<environment.Job instance at 0x7f14ee206a50>,18,16,[8 5],19,45,61,26,34
1,<environment.Job instance at 0x7f14ee209370>,23,18,[5 2],24,61,79,37,50
1,<environment.Job instance at 0x7f14ee2095f0>,29,13,[1 6],30,61,74,31,51
1,<environment.Job instance at 0x7f14ee2099b0>,33,2,[5 3],34,74,76,40,61
1,<environment.Job instance at 0x7f14ee209cd0>,35,16,[8 1],36,79,95,43,66
1,<environment.Job instance at 0x7f14ee20d280>,41,14,[6 1],42,95,109,53,82
1,<environment.Job instance at 0x7f14ee20d460>,42,14,[8 4],43,109,123,66,94
1,<environment.Job instance at 0x7f14ee20d8c0>,48,13,[6 1],49,123,136,74,110
1,<environment.Job instance at 0x7f14ee20e190>,54,14,[1 7],55,131,145,76,131
1,<environment.Job instance at 0x7f14ee20e230>,56,18,[4 5],57,145,163,88,134
1,<environment.Job instance at 0x7f14ee20e5f0>,63,15,[1 5],64,167,182,103,167
1,<environment.Job instance at 0x7f14ee20edc0>,72,14,[9 1],73,190,204,117,190
1,<environment.Job instance at 0x7f14ee20b280>,74,1,[6 2],75,204,205,129,191
1,<environment.Job instance at 0x7f14ee20b190>,75,3,[6 4],76,205,208,129,191
1,<environment.Job instance at 0x7f14ee20b0f0>,76,13,[1 5],77,191,204,114,191
1,<environment.Job instance at 0x7f14ee20b2d0>,77,15,[4 7],78,208,223,130,196
1,<environment.Job instance at 0x7f14ee20bb40>,83,3,[9 2],84,223,226,139,214
1,<environment.Job instance at 0x7f14f563f6e0>,0,18,[7 5],1,1,19,0,1
1,<environment.Job instance at 0x7f14f578a690>,7,3,[7 4],8,19,22,11,8
1,<environment.Job instance at 0x7f14f578a2d0>,14,12,[6 1],15,39,51,24,39
1,<environment.Job instance at 0x7f14f578a730>,16,15,[9 2],17,51,66,34,39
1,<environment.Job instance at 0x7f14f577da00>,19,16,[1 8],20,57,73,37,57
1,<environment.Job instance at 0x7f14f563ffa0>,5,1,[3 6],6,73,74,67,62
1,<environment.Job instance at 0x7f14b705d3c0>,23,3,[1 5],24,74,77,50,71
1,<environment.Job instance at 0x7f14f5783050>,40,17,[3 8],41,126,143,85,126
1,<environment.Job instance at 0x7f14f578b780>,43,16,[6 4],44,143,159,99,130
1,<environment.Job instance at 0x7f14f578b7d0>,45,15,[6 2],46,159,174,113,155
1,<environment.Job instance at 0x7f14f578b1e0>,48,12,[3 9],49,174,186,125,158
1,<environment.Job instance at 0x7f14f5791370>,58,16,[3 9],59,186,202,127,173
1,<environment.Job instance at 0x7f14f578bfa0>,46,15,[6 2],47,202,217,155,193
1,<environment.Job instance at 0x7f14f578bb40>,51,16,[1 9],52,217,233,165,205
1,<environment.Job instance at 0x7f14f5783aa0>,0,2,[3 8],1,1,3,0,1
1,<environment.Job instance at 0x7f14aa5187d0>,2,14,[9 2],3,3,17,0,3
1,<environment.Job instance at 0x7f14aa5ac3c0>,14,13,[5 9],15,17,30,2,15
1,<environment.Job instance at 0x7f14aa5acf50>,15,17,[8 1],16,30,47,14,18
1,<environment.Job instance at 0x7f14aa5ac730>,16,16,[7 2],17,47,63,30,34
1,<environment.Job instance at 0x7f14aa5ace10>,26,15,[ 5 10],27,65,80,38,65
1,<environment.Job instance at 0x7f14aa5c1c30>,33,12,[3 8],34,80,92,46,79
1,<environment.Job instance at 0x7f14aa5c1eb0>,34,14,[8 5],35,92,106,57,79
1,<environment.Job instance at 0x7f14aa5c1730>,35,12,[2 6],36,106,118,70,90
1,<environment.Job instance at 0x7f14aa55d870>,6,13,[5 1],7,106,119,99,95
1,<environment.Job instance at 0x7f14aa5c15a0>,41,16,[7 4],42,119,135,77,110
1,<environment.Job instance at 0x7f14aa5c1aa0>,44,15,[9 5],45,135,150,90,122
1,<environment.Job instance at 0x7f14aa5c1230>,50,18,[8 5],51,150,168,99,140
1,<environment.Job instance at 0x7f14aa5998c0>,52,13,[2 5],53,150,163,97,140
1,<environment.Job instance at 0x7f14aa5993c0>,59,12,[1 8],60,168,180,108,152
1,<environment.Job instance at 0x7f14aa5ac9b0>,30,15,[7 4],31,187,202,156,187
1,<environment.Job instance at 0x7f14aa599cd0>,64,18,[10  2],65,202,220,137,191
1,<environment.Job instance at 0x7f14aa602410>,76,14,[5 4],77,220,234,143,214
1,<environment.Job instance at 0x7f14aa602fa0>,77,14,[4 7],78,234,248,156,221
1,<environment.Job instance at 0x7f14aa602280>,81,16,[6 2],82,234,250,152,221
1,<environment.Job instance at 0x7f14f5780a50>,0,17,[4 5],1,1,18,0,1
1,<environment.Job instance at 0x7f14aa5025f0>,3,13,[8 3],4,18,31,14,4
1,<environment.Job instance at 0x7f14aa625190>,13,2,[3 5],14,31,33,17,17
1,<environment.Job instance at 0x7f14aa625410>,11,15,[10  3],12,33,48,21,20
1,<environment.Job instance at 0x7f14aa991870>,19,17,[4 8],20,48,65,28,36
1,<environment.Job instance at 0x7f14aa4e8dc0>,26,15,[6 2],27,48,63,21,36
1,<environment.Job instance at 0x7f14aa4e8280>,31,16,[2 8],32,65,81,33,52
1,<environment.Job instance at 0x7f14aa997230>,39,16,[1 7],40,81,97,41,69
1,<environment.Job instance at 0x7f14f5788d70>,41,15,[3 5],42,97,112,55,84
1,<environment.Job instance at 0x7f14f5788eb0>,44,12,[3 5],45,97,109,52,84
1,<environment.Job instance at 0x7f14f5788c30>,45,17,[6 3],46,109,126,63,97
1,<environment.Job instance at 0x7f14ee20b9b0>,51,14,[3 6],52,112,126,60,98
1,<environment.Job instance at 0x7f14ee20bd20>,56,15,[10  5],57,126,141,69,115
1,<environment.Job instance at 0x7f14f5287780>,58,16,[3 6],59,156,172,97,156
1,<environment.Job instance at 0x7f14aa6040a0>,70,17,[7 1],71,159,176,88,159
1,<environment.Job instance at 0x7f14aa604410>,71,18,[3 8],72,172,190,100,161
1,<environment.Job instance at 0x7f14aa96a190>,80,18,[4 8],81,194,212,113,194
1,<environment.Job instance at 0x7f14aa96af50>,85,18,[ 3 10],86,212,230,126,201
1,<environment.Job instance at 0x7f14aa6251e0>,0,16,[1 9],1,1,17,0,1
1,<environment.Job instance at 0x7f14aa625aa0>,2,17,[4 6],3,17,34,14,5
1,<environment.Job instance at 0x7f14aa91b8c0>,13,16,[3 5],14,34,50,20,27
1,<environment.Job instance at 0x7f14aa904b40>,22,13,[3 9],23,50,63,27,39
1,<environment.Job instance at 0x7f14aa904f50>,27,14,[9 1],28,63,77,35,54
1,<environment.Job instance at 0x7f14aa902190>,30,17,[9 4],31,77,94,46,72
1,<environment.Job instance at 0x7f14aa9025a0>,35,15,[5 7],36,94,109,58,93
1,<environment.Job instance at 0x7f14aa902eb0>,43,17,[1 8],44,109,126,65,99
1,<environment.Job instance at 0x7f14aa902e60>,46,17,[9 1],47,109,126,62,105
1,<environment.Job instance at 0x7f14aa8f1050>,49,16,[1 8],50,126,142,76,113
1,<environment.Job instance at 0x7f14aa8f15a0>,53,13,[9 5],54,142,155,88,129
1,<environment.Job instance at 0x7f14aa9023c0>,32,12,[8 5],33,155,167,122,140
1,<environment.Job instance at 0x7f14aa8f1640>,54,15,[ 1 10],55,167,182,112,155
1,<environment.Job instance at 0x7f14aa8f1f00>,66,15,[ 5 10],67,182,197,115,170
1,<environment.Job instance at 0x7f14aa411140>,71,14,[1 9],72,197,211,125,184
1,<environment.Job instance at 0x7f14aa4111e0>,74,17,[7 4],75,211,228,136,199
1,<environment.Job instance at 0x7f14aa4115a0>,77,3,[5 6],78,228,231,150,211
1,<environment.Job instance at 0x7f14aa4115f0>,78,12,[5 6],79,231,243,152,215
1,<environment.Job instance at 0x7f14ee20baa0>,6,14,[7 5],7,15,29,8,15
1,<environment.Job instance at 0x7f14ee20b9b0>,14,13,[1 9],15,29,42,14,18
1,<environment.Job instance at 0x7f14ee4d6910>,15,16,[4 5],16,42,58,26,29
1,<environment.Job instance at 0x7f14ee4d6eb0>,21,15,[3 5],22,55,70,33,55
1,<environment.Job instance at 0x7f14aa604410>,23,1,[8 5],24,70,71,46,55
1,<environment.Job instance at 0x7f14aa604dc0>,24,15,[5 7],25,71,86,46,58
1,<environment.Job instance at 0x7f14aa6046e0>,26,14,[ 5 10],27,86,100,59,74
1,<environment.Job instance at 0x7f14aa8b1370>,40,14,[8 4],41,136,150,95,136
1,<environment.Job instance at 0x7f14aa8b1e60>,44,12,[4 7],45,152,164,107,152
1,<environment.Job instance at 0x7f14aa8b12d0>,46,14,[10  4],47,164,178,117,152
1,<environment.Job instance at 0x7f14ee4b3230>,57,18,[3 6],58,178,196,120,173
1,<environment.Job instance at 0x7f14aa8b1eb0>,43,18,[6 1],44,178,196,134,174
1,<environment.Job instance at 0x7f14ee4b3a00>,63,18,[ 1 10],64,196,214,132,191
1,<environment.Job instance at 0x7f14aa66b320>,69,14,[9 5],70,214,228,144,201
1,<environment.Job instance at 0x7f14aa66b5f0>,78,16,[9 2],79,228,244,149,219
1,<environment.Job instance at 0x7f14aa688e60>,0,18,[8 1],1,1,19,0,1
1,<environment.Job instance at 0x7f14f08f6be0>,6,18,[9 4],7,19,37,12,8
1,<environment.Job instance at 0x7f14aa668f00>,15,13,[8 5],16,37,50,21,26
1,<environment.Job instance at 0x7f14aa668730>,18,16,[6 5],19,50,66,31,38
1,<environment.Job instance at 0x7f14f0f35b40>,26,15,[9 1],27,66,81,39,53
1,<environment.Job instance at 0x7f14aa5df500>,31,13,[6 5],32,81,94,49,65
1,<environment.Job instance at 0x7f14ee4ae730>,40,15,[5 6],41,94,109,53,89
1,<environment.Job instance at 0x7f14f0c3beb0>,47,15,[10  1],48,109,124,61,102
1,<environment.Job instance at 0x7f14f0c3b870>,48,2,[4 5],49,124,126,75,102
1,<environment.Job instance at 0x7f14aa48e9b0>,54,12,[3 5],55,124,136,69,118
1,<environment.Job instance at 0x7f14f5641a50>,55,3,[9 2],56,136,139,80,118
1,<environment.Job instance at 0x7f14f5641230>,58,3,[3 9],59,139,142,80,118
1,<environment.Job instance at 0x7f14ee160f50>,66,14,[1 7],67,155,169,88,155
1,<environment.Job instance at 0x7f14ee0453c0>,73,16,[8 5],74,176,192,102,176
1,<environment.Job instance at 0x7f14ee0457d0>,74,16,[9 4],75,192,208,117,181
1,<environment.Job instance at 0x7f14f0989f50>,76,15,[10  4],77,208,223,131,196
1,<environment.Job instance at 0x7f14aa851a50>,80,14,[1 8],81,223,237,142,208
1,<environment.Job instance at 0x7f14f0811320>,92,15,[6 2],93,223,238,130,210
1,<environment.Job instance at 0x7f14aa6f7a00>,0,2,[2 7],1,1,3,0,1
1,<environment.Job instance at 0x7f14ee19dc80>,1,12,[1 8],2,3,15,1,2
1,<environment.Job instance at 0x7f14ee0cd960>,2,1,[6 3],3,15,16,12,3
1,<environment.Job instance at 0x7f14aa6f7960>,3,16,[5 3],4,16,32,12,4
1,<environment.Job instance at 0x7f14f0833b40>,15,16,[9 4],16,32,48,16,31
1,<environment.Job instance at 0x7f14aab1d500>,33,15,[5 5],34,73,88,39,73
1,<environment.Job instance at 0x7f14aab1d870>,36,13,[4 7],37,88,101,51,73
1,<environment.Job instance at 0x7f14aab1daa0>,39,13,[7 4],40,101,114,61,90
1,<environment.Job instance at 0x7f14aab13230>,46,18,[6 3],47,114,132,67,110
1,<environment.Job instance at 0x7f14aab135f0>,52,15,[4 8],53,132,147,79,128
1,<environment.Job instance at 0x7f14aab13690>,53,3,[8 4],54,147,150,93,131
1,<environment.Job instance at 0x7f14aab130f0>,54,14,[3 8],55,150,164,95,135
1,<environment.Job instance at 0x7f14aab136e0>,57,14,[ 4 10],58,164,178,106,150
1,<environment.Job instance at 0x7f14aab13a50>,62,16,[3 8],63,178,194,115,171
1,<environment.Job instance at 0x7f14aab13af0>,63,13,[7 4],64,194,207,130,178
1,<environment.Job instance at 0x7f14aab13e10>,68,17,[9 5],69,207,224,138,195
1,<environment.Job instance at 0x7f14aab0e460>,71,16,[5 7],72,224,240,152,211
1,<environment.Job instance at 0x7f14f569bf00>,0,14,[ 2 10],1,1,15,0,1
1,<environment.Job instance at 0x7f14aa859cd0>,3,18,[5 5],4,15,33,11,4
1,<environment.Job instance at 0x7f14aa859500>,4,16,[5 5],5,15,31,10,5
1,<environment.Job instance at 0x7f14aaaf6870>,13,12,[2 6],14,33,45,19,20
1,<environment.Job instance at 0x7f14f07ef500>,16,13,[5 5],17,45,58,28,30
1,<environment.Job instance at 0x7f14aa59c320>,18,16,[8 3],19,58,74,39,45
1,<environment.Job instance at 0x7f14aa9d4910>,25,18,[5 5],26,74,92,48,63
1,<environment.Job instance at 0x7f14ee1b4c80>,33,18,[7 1],34,96,114,62,96
1,<environment.Job instance at 0x7f14f09ad7d0>,34,14,[9 1],35,114,128,79,101
1,<environment.Job instance at 0x7f14aabb8460>,45,18,[1 8],46,133,151,87,133
1,<environment.Job instance at 0x7f14edf7c0a0>,48,16,[9 4],49,151,167,102,148
1,<environment.Job instance at 0x7f14aa394be0>,50,14,[1 5],51,156,170,105,156
1,<environment.Job instance at 0x7f14aa3a7960>,56,18,[7 4],57,196,214,139,196
1,<environment.Job instance at 0x7f14aa3a7a00>,59,18,[6 4],60,214,232,154,210
1,<environment.Job instance at 0x7f14f0e94910>,66,3,[ 5 10],67,232,235,165,227
1,<environment.Job instance at 0x7f14f08d2690>,68,15,[7 3],69,235,250,166,234
1,<environment.Job instance at 0x7f14aa659af0>,0,1,[8 1],1,1,2,0,1
1,<environment.Job instance at 0x7f14f08f7b40>,8,3,[6 1],9,9,12,0,9
1,<environment.Job instance at 0x7f14aa659e60>,4,3,[4 5],5,9,12,4,9
1,<environment.Job instance at 0x7f14ee1818c0>,12,3,[5 9],13,13,16,0,13
1,<environment.Job instance at 0x7f14ee181280>,13,16,[8 1],14,16,32,2,14
1,<environment.Job instance at 0x7f14f0ed2410>,20,15,[2 8],21,25,40,4,25
1,<environment.Job instance at 0x7f14aa9e0d70>,22,12,[6 1],23,32,44,9,25
1,<environment.Job instance at 0x7f14ee3fd0f0>,27,16,[1 7],28,40,56,12,36
1,<environment.Job instance at 0x7f14aaa50230>,18,16,[4 8],19,56,72,37,45
1,<environment.Job instance at 0x7f14aab93370>,34,13,[8 2],35,72,85,37,63
1,<environment.Job instance at 0x7f14aa79c910>,7,20,[1 8],8,72,92,64,63
1,<environment.Job instance at 0x7f14ee185460>,41,12,[3 7],42,92,104,50,75
1,<environment.Job instance at 0x7f14ee185f00>,44,17,[8 1],45,104,121,59,92
1,<environment.Job instance at 0x7f14ee185dc0>,51,18,[3 8],52,121,139,69,118
1,<environment.Job instance at 0x7f14ee185280>,40,24,[7 2],41,121,145,80,119
1,<environment.Job instance at 0x7f14ee2c9f00>,56,16,[1 6],57,139,155,82,132
1,<environment.Job instance at 0x7f14aaaaa410>,65,15,[3 5],66,166,181,100,166
1,<environment.Job instance at 0x7f14ee14d960>,72,13,[9 1],73,181,194,108,179
1,<environment.Job instance at 0x7f14ee14dd20>,76,12,[9 5],77,203,215,126,203
1,<environment.Job instance at 0x7f14ee67b550>,79,15,[2 6],80,215,230,135,213
1,<environment.Job instance at 0x7f14ee573780>,81,14,[9 4],82,230,244,148,215
1,<environment.Job instance at 0x7f14ee1ad870>,0,1,[ 2 10],1,1,2,0,1
1,<environment.Job instance at 0x7f14ee1adaf0>,1,2,[1 5],2,2,4,0,2
1,<environment.Job instance at 0x7f14edffd370>,2,1,[9 5],3,3,4,0,3
1,<environment.Job instance at 0x7f14f0b7c550>,3,14,[ 5 10],4,4,18,0,4
1,<environment.Job instance at 0x7f14aaaf61e0>,6,17,[3 5],7,18,35,11,7
1,<environment.Job instance at 0x7f14ee426d70>,18,18,[5 5],19,22,40,3,22
1,<environment.Job instance at 0x7f14ee426b90>,19,15,[6 2],20,40,55,20,26
1,<environment.Job instance at 0x7f14ee633f50>,23,17,[5 9],24,55,72,31,43
1,<environment.Job instance at 0x7f14ee633eb0>,22,2,[1 7],23,46,48,23,46
1,<environment.Job instance at 0x7f14ee604730>,36,18,[8 1],37,83,101,46,83
1,<environment.Job instance at 0x7f14ee604a00>,41,13,[7 4],42,103,116,61,103
1,<environment.Job instance at 0x7f14aa894dc0>,12,12,[10  4],13,116,128,103,103
1,<environment.Job instance at 0x7f14ee627230>,49,12,[4 6],50,128,140,78,113
1,<environment.Job instance at 0x7f14ee627460>,56,17,[2 5],57,143,160,86,143
1,<environment.Job instance at 0x7f14aa894320>,15,15,[8 1],16,181,196,165,181
1,<environment.Job instance at 0x7f14ee618050>,69,18,[7 5],70,196,214,126,189
1,<environment.Job instance at 0x7f14ee618190>,72,13,[7 2],73,214,227,141,202
1,<environment.Job instance at 0x7f14ee618550>,78,13,[4 6],79,227,240,148,218
1,<environment.Job instance at 0x7f14aa425500>,0,15,[5 5],1,1,16,0,1
1,<environment.Job instance at 0x7f14f0877fa0>,2,12,[ 1 10],3,16,28,13,3
1,<environment.Job instance at 0x7f14aa58de10>,17,12,[5 9],18,41,53,23,41
1,<environment.Job instance at 0x7f14aa58d910>,16,14,[6 4],17,53,67,36,45
1,<environment.Job instance at 0x7f14f0ce1cd0>,24,13,[2 7],25,67,80,42,51
1,<environment.Job instance at 0x7f14aaae0c80>,20,12,[5 6],21,80,92,59,63
1,<environment.Job instance at 0x7f14aa8100f0>,26,18,[6 4],27,92,110,65,81
1,<environment.Job instance at 0x7f14aa3a6be0>,41,15,[8 4],42,110,125,68,101
1,<environment.Job instance at 0x7f14aa3a6d20>,43,16,[2 6],44,104,120,60,104
1,<environment.Job instance at 0x7f14aa3a6d70>,45,17,[5 3],46,125,142,79,114
1,<environment.Job instance at 0x7f14f07e7c80>,32,14,[ 4 10],33,142,156,109,137
1,<environment.Job instance at 0x7f14f57829b0>,52,16,[9 2],53,156,172,103,145
1,<environment.Job instance at 0x7f14edffe780>,59,17,[5 7],60,172,189,112,160
1,<environment.Job instance at 0x7f14aa92d690>,67,1,[8 1],68,189,190,121,169
1,<environment.Job instance at 0x7f14aa92da00>,68,3,[9 5],69,190,193,121,169
1,<environment.Job instance at 0x7f14aa449eb0>,72,14,[ 2 10],73,193,207,120,178
1,<environment.Job instance at 0x7f14aa449b90>,73,16,[3 8],74,207,223,133,194
1,<environment.Job instance at 0x7f14aa449230>,80,18,[9 2],81,223,241,142,212
1,<environment.Job instance at 0x7f14aa4569b0>,0,18,[6 4],1,1,19,0,1
1,<environment.Job instance at 0x7f14ee187050>,5,16,[7 3],6,19,35,13,6
1,<environment.Job instance at 0x7f14edfd2eb0>,12,16,[5 4],13,35,51,22,24
1,<environment.Job instance at 0x7f14edfd2c80>,20,17,[9 2],21,51,68,30,39
1,<environment.Job instance at 0x7f14ee63a5a0>,33,14,[ 4 10],34,68,82,34,64
1,<environment.Job instance at 0x7f14ee63aeb0>,35,14,[5 7],36,82,96,46,71
1,<environment.Job instance at 0x7f14ee59fb90>,43,1,[7 3],44,96,97,52,91
1,<environment.Job instance at 0x7f14ee59f1e0>,44,2,[2 5],45,96,98,51,91
1,<environment.Job instance at 0x7f14ee59f2d0>,45,16,[4 9],46,98,114,52,95
1,<environment.Job instance at 0x7f14ee60e640>,46,18,[5 5],47,114,132,67,103
1,<environment.Job instance at 0x7f14f0ebcaa0>,58,12,[3 9],59,135,147,76,135
1,<environment.Job instance at 0x7f14ee60ec30>,50,17,[ 5 10],51,147,164,96,135
1,<environment.Job instance at 0x7f14f0ebcfa0>,68,14,[ 1 10],69,164,178,95,149
1,<environment.Job instance at 0x7f14aab3cbe0>,78,16,[10  3],79,178,194,99,171
1,<environment.Job instance at 0x7f14aab3c910>,80,3,[ 4 10],81,194,197,113,171
1,<environment.Job instance at 0x7f14aab3ccd0>,81,2,[2 9],82,197,199,115,171
1,<environment.Job instance at 0x7f14ee5c6640>,85,14,[7 2],86,199,213,113,184
1,<environment.Job instance at 0x7f14aab3c6e0>,74,13,[3 6],75,199,212,124,199
1,<environment.Job instance at 0x7f14ee5c6320>,87,16,[5 4],88,213,229,125,200
1,<environment.Job instance at 0x7f14f08778c0>,0,15,[1 8],1,1,16,0,1
1,<environment.Job instance at 0x7f14aa4adeb0>,2,18,[2 5],3,16,34,13,14
1,<environment.Job instance at 0x7f14aa8fbcd0>,11,15,[5 2],12,17,32,5,17
1,<environment.Job instance at 0x7f14ee089aa0>,15,16,[10  3],16,34,50,18,22
1,<environment.Job instance at 0x7f14f0877910>,5,1,[6 1],6,32,33,26,29
1,<environment.Job instance at 0x7f14aa963f50>,26,16,[5 6],27,50,66,23,37
1,<environment.Job instance at 0x7f14ee6ee9b0>,39,3,[6 2],40,66,69,26,54
1,<environment.Job instance at 0x7f14aa807280>,40,13,[1 5],41,66,79,25,54
1,<environment.Job instance at 0x7f14aa96c960>,41,1,[6 3],42,69,70,27,54
1,<environment.Job instance at 0x7f14f0cc05a0>,42,14,[3 7],43,79,93,36,65
1,<environment.Job instance at 0x7f14aa55c6e0>,43,3,[10  4],44,93,96,49,67
1,<environment.Job instance at 0x7f14f0cc6730>,45,13,[5 4],46,96,109,50,80
1,<environment.Job instance at 0x7f14f0cbe960>,47,15,[2 6],48,96,111,48,82
1,<environment.Job instance at 0x7f14aaad4870>,50,13,[2 8],51,111,124,60,95
1,<environment.Job instance at 0x7f14aa972d20>,37,15,[10  4],38,124,139,86,111
1,<environment.Job instance at 0x7f14aa569fa0>,74,17,[10  5],75,215,232,140,215
1,<environment.Job instance at 0x7f14aa38fb90>,77,15,[ 4 10],78,232,247,154,219
1,<environment.Job instance at 0x7f14f0e2e7d0>,0,13,[5 8],1,1,14,0,1
1,<environment.Job instance at 0x7f14aa95a5a0>,4,17,[8 5],5,14,31,9,10
1,<environment.Job instance at 0x7f14f0cac640>,11,12,[7 2],12,31,43,19,18
1,<environment.Job instance at 0x7f14aab368c0>,5,17,[1 7],6,31,48,25,26
1,<environment.Job instance at 0x7f14ee1d4c80>,18,13,[6 2],19,43,56,24,31
1,<environment.Job instance at 0x7f14ee620eb0>,19,12,[7 5],20,56,68,36,39
1,<environment.Job instance at 0x7f14f0775cd0>,21,12,[5 8],22,68,80,46,51
1,<environment.Job instance at 0x7f14f0775e10>,24,15,[6 2],25,80,95,55,66
1,<environment.Job instance at 0x7f14ee5c5140>,29,2,[1 7],30,80,82,50,70
1,<environment.Job instance at 0x7f14f086b640>,33,14,[3 6],34,83,97,49,83
1,<environment.Job instance at 0x7f14f095e460>,34,16,[8 2],35,97,113,62,84
1,<environment.Job instance at 0x7f14ee35ad70>,38,12,[10  3],39,113,125,74,96
1,<environment.Job instance at 0x7f14ee35a230>,45,14,[5 4],46,125,139,79,117
1,<environment.Job instance at 0x7f14ee35a5a0>,53,1,[3 7],54,139,140,85,130
1,<environment.Job instance at 0x7f14ee33a870>,56,16,[4 9],57,140,156,83,133
1,<environment.Job instance at 0x7f14ee33a820>,57,18,[6 1],58,144,162,86,144
1,<environment.Job instance at 0x7f14aa5c7320>,59,15,[6 4],60,162,177,102,148
1,<environment.Job instance at 0x7f14ee351410>,68,13,[4 8],69,177,190,108,161
1,<environment.Job instance at 0x7f14ee623e60>,69,3,[4 5],70,161,164,91,161
1,<environment.Job instance at 0x7f14ee6235f0>,70,2,[1 5],71,164,166,93,162
1,<environment.Job instance at 0x7f14ee623910>,71,1,[3 6],72,166,167,94,163
1,<environment.Job instance at 0x7f14ee623690>,74,14,[ 5 10],75,190,204,115,176
1,<environment.Job instance at 0x7f14f0818e60>,77,15,[4 8],78,204,219,126,201
1,<environment.Job instance at 0x7f14edfd4a00>,81,12,[5 6],82,219,231,137,206
1,<environment.Job instance at 0x7f14ee60e910>,1,17,[9 4],2,3,20,1,3
1,<environment.Job instance at 0x7f14ee132640>,6,12,[9 1],7,20,32,13,8
1,<environment.Job instance at 0x7f14aaa1f190>,22,16,[2 8],23,36,52,13,36
1,<environment.Job instance at 0x7f14aaa1fcd0>,23,12,[3 9],24,52,64,28,41
1,<environment.Job instance at 0x7f14aaa1f870>,18,3,[2 6],19,64,67,45,52
1,<environment.Job instance at 0x7f14aaa1fc80>,30,15,[8 4],31,64,79,33,58
1,<environment.Job instance at 0x7f14aaa1fe10>,31,12,[8 1],32,79,91,47,62
1,<environment.Job instance at 0x7f14aaa1ffa0>,32,13,[5 3],33,91,104,58,75
1,<environment.Job instance at 0x7f14aab7e5a0>,38,12,[5 4],39,91,103,52,91
1,<environment.Job instance at 0x7f14aab7e5f0>,40,13,[8 3],41,104,117,63,93
1,<environment.Job instance at 0x7f14aab7eb90>,45,15,[10  1],46,119,134,73,119
1,<environment.Job instance at 0x7f14aab7b140>,51,12,[5 3],52,134,146,82,129
1,<environment.Job instance at 0x7f14aab7b050>,57,3,[2 7],58,141,144,83,141
1,<environment.Job instance at 0x7f14aab7bf50>,60,18,[3 5],61,144,162,83,142
1,<environment.Job instance at 0x7f14aab7b0a0>,62,3,[5 8],63,162,165,99,147
1,<environment.Job instance at 0x7f14aa20c460>,68,12,[6 4],69,165,177,96,153
1,<environment.Job instance at 0x7f14aa20ce60>,73,15,[ 2 10],74,177,192,103,172
1,<environment.Job instance at 0x7f14aa20c870>,79,12,[5 8],80,192,204,112,175
1,<environment.Job instance at 0x7f14aab65140>,82,1,[2 6],83,175,176,92,175
1,<environment.Job instance at 0x7f14aab65190>,83,3,[6 1],84,204,207,120,178
1,<environment.Job instance at 0x7f14aab656e0>,84,1,[7 3],85,207,208,122,179
1,<environment.Job instance at 0x7f14aab650f0>,87,2,[5 8],88,208,210,120,182
1,<environment.Job instance at 0x7f14aab65230>,88,3,[6 2],89,210,213,121,184
1,<environment.Job instance at 0x7f14aab65550>,90,12,[2 5],91,210,222,119,193
1,<environment.Job instance at 0x7f14aa195690>,95,13,[7 4],96,213,226,117,207
1,<environment.Job instance at 0x7f14ee35acd0>,0,15,[5 5],1,1,16,0,1
1,<environment.Job instance at 0x7f14ee35a410>,1,1,[5 3],2,2,3,0,2
1,<environment.Job instance at 0x7f14aa1f0190>,4,12,[7 1],5,16,28,11,5
1,<environment.Job instance at 0x7f14aa325690>,7,1,[8 4],8,28,29,20,8
1,<environment.Job instance at 0x7f14aab53e10>,8,12,[7 5],9,29,41,20,12
1,<environment.Job instance at 0x7f14f0c652d0>,21,3,[6 5],22,41,44,19,37
1,<environment.Job instance at 0x7f14f0c65e60>,24,13,[10  1],25,44,57,19,40
1,<environment.Job instance at 0x7f14aa9dfa00>,26,15,[4 6],27,57,72,30,45
1,<environment.Job instance at 0x7f14aa9d30a0>,35,16,[3 5],36,72,88,36,60
1,<environment.Job instance at 0x7f14aa9d3af0>,36,14,[6 2],37,63,77,26,63
1,<environment.Job instance at 0x7f14aa9fd460>,39,14,[7 3],40,77,91,37,64
1,<environment.Job instance at 0x7f14aa9d0910>,40,14,[8 2],41,91,105,50,76
1,<environment.Job instance at 0x7f14ee1889b0>,47,15,[6 1],48,105,120,57,91
1,<environment.Job instance at 0x7f14ee1922d0>,49,13,[4 7],50,105,118,55,98
1,<environment.Job instance at 0x7f14edfd1dc0>,18,16,[8 4],19,120,136,101,110
1,<environment.Job instance at 0x7f14edf77fa0>,61,16,[5 2],62,136,152,74,134
1,<environment.Job instance at 0x7f14edf77730>,64,12,[7 5],65,152,164,87,136
1,<environment.Job instance at 0x7f14edf77aa0>,67,16,[8 4],68,164,180,96,157
1,<environment.Job instance at 0x7f14edfab4b0>,72,12,[8 2],73,180,192,107,163
1,<environment.Job instance at 0x7f14edfab1e0>,70,15,[10  5],71,192,207,121,190
1,<environment.Job instance at 0x7f14f0804640>,81,16,[8 4],82,207,223,125,195
1,<environment.Job instance at 0x7f14f0805320>,87,16,[8 4],88,223,239,135,210
1,<environment.Job instance at 0x7f14aa2520f0>,0,12,[9 4],1,1,13,0,1
1,<environment.Job instance at 0x7f14aaa7ee10>,4,17,[3 5],5,13,30,8,5
1,<environment.Job instance at 0x7f14aa236820>,7,1,[7 5],8,16,17,8,16
1,<environment.Job instance at 0x7f14aa2edbe0>,12,14,[6 2],13,17,31,4,16
1,<environment.Job instance at 0x7f14aa2ed500>,13,13,[6 5],14,31,44,17,16
1,<environment.Job instance at 0x7f14ee6b5410>,21,3,[4 5],22,30,33,8,28
1,<environment.Job instance at 0x7f14ee31b910>,23,16,[9 5],24,44,60,20,33
1,<environment.Job instance at 0x7f14edff0e10>,29,17,[5 2],30,60,77,30,53
1,<environment.Job instance at 0x7f14aaa27f50>,30,14,[6 1],31,77,91,46,62
1,<environment.Job instance at 0x7f14aa49bb90>,33,15,[2 7],34,70,85,36,70
1,<environment.Job instance at 0x7f14aa202be0>,11,13,[5 8],12,91,104,79,77
1,<environment.Job instance at 0x7f14aa49bd70>,37,3,[6 1],38,104,107,66,83
1,<environment.Job instance at 0x7f14aa49b230>,40,13,[8 4],41,107,120,66,91
1,<environment.Job instance at 0x7f14edff0aa0>,26,14,[10  3],27,120,134,93,105
1,<environment.Job instance at 0x7f14f0e94460>,46,18,[7 3],47,134,152,87,123
1,<environment.Job instance at 0x7f14f0e94690>,53,15,[1 5],54,134,149,80,126
1,<environment.Job instance at 0x7f14aa2d61e0>,58,13,[8 5],59,152,165,93,137
1,<environment.Job instance at 0x7f14ee406f50>,64,17,[5 5],65,165,182,100,164
1,<environment.Job instance at 0x7f14aa5551e0>,69,15,[9 1],70,182,197,112,169
1,<environment.Job instance at 0x7f14ee406d20>,67,15,[1 8],68,182,197,114,169
1,<environment.Job instance at 0x7f14f0cf1a50>,76,14,[9 2],77,197,211,120,187
1,<environment.Job instance at 0x7f14f0cf1fa0>,81,1,[7 2],82,211,212,129,201
1,<environment.Job instance at 0x7f14f08e7410>,83,2,[4 9],84,215,217,131,215
1,<environment.Job instance at 0x7f14f080f5a0>,0,15,[2 8],1,1,16,0,1
1,<environment.Job instance at 0x7f14aa206050>,5,15,[8 4],6,16,31,10,6
1,<environment.Job instance at 0x7f14aa206d20>,11,12,[2 8],12,31,43,19,14
1,<environment.Job instance at 0x7f14ee71a730>,14,18,[9 3],15,43,61,28,32
1,<environment.Job instance at 0x7f14ee71a280>,24,14,[5 6],25,61,75,36,46
1,<environment.Job instance at 0x7f14ee534cd0>,31,13,[1 7],32,75,88,43,70
1,<environment.Job instance at 0x7f14aab24640>,42,14,[5 5],43,114,128,71,114
1,<environment.Job instance at 0x7f14ee454f00>,48,18,[7 1],49,128,146,79,124
1,<environment.Job instance at 0x7f14ee454960>,49,14,[1 8],50,128,142,78,124
1,<environment.Job instance at 0x7f14ee454230>,51,12,[4 6],52,146,158,94,129
1,<environment.Job instance at 0x7f14ee454460>,60,13,[4 9],61,158,171,97,153
1,<environment.Job instance at 0x7f14ee454870>,62,16,[8 1],63,171,187,108,159
1,<environment.Job instance at 0x7f14ee454370>,63,14,[6 1],64,187,201,123,173
1,<environment.Job instance at 0x7f14ee6615a0>,73,14,[6 4],74,207,221,133,207
1,<environment.Job instance at 0x7f14ee661050>,76,16,[1 7],77,223,239,146,223
1,<environment.Job instance at 0x7f14f0a89aa0>,0,16,[5 9],1,1,17,0,1
1,<environment.Job instance at 0x7f14ee6645a0>,10,15,[8 5],11,17,32,6,11
1,<environment.Job instance at 0x7f14aa51a050>,11,3,[9 2],12,32,35,20,12
1,<environment.Job instance at 0x7f14aa385c30>,13,15,[5 3],14,35,50,21,21
1,<environment.Job instance at 0x7f14ee664d20>,9,12,[10  1],10,50,62,40,33
1,<environment.Job instance at 0x7f14ee588b90>,18,18,[6 4],19,62,80,43,51
1,<environment.Job instance at 0x7f14ee588320>,21,17,[7 1],22,80,97,58,68
1,<environment.Job instance at 0x7f14ee588910>,22,15,[9 5],23,97,112,74,83
1,<environment.Job instance at 0x7f14f09b96e0>,28,2,[7 3],29,112,114,83,85
1,<environment.Job instance at 0x7f14f09b9c30>,29,13,[9 3],30,114,127,84,98
1,<environment.Job instance at 0x7f14f09b9b90>,34,13,[8 1],35,127,140,92,111
1,<environment.Job instance at 0x7f14aa810a00>,41,14,[7 5],42,140,154,98,134
1,<environment.Job instance at 0x7f14aa5869b0>,44,18,[6 5],45,154,172,109,143
1,<environment.Job instance at 0x7f14aa5867d0>,47,13,[6 1],48,172,185,124,156
1,<environment.Job instance at 0x7f14aa586820>,49,16,[5 5],50,185,201,135,172
1,<environment.Job instance at 0x7f14aa586500>,52,17,[3 5],53,172,189,119,172
1,<environment.Job instance at 0x7f14f0968960>,56,14,[8 5],57,201,215,144,186
1,<environment.Job instance at 0x7f14f0968410>,63,18,[6 1],64,215,233,151,204
1,<environment.Job instance at 0x7fc49946e320>,2,12,[5 4],3,3,15,0,3
1,<environment.Job instance at 0x7fc49205e690>,10,1,[7 3],11,15,16,4,12
1,<environment.Job instance at 0x7fc49205e820>,11,2,[3 9],12,16,18,4,12
1,<environment.Job instance at 0x7fc49205e6e0>,12,3,[6 3],13,18,21,5,13
1,<environment.Job instance at 0x7fc49205eaf0>,14,12,[3 7],15,18,30,3,17
1,<environment.Job instance at 0x7fc49205e410>,9,17,[ 4 10],10,30,47,20,18
1,<environment.Job instance at 0x7fc49205f550>,23,18,[5 2],24,47,65,23,36
1,<environment.Job instance at 0x7fc49205fd70>,31,17,[4 9],32,65,82,33,53
1,<environment.Job instance at 0x7fc49205ff50>,35,16,[8 1],36,82,98,46,69
1,<environment.Job instance at 0x7fc49205e280>,8,17,[ 2 10],9,98,115,89,86
1,<environment.Job instance at 0x7fc492062320>,55,17,[4 7],56,133,150,77,133
1,<environment.Job instance at 0x7fc4920620a0>,56,18,[4 5],57,150,168,93,139
1,<environment.Job instance at 0x7fc4920627d0>,63,15,[1 5],64,150,165,86,149
1,<environment.Job instance at 0x7fc492062870>,64,12,[6 1],65,165,177,100,151
1,<environment.Job instance at 0x7fc492062910>,65,13,[3 5],66,168,181,102,153
1,<environment.Job instance at 0x7fc49205e640>,7,14,[5 1],8,180,194,172,180
1,<environment.Job instance at 0x7fc4920691e0>,75,3,[6 4],76,194,197,118,183
1,<environment.Job instance at 0x7fc492069230>,76,13,[1 5],77,183,196,106,183
1,<environment.Job instance at 0x7fc4920692d0>,77,15,[4 7],78,197,212,119,189
1,<environment.Job instance at 0x7fc4920696e0>,79,17,[2 7],80,212,229,132,200
1,<environment.Job instance at 0x7fc499497730>,19,14,[8 1],20,31,45,11,31
1,<environment.Job instance at 0x7fc499497e10>,20,16,[9 3],21,45,61,24,36
1,<environment.Job instance at 0x7fc4995e2aa0>,26,18,[1 6],27,49,67,22,49
1,<environment.Job instance at 0x7fc4995df2d0>,35,15,[6 2],36,69,84,33,69
1,<environment.Job instance at 0x7fc4995df370>,31,16,[5 4],32,84,100,52,74
1,<environment.Job instance at 0x7fc4995df820>,36,15,[6 2],37,100,115,63,86
1,<environment.Job instance at 0x7fc49949a460>,45,14,[3 8],46,100,114,54,90
1,<environment.Job instance at 0x7fc4995dbc80>,50,12,[6 3],51,115,127,64,104
1,<environment.Job instance at 0x7fc4995e0550>,57,18,[5 2],58,137,155,79,137
1,<environment.Job instance at 0x7fc4995e03c0>,58,18,[4 6],59,137,155,78,137
1,<environment.Job instance at 0x7fc4995e0460>,63,12,[1 7],64,155,167,91,143
1,<environment.Job instance at 0x7fc4995e9f50>,68,14,[4 7],69,167,181,98,155
1,<environment.Job instance at 0x7fc4995e0be0>,61,14,[5 3],62,179,193,117,179
1,<environment.Job instance at 0x7fc4995e3eb0>,82,14,[8 4],83,206,220,123,206
1,<environment.Job instance at 0x7fc4995e98c0>,75,17,[10  5],76,220,237,144,208
1,<environment.Job instance at 0x7fc44e2b1a00>,0,2,[4 5],1,1,3,0,1
1,<environment.Job instance at 0x7fc4995e3050>,1,1,[8 3],2,3,4,1,2
1,<environment.Job instance at 0x7fc44e4426e0>,5,17,[3 5],6,6,23,0,6
1,<environment.Job instance at 0x7fc44e442910>,11,13,[3 6],12,23,36,11,14
1,<environment.Job instance at 0x7fc44e442c80>,12,16,[8 5],13,36,52,23,32
1,<environment.Job instance at 0x7fc44e442050>,13,12,[3 8],14,52,64,38,40
1,<environment.Job instance at 0x7fc44e45f190>,21,16,[7 4],22,64,80,42,51
1,<environment.Job instance at 0x7fc44e45f870>,23,18,[1 6],24,64,82,40,53
1,<environment.Job instance at 0x7fc44e442dc0>,9,12,[5 4],10,80,92,70,67
1,<environment.Job instance at 0x7fc44e45f500>,32,13,[2 5],33,82,95,49,81
1,<environment.Job instance at 0x7fc44e45fc30>,33,14,[3 5],34,92,106,58,81
1,<environment.Job instance at 0x7fc44e442550>,18,18,[3 8],19,135,153,116,135
1,<environment.Job instance at 0x7fc44e432c30>,52,17,[8 2],53,153,170,100,150
1,<environment.Job instance at 0x7fc44e4324b0>,54,1,[3 7],55,170,171,115,150
1,<environment.Job instance at 0x7fc44e394690>,56,14,[5 4],57,171,185,114,156
1,<environment.Job instance at 0x7fc4995e3dc0>,3,15,[5 6],4,171,186,167,166
1,<environment.Job instance at 0x7fc44e394af0>,61,16,[6 2],62,186,202,124,174
1,<environment.Job instance at 0x7fc44e394cd0>,66,13,[3 6],67,186,199,119,174
1,<environment.Job instance at 0x7fc44e493e10>,79,15,[7 4],80,202,217,122,195
1,<environment.Job instance at 0x7fc44e493500>,80,17,[4 5],81,217,234,136,205
1,<environment.Job instance at 0x7fc44e442c30>,0,13,[ 4 10],1,1,14,0,1
1,<environment.Job instance at 0x7fc44e301c30>,3,13,[2 5],4,14,27,10,4
1,<environment.Job instance at 0x7fc49949a730>,14,12,[3 5],15,18,30,3,18
1,<environment.Job instance at 0x7fc44e3f7550>,18,17,[2 8],19,30,47,11,26
1,<environment.Job instance at 0x7fc44e3f7e10>,22,15,[7 3],23,47,62,24,34
1,<environment.Job instance at 0x7fc44e3f7370>,25,16,[2 6],26,47,63,21,40
1,<environment.Job instance at 0x7fc44e3f7140>,27,16,[ 3 10],28,63,79,35,53
1,<environment.Job instance at 0x7fc44e425cd0>,33,12,[8 5],34,79,91,45,70
1,<environment.Job instance at 0x7fc44e425780>,35,12,[2 5],36,79,91,43,75
1,<environment.Job instance at 0x7fc44e425550>,37,13,[ 1 10],38,91,104,53,80
1,<environment.Job instance at 0x7fc44e369050>,46,15,[4 9],47,104,119,57,104
1,<environment.Job instance at 0x7fc44e302b90>,55,18,[ 3 10],56,132,150,76,132
1,<environment.Job instance at 0x7fc44e302a50>,57,13,[4 9],58,150,163,92,139
1,<environment.Job instance at 0x7fc44e302960>,63,18,[8 1],64,163,181,99,152
1,<environment.Job instance at 0x7fc44e51f190>,70,16,[1 9],71,179,195,108,179
1,<environment.Job instance at 0x7fc44e7fe460>,75,12,[4 7],76,195,207,119,192
1,<environment.Job instance at 0x7fc44e7feaa0>,76,13,[8 3],77,207,220,130,194
1,<environment.Job instance at 0x7fc44e855460>,78,14,[2 7],79,207,221,128,204
1,<environment.Job instance at 0x7fc44e2fe410>,81,18,[5 7],82,221,239,139,210
1,<environment.Job instance at 0x7fc44e3f7c30>,0,3,[9 1],1,1,4,0,1
1,<environment.Job instance at 0x7fc4920a0e60>,10,1,[2 9],11,15,16,4,15
1,<environment.Job instance at 0x7fc4920a0960>,12,17,[10  3],13,16,33,3,15
1,<environment.Job instance at 0x7fc44e7553c0>,20,13,[3 8],21,33,46,12,23
1,<environment.Job instance at 0x7fc44e755c80>,27,13,[6 5],28,57,70,29,57
1,<environment.Job instance at 0x7fc44e755dc0>,29,14,[2 6],30,70,84,40,57
1,<environment.Job instance at 0x7fc44e755910>,32,12,[4 9],33,84,96,51,67
1,<environment.Job instance at 0x7fc44e2fef00>,3,17,[1 8],4,96,113,92,84
1,<environment.Job instance at 0x7fc44e751410>,38,12,[5 6],39,113,125,74,106
1,<environment.Job instance at 0x7fc44e7519b0>,47,12,[10  4],48,134,146,86,134
1,<environment.Job instance at 0x7fc44e751b90>,50,14,[ 4 10],51,146,160,95,144
1,<environment.Job instance at 0x7fc44e751d70>,53,14,[8 2],54,160,174,106,146
1,<environment.Job instance at 0x7fc44e751f50>,56,18,[8 2],57,174,192,117,163
1,<environment.Job instance at 0x7fc44e266370>,66,14,[7 5],67,192,206,125,187
1,<environment.Job instance at 0x7fc44e266b90>,68,14,[3 8],69,206,220,137,191
1,<environment.Job instance at 0x7fc44e751910>,46,14,[8 1],47,220,234,173,207
1,<environment.Job instance at 0x7fc44e266f50>,74,13,[1 9],75,220,233,145,210
1,<environment.Job instance at 0x7fc44e266280>,0,3,[1 6],1,1,4,0,1
1,<environment.Job instance at 0x7fc44e6f3370>,3,12,[ 2 10],4,4,16,0,4
1,<environment.Job instance at 0x7fc44e6f30f0>,6,16,[2 6],7,16,32,9,7
1,<environment.Job instance at 0x7fc44e6fc190>,11,3,[1 6],12,32,35,20,12
1,<environment.Job instance at 0x7fc44e6f36e0>,8,14,[6 4],9,16,30,7,13
1,<environment.Job instance at 0x7fc44e6fc370>,19,14,[9 5],20,35,49,15,21
1,<environment.Job instance at 0x7fc44e6fc730>,23,1,[7 1],24,33,34,9,33
1,<environment.Job instance at 0x7fc44e6fc320>,26,17,[ 1 10],27,49,66,22,39
1,<environment.Job instance at 0x7fc491fa5820>,30,12,[7 2],31,66,78,35,51
1,<environment.Job instance at 0x7fc44e6fc5a0>,14,14,[7 5],15,78,92,63,63
1,<environment.Job instance at 0x7fc491fa5500>,37,17,[3 8],38,92,109,54,80
1,<environment.Job instance at 0x7fc491fbb280>,42,17,[2 5],43,109,126,66,98
1,<environment.Job instance at 0x7fc44e720b90>,55,13,[3 9],56,126,139,70,123
1,<environment.Job instance at 0x7fc4946ceb40>,58,17,[2 6],59,143,160,84,143
1,<environment.Job instance at 0x7fc4946ce0a0>,62,15,[10  1],63,160,175,97,146
1,<environment.Job instance at 0x7fc4947ed320>,72,15,[2 5],73,175,190,102,167
1,<environment.Job instance at 0x7fc4947ede10>,73,14,[4 8],74,190,204,116,175
1,<environment.Job instance at 0x7fc4947ede60>,78,13,[6 1],79,191,204,112,191
1,<environment.Job instance at 0x7fc4947ed7d0>,81,13,[6 5],82,204,217,122,195
1,<environment.Job instance at 0x7fc4946a3c30>,88,17,[7 2],89,217,234,128,206
1,<environment.Job instance at 0x7fc4947edfa0>,79,13,[1 8],80,217,230,137,210
1,<environment.Job instance at 0x7fc491fa5960>,3,13,[7 5],4,4,17,0,4
1,<environment.Job instance at 0x7fc494bf4fa0>,14,16,[9 4],15,25,41,10,25
1,<environment.Job instance at 0x7fc494bf4b40>,16,15,[10  4],17,41,56,24,30
1,<environment.Job instance at 0x7fc44e3a5c80>,20,14,[1 8],21,56,70,35,41
1,<environment.Job instance at 0x7fc44e938f50>,32,15,[6 2],33,58,73,25,58
1,<environment.Job instance at 0x7fc44e38b730>,39,18,[ 5 10],40,101,119,61,101
1,<environment.Job instance at 0x7fc491f98b90>,41,12,[1 8],42,119,131,77,102
1,<environment.Job instance at 0x7fc491f98280>,43,16,[5 3],44,131,147,87,118
1,<environment.Job instance at 0x7fc491f98050>,44,17,[5 1],45,119,136,74,118
1,<environment.Job instance at 0x7fc492325550>,47,12,[7 2],48,147,159,99,130
1,<environment.Job instance at 0x7fc44e634e10>,52,17,[9 4],53,159,176,106,147
1,<environment.Job instance at 0x7fc44e634960>,55,16,[9 4],56,176,192,120,163
1,<environment.Job instance at 0x7fc44e402690>,64,16,[4 5],65,192,208,127,179
1,<environment.Job instance at 0x7fc44e87f780>,70,12,[1 7],71,208,220,137,191
1,<environment.Job instance at 0x7fc492274d70>,76,13,[4 7],77,220,233,143,204
1,<environment.Job instance at 0x7fc4924c8870>,0,16,[ 3 10],1,1,17,0,1
1,<environment.Job instance at 0x7fc4924c87d0>,3,13,[5 5],4,17,30,13,4
1,<environment.Job instance at 0x7fc49495ff50>,10,2,[3 9],11,30,32,19,12
1,<environment.Job instance at 0x7fc49495fd20>,11,2,[7 1],12,30,32,18,12
1,<environment.Job instance at 0x7fc49495fa00>,14,13,[5 3],15,17,30,2,15
1,<environment.Job instance at 0x7fc49495f230>,15,12,[8 5],16,32,44,16,16
1,<environment.Job instance at 0x7fc49495feb0>,16,14,[6 4],17,44,58,27,29
1,<environment.Job instance at 0x7fc491e30dc0>,30,14,[ 2 10],31,58,72,27,43
1,<environment.Job instance at 0x7fc491e17140>,34,16,[5 5],35,72,88,37,59
1,<environment.Job instance at 0x7fc491e172d0>,38,18,[1 5],39,72,90,33,62
1,<environment.Job instance at 0x7fc491e175a0>,39,18,[9 5],40,88,106,48,77
1,<environment.Job instance at 0x7fc491e17af0>,44,16,[2 7],45,106,122,61,93
1,<environment.Job instance at 0x7fc491e17be0>,48,16,[8 3],49,106,122,57,98
1,<environment.Job instance at 0x7fc491e3f0a0>,55,18,[5 5],56,122,140,66,122
1,<environment.Job instance at 0x7fc491e3faa0>,65,12,[7 1],66,140,152,74,138
1,<environment.Job instance at 0x7fc491e3fb40>,66,18,[8 3],67,152,170,85,141
1,<environment.Job instance at 0x7fc491e3d050>,78,16,[9 4],79,210,226,131,210
1,<environment.Job instance at 0x7fc492489500>,0,16,[ 2 10],1,1,17,0,1
1,<environment.Job instance at 0x7fc49495f140>,3,2,[3 5],4,17,19,13,4
1,<environment.Job instance at 0x7fc49495fe60>,4,14,[6 4],5,17,31,12,5
1,<environment.Job instance at 0x7fc49495ff00>,7,2,[6 3],8,31,33,23,8
1,<environment.Job instance at 0x7fc492049b90>,12,1,[6 3],13,33,34,20,13
1,<environment.Job instance at 0x7fc44e801370>,29,3,[8 2],30,44,47,14,44
1,<environment.Job instance at 0x7fc44e877280>,39,18,[6 1],40,87,105,47,87
1,<environment.Job instance at 0x7fc44e351c30>,47,16,[1 7],48,114,130,66,114
1,<environment.Job instance at 0x7fc44e2c8d20>,50,15,[4 7],51,130,145,79,122
1,<environment.Job instance at 0x7fc491f94640>,53,16,[9 4],54,145,161,91,136
1,<environment.Job instance at 0x7fc491fc1910>,58,13,[2 5],59,161,174,102,145
1,<environment.Job instance at 0x7fc49474cfa0>,64,17,[8 1],65,161,178,96,151
1,<environment.Job instance at 0x7fc491e3d370>,2,15,[5 9],3,178,193,175,170
1,<environment.Job instance at 0x7fc492007410>,74,15,[4 8],75,193,208,118,192
1,<environment.Job instance at 0x7fc492007e10>,77,15,[7 4],78,208,223,130,194
1,<environment.Job instance at 0x7fc4920074b0>,75,1,[ 2 10],76,223,224,147,197
1,<environment.Job instance at 0x7fc4921ecc30>,83,12,[3 8],84,224,236,140,210
1,<environment.Job instance at 0x7fc491f13aa0>,1,1,[8 4],2,2,3,0,2
1,<environment.Job instance at 0x7fc491ee7af0>,2,1,[2 5],3,3,4,0,3
1,<environment.Job instance at 0x7fc494676fa0>,3,2,[ 4 10],4,4,6,0,4
1,<environment.Job instance at 0x7fc49494f8c0>,6,1,[2 6],7,7,8,0,7
1,<environment.Job instance at 0x7fc49949ae60>,7,15,[5 8],8,8,23,0,8
1,<environment.Job instance at 0x7fc44e955a00>,13,14,[ 5 10],14,23,37,9,14
1,<environment.Job instance at 0x7fc44e93b140>,16,17,[3 5],17,37,54,20,25
1,<environment.Job instance at 0x7fc44e35dcd0>,24,13,[ 5 10],25,54,67,29,38
1,<environment.Job instance at 0x7fc491f00730>,25,15,[8 1],26,67,82,41,53
1,<environment.Job instance at 0x7fc44e9551e0>,10,1,[ 2 10],11,82,83,71,54
1,<environment.Job instance at 0x7fc49484d6e0>,31,15,[5 4],32,83,98,51,70
1,<environment.Job instance at 0x7fc491f6e960>,34,17,[2 5],35,83,100,48,72
1,<environment.Job instance at 0x7fc494671aa0>,43,12,[10  1],44,103,115,59,103
1,<environment.Job instance at 0x7fc494671e10>,44,17,[1 9],45,115,132,70,105
1,<environment.Job instance at 0x7fc44e6c9730>,46,18,[8 1],47,115,133,68,110
1,<environment.Job instance at 0x7fc492480b90>,57,12,[2 8],58,132,144,74,132
1,<environment.Job instance at 0x7fc492480a00>,58,18,[5 3],59,144,162,85,133
1,<environment.Job instance at 0x7fc492480320>,60,13,[2 6],61,144,157,83,144
1,<environment.Job instance at 0x7fc44e716dc0>,62,15,[8 4],63,162,177,99,153
1,<environment.Job instance at 0x7fc4921ac870>,66,17,[2 5],67,170,187,103,170
1,<environment.Job instance at 0x7fc4921acc80>,69,13,[6 4],70,177,190,107,170
1,<environment.Job instance at 0x7fc49463f500>,72,2,[3 6],73,187,189,114,183
1,<environment.Job instance at 0x7fc494632820>,74,12,[9 1],75,190,202,115,183
1,<environment.Job instance at 0x7fc494632190>,75,15,[3 9],76,202,217,126,189
1,<environment.Job instance at 0x7fc494632d20>,79,18,[7 5],80,217,235,137,206
1,<environment.Job instance at 0x7fc49949a320>,0,15,[5 5],1,1,16,0,1
1,<environment.Job instance at 0x7fc44e94e6e0>,2,12,[ 1 10],3,16,28,13,3
1,<environment.Job instance at 0x7fc44e282be0>,18,2,[6 3],19,31,33,12,31
1,<environment.Job instance at 0x7fc44e282d70>,21,16,[3 9],22,33,49,11,31
1,<environment.Job instance at 0x7fc44e285050>,26,18,[6 4],27,49,67,22,41
1,<environment.Job instance at 0x7fc44e2850f0>,25,17,[10  3],26,67,84,41,57
1,<environment.Job instance at 0x7fc44e285c30>,36,12,[8 4],37,84,96,47,67
1,<environment.Job instance at 0x7fc44e285460>,41,15,[8 4],42,96,111,54,95
1,<environment.Job instance at 0x7fc44e285f00>,43,16,[2 6],44,95,111,51,95
1,<environment.Job instance at 0x7fc44e285be0>,44,2,[6 1],45,111,113,66,95
1,<environment.Job instance at 0x7fc44e268190>,45,17,[5 3],46,113,130,67,101
1,<environment.Job instance at 0x7fc44e268730>,54,13,[2 8],55,130,143,75,116
1,<environment.Job instance at 0x7fc44e2686e0>,57,12,[1 6],58,143,155,85,134
1,<environment.Job instance at 0x7fc44e268c80>,59,17,[5 7],60,155,172,95,143
1,<environment.Job instance at 0x7fc44e268f50>,62,18,[7 4],63,172,190,109,161
1,<environment.Job instance at 0x7fc44e26c3c0>,72,14,[ 2 10],73,190,204,117,175
1,<environment.Job instance at 0x7fc44e26c410>,73,16,[3 8],74,204,220,130,191
1,<environment.Job instance at 0x7fc44e26c910>,78,16,[3 8],79,220,236,141,208
1,<environment.Job instance at 0x7fc44e26ca50>,2,16,[5 4],3,8,24,5,8
1,<environment.Job instance at 0x7fc44e2834b0>,5,27,[4 5],6,8,35,2,8
1,<environment.Job instance at 0x7fc4921ace10>,19,18,[6 2],20,24,42,4,21
1,<environment.Job instance at 0x7fc4921acc80>,21,1,[2 5],22,35,36,13,22
1,<environment.Job instance at 0x7fc49472a730>,22,13,[ 3 10],23,42,55,19,26
1,<environment.Job instance at 0x7fc49472a2d0>,25,14,[5 7],26,55,69,29,40
1,<environment.Job instance at 0x7fc44e68a050>,35,16,[4 9],36,69,85,33,56
1,<environment.Job instance at 0x7fc44e68a4b0>,40,17,[ 5 10],41,85,102,44,84
1,<environment.Job instance at 0x7fc494b6f9b0>,47,3,[1 6],48,102,105,54,86
1,<environment.Job instance at 0x7fc44e624a00>,52,18,[3 7],53,105,123,52,98
1,<environment.Job instance at 0x7fc4922e7aa0>,57,15,[3 6],58,123,138,65,109
1,<environment.Job instance at 0x7fc492585f50>,64,13,[3 6],65,138,151,73,126
1,<environment.Job instance at 0x7fc4947d0050>,68,16,[10  3],69,156,172,87,156
1,<environment.Job instance at 0x7fc49241e550>,77,16,[5 4],78,172,188,94,159
1,<environment.Job instance at 0x7fc49241e640>,78,17,[6 5],79,188,205,109,177
1,<environment.Job instance at 0x7fc44e23faa0>,90,15,[1 8],91,205,220,114,191
1,<environment.Job instance at 0x7fc44e23fe60>,91,16,[5 5],92,220,236,128,207
1,<environment.Job instance at 0x7fc4921c9640>,0,13,[10  1],1,1,14,0,1
1,<environment.Job instance at 0x7fc44e23fb40>,3,18,[4 5],4,14,32,10,4
1,<environment.Job instance at 0x7fc494bb8230>,5,15,[1 5],6,14,29,8,6
1,<environment.Job instance at 0x7fc44e738460>,13,3,[2 7],14,32,35,18,17
1,<environment.Job instance at 0x7fc44e7382d0>,10,2,[8 2],11,32,34,21,23
1,<environment.Job instance at 0x7fc44e738a00>,17,15,[10  4],18,35,50,17,23
1,<environment.Job instance at 0x7fc491e0e460>,25,13,[5 4],26,50,63,24,34
1,<environment.Job instance at 0x7fc44e920640>,32,22,[8 1],33,70,92,37,70
1,<environment.Job instance at 0x7fc44e9ef8c0>,38,16,[9 1],39,92,108,53,83
1,<environment.Job instance at 0x7fc494b01dc0>,49,14,[2 8],50,138,152,88,138
1,<environment.Job instance at 0x7fc49232de60>,54,17,[10  5],55,164,181,109,164
1,<environment.Job instance at 0x7fc44e7f4690>,62,18,[9 1],63,181,199,118,171
1,<environment.Job instance at 0x7fc44e7f4730>,66,13,[1 6],67,181,194,114,180
1,<environment.Job instance at 0x7fc44e7f4140>,70,12,[4 6],71,199,211,128,183
1,<environment.Job instance at 0x7fc44e955d70>,78,15,[3 8],79,211,226,132,200
1,<environment.Job instance at 0x7fc44e23f370>,1,17,[5 8],2,2,19,0,2
1,<environment.Job instance at 0x7fc49472a6e0>,11,1,[ 3 10],12,19,20,7,19
1,<environment.Job instance at 0x7fc44e9684b0>,13,14,[ 4 10],14,23,37,9,23
1,<environment.Job instance at 0x7fc4946ae140>,15,14,[5 4],16,37,51,21,26
1,<environment.Job instance at 0x7fc494a6e5a0>,18,3,[9 5],19,51,54,32,35
1,<environment.Job instance at 0x7fc494a6ea00>,19,3,[5 4],20,37,40,17,35
1,<environment.Job instance at 0x7fc4948716e0>,20,2,[3 5],21,40,42,19,37
1,<environment.Job instance at 0x7fc49466f190>,23,1,[3 7],24,54,55,30,37
1,<environment.Job instance at 0x7fc491eb8730>,24,3,[8 5],25,55,58,30,37
1,<environment.Job instance at 0x7fc44e5a5e60>,27,18,[6 1],28,58,76,30,47
1,<environment.Job instance at 0x7fc44e5a5d20>,28,14,[5 4],29,76,90,47,61
1,<environment.Job instance at 0x7fc44e589820>,29,15,[6 4],30,90,105,60,76
1,<environment.Job instance at 0x7fc44e58e190>,39,3,[4 5],40,89,92,49,89
1,<environment.Job instance at 0x7fc44e58e410>,40,2,[1 5],41,92,94,51,90
1,<environment.Job instance at 0x7fc49252f280>,42,18,[6 5],43,105,123,62,95
1,<environment.Job instance at 0x7fc44e58bc30>,46,16,[4 8],47,123,139,76,114
1,<environment.Job instance at 0x7fc492537cd0>,48,15,[1 6],49,139,154,90,125
1,<environment.Job instance at 0x7fc492299c30>,54,17,[1 6],55,154,171,99,142
1,<environment.Job instance at 0x7fc4947d0870>,9,13,[10  4],10,171,184,161,155
1,<environment.Job instance at 0x7fc44e30b050>,56,17,[4 6],57,184,201,127,173
1,<environment.Job instance at 0x7fc44e8dbcd0>,66,12,[3 5],67,201,213,134,185
1,<environment.Job instance at 0x7fc44e8615a0>,78,18,[10  4],79,213,231,134,205
1,<environment.Job instance at 0x7fc44e5a5a50>,0,13,[8 3],1,1,14,0,1
1,<environment.Job instance at 0x7fc44e79e6e0>,17,3,[2 7],18,26,29,8,26
1,<environment.Job instance at 0x7fc44e79e3c0>,20,18,[3 5],21,29,47,8,27
1,<environment.Job instance at 0x7fc44e8bb1e0>,23,14,[6 2],24,28,42,4,28
1,<environment.Job instance at 0x7fc494c5a820>,13,2,[6 2],14,42,44,28,28
1,<environment.Job instance at 0x7fc494ae6780>,27,1,[4 7],28,47,48,19,29
1,<environment.Job instance at 0x7fc44e424690>,28,12,[6 4],29,48,60,19,31
1,<environment.Job instance at 0x7fc44e142f00>,31,13,[3 5],32,48,61,16,32
1,<environment.Job instance at 0x7fc44e967af0>,32,18,[4 8],33,61,79,28,50
1,<environment.Job instance at 0x7fc44e142460>,33,15,[ 2 10],34,79,94,45,65
1,<environment.Job instance at 0x7fc494a3c6e0>,48,3,[6 2],49,66,69,17,66
1,<environment.Job instance at 0x7fc494a3c3c0>,53,14,[ 5 10],54,94,108,40,80
1,<environment.Job instance at 0x7fc44e967280>,35,3,[3 9],36,108,111,72,96
1,<environment.Job instance at 0x7fc44e43b190>,56,16,[3 8],57,111,127,54,98
1,<environment.Job instance at 0x7fc44e2fed20>,57,3,[6 5],58,127,130,69,107
1,<environment.Job instance at 0x7fc44e967e60>,38,12,[10  4],39,130,142,91,115
1,<environment.Job instance at 0x7fc491e62be0>,65,3,[ 1 10],66,142,145,76,116
1,<environment.Job instance at 0x7fc491e62280>,64,12,[7 1],65,145,157,80,133
1,<environment.Job instance at 0x7fc49484bd20>,71,17,[9 4],72,157,174,85,146
1,<environment.Job instance at 0x7fc44e800f50>,79,17,[5 6],80,174,191,94,162
1,<environment.Job instance at 0x7fc494a6ec80>,86,15,[4 6],87,191,206,104,177
1,<environment.Job instance at 0x7fc44e7ade60>,92,15,[6 2],93,194,209,101,194
1,<environment.Job instance at 0x7fc4924e5e10>,76,17,[4 8],77,206,223,129,196
1,<environment.Job instance at 0x7fc49217f190>,0,2,[8 1],1,1,3,0,1
1,<environment.Job instance at 0x7fc44e90af50>,2,14,[5 2],3,3,17,0,3
1,<environment.Job instance at 0x7fc44e2504b0>,5,3,[8 5],6,17,20,11,6
1,<environment.Job instance at 0x7fc44e2507d0>,14,12,[7 5],15,23,35,8,23
1,<environment.Job instance at 0x7fc44e88d870>,17,16,[8 4],18,35,51,17,35
1,<environment.Job instance at 0x7fc44e126a00>,21,3,[1 5],22,35,38,13,35
1,<environment.Job instance at 0x7fc44e126410>,23,12,[8 2],24,51,63,27,35
1,<environment.Job instance at 0x7fc44e874e60>,35,15,[9 1],36,69,84,33,69
1,<environment.Job instance at 0x7fc44e874aa0>,37,16,[8 4],38,84,100,46,75
1,<environment.Job instance at 0x7fc44e8748c0>,47,14,[4 7],48,100,114,52,91
1,<environment.Job instance at 0x7fc44e874f00>,40,15,[1 8],41,115,130,74,115
1,<environment.Job instance at 0x7fc44e063af0>,60,3,[ 2 10],61,133,136,72,133
1,<environment.Job instance at 0x7fc44e063280>,62,14,[6 2],63,136,150,73,135
1,<environment.Job instance at 0x7fc44e0630a0>,63,13,[6 5],64,150,163,86,135
1,<environment.Job instance at 0x7fc44e0639b0>,67,18,[ 1 10],68,163,181,95,153
1,<environment.Job instance at 0x7fc44e038320>,71,3,[4 5],72,153,156,81,153
1,<environment.Job instance at 0x7fc44e038be0>,77,17,[5 6],78,181,198,103,174
1,<environment.Job instance at 0x7fc44e0380f0>,79,17,[5 2],80,181,198,101,175
1,<environment.Job instance at 0x7fc44e038e60>,81,17,[9 3],82,198,215,116,190
1,<environment.Job instance at 0x7fc44e038690>,86,17,[8 4],87,215,232,128,203
1,<environment.Job instance at 0x7fc491fafaa0>,0,3,[7 3],1,1,4,0,1
1,<environment.Job instance at 0x7fc44e787f50>,18,3,[4 5],19,33,36,14,33
1,<environment.Job instance at 0x7fc44e787320>,20,13,[3 7],21,57,70,36,57
1,<environment.Job instance at 0x7fc44e46b870>,23,2,[4 9],24,70,72,46,57
1,<environment.Job instance at 0x7fc44e787370>,17,28,[7 2],18,72,100,54,71
1,<environment.Job instance at 0x7fc4922dfa50>,31,13,[7 4],32,100,113,68,84
1,<environment.Job instance at 0x7fc44e476370>,40,15,[2 8],41,113,128,72,113
1,<environment.Job instance at 0x7fc44e46be10>,25,17,[9 3],26,128,145,102,116
1,<environment.Job instance at 0x7fc44e4a5230>,52,15,[10  3],53,151,166,98,151
1,<environment.Job instance at 0x7fc492514820>,71,13,[1 7],72,208,221,136,208
1,<environment.Job instance at 0x7fc4923d41e0>,0,13,[6 3],1,1,14,0,1
1,<environment.Job instance at 0x7fc49240daa0>,3,14,[6 4],4,14,28,10,4
1,<environment.Job instance at 0x7fc494904460>,9,14,[2 5],10,10,24,0,10
1,<environment.Job instance at 0x7fc4920df690>,10,12,[4 5],11,24,36,13,11
1,<environment.Job instance at 0x7fc4949049b0>,11,16,[1 5],12,28,44,16,15
1,<environment.Job instance at 0x7fc491f48fa0>,26,3,[8 4],27,43,46,16,43
1,<environment.Job instance at 0x7fc4947ff5f0>,27,16,[1 7],28,46,62,18,43
1,<environment.Job instance at 0x7fc44e7b20f0>,36,18,[1 8],37,76,94,39,76
1,<environment.Job instance at 0x7fc44e925050>,18,16,[6 5],19,123,139,104,123
1,<environment.Job instance at 0x7fc44e36a230>,48,18,[6 4],49,139,157,90,128
1,<environment.Job instance at 0x7fc44e3d8410>,52,15,[9 5],53,157,172,104,156
1,<environment.Job instance at 0x7fc494b7c500>,59,13,[9 3],60,172,185,112,164
1,<environment.Job instance at 0x7fc494b7c6e0>,62,16,[8 1],63,185,201,122,173
1,<environment.Job instance at 0x7fc44e20baa0>,66,16,[2 7],67,185,201,118,175
1,<environment.Job instance at 0x7fc44e20b230>,70,17,[5 8],71,201,218,130,189
1,<environment.Job instance at 0x7fc44e1c5f50>,32,14,[10  5],33,218,232,185,203
1,<environment.Job instance at 0x7fc44e71ed70>,76,17,[5 1],77,232,249,155,221
1,<environment.Job instance at 0x7fc49218c820>,0,2,[9 2],1,1,3,0,1
1,<environment.Job instance at 0x7fc494982e10>,1,16,[1 7],2,2,18,0,2
1,<environment.Job instance at 0x7fc4949111e0>,3,3,[5 2],4,4,7,0,4
1,<environment.Job instance at 0x7fc491ee4780>,4,12,[ 1 10],5,18,30,13,5
1,<environment.Job instance at 0x7fc491ee4fa0>,9,16,[8 4],10,30,46,20,17
1,<environment.Job instance at 0x7fc44e0f8820>,21,12,[7 5],22,46,58,24,29
1,<environment.Job instance at 0x7fc44e0f8690>,25,15,[8 3],26,58,73,32,44
1,<environment.Job instance at 0x7fc44e3a4780>,32,12,[9 4],33,73,85,40,60
1,<environment.Job instance at 0x7fc44e3a4d70>,38,13,[7 2],39,85,98,46,75
1,<environment.Job instance at 0x7fc44e3a4500>,41,12,[4 6],42,98,110,56,83
1,<environment.Job instance at 0x7fc44e3a45f0>,34,2,[ 4 10],35,110,112,75,101
1,<environment.Job instance at 0x7fc44e3a47d0>,51,17,[7 1],52,112,129,60,101
1,<environment.Job instance at 0x7fc492419460>,52,2,[9 5],53,129,131,76,102
1,<environment.Job instance at 0x7fc492419a00>,54,18,[ 2 10],55,131,149,76,121
1,<environment.Job instance at 0x7fc4924198c0>,57,2,[ 3 10],58,149,151,91,126
1,<environment.Job instance at 0x7fc4924190a0>,60,2,[4 7],61,151,153,90,126
1,<environment.Job instance at 0x7fc492419320>,61,17,[8 4],62,153,170,91,141
1,<environment.Job instance at 0x7fc44e13d550>,64,14,[ 4 10],65,170,184,105,155
1,<environment.Job instance at 0x7fc44e3a4910>,47,18,[3 7],48,184,202,136,173
1,<environment.Job instance at 0x7fc44e13d5f0>,80,17,[1 7],81,202,219,121,202
1,<environment.Job instance at 0x7fc44e13d9b0>,81,13,[8 2],82,202,215,120,202
1,<environment.Job instance at 0x7fc4949827d0>,0,1,[9 5],1,1,2,0,1
1,<environment.Job instance at 0x7fc494982280>,1,18,[5 6],2,2,20,0,2
1,<environment.Job instance at 0x7fc494663dc0>,6,15,[1 6],7,20,35,13,7
1,<environment.Job instance at 0x7fc44e5d3190>,12,16,[3 7],13,35,51,22,27
1,<environment.Job instance at 0x7fc44e5d3f00>,16,14,[7 3],17,27,41,10,27
1,<environment.Job instance at 0x7fc49211f730>,21,14,[1 8],22,51,65,29,37
1,<environment.Job instance at 0x7fc494663410>,8,3,[7 1],9,47,50,38,47
1,<environment.Job instance at 0x7fc49211fb40>,30,15,[8 4],31,65,80,34,51
1,<environment.Job instance at 0x7fc49211fe10>,31,18,[7 3],32,80,98,48,69
1,<environment.Job instance at 0x7fc44e20bcd0>,39,12,[4 6],40,98,110,58,81
1,<environment.Job instance at 0x7fc49211fcd0>,32,17,[1 7],33,81,98,48,81
1,<environment.Job instance at 0x7fc44e20b280>,40,17,[5 2],41,98,115,57,86
1,<environment.Job instance at 0x7fc44e20bfa0>,46,12,[2 8],47,110,122,63,93
1,<environment.Job instance at 0x7fc491fcd280>,50,15,[6 1],51,115,130,64,101
1,<environment.Job instance at 0x7fc491fe9be0>,59,13,[2 6],60,122,135,62,106
1,<environment.Job instance at 0x7fc491fe90a0>,63,19,[7 1],64,134,153,70,134
1,<environment.Job instance at 0x7fc491fe9aa0>,66,2,[9 2],67,153,155,86,136
1,<environment.Job instance at 0x7fc491fd8640>,81,15,[9 3],82,158,173,76,158
1,<environment.Job instance at 0x7fc491fd8140>,82,17,[4 9],83,173,190,90,162
1,<environment.Job instance at 0x7ff282cc80f0>,2,12,[5 4],3,3,15,0,3
1,<environment.Job instance at 0x7ff27b8b82d0>,3,18,[ 3 10],4,15,33,11,4
1,<environment.Job instance at 0x7ff27b8b8870>,12,3,[6 3],13,33,36,20,31
1,<environment.Job instance at 0x7ff27b8b8b40>,16,12,[1 8],17,36,48,19,34
1,<environment.Job instance at 0x7ff27b8b8c80>,18,16,[8 5],19,48,64,29,40
1,<environment.Job instance at 0x7ff27b8ba5f0>,31,17,[4 9],32,64,81,32,64
1,<environment.Job instance at 0x7ff27b8bac30>,35,16,[8 1],36,81,97,45,68
1,<environment.Job instance at 0x7ff27b8ba3c0>,29,13,[1 6],30,81,94,51,72
1,<environment.Job instance at 0x7ff27b8bf370>,42,14,[8 4],43,97,111,54,83
1,<environment.Job instance at 0x7ff27b8c0050>,54,14,[1 7],55,111,125,56,108
1,<environment.Job instance at 0x7ff27b8c00f0>,55,17,[4 7],56,125,142,69,114
1,<environment.Job instance at 0x7ff27b8c01e0>,64,12,[6 1],65,138,150,73,138
1,<environment.Job instance at 0x7ff27b8c0a50>,65,13,[3 5],66,142,155,76,139
1,<environment.Job instance at 0x7ff27b8c2190>,74,1,[6 2],75,165,166,90,165
1,<environment.Job instance at 0x7ff27b8c20f0>,75,3,[6 4],76,166,169,90,166
1,<environment.Job instance at 0x7ff27b8c2500>,76,13,[1 5],77,167,180,90,167
1,<environment.Job instance at 0x7ff27b8c2730>,77,15,[4 7],78,180,195,102,176
1,<environment.Job instance at 0x7ff27b8c2d20>,83,3,[9 2],84,201,204,117,201
1,<environment.Job instance at 0x7ff27b8c2dc0>,84,12,[3 5],85,204,216,119,201
1,<environment.Job instance at 0x7ff27b8c0dc0>,0,2,[5 6],1,1,3,0,1
1,<environment.Job instance at 0x7ff282cf1460>,7,3,[1 8],8,9,12,1,9
1,<environment.Job instance at 0x7ff282cf1640>,8,16,[7 1],9,18,34,9,18
1,<environment.Job instance at 0x7ff282cf1870>,12,3,[8 5],13,34,37,21,20
1,<environment.Job instance at 0x7ff282e3c410>,20,17,[3 8],21,38,55,17,38
1,<environment.Job instance at 0x7ff282e3caa0>,22,2,[4 9],23,55,57,32,38
1,<environment.Job instance at 0x7ff282e3cc30>,23,16,[6 4],24,57,73,33,44
1,<environment.Job instance at 0x7ff282e3c730>,25,15,[6 2],26,73,88,47,59
1,<environment.Job instance at 0x7ff282e39dc0>,26,15,[6 2],27,88,103,61,74
1,<environment.Job instance at 0x7ff282e2fa50>,35,14,[3 8],36,77,91,41,77
1,<environment.Job instance at 0x7ff282e2ff50>,37,17,[3 8],38,91,108,53,82
1,<environment.Job instance at 0x7ff241570500>,38,16,[3 9],39,108,124,69,98
1,<environment.Job instance at 0x7ff282e30d20>,41,3,[1 5],42,124,127,82,104
1,<environment.Job instance at 0x7ff282e309b0>,47,18,[5 2],48,124,142,76,113
1,<environment.Job instance at 0x7ff282e35b90>,49,16,[3 5],50,127,143,77,115
1,<environment.Job instance at 0x7ff282e35460>,58,14,[4 7],59,143,157,84,141
1,<environment.Job instance at 0x7ff282e30cd0>,48,18,[4 6],49,158,176,109,158
1,<environment.Job instance at 0x7ff282cc79b0>,65,17,[10  5],66,176,193,110,164
1,<environment.Job instance at 0x7ff282e438c0>,70,18,[5 1],71,193,211,122,182
1,<environment.Job instance at 0x7ff282e43e60>,74,17,[10  5],75,211,228,136,199
1,<environment.Job instance at 0x7ff282e3d550>,82,14,[9 2],83,228,242,145,213
1,<environment.Job instance at 0x7ff282e43050>,1,16,[7 4],2,2,18,0,2
1,<environment.Job instance at 0x7ff237bbf410>,10,18,[8 5],11,18,36,7,11
1,<environment.Job instance at 0x7ff237bbf550>,12,13,[2 5],13,23,36,10,23
1,<environment.Job instance at 0x7ff237bb86e0>,19,12,[1 8],20,36,48,16,29
1,<environment.Job instance at 0x7ff237bbf5a0>,9,1,[8 3],10,58,59,48,58
1,<environment.Job instance at 0x7ff237bbab40>,27,14,[3 5],28,68,82,40,68
1,<environment.Job instance at 0x7ff237bbaaf0>,33,18,[7 5],34,90,108,56,90
1,<environment.Job instance at 0x7ff237bb44b0>,37,14,[4 7],38,108,122,70,100
1,<environment.Job instance at 0x7ff237bb4cd0>,41,16,[6 2],42,108,124,66,105
1,<environment.Job instance at 0x7ff237bacb90>,46,13,[3 6],47,122,135,75,107
1,<environment.Job instance at 0x7ff237bacf00>,53,18,[9 2],54,135,153,81,133
1,<environment.Job instance at 0x7ff237b82410>,58,15,[2 5],59,153,168,94,151
1,<environment.Job instance at 0x7ff237b82fa0>,59,15,[7 4],60,153,168,93,151
1,<environment.Job instance at 0x7ff237b82550>,60,17,[4 5],61,168,185,107,156
1,<environment.Job instance at 0x7ff237b9e730>,65,18,[9 5],66,185,203,119,174
1,<environment.Job instance at 0x7ff237b9ef50>,67,17,[7 5],68,203,220,135,191
1,<environment.Job instance at 0x7ff237c12730>,79,17,[4 8],80,220,237,140,211
1,<environment.Job instance at 0x7ff237c12780>,80,14,[ 3 10],81,237,251,156,222
1,<environment.Job instance at 0x7ff237cbf780>,0,1,[5 1],1,1,2,0,1
1,<environment.Job instance at 0x7ff237cbf730>,2,2,[1 5],3,3,5,0,3
1,<environment.Job instance at 0x7ff237cb3690>,3,12,[8 5],4,4,16,0,4
1,<environment.Job instance at 0x7ff237f7c410>,5,12,[2 5],6,6,18,0,6
1,<environment.Job instance at 0x7ff238096730>,8,3,[4 7],9,18,21,9,10
1,<environment.Job instance at 0x7ff238053cd0>,16,15,[4 9],17,22,37,5,22
1,<environment.Job instance at 0x7ff238053fa0>,18,14,[3 6],19,37,51,18,25
1,<environment.Job instance at 0x7ff238053910>,19,3,[9 2],20,51,54,31,25
1,<environment.Job instance at 0x7ff238053b40>,22,2,[6 4],23,37,39,14,32
1,<environment.Job instance at 0x7ff238027820>,28,12,[8 2],29,54,66,25,45
1,<environment.Job instance at 0x7ff238027320>,30,12,[1 5],31,51,63,20,48
1,<environment.Job instance at 0x7ff238027780>,32,17,[9 1],33,66,83,33,54
1,<environment.Job instance at 0x7ff2380bb280>,15,20,[3 8],16,83,103,67,76
1,<environment.Job instance at 0x7ff238090d20>,42,17,[4 6],43,103,120,60,91
1,<environment.Job instance at 0x7ff237f7fc80>,52,13,[8 1],53,133,146,80,133
1,<environment.Job instance at 0x7ff237f7faa0>,53,16,[3 5],54,146,162,92,133
1,<environment.Job instance at 0x7ff237f7f6e0>,57,14,[10  3],58,162,176,104,150
1,<environment.Job instance at 0x7ff238000690>,65,16,[10  5],66,176,192,110,173
1,<environment.Job instance at 0x7ff238000640>,70,17,[9 4],71,193,210,122,193
1,<environment.Job instance at 0x7ff238000eb0>,76,13,[7 1],77,210,223,133,204
1,<environment.Job instance at 0x7ff2380721e0>,77,16,[2 6],78,210,226,132,205
1,<environment.Job instance at 0x7ff238072f00>,81,2,[5 6],82,226,228,144,206
1,<environment.Job instance at 0x7ff238072c30>,82,2,[3 5],83,228,230,145,206
1,<environment.Job instance at 0x7ff2380720a0>,83,17,[1 8],84,230,247,146,218
1,<environment.Job instance at 0x7ff2380058c0>,2,3,[1 7],3,3,6,0,3
1,<environment.Job instance at 0x7ff237f7cb90>,3,3,[9 4],4,6,9,2,4
1,<environment.Job instance at 0x7ff237c9c190>,8,1,[2 5],9,9,10,0,9
1,<environment.Job instance at 0x7ff27b9225f0>,9,3,[4 8],10,10,13,0,10
1,<environment.Job instance at 0x7ff27b922410>,10,14,[ 4 10],11,13,27,2,11
1,<environment.Job instance at 0x7ff27b9221e0>,12,17,[2 5],13,27,44,14,15
1,<environment.Job instance at 0x7ff27b91cf00>,16,18,[8 2],17,27,45,10,17
1,<environment.Job instance at 0x7ff27bd18d20>,23,15,[6 5],24,45,60,21,31
1,<environment.Job instance at 0x7ff237ac01e0>,30,3,[7 3],31,60,63,29,49
1,<environment.Job instance at 0x7ff237ac0460>,31,17,[5 7],32,63,80,31,51
1,<environment.Job instance at 0x7ff237ac05a0>,35,16,[4 5],36,80,96,44,67
1,<environment.Job instance at 0x7ff237ac09b0>,41,15,[3 5],42,80,95,38,80
1,<environment.Job instance at 0x7ff237ac0aa0>,44,15,[5 7],45,96,111,51,82
1,<environment.Job instance at 0x7ff237ac31e0>,51,14,[5 4],52,132,146,80,132
1,<environment.Job instance at 0x7ff237ac35a0>,59,12,[9 1],60,165,177,105,165
1,<environment.Job instance at 0x7ff237ac3640>,60,14,[8 4],61,177,191,116,165
1,<environment.Job instance at 0x7ff237ac3820>,64,12,[4 7],65,191,203,126,179
1,<environment.Job instance at 0x7ff237ac3af0>,66,14,[10  4],67,203,217,136,191
1,<environment.Job instance at 0x7ff237ac43c0>,76,16,[2 6],77,217,233,140,204
1,<environment.Job instance at 0x7ff237aca640>,0,18,[8 1],1,1,19,0,1
1,<environment.Job instance at 0x7ff27bec3780>,6,18,[9 4],7,19,37,12,8
1,<environment.Job instance at 0x7ff27b6e0fa0>,17,14,[2 5],18,37,51,19,22
1,<environment.Job instance at 0x7ff27b6e0d70>,18,16,[6 5],19,37,53,18,24
1,<environment.Job instance at 0x7ff27b6e0a50>,22,15,[2 5],23,51,66,28,37
1,<environment.Job instance at 0x7ff27bec3460>,13,17,[5 3],14,53,70,39,50
1,<environment.Job instance at 0x7ff27b6e4aa0>,38,17,[7 2],39,70,87,31,69
1,<environment.Job instance at 0x7ff27b6e4820>,39,16,[10  2],40,87,103,47,74
1,<environment.Job instance at 0x7ff27b6e4a50>,44,15,[7 3],45,103,118,58,91
1,<environment.Job instance at 0x7ff27b6f07d0>,50,17,[2 6],51,115,132,64,115
1,<environment.Job instance at 0x7ff27b6f0be0>,63,13,[7 5],64,132,145,68,117
1,<environment.Job instance at 0x7ff27b6feb40>,64,13,[1 8],65,145,158,80,135
1,<environment.Job instance at 0x7ff27b6fea00>,73,16,[8 5],74,158,174,84,148
1,<environment.Job instance at 0x7ff27b6fe0f0>,74,16,[9 4],75,174,190,99,161
1,<environment.Job instance at 0x7ff27b6fe6e0>,76,15,[10  4],77,190,205,113,177
1,<environment.Job instance at 0x7ff27bd72f50>,92,15,[6 2],93,205,220,112,197
1,<environment.Job instance at 0x7ff27c4e65f0>,1,2,[8 4],2,2,4,0,2
1,<environment.Job instance at 0x7ff27bd320f0>,2,2,[8 4],3,4,6,1,3
1,<environment.Job instance at 0x7ff27bc25730>,6,3,[8 3],7,7,10,0,7
1,<environment.Job instance at 0x7ff27c03b460>,9,1,[5 1],10,10,11,0,10
1,<environment.Job instance at 0x7ff27c03b730>,10,12,[1 7],11,11,23,0,11
1,<environment.Job instance at 0x7ff237d44140>,11,3,[6 4],12,23,26,11,12
1,<environment.Job instance at 0x7ff237c50fa0>,13,15,[5 5],14,26,41,12,14
1,<environment.Job instance at 0x7ff27bf08690>,23,15,[4 9],24,44,59,20,44
1,<environment.Job instance at 0x7ff27bf082d0>,26,18,[6 3],27,59,77,32,48
1,<environment.Job instance at 0x7ff27b7e2370>,16,13,[4 7],17,59,72,42,55
1,<environment.Job instance at 0x7ff27bb1c730>,32,15,[4 8],33,77,92,44,63
1,<environment.Job instance at 0x7ff282be7870>,41,12,[5 5],42,92,104,50,79
1,<environment.Job instance at 0x7ff282be7910>,42,16,[3 8],43,104,120,61,91
1,<environment.Job instance at 0x7ff282be7640>,43,13,[7 4],44,120,133,76,104
1,<environment.Job instance at 0x7ff282bf3aa0>,51,16,[5 7],52,133,149,81,120
1,<environment.Job instance at 0x7ff27bdfbd20>,55,14,[4 6],56,149,163,93,134
1,<environment.Job instance at 0x7ff27b68a0a0>,66,14,[6 4],67,149,163,82,142
1,<environment.Job instance at 0x7ff282bf72d0>,68,17,[3 7],69,163,180,94,151
1,<environment.Job instance at 0x7ff27b68aaa0>,70,13,[5 3],71,163,176,92,151
1,<environment.Job instance at 0x7ff237ee44b0>,72,17,[6 4],73,180,197,107,168
1,<environment.Job instance at 0x7ff27babc500>,4,16,[4 5],5,180,196,175,172
1,<environment.Job instance at 0x7ff27c04a410>,78,12,[ 4 10],79,197,209,118,181
1,<environment.Job instance at 0x7ff27bf12320>,84,16,[5 5],85,209,225,124,197
1,<environment.Job instance at 0x7ff27bcd7500>,89,18,[9 5],90,225,243,135,214
1,<environment.Job instance at 0x7ff27bcd7690>,1,1,[6 5],2,2,3,0,2
1,<environment.Job instance at 0x7ff27c5e8b40>,8,16,[9 4],9,36,52,27,36
1,<environment.Job instance at 0x7ff237a35500>,19,18,[6 4],20,59,77,39,59
1,<environment.Job instance at 0x7ff237a35730>,22,14,[3 9],23,77,91,54,66
1,<environment.Job instance at 0x7ff237a355a0>,21,13,[6 3],22,91,104,69,76
1,<environment.Job instance at 0x7ff237a355f0>,24,14,[5 3],25,104,118,79,89
1,<environment.Job instance at 0x7ff237a35a50>,28,15,[7 3],29,118,133,89,104
1,<environment.Job instance at 0x7ff237a35eb0>,35,17,[3 6],36,122,139,86,122
1,<environment.Job instance at 0x7ff237a35f50>,37,13,[4 5],38,139,152,101,123
1,<environment.Job instance at 0x7ff237a385a0>,44,14,[6 4],45,143,157,98,143
1,<environment.Job instance at 0x7ff237a384b0>,45,18,[ 5 10],46,157,175,111,147
1,<environment.Job instance at 0x7ff237a38910>,49,12,[9 4],50,175,187,125,158
1,<environment.Job instance at 0x7ff237a38280>,41,2,[1 6],42,175,177,133,160
1,<environment.Job instance at 0x7ff237a3beb0>,76,12,[3 9],77,210,222,133,210
1,<environment.Job instance at 0x7ff27b6b4f50>,2,3,[1 8],3,3,6,0,3
1,<environment.Job instance at 0x7ff27b6b4f00>,3,12,[3 8],4,6,18,2,4
1,<environment.Job instance at 0x7ff27b98b9b0>,9,2,[5 1],10,10,12,0,10
1,<environment.Job instance at 0x7ff27c178280>,12,13,[9 1],13,18,31,5,13
1,<environment.Job instance at 0x7ff27bd8e5a0>,19,15,[2 6],20,38,53,18,38
1,<environment.Job instance at 0x7ff27b910cd0>,25,18,[7 5],26,74,92,48,74
1,<environment.Job instance at 0x7ff237b52960>,31,1,[8 4],32,92,93,60,77
1,<environment.Job instance at 0x7ff23820f4b0>,33,2,[ 4 10],34,93,95,59,77
1,<environment.Job instance at 0x7ff27bc48280>,35,3,[5 6],36,95,98,59,81
1,<environment.Job instance at 0x7ff27bc48320>,36,1,[2 6],37,92,93,55,81
1,<environment.Job instance at 0x7ff27bc480a0>,37,15,[5 8],38,98,113,60,84
1,<environment.Job instance at 0x7ff27bbfae60>,45,3,[9 2],46,113,116,67,109
1,<environment.Job instance at 0x7ff282bc3c30>,46,17,[3 5],47,116,133,69,109
1,<environment.Job instance at 0x7ff27b8900a0>,53,2,[5 1],54,130,132,76,130
1,<environment.Job instance at 0x7ff27c305410>,54,13,[ 5 10],55,133,146,78,130
1,<environment.Job instance at 0x7ff27be3e730>,55,15,[8 1],56,146,161,90,132
1,<environment.Job instance at 0x7ff27bb77aa0>,59,15,[6 2],60,161,176,101,150
1,<environment.Job instance at 0x7ff237f7a820>,66,15,[3 5],67,162,177,95,162
1,<environment.Job instance at 0x7ff27c1510a0>,69,14,[5 4],70,185,199,115,185
1,<environment.Job instance at 0x7ff27b8bfa00>,76,18,[8 1],77,199,217,122,197
1,<environment.Job instance at 0x7ff27b8d2870>,84,18,[5 5],85,217,235,132,213
1,<environment.Job instance at 0x7ff27b6b44b0>,0,12,[7 4],1,1,13,0,1
1,<environment.Job instance at 0x7ff2828c56e0>,1,1,[4 5],2,13,14,11,2
1,<environment.Job instance at 0x7ff27b8bfdc0>,3,15,[3 9],4,14,29,10,4
1,<environment.Job instance at 0x7ff27baf4d20>,12,14,[4 6],13,29,43,16,15
1,<environment.Job instance at 0x7ff237ecbaf0>,9,2,[5 8],10,43,45,33,25
1,<environment.Job instance at 0x7ff237cc0640>,22,12,[ 1 10],23,45,57,22,28
1,<environment.Job instance at 0x7ff27bdfb730>,36,14,[6 4],37,72,86,35,72
1,<environment.Job instance at 0x7ff27b718230>,38,2,[6 3],39,86,88,47,74
1,<environment.Job instance at 0x7ff27bfa39b0>,40,12,[5 6],41,88,100,47,76
1,<environment.Job instance at 0x7ff27bfa3050>,41,16,[3 9],42,100,116,58,87
1,<environment.Job instance at 0x7ff27bfa3910>,46,18,[6 4],47,116,134,69,105
1,<environment.Job instance at 0x7ff2380bb9b0>,52,14,[ 4 10],53,134,148,81,120
1,<environment.Job instance at 0x7ff2380bb820>,56,12,[8 4],57,148,160,91,131
1,<environment.Job instance at 0x7ff2380bba50>,57,16,[1 8],58,160,176,102,147
1,<environment.Job instance at 0x7ff27c343050>,66,12,[2 7],67,176,188,109,160
1,<environment.Job instance at 0x7ff237cf0550>,70,13,[4 6],71,188,201,117,183
1,<environment.Job instance at 0x7ff237f24eb0>,72,16,[9 2],73,201,217,128,188
1,<environment.Job instance at 0x7ff27b9be370>,82,18,[7 4],83,217,235,134,207
1,<environment.Job instance at 0x7ff27c3e2be0>,0,18,[6 4],1,1,19,0,1
1,<environment.Job instance at 0x7ff237b1b050>,5,16,[7 3],6,19,35,13,6
1,<environment.Job instance at 0x7ff27be8c690>,19,14,[5 1],20,35,49,15,22
1,<environment.Job instance at 0x7ff27b7a84b0>,22,14,[7 3],23,49,63,26,34
1,<environment.Job instance at 0x7ff27b7a8c80>,33,14,[ 4 10],34,63,77,29,61
1,<environment.Job instance at 0x7ff27b7a8dc0>,35,14,[5 7],36,77,91,41,69
1,<environment.Job instance at 0x7ff27b7a8370>,36,16,[9 2],37,91,107,54,79
1,<environment.Job instance at 0x7ff27b7ab140>,45,16,[4 9],46,107,123,61,94
1,<environment.Job instance at 0x7ff27b7a8be0>,38,21,[5 1],39,107,128,68,99
1,<environment.Job instance at 0x7ff27b7abb40>,52,18,[3 8],53,123,141,70,115
1,<environment.Job instance at 0x7ff27b7ab500>,58,12,[3 9],59,141,153,82,124
1,<environment.Job instance at 0x7ff27b7ad280>,63,12,[5 4],64,153,165,89,136
1,<environment.Job instance at 0x7ff27b7a87d0>,29,18,[6 2],30,165,183,135,157
1,<environment.Job instance at 0x7ff27b7ada50>,76,13,[8 1],77,183,196,106,168
1,<environment.Job instance at 0x7ff27b7add70>,80,3,[ 4 10],81,196,199,115,175
1,<environment.Job instance at 0x7ff27b7be2d0>,85,14,[7 2],86,199,213,113,199
1,<environment.Job instance at 0x7ff27b7be460>,87,16,[5 4],88,213,229,125,204
1,<environment.Job instance at 0x7ff27b7be5a0>,89,18,[5 1],90,213,231,123,209
1,<environment.Job instance at 0x7ff27c3e1c80>,2,2,[5 3],3,3,5,0,3
1,<environment.Job instance at 0x7ff27c05e9b0>,3,18,[4 5],4,4,22,0,4
1,<environment.Job instance at 0x7ff27c05edc0>,5,15,[1 5],6,6,21,0,6
1,<environment.Job instance at 0x7ff27c05ecd0>,8,13,[8 2],9,22,35,13,9
1,<environment.Job instance at 0x7ff27b66ebe0>,17,15,[10  4],18,35,50,17,21
1,<environment.Job instance at 0x7ff237a82b90>,25,13,[5 4],26,50,63,24,37
1,<environment.Job instance at 0x7ff237a82f50>,28,18,[ 5 10],29,63,81,34,53
1,<environment.Job instance at 0x7ff237a820a0>,38,16,[9 1],39,81,97,42,78
1,<environment.Job instance at 0x7ff237cf0780>,47,18,[1 9],48,94,112,46,94
1,<environment.Job instance at 0x7ff237cf06e0>,49,14,[2 8],50,114,128,64,114
1,<environment.Job instance at 0x7ff27c22e370>,52,18,[10  5],53,128,146,75,128
1,<environment.Job instance at 0x7ff27c22efa0>,57,15,[ 4 10],58,146,161,88,145
1,<environment.Job instance at 0x7ff27c22e690>,62,18,[9 1],63,161,179,98,152
1,<environment.Job instance at 0x7ff237b5baa0>,78,15,[3 8],79,179,194,100,170
1,<environment.Job instance at 0x7ff237c9e4b0>,80,13,[5 8],81,194,207,113,194
1,<environment.Job instance at 0x7ff27b926a00>,1,1,[ 3 10],2,2,3,0,2
1,<environment.Job instance at 0x7ff27c05e4b0>,2,16,[6 1],3,3,19,0,3
1,<environment.Job instance at 0x7ff27bb8df50>,5,14,[5 4],6,19,33,13,6
1,<environment.Job instance at 0x7ff27b96f500>,19,15,[6 4],20,35,50,15,35
1,<environment.Job instance at 0x7ff237edd500>,27,13,[9 4],28,50,63,22,46
1,<environment.Job instance at 0x7ff237edd5a0>,36,16,[4 8],37,72,88,35,72
1,<environment.Job instance at 0x7ff237edd4b0>,38,15,[1 6],39,88,103,49,74
1,<environment.Job instance at 0x7ff237edef00>,44,17,[1 6],45,103,120,58,91
1,<environment.Job instance at 0x7ff237ede4b0>,46,17,[4 6],47,120,137,73,108
1,<environment.Job instance at 0x7ff237ede960>,50,15,[4 7],51,137,152,86,123
1,<environment.Job instance at 0x7ff27c22e820>,56,12,[3 5],57,152,164,95,136
1,<environment.Job instance at 0x7ff27c22e500>,61,17,[9 4],62,164,181,102,152
1,<environment.Job instance at 0x7ff27b778a00>,71,13,[9 3],72,182,195,110,182
1,<environment.Job instance at 0x7ff237a0b780>,78,3,[2 6],79,199,202,120,199
1,<environment.Job instance at 0x7ff237a0b910>,79,15,[ 5 10],80,202,217,122,199
1,<environment.Job instance at 0x7ff237a0bc80>,82,16,[2 8],83,217,233,134,204
1,<environment.Job instance at 0x7ff237eb3af0>,0,18,[3 5],1,1,19,0,1
1,<environment.Job instance at 0x7ff2380c2190>,3,14,[6 2],4,4,18,0,4
1,<environment.Job instance at 0x7ff27c06b5a0>,11,13,[3 5],12,18,31,6,12
1,<environment.Job instance at 0x7ff27b6cd7d0>,23,3,[6 1],24,33,36,9,33
1,<environment.Job instance at 0x7ff27bd31e10>,24,1,[7 3],25,36,37,11,33
1,<environment.Job instance at 0x7ff27bd31f50>,25,3,[8 1],26,37,40,11,33
1,<environment.Job instance at 0x7ff27bd31eb0>,26,2,[5 9],27,40,42,13,33
1,<environment.Job instance at 0x7ff27c298b90>,27,2,[5 8],28,42,44,14,33
1,<environment.Job instance at 0x7ff27c298f50>,28,3,[6 2],29,44,47,15,33
1,<environment.Job instance at 0x7ff27c298eb0>,29,2,[10  1],30,47,49,17,33
1,<environment.Job instance at 0x7ff27c298cd0>,30,12,[2 5],31,49,61,18,33
1,<environment.Job instance at 0x7ff27c274cd0>,31,17,[7 4],32,49,66,17,37
1,<environment.Job instance at 0x7ff27c3c6d20>,40,15,[5 5],41,66,81,25,58
1,<environment.Job instance at 0x7ff27b6bab90>,48,12,[7 5],49,81,93,32,74
1,<environment.Job instance at 0x7ff282e42280>,50,18,[9 3],51,93,111,42,82
1,<environment.Job instance at 0x7ff27c151280>,56,17,[4 8],57,111,128,54,100
1,<environment.Job instance at 0x7ff27b6af5f0>,60,15,[3 7],61,128,143,67,116
1,<environment.Job instance at 0x7ff237dd13c0>,66,15,[4 6],67,143,158,76,129
1,<environment.Job instance at 0x7ff237dd1eb0>,67,13,[7 1],68,129,142,61,129
1,<environment.Job instance at 0x7ff2381f0eb0>,72,15,[6 2],73,142,157,69,133
1,<environment.Job instance at 0x7ff27b980d70>,76,14,[6 2],77,157,171,80,147
1,<environment.Job instance at 0x7ff237b1ddc0>,80,14,[8 2],81,171,185,90,156
1,<environment.Job instance at 0x7ff27c1b7820>,57,14,[5 6],58,185,199,127,172
1,<environment.Job instance at 0x7ff237b1d910>,87,15,[6 1],88,199,214,111,185
1,<environment.Job instance at 0x7ff23793b910>,0,1,[1 9],1,1,2,0,1
1,<environment.Job instance at 0x7ff237b3c870>,1,16,[8 4],2,2,18,0,2
1,<environment.Job instance at 0x7ff27c1700f0>,3,12,[6 5],4,18,30,14,4
1,<environment.Job instance at 0x7ff27b7ee050>,6,1,[7 4],7,30,31,23,7
1,<environment.Job instance at 0x7ff27be99dc0>,13,13,[10  3],14,31,44,17,15
1,<environment.Job instance at 0x7ff27c34bf00>,22,14,[3 7],23,44,58,21,29
1,<environment.Job instance at 0x7ff237f18910>,31,13,[5 8],32,58,71,26,58
1,<environment.Job instance at 0x7ff27bd685f0>,32,14,[6 2],33,71,85,38,58
1,<environment.Job instance at 0x7ff2382228c0>,10,15,[1 8],11,71,86,60,62
1,<environment.Job instance at 0x7ff27b849230>,47,17,[5 6],48,87,104,39,87
1,<environment.Job instance at 0x7ff27b849c80>,49,17,[5 2],50,87,104,37,87
1,<environment.Job instance at 0x7ff27b849820>,50,14,[6 1],51,104,118,53,90
1,<environment.Job instance at 0x7ff27b8493c0>,53,15,[2 7],54,104,119,50,104
1,<environment.Job instance at 0x7ff27b76ec30>,56,17,[8 4],57,119,136,62,110
1,<environment.Job instance at 0x7ff27b76e460>,62,12,[7 3],63,136,148,73,119
1,<environment.Job instance at 0x7ff27bd52eb0>,66,18,[7 3],67,148,166,81,137
1,<environment.Job instance at 0x7ff237984a50>,68,18,[1 5],69,147,165,78,147
1,<environment.Job instance at 0x7ff237984aa0>,72,15,[5 5],73,166,181,93,152
1,<environment.Job instance at 0x7ff237a9b410>,73,15,[1 5],74,165,180,91,152
1,<environment.Job instance at 0x7ff27b67d7d0>,79,15,[4 6],80,181,196,101,167
1,<environment.Job instance at 0x7ff27bae07d0>,86,12,[6 2],87,183,195,96,183
1,<environment.Job instance at 0x7ff2381795f0>,87,15,[1 8],88,196,211,108,183
1,<environment.Job instance at 0x7ff2381791e0>,89,15,[9 1],90,196,211,106,183
1,<environment.Job instance at 0x7ff2379bcfa0>,90,12,[10  4],91,211,223,120,194
1,<environment.Job instance at 0x7ff27b8a98c0>,0,15,[2 8],1,1,16,0,1
1,<environment.Job instance at 0x7ff27c3251e0>,1,3,[2 9],2,16,19,14,2
1,<environment.Job instance at 0x7ff27c170c80>,5,15,[8 4],6,19,34,13,6
1,<environment.Job instance at 0x7ff237c8d0f0>,10,16,[1 6],11,22,38,11,22
1,<environment.Job instance at 0x7ff237906eb0>,14,18,[9 3],15,34,52,19,23
1,<environment.Job instance at 0x7ff2379064b0>,16,14,[6 2],17,52,66,35,37
1,<environment.Job instance at 0x7ff237906b40>,19,14,[4 7],20,52,66,32,37
1,<environment.Job instance at 0x7ff237906050>,20,14,[1 7],21,38,52,17,37
1,<environment.Job instance at 0x7ff237dae960>,27,17,[ 5 10],28,66,83,38,54
1,<environment.Job instance at 0x7ff237dae370>,31,13,[1 7],32,83,96,51,69
1,<environment.Job instance at 0x7ff27bcc0fa0>,41,18,[9 3],42,97,115,55,97
1,<environment.Job instance at 0x7ff27bcc07d0>,46,14,[9 3],47,115,129,68,103
1,<environment.Job instance at 0x7ff27bcc0aa0>,44,13,[4 7],45,129,142,84,119
1,<environment.Job instance at 0x7ff23789e640>,57,15,[8 5],58,143,158,85,143
1,<environment.Job instance at 0x7ff23789e8c0>,60,13,[4 9],61,158,171,97,143
1,<environment.Job instance at 0x7ff23789eb40>,63,14,[6 1],64,170,184,106,170
1,<environment.Job instance at 0x7ff2378a1230>,76,16,[1 7],77,206,222,129,206
1,<environment.Job instance at 0x7ff2378a1730>,79,14,[2 5],80,222,236,142,215
1,<environment.Job instance at 0x7ff2378a1780>,81,16,[1 5],82,222,238,140,219
1,<environment.Job instance at 0x7ff27c170230>,2,15,[9 5],3,3,18,0,3
1,<environment.Job instance at 0x7ff2828bfb90>,7,18,[5 3],8,18,36,10,8
1,<environment.Job instance at 0x7ff27b83b870>,16,16,[2 7],17,18,34,1,17
1,<environment.Job instance at 0x7ff2380f0960>,19,17,[3 5],20,34,51,14,22
1,<environment.Job instance at 0x7ff2380dd3c0>,24,18,[6 5],25,36,54,11,32
1,<environment.Job instance at 0x7ff2380f70a0>,26,17,[5 1],27,54,71,27,42
1,<environment.Job instance at 0x7ff2380f76e0>,27,13,[6 1],28,71,84,43,55
1,<environment.Job instance at 0x7ff2380f7c30>,29,16,[5 5],30,55,71,25,55
1,<environment.Job instance at 0x7ff238081780>,43,18,[6 1],44,84,102,40,73
1,<environment.Job instance at 0x7ff237bc0550>,44,16,[1 6],45,73,89,28,73
1,<environment.Job instance at 0x7ff2380f0fa0>,21,14,[7 5],22,102,116,80,96
1,<environment.Job instance at 0x7ff27c0b89b0>,63,3,[5 2],64,143,146,79,143
1,<environment.Job instance at 0x7ff27c0c37d0>,65,1,[8 4],66,146,147,80,144
1,<environment.Job instance at 0x7ff27c0c3320>,66,12,[1 9],67,147,159,80,145
1,<environment.Job instance at 0x7ff27c0bb410>,72,16,[4 7],73,159,175,86,155
1,<environment.Job instance at 0x7ff2378abeb0>,73,16,[5 9],74,175,191,101,163
1,<environment.Job instance at 0x7ff27c0bbd20>,75,15,[ 3 10],76,191,206,115,179
1,<environment.Job instance at 0x7ff27c323eb0>,84,3,[5 3],85,206,209,121,193
1,<environment.Job instance at 0x7ff27c3235a0>,85,15,[8 3],86,209,224,123,195
1,<environment.Job instance at 0x7ff2380f0f00>,0,2,[4 7],1,1,3,0,1
1,<environment.Job instance at 0x7ff27c094870>,1,17,[8 4],2,3,20,1,2
1,<environment.Job instance at 0x7ff237dae1e0>,9,13,[6 5],10,20,33,10,12
1,<environment.Job instance at 0x7ff27bc9f460>,15,15,[2 8],16,33,48,17,19
1,<environment.Job instance at 0x7ff237dc3a50>,20,17,[1 7],21,48,65,27,40
1,<environment.Job instance at 0x7ff238103aa0>,26,12,[7 4],27,65,77,38,51
1,<environment.Job instance at 0x7ff237ee8780>,31,2,[1 9],32,77,79,45,58
1,<environment.Job instance at 0x7ff237d50dc0>,36,12,[9 1],37,77,89,40,73
1,<environment.Job instance at 0x7ff2381787d0>,39,13,[9 4],40,89,102,49,81
1,<environment.Job instance at 0x7ff238178230>,41,15,[6 1],42,102,117,60,88
1,<environment.Job instance at 0x7ff27b9444b0>,43,18,[1 7],44,105,123,61,105
1,<environment.Job instance at 0x7ff27b944d20>,51,18,[5 6],52,123,141,71,112
1,<environment.Job instance at 0x7ff23809c9b0>,56,15,[1 6],57,141,156,84,127
1,<environment.Job instance at 0x7ff23809cf00>,59,14,[2 7],60,156,170,96,141
1,<environment.Job instance at 0x7ff27bf8c1e0>,62,16,[3 7],63,170,186,107,157
1,<environment.Job instance at 0x7ff23784b7d0>,66,14,[7 3],67,157,171,90,157
1,<environment.Job instance at 0x7ff27c3d7c80>,72,16,[6 4],73,186,202,113,173
1,<environment.Job instance at 0x7ff23809c820>,55,16,[6 5],56,202,218,146,191
1,<environment.Job instance at 0x7ff27c2eee60>,88,12,[10  1],89,218,230,129,212
1,<environment.Job instance at 0x7ff27bb4ccd0>,0,3,[3 7],1,1,4,0,1
1,<environment.Job instance at 0x7ff27c2ee8c0>,2,16,[9 2],3,5,21,2,5
1,<environment.Job instance at 0x7ff27bd59c30>,8,12,[ 4 10],9,21,33,12,9
1,<environment.Job instance at 0x7ff27bd597d0>,9,2,[9 5],10,33,35,23,10
1,<environment.Job instance at 0x7ff27bd598c0>,10,3,[8 2],11,35,38,24,11
1,<environment.Job instance at 0x7ff27bbf1960>,18,16,[1 7],19,35,51,16,26
1,<environment.Job instance at 0x7ff27bbf1f50>,22,2,[6 5],23,51,53,28,27
1,<environment.Job instance at 0x7ff27bbf1eb0>,23,17,[8 3],24,53,70,29,41
1,<environment.Job instance at 0x7ff27bbf1be0>,27,15,[5 5],28,70,85,42,58
1,<environment.Job instance at 0x7ff237918370>,36,15,[ 1 10],37,96,111,59,96
1,<environment.Job instance at 0x7ff27c550910>,43,16,[8 1],44,111,127,67,98
1,<environment.Job instance at 0x7ff27c550af0>,49,15,[4 9],50,127,142,77,114
1,<environment.Job instance at 0x7ff27c5505f0>,57,17,[5 6],58,142,159,84,141
1,<environment.Job instance at 0x7ff238000870>,59,14,[ 2 10],60,159,173,99,144
1,<environment.Job instance at 0x7ff2380004b0>,68,14,[2 8],69,173,187,104,158
1,<environment.Job instance at 0x7ff238000230>,70,18,[5 6],71,187,205,116,176
1,<environment.Job instance at 0x7ff27ba5ccd0>,72,14,[5 3],73,187,201,114,176
1,<environment.Job instance at 0x7ff27ba5c280>,81,12,[7 1],82,205,217,123,188
1,<environment.Job instance at 0x7ff27ba5c640>,82,13,[6 3],83,217,230,134,201
1,<environment.Job instance at 0x7ff27b926f50>,0,12,[5 7],1,1,13,0,1
1,<environment.Job instance at 0x7ff27ba5c410>,1,18,[1 7],2,13,31,11,2
1,<environment.Job instance at 0x7ff27b7c5780>,20,12,[9 3],21,26,38,5,26
1,<environment.Job instance at 0x7ff27b699cd0>,24,18,[ 4 10],25,47,65,22,47
1,<environment.Job instance at 0x7ff23824baa0>,32,3,[4 6],33,65,68,32,49
1,<environment.Job instance at 0x7ff23824b730>,33,2,[1 5],34,68,70,34,51
1,<environment.Job instance at 0x7ff23824bd70>,34,18,[3 8],35,70,88,35,59
1,<environment.Job instance at 0x7ff23824b8c0>,41,15,[3 5],42,88,103,46,74
1,<environment.Job instance at 0x7ff27bb0cbe0>,51,14,[4 6],52,103,117,51,97
1,<environment.Job instance at 0x7ff27bb10e10>,52,3,[6 1],53,97,100,44,97
1,<environment.Job instance at 0x7ff27bb0c1e0>,55,3,[5 3],56,100,103,44,97
1,<environment.Job instance at 0x7ff27bb0ca00>,57,16,[6 3],58,103,119,45,97
1,<environment.Job instance at 0x7ff27bb0c5a0>,60,14,[7 5],61,119,133,58,104
1,<environment.Job instance at 0x7ff27bb0c870>,61,14,[8 5],62,133,147,71,118
1,<environment.Job instance at 0x7ff27bb10e60>,48,25,[5 7],49,164,189,115,164
1,<environment.Job instance at 0x7ff27bafbd20>,83,13,[2 7],84,195,208,111,195
1,<environment.Job instance at 0x7ff27bafe280>,86,17,[4 9],87,208,225,121,198
1,<environment.Job instance at 0x7ff27bafe960>,88,13,[5 5],89,225,238,136,209
1,<environment.Job instance at 0x7fd54912b0f0>,2,12,[5 4],3,3,15,0,3
1,<environment.Job instance at 0x7fd541d1b640>,7,14,[5 1],8,8,22,0,8
1,<environment.Job instance at 0x7fd541d1b820>,9,17,[ 4 10],10,22,39,12,10
1,<environment.Job instance at 0x7fd541d1b870>,15,3,[10  2],16,39,42,23,16
1,<environment.Job instance at 0x7fd541d1d870>,29,13,[1 6],30,51,64,21,51
1,<environment.Job instance at 0x7fd541d1da50>,32,17,[9 3],33,52,69,19,52
1,<environment.Job instance at 0x7fd541d212d0>,37,14,[5 5],38,69,83,31,54
1,<environment.Job instance at 0x7fd541d21640>,41,14,[6 1],42,83,97,41,70
1,<environment.Job instance at 0x7fd541d218c0>,45,16,[6 2],46,110,126,64,110
1,<environment.Job instance at 0x7fd541d23550>,56,18,[4 5],57,128,146,71,128
1,<environment.Job instance at 0x7fd541d23730>,59,14,[ 2 10],60,146,160,86,135
1,<environment.Job instance at 0x7fd541d1b500>,5,13,[5 9],6,160,173,154,151
1,<environment.Job instance at 0x7fd541d230f0>,55,17,[4 7],56,173,190,117,173
1,<environment.Job instance at 0x7fd541d25780>,77,15,[4 7],78,190,205,112,177
1,<environment.Job instance at 0x7fd541d25b90>,84,12,[3 5],85,205,217,120,191
1,<environment.Job instance at 0x7fd541d25eb0>,89,13,[7 2],90,207,220,117,207
1,<environment.Job instance at 0x7fd541d2aaa0>,1,2,[9 3],2,2,4,0,2
1,<environment.Job instance at 0x7fd541d2f4b0>,2,3,[8 5],3,4,7,1,3
1,<environment.Job instance at 0x7fd541d2f7d0>,6,18,[1 6],7,7,25,0,7
1,<environment.Job instance at 0x7fd549154eb0>,8,14,[5 1],9,9,23,0,9
1,<environment.Job instance at 0x7fd549154c30>,9,3,[1 7],10,25,28,15,10
1,<environment.Job instance at 0x7fd549154730>,18,12,[3 9],19,28,40,9,20
1,<environment.Job instance at 0x7fd549154af0>,19,3,[5 5],20,40,43,20,20
1,<environment.Job instance at 0x7fd549298a50>,22,16,[6 2],23,43,59,20,30
1,<environment.Job instance at 0x7fd549298f50>,25,14,[3 8],26,43,57,17,30
1,<environment.Job instance at 0x7fd5492a2230>,30,12,[6 3],31,59,71,28,44
1,<environment.Job instance at 0x7fd549292b40>,34,13,[1 9],35,71,84,36,57
1,<environment.Job instance at 0x7fd549154640>,16,15,[6 2],17,84,99,67,71
1,<environment.Job instance at 0x7fd5492a0fa0>,41,14,[5 3],42,99,113,57,84
1,<environment.Job instance at 0x7fd549293e60>,54,12,[5 7],55,117,129,62,117
1,<environment.Job instance at 0x7fd54929fa50>,59,17,[9 2],60,129,146,69,129
1,<environment.Job instance at 0x7fd54929fdc0>,61,3,[8 2],62,146,149,84,134
1,<environment.Job instance at 0x7fd54929fbe0>,62,14,[8 4],63,149,163,86,135
1,<environment.Job instance at 0x7fd54929ce60>,72,14,[9 2],73,165,179,92,165
1,<environment.Job instance at 0x7fd54929c870>,76,13,[5 1],77,183,196,106,183
1,<environment.Job instance at 0x7fd5492a6050>,80,17,[2 9],81,183,200,102,183
1,<environment.Job instance at 0x7fd5492a6280>,85,17,[8 1],86,205,222,119,205
1,<environment.Job instance at 0x7fd5492a6910>,86,16,[7 2],87,222,238,135,209
1,<environment.Job instance at 0x7fd5492a5b90>,0,2,[8 3],1,1,3,0,1
1,<environment.Job instance at 0x7fd4fe072550>,7,14,[3 5],8,8,22,0,8
1,<environment.Job instance at 0x7fd4fe072b40>,9,1,[8 5],10,22,23,12,15
1,<environment.Job instance at 0x7fd4fe074eb0>,16,14,[5 4],17,23,37,6,21
1,<environment.Job instance at 0x7fd4fe11de60>,17,14,[4 7],18,37,51,19,22
1,<environment.Job instance at 0x7fd4fe11db40>,21,16,[6 2],22,37,53,15,34
1,<environment.Job instance at 0x7fd4fe11dd70>,26,13,[3 6],27,51,64,24,39
1,<environment.Job instance at 0x7fd4fe11d2d0>,30,13,[7 4],31,53,66,22,50
1,<environment.Job instance at 0x7fd4fe11d0a0>,33,18,[9 2],34,66,84,32,55
1,<environment.Job instance at 0x7fd4fe0d90f0>,38,15,[2 5],39,84,99,45,73
1,<environment.Job instance at 0x7fd4fe0d91e0>,39,15,[7 4],40,84,99,44,73
1,<environment.Job instance at 0x7fd4fe0d94b0>,43,13,[8 3],44,99,112,55,98
1,<environment.Job instance at 0x7fd4fe0d9aa0>,50,14,[2 8],51,112,126,61,112
1,<environment.Job instance at 0x7fd4fe0a7af0>,54,16,[8 3],55,126,142,71,114
1,<environment.Job instance at 0x7fd4fe0a7d70>,63,15,[7 4],64,142,157,78,139
1,<environment.Job instance at 0x7fd4fe0a7640>,72,2,[6 1],73,160,162,87,160
1,<environment.Job instance at 0x7fd4fe101910>,73,13,[2 5],74,160,173,86,160
1,<environment.Job instance at 0x7fd4fe101e60>,75,1,[5 7],76,175,176,99,175
1,<environment.Job instance at 0x7fd4fe101f00>,77,2,[9 1],78,176,178,98,176
1,<environment.Job instance at 0x7fd4fe1017d0>,78,14,[10  4],79,178,192,99,177
1,<environment.Job instance at 0x7fd4fe1018c0>,84,12,[3 5],85,193,205,108,193
1,<environment.Job instance at 0x7fd4fe101280>,85,17,[6 3],86,193,210,107,193
1,<environment.Job instance at 0x7fd4fe1010f0>,87,2,[5 9],88,213,215,125,213
1,<environment.Job instance at 0x7fd4fdf707d0>,0,12,[1 5],1,1,13,0,1
1,<environment.Job instance at 0x7fd4fe100fa0>,1,2,[7 4],2,2,4,0,2
1,<environment.Job instance at 0x7fd54917a690>,11,3,[3 7],12,13,16,1,13
1,<environment.Job instance at 0x7fd54917a0f0>,10,16,[1 9],11,32,48,21,32
1,<environment.Job instance at 0x7fd4fdfd10a0>,23,16,[3 5],24,56,72,32,56
1,<environment.Job instance at 0x7fd4fdfd1eb0>,27,14,[10  3],28,72,86,44,62
1,<environment.Job instance at 0x7fd4fdfd4910>,35,16,[10  5],36,86,102,50,75
1,<environment.Job instance at 0x7fd4fdfd4f00>,37,14,[9 1],38,102,116,64,88
1,<environment.Job instance at 0x7fd4fdfd42d0>,42,12,[8 5],43,116,128,73,102
1,<environment.Job instance at 0x7fd4fdfd4d70>,45,15,[5 7],46,128,143,82,115
1,<environment.Job instance at 0x7fd4fdfdb140>,53,17,[1 8],54,143,160,89,131
1,<environment.Job instance at 0x7fd4fdfdbd70>,56,17,[9 1],57,143,160,86,140
1,<environment.Job instance at 0x7fd4fdfdb960>,58,12,[ 2 10],59,160,172,101,160
1,<environment.Job instance at 0x7fd549157280>,66,2,[9 2],67,172,174,105,160
1,<environment.Job instance at 0x7fd549157d20>,67,2,[5 2],68,174,176,106,160
1,<environment.Job instance at 0x7fd549157a50>,68,2,[6 5],69,176,178,107,161
1,<environment.Job instance at 0x7fd4fe11daf0>,69,3,[8 5],70,178,181,108,161
1,<environment.Job instance at 0x7fd4fe626280>,70,13,[3 8],71,181,194,110,165
1,<environment.Job instance at 0x7fd4fe626640>,78,2,[7 3],79,205,207,126,205
1,<environment.Job instance at 0x7fd508d09cd0>,80,2,[6 5],81,207,209,126,207
1,<environment.Job instance at 0x7fd4fe643be0>,81,14,[1 9],82,209,223,127,209
1,<environment.Job instance at 0x7fd4fdf6feb0>,0,18,[4 6],1,1,19,0,1
1,<environment.Job instance at 0x7fd4fdfd4aa0>,3,1,[8 5],4,19,20,15,5
1,<environment.Job instance at 0x7fd4fe4b7780>,1,15,[3 5],2,20,35,18,6
1,<environment.Job instance at 0x7fd541df7d20>,10,1,[6 5],11,20,21,9,16
1,<environment.Job instance at 0x7fd541dd2280>,14,1,[5 7],15,35,36,20,16
1,<environment.Job instance at 0x7fd4fe41ba00>,18,15,[5 9],19,36,51,17,36
1,<environment.Job instance at 0x7fd4fe41ba50>,20,14,[8 4],21,51,65,30,36
1,<environment.Job instance at 0x7fd4fe41bb90>,21,12,[5 9],22,65,77,43,49
1,<environment.Job instance at 0x7fd4fdf23500>,33,12,[ 2 10],34,77,89,43,77
1,<environment.Job instance at 0x7fd4fdf23870>,37,18,[3 6],38,89,107,51,88
1,<environment.Job instance at 0x7fd4fdf23910>,38,14,[6 4],39,89,103,50,88
1,<environment.Job instance at 0x7fd4fe0c2eb0>,13,20,[5 7],14,107,127,93,101
1,<environment.Job instance at 0x7fd4fdf23c30>,44,14,[7 5],45,127,141,82,115
1,<environment.Job instance at 0x7fd4fdf264b0>,53,1,[7 1],54,141,142,87,130
1,<environment.Job instance at 0x7fd4fdf26460>,55,17,[ 5 10],56,142,159,86,130
1,<environment.Job instance at 0x7fd4fdf26aa0>,60,12,[7 2],61,159,171,98,151
1,<environment.Job instance at 0x7fd4fdf26870>,66,14,[9 2],67,171,185,104,156
1,<environment.Job instance at 0x7fd4fdf23e10>,49,14,[9 5],50,185,199,135,172
1,<environment.Job instance at 0x7fd4fdf27550>,78,17,[2 7],79,199,216,120,187
1,<environment.Job instance at 0x7fd4fdf27e60>,86,18,[9 4],87,216,234,129,205
1,<environment.Job instance at 0x7fd549157500>,0,17,[2 6],1,1,18,0,1
1,<environment.Job instance at 0x7fd5444d9c30>,23,16,[8 5],24,39,55,15,39
1,<environment.Job instance at 0x7fd5444d91e0>,27,13,[ 4 10],28,55,68,27,49
1,<environment.Job instance at 0x7fd5444d9dc0>,28,17,[3 9],29,68,85,39,56
1,<environment.Job instance at 0x7fd5444d9e60>,24,16,[9 4],25,85,101,60,72
1,<environment.Job instance at 0x7fd549156780>,48,18,[6 5],49,133,151,84,133
1,<environment.Job instance at 0x7fd549156be0>,57,12,[7 2],58,151,163,93,138
1,<environment.Job instance at 0x7fd541b7d0f0>,67,15,[4 6],68,179,194,111,179
1,<environment.Job instance at 0x7fd541d9ceb0>,74,16,[4 5],75,194,210,119,192
1,<environment.Job instance at 0x7fd541b7d730>,68,2,[5 8],69,210,212,141,195
1,<environment.Job instance at 0x7fd541fd7190>,83,15,[5 5],84,212,227,128,199
1,<environment.Job instance at 0x7fd4fe11d230>,0,2,[3 9],1,1,3,0,1
1,<environment.Job instance at 0x7fd5444061e0>,4,13,[5 3],5,5,18,0,5
1,<environment.Job instance at 0x7fd541c93f50>,5,12,[8 5],6,18,30,12,6
1,<environment.Job instance at 0x7fd544427d20>,8,17,[3 7],9,30,47,21,19
1,<environment.Job instance at 0x7fd541e2d370>,18,12,[ 4 10],19,47,59,28,32
1,<environment.Job instance at 0x7fd5444271e0>,10,13,[5 3],11,59,72,48,48
1,<environment.Job instance at 0x7fd541fe06e0>,23,18,[5 5],24,59,77,35,48
1,<environment.Job instance at 0x7fd541c5ae60>,26,13,[3 9],27,77,90,50,61
1,<environment.Job instance at 0x7fd5444dd500>,32,13,[9 4],33,90,103,57,74
1,<environment.Job instance at 0x7fd541c47b90>,34,16,[2 7],35,103,119,68,90
1,<environment.Job instance at 0x7fd541fd74b0>,36,13,[5 5],37,119,132,82,104
1,<environment.Job instance at 0x7fd542054550>,45,18,[5 5],46,127,145,81,127
1,<environment.Job instance at 0x7fd542054140>,49,14,[5 1],50,132,146,82,131
1,<environment.Job instance at 0x7fd542054e10>,52,18,[4 7],53,145,163,92,134
1,<environment.Job instance at 0x7fd5447e6640>,59,1,[2 5],60,168,169,108,168
1,<environment.Job instance at 0x7fd5447e6280>,61,1,[6 5],62,169,170,107,169
1,<environment.Job instance at 0x7fd544808dc0>,66,13,[9 3],67,184,197,117,184
1,<environment.Job instance at 0x7fd5445d81e0>,68,16,[9 4],69,210,226,141,210
1,<environment.Job instance at 0x7fd544427eb0>,2,3,[5 9],3,3,6,0,3
1,<environment.Job instance at 0x7fd542054aa0>,3,16,[8 1],4,6,22,2,4
1,<environment.Job instance at 0x7fd541ca5410>,12,12,[6 1],13,22,34,9,13
1,<environment.Job instance at 0x7fd542105370>,15,16,[10  5],16,34,50,18,33
1,<environment.Job instance at 0x7fd541cd2460>,22,1,[5 1],23,50,51,27,39
1,<environment.Job instance at 0x7fd541cd2690>,23,16,[9 4],24,51,67,27,44
1,<environment.Job instance at 0x7fd54440bfa0>,6,12,[3 9],7,67,79,60,51
1,<environment.Job instance at 0x7fd541cd2aa0>,32,15,[ 2 10],33,79,94,46,65
1,<environment.Job instance at 0x7fd541cf0140>,39,18,[2 7],40,104,122,64,104
1,<environment.Job instance at 0x7fd541cf0640>,46,16,[1 6],47,122,138,75,109
1,<environment.Job instance at 0x7fd541cf0500>,47,15,[7 4],48,122,137,74,109
1,<environment.Job instance at 0x7fd541cf0eb0>,53,12,[3 8],54,146,158,92,146
1,<environment.Job instance at 0x7fd541cf0c30>,55,15,[3 5],56,158,173,102,146
1,<environment.Job instance at 0x7fd541cf0d20>,51,28,[5 1],52,181,209,129,181
1,<environment.Job instance at 0x7fd541cd4690>,67,17,[10  4],68,209,226,141,197
1,<environment.Job instance at 0x7fd541cd4fa0>,78,13,[1 5],79,226,239,147,210
1,<environment.Job instance at 0x7fd5492a2640>,0,3,[2 8],1,1,4,0,1
1,<environment.Job instance at 0x7fd5448b1cd0>,1,13,[7 4],2,4,17,2,2
1,<environment.Job instance at 0x7fd4fe34d140>,5,3,[7 5],6,17,20,11,6
1,<environment.Job instance at 0x7fd4fe34d460>,6,17,[2 6],7,20,37,13,8
1,<environment.Job instance at 0x7fd541a817d0>,16,17,[2 5],17,37,54,20,25
1,<environment.Job instance at 0x7fd541c1afa0>,19,13,[6 4],20,31,44,11,31
1,<environment.Job instance at 0x7fd4fe34df50>,11,13,[10  4],12,54,67,42,50
1,<environment.Job instance at 0x7fd4fe07caa0>,27,17,[1 9],28,67,84,39,65
1,<environment.Job instance at 0x7fd541c85f00>,30,17,[10  1],31,84,101,53,73
1,<environment.Job instance at 0x7fd541c71d20>,31,14,[5 8],32,101,115,69,88
1,<environment.Job instance at 0x7fd4fdfaa5f0>,32,13,[7 2],33,115,128,82,101
1,<environment.Job instance at 0x7fd541a832d0>,43,15,[3 9],44,128,143,84,116
1,<environment.Job instance at 0x7fd541a831e0>,44,16,[7 4],45,143,159,98,132
1,<environment.Job instance at 0x7fd4fe23b5a0>,52,14,[4 6],53,159,173,106,148
1,<environment.Job instance at 0x7fd4fe0686e0>,50,15,[5 3],51,159,174,108,149
1,<environment.Job instance at 0x7fd542036050>,60,15,[5 5],61,173,188,112,165
1,<environment.Job instance at 0x7fd541d2a640>,68,3,[ 1 10],69,188,191,119,183
1,<environment.Job instance at 0x7fd541d2ad20>,69,3,[9 3],70,191,194,121,183
1,<environment.Job instance at 0x7fd4fe49fd70>,0,2,[8 4],1,1,3,0,1
1,<environment.Job instance at 0x7fd4fe49f870>,2,14,[ 2 10],3,3,17,0,3
1,<environment.Job instance at 0x7fd541e2b870>,4,13,[10  5],5,17,30,12,5
1,<environment.Job instance at 0x7fd541b3c1e0>,8,16,[3 8],9,30,46,21,18
1,<environment.Job instance at 0x7fd5447abcd0>,17,12,[1 6],18,46,58,28,29
1,<environment.Job instance at 0x7fd5447ab550>,20,12,[4 8],21,58,70,37,41
1,<environment.Job instance at 0x7fd549021550>,28,18,[5 9],29,70,88,41,67
1,<environment.Job instance at 0x7fd4fe6b56e0>,33,13,[8 4],34,88,101,54,72
1,<environment.Job instance at 0x7fd4fe2f3870>,35,16,[7 3],36,101,117,65,90
1,<environment.Job instance at 0x7fd542132af0>,38,13,[8 5],39,117,130,78,102
1,<environment.Job instance at 0x7fd541e4ffa0>,42,16,[5 4],43,130,146,87,117
1,<environment.Job instance at 0x7fd541b7b370>,47,18,[1 6],48,132,150,84,132
1,<environment.Job instance at 0x7fd5420fc320>,52,14,[7 3],53,146,160,93,134
1,<environment.Job instance at 0x7fd541b68820>,12,17,[9 4],13,160,177,147,158
1,<environment.Job instance at 0x7fd5420fc370>,63,14,[ 4 10],64,177,191,113,162
1,<environment.Job instance at 0x7fd541ae19b0>,66,16,[9 2],67,191,207,124,178
1,<environment.Job instance at 0x7fd541f24870>,76,18,[5 5],77,207,225,130,199
1,<environment.Job instance at 0x7fd4fe534c80>,0,15,[1 8],1,1,16,0,1
1,<environment.Job instance at 0x7fd541f4e320>,1,16,[5 5],2,16,32,14,3
1,<environment.Job instance at 0x7fd4fe3c8d20>,11,15,[5 2],12,12,27,0,12
1,<environment.Job instance at 0x7fd4fdf9ab90>,25,15,[1 5],26,29,44,3,29
1,<environment.Job instance at 0x7fd4fdf9af00>,28,13,[8 2],29,32,45,3,31
1,<environment.Job instance at 0x7fd4fdf6f140>,31,16,[4 6],32,45,61,13,34
1,<environment.Job instance at 0x7fd4fdf6f4b0>,32,15,[5 1],33,45,60,12,34
1,<environment.Job instance at 0x7fd4fdf6fa50>,40,13,[1 5],41,68,81,27,68
1,<environment.Job instance at 0x7fd4fdf6fcd0>,42,14,[3 7],43,81,95,38,68
1,<environment.Job instance at 0x7fd4fdf6ffa0>,47,15,[2 6],48,95,110,47,83
1,<environment.Job instance at 0x7fd4fdf6e140>,50,13,[2 8],51,110,123,59,94
1,<environment.Job instance at 0x7fd4fdf6faa0>,37,15,[10  4],38,123,138,85,113
1,<environment.Job instance at 0x7fd4fdf6ea00>,63,1,[1 7],64,147,148,83,147
1,<environment.Job instance at 0x7fd4fdf6eb40>,65,14,[1 7],66,148,162,82,148
1,<environment.Job instance at 0x7fd4fdf6ec80>,67,18,[1 9],68,162,180,94,160
1,<environment.Job instance at 0x7fd4fdf9c550>,75,18,[5 6],76,204,222,128,204
1,<environment.Job instance at 0x7fd4fdf9c7d0>,79,1,[7 1],80,222,223,142,208
1,<environment.Job instance at 0x7fd4fdf9c690>,77,15,[ 4 10],78,223,238,145,214
1,<environment.Job instance at 0x7fd4fdf9c8c0>,1,17,[5 8],2,2,19,0,2
1,<environment.Job instance at 0x7fd541ffaa00>,7,2,[9 4],8,19,21,11,8
1,<environment.Job instance at 0x7fd541ffa0f0>,9,13,[10  4],10,21,34,11,10
1,<environment.Job instance at 0x7fd4fe3a7320>,20,2,[3 5],21,37,39,16,37
1,<environment.Job instance at 0x7fd4fe3a7f00>,21,12,[3 5],22,37,49,15,37
1,<environment.Job instance at 0x7fd4fe3a7e10>,24,3,[8 5],25,49,52,24,38
1,<environment.Job instance at 0x7fd4fe380640>,27,18,[6 1],28,52,70,24,41
1,<environment.Job instance at 0x7fd4fdf9c910>,3,14,[3 6],4,52,66,48,52
1,<environment.Job instance at 0x7fd4fe3805f0>,29,15,[6 4],30,70,85,40,56
1,<environment.Job instance at 0x7fd4fe5f85a0>,38,13,[4 8],39,85,98,46,69
1,<environment.Job instance at 0x7fd4fe5f8780>,42,18,[6 5],43,98,116,55,87
1,<environment.Job instance at 0x7fd541de1640>,46,16,[4 8],47,116,132,69,103
1,<environment.Job instance at 0x7fd541eabd70>,51,12,[5 6],52,132,144,80,115
1,<environment.Job instance at 0x7fd541fc88c0>,54,17,[1 6],55,144,161,89,132
1,<environment.Job instance at 0x7fd4fe3a79b0>,12,16,[6 1],13,144,160,131,144
1,<environment.Job instance at 0x7fd541fc8500>,60,15,[4 7],61,161,176,100,147
1,<environment.Job instance at 0x7fd542106c30>,70,25,[6 2],71,165,190,94,165
1,<environment.Job instance at 0x7fd5421ba7d0>,77,3,[1 6],78,176,179,98,174
1,<environment.Job instance at 0x7fd5421ba1e0>,78,18,[10  4],79,190,208,111,179
1,<environment.Job instance at 0x7fd541b080f0>,86,16,[ 1 10],87,208,224,121,196
1,<environment.Job instance at 0x7fd54201aaf0>,91,17,[ 2 10],92,224,241,132,212
1,<environment.Job instance at 0x7fd4fdf6ef00>,0,18,[3 5],1,1,19,0,1
1,<environment.Job instance at 0x7fd541adc640>,11,13,[3 5],12,12,25,0,12
1,<environment.Job instance at 0x7fd541ecd5a0>,3,14,[6 2],4,19,33,15,12
1,<environment.Job instance at 0x7fd541adcd20>,13,15,[ 2 10],14,33,48,19,21
1,<environment.Job instance at 0x7fd541ec62d0>,28,3,[6 2],29,48,51,19,33
1,<environment.Job instance at 0x7fd541ec6370>,30,12,[2 5],31,48,60,17,33
1,<environment.Job instance at 0x7fd541ec6500>,31,17,[7 4],32,51,68,19,39
1,<environment.Job instance at 0x7fd4fe0fb870>,40,15,[5 5],41,68,83,27,62
1,<environment.Job instance at 0x7fd541c6bbe0>,48,12,[7 5],49,83,95,34,79
1,<environment.Job instance at 0x7fd541c6bb90>,50,18,[9 3],51,95,113,44,84
1,<environment.Job instance at 0x7fd541c6b500>,54,2,[8 5],55,113,115,58,97
1,<environment.Job instance at 0x7fd541c6b640>,55,3,[10  5],56,115,118,59,97
1,<environment.Job instance at 0x7fd541c6b5f0>,56,17,[4 8],57,118,135,61,106
1,<environment.Job instance at 0x7fd541c6beb0>,59,17,[5 6],60,135,152,75,126
1,<environment.Job instance at 0x7fd4fe366870>,60,15,[3 7],61,152,167,91,138
1,<environment.Job instance at 0x7fd542215870>,20,2,[5 4],21,146,148,125,146
1,<environment.Job instance at 0x7fd541e2d190>,72,15,[6 2],73,152,167,79,150
1,<environment.Job instance at 0x7fd541e2d550>,75,16,[3 5],76,167,183,91,157
1,<environment.Job instance at 0x7fd541e69eb0>,82,17,[1 5],83,178,195,95,178
1,<environment.Job instance at 0x7fd541e69460>,85,3,[9 4],86,183,186,97,181
1,<environment.Job instance at 0x7fd5445d5a00>,86,12,[5 3],87,186,198,99,181
1,<environment.Job instance at 0x7fd5445d5730>,87,15,[6 1],88,198,213,110,184
1,<environment.Job instance at 0x7fd4fe03ae10>,95,3,[8 5],96,213,216,117,196
1,<environment.Job instance at 0x7fd4fe22a050>,0,15,[1 8],1,1,16,0,1
1,<environment.Job instance at 0x7fd4fe22ad20>,3,13,[10  3],4,16,29,12,4
1,<environment.Job instance at 0x7fd542088500>,14,17,[3 5],15,29,46,14,22
1,<environment.Job instance at 0x7fd541b78aa0>,19,3,[3 5],20,31,34,11,31
1,<environment.Job instance at 0x7fd541c56dc0>,21,13,[5 8],22,46,59,24,35
1,<environment.Job instance at 0x7fd541b0fdc0>,23,13,[6 5],24,59,72,35,43
1,<environment.Job instance at 0x7fd544338190>,27,18,[ 1 10],28,72,90,44,61
1,<environment.Job instance at 0x7fd4fdd39a50>,39,17,[5 2],40,90,107,50,83
1,<environment.Job instance at 0x7fd4fdd5d230>,40,14,[6 1],41,107,121,66,92
1,<environment.Job instance at 0x7fd4fdd5ddc0>,43,15,[2 7],44,102,117,58,102
1,<environment.Job instance at 0x7fd4fdd42d20>,46,17,[8 4],47,121,138,74,109
1,<environment.Job instance at 0x7fd4fdd42cd0>,50,13,[8 4],51,138,151,87,126
1,<environment.Job instance at 0x7fd4fe51da50>,56,18,[7 3],57,151,169,94,140
1,<environment.Job instance at 0x7fd4fdf53f00>,60,16,[ 2 10],61,169,185,108,156
1,<environment.Job instance at 0x7fd4fe63c3c0>,65,3,[5 2],66,185,188,119,162
1,<environment.Job instance at 0x7fd4fe63c1e0>,67,2,[5 5],68,185,187,117,162
1,<environment.Job instance at 0x7fd4fe35a5f0>,69,15,[4 6],70,187,202,117,173
1,<environment.Job instance at 0x7fd544275690>,76,12,[6 2],77,196,208,119,196
1,<environment.Job instance at 0x7fd4fe4f1a50>,77,15,[1 8],78,202,217,124,199
1,<environment.Job instance at 0x7fd4fe4f14b0>,78,2,[3 8],79,217,219,138,199
1,<environment.Job instance at 0x7fd4fe521280>,79,15,[9 1],80,219,234,139,205
1,<environment.Job instance at 0x7fd541f58e60>,0,14,[1 7],1,1,15,0,1
1,<environment.Job instance at 0x7fd544434c80>,10,15,[3 7],11,15,30,4,14
1,<environment.Job instance at 0x7fd4fdd597d0>,11,13,[1 7],12,30,43,18,14
1,<environment.Job instance at 0x7fd5421fe780>,14,14,[5 3],15,15,29,0,15
1,<environment.Job instance at 0x7fd54202d190>,15,2,[5 2],16,29,31,13,16
1,<environment.Job instance at 0x7fd54202d690>,19,1,[5 1],20,47,48,27,47
1,<environment.Job instance at 0x7fd4fded3e10>,21,18,[9 3],22,48,66,26,48
1,<environment.Job instance at 0x7fd4fded3230>,26,14,[9 3],27,66,80,39,51
1,<environment.Job instance at 0x7fd4fdf6ea00>,28,18,[7 1],29,80,98,51,70
1,<environment.Job instance at 0x7fd5420f84b0>,31,12,[4 6],32,98,110,66,81
1,<environment.Job instance at 0x7fd541e3e370>,40,13,[4 9],41,111,124,70,111
1,<environment.Job instance at 0x7fd549056c30>,41,3,[ 1 10],42,124,127,82,111
1,<environment.Job instance at 0x7fd549056140>,42,16,[8 1],43,127,143,84,114
1,<environment.Job instance at 0x7fd541e3edc0>,38,2,[6 3],39,143,145,104,126
1,<environment.Job instance at 0x7fd4fe64e5f0>,50,13,[6 3],51,157,170,106,157
1,<environment.Job instance at 0x7fd54431f410>,53,14,[6 4],54,170,184,116,170
1,<environment.Job instance at 0x7fd54431fcd0>,55,12,[10  3],56,184,196,128,173
1,<environment.Job instance at 0x7fd541f7bf00>,61,16,[1 5],62,196,212,134,183
1,<environment.Job instance at 0x7fd541cf6cd0>,67,13,[ 5 10],68,212,225,144,198
1,<environment.Job instance at 0x7fd541cf6be0>,68,16,[6 5],69,225,241,156,212
1,<environment.Job instance at 0x7fd4fdf5c7d0>,0,1,[9 3],1,1,2,0,1
1,<environment.Job instance at 0x7fd54431f550>,1,1,[2 5],2,2,3,0,2
1,<environment.Job instance at 0x7fd4fdd82050>,2,17,[3 5],3,3,20,0,3
1,<environment.Job instance at 0x7fd541f1a3c0>,13,18,[6 1],14,14,32,0,14
1,<environment.Job instance at 0x7fd4fe3ddb90>,14,16,[1 6],15,20,36,5,15
1,<environment.Job instance at 0x7fd4fdf171e0>,19,2,[9 5],20,36,38,16,24
1,<environment.Job instance at 0x7fd4fdf17370>,23,15,[8 2],24,38,53,14,28
1,<environment.Job instance at 0x7fd4fdef3d70>,31,16,[1 7],32,75,91,43,75
1,<environment.Job instance at 0x7fd4fdef38c0>,38,18,[5 9],39,91,109,52,80
1,<environment.Job instance at 0x7fd4fdd1b780>,39,16,[8 4],40,109,125,69,96
1,<environment.Job instance at 0x7fd4fdd1bc30>,43,16,[5 9],44,125,141,81,112
1,<environment.Job instance at 0x7fd4fdd1b870>,44,16,[3 5],45,141,157,96,128
1,<environment.Job instance at 0x7fd4fdd1b370>,51,12,[7 5],52,141,153,89,128
1,<environment.Job instance at 0x7fd4fdda6910>,60,14,[5 3],61,153,167,92,145
1,<environment.Job instance at 0x7fd4fdda6870>,62,12,[9 4],63,167,179,104,150
1,<environment.Job instance at 0x7fd4fdda61e0>,65,18,[6 4],66,179,197,113,168
1,<environment.Job instance at 0x7fd4fdda66e0>,58,1,[5 9],59,197,198,138,181
1,<environment.Job instance at 0x7fd4fdda6a00>,74,17,[9 5],75,198,215,123,188
1,<environment.Job instance at 0x7fd4fe58d460>,81,17,[7 1],82,215,232,133,206
1,<environment.Job instance at 0x7fd4fdda6d70>,1,15,[6 1],2,2,17,0,2
1,<environment.Job instance at 0x7fd541cb7690>,12,2,[7 3],13,17,19,4,13
1,<environment.Job instance at 0x7fd541cb7780>,13,2,[8 4],14,19,21,5,14
1,<environment.Job instance at 0x7fd541cb7280>,14,14,[ 4 10],15,22,36,7,22
1,<environment.Job instance at 0x7fd541de2d70>,17,18,[3 8],18,36,54,18,25
1,<environment.Job instance at 0x7fd4fe1d2af0>,23,15,[9 4],24,54,69,30,41
1,<environment.Job instance at 0x7fd4fe1d03c0>,30,3,[8 1],31,69,72,38,48
1,<environment.Job instance at 0x7fd4fe1ae320>,32,16,[6 4],33,72,88,39,59
1,<environment.Job instance at 0x7fd4fe1e2460>,41,18,[7 3],42,88,106,46,84
1,<environment.Job instance at 0x7fd4fe1c9fa0>,45,12,[8 1],46,106,118,60,93
1,<environment.Job instance at 0x7fd542046f00>,49,12,[4 6],50,118,130,68,101
1,<environment.Job instance at 0x7fd5444d5e60>,50,17,[5 2],51,118,135,67,106
1,<environment.Job instance at 0x7fd542031230>,55,18,[4 5],56,130,148,74,119
1,<environment.Job instance at 0x7fd541cb75f0>,15,16,[6 5],16,135,151,119,134
1,<environment.Job instance at 0x7fd541e8e690>,69,13,[2 6],70,151,164,81,148
1,<environment.Job instance at 0x7fd541cd1820>,82,16,[9 2],83,180,196,97,180
1,<environment.Job instance at 0x7fd541cd16e0>,88,12,[ 4 10],89,199,211,110,199
1,<environment.Job instance at 0x7fd541cd1af0>,92,17,[4 9],93,211,228,118,199
1,<environment.Job instance at 0x7fd541cd1370>,3,2,[7 1],4,4,6,0,4
1,<environment.Job instance at 0x7fd548eb8820>,5,13,[9 1],6,6,19,0,6
1,<environment.Job instance at 0x7fd4fdf174b0>,8,15,[3 5],9,19,34,10,9
1,<environment.Job instance at 0x7fd4fded9af0>,12,15,[8 3],13,34,49,21,22
1,<environment.Job instance at 0x7fd4fded9280>,16,13,[2 7],17,34,47,17,23
1,<environment.Job instance at 0x7fd4fe425050>,22,14,[5 3],23,49,63,26,35
1,<environment.Job instance at 0x7fd4fded9c30>,14,12,[2 9],15,63,75,48,48
1,<environment.Job instance at 0x7fd4fdd42640>,31,12,[7 1],32,63,75,31,48
1,<environment.Job instance at 0x7fd4fdf9c5a0>,11,1,[6 4],12,75,76,63,50
1,<environment.Job instance at 0x7fd541da8910>,32,13,[6 3],33,76,89,43,60
1,<environment.Job instance at 0x7fd4fdd42f50>,37,14,[6 1],38,89,103,51,74
1,<environment.Job instance at 0x7fd4fdd42a50>,40,16,[4 9],41,89,105,48,84
1,<environment.Job instance at 0x7fd4fdd425a0>,43,14,[5 4],44,105,119,61,90
1,<environment.Job instance at 0x7fd4fdd42a00>,45,14,[8 2],46,119,133,73,104
1,<environment.Job instance at 0x7fd544631b90>,60,17,[8 2],61,133,150,72,124
1,<environment.Job instance at 0x7fd4fe018870>,62,13,[6 1],63,150,163,87,134
1,<environment.Job instance at 0x7fd4fe2f0500>,65,14,[9 4],66,163,177,97,148
1,<environment.Job instance at 0x7fd4fe2f0730>,68,18,[5 3],69,177,195,108,166
1,<environment.Job instance at 0x7fd4fe362050>,70,12,[5 7],71,177,189,106,166
1,<environment.Job instance at 0x7fd54434e550>,95,12,[10  4],96,208,220,112,208
1,<environment.Job instance at 0x7fd4fdd42730>,0,14,[7 5],1,1,15,0,1
1,<environment.Job instance at 0x7fd4fe018c80>,1,14,[8 5],2,15,29,13,2
1,<environment.Job instance at 0x7fd4fdd9a820>,6,3,[10  1],7,29,32,22,14
1,<environment.Job instance at 0x7fd542138820>,13,13,[1 7],14,32,45,18,17
1,<environment.Job instance at 0x7fd4fdea9f50>,15,2,[8 4],16,45,47,29,18
1,<environment.Job instance at 0x7fd4fdea9780>,18,1,[5 2],19,32,33,13,19
1,<environment.Job instance at 0x7fd4fdea9730>,19,17,[8 2],20,47,64,27,35
1,<environment.Job instance at 0x7fd4fdea95f0>,22,16,[5 5],23,64,80,41,51
1,<environment.Job instance at 0x7fd4fdea92d0>,28,13,[5 5],29,64,77,35,51
1,<environment.Job instance at 0x7fd4fde3c2d0>,35,16,[6 1],36,80,96,44,72
1,<environment.Job instance at 0x7fd4fde3cbe0>,38,16,[6 1],39,96,112,57,83
1,<environment.Job instance at 0x7fd4fde3c780>,39,13,[5 2],40,112,125,72,96
1,<environment.Job instance at 0x7fd54436ef50>,52,12,[7 2],53,150,162,97,150
1,<environment.Job instance at 0x7fd54436e6e0>,57,13,[7 4],58,162,175,104,153
1,<environment.Job instance at 0x7fd54435e0f0>,66,14,[8 2],67,175,189,108,160
1,<environment.Job instance at 0x7fd54435e870>,75,13,[3 7],76,189,202,113,175
1,<environment.Job instance at 0x7fd5449edf50>,1,1,[ 5 10],2,2,3,0,2
1,<environment.Job instance at 0x7fd5448a0eb0>,18,18,[2 5],19,47,65,28,47
1,<environment.Job instance at 0x7fd5448a0d20>,21,18,[ 5 10],22,65,83,43,61
1,<environment.Job instance at 0x7fd5448a0b90>,24,3,[4 8],25,83,86,58,61
1,<environment.Job instance at 0x7fd541a873c0>,26,15,[9 2],27,86,101,59,72
1,<environment.Job instance at 0x7fd4fe3fbf50>,31,14,[ 2 10],32,101,115,69,90
1,<environment.Job instance at 0x7fd4fdda2e10>,40,13,[7 2],41,115,128,74,99
1,<environment.Job instance at 0x7fd541d9daa0>,50,13,[2 8],51,115,128,64,107
1,<environment.Job instance at 0x7fd541e5b640>,53,17,[10  5],54,132,149,78,132
1,<environment.Job instance at 0x7fd4fde502d0>,69,18,[1 5],70,166,184,96,166
1,<environment.Job instance at 0x7fd4fde50410>,66,22,[9 5],67,170,192,103,170
1,<environment.Job instance at 0x7fd4fde50b40>,71,14,[10  4],72,192,206,120,189
1,<environment.Job instance at 0x7fd4fe27d0f0>,84,3,[10  1],85,206,209,121,205
1,<environment.Job instance at 0x7fd4fe27ddc0>,86,1,[1 6],87,209,210,122,205
1,<environment.Job instance at 0x7fd4fe27dd70>,87,15,[3 5],88,210,225,122,205
1,<environment.Job instance at 0x7f4884e8cdc0>,2,12,[5 4],3,3,15,0,3
1,<environment.Job instance at 0x7f487ba2a280>,3,18,[ 3 10],4,15,33,11,5
1,<environment.Job instance at 0x7f487ba2aaa0>,13,13,[1 8],14,33,46,19,18
1,<environment.Job instance at 0x7f487ba2ab40>,14,12,[3 7],15,46,58,31,29
1,<environment.Job instance at 0x7f487ba2b1e0>,24,3,[5 9],25,58,61,33,47
1,<environment.Job instance at 0x7f487ba2b230>,25,3,[1 6],26,61,64,35,47
1,<environment.Job instance at 0x7f487ba2b370>,27,2,[6 4],28,61,63,33,47
1,<environment.Job instance at 0x7f487ba2b410>,28,2,[5 9],29,64,66,35,47
1,<environment.Job instance at 0x7f487ba2b7d0>,30,1,[5 5],31,66,67,35,49
1,<environment.Job instance at 0x7f487ba2b6e0>,31,17,[4 9],32,67,84,35,55
1,<environment.Job instance at 0x7f487ba2b910>,34,3,[9 5],35,84,87,49,59
1,<environment.Job instance at 0x7f487ba2b9b0>,35,16,[8 1],36,87,103,51,74
1,<environment.Job instance at 0x7f487ba2bd70>,41,14,[6 1],42,103,117,61,88
1,<environment.Job instance at 0x7f487ba31190>,42,14,[8 4],43,117,131,74,102
1,<environment.Job instance at 0x7f487ba319b0>,48,13,[6 1],49,131,144,82,118
1,<environment.Job instance at 0x7f487ba316e0>,46,3,[5 4],47,144,147,97,124
1,<environment.Job instance at 0x7f487ba31d20>,54,14,[1 7],55,147,161,92,132
1,<environment.Job instance at 0x7f487ba303c0>,56,18,[4 5],57,161,179,104,151
1,<environment.Job instance at 0x7f487ba30870>,64,12,[6 1],65,161,173,96,161
1,<environment.Job instance at 0x7f487ba30cd0>,69,13,[7 2],70,183,196,113,183
1,<environment.Job instance at 0x7f487ba30d70>,72,14,[9 1],73,196,210,123,184
1,<environment.Job instance at 0x7f487ba33550>,79,17,[2 7],80,210,227,130,208
1,<environment.Job instance at 0x7f487ba33190>,0,17,[3 8],1,1,18,0,1
1,<environment.Job instance at 0x7f487ba417d0>,3,16,[6 4],4,18,34,14,6
1,<environment.Job instance at 0x7f487ba41f00>,6,15,[6 2],7,34,49,27,20
1,<environment.Job instance at 0x7f4839e2aa00>,28,18,[4 6],29,47,65,18,47
1,<environment.Job instance at 0x7f4839e2a780>,29,16,[3 5],30,65,81,35,52
1,<environment.Job instance at 0x7f4839e27690>,38,14,[4 7],39,81,95,42,70
1,<environment.Job instance at 0x7f4839e28aa0>,45,17,[10  5],46,98,115,52,98
1,<environment.Job instance at 0x7f4839e28f00>,49,17,[9 2],50,115,132,65,103
1,<environment.Job instance at 0x7f4839e28410>,53,3,[5 4],54,132,135,78,114
1,<environment.Job instance at 0x7f4839e28820>,54,17,[10  5],55,135,152,80,123
1,<environment.Job instance at 0x7f4839f6c8c0>,64,17,[10  2],65,153,170,88,153
1,<environment.Job instance at 0x7f4839e3edc0>,65,17,[5 9],66,172,189,106,172
1,<environment.Job instance at 0x7f483a043320>,74,13,[5 9],75,189,202,114,180
1,<environment.Job instance at 0x7f4839f54d20>,76,16,[7 2],77,202,218,125,193
1,<environment.Job instance at 0x7f4839efc5a0>,85,17,[3 5],86,209,226,123,209
1,<environment.Job instance at 0x7f4839efce10>,86,15,[ 5 10],87,226,241,139,212
1,<environment.Job instance at 0x7f483a0592d0>,0,2,[10  1],1,1,3,0,1
1,<environment.Job instance at 0x7f4839efc460>,1,16,[6 2],2,3,19,1,2
1,<environment.Job instance at 0x7f4839c752d0>,6,13,[3 6],7,7,20,0,7
1,<environment.Job instance at 0x7f487ff7ff50>,14,18,[ 5 10],15,20,38,5,15
1,<environment.Job instance at 0x7f487bc4d370>,16,16,[5 7],17,38,54,21,25
1,<environment.Job instance at 0x7f4839c9fcd0>,20,17,[4 5],21,54,71,33,42
1,<environment.Job instance at 0x7f4839c97f00>,27,17,[7 5],28,71,88,43,59
1,<environment.Job instance at 0x7f4839ce5c30>,37,14,[7 1],38,88,102,50,75
1,<environment.Job instance at 0x7f4839ce59b0>,40,14,[ 3 10],41,102,116,61,90
1,<environment.Job instance at 0x7f487b7fb4b0>,43,15,[7 4],44,116,131,72,104
1,<environment.Job instance at 0x7f487befba00>,51,16,[2 8],52,131,147,79,118
1,<environment.Job instance at 0x7f487bba8640>,53,13,[2 5],54,118,131,64,118
1,<environment.Job instance at 0x7f4839ce9050>,61,15,[3 5],62,147,162,85,136
1,<environment.Job instance at 0x7f4839cf3a50>,72,15,[7 3],73,175,190,102,175
1,<environment.Job instance at 0x7f487b7ee7d0>,76,15,[10  5],77,190,205,113,182
1,<environment.Job instance at 0x7f487b7fe550>,83,12,[8 5],84,205,217,121,196
1,<environment.Job instance at 0x7f487bee3e10>,85,12,[2 5],86,214,226,128,214
1,<environment.Job instance at 0x7f487b84dd70>,2,13,[3 9],3,3,16,0,3
1,<environment.Job instance at 0x7f483a2d95f0>,6,13,[8 4],7,16,29,9,7
1,<environment.Job instance at 0x7f48802226e0>,7,14,[9 1],8,29,43,21,19
1,<environment.Job instance at 0x7f48805c83c0>,17,16,[2 6],18,43,59,25,30
1,<environment.Job instance at 0x7f483a1ee960>,26,17,[9 1],27,59,76,32,47
1,<environment.Job instance at 0x7f487ba7b050>,29,16,[1 8],30,59,75,29,48
1,<environment.Job instance at 0x7f487ba7bbe0>,32,17,[10  3],33,76,93,43,64
1,<environment.Job instance at 0x7f487ba24d70>,43,14,[3 6],44,94,108,50,94
1,<environment.Job instance at 0x7f487ba245a0>,45,1,[3 6],46,108,109,62,94
1,<environment.Job instance at 0x7f487bab7550>,47,13,[6 5],48,109,122,61,94
1,<environment.Job instance at 0x7f487ba89140>,51,14,[1 9],52,122,136,70,107
1,<environment.Job instance at 0x7f487ba89730>,53,18,[4 8],54,136,154,82,125
1,<environment.Job instance at 0x7f487ba89a00>,55,14,[7 3],56,154,168,98,139
1,<environment.Job instance at 0x7f487bb01aa0>,69,3,[4 8],70,168,171,98,165
1,<environment.Job instance at 0x7f487be7a0f0>,70,14,[ 4 10],71,171,185,100,165
1,<environment.Job instance at 0x7f487bae15a0>,72,17,[2 5],73,185,202,112,173
1,<environment.Job instance at 0x7f487bae1780>,73,14,[8 2],74,185,199,111,173
1,<environment.Job instance at 0x7f487bb5b7d0>,79,18,[5 8],80,202,220,122,192
1,<environment.Job instance at 0x7f487bb5e410>,86,14,[7 5],87,220,234,133,210
1,<environment.Job instance at 0x7f483a003fa0>,0,18,[5 9],1,1,19,0,1
1,<environment.Job instance at 0x7f487ba24a50>,4,14,[7 5],5,19,33,14,5
1,<environment.Job instance at 0x7f487ba13730>,15,17,[ 5 10],16,33,50,17,24
1,<environment.Job instance at 0x7f487ba739b0>,21,13,[1 9],22,56,69,34,56
1,<environment.Job instance at 0x7f483a0d7280>,27,17,[3 8],28,69,86,41,69
1,<environment.Job instance at 0x7f483a0cc370>,40,18,[8 1],41,108,126,67,108
1,<environment.Job instance at 0x7f483a12aeb0>,36,1,[4 7],37,126,127,89,110
1,<environment.Job instance at 0x7f483a0f6780>,45,13,[3 9],46,127,140,81,111
1,<environment.Job instance at 0x7f483a0f6b40>,47,17,[3 5],48,140,157,92,128
1,<environment.Job instance at 0x7f483a116b40>,55,13,[8 5],56,157,170,101,148
1,<environment.Job instance at 0x7f483a1162d0>,57,14,[2 5],58,148,162,90,148
1,<environment.Job instance at 0x7f483a116640>,58,16,[6 5],59,170,186,111,157
1,<environment.Job instance at 0x7f483a0f4c80>,66,15,[9 1],67,186,201,119,172
1,<environment.Job instance at 0x7f483a0fc9b0>,72,13,[ 5 10],73,201,214,128,189
1,<environment.Job instance at 0x7f483a103320>,79,16,[10  2],80,214,230,134,203
1,<environment.Job instance at 0x7f487ba80c80>,0,2,[2 7],1,1,3,0,1
1,<environment.Job instance at 0x7f487ba9d2d0>,1,12,[1 8],2,3,15,1,2
1,<environment.Job instance at 0x7f4880211870>,3,16,[5 3],4,15,31,11,4
1,<environment.Job instance at 0x7f488075a410>,10,13,[5 3],11,15,28,4,14
1,<environment.Job instance at 0x7f4880344960>,12,17,[9 4],13,31,48,18,19
1,<environment.Job instance at 0x7f4880344190>,17,15,[4 6],18,48,63,30,34
1,<environment.Job instance at 0x7f488054cdc0>,24,16,[4 5],25,63,79,38,50
1,<environment.Job instance at 0x7f488054cfa0>,33,15,[5 5],34,65,80,31,65
1,<environment.Job instance at 0x7f488054c410>,39,13,[7 4],40,81,94,41,81
1,<environment.Job instance at 0x7f488054cd70>,43,15,[4 9],44,119,134,75,119
1,<environment.Job instance at 0x7f487bc8eaa0>,52,15,[4 8],53,139,154,86,139
1,<environment.Job instance at 0x7f487bc8ee60>,56,12,[2 7],57,154,166,97,148
1,<environment.Job instance at 0x7f487bc8ed70>,57,14,[ 4 10],58,166,180,108,152
1,<environment.Job instance at 0x7f487bc8e0f0>,62,16,[3 8],63,180,196,117,167
1,<environment.Job instance at 0x7f483a076fa0>,68,17,[9 5],69,196,213,127,185
1,<environment.Job instance at 0x7f483a0765a0>,73,13,[5 5],74,213,226,139,199
1,<environment.Job instance at 0x7f483a076960>,83,3,[10  3],84,226,229,142,214
1,<environment.Job instance at 0x7f487b9c7910>,84,13,[5 3],85,229,242,144,214
1,<environment.Job instance at 0x7f488054c730>,1,1,[6 5],2,2,3,0,2
1,<environment.Job instance at 0x7f487b9c2320>,8,16,[9 4],9,9,25,0,9
1,<environment.Job instance at 0x7f4880492af0>,10,14,[1 5],11,14,28,3,14
1,<environment.Job instance at 0x7f487ff7f550>,9,15,[5 7],10,28,43,18,24
1,<environment.Job instance at 0x7f487baf8c30>,14,13,[2 6],15,57,70,42,57
1,<environment.Job instance at 0x7f487bccba00>,18,14,[1 7],19,75,89,56,75
1,<environment.Job instance at 0x7f487bccbe10>,19,18,[6 4],20,89,107,69,78
1,<environment.Job instance at 0x7f4880002f00>,24,14,[5 3],25,107,121,82,92
1,<environment.Job instance at 0x7f487bd70e10>,30,14,[10  1],31,121,135,90,107
1,<environment.Job instance at 0x7f48801a4b90>,34,18,[5 6],35,135,153,100,124
1,<environment.Job instance at 0x7f487bac6eb0>,37,13,[4 5],38,153,166,115,137
1,<environment.Job instance at 0x7f487ba815a0>,44,14,[6 4],45,153,167,108,150
1,<environment.Job instance at 0x7f487baab9b0>,47,2,[6 3],48,167,169,119,151
1,<environment.Job instance at 0x7f487baab2d0>,48,2,[2 8],49,169,171,120,151
1,<environment.Job instance at 0x7f4839ee14b0>,49,12,[9 4],50,171,183,121,154
1,<environment.Job instance at 0x7f4839de05a0>,6,13,[9 3],7,183,196,176,174
1,<environment.Job instance at 0x7f4839ef0460>,76,12,[3 9],77,211,223,134,211
1,<environment.Job instance at 0x7f487b907050>,0,2,[5 5],1,1,3,0,1
1,<environment.Job instance at 0x7f487bad3dc0>,2,13,[2 9],3,3,16,0,3
1,<environment.Job instance at 0x7f4839de0190>,4,3,[4 5],5,16,19,11,5
1,<environment.Job instance at 0x7f4880017500>,5,18,[7 5],6,19,37,13,8
1,<environment.Job instance at 0x7f4880017280>,8,13,[1 5],9,16,29,7,9
1,<environment.Job instance at 0x7f483a144b90>,19,17,[2 6],20,37,54,17,27
1,<environment.Job instance at 0x7f483a144be0>,26,17,[3 5],27,54,71,27,42
1,<environment.Job instance at 0x7f483a141820>,35,15,[8 1],36,71,86,35,68
1,<environment.Job instance at 0x7f483a141960>,37,1,[2 6],38,71,72,33,68
1,<environment.Job instance at 0x7f483a141a00>,38,18,[5 5],39,86,104,47,75
1,<environment.Job instance at 0x7f483a141b40>,40,16,[7 5],41,104,120,63,91
1,<environment.Job instance at 0x7f483a141dc0>,44,17,[2 5],45,97,114,52,97
1,<environment.Job instance at 0x7f483a138280>,49,14,[5 4],50,120,134,70,105
1,<environment.Job instance at 0x7f4880136690>,6,27,[5 2],7,120,147,113,119
1,<environment.Job instance at 0x7f483a138460>,52,16,[9 4],53,147,163,94,134
1,<environment.Job instance at 0x7f483a1380f0>,56,18,[8 1],57,163,181,106,152
1,<environment.Job instance at 0x7f483a165280>,68,18,[5 3],69,181,199,112,170
1,<environment.Job instance at 0x7f483a165690>,74,15,[5 6],75,186,201,111,186
1,<environment.Job instance at 0x7f483a165870>,78,12,[9 3],79,201,213,122,186
1,<environment.Job instance at 0x7f483a165cd0>,85,15,[3 9],86,213,228,127,213
1,<environment.Job instance at 0x7f483a165d70>,86,1,[6 3],87,228,229,141,213
1,<environment.Job instance at 0x7f483a145780>,0,12,[5 6],1,1,13,0,1
1,<environment.Job instance at 0x7f483a165e60>,1,16,[3 9],2,13,29,11,2
1,<environment.Job instance at 0x7f48800768c0>,5,17,[10  3],6,29,46,23,18
1,<environment.Job instance at 0x7f483a3a8870>,22,14,[9 2],23,46,60,23,44
1,<environment.Job instance at 0x7f483a3a83c0>,24,2,[6 1],25,60,62,35,44
1,<environment.Job instance at 0x7f483a3a8f50>,25,17,[5 3],26,62,79,36,51
1,<environment.Job instance at 0x7f487ba63640>,26,12,[2 7],27,60,72,33,52
1,<environment.Job instance at 0x7f483a20b500>,32,16,[9 2],33,79,95,46,67
1,<environment.Job instance at 0x7f483a20b280>,36,17,[3 7],37,95,112,58,88
1,<environment.Job instance at 0x7f487b8f7c80>,39,17,[5 7],40,112,129,72,101
1,<environment.Job instance at 0x7f48802d0f00>,52,14,[ 2 10],53,129,143,76,129
1,<environment.Job instance at 0x7f48802d0320>,53,16,[3 8],54,143,159,89,135
1,<environment.Job instance at 0x7f4839cc30f0>,56,13,[5 7],57,159,172,102,144
1,<environment.Job instance at 0x7f483a24b500>,62,17,[9 4],63,172,189,109,160
1,<environment.Job instance at 0x7f488074c820>,69,16,[10  5],70,189,205,119,177
1,<environment.Job instance at 0x7f487ffbba50>,0,2,[6 1],1,1,3,0,1
1,<environment.Job instance at 0x7f4884fac230>,2,18,[3 7],3,3,21,0,3
1,<environment.Job instance at 0x7f483a065870>,5,13,[9 1],6,21,34,15,6
1,<environment.Job instance at 0x7f487bf4c230>,16,13,[8 1],17,34,47,17,23
1,<environment.Job instance at 0x7f483a080690>,24,17,[2 7],25,34,51,9,34
1,<environment.Job instance at 0x7f483a0800a0>,25,14,[7 2],26,47,61,21,37
1,<environment.Job instance at 0x7f4884d2ab40>,30,16,[1 7],31,60,76,29,60
1,<environment.Job instance at 0x7f487b87c6e0>,36,15,[5 6],37,76,91,39,62
1,<environment.Job instance at 0x7f487b87c500>,41,16,[5 5],42,91,107,49,78
1,<environment.Job instance at 0x7f48801ac820>,42,18,[2 5],43,91,109,48,81
1,<environment.Job instance at 0x7f488037e730>,51,15,[5 2],52,107,122,55,94
1,<environment.Job instance at 0x7f4839e83d20>,56,1,[5 9],57,122,123,65,108
1,<environment.Job instance at 0x7f4839e839b0>,55,16,[10  3],56,123,139,67,112
1,<environment.Job instance at 0x7f487b87a690>,57,2,[10  2],58,139,141,81,112
1,<environment.Job instance at 0x7f488019b8c0>,64,1,[6 1],65,141,142,76,115
1,<environment.Job instance at 0x7f488019bb90>,65,15,[1 5],66,141,156,75,127
1,<environment.Job instance at 0x7f487bbb9050>,78,16,[ 5 10],79,156,172,77,153
1,<environment.Job instance at 0x7f483a07f5f0>,80,13,[1 5],81,172,185,91,156
1,<environment.Job instance at 0x7f488020d8c0>,85,13,[5 4],86,172,185,86,168
1,<environment.Job instance at 0x7f488020daa0>,87,15,[2 6],88,185,200,97,181
1,<environment.Job instance at 0x7f483a3d83c0>,90,13,[2 8],91,200,213,109,185
1,<environment.Job instance at 0x7f487bc9faa0>,0,13,[5 8],1,1,14,0,1
1,<environment.Job instance at 0x7f487bc9f870>,5,17,[1 7],6,14,31,8,6
1,<environment.Job instance at 0x7f487ba79370>,11,12,[7 2],12,18,30,6,18
1,<environment.Job instance at 0x7f487b8c3af0>,18,13,[6 2],19,30,43,11,21
1,<environment.Job instance at 0x7f487b8c3fa0>,19,12,[7 5],20,43,55,23,26
1,<environment.Job instance at 0x7f483a367960>,2,3,[2 8],3,36,39,33,36
1,<environment.Job instance at 0x7f483a118730>,21,12,[5 8],22,55,67,33,38
1,<environment.Job instance at 0x7f483a118a00>,26,16,[5 9],27,67,83,40,54
1,<environment.Job instance at 0x7f483a0f8050>,36,14,[4 7],37,83,97,46,81
1,<environment.Job instance at 0x7f483a0f8370>,39,13,[10  4],40,97,110,57,83
1,<environment.Job instance at 0x7f483a0f8690>,43,14,[ 4 10],44,110,124,66,98
1,<environment.Job instance at 0x7f483a0f8af0>,49,3,[5 4],50,124,127,74,114
1,<environment.Job instance at 0x7f483a0f8be0>,50,2,[3 5],51,124,126,73,114
1,<environment.Job instance at 0x7f483a0f8a50>,53,1,[3 7],54,127,128,73,115
1,<environment.Job instance at 0x7f483a0f8e10>,54,3,[8 5],55,128,131,73,115
1,<environment.Job instance at 0x7f483a12f280>,56,16,[4 9],57,131,147,74,119
1,<environment.Job instance at 0x7f483a12f320>,57,18,[6 1],58,131,149,73,120
1,<environment.Job instance at 0x7f483a12f460>,59,15,[6 4],60,149,164,89,135
1,<environment.Job instance at 0x7f483a12fd20>,71,1,[3 6],72,157,158,85,157
1,<environment.Job instance at 0x7f483a12fdc0>,72,18,[6 5],73,164,182,91,162
1,<environment.Job instance at 0x7f483a12ff00>,74,14,[ 5 10],75,182,196,107,169
1,<environment.Job instance at 0x7f483a12fb90>,77,15,[4 8],78,196,211,118,183
1,<environment.Job instance at 0x7f483a12fb40>,78,15,[1 6],79,211,226,132,197
1,<environment.Job instance at 0x7f483a1225f0>,84,17,[1 6],85,226,243,141,214
1,<environment.Job instance at 0x7f487b9be3c0>,0,13,[8 3],1,1,14,0,1
1,<environment.Job instance at 0x7f487ffbbc80>,8,3,[1 7],9,9,12,0,9
1,<environment.Job instance at 0x7f487b8b75a0>,14,16,[5 8],15,19,35,4,19
1,<environment.Job instance at 0x7f487b8b7960>,16,2,[ 1 10],17,35,37,18,19
1,<environment.Job instance at 0x7f487b8b7e60>,17,3,[2 7],18,37,40,19,19
1,<environment.Job instance at 0x7f487b8b7370>,19,1,[5 6],20,40,41,20,21
1,<environment.Job instance at 0x7f487b8b7d20>,20,18,[3 5],21,41,59,20,30
1,<environment.Job instance at 0x7f487b8b7550>,23,14,[6 2],24,41,55,17,30
1,<environment.Job instance at 0x7f487b8e40f0>,29,2,[4 8],30,59,61,29,32
1,<environment.Job instance at 0x7f487b8b76e0>,21,15,[3 7],22,61,76,39,49
1,<environment.Job instance at 0x7f487b9705f0>,38,12,[10  4],39,76,88,37,63
1,<environment.Job instance at 0x7f487b9702d0>,43,3,[6 1],44,73,76,29,73
1,<environment.Job instance at 0x7f4884e1c870>,46,2,[5 9],47,88,90,41,74
1,<environment.Job instance at 0x7f48804eb780>,51,17,[7 4],52,90,107,38,78
1,<environment.Job instance at 0x7f487bcb3a50>,55,13,[7 4],56,107,120,51,91
1,<environment.Job instance at 0x7f487bcb3f50>,56,16,[3 8],57,120,136,63,107
1,<environment.Job instance at 0x7f4880338b90>,64,12,[7 1],65,120,132,55,120
1,<environment.Job instance at 0x7f48800879b0>,68,12,[7 5],69,136,148,67,120
1,<environment.Job instance at 0x7f483a308870>,74,2,[8 5],75,148,150,73,137
1,<environment.Job instance at 0x7f4839cefc30>,76,17,[4 8],77,150,167,73,143
1,<environment.Job instance at 0x7f4839cef410>,78,16,[8 4],79,167,183,88,154
1,<environment.Job instance at 0x7f4839cefd20>,79,17,[5 6],80,183,200,103,171
1,<environment.Job instance at 0x7f4839cef370>,87,13,[7 1],88,200,213,112,187
1,<environment.Job instance at 0x7f4839cef320>,90,12,[3 8],91,200,212,109,199
1,<environment.Job instance at 0x7f487bcf9d70>,91,18,[7 1],92,213,231,121,202
1,<environment.Job instance at 0x7f487b8e4e60>,0,1,[1 9],1,1,2,0,1
1,<environment.Job instance at 0x7f4880326eb0>,1,16,[8 4],2,2,18,0,2
1,<environment.Job instance at 0x7f48804d0870>,7,16,[8 4],8,18,34,10,8
1,<environment.Job instance at 0x7f483a0592d0>,17,14,[4 7],18,34,48,16,19
1,<environment.Job instance at 0x7f4839cd45f0>,27,1,[7 5],28,48,49,20,38
1,<environment.Job instance at 0x7f483a1cd5f0>,29,3,[3 5],30,48,51,18,38
1,<environment.Job instance at 0x7f483a1cd8c0>,30,3,[ 2 10],31,51,54,20,38
1,<environment.Job instance at 0x7f483a1cdd20>,31,13,[5 8],32,54,67,22,38
1,<environment.Job instance at 0x7f483a059c30>,18,1,[3 6],19,67,68,48,45
1,<environment.Job instance at 0x7f487bbd47d0>,33,13,[6 5],34,68,81,34,52
1,<environment.Job instance at 0x7f487bbd42d0>,39,3,[7 4],40,81,84,41,63
1,<environment.Job instance at 0x7f487bc7b960>,40,2,[3 9],41,84,86,43,64
1,<environment.Job instance at 0x7f487bc7bfa0>,41,3,[4 5],42,68,71,26,64
1,<environment.Job instance at 0x7f487bc7b4b0>,43,16,[9 5],44,86,102,42,73
1,<environment.Job instance at 0x7f487bc7b690>,47,17,[5 6],48,102,119,54,95
1,<environment.Job instance at 0x7f487bc3d5a0>,51,17,[9 3],52,119,136,67,107
1,<environment.Job instance at 0x7f487bc3d320>,53,15,[2 7],54,136,151,82,125
1,<environment.Job instance at 0x7f4880021b90>,70,16,[ 2 10],71,151,167,80,151
1,<environment.Job instance at 0x7f4880021910>,78,13,[8 5],79,167,180,88,167
1,<environment.Job instance at 0x7f4880057b40>,86,12,[6 2],87,191,203,104,191
1,<environment.Job instance at 0x7f4880057c80>,87,15,[1 8],88,191,206,103,191
1,<environment.Job instance at 0x7f4880057af0>,90,12,[10  4],91,206,218,115,203
1,<environment.Job instance at 0x7f487bc3d370>,56,17,[8 4],57,218,235,161,207
1,<environment.Job instance at 0x7f48804d0f50>,0,14,[1 7],1,1,15,0,1
1,<environment.Job instance at 0x7f487be51d70>,10,15,[3 7],11,15,30,4,11
1,<environment.Job instance at 0x7f487bc21640>,11,13,[1 7],12,30,43,18,14
1,<environment.Job instance at 0x7f4880448a50>,14,14,[5 3],15,15,29,0,15
1,<environment.Job instance at 0x7f487be167d0>,26,14,[9 3],27,40,54,13,40
1,<environment.Job instance at 0x7f487bdef230>,28,18,[7 1],29,54,72,25,44
1,<environment.Job instance at 0x7f487bdef1e0>,29,14,[1 8],30,54,68,24,44
1,<environment.Job instance at 0x7f487bdef870>,33,13,[10  4],34,72,85,38,57
1,<environment.Job instance at 0x7f487b7a6c30>,42,16,[8 1],43,85,101,42,73
1,<environment.Job instance at 0x7f483a0ac500>,49,12,[1 8],50,126,138,76,126
1,<environment.Job instance at 0x7f4839d79dc0>,54,3,[ 3 10],55,138,141,83,129
1,<environment.Job instance at 0x7f4839d798c0>,55,12,[10  3],56,141,153,85,133
1,<environment.Job instance at 0x7f487bd87460>,56,16,[1 7],57,153,169,96,140
1,<environment.Job instance at 0x7f4880387c80>,60,12,[4 5],61,169,181,108,152
1,<environment.Job instance at 0x7f4880343c30>,68,16,[6 5],69,169,185,100,157
1,<environment.Job instance at 0x7f4839f34dc0>,77,16,[1 7],78,195,211,117,195
1,<environment.Job instance at 0x7f483a089870>,82,14,[10  5],83,211,225,128,200
1,<environment.Job instance at 0x7f487bf4caf0>,0,2,[8 4],1,1,3,0,1
1,<environment.Job instance at 0x7f487be12410>,2,1,[2 9],3,3,4,0,3
1,<environment.Job instance at 0x7f4839e825a0>,3,18,[6 1],4,4,22,0,4
1,<environment.Job instance at 0x7f48804d0eb0>,4,16,[1 6],5,5,21,0,5
1,<environment.Job instance at 0x7f4880543320>,25,1,[8 4],26,46,47,20,46
1,<environment.Job instance at 0x7f4880543d70>,26,12,[1 9],27,47,59,20,46
1,<environment.Job instance at 0x7f487bde08c0>,29,16,[8 4],30,59,75,29,54
1,<environment.Job instance at 0x7f4880536aa0>,32,16,[4 7],33,75,91,42,62
1,<environment.Job instance at 0x7f487bec50f0>,36,12,[1 5],37,91,103,54,74
1,<environment.Job instance at 0x7f487bd97eb0>,41,12,[7 5],42,91,103,49,74
1,<environment.Job instance at 0x7f4839c7b8c0>,45,15,[8 3],46,103,118,57,92
1,<environment.Job instance at 0x7f4839c7b5a0>,48,1,[5 9],49,118,119,69,102
1,<environment.Job instance at 0x7f4839c7b0f0>,50,14,[5 3],51,119,133,68,105
1,<environment.Job instance at 0x7f487be03730>,55,18,[6 4],56,133,151,77,122
1,<environment.Job instance at 0x7f487be032d0>,58,13,[7 2],59,151,164,92,135
1,<environment.Job instance at 0x7f487be038c0>,61,12,[4 6],62,136,148,74,136
1,<environment.Job instance at 0x7f483a0d94b0>,71,17,[7 1],72,164,181,92,153
1,<environment.Job instance at 0x7f487ba7daf0>,81,17,[8 4],82,190,207,108,190
1,<environment.Job instance at 0x7f487ff7f960>,84,14,[ 4 10],85,207,221,122,205
1,<environment.Job instance at 0x7f483a3074b0>,90,16,[10  2],91,221,237,130,211
1,<environment.Job instance at 0x7f483a034fa0>,1,3,[6 4],2,2,5,0,2
1,<environment.Job instance at 0x7f4839a34730>,2,16,[3 7],3,5,21,2,3
1,<environment.Job instance at 0x7f48803300a0>,3,15,[9 4],4,21,36,17,7
1,<environment.Job instance at 0x7f4839d3fcd0>,8,3,[ 2 10],9,36,39,27,31
1,<environment.Job instance at 0x7f487b8d0280>,20,15,[8 4],21,39,54,18,35
1,<environment.Job instance at 0x7f487b8d01e0>,15,27,[1 5],16,42,69,26,42
1,<environment.Job instance at 0x7f487b8d0dc0>,21,18,[7 3],22,54,72,32,43
1,<environment.Job instance at 0x7f48800e2690>,25,12,[8 1],26,72,84,46,56
1,<environment.Job instance at 0x7f48800e2320>,26,1,[10  1],27,84,85,57,70
1,<environment.Job instance at 0x7f487b8d0a00>,22,17,[1 7],23,85,102,62,77
1,<environment.Job instance at 0x7f487b8d0fa0>,17,2,[ 1 10],18,102,104,84,78
1,<environment.Job instance at 0x7f48800e2370>,38,12,[1 5],39,104,116,65,96
1,<environment.Job instance at 0x7f4839aae1e0>,54,12,[9 5],55,123,135,68,123
1,<environment.Job instance at 0x7f4880460fa0>,71,15,[9 3],72,135,150,63,126
1,<environment.Job instance at 0x7f4880460c30>,64,3,[5 3],65,150,153,85,128
1,<environment.Job instance at 0x7f4880460b90>,73,1,[5 5],74,150,151,76,129
1,<environment.Job instance at 0x7f4839d5a7d0>,75,13,[7 2],76,153,166,77,137
1,<environment.Job instance at 0x7f487bb77640>,83,17,[8 3],84,166,183,82,156
1,<environment.Job instance at 0x7f4839c51550>,91,1,[10  1],92,201,202,109,201
1,<environment.Job instance at 0x7f48800850f0>,0,1,[7 3],1,1,2,0,1
1,<environment.Job instance at 0x7f4880085cd0>,1,12,[7 1],2,2,14,0,2
1,<environment.Job instance at 0x7f4880330500>,2,13,[6 3],3,14,27,11,3
1,<environment.Job instance at 0x7f48800e25a0>,3,3,[8 1],4,27,30,23,4
1,<environment.Job instance at 0x7f487b927500>,7,14,[6 1],8,30,44,22,15
1,<environment.Job instance at 0x7f487b927460>,15,14,[8 2],16,44,58,28,29
1,<environment.Job instance at 0x7f483a206b90>,27,15,[10  5],28,58,73,30,45
1,<environment.Job instance at 0x7f483a206820>,30,17,[8 2],31,73,90,42,61
1,<environment.Job instance at 0x7f483a21eb40>,33,15,[5 2],34,90,105,56,76
1,<environment.Job instance at 0x7f483a21e410>,38,18,[5 3],39,90,108,51,88
1,<environment.Job instance at 0x7f483a219910>,39,12,[9 5],40,108,120,68,92
1,<environment.Job instance at 0x7f483a203230>,52,13,[5 8],53,120,133,67,105
1,<environment.Job instance at 0x7f4880523190>,70,18,[1 7],71,161,179,90,161
1,<environment.Job instance at 0x7f4880523410>,74,18,[3 8],75,179,197,104,170
1,<environment.Job instance at 0x7f483a101e10>,4,17,[4 8],5,5,22,0,5
1,<environment.Job instance at 0x7f48399bcaa0>,19,3,[ 1 10],20,68,71,48,68
1,<environment.Job instance at 0x7f48399bcc80>,24,1,[10  3],25,71,72,46,68
1,<environment.Job instance at 0x7f4839a9c690>,25,3,[4 6],26,72,75,46,68
1,<environment.Job instance at 0x7f48805555a0>,26,14,[8 2],27,75,89,48,68
1,<environment.Job instance at 0x7f487be337d0>,28,12,[6 1],29,89,101,60,72
1,<environment.Job instance at 0x7f48805555f0>,29,16,[1 8],30,75,91,45,72
1,<environment.Job instance at 0x7f487bd955a0>,32,12,[3 6],33,91,103,58,84
1,<environment.Job instance at 0x7f483a02fe10>,34,17,[4 5],35,103,120,68,93
1,<environment.Job instance at 0x7f48804c9730>,41,13,[ 3 10],42,120,133,78,104
1,<environment.Job instance at 0x7f488009eb40>,43,16,[5 5],44,104,120,60,104
1,<environment.Job instance at 0x7f4880008820>,48,12,[8 2],49,133,145,84,130
1,<environment.Job instance at 0x7f4880008be0>,51,17,[ 3 10],52,150,167,98,150
1,<environment.Job instance at 0x7f4880497730>,53,1,[1 7],54,167,168,113,150
1,<environment.Job instance at 0x7f4880497d20>,55,3,[4 7],56,168,171,112,150
1,<environment.Job instance at 0x7f4880497be0>,56,15,[9 4],57,171,186,114,157
1,<environment.Job instance at 0x7f4880497690>,61,15,[6 1],62,186,201,124,173
1,<environment.Job instance at 0x7f4880497c30>,63,16,[9 3],64,201,217,137,188
1,<environment.Job instance at 0x7f488009e640>,42,28,[1 7],43,188,216,145,188
1,<environment.Job instance at 0x7f487ba24f00>,70,12,[9 5],71,217,229,146,206
1,<environment.Job instance at 0x7f487ba24640>,74,17,[6 4],75,229,246,154,217
1,<environment.Job instance at 0x7f483a1011e0>,0,13,[2 8],1,1,14,0,1
1,<environment.Job instance at 0x7f4839b1c370>,12,17,[4 9],13,14,31,1,13
1,<environment.Job instance at 0x7f4880559b90>,32,2,[10  2],33,112,114,79,112
1,<environment.Job instance at 0x7f48805598c0>,39,13,[3 8],40,125,138,85,125
1,<environment.Job instance at 0x7f4839b2e320>,49,17,[7 1],50,186,203,136,186
1,<environment.Job instance at 0x7f4839dd3dc0>,62,1,[1 9],63,235,236,172,235
1,<environment.Job instance at 0x7f4839d8c140>,0,3,[2 8],1,1,4,0,1
1,<environment.Job instance at 0x7f4839d8c5f0>,1,17,[5 5],2,4,21,2,2
1,<environment.Job instance at 0x7f4839b29e10>,2,13,[8 4],3,21,34,18,5
1,<environment.Job instance at 0x7f4839b29780>,3,16,[5 2],4,5,21,1,5
1,<environment.Job instance at 0x7f4839b87730>,10,12,[4 6],11,34,46,23,18
1,<environment.Job instance at 0x7f483a302460>,18,14,[8 5],19,46,60,27,31
1,<environment.Job instance at 0x7f487ffa7140>,31,12,[10  5],32,60,72,28,60
1,<environment.Job instance at 0x7f487ffa71e0>,32,16,[5 8],33,72,88,39,65
1,<environment.Job instance at 0x7f4839fef0a0>,36,17,[4 9],37,88,105,51,76
1,<environment.Job instance at 0x7f4839fef140>,40,13,[9 4],41,105,118,64,89
1,<environment.Job instance at 0x7f4839fefa50>,47,16,[5 7],48,118,134,70,105
1,<environment.Job instance at 0x7f483a2ffcd0>,52,17,[8 1],53,134,151,81,122
1,<environment.Job instance at 0x7f483a2ff870>,56,15,[5 5],57,151,166,94,137
1,<environment.Job instance at 0x7f483a2ff050>,58,16,[7 3],59,166,182,107,153
1,<environment.Job instance at 0x7f4839fd8d20>,70,1,[4 6],71,182,183,111,173
1,<environment.Job instance at 0x7f4839fd85a0>,71,1,[2 7],72,176,177,104,176
1,<environment.Job instance at 0x7f4839fd8b90>,75,18,[4 6],76,189,207,113,189
1,<environment.Job instance at 0x7f4839fd8dc0>,77,18,[3 5],78,207,225,129,196
1,<environment.Job instance at 0x7f4839fe4c80>,83,17,[6 4],84,212,229,128,212
1,<environment.Job instance at 0x7f2011f7c320>,2,12,[5 4],3,3,15,0,3
1,<environment.Job instance at 0x7f200ab6cb40>,13,13,[1 8],14,15,28,1,14
1,<environment.Job instance at 0x7f200ab6cc30>,14,12,[3 7],15,28,40,13,15
1,<environment.Job instance at 0x7f200ab704b0>,23,18,[5 2],24,37,55,13,37
1,<environment.Job instance at 0x7f200ab70730>,27,2,[6 4],28,55,57,27,42
1,<environment.Job instance at 0x7f200ab70a00>,28,2,[5 9],29,57,59,28,42
1,<environment.Job instance at 0x7f200ab708c0>,29,13,[1 6],30,44,57,14,44
1,<environment.Job instance at 0x7f200ab709b0>,30,1,[5 5],31,59,60,28,44
1,<environment.Job instance at 0x7f200ab70d20>,31,17,[4 9],32,60,77,28,48
1,<environment.Job instance at 0x7f200ab70e60>,33,2,[5 3],34,77,79,43,50
1,<environment.Job instance at 0x7f200ab710a0>,37,14,[5 5],38,77,91,39,62
1,<environment.Job instance at 0x7f200ab718c0>,42,14,[8 4],43,91,105,48,76
1,<environment.Job instance at 0x7f200ab74370>,56,18,[4 5],57,111,129,54,111
1,<environment.Job instance at 0x7f200ab74730>,57,3,[8 4],58,129,132,71,111
1,<environment.Job instance at 0x7f200ab748c0>,59,14,[ 2 10],60,132,146,72,117
1,<environment.Job instance at 0x7f200ab76690>,76,13,[1 5],77,177,190,100,177
1,<environment.Job instance at 0x7f200ab768c0>,77,15,[4 7],78,190,205,112,178
1,<environment.Job instance at 0x7f200ab76c30>,0,13,[2 6],1,1,14,0,1
1,<environment.Job instance at 0x7f200ab7b4b0>,1,16,[1 9],2,14,30,12,2
1,<environment.Job instance at 0x7f200ab85aa0>,10,12,[6 3],11,30,42,19,13
1,<environment.Job instance at 0x7f200ab85a00>,9,3,[4 8],10,42,45,32,19
1,<environment.Job instance at 0x7f200ab855a0>,6,2,[8 2],7,45,47,38,23
1,<environment.Job instance at 0x7f1fc6f6a7d0>,17,18,[5 2],18,47,65,29,40
1,<environment.Job instance at 0x7f1fc6f6a0a0>,19,16,[3 5],20,47,63,27,46
1,<environment.Job instance at 0x7f1fc6f6ae10>,21,14,[5 3],22,63,77,41,50
1,<environment.Job instance at 0x7f1fc6f45f00>,30,12,[2 5],31,79,91,48,79
1,<environment.Job instance at 0x7f1fc6f6d6e0>,35,17,[10  5],36,91,108,55,91
1,<environment.Job instance at 0x7f1fc6f6caa0>,39,17,[9 2],40,108,125,68,97
1,<environment.Job instance at 0x7f1fc6f6cb40>,44,17,[10  5],45,126,143,81,126
1,<environment.Job instance at 0x7f1fc6fca500>,56,13,[5 1],57,146,159,89,146
1,<environment.Job instance at 0x7f1fc6fe19b0>,57,1,[1 6],58,146,147,88,146
1,<environment.Job instance at 0x7f1fc6f62dc0>,52,14,[9 2],53,170,184,117,170
1,<environment.Job instance at 0x7f1fc6f79460>,63,12,[5 1],64,184,196,120,174
1,<environment.Job instance at 0x7f1fc6f80910>,64,13,[5 9],65,184,197,119,174
1,<environment.Job instance at 0x7f1fc6f80870>,67,18,[ 1 10],68,197,215,129,186
1,<environment.Job instance at 0x7f200ab860a0>,0,17,[4 5],1,1,18,0,1
1,<environment.Job instance at 0x7f1fc6de33c0>,3,13,[8 3],4,18,31,14,4
1,<environment.Job instance at 0x7f200b09c0a0>,14,16,[8 3],15,31,47,16,18
1,<environment.Job instance at 0x7f1fc6dbef50>,22,2,[9 3],23,56,58,33,56
1,<environment.Job instance at 0x7f200d0ce550>,26,15,[6 2],27,58,73,31,57
1,<environment.Job instance at 0x7f1fc6dcfaa0>,10,14,[2 8],11,60,74,49,60
1,<environment.Job instance at 0x7f1fc6f2e550>,39,16,[1 7],40,101,117,61,101
1,<environment.Job instance at 0x7f1fc6f2e7d0>,41,15,[3 5],42,117,132,75,106
1,<environment.Job instance at 0x7f1fc6f2e230>,45,17,[6 3],46,112,129,66,112
1,<environment.Job instance at 0x7f1fc6f2e280>,44,12,[3 5],45,129,141,84,126
1,<environment.Job instance at 0x7f200a9cdc80>,54,12,[2 9],55,141,153,86,130
1,<environment.Job instance at 0x7f20120ed780>,56,15,[10  5],57,153,168,96,139
1,<environment.Job instance at 0x7f1fc6dc68c0>,58,16,[3 6],59,168,184,109,155
1,<environment.Job instance at 0x7f1fc6f2e820>,46,20,[6 2],47,171,191,124,171
1,<environment.Job instance at 0x7f200afe1e60>,63,12,[8 5],64,191,203,127,186
1,<environment.Job instance at 0x7f1fc71ca4b0>,1,3,[9 3],2,2,5,0,2
1,<environment.Job instance at 0x7f200a96e140>,4,15,[ 1 10],5,5,20,0,5
1,<environment.Job instance at 0x7f200d2236e0>,13,14,[3 6],14,36,50,22,36
1,<environment.Job instance at 0x7f200acba5a0>,16,15,[ 5 10],17,50,65,33,36
1,<environment.Job instance at 0x7f200abf9a00>,24,17,[7 4],25,65,82,40,53
1,<environment.Job instance at 0x7f200ad17a50>,28,12,[5 6],29,82,94,53,65
1,<environment.Job instance at 0x7f200a9c75a0>,39,3,[4 8],40,97,100,57,97
1,<environment.Job instance at 0x7f200abc43c0>,42,17,[2 5],43,100,117,57,98
1,<environment.Job instance at 0x7f200abc4d70>,43,14,[8 2],44,103,117,59,103
1,<environment.Job instance at 0x7f200abf55a0>,23,18,[4 8],24,117,135,93,111
1,<environment.Job instance at 0x7f200abc4be0>,47,18,[6 2],48,125,143,77,125
1,<environment.Job instance at 0x7f200acc84b0>,53,15,[6 5],54,143,158,89,129
1,<environment.Job instance at 0x7f200acc8690>,56,14,[7 5],57,158,172,101,144
1,<environment.Job instance at 0x7f200abdff50>,61,17,[5 7],62,172,189,110,160
1,<environment.Job instance at 0x7f200ac3cdc0>,71,15,[3 5],72,189,204,117,175
1,<environment.Job instance at 0x7f200acda780>,77,18,[1 7],78,204,222,126,198
1,<environment.Job instance at 0x7f1fc714c910>,0,18,[8 1],1,1,19,0,1
1,<environment.Job instance at 0x7f200d236b90>,6,18,[9 4],7,19,37,12,8
1,<environment.Job instance at 0x7f200abcb7d0>,17,14,[2 5],18,37,51,19,24
1,<environment.Job instance at 0x7f1fc717cdc0>,22,15,[2 5],23,38,53,15,38
1,<environment.Job instance at 0x7f200a9795a0>,23,14,[4 8],24,53,67,29,40
1,<environment.Job instance at 0x7f200afa5f50>,29,13,[1 8],30,67,80,37,53
1,<environment.Job instance at 0x7f1fc7216aa0>,32,13,[ 5 10],33,80,93,47,67
1,<environment.Job instance at 0x7f200afb27d0>,33,15,[6 1],34,93,108,59,79
1,<environment.Job instance at 0x7f200afbf6e0>,40,15,[5 6],41,108,123,67,94
1,<environment.Job instance at 0x7f200afbf9b0>,46,14,[5 4],47,108,122,61,100
1,<environment.Job instance at 0x7f200afbd370>,52,1,[4 6],53,123,124,70,108
1,<environment.Job instance at 0x7f200afd3fa0>,56,2,[8 4],57,124,126,67,115
1,<environment.Job instance at 0x7f200afd3e60>,57,3,[10  4],58,126,129,68,115
1,<environment.Job instance at 0x7f200afd3dc0>,58,3,[3 9],59,129,132,70,117
1,<environment.Job instance at 0x7f200afd85a0>,63,13,[7 5],64,134,147,70,134
1,<environment.Job instance at 0x7f200afd8960>,64,13,[1 8],65,147,160,82,134
1,<environment.Job instance at 0x7f200afd8c30>,69,16,[5 3],70,162,178,92,162
1,<environment.Job instance at 0x7f1fc714bd20>,9,2,[ 4 10],10,183,185,173,183
1,<environment.Job instance at 0x7f200afd4910>,77,13,[ 4 10],78,186,199,108,186
1,<environment.Job instance at 0x7f200afd4410>,80,14,[1 8],81,199,213,118,194
1,<environment.Job instance at 0x7f200afd4dc0>,81,12,[5 6],82,213,225,131,199
1,<environment.Job instance at 0x7f1fc71ad410>,83,13,[5 1],84,200,213,116,200
1,<environment.Job instance at 0x7f200d235cd0>,0,15,[10  4],1,1,16,0,1
1,<environment.Job instance at 0x7f200a9c69b0>,2,15,[4 8],3,16,31,13,3
1,<environment.Job instance at 0x7f1fc71c9550>,11,12,[5 5],12,31,43,19,27
1,<environment.Job instance at 0x7f1fc71c9e60>,12,16,[3 8],13,43,59,30,30
1,<environment.Job instance at 0x7f1fc71c9fa0>,18,17,[9 5],19,59,76,40,47
1,<environment.Job instance at 0x7f200aa21d20>,23,13,[5 5],24,76,89,52,60
1,<environment.Job instance at 0x7f200aa21aa0>,34,13,[5 3],35,76,89,41,72
1,<environment.Job instance at 0x7f200aa21870>,35,12,[8 5],36,89,101,53,72
1,<environment.Job instance at 0x7f200aa21e60>,38,17,[3 7],39,101,118,62,89
1,<environment.Job instance at 0x7f200d5fa730>,40,13,[5 3],41,101,114,60,91
1,<environment.Job instance at 0x7f200d5fac30>,43,12,[7 4],44,118,130,74,101
1,<environment.Job instance at 0x7f200afe6730>,52,16,[ 3 10],53,130,146,77,117
1,<environment.Job instance at 0x7f1fc71c9460>,7,14,[ 4 10],8,146,160,138,133
1,<environment.Job instance at 0x7f200afe6500>,59,18,[9 5],60,160,178,100,149
1,<environment.Job instance at 0x7f200d6231e0>,64,16,[2 7],65,178,194,113,165
1,<environment.Job instance at 0x7f200afe6280>,55,17,[ 3 10],56,194,211,138,184
1,<environment.Job instance at 0x7f200d8210a0>,75,18,[5 5],76,211,229,135,200
1,<environment.Job instance at 0x7f200d5d3370>,84,14,[9 1],85,229,243,144,216
1,<environment.Job instance at 0x7f1fc714c870>,1,18,[10  5],2,17,35,15,17
1,<environment.Job instance at 0x7f200d45d0f0>,19,18,[6 1],20,35,53,15,33
1,<environment.Job instance at 0x7f1fc7497320>,30,15,[4 7],31,51,66,20,51
1,<environment.Job instance at 0x7f200ac59230>,33,16,[9 4],34,70,86,36,70
1,<environment.Job instance at 0x7f200ab398c0>,38,13,[2 5],39,86,99,47,70
1,<environment.Job instance at 0x7f200aabb500>,42,15,[ 2 10],43,99,114,56,85
1,<environment.Job instance at 0x7f200aadb5a0>,49,18,[2 7],50,115,133,65,115
1,<environment.Job instance at 0x7f1fc71bd870>,53,14,[ 4 10],54,133,147,79,119
1,<environment.Job instance at 0x7f1fc7229230>,57,15,[7 4],58,147,162,89,134
1,<environment.Job instance at 0x7f200ae63eb0>,65,15,[3 5],66,158,173,92,158
1,<environment.Job instance at 0x7f200ae63f50>,67,13,[9 1],68,173,186,105,160
1,<environment.Job instance at 0x7f200d353050>,75,12,[2 8],76,186,198,110,186
1,<environment.Job instance at 0x7f200d353140>,76,12,[9 5],77,198,210,121,187
1,<environment.Job instance at 0x7f1fc714ff00>,77,17,[10  4],78,210,227,132,199
1,<environment.Job instance at 0x7f1fc7331a00>,81,14,[9 4],82,227,241,145,218
1,<environment.Job instance at 0x7f1fc73bfc80>,0,13,[2 6],1,1,14,0,1
1,<environment.Job instance at 0x7f1fc6e153c0>,1,13,[10  4],2,14,27,12,2
1,<environment.Job instance at 0x7f200d0fd0f0>,2,15,[8 4],3,27,42,24,22
1,<environment.Job instance at 0x7f200ae34d20>,15,15,[3 9],16,42,57,26,28
1,<environment.Job instance at 0x7f200ab39af0>,22,13,[7 2],23,57,70,34,54
1,<environment.Job instance at 0x7f1fc748f6e0>,24,17,[7 2],25,70,87,45,58
1,<environment.Job instance at 0x7f1fc748fb90>,30,12,[7 4],31,87,99,56,81
1,<environment.Job instance at 0x7f1fc748fc80>,31,1,[4 5],32,99,100,67,81
1,<environment.Job instance at 0x7f1fc748fdc0>,33,15,[3 9],34,100,115,66,86
1,<environment.Job instance at 0x7f1fc748fe60>,34,16,[7 4],35,115,131,80,102
1,<environment.Job instance at 0x7f1fc74b3280>,40,15,[5 3],41,131,146,90,117
1,<environment.Job instance at 0x7f1fc74b3960>,49,15,[3 9],50,146,161,96,132
1,<environment.Job instance at 0x7f1fc74b3e10>,57,15,[6 2],58,167,182,109,167
1,<environment.Job instance at 0x7f1fc74b39b0>,58,3,[ 1 10],59,182,185,123,168
1,<environment.Job instance at 0x7f1fc74993c0>,64,12,[9 1],65,197,209,132,197
1,<environment.Job instance at 0x7f1fc7499500>,66,14,[6 4],67,209,223,142,203
1,<environment.Job instance at 0x7f1fc7499870>,68,2,[6 3],69,223,225,154,205
1,<environment.Job instance at 0x7f1fc7499190>,69,2,[1 9],70,205,207,135,205
1,<environment.Job instance at 0x7f1fc74998c0>,70,12,[5 6],71,225,237,154,208
1,<environment.Job instance at 0x7f1fc7499af0>,73,1,[2 6],74,209,210,135,209
1,<environment.Job instance at 0x7f1fc7499b90>,74,13,[2 7],75,237,250,162,221
1,<environment.Job instance at 0x7f1fc6fbcaf0>,0,18,[6 4],1,1,19,0,1
1,<environment.Job instance at 0x7f200ae34c30>,1,2,[1 9],2,19,21,17,2
1,<environment.Job instance at 0x7f200d348730>,8,13,[8 5],9,21,34,12,12
1,<environment.Job instance at 0x7f200d6bbf50>,17,18,[1 6],18,34,52,16,30
1,<environment.Job instance at 0x7f200d348f00>,9,13,[8 2],10,34,47,24,30
1,<environment.Job instance at 0x7f200d356fa0>,32,13,[ 3 10],33,65,78,32,65
1,<environment.Job instance at 0x7f200d665be0>,33,14,[ 4 10],34,78,92,44,71
1,<environment.Job instance at 0x7f200d363c80>,36,16,[9 2],37,92,108,55,79
1,<environment.Job instance at 0x7f200ae142d0>,45,16,[4 9],46,108,124,62,96
1,<environment.Job instance at 0x7f1fc72ad0a0>,50,17,[ 5 10],51,124,141,73,113
1,<environment.Job instance at 0x7f1fc730e870>,62,18,[3 7],63,141,159,78,130
1,<environment.Job instance at 0x7f200ad58f50>,76,13,[8 1],77,163,176,86,163
1,<environment.Job instance at 0x7f200ad58050>,78,16,[10  3],79,176,192,97,171
1,<environment.Job instance at 0x7f200d14dcd0>,85,14,[7 2],86,196,210,110,196
1,<environment.Job instance at 0x7f200d14db40>,87,16,[5 4],88,210,226,122,198
1,<environment.Job instance at 0x7f200ad22780>,41,2,[6 1],42,226,228,184,204
1,<environment.Job instance at 0x7f1fc720c730>,0,13,[2 8],1,1,14,0,1
1,<environment.Job instance at 0x7f200d35c410>,9,2,[10  2],10,15,17,5,15
1,<environment.Job instance at 0x7f200d8390a0>,17,18,[1 9],18,57,75,39,57
1,<environment.Job instance at 0x7f1fc72226e0>,25,18,[5 6],26,100,118,74,100
1,<environment.Job instance at 0x7f1fc7360aa0>,32,18,[9 1],33,118,136,85,112
1,<environment.Job instance at 0x7f1fc746d3c0>,40,12,[4 6],41,136,148,95,120
1,<environment.Job instance at 0x7f200b01dd20>,50,13,[5 8],51,148,161,97,139
1,<environment.Job instance at 0x7f1fc7222370>,22,18,[10  5],23,174,192,151,174
1,<environment.Job instance at 0x7f1fc7303be0>,60,1,[2 5],61,198,199,137,198
1,<environment.Job instance at 0x7f1fc7303730>,64,18,[ 4 10],65,203,221,138,203
1,<environment.Job instance at 0x7f1fc7303370>,68,13,[6 2],69,221,234,152,213
1,<environment.Job instance at 0x7f1fc7303d20>,69,12,[7 5],70,234,246,164,217
1,<environment.Job instance at 0x7f200ac8f0f0>,1,17,[9 4],2,3,20,1,3
1,<environment.Job instance at 0x7f200af59690>,6,12,[9 1],7,20,32,13,7
1,<environment.Job instance at 0x7f200d476dc0>,7,3,[1 6],8,8,11,0,8
1,<environment.Job instance at 0x7f200ad87550>,14,2,[7 5],15,32,34,17,20
1,<environment.Job instance at 0x7f200d25e960>,11,13,[9 3],12,34,47,22,20
1,<environment.Job instance at 0x7f1fc7158aa0>,22,16,[2 8],23,47,63,24,35
1,<environment.Job instance at 0x7f1fc713a0f0>,29,17,[ 1 10],30,65,82,35,65
1,<environment.Job instance at 0x7f1fc713a280>,30,15,[8 4],31,82,97,51,68
1,<environment.Job instance at 0x7f1fc713a370>,32,13,[5 3],33,97,110,64,82
1,<environment.Job instance at 0x7f1fc713a140>,35,3,[9 1],36,110,113,74,89
1,<environment.Job instance at 0x7f1fc713a730>,38,12,[5 4],39,97,109,58,89
1,<environment.Job instance at 0x7f1fc713ae10>,45,15,[10  1],46,113,128,67,111
1,<environment.Job instance at 0x7f1fc713af50>,47,12,[6 5],48,128,140,80,114
1,<environment.Job instance at 0x7f1fc715e370>,54,16,[5 8],55,140,156,85,134
1,<environment.Job instance at 0x7f1fc715e6e0>,61,15,[3 7],62,167,182,105,167
1,<environment.Job instance at 0x7f1fc715e910>,64,2,[3 9],65,182,184,117,167
1,<environment.Job instance at 0x7f1fc715eb40>,65,1,[1 7],66,184,185,118,174
1,<environment.Job instance at 0x7f1fc715ee60>,69,2,[4 8],70,185,187,115,174
1,<environment.Job instance at 0x7f1fc715ed20>,71,13,[3 5],72,187,200,115,174
1,<environment.Job instance at 0x7f1fc71563c0>,75,3,[3 9],76,200,203,124,180
1,<environment.Job instance at 0x7f1fc7156320>,76,13,[6 4],77,187,200,110,180
1,<environment.Job instance at 0x7f1fc71564b0>,79,12,[5 8],80,203,215,123,193
1,<environment.Job instance at 0x7f1fc7156eb0>,90,12,[2 5],91,215,227,124,202
1,<environment.Job instance at 0x7f1fc7156be0>,91,17,[7 4],92,215,232,123,203
1,<environment.Job instance at 0x7f200afe4050>,0,2,[8 1],1,1,3,0,1
1,<environment.Job instance at 0x7f200afe48c0>,2,14,[5 2],3,3,17,0,3
1,<environment.Job instance at 0x7f200d476d20>,5,3,[8 5],6,17,20,11,6
1,<environment.Job instance at 0x7f200ab2a690>,14,12,[7 5],15,23,35,8,23
1,<environment.Job instance at 0x7f200ab2a550>,11,16,[5 2],12,35,51,23,24
1,<environment.Job instance at 0x7f200ac1b500>,17,16,[8 4],18,51,67,33,39
1,<environment.Job instance at 0x7f1fc6e519b0>,23,12,[8 2],24,67,79,43,50
1,<environment.Job instance at 0x7f200ae5f690>,31,16,[8 4],32,86,102,54,86
1,<environment.Job instance at 0x7f200ae5f1e0>,37,16,[8 4],38,102,118,64,90
1,<environment.Job instance at 0x7f200ac1b870>,18,26,[2 5],19,101,127,82,101
1,<environment.Job instance at 0x7f200ae98870>,47,14,[4 7],48,127,141,79,114
1,<environment.Job instance at 0x7f200aea95f0>,52,14,[3 7],53,141,155,88,126
1,<environment.Job instance at 0x7f200aea9780>,55,15,[ 1 10],56,155,170,99,142
1,<environment.Job instance at 0x7f200aa1e3c0>,62,14,[6 2],63,170,184,107,155
1,<environment.Job instance at 0x7f200d532280>,73,16,[9 5],74,184,200,110,176
1,<environment.Job instance at 0x7f200d532b90>,77,17,[5 6],78,200,217,122,198
1,<environment.Job instance at 0x7f200aadfa00>,79,17,[5 2],80,200,217,120,200
1,<environment.Job instance at 0x7f200ac1bfa0>,20,15,[10  5],21,217,232,196,208
1,<environment.Job instance at 0x7f200d25e320>,0,15,[2 8],1,1,16,0,1
1,<environment.Job instance at 0x7f1fc732f1e0>,5,15,[8 4],6,16,31,10,6
1,<environment.Job instance at 0x7f1fc70e63c0>,14,18,[9 3],15,31,49,16,26
1,<environment.Job instance at 0x7f200ac1b280>,15,16,[3 8],16,49,65,33,36
1,<environment.Job instance at 0x7f200d32b500>,7,15,[6 2],8,49,64,41,44
1,<environment.Job instance at 0x7f200ac1bc30>,11,12,[2 8],12,65,77,53,52
1,<environment.Job instance at 0x7f200aefe640>,30,15,[3 7],31,79,94,48,79
1,<environment.Job instance at 0x7f200d523dc0>,44,13,[4 7],45,119,132,74,119
1,<environment.Job instance at 0x7f200d523b40>,48,18,[7 1],49,132,150,83,121
1,<environment.Job instance at 0x7f200d523aa0>,51,12,[4 6],52,150,162,98,134
1,<environment.Job instance at 0x7f200d2d2fa0>,60,13,[4 9],61,165,178,104,165
1,<environment.Job instance at 0x7f200d2d2b40>,62,16,[8 1],63,178,194,115,165
1,<environment.Job instance at 0x7f200d2d25a0>,70,13,[6 3],71,194,207,123,188
1,<environment.Job instance at 0x7f200d2d23c0>,74,3,[ 3 10],75,207,210,132,192
1,<environment.Job instance at 0x7f1fc71ef140>,76,16,[1 7],77,210,226,133,197
1,<environment.Job instance at 0x7f1fc71eff00>,77,1,[7 1],78,210,211,132,197
1,<environment.Job instance at 0x7f200d5231e0>,41,18,[9 3],42,211,229,169,211
1,<environment.Job instance at 0x7f1fc71ef690>,81,16,[1 5],82,226,242,144,213
1,<environment.Job instance at 0x7f200d486f00>,0,1,[9 3],1,1,2,0,1
1,<environment.Job instance at 0x7f1fc71ef5f0>,2,17,[3 5],3,3,20,0,3
1,<environment.Job instance at 0x7f1fc73187d0>,3,13,[2 7],4,20,33,16,4
1,<environment.Job instance at 0x7f200d56c5f0>,10,2,[8 4],11,33,35,22,15
1,<environment.Job instance at 0x7f200a8df280>,13,18,[6 1],14,15,33,1,15
1,<environment.Job instance at 0x7f1fc72cbcd0>,9,3,[9 5],10,35,38,25,16
1,<environment.Job instance at 0x7f1fc6d534b0>,14,16,[1 6],15,38,54,23,26
1,<environment.Job instance at 0x7f200d20f0f0>,20,1,[8 3],21,38,39,17,34
1,<environment.Job instance at 0x7f200d20f190>,21,2,[10  3],22,54,56,32,35
1,<environment.Job instance at 0x7f200d20f780>,22,3,[ 4 10],23,56,59,33,35
1,<environment.Job instance at 0x7f200ae254b0>,31,16,[1 7],32,66,82,34,66
1,<environment.Job instance at 0x7f200d3505a0>,38,18,[5 9],39,82,100,43,72
1,<environment.Job instance at 0x7f200ae230f0>,42,16,[4 7],43,100,116,57,87
1,<environment.Job instance at 0x7f1fc734f5f0>,53,12,[8 2],54,116,128,62,113
1,<environment.Job instance at 0x7f200b003a00>,55,15,[8 3],56,128,143,72,117
1,<environment.Job instance at 0x7f1fc6fb8f00>,60,14,[5 3],61,143,157,82,130
1,<environment.Job instance at 0x7f200a8eaa50>,63,14,[5 9],64,157,171,93,143
1,<environment.Job instance at 0x7f200d321780>,68,13,[7 2],69,171,184,102,160
1,<environment.Job instance at 0x7f200d321280>,70,15,[4 9],71,184,199,113,170
1,<environment.Job instance at 0x7f200d211640>,58,1,[5 9],59,199,200,140,177
1,<environment.Job instance at 0x7f200d2fb640>,82,2,[9 5],83,200,202,117,195
1,<environment.Job instance at 0x7f200d2fb0f0>,83,12,[ 4 10],84,202,214,118,197
1,<environment.Job instance at 0x7f200acfac80>,1,3,[6 4],2,2,5,0,2
1,<environment.Job instance at 0x7f1fc6be3690>,2,16,[3 7],3,5,21,2,3
1,<environment.Job instance at 0x7f200ade1eb0>,7,18,[2 8],8,21,39,13,10
1,<environment.Job instance at 0x7f1fc71ca3c0>,20,15,[8 4],21,39,54,18,28
1,<environment.Job instance at 0x7f200abc4be0>,21,18,[7 3],22,54,72,32,43
1,<environment.Job instance at 0x7f200d523320>,30,17,[5 2],31,72,89,41,60
1,<environment.Job instance at 0x7f200ac89f00>,35,18,[4 5],36,72,90,36,67
1,<environment.Job instance at 0x7f200d34be60>,38,12,[1 5],39,89,101,50,75
1,<environment.Job instance at 0x7f200aa08320>,58,2,[ 5 10],59,109,111,50,109
1,<environment.Job instance at 0x7f200d6cb550>,50,21,[10  5],51,111,132,60,110
1,<environment.Job instance at 0x7f1fc6ba6550>,68,12,[ 4 10],69,132,144,63,125
1,<environment.Job instance at 0x7f1fc6b3fdc0>,72,17,[4 9],73,144,161,71,135
1,<environment.Job instance at 0x7f200aa08a00>,62,16,[9 2],63,161,177,98,153
1,<environment.Job instance at 0x7f200d32bb90>,93,3,[4 8],94,210,213,116,210
1,<environment.Job instance at 0x7f1fc6e0ad70>,0,16,[4 9],1,1,17,0,1
1,<environment.Job instance at 0x7f1fc6b56500>,11,17,[7 4],12,17,34,5,14
1,<environment.Job instance at 0x7f1fc6b56550>,22,13,[6 1],23,36,49,13,36
1,<environment.Job instance at 0x7f1fc6af9af0>,23,15,[5 2],24,49,64,25,38
1,<environment.Job instance at 0x7f1fc6af9be0>,25,14,[9 4],26,64,78,38,49
1,<environment.Job instance at 0x7f1fc6af9e60>,28,18,[5 3],29,78,96,49,67
1,<environment.Job instance at 0x7f1fc6b62b40>,42,13,[5 8],43,96,109,53,85
1,<environment.Job instance at 0x7f1fc6b62e10>,50,12,[9 3],51,117,129,66,117
1,<environment.Job instance at 0x7f1fc6b62c30>,54,18,[ 4 10],55,129,147,74,120
1,<environment.Job instance at 0x7f1fc6b62780>,55,12,[10  4],56,147,159,91,130
1,<environment.Job instance at 0x7f1fc6c5ad70>,59,12,[3 8],60,159,171,99,142
1,<environment.Job instance at 0x7f1fc6b02190>,77,13,[5 6],78,189,202,111,189
1,<environment.Job instance at 0x7f1fc6b02b40>,71,15,[3 5],72,202,217,130,201
1,<environment.Job instance at 0x7f1fc6b56d20>,2,1,[9 3],3,3,4,0,3
1,<environment.Job instance at 0x7f1fc6b02140>,3,12,[6 3],4,4,16,0,4
1,<environment.Job instance at 0x7f200ada6870>,6,14,[8 2],7,16,30,9,7
1,<environment.Job instance at 0x7f1fc7144140>,15,13,[3 7],16,30,43,14,17
1,<environment.Job instance at 0x7f200a9aaf00>,21,13,[ 3 10],22,43,56,21,29
1,<environment.Job instance at 0x7f200a9aa6e0>,24,18,[7 5],25,56,74,31,45
1,<environment.Job instance at 0x7f1fc7144d70>,14,17,[4 5],15,74,91,59,71
1,<environment.Job instance at 0x7f200a9ca960>,33,1,[1 7],34,91,92,57,75
1,<environment.Job instance at 0x7f200a9cadc0>,35,3,[4 7],36,97,100,61,97
1,<environment.Job instance at 0x7f200a9cad20>,37,17,[8 2],38,100,117,62,100
1,<environment.Job instance at 0x7f200a9b5f50>,43,16,[9 3],44,117,133,73,116
1,<environment.Job instance at 0x7f200a9b5640>,45,16,[ 5 10],46,133,149,87,120
1,<environment.Job instance at 0x7f1fc72bc9b0>,52,18,[10  4],53,149,167,96,138
1,<environment.Job instance at 0x7f1fc6ebd960>,57,12,[5 5],58,167,179,109,155
1,<environment.Job instance at 0x7f1fc6f81730>,64,12,[5 5],65,167,179,102,165
1,<environment.Job instance at 0x7f1fc6f81870>,69,15,[3 7],70,179,194,109,177
1,<environment.Job instance at 0x7f1fc6f81dc0>,74,16,[4 6],75,198,214,123,198
1,<environment.Job instance at 0x7f1fc6f8a370>,76,14,[1 8],77,214,228,137,199
1,<environment.Job instance at 0x7f200d47a1e0>,0,14,[2 7],1,1,15,0,1
1,<environment.Job instance at 0x7f1fc6f8acd0>,7,15,[3 5],8,15,30,7,8
1,<environment.Job instance at 0x7f200aeba0f0>,14,15,[9 1],15,30,45,15,17
1,<environment.Job instance at 0x7f200d25e140>,17,12,[3 5],18,45,57,27,39
1,<environment.Job instance at 0x7f200a914640>,20,13,[1 5],21,39,52,18,39
1,<environment.Job instance at 0x7f2011fcb1e0>,23,13,[2 7],24,57,70,33,42
1,<environment.Job instance at 0x7f200abed460>,45,14,[7 2],46,178,192,132,178
1,<environment.Job instance at 0x7f200abedfa0>,47,16,[3 9],48,192,208,144,183
1,<environment.Job instance at 0x7f200abc2fa0>,54,17,[10  1],55,208,225,153,205
1,<environment.Job instance at 0x7f1fc6fc5190>,58,16,[8 3],59,225,241,166,212
1,<environment.Job instance at 0x7f200ae97230>,0,13,[9 4],1,1,14,0,1
1,<environment.Job instance at 0x7f200afe9320>,1,3,[5 3],2,14,17,12,2
1,<environment.Job instance at 0x7f200afe9cd0>,3,1,[9 4],4,17,18,13,4
1,<environment.Job instance at 0x7f1fc6f6ec30>,10,16,[9 3],11,18,34,7,11
1,<environment.Job instance at 0x7f1fc6f6e460>,14,13,[7 4],15,34,47,19,18
1,<environment.Job instance at 0x7f2011f02c30>,17,16,[5 9],18,47,63,29,34
1,<environment.Job instance at 0x7f2011f02af0>,18,16,[7 3],19,63,79,44,50
1,<environment.Job instance at 0x7f1fc71e3230>,33,14,[8 4],34,79,93,45,67
1,<environment.Job instance at 0x7f1fc71e3870>,39,12,[1 5],40,80,92,40,80
1,<environment.Job instance at 0x7f1fc71e3fa0>,41,18,[1 8],42,93,111,51,90
1,<environment.Job instance at 0x7f1fc6c7ae60>,51,13,[ 5 10],52,119,132,67,119
1,<environment.Job instance at 0x7f200d0c1780>,56,3,[4 7],57,132,135,75,132
1,<environment.Job instance at 0x7f200d0c1a00>,57,3,[5 6],58,135,138,77,132
1,<environment.Job instance at 0x7f200d0c19b0>,58,1,[10  4],59,138,139,79,132
1,<environment.Job instance at 0x7f1fc6c7aa50>,50,22,[6 2],51,139,161,88,138
1,<environment.Job instance at 0x7f200a970050>,73,15,[5 6],74,169,184,95,169
1,<environment.Job instance at 0x7f200a970a00>,83,3,[5 5],84,199,202,115,199
1,<environment.Job instance at 0x7f200a970780>,84,3,[4 6],85,202,205,117,199
1,<environment.Job instance at 0x7f200a970f50>,85,2,[5 8],86,205,207,119,199
1,<environment.Job instance at 0x7f200a970b40>,77,14,[10  2],78,207,221,129,202
1,<environment.Job instance at 0x7f200ad58e10>,0,13,[6 4],1,1,14,0,1
1,<environment.Job instance at 0x7f200d4facd0>,4,13,[1 5],5,5,18,0,5
1,<environment.Job instance at 0x7f200d4fa500>,5,18,[8 1],6,14,32,8,6
1,<environment.Job instance at 0x7f200d509be0>,16,16,[10  2],17,32,48,15,27
1,<environment.Job instance at 0x7f200d509730>,19,14,[9 3],20,48,62,28,33
1,<environment.Job instance at 0x7f200d509320>,21,16,[7 3],22,62,78,40,55
1,<environment.Job instance at 0x7f200d5090a0>,25,18,[8 2],26,78,96,52,67
1,<environment.Job instance at 0x7f200d514aa0>,36,14,[ 4 10],37,96,110,59,85
1,<environment.Job instance at 0x7f200d514a00>,38,12,[5 3],39,110,122,71,93
1,<environment.Job instance at 0x7f200d514f50>,42,16,[2 9],43,122,138,79,109
1,<environment.Job instance at 0x7f200d514d20>,45,15,[4 8],46,138,153,92,125
1,<environment.Job instance at 0x7f200d514cd0>,49,2,[5 8],50,153,155,103,130
1,<environment.Job instance at 0x7f200d4e80f0>,54,13,[5 6],55,155,168,100,139
1,<environment.Job instance at 0x7f200d4e82d0>,60,14,[1 8],61,168,182,107,155
1,<environment.Job instance at 0x7f200d4e8640>,63,15,[4 9],64,182,197,118,168
1,<environment.Job instance at 0x7f200d4e8aa0>,65,14,[6 2],66,168,182,102,168
1,<environment.Job instance at 0x7f200d4e8140>,69,2,[5 9],70,202,204,132,202
1,<environment.Job instance at 0x7f200d4e8190>,70,2,[5 1],71,202,204,131,202
1,<environment.Job instance at 0x7f200d5123c0>,78,13,[4 6],79,204,217,125,202
1,<environment.Job instance at 0x7f200d5120f0>,82,17,[5 2],83,205,222,122,205
1,<environment.Job instance at 0x7f200d512aa0>,83,14,[8 5],84,222,236,138,207
1,<environment.Job instance at 0x7f71aac0d320>,2,12,[5 4],3,3,15,0,3
1,<environment.Job instance at 0x7f71a37fe500>,5,13,[5 9],6,15,28,9,11
1,<environment.Job instance at 0x7f71a37fe780>,9,17,[ 4 10],10,28,45,18,18
1,<environment.Job instance at 0x7f71a37fe960>,14,12,[3 7],15,45,57,30,28
1,<environment.Job instance at 0x7f71a37fe640>,7,14,[5 1],8,45,59,37,34
1,<environment.Job instance at 0x7f71a37ff730>,29,13,[1 6],30,57,70,27,49
1,<environment.Job instance at 0x7f71a37ff1e0>,23,18,[5 2],24,59,77,35,56
1,<environment.Job instance at 0x7f71a37ff9b0>,31,17,[4 9],32,77,94,45,65
1,<environment.Job instance at 0x7f71a3803230>,41,14,[6 1],42,77,91,35,74
1,<environment.Job instance at 0x7f71a3803460>,42,14,[8 4],43,94,108,51,82
1,<environment.Job instance at 0x7f71a3803910>,49,2,[1 9],50,108,110,58,98
1,<environment.Job instance at 0x7f71a3803c30>,54,14,[1 7],55,122,136,67,122
1,<environment.Job instance at 0x7f71a38020a0>,57,3,[8 4],58,136,139,78,123
1,<environment.Job instance at 0x7f71a3802820>,59,14,[ 2 10],60,139,153,79,124
1,<environment.Job instance at 0x7f71a3802410>,61,2,[9 2],62,124,126,62,124
1,<environment.Job instance at 0x7f71a38029b0>,64,12,[6 1],65,153,165,88,136
1,<environment.Job instance at 0x7f71a3802c30>,65,13,[3 5],66,153,166,87,137
1,<environment.Job instance at 0x7f71a3802d70>,71,1,[8 2],72,166,167,94,159
1,<environment.Job instance at 0x7f71a3809280>,72,14,[9 1],73,167,181,94,159
1,<environment.Job instance at 0x7f71a3809550>,74,1,[6 2],75,165,166,90,162
1,<environment.Job instance at 0x7f71a3809640>,75,3,[6 4],76,181,184,105,162
1,<environment.Job instance at 0x7f71a3809780>,77,15,[4 7],78,184,199,106,170
1,<environment.Job instance at 0x7f71a3809a50>,82,3,[10  1],83,199,202,116,191
1,<environment.Job instance at 0x7f71a3809c80>,83,3,[9 2],84,202,205,118,191
1,<environment.Job instance at 0x7f71a3809d20>,84,12,[3 5],85,205,217,120,191
1,<environment.Job instance at 0x7f71a3809e60>,86,3,[5 6],87,217,220,130,212
1,<environment.Job instance at 0x7f71a3809f00>,87,2,[ 4 10],88,220,222,132,212
1,<environment.Job instance at 0x7f71a3809fa0>,88,12,[3 5],89,222,234,133,212
1,<environment.Job instance at 0x7f71a3809f50>,89,13,[7 2],90,222,235,132,212
1,<environment.Job instance at 0x7f71a3809be0>,90,3,[7 2],91,212,215,121,212
1,<environment.Job instance at 0x7f71a3802a50>,0,12,[6 3],1,1,13,0,1
1,<environment.Job instance at 0x7f71a3802550>,4,13,[1 9],5,13,26,8,5
1,<environment.Job instance at 0x7f715fbf2730>,11,14,[5 3],12,26,40,14,12
1,<environment.Job instance at 0x7f715fbf2b90>,13,12,[1 7],14,26,38,12,16
1,<environment.Job instance at 0x7f715fbfbd20>,17,13,[ 4 10],18,40,53,22,24
1,<environment.Job instance at 0x7f715fbfb690>,24,12,[5 7],25,53,65,28,37
1,<environment.Job instance at 0x7f715fbd3d70>,28,14,[8 5],29,65,79,36,51
1,<environment.Job instance at 0x7f715fbd3f50>,29,17,[9 2],30,79,96,49,67
1,<environment.Job instance at 0x7f715fbf9050>,40,2,[3 8],41,96,98,55,82
1,<environment.Job instance at 0x7f715fbf9370>,42,14,[9 2],43,98,112,55,83
1,<environment.Job instance at 0x7f715fbff5a0>,45,17,[5 9],46,112,129,66,108
1,<environment.Job instance at 0x7f715fbfe780>,53,12,[5 1],54,129,141,75,129
1,<environment.Job instance at 0x7f715fbfeaa0>,54,13,[5 9],55,129,142,74,129
1,<environment.Job instance at 0x7f715fbfe500>,55,17,[8 1],56,142,159,86,130
1,<environment.Job instance at 0x7f715fbfee60>,60,2,[4 5],61,159,161,98,158
1,<environment.Job instance at 0x7f715fbfed20>,62,1,[3 8],63,161,162,98,159
1,<environment.Job instance at 0x7f715fbf3960>,63,15,[5 6],64,162,177,98,159
1,<environment.Job instance at 0x7f715fbf36e0>,65,17,[3 5],66,186,203,120,186
1,<environment.Job instance at 0x7f715fc0b6e0>,72,16,[8 5],73,203,219,130,203
1,<environment.Job instance at 0x7f715fc11820>,75,12,[2 6],76,220,232,144,220
1,<environment.Job instance at 0x7f715fe1bb40>,79,16,[9 4],80,232,248,152,224
1,<environment.Job instance at 0x7f71a3817c30>,0,14,[ 3 10],1,1,15,0,1
1,<environment.Job instance at 0x7f715fd72640>,3,15,[7 4],4,15,30,11,4
1,<environment.Job instance at 0x7f715fa55640>,12,2,[6 1],13,30,32,17,15
1,<environment.Job instance at 0x7f715fb26cd0>,16,2,[3 5],17,18,20,1,18
1,<environment.Job instance at 0x7f71a3a37af0>,17,2,[9 1],18,35,37,17,35
1,<environment.Job instance at 0x7f71aac95370>,23,1,[2 8],24,50,51,26,50
1,<environment.Job instance at 0x7f71aac957d0>,25,17,[6 3],26,51,68,25,50
1,<environment.Job instance at 0x7f715fa46f50>,28,17,[2 8],29,68,85,39,68
1,<environment.Job instance at 0x7f71a35dca00>,31,14,[3 6],32,85,99,53,71
1,<environment.Job instance at 0x7f71a39f82d0>,35,16,[2 6],36,99,115,63,87
1,<environment.Job instance at 0x7f71aac38cd0>,38,16,[3 6],39,115,131,76,102
1,<environment.Job instance at 0x7f715faae2d0>,45,12,[2 5],46,131,143,85,117
1,<environment.Job instance at 0x7f715faaa500>,48,3,[4 7],49,143,146,94,119
1,<environment.Job instance at 0x7f715faaac80>,50,17,[7 1],51,146,163,95,135
1,<environment.Job instance at 0x7f715faaa370>,51,18,[3 8],52,146,164,94,135
1,<environment.Job instance at 0x7f715fbbe230>,59,3,[9 2],60,164,167,104,164
1,<environment.Job instance at 0x7f715fbbe5f0>,60,18,[4 8],61,167,185,106,164
1,<environment.Job instance at 0x7f715fbbed20>,65,18,[ 3 10],66,185,203,119,174
1,<environment.Job instance at 0x7f715fbbe0a0>,68,12,[8 2],69,203,215,134,186
1,<environment.Job instance at 0x7f71a3695e60>,70,12,[1 5],71,203,215,132,187
1,<environment.Job instance at 0x7f715fa59cd0>,72,17,[9 1],73,215,232,142,204
1,<environment.Job instance at 0x7f715fddae10>,2,3,[1 7],3,3,6,0,3
1,<environment.Job instance at 0x7f71600df050>,6,14,[8 1],7,7,21,0,7
1,<environment.Job instance at 0x7f71600c1230>,7,12,[10  4],8,21,33,13,8
1,<environment.Job instance at 0x7f71aa5781e0>,17,18,[6 2],18,33,51,15,22
1,<environment.Job instance at 0x7f71a3a02d20>,26,14,[7 5],27,51,65,24,39
1,<environment.Job instance at 0x7f71a3835780>,31,17,[5 7],32,65,82,33,54
1,<environment.Job instance at 0x7f71a3840dc0>,35,16,[4 5],36,82,98,46,69
1,<environment.Job instance at 0x7f71a3835be0>,28,14,[3 8],29,98,112,69,86
1,<environment.Job instance at 0x7f715fe32230>,4,2,[4 8],5,112,114,107,99
1,<environment.Job instance at 0x7f71aa104b40>,41,15,[3 5],42,114,129,72,100
1,<environment.Job instance at 0x7f71aa104d20>,46,14,[ 5 10],47,129,143,82,114
1,<environment.Job instance at 0x7f71aa176320>,58,15,[5 9],59,156,171,97,156
1,<environment.Job instance at 0x7f71aa176cd0>,60,14,[8 4],61,171,185,110,160
1,<environment.Job instance at 0x7f71aa176c30>,64,12,[4 7],65,185,197,120,168
1,<environment.Job instance at 0x7f71a388bd70>,77,18,[3 6],78,210,228,132,210
1,<environment.Job instance at 0x7f7160140d20>,0,15,[5 6],1,1,16,0,1
1,<environment.Job instance at 0x7f715fefe500>,4,15,[7 3],5,16,31,11,5
1,<environment.Job instance at 0x7f715fa59460>,14,12,[3 5],15,16,28,1,15
1,<environment.Job instance at 0x7f715fccc0a0>,9,23,[6 5],10,31,54,21,26
1,<environment.Job instance at 0x7f71600df960>,6,14,[5 4],7,54,68,47,41
1,<environment.Job instance at 0x7f715fe2aaa0>,22,15,[10  1],23,68,83,45,59
1,<environment.Job instance at 0x7f716017f140>,30,18,[ 5 10],31,83,101,52,81
1,<environment.Job instance at 0x7f71a3c57730>,41,12,[5 6],42,101,113,59,84
1,<environment.Job instance at 0x7f71a3c3dc80>,33,16,[8 5],34,113,129,79,103
1,<environment.Job instance at 0x7f71a3c6bf50>,58,18,[6 5],59,129,147,70,118
1,<environment.Job instance at 0x7f71a3c6bc30>,59,18,[ 5 10],60,147,165,87,146
1,<environment.Job instance at 0x7f71a3c4b050>,70,13,[5 3],71,165,178,94,149
1,<environment.Job instance at 0x7f715fefe2d0>,1,3,[3 9],2,2,5,0,2
1,<environment.Job instance at 0x7f71a3b7aeb0>,2,16,[ 3 10],3,5,21,2,3
1,<environment.Job instance at 0x7f715fdf3dc0>,8,18,[1 5],9,21,39,12,10
1,<environment.Job instance at 0x7f715fdf3b40>,9,18,[9 5],10,21,39,11,10
1,<environment.Job instance at 0x7f715fdf3d20>,13,12,[2 6],14,39,51,25,23
1,<environment.Job instance at 0x7f715fdf30f0>,16,13,[5 5],17,51,64,34,35
1,<environment.Job instance at 0x7f715fba69b0>,25,18,[5 5],26,64,82,38,64
1,<environment.Job instance at 0x7f715fba6910>,35,12,[7 1],36,92,104,56,92
1,<environment.Job instance at 0x7f715fba6aa0>,36,18,[8 3],37,104,122,67,98
1,<environment.Job instance at 0x7f71aa533f50>,49,15,[5 7],50,159,174,109,159
1,<environment.Job instance at 0x7f71aa533690>,55,14,[ 1 10],56,174,188,118,164
1,<environment.Job instance at 0x7f715fbb9190>,61,13,[6 3],62,194,207,132,194
1,<environment.Job instance at 0x7f715fbb9730>,62,14,[3 9],63,207,221,144,200
1,<environment.Job instance at 0x7f715fbb94b0>,68,15,[7 3],69,221,236,152,209
1,<environment.Job instance at 0x7f715fbb9af0>,71,3,[1 9],72,236,239,164,212
1,<environment.Job instance at 0x7f715fbb9eb0>,72,3,[7 1],73,214,217,141,214
1,<environment.Job instance at 0x7f71aa73c0a0>,2,3,[1 8],3,3,6,0,3
1,<environment.Job instance at 0x7f71aa73c960>,3,12,[3 8],4,6,18,2,4
1,<environment.Job instance at 0x7f71600501e0>,4,3,[1 5],5,18,21,13,5
1,<environment.Job instance at 0x7f71aa5d35f0>,5,15,[3 5],6,18,33,12,6
1,<environment.Job instance at 0x7f71aa80a320>,6,3,[7 4],7,21,24,14,7
1,<environment.Job instance at 0x7f715fe5beb0>,14,13,[4 8],15,33,46,18,17
1,<environment.Job instance at 0x7f715fe5bbe0>,15,12,[2 8],16,46,58,30,33
1,<environment.Job instance at 0x7f71a394e4b0>,30,22,[2 5],31,75,97,44,75
1,<environment.Job instance at 0x7f71a390fbe0>,35,3,[5 6],36,97,100,61,79
1,<environment.Job instance at 0x7f71a390f730>,36,1,[2 6],37,100,101,63,81
1,<environment.Job instance at 0x7f71aa0e87d0>,21,14,[9 4],22,101,115,79,90
1,<environment.Job instance at 0x7f71aac37e60>,41,2,[1 5],42,93,95,51,93
1,<environment.Job instance at 0x7f71aac37140>,43,14,[ 5 10],44,115,129,71,100
1,<environment.Job instance at 0x7f71a38d2e10>,46,17,[3 5],47,129,146,82,117
1,<environment.Job instance at 0x7f71a38d25a0>,52,12,[10  4],53,146,158,93,129
1,<environment.Job instance at 0x7f71aa746190>,53,2,[5 1],54,129,131,75,129
1,<environment.Job instance at 0x7f71aa746370>,55,15,[8 1],56,158,173,102,146
1,<environment.Job instance at 0x7f71aa746960>,61,15,[5 4],62,173,188,111,159
1,<environment.Job instance at 0x7f71a38d5280>,68,2,[7 5],69,188,190,119,186
1,<environment.Job instance at 0x7f71600d83c0>,72,16,[9 4],73,204,220,131,204
1,<environment.Job instance at 0x7f71a398d0f0>,80,3,[2 8],81,220,223,139,210
1,<environment.Job instance at 0x7f71aa6e7aa0>,0,12,[5 6],1,1,13,0,1
1,<environment.Job instance at 0x7f71a386c820>,1,16,[3 9],2,13,29,11,2
1,<environment.Job instance at 0x7f71aa3aa6e0>,8,14,[6 4],9,29,43,20,15
1,<environment.Job instance at 0x7f71a35827d0>,17,16,[1 8],18,43,59,25,30
1,<environment.Job instance at 0x7f71a35da500>,18,2,[4 6],19,30,32,11,30
1,<environment.Job instance at 0x7f71aa13b410>,21,15,[8 4],22,59,74,37,45
1,<environment.Job instance at 0x7f71aa13b550>,23,16,[2 6],24,59,75,35,46
1,<environment.Job instance at 0x7f71aa13b0f0>,25,17,[5 3],26,74,91,48,65
1,<environment.Job instance at 0x7f71aa13bcd0>,34,13,[2 8],35,91,104,56,75
1,<environment.Job instance at 0x7f71aa13beb0>,37,12,[1 6],38,104,116,66,95
1,<environment.Job instance at 0x7f71aa13b5a0>,29,2,[9 3],30,104,106,74,100
1,<environment.Job instance at 0x7f71aa133230>,42,18,[7 4],43,106,124,63,103
1,<environment.Job instance at 0x7f71aa1335f0>,47,1,[8 1],48,124,125,76,119
1,<environment.Job instance at 0x7f71aa1336e0>,49,15,[3 9],50,125,140,75,119
1,<environment.Job instance at 0x7f71aa133960>,51,2,[3 9],52,140,142,88,119
1,<environment.Job instance at 0x7f71aa1333c0>,53,16,[3 8],54,142,158,88,129
1,<environment.Job instance at 0x7f71aa13b960>,40,2,[4 6],41,158,160,117,135
1,<environment.Job instance at 0x7f71aa133e10>,60,18,[9 2],61,160,178,99,149
1,<environment.Job instance at 0x7f71aa14b5f0>,65,14,[4 8],66,178,192,112,169
1,<environment.Job instance at 0x7f71aa14b0a0>,68,3,[3 8],69,192,195,123,171
1,<environment.Job instance at 0x7f71aa14b7d0>,69,16,[10  5],70,195,211,125,182
1,<environment.Job instance at 0x7f71aa13bc30>,33,18,[4 6],34,215,233,181,215
1,<environment.Job instance at 0x7f71aa14b730>,81,2,[1 9],82,233,235,151,219
1,<environment.Job instance at 0x7f71aa14b690>,82,3,[10  4],83,235,238,152,219
1,<environment.Job instance at 0x7f71600d8780>,0,3,[ 4 10],1,1,4,0,1
1,<environment.Job instance at 0x7f71aa2b44b0>,3,3,[8 1],4,4,7,0,4
1,<environment.Job instance at 0x7f71aa2b4730>,4,17,[2 7],5,5,22,0,5
1,<environment.Job instance at 0x7f71aa066690>,9,18,[5 1],10,10,28,0,10
1,<environment.Job instance at 0x7f71aa0660f0>,10,16,[1 7],11,22,38,11,17
1,<environment.Job instance at 0x7f718f66ab40>,20,15,[1 8],21,38,53,17,25
1,<environment.Job instance at 0x7f71aa343b90>,24,14,[ 3 10],25,53,67,28,39
1,<environment.Job instance at 0x7f71aa066140>,11,12,[2 6],12,68,80,56,68
1,<environment.Job instance at 0x7f715ff4d640>,12,17,[6 4],13,76,93,63,76
1,<environment.Job instance at 0x7f715fdc4690>,42,2,[5 3],43,93,95,50,80
1,<environment.Job instance at 0x7f71aac92910>,43,18,[4 5],44,81,99,37,81
1,<environment.Job instance at 0x7f715fb483c0>,46,16,[5 6],47,99,115,52,92
1,<environment.Job instance at 0x7f71a3cf2f00>,51,16,[4 6],52,115,131,63,102
1,<environment.Job instance at 0x7f71a3cf25f0>,52,15,[5 1],53,102,117,49,102
1,<environment.Job instance at 0x7f71a3cf2f50>,57,15,[10  4],58,131,146,73,118
1,<environment.Job instance at 0x7f716005a0f0>,67,15,[2 6],68,146,161,78,132
1,<environment.Job instance at 0x7f716005abe0>,65,13,[5 4],66,146,159,80,132
1,<environment.Job instance at 0x7f71aa021190>,70,13,[2 8],71,161,174,90,145
1,<environment.Job instance at 0x7f71aa0219b0>,74,13,[5 8],75,174,187,99,159
1,<environment.Job instance at 0x7f71aa217820>,78,16,[9 1],79,187,203,108,181
1,<environment.Job instance at 0x7f71a364c0f0>,87,18,[1 9],88,201,219,113,201
1,<environment.Job instance at 0x7f71aa03f410>,2,16,[6 1],3,3,19,0,3
1,<environment.Job instance at 0x7f7160174be0>,5,14,[5 4],6,19,33,13,6
1,<environment.Job instance at 0x7f71aa5a4730>,26,17,[1 6],27,37,54,10,37
1,<environment.Job instance at 0x7f71aa1b6aa0>,28,13,[4 8],29,54,67,25,38
1,<environment.Job instance at 0x7f71a35938c0>,30,2,[1 5],31,67,69,36,41
1,<environment.Job instance at 0x7f71a3c17f00>,34,14,[ 5 10],35,69,83,34,58
1,<environment.Job instance at 0x7f71a3cae550>,37,15,[4 8],38,83,98,45,72
1,<environment.Job instance at 0x7f71a39b6cd0>,38,15,[1 6],39,98,113,59,84
1,<environment.Job instance at 0x7f71aa23f910>,19,15,[6 4],20,100,115,80,100
1,<environment.Job instance at 0x7f71a39b62d0>,44,17,[1 6],45,113,130,68,101
1,<environment.Job instance at 0x7f71a360a730>,50,15,[4 7],51,130,145,79,116
1,<environment.Job instance at 0x7f71a360a1e0>,54,13,[1 9],55,145,158,90,129
1,<environment.Job instance at 0x7f715fd39280>,56,12,[3 5],57,158,170,101,141
1,<environment.Job instance at 0x7f71a36b75a0>,65,14,[4 8],66,170,184,104,159
1,<environment.Job instance at 0x7f71a39b64b0>,46,17,[4 6],47,184,201,137,181
1,<environment.Job instance at 0x7f715fdb5820>,78,3,[2 6],79,201,204,122,183
1,<environment.Job instance at 0x7f71aa1653c0>,79,15,[ 5 10],80,204,219,124,190
1,<environment.Job instance at 0x7f71a389c230>,83,12,[3 9],84,219,231,135,207
1,<environment.Job instance at 0x7f715ff84dc0>,0,15,[5 5],1,1,16,0,1
1,<environment.Job instance at 0x7f71a35a56e0>,2,17,[5 7],3,16,33,13,4
1,<environment.Job instance at 0x7f715fe06820>,11,17,[9 4],12,33,50,21,21
1,<environment.Job instance at 0x7f715fc7c1e0>,5,3,[ 1 10],6,50,53,44,35
1,<environment.Job instance at 0x7f715ff14230>,21,3,[6 5],22,53,56,31,42
1,<environment.Job instance at 0x7f715ff140f0>,20,15,[3 7],21,56,71,35,42
1,<environment.Job instance at 0x7f715ff145a0>,27,13,[7 1],28,56,69,28,44
1,<environment.Job instance at 0x7f715ff149b0>,32,15,[6 2],33,70,85,37,70
1,<environment.Job instance at 0x7f715ff14b40>,36,14,[6 2],37,85,99,48,75
1,<environment.Job instance at 0x7f715ff14e60>,39,14,[7 3],40,99,113,59,84
1,<environment.Job instance at 0x7f715ff14fa0>,40,14,[8 2],41,113,127,72,98
1,<environment.Job instance at 0x7f715ff20730>,47,15,[6 1],48,127,142,79,113
1,<environment.Job instance at 0x7f715ff20500>,49,13,[4 7],50,127,140,77,113
1,<environment.Job instance at 0x7f715ff20fa0>,59,3,[ 4 10],60,142,145,82,134
1,<environment.Job instance at 0x7f715ff20f50>,60,13,[5 8],61,145,158,84,137
1,<environment.Job instance at 0x7f715ff0c140>,63,15,[ 3 10],64,158,173,94,148
1,<environment.Job instance at 0x7f715ff0c050>,65,14,[7 5],66,173,187,107,158
1,<environment.Job instance at 0x7f715ff0c6e0>,70,15,[10  5],71,187,202,116,184
1,<environment.Job instance at 0x7f715ff0cf00>,81,16,[8 4],82,202,218,120,202
1,<environment.Job instance at 0x7f7160006460>,87,16,[8 4],88,218,234,130,213
1,<environment.Job instance at 0x7f71a3634f00>,0,3,[7 3],1,1,4,0,1
1,<environment.Job instance at 0x7f71a3723fa0>,8,2,[3 8],9,15,17,6,15
1,<environment.Job instance at 0x7f71a3723a50>,9,15,[9 1],10,17,32,7,15
1,<environment.Job instance at 0x7f71a3723230>,10,12,[10  4],11,32,44,21,15
1,<environment.Job instance at 0x7f71aa5a48c0>,23,2,[4 9],24,54,56,30,54
1,<environment.Job instance at 0x7f71aa5a41e0>,25,17,[9 3],26,75,92,49,75
1,<environment.Job instance at 0x7f716013fe60>,31,13,[7 4],32,92,105,60,78
1,<environment.Job instance at 0x7f716013fdc0>,36,14,[8 3],37,106,120,69,106
1,<environment.Job instance at 0x7f716013f3c0>,38,3,[6 2],39,120,123,81,106
1,<environment.Job instance at 0x7f71600dbbe0>,42,18,[2 5],43,106,124,63,106
1,<environment.Job instance at 0x7f716b2025f0>,47,15,[6 2],48,127,142,79,127
1,<environment.Job instance at 0x7f71600dbb40>,49,17,[5 4],50,142,159,92,134
1,<environment.Job instance at 0x7f715fe363c0>,50,16,[1 6],51,134,150,83,134
1,<environment.Job instance at 0x7f71600db460>,46,14,[2 6],47,150,164,103,144
1,<environment.Job instance at 0x7f716013f370>,27,20,[10  2],28,164,184,136,162
1,<environment.Job instance at 0x7f715fe36af0>,52,15,[10  3],53,184,199,131,177
1,<environment.Job instance at 0x7f71a3634730>,0,1,[10  3],1,1,2,0,1
1,<environment.Job instance at 0x7f718efa47d0>,1,17,[7 1],2,2,19,0,2
1,<environment.Job instance at 0x7f715ff20230>,6,18,[4 9],7,19,37,12,8
1,<environment.Job instance at 0x7f71aa505cd0>,14,13,[8 1],15,37,50,22,21
1,<environment.Job instance at 0x7f71aa505730>,15,1,[3 8],16,50,51,34,22
1,<environment.Job instance at 0x7f71aa505dc0>,11,3,[5 2],12,50,53,38,32
1,<environment.Job instance at 0x7f715fbfe500>,19,17,[3 5],20,51,68,31,39
1,<environment.Job instance at 0x7f715fbfed70>,29,16,[5 5],30,55,71,25,55
1,<environment.Job instance at 0x7f71a38b0460>,32,17,[3 5],33,68,85,35,56
1,<environment.Job instance at 0x7f71aa5fd320>,43,18,[6 1],44,77,95,33,77
1,<environment.Job instance at 0x7f71aa5fdb40>,44,16,[1 6],45,85,101,40,77
1,<environment.Job instance at 0x7f71aa5fdcd0>,42,1,[2 9],43,101,102,58,99
1,<environment.Job instance at 0x7f71aa6a3280>,54,2,[7 5],55,102,104,47,100
1,<environment.Job instance at 0x7f71aa6a3c30>,58,1,[9 5],59,119,120,60,119
1,<environment.Job instance at 0x7f715fb2c870>,66,12,[1 9],67,142,154,75,142
1,<environment.Job instance at 0x7f715fb2cfa0>,68,18,[5 9],69,154,172,85,147
1,<environment.Job instance at 0x7f715fe27550>,72,16,[4 7],73,172,188,99,159
1,<environment.Job instance at 0x7f715fe27aa0>,73,16,[5 9],74,188,204,114,175
1,<environment.Job instance at 0x7f71aa079320>,85,15,[8 3],86,204,219,118,197
1,<environment.Job instance at 0x7f71aa0795f0>,90,14,[5 3],91,219,233,128,212
1,<environment.Job instance at 0x7f715fbfe960>,3,18,[1 7],4,4,22,0,4
1,<environment.Job instance at 0x7f715fbb7230>,14,14,[ 4 10],15,22,36,7,16
1,<environment.Job instance at 0x7f716004d2d0>,16,15,[1 6],17,36,51,19,32
1,<environment.Job instance at 0x7f71aa079870>,6,13,[4 9],7,51,64,44,36
1,<environment.Job instance at 0x7f71a38c0b90>,22,16,[3 7],23,64,80,41,53
1,<environment.Job instance at 0x7f71a37cedc0>,31,14,[1 8],32,80,94,48,66
1,<environment.Job instance at 0x7f71a38e7fa0>,36,18,[ 2 10],37,94,112,57,87
1,<environment.Job instance at 0x7f71a38e7960>,41,18,[7 3],42,112,130,70,102
1,<environment.Job instance at 0x7f715fbe79b0>,49,12,[4 6],50,130,142,80,117
1,<environment.Job instance at 0x7f715fbe7410>,50,17,[5 2],51,130,147,79,118
1,<environment.Job instance at 0x7f715fe438c0>,55,18,[4 5],56,142,160,86,131
1,<environment.Job instance at 0x7f71a37df730>,43,14,[7 2],44,198,212,154,198
1,<environment.Job instance at 0x7f715f9de870>,89,2,[9 5],90,212,214,122,200
1,<environment.Job instance at 0x7f715f9de690>,91,15,[9 3],92,214,229,122,203
1,<environment.Job instance at 0x7f715f98daa0>,0,1,[7 3],1,1,2,0,1
1,<environment.Job instance at 0x7f71a38e7460>,1,12,[7 1],2,2,14,0,2
1,<environment.Job instance at 0x7f715f9e4f50>,2,13,[6 3],3,14,27,11,3
1,<environment.Job instance at 0x7f715fc61640>,7,14,[6 1],8,27,41,19,12
1,<environment.Job instance at 0x7f71a3847d20>,17,2,[1 9],18,27,29,9,18
1,<environment.Job instance at 0x7f71a3847140>,18,2,[7 4],19,41,43,22,19
1,<environment.Job instance at 0x7f71aa2ad370>,20,1,[3 6],21,21,22,0,21
1,<environment.Job instance at 0x7f71a3847910>,21,17,[7 4],22,43,60,21,31
1,<environment.Job instance at 0x7f715fa714b0>,24,3,[ 3 10],25,60,63,35,40
1,<environment.Job instance at 0x7f71a39b4af0>,26,2,[9 1],27,63,65,36,40
1,<environment.Job instance at 0x7f71a36b7190>,32,13,[6 1],33,65,78,32,50
1,<environment.Job instance at 0x7f71aa179910>,4,14,[5 2],5,78,92,73,63
1,<environment.Job instance at 0x7f71aa28d730>,38,18,[5 3],39,78,96,39,67
1,<environment.Job instance at 0x7f71aa065640>,40,12,[5 7],41,92,104,51,75
1,<environment.Job instance at 0x7f71a3ac5780>,63,3,[4 6],64,120,123,56,120
1,<environment.Job instance at 0x7f71a3746640>,64,18,[ 4 10],65,126,144,61,126
1,<environment.Job instance at 0x7f715fddd960>,66,13,[7 3],67,144,157,77,133
1,<environment.Job instance at 0x7f716007a320>,70,18,[1 7],71,144,162,73,141
1,<environment.Job instance at 0x7f716002e820>,74,18,[3 8],75,162,180,87,151
1,<environment.Job instance at 0x7f715ffe0c80>,80,16,[8 3],81,180,196,99,167
1,<environment.Job instance at 0x7f71a3cc9870>,84,15,[10  3],85,196,211,111,182
1,<environment.Job instance at 0x7f71a3cc9be0>,92,3,[6 1],93,211,214,118,198
1,<environment.Job instance at 0x7f71a3cc9780>,94,3,[7 2],95,214,217,119,199
1,<environment.Job instance at 0x7f71a3cc99b0>,95,3,[5 3],96,217,220,121,199
1,<environment.Job instance at 0x7f715f8c73c0>,3,12,[6 3],4,4,16,0,4
1,<environment.Job instance at 0x7f71a3cc9050>,2,1,[9 3],3,16,17,13,4
1,<environment.Job instance at 0x7f7160051b40>,8,12,[6 1],9,17,29,8,9
1,<environment.Job instance at 0x7f715fcd4140>,9,16,[1 8],10,17,33,7,10
1,<environment.Job instance at 0x7f715f7f3f00>,12,12,[3 6],13,33,45,20,16
1,<environment.Job instance at 0x7f715f7f3af0>,23,16,[5 5],24,45,61,21,32
1,<environment.Job instance at 0x7f715f7f3c30>,27,16,[7 4],28,61,77,33,49
1,<environment.Job instance at 0x7f715f801af0>,35,3,[4 7],36,77,80,41,72
1,<environment.Job instance at 0x7f715f801eb0>,36,15,[9 4],37,80,95,43,79
1,<environment.Job instance at 0x7f715f801190>,38,1,[7 1],39,95,96,56,79
1,<environment.Job instance at 0x7f715f801050>,39,2,[1 8],40,95,97,55,79
1,<environment.Job instance at 0x7f715f801370>,40,1,[2 9],41,97,98,56,79
1,<environment.Job instance at 0x7f715f8016e0>,41,15,[6 1],42,96,111,54,82
1,<environment.Job instance at 0x7f715f801460>,42,18,[5 5],43,111,129,68,100
1,<environment.Job instance at 0x7f715f801f50>,45,16,[ 5 10],46,129,145,83,116
1,<environment.Job instance at 0x7f715f857500>,53,16,[1 8],54,145,161,91,132
1,<environment.Job instance at 0x7f715f857960>,57,12,[5 5],58,161,173,103,146
1,<environment.Job instance at 0x7f715f857460>,58,13,[8 3],59,173,186,114,157
1,<environment.Job instance at 0x7f715f7dfb40>,64,12,[5 5],65,161,173,96,157
1,<environment.Job instance at 0x7f715f7df820>,74,16,[4 6],75,221,237,146,221
1,<environment.Job instance at 0x7f715fb4ce10>,3,18,[2 9],4,4,22,0,4
1,<environment.Job instance at 0x7f71a35820a0>,17,17,[7 2],18,59,76,41,59
1,<environment.Job instance at 0x7f71a3886410>,28,19,[2 5],29,132,151,103,132
1,<environment.Job instance at 0x7f71a389b820>,35,14,[7 2],36,138,152,102,138
1,<environment.Job instance at 0x7f71a389b960>,39,3,[7 2],40,152,155,112,141
1,<environment.Job instance at 0x7f71a389ccd0>,42,17,[1 9],43,161,178,118,161
1,<environment.Job instance at 0x7f71a388adc0>,49,15,[1 5],50,178,193,128,165
1,<environment.Job instance at 0x7f71a3892050>,51,13,[3 5],52,178,191,126,166
1,<environment.Job instance at 0x7f71a3892280>,53,17,[5 8],54,193,210,139,188
1,<environment.Job instance at 0x7f71a36dd3c0>,0,2,[7 1],1,1,3,0,1
1,<environment.Job instance at 0x7f715f7f3370>,1,17,[4 6],2,3,20,1,2
1,<environment.Job instance at 0x7f71a38af780>,3,2,[ 4 10],4,20,22,16,4
1,<environment.Job instance at 0x7f71a3b159b0>,4,14,[10  2],5,22,36,17,7
1,<environment.Job instance at 0x7f71aa44de10>,19,12,[1 5],20,36,48,16,32
1,<environment.Job instance at 0x7f715f9e7910>,23,17,[6 4],24,44,61,20,44
1,<environment.Job instance at 0x7f71aa5ded20>,14,18,[2 6],15,49,67,34,49
1,<environment.Job instance at 0x7f715fb913c0>,27,17,[4 8],28,67,84,39,60
1,<environment.Job instance at 0x7f71aa104f00>,45,18,[6 3],46,90,108,44,90
1,<environment.Job instance at 0x7f715fb65190>,50,13,[1 6],51,108,121,57,108
1,<environment.Job instance at 0x7f71a38db320>,53,15,[5 6],54,121,136,67,109
1,<environment.Job instance at 0x7f71a38dba00>,56,13,[9 3],57,136,149,79,132
1,<environment.Job instance at 0x7f715fa18140>,66,18,[6 4],67,149,167,82,138
1,<environment.Job instance at 0x7f71aa43dcd0>,72,14,[5 7],73,167,181,94,167
1,<environment.Job instance at 0x7f715fbfd550>,73,15,[7 4],74,181,196,107,167
1,<environment.Job instance at 0x7f715f90fd20>,82,17,[5 5],83,196,213,113,192
1,<environment.Job instance at 0x7f715f90f280>,85,17,[9 3],86,213,230,127,201
1,<environment.Job instance at 0x7f71a36bf5f0>,2,3,[3 5],3,3,6,0,3
1,<environment.Job instance at 0x7f715fcb2730>,1,2,[8 5],2,6,8,4,4
1,<environment.Job instance at 0x7f715f8909b0>,4,17,[7 5],5,8,25,3,5
1,<environment.Job instance at 0x7f71aa456f00>,9,13,[6 2],10,25,38,15,10
1,<environment.Job instance at 0x7f715f794500>,21,1,[2 5],22,22,23,0,22
1,<environment.Job instance at 0x7f715f794140>,23,1,[6 3],24,38,39,14,24
1,<environment.Job instance at 0x7f715f794af0>,24,13,[5 6],25,39,52,14,32
1,<environment.Job instance at 0x7f715f794870>,31,14,[9 1],32,52,66,20,50
1,<environment.Job instance at 0x7f715f8f80f0>,6,14,[ 4 10],7,66,80,59,51
1,<environment.Job instance at 0x7f71aa59f690>,35,14,[6 2],36,80,94,44,65
1,<environment.Job instance at 0x7f71aa59fe10>,36,18,[2 5],37,80,98,43,69
1,<environment.Job instance at 0x7f71aa59fd20>,43,12,[10  3],44,98,110,54,84
1,<environment.Job instance at 0x7f71aa59f8c0>,52,17,[5 2],53,110,127,57,100
1,<environment.Job instance at 0x7f71aa4565f0>,13,16,[1 8],14,110,126,96,102
1,<environment.Job instance at 0x7f71aa59f7d0>,44,14,[10  2],45,127,141,82,116
1,<environment.Job instance at 0x7f715fdb53c0>,66,16,[4 6],67,141,157,74,135
1,<environment.Job instance at 0x7f715fdb5c80>,69,16,[2 5],70,157,173,87,144
1,<environment.Job instance at 0x7f715f870af0>,85,17,[5 8],86,212,229,126,212
1,<environment.Job instance at 0x7f715f8f8b40>,0,18,[6 2],1,1,19,0,1
1,<environment.Job instance at 0x7f71aa5834b0>,1,3,[5 4],2,19,22,17,2
1,<environment.Job instance at 0x7f715f8f8460>,2,3,[ 4 10],3,22,25,19,3
1,<environment.Job instance at 0x7f71aa579960>,3,12,[3 7],4,4,16,0,4
1,<environment.Job instance at 0x7f7160180050>,10,13,[9 1],11,25,38,14,11
1,<environment.Job instance at 0x7f71600d8eb0>,13,16,[1 7],14,25,41,11,14
1,<environment.Job instance at 0x7f71a3978500>,27,14,[5 1],28,38,52,10,37
1,<environment.Job instance at 0x7f71a3978c30>,31,16,[1 8],32,50,66,18,50
1,<environment.Job instance at 0x7f71a3978cd0>,32,16,[ 5 10],33,70,86,37,70
1,<environment.Job instance at 0x7f71aa5a6230>,49,17,[8 4],50,116,133,66,116
1,<environment.Job instance at 0x7f71aa5a6550>,50,15,[4 8],51,133,148,82,119
1,<environment.Job instance at 0x7f71aa5a6c80>,47,13,[2 9],48,148,161,100,133
1,<environment.Job instance at 0x7f71aa5a64b0>,62,16,[3 5],63,161,177,98,149
1,<environment.Job instance at 0x7f71aa57ff00>,61,15,[5 5],62,161,176,99,153
1,<environment.Job instance at 0x7f71aa57ffa0>,66,14,[6 5],67,176,190,109,161
1,<environment.Job instance at 0x7f71aa57f690>,69,12,[3 5],70,177,189,107,168
1,<environment.Job instance at 0x7f715f7e3960>,74,13,[5 6],75,190,203,115,189
1,<environment.Job instance at 0x7f715f7d99b0>,87,17,[8 3],88,213,230,125,213
1,<environment.Job instance at 0x7fecef9730f0>,2,12,[5 4],3,3,15,0,3
1,<environment.Job instance at 0x7fece85642d0>,3,18,[ 3 10],4,15,33,11,4
1,<environment.Job instance at 0x7fece8564870>,13,13,[1 8],14,33,46,19,22
1,<environment.Job instance at 0x7fece8564cd0>,18,16,[8 5],19,46,62,27,33
1,<environment.Job instance at 0x7fece8565730>,32,17,[9 3],33,62,79,29,51
1,<environment.Job instance at 0x7fece85688c0>,42,14,[8 4],43,79,93,36,77
1,<environment.Job instance at 0x7fece8568b40>,46,3,[5 4],47,103,106,56,103
1,<environment.Job instance at 0x7fece856d2d0>,54,14,[1 7],55,124,138,69,124
1,<environment.Job instance at 0x7fece856d410>,56,18,[4 5],57,138,156,81,127
1,<environment.Job instance at 0x7fece856d7d0>,63,15,[1 5],64,155,170,91,155
1,<environment.Job instance at 0x7fece856daf0>,65,13,[3 5],66,160,173,94,160
1,<environment.Job instance at 0x7fece856dd70>,70,18,[5 5],71,175,193,104,175
1,<environment.Job instance at 0x7fece856e190>,72,14,[9 1],73,193,207,120,179
1,<environment.Job instance at 0x7fece856e780>,77,15,[4 7],78,207,222,129,194
1,<environment.Job instance at 0x7fece856e0a0>,0,3,[9 1],1,1,4,0,1
1,<environment.Job instance at 0x7fece857ccd0>,3,12,[1 7],4,4,16,0,4
1,<environment.Job instance at 0x7fece857fb40>,8,14,[4 7],9,16,30,7,9
1,<environment.Job instance at 0x7feca47dc690>,14,12,[5 7],15,30,42,15,30
1,<environment.Job instance at 0x7feca47daa00>,22,14,[8 4],23,42,56,19,42
1,<environment.Job instance at 0x7feca47dafa0>,24,17,[10  5],25,57,74,32,57
1,<environment.Job instance at 0x7feca47bb640>,32,14,[9 2],33,74,88,41,62
1,<environment.Job instance at 0x7feca4958b90>,36,13,[5 1],37,88,101,51,72
1,<environment.Job instance at 0x7feca4961d70>,42,17,[10  4],43,101,118,58,98
1,<environment.Job instance at 0x7feca4961910>,45,17,[8 1],46,118,135,72,107
1,<environment.Job instance at 0x7feca4961230>,49,1,[9 2],50,135,136,85,118
1,<environment.Job instance at 0x7feca49614b0>,51,1,[8 3],52,136,137,84,118
1,<environment.Job instance at 0x7feca493ca00>,52,1,[3 8],53,137,138,84,118
1,<environment.Job instance at 0x7feca493c8c0>,53,15,[5 6],54,138,153,84,126
1,<environment.Job instance at 0x7feca495f640>,56,15,[ 5 10],57,153,168,96,150
1,<environment.Job instance at 0x7feca495f4b0>,60,15,[7 4],61,168,183,107,154
1,<environment.Job instance at 0x7feca495f910>,61,13,[3 6],62,168,181,106,155
1,<environment.Job instance at 0x7feca493d960>,64,14,[8 5],65,183,197,118,168
1,<environment.Job instance at 0x7feca4965500>,69,16,[9 4],70,197,213,127,186
1,<environment.Job instance at 0x7feca4964f00>,77,16,[2 8],78,213,229,135,200
1,<environment.Job instance at 0x7feca49594b0>,82,13,[2 5],83,229,242,146,213
1,<environment.Job instance at 0x7feca4959b90>,85,2,[9 2],86,242,244,156,216
1,<environment.Job instance at 0x7feca49593c0>,86,2,[5 1],87,216,218,129,216
1,<environment.Job instance at 0x7feca493bb90>,11,14,[3 6],12,13,27,1,13
1,<environment.Job instance at 0x7feca4836e10>,17,16,[ 3 10],18,31,47,13,31
1,<environment.Job instance at 0x7feca47dc0f0>,16,15,[10  5],17,56,71,39,56
1,<environment.Job instance at 0x7feca47b4b90>,29,18,[ 2 10],30,71,89,41,64
1,<environment.Job instance at 0x7fece8a2a9b0>,36,15,[4 9],37,89,104,52,89
1,<environment.Job instance at 0x7fece877c500>,39,3,[9 2],40,111,114,71,111
1,<environment.Job instance at 0x7fece8a090a0>,40,18,[4 8],41,114,132,73,112
1,<environment.Job instance at 0x7fecefae4730>,45,18,[ 3 10],46,132,150,86,121
1,<environment.Job instance at 0x7fecefaed550>,47,13,[4 9],48,150,163,102,134
1,<environment.Job instance at 0x7feca47dcbe0>,15,16,[2 6],16,163,179,147,157
1,<environment.Job instance at 0x7fecefae42d0>,46,21,[6 1],47,159,180,112,159
1,<environment.Job instance at 0x7fece8400cd0>,66,13,[8 3],67,195,208,128,195
1,<environment.Job instance at 0x7fece8400190>,68,14,[2 7],69,197,211,128,197
1,<environment.Job instance at 0x7feca47cdcd0>,73,16,[3 5],74,211,227,137,209
1,<environment.Job instance at 0x7feca4821370>,59,17,[2 6],60,227,244,167,215
1,<environment.Job instance at 0x7fecef998c30>,0,3,[7 3],1,1,4,0,1
1,<environment.Job instance at 0x7feca4b44f50>,1,17,[5 7],2,4,21,2,2
1,<environment.Job instance at 0x7fece886bdc0>,14,15,[5 7],15,21,36,6,21
1,<environment.Job instance at 0x7fece855ed20>,16,14,[ 5 10],17,48,62,31,48
1,<environment.Job instance at 0x7fece8651140>,20,1,[6 5],21,88,89,67,88
1,<environment.Job instance at 0x7fece85c8aa0>,26,27,[4 5],27,90,117,63,90
1,<environment.Job instance at 0x7fece8940a00>,28,15,[5 9],29,117,132,88,104
1,<environment.Job instance at 0x7feca4e428c0>,35,1,[8 1],36,132,133,96,104
1,<environment.Job instance at 0x7feca4e42730>,36,14,[10  4],37,133,147,96,118
1,<environment.Job instance at 0x7fece8848190>,46,16,[2 6],47,147,163,100,134
1,<environment.Job instance at 0x7fece88489b0>,48,14,[6 4],49,147,161,98,141
1,<environment.Job instance at 0x7fece8848820>,47,18,[3 6],48,163,181,115,152
1,<environment.Job instance at 0x7fece86274b0>,55,12,[6 1],56,161,173,105,152
1,<environment.Job instance at 0x7fece854da00>,59,14,[9 5],60,181,195,121,166
1,<environment.Job instance at 0x7feceee6a6e0>,70,12,[7 2],71,208,220,137,208
1,<environment.Job instance at 0x7fece877cb90>,72,3,[1 9],73,220,223,147,208
1,<environment.Job instance at 0x7feceee6a190>,73,2,[6 5],74,223,225,149,208
1,<environment.Job instance at 0x7fece85a6f00>,74,1,[7 3],75,225,226,150,208
1,<environment.Job instance at 0x7fece85a6a50>,75,3,[7 2],76,226,229,150,208
1,<environment.Job instance at 0x7fece85a6d20>,77,17,[3 8],78,226,243,148,214
1,<environment.Job instance at 0x7feca4b3f640>,0,14,[1 8],1,1,15,0,1
1,<environment.Job instance at 0x7feca4b446e0>,3,13,[5 1],4,4,17,0,4
1,<environment.Job instance at 0x7feca4b3e140>,6,12,[1 5],7,15,27,8,7
1,<environment.Job instance at 0x7feca4e41c30>,18,18,[6 5],19,20,38,1,20
1,<environment.Job instance at 0x7fece86765a0>,14,3,[3 6],15,38,41,23,21
1,<environment.Job instance at 0x7fece89a53c0>,23,16,[5 3],24,38,54,14,25
1,<environment.Job instance at 0x7fece83e1320>,25,15,[ 1 10],26,54,69,28,40
1,<environment.Job instance at 0x7feca4c52050>,29,12,[4 6],30,69,81,39,52
1,<environment.Job instance at 0x7feca4c53d20>,37,15,[4 6],38,81,96,43,67
1,<environment.Job instance at 0x7feca4c36820>,44,16,[4 5],45,96,112,51,89
1,<environment.Job instance at 0x7feca4c55370>,50,12,[1 7],51,112,124,61,106
1,<environment.Job instance at 0x7feca4c30190>,53,15,[5 5],54,124,139,70,111
1,<environment.Job instance at 0x7feca4c30cd0>,59,13,[7 4],60,139,152,79,129
1,<environment.Job instance at 0x7feca4c43dc0>,66,18,[6 3],67,152,170,85,152
1,<environment.Job instance at 0x7feca4c430f0>,70,15,[10  4],71,170,185,99,166
1,<environment.Job instance at 0x7feca4c436e0>,72,15,[4 8],73,185,200,112,174
1,<environment.Job instance at 0x7feca4c4fd70>,77,14,[ 4 10],78,200,214,122,189
1,<environment.Job instance at 0x7feca4c4fe60>,76,12,[2 7],77,214,226,137,198
1,<environment.Job instance at 0x7feca4c4f230>,81,12,[5 5],82,226,238,144,211
1,<environment.Job instance at 0x7feca4821410>,0,14,[1 5],1,1,15,0,1
1,<environment.Job instance at 0x7feca4b5f6e0>,8,14,[1 7],9,18,32,9,18
1,<environment.Job instance at 0x7feca4b5f5f0>,5,14,[ 1 10],6,32,46,26,21
1,<environment.Job instance at 0x7feca4b58960>,14,14,[5 3],15,46,60,31,32
1,<environment.Job instance at 0x7feca4b585f0>,12,14,[3 9],13,60,74,47,53
1,<environment.Job instance at 0x7feca4b58be0>,24,18,[5 6],25,74,92,49,63
1,<environment.Job instance at 0x7feca4b5a0f0>,27,13,[4 5],28,92,105,64,76
1,<environment.Job instance at 0x7feca4b5aeb0>,34,14,[6 4],35,92,106,57,83
1,<environment.Job instance at 0x7feca4b44d20>,4,13,[2 6],5,105,118,100,100
1,<environment.Job instance at 0x7feca4b585a0>,23,22,[5 2],24,106,128,82,101
1,<environment.Job instance at 0x7feca4b58a50>,11,13,[6 3],12,128,141,116,112
1,<environment.Job instance at 0x7fece8413f50>,55,18,[9 2],56,141,159,85,139
1,<environment.Job instance at 0x7fecef2210a0>,64,3,[2 7],65,161,164,96,161
1,<environment.Job instance at 0x7feceef83820>,69,18,[6 1],70,167,185,97,167
1,<environment.Job instance at 0x7feceef83050>,71,3,[2 6],72,167,170,95,167
1,<environment.Job instance at 0x7feca4b742d0>,72,12,[6 1],73,185,197,112,168
1,<environment.Job instance at 0x7feca4b74960>,73,3,[8 3],74,197,200,123,171
1,<environment.Job instance at 0x7feca498ee10>,79,18,[2 7],80,186,204,106,186
1,<environment.Job instance at 0x7feca498e3c0>,82,1,[5 1],83,204,205,121,204
1,<environment.Job instance at 0x7feca498e730>,83,16,[9 4],84,205,221,121,205
1,<environment.Job instance at 0x7feca498ea00>,88,13,[2 5],89,221,234,132,213
1,<environment.Job instance at 0x7feca4e3eeb0>,0,16,[7 5],1,1,17,0,1
1,<environment.Job instance at 0x7fece866feb0>,4,17,[2 5],5,5,22,0,5
1,<environment.Job instance at 0x7fece8925e10>,6,15,[3 5],7,17,32,10,8
1,<environment.Job instance at 0x7feca4ea39b0>,16,18,[8 1],17,32,50,15,21
1,<environment.Job instance at 0x7fece84da7d0>,21,13,[7 4],22,50,63,28,39
1,<environment.Job instance at 0x7fecef35faa0>,26,17,[2 6],27,47,64,20,47
1,<environment.Job instance at 0x7feca4efa280>,27,12,[2 8],28,64,76,36,49
1,<environment.Job instance at 0x7fece843cc80>,29,12,[4 6],30,76,88,46,59
1,<environment.Job instance at 0x7fece881dfa0>,18,2,[10  5],19,88,90,69,64
1,<environment.Job instance at 0x7fece8538960>,36,17,[2 5],37,90,107,53,78
1,<environment.Job instance at 0x7fece84ae550>,39,13,[6 4],40,90,103,50,81
1,<environment.Job instance at 0x7fece84ae6e0>,45,15,[3 9],46,110,125,64,110
1,<environment.Job instance at 0x7feceef2d910>,49,18,[7 5],50,125,143,75,115
1,<environment.Job instance at 0x7feceef2d870>,52,13,[7 2],53,143,156,90,127
1,<environment.Job instance at 0x7feceef2d230>,54,17,[7 2],55,156,173,101,144
1,<environment.Job instance at 0x7feca492d050>,63,15,[3 9],64,173,188,109,159
1,<environment.Job instance at 0x7fece84dca00>,68,17,[9 5],69,188,205,119,176
1,<environment.Job instance at 0x7fece8687fa0>,72,14,[4 6],73,205,219,132,191
1,<environment.Job instance at 0x7feceedec500>,79,15,[3 9],80,219,234,139,205
1,<environment.Job instance at 0x7fece82da8c0>,0,12,[4 8],1,1,13,0,1
1,<environment.Job instance at 0x7fece8516820>,18,13,[8 5],19,29,42,10,29
1,<environment.Job instance at 0x7fecef183b90>,10,18,[6 4],11,55,73,44,55
1,<environment.Job instance at 0x7feca4759050>,23,3,[ 4 10],24,73,76,49,56
1,<environment.Job instance at 0x7feca4759140>,24,3,[10  2],25,76,79,51,62
1,<environment.Job instance at 0x7feca49d8190>,15,16,[7 3],16,79,95,63,66
1,<environment.Job instance at 0x7feca4759820>,32,14,[7 3],33,95,109,62,81
1,<environment.Job instance at 0x7feca4759b90>,37,3,[8 1],38,109,112,71,87
1,<environment.Job instance at 0x7feca4759cd0>,39,18,[6 2],40,112,130,72,103
1,<environment.Job instance at 0x7feca4734230>,45,14,[5 7],46,130,144,84,115
1,<environment.Job instance at 0x7feca4734550>,52,12,[1 9],53,144,156,91,127
1,<environment.Job instance at 0x7feca4734a00>,60,17,[ 5 10],61,156,173,95,152
1,<environment.Job instance at 0x7feca4745370>,66,2,[5 2],67,173,175,106,157
1,<environment.Job instance at 0x7feca4745320>,68,12,[3 9],69,175,187,106,158
1,<environment.Job instance at 0x7feca47455f0>,73,12,[5 4],74,187,199,113,175
1,<environment.Job instance at 0x7feca4745aa0>,77,15,[3 6],78,187,202,109,175
1,<environment.Job instance at 0x7feca4745d70>,84,13,[3 6],85,202,215,117,192
1,<environment.Job instance at 0x7feca4759d70>,40,26,[6 4],41,199,225,158,197
1,<environment.Job instance at 0x7fece888e1e0>,2,2,[10  3],3,3,5,0,3
1,<environment.Job instance at 0x7fecef0097d0>,9,14,[2 8],10,21,35,11,21
1,<environment.Job instance at 0x7fecef0090f0>,15,18,[5 6],16,46,64,30,46
1,<environment.Job instance at 0x7fece85270f0>,22,18,[9 1],23,64,82,41,53
1,<environment.Job instance at 0x7fece85c1410>,23,13,[3 9],24,82,95,58,66
1,<environment.Job instance at 0x7fece8684370>,30,12,[4 6],31,95,107,64,78
1,<environment.Job instance at 0x7fece84d8410>,38,15,[3 8],39,107,122,68,93
1,<environment.Job instance at 0x7fece856b140>,40,13,[5 8],41,122,135,81,106
1,<environment.Job instance at 0x7feca49f0d20>,45,17,[1 7],46,135,152,89,123
1,<environment.Job instance at 0x7feca4e9f960>,51,12,[7 2],52,135,147,83,129
1,<environment.Job instance at 0x7fece82fdf50>,58,13,[6 2],59,147,160,88,139
1,<environment.Job instance at 0x7fecef1f67d0>,59,12,[7 5],60,160,172,100,144
1,<environment.Job instance at 0x7feceee6ecd0>,64,15,[6 2],65,172,187,107,159
1,<environment.Job instance at 0x7feceee6e5a0>,66,16,[5 9],67,187,203,120,174
1,<environment.Job instance at 0x7feca4939280>,76,14,[4 7],77,204,218,127,204
1,<environment.Job instance at 0x7feca49390f0>,74,16,[8 2],75,218,234,143,205
1,<environment.Job instance at 0x7fece85864b0>,0,15,[8 4],1,1,16,0,1
1,<environment.Job instance at 0x7fece85278c0>,1,12,[8 1],2,16,28,14,2
1,<environment.Job instance at 0x7fece8363dc0>,2,13,[5 3],3,28,41,25,12
1,<environment.Job instance at 0x7feceee09b90>,18,3,[1 7],19,29,32,10,29
1,<environment.Job instance at 0x7feceee09500>,19,3,[7 3],20,41,44,21,29
1,<environment.Job instance at 0x7fece855ee60>,21,12,[5 3],22,47,59,25,47
1,<environment.Job instance at 0x7fece83b6870>,26,2,[ 1 10],27,59,61,32,54
1,<environment.Job instance at 0x7feca47ed730>,30,18,[3 5],31,61,79,30,55
1,<environment.Job instance at 0x7fece89b2af0>,38,12,[6 4],39,75,87,36,75
1,<environment.Job instance at 0x7fece89b26e0>,41,13,[3 5],42,79,92,37,75
1,<environment.Job instance at 0x7feca49faaf0>,32,3,[5 8],33,92,95,59,77
1,<environment.Job instance at 0x7feca4a4af00>,46,13,[6 4],47,95,108,48,85
1,<environment.Job instance at 0x7feca4a4ae10>,49,12,[5 8],50,108,120,58,104
1,<environment.Job instance at 0x7feca4a4a190>,50,2,[5 4],51,120,122,69,104
1,<environment.Job instance at 0x7feceef09690>,54,1,[7 3],55,122,123,67,105
1,<environment.Job instance at 0x7feceef095a0>,57,2,[5 8],58,123,125,65,108
1,<environment.Job instance at 0x7feceef09a00>,58,3,[6 2],59,125,128,66,108
1,<environment.Job instance at 0x7feceef094b0>,60,12,[2 5],61,125,137,64,108
1,<environment.Job instance at 0x7fecef4cd640>,65,13,[7 4],66,128,141,62,112
1,<environment.Job instance at 0x7fece863b1e0>,70,15,[5 5],71,141,156,70,127
1,<environment.Job instance at 0x7fece863b640>,72,17,[5 7],73,156,173,83,144
1,<environment.Job instance at 0x7fece83c8910>,78,12,[7 5],79,173,185,94,156
1,<environment.Job instance at 0x7feceef71f50>,81,17,[9 4],82,185,202,103,173
1,<environment.Job instance at 0x7feceee26f00>,87,14,[5 6],88,202,216,114,187
1,<environment.Job instance at 0x7fece884c280>,89,17,[5 6],90,216,233,126,204
1,<environment.Job instance at 0x7fece8a11320>,95,3,[8 5],96,233,236,137,207
1,<environment.Job instance at 0x7feceef71500>,0,12,[9 4],1,1,13,0,1
1,<environment.Job instance at 0x7fecef22d550>,2,14,[3 7],3,13,27,10,3
1,<environment.Job instance at 0x7fece84f39b0>,11,13,[5 8],12,27,40,15,13
1,<environment.Job instance at 0x7feca4a6f910>,7,1,[7 5],8,40,41,32,23
1,<environment.Job instance at 0x7feceeed3410>,23,16,[9 5],24,41,57,17,29
1,<environment.Job instance at 0x7feceeed36e0>,30,14,[6 1],31,57,71,26,51
1,<environment.Job instance at 0x7feceeed3820>,31,17,[9 3],32,71,88,39,59
1,<environment.Job instance at 0x7feceeed3b90>,36,17,[8 4],37,88,105,51,76
1,<environment.Job instance at 0x7feceeed3e10>,40,13,[8 4],41,105,118,64,92
1,<environment.Job instance at 0x7feceeef05f0>,46,18,[7 3],47,118,136,71,107
1,<environment.Job instance at 0x7feceeef0910>,50,16,[ 2 10],51,136,152,85,123
1,<environment.Job instance at 0x7feceeef09b0>,52,15,[5 5],53,152,167,99,138
1,<environment.Job instance at 0x7feceeef0780>,53,15,[1 5],54,152,167,98,138
1,<environment.Job instance at 0x7feceeedf1e0>,64,17,[5 5],65,167,184,102,160
1,<environment.Job instance at 0x7feceeedf550>,69,15,[9 1],70,184,199,114,173
1,<environment.Job instance at 0x7feceeedf690>,71,15,[10  4],72,199,214,127,185
1,<environment.Job instance at 0x7fece836af50>,0,13,[6 3],1,1,14,0,1
1,<environment.Job instance at 0x7feca4b3dc30>,6,16,[1 7],7,7,23,0,7
1,<environment.Job instance at 0x7feca4b3dfa0>,9,14,[2 5],10,23,37,13,10
1,<environment.Job instance at 0x7feca4b3d550>,10,12,[4 5],11,23,35,12,11
1,<environment.Job instance at 0x7feca4b41fa0>,18,16,[6 5],19,35,51,16,24
1,<environment.Job instance at 0x7fece8999a00>,29,3,[7 5],30,51,54,21,47
1,<environment.Job instance at 0x7fece89998c0>,36,18,[1 8],37,66,84,29,66
1,<environment.Job instance at 0x7fece8999c80>,34,17,[4 9],35,84,101,49,78
1,<environment.Job instance at 0x7fece89f9c80>,43,15,[5 3],44,101,116,57,100
1,<environment.Job instance at 0x7fece89f9820>,48,18,[6 4],49,116,134,67,107
1,<environment.Job instance at 0x7feca4c43550>,51,17,[7 1],52,134,151,82,122
1,<environment.Job instance at 0x7feca4c43140>,60,12,[2 6],61,133,145,72,133
1,<environment.Job instance at 0x7feca4c43b40>,62,16,[8 1],63,151,167,88,138
1,<environment.Job instance at 0x7feca4c43e60>,66,16,[2 7],67,145,161,78,138
1,<environment.Job instance at 0x7feca4c53640>,70,17,[5 8],71,167,184,96,155
1,<environment.Job instance at 0x7feca4c539b0>,74,18,[6 5],75,184,202,109,173
1,<environment.Job instance at 0x7feca46ed0a0>,82,17,[3 5],83,185,202,102,185
1,<environment.Job instance at 0x7feca46edfa0>,86,14,[8 5],87,202,216,115,188
1,<environment.Job instance at 0x7feca47ffb90>,94,16,[1 6],95,216,232,121,204
1,<environment.Job instance at 0x7feca4dbff00>,0,2,[4 7],1,1,3,0,1
1,<environment.Job instance at 0x7feca47fffa0>,1,17,[8 4],2,3,20,1,2
1,<environment.Job instance at 0x7fece83b64b0>,9,13,[6 5],10,20,33,10,10
1,<environment.Job instance at 0x7fece83c1960>,12,3,[3 8],13,33,36,20,19
1,<environment.Job instance at 0x7fece87ad5f0>,15,15,[2 8],16,36,51,20,23
1,<environment.Job instance at 0x7fece87ada00>,20,17,[1 7],21,51,68,30,39
1,<environment.Job instance at 0x7fece87adc80>,22,15,[6 2],23,39,54,16,39
1,<environment.Job instance at 0x7fece87addc0>,26,12,[7 4],27,68,80,41,53
1,<environment.Job instance at 0x7fece87ad960>,18,13,[7 4],19,80,93,61,66
1,<environment.Job instance at 0x7fece86cf870>,41,15,[6 1],42,93,108,51,79
1,<environment.Job instance at 0x7fecef9981e0>,49,12,[4 7],50,109,121,59,109
1,<environment.Job instance at 0x7fecef998a00>,54,14,[ 4 10],55,121,135,66,112
1,<environment.Job instance at 0x7feca475d780>,55,16,[6 5],56,135,151,79,122
1,<environment.Job instance at 0x7feca475d640>,59,14,[2 7],60,151,165,91,138
1,<environment.Job instance at 0x7feca475d0a0>,63,15,[9 4],64,165,180,101,151
1,<environment.Job instance at 0x7feceef71780>,66,14,[7 3],67,151,165,84,151
1,<environment.Job instance at 0x7fece89975a0>,5,12,[1 8],6,180,192,174,165
1,<environment.Job instance at 0x7feceef71140>,71,14,[1 8],72,192,206,120,177
1,<environment.Job instance at 0x7feceef718c0>,77,2,[ 1 10],78,206,208,128,181
1,<environment.Job instance at 0x7feceeddfaa0>,80,15,[8 4],81,208,223,127,194
1,<environment.Job instance at 0x7feceeddf9b0>,83,14,[7 2],84,223,237,139,209
1,<environment.Job instance at 0x7feca4e883c0>,3,2,[7 1],4,4,6,0,4
1,<environment.Job instance at 0x7feca4efe910>,5,13,[9 1],6,6,19,0,6
1,<environment.Job instance at 0x7fece8608e10>,6,3,[4 7],7,19,22,12,7
1,<environment.Job instance at 0x7feca4582500>,9,14,[ 2 10],10,22,36,12,10
1,<environment.Job instance at 0x7feca4b6e9b0>,12,15,[8 3],13,36,51,23,22
1,<environment.Job instance at 0x7feca4e41a00>,16,13,[2 7],17,36,49,19,22
1,<environment.Job instance at 0x7feca48f0190>,34,14,[5 2],35,61,75,26,61
1,<environment.Job instance at 0x7feca48f0320>,37,14,[6 1],38,75,89,37,65
1,<environment.Job instance at 0x7feca490e820>,40,16,[4 9],41,87,103,46,87
1,<environment.Job instance at 0x7feca48e8280>,43,14,[5 4],44,103,117,59,92
1,<environment.Job instance at 0x7feca48e82d0>,42,17,[3 6],43,103,120,60,100
1,<environment.Job instance at 0x7feceedf6dc0>,48,2,[7 4],49,117,119,68,102
1,<environment.Job instance at 0x7fecef2a30a0>,51,17,[7 4],52,119,136,67,107
1,<environment.Job instance at 0x7feca489c190>,60,17,[8 2],61,136,153,75,124
1,<environment.Job instance at 0x7feceeea10f0>,63,15,[5 2],64,153,168,89,139
1,<environment.Job instance at 0x7fece898bfa0>,66,12,[7 2],67,168,180,101,151
1,<environment.Job instance at 0x7fecef2cfd20>,68,18,[5 3],69,180,198,111,169
1,<environment.Job instance at 0x7feceef77230>,82,13,[5 8],83,198,211,115,182
1,<environment.Job instance at 0x7feca48ee5a0>,4,17,[4 8],5,5,22,0,5
1,<environment.Job instance at 0x7feca4688eb0>,8,14,[4 7],9,22,36,13,10
1,<environment.Job instance at 0x7fece87e2d20>,17,13,[7 4],18,36,49,18,23
1,<environment.Job instance at 0x7fece87f2aa0>,23,12,[6 3],24,24,36,0,24
1,<environment.Job instance at 0x7fecef2c0550>,26,14,[8 2],27,49,63,22,34
1,<environment.Job instance at 0x7fecef2322d0>,32,12,[3 6],33,63,75,30,46
1,<environment.Job instance at 0x7fece88b6f00>,9,2,[4 6],10,75,77,65,58
1,<environment.Job instance at 0x7feca4ea8280>,34,17,[4 5],35,77,94,42,65
1,<environment.Job instance at 0x7feceefcdb90>,44,18,[7 5],45,94,112,49,91
1,<environment.Job instance at 0x7feca48d12d0>,46,1,[7 2],47,117,118,70,117
1,<environment.Job instance at 0x7feca48d1910>,48,12,[8 2],49,118,130,69,118
1,<environment.Job instance at 0x7feca48d1320>,51,17,[ 3 10],52,141,158,89,141
1,<environment.Job instance at 0x7feca48d10a0>,52,14,[1 7],53,158,172,105,143
1,<environment.Job instance at 0x7fecef473b90>,35,13,[3 7],36,172,185,136,168
1,<environment.Job instance at 0x7feceefd3190>,62,18,[5 5],63,185,203,122,176
1,<environment.Job instance at 0x7feca4e42eb0>,70,12,[9 5],71,203,215,132,200
1,<environment.Job instance at 0x7feceedf0730>,72,18,[10  4],73,215,233,142,204
1,<environment.Job instance at 0x7feca4b00cd0>,78,13,[8 3],79,233,246,154,217
1,<environment.Job instance at 0x7feca4e44d20>,0,14,[2 7],1,1,15,0,1
1,<environment.Job instance at 0x7feca4e440f0>,2,2,[10  2],3,15,17,12,3
1,<environment.Job instance at 0x7feca4afb9b0>,3,1,[3 5],4,17,18,13,4
1,<environment.Job instance at 0x7feceed69370>,4,3,[10  1],5,18,21,13,5
1,<environment.Job instance at 0x7feca4efe3c0>,5,1,[10  4],6,21,22,15,6
1,<environment.Job instance at 0x7fece8a131e0>,6,1,[1 6],7,22,23,15,7
1,<environment.Job instance at 0x7feceed69410>,7,15,[3 5],8,23,38,15,9
1,<environment.Job instance at 0x7feca454df50>,17,12,[3 5],18,26,38,8,26
1,<environment.Job instance at 0x7feca454d4b0>,19,17,[7 1],20,38,55,18,26
1,<environment.Job instance at 0x7feca454d140>,20,13,[1 5],21,38,51,17,38
1,<environment.Job instance at 0x7feca47e7910>,23,13,[2 7],24,51,64,27,40
1,<environment.Job instance at 0x7feca47e74b0>,28,1,[2 8],29,70,71,41,70
1,<environment.Job instance at 0x7feca47e7cd0>,31,3,[5 9],32,72,75,40,72
1,<environment.Job instance at 0x7feca45b6960>,45,14,[7 2],46,153,167,107,153
1,<environment.Job instance at 0x7feca45b6550>,51,1,[3 6],52,171,172,119,171
1,<environment.Job instance at 0x7feca46759b0>,53,1,[7 5],54,172,173,118,171
1,<environment.Job instance at 0x7feca45b68c0>,47,16,[3 9],48,173,189,125,172
1,<environment.Job instance at 0x7feca4675780>,58,16,[8 3],59,189,205,130,178
1,<environment.Job instance at 0x7feca46755f0>,60,12,[1 6],61,189,201,128,189
1,<environment.Job instance at 0x7feca4675a50>,61,13,[3 5],62,205,218,143,189
1,<environment.Job instance at 0x7feca4675500>,66,14,[5 3],67,211,225,144,211
1,<environment.Job instance at 0x7feca454d410>,0,2,[7 1],1,1,3,0,1
1,<environment.Job instance at 0x7fecef86e2d0>,1,17,[4 6],2,3,20,1,2
1,<environment.Job instance at 0x7feceeef0d20>,4,14,[10  2],5,20,34,15,5
1,<environment.Job instance at 0x7fece897edc0>,15,18,[4 6],16,34,52,18,25
1,<environment.Job instance at 0x7fece83d5690>,32,3,[9 1],33,67,70,34,67
1,<environment.Job instance at 0x7fece83d5cd0>,34,16,[10  1],35,76,92,41,76
1,<environment.Job instance at 0x7fece83d5eb0>,35,18,[7 3],36,92,110,56,81
1,<environment.Job instance at 0x7fece84028c0>,28,2,[1 6],29,94,96,65,94
1,<environment.Job instance at 0x7fece85c0eb0>,51,18,[10  3],52,133,151,81,133
1,<environment.Job instance at 0x7fece83ea9b0>,53,15,[5 6],54,151,166,97,139
1,<environment.Job instance at 0x7feca471afa0>,62,2,[3 7],63,166,168,103,147
1,<environment.Job instance at 0x7fecef360460>,63,3,[5 5],64,168,171,104,147
1,<environment.Job instance at 0x7fecef360780>,64,3,[4 6],65,171,174,106,148
1,<environment.Job instance at 0x7fecef360d70>,66,18,[6 4],67,171,189,104,160
1,<environment.Job instance at 0x7fecef3892d0>,71,27,[4 5],72,182,209,110,182
1,<environment.Job instance at 0x7fecef389230>,73,15,[7 4],74,209,224,135,195
1,<environment.Job instance at 0x7fecef389a00>,74,14,[3 5],75,206,220,131,206
1,<environment.Job instance at 0x7fecef374c30>,81,15,[2 9],82,224,239,142,210
1,<environment.Job instance at 0x7fece8a13cd0>,0,3,[8 1],1,1,4,0,1
1,<environment.Job instance at 0x7fece8402460>,2,16,[2 9],3,4,20,1,4
1,<environment.Job instance at 0x7feca47e7c30>,5,15,[4 8],6,20,35,14,6
1,<environment.Job instance at 0x7fece89d22d0>,12,2,[3 7],13,35,37,22,16
1,<environment.Job instance at 0x7feca45d9c80>,17,12,[5 6],18,37,49,19,20
1,<environment.Job instance at 0x7fece88a8af0>,22,13,[8 3],23,49,62,26,33
1,<environment.Job instance at 0x7feca4b65dc0>,25,14,[6 2],26,62,76,36,47
1,<environment.Job instance at 0x7feca4b65f50>,26,18,[2 5],27,49,67,22,47
1,<environment.Job instance at 0x7feca4630c80>,30,2,[5 1],31,76,78,45,52
1,<environment.Job instance at 0x7feca4630230>,38,13,[4 6],39,67,80,28,55
1,<environment.Job instance at 0x7feceed9a780>,43,14,[8 5],44,80,94,36,65
1,<environment.Job instance at 0x7feceef7aa50>,49,18,[5 6],50,94,112,44,83
1,<environment.Job instance at 0x7feceef7a3c0>,51,15,[2 9],52,112,127,60,99
1,<environment.Job instance at 0x7feca4634280>,55,16,[2 7],56,142,158,86,142
1,<environment.Job instance at 0x7feca4647be0>,59,16,[2 5],60,158,174,98,145
1,<environment.Job instance at 0x7fece85bcaa0>,66,15,[5 2],67,154,169,87,154
1,<environment.Job instance at 0x7fece85c3870>,76,3,[2 9],77,185,188,108,185
1,<environment.Job instance at 0x7fece898b320>,77,12,[2 8],78,188,200,110,185
1,<environment.Job instance at 0x7feceee415a0>,10,15,[2 9],11,200,215,189,186
1,<environment.Job instance at 0x7feca4af1870>,82,16,[5 1],83,197,213,114,197
1,<environment.Job instance at 0x7feca46aef50>,84,16,[3 6],85,215,231,130,202
1,<environment.Job instance at 0x7feca4efee10>,0,1,[8 5],1,1,2,0,1
1,<environment.Job instance at 0x7fece86f23c0>,1,2,[9 5],2,2,4,0,2
1,<environment.Job instance at 0x7fece88c3550>,4,2,[9 4],5,5,7,0,5
1,<environment.Job instance at 0x7feca45b98c0>,5,2,[2 8],6,7,9,1,7
1,<environment.Job instance at 0x7feca4640af0>,7,14,[5 1],8,8,22,0,8
1,<environment.Job instance at 0x7fecef56abe0>,16,13,[ 1 10],17,26,39,9,26
1,<environment.Job instance at 0x7fece89565f0>,29,17,[8 4],30,74,91,44,74
1,<environment.Job instance at 0x7fece89566e0>,33,3,[9 5],34,91,94,57,78
1,<environment.Job instance at 0x7fece89561e0>,36,16,[6 2],37,94,110,57,81
1,<environment.Job instance at 0x7fece883c370>,41,15,[5 5],42,110,125,68,96
1,<environment.Job instance at 0x7fece883cf00>,46,14,[6 5],47,125,139,78,110
1,<environment.Job instance at 0x7fece883c870>,51,12,[5 8],52,139,151,87,125
1,<environment.Job instance at 0x7fece883c7d0>,37,2,[6 3],38,151,153,113,137
1,<environment.Job instance at 0x7fece85e5910>,65,16,[9 5],66,153,169,87,143
1,<environment.Job instance at 0x7feca4cd05f0>,71,12,[6 2],72,169,181,97,163
1,<environment.Job instance at 0x7feceed86fa0>,80,18,[1 5],81,192,210,111,192
1,<environment.Job instance at 0x7feca4592230>,0,14,[ 1 10],1,1,15,0,1
1,<environment.Job instance at 0x7fecef2c20a0>,5,12,[6 1],6,15,27,9,6
1,<environment.Job instance at 0x7feca45a1be0>,10,15,[7 3],11,27,42,16,13
1,<environment.Job instance at 0x7feca45a1d20>,11,18,[4 9],12,42,60,30,37
1,<environment.Job instance at 0x7feca4566dc0>,26,18,[6 5],27,60,78,33,56
1,<environment.Job instance at 0x7fece83fcb90>,30,13,[1 7],31,78,91,47,63
1,<environment.Job instance at 0x7feca4a627d0>,35,16,[7 2],36,78,94,42,78
1,<environment.Job instance at 0x7fecef2c2640>,8,13,[1 5],9,91,104,82,78
1,<environment.Job instance at 0x7feca47c4500>,43,15,[5 5],44,112,127,68,112
1,<environment.Job instance at 0x7feca47c4b90>,46,18,[5 5],47,113,131,66,113
1,<environment.Job instance at 0x7feca47c4910>,49,14,[1 9],50,131,145,81,125
1,<environment.Job instance at 0x7feca47c4730>,50,14,[7 3],51,145,159,94,130
1,<environment.Job instance at 0x7feca47c4820>,52,16,[5 4],53,159,175,106,146
1,<environment.Job instance at 0x7fece8354550>,24,17,[5 4],25,159,176,134,158
1,<environment.Job instance at 0x7feca47c0140>,58,12,[3 9],59,176,188,117,162
1,<environment.Job instance at 0x7feca47c0c80>,59,2,[5 1],60,175,177,115,163
1,<environment.Job instance at 0x7feca47c0fa0>,63,15,[6 1],64,177,192,113,176
1,<environment.Job instance at 0x7feca47c04b0>,64,13,[10  2],65,192,205,127,184
1,<environment.Job instance at 0x7fece88c37d0>,4,16,[10  5],5,205,221,200,192
1,<environment.Job instance at 0x7feca47c01e0>,69,2,[6 3],70,221,223,151,204
1,<environment.Job instance at 0x7feca47d9a50>,81,15,[2 5],82,221,236,139,208
1,<environment.Job instance at 0x7feca47d9c80>,84,16,[8 4],85,223,239,138,212
1,<environment.Job instance at 0x7feef361a320>,2,12,[5 4],3,3,15,0,3
1,<environment.Job instance at 0x7feeec20b2d0>,3,18,[ 3 10],4,15,33,11,4
1,<environment.Job instance at 0x7feeec20b6e0>,9,17,[ 4 10],10,33,50,23,22
1,<environment.Job instance at 0x7feeec20b7d0>,14,12,[3 7],15,50,62,35,33
1,<environment.Job instance at 0x7feeec20b410>,10,1,[7 3],11,50,51,39,39
1,<environment.Job instance at 0x7feeec20d4b0>,28,2,[5 9],29,62,64,33,56
1,<environment.Job instance at 0x7feeec20d5f0>,31,17,[4 9],32,64,81,32,56
1,<environment.Job instance at 0x7feeec20da50>,35,16,[8 1],36,81,97,45,68
1,<environment.Job instance at 0x7feeec212410>,41,14,[6 1],42,97,111,55,85
1,<environment.Job instance at 0x7feeec2128c0>,55,17,[4 7],56,122,139,66,122
1,<environment.Job instance at 0x7feeec2140a0>,57,3,[8 4],58,139,142,81,126
1,<environment.Job instance at 0x7feeec2141e0>,58,1,[5 7],59,142,143,83,126
1,<environment.Job instance at 0x7feeec214410>,59,14,[ 2 10],60,143,157,83,129
1,<environment.Job instance at 0x7feeec214a50>,65,13,[3 5],66,157,170,91,146
1,<environment.Job instance at 0x7feeec214a00>,66,3,[ 2 10],67,170,173,103,146
1,<environment.Job instance at 0x7feeec214e60>,71,1,[8 2],72,178,179,106,178
1,<environment.Job instance at 0x7feeec214d20>,72,14,[9 1],73,179,193,106,178
1,<environment.Job instance at 0x7feeec2150f0>,74,1,[6 2],75,193,194,118,180
1,<environment.Job instance at 0x7feeec215410>,75,3,[6 4],76,194,197,118,181
1,<environment.Job instance at 0x7feeec215640>,76,13,[1 5],77,182,195,105,182
1,<environment.Job instance at 0x7feeec215460>,77,15,[4 7],78,197,212,119,183
1,<environment.Job instance at 0x7feeec215b40>,84,12,[3 5],85,213,225,128,213
1,<environment.Job instance at 0x7feeec224550>,0,12,[2 5],1,1,13,0,1
1,<environment.Job instance at 0x7feeec22e5a0>,9,17,[9 2],10,13,30,3,10
1,<environment.Job instance at 0x7feeec224320>,3,1,[3 9],4,30,31,26,14
1,<environment.Job instance at 0x7feea86098c0>,22,14,[9 2],23,31,45,8,23
1,<environment.Job instance at 0x7feea860c960>,24,17,[10  2],25,45,62,20,40
1,<environment.Job instance at 0x7feea860c8c0>,26,13,[5 1],27,62,75,35,46
1,<environment.Job instance at 0x7feea860b5a0>,30,17,[2 9],31,62,79,31,56
1,<environment.Job instance at 0x7feea860bb40>,34,13,[5 9],35,79,92,44,64
1,<environment.Job instance at 0x7feea860b320>,36,16,[7 2],37,92,108,55,79
1,<environment.Job instance at 0x7feea8600140>,45,17,[3 5],46,105,122,59,105
1,<environment.Job instance at 0x7feea8600d70>,46,15,[ 5 10],47,122,137,75,108
1,<environment.Job instance at 0x7feea8605910>,50,15,[7 4],51,137,152,86,126
1,<environment.Job instance at 0x7feea8605aa0>,53,12,[3 8],54,152,164,98,135
1,<environment.Job instance at 0x7feea8817e10>,61,16,[7 4],62,164,180,102,154
1,<environment.Job instance at 0x7feea86f80a0>,66,17,[2 6],67,169,186,102,169
1,<environment.Job instance at 0x7feea8825460>,67,16,[2 8],68,186,202,118,173
1,<environment.Job instance at 0x7feea86f5e10>,72,13,[2 5],73,202,215,129,187
1,<environment.Job instance at 0x7feea86f5fa0>,73,14,[3 5],74,202,216,128,187
1,<environment.Job instance at 0x7feea84cdaf0>,0,1,[5 1],1,1,2,0,1
1,<environment.Job instance at 0x7feeec225960>,3,12,[8 5],4,5,17,1,5
1,<environment.Job instance at 0x7feea86e7140>,5,12,[2 5],6,6,18,0,6
1,<environment.Job instance at 0x7feeec224c80>,6,3,[2 7],7,18,21,11,8
1,<environment.Job instance at 0x7feeec227c80>,8,3,[4 7],9,21,24,12,9
1,<environment.Job instance at 0x7feea8462e10>,12,2,[6 3],13,17,19,4,15
1,<environment.Job instance at 0x7feea852ffa0>,9,18,[ 2 10],10,24,42,14,16
1,<environment.Job instance at 0x7feea8453dc0>,21,3,[10  4],22,42,45,20,32
1,<environment.Job instance at 0x7feef366ce10>,22,2,[6 4],23,45,47,22,32
1,<environment.Job instance at 0x7feef2a1d320>,24,2,[1 9],25,47,49,22,34
1,<environment.Job instance at 0x7feea8550aa0>,25,18,[ 3 10],26,49,67,23,38
1,<environment.Job instance at 0x7feea8550fa0>,27,13,[4 9],28,67,80,39,51
1,<environment.Job instance at 0x7feea8550a00>,28,12,[8 2],29,80,92,51,63
1,<environment.Job instance at 0x7feea84620f0>,11,18,[3 8],12,92,110,80,84
1,<environment.Job instance at 0x7feeebfcf9b0>,42,17,[4 6],43,110,127,67,98
1,<environment.Job instance at 0x7feeebfd45f0>,46,13,[8 3],47,127,140,80,123
1,<environment.Job instance at 0x7feef3789a00>,51,18,[5 7],52,140,158,88,132
1,<environment.Job instance at 0x7feea860efa0>,57,14,[10  3],58,163,177,105,163
1,<environment.Job instance at 0x7feea860e9b0>,65,16,[10  5],66,177,193,111,176
1,<environment.Job instance at 0x7feea859f320>,66,13,[8 4],67,193,206,126,177
1,<environment.Job instance at 0x7feea8466730>,75,15,[5 7],76,206,221,130,198
1,<environment.Job instance at 0x7feea8466af0>,77,16,[2 6],78,221,237,143,208
1,<environment.Job instance at 0x7feea8824e60>,0,14,[8 4],1,1,15,0,1
1,<environment.Job instance at 0x7feea89067d0>,3,18,[6 1],4,15,33,11,4
1,<environment.Job instance at 0x7feea87e82d0>,4,12,[4 7],5,15,27,10,5
1,<environment.Job instance at 0x7feeec444910>,16,16,[2 6],17,27,43,10,17
1,<environment.Job instance at 0x7feeec4af500>,17,18,[3 6],18,43,61,25,32
1,<environment.Job instance at 0x7feeec2ce190>,24,14,[7 5],25,61,75,36,46
1,<environment.Job instance at 0x7feeec26af00>,35,17,[ 5 10],36,75,92,39,64
1,<environment.Job instance at 0x7feeec3352d0>,40,12,[7 2],41,92,104,51,81
1,<environment.Job instance at 0x7feeec2428c0>,47,17,[3 8],48,92,109,44,86
1,<environment.Job instance at 0x7feeec279f50>,59,14,[4 9],60,116,130,56,116
1,<environment.Job instance at 0x7feeec447f50>,65,13,[3 9],66,130,143,64,121
1,<environment.Job instance at 0x7feeec4c6550>,66,18,[9 4],67,143,161,76,132
1,<environment.Job instance at 0x7feeec26faa0>,75,13,[8 5],76,161,174,85,159
1,<environment.Job instance at 0x7feeec3f91e0>,76,13,[3 9],77,174,187,97,159
1,<environment.Job instance at 0x7feeec3f9780>,78,16,[6 5],79,187,203,108,174
1,<environment.Job instance at 0x7feeec5e8aa0>,82,15,[2 5],83,187,202,104,174
1,<environment.Job instance at 0x7feeec54b9b0>,91,13,[6 5],92,203,216,111,189
1,<environment.Job instance at 0x7feeec62cc30>,98,17,[7 2],99,216,233,117,204
1,<environment.Job instance at 0x7feef2f581e0>,1,2,[8 4],2,2,4,0,2
1,<environment.Job instance at 0x7feeec6b9910>,2,2,[8 4],3,4,6,1,4
1,<environment.Job instance at 0x7feea8867050>,10,12,[1 7],11,12,24,1,12
1,<environment.Job instance at 0x7feea8ae69b0>,14,12,[9 1],15,16,28,1,16
1,<environment.Job instance at 0x7feeec2183c0>,9,1,[5 1],10,28,29,18,16
1,<environment.Job instance at 0x7feea8b4d0a0>,19,13,[7 4],20,29,42,9,28
1,<environment.Job instance at 0x7feea8b4dc80>,17,3,[8 1],18,44,47,26,44
1,<environment.Job instance at 0x7feef2c5a460>,31,18,[4 8],32,80,98,48,80
1,<environment.Job instance at 0x7feef2f80280>,36,12,[2 7],37,98,110,61,92
1,<environment.Job instance at 0x7feef2f8f370>,41,12,[5 5],42,110,122,68,106
1,<environment.Job instance at 0x7feef2f8fcd0>,43,13,[7 4],44,122,135,78,111
1,<environment.Job instance at 0x7feef2f8fc30>,49,16,[7 2],50,135,151,85,128
1,<environment.Job instance at 0x7feef2f8f410>,47,2,[7 4],48,151,153,103,132
1,<environment.Job instance at 0x7feef2f933c0>,52,3,[4 8],53,153,156,100,132
1,<environment.Job instance at 0x7feef2f93fa0>,51,16,[5 7],52,156,172,104,143
1,<environment.Job instance at 0x7feef2f94780>,65,12,[8 5],66,172,184,106,161
1,<environment.Job instance at 0x7feef2f946e0>,68,17,[3 7],69,184,201,115,173
1,<environment.Job instance at 0x7feef2f94690>,70,13,[5 3],71,184,197,113,176
1,<environment.Job instance at 0x7feef2f92410>,82,16,[ 3 10],83,211,227,128,211
1,<environment.Job instance at 0x7feef2f92910>,84,16,[5 5],85,227,243,142,214
1,<environment.Job instance at 0x7feef2fedaf0>,5,18,[9 2],6,6,24,0,6
1,<environment.Job instance at 0x7feef33a7af0>,22,12,[6 1],23,44,56,21,44
1,<environment.Job instance at 0x7feef33a79b0>,19,18,[6 1],20,62,80,42,62
1,<environment.Job instance at 0x7feef33a7f00>,30,15,[4 7],31,62,77,31,62
1,<environment.Job instance at 0x7feef33a7550>,33,16,[9 4],34,80,96,46,67
1,<environment.Job instance at 0x7feef2ff5f00>,41,12,[3 7],42,96,108,54,86
1,<environment.Job instance at 0x7feef33a7640>,25,16,[10  5],26,149,165,123,149
1,<environment.Job instance at 0x7feef2fde3c0>,52,2,[5 7],53,165,167,112,149
1,<environment.Job instance at 0x7feef2fdeaa0>,56,16,[1 6],57,167,183,110,155
1,<environment.Job instance at 0x7feef2fdeb90>,59,17,[ 1 10],60,183,200,123,172
1,<environment.Job instance at 0x7feef2fdeb40>,63,12,[3 8],64,200,212,136,188
1,<environment.Job instance at 0x7feef2fe3aa0>,65,15,[3 5],66,212,227,146,198
1,<environment.Job instance at 0x7feef2b291e0>,72,13,[9 1],73,227,240,154,212
1,<environment.Job instance at 0x7feeebfeaaa0>,0,12,[7 4],1,1,13,0,1
1,<environment.Job instance at 0x7feeec635690>,3,15,[3 9],4,13,28,9,4
1,<environment.Job instance at 0x7feeec1b8f00>,12,14,[4 6],13,28,42,15,13
1,<environment.Job instance at 0x7feef2de7e60>,11,18,[4 7],12,42,60,30,34
1,<environment.Job instance at 0x7feef2c78960>,24,15,[10  2],25,60,75,35,50
1,<environment.Job instance at 0x7feeec447870>,26,1,[5 5],27,75,76,48,61
1,<environment.Job instance at 0x7feeec447820>,27,15,[6 2],28,76,91,48,62
1,<environment.Job instance at 0x7feef2abca50>,36,14,[6 4],37,101,115,64,101
1,<environment.Job instance at 0x7feeec501c80>,41,16,[3 9],42,115,131,73,102
1,<environment.Job instance at 0x7feeec5017d0>,46,18,[6 4],47,131,149,84,126
1,<environment.Job instance at 0x7feeec1ffc30>,55,16,[7 3],56,149,165,93,137
1,<environment.Job instance at 0x7feeec157e60>,65,17,[5 3],66,166,183,100,166
1,<environment.Job instance at 0x7feeec153320>,66,12,[2 7],67,170,182,103,170
1,<environment.Job instance at 0x7feea8684730>,62,14,[9 2],63,183,197,120,170
1,<environment.Job instance at 0x7feeec1576e0>,64,2,[6 1],65,197,199,132,178
1,<environment.Job instance at 0x7feea87e6d20>,76,17,[3 7],77,197,214,120,196
1,<environment.Job instance at 0x7feea87ec6e0>,79,17,[5 7],80,214,231,134,202
1,<environment.Job instance at 0x7feeec6a59b0>,0,2,[6 1],1,1,3,0,1
1,<environment.Job instance at 0x7feeec4b7f00>,1,3,[7 4],2,3,6,1,2
1,<environment.Job instance at 0x7feeec157b40>,2,18,[3 7],3,6,24,3,3
1,<environment.Job instance at 0x7feeec635820>,8,14,[ 1 10],9,24,38,15,14
1,<environment.Job instance at 0x7feeec1aa870>,18,16,[10  3],19,38,54,19,25
1,<environment.Job instance at 0x7feeec1aadc0>,24,17,[2 7],25,54,71,29,42
1,<environment.Job instance at 0x7feeec1aaf50>,25,14,[7 2],26,54,68,28,51
1,<environment.Job instance at 0x7feeec1ae0a0>,28,17,[6 5],29,71,88,42,60
1,<environment.Job instance at 0x7feeec1aea50>,39,12,[3 9],40,88,100,48,73
1,<environment.Job instance at 0x7feeec1aeaf0>,40,15,[1 8],41,100,115,59,89
1,<environment.Job instance at 0x7feeec192050>,48,1,[1 9],49,115,116,66,107
1,<environment.Job instance at 0x7feeec192190>,50,2,[5 2],51,109,111,58,109
1,<environment.Job instance at 0x7feeec1923c0>,52,1,[2 9],53,116,117,63,110
1,<environment.Job instance at 0x7feeec192820>,59,17,[9 4],60,141,158,81,141
1,<environment.Job instance at 0x7feeec1ae4b0>,30,16,[1 7],31,158,174,127,147
1,<environment.Job instance at 0x7feeec192a50>,64,1,[6 1],65,158,159,93,155
1,<environment.Job instance at 0x7feeec192b90>,65,15,[1 5],66,174,189,108,160
1,<environment.Job instance at 0x7feeec1929b0>,63,18,[4 5],64,174,192,110,165
1,<environment.Job instance at 0x7feeec192d70>,67,3,[9 4],68,192,195,124,166
1,<environment.Job instance at 0x7feeec1a8640>,73,3,[2 7],74,195,198,121,180
1,<environment.Job instance at 0x7feeec192cd0>,66,16,[5 6],67,198,214,131,187
1,<environment.Job instance at 0x7feeec1a8b40>,82,14,[3 7],83,214,228,131,204
1,<environment.Job instance at 0x7feeec1a8cd0>,1,1,[ 3 10],2,2,3,0,2
1,<environment.Job instance at 0x7feeec635aa0>,2,16,[6 1],3,3,19,0,3
1,<environment.Job instance at 0x7feeec5e2910>,5,14,[5 4],6,19,33,13,6
1,<environment.Job instance at 0x7feeec263870>,17,18,[6 1],18,33,51,15,22
1,<environment.Job instance at 0x7feeec263dc0>,16,16,[4 9],17,40,56,23,40
1,<environment.Job instance at 0x7feea881e1e0>,27,13,[9 4],28,56,69,28,44
1,<environment.Job instance at 0x7feea8abf410>,38,15,[1 6],39,79,94,40,79
1,<environment.Job instance at 0x7feea8abfa00>,41,12,[5 6],42,94,106,52,85
1,<environment.Job instance at 0x7feef2b4a3c0>,45,14,[3 8],46,106,120,60,106
1,<environment.Job instance at 0x7feef2ccb780>,34,14,[ 5 10],35,120,134,85,106
1,<environment.Job instance at 0x7feeec2de230>,50,15,[4 7],51,134,149,83,120
1,<environment.Job instance at 0x7feeec572050>,56,12,[3 5],57,149,161,92,140
1,<environment.Job instance at 0x7feea89ed6e0>,32,18,[6 5],33,155,173,122,155
1,<environment.Job instance at 0x7feea83e5b90>,71,13,[9 3],72,173,186,101,170
1,<environment.Job instance at 0x7feef2abf1e0>,76,16,[ 1 10],77,189,205,112,189
1,<environment.Job instance at 0x7feef2abfe10>,79,15,[ 5 10],80,205,220,125,198
1,<environment.Job instance at 0x7feeec572820>,61,17,[9 4],62,220,237,158,213
1,<environment.Job instance at 0x7feeec4fb690>,0,15,[3 7],1,1,16,0,1
1,<environment.Job instance at 0x7feef2da8780>,9,3,[4 8],10,16,19,6,10
1,<environment.Job instance at 0x7feea889c460>,7,13,[7 1],8,19,32,11,10
1,<environment.Job instance at 0x7feef2da8370>,10,12,[3 8],11,19,31,8,11
1,<environment.Job instance at 0x7feea8902c80>,19,14,[7 3],20,32,46,12,21
1,<environment.Job instance at 0x7feea8b74820>,20,14,[8 2],21,46,60,25,31
1,<environment.Job instance at 0x7feef300ab90>,22,17,[1 5],23,35,52,12,35
1,<environment.Job instance at 0x7feef3515140>,29,13,[4 7],30,60,73,30,52
1,<environment.Job instance at 0x7feef2afdaa0>,32,14,[5 2],33,60,74,27,56
1,<environment.Job instance at 0x7feea895ab40>,40,13,[5 8],41,73,86,32,64
1,<environment.Job instance at 0x7feea895a320>,43,15,[ 3 10],44,86,101,42,73
1,<environment.Job instance at 0x7feea895a690>,47,16,[8 4],48,101,117,53,88
1,<environment.Job instance at 0x7feea895a230>,41,16,[5 2],42,150,166,108,150
1,<environment.Job instance at 0x7feea886b280>,65,15,[9 1],66,166,181,100,152
1,<environment.Job instance at 0x7feea85e39b0>,67,16,[8 4],68,181,197,113,168
1,<environment.Job instance at 0x7feea8b747d0>,24,18,[4 8],25,197,215,172,187
1,<environment.Job instance at 0x7feeec63f140>,92,14,[6 2],93,210,224,117,210
1,<environment.Job instance at 0x7feea8668190>,0,15,[2 8],1,1,16,0,1
1,<environment.Job instance at 0x7feea86688c0>,1,3,[2 9],2,16,19,14,2
1,<environment.Job instance at 0x7feeec38ceb0>,12,15,[10  3],13,24,39,11,24
1,<environment.Job instance at 0x7feeec1c5910>,15,16,[3 8],16,39,55,23,31
1,<environment.Job instance at 0x7feeec5ff960>,21,1,[3 9],22,55,56,33,31
1,<environment.Job instance at 0x7feeec5ffaa0>,23,3,[6 1],24,39,42,15,34
1,<environment.Job instance at 0x7feeec5fffa0>,27,17,[ 5 10],28,56,73,28,46
1,<environment.Job instance at 0x7feeec6366e0>,34,14,[5 3],35,90,104,55,90
1,<environment.Job instance at 0x7feeec636550>,32,2,[5 3],33,93,95,60,93
1,<environment.Job instance at 0x7feeec636c30>,42,14,[5 5],43,109,123,66,109
1,<environment.Job instance at 0x7feeec636b90>,44,13,[4 7],45,123,136,78,111
1,<environment.Job instance at 0x7feeec636fa0>,49,14,[1 8],50,136,150,86,121
1,<environment.Job instance at 0x7feeec5ffd20>,24,14,[5 6],25,150,164,125,138
1,<environment.Job instance at 0x7feeec624870>,60,13,[4 9],61,164,177,103,151
1,<environment.Job instance at 0x7feeec624af0>,63,14,[6 1],64,168,182,104,168
1,<environment.Job instance at 0x7feeec624e60>,69,12,[1 8],70,183,195,113,183
1,<environment.Job instance at 0x7feeec624fa0>,70,13,[6 3],71,195,208,124,183
1,<environment.Job instance at 0x7feeec618280>,75,12,[10  3],76,212,224,136,212
1,<environment.Job instance at 0x7feeec618500>,79,14,[2 5],80,224,238,144,212
1,<environment.Job instance at 0x7feeec6185a0>,80,12,[4 5],81,224,236,143,212
1,<environment.Job instance at 0x7feea8b07e10>,0,2,[9 2],1,1,3,0,1
1,<environment.Job instance at 0x7feea88102d0>,1,16,[1 7],2,2,18,0,2
1,<environment.Job instance at 0x7feeec653dc0>,5,1,[8 4],6,18,19,12,6
1,<environment.Job instance at 0x7feeec6537d0>,6,12,[1 9],7,19,31,12,7
1,<environment.Job instance at 0x7feef2ca2460>,7,2,[4 5],8,31,33,23,8
1,<environment.Job instance at 0x7feeec653460>,4,12,[ 1 10],5,33,45,28,18
1,<environment.Job instance at 0x7feef2b85eb0>,15,15,[ 3 10],16,45,60,29,31
1,<environment.Job instance at 0x7feef2c625f0>,23,12,[8 2],24,60,72,36,43
1,<environment.Job instance at 0x7feeec013aa0>,30,14,[5 3],31,72,86,41,57
1,<environment.Job instance at 0x7feeec013f50>,33,14,[5 9],34,86,100,52,71
1,<environment.Job instance at 0x7feea8902b40>,38,13,[7 2],39,100,113,61,85
1,<environment.Job instance at 0x7feea89029b0>,41,12,[4 6],42,113,125,71,96
1,<environment.Job instance at 0x7feea8b350f0>,44,17,[9 5],45,125,142,80,113
1,<environment.Job instance at 0x7feeec1a9dc0>,56,14,[2 9],57,142,156,85,131
1,<environment.Job instance at 0x7feef2cce960>,51,17,[7 1],52,142,159,90,141
1,<environment.Job instance at 0x7feea8430320>,64,14,[ 4 10],65,159,173,94,155
1,<environment.Job instance at 0x7feea84302d0>,69,13,[6 5],70,173,186,103,166
1,<environment.Job instance at 0x7feea84305f0>,73,16,[1 9],74,186,202,112,173
1,<environment.Job instance at 0x7feeebfd4b40>,78,13,[7 4],79,202,215,123,190
1,<environment.Job instance at 0x7feea8430b40>,63,18,[10  4],64,215,233,151,215
1,<environment.Job instance at 0x7feeebfd4eb0>,83,1,[6 3],84,233,234,149,215
1,<environment.Job instance at 0x7feef2b857d0>,0,3,[3 7],1,1,4,0,1
1,<environment.Job instance at 0x7feea8a95370>,2,16,[9 2],3,4,20,1,3
1,<environment.Job instance at 0x7feef2c2ad70>,8,12,[ 4 10],9,20,32,11,9
1,<environment.Job instance at 0x7feef2c2abe0>,13,1,[5 5],14,32,33,18,14
1,<environment.Job instance at 0x7feef3789a00>,19,1,[ 4 10],20,33,34,13,26
1,<environment.Job instance at 0x7feef3789d20>,22,2,[6 5],23,34,36,11,30
1,<environment.Job instance at 0x7feef3789a50>,23,17,[8 3],24,36,53,12,30
1,<environment.Job instance at 0x7feeec131050>,27,15,[5 5],28,72,87,44,72
1,<environment.Job instance at 0x7feeec2a5a50>,36,15,[ 1 10],37,87,102,50,87
1,<environment.Job instance at 0x7feeec2a56e0>,44,18,[ 3 10],45,102,120,57,102
1,<environment.Job instance at 0x7feeec069960>,45,12,[5 1],46,120,132,74,106
1,<environment.Job instance at 0x7feeec069140>,49,15,[4 9],50,120,135,70,114
1,<environment.Job instance at 0x7feeec212d20>,54,2,[4 5],55,135,137,80,122
1,<environment.Job instance at 0x7feeec212640>,55,13,[9 1],56,137,150,81,122
1,<environment.Job instance at 0x7feeec212f00>,58,15,[3 5],59,150,165,91,136
1,<environment.Job instance at 0x7feef301aa50>,64,12,[2 9],65,165,177,100,148
1,<environment.Job instance at 0x7feeec224690>,65,14,[6 3],66,150,164,84,148
1,<environment.Job instance at 0x7feeec2248c0>,69,12,[7 4],70,177,189,107,160
1,<environment.Job instance at 0x7feea899a550>,75,15,[10  4],76,189,204,113,175
1,<environment.Job instance at 0x7feea899a6e0>,82,13,[6 3],83,204,217,121,193
1,<environment.Job instance at 0x7feea87926e0>,87,14,[6 1],88,217,231,129,203
1,<environment.Job instance at 0x7feef2c62b90>,0,14,[7 5],1,1,15,0,1
1,<environment.Job instance at 0x7feeec1316e0>,1,14,[8 5],2,15,29,13,2
1,<environment.Job instance at 0x7feea89b52d0>,8,2,[10  3],9,29,31,20,21
1,<environment.Job instance at 0x7feea82c9190>,11,19,[3 6],12,31,50,19,21
1,<environment.Job instance at 0x7feeec6ffdc0>,15,2,[8 4],16,50,52,34,27
1,<environment.Job instance at 0x7feea84d7f50>,25,17,[10  2],26,52,69,26,44
1,<environment.Job instance at 0x7feea84d7eb0>,26,17,[4 9],27,69,86,42,65
1,<environment.Job instance at 0x7feea84fe190>,36,13,[5 7],37,86,99,49,70
1,<environment.Job instance at 0x7feea85dc0a0>,32,25,[2 8],33,106,131,73,106
1,<environment.Job instance at 0x7feea8605230>,39,13,[5 2],40,106,119,66,106
1,<environment.Job instance at 0x7feef2af47d0>,42,2,[3 8],43,131,133,88,106
1,<environment.Job instance at 0x7feea84f2f00>,48,14,[4 7],49,133,147,84,118
1,<environment.Job instance at 0x7feea8603be0>,52,12,[7 2],53,147,159,94,134
1,<environment.Job instance at 0x7feea83c2820>,55,18,[4 5],56,159,177,103,148
1,<environment.Job instance at 0x7feea89ce9b0>,65,3,[4 6],66,177,180,111,158
1,<environment.Job instance at 0x7feea89ce730>,66,14,[8 2],67,180,194,113,167
1,<environment.Job instance at 0x7feea8b473c0>,67,3,[6 5],68,167,170,99,167
1,<environment.Job instance at 0x7feea87580f0>,69,16,[1 8],70,180,196,110,168
1,<environment.Job instance at 0x7feea84f2aa0>,0,13,[2 8],1,1,14,0,1
1,<environment.Job instance at 0x7feeec5c9190>,6,17,[10  5],7,14,31,7,8
1,<environment.Job instance at 0x7feeec2f0780>,17,17,[5 5],18,60,77,42,60
1,<environment.Job instance at 0x7feef2bb0050>,21,14,[10  4],22,77,91,55,63
1,<environment.Job instance at 0x7feeec4a60f0>,43,18,[2 9],44,144,162,100,144
1,<environment.Job instance at 0x7feea8811280>,44,15,[9 1],45,162,177,117,148
1,<environment.Job instance at 0x7feea8a78230>,53,13,[2 7],54,177,190,123,175
1,<environment.Job instance at 0x7feea8550eb0>,0,13,[9 4],1,1,14,0,1
1,<environment.Job instance at 0x7feea845fe60>,12,17,[8 1],13,14,31,1,13
1,<environment.Job instance at 0x7feea845fbe0>,14,13,[7 4],15,31,44,16,15
1,<environment.Job instance at 0x7feea845ffa0>,17,16,[5 9],18,44,60,26,31
1,<environment.Job instance at 0x7feef30021e0>,21,17,[4 6],22,60,77,38,48
1,<environment.Job instance at 0x7feea845f320>,9,18,[1 9],10,77,95,67,70
1,<environment.Job instance at 0x7feef30027d0>,37,18,[3 5],38,95,113,57,84
1,<environment.Job instance at 0x7feea82dd960>,52,3,[9 1],53,122,125,69,122
1,<environment.Job instance at 0x7feea82dd500>,55,18,[7 3],56,147,165,91,147
1,<environment.Job instance at 0x7feea82dd9b0>,65,18,[6 3],66,165,183,99,162
1,<environment.Job instance at 0x7feea82ddb40>,71,18,[10  3],72,185,203,113,185
1,<environment.Job instance at 0x7feea8473280>,77,14,[10  2],78,203,217,125,202
1,<environment.Job instance at 0x7feea82dde60>,59,18,[3 7],60,217,235,157,209
1,<environment.Job instance at 0x7feea8767d20>,1,2,[8 5],2,2,4,0,2
1,<environment.Job instance at 0x7feea8193a00>,2,3,[3 5],3,4,7,1,3
1,<environment.Job instance at 0x7feea81979b0>,5,13,[7 1],6,6,19,0,6
1,<environment.Job instance at 0x7feea89f6690>,6,14,[ 4 10],7,19,33,12,7
1,<environment.Job instance at 0x7feea827a910>,15,15,[4 8],16,33,48,17,20
1,<environment.Job instance at 0x7feeec36efa0>,11,2,[1 6],12,48,50,36,26
1,<environment.Job instance at 0x7feeec62feb0>,24,13,[5 6],25,50,63,25,35
1,<environment.Job instance at 0x7feeec482af0>,27,12,[5 6],28,63,75,35,46
1,<environment.Job instance at 0x7feeec481190>,32,13,[8 3],33,75,88,42,59
1,<environment.Job instance at 0x7feeec4a8d20>,36,18,[2 5],37,75,93,38,67
1,<environment.Job instance at 0x7feeec19d3c0>,43,12,[10  3],44,93,105,49,80
1,<environment.Job instance at 0x7feef2e1cd20>,47,1,[5 4],48,88,89,40,80
1,<environment.Job instance at 0x7feea87aec30>,48,13,[4 6],49,105,118,56,89
1,<environment.Job instance at 0x7feef2ec9b90>,53,14,[8 5],54,118,132,64,103
1,<environment.Job instance at 0x7feef2ee4d20>,65,16,[2 7],66,153,169,87,153
1,<environment.Job instance at 0x7feea82a08c0>,66,16,[4 6],67,169,185,102,156
1,<environment.Job instance at 0x7feea87cd140>,10,3,[8 1],11,156,159,145,156
1,<environment.Job instance at 0x7feef2ed9aa0>,75,18,[4 6],76,185,203,109,174
1,<environment.Job instance at 0x7feef2ed9640>,76,15,[5 2],77,174,189,97,174
1,<environment.Job instance at 0x7feef2ed91e0>,78,14,[3 9],79,203,217,124,188
1,<environment.Job instance at 0x7feea8554370>,89,1,[5 5],90,217,218,127,193
1,<environment.Job instance at 0x7feea8554280>,90,18,[2 5],91,217,235,126,206
1,<environment.Job instance at 0x7feef2ebd230>,0,1,[8 5],1,1,2,0,1
1,<environment.Job instance at 0x7feea845f550>,1,2,[9 5],2,2,4,0,2
1,<environment.Job instance at 0x7feea8257460>,2,15,[4 5],3,4,19,1,3
1,<environment.Job instance at 0x7feeec624dc0>,25,17,[5 3],26,64,81,38,64
1,<environment.Job instance at 0x7feef2afde10>,29,17,[8 4],30,81,98,51,69
1,<environment.Job instance at 0x7feea8906640>,31,16,[3 6],32,98,114,66,85
1,<environment.Job instance at 0x7feef2d58cd0>,39,12,[3 8],40,114,126,74,104
1,<environment.Job instance at 0x7feef2d58dc0>,46,14,[6 5],47,126,140,79,111
1,<environment.Job instance at 0x7feef2d58eb0>,48,15,[7 4],49,140,155,91,126
1,<environment.Job instance at 0x7feeec624b40>,24,19,[3 6],25,140,159,115,136
1,<environment.Job instance at 0x7feeec423c30>,17,18,[7 4],18,155,173,137,153
1,<environment.Job instance at 0x7feeec28c460>,69,15,[3 9],70,173,188,103,159
1,<environment.Job instance at 0x7feef2b29410>,75,3,[4 5],76,188,191,112,167
1,<environment.Job instance at 0x7feef29f98c0>,83,13,[4 7],84,197,210,113,197
1,<environment.Job instance at 0x7feea867bfa0>,0,15,[7 3],1,1,16,0,1
1,<environment.Job instance at 0x7feea867bf00>,3,15,[6 1],4,16,31,12,4
1,<environment.Job instance at 0x7feeec47c7d0>,5,14,[4 7],6,16,30,10,6
1,<environment.Job instance at 0x7feeec208d70>,14,17,[5 4],15,31,48,16,22
1,<environment.Job instance at 0x7feeec208b90>,15,3,[6 3],16,48,51,32,26
1,<environment.Job instance at 0x7feeec4d1910>,22,16,[5 8],23,51,67,28,47
1,<environment.Job instance at 0x7feeec4d1690>,25,16,[7 2],26,67,83,41,55
1,<environment.Job instance at 0x7feef3008aa0>,36,18,[5 5],37,83,101,46,72
1,<environment.Job instance at 0x7feef30080a0>,28,14,[ 5 10],29,101,115,72,88
1,<environment.Job instance at 0x7feea8aa64b0>,42,16,[5 4],43,115,131,72,102
1,<environment.Job instance at 0x7feeec208190>,11,14,[4 7],12,131,145,119,129
1,<environment.Job instance at 0x7feea8aa69b0>,53,15,[6 1],54,151,166,97,151
1,<environment.Job instance at 0x7feef3008230>,34,13,[ 2 10],35,166,179,131,160
1,<environment.Job instance at 0x7feea8491b90>,58,17,[2 5],59,179,196,120,167
1,<environment.Job instance at 0x7feea8491d20>,63,18,[9 5],64,196,214,132,185
1,<environment.Job instance at 0x7feea84917d0>,68,1,[1 8],69,214,215,145,202
1,<environment.Job instance at 0x7feef2ef6370>,77,13,[5 5],78,215,228,137,203
1,<environment.Job instance at 0x7feef2a384b0>,2,14,[ 1 10],3,3,17,0,3
1,<environment.Job instance at 0x7feef2b15460>,3,15,[3 5],4,17,32,13,4
1,<environment.Job instance at 0x7feef2c2c2d0>,5,18,[3 5],6,17,35,11,6
1,<environment.Job instance at 0x7feef2b17780>,12,16,[4 9],13,35,51,22,23
1,<environment.Job instance at 0x7feeec33b5a0>,19,13,[3 9],20,51,64,31,35
1,<environment.Job instance at 0x7feeec33b9b0>,20,14,[6 2],21,64,78,43,49
1,<environment.Job instance at 0x7feeec326f00>,27,13,[4 5],28,64,77,36,55
1,<environment.Job instance at 0x7feeec326140>,28,16,[6 3],29,78,94,49,65
1,<environment.Job instance at 0x7feeec326640>,31,18,[3 7],32,77,95,45,68
1,<environment.Job instance at 0x7feef3141eb0>,39,12,[6 3],40,94,106,54,86
1,<environment.Job instance at 0x7feef31410a0>,40,15,[5 4],41,106,121,65,93
1,<environment.Job instance at 0x7feef3141640>,41,15,[ 4 10],42,121,136,79,110
1,<environment.Job instance at 0x7feeec321870>,50,15,[7 1],51,136,151,85,127
1,<environment.Job instance at 0x7feeec321730>,51,16,[1 5],52,136,152,84,128
1,<environment.Job instance at 0x7feeec321af0>,55,14,[ 3 10],56,152,166,96,137
1,<environment.Job instance at 0x7feeec321230>,59,15,[ 5 10],60,166,181,106,152
1,<environment.Job instance at 0x7feeec2ff820>,69,17,[6 1],70,181,198,111,172
1,<environment.Job instance at 0x7feeec2ff8c0>,71,14,[6 3],72,198,212,126,183
1,<environment.Job instance at 0x7feeec2ff460>,77,3,[5 3],78,212,215,134,206
1,<environment.Job instance at 0x7fd3fb2630f0>,2,12,[5 4],3,3,15,0,3
1,<environment.Job instance at 0x7fd3f3e542d0>,3,18,[ 3 10],4,15,33,11,4
1,<environment.Job instance at 0x7fd3f3e54870>,12,3,[6 3],13,33,36,20,14
1,<environment.Job instance at 0x7fd3f3e54910>,13,13,[1 8],14,36,49,22,20
1,<environment.Job instance at 0x7fd3f3e54c30>,14,12,[3 7],15,49,61,34,32
1,<environment.Job instance at 0x7fd3f3e547d0>,16,12,[1 8],17,61,73,44,44
1,<environment.Job instance at 0x7fd3f3e54d70>,18,16,[8 5],19,73,89,54,60
1,<environment.Job instance at 0x7fd3f3e550f0>,23,18,[5 2],24,89,107,65,78
1,<environment.Job instance at 0x7fd3f3e554b0>,29,13,[1 6],30,89,102,59,78
1,<environment.Job instance at 0x7fd3f3e55870>,35,16,[8 1],36,107,123,71,94
1,<environment.Job instance at 0x7fd3f3e55b90>,38,12,[3 6],39,123,135,84,106
1,<environment.Job instance at 0x7fd3f3e55d70>,41,14,[6 1],42,123,137,81,109
1,<environment.Job instance at 0x7fd3f3e5a370>,48,13,[6 1],49,137,150,88,126
1,<environment.Job instance at 0x7fd3f3e5a730>,54,14,[1 7],55,135,149,80,130
1,<environment.Job instance at 0x7fd3f3e5a870>,56,18,[4 5],57,149,167,92,139
1,<environment.Job instance at 0x7fd3f3e5d280>,63,15,[1 5],64,168,183,104,168
1,<environment.Job instance at 0x7fd3f3e5d320>,64,12,[6 1],65,168,180,103,168
1,<environment.Job instance at 0x7fd3f3e5d3c0>,65,13,[3 5],66,180,193,114,168
1,<environment.Job instance at 0x7fd3f3e5d640>,69,13,[7 2],70,193,206,123,193
1,<environment.Job instance at 0x7fd3f3e5d6e0>,70,18,[5 5],71,206,224,135,195
1,<environment.Job instance at 0x7fd3f3e5daa0>,76,13,[1 5],77,195,208,118,195
1,<environment.Job instance at 0x7fd3f3e5e0f0>,79,17,[2 7],80,224,241,144,212
1,<environment.Job instance at 0x7fd3f3e6fb40>,1,3,[8 2],2,2,5,0,2
1,<environment.Job instance at 0x7fd3f3e61eb0>,2,14,[8 4],3,5,19,2,3
1,<environment.Job instance at 0x7fd3b02514b0>,12,14,[9 2],13,19,33,6,13
1,<environment.Job instance at 0x7fd3b0255a00>,22,17,[10  4],23,43,60,20,43
1,<environment.Job instance at 0x7fd3b0254d20>,24,13,[5 9],25,60,73,35,46
1,<environment.Job instance at 0x7fd3b0254820>,26,16,[7 2],27,73,89,46,60
1,<environment.Job instance at 0x7fd3b02555a0>,17,1,[1 6],18,73,74,55,71
1,<environment.Job instance at 0x7fd3b02541e0>,33,15,[5 6],34,89,104,55,77
1,<environment.Job instance at 0x7fd3b0249730>,35,17,[3 5],36,104,121,68,92
1,<environment.Job instance at 0x7fd3b02494b0>,39,12,[5 4],40,93,105,53,93
1,<environment.Job instance at 0x7fd3b0249640>,40,15,[7 4],41,105,120,64,93
1,<environment.Job instance at 0x7fd3b0252fa0>,42,16,[8 5],43,121,137,78,108
1,<environment.Job instance at 0x7fd3b0252190>,44,14,[8 5],45,137,151,92,122
1,<environment.Job instance at 0x7fd3b0252780>,49,16,[9 4],50,151,167,101,138
1,<environment.Job instance at 0x7fd3b024e2d0>,53,18,[1 6],54,151,169,97,141
1,<environment.Job instance at 0x7fd3b024e320>,56,17,[2 6],57,169,186,112,157
1,<environment.Job instance at 0x7fd3b02b4be0>,60,18,[8 5],61,186,204,125,175
1,<environment.Job instance at 0x7fd3b0260780>,62,13,[2 5],63,186,199,123,175
1,<environment.Job instance at 0x7fd3b0398af0>,69,12,[1 8],70,204,216,134,187
1,<environment.Job instance at 0x7fd3b03950f0>,74,18,[10  2],75,226,244,151,226
1,<environment.Job instance at 0x7fd3f3e6ba50>,0,18,[4 8],1,1,19,0,1
1,<environment.Job instance at 0x7fd3b01100f0>,7,13,[4 9],8,19,32,11,8
1,<environment.Job instance at 0x7fd3b0178730>,22,17,[4 6],23,32,49,9,30
1,<environment.Job instance at 0x7fd3fb3d8cd0>,27,13,[4 6],28,75,88,47,75
1,<environment.Job instance at 0x7fd3f436f730>,31,18,[5 7],32,88,106,56,80
1,<environment.Job instance at 0x7fd3fb3d80f0>,26,13,[8 3],27,106,119,79,92
1,<environment.Job instance at 0x7fd3f3c13230>,38,13,[8 2],39,119,132,80,104
1,<environment.Job instance at 0x7fd3f3c0daf0>,45,16,[10  5],46,132,148,86,122
1,<environment.Job instance at 0x7fd3f3c13550>,34,3,[2 5],35,148,151,113,135
1,<environment.Job instance at 0x7fd3fb28c5f0>,50,17,[9 4],51,151,168,100,139
1,<environment.Job instance at 0x7fd3fb3ddf00>,56,13,[7 1],57,168,181,111,152
1,<environment.Job instance at 0x7fd3fb3ddd70>,57,16,[2 6],58,168,184,110,155
1,<environment.Job instance at 0x7fd3fb3d76e0>,69,16,[1 8],70,184,200,114,181
1,<environment.Job instance at 0x7fd3fb3d06e0>,73,13,[9 5],74,200,213,126,191
1,<environment.Job instance at 0x7fd3f3bd3b90>,80,13,[3 8],81,213,226,132,198
1,<environment.Job instance at 0x7fd3f42c8280>,83,14,[3 6],84,226,240,142,213
1,<environment.Job instance at 0x7fd3b04ada50>,0,1,[5 1],1,1,2,0,1
1,<environment.Job instance at 0x7fd3fa9fd8c0>,11,13,[1 9],12,19,32,7,19
1,<environment.Job instance at 0x7fd3f42359b0>,21,15,[1 9],22,32,47,10,32
1,<environment.Job instance at 0x7fd3f3fa2910>,20,13,[10  4],21,47,60,26,32
1,<environment.Job instance at 0x7fd3f3eb3230>,31,3,[5 9],32,72,75,40,72
1,<environment.Job instance at 0x7fd3f3eb35a0>,33,3,[5 5],34,75,78,41,72
1,<environment.Job instance at 0x7fd3f3eb3eb0>,36,18,[9 4],37,82,100,45,82
1,<environment.Job instance at 0x7fd3f426e1e0>,37,17,[3 5],38,100,117,62,88
1,<environment.Job instance at 0x7fd3f3e42eb0>,42,15,[10  1],43,117,132,74,104
1,<environment.Job instance at 0x7fd3f3e42c80>,46,13,[3 9],47,132,145,85,116
1,<environment.Job instance at 0x7fd3f3e3f500>,52,15,[2 5],53,145,160,92,131
1,<environment.Job instance at 0x7fd3f3e3f780>,54,16,[9 2],55,160,176,105,147
1,<environment.Job instance at 0x7fd3f40e4e60>,58,13,[6 1],59,176,189,117,160
1,<environment.Job instance at 0x7fd3fa7920f0>,61,13,[6 5],62,189,202,127,173
1,<environment.Job instance at 0x7fd3fa792230>,63,15,[6 1],64,202,217,138,188
1,<environment.Job instance at 0x7fd3b038daf0>,70,15,[5 6],71,217,232,146,204
1,<environment.Job instance at 0x7fd3f3e42280>,43,17,[5 3],44,217,234,173,207
1,<environment.Job instance at 0x7fd3f4300d20>,76,14,[5 4],77,232,246,155,217
1,<environment.Job instance at 0x7fd3b038d0f0>,0,2,[5 1],1,1,3,0,1
1,<environment.Job instance at 0x7fd3fa6bfaf0>,1,12,[5 5],2,2,14,0,2
1,<environment.Job instance at 0x7fd3f3e42d70>,2,16,[3 8],3,14,30,11,3
1,<environment.Job instance at 0x7fd3f3f24af0>,11,16,[5 7],12,30,46,18,18
1,<environment.Job instance at 0x7fd3f3ec75a0>,15,14,[4 6],16,46,60,30,31
1,<environment.Job instance at 0x7fd3b04f2fa0>,25,12,[8 5],26,60,72,34,43
1,<environment.Job instance at 0x7fd3b048fa50>,28,17,[3 7],29,72,89,43,60
1,<environment.Job instance at 0x7fd3fabe6e60>,30,13,[5 3],31,72,85,41,60
1,<environment.Job instance at 0x7fd3f4281e10>,32,17,[6 4],33,89,106,56,77
1,<environment.Job instance at 0x7fd3fabd6c30>,44,16,[5 5],45,106,122,61,93
1,<environment.Job instance at 0x7fd3fabd6cd0>,49,18,[9 5],50,122,140,72,111
1,<environment.Job instance at 0x7fd3fabe40a0>,53,12,[2 6],54,140,152,86,123
1,<environment.Job instance at 0x7fd3fabe4550>,54,16,[2 7],55,152,168,97,139
1,<environment.Job instance at 0x7fd3b0431c30>,5,2,[4 5],6,168,170,162,143
1,<environment.Job instance at 0x7fd3fabc8eb0>,56,13,[5 5],57,168,181,111,152
1,<environment.Job instance at 0x7fd3fabff690>,73,18,[7 1],74,203,221,129,203
1,<environment.Job instance at 0x7fd3fabff320>,74,14,[9 1],75,221,235,146,210
1,<environment.Job instance at 0x7fd3fabff280>,75,12,[7 1],76,235,247,159,222
1,<environment.Job instance at 0x7fd3b04ae230>,0,3,[5 3],1,1,4,0,1
1,<environment.Job instance at 0x7fd3f3f5ad70>,3,14,[ 4 10],4,4,18,0,4
1,<environment.Job instance at 0x7fd3fadbb460>,6,16,[1 6],7,18,34,11,7
1,<environment.Job instance at 0x7fd3fadbb9b0>,7,15,[7 4],8,18,33,10,8
1,<environment.Job instance at 0x7fd3b0742f50>,22,13,[9 1],23,33,46,10,23
1,<environment.Job instance at 0x7fd3b0747be0>,43,2,[ 4 10],44,119,121,75,119
1,<environment.Job instance at 0x7fd3b0747a00>,44,18,[10  2],45,135,153,90,135
1,<environment.Job instance at 0x7fd3b07c9190>,50,1,[ 2 10],51,153,154,102,135
1,<environment.Job instance at 0x7fd3b07c9a00>,51,2,[1 5],52,154,156,102,135
1,<environment.Job instance at 0x7fd3b07c94b0>,52,1,[9 5],53,154,155,101,135
1,<environment.Job instance at 0x7fd3b07c92d0>,53,14,[ 5 10],54,156,170,102,141
1,<environment.Job instance at 0x7fd3fadd56e0>,62,12,[10  4],63,170,182,107,167
1,<environment.Job instance at 0x7fd3fadd53c0>,65,15,[8 1],66,182,197,116,169
1,<environment.Job instance at 0x7fd3fadd5690>,69,15,[6 2],70,197,212,127,183
1,<environment.Job instance at 0x7fd3fadd5c80>,74,17,[2 5],75,201,218,126,201
1,<environment.Job instance at 0x7fd3f426e9b0>,76,15,[3 5],77,212,227,135,201
1,<environment.Job instance at 0x7fd3fab1d1e0>,1,15,[8 4],2,2,17,0,2
1,<environment.Job instance at 0x7fd3b04a0280>,12,16,[9 2],13,20,36,7,20
1,<environment.Job instance at 0x7fd3fa8c3280>,16,17,[3 7],17,36,53,19,24
1,<environment.Job instance at 0x7fd3fa8c3b90>,17,12,[1 6],18,53,65,35,36
1,<environment.Job instance at 0x7fd3f40eff50>,32,14,[ 2 10],33,70,84,37,70
1,<environment.Job instance at 0x7fd3f3d3c0a0>,33,16,[3 8],34,84,100,50,71
1,<environment.Job instance at 0x7fd3fac57870>,36,13,[5 7],37,100,113,63,85
1,<environment.Job instance at 0x7fd3fa681d70>,41,12,[4 7],42,113,125,71,99
1,<environment.Job instance at 0x7fd3f3f1bb90>,45,14,[4 8],46,125,139,79,110
1,<environment.Job instance at 0x7fd3fab8aa50>,57,1,[5 3],58,172,173,114,172
1,<environment.Job instance at 0x7fd3f3e06d70>,59,3,[10  1],60,173,176,113,172
1,<environment.Job instance at 0x7fd3f3e06780>,60,18,[6 4],61,176,194,115,172
1,<environment.Job instance at 0x7fd3b02c8460>,62,3,[10  4],63,194,197,131,172
1,<environment.Job instance at 0x7fd3b02cdeb0>,63,13,[8 4],64,197,210,133,181
1,<environment.Job instance at 0x7fd3f41acf00>,55,3,[2 8],56,210,213,154,198
1,<environment.Job instance at 0x7fd3f3dcaf50>,69,13,[8 2],70,210,223,140,199
1,<environment.Job instance at 0x7fd3f40cfa00>,73,3,[ 4 10],74,223,226,149,217
1,<environment.Job instance at 0x7fd3f40cfdc0>,74,3,[10  2],75,226,229,151,217
1,<environment.Job instance at 0x7fd3f3d56960>,0,2,[8 2],1,1,3,0,1
1,<environment.Job instance at 0x7fd3f3bdc230>,1,16,[4 6],2,3,19,1,2
1,<environment.Job instance at 0x7fd3fac538c0>,2,15,[5 1],3,3,18,0,3
1,<environment.Job instance at 0x7fd3f4316690>,10,13,[1 5],11,19,32,8,11
1,<environment.Job instance at 0x7fd3b01981e0>,17,15,[2 6],18,32,47,14,18
1,<environment.Job instance at 0x7fd3b0198780>,24,13,[5 8],25,54,67,29,54
1,<environment.Job instance at 0x7fd3f3cada00>,7,15,[10  4],8,89,104,81,89
1,<environment.Job instance at 0x7fd3b0198fa0>,35,14,[1 7],36,104,118,68,101
1,<environment.Job instance at 0x7fd3b0188050>,44,17,[10  5],45,129,146,84,129
1,<environment.Job instance at 0x7fd3b01887d0>,47,15,[ 4 10],48,146,161,98,133
1,<environment.Job instance at 0x7fd3b01889b0>,52,18,[9 1],53,161,179,108,150
1,<environment.Job instance at 0x7fd3b0188d20>,56,13,[1 6],57,161,174,104,154
1,<environment.Job instance at 0x7fd3b0188b90>,60,12,[4 6],61,179,191,118,162
1,<environment.Job instance at 0x7fd3b018c7d0>,70,13,[5 8],71,191,204,120,176
1,<environment.Job instance at 0x7fd3b018ca50>,74,17,[8 5],75,204,221,129,201
1,<environment.Job instance at 0x7fd3b018caf0>,75,17,[1 7],76,221,238,145,212
1,<environment.Job instance at 0x7fd3b00c0410>,0,2,[10  4],1,1,3,0,1
1,<environment.Job instance at 0x7fd3b00c05a0>,2,16,[2 8],3,3,19,0,3
1,<environment.Job instance at 0x7fd3fab15280>,5,18,[4 6],6,19,37,13,8
1,<environment.Job instance at 0x7fd3f3f880a0>,13,3,[6 5],14,37,40,23,32
1,<environment.Job instance at 0x7fd3fa75f2d0>,16,15,[3 9],17,40,55,23,33
1,<environment.Job instance at 0x7fd3fa758320>,18,12,[5 4],19,55,67,36,38
1,<environment.Job instance at 0x7fd3b06285f0>,26,13,[ 2 10],27,67,80,40,57
1,<environment.Job instance at 0x7fd3fa763960>,29,3,[7 3],30,80,83,50,60
1,<environment.Job instance at 0x7fd3f3f2bbe0>,32,3,[5 8],33,83,86,50,74
1,<environment.Job instance at 0x7fd3f3f2b4b0>,33,2,[6 2],34,86,88,52,74
1,<environment.Job instance at 0x7fd3fabac8c0>,34,16,[5 8],35,88,104,53,79
1,<environment.Job instance at 0x7fd3face78c0>,36,2,[ 1 10],37,104,106,67,79
1,<environment.Job instance at 0x7fd3fac91230>,43,14,[6 2],44,106,120,62,91
1,<environment.Job instance at 0x7fd3b04ebaf0>,48,12,[6 4],49,120,132,71,103
1,<environment.Job instance at 0x7fd3b018ce10>,6,15,[5 9],7,137,152,130,137
1,<environment.Job instance at 0x7fd3f40b75f0>,63,3,[6 1],64,152,155,88,137
1,<environment.Job instance at 0x7fd3f3f108c0>,65,3,[8 1],66,155,158,89,137
1,<environment.Job instance at 0x7fd3f3f10190>,66,2,[5 9],67,158,160,91,137
1,<environment.Job instance at 0x7fd3f3f88820>,7,2,[10  2],8,160,162,152,137
1,<environment.Job instance at 0x7fd3f3f10820>,73,14,[ 5 10],74,162,176,88,148
1,<environment.Job instance at 0x7fd3f3f109b0>,76,16,[3 8],77,176,192,99,164
1,<environment.Job instance at 0x7fd3f3f10f00>,82,17,[5 7],83,192,209,109,181
1,<environment.Job instance at 0x7fd3f41a5960>,91,17,[9 4],92,209,226,117,198
1,<environment.Job instance at 0x7fd3b042e3c0>,1,13,[5 8],2,2,15,0,2
1,<environment.Job instance at 0x7fd3fb159f50>,2,14,[6 2],3,15,29,12,3
1,<environment.Job instance at 0x7fd3f3c7fe60>,19,17,[5 2],20,29,46,9,23
1,<environment.Job instance at 0x7fd3f3c7f190>,20,14,[6 1],21,46,60,25,31
1,<environment.Job instance at 0x7fd3f4259f00>,26,17,[8 4],27,60,77,33,48
1,<environment.Job instance at 0x7fd3f3cb5f00>,32,12,[7 3],33,77,89,44,60
1,<environment.Job instance at 0x7fd3b06d9fa0>,38,18,[1 5],39,78,96,39,78
1,<environment.Job instance at 0x7fd3fad3d410>,16,14,[10  3],17,96,110,79,83
1,<environment.Job instance at 0x7fd3fa818050>,49,15,[4 6],50,110,125,60,108
1,<environment.Job instance at 0x7fd3f3d0dfa0>,54,17,[5 5],55,134,151,79,134
1,<environment.Job instance at 0x7fd3f3d0dcd0>,58,2,[3 8],59,151,153,92,143
1,<environment.Job instance at 0x7fd3f4356d20>,60,12,[10  4],61,153,165,92,151
1,<environment.Job instance at 0x7fd3b0647c80>,61,15,[10  4],62,165,180,103,159
1,<environment.Job instance at 0x7fd3f40dc0a0>,70,13,[3 7],71,180,193,109,179
1,<environment.Job instance at 0x7fd3f3e96640>,0,16,[5 9],1,1,17,0,1
1,<environment.Job instance at 0x7fd3fab4d410>,11,3,[9 2],12,23,26,11,23
1,<environment.Job instance at 0x7fd3b0347780>,13,15,[5 3],14,26,41,12,23
1,<environment.Job instance at 0x7fd3f4132c80>,15,3,[6 3],16,41,44,25,23
1,<environment.Job instance at 0x7fd3fa7d0be0>,16,2,[6 5],17,44,46,27,23
1,<environment.Job instance at 0x7fd3f3d80410>,17,2,[9 5],18,46,48,28,23
1,<environment.Job instance at 0x7fd3b053d410>,18,18,[6 4],19,48,66,29,37
1,<environment.Job instance at 0x7fd3fb159be0>,3,3,[1 8],4,66,69,62,49
1,<environment.Job instance at 0x7fd3b033e730>,2,14,[10  5],3,69,83,66,58
1,<environment.Job instance at 0x7fd3f4116820>,27,18,[5 3],28,83,101,55,72
1,<environment.Job instance at 0x7fd3f4116a00>,30,12,[2 6],31,83,95,52,75
1,<environment.Job instance at 0x7fd3f4116c80>,34,13,[8 1],35,101,114,66,86
1,<environment.Job instance at 0x7fd3f4116500>,39,17,[3 5],40,114,131,74,102
1,<environment.Job instance at 0x7fd3f4109230>,41,14,[7 5],42,114,128,72,103
1,<environment.Job instance at 0x7fd3f4109550>,47,13,[6 1],48,128,141,80,119
1,<environment.Job instance at 0x7fd3f4109730>,49,16,[5 5],50,141,157,91,128
1,<environment.Job instance at 0x7fd3f41098c0>,52,17,[3 5],53,131,148,78,128
1,<environment.Job instance at 0x7fd3f4109be0>,53,13,[2 7],54,157,170,103,141
1,<environment.Job instance at 0x7fd3f4109f50>,58,18,[6 5],59,170,188,111,159
1,<environment.Job instance at 0x7fd3b02c7320>,64,16,[1 6],65,188,204,123,175
1,<environment.Job instance at 0x7fd3b02c76e0>,70,1,[8 3],71,200,201,129,200
1,<environment.Job instance at 0x7fd3b02c7690>,71,2,[10  3],72,204,206,132,200
1,<environment.Job instance at 0x7fd3b02c7870>,74,2,[7 5],75,206,208,131,204
1,<environment.Job instance at 0x7fd3b02c7a50>,78,1,[9 5],79,219,220,140,219
1,<environment.Job instance at 0x7fd3fa99dc30>,0,1,[9 5],1,1,2,0,1
1,<environment.Job instance at 0x7fd3f408fcd0>,1,18,[5 6],2,2,20,0,2
1,<environment.Job instance at 0x7fd3affea820>,5,16,[6 5],6,20,36,14,7
1,<environment.Job instance at 0x7fd3b0388550>,16,14,[7 3],17,36,50,19,23
1,<environment.Job instance at 0x7fd3b0388690>,22,16,[6 4],23,50,66,27,38
1,<environment.Job instance at 0x7fd3f3d0d3c0>,31,18,[7 3],32,66,84,34,55
1,<environment.Job instance at 0x7fd3f3d0d190>,32,17,[1 7],33,66,83,33,55
1,<environment.Job instance at 0x7fd3f3d0d460>,35,12,[8 1],36,84,96,48,68
1,<environment.Job instance at 0x7fd3f42f2870>,39,12,[4 6],40,96,108,56,79
1,<environment.Job instance at 0x7fd3b04356e0>,42,16,[1 7],43,108,124,65,96
1,<environment.Job instance at 0x7fd3fab97500>,51,3,[4 7],52,124,127,72,108
1,<environment.Job instance at 0x7fd3fab97b90>,55,14,[4 9],56,127,141,71,112
1,<environment.Job instance at 0x7fd3b0435050>,45,18,[4 5],46,141,159,95,132
1,<environment.Job instance at 0x7fd3b071c9b0>,69,2,[9 2],70,159,161,89,152
1,<environment.Job instance at 0x7fd3f3f2b460>,70,3,[3 7],71,161,164,90,152
1,<environment.Job instance at 0x7fd3f3f2be10>,71,2,[4 5],72,152,154,80,152
1,<environment.Job instance at 0x7fd3f3f2bc80>,72,16,[9 2],73,164,180,91,152
1,<environment.Job instance at 0x7fd3b01bdd20>,82,17,[4 9],83,180,197,97,168
1,<environment.Job instance at 0x7fd3b01bd0a0>,90,12,[10  5],91,197,209,106,184
1,<environment.Job instance at 0x7fd3f3cf6640>,93,17,[8 3],94,209,226,115,197
1,<environment.Job instance at 0x7fd3b0083550>,0,12,[5 7],1,1,13,0,1
1,<environment.Job instance at 0x7fd3f427a230>,6,3,[6 5],7,13,16,6,7
1,<environment.Job instance at 0x7fd3f4300fa0>,12,13,[5 8],13,16,29,3,13
1,<environment.Job instance at 0x7fd3f3ebebe0>,41,15,[3 5],42,83,98,41,83
1,<environment.Job instance at 0x7fd3f3ebef50>,43,13,[ 4 10],44,98,111,54,83
1,<environment.Job instance at 0x7fd3f3ebe370>,47,13,[5 6],48,111,124,63,98
1,<environment.Job instance at 0x7fd3affa7870>,51,14,[4 6],52,124,138,72,110
1,<environment.Job instance at 0x7fd3affa7dc0>,52,3,[6 1],53,124,127,71,110
1,<environment.Job instance at 0x7fd3affa7e60>,54,3,[7 2],55,138,141,83,112
1,<environment.Job instance at 0x7fd3affa7f00>,57,16,[6 3],58,141,157,83,128
1,<environment.Job instance at 0x7fd3fb28b230>,73,13,[1 7],74,181,194,107,181
1,<environment.Job instance at 0x7fd3fb28b140>,74,18,[1 9],75,194,212,119,183
1,<environment.Job instance at 0x7fd3b0105dc0>,82,16,[5 5],83,212,228,129,210
1,<environment.Job instance at 0x7fd3f3f1a370>,1,1,[ 5 10],2,2,3,0,2
1,<environment.Job instance at 0x7fd3f3d30190>,14,17,[5 2],15,40,57,25,40
1,<environment.Job instance at 0x7fd3fa7f66e0>,21,18,[ 5 10],22,76,94,54,76
1,<environment.Job instance at 0x7fd3b07fef50>,28,17,[7 4],29,94,111,65,94
1,<environment.Job instance at 0x7fd3b07fee60>,29,16,[ 1 10],30,111,127,81,104
1,<environment.Job instance at 0x7fd3b081a8c0>,37,12,[7 2],38,127,139,89,110
1,<environment.Job instance at 0x7fd3f3fb38c0>,52,12,[7 5],53,139,151,86,131
1,<environment.Job instance at 0x7fd3b07de280>,0,3,[2 8],1,1,4,0,1
1,<environment.Job instance at 0x7fd3b0248550>,1,17,[5 5],2,4,21,2,2
1,<environment.Job instance at 0x7fd3f437ae10>,4,17,[1 5],5,5,22,0,5
1,<environment.Job instance at 0x7fd3f408e5f0>,13,14,[2 7],14,22,36,8,20
1,<environment.Job instance at 0x7fd3fa69b8c0>,18,14,[8 5],19,36,50,17,21
1,<environment.Job instance at 0x7fd3f3d09690>,25,14,[3 5],26,50,64,24,40
1,<environment.Job instance at 0x7fd3b01c9280>,30,15,[ 3 10],31,64,79,33,62
1,<environment.Job instance at 0x7fd3f4147dc0>,31,12,[10  5],32,79,91,47,63
1,<environment.Job instance at 0x7fd3f3f75a50>,33,2,[5 6],34,91,93,57,76
1,<environment.Job instance at 0x7fd3f3f756e0>,36,17,[4 9],37,93,110,56,81
1,<environment.Job instance at 0x7fd3fa790230>,35,3,[9 1],36,110,113,74,90
1,<environment.Job instance at 0x7fd3b01b0500>,39,12,[8 3],40,113,125,73,99
1,<environment.Job instance at 0x7fd3fa731910>,43,1,[9 4],44,125,126,81,112
1,<environment.Job instance at 0x7fd3fa731780>,44,15,[ 5 10],45,126,141,81,117
1,<environment.Job instance at 0x7fd3fa731960>,47,16,[5 7],48,141,157,93,130
1,<environment.Job instance at 0x7fd3f42125f0>,54,13,[7 4],55,157,170,102,141
1,<environment.Job instance at 0x7fd3f42125a0>,57,16,[5 9],58,170,186,112,157
1,<environment.Job instance at 0x7fd3f4212140>,61,17,[4 6],62,186,203,124,174
1,<environment.Job instance at 0x7fd3affda500>,73,14,[8 4],74,203,217,129,191
1,<environment.Job instance at 0x7fd3affdadc0>,74,18,[2 6],75,203,221,128,192
1,<environment.Job instance at 0x7fd3b0717f00>,77,18,[3 5],78,221,239,143,210
1,<environment.Job instance at 0x7fd3f414b910>,0,13,[6 4],1,1,14,0,1
1,<environment.Job instance at 0x7fd3fab5f8c0>,5,18,[8 1],6,14,32,8,6
1,<environment.Job instance at 0x7fd3f43585a0>,9,12,[9 3],10,32,44,22,15
1,<environment.Job instance at 0x7fd3f4358aa0>,19,14,[9 3],20,44,58,24,39
1,<environment.Job instance at 0x7fd3aff371e0>,26,3,[2 6],27,60,63,33,60
1,<environment.Job instance at 0x7fd3aff378c0>,28,15,[7 5],29,65,80,36,65
1,<environment.Job instance at 0x7fd3aff37500>,34,17,[7 5],35,94,111,59,94
1,<environment.Job instance at 0x7fd3aff37d70>,39,13,[6 2],40,111,124,71,98
1,<environment.Job instance at 0x7fd3aff31190>,42,16,[2 9],43,124,140,81,111
1,<environment.Job instance at 0x7fd3aff37f00>,35,13,[7 1],36,124,137,88,113
1,<environment.Job instance at 0x7fd3aff31c30>,50,15,[2 9],51,140,155,89,129
1,<environment.Job instance at 0x7fd3aff31d70>,57,12,[5 6],58,155,167,97,139
1,<environment.Job instance at 0x7fd3afec3820>,62,13,[8 3],63,167,180,104,151
1,<environment.Job instance at 0x7fd3afec3a50>,63,15,[4 9],64,180,195,116,166
1,<environment.Job instance at 0x7fd3afec37d0>,72,3,[1 6],73,195,198,122,190
1,<environment.Job instance at 0x7fd3afec3f50>,78,13,[4 6],79,198,211,119,193
1,<environment.Job instance at 0x7fd3b03e2690>,81,18,[1 6],82,211,229,129,200
1,<environment.Job instance at 0x7fd3b03e2320>,83,14,[8 5],84,229,243,145,215
1,<environment.Job instance at 0x7fd3f4358e60>,0,18,[6 2],1,1,19,0,1
1,<environment.Job instance at 0x7fd3f42e2d20>,6,13,[9 2],7,19,32,12,7
1,<environment.Job instance at 0x7fd3afeb5550>,13,16,[1 7],14,23,39,9,23
1,<environment.Job instance at 0x7fd3afeb5640>,16,15,[7 1],17,32,47,15,27
1,<environment.Job instance at 0x7fd3afde7280>,17,13,[ 5 10],18,47,60,29,31
1,<environment.Job instance at 0x7fd3b07b77d0>,31,16,[1 8],32,60,76,28,52
1,<environment.Job instance at 0x7fd3b07ccf50>,32,16,[ 5 10],33,76,92,43,63
1,<environment.Job instance at 0x7fd3b07b7eb0>,35,1,[5 5],36,92,93,56,66
1,<environment.Job instance at 0x7fd3b07b7370>,37,18,[7 4],38,93,111,55,82
1,<environment.Job instance at 0x7fd3b03b45f0>,45,17,[5 3],46,165,182,119,165
1,<environment.Job instance at 0x7fd3f3c582d0>,47,13,[2 9],48,182,195,134,166
1,<environment.Job instance at 0x7fd3f3c3b6e0>,50,15,[4 8],51,195,210,144,182
1,<environment.Job instance at 0x7fd3f3df0d70>,55,13,[5 1],56,187,200,131,187
1,<environment.Job instance at 0x7fd3f3ddc0f0>,59,12,[3 8],60,210,222,150,193
1,<environment.Job instance at 0x7fd3b02669b0>,62,16,[3 5],63,222,238,159,209
1,<environment.Job instance at 0x7fd3b0266af0>,66,14,[6 5],67,222,236,155,219
1,<environment.Job instance at 0x7fd3b02663c0>,67,13,[9 3],68,238,251,170,224
1,<environment.Job instance at 0x7fd3fab11410>,0,14,[ 1 10],1,1,15,0,1
1,<environment.Job instance at 0x7fd3f3fdfc30>,6,16,[ 2 10],7,15,31,8,7
1,<environment.Job instance at 0x7fd3aff23c80>,19,2,[10  4],20,38,40,18,38
1,<environment.Job instance at 0x7fd3aff23be0>,24,17,[5 4],25,50,67,25,50
1,<environment.Job instance at 0x7fd3fac26370>,15,14,[4 7],16,67,81,51,56
1,<environment.Job instance at 0x7fd3f3ee1460>,30,13,[1 7],31,81,94,50,65
1,<environment.Job instance at 0x7fd3f3ee1640>,35,16,[7 2],36,81,97,45,78
1,<environment.Job instance at 0x7fd3fb187f50>,37,12,[4 6],38,97,109,59,80
1,<environment.Job instance at 0x7fd3fab28410>,38,14,[ 5 10],39,109,123,70,99
1,<environment.Job instance at 0x7fd3aff3f690>,43,15,[5 5],44,123,138,79,112
1,<environment.Job instance at 0x7fd3b0623410>,50,14,[7 3],51,138,152,87,123
1,<environment.Job instance at 0x7fd3b0636410>,54,18,[9 3],55,152,170,97,141
1,<environment.Job instance at 0x7fd3b0636e60>,56,14,[10  3],57,170,184,113,162
1,<environment.Job instance at 0x7fd3b0636e10>,63,15,[6 1],64,184,199,120,170
1,<environment.Job instance at 0x7fd3fa86ff00>,68,17,[2 5],69,184,201,115,176
1,<environment.Job instance at 0x7fd3faaa6e10>,73,18,[9 5],74,204,222,130,204
1,<environment.Job instance at 0x7fd3b006ab40>,81,15,[2 5],82,222,237,140,208
1,<environment.Job instance at 0x7fd3b006a9b0>,84,16,[8 4],85,222,238,137,214
1,<environment.Job instance at 0x7fd3b00a1640>,2,14,[ 1 10],3,3,17,0,3
1,<environment.Job instance at 0x7fd3f42121e0>,3,15,[3 5],4,17,32,13,4
1,<environment.Job instance at 0x7fd3b0209500>,4,3,[5 5],5,17,20,12,5
1,<environment.Job instance at 0x7fd3b006a5f0>,5,18,[3 5],6,20,38,14,9
1,<environment.Job instance at 0x7fd3afe76c30>,11,18,[8 3],12,38,56,26,27
1,<environment.Job instance at 0x7fd3afe76550>,13,12,[5 7],14,56,68,42,39
1,<environment.Job instance at 0x7fd3aff0f5a0>,17,15,[6 4],18,68,83,50,54
1,<environment.Job instance at 0x7fd3b04093c0>,20,14,[6 2],21,83,97,62,68
1,<environment.Job instance at 0x7fd3b0409f50>,24,18,[1 6],25,68,86,43,68
1,<environment.Job instance at 0x7fd3fa849d70>,31,18,[3 7],32,86,104,54,82
1,<environment.Job instance at 0x7fd3fa849a50>,34,15,[8 1],35,104,119,69,90
1,<environment.Job instance at 0x7fd3fa849230>,40,15,[5 4],41,119,134,78,105
1,<environment.Job instance at 0x7fd3fa849410>,37,15,[5 2],38,119,134,81,109
1,<environment.Job instance at 0x7fd3fa8498c0>,46,13,[9 1],47,134,147,87,118
1,<environment.Job instance at 0x7fd3f4045c80>,48,12,[5 3],49,147,159,98,134
1,<environment.Job instance at 0x7fd3f4045730>,50,15,[7 1],51,159,174,108,145
1,<environment.Job instance at 0x7fd3f40459b0>,51,16,[1 5],52,145,161,93,145
1,<environment.Job instance at 0x7fd3aff54550>,59,15,[ 5 10],60,174,189,114,168
1,<environment.Job instance at 0x7fd3aff54dc0>,63,15,[5 6],64,189,204,125,178
1,<environment.Job instance at 0x7fd3b073d0a0>,69,17,[6 1],70,204,221,134,192
1,<environment.Job instance at 0x7fd3b0319640>,71,14,[6 3],72,221,235,149,206
1,<environment.Job instance at 0x7fd3fa849b40>,38,15,[3 7],39,214,229,175,214
1,<environment.Job instance at 0x7fd3b0319f50>,76,18,[10  1],77,235,253,158,227
1,<environment.Job instance at 0x7fd3f3c7b500>,0,2,[3 5],1,1,3,0,1
1,<environment.Job instance at 0x7fd3fa7d06e0>,2,3,[5 9],3,3,6,0,3
1,<environment.Job instance at 0x7fd3f42122d0>,3,3,[5 4],4,6,9,2,4
1,<environment.Job instance at 0x7fd3b06a1910>,9,3,[4 5],10,27,30,17,27
1,<environment.Job instance at 0x7fd3b06d0280>,8,14,[6 2],9,36,50,27,36
1,<environment.Job instance at 0x7fd3b06b82d0>,11,3,[7 2],12,50,53,38,36
1,<environment.Job instance at 0x7fd3b06b8140>,16,16,[5 3],17,66,82,49,66
1,<environment.Job instance at 0x7fd3f3ef3320>,18,16,[2 8],19,82,98,63,69
1,<environment.Job instance at 0x7fd3fa99d410>,21,17,[4 8],22,98,115,76,87
1,<environment.Job instance at 0x7fd3fabf69b0>,27,1,[5 5],28,115,116,87,89
1,<environment.Job instance at 0x7fd3fabf6b40>,28,3,[ 3 10],29,116,119,87,90
1,<environment.Job instance at 0x7fd3fa726c30>,31,18,[8 2],32,119,137,87,108
1,<environment.Job instance at 0x7fd3f3d0f550>,32,15,[1 6],33,119,134,86,108
1,<environment.Job instance at 0x7fd3fade1460>,35,16,[ 5 10],36,137,153,101,129
1,<environment.Job instance at 0x7fd3afdf2a00>,38,13,[9 1],39,153,166,114,137
1,<environment.Job instance at 0x7fd3fa74fb90>,44,3,[8 3],45,166,169,121,147
1,<environment.Job instance at 0x7fd3afe8b500>,46,13,[ 2 10],47,169,182,122,155
1,<environment.Job instance at 0x7fd3b0674e60>,47,12,[7 4],48,182,194,134,166
1,<environment.Job instance at 0x7fd3b0674500>,56,1,[3 7],57,194,195,137,191
1,<environment.Job instance at 0x7fd3f3e73410>,59,14,[5 1],60,214,228,154,214
1,<environment.Job instance at 0x7fd3afebd2d0>,66,12,[8 1],67,233,245,166,233
1,<environment.Job instance at 0x7fd3afebd320>,67,17,[ 1 10],68,245,262,177,233
